0	0	0-0-0-0-0-0-0-0-0-0-0-0	0-0-0-0-0-0-0-0-0-0-0-0	0-0-0-0-0-0-0-0-0-0-0-0	0-0-0-0-0-0-0-0-0-0-0-0	0-0-0-0-0-0-0-0-0-0-0-0	0-0-0-0-0-0-0-0-0-0-0-0	0-0-0-0-0-0-0-0-0-0-0-0	0-0-0-0-0-0-0-0-0-0-0-0	0-0-0-0-0-0-0-0-0-0-0-0	0-0-0-0-0-0-0-0-0-0-0-0	0-0-0-0-0-0-0-0-0-0-0-0	0-0-0-0-0-0-0-0-0-0-0-0
0	1	1-1-1-1-1-1-1-1-1-1-1-1	1-0-1-1-0-1-0-0-1-0-1-0	4-0-2-1-1-2-2-0-0-0-3-1	2-0-2-4-2-2-0-1-2-4-2-0	2-0-1-2-0-1-2-2-1-0-1-2	1-2-1-1-0-3-1-2-1-1-7-0	1-1-1-0-0-1-1-2-1-1-2-1	1-1-2-1-1-0-1-2-1-0-2-0	0-0-0-0-2-1-0-0-1-1-1-1	0-1-1-0-2-2-1-1-1-0-0-2	0-1-0-0-1-0-0-0-0-1-1-1	1-1-1-1-0-1-1-0-2-2-2-1
0	2	2-2-2-2-2-2-2-2-2-2-2-2	3-2-2-1-2-2-1-3-2-3-1-2	1-3-1-1-1-5-1-3-3-3-2-3	3-3-1-1-1-1-2-1-1-2-4-0	1-0-1-1-3-1-3-3-3-2-4-1	1-3-4-3-2-1-3-3-2-2-8-2	4-2-2-2-2-2-2-3-2-2-1-3	2-1-3-3-2-2-2-3-5-2-4-0	2-5-2-2-1-2-2-3-1-2-1-2	3-2-2-3-1-1-2-2-3-3-2-1	2-2-2-0-3-2-0-2-2-3-2-2	2-2-3-2-2-2-2-2-1-1-1-2
0	3	3-3-3-3-3-3-3-3-3-3-3-3	2-3-3-1-4-3-1-2-2-2-2-2	1-2-2-2-1-2-4-5-2-2-4-4	2-2-1-1-1-1-4-1-4-3-1-0	1-0-1-1-2-4-2-4-2-2-2-1	2-2-2-2-2-1-4-2-2-3-1-3	2-3-3-2-2-3-2-4-3-3-2-2	3-1-2-2-1-2-3-2-2-4-2-0	3-3-2-2-0-2-2-2-4-3-1-3	2-2-3-3-1-1-4-3-4-2-2-1	5-4-4-0-2-4-0-2-2-2-2-2	4-2-1-2-0-3-2-4-3-3-7-8
0	4	4-4-4-3-4-3-3-4-4-3-4-4	5-5-3-1-3-4-6-5-2-5-5-5	1-5-0-5-1-2-3-5-5-2-5-5	5-2-5-1-2-2-3-1-5-5-2-0	1-0-5-4-2-3-5-4-5-6-2-1	1-2-2-9-4-1-5-5-4-4-4-3	2-5-4-7-2-4-5-5-4-4-1-2	4-1-3-3-5-5-5-2-2-4-2-0	3-2-2-2-6-2-6-2-4-5-6-4	4-2-6-5-1-4-5-4-3-2-4-1	0-2-9-4-4-3-0-5-2-2-4-3	3-2-1-9-0-4-5-3-4-5-5-2
0	5	4-4-4-6-5-4-4-7-5-3-3-4	4-4-3-1-3-4-6-4-5-4-5-6	0-6-6-6-6-2-6-6-6-2-4-6	6-6-7-6-6-6-3-7-4-4-2-6	6-0-7-6-2-3-6-6-4-8-8-6	6-6-6-5-5-9-4-4-4-4-4-6	6-4-4-2-2-4-4-6-4-7-9-6	2-6-2-6-6-6-4-8-2-9-8-4	6-2-8-6-5-2-8-6-5-4-7-7	9-2-7-4-6-4-4-4-6-6-6-5	3-2-4-4-4-7-3-5-2-5-5-2	3-5-5-5-6-5-4-3-3-4-4-3
0	6	6-7-6-6-6-6-6-7-6-3-6-6	7-7-7-5-7-6-5-7-5-4-5-5	1-5-5-5-5-7-5-5-5-7-7-7	6-6-5-5-5-5-6-1-7-6-7-5	5-0-5-5-2-7-7-5-7-6-5-5	5-5-5-5-6-5-7-6-4-6-4-5	5-7-6-6-9-3-4-8-4-4-7-5	4-7-7-7-7-5-8-5-2-6-5-0	5-6-2-5-4-8-4-5-8-4-5-8	7-2-4-8-5-4-5-4-5-5-5-8	6-7-4-8-4-6-0-6-8-2-5-2	4-5-8-5-5-6-7-8-8-4-4-6
0	7	7-6-6-6-6-6-6-6-7-9-6-9	6-6-6-7-6-6-8-6-8-4-8-9	7-7-8-7-7-8-7-8-8-6-6-7	7-7-5-8-5-7-8-5-6-4-6-7	1-7-5-7-8-6-6-6-6-7-7-7	6-7-6-7-7-8-6-2-4-4-1-7	7-6-7-2-7-7-4-6-4-5-6-6	7-6-6-6-6-8-6-5-6-7-7-8	7-8-6-5-1-7-7-7-6-6-5-5	6-6-5-6-7-4-4-4-7-8-7-6	7-6-4-8-7-8-8-7-8-5-5-2	7-6-7-7-7-6-6-8-7-8-3-1
0	8	6-6-9-8-6-9-9-8-8-8-9-6	8-6-6-7-6-6-7-9-7-7-8-7	9-8-8-9-8-9-8-7-7-8-7-8	9-7-6-7-8-7-7-1-8-4-8-7	8-7-8-8-7-8-9-8-8-8-5-5	8-8-8-8-5-7-8-8-4-4-2-9	9-4-6-8-6-8-4-6-8-9-8-8	7-8-8-8-8-7-6-5-9-7-5-7	8-7-9-2-8-6-8-8-6-4-8-6	8-8-8-6-8-4-4-4-7-7-7-6	8-8-6-7-4-7-7-8-7-8-5-8	4-5-6-8-8-6-8-6-6-7-4-3
0	9	9-9-9-9-9-9-8-9-9-9-9-9	8-6-9-7-9-9-7-8-8-9-7-7	8-9-9-8-9-8-8-9-7-9-9-9	9-9-9-9-9-9-7-1-9-9-9-7	8-7-9-9-9-9-8-9-8-9-5-5	9-9-8-9-9-5-9-9-9-9-9-9	8-9-9-9-6-9-9-8-9-8-5-8	9-8-5-9-9-7-6-8-8-5-9-7	8-9-9-9-8-9-9-8-9-4-8-3	5-9-9-9-9-4-9-8-9-9-9-9	7-9-4-7-4-6-7-9-9-9-9-9	9-9-9-4-8-9-9-6-9-9-9-9
1	0	0-0-0-0-0-0-0-0-0-0-0-0	0-0-0-0-0-0-0-0-0-0-0-0	0-0-0-0-0-0-0-0-0-0-0-0	0-0-0-0-0-0-0-0-0-0-0-0	0-0-0-0-0-0-0-0-0-0-0-0	0-0-0-0-0-0-0-0-0-0-0-0	0-0-0-0-0-0-0-0-0-0-0-0	0-0-0-0-0-0-0-0-0-0-0-0	0-0-0-0-0-0-0-0-0-0-0-0	0-0-0-0-0-0-0-0-0-0-0-0	0-0-0-0-0-0-0-0-0-0-0-0	0-0-0-0-0-0-0-0-0-0-0-0
1	1	0-0-0-0-1-0-0-1-0-0-0-0	0-0-0-0-0-0-1-0-1-0-0-0	3-0-0-0-0-1-0-0-0-0-0-0	2-0-2-0-1-2-0-0-0-0-0-0	0-0-1-0-3-0-0-0-0-0-1-0	0-1-0-0-0-0-0-1-1-1-0-0	1-0-0-0-0-0-0-0-0-0-0-0	0-0-0-1-0-3-0-0-1-1-0-0	1-1-0-0-0-0-1-1-0-1-1-1	0-0-1-1-0-1-0-0-1-3-1-0	0-1-0-0-1-1-1-1-1-1-1-0	1-1-1-1-1-0-0-0-0-1-1-0
1	2	3-3-2-3-3-2-3-3-3-3-3-3	3-3-2-0-3-3-4-2-3-2-3-3	2-2-3-3-3-3-3-3-3-3-4-2	3-3-3-3-2-3-3-4-3-3-3-3	4-0-2-3-1-2-3-2-3-3-6-0	5-1-3-2-2-3-2-4-3-2-2-3	3-2-2-2-3-3-2-3-3-2-2-2	2-2-3-1-2-5-3-3-3-3-11-3	2-9-2-2-4-4-14-1-3-2-2-3	3-3-3-3-3-2-2-3-3-5-3-2	2-3-4-5-3-3-11-2-2-3-3-2	3-2-2-4-8-9-2-4-2-3-3-3
1	3	2-2-2-2-2-2-2-2-2-2-2-2	2-2-2-6-2-2-2-3-2-2-4-2	1-3-2-2-5-2-4-4-2-2-2-4	4-2-2-2-4-4-2-5-4-2-4-2	5-0-7-5-1-4-4-4-2-2-2-6	4-2-2-2-2-6-4-3-2-2-4-2	2-2-2-1-2-2-2-2-2-2-4-3	2-3-4-3-3-1-2-2-2-2-2-2	2-1-2-2-12-2-1-4-2-2-4-2	2-2-2-2-2-4-2-2-2-1-2-4	2-2-2-0-2-2-0-2-0-2-2-2	2-3-3-1-2-2-3-2-2-2-2-2
1	4	2-2-2-2-2-2-2-2-2-2-2-2	2-2-2-3-2-2-5-5-4-5-3-5	7-5-2-2-3-9-3-5-2-6-2-3	3-5-2-3-3-3-2-2-3-2-3-2	3-4-3-3-5-3-5-3-4-2-3-3	3-6-6-9-2-3-5-2-5-4-9-4	7-4-2-4-5-2-5-5-4-2-4-9	2-3-3-5-4-2-4-5-7-7-6-2	2-1-4-4-2-2-9-3-2-4-3-2	5-2-2-2-3-3-4-4-2-1-2-3	9-9-2-0-4-2-2-8-7-7-5-4	2-4-4-2-2-2-6-2-2-2-2-2
1	5	2-5-5-5-2-2-6-2-2-2-2-2	2-9-6-3-2-2-4-6-2-4-3-6	1-4-3-6-3-4-6-7-2-7-6-6	4-4-4-4-3-3-6-3-6-6-7-2	3-8-1-3-4-7-4-3-4-2-7-3	2-5-4-2-2-2-6-6-4-5-5-5	4-5-2-4-4-7-6-4-5-2-4-4	2-3-3-4-4-2-5-4-6-6-4-2	5-1-4-4-5-2-4-4-2-4-6-2	4-2-2-7-9-3-6-4-2-2-2-3	2-4-2-2-6-2-2-2-4-6-4-6	2-4-1-2-2-2-3-2-12-2-2-2
1	6	6-2-6-6-2-6-6-2-8-6-2-6	2-7-5-3-2-2-2-8-2-4-3-5	7-6-3-5-7-4-5-6-7-4-7-5	4-5-7-7-3-4-8-3-7-5-5-2	3-8-1-3-4-5-6-6-7-2-2-3	3-4-4-2-6-3-7-5-6-6-7-4	4-4-2-1-4-6-7-5-6-6-4-4	2-3-3-5-4-2-8-4-5-5-4-2	7-1-5-4-6-4-2-3-12-10-5-7	2-2-6-5-6-6-5-7-6-2-8-3	4-4-7-10-5-2-0-9-9-5-4-5	2-4-1-2-2-2-4-2-5-2-11-7
1	7	6-5-6-8-7-8-6-2-6-7-2-8	2-6-5-3-6-2-2-6-11-9-7-8	4-7-8-8-6-5-8-5-6-5-6-7	8-5-6-8-3-4-8-3-9-5-5-8	7-0-3-10-4-5-8-6-6-7-8-3	4-4-8-2-6-2-6-7-6-7-6-8	4-4-2-4-4-6-6-9-5-6-4-4	2-3-3-4-7-1-6-4-4-9-4-2	6-1-4-4-6-7-1-8-9-8-7-9	2-2-7-5-9-9-7-6-2-2-2-3	4-10-6-0-6-8-8-4-4-4-9-4	7-7-7-8-2-2-7-2-5-7-6-6
1	8	8-13-8-9-10-8-6-8-6-10-8-7	2-6-5-3-2-7-11-6-7-7-10-7	4-9-10-10-9-7-7-10-10-10-8-9	7-10-8-7-10-11-6-7-7-10-5-7	7-6-3-9-4-5-7-6-9-11-7-8	4-5-9-10-8-2-6-7-8-8-6-8	4-8-8-4-4-8-6-5-8-10-8-4	2-8-9-4-7-10-6-4-4-8-9-2	8-1-4-4-6-7-2-7-7-7-8-7	8-2-7-7-9-7-6-13-8-1-6-3	4-4-10-0-6-7-8-4-4-7-7-4	7-4-7-7-2-2-9-7-5-2-6-2
1	9	9-10-10-8-9-8-13-14-5-9-10-6	2-5-5-12-8-2-8-8-7-7-10-12	10-8-11-8-8-4-10-11-8-8-10-8	10-10-10-8-12-9-5-12-7-5-5-12	11-12-12-8-4-5-10-10-8-8-11-9	10-11-8-12-8-10-5-2-6-8-4-11	12-8-8-13-10-9-6-10-8-9-10-4	7-9-14-10-10-9-6-9-4-8-9-2	9-2-4-10-9-7-4-10-7-8-9-7	8-10-7-6-10-7-10-6-10-1-9-10	11-4-6-6-8-9-2-13-10-9-7-4	9-10-9-10-12-2-8-2-5-9-2-8
1	10	10-10-10-10-10-10-10-10-10-9-11-10	11-13-10-9-11-8-8-11-7-10-9-11	9-10-9-8-7-10-11-8-11-12-11-8	9-10-11-8-8-8-13-9-11-13-11-9	9-9-9-7-4-12-9-9-10-8-9-9	9-9-12-8-10-9-11-10-10-10-2-10	9-12-10-2-9-10-7-9-8-13-9-4	2-9-14-11-9-9-13-9-4-10-9-2	9-1-11-9-6-7-2-9-9-6-10-11	8-9-10-10-9-9-9-6-9-2-9-9	9-7-6-13-13-9-0-14-9-11-7-9	10-9-7-11-9-2-11-2-9-13-2-11
1	11	11-11-11-11-10-10-11-11-11-11-11-12	12-13-10-9-10-13-8-10-7-11-9-12	9-11-9-8-12-10-12-13-10-10-12-12	9-12-12-13-9-8-10-9-12-12-10-9	9-9-9-12-9-10-12-11-12-8-9-9	9-9-10-8-11-9-12-12-11-11-7-9	9-10-11-4-12-9-12-12-8-11-9-11	2-9-8-10-10-12-10-11-9-11-2-2	9-1-10-10-13-7-1-9-10-11-12-10	2-9-11-12-9-7-10-12-10-2-9-10	9-7-11-10-2-2-2-11-9-10-7-4	12-9-7-10-2-2-10-2-2-9-6-10
1	12	10-12-14-14-11-11-11-11-14-14-11-14	11-10-11-9-12-13-13-13-13-13-13-13	13-12-13-14-11-13-11-13-13-10-11-11	13-13-11-12-9-9-12-9-11-11-11-9	9-13-9-11-13-10-13-11-11-12-12-9	12-9-10-9-12-12-11-11-11-11-3-9	9-10-11-12-13-12-11-11-11-10-9-13	2-10-13-10-11-13-10-13-13-12-13-13	12-12-13-10-9-7-13-12-7-12-11-7	14-9-12-11-13-7-11-7-13-13-13-9	12-2-11-10-6-14-12-11-13-12-7-12	11-12-12-12-12-2-8-12-5-12-2-10
1	13	11-10-14-14-12-14-13-14-14-14-14-10	12-10-11-14-10-12-12-12-12-12-12-12	12-13-13-14-13-12-13-12-12-13-13-13	12-12-12-14-13-13-10-9-11-10-13-12	13-12-9-8-12-13-12-13-11-8-12-9	12-12-13-13-11-12-13-13-10-11-4-12	14-10-11-12-12-9-11-12-8-10-13-12	2-13-14-13-13-12-10-12-12-12-13-12	12-12-12-13-14-7-12-12-7-13-13-7	13-13-11-12-13-13-13-8-12-12-12-10	12-13-12-10-10-12-12-12-12-13-7-12	2-13-7-13-9-2-8-2-5-10-2-10
1	14	14-14-13-14-14-14-12-14-14-14-14-14	11-11-14-13-14-12-14-12-12-14-12-13	11-13-14-13-14-14-13-14-13-14-14-14	13-14-14-14-14-14-12-9-14-14-14-12	13-12-9-14-14-14-13-14-11-14-9-9	14-14-14-14-14-9-14-14-14-14-14-13	13-14-14-14-12-14-7-14-14-9-12-11	14-13-13-14-14-12-10-9-9-14-12-14	12-12-12-14-13-14-14-12-14-2-9-7	12-14-14-14-14-7-14-13-12-14-14-14	12-2-14-10-8-12-12-11-14-14-7-14	14-13-14-12-12-14-14-12-14-14-14-14
2	0	0-0-0-0-0-0-0-0-0-0-0-0	0-0-0-0-0-0-0-0-0-0-0-0	0-0-0-0-0-0-0-0-0-0-0-0	0-0-0-0-0-0-0-0-0-0-0-0	0-0-0-0-0-0-0-0-0-0-0-0	0-0-0-0-0-0-0-0-0-0-0-0	0-0-0-0-0-0-0-0-0-0-0-0	0-0-0-0-0-0-0-0-0-0-0-0	0-0-0-0-0-0-0-0-0-0-0-0	0-0-0-0-0-0-0-0-0-0-0-0	0-0-0-0-0-0-0-0-0-0-0-0	0-0-0-0-0-0-0-0-0-0-0-0
2	1	1-1-1-1-1-1-1-1-1-1-1-1	1-1-1-1-1-1-0-0-0-0-1-2	0-2-2-2-2-0-2-2-0-1-0-2	2-0-0-4-2-2-0-2-1-0-2-3	2-0-1-2-2-1-2-2-1-0-0-1	1-2-1-1-1-1-1-2-1-1-3-1	2-1-1-1-1-1-1-0-1-1-5-1	1-1-2-1-1-1-1-1-1-1-2-0	1-0-0-1-2-0-0-1-1-1-2-1	2-1-1-8-2-2-1-1-1-0-3-1	0-1-1-0-2-1-0-0-0-1-1-1	1-1-1-1-2-1-1-0-1-2-2-1
2	2	2-2-1-2-2-2-2-2-2-2-2-2	3-2-2-1-2-3-3-2-2-3-2-1	0-3-1-1-1-3-1-1-0-1-3-1	1-3-3-1-1-1-2-1-1-2-1-1	1-2-1-1-3-1-3-3-2-2-4-4	1-3-4-6-2-1-3-1-2-2-1-2	1-2-3-2-3-2-2-3-2-2-1-5	2-1-1-3-1-2-2-6-5-2-4-2	2-0-2-2-1-4-2-3-1-2-1-2	1-1-2-2-1-1-3-2-1-5-1-1	2-3-2-0-2-2-0-2-5-3-3-2	4-2-1-3-1-2-1-2-1-3-1-1
2	3	3-3-3-3-3-3-3-3-3-3-3-3	2-3-3-1-2-3-2-4-2-2-4-4	1-2-1-1-1-2-4-5-4-5-4-4	2-2-2-2-1-1-4-1-4-4-5-1	1-5-1-1-2-5-2-2-2-6-5-2	1-2-2-1-2-1-4-4-2-3-1-3	1-3-4-3-2-3-2-2-3-3-1-2	4-1-1-2-3-3-3-2-4-3-2-3	3-0-2-2-3-2-0-2-1-3-4-2	2-1-3-5-1-3-4-2-1-2-1-1	0-2-7-3-4-2-7-7-2-4-2-4	2-2-1-2-1-3-1-3-3-2-3-3
2	4	4-4-4-4-4-4-4-4-5-4-4-4	5-5-3-1-8-5-0-3-2-2-5-3	0-4-4-3-5-2-3-6-5-2-5-3	2-2-5-5-2-2-4-1-5-3-3-1	1-3-1-4-2-3-4-6-5-2-2-2	1-2-2-1-4-1-5-3-4-4-6-2	1-1-3-3-2-4-5-5-4-4-1-2	3-2-1-3-1-3-7-4-3-3-2-3	5-0-3-2-4-2-4-2-4-4-3-2	5-1-4-7-1-4-3-5-1-9-6-1	2-3-5-5-3-3-0-3-7-3-2-3	2-2-1-2-6-4-1-0-3-9-5-5
2	5	4-3-4-5-5-5-4-5-4-5-5-6	6-4-3-1-7-5-0-5-6-7-5-6	2-5-6-1-6-6-6-6-4-3-4-5	6-2-4-6-1-1-6-6-6-3-3-1	6-3-1-8-2-3-6-4-4-5-3-7	2-2-6-1-4-1-4-6-4-5-4-6	1-1-3-6-2-3-4-4-4-4-1-2	3-5-2-2-6-3-4-2-2-4-6-5	4-0-2-5-0-6-0-6-7-6-5-5	4-2-5-3-7-7-5-4-1-2-1-1	5-7-4-4-4-6-6-2-2-2-7-2	5-7-5-6-5-5-5-6-3-5-4-4
2	6	6-6-7-6-6-6-4-6-4-8-6-5	5-4-3-5-4-5-8-7-5-5-7-5	0-6-8-7-7-5-7-7-7-8-7-7	5-8-7-5-8-8-5-5-5-7-3-5	5-3-3-7-2-3-5-4-7-7-5-6	5-3-5-7-6-1-4-5-6-6-4-5	7-7-8-2-2-6-4-4-6-4-6-7	3-6-8-2-5-8-4-2-2-6-5-3	2-0-2-2-2-5-2-5-5-5-6-5	8-2-6-5-7-5-4-6-6-2-4-1	5-5-4-4-7-5-5-2-2-5-5-2	5-2-5-5-5-5-7-5-3-5-4-6
2	7	6-7-6-6-7-8-7-7-7-7-7-4	7-4-3-1-5-8-9-6-8-5-6-5	8-8-8-6-6-2-6-6-6-6-8-6	8-8-6-6-6-8-8-6-5-4-3-1	8-3-8-6-2-3-8-8-6-6-8-8	8-8-8-6-6-8-8-8-8-6-10-8	6-6-3-7-2-7-4-8-6-7-8-6	6-8-2-8-5-7-4-8-2-6-7-3	2-0-2-8-7-5-8-8-5-5-7-5	6-8-7-4-6-5-4-8-7-8-7-1	5-5-5-7-5-8-3-3-2-8-5-7	5-5-7-7-7-5-6-6-3-7-4-4
2	8	8-8-8-8-8-8-8-8-8-8-8-8	8-9-8-7-4-8-7-6-7-2-7-9	7-9-6-6-9-9-5-6-6-6-7-9	7-7-7-6-6-7-7-6-9-9-9-1	7-2-7-5-9-9-7-7-9-7-7-7	7-7-7-6-8-7-9-8-9-8-4-7	1-9-6-8-16-8-12-7-6-6-7-6	8-7-6-7-9-7-8-7-2-9-7-8	8-8-2-7-4-5-9-7-5-6-7-8	6-7-8-9-7-5-7-7-7-7-7-9	8-5-8-11-6-9-0-8-8-7-5-7	5-5-5-7-7-8-6-0-14-9-4-4
2	9	10-9-10-11-9-10-10-10-10-10-10-10	10-8-8-11-10-10-10-10-10-10-10-10	9-8-10-9-8-10-9-10-9-6-9-9	10-9-10-9-9-10-9-9-8-9-8-9	8-10-10-9-9-8-9-9-8-9-9-9	9-10-8-9-8-11-8-8-8-8-11-12	15-8-9-10-9-9-8-10-6-9-15-9	9-7-10-8-9-10-8-4-8-8-10-14	9-10-9-7-11-15-9-10-5-9-9-5	10-9-7-8-9-10-9-11-10-10-11-1	10-1-8-9-14-14-13-9-10-9-5-7	5-5-9-9-9-13-6-9-9-10-13-9
2	10	11-11-11-11-11-12-11-11-13-12-11-11	11-12-11-11-12-11-11-11-12-11-11-11	9-11-11-11-11-12-11-11-11-11-10-11	11-9-12-11-12-11-11-11-11-12-10-9	12-9-12-13-12-10-11-10-10-12-12-9	13-12-14-12-12-11-10-12-12-10-12-10	15-12-11-13-9-10-12-9-10-15-12-12	9-7-11-11-12-9-8-16-2-12-9-9	10-11-12-10-10-14-9-11-13-12-11-14	9-9-7-12-13-11-13-9-9-9-9-11	11-12-10-11-9-11-9-9-9-14-14-10	12-10-9-10-11-12-12-11-12-9-11-9
2	11	10-10-10-10-10-10-10-10-10-10-10-10	10-12-10-10-10-10-10-10-10-10-10-10	10-10-10-10-10-10-10-10-10-10-12-10	10-10-10-10-10-10-10-10-10-10-10-10	11-9-1-10-10-10-10-11-12-10-10-7	10-10-10-9-10-9-12-11-11-8-9-10	1-10-10-10-10-11-12-10-14-10-7-10	10-7-10-10-10-10-9-11-2-10-7-9	10-10-10-10-10-10-9-10-10-10-10-10	10-9-11-10-10-10-10-9-10-10-9-10	10-10-10-10-10-10-9-9-9-10-10-10	10-10-10-7-10-10-10-10-14-10-10-9
2	12	10-10-10-10-10-10-10-10-10-10-10-10	10-11-10-12-10-10-10-13-10-10-10-13	13-12-13-10-12-10-13-14-13-10-11-12	13-12-10-10-10-12-10-15-10-10-12-15	10-13-10-10-14-10-13-13-11-10-10-12	10-15-10-10-10-14-11-10-10-10-10-10	10-10-10-10-13-12-11-9-6-10-14-10	10-7-14-10-10-13-8-10-2-14-12-9	14-14-14-7-10-10-12-14-5-10-10-10	13-9-7-10-10-10-10-11-14-14-14-10	14-10-10-15-9-14-14-9-14-10-10-12	10-5-12-12-12-10-10-16-10-14-4-10
2	13	10-10-10-10-10-14-10-10-10-10-10-10	10-10-10-12-10-10-10-12-10-10-10-12	12-12-12-10-10-10-12-12-12-12-14-12	12-12-13-13-10-12-10-10-15-15-13-1	10-12-10-10-12-10-12-12-14-10-10-10	10-12-7-10-10-12-14-10-15-10-5-13	10-10-10-13-12-12-14-9-10-10-12-13	10-8-12-10-10-12-8-13-2-10-12-9	10-12-12-13-10-10-9-12-10-10-10-10	12-9-11-10-10-10-10-11-12-12-12-10	12-10-10-12-9-10-9-12-12-10-10-12	13-10-12-7-12-9-10-12-10-10-10-9
2	14	10-10-10-10-10-13-10-10-10-10-10-10	10-10-10-15-10-10-10-14-9-10-16-16	12-14-12-15-10-10-13-12-13-13-13-12	15-12-10-10-14-15-10-14-14-10-13-14	15-9-15-15-12-13-13-12-13-10-14-14	10-13-10-14-15-12-13-11-11-10-2-15	14-10-10-14-15-12-11-10-6-10-12-12	10-14-12-14-14-12-8-14-16-12-12-9	12-12-12-15-14-10-12-14-10-10-14-10	12-9-7-13-10-14-10-11-12-12-12-14	12-10-10-12-9-12-12-12-12-10-10-14	10-5-12-7-12-10-10-12-8-12-4-10
2	15	10-10-16-10-10-16-10-16-10-16-10-16	10-10-10-14-10-16-14-15-16-10-16-16	15-16-12-14-12-16-15-15-16-13-13-15	16-15-16-16-14-14-10-14-13-13-13-15	10-9-14-14-15-13-16-15-13-15-15-14	15-12-14-15-14-16-13-10-13-10-10-14	10-10-15-16-14-12-10-9-10-10-16-10	10-14-12-14-14-16-8-14-14-10-9-15	10-12-12-14-10-10-12-14-10-10-14-10	10-9-7-13-10-14-10-15-15-10-12-14	16-10-10-12-15-11-16-15-12-10-10-14	16-10-15-15-12-10-10-12-10-12-10-10
2	16	16-16-15-16-16-15-15-16-16-15-16-16	10-15-16-14-10-15-14-15-15-16-15-15	15-15-16-14-16-15-16-16-15-16-16-16	15-16-15-15-16-16-10-16-16-16-16-12	10-9-16-16-16-16-15-16-13-16-10-15	16-16-16-15-16-12-16-16-16-16-16-16	14-16-16-16-8-16-10-15-16-16-15-10	16-16-10-15-16-15-16-14-14-10-15-9	15-16-16-16-10-10-16-14-16-10-14-10	12-15-16-16-16-5-16-15-16-16-15-16	15-16-16-12-6-10-15-9-16-16-10-16	15-16-16-10-15-16-16-12-16-16-16-16
3	0	0-0-0-0-0-0-0-0-0-0-0-0	0-0-0-0-0-0-0-0-0-0-0-0	0-0-0-0-0-0-0-0-0-0-0-0	0-0-0-0-0-0-0-0-0-0-0-0	0-0-0-0-0-0-0-0-0-0-0-0	0-0-0-0-0-0-0-0-0-0-0-0	0-0-0-0-0-0-0-0-0-0-0-0	0-0-0-0-0-0-0-0-0-0-0-0	0-0-0-0-0-0-0-0-0-0-0-0	0-0-0-0-0-0-0-0-0-0-0-0	0-0-0-0-0-0-0-0-0-0-0-0	0-0-0-0-0-0-0-0-0-0-0-0
3	1	1-1-1-1-1-1-1-1-1-1-1-1	1-0-1-1-1-1-0-0-1-1-2-1	0-2-0-1-2-0-2-0-0-2-2-1	2-0-0-2-2-2-0-2-2-0-2-0	2-0-2-2-0-1-2-2-1-1-3-4	2-2-2-1-1-2-1-2-1-1-7-0	1-1-1-0-1-1-1-2-1-1-2-1	1-1-2-1-1-0-1-2-1-1-0-0	1-0-1-0-2-1-0-2-1-1-2-1	0-1-1-2-2-2-1-1-1-0-0-4	0-1-0-0-0-0-0-0-0-1-1-0	0-1-1-0-0-1-1-0-0-0-0-1
3	2	2-2-2-2-2-2-2-2-2-2-2-2	2-2-2-1-2-2-2-2-3-3-1-2	0-3-1-1-1-5-3-1-3-3-3-1	1-3-2-1-1-1-2-1-1-2-1-0	1-2-1-1-4-1-3-1-2-2-4-1	1-3-4-4-2-1-3-3-2-2-1-2	2-2-2-2-3-2-2-3-2-2-3-3	7-1-3-3-2-2-2-3-2-3-2-2	2-2-2-3-1-2-2-2-2-2-1-2	2-2-2-1-1-1-1-2-1-2-2-1	4-2-2-0-2-2-0-2-2-4-2-2	2-2-2-3-2-2-4-2-2-0-1-2
3	3	3-3-3-3-3-3-3-3-3-3-3-3	2-3-3-1-2-4-2-4-2-2-1-1	1-2-4-1-1-2-4-4-4-2-4-3	2-2-4-1-1-1-3-1-1-3-1-0	1-0-1-1-2-4-2-2-2-2-1-1	1-2-2-0-3-1-4-4-3-3-3-2	2-2-3-2-2-3-5-5-3-3-2-2	4-1-2-2-2-0-3-2-2-3-2-0	3-2-2-4-3-2-2-2-4-2-1-2	4-2-3-3-1-2-1-3-4-2-4-1	3-2-4-0-2-3-4-2-2-2-2-2	3-2-2-2-4-4-1-4-3-4-5-3
3	4	3-4-4-4-4-4-4-5-4-4-5-4	5-5-5-1-3-3-6-3-5-2-1-2	1-4-3-5-1-2-3-5-5-5-5-4	5-2-5-1-1-2-6-1-5-4-5-0	1-0-8-6-2-3-5-4-5-2-2-1	1-4-2-6-4-1-5-5-4-4-8-2	2-1-3-3-2-4-3-3-3-4-3-5	4-3-2-2-2-0-5-2-2-4-2-5	4-2-3-3-4-2-3-2-5-4-5-3	3-2-4-3-1-5-7-11-3-2-4-1	2-3-3-4-5-5-3-2-2-2-2-2	3-2-2-4-3-3-2-3-4-3-5-6
3	5	6-4-4-4-5-4-4-4-5-4-4-4	4-4-4-1-8-3-6-6-4-2-6-6	6-6-6-6-6-6-6-6-4-4-4-6	6-6-6-6-6-6-4-7-4-6-4-6	5-5-6-6-2-3-6-6-4-6-6-6	6-6-2-5-5-6-4-4-4-3-6-6	2-1-4-6-2-4-3-6-3-5-6-4	4-6-2-6-2-5-4-5-2-1-6-6	6-2-5-6-5-5-6-6-4-5-7-5	4-6-7-5-6-4-6-4-6-7-5-4	2-2-5-6-4-4-5-5-6-5-5-2	5-5-5-5-6-5-2-9-4-6-3-3
3	6	6-6-6-6-6-6-7-6-6-6-6-6	6-7-8-1-6-6-6-5-5-2-5-5	5-5-5-5-5-5-5-5-4-8-7-5	5-5-5-5-5-5-4-1-7-7-7-5	5-5-5-5-2-7-7-5-7-5-5-5	5-5-7-6-6-5-7-6-4-6-5-5	8-1-6-5-12-6-7-5-3-6-5-6	6-7-10-7-6-7-11-8-2-6-5-5	5-6-10-5-6-6-6-5-6-5-5-9	6-5-5-9-5-2-5-4-5-5-5-4	6-12-5-4-7-4-0-5-5-5-5-6	9-5-5-5-5-6-6-8-4-5-11-4
3	7	7-6-6-6-7-6-6-8-6-8-7-6	8-6-6-7-6-6-8-7-8-6-9-8	8-8-8-7-7-7-8-8-8-8-6-6	7-8-5-5-5-5-8-5-6-6-6-7	1-9-9-7-8-6-8-6-6-7-7-7	9-7-6-7-7-12-6-7-6-4-1-5	7-7-7-6-7-6-6-8-8-5-7-8	8-6-9-6-6-8-6-5-2-7-7-8	10-10-6-7-8-7-7-7-6-2-5-6	6-6-5-7-8-9-8-4-8-8-8-1	8-6-7-8-6-11-8-7-8-5-6-6	7-2-7-5-7-6-6-7-9-8-6-6
3	8	7-8-8-9-6-6-8-7-8-8-8-9	10-6-6-10-6-6-7-9-7-6-9-7	7-7-7-9-9-9-9-9-10-9-9-9	9-7-9-7-9-9-7-1-9-6-8-7	9-7-9-9-7-8-9-9-6-7-9-9	8-10-9-8-7-10-6-8-8-6-4-6	9-9-8-9-7-6-8-9-7-6-9-9	7-8-9-9-9-7-6-6-8-7-10-7	7-7-8-9-7-8-9-9-6-4-8-6	9-9-5-7-7-8-9-8-7-7-7-8	7-6-8-7-10-9-7-10-10-9-6-6	6-9-7-9-8-6-8-6-7-7-6-8
3	9	9-9-9-9-9-9-9-9-7-9-9-9	9-11-10-8-6-12-7-10-11-10-8-7	7-8-8-8-8-8-8-8-7-10-10-10	8-8-8-7-8-8-9-1-8-9-11-7	8-7-8-8-7-10-10-8-9-9-8-8	8-8-8-8-9-8-10-9-9-9-7-9	8-8-9-8-10-9-9-8-9-9-8-8	9-9-8-8-8-7-6-6-9-7-8-7	7-7-8-8-9-9-8-8-9-10-8-6	8-8-6-6-10-8-8-4-8-7-7-10	7-8-10-9-6-7-7-8-7-8-8-6	6-8-7-8-8-6-8-9-7-7-9-6
3	10	10-10-12-8-11-9-9-12-10-12-9-9	8-6-9-8-10-12-7-11-12-9-8-12	8-8-8-11-11-8-11-8-8-9-9-11	8-11-11-11-8-8-9-1-11-11-9-7	8-7-7-11-7-9-9-9-11-9-11-11	11-10-9-12-9-8-11-8-9-9-10-9	8-11-9-9-9-9-10-11-10-10-8-11	9-9-8-9-8-10-6-5-9-7-8-7	7-7-6-8-9-10-8-11-9-9-8-11	6-8-6-11-11-8-11-4-7-7-9-9	7-6-9-10-11-10-7-8-8-8-10-6	6-10-7-5-8-6-8-6-9-11-6-10
3	11	10-9-12-9-10-12-9-12-12-9-12-12	11-9-9-11-11-9-11-10-9-10-12-11	11-11-12-11-10-8-12-12-10-10-10-10	11-10-10-10-8-11-9-12-10-10-9-11	8-11-12-10-11-9-10-8-10-11-10-10	10-11-8-8-11-12-10-11-11-9-10-11	11-10-6-11-11-11-9-10-11-12-11-11	9-9-10-11-8-11-6-11-11-7-11-7	11-7-5-11-8-11-11-10-4-5-8-10	11-8-11-10-10-8-10-4-11-7-11-9	11-2-10-10-10-7-7-11-11-8-10-11	11-10-11-11-11-11-8-11-9-10-6-4
3	12	12-12-12-12-12-12-12-12-12-12-12-12	11-9-12-11-12-9-10-8-12-12-11-10	11-12-11-12-12-12-11-11-10-12-12-10	11-12-11-12-12-12-11-12-12-12-12-11	8-11-11-12-12-12-11-12-10-12-10-5	12-12-12-10-12-11-12-12-12-12-12-12	8-12-12-12-6-12-9-10-12-12-9-12	12-12-1-12-12-7-6-11-11-11-10-7	11-12-12-12-8-12-12-4-12-2-8-6	11-12-12-12-12-8-12-11-11-12-12-12	6-6-12-9-2-4-7-12-12-12-12-12	12-12-12-11-6-12-12-12-12-12-12-4
4	0	0-0-0-0-0-0-0-0-0-0-0-0	0-0-0-0-0-0-0-0-0-0-0-0	0-0-0-0-0-0-0-0-0-0-0-0	0-0-0-0-0-0-0-0-0-0-0-0	0-0-0-0-0-0-0-0-0-0-0-0	0-0-0-0-0-0-0-0-0-0-0-0	0-0-0-0-0-0-0-0-0-0-0-0	0-0-0-0-0-0-0-0-0-0-0-0	0-0-0-0-0-0-0-0-0-0-0-0	0-0-0-0-0-0-0-0-0-0-0-0	0-0-0-0-0-0-0-0-0-0-0-0	0-0-0-0-0-0-0-0-0-0-0-0
4	1	1-1-1-1-1-1-1-1-1-1-1-1	1-1-1-1-1-1-1-0-1-1-1-0	2-1-2-1-0-0-2-0-0-0-0-0	0-2-0-0-0-0-0-0-0-0-1-2	0-9-2-0-0-0-2-2-0-0-0-0	0-1-0-0-0-8-0-0-1-1-10-2	1-0-1-1-0-1-1-2-0-0-9-0	1-0-0-0-1-2-1-0-1-1-9-0	1-2-2-0-1-1-10-2-1-1-1-1	0-1-1-2-1-0-1-0-1-2-2-1	1-1-1-3-1-1-1-1-1-1-1-1	0-1-1-1-1-1-1-1-1-1-1-1
4	2	2-2-2-2-2-2-2-2-2-2-2-2	2-2-2-4-2-3-1-2-2-2-3-3	1-2-1-3-3-2-3-3-0-2-3-3	3-1-1-3-3-3-0-3-3-2-3-1	3-1-1-4-2-2-3-3-2-2-4-0	3-1-3-6-2-3-3-2-2-2-0-1	2-4-2-1-2-1-1-3-2-2-3-2	2-2-2-2-2-1-2-2-2-2-2-1	1-1-2-2-3-2-0-3-1-1-2-2	2-2-2-3-3-3-2-2-5-1-1-2	3-2-2-0-2-1-1-2-1-2-2-2	0-2-1-2-1-2-2-0-0-2-3-2
4	3	3-3-2-3-3-3-3-3-3-3-3-3	4-3-2-2-3-2-4-2-3-4-2-2	6-2-5-2-2-8-2-4-0-2-3-2	2-4-4-2-2-5-3-2-2-3-2-1	2-1-3-2-4-2-4-2-3-3-5-5	8-4-5-4-3-2-4-5-3-3-12-3	9-2-3-3-4-1-3-4-3-8-2-6	2-3-2-4-3-3-3-7-6-3-3-3	3-6-3-4-2-3-3-4-3-3-2-3	3-3-3-2-2-2-3-3-2-3-3-2	3-3-3-1-3-3-1-3-6-4-3-3	4-3-1-4-3-3-3-3-3-3-2-3
4	4	4-4-4-4-3-4-4-4-4-4-5-4	3-4-5-2-3-4-3-5-3-3-2-5	3-3-3-5-5-3-5-6-6-6-5-5	3-3-3-2-2-3-5-2-5-5-6-1	2-1-3-2-3-6-3-3-3-7-6-3	3-3-3-3-3-2-5-3-3-4-4-4	3-2-5-3-3-4-5-5-4-4-3-3	5-2-2-3-3-3-3-3-5-5-3-3	4-3-3-3-4-3-4-3-5-3-5-3	3-2-4-6-2-2-5-3-2-3-5-2	3-3-8-4-5-5-1-3-3-5-3-5	3-3-1-3-1-4-2-4-8-1-4-3
4	5	5-5-5-5-5-5-5-4-7-5-5-5	4-4-4-2-8-6-1-4-3-3-2-4	3-5-5-4-6-3-4-7-6-3-6-4	3-7-6-6-2-3-5-2-6-4-4-1	2-1-1-5-3-4-5-5-6-3-3-3	2-3-3-3-5-2-6-3-5-5-6-3	3-2-4-0-3-5-6-4-5-5-2-3	4-6-2-4-3-1-8-5-4-4-3-3	6-3-4-3-5-3-1-3-4-5-4-6	10-2-5-4-2-5-4-8-2-1-7-2	3-3-6-9-4-4-1-3-1-4-3-4	9-3-11-3-1-5-2-4-4-5-6-6
4	6	5-4-5-6-5-6-5-8-5-6-6-6	8-4-4-2-6-6-4-6-8-8-6-7	3-6-7-2-5-10-7-7-5-4-5-6	7-7-5-7-2-3-7-7-8-4-4-7	7-1-3-7-3-4-7-5-8-6-4-0	3-3-3-2-5-2-5-7-5-6-5-7	3-2-4-0-3-5-5-5-5-5-7-3	4-5-2-3-6-1-5-3-3-5-3-3	5-3-3-6-5-8-3-7-6-8-2-6	3-3-6-4-2-15-5-3-2-3-1-2	6-3-5-5-5-7-7-3-3-3-8-3	6-8-6-6-6-6-6-6-4-7-5-5
4	7	9-8-5-7-8-7-5-7-5-8-8-6	6-4-4-2-5-6-8-8-6-6-8-6	3-8-9-9-6-6-6-6-8-9-6-8	6-5-6-6-9-9-6-6-6-9-4-6	6-3-3-8-3-4-6-5-6-8-6-7	3-3-6-8-7-2-5-6-7-7-5-7	3-2-7-3-3-7-5-4-7-10-7-3	4-7-2-3-3-1-5-3-3-7-8-3	8-3-3-3-8-6-1-6-6-8-2-6	8-2-7-6-8-15-5-13-7-3-8-2	6-3-8-5-5-6-7-3-3-2-6-3	6-3-6-6-6-6-8-6-4-6-5-5
4	8	7-7-8-8-9-8-8-9-5-7-7-9	6-4-4-2-5-6-7-7-6-6-9-9	9-7-9-9-7-3-6-9-7-7-9-7	9-3-9-7-10-10-5-10-6-4-3-8	10-1-8-9-3-4-9-9-6-7-8-9	3-9-9-7-8-9-4-8-7-7-3-10	3-2-7-3-3-8-5-9-7-8-8-3	6-8-8-9-3-8-5-8-3-9-7-3	8-3-3-9-8-6-3-9-6-7-10-6	9-3-6-4-8-9-9-5-8-1-8-8	3-3-4-5-5-8-1-3-1-8-6-8	6-6-8-9-7-6-7-6-4-8-5-5
4	9	9-9-9-9-9-9-9-8-9-9-9-10	10-10-10-2-9-9-7-7-8-10-8-10	8-8-8-8-8-9-10-8-7-7-10-8	8-9-8-7-8-8-9-8-10-10-9-1	9-1-11-8-3-10-10-8-10-9-8-8	3-8-10-7-9-8-10-9-9-9-9-9	3-14-9-1-15-9-6-10-7-9-1-3	9-8-7-8-8-10-12-10-3-9-1-3	1-3-3-8-9-6-1-8-6-7-5-9	8-2-9-10-8-8-8-7-2-1-1-8	1-3-9-9-10-9-9-3-1-3-6-8	9-3-8-8-11-9-7-11-12-9-5-11
4	10	9-11-9-10-10-10-9-11-9-9-7-9	9-9-9-2-9-11-11-11-6-9-11-11	10-11-11-7-10-10-11-11-10-7-9-10	10-10-11-8-8-8-10-8-9-9-9-12	8-11-10-8-12-9-9-11-9-10-10-10	11-11-9-10-9-15-9-9-9-9-1-8	10-2-9-15-10-8-5-11-8-7-10-8	14-8-12-9-10-11-9-9-3-10-10-10	10-10-7-8-12-6-10-11-6-3-8-6	5-11-8-10-11-9-10-7-12-12-10-8	12-11-10-14-9-12-12-10-11-8-6-10	10-3-10-10-10-6-7-15-9-10-5-5
4	11	13-12-13-13-14-12-12-12-12-12-11-13	12-13-12-13-12-12-12-12-14-14-12-12	11-10-12-13-11-12-10-10-13-12-12-11	12-10-12-13-8-10-12-8-11-12-11-10	13-10-9-8-10-11-11-11-11-12-14-10	11-11-12-11-9-14-11-13-11-11-7-11	15-12-11-10-10-11-12-12-12-13-15-11	11-8-13-11-11-10-9-13-8-11-10-13	11-10-11-11-15-12-15-10-13-15-11-13	12-15-12-15-12-11-13-15-12-10-10-12	10-14-13-10-12-12-10-15-10-12-14-11	12-11-11-15-11-14-7-14-11-11-5-11
4	12	11-11-11-11-11-11-11-11-11-11-11-11	11-11-11-13-11-11-11-11-11-11-11-11	10-13-13-13-13-11-13-13-13-14-13-13	13-13-11-11-13-13-11-14-11-11-13-10	13-10-13-8-10-12-13-13-11-11-11-14	13-14-11-12-9-10-13-11-11-9-3-13	13-11-11-13-11-11-11-13-11-11-13-14	11-8-10-13-13-11-9-11-13-11-14-10	10-10-13-13-14-11-11-10-11-11-12-11	13-13-11-13-13-14-12-7-13-10-10-14	10-11-11-10-11-11-10-11-13-11-11-14	11-13-10-12-12-11-13-11-9-11-5-15
4	13	11-11-11-11-11-11-11-11-11-11-11-11	11-11-11-12-11-11-12-11-12-11-11-11	12-12-12-12-12-11-12-12-12-12-14-12	12-12-11-11-12-12-11-8-14-14-12-10	12-10-12-13-10-12-12-12-14-11-11-12	12-12-12-12-13-11-12-11-13-13-6-13	12-11-9-12-14-13-13-14-11-11-12-12	11-12-11-12-12-11-9-11-12-9-12-10	11-10-12-12-13-11-11-10-11-13-12-11	12-12-13-12-12-12-12-15-12-10-14-12	10-12-11-15-11-11-10-11-12-12-12-12	11-12-10-12-12-11-12-11-14-13-13-14
4	14	11-11-11-11-11-11-11-11-11-11-11-11	11-11-11-12-11-11-11-15-11-11-11-15	10-12-14-12-14-11-13-12-12-12-13-14	14-14-13-11-12-12-11-12-13-13-12-12	12-10-12-13-10-13-13-12-13-14-11-12	11-12-11-12-14-11-13-11-14-11-4-14	12-9-11-14-14-14-11-13-14-14-12-12	11-12-11-12-12-11-9-8-14-10-12-10	14-10-12-12-12-11-14-14-11-11-12-6	11-14-14-13-12-12-13-6-14-10-13-12	14-11-12-10-9-14-10-14-12-13-11-12	11-12-10-14-12-11-7-11-9-14-13-12
4	15	15-15-15-11-15-11-11-15-11-11-15-11	11-11-15-12-11-11-12-14-11-15-14-14	13-15-15-11-15-15-15-15-11-15-13-15	14-15-15-15-15-15-11-15-13-15-15-10	11-10-15-15-10-15-14-15-13-15-8-10	15-15-15-14-15-10-15-15-15-15-15-14	11-15-15-15-11-15-11-15-15-14-11-11	15-15-8-14-15-11-9-11-14-11-11-10	14-15-15-15-11-11-11-11-15-11-12-6	11-11-15-11-11-6-15-13-14-15-10-15	10-11-11-13-12-14-11-11-15-11-11-15	11-11-15-11-12-15-15-10-15-15-15-12
5	0	0-0-0-0-0-0-0-0-0-0-0-0	0-0-0-0-0-0-0-0-0-0-0-0	0-0-0-0-0-0-0-0-0-0-0-0	0-0-0-0-0-0-0-0-0-0-0-0	0-0-0-0-0-0-0-0-0-0-0-0	0-0-0-0-0-0-0-0-0-0-0-0	0-0-0-0-0-0-0-0-0-0-0-0	0-0-0-0-0-0-0-0-0-0-0-0	0-0-0-0-0-0-0-0-0-0-0-0	0-0-0-0-0-0-0-0-0-0-0-0	0-0-0-0-0-0-0-0-0-0-0-0	0-0-0-0-0-0-0-0-0-0-0-0
5	1	1-1-1-1-1-1-1-1-1-1-1-1	1-0-1-1-1-0-0-0-1-1-2-0	3-2-0-2-2-2-2-2-0-1-2-1	2-0-1-4-2-2-0-4-2-0-2-0	2-0-2-2-0-1-2-2-1-1-0-1	2-0-2-1-3-4-2-1-1-1-2-2	1-1-1-0-1-0-1-2-1-1-0-2	1-1-1-2-1-2-1-1-1-1-0-0	0-0-0-1-2-1-0-2-1-1-2-1	0-3-1-0-2-2-1-1-4-0-0-1	0-1-0-0-1-0-0-1-0-1-1-1	0-1-1-1-0-1-1-0-1-0-2-1
5	2	2-2-2-2-2-2-2-2-2-2-2-2	3-2-2-1-2-2-3-3-2-3-1-2	0-1-1-1-1-4-1-1-1-1-1-1	3-3-3-1-1-1-2-1-1-2-1-0	1-0-1-1-3-1-3-1-2-2-4-1	1-4-4-2-2-1-3-2-2-2-7-1	2-2-2-2-3-0-2-3-2-2-2-5	1-1-1-3-2-2-2-6-5-2-4-0	2-5-2-3-1-2-2-3-2-2-1-2	3-2-2-2-1-1-3-2-0-3-2-1	7-2-2-0-2-2-0-2-5-3-2-2	2-2-2-3-1-2-4-2-1-0-1-2
5	3	3-3-3-3-3-3-3-3-3-3-3-3	2-3-3-1-2-3-2-4-2-2-1-4	1-2-2-1-1-2-4-5-0-5-4-4	2-2-2-1-1-1-4-1-4-4-5-1	3-5-6-1-2-5-2-2-2-6-2-1	1-2-2-2-1-1-4-4-2-3-3-3	2-1-4-2-2-3-2-4-3-3-1-2	4-1-1-2-3-3-2-2-4-4-2-3	3-0-2-2-3-2-0-2-4-3-4-2	2-1-3-5-1-3-4-3-1-2-1-1	0-2-4-0-4-2-0-2-2-4-2-4	2-2-2-2-1-3-1-3-7-4-3-2
5	4	4-4-4-4-4-4-4-4-5-4-4-4	4-3-3-1-4-5-6-3-2-2-5-3	0-4-4-3-5-2-3-4-5-2-5-3	2-3-5-5-1-2-4-1-5-3-3-0	7-6-0-1-2-3-4-4-5-6-2-1	1-2-2-0-4-1-5-3-4-4-5-6	2-1-3-0-2-4-7-5-4-5-0-2	3-1-1-2-5-0-6-4-3-3-2-0	5-0-3-5-4-2-0-2-4-3-3-5	2-1-4-7-4-4-3-5-1-9-6-1	2-2-5-8-3-3-0-3-9-9-2-3	2-2-9-9-9-4-2-3-3-3-5-5
5	5	4-3-4-5-5-5-4-5-4-5-5-6	4-3-3-1-8-5-3-4-6-7-5-6	1-5-6-1-6-5-6-6-4-3-4-5	6-6-4-6-1-2-6-6-7-3-3-6	6-3-1-8-2-3-6-4-4-5-3-1	2-2-5-1-4-1-4-5-4-5-4-6	2-1-3-0-2-4-4-4-4-4-6-2	3-1-1-2-5-3-4-2-2-3-2-0	4-2-2-5-0-5-2-6-7-7-5-7	2-1-5-3-7-7-5-4-0-2-4-1	5-7-4-0-4-6-0-2-2-6-7-2	5-7-5-6-5-5-5-5-3-5-4-4
5	6	6-7-4-6-6-6-4-6-4-8-6-5	5-4-3-1-7-5-7-8-5-5-6-5	9-7-6-7-5-8-5-8-7-8-8-7	5-6-6-5-8-8-4-5-5-6-3-5	5-4-3-7-2-3-5-4-7-8-7-6	5-3-7-8-6-2-4-5-6-6-4-6	2-6-6-2-2-6-6-4-6-6-6-2	3-6-1-2-5-0-4-2-2-6-2-0	6-2-2-2-7-5-2-5-5-8-6-5	7-1-6-5-7-5-7-6-6-2-4-1	5-5-7-9-7-5-6-2-2-5-5-2	5-2-5-5-5-5-7-5-3-5-4-8
5	7	7-6-8-6-8-6-7-6-7-7-8-6	5-3-3-8-6-5-6-8-5-5-8-8	8-6-8-6-6-8-8-8-6-6-8-6	8-8-8-8-8-8-4-9-5-3-8-8	9-7-8-6-2-3-8-8-6-6-3-7	8-8-6-6-6-8-3-3-4-4-2-8	12-6-6-7-8-7-4-8-6-7-8-2	7-7-2-8-8-7-4-12-12-8-8-9	7-0-2-8-7-5-8-8-5-5-7-5	6-8-7-4-8-5-8-4-8-9-8-8	9-5-6-0-6-8-0-3-8-8-5-2	7-5-7-8-8-5-6-2-3-7-4-6
5	8	8-8-8-8-8-8-8-8-8-8-7-8	9-9-9-7-5-9-7-7-5-9-7-7	7-8-7-6-6-9-7-6-6-9-6-6	7-8-7-7-7-7-9-7-9-8-8-7	7-7-7-5-9-8-7-7-9-6-8-7	7-7-9-6-8-7-9-8-8-8-7-7	7-9-8-11-7-8-5-7-8-8-7-9	8-7-9-7-8-2-8-9-2-8-7-0	7-9-8-7-8-5-7-7-7-6-4-8	6-7-8-8-7-9-7-8-7-9-7-7	9-5-6-9-9-7-9-8-7-7-5-8	9-2-5-7-7-7-6-9-8-9-12-8
5	9	10-9-10-9-10-8-9-12-10-9-9-9	9-8-8-10-9-10-10-10-10-10-10-10	9-9-10-10-10-10-10-10-10-10-9-9	10-10-8-9-10-10-9-7-8-9-9-7	7-10-7-7-11-8-10-10-8-9-9-7	10-9-8-9-9-7-8-10-8-9-10-8	11-10-9-10-9-9-7-9-11-8-10-8	10-8-8-8-9-10-8-8-7-8-10-10	9-10-10-8-9-9-10-10-7-11-9-5	9-9-7-8-11-8-8-9-8-10-8-1	10-8-9-10-8-8-11-10-10-4-5-11	8-9-9-8-8-10-6-10-10-8-8-10
5	10	11-12-11-12-11-11-11-11-11-11-11-12	11-11-11-9-11-11-11-11-11-11-11-9	12-9-11-12-11-11-11-11-12-11-11-11	9-9-11-11-9-9-11-7-11-11-9-7	11-9-11-11-9-10-9-9-11-10-11-7	9-11-11-10-9-11-10-11-10-10-9-11	11-11-10-11-9-10-11-9-10-11-9-11	9-7-11-10-11-9-11-11-11-11-9-9	11-9-11-11-11-11-9-12-11-12-11-11	9-11-11-11-11-11-11-11-12-9-7-11	11-12-12-9-12-12-12-9-9-10-12-9	11-11-11-7-12-11-11-9-9-9-4-9
5	11	10-10-10-10-10-10-10-10-10-10-10-10	10-10-10-10-10-10-10-12-10-10-10-12	9-10-12-10-10-10-10-10-10-10-10-10	12-11-10-10-11-11-10-10-10-10-10-7	10-9-10-10-9-10-12-11-10-10-10-11	11-10-10-11-9-10-11-10-10-10-4-10	10-10-10-10-10-7-10-12-10-10-12-10	10-7-10-11-11-9-8-10-10-10-9-10	10-10-10-10-10-10-11-11-10-9-11-10	10-10-7-10-10-10-10-10-9-9-10-10	11-10-10-9-10-10-9-10-9-11-10-9	10-10-11-11-11-10-10-9-10-11-8-10
5	12	12-10-12-10-12-10-10-12-10-10-10-10	10-10-10-9-10-10-10-11-10-12-10-11	10-12-11-10-12-10-11-10-10-12-12-10	11-12-10-12-12-12-10-10-12-12-12-10	10-9-7-12-9-12-11-11-10-12-10-7	12-12-12-11-12-9-12-12-12-12-12-12	7-12-12-12-10-12-10-11-12-10-11-10	12-12-10-12-12-9-8-7-7-12-10-9	7-12-12-12-10-10-12-10-12-10-7-10	9-12-12-12-12-5-12-10-12-12-12-12	11-10-12-10-10-10-10-10-12-12-10-12	9-12-12-8-10-12-12-9-12-12-8-12
6	0	0-0-0-0-0-0-0-0-0-0-0-0	0-0-0-0-0-0-0-0-0-0-0-0	0-0-0-0-0-0-0-0-0-0-0-0	0-0-0-0-0-0-0-0-0-0-0-0	0-0-0-0-0-0-0-0-0-0-0-0	0-0-0-0-0-0-0-0-0-0-0-0	0-0-0-0-0-0-0-0-0-0-0-0	0-0-0-0-0-0-0-0-0-0-0-0	0-0-0-0-0-0-0-0-0-0-0-0	0-0-0-0-0-0-0-0-0-0-0-0	0-0-0-0-0-0-0-0-0-0-0-0	0-0-0-0-0-0-0-0-0-0-0-0
6	1	1-1-1-1-1-1-1-1-1-1-1-1	2-1-1-2-2-2-2-2-2-1-2-2	1-2-2-2-3-2-2-2-2-2-3-2	2-2-2-2-1-0-2-3-2-2-2-1	1-1-1-2-3-1-2-1-2-2-2-0	4-3-2-1-1-4-1-2-1-1-11-2	3-1-1-1-2-1-2-2-2-1-14-1	1-1-4-1-1-0-3-2-1-2-1-9	1-0-1-1-3-3-4-1-2-2-1-2	10-1-1-3-2-3-1-2-1-4-1-2	2-2-2-3-2-10-1-1-1-10-3-1	1-1-1-0-1-2-3-2-2-1-2-2
6	2	1-1-1-1-1-1-1-1-1-1-1-1	1-1-1-3-1-1-1-1-1-1-1-1	0-1-3-1-4-1-3-1-1-1-1-1	3-1-1-1-2-3-1-6-3-1-3-0	4-0-6-1-1-3-3-2-1-1-1-2	5-1-2-2-1-1-3-1-1-1-2-1	1-1-1-0-1-2-1-1-1-1-2-1	1-2-2-2-2-0-1-1-2-1-1-1	1-0-1-2-1-1-0-3-1-1-2-1	1-2-1-1-3-1-2-1-1-1-0-1	1-1-1-1-1-1-0-1-0-2-1-2	1-2-5-0-1-1-1-1-1-1-1-1
6	3	1-1-1-1-1-1-1-1-1-1-1-3	1-1-1-2-1-1-4-4-3-4-1-4	6-4-2-2-1-8-2-4-1-5-4-4	5-4-4-4-2-2-1-2-2-1-2-0	2-3-2-1-4-2-4-2-3-1-1-2	8-5-5-12-1-1-4-1-3-3-12-3	1-3-1-3-4-3-1-2-3-1-2-12	3-2-2-4-3-1-1-5-8-3-1-1	3-0-3-3-6-1-3-2-1-1-2-1	2-3-3-1-2-1-3-1-3-1-7-1	3-1-1-1-3-3-1-7-4-4-1-3	0-3-1-4-3-1-1-1-1-4-1-1
6	4	4-4-4-4-1-4-4-4-4-4-1-4	3-8-5-2-1-1-3-5-3-3-1-5	0-3-3-2-2-3-5-6-1-6-5-5	3-3-3-3-2-2-5-2-5-5-6-0	2-7-2-2-3-5-3-5-3-6-6-2	1-7-3-3-1-1-5-5-3-4-2-4	1-4-1-1-3-1-5-5-4-1-2-2	5-2-1-3-4-4-1-3-5-5-1-1	4-0-3-3-4-1-1-3-1-4-5-1	1-2-4-6-2-4-5-1-0-1-0-5	1-3-1-1-5-4-0-3-3-5-1-5	1-3-2-3-1-1-5-1-11-3-1-1
6	5	5-1-5-5-1-5-5-5-6-5-1-5	1-8-4-2-6-1-1-7-3-3-6-4	0-5-3-4-6-3-4-5-6-3-6-4	3-7-6-6-2-3-7-2-6-4-4-0	2-7-0-5-3-4-5-6-6-1-1-3	2-3-3-3-5-1-6-4-5-5-5-3	1-4-4-0-3-7-5-4-5-5-2-2	4-2-1-4-3-4-7-3-4-4-1-1	1-0-4-3-5-1-1-14-5-9-4-1	1-3-5-4-5-5-4-6-1-1-7-4	9-1-6-6-4-1-1-0-1-4-1-4	7-3-2-3-3-1-4-1-4-4-6-6
6	6	5-4-5-5-6-7-6-1-5-6-1-7	8-4-4-2-5-9-4-8-7-8-6-7	3-6-7-7-5-6-7-7-5-4-5-6	7-4-5-7-2-3-7-2-8-4-4-0	11-4-2-9-3-4-7-5-5-11-4-2	2-3-7-3-5-1-5-6-5-6-2-7	2-6-4-0-3-4-5-5-5-5-2-6	1-2-2-6-6-0-5-3-3-8-8-1	3-0-3-6-3-8-0-7-8-8-6-6	1-3-6-4-2-8-5-5-1-1-0-4	6-9-5-5-5-7-0-3-3-3-8-3	7-8-6-3-3-1-6-1-4-6-1-5
6	7	7-8-5-7-7-6-5-7-5-7-7-6	9-4-4-2-5-6-9-8-6-6-8-6	3-8-9-9-6-10-8-9-8-9-8-8	6-5-8-6-9-9-6-6-6-9-11-6	6-4-2-8-3-4-6-5-8-8-6-3	3-4-8-9-7-1-5-6-7-8-2-7	2-7-10-0-8-8-7-4-7-7-2-8	1-7-8-6-6-8-5-6-3-7-8-1	3-0-3-3-3-6-3-6-6-6-7-6	7-3-7-4-8-11-5-12-7-0-3-7	3-1-5-5-8-6-1-3-3-3-6-3	6-3-6-6-1-1-8-6-4-6-1-1
6	8	8-14-9-9-10-5-8-14-8-7-8-5	6-4-4-9-6-5-9-7-6-6-9-6	9-7-10-7-9-3-7-9-7-7-7-7	9-9-9-7-10-9-4-11-6-4-4-0	10-0-8-7-3-4-9-9-7-7-8-8	3-9-9-7-7-11-4-4-5-7-3-10	11-7-7-0-9-8-6-9-7-8-9-7	3-8-11-9-6-7-5-11-3-6-11-1	3-0-3-11-11-6-3-9-6-6-11-6	1-3-8-5-9-6-9-1-9-0-8-11	3-1-5-5-7-8-0-3-3-11-6-3	6-6-8-9-11-1-7-1-4-8-1-1
6	9	9-9-8-9-9-12-9-9-11-9-9-9	10-13-12-8-6-6-8-10-6-10-8-8	8-9-8-7-8-10-10-7-9-10-10-10	8-9-8-8-7-8-10-8-10-9-10-0	8-0-8-8-0-10-10-8-9-7-8-8	2-8-10-7-9-8-10-9-5-9-5-9	1-10-9-0-10-9-11-8-7-9-8-8	10-8-8-10-10-13-12-8-3-9-1-1	1-0-3-8-5-6-1-8-6-5-5-10	1-8-9-13-8-8-8-10-8-1-8-12	5-6-10-9-13-8-9-3-3-8-6-3	10-8-6-8-1-1-7-1-1-8-1-9
6	10	10-10-8-9-8-9-9-14-10-14-9-11	9-9-9-8-12-14-11-11-13-9-8-12	8-9-8-8-11-9-11-12-12-9-9-11	11-11-11-11-8-8-9-8-9-11-9-0	8-0-8-11-11-9-9-10-11-7-12-8	13-8-9-7-10-8-11-9-5-9-10-8	12-11-7-0-9-3-10-11-7-1-0-9	9-8-8-9-9-10-9-8-3-10-11-1	1-13-3-8-9-10-14-11-6-13-8-9	1-3-12-11-11-8-10-9-10-1-13-9	1-7-11-10-11-12-10-0-0-1-6-3	9-10-6-0-1-1-7-1-1-11-1-10
6	11	9-12-14-14-9-9-9-11-9-11-14-9	12-9-9-12-13-12-12-12-12-10-13-10	12-11-12-8-10-12-10-12-10-10-12-10	12-12-12-10-7-11-9-13-9-10-9-13	6-12-12-10-12-9-10-8-10-11-10-8	11-11-9-7-11-11-10-9-7-9-1-11	11-10-9-11-11-13-10-10-7-11-11-13	6-8-8-11-11-12-9-8-11-11-12-11	12-11-12-8-8-12-11-10-6-11-8-9	11-3-11-10-10-6-10-6-11-11-12-8	12-1-10-10-10-14-12-12-11-8-6-11	11-10-11-11-11-1-7-11-4-10-1-1
6	12	12-12-12-7-12-9-9-12-12-11-12-13	11-9-9-12-11-11-11-11-11-10-8-10	11-11-11-14-13-11-13-11-10-13-11-12	11-11-11-10-12-13-9-8-12-11-12-11	13-11-11-7-11-12-13-13-11-7-10-8	13-11-13-12-9-13-12-12-5-9-3-13	12-10-9-11-11-11-13-13-7-9-13-11	3-8-11-12-12-11-9-8-3-10-11-1	11-11-11-12-14-11-11-11-6-7-12-9	11-3-8-11-13-12-12-7-11-11-11-9	11-6-5-10-1-10-11-11-11-12-6-12	11-12-11-11-12-1-7-1-4-8-1-13
6	13	13-9-12-14-13-9-13-14-12-13-13-12	14-9-9-12-11-11-11-14-11-10-11-14	11-14-14-12-12-11-13-13-13-12-14-13	12-13-11-14-12-12-13-11-10-11-12-11	12-14-11-10-14-12-14-12-11-13-13-12	12-13-12-13-13-12-12-12-13-9-13-13	13-10-11-13-13-11-12-14-13-9-12-11	13-8-12-12-12-14-9-9-13-13-13-14	13-11-11-12-13-11-11-13-6-11-12-9	11-12-8-11-12-12-12-14-11-11-13-12	11-12-13-10-13-13-13-11-13-12-6-3	11-12-11-11-11-11-7-13-13-13-1-12
6	14	14-14-14-14-14-14-14-14-14-14-14-14	13-10-14-12-14-11-10-13-11-14-11-13	13-13-13-12-14-14-14-14-13-14-13-13	13-14-13-14-14-14-13-11-14-14-14-11	12-13-14-14-13-14-13-13-14-14-8-8	14-14-12-14-14-13-14-14-14-14-14-14	11-14-14-14-9-14-9-13-14-14-13-13	14-12-12-14-14-13-9-8-11-11-11-13	3-11-11-14-12-14-14-13-14-1-12-6	11-14-14-14-14-6-14-11-11-14-14-14	13-14-14-9-7-11-13-14-14-14-6-14	14-14-14-11-14-14-14-11-14-14-14-14
7	0	0-0-0-0-0-0-0-0-0-0-0-0	0-0-0-0-0-0-0-0-0-0-0-0	0-0-0-0-0-0-0-0-0-0-0-0	0-0-0-0-0-0-0-0-0-0-0-0	0-0-0-0-0-0-0-0-0-0-0-0	0-0-0-0-0-0-0-0-0-0-0-0	0-0-0-0-0-0-0-0-0-0-0-0	0-0-0-0-0-0-0-0-0-0-0-0	0-0-0-0-0-0-0-0-0-0-0-0	0-0-0-0-0-0-0-0-0-0-0-0	0-0-0-0-0-0-0-0-0-0-0-0	0-0-0-0-0-0-0-0-0-0-0-0
7	1	1-1-1-1-1-1-1-1-1-1-1-1	1-0-0-1-1-1-1-1-1-1-1-1	3-2-1-1-1-3-1-2-1-0-1-1	1-1-1-1-1-2-0-3-1-2-2-10	2-2-1-1-1-1-1-1-3-1-1-1	1-2-2-1-1-2-2-1-0-0-0-2	1-2-0-11-1-1-0-1-0-1-1-1	1-1-2-1-1-1-1-0-1-1-1-1	1-1-1-1-1-1-1-1-2-1-1-1	1-1-1-2-1-1-0-1-1-1-1-2	0-2-2-1-2-1-1-2-1-1-2-1	1-1-1-1-1-1-1-1-1-1-1-15
7	2	2-3-2-3-2-3-3-2-3-4-3-2	3-3-3-2-3-3-3-2-3-3-2-3	2-1-3-2-2-4-2-2-3-2-2-2	3-3-1-2-1-1-3-1-1-1-1-1	1-1-1-1-3-2-3-2-1-2-2-2	2-1-1-6-3-1-1-1-3-0-8-3	13-1-2-8-2-3-0-3-3-4-15-3	2-6-1-1-1-3-3-0-2-3-5-3	2-1-3-2-7-2-6-4-4-2-2-3	2-10-4-1-5-2-2-2-5-6-10-1	10-1-1-2-5-3-6-5-6-2-1-2	4-2-2-3-5-6-2-3-5-3-6-5
7	3	2-2-2-2-2-2-2-2-2-2-2-2	2-2-2-6-2-2-2-2-2-2-2-4	1-4-2-4-4-2-4-4-2-4-3-4	4-4-1-4-4-4-2-6-3-1-4-1	4-1-7-5-4-3-2-4-1-2-5-4	4-1-4-3-2-2-3-4-2-1-7-2	3-5-2-1-2-2-4-2-2-2-4-2	2-4-4-3-3-2-2-4-3-2-2-2	2-1-2-3-12-2-2-2-5-5-4-2	4-2-2-2-4-4-5-2-2-2-2-4	2-1-2-2-2-2-2-2-2-3-3-3	2-3-2-2-2-2-3-2-2-2-0-1
7	4	2-2-2-2-2-2-2-2-2-2-2-2	2-4-2-2-2-2-2-9-2-5-2-3	1-3-3-3-3-9-3-3-2-6-5-3	3-5-5-5-3-3-2-3-4-4-3-1	3-4-3-3-6-3-5-3-4-4-6-3	3-5-6-5-4-2-5-3-4-4-9-4	3-4-2-4-5-2-5-4-4-5-3-7	2-3-3-5-3-2-2-8-7-2-4-2	4-1-7-4-4-6-2-5-2-4-3-5	3-4-2-1-3-3-5-2-2-5-4-3	7-4-1-2-4-4-2-8-7-7-4-4	2-4-2-2-4-4-3-2-0-5-2-1
7	5	2-2-2-2-2-2-2-2-2-2-2-2	2-5-6-2-2-2-2-6-2-4-2-6	1-4-2-3-3-4-6-7-6-7-6-6	4-4-4-4-3-3-2-3-5-6-6-1	3-1-3-3-4-7-4-4-4-8-7-3	2-4-4-4-4-2-6-6-4-5-12-5	3-3-6-2-4-7-4-6-5-4-3-4	6-3-4-4-3-2-5-4-6-5-2-2	5-1-4-4-2-2-2-4-6-3-6-4	2-2-2-7-2-2-6-2-2-4-4-4	2-4-2-2-6-3-2-2-2-6-4-6	2-4-2-2-2-2-3-2-9-4-5-2
7	6	2-2-6-6-2-2-6-2-8-2-2-2	2-7-5-3-2-2-2-8-2-2-2-5	1-6-3-5-7-4-5-8-7-4-7-5	4-5-7-7-3-4-2-3-6-5-5-1	3-1-3-6-4-5-6-6-7-4-4-3	3-4-4-2-6-2-7-5-6-6-7-4	3-3-5-1-4-2-7-5-6-6-2-4	5-2-3-5-3-2-9-4-5-5-4-2	2-1-5-4-2-4-2-4-6-10-5-4	2-2-6-5-2-6-5-2-2-2-2-3	2-4-7-2-5-2-2-2-2-5-4-5	2-4-2-2-2-2-3-2-5-2-7-2
7	7	2-5-6-2-2-8-2-2-6-2-9-8	2-5-5-2-10-2-2-4-10-2-2-8	4-7-3-3-6-5-8-5-6-5-6-7	8-5-6-8-3-4-8-3-6-5-5-1	8-1-3-9-4-5-8-6-6-7-5-3	2-4-4-3-6-2-6-8-6-7-11-8	3-3-5-1-4-5-6-6-6-6-3-4	5-3-4-4-9-2-6-4-4-9-9-2	2-1-4-4-2-9-2-8-7-7-7-9	2-4-7-5-3-15-7-7-2-4-4-3	4-8-6-6-6-8-2-2-4-4-9-4	2-9-7-2-4-7-7-8-5-8-6-1
7	8	8-2-2-8-10-7-6-9-6-2-8-7	2-7-2-2-2-7-9-6-7-2-9-7	3-8-10-10-9-7-9-10-11-10-10-9	7-10-9-7-9-10-7-7-10-10-5-7	7-5-3-9-4-5-7-6-9-11-7-8	2-5-9-9-8-2-6-7-8-8-2-7	3-9-10-2-4-8-6-6-11-11-8-10	5-8-4-7-7-2-6-4-4-8-9-2	4-1-4-4-2-7-2-7-7-9-8-7	9-2-7-5-3-7-6-2-2-2-4-8	4-7-6-2-6-7-2-4-4-2-7-4	2-4-7-2-7-7-9-7-5-7-6-11
7	9	2-2-9-8-9-2-2-10-2-2-7-9	2-8-2-12-7-10-10-10-11-7-10-10	4-9-11-8-8-4-8-8-11-8-7-8	10-10-8-10-11-11-7-11-8-5-5-1	11-1-3-8-4-5-10-10-7-12-11-10	4-12-10-8-9-12-10-5-8-8-4-11	3-11-8-1-10-11-7-10-8-9-8-4	13-10-8-10-10-2-6-4-4-9-7-2	4-1-4-10-12-7-2-10-7-8-12-7	2-2-12-1-10-7-2-0-9-2-2-12	2-4-6-2-8-12-10-2-2-9-7-4	2-7-2-2-9-7-8-2-5-9-6-1
7	10	10-10-10-10-10-10-11-9-10-10-10-10	12-12-11-9-10-9-9-9-7-10-9-9	15-9-9-8-8-10-11-8-9-8-11-9	9-11-11-9-9-9-10-9-11-11-10-1	10-1-1-9-13-11-9-9-11-9-10-9	2-9-11-8-14-2-11-10-10-10-7-10	3-12-8-1-9-10-12-12-8-8-1-8	10-9-8-11-9-2-11-8-4-12-2-2	2-1-11-9-10-7-2-9-7-6-6-11	2-2-10-7-9-9-10-2-11-2-2-9	2-4-6-14-2-2-10-2-2-11-7-4	2-4-7-2-11-2-9-2-2-2-14-2
7	11	11-11-11-11-11-11-11-9-10-10-11-11	11-12-10-9-12-12-9-12-9-7-9-12	15-11-9-8-9-11-10-11-12-13-12-11	9-12-12-7-9-9-12-9-12-12-11-1	9-1-1-12-4-10-12-10-12-8-9-9	1-12-10-2-12-9-12-10-10-11-7-9	4-12-8-1-12-9-12-10-8-8-1-11	13-9-7-10-9-12-11-9-4-10-2-11	2-1-10-9-11-7-2-10-7-14-8-7	9-2-11-12-9-10-12-12-10-2-2-9	2-7-6-10-2-13-2-12-2-10-7-4	14-7-7-2-10-2-8-2-2-9-11-8
7	12	12-15-12-11-11-12-12-15-12-12-12-15	10-10-11-9-11-11-11-11-13-12-15-11	14-12-13-8-8-13-11-12-11-11-11-12	12-11-11-9-9-13-11-13-11-11-11-1	12-12-14-11-14-10-11-9-11-9-12-12	12-14-11-12-11-13-11-10-10-11-5-13	14-11-10-12-14-9-11-10-8-9-12-9	13-8-14-10-9-11-6-12-4-10-12-11	12-1-14-9-14-7-12-12-7-12-9-7	15-12-9-14-9-7-6-11-14-12-12-9	12-4-13-13-10-9-12-12-14-11-7-4	2-7-12-12-12-12-8-12-5-12-10-1
7	13	15-14-14-14-13-13-14-14-15-14-15-13	15-14-14-15-14-14-15-13-14-15-15-15	13-13-14-14-13-14-13-13-14-14-11-13	13-13-13-13-14-13-14-12-11-11-14-13	15-12-12-8-14-14-14-13-11-13-14-14	14-12-15-14-11-12-12-14-6-10-0-12	14-12-13-14-12-13-9-14-13-13-14-14	14-9-12-14-14-15-13-15-4-12-14-14	13-13-12-14-15-13-2-12-12-15-14-7	14-14-7-12-14-14-14-15-12-12-12-9	15-4-12-10-14-13-13-14-14-13-7-14	15-13-13-2-13-14-8-2-13-12-10-12
7	14	13-13-13-13-13-13-13-13-13-13-13-13	15-13-13-13-13-13-13-13-13-13-13-13	14-14-13-13-14-13-14-13-13-13-14-15	15-13-15-13-13-13-13-13-11-11-13-1	3-12-12-11-12-14-13-14-11-14-13-12	13-14-10-13-10-15-12-13-6-10-13-12	13-11-13-12-12-14-6-13-8-13-13-13	13-9-12-13-13-2-13-12-4-12-13-13	13-1-12-14-12-13-12-12-7-12-14-7	13-13-14-12-14-13-13-13-12-12-12-9	12-4-14-10-13-14-12-13-14-13-7-4	11-14-13-2-14-12-8-2-13-12-10-13
7	15	15-15-15-13-15-15-13-15-15-13-15-15	14-13-15-13-13-13-13-13-13-15-13-13	11-15-15-13-15-15-15-15-14-15-15-14	14-15-14-13-15-15-13-15-15-15-15-12	13-13-15-15-15-15-14-14-11-15-13-12	15-15-15-13-15-14-15-15-15-15-15-14	13-15-15-15-14-15-7-14-15-13-13-13	15-9-9-12-15-13-15-13-9-15-13-15	14-15-15-15-13-15-15-11-15-13-9-7	12-13-15-15-15-13-15-13-12-15-15-15	13-15-1-11-13-12-12-13-15-13-7-4	13-13-15-13-13-15-15-12-15-15-15-1
8	0	0-0-0-0-0-0-0-0-0-0-0-0	0-0-0-0-0-0-0-0-0-0-0-0	0-0-0-0-0-0-0-0-0-0-0-0	0-0-0-0-0-0-0-0-0-0-0-0	0-0-0-0-0-0-0-0-0-0-0-0	0-0-0-0-0-0-0-0-0-0-0-0	0-0-0-0-0-0-0-0-0-0-0-0	0-0-0-0-0-0-0-0-0-0-0-0	0-0-0-0-0-0-0-0-0-0-0-0	0-0-0-0-0-0-0-0-0-0-0-0	0-0-0-0-0-0-0-0-0-0-0-0	0-0-0-0-0-0-0-0-0-0-0-0
8	1	1-1-1-1-1-1-1-1-1-1-1-1	1-1-1-1-1-1-2-1-2-2-1-2	2-1-2-2-2-2-2-1-2-0-2-1	2-2-2-0-2-2-1-2-0-4-0-2	2-2-2-0-2-0-2-2-0-2-1-0	2-2-0-1-1-2-2-2-1-0-0-1	6-3-1-2-2-1-1-2-2-0-2-4	1-1-2-2-2-2-0-2-2-1-2-1	1-2-2-2-1-1-1-2-2-1-2-0	2-1-1-0-0-2-0-3-2-1-1-1	2-1-3-0-3-1-2-2-2-2-0-1	1-0-1-1-2-1-2-1-1-2-1-1
8	2	2-2-2-2-2-2-2-2-1-2-2-1	1-4-2-1-1-1-1-3-1-1-1-1	1-1-1-1-3-1-1-1-1-3-1-3	1-1-1-0-1-1-2-1-3-1-3-1	1-1-1-0-3-2-1-1-3-1-1-0	1-1-0-1-1-1-3-1-2-2-3-1	1-4-2-1-1-2-4-1-1-2-1-4	2-1-1-1-1-1-5-1-1-1-1-1	2-1-1-1-2-1-1-1-2-1-1-2	1-1-2-1-0-1-3-2-1-1-1-3	1-4-2-2-0-1-1-1-1-1-3-1	1-0-1-1-1-2-1-2-1-1-2-1
8	3	4-3-3-3-4-2-3-3-4-6-4-5	4-2-2-3-4-4-4-4-4-4-4-3	3-4-4-4-3-1-3-3-3-2-4-3	4-3-4-4-0-1-4-3-2-1-2-3	3-8-3-3-2-2-4-3-2-3-3-3	3-1-1-3-4-4-2-1-4-0-8-4	8-2-3-8-3-3-3-4-1-3-8-2	8-3-1-2-3-7-4-3-3-3-8-5	3-5-4-1-3-3-7-3-4-3-3-1	3-7-5-4-4-1-3-6-1-4-14-2	6-2-10-4-7-2-9-10-2-3-2-1	7-3-3-1-3-6-1-6-9-3-4-3
8	4	3-2-3-2-3-3-3-3-3-3-3-2	3-2-2-3-3-3-3-3-3-3-3-5	1-4-5-6-5-5-5-3-3-4-5-5	5-3-3-5-5-5-3-5-5-1-5-4	5-3-5-5-5-4-3-5-2-4-5-5	5-5-5-3-3-5-4-5-3-3-3-3	1-2-3-6-4-4-2-3-3-3-6-1	3-4-1-5-4-4-3-5-4-1-3-3	4-3-3-1-5-1-1-7-3-1-5-2	5-3-3-5-3-5-3-3-1-3-3-10	3-2-3-3-3-4-3-1-2-5-4-4	3-0-3-1-3-3-4-3-1-3-3-3
8	5	6-5-3-3-5-5-3-6-3-5-6-3	3-2-2-4-3-3-3-5-5-6-4-4	1-6-4-4-4-6-4-6-7-6-4-4	4-6-6-4-4-4-6-4-4-1-4-4	4-3-4-4-6-4-6-6-5-5-4-4	6-4-6-3-5-4-5-4-5-5-13-5	1-5-5-4-6-5-6-5-5-6-4-6	5-4-5-6-5-5-2-6-9-3-5-3	5-3-5-5-5-7-1-6-3-5-4-9	4-5-3-4-6-6-5-3-1-3-6-5	5-5-2-0-6-5-3-3-3-4-6-5	3-5-10-1-5-5-4-5-2-2-2-2
8	6	6-6-6-6-6-6-6-5-6-6-6-6	3-8-6-4-7-3-3-8-5-5-4-6	1-5-7-4-4-7-5-5-7-5-7-4	4-5-7-4-4-4-5-4-7-6-5-4	4-3-4-4-5-7-7-5-5-5-7-4	7-5-5-3-5-4-5-6-6-5-3-6	7-5-7-3-5-6-6-7-8-7-4-5	3-4-5-5-5-1-6-5-5-7-5-3	6-3-5-5-5-7-3-5-6-1-4-7	7-3-3-7-5-5-4-3-1-3-5-4	3-2-6-3-3-7-3-3-3-4-4-5	3-5-1-1-3-3-4-3-3-3-7-3
8	7	7-9-8-7-7-9-8-7-8-7-8-8	8-8-8-7-6-8-8-7-7-8-8-8	7-8-6-4-4-6-7-7-6-8-6-7	8-6-8-6-4-8-7-4-7-11-5-4	4-3-4-9-5-6-6-7-9-8-6-4	6-8-5-3-7-8-8-7-7-10-12-8	6-8-7-1-5-7-9-6-8-6-4-8	7-4-5-6-5-3-7-5-5-7-5-3	6-3-6-5-7-8-3-8-7-8-8-6	6-3-9-10-8-8-8-7-7-3-3-8	3-8-8-8-18-8-3-3-3-4-8-5	3-8-7-1-8-3-8-3-3-3-6-7
8	8	9-10-9-9-9-7-9-9-7-7-9-7	7-6-7-9-9-7-7-9-9-9-9-9	8-9-9-11-8-9-9-8-9-7-9-8	9-8-9-9-10-9-9-8-7-7-9-8	7-9-7-8-11-7-9-9-7-10-10-8	9-9-7-11-7-9-7-10-7-7-10-10	3-7-8-10-9-8-7-8-7-8-3-7	10-8-9-9-7-9-9-8-8-10-10-8	9-3-8-11-9-7-10-7-9-8-7-7	9-9-11-7-7-7-7-8-9-8-10-7	9-7-7-7-9-7-8-9-10-8-7-5	10-7-3-10-10-10-7-10-10-10-9-8
8	9	8-9-8-8-8-7-8-8-7-8-8-8	7-8-7-8-8-8-8-8-8-8-8-8	1-9-8-8-8-8-8-8-8-11-10-8	8-8-8-8-4-8-8-4-10-7-8-4	4-8-4-7-5-10-8-8-7-8-8-8	8-8-5-8-8-8-10-9-7-7-7-8	1-7-8-8-8-9-7-10-7-10-8-11	8-9-8-10-10-8-8-5-5-8-8-3	8-9-8-5-8-7-8-10-10-10-11-10	10-8-7-7-10-8-8-7-10-8-8-11	8-7-7-7-8-10-10-8-8-8-7-5	8-5-8-8-8-8-4-8-3-3-8-9
8	10	8-8-10-8-8-7-10-7-8-10-9-7	7-12-7-8-10-7-7-9-8-8-8-10	8-10-8-8-8-8-9-8-8-9-11-10	8-8-9-8-8-8-11-4-11-7-11-1	4-8-1-16-5-9-11-10-11-8-8-8	8-8-5-8-10-8-11-8-11-7-8-8	1-11-10-8-11-9-10-9-12-9-8-10	8-9-8-9-9-8-8-5-5-8-8-8	8-3-11-5-10-7-8-9-9-9-9-11	9-8-10-7-9-8-11-7-9-8-8-4	8-7-3-7-8-9-9-3-8-8-7-5	8-5-5-8-8-8-4-8-3-8-8-9
8	11	7-7-8-8-8-8-7-7-7-7-10-10	7-10-7-8-11-12-12-16-12-8-12-10	16-11-8-8-11-12-10-12-12-9-10-11	12-10-14-8-11-12-10-4-10-7-10-14	4-17-14-12-11-9-10-8-10-8-8-11	8-15-5-8-11-13-10-11-10-7-3-8	16-7-9-11-9-9-9-9-7-9-11-9	8-9-8-9-5-11-9-5-14-8-11-3	8-11-11-8-15-1-11-11-9-8-11-10	8-8-11-12-11-7-10-7-15-11-11-9	11-7-7-7-7-11-11-11-15-11-7-5	11-7-11-11-11-9-7-8-7-7-8-7
8	12	14-15-12-15-15-13-15-13-13-14-13-18	13-15-16-13-13-14-13-13-13-13-13-13	12-13-13-13-12-13-12-13-13-13-11-12	13-12-11-13-12-11-13-11-14-11-13-12	14-12-11-11-13-12-12-12-11-15-16-12	12-11-16-13-10-14-13-16-14-7-14-13	14-13-13-12-15-14-14-15-10-12-12-13	14-9-12-12-5-13-8-16-11-12-13-12	12-13-14-8-13-14-14-11-13-18-11-15	12-8-13-14-16-13-15-13-1-14-11-14	12-14-14-17-15-11-14-14-14-14-17-5	12-14-12-14-14-17-17-18-16-14-8-18
8	13	12-14-12-12-12-12-12-12-12-12-12-12	12-15-12-15-12-12-14-14-12-12-14-12	13-12-12-12-12-12-13-12-12-12-14-13	12-12-11-14-15-14-12-15-14-7-12-15	15-12-15-15-12-14-14-14-12-12-12-13	12-11-15-15-10-12-14-12-7-7-15-12	15-14-12-11-12-12-7-12-12-16-14-13	12-15-12-14-15-12-7-13-5-15-12-13	12-11-12-14-14-12-11-11-12-14-14-15	12-8-12-12-15-14-15-12-11-11-11-14	3-12-7-7-12-12-12-12-11-15-12-5	12-15-13-11-12-12-13-12-12-12-8-12
8	14	12-13-12-12-12-13-12-12-13-12-12-12	12-12-12-13-12-12-13-13-13-12-13-15	14-15-12-12-14-15-15-15-12-12-15-15	12-16-11-13-13-13-14-13-13-7-13-11	13-15-11-13-16-13-13-13-14-14-12-14	12-14-13-14-10-16-14-13-12-7-12-14	12-13-12-13-14-12-12-12-12-13-13-14	12-13-16-13-13-15-9-13-11-14-14-16	12-16-12-13-13-12-12-14-12-12-13-14	12-8-12-14-12-13-13-12-15-16-15-13	16-12-12-12-3-14-16-12-16-12-12-5	12-12-14-12-16-12-13-17-14-12-16-12
8	15	12-12-12-12-12-12-12-12-13-12-12-12	12-16-12-13-12-12-13-13-12-12-13-14	14-14-14-12-12-14-14-14-12-16-16-14	14-14-14-13-13-13-16-13-16-17-16-11	13-14-13-13-14-16-16-12-17-12-12-13	12-11-13-13-10-12-16-16-16-15-17-16	13-16-12-11-12-15-17-12-15-9-13-17	12-13-14-13-13-14-17-13-5-13-14-14	12-14-16-13-11-16-8-16-18-16-13-12	14-8-12-16-13-17-12-7-11-14-14-13	14-16-12-12-12-11-14-12-11-13-12-5	12-13-14-11-14-8-13-14-12-15-17-7
8	16	12-12-12-12-12-12-13-12-13-12-12-12	12-15-12-17-12-12-13-13-13-12-13-13	11-17-14-17-12-11-17-14-12-15-15-16	17-14-11-17-17-17-15-13-15-7-15-11	17-14-13-17-14-15-17-17-15-14-12-13	12-11-17-16-10-14-15-15-15-7-5-17	18-15-12-11-15-12-15-15-7-13-14-15	12-16-14-17-16-12-9-16-5-14-16-14	12-14-15-17-17-12-11-15-12-15-17-18	12-17-16-15-12-16-16-7-11-14-16-17	14-12-7-12-8-17-14-12-14-16-12-16	8-13-16-16-14-12-16-14-12-14-14-7
8	17	12-12-12-12-12-12-12-12-12-12-12-12	12-15-12-16-12-12-17-18-12-12-13-18	17-16-18-12-17-18-17-14-17-17-14-17	16-17-11-16-16-16-15-16-15-15-16-11	16-18-16-16-18-13-16-16-15-14-17-16	12-17-16-17-17-18-15-15-15-15-15-16	17-15-12-13-17-17-15-16-5-13-13-15	12-16-16-16-16-18-15-16-16-17-14-17	17-14-17-16-16-12-12-15-12-12-16-15	12-16-16-15-16-16-10-12-17-17-17-16	17-12-10-12-14-16-17-12-17-16-12-17	12-17-14-17-17-12-16-14-12-17-15-7
8	18	18-18-18-18-18-12-13-13-18-12-13-18	12-12-18-17-12-12-18-17-13-12-16-17	17-17-17-12-18-18-18-18-17-18-18-18	17-18-15-16-18-18-15-18-18-7-18-11	12-17-18-18-17-18-17-18-15-18-12-13	18-18-18-18-18-17-15-18-18-18-18-12	16-18-18-18-15-18-15-17-18-18-17-16	18-16-13-18-18-17-18-16-16-12-8-17	17-18-18-18-16-18-18-16-18-12-16-16	12-8-18-18-18-12-18-12-15-18-18-18	17-7-7-18-7-11-16-12-18-8-18-18	8-18-18-18-18-18-18-12-18-18-18-12
9	0	0-0-0-0-0-0-0-0-0-0-0-0	0-0-0-0-0-0-0-0-0-0-0-0	0-0-0-0-0-0-0-0-0-0-0-0	0-0-0-0-0-0-0-0-0-0-0-0	0-0-0-0-0-0-0-0-0-0-0-0	0-0-0-0-0-0-0-0-0-0-0-0	0-0-0-0-0-0-0-0-0-0-0-0	0-0-0-0-0-0-0-0-0-0-0-0	0-0-0-0-0-0-0-0-0-0-0-0	0-0-0-0-0-0-0-0-0-0-0-0	0-0-0-0-0-0-0-0-0-0-0-0	0-0-0-0-0-0-0-0-0-0-0-0
9	1	1-0-1-1-1-0-1-1-0-1-0-1	1-0-0-0-0-1-1-0-1-0-1-0	1-1-1-1-1-1-1-2-1-0-0-1	1-1-1-1-1-2-0-1-0-0-1-1	0-1-7-0-3-0-2-1-0-0-1-1	1-0-0-1-1-1-0-1-0-0-0-2	1-0-0-7-1-0-0-1-0-1-1-0	1-1-1-1-1-3-0-0-1-1-1-1	1-1-1-1-0-1-1-1-0-1-1-2	1-1-1-1-0-1-1-0-1-1-1-1	1-1-1-0-1-1-1-1-1-1-1-1	1-1-1-1-1-1-1-1-1-1-0-0
9	2	2-2-2-2-2-2-2-2-3-3-2-2	3-3-2-4-3-3-3-3-3-3-3-3	2-4-1-4-2-3-3-3-3-3-3-3	3-3-3-3-2-1-3-1-3-3-3-1	3-2-2-3-1-2-3-2-3-3-3-1	3-3-3-3-3-1-2-3-2-2-2-3	4-2-2-2-2-2-3-3-2-2-2-3	2-2-3-2-2-3-3-2-1-2-2-3	2-2-1-2-4-4-2-3-3-3-2-3	3-3-2-3-3-2-3-2-4-2-6-2	3-3-2-2-3-3-5-3-2-3-3-2	2-2-2-2-3-3-9-3-3-2-3-3
9	3	2-2-2-2-2-2-2-2-2-2-2-2	2-2-2-3-2-2-2-2-2-2-4-2	5-2-4-3-5-2-4-2-2-2-4-2	4-2-2-2-4-4-2-4-4-2-4-1	4-2-1-4-1-3-4-4-2-2-2-4	4-4-2-2-2-1-4-2-2-2-2-2	2-3-2-1-3-2-2-2-2-2-4-2	2-3-4-3-3-2-2-4-1-2-2-2	1-1-1-3-9-2-2-2-2-2-4-2	2-2-2-2-4-4-2-2-3-2-2-4	2-2-2-2-2-2-1-2-1-2-2-2	1-3-6-1-2-2-3-2-2-2-2-2
9	4	2-2-2-2-2-2-2-2-2-2-2-2	2-2-2-3-2-2-2-7-4-6-3-6	7-5-3-3-3-7-3-2-2-7-3-3	5-5-5-3-3-3-4-3-3-4-3-1	3-1-3-3-5-4-5-3-4-2-2-3	3-5-6-2-4-1-5-5-4-4-10-4	2-4-2-4-5-4-5-5-4-2-3-7	2-3-5-5-4-2-2-3-4-2-2-2	7-8-4-4-2-2-4-3-2-4-3-5	4-4-2-2-3-5-4-4-2-4-2-3	4-4-2-2-4-4-2-6-4-4-2-4	1-4-4-1-4-2-3-2-2-2-2-2
9	5	2-5-2-5-2-2-5-5-5-2-2-2	2-6-5-3-2-2-2-4-2-4-3-6	3-4-3-3-3-2-6-5-2-4-6-6	4-4-4-4-3-3-4-3-3-7-4-1	3-2-1-3-4-6-4-6-4-2-2-3	2-4-4-2-2-2-6-4-2-5-11-5	4-5-7-2-4-2-6-6-5-2-3-4	2-3-4-4-3-2-5-6-4-2-4-2	6-6-4-4-5-2-2-6-6-6-6-4	6-2-2-5-3-4-6-5-6-4-2-4	2-4-0-5-2-6-2-4-4-2-2-4	1-4-3-1-2-2-3-2-2-5-2-2
9	6	6-6-7-6-6-2-5-5-2-2-2-2	2-5-8-3-2-2-2-4-2-4-3-4	1-6-3-3-3-4-5-5-4-4-7-5	4-4-7-3-3-4-7-3-7-5-4-1	3-1-1-3-4-5-7-6-7-2-2-3	3-5-4-2-2-2-7-4-2-6-14-4	2-7-5-1-4-6-5-5-6-6-3-4	2-5-5-5-4-2-7-7-4-2-2-2	4-5-4-4-6-4-2-5-5-7-2-5	5-2-6-7-3-5-5-7-5-2-2-5	1-4-6-7-7-5-1-4-1-4-2-4	1-4-3-1-16-2-3-2-2-2-9-2
9	7	2-8-6-2-7-2-2-8-2-2-6-8	2-5-6-7-2-8-8-4-8-4-8-6	4-7-8-8-8-4-8-8-8-4-6-8	8-4-6-9-8-8-6-13-6-5-4-1	8-2-1-9-4-5-8-8-6-7-7-8	4-5-4-2-7-9-6-5-2-6-4-8	4-6-5-1-4-9-6-6-6-9-8-4	2-8-9-8-4-7-6-7-4-7-11-2	4-4-4-4-7-2-4-8-9-6-9-9	4-8-6-6-8-8-6-6-8-2-2-9	1-4-6-6-6-6-1-4-4-9-2-4	1-7-7-7-6-2-4-2-2-7-2-2
9	8	8-8-8-8-8-9-8-8-9-8-10-9	2-9-9-7-2-7-7-6-8-11-7-9	9-8-7-7-7-9-9-7-9-10-9-8	8-8-9-7-7-7-9-7-9-10-9-1	7-1-1-7-4-8-9-7-9-7-7-7	2-9-9-8-11-7-9-8-9-9-2-8	2-9-8-1-4-8-8-8-6-6-7-4	2-7-2-7-7-9-8-8-4-2-2-2	2-4-4-4-8-8-2-7-8-7-7-9	2-2-8-9-7-7-9-6-7-2-2-7	4-4-12-8-2-6-1-2-4-2-7-4	2-7-3-1-2-2-3-2-2-2-11-8
9	9	9-8-10-9-9-8-8-2-8-2-8-8	2-8-8-9-2-8-10-10-8-10-11-11	9-10-10-7-9-11-8-10-9-8-8-9	10-9-10-7-7-10-9-7-8-10-8-9	3-10-16-7-9-8-8-7-8-9-9-9	9-10-8-9-9-11-8-10-8-8-13-10	15-8-8-9-9-7-8-10-6-7-9-9	4-3-10-8-7-8-8-7-4-9-10-11	9-11-4-10-3-9-9-10-7-2-7-7	2-11-6-9-14-7-8-5-9-11-9-7	13-2-2-10-4-9-13-13-14-7-2-4	5-7-9-2-9-2-2-10-9-11-6-8
9	10	12-10-11-13-10-11-11-12-11-11-12-10	11-8-15-11-14-12-11-11-11-11-12-9	9-9-11-11-11-9-11-9-11-8-11-10	11-9-11-12-11-11-12-9-8-9-11-9	11-9-12-7-9-10-11-11-9-10-11-12	10-9-8-12-8-9-8-13-15-8-12-9	11-10-10-12-9-10-12-9-6-12-9-11	12-13-9-11-13-10-8-16-4-9-9-9	12-9-12-9-15-12-15-11-13-13-13-7	10-13-12-9-11-10-8-12-10-9-9-13	9-4-13-9-13-11-9-15-9-10-2-10	10-4-10-15-11-2-12-13-13-13-13-15
9	11	11-10-10-10-10-10-10-10-10-10-10-10	10-8-10-10-10-11-10-10-10-10-10-9	9-10-10-10-13-9-10-9-10-12-9-9	10-11-12-13-10-13-10-7-12-13-10-9	10-9-9-13-9-13-10-10-12-9-13-13	15-13-13-10-8-9-12-8-11-11-5-13	10-13-8-11-11-10-13-11-11-10-10-14	10-10-12-10-10-10-8-10-4-9-9-9	9-9-4-13-10-13-10-10-10-6-10-11	4-11-10-12-10-10-12-10-10-9-9-10	9-13-6-11-11-9-9-10-1-11-11-9	1-11-9-11-10-2-3-10-8-9-8-11
9	12	13-10-13-16-16-13-14-15-13-13-13-13	13-8-13-13-14-13-14-12-13-13-10-13	10-13-13-12-12-13-13-13-13-13-12-12	13-11-11-12-13-11-10-12-11-12-13-9	10-9-14-11-14-11-11-13-11-13-12-12	13-13-11-10-8-9-11-13-15-8-10-13	13-11-10-10-13-10-10-11-11-12-9-13	12-10-11-10-13-13-8-13-13-9-13-12	13-9-13-13-13-12-10-13-10-12-10-13	12-14-10-11-11-13-11-10-15-13-9-10	16-4-13-13-14-14-12-14-8-16-11-13	16-11-12-16-13-13-13-15-13-13-12-14
9	13	12-16-12-12-12-12-13-12-12-12-12-12	12-14-12-12-12-12-12-12-12-12-10-12	9-12-12-12-14-12-12-13-12-13-14-13	12-11-12-12-12-11-12-7-14-15-14-9	10-9-9-11-9-11-11-12-13-12-11-11	12-12-11-12-13-9-14-12-13-8-12-11	12-11-14-13-12-13-15-11-13-12-9-15	12-10-11-10-10-12-8-12-12-10-12-9	12-9-12-12-12-13-12-10-10-12-10-12	12-10-13-16-10-12-15-10-12-12-9-10	9-11-10-11-10-9-9-9-9-11-11-12	12-11-9-11-12-12-3-10-12-12-15-15
9	14	12-15-14-12-12-16-14-15-15-15-16-14	16-13-15-15-12-12-12-14-12-12-15-12	14-14-15-16-15-12-15-15-15-15-13-14	15-15-15-15-15-15-14-15-15-13-15-9	15-12-12-15-9-15-15-15-13-14-15-14	14-11-15-12-12-9-15-14-13-6-4-16	16-15-13-15-12-14-15-15-6-14-9-15	12-16-9-15-15-12-8-16-4-14-12-9	12-9-4-15-16-12-12-12-12-16-15-15	15-12-15-16-9-15-16-15-12-9-9-15	9-4-15-11-12-15-9-10-9-12-11-12	12-11-14-11-10-12-15-10-12-12-13-16
9	15	12-14-14-12-12-15-14-12-12-14-15-14	14-13-14-14-12-14-14-16-12-12-14-16	15-16-14-14-14-16-14-14-14-14-15-15	14-14-14-14-14-14-15-14-14-13-14-9	14-12-14-14-15-14-16-14-15-15-14-14	10-14-14-15-8-15-14-14-15-8-10-15	9-14-13-14-15-15-13-14-11-14-9-15	12-14-14-14-14-16-8-13-15-15-15-9	15-9-10-15-12-9-10-15-11-14-14-14	14-10-14-14-10-14-13-14-12-15-9-14	15-15-14-9-12-14-9-15-15-12-11-15	12-11-15-10-10-2-14-12-15-15-13-13
9	16	16-16-14-12-16-14-14-16-16-14-16-16	14-13-16-14-16-12-14-15-13-16-14-15	15-15-16-14-16-16-16-16-14-16-15-15	14-16-16-14-16-16-14-16-16-16-16-9	14-9-16-16-15-16-15-16-13-16-10-14	16-16-14-14-16-9-16-16-16-16-16-14	14-16-16-16-12-16-14-15-16-16-12-14	16-14-14-16-16-15-8-14-12-12-12-9	9-16-4-16-14-16-16-15-16-14-14-14	12-16-16-16-16-14-16-10-16-16-15-16	12-16-0-6-12-6-9-10-16-12-16-16	12-11-16-12-6-16-16-12-16-16-16-14
10	0	0-0-0-0-0-0-0-0-0-0-0-0	0-0-0-0-0-0-0-0-0-0-0-0	0-0-0-0-0-0-0-0-0-0-0-0	0-0-0-0-0-0-0-0-0-0-0-0	0-0-0-0-0-0-0-0-0-0-0-0	0-0-0-0-0-0-0-0-0-0-0-0	0-0-0-0-0-0-0-0-0-0-0-0	0-0-0-0-0-0-0-0-0-0-0-0	0-0-0-0-0-0-0-0-0-0-0-0	0-0-0-0-0-0-0-0-0-0-0-0	0-0-0-0-0-0-0-0-0-0-0-0	0-0-0-0-0-0-0-0-0-0-0-0
10	1	1-1-1-1-1-1-1-1-1-1-1-1	2-2-1-1-2-1-4-1-2-1-1-1	1-2-2-2-2-2-2-0-2-2-2-2	2-0-2-2-0-0-2-1-2-2-2-0	3-0-1-5-1-1-2-1-2-2-2-0	2-2-2-1-2-0-2-3-1-1-7-1	1-1-1-1-2-1-2-2-2-1-0-1	1-1-2-1-1-2-2-2-1-1-2-5	1-0-1-0-2-2-2-0-2-2-1-2	2-1-1-3-1-2-2-1-1-1-0-2	1-2-2-0-9-1-1-1-0-1-2-1	2-1-1-1-1-8-3-3-5-1-1-3
10	2	1-1-1-1-1-1-1-1-1-1-1-1	1-1-1-2-1-1-1-2-1-1-3-3	5-3-1-1-4-1-3-3-1-1-3-3	3-0-1-1-2-3-1-5-1-1-3-0	4-0-4-4-0-1-3-3-1-1-1-2	1-1-1-2-1-5-3-1-1-1-4-3	2-2-1-5-1-2-1-1-1-1-3-2	1-2-3-2-2-1-1-1-2-1-3-1	2-0-1-2-3-1-1-3-1-1-3-1	3-3-2-1-3-1-1-1-4-1-3-3	3-1-1-0-1-2-0-1-5-3-1-2	1-2-5-2-3-1-2-0-1-2-3-1
10	3	1-1-1-1-1-1-1-1-1-1-1-3	1-1-1-2-1-1-1-3-3-4-2-2	0-2-2-2-2-6-4-2-1-4-4-2	2-4-4-2-2-2-1-2-4-3-4-0	1-0-2-2-4-3-4-4-3-3-1-2	2-4-5-10-3-5-4-4-3-3-10-3	2-3-1-3-4-2-3-4-3-1-2-6	3-2-2-4-3-1-1-4-10-1-5-1	3-0-3-3-2-1-3-2-1-1-2-1	2-2-2-1-2-1-3-1-2-1-3-2	3-6-3-0-3-3-0-3-3-2-1-3	1-3-5-5-3-1-1-1-1-2-2-1
10	4	4-5-4-4-5-4-4-4-4-1-1-4	1-6-1-2-1-6-1-5-3-3-2-3	0-4-3-2-2-3-5-5-3-3-5-5	3-3-3-3-2-2-4-2-4-4-3-2	2-0-2-2-3-5-3-3-3-1-1-2	3-3-3-1-1-1-3-4-3-4-4-4	2-4-4-3-3-4-4-3-4-4-2-3	4-2-2-3-2-1-4-3-3-5-3-1	3-1-3-3-4-1-1-2-1-5-5-1	5-2-4-1-5-3-1-1-2-1-0-2	0-1-4-4-1-5-0-3-3-3-1-3	1-3-2-3-2-1-2-1-1-1-8-1
10	5	5-4-5-5-4-6-6-5-4-5-6-5	6-4-5-2-1-4-1-6-3-7-7-6	6-5-6-1-6-4-6-4-6-3-6-6	6-6-6-5-2-3-7-2-6-7-6-0	1-0-2-8-3-4-6-5-6-6-3-2	2-3-3-3-1-3-6-6-5-5-5-4	2-8-6-2-3-5-6-6-4-5-2-3	4-2-1-4-5-1-6-5-3-4-3-1	5-1-6-3-0-1-1-2-5-4-4-3	6-2-5-6-6-5-1-5-6-1-2-2	0-1-11-10-6-4-0-6-2-6-1-3	1-2-2-3-2-1-2-1-1-1-6-1
10	6	5-4-4-7-6-5-5-5-4-6-5-4	5-4-5-2-1-4-7-5-6-5-7-5	5-7-7-6-5-3-7-7-7-6-5-5	7-7-7-8-7-7-5-7-5-5-5-6	7-6-11-7-3-4-7-7-5-7-7-7	7-6-7-9-8-8-5-5-5-1-5-7	7-5-5-7-7-7-5-5-4-6-7-3	4-7-3-7-3-1-5-9-3-4-8-1	7-0-11-3-10-1-0-7-5-7-7-6	5-7-8-7-7-5-6-5-5-7-6-9	5-3-5-5-5-7-0-6-10-5-6-3	1-6-6-6-11-1-1-1-7-5-5-1
10	7	7-7-4-6-6-7-7-7-7-7-7-7	6-8-7-2-8-6-6-6-6-5-6-6	6-6-6-6-6-8-8-8-6-7-8-6	6-6-6-6-6-6-5-6-8-8-8-0	6-0-6-6-3-8-6-6-7-6-6-6	6-6-6-6-7-6-8-8-3-7-6-6	6-8-8-6-8-6-8-8-9-9-6-7	1-6-1-6-7-7-9-6-3-9-6-1	6-1-3-3-7-7-1-6-8-6-6-10	7-6-7-6-6-1-6-5-2-6-6-7	0-3-5-5-11-6-0-6-6-3-1-7	1-6-6-6-6-1-1-1-6-1-7-11
10	8	9-9-4-9-6-9-8-7-4-9-7-11	11-7-7-2-7-8-9-6-9-5-6-9	9-9-10-9-8-9-7-9-9-7-7-8	9-9-9-6-9-9-10-6-7-7-7-9	1-10-9-6-9-7-9-9-7-10-9-6	9-9-7-3-6-6-7-9-5-7-2-9	9-7-7-9-7-10-5-7-4-7-8-6	3-6-9-9-9-10-7-6-3-8-6-1	9-9-3-3-2-1-8-9-7-9-8-7	8-2-6-8-9-5-6-5-8-10-10-8	8-1-8-5-8-11-11-8-8-8-9-8	8-6-8-8-8-1-9-0-5-8-4-7
10	9	9-9-10-8-10-9-10-9-9-8-10-9	9-10-7-2-9-10-8-8-8-10-6-10	8-8-8-6-8-8-8-10-8-9-10-9	8-8-8-6-8-8-8-6-10-8-9-8	6-8-8-6-8-9-8-9-9-9-8-6	8-8-6-6-9-6-8-9-9-9-9-8	8-7-7-8-10-9-10-10-7-7-8-8	4-6-8-8-8-8-7-6-3-9-6-1	8-8-8-3-9-7-8-8-10-8-7-11	8-6-9-9-6-5-6-5-8-8-8-11	0-1-9-5-1-7-0-8-8-8-8-3	10-3-8-8-8-1-8-1-10-8-10-10
10	10	9-10-9-11-9-10-9-11-10-11-9-9	11-9-9-11-9-9-10-11-8-9-6-11	8-10-8-11-10-8-9-9-10-10-9-10	10-10-8-10-10-10-8-6-9-7-10-8	10-8-8-10-8-9-11-10-10-9-10-6	10-10-11-3-10-6-10-10-9-5-3-10	11-7-9-8-9-8-9-9-4-10-10-10	10-10-11-10-10-8-7-10-3-8-6-1	3-8-8-10-6-1-8-8-9-6-10-7	8-10-6-8-10-11-10-5-8-8-8-10	10-3-5-5-11-10-0-6-6-10-1-10	9-10-8-8-6-6-10-1-9-10-9-7
10	11	11-11-11-11-11-11-10-11-11-11-11-11	10-9-11-10-9-9-10-10-8-11-6-10	10-10-11-10-11-11-11-11-8-11-11-11	11-11-10-11-11-11-7-11-10-11-11-8	11-8-11-11-11-11-10-11-11-11-2-6	11-11-11-11-11-6-11-11-11-11-11-11	10-11-11-11-7-11-11-11-11-11-8-11	11-11-10-11-11-10-7-3-8-11-11-11	3-11-11-11-2-11-11-10-11-1-10-9	8-11-11-11-11-10-11-5-8-11-11-9	0-11-5-5-7-8-11-11-11-11-11-10	11-10-11-8-6-11-11-0-11-11-11-7
11	0	0-0-0-0-0-0-0-0-0-0-0-0	0-0-0-0-0-0-0-0-0-0-0-0	0-0-0-0-0-0-0-0-0-0-0-0	0-0-0-0-0-0-0-0-0-0-0-0	0-0-0-0-0-0-0-0-0-0-0-0	0-0-0-0-0-0-0-0-0-0-0-0	0-0-0-0-0-0-0-0-0-0-0-0	0-0-0-0-0-0-0-0-0-0-0-0	0-0-0-0-0-0-0-0-0-0-0-0	0-0-0-0-0-0-0-0-0-0-0-0	0-0-0-0-0-0-0-0-0-0-0-0	0-0-0-0-0-0-0-0-0-0-0-0
11	1	1-1-1-0-0-0-1-1-0-0-1-0	0-0-0-0-0-0-2-0-0-0-0-0	2-0-0-0-1-1-1-0-0-0-0-1	2-0-0-0-1-0-0-0-0-0-0-0	0-0-0-0-2-0-2-0-0-0-0-0	0-1-0-0-0-0-0-0-1-1-0-0	1-0-0-5-0-1-0-0-1-1-0-0	1-0-0-1-1-2-0-0-1-1-0-0	1-1-0-0-0-0-1-0-0-0-1-1	1-0-1-2-0-0-0-0-1-2-3-0	0-0-1-0-0-1-3-0-1-0-1-1	1-1-1-1-0-0-1-0-0-1-1-0
11	2	2-2-2-2-2-2-2-2-0-2-2-2	2-2-0-2-0-2-1-2-2-2-3-0	1-3-3-3-3-3-3-0-0-2-3-2	3-2-1-5-3-3-0-3-3-0-3-3	5-0-3-4-1-2-3-3-3-4-5-3	3-1-2-2-2-5-3-3-2-2-0-3	2-0-2-1-2-0-2-1-2-2-3-4	1-3-3-2-2-1-2-3-2-1-3-2	0-0-1-0-3-0-1-3-2-8-3-2	3-2-1-1-3-3-5-2-1-1-1-3	0-2-2-0-0-2-0-0-0-2-2-2	0-2-0-1-0-2-2-0-0-3-0-0
11	3	3-3-3-3-3-3-3-4-3-3-3-3	2-3-3-2-3-4-0-3-3-3-4-3	1-2-2-2-2-5-4-1-2-4-3-2	2-4-4-2-2-2-4-2-2-3-2-2	2-0-2-2-4-2-4-4-4-3-2-5	2-4-5-3-3-2-4-2-3-3-9-3	5-3-3-3-4-3-3-3-3-3-2-6	3-2-6-4-2-3-3-2-5-3-3-3	3-7-3-3-2-4-3-4-4-3-2-5	4-3-1-4-2-2-3-5-1-1-1-2	3-3-3-0-3-3-1-3-3-4-3-3	1-4-1-3-3-3-3-3-3-3-0-0
11	4	4-4-4-4-4-3-4-3-4-4-4-4	3-4-4-2-5-5-5-5-3-3-3-6	1-4-2-2-2-3-5-5-5-5-5-4	3-3-5-2-2-2-5-2-5-4-5-0	2-0-2-2-3-5-5-3-3-2-4-3	2-3-3-3-4-2-5-4-4-4-4-4	3-3-4-6-3-4-4-5-4-3-5-5	4-2-5-3-5-1-4-3-3-5-3-6	3-1-3-3-8-3-1-3-3-2-5-8	3-5-4-5-5-5-4-4-1-1-0-3	0-3-5-4-0-1-0-3-3-5-3-3	4-3-1-3-5-4-2-4-9-5-6-5
11	5	5-5-5-5-4-5-5-5-5-5-5-5	4-6-4-5-4-6-4-4-3-3-4-7	1-5-5-2-2-3-6-4-4-4-6-5	6-4-6-2-2-3-4-2-6-4-6-1	2-0-2-5-3-4-6-5-6-2-2-6	2-3-3-3-5-2-6-5-5-5-11-4	3-5-4-1-3-4-5-6-5-5-4-4	5-2-4-3-4-1-5-3-3-4-3-3	5-1-3-3-6-5-3-4-4-5-4-3	6-4-6-4-6-4-9-9-5-1-6-2	6-3-13-8-6-6-1-6-3-4-3-5	5-6-1-3-4-3-2-7-5-4-5-9
11	6	6-5-5-5-6-5-5-5-6-7-6-7	7-5-5-7-4-5-7-8-7-3-7-7	7-7-7-7-7-7-7-7-7-7-5-7	7-7-6-7-7-7-7-8-5-5-5-7	2-6-13-7-7-4-7-7-5-7-9-7	7-7-3-10-6-7-7-7-5-4-7-7	7-7-4-4-3-3-5-5-4-8-7-3	3-7-3-7-4-3-5-7-3-5-6-3	6-3-13-3-6-7-7-6-6-6-8-4	5-3-5-5-7-7-7-6-7-8-5-7	5-3-5-8-6-5-0-6-7-5-6-3	6-6-6-6-7-3-5-7-4-5-4-6
11	7	7-7-7-7-7-8-7-7-7-6-8-7	9-9-9-6-9-9-6-6-6-9-6-6	6-6-6-6-6-6-6-6-6-9-8-6	6-6-6-6-6-6-6-6-8-8-7-6	2-6-6-6-6-8-6-6-7-6-6-6	6-6-8-6-7-6-8-6-8-7-6-6	6-6-10-8-7-5-8-8-7-7-6-6	4-6-6-6-7-7-9-6-3-7-6-7	6-3-8-3-7-7-6-8-9-6-7-9	8-3-5-7-6-6-6-8-6-11-6-7	7-3-9-7-13-6-0-11-6-3-6-7	6-6-6-6-6-7-10-6-7-3-7-7
11	8	8-9-7-7-7-7-7-7-9-9-7-7	7-5-7-9-7-7-10-9-6-7-9-9	9-9-9-6-8-9-6-9-9-7-7-8	9-9-9-10-6-9-8-6-7-8-8-8	2-10-6-8-10-7-9-9-7-8-8-8	10-9-7-8-8-10-7-7-7-7-0-6	8-8-8-9-8-8-5-9-8-6-11-9	3-4-10-7-7-10-7-6-3-8-8-9	9-9-7-11-10-0-1-7-7-2-7-4	7-3-5-9-9-6-6-7-9-10-9-7	9-3-7-8-7-8-9-9-9-3-6-3	8-3-8-7-9-3-2-8-7-8-7-5
11	9	7-8-7-10-7-8-7-7-8-9-7-7	7-7-7-8-7-7-8-8-6-7-8-8	8-8-8-6-9-10-10-8-8-7-8-8	8-8-10-8-10-10-8-10-7-7-9-8	10-8-6-10-8-7-10-10-9-10-10-10	10-8-10-11-7-8-9-9-8-7-12-6	10-9-7-9-8-8-5-8-9-7-8-8	8-9-10-10-9-8-7-9-3-8-8-8	8-8-3-10-12-9-10-10-10-7-9-7	6-10-9-8-8-9-6-5-8-8-8-9	8-9-7-8-7-8-8-8-8-3-6-3	7-5-8-9-8-7-10-7-4-8-7-5
11	10	10-13-11-10-10-11-10-10-10-10-11-10	9-11-10-8-7-7-8-8-13-10-8-8	9-11-8-9-9-9-9-8-8-11-11-8	9-8-9-8-9-9-10-9-11-10-9-6	9-8-6-9-8-10-9-9-11-10-12-9	9-10-9-9-7-8-11-10-10-10-6-10	9-9-7-10-10-10-13-9-10-7-6-12	10-9-8-9-9-8-7-6-3-10-9-8	11-10-3-9-11-7-9-9-9-6-9-12	7-9-10-11-9-10-12-12-8-8-8-9	8-11-7-12-13-13-8-12-8-3-7-3	7-13-8-6-5-7-9-7-7-10-7-12
11	11	13-13-12-13-11-10-12-13-12-13-13-13	7-10-12-12-13-12-12-12-12-12-12-12	11-10-12-12-11-9-11-11-12-10-10-11	12-12-12-12-12-12-11-12-12-10-10-8	11-10-7-12-10-10-12-12-10-11-11-12	11-12-12-9-7-8-10-12-10-10-5-11	13-12-10-8-10-8-12-11-12-12-12-13	10-11-13-12-11-12-7-13-3-10-10-8	10-8-3-11-13-11-13-10-9-13-12-10	5-12-13-10-8-13-11-12-11-8-8-12	7-10-7-7-11-12-8-7-8-13-11-12	7-5-11-7-13-12-11-7-12-8-7-12
11	12	11-11-11-11-11-13-11-10-11-11-11-11	13-10-11-11-11-11-11-11-11-11-11-13	12-13-11-11-11-9-11-11-11-10-13-11	11-11-11-11-11-11-10-11-11-10-11-13	9-8-6-11-12-11-11-11-10-12-10-11	11-12-11-12-7-13-11-11-10-10-9-12	9-11-12-10-12-8-11-13-11-6-11-10	12-10-9-11-11-13-7-6-9-12-12-12	12-12-3-12-11-11-12-12-10-10-11-10	7-13-11-10-12-11-11-11-12-12-12-11	12-12-10-8-11-11-12-12-12-12-7-12	8-11-12-12-12-10-11-7-11-12-7-10
11	13	13-13-13-13-13-13-11-13-13-11-13-13	12-10-13-11-13-11-11-11-11-13-11-12	12-12-13-11-13-13-13-13-11-13-13-13	13-13-11-11-13-13-11-13-13-13-13-12	11-8-6-13-12-13-12-13-10-13-6-11	13-13-13-11-13-12-10-13-13-13-13-13	11-13-13-13-10-13-10-12-13-13-10-11	13-13-11-13-13-12-7-11-9-13-10-8	8-13-6-13-11-13-13-12-13-11-11-11	13-12-13-13-13-11-13-11-13-13-12-13	12-13-5-8-7-10-12-13-13-13-13-13	13-13-13-7-11-13-13-10-13-13-13-11
12	0	0-0-0-0-0-0-0-0-0-0-0-0	0-0-0-0-0-0-0-0-0-0-0-0	0-0-0-0-0-0-0-0-0-0-0-0	0-0-0-0-0-0-0-0-0-0-0-0	0-0-0-0-0-0-0-0-0-0-0-0	0-0-0-0-0-0-0-0-0-0-0-0	0-0-0-0-0-0-0-0-0-0-0-0	0-0-0-0-0-0-0-0-0-0-0-0	0-0-0-0-0-0-0-0-0-0-0-0	0-0-0-0-0-0-0-0-0-0-0-0	0-0-0-0-0-0-0-0-0-0-0-0	0-0-0-0-0-0-0-0-0-0-0-0
12	1	1-1-1-1-1-1-1-1-1-1-1-1	1-1-2-1-1-1-3-1-1-1-1-2	1-0-2-2-2-2-1-2-2-2-2-1	2-0-2-2-2-2-0-2-1-2-2-0	2-0-1-2-0-1-1-2-0-0-2-2	1-2-2-1-2-7-2-2-1-1-7-2	2-1-1-0-0-1-1-2-1-1-2-2	2-1-5-1-1-2-1-1-1-0-2-0	0-0-0-1-2-1-0-1-2-1-2-1	2-1-1-2-2-2-3-1-6-0-0-2	2-1-2-0-1-0-0-0-0-1-1-1	0-1-1-1-2-1-1-0-1-0-2-1
12	2	2-2-1-2-2-1-2-1-1-2-2-1	1-2-1-1-2-1-1-2-2-4-1-2	0-3-1-1-1-5-3-1-1-5-3-4	1-3-1-1-1-1-3-1-1-1-4-0	1-2-1-1-3-1-3-1-3-2-4-1	3-3-4-3-2-1-3-1-2-2-5-1	4-2-2-2-3-2-2-3-2-1-1-3	1-1-3-3-1-1-2-3-2-0-4-0	2-0-2-2-1-3-2-3-1-2-1-2	3-3-2-1-1-1-2-2-0-0-2-1	2-5-2-1-2-2-0-2-2-3-2-2	3-2-1-2-1-2-1-0-2-6-1-1
12	3	3-3-3-3-3-3-3-3-3-3-3-3	3-5-3-1-2-3-1-4-2-2-1-4	0-3-1-1-1-1-4-4-0-2-4-3	2-2-2-1-1-2-2-1-4-5-4-0	1-0-0-1-2-4-2-2-2-0-2-1	2-2-2-2-2-1-4-1-3-3-3-3	1-1-3-2-2-3-5-2-3-3-2-2	3-1-2-2-4-1-3-2-2-3-2-0	2-3-2-2-2-2-2-2-3-1-5-4	2-2-2-5-1-4-1-3-4-0-0-1	0-1-3-0-4-4-0-2-0-4-2-2	2-2-0-2-0-1-1-3-1-1-1-1
12	4	4-4-3-4-5-4-4-4-4-4-4-4	2-5-5-1-7-4-1-5-1-2-4-6	0-4-1-1-1-7-3-3-6-2-5-5	4-2-5-1-1-2-5-1-5-3-2-0	1-0-1-5-2-3-5-4-5-2-2-4	1-2-2-6-4-1-5-5-4-4-4-3	2-1-3-0-2-3-4-5-3-7-1-3	3-1-2-5-3-0-4-2-2-4-2-0	0-0-5-2-4-2-6-2-3-4-6-3	5-2-4-6-4-3-5-4-3-7-0-1	0-4-5-14-5-3-0-2-5-3-2-2	5-2-0-2-1-4-1-9-4-5-5-1
12	5	4-4-5-4-4-4-5-3-5-4-4-4	4-4-4-6-4-4-6-4-4-2-6-5	6-5-6-6-6-2-6-6-5-2-4-6	5-6-4-5-6-6-4-5-4-6-2-9	6-0-5-6-2-3-6-6-4-2-6-6	6-6-6-1-5-6-4-4-2-4-6-5	6-7-4-0-2-4-4-4-3-4-6-6	4-6-6-6-2-7-4-4-2-6-6-0	2-0-4-2-5-2-0-6-3-5-3-7	4-2-4-5-5-5-5-4-1-0-6-6	0-2-4-4-5-6-0-5-4-4-5-2	5-5-5-5-1-2-2-0-4-5-4-1
12	6	6-6-6-4-4-6-6-6-6-6-7-6	7-7-7-5-6-4-6-7-6-3-5-7	5-6-5-5-5-2-7-5-6-7-7-5	6-6-5-5-5-5-6-5-7-6-7-5	5-0-8-5-2-7-5-5-7-6-5-5	5-5-7-4-6-5-7-6-6-6-5-6	5-6-6-0-6-6-11-7-6-6-5-5	6-5-5-5-1-7-6-2-2-5-5-0	5-2-2-2-3-6-4-5-3-5-6-6	7-2-4-4-5-6-5-4-1-7-5-5	0-6-5-7-9-5-0-9-11-2-5-2	7-5-8-5-8-6-11-4-9-2-7-9
12	7	6-4-7-7-7-6-7-6-7-4-6-8	6-6-6-5-4-6-8-6-6-6-5-6	9-7-8-8-5-7-8-7-7-6-6-7	8-7-6-5-5-8-7-5-6-6-6-7	5-13-7-7-7-6-6-7-6-7-7-7	8-8-6-7-7-14-6-7-6-6-1-8	7-5-7-3-7-7-4-8-2-4-14-3	7-6-13-2-4-8-6-6-2-7-7-14	7-14-9-8-10-7-7-8-3-7-5-5	6-1-5-8-5-5-6-6-0-14-9-1	14-1-4-6-6-12-13-7-14-2-6-2	6-2-7-7-7-1-1-8-7-7-6-1
12	8	10-9-9-10-9-9-9-9-10-10-9-10	9-9-9-10-9-10-9-9-10-10-9-9	7-7-9-9-9-10-7-9-10-9-7-9	9-7-9-9-5-7-10-5-9-9-9-7	13-7-6-13-8-8-9-9-9-8-10-7	8-8-9-8-9-12-8-10-10-8-4-9	9-9-10-9-9-9-15-9-14-8-9-9	13-8-14-9-11-9-8-9-2-12-7-8	8-7-8-8-9-14-15-14-9-16-13-9	8-9-9-10-8-9-10-8-11-9-7-8	9-14-10-8-10-14-7-10-9-8-9-8	9-11-9-8-9-9-9-10-8-10-8-12
12	9	8-8-8-8-8-8-8-8-8-8-8-8	8-8-8-8-8-8-8-8-8-8-10-8	7-10-8-8-8-8-10-8-10-8-9-8	10-7-8-8-10-10-8-5-8-8-8-7	10-7-10-8-9-8-10-10-8-8-8-10	8-10-10-8-8-7-8-8-8-8-4-8	10-8-8-8-10-8-8-8-8-8-8-8	8-9-8-10-10-8-8-10-2-8-10-7	8-7-8-10-8-8-8-10-8-8-9-8	8-10-8-8-8-8-8-4-8-8-7-8	7-8-8-4-8-9-7-8-8-8-8-8	8-2-8-10-8-8-8-8-6-8-8-8
12	10	8-8-8-8-8-8-8-8-8-8-8-8	8-8-8-8-8-8-8-8-8-8-9-8	7-9-8-8-8-8-9-8-8-11-7-9	9-7-10-8-9-9-8-5-11-8-11-7	8-7-9-9-9-11-9-9-11-8-8-9	9-9-9-8-8-7-11-8-8-10-11-10	9-8-8-8-9-10-8-8-8-8-9-9	8-9-8-9-9-8-12-9-2-8-9-7	10-7-11-9-7-8-8-9-16-8-9-12	8-9-10-8-8-8-8-8-9-7-8-8	7-8-8-8-8-8-7-8-7-8-8-2	8-5-7-9-8-8-8-8-8-8-8-10
12	11	8-13-13-8-8-8-8-8-8-8-8-8	8-10-8-13-8-8-12-12-12-8-12-13	11-12-13-12-13-12-11-12-12-10-12-11	11-11-11-13-9-12-8-5-10-12-10-13	8-15-13-8-11-10-11-11-10-8-8-11	11-12-9-13-8-12-10-12-8-13-13-12	12-8-8-11-12-10-8-11-8-8-13-8	8-9-8-10-9-8-8-9-2-8-9-7	8-7-10-13-13-8-11-13-11-8-9-10	8-8-15-16-13-8-8-8-8-8-13-8	8-8-12-12-11-8-7-13-11-11-11-8	8-8-11-11-11-8-8-8-8-8-8-15
12	12	13-13-16-13-8-8-11-8-8-11-8-8	13-13-14-11-8-13-11-13-15-13-11-13	13-11-13-11-13-13-13-11-13-13-13-13	13-13-13-12-13-13-13-5-13-11-10-11	8-7-14-8-13-10-13-13-10-13-12-13	13-13-8-11-8-11-11-13-8-8-13-11	13-8-8-15-11-12-8-11-8-12-13-14	13-9-8-13-9-13-13-9-13-8-9-7	14-7-8-13-14-8-14-11-13-8-9-10	13-13-12-11-13-13-14-8-13-13-13-9	8-8-11-11-13-16-7-14-13-13-8-12	16-8-12-13-11-13-8-14-13-14-12-14
12	13	12-11-11-12-12-8-8-8-11-11-8-8	12-15-12-11-8-12-12-12-12-12-11-12	12-12-12-12-14-12-14-12-12-13-14-14	12-12-12-11-12-12-12-5-14-11-14-11	8-7-12-8-12-13-12-12-13-12-12-12	12-12-9-11-11-5-11-12-13-13-11-11	12-8-8-12-14-13-16-12-3-12-12-13	8-9-8-12-9-12-12-9-12-8-12-7	8-7-12-12-11-8-12-11-12-14-8-15	12-12-4-11-11-8-12-4-12-12-12-11	7-8-15-16-12-13-7-11-12-12-8-12	12-12-12-12-12-12-8-12-12-8-14-12
12	14	8-11-8-8-8-8-8-8-11-8-11-8	8-12-12-15-8-12-11-15-12-15-11-15	12-15-15-16-15-11-13-12-12-15-13-13	15-15-11-14-15-15-15-15-15-11-15-11	15-7-12-15-12-15-15-15-15-12-12-15	12-12-15-11-15-7-15-13-13-8-2-11	12-8-8-12-13-12-8-15-8-16-15-12	12-15-8-15-14-12-13-9-12-14-12-7	12-7-8-15-16-8-12-11-13-13-15-15	8-12-11-13-15-15-12-4-12-7-7-15	7-8-13-4-12-8-7-12-11-12-8-14	12-5-12-12-11-8-14-12-12-8-13-12
12	15	8-15-8-8-8-8-11-8-8-8-8-11	8-13-12-14-12-12-12-14-12-14-11-14	15-14-14-14-14-12-14-15-12-14-16-15	14-14-16-14-14-14-14-14-14-13-14-11	14-16-12-14-15-14-16-14-14-15-12-14	12-11-14-15-14-15-14-13-13-8-8-15	9-8-8-12-14-12-8-14-8-8-14-15	8-14-8-14-14-12-13-9-12-15-15-7	8-7-8-14-14-8-8-11-13-8-14-13	8-12-12-8-14-14-14-8-12-15-16-14	16-8-13-4-11-8-7-8-15-12-8-15	12-2-15-12-12-8-8-12-12-12-8-11
12	16	16-16-12-16-16-16-12-16-16-12-16-16	8-12-16-11-8-12-16-14-12-16-14-14	15-15-16-14-16-16-15-15-15-16-15-15	15-16-15-16-16-16-14-16-14-16-16-11	16-15-16-16-16-16-15-15-16-16-12-15	16-16-14-14-16-15-16-16-16-16-16-16	12-16-16-16-12-16-13-15-16-14-12-16	16-14-14-12-16-15-6-8-12-12-8-7	8-16-16-16-14-16-16-8-16-8-14-10	12-16-16-11-16-14-16-8-16-16-15-16	15-8-13-13-8-12-7-8-16-12-8-16	12-16-16-12-11-16-16-13-16-16-16-16
13	0	0-0-0-0-0-0-0-0-0-0-0-0	0-0-0-0-0-0-0-0-0-0-0-0	0-0-0-0-0-0-0-0-0-0-0-0	0-0-0-0-0-0-0-0-0-0-0-0	0-0-0-0-0-0-0-0-0-0-0-0	0-0-0-0-0-0-0-0-0-0-0-0	0-0-0-0-0-0-0-0-0-0-0-0	0-0-0-0-0-0-0-0-0-0-0-0	0-0-0-0-0-0-0-0-0-0-0-0	0-0-0-0-0-0-0-0-0-0-0-0	0-0-0-0-0-0-0-0-0-0-0-0	0-0-0-0-0-0-0-0-0-0-0-0
13	1	0-1-0-0-0-0-0-0-0-0-1-0	1-0-0-0-0-0-0-0-1-0-0-0	0-2-0-0-0-0-0-0-0-0-0-2	2-0-0-0-0-2-0-0-1-0-0-5	0-0-1-0-0-0-0-0-0-1-0-2	0-2-0-0-0-0-1-0-1-0-0-0	0-0-0-6-1-1-0-1-0-0-0-0	1-0-0-1-1-4-0-1-2-1-0-1	1-0-0-0-0-0-1-1-0-1-1-0	0-0-1-0-0-0-0-0-8-0-0-0	6-1-0-0-0-1-0-0-7-1-1-1	1-1-1-1-0-0-1-0-1-0-0-0
13	2	2-2-2-2-2-2-2-2-3-2-2-3	3-3-2-3-3-3-3-2-3-2-3-3	1-1-2-3-2-3-2-3-3-3-5-2	3-3-3-3-1-1-4-5-3-3-2-1	2-0-2-4-2-2-3-2-3-2-3-1	3-3-3-2-2-4-2-3-2-2-4-3	2-2-3-2-3-2-3-3-3-5-1-2	3-2-5-2-2-3-4-3-1-5-2-3	2-0-3-2-3-4-1-1-4-4-2-4	3-3-3-6-2-2-2-4-1-2-3-2	2-4-4-3-6-6-0-3-1-2-4-2	3-3-2-1-2-4-4-4-4-3-3-4
13	3	2-2-2-2-2-2-2-2-2-2-2-2	2-2-2-3-2-2-2-3-2-2-4-4	3-3-4-4-5-2-4-4-2-2-4-3	4-2-2-4-4-4-2-4-2-2-4-1	6-2-4-3-4-3-4-4-2-2-2-4	4-4-4-2-3-6-4-2-2-2-7-6	3-6-2-1-2-2-2-4-2-2-4-5	2-4-4-4-3-2-2-2-1-6-4-2	2-0-2-3-10-2-4-4-2-3-4-2	2-2-2-2-6-4-6-2-1-2-11-4	2-2-2-2-4-10-0-2-0-1-2-2	2-3-6-1-0-2-3-2-2-2-2-2
13	4	2-2-2-3-2-2-2-2-2-2-3-3	2-2-2-3-2-2-2-5-3-5-3-3	7-7-3-3-3-8-3-3-2-5-4-5	3-5-2-3-3-3-5-3-2-4-5-1	3-7-3-3-5-3-5-3-4-4-2-3	5-5-6-5-4-7-5-5-4-4-8-4	6-4-2-4-5-4-2-4-4-2-3-5	4-3-3-3-3-1-2-6-5-4-3-2	4-0-4-5-4-2-4-5-2-2-3-2	5-4-4-2-3-3-4-2-5-0-4-3	4-2-2-2-4-3-0-7-4-5-2-4	2-4-2-4-8-2-2-2-2-3-3-2
13	5	6-5-5-5-2-5-5-3-2-5-2-2	2-6-6-3-2-2-3-4-3-4-3-4	3-5-3-3-3-4-6-7-6-4-6-4	4-4-6-3-3-3-4-3-6-6-4-1	3-1-3-3-4-6-4-4-4-3-2-3	4-4-4-4-5-4-6-4-4-5-0-4	3-4-2-1-4-5-5-6-5-2-3-4	5-3-2-4-3-2-8-4-4-2-4-2	4-0-4-4-5-2-1-4-2-3-3-7	4-4-5-6-4-6-3-2-6-1-6-6	4-2-2-2-7-4-0-8-4-4-2-4	2-4-3-6-6-2-6-2-2-8-2-5
13	6	5-6-6-6-2-7-7-6-2-7-6-2	2-8-5-3-2-7-3-4-4-6-3-7	7-6-3-3-3-4-7-6-5-4-7-7	6-6-7-7-3-3-8-3-5-8-4-1	3-1-3-3-4-5-7-6-7-3-3-3	4-4-4-2-6-4-7-7-6-6-7-3	4-3-6-1-4-4-6-5-6-2-1-4	2-3-2-5-3-0-5-4-4-9-4-2	4-0-4-4-6-2-1-3-2-7-7-8	5-5-6-8-3-5-3-8-5-0-5-5	1-2-2-10-2-2-0-5-1-4-2-6	7-4-3-5-5-4-5-2-2-5-5-5
13	7	5-6-6-3-7-6-6-2-2-6-6-6	9-5-5-3-2-6-9-8-9-6-9-6	4-7-7-9-8-9-6-6-8-8-6-8	8-6-6-8-9-10-4-3-9-6-8-1	9-4-3-8-4-5-8-8-8-7-10-3	4-4-8-8-7-4-6-7-4-7-3-3	3-3-7-4-4-4-6-8-7-7-3-8	2-9-9-6-8-2-7-4-4-6-7-2	4-4-4-4-4-2-4-7-7-6-9-8	8-4-4-8-3-7-8-6-5-0-4-5	1-7-6-2-8-1-0-4-4-4-2-4	6-4-3-1-5-2-8-7-6-5-2-7
13	8	9-8-9-6-9-7-6-2-2-2-2-9	7-6-5-3-2-6-7-9-8-6-9-9	7-9-9-7-7-4-9-9-9-7-8-7	9-9-7-7-7-9-10-3-7-6-7-9	7-1-12-7-4-5-9-9-7-10-9-9	9-9-7-8-7-9-6-7-4-6-4-9	2-9-5-1-9-8-6-8-7-10-9-7	4-10-4-9-7-9-5-8-4-6-8-2	4-0-12-9-8-2-4-9-7-8-10-7	7-4-10-7-9-6-7-6-1-10-8-3	4-2-2-2-7-3-4-8-4-1-7-4	6-8-8-8-9-9-7-2-9-5-5-5
13	9	9-9-9-9-8-10-10-9-10-9-10-9	7-10-5-8-10-6-7-8-8-10-8-10	12-8-8-7-10-7-10-8-8-11-10-7	8-8-8-7-7-8-9-3-10-10-10-8	7-0-8-7-9-10-8-8-10-7-8-8	4-8-10-8-9-8-10-9-9-9-8-8	4-10-9-1-12-5-9-10-7-9-8-6	2-8-7-8-9-8-10-8-4-11-8-2	8-9-4-8-6-7-1-8-8-6-7-9	8-8-8-10-8-8-8-6-8-10-8-9	8-2-11-9-2-12-0-8-11-4-10-4	11-8-8-8-8-8-7-2-8-9-2-6
13	10	10-9-10-10-9-9-9-2-9-10-9-9	10-6-9-10-10-8-11-10-8-9-11-11	10-11-11-7-9-11-9-11-11-9-9-10	7-11-7-7-7-11-12-7-9-9-11-10	3-12-8-7-11-9-9-7-9-8-10-10	11-10-9-10-11-12-9-11-9-5-0-8	10-9-9-4-10-8-6-11-11-8-10-12	10-8-11-9-9-11-9-8-4-10-11-12	10-10-11-8-3-2-11-11-7-2-8-9	10-8-8-11-11-6-7-6-11-11-10-3	11-2-2-12-4-3-10-10-10-1-9-4	10-8-10-4-11-8-2-10-10-5-2-5
13	11	11-12-12-12-11-12-12-12-12-12-12-12	12-6-5-10-12-12-12-12-12-12-12-10	11-10-12-11-11-12-11-10-12-9-11-11	12-10-10-12-7-10-12-7-9-9-10-11	12-10-8-7-10-11-10-11-9-7-11-11	11-10-12-11-10-10-9-11-6-9-4-12	12-11-11-1-9-11-11-10-7-12-12-11	10-11-10-11-11-10-9-9-4-10-10-10	10-10-10-11-12-11-10-11-11-12-11-9	10-4-8-10-10-12-11-7-10-10-10-11	10-2-9-10-2-10-10-10-10-4-9-11	9-11-10-8-10-8-11-10-11-9-11-11
13	12	12-12-12-11-12-11-11-11-11-11-12-12	11-11-12-10-11-11-11-11-11-12-11-10	9-12-11-11-12-12-11-12-11-12-11-12	11-12-12-12-12-12-11-12-12-12-12-11	11-10-12-12-12-12-11-12-6-12-8-8	12-12-11-12-12-10-12-11-12-12-12-11	11-12-12-12-9-12-12-11-12-11-11-10	12-11-11-12-12-11-9-8-4-12-8-10	4-12-8-12-11-12-12-11-2-11-11-11	11-12-12-12-12-11-12-8-10-12-12-12	10-12-12-10-7-9-10-12-12-12-12-12	12-12-12-11-12-12-12-10-12-12-12-5
14	0	0-0-0-0-0-0-0-0-0-0-0-0	0-0-0-0-0-0-0-0-0-0-0-0	0-0-0-0-0-0-0-0-0-0-0-0	0-0-0-0-0-0-0-0-0-0-0-0	0-0-0-0-0-0-0-0-0-0-0-0	0-0-0-0-0-0-0-0-0-0-0-0	0-0-0-0-0-0-0-0-0-0-0-0	0-0-0-0-0-0-0-0-0-0-0-0	0-0-0-0-0-0-0-0-0-0-0-0	0-0-0-0-0-0-0-0-0-0-0-0	0-0-0-0-0-0-0-0-0-0-0-0	0-0-0-0-0-0-0-0-0-0-0-0
14	1	2-2-2-2-2-1-1-2-1-2-1-2	2-1-1-2-2-2-2-2-2-2-2-3	1-2-2-1-1-2-1-1-2-0-1-1	2-2-1-1-2-2-1-2-1-0-1-6	0-2-6-0-3-1-1-2-0-1-1-1	1-2-0-2-0-2-1-0-1-0-0-2	6-1-1-7-1-1-1-1-2-2-2-1	1-2-1-1-2-3-1-1-3-1-1-0	1-3-1-2-1-2-7-1-1-1-2-2	1-0-1-1-1-1-1-1-3-3-7-0	1-1-1-9-1-1-3-0-6-1-1-1	4-1-1-6-1-0-1-14-0-1-1-1
14	2	3-3-1-3-1-3-3-3-3-3-3-1	1-3-3-1-1-1-1-1-1-1-1-1	1-2-4-3-4-3-1-3-1-3-3-2	3-1-3-3-1-1-4-1-3-3-2-1	2-1-1-3-2-2-1-2-2-3-3-1	3-1-3-3-3-1-2-4-3-2-10-1	1-3-5-2-1-5-3-6-3-1-1-1	8-1-10-6-1-1-2-1-1-1-3-7	2-1-2-1-1-4-1-1-3-3-1-3	3-5-1-1-1-2-1-1-1-1-1-2	2-3-6-1-3-1-1-2-1-1-3-1	3-1-1-1-1-9-2-7-0-4-3-4
14	3	2-2-2-2-2-2-2-2-2-2-2-2	1-2-2-4-1-1-1-2-1-2-1-1	5-3-4-7-5-2-4-2-1-2-4-3	4-1-2-2-3-4-2-6-4-2-4-1	5-0-1-4-1-3-4-4-3-2-2-3	6-1-2-2-2-6-4-2-2-2-3-1	1-2-2-1-1-1-2-2-2-1-4-3	3-3-4-3-3-1-2-4-1-2-3-2	3-1-3-3-4-2-2-4-2-2-4-2	3-3-1-2-1-4-3-2-1-1-1-3	3-2-2-0-2-1-1-2-1-4-2-3	2-3-1-1-2-2-3-2-0-2-2-2
14	4	2-2-2-2-2-2-2-2-2-2-2-2	1-2-2-3-1-1-5-4-1-5-2-3	3-5-3-3-3-9-3-5-2-6-5-3	3-5-5-5-3-3-2-3-3-4-3-1	3-3-3-3-5-3-5-3-4-2-2-3	3-6-6-9-2-3-5-2-5-4-13-6	1-4-2-4-5-1-5-5-4-2-3-7	2-3-3-5-4-1-4-6-4-2-3-2	4-9-4-4-3-2-9-3-2-4-3-2	3-3-1-2-1-3-4-1-1-5-1-3	7-5-2-0-9-4-1-4-7-7-2-4	1-4-4-1-1-2-3-2-2-2-2-2
14	5	2-7-5-5-2-2-5-2-2-2-2-1	1-2-6-3-2-2-4-6-2-4-1-6	3-4-3-3-3-4-6-7-2-7-6-6	4-4-4-4-3-3-2-3-6-6-7-1	3-1-1-3-4-7-4-3-4-2-7-3	2-5-4-2-2-3-6-6-4-5-3-5	1-5-2-9-4-2-4-4-5-2-3-4	2-3-3-4-3-5-5-4-6-6-4-2	5-1-4-4-11-2-1-3-2-4-6-2	4-3-2-7-4-3-6-1-1-4-1-3	4-4-9-1-6-4-2-4-4-6-2-6	1-4-1-1-2-2-3-2-9-2-2-2
14	6	2-1-7-6-2-2-6-2-8-2-2-7	1-7-5-3-8-7-1-8-1-7-1-5	3-6-3-3-7-4-5-8-7-4-7-5	4-5-7-7-3-4-8-3-7-5-5-1	3-1-1-3-4-5-6-6-7-2-2-3	3-4-4-1-6-3-7-5-6-6-7-8	1-5-9-1-4-7-7-7-6-6-1-4	5-3-3-2-4-1-8-4-5-5-1-2	7-1-4-4-6-2-1-3-6-10-5-2	11-2-6-5-6-6-5-7-1-1-1-3	4-4-7-1-5-4-1-0-11-5-2-5	2-4-1-1-1-2-3-2-5-2-7-7
14	7	6-5-6-2-7-8-2-2-8-7-2-6	10-8-6-3-6-6-1-9-8-9-10-8	3-7-8-3-6-5-8-8-6-5-6-7	8-5-6-8-3-4-8-3-6-5-5-1	8-1-3-10-4-5-8-6-6-7-5-3	4-8-8-2-6-3-6-7-6-7-3-8	1-2-5-1-4-6-6-6-5-6-3-4	2-3-3-4-7-1-6-4-4-9-9-2	6-1-4-7-4-7-1-1-9-8-11-9	16-3-7-5-9-9-6-6-1-1-1-3	4-4-6-1-6-8-1-4-4-4-9-4	2-9-7-1-2-2-7-8-5-7-6-6
14	8	2-11-8-8-8-8-6-2-6-2-2-7	7-7-6-3-6-7-10-9-7-7-10-7	3-8-10-9-9-11-9-10-10-10-10-9	7-8-8-9-10-10-7-13-9-9-5-3	7-6-3-9-4-5-7-6-9-13-7-3	4-5-9-10-9-2-7-7-8-8-3-7	1-9-8-1-4-9-6-6-8-11-3-4	2-8-3-7-7-1-6-4-4-8-9-2	4-1-4-4-11-7-2-3-7-7-9-7	9-2-7-7-9-7-6-13-1-1-1-9	4-4-6-6-9-7-2-4-4-4-7-4	2-4-7-1-2-2-9-7-5-2-6-9
14	9	9-10-10-10-10-9-9-16-10-10-10-10	10-6-6-10-7-9-8-8-10-7-10-10	10-10-10-8-8-4-10-8-8-8-5-8	10-10-10-8-11-10-10-11-8-8-5-13	10-11-16-8-4-5-10-10-8-10-10-9	9-10-10-8-8-10-5-5-6-6-4-10	13-8-11-5-4-9-6-10-8-9-10-4	7-8-8-10-4-9-6-10-4-8-13-4	9-4-16-10-9-7-4-10-7-7-11-7	8-9-13-6-10-7-10-2-16-1-9-8	10-4-6-1-8-9-2-4-10-9-7-4	9-7-7-9-13-2-8-2-5-9-6-8
14	10	10-9-9-10-10-10-10-10-9-9-10-10	9-11-10-9-11-9-8-9-9-7-9-9	9-9-9-8-11-13-11-8-8-10-11-11	9-9-9-9-8-9-10-9-11-11-11-9	9-1-9-7-9-11-11-9-11-9-9-9	9-9-11-8-11-9-11-10-10-10-2-9	1-8-8-11-13-10-9-9-10-9-9-4	2-8-9-11-11-10-10-9-4-10-9-2	9-1-4-9-6-10-1-9-9-6-6-13	11-9-10-11-9-3-9-1-1-11-9-13	9-7-13-11-16-9-1-11-9-4-7-10	2-4-7-9-12-2-8-12-0-2-6-10
14	11	9-12-10-16-9-10-12-12-10-16-10-16	12-10-6-13-10-10-12-12-15-12-13-13	12-11-12-9-10-11-10-12-12-10-10-10	11-11-11-11-9-12-10-9-10-10-10-9	9-12-9-7-15-10-10-12-10-11-11-12	12-11-10-11-10-9-10-12-8-10-11-9	11-11-9-13-11-11-11-12-9-8-11-11	7-9-14-10-10-12-10-10-10-11-11-15	11-15-4-10-13-7-11-15-7-4-9-10	10-10-9-11-12-7-2-1-11-14-15-10	14-2-14-13-0-13-15-10-15-9-7-10	11-7-11-9-10-2-7-11-11-11-2-10
14	12	14-13-14-13-13-13-13-13-13-15-13-16	14-13-13-11-13-13-13-11-13-14-14-13	11-12-13-16-13-13-13-13-13-13-12-12	13-11-13-13-12-11-13-9-13-12-12-9	13-11-12-14-12-12-12-12-12-15-14-11	11-15-10-12-13-9-12-13-13-12-11-12	12-15-12-12-11-12-15-13-12-16-11-12	13-12-11-12-12-11-12-15-4-13-11-14	12-14-14-12-16-15-15-15-7-15-15-15	14-16-12-15-15-13-13-15-12-13-9-15	13-15-13-12-15-14-11-16-11-12-15-10	12-12-12-16-12-13-8-13-11-13-14-10
14	13	12-12-13-12-12-12-12-12-12-12-12-12	12-12-12-11-12-12-12-12-12-12-12-11	14-14-12-12-12-12-14-12-12-12-12-14	14-11-12-12-14-14-12-9-12-12-13-9	14-11-9-8-11-13-14-13-13-8-12-9	14-14-14-12-12-9-14-12-12-6-4-12	14-12-12-14-12-9-12-14-12-12-14-13	12-14-12-14-14-12-10-12-14-12-9-11	9-12-15-14-11-12-13-14-7-12-13-10	12-14-9-12-13-12-13-12-1-12-14-12	12-12-12-11-12-11-11-15-14-14-12-13	13-14-7-13-13-12-8-12-5-12-12-10
14	14	12-12-12-12-12-12-12-12-12-12-12-12	12-12-12-11-12-12-12-12-12-12-12-12	13-13-12-12-13-13-13-12-12-12-15-13	13-13-13-12-13-13-12-12-15-12-13-13	13-11-9-12-11-15-13-13-15-14-12-9	13-13-13-12-12-9-13-14-14-14-11-14	13-12-12-13-14-14-12-13-12-12-13-13	12-13-11-13-13-11-10-9-13-12-11-12	12-12-13-13-11-12-12-13-14-12-13-12	12-13-14-14-12-12-15-12-1-12-13-12	11-12-12-12-14-12-11-12-13-13-12-13	13-13-7-13-13-12-12-12-15-12-15-16
14	15	12-12-12-12-12-12-12-12-12-12-12-12	12-12-12-11-12-12-13-16-12-12-12-12	13-15-16-16-13-13-14-13-13-12-14-14	16-11-12-12-13-15-12-9-14-12-13-9	13-11-12-15-11-14-16-16-14-12-12-15	13-12-16-13-12-11-15-12-12-12-4-16	15-12-12-13-12-15-12-14-12-15-11-13	12-15-12-13-13-12-10-12-15-11-9-11	9-11-13-15-16-12-12-15-7-12-13-12	12-13-9-12-12-12-14-12-1-12-11-15	11-12-12-11-12-12-11-13-11-13-12-13	14-4-12-13-12-12-8-12-5-12-14-10
14	16	16-16-16-12-16-12-12-12-12-12-12-12	12-12-12-15-12-12-12-12-12-12-15-12	12-16-16-15-16-16-16-16-12-16-16-16	15-16-15-16-16-16-12-16-16-16-16-11	12-11-9-16-16-16-15-15-14-16-9-9	16-16-15-12-16-9-15-16-16-16-16-15	13-16-16-16-12-16-16-13-16-16-11-15	16-15-12-16-16-11-10-12-13-16-12-11	9-16-9-16-15-16-16-12-16-12-13-7	10-16-14-16-16-7-16-12-9-16-16-16	14-12-12-12-10-7-12-12-16-16-12-13	12-16-16-12-14-16-16-12-16-16-14-10
15	0	0-0-0-0-0-0-0-0-0-0-0-0	0-0-0-0-0-0-0-0-0-0-0-0	0-0-0-0-0-0-0-0-0-0-0-0	0-0-0-0-0-0-0-0-0-0-0-0	0-0-0-0-0-0-0-0-0-0-0-0	0-0-0-0-0-0-0-0-0-0-0-0	0-0-0-0-0-0-0-0-0-0-0-0	0-0-0-0-0-0-0-0-0-0-0-0	0-0-0-0-0-0-0-0-0-0-0-0	0-0-0-0-0-0-0-0-0-0-0-0	0-0-0-0-0-0-0-0-0-0-0-0	0-0-0-0-0-0-0-0-0-0-0-0
15	1	1-1-1-1-2-1-1-1-1-1-1-1	1-0-2-2-2-1-1-1-1-1-1-1	1-2-2-2-1-1-1-1-1-2-1-1	1-1-2-1-0-2-2-1-0-2-2-1	0-2-1-0-2-0-1-2-2-1-1-1	1-1-0-1-2-1-0-1-0-0-9-1	2-0-1-9-1-0-0-1-3-2-3-2	1-2-2-1-2-1-3-2-1-1-1-1	1-1-2-1-1-1-8-1-2-1-1-3	1-6-2-3-1-2-5-1-1-2-5-3	9-0-1-3-2-5-1-2-4-1-1-0	1-1-1-6-1-6-1-2-5-3-1-2
15	2	1-1-1-1-1-3-1-1-1-1-1-1	1-0-1-1-3-1-3-1-1-3-3-2	3-2-1-1-2-3-2-3-1-2-3-2	2-3-3-1-2-3-1-3-0-3-1-9	2-7-6-0-3-0-3-3-3-2-2-2	1-3-1-3-1-1-3-2-0-0-0-2	7-3-1-7-2-10-0-1-0-1-1-3	1-1-1-2-1-3-0-1-2-2-1-1	9-9-1-2-2-1-1-2-8-2-2-1	1-1-4-5-3-1-6-1-5-1-4-3	1-2-1-6-1-2-7-1-9-1-2-2	4-1-1-3-3-1-2-1-2-2-2-1
15	3	2-1-1-1-1-2-1-2-2-2-2-1	1-0-2-1-2-2-2-2-2-2-4-4	2-3-4-4-4-2-4-2-2-3-4-4	4-4-2-4-4-4-1-4-4-2-4-8	4-1-4-5-2-3-2-4-2-4-3-4	4-2-4-2-1-5-2-4-0-0-1-2	2-2-1-2-3-2-2-5-1-1-1-2	1-3-1-4-3-2-1-4-3-2-1-1	2-2-1-2-4-1-1-2-2-5-4-1	4-1-2-1-4-4-6-1-2-1-2-6	2-3-1-1-2-2-2-1-2-4-4-2	1-2-1-2-2-3-3-1-2-1-2-4
15	4	5-4-1-4-4-5-1-5-2-2-5-4	5-4-2-1-1-2-2-5-4-5-3-4	2-5-3-3-3-7-3-2-2-7-5-3	3-5-2-3-3-3-5-3-3-2-7-3	3-2-3-3-6-3-5-3-4-4-3-3	5-3-5-2-4-3-4-5-4-4-7-4	2-4-4-2-5-2-4-4-4-5-3-6	4-3-5-5-4-4-0-5-5-1-4-1	4-2-4-4-3-7-2-2-2-3-3-5	3-4-2-3-3-3-4-3-2-2-2-4	1-4-1-1-4-4-2-1-1-3-3-4	2-4-5-2-1-4-3-1-3-1-2-3
15	5	7-5-5-5-5-6-5-5-5-4-5-5	4-5-6-1-6-6-2-4-4-4-3-6	2-5-3-3-3-2-6-4-6-4-6-5	3-4-6-3-3-3-7-3-6-5-4-3	3-2-2-3-4-6-4-4-4-4-3-3	4-3-4-2-4-3-6-4-5-5-0-5	2-4-6-2-4-0-5-7-5-4-3-4	0-3-4-4-3-2-5-4-4-5-1-1	4-2-4-4-1-4-1-4-5-3-4-4	2-1-5-2-3-5-1-5-2-1-1-4	1-4-7-1-1-2-6-1-2-4-6-4	1-4-2-2-6-5-4-1-1-1-1-6
15	6	6-6-6-6-6-5-6-6-6-6-6-5	7-7-5-3-7-7-2-8-2-4-3-5	2-6-3-3-3-4-5-7-8-4-7-6	4-4-7-3-3-3-7-3-7-7-4-3	3-2-2-7-4-5-7-6-7-6-2-3	1-2-4-2-6-3-7-7-8-7-1-5	2-7-6-2-4-6-7-5-5-6-1-4	0-3-4-5-4-2-6-4-4-6-1-1	2-2-4-4-9-1-1-2-7-5-6-4	1-1-6-8-1-6-3-5-2-1-2-3	1-4-8-2-1-6-5-1-2-1-5-4	1-4-2-1-5-1-3-1-10-1-7-7
15	7	5-6-8-8-6-9-6-8-9-9-6-6	6-6-5-8-6-6-8-9-8-4-9-10	8-7-8-8-8-4-8-8-6-4-6-7	7-8-6-7-9-8-6-10-6-6-4-3	9-2-2-6-4-5-6-8-6-9-9-7	8-8-8-2-6-11-6-6-4-6-8-8	2-10-6-2-4-2-6-8-5-10-8-7	1-8-2-8-7-2-6-10-4-2-7-1	4-2-7-8-10-7-2-8-6-8-7-10	1-1-5-7-7-7-7-5-2-1-8-8	1-4-5-2-1-2-2-10-2-1-7-4	1-7-7-7-2-7-3-1-6-10-6-6
15	8	8-8-9-8-9-8-8-8-8-8-6-9	9-10-9-7-10-9-7-9-7-9-7-9	7-8-7-7-7-10-9-7-9-9-9-9	8-9-9-7-7-7-9-7-9-8-9-3	7-2-11-3-4-9-7-7-8-8-7-7	7-7-7-2-6-7-9-8-8-8-7-7	2-10-9-1-9-6-10-7-10-10-7-8	8-10-9-7-9-2-6-9-4-11-1-1	1-2-9-7-8-7-1-7-9-7-9-9	11-9-8-6-7-7-7-12-9-1-7-7	8-7-6-10-9-9-9-10-2-1-7-8	8-4-11-7-1-9-9-8-12-1-6-8
15	9	9-9-9-9-8-9-8-9-8-12-9-9	8-8-8-7-8-8-8-8-7-8-7-8	13-9-7-7-8-11-10-8-10-8-10-10	9-8-10-7-7-7-10-7-8-10-10-2	7-2-2-10-4-8-8-8-10-7-7-7	1-7-7-2-10-7-8-9-9-10-1-7	2-10-8-1-8-9-10-8-10-9-1-7	9-8-8-8-8-2-8-8-4-9-2-1	2-2-10-7-9-7-1-7-10-9-8-8	1-8-9-10-10-10-8-10-8-1-7-10	1-10-8-8-8-8-8-1-2-1-7-4	1-4-7-7-1-8-8-1-6-1-8-8
15	10	9-10-9-9-8-9-9-10-8-9-9-8	10-8-8-10-8-6-11-11-11-8-11-10	2-10-12-11-7-8-9-11-9-8-9-9	9-11-9-10-7-11-9-7-9-9-9-10	7-12-10-9-12-8-8-11-9-10-10-11	11-11-8-2-9-10-9-11-9-9-0-11	12-9-9-12-11-12-9-11-8-9-10-10	9-8-11-11-9-11-5-7-4-10-11-10	10-10-7-7-7-2-11-10-9-10-8-7	13-10-9-9-7-6-7-9-12-11-7-9	10-9-9-8-5-10-10-7-12-10-8-4	12-7-7-10-10-10-8-1-6-10-8-6
15	11	12-13-12-13-12-13-13-12-13-12-13-13	13-12-12-12-12-12-12-12-12-12-12-12	13-11-12-12-12-12-10-13-12-12-12-12	12-12-12-12-10-10-13-7-12-12-11-10	13-10-11-12-10-11-11-11-12-12-12-10	10-10-12-12-11-12-10-12-12-11-1-12	10-12-11-10-10-11-12-10-12-12-10-13	11-11-12-10-11-10-11-12-4-12-10-12	11-12-11-11-13-12-10-10-12-13-11-12	12-13-9-12-12-12-11-13-10-10-7-12	12-12-9-8-13-13-10-13-10-11-12-11	12-7-12-10-11-12-12-12-6-11-12-8
15	12	11-11-11-11-11-11-11-11-11-11-11-11	11-11-11-13-11-11-11-13-11-11-11-11	12-11-11-13-11-11-12-11-11-11-12-11	13-11-11-11-12-12-11-7-11-11-11-10	12-10-10-11-10-12-13-12-11-11-11-7	12-10-11-11-9-11-12-11-11-6-12-13	10-11-11-10-11-11-11-11-11-11-12-12	11-12-11-12-12-11-5-11-4-10-12-11	12-11-11-4-13-11-10-10-11-11-12-11	11-12-12-11-12-12-12-11-10-10-7-11	12-11-12-8-11-10-10-12-10-12-11-4	11-12-11-10-12-11-11-11-6-12-11-11
15	13	13-11-12-11-13-11-11-11-11-11-13-11	11-11-11-12-11-11-11-12-11-13-11-11	11-11-13-12-11-12-12-11-11-13-13-11	12-13-11-11-13-13-11-13-11-13-13-11	11-10-13-13-13-13-12-12-11-13-12-7	13-13-12-11-13-13-11-13-13-13-13-12	12-13-13-13-11-13-11-12-13-11-12-12	13-11-11-13-13-11-13-11-12-11-11-13	11-13-13-13-12-11-13-11-13-11-12-11	11-11-13-13-13-11-13-11-10-13-11-13	8-11-13-8-11-10-12-11-13-11-11-4	11-12-13-10-12-13-13-11-13-13-11-8
16	0	0-0-0-0-0-0-0-0-0-0-0-0	0-0-0-0-0-0-0-0-0-0-0-0	0-0-0-0-0-0-0-0-0-0-0-0	0-0-0-0-0-0-0-0-0-0-0-0	0-0-0-0-0-0-0-0-0-0-0-0	0-0-0-0-0-0-0-0-0-0-0-0	0-0-0-0-0-0-0-0-0-0-0-0	0-0-0-0-0-0-0-0-0-0-0-0	0-0-0-0-0-0-0-0-0-0-0-0	0-0-0-0-0-0-0-0-0-0-0-0	0-0-0-0-0-0-0-0-0-0-0-0	0-0-0-0-0-0-0-0-0-0-0-0
16	1	1-1-1-1-1-1-1-1-1-1-1-1	1-0-0-1-0-1-0-0-1-1-1-0	3-2-0-2-2-0-2-0-0-1-2-2	0-0-0-2-2-2-0-4-2-0-2-0	2-0-0-2-0-1-2-2-1-1-0-0	4-0-1-0-0-2-1-1-1-1-0-0	1-1-1-0-1-1-1-0-1-1-0-0	1-1-1-0-1-1-1-0-1-0-1-0	1-0-1-0-2-1-0-1-1-1-1-1	0-1-1-1-2-1-1-1-1-0-1-1	0-1-1-0-1-1-0-1-0-1-1-1	0-1-1-1-0-1-1-0-1-1-0-0
16	2	2-2-1-2-2-2-2-2-2-2-2-2	3-2-2-1-2-2-2-2-2-2-1-2	3-1-0-1-1-5-3-1-0-1-3-1	3-3-3-1-1-1-2-1-1-2-4-1	1-0-0-1-3-1-3-3-2-2-4-0	1-3-4-0-2-1-3-3-2-2-9-2	2-2-2-2-3-2-2-3-2-2-2-6	2-1-6-3-2-2-2-3-2-5-2-0	2-2-2-3-1-2-2-3-2-2-1-2	2-5-2-2-1-1-2-2-3-2-2-1	2-2-2-0-2-2-2-2-3-3-2-2	2-2-4-2-2-2-5-2-0-1-1-2
16	3	3-3-3-3-3-3-3-3-3-3-4-3	4-3-3-1-3-3-2-4-2-2-1-2	1-2-4-1-1-2-4-4-2-1-4-4	2-2-4-1-1-1-3-1-4-3-1-0	1-0-0-1-2-4-2-4-2-1-2-2	2-2-2-3-2-1-2-2-2-3-3-3	2-2-3-2-2-3-2-2-3-2-2-2	3-1-2-2-2-0-3-2-2-4-2-0	3-2-2-2-3-2-3-2-3-4-4-3	2-1-3-3-4-1-3-3-2-2-2-1	5-2-3-3-2-4-3-2-2-2-2-2	3-2-2-2-3-4-1-5-3-3-3-0
16	4	4-3-4-5-3-4-4-4-4-4-5-4	5-3-4-1-5-3-2-6-2-5-5-6	5-4-5-1-5-2-5-3-5-2-5-5	5-5-5-4-1-2-6-1-5-4-5-0	1-0-0-1-2-3-5-5-5-5-2-1	1-2-2-2-4-1-5-2-4-4-4-3	2-5-3-2-2-4-5-5-3-4-0-2	3-1-2-3-4-0-5-4-2-3-2-8	4-2-5-2-4-2-5-2-4-3-3-5	3-1-4-5-5-3-2-4-5-2-2-1	5-2-11-10-5-5-3-2-2-5-2-2	3-2-2-2-5-3-2-3-9-5-5-6
16	5	4-3-4-4-5-4-4-4-5-5-4-4	4-3-4-1-4-5-6-6-5-4-6-6	8-6-7-6-6-2-6-6-6-7-4-6	6-6-6-6-7-6-4-6-4-4-4-5	6-5-6-6-2-3-6-6-4-7-7-7	6-7-2-5-5-6-4-7-4-4-6-6	6-4-4-6-2-5-4-6-2-5-6-2	6-6-2-6-2-5-4-6-2-7-6-5	6-2-4-2-5-6-4-6-6-5-4-5	6-6-5-5-6-1-5-4-6-6-5-1	7-2-4-4-4-4-6-5-7-4-5-2	5-5-5-5-6-5-2-6-3-4-4-6
16	6	6-6-6-6-6-6-6-6-6-6-6-6	6-7-4-1-6-6-5-4-5-4-5-7	5-5-5-5-5-2-7-5-5-6-7-5	5-5-5-5-5-5-4-5-7-4-4-5	5-0-5-5-2-7-5-5-6-5-6-5	5-5-5-5-6-5-5-6-6-6-5-5	5-6-6-5-2-5-6-7-6-7-5-2	5-5-2-7-6-5-11-5-2-7-5-0	5-5-7-7-6-6-5-7-5-5-5-7	6-5-6-5-5-5-5-4-7-5-5-11	5-4-11-7-11-4-6-5-5-7-7-6	7-5-5-5-7-5-7-5-6-6-9-6
16	7	7-7-7-7-7-6-7-7-6-7-7-7	7-8-6-1-6-7-5-7-6-4-5-9	5-7-5-5-9-8-6-6-6-8-6-7	5-5-8-5-5-5-8-5-9-8-8-5	5-5-5-10-2-6-6-6-8-5-5-5	8-5-8-5-7-5-8-5-7-7-5-6	5-8-7-8-2-5-10-6-7-6-5-2	6-6-2-6-6-0-6-7-2-6-5-8	5-2-6-6-7-2-6-6-5-7-7-8	6-8-11-8-5-6-5-4-6-2-5-1	5-2-5-6-8-6-6-5-5-6-8-7	6-5-5-5-6-5-6-8-7-8-7-7
16	8	8-8-11-10-9-11-11-8-11-11-8-11	9-7-9-10-9-9-9-10-9-9-9-11	9-8-9-9-8-9-9-9-9-7-9-8	9-9-7-9-8-8-11-9-7-7-7-8	7-9-8-9-10-6-9-9-7-8-7-8	8-9-7-8-8-10-7-8-6-7-7-9	5-9-7-9-8-9-7-9-7-10-9-9	5-6-9-6-6-10-6-8-10-10-9-10	5-10-9-5-10-8-9-9-9-9-8-10	10-7-8-9-9-1-7-4-9-10-9-10	10-2-8-4-6-11-9-10-10-11-7-8	8-9-8-10-10-10-1-10-11-7-7-4
16	9	8-6-8-11-8-8-8-8-8-8-9-8	8-7-8-8-8-8-8-11-8-8-8-8	10-10-8-8-10-8-10-8-8-7-8-10	8-8-8-8-10-10-8-8-7-8-8-8	10-8-10-8-8-10-10-10-8-11-10-5	10-8-10-9-8-5-8-10-9-7-2-8	11-8-9-8-8-8-9-8-7-11-10-8	5-9-8-10-10-8-6-7-2-8-10-8	8-8-8-10-8-8-8-10-7-8-9-8	8-10-5-8-10-10-10-4-8-8-8-8	9-2-9-4-6-8-8-9-8-9-9-10	7-8-8-8-8-7-9-7-4-7-6-10
16	10	8-11-9-8-10-8-8-8-8-8-8-8	9-8-8-8-8-8-8-8-8-8-9-8	9-9-8-9-9-11-9-8-9-10-11-9	9-9-8-10-9-9-8-5-7-7-9-8	9-8-8-7-8-9-9-9-7-10-9-5	9-10-9-10-8-8-9-9-7-7-10-10	9-7-7-8-9-8-7-9-7-11-9-10	8-10-8-9-9-8-6-7-8-8-9-8	8-8-8-9-8-8-8-9-7-5-10-8	8-9-10-10-10-9-9-4-8-8-8-10	8-2-9-4-6-10-8-8-8-9-10-9	7-2-8-8-8-8-9-8-8-10-6-9
16	11	11-11-8-11-11-8-8-11-11-8-11-11	9-6-11-8-11-8-8-10-10-11-9-8	10-11-11-10-11-10-11-11-8-11-11-11	11-11-11-11-11-11-8-11-11-11-11-8	9-8-11-11-11-11-10-11-7-11-11-5	11-11-9-11-11-5-11-11-11-11-11-10	9-11-11-11-9-11-11-11-11-10-9-11	11-11-5-11-11-8-6-8-10-11-9-11	7-11-11-11-9-11-11-6-11-9-10-8	8-11-7-11-11-9-11-4-11-11-11-11	11-11-4-4-6-8-11-9-11-11-11-11	8-9-11-8-10-11-11-7-11-11-11-0
17	0	0-0-0-0-0-0-0-0-0-0-0-0	0-0-0-0-0-0-0-0-0-0-0-0	0-0-0-0-0-0-0-0-0-0-0-0	0-0-0-0-0-0-0-0-0-0-0-0	0-0-0-0-0-0-0-0-0-0-0-0	0-0-0-0-0-0-0-0-0-0-0-0	0-0-0-0-0-0-0-0-0-0-0-0	0-0-0-0-0-0-0-0-0-0-0-0	0-0-0-0-0-0-0-0-0-0-0-0	0-0-0-0-0-0-0-0-0-0-0-0	0-0-0-0-0-0-0-0-0-0-0-0	0-0-0-0-0-0-0-0-0-0-0-0
17	1	1-1-1-0-0-1-0-0-0-0-0-0	1-0-0-0-0-0-2-0-0-1-0-0	0-0-2-0-0-0-2-0-0-0-0-0	2-0-0-0-0-0-0-0-0-0-0-5	0-0-5-0-0-0-0-0-0-0-0-4	0-0-0-0-0-0-0-0-0-0-0-2	0-0-0-1-0-1-0-0-0-0-0-0	1-0-0-1-0-0-0-0-1-1-0-0	0-0-1-0-0-0-1-1-0-0-1-0	0-1-1-0-0-0-0-0-2-3-3-0	6-0-0-0-0-1-0-0-5-1-0-1	0-1-1-1-0-0-0-0-0-0-0-0
17	2	2-2-2-2-2-0-2-2-2-2-2-2	2-2-0-2-0-3-1-0-1-2-3-0	5-3-3-3-3-3-3-3-0-3-2-2	3-1-1-3-2-3-0-3-2-0-2-1	3-0-4-4-2-2-3-3-2-0-11-2	2-5-2-2-2-4-2-2-0-2-2-1	2-2-0-1-2-0-2-1-2-2-3-0	2-2-3-2-2-1-0-3-2-1-3-0	0-0-0-2-8-0-0-5-2-8-2-2	3-2-1-0-0-3-0-2-1-1-0-3	0-2-0-0-0-1-0-0-0-1-2-1	0-2-1-1-0-0-2-0-0-0-0-0
17	3	3-3-3-3-3-3-3-4-3-3-3-3	4-3-3-2-3-4-1-3-3-4-2-3	1-2-2-2-2-6-2-4-2-4-3-2	5-4-4-4-2-2-3-2-2-3-2-1	2-3-2-2-4-3-4-4-4-3-2-2	2-4-5-4-3-0-3-4-4-3-3-6	2-3-3-3-4-3-3-3-3-4-2-4	3-2-4-4-2-3-3-2-7-3-3-0	3-7-3-3-2-4-3-4-0-3-2-2	2-3-1-4-3-2-4-4-1-4-1-2	3-6-3-0-3-3-0-3-6-4-3-3	0-3-1-1-3-3-3-0-3-3-2-0
17	4	4-4-4-4-4-4-4-4-4-4-4-4	3-4-5-2-5-4-1-3-3-3-3-6	2-4-3-6-2-3-5-4-2-3-5-5	3-3-3-3-2-3-5-2-2-4-5-1	2-0-2-2-3-5-3-3-3-3-2-1	2-3-3-3-3-2-5-3-3-4-2-4	2-3-4-1-3-4-3-3-3-4-2-3	4-2-3-3-2-3-4-3-3-3-3-0	4-3-3-3-3-3-1-3-5-4-2-6	3-3-4-4-3-3-5-3-5-3-1-3	0-3-5-0-3-5-0-0-0-3-3-3	5-3-1-1-0-3-3-5-4-4-9-6
17	5	5-5-5-4-5-4-5-5-4-4-5-5	6-6-4-2-4-5-1-6-3-7-6-6	2-5-5-6-2-3-4-6-6-3-6-6	3-6-6-3-3-3-4-2-6-6-3-1	2-1-1-5-3-4-6-5-6-3-2-2	2-3-3-3-5-2-6-6-5-5-5-3	2-6-5-1-3-4-6-6-5-5-3-3	5-6-4-4-2-0-6-6-3-5-3-0	6-1-3-3-7-3-1-2-5-6-5-3	8-2-7-6-2-6-6-6-4-1-1-5	1-3-4-5-6-4-0-0-1-3-5-3	4-3-2-1-3-5-2-7-5-7-5-9
17	6	6-5-5-4-6-4-5-8-7-4-8-5	5-5-4-2-4-5-7-5-7-5-7-7	5-7-7-7-7-3-7-5-7-3-5-7	7-7-8-7-7-7-5-9-5-5-5-7	7-1-8-7-3-4-7-7-5-7-7-7	7-7-7-9-6-11-5-5-5-5-7-7	11-5-4-1-3-4-5-7-3-6-7-7	3-7-7-7-3-5-11-7-3-7-6-0	7-3-11-3-6-7-1-7-6-5-8-8	11-3-8-5-7-5-5-5-6-9-7-6	1-3-5-5-5-8-0-5-3-8-6-3	4-6-6-6-3-7-2-4-5-5-5-4
17	7	7-7-7-7-7-8-7-7-6-8-8-7	5-8-7-2-4-5-6-6-6-5-6-6	11-6-6-6-6-8-6-7-6-7-8-6	6-6-6-6-6-6-8-2-8-7-7-6	6-0-10-6-3-8-6-6-8-6-6-6	6-6-6-6-5-6-8-7-7-7-6-6	2-7-7-10-3-4-8-6-7-7-6-6	7-8-6-6-9-7-8-6-3-7-6-0	6-7-3-3-5-8-5-6-8-5-6-8	8-2-7-8-6-8-10-5-1-3-6-8	0-7-7-11-11-11-0-8-10-3-7-7	6-3-2-6-11-6-8-5-8-5-7-7
17	8	7-7-8-7-8-7-8-7-7-7-7-7	9-7-7-8-10-8-9-9-9-5-9-8	8-9-9-8-9-9-9-9-9-9-7-9	8-8-6-6-9-9-8-2-7-10-8-10	2-9-6-6-8-7-9-9-7-8-8-8	9-8-7-6-8-8-7-8-8-7-0-9	8-7-7-1-8-8-7-9-7-7-9-7	3-7-9-7-2-9-7-6-3-8-8-9	8-9-3-9-2-7-10-9-7-9-6-7	7-3-6-7-9-7-5-5-10-8-8-7	9-9-5-7-0-8-9-8-8-6-7-3	8-3-9-6-8-7-7-0-9-8-7-7
17	9	9-9-9-9-9-9-9-9-10-9-9-10	7-10-9-8-10-8-8-8-8-5-8-8	11-8-8-8-8-8-8-8-8-8-8-8	8-8-8-6-8-8-10-6-9-9-9-1	2-8-10-6-10-9-8-8-9-8-8-6	9-10-6-6-8-6-10-9-9-9-2-9	2-9-7-10-8-9-11-8-7-7-8-9	7-7-8-10-7-8-7-6-3-10-8-8	9-8-8-8-5-10-1-8-7-8-6-8	8-2-6-10-8-7-7-5-8-8-8-10	8-11-5-7-0-10-8-8-0-3-10-10	9-10-8-11-11-7-7-0-8-8-7-7
17	10	11-11-11-11-11-10-11-10-11-11-11-11	11-9-9-8-11-11-11-11-11-11-10-11	10-8-11-10-10-11-10-10-11-9-10-10	11-8-11-11-10-8-9-6-9-9-9-10	10-8-9-10-9-9-11-10-9-10-10-10	10-8-10-10-8-10-9-10-9-9-5-11	7-9-10-9-10-10-9-10-9-10-11-11	10-10-8-9-9-11-10-10-10-9-11-10	10-8-10-9-11-10-11-9-10-11-11-11	10-10-7-11-9-11-7-10-8-10-8-9	11-9-5-7-5-9-8-11-7-11-9-9	11-9-10-10-7-7-10-5-10-9-10-10
17	11	11-11-11-11-11-11-10-11-10-10-11-11	10-7-11-8-10-10-10-10-10-11-10-10	9-11-10-10-11-11-11-11-10-11-11-11	10-11-10-10-11-11-10-11-11-11-11-8	11-8-11-11-11-11-10-11-9-11-2-6	11-11-11-10-11-6-11-11-11-11-11-10	10-11-11-11-10-11-11-10-11-11-10-10	11-11-10-11-11-10-7-10-3-11-10-8	3-11-11-11-2-11-11-10-11-10-10-10	10-10-11-11-11-11-11-10-11-11-11-11	10-9-5-7-7-7-8-10-11-11-11-11	10-11-11-9-7-11-11-10-11-11-11-0
18	0	0-0-0-0-0-0-0-0-0-0-0-0	0-0-0-0-0-0-0-0-0-0-0-0	0-0-0-0-0-0-0-0-0-0-0-0	0-0-0-0-0-0-0-0-0-0-0-0	0-0-0-0-0-0-0-0-0-0-0-0	0-0-0-0-0-0-0-0-0-0-0-0	0-0-0-0-0-0-0-0-0-0-0-0	0-0-0-0-0-0-0-0-0-0-0-0	0-0-0-0-0-0-0-0-0-0-0-0	0-0-0-0-0-0-0-0-0-0-0-0	0-0-0-0-0-0-0-0-0-0-0-0	0-0-0-0-0-0-0-0-0-0-0-0
18	1	1-1-1-1-1-1-1-1-1-1-1-1	1-0-1-1-0-2-2-2-1-1-2-2	1-2-2-1-1-2-2-1-1-0-2-1	2-1-3-1-1-3-0-1-0-0-0-3	1-3-2-1-3-0-2-2-0-1-1-3	2-3-1-1-1-2-0-2-0-0-19-1	2-1-1-2-2-1-1-0-0-1-3-2	1-1-2-2-1-5-0-2-2-0-2-4	1-2-1-3-3-1-1-2-1-2-1-0	2-2-1-3-3-1-2-1-2-2-2-1	2-0-2-0-0-0-2-2-2-1-0-1	2-0-1-2-2-2-2-2-2-1-1-1
18	2	2-2-2-2-2-2-2-2-1-1-2-2	1-2-2-1-3-1-1-1-1-1-1-1	1-2-1-1-0-1-3-1-3-2-3-2	1-1-3-0-1-1-1-0-3-0-3-1	0-1-1-0-1-3-1-1-0-1-0-0	1-1-0-1-1-1-3-1-2-2-0-0	1-0-2-1-3-2-6-3-2-2-1-1	2-2-1-3-2-1-6-1-1-2-1-1	1-1-1-1-1-1-3-3-2-1-2-0	1-3-2-0-0-2-1-2-1-1-1-3	1-4-4-7-4-2-3-1-1-1-3-2	1-0-1-1-3-1-1-1-1-2-1-4
18	3	3-3-3-3-3-2-3-3-3-3-3-3	3-4-4-1-5-4-1-4-1-3-1-2	1-3-1-4-0-4-2-4-4-4-4-3	1-1-4-4-1-1-4-0-4-4-2-1	0-1-1-5-1-2-4-3-4-1-0-1	1-1-5-7-3-1-4-1-3-3-5-4	1-3-5-1-2-3-4-2-3-3-1-1	3-3-1-2-1-3-3-3-2-3-1-1	3-1-1-1-1-1-2-2-5-1-3-3	1-2-3-6-1-2-1-4-2-1-1-2	1-3-3-0-5-3-2-1-1-2-2-3	1-0-1-1-2-1-1-1-20-3-3-4
18	4	4-3-3-3-3-2-1-3-2-4-3-3	4-3-3-4-3-3-5-3-1-3-1-3	4-5-5-3-0-5-3-5-3-3-3-3	5-5-5-3-4-5-5-0-3-3-2-12	0-8-8-0-5-2-5-5-3-4-0-0	7-5-0-6-4-5-3-4-3-3-12-5	11-0-2-12-5-4-3-5-3-1-12-1	4-4-1-4-4-4-2-1-4-5-5-5	4-4-5-4-8-1-5-4-3-1-4-0	8-1-4-5-5-3-4-3-5-5-5-4	12-2-2-0-2-4-5-5-12-4-4-4	4-4-4-4-5-2-1-4-1-5-3-3
18	5	5-5-5-3-3-5-5-5-5-5-6-3	4-3-3-5-3-3-4-7-6-2-6-6	7-4-6-5-8-6-6-6-6-6-6-5	6-4-4-7-6-6-4-8-6-8-6-4	6-4-6-8-4-5-6-6-3-5-6-8	5-6-5-9-4-8-6-6-4-3-13-4	5-5-3-4-4-4-3-6-3-9-6-7	5-5-6-5-5-1-2-5-4-10-6-4	4-4-4-5-13-1-4-4-3-5-5-5	6-5-4-4-6-6-5-2-4-4-4-5	4-5-2-2-3-4-4-4-4-5-5-5	4-5-5-4-4-1-5-1-3-4-6-3
18	6	7-7-5-6-6-6-6-7-6-7-6-6	7-3-3-5-7-7-6-7-6-7-5-7	5-5-5-5-5-7-7-5-7-7-7-5	5-7-5-5-5-5-6-5-5-6-7-4	5-4-5-5-7-5-7-5-6-6-5-5	5-7-8-6-6-5-7-7-6-6-18-6	5-6-6-4-7-6-3-5-6-6-5-10	6-5-5-7-6-6-2-8-10-6-5-9	6-4-6-6-5-8-4-6-3-6-5-9	5-6-4-3-5-5-5-2-4-4-5-5	6-6-2-2-8-6-4-6-6-5-6-6	8-6-4-6-6-6-6-6-3-5-5-3
18	7	7-7-7-7-7-7-7-6-7-6-7-7	6-8-8-5-6-8-5-6-6-6-5-6	5-7-6-5-5-6-8-6-6-6-8-8	6-6-5-5-5-5-6-5-8-8-6-4	5-4-5-5-6-8-6-6-6-5-5-5	4-6-6-10-3-5-6-8-7-7-3-7	5-7-8-4-6-7-8-8-20-8-5-6	7-5-8-8-7-9-8-6-6-7-4-1	7-4-6-6-7-7-4-8-8-7-5-8	8-6-7-7-5-5-5-8-4-4-8-5	8-9-8-2-9-8-4-9-4-6-8-9	20-6-4-4-1-9-8-14-1-1-7-7
18	8	8-9-8-7-8-9-8-8-8-9-7-9	9-9-7-5-6-9-4-9-6-9-5-9	5-8-6-6-5-6-9-6-7-6-9-7	6-9-9-5-5-5-8-5-8-9-6-4	5-4-4-5-6-7-9-9-9-5-5-5	5-6-6-6-3-5-9-7-8-8-9-7	4-9-8-4-6-8-8-7-13-8-4-8	6-5-7-7-7-7-10-6-6-8-4-6	6-4-6-6-4-6-4-7-7-10-8-7	7-6-8-9-5-5-6-7-7-4-7-7	4-6-7-18-9-7-4-4-4-6-7-6	9-12-4-4-4-9-7-1-1-9-8-10
18	9	8-8-8-12-9-8-7-9-9-8-8-8	8-8-8-9-11-8-9-8-12-8-11-8	5-9-10-10-9-10-8-10-10-9-8-9	10-10-10-10-9-10-9-5-10-8-8-4	5-4-12-11-9-7-8-10-8-12-10-10	15-11-10-5-10-4-8-9-8-8-8-9	5-8-7-4-6-8-8-10-8-5-15-8	6-5-9-9-9-9-8-9-6-8-20-6	6-4-6-9-20-9-4-9-9-8-9-7	10-9-9-8-9-9-10-8-4-4-8-9	4-7-8-8-9-3-4-7-4-9-9-7	8-7-5-4-4-9-14-7-7-8-13-9
18	10	10-10-9-10-9-10-8-8-10-10-10-9	9-8-7-11-9-11-12-12-11-8-11-11	11-10-9-11-11-12-9-11-9-11-14-11	9-9-9-12-13-11-9-15-11-10-10-4	5-4-5-17-11-10-11-11-8-10-9-9	13-13-11-7-10-14-11-13-8-8-6-13	9-14-8-4-11-10-11-9-8-13-4-11	6-13-13-11-9-12-8-13-6-11-9-4	6-4-11-13-4-9-4-9-9-8-13-10	9-9-9-10-10-10-9-7-11-4-4-13	9-7-8-8-11-15-4-4-4-9-9-6	8-7-5-4-1-10-11-1-11-4-8-16
18	11	11-11-11-11-9-11-11-8-11-11-12-11	9-15-12-10-9-10-10-12-10-8-10-10	10-10-10-10-10-10-12-10-12-10-12-10	10-12-12-10-10-10-11-10-12-11-12-4	5-4-9-10-10-10-10-10-12-11-9-9	9-9-12-11-11-10-12-11-11-14-9-11	4-10-13-4-10-11-10-9-8-14-4-10	8-10-10-12-11-10-15-9-6-10-4-11	10-4-10-10-17-14-4-9-12-8-11-7	9-9-9-11-10-10-9-8-10-4-4-10	4-12-12-8-10-4-4-1-4-12-9-6	11-8-4-12-4-1-10-1-10-13-11-11
18	12	11-12-12-12-9-11-13-12-12-16-15-12	12-15-11-10-11-12-10-11-9-8-10-10	10-10-10-10-10-10-11-10-11-10-13-10	10-11-13-10-10-10-14-5-11-11-11-4	5-4-9-13-10-11-13-12-13-9-9-9	5-9-11-11-15-10-13-11-11-12-9-11	4-10-14-4-11-11-13-13-8-11-4-12	17-10-10-11-11-12-12-9-10-20-9-12	12-4-13-10-12-13-4-4-11-20-10-13	11-9-14-8-9-11-13-13-11-4-4-10	4-11-12-11-10-14-4-13-4-11-10-10	18-8-5-11-4-1-11-19-12-11-11-15
18	13	14-14-13-14-14-11-12-14-11-12-14-14	13-12-12-10-12-14-10-14-14-8-14-14	10-14-15-10-13-14-13-14-14-10-12-13	14-14-14-12-10-14-12-16-12-13-10-15	10-14-17-12-14-11-14-14-12-10-13-9	14-14-11-11-13-10-12-10-11-11-5-16	14-10-12-13-14-13-12-14-8-10-13-12	6-10-10-10-13-14-11-10-15-13-9-13	6-13-12-10-5-12-13-13-9-13-10-12	14-10-13-13-14-10-12-12-15-13-13-10	14-6-13-8-13-21-15-13-13-9-9-6	15-14-13-13-14-13-10-13-12-11-11-12
18	14	13-15-14-13-14-15-15-13-15-13-13-14	9-15-15-10-11-15-10-13-13-15-13-13	13-13-13-10-10-13-15-13-13-10-15-13	13-13-13-12-10-13-12-5-15-15-11-13	10-13-13-12-13-15-13-13-16-15-16-9	13-13-11-14-13-10-15-15-16-14-9-14	13-10-12-4-13-11-15-13-14-11-9-14	8-9-10-14-14-13-11-9-13-14-9-13	13-13-13-10-15-15-13-13-13-13-10-13	13-10-14-15-13-10-13-16-13-13-13-10	13-15-17-8-9-12-13-13-13-9-15-6	13-13-13-13-13-13-13-12-12-15-11-11
18	15	15-14-14-12-14-14-14-12-11-12-12-14	13-14-14-10-11-14-13-14-16-14-13-14	13-13-16-16-17-16-14-13-17-14-14-15	15-13-16-17-10-13-12-10-14-14-16-13	15-13-11-15-13-14-14-15-14-18-14-15	17-13-17-15-12-13-14-14-14-15-15-14	16-10-12-13-13-10-14-14-14-16-17-14	16-16-15-17-15-13-11-20-13-13-15-13	15-13-15-10-14-14-13-13-15-13-16-16	15-15-15-14-13-10-15-12-13-13-13-10	13-14-14-8-13-10-13-13-13-9-14-6	13-15-15-13-13-15-15-13-12-14-11-12
18	16	16-14-17-17-14-17-14-19-20-12-16-14	17-14-14-10-13-14-17-17-16-14-17-17	16-16-17-15-17-19-16-16-17-17-16-16	17-17-17-15-10-17-13-13-14-13-15-13	15-17-13-12-17-16-17-17-14-16-14-9	16-16-15-16-15-18-14-14-14-14-16-16	15-10-16-21-16-16-14-17-16-15-17-14	6-15-16-14-15-17-11-15-13-13-16-18	16-16-15-10-5-16-13-16-16-13-15-15	16-16-16-16-16-10-12-14-13-13-16-10	16-16-14-8-16-20-17-16-16-16-10-6	13-8-16-16-16-16-15-16-16-18-11-10
18	17	16-21-17-16-17-16-17-17-21-17-21-17	16-14-14-10-11-17-16-16-16-18-16-16	16-16-16-15-16-16-18-16-16-16-18-16	16-16-16-15-10-16-18-10-17-17-16-13	15-13-13-10-16-17-16-16-18-16-17-9	16-13-15-16-17-10-17-18-17-17-15-16	13-10-12-13-13-17-17-16-14-11-15-8	12-15-15-15-15-16-20-15-13-20-16-16	16-13-15-16-11-17-13-16-17-13-10-15	16-9-12-17-5-20-9-14-13-13-16-10	16-21-14-8-21-13-16-16-16-9-15-6	13-8-15-13-16-17-10-16-16-16-18-11
18	18	17-21-21-17-18-20-19-19-18-12-18-21	17-14-17-20-17-17-19-20-16-17-19-21	19-19-19-21-18-16-17-16-20-20-17-17	19-13-18-19-19-19-18-20-18-14-20-13	19-13-13-18-13-18-19-19-17-15-18-19	19-13-20-16-13-13-19-17-17-14-6-19	19-19-8-13-14-13-17-18-8-18-19-19	6-18-13-19-18-13-11-15-13-16-13-16	16-13-15-19-21-9-4-13-17-12-18-12	16-18-16-17-19-10-19-12-13-13-16-10	13-17-14-8-19-16-16-16-16-19-18-6	12-18-15-4-16-17-19-16-17-16-17-11
18	19	19-20-21-21-18-21-18-21-18-21-19-21	21-21-18-18-20-17-20-18-18-20-18-18	18-18-18-18-18-16-18-16-20-18-20-20	18-20-20-20-18-18-20-5-20-20-18-13	18-13-13-20-13-18-18-18-20-15-20-18	20-20-18-16-19-16-18-18-19-14-1-19	18-20-8-4-19-13-19-20-19-18-18-20	16-15-13-18-18-19-17-15-13-16-9-16	16-13-15-18-14-19-4-20-17-12-18-19	16-19-11-20-18-10-18-12-18-13-16-10	13-14-20-8-20-19-16-16-16-18-19-19	12-19-13-19-16-19-18-12-12-16-17-19
18	20	19-19-19-21-18-21-17-21-18-21-21-21	20-14-14-18-19-20-19-18-20-19-16-18	20-20-21-18-19-19-21-21-18-18-19-19	21-19-19-19-18-18-20-18-19-19-18-20	18-20-20-19-20-19-21-20-19-20-19-20	20-19-18-20-20-16-19-20-20-16-3-20	20-19-17-20-20-20-19-19-7-21-18-20	6-18-10-18-18-20-17-15-20-13-9-16	20-13-20-20-9-20-20-19-17-14-18-12	20-20-20-19-19-10-12-14-20-13-20-10	20-14-19-8-19-16-16-20-20-20-19-20	13-19-13-20-20-20-20-7-3-19-17-12
18	21	21-21-21-21-21-21-18-21-21-18-21-21	19-19-21-18-21-19-19-18-20-21-18-18	16-20-21-18-21-21-21-21-20-21-19-19	20-21-19-18-21-21-20-21-21-21-21-15	18-13-21-21-21-21-20-21-17-21-18-18	21-21-18-21-21-21-21-21-21-21-21-21	20-21-21-21-20-21-11-19-21-20-16-17	21-21-18-20-21-16-21-15-20-13-19-16	20-21-21-21-18-21-21-13-21-14-18-20	20-21-21-21-19-10-21-20-21-21-21-21	21-17-21-8-17-13-21-16-21-21-21-21	21-21-21-13-21-21-21-16-21-21-21-11
19	0	0-0-0-0-0-0-0-0-0-0-0-0	0-0-0-0-0-0-0-0-0-0-0-0	0-0-0-0-0-0-0-0-0-0-0-0	0-0-0-0-0-0-0-0-0-0-0-0	0-0-0-0-0-0-0-0-0-0-0-0	0-0-0-0-0-0-0-0-0-0-0-0	0-0-0-0-0-0-0-0-0-0-0-0	0-0-0-0-0-0-0-0-0-0-0-0	0-0-0-0-0-0-0-0-0-0-0-0	0-0-0-0-0-0-0-0-0-0-0-0	0-0-0-0-0-0-0-0-0-0-0-0	0-0-0-0-0-0-0-0-0-0-0-0
19	1	0-1-1-0-1-0-1-0-0-2-1-1	0-0-0-0-0-2-2-2-2-2-0-2	2-2-2-0-0-2-2-2-0-0-2-1	2-2-2-0-0-0-1-2-0-0-0-4	0-6-8-1-2-1-2-1-2-2-1-2	1-2-0-5-0-2-1-0-0-0-2-2	1-0-0-1-1-0-0-1-0-3-1-1	0-0-2-1-1-2-2-1-2-1-1-0	2-2-2-0-1-1-2-1-0-1-1-0	1-8-1-1-1-0-0-0-4-2-2-1	1-1-1-0-0-1-0-1-2-1-1-1	3-1-2-2-1-1-0-1-1-1-0-0
19	2	2-2-2-2-1-2-1-2-2-1-2-2	1-1-1-4-1-1-1-1-1-1-3-1	1-3-1-3-3-1-3-1-1-3-3-3	3-1-1-3-3-3-0-3-2-0-3-1	2-1-1-4-1-2-1-3-1-1-5-1	3-1-2-2-2-1-2-3-2-0-9-5	9-4-0-1-7-0-2-3-2-1-3-1	0-2-3-2-2-1-1-2-1-1-1-0	1-1-1-2-9-3-1-1-0-4-2-2	6-2-1-1-2-3-2-0-1-1-1-3	0-2-1-0-0-10-0-1-1-2-2-2	1-2-1-1-1-1-2-0-0-2-0-2
19	3	5-3-2-3-3-3-4-3-3-2-3-3	4-3-2-1-3-1-1-4-3-4-2-4	6-4-2-2-2-6-2-2-5-6-2-2	2-4-1-4-2-2-3-2-2-3-2-1	2-0-2-2-4-2-4-2-3-3-4-5	2-6-5-10-3-2-4-4-3-3-10-3	2-2-4-1-4-3-3-4-3-6-2-6	0-2-2-4-6-1-3-4-3-5-3-0	6-1-3-4-3-6-1-4-13-3-2-3	3-3-3-3-2-2-4-3-1-3-3-2	3-6-3-0-14-3-0-3-3-4-3-3	1-3-3-3-1-3-2-1-0-0-0-3
19	4	5-4-4-4-6-4-4-4-5-6-5-4	3-4-4-2-7-6-1-5-5-3-2-3	1-4-2-2-2-3-5-5-5-4-5-4	3-3-5-3-3-3-6-2-5-6-3-1	2-1-1-2-3-5-3-3-3-3-3-3	1-1-3-3-3-1-5-3-3-3-0-3	1-2-5-1-3-5-5-5-4-4-1-3	4-4-2-3-2-1-4-3-3-4-3-0	1-1-3-3-3-3-1-3-5-2-2-5	3-5-4-4-5-2-3-3-1-1-1-12	1-3-3-0-0-5-0-0-1-3-3-3	0-2-1-1-1-0-2-5-0-0-9-4
19	5	5-5-5-5-6-5-7-6-5-6-4-5	6-6-6-2-4-6-1-7-4-6-2-6	1-5-3-3-2-3-4-4-6-6-6-4	5-5-6-5-3-3-6-2-6-4-3-1	2-1-1-6-3-4-6-5-6-7-2-3	2-1-3-3-5-1-6-6-5-5-5-2	1-2-5-1-3-4-6-4-5-5-0-3	0-4-3-3-2-1-5-3-3-3-3-0	5-1-6-3-5-3-0-6-4-5-6-4	1-4-5-4-4-2-9-5-4-1-1-5	1-3-5-5-0-4-0-0-1-3-3-3	12-2-1-1-1-1-2-4-9-9-6-4
19	6	5-5-7-5-5-5-5-5-6-5-6-5	5-5-5-6-4-5-8-7-4-5-7-5	8-7-7-7-7-3-7-7-6-3-5-7	8-3-5-6-7-7-4-6-5-4-3-1	8-1-1-7-3-4-7-7-5-8-6-6	7-8-7-3-6-15-5-7-3-5-7-7	2-7-4-1-3-5-5-7-3-3-7-3	0-8-15-7-3-1-4-9-3-7-6-0	3-1-5-3-5-3-1-7-5-6-9-9	2-3-3-1-7-6-6-5-0-1-6-9	1-3-5-5-6-6-1-9-1-3-7-3	1-6-8-1-1-11-2-0-5-13-5-4
19	7	7-7-7-7-7-10-7-7-8-7-7-7	8-7-5-6-4-8-6-5-8-8-6-8	6-7-6-6-6-3-6-8-8-9-8-6	6-7-8-6-6-6-9-6-8-6-7-1	6-1-1-6-3-7-6-6-7-7-6-6	6-6-6-8-7-6-8-7-9-7-6-7	2-6-7-1-8-7-9-9-5-10-6-6	11-6-6-6-2-1-9-13-3-12-1-0	6-1-8-8-5-8-1-6-8-6-6-10	3-8-7-4-6-9-6-9-8-3-6-6	0-3-5-5-6-1-0-9-3-3-8-3	1-6-6-1-1-0-2-0-0-8-9-4
19	8	8-8-9-8-10-10-7-8-8-8-8-8	7-10-5-6-9-7-6-7-7-10-6-7	6-8-6-6-6-9-7-9-8-8-9-9	6-7-7-6-6-6-9-6-7-9-7-1	6-1-1-6-3-8-9-8-9-6-6-6	0-6-6-7-8-6-9-8-7-8-0-7	1-9-8-1-9-7-9-7-8-7-0-8	0-6-2-7-7-13-7-5-3-9-1-11	1-1-7-7-5-7-0-6-7-7-8-7	1-1-7-4-9-9-6-9-7-1-1-6	1-7-15-5-9-6-8-9-1-3-7-3	5-2-6-1-1-8-2-9-5-7-7-4
19	9	8-9-8-11-8-8-7-7-8-8-8-11	7-8-8-6-10-11-9-10-10-11-6-10	11-10-10-13-6-10-10-11-12-8-8-9	10-10-10-6-6-10-12-6-8-8-8-11	6-12-11-6-10-7-10-10-8-12-6-6	12-9-6-3-8-10-8-8-7-3-2-10	12-8-8-12-8-10-8-10-7-7-9-8	5-6-10-9-9-9-7-6-9-8-11-9	11-9-10-6-2-11-12-10-4-9-6-6	9-3-9-9-8-8-6-5-10-9-10-6	12-3-9-5-8-15-14-10-9-9-9-9	9-6-9-9-9-9-9-9-5-9-7-4
19	10	8-10-10-15-8-8-11-10-10-11-10-15	12-8-5-12-9-9-12-15-11-8-12-12	9-9-9-11-12-9-11-9-9-8-4-10	9-9-9-12-11-12-9-6-11-9-10-9	12-9-9-8-9-10-11-11-9-10-6-6	11-9-11-10-8-9-11-10-5-8-3-3	10-12-7-9-11-9-10-11-3-7-10-11	3-10-9-11-11-9-7-14-3-8-12-9	9-9-11-11-5-8-9-11-4-10-14-7	11-10-9-9-11-10-10-5-9-9-9-6	10-11-10-5-13-13-9-9-9-10-9-3	5-10-9-9-10-8-10-8-5-10-7-4
19	11	12-13-11-11-11-8-11-11-11-10-11-9	10-14-12-6-11-9-10-9-10-9-9-12	9-9-9-10-10-10-10-9-9-12-12-11	10-9-9-10-10-10-9-6-12-12-12-9	10-9-9-12-9-12-12-10-11-11-6-10	10-9-10-10-11-9-10-12-11-11-11-12	2-10-8-9-12-11-8-10-11-11-10-10	7-10-9-10-10-9-7-7-9-11-9-8	9-9-10-10-11-9-9-10-11-12-10-4	10-10-11-10-10-10-10-14-10-9-10-12	9-10-12-8-15-10-9-13-9-10-9-10	12-10-9-9-10-11-10-12-12-10-11-4
19	12	11-13-14-15-14-14-11-15-12-12-14-13	10-11-11-13-11-12-10-14-10-11-10-11	9-9-9-10-13-10-11-13-9-14-11-13	13-13-13-14-10-10-9-6-11-13-11-9	10-9-9-14-9-11-13-11-13-12-10-14	10-14-13-10-12-9-13-11-12-12-6-11	14-10-8-9-11-11-12-13-12-11-10-13	7-10-9-10-10-9-7-7-9-7-10-9	9-9-13-10-5-13-9-14-11-11-10-7	10-10-9-14-14-11-10-5-9-9-9-11	9-12-11-14-14-10-10-9-9-10-14-12	11-14-9-9-10-12-10-12-11-10-7-12
19	13	12-12-15-12-12-12-11-15-15-15-11-12	10-11-11-13-11-13-10-12-15-12-15-12	13-14-9-9-12-9-13-14-14-12-12-12	12-12-14-12-10-10-9-6-11-12-11-14	10-9-15-12-9-11-12-13-12-13-12-13	14-9-12-13-8-9-12-7-12-11-0-14	15-10-7-13-14-9-8-12-12-7-14-12	13-10-13-11-10-11-7-7-9-13-13-8	15-9-12-10-13-13-9-12-11-13-10-7	13-10-9-12-12-10-12-15-12-9-13-13	13-3-11-13-12-10-9-14-14-13-12-3	13-12-13-13-13-13-10-13-14-6-7-14
19	14	12-12-12-12-12-12-11-12-11-14-15-12	14-11-11-15-11-13-12-12-15-12-13-11	13-13-13-10-12-13-13-13-13-12-12-13	13-12-13-12-10-10-13-6-11-12-10-13	10-14-10-12-9-11-13-13-12-13-13-12	13-12-12-14-8-13-12-9-14-14-0-15	15-11-8-14-13-9-8-12-12-14-14-12	14-10-9-10-10-14-7-6-15-14-10-8	14-9-11-10-13-12-14-12-4-13-10-7	10-10-14-12-12-10-6-11-9-9-13-14	13-3-11-12-12-13-9-13-13-10-12-3	13-12-14-14-14-9-10-14-11-12-7-13
19	15	15-15-15-12-15-15-15-15-15-15-15-15	14-12-15-13-15-14-10-10-14-15-13-11	9-15-15-15-15-15-15-15-13-15-15-15	14-15-12-15-15-15-9-15-15-15-15-13	10-9-15-15-15-15-14-15-11-15-6-6	15-15-10-15-15-6-15-15-15-15-15-14	13-15-15-15-13-15-8-13-15-15-9-13	15-15-6-15-15-12-7-9-14-9-13-15	13-15-15-15-2-15-15-6-15-8-10-4	9-15-15-15-15-15-15-13-15-15-15-15	13-15-8-5-11-9-12-13-15-15-15-15	13-15-15-9-1-15-15-13-15-15-15-4
20	0	0-0-0-0-0-0-0-0-0-0-0-0	0-0-0-0-0-0-0-0-0-0-0-0	0-0-0-0-0-0-0-0-0-0-0-0	0-0-0-0-0-0-0-0-0-0-0-0	0-0-0-0-0-0-0-0-0-0-0-0	0-0-0-0-0-0-0-0-0-0-0-0	0-0-0-0-0-0-0-0-0-0-0-0	0-0-0-0-0-0-0-0-0-0-0-0	0-0-0-0-0-0-0-0-0-0-0-0	0-0-0-0-0-0-0-0-0-0-0-0	0-0-0-0-0-0-0-0-0-0-0-0	0-0-0-0-0-0-0-0-0-0-0-0
20	1	1-1-1-1-1-1-1-1-1-1-1-1	1-2-1-1-1-2-2-2-2-1-2-2	1-1-1-2-1-2-2-2-2-1-1-1	2-2-2-2-1-1-2-1-1-2-2-1	3-1-3-1-0-1-2-1-2-2-2-1	3-2-2-0-0-1-1-1-2-1-1-2	1-1-1-1-1-0-2-2-0-1-1-1	1-1-7-1-1-0-2-2-1-1-1-3	1-2-2-1-3-3-2-1-3-1-1-1	1-1-1-3-2-1-7-2-1-1-1-1	1-2-2-1-1-0-2-1-1-1-3-2	1-1-1-2-1-1-1-0-1-1-1-1
20	2	1-1-3-1-2-1-2-1-2-1-1-1	1-1-2-1-1-1-1-1-1-1-1-1	4-2-1-1-1-1-3-1-1-1-3-3	1-1-1-1-3-3-1-1-1-1-1-1	1-0-1-3-0-3-3-3-1-1-1-5	1-1-3-2-2-1-3-1-1-1-0-3	3-1-1-1-2-3-1-3-0-2-3-1	1-3-3-1-4-0-1-1-2-2-1-1	2-1-1-1-3-1-1-1-1-1-3-1	1-1-1-0-1-1-1-1-2-0-1-3	1-1-1-0-1-2-1-1-4-3-1-1	1-1-2-2-3-1-2-0-3-2-0-1
20	3	1-3-2-3-3-3-2-3-3-3-1-4	1-3-2-1-3-1-2-6-3-4-1-2	6-4-1-2-2-6-2-4-1-6-4-2	2-4-4-1-2-5-1-1-1-3-6-1	1-3-1-2-4-2-4-4-3-1-5-2	6-4-5-9-3-1-4-4-3-3-10-2	2-1-3-3-4-2-3-2-3-3-2-6	3-2-2-4-3-7-3-4-3-3-1-3	3-3-3-3-1-1-3-4-1-4-2-4	4-3-3-1-1-1-1-1-3-5-1-2	3-1-1-0-3-3-3-3-3-2-1-3	3-3-5-4-1-3-1-3-2-1-0-1
20	4	4-4-4-4-4-4-4-4-4-4-3-4	1-6-5-1-4-5-2-5-3-3-1-5	2-3-5-2-2-3-5-5-5-5-5-5	3-3-3-1-2-3-5-2-5-4-5-1	1-1-1-2-3-5-3-3-3-2-1-2	3-3-3-3-3-1-5-4-4-4-8-4	2-1-5-0-3-4-4-6-4-3-3-5	4-2-2-3-2-0-4-3-3-4-1-1	4-3-3-3-4-1-1-3-5-3-2-3	3-1-4-3-3-1-1-4-2-3-1-2	4-3-6-4-1-5-5-3-3-3-1-3	4-3-3-3-1-5-1-11-10-1-1-4
20	5	6-5-5-5-4-5-6-5-4-6-5-5	4-6-4-1-5-4-4-4-3-3-1-4	2-5-4-2-4-1-4-6-7-4-6-6	3-3-6-1-2-3-6-1-6-6-4-1	1-6-1-5-3-4-5-5-7-1-1-2	1-3-3-2-5-1-6-5-5-5-6-2	3-1-4-0-3-5-5-4-4-5-2-4	5-2-3-3-8-5-6-3-3-5-1-0	5-3-3-3-5-5-1-1-7-7-5-5	5-4-5-1-6-6-1-5-4-3-1-1	6-1-4-4-6-4-4-3-3-1-1-3	6-3-3-6-1-4-3-0-6-6-11-1
20	6	5-5-5-5-5-7-5-5-4-7-6-5	1-4-5-7-4-7-8-8-7-3-7-7	7-7-7-8-7-3-7-5-8-3-5-7	7-7-7-6-7-7-5-8-5-5-3-1	8-5-8-7-3-4-7-7-6-7-6-7	3-8-7-6-5-9-5-6-5-5-6-8	11-1-5-2-7-5-5-4-4-5-6-7	5-7-11-7-7-6-5-8-3-6-1-0	3-3-5-7-9-1-3-7-5-5-7-9	5-1-5-6-6-9-6-5-6-3-1-7	5-1-4-4-5-5-3-3-3-6-1-3	5-6-6-5-1-1-4-4-4-5-0-4
20	7	7-8-7-8-7-7-7-7-7-7-7-7	6-4-8-6-7-6-6-6-6-3-6-8	6-6-6-6-6-8-6-8-5-9-8-6	6-6-6-6-6-6-5-6-8-8-9-2	6-0-1-6-3-8-6-6-7-6-6-6	3-6-6-7-9-6-6-7-5-7-3-7	6-7-10-1-8-7-11-8-4-5-11-6	7-6-1-8-6-8-10-9-3-7-11-0	3-3-8-6-5-1-0-6-5-5-6-8	9-1-5-8-6-1-8-5-2-5-11-6	4-1-4-5-10-8-7-0-3-1-6-3	8-6-6-3-11-1-11-0-10-6-10-4
20	8	9-7-7-7-8-8-7-9-7-8-9-8	9-4-7-6-5-8-6-9-6-7-10-7	6-6-6-6-9-9-9-7-6-7-7-10	9-9-10-9-6-6-7-6-7-9-7-1	6-6-6-9-3-7-9-8-9-6-9-9	3-6-6-6-8-6-9-6-8-8-4-6	9-9-7-2-7-5-5-9-8-8-9-9	7-6-6-7-7-8-7-7-3-8-1-8	3-8-7-6-6-1-0-8-7-5-1-6	7-1-5-9-9-5-9-5-8-8-8-1	3-1-4-8-8-8-8-0-3-8-8-3	7-8-8-8-1-1-7-8-7-5-0-8
20	9	8-11-7-7-8-8-7-9-8-11-11-11	11-7-7-11-10-10-11-9-11-7-10-10	10-10-10-6-8-8-8-10-11-7-11-8	10-10-8-8-6-10-9-6-7-8-7-9	6-9-11-8-10-7-8-3-8-9-9-8	9-6-6-3-10-10-8-6-5-7-0-10	11-8-7-9-9-9-5-8-5-8-10-9	9-4-6-7-7-10-7-7-9-9-10-10	3-10-7-6-6-0-9-10-5-9-6-6	7-1-9-8-8-6-9-5-10-10-10-2	9-1-5-8-8-9-10-9-10-9-8-9	9-8-9-9-9-1-1-9-4-10-0-1
20	10	10-8-11-11-10-8-11-11-10-10-11-11	9-9-7-11-9-11-11-11-9-8-11-11	9-11-9-11-8-10-11-9-9-10-8-8	9-9-8-8-10-9-9-10-10-9-10-9	10-9-11-8-9-10-11-10-8-11-10-6	10-11-6-11-9-10-10-10-10-7-3-9	11-10-7-9-10-10-10-9-4-11-9-10	9-10-10-10-10-9-7-10-10-9-9-9	10-9-3-10-11-1-9-9-7-5-10-8	10-10-5-8-9-10-8-4-9-9-9-10	9-11-5-8-7-9-9-9-9-10-1-3	9-6-9-9-9-1-10-4-4-9-7-1
20	11	11-11-11-11-11-11-10-11-11-11-11-11	9-8-11-10-11-10-10-10-9-11-10-10	10-10-11-10-11-10-11-10-9-11-11-10	10-11-11-11-11-11-9-10-11-11-11-9	10-9-10-11-10-11-10-10-8-11-10-9	11-11-10-11-11-11-10-10-11-11-11-11	10-11-11-11-10-11-11-11-11-10-9-11	11-10-10-11-11-9-7-10-10-11-9-11	3-11-3-11-10-11-11-10-11-1-10-8	10-11-11-11-11-10-11-9-9-11-11-11	4-11-11-4-7-9-11-11-11-11-11-3	11-11-11-9-7-11-11-9-11-11-11-1
21	0	0-0-0-0-0-0-0-0-0-0-0-0	0-0-0-0-0-0-0-0-0-0-0-0	0-0-0-0-0-0-0-0-0-0-0-0	0-0-0-0-0-0-0-0-0-0-0-0	0-0-0-0-0-0-0-0-0-0-0-0	0-0-0-0-0-0-0-0-0-0-0-0	0-0-0-0-0-0-0-0-0-0-0-0	0-0-0-0-0-0-0-0-0-0-0-0	0-0-0-0-0-0-0-0-0-0-0-0	0-0-0-0-0-0-0-0-0-0-0-0	0-0-0-0-0-0-0-0-0-0-0-0	0-0-0-0-0-0-0-0-0-0-0-0
21	1	1-1-1-0-1-0-0-1-1-1-1-1	1-0-0-1-0-1-2-2-1-0-1-0	2-2-2-1-3-0-2-0-0-0-2-0	2-2-1-1-2-2-0-3-3-2-0-2	3-1-2-3-2-0-2-2-0-0-3-3	2-2-3-1-1-1-2-0-0-0-0-0	0-2-1-0-0-0-0-2-1-1-2-0	1-2-3-2-0-1-0-3-2-0-1-1	0-2-1-2-3-2-1-0-2-1-2-2	2-1-1-0-0-2-2-0-2-1-0-0	0-0-0-0-1-0-0-1-0-2-1-1	2-2-2-2-2-1-1-2-0-2-0-0
21	2	2-2-2-2-2-2-2-2-2-2-2-2	1-3-2-1-0-2-1-2-2-2-1-2	1-1-1-1-1-1-1-2-3-4-3-0	1-1-0-1-1-1-3-1-1-1-3-1	0-1-1-1-1-3-1-1-3-2-1-1	1-1-1-2-2-1-3-2-2-2-3-1	1-1-2-0-2-2-3-3-4-4-1-3	2-1-1-1-2-2-3-1-1-4-2-2	0-1-2-1-2-1-2-2-2-2-1-1	1-1-2-3-3-1-1-4-1-2-2-2	3-2-5-3-3-2-1-2-0-1-1-2	4-1-1-1-1-4-2-1-5-5-4-3
21	3	2-7-2-2-2-2-2-2-2-2-3-2	3-2-2-3-3-4-4-4-4-2-4-2	4-3-4-2-1-4-4-4-3-2-2-3	4-4-4-1-1-1-2-1-1-1-2-7	1-12-7-1-4-2-4-1-2-3-1-1	4-3-1-5-3-4-2-3-0-0-2-3	12-2-2-12-3-3-2-2-2-3-12-2	3-0-4-3-3-3-2-1-3-3-4-3	3-3-4-4-4-4-4-3-4-3-3-4	3-12-3-2-4-2-3-0-3-4-3-3	7-3-2-2-2-3-3-12-12-3-3-3	3-3-3-3-3-3-3-3-2-3-2-2
21	4	4-4-5-2-4-4-4-4-4-4-6-5	4-2-2-4-3-3-3-5-6-2-7-5	3-5-3-5-5-5-5-3-4-5-5-5	5-4-3-5-5-5-0-7-5-2-4-3	5-3-5-5-3-4-5-4-3-7-5-5	5-3-4-4-2-5-4-4-4-0-13-3	6-4-2-3-4-3-4-5-2-2-5-4	4-4-3-4-4-3-2-5-3-2-3-3	3-3-3-3-3-3-3-5-3-6-4-3	4-4-4-5-5-5-4-2-3-3-3-8	3-4-2-2-6-4-3-3-3-4-4-3	2-4-3-3-3-2-4-2-2-2-2-4
21	5	5-5-4-5-5-5-5-5-5-5-5-5	6-2-2-4-5-3-6-6-5-6-4-4	3-4-4-4-4-6-4-4-4-4-4-4	4-6-6-4-4-4-5-4-4-5-4-3	4-3-4-4-6-4-6-4-5-5-4-4	4-6-6-7-5-4-6-4-5-5-14-5	4-5-2-3-6-5-5-6-5-5-4-8	5-4-6-6-4-5-5-7-6-5-5-7	5-3-5-5-5-7-3-6-6-5-4-6	4-5-5-4-4-4-5-5-3-3-3-6	5-5-2-2-6-5-3-3-5-6-6-5	3-5-3-3-5-5-4-5-2-2-2-5
21	6	6-6-6-6-6-6-6-6-6-6-6-6	5-6-7-4-5-6-5-7-5-5-4-7	3-5-4-4-4-5-7-8-4-8-7-7	5-5-5-5-4-4-7-4-7-7-8-3	4-3-4-4-5-8-5-4-5-9-8-4	4-6-5-5-10-4-7-7-5-6-10-5	4-4-10-3-5-5-7-7-6-6-4-5	7-4-5-5-4-6-6-6-7-6-5-5	6-3-5-5-3-5-3-5-7-7-7-5	4-7-6-8-4-4-7-2-3-5-3-5	5-5-10-2-7-5-3-3-3-7-5-7	2-5-3-3-5-5-4-6-6-3-7-5
21	7	7-7-7-7-7-7-7-7-8-7-7-7	8-10-6-4-8-8-4-9-5-5-4-6	3-7-4-4-8-5-6-9-8-5-8-6	5-6-8-8-4-5-9-4-8-6-6-3	4-3-3-8-5-6-7-8-8-5-1-4	4-6-5-5-7-4-8-6-7-7-9-5	3-5-6-3-5-8-8-8-7-7-3-5	6-4-5-6-4-6-9-7-6-6-3-5	3-3-6-5-7-5-3-5-6-7-6-8	4-6-7-10-7-4-6-2-4-3-9-4	3-5-8-7-6-5-3-3-3-6-5-6	3-5-3-3-5-7-4-6-6-7-8-8
21	8	7-6-7-7-5-9-8-8-7-8-8-9	10-6-6-4-10-7-6-10-9-10-8-9	5-8-9-4-7-6-9-9-7-6-7-8	9-6-7-9-4-4-9-9-7-7-6-3	9-3-4-11-5-6-9-7-7-8-6-1	5-5-9-4-7-5-7-8-7-8-7-9	3-4-6-3-5-5-7-7-7-7-3-5	13-4-5-9-9-3-7-9-5-9-9-8	3-3-5-5-3-9-3-9-8-9-8-10	3-5-8-6-4-4-7-0-3-3-3-4	5-5-7-2-7-9-3-3-3-5-10-5	3-5-8-3-8-9-8-8-6-9-7-7
21	9	9-9-7-9-9-8-7-9-7-10-9-8	11-6-6-4-7-8-12-7-8-8-10-8	3-9-11-11-10-12-10-11-10-11-10-10	8-7-10-8-11-11-7-12-8-10-6-3	8-3-4-10-5-6-8-7-10-10-8-4	8-6-8-12-9-10-8-8-9-8-7-12	3-10-11-3-5-13-7-7-9-9-9-10	8-9-5-8-8-3-7-8-5-9-8-3	5-3-5-5-5-8-3-8-8-8-9-8	9-5-9-6-4-4-7-11-3-3-7-10	5-5-7-2-15-8-9-3-5-4-8-5	8-5-8-3-8-8-10-8-6-8-7-7
21	10	7-10-10-11-10-10-12-11-11-9-10-11	10-6-6-4-8-11-11-9-11-8-10-8	3-9-12-9-9-5-9-9-9-9-9-9	11-11-9-9-11-11-11-9-8-7-6-3	12-3-3-9-5-6-11-11-9-11-12-11	11-11-11-9-6-11-6-6-12-9-11-11	4-9-9-3-5-9-6-11-9-10-11-5	8-12-5-11-8-10-7-10-5-8-10-3	5-3-5-11-10-8-3-11-8-8-9-8	9-11-10-7-11-4-7-15-11-3-11-10	3-5-7-2-9-11-3-3-3-12-8-10	3-8-8-3-11-12-9-8-6-12-7-7
21	11	11-11-11-11-11-11-11-10-10-11-11-11	12-13-12-4-7-10-9-12-10-12-10-12	3-11-9-9-9-12-12-9-9-12-12-12	10-10-10-8-9-10-12-9-12-11-12-3	10-3-10-8-4-12-10-10-11-10-10-10	10-10-10-9-14-10-12-11-7-11-10-10	3-12-9-3-12-11-8-10-9-11-10-8	6-13-3-12-12-3-11-10-5-11-10-3	10-3-5-10-7-8-3-10-8-7-12-12	3-10-11-7-10-8-10-9-10-3-10-12	10-8-7-11-7-10-3-3-3-5-8-10	12-10-8-3-10-11-9-11-6-10-7-7
21	12	12-12-12-11-10-11-10-15-12-12-11-11	11-11-11-4-7-11-12-11-10-11-13-15	12-11-10-9-13-11-11-13-13-11-11-11	13-13-14-13-9-10-11-9-11-13-11-3	10-3-3-12-3-11-11-10-13-9-10-10	3-12-11-9-12-10-13-11-7-9-4-9	3-11-9-3-11-5-7-12-9-14-3-8	11-10-3-11-11-12-11-10-3-12-10-12	3-3-5-12-7-12-3-13-8-9-11-11	3-3-10-13-10-4-12-0-12-3-3-11	3-5-2-12-12-12-3-3-3-10-8-10	3-12-3-3-10-10-9-12-6-10-7-12
21	13	14-13-15-15-14-14-14-15-14-15-14-15	14-11-14-14-14-14-14-14-14-14-14-14	13-13-14-14-12-14-13-14-12-12-12-13	14-14-14-12-13-14-14-9-12-12-11-3	13-15-3-12-14-11-14-13-12-13-10-13	13-14-11-13-13-15-12-15-9-6-4-14	15-12-9-3-15-9-12-12-9-13-15-13	8-11-14-11-4-14-14-10-15-12-14-14	13-15-13-10-14-14-14-12-8-14-10-8	14-14-10-12-12-4-12-15-14-14-14-11	14-5-14-12-14-15-14-13-14-13-8-13	13-12-13-14-10-14-9-14-14-10-14-13
21	14	13-15-15-15-15-15-15-15-15-15-15-15	15-11-15-15-15-13-13-13-13-13-13-15	14-14-13-15-14-13-14-13-15-14-12-14	13-13-13-15-14-13-13-14-11-12-14-3	15-13-14-12-13-14-15-14-12-15-12-14	14-14-15-14-11-13-13-14-7-6-7-15	13-11-9-15-11-13-12-13-9-13-14-15	8-14-13-14-14-13-13-10-5-13-14-13	13-3-13-14-15-13-13-12-8-13-14-8	13-13-13-12-14-14-14-13-13-13-13-11	13-5-14-11-13-14-13-13-13-14-8-13	13-14-13-13-14-13-9-13-13-14-7-13
21	15	15-15-14-13-15-14-14-14-14-13-14-15	14-12-14-14-14-13-14-14-14-15-14-14	14-14-15-14-15-15-15-15-14-15-15-15	13-15-14-14-15-15-14-15-15-15-15-3	14-13-15-15-15-15-14-15-12-15-1-14	15-15-14-15-15-13-15-13-15-15-15-14	13-15-15-15-13-15-11-15-15-13-13-14	15-14-14-15-15-14-11-10-10-13-13-15	14-15-15-15-14-15-15-15-15-14-14-8	13-15-15-15-15-8-15-13-13-15-15-15	13-15-15-15-9-13-15-13-15-13-8-15	13-5-15-13-13-15-15-13-15-15-15-15
22	0	0-0-0-0-0-0-0-0-0-0-0-0	0-0-0-0-0-0-0-0-0-0-0-0	0-0-0-0-0-0-0-0-0-0-0-0	0-0-0-0-0-0-0-0-0-0-0-0	0-0-0-0-0-0-0-0-0-0-0-0	0-0-0-0-0-0-0-0-0-0-0-0	0-0-0-0-0-0-0-0-0-0-0-0	0-0-0-0-0-0-0-0-0-0-0-0	0-0-0-0-0-0-0-0-0-0-0-0	0-0-0-0-0-0-0-0-0-0-0-0	0-0-0-0-0-0-0-0-0-0-0-0	0-0-0-0-0-0-0-0-0-0-0-0
22	1	1-1-1-0-0-0-1-1-0-0-1-0	0-0-0-0-0-1-3-1-0-1-0-0	3-2-0-0-1-1-1-0-0-0-0-1	2-0-1-0-2-2-0-0-0-0-0-6	0-0-0-0-3-0-0-0-0-1-1-0	0-1-0-0-0-2-0-0-1-1-0-0	1-0-0-6-0-1-0-0-1-1-0-0	1-0-0-0-1-3-0-0-1-1-0-0	1-1-1-0-1-1-1-0-1-1-1-1	1-0-1-1-1-0-0-0-1-3-1-0	0-1-1-0-0-1-1-0-0-0-1-1	1-1-1-1-1-0-1-0-0-1-1-0
22	2	3-2-2-3-3-2-2-3-3-3-3-3	3-3-3-3-3-3-4-3-3-3-3-3	1-4-3-4-3-3-3-3-3-3-3-3	3-3-3-3-2-1-3-6-3-3-2-3	3-6-2-3-2-2-3-2-3-3-3-2	5-3-3-9-2-5-2-4-2-2-4-3	4-2-2-2-2-2-2-3-3-4-12-2	2-2-3-2-2-4-3-3-1-2-3-3	8-8-3-2-2-4-12-2-3-3-2-3	3-6-3-5-3-3-3-3-1-9-5-2	3-3-4-3-6-3-1-0-0-2-3-3	3-3-4-1-2-4-9-3-4-2-3-3
22	3	2-2-2-2-2-2-2-2-2-2-2-2	2-2-2-3-2-2-2-2-2-2-4-2	1-3-4-3-4-2-4-2-2-2-4-2	4-2-2-2-4-4-2-4-2-2-4-2	4-1-4-4-1-3-4-4-2-2-2-4	4-2-2-2-2-6-3-3-2-2-10-2	3-2-2-1-3-2-2-2-2-2-4-2	2-3-4-3-3-1-2-2-1-2-2-2	2-1-2-2-12-2-1-4-2-2-4-2	2-2-2-2-2-4-2-2-1-1-1-4	2-2-2-2-2-2-1-0-1-2-2-2	2-2-2-1-2-2-3-2-2-2-2-2
22	4	2-2-2-2-2-2-2-2-2-2-2-2	2-2-2-3-2-2-2-4-4-5-3-4	1-5-3-3-3-8-3-6-2-5-3-3	3-4-2-5-3-3-4-3-3-4-3-2	3-4-3-3-5-3-5-3-4-2-2-3	3-6-5-0-4-7-3-2-2-4-2-4	2-5-2-1-5-4-4-5-4-2-3-7	2-3-3-4-4-2-2-5-4-2-5-2	2-2-4-4-2-2-4-3-2-2-3-2	4-2-2-2-3-3-4-4-1-1-2-3	4-7-2-2-4-4-2-0-4-4-2-4	2-4-2-1-2-2-7-2-2-2-2-4
22	5	5-5-5-5-2-5-2-5-5-2-2-5	2-7-5-3-2-2-2-5-5-4-3-5	1-4-4-3-3-4-6-5-5-4-6-6	4-4-6-4-3-4-4-3-6-6-6-1	3-1-3-3-4-6-4-5-4-2-2-3	2-4-4-2-5-2-6-2-2-5-2-5	4-4-2-1-4-5-5-5-5-2-4-4	2-3-6-6-4-2-5-4-4-5-4-2	2-2-4-4-5-2-2-9-2-2-5-2	4-2-5-2-2-4-2-4-6-1-2-3	0-6-2-2-12-5-1-0-4-4-6-4	0-4-2-1-2-2-3-2-5-2-5-2
22	6	5-6-5-6-6-5-6-5-2-6-2-5	2-5-5-3-2-2-2-5-4-4-3-5	1-6-3-3-3-5-5-5-6-4-7-7	4-7-7-7-3-4-7-2-7-7-7-1	3-2-3-7-4-5-7-6-7-2-2-3	7-4-4-2-6-3-7-7-6-6-6-4	4-7-2-1-4-6-9-7-5-6-3-4	2-3-5-5-7-2-6-7-4-5-4-2	6-2-7-4-6-2-0-7-2-7-5-7	4-2-2-7-7-4-4-6-5-1-2-3	0-5-7-6-7-6-8-0-4-4-5-4	0-4-1-1-2-2-4-6-7-2-7-2
22	7	2-8-5-2-7-7-2-2-7-7-2-8	2-5-6-3-2-9-8-6-9-9-7-6	8-7-8-8-8-4-8-8-7-6-6-8	8-6-8-7-8-8-6-9-6-6-6-8	8-7-8-6-4-5-8-8-6-8-8-8	8-8-4-2-7-4-6-6-2-5-8-8	7-5-4-8-8-7-6-6-5-2-8-4	2-8-8-8-4-8-6-6-4-6-7-2	2-2-6-5-6-2-8-8-7-6-5-9	4-8-12-8-8-4-7-6-8-2-8-3	7-4-6-7-6-9-2-7-8-2-6-4	7-7-7-7-8-8-4-2-6-8-6-9
22	8	8-6-9-6-9-9-8-8-8-2-8-7	9-9-9-7-8-2-7-9-7-7-7-9	7-8-7-7-7-4-9-7-7-9-9-7	7-8-7-7-7-7-9-7-9-9-8-7	7-7-7-7-4-9-7-7-8-7-7-7	7-7-9-2-9-2-9-8-8-5-7-8	2-8-8-7-12-6-7-9-8-8-7-8	2-9-7-7-3-2-8-8-7-5-7-2	2-2-5-4-6-8-7-7-8-6-8-8	8-7-7-7-7-7-10-7-7-2-7-3	0-2-7-9-12-6-6-10-7-7-2-8	10-7-8-7-7-8-12-6-8-7-9-8
22	9	8-8-8-2-8-8-8-8-9-2-6-8	8-8-8-9-8-7-9-8-7-7-7-8	9-10-10-10-9-9-8-9-9-8-8-9	9-9-7-9-7-10-8-7-8-8-8-9	3-10-7-9-11-8-8-9-8-9-8-10	10-9-8-2-9-12-8-9-9-2-2-10	9-8-8-1-9-9-6-8-4-8-11-2	2-8-2-4-3-10-8-7-4-9-9-9	9-9-10-4-10-2-1-10-2-2-3-7	8-2-7-9-11-3-8-7-9-10-11-3	11-2-6-8-0-7-11-0-11-2-2-4	2-7-9-1-7-2-2-12-2-9-6-7
22	10	11-11-10-12-11-12-11-11-11-11-11-12	11-11-11-11-11-11-11-10-11-11-11-11	9-9-9-12-10-11-10-9-12-10-11-10	9-9-11-11-9-9-11-11-11-11-10-9	12-9-10-9-10-10-9-10-10-11-11-7	10-11-11-10-10-9-10-11-10-10-3-10	12-10-11-10-11-10-11-11-11-12-12-10	11-10-11-10-10-11-8-12-4-10-9-9	12-9-11-10-12-11-12-9-11-12-11-11	11-12-11-11-11-11-11-11-10-9-9-11	9-11-11-10-11-6-9-12-9-12-11-11	11-10-10-12-10-11-11-10-11-11-10-8
22	11	10-10-10-10-10-10-10-10-10-10-10-10	10-10-10-12-10-10-10-11-10-10-10-10	11-12-12-10-11-10-11-10-10-10-10-11	10-9-10-10-11-11-10-11-10-10-10-9	11-9-12-11-9-11-12-11-10-10-10-11	11-10-10-11-10-11-10-10-10-10-4-10	12-10-10-10-10-11-10-10-10-12-9-11	10-11-10-11-11-10-8-10-12-10-11-9	10-9-10-11-12-10-11-11-10-10-12-10	10-11-10-10-10-12-10-10-11-9-9-11	9-10-10-10-10-11-9-10-9-11-10-10	10-12-10-11-12-10-11-10-10-10-10-12
22	12	12-12-10-10-12-10-10-10-10-10-12-10	10-10-10-11-10-10-11-11-10-12-11-10	10-11-11-10-12-12-12-10-10-12-12-12	11-12-12-12-12-12-10-12-12-12-12-9	10-9-11-12-12-12-11-12-10-12-2-7	12-12-12-11-12-9-12-12-12-12-12-12	11-12-12-12-8-12-12-12-12-10-10-11	12-11-3-12-12-10-12-10-11-12-10-9	10-12-12-12-11-12-12-11-12-10-11-10	10-10-7-12-12-11-12-10-12-12-9-12	9-10-12-6-8-10-9-10-12-12-10-12	10-11-12-11-11-12-12-10-12-12-12-11
23	0	0-0-0-0-0-0-0-0-0-0-0-0	0-0-0-0-0-0-0-0-0-0-0-0	0-0-0-0-0-0-0-0-0-0-0-0	0-0-0-0-0-0-0-0-0-0-0-0	0-0-0-0-0-0-0-0-0-0-0-0	0-0-0-0-0-0-0-0-0-0-0-0	0-0-0-0-0-0-0-0-0-0-0-0	0-0-0-0-0-0-0-0-0-0-0-0	0-0-0-0-0-0-0-0-0-0-0-0	0-0-0-0-0-0-0-0-0-0-0-0	0-0-0-0-0-0-0-0-0-0-0-0	0-0-0-0-0-0-0-0-0-0-0-0
23	1	1-1-1-1-1-1-1-1-1-1-1-1	1-1-1-1-1-1-0-1-0-1-1-2	3-2-0-2-2-2-2-0-0-1-2-2	2-0-0-2-2-2-0-2-1-0-2-0	2-0-1-3-1-1-2-2-1-1-0-2	2-2-1-1-1-1-2-1-1-1-3-1	1-1-1-1-1-1-1-0-1-1-2-1	0-1-1-1-1-2-1-1-1-1-0-0	0-0-1-1-2-1-0-2-1-1-1-1	2-1-1-4-2-2-1-1-1-0-2-1	2-1-1-0-2-1-0-1-4-1-1-1	1-1-1-1-1-1-1-0-2-2-2-1
23	2	2-2-2-2-2-2-2-2-2-2-2-2	3-2-2-1-2-2-1-2-2-3-1-3	0-1-3-1-1-3-3-3-3-3-3-1	3-3-3-1-1-1-2-1-2-2-3-0	1-0-1-1-3-2-3-3-2-2-4-1	1-3-4-6-2-1-3-3-2-2-6-2	1-2-2-2-3-0-2-2-2-2-1-6	2-1-1-3-2-1-3-3-6-0-2-0	2-4-2-2-1-2-2-3-1-2-1-2	3-8-1-2-1-1-2-2-1-4-3-1	1-6-3-0-2-2-0-2-3-3-3-2	2-3-4-2-1-1-1-2-1-1-1-1
23	3	3-3-3-3-3-3-3-3-3-3-3-3	2-3-3-1-3-3-2-4-2-2-1-2	1-3-2-1-1-2-4-5-4-2-4-4	2-2-4-1-1-2-0-1-4-3-2-1	1-0-1-1-2-4-2-2-2-1-2-1	2-2-2-3-2-1-4-2-3-3-10-3	1-3-3-2-2-3-2-4-3-3-3-2	3-1-4-4-1-0-2-2-2-3-2-0	3-2-2-2-3-2-3-4-4-3-1-4	4-2-3-3-1-2-1-3-1-2-4-1	4-5-4-0-6-4-4-5-2-2-2-5	2-2-1-2-1-1-1-5-3-4-11-3
23	4	4-4-4-4-4-5-4-4-4-4-4-4	5-5-3-1-4-5-3-5-4-5-1-5	1-4-2-2-1-2-5-4-3-2-5-3	2-5-5-5-1-2-4-1-4-5-5-0	1-5-5-4-2-3-5-4-5-2-2-5	5-2-2-2-4-1-5-3-4-4-5-2	1-1-3-2-2-4-4-3-4-4-5-4	4-2-3-3-2-0-6-2-2-4-2-0	3-2-2-2-4-2-0-3-3-5-4-3	3-2-4-5-1-5-9-4-3-2-3-1	3-4-3-6-5-3-3-2-2-2-2-2	2-2-2-1-1-4-2-5-0-5-4-1
23	5	4-4-4-3-6-4-3-4-5-6-5-4	4-4-4-1-7-4-5-4-7-4-7-4	0-5-6-6-5-6-6-3-6-5-4-5	6-5-6-6-5-5-5-6-6-4-4-0	8-4-6-5-2-3-4-4-4-6-6-6	4-8-6-2-6-5-4-6-4-3-4-5	1-4-3-4-2-4-4-6-4-4-8-2	3-5-5-6-8-7-4-6-2-4-8-5	3-0-6-5-5-6-5-5-6-4-5-5	6-5-5-4-5-5-6-4-1-5-4-5	5-2-5-4-5-4-3-3-3-5-6-3	4-4-5-6-5-5-1-4-5-4-3-5
23	6	6-4-6-6-5-6-3-4-4-5-7-6	5-4-4-7-5-4-7-7-5-4-7-7	7-6-5-8-7-7-5-7-8-6-7-7	7-6-5-5-6-7-5-7-5-4-7-8	7-0-5-7-8-7-7-7-4-5-5-5	5-7-5-2-5-8-7-5-4-4-2-8	7-9-4-2-7-6-4-7-4-6-8-2	3-6-11-8-7-6-4-5-2-6-5-0	2-0-7-8-4-5-9-5-5-4-5-5	5-7-5-5-7-6-5-4-6-0-7-6	5-2-4-4-3-10-3-2-0-5-5-2	4-6-6-5-4-4-6-0-9-6-4-6
23	7	7-7-7-7-5-7-7-7-7-8-6-7	7-9-8-6-5-6-6-6-5-4-5-6	6-7-6-6-6-6-8-6-6-6-8-6	6-7-6-7-6-6-9-6-5-7-8-6	6-0-5-6-6-8-6-6-8-7-5-5	5-5-8-7-7-6-8-5-7-7-2-6	6-8-4-0-6-7-10-6-4-7-6-8	7-6-8-6-6-10-9-5-2-6-5-0	7-0-8-6-7-2-7-6-8-4-6-8	5-6-8-8-6-6-5-10-6-8-8-8	8-7-11-4-11-3-0-7-10-5-5-7	8-8-6-8-1-7-6-8-7-10-7-9
23	8	7-8-7-8-8-7-8-8-8-7-6-8	8-7-7-6-7-8-6-7-8-4-9-6	6-6-6-6-6-6-7-6-10-7-7-9	9-10-9-10-6-6-5-6-9-9-7-6	6-6-5-6-6-7-7-6-7-8-9-5	5-5-10-6-7-6-7-5-7-8-5-6	6-7-10-1-7-7-4-9-8-4-5-7	7-6-9-6-5-7-7-5-2-7-5-0	7-8-7-6-5-8-11-9-7-8-5-9	5-2-7-9-10-6-10-4-6-7-7-7	7-8-7-4-10-8-3-10-2-5-10-2	7-7-6-7-7-8-6-7-9-6-7-8
23	9	10-11-11-10-10-10-11-10-8-11-10-9	10-7-7-6-10-10-10-10-10-10-10-10	9-10-10-9-8-10-9-10-11-6-10-10	8-10-8-8-6-6-10-6-8-8-10-10	9-10-9-8-10-7-10-10-8-10-8-9	9-6-8-10-9-6-8-10-7-7-4-6	10-7-10-9-9-10-7-8-4-9-10-7	10-6-8-9-9-9-7-5-9-11-5-10	9-10-11-6-10-9-10-10-10-9-10-8	5-10-10-8-6-7-8-9-9-9-10-6	9-8-8-4-8-11-11-10-9-5-8-9	9-7-10-9-9-10-9-10-10-9-7-7
23	10	9-9-9-9-9-9-9-9-10-9-9-9	9-7-9-6-9-9-9-9-9-9-11-11	9-10-9-9-8-9-9-9-9-9-9-9	9-9-11-8-6-6-9-6-8-8-9-9	10-9-9-8-9-7-11-9-8-9-8-10	10-6-8-9-9-11-8-9-7-7-3-9	11-8-8-2-9-7-7-8-9-9-9-8	9-6-10-11-9-7-9-5-9-7-11-10	10-9-9-6-9-10-9-9-5-9-9-8	5-9-9-8-8-6-8-9-9-10-9-6	10-8-7-8-8-9-9-8-10-10-8-9	11-7-9-9-11-9-8-10-9-10-3-8
23	11	11-11-11-11-11-11-9-11-11-9-11-11	9-7-11-6-11-9-10-9-9-11-10-10	9-11-11-10-11-9-11-11-9-11-11-11	11-11-10-11-11-11-9-11-11-11-11-6	11-0-11-11-11-11-10-11-8-11-8-10	11-11-11-11-11-10-11-11-11-11-11-11	10-11-11-11-9-11-7-11-11-11-11-11	11-11-6-11-11-9-7-9-9-9-10-11	10-11-9-11-1-11-11-5-11-10-6-9	9-11-11-11-11-11-11-9-9-11-11-11	10-11-11-4-7-9-9-11-11-11-11-11	10-8-11-9-10-11-11-10-11-11-11-11
24	0	0-0-0-0-0-0-0-0-0-0-0-0	0-0-0-0-0-0-0-0-0-0-0-0	0-0-0-0-0-0-0-0-0-0-0-0	0-0-0-0-0-0-0-0-0-0-0-0	0-0-0-0-0-0-0-0-0-0-0-0	0-0-0-0-0-0-0-0-0-0-0-0	0-0-0-0-0-0-0-0-0-0-0-0	0-0-0-0-0-0-0-0-0-0-0-0	0-0-0-0-0-0-0-0-0-0-0-0	0-0-0-0-0-0-0-0-0-0-0-0	0-0-0-0-0-0-0-0-0-0-0-0	0-0-0-0-0-0-0-0-0-0-0-0
24	1	1-1-1-1-1-1-1-1-0-1-1-1	1-0-0-2-0-1-2-3-2-0-2-1	1-2-3-1-2-1-2-2-1-0-2-1	2-3-2-1-2-2-0-9-2-0-0-8	0-1-8-0-3-0-2-2-0-1-1-1	1-2-0-1-1-1-2-2-0-0-0-2	2-0-0-5-2-1-0-1-0-1-2-0	1-0-2-2-1-3-0-1-1-1-1-3	0-1-2-2-5-2-2-2-2-0-1-1	2-1-1-1-1-1-1-0-2-3-2-1	2-1-2-0-2-1-1-1-2-1-1-1	1-2-1-1-1-1-2-1-0-2-1-0
24	2	2-2-2-2-2-2-2-2-2-2-2-2	2-3-3-1-2-1-1-2-1-3-1-3	1-1-1-2-1-2-1-1-1-3-3-1	1-1-1-1-1-1-3-1-1-0-2-1	2-1-1-1-1-2-1-1-2-4-1-1	1-1-2-3-0-1-1-2-3-2-0-1	1-0-0-1-1-3-2-3-2-2-1-2	2-2-1-1-2-1-3-2-1-5-2-2	1-1-1-1-1-1-1-1-3-2-2-2	1-1-2-2-2-1-1-2-1-1-1-2	1-2-4-3-1-1-1-1-1-1-1-2	1-1-1-1-1-3-1-2-2-3-1-2
24	3	2-3-4-4-2-2-3-2-2-3-2-2	2-2-2-4-2-2-1-1-1-2-4-2	6-4-1-6-4-4-4-4-2-2-2-3	4-1-1-3-3-5-2-6-4-0-4-1	5-1-4-4-1-2-4-4-3-3-3-3	4-1-4-2-3-5-4-3-2-2-3-4	3-2-2-1-3-2-2-2-3-3-4-3	3-3-3-3-3-1-2-3-1-2-3-1	3-1-3-3-4-6-1-4-2-3-3-3	3-3-2-3-3-3-3-3-1-1-4-3	3-3-2-2-4-1-1-2-1-3-3-3	1-3-3-1-3-2-3-2-2-2-2-3
24	4	4-4-4-4-4-4-4-4-4-4-4-4	5-2-2-3-4-5-6-5-4-5-3-4	3-3-5-3-3-5-5-6-3-5-5-3	3-5-5-3-3-3-5-3-3-4-3-1	3-3-3-3-6-3-5-3-4-2-6-3	3-5-6-6-4-3-3-3-2-4-11-4	1-4-0-4-5-4-4-4-4-3-3-6	11-3-3-5-4-6-2-6-4-2-3-4	4-1-5-4-3-6-4-3-8-4-3-4	3-3-4-3-3-3-3-4-1-5-3-4	5-4-2-2-5-4-5-4-4-3-3-4	1-4-4-1-4-4-3-4-2-5-2-4
24	5	5-5-5-5-5-5-5-5-5-5-5-5	4-6-5-3-4-4-4-6-4-4-6-6	3-4-4-4-3-4-6-3-6-4-6-5	3-4-4-4-3-3-6-3-3-5-4-1	3-1-1-3-4-6-4-3-4-2-4-3	4-3-4-4-4-3-6-3-5-7-0-5	1-4-5-1-4-5-5-6-7-5-3-4	2-3-3-4-3-4-5-4-4-5-3-4	5-1-4-4-1-4-1-3-6-4-3-6	3-4-5-6-4-3-4-5-1-4-6-4	4-4-6-5-4-1-6-4-4-6-4-4	1-4-3-1-4-5-3-4-2-6-5-6
24	6	6-6-5-6-6-6-7-6-6-6-6-6	6-7-6-3-6-6-6-5-4-5-5-5	3-6-4-3-3-5-5-4-6-4-5-6	3-7-6-3-3-3-5-3-6-5-7-1	3-1-1-6-4-5-6-6-4-6-4-3	3-3-4-4-6-3-7-7-2-6-7-5	1-5-5-1-4-6-6-5-7-6-3-4	5-3-4-5-5-4-5-4-1-7-3-4	6-1-4-5-6-4-5-3-5-6-3-14	4-3-6-5-6-6-3-5-6-1-6-6	5-15-5-6-6-7-5-4-1-5-5-4	6-4-3-1-6-6-3-6-2-5-6-5
24	7	8-8-8-10-8-8-10-8-8-8-8-8	8-6-9-8-8-8-8-7-8-8-8-8	7-8-9-7-7-8-8-7-8-8-8-7	8-7-8-8-8-8-7-8-7-7-6-7	7-10-7-8-6-8-8-8-6-7-8-8	7-8-8-8-7-10-8-6-10-5-10-9	7-8-7-9-7-9-10-8-5-9-8-8	10-8-8-8-8-7-7-8-7-8-8-7	7-7-7-8-7-7-9-8-12-8-9-7	9-10-8-8-8-7-10-10-8-9-8-7	7-6-8-8-8-8-7-8-8-9-9-4	10-7-7-10-8-13-7-8-12-8-8-7
24	8	7-7-7-7-7-7-7-7-7-7-7-7	7-6-7-7-7-7-7-7-7-7-7-7	3-7-7-7-9-7-7-7-7-7-9-7	7-7-8-7-7-7-7-7-9-7-9-1	3-1-1-7-1-9-9-7-9-7-7-7	3-7-7-7-9-7-9-8-2-10-11-7	1-7-7-1-9-8-8-7-13-7-7-7	7-7-7-7-7-7-9-7-4-7-7-7	7-8-7-7-8-7-1-7-7-7-7-8	7-7-7-7-7-6-7-7-7-1-7-11	7-4-7-7-7-7-7-7-7-7-3-4	7-4-1-7-7-7-3-6-7-7-7-7
24	9	7-7-7-7-7-7-7-7-7-7-7-7	7-6-7-10-7-7-7-7-7-7-7-7	9-9-7-7-8-10-10-11-7-10-8-9	10-10-10-10-10-10-7-12-8-10-8-1	10-9-1-10-10-8-10-10-8-9-9-10	10-7-7-9-8-7-8-9-2-8-10-7	8-8-7-10-8-7-10-9-7-7-10-7	9-7-7-10-6-11-8-7-1-11-10-11	11-9-9-7-11-7-7-10-7-7-7-8	14-10-7-12-7-7-7-7-10-10-11-8	10-6-9-7-7-9-11-9-11-7-7-4	7-7-9-7-10-7-7-14-7-9-7-7
24	10	7-7-7-7-7-7-7-7-7-7-7-7	7-11-7-7-7-7-9-9-7-7-7-9	9-9-7-7-9-9-9-9-7-11-11-9	9-9-9-9-9-9-7-3-11-12-11-1	3-7-1-9-9-11-9-9-12-9-9-9	9-7-7-7-10-7-11-9-12-10-9-10	7-7-11-9-11-13-11-11-5-7-9-4	9-7-3-9-7-7-14-11-12-10-9-9	7-11-4-4-9-7-12-9-11-11-7-10	9-7-7-11-7-7-7-7-9-9-9-8	9-10-7-8-14-10-9-7-9-7-7-4	7-10-9-7-9-10-3-9-7-9-7-12
24	11	7-7-10-7-7-7-7-7-7-7-7-7	7-10-7-14-7-7-9-7-7-7-7-10	9-10-9-13-11-9-10-9-9-10-10-10	11-9-11-11-13-13-7-7-10-10-10-1	13-12-1-13-9-10-12-12-10-9-11-9	13-12-13-11-8-7-12-11-2-4-13-12	11-8-7-9-10-11-10-10-5-7-13-12	12-11-11-12-11-9-10-10-4-9-9-9	9-10-11-13-9-12-13-9-10-10-11-10	9-11-9-10-11-11-13-7-11-9-9-8	9-12-11-5-10-11-9-12-11-13-5-11	9-13-11-13-11-10-11-9-7-11-7-10
24	12	7-7-7-7-7-7-7-7-7-13-7-7	7-10-7-13-7-7-13-12-7-7-7-13	12-13-14-10-12-13-11-14-13-10-13-13	11-14-11-11-11-11-7-9-10-10-10-1	11-14-1-11-14-10-13-11-10-12-12-9	14-11-11-12-12-15-11-11-10-10-14-11	12-10-11-13-12-14-10-10-12-7-11-11	11-11-14-11-11-13-7-10-12-12-9-14	12-10-11-12-11-11-10-13-7-7-11-10	10-11-14-13-7-7-7-7-12-13-13-8	14-11-11-8-10-14-7-14-14-11-7-11	12-11-12-11-10-12-11-14-7-9-7-10
24	13	7-15-7-7-7-7-7-7-7-7-7-7	7-10-14-12-7-7-12-12-12-7-7-12	15-12-12-11-15-12-14-12-12-14-14-12	11-12-12-11-11-11-14-11-14-14-14-1	11-12-1-11-12-14-12-12-13-13-14-9	11-12-11-12-8-12-14-11-10-13-11-10	11-14-7-9-12-12-9-10-8-7-11-11	13-11-12-11-11-12-14-10-11-13-9-12	12-10-11-11-12-7-11-12-14-14-11-10	9-11-7-12-11-14-11-7-7-9-11-14	9-14-11-12-15-7-9-13-11-11-14-13	7-11-9-11-11-7-11-9-14-11-14-14
24	14	13-7-15-7-7-7-15-7-7-15-7-15	7-10-13-11-7-7-14-12-7-7-7-12	14-14-12-15-14-15-13-12-12-13-13-13	11-12-15-15-14-14-13-14-13-13-13-1	11-12-1-14-12-13-13-14-13-14-14-14	12-14-11-14-11-14-13-11-10-5-8-15	15-13-8-14-10-12-8-10-5-15-14-14	14-14-12-14-14-12-13-14-15-13-14-12	12-14-13-14-14-11-1-12-10-13-14-8	9-14-14-14-13-14-14-14-14-9-14-14	12-13-10-5-10-14-9-14-14-14-14-14	8-7-14-14-9-10-14-9-13-9-13-13
24	15	15-15-15-14-15-15-7-15-15-14-15-15	7-10-15-12-15-7-14-12-7-15-14-12	13-14-15-14-13-14-15-15-12-15-15-15	14-15-14-14-15-15-14-15-15-15-15-14	15-12-15-15-15-15-14-15-13-15-14-7	15-15-15-7-15-12-15-15-15-15-15-14	14-15-15-15-10-15-15-14-15-15-11-11	15-15-7-15-15-12-5-14-14-15-7-12	9-15-15-15-11-15-15-7-15-7-14-7	9-15-15-15-15-7-15-7-15-15-15-15	7-15-15-8-13-14-9-15-15-15-15-15	7-15-15-7-13-15-15-9-15-15-15-15
25	0	0-0-0-0-0-0-0-0-0-0-0-0	0-0-0-0-0-0-0-0-0-0-0-0	0-0-0-0-0-0-0-0-0-0-0-0	0-0-0-0-0-0-0-0-0-0-0-0	0-0-0-0-0-0-0-0-0-0-0-0	0-0-0-0-0-0-0-0-0-0-0-0	0-0-0-0-0-0-0-0-0-0-0-0	0-0-0-0-0-0-0-0-0-0-0-0	0-0-0-0-0-0-0-0-0-0-0-0	0-0-0-0-0-0-0-0-0-0-0-0	0-0-0-0-0-0-0-0-0-0-0-0	0-0-0-0-0-0-0-0-0-0-0-0
25	1	1-1-1-1-0-1-0-1-1-1-1-0	0-0-1-5-0-0-0-1-0-1-2-0	0-2-0-2-2-0-2-0-0-1-1-2	2-0-0-2-2-2-0-2-2-0-2-0	2-0-3-2-0-1-2-2-1-1-1-1	2-0-2-1-1-2-1-1-0-1-0-7	1-3-0-1-1-0-1-2-1-1-2-1	1-1-1-1-1-0-0-1-1-1-1-0	0-0-1-1-2-1-1-2-0-1-1-0	1-1-0-2-2-2-3-1-3-0-2-2	2-1-1-0-2-0-0-1-2-1-1-0	0-1-1-1-5-1-1-0-0-0-0-0
25	2	2-2-1-2-2-2-2-2-2-2-2-2	0-2-1-1-2-0-1-1-2-3-1-2	5-1-4-1-1-5-5-3-0-5-3-1	1-3-3-1-1-1-3-1-1-2-1-3	1-2-1-1-3-2-3-3-2-2-4-3	1-4-4-8-2-1-3-3-2-2-8-2	4-1-2-2-3-0-2-1-2-2-1-5	7-2-1-3-2-2-2-3-2-0-2-2	2-5-2-2-1-2-3-3-2-2-1-2	3-1-2-1-1-1-1-2-1-3-2-1	1-2-0-0-2-2-0-2-3-1-2-2	2-2-2-3-1-2-5-2-0-0-1-2
25	3	3-3-3-3-4-3-3-3-3-3-3-4	5-3-5-1-3-5-2-1-2-2-1-4	2-2-0-0-1-2-4-3-5-2-4-4	2-2-2-1-1-2-2-1-4-4-2-2	2-0-1-1-2-5-2-2-2-3-4-2	2-2-2-5-3-1-2-2-2-3-2-3	1-1-3-0-2-3-2-4-3-3-2-2	3-3-1-2-2-0-2-5-2-4-2-7	3-2-2-2-3-2-4-2-5-2-1-9	2-1-3-3-1-1-1-3-4-2-3-1	0-2-9-0-2-3-4-4-2-1-2-2	2-2-2-2-1-3-1-3-0-3-4-3
25	4	3-4-4-4-3-4-4-4-4-5-6-3	3-5-3-1-4-4-0-5-6-6-1-3	3-4-2-5-1-2-3-4-5-2-5-3	1-2-5-1-1-2-5-1-5-3-2-0	1-0-1-5-2-3-5-4-5-6-3-6	1-2-2-0-4-1-5-2-4-4-6-3	2-5-4-2-2-4-5-5-4-4-1-2	5-3-1-3-2-7-3-5-2-3-2-0	6-2-5-2-4-2-3-4-3-3-1-9	3-1-9-1-5-7-3-8-3-2-4-5	0-3-6-6-5-5-3-3-1-2-3-2	4-3-1-4-1-8-1-3-0-4-8-5
25	5	4-6-5-3-4-5-3-6-5-4-4-5	6-4-3-1-3-4-6-2-6-4-6-3	6-6-6-6-6-2-6-6-4-6-4-6	5-2-4-5-6-6-4-8-4-4-2-5	6-0-5-6-2-3-6-6-4-6-5-8	2-6-6-2-4-7-4-2-4-4-6-6	1-4-4-1-2-4-4-6-4-4-6-2	4-6-6-6-2-5-9-3-2-4-5-7	6-2-4-3-4-2-2-6-3-5-6-8	6-1-4-5-6-5-5-4-4-2-5-6	3-2-3-5-4-5-0-3-6-1-3-2	3-5-5-5-6-4-2-0-0-5-4-4
25	6	6-6-6-6-6-7-7-6-6-8-7-6	8-8-8-1-7-8-5-7-5-7-5-7	5-6-5-5-5-5-5-8-9-8-7-5	6-6-6-5-5-5-4-5-7-6-7-5	5-0-7-5-2-7-5-5-6-5-5-5	1-5-5-6-8-5-7-6-6-4-4-6	2-1-4-7-9-6-5-5-4-6-5-2	6-5-5-5-3-7-8-4-2-4-5-0	5-6-2-5-3-6-3-5-4-5-5-8	5-0-6-5-5-5-5-4-1-2-5-5	9-2-3-4-4-5-0-2-5-2-2-6	8-5-5-5-5-4-6-3-0-5-8-4
25	7	6-4-9-8-3-6-6-7-4-9-6-6	9-4-6-7-6-6-8-8-8-6-9-9	5-8-9-8-7-8-6-9-8-5-6-7	8-7-8-8-5-7-9-5-6-7-6-7	7-8-8-7-8-6-8-8-6-7-7-9	7-7-6-7-7-9-6-8-6-4-7-8	7-7-7-8-7-8-7-8-7-5-8-9	8-5-5-9-7-8-6-4-7-7-8-8	8-8-6-7-8-7-7-8-6-7-5-6	8-7-7-9-7-4-6-6-4-8-7-7	8-7-0-8-7-5-8-7-8-1-6-7	7-5-7-7-7-7-1-8-7-8-8-0
25	8	8-8-6-7-3-8-6-9-9-6-6-8	7-6-6-9-8-6-9-7-7-6-7-7	5-7-7-9-8-8-7-9-7-9-9-8	7-7-7-5-8-8-7-5-6-6-8-7	8-7-7-5-7-8-7-9-6-8-5-5	8-7-5-7-6-7-6-9-6-4-2-6	8-8-6-7-7-7-4-7-2-9-7-8	7-8-2-8-8-7-6-5-9-7-7-7	7-7-9-8-7-6-7-7-3-5-8-8	7-8-6-7-8-8-8-4-8-7-7-8	7-2-3-7-4-5-7-7-7-8-8-8	6-8-7-8-8-4-8-7-0-7-4-8
25	9	9-9-9-9-9-9-9-9-9-7-9-9	7-6-9-8-9-6-8-8-9-9-7-7	8-9-7-8-9-8-9-8-7-8-9-9	7-9-9-9-9-9-7-5-9-9-9-7	8-7-9-9-9-9-8-8-4-9-5-5	9-9-9-9-9-7-9-8-9-9-9-9	8-9-9-9-6-9-3-9-9-9-7-9	9-9-5-9-9-7-3-5-8-9-9-7	7-9-9-9-8-9-9-5-9-8-8-4	8-9-9-9-9-4-9-5-9-9-9-9	6-9-3-9-4-9-9-9-9-9-9-9	9-2-9-4-7-9-9-9-9-9-9-0
26	0	0-0-0-0-0-0-0-0-0-0-0-0	0-0-0-0-0-0-0-0-0-0-0-0	0-0-0-0-0-0-0-0-0-0-0-0	0-0-0-0-0-0-0-0-0-0-0-0	0-0-0-0-0-0-0-0-0-0-0-0	0-0-0-0-0-0-0-0-0-0-0-0	0-0-0-0-0-0-0-0-0-0-0-0	0-0-0-0-0-0-0-0-0-0-0-0	0-0-0-0-0-0-0-0-0-0-0-0	0-0-0-0-0-0-0-0-0-0-0-0	0-0-0-0-0-0-0-0-0-0-0-0	0-0-0-0-0-0-0-0-0-0-0-0
26	1	1-1-1-0-1-1-1-0-1-1-1-0	0-1-0-2-0-0-0-0-0-0-0-0	3-2-1-2-3-2-2-0-0-0-2-1	2-0-2-3-3-2-0-3-1-0-1-0	3-0-3-1-0-1-2-2-1-1-12-1	4-0-2-1-0-0-1-2-1-1-7-0	1-1-0-0-1-1-0-2-0-1-2-4	0-1-1-1-1-0-1-1-1-0-2-0	0-0-0-1-2-1-0-2-0-1-1-1	2-1-0-0-1-2-1-1-3-0-0-1	0-1-2-0-1-0-0-0-0-1-1-1	0-1-1-1-0-0-1-0-0-0-1-1
26	2	2-3-1-2-2-2-2-2-2-2-2-2	0-2-2-1-2-2-0-3-2-3-2-2	1-4-1-1-1-5-3-3-0-3-2-1	1-3-3-1-1-1-3-1-1-2-1-0	1-0-1-1-3-1-3-3-2-2-4-1	1-3-4-8-2-3-3-1-2-2-8-2	4-2-2-2-3-2-2-3-2-2-1-8	2-1-1-3-2-2-0-3-8-2-4-0	2-0-3-2-1-3-3-3-0-2-1-4	3-2-2-3-1-1-1-3-3-0-2-1	2-2-3-0-3-2-0-3-3-3-2-2	2-2-2-4-2-2-2-2-0-2-1-1
26	3	3-3-3-3-3-3-2-3-3-3-3-3	4-4-3-1-4-3-6-2-2-2-4-5	1-2-2-4-1-2-4-4-4-2-4-4	2-2-2-1-1-1-3-1-1-3-5-0	1-0-1-3-2-4-2-5-2-1-4-1	1-2-2-2-2-2-4-3-2-3-3-3	2-1-3-2-2-3-3-4-2-3-2-1	3-1-4-2-3-0-3-2-2-4-2-0	3-3-2-2-3-2-2-2-3-1-1-3	4-2-3-5-3-4-4-2-4-0-5-4	2-5-2-0-4-2-0-2-2-2-2-2	0-2-1-2-4-3-6-0-0-3-5-3
26	4	4-4-4-4-3-4-4-4-4-4-4-4	5-3-5-1-3-5-3-5-5-5-5-5	1-4-0-3-1-2-3-6-6-5-5-3	4-2-5-5-1-2-5-1-5-5-2-0	1-4-1-5-2-3-5-3-5-1-3-1	1-2-2-2-4-2-5-5-4-4-4-3	2-5-4-2-2-3-5-3-5-4-1-1	3-1-3-2-3-3-4-5-2-4-2-0	3-0-5-2-4-2-5-1-5-4-4-3	3-2-4-5-3-3-5-4-3-0-4-3	4-3-5-4-3-5-0-2-2-3-2-2	9-4-1-2-3-3-1-0-0-0-6-4
26	5	4-4-5-5-5-3-5-4-6-4-4-4	4-3-4-4-5-4-3-5-6-4-6-4	6-6-6-6-6-2-6-4-6-4-4-6	6-6-6-6-7-6-4-6-4-4-3-5	6-0-5-4-2-3-6-6-4-5-6-6	6-7-6-2-4-6-4-5-4-4-2-6	5-4-4-2-2-3-4-6-4-7-6-6	0-6-6-6-2-6-4-4-2-5-5-0	3-2-4-2-5-6-4-6-5-6-7-7	3-2-3-3-6-3-6-4-4-0-6-5	2-3-4-7-5-4-0-5-2-5-6-2	4-5-5-5-2-5-1-0-3-5-3-5
26	6	6-8-6-6-5-6-6-6-6-6-6-9	7-7-4-7-6-7-6-7-5-7-5-7	5-6-5-5-5-2-5-4-5-8-7-5	5-6-5-5-5-5-4-5-7-4-6-5	5-0-1-5-2-7-5-5-7-6-5-5	9-5-5-0-6-5-7-6-2-4-4-6	2-6-6-5-12-6-7-5-4-6-5-5	6-7-5-7-7-5-8-8-2-6-5-0	10-6-2-2-4-5-6-5-7-5-7-8	4-2-6-5-5-5-5-7-0-0-5-3	6-7-4-6-5-5-0-4-2-2-5-3	7-5-5-5-3-6-3-6-11-5-7-11
26	7	8-6-10-6-8-3-7-12-6-8-7-12	6-6-4-7-6-6-7-6-8-6-5-6	8-7-8-7-5-8-6-8-7-6-6-7	7-7-5-8-5-5-7-5-6-7-7-8	5-8-7-7-8-6-8-7-6-7-5-7	7-5-6-7-7-8-6-6-7-4-1-6	7-4-6-2-7-3-6-6-2-4-8-8	10-6-8-6-6-8-6-7-2-7-7-8	7-8-7-8-10-0-7-8-6-7-6-5	8-2-9-8-8-7-6-6-8-8-8-1	8-3-4-5-2-8-8-7-8-2-5-2	9-5-7-8-8-3-2-7-9-8-6-6
26	8	7-6-8-10-7-3-8-8-8-7-12-6	4-6-4-11-6-6-7-9-7-6-10-6	7-8-9-9-10-11-9-7-7-9-10-8	7-7-9-10-10-9-7-11-9-9-9-7	10-7-8-10-8-9-7-9-9-8-8-5	9-8-9-2-8-7-9-8-4-4-2-9	8-8-11-2-7-8-4-8-9-12-7-2	7-9-7-9-9-8-6-9-2-7-7-7	7-7-2-7-9-8-7-7-9-10-9-6	7-8-7-7-7-9-6-6-7-7-7-9	7-3-4-4-6-7-7-7-7-2-8-2	6-10-7-7-7-3-8-0-9-7-6-9
26	9	10-8-12-10-9-10-10-10-6-12-9-6	12-6-4-8-6-6-10-8-11-6-8-8	10-10-10-8-8-8-8-7-9-8-8-8	10-9-8-8-8-8-7-8-8-9-8-10	8-10-8-8-9-8-10-8-10-9-9-9	8-11-8-9-9-8-8-8-9-4-8-9	9-8-9-10-9-11-10-10-9-9-10-11	9-8-10-8-8-10-6-8-8-7-7-9	9-9-10-8-8-9-7-9-10-8-8-5	10-10-7-10-9-8-6-6-7-10-10-8	11-9-4-7-6-11-10-4-7-2-9-2	7-8-7-10-7-3-8-10-7-7-6-8
26	10	10-10-10-8-10-9-10-10-12-10-8-10	10-11-11-8-10-11-9-10-9-11-8-11	8-9-9-8-8-8-11-9-8-8-11-11	9-9-11-8-8-8-11-8-10-11-8-9	8-7-9-8-9-10-9-9-12-9-8-9	8-9-8-10-10-7-11-10-10-10-4-9	8-11-10-10-9-10-9-9-10-10-9-9	7-8-9-8-8-9-11-11-8-10-9-9	9-9-9-9-7-11-7-9-10-12-8-11	9-9-10-12-9-10-5-12-8-9-9-8	9-10-7-7-12-7-7-10-9-8-10-2	11-11-7-9-10-10-8-11-10-11-11-12
26	11	12-12-12-12-11-11-11-11-11-12-11-12	10-10-10-8-10-10-12-12-9-10-12-10	7-11-8-12-8-8-10-9-8-10-10-10	11-9-10-11-11-11-10-8-11-10-11-7	11-11-11-11-9-11-12-11-11-9-8-11	11-11-11-9-8-7-10-11-10-4-4-9	8-10-8-11-6-9-11-12-10-11-11-9	11-11-9-11-11-9-10-11-11-9-11-9	11-9-2-11-12-10-11-9-10-10-11-10	11-11-7-10-11-11-11-6-7-9-11-8	9-10-4-4-10-9-7-11-7-11-11-11	10-10-7-11-11-10-11-10-10-10-10-6
26	12	12-12-12-12-12-12-11-12-12-11-12-12	10-10-10-11-12-10-11-11-9-12-11-9	7-12-12-11-12-12-12-12-9-12-12-12	11-12-12-12-12-12-11-5-11-12-12-7	11-7-12-12-9-12-11-11-10-12-8-11	12-12-12-12-12-7-11-12-12-12-12-12	8-12-12-12-10-12-12-11-12-12-7-12	12-12-8-12-12-9-12-9-11-12-10-9	2-12-12-12-8-12-12-9-12-10-11-3	12-12-12-10-12-4-12-10-12-12-9-12	7-10-4-12-10-10-7-12-12-12-12-12	12-12-12-10-10-12-12-7-12-12-6-10
27	0	0-0-0-0-0-0-0-0-0-0-0-0	0-0-0-0-0-0-0-0-0-0-0-0	0-0-0-0-0-0-0-0-0-0-0-0	0-0-0-0-0-0-0-0-0-0-0-0	0-0-0-0-0-0-0-0-0-0-0-0	0-0-0-0-0-0-0-0-0-0-0-0	0-0-0-0-0-0-0-0-0-0-0-0	0-0-0-0-0-0-0-0-0-0-0-0	0-0-0-0-0-0-0-0-0-0-0-0	0-0-0-0-0-0-0-0-0-0-0-0	0-0-0-0-0-0-0-0-0-0-0-0	0-0-0-0-0-0-0-0-0-0-0-0
27	1	1-1-1-1-1-1-1-1-1-1-1-1	1-0-0-1-0-1-2-2-1-2-1-2	1-1-1-1-1-1-1-1-1-0-1-1	2-1-2-1-1-1-0-1-0-0-0-1	1-2-1-0-3-0-2-1-0-1-1-2	1-2-1-1-1-1-0-1-0-0-0-2	1-0-0-6-2-2-0-2-0-1-9-0	1-1-2-1-1-3-1-1-1-2-1-1	1-1-1-0-1-1-3-0-1-1-1-0	1-5-1-1-1-1-2-1-2-3-1-1	6-0-1-0-9-2-1-1-6-1-1-1	1-1-1-6-6-1-1-1-6-1-1-1
27	2	3-2-2-2-2-3-3-2-2-2-3-2	3-3-1-2-3-3-1-3-3-1-3-3	1-2-3-3-2-3-3-3-3-2-3-2	3-3-3-3-2-2-3-3-2-3-2-3	3-1-4-3-1-2-3-2-3-4-3-4	3-3-3-1-1-2-2-2-3-0-3-3	2-3-2-1-1-1-3-3-2-2-3-2	2-2-9-2-2-1-2-2-1-1-2-3	2-2-2-2-4-4-1-2-3-12-2-2	2-2-2-3-2-2-3-2-1-1-2-2	2-3-3-0-2-1-1-2-2-2-4-3	2-2-1-2-2-3-2-4-2-2-4-4
27	3	3-2-4-2-3-2-2-2-2-2-2-4	2-2-3-2-2-2-4-2-2-2-2-2	5-3-2-4-4-2-4-2-2-2-4-4	2-2-2-2-4-4-2-2-2-2-2-2	2-1-1-4-1-4-4-4-2-2-2-5	2-2-4-7-3-2-3-2-2-0-2-4	2-2-2-1-3-3-2-4-0-3-2-2	2-4-4-4-2-1-1-4-1-3-2-2	3-1-2-2-1-2-1-2-2-2-4-0	2-2-0-2-2-2-2-2-3-1-2-4	2-2-2-0-2-3-1-2-1-4-2-2	2-2-1-1-1-2-9-2-3-2-0-2
27	4	6-5-3-2-5-4-2-5-4-2-2-3	2-2-3-2-5-2-3-5-5-5-2-5	8-3-2-3-3-8-3-3-2-5-5-3	5-5-5-2-3-3-2-2-2-4-5-2	2-2-2-3-6-3-5-5-4-2-6-3	2-5-6-7-4-2-5-5-4-4-8-3	1-2-4-1-5-1-5-3-4-4-3-7	10-3-3-5-3-4-5-6-4-4-2-4	4-8-4-4-2-2-1-4-2-4-3-7	4-2-4-2-2-2-2-2-1-5-2-3	4-2-2-0-2-4-1-4-4-3-2-4	1-4-6-1-1-4-2-4-0-2-2-2
27	5	5-5-5-5-4-5-5-5-5-5-10-5	2-6-6-2-2-2-3-4-4-4-2-4	3-5-4-3-3-4-6-4-6-4-6-6	4-4-4-2-3-4-4-2-6-2-4-2	5-2-2-3-4-6-4-4-4-2-2-3	2-4-4-1-4-2-4-4-5-7-0-5	1-5-6-1-4-5-6-6-5-5-2-4	5-3-3-6-5-7-6-4-4-5-2-2	5-4-4-4-5-2-2-6-6-5-5-6	6-1-5-5-3-2-3-6-3-4-1-3	4-2-6-5-7-6-8-7-1-2-2-4	1-4-1-1-1-2-3-8-7-2-7-2
27	6	6-6-6-5-6-7-6-6-6-7-7-7	2-7-7-2-2-7-3-7-2-7-2-7	3-6-4-3-3-4-5-2-5-4-7-5	4-7-7-2-3-4-6-2-5-7-4-2	2-1-7-3-4-5-7-6-7-2-4-3	2-4-4-1-6-2-7-5-6-8-7-5	1-2-5-1-4-7-6-5-11-6-2-7	9-3-5-5-2-5-8-4-4-6-2-4	4-4-4-7-6-2-1-5-5-8-6-5	5-2-6-7-3-2-2-5-3-4-2-3	1-4-5-8-2-5-5-4-1-4-2-4	1-4-1-8-1-2-4-7-1-7-6-2
27	7	7-6-6-7-7-6-5-7-7-6-6-6	2-6-6-7-9-6-9-6-9-6-9-6	3-7-8-8-7-9-8-8-8-7-6-7	8-8-8-8-7-9-7-3-8-6-6-2	5-4-9-10-4-5-6-8-6-7-8-8	6-9-8-11-6-2-6-7-6-5-6-8	8-6-5-1-4-6-6-8-5-6-8-6	2-7-12-7-7-8-6-7-4-6-7-4	4-4-4-6-7-7-7-8-8-6-7-7	8-7-10-6-7-2-8-5-3-4-6-7	8-4-6-6-6-6-5-5-4-7-7-4	6-5-4-1-1-2-2-5-5-6-5-2
27	8	8-8-7-8-7-5-6-12-8-8-10-7	2-6-6-9-7-8-9-10-7-6-9-9	9-8-7-9-9-9-9-9-9-11-9-9	7-7-7-7-10-7-7-10-7-8-8-10	2-2-7-8-9-8-9-7-6-8-7-7	4-7-9-4-8-9-7-8-6-6-4-7	7-9-6-1-8-8-9-8-5-10-7-9	2-8-4-9-7-8-6-7-4-9-7-9	4-4-4-8-6-2-8-7-7-6-7-8	7-7-7-8-9-8-7-5-8-4-2-8	7-2-6-6-12-10-5-2-8-7-9-4	2-5-8-6-12-8-9-5-8-6-6-2
27	9	9-9-10-9-10-9-10-8-7-10-8-9	2-10-6-8-9-10-8-8-7-6-8-8	8-8-8-8-8-8-8-8-8-8-10-8	8-9-10-9-8-7-7-8-8-11-10-8	9-1-7-9-8-10-8-8-10-11-10-7	2-7-10-9-11-8-10-9-9-10-4-9	8-8-11-1-8-9-8-10-6-8-1-8	6-8-10-8-10-10-11-7-4-8-1-8	4-4-4-10-9-9-10-7-11-6-10-10	10-1-9-12-8-8-7-11-8-10-2-8	8-4-6-6-12-8-9-11-4-7-8-4	10-4-4-1-1-11-8-1-11-9-11-11
27	10	10-10-9-8-9-6-9-12-7-9-5-9	2-9-6-8-9-9-12-11-10-6-12-11	8-8-11-8-10-11-9-11-10-8-9-9	10-10-7-11-8-8-12-8-9-9-9-8	2-11-7-10-11-9-11-8-9-10-10-12	12-11-9-10-10-11-9-9-9-9-10-8	10-9-9-12-10-8-8-11-6-8-10-10	4-8-11-9-9-11-9-9-8-10-10-11	10-11-8-9-3-10-10-10-9-4-9-9	9-12-7-11-11-8-9-9-11-11-10-8	10-10-11-6-5-8-11-10-11-7-8-4	9-6-10-6-10-8-2-11-10-11-9-9
27	11	11-12-12-12-11-10-10-10-9-12-12-12	2-9-6-8-10-12-8-10-12-6-10-10	11-10-10-8-11-12-11-10-10-8-10-11	12-10-12-12-8-11-10-8-9-9-11-11	11-10-11-9-10-11-12-11-11-11-11-7	10-10-12-11-10-10-11-11-9-9-4-9	12-11-9-11-12-9-9-12-5-12-11-11	2-11-10-11-11-10-9-12-12-10-7-10	11-10-4-11-12-2-10-11-9-11-11-9	7-11-11-10-10-11-7-9-10-10-11-8	10-11-11-6-9-11-10-10-10-11-11-11	9-11-11-11-11-9-11-10-9-10-9-9
27	12	12-12-12-12-12-12-12-12-12-11-12-12	12-9-12-8-12-11-11-10-11-12-10-10	11-11-12-11-12-11-12-12-10-12-12-12	11-12-12-11-12-12-10-12-12-12-12-11	11-10-12-12-10-12-11-12-11-12-8-10	12-12-11-12-12-10-12-12-12-12-12-12	11-12-12-12-11-12-9-11-12-11-10-11	12-11-7-12-12-10-6-11-11-12-7-10	4-12-4-12-11-12-12-11-12-2-11-9	7-12-12-12-12-8-12-6-12-12-12-12	10-12-12-6-8-5-12-12-12-12-12-12	12-12-12-1-12-12-12-12-12-12-9-2
28	0	0-0-0-0-0-0-0-0-0-0-0-0	0-0-0-0-0-0-0-0-0-0-0-0	0-0-0-0-0-0-0-0-0-0-0-0	0-0-0-0-0-0-0-0-0-0-0-0	0-0-0-0-0-0-0-0-0-0-0-0	0-0-0-0-0-0-0-0-0-0-0-0	0-0-0-0-0-0-0-0-0-0-0-0	0-0-0-0-0-0-0-0-0-0-0-0	0-0-0-0-0-0-0-0-0-0-0-0	0-0-0-0-0-0-0-0-0-0-0-0	0-0-0-0-0-0-0-0-0-0-0-0	0-0-0-0-0-0-0-0-0-0-0-0
28	1	1-1-1-1-1-1-1-1-1-1-1-1	1-0-0-1-0-1-1-0-1-1-1-0	1-1-0-0-1-2-0-0-0-0-0-0	1-0-2-1-1-1-1-1-0-0-0-1	0-1-1-1-1-0-2-0-0-1-0-1	1-1-0-0-1-1-0-1-0-0-0-1	6-0-0-1-0-0-0-0-1-1-0-0	1-0-0-1-1-3-0-0-1-2-1-0	0-1-2-0-0-0-3-1-0-2-1-0	1-1-1-1-0-1-0-0-1-3-1-0	1-1-1-0-1-1-3-1-0-1-1-1	0-1-1-1-1-1-1-1-0-0-0-0
28	2	3-4-2-2-3-2-3-2-3-3-3-2	3-3-3-2-3-2-3-2-3-3-3-3	2-3-3-3-4-3-3-2-3-3-3-2	3-2-4-3-2-2-3-6-3-2-2-6	6-6-6-1-3-2-2-2-1-3-6-9	3-3-3-2-3-3-2-1-2-0-0-2	2-2-2-6-1-3-3-2-2-3-6-2	2-2-2-2-2-6-2-1-2-3-2-3	7-1-1-2-4-3-6-3-4-2-2-3	2-2-2-2-3-2-10-2-1-6-10-0	2-2-3-4-10-2-2-6-10-2-3-2	6-2-2-1-3-3-2-3-2-5-2-3
28	3	2-2-2-4-2-2-2-2-2-2-2-2	2-2-2-4-2-2-2-2-2-2-4-2	5-2-2-2-5-4-4-4-2-2-4-4	4-2-2-2-3-4-2-7-4-0-4-5	5-2-4-4-2-3-4-4-3-2-2-3	4-2-2-2-3-2-3-3-3-3-3-4	3-3-0-2-3-2-2-2-3-3-4-3	3-4-4-3-3-1-0-4-3-2-4-2	2-1-3-3-4-2-1-4-2-3-4-2	3-3-2-1-2-4-3-3-1-1-2-3	3-3-2-2-2-2-1-2-2-3-2-3	0-3-1-1-2-2-3-2-0-3-0-2
28	4	5-2-2-3-4-4-2-4-4-2-2-4	2-4-2-3-5-2-2-5-4-5-3-5	3-2-3-2-3-9-3-5-2-6-5-3	3-5-5-2-3-3-5-3-3-4-3-2	3-2-3-3-5-3-5-3-4-2-3-3	3-5-6-7-4-2-3-3-5-4-9-4	2-4-5-2-5-4-5-5-4-4-3-7	3-3-3-5-4-5-4-6-7-2-3-6	4-1-4-4-3-2-4-3-2-4-3-2	5-3-4-1-2-3-3-4-4-5-4-3	4-5-2-2-5-4-2-4-5-5-2-4	6-4-1-1-2-2-3-4-0-5-0-5
28	5	5-5-5-5-5-5-5-5-5-5-5-5	4-5-6-3-4-2-4-6-4-4-2-6	3-5-3-3-3-4-6-7-2-7-6-6	4-4-4-4-3-3-6-3-6-6-7-3	3-2-3-3-4-7-4-3-4-2-7-3	3-5-4-2-4-2-6-6-4-5-3-5	3-5-7-2-4-7-4-4-5-5-3-3	5-3-3-4-3-4-5-4-4-6-4-2	5-1-4-4-5-2-2-3-2-4-6-2	4-3-5-7-2-3-6-4-1-4-4-3	4-4-2-5-6-2-1-4-4-6-4-6	2-4-1-1-2-2-3-5-6-4-5-4
28	6	6-2-6-6-6-6-6-6-7-6-6-6	2-7-5-3-9-7-2-5-4-4-7-5	3-6-6-3-7-4-5-8-7-4-7-5	4-8-7-7-3-8-5-3-7-5-5-2	3-2-2-11-4-5-6-6-7-2-2-3	3-4-4-2-6-2-7-5-6-6-10-4	2-5-5-2-4-6-7-5-6-6-2-4	2-3-3-5-4-2-9-4-5-5-2-4	2-1-5-4-6-2-2-4-5-6-5-7	11-3-6-5-6-6-5-7-7-2-2-3	2-4-7-7-5-2-2-2-2-5-2-5	4-4-1-2-2-6-3-5-5-9-7-7
28	7	6-5-6-6-7-8-7-7-6-7-9-6	2-6-5-3-10-7-2-7-8-4-7-8	3-7-8-3-6-5-8-8-6-5-6-7	8-8-6-8-3-4-7-3-6-5-5-3	8-2-3-9-4-5-8-6-6-7-5-3	4-8-8-2-6-2-6-7-6-7-3-8	1-7-5-2-4-6-6-6-6-6-3-4	2-3-3-8-7-1-6-4-4-9-2-2	2-1-4-4-4-7-1-8-9-8-7-9	4-3-7-5-2-14-7-6-6-4-2-3	7-9-6-6-6-8-2-4-4-4-9-4	7-9-7-1-2-7-7-8-5-7-6-6
28	8	8-11-9-8-8-7-6-8-6-8-11-7	2-6-5-3-6-7-9-6-7-7-9-7	3-8-8-10-9-7-9-7-10-10-7-9	7-9-9-7-9-9-7-7-7-9-5-3	7-6-3-9-4-5-7-6-7-10-7-3	4-5-9-9-8-2-7-7-8-8-3-8	4-8-10-2-4-8-6-7-8-11-8-9	2-8-10-7-7-9-6-4-4-8-3-2	9-1-4-4-9-7-2-7-7-9-8-7	9-3-8-7-2-7-6-8-8-2-6-8	4-4-2-6-6-7-8-4-4-4-7-4	7-4-7-1-2-7-9-7-5-7-6-8
28	9	8-9-10-10-8-11-9-14-10-8-8-10	10-7-5-10-6-11-10-11-10-4-10-10	3-9-10-8-8-4-10-10-10-11-7-8	10-10-10-10-10-10-7-11-8-5-5-2	10-2-2-10-4-5-10-10-7-9-9-10	4-10-10-8-8-11-5-7-8-8-4-10	12-11-8-2-10-11-6-10-8-9-8-8	2-10-12-10-7-9-6-9-4-10-7-4	4-1-4-10-11-7-1-10-7-8-11-7	8-4-7-5-10-10-8-6-10-2-2-11	4-7-5-6-6-9-2-4-2-9-7-4	0-7-9-11-2-2-8-2-5-9-6-6
28	10	10-10-11-9-11-11-11-10-11-10-10-10	9-11-10-9-7-9-9-8-9-7-9-9	3-9-9-8-9-10-9-9-8-10-11-9	9-10-9-9-9-9-10-3-11-11-10-2	9-2-2-9-12-11-11-9-11-8-9-9	4-9-11-8-10-9-11-10-10-10-6-10	2-11-10-2-9-6-10-9-8-10-4-11	10-9-8-9-11-1-6-11-4-9-2-10	5-1-4-9-6-7-2-9-7-6-9-7	8-9-10-10-9-9-2-10-9-2-2-9	4-7-2-10-2-2-10-2-2-4-7-4	0-4-7-1-2-2-9-8-10-11-6-6
28	11	10-11-10-11-10-10-10-9-10-10-8-10	11-10-10-11-12-9-11-9-11-11-9-12	11-11-12-8-11-12-10-11-11-11-10-11	11-11-10-12-9-12-11-9-10-10-10-12	9-14-11-9-11-10-10-9-10-8-11-11	12-11-10-11-11-14-10-10-10-10-3-9	11-10-10-2-11-9-11-12-8-8-11-10	11-9-10-10-10-12-10-10-4-11-11-11	11-11-11-9-9-7-11-11-7-11-9-7	6-9-7-11-13-9-6-10-11-12-11-9	12-11-12-10-8-2-12-11-12-9-7-11	11-4-11-9-2-2-7-11-11-11-6-2
28	12	13-13-13-12-14-13-13-13-14-13-13-14	13-13-13-11-13-13-13-13-13-13-13-13	11-11-13-14-12-13-11-12-13-13-13-12	12-11-13-11-12-11-13-13-13-12-12-11	14-11-13-13-13-12-12-12-13-12-13-11	12-13-10-13-13-11-12-12-13-13-3-12	13-13-12-13-11-12-13-12-13-13-14-12	13-9-13-13-13-11-13-14-4-12-11-11	13-13-13-12-14-14-13-11-7-14-9-13	12-13-13-13-13-13-13-13-12-12-13-13	13-13-13-10-13-13-11-12-11-13-13-13	13-13-12-14-13-12-8-11-12-12-12-13
28	13	12-14-14-14-12-12-12-14-14-14-14-14	14-12-12-14-12-12-12-13-14-12-12-14	13-13-14-14-13-12-13-13-14-12-12-13	13-13-12-13-13-13-14-12-12-12-12-13	14-11-12-12-12-12-14-13-12-13-12-13	13-12-12-12-12-11-12-12-12-12-4-12	12-12-13-12-13-13-12-13-12-12-14-12	12-13-12-12-12-12-12-14-12-11-14-13	12-12-12-12-14-12-12-13-12-12-13-12	13-13-12-12-12-12-12-13-12-12-11-12	12-12-12-10-12-12-11-13-11-12-12-13	14-12-13-13-12-12-13-14-13-12-12-13
28	14	14-13-13-13-14-12-13-14-13-13-13-12	13-12-12-13-13-12-13-13-13-14-13-13	12-13-13-13-14-13-14-12-13-14-13-14	14-14-13-13-14-14-13-14-14-14-14-12	13-11-14-14-13-14-13-13-12-14-12-11	14-14-14-12-14-11-12-14-14-14-14-14	13-14-14-14-12-14-12-13-14-12-13-13	14-14-12-14-14-11-10-12-9-12-13-11	12-14-4-14-13-12-14-13-14-12-13-12	12-13-14-14-14-7-14-13-14-14-12-14	13-12-14-14-8-12-12-13-14-12-12-14	13-4-14-12-13-14-14-13-13-14-14-14
29	0	0-0-0-0-0-0-0-0-0-0-0-0	0-0-0-0-0-0-0-0-0-0-0-0	0-0-0-0-0-0-0-0-0-0-0-0	0-0-0-0-0-0-0-0-0-0-0-0	0-0-0-0-0-0-0-0-0-0-0-0	0-0-0-0-0-0-0-0-0-0-0-0	0-0-0-0-0-0-0-0-0-0-0-0	0-0-0-0-0-0-0-0-0-0-0-0	0-0-0-0-0-0-0-0-0-0-0-0	0-0-0-0-0-0-0-0-0-0-0-0	0-0-0-0-0-0-0-0-0-0-0-0	0-0-0-0-0-0-0-0-0-0-0-0
29	1	1-1-1-1-1-1-1-1-1-1-1-1	1-0-1-1-1-1-0-0-1-0-1-0	0-0-0-2-2-0-2-2-0-0-1-1	2-0-2-2-2-2-0-2-1-0-1-2	2-0-2-2-0-1-2-2-1-0-3-0	2-4-1-1-1-0-1-2-0-1-7-0	1-1-1-0-0-0-1-2-1-1-2-1	1-1-2-1-1-0-1-1-1-0-2-0	0-0-0-1-2-1-0-0-1-1-1-1	2-1-1-0-2-2-1-1-0-0-0-1	0-1-2-0-2-0-0-0-0-1-1-1	0-1-1-1-0-0-1-0-0-0-0-1
29	2	2-2-1-2-2-2-2-2-2-2-2-2	3-2-2-1-2-3-2-3-2-3-1-3	0-3-3-1-1-3-3-1-0-3-3-3	1-3-1-3-1-1-3-1-1-2-4-1	1-2-1-1-3-1-3-3-3-2-1-1	1-3-4-3-2-0-3-1-2-2-9-2	1-2-2-2-3-2-2-2-2-3-1-4	2-1-3-3-2-2-2-4-2-2-2-2	2-5-2-2-1-2-2-3-1-1-1-2	1-2-2-3-1-1-1-2-3-3-1-1	2-5-2-0-2-2-0-2-2-3-1-2	2-2-2-2-2-2-2-2-2-0-1-1
29	3	3-3-3-3-3-3-3-3-3-3-3-3	2-3-3-1-2-2-2-2-2-2-1-2	0-3-2-1-1-2-4-1-0-2-4-4	1-2-4-2-1-1-2-1-4-3-2-1	1-0-1-1-2-4-2-2-2-3-1-0	1-2-2-2-2-0-2-3-2-3-1-3	1-1-3-2-2-3-3-2-3-3-2-3	3-1-2-2-3-2-3-2-2-2-2-5	3-3-4-2-3-2-2-4-4-1-4-2	4-2-3-4-4-2-1-3-2-2-0-2	4-2-2-3-3-3-5-3-2-2-4-2	3-2-1-4-0-3-2-0-3-3-3-7
29	4	4-4-4-4-4-5-4-4-4-3-5-5	5-5-4-1-4-4-3-5-2-2-1-5	1-4-5-5-5-4-5-4-5-5-5-5	2-5-3-2-2-2-5-1-5-5-2-0	1-0-1-1-2-3-5-4-5-2-2-1	1-1-2-2-4-1-5-3-4-4-5-3	1-7-4-0-2-4-5-5-4-4-1-2	3-1-2-3-1-5-4-2-2-4-2-5	4-2-3-2-5-2-0-3-3-5-3-5	3-2-4-3-5-5-7-4-4-2-0-5	3-4-4-3-5-4-0-5-2-2-5-3	4-2-1-3-2-4-1-5-4-3-5-5
29	5	6-5-4-4-4-4-5-5-6-5-4-4	4-4-3-1-4-4-6-6-6-4-6-6	5-5-6-6-6-7-6-6-6-4-4-5	6-6-5-6-6-6-4-1-4-4-2-6	1-5-6-6-2-3-6-6-4-6-6-6	6-6-6-5-5-6-4-5-2-4-5-7	5-4-4-5-2-5-4-4-2-5-6-5	2-6-6-6-2-6-4-6-2-2-5-3	6-2-4-2-5-5-6-6-4-4-7-5	5-6-7-5-6-4-5-4-6-6-5-4	4-2-5-3-4-7-3-4-6-5-5-2	4-5-5-5-6-5-6-5-5-5-4-5
29	6	6-7-6-6-6-6-6-6-6-7-6-6	7-7-4-1-6-7-5-5-5-6-5-5	0-5-5-5-5-7-5-5-5-2-7-7	5-5-5-5-5-5-6-1-7-7-7-5	1-6-5-5-0-7-7-5-7-5-5-5	5-5-5-6-6-5-7-6-6-6-5-6	5-7-8-5-9-6-7-7-2-6-5-6	6-5-5-5-6-5-9-5-2-6-5-6	5-6-2-6-6-6-5-6-7-5-5-6	7-5-6-7-5-5-5-4-5-5-5-6	0-5-5-5-12-6-5-6-5-2-5-2	4-5-8-5-5-5-2-8-6-5-4-11
29	7	7-6-6-6-4-6-6-6-6-6-7-6	6-6-4-7-7-6-8-7-8-6-8-8	9-7-7-5-7-6-8-8-7-7-6-6	7-8-5-5-5-8-7-1-6-6-7-7	1-10-7-7-9-6-6-7-6-7-7-5	8-7-5-7-6-7-6-7-6-6-1-5	8-6-3-10-7-7-4-6-7-6-9-6	2-6-2-5-2-8-6-2-2-7-7-7	7-7-7-8-8-7-7-9-6-7-5-6	6-5-5-7-8-5-6-6-7-9-9-1	9-1-5-7-4-7-9-7-9-5-7-7	7-6-7-5-7-5-7-7-7-7-4-6
29	8	10-10-8-9-8-12-10-9-10-9-9-12	10-9-9-9-9-10-7-7-10-8-9-9	8-7-9-9-9-10-9-10-9-9-9-9	9-7-9-9-5-7-9-10-8-9-9-7	10-7-8-11-8-8-8-8-9-9-9-5	9-7-9-8-9-7-9-9-9-8-10-8	12-9-8-8-6-8-10-6-9-9-12-8	10-8-9-8-8-9-8-9-2-7-7-7	12-7-8-8-12-9-9-7-9-11-8-9	9-8-8-9-9-9-9-9-8-10-7-8	7-9-9-8-10-10-7-9-8-8-9-9	12-5-8-8-8-11-11-11-10-10-9-6
29	9	8-8-8-8-8-8-8-8-8-8-8-8	8-8-8-10-8-8-8-12-8-8-8-8	10-9-10-8-10-8-10-8-8-8-8-8	10-7-8-8-10-10-8-11-8-8-8-7	11-7-11-9-7-8-10-10-8-8-8-9	8-10-8-8-8-7-10-8-8-8-2-11	10-8-8-9-6-9-8-6-8-8-7-9	8-9-8-10-10-8-6-8-12-7-7-7	7-7-2-10-11-8-8-10-8-8-9-8	8-10-9-8-8-10-10-8-10-7-7-8	7-8-6-3-4-7-7-8-7-8-8-9	8-10-7-10-11-8-8-8-3-7-8-6
29	10	8-8-8-8-8-8-8-8-8-8-8-8	8-8-8-9-8-8-8-9-8-8-8-9	9-10-9-9-9-8-9-8-8-10-11-9	9-10-8-8-9-9-8-9-11-10-10-7	8-7-7-10-7-10-9-9-10-10-8-9	9-9-10-8-10-7-9-10-8-10-8-10	9-10-8-7-11-8-8-9-8-8-9-10	8-9-9-9-9-8-8-8-9-9-8-7	8-7-8-9-8-8-8-9-8-8-9-10	8-9-9-11-9-9-9-8-9-8-7-8	7-8-11-11-8-8-7-10-7-9-8-8	8-9-7-9-9-8-8-8-8-8-8-10
29	11	8-8-8-8-8-8-8-8-8-8-8-8	8-10-8-9-8-8-11-9-12-8-8-9	11-11-12-9-9-10-10-10-12-10-10-11	11-11-11-8-9-9-12-9-10-8-8-9	8-7-9-8-11-10-12-9-10-8-8-9	8-11-8-11-8-7-10-10-10-8-1-9	9-10-10-11-10-11-8-11-8-8-11-11	8-9-9-9-9-11-6-8-11-7-11-7	11-11-11-9-9-8-11-11-8-8-9-8	11-9-11-11-9-10-8-8-11-11-11-9	11-8-10-10-11-12-7-11-11-11-8-11	4-11-11-11-11-8-8-11-3-11-8-6
29	12	12-12-12-12-12-8-8-12-12-8-12-8	8-8-12-9-8-8-11-9-11-12-11-7	11-12-12-9-12-12-12-12-11-12-12-12	11-12-12-12-12-12-11-12-12-12-12-7	12-7-12-12-12-12-11-12-10-12-9-9	12-12-12-8-12-7-12-12-12-12-12-11	9-12-12-12-6-12-10-11-12-8-8-8	12-9-9-12-12-8-6-8-9-12-8-7	8-11-12-12-9-8-12-8-12-8-9-8	11-12-12-12-12-8-12-8-12-12-12-12	7-12-12-12-6-11-7-12-12-12-8-12	8-12-12-11-12-12-12-12-12-12-12-6
30	0	0-0-0-0-0-0-0-0-0-0-0-0	0-0-0-0-0-0-0-0-0-0-0-0	0-0-0-0-0-0-0-0-0-0-0-0	0-0-0-0-0-0-0-0-0-0-0-0	0-0-0-0-0-0-0-0-0-0-0-0	0-0-0-0-0-0-0-0-0-0-0-0	0-0-0-0-0-0-0-0-0-0-0-0	0-0-0-0-0-0-0-0-0-0-0-0	0-0-0-0-0-0-0-0-0-0-0-0	0-0-0-0-0-0-0-0-0-0-0-0	0-0-0-0-0-0-0-0-0-0-0-0	0-0-0-0-0-0-0-0-0-0-0-0
30	1	1-1-1-1-1-1-1-1-1-1-1-1	1-1-1-1-1-1-1-0-1-1-0-0	0-1-0-0-1-2-2-0-0-1-0-1	2-0-0-0-2-2-0-2-1-0-2-0	2-0-0-3-0-1-0-2-1-0-1-0	1-4-1-0-0-4-2-1-1-1-0-2	1-1-1-0-1-0-1-0-1-1-2-2	1-1-3-1-1-0-1-1-1-0-2-0	0-0-0-1-2-1-0-0-1-1-1-1	2-1-1-0-2-2-1-1-5-0-0-1	0-1-1-0-1-0-0-0-0-1-1-1	0-1-1-2-0-1-1-0-0-0-2-1
30	2	2-2-2-2-2-2-2-2-2-2-2-2	3-2-2-1-2-2-1-2-3-3-2-2	0-3-1-3-1-5-3-3-3-3-3-2	3-3-3-3-5-4-2-1-1-2-4-0	1-2-0-1-4-2-3-3-3-2-4-0	3-3-4-3-2-0-3-1-2-2-2-4	1-2-2-0-3-0-2-2-2-2-1-3	2-1-1-3-5-2-2-3-10-5-2-2	2-2-2-3-1-2-2-4-3-2-1-3	1-1-2-2-1-1-1-2-3-3-2-1	2-2-2-0-1-2-5-2-3-1-2-2	2-2-4-3-2-2-1-2-0-0-1-1
30	3	3-3-3-3-3-3-3-3-3-3-3-3	2-3-3-1-2-4-1-4-2-2-1-2	1-3-0-2-1-2-4-4-4-2-4-3	2-2-4-2-1-2-3-1-1-3-2-0	1-0-0-1-2-4-2-2-2-3-2-2	2-2-2-2-3-1-4-4-3-3-3-3	1-2-3-0-2-3-2-4-3-3-1-2	3-1-1-2-1-2-3-2-2-3-2-0	3-2-2-2-3-3-0-2-4-3-1-2	2-1-3-3-1-1-1-3-4-2-0-1	3-2-4-3-3-2-4-2-2-1-3-2	2-2-2-2-0-4-2-0-3-4-5-5
30	4	3-4-4-4-4-4-4-5-4-4-5-4	5-5-5-1-3-3-7-3-5-2-6-2	1-4-0-5-1-2-3-5-5-5-5-4	5-2-5-4-2-2-5-1-5-4-2-0	1-0-0-5-2-3-5-3-5-2-2-0	1-1-2-2-4-1-5-3-4-4-5-2	1-5-3-0-2-4-5-5-4-4-0-5	4-1-2-2-1-5-5-2-2-4-2-0	4-3-2-3-0-2-3-2-4-4-5-3	3-1-4-3-1-4-5-6-3-2-0-1	0-5-3-4-5-5-3-5-2-2-3-2	5-1-2-2-0-3-1-0-4-3-6-6
30	5	6-4-4-4-5-4-4-4-5-4-4-6	4-4-4-5-2-3-6-6-4-2-6-7	7-6-7-6-6-6-6-6-4-4-4-6	6-6-5-6-7-6-4-6-4-6-2-9	7-12-7-6-2-3-6-6-4-7-7-6	6-7-6-2-5-6-6-4-4-4-7-7	1-4-4-6-4-4-4-6-4-5-6-4	3-6-6-6-2-5-4-5-2-2-5-6	7-2-5-6-5-5-6-6-4-5-4-5	5-6-5-5-6-4-6-4-1-6-6-4	7-4-5-5-4-4-6-5-7-6-5-2	5-5-6-7-7-6-1-0-4-5-4-3
30	6	6-6-6-6-6-4-7-6-6-6-6-6	4-6-7-5-7-6-5-7-5-6-5-6	5-5-5-5-5-5-7-5-4-6-7-5	5-5-5-5-5-5-4-5-4-6-7-0	5-5-5-5-2-7-7-5-6-5-5-5	5-5-8-6-6-5-5-6-4-6-5-5	1-6-6-5-7-4-8-7-3-6-5-4	6-7-7-5-6-2-8-6-2-7-5-5	5-7-7-2-6-6-5-5-7-8-6-7	7-5-6-6-5-5-7-4-7-5-5-7	5-7-5-6-11-7-5-8-5-5-5-2	7-5-5-5-5-7-8-6-6-11-7-4
30	7	7-7-6-7-7-7-6-7-7-8-8-7	6-8-6-7-7-7-7-6-8-8-5-5	5-7-5-5-5-5-6-5-8-8-8-8	5-5-5-5-5-5-7-5-8-8-8-5	5-0-5-8-2-6-8-6-8-5-5-5	5-5-6-5-7-5-8-5-7-7-5-5	1-8-6-0-6-7-7-8-7-7-5-5	7-6-6-6-6-12-6-7-2-6-5-8	5-6-8-6-7-6-5-5-6-7-6-6	6-5-5-6-5-7-6-7-6-5-5-6	5-6-8-7-11-6-5-7-5-6-6-2	6-2-2-5-5-6-6-9-4-5-6-3
30	8	7-6-6-6-7-8-6-7-7-7-7-8	8-7-7-7-7-8-9-7-7-8-9-8	9-8-9-8-8-7-7-9-8-7-7-8	8-7-8-8-8-9-7-5-7-7-7-9	5-10-8-7-9-6-7-9-7-9-5-9	9-9-6-2-7-9-7-8-7-4-6-9	9-7-3-9-7-8-7-7-4-7-8-4	7-7-7-8-7-8-6-5-8-7-8-7	8-8-7-9-5-6-9-8-4-6-7-7	7-8-8-8-8-4-5-8-8-10-9-1	9-6-7-8-7-4-8-8-9-8-5-2	6-5-8-8-8-8-6-8-4-8-7-4
30	9	11-10-9-10-10-12-11-11-11-10-11-12	10-12-11-10-10-10-10-10-10-10-10-10	9-9-10-10-10-10-10-10-11-10-9-10	10-9-10-10-10-8-10-11-10-10-11-8	11-8-8-11-9-9-10-9-10-10-11-8	11-8-10-9-11-11-10-11-11-9-7-10	9-11-10-8-11-10-12-10-10-10-8-12	9-9-10-8-9-10-9-10-2-10-5-10	9-10-9-9-12-10-12-8-10-12-9-10	10-12-10-12-8-10-5-10-10-8-8-10	9-11-11-10-10-4-9-12-8-9-11-9	12-9-9-8-8-11-11-10-10-9-11-9
30	10	9-9-9-9-9-9-9-9-9-9-9-9	9-9-9-9-9-9-9-9-9-9-9-9	8-9-9-9-9-9-9-9-9-9-9-9	9-9-9-9-11-11-9-9-9-9-9-11	10-8-10-9-2-9-11-11-9-9-9-11	9-11-9-10-7-9-9-9-4-9-2-11	10-9-9-10-9-10-7-9-9-9-11-10	9-11-9-11-11-9-6-9-2-9-11-9	10-9-9-11-9-9-9-8-9-9-10-9	9-10-8-9-11-9-11-9-9-8-10-11	11-9-9-9-9-10-8-9-10-10-9-10	7-5-10-10-10-9-9-9-9-10-9-9
30	11	9-9-9-9-9-9-9-9-9-9-9-9	9-9-9-9-9-9-9-12-9-9-9-9	12-11-12-9-9-9-10-9-9-9-10-11	12-11-11-9-10-10-9-9-9-9-9-10	9-12-10-9-11-11-10-10-9-9-9-10	9-10-9-11-9-9-10-9-9-9-7-10	10-9-9-11-9-11-7-8-9-11-10-10	11-10-9-10-10-11-6-10-11-9-10-9	11-11-11-10-9-9-11-8-11-9-10-9	11-11-11-9-10-1-10-7-11-11-10-10	11-9-9-9-7-10-11-11-11-11-9-11	11-11-11-11-10-9-9-9-9-10-9-9
30	12	12-9-12-12-12-9-9-9-12-9-12-9	9-9-9-9-9-9-9-11-11-12-10-9	9-12-12-9-12-11-12-11-9-12-12-11	12-12-11-12-12-12-9-12-12-12-12-9	9-11-12-12-12-12-11-12-7-12-1-10	12-12-12-9-12-5-12-12-12-12-12-12	9-12-12-12-9-12-9-9-12-9-11-9	12-12-9-12-12-9-6-9-11-12-9-12	9-12-11-12-9-9-12-9-12-9-10-9	11-9-12-12-12-12-12-9-12-12-12-12	10-9-9-7-9-11-11-9-12-9-9-2	9-12-12-11-10-12-12-9-12-12-12-12
31	0	0-0-0-0-0-0-0-0-0-0-0-0	0-0-0-0-0-0-0-0-0-0-0-0	0-0-0-0-0-0-0-0-0-0-0-0	0-0-0-0-0-0-0-0-0-0-0-0	0-0-0-0-0-0-0-0-0-0-0-0	0-0-0-0-0-0-0-0-0-0-0-0	0-0-0-0-0-0-0-0-0-0-0-0	0-0-0-0-0-0-0-0-0-0-0-0	0-0-0-0-0-0-0-0-0-0-0-0	0-0-0-0-0-0-0-0-0-0-0-0	0-0-0-0-0-0-0-0-0-0-0-0	0-0-0-0-0-0-0-0-0-0-0-0
31	1	1-1-1-1-1-1-1-1-1-1-1-1	2-2-2-1-2-1-1-2-1-2-2-2	1-2-2-1-2-2-2-2-1-0-1-1	2-2-2-3-2-2-4-1-0-0-2-1	0-2-4-1-2-0-2-1-2-1-1-2	1-2-0-2-2-2-2-1-0-0-9-2	2-0-0-1-1-1-1-2-0-1-1-2	1-1-2-1-1-1-1-0-1-2-2-1	1-8-3-1-2-2-8-1-1-1-1-1	1-1-1-2-2-0-2-2-1-1-1-3	1-2-2-3-2-1-1-2-1-1-1-1	1-1-1-1-1-1-1-1-1-2-0-3
31	2	1-1-1-1-1-1-1-1-1-2-2-1	1-1-1-1-1-1-3-1-1-1-1-1	2-1-1-1-1-1-1-1-1-1-1-2	3-1-1-1-1-1-3-6-0-0-1-2	0-1-9-0-1-1-3-2-1-2-2-1	1-1-0-1-1-1-1-2-1-0-0-2	9-0-0-2-4-2-0-1-0-1-2-1	1-0-1-1-1-2-0-1-2-1-1-1	2-1-1-0-7-1-2-2-2-1-2-0	2-2-2-1-1-0-1-1-2-1-2-1	2-1-1-0-1-2-1-1-2-2-1-1	2-2-2-2-2-0-0-1-0-2-2-1
31	3	3-3-1-4-3-1-3-1-1-3-3-1	1-1-1-1-1-1-2-1-3-3-4-4	4-4-4-4-4-4-4-1-4-1-3-4	4-4-2-1-4-4-2-1-4-1-4-5	0-1-6-0-3-0-4-2-0-3-4-6	1-6-4-1-1-6-4-6-3-0-3-4	4-0-0-4-3-2-0-1-1-2-4-3	4-3-1-4-8-3-0-3-6-3-1-1	3-6-1-3-1-3-3-4-2-3-3-9	6-3-3-4-1-5-1-1-3-7-3-1	7-1-1-1-3-10-9-3-5-3-4-3	3-3-3-4-4-3-3-3-4-3-3-1
31	4	4-4-4-4-4-4-4-4-4-4-4-4	1-4-1-1-4-1-1-4-4-5-3-4	3-3-6-6-5-7-5-5-3-5-5-5	5-5-2-5-5-6-1-2-4-4-5-3	6-1-1-5-5-5-5-5-5-4-6-3	5-3-6-10-4-6-3-5-4-4-10-3	3-4-4-3-5-2-4-5-5-4-3-5	3-4-5-5-4-3-5-5-3-3-4-4	3-7-5-4-4-5-3-3-4-4-3-4	4-5-3-3-1-0-5-4-3-5-3-4	4-4-1-4-5-4-3-4-3-6-3-5	4-5-3-3-7-4-4-4-3-3-1-4
31	5	5-5-5-5-6-4-5-5-5-5-5-5	1-5-7-1-7-1-1-4-4-4-3-6	3-3-4-4-4-4-6-4-7-4-6-6	4-4-5-4-4-4-4-2-5-6-4-3	4-1-3-5-4-7-4-4-4-4-4-3	4-3-4-4-5-3-6-5-5-5-0-5	3-5-5-3-4-5-4-6-5-5-4-4	1-5-4-4-5-3-6-4-3-6-4-4	3-3-4-4-10-4-6-3-7-4-7-4	1-4-5-11-1-3-4-5-3-4-3-4	3-6-7-0-4-2-3-6-3-3-5-4	12-4-3-3-1-5-4-5-12-3-6-5
31	6	5-6-6-6-5-6-6-7-6-7-8-5	4-7-5-3-6-7-2-7-7-7-3-5	3-6-4-4-5-4-5-6-7-4-7-5	4-5-7-4-4-4-7-2-7-5-4-3	4-1-3-7-4-5-7-6-7-4-4-3	3-3-4-4-6-3-7-7-6-6-8-5	3-7-5-2-4-7-7-5-7-6-3-7	9-5-4-5-10-3-5-4-3-5-4-4	3-3-7-4-2-8-5-3-9-6-6-17	7-3-6-5-7-10-5-14-7-3-3-6	3-7-5-6-7-3-3-5-3-4-5-4	4-5-3-3-3-8-6-1-5-7-5-7
31	7	6-5-7-7-7-7-5-7-9-6-6-5	8-6-5-7-5-6-8-8-8-6-8-5	8-8-8-9-8-4-8-6-7-4-6-8	7-4-6-7-8-8-6-10-6-6-4-2	10-2-2-8-4-5-8-8-6-8-10-8	8-9-8-4-6-10-6-6-6-6-8-8	3-6-6-2-4-6-6-8-6-6-8-8	6-8-7-8-6-3-6-10-3-3-7-1	8-3-6-8-2-4-3-8-5-7-5-10	6-3-5-7-8-7-8-6-6-3-8-8	3-6-5-6-6-7-3-1-10-3-8-4	1-7-9-3-8-6-5-4-5-8-6-6
31	8	8-11-8-8-8-8-8-8-8-8-6-8	7-6-9-7-9-6-7-7-7-8-7-5	7-8-7-7-7-10-7-9-9-9-9-7	8-8-9-7-7-7-9-7-9-6-8-3	7-1-2-7-1-10-7-7-8-7-7-7	7-7-7-4-10-7-7-8-8-8-12-8	3-10-10-2-10-8-9-7-8-15-7-7	8-7-7-7-9-3-10-16-4-16-7-4	7-1-9-7-2-6-1-7-12-7-10-12	7-4-8-9-7-7-7-6-3-4-7-7	10-6-10-8-6-8-3-4-2-3-7-9	5-7-7-3-7-6-8-8-16-7-9-6
31	9	9-9-9-9-9-10-9-9-10-9-9-10	8-10-8-7-8-9-7-9-10-9-7-9	7-9-7-7-7-8-8-9-8-8-8-7	9-10-10-7-7-7-10-7-10-10-9-2	7-2-2-7-11-9-10-9-10-7-7-7	1-7-7-4-6-7-10-8-9-9-1-8	3-10-9-2-8-9-10-8-9-12-1-7	6-7-8-8-8-3-8-4-3-10-4-9	3-3-8-8-9-8-3-3-6-8-11-8	3-1-6-10-7-7-7-10-6-3-3-9	3-6-10-10-10-8-3-14-2-3-9-8	4-7-7-3-7-6-8-11-14-11-12-6
31	10	8-8-9-9-9-9-9-9-9-9-9-9	10-9-9-11-10-11-11-10-9-9-11-9	13-9-11-7-7-11-10-9-11-8-9-10	11-9-12-7-7-11-9-7-9-11-9-13	7-12-13-7-12-8-9-10-9-10-7-7	4-12-8-4-10-10-9-8-9-9-4-11	15-9-8-10-8-12-9-8-9-5-10-7	6-8-12-10-11-3-8-7-10-10-13-10	12-10-12-7-13-8-12-10-6-10-8-7	10-10-10-15-7-7-7-6-12-12-12-8	13-6-9-9-9-17-12-12-12-3-10-10	10-7-10-10-10-4-8-10-9-8-9-9
31	11	13-13-12-13-13-13-13-12-12-12-12-13	13-13-12-14-12-12-13-12-12-12-14-12	11-12-14-13-11-13-11-13-13-12-11-12	10-11-10-12-11-12-13-10-12-10-12-10	12-11-10-10-10-12-12-11-10-14-14-11	11-10-16-11-12-14-10-12-9-9-14-10	11-13-11-11-11-11-11-11-12-11-11-12	11-11-11-11-10-17-11-8-10-15-11-12	11-10-11-7-17-14-10-11-13-17-16-11	11-11-16-12-11-15-15-11-10-17-10-12	11-12-15-11-15-12-11-11-11-11-12-9	11-10-11-10-12-14-14-11-11-15-15-11
31	12	11-11-11-11-11-11-11-11-11-11-11-11	11-9-11-13-11-11-11-11-11-11-11-11	10-11-11-11-13-11-13-11-11-11-13-11	13-11-10-11-13-13-11-7-11-10-11-10	15-10-10-9-10-11-13-13-10-11-11-12	11-10-12-11-8-11-13-11-11-9-8-14	10-12-11-10-13-12-9-11-11-9-12-11	11-12-10-13-12-11-8-14-10-10-14-11	10-10-10-14-14-11-10-13-8-12-12-8	11-12-11-11-13-12-13-6-10-10-10-14	10-11-9-9-11-11-10-10-10-13-11-10	5-7-10-10-11-11-13-11-5-12-9-11
31	13	11-11-11-11-11-11-11-11-11-11-11-11	11-11-11-12-11-11-11-11-11-11-11-11	10-13-11-11-12-11-12-11-11-13-14-11	12-10-11-11-12-12-11-7-12-14-13-10	12-10-10-12-10-13-12-12-14-11-11-12	11-12-12-11-14-11-12-13-14-13-10-13	10-11-13-10-12-13-14-12-9-14-10-13	11-12-10-12-12-11-13-8-10-14-11-11	11-10-11-12-10-11-10-12-11-14-12-16	10-12-11-14-12-11-12-11-10-10-10-12	10-11-9-9-11-11-10-10-10-12-11-13	11-12-10-10-11-6-12-11-5-13-9-11
31	14	11-11-13-11-11-11-11-11-11-11-11-11	11-13-11-11-11-15-11-11-11-11-11-11	15-15-16-11-12-13-15-15-17-13-13-14	15-14-15-11-12-15-11-12-14-13-11-10	12-16-15-15-15-11-15-12-13-11-11-15	11-15-13-11-13-11-15-11-13-13-11-12	15-8-11-15-13-14-13-13-9-13-15-11	11-12-12-15-14-14-8-12-14-13-12-11	14-10-17-12-12-11-16-15-11-15-12-13	14-15-14-15-12-12-15-6-15-14-15-12	15-11-13-9-9-10-16-14-14-14-11-14	10-15-10-15-14-11-11-11-9-14-9-6
31	15	11-11-15-11-11-15-11-11-11-11-11-11	11-16-16-12-11-11-11-11-11-11-11-13	14-14-11-11-12-13-16-14-14-15-16-15	14-14-14-14-14-14-16-7-16-14-15-10	12-10-14-12-14-16-14-14-16-11-11-14	11-14-13-11-13-12-16-11-15-15-14-15	10-12-11-14-14-15-16-16-9-13-14-11	11-12-10-14-14-14-8-12-14-11-14-11	14-10-10-14-14-11-14-14-17-14-12-13	14-14-15-14-14-11-14-11-14-14-14-12	14-11-16-9-11-13-14-10-14-14-11-14	11-14-10-14-14-16-12-11-11-15-11-16
31	16	11-11-11-11-11-11-11-11-11-11-11-11	11-15-15-11-11-11-11-11-11-11-17-17	14-14-14-11-16-14-15-15-14-14-15-15	14-14-16-17-12-14-15-7-15-16-15-10	11-14-14-16-14-15-17-14-15-11-11-14	11-12-12-16-13-11-15-15-15-15-11-14	17-12-11-14-15-14-15-17-9-9-14-16	11-12-10-14-16-14-8-8-14-9-16-11	14-10-10-12-10-11-14-14-14-11-11-13	14-16-11-15-16-11-16-11-14-10-16-13	16-16-16-9-11-16-14-16-14-16-11-14	17-13-14-14-16-15-8-16-8-16-9-6
31	17	17-17-17-17-17-17-11-17-17-11-17-17	11-15-15-11-11-11-17-11-11-17-16-16	14-17-17-11-17-17-17-17-14-17-17-17	16-17-16-16-17-17-11-17-15-17-17-10	11-10-17-17-17-17-16-17-15-17-12-12	17-17-17-17-17-11-17-17-17-17-17-17	16-17-17-17-13-17-9-16-17-17-14-11	17-17-12-17-17-11-8-12-14-17-16-17	11-10-17-17-12-17-17-17-17-11-12-6	14-17-17-17-17-17-17-11-17-17-17-17	16-11-1-17-15-10-17-11-17-17-17-17	11-13-17-14-16-17-17-11-17-17-17-11
32	0	0-0-0-0-0-0-0-0-0-0-0-0	0-0-0-0-0-0-0-0-0-0-0-0	0-0-0-0-0-0-0-0-0-0-0-0	0-0-0-0-0-0-0-0-0-0-0-0	0-0-0-0-0-0-0-0-0-0-0-0	0-0-0-0-0-0-0-0-0-0-0-0	0-0-0-0-0-0-0-0-0-0-0-0	0-0-0-0-0-0-0-0-0-0-0-0	0-0-0-0-0-0-0-0-0-0-0-0	0-0-0-0-0-0-0-0-0-0-0-0	0-0-0-0-0-0-0-0-0-0-0-0	0-0-0-0-0-0-0-0-0-0-0-0
32	1	2-2-1-2-1-2-1-1-2-2-1-2	2-1-2-2-2-1-2-1-2-1-2-2	1-1-2-1-1-2-1-1-2-2-1-1	1-1-1-1-1-0-1-2-1-0-2-1	2-0-2-2-1-1-1-1-2-1-1-1	1-2-2-2-3-2-1-2-3-2-1-2	2-2-2-1-1-1-2-1-1-1-2-2	1-2-2-2-2-3-2-2-2-1-2-2	1-3-1-2-2-1-1-1-2-1-1-1	1-2-1-2-1-1-1-2-8-2-8-4	1-1-1-4-6-1-1-0-2-1-1-1	1-2-1-2-1-0-1-1-4-1-1-8
32	2	1-1-1-1-1-1-1-1-1-1-1-1	1-1-1-1-1-1-1-1-1-1-1-1	2-2-1-1-3-1-3-1-1-3-3-2	3-2-3-3-2-3-1-6-2-3-2-1	10-6-1-1-3-3-3-3-3-3-6-3	10-1-1-6-1-9-1-1-1-1-3-1	1-1-1-7-1-3-1-2-1-1-1-1	5-1-8-1-1-1-1-1-1-1-1-1	2-1-3-1-1-4-1-5-3-1-1-3	1-12-1-1-1-1-1-1-1-6-6-1	2-3-3-1-1-2-7-3-5-1-3-1	1-1-1-1-11-4-1-0-5-1-1-13
32	3	1-1-1-1-1-1-1-1-1-1-2-1	1-1-1-10-1-1-1-3-1-1-1-2	2-3-4-2-4-2-4-2-1-3-2-4	4-2-2-4-4-4-1-4-4-2-4-2	5-2-1-5-2-4-4-4-2-2-2-2	6-2-1-2-1-2-4-3-1-2-4-2	7-6-1-2-2-2-1-2-1-1-4-3	2-4-4-3-3-1-2-4-3-1-4-2	2-1-2-2-13-2-1-3-2-1-4-2	7-3-1-1-4-4-3-1-5-2-2-4	1-2-2-1-1-2-0-2-2-3-2-2	1-3-2-1-2-2-3-0-2-1-1-2
32	4	1-1-1-1-1-1-1-1-1-1-1-1	1-4-1-3-1-1-1-6-1-5-3-3	6-3-3-3-3-7-3-2-1-5-5-3	3-5-2-3-3-3-5-2-3-4-3-2	2-2-1-3-5-3-5-3-4-2-2-2	2-6-6-10-4-2-5-5-4-4-3-4	9-3-4-2-5-1-4-1-4-1-3-5	2-3-3-5-4-1-4-13-4-1-4-4	4-7-4-4-3-2-4-2-2-4-3-4	4-4-1-2-3-8-4-4-0-4-4-3	7-7-2-1-7-4-1-4-4-3-2-4	1-4-4-4-2-2-3-4-1-1-1-2
32	5	5-5-1-1-7-5-1-1-1-1-5-1	1-7-6-3-1-1-1-6-1-4-3-6	8-4-3-3-3-4-6-4-6-4-6-6	3-4-2-3-3-3-4-2-6-5-6-1	3-2-1-3-4-6-4-4-4-2-2-2	2-4-4-2-4-1-4-4-4-5-4-5	4-3-6-2-4-5-5-6-5-1-4-4	2-5-4-4-8-1-5-4-4-5-4-2	1-1-4-4-5-4-2-2-5-4-5-6	4-3-5-5-6-4-2-1-6-4-2-10	2-4-7-5-10-7-0-4-2-4-2-4	1-4-2-4-2-2-3-5-5-6-1-2
32	6	7-6-1-6-6-5-6-4-6-6-5-6	1-7-5-3-1-1-1-5-1-6-1-7	4-6-9-2-5-8-7-7-5-4-7-7	4-5-7-3-3-4-7-2-7-7-7-1	2-2-1-7-4-5-7-6-7-2-2-3	3-4-4-2-6-2-7-4-6-6-6-5	4-3-5-2-4-6-7-7-7-1-3-4	6-5-4-5-4-0-6-5-4-5-4-0	2-1-7-4-8-4-2-1-6-7-3-5	4-3-6-7-10-7-7-10-5-2-2-3	8-4-10-13-1-2-1-4-2-4-2-4	1-4-2-4-2-2-3-6-10-5-6-7
32	7	8-7-7-8-5-7-1-8-7-1-7-1	1-6-5-3-1-1-1-4-8-6-8-6	8-8-8-8-8-4-8-8-9-4-6-6	8-8-8-10-9-8-8-9-6-6-6-1	11-2-8-10-4-5-8-8-6-8-10-8	3-8-8-10-7-2-6-7-4-6-8-8	4-3-6-2-4-7-6-6-6-10-8-4	2-8-3-8-4-0-6-10-4-13-10-0	8-4-6-4-7-7-0-10-7-8-12-5	3-3-10-6-8-6-7-10-1-8-7-8	4-4-8-5-4-5-1-4-4-3-7-4	1-7-7-7-8-2-4-6-6-6-6-6
32	8	9-7-8-7-8-9-8-8-8-9-8-9	1-9-9-3-5-9-9-9-7-9-7-10	7-7-7-7-7-9-9-7-7-10-9-7	7-7-7-7-7-7-7-7-9-6-9-2	7-2-7-7-4-10-7-7-8-7-7-7	1-7-7-2-8-2-9-7-6-8-7-7	4-3-8-2-9-8-6-9-6-9-7-4	8-10-2-9-9-1-13-7-4-8-7-0	8-4-4-9-6-4-1-7-10-7-10-9	12-3-8-9-7-4-2-7-9-7-9-7	6-4-7-10-4-2-1-6-4-3-2-4	9-4-7-7-7-2-3-1-1-10-6-1
32	9	10-10-9-9-9-9-8-9-8-10-8-9	1-10-9-3-11-10-10-8-7-8-10-8	13-9-9-11-8-8-8-9-11-9-10-9	9-9-10-7-7-7-9-7-10-9-8-1	7-2-7-7-4-8-9-9-10-7-7-7	3-7-7-2-10-2-10-7-9-9-9-7	4-10-8-2-8-7-10-8-7-8-2-4	9-7-2-8-8-0-11-7-4-9-2-0	2-1-8-8-9-7-0-7-8-6-8-10	4-8-9-8-6-10-10-1-8-2-8-9	13-4-9-11-13-2-0-4-2-4-2-4	8-4-13-7-2-2-3-9-10-9-6-6
32	10	11-9-10-11-9-10-10-13-11-9-10-13	12-9-9-3-9-9-12-10-12-8-9-11	10-11-11-11-10-12-11-11-11-9-9-11	11-11-11-7-11-11-10-12-9-12-9-11	7-13-12-7-11-8-11-11-9-10-7-7	11-11-7-4-9-13-9-11-9-9-11-11	11-9-8-11-8-10-9-8-4-7-11-4	2-8-12-11-4-11-8-7-11-8-7-0	10-4-9-7-7-2-11-7-8-7-8-6	11-4-12-11-11-12-11-6-11-11-10-10	10-4-6-8-9-13-12-4-11-11-11-10	10-4-10-10-10-2-12-10-9-8-8-2
32	11	10-11-11-10-11-10-11-12-11-12-11-11	10-12-12-10-12-9-12-12-13-12-10-12	10-10-10-10-10-10-10-10-11-11-12-10	10-10-10-7-10-10-13-7-12-10-11-10	7-2-10-7-10-11-10-11-11-11-7-7	10-10-7-11-12-2-10-11-11-11-10-11	10-3-8-10-11-11-9-8-11-8-10-4	9-11-10-10-8-10-9-7-10-11-13-0	10-4-4-4-10-7-10-7-13-4-7-10	10-2-9-10-7-10-10-7-10-10-10-10	10-4-13-8-4-2-10-11-10-10-10-10	10-4-10-10-2-2-10-13-11-12-13-11
32	12	11-11-13-12-9-13-8-11-13-12-13-8	13-11-11-3-11-11-10-11-10-11-13-13	12-13-10-13-12-10-13-12-13-12-11-12	13-12-10-12-10-10-11-10-11-10-12-10	12-13-10-12-12-11-13-12-11-12-12-12	10-12-9-12-11-13-11-11-11-9-0-11	12-9-11-10-12-10-9-12-6-7-10-9	2-11-10-10-8-13-9-7-10-12-12-13	10-12-8-7-3-2-10-1-8-4-7-13	10-2-10-12-7-10-10-7-10-12-10-10	10-2-7-8-4-12-10-10-10-10-10-10	10-10-12-10-10-10-10-13-12-11-12-2
32	13	13-13-12-13-13-13-12-13-13-13-13-13	12-11-13-12-13-11-12-10-11-13-12-12	12-12-13-12-12-13-12-13-12-13-13-12	12-13-12-12-13-13-11-13-11-13-13-10	13-10-13-13-13-13-12-13-11-13-7-7	13-13-13-13-13-12-13-13-13-13-13-13	10-13-13-13-8-13-9-12-13-13-12-13	13-13-7-13-13-12-8-4-10-10-11-13	10-13-10-13-3-13-13-9-13-2-12-12	10-13-13-13-13-13-13-7-13-13-13-13	12-13-11-8-9-10-13-13-13-13-13-13	10-4-13-10-2-13-13-11-13-13-13-2
33	0	0-0-0-0-0-0-0-0-0-0-0-0	0-0-0-0-0-0-0-0-0-0-0-0	0-0-0-0-0-0-0-0-0-0-0-0	0-0-0-0-0-0-0-0-0-0-0-0	0-0-0-0-0-0-0-0-0-0-0-0	0-0-0-0-0-0-0-0-0-0-0-0	0-0-0-0-0-0-0-0-0-0-0-0	0-0-0-0-0-0-0-0-0-0-0-0	0-0-0-0-0-0-0-0-0-0-0-0	0-0-0-0-0-0-0-0-0-0-0-0	0-0-0-0-0-0-0-0-0-0-0-0	0-0-0-0-0-0-0-0-0-0-0-0
33	1	1-1-1-1-0-1-1-1-1-0-1-0	0-0-0-1-1-1-2-0-0-1-2-2	4-2-0-0-1-1-2-0-0-1-1-1	0-0-0-0-1-0-0-2-0-4-0-0	2-0-5-0-0-0-1-1-0-1-1-1	2-2-2-1-1-0-0-0-0-0-0-0	7-0-0-0-1-0-0-1-0-0-2-0	1-1-0-2-0-0-1-1-2-1-6-1	6-1-0-1-1-0-6-3-1-1-1-2	0-0-0-0-1-0-0-0-3-1-3-0	1-0-0-1-0-3-7-0-3-1-0-1	0-2-1-0-1-1-1-1-1-2-1-0
33	2	3-2-3-3-3-2-2-3-3-3-2-3	3-3-3-3-3-3-1-3-3-3-3-3	0-3-3-3-3-3-3-4-4-3-3-3	3-3-3-3-1-0-3-4-3-3-2-0	9-2-2-3-2-2-2-2-2-3-6-1	5-1-3-2-3-5-2-3-2-2-10-3	3-2-2-2-2-2-4-3-3-2-1-3	10-2-5-1-2-1-4-3-1-4-3-7	10-3-2-3-4-4-19-1-3-3-2-3	3-3-2-2-2-3-3-4-1-3-1-2	3-3-2-2-10-2-1-0-2-2-4-2	9-2-2-1-2-3-4-3-3-3-3-5
33	3	2-2-2-2-2-2-2-2-2-2-2-2	2-2-2-2-2-2-2-2-2-2-2-2	1-3-4-4-5-4-4-2-2-2-2-2	4-2-2-2-4-4-2-4-2-2-4-0	13-0-4-2-0-3-4-4-2-2-2-1	2-2-2-2-2-5-3-2-2-2-3-2	2-2-2-0-3-3-2-2-2-2-4-2	2-3-4-3-3-1-2-2-3-2-2-2	2-2-2-2-13-2-2-1-2-2-4-2	2-3-2-2-2-4-2-2-1-2-1-2	2-2-2-2-2-1-1-0-1-1-2-2	2-3-2-0-2-2-3-2-2-2-2-2
33	4	2-2-2-2-2-2-2-2-2-2-2-2	2-2-2-3-2-2-2-4-2-5-2-4	1-5-5-3-3-8-3-5-2-5-8-3	3-4-5-5-3-3-2-3-3-1-3-0	3-4-3-3-5-4-5-5-4-4-2-1	14-2-6-7-4-2-5-2-4-4-14-4	4-4-2-4-5-4-2-2-4-2-3-6	2-3-3-5-4-5-2-6-14-2-5-2	4-4-4-4-2-2-14-1-2-2-3-2	5-5-4-2-2-3-4-2-1-6-5-2	4-2-2-2-2-4-1-9-4-5-2-4	0-4-4-6-6-4-2-2-2-2-2-2
33	5	6-2-5-5-2-5-5-5-5-5-2-5	2-7-5-2-2-2-2-5-5-4-2-5	1-5-4-3-3-4-6-5-5-4-6-6	4-4-6-4-3-4-4-3-6-6-6-0	3-0-1-5-4-6-4-6-4-4-2-1	2-0-4-4-5-3-4-2-4-5-1-5	0-4-2-0-4-5-2-2-5-2-4-4	2-3-2-6-3-4-5-4-4-6-4-2	4-5-4-4-9-2-2-4-5-2-5-2	4-4-6-2-1-4-2-2-1-1-4-2	4-6-2-2-0-5-1-4-4-4-6-4	2-4-4-0-2-2-2-2-2-2-5-2
33	6	5-6-5-6-6-9-6-6-2-6-2-5	2-5-7-2-2-2-2-8-2-4-2-5	1-6-5-3-3-5-5-5-6-4-7-7	5-7-7-3-3-4-7-3-7-5-5-0	3-0-1-10-4-5-7-5-7-4-2-4	2-0-4-2-6-3-7-7-6-6-6-4	0-7-2-0-4-6-7-7-2-6-4-4	2-5-2-5-7-1-6-4-4-5-1-2	4-4-4-4-6-2-1-4-5-7-5-7	10-4-5-7-7-6-2-6-2-4-1-2	4-5-7-12-11-6-1-12-4-4-5-4	0-4-12-4-4-2-7-10-14-7-7-2
33	7	8-2-6-2-7-7-6-2-2-2-6-8	8-5-6-2-2-8-8-6-8-9-8-8	10-8-8-8-7-4-6-6-8-6-6-8	8-8-7-7-8-8-6-10-6-6-6-12	8-12-8-6-4-5-8-8-6-8-8-8	8-8-4-4-7-3-6-6-4-5-8-8	8-6-2-0-4-7-6-6-2-2-8-4	2-8-8-8-6-8-6-6-4-2-8-2	2-4-6-4-6-2-1-8-5-8-9-11	8-4-9-12-8-8-7-6-7-2-8-2	8-4-6-12-6-9-1-7-8-8-6-4	14-7-7-7-8-8-6-17-6-8-6-2
33	8	8-8-8-8-7-9-8-8-9-8-8-7	7-5-6-3-2-7-7-6-7-7-7-5	7-7-7-7-3-4-6-6-7-6-9-7	7-7-7-7-7-7-6-7-9-8-8-0	3-7-7-7-4-9-7-7-8-7-7-7	7-7-9-2-12-3-9-10-8-8-7-8	7-8-8-0-12-5-11-7-8-8-7-8	2-11-7-7-6-7-14-7-4-10-7-2	2-4-4-4-6-8-7-7-9-7-5-12	7-7-10-7-7-12-7-9-7-4-7-8	7-4-8-7-19-6-1-7-7-7-2-8	7-7-7-7-7-7-3-2-6-7-18-8
33	9	8-8-9-8-7-8-9-6-8-6-8-10	7-5-8-9-10-9-10-10-7-7-10-10	9-10-10-11-10-10-10-11-10-9-8-10	9-9-10-10-10-10-9-7-8-10-9-7	2-10-7-9-13-8-10-11-8-10-7-9	10-9-8-10-9-13-8-13-9-2-17-10	9-8-8-19-10-9-6-10-8-8-10-4	2-8-17-4-6-10-8-8-4-9-9-10	9-11-4-4-14-2-9-16-8-2-7-9	12-4-7-9-12-16-7-8-10-12-14-8	14-2-6-11-2-11-14-4-14-7-2-4	2-7-9-4-7-2-2-9-9-14-2-2
33	10	8-10-10-10-10-13-11-10-10-9-11-11	7-11-13-9-12-11-9-9-7-10-9-9	7-9-9-7-9-9-9-9-9-11-11-9	9-9-9-9-9-9-10-7-10-10-11-7	3-9-7-6-9-11-9-10-11-9-7-7	9-9-8-9-10-9-11-10-11-10-2-9	2-10-10-1-9-10-11-9-10-8-9-10	2-8-9-7-3-9-8-7-4-12-9-9	2-10-11-4-15-10-1-12-10-14-3-9	9-4-7-9-7-16-11-8-9-9-9-10	9-10-6-10-2-9-9-10-7-4-8-8	10-4-10-7-7-2-2-10-2-9-8-2
33	11	12-13-10-13-10-11-10-10-10-11-10-12	13-10-8-13-14-13-13-12-14-12-12-12	12-12-9-13-12-12-12-9-12-10-10-12	12-9-12-9-12-9-12-7-12-11-10-7	11-9-16-11-9-10-12-12-10-9-7-11	11-11-12-11-9-9-10-11-10-10-0-13	16-10-9-16-8-9-10-10-8-8-13-17	2-8-12-11-11-9-8-11-11-9-17-9	19-9-11-17-16-2-15-11-10-2-11-8	11-4-7-10-7-10-12-6-17-9-7-10	17-4-8-9-6-9-9-0-7-11-2-4	12-7-9-13-11-11-6-2-5-11-2-7
33	12	14-12-13-12-13-12-10-10-13-11-11-11	13-8-10-11-13-15-9-11-14-13-11-11	11-11-11-13-11-12-11-11-11-9-11-11	11-13-11-9-11-9-11-7-11-10-9-7	11-9-7-12-11-12-11-11-10-12-11-11	9-11-14-12-8-9-11-11-10-10-12-12	12-10-8-11-8-13-8-11-17-8-11-4	2-17-11-17-12-9-8-11-4-10-11-9	4-10-17-17-12-2-11-11-17-2-12-8	9-4-18-7-18-8-15-6-11-9-7-12	11-2-6-7-8-9-9-6-7-12-2-4	11-7-10-11-14-2-12-9-5-9-2-7
33	13	13-13-12-13-13-11-15-13-12-13-13-13	12-10-10-11-15-14-14-14-14-15-15-15	14-13-9-16-13-14-13-14-15-14-13-13	12-16-14-14-12-11-13-3-13-14-13-7	3-9-1-13-9-12-11-11-13-14-11-7	18-11-12-12-14-9-11-9-10-10-18-12	11-14-10-11-13-12-14-11-18-19-11-13	2-13-13-12-13-9-8-13-4-13-11-9	12-13-4-13-13-13-11-11-18-13-12-18	11-12-12-13-13-8-13-8-14-18-13-16	9-2-16-14-13-19-9-13-7-13-2-15	10-13-15-11-7-2-13-13-5-9-2-13
33	14	14-14-15-15-14-14-15-15-14-13-19-13	11-10-15-11-13-13-13-13-13-12-15-15	15-14-15-19-14-13-15-14-14-15-15-15	15-15-15-13-14-15-13-15-14-15-14-16	14-9-15-15-15-14-15-15-13-13-15-7	15-11-15-12-13-15-15-14-10-10-4-15	15-15-8-11-15-14-13-15-13-12-11-14	2-14-19-12-14-9-8-13-4-15-11-9	4-13-4-15-19-2-11-14-17-10-14-13	9-4-12-13-15-18-14-7-13-9-13-14	9-15-13-13-2-16-9-4-9-14-15-14	7-7-14-7-12-7-15-2-6-9-2-7
33	15	15-19-14-14-15-15-13-17-15-14-15-16	12-16-16-11-13-15-13-14-14-13-14-14	14-14-14-14-14-13-14-14-13-14-16-14	14-14-14-14-14-14-13-14-16-16-14-0	14-9-14-15-14-15-14-14-13-15-14-7	14-11-14-12-16-14-14-15-15-15-16-15	14-14-8-0-14-16-18-12-15-8-11-14	2-12-9-12-14-9-8-12-11-14-11-9	2-13-16-14-10-15-11-14-15-15-14-13	13-4-15-16-14-19-12-18-14-9-13-14	11-14-16-16-16-13-9-16-7-14-14-13	16-7-14-7-7-7-14-2-18-9-15-13
33	16	15-17-19-17-16-15-19-19-17-19-15-15	12-15-15-17-13-12-14-18-17-13-17-14	14-16-14-19-17-13-17-14-14-13-15-17	17-13-17-13-17-17-13-14-15-15-14-7	17-9-17-17-13-15-17-17-15-13-16-17	17-17-17-12-15-9-17-16-10-15-13-15	14-14-13-11-13-15-15-17-15-8-11-17	15-12-9-18-12-9-8-13-4-14-11-9	9-13-15-16-11-13-11-14-13-13-14-13	11-12-12-15-18-18-17-15-13-9-13-13	11-4-13-13-15-14-9-15-18-16-17-16	15-7-16-7-16-7-17-13-6-9-2-15
33	17	17-17-16-17-19-17-17-15-12-17-17-17	18-18-19-16-17-18-18-18-18-18-14-14	14-17-14-13-16-14-16-17-17-18-18-16	16-16-16-16-16-16-17-14-18-15-17-16	16-9-16-16-14-18-16-16-18-17-16-16	16-11-16-12-18-14-18-17-15-17-9-17	14-14-17-11-18-15-17-12-17-17-11-16	2-12-9-12-12-9-15-12-14-14-11-9	9-13-17-16-9-13-11-11-13-15-14-15	9-16-17-18-16-12-16-6-11-9-13-18	11-15-18-17-2-9-9-13-9-11-14-16	10-13-14-7-7-7-16-7-2-9-17-10
33	18	17-19-19-18-19-17-19-19-18-19-19-19	17-17-15-18-13-17-17-17-17-17-16-14	18-18-18-18-16-14-17-18-18-17-17-18	19-18-18-19-16-16-17-14-17-18-13-18	14-18-18-16-18-17-19-12-17-18-18-18	18-18-16-18-17-9-17-16-10-2-13-18	19-14-15-18-17-18-15-18-17-12-11-18	2-18-18-16-18-18-8-18-18-10-18-9	18-13-15-18-18-18-18-11-13-7-14-13	18-18-12-18-18-16-18-15-18-13-18-17	18-2-17-17-15-9-9-18-18-18-18-18	15-16-13-18-18-2-14-13-6-18-8-7
33	19	19-19-19-19-19-19-18-19-19-18-19-19	17-17-19-14-19-17-19-14-17-19-16-14	14-17-19-14-19-19-19-19-18-19-19-19	18-19-18-18-19-19-13-19-19-19-19-18	14-18-19-19-19-19-18-19-18-19-3-7	19-19-16-19-19-9-19-19-19-19-19-18	14-19-19-19-8-19-19-18-19-19-18-18	19-19-14-19-19-9-8-13-18-19-18-19	11-19-19-19-14-19-19-14-19-2-12-13	11-19-19-19-19-19-19-8-13-19-19-19	19-19-19-19-8-13-9-19-19-19-19-19	19-19-19-0-7-19-19-13-19-19-19-19
34	0	0-0-0-0-0-0-0-0-0-0-0-0	0-0-0-0-0-0-0-0-0-0-0-0	0-0-0-0-0-0-0-0-0-0-0-0	0-0-0-0-0-0-0-0-0-0-0-0	0-0-0-0-0-0-0-0-0-0-0-0	0-0-0-0-0-0-0-0-0-0-0-0	0-0-0-0-0-0-0-0-0-0-0-0	0-0-0-0-0-0-0-0-0-0-0-0	0-0-0-0-0-0-0-0-0-0-0-0	0-0-0-0-0-0-0-0-0-0-0-0	0-0-0-0-0-0-0-0-0-0-0-0	0-0-0-0-0-0-0-0-0-0-0-0
34	1	1-1-1-1-1-1-1-1-1-1-1-1	1-1-1-1-1-1-0-1-0-1-1-2	0-2-0-2-2-2-2-0-0-1-2-2	2-0-0-2-2-2-0-4-1-0-2-0	2-0-1-3-1-1-2-2-1-1-0-2	2-2-1-1-1-1-2-1-1-1-7-1	1-1-1-1-1-1-1-0-1-1-2-1	0-1-1-1-1-2-1-1-1-1-0-0	0-0-1-1-2-1-0-2-1-1-1-1	2-1-1-4-2-2-1-1-1-0-2-1	2-1-1-0-2-1-0-1-3-1-1-1	1-1-1-1-1-1-1-0-2-2-2-1
34	2	2-2-2-2-2-2-2-2-2-2-2-2	3-2-2-1-2-2-3-3-2-3-1-2	0-3-1-1-1-3-3-3-0-3-3-1	3-3-3-1-1-1-2-1-2-2-1-0	1-0-1-1-4-2-3-3-2-2-3-3	1-4-4-5-2-1-3-3-2-2-5-2	1-2-2-2-3-0-2-2-2-2-1-5	2-1-1-3-2-1-3-3-5-5-2-0	2-4-2-2-1-2-2-3-1-2-1-2	3-3-1-2-1-1-2-2-3-3-1-1	1-5-2-0-2-2-0-2-2-4-3-2	2-2-4-2-1-1-3-2-1-1-1-1
34	3	3-3-3-3-3-3-3-3-3-3-3-3	2-3-3-1-3-3-2-4-2-2-1-4	0-2-2-1-1-2-4-4-3-2-4-4	2-2-4-2-1-1-5-1-4-5-2-0	1-0-1-1-2-5-2-2-2-1-2-2	2-2-2-3-3-1-4-2-3-3-1-3	1-1-3-2-2-3-3-4-3-3-1-3	3-1-1-2-1-0-2-2-2-3-2-0	3-3-2-2-3-2-0-2-4-4-1-2	2-4-3-3-1-2-2-3-4-2-4-1	0-4-4-3-2-3-1-4-1-2-4-2	3-2-1-2-1-3-2-0-0-4-3-1
34	4	4-4-4-4-5-4-3-4-4-4-4-4	3-5-5-1-5-5-6-3-3-5-1-4	1-4-4-5-1-2-3-5-4-4-5-5	2-5-5-1-1-2-5-1-5-5-2-0	1-0-1-5-2-3-5-4-5-4-2-1	1-2-2-4-4-1-5-5-4-4-8-3	1-3-3-2-2-3-4-5-4-4-1-4	3-2-1-3-2-0-5-2-2-4-2-0	4-2-5-2-3-2-0-1-4-3-4-4	5-3-4-1-1-8-9-4-3-2-3-1	1-3-10-4-5-8-1-3-2-2-3-2	4-8-2-1-1-4-1-6-4-3-5-8
34	5	5-4-4-4-4-4-4-4-4-5-4-4	3-4-4-1-4-4-6-6-6-4-6-6	6-5-6-6-6-2-6-6-4-4-4-6	6-6-4-5-6-6-4-6-4-3-4-5	6-8-7-7-2-3-6-6-4-6-6-5	6-6-6-2-4-6-4-4-4-4-6-7	10-1-4-6-2-5-4-4-3-7-6-2	2-6-10-6-6-5-10-6-2-2-5-0	6-0-5-2-5-2-6-6-6-6-7-5	4-6-8-5-6-5-5-5-5-7-6-6	2-2-6-4-5-5-0-5-6-6-5-2	5-5-5-5-6-6-2-4-5-6-4-5
34	6	6-6-6-6-6-6-6-6-6-6-6-8	7-7-9-5-8-6-5-5-7-7-5-5	5-6-5-5-5-5-5-5-4-4-7-5	5-5-5-5-5-5-8-5-7-9-6-5	5-5-5-5-2-7-5-5-6-6-5-5	5-5-7-3-6-5-7-6-7-6-5-6	5-1-6-5-6-6-9-5-6-6-5-2	6-5-5-5-5-6-6-2-2-9-5-0	5-0-6-2-6-6-5-5-5-5-6-9	10-5-6-5-5-6-5-4-5-7-5-5	6-6-5-4-10-5-0-5-5-5-6-2	5-5-5-5-5-5-1-4-9-5-7-6
34	7	7-8-6-7-7-10-6-8-6-8-8-6	6-6-6-5-8-6-8-7-8-4-8-10	9-7-8-8-7-7-8-8-7-8-6-7	8-8-8-5-5-7-7-5-6-7-7-7	5-10-5-5-9-6-8-7-6-7-8-7	1-7-6-8-6-10-6-6-6-6-1-5	8-8-6-2-7-7-4-8-8-6-7-5	8-6-1-6-6-9-6-2-2-7-7-9	7-9-8-5-1-7-7-7-6-8-5-5	9-1-7-8-8-6-5-3-9-9-8-1	7-7-7-8-7-5-9-7-7-2-6-2	6-5-7-5-7-7-1-9-7-7-6-1
34	8	9-7-8-8-7-10-10-7-8-7-8-6	9-6-6-8-6-9-7-7-7-6-8-10	7-8-7-10-9-7-7-7-7-9-7-7	7-7-7-9-8-9-7-5-8-8-9-7	9-7-5-5-7-8-7-8-8-8-9-5	9-7-9-9-6-7-6-9-6-8-4-6	6-7-6-8-7-7-3-7-7-6-8-8	7-8-5-8-9-7-6-10-2-6-9-7	7-7-7-7-8-8-7-7-7-8-8-6	8-8-5-7-7-9-9-10-7-7-7-6	8-8-9-7-6-4-7-10-8-8-9-8	6-9-8-8-9-7-8-7-6-7-6-6
34	9	8-10-8-8-9-9-10-10-8-10-8-9	8-6-6-8-10-10-7-10-10-7-8-8	7-9-7-8-8-10-8-7-8-8-7-9	10-7-9-8-8-8-7-5-9-6-8-7	8-7-5-9-7-8-10-10-9-9-8-9	8-9-8-9-6-7-9-8-6-6-9-10	9-2-4-9-10-9-4-8-6-9-8-9	7-9-9-9-8-7-6-2-10-7-8-7	9-7-6-2-9-2-9-7-6-6-9-6	7-8-9-5-9-8-5-3-7-7-7-1	7-8-8-4-6-9-7-5-9-8-8-9	6-8-7-9-9-3-9-7-6-7-9-6
34	10	10-10-10-10-10-10-9-10-10-10-10-10	8-6-10-8-10-9-7-9-9-10-7-8	7-10-10-8-10-9-10-10-7-10-10-9	9-10-10-10-10-10-7-10-10-10-10-7	8-7-10-10-10-10-9-9-10-10-10-5	10-10-10-10-10-7-10-10-10-10-10-9	5-10-10-10-9-10-10-9-10-9-8-10	10-10-5-10-10-7-5-8-9-10-8-7	9-10-10-10-8-10-10-5-10-8-9-8	6-10-10-10-10-6-10-8-10-10-7-10	7-10-4-4-6-7-7-8-10-10-10-10	10-8-10-6-5-10-10-7-10-10-10-10
35	0	0-0-0-0-0-0-0-0-0-0-0-0	0-0-0-0-0-0-0-0-0-0-0-0	0-0-0-0-0-0-0-0-0-0-0-0	0-0-0-0-0-0-0-0-0-0-0-0	0-0-0-0-0-0-0-0-0-0-0-0	0-0-0-0-0-0-0-0-0-0-0-0	0-0-0-0-0-0-0-0-0-0-0-0	0-0-0-0-0-0-0-0-0-0-0-0	0-0-0-0-0-0-0-0-0-0-0-0	0-0-0-0-0-0-0-0-0-0-0-0	0-0-0-0-0-0-0-0-0-0-0-0	0-0-0-0-0-0-0-0-0-0-0-0
35	1	1-1-1-1-1-1-1-1-1-1-1-1	1-1-1-1-1-1-0-0-0-1-2-0	3-1-2-2-2-2-2-0-0-1-2-2	2-0-2-2-2-2-0-4-2-0-2-0	2-0-2-3-0-1-2-2-1-1-12-4	2-2-1-1-0-4-1-2-1-1-2-2	2-1-1-0-1-1-1-2-1-1-2-1	1-1-2-2-1-2-1-1-1-1-0-0	0-0-0-1-2-1-0-2-1-1-2-1	2-1-1-0-2-2-3-1-1-0-0-1	0-1-0-0-0-0-0-0-0-1-1-1	0-1-1-2-0-1-1-0-2-0-0-1
35	2	2-2-2-2-2-2-2-2-2-2-2-2	4-2-2-1-2-3-4-3-2-2-1-3	1-1-1-1-1-6-1-3-3-3-1-1	3-3-3-1-1-1-3-1-1-2-1-0	1-2-1-1-3-1-3-3-3-2-4-1	3-3-4-3-2-1-3-3-2-2-10-1	1-2-2-2-3-2-2-1-2-2-2-3	1-1-1-3-2-2-2-3-2-2-3-6	2-6-3-3-1-2-2-3-2-2-1-2	3-1-2-2-1-1-4-2-3-2-2-1	6-2-2-0-2-2-6-2-5-4-2-2	2-2-5-2-1-2-1-2-1-0-1-2
35	3	3-3-3-3-3-3-3-3-3-3-3-3	2-3-3-1-4-4-4-2-2-2-1-4	1-3-2-1-1-2-4-2-4-2-4-1	2-2-2-1-1-2-2-1-4-4-2-1	1-0-0-1-2-4-2-2-2-2-2-1	2-2-2-2-2-1-4-3-3-3-1-3	1-1-3-3-2-3-3-4-3-4-4-4	3-1-2-2-3-2-6-2-2-3-2-2	3-2-2-2-3-2-4-2-4-2-1-2	2-2-3-4-2-4-2-3-2-2-0-4	6-3-4-4-3-2-0-2-2-2-3-2	3-2-2-4-4-3-4-0-3-3-3-3
35	4	4-4-4-4-4-5-4-4-4-4-4-4	2-6-3-1-3-4-2-2-2-4-2-5	1-4-2-1-1-2-5-4-3-2-5-5	2-2-5-5-1-2-3-1-3-6-2-0	1-0-0-1-2-3-5-4-5-5-2-1	1-2-2-2-4-1-5-5-4-4-5-3	1-1-3-0-2-3-6-3-4-3-3-3	3-1-2-3-4-0-4-2-2-4-2-0	3-2-2-2-4-2-3-4-3-5-5-6	3-1-4-3-6-6-2-4-1-2-5-3	0-3-3-3-3-5-0-2-0-2-3-2	4-2-2-3-3-4-3-4-5-6-3-3
35	5	4-5-4-4-5-4-4-4-5-5-5-5	7-4-3-1-3-4-6-6-6-4-7-4	1-5-5-6-6-8-4-6-6-6-4-6	6-6-4-6-6-6-2-8-7-4-6-7	7-6-4-6-2-3-6-6-6-7-9-7	6-8-6-6-5-2-4-4-4-4-4-6	6-6-3-7-2-5-4-6-5-5-6-6	6-5-7-4-4-0-4-2-2-4-5-2	3-2-2-2-4-2-3-6-5-5-4-6	6-1-5-6-6-7-6-4-5-2-4-1	3-6-12-4-6-4-0-2-2-2-6-2	5-2-2-3-3-5-6-5-4-4-6-8
35	6	7-6-6-5-6-4-4-4-6-5-4-7	5-4-3-1-4-4-5-7-6-4-8-7	7-7-9-7-5-2-7-7-7-5-6-7	7-7-5-5-5-7-7-1-5-4-7-7	8-5-7-5-2-3-7-7-5-9-7-8	7-7-7-8-5-10-4-4-6-4-7-7	5-5-3-6-2-6-4-7-5-6-7-5	5-7-2-7-2-6-3-9-2-12-7-2	8-2-2-7-6-2-7-7-5-7-6-5	5-7-6-5-7-4-5-4-7-2-6-1	3-5-7-7-5-11-2-8-7-7-5-2	6-6-6-6-7-6-5-2-7-7-5-5
35	7	7-7-7-7-7-7-9-7-7-7-7-7	5-11-8-5-9-8-5-6-6-4-6-9	6-6-6-6-5-5-6-8-8-9-8-6	6-6-8-5-5-6-6-5-5-8-6-6	5-0-6-5-2-8-6-6-8-5-6-6	6-6-6-6-7-6-8-7-7-7-6-6	7-6-7-7-8-7-12-8-9-7-6-4	7-6-5-9-7-6-9-6-2-7-6-0	6-7-8-6-7-8-6-6-8-6-7-7	8-6-7-7-6-5-5-4-8-6-6-6	7-5-12-6-5-2-0-6-6-6-11-8	6-6-6-6-6-6-8-9-9-6-11-3
35	8	7-8-8-8-8-8-8-8-8-9-7-8	5-9-9-5-8-7-5-6-6-4-6-10	1-8-6-5-5-5-7-7-9-9-9-9	6-6-7-5-6-6-9-5-9-7-9-1	5-0-6-5-2-7-9-8-7-6-6-6	5-6-6-6-10-6-9-7-8-4-6-6	2-9-10-0-9-8-9-7-5-8-6-12	8-6-5-7-7-8-8-6-2-7-6-2	6-6-7-7-7-7-8-6-7-10-7-9	7-7-8-9-8-4-9-4-7-6-6-8	7-5-5-8-9-9-7-6-6-7-5-7	10-2-2-6-6-6-7-10-10-7-10-5
35	9	7-8-8-8-9-8-8-7-7-8-8-8	10-7-8-10-7-9-9-10-10-8-6-9	10-10-10-6-9-10-6-10-11-8-8-8	10-10-11-10-5-10-10-11-8-11-8-10	5-11-10-5-10-7-10-6-8-6-5-9	10-9-5-6-9-10-8-9-8-4-1-6	9-8-7-9-8-9-8-8-7-7-9-6	9-7-10-7-7-10-7-6-9-9-6-10	10-9-10-6-10-7-10-10-8-11-7-8	10-9-6-8-9-5-8-4-10-10-9-8	9-5-9-6-5-8-9-9-9-9-9-9	8-9-9-9-6-6-5-9-8-9-8-3
35	10	12-12-12-10-10-12-8-8-10-11-11-12	9-8-8-11-11-9-9-11-9-11-11-12	9-9-9-10-10-9-11-12-9-11-9-8	9-9-9-9-11-9-9-1-11-9-11-9	11-9-9-5-9-10-9-11-9-12-11-6	11-9-11-10-8-11-11-10-8-4-2-11	10-11-8-9-10-9-11-10-5-12-11-11	8-10-9-11-11-9-7-12-11-9-11-9	9-9-7-11-12-11-9-9-8-8-11-8	9-11-6-8-11-11-5-4-9-9-9-11	11-5-9-7-8-8-9-9-9-9-10-9	8-11-9-9-6-6-11-8-8-7-8-3
35	11	11-12-8-11-11-12-8-12-12-10-10-8	12-7-8-12-10-9-12-10-9-10-10-12	11-12-11-10-11-11-12-11-11-10-12-11	12-11-9-11-10-11-9-9-10-9-10-12	10-12-9-8-11-10-12-10-11-10-11-11	10-11-10-10-8-12-10-10-11-11-10-10	12-1-10-11-11-9-10-11-11-11-10-11	11-10-10-10-10-12-7-10-10-11-10-11	11-11-11-10-10-10-11-10-8-11-10-8	8-10-6-11-10-10-8-4-9-9-11-10	11-11-11-8-8-11-11-9-11-10-7-11	8-10-9-9-11-6-10-8-7-11-7-3
35	12	12-12-10-12-12-12-11-12-12-12-12-12	11-7-12-11-12-9-11-10-9-12-10-11	11-11-12-10-12-11-12-10-11-12-11-11	11-12-11-12-12-12-9-12-12-12-12-11	10-11-12-12-11-12-11-11-12-12-1-11	12-12-10-10-12-11-12-12-12-12-12-10	11-12-12-12-11-12-10-11-12-10-11-12	12-12-10-12-10-11-7-10-9-12-10-11	11-11-7-12-10-12-12-10-12-10-10-8	8-12-12-12-12-10-12-6-12-12-12-12	11-12-5-12-5-8-11-12-12-12-12-12	8-12-12-8-10-12-12-12-12-12-12-3
36	0	0-0-0-0-0-0-0-0-0-0-0-0	0-0-0-0-0-0-0-0-0-0-0-0	0-0-0-0-0-0-0-0-0-0-0-0	0-0-0-0-0-0-0-0-0-0-0-0	0-0-0-0-0-0-0-0-0-0-0-0	0-0-0-0-0-0-0-0-0-0-0-0	0-0-0-0-0-0-0-0-0-0-0-0	0-0-0-0-0-0-0-0-0-0-0-0	0-0-0-0-0-0-0-0-0-0-0-0	0-0-0-0-0-0-0-0-0-0-0-0	0-0-0-0-0-0-0-0-0-0-0-0	0-0-0-0-0-0-0-0-0-0-0-0
36	1	1-1-1-1-0-1-1-1-1-1-1-1	0-0-0-1-1-1-1-1-0-1-1-0	1-1-1-0-1-2-1-2-0-0-3-1	1-1-2-2-1-1-0-5-2-0-2-1	3-1-1-4-1-0-2-1-0-1-1-1	1-1-3-2-1-1-2-2-0-0-0-1	9-0-2-1-2-2-0-1-2-1-1-1	1-2-2-1-1-1-2-1-1-1-1-1	1-1-0-1-0-1-1-1-2-1-1-0	1-1-1-1-1-1-5-0-1-1-1-1	1-1-2-0-3-1-1-1-1-1-1-1	1-2-1-1-1-1-1-1-0-1-0-1
36	2	2-2-2-2-2-2-2-2-2-2-2-3	2-0-0-1-2-2-1-2-2-2-2-2	3-3-1-3-1-3-3-1-2-1-2-1	3-2-3-1-3-3-2-1-1-1-3-5	2-4-1-1-2-2-3-3-1-2-2-4	2-4-3-1-1-5-3-5-2-0-0-3	3-1-1-4-2-1-0-3-1-1-3-1	2-1-1-3-1-4-1-1-1-2-4-2	5-5-2-1-0-2-4-3-1-1-1-2	1-1-1-2-6-2-1-2-3-2-4-1	2-1-1-2-2-2-12-2-6-12-1-2	1-1-1-3-3-2-1-2-3-2-2-2
36	3	3-3-3-3-3-3-3-3-3-3-3-3	3-3-0-2-3-4-1-4-3-3-2-4	2-2-4-2-1-7-4-4-2-4-3-4	4-4-2-4-2-2-4-1-4-3-4-2	5-2-2-1-4-4-4-4-4-3-5-2	4-2-5-12-3-2-2-4-3-3-12-2	2-3-4-2-4-1-3-2-3-4-2-5	2-1-4-2-3-2-4-5-8-2-2-4	3-7-4-3-6-4-2-2-3-5-1-3	3-1-3-2-2-1-4-3-2-2-2-3	4-3-4-3-5-3-6-3-3-2-1-3	3-3-3-2-3-4-3-3-3-4-2-3
36	4	4-4-4-4-4-4-4-4-4-4-4-5	3-4-5-5-5-5-2-3-3-3-2-5	2-4-3-3-6-3-5-6-5-3-5-3	3-3-5-3-1-3-3-1-5-4-3-2	3-2-1-1-3-5-3-3-3-3-3-2	3-2-3-3-4-2-5-3-4-4-0-3	1-4-7-2-3-4-3-5-4-9-6-3	0-4-3-3-4-2-7-3-1-4-2-3	4-2-3-3-4-3-2-2-5-1-5-3	1-2-4-5-2-5-1-3-5-1-5-5	3-3-3-3-4-5-2-4-1-2-4-3	1-3-1-5-5-3-5-3-3-3-4-4
36	5	5-5-5-5-5-4-5-5-5-6-5-5	4-7-4-4-4-5-2-3-3-5-3-4	1-5-3-2-6-3-6-5-4-3-6-6	3-3-6-6-1-2-4-1-4-7-3-2	3-2-1-1-3-4-6-5-5-2-3-1	3-2-3-3-5-2-6-6-5-12-6-1	1-6-4-1-3-0-5-4-5-4-2-3	0-6-3-6-6-2-5-3-1-4-2-5	2-2-3-3-5-3-2-2-4-6-6-7	1-3-5-4-2-7-1-5-4-2-4-4	2-5-0-4-3-4-2-3-1-3-1-5	0-3-1-4-4-3-4-3-6-7-5-4
36	6	5-6-5-6-6-4-6-4-6-6-5-6	7-4-4-8-4-5-8-7-7-5-8-5	3-6-6-8-7-8-5-4-7-7-5-7	7-7-5-7-11-7-5-8-8-5-3-1	11-3-1-7-7-4-7-7-7-9-10-11	7-6-7-7-6-3-5-5-5-6-13-7	7-10-4-1-3-4-5-7-6-6-7-7	7-7-8-5-7-2-6-3-1-5-2-6	2-3-3-9-10-7-3-2-7-5-6-7	7-3-6-7-2-6-7-5-2-2-5-8	2-7-11-6-7-2-3-3-2-3-7-5	4-3-1-2-4-4-7-6-5-2-5-4
36	7	8-8-6-5-7-4-8-9-8-8-8-5	6-5-4-6-5-5-6-8-7-5-8-8	6-8-8-6-6-3-8-8-9-6-8-8	8-8-8-6-6-8-8-6-6-5-8-2	6-2-10-6-6-4-8-8-6-8-8-8	8-8-8-7-6-12-5-5-7-5-8-8	6-8-4-7-8-9-5-8-6-12-8-6	6-8-6-8-6-2-4-15-15-3-7-6	8-7-8-8-7-7-2-8-6-7-6-5	8-7-10-7-8-5-6-5-2-8-7-6	8-6-7-7-6-8-1-8-8-8-6-8	8-7-7-7-8-8-6-13-8-8-4-4
36	8	8-8-8-8-8-8-8-8-8-8-8-8	6-5-9-6-9-5-6-7-7-5-7-9	2-7-7-6-6-6-7-9-11-9-9-7	7-7-7-6-6-7-7-6-9-9-10-2	6-2-1-6-2-9-7-7-8-6-7-7	7-7-7-7-10-7-9-8-7-5-7-7	1-8-9-2-8-8-10-7-4-8-7-6	8-7-6-9-8-2-9-8-3-8-7-6	7-8-9-7-7-7-2-7-8-8-10-12	9-7-8-9-7-7-7-5-2-7-7-6	8-7-8-8-6-9-2-7-7-7-8-7	7-7-1-7-7-7-6-6-7-7-11-6
36	9	8-8-8-8-12-9-8-9-8-9-10-9	11-8-8-6-8-9-10-10-7-5-10-8	1-7-7-7-10-10-11-8-9-10-8-10	9-11-10-10-6-7-8-6-8-8-8-2	6-2-1-10-3-8-10-7-10-6-11-7	7-7-8-7-9-7-10-8-9-9-7-7	1-10-8-1-8-7-11-10-11-9-7-7	6-7-6-8-8-2-8-3-1-9-7-10	7-9-8-11-7-6-2-2-8-5-8-10	8-7-7-10-10-5-11-6-2-2-7-8	2-6-8-9-9-9-11-7-1-9-9-7	8-9-1-7-7-7-6-9-5-7-4-4
36	10	10-10-8-11-9-9-11-8-13-10-9-9	9-5-8-11-9-9-12-9-10-5-7-11	11-10-12-9-9-12-9-11-11-9-11-9	11-9-11-9-6-11-8-1-9-9-8-13	6-12-13-9-12-8-9-11-9-6-9-7	11-11-6-7-10-7-9-11-10-5-11-11	11-9-8-13-11-12-9-9-6-10-11-7	6-8-12-11-8-12-8-3-12-10-13-9	12-12-12-7-7-8-12-10-8-11-8-9	12-7-7-9-9-11-6-5-10-12-12-6	12-6-8-9-9-15-12-12-12-10-9-12	13-9-10-10-7-7-10-10-8-4-6-4
36	11	11-11-11-10-11-11-11-11-12-11-11-11	9-12-12-10-12-9-10-12-7-12-7-13	10-10-10-6-9-10-12-10-10-12-12-9	10-9-10-9-6-10-14-1-12-9-11-10	6-10-1-9-10-12-10-10-9-6-9-10	10-10-7-7-5-7-12-11-11-11-11-11	10-7-8-10-10-11-15-9-9-8-10-14	11-7-10-10-11-10-11-8-1-11-10-9	10-10-10-10-11-12-10-10-8-12-8-10	10-7-11-10-9-10-9-5-10-10-7-6	10-6-6-9-9-10-10-10-10-9-9-5	12-9-10-10-7-7-10-12-11-7-8-4
36	12	11-9-13-13-11-11-12-15-11-13-15-13	11-11-11-13-11-9-12-13-13-11-13-11	10-12-13-13-13-13-13-10-13-11-11-9	13-9-13-13-13-13-11-14-11-10-13-10	13-10-13-9-10-11-13-13-9-6-9-13	13-13-13-12-9-7-13-12-11-5-3-13	12-9-8-10-13-12-11-13-6-7-13-12	6-12-10-12-12-10-8-3-15-10-14-10	10-10-10-13-7-11-10-10-8-11-12-9	10-13-7-13-13-12-9-6-13-10-10-12	8-6-8-9-9-12-10-10-10-13-9-10	11-9-1-10-7-7-12-10-0-7-2-4
36	13	13-13-11-13-13-13-13-13-13-13-13-13	14-14-11-12-11-13-12-12-12-12-12-14	10-12-12-12-12-12-12-11-12-14-14-13	12-12-12-12-12-12-14-12-14-14-12-10	12-10-12-9-14-13-12-12-14-13-9-12	12-12-12-13-13-7-12-13-13-13-14-12	12-14-8-10-12-13-14-12-9-13-12-12	14-13-12-12-12-10-8-8-10-13-10-9	13-10-13-12-13-10-10-2-12-13-12-13	12-12-7-12-12-12-7-5-12-10-12-13	8-13-14-9-14-10-2-10-10-12-9-12	10-9-1-10-10-7-12-14-14-13-13-13
36	14	14-14-15-15-14-15-14-14-15-15-13-15	15-13-15-15-15-15-15-14-15-15-15-15	14-14-15-15-14-15-14-14-15-13-14-14	15-14-15-14-12-12-13-12-13-13-14-14	12-15-13-9-13-11-15-14-13-14-14-14	15-14-12-14-10-15-13-12-13-13-13-14	12-13-14-15-14-14-13-15-12-14-12-13	15-12-6-12-12-15-8-14-14-10-12-14	14-14-14-12-14-14-12-10-10-14-12-9	8-12-7-13-12-12-6-14-10-14-14-15	15-11-13-9-13-14-10-14-13-15-9-7	15-12-14-10-14-13-12-13-13-13-14-14
36	15	15-15-15-15-15-14-14-15-15-14-15-15	14-11-15-14-14-14-14-14-14-15-14-14	14-14-14-14-15-14-15-15-14-15-15-15	15-15-14-15-15-15-13-15-15-15-15-14	15-14-15-15-15-15-14-15-13-15-12-14	14-15-15-15-15-14-15-12-15-15-15-15	12-15-15-15-14-15-11-14-15-15-10-14	15-15-12-15-15-14-8-7-12-14-14-15	14-15-15-15-14-15-15-13-15-14-7-14	14-15-15-15-15-15-15-14-10-15-15-15	14-15-15-15-6-10-10-15-15-15-15-15	14-14-15-10-14-15-15-10-15-15-15-4
37	0	0-0-0-0-0-0-0-0-0-0-0-0	0-0-0-0-0-0-0-0-0-0-0-0	0-0-0-0-0-0-0-0-0-0-0-0	0-0-0-0-0-0-0-0-0-0-0-0	0-0-0-0-0-0-0-0-0-0-0-0	0-0-0-0-0-0-0-0-0-0-0-0	0-0-0-0-0-0-0-0-0-0-0-0	0-0-0-0-0-0-0-0-0-0-0-0	0-0-0-0-0-0-0-0-0-0-0-0	0-0-0-0-0-0-0-0-0-0-0-0	0-0-0-0-0-0-0-0-0-0-0-0	0-0-0-0-0-0-0-0-0-0-0-0
37	1	1-1-1-1-1-1-1-1-1-1-1-1	1-0-0-1-0-1-0-0-1-0-1-0	3-2-2-1-2-2-2-0-0-0-6-1	2-0-2-4-2-2-0-4-2-0-2-0	2-0-3-2-1-1-2-2-1-0-15-1	1-0-1-1-0-4-1-2-1-1-7-0	1-1-1-0-0-0-1-2-0-1-2-3	1-1-1-2-1-0-1-2-1-0-2-0	0-0-1-0-2-1-0-0-1-1-1-1	2-1-0-0-2-2-1-1-4-0-2-1	0-1-0-0-1-0-0-0-0-1-1-1	0-1-1-1-3-1-1-0-2-2-2-1
37	2	2-2-2-2-2-2-2-2-2-2-2-2	3-2-2-1-2-3-3-3-3-3-1-2	1-3-1-1-1-5-1-3-2-4-3-3	4-3-1-3-1-4-2-1-1-2-5-0	1-2-1-1-3-1-3-3-2-2-4-1	5-3-4-0-2-1-3-7-2-2-9-2	4-2-2-2-3-2-2-3-2-2-1-9	2-1-1-3-4-3-2-4-9-5-4-0	2-5-2-2-1-2-2-3-1-2-1-3	3-2-2-3-1-1-3-2-0-3-1-1	2-2-2-0-2-2-0-2-3-3-2-2	2-2-1-2-2-2-2-2-1-1-1-3
37	3	3-3-3-3-3-3-3-3-3-3-3-3	2-5-3-1-2-3-2-4-2-2-2-4	1-2-1-1-1-2-4-2-4-5-4-4	2-2-2-1-1-1-4-1-4-4-4-0	1-3-1-1-2-4-2-4-2-3-1-1	2-2-2-2-2-1-4-4-2-3-15-3	2-3-4-2-2-3-4-4-3-3-1-1	4-1-1-2-3-3-3-2-4-4-2-0	3-2-2-2-0-2-0-2-4-3-4-2	2-2-3-5-1-3-4-7-1-2-1-1	5-2-5-3-4-4-0-2-2-4-2-4	5-2-1-2-1-3-1-3-5-2-3-2
37	4	4-4-4-5-4-5-4-4-5-4-4-4	4-5-3-1-5-5-1-3-2-2-3-3	1-4-1-5-1-2-3-4-5-2-5-3	2-2-5-1-2-2-4-1-5-3-3-0	1-0-1-4-2-3-5-4-5-1-2-1	1-2-2-0-4-1-5-3-4-4-4-2	2-2-3-2-2-4-5-5-4-4-1-4	3-1-1-3-2-0-5-2-3-3-2-0	4-0-5-2-4-2-4-2-5-6-3-2	7-1-4-3-4-4-3-5-1-0-0-1	5-2-5-4-3-3-0-10-2-3-2-3	2-2-1-10-10-4-2-3-3-3-5-5
37	5	4-5-5-4-5-4-4-5-4-5-3-4	4-3-3-8-4-4-6-6-5-2-6-4	6-6-6-6-6-2-6-6-6-3-4-5	5-6-6-5-6-6-4-6-4-4-2-6	6-5-6-6-2-3-6-6-4-5-6-6	2-6-6-0-9-8-4-5-4-4-2-5	2-1-3-0-2-3-4-4-4-4-6-6	3-6-6-6-5-5-4-4-2-2-5-0	6-2-4-2-5-2-0-6-4-4-7-7	6-2-4-3-6-1-5-4-5-0-6-6	2-2-4-7-4-7-0-2-6-5-6-2	3-5-5-5-6-5-2-3-3-5-4-4
37	6	6-7-6-6-6-6-6-6-4-6-6-6	8-7-7-5-4-6-5-7-7-7-5-7	5-5-5-5-5-7-5-5-5-7-7-5	5-6-5-5-5-5-9-5-7-6-7-5	5-0-5-5-2-7-5-5-7-6-5-5	2-5-5-6-6-5-7-6-4-6-4-6	2-7-3-0-6-6-4-7-4-6-5-5	6-5-5-5-6-6-9-6-2-14-5-0	5-6-2-2-4-6-0-5-7-4-4-6	7-5-6-6-5-8-5-6-5-2-5-5	6-6-9-9-6-6-0-8-5-5-7-2	6-5-5-5-5-6-8-6-7-6-4-8
37	7	6-6-6-6-7-6-8-6-6-6-7-4	6-6-6-8-4-6-7-6-6-6-5-6	7-8-8-5-7-8-8-8-7-6-8-7	8-8-5-8-5-8-6-5-6-7-6-15	10-8-7-5-7-6-8-5-6-6-3-7	8-5-6-7-7-15-6-6-4-3-13-5	10-6-6-9-7-7-4-8-2-6-9-5	2-6-8-6-5-9-6-6-2-7-7-9	9-9-6-8-8-7-9-8-8-7-5-5	8-8-4-8-9-7-6-3-12-9-9-1	9-6-8-8-7-7-8-7-9-5-6-2	7-10-7-8-11-7-6-7-6-7-4-1
37	8	8-8-8-9-8-6-8-8-8-8-6-8	6-9-8-5-8-10-7-8-8-6-5-9	7-8-7-5-5-7-7-7-7-7-9-8	7-7-9-7-5-7-8-1-9-10-8-7	5-7-7-5-7-8-7-8-8-9-5-5	7-5-5-8-8-7-9-8-10-10-7-8	5-10-9-7-7-8-12-7-11-8-7-10	3-5-7-6-5-7-4-9-2-8-7-7	7-7-9-7-9-9-10-7-8-9-8-9	7-7-8-9-5-6-13-15-7-7-7-1	7-9-7-7-8-10-7-9-7-6-8-2	9-2-7-9-7-9-6-10-8-8-10-10
37	9	9-9-6-8-8-9-8-11-10-9-8-8	8-8-8-9-8-8-7-10-11-8-11-8	7-9-11-10-11-12-11-8-9-9-8-9	10-7-8-9-11-9-10-11-10-8-10-7	11-7-5-11-13-10-10-9-10-8-10-5	14-5-10-7-6-7-11-9-4-3-2-10	11-11-8-7-9-2-8-7-8-6-7-9	3-10-7-9-9-7-6-6-2-9-7-7	7-7-8-11-15-8-7-11-8-8-9-8	9-9-6-8-11-15-6-10-7-7-7-10	7-8-6-6-6-7-7-8-7-9-9-2	8-11-7-8-7-8-9-8-3-7-4-6
37	10	11-11-11-11-11-11-8-11-11-11-11-11	9-8-8-9-8-8-11-11-12-11-9-11	14-11-9-9-10-10-9-10-11-9-9-10	9-11-11-10-9-9-9-9-9-8-9-10	10-13-7-9-14-9-11-11-9-10-9-11	12-7-9-10-7-12-9-14-8-8-12-11	7-9-8-12-10-10-8-11-8-9-11-12	14-9-12-9-9-11-8-6-10-10-7-11	12-7-11-11-12-7-11-12-7-7-9-6	12-9-4-8-9-9-6-8-11-11-7-9	12-8-8-14-12-8-7-12-11-9-9-10	8-9-10-12-8-8-9-13-11-8-8-8
37	11	11-11-10-11-12-12-11-11-12-10-11-12	12-12-12-10-12-8-10-10-9-13-9-10	5-10-9-9-9-12-12-11-10-11-12-11	9-10-11-9-9-9-12-9-12-12-12-7	9-10-10-11-10-9-10-10-11-10-11-10	10-10-9-10-11-9-12-11-11-8-7-10	9-9-8-10-10-10-12-14-8-8-10-11	3-9-7-9-9-10-14-6-2-8-10-10	10-7-8-10-10-10-10-9-12-12-9-11	10-9-6-10-9-9-14-14-9-10-7-9	10-12-12-10-13-13-7-8-10-9-9-10	8-9-7-11-7-8-9-10-10-8-8-4
37	12	11-12-12-13-12-11-12-14-12-14-12-11	11-11-11-9-8-8-14-14-13-11-10-10	13-12-13-15-13-13-13-13-10-13-11-13	12-13-12-12-13-13-11-13-11-11-14-13	13-10-13-12-10-13-13-13-12-13-12-13	10-13-14-12-12-10-11-12-4-8-10-13	13-9-8-10-10-10-11-13-4-6-10-10	10-9-7-13-9-10-11-6-2-12-7-7	7-7-13-12-10-8-10-10-11-11-9-11	10-10-5-8-14-9-12-11-7-10-7-9	10-8-11-10-10-14-7-10-10-13-9-12	8-9-7-12-7-8-9-10-10-7-8-12
37	13	13-13-12-13-14-11-14-13-12-14-14-14	11-14-14-9-15-14-12-10-12-11-9-14	15-13-12-12-12-12-12-12-12-13-14-14	12-12-12-12-12-12-11-12-14-14-13-12	12-10-12-12-9-12-14-12-14-12-12-12	12-12-12-12-13-10-14-13-13-13-7-12	12-14-8-10-14-10-14-12-13-13-10-12	3-9-9-12-12-7-6-13-13-12-7-7	10-7-14-12-10-12-13-12-8-13-12-14	14-9-13-14-12-9-14-11-13-10-7-9	10-8-13-15-11-11-7-10-7-12-12-12	8-5-12-11-15-8-12-10-14-7-8-13
37	14	14-15-14-12-12-12-15-15-15-15-13-15	15-13-13-9-13-13-12-13-12-13-15-12	14-13-12-9-12-12-13-12-12-12-13-13	15-12-14-15-12-12-13-1-13-13-12-14	12-7-14-12-10-12-15-12-13-14-12-14	9-14-12-12-13-10-13-10-13-13-10-14	15-13-13-14-13-14-13-11-13-13-10-14	10-9-9-14-14-10-11-14-14-11-14-7	15-7-15-14-14-12-14-14-14-8-9-14	15-14-14-13-12-9-13-11-15-7-7-9	14-11-11-13-6-15-7-14-14-14-12-14	14-14-14-14-14-6-9-10-13-14-8-6
37	15	15-15-15-15-15-15-14-15-15-15-15-15	14-13-15-10-15-13-15-12-12-15-14-10	13-13-15-12-15-15-15-15-10-15-15-15	14-15-14-14-15-15-14-12-15-15-15-7	15-7-14-15-15-15-14-15-14-15-1-5	15-15-12-15-15-7-14-15-15-15-15-14	14-15-15-15-14-15-15-14-15-15-7-14	15-15-9-15-15-10-15-2-14-15-14-7	14-15-15-15-9-15-15-9-15-15-12-11	14-15-15-8-15-9-15-11-15-15-7-15	7-15-15-13-6-14-7-13-15-15-15-15	14-15-15-14-13-15-15-7-15-15-15-15
38	0	0-0-0-0-0-0-0-0-0-0-0-0	0-0-0-0-0-0-0-0-0-0-0-0	0-0-0-0-0-0-0-0-0-0-0-0	0-0-0-0-0-0-0-0-0-0-0-0	0-0-0-0-0-0-0-0-0-0-0-0	0-0-0-0-0-0-0-0-0-0-0-0	0-0-0-0-0-0-0-0-0-0-0-0	0-0-0-0-0-0-0-0-0-0-0-0	0-0-0-0-0-0-0-0-0-0-0-0	0-0-0-0-0-0-0-0-0-0-0-0	0-0-0-0-0-0-0-0-0-0-0-0	0-0-0-0-0-0-0-0-0-0-0-0
38	1	0-1-0-0-0-1-0-1-0-0-1-1	0-0-0-0-0-1-2-1-2-0-2-1	2-3-0-0-1-3-2-0-0-0-2-1	2-2-2-0-1-2-2-1-0-0-0-0	0-0-0-0-2-0-2-0-0-0-1-0	0-2-0-4-0-0-0-0-0-0-0-2	0-0-0-0-0-0-0-2-1-0-0-0	0-0-0-0-0-0-0-0-0-0-0-0	0-5-1-0-0-0-2-1-1-1-1-0	0-0-1-1-0-0-0-0-3-0-0-0	5-0-0-0-0-0-0-0-0-1-1-1	0-0-0-2-3-0-0-0-1-1-1-0
38	2	2-2-4-2-2-2-2-2-2-2-2-2	3-2-0-2-0-2-1-2-2-1-3-3	1-3-3-3-5-3-3-0-1-2-1-2	3-1-1-5-3-3-1-5-2-4-3-0	3-0-3-3-1-2-3-3-2-2-12-4	3-1-3-1-2-4-3-3-0-2-2-3	4-2-0-0-2-0-2-3-0-2-3-3	2-2-4-2-2-1-0-3-2-0-2-0	0-1-2-2-9-2-1-4-4-2-3-2	3-2-2-0-3-3-4-2-1-0-3-3	0-2-0-0-0-1-0-3-0-3-2-2	0-2-2-3-1-3-2-0-3-3-3-2
38	3	3-3-3-3-3-3-3-4-3-3-3-3	2-3-3-2-3-4-2-3-3-4-2-4	1-2-2-2-2-7-4-4-2-4-3-2	4-4-4-2-2-2-3-2-2-3-2-0	2-6-2-2-4-2-4-2-4-3-5-2	2-3-5-7-3-0-4-4-3-3-7-7	3-3-3-3-4-3-3-4-3-3-3-4	3-2-2-4-3-4-3-5-7-0-3-6	3-4-3-3-2-3-3-3-2-3-2-2	4-3-3-4-2-2-2-2-1-4-3-2	3-7-3-0-3-3-3-3-4-2-2-3	3-3-2-2-1-3-3-3-2-2-2-4
38	4	4-4-4-4-4-4-4-3-4-4-4-4	3-5-4-2-3-4-7-3-3-3-2-5	1-4-3-2-2-3-5-6-5-3-5-5	3-3-5-2-2-2-3-2-2-4-5-1	2-6-2-2-3-5-3-3-3-4-3-2	2-4-3-7-3-2-3-3-4-4-4-4	5-4-5-3-3-4-3-5-4-4-4-3	4-2-2-5-2-3-4-3-3-4-3-0	4-4-3-3-4-4-3-5-2-4-2-4	5-3-4-4-2-2-2-5-1-3-5-2	5-6-5-0-3-5-5-6-3-1-5-3	3-3-2-3-4-5-2-6-6-4-6-4
38	5	5-6-5-4-5-6-5-5-5-6-5-6	6-6-4-2-3-6-1-6-5-8-2-6	1-5-5-2-2-3-4-5-4-3-6-4	3-6-6-2-2-2-5-2-5-6-6-0	2-6-6-2-3-4-6-5-6-6-3-2	6-3-3-1-5-2-6-4-5-5-6-4	4-4-5-0-3-6-5-4-5-5-6-5	5-2-2-4-3-0-5-3-3-5-3-0	4-1-3-3-0-4-4-4-4-6-2-4	4-3-5-6-2-2-3-5-0-3-4-2	4-6-4-11-3-4-4-3-3-3-4-3	6-3-2-7-6-4-3-6-7-6-5-6
38	6	7-5-5-6-6-5-5-6-6-4-6-5	5-5-5-6-8-5-7-5-7-5-8-5	1-6-7-7-6-7-7-7-7-6-5-6	6-7-7-7-6-8-7-2-6-5-5-6	8-5-8-8-3-4-5-7-5-6-7-7	5-8-3-7-5-2-5-6-5-5-5-6	7-5-4-3-3-5-5-6-5-2-7-5	5-6-6-6-6-6-5-6-3-5-6-3	4-1-3-6-6-6-6-6-6-5-6-4	7-6-6-5-6-6-7-5-1-3-4-6	7-3-5-5-6-0-6-4-3-6-6-3	5-4-2-5-5-6-3-4-6-5-6-6
38	7	7-7-7-7-6-5-7-7-5-7-8-6	8-5-4-11-6-8-8-8-6-5-8-6	8-7-6-10-8-8-8-8-6-9-8-8	6-6-6-6-9-6-6-9-6-7-7-7	2-0-6-10-8-8-8-8-8-7-6-6	7-6-9-6-7-8-8-7-7-5-3-8	8-9-5-3-8-7-7-7-5-12-6-8	7-7-9-8-7-7-5-12-8-8-6-3	7-1-5-9-11-6-7-6-6-5-9-7	6-8-5-6-7-7-6-4-8-0-0-9	6-3-5-5-12-9-0-3-0-6-6-3	5-7-7-5-5-7-9-0-7-7-6-7
38	8	8-8-8-7-8-9-8-6-8-8-8-8	9-8-9-7-6-7-7-7-7-5-7-7	7-7-7-7-7-7-7-7-8-7-9-7	8-8-9-7-7-6-6-7-6-9-8-7	6-0-6-9-7-7-7-7-7-7-6-6	2-6-11-10-8-7-9-8-8-8-3-8	7-7-8-10-7-8-12-6-8-10-0-7	8-7-7-7-8-9-8-9-7-7-12-8	8-8-9-7-10-6-12-6-11-5-7-11	6-7-5-8-6-7-12-11-7-12-0-7	12-8-7-5-12-8-12-0-12-8-7-3	8-7-7-12-8-10-7-10-8-8-9-8
38	9	9-10-8-9-10-8-10-12-8-12-10-10	12-5-8-7-6-8-11-7-12-5-10-10	9-7-10-7-7-10-10-11-9-7-8-10	10-10-6-9-7-10-9-7-7-8-7-11	7-10-6-8-9-7-10-7-9-9-9-6	10-10-7-9-9-7-8-10-8-8-0-9	9-7-8-12-9-7-9-10-5-8-9-9	9-7-7-7-7-10-8-8-7-9-9-9	11-9-12-7-2-9-1-9-7-9-7-7	9-7-6-10-10-7-8-8-11-11-9-7	11-9-8-5-8-10-11-9-10-6-7-3	9-7-10-5-9-9-7-12-8-11-8-7
38	10	10-9-10-10-10-10-9-10-10-9-10-10	10-11-11-7-11-12-7-7-9-5-9-9	9-9-9-7-7-7-11-9-9-7-11-11	9-9-9-9-7-9-11-7-11-10-11-9	7-9-6-7-9-11-9-10-11-9-11-6	10-9-8-9-8-7-11-10-11-10-6-10	9-7-8-10-9-8-10-9-10-10-9-11	9-6-9-10-7-9-8-11-7-10-9-9	9-9-9-10-8-11-11-9-10-9-7-9	9-7-10-9-9-8-11-12-9-9-9-7	9-11-12-9-8-9-9-9-9-6-10-9	10-4-9-10-9-8-7-8-8-10-11-8
38	11	10-8-10-12-11-10-10-10-11-12-12-12	10-10-10-7-10-10-12-9-12-11-12-12	9-11-9-9-12-12-10-9-12-7-10-11	9-9-11-12-7-9-10-7-10-8-10-9	11-9-11-7-9-10-12-11-10-9-10-6	10-10-8-11-11-7-10-10-10-8-7-11	12-7-8-11-10-11-8-10-10-10-11-11	3-7-9-11-11-9-8-12-11-9-9-9	9-9-3-11-10-10-11-11-10-9-11-7	6-11-11-10-11-11-6-8-11-9-9-7	9-10-10-5-8-11-9-9-9-11-6-11	11-11-11-11-12-8-11-0-8-9-10-7
38	12	12-12-12-12-12-12-12-12-12-12-12-12	9-10-12-7-10-10-11-9-11-12-11-11	9-11-12-9-12-11-12-12-11-12-12-11	9-12-11-12-12-12-10-12-12-12-12-9	12-9-12-12-9-12-11-12-10-12-7-9	12-12-12-11-12-9-12-12-12-12-12-12	11-12-12-12-10-12-8-12-12-12-6-12	12-12-6-12-12-9-7-11-11-12-9-9	7-12-12-12-2-12-12-11-12-11-11-4	6-12-12-12-12-7-12-10-12-12-9-12	9-12-12-5-8-12-9-12-12-8-12-12	8-11-12-11-11-12-12-9-12-12-12-7
39	0	0-0-0-0-0-0-0-0-0-0-0-0	0-0-0-0-0-0-0-0-0-0-0-0	0-0-0-0-0-0-0-0-0-0-0-0	0-0-0-0-0-0-0-0-0-0-0-0	0-0-0-0-0-0-0-0-0-0-0-0	0-0-0-0-0-0-0-0-0-0-0-0	0-0-0-0-0-0-0-0-0-0-0-0	0-0-0-0-0-0-0-0-0-0-0-0	0-0-0-0-0-0-0-0-0-0-0-0	0-0-0-0-0-0-0-0-0-0-0-0	0-0-0-0-0-0-0-0-0-0-0-0	0-0-0-0-0-0-0-0-0-0-0-0
39	1	0-1-0-0-1-0-0-0-0-1-1-0	0-0-0-0-0-0-0-1-0-0-0-0	2-2-0-0-2-0-2-0-0-0-0-1	2-2-2-0-1-2-0-1-1-1-0-5	1-0-2-1-2-0-2-0-0-0-1-0	0-2-0-0-0-0-1-1-0-1-0-2	1-1-0-5-2-0-0-0-1-0-1-1	1-0-0-1-1-2-0-1-1-2-0-0	0-2-2-1-0-0-1-0-0-1-1-0	1-1-1-0-0-0-0-0-0-1-1-0	0-1-0-0-0-0-0-1-1-1-1-1	1-1-1-1-1-0-1-0-0-0-1-0
39	2	2-2-2-2-2-2-2-2-3-2-2-1	2-0-3-6-2-3-3-2-1-2-3-3	1-3-1-3-3-1-3-3-0-3-3-4	3-1-1-3-3-3-0-3-3-1-3-1	3-0-1-4-1-2-3-3-1-2-5-3	3-1-3-2-2-3-3-2-2-2-3-6	2-4-2-1-1-2-2-3-1-0-3-2	2-2-3-2-2-1-2-2-2-1-2-1	0-1-1-2-3-2-2-3-2-2-2-2	2-2-0-3-3-3-2-2-7-1-0-3	3-2-2-0-0-0-0-2-2-2-2-1	1-2-1-1-6-0-2-0-0-2-0-0
39	3	3-3-2-3-3-3-3-3-3-3-3-3	5-3-2-2-3-2-2-3-3-3-2-3	1-2-5-2-2-6-2-4-0-5-2-2	2-4-4-2-2-2-3-2-2-3-2-1	2-3-1-2-4-2-4-2-3-3-4-2	2-4-5-6-3-5-4-5-3-3-2-3	2-2-3-3-4-0-3-2-3-3-2-4	3-3-2-4-6-1-3-4-3-3-3-4	3-6-3-4-3-3-3-4-3-3-2-3	4-3-3-2-2-2-2-3-0-3-3-2	6-3-3-0-3-3-6-3-3-4-3-3	1-3-7-1-3-4-2-3-3-3-2-3
39	4	4-4-4-4-4-4-4-4-4-4-4-4	3-5-4-2-5-6-4-5-3-3-2-4	1-4-5-3-2-3-5-5-5-3-5-5	3-3-5-3-2-3-4-1-5-4-2-1	2-0-1-2-3-5-3-3-3-2-3-2	3-3-3-3-3-3-3-3-3-4-4-3	2-2-5-1-3-4-4-5-4-4-2-3	4-5-2-5-2-1-3-3-3-4-5-3	4-1-3-3-4-3-4-3-4-5-5-3	3-5-4-7-2-3-5-6-5-6-5-6	3-3-5-4-4-4-5-8-3-3-3-5	10-3-1-1-3-4-2-0-7-0-11-4
39	5	5-5-5-5-4-5-5-5-5-5-5-5	3-4-7-2-4-4-4-4-3-3-2-4	1-5-5-4-2-3-6-4-4-3-6-4	6-3-6-5-2-3-7-2-6-6-3-1	2-0-1-6-3-4-5-5-6-3-3-2	2-3-3-5-5-3-6-3-5-5-10-4	2-2-4-1-3-6-5-4-5-5-2-3	5-4-3-4-2-0-5-3-3-5-4-6	5-3-3-3-5-3-0-3-7-4-4-6	3-4-5-6-5-4-4-4-4-3-4-5	7-3-4-5-4-8-4-3-1-3-3-4	6-2-1-1-8-5-3-5-5-8-5-5
39	6	7-5-5-4-4-5-5-5-6-7-5-5	7-5-5-2-5-4-8-7-7-3-7-7	7-7-7-7-7-3-7-7-7-3-5-7	7-7-5-7-7-7-5-7-5-7-5-7	7-6-1-7-3-4-7-7-5-7-7-7	7-3-7-2-5-11-7-5-5-5-7-7	2-2-3-7-3-5-5-7-3-4-7-3	5-7-2-7-3-6-6-5-3-5-7-6	7-3-3-7-5-6-7-7-6-6-4-10	3-7-8-6-7-7-7-4-7-4-7-4	3-3-6-6-6-6-3-3-7-6-8-3	5-6-6-7-7-6-3-7-5-6-4-5
39	7	7-7-7-7-7-7-7-7-7-6-7-7	6-5-5-2-5-6-6-6-6-3-6-6	6-6-6-6-6-6-6-6-6-8-6-6	6-6-6-6-6-6-5-6-8-6-8-6	6-0-1-6-3-8-6-6-8-6-6-6	6-6-6-7-7-6-8-7-5-7-6-6	2-2-7-6-7-7-6-6-5-7-6-3	5-6-2-6-8-1-7-7-3-5-6-6	6-1-3-6-5-6-6-6-7-6-5-8	7-6-7-4-6-6-6-5-6-3-6-8	5-3-4-5-7-6-7-3-6-6-6-3	7-6-3-6-6-6-8-6-4-6-7-7
39	8	9-8-7-9-8-8-9-9-9-9-8-8	9-7-7-2-9-8-9-9-9-9-9-9	8-9-9-9-8-9-8-9-8-9-9-8	6-8-6-8-8-9-8-6-7-7-7-6	8-11-9-8-9-7-9-8-7-8-8-9	9-9-6-8-8-10-7-9-8-5-9-8	10-8-8-9-8-8-5-9-5-8-9-7	9-8-9-9-7-9-7-7-2-9-9-9	8-9-8-8-9-8-9-9-9-6-8-6	9-9-6-8-7-9-8-8-8-9-9-7	9-9-5-10-9-5-8-9-9-6-6-4	9-5-8-8-9-9-7-11-9-10-8-9
39	9	11-10-10-11-10-11-10-10-10-10-10-11	10-10-10-10-10-10-8-11-8-10-10-10	9-9-8-11-10-10-8-8-10-10-8-9	10-10-10-10-10-8-10-6-10-10-9-11	11-8-8-10-9-9-8-10-10-8-10-8	8-10-10-9-10-10-10-9-9-9-8-9	8-10-10-8-10-9-10-8-10-10-11-11	10-9-10-9-3-8-7-10-3-8-8-8	9-8-10-9-10-10-8-8-10-10-9-10	8-8-5-10-10-9-10-8-9-8-8-9	8-11-11-8-8-10-8-8-8-9-10-9	10-9-8-11-8-10-9-10-8-9-8-10
39	10	9-9-9-9-9-9-9-9-11-9-9-9	9-9-9-9-9-9-11-11-9-9-9-11	10-10-11-9-9-9-10-9-9-9-10-10	9-9-9-11-9-9-9-9-9-9-9-8	9-8-8-9-8-9-11-9-9-9-9-8	9-9-9-9-9-9-9-11-9-9-3-11	8-9-9-1-9-10-9-9-9-9-10-3	9-10-9-10-10-8-7-11-11-9-11-8	10-8-9-10-11-9-9-9-9-9-11-6	10-10-10-9-9-10-9-11-10-8-8-10	8-9-9-8-11-9-8-11-8-10-9-10	11-6-10-10-10-9-10-9-10-8-8-9
39	11	11-11-10-9-11-9-9-11-10-9-11-9	9-9-9-10-9-9-10-10-9-11-10-10	9-11-10-9-11-9-10-9-9-11-9-10	10-11-11-10-11-11-10-11-11-11-11-9	9-8-11-11-11-11-10-10-9-11-9-6	11-11-11-9-11-6-11-11-11-11-11-10	10-11-11-11-9-11-9-9-11-11-9-9	11-10-9-11-11-10-7-3-10-10-10-8	9-11-11-11-10-11-11-9-11-9-10-6	9-11-11-11-11-10-11-10-10-11-8-11	10-9-9-5-10-9-8-10-11-11-9-11	10-3-11-9-8-11-11-8-11-11-11-9
40	0	0-0-0-0-0-0-0-0-0-0-0-0	0-0-0-0-0-0-0-0-0-0-0-0	0-0-0-0-0-0-0-0-0-0-0-0	0-0-0-0-0-0-0-0-0-0-0-0	0-0-0-0-0-0-0-0-0-0-0-0	0-0-0-0-0-0-0-0-0-0-0-0	0-0-0-0-0-0-0-0-0-0-0-0	0-0-0-0-0-0-0-0-0-0-0-0	0-0-0-0-0-0-0-0-0-0-0-0	0-0-0-0-0-0-0-0-0-0-0-0	0-0-0-0-0-0-0-0-0-0-0-0	0-0-0-0-0-0-0-0-0-0-0-0
40	1	0-1-0-0-1-1-0-0-0-1-1-0	0-0-0-0-0-0-0-0-0-0-0-0	4-0-0-0-0-2-0-0-0-0-0-1	2-0-2-0-0-0-0-1-1-0-0-9	0-0-1-0-2-0-2-2-0-0-1-0	4-10-0-0-0-5-1-0-0-1-0-2	10-0-0-1-0-1-0-0-1-0-0-0	1-0-0-1-1-0-0-1-1-2-0-0	1-0-2-1-0-0-1-0-0-1-1-0	1-1-1-0-0-0-2-0-4-6-0-0	0-2-0-0-1-1-0-1-1-1-1-1	1-1-1-1-1-0-1-0-0-0-1-0
40	2	3-2-2-3-2-4-3-3-2-3-2-3	2-2-3-2-3-3-1-2-2-3-2-3	2-3-3-4-3-3-3-3-4-2-3-2	3-3-3-3-3-3-2-3-2-0-3-1	4-0-7-4-1-2-1-3-2-2-4-3	3-3-2-6-2-0-3-3-2-2-3-2	4-2-3-1-1-1-3-3-2-2-3-4	2-3-3-2-2-1-3-2-1-1-3-0	0-0-1-2-16-4-0-0-2-4-3-3	1-5-4-0-3-3-4-3-5-1-0-3	0-1-3-0-3-4-0-1-0-1-1-2	1-2-2-1-0-0-4-0-3-0-3-2
40	3	2-2-2-2-3-2-2-3-2-2-2-2	4-3-2-2-3-2-4-3-3-4-2-4	6-4-2-2-2-8-2-2-2-4-4-2	2-4-4-2-2-2-3-2-2-3-2-1	2-1-2-2-4-2-4-2-3-3-2-2	2-4-5-4-3-0-4-2-3-3-2-3	2-3-2-1-4-3-4-3-3-4-2-4	3-2-2-4-2-1-2-5-3-0-2-0	3-0-3-3-3-5-1-4-0-2-2-4	4-3-3-0-2-2-4-2-0-0-3-2	3-4-2-0-3-3-0-7-3-4-4-3	1-3-1-1-3-3-2-0-2-4-2-4
40	4	2-4-4-4-4-2-4-4-4-2-4-4	3-4-5-2-3-2-3-5-3-3-2-5	1-3-2-2-2-3-5-6-5-6-5-5	3-3-3-2-2-2-5-2-5-5-6-1	2-0-2-2-3-6-3-3-3-7-2-2	3-3-2-3-3-1-5-2-3-4-2-3	2-2-5-1-3-3-3-5-4-4-2-3	5-2-2-5-2-4-4-3-5-5-0-0	3-0-3-3-4-3-0-3-5-2-5-3	3-3-2-6-2-2-5-3-1-1-11-5	3-3-8-4-5-2-0-8-3-5-3-5	1-3-2-1-0-5-2-4-8-3-4-3
40	5	5-2-5-5-5-5-5-5-6-5-2-5	4-6-4-2-6-6-2-7-2-3-2-4	0-5-2-2-6-3-4-8-6-3-6-4	3-4-6-6-2-7-4-2-6-4-4-1	2-0-2-8-3-4-5-5-6-3-2-2	11-3-3-2-5-1-6-4-5-5-5-3	1-2-6-1-3-3-6-4-5-5-0-3	4-3-4-4-2-0-8-3-4-4-3-0	5-0-4-3-5-3-0-16-5-5-4-4	11-2-5-8-2-5-4-6-2-11-7-4	3-3-6-6-4-2-0-8-11-4-4-4	1-3-8-1-11-5-2-0-4-4-6-6
40	6	5-4-5-7-6-7-6-6-5-6-8-7	8-5-4-2-5-6-4-6-7-8-6-7	3-6-7-2-5-4-7-7-5-4-5-6	7-7-5-7-2-2-7-2-5-5-4-1	2-0-2-9-0-4-7-5-5-6-13-2	3-2-3-2-5-1-5-6-5-6-10-7	1-2-5-1-3-3-5-5-5-5-2-7	7-2-3-7-8-0-5-7-3-5-8-0	3-0-3-6-3-7-0-7-8-7-6-8	1-3-6-4-8-16-6-5-2-1-3-4	6-7-5-5-5-7-0-3-3-3-7-3	7-8-6-1-3-6-6-7-4-6-5-5
40	7	7-8-5-7-7-6-5-7-5-9-7-6	6-5-4-2-5-6-9-5-6-6-8-6	3-7-9-9-8-9-8-10-10-9-9-8	6-8-8-6-10-9-6-13-6-8-4-1	6-4-2-8-0-4-8-5-8-9-2-2	3-4-8-10-7-0-5-6-7-7-5-10	2-2-9-1-3-8-7-5-10-9-2-6	6-7-8-6-6-8-5-6-3-7-8-0	3-0-3-3-3-6-0-6-6-6-7-6	8-3-6-4-8-6-5-7-1-0-3-4	3-6-5-0-5-6-0-3-3-3-6-3	6-3-6-1-5-6-8-6-4-6-5-8
40	8	8-7-9-10-8-9-5-8-9-7-10-9	6-4-4-2-6-6-8-7-6-6-10-6	10-9-10-7-7-3-9-9-9-6-7-7	9-9-9-7-7-10-6-8-7-7-7-1	10-1-13-7-3-2-9-9-6-12-9-10	14-9-9-7-7-9-4-4-7-7-14-9	3-2-7-1-9-7-5-9-7-8-14-8	6-7-7-9-6-9-5-8-3-9-8-0	3-0-16-9-8-6-16-9-6-6-8-6	7-3-12-5-9-6-5-5-9-8-9-8	3-6-5-0-7-8-0-4-3-3-6-3	6-6-5-1-8-6-7-0-4-6-5-7
40	9	9-9-10-9-12-10-10-9-9-12-9-9	9-11-10-2-10-10-10-10-6-10-8-10	1-8-8-7-7-10-10-8-8-7-10-10	8-10-10-8-7-8-10-2-10-10-10-1	2-1-8-6-11-10-8-8-9-7-8-8	8-8-11-7-9-8-10-9-12-9-5-9	1-10-7-1-10-9-12-10-7-7-8-9	9-12-7-10-9-8-9-8-3-10-8-0	8-9-10-8-9-6-0-8-6-6-8-10	10-3-9-14-8-14-8-12-10-11-8-10	16-16-5-9-10-8-0-11-16-3-6-10	5-6-6-1-8-9-6-10-4-4-14-13
40	10	10-10-10-10-10-9-9-10-8-10-10-10	11-9-9-2-9-9-9-9-8-9-8-9	16-10-8-7-7-9-9-7-12-11-9-9	11-9-9-6-7-8-11-7-11-11-9-1	8-0-11-12-11-9-10-10-11-7-8-8	11-15-9-7-10-8-11-10-10-10-6-9	1-11-9-1-12-3-12-9-7-7-1-9	6-9-9-9-9-8-9-10-3-9-9-0	8-11-9-8-5-3-0-9-9-10-10-9	9-3-9-9-8-9-11-10-9-1-11-9	0-9-11-10-11-11-0-1-11-9-6-9	10-2-6-1-16-13-7-9-4-12-9-7
40	11	11-14-13-13-12-13-12-12-13-12-11-12	10-9-9-13-12-13-12-13-12-14-13-13	11-11-11-12-11-14-11-12-13-10-13-11	12-11-14-11-7-11-10-7-10-10-12-11	2-13-14-10-13-9-12-12-10-8-11-12	16-12-9-11-12-14-10-14-7-10-2-11	16-10-12-15-11-11-10-13-7-12-13-9	13-9-13-13-9-13-9-10-10-12-13-13	15-12-13-8-15-12-12-14-6-12-14-6	13-13-8-12-13-13-10-12-13-14-12-12	13-9-13-13-13-13-16-11-10-5-6-3	14-13-11-1-14-13-7-12-13-10-13-13
40	12	11-11-13-9-13-11-11-11-11-11-12-11	14-9-9-11-11-11-11-11-11-11-11-11	11-12-15-11-11-11-13-11-13-10-10-11	13-11-13-11-7-13-11-2-10-11-11-12	2-11-16-10-11-9-13-13-10-8-12-11	15-13-9-12-11-11-10-14-9-10-6-13	15-10-11-13-10-11-10-11-7-11-13-14	3-9-12-13-9-14-9-10-3-11-12-11	12-11-12-9-2-11-11-12-6-11-7-6	13-15-8-11-11-6-10-10-11-11-14-8	12-9-11-11-12-13-0-12-13-12-6-3	11-6-11-13-12-9-7-11-4-10-9-11
40	13	13-13-13-11-12-13-13-11-13-14-12-11	12-15-15-11-14-11-11-11-11-12-11-11	11-12-12-11-11-11-14-11-11-15-14-13	12-13-12-11-7-12-11-7-13-13-13-12	2-11-8-10-11-14-12-12-10-14-13-8	12-12-9-13-10-8-14-9-13-13-2-12	12-14-9-12-14-13-10-11-7-13-12-14	13-7-11-11-9-11-15-11-3-11-11-11	11-11-11-8-13-11-11-12-14-15-8-9	12-11-9-11-11-11-12-10-11-11-12-14	12-11-11-11-11-11-0-12-12-12-6-13	11-14-11-12-12-11-7-15-11-12-9-15
40	14	11-11-13-11-14-13-11-11-14-13-11-11	15-13-13-11-13-11-16-13-11-11-11-13	11-12-12-11-15-11-13-11-12-13-13-15	12-14-11-15-14-12-11-14-14-15-13-12	2-12-11-15-11-13-13-12-15-13-15-8	8-12-15-16-13-11-13-11-14-14-8-14	12-14-14-12-13-13-13-15-14-15-8-13	14-7-15-11-6-11-9-8-3-11-11-0	11-11-11-15-11-6-11-11-13-11-8-9	14-3-7-15-15-9-15-10-11-11-12-13	12-9-13-16-15-11-0-12-12-12-15-14	11-13-6-12-12-9-7-13-4-10-9-14
40	15	15-16-15-11-16-16-16-16-16-15-16-15	14-13-13-11-16-16-16-16-15-16-15-15	12-15-12-16-14-11-16-16-16-13-16-14	16-15-14-14-15-15-16-15-14-14-13-12	15-12-12-14-11-13-16-16-14-15-15-15	15-12-15-15-10-11-14-15-14-14-8-16	16-14-15-12-13-13-10-14-14-16-8-15	15-7-16-15-15-15-13-16-16-11-15-11	3-11-16-14-15-15-11-12-11-11-15-14	15-15-8-14-15-9-14-10-15-11-12-16	12-6-13-14-14-12-16-12-12-15-14-15	11-13-16-12-12-9-7-11-4-10-9-13
40	16	16-16-15-16-16-15-15-16-16-15-16-16	15-13-16-15-15-15-15-15-15-16-15-15	15-15-16-15-16-16-15-16-15-16-15-14	15-16-15-15-16-16-15-15-16-16-16-12	16-11-16-16-16-16-15-15-14-16-14-8	11-16-15-15-16-8-16-16-16-16-16-15	15-16-16-16-13-16-16-15-16-15-11-13	16-16-15-15-16-15-16-15-15-11-14-16	3-16-16-16-2-16-16-10-13-11-15-15	15-16-16-16-16-6-16-15-15-16-16-16	9-9-13-10-14-11-15-13-16-16-6-16	11-16-16-12-15-16-16-16-16-16-16-11
41	0	0-0-0-0-0-0-0-0-0-0-0-0	0-0-0-0-0-0-0-0-0-0-0-0	0-0-0-0-0-0-0-0-0-0-0-0	0-0-0-0-0-0-0-0-0-0-0-0	0-0-0-0-0-0-0-0-0-0-0-0	0-0-0-0-0-0-0-0-0-0-0-0	0-0-0-0-0-0-0-0-0-0-0-0	0-0-0-0-0-0-0-0-0-0-0-0	0-0-0-0-0-0-0-0-0-0-0-0	0-0-0-0-0-0-0-0-0-0-0-0	0-0-0-0-0-0-0-0-0-0-0-0	0-0-0-0-0-0-0-0-0-0-0-0
41	1	0-0-0-0-0-1-0-0-0-0-0-0	0-0-0-0-0-0-1-0-1-0-0-0	2-1-2-0-0-2-2-2-0-0-2-1	2-0-2-0-0-0-2-0-0-0-0-8	0-0-5-0-2-0-2-0-0-0-1-2	0-1-0-5-0-0-1-1-0-1-0-2	1-0-0-8-1-1-0-2-0-0-0-0	1-0-0-1-1-0-0-0-1-1-0-0	1-8-2-0-0-0-2-1-0-1-1-0	0-0-1-0-0-0-0-0-0-2-5-0	0-0-0-0-0-1-9-0-8-0-1-1	0-1-1-1-0-0-1-0-0-1-0-0
41	2	2-2-2-2-2-2-2-2-2-2-2-0	2-0-3-2-1-4-1-3-1-2-4-3	1-3-1-3-3-3-3-1-2-3-1-3	3-1-3-3-3-3-1-3-3-0-3-0	3-0-3-3-1-2-3-2-2-4-3-4	3-1-2-2-2-3-2-3-2-2-3-1	2-2-2-1-2-0-2-3-0-2-3-2	2-2-3-2-2-0-2-3-2-0-2-0	2-1-1-0-11-0-1-2-1-4-2-2	2-2-2-3-3-3-0-2-2-1-0-3	0-2-0-0-0-1-0-0-0-2-2-2	0-2-1-1-0-0-2-0-0-0-0-0
41	3	3-3-3-3-3-4-4-3-3-3-3-3	4-3-2-2-4-4-5-3-4-5-2-3	1-2-2-2-2-4-2-2-6-4-2-2	4-4-4-2-2-2-4-2-2-3-2-0	2-1-2-2-4-2-4-2-3-3-2-2	2-5-5-6-3-2-4-4-3-3-6-3	2-3-3-1-4-3-3-4-3-4-2-4	3-2-3-4-3-3-3-4-3-3-3-0	3-1-3-3-2-4-3-4-3-3-2-3	2-9-3-2-2-2-3-4-3-1-3-2	3-9-0-0-3-3-1-3-3-4-4-3	0-3-1-1-0-3-2-3-3-0-0-3
41	4	4-4-4-4-4-3-3-4-4-4-4-4	5-4-4-2-3-3-1-5-3-3-2-5	1-3-3-2-2-3-5-5-5-3-5-2	3-3-3-3-2-3-3-2-5-4-3-1	2-0-6-2-3-2-3-2-3-6-3-2	2-3-3-1-4-2-3-3-3-4-9-3	2-3-4-4-3-4-3-5-4-3-6-3	4-2-3-5-2-0-4-3-3-3-3-0	4-1-3-3-3-3-3-3-9-3-4-4	3-5-4-4-2-5-3-3-5-1-0-2	5-3-4-0-9-3-1-3-3-3-3-3	5-3-1-1-0-5-3-0-4-5-4-4
41	5	5-5-5-5-5-5-5-5-5-5-4-5	4-6-4-2-5-6-3-4-4-3-2-4	1-5-3-2-2-3-4-4-4-6-4-5	6-3-6-5-2-2-6-2-6-4-6-1	2-0-1-10-3-5-5-5-6-6-3-3	2-3-3-1-6-2-6-6-5-4-5-3	3-3-5-1-3-4-5-4-5-5-2-3	8-5-3-4-2-0-7-5-3-5-3-6	4-1-3-3-5-3-3-2-5-5-6-9	3-4-4-4-5-4-6-5-4-6-1-2	4-3-5-5-8-5-0-6-1-3-3-3	4-3-1-1-5-4-6-5-4-4-5-5
41	6	7-6-5-8-7-7-7-6-5-6-6-6	7-5-4-8-7-5-7-6-7-9-7-8	6-7-7-8-7-7-7-7-7-5-7-6	7-8-5-7-8-7-5-7-5-4-5-6	7-9-8-7-3-6-7-7-5-8-7-7	8-8-7-9-5-9-5-8-5-5-8-7	6-6-3-1-3-6-5-6-5-9-4-5	5-7-11-7-8-6-5-9-3-8-6-5	7-1-11-8-6-6-8-7-6-9-7-10	4-8-7-7-7-8-7-5-6-5-7-10	5-3-8-5-8-5-6-5-5-9-7-6	6-6-6-7-8-8-5-6-4-5-7-6
41	7	6-8-7-7-6-6-6-6-6-7-7-6	6-10-4-6-7-8-6-8-6-8-6-9	1-7-6-6-6-9-6-8-6-7-8-8	6-7-8-6-6-6-8-6-7-7-8-1	6-0-6-6-3-9-8-6-7-7-6-6	6-6-6-7-7-3-8-7-5-4-10-7	9-9-4-1-9-3-9-9-5-5-6-3	7-6-8-8-6-6-5-5-3-7-6-0	6-1-8-9-5-6-8-8-9-6-6-8	6-3-6-6-6-6-6-5-8-1-6-2	0-8-9-7-8-8-8-0-0-3-6-8	8-3-6-6-6-6-2-8-4-7-10-6
41	8	8-7-8-6-6-8-6-8-7-7-8-8	6-7-10-6-7-7-6-7-6-7-6-7	11-8-6-6-6-6-7-7-6-8-9-7	6-7-9-6-6-6-7-6-9-9-7-1	6-0-6-6-3-7-7-8-7-6-6-6	6-6-6-6-8-6-7-6-8-8-6-7	3-9-8-1-8-3-9-7-5-8-10-6	5-6-7-7-6-0-5-6-3-6-6-0	7-1-9-6-8-6-7-7-7-8-8-7	9-2-8-9-9-6-6-5-7-1-9-2	0-7-6-10-11-7-7-11-1-3-6-7	7-3-6-7-8-6-7-7-10-4-7-10
41	9	6-7-9-7-9-6-6-6-6-6-11-7	6-7-8-6-7-7-6-10-10-6-10-7	9-10-6-6-9-7-9-10-6-8-8-9	9-10-10-6-6-10-8-6-8-9-8-10	6-9-9-9-10-7-10-10-7-9-9-6	9-9-3-6-8-9-10-6-8-4-4-10	11-7-8-9-7-9-8-7-3-6-9-3	9-7-9-10-3-10-7-6-11-7-9-0	9-1-8-7-9-0-9-8-10-6-6-5	11-3-9-8-8-2-9-5-9-1-9-6	9-3-7-8-8-9-1-9-9-9-6-3	9-9-9-9-9-9-2-9-8-9-7-0
41	10	6-10-10-8-9-11-6-6-11-11-11-8	6-7-8-6-7-7-6-11-9-7-9-11	9-9-11-11-10-11-10-9-6-10-10-10	11-9-9-11-10-9-7-6-9-9-10-9	10-9-9-5-9-10-9-9-7-10-10-10	10-9-10-10-5-11-9-10-3-4-7-9	10-8-10-10-9-9-8-11-10-10-10-10	10-10-9-9-10-9-5-11-3-8-10-0	10-1-3-3-10-10-9-8-9-8-10-6	10-10-9-9-10-2-6-11-9-1-9-6	9-3-7-8-8-9-11-10-9-10-10-10	9-10-9-10-10-10-2-9-8-8-5-8
41	11	11-11-11-11-11-11-11-11-11-11-11-11	6-7-11-10-11-11-6-10-9-11-9-10	9-11-11-10-11-10-11-11-6-11-11-11	10-11-11-10-11-11-7-11-11-11-11-9	10-9-11-11-11-11-10-11-11-11-10-6	11-11-10-11-11-11-11-11-11-11-11-10	9-11-11-11-7-11-11-10-11-10-9-10	11-10-6-11-11-9-11-10-9-11-10-11	10-11-11-11-10-11-11-8-11-6-6-5	9-11-11-11-11-2-11-10-9-11-11-11	5-11-8-8-8-9-11-8-11-11-11-11	9-11-11-9-11-11-11-11-11-11-11-5
42	0	0-0-0-0-0-0-0-0-0-0-0-0	0-0-0-0-0-0-0-0-0-0-0-0	0-0-0-0-0-0-0-0-0-0-0-0	0-0-0-0-0-0-0-0-0-0-0-0	0-0-0-0-0-0-0-0-0-0-0-0	0-0-0-0-0-0-0-0-0-0-0-0	0-0-0-0-0-0-0-0-0-0-0-0	0-0-0-0-0-0-0-0-0-0-0-0	0-0-0-0-0-0-0-0-0-0-0-0	0-0-0-0-0-0-0-0-0-0-0-0	0-0-0-0-0-0-0-0-0-0-0-0	0-0-0-0-0-0-0-0-0-0-0-0
42	1	1-1-1-1-1-1-1-1-1-1-1-1	1-1-1-1-1-1-0-0-1-0-2-0	4-2-2-2-2-2-2-2-0-1-2-2	2-0-2-2-2-2-0-2-2-0-2-3	1-0-2-2-1-1-2-2-1-1-12-4	2-2-1-1-1-3-1-1-1-1-2-2	2-1-1-0-1-1-1-2-1-1-2-1	1-1-2-1-1-2-1-1-1-1-0-0	1-0-0-1-2-1-0-2-1-1-2-1	2-1-1-0-2-2-0-1-6-0-0-1	0-1-0-0-0-0-0-0-0-1-1-1	0-1-1-0-0-1-1-0-2-0-2-1
42	2	2-2-2-2-2-2-2-2-2-2-2-2	3-2-2-1-3-2-1-3-2-3-1-2	1-1-1-1-1-5-1-1-3-1-3-1	3-3-1-1-1-4-2-1-1-2-1-1	1-2-1-1-4-1-3-3-2-2-4-1	1-3-4-0-2-1-3-1-2-2-9-1	1-2-2-2-3-1-2-1-2-2-2-1	1-1-1-3-2-2-2-3-4-0-4-2	2-7-2-3-1-2-2-3-2-2-1-2	3-1-2-2-1-1-2-2-0-2-2-1	4-2-2-0-2-2-0-2-4-4-2-2	2-2-4-3-1-2-1-2-1-0-1-2
42	3	3-3-3-3-3-3-3-3-3-3-3-3	2-3-3-1-2-4-2-4-2-2-1-4	1-2-4-1-1-2-4-4-4-1-4-1	2-2-4-1-1-2-3-1-1-3-2-1	1-0-1-1-2-4-2-2-2-2-2-1	2-2-2-2-2-1-4-3-3-3-3-3	1-2-3-4-2-3-5-4-3-3-4-2	4-1-1-2-3-3-3-2-2-3-2-5	3-2-2-4-3-8-3-2-4-3-1-2	2-1-3-3-0-3-0-3-4-2-0-1	3-4-4-0-2-2-4-2-2-2-3-2	4-2-2-2-4-4-1-4-3-4-5-3
42	4	3-4-4-4-4-4-4-5-4-4-5-4	5-5-5-1-3-3-6-3-5-2-1-2	1-4-6-5-1-2-3-5-5-5-5-4	2-2-5-1-1-2-5-1-5-4-2-1	1-0-7-1-2-3-5-4-5-2-2-1	4-4-2-0-4-1-5-4-4-4-5-2	1-1-3-3-2-4-5-5-3-4-3-5	4-1-2-2-4-3-5-2-2-4-2-5	4-2-3-3-0-2-3-3-4-5-5-3	5-1-4-3-5-4-5-8-3-2-4-1	2-3-3-4-4-5-3-6-2-2-3-2	3-2-2-4-3-3-2-3-4-3-5-9
42	5	7-4-4-4-5-4-4-4-5-4-4-7	4-4-4-1-2-3-6-8-4-2-6-6	7-6-6-6-7-2-6-7-4-4-4-6	6-6-6-6-7-6-4-1-4-7-2-6	6-7-4-6-2-3-6-6-4-7-8-6	6-6-2-8-5-7-4-4-4-3-6-7	6-1-4-6-6-4-4-6-4-5-6-4	2-5-2-6-2-6-4-7-2-6-5-2	7-2-5-6-5-5-6-6-4-5-6-2	4-6-5-5-6-4-5-5-6-6-5-6	6-4-5-6-4-4-2-5-7-6-5-2	5-5-5-5-6-5-2-0-4-5-4-3
42	6	6-7-6-6-6-6-6-6-6-6-6-6	4-4-6-1-7-7-5-7-5-2-5-5	5-5-5-5-5-8-7-5-7-8-7-5	5-5-5-5-5-5-6-1-7-6-6-5	5-0-4-5-2-8-5-5-6-5-5-5	5-5-5-6-6-5-7-7-4-6-5-5	5-6-3-7-7-6-4-7-3-6-5-4	6-8-2-7-7-5-9-5-2-8-5-2	6-6-7-7-6-6-5-5-9-5-7-7	6-7-4-6-5-11-5-4-7-5-5-7	7-7-12-5-7-7-7-6-5-7-5-2	6-2-6-5-7-7-8-7-6-6-7-6
42	7	7-7-7-7-7-7-7-7-6-7-8-7	9-6-8-5-6-6-5-6-8-8-8-6	5-7-5-5-5-5-6-5-6-8-8-6	5-8-8-5-5-5-6-1-8-8-8-5	5-5-4-8-2-6-8-4-8-5-5-5	5-5-8-12-7-5-8-6-8-7-5-5	6-1-3-6-6-6-8-6-7-7-5-4	6-6-2-6-6-7-6-5-2-10-5-7	5-2-6-6-7-7-6-5-7-10-6-6	7-6-7-8-5-4-5-4-6-5-5-7	6-8-6-10-8-6-6-8-5-6-8-2	6-5-2-5-6-6-6-6-8-6-10-6
42	8	8-10-10-10-8-7-6-9-6-8-7-10	7-6-7-9-9-6-10-9-9-7-7-6	9-9-9-5-8-9-7-9-9-7-7-8	9-9-9-5-8-5-6-11-7-9-7-10	1-9-11-7-9-6-7-9-9-5-5-5	10-8-7-5-8-5-7-8-7-7-7-9	10-6-7-8-9-8-7-6-7-6-12-4	9-6-10-6-4-9-6-10-8-8-5-9	9-8-9-8-9-10-9-6-7-2-6-8	8-8-8-9-9-4-5-4-9-8-8-10	11-7-6-0-7-12-9-7-10-8-8-8	8-8-8-8-8-8-6-6-7-8-6-4
42	9	9-9-12-10-9-9-12-9-9-10-7-9	7-7-6-10-8-8-10-10-10-7-10-10	10-8-10-10-10-10-10-8-10-10-10-10	8-8-8-10-10-10-6-1-7-8-9-8	10-8-8-8-8-9-10-10-8-9-9-10	10-10-10-9-8-11-10-10-7-7-2-10	9-10-7-8-10-8-10-10-3-6-9-9	9-9-8-10-9-8-6-9-8-10-9-8	8-8-8-10-11-10-8-10-6-6-9-7	8-9-9-8-8-9-10-7-8-8-10-9	8-10-6-4-7-9-8-7-8-10-10-9	8-10-8-8-5-8-9-6-7-6-9-4
42	10	10-12-10-10-9-10-11-10-11-10-10-10	7-11-10-9-8-12-9-9-9-10-9-9	9-9-9-9-9-9-9-9-9-10-11-9	9-10-9-9-9-9-8-1-11-10-11-8	9-8-8-8-8-11-9-9-10-10-8-9	9-9-9-9-10-9-11-9-10-10-5-9	8-11-10-8-9-10-9-9-7-10-9-9	10-9-8-9-9-8-6-8-8-9-5-8	5-8-8-9-10-8-8-9-10-5-9-8	8-9-10-8-11-9-9-10-8-8-9-9	8-9-5-10-10-10-9-12-8-9-9-9	6-9-8-8-5-6-9-7-10-10-7-11
42	11	11-11-10-11-10-10-10-12-10-10-7-10	12-10-10-11-11-12-9-12-12-11-9-12	11-11-11-9-11-11-10-11-11-11-10-11	8-11-8-11-9-9-11-8-10-8-10-8	9-12-8-8-11-10-12-9-10-11-11-9	10-11-9-9-11-9-10-9-11-10-1-9	11-10-11-8-11-11-10-12-7-9-9-12	11-9-8-9-9-12-6-9-8-11-11-11	11-8-8-9-9-11-8-11-6-2-9-8	7-9-9-11-10-9-9-4-8-8-11-9	8-9-6-10-9-11-11-8-7-9-11-11	11-9-8-8-8-8-6-11-11-11-7-10
42	12	12-12-12-12-12-12-9-12-12-12-12-12	11-10-12-11-12-11-11-11-11-12-9-11	11-11-12-9-12-12-12-12-11-12-12-11	12-12-12-11-12-12-11-12-10-12-12-11	9-11-12-12-11-12-11-12-10-12-9-5	12-12-9-9-12-11-12-12-12-12-12-12	9-12-12-12-6-12-12-11-12-12-8-11	12-9-10-12-12-11-6-9-8-8-7-11	11-12-2-12-9-12-12-11-12-2-9-8	8-12-12-12-12-4-12-10-8-12-11-12	11-12-6-10-7-8-11-10-12-12-12-12	12-12-12-8-7-12-12-11-12-12-12-7
43	0	0-0-0-0-0-0-0-0-0-0-0-0	0-0-0-0-0-0-0-0-0-0-0-0	0-0-0-0-0-0-0-0-0-0-0-0	0-0-0-0-0-0-0-0-0-0-0-0	0-0-0-0-0-0-0-0-0-0-0-0	0-0-0-0-0-0-0-0-0-0-0-0	0-0-0-0-0-0-0-0-0-0-0-0	0-0-0-0-0-0-0-0-0-0-0-0	0-0-0-0-0-0-0-0-0-0-0-0	0-0-0-0-0-0-0-0-0-0-0-0	0-0-0-0-0-0-0-0-0-0-0-0	0-0-0-0-0-0-0-0-0-0-0-0
43	1	1-1-1-1-0-1-1-1-0-1-1-1	1-0-0-1-0-0-1-0-0-0-1-1	1-1-2-1-0-1-0-0-0-0-0-0	2-2-2-1-1-2-0-1-0-0-0-5	0-1-1-0-1-0-2-1-0-1-1-5	1-1-0-1-1-1-0-1-0-0-0-2	0-0-1-5-1-0-0-2-0-0-1-0	1-1-1-1-0-1-0-1-1-1-2-4	1-3-1-1-1-1-1-1-1-1-1-0	2-1-1-1-2-0-0-1-1-3-1-1	8-0-1-3-0-1-10-0-0-0-0-0	1-0-1-0-1-0-1-2-1-1-1-0
43	2	2-2-3-2-2-2-2-2-2-2-3-3	1-3-3-4-3-2-4-2-2-3-2-3	2-3-3-3-3-3-3-3-3-3-3-2	3-1-3-3-4-3-2-3-3-0-3-1	3-1-3-4-1-2-3-3-0-2-4-3	2-2-2-2-1-5-3-3-0-2-0-5	4-5-2-1-1-2-2-3-0-2-3-5	2-3-2-3-4-4-2-2-2-1-1-1	1-1-1-2-3-2-4-1-4-2-3-5	3-2-4-5-3-3-4-2-4-1-4-2	1-2-2-1-5-3-1-2-1-2-2-2	2-2-2-2-4-4-3-1-4-1-3-2
43	3	3-3-2-2-2-3-3-4-2-3-3-3	4-2-2-2-2-2-2-3-3-4-2-3	1-2-2-2-2-5-4-2-2-4-4-4	4-4-2-2-2-5-2-2-2-3-5-1	2-1-2-2-4-3-4-4-3-3-2-2	4-4-5-3-3-2-4-2-3-3-10-3	2-3-0-3-4-3-4-3-3-3-2-4	3-2-4-4-2-3-0-4-10-3-3-1	3-1-3-3-2-5-3-4-2-3-2-5	4-4-3-2-2-2-3-2-3-1-2-2	3-3-3-1-3-3-1-3-3-4-3-3	2-3-2-3-3-3-2-3-2-4-2-0
43	4	4-4-4-4-4-4-4-3-2-4-4-4	4-6-4-2-2-4-2-5-3-3-2-3	2-4-2-2-5-3-5-3-2-5-5-3	3-3-3-2-2-3-4-2-5-4-3-1	2-1-2-2-3-5-3-3-3-6-2-1	3-3-3-3-11-2-5-4-3-4-0-4	2-2-5-1-3-4-3-5-4-4-2-3	4-2-3-3-2-2-4-3-3-4-3-1	3-1-3-3-3-3-2-3-5-2-2-4	3-3-5-4-3-3-2-2-2-1-5-9	1-3-4-4-3-3-1-3-3-3-5-3	2-3-2-3-2-2-3-4-2-3-9-0
43	5	5-5-5-5-5-5-4-5-5-5-4-5	4-6-6-2-5-2-2-4-2-3-2-6	2-5-2-2-4-3-4-5-4-4-4-5	3-3-6-2-2-3-5-2-5-4-3-1	2-1-2-2-3-4-5-5-6-6-2-1	2-3-3-3-5-2-6-6-5-5-7-4	2-2-4-1-3-5-6-4-7-4-3-3	6-3-3-4-2-2-5-3-3-4-1-5	3-1-3-3-5-3-6-1-4-5-4-3	4-2-5-6-2-6-6-10-2-1-4-6	1-4-4-5-2-6-1-6-3-3-4-3	5-6-2-3-2-5-2-11-10-5-7-0
43	6	7-7-7-8-7-5-8-7-7-7-6-7	8-5-5-7-7-7-7-7-7-7-8-7	7-7-7-7-7-8-7-7-7-7-7-7	7-7-8-7-8-7-5-7-7-7-5-7	8-7-8-7-3-4-7-7-5-8-7-7	7-7-3-7-5-7-5-8-5-5-8-7	2-12-2-8-3-6-5-6-5-6-8-7	5-3-8-6-6-7-5-8-3-6-8-7	7-7-3-6-8-8-7-7-9-9-8-4	7-7-9-7-7-7-7-7-7-7-7-5	7-3-7-5-8-9-13-5-7-15-6-3	7-5-6-8-7-7-7-8-7-9-11-8
43	7	6-6-6-7-6-7-7-6-6-6-6-6	6-9-5-6-6-6-6-6-6-8-6-6	6-7-6-6-6-6-6-6-6-8-8-6	6-6-6-6-6-6-8-6-6-6-9-6	6-6-6-6-3-8-6-6-7-6-6-6	6-6-8-6-5-6-8-9-5-5-6-7	2-8-7-1-8-7-9-7-5-7-6-8	5-9-6-8-8-6-9-12-3-7-6-6	6-6-3-3-7-6-6-6-8-8-8-8	6-6-6-6-6-6-6-6-2-6-6-8	6-8-8-5-6-6-1-3-6-6-6-3	7-3-2-6-6-6-6-7-6-5-6-0
43	8	8-8-6-6-6-7-6-6-6-6-6-6	6-7-7-6-6-6-8-6-6-7-6-6	6-8-6-6-9-6-9-6-6-7-7-9	6-9-6-6-6-6-7-6-9-9-7-6	6-6-6-9-3-7-9-6-9-6-9-6	6-6-7-6-5-6-7-6-3-5-6-6	2-7-7-6-7-7-8-9-8-7-6-7	7-7-6-7-7-8-7-6-3-9-6-13	3-9-3-3-6-6-6-9-7-7-7-7	7-10-6-9-9-6-8-6-14-6-9-7	1-7-7-8-6-8-1-3-6-6-8-3	7-8-2-6-6-6-2-6-6-9-6-8
43	9	7-10-6-6-6-7-6-6-6-7-6-7	6-7-5-6-6-9-10-10-6-6-6-8	10-10-10-6-8-11-8-10-8-7-8-8	9-10-9-8-9-10-7-6-8-8-7-12	6-9-14-8-10-7-10-9-8-9-8-9	11-9-7-9-9-11-10-7-5-5-3-9	11-8-5-11-7-9-7-8-4-9-14-9	5-7-14-9-9-9-7-3-3-8-6-8	14-11-9-3-13-9-9-8-6-6-6-13	9-9-9-8-8-6-5-5-9-9-11-4	6-7-8-8-8-6-12-14-11-6-8-9	9-8-9-9-9-9-9-9-8-8-4-0
43	10	6-6-11-12-6-6-10-6-6-12-6-13	11-7-7-11-6-8-9-12-6-8-11-12	9-9-9-11-11-11-12-9-11-12-13-8	11-9-9-11-11-11-7-6-10-8-11-9	13-9-12-13-9-10-11-11-9-12-8-9	13-12-13-10-9-13-11-10-6-5-3-9	9-11-10-9-10-9-10-6-4-15-9-13	3-12-9-11-12-9-7-14-3-9-6-8	9-9-3-11-9-6-9-8-6-6-13-10	9-8-6-9-11-12-11-5-9-9-9-10	1-7-7-8-6-6-1-9-9-3-8-9	7-8-9-9-9-6-10-6-5-8-5-0
43	11	12-12-12-15-12-11-10-12-12-11-13-11	13-10-5-10-6-11-10-10-6-12-10-10	10-9-9-10-10-9-10-10-10-10-10-12	10-11-11-12-10-10-9-6-11-13-10-9	10-9-9-12-9-10-12-10-12-11-12-14	10-9-11-13-9-9-12-10-11-11-9-10	9-14-12-9-11-9-12-12-11-7-9-14	5-10-9-10-10-9-7-10-3-9-9-14	9-9-3-12-6-6-9-12-13-7-10-12	9-11-6-12-12-10-10-6-13-9-9-7	1-7-7-14-11-6-9-9-9-11-11-3	7-11-9-9-9-11-10-11-6-12-6-11
43	12	11-11-11-13-11-6-15-11-13-10-11-15	10-7-5-13-13-11-13-10-6-11-13-10	13-13-14-10-11-9-10-13-13-10-12-11	9-11-13-11-10-11-7-6-11-11-10-9	10-12-10-11-13-11-11-13-11-10-11-9	13-10-11-9-12-12-11-10-11-11-10-11	11-11-11-12-13-9-11-11-11-9-14-13	5-10-10-10-10-13-7-7-3-12-12-14	13-13-13-11-9-12-12-13-9-12-10-11	12-12-9-11-11-10-6-5-8-14-12-10	13-7-11-11-11-14-9-9-9-11-11-12	9-11-12-12-12-12-10-11-5-11-6-6
43	13	14-13-13-13-13-13-13-11-12-12-13-15	11-14-13-10-14-14-10-13-6-13-12-14	12-12-12-10-10-12-14-12-12-14-14-14	12-11-12-11-10-11-13-6-11-11-10-9	10-12-10-10-12-14-12-12-8-13-11-9	10-9-10-11-13-12-12-14-13-13-6-9	9-10-14-9-12-13-13-11-13-13-9-12	13-10-10-10-10-12-7-13-3-13-12-8	12-9-12-11-9-6-9-12-14-6-10-14	9-12-7-11-11-10-6-14-11-12-6-10	12-11-11-8-6-6-6-9-9-11-11-12	6-11-9-9-9-6-10-7-14-11-14-0
43	14	13-15-13-13-13-14-14-15-14-15-15-15	11-13-13-15-15-13-15-15-15-11-15-13	12-14-12-15-10-15-13-15-14-13-13-13	14-12-11-10-14-14-15-6-14-11-14-9	10-12-9-14-11-14-15-14-14-14-14-11	12-9-14-10-14-12-14-13-11-5-3-14	9-11-13-12-12-13-13-11-13-10-9-14	13-10-9-14-14-9-7-10-3-14-12-12	9-9-12-14-9-14-9-12-13-7-14-13	9-12-6-11-11-14-14-13-9-12-9-7	12-7-7-11-11-12-1-9-9-14-11-14	9-11-9-12-9-6-14-7-13-11-13-0
43	15	15-15-15-15-15-15-12-15-15-14-15-15	11-13-15-14-15-14-14-14-14-15-14-14	14-14-15-14-15-14-15-15-14-15-14-15	14-15-11-15-15-15-14-6-15-15-15-9	10-12-15-15-15-15-14-14-15-15-10-6	15-15-14-15-15-12-14-15-15-15-15-14	14-15-15-15-12-15-13-14-15-15-6-13	15-14-10-15-15-11-15-10-3-15-11-15	3-15-15-15-14-15-15-12-15-6-14-13	9-15-15-15-15-14-15-13-15-15-15-15	15-15-15-15-11-9-15-15-15-15-15-15	15-15-15-9-14-15-15-15-15-15-15-0
44	0	0-0-0-0-0-0-0-0-0-0-0-0	0-0-0-0-0-0-0-0-0-0-0-0	0-0-0-0-0-0-0-0-0-0-0-0	0-0-0-0-0-0-0-0-0-0-0-0	0-0-0-0-0-0-0-0-0-0-0-0	0-0-0-0-0-0-0-0-0-0-0-0	0-0-0-0-0-0-0-0-0-0-0-0	0-0-0-0-0-0-0-0-0-0-0-0	0-0-0-0-0-0-0-0-0-0-0-0	0-0-0-0-0-0-0-0-0-0-0-0	0-0-0-0-0-0-0-0-0-0-0-0	0-0-0-0-0-0-0-0-0-0-0-0
44	1	1-1-1-1-1-1-1-1-1-1-1-1	1-1-2-2-2-1-2-1-1-1-1-1	1-2-2-2-2-2-2-2-2-2-1-1	2-0-2-2-2-2-1-2-2-0-2-3	2-1-1-2-0-1-2-2-1-1-1-2	1-3-1-1-1-4-2-2-1-1-0-2	2-1-1-3-1-1-1-0-1-1-2-4	1-2-2-2-3-2-2-1-1-5-2-1	1-1-1-1-1-2-2-2-2-3-2-2	5-1-1-4-2-2-3-3-6-1-0-1	0-1-1-0-2-2-1-3-1-1-1-1	0-1-1-1-1-1-7-0-2-1-2-2
44	2	2-2-1-2-2-2-2-2-1-2-2-1	1-1-1-1-1-1-1-3-2-3-1-2	5-1-1-1-1-5-3-1-1-3-3-3	3-3-3-1-1-3-1-1-1-2-3-1	1-2-1-1-3-2-3-3-2-2-1-1	3-4-4-9-2-1-3-1-2-2-9-2	1-2-2-2-3-1-2-2-2-2-1-3	2-1-3-3-5-2-1-3-3-5-2-2	2-5-3-3-2-3-2-3-1-1-1-1	3-7-2-1-1-1-1-1-0-4-3-1	2-2-2-1-3-2-4-2-2-9-2-2	2-2-1-2-2-2-2-0-1-3-1-1
44	3	3-3-3-3-3-3-3-3-3-3-5-3	1-5-3-1-4-4-1-4-5-2-1-4	1-3-1-1-1-2-4-4-4-2-4-4	2-2-3-1-1-2-3-1-4-3-2-1	1-0-1-1-2-4-2-2-2-2-1-1	2-2-2-2-2-1-2-2-3-3-3-3	1-5-3-1-2-6-2-4-3-5-1-2	3-1-2-2-1-0-3-2-2-3-2-4	3-3-2-2-3-2-0-2-3-1-1-4	2-2-4-5-2-5-1-1-4-2-2-2	2-12-5-3-2-2-0-2-2-2-2-2	3-2-1-2-0-3-4-6-5-2-3-5
44	4	4-4-4-4-6-4-4-4-3-5-4-4	5-5-5-1-3-5-1-3-3-5-3-5	1-4-3-1-1-2-3-5-3-5-5-4	4-2-5-4-1-2-5-1-5-5-2-1	1-0-1-5-2-3-5-4-5-2-1-0	1-2-2-2-4-1-5-5-4-4-4-2	1-1-3-0-2-3-5-3-4-3-1-2	4-1-2-3-1-0-3-2-2-4-2-2	6-2-3-2-6-2-0-2-8-6-1-4	2-2-3-1-1-3-8-8-1-2-3-1	2-3-6-12-11-4-2-2-2-2-4-2	5-2-1-4-4-3-3-10-9-11-5-4
44	5	5-4-5-4-4-4-4-3-4-4-3-4	4-4-4-5-4-4-1-4-3-4-6-4	2-4-7-7-6-2-6-6-5-4-4-6	6-6-4-5-6-6-4-8-4-4-2-5	6-0-12-6-2-3-6-6-4-6-6-6	12-6-6-2-4-12-4-2-2-4-5-7	1-3-3-0-2-3-4-6-4-3-6-6	4-6-5-6-2-0-3-8-2-2-5-2	2-2-4-2-8-5-0-6-5-5-6-5	6-2-4-5-6-3-5-4-1-2-5-6	2-2-3-4-5-4-2-5-2-2-5-2	5-5-5-5-2-3-1-0-3-5-4-3
44	6	6-6-6-6-4-6-6-6-3-6-6-6	6-8-8-5-3-6-7-7-8-7-5-4	5-6-5-5-5-7-5-6-7-7-7-7	5-5-5-5-5-5-7-5-7-6-7-5	5-0-0-5-2-6-7-5-6-5-5-5	5-5-5-6-9-5-7-6-6-6-5-6	1-8-6-0-7-3-2-5-8-6-5-5	6-8-8-5-7-0-6-5-2-6-5-0	5-6-2-2-4-6-0-5-4-5-5-7	5-2-6-6-5-5-5-4-1-12-5-9	2-6-4-6-4-4-0-2-2-2-5-2	6-2-5-5-5-6-6-3-4-5-7-6
44	7	7-7-7-8-7-7-7-9-7-6-6-6	8-6-6-8-8-9-8-8-3-6-9-8	5-7-5-5-8-6-8-9-10-6-6-8	5-8-8-5-5-5-6-5-8-8-6-5	5-0-5-8-2-6-6-5-8-9-10-5	2-5-6-5-7-5-8-6-2-6-7-5	1-8-6-0-6-3-7-8-7-7-5-6	6-5-6-6-6-7-6-5-2-7-12-10	2-2-2-2-5-6-12-8-4-4-5-6	2-2-6-8-8-6-7-4-7-0-8-6	2-2-4-7-8-7-12-2-2-2-7-2	4-7-5-5-2-7-1-3-4-8-6-7
44	8	8-9-9-7-8-6-9-7-8-8-6-8	7-6-6-7-7-7-7-7-9-7-11-7	9-9-9-9-7-9-7-7-7-6-7-7	9-9-9-7-5-8-7-5-7-7-6-10	5-9-10-7-9-6-7-8-7-8-5-5	9-9-6-2-8-5-7-11-6-6-2-5	10-7-6-9-8-9-4-7-6-8-8-8	8-6-9-8-8-9-6-5-8-8-10-8	9-8-9-9-5-9-8-7-4-8-6-6	8-2-8-7-7-1-5-4-9-9-8-6	8-3-9-7-7-12-8-9-10-5-8-8	8-7-8-8-8-8-8-8-4-8-4-6
44	9	6-8-10-9-9-10-9-7-9-9-9-9	10-6-6-10-7-7-10-12-10-7-10-7	8-8-10-10-10-10-10-7-10-7-10-7	10-8-8-10-10-10-10-5-9-8-9-8	10-8-8-10-8-9-10-11-8-9-7-10	10-8-10-11-6-5-10-9-4-6-2-10	8-7-6-8-10-8-9-10-7-12-10-10	9-9-8-10-10-8-6-2-2-10-11-8	8-8-10-10-12-8-8-10-9-4-9-6	8-10-9-10-10-11-10-4-8-8-10-6	8-2-9-7-4-9-10-8-8-10-8-2	8-10-8-8-9-3-11-0-4-9-6-6
44	10	11-10-10-10-10-12-10-11-10-9-11-12	9-11-11-9-10-11-9-11-9-11-9-11	8-10-9-9-9-9-11-9-7-11-11-7	9-11-9-9-9-9-9-5-11-10-9-8	9-8-8-10-9-11-9-9-11-10-7-9	9-8-9-9-10-8-11-10-10-10-10-10	8-7-6-8-9-10-11-11-7-10-9-9	10-9-8-9-9-8-10-10-8-9-8-7	8-8-9-9-10-8-11-9-12-10-9-6	8-9-10-9-9-9-9-4-10-8-9-9	9-8-9-7-11-11-9-8-8-9-8-2	10-9-8-8-9-10-9-11-11-11-10-10
44	11	10-12-10-12-9-11-11-10-12-11-11-12	12-10-10-9-10-10-9-10-9-10-9-10	11-11-12-12-10-10-10-7-11-10-10-11	12-10-11-12-9-9-10-5-10-10-10-8	9-11-8-8-11-10-10-9-10-11-7-9	11-11-9-9-10-8-10-11-10-10-10-12	11-7-10-11-6-11-10-10-7-9-9-9	10-9-11-9-9-8-10-8-8-11-9-11	11-8-11-9-9-8-11-10-10-10-9-8	11-11-11-11-9-9-11-10-8-8-11-11	11-3-11-7-4-11-8-11-11-11-8-11	10-5-8-11-11-8-9-11-10-10-11-10
44	12	12-12-12-12-12-12-12-12-12-12-12-12	11-6-12-9-12-10-9-9-9-12-9-11	10-10-12-9-12-12-12-12-11-12-12-12	11-12-11-12-12-12-10-5-12-12-12-8	9-11-12-12-12-12-11-12-10-12-5-5	12-12-9-12-12-5-12-12-12-12-12-11	11-12-12-12-6-12-3-11-12-12-11-11	12-12-9-12-12-8-6-5-11-8-7-12	2-12-12-12-9-12-12-5-12-1-9-4	8-12-12-12-12-12-12-11-8-12-12-12	12-3-12-4-12-8-12-12-12-12-12-12	12-12-12-8-10-12-12-12-12-12-12-12
45	0	0-0-0-0-0-0-0-0-0-0-0-0	0-0-0-0-0-0-0-0-0-0-0-0	0-0-0-0-0-0-0-0-0-0-0-0	0-0-0-0-0-0-0-0-0-0-0-0	0-0-0-0-0-0-0-0-0-0-0-0	0-0-0-0-0-0-0-0-0-0-0-0	0-0-0-0-0-0-0-0-0-0-0-0	0-0-0-0-0-0-0-0-0-0-0-0	0-0-0-0-0-0-0-0-0-0-0-0	0-0-0-0-0-0-0-0-0-0-0-0	0-0-0-0-0-0-0-0-0-0-0-0	0-0-0-0-0-0-0-0-0-0-0-0
45	1	1-1-1-1-1-1-1-1-1-1-1-1	1-1-1-1-1-1-2-1-1-1-1-2	4-2-0-2-2-0-2-0-0-1-2-2	2-0-0-2-2-2-0-2-1-0-2-4	2-0-1-2-9-1-2-2-1-1-1-0	2-2-1-1-1-3-2-2-1-1-3-1	1-1-1-0-1-1-1-2-1-1-5-3	1-1-2-1-1-1-1-1-1-1-2-1	0-1-0-1-2-1-0-2-1-1-2-0	2-3-1-4-2-2-1-1-4-0-2-1	0-1-0-0-1-1-2-0-0-1-1-1	0-1-1-0-2-1-1-0-1-0-2-1
45	2	2-2-1-2-2-2-2-2-2-2-2-2	3-2-1-1-2-1-3-2-2-3-1-1	7-1-1-1-1-7-1-0-1-1-2-1	1-3-3-1-1-1-2-1-1-2-1-1	1-2-1-1-3-1-3-3-2-2-4-4	7-3-4-0-2-1-3-1-2-2-1-2	1-2-3-2-3-2-3-3-2-3-2-5	1-1-1-3-1-1-2-6-5-2-1-2	2-7-2-2-1-2-2-3-1-2-1-2	1-1-1-2-1-1-3-2-0-5-1-1	2-3-2-0-2-2-1-2-6-2-1-2	0-2-1-3-1-2-1-2-1-3-1-1
45	3	3-3-3-3-3-3-3-3-3-3-3-3	2-3-4-1-2-3-2-4-2-2-2-4	0-2-1-1-1-2-4-5-4-5-4-4	2-2-2-2-1-1-4-1-4-4-5-1	1-4-1-1-2-5-2-4-2-6-5-2	1-2-2-1-2-1-4-4-2-3-1-3	1-1-4-3-2-3-2-4-3-3-2-2	4-1-1-2-3-3-2-2-4-3-0-3	3-2-2-2-3-2-0-2-4-3-4-2	2-1-3-5-1-3-4-2-1-2-1-1	0-2-7-3-4-4-0-2-2-4-2-4	0-2-1-2-1-1-1-3-10-2-3-2
45	4	4-4-4-4-4-4-4-4-5-4-4-4	5-3-3-1-6-5-6-3-2-2-5-3	1-4-4-3-5-2-3-6-5-2-5-3	2-2-5-5-1-2-3-1-5-3-3-1	1-3-1-4-2-3-4-6-5-2-2-2	1-2-2-1-4-1-5-3-4-4-6-6	1-1-3-0-2-4-5-5-4-4-1-2	3-2-1-3-2-7-7-4-3-3-0-3	5-2-3-2-8-2-0-1-4-4-3-2	1-1-4-7-1-4-3-5-1-0-6-1	0-3-5-5-3-3-0-0-0-3-1-3	0-2-11-7-6-4-1-0-3-4-5-5
45	5	4-3-4-5-5-5-4-5-4-5-6-6	7-4-3-1-8-5-7-5-7-7-5-6	2-5-6-1-4-5-6-6-4-3-4-5	6-2-4-6-1-1-6-6-7-3-3-1	6-3-1-8-2-3-6-4-4-5-3-0	2-2-6-1-4-1-4-6-4-5-4-6	1-1-3-0-2-4-4-4-4-4-6-6	3-1-2-2-5-3-4-2-2-4-7-5	4-2-2-5-0-7-0-6-7-7-5-5	4-2-5-3-1-7-4-4-1-2-0-1	5-7-4-4-4-6-6-2-2-2-7-2	10-7-5-6-5-5-5-6-3-6-4-4
45	6	6-7-7-6-6-6-4-8-4-8-6-5	5-4-3-1-4-5-7-7-5-5-8-5	2-7-8-9-7-5-5-9-7-9-8-7	5-8-6-5-9-9-5-5-8-8-10-5	5-3-3-7-2-3-5-4-5-9-5-6	5-3-5-7-6-1-4-5-6-6-4-5	1-10-6-5-2-6-4-4-7-10-6-5	3-6-8-2-5-7-4-2-2-6-7-11	7-2-2-2-7-5-4-5-5-5-6-5	7-2-6-5-1-9-4-6-6-2-4-1	5-5-8-4-7-5-5-2-2-5-5-2	5-2-5-5-5-5-7-5-3-5-4-7
45	7	8-6-7-6-7-7-7-7-4-7-8-9	5-4-3-8-4-5-6-6-5-5-8-8	10-6-9-9-9-2-8-6-6-8-5-6	8-8-8-8-10-8-4-9-5-9-2-1	10-3-7-9-2-3-8-8-5-6-7-8	2-9-10-6-4-9-3-10-4-6-4-8	10-6-6-0-7-10-4-8-6-7-7-10	5-7-7-8-8-7-4-10-2-13-7-2	7-2-7-8-7-5-13-8-5-5-7-5	6-8-5-4-7-5-8-4-7-0-6-8	0-5-3-4-6-7-0-5-0-7-5-2	5-5-7-4-7-7-6-6-3-7-4-6
45	8	8-8-8-8-8-8-8-8-8-8-8-8	9-10-8-7-5-10-9-6-5-8-7-7	7-8-7-6-6-10-9-10-6-8-9-9	7-7-7-7-7-7-8-7-9-9-9-1	7-6-7-7-2-10-7-7-5-6-7-7	5-7-7-6-8-7-9-8-8-8-7-7	1-1-8-0-9-8-8-9-6-9-0-7	8-7-9-7-7-10-4-9-2-9-9-3	7-10-9-7-8-5-0-7-5-6-4-9	6-9-8-8-7-6-7-6-9-13-13-7	0-5-9-11-9-10-9-2-0-2-5-7	12-9-5-2-1-7-9-11-11-9-4-4
45	9	9-10-9-9-9-8-9-9-9-8-9-9	8-8-8-7-8-8-8-10-7-10-7-10	7-9-7-6-7-9-8-8-10-6-10-8	7-7-10-7-7-7-9-7-8-10-9-1	7-0-11-7-2-8-10-9-10-6-7-7	0-7-8-6-9-7-10-8-9-9-5-7	1-10-9-0-10-9-10-8-6-8-0-7	8-7-8-8-8-10-8-8-2-10-8-10	5-11-8-8-9-5-0-13-5-6-6-8	9-8-8-5-7-10-9-10-8-9-13-11	0-5-8-13-8-8-8-12-12-9-5-7	9-8-11-13-5-9-8-11-9-8-4-10
45	10	8-9-8-9-9-8-8-8-9-8-9-8	8-8-8-11-9-8-10-9-11-9-11-11	10-10-11-10-7-11-10-8-9-8-9-10	10-10-9-11-7-11-9-7-9-9-9-10	7-12-10-7-10-8-9-10-9-6-11-11	11-11-7-7-9-13-9-7-9-9-1-11	12-6-8-10-9-7-9-10-9-6-11-7	8-7-12-11-7-12-8-7-12-9-10-9	10-10-9-11-7-5-10-11-6-10-7-5	10-10-10-10-10-11-11-9-12-10-10-1	10-5-10-8-9-13-8-11-10-10-5-10	10-11-10-10-10-10-6-10-3-10-4-9
45	11	11-12-12-13-12-11-12-12-12-12-12-13	12-13-12-10-12-12-12-12-12-12-12-12	11-11-10-13-12-12-11-12-12-12-12-11	12-12-12-11-10-10-13-7-12-12-11-10	13-10-10-10-10-11-11-11-12-12-12-10	12-10-12-11-9-13-10-12-12-11-9-11	10-12-12-10-11-11-11-11-12-11-12-12	11-7-10-10-11-10-11-12-10-11-10-12	11-12-11-10-12-12-10-12-11-13-7-8	10-11-12-10-11-12-11-12-10-10-10-12	11-12-11-8-12-11-11-10-10-11-12-12	12-10-9-10-10-12-6-12-11-11-11-11
45	12	11-11-13-11-11-11-11-11-11-11-11-11	11-11-11-13-11-11-11-11-11-11-11-13	12-12-11-11-11-11-12-11-11-11-12-12	11-11-11-11-12-11-11-7-11-11-11-10	11-10-12-7-10-11-13-11-11-11-11-12	11-10-11-12-9-11-12-11-11-11-4-13	10-11-11-10-11-12-11-11-11-11-12-11	11-12-10-12-12-10-8-11-10-10-10-11	11-11-11-12-13-11-10-11-11-11-12-5	10-11-11-10-12-12-12-11-10-10-10-11	10-11-11-8-11-12-11-10-10-12-11-11	11-12-10-10-12-11-6-11-3-11-11-11
45	13	13-13-12-11-13-11-11-13-13-11-11-13	11-11-11-12-11-11-12-11-12-13-12-12	11-12-13-11-13-13-12-11-11-13-13-13	13-13-13-12-13-13-11-7-11-13-13-10	11-10-13-13-11-13-12-13-11-13-7-12	13-13-13-11-13-13-13-13-13-13-13-12	10-13-13-13-11-13-9-12-13-13-11-12	13-13-7-13-13-12-8-7-7-10-10-13	12-13-13-13-12-11-13-9-13-11-12-10	10-13-13-13-13-5-13-11-10-13-13-13	11-13-13-13-11-10-13-13-13-13-11-13	13-13-13-10-12-13-13-11-13-13-13-13
46	0	0-0-0-0-0-0-0-0-0-0-0-0	0-0-0-0-0-0-0-0-0-0-0-0	0-0-0-0-0-0-0-0-0-0-0-0	0-0-0-0-0-0-0-0-0-0-0-0	0-0-0-0-0-0-0-0-0-0-0-0	0-0-0-0-0-0-0-0-0-0-0-0	0-0-0-0-0-0-0-0-0-0-0-0	0-0-0-0-0-0-0-0-0-0-0-0	0-0-0-0-0-0-0-0-0-0-0-0	0-0-0-0-0-0-0-0-0-0-0-0	0-0-0-0-0-0-0-0-0-0-0-0	0-0-0-0-0-0-0-0-0-0-0-0
46	1	1-1-1-1-1-0-1-1-1-0-1-1	1-0-0-0-0-1-2-0-1-0-0-0	2-2-1-1-1-1-2-2-1-0-0-1	2-2-2-1-1-1-0-1-0-0-0-5	0-2-5-0-2-0-2-1-0-1-1-1	1-1-0-1-1-1-0-1-0-0-0-2	0-0-0-5-2-1-0-2-0-1-1-0	1-1-1-1-1-2-0-1-1-2-1-2	1-1-2-1-1-0-2-1-0-1-1-0	4-1-1-2-1-0-0-0-1-2-2-0	6-0-1-0-0-1-2-2-2-1-1-1	1-1-1-1-1-1-1-1-0-2-0-0
46	2	2-2-2-2-2-2-2-2-2-2-2-2	2-3-0-5-2-1-1-1-2-2-2-3	1-1-2-3-2-3-3-1-1-2-3-2	3-1-1-3-2-3-0-5-3-0-3-1	3-1-3-4-1-2-3-3-0-2-3-3	3-1-3-2-1-1-3-3-2-2-9-1	2-5-0-1-1-2-0-3-2-2-3-4	2-2-2-2-2-1-0-3-2-1-3-1	2-1-1-2-3-0-1-4-4-2-2-2	2-2-1-1-3-3-2-2-1-1-1-3	1-2-3-0-0-2-1-1-1-2-2-2	1-2-1-1-2-0-2-1-0-1-0-2
46	3	3-3-2-3-3-3-3-3-3-3-3-3	4-3-3-2-3-4-4-4-3-4-3-3	1-4-2-2-2-6-4-4-4-4-7-4	2-4-4-2-2-2-4-2-2-3-2-1	2-1-2-1-4-2-4-4-4-3-2-2	2-4-5-6-3-1-4-2-3-3-10-3	2-3-3-3-4-3-4-4-3-3-2-10	3-2-2-4-3-4-0-5-10-6-2-3	3-1-3-3-2-5-3-2-4-2-2-4	2-3-1-4-2-2-3-3-1-1-1-2	3-3-4-0-4-3-1-4-4-2-3-3	5-3-3-3-3-3-4-3-0-3-0-3
46	4	4-4-4-4-4-4-4-4-4-4-4-4	3-4-4-2-4-3-3-3-3-3-3-3	2-4-3-3-2-3-5-3-3-3-5-3	3-3-3-2-2-2-3-2-2-5-2-1	2-1-1-2-3-5-3-3-3-2-2-3	2-3-3-3-4-1-5-4-3-4-4-4	2-6-4-1-3-7-6-5-3-5-2-3	4-2-2-5-2-5-5-3-3-5-3-3	4-1-3-5-4-4-1-2-5-4-5-3	3-3-4-4-2-5-5-6-1-1-5-5	3-3-3-4-3-3-1-3-3-5-5-5	4-3-1-3-5-3-5-5-4-5-5-0
46	5	5-5-5-5-4-5-4-5-5-5-5-5	6-6-4-2-6-6-1-6-5-3-3-6	1-5-3-2-2-3-4-6-6-5-6-6	6-6-6-5-2-3-6-2-6-6-3-1	2-1-1-6-3-4-6-5-6-2-3-2	2-3-3-3-5-1-6-6-5-6-7-4	2-6-6-1-3-5-6-6-5-5-1-3	5-2-2-4-5-5-4-3-3-5-1-5	4-1-3-4-5-3-1-2-9-5-4-9	2-4-4-5-5-4-4-5-4-1-4-4	1-3-6-5-6-5-1-7-1-4-4-4	3-3-2-1-4-5-4-4-8-4-5-6
46	6	6-4-5-5-4-4-7-4-5-6-5-5	5-5-4-2-5-5-7-7-5-3-7-7	9-6-8-7-8-3-7-7-7-5-5-5	7-7-7-7-8-7-5-8-5-5-3-6	2-10-8-5-3-4-7-7-5-8-8-8	7-8-3-3-6-9-5-5-5-5-7-8	2-5-5-7-3-4-5-7-5-5-8-6	3-2-7-7-2-6-5-5-3-3-7-7	8-1-9-3-6-6-7-7-6-7-7-5	2-8-4-6-7-6-6-6-7-1-7-7	7-8-6-9-6-6-1-6-8-9-6-3	6-6-6-6-8-7-4-4-5-8-5-5
46	7	7-7-7-7-7-7-8-8-7-7-7-7	7-8-9-7-5-10-6-8-8-9-6-6	6-7-6-6-6-9-8-6-8-9-8-6	6-6-8-6-6-6-8-6-8-8-8-6	2-6-2-6-3-9-6-6-7-6-6-6	6-6-3-6-7-6-6-7-7-7-6-7	6-7-7-6-9-4-9-6-5-7-6-7	7-7-8-8-8-7-10-7-3-9-6-6	6-7-3-3-7-7-8-6-8-6-8-10	8-6-5-6-6-9-10-7-6-6-6-6	6-8-6-6-9-5-1-8-6-8-6-7	7-6-7-6-6-8-4-5-12-6-7-5
46	8	8-8-9-8-7-9-7-7-7-7-8-8	9-11-4-7-8-11-6-7-7-9-6-8	6-8-6-6-6-9-9-10-7-7-9-8	8-6-9-6-6-6-7-6-9-9-7-1	2-6-6-9-3-7-9-7-9-6-6-6	6-6-3-6-8-6-9-7-8-8-6-6	3-9-10-6-8-8-9-7-8-7-6-8	8-7-7-7-7-8-7-7-3-9-6-8	6-1-4-8-8-7-7-6-7-13-7-7	7-6-8-13-6-6-9-9-6-1-6-7	6-9-11-12-7-7-1-7-6-7-6-3	10-6-2-6-6-7-4-7-8-6-8-9
46	9	11-8-8-8-8-8-8-7-7-7-7-12	8-8-7-7-10-8-9-8-10-8-11-8	6-9-6-6-7-11-8-9-11-7-8-8	10-10-8-6-9-10-9-6-8-8-8-11	2-10-12-8-10-7-10-10-8-6-9-6	2-10-3-9-9-6-8-9-8-8-2-10	2-8-11-10-7-9-8-7-5-7-6-10	3-7-9-7-9-10-7-6-11-8-10-6	9-9-16-10-13-6-10-10-10-7-7-5	10-3-9-6-6-7-6-8-9-10-6-6	10-8-8-6-7-9-9-6-6-10-6-3	8-6-9-9-9-6-9-4-7-10-8-8
46	10	9-10-13-8-10-8-10-8-12-16-10-8	8-8-7-11-11-7-13-11-9-8-13-11	3-10-11-11-12-9-10-8-9-11-11-10	9-9-9-12-12-11-7-12-11-9-11-9	12-9-9-12-9-11-9-11-8-10-10-12	11-9-11-10-9-6-11-11-8-8-3-11	12-11-11-9-10-9-8-11-12-10-9-11	8-10-11-11-11-9-7-11-3-10-9-3	9-9-9-11-11-10-9-9-11-11-11-7	8-12-10-9-9-11-12-8-9-9-9-11	9-3-8-8-7-13-1-8-9-9-6-9	7-6-9-9-6-6-10-4-7-9-11-8
46	11	11-14-10-12-11-11-11-11-11-11-10-8	8-8-7-10-10-8-12-10-9-8-10-10	11-12-12-10-11-12-12-13-11-10-11-12	12-11-9-10-10-10-11-6-10-8-10-9	10-12-9-10-11-10-12-10-11-11-11-10	10-12-10-11-9-16-10-10-11-8-15-10	11-10-10-11-11-11-10-12-8-7-11-10	13-10-10-10-10-12-7-10-9-11-11-13	11-13-12-10-10-11-11-13-10-10-10-12	13-10-9-12-12-10-12-8-9-13-13-10	13-11-8-11-7-11-13-14-11-12-6-11	8-8-11-9-11-9-10-8-11-13-10-8
46	12	12-12-13-12-13-12-12-12-12-13-13-13	8-13-13-10-13-8-11-10-9-13-10-12	11-11-11-10-10-11-11-11-11-13-13-11	11-11-11-10-10-10-13-10-13-13-12-6	10-11-9-10-11-12-11-12-12-11-13-10	12-11-10-11-9-11-13-10-13-12-15-12	10-13-12-9-11-12-15-11-10-7-11-10	8-10-10-10-10-11-7-13-3-12-11-11	11-11-11-11-8-13-9-11-12-10-10-11	11-12-12-16-11-12-10-15-9-9-11-10	11-13-12-8-14-11-11-11-11-11-12-10	7-6-11-9-11-12-10-8-7-9-15-8
46	13	12-13-12-12-12-12-12-12-12-12-16-12	8-12-12-10-10-8-11-11-9-12-10-14	11-14-11-10-10-14-14-11-11-12-12-12	14-11-13-10-14-14-12-10-12-12-12-9	14-11-16-10-11-12-14-13-12-11-10-14	10-15-14-13-9-11-14-10-12-8-3-14	14-12-8-13-14-9-12-14-8-15-13-13	11-10-7-13-13-11-7-12-14-11-13-11	11-11-9-13-15-12-11-11-12-8-13-7	11-14-9-8-13-12-13-12-9-11-11-10	11-12-8-6-7-10-11-11-11-13-6-13	8-8-9-14-11-12-10-4-12-11-12-8
46	14	14-16-14-16-14-15-15-16-16-15-15-15	15-16-16-10-16-15-15-14-14-15-15-15	14-13-11-10-13-13-15-14-15-15-15-14	13-14-13-13-13-13-14-10-15-15-15-9	13-11-13-10-11-15-13-13-14-14-15-13	14-16-13-14-14-11-15-14-14-14-11-13	13-15-15-15-16-14-15-13-14-14-13-14	11-10-11-13-13-11-15-12-13-14-16-11	11-11-11-13-14-15-11-13-15-6-13-14	11-13-14-16-15-12-16-15-9-11-11-10	11-16-15-15-16-11-11-11-11-13-16-13	7-16-16-13-11-14-10-4-15-11-15-16
46	15	14-14-15-14-14-14-14-14-14-14-14-14	14-12-14-10-14-14-14-16-14-14-16-16	11-15-15-10-15-14-14-14-14-14-14-15	15-15-16-15-13-13-16-13-14-14-14-11	10-11-13-10-15-14-14-16-14-15-15-13	12-14-10-15-15-15-14-14-14-14-12-15	15-12-14-14-15-15-14-14-14-13-15-13	11-10-10-13-13-16-14-13-9-15-15-15	15-11-11-13-13-14-11-14-14-12-13-12	8-13-9-15-14-12-14-12-9-9-11-10	15-14-14-14-14-10-11-14-14-13-14-13	15-8-15-13-11-14-10-14-14-15-14-14
46	16	16-16-16-14-16-14-14-14-14-14-16-16	14-14-14-15-14-14-15-15-14-16-15-15	14-16-16-10-16-16-16-16-14-16-16-15	15-16-15-16-16-16-15-16-16-14-16-11	16-11-16-16-16-16-15-15-14-16-2-6	16-14-13-13-16-11-14-16-16-16-16-15	13-16-16-16-14-16-14-15-16-16-9-14	16-10-10-14-16-15-8-13-9-14-15-15	15-11-9-16-10-16-16-14-16-14-13-12	15-16-16-14-16-12-16-14-9-16-15-16	14-14-14-14-14-9-15-14-16-16-14-16	7-16-16-14-14-16-16-4-14-16-16-14
47	0	0-0-0-0-0-0-0-0-0-0-0-0	0-0-0-0-0-0-0-0-0-0-0-0	0-0-0-0-0-0-0-0-0-0-0-0	0-0-0-0-0-0-0-0-0-0-0-0	0-0-0-0-0-0-0-0-0-0-0-0	0-0-0-0-0-0-0-0-0-0-0-0	0-0-0-0-0-0-0-0-0-0-0-0	0-0-0-0-0-0-0-0-0-0-0-0	0-0-0-0-0-0-0-0-0-0-0-0	0-0-0-0-0-0-0-0-0-0-0-0	0-0-0-0-0-0-0-0-0-0-0-0	0-0-0-0-0-0-0-0-0-0-0-0
47	1	1-1-1-1-1-1-1-1-1-1-1-1	1-1-1-1-1-2-0-1-1-0-1-0	0-2-0-1-2-2-2-0-2-1-2-1	2-0-0-4-2-2-0-2-1-0-2-0	2-0-2-2-0-1-2-2-1-3-2-2	1-0-1-1-1-3-2-2-1-1-7-0	1-1-1-0-1-0-1-0-1-1-2-2	1-1-1-1-1-0-1-2-1-0-2-0	0-0-0-1-2-1-0-2-3-1-1-1	1-1-0-0-2-2-1-1-1-0-0-2	0-1-0-0-4-0-0-0-0-1-1-1	1-1-3-0-0-1-1-0-2-2-0-1
47	2	2-2-2-2-2-2-2-2-2-2-2-2	3-2-2-1-2-2-3-3-2-3-2-2	5-1-1-1-1-5-3-3-1-3-3-1	1-3-3-1-1-4-2-1-1-2-5-1	1-0-1-1-4-1-3-3-2-2-4-3	5-2-4-5-2-1-3-1-2-2-8-2	2-2-2-2-2-2-2-2-2-2-1-5	2-1-4-3-2-2-2-4-8-2-2-2	2-5-2-2-1-3-2-3-1-2-1-1	2-2-2-2-1-1-2-2-3-0-1-1	2-5-2-0-2-2-0-2-2-3-2-2	2-2-2-2-2-2-2-2-1-1-1-2
47	3	3-3-3-3-2-3-3-3-3-3-3-3	4-3-3-1-3-4-2-4-2-2-2-4	1-3-2-4-1-2-4-5-4-2-4-3	2-2-4-1-1-1-3-1-4-4-1-0	1-0-1-1-2-4-2-2-3-3-2-2	1-2-2-2-2-1-4-2-3-3-1-3	2-2-3-6-2-3-3-4-3-3-1-2	4-1-2-2-1-2-3-2-2-3-0-0	3-3-2-2-9-2-0-2-4-3-3-4	2-4-3-4-4-2-2-3-2-0-1-1	4-4-4-0-2-3-0-2-2-4-4-2	5-4-1-2-0-3-4-3-3-4-3-11
47	4	4-4-4-4-4-4-4-5-4-4-4-4	3-5-4-1-5-3-0-3-2-3-4-3	1-4-0-5-1-2-3-5-5-4-5-3	4-2-5-1-2-2-5-1-5-3-2-0	1-0-1-5-2-3-5-4-5-1-2-1	1-2-2-11-4-1-5-5-4-3-4-3	2-5-3-0-2-4-5-3-4-4-3-2	3-1-2-2-4-0-4-2-2-4-2-0	11-2-3-2-0-2-0-5-5-4-4-3	4-3-3-3-3-3-5-4-5-0-0-1	3-3-3-4-5-0-3-6-0-3-3-2	3-3-1-5-0-2-3-4-3-5-5-4
47	5	4-4-5-5-4-5-5-4-5-4-4-4	3-4-4-6-4-3-6-2-6-2-6-6	6-6-6-6-6-2-6-6-4-6-4-5	5-6-4-6-6-6-4-9-4-4-2-5	6-0-5-6-2-3-6-6-4-5-5-5	2-6-5-5-5-6-4-5-2-3-4-6	5-4-4-2-2-3-4-6-4-10-5-9	3-6-11-6-6-5-4-5-2-5-5-0	2-2-5-7-5-5-0-6-4-5-7-7	6-2-7-5-6-5-6-4-4-0-0-6	3-2-3-4-4-0-0-5-2-5-6-2	3-5-5-5-2-5-4-3-3-4-4-4
47	6	6-6-6-6-6-4-6-6-6-6-6-7	7-7-7-5-7-8-6-6-6-7-5-7	7-6-5-5-5-7-7-8-8-7-7-7	5-5-8-5-5-5-6-5-7-8-7-0	5-0-8-5-2-7-7-5-6-6-5-5	8-5-7-6-6-5-7-6-7-6-4-6	8-7-6-6-11-6-7-5-6-9-5-5	9-5-11-5-5-7-10-8-2-6-0-0	5-6-7-5-6-6-0-5-6-5-6-8	7-1-6-7-5-7-5-10-5-7-0-5	11-6-4-8-9-7-0-9-0-5-5-2	7-5-5-5-0-6-6-3-6-6-8-4
47	7	8-6-6-7-8-8-6-7-7-8-7-6	6-6-6-7-6-8-8-8-8-8-7-8	9-7-8-5-7-9-6-8-8-6-6-6	8-7-7-5-5-8-8-5-6-6-6-7	7-9-7-7-8-6-8-8-7-7-7-7	8-7-6-7-6-9-6-6-6-6-1-7	7-6-7-8-7-7-6-8-6-6-8-7	2-6-9-8-7-8-6-6-2-7-7-8	8-8-8-5-1-7-7-8-9-7-5-5	9-8-5-6-8-6-6-6-7-8-8-1	8-7-6-9-7-8-8-10-9-5-5-2	6-2-7-7-8-6-7-8-6-8-6-3
47	8	7-8-8-8-6-7-8-8-7-7-8-6	7-6-6-8-6-6-7-9-7-7-9-7	7-9-7-9-9-2-7-7-7-10-9-8	7-7-6-9-9-9-7-5-9-6-9-7	10-7-9-7-7-8-9-9-6-6-7-5	10-7-5-8-6-9-9-8-8-8-10-9	6-10-8-7-9-3-8-7-6-5-7-9	7-10-7-9-10-7-6-6-2-7-7-7	7-7-7-10-10-7-7-7-6-5-10-6	7-7-5-6-7-10-6-6-9-7-7-10	7-2-4-7-6-7-7-7-7-10-5-2	6-5-7-7-7-6-10-7-6-7-6-4
47	9	9-10-11-9-10-9-9-9-10-9-9-10	11-10-10-8-6-9-7-10-10-10-8-7	7-8-8-8-8-8-10-8-7-8-10-8	8-7-9-8-8-8-7-5-10-10-10-7	9-7-7-8-7-10-8-8-10-9-9-7	8-7-9-9-6-8-10-9-9-9-7-9	7-8-6-0-8-3-11-10-6-6-7-5	6-8-7-8-8-7-6-6-2-6-7-7	7-7-10-8-6-7-10-7-10-6-8-9	7-7-6-11-8-9-10-4-8-7-7-8	7-10-11-7-11-10-7-7-7-11-5-2	6-5-7-5-7-6-8-7-6-7-6-11
47	10	10-11-11-9-9-11-6-9-9-10-10-9	11-9-9-8-6-9-10-9-9-9-8-11	10-8-8-8-10-10-9-11-10-8-9-9	11-10-11-8-8-10-11-5-9-9-9-10	8-11-10-10-10-9-11-8-9-10-10-7	8-10-6-10-10-8-9-9-6-6-8-10	10-8-9-10-10-10-6-11-6-5-7-8	10-8-7-8-8-11-6-8-8-10-10-10	10-10-9-8-8-7-10-7-9-10-8-5	10-7-5-10-9-8-9-6-10-10-7-8	7-9-8-9-10-9-7-7-10-9-8-2	6-9-10-10-10-9-8-7-6-10-6-9
47	11	11-11-11-11-11-11-11-11-11-11-11-11	9-6-11-8-11-9-7-8-10-11-10-10	10-10-11-8-11-11-11-11-10-11-10-11	10-11-11-11-11-11-10-11-11-11-11-10	11-10-11-11-10-11-10-11-9-11-5-5	11-11-11-11-11-10-9-11-11-11-11-11	10-11-11-11-8-11-9-7-11-11-10-11	11-11-5-11-11-10-5-8-8-5-10-10	4-10-11-11-8-11-11-7-11-11-8-4	10-11-11-11-11-5-11-6-11-11-7-11	7-11-3-7-9-11-7-11-11-11-11-11	6-11-11-10-10-11-11-10-11-11-6-3
48	0	0-0-0-0-0-0-0-0-0-0-0-0	0-0-0-0-0-0-0-0-0-0-0-0	0-0-0-0-0-0-0-0-0-0-0-0	0-0-0-0-0-0-0-0-0-0-0-0	0-0-0-0-0-0-0-0-0-0-0-0	0-0-0-0-0-0-0-0-0-0-0-0	0-0-0-0-0-0-0-0-0-0-0-0	0-0-0-0-0-0-0-0-0-0-0-0	0-0-0-0-0-0-0-0-0-0-0-0	0-0-0-0-0-0-0-0-0-0-0-0	0-0-0-0-0-0-0-0-0-0-0-0	0-0-0-0-0-0-0-0-0-0-0-0
48	1	1-1-1-1-1-1-1-1-1-1-1-1	2-2-1-0-2-2-0-1-1-2-2-2	1-1-0-2-1-2-0-2-2-2-1-1	2-2-2-2-1-0-2-1-1-2-1-0	1-0-1-1-1-1-2-1-1-2-2-0	2-1-2-1-2-0-1-1-1-1-1-1	1-1-2-2-2-1-1-2-1-3-1-1	2-1-4-1-1-3-3-1-1-1-1-7	1-2-2-1-1-3-2-1-2-3-1-3	2-2-1-3-2-1-2-0-2-2-2-1	2-3-2-0-1-1-0-0-0-2-3-1	2-1-1-1-1-4-1-2-2-1-2-3
48	2	2-1-1-1-1-1-1-1-1-1-1-3	1-1-1-3-1-1-3-4-1-1-3-1	2-2-3-3-4-1-3-3-1-2-3-3	3-1-1-3-3-3-1-5-2-1-3-4	4-0-4-2-3-2-3-2-1-1-1-2	3-3-3-1-1-0-3-1-1-1-3-1	2-4-1-1-1-2-1-3-1-1-3-4	1-2-3-3-2-1-1-3-2-1-3-1	1-1-1-2-10-1-3-3-1-2-3-1	1-5-1-1-3-3-5-3-7-1-1-3	1-1-1-0-3-3-0-1-0-1-1-2	1-2-5-1-1-1-5-1-3-1-3-1
48	3	1-1-2-2-2-1-1-2-2-1-2-2	1-1-1-2-1-1-2-4-3-4-2-2	4-4-2-2-2-4-2-2-1-4-2-2	2-4-4-2-2-2-1-2-3-3-2-2	2-0-2-2-4-3-4-4-3-3-1-2	4-4-5-3-3-0-4-4-3-3-7-3	2-3-1-3-4-3-1-2-3-1-2-3	3-2-2-4-3-1-1-4-4-3-2-1	3-5-3-4-3-1-2-4-1-1-2-1	1-3-3-1-2-2-3-2-4-1-3-2	3-1-1-0-3-3-0-3-3-4-1-3	3-3-2-3-3-1-4-1-2-3-2-1
48	4	3-4-4-4-4-5-4-4-4-5-4-4	1-6-5-2-1-1-2-5-3-5-2-5	2-3-2-2-2-3-5-3-2-3-5-4	3-3-3-2-2-2-5-2-5-4-3-2	2-0-2-2-3-5-5-3-3-3-1-2	3-3-3-0-3-0-5-3-3-4-2-4	2-2-4-3-3-4-4-5-4-1-2-2	1-2-1-5-5-1-10-3-3-4-3-1	3-1-3-3-3-1-1-3-5-2-2-1	1-3-4-5-3-5-2-0-3-1-3-3	5-1-5-4-6-2-0-0-3-5-5-3	1-3-2-3-1-1-3-1-1-5-5-1
48	5	5-5-4-5-5-4-5-5-5-4-5-5	1-6-5-2-5-5-7-4-3-4-2-4	2-5-2-2-2-4-4-3-2-3-4-5	3-3-5-2-2-3-4-2-5-7-6-2	2-0-2-2-3-4-4-5-3-5-1-2	3-3-3-3-5-0-4-6-3-5-6-4	3-2-1-3-3-5-5-4-1-5-3-5	1-2-3-4-4-0-4-3-3-2-3-1	3-3-3-3-5-3-4-3-4-5-2-8	6-4-5-4-5-4-2-7-5-0-3-2	3-10-1-5-3-6-0-6-3-4-4-5	5-4-2-4-6-1-2-7-1-4-9-1
48	6	7-7-7-7-7-7-7-7-8-7-8-7	7-5-8-7-7-7-7-6-7-7-7-7	6-7-7-6-6-7-7-6-7-7-7-6	7-6-7-7-7-7-6-7-6-6-5-6	6-8-8-7-5-7-7-7-6-6-7-7	6-7-7-10-6-8-7-7-7-6-5-8	8-8-6-7-10-9-8-6-8-9-7-7	5-7-6-7-7-7-6-7-3-7-7-6	6-3-7-3-7-6-7-6-8-7-6-10	6-7-7-7-7-8-8-6-7-6-7-6	6-5-9-7-8-7-6-6-7-6-8-3	7-8-6-7-7-8-2-6-7-7-7-7
48	7	6-6-6-6-6-6-6-6-6-6-6-6	6-9-6-6-6-6-6-6-6-6-6-6	6-6-6-6-6-6-6-6-6-8-6-6	6-8-6-6-6-6-6-6-8-6-8-6	6-0-2-6-3-7-6-6-7-6-6-6	3-6-6-6-7-6-9-7-6-7-3-6	3-6-6-6-6-6-8-6-8-6-6-6	1-6-6-6-6-6-7-6-3-6-6-1	6-7-6-3-7-6-6-6-3-6-6-7	1-3-6-6-6-6-6-6-6-0-6-6	6-8-6-9-6-6-0-0-6-3-6-3	6-6-2-6-6-6-2-8-6-9-6-6
48	8	6-6-6-6-6-6-6-6-6-10-6-6	6-5-6-6-6-6-6-8-8-6-9-9	8-9-9-9-7-9-8-9-9-7-6-8	9-9-9-9-6-8-10-6-7-8-7-10	6-10-6-8-9-7-9-9-7-8-9-8	8-6-6-8-8-9-7-9-6-7-6-9	6-6-8-9-9-6-9-9-6-10-6-9	1-6-6-6-6-6-9-6-3-9-9-9	1-9-6-3-9-6-8-8-9-6-8-5	8-9-9-8-6-6-6-6-10-9-9-6	8-5-8-9-9-8-9-10-9-8-6-3	8-6-8-6-8-9-1-10-8-8-8-10
48	9	6-6-6-6-6-6-6-6-6-6-6-6	6-7-6-6-6-6-8-8-8-6-8-8	9-8-8-8-9-8-8-8-8-8-8-8	8-8-8-8-9-8-6-2-7-7-8-9	9-8-9-7-8-9-8-8-7-6-8-8	8-8-9-8-7-8-7-9-6-1-3-8	10-6-8-8-8-6-8-8-1-6-10-8	1-9-6-9-9-8-8-6-3-8-8-8	1-8-9-3-8-6-6-8-8-8-9-7	9-9-8-8-8-10-8-6-8-8-8-9	9-7-6-8-8-6-8-9-8-9-1-3	8-4-8-6-8-8-9-8-8-7-8-8
48	10	10-10-10-6-10-6-6-10-6-8-10-10	6-8-6-8-6-6-8-9-8-10-8-8	8-10-10-6-10-9-10-8-8-10-10-10	9-10-8-8-10-10-8-10-10-10-10-8	9-8-10-10-10-10-9-10-7-10-6-8	10-10-10-6-10-8-10-10-10-10-10-10	9-10-10-10-6-10-7-9-10-10-9-6	10-9-6-10-10-6-4-3-3-6-6-8	3-10-10-10-9-10-10-6-10-6-9-6	6-10-10-10-10-9-10-8-8-10-8-10	8-10-10-7-8-10-8-8-10-10-10-10	8-10-10-6-8-10-10-8-10-10-10-8
49	0	0-0-0-0-0-0-0-0-0-0-0-0	0-0-0-0-0-0-0-0-0-0-0-0	0-0-0-0-0-0-0-0-0-0-0-0	0-0-0-0-0-0-0-0-0-0-0-0	0-0-0-0-0-0-0-0-0-0-0-0	0-0-0-0-0-0-0-0-0-0-0-0	0-0-0-0-0-0-0-0-0-0-0-0	0-0-0-0-0-0-0-0-0-0-0-0	0-0-0-0-0-0-0-0-0-0-0-0	0-0-0-0-0-0-0-0-0-0-0-0	0-0-0-0-0-0-0-0-0-0-0-0	0-0-0-0-0-0-0-0-0-0-0-0
49	1	1-1-1-1-1-1-1-1-1-1-1-1	0-0-1-0-0-1-1-0-2-1-0-0	2-1-2-1-0-4-2-1-0-0-2-0	2-1-2-0-2-2-1-3-0-0-1-1	0-1-1-0-4-0-2-2-0-1-0-2	2-2-0-1-1-2-2-1-0-0-10-1	2-0-0-1-1-1-0-0-0-1-2-0	1-1-2-3-1-3-0-3-3-1-1-1	1-1-2-2-1-3-1-2-0-1-1-0	2-1-1-2-0-2-0-0-2-1-1-0	1-0-0-2-0-1-1-1-2-1-0-1	1-1-1-1-1-1-3-1-1-1-1-0
49	2	2-2-2-2-2-2-2-2-2-2-2-2	3-3-2-0-2-2-1-3-1-2-0-3	1-1-1-3-0-1-3-3-1-3-3-3	1-1-1-0-1-1-4-0-3-0-3-1	0-1-1-0-1-3-3-1-3-1-0-1	1-1-0-5-2-1-3-1-2-0-2-2	1-2-3-1-2-2-3-0-0-2-1-2	2-2-3-1-2-1-5-2-1-1-2-2	2-1-1-1-2-1-1-1-2-1-2-0	1-1-2-1-7-4-1-5-1-1-1-2	1-2-3-1-0-1-1-1-1-1-0-0	4-1-1-1-1-2-1-4-4-2-4-3
49	3	2-2-3-3-3-3-2-2-2-3-2-2	2-2-2-4-4-2-3-2-4-2-3-2	3-3-4-3-3-1-3-4-6-2-2-2	4-3-4-4-1-1-2-1-2-0-2-1	0-9-1-0-1-2-4-4-2-3-1-4	13-1-0-3-3-14-2-1-2-0-12-3	1-2-4-9-3-3-2-3-0-5-9-4	6-2-9-1-2-1-2-1-1-5-4-4	3-1-3-3-6-1-3-4-2-1-3-0	6-2-3-4-0-3-0-0-1-4-6-2	6-2-2-5-0-3-9-7-4-3-0-3	5-1-7-4-7-3-1-3-2-5-2-2
49	4	4-4-5-2-4-2-3-4-4-2-4-5	2-2-2-4-3-4-3-5-4-4-5-5	6-5-5-5-5-5-5-5-5-4-5-5	5-3-3-5-5-5-2-5-4-0-5-4	5-3-9-5-5-5-3-5-2-3-5-5	5-5-5-4-4-6-4-5-2-0-3-3	9-4-4-1-4-3-2-3-0-4-5-3	4-4-5-4-4-1-2-4-4-1-3-3	3-1-3-4-5-1-1-3-2-6-5-2	5-4-3-3-5-5-7-4-4-3-3-5	3-4-3-3-0-3-3-3-3-5-4-4	7-4-4-3-3-2-4-2-2-3-2-2
49	5	5-5-4-5-5-5-5-5-5-5-5-5	6-2-2-4-5-6-3-6-5-6-4-4	4-4-4-4-4-6-4-4-4-6-4-4	7-6-6-6-4-4-5-4-5-5-6-4	4-3-4-4-7-4-6-6-5-5-6-4	6-6-7-6-5-4-6-4-5-5-8-5	4-5-5-5-6-3-2-5-5-5-4-6	5-4-6-6-4-1-2-6-9-3-5-3	5-1-5-5-11-7-1-6-2-4-4-6	4-5-3-6-4-6-7-2-3-6-3-4	5-5-2-3-0-5-3-5-5-6-6-5	6-5-3-5-5-5-4-3-2-3-2-2
49	6	6-7-6-6-6-6-6-6-6-6-6-6	5-11-6-4-5-7-3-7-5-7-4-7	4-5-4-5-4-5-7-4-3-5-7-6	5-5-5-5-4-4-7-4-7-6-5-4	4-3-4-4-5-7-5-5-5-0-5-4	5-5-5-5-5-4-7-6-6-8-3-6	4-4-6-3-5-6-6-7-6-6-4-5	6-4-5-7-4-1-14-5-5-6-3-3	6-1-5-5-3-5-3-5-7-4-4-5	3-5-6-7-4-5-4-6-5-3-3-4	3-5-7-6-8-3-3-3-3-7-5-5	5-5-3-5-3-2-5-3-2-7-2-11
49	7	7-7-6-7-5-7-7-7-7-7-7-6	7-8-7-4-7-7-3-6-5-6-4-6	4-8-4-4-4-6-6-5-4-5-6-7	5-5-10-4-4-4-6-4-7-9-8-4	4-3-4-9-5-6-6-7-5-7-8-4	4-5-5-5-7-4-6-8-5-7-8-6	5-4-6-1-5-3-7-6-8-7-4-7	6-4-6-6-6-3-6-5-5-7-3-3	7-1-5-5-7-5-3-8-6-7-4-7	7-6-7-6-7-13-4-11-4-3-3-4	3-14-6-7-8-3-3-3-3-6-6-6	4-5-3-5-3-2-4-7-6-6-11-11
49	8	9-9-9-9-9-11-9-9-9-9-9-9	10-7-9-9-9-9-9-8-9-9-9-9	8-9-9-8-8-9-9-8-9-9-9-8	9-8-10-8-10-9-8-10-8-8-7-8	8-3-8-13-7-6-9-9-7-8-8-8	8-9-9-9-8-11-9-10-9-13-7-10	8-8-8-9-8-10-13-8-6-8-11-9	9-9-11-9-9-14-9-9-8-12-11-8	8-13-8-8-13-8-14-14-10-14-10-14	8-12-12-6-9-9-9-9-9-13-11-8	8-7-10-9-9-11-8-9-13-14-8-8	12-8-8-9-7-9-8-9-12-9-9-8
49	9	8-8-8-8-8-8-8-8-8-8-8-8	8-11-8-8-8-8-8-8-8-8-8-8	4-8-8-8-8-8-8-8-8-8-10-8	8-10-8-8-8-8-8-4-10-10-11-4	4-3-4-7-5-10-10-8-9-8-8-8	8-8-8-8-9-8-8-8-8-7-8-8	4-9-8-3-11-8-11-8-6-8-3-8	8-8-3-8-4-3-11-5-5-11-8-3	8-1-10-5-8-8-1-8-9-8-8-8	8-9-8-10-8-8-8-8-8-3-8-11	3-7-8-8-8-8-3-8-3-8-8-5	8-5-5-8-3-8-4-8-8-8-8-8
49	10	8-8-8-8-8-8-8-8-8-8-8-8	8-7-8-8-8-8-8-8-8-8-8-8	11-8-8-8-11-8-11-8-8-11-9-11	10-11-11-11-8-8-8-4-11-11-9-4	4-3-4-11-11-9-11-9-11-8-12-8	11-8-9-8-10-8-11-8-8-13-1-8	1-8-8-1-9-8-7-11-10-8-8-8	3-8-8-8-5-14-9-5-5-11-8-12	8-1-9-5-8-8-1-11-8-8-8-11	9-5-8-11-11-8-9-8-8-3-8-9	3-7-8-10-10-3-3-3-3-10-10-5	8-10-3-8-3-8-4-8-9-6-7-10
49	11	8-8-8-8-8-8-8-8-8-8-8-8	8-9-8-8-8-8-8-8-8-8-8-9	13-12-12-8-10-12-10-8-8-10-10-10	12-10-10-10-12-12-8-4-10-10-9-11	4-13-12-10-10-9-12-12-10-11-10-12	12-12-8-11-11-8-10-8-8-5-2-11	12-9-8-12-9-11-9-10-5-11-8-8	3-9-13-12-7-12-9-5-11-10-8-10	11-1-13-5-5-12-12-13-9-8-11-10	12-11-11-10-10-8-8-7-11-11-12-9	12-7-13-10-10-8-13-11-12-11-10-11	11-10-11-11-11-13-11-13-9-6-7-7
49	12	8-8-8-8-8-8-8-12-8-8-8-8	8-13-8-8-8-8-8-8-8-8-8-13	14-11-11-8-13-11-13-13-8-13-13-13	11-10-11-10-11-11-8-8-13-10-13-11	13-3-11-10-13-12-11-11-13-11-13-11	11-11-8-8-12-4-13-12-12-12-3-12	11-8-10-11-14-12-14-13-10-8-11-8	8-12-3-11-8-11-8-5-11-8-11-10	11-1-11-11-12-8-11-10-11-12-8-11	11-11-8-13-8-8-8-12-11-11-11-8	11-7-12-10-14-13-3-11-11-11-10-11	8-10-3-11-11-12-13-8-8-12-14-14
49	13	8-8-14-8-8-8-8-8-8-8-8-12	8-12-8-8-8-8-8-14-8-8-8-14	11-13-11-8-12-14-12-14-14-12-12-12	14-12-14-14-11-11-8-11-12-11-12-11	12-11-11-11-9-12-14-14-12-11-12-11	11-11-12-11-12-3-12-13-12-8-8-14	13-8-8-11-11-8-8-12-5-8-11-14	12-11-11-11-12-8-8-12-11-8-11-8	14-13-11-12-8-8-11-11-11-8-11-8	11-11-8-12-8-7-8-12-11-8-12-8	11-5-13-8-8-12-8-11-12-13-10-11	8-13-13-11-14-11-12-13-8-13-8-12
49	14	14-14-13-14-14-8-8-14-8-8-14-14	8-12-14-13-8-8-8-13-13-14-8-13	12-14-14-13-14-14-13-14-13-14-14-13	13-14-13-13-14-14-12-14-12-14-14-11	14-11-11-14-14-14-13-13-12-14-8-13	14-14-14-14-14-3-12-14-14-14-14-13	11-14-14-14-8-14-12-8-14-14-8-13	14-14-8-13-14-14-6-5-11-8-8-14	13-14-14-14-4-14-14-8-14-8-14-8	11-14-14-14-14-8-14-8-11-14-8-14	13-7-12-6-12-11-14-14-14-14-14-14	8-14-14-11-13-14-14-12-14-14-12-14
50	0	0-0-0-0-0-0-0-0-0-0-0-0	0-0-0-0-0-0-0-0-0-0-0-0	0-0-0-0-0-0-0-0-0-0-0-0	0-0-0-0-0-0-0-0-0-0-0-0	0-0-0-0-0-0-0-0-0-0-0-0	0-0-0-0-0-0-0-0-0-0-0-0	0-0-0-0-0-0-0-0-0-0-0-0	0-0-0-0-0-0-0-0-0-0-0-0	0-0-0-0-0-0-0-0-0-0-0-0	0-0-0-0-0-0-0-0-0-0-0-0	0-0-0-0-0-0-0-0-0-0-0-0	0-0-0-0-0-0-0-0-0-0-0-0
50	1	0-1-0-1-1-1-1-1-0-0-0-0	0-0-0-0-0-1-2-0-1-0-0-1	2-2-0-0-1-2-1-0-0-0-0-1	2-0-2-0-1-0-2-1-0-0-0-0	0-0-0-0-2-0-2-0-2-2-1-0	0-1-0-1-0-0-0-1-0-1-0-2	0-0-0-1-0-1-0-0-0-0-0-0	1-0-0-1-1-2-0-0-1-1-0-0	2-7-2-0-0-1-1-0-0-1-1-1	1-0-1-1-1-0-0-0-4-3-1-0	0-1-0-0-0-1-3-0-0-0-1-1	3-1-1-1-1-0-1-0-0-1-0-0
50	2	2-2-3-2-2-2-2-2-2-1-2-0	2-2-3-2-1-2-1-3-1-2-3-3	1-3-3-3-3-1-3-3-2-2-3-3	3-3-1-3-3-3-1-5-2-0-3-4	3-0-6-4-1-2-3-3-1-1-2-3	3-1-2-6-2-4-2-3-2-2-0-1	2-2-2-1-2-1-2-3-2-2-3-2	2-2-3-2-2-1-2-2-2-0-3-0	1-1-1-2-3-0-1-3-2-4-3-2	3-4-1-0-3-3-2-0-2-1-0-3	0-2-0-0-0-4-0-0-0-2-2-2	0-2-1-1-3-0-2-0-3-0-0-2
50	3	3-3-2-3-3-3-3-3-3-3-3-3	4-3-2-2-3-4-4-3-3-4-2-2	1-4-2-2-2-8-2-4-2-5-4-2	5-4-4-4-2-2-3-2-3-3-2-2	2-3-2-2-4-2-4-2-3-3-5-2	2-4-5-4-3-2-4-2-3-3-8-3	2-3-4-3-4-3-3-4-3-4-2-6	3-2-6-4-2-3-3-7-6-3-3-0	3-1-3-3-2-5-1-4-0-3-2-4	2-3-1-0-2-2-4-3-7-1-3-2	3-3-3-0-3-3-1-3-6-4-2-3	1-3-1-4-2-3-2-3-2-4-0-2
50	4	4-4-4-4-4-4-4-4-4-4-4-4	3-4-4-2-3-4-3-5-3-3-2-5	1-3-3-5-2-3-5-6-5-6-5-5	3-3-3-3-2-2-5-2-4-5-5-2	2-6-2-2-3-6-3-3-3-7-6-2	3-3-3-3-3-2-5-5-3-4-7-4	2-2-5-4-3-6-3-5-4-3-3-3	5-2-3-3-2-4-4-3-5-4-3-0	4-1-3-3-4-3-0-3-5-4-5-3	3-3-4-6-3-2-5-0-1-3-0-2	0-3-8-4-5-2-0-4-3-5-3-5	6-3-1-3-0-4-2-4-8-3-4-7
50	5	6-5-5-5-5-5-5-5-6-5-5-5	6-6-4-2-7-6-1-7-3-3-6-4	1-5-8-4-6-3-4-7-6-3-6-4	3-4-6-6-2-2-5-2-5-4-4-2	2-0-2-11-3-4-5-7-6-3-3-2	2-3-3-2-5-2-6-4-5-5-6-3	2-2-4-1-3-5-6-6-5-5-0-3	4-2-2-4-2-0-8-3-4-4-3-0	6-1-4-3-9-3-0-12-5-9-4-3	6-4-5-8-2-5-4-6-2-1-1-2	3-3-6-6-4-10-0-4-0-4-2-4	3-3-1-3-2-5-2-0-4-4-6-6
50	6	5-4-5-6-6-7-5-8-5-6-7-5	7-5-4-2-8-5-9-5-7-8-6-7	3-6-7-7-5-7-7-4-5-4-5-6	7-7-5-7-7-2-7-2-8-4-4-2	7-4-2-7-3-4-7-5-5-6-4-2	3-3-3-2-5-2-5-6-5-6-5-3	2-2-4-1-3-4-5-5-5-5-2-3	4-2-3-7-7-1-5-3-3-8-7-0	5-1-3-3-3-8-1-7-8-8-7-6	5-3-6-4-8-12-5-5-2-1-1-2	6-7-5-5-5-7-0-3-3-3-8-3	6-8-6-3-6-6-6-7-4-7-5-5
50	7	7-8-8-8-7-7-5-9-5-8-8-6	9-9-4-6-5-6-9-8-6-6-8-6	1-8-9-9-8-6-8-9-8-9-8-8	6-9-7-6-9-9-6-6-9-9-9-6	6-4-4-8-3-4-6-5-8-9-6-7	7-4-8-8-5-2-5-6-7-7-5-6	2-8-7-1-3-7-5-5-7-7-7-3	4-7-3-6-6-0-5-3-3-7-8-0	3-1-3-3-3-6-1-6-6-6-7-6	8-3-7-6-8-6-5-7-7-1-3-7	6-6-5-5-12-6-1-3-3-6-6-3	6-3-6-6-6-6-8-6-4-6-5-5
50	8	8-7-7-7-8-7-8-6-8-7-7-5	7-4-4-8-6-6-7-7-6-3-7-6	9-7-10-7-7-3-7-7-7-7-7-7	9-3-9-7-10-8-6-11-6-5-4-8	9-4-12-7-3-4-9-9-6-7-9-8	3-9-9-7-5-12-9-4-5-3-3-9	2-7-7-0-9-8-5-9-7-8-9-8	6-8-8-9-6-8-5-8-3-7-8-0	3-1-3-9-8-6-1-9-6-6-8-6	7-9-11-5-9-6-5-5-8-1-8-8	3-6-5-5-7-8-0-8-0-8-6-3	6-6-8-8-8-6-7-0-4-8-5-5
50	9	9-9-9-9-9-9-9-9-9-9-9-9	7-11-11-8-6-6-7-7-9-10-7-10	8-9-7-7-10-10-7-7-11-7-8-7	10-7-8-7-7-7-11-8-7-11-10-1	8-0-8-8-10-10-8-8-10-7-8-8	8-8-8-7-11-8-11-9-9-9-8-8	2-9-9-0-12-9-12-8-7-8-8-8	9-8-10-8-9-10-11-9-3-9-8-0	8-1-7-8-9-6-0-8-6-5-9-8	7-8-9-9-8-7-9-5-8-12-10-10	10-6-5-9-10-10-0-8-10-3-6-8	9-8-6-10-10-8-7-0-9-10-11-5
50	10	10-10-10-10-11-11-10-10-10-12-11-12	12-9-11-11-12-12-11-10-11-11-11-11	10-10-11-11-9-11-10-10-10-9-11-10	11-11-11-11-8-10-12-8-9-10-9-12	8-12-8-8-12-9-11-10-9-10-10-10	10-8-9-10-9-12-9-9-9-7-10-10	10-10-10-12-11-10-5-11-5-10-10-10	10-8-9-9-9-11-9-8-10-9-11-11	10-11-10-8-2-10-10-11-6-11-8-6	10-10-8-11-10-5-9-10-10-11-11-9	10-6-10-11-10-10-11-10-9-10-6-8	12-6-10-9-10-11-7-11-10-9-9-10
50	11	10-10-10-10-10-10-10-10-10-10-10-10	10-9-10-10-10-10-10-10-10-10-10-10	11-10-10-10-11-12-11-10-10-7-10-11	10-10-10-10-7-11-10-8-9-11-11-11	8-10-11-5-11-11-10-11-9-11-8-8	11-11-9-11-9-11-9-9-9-3-3-9	12-9-10-11-10-8-5-10-5-10-11-11	10-8-8-11-11-10-9-8-3-9-10-10	11-10-6-3-8-6-11-9-6-11-11-6	11-11-8-10-11-6-11-10-11-10-11-11	11-3-11-10-7-11-10-10-11-11-6-3	11-11-11-11-11-11-7-10-4-11-9-11
50	12	12-12-12-12-12-12-10-12-12-10-12-12	10-10-12-10-12-10-10-10-10-12-10-10	10-11-12-10-12-11-12-12-10-12-12-12	11-12-11-12-12-12-10-8-12-12-12-11	12-10-8-12-12-12-11-12-12-12-8-8	12-12-12-12-12-10-12-12-12-12-12-12	11-12-12-12-9-12-6-11-12-12-11-12	12-8-8-12-12-10-12-8-8-12-10-10	8-12-12-12-2-6-12-5-12-10-11-6	11-12-12-12-12-6-12-10-12-12-12-12	10-12-12-10-7-11-10-10-12-10-6-12	11-12-12-11-10-12-12-10-12-12-12-12
51	0	0-0-0-0-0-0-0-0-0-0-0-0	0-0-0-0-0-0-0-0-0-0-0-0	0-0-0-0-0-0-0-0-0-0-0-0	0-0-0-0-0-0-0-0-0-0-0-0	0-0-0-0-0-0-0-0-0-0-0-0	0-0-0-0-0-0-0-0-0-0-0-0	0-0-0-0-0-0-0-0-0-0-0-0	0-0-0-0-0-0-0-0-0-0-0-0	0-0-0-0-0-0-0-0-0-0-0-0	0-0-0-0-0-0-0-0-0-0-0-0	0-0-0-0-0-0-0-0-0-0-0-0	0-0-0-0-0-0-0-0-0-0-0-0
51	1	1-1-1-1-1-1-1-1-1-1-1-1	1-1-2-2-1-1-2-1-1-1-1-1	1-2-2-2-2-2-2-2-0-1-1-1	2-0-2-1-2-2-0-2-1-0-2-0	2-0-2-3-0-1-2-2-1-0-3-2	2-2-2-0-2-4-2-2-1-1-0-2	2-1-1-0-0-1-1-2-1-1-2-3	0-2-2-2-2-2-1-1-1-0-2-0	0-0-0-1-2-2-0-2-2-1-2-1	2-1-1-2-2-2-1-1-1-0-0-2	0-1-2-3-2-0-0-0-0-1-1-1	3-1-1-1-0-1-1-0-2-1-2-1
51	2	1-2-1-1-2-2-2-2-1-2-2-1	2-2-1-1-2-1-1-2-2-2-1-1	0-3-1-1-1-5-3-1-4-3-2-3	1-3-1-1-1-1-3-1-1-2-3-0	1-0-1-1-3-1-3-1-2-2-1-1	3-3-4-3-2-1-3-1-2-2-2-1	1-1-2-2-3-1-2-3-2-1-1-3	2-1-2-3-1-1-1-3-3-2-1-0	2-0-2-2-1-3-2-3-1-1-1-5	3-3-2-1-1-1-1-1-3-0-1-1	2-2-1-0-4-2-0-3-2-3-3-2	2-2-1-3-2-2-2-2-1-1-1-1
51	3	3-3-3-3-3-3-3-3-3-3-1-3	3-3-3-1-3-3-1-3-3-2-1-3	0-2-2-3-1-2-4-3-3-2-4-4	2-2-4-2-1-2-3-1-3-3-2-0	1-0-1-1-2-4-2-4-2-2-10-1	2-2-2-2-3-1-4-1-3-3-3-3	1-1-3-2-2-3-2-2-3-2-1-2	3-1-4-4-1-1-3-2-2-3-2-0	3-0-2-2-3-2-1-2-3-8-4-1	2-2-3-4-1-1-1-3-4-0-0-1	0-4-3-1-10-3-0-2-2-2-4-2	1-2-1-2-0-2-1-3-9-3-3-3
51	4	4-4-3-4-4-4-3-3-3-4-4-3	5-3-5-1-5-5-1-3-5-2-1-5	0-4-1-5-3-3-3-3-4-5-5-5	4-5-5-5-1-2-5-1-5-5-3-0	1-0-1-5-2-3-5-4-5-2-1-1	1-4-2-2-4-1-5-5-4-4-9-1	1-1-4-0-2-4-5-5-5-4-1-7	3-1-3-3-1-1-4-2-2-3-2-0	4-0-5-2-4-2-0-5-3-5-3-9	0-2-3-5-5-1-5-4-3-2-0-1	0-3-5-4-5-4-0-2-0-2-5-2	5-1-10-2-0-4-5-4-5-5-5-5
51	5	5-4-3-3-4-5-5-5-5-5-4-6	6-3-4-1-4-4-6-6-8-6-5-4	8-6-6-5-6-2-6-6-6-4-4-6	7-4-5-6-6-7-4-8-4-4-2-6	7-5-7-4-2-3-6-6-4-6-9-7	6-7-2-5-5-9-4-4-3-3-6-6	7-1-4-6-2-4-4-4-4-4-6-5	3-3-6-6-4-0-4-4-2-9-6-0	4-2-4-2-4-5-6-6-5-4-3-9	5-6-10-9-6-7-8-4-6-0-6-4	6-4-4-6-4-4-0-5-6-1-4-2	6-5-5-6-6-6-4-7-4-6-4-8
51	6	6-6-6-6-6-6-6-6-6-9-6-5	5-7-7-1-6-7-5-7-5-7-5-9	5-5-5-5-5-5-7-5-5-8-7-7	6-7-7-5-5-5-4-1-7-7-7-5	5-0-5-4-2-7-5-5-6-5-5-5	5-5-7-5-6-0-4-6-2-6-5-6	5-1-6-5-8-6-7-7-3-6-5-6	3-8-7-5-1-5-9-2-2-3-5-0	5-0-7-2-4-6-5-5-7-4-7-8	6-5-5-5-5-8-5-5-7-0-5-6	5-10-4-5-7-4-0-4-5-7-5-6	5-5-5-5-5-5-6-4-4-5-9-9
51	7	7-10-7-7-7-6-8-7-7-7-7-7	8-6-6-1-6-6-6-6-5-6-5-6	10-7-5-5-5-2-6-6-8-8-8-6	5-6-8-5-5-5-4-5-8-8-8-5	5-0-5-8-2-6-6-7-8-5-5-5	5-5-9-5-7-1-8-7-7-7-4-6	5-1-6-0-8-4-9-8-7-6-5-5	4-4-6-6-4-1-6-7-2-7-5-0	7-0-6-2-4-6-0-10-6-7-7-6	6-2-5-6-5-5-2-8-6-0-5-6	5-6-8-7-6-4-0-5-5-6-8-6	7-5-5-5-5-5-6-5-4-5-4-6
51	8	7-8-6-6-7-7-7-6-6-10-10-7	7-6-6-1-6-6-8-6-5-7-5-7	5-8-9-9-5-9-9-9-7-7-7-8	9-9-9-9-8-9-7-5-7-7-7-8	1-8-8-7-0-6-9-9-7-9-5-5	5-8-2-8-9-8-7-7-7-7-4-9	8-1-7-8-7-8-7-7-2-7-8-9	3-6-8-8-8-1-6-2-2-8-8-3	8-0-9-2-9-1-8-8-3-3-10-6	8-8-8-5-4-6-5-7-8-0-5-1	8-6-9-7-6-8-10-8-8-8-5-2	8-5-8-8-8-5-8-8-3-8-6-6
51	9	7-7-10-10-7-10-10-10-9-6-10-7	7-6-6-10-7-6-10-10-9-10-8-10	10-9-10-10-9-8-8-8-7-7-8-9	8-8-8-10-9-8-7-5-7-7-9-8	1-8-8-7-0-9-8-8-7-8-5-5	9-9-7-9-8-10-7-9-7-3-4-8	9-1-6-8-8-9-7-10-3-10-8-9	3-9-9-9-9-0-6-2-2-5-8-0	9-0-8-2-9-9-9-8-9-9-9-4	8-2-8-5-9-9-5-4-8-0-5-9	8-2-9-7-7-8-10-8-5-9-9-9	9-5-9-8-8-5-9-6-3-8-6-6
51	10	10-10-10-10-10-10-9-10-10-10-10-10	7-6-10-9-10-9-9-9-9-10-9-9	9-9-9-9-10-9-10-10-7-10-10-10	10-10-10-9-10-10-7-10-10-10-10-9	10-8-10-10-10-10-9-10-7-10-3-5	10-10-10-10-10-10-10-10-10-10-10-10	9-10-10-10-7-10-10-9-10-9-8-10	10-10-5-10-10-10-10-2-8-10-9-10	9-10-10-10-1-10-10-7-10-3-8-6	8-10-10-10-10-10-10-5-8-10-10-10	8-6-10-7-3-8-8-10-10-10-10-10	10-10-10-9-5-10-10-10-10-10-10-6
52	0	0-0-0-0-0-0-0-0-0-0-0-0	0-0-0-0-0-0-0-0-0-0-0-0	0-0-0-0-0-0-0-0-0-0-0-0	0-0-0-0-0-0-0-0-0-0-0-0	0-0-0-0-0-0-0-0-0-0-0-0	0-0-0-0-0-0-0-0-0-0-0-0	0-0-0-0-0-0-0-0-0-0-0-0	0-0-0-0-0-0-0-0-0-0-0-0	0-0-0-0-0-0-0-0-0-0-0-0	0-0-0-0-0-0-0-0-0-0-0-0	0-0-0-0-0-0-0-0-0-0-0-0	0-0-0-0-0-0-0-0-0-0-0-0
52	1	1-1-1-1-1-1-1-1-1-1-1-1	2-1-1-0-2-2-2-2-2-1-1-1	1-2-2-2-2-2-2-0-3-1-2-1	2-0-2-2-0-0-2-1-2-2-2-0	1-0-1-2-1-1-2-1-1-2-2-0	2-2-2-1-2-2-2-3-1-1-0-2	7-1-1-1-1-1-1-2-2-1-1-2	1-1-1-1-1-2-2-2-1-1-2-2	1-2-2-2-1-2-2-4-2-1-1-2	2-1-2-3-1-2-2-2-2-1-0-1	1-2-3-0-2-2-1-1-1-2-2-1	2-1-1-1-1-8-8-6-7-1-1-2
52	2	1-1-1-1-1-1-1-1-1-1-1-1	1-1-1-4-1-1-1-2-1-1-3-1	5-3-1-1-4-3-3-3-1-2-3-3	3-0-1-1-3-3-1-5-3-1-3-5	4-0-3-3-0-3-3-3-1-1-11-5	1-1-1-1-1-1-3-2-1-1-3-3	2-3-1-0-2-1-2-3-1-2-3-3	1-3-3-3-2-1-1-3-2-2-1-1	1-1-1-3-3-1-1-3-1-1-3-1	1-3-1-1-3-3-1-1-7-1-0-3	0-1-1-1-1-1-0-1-0-1-1-2	1-2-2-1-1-1-2-0-1-1-1-1
52	3	1-1-1-1-1-1-1-1-1-1-1-3	1-1-1-2-1-1-1-4-3-4-2-3	6-2-4-2-2-6-2-2-1-4-2-2	4-4-4-2-2-4-1-2-2-3-4-2	2-3-2-2-5-2-4-2-3-1-5-2	2-4-5-1-3-5-2-4-3-3-9-2	5-2-1-3-4-1-3-2-3-1-3-6	8-2-2-4-3-1-3-4-6-1-3-1	3-6-3-3-2-1-3-2-1-3-2-3	3-2-1-1-2-2-1-1-1-3-3-2	3-1-1-0-3-3-1-3-3-3-1-3	1-3-4-4-1-1-6-3-2-1-1-1
52	4	4-5-4-4-1-4-4-3-4-1-1-4	1-5-4-2-4-5-1-5-3-3-2-5	2-4-5-2-2-3-5-5-1-3-5-2	3-3-3-1-2-3-5-2-2-4-3-2	2-0-0-2-3-5-3-3-3-4-3-2	3-3-3-1-3-3-5-3-4-4-8-4	2-2-4-3-3-4-4-5-4-1-3-5	1-2-3-3-2-1-6-3-3-5-3-1	4-3-3-3-4-3-5-5-1-3-5-3	1-3-1-4-1-3-1-4-5-3-0-2	0-5-6-5-5-1-5-3-3-1-1-3	1-3-3-5-1-1-1-1-1-1-8-1
52	5	5-4-4-5-6-5-5-5-4-7-5-5	3-4-5-2-4-4-1-4-4-4-6-4	2-5-4-2-2-3-4-4-1-5-6-5	3-3-6-2-2-3-7-2-6-6-3-2	6-0-0-6-3-4-6-5-6-7-3-2	1-3-3-1-6-3-6-5-5-5-6-4	3-2-6-3-3-4-6-6-4-5-4-4	1-2-3-3-5-1-4-3-3-4-3-1	4-3-3-3-5-3-4-4-6-6-6-3	6-2-5-4-6-4-1-5-4-3-0-2	0-4-1-6-8-6-4-1-8-1-1-4	1-3-3-4-1-1-2-1-8-6-4-3
52	6	5-4-6-7-8-5-7-1-5-1-6-5	7-4-5-7-4-4-7-8-7-5-7-7	6-7-7-7-8-3-7-7-6-5-5-6	6-7-7-6-7-7-4-7-5-5-5-7	7-6-6-7-3-4-7-7-5-7-7-6	7-7-7-8-6-7-5-5-4-5-7-6	3-5-5-3-7-1-5-7-4-5-7-3	3-7-2-7-3-1-4-8-3-11-6-1	3-3-11-7-6-3-0-7-1-7-8-3	5-7-10-6-7-2-6-5-7-1-6-2	3-3-4-5-5-8-0-6-7-7-6-3	1-6-6-6-7-1-3-1-1-5-4-1
52	7	7-7-7-7-7-7-7-7-7-5-7-7	6-8-5-6-7-8-6-6-6-4-6-6	6-6-6-6-6-8-6-8-8-8-8-6	6-6-6-6-6-6-8-6-8-8-8-6	6-0-6-6-5-8-8-6-7-8-6-6	6-6-6-7-8-6-8-7-7-7-6-6	1-8-7-1-8-7-5-8-4-7-6-7	7-8-11-6-7-7-8-6-3-8-6-1	7-7-3-6-7-7-1-6-8-6-7-8	7-6-7-8-6-8-6-5-6-3-6-7	9-1-11-5-7-5-0-7-6-6-9-7	1-6-7-6-6-1-7-1-8-9-8-7
52	8	7-8-7-8-8-7-7-1-7-10-7-7	9-7-5-2-7-7-8-6-9-8-11-7	9-9-9-6-6-9-6-9-8-7-7-8	8-8-9-6-6-6-7-10-7-7-7-10	6-9-6-5-9-7-7-9-7-7-6-9	9-6-6-8-7-9-7-9-5-3-4-6	8-7-7-8-7-8-5-7-4-8-8-6	3-7-9-8-5-8-7-6-10-8-6-1	8-8-3-6-6-1-8-8-7-1-6-7	8-8-8-7-7-2-6-5-8-8-6-2	8-1-7-5-5-6-8-7-9-8-1-3	8-6-8-8-8-1-1-8-5-8-4-7
52	9	11-10-11-11-10-10-11-11-11-11-11-10	10-10-10-11-9-10-10-10-10-10-10-10	10-8-10-10-9-8-9-10-11-10-9-9	10-9-8-10-10-10-10-6-10-8-9-8	10-8-10-10-8-9-8-10-8-10-10-10	10-10-11-9-7-10-8-9-10-9-3-10	11-10-10-8-8-8-5-7-10-10-8-10	9-9-8-10-9-9-7-9-8-10-11-9	8-8-8-10-10-1-8-9-8-9-10-7	10-10-8-9-9-10-11-9-8-10-8-9	7-1-10-10-10-9-9-11-8-11-7-10	11-10-9-8-11-8-9-9-10-10-10-7
52	10	9-9-9-9-9-9-9-9-9-9-10-9	9-9-9-9-9-9-9-9-9-9-9-9	9-11-9-9-10-8-10-9-11-9-9-10	9-9-9-9-9-9-9-8-8-8-10-8	9-10-9-9-8-10-11-9-8-9-9-9	9-9-7-10-7-11-9-9-9-9-1-9	9-9-9-9-10-10-9-11-9-9-9-9	10-9-9-9-9-10-7-9-8-10-10-10	10-10-3-9-9-10-10-10-10-3-9-10	9-9-6-10-9-9-9-4-10-9-10-9	10-1-9-9-9-9-10-10-9-9-1-10	1-9-10-8-9-1-9-0-9-9-9-1
52	11	11-11-11-9-11-11-9-9-11-9-11-11	9-9-11-9-9-9-9-9-9-11-9-10	10-10-11-9-11-11-11-10-10-11-9-10	10-11-9-9-11-11-10-11-9-11-11-8	9-10-11-11-10-11-10-11-11-9-2-6	11-11-11-9-11-10-11-9-11-11-11-9	9-11-11-11-7-11-11-10-11-11-8-9	11-11-6-11-11-10-6-6-8-11-9-10	10-11-6-11-9-11-11-10-11-1-9-10	8-11-11-11-11-11-11-9-11-11-10-11	10-11-7-9-9-8-10-9-11-9-11-11	9-9-11-8-9-11-11-9-11-11-11-11
53	0	0-0-0-0-0-0-0-0-0-0-0-0	0-0-0-0-0-0-0-0-0-0-0-0	0-0-0-0-0-0-0-0-0-0-0-0	0-0-0-0-0-0-0-0-0-0-0-0	0-0-0-0-0-0-0-0-0-0-0-0	0-0-0-0-0-0-0-0-0-0-0-0	0-0-0-0-0-0-0-0-0-0-0-0	0-0-0-0-0-0-0-0-0-0-0-0	0-0-0-0-0-0-0-0-0-0-0-0	0-0-0-0-0-0-0-0-0-0-0-0	0-0-0-0-0-0-0-0-0-0-0-0	0-0-0-0-0-0-0-0-0-0-0-0
53	1	2-1-1-1-2-2-2-1-1-3-1-1	2-2-2-1-2-2-2-2-2-2-1-2	1-0-2-1-1-0-1-0-2-1-2-1	2-2-2-1-0-0-1-2-1-0-0-4	0-4-2-0-1-1-2-0-0-1-1-1	1-1-0-0-2-2-1-0-2-1-0-2	1-0-1-7-0-2-0-1-1-1-0-0	6-1-1-1-1-4-2-1-1-1-0-1	6-0-0-1-5-0-6-1-2-2-1-0	1-1-4-2-0-0-1-2-2-1-0-0	6-2-2-0-0-2-1-1-3-1-1-1	2-1-1-5-3-4-1-1-2-4-2-1
53	2	1-1-1-1-1-1-1-1-1-1-1-1	1-1-1-2-1-1-1-1-1-1-1-1	4-3-1-3-3-3-3-3-1-2-3-3	3-1-1-3-3-3-1-3-2-2-3-1	3-1-1-4-1-2-3-3-2-2-14-4	3-3-3-2-4-3-3-2-1-1-3-3	4-2-1-1-2-1-2-3-2-2-0-3	1-3-3-3-2-1-1-2-2-2-3-0	0-0-1-3-3-0-0-0-1-1-3-2	0-4-1-1-3-3-2-1-1-1-0-3	0-1-1-0-0-1-0-1-0-3-2-2	1-2-2-0-1-1-2-1-1-0-1-3
53	3	1-4-1-1-1-1-1-1-1-1-3-1	1-1-1-2-1-1-1-3-3-4-2-3	2-2-2-2-2-4-2-2-1-2-2-2	4-4-4-4-2-4-3-2-2-3-2-1	2-1-1-2-4-2-4-4-3-3-4-2	4-4-8-3-3-2-4-4-3-3-2-2	2-2-3-1-4-1-4-2-3-3-3-7	11-2-2-4-3-3-3-4-7-1-3-1	3-5-3-7-2-3-3-4-1-3-2-4	3-3-1-3-2-2-3-1-1-4-4-2	3-3-1-0-3-3-1-3-1-5-3-3	1-3-4-1-1-3-2-3-1-1-1-2
53	4	4-4-4-4-4-4-4-4-4-1-4-4	1-4-4-2-5-3-1-6-3-3-1-4	2-3-5-2-2-5-3-5-5-3-5-3	3-3-5-5-2-3-3-2-2-4-3-1	4-1-1-2-3-5-5-3-3-3-5-2	5-3-3-3-3-2-5-4-4-4-2-4	2-2-5-1-3-4-3-5-4-5-2-5	4-2-2-3-4-1-3-3-3-4-3-1	4-3-3-3-2-3-5-3-4-3-2-3	5-3-1-5-2-2-3-4-2-3-3-2	4-3-4-5-3-5-0-0-1-3-3-3	4-3-3-1-0-1-2-5-1-1-5-1
53	5	5-6-5-5-5-6-6-5-6-5-6-6	6-6-6-2-7-6-6-5-5-6-6-6	5-6-4-6-2-4-5-5-4-6-4-5	6-4-6-4-2-6-5-2-5-8-3-1	6-1-1-8-3-4-4-5-5-6-4-2	4-6-3-1-5-6-6-5-5-5-7-6	4-6-5-1-3-5-8-4-5-4-9-6	5-8-3-4-5-1-7-3-3-5-3-1	4-3-3-3-1-7-4-3-5-6-6-8	4-2-14-4-6-6-6-5-2-3-0-2	0-14-14-7-14-6-1-11-9-3-6-3	6-6-3-1-5-6-6-4-1-6-4-8
53	6	5-6-5-7-5-5-5-5-7-5-6-5	5-4-5-8-7-5-7-7-7-5-7-7	6-7-8-6-6-7-7-6-7-5-7-6	7-6-7-7-7-7-7-6-6-5-7-6	5-8-1-8-8-5-7-7-6-6-8-6	6-5-5-7-8-3-5-7-5-5-12-7	6-5-6-7-6-6-5-6-5-6-7-5	7-6-7-7-5-1-6-6-3-6-6-6	7-6-6-6-7-5-7-6-7-6-5-5	6-7-8-5-5-5-8-6-7-6-7-6	7-5-5-5-5-5-6-7-7-6-5-3	7-5-6-7-10-12-5-10-7-5-8-6
53	7	6-6-6-6-6-5-6-5-6-6-6-6	5-8-8-6-5-6-6-8-6-6-6-6	2-7-6-8-2-6-6-6-6-8-8-7	6-6-8-6-6-6-6-2-8-5-8-1	2-6-6-5-3-8-6-6-8-6-6-6	8-6-3-6-7-2-8-8-5-5-5-7	2-5-6-1-7-7-5-8-5-7-6-8	6-5-6-8-5-1-8-7-3-7-6-6	6-9-6-3-6-5-6-8-6-10-5-7	6-6-5-11-8-5-6-6-6-6-6-2	6-5-5-5-6-7-0-6-6-6-5-3	6-3-1-7-6-13-2-6-6-6-6-5
53	8	5-8-7-5-6-5-6-5-5-5-5-5	5-7-5-8-4-6-5-7-6-6-6-8	8-8-6-8-8-8-8-9-10-7-7-8	9-9-7-9-6-8-10-2-7-5-7-8	2-9-1-5-9-7-9-8-7-8-6-8	7-5-3-8-6-10-7-7-7-7-12-8	14-2-7-9-8-9-5-7-5-7-10-7	13-5-2-7-3-1-7-3-3-8-8-10	11-10-9-3-12-0-12-9-7-3-2-7	1-6-8-7-9-2-6-6-11-9-10-2	10-5-5-11-5-8-10-6-10-6-5-3	6-5-8-10-11-7-2-6-6-8-6-5
53	9	10-10-10-10-10-12-10-10-10-14-10-13	5-7-5-11-10-5-10-10-10-11-11-10	9-8-10-10-10-10-10-8-10-10-12-9	10-8-10-10-10-10-6-10-9-5-10-9	10-8-13-10-10-9-10-10-7-9-9-10	9-10-10-11-6-8-10-11-5-5-5-10	13-11-11-12-10-11-5-10-5-11-13-11	11-10-10-10-10-10-7-14-10-8-11-8	8-8-10-10-13-12-11-10-10-9-13-7	12-6-12-11-13-10-10-5-10-8-10-10	8-10-5-8-10-11-8-6-8-10-10-9	6-3-10-10-13-11-9-6-13-8-13-5
53	10	9-9-9-10-9-9-11-9-10-9-9-9	5-11-11-9-9-9-9-9-9-11-9-9	9-9-9-9-9-9-9-9-9-9-11-11	9-8-10-9-9-9-11-9-10-5-9-9	9-8-9-9-9-10-9-9-10-8-9-9	9-9-9-9-10-8-9-10-10-10-5-9	11-13-7-11-9-10-10-9-10-10-9-9	10-13-9-9-9-9-13-9-9-9-9-8	8-8-9-9-8-9-6-9-9-10-9-10	6-6-10-11-9-9-9-6-9-8-8-9	8-9-5-9-6-8-8-11-8-6-9-9	6-3-9-9-6-6-13-6-11-12-11-5
53	11	10-9-9-9-9-10-10-11-9-11-9-9	5-10-10-9-9-9-13-9-13-9-9-9	8-12-13-9-12-9-12-12-9-13-10-10	12-12-11-12-13-12-14-9-12-5-12-9	9-8-11-12-12-10-12-12-11-11-13-13	12-12-11-9-10-8-12-9-11-5-5-9	10-9-11-10-10-9-5-12-11-9-9-9	9-10-12-12-12-12-7-13-12-8-13-8	8-8-14-12-9-14-11-10-9-10-9-7	12-13-11-7-12-10-12-5-8-8-8-9	8-5-5-8-5-9-8-10-8-12-11-11	6-12-8-11-9-7-10-6-10-9-10-5
53	12	6-14-12-10-11-9-12-9-9-13-9-9	5-13-13-9-12-9-9-9-9-13-9-9	8-11-9-9-11-9-11-11-13-11-13-13	11-11-11-11-11-11-11-9-11-5-11-9	9-8-9-11-11-13-11-11-13-11-11-11	11-11-9-12-12-8-13-11-12-5-8-12	9-9-12-9-10-12-13-11-12-10-9-13	10-9-11-11-10-9-13-11-11-10-11-8	8-8-9-11-8-9-8-12-9-10-9-7	11-9-9-13-12-9-11-5-9-8-8-9	8-5-5-9-5-14-8-6-8-11-11-9	12-11-11-12-12-6-9-6-13-10-13-5
53	13	9-9-9-9-9-14-12-9-9-12-9-9	14-12-12-9-9-13-11-9-14-12-9-9	8-11-11-9-11-13-11-14-14-11-12-12	14-11-13-11-11-11-13-9-11-5-12-14	9-8-9-11-13-12-11-11-12-12-11-11	11-11-9-13-13-14-12-9-12-5-12-14	9-10-7-13-10-13-12-11-12-14-9-9	13-10-11-11-9-13-12-11-13-13-11-8	13-13-13-11-9-9-13-13-7-13-9-7	13-11-13-12-13-2-12-5-13-13-8-9	13-13-13-8-5-14-8-13-13-13-11-11	12-13-13-13-9-7-10-13-12-13-10-5
53	14	14-14-14-14-14-14-9-14-14-9-14-14	13-11-14-9-14-13-14-9-13-14-9-9	12-14-14-9-14-14-14-13-13-14-12-12	13-14-13-11-14-14-13-14-11-5-14-13	9-8-9-14-13-14-11-14-10-14-11-13	14-14-14-14-14-8-14-14-14-14-14-13	11-14-14-14-12-14-14-13-14-13-9-9	14-14-9-14-14-9-14-9-13-14-11-14	11-14-14-14-9-14-14-9-14-3-9-7	13-14-14-14-14-14-14-6-14-14-14-14	8-5-5-14-5-13-14-14-14-6-14-14	6-14-14-13-9-14-14-14-14-14-10-5
54	0	0-0-0-0-0-0-0-0-0-0-0-0	0-0-0-0-0-0-0-0-0-0-0-0	0-0-0-0-0-0-0-0-0-0-0-0	0-0-0-0-0-0-0-0-0-0-0-0	0-0-0-0-0-0-0-0-0-0-0-0	0-0-0-0-0-0-0-0-0-0-0-0	0-0-0-0-0-0-0-0-0-0-0-0	0-0-0-0-0-0-0-0-0-0-0-0	0-0-0-0-0-0-0-0-0-0-0-0	0-0-0-0-0-0-0-0-0-0-0-0	0-0-0-0-0-0-0-0-0-0-0-0	0-0-0-0-0-0-0-0-0-0-0-0
54	1	1-1-1-1-1-1-1-1-1-0-1-1	1-0-1-1-0-0-0-0-1-0-2-0	0-2-2-1-2-2-2-0-0-1-2-2	2-0-0-4-2-2-0-1-1-0-2-0	2-0-2-2-0-1-2-2-1-1-13-2	2-2-1-0-0-4-1-1-1-1-9-0	3-1-1-0-1-0-1-2-1-1-2-2	1-1-2-1-1-0-1-2-1-0-2-0	0-0-0-1-2-1-0-1-1-1-1-1	2-1-1-0-2-2-1-1-1-0-0-1	0-1-1-0-0-0-0-0-0-1-1-1	0-1-1-1-0-1-1-0-2-0-2-1
54	2	2-2-2-2-2-2-2-2-2-2-2-2	3-2-2-1-2-2-2-2-2-3-1-3	0-3-1-1-1-6-3-3-3-3-2-1	3-3-3-1-1-1-2-1-1-2-1-0	1-2-1-1-4-1-3-3-3-2-4-1	1-3-4-0-2-1-3-3-2-2-6-2	1-2-2-2-3-2-2-3-2-2-1-6	2-1-6-3-2-2-3-4-6-0-2-0	2-0-2-2-1-2-2-3-1-2-1-2	3-2-2-2-1-1-4-2-3-4-2-1	2-6-2-0-2-2-0-2-3-3-2-2	2-2-4-2-2-2-2-2-1-1-1-2
54	3	3-3-3-3-3-3-3-3-3-3-3-3	2-6-3-1-3-3-0-2-2-2-4-2	1-3-2-1-1-2-4-2-4-2-4-4	2-2-4-1-1-1-2-1-4-3-4-0	1-3-1-1-2-4-2-4-2-3-3-1	2-2-2-6-2-1-4-4-3-3-1-3	4-3-3-2-2-3-2-4-3-3-2-2	3-1-4-4-1-2-2-2-2-3-2-0	3-2-2-2-3-2-3-4-4-3-1-3	4-2-3-3-1-2-1-3-4-2-4-1	4-5-4-0-2-4-4-2-2-2-2-2	2-2-1-2-0-5-1-5-9-3-5-3
54	4	4-4-4-4-4-6-4-4-4-4-4-4	5-5-3-1-2-5-0-5-4-6-3-5	1-4-2-2-1-2-5-5-3-2-5-3	2-5-5-5-1-1-4-1-4-5-5-0	1-5-5-4-2-3-5-5-5-5-2-1	5-2-2-7-4-1-5-3-4-4-5-3	3-5-3-0-2-4-4-3-6-4-5-4	4-1-3-3-2-0-6-2-2-4-2-0	3-0-2-5-5-2-3-3-3-5-1-3	3-2-4-5-1-1-2-4-3-2-3-1	3-4-3-7-5-3-3-2-2-2-3-2	5-2-2-6-5-4-2-5-0-5-4-7
54	5	4-4-4-3-5-4-3-4-5-4-5-4	4-4-4-5-5-4-5-4-6-4-6-4	2-5-6-6-5-6-6-7-6-5-4-5	6-6-6-6-5-7-6-1-6-4-4-0	7-4-8-5-2-3-4-4-4-8-6-8	4-8-6-6-6-5-4-6-4-3-8-5	6-4-3-3-2-4-4-6-4-4-6-2	3-5-5-5-9-6-4-9-2-4-9-2	3-0-2-5-5-5-5-7-6-4-5-3	6-5-5-4-5-4-6-4-2-5-3-5	5-2-4-4-5-3-3-3-3-5-5-2	4-3-5-4-4-5-2-3-5-4-3-5
54	6	6-6-4-4-5-4-3-6-5-6-3-4	5-3-4-6-5-3-8-7-5-4-5-7	7-6-5-11-7-2-5-7-5-7-11-7	5-7-5-7-6-8-5-11-5-8-6-6	9-0-5-8-7-7-7-7-4-6-5-5	9-13-5-9-5-8-7-5-4-4-2-9	8-7-4-2-7-6-4-5-4-6-5-2	3-7-9-7-7-8-4-9-2-6-5-0	6-0-2-8-4-5-7-5-5-4-9-6	5-9-4-5-6-6-5-4-7-0-0-9	5-2-4-4-4-7-3-2-0-5-5-2	4-6-6-4-4-7-7-0-6-8-4-6
54	7	7-7-7-7-5-7-7-7-7-7-7-7	8-10-8-6-5-7-6-6-5-4-5-6	6-6-6-6-6-6-8-6-8-6-8-6	6-7-8-6-6-5-5-6-8-7-8-6	7-0-5-7-6-9-6-6-8-7-5-5	5-5-8-4-7-6-8-8-7-7-10-7	6-6-7-0-6-7-7-8-7-7-0-9	7-6-8-8-6-6-9-5-2-6-5-0	6-0-8-10-7-5-6-5-8-7-5-8	5-6-7-5-6-6-5-7-6-13-8-6	8-4-8-4-9-8-8-10-2-5-5-2	4-2-6-13-13-6-6-11-10-8-9-4
54	8	8-8-8-7-8-9-8-8-8-9-7-9	7-9-7-6-5-7-6-9-5-9-6-10	6-6-6-6-6-9-9-6-7-6-9-7	6-7-9-6-6-5-8-6-9-9-7-0	6-0-5-10-6-7-9-7-9-5-5-5	6-5-7-6-8-6-9-7-8-8-5-7	6-9-9-0-13-7-9-9-8-7-5-9	7-6-7-7-5-6-7-6-2-12-5-0	6-0-9-6-8-11-7-7-7-8-5-7	5-5-8-9-5-6-9-7-7-8-7-6	7-8-7-12-12-7-7-13-2-5-5-2	5-9-6-5-9-8-6-12-9-7-7-11
54	9	8-11-8-9-8-8-8-8-7-11-7-8	11-8-8-6-5-10-11-10-10-8-11-8	12-10-12-6-6-10-8-10-11-6-8-9	10-10-10-9-6-10-9-6-8-10-6-11	6-13-11-8-10-7-8-6-10-9-9-13	12-9-7-6-9-6-8-9-8-7-1-10	6-8-8-9-9-9-8-8-8-6-9-8	10-7-6-7-5-9-7-5-11-9-5-10	9-12-10-6-1-5-10-9-8-9-6-9	11-6-9-9-6-6-8-8-12-9-9-6	10-9-8-8-7-13-12-9-11-5-5-2	9-8-9-9-9-12-9-12-7-9-7-6
54	10	8-10-8-8-13-7-7-8-12-13-7-8	9-8-8-6-5-9-11-9-9-8-12-13	9-9-11-12-11-9-11-9-9-6-11-11	9-9-9-10-11-11-11-6-9-9-10-9	11-9-9-8-9-10-11-11-9-12-12-11	9-11-11-10-7-11-10-11-8-10-7-9	7-11-8-9-11-10-10-10-11-13-11-9	9-11-11-11-10-9-8-12-9-9-10-9	10-9-9-7-13-12-9-11-5-12-11-10	9-6-9-9-11-7-8-8-9-9-9-6	9-9-8-8-7-10-9-9-9-9-9-10	9-8-9-9-11-8-11-0-7-11-7-8
54	11	11-13-8-11-13-13-11-11-11-11-12-12	9-12-11-10-11-12-10-9-9-8-9-10	9-9-10-10-6-12-10-9-9-6-12-12	9-9-9-10-10-10-12-6-12-12-12-9	10-9-9-8-9-10-10-10-8-10-10-10	9-9-10-11-11-10-10-10-12-11-4-7	6-10-12-9-10-7-12-12-10-11-10-8	11-10-10-10-10-9-12-10-9-11-10-0	11-9-10-10-7-12-9-10-10-10-10-12	9-6-11-12-6-6-12-8-6-9-9-6	9-9-8-8-9-7-9-9-9-5-9-10	9-8-9-9-9-11-10-7-12-10-12-8
54	12	11-11-13-13-12-12-11-12-11-13-11-13	9-11-11-6-11-9-12-10-9-8-10-13	9-12-9-10-12-13-12-9-9-6-11-11	9-9-9-12-12-10-11-6-11-11-11-9	10-9-9-12-9-12-13-10-12-10-10-10	9-9-12-10-8-10-12-10-11-11-2-13	13-7-11-9-9-12-11-11-10-13-12-12	7-10-6-12-12-9-11-10-9-9-10-9	12-9-13-7-12-11-12-12-5-10-12-11	9-12-12-11-12-6-11-8-9-9-9-6	12-12-8-8-8-9-9-9-12-12-12-12	9-13-9-9-12-9-11-9-11-10-11-8
54	13	13-13-13-13-13-13-12-13-13-13-13-13	9-11-13-6-13-9-12-10-9-13-10-10	12-13-13-12-13-12-13-13-12-13-13-13	13-13-13-13-13-13-12-13-13-13-13-9	10-9-9-13-9-13-12-13-12-10-6-9	13-13-12-13-13-13-13-13-13-13-13-13	12-13-13-13-8-13-13-12-13-12-5-13	13-13-6-13-13-10-13-12-12-9-9-13	12-13-13-13-10-13-13-10-13-5-6-11	9-13-13-13-13-6-13-11-13-13-13-13	8-13-8-8-11-9-13-13-13-13-13-13	13-12-13-9-12-13-13-9-13-13-7-13
55	0	0-0-0-0-0-0-0-0-0-0-0-0	0-0-0-0-0-0-0-0-0-0-0-0	0-0-0-0-0-0-0-0-0-0-0-0	0-0-0-0-0-0-0-0-0-0-0-0	0-0-0-0-0-0-0-0-0-0-0-0	0-0-0-0-0-0-0-0-0-0-0-0	0-0-0-0-0-0-0-0-0-0-0-0	0-0-0-0-0-0-0-0-0-0-0-0	0-0-0-0-0-0-0-0-0-0-0-0	0-0-0-0-0-0-0-0-0-0-0-0	0-0-0-0-0-0-0-0-0-0-0-0	0-0-0-0-0-0-0-0-0-0-0-0
55	1	1-1-1-1-1-1-1-1-1-1-1-1	2-2-1-0-2-1-2-1-2-1-2-2	1-2-2-2-2-3-2-0-2-2-2-2	2-0-2-2-0-0-2-1-2-2-2-0	3-0-1-3-1-1-2-1-2-2-2-0	2-2-2-4-2-1-2-3-1-1-8-2	0-1-1-1-2-1-2-2-2-1-4-1	1-1-2-1-1-2-2-2-1-1-2-5	1-4-1-1-1-2-17-0-2-2-1-2	2-1-1-3-1-2-2-1-5-1-0-1	1-2-2-0-2-1-1-1-0-1-2-1	2-1-1-1-1-11-3-3-8-1-1-3
55	2	1-1-1-1-1-1-1-1-1-1-1-1	1-1-1-2-1-1-1-2-1-1-3-3	4-3-1-1-5-1-3-3-1-1-3-3	3-3-1-1-2-3-1-5-1-1-3-4	2-0-2-4-0-1-3-3-1-1-1-2	3-3-2-2-1-5-3-1-1-1-3-1	2-2-1-2-1-2-1-1-1-1-3-2	1-2-3-2-2-1-1-1-2-1-3-1	2-0-1-2-3-1-1-3-1-1-3-1	3-2-2-1-3-3-4-1-4-1-3-3	3-1-1-1-1-1-0-1-5-2-1-2	1-2-5-2-3-1-2-1-3-3-3-1
55	3	1-1-1-1-1-1-1-1-1-1-1-3	1-1-1-2-1-1-1-3-3-4-2-2	0-2-4-2-2-4-4-2-1-4-4-2	2-4-4-2-2-2-1-2-1-3-4-2	1-6-2-2-4-3-4-4-3-3-5-2	2-4-5-7-3-4-4-4-3-3-7-3	2-3-1-3-4-3-3-3-3-1-2-7	3-2-2-4-3-1-1-4-7-6-5-1	3-0-3-3-2-1-3-2-1-1-2-1	2-2-3-1-2-2-3-1-2-1-3-2	2-11-3-1-3-3-0-3-3-4-1-3	1-3-6-3-3-1-1-1-2-2-2-1
55	4	4-4-4-4-4-4-4-4-4-4-4-4	1-5-5-2-1-1-1-2-3-3-2-3	2-4-3-2-2-3-5-6-5-3-5-5	3-3-5-2-2-2-3-2-5-4-3-2	2-0-2-2-3-5-3-3-3-3-1-2	1-3-3-1-3-3-5-3-4-4-2-4	2-4-1-3-3-4-4-5-4-4-3-3	4-2-5-5-2-1-5-3-3-4-3-1	4-1-3-3-4-1-1-5-5-4-2-5	5-2-4-4-1-3-2-5-2-1-5-2	5-1-5-0-6-5-0-6-3-3-1-3	1-3-2-3-1-1-2-1-6-1-6-4
55	5	5-5-5-4-5-6-5-5-5-7-6-6	6-6-7-2-1-1-1-6-5-6-2-6	2-5-3-3-2-3-6-5-1-3-6-4	3-6-6-6-2-2-5-2-5-6-6-0	2-6-6-5-3-4-6-6-6-1-3-2	6-3-3-1-5-2-6-4-5-5-6-3	2-4-7-3-3-5-5-5-5-5-6-5	1-4-4-4-3-1-7-3-3-5-3-1	3-0-3-3-5-3-4-4-10-6-5-4	4-2-5-6-2-6-10-4-4-1-4-2	4-3-4-7-6-4-0-3-3-3-1-3	1-6-2-2-2-1-3-6-1-16-5-1
55	6	7-5-5-6-6-5-4-5-6-5-5-5	5-5-5-2-1-8-6-5-8-5-9-5	3-6-7-7-6-7-7-8-7-6-5-6	7-6-7-7-6-6-6-7-7-8-5-2	9-3-8-9-6-4-7-7-5-9-7-7	5-9-10-3-7-6-5-7-5-4-5-6	2-5-4-3-3-5-5-7-5-5-6-3	4-6-6-6-10-7-5-10-3-5-10-1	3-1-3-6-6-6-6-6-7-5-6-6	6-9-6-5-6-6-7-5-2-6-5-6	14-3-5-5-5-1-0-4-3-6-8-4	1-5-6-7-1-1-1-1-4-5-4-1
55	7	7-5-7-8-6-7-4-5-4-5-5-7	6-5-5-8-6-9-8-5-6-5-8-9	8-7-6-9-9-8-8-8-8-7-8-8	9-7-6-6-8-10-6-12-6-5-6-8	9-0-6-8-9-7-8-8-5-6-6-6	6-8-6-3-6-9-8-6-5-5-3-9	2-8-5-3-8-7-5-6-5-11-6-3	11-7-17-8-8-9-5-6-3-9-6-1	3-0-6-8-5-6-0-8-6-5-10-7	6-6-6-6-8-7-6-5-8-0-0-10	0-3-5-5-1-11-0-0-0-6-6-3	1-8-9-3-0-1-7-0-1-1-5-1
55	8	8-8-8-8-11-8-8-8-8-8-5-8	9-10-9-7-11-11-7-9-6-5-7-7	7-7-7-7-7-7-7-7-9-7-9-7	7-8-7-8-7-7-9-7-6-10-9-7	7-0-6-7-7-10-7-7-8-8-6-6	6-6-10-7-8-7-7-8-8-8-11-8	7-7-10-2-7-8-10-9-8-8-6-3	1-7-1-9-7-7-5-6-7-8-6-1	1-0-7-7-8-6-0-7-5-5-7-7	6-7-8-7-7-7-6-8-7-1-0-7	8-2-11-5-11-12-0-17-3-6-6-3	1-7-7-3-0-1-7-0-11-1-9-8
55	9	9-9-11-8-8-11-8-8-11-8-12-10	11-8-8-7-11-10-7-8-12-5-6-7	7-9-6-7-7-10-8-7-8-10-8-8	7-8-10-11-7-7-10-7-10-10-8-7	7-0-6-11-7-8-10-9-10-6-6-6	7-6-3-7-10-7-10-8-9-9-6-7	7-10-15-2-7-8-10-8-5-9-0-10	12-7-0-8-7-7-10-6-7-7-6-1	9-0-10-7-8-6-6-10-10-12-7-10	6-6-9-10-7-7-10-10-7-1-17-7	0-9-10-9-10-8-0-17-3-6-6-12	1-7-7-3-17-9-7-14-10-1-11-9
55	10	9-9-10-12-10-9-8-8-9-10-10-9	9-8-8-7-8-9-11-11-11-13-12-7	11-11-11-7-11-11-11-11-11-9-9-10	11-11-11-9-7-7-12-7-9-11-11-13	1-15-14-10-11-8-11-11-9-15-6-10	15-16-8-10-10-7-9-10-8-9-15-7	15-9-8-15-9-10-9-8-5-10-6-9	1-8-13-10-6-11-9-6-16-10-6-1	14-10-11-7-11-6-11-12-5-1-7-9	13-10-10-10-7-7-9-9-13-11-12-7	12-1-9-5-10-17-0-11-12-10-14-3	10-10-10-10-10-1-1-9-9-10-8-8
55	11	11-11-9-11-8-9-8-8-9-17-14-11	9-8-8-7-8-8-10-10-10-5-12-12	10-10-10-13-12-10-12-10-10-9-11-10	10-10-10-12-12-12-10-15-9-10-11-10	12-10-11-9-10-11-12-12-10-13-11-12	16-12-14-11-9-10-10-12-9-9-8-10	11-9-8-10-12-10-9-11-5-7-11-12	7-11-10-12-11-10-9-6-3-10-6-1	10-10-10-12-17-6-10-9-6-9-12-11	10-11-11-10-12-11-11-9-10-10-10-7	0-3-8-5-8-13-0-10-10-11-1-11	10-10-10-10-12-1-12-1-9-1-9-8
55	12	12-12-12-14-13-9-12-12-13-10-12-13	9-13-12-7-12-14-11-10-9-5-11-13	10-10-11-11-11-10-13-13-10-12-13-13	11-10-11-11-11-11-10-7-13-9-12-10	11-10-10-10-10-13-11-11-13-11-10-11	10-11-11-11-13-10-13-11-12-12-8-12	10-13-5-10-13-12-13-13-12-12-11-11	9-11-10-11-11-10-13-14-3-7-6-1	10-10-16-11-12-10-10-10-10-12-11-13	6-11-12-10-11-11-11-9-7-10-10-7	10-13-12-8-8-8-0-10-10-11-6-9	10-7-10-10-11-1-11-14-13-15-9-12
55	13	15-13-13-13-13-13-13-14-13-14-14-12	14-12-12-14-8-12-14-14-16-10-14-12	10-14-14-11-14-14-14-14-14-12-12-14	14-14-10-14-14-14-13-11-12-15-12-10	11-10-10-14-10-12-14-14-12-11-15-11	14-14-11-13-12-17-12-11-12-12-3-15	10-12-7-10-14-10-12-14-5-12-14-14	13-11-10-14-15-10-9-11-3-13-16-1	10-10-14-15-12-14-10-14-6-12-13-12	10-14-10-14-13-16-15-9-10-10-15-11	15-12-13-5-13-11-14-13-16-13-1-13	12-14-10-15-13-1-13-12-8-12-9-8
55	14	14-14-14-14-14-9-14-13-14-17-13-14	13-16-14-13-15-12-13-15-13-15-13-16	17-13-13-13-13-13-13-13-13-15-15-13	13-15-15-13-13-13-15-7-15-14-15-10	13-10-10-11-13-15-13-13-14-11-13-11	13-13-11-14-14-7-15-14-14-14-16-13	10-13-5-10-13-14-15-16-5-14-13-13	14-11-15-15-13-10-14-12-10-15-13-1	10-10-13-13-15-13-10-13-16-15-13-16	10-13-14-13-11-15-11-14-10-10-13-7	13-14-15-15-13-15-13-13-10-13-10-13	16-13-10-13-15-1-13-12-16-13-14-15
55	15	15-15-15-15-14-15-15-13-14-15-13-14	13-16-14-7-14-12-13-14-13-14-13-16	10-13-13-13-13-13-16-14-13-14-16-15	13-14-14-13-13-13-14-7-16-16-14-10	11-10-10-16-10-14-16-15-16-13-13-11	10-13-11-13-15-13-16-13-15-14-10-13	10-16-9-10-16-14-14-14-16-15-13-13	15-11-14-14-13-10-16-15-10-14-10-1	10-10-16-13-15-14-13-14-14-12-13-16	10-14-15-13-11-13-16-14-12-10-13-7	13-14-16-14-16-14-0-13-10-13-6-15	14-16-10-13-14-1-11-14-14-12-15-16
55	16	14-16-15-17-14-16-16-17-17-17-17-17	17-15-16-13-14-16-14-17-16-15-13-14	16-15-15-17-14-15-15-16-16-15-15-16	16-16-16-17-13-13-16-11-15-15-15-10	13-16-10-15-16-14-15-13-15-16-13-11	16-10-13-13-16-17-15-11-14-14-16-17	10-15-15-16-15-16-15-14-15-17-13-15	16-11-16-13-13-10-15-6-10-15-13-17	16-10-16-13-3-6-16-16-14-14-13-14	16-16-16-16-13-13-16-9-16-10-16-7	16-1-15-5-15-16-16-16-16-6-1-16	14-15-10-16-16-1-13-16-14-16-16-15
55	17	17-17-17-16-17-17-16-17-17-17-17-17	16-15-17-15-14-16-14-16-16-17-13-16	14-16-17-16-17-17-17-17-16-17-17-17	16-17-16-16-17-17-15-17-15-17-17-10	17-16-17-17-17-17-16-17-15-17-2-17	17-17-17-15-17-16-15-17-17-17-17-16	13-17-17-17-15-17-17-14-17-17-6-15	17-17-7-16-17-13-17-6-16-10-13-17	16-17-17-17-11-17-17-9-17-1-13-12	10-17-17-17-17-17-17-12-17-17-17-17	8-17-17-5-15-10-17-17-17-17-17-17	17-17-17-10-16-17-17-17-17-17-17-8
56	0	0-0-0-0-0-0-0-0-0-0-0-0	0-0-0-0-0-0-0-0-0-0-0-0	0-0-0-0-0-0-0-0-0-0-0-0	0-0-0-0-0-0-0-0-0-0-0-0	0-0-0-0-0-0-0-0-0-0-0-0	0-0-0-0-0-0-0-0-0-0-0-0	0-0-0-0-0-0-0-0-0-0-0-0	0-0-0-0-0-0-0-0-0-0-0-0	0-0-0-0-0-0-0-0-0-0-0-0	0-0-0-0-0-0-0-0-0-0-0-0	0-0-0-0-0-0-0-0-0-0-0-0	0-0-0-0-0-0-0-0-0-0-0-0
56	1	1-1-1-1-1-1-2-1-1-2-1-1	2-2-2-2-2-2-0-1-1-2-2-2	1-1-0-2-1-2-2-2-3-1-1-2	2-2-2-2-1-0-2-2-1-2-1-0	1-0-1-1-0-1-1-1-1-2-2-0	8-2-2-1-1-0-1-2-2-1-8-2	1-1-2-1-1-1-2-2-2-1-1-1	2-1-2-0-1-0-2-2-1-1-2-6	1-2-2-1-3-3-2-1-2-1-1-3	2-8-2-3-2-2-2-2-0-2-0-1	1-2-2-1-4-1-0-1-0-1-2-1	2-1-0-1-1-2-8-3-2-2-2-2
56	2	1-1-1-1-1-1-1-1-1-1-1-1	1-1-1-2-1-1-1-1-1-1-1-1	4-3-3-1-5-3-3-1-1-2-3-3	3-2-1-5-2-3-1-3-3-1-3-6	4-0-4-4-0-2-2-2-2-1-1-4	1-1-2-0-1-0-3-1-1-1-2-1	2-1-1-0-2-2-1-1-1-1-2-1	1-2-3-2-2-0-1-3-2-1-3-1	2-1-1-2-3-1-1-2-1-1-2-1	1-2-1-1-1-3-1-1-0-1-0-3	1-1-1-0-0-0-0-0-0-1-1-2	1-2-2-2-0-1-1-1-1-1-1-1
56	3	1-1-1-1-1-1-1-3-1-1-1-1	1-1-1-1-1-1-1-6-3-4-2-3	2-2-2-1-2-6-2-4-1-6-2-2	4-4-4-2-2-4-1-2-2-3-2-2	2-3-2-2-4-3-4-4-3-3-1-2	9-4-5-9-1-1-4-4-3-3-12-4	3-1-1-3-4-3-1-1-3-1-2-4	3-2-2-4-3-0-1-4-9-3-3-1	3-4-3-4-1-1-3-4-1-1-2-1	4-3-3-1-1-2-3-1-0-1-3-2	3-9-3-0-3-3-0-3-3-4-1-3	1-3-2-4-3-1-1-3-1-2-1-1
56	4	5-4-4-1-6-4-4-4-5-1-5-4	1-6-4-1-1-1-1-5-5-3-2-3	2-4-2-1-2-3-5-5-5-4-5-5	3-3-3-3-2-3-6-2-5-6-3-2	2-0-2-2-3-6-3-3-3-3-1-2	3-3-3-3-1-1-5-3-3-4-1-5	2-5-4-5-3-4-6-5-4-2-2-3	4-2-2-3-2-4-4-3-3-4-1-1	4-3-3-3-4-1-3-3-1-1-2-5	3-5-4-5-5-1-3-4-5-0-0-1	3-1-4-1-14-5-0-3-3-3-1-3	1-3-2-3-4-1-1-5-0-1-5-4
56	5	5-5-5-5-6-5-7-6-5-6-4-5	1-6-6-1-1-1-1-4-4-6-4-6	2-5-7-2-2-3-4-4-4-6-6-4	2-3-6-2-3-3-7-2-6-7-7-2	2-0-2-2-3-4-6-5-6-7-1-2	2-3-3-3-5-3-6-6-5-5-5-4	2-4-1-4-3-4-6-4-5-5-2-6	5-5-3-3-6-1-5-6-3-5-3-1	5-3-3-3-5-1-0-3-1-5-6-4	3-4-5-4-4-1-8-5-4-0-0-2	3-1-1-12-1-4-0-3-3-3-1-3	6-3-2-3-1-1-1-4-6-1-6-4
56	6	5-7-5-5-5-5-5-5-6-5-6-5	1-5-5-7-1-5-7-3-7-5-7-5	7-7-7-7-7-3-7-7-6-3-5-6	7-3-5-6-7-7-4-6-5-4-5-2	7-0-6-7-3-4-7-7-5-7-6-6	3-3-6-3-6-7-5-5-5-5-5-6	2-4-4-3-3-3-5-7-5-3-7-5	3-7-14-7-5-0-5-5-3-7-6-1	3-3-5-3-5-1-3-7-8-7-8-8	1-3-5-6-7-6-6-5-7-0-6-8	3-3-1-5-6-0-0-10-3-3-6-3	5-6-6-6-3-1-2-1-1-6-5-4
56	7	7-8-7-7-7-7-8-7-7-8-8-8	8-8-5-6-7-8-6-8-6-9-6-8	6-7-6-6-6-8-6-6-6-3-8-8	6-7-6-6-6-6-5-6-8-8-5-2	6-0-2-6-3-8-8-6-8-7-6-6	3-6-6-7-7-6-8-6-3-7-1-7	2-8-11-1-9-7-8-8-5-11-6-10	11-8-13-6-5-8-9-5-3-6-1-1	1-3-3-6-5-7-10-6-6-6-5-9	8-2-7-7-6-6-6-5-6-1-6-6	3-3-8-14-14-4-0-10-14-3-6-3	9-6-6-3-10-1-1-10-7-1-7-7
56	8	8-7-7-7-5-9-7-9-7-7-7-7	7-7-5-6-7-7-8-7-4-7-6-9	8-8-10-6-8-8-7-8-8-9-7-7	8-8-9-9-6-8-8-6-7-7-8-8	10-9-8-8-9-7-9-8-7-8-8-8	1-9-6-8-7-9-7-8-5-7-1-6	13-7-7-3-8-8-5-7-8-6-9-9	12-7-9-7-10-9-7-6-3-8-8-9	9-9-3-9-6-1-9-9-9-9-6-6	9-1-6-9-9-6-7-5-9-9-9-6	9-1-7-9-10-9-9-10-9-3-1-3	13-6-8-6-9-1-1-14-1-9-1-7
56	9	8-9-9-11-10-8-9-10-9-14-7-9	7-7-5-9-9-7-8-10-9-7-10-10	8-9-10-11-11-10-9-8-10-10-8-9	9-8-8-11-9-10-4-6-11-8-9-8	11-8-11-11-8-9-8-10-10-9-11-11	3-8-11-9-7-8-10-9-5-7-3-10	9-9-7-10-7-9-5-8-5-9-8-8	7-9-8-9-9-8-7-12-3-8-8-8	8-8-3-10-14-1-8-8-9-11-11-7	8-11-9-8-8-10-9-5-8-8-8-9	8-3-8-5-1-8-8-0-8-3-9-3	7-6-8-6-8-10-9-1-10-8-9-7
56	10	11-10-11-11-11-11-11-11-11-11-10-11	13-11-11-9-11-12-13-11-12-11-11-11	10-11-11-9-9-11-11-11-11-9-10-11	11-10-10-13-9-9-11-8-9-10-9-8	8-8-11-9-12-9-11-11-10-12-12-11	10-11-9-11-7-14-9-12-13-7-12-11	10-9-10-11-13-10-8-11-13-10-10-12	13-9-12-9-9-11-11-11-11-13-11-8	13-8-10-9-9-13-12-11-14-14-9-11	13-12-12-14-12-9-12-13-11-9-8-9	12-10-13-14-12-12-8-14-11-14-13-10	10-7-10-11-11-12-9-12-12-11-10-12
56	11	10-10-10-10-13-10-10-10-10-10-10-10	10-13-12-9-11-12-14-10-10-10-10-10	8-10-10-9-9-10-10-10-10-9-12-10	10-10-10-9-9-10-10-6-12-10-9-8	9-8-10-9-10-12-10-10-12-10-9-9	10-10-9-10-7-8-12-10-13-7-9-10	9-12-10-10-10-11-12-10-11-7-9-10	7-9-9-9-9-8-10-10-3-10-10-8	11-8-3-10-13-10-10-10-12-9-9-11	10-9-13-8-11-10-10-10-9-8-8-9	10-14-10-5-10-10-8-10-8-10-9-11	10-6-8-10-10-10-9-10-10-10-10-10
56	12	10-10-10-10-11-11-10-14-10-11-10-10	10-11-11-12-13-11-12-11-10-10-10-11	8-12-10-9-12-13-11-13-10-13-11-11	12-10-10-13-13-13-10-6-11-11-13-8	9-10-12-9-10-11-11-10-11-10-10-6	12-10-9-12-7-8-11-10-11-7-3-13	14-11-13-10-10-12-11-10-13-9-12-10	8-9-8-12-12-8-7-9-14-8-8-8	8-8-3-12-13-10-12-10-11-12-12-11	1-10-10-10-12-12-10-5-12-8-8-12	10-11-10-5-10-10-8-0-8-10-12-12	7-6-8-12-8-10-12-10-10-8-12-10
56	13	11-10-11-10-11-11-10-10-10-14-10-11	10-11-10-12-12-11-12-14-10-10-14-14	8-12-12-9-12-12-11-14-14-12-11-13	14-13-12-14-12-12-10-8-11-10-12-8	8-8-11-10-11-13-12-14-12-13-12-10	10-10-9-13-13-14-12-11-11-11-11-12	8-11-13-10-10-13-12-14-13-14-8-11	10-9-11-12-11-14-11-10-10-10-8-14	10-13-8-12-9-10-13-13-12-12-12-10	10-10-10-14-10-12-11-10-10-14-8-9	10-12-10-10-10-12-14-13-8-10-10-13	13-10-13-10-10-10-12-13-10-13-10-10
56	14	14-14-14-10-14-14-10-14-14-13-14-14	13-11-14-9-14-11-11-13-12-14-13-13	12-14-14-9-14-14-14-13-13-14-14-14	13-14-12-13-14-14-10-14-14-14-14-8	9-8-14-14-13-14-13-13-11-14-6-10	14-14-12-13-14-8-14-14-14-14-14-10	12-14-14-14-10-14-11-10-14-14-12-14	14-9-9-14-14-13-7-12-12-14-10-13	13-8-3-14-9-14-14-12-14-10-12-11	10-14-14-10-14-14-14-10-14-14-8-14	10-11-14-14-10-8-8-13-14-10-14-14	14-14-14-10-10-14-14-8-14-14-14-10
57	0	0-0-0-0-0-0-0-0-0-0-0-0	0-0-0-0-0-0-0-0-0-0-0-0	0-0-0-0-0-0-0-0-0-0-0-0	0-0-0-0-0-0-0-0-0-0-0-0	0-0-0-0-0-0-0-0-0-0-0-0	0-0-0-0-0-0-0-0-0-0-0-0	0-0-0-0-0-0-0-0-0-0-0-0	0-0-0-0-0-0-0-0-0-0-0-0	0-0-0-0-0-0-0-0-0-0-0-0	0-0-0-0-0-0-0-0-0-0-0-0	0-0-0-0-0-0-0-0-0-0-0-0	0-0-0-0-0-0-0-0-0-0-0-0
57	1	1-0-1-1-1-1-1-1-1-1-1-1	1-0-0-0-0-1-1-0-1-1-0-1	3-1-2-0-0-2-0-2-1-0-0-0	2-2-3-1-1-1-0-1-0-0-0-5	0-1-5-0-2-0-2-2-2-1-0-5	5-1-0-1-1-2-0-1-0-0-0-1	5-0-0-5-1-1-0-0-0-1-5-1	1-1-0-1-1-2-3-0-1-1-5-2	1-2-1-1-2-1-2-0-1-1-1-0	1-1-3-2-0-0-0-0-4-2-1-0	2-1-1-0-0-1-6-2-2-1-0-1	1-0-1-1-1-1-1-3-1-1-1-0
57	2	2-2-2-2-2-2-2-2-2-2-2-3	2-0-2-2-2-3-1-4-2-2-3-3	1-1-1-3-3-1-3-1-3-2-3-3	3-3-1-3-3-3-0-3-3-1-3-1	3-1-3-3-1-2-1-3-1-2-3-3	3-3-2-2-2-1-2-3-2-2-9-1	3-2-2-1-2-2-2-2-2-0-3-2	2-2-3-2-2-1-1-2-2-1-1-1	1-1-1-2-12-0-1-1-3-2-2-2	2-2-1-3-3-3-2-3-0-1-1-2	1-2-1-0-2-2-1-1-1-2-2-2	1-0-1-1-1-1-2-1-3-2-2-2
57	3	3-3-3-3-3-3-3-3-3-3-3-3	4-3-3-2-3-3-4-4-3-4-2-3	1-4-2-2-2-4-2-4-2-4-4-2	2-4-1-2-2-2-3-2-2-3-2-1	2-1-2-2-4-2-4-2-3-6-2-2	2-2-5-6-3-5-4-2-3-3-6-3	2-3-3-1-4-3-3-3-3-3-2-6	3-2-2-4-3-3-3-2-6-3-3-1	3-1-3-3-2-0-3-4-2-2-2-4	2-3-1-2-2-2-2-3-0-4-2-3	3-3-3-0-8-3-1-3-2-4-2-3	1-3-1-1-3-3-2-1-2-4-2-2
57	4	4-4-4-4-3-4-4-4-4-4-4-4	5-4-4-5-4-5-3-5-3-3-2-5	1-3-3-2-2-3-5-6-4-3-5-5	2-3-5-3-2-2-6-2-5-6-3-1	2-1-1-2-3-5-3-2-3-1-2-2	3-3-3-3-4-3-5-2-4-4-3-4	2-2-4-1-3-4-4-5-7-4-2-3	4-2-3-5-2-3-6-4-3-4-3-3	4-1-3-3-4-6-1-3-5-6-5-4	1-3-4-5-2-2-2-4-5-3-1-3	1-5-4-0-5-3-1-5-1-3-5-3	1-3-1-1-3-4-2-1-4-5-4-4
57	5	5-5-5-5-6-5-4-5-5-5-5-5	4-6-6-4-6-6-1-4-4-6-2-4	1-5-5-2-2-3-4-6-5-5-6-4	3-6-6-2-2-2-6-2-6-7-3-1	2-1-1-6-3-4-6-5-6-1-9-1	1-2-3-3-5-3-6-2-5-5-7-4	1-2-6-1-3-4-5-6-4-4-1-6	4-2-3-4-2-1-5-3-3-5-1-5	1-1-4-4-4-1-1-4-4-4-4-4	4-9-5-4-6-2-2-7-4-1-1-5	1-4-12-12-6-10-5-4-1-3-4-3	4-5-1-1-1-5-2-5-5-4-6-6
57	6	6-5-7-5-5-5-5-4-5-6-5-5	4-5-5-8-5-5-7-7-7-5-7-7	7-6-7-7-7-3-7-7-7-5-5-7	7-7-5-6-7-7-5-7-5-4-7-6	7-1-10-8-1-4-7-7-5-7-7-6	7-7-3-3-5-7-5-7-3-4-3-7	7-2-5-7-3-6-5-7-4-4-7-5	3-7-7-7-2-6-5-4-3-7-6-5	7-1-11-3-6-6-1-7-7-7-8-6	2-7-8-6-10-2-6-6-6-1-6-6	7-3-5-5-5-8-1-6-7-11-6-3	6-6-6-6-7-7-2-1-6-5-5-5
57	7	7-7-7-7-5-7-7-7-5-7-6-8	4-8-8-6-8-8-6-6-7-7-6-8	6-7-6-6-6-5-6-6-6-9-8-6	6-6-7-6-6-6-8-6-8-8-8-1	6-1-6-6-9-8-6-6-8-8-8-6	6-6-8-7-10-6-8-6-8-7-6-6	9-8-7-6-10-7-7-8-4-4-6-6	7-8-6-6-8-8-12-7-3-7-6-5	6-1-3-3-4-7-9-6-6-6-7-8	8-6-7-6-6-8-6-5-6-1-6-6	8-3-5-5-9-5-1-8-6-3-7-7	8-6-6-6-6-7-2-5-8-7-7-11
57	8	7-7-7-8-9-7-4-9-7-7-7-7	4-7-7-6-7-7-8-10-8-7-6-12	8-9-9-9-8-10-7-8-9-8-7-8	8-8-8-6-6-9-8-6-7-7-9-10	9-10-6-9-10-7-7-8-7-8-8-8	10-9-7-8-8-12-7-8-7-7-11-9	8-8-7-10-8-8-5-7-3-6-10-11	11-7-10-7-7-12-7-7-6-8-8-10	8-8-3-10-10-8-10-9-6-7-6-7	7-10-6-9-9-7-7-4-8-10-10-6	10-8-5-9-3-6-10-7-10-3-7-3	7-6-8-6-8-9-7-8-7-8-7-7
57	9	10-9-10-12-9-9-10-10-10-12-9-12	10-7-7-11-11-10-10-10-10-10-10-10	9-10-11-9-9-10-9-9-10-10-9-9	11-8-10-9-8-8-10-6-7-9-8-8	8-8-6-8-8-9-10-11-7-9-8-9	9-8-7-10-7-8-7-11-11-9-2-8	7-10-9-10-9-11-6-8-7-9-12-10	8-9-11-10-7-10-10-7-7-10-8-9	9-9-9-8-9-11-12-8-10-12-11-7	9-10-7-8-8-9-9-9-10-9-8-9	8-9-10-8-10-10-9-10-7-12-7-9	10-9-9-7-9-10-9-10-10-7-10-9
57	10	9-10-9-9-9-9-9-9-9-9-10-9	9-11-11-9-9-9-9-9-9-9-9-9	12-9-9-9-6-9-11-9-9-9-11-10	10-8-9-9-6-9-9-6-11-10-10-8	2-8-6-6-8-11-9-9-11-9-11-6	8-10-3-9-7-6-11-11-10-10-6-10	6-11-9-10-11-10-12-9-10-9-8-9	10-11-8-9-7-9-7-7-3-9-9-8	8-8-3-8-8-9-8-6-11-9-6-7	7-8-10-12-6-9-9-9-11-8-8-9	8-11-9-9-9-9-8-9-6-9-7-10	9-6-8-6-9-9-2-9-11-10-9-7
57	11	10-9-9-9-9-9-9-9-9-11-9-9	9-10-10-9-9-9-9-9-9-9-9-9	11-9-9-12-11-10-10-9-9-11-10-9	9-8-11-9-11-11-9-6-10-11-10-12	2-10-6-6-8-10-12-9-10-9-10-6	11-9-3-11-7-8-10-10-9-10-8-11	12-10-10-11-10-9-10-7-3-12-6-11	8-10-9-11-11-9-7-12-11-8-12-8	8-8-12-11-11-9-9-11-10-9-12-7	12-11-11-10-5-7-11-10-10-8-8-11	11-10-5-5-10-11-8-9-11-11-7-3	12-11-11-11-11-7-11-8-10-11-9-7
57	12	12-12-12-9-12-9-9-12-12-9-12-12	11-10-10-9-9-9-9-9-9-12-11-8	11-10-12-11-12-12-12-12-9-12-12-10	11-12-10-12-12-12-9-12-12-12-12-11	12-1-12-12-12-12-11-12-10-12-12-6	12-12-12-11-12-8-11-12-12-12-12-11	11-12-12-12-10-12-10-11-12-12-9-11	12-12-11-12-12-8-7-11-11-11-11-8	11-12-11-12-2-12-12-6-12-9-11-11	11-12-12-12-12-12-12-9-12-12-8-12	8-12-5-5-7-11-8-9-12-9-12-12	11-12-12-11-9-12-12-8-12-12-12-7
58	0	0-0-0-0-0-0-0-0-0-0-0-0	0-0-0-0-0-0-0-0-0-0-0-0	0-0-0-0-0-0-0-0-0-0-0-0	0-0-0-0-0-0-0-0-0-0-0-0	0-0-0-0-0-0-0-0-0-0-0-0	0-0-0-0-0-0-0-0-0-0-0-0	0-0-0-0-0-0-0-0-0-0-0-0	0-0-0-0-0-0-0-0-0-0-0-0	0-0-0-0-0-0-0-0-0-0-0-0	0-0-0-0-0-0-0-0-0-0-0-0	0-0-0-0-0-0-0-0-0-0-0-0	0-0-0-0-0-0-0-0-0-0-0-0
58	1	0-0-0-0-1-1-0-0-0-1-0-0	2-0-0-0-0-1-2-2-2-0-0-2	2-3-2-0-2-0-2-0-2-0-2-1	2-2-1-0-0-2-2-1-1-0-0-7	0-0-5-0-2-0-2-2-0-0-1-0	0-2-0-7-2-5-2-0-1-1-0-2	2-0-0-1-2-0-0-0-1-0-0-0	1-0-0-1-0-0-0-1-1-1-0-0	0-2-1-1-0-0-1-1-0-0-1-0	0-0-1-1-1-1-0-1-1-2-1-0	0-1-0-0-0-1-6-0-5-1-1-1	0-1-1-1-6-0-1-0-0-1-1-0
58	2	2-2-2-2-2-2-2-2-3-2-2-3	1-1-2-6-2-3-1-2-1-2-3-1	1-3-1-3-3-0-3-0-1-3-3-3	3-1-1-3-3-3-1-3-3-2-3-1	3-0-1-4-1-2-3-3-0-2-3-3	3-1-3-2-1-3-1-3-0-2-0-1	2-4-2-1-1-0-2-3-1-2-3-2	2-2-3-2-2-1-2-2-2-1-2-0	0-1-2-0-8-2-1-2-2-4-2-2	2-2-1-3-3-3-2-2-1-1-0-3	0-2-4-0-0-2-1-2-0-2-2-2	0-2-2-1-0-0-2-0-0-1-2-0
58	3	3-3-2-3-3-3-3-4-3-3-3-3	4-3-2-2-3-4-2-4-3-4-2-4	1-2-2-2-2-6-2-4-1-6-2-2	2-4-4-2-2-2-3-2-2-3-2-1	2-3-6-2-4-3-4-2-3-3-4-2	2-5-4-6-3-2-4-4-3-3-10-3	5-2-3-3-4-1-3-4-3-4-2-5	8-3-2-4-3-3-3-4-3-1-3-3	3-1-3-4-2-3-3-2-3-3-2-3	3-3-3-2-2-2-3-3-1-3-3-2	3-6-3-0-3-3-1-3-3-4-3-3	3-3-1-4-3-3-6-3-3-1-2-3
58	4	4-4-4-4-4-5-4-3-4-4-4-4	3-4-4-2-5-3-3-2-3-3-2-5	1-4-4-4-2-0-5-3-5-3-5-4	3-3-5-2-2-2-6-2-5-4-2-1	2-1-1-2-3-5-3-3-3-2-3-3	2-3-3-1-3-2-5-3-3-4-4-3	3-2-4-1-3-4-4-6-4-3-2-3	4-3-3-3-3-0-4-3-3-1-3-0	4-1-3-3-3-3-3-3-4-3-2-3	4-5-4-4-2-2-3-4-5-1-1-2	6-3-6-0-3-3-5-7-8-3-5-3	3-3-1-3-5-5-3-0-0-4-5-3
58	5	5-7-5-5-5-4-5-5-5-5-5-5	6-6-4-2-6-6-7-6-4-3-5-4	1-5-5-6-4-3-4-6-6-3-6-5	2-3-6-2-2-2-6-2-6-6-3-1	2-0-1-6-3-4-5-5-6-3-3-3	2-3-3-1-5-1-6-3-5-5-5-3	3-2-5-1-3-7-13-4-4-5-2-3	5-5-2-4-3-0-5-3-3-5-3-0	5-1-3-3-5-3-5-2-6-5-8-3	4-4-5-10-2-5-5-3-4-1-1-2	4-5-16-6-5-5-4-3-1-3-4-3	3-3-1-5-4-4-2-0-15-6-5-10
58	6	4-5-5-5-5-6-5-6-7-6-7-5	5-5-5-2-5-5-7-3-7-3-7-7	7-7-7-7-7-3-7-7-5-3-5-6	6-7-7-7-7-7-5-7-5-5-3-1	7-1-3-7-3-4-7-7-5-7-7-6	7-7-7-3-5-8-5-3-3-5-7-7	3-2-5-7-3-6-5-7-4-8-7-3	3-7-2-7-3-6-5-7-3-5-6-3	7-1-3-8-6-3-7-7-5-7-8-6	3-7-11-6-7-7-6-4-6-1-6-7	4-3-4-7-6-8-1-6-3-6-6-3	6-6-6-6-7-6-3-0-5-6-5-5
58	7	7-5-7-7-7-7-7-7-7-7-7-7	6-8-8-6-8-8-6-7-6-3-6-6	6-7-6-6-6-8-6-6-8-7-8-6	6-6-6-6-6-6-7-6-8-7-8-1	6-1-9-6-3-8-8-6-8-7-6-6	6-6-8-16-13-6-8-7-8-7-6-6	2-10-7-6-16-5-10-6-6-14-6-3	7-6-8-6-3-3-8-10-3-7-6-0	6-1-3-6-7-6-6-6-6-6-7-13	8-6-7-6-6-6-8-8-1-1-6-6	0-3-5-7-7-7-9-6-3-3-7-7	15-3-6-6-6-7-2-5-13-7-15-7
58	8	8-9-8-8-8-7-8-7-8-8-7-5	7-7-7-2-7-7-9-10-10-9-9-10	8-9-10-6-8-7-7-9-10-8-7-8	8-8-9-6-6-9-8-6-7-9-7-9	2-9-1-6-10-7-7-8-7-8-8-8	2-9-7-8-8-10-7-9-7-5-14-9	8-2-8-10-8-8-12-9-6-7-10-6	3-7-14-7-6-9-7-7-6-8-9-10	8-8-3-6-6-8-1-10-6-3-6-6	10-6-6-7-10-6-7-4-14-10-9-2	10-2-5-15-3-10-10-10-10-6-7-8	8-3-8-6-10-8-2-8-8-7-7-7
58	9	10-11-10-10-10-11-10-10-10-10-10-10	11-11-10-10-12-10-10-11-11-10-11-11	9-8-11-10-10-10-10-8-12-10-10-10	10-8-10-9-6-8-11-6-9-11-9-8	16-8-9-11-9-9-9-9-9-10-10-8	12-10-11-9-10-11-10-10-11-9-12-9	10-13-10-9-8-9-11-10-10-7-12-9	9-7-15-9-10-10-7-7-3-7-8-8	9-10-9-6-11-10-10-8-10-16-9-10	10-11-10-16-10-12-14-11-14-10-8-13	11-11-11-8-14-12-16-11-8-14-15-10	10-14-9-16-11-10-11-13-11-9-7-11
58	10	9-9-9-9-9-9-9-9-9-9-9-9	9-9-9-11-9-9-9-11-9-9-9-9	12-11-8-9-12-13-9-9-8-9-9-9	9-9-9-9-10-11-9-12-12-9-11-1	12-8-11-12-8-10-9-11-10-9-9-6	9-9-12-9-9-8-11-9-9-9-3-9	12-9-9-8-9-9-7-9-9-9-8-11	9-10-8-11-12-9-7-16-3-10-9-8	8-9-3-6-16-9-9-8-9-9-10-9	9-12-9-9-9-9-7-4-1-9-8-11	8-9-9-8-9-9-8-9-8-9-9-8	9-3-8-6-8-9-9-9-5-9-7-5
58	11	9-9-9-9-9-9-9-9-9-9-9-9	9-9-9-10-9-9-9-9-9-9-9-9	11-12-14-9-10-10-12-12-9-9-12-12	12-11-9-11-10-12-9-10-9-9-10-16	10-14-12-10-13-10-12-10-11-11-11-11	9-15-10-11-11-16-10-9-9-9-11-11	11-9-9-16-8-9-9-12-11-9-14-10	9-10-14-10-10-12-7-10-10-8-11-15	11-13-12-12-9-9-15-12-14-9-10-10	9-9-6-9-13-10-9-9-12-14-14-10	12-9-9-8-9-9-11-9-14-9-9-8	9-3-9-11-9-9-9-9-8-11-7-9
58	12	9-9-9-9-9-9-9-9-9-9-9-9	9-13-13-10-9-9-9-12-9-9-9-9	11-11-11-10-10-10-11-11-9-11-13-11	11-11-12-10-10-11-9-10-13-13-13-1	10-8-11-10-11-12-11-12-12-11-9-6	9-9-10-11-9-11-12-12-12-12-9-12	10-10-9-12-11-12-8-11-12-7-11-3	9-10-9-10-10-11-13-7-3-11-9-11	9-11-11-11-12-9-9-11-9-9-10-12	9-10-12-9-9-9-6-13-11-11-11-10	11-9-9-9-5-9-11-9-11-3-9-9	9-15-8-6-8-9-9-9-9-11-7-9
58	13	9-9-9-9-9-9-9-9-9-9-9-12	9-12-12-14-9-9-14-14-9-9-14-15	11-13-15-10-14-10-14-11-15-14-12-14	14-11-14-15-14-14-9-10-12-12-12-14	14-11-14-13-11-13-14-14-13-9-13-14	14-14-14-11-9-11-14-13-12-9-3-14	16-9-9-13-7-11-5-14-12-7-11-14	11-10-11-13-14-9-12-10-3-11-11-11	11-11-12-14-6-9-11-11-12-9-13-12	9-9-15-9-11-15-12-9-8-11-11-10	8-3-7-8-5-11-11-9-11-13-9-15	9-12-8-15-9-9-14-9-5-11-7-5
58	14	15-16-9-9-9-14-9-9-9-9-9-9	9-15-9-13-9-9-13-13-9-9-13-13	11-13-11-10-13-13-13-11-13-13-15-13	13-11-15-13-13-13-9-10-15-15-12-13	13-11-13-13-11-15-13-13-15-14-13-13	13-13-13-14-14-11-13-14-15-14-8-14	13-15-9-13-16-14-15-15-14-7-11-13	9-16-11-13-13-11-5-7-3-14-8-11	9-11-11-14-12-9-9-11-11-9-13-14	9-14-14-15-15-9-14-14-8-11-11-15	8-9-15-14-9-9-8-9-11-9-9-13	9-15-8-9-8-9-13-9-15-15-15-15
58	15	14-9-9-9-9-14-9-9-9-9-9-9	9-14-9-10-9-9-13-13-9-9-16-13	16-13-13-16-15-12-16-11-13-14-14-15	16-15-16-13-13-15-9-10-14-14-15-11	15-11-13-14-11-14-16-13-14-9-15-13	15-11-13-13-9-11-14-13-14-9-14-13	16-14-9-13-15-15-14-14-9-7-11-13	11-14-9-14-13-9-7-10-15-14-15-11	16-11-12-14-6-9-11-11-14-9-13-12	15-15-13-14-14-15-14-4-8-11-11-14	14-3-14-14-7-8-8-15-11-15-9-13	9-14-8-15-9-9-9-9-5-14-14-14
58	16	16-16-16-16-16-16-9-16-16-9-16-16	9-9-16-13-9-9-9-10-9-16-13-15	11-15-16-15-16-16-15-16-15-16-16-16	15-16-15-15-16-16-9-16-16-16-16-11	16-11-16-16-16-16-15-16-14-16-10-6	16-16-13-15-16-11-16-16-16-16-16-14	13-16-16-16-14-16-16-15-16-16-9-14	16-14-10-16-16-11-7-10-15-16-15-11	15-16-16-16-10-9-9-10-16-9-13-15	15-16-16-16-16-9-16-9-16-16-16-16	9-16-5-16-3-9-11-9-16-16-9-16	9-16-16-15-14-16-16-9-16-16-16-14
59	0	0-0-0-0-0-0-0-0-0-0-0-0	0-0-0-0-0-0-0-0-0-0-0-0	0-0-0-0-0-0-0-0-0-0-0-0	0-0-0-0-0-0-0-0-0-0-0-0	0-0-0-0-0-0-0-0-0-0-0-0	0-0-0-0-0-0-0-0-0-0-0-0	0-0-0-0-0-0-0-0-0-0-0-0	0-0-0-0-0-0-0-0-0-0-0-0	0-0-0-0-0-0-0-0-0-0-0-0	0-0-0-0-0-0-0-0-0-0-0-0	0-0-0-0-0-0-0-0-0-0-0-0	0-0-0-0-0-0-0-0-0-0-0-0
59	1	1-1-1-1-1-1-1-1-1-1-1-1	1-0-0-1-0-1-1-1-1-0-0-0	1-1-2-0-1-2-2-1-1-0-0-1	2-2-2-1-1-2-0-1-0-0-0-1	0-2-2-0-2-0-2-1-2-1-1-1	1-1-0-0-1-1-0-1-0-0-0-1	1-0-0-2-1-1-0-1-0-1-1-0	1-0-2-1-1-1-0-1-1-1-2-2	2-2-2-1-1-1-2-1-0-1-1-1	1-1-1-1-2-0-1-0-1-1-1-1	1-0-1-0-1-1-1-2-1-1-1-1	1-1-1-1-1-1-1-1-0-1-1-0
59	2	2-2-2-2-2-2-2-2-2-2-2-3	3-2-0-2-2-2-2-3-1-2-3-3	1-3-1-3-3-1-3-3-3-2-3-3	1-2-1-3-3-3-0-3-3-0-3-1	2-1-1-3-1-2-3-3-1-2-2-4	2-1-3-2-2-4-3-2-0-0-8-3	2-4-0-1-2-1-2-3-0-2-3-2	2-3-3-3-2-1-0-3-1-2-3-1	2-1-1-2-3-0-1-2-0-4-3-2	1-2-2-2-3-3-5-0-1-1-1-2	2-0-1-5-0-2-1-1-1-2-2-2	1-2-1-1-1-2-2-1-0-2-3-2
59	3	3-3-2-3-3-3-3-3-3-3-3-2	4-3-0-2-3-4-2-4-3-4-2-4	1-2-4-2-2-6-2-4-4-6-2-2	4-4-4-4-2-5-3-2-2-3-6-1	2-1-2-2-4-2-4-4-3-3-4-2	6-4-5-6-3-3-2-2-3-3-10-2	1-3-3-1-4-2-4-2-3-3-2-7	8-2-2-4-2-1-0-4-7-1-2-3	3-1-3-3-2-6-1-4-0-3-2-4	3-3-1-2-2-2-3-3-1-4-3-2	3-3-3-0-3-3-3-3-7-4-4-3	1-3-1-1-6-3-2-3-0-2-2-2
59	4	4-4-4-4-4-5-4-4-4-4-4-4	3-4-4-2-4-5-3-3-3-3-2-5	2-4-3-2-2-2-5-3-5-3-5-4	3-3-5-3-2-3-5-2-5-4-3-1	2-1-1-2-3-6-3-3-3-2-3-2	3-3-3-3-3-2-5-2-4-4-11-4	2-2-7-1-3-0-6-5-4-3-2-5	4-2-2-5-2-4-4-3-3-4-5-3	4-1-3-2-4-3-4-3-4-2-2-3	5-2-4-4-2-5-3-4-5-3-1-2	3-3-6-4-6-3-5-3-3-3-5-3	1-3-3-1-5-4-2-3-4-4-4-5
59	5	5-5-5-5-5-4-5-5-5-5-5-5	6-6-4-2-6-6-2-6-4-3-5-4	2-5-5-6-2-3-4-6-7-3-6-5	3-3-6-2-2-3-6-2-6-6-3-1	2-1-1-6-3-4-6-5-6-5-3-2	2-3-3-3-5-3-6-6-5-5-12-4	12-2-6-1-3-5-6-4-6-5-1-4	5-2-3-4-2-1-5-3-4-5-4-5	5-1-3-3-5-3-1-3-6-4-5-3	4-2-5-1-2-5-8-4-4-3-1-2	3-5-6-4-5-5-4-3-1-3-4-3	1-3-1-1-4-4-2-5-5-8-6-6
59	6	4-6-5-5-5-4-5-4-7-5-4-5	5-5-4-6-5-5-8-7-7-3-7-7	10-7-7-5-7-3-7-7-5-3-5-6	7-7-7-7-7-7-5-7-5-5-3-1	7-1-1-5-3-4-7-7-5-7-6-7	7-7-7-8-5-3-5-5-5-5-7-7	1-2-5-1-3-6-5-7-4-8-7-6	3-7-3-7-2-8-5-7-3-4-6-3	7-1-3-7-6-3-1-7-5-7-8-6	4-2-8-6-7-6-6-4-6-3-6-2	4-3-5-6-6-8-1-6-3-6-6-3	1-6-6-6-7-6-2-3-5-6-5-5
59	7	7-7-7-7-7-7-7-7-7-7-8-8	8-8-8-6-7-8-6-8-6-8-6-8	6-6-6-6-6-3-6-7-8-8-8-6	6-6-6-6-6-6-7-6-8-8-8-1	6-1-9-6-3-8-6-6-8-7-8-6	6-6-8-7-8-3-8-7-8-7-6-6	2-7-7-1-3-5-7-6-5-7-6-3	7-8-7-6-2-1-13-7-3-7-6-3	6-1-3-6-5-6-1-6-8-6-8-10	7-2-7-6-6-7-6-7-9-3-6-7	3-3-5-4-4-9-7-9-3-6-8-3	8-3-6-1-6-7-2-7-7-6-5-7
59	8	7-7-7-8-7-7-7-7-7-7-7-7	6-7-7-8-7-5-8-7-7-7-6-7	8-8-9-8-8-9-9-8-8-7-7-8	8-8-9-6-6-9-8-6-7-7-8-9	6-9-1-8-10-7-7-7-7-8-7-8	9-8-7-8-8-10-7-9-7-5-8-6	8-7-12-1-8-8-5-9-3-6-8-6	3-7-9-7-7-10-7-7-7-8-8-11	8-8-3-6-2-8-8-8-5-3-7-6	7-9-6-8-9-7-7-4-8-10-8-2	10-8-8-11-7-8-10-9-10-6-7-3	7-7-8-6-8-8-2-8-8-7-5-4
59	9	13-10-9-9-10-11-10-10-11-10-10-13	10-12-10-10-10-10-10-11-11-11-10-10	8-8-8-13-11-10-10-10-11-10-10-10	10-9-10-10-6-8-10-10-10-10-9-8	13-8-9-10-9-9-10-9-10-9-10-6	9-10-10-9-10-12-10-10-9-9-5-10	9-10-10-9-10-9-10-10-10-10-13-10	9-11-10-9-9-8-12-13-12-10-8-8	9-9-9-9-13-10-13-8-10-13-9-10	10-12-12-10-10-11-9-10-8-9-8-10	8-10-10-9-10-9-8-10-8-9-10-9	10-9-9-9-9-10-9-10-10-9-9-7
59	10	9-9-9-9-9-9-9-9-9-9-9-9	9-9-9-9-9-9-9-9-9-9-9-9	8-11-11-9-9-9-9-9-9-9-9-9	9-8-9-9-11-11-9-6-9-9-11-12	11-8-11-9-8-9-11-11-9-9-9-11	9-9-11-10-9-8-9-9-9-9-3-9	11-9-9-10-9-10-9-9-9-9-11-9	9-10-9-11-10-8-7-9-3-9-11-8	8-8-11-11-13-9-11-8-9-9-10-9	11-10-9-9-11-10-11-9-11-8-11-9	8-9-9-8-9-12-8-11-11-10-9-8	9-10-8-11-11-9-11-9-9-11-9-5
59	11	9-9-9-9-9-9-9-9-9-9-9-9	9-9-9-9-9-9-9-9-9-9-9-9	8-10-10-9-12-9-10-9-9-9-9-11	10-12-12-12-10-10-9-6-9-12-10-1	10-8-10-12-12-12-12-10-12-11-9-10	12-10-10-10-11-8-12-9-11-11-5-11	10-9-9-12-12-9-11-12-11-9-10-12	9-10-9-10-10-9-9-9-11-9-10-8	9-9-10-10-9-9-10-12-9-11-10-9	10-10-9-12-10-9-10-11-10-8-10-9	8-11-12-8-12-11-8-10-10-10-12-8	9-11-8-10-10-9-10-9-5-12-9-11
59	12	9-9-9-9-9-9-9-9-9-9-9-9	9-9-9-9-9-9-9-12-9-9-9-9	12-12-13-9-11-9-12-9-9-9-11-12	13-11-11-11-10-10-9-6-9-11-10-12	10-12-13-11-11-11-11-12-11-12-9-6	11-9-11-10-12-8-11-10-9-11-5-12	13-9-8-11-11-12-9-11-11-9-10-11	9-7-9-10-10-11-9-9-9-9-10-8	9-9-10-10-10-9-12-11-11-9-10-9	10-10-12-11-11-10-6-9-8-9-12-9	12-9-11-8-11-10-8-10-10-10-11-8	12-11-12-12-12-9-10-9-5-11-9-5
59	13	13-9-13-13-13-9-9-13-13-9-13-13	9-9-9-9-9-9-9-12-9-13-9-9	9-12-13-9-13-13-13-13-9-13-13-11	12-13-11-12-13-13-9-13-13-13-13-12	9-12-12-13-13-13-12-13-9-13-9-6	13-13-13-13-13-8-13-13-13-13-13-13	10-13-13-13-12-13-9-11-13-9-9-13	13-13-2-12-13-8-7-9-11-9-11-8	9-13-13-13-9-9-13-9-13-9-10-9	4-13-13-13-13-9-13-12-13-13-13-13	10-9-9-13-11-3-8-9-13-13-9-13	12-13-13-12-10-13-13-9-13-13-13-5
60	0	0-0-0-0-0-0-0-0-0-0-0-0	0-0-0-0-0-0-0-0-0-0-0-0	0-0-0-0-0-0-0-0-0-0-0-0	0-0-0-0-0-0-0-0-0-0-0-0	0-0-0-0-0-0-0-0-0-0-0-0	0-0-0-0-0-0-0-0-0-0-0-0	0-0-0-0-0-0-0-0-0-0-0-0	0-0-0-0-0-0-0-0-0-0-0-0	0-0-0-0-0-0-0-0-0-0-0-0	0-0-0-0-0-0-0-0-0-0-0-0	0-0-0-0-0-0-0-0-0-0-0-0	0-0-0-0-0-0-0-0-0-0-0-0
60	1	0-1-0-1-1-1-0-0-0-0-1-0	0-0-0-0-0-1-1-0-0-0-0-1	3-2-0-0-0-0-0-0-0-0-0-1	2-0-2-0-1-0-0-1-1-0-0-9	0-0-9-1-1-0-0-0-2-1-1-1	0-1-0-0-0-0-2-1-0-0-0-1	1-0-0-9-0-1-0-0-0-0-1-0	1-0-0-1-1-0-0-0-3-1-0-0	1-1-0-0-0-0-1-1-0-1-1-1	0-1-1-1-0-0-0-0-1-3-1-0	0-1-0-0-0-1-1-0-3-1-1-1	1-1-1-1-1-1-1-0-0-1-0-0
60	2	3-2-2-2-3-3-3-2-3-3-2-3	3-3-3-2-3-3-3-2-3-3-3-3	2-3-3-3-2-4-2-2-3-2-2-2	2-2-3-3-2-2-3-4-2-3-2-2	14-2-1-3-3-2-2-2-1-3-6-2	2-1-3-3-3-5-1-4-3-2-12-3	2-3-3-2-3-2-3-3-3-2-5-2	2-2-2-2-2-9-4-3-2-3-2-3	2-2-3-2-2-4-1-2-3-4-2-1	2-2-3-5-2-4-8-2-3-2-8-4	2-3-3-4-3-3-2-2-2-2-4-2	2-1-2-1-3-5-4-4-13-5-5-15
60	3	2-2-2-2-2-2-2-2-2-2-2-2	2-2-2-3-2-2-2-2-2-2-2-2	1-2-4-2-5-4-4-4-2-3-5-4	4-2-2-2-3-4-2-6-4-2-4-1	5-1-1-4-4-3-3-3-3-2-2-3	2-1-3-3-2-2-3-2-2-2-3-3	3-2-2-1-3-2-2-2-2-3-3-3	2-3-4-3-3-2-2-2-1-2-3-2	1-2-2-3-4-2-1-5-2-3-3-3	7-3-2-2-3-4-3-3-1-2-1-4	0-2-2-2-4-2-1-2-1-3-2-3	2-3-5-3-2-2-7-2-4-2-4-2
60	4	2-2-2-2-5-2-2-5-2-2-2-2	2-2-2-3-2-2-2-5-2-5-2-4	3-3-3-3-3-7-3-3-2-5-5-3	3-5-5-2-3-3-2-2-3-4-3-2	3-4-2-3-5-3-5-5-4-4-2-3	2-5-6-6-4-2-5-2-4-4-14-4	3-4-4-4-5-4-4-4-4-5-3-5	4-3-3-5-4-2-2-5-5-2-3-2	4-7-4-4-3-2-4-5-2-2-3-3	5-4-4-5-3-5-4-2-5-2-4-2	4-2-4-2-3-4-1-4-4-14-2-4	2-4-2-4-4-2-4-2-3-4-3-2
60	5	5-2-5-5-4-5-6-4-5-2-5-5	2-6-5-2-2-2-2-6-2-4-2-6	1-5-3-3-3-4-6-7-2-4-6-6	3-4-6-3-3-3-7-2-3-6-3-1	3-2-1-3-4-6-4-4-4-5-2-3	2-4-4-4-5-2-6-4-4-5-10-5	3-5-6-1-4-5-5-6-6-4-3-4	6-3-2-4-3-2-5-4-4-5-4-2	2-5-4-4-8-2-4-4-14-6-6-6	4-6-5-6-6-4-4-2-6-2-4-6	4-2-10-2-2-5-10-2-4-6-6-4	2-6-3-4-2-2-6-2-12-2-12-10
60	6	6-6-5-6-6-6-6-7-6-7-7-6	5-7-6-3-7-5-2-5-2-5-2-5	3-6-3-7-3-6-5-5-7-6-7-5	6-6-7-3-3-4-7-3-7-7-6-1	3-2-1-7-4-5-7-6-7-4-2-3	3-4-4-4-6-2-7-7-6-5-6-4	4-7-7-1-5-6-7-5-6-6-3-6	5-4-5-7-6-2-6-4-4-2-4-2	2-4-5-4-6-2-6-7-7-6-5-5	2-5-4-5-5-5-10-8-6-2-4-5	5-2-5-7-7-10-1-4-4-5-5-4	2-5-3-4-2-2-5-2-2-7-7-6
60	7	5-6-7-7-4-7-2-6-8-6-7-6	2-6-6-9-6-5-2-4-2-4-8-8	8-7-8-8-8-4-8-5-6-4-6-7	7-8-6-7-9-8-6-8-6-6-4-2	12-1-7-8-4-5-8-8-6-9-7-7	4-9-7-9-7-9-6-7-4-5-9-9	3-6-6-1-5-4-6-8-6-10-8-8	2-8-7-8-7-2-6-7-4-7-7-2	4-4-6-4-10-2-4-8-6-8-10-10	10-4-4-7-7-7-7-6-6-2-4-8	4-2-5-6-6-10-1-4-4-10-2-4	5-7-7-7-4-7-3-0-2-7-6-5
60	8	6-8-8-8-8-9-8-8-7-8-8-8	2-12-9-7-6-9-14-9-7-9-7-9	7-8-7-7-7-4-9-9-8-8-9-7	7-8-7-7-7-7-6-7-9-9-8-1	7-1-1-7-2-8-7-7-8-7-7-7	3-7-7-8-8-7-9-8-4-8-7-8	4-11-8-1-9-6-6-9-8-11-7-7	13-7-9-9-9-2-10-7-4-10-2-2	7-5-4-4-5-2-9-7-9-7-8-8	2-3-8-6-7-7-9-6-9-2-9-7	4-2-6-6-0-10-15-4-4-4-2-9	2-7-7-4-2-2-9-2-10-9-6-9
60	9	9-9-8-9-9-11-10-9-9-9-10-9	11-10-8-7-6-8-11-8-8-8-7-8	8-9-7-7-8-10-8-11-11-11-10-9	9-10-10-7-7-7-9-7-8-8-10-1	7-2-1-7-11-8-8-9-8-7-7-7	2-7-7-7-9-7-8-8-9-9-10-7	4-12-9-1-10-9-12-8-9-9-1-7	9-7-8-8-10-2-8-8-4-11-7-2	2-4-8-10-7-11-8-7-8-9-9-14	2-4-9-10-7-10-8-10-9-2-8-7	4-2-5-6-10-11-11-10-4-3-2-8	8-7-3-7-2-2-8-10-10-8-10-8
60	10	9-11-11-9-9-9-9-11-11-11-9-11	11-9-9-11-9-8-12-12-11-8-13-12	11-11-12-12-11-11-9-9-11-11-9-9	11-11-9-12-7-11-11-7-11-11-9-11	9-10-11-11-10-8-11-11-10-10-12-11	10-11-11-10-9-11-11-7-9-8-9-7	15-9-9-1-9-6-9-11-10-7-7-9	4-7-10-11-9-10-8-14-4-8-10-2	4-10-15-11-7-15-10-11-11-10-7-7	7-4-10-9-7-7-11-9-11-10-4-7	4-2-5-6-9-15-11-7-4-7-11-10	9-7-11-10-4-2-10-9-9-8-9-5
60	11	11-10-11-11-13-9-11-11-11-10-11-12	10-12-13-10-11-9-10-13-10-8-10-12	10-10-10-10-10-10-10-9-9-12-12-9	10-10-10-10-10-10-12-7-10-10-12-10	7-0-10-10-10-12-10-10-12-11-10-10	10-10-10-8-9-10-12-11-9-5-11-11	1-10-9-1-14-11-9-10-9-8-3-12	2-10-10-10-10-2-9-8-4-9-10-2	11-10-10-10-11-10-9-11-10-11-3-9	10-4-8-12-3-7-10-9-10-10-11-7	11-11-12-9-9-9-10-4-4-3-10-4	11-7-10-4-2-13-10-2-12-12-12-8
60	12	13-11-13-15-11-11-9-15-12-15-9-11	13-8-8-10-14-13-13-13-13-13-10-11	14-13-10-13-10-13-13-13-13-11-13-12	10-14-13-10-7-13-11-7-10-10-11-13	7-13-10-10-14-11-13-13-11-12-10-10	13-14-10-14-9-12-11-11-9-8-2-13	13-9-9-13-13-12-9-11-9-15-13-11	8-7-13-12-12-13-8-10-12-8-13-2	13-14-12-13-7-2-13-12-13-13-7-7	14-12-12-13-12-9-13-9-13-14-13-7	13-2-11-6-12-15-12-12-14-13-13-10	12-13-13-12-12-2-12-12-11-11-11-5
60	13	12-15-15-13-14-14-13-15-14-12-15-13	12-14-11-10-15-12-12-12-15-8-10-14	12-12-12-12-10-12-12-12-12-14-14-13	12-12-12-10-7-12-14-7-14-13-14-12	3-12-12-10-12-13-12-12-14-12-10-10	12-12-10-14-9-12-14-13-13-13-12-12	12-14-9-12-12-13-14-10-9-14-12-12	13-10-12-12-13-12-14-10-12-13-12-2	12-12-12-12-13-13-12-12-13-12-7-9	12-12-13-12-7-12-12-6-12-12-12-13	12-13-14-14-12-9-2-12-12-12-12-12	12-12-12-12-12-13-12-14-14-11-14-13
60	14	13-13-15-15-13-15-14-15-15-15-15-15	15-13-9-15-15-15-15-15-13-13-15-15	12-14-15-15-14-15-14-12-13-13-13-14	14-12-15-14-14-12-13-7-13-12-13-12	15-12-12-10-12-13-15-14-13-14-10-10	12-12-15-12-9-12-13-14-13-8-4-15	12-13-11-12-12-12-13-15-13-13-14-14	13-14-2-14-14-12-13-10-12-8-12-2	4-12-4-14-15-2-12-12-5-9-14-9	12-14-14-12-13-5-10-9-12-12-12-7	12-2-13-13-13-12-15-12-12-4-2-4	12-14-10-12-12-2-14-13-13-11-13-5
60	15	15-15-14-15-15-15-15-15-15-14-15-15	14-13-15-14-15-14-14-14-13-15-14-14	13-14-15-14-13-14-15-15-12-15-15-15	14-15-14-14-15-15-14-7-15-15-15-12	14-12-15-15-15-15-14-15-14-15-7-7	15-15-14-15-15-10-15-15-15-15-15-14	12-15-15-15-11-15-15-14-15-15-10-14	15-14-10-15-15-10-8-14-14-12-15-15	4-15-10-15-14-15-15-15-15-2-15-10	12-15-15-15-15-15-15-14-15-15-15-15	15-2-15-6-15-12-15-15-15-15-15-15	15-15-15-12-15-15-15-12-15-15-14-2
61	0	0-0-0-0-0-0-0-0-0-0-0-0	0-0-0-0-0-0-0-0-0-0-0-0	0-0-0-0-0-0-0-0-0-0-0-0	0-0-0-0-0-0-0-0-0-0-0-0	0-0-0-0-0-0-0-0-0-0-0-0	0-0-0-0-0-0-0-0-0-0-0-0	0-0-0-0-0-0-0-0-0-0-0-0	0-0-0-0-0-0-0-0-0-0-0-0	0-0-0-0-0-0-0-0-0-0-0-0	0-0-0-0-0-0-0-0-0-0-0-0	0-0-0-0-0-0-0-0-0-0-0-0	0-0-0-0-0-0-0-0-0-0-0-0
61	1	1-1-1-2-1-1-1-1-1-1-2-1	1-1-1-2-1-1-2-2-1-2-2-2	1-2-2-2-2-2-2-0-2-2-2-2	2-2-2-2-0-0-2-1-2-2-2-0	10-0-1-0-1-1-2-1-1-2-2-0	1-2-2-1-2-0-2-2-1-1-0-2	1-1-1-1-1-1-1-2-2-1-1-1	1-1-1-2-1-2-2-2-1-1-2-2	1-0-1-2-1-2-2-2-2-1-1-2	2-1-1-3-1-2-2-2-2-1-0-1	1-2-2-0-2-1-1-1-1-1-2-1	2-1-1-1-1-2-3-4-7-1-1-2
61	2	1-1-1-1-1-1-1-1-1-1-1-1	1-1-1-3-1-1-1-1-1-1-4-1	0-3-3-3-4-1-3-1-1-2-1-3	3-1-1-4-5-3-1-5-4-1-3-0	5-0-0-4-0-3-3-3-2-1-12-4	3-1-3-1-1-0-3-1-1-1-9-3	2-1-1-0-2-1-2-1-1-2-3-3	1-2-3-1-2-1-1-3-2-1-3-1	0-0-1-1-3-1-1-3-1-2-3-1	1-2-1-1-3-1-1-1-1-1-0-3	1-1-1-0-1-1-0-1-0-1-1-2	1-2-2-1-1-1-5-1-1-1-1-1
61	3	1-1-1-1-1-1-1-1-1-1-1-3	1-1-1-2-1-1-1-4-3-4-2-4	0-2-2-2-2-6-2-4-1-4-4-2	2-4-4-2-2-2-1-2-2-3-2-0	2-3-2-2-4-2-4-2-4-3-1-2	2-4-5-6-1-0-4-4-3-3-6-2	5-3-1-3-4-3-3-2-3-1-2-2	11-2-2-4-3-1-1-5-6-3-2-1	3-6-3-3-2-1-3-2-1-3-2-4	4-3-3-1-2-1-3-1-1-1-3-2	1-5-3-0-3-3-0-3-4-4-1-3	1-3-4-3-1-1-1-3-2-2-2-1
61	4	1-4-4-4-4-3-4-4-4-4-1-4	1-6-4-2-1-1-5-5-5-3-2-5	0-4-5-2-2-3-5-5-7-3-5-5	3-3-3-2-2-2-4-2-5-4-3-0	2-0-6-2-3-5-3-3-3-4-1-2	2-4-3-1-1-1-5-4-4-4-2-4	3-4-1-3-3-4-6-5-4-1-2-5	4-2-2-3-4-1-6-3-3-4-5-1	4-4-3-3-4-5-3-2-5-5-2-3	3-3-4-4-2-4-1-4-5-1-5-2	1-1-1-0-3-4-1-3-3-3-1-3	1-3-3-3-1-1-1-1-1-1-1-5
61	5	5-5-5-5-4-4-5-5-4-5-1-5	5-6-4-2-1-1-3-4-4-3-2-6	0-5-4-2-2-3-4-4-4-6-6-4	6-6-6-6-2-2-7-2-6-6-6-0	2-0-0-6-3-4-6-5-6-5-1-2	2-3-3-1-6-2-6-6-5-5-5-4	3-6-1-4-3-5-5-4-6-5-2-4	5-2-2-3-5-1-4-3-3-4-3-1	4-3-3-3-0-4-1-2-4-6-6-4	6-2-5-4-6-6-3-5-4-1-4-2	1-3-6-5-6-4-0-3-3-1-1-4	1-3-2-3-1-1-2-5-9-6-6-4
61	6	6-8-7-5-6-6-4-6-5-7-5-5	6-4-5-7-1-6-8-7-7-3-7-5	8-7-7-8-9-3-7-7-4-5-5-7	8-8-6-7-8-7-4-11-5-5-5-9	8-6-9-5-3-4-7-7-5-8-9-9	7-8-7-6-6-12-5-5-4-5-7-6	12-5-4-3-7-5-5-7-5-6-7-4	3-8-3-7-5-1-4-7-3-5-6-1	7-3-3-6-6-7-6-7-7-7-5-6	5-7-6-6-7-5-6-6-6-7-7-7	7-3-6-7-5-7-0-6-3-6-6-3	6-6-2-6-10-8-1-1-5-5-5-4
61	7	8-7-6-7-7-7-7-7-8-7-7-7	9-7-8-6-1-8-6-6-6-8-6-6	6-6-6-6-6-3-6-6-4-6-8-6	6-6-8-6-6-6-5-6-8-8-8-6	6-0-6-6-0-9-6-6-7-6-6-6	6-6-9-7-7-6-6-7-7-7-6-8	6-8-7-7-8-7-11-8-9-9-6-7	7-9-8-8-8-5-9-6-3-7-6-1	6-3-8-8-7-8-1-6-8-7-7-11	8-6-7-8-6-9-6-7-8-6-6-6	6-8-7-7-9-6-0-7-8-6-8-3	6-6-2-6-6-6-1-1-5-8-9-7
61	8	7-8-8-8-9-10-7-8-8-8-8-8	7-9-7-6-1-7-6-9-7-9-6-10	6-8-6-6-6-9-7-9-10-8-9-7	6-6-7-6-6-6-5-6-9-9-7-6	6-0-6-9-3-7-7-8-9-6-6-6	1-6-8-7-8-6-9-8-7-8-6-7	7-9-10-8-9-7-9-7-8-7-6-8	1-6-7-7-7-1-7-7-6-11-6-1	6-8-7-7-7-7-1-6-7-7-8-11	7-7-8-9-9-7-6-11-7-8-6-6	8-7-9-9-9-9-0-7-7-3-7-3	6-8-3-6-9-6-7-8-8-7-5-8
61	9	8-10-8-10-8-8-9-8-10-8-8-10	10-8-8-10-9-10-9-8-10-8-10-11	11-10-6-10-6-11-10-10-11-10-8-9	10-10-10-6-6-10-10-6-8-8-8-6	6-11-6-8-10-7-10-10-8-10-6-6	10-10-7-11-8-6-8-10-7-8-10-10	10-8-7-10-10-9-8-11-7-7-10-8	3-7-11-8-9-10-7-11-9-8-9-1	9-10-10-10-10-9-9-11-10-8-7-8	10-9-9-8-8-7-8-5-9-9-10-6	10-1-8-8-7-12-11-10-10-6-12-9	6-6-10-9-9-11-1-9-5-9-5-8
61	10	10-10-10-10-12-11-10-8-9-9-10-9	9-11-11-9-9-9-9-10-9-10-9-10	9-9-6-9-12-9-9-9-9-11-11-10	9-9-9-6-6-9-9-6-11-11-11-6	6-9-6-6-9-11-9-9-8-9-6-6	9-9-6-10-8-6-11-9-10-10-8-9	9-10-7-9-9-10-8-9-10-7-9-8	10-10-9-10-10-9-7-7-3-7-9-8	9-9-9-9-9-6-9-9-9-9-7-11	9-9-7-9-6-5-6-11-9-9-9-8	9-3-12-8-8-9-9-9-9-9-1-9	6-6-9-9-11-8-1-8-11-11-11-11
61	11	11-11-10-10-11-10-10-12-11-12-12-10	12-10-10-11-9-10-12-12-12-10-12-9	9-9-12-12-11-9-10-9-9-10-10-11	9-9-9-6-11-11-9-6-10-10-10-11	11-9-11-8-9-10-10-11-8-9-11-11	11-11-7-11-8-6-10-9-10-7-8-9	11-8-8-11-9-11-8-9-10-7-11-11	3-2-9-11-11-9-7-9-3-8-11-9	9-9-9-11-9-1-11-9-10-8-11-7	11-11-9-6-8-11-6-10-9-9-11-11	9-1-8-8-11-11-9-11-9-11-9-9	9-6-9-11-11-9-1-1-10-10-10-10
61	12	12-12-12-12-12-12-12-12-12-12-12-12	11-10-12-11-12-9-11-11-11-12-11-11	9-12-12-12-12-12-12-12-11-12-12-12	12-12-12-12-12-12-9-12-12-12-12-11	12-11-6-12-12-12-11-12-12-12-2-6	12-12-12-10-12-6-12-12-12-12-12-12	11-12-12-12-10-12-12-12-12-12-9-12	12-12-6-12-12-1-7-6-6-12-9-12	9-9-9-12-2-12-12-8-12-1-11-9	9-12-12-12-12-12-12-10-12-12-12-12	9-12-8-8-8-9-9-7-12-12-12-3	6-12-12-9-10-12-12-8-12-12-10-1
62	0	0-0-0-0-0-0-0-0-0-0-0-0	0-0-0-0-0-0-0-0-0-0-0-0	0-0-0-0-0-0-0-0-0-0-0-0	0-0-0-0-0-0-0-0-0-0-0-0	0-0-0-0-0-0-0-0-0-0-0-0	0-0-0-0-0-0-0-0-0-0-0-0	0-0-0-0-0-0-0-0-0-0-0-0	0-0-0-0-0-0-0-0-0-0-0-0	0-0-0-0-0-0-0-0-0-0-0-0	0-0-0-0-0-0-0-0-0-0-0-0	0-0-0-0-0-0-0-0-0-0-0-0	0-0-0-0-0-0-0-0-0-0-0-0
62	1	1-1-1-1-1-1-1-1-1-1-1-1	1-0-0-1-0-1-1-0-1-0-0-0	2-2-2-1-0-1-0-2-1-0-0-0	2-2-2-0-1-1-2-0-0-0-0-2	0-2-5-0-2-0-2-1-0-1-0-0	1-2-0-0-1-4-0-1-1-0-0-1	12-0-0-12-2-1-0-0-0-1-5-0	1-1-0-1-1-1-0-0-1-1-4-2	1-2-1-0-4-1-2-2-1-1-1-0	1-1-1-0-0-1-0-0-2-2-2-1	2-1-2-0-0-1-2-2-2-1-0-1	1-0-1-1-1-1-1-1-1-1-1-0
62	2	2-2-2-2-2-2-2-2-2-2-2-2	2-0-0-2-0-3-1-0-1-2-2-0	1-1-1-2-4-3-3-1-3-0-3-3	3-1-1-3-3-3-1-5-3-0-2-1	3-1-1-3-1-2-3-3-0-2-3-3	5-7-3-2-1-5-3-3-2-2-13-5	4-0-2-1-1-2-0-3-0-2-3-2	1-2-4-3-2-1-0-3-1-1-3-1	1-1-1-2-3-0-1-3-2-2-2-2	1-1-2-3-4-3-2-4-1-1-1-2	1-2-3-0-0-2-1-1-1-2-0-1	1-2-1-1-1-1-2-1-2-3-2-2
62	3	3-3-2-3-3-3-3-3-3-3-3-3	4-3-3-2-3-4-4-4-3-4-2-3	1-4-1-2-2-4-2-4-2-4-4-4	5-4-2-4-2-2-3-2-2-0-2-1	2-3-1-2-5-2-4-2-3-3-2-2	8-2-5-3-3-1-4-2-3-3-14-3	2-3-3-1-4-3-4-4-3-4-2-6	3-2-2-4-3-3-3-5-9-3-5-11	3-1-3-3-7-5-1-2-2-2-2-4	4-7-3-2-2-2-4-4-1-1-1-2	3-3-2-0-0-3-1-4-3-2-0-3	1-4-1-1-3-4-3-3-2-4-2-2
62	4	4-4-4-4-3-4-4-4-4-4-5-4	3-4-5-2-3-4-3-5-3-3-2-5	1-3-1-2-2-3-5-6-2-6-5-5	3-3-5-3-2-2-3-2-5-5-6-1	2-1-1-0-3-6-3-5-3-7-2-2	2-2-3-3-3-2-5-5-3-4-2-4	2-0-6-1-3-4-5-5-4-3-2-3	5-2-2-3-4-1-4-3-5-4-3-1	4-1-3-3-1-0-1-2-5-5-5-3	3-3-4-6-2-4-5-3-1-3-1-5	3-3-5-0-5-4-8-3-1-5-5-5	6-3-1-1-3-3-5-4-4-5-4-7
62	5	5-5-5-5-5-5-5-4-7-5-5-5	6-4-4-2-8-6-1-4-3-3-2-4	2-5-5-4-6-3-4-7-6-3-6-4	3-4-6-6-2-7-5-2-6-7-4-1	2-1-1-8-3-4-5-7-6-2-0-2	2-2-3-3-5-2-6-4-5-5-5-2	1-3-4-1-3-5-6-4-5-5-1-3	4-2-4-4-3-1-7-3-4-4-3-3	4-1-4-3-5-3-1-3-4-5-4-6	11-3-5-4-2-5-4-6-2-1-1-4	3-3-6-5-4-4-4-10-8-4-4-4	9-3-8-1-3-5-4-4-4-4-6-6
62	6	5-4-5-6-5-6-5-8-5-6-6-6	7-4-4-2-6-6-1-8-7-8-6-7	3-6-7-7-5-9-7-7-5-4-5-6	7-7-5-7-2-3-7-2-5-5-4-1	7-1-1-9-3-4-7-5-5-6-10-2	10-2-7-3-5-2-5-6-5-6-10-7	1-8-4-1-3-4-5-5-5-5-1-7	4-2-2-6-6-1-5-3-1-4-7-6	1-1-3-6-3-7-1-7-8-7-6-8	5-3-6-4-2-15-5-6-1-1-1-4	6-8-5-0-8-7-7-6-1-6-8-3	6-8-6-1-6-6-6-7-4-6-5-5
62	7	7-8-5-7-9-7-5-7-5-8-9-6	6-4-4-2-5-6-9-8-6-3-8-6	3-7-9-8-8-10-8-9-9-9-8-8	6-5-8-6-13-5-6-13-8-8-8-6	6-5-1-8-3-4-8-5-8-10-8-7	6-2-8-10-7-1-5-6-7-7-5-6	2-13-9-1-3-7-7-5-7-9-2-6	4-7-9-6-6-1-5-3-3-7-6-6	3-1-3-10-3-6-3-6-6-6-7-6	8-3-7-4-2-9-5-6-7-1-1-7	6-6-6-0-5-6-7-3-1-6-6-3	6-3-6-1-6-6-8-6-4-6-5-4
62	8	7-7-9-9-8-8-7-8-8-7-7-9	9-4-4-11-5-6-10-9-10-6-9-9	8-9-10-7-7-3-9-9-9-7-9-9	9-9-7-7-7-10-8-8-7-7-7-12	9-10-8-7-3-4-9-9-6-8-8-8	9-9-7-8-7-10-4-9-5-7-11-10	7-7-7-8-3-8-5-9-7-8-9-8	8-9-13-9-6-1-5-8-3-9-10-9	10-1-3-9-8-6-1-9-6-7-13-6	7-9-14-4-9-6-9-5-9-10-9-8	9-6-6-0-5-8-9-4-9-8-6-3	6-6-8-1-9-6-7-6-4-9-5-5
62	9	10-9-9-9-9-9-10-9-9-9-7-9	8-13-13-8-6-10-7-8-6-10-8-10	8-8-8-7-7-6-10-10-8-10-10-8	8-8-10-8-7-8-11-2-10-10-10-1	8-8-1-7-8-10-8-8-9-7-8-8	8-8-11-7-9-8-10-9-13-9-6-9	2-12-7-1-11-9-11-10-7-7-8-6	9-8-10-8-7-1-11-3-3-11-8-8	8-1-3-8-5-9-10-8-10-11-9-8	3-8-9-10-8-7-10-14-10-9-8-8	8-6-7-5-10-12-8-9-8-3-6-10	11-3-6-1-8-8-7-9-4-8-5-15
62	10	10-10-9-10-10-10-11-10-10-10-11-10	12-11-9-8-6-9-8-8-8-9-8-9	8-10-8-7-7-12-9-9-12-11-11-11	8-11-11-8-7-8-11-2-9-9-11-1	2-8-1-11-12-9-10-10-9-7-9-8	8-8-9-7-10-8-11-11-10-10-6-9	2-13-10-1-11-10-13-9-10-10-8-11	10-8-9-9-10-1-9-3-3-11-8-8	8-1-9-11-10-6-9-8-9-9-9-10	7-3-9-9-8-11-9-10-9-8-8-8	8-6-10-15-14-8-8-10-8-11-6-9	9-3-6-8-8-8-9-10-5-9-13-9
62	11	10-10-10-10-11-10-10-11-10-11-10-15	12-10-10-8-5-9-12-8-12-9-12-13	8-12-12-13-12-12-12-13-13-12-10-10	12-12-10-13-12-12-10-7-12-12-10-8	12-8-11-12-12-9-12-12-10-7-13-12	12-12-12-11-10-8-12-10-10-10-8-12	15-12-10-8-9-10-10-12-7-8-8-10	3-8-11-12-10-15-9-13-3-9-11-8	8-12-15-12-14-6-11-12-6-11-12-10	12-11-11-10-8-10-12-10-12-11-8-8	8-6-5-10-10-8-11-10-8-11-6-11	9-11-11-11-8-6-7-10-4-9-5-9
62	12	12-15-12-12-12-13-10-14-13-13-12-13	13-13-9-8-12-13-11-12-13-9-11-11	15-11-11-7-11-13-11-12-10-13-13-12	11-11-11-11-11-11-12-7-11-11-13-8	11-1-11-11-11-13-11-11-13-7-11-11	11-11-11-12-10-8-13-12-10-12-5-12	1-10-7-1-15-12-13-11-7-12-1-13	10-8-11-11-12-1-12-11-11-10-11-8	12-11-11-11-10-11-11-12-8-12-11-11	11-11-7-13-13-8-11-12-11-11-8-15	13-9-13-10-15-9-11-12-12-11-11-9	12-11-11-1-8-12-7-12-12-13-10-12
62	13	12-13-10-15-12-12-13-15-12-12-13-12	12-12-9-8-12-10-11-14-12-9-11-11	13-13-14-11-11-14-12-14-11-12-12-12	14-14-14-11-7-13-14-7-11-11-12-14	6-15-14-11-14-12-14-11-12-8-11-11	13-14-11-11-10-8-12-10-10-9-2-14	15-7-10-14-13-14-10-12-7-8-15-13	10-9-8-13-10-13-9-11-13-13-8-14	14-14-14-11-9-6-13-14-6-13-8-6	13-13-6-12-12-6-11-10-14-14-13-8	14-6-12-10-14-15-14-14-14-11-6-11	13-11-13-13-13-6-7-13-4-12-5-12
62	14	14-10-15-14-14-12-10-15-15-14-10-12	15-12-12-15-12-10-15-15-15-14-15-15	14-13-13-15-14-15-14-13-15-14-14-14	15-13-13-11-14-14-13-2-11-12-14-13	14-13-13-11-13-14-15-14-14-15-11-14	13-13-15-14-10-8-14-14-12-10-3-13	14-14-10-13-13-13-10-13-7-12-14-14	14-14-13-14-14-13-9-11-13-13-8-8	13-13-13-14-15-6-13-13-6-9-14-10	13-14-14-13-12-14-11-10-13-13-14-14	13-6-12-0-10-14-13-13-13-14-6-14	13-14-13-13-14-6-7-13-4-12-5-12
62	15	15-15-15-15-15-15-15-15-15-15-15-15	14-12-15-14-15-15-14-14-14-15-14-14	14-14-15-14-15-14-15-15-14-15-15-14	14-15-14-14-15-15-14-15-15-15-15-13	14-13-15-15-15-15-14-14-10-15-11-8	15-15-14-15-15-8-15-15-15-15-15-15	14-15-15-15-12-15-6-14-15-15-13-14	15-14-11-15-15-11-9-11-13-13-14-15	11-15-11-15-14-15-15-15-15-13-14-11	13-15-15-15-15-6-15-10-15-15-15-15	12-15-15-15-12-13-15-15-15-15-15-14	15-15-15-13-10-15-15-13-15-15-15-9
63	0	0-0-0-0-0-0-0-0-0-0-0-0	0-0-0-0-0-0-0-0-0-0-0-0	0-0-0-0-0-0-0-0-0-0-0-0	0-0-0-0-0-0-0-0-0-0-0-0	0-0-0-0-0-0-0-0-0-0-0-0	0-0-0-0-0-0-0-0-0-0-0-0	0-0-0-0-0-0-0-0-0-0-0-0	0-0-0-0-0-0-0-0-0-0-0-0	0-0-0-0-0-0-0-0-0-0-0-0	0-0-0-0-0-0-0-0-0-0-0-0	0-0-0-0-0-0-0-0-0-0-0-0	0-0-0-0-0-0-0-0-0-0-0-0
63	1	1-1-1-1-1-1-1-1-1-1-1-1	1-1-1-1-0-1-0-0-1-1-3-2	3-2-0-2-2-2-2-0-0-1-2-2	2-0-0-2-2-2-0-2-2-0-2-0	2-0-0-2-0-1-2-2-1-1-0-0	4-0-1-0-0-2-1-1-1-1-10-0	1-1-1-0-1-0-1-0-1-1-1-1	1-1-1-1-1-0-1-1-1-1-1-0	1-0-1-0-2-1-0-1-1-1-1-1	1-1-1-1-2-1-1-1-1-0-1-1	0-1-1-0-1-1-0-1-0-1-1-1	0-1-1-1-0-1-1-0-0-0-0-1
63	2	2-2-1-2-2-2-2-2-2-2-2-2	3-2-2-1-2-2-0-5-2-3-1-2	0-3-0-1-1-5-5-0-3-5-1-1	3-3-3-1-1-4-2-1-1-2-1-0	1-0-3-1-3-1-3-3-3-2-4-1	5-3-3-0-2-1-3-3-2-2-11-2	2-2-2-2-3-2-2-3-2-2-2-3	2-1-9-3-2-2-2-3-2-2-2-0	2-2-2-2-1-2-2-3-2-2-1-2	3-3-2-3-1-1-2-2-2-2-3-1	11-2-2-0-3-2-0-2-3-3-2-2	2-2-4-2-2-2-5-2-2-0-1-2
63	3	3-3-3-3-3-3-3-3-3-3-3-3	2-4-3-1-3-4-4-4-2-2-1-4	1-2-0-2-1-2-4-4-4-1-4-1	2-2-2-1-1-1-4-1-4-3-4-0	1-0-2-1-2-4-2-4-2-3-2-0	1-2-2-2-0-1-4-2-3-3-8-3	2-2-4-2-2-3-5-4-3-2-2-2	3-1-1-2-1-2-3-4-2-3-2-0	3-2-2-2-3-2-2-2-4-2-1-4	2-4-3-2-3-1-1-3-4-2-2-1	3-2-5-3-2-4-4-2-2-2-2-2	3-2-1-2-4-4-1-6-3-4-4-3
63	4	5-4-4-4-3-5-3-4-3-5-4-4	5-5-3-1-8-3-3-3-5-2-1-3	1-4-3-4-1-1-3-5-5-4-5-5	2-2-5-1-1-2-5-1-5-5-3-0	1-0-0-4-2-3-5-4-5-0-2-1	1-2-2-0-4-1-5-2-4-4-5-2	2-1-3-2-2-4-3-3-4-4-0-2	4-1-2-2-2-4-5-3-2-4-2-0	4-2-4-2-4-4-6-2-5-4-3-4	5-3-4-9-4-1-8-4-3-2-5-1	4-2-4-4-7-5-3-4-2-2-2-2	6-2-2-4-7-3-2-3-4-5-3-2
63	5	4-4-4-4-5-4-4-4-4-4-4-4	4-4-4-6-4-5-6-7-4-2-6-6	6-5-7-7-7-2-6-6-6-2-4-6	7-6-6-7-7-6-4-10-4-4-2-5	6-0-6-6-2-3-6-6-4-6-5-6	2-7-6-5-4-7-6-5-4-4-7-7	7-1-4-2-2-8-3-3-3-2-6-2	4-6-1-6-6-5-4-5-2-5-5-0	4-2-4-6-10-2-2-6-4-4-6-10	4-1-4-5-5-1-5-3-4-2-4-1	4-2-3-4-4-4-0-5-4-8-5-2	4-5-5-5-2-5-2-3-4-4-3-3
63	6	6-6-6-6-6-6-6-6-6-6-6-6	3-6-7-5-4-7-5-7-7-7-5-7	5-5-5-5-5-2-7-7-5-8-7-5	5-6-7-5-5-5-4-5-7-7-7-0	5-0-5-5-2-7-5-5-6-5-5-5	5-5-5-6-6-5-7-6-6-6-4-6	5-1-3-0-7-6-7-7-3-9-5-2	6-5-7-7-5-2-11-5-2-8-0-0	6-2-7-5-4-2-7-5-7-4-5-6	4-1-6-6-7-9-7-4-8-4-7-6	0-7-3-4-7-8-12-4-2-2-7-7	4-2-5-2-12-7-7-3-8-11-7-12
63	7	7-7-6-7-7-7-8-7-7-7-8-7	9-8-8-5-7-6-5-8-6-6-5-6	5-7-5-5-5-8-8-6-8-8-8-8	5-8-8-5-5-5-8-5-6-6-8-0	5-0-5-5-2-6-6-7-8-5-5-5	1-5-5-5-7-5-8-6-7-6-8-5	5-10-7-8-8-7-11-8-7-7-0-9	6-5-6-6-7-5-9-6-2-8-7-0	7-2-6-8-4-7-6-8-6-11-5-7	8-1-7-9-6-7-6-7-7-7-6-1	4-6-7-7-8-7-9-7-2-2-6-6	8-5-5-5-9-6-6-9-11-7-8-7
63	8	7-9-6-7-9-7-7-10-9-8-7-9	9-7-7-9-4-9-9-9-9-6-5-9	5-9-9-5-10-9-9-9-9-9-7-7	9-9-7-10-5-9-9-5-9-10-8-9	9-8-9-9-9-6-9-9-7-8-10-9	9-9-10-8-7-12-9-5-7-6-7-11	9-7-6-7-7-5-3-9-8-8-9-7	6-5-2-9-7-8-6-10-2-6-10-7	12-9-12-9-5-9-8-7-9-8-9-7	9-8-8-7-6-7-9-4-6-8-8-1	8-2-3-4-7-7-9-9-8-9-9-8	9-9-9-8-11-8-9-3-6-7-7-6
63	9	9-9-9-9-8-9-9-9-8-9-7-9	9-11-11-8-9-8-8-10-8-6-8-8	8-8-8-5-8-8-8-8-8-8-10-8	8-8-8-8-8-8-10-5-8-8-10-8	8-0-8-8-8-10-8-8-10-11-8-8	8-8-8-9-7-8-10-6-7-6-7-9	8-10-10-0-9-9-10-8-11-11-8-10	6-5-2-8-8-8-7-8-2-6-8-0	9-8-2-8-9-8-7-10-8-9-8-10	8-8-4-10-9-8-8-4-8-4-9-12	10-9-10-11-10-7-8-8-2-8-8-6	11-8-8-8-7-9-8-7-10-7-7-6
63	10	9-9-9-9-12-9-9-12-12-12-9-12	12-9-6-8-9-11-11-11-11-6-12-12	11-11-11-5-8-11-9-11-12-9-9-10	8-11-11-8-8-8-11-5-8-8-9-11	5-11-11-8-11-9-11-8-9-10-8-8	11-10-8-11-7-5-9-9-7-6-1-9	10-7-9-10-7-10-9-10-11-12-10-9	6-5-11-8-7-11-6-8-10-10-8-10	11-10-12-8-5-11-11-11-4-10-5-9	10-10-10-11-9-1-5-4-10-11-11-1	11-2-9-9-9-12-10-11-11-10-8-10	10-9-10-10-10-10-10-10-9-10-7-3
63	11	11-12-12-12-9-12-12-12-10-12-7-9	10-9-9-12-12-9-10-10-10-6-12-12	10-12-10-12-11-10-12-10-11-11-11-11	12-10-10-8-11-11-10-11-8-10-11-10	11-10-10-8-10-11-12-11-10-8-8-11	10-11-11-11-6-5-11-11-11-6-2-12	11-11-7-10-10-10-7-11-10-9-11-2	6-11-10-11-11-10-6-8-10-11-10-10	10-10-10-11-7-10-10-10-4-7-11-10	11-8-4-10-11-11-11-4-10-10-10-1	10-2-9-9-9-11-10-10-10-11-8-10	10-2-10-10-10-9-11-7-7-6-7-6
63	12	12-12-12-12-12-12-11-12-12-12-12-12	10-9-12-11-12-9-10-11-10-12-11-11	11-11-11-11-12-12-11-12-10-12-12-12	11-12-12-12-12-12-10-12-12-12-12-10	11-10-12-12-10-12-11-11-12-12-8-8	12-12-12-12-12-8-11-11-12-12-12-11	11-12-12-12-9-12-12-12-12-10-8-12	12-11-11-12-12-8-6-8-10-12-12-12	8-12-8-12-5-12-12-12-12-8-11-10	10-12-12-12-12-1-12-7-12-12-12-12	12-12-12-12-12-10-12-12-12-12-12-12	12-2-12-10-7-12-12-12-12-12-7-6
64	0	0-0-0-0-0-0-0-0-0-0-0-0	0-0-0-0-0-0-0-0-0-0-0-0	0-0-0-0-0-0-0-0-0-0-0-0	0-0-0-0-0-0-0-0-0-0-0-0	0-0-0-0-0-0-0-0-0-0-0-0	0-0-0-0-0-0-0-0-0-0-0-0	0-0-0-0-0-0-0-0-0-0-0-0	0-0-0-0-0-0-0-0-0-0-0-0	0-0-0-0-0-0-0-0-0-0-0-0	0-0-0-0-0-0-0-0-0-0-0-0	0-0-0-0-0-0-0-0-0-0-0-0	0-0-0-0-0-0-0-0-0-0-0-0
64	1	1-1-1-1-1-1-1-1-1-2-1-1	2-0-2-2-1-1-1-1-1-2-1-2	1-2-1-1-2-1-2-2-2-0-1-1	2-1-1-2-0-1-0-1-0-2-2-1	0-2-0-0-1-0-2-2-0-1-0-0	2-2-2-2-1-2-0-3-0-0-0-0	0-1-3-8-3-0-1-2-0-2-2-1	1-1-2-1-2-5-2-2-1-0-2-3	3-3-1-2-2-1-5-0-2-2-1-0	2-8-1-2-2-1-2-1-1-1-0-2	8-2-2-1-8-0-1-8-0-13-1-1	1-1-1-1-8-8-1-5-8-1-1-1
64	2	1-1-1-1-1-1-1-1-1-1-2-1	1-0-1-2-1-1-3-1-1-1-1-1	4-3-3-1-1-1-1-1-1-1-2-2	3-3-3-1-2-3-2-2-0-1-1-6	0-8-6-0-2-0-1-1-0-1-2-2	1-1-1-1-1-1-0-1-0-0-0-3	6-0-1-6-1-1-0-1-0-1-1-1	3-1-1-2-1-2-1-1-2-2-1-1	2-1-1-2-1-1-2-2-1-1-2-0	1-1-2-1-1-2-1-0-2-4-2-1	2-1-1-1-1-2-5-1-6-2-2-1	0-2-2-2-2-1-2-1-1-3-2-1
64	3	3-3-3-3-3-3-3-4-4-4-3-4	5-4-4-3-2-4-2-3-4-4-3-4	3-2-4-4-4-4-4-4-4-4-4-3	4-2-2-4-4-4-3-4-4-1-4-3	4-1-4-5-2-3-4-4-1-3-3-4	3-4-4-3-5-4-4-4-3-0-0-7	2-6-1-2-1-3-0-4-0-4-4-3	2-3-4-4-3-2-1-4-3-2-4-1	2-1-1-3-4-3-2-2-1-4-4-3	4-1-5-6-4-4-5-1-2-2-4-4	1-3-4-1-1-3-1-1-2-1-5-3	1-3-6-2-5-1-3-1-1-2-1-4
64	4	3-5-3-3-3-4-3-3-3-3-3-3	3-4-3-3-4-3-3-4-4-6-3-3	2-5-3-3-3-7-3-3-3-7-5-5	3-5-5-3-3-3-5-3-3-4-7-2	3-2-3-3-5-4-5-5-4-4-3-3	7-3-5-4-4-3-5-3-4-4-7-4	8-4-10-2-5-4-9-3-4-3-3-7	4-3-5-5-3-2-0-5-4-4-3-5	4-1-4-4-3-7-4-5-1-3-3-5	5-4-4-1-3-3-3-3-2-2-3-3	4-7-3-1-4-4-2-4-4-4-4-4	1-4-2-4-4-4-3-4-0-4-3-3
64	5	5-5-5-5-5-5-5-5-5-5-3-4	6-7-6-3-5-3-3-6-3-4-3-6	2-4-3-3-3-4-6-6-6-4-6-6	4-4-4-3-3-3-6-3-6-5-4-2	3-2-2-3-4-6-4-4-4-4-3-3	4-4-4-4-4-3-6-5-5-5-0-5	4-4-6-2-4-8-7-4-5-4-3-4	5-3-4-4-3-1-6-4-4-5-4-4	4-1-4-4-8-3-4-4-6-3-3-6	4-6-5-7-3-3-3-5-2-2-4-3	5-4-7-5-1-6-2-4-2-4-3-4	1-4-2-4-3-6-3-1-7-2-1-7
64	6	7-6-6-6-6-6-5-6-5-7-6-6	5-7-5-3-5-5-3-5-4-4-3-5	3-6-3-3-5-8-5-7-8-5-7-7	4-4-7-3-3-4-7-3-7-8-5-2	3-2-2-7-4-5-6-6-7-4-3-3	2-4-4-3-6-3-7-6-6-6-0-4	2-7-5-2-4-6-6-5-6-6-3-4	8-3-5-5-3-6-7-4-4-6-1-4	2-1-4-4-6-3-2-5-7-6-5-6	7-5-6-3-3-6-3-6-5-2-7-3	1-3-13-10-1-5-2-1-2-2-3-4	12-4-3-2-3-5-3-1-1-7-1-3
64	7	6-7-6-6-6-8-6-6-5-7-6-6	8-5-6-8-5-3-8-4-3-4-8-8	2-8-8-9-8-4-8-6-9-4-6-8	8-8-6-7-8-8-6-11-6-6-4-2	13-2-3-11-4-5-8-8-6-8-7-11	4-7-8-9-6-9-6-7-6-6-4-8	4-9-6-2-8-4-5-5-5-6-4-4	1-8-9-8-3-3-6-7-4-7-4-1	4-1-6-4-6-4-2-2-6-6-9-7	6-4-6-7-7-9-7-6-2-2-6-9	1-4-5-6-1-3-2-1-4-4-7-4	6-7-7-2-3-6-3-1-5-6-1-5
64	8	8-8-8-8-8-8-8-8-8-8-6-8	7-9-10-7-12-9-7-9-8-9-7-9	2-7-7-7-7-6-7-7-6-9-9-7	7-7-7-7-7-7-9-3-9-6-9-2	10-2-10-7-4-9-9-7-9-7-7-7	4-9-7-8-8-7-9-8-8-8-1-8	4-9-5-1-7-8-13-3-6-6-10-4	8-7-7-9-8-3-11-10-4-8-1-8	4-2-4-7-6-3-2-2-6-6-9-10	1-1-6-9-3-12-3-6-2-2-2-7	1-4-1-13-1-9-2-1-2-1-7-4	9-4-3-4-3-1-3-1-1-7-8-9
64	9	8-8-12-8-6-14-8-8-8-11-6-8	8-8-8-9-8-8-10-8-12-8-11-8	11-10-10-7-9-10-10-10-10-8-8-9	9-10-10-7-7-7-9-7-8-10-10-9	3-14-9-9-9-8-8-8-8-9-7-14	12-9-7-9-9-14-8-8-8-8-0-10	9-7-7-4-9-9-4-10-10-6-9-9	4-8-13-8-8-11-8-7-4-9-9-11	9-9-4-14-3-9-9-10-7-9-7-7	11-14-6-10-10-7-6-5-2-11-11-7	11-3-10-10-1-3-11-9-11-1-7-4	9-7-9-9-9-8-8-9-1-9-1-8
64	10	11-11-11-11-12-11-10-11-10-13-10-11	11-8-8-12-8-11-11-10-11-12-11-11	10-9-12-12-10-11-11-9-11-11-11-10	11-9-11-12-7-12-11-7-8-9-11-10	11-9-11-10-11-10-11-11-8-12-12-10	10-11-8-12-9-11-8-12-11-8-4-9	9-10-10-3-9-10-12-9-9-10-13-13	9-10-9-11-11-13-8-14-10-11-13-10	10-9-10-11-14-10-12-11-11-14-13-8	12-13-6-9-11-11-11-10-2-9-9-7	9-11-11-9-13-11-9-12-13-10-11-10	9-10-10-11-12-13-10-9-10-11-12-10
64	11	10-10-11-11-10-11-11-10-11-12-11-10	10-12-10-10-8-10-10-10-10-10-10-10	9-10-10-10-7-10-12-11-10-10-12-12	10-9-10-10-7-10-11-7-12-11-10-9	10-9-10-7-10-13-10-10-11-10-7-7	10-10-12-10-11-9-12-11-10-11-7-10	4-13-11-2-13-10-13-12-5-12-9-12	8-7-12-12-10-9-13-12-4-10-9-9	10-9-12-10-12-10-9-10-12-13-10-12	9-12-6-10-10-10-13-10-12-9-9-7	9-13-12-10-12-10-9-10-9-10-12-4	13-12-9-12-10-10-12-9-1-12-10-10
64	12	12-10-12-10-10-10-10-10-12-11-12-10	11-11-10-10-8-11-10-10-10-10-10-10	9-12-10-10-13-10-13-9-10-10-13-11	10-13-13-10-7-10-13-7-11-13-13-9	10-9-10-7-9-11-13-11-13-10-10-7	10-10-11-10-12-9-11-12-12-12-7-10	13-11-12-2-11-10-13-11-12-11-9-12	8-7-11-11-10-9-13-11-4-13-10-9	9-9-11-11-12-12-10-10-11-13-10-11	14-11-6-10-10-8-11-6-11-9-9-7	9-11-11-6-11-10-9-10-13-10-11-4	12-11-9-11-10-10-11-10-1-11-10-13
64	13	10-14-10-14-10-14-10-14-13-10-10-11	10-11-10-13-10-11-14-10-14-10-14-14	9-13-10-10-12-10-12-10-14-11-12-13	14-13-14-14-7-13-12-7-12-12-12-13	7-9-10-7-13-11-14-10-12-13-7-10	10-13-11-10-13-9-13-12-12-13-10-14	12-11-12-13-13-10-11-14-12-10-10-14	9-10-9-13-10-10-11-10-4-12-10-9	9-9-12-13-13-10-13-13-13-12-10-7	13-10-13-13-10-10-11-14-13-13-9-7	9-11-12-8-10-13-9-10-10-1-12-4	11-11-9-13-13-10-10-13-1-9-13-10
64	14	14-14-14-14-14-14-10-14-14-14-14-14	10-11-14-13-14-10-10-13-13-14-13-13	11-13-14-10-14-14-14-14-13-14-14-14	13-14-13-14-14-14-12-14-14-14-14-9	14-9-14-14-14-14-13-14-12-14-7-9	14-14-14-14-13-9-13-14-14-14-14-13	13-14-14-14-13-14-12-13-14-14-9-13	14-14-7-14-14-9-14-10-4-14-13-9	4-14-4-14-10-14-14-12-14-10-10-12	12-10-14-14-14-10-14-12-14-14-9-14	9-14-12-10-12-11-9-10-14-1-14-14	14-14-14-12-13-14-14-9-14-14-8-5
65	0	0-0-0-0-0-0-0-0-0-0-0-0	0-0-0-0-0-0-0-0-0-0-0-0	0-0-0-0-0-0-0-0-0-0-0-0	0-0-0-0-0-0-0-0-0-0-0-0	0-0-0-0-0-0-0-0-0-0-0-0	0-0-0-0-0-0-0-0-0-0-0-0	0-0-0-0-0-0-0-0-0-0-0-0	0-0-0-0-0-0-0-0-0-0-0-0	0-0-0-0-0-0-0-0-0-0-0-0	0-0-0-0-0-0-0-0-0-0-0-0	0-0-0-0-0-0-0-0-0-0-0-0	0-0-0-0-0-0-0-0-0-0-0-0
65	1	1-1-1-1-0-1-1-1-1-1-1-1	1-0-0-1-1-1-0-0-1-0-1-0	3-0-0-1-1-2-2-0-2-0-1-1	2-0-2-2-2-2-0-2-2-0-2-0	2-0-0-2-1-1-2-2-1-1-1-2	1-0-1-1-0-0-2-2-1-1-3-0	3-1-1-0-0-1-1-0-1-1-1-1	1-1-1-1-1-0-1-1-1-0-0-0	0-0-0-1-2-1-0-2-1-1-1-1	5-1-1-0-2-2-1-1-3-0-0-1	0-1-0-0-0-0-0-0-0-1-1-1	0-1-4-1-1-1-1-0-0-0-2-1
65	2	2-2-2-2-2-2-2-2-2-2-2-2	3-2-2-1-2-2-2-3-2-3-1-3	5-3-3-1-1-5-3-3-1-5-3-1	1-3-1-1-1-1-2-1-1-2-5-0	1-2-0-1-4-1-3-3-3-2-1-1	3-3-4-8-2-3-3-3-2-2-5-2	2-2-2-2-3-2-2-3-2-2-2-3	2-1-3-3-2-2-2-3-5-0-4-0	2-7-2-2-1-2-2-3-1-2-1-2	3-2-2-2-1-1-2-2-0-4-3-1	2-2-2-0-2-2-0-2-3-3-3-2	3-3-2-2-2-2-2-0-1-1-1-1
65	3	3-3-3-3-3-3-3-3-3-3-3-3	2-5-3-1-2-4-2-4-2-2-1-2	1-3-2-2-1-2-4-4-4-2-4-4	2-2-4-1-1-1-2-1-1-3-2-0	1-0-0-1-2-4-2-2-2-3-1-1	2-2-2-2-3-1-2-2-3-3-1-3	4-2-3-2-2-3-3-4-3-3-2-2	3-1-2-4-3-4-3-2-2-3-2-0	3-2-2-2-3-2-2-2-4-3-1-3	2-2-3-4-1-4-1-3-4-2-2-1	0-2-4-0-2-5-9-2-2-2-4-2	2-2-1-2-3-4-5-9-4-4-10-3
65	4	4-4-4-4-4-4-3-4-4-4-4-4	4-5-5-5-4-5-2-3-4-2-4-5	1-4-0-5-1-2-3-5-3-2-5-3	4-2-5-4-1-2-4-1-5-5-4-0	1-0-0-5-2-3-5-4-5-4-1-1	1-2-2-0-4-1-5-5-4-4-4-3	3-5-4-0-2-4-5-5-5-6-2-2	3-1-3-3-2-3-4-2-2-4-2-0	3-2-5-2-6-4-0-2-3-4-6-3	4-2-10-5-1-3-4-3-3-2-2-1	3-8-10-10-3-3-0-9-2-2-3-4	5-2-1-2-5-4-2-4-8-3-5-5
65	5	4-4-4-4-3-4-4-4-4-4-3-10	3-3-4-5-4-4-5-2-4-2-6-4	6-4-7-7-6-2-6-6-4-2-4-6	6-6-4-5-6-6-4-6-4-4-2-7	6-0-6-6-2-3-6-6-4-2-6-5	6-2-6-2-5-6-4-5-4-4-2-7	4-4-3-2-2-3-4-4-3-4-6-6	3-6-9-6-6-6-5-8-2-5-5-0	6-2-4-3-8-5-0-6-6-6-6-8	6-2-6-5-6-3-5-8-5-4-5-6	0-4-6-5-5-3-0-5-2-8-6-2	4-5-5-5-9-5-3-0-4-5-4-4
65	6	6-6-6-6-6-6-6-6-6-7-6-6	6-8-7-5-7-4-5-7-6-2-5-5	5-6-5-5-5-2-7-5-4-8-7-5	5-5-5-5-5-5-6-5-7-5-8-5	5-0-5-5-2-7-5-5-7-6-5-5	5-2-5-6-8-5-7-6-6-6-7-6	2-6-6-0-7-6-8-7-3-8-5-5	6-5-2-5-5-6-8-9-2-8-3-0	5-6-2-3-9-6-6-5-7-5-5-6	6-2-7-7-5-9-5-3-7-9-5-7	7-4-5-6-5-0-7-9-9-2-5-6	6-7-5-5-6-5-9-9-8-4-6-8
65	7	6-8-6-7-7-6-7-7-7-6-7-7	8-6-6-5-6-7-5-6-7-6-8-4	5-6-5-5-8-5-6-7-7-6-6-8	7-7-8-8-5-5-7-5-8-8-6-5	5-0-5-8-2-6-6-5-6-6-8-5	5-7-8-10-6-5-6-5-7-7-6-5	2-6-7-0-6-6-4-8-7-7-5-6	6-5-2-5-3-9-6-5-2-7-8-0	5-2-2-2-4-7-10-8-6-7-1-8	7-2-6-8-8-6-7-7-7-0-5-6	6-4-4-8-8-7-3-8-2-2-7-2	6-6-5-5-6-7-7-3-9-5-4-7
65	8	6-8-6-8-8-10-6-8-7-6-8-8	7-6-6-5-9-9-9-8-9-6-10-8	8-9-9-7-7-9-8-9-9-6-8-7	9-8-7-7-5-9-8-5-7-7-6-8	5-9-8-7-8-6-7-2-7-8-7-5	9-8-7-8-6-5-7-8-6-6-1-9	8-6-6-8-6-8-6-7-3-6-9-5	6-5-5-8-8-8-6-5-8-6-7-9	8-8-10-9-6-8-8-7-4-8-5-7	8-8-8-7-7-6-5-5-8-8-8-1	8-4-8-7-7-10-8-5-8-5-8-8	8-5-8-8-8-8-8-8-4-8-4-6
65	9	9-9-9-10-9-10-9-10-10-10-9-10	10-6-6-10-8-10-8-10-8-9-10-10	9-8-10-10-9-8-9-9-8-9-9-9	8-9-8-10-9-8-10-5-9-7-9-10	10-8-10-7-9-9-10-9-9-9-10-9	9-10-10-10-6-10-9-9-7-9-9-8	10-9-9-9-9-9-9-7-9-9-8-9	9-9-5-9-9-8-6-10-9-10-9-10	10-9-9-8-10-10-8-9-9-10-10-9	9-9-9-9-9-6-9-9-8-9-8-9	9-9-9-7-7-10-9-6-9-9-7-10	10-9-9-8-10-9-6-10-9-9-6-6
65	10	10-9-10-9-10-9-9-10-10-9-10-10	9-9-10-9-10-9-8-9-8-10-9-9	9-10-9-9-10-10-9-9-8-10-10-10	9-10-10-10-10-10-9-10-10-10-10-9	9-9-9-10-9-10-9-9-10-9-9-5	10-10-9-9-10-9-10-10-10-10-10-10	9-10-10-10-9-10-10-10-10-9-9-9	10-10-5-10-9-9-6-9-8-9-9-9	9-9-10-10-9-9-10-10-10-9-10-9	8-10-10-10-10-10-10-9-10-10-10-10	9-10-10-4-7-9-9-10-10-10-10-9	9-10-10-8-10-10-10-9-10-10-10-10
66	0	0-0-0-0-0-0-0-0-0-0-0-0	0-0-0-0-0-0-0-0-0-0-0-0	0-0-0-0-0-0-0-0-0-0-0-0	0-0-0-0-0-0-0-0-0-0-0-0	0-0-0-0-0-0-0-0-0-0-0-0	0-0-0-0-0-0-0-0-0-0-0-0	0-0-0-0-0-0-0-0-0-0-0-0	0-0-0-0-0-0-0-0-0-0-0-0	0-0-0-0-0-0-0-0-0-0-0-0	0-0-0-0-0-0-0-0-0-0-0-0	0-0-0-0-0-0-0-0-0-0-0-0	0-0-0-0-0-0-0-0-0-0-0-0
66	1	1-1-2-2-2-1-2-1-1-2-1-1	1-0-2-2-2-1-1-2-2-2-1-2	1-2-1-1-1-2-1-2-2-2-2-1	1-3-1-1-1-2-2-1-0-2-2-1	2-2-1-1-2-2-2-2-0-1-1-1	1-3-0-1-3-2-0-2-0-0-13-1	0-3-0-2-2-1-0-1-0-1-13-0	1-2-3-2-2-1-2-2-1-2-1-3	1-1-3-1-1-1-1-1-1-1-1-2	2-1-1-1-1-1-1-2-1-13-1-3	12-3-3-1-1-13-2-12-3-1-1-0	1-1-1-1-3-2-1-3-1-1-1-3
66	2	1-1-1-1-1-1-1-1-1-1-1-1	1-1-1-1-1-1-1-1-1-1-2-1	1-1-3-1-3-1-3-1-3-1-3-2	3-1-3-3-1-1-1-1-0-1-1-1	1-1-2-1-1-1-3-1-0-1-3-3	3-1-3-1-1-1-1-1-0-0-0-1	2-1-1-1-1-1-0-3-2-2-5-1	1-2-1-1-1-2-2-3-2-1-2-1	1-1-1-2-3-2-2-3-1-3-2-2	1-1-1-3-3-1-3-1-1-1-13-1	2-1-2-1-2-0-1-1-1-2-2-0	2-1-2-2-2-1-2-1-1-2-1-1
66	3	1-1-1-1-3-1-1-1-1-1-1-1	2-1-1-1-3-1-1-2-1-1-2-2	6-4-2-1-2-4-4-1-2-1-2-2	2-1-2-2-4-4-0-3-2-1-1-1	3-1-13-0-5-0-2-4-0-3-2-2	2-1-2-1-1-1-4-3-0-0-0-3	9-1-1-9-3-3-0-2-0-3-1-1	3-2-1-4-3-3-2-2-3-3-2-1	3-3-1-3-9-2-3-2-3-2-3-0	1-3-3-2-2-1-2-1-7-3-2-1	1-1-1-1-1-3-8-1-1-3-2-3	2-1-3-3-1-1-3-1-1-1-3-1
66	4	6-5-5-5-5-5-5-5-5-5-5-5	6-5-5-5-5-6-5-6-5-5-5-5	1-5-5-5-5-5-5-6-6-5-4-5	5-5-6-5-4-3-5-3-5-5-5-5	6-1-4-6-4-4-5-4-5-5-6-2	5-4-5-5-5-7-4-6-4-5-12-4	3-5-5-5-5-4-6-5-5-6-1-5	10-4-5-3-4-3-5-5-3-5-5-5	5-5-5-5-5-6-3-5-5-6-4-5	5-12-5-8-5-5-13-6-3-6-1-6	5-5-6-5-5-9-6-1-1-5-6-4	2-5-6-4-13-5-6-6-7-5-5-1
66	5	4-4-4-4-4-4-4-4-4-4-4-4	4-4-4-5-4-4-4-4-4-4-4-4	3-4-6-7-4-4-6-4-4-4-4-4	4-4-4-4-6-6-4-6-4-4-4-4	7-1-9-7-3-5-4-6-4-4-4-6	4-4-4-4-4-8-5-4-4-4-9-4	4-4-4-4-4-5-4-4-4-4-6-4	4-5-4-6-5-3-4-4-3-4-6-4	4-4-4-4-14-4-4-4-4-4-6-4	4-4-4-4-4-4-2-4-3-1-4-4	4-4-1-4-4-4-4-1-1-4-4-4	4-4-4-3-4-4-5-4-4-4-4-1
66	6	4-4-4-4-4-4-4-4-4-4-4-4	4-4-4-4-4-4-7-4-4-7-4-4	3-7-5-5-4-11-5-4-4-8-7-4	5-7-4-4-5-5-4-5-4-4-7-1	5-6-5-4-7-6-7-5-6-6-4-5	12-1-7-9-6-4-7-4-6-6-11-6	10-6-4-6-7-6-4-6-6-4-5-9	4-5-4-7-5-3-4-8-7-4-5-4	6-3-6-6-6-4-6-7-4-4-5-4	5-6-6-4-6-4-6-4-3-4-2-4	6-4-4-4-6-6-4-1-9-9-4-6	2-6-4-7-6-4-4-4-4-7-4-1
66	7	4-4-4-4-4-4-4-4-4-4-4-4	4-4-8-4-4-4-6-8-4-6-4-8	3-6-5-5-5-6-8-9-4-9-8-8	6-6-6-4-5-5-4-5-8-8-9-5	5-1-3-5-6-9-6-8-6-4-9-5	4-6-6-4-4-5-8-8-6-7-16-6	3-7-9-4-6-4-7-8-7-4-6-6	4-5-4-6-5-7-7-6-8-7-4-4	6-3-6-6-3-4-4-6-4-4-8-4	4-6-4-9-6-4-8-1-3-1-2-4	1-4-4-4-8-4-3-1-6-8-4-6	2-6-3-6-4-4-5-4-11-6-4-4
66	8	4-4-8-4-4-4-8-4-4-4-4-4	4-4-7-5-4-4-4-10-4-4-4-7	3-8-5-5-9-6-7-10-4-6-9-7	6-7-9-4-5-5-4-5-9-7-7-1	5-1-3-9-6-7-8-9-9-4-4-5	4-6-6-4-8-5-9-4-8-8-1-6	3-6-7-1-6-8-9-7-8-8-1-6	4-5-4-7-5-4-11-6-7-7-2-4	4-3-7-6-13-4-3-2-4-12-7-4	4-4-8-4-4-8-7-9-3-1-1-5	1-4-9-9-7-6-3-1-1-7-4-7	2-6-3-6-4-4-5-4-7-4-9-4
66	9	4-4-8-4-4-4-4-4-4-4-4-8	4-8-8-4-8-4-4-8-12-13-9-10	6-9-5-5-8-7-10-7-8-7-8-9	10-7-8-10-5-5-4-5-8-7-7-3	10-1-5-10-6-7-10-8-8-9-7-5	6-6-6-4-8-5-8-9-4-9-5-10	3-6-7-3-6-6-8-8-8-8-3-6	4-5-6-10-9-4-8-6-6-11-4-4	6-4-6-6-3-9-3-3-11-9-9-11	4-6-9-7-5-16-8-8-3-1-2-10	4-4-8-8-2-10-3-1-6-6-12-6	2-9-9-6-4-4-9-4-7-4-8-1
66	10	4-4-8-10-4-10-12-4-8-4-12-4	4-11-4-4-4-9-11-8-9-9-11-9	6-10-12-12-11-9-11-11-13-12-12-11	9-11-11-9-5-12-9-13-9-11-7-9	9-1-5-11-6-7-9-8-11-13-9-5	6-7-6-11-10-4-7-9-10-9-5-9	3-14-10-3-6-14-9-9-12-4-2-12	4-10-11-9-9-3-8-6-6-10-4-4	6-3-6-6-6-9-4-9-9-9-10-9	11-4-9-9-5-9-8-10-3-1-6-9	6-4-4-4-8-9-4-1-6-6-9-6	2-6-9-6-4-4-11-4-7-4-8-1
66	11	4-4-12-12-12-12-4-16-13-4-4-13	4-10-4-14-8-13-12-16-12-9-12-13	6-11-12-10-10-6-12-10-12-6-12-12	12-12-12-12-13-13-4-13-9-10-7-4	14-1-3-13-6-7-12-12-9-11-13-12	6-13-12-10-11-12-7-9-8-10-6-13	6-13-10-1-12-11-9-12-10-11-6-6	4-12-10-12-9-14-8-14-6-11-9-4	6-4-6-12-14-9-6-12-9-2-14-9	10-4-4-8-12-9-2-4-12-1-4-14	4-4-8-4-10-14-4-1-6-11-9-6	2-9-11-3-4-4-10-4-7-11-8-1
66	12	12-12-14-12-12-11-12-11-12-10-12-11	4-14-13-11-8-11-11-13-11-13-11-11	11-11-11-10-11-9-13-10-11-10-13-11	11-13-13-11-11-11-13-11-12-12-13-1	12-1-3-11-6-14-11-11-12-10-11-11	6-11-14-13-12-11-13-12-12-12-4-12	4-14-12-3-11-12-11-14-10-13-1-9	4-11-4-13-11-11-14-12-6-12-4-4	4-3-10-13-8-9-4-11-9-8-14-13	4-4-4-4-13-9-2-14-13-1-2-11	1-4-8-12-4-4-3-1-6-13-9-13	15-9-9-6-4-4-9-4-4-14-8-14
66	13	13-12-13-13-14-13-13-11-13-13-13-11	13-12-12-11-15-11-11-12-11-9-11-14	16-13-11-10-11-14-12-10-14-15-14-13	11-12-14-11-11-11-14-11-14-14-14-1	11-1-3-11-15-12-14-13-14-10-11-11	1-11-12-10-14-11-14-12-13-12-9-12	3-11-13-1-14-11-14-14-10-12-1-14	4-11-1-12-12-13-13-13-6-14-4-4	4-3-4-12-8-12-3-11-9-13-8-12	4-4-13-14-12-9-4-13-12-1-16-11	1-4-1-15-14-4-3-1-6-12-9-12	2-9-9-6-4-4-9-13-4-12-13-13
66	14	13-14-12-16-13-16-12-14-13-14-16-16	14-12-12-11-13-13-13-13-15-15-11-13	14-15-14-14-11-15-14-14-15-13-13-14	14-14-13-11-11-14-13-5-13-13-13-14	11-16-14-13-15-12-13-14-13-11-11-14	4-14-12-15-13-11-13-12-12-12-1-14	16-12-13-14-13-11-13-12-10-4-14-14	4-12-15-14-9-11-8-11-14-13-14-4	6-14-16-11-11-4-14-14-9-14-11-9	14-14-9-14-11-9-2-13-15-14-14-11	14-4-15-12-13-16-14-15-14-14-9-6	14-14-14-14-14-4-10-14-7-14-4-12
66	15	16-16-16-16-16-16-16-16-16-16-16-16	16-16-16-16-16-16-16-15-16-16-16-16	15-14-16-16-15-14-15-15-16-13-15-15	16-15-14-15-15-14-15-15-15-15-13-14	15-14-14-10-14-15-15-15-15-15-15-15	15-14-16-15-13-14-15-12-8-12-6-16	16-12-15-14-16-15-13-15-10-16-16-16	4-11-14-15-15-16-15-16-14-14-15-15	16-14-14-15-15-15-14-15-9-16-15-9	14-6-15-13-15-15-16-16-14-14-14-11	14-4-14-13-13-15-15-14-14-15-9-16	14-15-15-14-14-4-10-14-12-15-4-15
66	16	16-16-15-15-16-15-15-15-15-15-15-15	15-15-15-15-15-15-15-15-15-15-15-15	13-15-15-15-16-15-16-16-15-16-15-16	15-16-15-15-16-16-15-16-13-16-16-14	15-14-16-16-16-16-15-15-13-16-11-2	16-16-15-15-16-16-16-16-16-16-16-15	15-16-16-16-15-16-9-15-16-15-15-15	16-11-15-16-16-15-12-15-11-15-15-16	15-16-14-16-15-16-16-15-16-15-11-9	14-16-16-16-16-9-16-15-14-16-13-16	15-4-1-15-12-14-16-15-16-16-9-6	15-15-16-14-15-16-16-14-16-16-16-1
67	0	0-0-0-0-0-0-0-0-0-0-0-0	0-0-0-0-0-0-0-0-0-0-0-0	0-0-0-0-0-0-0-0-0-0-0-0	0-0-0-0-0-0-0-0-0-0-0-0	0-0-0-0-0-0-0-0-0-0-0-0	0-0-0-0-0-0-0-0-0-0-0-0	0-0-0-0-0-0-0-0-0-0-0-0	0-0-0-0-0-0-0-0-0-0-0-0	0-0-0-0-0-0-0-0-0-0-0-0	0-0-0-0-0-0-0-0-0-0-0-0	0-0-0-0-0-0-0-0-0-0-0-0	0-0-0-0-0-0-0-0-0-0-0-0
67	1	1-1-0-1-0-1-1-1-0-1-1-1	1-0-0-1-0-1-2-2-1-0-0-0	1-2-2-0-1-2-2-2-0-0-2-1	2-2-1-1-1-1-0-1-0-2-0-1	0-1-1-0-2-0-2-1-2-0-1-1	1-1-0-0-1-1-0-1-0-0-0-1	1-0-0-1-0-1-0-2-0-1-1-2	1-0-2-1-0-1-0-0-1-1-1-1	2-1-2-0-2-1-1-1-0-0-0-0	1-1-1-2-2-1-0-0-1-1-2-0	2-1-0-0-1-1-2-1-2-1-1-1	1-1-1-1-1-0-1-1-0-1-1-0
67	2	2-2-2-2-2-2-2-2-2-2-2-2	2-0-0-3-0-2-1-1-2-2-3-3	1-1-3-3-3-3-3-1-3-2-3-3	3-1-1-5-3-3-0-3-3-1-3-1	3-1-3-5-1-2-3-3-1-2-3-3	9-5-2-2-2-2-2-2-2-2-9-3	2-2-2-1-2-2-2-1-2-2-3-4	2-2-3-2-2-1-0-3-2-2-1-1	1-1-1-2-1-0-1-1-2-4-3-2	1-2-2-1-3-3-2-0-1-1-1-3	1-2-0-0-1-2-1-1-1-2-1-1	1-2-1-1-1-0-2-1-0-3-3-0
67	3	3-3-3-3-3-3-3-3-3-3-3-3	4-3-0-2-3-4-4-4-3-4-2-4	2-4-4-2-2-4-2-4-2-4-4-4	2-4-4-2-2-2-4-2-2-3-2-1	2-3-2-2-4-2-4-2-4-3-2-2	2-12-5-10-3-2-2-2-3-3-10-3	2-3-3-1-4-3-4-3-3-3-2-6	3-2-2-4-2-4-4-2-12-3-3-3	3-6-3-3-3-4-1-4-0-3-2-4	3-3-3-4-2-2-3-3-1-1-1-4	10-3-4-0-3-3-3-1-3-4-3-3	1-3-1-1-3-3-3-3-0-3-2-4
67	4	4-4-4-4-5-4-4-4-4-4-4-4	3-5-4-2-3-3-1-3-3-3-4-3	2-3-3-2-2-3-5-3-2-3-5-5	2-3-3-3-2-2-3-2-5-4-3-1	2-1-2-4-3-5-3-2-3-2-2-2	2-1-3-3-3-2-3-2-3-4-0-5	1-2-4-1-3-4-6-3-3-5-3-2	4-2-3-3-4-4-6-3-3-3-1-3	5-4-5-3-4-4-1-3-5-4-5-3	5-3-4-5-6-3-2-4-1-3-1-3	5-3-3-4-4-4-4-1-3-3-5-3	8-3-1-1-4-3-2-4-4-4-4-3
67	5	5-5-5-5-5-5-5-5-5-5-5-5	6-6-5-5-7-5-6-6-3-3-4-6	2-5-3-2-6-2-6-5-6-7-6-4	2-3-4-2-2-2-6-2-6-6-3-1	2-1-1-6-3-4-6-5-6-2-2-2	2-1-3-3-5-2-6-2-5-5-0-4	1-6-5-1-3-5-6-6-3-4-3-9	4-2-4-4-2-1-5-3-3-5-3-3	5-3-4-3-1-11-1-4-4-6-4-6	4-3-5-4-2-6-4-6-4-1-1-6	4-5-4-5-6-5-4-1-1-3-4-3	7-3-1-1-1-3-2-5-5-4-6-6
67	6	7-6-7-5-5-4-6-6-7-5-5-5	7-5-4-7-5-8-8-7-7-3-7-7	6-7-8-7-8-7-7-7-5-5-5-6	8-7-6-8-7-7-5-9-5-5-5-1	7-1-7-7-3-4-7-7-5-8-8-8	7-7-9-6-6-2-5-8-3-5-7-8	7-5-5-7-3-6-5-5-3-6-7-6	3-7-4-7-3-6-5-9-3-6-6-4	7-3-3-6-9-6-7-7-5-5-4-6	6-7-6-6-7-5-6-4-6-1-7-7	8-3-6-4-5-6-7-1-7-8-4-3	5-6-6-8-7-7-3-8-5-7-5-6
67	7	7-7-6-7-6-8-7-7-6-8-7-7	6-10-5-6-5-7-6-8-6-3-6-6	8-6-6-6-6-9-8-9-8-8-8-6	6-6-8-6-6-6-7-6-8-10-8-1	2-1-6-6-1-8-6-6-7-6-6-6	6-6-9-6-7-3-8-7-7-7-6-6	6-8-7-6-9-7-7-7-3-7-6-7	7-9-8-8-8-1-9-8-6-7-6-6	8-7-3-8-7-10-6-6-8-5-7-8	8-6-5-7-6-8-6-4-8-7-6-9	6-8-6-4-8-8-6-1-6-6-9-8	5-6-1-6-6-6-8-6-8-6-9-7
67	8	8-7-8-8-8-8-9-7-8-7-8-8	6-9-9-6-9-9-6-7-6-3-6-9	7-6-6-6-6-9-7-7-7-7-9-7	6-7-9-6-6-6-8-6-7-9-7-1	2-1-6-6-1-7-9-7-9-6-6-6	6-6-7-6-9-2-9-6-8-10-11-6	6-9-12-1-9-7-8-9-0-8-6-7	8-7-7-7-7-1-7-7-6-9-6-8	7-7-7-7-7-7-6-7-7-10-7-7	7-6-8-9-6-7-7-9-8-1-6-8	6-10-8-9-9-7-6-1-6-6-7-7	10-6-1-6-6-6-7-6-8-8-5-8
67	9	11-9-6-9-9-8-8-7-8-7-8-8	5-8-8-13-8-8-10-9-10-11-6-8	10-10-10-6-6-10-6-11-9-8-8-9	9-9-10-6-6-6-8-6-8-8-7-11	2-10-6-6-10-7-10-6-8-9-6-6	12-1-6-6-9-13-8-8-7-7-2-6	9-8-8-10-7-9-8-8-3-7-12-8	8-7-12-7-7-10-7-7-9-9-6-10	12-12-13-3-12-7-10-9-7-7-7-8	12-6-9-8-6-5-8-8-10-10-10-8	9-3-8-8-8-9-9-1-12-9-7-3	9-6-9-12-6-9-8-9-7-8-5-8
67	10	8-10-8-8-12-7-10-11-8-10-10-8	10-5-7-11-8-9-9-13-9-12-11-11	9-9-11-11-11-11-11-9-11-11-9-11	11-9-9-11-11-11-8-11-11-9-11-9	12-9-11-11-9-10-11-11-9-11-12-6	11-11-11-10-7-11-11-10-8-8-3-11	9-11-8-9-11-9-7-9-3-13-9-7	3-10-9-11-10-9-7-13-3-11-6-9	9-9-3-11-9-7-9-11-7-5-10-10	9-6-9-8-7-11-8-8-9-9-9-10	3-8-8-4-5-10-9-9-9-9-8-9	5-6-9-9-6-6-10-8-7-8-5-8
67	11	11-11-11-11-12-12-9-11-11-10-11-9	12-12-12-10-12-7-9-9-10-9-10-12	9-9-10-10-10-10-12-9-10-10-12-10	10-9-9-10-10-10-12-10-10-12-10-9	10-9-10-11-10-10-10-10-10-10-10-6	10-12-10-6-11-10-10-10-11-11-8-11	9-10-11-9-12-11-12-9-11-7-6-12	11-10-10-10-10-9-11-7-11-10-9-9	9-9-3-10-7-12-9-10-12-5-10-12	9-10-11-12-6-10-7-8-9-9-9-8	5-7-8-4-7-11-9-9-9-10-11-7	12-6-9-9-6-11-10-12-12-8-5-8
67	12	13-13-13-11-10-11-11-13-12-13-11-13	11-11-11-13-12-13-9-13-9-10-13-13	9-9-9-13-10-10-11-13-11-12-11-11	10-9-9-10-12-10-8-10-12-11-11-9	10-9-10-12-9-10-13-10-11-12-10-6	9-11-12-12-12-10-12-12-11-11-3-13	12-12-11-9-11-11-11-8-3-13-9-12	11-10-13-12-12-9-7-13-3-12-9-3	9-9-3-12-13-12-9-9-11-5-12-11	9-6-9-11-12-13-12-8-9-9-9-12	13-3-8-4-5-12-9-9-9-12-12-3	5-12-9-9-6-11-12-8-11-11-5-8
67	13	13-13-12-13-13-13-13-13-13-12-13-13	10-11-11-12-13-12-12-12-13-13-12-12	11-13-13-12-13-13-13-12-12-13-13-13	13-13-13-13-13-13-8-13-13-13-13-9	10-9-13-13-13-13-12-13-11-13-10-6	13-13-13-13-13-13-13-12-13-13-13-12	9-13-13-13-11-13-13-13-13-12-9-7	13-12-12-13-12-11-7-10-9-13-9-13	3-13-13-13-12-13-13-13-13-11-12-9	9-13-13-13-13-12-13-8-13-13-13-13	12-13-8-13-8-9-13-13-13-13-13-3	11-13-13-9-6-13-13-11-13-13-13-8
68	0	0-0-0-0-0-0-0-0-0-0-0-0	0-0-0-0-0-0-0-0-0-0-0-0	0-0-0-0-0-0-0-0-0-0-0-0	0-0-0-0-0-0-0-0-0-0-0-0	0-0-0-0-0-0-0-0-0-0-0-0	0-0-0-0-0-0-0-0-0-0-0-0	0-0-0-0-0-0-0-0-0-0-0-0	0-0-0-0-0-0-0-0-0-0-0-0	0-0-0-0-0-0-0-0-0-0-0-0	0-0-0-0-0-0-0-0-0-0-0-0	0-0-0-0-0-0-0-0-0-0-0-0	0-0-0-0-0-0-0-0-0-0-0-0
68	1	1-1-1-1-1-1-1-1-1-1-1-1	1-0-0-1-0-1-1-1-1-0-1-0	1-1-2-1-1-2-2-0-0-0-2-1	1-1-2-1-2-1-0-1-0-0-0-1	0-1-3-0-1-0-0-1-0-1-1-1	1-1-0-0-1-1-0-1-0-0-0-1	1-0-0-1-1-1-0-1-0-1-1-0	1-0-0-1-0-1-0-1-1-1-1-0	1-1-1-2-0-1-3-1-0-1-1-0	1-1-1-1-0-1-0-0-1-1-1-0	1-1-1-0-1-1-1-1-1-1-1-1	1-1-1-1-1-0-1-1-0-0-1-0
68	2	2-2-2-2-2-2-3-3-2-2-3-2	3-3-2-3-3-3-1-3-3-2-3-3	2-1-1-3-3-3-3-2-3-3-3-3	3-2-3-3-2-1-3-4-3-3-2-2	3-2-1-3-1-2-2-2-3-3-3-2	3-1-3-2-3-3-2-4-2-2-12-3	4-2-2-2-1-2-2-3-2-4-5-3	2-2-3-1-2-1-4-3-2-4-3-3	2-3-2-1-2-4-18-3-3-3-2-3	3-3-2-3-3-2-3-2-1-6-1-2	3-3-3-2-3-3-3-11-3-3-3-2	10-2-2-1-3-3-4-3-3-3-3-5
68	3	2-2-2-2-2-2-2-2-2-2-2-2	2-2-2-6-2-2-2-2-2-2-2-2	1-3-2-5-5-2-4-4-2-2-4-4	2-2-2-2-4-4-2-7-4-2-4-1	2-1-1-4-1-3-4-3-2-2-2-7	2-1-2-2-2-2-3-5-2-2-7-4	12-6-2-1-3-3-2-4-0-3-7-2	2-4-4-4-3-1-2-4-1-3-2-2	2-2-2-3-4-2-1-1-2-2-4-2	2-5-2-2-4-4-2-2-3-1-1-4	2-2-2-2-2-2-2-2-2-4-2-3	2-3-1-1-2-2-5-2-2-2-2-2
68	4	2-2-3-2-2-2-2-2-2-2-2-2	2-2-2-3-2-2-5-3-4-5-3-3	1-3-5-3-3-9-3-3-2-6-3-3	5-5-5-2-3-6-2-2-3-4-3-1	2-2-1-3-5-4-5-3-4-2-2-3	9-5-6-2-4-6-5-2-2-4-2-3	2-4-4-1-5-3-5-3-4-2-3-7	2-3-3-3-3-1-2-6-4-2-6-2	9-4-4-4-3-2-9-5-2-2-3-5	4-3-2-2-3-3-2-2-4-5-4-3	6-2-2-2-2-4-4-4-8-3-2-4	1-4-1-1-9-4-3-4-2-2-2-2
68	5	5-5-5-5-2-2-5-5-2-2-2-2	2-2-6-3-2-2-4-6-4-4-2-6	1-4-4-3-3-4-6-7-2-7-6-6	4-4-4-4-3-4-2-2-6-6-7-1	3-7-1-3-4-7-4-4-4-2-7-3	2-4-4-2-2-3-6-6-4-5-18-5	2-5-7-2-4-0-6-6-5-2-2-4	2-3-3-4-3-1-5-4-6-6-2-2	5-4-4-4-2-2-2-4-2-5-6-4	4-3-2-7-3-5-6-2-3-4-1-3	2-4-9-2-6-5-9-4-4-6-2-4	2-4-1-1-2-2-3-2-8-2-5-2
68	6	7-2-6-6-2-2-6-2-8-2-2-6	2-7-5-3-2-2-3-8-2-4-2-5	3-6-3-3-7-4-5-6-2-4-7-5	4-4-7-7-3-4-2-2-7-5-5-1	3-8-1-3-4-5-6-8-7-2-2-3	2-4-4-2-6-4-7-5-6-6-8-3	1-3-5-1-4-6-9-5-7-6-2-4	2-3-3-5-6-1-9-4-5-5-2-2	7-4-5-3-6-2-2-4-2-5-5-7	9-3-6-5-6-6-5-7-3-4-8-3	4-2-7-2-5-2-2-4-9-5-2-5	2-4-1-1-2-2-3-2-5-2-7-10
68	7	6-2-6-6-2-2-6-2-6-7-2-7	2-5-5-3-10-8-2-6-8-9-7-8	3-7-8-3-6-5-8-5-6-5-6-7	8-5-6-8-3-4-8-3-6-5-5-1	8-5-1-8-4-5-8-6-9-7-5-3	4-1-7-2-6-4-6-7-6-7-3-8	3-9-5-1-4-2-6-6-6-6-3-8	2-3-3-8-8-1-6-4-4-5-2-2	6-4-4-7-4-7-1-8-9-8-3-9	7-3-7-5-9-18-6-6-3-4-4-3	7-9-6-6-6-8-8-4-4-7-9-4	8-9-10-1-7-7-7-2-5-9-6-6
68	8	8-9-8-8-10-8-6-8-6-10-10-7	2-9-2-2-2-7-10-6-7-7-10-7	4-8-10-10-9-7-9-10-10-10-9-9	7-10-9-7-10-10-7-12-10-5-5-7	7-6-3-12-4-5-7-6-9-10-7-3	4-5-7-9-8-2-6-7-8-8-6-10	3-12-8-2-4-12-6-6-8-12-8-7	2-8-10-7-7-1-6-4-4-8-12-2	4-4-4-8-4-7-4-7-7-9-8-7	9-3-7-7-3-7-6-8-8-4-4-13	4-7-6-6-6-7-8-4-4-7-7-4	7-4-7-1-10-7-9-7-5-7-6-2
68	9	12-10-6-10-9-8-6-2-10-2-10-12	2-5-2-3-7-7-10-8-7-7-10-11	10-8-12-8-8-4-8-10-11-7-10-8	10-10-10-10-11-11-7-11-7-8-5-10	11-1-18-11-4-5-10-10-7-12-12-10	10-11-10-8-8-12-7-5-6-8-4-11	2-8-8-2-10-13-6-10-8-9-10-9	2-10-12-10-7-9-6-9-4-8-9-2	9-11-4-10-9-7-4-10-7-8-12-7	8-4-13-2-10-7-10-6-9-9-10-9	4-7-5-6-6-12-10-7-4-9-7-4	2-7-9-10-12-10-8-2-5-7-6-8
68	10	10-11-10-10-9-10-10-10-9-10-8-10	11-11-11-3-7-7-9-9-7-10-9-11	9-10-8-8-8-12-11-11-11-11-11-10	9-10-11-9-8-9-11-8-11-10-10-9	9-1-15-9-4-12-9-9-10-8-9-9	9-9-9-8-13-9-11-12-10-10-6-9	2-12-12-2-12-10-12-12-8-8-9-7	2-9-11-11-11-1-13-9-4-15-9-2	9-10-11-9-10-7-2-9-17-10-6-13	9-3-10-10-9-7-9-6-11-4-9-12	10-7-12-10-2-11-9-4-4-6-7-4	2-7-7-9-9-9-16-2-13-10-6-6
68	11	11-10-13-11-12-12-11-11-11-10-11-12	10-12-10-2-10-11-8-9-7-11-9-13	9-12-8-8-10-10-10-10-10-10-10-9	12-12-12-13-8-9-12-9-12-12-11-1	9-1-1-9-4-11-12-11-12-8-9-9	9-9-9-9-11-9-12-10-11-11-7-9	2-10-11-1-10-11-12-10-11-11-9-7	2-9-10-10-10-1-6-9-4-13-2-2	10-9-10-9-11-9-2-12-7-10-11-10	9-3-10-12-9-15-12-13-10-11-9-10	10-7-18-12-17-10-10-12-1-2-7-4	15-7-1-1-7-2-8-2-12-10-12-13
68	12	9-11-11-8-11-11-11-11-11-11-11-11	12-11-11-14-14-14-13-12-14-11-13-11	16-13-13-8-9-13-13-13-14-10-11-12	13-13-14-11-8-12-11-8-11-15-11-14	7-12-16-8-14-10-13-9-11-9-9-9	2-12-10-9-12-9-11-10-10-11-2-3	16-10-10-16-10-13-10-10-8-8-12-12	2-10-14-10-12-12-10-9-12-12-14-12	12-12-13-9-13-7-12-12-10-12-9-10	12-12-9-13-12-7-11-11-12-13-13-10	16-2-11-11-11-18-12-13-13-12-7-12	12-12-12-12-9-2-8-12-11-10-11-6
68	13	13-13-14-13-13-13-13-11-14-13-13-17	16-11-15-14-12-14-16-14-14-11-15-14	12-12-12-14-14-14-14-14-12-11-14-13	14-12-12-11-14-14-12-16-11-12-13-12	16-12-12-11-12-13-14-14-12-9-9-14	14-12-14-13-10-12-14-13-6-8-17-15	17-15-10-12-14-12-13-14-8-11-13-15	2-13-12-14-14-12-10-10-12-11-17-12	12-12-12-14-12-7-12-12-10-13-13-10	13-13-9-12-14-14-14-11-12-12-12-10	13-13-16-11-10-13-12-12-12-13-7-13	12-14-12-12-13-11-8-2-11-13-11-11
68	14	14-14-13-14-14-15-15-11-14-14-15-12	13-15-16-13-16-17-13-13-13-16-13-13	12-15-12-13-13-13-15-13-12-11-15-15	13-12-12-13-13-13-12-8-11-11-13-12	13-12-12-11-12-15-13-13-11-14-13-13	13-15-13-14-14-9-13-13-14-14-15-14	13-13-11-12-15-14-15-13-14-14-13-13	15-17-12-13-13-12-10-10-12-11-12-2	12-12-13-13-14-14-12-12-12-15-13-14	13-13-14-15-13-13-13-14-12-12-13-15	12-13-13-11-15-13-13-12-12-13-7-13	12-13-12-12-13-2-10-2-16-14-15-14
68	15	14-13-11-14-18-14-14-15-16-16-14-16	13-14-14-16-14-14-16-13-17-14-13-17	12-16-16-17-16-13-14-18-16-14-14-14	16-16-15-17-13-16-18-8-16-12-13-12	13-12-17-16-12-14-16-16-14-15-17-16	16-16-16-13-12-9-16-13-14-14-14-16	13-13-15-12-14-14-14-16-15-18-13-13	14-14-12-16-13-12-10-17-15-10-15-12	15-12-12-16-15-16-15-16-16-14-13-10	16-16-15-14-13-13-16-11-12-12-17-15	13-13-11-11-14-13-12-11-13-13-7-15	12-13-12-12-13-12-8-2-11-13-14-11
68	16	17-17-16-13-15-16-14-16-13-15-18-16	13-17-14-15-17-13-15-13-18-14-15-15	12-15-15-17-15-17-17-17-17-17-17-16	15-15-13-15-13-15-17-8-15-17-17-12	13-12-15-15-12-17-15-15-17-15-15-15	15-15-15-16-14-9-15-16-14-14-2-15	12-10-16-12-16-14-10-15-16-14-13-17	2-14-12-15-13-16-10-15-15-10-15-2	15-12-12-15-15-15-12-12-15-14-13-15	13-15-15-17-17-13-15-14-12-12-12-16	12-13-17-11-18-16-12-12-12-13-7-15	14-13-12-12-13-10-8-14-14-17-17-17
68	17	16-16-18-16-15-14-17-16-18-18-16-18	18-16-16-15-16-14-16-17-13-16-13-15	17-16-15-15-15-16-16-16-16-16-16-16	18-17-17-15-13-17-16-8-16-16-16-17	13-17-15-15-12-16-16-17-16-17-15-15	15-17-15-13-12-9-16-17-14-16-13-17	13-10-16-17-16-17-14-16-16-17-17-17	10-14-17-17-13-17-10-15-17-12-13-12	17-12-17-15-15-17-17-17-10-14-13-10	17-17-15-17-16-13-15-11-12-12-17-17	16-13-16-11-11-17-12-17-17-13-7-15	12-17-12-17-17-2-17-2-11-16-17-16
68	18	18-18-18-18-18-18-18-18-18-17-18-18	13-15-18-15-18-18-18-17-16-18-13-17	14-16-18-15-16-18-18-18-17-18-18-16	17-18-17-17-18-18-16-18-15-18-18-12	13-17-18-18-18-18-17-18-17-18-9-9	18-18-13-13-18-9-18-18-18-18-18-18	17-18-18-18-16-18-7-16-18-18-17-14	18-18-15-17-18-15-10-9-17-12-10-18	15-18-15-18-13-18-2-18-18-2-9-7	17-18-18-16-18-7-18-14-18-18-18-18	16-18-11-18-16-12-18-18-18-18-18-15	18-18-18-17-14-18-18-2-18-18-18-16
69	0	0-0-0-0-0-0-0-0-0-0-0-0	0-0-0-0-0-0-0-0-0-0-0-0	0-0-0-0-0-0-0-0-0-0-0-0	0-0-0-0-0-0-0-0-0-0-0-0	0-0-0-0-0-0-0-0-0-0-0-0	0-0-0-0-0-0-0-0-0-0-0-0	0-0-0-0-0-0-0-0-0-0-0-0	0-0-0-0-0-0-0-0-0-0-0-0	0-0-0-0-0-0-0-0-0-0-0-0	0-0-0-0-0-0-0-0-0-0-0-0	0-0-0-0-0-0-0-0-0-0-0-0	0-0-0-0-0-0-0-0-0-0-0-0
69	1	1-1-1-1-1-1-1-1-1-1-1-1	1-1-1-1-1-1-0-0-1-0-1-1	0-2-0-2-2-2-2-0-1-2-0-2	2-0-0-2-2-2-0-4-2-0-2-0	2-0-2-2-0-1-2-2-1-1-1-0	2-2-1-1-1-2-1-1-1-1-0-0	2-1-1-0-1-0-1-2-1-1-0-1	1-1-4-1-1-0-1-1-1-1-0-0	0-0-1-1-2-1-0-0-1-2-1-1	0-1-1-1-2-2-1-1-4-0-0-1	0-1-1-0-1-1-0-0-0-1-1-1	0-1-1-0-0-1-1-0-1-0-0-1
69	2	2-2-1-2-2-2-2-2-2-2-2-2	3-2-2-1-2-3-3-2-2-3-1-2	0-1-1-1-1-7-1-1-1-1-3-1	4-3-3-1-1-1-2-1-1-2-1-0	1-0-1-1-3-1-3-1-2-2-4-0	1-3-4-3-2-1-3-4-2-2-2-2	1-1-2-0-3-2-2-3-2-2-2-3	2-1-5-3-2-2-2-6-5-1-2-2	2-2-2-3-1-2-2-3-2-2-1-2	2-1-2-2-1-1-2-2-0-5-2-3	2-2-2-0-2-2-0-2-5-3-2-2	2-2-4-2-0-2-1-0-2-0-2-2
69	3	3-3-3-3-3-3-3-3-3-3-3-3	2-3-3-1-2-3-2-4-2-2-1-4	0-2-1-1-1-2-4-5-4-5-4-4	2-2-2-2-1-1-4-1-4-4-5-0	1-0-0-1-2-4-2-4-2-5-5-0	1-2-2-3-2-1-4-4-2-3-6-3	1-1-4-0-2-3-2-2-3-3-0-2	4-1-2-4-3-3-2-3-4-3-2-3	3-2-2-2-3-2-0-2-4-2-4-2	2-1-3-5-1-1-4-2-1-2-0-2	0-2-3-3-4-3-7-2-2-4-2-4	2-2-1-2-0-3-1-3-3-5-3-3
69	4	4-4-4-4-4-4-4-4-5-4-4-4	5-5-3-1-4-5-2-6-2-2-5-3	0-4-4-1-5-2-3-7-5-2-5-3	2-2-5-5-2-2-4-1-5-3-3-0	7-0-0-4-2-3-4-5-5-2-2-0	1-2-2-0-4-1-5-3-4-4-5-2	2-1-3-0-2-4-5-5-4-4-0-2	3-1-1-3-2-7-7-4-3-5-2-2	5-2-3-1-4-2-0-2-3-4-3-5	7-1-4-3-5-4-3-5-1-2-6-1	0-2-5-5-3-3-0-3-0-3-2-3	5-2-7-10-0-4-1-0-3-4-5-5
69	5	4-3-4-5-5-5-4-5-4-5-5-6	4-4-3-1-5-5-3-4-6-7-5-6	1-5-6-1-4-9-6-6-4-3-4-5	6-6-4-6-6-2-5-6-4-3-3-0	6-0-1-6-2-3-6-4-7-5-3-0	8-5-6-2-4-1-4-5-4-5-4-6	2-1-3-0-2-3-4-4-4-4-6-8	3-1-2-6-5-3-4-2-2-4-6-5	4-2-2-5-7-6-0-6-7-6-5-7	7-2-5-3-7-1-4-4-1-2-0-1	5-6-4-4-4-6-6-5-2-2-6-2	5-7-5-5-5-6-5-6-3-7-4-4
69	6	6-9-7-6-6-6-4-6-4-8-6-5	5-4-3-1-4-5-8-7-5-5-7-5	1-6-6-8-7-5-7-8-8-5-8-7	5-7-7-5-8-8-5-5-8-8-7-5	5-5-1-7-2-3-5-4-5-8-5-6	5-5-7-7-6-1-5-5-6-9-4-5	2-1-8-0-2-6-6-4-6-9-6-5	3-6-8-5-5-7-4-2-2-6-5-3	2-2-8-2-7-5-4-5-5-5-6-5	6-8-6-5-7-1-4-6-6-2-4-7	2-5-8-4-11-5-6-2-2-1-5-2	5-2-5-5-5-5-7-5-3-5-4-8
69	7	7-8-6-6-7-6-8-8-8-7-8-8	4-4-3-1-5-5-8-6-7-5-8-8	11-7-8-6-6-2-8-8-8-5-6-6	8-8-6-8-9-8-5-8-6-6-6-1	8-0-8-8-2-3-8-8-5-8-8-8	8-8-8-7-6-8-3-3-4-6-6-8	11-8-6-0-2-6-4-8-6-7-8-7	5-8-6-8-5-7-4-7-2-11-8-2	7-2-11-8-7-5-7-8-5-5-9-5	6-8-7-3-8-1-4-4-7-7-8-7	2-2-3-7-6-7-5-8-0-7-5-9	5-5-4-7-7-8-6-6-3-7-4-6
69	8	8-11-8-9-8-8-8-7-8-6-7-9	9-9-9-1-9-8-7-9-9-9-7-9	0-8-7-6-7-10-7-7-6-9-9-9	7-8-8-7-6-7-10-7-9-9-9-0	7-0-7-7-2-9-7-7-9-6-7-7	7-7-7-7-8-7-9-8-4-8-4-7	7-7-6-0-11-6-9-9-6-6-7-5	8-7-6-7-7-7-10-7-2-8-7-2	7-2-6-7-8-5-0-7-5-7-6-10	8-7-8-10-7-1-5-6-7-9-7-7	7-5-10-9-6-7-8-7-10-7-5-8	10-5-5-8-7-7-6-8-9-8-4-11
69	9	9-6-10-8-9-8-8-7-9-9-9-8	8-8-8-9-8-8-9-8-8-8-11-11	9-10-10-6-9-10-9-10-9-8-8-8	10-10-10-7-6-9-9-7-8-8-8-9	7-11-7-5-10-8-8-9-8-9-9-9	9-10-7-9-10-11-8-9-6-6-9-10	9-1-8-9-9-9-8-10-6-6-10-9	10-7-9-8-5-10-8-7-2-9-9-9	9-9-9-8-1-9-9-9-5-9-7-5	10-9-7-9-10-5-8-8-10-10-10-1	10-3-8-10-9-8-9-9-10-7-5-9	5-5-9-8-10-8-6-10-9-9-4-8
69	10	10-11-11-11-11-11-11-11-11-11-10-11	11-8-8-11-8-11-11-11-11-11-11-11	10-9-11-11-10-11-10-9-9-10-10-10	9-9-11-10-10-10-9-10-8-9-10-11	10-9-10-6-9-10-11-10-10-11-10-10	10-9-11-10-9-9-10-10-9-10-9-10	11-10-6-10-9-10-8-9-6-11-9-10	9-10-9-10-10-9-8-11-11-9-9-9	9-9-9-10-11-9-9-10-5-10-10-5	9-10-7-9-10-10-8-11-10-9-9-10	9-2-8-9-6-10-9-9-9-10-5-10	8-2-10-8-9-7-6-9-3-9-4-8
69	11	11-11-10-10-11-10-10-11-10-10-11-11	10-8-11-10-8-10-10-10-10-11-10-10	10-10-10-10-11-10-11-11-10-11-11-11	11-11-11-11-11-11-9-11-11-11-11-10	10-9-11-11-9-11-10-11-11-11-7-7	11-11-10-11-11-7-11-10-11-11-11-11	10-11-11-11-10-11-5-10-11-10-9-9	11-10-7-11-11-9-7-10-10-7-10-9	7-11-11-11-10-11-11-10-11-5-7-5	11-11-11-11-11-1-11-10-11-11-9-11	9-11-11-9-6-5-9-9-11-11-5-11	11-11-11-8-9-11-11-9-11-11-4-8
70	0	0-0-0-0-0-0-0-0-0-0-0-0	0-0-0-0-0-0-0-0-0-0-0-0	0-0-0-0-0-0-0-0-0-0-0-0	0-0-0-0-0-0-0-0-0-0-0-0	0-0-0-0-0-0-0-0-0-0-0-0	0-0-0-0-0-0-0-0-0-0-0-0	0-0-0-0-0-0-0-0-0-0-0-0	0-0-0-0-0-0-0-0-0-0-0-0	0-0-0-0-0-0-0-0-0-0-0-0	0-0-0-0-0-0-0-0-0-0-0-0	0-0-0-0-0-0-0-0-0-0-0-0	0-0-0-0-0-0-0-0-0-0-0-0
70	1	1-1-1-1-0-1-1-1-1-1-1-1	0-0-0-0-0-0-1-0-1-0-1-0	1-1-1-1-1-0-0-1-1-0-0-0	2-2-2-1-1-2-0-1-0-0-0-5	0-2-5-0-1-0-2-1-0-1-1-1	1-1-0-1-1-1-2-1-0-0-0-2	0-0-0-6-2-1-0-0-1-1-1-2	1-0-1-1-1-2-0-0-1-1-6-0	1-1-2-1-1-1-6-1-0-0-1-0	1-1-1-3-1-0-0-0-1-3-1-0	5-0-0-1-2-1-1-1-0-1-1-1	1-0-1-1-1-1-1-1-1-1-0-0
70	2	2-2-3-3-2-2-2-2-2-2-3-3	2-3-3-3-3-3-5-2-3-3-2-2	2-3-3-3-3-3-3-3-3-2-2-2	3-1-3-3-3-3-2-5-3-0-3-1	3-1-6-4-1-2-3-3-0-2-4-3	2-6-3-1-3-4-3-3-0-0-13-3	3-3-2-1-1-2-0-3-2-2-3-1	1-3-5-3-3-5-0-3-2-1-3-1	2-1-1-2-3-2-1-3-4-4-3-4	3-4-4-5-3-3-4-4-5-2-3-3	2-5-3-3-3-4-2-2-1-3-2-2	2-2-2-6-2-2-4-1-3-3-3-4
70	3	3-3-2-2-2-3-3-3-2-3-3-3	4-2-2-2-2-2-2-3-3-4-2-3	2-2-2-2-2-4-2-4-2-3-4-4	5-4-2-4-2-5-4-2-2-3-2-2	2-1-2-2-5-3-4-4-3-3-2-2	4-2-5-3-3-3-4-2-3-3-6-3	2-3-0-3-4-2-4-4-3-2-2-6	3-2-3-4-2-1-0-5-11-3-2-3	3-1-3-3-2-5-2-4-2-2-2-4	2-7-1-1-2-2-2-2-1-6-2-2	3-3-2-2-3-3-2-3-3-4-3-3	3-3-2-4-3-3-2-3-2-4-2-0
70	4	4-4-4-4-4-4-4-4-4-4-4-4	3-4-4-2-3-4-2-5-3-3-2-5	2-3-2-2-5-3-5-6-2-6-5-5	3-3-3-3-2-3-5-2-5-5-6-2	2-6-1-2-3-6-3-3-3-6-2-2	3-2-3-3-3-2-5-5-3-4-7-4	2-2-6-1-3-0-3-3-4-4-2-3	4-2-3-3-4-4-4-3-5-5-3-4	4-1-3-3-4-3-1-3-5-2-5-3	3-2-2-6-2-2-5-2-2-3-5-3	3-3-8-4-5-2-8-5-3-5-3-5	4-3-2-3-2-7-2-4-7-3-4-2
70	5	6-2-5-5-5-5-5-5-7-5-5-5	6-6-4-2-9-6-2-7-3-3-2-4	3-5-2-2-6-3-4-3-2-3-6-4	3-3-6-6-2-3-5-2-6-4-4-1	2-4-1-2-3-4-5-6-6-3-2-1	2-2-3-3-5-2-6-4-5-5-7-3	2-2-4-1-3-0-6-6-5-5-2-3	4-2-2-4-2-2-7-3-4-4-1-4	6-1-4-3-5-3-4-3-5-5-4-6	2-2-5-8-2-5-4-6-2-1-2-4	3-3-6-8-4-2-2-4-3-4-4-4	6-3-2-1-2-5-2-4-4-4-6-9
70	6	5-4-5-6-6-7-5-6-5-6-10-5	5-5-4-2-9-5-2-5-7-8-6-7	3-6-7-2-5-10-7-7-5-4-5-6	7-3-5-7-2-3-7-2-5-5-4-2	7-4-2-9-3-4-7-5-5-4-4-2	2-2-3-3-5-3-5-6-5-6-5-7	2-8-4-1-3-0-5-5-5-5-2-7	8-2-3-7-7-6-5-3-3-8-8-6	3-1-3-6-3-7-1-3-8-7-6-8	2-3-6-4-8-8-5-5-1-3-3-8	6-7-5-5-5-7-7-3-3-2-8-3	6-8-6-2-3-7-6-6-4-6-5-0
70	7	7-8-7-7-7-7-5-8-5-8-8-6	6-5-4-6-8-6-9-8-6-3-9-6	3-7-9-8-6-6-6-6-9-8-8-8	6-5-8-8-9-9-5-9-8-8-4-6	6-4-2-8-3-4-6-5-8-8-6-1	2-3-8-9-7-3-5-6-7-7-5-6	2-8-11-1-3-8-6-5-7-13-2-8	4-7-8-6-6-9-5-3-3-7-8-7	3-1-3-3-3-6-3-3-6-6-7-6	8-3-7-6-8-8-5-14-7-3-5-8	3-6-10-5-8-6-7-3-3-3-6-3	6-3-6-2-6-6-8-6-4-6-5-12
70	8	8-9-9-7-8-5-5-8-9-9-7-8	8-4-4-9-6-8-9-7-6-6-9-9	9-9-9-10-7-3-9-7-7-7-9-7	9-9-9-7-10-8-9-10-7-7-7-8	9-8-16-7-3-4-9-9-7-7-9-8	9-9-9-3-7-8-9-4-5-7-9-9	16-6-7-8-9-8-5-9-9-8-9-7	3-9-7-9-6-8-5-10-3-6-8-3	9-3-16-9-8-6-9-9-6-6-8-6	9-9-10-9-9-6-9-6-8-1-9-7	9-6-4-5-7-8-4-4-9-5-6-8	8-6-8-9-9-9-7-6-4-8-5-5
70	9	9-10-9-9-9-9-9-9-9-9-10-9	10-10-10-8-6-6-7-7-6-9-8-8	8-8-8-7-8-9-8-10-7-10-10-8	8-8-8-8-7-8-8-8-10-11-10-8	8-8-8-6-8-10-8-8-10-7-8-8	8-8-10-7-10-8-10-9-12-9-8-8	15-9-11-1-11-9-13-8-8-11-8-15	9-8-7-10-9-9-11-11-3-9-8-8	8-9-3-8-9-13-8-8-8-11-9-9	8-8-9-9-8-6-8-10-8-3-8-10	9-6-9-11-16-9-4-3-8-3-6-3	10-3-6-8-8-8-7-9-9-9-5-5
70	10	8-9-9-9-11-9-9-9-9-9-9-9	9-9-9-8-6-9-10-7-6-9-11-11	10-10-11-8-8-11-8-11-10-9-9-10	11-10-11-11-8-11-10-8-9-9-9-10	8-12-8-6-11-9-11-8-9-10-11-14	14-8-9-10-9-16-9-9-9-9-14-8	12-15-9-10-10-11-9-10-7-8-12-10	15-9-12-9-6-11-9-8-3-10-10-11	11-10-10-8-8-6-10-11-6-2-8-6	11-3-8-10-11-6-9-9-10-11-11-9	12-6-7-9-7-12-11-11-12-10-6-10	9-6-10-8-10-10-7-10-4-10-5-2
70	11	11-11-11-12-10-11-8-11-11-11-11-11	14-9-9-12-6-11-10-13-12-13-12-12	10-11-10-12-12-12-10-10-13-13-12-12	10-10-10-12-11-12-9-14-9-9-13-10	14-10-8-12-10-11-12-13-12-7-9-10	13-10-13-9-9-10-12-11-9-9-3-13	10-11-9-10-12-10-12-10-7-9-10-12	4-13-10-12-11-10-9-9-3-10-10-10	10-10-10-14-13-6-10-10-6-9-11-9	10-11-8-12-10-13-2-9-10-10-10-13	10-11-4-9-7-11-10-10-10-11-6-3	9-11-10-8-10-8-7-10-4-10-5-0
70	12	12-13-12-12-13-12-12-12-12-13-13-13	12-13-13-11-13-13-10-11-11-13-11-11	10-12-10-11-11-11-13-10-13-11-13-11	11-10-10-11-11-11-13-11-13-13-12-10	11-10-8-11-11-11-13-11-13-7-8-8	11-10-14-10-12-10-11-12-9-12-10-12	10-11-14-10-11-12-13-13-7-12-10-11	14-11-10-11-11-10-9-9-3-13-10-10	10-10-13-11-9-6-10-10-12-12-11-16	10-11-12-11-11-11-13-12-11-10-10-11	10-11-16-13-5-10-10-10-10-11-6-11	13-11-10-8-10-8-9-14-12-10-5-9
70	13	13-12-9-14-12-16-13-12-14-12-12-12	12-12-12-11-12-12-13-11-11-12-11-11	10-14-14-11-11-12-14-14-14-11-12-11	14-14-13-14-11-14-14-11-12-12-11-10	11-10-8-7-14-11-14-14-12-11-13-8	11-14-11-13-13-10-12-12-9-12-2-14	2-11-11-14-14-13-9-14-7-8-14-11	15-11-11-14-13-14-9-14-14-10-13-10	14-13-13-14-11-9-13-13-6-13-11-9	12-14-8-14-11-11-12-9-14-13-13-11	13-13-12-12-5-13-10-14-13-13-6-13	12-13-13-13-13-8-7-10-4-10-5-0
70	14	14-13-14-13-15-13-14-13-13-13-14-14	14-15-12-11-16-12-13-11-11-12-11-11	11-13-13-11-11-12-13-13-13-11-5-12	13-13-13-13-13-13-13-11-15-12-15-10	11-10-13-11-13-14-13-13-15-7-13-10	11-13-12-14-12-10-15-14-14-14-10-14	15-11-12-13-13-15-15-13-14-14-13-15	12-11-10-13-11-13-9-13-13-15-10-10	13-13-13-11-14-15-13-13-14-2-11-12	10-13-14-15-13-14-15-7-13-13-10-11	10-14-15-15-14-13-13-13-13-13-6-13	12-13-10-13-10-8-7-12-12-10-5-15
70	15	15-16-16-16-16-15-16-16-16-16-16-16	16-14-16-16-16-16-16-15-16-16-16-16	15-14-16-15-15-16-15-15-16-15-15-15	16-15-13-15-14-15-15-15-14-15-14-15	15-10-16-13-14-14-16-16-14-15-15-15	15-13-14-15-9-10-14-11-14-14-15-13	15-11-15-13-16-15-14-15-14-15-10-14	10-11-10-15-15-16-9-15-3-14-10-15	10-13-13-14-14-15-13-13-6-16-16-9	15-15-14-14-15-11-14-15-13-13-10-11	10-14-14-14-15-12-15-13-10-15-9-13	16-13-15-13-15-8-7-10-16-14-14-14
70	16	16-16-15-15-16-16-15-15-16-15-16-16	15-14-16-11-15-15-15-15-15-16-15-15	14-16-15-15-16-16-16-16-15-16-15-16	15-16-16-15-16-16-15-16-16-16-16-10	15-10-8-16-16-16-15-15-14-16-8-8	16-16-16-15-16-10-16-16-16-16-16-16	8-16-16-16-15-16-12-15-16-16-10-15	16-16-8-16-16-15-9-8-8-16-15-16	8-16-8-16-11-6-16-13-16-15-15-12	10-16-14-16-16-11-16-15-12-16-12-16	10-16-16-16-7-13-13-12-16-16-16-16	15-16-16-13-12-16-16-10-16-16-16-14
71	0	0-0-0-0-0-0-0-0-0-0-0-0	0-0-0-0-0-0-0-0-0-0-0-0	0-0-0-0-0-0-0-0-0-0-0-0	0-0-0-0-0-0-0-0-0-0-0-0	0-0-0-0-0-0-0-0-0-0-0-0	0-0-0-0-0-0-0-0-0-0-0-0	0-0-0-0-0-0-0-0-0-0-0-0	0-0-0-0-0-0-0-0-0-0-0-0	0-0-0-0-0-0-0-0-0-0-0-0	0-0-0-0-0-0-0-0-0-0-0-0	0-0-0-0-0-0-0-0-0-0-0-0	0-0-0-0-0-0-0-0-0-0-0-0
71	1	1-1-1-1-1-1-1-1-1-1-1-1	1-1-1-1-1-1-0-0-1-1-1-0	3-1-2-2-1-2-1-2-0-1-1-1	2-0-2-2-1-2-0-4-1-0-1-0	2-0-6-1-0-1-2-2-1-1-1-2	1-2-1-1-0-4-1-1-1-1-10-2	1-1-1-0-1-1-1-0-1-1-2-0	1-1-2-1-1-0-1-1-1-0-2-0	0-0-0-1-2-1-0-2-2-1-1-1	2-1-0-0-2-2-1-1-4-0-0-1	0-1-1-0-1-0-0-0-0-1-1-1	0-1-4-1-0-1-1-0-0-0-2-1
71	2	2-2-2-2-2-2-2-2-2-2-2-2	3-2-2-1-2-2-3-2-2-3-2-2	0-3-1-2-1-7-3-3-2-2-2-3	3-3-3-3-1-4-2-1-1-2-1-0	1-2-1-1-3-2-3-3-2-2-4-4	5-3-4-3-2-0-3-1-2-2-2-4	1-2-2-2-3-2-2-2-2-2-1-3	2-1-6-3-1-2-2-3-5-0-4-0	2-5-2-2-1-4-2-3-1-2-1-2	1-9-2-2-1-1-3-2-2-5-2-1	2-3-2-0-2-2-0-2-5-3-3-2	4-2-1-3-2-2-1-2-2-3-1-1
71	3	3-3-3-3-3-3-3-3-3-3-3-3	2-3-3-1-2-3-2-4-2-2-2-4	1-2-2-4-4-2-4-5-4-5-4-4	2-2-4-2-1-2-4-1-3-4-5-0	1-3-1-1-2-5-2-2-2-6-7-2	2-2-2-2-2-1-4-4-2-3-3-3	1-3-4-0-2-3-2-4-3-3-1-2	4-1-2-2-1-3-3-2-4-3-0-0	3-2-2-2-3-2-0-2-4-3-4-2	2-1-3-5-6-3-4-2-0-2-0-1	3-2-7-3-4-3-7-2-2-4-2-4	5-2-1-2-0-3-1-3-5-2-3-3
71	4	4-4-4-4-4-4-4-4-5-4-4-4	5-3-3-1-4-5-1-3-2-2-5-3	0-4-4-3-5-2-3-4-5-2-5-3	2-6-5-5-2-2-4-1-5-3-3-0	1-0-1-4-2-3-4-5-5-6-2-2	1-2-2-2-4-1-5-3-4-4-5-2	1-3-3-0-2-4-5-5-4-4-0-2	3-1-2-3-1-0-6-2-3-3-2-0	5-0-3-2-9-2-0-2-4-4-3-2	1-1-4-3-4-4-3-5-1-0-0-1	2-2-5-5-3-3-0-8-10-3-1-3	8-2-7-2-6-4-3-3-3-3-5-5
71	5	4-3-4-5-5-5-4-5-4-5-5-6	4-4-3-6-7-5-3-7-7-7-5-6	2-5-6-6-6-5-6-6-4-3-4-5	6-6-4-6-5-2-6-6-4-3-3-6	6-3-1-8-2-3-6-4-7-5-3-1	2-2-6-2-4-1-4-5-4-5-4-6	1-5-3-0-2-3-4-4-4-4-1-9	3-5-2-2-5-0-4-2-2-3-7-0	4-2-2-5-10-6-0-6-5-6-5-7	4-2-5-3-5-7-4-4-0-2-0-1	5-8-4-4-4-6-0-2-2-2-6-2	5-7-5-2-5-5-5-6-3-5-4-4
71	6	6-7-4-6-6-6-4-6-4-8-6-5	5-7-3-5-4-5-9-8-5-5-7-5	0-6-8-7-7-8-7-5-8-8-5-7	5-7-7-5-7-8-5-9-5-7-3-5	5-3-1-7-2-3-7-4-5-9-5-6	2-3-7-8-6-0-4-5-6-7-4-9	7-6-9-0-2-9-6-4-9-8-6-7	3-6-7-5-5-0-4-2-2-6-7-0	2-2-2-2-7-5-0-5-5-5-6-5	6-2-6-3-7-5-4-9-6-2-4-6	5-5-5-8-7-5-6-2-2-5-5-2	5-2-5-5-5-5-7-5-3-5-4-4
71	7	4-6-7-6-7-8-6-7-7-8-7-8	2-6-3-8-5-5-6-6-5-5-8-8	8-8-8-6-6-2-8-8-9-6-8-8	8-8-8-8-6-8-6-10-5-6-6-8	9-9-8-6-2-3-8-8-5-6-8-8	8-8-8-6-6-10-8-8-4-6-8-8	6-6-6-0-6-7-5-8-6-6-8-6	6-6-6-8-5-7-4-2-2-6-7-0	8-2-2-8-7-5-15-8-5-5-6-5	6-8-14-7-8-5-8-4-7-8-8-7	8-5-3-0-6-10-3-3-8-7-5-2	5-5-4-8-8-5-6-5-3-8-4-4
71	8	8-8-8-8-8-8-8-8-8-8-8-8	5-10-9-7-8-5-6-6-7-9-7-9	7-7-7-6-6-10-7-9-7-9-9-7	7-7-8-7-6-7-9-7-9-9-9-7	7-0-7-5-2-9-7-7-8-6-7-7	7-7-9-6-11-7-7-8-4-6-7-7	1-8-8-0-9-8-8-8-6-8-7-5	8-6-7-9-8-7-8-10-2-8-9-0	7-8-9-7-8-5-0-7-8-5-9-9	9-7-8-9-7-7-7-4-7-7-7-9	7-5-9-8-8-9-13-2-7-7-5-2	9-2-5-7-7-7-6-6-3-7-4-4
71	9	11-8-8-8-9-9-8-9-8-9-8-9	9-8-8-9-8-9-6-9-5-8-7-8	7-7-7-6-10-10-8-8-7-10-8-9	10-10-10-10-6-7-8-6-8-8-8-7	7-7-7-10-10-8-8-9-10-6-10-7	7-7-8-6-9-7-10-8-9-9-7-6	1-10-6-0-8-7-9-10-9-14-7-5	3-6-6-8-8-9-8-8-2-14-8-11	7-10-8-7-8-5-15-10-8-6-8-8	8-2-6-10-7-4-8-6-8-10-7-8	7-6-8-14-9-8-8-2-13-9-9-2	8-9-5-9-7-7-6-12-8-7-4-9
71	10	12-10-11-12-12-11-12-12-10-10-11-15	11-8-8-11-11-12-11-11-11-11-13-12	10-10-11-11-9-11-10-10-11-9-10-10	11-9-10-9-10-10-11-7-9-9-8-10	7-12-14-9-12-8-9-10-9-10-9-9	11-11-9-12-9-7-9-8-6-6-1-11	11-9-8-12-10-14-8-9-6-10-14-10	5-6-11-10-11-12-8-8-10-11-10-11	12-14-15-12-12-5-12-9-8-11-8-9	10-10-7-9-9-5-9-5-14-10-10-11	12-5-13-9-8-15-11-10-12-10-5-11	10-9-10-10-10-10-6-10-3-12-4-4
71	11	12-12-12-13-12-10-14-14-13-12-13-13	12-13-14-10-12-12-12-12-10-10-14-13	11-11-10-13-12-10-12-12-13-12-13-11	10-11-13-12-11-11-12-11-12-9-11-10	15-11-10-9-14-11-11-11-9-12-14-14	14-10-9-11-9-12-9-10-6-6-6-10	10-9-11-12-10-10-12-10-6-10-10-10	11-6-14-12-10-10-8-14-10-10-11-10	10-10-10-10-10-14-10-9-5-15-10-10	10-10-7-9-13-11-13-15-10-10-10-14	10-15-14-9-15-11-13-15-14-10-12-10	10-9-11-10-11-14-13-12-3-10-4-15
71	12	11-11-11-10-11-10-11-11-11-11-11-11	11-8-8-13-11-11-11-11-11-11-11-11	14-12-14-15-14-11-13-11-11-13-13-12	13-11-11-11-13-13-11-13-13-9-12-10	13-10-10-13-11-12-13-13-13-11-11-13	13-7-13-11-9-11-13-12-9-5-12-10	10-13-6-11-13-10-12-11-6-10-10-12	11-12-12-13-12-10-8-14-2-10-11-11	10-10-13-10-10-11-10-15-5-10-11-11	13-10-7-10-7-15-12-12-10-10-7-11	10-14-11-9-10-11-0-10-10-12-11-13	10-12-10-10-10-11-6-11-3-10-4-11
71	13	11-11-13-11-11-14-11-11-11-11-11-11	11-14-14-12-11-11-11-11-11-14-10-11	15-15-12-11-12-12-14-11-11-12-14-12	12-11-11-12-12-12-11-12-12-14-12-11	12-11-10-12-11-14-12-12-12-11-11-12	12-10-13-11-13-11-14-13-13-13-12-13	10-12-13-11-14-13-14-11-6-9-12-12	11-12-12-12-12-10-15-13-10-11-10-10	10-10-12-10-10-5-10-11-5-10-12-10	12-10-13-13-11-12-11-14-10-10-10-11	10-11-10-9-9-13-11-10-10-10-11-12	10-9-10-10-10-11-11-13-3-10-4-11
71	14	11-11-14-15-11-13-11-11-11-11-11-13	11-13-13-12-11-11-11-12-10-13-11-13	12-13-12-12-12-11-13-12-11-12-13-12	15-14-15-14-14-14-15-12-13-13-14-7	12-11-10-14-11-13-15-14-14-11-11-11	11-10-14-14-14-11-13-13-13-13-14-14	10-12-13-11-13-10-13-15-6-9-10-13	11-14-11-14-14-10-4-12-2-9-14-0	10-10-12-14-14-11-10-11-5-11-14-5	10-10-7-10-10-12-14-13-10-10-10-11	10-12-11-9-11-11-15-10-10-14-11-14	10-12-10-10-10-11-11-11-3-10-4-11
71	15	15-15-15-15-15-15-10-15-15-11-15-15	11-13-15-12-15-11-11-12-10-15-10-11	13-13-15-12-15-15-15-11-11-15-13-12	14-15-15-14-15-15-14-12-15-15-15-11	11-10-15-15-11-15-14-14-13-15-12-7	15-15-14-15-15-11-15-15-15-15-15-15	14-15-15-15-13-15-13-14-15-10-14-14	15-15-14-11-15-14-13-12-10-15-14-15	7-15-10-15-12-11-15-12-15-11-14-10	10-15-15-15-15-12-15-11-10-15-15-15	10-11-15-15-11-10-15-11-15-10-11-2	15-15-15-10-11-15-15-10-15-15-15-11
72	0	0-0-0-0-0-0-0-0-0-0-0-0	0-0-0-0-0-0-0-0-0-0-0-0	0-0-0-0-0-0-0-0-0-0-0-0	0-0-0-0-0-0-0-0-0-0-0-0	0-0-0-0-0-0-0-0-0-0-0-0	0-0-0-0-0-0-0-0-0-0-0-0	0-0-0-0-0-0-0-0-0-0-0-0	0-0-0-0-0-0-0-0-0-0-0-0	0-0-0-0-0-0-0-0-0-0-0-0	0-0-0-0-0-0-0-0-0-0-0-0	0-0-0-0-0-0-0-0-0-0-0-0	0-0-0-0-0-0-0-0-0-0-0-0
72	1	1-1-1-1-1-2-2-1-1-2-2-2	2-2-2-1-2-2-2-1-2-2-1-2	1-0-2-1-1-2-1-1-2-1-1-1	2-2-2-1-0-0-2-0-0-0-0-0	0-0-0-0-2-1-2-1-0-1-1-1	1-2-0-5-2-1-1-0-2-1-0-0	6-0-1-8-2-2-0-2-2-2-8-2	1-5-0-1-1-2-2-1-1-3-6-4	1-7-2-0-5-0-9-1-2-2-1-2	1-2-1-2-0-1-1-1-7-3-0-0	6-0-2-0-4-2-4-2-1-1-0-1	3-1-1-9-0-4-1-4-8-1-1-4
72	2	1-1-1-1-1-1-1-1-1-1-1-1	1-1-1-2-1-1-1-2-1-1-1-3	7-3-1-3-3-1-3-3-1-2-3-3	3-1-1-3-2-3-1-3-2-0-2-7	3-0-2-4-1-2-3-2-2-2-1-2	3-3-2-2-1-2-3-2-1-1-4-2	2-2-1-2-1-1-2-1-1-1-3-2	1-2-3-2-2-1-1-2-2-1-2-1	1-1-1-2-3-2-1-2-1-1-3-1	3-4-2-5-3-3-2-2-1-1-3-3	3-2-3-3-3-1-0-1-2-3-2-2	1-2-2-2-2-2-2-1-3-3-3-2
72	3	1-1-1-1-1-1-1-1-1-1-1-1	1-3-1-2-1-1-1-3-1-4-2-2	2-4-2-2-2-4-4-2-1-4-3-2	4-4-4-4-2-2-1-2-3-3-2-2	2-3-2-2-4-2-4-4-3-3-4-2	2-4-4-1-3-2-2-8-3-3-2-3	2-3-1-3-4-1-3-4-3-1-2-3	3-2-2-2-8-1-1-4-4-1-3-1	3-1-3-3-2-4-3-2-1-3-2-4	2-3-3-2-2-2-3-3-1-1-2-2	2-3-2-2-2-3-0-3-3-2-2-3	1-2-1-3-2-2-2-3-2-2-2-2
72	4	4-4-4-4-4-4-1-4-4-1-4-1	1-8-4-2-5-1-1-6-1-3-2-2	2-3-5-2-2-5-3-5-5-3-5-3	3-3-5-3-2-3-5-2-5-4-3-2	2-1-2-2-3-5-5-3-3-2-3-2	5-3-3-1-1-3-5-4-4-4-2-4	2-2-5-3-3-1-3-5-4-5-2-3	4-2-2-5-3-1-3-3-3-4-3-1	4-1-3-3-3-3-1-3-4-4-2-3	5-2-4-5-2-3-2-1-1-3-3-2	4-5-5-5-1-5-1-1-3-3-3-3	1-2-2-3-2-1-2-1-1-1-2-1
72	5	5-7-6-5-5-7-6-7-6-5-6-6	6-5-6-2-4-6-6-5-5-6-6-6	5-6-4-4-4-4-5-5-4-6-4-5	6-4-6-4-2-6-5-2-5-8-3-2	2-1-2-8-3-4-4-5-5-6-4-2	4-6-3-1-5-2-6-3-5-5-6-4	2-6-5-3-3-5-8-4-5-6-6-5	5-7-2-4-6-6-8-3-3-5-3-1	4-1-3-3-1-7-1-10-9-6-7-8	4-2-5-7-6-6-6-5-1-1-2-2	0-10-10-7-10-4-1-1-2-3-6-3	1-6-1-1-2-5-6-1-1-6-4-8
72	6	5-7-7-7-7-5-7-5-7-7-6-5	5-4-5-7-7-5-7-8-7-8-7-7	6-7-7-7-6-7-7-6-7-5-7-6	7-6-7-7-6-7-7-6-5-5-7-6	5-7-2-6-2-5-7-7-6-8-8-6	6-5-5-7-7-5-5-7-5-5-5-7	1-5-6-1-7-6-5-6-5-6-7-5	7-6-7-7-5-5-7-6-6-7-7-6	7-6-6-6-7-6-7-5-6-7-5-5	7-7-8-6-5-5-9-8-1-6-7-6	7-5-5-5-7-5-6-6-7-6-5-3	7-5-6-1-7-7-5-7-1-6-7-6
72	7	6-6-6-6-6-5-6-5-6-6-8-7	5-8-8-6-8-5-6-8-6-6-6-6	2-6-6-6-6-6-6-7-6-8-8-6	6-6-6-6-2-6-6-2-8-5-6-2	2-6-2-5-9-8-6-6-8-6-6-6	8-6-3-6-6-3-8-6-7-7-5-6	2-9-7-7-6-7-7-7-5-6-6-8	6-5-6-8-5-1-6-3-3-6-6-6	6-1-6-3-6-5-6-8-8-6-8-9	6-6-7-8-8-7-8-5-1-1-6-9	6-7-5-5-6-1-9-6-6-6-5-3	6-5-1-3-6-6-2-6-1-7-6-6
72	8	5-5-7-6-6-5-5-5-5-5-7-5	5-7-5-6-7-5-6-7-6-6-6-6	8-8-6-8-8-9-6-8-8-7-7-8	9-8-7-8-2-9-6-2-7-5-8-10	2-10-2-5-9-7-7-8-7-6-6-8	7-5-3-8-9-10-7-3-7-5-0-9	10-7-6-1-9-1-5-9-5-6-1-7	9-5-6-7-3-1-7-3-3-8-8-8	1-8-6-3-3-1-0-7-5-6-7-5	1-6-6-7-7-2-7-6-8-6-9-2	1-5-5-5-6-8-8-6-1-6-7-3	6-9-8-1-8-7-2-6-1-8-6-5
72	9	9-10-10-10-10-10-10-10-10-10-10-10	10-7-10-10-10-5-10-10-10-9-10-10	8-9-10-10-9-10-9-8-10-9-8-9	8-8-7-8-2-8-9-8-7-5-8-8	8-8-2-5-8-7-10-9-7-9-6-9	7-8-5-9-8-10-7-8-9-7-9-8	8-7-6-1-8-9-5-8-9-6-10-7	8-9-6-10-9-9-7-5-3-8-8-8	10-8-9-9-9-9-1-9-5-6-10-7	1-1-6-9-9-10-7-10-1-8-8-10	9-5-9-8-5-9-8-9-9-6-9-9	9-7-9-1-9-9-9-9-9-9-9-5
72	10	10-9-9-9-10-9-9-9-10-9-10-10	9-7-10-9-9-9-9-9-9-10-9-9	8-9-9-9-10-9-10-10-9-10-10-10	9-10-10-10-10-10-9-10-10-5-10-8	3-8-10-10-10-10-9-10-5-10-6-6	10-10-10-10-10-8-10-10-10-10-10-9	8-10-10-10-7-10-10-10-10-10-9-9	10-10-2-10-10-9-10-3-8-7-6-8	9-10-10-10-2-10-10-5-10-5-9-5	6-10-10-10-10-9-10-9-1-10-10-10	9-5-5-9-5-10-8-10-10-6-10-10	6-10-10-1-9-10-10-8-10-10-10-5
73	0	0-0-0-0-0-0-0-0-0-0-0-0	0-0-0-0-0-0-0-0-0-0-0-0	0-0-0-0-0-0-0-0-0-0-0-0	0-0-0-0-0-0-0-0-0-0-0-0	0-0-0-0-0-0-0-0-0-0-0-0	0-0-0-0-0-0-0-0-0-0-0-0	0-0-0-0-0-0-0-0-0-0-0-0	0-0-0-0-0-0-0-0-0-0-0-0	0-0-0-0-0-0-0-0-0-0-0-0	0-0-0-0-0-0-0-0-0-0-0-0	0-0-0-0-0-0-0-0-0-0-0-0	0-0-0-0-0-0-0-0-0-0-0-0
73	1	1-1-1-1-0-1-1-1-1-1-1-1	1-0-1-1-0-1-0-0-1-1-3-0	0-1-2-2-2-2-2-0-1-2-1-2	2-0-2-2-2-2-0-4-2-0-2-2	2-0-2-2-0-1-2-2-1-0-3-2	2-2-1-1-0-2-1-1-1-1-7-0	1-1-1-1-1-1-1-0-1-1-2-1	1-1-1-1-1-1-1-1-1-1-0-0	0-0-0-0-2-1-0-1-2-3-1-1	2-1-1-2-2-2-1-1-1-0-0-1	0-1-1-0-1-1-0-0-0-1-1-1	0-1-3-0-0-1-1-0-1-0-0-1
73	2	2-2-1-2-2-2-2-2-2-2-2-2	3-2-2-1-2-2-2-3-3-3-1-2	0-1-1-1-1-5-3-0-1-1-3-1	1-3-1-1-1-1-2-1-1-2-1-1	1-0-1-1-4-1-3-1-2-2-4-1	1-3-4-0-2-1-3-3-2-2-11-2	1-1-2-2-3-2-2-2-2-2-1-3	2-1-2-3-2-2-2-3-9-2-2-0	2-0-2-3-1-2-2-2-1-2-1-2	2-1-2-2-1-1-2-2-0-2-0-1	2-5-2-0-2-2-0-2-0-3-2-2	0-2-4-3-0-2-1-2-2-0-1-2
73	3	3-3-3-3-3-3-3-3-3-3-3-3	2-3-3-1-2-3-2-2-2-2-1-2	1-3-1-1-1-2-4-4-4-2-4-1	2-2-4-1-1-1-4-1-1-4-1-1	1-0-1-1-2-4-2-2-2-0-1-1	1-2-2-0-3-1-4-2-3-3-9-2	5-1-3-4-2-3-2-4-3-3-2-2	3-1-2-2-2-6-3-2-2-3-2-0	3-6-2-2-3-4-0-4-4-3-4-2	4-1-3-3-1-1-4-3-4-2-0-1	5-2-4-0-2-2-0-2-7-2-3-2	0-2-1-2-5-3-4-0-3-3-7-4
73	4	3-4-4-4-4-4-4-4-4-5-4-4	4-5-5-1-4-3-2-3-2-2-1-5	1-4-6-1-1-4-3-5-4-5-5-4	5-5-5-5-2-2-5-1-5-3-5-1	1-0-0-7-2-3-5-4-5-4-2-1	1-4-2-0-4-1-5-3-4-4-5-5	2-5-5-3-2-4-5-5-4-4-1-2	4-1-2-5-2-4-5-5-2-4-2-0	4-0-3-3-0-3-4-3-3-4-3-5	3-1-4-5-4-1-5-4-3-2-0-1	3-2-3-4-5-4-0-6-0-2-2-3	4-2-2-4-4-4-3-6-4-3-5-3
73	5	6-5-6-4-6-5-4-4-5-4-5-4	6-4-4-5-3-3-6-6-6-7-6-6	6-6-6-6-6-2-6-6-6-4-4-6	6-6-6-6-6-6-4-5-4-4-4-6	6-6-5-4-2-3-6-6-4-6-6-6	6-6-2-5-4-6-4-4-4-4-6-6	6-4-4-6-2-4-4-4-2-4-6-2	4-6-1-6-2-6-4-4-2-6-5-0	6-0-4-2-5-5-6-6-4-5-6-7	4-6-7-4-6-1-4-4-6-7-5-1	3-2-6-4-4-7-0-5-6-2-7-2	4-5-5-5-6-6-2-4-4-5-4-3
73	6	6-4-6-6-5-6-6-6-6-6-6-6	5-7-6-5-7-3-5-5-5-2-5-5	5-5-5-5-5-2-5-5-5-6-7-5	5-5-5-5-5-5-6-1-7-7-7-5	5-5-5-5-2-7-5-5-7-6-6-5	5-5-7-6-6-5-7-6-7-6-5-6	5-1-6-5-8-4-6-7-4-6-5-6	6-5-2-5-6-5-7-6-2-5-5-0	5-3-6-2-6-6-5-5-6-5-7-7	6-5-4-5-5-5-7-6-5-5-5-2	5-2-5-6-6-4-0-6-5-2-6-6	6-5-5-13-5-5-1-4-9-3-4-6
73	7	7-6-6-7-7-6-4-7-6-6-7-6	8-6-6-5-7-7-8-7-5-5-8-8	12-7-8-7-7-7-8-8-7-7-6-7	7-7-8-5-5-8-7-1-6-6-6-5	1-8-5-4-8-6-6-7-6-7-6-7	6-7-6-7-4-11-6-2-7-6-1-5	12-1-6-11-7-7-6-7-4-4-11-5	7-6-1-6-6-7-6-2-2-7-7-7	7-7-7-8-8-7-7-8-6-11-6-6	6-8-5-7-6-1-6-6-7-11-11-1	11-2-7-6-4-5-7-7-11-7-5-2	7-2-7-5-7-7-1-0-6-7-3-6
73	8	10-9-8-10-9-9-9-9-9-9-9-9	9-9-10-11-11-10-10-10-9-9-10-9	8-7-10-9-9-8-7-7-9-8-10-8	7-7-9-9-8-7-9-12-8-9-8-5	11-7-11-9-8-8-8-8-8-11-11-5	8-12-9-8-8-10-8-9-8-8-12-8	10-9-9-8-6-8-9-9-10-12-13-12	12-8-11-9-10-9-6-8-2-10-10-7	8-9-8-8-7-11-11-7-10-12-10-9	11-10-9-11-10-10-10-12-8-7-7-11	7-11-9-6-10-11-7-10-7-11-11-11	10-5-8-8-10-9-12-9-6-10-11-12
73	9	8-8-8-8-8-8-8-8-8-8-8-8	8-8-8-10-8-8-8-8-8-8-8-8	10-9-11-8-10-8-10-8-8-8-9-10	11-10-8-8-10-10-8-10-10-8-9-5	9-7-5-10-10-9-10-10-9-8-8-10	9-8-8-11-8-7-8-8-8-8-9-8	9-8-8-8-10-8-8-8-8-8-5-9	8-9-10-10-9-8-6-11-2-7-5-7	7-8-10-10-8-8-8-7-8-8-9-8	9-8-8-8-8-8-9-6-8-7-5-8	7-9-8-6-4-4-7-8-5-9-8-9	4-2-9-5-8-8-8-8-6-8-8-6
73	10	8-8-8-8-8-8-8-8-8-8-8-8	8-8-8-9-8-8-8-8-8-8-8-8	9-9-8-8-9-8-11-8-8-9-11-11	9-9-9-9-9-9-8-9-9-8-9-5	9-7-5-9-9-11-9-9-11-8-8-9	8-10-10-8-8-7-11-10-10-10-5-10	8-8-8-8-9-10-9-8-8-8-9-9	8-9-9-9-9-8-4-10-2-8-8-7	8-8-9-8-10-8-7-9-8-8-8-8	9-8-8-8-8-8-8-11-8-8-7-8	7-8-11-6-8-4-7-8-7-8-8-9	8-8-7-8-8-8-8-10-11-8-8-6
73	11	8-8-8-8-8-8-8-8-8-8-8-8	8-8-8-8-8-8-8-12-8-8-8-12	13-12-12-8-9-8-10-8-8-10-10-10	9-12-11-8-12-12-10-9-11-8-12-12	9-7-13-12-12-12-10-12-10-8-8-5	8-8-12-9-11-7-10-11-8-8-2-11	11-8-8-7-10-11-9-12-8-13-7-9	8-11-8-12-11-8-6-9-12-7-10-7	7-7-9-12-12-8-8-7-8-8-12-8	8-8-12-8-8-11-11-10-11-7-7-8	7-8-10-6-4-8-7-8-7-8-8-9	4-2-7-8-8-8-8-10-10-8-8-6
73	12	8-8-8-8-8-8-8-8-8-8-8-8	8-8-8-9-8-8-8-13-8-8-8-11	7-11-11-9-12-11-11-12-12-11-12-13	13-12-13-12-11-11-8-11-11-8-11-11	8-7-11-11-12-11-13-11-10-8-8-12	11-8-11-12-12-12-12-8-12-8-8-12	13-8-8-12-12-11-8-11-8-8-13-8	8-11-9-11-11-8-6-8-11-12-12-12	8-12-8-11-11-8-12-12-8-8-11-8	8-8-11-8-12-9-8-8-8-8-7-11	12-8-8-12-8-10-7-12-12-8-8-12	8-2-12-12-8-8-8-12-8-12-8-8
73	13	13-13-13-13-13-8-8-13-13-8-13-13	8-8-13-12-8-8-12-12-8-13-11-12	12-13-13-9-13-13-13-13-12-13-12-13	12-13-13-12-13-13-12-13-11-13-13-7	8-12-13-13-12-13-12-12-13-13-9-5	13-13-11-8-13-12-8-13-13-13-13-13	12-13-13-13-12-13-8-13-13-11-12-8	13-11-11-13-13-12-6-8-11-12-8-7	8-13-8-13-11-8-13-9-13-8-11-8	8-13-13-13-13-9-13-8-13-13-7-13	12-13-13-13-6-4-7-8-13-8-8-13	8-13-13-6-11-13-13-10-13-13-13-6
74	0	0-0-0-0-0-0-0-0-0-0-0-0	0-0-0-0-0-0-0-0-0-0-0-0	0-0-0-0-0-0-0-0-0-0-0-0	0-0-0-0-0-0-0-0-0-0-0-0	0-0-0-0-0-0-0-0-0-0-0-0	0-0-0-0-0-0-0-0-0-0-0-0	0-0-0-0-0-0-0-0-0-0-0-0	0-0-0-0-0-0-0-0-0-0-0-0	0-0-0-0-0-0-0-0-0-0-0-0	0-0-0-0-0-0-0-0-0-0-0-0	0-0-0-0-0-0-0-0-0-0-0-0	0-0-0-0-0-0-0-0-0-0-0-0
74	1	1-1-1-1-1-1-1-1-1-1-1-1	1-1-1-2-1-1-1-1-2-1-2-2	2-2-2-2-0-2-2-1-2-0-2-1	2-1-2-0-2-2-1-2-0-9-1-3	3-1-2-0-3-0-2-2-0-3-1-1	2-2-2-4-1-3-2-3-1-0-11-1	2-2-0-1-1-1-0-2-2-4-3-5	1-1-2-2-3-2-0-4-2-1-1-1	1-3-2-2-1-4-1-1-1-1-2-2	2-1-1-2-2-2-2-0-2-1-1-1	1-0-1-0-0-1-2-1-2-2-0-1	2-0-1-2-1-1-4-1-1-1-1-1
74	2	2-2-2-2-2-2-1-1-1-2-2-2	1-2-2-1-1-1-1-1-1-1-1-1	1-1-1-1-1-1-3-1-1-5-3-1	1-1-1-0-1-1-1-1-3-0-2-1	1-1-1-0-1-4-1-1-2-1-1-0	1-1-1-1-1-1-1-1-2-0-1-1	1-2-0-1-3-2-2-3-1-0-1-4	2-4-1-1-1-1-4-1-1-1-4-2	2-1-1-1-2-1-1-3-2-1-1-3	1-2-2-3-3-3-1-0-1-2-1-3	2-4-2-2-0-1-1-2-1-1-2-3	9-0-1-1-1-2-3-1-1-1-2-4
74	3	3-3-3-3-3-3-3-3-4-3-3-3	1-4-5-1-4-2-1-3-1-4-1-4	1-3-1-4-0-1-2-4-2-4-4-4	1-4-4-4-1-1-4-1-4-1-4-1	1-1-1-4-1-2-4-3-4-1-1-0	1-1-5-1-3-1-4-1-3-3-5-1	1-4-6-1-2-3-3-4-1-3-1-4	2-1-2-2-1-1-4-1-1-1-1-3	2-1-2-1-3-1-1-2-3-5-1-2	2-2-3-2-2-2-4-4-2-1-1-2	2-4-11-6-0-3-1-3-1-1-3-2	2-3-1-1-1-3-2-3-5-4-5-2
74	4	3-3-3-3-4-3-1-3-3-4-3-7	3-3-3-4-3-4-5-3-6-3-1-3	6-5-5-3-0-5-5-5-4-3-3-4	5-4-5-4-1-1-3-1-3-1-3-8	1-10-8-3-5-2-5-4-3-4-1-8	1-5-1-1-4-1-3-1-3-0-3-4	1-3-3-5-4-4-3-3-0-1-11-2	1-2-2-1-1-1-2-1-1-1-2-3	5-1-4-1-9-1-4-1-3-1-1-0	4-1-4-5-3-2-3-3-5-5-4-2	9-3-3-3-0-4-5-2-9-4-4-4	2-4-4-5-4-4-1-3-3-4-3-2
74	5	5-5-5-3-3-3-5-5-6-3-5-6	4-3-3-5-3-4-4-7-6-3-6-6	4-4-4-6-6-6-6-4-9-7-6-6	6-4-4-6-6-6-3-6-6-1-6-4	6-4-4-6-4-5-4-5-3-5-6-6	6-4-5-5-4-6-5-5-3-0-3-4	10-6-3-4-5-4-3-6-0-6-5-5	2-5-6-5-5-1-3-6-1-9-4-3	4-1-4-1-14-1-4-1-3-6-6-5	4-5-5-6-7-6-7-3-4-4-4-5	4-5-3-3-0-4-4-4-4-4-5-4	2-5-4-4-4-3-5-3-3-4-3-3
74	6	7-6-5-6-6-6-6-7-6-7-7-9	7-3-3-5-7-8-4-9-6-7-5-7	4-4-4-5-5-9-7-7-5-9-5-5	5-7-7-5-5-5-3-5-5-1-5-4	5-4-4-5-7-6-7-5-6-9-5-5	5-9-8-9-6-5-7-7-11-6-9-6	6-5-3-4-7-4-7-7-6-9-5-7	12-5-5-7-6-6-6-7-6-4-6-6	9-1-6-6-5-8-4-7-6-5-5-6	6-6-4-5-5-5-5-6-1-6-4-5	7-6-3-3-14-6-4-6-4-8-7-6	2-6-4-4-6-6-9-6-2-3-3-6
74	7	7-7-7-7-7-7-8-6-7-6-7-7	9-9-8-5-6-8-4-8-6-6-5-6	4-4-5-5-5-6-8-8-8-6-8-8	6-6-8-5-5-5-3-5-5-8-6-4	5-4-4-5-6-8-6-5-6-8-5-5	5-6-6-6-7-5-6-6-6-7-13-6	6-7-9-4-6-7-8-6-7-7-6-6	11-5-6-6-6-8-9-6-6-8-6-3	7-1-6-6-4-6-4-6-8-11-5-7	6-6-3-7-5-6-5-7-4-6-4-5	6-6-3-3-8-9-4-7-4-6-6-6	2-6-4-4-7-6-5-7-8-8-14-7
74	8	8-8-8-9-9-8-7-6-8-9-7-8	7-9-9-5-8-6-6-7-6-6-5-8	4-8-4-5-5-6-7-9-7-6-9-7	5-6-9-5-5-6-9-5-9-7-8-4	5-4-4-9-6-7-9-8-9-8-13-5	5-6-6-6-8-5-9-7-8-8-10-7	4-12-9-4-6-8-9-9-9-7-4-6	3-5-7-7-6-7-10-8-6-7-6-3	14-1-9-6-4-6-4-6-7-8-5-7	6-6-14-9-5-7-8-7-7-6-4-5	4-6-14-14-7-7-4-12-4-6-6-6	2-6-4-4-8-8-5-8-9-7-10-9
74	9	7-8-8-8-7-8-14-8-9-8-7-10	7-7-8-10-8-8-4-6-10-6-5-8	10-8-11-11-10-6-10-10-5-6-8-10	10-6-8-9-10-10-8-11-8-1-6-4	11-4-4-10-6-7-10-10-8-10-9-9	6-11-10-6-9-11-8-9-6-8-6-11	6-5-7-4-6-11-8-8-6-6-4-6	2-10-6-10-6-8-8-11-6-9-6-6	6-1-8-6-4-6-4-10-7-9-6-12	7-6-9-9-10-7-9-7-5-6-9-5	4-6-3-9-9-7-4-9-4-8-6-6	2-9-4-4-8-10-6-8-8-9-3-8
74	10	10-12-8-10-12-10-10-10-10-8-10-10	7-12-11-9-10-8-9-9-9-6-9-11	9-10-9-9-9-9-9-9-12-11-11-9	9-9-9-9-9-9-8-9-11-11-11-4	9-4-4-9-6-11-9-9-10-10-9-9	6-9-9-13-12-9-9-10-6-10-8-10	5-10-11-4-11-10-14-9-7-10-4-6	10-9-5-11-7-12-11-9-6-10-6-3	9-10-11-9-8-6-1-9-10-9-8-11	11-10-10-11-9-8-9-6-5-8-9-5	2-6-12-8-9-6-12-2-4-6-9-6	10-6-5-4-4-9-5-11-11-9-8-8
74	11	12-12-12-14-12-12-10-14-10-11-10-10	12-10-10-9-10-11-14-12-10-6-12-10	9-11-9-9-12-6-10-12-13-12-10-12	12-12-12-12-9-9-10-9-10-12-10-4	9-4-4-12-6-10-12-8-12-11-9-9	5-9-9-9-11-9-12-10-6-11-1-9	6-10-10-4-10-8-12-12-12-11-4-9	7-9-5-10-6-14-10-9-6-12-10-11	4-1-10-9-9-10-1-1-10-7-8-10	6-6-10-12-12-5-10-7-12-11-4-5	4-8-3-11-11-11-11-4-4-11-12-6	2-11-4-4-4-11-5-11-10-9-3-11
74	12	11-10-11-10-10-11-10-11-12-14-13-11	11-7-7-12-10-11-13-11-13-6-11-8	12-12-11-9-11-13-11-11-11-11-11-11	11-11-11-11-9-13-11-9-10-11-11-12	12-12-14-11-12-10-11-12-11-12-9-12	12-13-11-12-10-9-11-9-11-6-5-13	8-8-10-12-10-4-13-11-6-12-12-9	13-7-12-13-6-11-10-9-6-11-12-11	12-12-12-7-6-12-12-12-13-12-12-9	12-12-10-11-11-5-9-7-11-12-9-5	12-6-10-11-11-12-10-12-13-11-11-6	12-12-12-12-12-12-5-12-12-12-7-8
74	13	13-13-14-14-14-14-14-14-14-14-14-14	14-14-14-14-14-14-12-14-14-14-14-14	13-13-14-13-13-12-13-14-14-13-13-13	14-12-11-14-13-12-13-9-13-11-13-12	12-12-12-11-11-13-14-12-11-13-13-13	13-13-6-14-12-9-11-10-8-8-7-12	14-11-13-4-12-13-12-11-6-14-12-13	12-5-13-12-6-13-10-9-14-14-12-11	14-11-14-6-13-13-13-12-12-14-13-9	14-12-13-11-13-13-9-7-14-14-12-14	12-6-12-11-11-13-13-12-12-14-11-13	12-13-13-13-12-13-13-12-10-12-8-14
74	14	14-14-13-13-14-13-13-14-14-13-14-14	13-13-14-13-13-13-13-13-13-14-13-13	13-13-13-13-14-14-13-13-13-14-14-14	13-14-13-13-14-14-13-13-14-14-14-12	14-12-12-14-14-14-13-14-10-14-9-9	14-14-9-13-14-14-14-14-14-14-14-14	13-14-14-14-10-14-10-14-14-13-13-8	14-14-5-14-14-11-14-9-13-13-12-14	13-14-13-14-5-14-14-11-14-13-13-8	13-14-14-14-14-5-14-13-13-14-14-14	14-14-8-8-11-13-14-14-14-14-14-14	12-14-14-13-12-14-14-14-14-14-7-13
75	0	0-0-0-0-0-0-0-0-0-0-0-0	0-0-0-0-0-0-0-0-0-0-0-0	0-0-0-0-0-0-0-0-0-0-0-0	0-0-0-0-0-0-0-0-0-0-0-0	0-0-0-0-0-0-0-0-0-0-0-0	0-0-0-0-0-0-0-0-0-0-0-0	0-0-0-0-0-0-0-0-0-0-0-0	0-0-0-0-0-0-0-0-0-0-0-0	0-0-0-0-0-0-0-0-0-0-0-0	0-0-0-0-0-0-0-0-0-0-0-0	0-0-0-0-0-0-0-0-0-0-0-0	0-0-0-0-0-0-0-0-0-0-0-0
75	1	1-1-1-1-1-1-1-1-1-1-1-1	1-0-0-2-1-1-1-1-1-1-1-1	1-1-1-1-1-0-1-1-1-0-1-1	1-1-2-0-0-2-0-2-0-2-2-1	0-2-2-1-0-0-1-1-2-1-1-0	1-2-2-1-1-2-0-1-0-0-0-2	0-1-1-0-1-1-1-2-1-1-0-0	1-1-2-0-1-0-1-0-0-1-1-2	0-1-1-1-2-1-8-0-1-1-1-1	1-1-0-0-3-1-0-1-1-1-0-0	8-1-2-1-0-1-1-6-0-1-1-0	1-1-1-0-0-3-0-8-1-1-1-2
75	2	2-2-3-3-3-3-3-3-3-3-2-2	3-3-3-2-3-3-3-3-3-3-3-3	2-1-3-2-2-3-2-2-3-2-2-2	3-3-3-2-2-1-3-1-1-1-1-2	9-6-5-9-3-2-3-2-1-2-2-2	2-3-2-7-3-3-0-1-0-0-10-2	3-2-2-9-3-3-0-1-0-3-10-2	2-6-1-2-2-3-3-2-3-4-2-1	2-3-3-2-7-1-9-2-2-1-2-8	2-2-4-1-3-2-4-2-3-3-3-0	9-2-3-7-6-3-7-3-7-2-2-2	7-2-2-5-3-2-0-2-2-2-1-1
75	3	2-2-2-2-2-2-2-2-2-2-2-2	2-2-2-5-2-2-2-2-2-2-2-2	5-3-2-4-4-2-4-2-2-4-4-4	2-2-2-4-4-4-2-6-4-6-3-2	4-2-4-4-2-3-2-4-3-7-2-3	4-2-3-2-2-4-3-3-0-0-4-2	3-3-2-2-2-2-3-4-0-2-4-3	2-4-3-3-3-2-2-0-2-2-2-2	2-2-2-4-4-2-2-3-2-4-4-2	2-3-3-3-1-3-3-2-2-2-2-3	1-3-2-2-2-2-2-2-2-7-3-2	2-3-3-2-2-1-3-2-2-1-1-1
75	4	2-2-2-2-2-2-2-2-2-2-2-2	2-4-2-3-2-2-2-7-2-5-2-3	3-3-2-3-3-7-3-3-2-7-3-3	5-5-2-3-3-3-2-3-3-4-3-3	3-2-3-3-5-3-5-3-4-2-6-3	3-5-6-2-2-3-5-5-4-4-14-4	5-4-7-5-5-2-4-5-4-7-4-5	2-3-4-5-4-4-4-5-4-2-5-2	4-2-4-5-3-4-4-5-2-4-3-4	5-4-2-4-3-3-5-4-2-4-4-3	7-7-2-2-5-4-1-2-4-5-5-4	2-4-2-2-2-4-7-4-0-1-2-4
75	5	2-2-2-2-2-5-2-2-2-2-5-2	2-5-5-3-2-2-2-3-6-4-3-3	3-5-2-3-3-4-6-7-6-5-6-3	4-4-4-4-3-3-7-3-6-7-4-2	3-2-2-3-4-7-4-4-4-3-4-3	3-4-4-2-2-3-6-4-4-4-0-6	4-4-7-4-4-6-7-6-0-4-4-4	5-3-4-4-4-2-5-4-4-5-4-2	5-4-4-4-2-4-2-4-6-4-5-6	4-6-3-5-6-3-4-5-2-2-2-3	1-4-5-2-4-6-1-2-2-4-4-4	2-4-2-2-3-1-4-6-2-1-16-16
75	6	6-6-2-6-7-6-2-7-6-2-6-6	2-7-7-3-2-2-2-8-5-7-2-7	3-6-2-3-3-4-5-5-7-7-7-6	4-4-7-3-3-3-6-3-7-5-4-2	3-2-2-7-4-5-7-6-7-6-4-3	3-4-4-2-8-3-7-4-6-8-6-5	4-4-5-2-4-5-5-5-6-6-2-4	6-8-4-4-7-2-5-6-4-6-4-1	6-2-7-4-2-4-1-4-5-6-7-5	2-5-6-5-5-3-9-8-2-2-2-3	1-5-6-14-2-5-1-2-2-4-4-4	2-4-2-2-9-1-4-5-11-6-7-5
75	7	6-6-2-6-6-2-2-6-7-2-7-2	2-6-6-3-2-2-2-4-2-6-8-6	8-7-9-8-8-4-8-5-6-4-6-8	8-8-6-8-8-8-5-7-6-5-6-8	8-2-7-8-4-5-8-8-5-8-7-7	4-8-8-2-7-10-6-6-4-6-8-8	8-3-5-4-4-7-5-8-6-4-8-4	4-8-4-8-6-2-5-6-4-2-7-1	2-2-6-8-2-4-2-8-5-8-6-9	4-3-2-7-8-3-7-6-7-2-7-3	4-4-6-2-7-5-2-9-2-3-4-4	2-7-7-7-2-7-4-2-2-7-6-5
75	8	8-8-8-8-8-8-8-8-8-8-8-8	8-9-6-7-8-9-2-6-2-4-7-8	7-8-7-7-7-4-7-8-8-9-7-7	7-7-7-7-7-7-8-7-9-9-9-2	7-2-1-7-4-9-7-7-9-8-7-7	7-7-7-2-8-2-7-8-4-8-7-7	7-11-8-2-4-8-8-7-5-10-7-7	9-7-7-7-6-5-14-8-4-10-7-1	7-2-4-7-2-7-1-7-9-7-7-11	2-3-8-3-7-3-7-6-2-2-7-6	1-8-2-2-2-10-1-7-9-4-7-4	2-7-7-2-7-7-3-2-2-1-11-5
75	9	10-9-10-10-10-10-10-10-10-8-10-10	10-8-2-10-10-8-10-10-10-10-10-10	9-10-10-10-9-10-10-10-10-8-10-9	10-9-10-9-7-9-9-7-8-9-9-9	11-10-11-9-11-8-10-10-8-9-9-10	10-10-7-10-9-13-8-10-6-5-10-7	2-8-9-2-9-9-13-9-12-8-12-13	10-9-2-10-10-10-8-13-9-9-15-11	2-11-2-10-10-9-2-11-10-10-9-7	2-2-8-14-14-3-7-9-11-11-11-3	11-4-13-10-2-14-11-7-8-2-7-4	11-7-9-2-11-9-9-11-14-11-9-5
75	10	13-12-11-12-12-11-11-13-13-11-12-13	11-12-11-11-11-11-11-9-9-11-11-11	10-11-11-12-10-11-9-11-11-10-9-10	11-9-11-11-9-9-11-7-12-12-10-9	16-9-12-7-9-10-9-10-10-11-12-9	13-12-11-10-12-11-10-14-12-10-12-10	16-12-10-2-16-11-11-9-12-12-16-12	10-10-12-9-10-9-13-11-12-12-9-11	10-9-12-10-12-14-16-9-11-15-10-11	11-13-11-10-11-13-12-15-12-9-13-12	10-11-16-9-16-8-9-16-2-12-11-10	12-10-9-2-11-15-12-15-9-11-13-10
75	11	10-10-10-10-10-10-10-10-10-10-10-10	10-10-10-10-10-10-10-10-9-10-10-10	13-10-10-13-13-10-13-10-10-12-13-10	10-10-10-10-13-12-10-7-10-10-13-9	13-9-9-13-9-11-11-11-11-10-10-7	10-10-13-14-10-10-11-10-10-10-11-10	13-10-10-2-10-10-10-10-0-10-11-11	10-11-10-11-11-9-8-10-4-9-9-10	2-9-10-10-12-10-10-9-10-10-11-11	10-11-10-10-13-3-11-6-9-9-9-3	9-10-10-6-10-10-9-10-9-11-10-4	10-11-11-11-9-10-11-10-9-10-10-5
75	12	10-10-10-10-10-10-10-10-10-10-10-10	10-10-10-12-10-10-10-13-9-10-10-13	12-12-13-11-11-10-11-13-10-11-11-11	13-13-10-11-11-11-10-7-10-10-11-12	11-14-13-11-14-11-13-11-11-12-10-15	10-12-11-12-10-14-11-10-10-10-12-12	12-10-10-14-12-12-10-13-10-10-14-14	10-11-14-11-11-14-8-10-10-10-12-13	14-12-10-10-11-10-12-14-10-10-11-10	14-10-10-10-10-10-10-10-9-14-12-10	14-10-10-6-10-12-14-14-14-10-10-12	10-4-12-10-14-10-10-10-12-10-9-10
75	13	10-10-9-10-10-10-10-10-10-10-10-10	10-15-10-12-10-10-12-12-9-10-10-12	12-12-12-11-11-11-11-12-10-11-14-13	12-12-12-11-11-11-10-7-11-10-11-12	11-12-12-11-12-11-12-12-15-10-10-11	10-12-11-10-10-12-12-10-13-13-15-12	11-14-10-12-12-13-15-12-13-13-11-15	10-11-12-11-11-12-10-9-11-9-12-12	10-9-13-14-2-10-14-12-10-14-11-14	12-10-13-11-11-10-10-10-2-12-10-3	12-10-10-6-10-12-9-12-12-11-10-10	10-11-12-11-12-10-11-10-9-10-10-10
75	14	10-10-10-10-10-10-10-10-10-10-10-10	10-13-10-15-10-10-10-12-9-10-10-12	12-14-15-15-14-10-15-12-10-15-13-14	15-12-10-10-15-15-10-15-14-10-15-12	15-12-15-14-12-15-13-15-13-10-14-15	10-15-15-11-14-12-15-10-10-13-4-15	14-10-10-12-10-14-10-15-13-14-12-12	10-14-12-14-14-12-8-10-15-12-9-12	12-12-4-14-16-10-12-12-10-10-14-13	12-11-10-10-15-15-14-8-2-12-12-15	12-10-10-6-10-9-9-12-12-14-10-12	10-7-14-7-12-10-14-10-9-10-10-5
75	15	10-10-10-10-10-10-10-10-10-10-10-10	10-13-10-14-10-10-12-16-10-10-10-16	12-15-14-14-14-10-14-15-15-14-16-15	14-15-10-14-14-14-10-14-14-15-14-15	13-16-14-14-15-14-16-14-13-15-15-14	10-14-14-15-15-15-14-10-15-13-13-15	14-10-10-12-15-15-10-15-15-10-14-13	10-14-14-14-14-16-8-10-14-12-9-15	15-12-10-15-15-10-15-15-10-10-14-8	10-11-15-10-14-14-7-10-2-15-15-14	15-10-10-6-10-15-9-10-15-15-10-15	10-4-12-15-15-10-10-10-12-10-9-10
75	16	16-16-16-16-16-10-10-16-16-10-16-16	10-10-16-14-10-10-14-15-9-16-14-12	15-15-16-14-16-16-16-16-15-16-15-15	15-16-15-14-16-16-10-16-14-16-16-9	10-15-16-16-15-16-15-15-13-16-10-12	16-16-14-16-16-12-10-16-16-16-16-13	10-16-16-16-10-16-5-15-16-16-10-14	16-16-11-16-16-12-8-10-14-16-10-16	10-16-16-16-14-10-16-10-16-10-14-5	10-10-16-16-16-3-16-10-16-16-16-16	15-10-10-16-10-16-16-16-16-10-10-16	9-10-16-10-16-16-16-10-16-16-16-5
76	0	0-0-0-0-0-0-0-0-0-0-0-0	0-0-0-0-0-0-0-0-0-0-0-0	0-0-0-0-0-0-0-0-0-0-0-0	0-0-0-0-0-0-0-0-0-0-0-0	0-0-0-0-0-0-0-0-0-0-0-0	0-0-0-0-0-0-0-0-0-0-0-0	0-0-0-0-0-0-0-0-0-0-0-0	0-0-0-0-0-0-0-0-0-0-0-0	0-0-0-0-0-0-0-0-0-0-0-0	0-0-0-0-0-0-0-0-0-0-0-0	0-0-0-0-0-0-0-0-0-0-0-0	0-0-0-0-0-0-0-0-0-0-0-0
76	1	1-1-1-1-1-1-1-1-1-2-1-2	2-1-1-0-2-1-2-1-2-1-2-1	1-2-2-2-2-2-2-0-2-2-3-2	2-2-2-2-0-0-2-1-2-2-2-0	3-0-1-3-0-2-2-1-2-2-2-0	2-2-2-1-2-4-2-3-1-1-10-2	1-1-1-1-2-1-2-2-2-1-1-1	1-1-1-1-1-2-2-2-1-2-2-6	1-9-1-1-1-2-7-1-2-3-1-2	2-1-1-3-2-2-1-1-1-6-0-1	1-2-2-0-1-2-7-2-1-1-2-1	2-1-1-1-4-9-3-3-1-1-2-1
76	2	1-1-1-1-1-1-1-1-1-1-1-1	1-1-1-2-1-1-1-2-1-1-3-3	0-3-3-1-4-1-3-3-1-1-1-3	3-1-1-3-2-3-1-6-1-1-3-4	2-0-6-4-0-1-3-3-1-1-1-2	5-3-2-2-1-5-3-1-1-1-4-3	2-2-1-2-1-2-1-1-1-1-3-2	1-2-3-2-2-1-1-1-2-1-3-1	2-0-1-2-3-1-1-3-1-1-3-1	3-2-2-1-3-1-4-1-9-1-6-3	3-1-1-0-1-2-3-1-5-3-1-2	1-2-2-2-3-1-4-1-3-3-1-1
76	3	1-1-1-1-1-1-1-1-1-1-1-3	1-1-1-2-1-1-4-4-3-4-2-2	6-2-2-2-2-8-2-2-1-5-1-2	4-4-4-4-2-2-1-2-3-1-2-2	2-3-2-2-4-2-4-2-3-1-1-2	2-5-5-7-1-5-4-1-3-3-2-3	2-3-1-3-4-2-4-3-3-1-2-4	3-2-2-4-2-1-1-5-6-1-5-1	3-0-3-3-2-1-3-2-1-1-2-1	2-2-2-1-2-1-4-1-1-1-2-2	3-1-3-0-3-3-2-7-3-2-1-3	3-3-5-4-3-1-1-1-2-2-2-1
76	4	4-4-4-4-1-4-4-4-4-4-1-4	3-4-5-2-1-1-3-5-3-3-2-5	2-4-3-2-2-3-5-6-1-6-5-5	3-3-3-3-2-2-5-2-4-5-6-2	2-6-2-2-3-6-3-3-3-6-6-2	1-3-3-1-1-2-5-5-3-4-2-4	2-4-1-3-3-6-3-5-4-1-2-3	5-2-2-3-2-4-1-3-5-5-3-1	4-0-3-3-4-1-1-2-2-4-5-1	1-2-2-6-1-1-5-1-2-1-2-2	1-3-8-4-5-5-0-1-3-5-1-5	1-3-2-3-1-1-2-1-8-1-4-8
76	5	5-1-5-5-1-5-5-5-6-5-1-5	1-6-4-2-8-1-1-7-1-3-2-4	0-5-3-4-6-3-4-8-6-3-6-4	3-3-6-6-2-7-4-2-6-4-4-0	2-7-2-5-3-4-5-5-6-1-1-2	2-3-3-1-5-2-6-4-5-5-6-3	2-4-1-2-3-5-5-4-5-5-2-5	4-3-2-4-3-1-8-3-4-4-3-1	6-0-4-3-9-3-1-2-5-5-4-1	2-2-5-8-1-5-4-6-2-1-2-2	0-1-6-6-4-4-0-8-2-4-1-4	1-2-2-2-2-1-2-1-4-1-6-6
76	6	5-4-5-5-6-7-6-1-5-6-1-5	8-4-4-2-5-7-4-5-7-8-6-7	3-6-7-2-5-9-7-7-5-4-5-6	7-9-5-7-2-3-7-2-5-4-4-2	6-4-2-9-3-4-7-5-5-6-4-2	2-3-7-2-5-2-5-6-5-6-5-4	2-8-1-2-3-4-5-5-5-5-2-7	4-2-2-7-6-1-5-3-3-4-8-1	5-1-3-6-3-6-3-2-8-6-6-8	6-2-6-4-2-8-6-5-2-1-2-2	6-8-6-5-5-7-7-8-3-3-7-3	6-8-6-3-6-7-6-7-4-6-5-5
76	7	7-8-8-8-7-6-5-9-5-7-7-6	6-5-4-2-5-6-7-8-6-6-8-6	8-7-9-10-8-9-8-6-9-9-8-8	6-5-8-6-9-9-6-9-6-9-4-2	6-4-2-8-3-4-6-5-8-12-6-2	6-6-6-9-7-1-5-6-7-7-2-9	2-7-7-2-3-7-6-5-7-9-7-8	1-7-8-6-6-0-5-3-3-7-8-1	3-1-3-3-3-6-1-2-6-6-7-6	8-2-7-6-2-8-8-7-2-1-3-4	3-6-6-9-8-6-1-3-3-2-6-3	6-3-6-6-2-6-8-6-4-1-5-4
76	8	8-9-9-9-8-7-5-10-8-7-7-9	6-4-4-2-5-6-8-7-6-6-9-5	9-7-9-7-7-3-9-9-9-6-7-7	9-9-7-9-10-9-6-8-6-7-7-9	9-4-8-7-3-4-9-9-6-9-9-9	3-9-9-7-7-9-4-4-7-7-5-9	2-7-7-3-9-8-5-9-7-8-9-8	6-9-7-9-9-8-5-8-3-9-8-1	3-0-3-9-8-6-8-9-6-6-10-6	7-2-8-4-9-6-9-5-8-10-9-8	3-6-6-0-7-10-9-6-3-8-6-3	6-6-5-8-8-1-7-1-4-9-1-4
76	9	9-9-8-9-9-9-10-9-9-10-10-8	9-10-9-2-10-6-7-7-10-10-8-10	13-9-7-7-6-10-8-9-7-9-10-7	8-8-9-8-7-8-10-7-10-10-10-2	8-0-8-6-3-10-8-8-10-8-8-8	8-10-10-7-9-8-10-9-9-9-2-8	2-10-7-2-9-9-13-8-7-7-8-6	4-8-7-8-8-0-12-8-3-9-8-1	9-1-3-8-5-6-1-10-13-7-8-10	8-2-8-12-8-6-8-7-2-1-8-8	10-13-7-9-3-8-0-11-13-9-6-3	1-6-6-3-11-1-7-9-11-8-9-13
76	10	9-9-9-13-9-9-9-8-9-9-9-9	11-9-9-10-9-9-11-11-9-9-11-13	12-10-11-7-10-9-11-10-11-10-9-10	10-10-11-8-7-11-9-11-9-9-9-12	6-11-8-11-12-9-9-8-9-10-10-11	1-9-9-10-10-13-9-9-9-7-1-10	10-9-9-10-10-10-5-9-7-8-10-11	10-8-11-9-8-12-9-8-2-10-10-10	10-10-11-8-2-6-10-9-6-10-8-6	7-2-8-10-12-6-1-6-10-12-10-8	11-9-5-10-7-8-10-10-11-8-6-3	10-6-10-10-10-9-7-13-4-10-1-1
76	11	13-13-11-13-12-12-12-13-13-13-13-13	13-13-12-10-12-13-12-13-12-12-12-12	11-10-12-13-12-12-10-13-13-12-13-12	12-12-12-12-10-10-12-12-12-12-11-10	13-10-11-12-10-11-11-11-12-11-11-10	11-12-12-12-11-10-11-12-12-11-2-11	12-12-11-11-13-11-12-12-11-12-13-11	12-8-12-11-11-10-9-12-3-11-13-10	12-10-11-12-13-12-13-12-13-13-8-12	11-13-12-12-11-12-12-11-11-10-10-12	10-12-12-10-12-12-10-13-10-11-12-12	12-12-12-13-12-12-12-12-12-12-9-12
76	12	11-11-11-11-11-11-11-11-11-11-11-11	11-11-11-11-11-11-11-11-11-11-11-11	10-11-11-11-11-11-13-11-11-11-11-11	11-11-11-11-12-12-11-11-11-11-11-10	12-10-11-11-10-12-13-12-11-7-11-2	11-11-11-11-11-10-12-11-11-11-3-11	11-12-11-3-11-11-11-11-7-11-12-12	11-12-11-12-12-10-9-11-3-11-12-10	11-10-11-12-11-11-11-12-6-11-12-11	12-12-8-11-11-11-11-11-10-10-12-11	12-11-11-10-11-11-10-12-10-12-11-13	11-11-11-12-11-11-11-11-11-11-12-11
76	13	13-11-11-11-13-11-11-11-11-11-11-11	11-11-11-11-11-11-11-11-11-13-12-10	11-13-12-11-13-11-12-11-11-13-11-12	12-13-11-11-13-13-11-13-13-13-13-10	11-10-13-13-10-13-12-12-11-13-11-8	13-13-13-13-13-10-13-13-13-13-13-13	11-13-13-13-11-13-9-12-13-11-11-11	13-13-11-13-13-11-9-11-2-11-11-10	11-10-11-13-11-11-11-11-11-11-12-11	11-13-13-13-13-12-13-11-11-13-12-13	11-9-13-10-7-11-10-11-13-13-11-13	11-13-13-11-13-13-13-11-13-13-13-9
77	0	0-0-0-0-0-0-0-0-0-0-0-0	0-0-0-0-0-0-0-0-0-0-0-0	0-0-0-0-0-0-0-0-0-0-0-0	0-0-0-0-0-0-0-0-0-0-0-0	0-0-0-0-0-0-0-0-0-0-0-0	0-0-0-0-0-0-0-0-0-0-0-0	0-0-0-0-0-0-0-0-0-0-0-0	0-0-0-0-0-0-0-0-0-0-0-0	0-0-0-0-0-0-0-0-0-0-0-0	0-0-0-0-0-0-0-0-0-0-0-0	0-0-0-0-0-0-0-0-0-0-0-0	0-0-0-0-0-0-0-0-0-0-0-0
77	1	1-1-0-0-1-0-1-1-1-1-1-1	2-0-0-1-0-0-1-0-1-0-1-0	3-1-2-1-1-0-2-0-0-0-2-1	1-1-1-0-2-2-0-1-0-6-0-1	0-1-6-0-1-0-0-1-0-1-2-1	1-1-0-0-1-1-0-2-0-0-0-1	0-0-0-0-0-1-0-1-1-1-1-1	1-1-2-1-0-3-0-1-1-1-1-0	0-1-0-1-0-1-1-1-0-1-0-1	0-1-1-0-0-0-0-0-1-1-1-0	0-0-0-0-0-1-3-1-0-1-1-1	1-0-1-1-1-0-1-1-0-0-0-0
77	2	2-2-2-3-2-2-2-3-3-3-2-2	3-2-3-3-3-3-3-3-3-2-3-3	2-3-3-3-4-3-3-2-3-3-4-3	3-2-3-3-1-1-4-4-3-3-3-3	5-8-2-4-3-2-2-2-3-3-3-2	5-1-3-2-2-5-2-3-3-2-0-3	2-2-3-3-2-2-3-3-3-4-2-3	2-2-8-2-2-1-2-1-1-3-2-3	2-3-3-1-2-3-3-2-3-4-2-3	7-9-3-3-2-4-5-2-3-7-9-4	3-3-2-2-5-7-5-3-3-9-3-2	9-2-2-2-8-3-4-3-3-6-3-4
77	3	2-2-2-2-2-2-2-2-2-2-2-2	2-2-2-4-2-2-2-2-2-2-2-2	1-2-4-2-5-2-4-2-2-2-2-2	4-2-2-2-3-4-2-5-2-2-4-2	3-1-1-3-1-4-4-3-2-2-2-3	2-1-3-3-2-2-3-2-2-2-9-2	3-6-2-2-3-3-2-4-2-2-3-4	2-3-4-3-3-1-2-4-3-2-2-2	2-2-2-3-4-2-2-5-2-2-3-2	2-3-2-2-3-2-3-2-3-2-2-2	2-2-0-2-2-2-2-2-2-3-2-3	2-3-3-3-2-2-2-2-2-2-2-2
77	4	2-2-2-2-2-2-2-2-2-2-2-2	2-2-2-3-2-2-2-7-4-2-2-4	7-5-3-2-2-7-5-5-2-7-5-6	3-5-2-5-3-3-2-3-3-2-3-2	3-4-1-2-5-3-5-3-5-2-2-3	2-6-6-10-2-2-5-2-4-4-10-4	2-4-2-4-5-4-2-3-4-2-3-3	4-3-3-5-4-1-2-5-10-4-4-2	4-4-4-4-3-2-4-3-2-2-3-5	5-5-4-2-3-2-2-2-5-2-1-2	4-2-2-2-4-4-2-6-5-3-2-4	4-5-4-4-4-2-2-2-2-3-2-2
77	5	2-5-6-2-2-2-2-2-5-5-2-2	2-7-2-3-2-2-2-6-4-4-2-6	3-4-2-2-3-3-6-6-2-4-6-3	4-4-4-4-3-4-4-3-6-10-4-2	2-2-1-5-4-6-4-6-4-2-2-3	2-1-4-4-2-2-6-4-5-5-3-5	2-5-2-4-4-5-7-4-7-2-3-6	2-3-6-4-6-5-5-4-4-5-2-2	4-5-4-4-6-2-2-3-8-2-5-6	4-4-6-7-5-6-7-5-6-2-2-5	4-2-2-2-2-6-2-4-4-6-2-4	4-4-3-4-4-2-2-2-2-2-2-2
77	6	6-6-5-7-7-6-2-7-6-5-7-2	8-7-7-3-2-6-2-8-2-4-2-5	3-6-8-3-3-4-5-5-8-4-5-7	4-4-7-7-3-4-7-3-7-5-4-1	3-2-1-7-4-5-7-6-7-2-2-3	2-4-4-2-6-2-7-7-6-10-0-5	3-7-7-2-5-5-6-7-5-6-4-5	2-3-5-7-5-1-6-4-4-6-4-2	4-5-7-4-5-2-2-3-5-6-6-5	9-3-6-5-6-5-2-7-5-2-1-2	6-2-6-7-2-5-2-4-4-5-2-4	4-4-3-4-2-2-2-2-2-2-2-2
77	7	6-6-6-6-6-6-2-5-7-2-6-5	2-5-6-9-6-2-8-6-2-4-9-8	8-7-8-8-8-4-8-8-7-4-6-8	8-8-6-8-9-8-6-8-6-9-6-8	8-7-1-8-4-5-8-8-6-2-8-8	8-8-8-2-7-8-6-6-4-6-12-8	2-6-6-4-4-10-5-8-5-2-8-9	2-3-2-8-8-1-6-6-4-7-7-2	4-4-6-8-7-2-1-8-5-8-9-6	2-3-6-7-7-7-8-6-8-2-8-8	2-2-6-6-2-2-2-4-6-8-2-4	4-7-7-7-4-2-3-2-2-7-2-2
77	8	8-8-8-8-8-9-8-8-10-8-9-9	6-9-10-7-6-2-7-9-10-9-7-10	7-8-7-7-7-9-7-8-9-10-9-7	7-7-8-7-7-7-10-7-9-10-9-7	7-2-7-7-4-9-9-7-9-8-7-7	7-7-9-6-8-7-9-8-5-8-8-8	2-12-14-2-8-8-15-7-5-9-7-7	8-3-2-7-7-1-10-4-4-7-7-2	2-2-4-7-5-2-2-7-5-7-7-9	2-3-6-2-7-8-7-6-7-2-7-10	2-15-6-8-2-2-2-4-4-7-2-4	2-7-3-4-2-2-9-2-10-7-8-9
77	9	8-8-11-9-10-8-9-8-8-8-8-9	10-8-8-7-6-2-10-8-8-8-7-8	9-10-10-7-9-10-9-9-8-8-8-9	9-9-10-7-7-7-8-7-8-7-8-9	7-9-1-9-10-8-8-4-8-9-9-9	2-8-8-2-9-15-8-8-9-8-3-9	9-8-8-2-9-5-8-9-6-8-9-7	2-5-11-8-6-15-8-8-4-9-9-12	9-10-2-7-3-2-9-10-5-2-7-8	2-2-6-9-10-5-8-6-10-10-9-7	10-2-9-10-2-9-10-4-9-2-2-4	2-7-9-4-9-2-8-10-9-9-2-8
77	10	8-8-11-12-8-9-8-8-8-11-8-11	11-8-8-10-8-2-9-8-8-8-9-8	13-9-11-11-11-9-11-11-9-8-8-11	12-11-11-11-11-11-8-7-11-12-10-13	11-10-13-13-9-10-11-11-8-8-7-11	12-13-8-4-8-7-11-10-8-6-4-8	11-8-2-13-8-4-10-11-6-6-11-11	10-3-15-11-11-9-8-15-4-9-11-9	4-9-4-11-15-10-10-11-5-6-11-7	11-10-6-12-11-10-11-6-11-9-11-8	9-10-6-9-11-9-9-10-11-11-2-8	10-11-9-12-10-2-10-9-8-10-2-11
77	11	12-12-12-11-11-8-12-11-8-10-11-11	10-13-11-10-12-2-10-10-8-8-9-10	10-9-10-10-10-9-12-10-12-11-12-12	10-10-10-10-10-10-8-7-10-11-11-10	10-10-10-11-9-12-10-10-11-11-10-10	10-10-13-10-11-7-10-10-12-8-9-8	10-8-11-10-12-11-11-12-5-11-10-10	2-14-9-12-10-9-14-12-10-6-10-9	2-13-13-10-11-11-10-10-14-12-10-12	10-10-11-11-10-10-10-13-10-9-10-14	12-10-12-12-12-9-9-10-12-10-10-8	12-10-7-10-10-2-10-9-9-14-15-10
77	12	12-12-12-15-11-8-12-12-12-10-11-12	12-14-13-10-11-14-15-12-8-13-13-14	10-9-10-10-10-10-13-10-11-14-13-11	10-9-13-10-10-10-13-7-13-10-13-10	10-9-10-14-10-11-13-11-14-12-7-10	10-10-8-2-12-7-13-10-12-14-7-11	10-8-11-10-11-5-14-11-5-11-10-13	2-11-9-11-10-9-8-11-10-14-10-9	2-9-13-10-12-10-10-10-11-11-10-11	11-10-6-11-11-10-10-12-12-9-10-12	11-13-14-15-11-9-9-10-11-10-2-8	11-13-3-10-10-14-13-9-9-11-14-11
77	13	14-11-15-10-13-15-15-12-12-10-11-12	14-12-12-10-13-14-12-14-14-12-14-14	14-13-13-10-10-10-14-14-11-12-14-14	14-12-12-14-10-10-12-10-12-10-12-10	10-9-10-12-10-11-14-14-12-13-14-14	10-10-11-15-13-9-12-10-11-8-0-14	3-8-11-10-14-13-12-14-5-11-10-12	2-11-12-13-10-9-11-4-13-6-14-9	15-11-14-10-13-13-13-13-11-11-10-5	10-10-11-14-13-13-14-13-13-9-13-11	14-12-13-9-14-13-13-10-11-13-2-13	11-12-15-10-13-13-12-12-9-13-12-10
77	14	12-15-12-15-15-12-15-15-15-12-15-15	13-12-12-10-13-13-12-13-13-14-13-12	13-14-13-10-10-10-13-13-15-12-13-13	13-9-13-13-10-10-13-10-12-12-12-10	10-14-10-12-9-11-13-13-12-14-13-13	10-14-8-2-14-15-13-9-14-8-12-13	15-8-11-14-13-14-12-13-14-15-10-13	14-11-14-13-10-9-11-10-14-12-13-9	2-9-13-14-10-10-14-13-11-11-10-7	10-10-14-13-14-10-13-12-14-9-14-11	13-8-13-9-13-14-10-14-14-13-14-14	14-7-14-14-14-12-8-12-12-13-12-10
77	15	15-15-15-15-15-15-15-15-15-15-15-15	14-12-15-10-15-13-12-13-14-15-13-12	11-14-15-15-15-15-15-15-14-15-15-15	14-15-13-15-15-15-14-7-12-15-15-14	10-9-15-15-9-15-14-15-12-15-7-7	15-15-15-13-15-9-15-15-15-15-15-13	14-15-15-15-14-15-8-11-15-15-14-12	15-15-10-15-15-9-8-10-14-15-15-9	14-15-15-15-10-15-15-7-15-2-10-8	15-15-15-15-15-10-15-13-15-15-15-15	10-8-15-12-15-14-15-15-15-15-15-15	15-15-15-14-14-15-15-9-15-15-15-15
78	0	0-0-0-0-0-0-0-0-0-0-0-0	0-0-0-0-0-0-0-0-0-0-0-0	0-0-0-0-0-0-0-0-0-0-0-0	0-0-0-0-0-0-0-0-0-0-0-0	0-0-0-0-0-0-0-0-0-0-0-0	0-0-0-0-0-0-0-0-0-0-0-0	0-0-0-0-0-0-0-0-0-0-0-0	0-0-0-0-0-0-0-0-0-0-0-0	0-0-0-0-0-0-0-0-0-0-0-0	0-0-0-0-0-0-0-0-0-0-0-0	0-0-0-0-0-0-0-0-0-0-0-0	0-0-0-0-0-0-0-0-0-0-0-0
78	1	1-1-1-1-1-1-1-1-1-1-1-1	1-0-1-0-0-2-1-0-2-1-0-1	1-1-2-1-0-2-0-2-0-0-0-0	2-2-2-0-1-1-1-0-0-0-0-1	0-1-1-0-1-0-2-2-0-5-0-9	1-2-0-1-1-2-2-1-0-0-9-2	1-1-0-5-1-0-0-2-0-1-9-2	1-1-0-1-1-4-0-0-1-2-1-2	2-2-1-0-2-1-5-1-1-1-1-0	1-1-0-2-1-1-0-0-1-2-1-1	2-0-1-0-0-1-2-1-5-1-0-0	1-0-1-1-4-1-0-2-1-1-1-0
78	2	2-2-2-2-2-2-2-2-2-2-2-2	2-0-2-2-2-1-1-4-1-2-3-3	1-2-1-3-3-3-3-3-3-2-3-3	3-1-1-3-3-3-1-3-3-0-2-2	3-1-3-3-1-2-1-3-1-0-3-3	3-3-3-2-2-5-1-3-0-0-10-1	3-2-0-1-2-2-2-1-0-3-3-4	2-2-2-2-2-1-0-3-2-1-1-1	2-1-1-2-3-0-1-1-2-2-2-2	2-2-0-3-1-3-4-3-1-1-1-2	1-0-1-1-0-2-1-1-1-2-2-2	1-0-1-1-1-2-2-1-2-2-3-0
78	3	3-3-3-3-3-3-3-3-3-3-3-3	4-3-3-2-3-4-3-4-3-4-2-4	7-4-4-2-2-4-2-2-2-4-4-2	2-4-1-2-2-2-4-2-2-0-4-2	2-1-2-2-5-2-4-2-3-0-2-2	4-2-5-6-3-2-4-2-3-3-11-3	2-3-3-1-4-3-4-3-3-3-2-6	3-2-4-4-3-3-3-5-7-1-3-3	3-7-3-3-2-0-3-1-0-2-2-8	2-3-1-2-2-2-5-3-3-3-1-3	3-3-0-0-0-3-1-3-3-4-4-3	1-3-5-1-3-3-2-3-2-3-2-3
78	4	4-4-4-4-4-4-4-4-4-4-4-4	5-5-4-2-3-4-3-3-3-3-2-3	2-4-3-2-2-3-5-3-5-3-5-5	3-3-5-2-2-2-3-2-5-5-3-1	2-4-2-2-3-5-3-2-3-0-2-2	3-2-3-7-3-2-3-3-4-4-3-4	2-3-4-1-3-4-3-5-3-4-2-3	4-2-3-5-2-1-5-3-3-4-1-3	3-1-3-3-4-0-1-5-5-4-2-5	5-3-4-4-2-3-2-5-5-3-1-5	3-3-5-0-0-5-5-6-1-3-5-3	1-3-1-1-1-3-2-4-4-4-4-4
78	5	5-5-5-4-5-6-5-5-5-6-5-5	6-6-4-2-3-6-1-6-5-6-2-6	2-5-3-2-2-3-6-5-4-3-6-4	3-6-6-6-2-2-5-2-4-6-6-1	2-1-2-7-3-4-6-5-6-1-2-2	6-2-3-3-5-2-6-4-5-7-6-3	3-6-7-1-3-5-5-4-3-4-1-3	5-2-4-4-6-1-7-3-3-6-1-3	3-1-3-3-5-3-1-4-4-7-5-4	4-1-5-6-4-3-3-4-4-3-6-4	1-5-4-10-6-4-4-1-1-3-4-3	1-3-3-6-1-5-4-6-4-11-5-6
78	6	5-5-5-6-6-5-4-6-6-5-5-5	5-5-5-6-8-5-6-5-8-5-8-5	3-6-7-7-6-9-5-7-7-6-5-6	7-7-7-7-6-8-6-2-7-5-5-2	8-5-9-5-3-4-5-7-5-8-7-7	9-9-10-3-7-6-5-9-5-4-5-6	8-5-4-1-3-5-5-8-3-5-5-3	4-6-6-8-10-6-5-6-3-5-10-3	3-1-3-5-6-6-6-6-6-5-6-6	7-8-6-5-6-6-7-5-3-4-5-6	7-5-5-5-8-5-7-4-4-6-8-4	5-5-6-5-5-4-5-5-4-5-4-6
78	7	7-7-6-7-6-4-7-7-7-7-8-6	8-5-4-7-6-5-8-10-6-5-8-9	8-7-6-9-8-8-6-9-6-10-8-8	6-6-6-6-7-9-6-2-6-8-7-2	8-1-2-8-9-8-8-8-5-7-6-6	10-12-6-9-6-8-8-7-3-4-3-10	6-8-5-1-8-7-8-6-3-8-1-7	4-7-10-7-6-7-5-11-3-7-6-8	3-3-5-10-5-6-1-6-6-5-6-7	6-6-6-7-7-7-6-5-8-1-1-10	6-8-5-5-12-7-4-4-1-6-6-3	5-3-7-5-8-7-7-5-5-5-5-7
78	8	8-8-8-8-6-8-8-8-8-9-7-8	7-10-10-7-6-4-7-7-6-5-6-7	7-7-6-7-7-7-9-7-10-7-9-7	7-9-9-7-7-6-10-2-6-8-8-1	6-1-6-11-7-7-7-7-9-6-9-6	6-6-9-8-8-7-9-7-8-8-6-8	6-7-5-1-7-8-12-9-0-8-1-9	8-7-6-6-6-8-11-6-3-9-6-8	7-8-3-3-8-8-7-6-9-5-6-7	6-6-9-9-7-7-6-5-7-9-1-7	9-12-9-5-12-1-6-8-1-6-6-3	8-9-7-1-8-7-7-9-8-4-11-10
78	9	8-11-8-9-9-8-9-9-9-8-10-9	10-8-8-7-8-10-7-11-10-5-10-7	7-7-7-7-10-7-8-7-10-7-8-10	7-8-10-11-7-7-6-2-10-10-8-1	6-1-6-10-7-8-10-7-10-9-10-6	6-6-10-12-8-7-10-6-8-9-1-7	6-7-11-1-8-8-10-10-0-8-1-8	8-7-9-8-6-8-8-6-3-8-6-8	8-9-8-10-8-9-1-10-8-9-6-10	6-1-8-10-11-7-10-5-7-8-1-7	8-9-8-5-10-9-4-8-1-6-9-3	5-8-9-1-8-7-9-8-8-5-8-9
78	10	10-10-8-8-9-10-12-12-8-8-9-12	9-8-8-7-8-9-11-7-9-5-9-7	11-7-11-7-9-9-7-7-9-7-8-9	11-11-9-9-7-10-8-2-9-9-7-11	2-10-10-9-11-8-9-11-11-10-9-10	7-11-9-3-10-7-9-11-8-8-2-11	10-7-5-11-8-8-9-9-4-11-10-10	8-7-7-10-10-11-8-12-3-10-6-11	11-11-11-7-2-11-11-11-5-10-7-9	6-10-8-9-9-7-9-5-11-11-11-7	11-10-9-5-9-12-10-10-10-6-10-10	10-8-10-10-10-10-10-10-8-5-8-8
78	11	12-12-12-8-8-12-12-12-12-12-12-12	9-8-8-12-8-10-10-9-12-5-12-12	10-12-10-7-9-12-9-10-11-7-11-9	10-10-10-9-11-11-6-2-9-9-7-10	11-10-11-8-10-11-12-11-10-11-9-6	11-10-9-3-10-7-11-11-8-8-3-12	11-8-9-10-10-11-9-9-3-11-11-11	8-11-7-11-11-10-8-12-3-10-6-10	10-10-10-3-12-10-10-10-5-9-11-10	11-11-8-10-11-7-6-5-10-10-10-7	10-9-5-5-9-10-10-10-10-11-10-11	8-11-10-10-11-10-10-10-8-5-8-8
78	12	12-12-12-12-12-11-10-12-12-12-12-12	9-8-12-11-12-12-11-11-11-12-11-11	10-11-12-11-12-11-11-12-11-12-12-12	10-12-12-12-12-12-6-2-12-12-12-10	12-10-12-12-10-12-11-12-9-12-9-10	12-12-12-12-12-12-12-12-12-12-12-11	11-12-12-12-10-12-8-12-12-12-10-12	12-11-11-12-12-11-8-11-7-12-6-12	11-12-12-12-11-12-12-10-12-10-11-10	6-12-12-12-12-7-12-9-10-12-12-12	12-12-12-5-9-10-10-12-12-12-12-11	12-11-12-10-10-12-12-10-12-12-12-7
79	0	0-0-0-0-0-0-0-0-0-0-0-0	0-0-0-0-0-0-0-0-0-0-0-0	0-0-0-0-0-0-0-0-0-0-0-0	0-0-0-0-0-0-0-0-0-0-0-0	0-0-0-0-0-0-0-0-0-0-0-0	0-0-0-0-0-0-0-0-0-0-0-0	0-0-0-0-0-0-0-0-0-0-0-0	0-0-0-0-0-0-0-0-0-0-0-0	0-0-0-0-0-0-0-0-0-0-0-0	0-0-0-0-0-0-0-0-0-0-0-0	0-0-0-0-0-0-0-0-0-0-0-0	0-0-0-0-0-0-0-0-0-0-0-0
79	1	1-1-1-1-1-1-1-1-1-2-1-1	2-1-1-0-2-1-2-1-2-1-2-1	1-2-2-2-2-2-2-0-3-2-3-2	2-2-2-2-0-0-2-1-2-2-2-0	3-0-1-3-2-2-2-1-2-2-2-0	2-2-2-1-2-4-2-3-1-1-8-2	1-1-1-1-2-1-2-2-2-1-1-1	1-1-2-1-1-2-2-2-1-1-0-2	1-2-1-1-1-2-2-0-2-3-1-2	2-1-1-2-2-1-1-1-1-4-1-1	1-2-2-1-1-4-1-1-1-1-2-1	2-1-1-1-1-4-3-3-5-4-2-1
79	2	1-1-1-1-1-1-1-1-1-1-1-1	1-1-1-2-1-1-1-2-1-1-3-3	7-3-1-1-4-1-3-3-1-1-1-3	3-1-1-1-2-3-1-5-1-1-3-4	2-0-5-4-1-1-3-3-1-1-1-2	3-3-1-2-1-2-3-1-1-1-3-1	2-2-1-2-1-2-1-1-1-1-3-2	1-2-3-2-2-1-1-1-2-1-3-1	2-1-1-2-3-1-1-5-1-1-3-1	3-2-2-1-3-3-4-1-7-1-3-3	3-1-3-0-1-1-3-1-5-3-1-2	1-2-2-2-2-1-2-1-3-2-1-1
79	3	1-1-1-1-1-1-1-1-1-1-1-3	1-1-1-2-1-1-1-6-3-4-2-2	0-4-2-2-2-6-2-2-1-6-1-2	2-4-4-2-2-2-1-2-3-1-2-2	1-3-2-2-4-2-4-4-3-1-5-2	7-4-5-9-3-5-4-1-3-3-9-3	2-3-1-3-4-1-3-3-3-1-2-4	1-2-2-4-3-1-1-4-9-6-5-1	3-1-3-3-2-1-3-2-1-1-2-1	2-2-2-1-2-2-3-1-2-1-3-2	3-1-3-0-3-3-2-3-3-4-1-3	3-3-5-3-3-1-1-1-2-2-2-1
79	4	4-4-4-4-4-4-4-4-4-4-1-4	5-8-5-2-4-5-5-5-3-3-2-5	2-3-5-2-2-3-5-5-5-5-5-5	3-3-3-3-2-2-5-2-5-4-3-2	1-0-2-2-3-5-3-3-3-1-1-2	1-3-3-1-1-1-5-4-4-4-2-4	2-2-5-3-3-1-4-5-4-1-2-3	4-2-2-3-2-1-1-3-3-4-3-1	1-1-3-3-4-1-1-3-1-3-2-1	3-5-4-7-2-1-2-4-2-1-3-2	4-2-6-4-1-5-5-3-3-3-1-3	1-3-2-3-1-5-2-1-12-1-1-4
79	5	6-5-5-5-5-5-4-5-4-6-5-5	4-4-4-2-9-4-4-4-3-3-2-4	2-5-4-2-2-8-4-6-6-8-6-6	3-3-6-3-2-3-6-2-6-7-4-2	2-0-2-5-3-4-5-5-6-1-3-2	2-3-3-1-5-2-6-5-5-5-0-3	2-2-4-2-3-5-5-4-5-5-2-4	11-4-2-4-3-5-6-3-3-5-3-1	1-1-6-3-5-1-1-2-5-6-4-5	6-4-5-2-2-5-12-5-4-1-2-1	0-1-4-9-9-4-4-3-2-1-1-5	1-2-3-2-2-4-2-1-1-6-1-4
79	6	5-7-5-6-5-7-5-5-4-7-5-5	7-4-5-2-4-7-8-8-7-3-7-7	7-7-7-8-7-3-7-5-5-3-5-7	7-7-5-7-7-7-5-8-5-5-3-2	7-5-2-7-3-4-7-7-5-7-6-7	3-6-7-3-5-7-5-6-5-5-3-7	2-8-5-2-7-5-5-4-5-5-6-7	5-7-8-7-7-1-5-8-3-6-6-1	3-1-6-8-8-1-0-2-5-5-7-12	5-1-5-6-6-5-6-6-2-1-2-8	0-3-4-5-5-7-0-3-2-6-1-3	5-6-2-2-2-5-2-1-4-6-1-4
79	7	7-9-7-7-7-7-7-7-8-6-5-7	6-8-8-2-5-6-6-6-6-8-6-8	6-6-6-6-6-8-8-8-10-9-8-6	6-6-6-6-6-6-5-6-6-9-8-2	6-0-2-6-3-8-8-6-8-6-6-6	3-6-6-7-8-6-8-7-1-7-3-7	2-9-9-2-6-7-13-8-5-5-2-6	1-6-6-6-8-8-12-7-3-7-13-1	1-1-3-6-5-3-1-6-5-5-6-9	8-1-7-4-8-3-6-5-2-5-2-6	0-1-4-5-13-7-0-3-2-1-6-3	1-6-6-3-2-1-7-1-9-1-1-4
79	8	7-8-7-7-8-10-10-7-7-11-5-7	1-4-7-2-4-7-9-6-9-7-6-8	8-6-10-6-6-8-9-9-8-5-7-8	8-8-9-6-6-6-8-6-7-7-7-8	6-8-10-6-9-7-9-7-7-8-6-8	1-8-6-8-7-13-7-7-1-5-1-7	2-6-7-2-8-9-5-9-5-5-8-6	1-6-10-6-7-10-7-6-3-8-8-12	8-12-1-6-6-11-10-2-5-9-2-6	10-2-5-8-7-8-6-6-9-11-9-6	10-1-11-6-7-13-9-8-10-1-6-3	1-6-10-3-8-1-1-13-7-8-1-1
79	9	11-10-10-10-8-10-7-13-7-10-5-9	10-7-7-10-5-10-11-10-10-10-10-10	10-10-6-6-10-12-10-10-12-10-10-10	10-8-10-11-10-10-8-6-6-7-9-10	11-8-11-6-8-9-10-10-7-7-11-6	10-10-10-8-7-9-10-9-1-5-3-11	10-7-7-9-10-8-5-10-5-5-10-10	8-10-8-10-10-8-7-12-3-8-9-8	1-8-10-10-13-11-9-10-5-8-9-6	8-10-5-10-12-9-10-5-8-8-8-6	8-11-9-5-10-9-8-11-11-10-1-9	7-10-8-9-9-1-9-8-7-9-12-10
79	10	10-9-11-11-10-11-10-10-10-11-10-11	9-11-11-9-4-11-9-11-10-11-9-9	9-9-8-9-9-9-11-9-7-12-11-9	9-10-9-9-9-9-8-6-10-10-11-9	9-8-8-6-8-11-9-9-10-7-6-6	9-9-11-10-10-8-9-10-10-10-3-10	9-7-7-11-9-10-12-9-5-10-9-9	8-9-8-11-9-8-13-5-3-10-9-8	10-8-9-9-10-8-8-9-12-5-9-11	8-9-10-9-12-9-9-5-8-8-11-6	8-9-9-12-9-10-8-9-8-9-10-9	11-9-8-9-8-1-9-8-11-10-10-9
79	11	10-11-11-11-11-10-10-11-10-12-11-11	9-10-11-9-13-12-12-10-13-10-12-10	13-11-11-6-9-9-10-9-12-12-12-11	9-8-12-9-9-9-13-6-12-11-12-9	9-8-9-6-8-10-12-11-12-11-9-9	9-9-10-10-11-9-12-9-11-11-11-10	9-7-7-10-12-11-12-10-5-10-9-10	11-9-8-10-9-8-11-5-3-11-9-8	10-8-12-10-11-8-8-9-10-12-9-12	8-9-11-9-10-9-12-9-10-8-10-11	8-9-8-7-12-11-8-9-9-9-10-9	10-9-8-9-9-1-9-11-12-11-11-11
79	12	11-11-12-13-11-12-12-13-13-11-11-13	12-11-11-9-11-11-11-13-12-10-13-13	12-12-13-6-12-9-13-12-13-11-11-12	12-8-11-13-9-12-12-6-11-11-11-12	9-13-12-6-8-10-11-9-11-12-6-9	12-12-10-9-11-8-11-12-11-11-12-12	13-7-7-12-11-12-11-11-5-5-9-10	9-10-12-10-9-12-7-9-12-8-12-8	12-8-11-9-12-8-12-9-10-11-9-6	13-9-12-12-10-9-12-5-8-8-12-12	12-1-10-10-11-13-8-12-12-12-12-12	12-12-8-12-12-12-12-8-11-12-9-9
79	13	13-13-13-13-13-13-13-13-13-13-13-13	12-11-13-9-11-11-12-12-11-13-12-12	12-12-13-12-13-13-12-13-12-13-13-13	12-13-12-13-13-13-12-13-13-13-13-12	13-12-13-13-13-13-12-13-11-13-6-13	13-13-9-13-13-8-13-13-13-13-13-13	12-13-13-13-10-13-7-10-13-13-9-11	13-13-6-13-13-8-10-9-12-12-9-8	12-13-13-13-6-13-13-11-13-1-9-12	12-13-13-13-13-9-13-9-13-13-8-13	8-13-13-10-11-12-13-13-13-13-13-13	13-9-13-12-9-13-13-8-13-13-13-13
80	0	0-0-0-0-0-0-0-0-0-0-0-0	0-0-0-0-0-0-0-0-0-0-0-0	0-0-0-0-0-0-0-0-0-0-0-0	0-0-0-0-0-0-0-0-0-0-0-0	0-0-0-0-0-0-0-0-0-0-0-0	0-0-0-0-0-0-0-0-0-0-0-0	0-0-0-0-0-0-0-0-0-0-0-0	0-0-0-0-0-0-0-0-0-0-0-0	0-0-0-0-0-0-0-0-0-0-0-0	0-0-0-0-0-0-0-0-0-0-0-0	0-0-0-0-0-0-0-0-0-0-0-0	0-0-0-0-0-0-0-0-0-0-0-0
80	1	1-1-0-1-1-1-1-1-1-1-1-1	0-0-0-0-1-2-1-1-2-0-1-0	7-1-2-1-0-1-2-2-2-1-0-0	2-0-2-1-1-1-0-1-0-0-0-5	0-2-2-2-2-0-2-1-0-1-1-1	1-2-0-1-1-1-0-1-0-0-0-1	1-0-0-11-0-2-0-2-0-1-2-0	0-0-1-1-1-2-0-1-2-0-1-2	1-2-2-1-1-1-2-0-0-1-1-0	1-1-1-0-1-0-0-0-1-2-2-1	2-0-0-0-1-2-2-1-0-1-1-1	1-0-1-1-0-1-1-1-1-1-0-0
80	2	2-2-2-2-2-2-2-2-2-2-2-2	3-0-0-2-1-1-2-2-1-2-3-3	1-3-1-3-3-5-3-3-1-2-3-3	1-2-1-5-2-3-0-5-3-1-3-4	3-1-3-4-1-2-3-3-1-2-3-5	3-1-3-2-4-3-3-3-2-0-0-3	3-5-0-1-2-1-2-3-0-2-4-2	2-2-2-3-2-1-0-2-1-2-2-1	1-1-1-5-3-2-1-3-0-2-3-2	1-2-4-2-3-3-3-0-1-1-1-2	1-4-0-2-1-2-1-1-3-2-2-1	0-2-2-3-2-2-2-1-3-2-0-0
80	3	3-3-2-3-3-3-3-3-3-3-3-3	4-3-3-2-3-4-5-3-3-4-2-3	1-2-4-2-2-6-2-2-4-6-2-2	4-4-4-3-2-5-1-2-2-3-2-1	2-1-2-2-4-2-4-2-3-3-5-2	2-4-5-5-3-2-4-2-3-3-9-2	2-3-0-3-4-0-4-4-3-6-2-6	2-2-2-4-3-4-3-4-3-6-3-3	3-1-3-3-2-6-3-4-0-3-2-3	4-2-1-3-2-2-3-3-1-4-3-2	3-6-0-3-3-3-1-3-3-2-3-3	3-3-5-2-2-3-2-3-2-2-0-0
80	4	4-4-4-4-4-4-4-4-4-4-3-4	5-6-5-2-4-5-5-5-3-3-2-5	2-3-5-2-2-3-5-3-5-2-5-2	3-3-3-2-3-3-5-2-5-5-3-2	2-1-1-2-3-5-3-3-3-4-3-2	2-3-3-3-2-3-5-2-4-4-0-4	2-2-5-3-3-0-6-6-9-3-2-5	4-2-2-3-2-1-6-3-3-4-1-3	5-1-3-3-4-3-3-3-4-3-2-3	3-5-4-4-2-3-3-4-2-3-2-2	4-5-6-4-8-7-5-3-3-3-3-3	4-3-3-2-5-5-2-9-6-5-5-4
80	5	5-5-5-5-5-5-4-5-4-5-5-5	4-6-4-2-5-4-3-4-3-3-2-4	2-5-4-2-2-2-4-6-7-8-6-6	3-3-6-2-2-3-6-2-6-6-3-1	2-6-2-2-3-4-5-5-6-1-3-2	2-3-3-3-5-3-6-2-5-5-7-4	2-2-4-1-3-0-6-4-5-5-3-4	7-2-2-3-5-1-6-3-3-5-3-3	5-1-5-2-5-5-6-3-9-7-2-5	6-4-5-2-2-5-3-5-6-3-6-2	3-3-15-5-6-6-7-3-3-15-3-3	7-3-3-1-4-4-2-4-5-6-8-4
80	6	5-6-6-6-5-4-5-5-4-5-5-5	4-4-5-7-5-4-7-7-5-3-7-7	8-7-8-7-7-3-7-7-7-3-5-7	7-7-7-6-7-7-5-7-7-5-3-2	7-5-6-7-3-4-7-7-6-7-8-7	3-6-7-8-8-7-5-6-5-5-11-7	8-7-5-3-3-9-5-4-5-3-6-8	5-7-2-7-6-6-5-6-3-6-6-3	5-1-6-6-8-3-3-7-5-5-6-10	5-2-5-6-6-5-6-4-6-3-5-2	3-3-4-5-5-5-5-5-5-6-7-3	5-6-6-6-6-5-2-3-4-6-5-4
80	7	8-7-7-7-7-7-7-7-7-7-9-7	4-9-9-6-10-9-6-6-3-8-6-6	1-6-6-6-6-6-8-8-6-9-8-6	6-6-6-6-6-6-5-6-6-5-3-2	6-1-1-6-3-8-8-6-8-6-6-6	6-6-8-7-9-6-8-7-7-7-5-6	2-8-4-1-3-9-8-8-5-13-6-6	7-6-2-6-6-1-10-6-3-7-7-11	7-1-3-7-5-7-7-6-8-5-6-9	1-7-5-7-8-3-7-5-2-3-10-9	8-3-7-9-9-10-5-3-3-5-6-7	8-3-3-1-9-7-2-4-8-9-9-9
80	8	7-7-8-8-7-7-6-7-7-7-7-7	10-4-7-2-7-7-9-6-10-7-6-6	6-9-9-6-8-10-7-7-10-5-7-6	8-9-8-6-8-8-5-2-7-5-8-12	6-12-11-6-9-7-7-8-7-11-6-8	8-11-7-6-7-12-7-11-7-7-10-9	13-7-7-10-9-8-7-7-3-12-8-6	7-6-13-8-11-11-7-8-8-7-8-8	11-1-1-11-6-8-8-11-5-8-8-7	8-8-5-8-7-13-10-5-10-8-8-7	11-3-4-7-7-7-13-8-11-8-8-3	7-3-8-8-8-4-8-4-7-7-5-7
80	9	7-9-7-10-5-7-9-7-7-7-7-7	8-7-7-12-5-7-8-10-10-7-6-10	11-8-10-11-11-11-10-9-12-10-9-10	10-10-10-11-9-11-5-13-10-10-9-9	10-8-14-11-8-9-10-10-9-9-11-11	10-11-10-11-7-10-10-9-7-7-3-8	9-13-12-9-8-6-9-10-4-7-9-10	7-9-11-10-10-15-5-12-3-7-9-3	3-1-12-10-14-12-8-10-5-15-9-7	8-9-5-4-7-9-10-5-8-8-8-7	9-9-4-7-7-3-7-9-10-10-9-9	7-15-8-10-9-3-9-4-7-7-7-7
80	10	10-10-10-10-10-11-11-10-10-10-10-10	4-12-11-9-7-11-6-9-8-11-8-11	9-9-9-9-9-9-11-11-8-9-11-9	9-9-9-9-9-9-5-6-11-11-9-8	9-8-8-6-8-11-9-9-10-9-9-8	9-9-9-7-10-9-9-10-10-13-12-10	8-9-12-8-11-7-12-9-4-13-8-9	7-9-11-9-9-8-14-9-8-7-8-7	13-1-11-9-10-9-8-9-11-11-9-6	8-9-7-8-11-9-11-5-8-8-11-7	8-9-9-7-12-12-8-9-9-9-9-11	7-3-8-8-9-12-11-4-10-12-7-13
80	11	11-11-10-11-11-11-12-11-11-9-12-10	13-12-10-9-11-10-13-13-10-10-8-12	9-11-9-9-9-9-12-10-13-9-12-12	9-12-12-9-9-9-12-9-10-10-12-1	9-8-8-9-8-10-10-11-12-8-9-8	9-9-9-9-11-9-12-8-11-0-13-9	8-8-11-1-10-0-14-12-11-11-8-9	7-9-10-10-9-8-7-9-8-11-8-7	8-1-10-9-11-9-8-8-10-13-9-12	8-9-11-8-10-9-10-11-11-8-10-7	8-9-13-7-14-15-8-11-8-8-9-10	13-3-8-8-15-11-10-11-14-11-12-11
80	12	11-13-11-11-15-11-11-12-11-13-11-15	13-11-11-9-5-11-13-14-13-10-13-11	9-13-13-14-13-9-11-13-13-13-11-11	13-13-14-14-9-13-13-9-13-13-11-8	9-13-13-13-13-10-13-13-11-12-14-13	13-13-13-12-11-15-13-6-11-7-11-13	13-7-10-11-11-12-10-13-14-15-15-9	10-6-14-13-9-15-10-14-13-7-9-3	12-1-15-13-9-9-12-13-13-8-9-11	8-12-12-11-10-9-13-5-13-8-12-7	8-9-4-7-11-14-13-9-11-13-12-12	11-9-12-13-13-12-8-4-10-10-11-7
80	13	13-14-14-14-13-11-14-10-13-12-14-14	11-14-14-12-15-11-12-14-12-10-12-14	15-12-12-12-12-9-14-14-11-14-14-12	12-12-12-12-9-12-14-9-12-12-14-12	9-12-12-12-12-14-12-12-14-13-12-12	12-12-12-13-11-12-14-10-13-10-11-12	8-9-14-1-15-13-11-12-13-7-8-9	7-9-12-12-9-13-13-12-12-11-12-13	12-1-9-12-11-9-8-12-12-11-9-12	8-12-7-13-14-8-12-5-8-8-8-15	15-9-13-7-11-11-8-14-11-12-12-12	13-9-12-12-12-11-8-11-13-6-13-10
80	14	11-13-13-13-13-11-13-15-15-15-13-13	11-11-13-9-13-11-14-13-12-13-15-13	14-13-15-12-14-15-13-13-14-13-13-14	12-14-12-12-9-14-13-6-12-13-13-14	9-15-14-12-12-13-13-12-13-14-12-12	9-12-12-14-11-12-13-15-11-7-9-14	14-7-13-14-13-14-11-13-12-15-14-13	11-10-12-14-9-14-10-12-14-7-13-3	14-1-15-12-9-9-14-13-13-9-14-11	14-14-12-13-13-9-14-5-14-8-14-14	14-9-4-7-11-14-14-13-14-14-12-12	14-9-14-14-14-4-14-14-11-14-11-7
80	15	15-15-15-15-15-15-13-15-15-15-15-15	12-13-13-9-13-15-12-13-13-15-14-14	13-15-14-9-15-15-15-15-14-15-15-15	14-15-15-15-15-15-14-15-15-15-15-14	9-14-15-15-15-15-14-15-11-15-12-12	15-15-15-15-15-12-15-15-15-15-15-15	14-15-15-15-13-15-15-12-15-15-12-11	15-15-12-15-15-12-10-12-14-14-12-15	14-15-12-15-6-15-15-15-15-9-14-12	14-15-15-15-15-9-15-9-15-15-15-15	13-15-15-15-7-11-15-13-15-15-15-15	15-9-15-14-11-15-15-4-15-15-11-0
81	0	0-0-0-0-0-0-0-0-0-0-0-0	0-0-0-0-0-0-0-0-0-0-0-0	0-0-0-0-0-0-0-0-0-0-0-0	0-0-0-0-0-0-0-0-0-0-0-0	0-0-0-0-0-0-0-0-0-0-0-0	0-0-0-0-0-0-0-0-0-0-0-0	0-0-0-0-0-0-0-0-0-0-0-0	0-0-0-0-0-0-0-0-0-0-0-0	0-0-0-0-0-0-0-0-0-0-0-0	0-0-0-0-0-0-0-0-0-0-0-0	0-0-0-0-0-0-0-0-0-0-0-0	0-0-0-0-0-0-0-0-0-0-0-0
81	1	1-1-1-1-0-1-1-1-1-1-1-1	1-1-1-1-1-1-0-1-0-1-3-2	4-2-0-2-2-2-2-2-0-1-2-2	2-0-0-2-1-2-0-4-1-0-2-3	2-0-4-3-0-1-2-2-1-1-0-1	2-2-1-1-1-1-1-1-1-1-1-1	1-1-1-1-0-1-1-2-1-1-2-1	1-1-1-1-1-2-1-1-1-1-1-0	1-0-1-1-2-1-0-1-3-0-1-1	1-1-1-4-2-2-1-1-1-0-2-1	2-1-1-1-2-1-0-1-5-1-1-1	0-1-1-1-3-1-1-0-2-2-2-1
81	2	2-2-2-2-2-2-2-2-2-2-2-2	3-2-2-1-2-2-0-3-2-3-1-1	0-1-1-1-1-5-3-1-3-4-3-1	4-3-3-1-1-1-2-1-2-2-4-1	1-2-1-1-3-2-3-3-2-2-3-1	1-3-4-8-2-1-3-2-2-2-10-2	1-2-5-3-3-2-2-3-2-2-1-2	2-1-1-3-5-1-2-3-11-2-4-0	2-5-2-2-1-2-2-3-1-2-1-2	1-5-2-2-1-1-2-2-1-3-1-1	1-2-2-1-3-2-1-3-1-4-3-2	2-1-4-3-1-1-1-2-1-1-1-1
81	3	3-3-3-3-3-3-3-3-3-3-3-3	4-3-3-1-2-4-0-4-2-2-1-2	1-2-2-1-1-2-4-4-2-2-4-4	2-2-4-2-1-1-3-1-3-3-2-1	1-0-1-1-2-4-2-2-2-1-2-2	2-2-2-3-2-1-2-2-2-3-3-3	1-1-3-2-2-3-2-2-3-3-1-2	3-1-1-2-1-3-2-2-2-3-2-0	3-2-2-2-1-2-3-2-1-4-1-2	2-1-3-3-1-2-1-3-1-2-1-1	0-4-4-3-4-4-5-2-2-2-2-2	3-1-1-2-1-3-1-0-3-1-1-4
81	4	4-4-4-4-4-5-4-4-4-4-4-3	3-5-5-1-5-3-6-6-4-2-4-6	1-4-6-1-1-2-5-3-4-2-5-3	2-2-5-4-1-2-6-1-5-5-2-1	1-4-1-5-2-3-5-4-5-2-2-1	1-2-2-0-4-1-5-4-4-4-4-3	1-1-3-1-2-4-5-5-4-4-1-2	4-2-1-3-4-5-5-5-2-3-2-0	4-2-3-2-4-2-4-2-5-4-3-5	4-1-4-1-4-5-1-6-4-2-1-1	1-5-6-4-5-5-0-6-1-2-1-3	6-1-2-1-1-4-1-9-8-0-5-3
81	5	4-3-5-5-4-4-4-4-5-4-4-6	4-4-4-1-4-3-7-4-6-2-6-6	6-6-6-8-6-2-6-6-6-4-4-6	6-6-4-6-6-6-4-8-4-6-2-7	6-5-1-6-2-3-6-6-4-6-6-6	6-7-6-2-5-1-4-4-4-4-4-7	1-3-2-6-2-4-4-4-4-4-6-7	3-6-1-6-2-5-4-4-2-4-2-0	6-2-2-2-5-5-6-6-4-8-6-4	7-2-3-4-6-6-5-4-5-2-6-5	1-4-5-14-4-4-3-0-1-5-5-2	4-5-5-6-6-5-1-5-4-6-4-6
81	6	6-6-6-6-6-6-8-6-6-4-6-6	4-6-7-1-7-7-5-7-5-8-5-8	5-5-5-5-5-7-7-5-7-8-7-5	5-5-5-5-5-5-7-5-7-5-7-5	5-0-1-5-2-7-5-5-6-5-5-5	5-5-5-3-4-1-7-7-4-6-5-7	1-8-6-5-8-6-8-7-4-6-5-2	6-6-1-7-7-5-13-6-2-4-5-0	7-6-7-7-4-2-7-5-7-4-7-6	6-6-6-7-5-7-5-4-7-2-5-6	6-5-6-4-6-6-7-4-5-5-5-2	4-2-2-5-5-5-6-6-4-5-4-5
81	7	6-7-7-7-7-7-7-6-6-7-6-7	7-8-6-1-6-8-5-6-8-8-5-6	5-5-5-5-5-6-8-8-6-6-6-8	7-6-8-5-5-5-8-5-8-5-6-5	5-0-1-5-2-6-8-7-8-7-5-5	1-5-5-2-7-1-8-6-7-4-5-6	2-1-8-1-6-7-7-6-4-7-6-5	7-6-1-6-6-6-6-12-2-8-2-0	8-8-8-6-7-9-6-5-6-4-6-7	8-7-6-7-5-6-8-8-6-8-5-6	8-8-7-8-15-6-6-7-1-6-8-7	7-8-5-5-5-7-1-7-10-5-11-7
81	8	11-7-6-6-8-8-6-6-5-9-7-11	8-7-6-8-6-7-9-9-9-6-8-6	8-8-9-5-8-8-7-10-6-6-7-7	9-8-7-5-8-8-7-5-7-8-6-12	5-12-12-5-12-6-7-6-7-8-5-5	1-5-2-2-8-10-7-8-9-4-1-9	11-6-7-13-8-9-7-6-4-6-8-5	8-6-13-6-6-8-6-2-2-7-10-7	9-9-7-8-7-8-8-8-6-5-7-7	7-2-8-15-8-7-7-7-8-10-10-8	8-7-5-5-7-11-9-7-11-8-5-8	4-5-8-11-8-5-8-8-4-7-7-1
81	9	11-11-11-11-11-12-10-12-11-10-10-9	10-11-7-10-10-10-8-10-10-10-10-12	11-9-10-12-10-10-10-10-10-10-10-10	10-10-10-10-9-10-10-12-10-12-10-8	12-8-12-10-8-9-10-9-10-11-10-5	10-10-10-10-8-11-9-10-8-7-2-8	12-12-10-8-10-8-9-11-10-6-9-10	10-10-11-9-10-8-6-10-2-7-9-10	8-10-10-10-14-11-10-10-10-15-9-10	9-11-9-10-10-10-11-10-8-8-9-10	9-10-12-12-10-12-8-11-8-15-11-7	10-9-9-8-9-11-10-10-7-7-7-15
81	10	9-9-10-9-10-10-9-10-9-9-9-9	9-9-6-9-9-9-9-9-9-9-9-9	9-9-9-9-9-9-11-9-9-11-9-9	11-9-9-9-9-9-9-9-9-9-9-8	9-8-13-9-8-11-11-11-9-9-9-5	9-9-9-9-8-8-11-9-7-7-2-9	9-9-9-8-11-9-9-9-9-6-10-9	9-9-9-9-9-8-6-9-2-8-9-9	9-9-9-9-15-9-9-9-9-9-9-9	9-9-8-9-9-9-9-9-10-8-8-9	9-9-9-12-9-8-9-9-8-10-9-8	9-9-9-8-9-9-9-9-7-9-7-9
81	11	9-9-9-9-12-9-9-9-9-9-9-9	9-9-6-9-9-9-9-9-9-13-9-9	9-10-9-9-10-11-10-9-9-10-9-9	10-12-9-9-12-12-9-9-9-9-9-8	9-8-8-9-8-10-10-10-9-9-9-5	9-9-12-11-11-9-10-9-11-13-2-11	8-9-6-8-10-11-7-9-4-11-12-11	9-9-9-12-11-8-6-9-2-11-9-9	12-9-9-9-9-9-8-12-13-9-10-9	9-9-8-8-8-9-9-7-11-8-8-12	8-9-9-5-9-8-11-9-8-9-9-8	9-12-8-8-8-9-9-0-4-9-7-9
81	12	12-9-9-9-11-9-9-9-9-13-9-9	9-9-9-9-13-13-13-14-9-11-9-14	15-13-9-9-9-13-13-13-9-14-13-13	13-13-13-13-11-11-12-9-13-13-13-8	9-8-9-12-13-9-13-9-13-13-9-10	9-13-11-11-14-9-9-9-11-12-14-11	9-9-12-8-12-11-7-9-4-11-11-12	9-9-12-11-12-12-6-14-2-11-9-9	11-12-9-12-9-9-9-11-7-12-10-14	9-9-9-12-8-9-9-9-12-14-12-11	12-9-9-12-12-12-12-12-12-10-9-8	9-12-12-15-12-9-12-12-12-12-7-9
81	13	9-13-11-15-10-15-12-15-13-12-9-9	9-9-6-9-12-9-12-12-9-14-9-12	12-12-14-9-9-12-14-12-9-12-12-12	14-12-12-12-14-13-12-9-12-12-14-13	13-8-14-13-14-13-14-14-12-12-14-13	9-12-14-13-12-9-14-13-7-12-4-13	14-9-12-8-12-11-7-14-4-11-13-14	9-13-9-11-11-8-6-12-2-11-9-9	11-12-9-11-15-9-13-13-11-13-14-12	14-13-8-12-8-9-13-9-12-8-8-11	15-9-13-12-9-14-12-9-14-13-9-8	9-13-8-13-13-9-14-0-4-14-7-9
81	14	9-9-15-9-15-9-9-9-13-9-9-15	9-9-9-9-12-9-10-12-9-13-9-12	12-13-13-13-10-14-13-12-12-12-12-12	13-13-14-12-13-13-12-9-13-12-13-8	13-8-13-13-13-14-13-13-12-14-13-14	9-13-13-14-12-9-13-13-14-14-12-15	13-9-7-8-13-14-7-13-4-15-13-14	9-9-9-14-11-8-6-12-15-11-12-0	14-12-14-14-9-9-14-8-6-9-13-12	13-9-8-8-14-9-7-7-12-12-14-14	8-9-13-5-6-14-12-9-13-14-9-14	9-13-8-8-13-9-13-12-4-14-7-9
81	15	15-15-15-15-15-15-9-15-15-15-15-15	9-9-15-9-15-9-9-14-11-15-10-9	12-12-15-13-15-14-15-15-12-15-14-12	14-15-15-15-15-15-12-9-15-15-15-8	9-8-15-15-15-15-14-14-12-15-13-5	15-15-14-14-15-15-15-15-15-15-15-14	13-15-15-15-12-15-15-9-15-14-10-9	15-15-12-15-15-12-15-12-14-15-9-15	14-15-15-15-10-9-15-9-15-9-14-8	13-15-15-15-15-9-15-9-14-15-15-15	15-15-15-15-7-12-15-15-15-9-15-15	15-15-15-12-9-15-15-12-15-15-15-9
82	0	0-0-0-0-0-0-0-0-0-0-0-0	0-0-0-0-0-0-0-0-0-0-0-0	0-0-0-0-0-0-0-0-0-0-0-0	0-0-0-0-0-0-0-0-0-0-0-0	0-0-0-0-0-0-0-0-0-0-0-0	0-0-0-0-0-0-0-0-0-0-0-0	0-0-0-0-0-0-0-0-0-0-0-0	0-0-0-0-0-0-0-0-0-0-0-0	0-0-0-0-0-0-0-0-0-0-0-0	0-0-0-0-0-0-0-0-0-0-0-0	0-0-0-0-0-0-0-0-0-0-0-0	0-0-0-0-0-0-0-0-0-0-0-0
82	1	1-1-0-1-1-1-1-1-1-0-1-1	2-0-0-0-1-1-1-2-1-0-2-2	2-2-3-0-2-3-2-1-0-0-2-2	2-2-3-1-2-2-0-3-2-3-0-1	0-2-7-1-1-0-2-2-0-1-1-2	2-2-0-1-1-2-2-1-0-0-0-1	2-0-0-8-0-0-0-2-0-1-1-0	1-0-2-2-3-1-0-3-3-4-1-0	0-1-2-2-0-2-4-3-2-0-1-1	1-1-1-3-2-0-0-0-2-1-1-0	0-0-0-0-0-1-1-2-8-1-1-1	0-1-1-1-1-0-0-1-0-1-0-0
82	2	2-2-2-2-2-2-2-2-2-2-2-2	1-3-3-0-2-3-1-3-1-2-1-1	1-1-1-3-1-0-3-1-1-4-3-1	1-1-1-1-1-1-3-1-3-4-2-1	2-1-1-1-1-3-1-1-3-2-1-1	1-1-0-1-0-1-3-1-3-0-11-1	1-3-3-1-3-2-3-1-0-4-1-3	2-2-1-1-2-1-3-0-1-2-0-2	0-1-1-1-4-1-2-2-1-2-1-2	1-3-2-1-1-4-1-2-1-1-1-3	0-2-0-2-0-2-1-1-0-1-2-2	0-1-1-1-0-3-2-2-5-2-3-3
82	3	4-3-3-2-3-2-3-2-2-3-2-2	4-2-2-3-4-2-3-2-4-2-5-3	7-4-4-3-3-3-2-4-3-3-2-3	4-3-1-4-4-4-2-1-2-1-3-4	2-10-1-1-1-2-4-3-4-3-3-3	2-1-0-3-3-8-2-1-2-4-0-4	3-2-2-1-3-3-2-4-3-3-3-4	4-0-4-1-1-4-2-1-1-5-3-10	3-3-4-1-8-3-3-1-4-1-3-4	4-2-1-4-4-2-4-5-3-4-4-2	4-3-3-4-0-3-13-4-7-1-1-3	0-2-3-1-4-2-3-3-3-3-2-2
82	4	4-3-5-5-3-2-4-4-2-2-4-5	4-2-2-5-4-2-3-5-4-4-5-3	1-3-5-5-5-5-5-3-3-4-5-4	5-3-5-7-5-5-1-7-5-2-5-3	5-3-5-6-5-5-3-5-3-3-6-5	5-3-5-4-4-3-5-5-3-4-11-3	3-6-4-1-4-4-4-3-4-4-5-3	3-5-6-5-4-3-2-5-4-3-3-3	3-3-3-7-5-0-1-6-4-5-6-4	5-4-2-3-5-2-6-5-6-3-3-5	3-7-3-3-6-3-3-3-3-4-4-4	0-2-4-1-3-4-4-3-2-3-2-0
82	5	6-5-4-5-5-5-5-5-5-5-5-5	6-5-2-4-5-6-6-5-6-6-4-6	3-6-4-4-4-8-4-6-3-8-4-4	4-6-6-4-4-4-6-4-4-5-4-3	4-5-4-4-6-4-6-4-5-5-7-4	4-7-7-11-5-3-6-4-5-5-13-5	6-5-8-5-6-5-6-6-5-6-4-6	5-4-4-6-4-6-2-7-6-3-7-3	5-3-5-5-4-7-5-6-6-4-4-6	6-5-5-6-4-9-6-4-9-6-3-4	5-5-0-3-6-5-3-5-6-6-5-5	7-5-1-6-5-5-5-5-2-6-2-6
82	6	6-6-6-6-6-6-6-6-6-6-6-6	5-8-7-4-5-6-5-7-5-5-4-7	1-5-4-4-4-5-7-5-3-8-7-7	5-5-7-4-4-4-7-4-7-7-7-3	4-3-4-4-5-7-5-7-5-6-8-4	4-5-5-5-3-3-7-7-5-6-14-6	5-6-8-5-5-0-5-5-6-6-4-5	7-4-4-5-4-6-6-5-7-7-5-3	6-1-5-5-6-5-3-5-6-6-7-8	5-5-6-8-4-8-7-5-4-5-3-7	5-5-7-6-7-5-3-5-5-7-7-7	6-5-1-5-5-6-4-6-7-5-7-5
82	7	7-7-7-7-7-7-7-7-8-7-7-7	8-8-6-4-8-8-3-6-5-5-4-6	3-7-4-4-4-5-6-8-6-5-8-6	5-3-8-4-4-5-6-4-8-8-6-3	4-3-1-4-5-6-8-6-8-5-5-4	4-5-5-5-7-3-8-6-7-7-9-5	5-6-6-1-5-0-8-6-7-7-4-5	6-4-4-6-4-3-8-5-6-6-5-3	6-1-6-5-7-5-7-5-9-8-6-6	4-6-7-9-6-7-6-8-4-1-3-6	5-5-6-3-6-3-3-6-3-6-6-6	5-5-1-5-5-7-6-6-6-6-9-13
82	8	7-6-9-7-8-7-7-10-7-8-8-7	9-6-6-9-7-7-10-9-9-5-9-7	11-9-9-9-9-5-9-9-8-5-7-8	9-5-9-9-9-9-7-11-7-7-5-8	10-1-11-10-5-6-9-9-7-10-9-8	10-10-9-5-8-3-7-8-7-7-10-8	5-0-6-1-5-5-7-9-7-7-9-9	6-9-8-9-8-8-7-11-5-5-8-3	5-1-5-5-11-9-1-9-7-9-6-6	8-5-7-13-9-6-8-7-8-1-9-9	5-6-0-3-0-11-3-5-1-8-6-5	6-8-8-8-11-6-6-6-2-8-7-7
82	9	10-9-9-9-9-9-11-9-8-11-10-9	8-10-6-8-7-10-8-10-8-5-8-6	8-8-8-8-8-11-10-10-10-9-10-8	8-9-8-8-8-8-9-8-10-7-10-1	8-3-8-8-12-10-8-8-9-9-8-8	5-8-8-9-9-3-8-9-9-9-7-9	5-9-9-1-13-0-10-10-7-11-8-8	9-11-10-10-8-9-11-9-5-10-8-3	10-1-5-5-3-10-1-8-7-8-10-13	5-5-9-8-8-11-8-10-10-1-8-9	3-11-10-12-10-2-3-5-5-8-8-5	11-8-8-8-8-11-10-6-2-10-7-13
82	10	9-9-10-10-9-11-10-11-9-10-11-11	9-9-11-8-11-11-8-10-8-5-8-10	14-8-8-8-8-9-9-9-8-12-11-9	8-9-9-8-8-8-11-8-9-6-9-3	8-3-8-8-5-9-11-10-11-8-8-8	8-8-8-5-11-3-11-9-10-10-8-8	5-11-10-1-9-10-11-9-7-13-4-11	9-9-9-9-11-10-9-5-5-13-8-3	9-1-9-9-10-9-1-8-13-9-9-10	10-5-9-8-8-11-9-9-9-3-8-11	3-9-11-9-9-10-3-10-11-8-6-5	10-5-8-8-8-6-9-10-10-11-7-9
82	11	9-9-9-11-11-10-9-10-10-10-10-10	12-9-10-8-10-10-12-11-12-11-8-10	13-12-12-8-8-12-10-12-11-10-10-11	11-11-11-8-8-12-11-8-12-12-12-13	8-13-8-10-13-9-10-12-10-11-8-8	4-11-8-5-10-12-10-12-10-10-4-8	11-10-6-13-9-13-10-9-7-11-11-10	11-9-8-9-10-11-9-8-5-11-8-3	13-13-11-5-13-9-11-8-11-11-9-9	11-5-11-9-8-9-7-10-11-11-11-10	9-9-10-9-10-14-3-11-13-8-6-5	9-5-13-11-8-9-9-11-6-10-9-9
82	12	13-12-14-14-14-14-13-13-14-14-14-14	13-14-13-14-13-14-13-14-13-13-13-14	12-11-13-13-13-13-12-13-13-13-13-12	11-12-11-13-12-11-14-13-13-11-13-11	13-12-11-11-13-12-12-12-11-13-13-12	12-11-13-12-13-13-11-13-10-10-7-11	12-13-12-12-12-12-12-12-13-12-14-13	12-9-12-14-6-14-9-13-5-13-13-12	12-11-12-12-13-13-12-13-13-14-14-14	12-12-11-12-12-13-12-12-11-14-14-13	14-13-10-14-14-13-12-12-12-14-13-5	12-12-12-11-12-13-13-13-12-13-10-14
82	13	12-12-12-12-12-12-12-12-12-12-12-12	12-12-12-14-12-12-12-14-12-12-12-12	11-13-12-12-12-12-12-12-12-12-12-12	11-12-11-12-13-13-12-8-12-11-12-11	12-11-13-10-11-12-14-12-13-12-12-13	12-13-12-12-10-12-13-12-7-10-5-13	14-10-12-11-12-11-10-12-7-10-13-13	12-13-12-13-13-11-9-12-5-12-14-12	11-11-11-13-11-12-11-12-10-12-13-9	11-13-11-8-13-12-13-12-11-11-13-12	13-12-10-12-12-13-3-12-11-13-12-13	12-13-11-11-13-12-12-12-2-12-2-9
82	14	14-14-12-12-14-12-12-14-14-12-12-14	12-12-14-13-12-12-12-12-12-14-12-12	12-14-12-12-14-14-14-12-12-14-14-13	13-14-12-14-14-14-12-14-14-14-14-11	12-11-14-14-12-14-13-14-10-12-12-8	14-14-14-14-14-3-14-14-14-14-14-14	13-14-14-14-12-14-14-12-14-14-12-12	14-14-8-12-14-12-14-12-5-14-13-12	12-14-14-14-4-14-14-12-14-12-13-11	11-12-14-14-14-12-14-12-14-14-14-14	12-12-10-12-12-11-12-12-14-14-14-5	12-14-14-11-13-14-14-12-14-14-14-12
83	0	0-0-0-0-0-0-0-0-0-0-0-0	0-0-0-0-0-0-0-0-0-0-0-0	0-0-0-0-0-0-0-0-0-0-0-0	0-0-0-0-0-0-0-0-0-0-0-0	0-0-0-0-0-0-0-0-0-0-0-0	0-0-0-0-0-0-0-0-0-0-0-0	0-0-0-0-0-0-0-0-0-0-0-0	0-0-0-0-0-0-0-0-0-0-0-0	0-0-0-0-0-0-0-0-0-0-0-0	0-0-0-0-0-0-0-0-0-0-0-0	0-0-0-0-0-0-0-0-0-0-0-0	0-0-0-0-0-0-0-0-0-0-0-0
83	1	1-1-1-0-0-1-0-0-0-0-0-0	1-0-0-0-0-0-1-0-2-0-0-0	3-0-0-0-0-0-0-0-0-0-0-0	2-0-0-0-0-0-0-0-0-0-0-4	0-4-5-0-2-0-2-0-0-0-0-0	0-0-0-0-0-0-0-0-0-0-0-2	3-0-0-0-0-0-0-0-0-0-0-0	1-0-0-1-0-2-0-0-1-1-0-0	0-1-0-0-0-0-1-1-0-0-1-0	0-1-1-0-0-1-0-0-1-2-1-0	1-0-0-0-0-1-2-1-5-1-0-1	0-1-1-1-1-0-1-0-0-0-0-0
83	2	2-2-2-2-2-2-2-2-2-2-2-2	3-0-0-2-0-2-1-3-2-0-4-3	1-3-3-3-3-3-3-3-3-2-4-2	3-2-4-5-3-3-0-5-2-2-3-1	3-1-1-3-1-2-3-3-2-2-17-3	3-1-3-0-2-4-2-3-2-2-11-3	2-2-2-0-2-0-2-3-2-2-3-3	3-2-4-3-2-1-0-2-1-3-3-0	3-0-2-5-3-7-0-5-4-2-3-2	3-5-1-0-3-3-4-3-1-1-1-3	0-2-0-0-0-1-1-3-0-3-2-2	0-2-2-1-0-0-2-0-3-3-3-2
83	3	3-3-3-3-3-3-4-3-3-3-3-3	4-3-3-2-3-6-2-3-3-4-2-3	1-2-2-2-2-6-2-2-2-6-3-2	4-4-4-2-2-2-3-2-2-3-2-1	2-1-1-2-4-2-4-4-3-3-4-2	2-4-5-6-3-16-4-4-3-3-9-3	5-3-3-3-4-3-4-2-3-3-2-2	11-2-2-4-3-3-3-4-9-2-3-0	3-3-3-3-2-6-3-4-2-3-2-2	2-3-1-3-2-2-2-3-1-4-1-2	3-6-3-0-3-3-3-3-1-2-3-3	3-3-1-1-3-3-3-3-2-2-2-2
83	4	4-4-4-4-6-4-3-4-4-4-4-4	3-4-4-2-5-6-1-5-5-3-2-3	1-4-2-2-2-3-5-5-5-3-5-5	3-3-5-2-2-2-6-2-5-6-3-1	2-1-1-2-3-6-3-3-3-2-3-2	2-3-3-0-3-2-5-3-3-4-2-5	2-2-5-1-3-4-3-5-4-3-2-2	4-2-2-3-4-4-4-3-3-4-3-0	4-4-3-3-4-4-1-3-9-8-2-5	3-2-4-5-5-2-2-4-1-3-1-2	6-3-4-0-3-5-1-3-1-3-3-3	3-3-2-1-4-5-3-5-0-4-4-4
83	5	5-5-5-5-5-5-5-6-5-6-5-5	6-6-6-2-4-7-1-6-4-6-2-6	1-5-2-2-2-3-4-4-4-3-6-4	3-3-6-2-2-2-5-2-6-4-3-1	2-1-1-5-3-4-6-5-6-5-3-2	2-3-3-0-5-2-6-6-5-5-5-4	3-4-4-0-3-4-6-4-5-5-1-6	5-2-2-3-6-0-6-3-3-5-2-0	4-3-3-2-13-3-0-2-4-5-2-4	3-2-5-4-4-2-2-5-1-3-1-2	4-4-5-5-3-4-5-3-1-3-3-3	5-3-1-1-5-4-3-4-11-5-6-4
83	6	5-5-5-5-4-5-5-5-5-5-6-5	5-5-5-7-4-5-7-5-4-5-7-5	7-7-7-7-7-3-7-7-6-3-5-7	7-3-5-6-7-7-5-6-5-4-3-1	2-1-1-7-3-4-7-7-5-2-6-6	3-3-7-3-6-9-5-5-5-5-7-6	2-4-4-0-3-6-5-7-5-3-6-5	3-2-2-7-5-0-5-3-3-6-6-0	3-3-5-8-9-3-1-7-6-7-8-6	2-2-5-6-7-6-6-5-6-3-6-2	4-3-4-5-6-6-1-6-1-2-6-3	5-6-6-1-1-3-3-3-5-6-5-4
83	7	7-7-7-7-7-8-8-7-7-7-7-7	3-8-7-6-7-8-6-9-7-3-6-8	6-7-6-6-6-6-6-6-7-8-8-6	6-6-7-6-6-6-9-6-8-9-8-1	6-1-1-6-3-8-8-6-8-7-6-6	6-6-8-0-13-6-8-7-7-7-6-7	3-7-7-1-3-7-11-6-5-12-6-6	7-2-2-6-5-0-9-12-3-7-3-0	4-3-3-6-5-3-0-6-9-6-8-9	8-2-7-7-6-6-6-5-1-3-6-2	0-3-11-17-13-1-8-8-1-3-6-3	7-6-6-1-17-7-3-4-7-10-11-4
83	8	8-8-8-7-8-8-10-7-7-7-8-5	9-7-7-10-7-7-9-9-8-8-9-9	8-9-9-6-8-9-10-9-8-7-7-8	9-9-9-6-6-8-10-6-7-8-7-8	6-10-10-8-8-7-9-9-7-8-8-10	13-9-7-8-7-13-7-7-8-7-10-8	8-6-7-0-8-0-8-9-3-7-9-9	3-2-14-7-7-10-7-7-3-8-8-13	9-9-9-6-2-8-14-9-6-9-6-8	9-0-6-10-9-6-7-7-15-9-9-2	9-8-10-11-13-9-9-9-9-3-8-3	8-7-8-5-9-8-3-9-8-15-14-7
83	9	7-9-11-10-7-8-5-7-7-9-9-5	8-5-5-11-7-7-8-8-8-8-8-8	10-8-10-10-10-8-8-8-8-10-8-8	8-8-8-11-10-10-7-6-7-7-11-8	12-8-11-12-10-9-10-11-7-8-6-8	10-8-6-10-7-10-7-11-7-7-3-10	9-9-7-0-10-9-5-8-5-7-8-8	8-11-8-10-10-8-7-16-3-8-8-8	8-8-10-11-17-8-0-10-4-8-11-7	8-10-10-10-10-11-7-7-10-8-8-9	8-10-8-8-0-8-8-8-8-1-10-3	7-3-10-1-8-7-9-8-5-9-13-9
83	10	12-10-7-9-10-11-8-10-10-10-10-11	12-13-11-9-7-7-8-9-9-11-9-8	9-9-9-9-9-9-8-8-8-9-11-8	9-8-8-6-9-9-8-6-11-11-10-1	10-8-8-9-9-11-9-9-11-8-8-8	9-8-6-10-10-9-11-10-11-11-8-9	9-9-10-0-9-10-11-11-10-12-8-9	12-9-8-9-9-8-7-9-3-9-8-8	8-8-9-9-10-12-17-9-11-6-9-13	8-9-10-9-9-15-13-13-9-8-8-9	8-11-8-8-0-10-8-12-1-10-9-3	11-9-9-1-8-11-9-12-8-10-10-13
83	11	10-11-9-8-11-10-7-12-10-12-10-12	10-10-10-9-7-12-11-13-12-10-8-8	13-12-12-9-9-13-12-13-13-9-10-11	12-12-12-9-9-12-12-6-10-10-9-15	9-8-11-11-13-10-12-9-10-12-12-12	12-12-6-11-7-8-10-9-10-10-2-12	12-9-10-15-12-10-7-12-10-7-12-8	3-9-9-9-9-13-7-9-13-8-14-8	11-13-12-9-9-11-11-9-10-8-9-10	11-9-11-13-9-9-10-10-12-13-12-9	8-10-11-8-7-17-8-10-12-11-11-11	10-12-11-11-11-10-9-10-5-11-7-10
83	12	10-12-12-12-12-10-12-11-14-13-14-12	10-13-10-9-13-13-11-14-11-13-11-13	11-11-11-9-9-11-11-11-11-13-13-11	11-11-11-9-9-11-11-6-13-13-9-11	9-8-11-9-11-12-11-11-10-11-11-11	11-11-9-12-10-8-11-12-13-12-16-11	11-9-10-11-13-14-13-11-12-13-11-11	12-9-15-9-9-11-13-7-11-10-11-8	14-11-11-11-14-10-11-9-13-9-9-12	11-9-12-11-13-10-13-6-11-11-11-9	8-10-17-8-13-10-8-10-11-11-11-11	10-11-11-11-11-10-9-10-7-13-5-10
83	13	12-12-12-14-12-10-13-14-12-12-10-12	10-12-10-15-12-12-13-11-11-12-15-12	11-14-14-17-14-14-14-11-11-14-12-14	14-11-11-14-14-14-11-6-12-12-13-11	14-8-11-14-11-13-14-13-13-13-14-14	14-15-14-11-7-8-14-13-12-10-13-15	15-9-10-11-12-10-14-14-5-17-15-13	13-14-15-13-13-11-12-17-11-8-15-8	13-11-11-14-16-14-11-14-12-14-13-10	11-13-15-14-12-13-10-10-1-11-13-9	15-13-12-8-12-9-8-14-15-13-14-13	10-14-11-11-13-12-9-10-5-12-7-10
83	14	14-17-14-13-14-14-14-14-12-12-14-14	10-16-15-9-14-11-13-12-11-12-11-12	11-13-13-13-13-13-13-11-11-15-15-13	13-11-11-13-13-13-11-6-15-14-14-11	13-8-11-13-11-15-15-15-14-14-13-13	13-13-13-14-10-8-13-14-12-10-16-14	13-9-7-11-13-14-17-13-10-14-13-13	14-13-8-15-13-11-7-15-11-14-11-8	12-11-15-13-14-13-11-13-16-13-13-13	15-13-14-13-15-13-15-7-15-11-15-10	8-10-16-14-17-15-8-13-13-13-13-13	10-13-11-11-8-10-9-10-16-14-10-14
83	15	16-17-17-17-15-15-14-17-14-12-16-15	10-14-14-13-14-15-17-16-11-16-13-12	11-13-13-13-16-13-16-11-11-16-14-16	13-16-16-16-13-13-11-6-16-16-14-11	13-8-11-16-11-14-16-14-16-15-16-16	13-13-15-17-15-8-16-13-15-10-16-14	13-16-7-11-12-14-15-16-15-15-13-16	13-13-12-14-13-11-12-14-11-16-13-8	14-11-14-13-14-15-11-16-14-16-14-16	14-13-13-16-16-16-14-17-14-11-14-9	13-13-12-15-16-14-8-13-13-15-15-13	10-15-11-11-13-12-9-15-14-16-10-15
83	16	15-15-15-16-16-17-14-15-15-17-15-14	15-14-10-16-14-16-16-15-11-16-11-14	11-16-17-17-15-13-15-17-17-15-15-15	16-15-15-15-13-13-17-6-15-15-14-16	13-8-16-15-15-14-15-16-15-16-15-16	15-13-13-16-16-17-15-13-16-10-14-16	12-15-16-16-16-16-12-15-16-17-13-15	16-16-9-14-13-16-14-9-16-15-16-8	16-11-11-16-13-16-16-15-14-15-16-15	16-16-16-15-15-13-15-17-16-8-16-9	16-13-12-15-15-16-8-16-16-13-15-16	7-15-11-16-16-12-16-16-14-15-16-4
83	17	17-17-17-15-17-17-17-17-17-16-17-17	15-15-17-16-17-16-15-16-11-17-13-14	14-16-17-13-17-13-17-16-16-17-16-15	16-17-15-13-17-17-16-17-17-17-17-16	13-8-17-17-17-17-16-17-14-17-6-16	17-17-13-15-17-8-17-17-17-17-17-17	13-17-17-17-12-17-14-16-17-13-11-14	17-17-6-16-17-9-17-13-16-16-14-8	16-17-17-17-9-17-17-9-14-15-16-4	11-17-17-17-17-17-17-16-17-17-17-17	17-17-12-15-15-11-17-17-17-17-17-17	17-17-17-11-14-17-17-17-17-17-17-4
84	0	0-0-0-0-0-0-0-0-0-0-0-0	0-0-0-0-0-0-0-0-0-0-0-0	0-0-0-0-0-0-0-0-0-0-0-0	0-0-0-0-0-0-0-0-0-0-0-0	0-0-0-0-0-0-0-0-0-0-0-0	0-0-0-0-0-0-0-0-0-0-0-0	0-0-0-0-0-0-0-0-0-0-0-0	0-0-0-0-0-0-0-0-0-0-0-0	0-0-0-0-0-0-0-0-0-0-0-0	0-0-0-0-0-0-0-0-0-0-0-0	0-0-0-0-0-0-0-0-0-0-0-0	0-0-0-0-0-0-0-0-0-0-0-0
84	1	1-1-1-1-1-1-1-1-0-1-1-1	0-0-0-0-0-0-2-0-1-0-1-1	1-1-1-1-1-2-1-0-1-0-1-1	0-0-0-0-1-0-0-0-0-0-0-1	0-0-0-0-0-0-1-0-0-1-1-0	1-0-3-1-1-1-0-0-0-0-0-2	0-0-1-1-1-0-0-2-0-0-1-0	1-1-1-0-2-3-0-0-3-1-1-1	1-1-2-0-1-1-3-2-0-1-1-0	1-5-1-0-0-2-0-1-3-3-3-0	3-0-0-0-0-0-3-6-3-1-0-1	5-1-1-3-4-6-2-6-2-1-1-1
84	2	3-3-2-2-3-2-4-3-2-3-2-4	3-3-3-3-3-3-1-3-3-3-3-3	2-3-3-3-2-1-2-3-4-3-2-2	2-2-3-3-2-2-3-4-3-0-2-2	7-2-1-9-3-2-2-2-0-3-6-2	2-0-1-1-3-6-2-3-3-0-12-2	2-2-2-2-2-3-0-3-2-2-6-3	2-1-2-2-1-6-1-3-2-3-2-3	2-3-3-2-1-4-1-2-3-1-1-3	2-2-3-3-3-3-8-4-1-7-1-6	2-7-9-4-3-3-1-2-2-1-4-3	2-2-2-1-3-3-3-3-5-2-5-2
84	3	2-2-2-2-2-2-2-2-2-2-3-2	2-2-2-2-2-2-2-2-2-2-2-2	5-2-2-2-5-4-4-2-2-3-4-5	4-2-2-2-3-3-2-6-4-0-4-5	6-2-5-4-2-3-3-3-3-2-2-6	2-0-5-1-2-2-3-2-2-0-0-4	3-3-2-1-3-2-0-2-0-3-3-2	2-4-4-3-3-2-0-4-3-2-2-2	2-2-2-3-4-2-1-3-2-3-3-3	2-1-2-2-2-2-1-2-1-1-1-4	1-2-0-2-2-2-1-2-1-1-2-2	1-3-3-1-2-2-2-2-2-4-2-2
84	4	2-2-2-2-7-2-2-2-2-2-2-2	2-2-2-2-2-2-2-7-2-5-2-4	3-5-3-2-3-7-3-5-2-7-3-3	3-5-5-2-3-5-2-3-3-0-3-3	3-2-3-3-5-4-5-5-4-4-2-3	2-6-6-13-4-2-5-2-4-4-13-7	5-4-2-7-5-4-5-4-0-4-7-7	2-3-5-5-4-2-0-3-6-2-4-2	4-7-4-4-2-2-4-5-2-4-3-11	5-4-4-2-5-5-4-2-1-1-4-3	7-10-0-2-0-4-4-5-5-5-2-4	1-4-3-4-7-4-4-4-6-4-2-0
84	5	5-5-5-5-2-5-2-2-2-2-5-2	2-5-6-2-2-6-2-4-2-4-2-4	3-4-2-3-3-3-6-4-6-4-6-3	4-4-4-2-3-4-2-3-6-7-5-3	3-2-3-3-4-7-4-4-4-2-2-3	2-4-4-4-5-2-4-5-4-0-0-5	4-5-7-4-4-5-6-6-0-5-3-4	5-3-4-4-5-2-10-4-4-2-4-2	5-4-4-4-5-2-4-4-5-3-3-6	4-1-5-6-4-7-7-7-1-9-1-6	4-2-4-0-2-4-2-4-4-4-2-4	1-4-3-4-4-4-5-2-2-6-5-2
84	6	5-7-6-6-2-7-6-6-7-2-6-2	2-10-6-2-8-5-2-6-2-4-2-8	3-6-2-3-3-4-5-7-5-4-7-6	4-4-7-3-4-4-8-3-7-6-4-3	3-2-3-3-4-5-7-5-7-2-2-3	3-4-4-4-8-2-7-6-6-0-8-9	3-7-6-4-4-5-7-7-10-6-2-4	2-6-4-5-5-2-6-4-4-6-4-2	5-4-4-4-7-2-2-4-6-10-6-5	5-4-6-5-2-5-5-2-1-9-1-5	4-4-7-6-7-2-1-4-4-4-2-4	2-6-3-4-9-1-5-1-7-7-7-2
84	7	7-6-5-6-6-6-7-8-7-2-7-8	8-6-6-8-6-6-8-8-8-4-8-8	3-7-8-9-8-4-8-6-8-8-6-8	7-8-6-8-8-8-6-8-6-5-4-3	8-2-3-8-2-5-8-8-6-7-7-8	4-8-4-4-7-8-6-7-6-0-4-4	7-6-5-4-4-5-6-6-0-9-4-4	2-7-7-5-8-2-6-8-4-14-7-2	4-4-4-4-6-2-4-8-9-6-8-7	2-4-5-6-8-5-5-5-7-2-1-7	4-2-6-6-6-4-1-4-4-4-2-4	1-7-7-4-4-4-4-2-6-6-6-2
84	8	8-8-8-8-8-8-8-8-9-8-8-7	7-9-6-7-6-9-7-7-7-8-7-7	7-8-7-7-7-9-7-9-7-7-16-7	7-7-9-7-7-7-6-7-7-9-8-3	8-2-7-7-4-8-7-7-10-7-7-7	2-7-4-10-7-7-7-8-8-9-6-8	7-8-6-8-16-11-8-7-0-7-3-7	2-7-7-8-8-2-10-7-7-12-7-2	4-8-4-4-14-2-1-7-12-7-7-7	5-4-6-9-7-11-2-12-1-1-1-8	4-2-15-6-2-16-1-4-4-4-2-4	1-4-7-1-2-2-2-2-2-6-6-2
84	9	10-10-9-11-10-11-10-11-10-12-10-12	11-8-12-9-10-10-11-10-10-10-10-10	9-9-10-7-9-11-10-10-10-8-11-9	10-9-10-9-7-9-11-7-8-9-8-9	12-10-9-9-10-8-10-9-8-9-11-9	9-10-7-9-10-16-8-10-10-8-9-9	2-9-9-11-9-9-14-10-6-9-11-8	11-9-11-8-11-10-9-6-7-9-9-10	11-10-9-9-9-9-9-10-7-9-6-7	11-2-6-10-13-9-11-9-15-10-10-8	11-9-9-10-14-10-10-11-11-9-2-8	9-9-9-9-10-2-2-11-9-13-11-9
84	10	9-9-11-9-9-9-9-9-9-9-9-9	9-8-6-11-9-9-10-9-9-9-9-9	11-10-12-11-11-9-11-9-9-12-9-11	11-9-9-7-11-12-9-12-13-11-10-9	12-9-10-10-9-10-11-11-8-10-12-7	2-9-11-4-10-12-11-10-9-8-4-12	11-10-9-4-11-10-8-9-6-11-9-10	15-10-12-11-10-9-8-12-11-11-9-9	4-9-4-11-12-2-16-11-8-6-12-8	9-11-5-9-11-10-10-5-11-9-9-12	9-2-6-9-9-9-9-9-9-10-2-4	1-10-7-1-9-4-11-9-9-9-6-0
84	11	11-11-11-11-9-9-9-9-11-9-11-11	9-13-6-10-9-9-9-9-9-9-9-9	10-10-10-10-10-9-10-9-9-10-12-10	10-9-11-9-10-10-9-10-12-13-11-9	10-9-9-10-10-11-10-10-12-11-10-7	10-9-12-11-15-10-12-11-12-11-13-11	10-10-12-9-10-8-16-10-11-10-9-10	9-10-9-10-10-9-11-6-10-10-9-9	9-9-4-10-8-10-16-10-8-6-11-12	9-10-6-12-10-10-9-13-10-9-9-10	9-10-9-13-9-4-9-9-9-4-10-4	1-10-7-1-9-6-10-9-9-9-9-9
84	12	11-14-11-16-11-11-12-9-16-9-11-16	14-11-11-10-9-14-12-13-13-11-9-13	13-13-13-10-10-15-13-15-14-10-11-13	13-14-13-12-10-10-13-10-11-15-10-14	10-15-12-11-15-11-13-10-11-9-12-14	14-14-11-12-11-10-11-11-11-11-14-11	10-10-11-13-11-10-11-12-0-16-13-10	9-10-13-10-10-13-11-10-15-12-14-9	4-15-15-10-10-2-12-12-8-12-10-7	12-12-12-12-10-10-9-8-15-15-14-10	13-14-6-11-9-16-13-12-14-13-2-12	1-12-12-12-12-4-10-12-11-12-6-9
84	13	9-9-13-14-14-11-9-9-9-9-11-9	12-11-11-15-12-9-13-16-12-11-9-9	12-12-12-14-14-12-12-12-12-14-13-12	12-12-12-14-10-14-12-14-10-11-13-12	15-9-16-14-12-13-14-14-12-13-15-14	12-9-14-4-11-10-14-13-9-11-4-14	13-14-11-12-14-10-13-12-0-16-12-14	9-13-12-14-13-12-11-15-4-10-12-9	4-12-12-14-16-2-12-12-8-7-14-13	12-14-12-12-9-10-10-5-12-12-12-10	12-2-6-11-9-15-12-9-12-13-2-4	1-12-12-12-9-2-14-9-9-9-6-9
84	14	14-16-11-9-14-15-14-14-14-9-14-15	12-15-15-13-15-12-13-13-12-15-13-15	12-12-13-13-13-12-15-12-12-13-15-12	13-12-12-13-13-13-12-13-13-14-13-12	13-9-12-13-12-13-13-13-16-13-13-12	12-12-14-14-11-10-13-14-15-14-12-11	13-13-11-12-13-14-15-12-0-14-12-13	9-13-13-13-13-12-15-14-12-14-12-9	7-12-12-13-8-14-12-12-16-14-13-15	12-13-14-15-10-13-2-15-12-12-12-10	12-14-15-14-9-14-9-9-12-13-13-4	15-15-12-12-9-14-13-14-15-15-9-9
84	15	15-15-16-16-14-14-16-14-9-16-14-16	12-14-14-13-14-9-13-14-12-15-16-16	12-12-16-13-13-12-14-12-12-13-14-15	15-12-12-15-15-15-12-13-15-14-13-12	13-12-15-13-12-15-16-15-14-13-13-15	9-15-15-15-11-10-15-15-14-14-4-16	15-13-9-12-13-10-14-16-0-13-12-15	7-13-12-15-15-12-14-13-12-10-12-9	4-12-12-15-16-14-12-12-8-12-15-14	15-15-14-14-15-10-15-14-12-12-12-10	9-14-14-14-9-15-12-12-12-15-2-15	14-14-12-12-15-14-15-14-14-14-6-14
84	16	16-16-15-16-16-16-15-16-16-15-16-16	12-14-16-13-16-12-16-13-15-16-15-15	14-16-16-15-16-16-16-16-12-16-8-16	15-16-15-16-16-16-12-16-16-16-16-12	13-9-16-16-16-16-15-15-14-16-10-7	16-16-15-16-16-16-15-16-16-16-16-16	13-16-16-16-14-16-11-15-16-13-9-15	16-13-13-16-16-9-16-13-10-16-12-16	4-12-4-16-13-16-16-13-16-12-10-14	12-16-16-16-16-10-16-15-16-16-16-16	15-0-0-16-0-12-16-9-16-16-16-16	16-15-16-12-9-16-16-14-16-16-16-9
85	0	0-0-0-0-0-0-0-0-0-0-0-0	0-0-0-0-0-0-0-0-0-0-0-0	0-0-0-0-0-0-0-0-0-0-0-0	0-0-0-0-0-0-0-0-0-0-0-0	0-0-0-0-0-0-0-0-0-0-0-0	0-0-0-0-0-0-0-0-0-0-0-0	0-0-0-0-0-0-0-0-0-0-0-0	0-0-0-0-0-0-0-0-0-0-0-0	0-0-0-0-0-0-0-0-0-0-0-0	0-0-0-0-0-0-0-0-0-0-0-0	0-0-0-0-0-0-0-0-0-0-0-0	0-0-0-0-0-0-0-0-0-0-0-0
85	1	1-1-1-1-1-1-1-1-1-1-1-1	2-1-1-4-2-1-2-1-1-1-2-1	1-2-0-2-3-2-0-2-2-2-2-1	2-2-2-2-0-0-2-1-1-2-2-0	1-0-1-0-1-1-2-0-1-2-5-0	2-2-2-1-1-1-1-3-1-1-9-2	9-1-2-1-2-1-2-2-2-1-1-1	1-1-4-1-1-3-3-1-1-1-0-2	1-6-1-1-2-3-7-1-3-1-1-3	2-2-1-2-1-1-1-1-2-1-0-1	1-2-2-4-1-2-1-1-0-2-3-1	2-1-1-2-12-2-3-6-2-1-2-2
85	2	1-1-1-3-1-1-1-1-1-1-1-3	1-1-1-5-1-1-1-2-1-1-3-3	2-2-3-4-4-1-3-3-1-1-3-2	3-1-1-3-3-3-1-3-1-1-3-4	4-0-4-2-0-2-3-3-1-1-4-3	1-3-3-1-2-5-3-3-1-1-7-6	2-5-1-1-1-1-1-1-1-1-3-5	1-3-3-3-2-1-1-2-2-9-3-1	1-0-1-2-3-1-3-3-1-2-3-1	1-1-1-1-3-3-4-1-5-1-1-3	1-1-1-1-1-4-0-1-0-1-1-1	1-2-5-1-1-1-4-1-1-1-1-1
85	3	1-1-2-2-1-1-2-1-2-1-1-2	1-1-1-2-1-1-1-3-3-4-2-2	0-4-2-2-2-8-2-4-1-5-3-4	2-4-4-2-2-2-1-2-2-3-2-2	2-0-2-2-4-3-4-2-3-3-2-2	8-4-5-8-3-5-4-2-3-3-8-3	10-3-1-3-4-3-4-4-3-1-2-4	3-2-2-4-2-1-1-5-6-3-2-1	3-8-3-4-3-1-8-4-1-1-2-1	4-3-3-1-2-2-4-1-7-4-6-2	3-4-1-1-3-3-0-3-6-4-1-3	1-3-2-4-3-1-1-1-2-4-2-1
85	4	4-4-4-4-1-2-4-4-1-2-1-4	1-6-5-2-1-1-3-5-3-3-2-5	0-3-2-2-2-3-5-6-5-6-5-5	3-3-3-2-2-2-5-2-5-5-6-2	2-0-2-2-3-6-3-3-3-7-2-2	3-3-2-1-3-2-5-5-3-4-16-3	2-4-6-3-3-1-5-5-3-3-2-3	5-2-1-5-2-4-4-3-5-5-3-1	4-3-3-3-4-1-1-3-5-2-5-1	3-3-1-6-2-2-5-2-2-3-3-5	1-3-8-1-5-2-0-3-3-5-3-5	1-3-2-3-0-1-2-1-6-3-13-1
85	5	6-1-5-5-5-6-5-4-7-5-5-5	1-6-4-2-1-6-2-7-2-3-6-4	0-5-2-2-6-3-4-7-6-3-6-4	3-7-6-6-2-3-5-2-6-4-4-2	2-0-2-2-3-4-5-6-6-2-1-2	2-3-3-1-5-3-6-4-5-5-6-3	3-2-4-3-3-5-6-4-5-5-0-2	4-2-1-4-3-1-7-3-4-4-3-1	6-3-5-3-9-3-1-3-1-5-4-2	11-2-5-8-2-5-4-6-2-1-4-4	6-3-6-6-4-2-0-3-0-4-1-4	1-3-2-3-1-1-2-1-4-1-6-6
85	6	5-4-5-5-6-7-5-1-5-6-1-6	1-4-4-2-10-7-1-5-7-8-6-7	3-6-7-2-5-9-7-4-5-4-5-6	7-7-5-7-2-3-7-2-5-4-4-2	7-0-2-9-3-4-7-5-5-6-4-2	3-6-7-2-5-3-5-6-5-6-10-7	2-2-4-3-3-3-5-5-5-5-2-7	4-2-6-7-7-1-5-3-3-8-7-1	3-1-3-3-3-6-3-7-8-8-6-8	5-3-6-4-2-8-6-5-2-3-3-4	3-9-5-5-5-7-0-3-3-3-8-3	6-8-6-3-3-7-6-7-4-6-5-5
85	7	9-8-7-7-9-7-5-7-5-7-9-7	1-8-1-2-5-6-8-5-6-6-9-6	0-8-9-9-8-10-6-9-9-9-6-8	6-5-8-6-13-10-6-15-6-9-4-2	6-2-2-8-3-4-6-5-8-10-8-2	3-6-8-10-7-3-5-6-7-7-2-6	2-7-7-3-3-7-7-4-8-9-2-6	4-7-8-6-6-8-5-3-3-7-6-1	3-3-3-3-3-6-1-6-6-6-7-6	7-3-6-6-2-9-5-7-7-0-3-14	3-6-8-5-8-6-0-3-3-3-6-3	6-3-6-6-1-6-8-6-4-6-5-10
85	8	8-9-9-7-9-7-8-9-8-9-9-8	1-4-4-10-5-6-7-7-6-6-9-9	9-7-10-7-7-3-9-9-7-7-9-7	9-9-9-10-10-9-4-9-6-5-4-10	9-11-13-7-3-4-9-9-7-7-9-8	3-10-7-11-5-10-4-9-5-7-3-10	10-7-7-3-9-8-5-9-7-11-9-7	3-8-13-9-8-8-5-8-10-6-11-1	3-3-9-9-8-6-3-9-6-6-13-6	7-9-14-5-9-6-9-5-9-0-9-13	3-6-4-5-7-8-0-6-11-3-6-3	6-6-8-10-11-1-7-1-4-8-5-7
85	9	9-9-9-10-9-10-9-9-9-10-9-9	10-11-10-8-6-10-7-10-6-10-8-8	8-9-8-7-8-6-10-10-7-11-10-7	8-9-10-7-8-8-11-8-10-10-9-8	8-8-8-6-8-9-8-8-9-7-8-8	3-8-11-7-9-8-10-9-9-9-1-9	8-2-7-14-10-9-8-8-7-7-8-8	9-8-10-10-8-9-15-8-3-11-8-1	8-3-10-8-5-6-10-8-10-5-9-9	8-8-9-10-8-11-10-7-8-9-10-8	8-6-5-10-10-12-0-3-8-3-6-10	11-8-6-8-8-1-10-1-1-11-5-9
85	10	10-10-9-10-10-9-11-10-10-10-11-10	12-11-11-8-6-9-12-8-6-9-8-11	8-10-8-7-9-13-9-9-12-10-11-11	8-11-11-8-8-8-11-8-9-9-9-8	8-0-8-11-14-9-10-10-9-7-8-8	8-8-9-7-10-8-11-11-10-10-6-8	3-13-10-11-11-10-13-11-10-10-8-12	10-8-9-9-11-8-9-14-8-11-8-1	8-11-9-8-10-6-9-8-9-15-10-10	7-8-10-9-8-10-9-11-10-11-9-8	8-9-12-10-15-8-0-11-3-11-6-9	11-6-6-8-16-1-9-14-11-9-11-9
85	11	10-12-10-10-13-10-10-11-11-12-10-12	12-10-10-12-10-9-13-12-12-9-12-10	8-12-12-13-12-10-12-12-13-12-10-10	12-12-10-13-8-12-12-8-12-13-10-8	8-8-11-12-12-9-12-12-10-12-13-12	12-12-13-8-10-8-12-10-10-9-8-8	12-10-7-8-10-8-10-12-7-8-8-10	3-8-15-12-10-11-9-13-3-9-12-14	3-11-16-12-8-6-11-8-6-13-9-6	12-12-11-10-8-10-12-10-8-11-8-8	11-12-4-10-10-8-12-12-8-12-6-11	9-12-11-11-8-6-7-10-4-9-5-9
85	12	12-16-12-10-12-12-10-12-13-11-14-13	14-14-10-11-16-10-12-11-11-9-11-14	8-11-11-11-11-13-11-13-10-13-13-12	11-11-11-11-11-11-11-8-11-11-12-8	8-11-8-11-11-13-11-11-13-11-11-11	14-11-11-12-10-8-13-10-10-12-14-11	11-11-7-3-9-12-13-11-10-7-8-10	10-8-7-11-11-11-10-11-3-10-11-12	11-11-11-11-5-11-13-12-6-12-8-11	11-11-12-13-12-6-11-15-8-11-11-9	13-12-13-15-13-12-11-11-3-11-11-11	12-11-11-11-16-12-11-10-15-14-14-13
85	13	12-10-16-12-11-16-10-16-13-13-13-12	16-9-9-11-12-10-11-13-11-14-14-11	14-14-14-11-11-14-13-14-14-12-12-13	14-11-15-11-7-14-15-8-11-14-14-14	8-14-8-11-15-12-14-11-12-13-11-11	13-13-11-13-10-8-14-14-10-9-12-14	13-10-12-13-10-13-12-12-11-16-13-12	10-8-14-11-10-13-9-11-13-13-11-15	3-13-14-11-8-6-13-12-6-11-8-6	13-13-13-12-8-9-12-10-13-15-13-8	13-1-12-12-10-16-14-13-13-13-6-11	13-11-15-13-13-1-7-13-12-13-4-12
85	14	14-12-12-14-10-15-12-14-16-16-16-16	12-12-15-15-14-13-13-13-15-13-15-12	13-13-13-16-13-13-15-13-15-12-15-14	13-14-13-11-14-13-13-8-12-13-13-13	14-13-13-11-13-14-15-15-13-15-11-15	15-10-11-14-10-13-13-15-12-9-15-13	15-14-13-15-13-13-10-14-12-7-12-15	7-8-13-14-14-13-12-10-13-13-15-14	1-13-13-14-16-14-13-12-13-13-14-6	13-15-8-13-15-15-14-12-13-13-15-7	14-6-13-12-10-14-13-13-13-14-6-11	13-15-14-13-15-6-7-10-12-12-12-9
85	15	15-14-13-16-12-15-16-15-15-16-13-12	12-12-14-16-14-16-12-13-14-14-14-16	13-16-14-16-15-13-14-15-14-12-14-14	14-14-13-11-15-14-13-7-11-11-15-13	2-13-8-11-13-14-14-14-12-14-11-8	14-13-14-14-10-8-15-14-10-9-14-15	16-10-10-13-9-15-10-14-10-13-8-14	10-8-11-14-14-13-9-11-15-13-14-13	15-13-11-15-14-6-13-13-6-10-15-6	13-14-15-13-15-15-15-12-13-13-15-15	15-6-12-12-10-8-16-13-15-15-6-11	15-15-13-13-14-1-15-10-12-15-4-12
85	16	16-16-13-16-16-16-15-16-16-16-16-16	13-12-16-15-16-16-12-14-12-16-14-15	15-15-16-15-16-16-16-16-13-16-16-16	16-16-16-14-16-16-11-16-16-16-16-13	16-13-8-16-16-16-15-16-10-16-11-8	16-16-16-14-16-8-16-16-16-16-16-16	15-16-16-16-15-16-16-15-16-13-13-16	16-16-8-16-16-14-9-11-15-15-14-16	15-16-11-16-14-16-16-8-16-14-8-6	13-16-16-16-16-15-16-12-13-16-16-16	12-16-16-16-16-13-16-16-16-16-6-16	15-15-16-13-14-16-16-13-16-16-16-9
86	0	0-0-0-0-0-0-0-0-0-0-0-0	0-0-0-0-0-0-0-0-0-0-0-0	0-0-0-0-0-0-0-0-0-0-0-0	0-0-0-0-0-0-0-0-0-0-0-0	0-0-0-0-0-0-0-0-0-0-0-0	0-0-0-0-0-0-0-0-0-0-0-0	0-0-0-0-0-0-0-0-0-0-0-0	0-0-0-0-0-0-0-0-0-0-0-0	0-0-0-0-0-0-0-0-0-0-0-0	0-0-0-0-0-0-0-0-0-0-0-0	0-0-0-0-0-0-0-0-0-0-0-0	0-0-0-0-0-0-0-0-0-0-0-0
86	1	1-1-1-1-1-1-1-1-1-1-1-1	1-0-1-1-0-1-0-0-1-1-2-0	0-2-1-2-2-0-2-0-0-2-0-1	2-0-2-2-2-2-0-2-1-0-2-0	2-0-2-3-0-1-2-2-1-1-1-2	2-2-1-1-1-4-1-1-1-1-8-0	1-1-1-0-1-1-1-2-1-1-2-1	1-1-2-1-1-2-1-1-1-0-2-0	0-0-0-1-2-1-0-2-1-1-1-1	2-1-1-0-2-2-1-1-3-0-0-2	0-1-2-0-0-0-0-0-0-1-1-1	0-1-1-1-0-1-1-0-2-0-2-1
86	2	2-2-1-2-2-2-2-2-2-2-2-2	3-2-2-1-2-2-1-3-2-3-1-3	0-3-1-1-1-3-3-0-3-3-3-1	1-3-1-1-1-1-2-1-1-2-1-0	1-0-1-1-3-1-3-1-3-2-4-1	1-1-4-6-2-1-3-3-2-2-6-2	1-2-2-2-3-2-2-1-2-2-1-6	2-1-3-3-2-2-3-4-6-0-4-5	2-0-2-2-1-2-2-3-1-2-1-2	3-3-2-2-1-1-2-2-0-3-2-1	2-6-2-0-2-2-0-2-3-3-3-2	4-2-1-3-2-2-1-2-1-0-1-1
86	3	3-3-3-3-3-3-3-3-3-3-3-3	2-4-3-1-3-6-0-2-2-2-4-2	1-3-2-1-1-2-4-5-4-2-4-4	2-2-4-1-1-1-2-1-4-3-4-0	1-0-1-1-2-4-2-4-2-1-3-1	2-2-2-2-2-1-2-2-3-3-1-3	1-1-3-2-2-3-2-4-3-3-1-3	3-1-4-4-1-2-2-2-2-3-2-0	3-0-2-2-3-2-0-4-4-3-1-4	4-2-3-3-1-2-1-3-1-2-4-1	0-5-4-0-6-4-0-5-2-2-2-2	3-2-1-2-0-5-1-5-6-3-5-3
86	4	4-4-4-4-4-5-4-4-4-4-4-4	5-5-3-1-4-5-0-5-4-5-3-5	1-4-2-2-1-2-5-5-3-2-5-3	2-5-5-5-1-1-4-1-3-5-5-0	1-5-5-4-2-3-5-5-5-0-1-1	5-2-2-2-4-1-5-3-4-4-5-3	2-1-4-5-2-4-4-3-4-4-1-4	4-1-3-3-1-0-6-2-2-4-2-0	2-0-2-5-7-2-0-3-3-5-1-3	3-2-4-5-1-5-2-3-3-2-3-1	0-4-6-6-5-3-0-2-0-2-2-2	6-8-1-6-5-4-1-5-0-3-4-5
86	5	4-4-4-7-5-4-3-4-5-6-5-4	4-4-4-5-7-4-5-4-6-4-7-4	5-5-6-6-5-6-6-7-6-5-4-5	6-6-6-6-5-6-5-1-6-4-4-5	7-4-6-8-2-3-4-6-4-6-6-6	4-8-6-6-6-5-4-6-4-3-4-5	7-4-3-4-2-4-4-6-4-8-4-4	3-6-5-6-6-6-4-6-2-4-6-2	2-0-2-4-5-6-5-5-6-4-5-5	6-6-5-4-5-5-6-4-1-5-4-5	0-3-4-4-4-4-0-3-0-5-6-2	4-4-5-4-4-4-5-3-3-4-8-5
86	6	6-4-6-6-5-6-3-4-4-5-3-7	5-4-4-8-5-3-7-8-5-4-7-7	7-7-5-7-7-7-5-7-7-6-7-7	7-7-5-5-7-7-5-9-5-4-7-10	9-0-5-9-7-7-7-7-4-5-5-5	7-7-5-7-5-7-7-5-4-4-2-7	7-1-4-0-7-6-4-7-4-6-9-2	2-6-8-7-7-6-4-5-2-6-5-0	2-0-2-7-5-5-0-7-5-4-8-3	5-5-5-7-7-6-5-4-6-0-0-12	0-2-4-4-3-12-0-0-0-6-5-2	4-7-7-4-0-4-7-0-3-6-4-8
86	7	7-7-8-5-5-8-7-8-8-8-8-6	7-8-8-6-5-6-6-6-6-4-6-6	6-6-6-6-6-6-8-6-6-6-8-6	6-7-6-8-6-6-5-6-8-8-8-6	7-0-5-6-6-8-6-6-8-7-5-5	5-6-8-6-7-6-8-7-7-7-10-6	6-1-7-0-6-7-8-6-7-3-5-8	3-6-5-6-6-8-4-5-2-7-5-0	6-0-8-6-7-7-13-6-9-7-6-8	5-6-5-13-6-5-7-8-6-7-0-6	13-7-7-4-8-7-0-8-0-7-5-2	7-6-6-4-13-9-6-9-8-6-7-10
86	8	9-8-7-8-8-7-3-7-7-7-7-7	7-7-7-6-5-9-9-6-9-4-9-9	8-9-9-6-6-8-7-9-8-6-7-9	9-8-9-7-6-6-5-6-7-7-7-13	6-9-9-6-9-7-9-9-7-7-5-5	9-5-7-8-8-13-7-7-7-7-11-6	11-7-7-11-8-10-7-9-8-5-9-7	2-6-6-6-6-9-4-5-6-8-5-10	8-8-13-6-12-5-10-10-5-11-6-7	5-13-8-9-7-6-7-7-12-10-8-6	9-7-11-4-7-8-9-11-9-5-5-2	8-4-8-9-8-8-6-8-7-8-5-7
86	9	9-9-9-9-8-10-9-9-10-12-7-9	7-10-7-6-5-11-8-6-8-4-8-8	6-8-8-6-6-8-6-8-8-6-10-8	8-8-8-8-6-6-12-6-10-10-10-8	6-8-8-6-8-9-8-8-9-10-9-5	5-12-10-9-7-6-10-7-9-9-5-9	6-10-9-8-12-9-10-8-9-9-8-9	9-6-6-5-6-8-12-5-6-9-8-8	8-8-8-6-8-11-8-8-7-3-5-13	5-5-9-10-6-9-5-12-6-8-8-6	8-13-9-8-7-8-8-8-8-5-5-6	7-2-8-8-8-7-6-7-10-8-10-7
86	10	9-9-13-9-9-9-9-7-9-9-11-9	7-9-7-11-5-9-11-13-12-9-12-11	11-11-11-11-12-11-11-8-11-12-9-11	11-8-8-11-11-11-9-1-11-9-12-10	12-8-12-12-8-9-11-11-9-9-11-10	11-11-12-10-7-8-11-10-9-9-6-11	11-9-7-8-11-8-9-8-9-12-11-11	2-12-12-11-11-8-9-12-2-8-12-8	8-8-11-11-13-5-8-11-5-12-12-12	11-10-8-9-11-12-11-11-6-8-8-6	8-10-10-4-4-7-8-10-8-10-5-2	7-10-8-10-11-7-12-3-9-8-9-7
86	11	12-11-11-11-11-13-9-11-13-11-11-12	7-12-12-10-11-9-10-10-10-12-10-12	6-10-10-10-10-10-10-8-10-10-12-10	10-8-8-10-10-10-12-6-10-12-11-8	10-8-8-11-8-12-10-10-12-11-10-10	10-10-10-8-11-8-12-11-11-11-8-11	10-11-11-8-10-11-12-12-9-11-10-10	8-10-10-10-10-8-11-11-6-11-10-8	8-8-10-10-11-9-8-10-11-8-10-6	10-10-8-10-10-10-10-10-6-8-8-6	8-10-13-4-12-11-8-8-8-10-10-2	7-10-8-10-10-7-10-11-12-12-11-7
86	12	9-13-11-12-13-11-11-11-11-9-13-13	7-11-11-10-11-11-12-10-13-11-10-11	8-11-10-13-10-11-10-8-13-10-11-10	10-8-12-10-10-10-9-6-11-11-10-12	10-12-13-10-8-11-13-10-11-11-10-12	10-12-10-12-11-8-11-12-11-11-7-12	13-9-9-12-9-12-11-11-9-10-10-12	12-12-10-10-10-12-9-10-12-8-10-8	12-8-12-12-12-5-12-8-11-10-10-10	5-12-12-12-12-10-12-13-12-8-12-6	12-12-11-4-11-8-8-12-12-12-10-12	8-10-8-12-12-9-10-8-11-11-9-7
86	13	13-13-13-13-13-13-13-13-13-13-13-13	7-9-13-10-13-11-12-10-12-13-10-11	9-12-13-12-13-13-13-13-12-13-13-13	12-13-13-13-13-13-12-13-13-13-13-8	10-8-13-13-13-13-12-13-11-13-1-12	13-13-13-13-13-8-13-13-13-13-13-12	12-13-13-13-9-13-13-12-13-10-12-13	13-13-5-13-13-8-13-10-12-13-12-8	12-13-12-13-10-13-13-12-13-10-12-12	5-13-13-13-13-10-13-12-13-13-13-13	7-9-11-4-11-12-13-12-13-13-13-13	13-13-13-12-9-13-13-8-13-13-13-7
87	0	0-0-0-0-0-0-0-0-0-0-0-0	0-0-0-0-0-0-0-0-0-0-0-0	0-0-0-0-0-0-0-0-0-0-0-0	0-0-0-0-0-0-0-0-0-0-0-0	0-0-0-0-0-0-0-0-0-0-0-0	0-0-0-0-0-0-0-0-0-0-0-0	0-0-0-0-0-0-0-0-0-0-0-0	0-0-0-0-0-0-0-0-0-0-0-0	0-0-0-0-0-0-0-0-0-0-0-0	0-0-0-0-0-0-0-0-0-0-0-0	0-0-0-0-0-0-0-0-0-0-0-0	0-0-0-0-0-0-0-0-0-0-0-0
87	1	1-1-1-1-1-2-2-1-2-2-2-1	2-2-2-2-2-2-2-1-2-2-1-2	1-2-2-2-1-2-1-1-2-1-2-1	2-2-2-1-0-0-2-0-0-0-0-0	0-0-0-0-2-1-2-1-0-1-1-1	2-2-1-5-0-2-1-0-2-2-0-2	8-0-1-1-1-2-0-1-2-1-5-2	1-1-2-1-1-2-2-1-1-2-2-2	1-2-2-1-2-5-2-1-3-1-1-2	1-7-3-0-2-1-1-1-4-6-5-0	5-1-2-5-8-4-5-2-6-1-0-1	3-1-1-8-1-4-1-2-10-1-1-2
87	2	1-1-1-1-1-1-1-1-1-1-1-1	1-1-1-1-1-1-1-1-1-1-1-1	2-2-1-3-3-1-3-3-1-2-1-2	3-3-1-3-3-3-1-3-2-0-3-4	3-1-3-3-1-2-1-3-1-1-2-3	3-3-2-1-1-1-2-3-1-1-2-1	3-0-1-1-2-1-2-3-1-1-2-1	2-2-3-2-2-1-1-2-2-1-1-1	1-1-1-2-3-1-1-1-2-2-3-1	3-2-1-1-3-3-2-1-1-1-1-5	1-2-1-1-1-1-1-1-0-2-2-2	1-2-5-1-1-2-2-1-3-1-0-1
87	3	1-1-1-1-1-1-1-1-1-1-1-1	1-3-1-0-1-1-1-6-1-4-2-3	6-2-2-2-2-6-2-2-1-4-4-2	2-4-4-2-2-2-1-2-2-3-4-2	2-3-2-2-4-2-4-2-3-3-2-2	4-2-5-1-3-1-4-4-3-3-11-3	2-3-3-1-4-1-3-3-3-4-2-4	1-2-4-4-3-3-1-4-4-1-3-1	3-1-3-3-2-1-1-4-1-3-2-3	2-3-1-2-2-2-2-1-1-1-4-3	3-3-1-1-3-3-1-3-1-2-4-3	1-3-4-1-3-3-2-3-2-0-0-1
87	4	1-4-4-1-4-4-1-4-4-1-4-1	1-6-6-1-1-1-1-5-5-3-1-5	1-4-5-2-2-3-5-4-5-3-5-5	3-3-3-2-2-2-5-2-5-4-3-2	2-0-2-2-3-5-3-3-3-3-2-2	3-5-3-1-3-1-3-3-4-4-4-4	2-6-5-0-3-4-14-5-3-3-2-3	1-2-3-3-2-1-4-3-3-1-3-1	1-1-3-3-1-3-1-3-4-5-2-3	1-3-5-5-1-4-2-1-1-1-3-5	1-14-6-1-3-1-1-1-1-3-3-3	1-3-3-1-7-6-2-1-1-1-4-6
87	5	5-5-5-5-1-5-5-5-4-1-5-6	1-6-6-0-1-1-1-4-4-3-2-7	2-5-4-6-2-3-4-7-4-6-6-5	5-3-6-5-2-2-6-2-6-6-3-2	2-1-2-6-3-4-6-5-6-3-2-2	1-3-3-1-5-1-6-6-5-5-5-3	1-4-4-0-3-4-6-4-3-4-1-5	1-2-1-3-4-1-4-3-3-1-3-9	1-1-6-3-1-1-0-3-6-7-6-5	1-1-5-4-1-4-6-7-2-1-1-4	1-4-6-14-5-6-1-1-1-1-5-3	7-3-2-1-5-4-4-1-1-13-6-1
87	6	5-5-5-5-5-1-1-4-6-5-4-5	5-5-5-6-4-5-1-3-4-3-7-5	8-7-8-8-7-3-7-5-6-3-5-6	6-3-5-6-7-8-5-8-5-5-3-6	8-0-14-7-3-4-7-7-5-8-8-7	7-8-7-1-5-14-5-5-3-3-7-8	9-4-4-0-3-4-5-7-3-4-7-7	1-8-6-7-7-1-4-7-3-1-6-1	7-1-5-3-1-7-1-7-5-6-7-6	7-3-5-6-6-4-6-5-7-1-7-7	5-4-5-12-1-5-1-1-1-8-6-3	1-6-8-6-7-6-2-1-5-6-5-4
87	7	7-7-8-7-7-7-8-7-7-7-7-7	5-5-5-6-10-8-8-8-4-4-6-5	6-7-6-6-6-3-8-5-8-7-8-7	6-7-6-6-6-6-5-6-8-7-8-6	6-0-2-6-3-8-6-6-7-7-6-6	6-6-6-7-7-1-8-7-7-7-6-6	2-7-8-1-14-7-13-8-3-8-6-6	7-6-8-8-6-1-7-6-3-9-6-1	6-1-8-6-5-6-1-6-5-6-6-11	6-1-7-7-6-4-6-5-6-1-6-8	0-4-5-5-13-5-8-9-9-3-6-7	5-6-6-6-9-6-2-8-1-6-7-7
87	8	7-8-7-8-8-7-7-8-7-8-8-7	8-9-5-6-7-7-8-7-4-9-8-9	6-8-6-6-6-7-7-8-7-9-7-7	6-7-7-6-6-6-8-6-7-7-7-1	6-0-2-6-9-7-8-8-9-6-6-6	0-6-7-1-8-6-9-7-8-8-6-6	9-8-7-0-7-8-8-7-8-7-0-6	8-6-7-7-6-1-7-7-3-8-1-1	1-1-7-6-1-6-0-6-6-7-9-5	9-1-10-13-6-4-9-5-8-1-8-7	8-8-14-14-1-1-7-9-1-6-6-7	8-6-6-1-14-4-2-7-13-13-8-4
87	9	10-10-11-10-10-10-10-10-10-10-11-10	10-8-10-10-11-10-10-10-11-10-10-10	9-10-10-10-9-10-10-9-10-8-10-9	10-9-10-9-10-10-11-6-8-9-9-10	6-12-12-8-10-7-10-10-8-9-6-10	10-10-7-13-7-12-8-10-10-8-12-10	10-8-11-12-10-12-8-9-3-10-10-10	13-9-11-10-9-13-12-9-13-11-12-5	10-12-12-10-11-9-12-10-10-9-10-6	12-12-9-10-10-4-10-13-10-10-10-7	10-4-10-12-12-14-11-10-10-14-6-3	14-6-9-11-10-10-7-11-12-10-12-12
87	10	9-9-9-9-9-9-9-9-9-9-9-9	9-11-11-9-9-9-9-9-9-9-9-9	9-9-9-9-9-9-9-9-9-9-9-9	9-9-9-9-9-9-9-6-8-10-10-9	6-9-9-6-9-10-9-9-8-9-6-9	9-9-6-9-8-6-9-9-9-10-6-9	9-8-7-9-9-10-7-9-10-12-9-9	9-6-9-9-2-1-7-6-3-9-9-1	9-9-9-9-9-10-9-6-13-7-9-5	9-9-7-9-6-4-9-5-9-9-9-10	9-10-9-9-9-12-9-9-9-9-6-10	9-6-9-9-9-9-2-9-1-9-10-14
87	11	9-9-9-9-9-9-9-9-9-9-14-9	10-10-10-14-9-9-9-12-9-9-9-12	11-12-12-12-12-12-12-12-9-12-12-11	12-9-9-12-12-13-12-12-10-10-10-11	13-9-11-13-9-10-12-12-8-11-12-13	9-9-13-9-7-13-12-11-8-10-3-13	9-12-7-9-12-9-8-12-3-10-12-12	9-13-12-12-12-12-7-13-3-12-9-1	9-9-12-13-14-13-9-9-10-11-13-12	9-9-11-14-12-11-12-9-12-9-9-13	9-12-9-5-9-13-9-9-9-12-12-12	8-6-11-9-9-9-12-9-9-9-9-10
87	12	9-9-9-9-9-9-9-9-9-9-11-9	9-13-11-11-9-9-11-11-9-9-9-11	11-11-11-11-11-11-11-11-9-11-13-11	11-9-11-11-11-11-11-11-13-12-13-9	11-9-9-11-9-13-11-11-13-11-11-11	9-9-11-9-12-9-13-12-12-12-9-12	9-11-7-9-11-9-8-13-13-10-11-11	9-11-11-11-11-11-9-11-9-11-9-0	9-9-13-11-9-9-9-6-11-12-11-11	9-9-12-11-11-4-11-9-11-9-11-11	9-11-12-13-9-10-9-9-9-11-11-11	9-6-11-9-9-9-11-9-9-9-9-9
87	13	9-9-9-9-9-9-9-9-9-9-11-14	14-12-9-11-9-9-14-12-9-11-9-11	13-13-11-11-11-14-14-11-9-11-12-13	14-13-13-11-11-11-14-11-12-13-12-9	11-13-11-11-13-12-12-11-12-13-11-11	9-11-11-9-13-14-12-11-12-10-9-11	9-8-10-13-13-13-8-12-12-11-13-11	9-11-11-11-11-13-7-11-9-11-9-14	13-13-12-11-11-11-13-13-10-9-11-11	13-13-13-14-13-11-11-9-13-13-13-11	13-4-8-12-12-11-13-13-13-13-13-3	8-6-13-13-13-9-11-13-8-5-12-10
87	14	14-14-11-9-14-9-11-14-14-9-14-14	13-12-14-11-9-9-13-12-13-14-11-13	13-13-14-11-14-13-13-14-9-14-14-14	13-14-13-11-14-14-13-11-12-14-14-9	11-13-14-14-14-14-13-14-12-14-6-6	14-14-11-14-14-6-12-14-14-14-14-13	9-14-14-9-13-14-4-12-14-14-13-11	14-11-11-9-11-13-7-11-9-14-9-14	9-14-14-14-11-14-14-13-14-9-11-11	13-14-14-14-14-11-11-9-9-14-14-14	9-4-8-5-12-9-14-14-14-14-14-3	9-14-14-13-8-14-14-9-14-14-14-10
88	0	0-0-0-0-0-0-0-0-0-0-0-0	0-0-0-0-0-0-0-0-0-0-0-0	0-0-0-0-0-0-0-0-0-0-0-0	0-0-0-0-0-0-0-0-0-0-0-0	0-0-0-0-0-0-0-0-0-0-0-0	0-0-0-0-0-0-0-0-0-0-0-0	0-0-0-0-0-0-0-0-0-0-0-0	0-0-0-0-0-0-0-0-0-0-0-0	0-0-0-0-0-0-0-0-0-0-0-0	0-0-0-0-0-0-0-0-0-0-0-0	0-0-0-0-0-0-0-0-0-0-0-0	0-0-0-0-0-0-0-0-0-0-0-0
88	1	1-1-1-1-1-1-1-1-1-2-1-1	2-1-1-0-2-2-2-3-2-1-1-1	1-2-2-2-2-2-2-0-2-1-3-0	2-2-2-2-1-0-3-1-2-2-2-0	1-0-1-2-0-1-2-0-1-2-2-0	10-2-2-1-1-2-1-3-1-1-10-2	1-1-2-1-1-1-1-2-2-1-0-1	1-1-2-1-1-2-2-1-1-1-2-2	1-2-1-1-1-2-10-0-2-2-1-2	2-10-2-2-2-2-2-2-2-2-5-1	1-2-2-5-1-2-1-1-1-2-2-1	2-1-1-1-2-9-1-12-1-1-2-3
88	2	1-1-1-1-1-1-1-1-1-1-1-1	1-1-1-2-1-1-1-1-1-1-3-3	4-3-1-3-4-3-3-3-1-2-1-3	1-1-1-1-2-3-1-6-3-1-3-4	4-0-6-4-0-3-3-3-1-1-1-5	3-1-1-1-1-5-3-2-1-1-3-3	2-4-1-0-2-1-2-1-1-2-0-2	1-2-3-3-2-1-1-3-2-1-1-1	0-1-1-1-3-1-1-3-1-1-3-1	1-3-1-1-3-3-1-1-1-1-1-3	0-1-1-0-1-1-0-1-0-1-1-2	1-2-2-1-1-1-4-0-3-1-1-1
88	3	1-1-1-1-1-1-1-1-1-1-1-3	1-1-1-2-1-1-4-4-3-4-2-4	2-2-4-2-2-8-2-2-1-5-4-2	4-4-4-4-2-5-1-2-2-3-2-2	2-0-2-2-4-2-4-2-3-1-5-2	8-5-5-1-1-5-4-1-3-3-8-2	2-2-1-3-4-1-4-2-3-1-3-6	1-2-2-4-3-1-3-5-6-1-5-1	3-7-6-3-2-5-3-4-1-3-2-3	4-2-1-1-2-2-4-1-1-4-3-2	8-1-1-0-3-3-1-3-6-4-1-3	3-3-5-4-1-1-5-3-1-1-1-1
88	4	4-4-4-4-1-4-4-4-4-4-1-4	3-4-5-2-1-1-3-5-3-3-2-5	2-3-3-2-2-3-5-6-1-6-5-5	3-3-3-3-3-3-5-2-5-5-6-2	2-0-2-2-3-6-3-4-3-6-6-2	1-3-3-1-2-1-5-5-3-4-4-4	2-2-1-3-3-6-3-5-4-4-3-3	5-2-2-3-4-1-4-3-5-5-3-1	4-1-3-3-4-1-1-3-1-3-5-1	3-2-4-6-1-4-5-4-1-3-1-2	1-3-8-1-5-1-0-3-3-5-3-5	1-3-3-3-1-1-2-1-8-1-1-1
88	5	5-1-5-5-1-5-5-5-6-5-1-5	1-6-4-2-6-1-1-7-3-3-6-4	2-5-5-4-6-3-4-5-6-3-6-4	3-3-6-6-2-3-4-2-6-4-4-2	2-0-2-2-3-4-5-5-6-1-3-2	2-3-3-1-5-2-6-4-5-5-6-4	2-2-1-3-3-5-6-6-5-5-0-4	4-2-2-3-3-1-7-3-4-4-3-1	6-1-4-3-5-3-1-3-5-5-4-6	1-1-5-4-5-5-4-6-1-1-7-2	3-1-6-1-4-9-0-3-1-4-3-4	1-3-3-8-1-1-3-1-6-1-6-6
88	6	5-4-5-5-6-7-6-1-5-6-1-7	7-4-4-2-5-7-4-5-7-7-6-8	2-6-7-2-5-9-7-7-5-4-5-6	7-3-5-7-2-3-7-2-5-4-4-2	7-0-2-9-3-4-7-5-5-6-4-2	3-3-7-1-5-3-5-6-5-6-5-7	2-2-1-0-3-4-5-5-5-5-7-3	4-2-2-3-6-1-5-3-3-4-3-1	5-1-3-6-5-6-8-7-8-8-6-6	1-2-6-4-8-13-6-5-1-3-1-2	6-9-5-0-5-7-1-3-3-7-8-3	6-8-6-6-1-1-6-7-4-6-5-5
88	7	8-10-5-7-7-6-5-9-5-8-7-6	6-4-4-2-5-6-8-8-6-6-6-6	3-8-9-8-6-9-8-9-9-9-8-8	6-5-7-6-11-9-5-6-6-9-4-6	6-5-4-8-3-4-6-5-8-8-6-7	3-4-8-8-7-1-5-6-7-7-5-7	2-8-9-3-3-7-5-5-7-11-7-8	1-7-2-3-6-1-5-3-3-7-8-1	7-3-3-3-3-6-1-6-6-9-7-6	7-2-6-6-8-13-8-7-7-3-3-2	3-6-8-0-5-6-7-3-3-6-6-3	6-3-6-6-1-1-8-6-4-1-5-7
88	8	7-7-8-8-8-7-8-8-8-7-7-8	8-4-4-2-8-6-7-7-7-6-9-6	9-7-9-7-9-3-9-7-7-7-7-7	9-9-9-11-9-9-7-10-6-7-4-9	12-0-9-7-3-4-9-9-7-7-9-9	3-9-9-7-7-10-4-4-5-7-3-9	2-7-4-0-9-8-5-9-7-13-9-8	7-9-2-9-9-8-5-9-3-13-8-1	8-1-3-9-8-6-3-9-6-6-8-6	9-9-8-4-9-6-9-5-9-1-8-8	3-6-4-0-5-8-9-8-9-8-6-10	6-6-8-9-8-6-7-1-4-8-1-5
88	9	9-9-9-9-9-9-10-9-11-10-10-10	9-10-9-8-10-6-8-7-10-11-8-10	8-9-8-7-8-10-8-9-7-7-10-8	8-8-8-8-8-8-10-8-10-7-9-8	8-0-8-6-3-10-10-8-10-7-8-8	9-8-8-7-9-8-10-9-9-9-9-8	2-10-7-9-9-9-13-8-7-12-8-3	9-8-13-8-8-8-12-8-3-9-8-1	9-1-3-8-5-6-1-8-6-7-5-12	8-8-9-9-8-9-8-5-8-1-8-8	0-13-7-9-7-9-8-10-13-8-6-8	1-8-6-8-1-1-10-1-12-8-9-13
88	10	9-9-11-11-9-9-9-13-9-11-9-11	12-9-9-10-9-11-11-13-9-9-11-13	12-10-11-7-10-11-11-11-11-10-9-11	11-10-11-8-8-11-9-8-9-9-10-10	8-11-11-10-12-9-11-11-9-10-10-10	11-10-9-10-10-13-9-9-7-7-1-10	10-9-8-11-10-8-5-11-7-8-11-1	12-8-12-9-9-12-9-8-3-10-10-11	10-12-11-8-8-6-1-11-6-12-8-6	11-1-8-10-9-6-11-5-12-12-11-2	11-9-5-9-7-12-12-10-11-8-6-8	10-6-10-10-11-9-9-13-1-12-1-9
88	11	11-12-11-11-11-9-11-11-9-10-11-11	12-12-11-10-13-10-10-10-9-9-10-10	10-10-10-12-8-10-10-10-10-12-12-10	10-10-10-8-8-10-12-8-12-12-11-10	8-10-10-6-10-11-12-10-12-7-8-10	10-8-8-10-10-10-12-11-11-11-1-11	10-12-7-10-10-11-12-12-11-11-10-12	1-8-10-9-11-10-11-8-3-11-10-10	10-10-9-10-10-8-10-12-13-10-11-13	10-9-9-11-11-8-10-7-11-10-10-2	10-11-11-12-12-10-10-10-10-3-6-8	11-3-10-10-10-9-9-11-9-11-11-11
88	12	11-11-13-13-12-11-13-13-13-13-13-11	13-11-9-10-11-13-13-10-12-12-13-10	10-10-13-13-8-13-13-10-13-11-11-12	12-10-12-13-12-10-11-8-11-11-12-12	8-10-13-7-10-11-13-12-11-7-12-8	6-8-8-12-12-10-11-10-11-7-5-13	13-11-8-12-11-8-11-11-7-8-12-11	10-8-10-12-12-10-9-12-12-10-12-10	10-10-12-12-12-6-12-11-7-12-12-9	12-12-12-11-12-12-11-7-10-10-12-12	10-11-12-11-11-10-10-12-12-12-6-12	12-12-10-12-12-1-12-1-9-10-1-9
88	13	13-13-13-13-13-13-12-13-13-13-13-13	12-11-13-10-13-12-12-10-12-13-12-10	11-13-13-12-13-12-13-13-12-13-13-13	13-13-13-13-13-13-11-8-13-13-13-10	13-10-13-13-10-13-12-13-11-13-8-8	13-13-13-13-13-10-13-13-13-13-13-12	12-13-13-13-11-13-9-13-13-8-10-13	13-13-9-13-13-10-9-8-12-13-9-10	10-13-3-13-8-13-13-5-13-13-12-9	12-13-13-13-13-6-13-9-13-13-10-13	10-9-13-11-7-3-10-13-13-13-13-13	13-13-13-13-13-13-13-10-13-13-13-9
89	0	0-0-0-0-0-0-0-0-0-0-0-0	0-0-0-0-0-0-0-0-0-0-0-0	0-0-0-0-0-0-0-0-0-0-0-0	0-0-0-0-0-0-0-0-0-0-0-0	0-0-0-0-0-0-0-0-0-0-0-0	0-0-0-0-0-0-0-0-0-0-0-0	0-0-0-0-0-0-0-0-0-0-0-0	0-0-0-0-0-0-0-0-0-0-0-0	0-0-0-0-0-0-0-0-0-0-0-0	0-0-0-0-0-0-0-0-0-0-0-0	0-0-0-0-0-0-0-0-0-0-0-0	0-0-0-0-0-0-0-0-0-0-0-0
89	1	1-1-1-1-1-1-1-1-1-1-1-1	1-1-0-2-0-0-0-0-1-1-1-0	3-2-2-1-1-2-2-0-0-0-0-1	2-0-2-2-1-2-0-4-1-0-2-0	2-0-3-3-1-1-2-2-1-1-2-2	1-0-1-1-1-0-1-2-1-1-9-1	1-1-1-0-1-1-1-2-1-1-1-2	1-1-1-1-1-0-1-1-1-0-1-0	0-0-1-1-2-1-0-2-1-1-1-1	1-1-0-0-1-2-1-1-4-0-0-1	0-1-0-0-2-0-0-0-0-1-1-1	0-1-4-1-0-1-1-0-2-2-1-1
89	2	2-2-1-2-2-2-2-2-2-2-2-2	3-2-2-1-2-2-3-2-2-3-2-2	5-3-1-1-1-7-3-3-2-2-3-3	4-3-3-3-1-4-3-1-1-2-1-0	1-2-1-1-3-1-3-3-2-2-4-4	1-4-4-3-2-4-3-1-2-2-10-2	1-2-2-2-3-2-2-3-2-3-1-5	2-1-1-3-2-2-2-6-5-0-2-0	2-3-2-2-1-2-2-3-1-2-1-1	3-2-2-2-1-1-1-2-0-3-2-1	2-3-2-0-3-2-0-2-5-3-2-2	2-2-2-3-2-2-2-0-1-3-1-1
89	3	3-3-3-3-3-3-3-3-3-3-3-3	2-3-3-1-2-3-2-4-2-2-4-4	1-2-2-4-1-2-4-5-2-5-4-4	2-2-2-2-1-1-4-1-4-4-5-0	1-6-1-1-2-5-2-2-2-6-5-2	1-2-2-2-2-2-4-4-2-3-1-3	1-1-4-2-2-3-2-2-3-3-1-1	4-1-1-2-3-3-3-2-4-3-2-0	3-2-2-2-3-2-0-2-4-3-4-2	2-1-3-5-6-3-4-2-0-2-0-4	3-2-7-3-4-3-0-2-2-4-2-4	5-2-1-2-0-3-1-3-7-2-3-2
89	4	4-4-4-4-4-4-4-4-5-4-4-4	5-3-3-1-4-5-6-3-2-2-5-3	0-4-2-3-5-2-3-2-5-2-5-3	2-6-5-5-1-2-4-1-5-3-3-0	1-0-1-4-2-3-4-5-5-1-2-2	1-2-2-2-4-2-5-3-4-4-5-2	1-1-3-0-2-4-4-5-4-4-1-2	3-1-1-3-2-0-6-2-3-3-2-0	5-2-2-2-4-2-0-2-3-4-3-3	11-1-4-3-4-4-3-5-1-0-0-1	0-2-5-8-3-3-0-11-0-3-2-3	0-2-1-2-11-4-1-3-3-3-5-5
89	5	4-3-4-5-5-5-4-5-4-5-5-6	4-4-3-6-5-5-3-5-6-8-5-7	2-5-6-6-6-5-6-6-4-3-4-5	6-6-4-6-1-2-6-1-4-3-3-6	6-6-1-8-2-3-6-4-4-5-3-2	2-2-6-2-4-2-4-5-4-5-4-6	1-1-4-0-2-3-4-4-4-4-1-2	3-1-1-6-5-0-4-2-2-4-6-0	4-2-2-5-2-7-0-6-7-7-9-7	12-2-5-3-7-12-5-4-0-0-2-1	5-7-4-4-4-6-0-2-2-2-7-2	5-7-5-2-2-5-5-5-3-5-4-4
89	6	6-7-4-6-6-6-4-6-4-6-6-5	5-4-3-5-4-5-7-7-5-5-6-5	2-7-8-7-5-5-7-5-8-7-8-7	5-6-6-5-8-8-5-5-5-8-9-5	5-3-1-7-2-3-5-4-7-7-5-6	2-2-7-7-6-0-4-5-6-6-4-6	1-6-6-2-2-6-6-4-6-9-1-5	3-6-7-5-5-7-4-2-2-6-7-0	2-2-2-2-2-5-2-5-5-8-6-5	6-2-6-3-7-5-4-6-6-0-2-6	5-5-8-4-4-5-6-2-2-2-5-2	5-2-5-5-5-5-6-5-3-5-4-4
89	7	4-6-7-7-7-4-7-7-8-5-6-7	8-3-3-9-7-5-6-6-8-5-8-5	8-8-8-6-8-2-8-6-6-6-6-6	8-2-8-8-9-9-5-9-5-3-3-7	8-0-8-6-2-3-8-8-5-6-8-8	2-8-8-6-6-8-3-5-4-6-2-8	1-6-6-0-7-7-5-8-6-7-8-8	6-7-8-8-5-7-4-7-2-6-7-0	7-2-2-8-7-5-5-8-5-5-7-5	8-2-7-3-8-5-8-4-8-0-7-7	2-5-3-4-4-7-0-7-2-7-5-8	5-5-5-2-2-5-6-0-3-7-4-4
89	8	10-8-8-8-8-8-8-8-8-9-9-10	7-9-9-7-9-9-6-9-5-10-7-10	7-7-7-6-7-7-7-9-6-10-9-7	7-8-7-7-6-6-10-7-9-9-8-0	7-0-7-7-11-9-7-7-9-6-7-7	2-7-7-6-8-7-9-8-8-8-4-7	2-8-8-0-12-8-9-7-6-8-7-7	8-7-11-7-9-7-10-10-2-8-0-0	3-8-2-7-4-5-0-7-5-6-6-10	7-2-8-8-7-10-7-9-7-11-7-8	12-5-8-11-11-0-0-2-11-2-5-7	5-7-5-2-11-8-6-3-8-11-4-12
89	9	9-9-8-8-8-11-8-8-10-8-8-8	12-8-8-9-8-8-10-8-5-8-10-8	10-10-10-6-7-10-7-10-10-8-8-9	10-10-10-10-7-7-9-7-8-8-9-10	7-10-9-5-10-8-10-6-8-6-9-9	1-7-8-9-9-10-8-8-6-8-1-7	9-8-8-2-9-7-10-8-6-6-10-10	10-7-10-8-8-10-8-7-2-9-9-10	10-10-12-7-10-5-10-9-5-10-5-5	10-10-7-9-10-8-8-8-10-10-10-7	10-9-10-10-6-10-10-10-9-7-5-7	10-5-9-10-11-8-6-12-3-10-4-8
89	10	8-10-12-12-12-8-6-10-9-10-11-8	9-8-8-10-8-11-9-11-12-8-9-8	9-9-9-6-10-9-11-9-9-8-10-10	9-9-9-9-11-11-8-11-11-11-11-9	11-9-11-11-9-10-11-10-10-6-10-7	11-11-11-10-9-9-10-10-9-8-2-12	10-11-8-10-9-7-9-11-6-6-9-11	9-7-9-10-10-9-8-8-12-9-9-9	9-9-9-11-12-10-11-10-5-9-10-5	9-9-10-9-9-8-3-8-9-9-9-11	9-11-9-8-10-10-9-9-0-2-5-10	9-8-9-10-12-8-10-0-3-9-10-10
89	11	11-12-8-12-8-11-11-10-10-11-10-12	12-8-8-11-12-10-12-10-12-8-12-12	10-12-12-11-10-11-10-10-11-12-10-11	12-11-12-11-10-10-11-10-10-10-10-9	10-12-10-10-12-10-12-10-11-11-10-11	10-10-10-11-9-10-10-10-11-8-0-11	11-10-11-10-11-11-10-10-11-6-9-10	2-7-8-10-10-12-8-8-10-9-9-9	9-9-9-10-10-10-10-10-5-9-10-10	4-5-11-12-11-10-3-8-9-10-9-10	11-10-9-8-8-11-9-11-8-11-11-11	11-8-9-10-9-8-10-0-11-8-10-12
89	12	12-12-12-12-12-12-11-12-12-12-12-12	11-8-12-11-12-11-11-11-10-12-9-11	11-11-11-11-12-12-12-12-11-12-12-11	11-12-11-12-12-12-11-12-12-12-12-9	10-11-12-12-11-12-11-12-12-12-1-7	12-12-10-10-12-9-12-12-12-12-12-10	10-12-12-12-11-12-5-11-12-12-10-11	12-12-8-12-12-9-12-10-10-7-11-9	11-9-9-12-10-12-12-11-12-12-10-8	11-12-12-12-12-5-12-11-12-12-10-12	9-10-12-9-6-5-9-12-12-12-12-12	12-12-12-4-12-12-12-9-12-12-12-8
90	0	0-0-0-0-0-0-0-0-0-0-0-0	0-0-0-0-0-0-0-0-0-0-0-0	0-0-0-0-0-0-0-0-0-0-0-0	0-0-0-0-0-0-0-0-0-0-0-0	0-0-0-0-0-0-0-0-0-0-0-0	0-0-0-0-0-0-0-0-0-0-0-0	0-0-0-0-0-0-0-0-0-0-0-0	0-0-0-0-0-0-0-0-0-0-0-0	0-0-0-0-0-0-0-0-0-0-0-0	0-0-0-0-0-0-0-0-0-0-0-0	0-0-0-0-0-0-0-0-0-0-0-0	0-0-0-0-0-0-0-0-0-0-0-0
90	1	1-1-1-1-1-1-1-1-1-1-1-1	1-1-2-1-1-1-2-1-1-1-1-2	1-2-2-2-2-2-2-2-2-2-2-1	2-0-2-2-2-2-0-2-1-3-2-0	2-0-1-2-0-1-1-2-0-0-2-2	1-2-2-1-2-4-1-2-1-1-8-2	3-1-1-1-0-1-1-2-1-1-1-0	2-2-1-2-1-2-1-1-1-4-2-0	0-0-0-1-1-1-5-0-2-1-2-1	2-1-1-2-2-2-1-1-1-0-0-2	0-1-1-0-2-1-0-1-0-1-1-1	0-1-1-1-2-1-1-0-0-0-2-1
90	2	2-2-1-2-2-1-2-1-1-2-2-1	1-2-1-0-2-1-1-3-2-3-1-2	0-1-1-1-1-6-1-1-1-3-1-3	3-3-1-1-1-3-3-1-1-1-3-0	1-5-1-1-3-2-3-3-2-2-4-1	3-3-4-3-1-1-3-1-2-2-2-1	2-2-2-2-3-1-2-2-2-1-2-3	2-1-2-3-6-1-2-3-2-0-3-0	2-5-2-2-1-2-2-2-1-2-1-2	3-2-2-1-1-1-4-2-1-3-2-1	2-2-2-0-2-2-0-2-5-4-2-2	2-2-5-3-1-2-3-2-2-0-1-2
90	3	3-3-3-3-3-3-3-3-3-3-3-4	1-4-4-3-4-4-1-2-3-2-1-4	1-3-1-1-1-2-4-5-4-2-4-4	2-2-4-1-1-2-2-1-4-1-2-0	1-0-1-1-2-4-2-2-2-2-2-2	2-2-2-2-2-1-4-3-3-3-5-3	4-1-3-2-2-3-3-4-3-4-1-2	3-3-2-2-3-1-3-2-2-3-2-0	3-0-2-2-3-2-0-2-4-2-1-2	2-2-3-4-2-4-2-2-1-2-4-4	6-2-4-4-5-2-0-4-2-2-3-2	3-2-1-4-4-5-4-5-10-3-3-3
90	4	4-4-4-4-4-3-4-4-4-5-4-4	3-6-3-3-3-4-3-4-2-4-1-5	1-4-1-1-1-2-5-4-3-2-5-5	2-6-5-5-2-2-3-1-3-6-2-0	1-0-0-4-2-3-5-4-5-0-15-1	2-2-2-2-4-1-5-5-4-4-5-1	3-1-3-0-2-3-6-3-4-3-1-2	3-5-2-3-3-0-4-2-2-4-2-0	3-0-2-2-4-2-0-2-3-5-5-6	3-3-4-3-1-3-2-4-3-0-3-3	0-4-6-8-6-4-0-3-0-2-3-4	4-2-2-3-3-2-3-7-6-6-5-3
90	5	4-5-4-5-5-3-5-3-5-5-4-5	7-3-3-7-3-4-6-6-6-4-7-4	2-5-5-7-6-8-4-6-6-6-4-6	6-6-4-6-11-7-4-7-6-4-6-7	7-2-1-6-2-3-6-6-6-7-8-11	6-5-6-6-5-1-4-4-4-4-4-6	6-6-3-2-2-5-4-6-5-5-6-6	4-5-7-4-5-1-5-2-2-4-5-0	2-2-2-2-2-6-1-5-5-4-4-6	6-2-5-6-6-5-6-4-1-2-4-1	3-6-15-1-6-4-1-2-2-2-6-2	4-2-2-3-3-3-6-5-7-3-6-5
90	6	7-6-5-4-6-7-7-7-7-4-7-4	5-4-3-5-4-4-5-5-7-4-7-7	0-7-8-5-5-2-7-7-7-5-7-7	7-7-7-5-5-7-7-1-5-4-7-7	5-0-7-5-2-3-7-7-5-8-7-7	5-7-5-7-5-8-4-4-6-4-6-7	5-7-3-7-7-6-4-7-5-8-7-5	2-7-2-7-2-6-3-6-2-7-6-2	7-7-15-7-6-5-7-7-5-7-8-5	5-7-8-5-7-4-5-4-1-7-6-1	3-5-7-0-5-8-0-7-7-8-5-2	6-6-6-6-6-6-5-3-4-6-5-5
90	7	7-7-7-7-7-7-7-7-7-8-6-7	5-4-8-5-8-5-6-8-6-8-6-9	0-6-6-5-8-8-6-6-6-8-8-6	6-6-6-5-5-6-6-5-8-9-7-6	5-0-6-5-7-8-6-6-7-5-6-6	8-6-5-6-9-6-8-7-7-7-12-6	6-6-7-7-15-3-8-8-5-7-6-4	7-6-5-8-7-6-11-9-2-7-6-0	6-7-2-6-7-6-6-6-6-6-7-12	8-6-7-8-6-4-6-8-1-6-6-6	8-8-7-8-12-4-0-6-6-2-8-2	6-2-6-6-6-6-7-11-8-9-12-8
90	8	8-8-7-7-8-7-7-7-8-8-7-7	9-4-7-10-7-10-9-9-11-7-11-8	9-9-6-6-7-7-7-9-8-7-7-6	9-9-9-5-5-9-8-5-7-9-7-15	5-13-11-5-9-7-9-6-10-6-6-10	11-8-7-8-11-6-7-8-7-4-11-6	8-9-7-11-8-8-4-7-9-6-11-12	12-7-12-7-7-11-7-6-8-8-9-12	8-8-9-11-6-11-13-12-5-8-7-8	7-9-6-10-9-4-5-7-14-14-12-1	12-7-8-8-5-8-8-12-11-12-7-8	8-2-8-6-8-6-5-8-8-8-7-7
90	9	12-11-11-11-9-9-10-10-11-11-10-9	11-4-3-10-11-10-8-8-11-10-11-11	8-8-10-10-7-10-9-8-10-10-9-9	8-8-10-10-10-8-10-10-10-9-10-8	11-8-13-5-8-9-8-10-8-6-11-10	10-10-7-10-8-10-8-11-10-9-1-8	11-13-9-10-8-10-8-8-14-10-15-8	8-10-8-10-11-10-7-7-7-11-8-8	8-8-8-8-10-9-10-11-5-10-10-10	10-11-6-8-10-15-5-10-9-8-8-11	8-15-10-11-14-11-8-11-8-10-7-6	8-9-9-10-11-6-12-8-13-8-10-13
90	10	11-9-9-9-9-11-9-9-9-9-9-9	9-4-3-9-9-9-8-11-9-9-9-11	8-11-11-9-10-9-11-10-9-10-13-10	11-11-9-9-9-11-9-9-9-9-10-12	9-8-9-5-11-9-11-9-8-10-10-8	9-9-5-9-8-12-8-8-9-9-1-10	10-9-9-9-8-9-4-11-9-9-11-12	8-9-8-9-9-11-7-11-9-8-10-8	8-8-11-8-11-9-9-12-5-9-9-9	9-9-6-8-9-9-5-9-9-9-8-9	14-9-9-10-5-9-8-14-8-9-7-2	8-6-8-9-12-6-9-14-11-12-9-7
90	11	10-11-11-11-11-13-11-9-9-9-11-11	9-12-12-9-9-9-8-10-9-9-8-10	10-10-10-13-10-10-10-10-9-10-12-12	10-10-11-9-5-10-12-5-12-12-11-8	9-8-8-5-10-12-10-9-12-10-9-5	8-9-6-9-11-10-12-11-11-11-8-11	9-12-11-8-10-11-15-10-11-11-10-8	8-9-8-9-9-10-12-10-2-9-8-8	8-8-14-8-10-9-9-10-15-9-9-12	12-9-6-14-9-9-6-9-13-8-8-12	8-12-12-9-9-9-8-8-8-8-13-2	12-6-8-6-10-6-9-7-14-10-9-3
90	12	9-15-12-13-13-13-9-11-13-9-13-9	9-11-11-13-11-11-13-15-9-11-13-10	13-11-10-13-13-12-13-10-9-11-11-11	12-10-13-12-13-13-11-12-11-11-11-10	13-8-12-13-8-11-13-13-11-14-12-12	13-13-13-10-12-10-11-13-11-4-2-12	12-11-7-8-13-10-13-13-5-11-13-13	8-12-8-13-13-9-11-14-13-10-13-8	8-8-13-13-15-9-9-13-13-12-13-11	11-13-6-13-13-9-13-12-8-8-8-14	8-11-11-9-9-9-8-8-8-13-11-12	11-3-8-6-10-6-9-7-11-10-7-9
90	13	13-13-13-13-13-13-13-13-13-9-11-11	14-14-11-12-13-14-12-12-9-13-12-14	12-15-10-12-12-13-12-14-14-13-14-14	12-14-14-12-12-12-15-12-13-13-14-8	12-8-9-12-10-14-14-12-14-12-12-12	13-13-12-10-14-10-14-12-13-13-5-12	14-14-13-13-14-13-14-12-13-13-12-14	13-12-12-12-12-10-13-13-12-9-12-8	8-8-12-12-13-13-9-12-12-13-12-14	9-12-13-12-12-9-14-14-11-8-12-12	10-12-14-14-13-9-8-14-8-12-14-12	11-13-8-6-10-6-12-15-14-10-9-13
90	14	13-14-14-15-14-15-15-9-14-15-15-15	13-13-13-15-13-13-13-15-9-12-12-15	12-14-12-15-13-15-13-13-15-14-13-15	15-13-13-14-12-14-13-12-13-13-13-8	9-8-15-12-8-13-13-12-13-12-14-14	13-14-14-9-14-15-13-14-13-13-13-15	13-11-13-13-13-9-13-14-9-15-10-14	8-12-8-12-14-9-11-12-14-8-14-8	8-8-11-12-14-9-9-14-11-13-14-13	11-14-6-11-8-14-13-13-8-8-8-12	8-14-13-13-5-14-8-13-8-14-14-14	11-14-14-6-10-6-9-13-13-10-7-13
90	15	15-15-15-15-15-15-12-15-15-15-15-15	13-13-15-14-15-13-14-14-10-15-12-14	13-13-15-12-15-14-15-15-14-15-15-14	14-15-15-14-15-15-13-15-15-15-15-8	9-8-15-15-15-15-14-15-11-15-4-14	15-15-14-15-15-14-15-15-15-15-15-14	12-15-15-15-7-15-11-14-15-15-9-14	15-12-12-15-15-9-7-12-12-15-14-8	14-15-6-15-12-15-15-14-11-9-14-11	11-15-15-11-15-9-15-9-15-15-15-15	10-9-13-13-5-8-8-15-15-15-15-15	15-15-15-8-14-15-15-8-15-15-15-3
91	0	0-0-0-0-0-0-0-0-0-0-0-0	0-0-0-0-0-0-0-0-0-0-0-0	0-0-0-0-0-0-0-0-0-0-0-0	0-0-0-0-0-0-0-0-0-0-0-0	0-0-0-0-0-0-0-0-0-0-0-0	0-0-0-0-0-0-0-0-0-0-0-0	0-0-0-0-0-0-0-0-0-0-0-0	0-0-0-0-0-0-0-0-0-0-0-0	0-0-0-0-0-0-0-0-0-0-0-0	0-0-0-0-0-0-0-0-0-0-0-0	0-0-0-0-0-0-0-0-0-0-0-0	0-0-0-0-0-0-0-0-0-0-0-0
91	1	1-1-1-1-1-0-1-1-1-1-1-1	1-1-1-1-0-1-0-0-1-0-2-0	0-1-2-2-2-0-2-0-0-1-0-2	2-0-0-3-2-2-0-4-1-0-2-0	2-0-5-2-0-1-2-2-1-1-3-2	2-2-1-0-1-3-1-1-1-1-3-0	2-1-1-0-1-1-1-2-1-1-2-2	1-1-1-1-1-0-1-1-1-0-2-0	1-0-1-1-2-1-0-1-1-1-1-1	1-1-1-0-2-2-1-1-4-0-2-1	0-1-1-0-1-1-0-1-0-1-1-1	0-1-1-1-2-1-1-0-2-2-2-1
91	2	2-2-2-2-2-2-2-2-2-2-2-2	3-2-2-1-2-2-3-2-2-3-1-3	0-3-1-1-1-7-3-3-1-4-3-1	4-3-3-1-1-1-2-1-1-2-1-0	1-2-1-1-3-1-3-1-2-2-4-1	1-3-4-0-2-1-3-1-2-2-7-2	4-2-2-2-3-2-2-3-2-2-1-1	2-1-1-3-4-3-3-6-5-0-4-0	2-6-2-2-1-2-2-3-1-2-1-2	3-2-2-2-1-1-1-2-3-5-1-1	2-1-2-0-3-2-0-2-3-3-2-2	2-2-4-3-2-2-2-2-1-3-1-1
91	3	3-3-3-3-3-3-3-3-3-3-3-3	2-3-3-1-2-3-2-4-2-2-1-4	0-2-2-1-1-2-4-5-4-5-4-4	2-2-2-1-1-1-4-1-4-4-5-0	1-4-1-1-2-5-2-2-2-6-5-1	1-2-2-2-2-1-4-4-2-3-1-3	1-3-4-2-2-3-2-4-3-3-1-1	4-1-1-2-3-3-2-2-4-4-2-3	3-2-2-2-3-2-0-2-4-3-4-2	2-1-3-5-1-3-4-1-2-2-1-1	2-3-7-3-4-4-0-2-2-4-2-4	3-2-1-2-1-3-1-3-7-2-3-3
91	4	4-4-4-4-4-4-4-4-5-4-4-4	5-3-3-1-4-5-6-3-2-2-5-3	0-4-4-1-5-2-3-6-5-2-5-3	2-6-5-5-1-2-4-1-5-3-3-0	1-3-1-4-2-3-4-6-5-6-2-1	1-2-2-0-4-1-5-3-4-4-5-2	2-3-3-2-2-4-4-5-4-4-1-4	3-1-1-3-2-2-6-2-3-3-2-0	5-2-3-2-4-2-3-2-3-8-3-5	2-1-4-3-4-4-3-5-1-2-6-1	2-3-3-5-3-3-0-3-2-3-2-3	4-2-10-7-1-4-1-3-3-10-5-5
91	5	4-3-4-5-5-5-4-5-4-5-5-6	4-4-3-1-5-5-7-4-6-6-5-7	2-5-6-1-6-6-6-6-4-3-4-5	6-6-4-6-1-2-6-1-4-3-3-6	6-3-1-8-2-3-6-4-4-5-3-1	2-2-6-0-4-1-4-5-4-5-4-6	2-7-4-2-2-3-4-4-4-4-1-6	3-1-2-2-5-5-4-2-2-4-6-5	4-2-2-5-0-6-7-6-7-7-5-7	5-2-5-3-1-15-4-4-1-2-2-1	5-7-5-4-4-6-6-5-2-2-7-2	5-7-5-6-5-5-5-5-3-5-4-4
91	6	6-7-4-6-6-6-4-6-4-8-8-5	5-4-3-5-4-5-7-7-5-5-8-5	0-7-8-7-5-9-7-9-8-7-7-7	5-6-6-5-8-9-4-5-5-7-3-5	5-3-1-7-2-3-5-4-7-9-5-6	2-5-7-7-6-1-4-5-6-6-4-5	2-7-6-2-2-6-6-4-6-10-6-5	3-6-8-5-5-0-4-2-2-6-7-0	6-2-2-2-2-5-5-5-5-8-6-5	6-2-6-3-7-5-7-6-6-2-4-1	5-5-8-0-4-5-6-2-2-5-5-2	5-2-5-5-5-5-7-5-3-5-4-4
91	7	4-6-7-7-7-4-7-7-8-5-8-7	8-3-3-8-7-5-6-6-8-8-8-5	8-8-8-6-8-2-8-8-8-6-6-6	8-8-8-8-11-8-6-12-5-9-3-7	9-7-8-6-2-3-8-8-5-6-11-8	2-8-8-6-6-8-3-4-4-6-2-9	8-6-3-0-8-7-5-8-6-7-8-9	7-11-8-8-8-12-4-8-2-6-7-2	7-2-5-8-7-5-5-8-5-5-7-5	8-8-7-3-8-5-6-4-8-8-8-7	2-5-3-4-4-7-9-8-8-7-5-8	5-5-7-4-8-5-6-5-3-9-4-4
91	8	8-8-8-9-8-9-8-8-7-8-8-8	7-10-8-7-8-5-6-9-7-9-7-10	7-7-7-6-7-9-9-7-9-10-9-7	7-8-7-7-6-7-9-7-9-8-9-7	7-0-7-7-2-8-7-7-9-6-7-7	2-7-9-6-8-7-9-8-8-8-4-7	7-8-8-0-9-8-5-7-6-6-7-7	8-9-9-7-7-7-8-7-2-8-7-0	7-8-9-7-8-5-0-7-12-6-4-12	7-7-8-8-7-7-9-4-7-2-7-8	9-5-9-14-6-8-9-8-7-10-5-7	9-7-5-7-7-9-9-8-8-7-4-4
91	9	9-9-9-9-9-8-9-8-9-9-8-9	11-10-10-9-13-12-10-11-9-11-7-10	7-9-7-6-7-10-8-6-8-10-11-9	10-9-8-10-7-7-8-7-10-7-10-7	7-0-0-7-2-8-9-9-10-6-7-7	1-7-8-6-11-7-10-8-9-9-9-7	2-10-9-0-8-7-9-8-6-6-10-10	8-8-8-8-8-7-8-7-2-11-9-14	3-10-8-7-9-5-10-7-5-13-10-12	9-11-8-11-11-11-10-12-8-10-10-10	8-8-8-9-10-10-8-8-7-10-5-8	8-5-7-7-11-8-8-9-12-7-15-11
91	10	10-10-11-13-11-10-10-11-11-10-10-13	11-9-9-11-9-11-13-10-12-11-14-11	10-11-11-12-10-11-10-12-10-9-10-10	11-10-11-10-7-11-11-7-9-9-9-13	7-11-13-10-13-8-11-11-9-6-10-10	11-11-8-10-12-13-9-11-9-9-14-9	11-9-10-11-10-10-9-12-6-10-14-9	13-8-13-9-10-11-8-8-13-14-13-10	11-12-10-8-12-10-10-8-11-14-9-9	11-14-8-3-9-4-11-9-12-11-11-8	11-8-11-10-11-11-10-13-11-15-5-7	11-10-10-11-12-11-6-12-11-11-11-10
91	11	11-11-11-11-10-11-11-10-10-10-10-10	10-12-12-10-9-10-10-9-10-10-10-10	7-11-10-10-7-10-12-10-10-12-12-11	10-10-10-12-7-10-10-7-12-14-12-10	7-10-1-7-10-11-10-10-12-6-7-7	10-7-7-10-9-10-12-10-9-9-11-7	10-12-9-10-12-11-9-10-6-12-10-9	11-7-10-10-7-10-8-7-2-9-10-10	10-10-10-7-10-7-10-7-15-12-6-8	10-9-8-9-9-9-10-9-10-10-10-12	10-15-10-8-10-10-0-10-10-2-5-11	10-12-7-10-10-10-6-10-10-10-10-9
91	12	11-11-12-11-10-11-10-10-10-11-12-10	10-11-11-10-9-10-10-11-10-10-10-11	7-13-10-13-13-15-13-10-13-11-11-12	13-10-13-12-13-13-12-7-11-13-11-10	7-10-13-6-10-11-13-14-11-6-13-13	10-13-13-10-10-10-13-13-9-9-2-13	13-11-9-10-11-7-9-10-6-11-13-13	10-7-10-13-13-7-8-8-2-10-12-10	11-10-10-13-10-5-13-13-8-10-12-9	10-12-11-13-13-12-12-9-13-10-10-11	10-8-11-8-10-10-15-10-10-13-5-13	11-11-14-12-10-9-12-10-9-13-4-12
91	13	13-14-13-10-13-14-14-13-10-11-12-10	13-11-14-10-9-10-10-14-14-10-10-10	15-12-12-12-12-12-12-10-12-14-14-13	12-14-12-12-12-12-13-7-14-12-14-10	12-10-10-5-10-14-14-13-14-13-12-12	10-12-12-10-13-10-14-12-13-13-10-8	12-11-14-10-10-11-14-14-6-13-12-12	10-7-10-12-12-7-14-7-2-10-10-10	10-10-8-12-10-5-12-12-10-9-12-8	10-12-11-12-12-12-12-9-12-10-12-11	10-9-13-11-10-10-12-10-10-12-5-12	10-12-12-10-12-10-12-10-10-10-10-13
91	14	11-13-15-10-10-13-13-10-10-15-13-13	15-11-13-15-9-10-15-15-13-14-10-15	10-14-15-15-12-12-13-15-15-13-13-14	14-14-15-15-12-12-13-14-13-11-13-14	12-10-14-11-14-13-15-12-13-14-14-14	10-12-12-10-14-10-13-12-13-9-10-15	12-11-13-14-10-14-13-13-9-6-10-12	14-8-10-12-12-14-13-7-14-10-14-10	15-10-13-14-14-10-14-14-10-10-12-7	10-10-14-12-13-12-13-9-14-10-10-8	14-8-13-8-13-14-14-14-10-14-5-14	9-11-12-14-14-10-13-14-3-14-14-13
91	15	15-15-15-15-15-15-10-15-15-15-15-15	14-11-15-14-15-10-14-14-13-15-14-14	13-14-14-14-15-12-15-15-14-15-15-15	14-15-14-14-15-15-13-15-13-15-15-14	15-10-15-15-15-15-14-15-11-15-7-7	15-15-15-15-15-10-15-15-15-15-15-14	12-15-15-15-11-15-8-14-15-15-14-12	15-15-8-14-15-15-8-7-7-10-14-15	14-15-15-15-7-15-15-15-15-5-12-12	10-10-15-15-15-12-15-14-15-15-10-15	10-15-15-15-13-14-15-15-15-10-15-15	10-15-15-10-14-15-15-14-15-15-15-15
92	0	0-0-0-0-0-0-0-0-0-0-0-0	0-0-0-0-0-0-0-0-0-0-0-0	0-0-0-0-0-0-0-0-0-0-0-0	0-0-0-0-0-0-0-0-0-0-0-0	0-0-0-0-0-0-0-0-0-0-0-0	0-0-0-0-0-0-0-0-0-0-0-0	0-0-0-0-0-0-0-0-0-0-0-0	0-0-0-0-0-0-0-0-0-0-0-0	0-0-0-0-0-0-0-0-0-0-0-0	0-0-0-0-0-0-0-0-0-0-0-0	0-0-0-0-0-0-0-0-0-0-0-0	0-0-0-0-0-0-0-0-0-0-0-0
92	1	0-1-0-0-0-0-0-0-0-0-1-0	0-0-0-0-1-0-1-0-0-0-0-1	3-2-0-0-0-1-0-0-0-0-0-1	2-3-0-0-2-2-0-0-0-0-0-10	0-0-3-0-3-0-0-0-0-0-1-0	0-3-0-0-0-0-0-0-0-1-0-1	0-0-0-9-0-0-0-0-1-0-0-0	1-0-0-2-0-0-0-0-1-1-0-1	1-8-0-0-0-0-10-1-0-0-0-0	0-0-1-1-0-0-0-1-1-8-1-0	0-1-0-0-0-1-1-0-0-0-1-1	1-1-1-1-0-0-1-0-0-1-0-0
92	2	3-3-3-3-3-2-3-3-2-3-3-3	3-3-2-2-3-3-3-3-3-3-3-3	1-2-2-3-3-4-3-3-3-3-3-3	3-1-3-3-1-1-4-4-3-3-3-2	4-0-2-3-2-2-3-2-3-3-3-1	3-1-3-2-2-3-3-4-3-2-4-2	2-2-5-2-4-2-3-3-3-4-5-2	2-0-3-1-2-3-3-3-2-3-2-6	2-1-3-2-2-4-13-1-3-4-2-4	3-3-2-4-3-5-2-3-6-2-1-2	3-3-4-3-9-10-1-2-2-2-3-2	3-2-11-1-2-11-4-4-3-5-6-4
92	3	2-2-2-2-2-2-2-2-2-2-2-2	2-2-2-3-2-2-2-5-2-2-4-4	1-4-4-2-6-2-4-4-2-2-4-4	4-1-2-2-3-4-2-6-2-2-4-5	6-0-1-5-1-2-4-4-2-2-2-4	4-1-3-3-2-6-4-2-2-2-11-4	3-9-2-3-2-3-2-2-2-2-4-3	2-3-4-3-3-2-2-2-3-2-4-2	3-1-2-6-4-2-1-5-2-2-4-2	4-4-3-2-4-4-5-2-5-1-3-6	2-2-2-2-0-1-1-2-6-4-2-3	2-3-1-3-3-2-2-2-2-4-4-2
92	4	2-2-2-2-2-2-2-2-2-2-2-2	2-2-2-3-2-2-3-4-2-5-3-3	1-3-5-3-3-5-5-3-2-5-5-3	3-5-5-3-3-3-2-3-2-4-3-3	2-7-3-2-5-4-5-3-4-2-2-3	3-5-6-8-4-2-5-5-4-4-8-4	3-4-2-4-5-3-2-4-4-2-3-8	4-3-3-5-4-2-2-6-8-7-3-2	4-1-4-4-3-2-4-3-2-2-3-2	3-3-3-2-3-3-3-2-1-1-4-3	3-8-5-2-4-4-1-2-4-3-2-4	2-4-1-4-4-2-2-2-2-3-3-2
92	5	2-5-5-5-5-5-5-2-5-2-2-2	2-6-6-3-2-2-2-3-2-4-3-3	3-5-4-3-3-4-6-7-2-4-6-6	4-4-6-3-3-3-2-3-6-5-4-3	2-7-3-3-4-6-4-4-4-2-2-3	2-4-4-2-4-2-4-4-4-2-11-5	3-5-2-4-4-5-5-6-5-2-2-4	5-3-3-6-3-2-6-4-4-5-4-2	5-1-4-4-5-2-2-6-6-5-5-6	6-3-5-5-2-2-3-6-3-2-6-3	6-2-6-2-2-6-1-7-4-4-2-4	2-4-1-4-3-2-3-2-7-2-11-2
92	6	6-8-6-5-2-7-6-6-6-7-7-7	2-7-5-3-2-2-2-7-2-7-3-7	3-6-4-2-3-4-7-8-2-4-7-5	4-7-7-7-3-3-6-3-6-7-7-3	3-7-7-6-4-5-7-6-7-2-2-3	3-4-4-2-6-3-7-5-6-6-7-4	3-5-9-3-4-6-6-6-6-5-3-6	2-5-5-5-3-2-8-4-4-7-4-2	4-1-4-4-6-2-1-5-10-7-6-5	5-3-6-7-3-11-3-5-5-2-5-3	5-4-5-8-7-5-5-0-3-4-2-4	2-3-1-3-3-2-4-2-2-11-6-2
92	7	8-6-6-7-8-6-5-7-7-6-6-6	9-6-6-3-9-6-7-6-9-6-9-6	1-7-8-8-7-8-8-5-8-7-6-7	8-10-8-8-7-7-7-8-8-9-6-3	10-4-9-7-7-5-6-8-6-8-8-8	6-10-8-4-6-7-6-8-6-5-6-7	3-6-5-4-4-6-6-8-6-2-7-4	5-7-13-8-11-8-6-11-4-6-11-2	4-1-4-7-11-8-7-7-8-6-7-8	7-7-7-6-7-9-8-6-3-1-6-7	7-4-6-6-7-2-5-5-4-7-9-5	2-5-7-7-6-2-2-2-5-6-5-2
92	8	8-6-8-2-7-8-10-2-6-6-9-9	7-6-6-9-2-2-10-9-7-6-9-9	9-8-9-10-9-9-9-9-8-8-9-9	9-8-7-7-8-9-7-9-7-6-8-8	11-10-7-9-9-8-9-9-6-7-7-7	11-11-7-4-7-9-9-7-6-6-4-10	3-9-6-4-9-8-6-9-6-2-7-4	4-8-13-9-9-7-6-7-4-7-7-2	4-1-9-9-6-7-1-7-7-6-8-7	7-7-3-7-9-8-7-6-9-1-9-8	2-4-6-6-0-2-1-4-3-7-2-4	2-8-9-4-3-2-8-2-2-1-0-2
92	9	9-9-9-9-7-9-9-9-7-9-9-9	9-11-10-8-7-13-8-10-7-6-8-8	8-9-8-8-8-8-8-8-8-8-10-10	8-9-8-11-8-8-10-8-7-9-10-8	7-8-7-8-8-10-10-8-9-9-7-7	8-8-10-9-9-8-10-9-9-9-0-9	8-11-6-3-10-5-11-8-9-9-7-4	2-8-2-8-8-8-11-7-4-8-7-2	2-1-8-8-9-2-1-3-7-9-8-10	7-7-7-8-8-8-7-10-8-12-10-8	2-13-10-6-2-2-1-0-3-7-7-4	2-8-8-3-3-2-8-0-11-5-10-2
92	10	10-10-10-10-7-9-8-13-7-13-10-12	11-9-9-8-11-13-8-9-11-6-11-11	8-8-8-8-11-8-9-8-11-9-9-11	11-7-11-11-8-8-9-8-11-11-9-8	7-8-7-11-8-9-11-9-11-7-10-7	7-7-9-8-10-8-11-7-4-9-10-8	3-13-11-3-9-4-6-11-10-2-3-6	9-9-11-9-7-10-6-7-4-11-7-11	2-1-4-8-6-10-1-11-6-9-7-11	7-7-3-11-8-8-10-9-8-1-9-8	2-4-9-10-11-10-1-0-3-7-12-4	2-10-8-3-3-2-8-2-2-11-9-10
92	11	11-11-6-10-7-9-11-2-9-2-11-11	10-9-9-8-10-11-10-10-12-6-10-10	8-8-8-8-10-12-11-10-10-8-10-10	10-11-10-10-8-12-9-12-10-10-9-12	8-11-13-10-10-9-10-11-10-11-11-11	7-8-9-11-11-11-10-7-4-5-5-11	11-10-10-11-9-11-9-10-5-11-12-10	4-8-12-12-7-10-9-7-11-10-7-10	11-1-11-8-7-7-11-10-7-12-8-10	11-11-11-10-8-8-10-6-11-10-11-8	12-2-9-6-10-13-5-12-11-7-2-11	11-10-11-11-11-2-11-11-9-11-5-2
92	12	13-12-13-13-12-12-13-13-13-13-13-13	13-9-9-13-13-13-13-13-12-13-12-13	12-13-13-13-12-11-12-13-12-10-12-12	13-12-11-13-8-11-12-11-10-10-9-11	12-11-11-10-12-12-13-11-11-12-12-12	12-11-10-12-11-11-11-13-6-5-6-11	12-10-12-11-9-12-11-10-12-13-11-12	2-7-11-11-12-10-12-12-11-10-12-13	12-1-11-8-12-12-11-11-11-12-13-11	11-11-12-10-12-12-12-13-11-9-11-13	11-4-13-10-13-12-12-11-11-12-10-11	11-12-12-11-11-12-11-11-12-12-2-13
92	13	13-13-12-13-13-13-12-12-12-12-13-13	12-12-13-12-12-12-12-12-12-13-12-12	12-12-12-12-13-13-13-12-12-13-13-13	12-13-12-12-13-13-12-13-13-13-13-11	13-11-11-13-13-13-12-13-10-13-3-7	13-13-10-12-13-13-9-13-13-13-13-13	12-13-13-13-12-13-9-13-13-12-12-12	13-13-7-12-13-12-13-7-11-13-12-13	12-13-13-13-3-2-2-12-13-12-12-10	7-13-13-13-13-13-13-12-11-13-13-13	12-13-13-6-12-11-13-13-13-12-13-13	12-13-13-11-12-13-13-13-13-13-13-12
93	0	0-0-0-0-0-0-0-0-0-0-0-0	0-0-0-0-0-0-0-0-0-0-0-0	0-0-0-0-0-0-0-0-0-0-0-0	0-0-0-0-0-0-0-0-0-0-0-0	0-0-0-0-0-0-0-0-0-0-0-0	0-0-0-0-0-0-0-0-0-0-0-0	0-0-0-0-0-0-0-0-0-0-0-0	0-0-0-0-0-0-0-0-0-0-0-0	0-0-0-0-0-0-0-0-0-0-0-0	0-0-0-0-0-0-0-0-0-0-0-0	0-0-0-0-0-0-0-0-0-0-0-0	0-0-0-0-0-0-0-0-0-0-0-0
93	1	1-1-1-1-1-1-1-1-1-1-1-1	1-0-0-2-0-0-0-1-0-0-2-2	0-1-0-0-2-0-2-0-0-2-2-2	2-0-0-2-2-2-0-2-2-0-2-0	2-0-0-4-0-1-2-2-0-1-2-2	2-0-2-1-1-2-1-0-1-1-8-0	1-1-0-0-1-0-1-2-1-1-1-0	1-1-2-1-1-0-0-2-0-0-1-0	0-0-1-1-2-1-0-0-1-1-1-1	0-0-1-2-4-1-0-1-0-0-0-1	0-1-0-0-0-0-0-0-0-0-1-1	0-1-1-0-0-0-1-0-0-2-0-0
93	2	2-2-1-2-2-2-2-2-2-2-2-2	3-2-2-1-2-2-0-2-2-2-1-2	0-1-0-1-1-5-3-3-1-3-3-1	1-3-3-1-1-1-0-1-1-2-1-0	1-0-0-1-3-1-3-1-3-0-1-1	1-3-4-0-2-1-3-3-2-2-9-0	2-2-2-3-3-0-2-1-2-2-2-5	1-1-4-3-2-2-2-3-2-0-3-0	2-6-2-2-1-3-2-3-2-2-1-2	5-2-2-1-1-1-1-2-3-2-2-1	2-2-0-0-2-2-0-0-0-4-3-2	0-2-2-0-0-2-5-2-0-1-0-2
93	3	3-3-3-3-4-3-3-3-4-3-4-3	4-3-3-1-3-4-0-4-2-2-1-2	1-3-0-4-1-2-4-4-2-2-4-4	2-2-2-2-1-1-3-1-4-3-2-0	1-0-0-3-2-4-2-4-2-3-2-1	1-2-2-0-3-1-2-2-2-3-3-3	2-2-3-2-2-3-2-2-3-3-2-2	3-1-2-2-2-2-3-2-2-4-2-0	3-2-2-2-3-2-2-2-3-4-4-3	2-1-3-3-1-1-4-3-2-2-0-1	0-2-0-3-3-4-4-0-0-2-2-2	3-2-1-0-0-0-1-0-0-3-3-4
93	4	4-3-4-4-4-4-4-3-3-4-4-4	3-3-4-1-5-3-0-3-4-5-1-7	5-4-5-3-5-3-5-3-5-5-5-5	5-5-5-4-1-1-5-1-5-5-5-0	5-0-0-1-2-3-5-5-5-5-2-1	1-2-2-0-4-1-5-6-4-4-4-3	2-5-5-0-2-4-5-5-3-4-2-2	3-1-2-3-4-2-5-4-2-3-2-5	4-2-5-2-4-2-5-2-4-3-3-5	2-0-4-1-5-1-2-8-5-0-4-1	5-2-5-9-5-5-4-0-0-5-2-2	3-2-1-0-0-4-2-0-0-5-5-3
93	5	4-3-4-4-3-4-4-5-5-5-4-6	4-3-4-1-4-7-7-4-5-4-6-6	4-6-8-7-7-2-6-7-7-5-4-4	6-7-4-7-7-6-4-7-4-4-4-7	7-6-7-6-2-3-6-6-4-6-6-6	6-6-6-8-5-6-6-4-4-4-6-7	7-4-4-5-2-5-4-4-2-5-6-2	5-6-2-6-2-5-4-6-2-2-9-6	7-2-17-8-5-2-4-6-6-5-4-4	2-6-5-5-6-1-5-4-4-6-5-1	6-2-4-4-4-4-6-5-6-4-2-2	5-5-5-5-6-6-2-6-0-4-4-2
93	6	6-6-6-6-6-9-6-6-6-6-7-6	7-11-6-5-7-6-5-7-5-4-5-7	5-5-5-5-5-8-7-5-7-6-7-7	5-5-5-5-5-5-4-5-7-7-7-5	5-5-5-5-2-8-5-5-6-5-5-5	5-5-8-5-6-5-5-7-2-6-5-5	5-6-6-5-7-6-8-7-3-8-5-2	6-5-2-5-7-5-8-5-2-8-5-7	5-2-7-2-5-2-5-5-5-5-4-7	7-5-6-7-5-10-5-4-7-5-5-9	7-2-4-4-17-5-5-0-5-2-10-6	9-5-5-5-5-5-7-5-8-8-8-8
93	7	7-7-7-7-7-7-7-7-6-7-7-7	6-9-9-1-6-5-5-8-5-6-5-6	5-7-5-5-5-6-6-5-6-8-6-6	5-5-8-5-5-5-8-5-8-8-8-5	5-5-5-8-2-6-6-7-8-5-8-5	5-5-8-5-7-5-8-8-7-7-5-5	5-8-7-5-6-5-13-6-7-7-5-2	9-5-2-6-7-5-6-5-2-7-5-6	5-2-6-11-7-10-5-5-5-7-7-8	6-5-7-6-5-5-8-4-6-5-5-9	6-7-8-7-8-5-6-5-5-6-6-6	7-17-1-5-5-7-6-5-0-5-6-7
93	8	6-10-7-8-8-7-7-10-5-10-7-8	9-7-6-5-6-8-9-9-9-7-5-9	9-8-9-8-9-9-7-9-9-7-7-8	9-9-9-5-8-8-7-16-7-9-7-10	5-10-10-7-10-6-9-7-7-8-7-5	10-8-7-5-8-5-7-7-7-2-1-5	5-7-7-8-7-8-7-6-7-6-5-5	7-6-9-8-8-9-6-5-8-8-10-9	5-8-9-5-5-2-8-8-4-6-5-7	8-8-8-8-8-1-7-4-8-9-8-1	8-2-7-4-4-17-8-5-10-8-8-8	6-5-8-8-8-8-8-8-6-6-6-4
93	9	7-7-10-9-9-7-9-10-10-10-10-10	8-7-7-10-6-7-8-10-10-10-10-10	8-8-10-10-10-8-9-8-8-9-8-9	10-10-8-10-9-10-8-10-9-8-9-8	10-8-10-7-8-9-10-10-8-10-9-10	10-10-10-9-7-5-10-9-9-7-2-10	10-10-6-8-10-8-14-10-7-7-10-2	7-9-8-9-9-8-6-7-8-10-5-8	5-8-8-9-7-6-8-8-8-5-9-7	10-10-7-8-10-6-9-4-8-8-8-7	6-2-7-4-10-9-8-5-5-9-6-8	6-5-9-8-5-7-9-5-6-6-6-4
93	10	10-10-10-10-10-7-10-9-9-9-9-10	8-7-7-9-11-11-8-9-9-9-9-9	8-11-9-9-9-11-9-9-11-11-12-10	9-9-8-10-9-9-10-9-11-11-11-8	9-8-9-10-8-9-9-9-10-14-9-9	9-9-9-9-10-11-9-9-10-10-15-9	9-9-7-8-10-10-10-9-7-10-9-10	7-9-16-9-10-10-6-10-10-9-8-10	5-8-11-10-6-7-8-8-10-10-9-11	9-9-7-10-9-6-9-4-10-8-8-10	10-2-11-10-10-10-8-5-8-10-6-10	6-10-8-8-10-10-9-10-10-10-6-10
93	11	12-11-12-12-14-11-12-13-15-17-11-12	12-14-12-12-10-12-12-12-12-12-11-12	11-10-12-10-11-10-11-11-12-10-10-11	11-11-10-12-14-11-10-14-10-10-10-8	14-8-14-14-10-11-11-11-10-11-12-11	12-9-14-12-11-12-10-11-12-10-10-12	12-12-12-8-10-11-12-11-11-12-12-10	7-13-12-11-12-8-6-14-8-16-11-11	5-8-13-12-17-11-8-11-10-17-12-10	8-10-11-12-12-16-14-4-8-8-8-12	6-2-12-4-10-12-8-13-5-10-8-12	6-12-11-8-5-16-12-10-8-10-6-17
93	12	14-14-11-11-11-14-13-11-14-13-12-14	11-7-11-14-13-11-15-11-11-11-14-14	13-13-11-14-13-13-13-13-13-10-10-12	13-13-12-11-11-13-14-11-10-13-12-8	11-14-8-10-13-13-13-13-10-13-11-9	13-13-11-11-13-15-11-11-13-13-16-14	13-11-13-8-12-14-14-13-7-11-14-13	13-11-15-9-11-13-6-11-8-13-12-15	13-15-14-11-14-16-12-12-14-12-11-10	14-14-13-16-11-15-11-4-10-15-13-13	15-13-11-12-13-14-15-15-15-14-16-11	6-11-12-8-15-12-11-12-16-15-6-16
93	13	12-11-12-11-12-12-12-11-12-12-12-12	11-7-11-12-12-12-12-15-12-12-14-12	12-12-11-12-12-12-12-12-12-10-12-12	14-12-14-12-11-14-10-16-10-12-11-8	11-12-16-10-12-12-14-12-10-12-14-15	12-14-11-14-12-12-14-12-12-12-12-14	12-11-12-8-12-8-7-12-14-11-12-12	12-11-12-11-11-12-12-11-14-12-12-12	12-12-11-11-12-12-14-14-15-12-11-11	12-12-16-17-15-11-7-11-14-12-12-12	12-12-12-4-12-12-12-11-12-15-10-11	6-10-13-8-12-13-11-12-16-12-13-12
93	14	12-12-12-12-11-12-12-12-12-11-14-12	11-16-11-12-12-11-12-13-12-12-12-12	13-12-12-12-13-12-15-12-12-10-15-13	13-12-13-10-11-13-15-13-16-16-12-8	11-12-9-11-12-15-15-13-16-12-13-9	12-13-11-13-14-12-15-16-14-14-12-12	9-15-16-8-15-12-16-15-14-14-12-16	12-11-12-13-11-12-16-11-13-16-12-12	12-12-15-12-12-15-13-13-16-5-11-14	12-12-14-13-12-11-11-11-13-12-12-16	12-16-15-11-12-12-12-12-12-12-15-11	7-10-12-8-12-0-9-12-16-14-16-16
93	15	12-12-12-14-11-17-12-12-12-12-12-12	12-14-11-12-12-14-12-13-12-16-16-12	13-15-16-17-16-13-16-12-12-10-14-15	16-12-14-16-16-16-14-13-14-14-16-8	11-12-15-16-12-14-16-16-14-12-13-16	12-13-11-15-15-12-14-14-14-10-10-16	17-14-12-15-14-15-14-14-7-14-12-14	12-15-12-16-16-12-14-16-8-15-16-12	12-12-14-16-16-14-13-13-13-14-16-10	12-16-13-12-16-16-16-4-8-12-12-16	12-14-14-4-12-12-12-12-12-15-15-11	7-10-12-8-12-12-15-12-12-12-14-12
93	16	12-17-11-12-16-12-12-12-12-12-12-17	11-14-11-12-12-16-12-17-17-15-15-17	16-16-15-15-16-13-15-16-12-16-17-16	15-16-13-15-15-15-14-13-14-14-15-8	11-12-13-15-12-14-15-15-14-16-15-15	14-13-11-16-16-12-14-14-14-14-12-15	15-14-12-16-12-16-14-12-16-17-15-14	16-11-10-15-15-16-14-15-16-14-16-16	16-12-16-15-15-12-12-13-14-11-15-10	16-15-13-12-15-15-15-4-16-16-16-15	16-14-14-12-12-15-12-12-16-16-14-16	6-10-16-16-16-11-15-16-14-16-14-12
93	17	17-17-17-17-17-17-16-17-17-11-17-17	12-14-17-12-17-11-15-16-16-17-15-16	16-16-17-15-17-17-17-17-13-17-16-16	13-17-14-17-17-17-16-17-17-17-17-12	11-12-17-17-16-17-15-17-14-17-11-5	17-17-17-17-17-12-14-17-17-17-17-15	15-17-17-17-14-17-14-16-17-17-16-14	17-17-10-17-17-16-6-10-16-17-15-12	16-17-17-17-11-17-17-14-17-11-15-17	8-17-17-13-17-11-17-14-14-17-12-17	12-17-4-17-14-8-12-11-17-17-17-17	17-17-17-8-13-17-17-12-17-17-17-11
94	0	0-0-0-0-0-0-0-0-0-0-0-0	0-0-0-0-0-0-0-0-0-0-0-0	0-0-0-0-0-0-0-0-0-0-0-0	0-0-0-0-0-0-0-0-0-0-0-0	0-0-0-0-0-0-0-0-0-0-0-0	0-0-0-0-0-0-0-0-0-0-0-0	0-0-0-0-0-0-0-0-0-0-0-0	0-0-0-0-0-0-0-0-0-0-0-0	0-0-0-0-0-0-0-0-0-0-0-0	0-0-0-0-0-0-0-0-0-0-0-0	0-0-0-0-0-0-0-0-0-0-0-0	0-0-0-0-0-0-0-0-0-0-0-0
94	1	1-1-1-1-1-1-1-1-1-1-1-1	0-1-0-1-0-0-0-0-1-1-0-0	3-2-0-2-1-2-2-0-0-1-3-1	3-0-0-2-2-2-0-2-1-0-2-0	2-0-3-2-0-1-2-2-1-0-0-0	4-0-2-1-1-4-2-2-1-1-0-0	1-1-1-0-1-1-1-0-1-1-0-0	0-1-1-1-1-0-1-2-1-1-2-0	1-1-1-0-2-0-0-2-2-1-1-1	0-1-0-0-2-2-1-1-1-1-2-1	0-1-0-0-0-1-0-1-0-1-1-1	0-1-1-1-1-1-1-0-0-1-2-0
94	2	2-2-2-2-2-2-2-2-2-2-2-2	3-2-2-1-2-3-2-3-2-3-3-3	1-3-3-3-1-5-3-3-5-3-2-3	4-3-3-1-1-4-3-1-1-2-4-0	1-2-1-1-4-1-3-3-3-2-4-3	2-3-4-5-2-1-3-1-2-2-9-2	2-2-2-2-3-2-2-3-2-2-2-5	2-1-3-3-2-2-2-4-9-2-4-0	2-5-2-2-1-4-2-4-1-2-1-1	3-2-2-3-1-1-2-2-3-4-3-1	4-10-2-0-2-2-2-2-3-2-2-2	2-2-2-2-2-2-2-2-5-2-1-0
94	3	3-3-3-3-3-3-3-3-3-3-3-3	2-3-3-1-3-2-2-2-2-2-2-2	1-3-2-2-1-2-4-4-0-2-4-2	2-2-2-1-1-2-2-1-1-3-2-0	1-0-1-1-2-4-4-2-2-3-2-2	2-2-2-2-3-1-4-3-3-3-3-3	2-2-3-2-2-3-2-2-3-2-2-2	3-1-2-2-3-0-4-2-2-3-2-2	3-2-2-4-3-3-0-2-4-3-4-3	2-2-3-3-2-4-4-3-2-2-4-1	5-2-2-3-2-2-2-2-2-4-2-4	3-2-2-2-4-2-5-4-5-4-4-0
94	4	4-4-4-4-3-4-3-4-5-4-4-4	5-5-3-1-5-5-2-6-4-2-5-2	1-4-6-5-1-2-3-5-6-4-5-5	2-5-5-4-1-2-5-1-5-3-2-0	1-0-0-5-2-3-5-4-5-2-2-0	1-2-2-2-4-1-5-5-4-4-8-3	2-5-5-0-2-4-4-5-4-4-2-2	4-1-2-3-4-0-3-2-2-4-2-0	4-2-5-3-4-2-0-2-3-4-3-7	3-2-3-4-4-3-3-4-1-2-3-1	2-2-4-4-7-4-4-6-2-3-3-3	2-2-1-2-3-4-2-3-6-3-5-5
94	5	5-4-4-4-4-3-3-4-4-5-4-6	4-4-3-1-4-4-6-6-4-4-6-6	6-6-6-6-6-2-6-4-5-4-4-4	6-6-4-6-6-6-4-6-4-4-2-5	6-5-8-6-2-3-6-6-4-6-6-6	6-6-2-8-5-8-4-4-3-4-6-6	6-4-4-6-2-3-4-6-4-5-6-2	2-2-6-6-6-5-4-4-2-2-6-6	6-2-4-2-5-6-6-6-5-5-6-4	6-6-3-5-6-6-5-8-6-6-5-6	6-2-5-5-5-5-6-5-6-5-5-2	5-5-5-5-6-6-3-6-4-6-4-4
94	6	6-6-6-6-6-6-6-6-6-6-4-6	6-7-6-1-9-8-5-5-4-2-5-6	5-6-5-5-5-2-5-6-4-7-5-5	5-5-5-5-5-5-4-5-7-7-7-5	5-4-5-5-2-7-5-5-7-5-5-5	5-5-7-5-6-5-5-6-7-6-5-5	5-6-6-5-2-3-5-5-4-6-5-6	6-6-5-5-5-5-9-6-2-6-5-5	5-6-2-5-6-5-5-5-6-5-6-9	6-5-6-5-5-5-5-4-5-5-5-5	5-6-5-7-12-8-5-5-5-5-6-6	6-5-5-5-5-5-7-6-4-5-4-4
94	7	8-8-8-7-8-8-8-8-8-8-7-8	8-6-6-7-8-8-8-8-8-8-8-8	7-8-8-8-7-8-8-8-8-6-10-7	9-7-8-7-8-8-8-5-6-6-6-11	11-10-11-7-10-6-8-8-6-7-4-7	8-5-6-8-7-10-4-8-6-7-11-5	11-6-7-12-8-7-11-8-9-6-10-6	8-7-8-8-7-8-6-8-7-9-8-9	11-9-8-8-9-7-8-8-11-7-7-8	7-11-9-5-12-8-8-7-9-10-10-8	8-2-5-7-11-10-9-8-8-7-5-2	11-5-7-13-12-2-8-8-8-10-8-6
94	8	7-7-7-7-7-7-7-7-7-7-8-8	7-9-6-7-7-7-7-7-7-7-7-7	13-7-7-7-7-7-9-7-7-9-9-9	8-7-9-7-7-7-7-5-9-9-9-5	1-7-5-5-7-8-7-7-8-5-8-5	7-5-9-5-8-5-9-7-8-8-4-8	8-9-8-8-7-8-9-7-8-8-7-7	10-8-7-7-8-7-6-7-2-8-7-7	5-7-7-7-8-9-7-7-9-9-7-9	6-8-8-13-5-7-7-5-7-7-5-9	7-8-8-9-7-6-7-7-7-7-5-2	7-5-5-5-5-8-7-7-7-7-7-4
94	9	8-7-10-7-8-7-7-7-7-8-8-7	7-6-8-9-7-6-7-7-7-7-7-7	11-9-10-10-9-10-10-7-7-8-8-8	7-7-8-9-9-10-8-5-8-8-8-9	10-7-10-10-10-8-10-9-8-9-9-9	9-9-8-9-7-7-8-9-3-8-2-9	9-8-8-9-8-7-4-8-8-8-9-13	7-9-13-9-9-7-6-8-13-7-5-7	7-7-9-9-12-8-7-9-8-8-9-6	6-9-7-5-9-9-6-8-7-7-9-8	7-2-9-7-3-9-7-9-9-9-9-9	7-5-9-9-9-5-9-7-7-9-4-4
94	10	10-7-9-8-10-7-7-7-11-7-8-11	7-11-6-9-7-9-11-12-7-7-11-7	12-11-11-9-11-9-11-8-11-12-11-11	10-12-10-11-11-11-12-9-11-11-10-7	9-7-9-11-12-10-11-10-12-12-12-9	5-9-10-9-12-11-11-11-10-8-3-9	9-8-8-7-11-8-10-12-10-12-7-10	8-9-11-11-10-7-6-12-2-12-7-7	7-7-11-10-10-10-7-7-8-11-9-10	7-9-7-8-9-10-13-4-7-7-9-10	7-2-8-12-13-7-7-12-5-9-10-10	7-9-11-5-9-5-10-7-7-7-7-12
94	11	7-13-7-11-7-7-7-11-7-12-11-12	12-12-6-9-11-7-10-10-7-11-10-7	9-10-10-10-10-12-10-12-10-10-12-10	11-10-12-10-10-10-10-9-10-12-10-7	11-7-7-10-10-11-10-11-10-10-10-7	7-12-10-10-12-10-10-11-12-11-7-12	9-8-11-7-10-11-12-10-10-10-5-11	8-11-10-10-11-7-11-10-2-12-7-7	7-7-10-10-7-11-7-9-9-10-11-11	7-9-11-11-8-11-10-7-10-11-9-10	7-9-12-13-7-13-7-10-5-9-10-10	7-5-10-5-9-11-10-7-7-7-11-11
94	12	10-11-12-11-8-11-11-13-12-11-12-11	11-11-11-13-11-11-7-10-7-11-10-13	10-10-13-13-10-13-12-11-10-10-11-10	13-10-11-10-12-12-10-5-11-11-12-9	12-12-12-10-10-11-13-12-10-10-10-12	10-11-12-10-10-10-12-12-11-11-2-11	13-8-11-7-10-12-11-13-11-10-7-12	7-12-10-10-10-7-6-10-2-10-13-7	12-7-13-10-9-10-7-12-8-11-13-11	12-12-7-11-7-13-8-4-7-7-9-10	7-12-11-10-6-7-7-10-5-12-12-12	7-13-10-12-7-5-10-11-7-7-11-10
94	13	13-13-13-13-13-13-13-13-13-13-13-13	11-11-13-12-13-7-12-12-7-13-10-12	8-12-13-12-13-12-13-13-10-13-13-12	12-13-13-13-13-13-10-13-13-13-13-7	12-12-13-13-13-13-12-13-10-13-12-5	13-13-12-13-13-13-13-13-13-13-13-13	12-13-13-13-12-13-13-12-13-13-7-12	13-13-10-13-13-7-6-12-9-13-12-7	12-13-13-10-12-13-13-12-13-11-12-7	7-13-13-13-13-12-13-7-13-13-13-13	7-13-8-11-12-11-7-10-13-13-13-12	7-12-13-11-3-13-13-7-13-13-13-0
95	0	0-0-0-0-0-0-0-0-0-0-0-0	0-0-0-0-0-0-0-0-0-0-0-0	0-0-0-0-0-0-0-0-0-0-0-0	0-0-0-0-0-0-0-0-0-0-0-0	0-0-0-0-0-0-0-0-0-0-0-0	0-0-0-0-0-0-0-0-0-0-0-0	0-0-0-0-0-0-0-0-0-0-0-0	0-0-0-0-0-0-0-0-0-0-0-0	0-0-0-0-0-0-0-0-0-0-0-0	0-0-0-0-0-0-0-0-0-0-0-0	0-0-0-0-0-0-0-0-0-0-0-0	0-0-0-0-0-0-0-0-0-0-0-0
95	1	1-1-1-1-1-1-1-1-1-1-1-1	1-1-1-1-1-2-0-2-2-1-1-1	1-1-2-2-1-2-2-2-2-1-2-2	2-2-2-2-1-2-2-5-1-1-1-2	5-3-4-2-1-1-2-1-2-2-5-1	2-2-2-0-1-4-1-1-1-1-2-2	1-5-1-2-1-1-1-2-2-1-1-1	1-1-2-1-1-1-1-1-1-1-1-1	1-1-1-1-0-3-1-1-2-1-1-1	1-1-1-1-0-1-1-2-0-1-1-1	1-2-4-0-1-0-1-1-1-1-3-1	1-2-1-1-1-1-1-0-1-1-1-1
95	2	1-2-2-1-2-2-1-2-2-1-1-1	1-1-2-1-1-1-1-1-1-1-2-1	0-1-1-1-1-1-3-1-1-1-1-1	3-1-1-1-3-3-1-3-1-1-3-1	1-0-1-1-0-3-3-3-1-1-1-1	1-1-1-6-0-0-2-1-1-1-1-1	2-1-1-1-2-1-1-1-1-2-2-1	1-1-3-1-2-0-1-1-2-0-1-0	0-1-1-1-0-1-1-1-1-1-3-2	2-1-1-1-3-1-1-1-2-0-1-1	1-1-2-0-1-0-0-1-0-2-1-1	1-2-2-0-3-1-2-0-0-1-1-1
95	3	1-3-2-3-3-3-3-3-3-3-1-3	1-3-2-1-3-1-4-4-3-4-2-3	6-1-1-1-2-4-2-4-1-5-2-1	2-4-4-1-2-2-3-2-1-3-2-1	1-3-1-1-4-2-4-2-3-3-1-5	2-4-5-4-3-1-4-1-3-3-12-3	6-1-3-3-4-3-3-4-3-3-2-6	3-3-2-4-5-3-3-5-6-3-3-8	3-3-3-4-7-1-8-4-1-3-2-4	4-3-3-1-2-1-3-4-0-4-1-1	5-4-3-0-3-3-0-3-6-4-1-3	5-3-3-4-2-3-3-0-3-4-1-1
95	4	4-4-4-4-4-4-4-4-4-4-4-4	3-4-5-1-3-1-3-5-3-3-2-5	0-4-3-1-5-3-5-6-5-6-5-5	3-3-3-3-1-2-5-1-5-5-6-1	1-8-1-1-3-6-3-3-5-7-6-3	1-3-3-3-3-1-5-5-3-4-7-3	3-1-5-4-3-3-4-5-4-4-1-3	5-6-1-3-4-4-4-3-5-5-1-3	3-3-3-3-4-3-3-3-5-3-5-3	3-1-4-6-6-1-5-3-2-3-1-5	3-3-1-4-5-4-0-3-3-5-3-5	3-3-3-3-1-1-2-5-6-3-4-1
95	5	5-5-5-5-5-5-5-5-7-5-5-5	1-8-4-1-9-6-7-7-3-3-2-4	0-5-5-4-6-3-4-7-4-3-6-4	3-7-6-6-2-3-4-1-6-4-4-1	1-0-1-6-3-4-5-5-6-3-1-3	1-3-3-3-5-1-6-4-5-5-6-3	3-1-4-3-3-5-6-4-5-5-1-3	4-1-2-3-3-0-7-3-4-4-1-0	6-3-3-3-5-3-1-3-5-5-4-3	2-1-5-8-5-5-4-1-2-0-1-1	3-3-6-5-4-3-0-3-8-4-3-4	3-3-3-3-8-5-2-4-4-10-6-1
95	6	5-4-5-6-6-7-5-6-5-6-8-5	1-4-4-1-6-5-4-5-7-8-6-7	3-6-7-7-5-4-7-4-5-4-5-6	7-7-5-7-8-3-6-7-5-4-4-1	7-4-1-11-3-4-7-5-5-6-7-3	11-3-3-3-5-1-5-6-5-6-5-3	3-1-4-3-3-5-5-5-5-5-3-3	4-4-3-3-6-0-5-3-3-8-1-0	3-3-3-3-3-6-3-7-12-7-6-6	3-3-6-4-8-8-6-3-7-3-1-8	3-13-5-5-5-7-0-3-3-3-12-3	6-6-6-3-15-7-6-7-4-6-5-1
95	7	7-8-8-7-7-7-5-8-5-7-7-6	6-5-4-1-5-6-9-9-6-3-9-6	0-7-9-9-6-6-6-6-9-8-6-8	6-7-8-6-9-9-6-11-8-8-8-1	6-3-1-12-3-4-6-5-8-11-6-3	3-6-8-11-7-0-5-6-7-7-5-7	3-8-7-3-3-8-5-6-7-7-8-3	6-7-9-3-6-8-5-3-3-7-3-0	3-3-3-3-3-6-3-6-6-6-7-6	7-3-7-6-8-9-5-3-7-3-1-8	3-3-5-10-8-6-6-3-3-2-6-3	6-3-6-3-5-6-8-6-4-7-5-1
95	8	9-9-7-9-8-8-9-9-8-9-7-8	9-5-5-9-6-5-9-11-10-6-11-9	13-9-9-7-9-9-11-9-7-7-9-7	9-9-9-7-7-9-6-10-7-7-7-12	5-8-15-7-9-4-9-9-7-8-4-9	9-9-7-9-7-9-4-9-5-4-3-9	3-7-7-4-9-7-5-9-7-10-9-3	6-7-3-9-11-8-5-11-3-6-8-3	9-3-3-3-8-6-3-9-6-7-7-6	7-3-6-5-9-6-5-8-9-3-9-7	9-3-5-0-7-9-4-3-5-5-6-3	8-6-8-9-5-6-7-7-4-8-5-7
95	9	9-8-9-9-10-9-9-9-9-8-9-10	9-10-9-8-5-9-8-7-8-3-8-8	10-10-8-7-10-10-8-8-7-11-8-9	8-8-8-7-7-8-8-8-10-10-10-8	10-0-8-6-10-10-8-8-10-7-9-8	8-10-10-8-9-8-10-9-10-9-6-8	3-10-7-9-12-9-10-8-7-8-8-3	9-7-7-8-8-10-9-10-3-10-8-0	8-9-3-3-5-6-8-8-6-7-8-12	7-9-9-10-8-6-10-1-8-3-10-9	13-9-10-10-15-10-0-3-3-3-6-10	8-6-6-8-8-9-7-0-12-10-5-9
95	10	12-11-12-11-11-13-11-12-11-11-10-11	11-9-9-8-11-11-10-11-11-11-12-11	10-9-11-10-9-12-10-11-12-11-10-10	11-11-11-10-10-11-11-8-9-10-9-8	9-12-8-6-11-9-11-10-9-10-10-10	10-9-9-10-9-11-9-11-9-9-13-9	10-9-10-13-10-10-9-11-7-8-10-14	13-7-11-9-9-12-9-9-9-12-10-12	10-11-11-9-13-10-10-9-11-11-9-9	11-10-6-9-10-6-12-13-12-12-12-11	12-6-9-11-12-12-14-12-11-10-6-9	11-6-10-12-12-11-7-11-10-13-11-10
95	11	10-11-11-10-10-10-10-10-10-10-12-10	10-12-9-10-10-10-10-13-10-10-10-10	15-11-10-7-8-10-12-10-10-12-12-11	10-10-10-10-7-10-10-7-12-12-12-8	6-10-8-6-10-12-12-10-12-7-11-10	10-11-12-10-9-10-12-12-11-9-10-11	3-12-10-11-10-9-14-10-12-8-8-11	10-7-10-9-8-10-14-8-3-9-10-10	10-10-10-7-5-6-10-12-10-10-9-15	10-10-11-14-11-6-14-14-10-10-10-10	10-11-12-10-10-10-10-10-10-10-6-10	10-6-6-3-10-10-6-10-10-10-15-10
95	12	10-11-10-10-10-10-10-10-10-10-11-11	10-11-9-13-10-10-10-15-10-10-10-13	13-13-14-14-13-10-13-13-10-13-11-12	13-10-10-13-13-13-11-13-11-11-11-8	13-10-13-13-10-11-13-13-11-12-14-13	13-13-13-8-9-10-11-12-5-5-3-13	12-11-11-3-9-12-11-13-11-12-13-13	10-12-10-13-12-10-9-14-3-10-8-10	10-10-3-13-14-6-10-13-6-10-12-9	10-10-6-11-13-12-13-10-10-10-10-12	10-3-11-10-10-10-10-10-10-10-6-12	8-12-10-10-10-10-7-10-9-10-5-11
95	13	14-11-15-10-13-10-10-13-13-10-11-10	11-14-14-12-10-10-11-11-10-10-12-15	12-12-12-12-12-10-12-12-10-14-14-13	12-10-10-12-12-12-14-12-14-14-13-8	12-10-12-12-10-14-12-12-14-13-12-12	12-12-14-10-13-8-14-14-13-13-12-13	12-14-11-10-14-13-11-14-13-13-12-12	10-12-10-12-12-10-9-13-3-13-10-10	10-10-12-12-13-6-10-12-10-13-12-13	10-10-13-14-12-12-12-10-12-10-10-12	10-6-11-14-10-13-10-10-10-10-6-12	13-12-10-10-10-13-7-10-9-10-13-10
95	14	13-14-13-15-13-10-10-13-11-10-15-15	15-13-13-12-14-10-12-15-10-10-13-15	12-14-15-12-12-14-15-15-15-13-13-14	15-14-14-14-12-14-13-12-13-13-14-14	12-10-8-12-10-13-15-14-13-14-12-14	10-14-13-14-13-15-13-13-13-13-5-12	14-13-13-14-13-14-11-13-11-15-14-10	10-12-10-14-14-14-11-12-3-10-14-10	14-10-14-12-12-6-14-14-6-10-12-6	14-14-14-11-12-6-11-11-14-10-14-12	3-6-11-13-10-15-10-14-14-14-6-14	14-14-6-14-14-13-7-10-4-14-4-13
95	15	15-15-15-15-15-15-10-15-15-15-15-15	10-13-15-12-15-10-12-14-12-15-14-13	14-15-14-12-15-15-14-15-14-15-13-14	14-15-14-14-15-15-10-12-15-15-15-8	15-10-8-15-15-15-14-15-13-15-12-12	15-15-15-15-15-14-15-15-15-15-15-15	14-15-15-15-9-15-11-10-15-15-14-10	15-12-12-15-15-10-9-12-14-14-10-10	14-15-15-15-12-15-15-11-15-1-12-6	14-15-15-15-15-6-15-10-14-15-15-15	9-15-11-13-9-14-10-10-15-15-6-15	13-15-15-14-11-15-15-10-15-15-15-1
96	0	0-0-0-0-0-0-0-0-0-0-0-0	0-0-0-0-0-0-0-0-0-0-0-0	0-0-0-0-0-0-0-0-0-0-0-0	0-0-0-0-0-0-0-0-0-0-0-0	0-0-0-0-0-0-0-0-0-0-0-0	0-0-0-0-0-0-0-0-0-0-0-0	0-0-0-0-0-0-0-0-0-0-0-0	0-0-0-0-0-0-0-0-0-0-0-0	0-0-0-0-0-0-0-0-0-0-0-0	0-0-0-0-0-0-0-0-0-0-0-0	0-0-0-0-0-0-0-0-0-0-0-0	0-0-0-0-0-0-0-0-0-0-0-0
96	1	1-1-1-1-1-2-1-1-1-1-1-1	1-0-0-2-1-1-1-2-1-1-1-1	1-1-1-1-1-1-1-1-1-2-1-1	1-1-1-2-1-2-0-1-0-2-2-9	0-1-2-0-1-0-1-1-2-1-1-1	1-1-2-1-1-1-0-1-0-0-0-1	2-0-2-9-1-0-0-1-0-0-1-3	1-1-2-2-1-0-1-2-2-1-6-1	0-1-3-2-2-1-9-2-2-1-1-1	2-2-1-0-2-2-2-1-1-1-1-1	7-2-0-1-2-1-3-2-0-2-1-3	1-1-1-1-0-3-0-1-1-1-0-0
96	2	2-3-2-3-4-3-3-1-3-4-2-1	1-3-3-1-3-3-3-3-3-3-1-2	12-2-2-1-2-3-2-3-3-2-2-2	3-2-3-1-2-3-2-1-0-3-1-1	2-3-12-0-3-0-3-2-3-2-2-2	1-3-1-2-1-3-1-2-3-3-0-3	9-3-1-8-2-3-3-3-0-4-2-3	2-1-1-2-2-3-3-1-3-3-3-2	3-2-3-1-7-1-3-12-1-2-2-3	1-1-4-3-3-3-1-3-2-9-2-2	3-2-2-7-1-2-2-1-6-1-2-2	4-2-6-3-2-1-2-2-1-3-2-0
96	3	2-2-4-2-3-2-2-2-2-2-2-2	2-2-2-4-2-2-2-4-2-2-4-4	2-2-4-5-5-2-4-2-2-4-4-3	4-2-2-6-4-4-0-4-4-2-4-1	4-2-4-4-2-3-4-4-2-2-3-4	4-2-4-2-3-2-3-4-2-2-10-2	2-2-3-2-3-2-2-2-3-3-4-2	2-4-4-4-3-2-3-4-3-2-4-2	2-2-2-2-13-1-2-2-3-5-4-3	4-3-2-2-2-4-5-1-2-2-2-4	2-3-2-2-2-2-1-1-2-4-3-2	2-3-1-2-2-1-3-2-0-2-4-0
96	4	2-4-3-4-2-4-2-4-2-2-4-5	2-4-2-3-4-2-2-7-4-5-3-4	2-5-3-3-3-7-3-2-2-7-5-3	3-5-5-3-3-3-5-3-3-2-3-1	3-2-3-3-5-3-5-5-5-4-3-3	3-6-6-2-4-2-5-3-4-4-12-4	2-4-4-4-5-4-5-4-4-5-3-7	4-3-3-5-3-4-0-3-12-4-3-4	4-2-4-4-3-6-2-5-0-4-3-6	5-4-4-5-3-3-4-3-2-2-2-3	4-4-4-2-4-4-2-4-5-12-4-4	2-4-2-2-4-4-3-4-0-2-3-4
96	5	5-5-5-5-6-5-5-5-5-5-5-6	2-5-7-3-7-2-2-4-4-4-3-7	2-4-3-3-3-4-6-4-7-4-6-6	4-4-4-3-3-3-4-3-5-6-6-2	3-2-2-5-4-7-4-4-4-5-6-3	3-4-4-2-5-2-4-5-5-5-3-5	2-5-5-1-4-5-5-6-5-5-3-4	8-3-4-6-3-6-6-7-4-6-2-2	4-2-4-4-5-6-6-4-5-3-3-4	4-4-5-5-6-3-6-5-2-2-2-5	4-4-5-1-4-2-2-6-4-4-6-4	2-4-2-2-5-5-3-5-5-2-6-5
96	6	7-6-6-6-7-6-6-6-6-5-5-5	4-7-5-3-6-7-2-7-2-7-3-5	2-6-3-3-3-4-5-8-7-4-7-5	7-8-7-3-3-4-7-3-7-5-8-1	3-2-2-7-4-5-7-6-7-2-5-3	3-4-4-2-6-3-7-7-6-6-6-5	2-7-7-2-4-5-7-7-8-6-2-7	7-3-3-5-3-5-5-7-4-5-1-2	2-2-7-4-2-7-5-6-7-6-5-4	5-5-8-5-5-10-5-12-5-2-2-6	10-7-5-10-7-2-2-5-2-4-5-4	2-5-2-2-2-8-3-5-9-8-5-7
96	7	6-7-7-8-6-7-5-7-8-5-6-7	9-6-5-8-5-6-2-4-8-6-9-5	2-8-9-8-9-4-8-8-7-4-6-8	7-4-6-7-9-9-6-12-6-6-4-2	9-2-2-8-4-5-8-8-6-8-8-7	8-8-8-2-6-2-6-6-6-6-9-8	2-6-6-2-4-2-6-8-6-6-8-6	6-3-13-8-3-7-6-5-4-2-7-2	4-2-6-4-2-7-2-8-5-7-5-7	5-4-5-7-8-7-7-6-7-2-7-8	1-6-5-2-7-7-2-5-2-4-7-4	2-7-7-7-8-6-3-7-5-7-6-6
96	8	8-8-9-8-6-8-9-8-8-8-8-8	10-10-9-7-9-9-9-9-7-6-7-9	7-8-7-7-7-8-9-9-9-10-9-9	8-9-9-7-7-7-6-7-9-6-9-1	7-1-3-7-11-9-7-7-8-8-7-7	7-7-10-2-10-2-7-8-4-8-6-8	2-9-8-2-9-8-6-7-6-6-7-8	8-10-9-7-8-7-12-8-4-9-7-2	4-2-9-4-2-6-2-7-9-7-7-8	4-4-9-9-7-10-7-6-9-2-7-7	2-9-5-11-9-2-2-4-7-4-7-9	2-7-7-7-7-6-10-8-5-7-12-12
96	9	9-9-8-8-9-8-8-8-9-8-9-9	10-8-8-3-8-8-8-8-8-8-7-8	2-9-7-7-7-4-8-8-8-10-8-8	10-8-10-7-7-7-10-7-10-10-8-1	7-2-3-10-10-8-9-9-10-9-7-7	1-7-8-2-9-7-10-9-9-9-7-8	2-10-9-1-8-2-10-8-9-12-1-7	6-7-8-8-8-7-8-8-4-9-2-2	2-2-8-4-9-8-2-10-8-9-9-8	8-4-8-8-7-8-10-6-8-2-2-8	1-8-12-13-10-11-2-1-2-8-8-8	9-7-7-2-7-6-3-8-6-10-8-6
96	10	10-10-10-13-10-11-12-10-13-10-10-13	9-8-8-11-11-11-11-10-11-11-10-12	10-10-10-10-10-11-10-10-11-9-11-10	11-10-11-10-7-10-9-7-9-11-11-10	7-12-11-9-12-8-10-10-9-10-10-10	10-11-8-11-8-12-9-9-10-9-3-11	11-9-10-13-10-10-9-11-11-11-11-7	11-8-11-9-10-10-8-10-4-12-11-10	12-10-8-11-12-10-11-9-11-12-9-7	12-4-10-12-11-8-7-11-12-12-12-12	12-8-12-11-9-13-2-12-12-10-10-4	12-7-10-11-11-5-8-10-11-9-8-8
96	11	12-12-13-12-13-13-12-12-13-13-13-13	12-13-12-10-12-12-12-12-12-12-12-13	11-10-12-12-11-10-12-13-12-12-12-11	12-12-12-12-11-10-13-10-12-10-12-10	13-10-10-12-12-11-11-11-12-12-12-11	11-10-12-12-10-12-10-12-11-9-11-10	10-9-11-13-10-12-12-10-12-11-10-13	11-8-11-13-8-12-8-12-4-10-10-12	11-10-11-10-10-12-10-13-12-13-10-7	11-11-12-12-12-13-12-11-10-10-10-12	13-13-10-10-13-9-11-12-10-11-12-8	11-7-11-10-12-12-11-12-12-12-8-13
96	12	11-11-11-11-11-11-11-11-11-11-11-11	11-8-11-13-11-11-11-11-11-11-11-11	2-12-11-11-11-11-11-11-11-13-11-11	11-11-11-11-12-12-11-7-11-11-12-10	11-10-2-12-11-12-13-12-11-11-11-12	11-11-11-12-9-10-12-11-9-9-4-13	13-9-11-10-11-11-9-11-11-9-12-11	11-12-11-12-12-11-8-11-4-10-11-11	10-2-4-12-10-11-10-2-11-11-12-8	11-11-11-11-11-11-12-11-10-10-10-11	10-11-9-9-11-10-2-11-10-4-11-4	10-7-12-2-11-11-12-11-11-11-8-11
96	13	13-13-11-11-13-11-11-11-11-11-11-13	11-11-13-12-11-11-12-11-11-13-11-11	11-13-11-11-13-13-13-11-11-12-13-12	12-13-13-11-13-13-11-7-13-13-13-1	11-10-13-13-11-13-12-13-13-11-11-12	13-13-13-13-13-10-13-13-13-13-13-13	12-13-13-13-11-13-13-13-13-13-11-11	13-12-12-13-13-11-13-11-12-11-11-13	4-13-13-13-3-13-13-9-13-11-12-8	11-11-13-13-13-11-13-11-10-13-13-13	11-11-13-9-11-10-11-11-13-13-11-4	10-13-13-10-11-13-13-11-13-13-8-11
97	0	0-0-0-0-0-0-0-0-0-0-0-0	0-0-0-0-0-0-0-0-0-0-0-0	0-0-0-0-0-0-0-0-0-0-0-0	0-0-0-0-0-0-0-0-0-0-0-0	0-0-0-0-0-0-0-0-0-0-0-0	0-0-0-0-0-0-0-0-0-0-0-0	0-0-0-0-0-0-0-0-0-0-0-0	0-0-0-0-0-0-0-0-0-0-0-0	0-0-0-0-0-0-0-0-0-0-0-0	0-0-0-0-0-0-0-0-0-0-0-0	0-0-0-0-0-0-0-0-0-0-0-0	0-0-0-0-0-0-0-0-0-0-0-0
97	1	1-1-1-1-1-0-1-1-1-1-1-1	1-0-0-1-1-0-1-0-1-0-1-0	1-1-1-1-0-0-0-0-0-0-2-1	1-1-1-0-2-2-0-1-0-0-0-4	0-3-8-0-1-0-0-2-0-1-1-1	1-1-0-0-1-2-0-1-1-0-0-1	6-0-0-6-2-0-0-0-1-1-0-1	1-0-1-1-0-1-0-1-1-1-1-1	1-1-1-1-0-0-1-1-0-1-1-1	0-1-1-2-0-1-1-0-1-1-1-0	1-0-0-0-1-1-1-1-1-1-1-1	1-1-1-1-1-1-1-1-1-0-1-0
97	2	3-2-2-3-2-2-2-3-3-3-3-2	3-3-3-3-3-3-3-2-3-3-3-3	2-2-2-3-3-3-3-3-3-3-5-2	3-3-3-3-1-3-4-2-3-3-3-3	13-2-1-3-1-2-3-2-3-2-3-2	3-1-3-2-3-3-2-3-4-2-9-1	2-2-2-2-1-2-3-3-3-4-3-3	2-2-2-1-2-1-2-3-1-5-2-5	2-3-2-3-2-3-3-3-3-2-2-3	2-2-3-3-3-4-4-4-2-1-1-3	3-3-2-2-3-6-3-3-1-3-3-2	9-3-4-1-3-3-4-3-2-5-3-4
97	3	2-2-2-2-2-2-2-2-2-2-2-2	2-2-2-4-2-2-2-2-2-2-4-2	6-4-4-2-5-2-4-2-2-2-2-4	4-2-2-2-5-4-2-6-2-2-4-2	6-1-1-4-1-4-4-4-2-2-2-6	2-1-2-2-2-2-4-2-2-2-5-4	3-2-2-2-3-3-2-2-2-2-3-5	2-3-4-3-3-2-2-4-3-2-2-2	3-2-2-3-4-2-2-2-2-3-3-2	4-3-2-2-4-2-2-2-3-1-2-4	2-2-2-0-2-2-2-2-1-2-2-2	2-3-3-1-2-2-2-2-2-2-2-2
97	4	2-2-2-2-2-2-2-2-2-2-2-2	2-2-2-3-2-2-2-4-4-5-3-4	3-3-3-3-3-6-3-5-2-5-2-3	5-5-2-3-3-3-2-3-2-2-3-1	3-2-1-3-5-3-5-3-4-2-2-3	3-5-6-2-2-2-5-2-4-4-0-3	2-2-2-4-5-4-2-3-4-2-3-3	2-3-3-5-4-5-2-5-8-1-6-2	4-8-5-4-3-2-4-5-2-2-3-2	5-13-2-2-3-2-2-2-2-1-4-3	2-2-2-2-4-4-2-5-4-2-2-4	1-4-5-1-4-2-2-2-2-2-2-2
97	5	5-5-5-5-2-5-5-5-2-5-5-2	2-7-6-3-2-2-2-6-4-4-3-4	3-5-4-2-3-4-6-4-2-6-6-3	4-4-4-2-3-4-5-3-6-5-4-1	3-1-1-3-4-5-4-3-4-5-2-3	2-4-4-2-2-2-6-5-5-5-3-5	2-5-6-1-4-2-6-6-13-2-3-3	2-3-3-4-5-4-2-4-4-5-4-2	5-2-4-4-5-2-2-4-2-6-3-5	6-3-5-5-6-2-2-2-3-1-6-8	2-2-6-5-6-2-2-4-1-4-2-4	2-13-3-1-2-2-2-2-2-2-2-2
97	6	5-6-6-6-6-6-5-2-6-2-5-6	5-5-7-3-2-2-5-5-5-4-3-5	3-6-4-3-3-4-5-6-2-5-5-6	4-7-7-3-3-4-6-3-6-5-7-1	3-1-1-3-4-5-5-6-7-2-2-3	3-4-4-2-0-3-7-7-6-7-7-5	1-5-5-1-4-6-11-5-11-2-3-7	2-3-3-4-6-5-6-4-4-5-4-2	6-4-4-4-13-7-1-4-6-6-6-13	7-3-6-5-5-14-7-6-3-1-5-3	4-2-5-6-5-2-2-4-4-2-2-4	2-11-1-1-2-2-2-2-6-6-2-6
97	7	8-8-8-8-8-8-9-8-7-7-7-8	8-5-6-8-8-8-8-8-8-11-8-8	7-8-8-9-7-9-8-8-8-8-8-7	8-7-9-8-8-8-6-8-8-8-6-8	8-8-9-7-4-5-8-8-6-8-8-8	8-8-4-11-2-8-6-6-6-6-8-8	8-6-5-10-4-7-6-8-6-9-8-6	2-3-10-8-10-8-6-13-9-7-12-2	7-9-13-7-7-8-10-8-9-7-9-5	6-8-9-8-8-6-8-8-7-9-8-6	8-2-10-8-8-9-8-7-8-8-2-4	10-6-7-8-8-8-7-8-8-11-7-11
97	8	7-7-7-7-7-7-7-7-7-7-7-7	7-9-6-7-7-7-7-7-7-4-7-7	7-7-7-7-7-4-7-7-7-7-9-7	7-7-7-7-7-7-9-7-9-7-9-7	7-7-1-7-4-9-7-7-9-7-7-7	7-7-9-7-13-7-9-7-8-8-7-7	7-9-9-7-11-12-13-7-10-11-7-7	2-9-3-7-7-7-13-7-4-8-7-2	7-7-2-4-8-7-7-7-13-7-7-7	9-7-7-7-7-7-7-9-7-1-7-5	7-14-8-8-7-14-7-4-7-7-10-8	7-12-3-7-7-7-14-2-7-8-8-9
97	9	7-7-9-7-7-8-7-7-8-10-7-7	7-8-6-9-7-9-10-10-7-12-10-10	7-9-11-7-10-7-10-13-10-10-8-10	10-9-7-11-10-10-8-7-8-8-8-7	2-10-7-9-10-8-10-11-8-9-9-9	10-9-8-9-9-9-8-12-9-6-2-7	9-8-8-7-9-9-8-10-6-7-10-8	2-8-10-8-7-10-8-7-7-9-9-10	9-11-2-9-10-2-9-10-10-2-7-10	11-9-7-9-10-7-7-8-9-13-10-8	10-8-11-10-2-11-10-9-7-7-8-4	9-6-9-7-10-2-2-9-10-9-2-8
97	10	7-11-10-10-7-10-11-12-11-9-11-7	7-8-6-9-13-12-9-9-7-12-9-9	7-9-9-7-9-13-9-9-9-12-11-9	9-9-9-9-9-9-11-7-8-7-13-7	7-9-7-7-9-10-9-9-10-9-9-7	9-7-6-7-9-9-11-10-11-10-7-10	7-11-10-7-8-10-6-9-6-8-9-13	2-8-9-7-7-9-8-7-7-10-9-9	10-9-9-9-10-7-7-9-8-2-7-9	9-7-7-9-11-7-7-7-9-9-7-2	9-11-8-9-2-9-9-12-9-7-8-8	10-8-9-7-9-7-2-9-9-10-13-8
97	11	8-10-11-12-7-8-10-10-10-7-10-10	11-8-6-9-10-10-9-9-12-7-13-9	11-12-12-12-11-12-12-9-13-10-10-10	12-9-11-9-13-12-10-7-8-11-10-11	11-12-11-11-9-10-12-12-8-9-11-7	13-11-12-7-9-12-10-12-10-6-0-12	12-10-10-11-8-10-6-10-6-8-11-11	4-3-9-12-11-9-8-14-12-9-11-9	2-9-13-11-9-2-11-9-8-7-11-6	9-9-7-11-10-13-11-7-9-9-12-11	9-10-8-10-11-9-9-11-12-7-11-11	11-6-9-11-11-8-8-9-9-9-10-7
97	12	7-7-12-14-12-12-10-13-14-11-13-7	12-14-6-7-10-10-14-14-13-13-11-9	11-11-11-11-13-11-11-11-11-10-11-13	11-12-13-13-11-11-10-7-13-13-10-11	11-11-11-13-9-12-11-11-13-7-13-13	11-11-11-14-9-11-13-11-12-12-6-11	11-13-10-11-8-12-11-13-12-10-11-11	10-3-12-11-11-11-8-7-12-9-7-9	9-9-7-13-12-12-14-13-8-7-11-5	12-12-7-13-13-13-11-14-12-9-11-13	9-10-8-9-13-9-9-11-11-7-12-12	11-12-1-11-11-2-12-10-10-9-10-12
97	13	14-13-13-14-7-14-14-12-13-14-14-14	12-8-6-9-10-13-12-9-12-12-11-9	13-13-14-13-12-12-11-9-11-12-11-12	14-9-13-12-11-11-10-7-12-12-10-13	2-13-11-12-13-12-14-13-12-13-12-12	11-13-12-13-13-9-12-9-13-12-6-11	13-12-10-13-8-13-8-12-6-14-7-11	10-8-3-13-11-13-8-7-13-8-7-9	13-12-13-12-6-2-13-12-8-7-13-6	14-13-13-12-12-11-11-8-13-9-13-13	13-2-8-10-12-14-9-13-13-13-2-13	13-13-13-13-13-2-2-2-10-10-10-8
97	14	14-14-14-14-14-14-14-14-14-14-14-14	12-12-14-9-14-14-12-13-11-14-11-9	13-13-13-12-14-14-14-14-13-14-14-12	13-14-13-14-14-14-13-14-14-14-14-13	14-9-14-14-14-14-13-14-14-14-3-7	14-14-14-14-14-9-14-14-14-14-14-14	11-14-14-14-8-14-14-12-14-13-10-14	14-14-12-14-14-9-14-11-13-13-12-9	13-14-14-14-3-2-14-7-14-2-13-13	13-14-14-14-14-6-14-12-14-14-14-14	9-8-8-10-12-13-9-14-14-14-14-14	12-14-14-13-8-14-14-2-14-14-14-14
98	0	0-0-0-0-0-0-0-0-0-0-0-0	0-0-0-0-0-0-0-0-0-0-0-0	0-0-0-0-0-0-0-0-0-0-0-0	0-0-0-0-0-0-0-0-0-0-0-0	0-0-0-0-0-0-0-0-0-0-0-0	0-0-0-0-0-0-0-0-0-0-0-0	0-0-0-0-0-0-0-0-0-0-0-0	0-0-0-0-0-0-0-0-0-0-0-0	0-0-0-0-0-0-0-0-0-0-0-0	0-0-0-0-0-0-0-0-0-0-0-0	0-0-0-0-0-0-0-0-0-0-0-0	0-0-0-0-0-0-0-0-0-0-0-0
98	1	0-0-0-1-1-1-0-1-0-0-0-0	0-0-0-0-0-1-2-2-1-1-0-0	2-2-2-0-0-0-2-0-0-0-0-1	2-2-2-0-0-0-2-0-0-0-0-5	0-0-5-0-2-0-2-0-0-0-0-0	0-1-0-0-0-0-0-0-1-0-0-2	0-0-0-1-0-1-0-0-0-0-5-0	1-0-0-0-0-2-0-0-1-0-0-0	2-1-2-0-0-0-1-0-0-0-1-1	1-1-1-2-0-0-0-0-1-2-1-0	1-0-0-0-1-1-6-1-2-1-1-2	1-1-1-1-1-0-1-0-0-1-0-0
98	2	1-2-2-2-2-2-0-2-2-2-2-0	3-0-0-3-0-1-1-1-1-1-4-3	4-1-1-4-3-3-3-0-0-2-3-2	3-1-1-3-2-2-1-3-2-0-2-1	3-0-3-3-1-2-3-2-2-2-3-4	3-3-3-2-2-3-2-2-2-2-3-1	2-2-0-1-2-1-2-3-2-2-3-2	2-2-3-2-2-1-2-2-1-1-3-0	1-1-1-2-3-3-1-0-1-2-2-2	2-2-2-1-0-3-2-2-1-1-1-2	0-2-0-0-0-1-0-0-1-2-2-1	0-2-1-1-1-0-2-0-0-3-0-0
98	3	3-3-3-3-3-3-3-5-3-4-3-3	4-3-0-2-3-5-1-4-3-4-2-3	2-4-4-2-2-4-4-4-6-4-4-2	2-4-4-2-2-2-1-2-2-3-2-1	2-1-2-2-5-2-4-2-3-3-4-2	2-6-5-6-3-2-4-2-3-3-10-3	2-3-3-1-4-1-3-4-3-3-2-6	2-2-2-4-3-3-3-4-6-1-3-6	3-6-3-4-2-4-6-4-0-3-2-3	4-4-3-4-2-2-2-3-1-3-3-2	6-6-3-0-3-3-1-3-3-5-3-3	1-3-1-1-1-3-6-3-0-2-0-3
98	4	4-4-4-4-4-3-4-4-4-4-4-4	3-4-4-2-4-5-1-3-3-3-2-5	2-3-3-2-2-3-5-5-0-3-5-5	3-3-5-3-2-2-6-2-5-6-3-1	2-1-1-2-3-5-3-2-3-2-3-2	2-3-3-4-4-2-5-3-4-4-4-4	2-3-4-1-3-4-6-5-4-4-2-3	4-2-2-3-2-3-4-3-3-4-3-0	4-3-3-3-4-3-3-3-5-5-2-5	3-3-4-5-5-2-2-4-5-3-1-2	3-5-6-0-3-1-0-5-1-3-5-3	0-3-2-1-3-4-3-3-0-5-4-3
98	5	5-5-5-5-5-5-5-5-5-5-5-5	4-6-6-2-6-6-1-4-4-3-5-4	2-5-5-2-2-3-4-4-5-5-6-6	3-6-6-2-2-3-6-2-6-6-5-1	2-1-1-6-3-4-6-5-6-5-3-2	2-3-3-0-5-2-6-6-5-5-9-4	4-3-6-1-3-5-5-6-4-4-1-3	4-2-3-4-3-9-5-3-3-5-3-0	1-3-3-4-4-3-0-3-6-4-4-5	3-3-5-4-6-2-2-5-4-3-1-2	3-4-6-5-6-3-8-4-1-3-4-3	0-3-1-1-1-5-2-5-5-4-4-3
98	6	6-5-5-5-5-5-5-4-5-6-7-5	4-5-5-7-5-5-7-7-7-5-7-7	7-7-7-7-8-3-7-7-5-5-5-7	7-8-5-6-8-7-5-7-5-4-3-6	7-1-6-7-3-4-7-7-5-8-8-6	6-8-7-3-6-8-5-5-3-5-8-6	7-3-5-1-3-6-4-5-4-4-7-3	3-7-3-7-3-9-5-7-3-9-6-3	7-3-17-3-6-7-3-7-5-6-7-6	3-3-4-6-7-2-6-6-6-3-6-7	3-3-5-5-5-6-1-6-7-3-6-3	7-6-6-6-8-6-3-8-6-6-0-3
98	7	7-7-7-8-7-8-7-7-5-7-6-7	3-5-7-6-7-5-6-6-8-3-6-6	6-6-6-6-6-3-8-6-8-9-8-6	6-7-8-6-6-6-8-6-7-7-8-6	6-6-6-6-3-7-6-6-7-7-6-6	6-7-8-7-7-6-6-8-7-7-6-7	6-8-7-1-8-7-5-6-4-13-6-3	7-6-8-6-6-3-7-11-3-7-6-9	6-7-8-6-8-7-6-6-7-6-7-10	9-6-7-6-6-6-8-5-9-3-6-9	8-3-8-14-9-8-7-6-6-3-8-8	6-6-6-6-6-8-8-12-7-9-7-7
98	8	8-8-8-8-8-7-8-7-8-8-7-8	9-9-9-6-9-10-10-7-8-7-6-9	6-8-6-6-6-9-7-6-7-9-7-8	9-8-7-6-6-6-7-6-9-9-9-1	6-1-6-6-9-8-8-8-7-6-6-6	6-6-7-7-13-6-9-7-8-8-6-6	3-9-8-1-7-8-8-7-10-7-6-8	8-7-7-7-8-8-7-12-3-7-6-0	6-3-7-10-7-7-1-6-7-8-7-9	7-3-8-11-6-2-9-10-6-3-9-6	7-3-7-8-9-9-7-6-1-9-7-7	15-3-6-1-6-7-7-5-14-7-10-8
98	9	10-9-9-10-10-9-11-10-10-10-10-11	10-8-8-10-8-11-11-10-11-11-10-8	9-10-10-10-9-8-9-9-9-8-9-9	8-9-10-8-6-6-10-6-8-8-8-6	6-9-15-9-10-8-10-9-8-9-9-9	9-8-7-9-7-15-8-8-8-8-5-8	11-8-9-14-9-9-10-9-8-9-12-8	15-7-15-8-9-10-13-7-11-10-11-10	10-10-10-7-10-9-11-7-13-9-8-8	15-9-10-10-15-12-6-9-10-10-12-7	10-3-13-11-10-10-12-10-14-7-7-3	9-12-9-12-10-10-9-13-13-7-15-9
98	10	9-9-10-9-9-9-9-9-9-9-9-9	9-8-8-11-8-9-9-11-9-9-9-10	6-10-11-12-13-10-10-9-9-11-9-10	9-9-9-11-13-10-9-13-11-9-10-1	13-9-6-13-9-10-9-10-8-10-13-6	16-11-13-10-7-6-11-10-8-8-3-10	13-14-8-1-9-8-9-9-8-10-6-11	9-10-9-10-13-9-7-14-3-9-9-9	9-9-9-11-17-7-9-9-9-17-10-12	9-10-9-9-11-16-10-8-9-9-9-14	9-3-9-9-9-9-9-9-9-10-10-3	9-13-10-1-9-9-10-9-8-9-8-7
98	11	13-12-13-13-12-12-12-13-12-13-12-15	13-8-12-13-12-12-14-11-14-13-13-12	11-12-13-10-12-13-11-12-12-10-12-11	12-12-12-10-10-12-12-10-10-12-10-12	12-12-13-10-13-10-12-12-12-12-12-12	11-14-10-12-7-14-10-10-8-8-16-12	12-12-11-12-11-12-15-9-8-12-15-12	12-10-13-10-10-13-7-7-16-12-13-14	12-11-13-13-12-12-9-14-15-12-10-8	13-11-11-13-10-13-13-12-13-13-12-16	13-13-12-9-12-13-13-15-13-10-13-11	13-10-11-13-13-13-15-14-12-12-13-13
98	12	11-11-11-11-11-11-11-11-11-11-11-11	11-11-11-11-11-14-11-11-11-11-11-11	14-11-11-10-11-16-13-11-11-10-13-11	13-11-11-11-10-11-11-10-10-11-10-11	11-11-11-10-11-10-11-11-11-13-14-11	13-11-10-11-7-11-10-11-11-8-13-11	11-11-11-11-11-11-13-13-8-11-9-11	11-10-11-11-10-11-7-7-11-11-11-11	11-14-11-11-11-11-11-13-9-11-11-10	11-11-14-17-11-9-8-11-16-11-9-11	9-11-11-9-11-11-15-11-13-12-11-12	11-9-11-9-9-11-11-12-11-11-12-11
98	13	11-11-11-11-11-11-11-11-11-11-11-11	11-14-15-11-11-11-11-12-11-14-11-14	12-11-11-10-10-11-12-11-11-15-14-14	12-11-12-10-10-12-14-10-14-11-10-6	10-9-11-10-11-14-12-12-14-12-12-12	12-11-10-12-8-11-14-13-8-13-9-11	11-14-16-11-14-13-14-12-13-11-11-11	11-10-11-13-10-11-14-7-11-7-11-11	11-12-11-11-11-11-11-12-14-15-10-14	11-10-7-11-11-11-14-11-12-11-6-11	9-16-14-9-11-11-11-9-11-10-14-12	14-10-17-11-11-11-10-9-11-15-11-11
98	14	11-11-11-11-11-11-11-11-11-11-11-11	11-13-11-11-11-12-11-11-11-13-11-13	12-15-16-10-15-12-15-11-15-10-13-15	15-11-16-14-15-15-13-16-13-11-14-15	16-9-16-16-11-13-15-15-14-14-16-15	11-11-15-11-7-11-15-14-13-8-3-15	15-13-7-9-13-11-13-15-4-11-9-14	11-15-9-15-15-11-13-10-11-11-14-11	14-12-15-15-17-11-11-15-13-13-14-13	9-14-14-15-13-14-15-8-12-9-15-11	9-13-13-7-11-14-15-9-15-14-14-14	13-16-15-15-15-11-14-11-8-14-13-13
98	15	11-11-11-11-11-11-11-11-11-11-11-11	11-16-13-11-11-12-11-13-11-13-11-11	12-14-14-10-14-12-14-13-11-13-16-14	14-15-14-14-14-14-11-6-16-16-16-14	14-9-9-10-11-15-14-14-16-15-14-14	11-14-14-12-15-11-14-15-15-15-0-15	14-16-16-15-14-15-16-14-15-15-11-14	15-14-9-14-14-9-7-7-11-16-11-11	14-12-14-14-15-16-11-14-16-13-14-13	9-14-15-14-16-14-14-8-12-9-14-11	9-13-16-16-11-11-14-9-14-14-14-14	8-14-14-14-14-11-11-11-16-13-16-11
98	16	11-11-11-11-17-17-11-11-11-17-11-11	11-15-11-11-11-12-11-17-11-13-11-17	16-16-14-10-16-12-17-17-16-10-15-16	17-16-14-17-14-14-16-14-15-15-15-16	14-17-11-14-11-15-15-14-15-16-14-14	11-11-14-11-15-17-15-15-15-8-11-15	11-13-15-16-16-16-15-16-16-11-16-14	16-13-11-14-14-11-15-10-11-16-16-16	16-12-11-14-16-11-16-16-15-13-14-13	9-14-16-14-15-14-16-11-12-11-16-11	16-13-13-15-11-16-16-11-16-12-15-14	16-14-16-14-16-11-14-16-15-16-15-11
98	17	17-17-11-11-17-16-11-17-17-11-17-17	11-13-17-11-11-11-17-16-16-17-11-16	15-15-17-14-17-17-16-17-16-17-17-16	16-17-15-16-17-17-13-17-15-17-17-16	17-11-17-17-11-17-16-17-15-17-14-11	11-17-14-17-17-16-13-17-17-17-17-14	14-17-17-17-13-17-13-16-17-17-11-14	17-17-10-17-17-11-7-14-14-17-11-16	16-17-17-17-14-17-17-11-17-10-16-13	9-11-17-12-17-8-17-11-17-17-16-17	11-17-13-15-11-17-16-11-17-12-17-17	11-5-17-11-11-17-17-13-17-17-17-17
99	0	0-0-0-0-0-0-0-0-0-0-0-0	0-0-0-0-0-0-0-0-0-0-0-0	0-0-0-0-0-0-0-0-0-0-0-0	0-0-0-0-0-0-0-0-0-0-0-0	0-0-0-0-0-0-0-0-0-0-0-0	0-0-0-0-0-0-0-0-0-0-0-0	0-0-0-0-0-0-0-0-0-0-0-0	0-0-0-0-0-0-0-0-0-0-0-0	0-0-0-0-0-0-0-0-0-0-0-0	0-0-0-0-0-0-0-0-0-0-0-0	0-0-0-0-0-0-0-0-0-0-0-0	0-0-0-0-0-0-0-0-0-0-0-0
99	1	1-1-1-0-0-1-1-1-0-0-1-1	1-0-0-0-0-0-1-2-1-2-1-0	1-1-2-1-1-2-2-0-1-0-0-1	1-2-2-1-1-1-0-1-0-0-1-1	1-1-1-0-1-0-2-1-0-0-2-1	1-1-0-1-0-2-2-1-0-1-0-2	1-0-0-7-1-1-0-1-1-0-7-1	1-1-0-1-1-1-1-0-0-3-1-1	0-1-1-1-1-1-1-1-1-1-1-1	0-1-0-1-1-1-1-1-0-1-2-1	0-1-1-0-1-1-0-1-5-0-1-1	0-1-1-1-1-0-0-0-1-1-1-1
99	2	2-2-3-2-2-2-3-2-2-2-2-2	1-2-0-2-2-2-3-2-1-1-3-3	2-3-3-3-3-3-3-3-3-3-4-3	3-2-1-3-2-3-0-4-3-0-3-1	3-1-1-4-2-2-3-3-2-2-1-1	2-1-3-1-2-3-1-2-0-2-0-3	3-2-2-1-2-2-2-1-0-2-3-2	2-2-3-2-2-2-0-2-2-2-1-2	2-2-5-5-3-2-1-3-1-4-3-2	2-2-0-1-1-3-4-0-2-2-1-3	3-2-0-0-4-2-3-1-1-2-2-2	0-2-2-1-1-0-2-0-2-2-0-2
99	3	3-3-2-3-3-3-3-3-3-3-3-3	4-3-2-2-3-2-2-4-3-4-2-2	2-2-2-2-2-6-2-2-2-2-2-2	2-4-4-4-2-2-3-2-3-3-2-1	2-3-2-2-4-2-4-4-3-3-5-1	2-4-5-9-3-2-4-4-3-3-9-2	2-3-3-3-4-1-4-4-3-3-2-9	2-2-2-4-6-1-5-4-3-3-2-3	3-6-4-3-2-5-3-3-0-3-2-4	2-3-0-1-2-2-2-3-2-3-1-2	3-3-3-0-4-3-2-3-1-3-2-3	3-3-5-3-1-3-2-3-2-1-0-2
99	4	4-4-4-4-4-4-4-4-4-5-4-4	3-6-5-2-5-4-3-3-3-3-3-2	2-3-3-2-2-3-5-4-3-3-5-5	3-3-3-3-2-2-5-2-5-4-3-1	2-2-2-2-3-6-3-3-3-2-6-1	2-3-3-3-3-2-5-3-3-4-0-4	2-4-4-1-3-4-3-5-3-4-3-2	4-2-2-3-2-4-4-3-3-4-3-3	4-4-3-3-0-3-1-3-8-2-2-3	2-2-5-5-1-2-2-4-5-3-1-2	1-5-5-0-4-5-6-3-1-3-6-3	5-3-2-1-1-0-2-5-4-1-5-4
99	5	5-5-5-4-5-4-5-5-4-4-5-5	6-6-4-2-4-6-1-6-3-6-5-2	2-6-1-4-2-3-4-7-6-2-6-6	3-3-6-3-3-2-4-2-6-6-3-1	2-1-1-5-3-4-6-5-6-3-3-1	2-2-3-7-5-2-6-3-5-5-10-2	2-6-4-1-3-5-6-6-5-5-2-3	5-2-4-4-2-1-6-6-2-6-1-5	6-3-2-3-5-3-1-3-10-6-6-3	5-2-5-4-1-6-6-5-4-3-1-2	3-4-4-5-5-6-2-1-1-3-6-4	4-3-3-1-1-5-2-7-5-1-6-4
99	6	6-5-5-5-6-4-5-6-6-5-4-7	5-5-4-2-4-5-7-5-6-5-7-4	5-7-7-7-9-3-7-5-5-3-5-7	7-7-8-7-7-7-4-7-5-5-3-1	7-5-11-7-3-4-7-7-5-7-9-7	7-7-7-6-6-7-5-5-5-5-7-7	11-5-4-1-3-4-5-5-5-8-6-7	5-7-7-7-3-5-11-9-3-11-7-5	7-3-3-7-6-7-1-7-6-5-8-9	7-7-10-5-7-5-5-5-2-7-7-7	7-3-4-6-5-8-7-6-1-2-9-3	4-6-6-6-7-6-3-5-5-6-5-4
99	7	8-7-7-7-7-7-8-6-8-7-9-7	7-5-7-2-8-9-6-7-6-5-6-8	6-7-6-6-2-11-6-5-8-9-8-6	6-6-6-6-6-6-9-6-8-5-8-1	6-5-6-6-3-8-6-6-8-6-6-6	6-6-6-6-5-6-8-7-5-7-6-6	2-7-7-1-11-7-10-7-5-5-6-6	7-6-6-6-6-6-9-6-3-7-6-6	6-7-3-6-5-6-1-6-7-6-8-7	8-6-7-10-6-3-8-5-2-6-6-6	7-7-5-5-11-6-7-8-7-3-7-7	8-3-3-6-6-7-2-10-5-8-9-11
99	8	7-9-11-8-8-8-7-8-7-8-7-8	8-4-7-8-7-9-8-10-6-7-9-9	8-9-9-9-8-9-9-9-10-9-7-10	9-9-6-9-6-9-8-6-7-5-7-11	6-9-1-6-9-7-9-9-7-8-8-8	7-6-6-8-9-9-7-8-8-5-8-6	8-8-8-4-8-8-5-9-5-6-9-7	7-7-9-7-7-9-7-6-2-8-8-9	8-9-9-6-2-8-8-9-7-3-6-6	9-9-6-8-9-6-7-5-8-9-9-2	9-7-8-9-7-9-9-7-9-6-7-3	7-6-8-6-9-8-2-8-8-9-7-2
99	9	7-8-8-7-8-8-9-11-7-10-7-11	8-5-7-10-7-8-10-8-10-7-10-8	9-8-8-8-10-8-8-8-8-10-8-8	10-8-8-8-10-10-8-10-10-10-9-1	10-8-10-6-8-7-8-10-10-8-6-6	10-10-6-10-6-10-10-9-10-9-8-10	10-10-7-10-8-9-5-8-3-11-8-10	8-10-8-10-10-8-7-6-10-8-8-8	8-8-8-10-10-10-9-8-6-5-9-10	8-9-6-8-10-10-9-5-8-8-8-10	8-10-5-8-5-8-8-7-8-9-9-3	7-7-9-9-9-6-9-8-8-9-7-10
99	10	7-11-11-11-10-11-10-11-7-11-7-11	8-7-7-9-7-9-9-11-11-5-9-11	10-10-9-9-9-11-10-8-10-9-11-8	9-8-9-8-9-9-8-9-9-9-9-1	9-10-9-6-10-10-11-9-9-10-6-9	9-9-6-10-10-9-9-9-10-5-9-9	9-9-7-10-8-9-5-10-3-6-9-9	10-9-9-9-9-8-7-6-9-8-10-10	10-10-10-9-9-9-10-10-5-10-9-9	10-10-10-10-9-9-7-5-10-10-10-9	10-9-10-8-7-10-8-10-10-10-9-10	7-6-10-10-10-10-9-8-7-10-7-9
99	11	11-11-11-11-11-11-9-11-11-10-11-11	10-5-11-9-11-9-10-10-10-11-10-8	9-11-11-11-11-11-11-11-10-11-10-11	11-11-9-11-11-11-8-11-11-11-11-8	9-8-11-11-10-11-10-11-5-11-6-6	11-11-11-11-11-6-11-11-11-11-11-11	9-11-11-11-7-11-11-10-11-11-10-11	11-11-2-11-11-10-6-6-9-9-11-10	10-11-11-11-9-11-11-10-11-11-10-4	10-11-11-11-11-9-11-5-11-11-11-11	10-11-5-8-7-11-10-11-11-11-11-11	7-11-11-7-10-11-11-11-11-11-11-11
100	0	0-0-0-0-0-0-0-0-0-0-0-0	0-0-0-0-0-0-0-0-0-0-0-0	0-0-0-0-0-0-0-0-0-0-0-0	0-0-0-0-0-0-0-0-0-0-0-0	0-0-0-0-0-0-0-0-0-0-0-0	0-0-0-0-0-0-0-0-0-0-0-0	0-0-0-0-0-0-0-0-0-0-0-0	0-0-0-0-0-0-0-0-0-0-0-0	0-0-0-0-0-0-0-0-0-0-0-0	0-0-0-0-0-0-0-0-0-0-0-0	0-0-0-0-0-0-0-0-0-0-0-0	0-0-0-0-0-0-0-0-0-0-0-0
100	1	1-1-1-1-1-1-1-1-1-1-1-1	1-0-1-1-0-0-1-0-1-0-1-0	1-1-2-1-0-0-1-1-0-0-0-0	2-2-2-0-1-1-0-11-0-0-0-1	0-1-1-0-1-0-0-1-0-1-0-1	1-7-0-0-1-1-2-1-1-0-0-1	7-0-0-1-1-1-0-0-0-1-1-1	1-1-0-1-1-1-0-1-1-1-1-1	1-0-1-2-0-1-1-2-1-1-1-0	1-1-1-0-0-1-0-0-1-1-1-1	1-1-0-0-0-1-1-1-1-1-0-1	1-0-1-1-1-1-1-1-0-0-1-0
100	2	2-2-3-2-2-3-3-3-2-3-2-2	3-3-2-3-3-3-1-2-3-2-3-3	2-3-3-3-4-3-3-3-3-3-3-3	3-3-3-3-3-1-3-4-3-3-3-1	6-2-1-4-1-2-3-2-3-5-4-3	3-1-3-3-2-3-3-4-2-2-4-2	12-3-2-3-3-2-4-3-3-5-3-4	2-2-5-1-2-1-4-3-1-2-3-6	2-3-2-1-3-4-2-1-3-3-2-2	3-1-2-3-3-2-2-2-1-6-2-4	2-3-5-2-3-3-2-3-3-2-3-2	3-0-2-1-3-3-2-3-3-2-3-4
100	3	2-2-2-2-2-2-2-2-2-2-2-2	2-2-2-2-2-2-1-2-2-2-2-2	4-4-2-2-2-2-2-2-2-2-3-2	4-2-2-2-4-4-2-2-2-2-4-5	2-1-6-2-6-2-4-4-2-2-2-4	2-1-4-2-2-2-4-2-3-2-7-4	3-2-2-2-3-1-2-4-2-2-7-5	2-5-2-4-5-8-2-7-1-2-4-2	1-2-2-3-4-2-5-7-2-5-4-2	4-5-2-2-7-4-3-2-7-1-7-2	3-2-2-2-2-2-10-2-8-3-2-3	2-3-1-4-2-2-3-2-2-2-2-2
100	4	2-2-2-2-2-2-2-2-2-2-2-2	2-2-2-2-2-2-5-5-4-5-2-4	3-3-2-2-2-5-5-5-2-6-4-5	3-5-3-2-3-3-2-2-2-2-5-3	2-2-1-2-5-4-5-3-4-2-2-3	4-1-6-6-5-1-3-2-4-4-9-3	3-4-2-11-5-4-2-3-4-2-3-10	2-3-9-3-3-3-2-6-9-2-3-2	4-9-4-4-7-2-9-3-2-2-3-5	3-9-4-2-3-3-3-2-3-10-10-2	6-2-2-2-12-2-5-4-4-3-2-4	2-4-2-3-4-10-4-2-2-5-2-2
100	5	2-5-5-5-2-4-2-2-2-2-2-5	2-2-6-2-2-2-4-6-4-4-2-6	1-3-4-2-2-4-6-7-2-7-6-6	4-4-3-4-3-3-2-2-6-6-7-3	2-1-1-2-4-7-4-4-4-2-9-3	2-1-3-4-4-1-6-2-4-2-15-4	3-0-2-1-4-2-6-6-2-2-3-3	2-3-2-6-3-3-2-4-6-6-3-2	2-4-4-3-4-2-3-3-6-3-6-4	2-3-2-7-3-3-6-2-3-1-3-6	4-2-2-2-6-2-4-4-4-6-2-6	2-4-1-1-4-4-3-2-7-4-2-2
100	6	7-2-6-6-2-2-6-2-8-2-2-6	2-9-5-2-2-2-3-8-2-4-2-5	3-6-2-5-7-4-5-8-2-4-7-5	4-5-7-7-3-8-8-2-7-5-5-3	2-1-1-11-3-5-6-8-7-2-2-3	2-1-4-4-6-1-7-2-6-6-6-4	1-9-5-1-4-6-7-5-10-6-3-3	2-3-2-5-3-3-8-4-5-5-3-2	2-4-5-3-6-2-5-3-5-6-5-4	11-3-6-5-3-6-5-2-3-2-3-5	4-2-7-6-5-2-3-9-9-5-2-5	2-4-1-3-9-2-3-2-5-5-7-7
100	7	6-2-6-6-2-8-6-2-6-7-2-7	2-5-5-2-6-2-2-6-8-9-7-8	4-7-8-8-6-5-8-5-6-5-6-7	8-5-6-8-7-4-8-8-6-5-5-3	12-1-1-12-3-5-8-6-6-7-8-3	3-1-7-2-6-1-6-7-6-7-3-8	1-10-5-1-4-6-6-8-2-6-3-9	2-3-2-7-3-1-6-4-1-5-3-2	6-10-4-3-4-7-3-3-7-8-11-7	9-3-7-5-3-16-6-7-3-1-3-7	7-2-6-6-6-8-8-4-4-3-11-4	8-7-7-3-4-2-12-8-5-7-6-6
100	8	2-2-8-8-2-8-6-8-6-8-8-7	2-6-5-2-6-7-10-6-7-4-10-7	4-8-10-10-7-7-7-7-9-10-10-9	7-6-9-7-12-6-7-12-9-9-5-7	7-5-1-9-4-5-7-6-9-12-7-3	4-7-7-12-8-1-6-7-8-8-3-7	3-11-10-3-10-9-7-7-8-2-3-9	2-8-12-3-7-3-6-3-1-8-3-2	4-4-4-4-4-7-1-3-7-7-8-7	9-4-8-7-3-7-6-12-3-1-3-9	4-2-5-6-6-7-7-4-4-3-7-4	7-4-7-3-4-2-9-7-5-7-6-6
100	9	10-10-8-2-9-9-10-2-9-2-8-9	10-5-6-10-7-6-10-10-11-7-10-10	12-10-10-10-8-10-10-10-10-8-8-8	10-10-10-8-11-11-7-13-8-8-8-13	10-10-16-8-10-5-10-10-8-10-11-10	10-10-8-13-8-10-10-10-6-8-4-10	2-8-8-9-10-8-6-9-8-10-10-7	8-8-8-10-7-3-6-11-4-9-9-2	4-4-9-4-9-10-10-10-7-8-8-7	8-4-7-5-10-7-6-2-10-2-10-8	10-2-6-9-6-9-4-6-6-3-7-4	9-7-9-10-6-4-8-2-5-9-6-6
100	10	10-10-10-10-10-10-11-11-10-10-10-10	11-11-10-9-10-11-9-9-9-11-9-9	9-9-9-9-9-9-9-9-9-8-11-9	9-9-9-8-8-9-12-9-11-11-11-9	9-9-9-8-9-11-9-9-11-9-10-9	9-9-11-9-10-9-11-10-11-10-2-9	2-10-10-1-10-10-12-11-8-9-9-7	2-11-8-9-10-1-16-9-4-10-9-2	9-4-12-3-6-9-9-11-9-6-6-12	11-4-12-11-9-7-9-2-3-4-3-11	9-8-10-13-16-13-3-4-4-3-7-10	9-9-7-3-9-4-8-10-10-10-10-6
100	11	11-11-10-12-11-10-10-10-10-10-10-11	10-10-10-12-10-10-12-16-9-10-12-12	11-12-12-8-11-12-12-12-11-10-10-11	12-11-12-12-8-9-11-9-10-10-11-9	2-12-9-15-13-10-12-12-10-8-9-11	12-15-10-11-10-16-10-11-10-8-14-9	11-8-10-11-11-8-6-12-8-9-14-11	11-10-14-10-10-12-10-9-9-11-11-12	11-12-13-12-12-11-11-10-7-2-7-7	14-11-7-12-13-8-10-2-13-12-11-10	14-2-14-10-10-11-12-11-12-3-7-4	11-7-11-3-11-2-8-11-11-11-10-2
100	12	12-12-12-12-13-12-12-12-12-11-11-13	13-13-10-11-10-13-11-14-11-13-11-11	11-11-11-8-13-11-11-11-11-13-13-11	11-11-13-11-8-11-12-8-12-12-12-9	7-11-9-7-11-12-11-11-13-8-13-11	11-9-10-9-10-11-13-12-12-12-11-12	2-13-13-11-13-12-13-11-15-9-11-12	2-10-8-10-3-11-12-13-4-12-11-11	2-11-10-16-11-11-14-13-11-14-3-11	11-4-12-13-3-15-12-13-12-11-11-13	12-12-14-12-2-11-11-11-11-3-7-10	12-7-11-3-11-10-7-11-11-11-14-12
100	13	14-15-14-16-13-14-15-14-14-16-13-14	12-12-12-14-12-14-14-13-14-14-14-14	13-14-14-14-14-14-14-14-14-14-12-14	14-11-12-14-14-14-13-9-12-12-12-9	14-11-9-14-11-12-14-14-12-8-13-14	13-14-14-15-10-11-14-13-10-7-13-14	16-12-12-11-14-13-12-14-8-13-11-14	13-14-11-14-14-11-10-13-4-10-11-11	11-11-14-14-16-13-15-12-14-15-14-7	11-14-14-15-14-15-14-12-14-11-11-13	11-14-12-10-10-11-11-12-11-14-14-15	9-15-13-3-11-4-14-11-15-11-6-12
100	14	13-14-13-14-13-14-13-13-13-13-13-13	13-15-16-13-14-13-13-13-13-13-13-13	11-13-13-13-13-13-13-13-13-13-15-13	13-14-15-13-13-13-13-13-15-14-13-9	13-11-9-13-13-14-13-13-14-14-13-13	14-13-13-14-14-9-13-14-14-14-11-13	3-13-10-1-13-14-15-13-15-14-11-13	2-13-11-13-13-11-10-13-4-14-11-11	11-11-14-13-14-15-11-3-13-14-13-13	11-13-13-13-13-13-13-14-13-11-13-15	11-13-16-15-15-11-11-15-11-3-13-13	15-15-11-3-11-14-13-11-11-14-16-12
100	15	15-16-16-16-16-13-15-16-16-16-16-16	16-12-16-16-16-16-16-15-13-16-13-16	13-16-13-16-14-16-13-13-16-14-14-15	15-15-14-15-15-13-15-11-14-15-14-9	13-11-9-11-15-14-16-16-14-15-15-15	15-15-13-15-15-14-14-14-14-14-14-16	16-14-15-13-16-15-14-15-12-15-11-15	11-13-11-13-13-11-10-13-15-14-16-15	2-11-16-13-15-15-15-15-7-15-13-7	15-15-15-13-14-13-14-12-15-11-11-14	16-13-14-14-14-13-15-14-15-16-7-15	16-14-15-15-15-2-8-11-15-14-14-12
100	16	16-16-15-15-16-16-15-15-15-15-16-16	15-14-16-15-15-15-15-15-13-16-13-15	15-15-16-13-16-15-16-16-15-16-16-16	16-16-16-15-16-16-15-16-14-16-16-9	16-11-9-16-16-16-15-15-14-16-13-9	16-16-16-13-16-11-16-16-16-16-16-15	13-16-16-16-15-16-7-14-16-16-15-13	16-16-13-16-16-11-10-15-15-16-15-11	4-16-16-16-13-16-16-15-16-2-13-7	15-16-16-16-16-16-16-12-15-16-16-16	15-16-14-12-15-16-15-15-16-15-16-16	15-4-16-15-15-16-16-11-16-16-14-12
101	0	0-0-0-0-0-0-0-0-0-0-0-0	0-0-0-0-0-0-0-0-0-0-0-0	0-0-0-0-0-0-0-0-0-0-0-0	0-0-0-0-0-0-0-0-0-0-0-0	0-0-0-0-0-0-0-0-0-0-0-0	0-0-0-0-0-0-0-0-0-0-0-0	0-0-0-0-0-0-0-0-0-0-0-0	0-0-0-0-0-0-0-0-0-0-0-0	0-0-0-0-0-0-0-0-0-0-0-0	0-0-0-0-0-0-0-0-0-0-0-0	0-0-0-0-0-0-0-0-0-0-0-0	0-0-0-0-0-0-0-0-0-0-0-0
101	1	1-1-1-1-1-1-1-1-1-1-1-1	1-0-1-1-0-2-1-0-0-0-2-0	0-2-2-2-2-0-2-0-0-0-0-1	2-0-2-3-2-2-0-2-1-0-2-3	2-0-2-2-1-1-2-2-1-1-1-2	2-2-1-1-1-1-1-2-1-1-7-0	1-1-1-0-1-1-1-2-0-1-1-1	1-1-1-1-1-1-1-1-1-1-2-0	0-0-1-1-2-1-0-4-1-1-1-1	1-1-1-4-2-2-1-1-1-0-2-1	0-1-1-0-1-1-0-0-0-1-1-1	0-1-1-1-2-1-1-0-2-0-2-1
101	2	2-2-1-2-2-2-2-2-2-2-2-2	2-2-2-1-2-2-1-2-2-2-1-2	5-3-1-1-1-5-5-0-4-5-3-3	1-3-1-1-1-1-2-1-1-2-4-1	1-2-1-1-3-1-3-3-3-2-4-1	3-4-4-2-2-1-3-1-2-2-5-2	4-2-2-2-3-2-2-3-2-2-1-5	11-1-3-3-2-2-3-3-3-2-4-2	2-5-2-2-1-2-2-3-1-2-1-3	3-6-2-2-1-1-1-2-1-3-1-1	2-2-2-0-2-2-0-2-3-6-3-2	2-3-3-3-2-2-1-2-1-3-1-1
101	3	3-3-3-3-3-3-3-3-3-3-3-3	3-3-3-1-3-4-2-2-2-2-2-4	0-2-2-1-1-2-4-2-3-2-4-4	2-2-2-1-1-1-2-1-4-4-2-1	1-0-1-1-2-5-2-2-2-3-4-1	2-2-2-2-3-1-4-3-3-3-3-3	2-1-3-9-2-3-2-4-3-3-1-2	3-1-2-2-7-3-2-2-2-4-2-2	3-3-2-2-3-2-4-2-3-4-1-2	2-2-3-3-1-2-1-3-1-2-1-1	5-3-5-0-2-2-4-4-2-2-2-2	5-2-2-2-0-3-1-3-3-2-4-3
101	4	4-4-4-4-3-4-4-4-4-3-4-3	2-5-3-1-4-4-1-4-5-5-3-3	0-4-2-5-1-2-3-6-5-2-5-3	2-2-5-1-2-2-5-1-5-3-2-1	1-0-1-5-2-3-5-4-5-4-3-1	1-2-2-2-4-1-5-5-4-4-4-3	2-5-4-3-2-4-5-5-5-4-1-2	5-1-1-3-1-7-5-5-2-3-2-0	4-2-5-2-4-2-3-1-3-4-6-2	1-2-4-3-1-12-7-4-3-2-4-6	2-5-3-4-5-6-3-3-2-1-3-2	4-3-1-4-1-4-1-0-5-4-5-5
101	5	4-5-5-3-4-5-3-4-5-3-4-5	5-4-3-1-4-4-6-2-6-4-6-3	6-5-6-7-6-2-6-6-4-2-4-6	5-6-4-5-6-6-4-5-4-3-2-5	6-2-1-6-2-3-6-6-4-5-6-6	6-6-6-2-4-1-4-4-4-4-2-5	2-4-4-0-2-4-4-4-4-4-6-6	4-6-6-6-2-5-4-4-2-4-5-2	2-2-4-2-4-2-2-6-3-5-3-7	6-2-4-5-6-5-5-4-4-2-5-6	2-4-3-5-5-5-0-3-6-1-5-2	4-5-5-5-6-4-1-0-4-6-4-4
101	6	6-6-6-6-6-6-6-6-6-6-6-6	7-4-7-1-7-7-5-7-7-7-5-7	5-6-5-5-5-7-7-5-7-7-7-7	5-5-5-5-5-5-8-5-7-6-7-5	5-0-1-5-2-7-7-5-7-6-5-5	5-5-5-6-8-1-7-6-6-6-2-6	2-7-6-0-12-6-5-7-4-10-5-5	6-5-5-5-5-7-8-7-2-4-5-6	5-6-2-2-6-6-6-5-7-5-6-8	7-2-6-5-5-5-7-4-1-2-5-5	6-4-12-7-6-6-0-5-5-2-5-5	6-5-5-5-5-4-1-0-6-5-8-6
101	7	6-6-6-7-3-6-6-7-5-7-7-6	6-4-6-1-6-6-7-6-6-6-5-8	8-6-8-5-7-8-6-7-8-8-6-6	8-8-7-5-5-5-7-5-6-7-6-7	5-8-7-7-8-6-6-7-6-7-7-7	10-7-6-7-9-8-6-8-6-4-1-6	7-6-4-8-7-7-10-6-4-6-8-5	2-5-8-7-3-8-6-6-2-7-8-8	8-8-6-8-10-7-8-8-6-7-5-5	8-8-8-8-8-4-6-4-7-8-8-1	8-7-7-8-7-5-8-7-8-7-5-2	7-5-7-8-8-7-7-11-7-7-6-6
101	8	9-10-9-10-11-9-8-9-10-9-8-10	10-6-9-10-10-9-9-8-9-11-9-9	8-7-7-9-11-9-9-8-9-9-9-8	7-7-9-10-10-9-6-5-6-11-9-7	10-7-9-11-7-8-7-9-9-8-10-5	9-9-10-7-6-9-9-9-3-4-2-10	10-9-11-7-7-8-9-7-9-6-9-9	4-9-10-9-9-7-6-12-2-7-7-7	7-7-2-9-9-8-9-7-10-10-9-6	7-7-7-7-10-9-10-4-7-7-7-9	7-12-9-7-4-9-7-7-7-8-8-9	10-9-10-7-7-4-11-7-7-7-6-9
101	9	8-8-8-8-8-8-8-8-8-8-8-8	8-4-8-8-8-8-10-11-8-8-10-10	10-10-10-8-8-8-8-10-8-8-10-10	10-10-8-8-8-8-9-5-8-8-8-10	8-10-10-8-10-8-10-8-8-9-9-10	8-10-8-7-7-12-8-8-9-8-1-7	8-8-8-10-7-8-8-10-8-6-8-8	9-8-11-8-8-10-6-8-2-9-7-11	9-11-10-8-8-8-8-10-8-8-8-5	10-10-7-7-8-8-8-4-7-11-9-8	10-9-8-7-9-8-11-7-10-11-8-8	7-8-7-10-9-8-8-7-7-7-6-8
101	10	8-8-8-8-8-10-8-8-8-8-8-8	8-11-11-8-8-8-9-8-8-11-9-9	9-9-9-8-8-11-11-9-9-10-11-9	9-9-10-8-8-8-11-8-11-10-10-9	8-9-9-8-9-11-9-8-11-9-11-9	9-9-8-9-7-8-11-8-10-10-4-8	8-8-10-9-11-8-11-9-10-6-8-8	9-8-8-8-8-9-6-6-2-10-7-7	9-9-9-9-7-8-10-9-8-11-8-11	8-9-10-12-8-8-8-4-8-9-7-8	9-11-10-7-12-10-9-7-9-9-11-12	8-5-8-9-9-6-8-7-7-7-6-12
101	11	8-8-10-8-8-10-8-8-8-12-8-8	12-10-10-8-10-8-8-9-8-8-8-10	9-9-9-8-8-10-10-12-9-10-10-11	12-9-11-12-11-8-10-8-10-8-11-11	8-9-12-8-9-10-12-12-10-11-10-11	11-8-8-11-6-9-10-8-10-10-11-12	8-8-8-11-10-8-10-12-10-8-8-11	9-8-11-11-8-7-6-6-12-9-12-9	12-9-11-11-11-8-11-11-10-10-8-10	11-11-11-10-8-8-11-4-11-9-11-8	11-10-8-7-10-11-9-11-11-11-10-2	11-5-11-11-11-4-8-7-7-9-6-10
101	12	12-12-12-12-12-12-8-12-8-12-12-12	11-10-12-8-12-8-8-11-10-12-9-9	11-12-12-11-12-12-12-12-9-12-12-12	11-12-11-11-12-12-10-5-12-12-12-11	8-9-12-12-9-12-11-12-10-12-1-5	12-12-8-11-12-9-12-11-12-12-12-11	11-12-12-12-10-12-10-11-12-12-8-12	12-12-5-12-12-9-12-8-11-11-11-9	11-12-12-12-8-12-12-11-12-8-11-10	11-12-12-10-12-4-12-11-11-12-12-12	7-12-12-7-10-11-9-12-12-12-12-12	11-12-12-11-12-12-12-7-12-12-6-10
102	0	0-0-0-0-0-0-0-0-0-0-0-0	0-0-0-0-0-0-0-0-0-0-0-0	0-0-0-0-0-0-0-0-0-0-0-0	0-0-0-0-0-0-0-0-0-0-0-0	0-0-0-0-0-0-0-0-0-0-0-0	0-0-0-0-0-0-0-0-0-0-0-0	0-0-0-0-0-0-0-0-0-0-0-0	0-0-0-0-0-0-0-0-0-0-0-0	0-0-0-0-0-0-0-0-0-0-0-0	0-0-0-0-0-0-0-0-0-0-0-0	0-0-0-0-0-0-0-0-0-0-0-0	0-0-0-0-0-0-0-0-0-0-0-0
102	1	0-1-1-1-1-1-1-1-1-1-1-1	1-0-0-1-1-1-0-0-1-0-1-0	3-0-0-2-1-2-2-0-2-0-2-1	2-0-2-3-2-2-0-1-2-0-2-0	2-0-0-2-0-1-2-2-1-0-1-2	2-2-1-1-0-0-2-2-0-1-9-0	3-1-1-0-0-1-1-0-1-1-2-0	1-1-1-1-1-0-1-1-1-0-0-0	0-0-0-1-1-1-0-2-1-1-1-1	0-1-1-0-2-2-1-1-0-0-0-1	0-1-2-0-1-0-0-0-0-1-1-1	0-1-1-0-1-0-1-0-2-0-2-1
102	2	2-2-2-2-2-2-2-2-2-2-2-2	3-2-2-1-2-2-2-3-2-3-1-3	6-3-3-1-1-3-3-3-1-3-2-1	1-3-1-1-1-1-3-1-1-2-3-0	1-2-1-1-3-1-3-3-3-2-1-1	1-3-4-6-2-0-3-1-2-2-6-2	1-2-2-2-3-2-2-3-2-2-3-6	2-1-6-3-2-2-2-3-6-0-2-5	2-6-2-2-2-2-2-3-1-2-1-2	3-2-2-0-1-1-2-2-0-4-2-1	2-2-2-0-2-2-0-6-3-3-3-2	2-2-1-2-2-2-2-0-1-0-1-1
102	3	3-3-3-3-3-3-3-3-3-3-3-3	2-3-3-1-2-3-2-2-2-2-1-2	1-3-2-1-1-2-4-5-4-2-4-4	2-2-4-1-1-1-2-1-4-3-2-0	1-3-0-1-2-4-2-2-2-3-1-1	2-2-2-2-3-0-2-4-3-3-3-3	1-3-3-2-2-3-3-4-3-3-2-2	3-1-4-4-4-2-3-2-2-3-2-0	3-3-2-2-3-2-0-4-4-3-1-4	4-2-3-3-1-2-1-3-4-2-4-4	4-2-4-0-3-4-4-2-2-2-2-2	0-2-1-2-3-5-4-5-6-7-5-3
102	4	4-4-4-4-4-5-4-4-4-4-4-4	5-5-3-1-2-5-2-5-4-5-3-5	1-4-2-2-1-2-5-4-3-2-5-3	2-5-5-5-1-1-4-1-4-5-5-0	1-5-5-6-2-3-5-4-5-5-1-5	5-2-2-2-4-0-5-3-4-4-5-3	2-3-4-5-2-4-4-3-7-4-5-4	4-1-3-3-3-0-6-2-2-4-2-0	2-2-2-2-0-2-0-3-3-5-4-3	3-2-4-5-1-3-9-3-3-2-3-3	3-4-3-6-5-3-3-2-2-2-3-2	8-2-1-5-10-3-3-5-5-5-4-5
102	5	4-4-4-3-6-4-3-4-5-6-5-4	4-4-4-5-6-4-5-4-8-4-6-4	2-5-6-6-5-6-6-3-7-5-4-5	6-5-6-6-5-6-5-1-6-4-4-5	7-4-7-9-7-3-4-9-4-8-9-8	13-8-6-2-4-5-4-6-4-4-4-5	6-4-3-3-2-4-2-6-2-4-4-2	3-5-5-6-9-7-4-6-2-4-9-2	2-5-2-5-9-6-5-5-6-4-5-3	6-10-5-4-5-5-6-4-0-5-3-5	5-2-4-4-8-4-3-3-4-5-6-2	4-3-1-4-4-3-2-3-5-4-3-5
102	6	6-4-6-7-5-6-3-4-4-5-3-7	5-4-4-6-5-4-7-7-5-4-7-7	7-6-7-8-8-7-7-7-7-6-7-7	7-7-5-5-6-7-5-7-5-4-6-7	10-8-5-8-7-6-7-7-4-5-5-5	8-8-5-2-5-7-7-5-4-4-2-9	7-8-4-2-7-6-4-7-4-6-5-2	2-7-2-7-7-7-4-5-7-7-5-0	2-2-7-7-9-5-0-7-5-4-9-3	5-5-5-7-7-6-5-4-7-7-7-9	9-2-4-4-3-8-0-2-0-6-5-2	4-6-6-4-4-4-6-0-3-0-4-6
102	7	7-7-7-7-7-7-7-7-7-7-7-7	5-9-7-6-5-8-6-6-5-4-6-6	6-6-6-6-6-6-8-6-8-6-8-6	6-6-6-7-6-6-7-6-8-7-7-6	6-6-5-6-6-9-6-6-7-7-5-5	5-6-9-6-7-6-6-8-7-7-5-6	6-9-4-0-6-7-9-6-4-4-0-6	7-8-5-6-8-6-4-5-6-6-5-0	7-7-8-6-8-5-14-6-7-4-5-8	5-8-5-6-6-6-5-8-6-8-6-6	0-8-14-4-12-8-10-8-0-8-5-2	8-6-6-4-8-8-6-0-8-7-8-7
102	8	8-8-8-8-8-8-8-8-7-7-9-8	8-9-9-6-5-7-6-9-5-4-6-6	6-8-6-6-6-7-7-6-7-6-9-7	6-9-9-10-6-6-7-6-9-9-7-6	6-6-5-6-6-7-9-8-9-5-5-5	6-6-6-6-8-6-9-7-9-8-5-6	6-7-4-0-7-7-9-7-8-4-0-8	7-7-5-7-7-8-9-5-6-12-5-8	10-6-7-6-8-5-0-5-8-8-7-13	5-7-10-6-6-6-5-7-7-7-7-6	0-9-7-4-14-7-0-9-8-7-5-6	4-6-6-4-7-7-6-11-7-7-7-7
102	9	10-10-8-8-8-10-8-8-7-10-8-11	8-7-8-6-5-8-6-8-10-4-10-6	10-11-10-6-6-7-10-11-10-8-8-9	11-10-8-10-11-11-8-1-8-8-8-9	13-10-11-13-10-7-10-10-8-11-5-11	10-11-7-6-9-6-8-11-8-8-11-6	10-7-4-9-8-9-8-7-3-14-11-8	7-3-10-10-5-10-8-5-9-9-5-9	9-9-10-11-5-5-10-11-8-9-6-10	10-13-9-11-6-6-8-8-10-9-9-6	11-8-7-4-8-14-13-11-11-5-5-2	9-9-9-9-9-9-9-0-8-9-7-7
102	10	10-10-10-10-10-10-11-10-10-11-10-10	11-11-8-6-11-11-10-11-9-11-11-12	9-9-9-6-9-9-11-11-9-12-11-11	9-9-9-8-9-9-10-6-11-8-11-9	6-9-9-9-9-10-9-9-8-10-5-9	9-9-5-10-9-6-9-10-8-10-4-10	9-10-11-9-9-11-10-11-8-10-9-8	10-11-9-11-10-9-4-5-9-10-5-8	10-9-9-9-8-5-9-9-10-11-11-9	9-11-8-12-9-11-11-10-11-9-9-6	9-8-11-7-10-11-9-9-9-5-9-11	9-6-9-9-8-8-6-0-7-7-13-10
102	11	11-10-8-10-10-11-11-11-13-10-11-9	10-10-13-6-10-10-10-10-9-10-10-10	9-9-11-6-6-12-12-10-9-13-12-10	9-9-12-11-9-9-12-6-12-11-10-9	6-9-9-13-9-10-12-11-12-9-9-9	9-9-11-11-11-6-12-9-11-11-9-10	9-10-12-9-10-10-11-10-8-4-9-11	11-10-9-10-10-9-7-5-9-11-5-12	9-9-13-9-11-9-9-9-3-10-10-7	9-10-11-9-6-10-10-10-10-9-9-6	9-12-10-11-10-10-10-9-9-5-5-10	9-12-9-9-9-7-6-11-13-7-11-11
102	12	14-11-11-10-11-11-10-11-12-14-11-14	13-11-11-6-13-10-13-13-13-13-13-13	9-12-13-13-12-13-11-13-13-10-11-13	13-12-11-13-9-9-11-6-11-12-11-9	12-12-9-9-9-10-11-12-11-12-12-14	9-9-7-13-12-6-11-9-8-11-5-13	9-7-11-12-13-12-11-13-8-11-9-13	10-7-11-10-5-9-10-5-9-11-13-11	14-9-13-6-12-5-12-12-9-10-14-8	12-12-11-13-6-12-11-14-12-9-13-6	12-11-13-11-7-12-9-13-12-5-12-2	9-11-9-12-12-12-9-12-11-13-10-12
102	13	11-13-14-13-11-11-14-13-11-14-14-11	12-10-11-6-12-10-12-12-12-12-12-12	14-13-14-14-13-12-12-12-12-11-12-12	12-12-12-12-12-12-11-12-12-12-13-13	9-12-13-11-9-10-14-13-11-12-11-12	13-9-5-13-12-12-11-9-11-10-13-12	13-7-11-13-12-12-10-12-11-13-13-12	11-7-9-14-10-9-10-5-13-10-13-8	14-9-11-6-5-13-13-12-13-10-13-8	9-13-13-12-11-4-11-7-9-9-12-6	12-11-12-11-8-13-9-12-13-11-5-10	13-13-13-13-13-13-9-13-11-13-10-13
102	14	14-14-14-14-14-14-14-14-14-12-14-14	12-11-14-6-14-13-12-12-12-14-12-12	13-13-13-13-14-14-14-14-13-14-14-14	12-14-12-14-14-14-11-14-14-14-14-13	14-12-14-14-14-14-13-14-11-14-1-12	14-14-14-14-14-14-14-14-14-14-14-12	13-14-14-14-12-14-10-12-14-14-12-14	14-14-5-13-14-10-4-5-13-9-12-14	13-14-14-14-5-14-14-7-14-5-12-9	9-14-14-14-14-14-14-12-12-14-14-14	12-14-7-4-8-9-14-8-14-14-14-14	13-14-14-9-12-14-14-14-14-14-10-7
103	0	0-0-0-0-0-0-0-0-0-0-0-0	0-0-0-0-0-0-0-0-0-0-0-0	0-0-0-0-0-0-0-0-0-0-0-0	0-0-0-0-0-0-0-0-0-0-0-0	0-0-0-0-0-0-0-0-0-0-0-0	0-0-0-0-0-0-0-0-0-0-0-0	0-0-0-0-0-0-0-0-0-0-0-0	0-0-0-0-0-0-0-0-0-0-0-0	0-0-0-0-0-0-0-0-0-0-0-0	0-0-0-0-0-0-0-0-0-0-0-0	0-0-0-0-0-0-0-0-0-0-0-0	0-0-0-0-0-0-0-0-0-0-0-0
103	1	1-1-1-2-1-1-1-1-1-1-1-1	2-1-1-2-1-2-2-1-2-1-2-2	1-3-2-1-2-2-2-1-2-2-1-2	2-0-2-2-0-0-2-3-2-2-2-0	3-0-1-2-0-1-2-1-2-2-2-0	2-2-2-1-1-4-1-3-1-1-8-2	1-1-1-1-1-1-2-2-2-1-1-1	1-1-2-1-1-2-2-2-1-1-2-2	1-2-2-1-1-3-2-1-3-1-1-2	2-1-2-3-3-2-3-3-2-2-6-1	1-2-2-1-1-2-1-1-1-2-2-1	2-2-1-1-1-2-3-6-3-1-1-1
103	2	1-1-1-1-1-1-1-1-1-1-1-1	1-1-1-2-1-1-1-1-1-1-3-3	4-2-1-3-4-1-3-3-1-2-3-3	3-0-1-1-3-3-1-4-1-1-3-6	5-0-9-4-0-2-3-3-1-1-1-5	1-1-3-2-1-1-3-2-1-1-0-3	2-1-1-0-2-2-1-3-1-2-3-1	1-3-3-3-2-1-1-1-2-2-1-1	0-1-1-2-3-1-1-3-1-1-3-1	1-4-1-1-1-3-1-1-7-1-0-3	0-1-1-0-1-1-0-1-0-1-1-1	1-1-2-1-1-1-2-1-1-1-1-2
103	3	1-1-2-1-1-1-1-1-1-1-1-3	1-1-1-2-1-1-1-6-3-4-2-2	0-4-5-2-2-6-2-4-1-6-4-2	4-4-4-1-2-5-1-1-2-3-4-0	1-3-2-2-4-2-4-4-4-1-5-2	4-5-5-4-3-5-4-1-3-3-10-2	5-3-1-3-4-2-3-2-3-1-3-4	1-2-2-4-2-1-1-4-3-1-6-1	3-6-3-3-2-1-3-3-1-1-2-1	4-2-1-1-1-2-1-1-1-4-3-2	3-1-1-0-3-3-1-3-4-2-1-3	1-3-4-4-1-1-1-3-1-4-1-1
103	4	4-4-4-4-5-4-4-4-4-4-4-4	1-4-6-2-6-1-1-3-3-3-1-6	2-3-3-2-2-3-5-3-1-3-5-5	3-3-3-1-2-3-1-2-5-5-3-2	4-0-2-2-3-6-3-3-3-4-5-2	3-4-3-1-4-3-5-4-4-4-11-4	2-2-4-5-3-4-3-4-4-4-3-6	1-2-3-5-8-1-5-4-3-5-1-1	3-1-3-3-8-1-5-3-4-5-2-3	3-2-1-4-1-1-1-4-2-3-3-2	3-1-6-1-3-1-5-5-3-3-1-3	6-3-3-3-1-4-6-1-4-1-1-2
103	5	6-5-5-5-4-5-5-5-5-6-6-4	1-6-4-2-5-1-1-6-1-6-1-4	2-5-3-2-2-3-4-7-6-6-6-4	3-3-6-1-2-3-6-2-6-4-3-0	7-0-2-6-3-4-6-5-6-3-4-2	1-3-3-0-5-3-6-6-5-5-13-4	3-6-1-4-3-4-6-6-5-7-3-6	1-2-2-4-4-1-4-6-3-4-1-1	7-3-6-3-0-3-4-8-1-7-7-3	4-2-5-1-1-6-4-5-6-1-5-2	0-6-4-5-6-1-4-4-3-3-1-3	1-4-3-5-1-5-3-1-6-5-4-6
103	6	5-4-6-6-6-6-4-6-6-5-5-4	7-5-4-2-4-5-7-3-7-5-7-4	7-7-7-7-7-3-7-7-6-3-5-7	6-3-7-6-7-7-5-6-5-4-3-6	9-0-6-7-3-4-7-7-5-6-7-7	7-7-7-9-5-8-5-5-5-5-7-6	6-5-5-0-3-5-5-7-5-1-7-7	5-7-14-7-4-1-4-5-3-2-6-1	3-3-5-3-0-1-3-7-1-6-7-8	5-2-8-6-7-6-6-5-6-1-6-2	3-5-4-7-5-8-4-4-3-7-1-3	4-6-6-6-1-5-4-1-4-6-1-5
103	7	7-7-7-7-7-7-7-7-5-7-7-8	9-8-8-6-8-8-6-8-6-8-6-6	6-7-6-6-6-8-6-7-8-7-8-6	7-7-8-6-6-6-7-6-8-5-7-2	6-0-2-6-3-8-8-6-8-7-6-6	6-6-6-7-10-6-8-7-7-5-6-7	3-8-7-0-3-4-5-8-5-5-6-6	1-6-6-6-4-8-10-12-3-7-6-1	6-1-3-3-10-11-1-6-8-6-6-7	8-2-7-6-6-6-6-5-2-1-6-2	0-1-9-12-11-7-0-1-12-6-1-3	7-6-6-6-1-5-2-1-13-6-10-5
103	8	9-7-9-9-4-7-7-1-8-8-8-7	7-7-7-2-7-7-9-9-9-7-9-9	10-9-9-6-8-9-7-9-9-9-7-8	9-8-9-9-6-9-5-6-7-5-8-9	11-9-9-8-9-7-9-10-7-8-8-12	9-6-7-8-8-14-7-9-5-5-1-8	8-7-8-10-8-8-5-7-5-8-10-1	1-7-9-7-4-9-7-6-3-8-8-10	10-11-8-9-11-1-10-9-9-1-2-6	9-9-6-8-13-5-7-5-9-10-10-2	10-1-8-9-5-10-9-10-11-6-1-3	7-6-9-8-11-1-1-14-9-10-1-2
103	9	9-9-9-9-10-10-7-9-8-9-9-9	10-7-11-8-10-7-8-8-8-7-8-8	8-8-8-11-6-8-10-8-10-8-10-8	8-8-8-8-6-8-9-6-10-9-10-8	6-8-8-6-8-9-8-9-10-9-11-6	8-8-6-10-8-8-10-8-9-9-6-9	8-10-7-9-8-9-10-8-9-9-8-5	1-7-8-8-2-8-7-8-3-9-8-8	8-8-3-8-12-7-12-8-8-8-9-7	8-2-7-10-6-7-8-5-11-8-8-2	8-12-11-8-1-8-8-8-8-6-1-3	10-6-8-6-8-5-2-1-10-11-7-9
103	10	9-9-10-9-9-9-9-9-10-11-9-7	9-7-9-11-9-11-11-11-12-7-11-11	8-11-11-11-11-3-9-11-9-11-9-10	11-8-8-10-11-11-9-6-11-9-9-8	14-8-14-10-8-11-11-11-9-10-10-6	11-11-11-10-10-11-11-10-10-5-3-11	11-10-9-8-11-11-9-9-4-10-8-11	7-10-13-11-10-8-7-13-14-8-8-8	8-8-3-11-14-1-8-8-12-6-11-7	11-10-7-9-11-10-7-5-10-8-8-10	8-1-6-7-5-8-8-8-8-10-1-3	9-6-10-6-8-5-10-1-9-8-7-5
103	11	9-12-10-14-11-12-11-13-11-11-9-11	12-7-9-10-12-11-10-10-10-12-10-10	8-10-10-10-10-12-10-10-10-10-12-11	10-11-13-12-10-10-5-6-10-13-10-8	8-8-8-13-8-10-10-10-12-10-13-6	10-10-10-8-11-10-10-10-11-11-3-10	10-13-12-8-10-10-5-11-11-10-8-10	1-10-10-10-10-8-7-5-10-8-8-8	8-8-3-10-8-7-8-13-12-5-10-11	10-10-9-13-10-10-11-5-9-8-8-10	8-11-13-11-13-8-8-8-8-10-11-3	9-11-8-11-8-5-10-1-9-8-7-11
103	12	14-12-13-13-14-14-13-14-13-14-13-13	13-14-14-10-13-13-13-14-13-13-13-13	12-13-13-12-12-11-12-12-13-13-12-12	12-11-12-13-12-11-14-8-11-11-9-8	8-8-10-11-8-11-13-13-11-12-12-13	12-10-11-12-10-14-11-13-5-5-5-13	14-9-12-11-12-12-13-11-11-13-12-11	9-10-10-13-11-14-12-12-10-12-13-12	12-8-13-10-10-13-13-11-14-12-10-11	13-14-13-11-10-10-14-14-14-13-13-10	14-9-13-7-12-13-8-14-13-14-11-12	14-6-12-12-13-10-10-12-13-13-12-14
103	13	13-14-14-14-14-13-12-12-14-14-12-12	12-14-12-14-12-14-14-13-14-12-14-12	13-12-12-12-13-14-13-12-12-12-13-13	14-12-12-12-10-12-12-6-10-11-10-8	8-8-13-11-8-11-12-13-11-13-11-13	13-11-10-12-10-12-11-12-5-5-5-14	13-11-12-13-13-13-9-11-4-14-13-13	1-10-10-13-13-13-7-14-13-14-13-8	14-8-12-10-10-12-13-11-10-14-10-11	14-13-12-11-11-10-11-14-14-8-8-10	12-1-12-8-11-12-8-13-13-12-11-13	13-11-13-13-12-1-10-12-12-12-12-12
103	14	14-14-13-13-14-12-12-14-13-13-14-14	12-13-14-13-13-13-13-12-13-14-13-12	8-14-13-13-14-14-14-14-12-14-13-14	13-14-13-14-14-14-12-6-14-14-14-8	14-8-14-14-8-14-13-14-9-14-10-11	14-14-10-14-14-8-10-14-14-14-14-13	12-14-14-14-13-14-14-13-14-13-8-14	14-14-6-14-14-8-10-13-10-13-11-8	13-14-3-14-10-14-14-11-14-13-10-7	13-14-14-14-14-10-14-13-13-14-8-14	12-14-14-14-11-13-8-14-14-12-1-14	13-14-14-13-12-14-14-14-14-14-14-12
104	0	0-0-0-0-0-0-0-0-0-0-0-0	0-0-0-0-0-0-0-0-0-0-0-0	0-0-0-0-0-0-0-0-0-0-0-0	0-0-0-0-0-0-0-0-0-0-0-0	0-0-0-0-0-0-0-0-0-0-0-0	0-0-0-0-0-0-0-0-0-0-0-0	0-0-0-0-0-0-0-0-0-0-0-0	0-0-0-0-0-0-0-0-0-0-0-0	0-0-0-0-0-0-0-0-0-0-0-0	0-0-0-0-0-0-0-0-0-0-0-0	0-0-0-0-0-0-0-0-0-0-0-0	0-0-0-0-0-0-0-0-0-0-0-0
104	1	1-1-1-1-1-1-1-1-1-1-1-1	1-1-2-3-1-1-2-1-1-1-1-1	1-1-2-2-2-2-2-2-1-1-3-1	2-0-2-1-2-2-0-2-1-0-2-3	2-0-3-2-0-1-2-2-1-0-3-2	2-2-2-1-1-4-2-2-1-1-2-2	2-1-1-1-1-1-1-2-1-2-2-0	1-2-2-2-1-2-1-2-1-1-2-1	0-0-0-1-2-2-0-2-2-1-2-1	2-1-1-2-2-2-1-2-1-0-2-2	0-1-2-0-2-1-0-0-0-1-1-1	1-1-1-1-0-0-1-0-2-1-2-1
104	2	1-2-1-1-2-2-2-2-1-2-2-1	2-2-1-1-2-1-1-3-2-3-1-2	5-2-1-1-1-3-3-1-1-3-2-2	1-3-1-1-1-1-2-1-1-2-3-1	1-0-1-1-3-3-3-3-2-2-1-1	3-3-4-8-2-1-3-1-2-2-10-1	1-1-2-2-3-2-2-1-2-1-1-3	2-1-3-3-1-1-1-3-5-2-1-0	2-5-2-2-1-4-2-3-1-1-1-3	3-3-2-1-1-1-3-1-1-3-1-1	5-2-1-0-3-2-0-2-2-3-2-2	2-2-1-3-2-2-2-0-1-2-1-1
104	3	3-3-3-3-1-3-3-3-1-3-3-3	4-5-3-1-3-3-1-4-2-2-1-4	1-3-1-1-1-2-4-4-4-2-4-4	3-2-4-2-1-2-2-1-4-3-2-1	1-0-1-1-2-4-2-2-2-3-1-1	2-2-2-2-3-1-4-1-3-3-2-3	1-1-3-2-2-3-5-3-3-3-1-2	3-1-2-4-1-1-3-2-2-3-2-0	4-2-2-2-3-2-0-2-4-1-1-3	2-2-3-3-1-4-4-3-1-2-2-1	0-2-3-4-2-4-0-2-0-2-4-2	3-2-1-2-0-4-4-0-8-4-10-2
104	4	4-4-4-4-4-4-4-3-4-4-4-4	3-5-4-1-4-5-1-3-2-2-1-5	3-4-2-4-1-2-3-3-3-2-5-3	2-5-5-1-1-2-5-1-5-5-3-0	1-0-1-5-2-3-5-4-5-2-1-1	2-2-2-2-4-1-5-5-4-4-4-2	1-1-3-0-2-3-5-5-2-4-1-7	4-1-2-3-3-0-4-2-2-3-2-0	3-2-3-2-4-2-0-2-3-5-3-5	3-2-4-5-1-3-3-4-4-2-2-1	3-3-11-6-5-3-0-0-2-2-3-2	3-2-1-2-0-4-3-0-6-3-5-6
104	5	5-5-5-4-5-4-4-5-5-4-4-4	6-4-3-5-4-4-6-6-6-2-6-4	6-5-6-6-6-2-6-6-3-4-4-5	5-6-6-6-6-6-4-7-4-4-2-6	1-7-8-4-2-3-6-6-4-6-6-6	6-6-6-6-5-6-4-4-3-4-2-5	5-1-3-2-2-5-3-4-2-4-6-6	2-6-2-6-1-1-4-8-2-4-5-0	2-2-2-2-5-5-6-6-3-4-6-4	6-2-2-5-6-5-5-4-6-6-5-6	2-2-5-4-5-8-0-0-8-6-5-2	5-5-5-5-6-6-1-0-3-4-4-5
104	6	6-6-6-6-6-6-6-6-6-8-6-6	3-8-7-5-8-7-5-5-5-7-5-7	5-6-5-5-5-7-7-5-8-7-7-6	5-5-5-5-5-5-4-5-7-7-8-5	1-0-5-5-0-7-5-5-6-6-5-5	5-5-7-5-6-5-5-7-6-6-5-6	5-6-6-5-8-6-8-5-6-6-5-5	3-5-7-5-7-7-8-6-2-6-5-0	5-6-7-2-6-7-5-5-8-5-5-7	6-2-6-7-5-5-5-4-5-5-5-5	8-5-6-6-11-9-0-8-5-5-6-2	7-5-5-5-5-5-6-7-7-4-4-4
104	7	6-8-5-6-7-6-7-8-7-7-6-6	8-6-6-5-6-7-5-8-5-6-9-6	8-7-5-5-8-6-8-6-7-8-6-8	7-8-8-5-5-5-4-5-6-8-6-5	5-5-5-8-8-6-8-5-8-7-9-5	5-5-6-5-7-5-8-6-7-7-3-6	5-1-6-6-6-6-9-8-7-7-5-5	2-5-6-6-6-7-6-6-2-8-5-0	5-7-6-9-5-6-5-8-6-10-6-8	6-2-7-8-5-8-7-4-7-7-5-6	6-9-4-8-7-10-11-0-5-7-7-2	6-7-5-5-5-7-6-6-6-4-4-7
104	8	7-9-6-9-8-8-9-7-9-9-7-9	7-6-6-9-6-7-8-7-8-8-7-9	9-9-9-9-7-9-7-9-8-7-4-7	9-9-9-5-5-9-8-5-7-7-6-9	1-9-5-7-9-6-9-9-7-8-7-9	9-9-6-5-7-5-7-9-7-7-3-6	9-1-6-9-6-10-7-7-7-8-11-5	3-5-10-9-6-10-6-5-8-8-5-7	10-8-10-9-9-7-8-7-6-7-5-7	8-2-8-7-5-9-5-4-8-8-5-1	9-2-4-7-7-11-10-8-9-8-7-8	8-7-8-8-8-8-8-8-3-8-6-7
104	9	9-8-9-9-9-9-8-9-9-8-9-9	10-10-6-5-10-7-7-10-8-10-7-10	8-8-8-8-7-8-7-8-10-10-10-7	8-8-8-7-5-8-10-5-10-7-10-8	1-8-5-7-8-9-8-8-10-9-7-8	8-8-7-9-7-5-10-9-9-9-9-9	8-10-6-8-11-9-9-7-7-9-8-5	9-5-8-8-6-8-9-6-8-9-8-7	8-8-8-8-9-7-8-7-8-9-6-8	8-2-9-8-7-8-8-4-8-8-5-5	8-9-9-7-6-6-8-8-8-7-7-8	6-7-8-8-5-9-8-6-10-9-10-7
104	10	7-11-10-11-10-9-8-11-10-10-10-11	9-9-9-11-9-7-8-11-11-9-11-11	8-10-5-11-7-11-7-9-9-11-9-10	11-10-8-11-10-10-11-10-10-10-9-8	10-8-5-8-8-9-11-10-9-10-7-10	10-10-11-10-7-10-9-10-9-9-2-10	10-7-7-8-9-8-10-11-7-9-10-10	2-5-8-10-10-8-6-6-2-8-10-0	8-8-8-10-10-10-8-10-6-7-10-7	10-10-10-6-10-10-10-4-8-8-10-10	10-9-4-7-7-7-8-8-10-10-7-10	6-10-8-8-10-10-10-7-9-10-9-11
104	11	11-11-11-11-11-11-8-11-11-11-11-11	7-9-11-10-11-9-10-10-10-11-10-10	10-10-11-10-11-10-11-11-10-11-11-11	10-11-11-10-11-11-10-10-11-11-11-8	11-8-11-11-11-11-10-11-9-11-7-5	11-11-10-9-11-5-10-11-11-11-11-11	10-11-11-11-9-11-11-10-11-11-8-10	11-11-5-11-11-7-6-5-8-11-10-11	2-11-11-11-10-11-11-4-11-7-5-8	8-11-11-11-11-11-11-9-8-11-11-11	11-11-4-11-6-8-11-11-11-11-11-10	6-11-11-8-6-11-11-11-11-11-9-10
105	0	0-0-0-0-0-0-0-0-0-0-0-0	0-0-0-0-0-0-0-0-0-0-0-0	0-0-0-0-0-0-0-0-0-0-0-0	0-0-0-0-0-0-0-0-0-0-0-0	0-0-0-0-0-0-0-0-0-0-0-0	0-0-0-0-0-0-0-0-0-0-0-0	0-0-0-0-0-0-0-0-0-0-0-0	0-0-0-0-0-0-0-0-0-0-0-0	0-0-0-0-0-0-0-0-0-0-0-0	0-0-0-0-0-0-0-0-0-0-0-0	0-0-0-0-0-0-0-0-0-0-0-0	0-0-0-0-0-0-0-0-0-0-0-0
105	1	1-1-1-1-1-1-1-1-1-1-1-1	1-0-0-0-1-0-1-0-1-1-1-1	1-1-0-0-0-0-2-0-0-0-0-0	2-0-0-0-0-2-1-1-0-0-0-6	0-1-1-0-3-0-0-2-0-1-0-0	0-2-0-1-1-2-0-1-0-0-0-0	2-1-1-6-2-1-1-0-0-0-2-0	1-1-1-2-1-2-1-0-0-1-1-1	0-1-1-0-1-1-6-1-0-1-0-0	1-1-1-0-0-1-0-1-2-1-2-0	7-1-1-0-1-1-0-1-7-1-0-1	1-0-1-6-1-1-1-1-1-1-1-0
105	2	2-2-2-3-2-2-2-3-2-2-3-2	3-3-3-4-3-3-3-3-3-2-3-3	2-3-3-3-3-3-3-3-3-3-2-3	3-3-4-3-2-1-3-6-3-3-3-1	10-1-2-4-2-2-3-2-3-3-17-0	3-3-3-2-2-5-2-2-2-2-9-3	6-3-3-3-3-2-3-3-3-4-1-2	2-2-3-2-2-1-4-3-2-2-3-3	3-3-3-3-2-4-3-1-4-4-2-3	3-3-3-3-3-3-5-4-1-3-1-2	3-3-2-2-8-3-3-3-3-3-4-2	3-3-2-1-2-3-9-3-3-2-2-2
105	3	2-2-2-2-2-2-2-2-2-2-2-2	2-2-2-3-2-2-2-2-2-2-2-2	5-2-4-2-4-2-4-2-2-2-4-2	4-2-2-2-4-4-2-4-2-2-4-2	4-2-4-5-1-4-2-4-2-2-4-4	2-4-3-2-2-6-3-3-2-2-3-2	4-2-2-2-2-3-2-2-2-2-4-5	2-3-2-3-3-1-2-2-3-2-4-2	2-2-2-2-2-2-2-3-2-2-3-2	2-2-2-2-2-2-2-2-1-2-1-9	2-2-2-2-2-2-2-2-2-2-2-3	2-2-2-1-2-2-3-2-2-2-2-2
105	4	2-2-2-2-2-2-2-2-2-2-2-2	2-2-2-2-2-2-2-4-4-2-2-4	2-5-3-2-3-11-3-3-2-5-4-2	3-5-2-5-3-3-2-3-2-4-5-1	3-4-3-3-5-3-5-3-4-4-2-3	3-3-5-5-4-3-5-3-4-4-11-4	3-4-4-4-5-4-2-4-4-2-3-7	2-3-3-3-3-5-2-5-5-2-3-2	4-2-4-4-4-2-4-4-2-2-3-2	4-4-4-2-3-2-4-2-1-2-5-3	4-2-2-2-4-4-2-5-4-4-2-4	2-4-2-1-4-2-2-2-2-2-3-2
105	5	5-5-5-5-2-5-2-5-5-2-2-5	2-7-5-2-2-2-2-5-5-4-2-5	3-4-3-3-3-4-6-5-5-4-6-6	4-4-6-4-3-3-4-3-6-6-4-1	3-1-3-3-4-6-4-6-4-4-2-3	2-4-4-4-5-3-6-5-4-5-3-5	2-7-5-2-4-5-6-4-5-2-3-4	5-3-6-6-3-5-5-4-4-5-2-2	2-2-4-4-4-2-2-4-2-2-5-2	5-4-2-2-2-2-2-2-6-2-4-3	4-2-2-2-2-2-2-4-4-4-6-4	2-4-4-1-2-2-3-2-11-4-5-2
105	6	6-6-6-6-6-6-2-5-2-5-7-5	2-5-7-2-2-2-2-5-4-4-2-5	3-6-3-3-5-5-5-5-4-4-7-7	4-7-5-7-3-3-7-3-7-7-5-1	3-1-3-7-4-5-7-6-7-2-2-3	2-3-4-2-6-3-7-7-6-6-2-4	2-7-2-1-5-6-7-7-8-6-3-4	2-3-5-5-8-7-6-4-4-5-1-2	2-2-5-4-6-2-1-4-2-8-5-2	2-2-2-7-7-2-4-6-5-2-4-3	1-5-6-6-2-6-2-1-1-2-5-4	2-3-4-1-2-2-7-2-2-1-7-2
105	7	2-2-6-2-8-7-2-2-2-7-6-7	10-5-6-2-2-6-8-6-9-8-8-6	7-8-8-6-8-4-8-8-8-6-6-8	8-8-8-7-9-8-6-3-6-6-4-8	8-11-8-6-4-5-8-8-6-8-8-8	8-8-4-7-7-4-6-6-4-5-8-8	15-6-4-1-8-6-6-6-4-2-8-4	2-3-8-8-6-7-6-8-4-6-7-2	2-2-6-4-6-2-1-8-2-8-5-4	8-2-12-8-8-8-7-6-7-8-8-8	1-2-6-6-13-9-2-7-8-8-6-4	8-7-7-8-8-8-6-2-6-7-6-7
105	8	9-8-8-8-7-8-9-10-9-2-10-7	7-5-11-8-12-12-7-8-7-7-7-9	3-7-7-10-7-4-7-8-7-8-9-7	7-7-7-7-7-7-6-3-9-9-9-7	7-1-7-7-7-9-7-7-8-7-7-7	7-7-9-2-8-2-9-8-4-8-7-8	7-9-13-1-11-8-6-8-5-8-7-8	8-9-7-7-6-8-8-7-7-5-7-2	7-2-2-4-6-8-1-7-4-6-5-4	7-7-8-7-7-7-9-6-7-7-7-3	7-8-6-2-17-8-2-7-7-7-2-8	9-7-4-7-7-7-3-2-11-7-12-11
105	9	9-11-9-9-9-9-8-2-8-10-8-9	9-5-8-10-8-11-10-11-7-7-10-10	9-10-10-10-9-10-10-10-10-10-8-10	10-10-7-11-7-10-10-7-8-8-8-1	3-10-7-9-11-8-10-10-8-10-7-9	10-7-8-9-8-11-8-9-8-5-13-7	9-8-8-2-9-6-6-10-4-8-11-2	2-8-10-8-6-10-8-7-3-9-9-10	9-10-10-4-11-2-9-11-7-2-8-9	10-13-7-9-15-10-8-8-11-11-7-3	11-2-10-10-2-7-11-7-11-2-2-4	8-7-9-4-11-9-2-9-10-11-8-7
105	10	10-10-10-10-10-11-10-10-8-10-8-12	7-5-12-9-8-8-9-11-7-10-9-9	9-9-9-8-10-10-9-9-9-10-11-9	9-9-10-9-7-9-9-3-11-12-11-7	2-9-7-2-9-10-9-9-10-9-7-7	9-7-4-9-10-9-11-10-12-10-12-10	7-12-12-1-9-10-12-9-10-8-9-12	2-8-9-11-3-9-12-10-4-13-9-9	10-9-9-4-6-9-12-9-10-2-4-4	9-9-2-11-7-11-7-12-9-9-7-3	9-12-10-9-2-9-9-9-9-4-2-4	10-7-9-7-7-11-3-9-9-9-10-12
105	11	10-9-10-10-10-10-13-15-8-10-10-10	10-5-8-13-12-9-11-10-9-11-13-9	9-11-9-13-13-4-12-9-9-12-10-11	9-9-9-12-13-9-9-15-13-10-10-7	13-9-7-16-9-10-12-12-12-11-7-7	4-7-12-11-12-9-12-11-10-6-4-12	11-12-10-1-8-9-11-10-10-17-9-13	9-12-12-12-12-9-8-12-12-9-7-9	4-9-12-12-12-2-10-9-10-7-12-16	9-12-2-10-9-10-7-10-9-9-7-12	9-2-10-9-2-9-9-7-9-11-2-4	10-7-9-7-9-10-11-9-5-9-8-8
105	12	9-10-13-12-11-13-13-17-12-13-11-10	13-5-10-11-8-8-16-10-13-14-13-16	15-11-13-11-11-15-11-13-13-11-13-13	13-12-13-11-11-13-9-11-10-10-11-12	11-13-15-11-13-11-13-13-11-12-12-13	10-13-11-12-11-17-11-11-10-11-10-12	12-11-10-12-12-12-10-13-4-8-13-10	14-11-11-11-11-15-10-11-11-12-12-16	12-15-13-11-11-2-10-13-15-14-11-11	13-11-7-13-14-10-8-10-13-15-12-11	13-10-10-9-2-17-14-12-13-4-2-4	10-7-12-12-12-2-11-17-6-14-8-10
105	13	13-14-13-13-15-12-12-13-13-13-13-16	12-14-13-11-15-14-15-15-12-13-11-14	12-12-12-11-11-11-14-12-12-11-14-12	12-12-15-11-11-12-14-11-14-13-14-12	11-12-12-11-12-14-12-12-14-12-12-11	9-14-11-12-11-12-14-13-15-13-9-13	11-11-10-14-12-13-13-12-13-8-12-14	2-11-11-12-11-12-14-12-11-13-12-12	12-12-12-14-10-15-10-12-17-12-11-12	9-12-13-12-12-14-14-14-12-12-12-11	12-14-17-14-7-9-12-12-12-4-2-11	2-12-12-12-7-10-11-9-9-12-10-10
105	14	14-13-17-15-9-15-10-15-15-13-15-17	13-13-15-11-13-13-11-15-14-13-15-13	12-15-16-11-11-12-15-12-15-11-13-14	15-15-13-16-11-15-13-11-13-13-13-12	15-12-15-11-12-13-15-15-13-12-15-15	15-15-15-14-11-12-13-15-10-5-15-15	15-11-13-15-12-14-13-15-4-11-15-15	12-11-11-15-15-17-8-11-4-12-15-12	12-12-12-15-14-15-14-15-13-12-16-17	15-15-14-12-15-10-15-13-14-12-15-11	15-13-15-13-8-16-12-15-15-15-15-4	10-14-12-14-14-14-15-2-15-12-8-10
105	15	15-17-15-14-15-15-16-15-15-15-14-16	13-16-14-11-13-16-13-13-14-13-14-13	12-14-12-11-11-12-14-12-14-11-16-14	14-14-13-14-14-14-17-11-16-13-16-12	14-9-14-11-12-16-14-14-16-12-14-14	14-14-14-15-15-12-16-13-13-15-14-14	14-11-10-14-12-15-16-16-15-15-14-14	2-11-11-14-14-12-8-11-11-15-14-12	2-12-16-14-16-15-14-14-16-12-14-12	14-14-15-12-14-10-14-15-12-12-14-11	14-13-16-15-17-14-12-14-14-14-14-11	14-16-12-14-14-7-14-6-14-15-15-16
105	16	15-13-17-15-17-17-17-17-17-15-15-17	17-13-15-11-13-16-12-13-17-15-17-12	12-16-14-11-11-12-16-17-16-11-15-16	14-12-16-14-14-14-15-11-15-16-15-16	11-9-17-11-12-15-17-14-15-12-14-14	16-16-15-14-11-12-15-15-13-15-16-16	17-11-15-16-16-12-13-15-4-8-14-16	12-11-16-14-14-12-8-14-16-12-16-12	12-12-16-16-16-2-16-14-15-12-14-11	15-14-16-17-14-11-16-15-14-12-14-11	16-13-15-13-16-14-12-16-14-14-2-4	16-15-12-16-14-2-14-16-9-15-8-15
105	17	17-17-17-17-17-17-16-17-17-17-17-17	16-13-17-11-17-16-13-11-16-17-16-12	12-16-17-11-17-17-17-17-16-17-17-17	16-17-16-16-17-17-15-17-17-17-17-16	17-12-17-17-12-17-16-17-16-17-11-7	17-17-17-14-17-12-17-17-17-17-17-16	16-17-17-17-13-17-17-16-17-11-12-16	17-17-11-17-17-14-17-11-16-17-14-12	4-17-17-17-11-17-17-11-17-2-14-14	17-17-17-17-17-17-17-13-14-17-17-17	14-17-10-13-8-12-14-17-17-17-17-17	16-17-17-14-15-17-17-12-17-17-17-15
106	0	0-0-0-0-0-0-0-0-0-0-0-0	0-0-0-0-0-0-0-0-0-0-0-0	0-0-0-0-0-0-0-0-0-0-0-0	0-0-0-0-0-0-0-0-0-0-0-0	0-0-0-0-0-0-0-0-0-0-0-0	0-0-0-0-0-0-0-0-0-0-0-0	0-0-0-0-0-0-0-0-0-0-0-0	0-0-0-0-0-0-0-0-0-0-0-0	0-0-0-0-0-0-0-0-0-0-0-0	0-0-0-0-0-0-0-0-0-0-0-0	0-0-0-0-0-0-0-0-0-0-0-0	0-0-0-0-0-0-0-0-0-0-0-0
106	1	1-1-1-0-1-1-1-1-1-1-1-0	1-0-0-1-0-0-0-0-0-0-2-0	1-1-0-1-2-1-2-0-2-2-2-2	2-0-0-2-2-2-0-2-1-0-2-1	1-0-2-2-1-1-2-2-1-1-2-1	2-2-2-0-1-2-1-2-1-1-2-2	1-1-1-0-1-0-1-2-1-1-1-1	0-1-2-1-1-1-0-2-1-1-1-0	0-0-0-1-2-1-0-1-1-3-1-1	0-0-1-2-4-1-1-1-1-0-0-1	0-1-0-0-0-0-0-0-0-1-1-0	0-1-1-1-0-0-1-0-0-0-2-0
106	2	2-2-1-2-2-2-2-2-2-2-2-2	4-2-2-1-2-3-0-5-2-2-1-2	5-3-3-1-1-5-1-3-3-5-1-1	3-3-3-1-1-1-2-1-1-2-4-5	1-0-1-1-3-1-3-1-2-2-1-1	1-1-4-2-2-1-1-4-2-2-5-2	7-2-2-2-2-0-2-1-2-3-1-5	8-1-3-3-2-2-2-3-2-2-3-0	2-5-2-2-1-4-2-4-1-2-1-2	2-3-2-1-1-1-1-2-1-2-2-1	5-2-0-0-2-2-0-0-0-3-2-2	2-2-2-3-1-2-5-2-0-1-1-2
106	3	3-3-3-3-3-2-3-3-3-3-3-3	4-3-3-1-4-3-5-4-2-2-1-3	1-2-2-1-1-2-4-5-2-2-4-4	2-2-4-2-1-1-3-1-2-3-2-1	1-0-1-1-2-4-2-4-2-3-2-1	1-2-2-0-3-1-4-2-3-3-7-3	2-3-4-2-2-0-4-5-3-2-1-2	0-1-2-2-3-2-2-2-2-3-2-0	4-4-2-2-3-3-2-2-3-2-1-2	4-2-3-3-1-2-4-3-1-2-4-1	2-2-0-3-4-4-5-0-8-2-2-2	4-2-1-2-1-0-1-0-0-3-3-2
106	4	4-4-4-4-4-4-3-3-3-4-4-4	3-3-3-1-3-3-5-3-2-2-1-5	1-4-2-3-1-2-3-3-6-3-5-3	5-2-5-5-1-2-5-1-5-3-2-1	1-0-1-5-2-3-5-4-5-2-4-1	1-2-2-4-4-1-5-2-4-4-4-3	2-4-3-2-2-4-3-3-4-4-1-2	0-3-2-2-2-4-5-5-2-4-2-0	3-3-5-2-4-2-5-2-3-5-6-5	3-2-4-5-1-2-3-5-4-2-4-1	2-2-4-11-5-3-3-0-7-2-2-2	3-2-1-4-11-0-2-0-5-0-5-2
106	5	5-4-5-5-4-5-5-6-4-5-4-6	5-4-4-5-5-6-6-6-6-2-6-6	2-5-7-6-6-2-6-3-7-2-4-6	6-6-4-6-6-6-4-9-4-3-2-6	9-0-1-6-2-3-6-6-4-5-5-6	2-7-6-7-5-6-4-7-4-4-2-7	2-4-3-2-2-7-3-3-4-11-2-6	0-6-5-6-6-6-4-7-2-5-7-8	5-2-4-6-7-2-2-6-4-4-9-7	11-2-4-4-6-6-4-7-3-2-5-1	2-2-9-4-4-4-3-0-6-8-2-2	4-5-5-5-6-6-2-0-4-8-4-2
106	6	6-6-6-6-6-6-6-6-6-7-6-6	3-8-7-1-7-5-5-5-5-7-5-7	5-6-5-5-5-7-5-7-9-7-7-6	5-5-7-5-5-5-8-5-7-7-6-5	5-0-6-5-2-7-5-5-6-6-5-5	2-5-5-6-6-5-7-6-6-6-4-6	2-6-6-0-7-6-11-5-4-6-5-5	0-5-10-5-9-8-7-6-2-6-5-0	8-6-7-5-6-2-0-5-9-5-8-9	8-0-6-7-5-5-7-4-1-3-5-8	6-3-8-4-11-7-8-0-5-5-2-2	7-5-2-5-5-5-8-0-10-5-6-10
106	7	6-9-6-6-8-8-7-7-7-7-6-6	8-6-6-5-6-7-5-9-5-6-5-6	9-5-5-5-8-8-6-9-8-8-6-9	8-9-8-9-5-5-4-5-6-9-6-5	5-0-6-8-9-6-8-7-8-5-9-9	10-5-6-5-7-1-8-6-7-7-3-5	2-6-6-2-6-5-9-8-4-7-8-5	0-5-2-6-5-6-6-5-2-10-5-10	5-7-6-5-5-7-2-7-6-4-5-5	0-2-4-8-10-5-8-5-9-7-5-1	2-2-4-7-7-7-7-0-4-7-8-2	6-9-9-7-6-7-1-7-6-5-4-8
106	8	7-9-9-6-7-7-6-7-6-9-8-9	7-6-6-1-6-7-9-7-9-6-9-6	10-8-9-5-7-7-9-9-7-7-7-7	7-7-9-7-5-9-10-8-6-7-6-9	5-10-11-7-9-7-9-9-7-8-8-8	9-9-6-8-6-11-7-9-8-4-3-9	9-6-6-9-9-8-7-7-4-11-9-9	2-5-10-9-8-6-6-9-2-7-8-7	9-7-10-9-8-8-9-8-6-8-6-7	9-9-6-9-7-4-7-4-7-9-9-6	8-2-10-7-7-3-6-9-9-7-7-3	11-5-8-9-8-9-6-10-8-9-4-7
106	9	9-11-9-9-8-9-9-9-9-10-9-9	7-10-10-11-10-7-8-7-8-6-5-10	8-10-8-7-7-8-10-10-8-10-10-7	8-7-8-7-5-8-9-5-10-7-10-8	5-8-8-7-7-10-8-8-7-8-7-7	8-8-5-9-9-1-10-10-9-9-7-8	8-10-6-8-11-9-10-7-4-10-8-8	9-5-8-8-6-8-10-8-2-10-8-7	8-7-8-8-9-9-8-8-6-10-5-6	8-8-6-8-7-5-7-4-7-8-8-1	8-4-10-7-7-4-8-8-8-7-7-9	8-7-7-8-8-8-6-8-6-8-9-7
106	10	9-11-9-9-10-9-9-11-9-9-11-10	11-9-9-11-9-7-11-10-11-10-11-9	8-9-11-11-7-11-9-9-11-10-9-10	10-10-11-11-5-10-10-8-9-10-10-8	5-8-10-7-2-9-11-8-7-8-7-10	10-10-6-8-7-11-9-9-9-9-10-11	11-9-6-8-9-10-9-8-4-9-10-9	9-5-8-10-10-11-9-8-2-7-8-7	11-10-10-10-5-10-10-10-9-9-10-6	10-10-6-8-7-1-3-4-10-8-8-11	8-2-10-7-10-10-6-8-8-10-7-2	9-9-7-8-8-8-6-10-6-10-3-9
106	11	11-11-11-11-11-11-11-11-11-11-11-11	10-9-11-10-11-7-10-9-10-11-10-10	10-11-11-11-11-11-11-11-10-11-11-11	11-11-10-10-11-11-4-11-11-11-11-8	11-8-11-11-11-11-10-11-9-11-5-8	11-11-11-11-11-11-11-11-11-11-11-10	10-11-11-11-9-11-6-11-11-11-11-11	11-11-5-11-11-10-6-5-5-10-8-11	10-11-11-11-1-11-11-11-11-2-10-5	8-11-4-11-11-5-11-8-10-11-11-11	11-11-11-11-6-11-11-11-11-11-11-11	8-11-11-8-4-11-11-11-11-11-11-11
107	0	0-0-0-0-0-0-0-0-0-0-0-0	0-0-0-0-0-0-0-0-0-0-0-0	0-0-0-0-0-0-0-0-0-0-0-0	0-0-0-0-0-0-0-0-0-0-0-0	0-0-0-0-0-0-0-0-0-0-0-0	0-0-0-0-0-0-0-0-0-0-0-0	0-0-0-0-0-0-0-0-0-0-0-0	0-0-0-0-0-0-0-0-0-0-0-0	0-0-0-0-0-0-0-0-0-0-0-0	0-0-0-0-0-0-0-0-0-0-0-0	0-0-0-0-0-0-0-0-0-0-0-0	0-0-0-0-0-0-0-0-0-0-0-0
107	1	0-1-0-0-1-1-0-0-1-0-1-0	0-2-0-0-0-1-1-0-2-0-0-0	2-2-0-0-0-2-2-0-0-0-0-0	2-0-2-0-0-0-2-1-0-0-0-1	0-0-1-1-2-0-2-0-2-0-2-1	0-2-0-1-0-0-0-1-0-0-0-1	1-0-0-1-2-1-0-0-0-0-1-0	1-0-0-1-1-2-0-0-1-1-0-0	1-2-2-0-0-0-2-1-0-1-1-1	0-0-1-1-0-0-0-0-1-2-1-0	0-1-0-0-0-1-1-0-0-1-1-1	0-1-1-1-1-0-1-0-0-1-0-0
107	2	2-2-2-2-2-2-2-2-2-2-2-2	1-1-2-2-0-2-1-2-1-2-3-3	1-3-1-3-3-1-3-3-0-2-3-3	3-3-1-3-3-3-1-5-2-2-2-6	3-0-5-3-1-2-3-2-1-2-1-2	3-1-2-2-2-2-2-2-0-2-3-2	2-2-2-2-1-0-2-3-2-2-3-2	2-2-3-2-2-3-2-2-2-2-2-0	0-1-2-2-3-2-1-2-0-3-2-2	2-2-2-3-3-3-2-2-4-1-3-3	3-2-2-2-3-2-1-2-5-2-2-2	0-2-2-2-2-2-2-0-3-3-3-2
107	3	3-3-2-3-3-3-3-3-3-3-3-4	5-3-3-2-3-2-1-3-3-3-2-2	1-2-2-2-2-6-2-2-4-5-4-2	2-4-4-2-2-2-1-2-2-3-2-2	2-3-2-2-5-2-4-2-3-3-5-2	2-4-5-3-3-2-4-5-3-3-2-3	2-3-6-3-4-3-3-3-3-3-2-4	3-2-2-4-6-2-4-4-5-6-3-0	3-1-3-4-2-3-3-4-0-3-2-4	4-3-3-2-2-2-4-3-2-4-2-2	2-9-2-2-2-3-6-3-3-4-2-3	3-4-1-3-2-2-2-3-2-2-2-2
107	4	4-4-5-4-4-4-4-4-4-4-4-4	3-5-4-2-5-6-4-5-3-3-2-4	1-4-3-2-2-3-5-5-5-3-5-5	3-3-5-3-2-2-4-2-4-4-2-1	2-0-2-2-3-5-3-3-3-2-3-2	2-3-3-3-3-2-3-3-3-4-2-4	2-2-5-3-3-4-4-5-3-4-2-3	4-5-2-3-2-7-3-3-3-4-3-0	4-1-3-3-4-3-3-3-4-5-2-3	3-5-4-9-2-3-5-4-5-3-3-2	5-2-5-4-2-4-5-3-2-3-6-5	4-3-1-2-2-4-2-0-9-0-9-4
107	5	5-5-5-5-4-5-5-5-5-5-5-5	3-4-5-2-4-4-7-4-3-3-2-4	1-5-7-2-2-3-6-4-4-3-6-4	3-3-6-5-2-2-5-2-5-6-3-1	2-0-2-5-3-4-5-5-6-3-3-2	2-3-3-9-5-3-6-3-5-5-9-3	2-4-4-1-3-6-5-4-5-5-2-3	5-4-2-4-3-7-5-3-3-5-3-0	6-1-3-3-5-3-0-3-5-4-4-6	7-4-5-4-2-4-4-5-4-3-11-2	4-3-4-5-4-5-4-3-2-3-4-4	6-2-7-3-2-5-2-5-5-5-5-8
107	6	6-5-5-4-4-5-5-5-6-6-5-5	8-5-5-2-5-4-7-7-7-3-8-8	9-7-8-7-7-3-7-7-7-3-5-7	7-7-7-8-8-7-5-2-5-8-3-7	7-1-2-7-3-4-7-7-5-7-7-7	7-7-3-11-5-11-5-5-5-5-7-8	2-5-3-7-3-5-5-7-3-4-7-3	5-7-2-7-3-7-6-5-3-5-7-6	7-3-9-7-5-7-7-7-6-9-9-9	2-7-11-6-7-8-6-9-2-6-7-4	7-3-8-6-6-6-7-6-7-6-7-4	5-6-6-7-2-6-2-6-4-6-4-6
107	7	9-7-7-7-4-7-8-7-7-7-8-7	9-9-8-2-5-6-6-8-6-3-6-8	1-6-6-6-6-3-8-6-6-9-8-6	6-6-6-6-6-6-9-2-7-6-8-6	6-6-2-6-10-9-6-6-7-6-6-6	6-6-8-7-7-6-8-8-5-7-6-7	2-2-8-6-9-5-8-6-7-7-6-7	5-9-2-6-7-7-7-7-8-5-6-6	6-1-8-6-5-6-6-6-5-6-8-8	7-6-7-6-6-6-8-6-2-3-6-4	6-3-4-5-8-6-6-7-6-8-6-8	6-6-5-6-2-6-2-6-9-6-7-9
107	8	8-7-8-8-8-8-8-7-9-8-8-8	9-9-7-2-9-9-6-7-6-9-6-7	11-6-6-6-6-9-7-8-9-9-9-7	6-9-9-6-6-6-8-2-9-6-7-6	2-0-2-6-3-7-8-7-9-6-6-6	2-3-7-1-8-2-9-7-8-8-6-6	2-2-7-1-9-8-9-7-8-8-10-7	9-9-2-7-3-10-9-3-7-5-6-0	6-1-7-6-5-6-10-6-5-8-7-6	2-2-8-6-6-6-7-6-2-1-6-2	3-3-6-5-7-7-6-10-2-7-9-7	8-6-10-2-2-6-2-6-7-6-8-9
107	9	8-9-7-8-9-9-8-11-8-9-9-8	9-8-7-2-8-8-10-6-6-10-6-7	9-10-10-2-6-10-9-9-10-7-8-8	9-9-8-9-9-9-7-2-8-10-7-9	2-11-10-10-9-7-10-10-8-9-6-9	9-9-7-9-8-6-8-9-8-7-5-10	11-4-8-9-7-9-8-7-8-8-9-3	8-7-9-9-9-9-8-3-3-8-6-10	9-1-6-3-2-4-9-6-4-6-6-6	9-9-9-4-9-10-9-6-9-9-9-4	9-3-6-5-7-9-9-9-9-6-7-3	9-6-9-9-9-9-9-9-7-9-4-7
107	10	10-10-11-11-10-11-11-11-11-11-11-11	11-7-8-11-11-11-11-11-11-11-11-11	10-11-11-11-10-9-10-10-9-10-11-10	9-10-9-10-9-10-11-9-9-9-8-10	10-9-9-9-11-10-11-11-9-10-10-10	10-9-11-10-8-11-9-9-8-7-5-11	9-4-10-9-10-10-8-10-8-11-10-7	10-10-9-10-10-10-7-8-9-10-10-10	11-10-10-10-11-10-9-10-10-11-11-6	9-10-9-11-10-11-9-10-9-10-9-11	9-3-6-5-7-10-10-8-9-10-7-3	9-10-10-9-10-9-10-11-7-10-4-7
107	11	11-11-10-11-11-11-10-11-10-10-11-11	10-7-11-10-10-10-10-10-10-11-10-10	10-10-10-10-11-11-10-10-10-11-10-11	10-11-11-11-11-11-10-11-8-11-11-9	10-9-11-11-10-11-10-10-8-11-2-6	11-11-10-10-11-6-11-11-11-11-11-10	9-11-11-11-7-11-8-10-11-10-6-10	11-11-2-10-11-10-7-3-9-11-10-11	10-11-11-11-10-11-11-8-11-10-10-6	9-11-11-11-11-10-11-10-9-11-11-11	10-11-11-5-8-11-10-10-11-11-11-11	9-11-11-9-10-11-11-10-11-11-4-11
108	0	0-0-0-0-0-0-0-0-0-0-0-0	0-0-0-0-0-0-0-0-0-0-0-0	0-0-0-0-0-0-0-0-0-0-0-0	0-0-0-0-0-0-0-0-0-0-0-0	0-0-0-0-0-0-0-0-0-0-0-0	0-0-0-0-0-0-0-0-0-0-0-0	0-0-0-0-0-0-0-0-0-0-0-0	0-0-0-0-0-0-0-0-0-0-0-0	0-0-0-0-0-0-0-0-0-0-0-0	0-0-0-0-0-0-0-0-0-0-0-0	0-0-0-0-0-0-0-0-0-0-0-0	0-0-0-0-0-0-0-0-0-0-0-0
108	1	1-1-1-1-1-0-1-1-1-1-1-1	1-0-0-1-1-0-1-0-2-0-1-0	1-1-2-1-0-2-0-0-0-0-0-1	1-2-2-0-1-1-0-1-0-2-0-1	0-1-1-0-1-0-2-1-0-1-1-1	1-1-0-0-1-0-0-1-1-0-0-2	0-0-0-2-1-0-0-0-1-1-0-1	1-0-1-1-0-1-0-1-1-1-1-1	1-1-2-1-0-0-1-1-0-1-1-1	0-1-1-2-0-1-1-0-1-2-1-0	1-0-0-0-1-1-1-1-1-1-1-1	3-1-1-1-1-1-1-1-1-0-1-0
108	2	1-2-3-2-1-2-3-2-2-2-2-2	1-2-0-2-2-2-1-2-1-0-3-3	5-3-3-3-3-3-3-3-2-2-3-3	3-1-1-2-2-3-0-5-3-1-3-4	2-1-1-3-1-2-3-2-2-2-2-2	2-3-2-2-2-2-3-2-0-0-10-1	2-2-2-1-2-2-2-3-0-2-2-2	2-2-3-2-2-2-0-2-2-2-3-2	2-2-1-2-3-2-1-2-4-4-3-2	2-2-1-5-3-3-2-2-2-1-4-2	2-2-2-0-1-2-3-2-1-2-2-2	1-2-2-1-2-2-2-1-2-2-3-10
108	3	3-3-2-3-3-3-3-3-3-3-3-3	4-3-0-2-3-2-4-4-3-4-2-2	2-2-2-2-2-8-2-2-2-2-4-2	2-4-4-2-2-2-4-2-2-3-2-2	2-3-1-2-4-2-4-4-3-3-5-5	2-2-5-4-3-2-4-2-3-3-0-3	2-2-8-3-4-3-4-4-3-4-2-6	2-2-2-4-2-3-4-7-6-1-5-3	3-5-3-4-2-5-3-4-0-3-2-4	2-8-1-1-2-2-4-3-2-1-2-2	3-4-3-0-4-3-2-3-6-4-2-3	1-4-1-4-3-3-2-1-2-4-2-2
108	4	4-4-4-4-3-4-4-4-4-4-3-4	3-4-5-2-3-4-3-5-3-3-3-5	2-3-2-2-2-3-5-6-2-6-5-5	3-3-3-3-2-2-5-2-5-5-6-2	2-6-1-2-3-6-3-3-3-3-6-3	2-3-3-2-3-2-5-5-3-4-0-4	2-2-6-3-3-6-3-5-4-4-3-3	5-2-2-3-4-4-4-3-5-4-3-4	4-2-3-3-4-3-4-3-5-6-5-3	3-2-4-6-2-2-5-3-2-3-2-2	3-3-8-4-5-2-8-3-3-5-2-5	1-3-1-3-2-2-2-4-12-3-4-8
108	5	5-5-5-5-5-5-5-4-7-5-5-5	4-4-4-2-7-6-1-4-3-3-6-4	2-5-3-2-6-3-4-7-6-3-6-4	3-3-6-6-2-7-5-2-6-4-4-2	2-4-1-5-3-4-5-6-6-3-3-3	2-3-3-2-5-2-6-4-5-5-7-3	2-2-4-1-3-5-6-6-5-5-2-3	4-3-2-4-2-1-7-5-4-4-3-4	6-3-4-3-5-3-1-3-5-5-4-3	10-2-5-4-2-5-4-6-2-1-2-2	3-3-6-5-4-4-2-9-1-4-2-4	1-2-8-3-2-5-2-4-4-5-6-6
108	6	5-4-5-6-5-6-5-6-5-6-6-6	7-4-4-2-8-6-1-8-8-8-6-7	3-6-7-2-5-4-7-4-5-4-5-6	7-3-5-7-2-2-7-2-7-4-4-2	2-4-2-7-3-4-7-5-5-6-4-2	11-3-7-2-5-2-5-7-5-6-5-7	2-2-4-1-3-4-5-5-5-5-2-8	0-2-2-7-6-1-5-5-3-8-6-6	5-3-3-6-3-7-1-7-6-8-6-8	5-3-6-4-2-8-6-5-2-3-1-2	6-8-8-5-5-7-7-3-3-3-8-3	10-8-6-7-6-6-6-6-4-6-5-5
108	7	7-8-5-7-8-7-5-7-5-8-9-6	6-9-4-2-5-6-9-9-6-3-8-6	2-7-9-9-8-6-8-9-8-8-6-8	6-9-8-6-9-5-6-6-6-8-9-2	6-4-2-12-3-4-6-5-6-9-6-7	6-6-8-8-5-2-5-6-7-7-5-6	2-2-7-2-8-10-5-5-7-10-7-8	4-7-8-6-6-4-5-3-3-7-6-8	3-3-3-3-3-6-5-6-6-6-7-6	7-3-7-4-2-8-5-11-2-1-1-2	3-6-6-5-5-6-6-3-3-2-6-3	6-3-6-6-6-6-8-6-4-6-5-8
108	8	7-9-9-7-8-9-9-8-8-7-7-9	11-7-4-2-6-6-7-7-6-6-9-7	8-8-9-7-7-3-7-9-9-7-11-9	9-9-9-7-7-9-7-12-6-7-7-2	9-9-9-7-3-4-9-9-6-7-9-9	9-9-9-7-5-10-9-9-5-7-9-9	2-7-7-1-7-10-5-9-7-7-9-6	7-7-7-9-9-8-5-8-3-7-8-7	3-3-3-9-8-6-1-9-6-6-7-6	7-9-12-4-9-6-5-5-8-9-9-8	9-6-6-5-6-10-9-3-9-8-6-10	1-6-5-9-9-6-7-1-4-9-5-5
108	9	9-9-9-9-9-9-9-9-8-9-9-9	10-10-10-2-10-10-7-7-6-10-8-11	8-8-8-7-6-10-10-8-8-10-10-8	8-8-8-8-7-8-11-8-10-10-10-2	8-1-8-7-3-10-10-8-10-7-8-8	8-8-10-7-12-8-10-9-10-9-9-9	2-13-7-8-14-9-9-10-7-12-8-8	9-8-7-8-8-10-13-12-3-9-8-9	8-9-10-8-9-9-1-8-9-5-9-13	10-8-9-10-8-8-8-10-8-8-8-8	8-6-9-11-12-9-8-9-8-8-6-8	12-6-6-8-8-9-7-9-9-8-5-11
108	10	11-9-13-10-10-9-11-11-11-9-11-9	9-9-9-10-9-9-11-11-6-9-11-14	11-11-11-7-10-9-11-10-11-11-9-11	10-10-11-8-8-11-11-2-9-9-9-10	2-11-11-5-12-9-11-11-9-7-9-8	11-11-9-10-10-14-9-9-9-7-11-9	10-2-9-11-10-10-5-11-7-9-10-10	10-7-11-9-10-11-9-9-10-10-10-13	10-10-11-11-2-6-10-11-6-11-2-6	5-11-8-11-11-9-5-9-10-13-11-2	11-10-11-11-9-8-11-10-13-8-6-8	11-6-10-10-10-8-7-10-11-10-5-2
108	11	9-14-12-9-11-12-11-11-11-9-11-13	9-9-9-10-9-12-10-10-10-12-10-12	10-10-10-7-14-12-12-13-10-12-12-10	10-10-10-8-7-10-10-7-11-13-12-10	8-10-10-6-10-11-10-10-11-7-9-8	10-10-9-7-5-10-12-11-11-11-10-11	14-12-9-10-10-11-10-10-12-9-10-11	9-7-10-11-11-10-11-9-11-12-10-10	10-10-12-10-11-10-10-10-10-10-11-10	10-10-11-14-10-5-13-7-10-10-10-11	10-12-10-10-13-12-10-12-10-8-6-10	10-10-10-10-8-11-7-11-10-11-12-9
108	12	11-9-11-14-11-11-11-14-12-14-14-11	12-9-9-14-13-11-14-13-10-11-10-11	13-12-10-14-13-13-11-10-13-13-11-13	13-13-13-13-12-13-13-8-9-13-11-13	13-10-13-7-10-11-13-12-13-7-13-13	13-12-13-12-10-10-11-12-11-11-0-13	13-11-11-12-11-12-5-10-11-9-12-12	12-12-12-12-12-11-9-9-3-10-12-10	10-10-13-13-13-6-12-12-9-11-12-6	10-12-8-11-12-12-13-14-10-10-10-2	12-11-13-4-9-12-10-11-12-12-6-13	9-12-10-12-12-6-12-10-4-13-9-14
108	13	13-13-14-14-13-11-11-13-14-14-13-11	14-9-9-12-12-14-10-14-14-13-13-12	12-12-14-14-12-12-12-11-12-12-12-12	12-12-12-12-12-12-12-8-13-11-11-12	12-10-12-7-10-13-12-12-12-13-12-12	12-12-12-13-10-10-12-12-5-11-5-14	12-11-5-12-11-13-9-13-7-14-12-12	10-13-12-12-12-10-9-9-14-10-12-10	13-10-12-13-12-6-13-12-9-11-12-6	10-12-8-12-10-12-12-14-10-10-10-13	10-11-12-0-4-13-10-12-12-12-6-12	10-12-10-12-12-6-12-11-4-13-9-12
108	14	14-14-14-14-14-14-14-14-14-14-14-14	13-9-14-12-14-13-12-13-13-14-13-11	13-13-14-13-14-12-14-14-12-14-14-14	12-14-14-14-14-14-13-14-14-14-14-10	14-10-14-14-10-14-12-13-9-14-2-8	14-14-14-14-14-10-14-14-14-14-14-13	12-14-14-14-11-14-14-13-14-13-11-12	14-14-2-14-14-10-14-8-13-11-12-10	12-14-14-14-2-14-14-10-14-9-13-6	14-14-14-11-14-6-14-12-14-14-14-14	10-11-9-14-11-6-10-14-14-14-14-14	14-14-14-9-12-14-14-10-14-14-9-12
109	0	0-0-0-0-0-0-0-0-0-0-0-0	0-0-0-0-0-0-0-0-0-0-0-0	0-0-0-0-0-0-0-0-0-0-0-0	0-0-0-0-0-0-0-0-0-0-0-0	0-0-0-0-0-0-0-0-0-0-0-0	0-0-0-0-0-0-0-0-0-0-0-0	0-0-0-0-0-0-0-0-0-0-0-0	0-0-0-0-0-0-0-0-0-0-0-0	0-0-0-0-0-0-0-0-0-0-0-0	0-0-0-0-0-0-0-0-0-0-0-0	0-0-0-0-0-0-0-0-0-0-0-0	0-0-0-0-0-0-0-0-0-0-0-0
109	1	1-1-1-1-1-1-1-1-2-1-2-1	2-2-1-0-2-2-3-2-2-2-2-1	0-2-2-2-3-2-2-2-2-2-4-2	2-0-2-2-1-0-2-1-2-2-1-1	1-0-1-0-1-1-0-0-1-2-2-0	2-2-2-1-2-2-1-3-1-1-0-1	7-1-2-1-0-1-2-2-2-1-0-0	7-1-1-0-1-2-2-1-1-2-0-10	1-2-1-1-1-2-2-1-2-1-1-2	0-1-2-2-1-1-1-2-2-2-1-1	1-2-1-0-1-2-2-1-1-1-2-1	2-1-1-1-2-2-1-2-1-1-1-0
109	2	1-1-1-1-1-1-1-1-1-1-1-1	1-1-1-3-1-1-1-1-1-1-1-3	5-1-1-1-4-3-3-4-1-1-3-4	3-1-1-1-2-3-1-5-3-1-3-2	5-3-2-4-0-2-3-3-2-1-11-4	3-3-1-1-1-5-3-2-1-1-2-3	2-2-1-0-2-1-1-1-1-2-3-2	2-2-3-2-2-1-1-3-2-1-3-1	2-1-2-2-3-1-1-3-1-2-3-1	2-2-1-1-1-3-2-1-1-1-2-2	1-1-1-0-1-1-1-1-1-2-1-2	1-2-2-2-1-1-2-1-1-1-1-1
109	3	1-1-1-1-1-1-1-1-1-1-1-3	1-1-1-2-1-1-1-4-3-4-2-3	2-1-4-1-2-4-4-2-1-4-2-2	2-4-4-1-2-2-1-2-2-3-2-2	2-3-2-2-4-2-4-2-3-1-4-2	2-4-5-6-3-2-4-4-3-3-10-3	5-3-1-3-4-1-3-1-3-1-2-6	2-2-2-4-3-3-3-4-4-1-5-1	3-7-3-3-2-1-3-2-1-3-2-7	3-2-3-1-1-2-2-3-4-3-3-2	5-6-1-0-3-3-1-3-4-4-1-3	1-3-3-4-1-3-2-3-1-1-1-1
109	4	4-4-4-4-4-4-4-4-4-1-1-4	1-6-4-2-1-1-1-5-3-3-5-5	2-4-3-2-2-3-5-5-5-5-5-2	3-3-3-1-2-2-5-2-5-4-5-2	2-0-2-2-3-5-5-5-3-1-3-2	2-3-3-1-4-2-5-4-4-4-2-4	3-3-6-3-3-4-3-5-4-4-5-3	4-2-5-3-5-3-4-3-3-4-3-1	4-3-3-3-5-1-3-2-1-3-5-6	3-5-1-5-5-5-2-4-3-3-3-2	3-3-4-4-6-3-1-3-3-5-3-3	1-3-2-3-5-4-2-4-10-1-6-5
109	5	5-5-5-5-4-5-5-5-5-6-6-5	1-6-4-2-4-1-1-4-3-3-4-4	2-5-5-2-2-3-6-4-4-4-6-5	6-4-6-1-2-2-4-2-6-4-6-2	2-0-2-5-3-4-6-5-6-1-6-2	2-5-3-11-5-2-6-5-5-5-6-4	3-6-1-3-3-5-5-6-4-5-4-3	5-2-4-3-4-0-5-3-3-4-3-1	5-3-6-3-5-1-6-2-11-6-4-4	5-4-6-4-6-4-1-4-5-3-5-2	3-3-11-7-6-6-1-6-3-4-1-5	1-10-2-5-4-1-2-1-1-1-5-4
109	6	1-5-7-7-7-5-5-1-5-5-5-7	7-5-4-8-4-7-7-7-8-3-7-7	9-5-8-8-8-7-7-7-5-5-5-7	7-7-7-8-8-8-7-9-5-5-5-8	2-6-11-8-3-4-7-7-5-8-8-7	7-8-3-8-6-8-7-7-5-4-8-7	8-7-4-3-3-6-5-5-4-7-7-3	3-7-3-7-4-1-5-8-3-5-6-3	8-3-6-3-6-7-6-7-6-6-4-4	5-7-5-5-7-7-6-5-7-5-7-7	6-3-5-6-5-5-1-5-7-6-6-3	6-6-6-6-7-8-3-1-4-1-4-4
109	7	7-7-7-7-7-8-7-7-7-7-7-7	6-5-5-6-4-8-6-6-6-8-6-6	2-7-6-6-6-8-8-6-8-8-8-6	6-6-6-6-6-6-6-6-6-9-8-6	6-6-7-6-6-7-6-6-7-6-6-6	6-6-5-7-7-6-6-6-7-7-6-6	1-7-7-7-11-7-10-9-7-6-6-7	1-6-8-6-7-1-7-6-3-9-6-1	6-3-8-3-5-6-8-6-8-5-7-8	8-6-7-7-6-6-8-5-8-1-6-8	8-8-10-11-11-6-8-5-6-3-8-8	6-3-6-6-6-6-8-7-8-7-1-8
109	8	8-8-7-8-8-7-8-8-8-8-8-7	8-9-9-6-5-7-10-6-6-7-6-6	2-9-6-6-6-7-7-8-7-9-7-8	6-6-6-6-6-6-9-6-9-8-9-6	2-6-6-6-9-7-7-8-9-6-6-6	9-6-3-6-8-6-9-6-8-8-6-6	6-9-8-9-7-8-8-7-8-8-6-9	1-6-7-7-8-1-7-6-3-8-6-1	6-7-7-9-8-6-7-7-8-8-8-10	7-7-8-7-10-2-7-8-7-9-7-7	7-7-9-8-10-9-7-5-6-3-7-7	6-3-2-6-11-6-7-8-9-7-4-7
109	9	9-10-10-11-11-11-11-11-11-11-11-11	11-8-8-11-10-11-10-10-10-10-10-11	9-10-10-10-9-10-9-10-10-8-8-9	10-10-10-10-9-10-8-6-8-8-8-6	2-11-6-8-10-7-10-10-8-9-6-6	8-10-9-9-7-6-8-10-8-8-3-6	11-8-8-10-7-10-8-10-8-11-11-7	1-9-10-8-9-9-8-8-11-10-6-8	10-10-11-8-10-9-10-8-8-9-9-8	11-10-9-10-8-7-10-9-10-10-10-10	10-3-8-8-4-10-10-10-10-9-10-3	10-5-10-10-10-1-9-8-8-9-4-7
109	10	9-10-11-11-9-9-9-11-9-9-11-10	11-8-8-11-9-9-9-11-9-9-9-9	10-11-9-11-10-9-10-9-9-10-10-10	9-9-9-9-10-10-9-6-8-8-10-6	2-9-6-8-9-10-9-9-9-10-9-10	10-10-9-9-7-6-9-9-8-8-3-11	11-5-7-9-9-9-8-9-8-9-3-9	9-10-9-9-9-10-8-11-3-9-9-1	9-9-9-3-9-1-9-10-8-9-9-8	9-9-9-9-8-4-9-9-9-9-9-9	9-3-7-8-5-10-9-9-9-10-9-10	9-5-9-9-9-1-9-8-4-9-4-1
109	11	11-11-10-11-11-11-9-11-11-9-11-11	9-5-11-10-9-9-9-10-9-11-10-9	10-10-11-10-11-10-11-11-10-11-11-11	10-11-11-11-11-11-8-11-11-11-11-6	11-9-6-11-11-11-10-11-11-11-2-11	11-11-11-9-11-6-11-11-11-11-11-10	10-11-11-11-7-11-11-11-11-9-9-11	11-11-10-8-11-0-7-10-9-11-9-11	5-11-9-11-9-11-11-6-11-1-9-9	9-9-11-11-11-2-11-9-9-11-11-11	9-11-11-8-7-9-9-9-11-9-11-11	9-3-11-9-8-11-11-8-11-11-11-0
110	0	0-0-0-0-0-0-0-0-0-0-0-0	0-0-0-0-0-0-0-0-0-0-0-0	0-0-0-0-0-0-0-0-0-0-0-0	0-0-0-0-0-0-0-0-0-0-0-0	0-0-0-0-0-0-0-0-0-0-0-0	0-0-0-0-0-0-0-0-0-0-0-0	0-0-0-0-0-0-0-0-0-0-0-0	0-0-0-0-0-0-0-0-0-0-0-0	0-0-0-0-0-0-0-0-0-0-0-0	0-0-0-0-0-0-0-0-0-0-0-0	0-0-0-0-0-0-0-0-0-0-0-0	0-0-0-0-0-0-0-0-0-0-0-0
110	1	1-1-1-1-1-1-1-1-1-1-1-1	1-0-0-3-1-0-0-1-1-1-2-1	0-1-0-1-2-2-2-0-0-0-2-1	2-0-0-2-2-3-0-4-2-0-2-0	2-0-0-2-0-1-2-2-0-0-2-4	2-0-2-1-1-2-2-2-1-1-0-0	0-1-1-0-0-0-1-2-1-1-0-0	1-1-1-1-1-0-1-1-1-1-0-0	1-0-1-0-2-1-0-2-1-1-2-1	0-1-1-2-2-2-2-1-0-0-0-1	0-1-0-0-1-0-0-0-0-1-1-0	0-1-1-2-0-1-1-0-0-0-1-1
110	2	2-2-1-2-2-2-2-2-2-2-2-2	3-2-2-1-2-2-0-3-2-3-1-2	0-3-0-1-1-7-3-3-1-4-3-1	1-3-3-1-1-1-2-1-1-2-1-0	1-0-0-1-3-1-3-1-2-0-1-1	1-4-4-0-0-1-3-1-2-2-7-2	5-2-2-2-3-2-2-3-2-2-2-5	2-1-6-3-2-2-2-6-5-2-2-0	2-0-2-3-1-4-2-3-2-2-1-2	3-2-2-1-1-1-1-2-0-3-2-1	7-2-2-0-2-2-0-2-6-3-2-2	2-2-2-1-0-2-4-2-2-0-1-2
110	3	3-3-3-3-3-3-3-3-3-3-3-3	2-3-3-1-2-3-2-4-2-2-1-4	0-2-2-4-1-2-4-5-4-5-4-4	2-2-4-1-1-1-4-1-4-4-5-0	1-6-0-3-2-5-2-3-2-6-5-1	1-2-2-2-0-1-4-4-2-3-3-3	2-1-4-2-2-3-2-2-3-3-2-2	4-1-1-2-3-3-3-2-4-4-2-0	3-0-2-2-3-2-2-2-4-2-4-2	2-1-3-5-7-1-4-2-0-2-1-1	2-2-4-3-4-3-0-4-2-4-2-4	3-2-1-2-0-3-1-3-7-4-3-2
110	4	4-4-4-4-4-4-4-4-5-4-4-4	5-3-3-1-4-5-0-3-2-2-1-3	0-4-4-3-5-2-3-4-5-2-5-3	2-6-5-5-1-6-4-1-5-3-3-0	1-6-0-4-2-3-4-5-5-6-3-1	1-2-2-0-4-1-5-3-4-4-6-6	2-2-3-0-2-4-5-3-4-4-0-2	3-1-1-3-2-0-7-4-3-3-2-0	5-0-3-2-4-2-3-1-3-4-3-5	2-1-4-7-4-4-3-5-4-0-6-1	0-2-5-5-3-2-0-3-0-3-2-3	2-2-1-7-0-4-2-3-3-4-5-5
110	5	4-3-4-5-5-5-4-5-4-5-5-6	7-4-3-1-7-5-3-7-6-7-5-6	2-5-6-6-4-5-6-6-4-3-4-5	6-6-4-6-6-2-5-6-7-3-3-6	6-6-0-6-2-3-6-4-4-5-6-5	2-2-6-2-4-1-4-5-4-5-4-6	2-1-3-0-2-4-11-4-4-4-6-2	3-1-2-2-5-0-4-2-2-3-7-0	4-0-2-5-4-7-2-6-7-7-6-7	2-2-5-3-7-11-5-4-0-2-4-1	5-8-4-4-4-6-0-5-2-2-7-2	5-7-5-5-5-5-5-5-3-5-4-4
110	6	6-9-4-6-6-6-4-6-4-6-6-5	7-4-3-1-4-5-9-7-5-5-6-5	0-7-8-8-5-8-7-5-8-8-7-7	5-4-7-5-8-8-4-5-5-8-3-5	5-4-3-7-2-3-5-4-7-8-5-6	5-3-7-8-6-8-4-5-6-7-4-6	2-6-6-2-2-6-6-3-8-9-6-2	5-6-8-2-5-7-4-2-2-6-5-0	7-0-2-2-4-5-5-5-5-7-6-5	7-8-5-5-7-11-7-8-6-0-4-1	5-2-7-4-11-5-0-3-2-5-5-2	5-2-5-5-5-5-7-5-3-5-4-6
110	7	7-6-6-10-8-4-6-7-7-7-7-4	6-4-3-7-5-4-8-6-5-2-8-5	8-6-8-6-8-2-6-8-6-8-8-6	8-8-8-6-9-9-4-8-5-3-3-7	9-0-7-8-2-3-8-8-6-6-7-7	2-8-8-6-6-8-3-3-4-6-2-7	8-6-4-0-2-7-3-8-6-11-8-2	5-7-11-8-2-7-4-7-11-11-5-0	7-0-2-8-7-5-2-8-5-5-7-5	6-7-7-4-8-5-8-4-7-0-7-1	2-2-6-4-6-7-0-7-0-7-5-9	5-5-7-8-8-5-6-0-3-7-4-6
110	8	8-11-8-8-8-8-8-8-8-8-8-8	9-10-9-7-11-9-6-8-5-9-7-9	7-8-6-6-7-9-9-9-6-9-9-7	7-8-7-7-7-6-10-7-9-10-8-0	7-0-7-7-7-9-7-7-9-6-7-7	2-7-9-6-10-7-9-8-9-8-10-7	7-10-9-0-11-8-9-7-6-6-7-7	8-7-6-7-9-9-10-9-2-8-7-0	7-0-7-7-9-5-11-7-5-6-4-10	7-7-8-8-7-7-7-6-7-9-7-7	8-5-8-8-9-7-0-8-0-2-5-7	4-7-7-7-7-10-6-0-10-10-10-8
110	9	9-9-8-8-8-8-9-8-8-9-9-8	8-8-8-11-8-10-10-10-8-8-10-11	9-9-10-10-9-9-8-10-9-10-8-9	10-10-10-10-7-9-9-7-8-8-9-11	7-9-7-7-10-8-10-9-8-6-8-9	9-7-8-9-10-10-8-8-8-6-1-7	9-1-8-2-9-7-9-10-6-6-9-10	9-7-10-8-9-10-8-8-2-9-9-10	9-9-10-7-8-9-9-10-5-9-7-8	10-9-8-10-10-5-8-6-10-10-10-1	10-1-9-8-8-11-10-9-10-7-5-7	9-5-9-9-10-9-8-11-9-9-8-8
110	10	10-9-8-11-11-9-9-11-8-10-11-8	11-8-8-9-8-9-9-9-10-5-7-9	10-9-9-6-10-9-9-9-9-9-9-10	9-9-9-9-10-9-8-7-8-8-9-9	10-9-10-6-9-10-9-10-8-6-10-7	9-7-7-10-8-9-8-10-8-6-2-10	11-8-8-9-9-10-8-9-6-7-9-9	9-10-9-10-10-9-8-7-2-9-9-9	9-9-9-10-10-5-9-9-5-9-10-8	9-10-7-9-9-10-10-6-9-9-9-10	9-2-9-8-4-7-9-9-9-10-5-10	9-2-9-10-9-8-10-9-8-9-8-8
110	11	11-11-11-11-11-11-10-11-11-11-11-11	10-8-11-9-11-9-10-9-10-11-9-9	9-11-11-7-11-11-11-11-9-11-11-11	11-11-11-11-11-11-9-7-11-11-11-9	11-9-11-11-9-11-10-11-11-11-7-7	11-11-11-11-11-9-11-11-11-11-11-11	10-11-11-11-8-11-5-11-11-7-9-11	11-7-7-11-11-9-11-7-7-11-11-9	7-11-11-11-8-11-11-9-11-10-10-9	10-11-11-11-11-5-11-11-11-11-11-11	9-11-11-11-6-5-9-11-11-11-11-11	11-11-11-11-11-11-11-9-11-11-11-11
111	0	0-0-0-0-0-0-0-0-0-0-0-0	0-0-0-0-0-0-0-0-0-0-0-0	0-0-0-0-0-0-0-0-0-0-0-0	0-0-0-0-0-0-0-0-0-0-0-0	0-0-0-0-0-0-0-0-0-0-0-0	0-0-0-0-0-0-0-0-0-0-0-0	0-0-0-0-0-0-0-0-0-0-0-0	0-0-0-0-0-0-0-0-0-0-0-0	0-0-0-0-0-0-0-0-0-0-0-0	0-0-0-0-0-0-0-0-0-0-0-0	0-0-0-0-0-0-0-0-0-0-0-0	0-0-0-0-0-0-0-0-0-0-0-0
111	1	1-1-1-1-1-1-1-1-1-1-1-1	1-0-2-1-2-1-1-2-2-2-1-2	1-1-2-1-1-2-1-1-1-0-2-1	1-1-4-1-1-1-1-1-0-0-0-1	0-1-1-1-3-0-1-1-0-1-1-1	1-2-0-1-1-1-0-1-1-0-0-1	0-0-0-12-1-1-1-1-1-1-1-0	1-1-1-1-1-3-0-1-1-1-1-6	1-3-1-1-1-1-1-1-1-1-1-1	6-2-0-1-1-1-0-1-3-3-1-0	5-1-1-3-1-1-3-1-3-1-1-1	1-1-1-1-1-6-1-6-5-1-2-0
111	2	4-2-2-2-2-1-2-2-2-2-3-2	3-3-1-1-3-3-3-1-1-1-2-3	3-2-3-3-3-4-3-4-3-3-5-3	3-2-3-3-2-3-1-5-3-0-3-4	4-3-4-4-2-2-3-3-3-3-3-3	3-3-3-3-1-4-3-1-2-0-9-3	2-3-2-8-2-3-2-3-2-1-5-3	2-2-2-2-2-6-2-3-2-3-2-3	6-1-1-3-6-4-2-1-3-9-2-3	1-2-2-2-2-3-5-3-1-6-5-3	2-2-3-1-3-2-2-2-9-2-3-1	1-2-2-6-6-13-5-3-2-5-1-14
111	3	2-3-2-3-2-2-2-2-4-2-2-2	2-2-1-6-2-2-2-3-2-2-4-4	2-3-2-2-4-2-4-4-2-4-2-2	4-2-2-4-4-4-1-2-4-0-4-2	2-2-2-5-1-3-4-4-2-2-2-2	2-2-2-2-1-2-3-3-2-0-4-2	3-5-2-2-2-2-3-2-2-3-4-3	2-3-4-3-3-1-2-4-3-2-2-2	1-1-1-3-14-2-1-3-2-1-3-2	3-3-5-2-4-4-3-3-1-1-2-4	4-3-2-1-2-2-1-2-1-3-2-1	1-3-2-1-2-2-3-2-1-3-1-2
111	4	6-4-2-3-4-4-2-5-4-2-2-4	2-4-1-3-4-2-5-4-4-5-3-3	2-3-5-2-3-6-3-3-2-5-3-3	5-5-5-3-3-3-4-2-3-4-3-2	2-2-2-3-5-4-5-3-4-2-2-2	2-6-6-2-4-2-5-5-4-4-11-4	4-3-7-2-5-1-4-5-4-4-3-6	2-4-3-5-4-1-4-5-4-4-4-4	4-1-4-5-4-2-4-5-2-4-3-6	4-4-4-2-3-3-4-4-1-1-4-3	4-4-2-1-4-2-1-4-4-5-2-4	1-4-2-4-2-2-3-2-7-2-4-2
111	5	5-5-5-5-5-5-5-5-2-5-5-5	6-7-5-3-5-1-2-6-4-4-3-4	6-5-4-2-6-4-6-2-6-6-6-3	4-4-4-2-3-4-6-2-6-5-4-2	3-2-2-5-4-6-4-4-4-2-2-2	2-4-4-2-4-2-6-4-4-5-0-5	4-3-6-2-4-0-5-6-13-5-2-4	2-5-4-4-4-1-5-4-4-5-4-1	2-1-4-4-5-2-2-4-6-4-3-5	4-3-5-2-7-4-2-4-3-2-2-2	1-4-5-5-6-2-1-4-1-4-2-4	2-4-3-1-2-2-3-5-1-2-5-2
111	6	5-6-6-6-6-6-5-6-6-7-5-7	5-5-7-3-6-5-2-5-5-4-3-7	5-6-2-4-5-4-5-6-5-5-5-6	4-7-7-3-3-4-6-2-6-5-7-1	2-2-2-10-4-5-6-6-7-2-2-1	3-4-4-2-6-2-7-7-6-7-7-5	4-3-5-2-4-6-7-5-8-5-3-4	7-5-4-5-4-1-6-4-4-8-4-1	2-1-4-4-6-2-2-3-7-6-5-13	9-3-6-7-9-7-7-13-3-2-2-7	2-4-5-6-5-2-1-4-1-4-4-4	6-7-2-2-2-11-3-1-6-6-8-2
111	7	10-9-8-8-9-8-10-8-7-7-7-8	8-5-6-3-8-8-8-8-8-8-8-8	9-8-8-8-8-9-8-9-8-8-10-7	8-7-9-8-8-8-7-8-7-8-6-8	8-7-8-8-4-5-8-8-6-8-8-8	8-8-4-10-6-9-6-8-6-6-8-9	8-13-4-2-4-7-6-7-5-9-8-4	2-6-8-8-8-8-6-13-4-9-8-8	8-8-4-4-7-8-8-8-6-7-8-6	9-8-9-13-9-6-13-12-8-5-8-8	8-4-8-9-13-9-8-4-8-7-7-4	8-6-7-8-8-8-5-8-8-7-8-8
111	8	8-7-7-7-7-8-8-7-8-7-7-7	7-9-6-3-11-7-7-9-7-7-7-7	7-7-7-7-7-4-7-7-7-9-9-7	7-7-7-7-7-7-10-7-9-7-9-7	7-2-7-7-4-9-9-7-9-7-7-7	7-7-4-7-10-7-9-7-8-6-7-7	7-7-8-2-14-7-9-9-6-10-7-9	2-8-7-7-7-7-8-7-4-13-7-7	7-7-4-4-8-7-7-7-12-8-8-7	9-7-7-11-7-7-7-8-7-11-7-7	7-8-7-6-7-2-7-4-7-4-11-8	7-4-7-7-7-7-3-8-7-13-7-7
111	9	8-7-7-7-7-8-7-7-7-7-7-7	10-5-6-10-8-10-10-10-7-7-10-7	7-10-7-7-7-7-7-7-7-8-8-10	10-10-7-7-10-10-8-7-8-8-8-7	7-10-7-7-10-8-10-10-8-9-9-10	10-10-4-9-9-10-8-10-8-6-2-10	12-7-7-10-10-9-8-8-6-8-10-8	11-5-10-10-4-10-8-7-4-9-9-12	9-12-8-10-10-2-9-10-10-4-3-6	7-10-7-7-11-3-6-8-9-10-12-2	10-4-7-7-7-9-10-12-12-7-2-9	9-4-10-10-9-2-3-9-10-9-9-2
111	10	7-7-10-10-9-8-7-12-10-9-7-7	9-6-6-9-8-13-9-9-7-11-7-7	9-9-7-7-7-7-7-9-9-11-7-10	9-9-9-7-9-9-11-7-11-7-11-7	7-9-7-6-9-10-9-9-11-9-9-7	9-9-4-7-9-9-9-9-10-6-7-10	7-11-11-9-9-10-8-9-6-8-9-4	10-10-9-9-7-9-13-7-4-10-9-9	9-9-4-4-9-7-7-9-9-8-8-10	9-9-7-9-7-4-7-8-9-9-7-11	9-10-7-11-14-2-9-9-9-9-4-8	11-4-9-7-7-7-3-12-13-13-13-7
111	11	13-12-11-12-11-12-14-12-12-14-11-11	12-12-12-12-8-12-12-11-12-12-12-12	11-12-12-13-11-12-12-12-12-13-12-11	12-9-9-12-12-12-10-13-10-10-12-7	12-9-11-11-9-10-12-12-10-9-12-7	11-9-12-11-9-13-12-12-10-6-4-12	4-10-10-9-9-9-8-11-6-8-12-8	9-12-4-12-12-9-10-13-4-9-9-9	9-9-8-12-10-11-14-10-7-8-13-6	6-9-7-8-12-12-12-11-9-8-9-12	9-4-12-10-7-10-9-9-9-12-8-10	10-4-11-7-12-2-12-10-9-9-10-7
111	12	11-11-11-11-11-11-11-11-11-11-11-11	11-14-11-11-11-11-11-11-11-11-11-11	11-11-11-11-13-11-11-11-11-11-11-13	11-12-13-13-11-11-10-7-12-13-11-7	11-1-7-13-11-12-11-11-13-12-13-7	11-9-11-11-11-9-13-11-12-12-7-12	4-13-12-1-9-10-10-13-12-11-11-4	10-11-14-11-11-9-10-7-4-9-7-9	9-9-8-13-11-7-9-13-7-8-11-12	12-9-7-13-11-11-11-8-11-1-9-11	9-4-11-13-13-2-9-9-9-11-12-12	10-12-9-7-11-2-11-10-10-9-10-7
111	13	11-11-11-11-11-11-11-11-14-14-11-14	13-12-11-13-11-11-11-13-11-11-11-14	13-13-11-11-12-11-11-14-12-11-12-12	14-9-12-12-11-11-14-11-12-12-11-13	11-13-14-12-13-12-12-11-12-13-12-12	13-12-11-11-13-11-12-6-12-12-2-13	13-12-10-13-13-13-8-12-5-11-7-11	2-11-13-13-11-13-10-7-13-9-7-9	13-12-14-12-11-2-13-12-6-7-11-6	14-9-9-7-13-3-7-8-13-13-13-11	9-4-5-12-7-14-9-13-13-13-2-13	13-4-13-13-13-2-3-10-10-10-10-7
111	14	14-14-14-14-14-14-11-14-14-11-14-14	11-12-14-12-14-11-11-11-11-14-11-13	11-13-14-11-14-14-14-14-12-14-14-14	13-14-13-14-14-14-13-14-14-14-14-13	14-13-13-14-14-14-13-14-10-14-11-7	14-14-14-14-14-7-14-14-14-14-14-14	13-14-14-14-8-14-10-12-14-14-10-11	14-14-12-14-14-9-14-4-13-13-12-9	9-14-14-14-11-14-14-7-14-7-11-13	13-9-14-14-14-14-14-11-9-14-14-14	11-2-14-10-12-13-14-10-14-14-14-14	7-4-14-13-2-14-14-14-14-14-14-2
112	0	0-0-0-0-0-0-0-0-0-0-0-0	0-0-0-0-0-0-0-0-0-0-0-0	0-0-0-0-0-0-0-0-0-0-0-0	0-0-0-0-0-0-0-0-0-0-0-0	0-0-0-0-0-0-0-0-0-0-0-0	0-0-0-0-0-0-0-0-0-0-0-0	0-0-0-0-0-0-0-0-0-0-0-0	0-0-0-0-0-0-0-0-0-0-0-0	0-0-0-0-0-0-0-0-0-0-0-0	0-0-0-0-0-0-0-0-0-0-0-0	0-0-0-0-0-0-0-0-0-0-0-0	0-0-0-0-0-0-0-0-0-0-0-0
112	1	1-1-1-1-1-1-1-1-1-1-1-1	1-2-2-2-2-1-1-1-1-1-1-2	1-1-2-1-0-0-2-2-1-2-2-1	1-2-2-2-0-2-2-2-0-2-2-1	0-1-1-0-2-0-2-2-2-1-1-10	2-2-0-2-1-1-2-2-2-0-2-1	10-2-1-1-1-1-2-0-2-1-10-2	1-1-2-2-1-1-2-2-1-1-2-2	1-1-1-1-2-2-1-1-1-1-2-1	1-2-1-5-0-1-2-1-1-1-1-2	1-2-2-3-2-1-1-1-1-1-2-1	1-0-1-1-1-1-1-1-1-1-1-2
112	2	1-1-1-1-1-1-1-1-1-1-2-1	1-1-1-1-1-1-1-3-1-1-3-1	4-1-3-1-3-3-3-1-1-1-1-2	3-1-2-1-3-3-1-1-0-1-1-1	0-1-10-0-4-0-1-1-1-1-2-0	1-1-0-2-1-2-1-1-1-0-1-1	1-1-1-2-1-2-1-0-1-1-4-1	2-1-1-3-1-1-1-1-1-2-1-1	2-1-2-1-1-1-4-4-1-2-2-1	1-1-2-1-1-1-1-1-4-1-4-1	1-1-1-0-1-2-12-1-1-2-1-1	1-3-2-2-2-2-2-2-2-1-2-1
112	3	4-3-3-3-4-3-4-4-3-4-4-4	4-4-4-4-4-4-4-4-4-4-4-4	3-4-5-4-5-4-4-4-4-4-4-4	4-4-4-4-3-2-4-6-4-4-4-1	3-1-3-4-3-3-4-3-4-4-5-3	3-3-4-3-3-8-4-4-3-3-3-4	11-3-4-3-4-3-5-4-4-5-14-4	3-3-4-7-3-7-5-4-1-4-3-9	3-1-3-1-4-5-14-2-4-4-3-4	4-4-6-5-7-3-3-5-2-3-2-3	3-4-4-6-1-4-3-3-3-3-5-3	4-3-3-3-3-4-5-6-4-3-4-4
112	4	3-3-3-3-3-3-3-3-3-3-3-3	3-3-3-4-3-3-3-3-3-3-3-3	2-3-5-3-6-3-3-3-3-3-3-3	5-3-3-3-6-5-3-5-3-3-5-1	6-1-2-6-2-5-5-5-3-3-5-5	3-5-3-3-3-3-5-3-3-3-4-3	6-3-3-1-3-4-3-3-3-3-5-3	3-4-5-4-4-1-3-3-4-3-3-3	3-1-3-1-3-3-2-2-3-3-4-3	3-3-3-3-5-5-3-3-2-2-2-3	3-3-3-0-1-3-2-3-2-3-3-3	3-0-6-2-3-3-3-3-3-3-3-3
112	5	3-3-3-3-6-3-3-3-3-3-3-3	3-3-3-4-3-3-3-6-3-6-3-5	2-3-3-3-3-8-4-6-3-6-4-4	4-6-3-3-4-4-3-4-3-5-8-1	4-3-1-4-6-4-6-4-5-5-3-4	8-6-7-7-5-3-6-3-5-5-8-5	6-5-3-5-6-5-3-5-5-3-4-6	5-4-4-6-5-6-3-6-12-3-3-3	5-1-5-5-5-3-5-2-3-3-4-9	6-5-5-3-5-4-6-3-2-1-2-3	6-3-3-3-5-5-2-3-6-6-3-5	3-5-3-6-5-3-3-3-3-9-3-3
112	6	3-3-3-6-5-3-3-3-3-3-3-3	3-7-3-4-3-3-3-7-3-5-4-7	4-6-5-3-4-5-7-8-3-5-7-7	4-5-7-4-4-4-3-4-7-7-5-1	4-1-1-4-5-7-5-5-5-3-3-4	3-5-5-5-6-3-7-5-5-6-3-6	5-7-3-1-7-6-6-7-6-3-4-5	3-4-7-5-4-7-6-5-5-6-3-3	5-1-5-5-6-3-2-4-3-3-6-7	5-7-3-7-7-7-5-3-2-2-2-7	5-3-8-3-1-6-2-3-5-7-3-5	3-7-4-5-5-3-7-3-3-5-3-14
112	7	7-7-7-7-3-9-7-3-7-3-3-7	6-8-8-4-3-3-3-6-3-6-3-6	4-7-3-8-4-5-6-6-8-5-8-6	7-5-8-4-4-5-8-4-8-6-5-1	4-1-1-8-5-6-8-7-8-3-3-4	4-5-5-5-7-2-8-8-7-6-9-5	4-8-8-1-6-7-8-6-6-7-5-7	6-4-6-8-7-3-7-5-5-3-3-3	5-2-6-5-7-3-2-8-8-7-7-6	3-6-3-6-11-6-8-7-7-3-11-6	6-3-3-14-8-11-2-3-5-6-6-6	3-6-4-5-3-3-6-3-3-8-8-7
112	8	6-3-8-3-5-3-3-3-3-3-3-3	3-7-7-9-3-3-3-5-3-5-9-9	9-9-9-9-9-5-9-6-7-5-7-8	8-9-7-9-10-9-7-12-7-10-5-1	12-1-1-9-5-6-9-9-7-8-12-9	5-10-8-5-8-10-7-7-5-6-5-9	4-7-3-1-6-6-7-9-7-8-9-9	6-4-14-9-8-3-7-8-5-8-8-3	5-1-8-5-8-3-2-9-7-9-7-11	4-5-11-8-8-8-8-7-7-1-11-9	2-5-7-7-7-3-2-5-5-8-3-5	3-8-8-8-5-3-3-3-3-8-7-7
112	9	9-10-10-7-10-9-3-9-3-9-9-10	10-10-10-8-11-10-10-10-3-6-8-11	8-8-8-8-8-11-10-10-10-10-10-10	8-8-10-8-8-8-7-8-10-9-10-1	8-1-1-8-5-11-8-8-9-8-8-8	3-8-8-9-11-8-8-9-9-6-13-8	5-7-9-1-10-9-10-8-7-13-8-8	12-4-10-8-8-9-9-9-5-12-3-3	8-2-10-5-14-9-1-8-8-8-10-10	11-5-12-11-8-8-8-7-10-3-10-11	5-3-7-9-1-3-2-11-5-11-3-9	3-8-8-14-3-9-10-3-10-5-13-9
112	10	9-10-9-10-9-9-10-10-10-9-13-9	9-11-10-8-9-9-11-9-9-12-8-11	14-10-8-8-8-11-9-9-12-10-9-9	11-10-9-8-8-8-11-8-9-11-11-1	8-1-1-8-5-9-10-10-11-8-8-8	3-8-9-8-11-8-11-9-10-10-8-8	1-11-9-1-9-9-11-9-10-10-1-10	3-8-9-11-10-9-9-8-5-9-11-3	3-1-9-11-12-11-11-9-8-10-9-6	9-9-12-11-8-11-11-12-9-3-2-8	2-3-3-13-14-10-2-9-11-9-3-9	10-8-4-5-3-3-9-3-9-3-9-7
112	11	12-12-12-14-12-14-12-14-14-12-14-12	12-10-10-12-9-14-12-12-12-12-12-10	11-12-12-12-11-12-12-12-11-10-12-11	12-12-12-8-8-12-10-8-10-11-10-11	8-13-13-10-12-9-12-12-10-12-8-11	11-12-8-12-10-13-10-14-10-10-11-12	14-10-11-12-9-13-10-13-10-9-12-8	3-9-13-12-10-9-9-8-5-9-12-11	12-11-13-10-13-10-13-9-8-13-9-8	12-12-8-10-12-10-12-10-12-12-12-9	12-3-12-10-10-12-13-12-12-12-3-5	13-8-11-12-12-12-9-13-12-12-9-11
112	12	11-11-11-11-11-11-11-11-11-11-14-11	9-13-12-11-13-11-11-10-11-11-11-10	14-11-11-11-8-11-13-11-10-12-13-12	11-11-11-8-8-11-13-8-13-12-12-11	8-11-11-8-11-13-11-11-13-12-8-11	11-11-8-11-10-11-13-12-10-10-8-11	11-13-9-11-9-12-10-13-12-13-11-8	9-4-11-11-10-9-12-8-5-9-11-3	11-2-5-5-10-10-11-6-5-10-12-14	11-11-10-10-8-8-11-10-11-11-11-13	11-5-11-10-11-11-2-11-11-11-3-9	11-8-8-11-11-11-9-11-9-11-9-13
112	13	12-11-14-14-14-12-11-14-11-14-14-12	9-12-12-14-12-11-14-14-11-11-11-14	11-13-14-14-13-11-12-14-11-12-12-13	11-11-11-13-13-13-12-8-12-11-12-11	13-11-11-10-11-12-14-11-12-13-8-13	11-11-9-13-9-11-12-14-10-10-13-14	11-10-10-11-12-13-12-14-12-9-13-13	5-13-11-13-13-14-12-8-5-12-13-3	5-11-13-13-13-13-11-11-13-11-13-8	13-13-11-13-13-13-13-10-11-11-13-9	11-5-13-10-10-13-13-11-13-13-3-5	11-13-13-11-13-3-13-11-9-13-9-12
112	14	14-14-14-11-14-14-11-14-14-11-14-14	11-12-14-13-12-11-13-13-11-14-13-13	12-14-14-13-14-14-13-14-11-14-14-13	13-14-13-13-14-14-12-8-14-14-14-11	14-11-14-14-14-14-13-14-12-14-8-11	14-14-14-14-14-11-14-13-14-14-14-13	11-14-14-14-9-14-10-13-14-14-11-13	14-14-8-14-14-10-9-8-8-11-13-14	5-14-14-14-9-14-14-14-14-3-13-12	11-14-14-10-14-14-14-11-11-14-14-14	11-3-14-7-10-11-13-14-14-14-14-14	11-14-14-9-11-14-14-11-14-14-9-6
113	0	0-0-0-0-0-0-0-0-0-0-0-0	0-0-0-0-0-0-0-0-0-0-0-0	0-0-0-0-0-0-0-0-0-0-0-0	0-0-0-0-0-0-0-0-0-0-0-0	0-0-0-0-0-0-0-0-0-0-0-0	0-0-0-0-0-0-0-0-0-0-0-0	0-0-0-0-0-0-0-0-0-0-0-0	0-0-0-0-0-0-0-0-0-0-0-0	0-0-0-0-0-0-0-0-0-0-0-0	0-0-0-0-0-0-0-0-0-0-0-0	0-0-0-0-0-0-0-0-0-0-0-0	0-0-0-0-0-0-0-0-0-0-0-0
113	1	1-1-1-1-1-1-0-1-0-1-1-0	0-0-0-0-0-0-2-2-0-1-0-0	3-0-2-0-0-0-2-0-0-0-2-0	2-2-2-0-1-2-0-1-0-0-0-4	0-0-1-0-2-0-2-0-0-1-0-5	2-1-0-0-0-2-1-0-0-1-0-2	1-0-0-1-0-1-0-0-1-0-1-0	1-0-2-1-0-2-0-0-1-1-0-0	2-1-2-1-5-1-1-0-0-1-1-0	1-1-1-1-0-1-0-0-1-2-1-0	0-1-0-0-1-1-1-1-1-1-1-1	1-1-1-1-1-1-1-0-0-1-0-0
113	2	2-2-2-2-2-2-2-2-2-2-2-2	1-2-2-0-0-0-1-1-1-1-2-1	1-3-1-3-3-0-3-0-0-3-3-3	3-1-1-3-3-3-0-3-3-0-3-1	3-0-1-4-1-2-1-3-0-2-5-3	3-1-3-2-2-3-2-5-2-2-0-1	2-2-2-1-2-1-2-3-2-2-3-2	0-2-3-2-2-1-2-2-2-1-0-0	1-1-1-2-11-3-1-0-0-4-2-3	2-2-0-1-3-3-2-2-4-1-1-3	0-2-3-0-3-2-1-0-1-2-2-0	0-2-1-1-2-2-2-0-0-2-0-2
113	3	3-3-2-3-3-3-3-4-3-4-3-3	4-3-2-0-3-4-1-3-3-4-2-3	1-5-1-2-2-5-2-4-0-4-2-4	4-4-4-2-2-2-3-2-2-3-2-1	2-3-1-2-4-2-4-2-3-3-2-4	2-5-5-7-3-2-4-2-3-3-6-3	2-2-3-1-4-3-3-4-3-4-2-4	8-2-2-4-2-3-3-4-4-3-3-3	3-3-3-4-2-3-3-4-0-3-2-3	4-4-3-3-2-2-3-3-1-3-3-2	5-3-3-0-3-3-1-3-3-4-3-3	1-3-1-3-3-3-2-3-0-3-0-3
113	4	4-4-4-4-4-4-5-3-4-4-4-4	4-6-4-2-4-5-1-5-3-3-2-3	1-4-3-2-2-3-5-4-5-5-5-3	3-3-3-3-2-2-4-2-5-4-3-1	2-1-1-2-3-5-3-2-3-3-2-3	2-3-3-3-3-2-5-3-3-4-0-4	2-2-4-1-3-4-4-5-4-7-2-3	4-9-2-3-2-1-4-3-3-4-3-0	0-3-3-3-4-3-0-3-5-3-2-4	3-3-5-4-2-2-3-3-2-1-5-8	3-3-5-4-3-5-6-3-3-3-3-3	0-3-1-3-1-4-2-0-0-1-4-0
113	5	5-5-5-5-5-5-4-5-5-6-4-5	4-4-6-2-5-4-1-4-4-3-2-5	1-5-3-3-2-3-4-5-4-4-4-5	3-3-6-3-3-3-5-2-5-4-3-1	2-1-1-9-3-4-5-5-6-3-2-1	9-3-3-2-5-2-6-6-5-5-9-3	2-2-4-1-3-5-10-4-7-4-2-3	7-4-2-3-3-6-5-3-3-4-3-6	5-3-3-3-1-3-3-11-9-5-2-8	4-2-5-6-2-6-10-9-2-3-4-2	3-3-4-5-9-5-6-3-3-3-3-3	6-9-1-3-5-6-2-0-5-5-7-5
113	6	8-7-7-7-7-5-7-7-7-6-6-7	7-4-5-7-7-7-7-7-7-7-7-7	6-7-7-7-7-7-7-7-7-7-7-6	7-7-8-7-7-7-5-9-7-7-5-7	7-7-8-7-3-4-7-7-5-7-7-7	7-7-3-9-5-7-5-7-5-5-7-7	7-6-3-7-3-6-7-6-5-8-7-3	5-7-2-7-7-7-5-7-3-6-7-6	7-7-3-3-6-7-7-7-7-6-6-5	7-7-9-6-7-5-7-10-6-7-7-5	7-3-7-8-7-8-7-5-7-6-6-3	7-5-6-7-7-7-6-6-7-6-7-7
113	7	6-6-6-7-6-7-6-6-6-7-6-6	6-8-5-6-6-6-6-6-6-6-6-6	6-6-6-6-6-6-6-6-6-6-8-6	6-6-6-6-6-6-8-6-8-6-7-6	6-6-6-6-3-8-6-6-8-6-6-6	6-6-8-6-5-6-8-6-8-3-6-7	6-7-7-6-9-7-8-8-5-7-6-3	5-6-6-6-6-6-9-6-3-7-6-0	6-6-3-3-7-6-6-6-6-6-6-7	7-6-6-6-6-6-6-5-1-6-6-4	6-3-6-5-6-6-6-3-6-6-6-3	6-2-6-6-6-6-2-7-9-6-9-6
113	8	6-6-9-8-6-6-10-6-6-11-6-6	6-7-5-11-6-7-9-9-6-6-6-11	8-9-9-6-8-6-7-9-8-9-7-8	9-8-6-10-6-9-7-6-7-7-8-11	2-11-6-6-8-7-9-6-7-8-8-6	7-8-7-8-8-11-7-9-7-5-0-8	8-2-8-11-8-8-7-7-5-6-8-3	10-4-2-7-3-9-7-6-3-8-8-9	8-9-8-3-9-6-8-7-6-6-2-5	7-3-6-9-6-2-6-6-9-9-9-4	8-3-6-6-6-9-9-10-8-6-6-3	10-5-8-6-8-7-2-8-7-9-7-6
113	9	9-6-8-11-6-9-9-6-9-11-6-6	6-5-5-8-6-6-10-10-6-8-6-6	8-8-8-6-10-11-8-8-8-8-8-8	8-8-10-8-10-10-10-6-10-10-9-6	11-8-11-9-9-9-10-9-7-9-8-6	11-10-10-6-8-10-7-10-9-5-5-10	11-9-7-9-8-9-5-8-3-6-10-9	8-4-2-10-9-8-7-6-11-8-6-8	9-8-9-3-9-2-10-7-5-6-9-5	9-10-6-8-10-10-6-5-8-8-8-9	10-3-7-8-5-8-8-9-10-9-6-9	9-5-8-9-9-7-9-7-7-8-7-6
113	10	6-6-11-6-6-10-10-6-11-9-6-6	6-7-5-6-6-6-9-11-11-8-11-6	8-9-11-6-9-9-8-8-8-9-8-11	9-9-9-8-9-9-9-6-9-9-9-8	9-9-9-8-9-10-9-9-9-11-11-6	10-9-9-10-8-9-9-9-5-3-7-9	9-9-4-10-11-7-5-9-5-10-9-3	8-10-10-9-9-8-7-10-3-8-6-8	11-8-11-3-9-10-9-10-5-6-9-5	11-9-6-6-9-9-5-6-9-8-8-9	9-3-10-8-5-8-8-9-9-9-10-10	9-5-10-9-9-10-10-9-7-8-6-6
113	11	11-11-11-11-11-11-9-11-11-11-11-11	6-10-11-8-11-10-8-10-10-11-10-8	8-8-11-10-11-9-11-11-8-11-11-10	9-11-9-11-11-11-9-11-11-11-11-8	9-8-9-11-11-11-10-11-7-10-10-6	11-11-11-10-11-8-11-11-11-11-11-11	9-11-11-11-10-11-4-9-11-10-6-9	11-11-2-10-11-8-11-10-9-9-6-8	10-11-11-11-2-11-11-5-11-6-10-5	10-11-11-6-11-2-11-10-11-11-8-11	8-11-7-8-3-9-8-11-11-11-11-11	11-11-11-9-6-11-11-8-11-11-11-6
114	0	0-0-0-0-0-0-0-0-0-0-0-0	0-0-0-0-0-0-0-0-0-0-0-0	0-0-0-0-0-0-0-0-0-0-0-0	0-0-0-0-0-0-0-0-0-0-0-0	0-0-0-0-0-0-0-0-0-0-0-0	0-0-0-0-0-0-0-0-0-0-0-0	0-0-0-0-0-0-0-0-0-0-0-0	0-0-0-0-0-0-0-0-0-0-0-0	0-0-0-0-0-0-0-0-0-0-0-0	0-0-0-0-0-0-0-0-0-0-0-0	0-0-0-0-0-0-0-0-0-0-0-0	0-0-0-0-0-0-0-0-0-0-0-0
114	1	1-1-2-1-1-1-1-1-1-1-1-1	1-0-0-1-0-1-2-2-1-2-1-2	1-1-2-1-1-2-2-1-2-0-2-1	2-1-2-2-2-2-3-5-0-0-0-1	3-2-1-1-2-0-2-2-0-1-1-1	1-2-0-2-1-1-0-1-0-0-9-2	5-0-1-9-1-0-0-2-2-1-2-2	1-1-2-1-1-1-4-0-6-1-1-1	1-1-1-2-2-1-1-1-2-2-1-2	2-10-1-0-2-4-2-2-1-1-1-2	0-2-10-0-9-0-1-2-9-1-2-1	0-2-1-1-2-5-1-1-1-1-0-1
114	2	1-1-1-1-1-1-2-1-1-2-1-1	1-1-1-1-1-1-1-1-1-1-1-1	3-3-1-1-3-1-1-1-3-1-2-3	3-3-3-1-3-3-1-1-3-0-3-10	1-1-5-1-1-0-3-3-0-2-3-4	2-1-3-1-1-4-3-1-0-0-0-3	10-0-1-6-2-1-0-3-1-1-6-1	2-2-1-3-1-7-1-1-3-2-9-1	2-4-1-1-1-2-6-6-1-1-3-1	1-1-1-2-5-1-1-1-6-5-6-1	5-1-1-0-2-2-9-1-10-2-1-2	0-2-4-3-1-1-1-2-1-2-2-1
114	3	3-3-3-3-3-3-3-3-3-3-3-3	4-3-0-2-4-4-1-3-4-4-1-4	2-2-1-2-4-8-4-4-2-5-4-4	5-4-2-4-5-2-1-1-3-3-4-2	5-1-1-1-4-3-4-4-4-3-5-2	2-1-5-5-4-1-2-1-3-3-0-2	1-3-3-2-4-0-4-4-3-1-1-5	3-5-6-4-3-2-1-4-8-2-1-1	2-8-6-3-7-5-2-2-3-3-2-3	2-1-1-2-2-0-4-1-2-4-2-1	2-3-1-3-3-3-2-3-2-2-1-3	3-3-2-2-1-3-3-3-2-2-0-3
114	4	4-4-4-4-4-4-4-4-4-4-4-4	3-4-5-2-3-4-3-5-3-3-2-5	2-2-1-5-5-3-5-6-5-6-5-5	3-3-5-3-3-3-5-1-4-5-3-2	3-1-2-4-3-6-3-3-3-6-6-2	3-2-3-3-3-2-5-5-3-0-1-4	1-4-6-3-3-0-3-5-0-4-3-5	7-4-3-3-4-2-1-3-5-5-2-1	4-2-3-3-0-1-2-2-5-12-5-3	1-1-4-6-2-1-5-1-2-3-2-1	2-3-1-0-5-5-2-1-2-5-4-5	4-3-2-2-1-1-5-3-6-3-4-7
114	5	5-5-5-5-5-5-5-5-7-5-5-5	6-6-4-1-6-6-1-7-3-3-1-4	2-5-5-4-6-3-4-8-6-3-6-4	3-7-6-5-3-3-7-1-6-4-3-2	3-1-2-5-3-4-5-7-6-3-3-2	2-1-3-3-5-2-6-4-5-5-6-7	1-4-4-1-3-0-6-6-5-6-2-4	8-6-1-4-5-2-8-3-4-4-2-1	6-3-1-3-9-1-2-2-4-5-4-7	1-1-5-4-2-5-4-5-2-2-2-6	2-3-6-7-4-4-2-1-2-4-1-4	5-3-1-2-2-1-4-2-1-3-6-6
114	6	5-4-5-6-6-7-5-6-5-6-8-5	7-5-4-7-10-5-1-5-7-8-6-7	3-6-7-8-7-9-7-7-5-4-5-6	7-7-5-7-7-3-7-6-5-4-4-2	6-1-1-7-3-4-7-5-5-6-7-1	2-1-7-3-5-1-5-7-5-6-5-7	1-8-4-2-3-0-5-5-5-5-2-7	8-6-3-7-6-2-5-3-1-4-2-1	5-3-3-6-13-7-2-2-8-7-5-8	1-1-6-4-8-6-5-6-2-1-2-5	6-8-5-5-5-7-7-3-2-2-8-3	6-8-6-2-6-7-6-6-4-6-5-5
114	7	7-8-7-7-7-7-5-7-5-7-9-6	6-8-4-8-5-6-9-8-6-3-8-6	8-7-9-9-6-10-8-9-9-9-8-8	6-8-8-6-9-9-5-13-6-9-4-6	6-1-1-8-3-4-6-5-6-10-6-7	7-6-6-8-7-1-5-6-7-7-7-8	11-8-9-2-3-8-6-5-7-5-7-6	14-7-8-6-6-2-5-3-3-3-8-1	2-3-3-7-3-6-1-2-6-6-7-6	8-1-7-6-2-15-5-12-2-1-2-7	6-6-6-5-8-6-6-3-2-2-6-3	6-3-6-2-6-6-8-6-4-6-5-5
114	8	8-11-5-7-8-7-5-8-10-7-6-10	5-5-4-7-6-6-10-7-9-6-9-9	11-9-9-7-7-3-9-9-9-6-7-7	9-9-7-10-10-10-6-12-7-5-7-2	9-1-10-7-3-4-9-9-6-13-9-10	9-10-9-8-7-9-9-4-7-7-11-10	2-7-4-2-9-11-5-5-7-8-9-8	6-9-9-9-6-2-5-8-3-9-8-14	8-3-9-9-13-6-2-9-6-6-13-6	7-8-13-5-9-6-9-12-8-8-11-8	2-6-4-8-7-13-6-8-2-2-6-8	6-6-8-2-11-9-7-7-4-8-5-5
114	9	9-9-9-10-9-10-10-9-9-9-7-9	8-13-10-10-6-10-7-7-8-10-8-10	10-8-8-7-7-6-10-10-8-7-10-8	8-9-10-8-7-8-11-7-10-10-9-2	8-1-8-8-8-10-8-8-9-7-8-8	8-8-8-7-9-8-10-9-9-9-1-9	2-7-7-1-10-9-11-10-7-0-8-8	9-8-10-8-9-9-13-8-3-13-2-13	8-9-8-8-9-9-10-8-10-13-12-9	1-1-9-9-8-7-10-6-2-9-10-9	2-9-1-5-1-9-2-1-1-2-6-10	0-6-6-2-8-8-10-9-11-11-5-15
114	10	10-10-9-10-10-10-11-10-13-10-13-9	14-11-9-9-6-9-8-11-6-9-8-11	9-10-8-7-7-11-9-9-12-11-11-11	8-11-11-8-7-8-11-7-9-9-11-2	8-1-8-11-12-9-10-10-11-7-8-8	8-8-8-8-13-8-11-11-10-10-6-8	2-7-10-1-9-11-10-9-7-13-2-12	11-10-9-9-10-8-10-8-2-11-8-1	8-9-9-8-10-6-2-2-9-9-10-10	1-1-9-11-2-10-9-10-10-2-9-9	2-9-12-12-11-12-2-11-2-2-6-9	6-6-6-2-8-8-9-12-11-9-15-10
114	11	10-8-10-10-11-10-10-11-10-11-10-15	12-10-10-12-10-9-13-13-12-9-12-14	12-12-13-13-12-12-12-13-12-12-10-10	12-12-13-12-12-12-12-14-12-13-10-12	8-11-12-12-11-9-12-12-10-12-13-12	12-12-12-11-10-8-12-10-10-10-8-12	15-12-10-2-10-10-9-12-7-8-12-10	10-8-15-12-10-15-9-13-12-9-11-14	12-11-15-12-8-6-11-2-6-11-8-6	12-11-8-9-12-10-12-10-2-11-8-8	11-9-4-10-10-8-11-10-2-12-12-11	6-12-12-11-8-8-7-10-9-9-5-9
114	12	12-13-12-13-12-10-12-15-10-11-14-12	14-13-9-11-14-13-11-13-11-13-11-13	11-11-11-11-11-13-11-12-10-11-13-10	11-11-11-11-11-11-11-8-11-11-13-11	8-1-11-11-11-13-11-11-13-11-11-11	11-11-11-8-10-8-13-12-10-12-13-12	11-11-7-2-13-12-12-13-7-14-11-13	9-8-11-11-11-11-10-11-11-12-11-1	11-11-11-11-12-12-2-12-8-4-9-10	11-11-15-13-13-8-11-10-11-11-8-15	13-12-10-10-10-10-2-10-14-11-11-11	13-11-11-2-15-13-7-10-13-12-5-13
114	13	12-12-12-12-12-10-10-13-10-15-10-12	12-9-9-13-14-12-11-11-11-12-11-12	13-13-14-11-14-14-14-11-14-14-12-13	14-13-11-11-14-13-10-7-12-14-14-14	14-13-14-11-11-12-14-14-12-8-11-11	13-13-11-13-10-8-12-14-10-10-12-14	13-7-10-13-12-13-10-12-7-15-13-12	9-8-14-13-14-2-9-11-13-9-13-14	13-13-14-11-8-14-13-12-14-14-14-6	13-13-8-12-12-6-11-10-13-11-13-8	13-7-14-0-14-14-13-13-13-14-6-11	13-13-11-13-13-12-7-14-14-13-5-12
114	14	12-14-15-12-14-15-10-15-15-15-12-15	12-9-12-13-12-10-15-15-11-9-15-15	15-15-13-15-13-13-15-14-13-13-14-14	13-14-13-15-13-13-12-11-13-13-13-13	13-14-13-11-13-14-15-13-12-12-11-14	14-14-11-14-10-15-13-13-10-9-14-13	13-13-10-14-12-13-12-14-11-14-13-12	14-8-13-13-13-12-9-11-13-9-14-15	14-13-13-11-8-13-13-14-13-13-13-6	13-13-8-12-12-13-11-10-13-11-13-12	14-12-14-10-10-13-13-13-13-14-11-11	14-14-14-13-14-14-7-14-13-14-10-14
114	15	15-15-15-15-15-14-15-15-15-14-15-15	12-12-15-13-15-15-13-14-14-15-14-14	14-14-15-14-15-14-14-15-13-15-15-15	14-15-14-14-15-15-11-15-13-15-15-14	15-14-15-15-15-15-14-15-10-15-11-8	15-15-15-15-15-8-15-15-15-15-15-15	13-15-15-15-12-15-6-14-15-15-14-14	15-15-11-14-15-11-9-11-11-15-14-15	14-15-11-15-9-6-15-15-15-11-8-6	11-15-12-15-15-15-15-10-15-15-15-15	14-15-15-15-7-13-15-10-15-15-15-15	14-15-15-13-14-15-15-3-15-15-10-9
115	0	0-0-0-0-0-0-0-0-0-0-0-0	0-0-0-0-0-0-0-0-0-0-0-0	0-0-0-0-0-0-0-0-0-0-0-0	0-0-0-0-0-0-0-0-0-0-0-0	0-0-0-0-0-0-0-0-0-0-0-0	0-0-0-0-0-0-0-0-0-0-0-0	0-0-0-0-0-0-0-0-0-0-0-0	0-0-0-0-0-0-0-0-0-0-0-0	0-0-0-0-0-0-0-0-0-0-0-0	0-0-0-0-0-0-0-0-0-0-0-0	0-0-0-0-0-0-0-0-0-0-0-0	0-0-0-0-0-0-0-0-0-0-0-0
115	1	1-1-1-1-1-1-1-1-1-1-1-1	1-2-2-2-1-1-2-2-1-1-1-2	0-1-2-2-3-3-2-3-2-2-1-2	2-2-2-2-1-2-1-3-2-1-2-0	5-0-1-2-0-2-2-2-2-3-2-1	2-2-2-0-0-4-1-1-1-1-2-2	1-1-1-1-1-1-2-2-2-2-2-1	1-1-4-1-2-0-2-1-1-0-1-2	1-0-2-2-3-3-1-1-2-2-1-1	1-1-1-1-2-1-1-1-0-0-2-5	1-2-3-0-1-1-1-1-2-1-1-1	1-1-1-1-1-1-1-0-2-1-1-1
115	2	1-1-1-1-2-1-2-1-1-1-2-1	1-1-1-1-1-1-1-1-1-1-1-1	3-3-1-1-1-1-1-1-1-1-2-1	3-3-1-1-5-4-1-1-1-1-1-4	1-6-5-1-6-1-3-3-1-1-1-4	1-5-1-0-0-1-1-5-2-1-1-3	3-1-1-8-3-2-1-3-1-1-3-1	1-1-1-1-1-3-1-1-5-4-5-1	4-0-1-1-1-1-3-3-1-1-3-1	1-1-2-2-1-1-1-1-2-4-1-1	5-1-1-0-2-7-2-2-8-10-1-1	2-1-2-8-6-1-1-0-1-3-1-1
115	3	1-3-1-3-3-3-3-3-3-3-1-3	1-3-3-1-3-1-1-6-3-4-1-3	2-2-1-1-1-6-4-5-1-6-4-1	2-4-2-1-2-5-1-1-1-3-6-2	1-2-1-1-4-4-4-4-4-1-1-2	6-1-5-4-4-1-4-1-3-3-2-2	2-1-3-2-4-2-3-2-3-4-2-4	3-1-3-4-3-2-1-3-7-2-3-1	3-0-3-3-1-1-2-2-4-3-2-3	2-1-3-2-2-1-2-1-2-2-1-1	3-1-1-3-1-3-2-3-6-2-1-3	2-3-5-2-2-3-3-3-3-2-1-1
115	4	4-4-4-4-4-4-4-4-4-4-3-4	1-6-4-1-4-5-2-5-3-3-1-5	1-3-5-1-5-3-5-5-5-5-5-5	3-3-3-1-1-2-5-1-5-4-5-2	1-0-2-1-3-5-3-3-3-3-1-2	1-2-3-3-3-1-5-2-4-4-1-4	2-1-5-3-3-4-6-6-4-3-2-3	4-4-1-3-1-2-4-1-3-4-1-1	2-0-3-3-6-1-2-2-3-3-5-5	1-5-4-1-2-1-1-4-5-2-1-1	4-3-6-4-1-5-2-3-2-2-1-3	4-5-2-2-2-5-5-12-6-2-1-1
115	5	6-5-5-5-4-5-6-6-4-6-5-5	1-6-4-1-4-4-4-4-3-3-1-4	2-5-4-5-4-1-4-6-4-4-6-6	5-7-6-1-2-3-6-1-6-6-4-2	1-0-2-5-9-4-5-5-5-1-1-2	1-2-3-3-5-1-6-2-5-5-5-3	2-1-4-2-3-5-5-4-5-5-2-3	5-4-0-4-1-2-6-9-2-5-2-0	2-0-6-3-5-5-2-2-8-5-5-5	7-4-5-1-2-9-11-5-4-0-1-1	2-1-12-5-6-4-2-2-2-2-1-3	6-4-2-2-2-4-4-3-6-6-8-1
115	6	5-5-5-5-5-7-5-5-4-7-6-5	1-4-5-7-4-7-7-7-7-3-7-7	8-6-7-8-7-3-7-7-5-3-5-7	7-7-7-6-7-7-5-8-5-5-3-2	7-2-2-7-3-4-7-7-5-7-6-6	3-6-7-7-5-8-5-6-5-5-6-8	1-1-5-2-7-5-5-4-4-5-6-7	5-7-12-7-7-2-5-7-6-6-2-0	2-0-6-6-12-1-2-2-5-5-7-6	1-1-5-6-6-7-6-5-6-0-1-6	2-1-4-5-5-2-2-3-3-2-1-3	5-6-6-2-2-3-5-3-4-5-1-4
115	7	7-7-7-7-7-7-7-7-7-7-7-7	7-9-8-6-4-6-6-8-6-8-6-6	6-7-6-6-6-8-6-6-5-8-8-6	6-6-6-6-6-6-8-6-8-8-8-2	6-0-2-6-9-8-8-6-7-6-6-6	6-6-8-6-7-6-8-7-3-7-5-7	2-7-7-2-8-5-7-7-7-7-2-6	8-6-12-8-6-2-8-6-3-7-2-0	2-0-7-12-5-10-2-2-5-5-6-8	5-1-5-6-2-6-6-5-7-9-9-6	2-1-5-7-9-2-2-0-2-2-1-6	5-6-6-2-2-1-10-3-8-3-8-1
115	8	8-8-7-7-8-8-8-8-8-8-8-7	7-7-7-6-4-9-10-7-8-7-9-12	6-8-6-6-10-9-7-8-5-7-7-7	6-8-9-10-6-6-7-6-7-9-7-2	6-0-2-8-9-7-7-8-9-8-10-10	1-6-7-6-8-6-7-7-3-7-8-6	2-12-7-2-7-6-5-8-8-8-0-7	7-6-12-7-7-8-7-6-3-8-1-0	2-8-3-10-6-8-12-10-5-5-6-7	2-1-5-9-10-1-8-5-8-0-1-7	2-1-5-8-10-8-2-0-2-2-9-3	2-8-8-2-0-1-7-9-7-8-7-8
115	9	10-10-10-10-10-10-12-10-10-10-9-10	12-7-10-10-11-10-11-9-11-11-10-10	9-10-10-9-9-10-9-9-10-10-10-9	10-9-9-9-9-10-9-9-8-8-7-9	9-11-11-9-10-8-10-10-8-9-9-9	9-10-7-11-9-11-8-10-5-7-9-11	10-7-9-11-9-9-11-8-7-9-11-9	10-7-11-10-7-10-9-5-10-11-10-9	11-10-10-7-6-9-11-8-5-10-7-7	10-11-5-8-10-10-8-5-10-10-11-7	9-1-11-8-8-10-9-9-9-9-8-9	9-8-9-10-10-11-9-9-10-10-10-10
115	10	9-9-9-9-9-9-9-9-9-9-9-9	9-11-9-9-9-9-9-9-9-9-9-9	12-9-9-9-8-9-9-9-9-9-9-10	9-10-9-8-6-9-7-6-11-11-11-2	6-9-9-8-9-10-9-9-12-9-8-9	9-9-7-9-5-6-11-9-10-7-8-10	9-8-7-9-12-10-10-8-8-9-9-11	9-6-9-9-10-9-11-11-9-10-9-0	9-9-9-8-10-9-9-8-5-9-7-7	9-9-10-8-9-9-8-5-9-9-9-7	2-11-9-10-8-9-2-9-9-2-11-10	9-8-8-9-9-1-7-9-9-9-9-9
115	11	9-11-9-9-9-9-9-9-9-9-12-9	12-10-9-9-9-12-9-12-9-9-9-12	11-10-9-9-11-9-11-12-12-11-9-11	12-11-9-11-10-11-12-9-10-10-10-9	12-9-9-9-10-10-12-11-10-11-10-11	11-11-10-11-7-12-10-12-10-10-11-12	9-10-11-9-10-9-9-9-10-11-9-12	11-9-9-9-10-9-10-10-9-9-11-11	9-9-9-11-12-11-9-10-11-10-11-8	11-9-5-12-11-11-11-11-9-9-9-7	9-10-11-10-9-11-11-12-11-9-10-11	12-9-11-9-11-9-11-11-9-11-9-11
115	12	12-12-9-9-12-9-9-12-12-9-12-12	9-10-11-9-9-9-11-11-9-12-11-11	10-11-12-11-12-12-11-11-11-12-11-11	11-12-12-12-12-12-11-12-10-12-12-2	11-9-12-12-12-12-11-11-10-12-6-9	12-12-12-11-12-12-10-12-12-12-12-11	11-12-12-12-10-12-10-12-12-12-9-11	12-12-6-9-12-11-12-1-9-12-9-12	3-12-12-12-6-12-12-8-12-1-11-6	9-12-12-11-12-12-12-11-12-12-12-12	9-12-5-10-11-9-12-11-12-9-12-12	11-12-12-9-11-12-12-11-12-12-12-1
116	0	0-0-0-0-0-0-0-0-0-0-0-0	0-0-0-0-0-0-0-0-0-0-0-0	0-0-0-0-0-0-0-0-0-0-0-0	0-0-0-0-0-0-0-0-0-0-0-0	0-0-0-0-0-0-0-0-0-0-0-0	0-0-0-0-0-0-0-0-0-0-0-0	0-0-0-0-0-0-0-0-0-0-0-0	0-0-0-0-0-0-0-0-0-0-0-0	0-0-0-0-0-0-0-0-0-0-0-0	0-0-0-0-0-0-0-0-0-0-0-0	0-0-0-0-0-0-0-0-0-0-0-0	0-0-0-0-0-0-0-0-0-0-0-0
116	1	1-1-1-1-1-1-1-1-1-1-1-1	1-1-1-1-1-1-2-1-0-1-1-0	0-0-0-2-2-0-2-0-2-2-0-0	2-0-0-2-2-2-0-4-2-0-2-3	2-0-2-2-0-1-0-2-1-1-4-2	2-2-1-1-1-2-1-1-1-1-7-0	1-1-1-0-0-0-1-0-1-1-2-1	1-1-2-1-1-0-1-1-1-1-0-0	0-0-1-0-11-1-0-1-1-0-1-1	0-1-1-2-2-2-0-1-0-0-0-1	0-1-1-0-0-0-0-0-0-1-1-1	0-1-0-1-0-0-1-0-0-0-2-1
116	2	2-2-2-2-2-2-2-2-2-2-2-2	3-2-1-1-2-2-1-3-2-2-1-2	0-1-1-1-1-3-3-1-1-3-2-0	1-3-3-1-1-1-2-1-1-2-1-1	1-2-1-1-3-1-3-1-2-2-1-1	1-4-3-3-2-1-3-1-2-2-2-2	1-1-2-2-3-2-2-2-2-2-1-3	2-2-1-3-2-2-2-3-2-2-2-2	2-0-2-2-2-4-2-3-2-2-1-3	2-2-2-1-1-1-2-2-0-2-2-1	2-2-2-0-3-2-0-2-2-3-2-2	4-2-1-2-2-2-1-0-2-2-1-2
116	3	3-3-3-3-3-3-3-3-3-3-3-3	2-3-3-1-2-2-1-4-2-2-1-4	0-0-2-2-1-4-4-2-1-2-4-3	1-2-4-1-1-1-4-1-1-3-1-1	1-5-1-1-2-4-2-2-2-2-1-1	2-2-2-2-2-1-4-2-2-3-2-2	1-1-3-4-2-3-2-4-6-3-1-2	3-4-2-2-4-5-3-2-2-3-2-2	3-0-2-2-3-2-4-2-4-2-1-4	0-2-3-4-7-2-2-2-2-2-4-2	4-2-2-3-2-3-0-0-0-4-2-2	2-2-1-2-0-3-1-0-0-4-3-3
116	4	4-4-4-4-4-4-4-4-4-4-4-4	4-5-4-1-4-4-4-3-2-3-3-3	0-5-0-1-1-3-3-2-4-2-3-4	1-5-5-1-1-1-3-1-4-3-5-1	1-0-5-8-2-3-3-4-2-4-5-0	1-2-2-2-4-1-3-2-2-4-4-2	2-1-3-3-2-4-4-3-3-3-2-2	3-3-5-3-3-7-3-2-2-4-4-2	4-2-2-3-4-2-3-5-3-4-1-8	4-3-4-3-4-3-5-2-4-6-3-1	3-10-4-4-4-5-0-5-5-3-3-4	4-3-1-2-5-4-1-4-3-3-10-3
116	5	6-5-6-6-6-6-6-7-6-6-7-6	6-4-9-6-6-6-6-5-6-6-6-6	5-6-6-5-6-6-6-6-6-6-6-5	6-5-6-5-6-6-5-5-5-5-4-5	5-3-5-6-4-5-6-6-5-5-6-6	5-6-6-6-4-6-6-6-7-3-6-7	10-5-5-6-5-5-6-6-3-7-5-6	6-6-5-6-4-7-5-6-5-6-9-5	5-5-5-5-6-5-5-4-9-6-5-11	5-6-6-3-6-6-8-5-6-5-10-5	5-6-6-6-6-6-5-5-5-11-5-4	10-5-5-5-8-6-5-9-5-6-6-5
116	6	5-5-5-5-5-5-5-5-5-5-5-5	5-7-5-5-5-5-5-5-5-5-5-5	5-5-5-5-5-5-5-5-5-5-7-5	5-5-5-5-5-5-8-1-8-7-7-5	1-0-5-5-2-7-7-5-7-5-5-5	5-5-7-5-8-5-7-5-6-6-5-5	1-1-5-5-6-5-7-7-3-5-5-5	5-5-11-5-3-5-7-5-2-5-5-2	6-6-9-2-5-5-5-7-6-5-5-8	7-5-5-3-5-5-5-5-5-4-6-10	11-5-10-5-5-5-11-11-5-5-7-6	6-5-5-5-5-5-1-5-8-5-5-10
116	7	5-5-5-5-5-5-5-5-5-5-5-5	5-4-6-5-5-5-5-5-5-5-5-5	7-8-5-5-7-5-5-8-5-5-6-7	7-8-5-8-5-5-6-1-6-6-6-7	1-8-5-5-7-6-8-7-6-8-5-7	1-5-6-7-6-11-6-6-5-6-1-5	7-1-5-5-7-7-6-8-7-5-8-5	10-6-1-6-2-5-6-5-2-7-7-8	7-8-2-2-1-0-9-6-3-5-5-6	5-8-8-8-8-5-5-5-8-9-8-5	8-2-5-3-5-5-8-7-7-5-6-7	8-2-7-5-7-4-1-8-6-9-4-6
116	8	5-5-5-5-5-5-5-5-5-5-5-5	5-4-5-5-5-5-9-5-5-5-5-5	7-7-7-7-8-9-9-7-5-6-7-7	9-7-5-7-1-9-6-1-6-6-9-8	1-7-8-9-8-6-9-9-6-7-5-5	8-8-2-10-6-9-6-8-7-6-4-9	9-8-5-8-7-8-6-7-7-5-9-2	7-10-7-9-8-10-3-5-2-7-7-7	7-7-8-9-8-8-8-8-3-5-8-4	9-8-8-7-9-10-5-5-7-7-7-8	7-2-5-3-5-7-7-8-9-10-6-8	8-6-7-8-9-4-8-7-6-3-4-6
116	9	5-5-5-5-5-5-5-5-5-5-5-5	5-11-5-5-5-5-8-10-5-5-5-11	7-8-7-5-10-8-8-8-5-10-10-10	8-7-10-10-10-8-11-5-10-10-8-8	1-7-8-10-8-10-8-8-10-7-10-10	10-10-11-5-7-8-10-8-9-9-10-8	8-9-5-8-8-8-9-10-9-5-8-10	7-8-8-8-8-7-10-10-2-7-11-7	7-7-6-8-7-5-7-10-5-5-8-10	8-7-5-10-10-8-10-5-8-7-8-6	7-2-5-9-10-5-7-8-8-8-10-6	5-9-7-5-8-5-8-5-6-10-4-9
116	10	5-5-5-5-5-5-5-5-5-5-5-5	5-4-5-10-5-5-8-9-5-5-5-9	7-10-7-10-9-8-9-7-10-9-9-9	10-7-10-9-9-8-6-10-9-9-7-10	1-10-10-9-9-9-9-8-9-10-9-10	9-9-9-10-10-11-9-8-10-9-9-10	5-9-5-10-10-8-9-9-9-5-8-10	7-8-10-8-8-8-6-9-10-7-10-7	10-7-8-10-8-10-10-9-5-5-8-9	4-10-10-9-9-8-9-5-10-7-10-6	10-2-6-9-9-7-7-10-10-8-9-10	5-9-10-10-10-9-8-10-6-9-4-6
116	11	11-11-11-11-11-11-5-11-11-10-11-11	5-9-11-5-11-5-9-9-5-11-5-9	7-11-11-10-11-11-11-11-5-11-11-9	10-11-9-11-11-11-9-11-11-11-11-7	11-7-11-11-11-11-10-11-11-11-1-10	8-11-11-5-11-10-11-11-11-11-11-11	8-11-11-11-8-11-9-9-11-11-7-5	11-11-6-10-11-7-3-2-8-6-9-7	10-11-11-11-1-11-11-6-11-5-8-5	5-11-11-11-11-8-11-5-11-11-7-11	6-11-11-3-6-7-7-11-11-5-11-11	5-11-11-6-11-11-11-11-11-11-11-11
117	0	0-0-0-0-0-0-0-0-0-0-0-0	0-0-0-0-0-0-0-0-0-0-0-0	0-0-0-0-0-0-0-0-0-0-0-0	0-0-0-0-0-0-0-0-0-0-0-0	0-0-0-0-0-0-0-0-0-0-0-0	0-0-0-0-0-0-0-0-0-0-0-0	0-0-0-0-0-0-0-0-0-0-0-0	0-0-0-0-0-0-0-0-0-0-0-0	0-0-0-0-0-0-0-0-0-0-0-0	0-0-0-0-0-0-0-0-0-0-0-0	0-0-0-0-0-0-0-0-0-0-0-0	0-0-0-0-0-0-0-0-0-0-0-0
117	1	1-1-1-1-1-1-1-1-1-1-1-1	1-0-1-0-0-1-1-0-1-0-0-0	0-1-0-0-2-0-2-0-0-0-0-1	2-0-2-0-0-2-0-1-1-1-2-0	2-0-1-1-1-1-2-2-1-0-0-0	0-0-2-0-0-3-2-0-1-1-0-2	2-1-1-1-0-1-0-0-0-1-0-0	0-1-0-1-1-6-1-0-1-1-0-0	1-0-1-1-1-0-1-2-1-1-1-1	2-1-1-0-1-1-1-1-3-1-2-1	1-1-1-0-1-1-0-1-1-1-1-1	1-1-4-1-1-1-1-0-1-1-1-1
117	2	2-2-2-2-2-2-2-2-2-2-2-2	3-2-2-0-2-2-1-3-2-3-2-3	0-1-1-4-3-3-3-3-0-3-2-3	3-3-1-3-3-4-0-1-2-2-3-0	4-0-0-3-3-2-3-3-3-2-4-2	3-4-4-5-2-1-3-3-2-2-2-1	1-2-2-2-3-1-2-3-2-2-2-4	2-2-3-3-2-1-2-3-9-1-4-0	2-0-2-2-2-2-1-3-2-2-1-2	3-3-2-2-1-3-2-2-1-3-1-2	2-2-2-0-2-2-0-2-3-4-2-2	2-3-1-1-2-2-2-2-2-1-1-2
117	3	3-3-3-3-3-3-3-3-3-3-3-3	2-4-3-2-3-6-1-2-2-2-4-2	1-3-2-2-2-2-4-3-4-2-4-4	2-2-4-2-2-2-2-1-4-3-2-1	2-3-0-3-2-4-2-2-2-2-2-2	2-2-2-2-2-1-4-2-3-3-3-3	2-4-3-2-2-3-2-4-3-3-2-2	3-3-2-4-2-1-3-2-2-3-2-0	3-0-2-2-3-2-1-4-4-2-3-4	4-2-3-3-1-2-2-3-4-2-4-4	4-2-4-0-3-4-0-5-2-2-4-5	2-2-1-1-3-2-4-2-6-0-3-3
117	4	4-4-4-4-4-5-4-4-4-4-4-4	5-5-3-2-3-5-1-5-4-5-3-5	1-4-4-2-5-2-5-4-3-2-5-3	2-5-5-5-2-2-4-0-4-3-2-1	2-5-5-4-2-3-5-4-5-2-2-5	5-2-2-2-4-1-5-5-4-4-5-3	3-3-3-1-2-4-6-3-6-4-5-5	4-3-3-3-2-1-6-2-2-5-2-0	5-0-2-5-7-2-1-3-6-5-4-3	3-2-4-5-1-5-2-3-3-2-3-3	3-2-6-6-5-3-0-2-1-2-3-2	6-5-1-1-5-4-3-5-5-5-4-5
117	5	4-4-4-3-6-4-3-4-5-6-5-4	4-4-4-5-7-4-7-4-7-4-6-4	0-5-9-6-5-6-6-7-7-5-4-5	6-6-6-6-5-6-5-6-6-4-6-0	7-4-6-8-5-3-6-6-4-6-6-6	4-5-6-2-6-5-4-6-4-3-4-5	7-4-3-5-2-4-2-6-4-4-5-4	4-5-5-6-6-1-5-7-2-4-5-5	13-0-2-4-5-6-5-5-6-4-6-6	6-5-5-4-6-5-6-4-1-8-4-5	5-2-4-4-4-4-5-3-2-5-6-3	4-4-5-11-4-5-2-4-5-4-4-5
117	6	6-4-6-6-5-6-3-4-4-5-3-7	4-4-4-6-5-4-7-8-5-4-6-7	7-6-7-7-7-7-5-7-7-6-7-7	7-6-5-5-7-7-5-7-5-4-5-0	7-0-5-7-7-6-7-7-4-5-5-5	5-7-5-2-5-7-7-5-4-4-6-6	6-6-4-1-7-6-4-7-4-7-0-10	4-6-2-7-7-1-4-5-7-7-5-0	7-0-7-7-5-5-1-5-5-4-5-5	5-5-5-5-7-6-5-4-7-0-7-6	0-2-4-4-3-7-0-2-0-6-5-7	4-6-6-1-4-2-7-2-3-7-4-8
117	7	7-7-7-7-7-8-7-7-8-7-8-6	5-8-8-6-5-8-6-6-5-4-6-6	6-6-6-6-6-6-8-6-6-6-8-6	6-6-6-7-6-6-9-6-8-9-7-1	5-0-5-6-6-8-6-6-8-7-5-5	8-6-8-6-7-6-8-7-7-7-9-6	6-7-4-0-6-7-8-6-7-4-8-8	7-6-8-6-6-8-8-5-6-6-12-0	12-0-6-6-9-5-13-13-8-4-6-8	5-6-9-9-6-6-5-9-6-8-7-6	7-9-4-4-9-12-12-10-12-5-5-6	7-9-6-12-12-7-6-11-9-7-9-8
117	8	7-7-8-7-9-7-7-7-7-7-7-10	7-7-7-6-5-7-10-6-5-4-6-7	8-7-10-6-8-8-7-8-8-6-7-8	8-9-5-9-6-9-7-6-7-7-7-8	6-11-5-8-8-7-9-9-7-7-5-8	11-8-7-8-8-6-7-7-7-7-10-8	8-7-8-9-8-8-7-9-4-6-8-7	9-6-9-7-7-11-7-6-7-8-8-11	9-8-8-7-9-5-1-9-5-9-6-7	5-7-5-11-7-7-5-4-8-10-9-6	9-7-7-4-10-8-11-2-9-5-5-2	7-7-8-1-9-4-6-11-7-9-7-7
117	9	11-8-10-8-8-7-7-7-9-9-10-7	7-7-7-10-7-9-10-10-8-4-10-10	10-9-10-10-10-10-10-8-8-9-8-10	10-8-5-8-10-10-7-11-10-7-9-8	9-8-13-10-11-9-10-10-10-9-11-5	8-8-13-10-9-10-7-9-9-7-7-9	10-10-7-8-10-11-9-8-4-13-8-7	7-9-10-10-10-8-4-9-2-9-8-8	8-0-10-11-13-5-1-8-4-8-11-7	5-10-7-7-13-7-5-7-10-8-8-9	8-7-4-4-13-8-0-8-8-5-5-2	7-7-8-1-8-10-9-0-7-8-7-7
117	10	10-10-10-10-10-10-10-10-10-10-10-10	11-12-10-9-11-11-8-9-8-4-9-9	9-9-9-9-9-9-11-10-8-9-11-11	9-8-8-9-9-9-10-9-9-10-9-8	10-8-5-9-9-9-9-9-9-9-9-5	5-10-11-9-10-9-9-10-7-7-8-7	9-9-10-8-9-7-10-11-7-11-13-6	12-9-9-11-9-8-10-11-2-11-8-8	8-8-9-9-10-5-13-6-11-9-9-11	5-9-7-9-6-9-5-10-6-8-8-9	8-10-11-11-9-12-0-7-8-5-9-6	7-7-8-1-8-9-9-12-7-7-7-10
117	11	11-11-11-10-11-12-11-11-11-10-11-10	10-10-10-9-11-10-8-9-11-4-9-9	8-11-9-9-9-9-10-10-11-9-10-10	9-8-12-9-9-9-11-9-12-12-11-8	11-8-5-12-9-11-11-11-12-9-9-5	8-12-10-9-11-9-12-10-11-11-5-6	9-9-11-1-9-9-11-10-7-9-13-12	7-11-10-10-9-8-10-10-2-10-5-8	8-0-9-9-11-9-1-12-10-9-9-10	5-9-10-7-6-7-12-11-11-8-8-9	8-10-12-10-12-10-8-12-8-5-9-6	11-7-6-5-13-11-9-8-11-12-7-11
117	12	12-13-13-13-13-13-13-13-13-13-13-13	13-10-13-9-13-13-13-13-13-13-13-13	12-12-13-13-9-13-12-12-13-9-12-12	12-12-12-13-9-12-11-12-11-11-9-12	9-8-9-11-12-12-13-12-11-12-12-12	12-12-11-12-11-9-11-9-10-7-4-13	13-9-12-12-13-12-12-12-4-9-13-11	10-12-9-12-12-12-10-13-12-12-13-11	12-13-13-9-9-12-12-11-6-12-9-9	13-12-12-7-12-13-11-13-12-12-8-9	12-10-11-4-13-13-13-13-12-13-12-12	13-12-12-13-12-12-9-12-7-11-12-12
117	13	13-12-12-12-13-12-12-13-12-12-12-12	12-10-13-12-12-12-12-12-12-13-12-12	12-12-12-12-13-12-13-12-12-13-12-13	12-13-12-12-13-13-11-13-13-13-13-8	13-8-9-13-13-13-12-13-11-13-9-12	13-13-9-12-13-13-13-13-13-13-13-13	12-13-13-12-12-13-13-12-13-9-11-12	13-13-9-12-13-8-4-12-12-12-12-8	12-13-12-13-9-13-13-7-13-12-9-12	12-13-13-13-13-12-13-12-12-13-13-13	12-7-13-4-12-12-12-12-13-12-13-13	12-12-13-12-12-13-13-12-13-13-13-9
118	0	0-0-0-0-0-0-0-0-0-0-0-0	0-0-0-0-0-0-0-0-0-0-0-0	0-0-0-0-0-0-0-0-0-0-0-0	0-0-0-0-0-0-0-0-0-0-0-0	0-0-0-0-0-0-0-0-0-0-0-0	0-0-0-0-0-0-0-0-0-0-0-0	0-0-0-0-0-0-0-0-0-0-0-0	0-0-0-0-0-0-0-0-0-0-0-0	0-0-0-0-0-0-0-0-0-0-0-0	0-0-0-0-0-0-0-0-0-0-0-0	0-0-0-0-0-0-0-0-0-0-0-0	0-0-0-0-0-0-0-0-0-0-0-0
118	1	0-1-0-0-0-1-0-1-0-0-1-0	1-0-0-0-0-1-2-2-0-0-0-0	2-2-0-0-0-1-2-0-1-0-0-1	2-0-1-0-1-2-0-1-0-0-0-10	0-0-2-0-2-0-2-0-0-0-1-1	0-2-0-1-0-4-1-0-0-1-0-2	0-1-0-10-2-1-0-2-1-0-0-0	1-0-0-1-0-2-0-1-1-1-0-0	2-7-2-1-0-0-1-1-1-1-1-0	0-0-1-1-1-1-1-1-2-1-1-0	5-1-0-0-0-1-5-0-0-1-1-1	0-1-1-1-0-0-1-0-0-1-1-0
118	2	2-2-3-2-2-2-2-2-2-2-2-2	2-2-2-2-0-1-1-1-2-0-2-1	1-1-3-3-3-3-3-3-2-3-2-2	3-1-2-3-3-3-0-5-2-0-2-1	3-0-7-4-1-2-3-3-2-2-4-3	3-1-2-2-2-1-2-2-1-2-11-1	2-2-3-1-1-1-2-1-2-2-3-2	2-2-3-2-2-1-2-2-2-1-3-0	1-1-1-2-3-3-1-1-4-4-2-2	3-2-0-0-3-3-2-2-1-1-3-3	3-2-3-0-0-4-0-0-3-2-2-2	0-2-2-1-3-0-2-0-3-0-3-2
118	3	3-3-2-3-3-3-3-3-3-3-3-3	4-3-2-2-3-4-4-3-4-4-2-3	1-4-2-2-2-8-4-2-1-5-3-4	2-4-4-2-2-2-3-2-2-3-2-1	2-3-2-2-4-2-4-2-3-3-2-2	2-5-5-4-3-1-4-2-3-3-14-5	2-3-3-3-4-3-3-4-3-4-2-4	3-2-2-4-2-1-3-2-6-3-5-8	3-1-3-4-3-5-7-4-2-2-2-3	2-3-3-0-2-2-4-3-1-1-2-2	7-4-3-0-3-3-1-7-6-4-2-3	5-3-3-4-3-3-2-0-3-4-2-2
118	4	4-4-4-4-4-4-4-4-4-4-4-4	3-4-4-2-3-4-3-5-3-3-2-5	1-3-3-2-5-3-5-6-5-6-5-5	3-3-5-3-2-2-5-2-4-5-6-1	2-6-2-2-3-5-3-5-3-7-2-2	2-8-3-3-3-1-5-5-3-4-4-4	2-5-5-3-3-6-3-5-4-4-2-3	5-2-2-3-4-4-4-3-5-4-3-8	4-1-3-3-4-3-5-3-2-2-5-3	3-3-4-6-3-4-5-3-1-1-5-5	3-3-8-4-5-4-1-8-3-5-2-5	3-3-2-3-2-7-2-4-8-3-4-7
118	5	6-5-5-5-5-5-5-5-6-5-5-5	6-6-4-2-6-6-1-7-3-3-2-4	1-5-3-4-6-3-4-7-6-3-6-4	3-4-6-6-2-7-5-2-5-4-4-1	2-4-2-8-3-4-5-6-6-3-3-3	2-3-3-3-5-1-6-4-5-5-5-3	2-4-4-1-3-5-5-6-5-5-2-3	4-2-2-4-3-4-8-3-4-4-3-0	6-1-4-3-9-3-4-3-5-5-4-4	2-4-5-8-5-5-4-6-1-1-4-4	1-3-6-6-4-4-1-8-8-4-2-4	3-3-2-3-3-5-2-0-4-4-6-6
118	6	5-4-5-6-6-7-5-6-5-6-8-5	7-5-4-2-9-9-4-5-7-8-6-7	3-6-7-8-5-7-7-7-5-4-5-6	7-7-5-7-7-2-7-2-5-4-4-1	2-4-2-9-3-4-7-5-8-6-7-2	10-3-3-3-5-1-5-6-5-6-5-7	2-2-5-1-3-4-5-5-5-5-2-3	4-2-2-3-6-4-5-7-3-8-8-0	3-1-3-3-8-7-1-7-8-8-6-8	5-3-6-4-8-8-5-5-1-1-1-4	6-7-5-5-5-7-0-3-3-3-8-3	6-8-6-3-3-6-6-7-4-6-5-5
118	7	11-8-9-7-7-7-5-7-5-7-7-6	9-8-4-2-5-6-7-8-6-6-8-6	1-7-9-10-8-6-8-9-10-9-8-8	6-8-8-6-10-9-5-16-9-5-5-6	6-4-2-8-3-4-8-5-6-9-6-7	2-4-8-8-7-0-5-6-7-7-5-10	2-7-7-1-3-8-7-4-10-10-7-6	4-7-9-3-6-9-5-6-3-7-8-0	3-1-3-3-11-6-3-6-6-6-7-6	8-3-6-4-8-6-5-14-1-1-1-7	3-6-6-0-17-6-0-3-3-3-6-3	6-3-6-3-6-6-8-6-4-6-5-5
118	8	8-7-5-7-8-7-5-8-9-7-6-8	6-4-4-2-6-6-10-7-9-6-10-9	10-9-9-7-7-3-9-9-9-6-7-7	9-9-7-10-7-10-6-10-7-7-7-9	10-4-9-10-3-4-9-9-6-12-9-9	9-9-9-8-7-9-4-4-5-7-7-9	4-7-7-17-3-8-5-9-7-8-9-8	3-7-7-9-6-9-5-8-3-7-10-8	9-0-3-9-8-6-8-9-6-6-8-6	9-3-8-5-9-6-5-5-1-13-9-8	3-6-6-0-7-8-0-4-5-8-6-8	6-6-8-9-11-6-7-6-4-9-5-5
118	9	9-9-7-9-9-9-10-10-9-14-12-9	9-12-10-2-6-6-8-10-6-10-8-10	17-8-7-7-7-11-10-7-8-7-10-7	8-8-10-8-7-8-9-2-7-9-10-1	2-12-8-8-12-11-8-8-9-7-8-8	8-8-11-8-9-8-10-9-9-9-6-9	12-10-9-1-10-9-11-11-7-12-8-6	9-7-10-10-9-8-14-9-3-9-8-8	8-9-12-8-10-6-1-8-10-5-11-11	8-8-9-10-8-8-6-12-10-13-8-8	10-9-10-12-10-8-9-12-3-3-6-3	9-12-6-8-8-9-7-10-9-8-15-9
118	10	10-10-10-9-10-12-9-9-9-9-9-9	12-11-9-12-11-9-8-9-10-9-8-9	8-10-7-7-7-9-9-11-11-11-11-11	11-11-9-8-7-8-10-2-11-11-9-1	8-1-8-8-8-9-11-10-11-7-8-8	6-8-9-8-10-8-11-9-10-10-5-7	2-11-10-1-9-10-11-9-7-10-8-11	11-8-9-9-9-8-9-10-3-9-8-10	8-1-4-8-10-10-1-9-9-14-9-9	8-9-10-9-11-10-11-16-9-8-10-9	9-6-11-14-12-9-9-12-3-9-6-10	14-9-6-3-17-10-7-10-14-12-10-9
118	11	12-12-10-8-10-9-9-10-9-9-9-9	12-10-9-15-12-13-14-12-12-14-13-14	13-12-12-7-11-12-10-12-10-12-10-10	12-12-12-12-7-12-12-2-10-11-10-12	8-13-15-10-15-9-12-8-10-11-8-11	2-13-9-3-11-8-10-9-10-10-15-12	15-10-9-14-11-11-10-12-7-10-14-12	10-9-14-9-9-16-9-11-15-11-14-12	14-14-17-9-7-6-15-14-6-11-8-9	14-3-11-9-14-6-10-10-11-16-14-8	15-11-10-10-10-17-11-10-15-14-6-11	10-13-11-15-11-11-7-11-10-11-5-9
118	12	11-12-12-13-10-10-12-14-13-13-9-10	10-9-9-13-11-9-11-11-11-11-13-11	11-11-11-14-13-11-13-11-11-11-13-12	11-11-11-11-13-13-11-13-10-11-12-11	13-11-14-10-11-12-13-13-10-8-12-13	12-14-13-12-11-8-11-12-10-12-3-11	9-13-10-11-13-11-12-11-7-9-11-11	12-12-11-13-13-13-9-16-3-11-8-11	11-11-9-13-17-10-11-11-6-16-13-9	11-13-11-9-11-10-10-9-11-11-11-16	11-3-11-10-10-12-11-10-11-11-6-11	10-9-11-11-11-10-7-0-10-10-5-9
118	13	13-13-13-13-14-13-13-13-12-12-13-14	14-14-14-12-14-15-11-12-11-14-12-15	11-11-11-12-12-11-12-14-11-13-14-13	12-11-12-13-12-12-11-12-14-14-14-11	12-11-11-12-11-13-12-12-13-13-12-12	2-11-12-12-10-8-14-12-13-13-11-13	2-12-9-11-12-13-16-12-7-10-11-10	10-12-11-12-12-12-9-12-11-13-11-11	11-11-3-12-13-12-11-11-6-10-12-13	11-12-13-11-11-13-10-10-12-11-11-12	11-14-16-9-13-15-11-10-11-11-6-11	10-11-11-11-11-16-12-10-10-10-15-5
118	14	15-13-14-13-14-14-14-12-13-9-14-13	13-13-13-14-13-13-11-16-11-13-15-15	15-15-15-17-15-15-15-15-15-15-13-15	15-14-14-15-15-15-11-15-13-13-16-11	15-11-15-15-11-13-15-15-14-14-14-15	15-15-16-14-14-8-15-14-10-10-3-15	11-12-10-11-11-11-13-15-7-10-11-15	10-12-15-15-15-11-9-12-3-14-11-11	11-11-15-16-16-6-11-11-13-10-14-13	11-15-11-15-15-16-14-10-11-11-11-12	11-3-13-10-0-14-11-0-11-11-6-14	10-15-11-11-14-13-15-0-10-13-5-9
118	15	15-17-14-15-17-14-14-17-17-15-14-14	13-16-16-14-16-13-16-14-11-16-14-14	17-14-14-14-14-14-14-14-14-14-16-14	14-14-16-14-14-14-11-14-16-16-14-11	14-11-14-14-11-15-14-14-15-14-14-14	14-14-14-12-15-11-16-15-15-15-11-14	11-12-10-11-16-15-16-14-15-15-14-14	10-12-14-14-14-13-9-15-11-14-11-11	11-11-14-14-15-10-11-11-16-15-14-13	14-14-10-14-14-6-14-15-14-11-11-12	11-14-17-10-16-13-11-11-11-11-14-14	10-15-11-11-14-15-14-15-15-11-13-14
118	16	15-15-17-17-15-16-13-17-17-17-15-17	13-15-15-16-15-16-15-14-11-15-17-17	16-16-17-14-14-16-17-16-16-14-15-14	16-16-15-14-14-16-11-14-15-15-14-16	12-17-16-14-11-13-17-14-15-16-14-14	14-16-14-16-11-8-15-16-15-15-2-16	17-10-5-16-15-16-15-11-7-9-11-16	10-12-7-16-14-11-9-12-16-11-11-11	11-11-15-14-16-6-16-11-13-12-14-9	16-16-16-15-14-14-10-10-11-11-11-12	11-3-13-10-15-17-11-11-16-16-6-16	16-16-11-16-16-13-16-11-10-16-5-9
118	17	17-17-17-17-17-17-14-17-17-17-17-17	13-13-17-16-17-16-17-14-11-17-16-16	15-16-17-14-17-17-16-17-16-17-15-17	16-17-17-16-17-17-15-14-17-17-17-16	12-16-17-17-17-17-16-17-15-17-8-8	17-17-14-17-17-8-16-17-17-17-17-16	16-17-17-17-16-17-13-11-17-17-8-14	17-17-14-16-17-12-17-12-16-11-16-17	16-17-17-17-12-17-17-11-17-12-14-16	16-17-17-17-17-6-17-13-16-17-17-17	11-17-15-10-7-16-11-11-17-17-17-17	16-17-17-16-14-17-17-11-17-17-17-0
119	0	0-0-0-0-0-0-0-0-0-0-0-0	0-0-0-0-0-0-0-0-0-0-0-0	0-0-0-0-0-0-0-0-0-0-0-0	0-0-0-0-0-0-0-0-0-0-0-0	0-0-0-0-0-0-0-0-0-0-0-0	0-0-0-0-0-0-0-0-0-0-0-0	0-0-0-0-0-0-0-0-0-0-0-0	0-0-0-0-0-0-0-0-0-0-0-0	0-0-0-0-0-0-0-0-0-0-0-0	0-0-0-0-0-0-0-0-0-0-0-0	0-0-0-0-0-0-0-0-0-0-0-0	0-0-0-0-0-0-0-0-0-0-0-0
119	1	1-0-1-1-0-1-1-1-1-1-1-1	1-0-0-1-1-1-0-0-1-0-1-0	3-0-2-1-2-2-2-0-0-0-2-1	2-0-2-2-2-2-0-2-2-0-2-0	2-0-1-2-1-1-2-2-1-0-2-2	1-0-2-1-0-0-1-2-1-1-8-0	3-1-1-0-0-1-0-0-1-1-1-0	0-1-1-1-1-0-1-1-1-0-0-0	0-0-1-1-2-1-0-2-2-1-1-1	0-1-1-0-2-2-1-1-1-0-0-2	0-1-2-0-0-0-0-0-0-1-1-1	0-1-4-1-0-1-1-0-0-0-2-1
119	2	2-2-2-2-2-2-2-2-2-2-2-2	3-2-2-1-2-2-0-3-2-3-1-3	0-3-3-1-1-3-3-3-0-3-3-1	1-3-1-1-1-1-2-1-1-2-3-0	1-2-1-1-3-1-3-3-3-2-1-1	3-3-4-5-2-1-3-3-2-2-10-2	2-2-2-2-3-2-2-3-2-2-2-5	2-1-3-3-2-2-2-3-4-5-4-0	2-4-2-2-1-2-2-3-1-2-1-2	3-2-2-3-1-1-2-2-3-0-3-1	2-2-2-0-2-2-0-2-3-3-3-2	4-2-4-2-2-2-2-2-0-0-1-1
119	3	3-3-3-3-3-3-3-3-3-3-3-3	2-3-3-1-2-4-6-2-2-2-4-2	1-3-2-2-1-2-4-5-4-2-4-4	2-2-4-1-1-1-2-1-4-3-2-0	1-0-0-1-2-4-2-2-2-3-1-1	2-2-2-2-3-2-2-4-3-3-1-3	2-3-3-2-2-3-3-4-3-3-2-2	3-1-4-4-4-0-3-2-2-3-2-0	3-2-2-2-3-2-2-4-4-3-1-4	4-2-3-3-1-2-1-3-4-0-4-1	4-5-4-0-2-4-4-5-2-2-4-2	2-2-1-2-3-3-2-5-3-3-6-3
119	4	4-4-4-4-4-5-4-4-4-4-4-4	5-5-3-1-2-5-2-5-4-5-3-5	1-4-2-2-1-2-5-4-3-2-5-3	2-5-5-5-1-1-4-1-4-5-5-0	1-5-9-6-2-3-5-4-5-1-1-5	5-2-2-2-4-0-5-3-4-4-5-2	2-5-4-5-2-4-4-3-4-4-5-2	4-1-3-3-3-0-4-2-2-4-2-0	3-2-2-2-4-2-3-3-3-6-4-3	3-2-4-5-1-3-2-4-3-0-3-3	3-4-3-10-5-3-3-2-2-2-3-2	5-2-2-6-5-4-3-5-0-5-4-5
119	5	4-4-4-7-7-4-3-4-5-4-5-4	4-4-4-5-5-4-5-4-7-4-8-4	0-5-6-6-5-6-6-6-6-5-4-5	6-6-6-6-5-7-5-1-5-4-4-5	1-4-7-5-2-3-4-6-4-5-6-6	4-7-6-2-6-5-4-5-4-4-4-5	6-4-3-2-2-4-4-6-4-4-4-2	3-5-5-5-5-6-4-5-2-4-5-5	4-0-6-5-5-5-5-5-5-4-5-5	6-5-5-6-5-5-6-4-2-5-4-5	6-2-4-4-4-0-3-3-3-5-5-2	4-4-5-8-4-5-2-4-5-4-3-5
119	6	6-6-6-6-5-4-6-6-6-6-6-5	5-4-3-8-5-6-7-8-5-4-7-7	10-6-5-7-7-7-5-7-5-7-7-7	5-5-5-7-8-7-5-8-5-6-8-7	1-0-5-7-7-7-7-7-4-6-5-5	2-8-7-2-6-7-7-6-4-4-2-2	5-8-4-2-7-6-6-6-4-8-5-6	3-7-8-7-7-6-4-4-8-6-5-0	6-0-4-8-8-5-6-5-5-4-8-6	5-7-5-5-5-6-5-3-6-0-7-8	5-2-4-4-7-8-0-6-8-5-5-2	4-6-6-4-3-6-7-0-6-6-3-8
119	7	7-7-7-7-5-8-7-8-7-7-8-8	4-4-8-6-8-7-6-7-5-4-6-8	0-6-5-6-6-6-5-6-6-6-8-6	6-7-7-6-6-6-5-6-5-8-6-6	6-0-5-8-6-6-6-6-8-7-5-5	6-5-8-7-7-6-8-7-7-7-0-7	2-6-7-0-6-7-7-11-4-7-0-8	7-6-6-6-8-8-10-8-2-6-5-8	6-0-6-8-7-7-6-5-8-4-6-7	5-6-4-5-5-6-5-10-6-12-6-6	12-2-12-4-6-6-0-7-0-5-5-2	7-2-12-12-3-6-6-7-10-8-8-6
119	8	8-7-9-8-8-7-8-7-8-8-7-7	8-4-7-6-7-6-8-6-5-4-8-7	8-9-9-6-6-9-9-8-8-6-7-8	9-8-9-6-6-9-7-6-6-7-6-8	9-10-5-7-10-7-7-6-7-7-8-5	6-9-7-8-7-6-7-7-7-7-1-7	9-6-7-8-8-6-8-8-4-6-10-7	9-6-10-7-7-9-7-7-6-8-8-8	8-10-8-7-6-8-8-10-7-8-6-6	8-6-5-8-10-6-5-7-6-10-8-6	10-8-7-4-7-6-8-8-10-5-5-2	3-9-8-5-8-8-6-8-7-8-7-6
119	9	10-12-11-10-10-11-11-11-10-11-10-12	10-10-11-6-10-10-10-10-10-10-10-10	9-8-11-10-10-10-8-8-11-10-8-10	10-8-10-10-6-8-10-6-10-11-10-8	10-8-10-11-8-10-9-9-10-10-11-9	10-10-10-9-9-8-10-10-11-9-5-9	8-10-9-9-12-9-10-10-10-11-12-9	9-6-10-9-10-10-7-12-6-12-8-10	9-8-9-9-12-10-10-12-10-12-6-10	10-11-9-10-10-6-11-11-6-8-8-6	11-10-11-8-11-12-8-11-8-9-10-9	11-10-9-9-11-10-11-9-10-9-7-9
119	10	9-9-9-9-9-9-9-9-9-9-9-9	9-9-9-11-9-9-9-12-9-9-9-9	8-10-12-9-11-9-11-9-9-9-11-9	9-8-9-9-10-11-9-10-9-9-9-8	11-8-11-7-8-9-11-11-9-9-9-10	9-9-9-9-9-8-9-9-9-9-2-9	10-9-9-8-9-10-9-9-9-9-8-11	9-10-8-11-9-9-7-9-2-8-8-9	8-8-9-10-11-9-9-8-9-9-11-9	9-9-11-9-9-6-5-9-8-8-8-6	8-9-7-4-9-9-8-9-8-9-9-2	9-9-8-9-9-9-9-9-9-9-7-9
119	11	9-9-9-9-9-9-9-9-9-9-9-9	9-9-9-10-9-9-9-10-9-9-12-12	11-12-9-9-10-9-10-11-9-9-10-11	12-11-9-11-10-10-9-10-9-9-10-11	10-12-10-9-11-9-12-10-9-9-9-10	9-11-9-11-7-12-10-9-9-9-1-11	12-9-9-9-11-11-9-12-11-9-11-10	11-10-9-10-9-12-7-9-6-8-11-11	11-11-8-10-10-9-9-11-9-9-10-9	9-9-10-11-9-6-9-9-11-9-11-6	9-9-9-4-9-11-11-9-11-9-9-11	9-9-11-11-9-9-9-8-9-11-10-9
119	12	12-9-12-12-12-9-9-9-12-9-12-9	9-9-12-10-9-9-9-10-9-12-11-11	11-11-12-9-12-12-12-12-9-12-12-12	11-12-12-12-12-12-9-10-12-12-12-11	9-11-12-12-11-12-11-12-9-12-9-10	12-12-12-9-12-8-12-12-12-12-12-11	11-12-12-12-11-12-9-11-12-9-9-12	12-10-10-12-12-11-12-9-6-9-9-11	11-12-12-12-9-9-12-9-12-9-10-9	5-12-12-12-12-6-12-9-12-12-8-12	11-9-7-4-6-9-11-9-12-12-9-12	9-9-9-9-9-12-12-8-12-12-12-9
120	0	0-0-0-0-0-0-0-0-0-0-0-0	0-0-0-0-0-0-0-0-0-0-0-0	0-0-0-0-0-0-0-0-0-0-0-0	0-0-0-0-0-0-0-0-0-0-0-0	0-0-0-0-0-0-0-0-0-0-0-0	0-0-0-0-0-0-0-0-0-0-0-0	0-0-0-0-0-0-0-0-0-0-0-0	0-0-0-0-0-0-0-0-0-0-0-0	0-0-0-0-0-0-0-0-0-0-0-0	0-0-0-0-0-0-0-0-0-0-0-0	0-0-0-0-0-0-0-0-0-0-0-0	0-0-0-0-0-0-0-0-0-0-0-0
120	1	1-1-1-0-0-1-1-1-0-1-0-0	1-0-0-1-0-1-1-1-1-0-1-0	1-1-3-0-1-0-0-0-0-0-0-1	1-0-1-0-2-1-0-1-0-0-0-1	0-1-3-0-1-0-0-1-0-1-1-1	1-1-0-1-1-3-2-1-1-0-0-1	9-0-0-9-1-1-0-1-1-1-1-1	1-0-1-1-0-1-0-1-1-1-1-0	1-1-0-2-0-1-1-1-0-0-0-1	1-1-1-1-1-1-0-0-1-1-1-1	0-1-0-0-1-1-1-1-1-1-1-1	1-1-1-1-1-0-1-1-0-0-1-0
120	2	2-2-2-2-2-3-2-2-2-3-3-2	3-3-3-3-3-3-3-3-3-3-2-3	2-1-4-3-3-3-3-3-3-3-2-3	3-3-3-3-2-3-3-4-3-3-2-1	3-2-2-3-3-2-3-2-3-2-3-2	3-1-3-3-3-5-1-4-2-2-4-3	2-2-3-2-3-2-2-3-3-2-6-3	8-2-3-1-2-1-2-3-2-3-3-3	2-3-3-3-2-4-2-5-3-2-2-3	5-5-2-2-3-2-2-2-1-2-2-3	3-3-2-3-5-3-2-3-3-2-4-2	2-2-10-1-3-3-2-3-2-5-3-12
120	3	2-2-2-2-2-2-2-2-2-2-2-2	2-2-2-4-2-2-2-2-2-2-4-2	1-3-5-2-4-2-4-2-2-3-4-4	4-2-2-2-4-4-2-2-4-2-4-1	2-1-1-2-2-3-2-4-2-2-2-3	2-1-2-2-2-2-3-2-2-2-0-2	3-4-2-1-3-1-2-2-2-0-3-2	2-3-2-3-3-1-2-2-3-2-2-2	2-2-2-3-12-2-1-2-2-2-3-2	3-3-2-2-5-4-3-2-3-2-1-2	2-2-0-2-2-2-2-2-3-3-2-1	2-3-1-1-2-2-3-2-2-2-2-2
120	4	2-2-2-2-2-2-2-2-2-2-2-2	2-2-2-3-2-2-2-7-2-5-3-5	7-2-5-2-3-7-3-3-2-7-5-3	3-5-5-3-3-3-2-2-3-4-3-1	2-4-2-3-6-4-5-5-4-4-2-3	8-7-6-10-4-2-5-2-4-4-7-4	5-4-10-1-5-4-4-5-4-2-3-7	2-4-5-5-4-1-4-5-4-4-4-2	4-7-4-4-5-2-4-4-2-4-3-2	4-4-7-2-3-3-4-4-4-1-4-2	5-7-2-2-3-4-2-4-4-3-2-4	4-4-1-1-2-2-3-2-0-2-2-2
120	5	5-5-2-5-2-5-6-2-5-5-2-2	2-7-6-3-2-2-2-6-2-4-3-4	3-5-3-2-3-4-6-6-2-4-6-6	3-4-6-4-3-3-2-2-6-6-4-1	5-1-1-3-4-6-4-4-4-2-2-3	2-4-4-2-5-2-4-4-4-5-11-4	4-4-7-1-4-5-5-4-5-5-2-4	2-5-4-4-4-6-5-4-4-5-4-2	2-2-4-4-4-2-2-2-6-4-3-6	2-2-5-5-3-4-6-7-3-2-1-2	4-4-2-2-2-7-7-4-4-4-2-4	2-4-1-1-2-2-3-2-2-6-12-5
120	6	6-6-6-6-2-6-5-2-6-7-2-6	2-7-7-3-2-8-2-5-2-4-3-6	1-6-3-2-3-4-5-5-5-4-7-5	3-4-7-4-3-4-7-2-7-7-6-1	3-1-1-7-4-5-7-6-7-2-2-3	2-4-4-2-7-2-7-7-4-6-8-4	4-4-6-1-4-6-7-7-9-7-2-4	2-5-2-5-4-5-6-4-4-6-4-2	2-2-7-4-6-2-2-7-5-6-3-5	2-4-12-7-3-5-5-5-5-2-4-7	2-4-2-12-2-2-2-10-1-4-2-4	7-4-1-1-2-2-3-2-6-5-7-2
120	7	2-2-6-6-6-6-12-6-2-6-2-4	2-5-6-8-2-2-8-4-2-4-8-6	8-6-9-9-8-4-8-8-3-4-6-8	8-4-6-7-8-8-6-9-6-6-4-1	9-1-1-8-4-5-8-8-6-8-7-7	4-9-8-2-6-8-6-7-4-6-4-9	12-9-5-1-4-4-6-6-4-5-8-4	2-8-4-8-4-2-6-9-4-7-7-2	4-4-6-4-6-2-4-8-5-7-8-11	5-3-4-7-8-7-7-5-5-2-7-8	4-4-5-7-7-5-5-4-4-3-7-4	6-7-7-7-2-8-3-2-6-7-6-6
120	8	8-8-8-8-8-5-9-8-8-9-8-8	2-10-9-7-2-6-7-7-7-4-7-9	7-8-7-7-7-7-7-7-10-9-9-7	7-7-7-7-7-7-10-7-9-9-9-1	7-1-1-7-4-9-7-7-8-8-7-7	4-7-7-2-8-7-7-8-4-8-4-8	4-8-10-1-9-8-12-7-6-11-7-4	2-7-2-7-9-1-9-7-4-8-9-2	7-8-9-4-6-2-2-7-8-7-6-9	2-2-8-9-7-4-7-4-3-2-7-7	4-4-6-6-8-7-8-4-4-3-7-4	8-7-7-7-2-7-3-2-6-7-6-6
120	9	8-8-8-8-9-11-8-12-8-8-8-9	12-8-8-7-2-9-7-10-8-8-10-8	7-9-7-7-10-10-8-10-10-10-8-9	10-10-11-10-7-7-8-7-8-10-10-1	7-1-1-9-10-8-10-9-10-9-7-7	10-7-7-2-9-7-10-8-4-9-7-7	4-7-8-1-8-6-6-9-6-10-7-7	2-7-12-7-4-9-8-7-4-9-7-9	2-9-8-4-7-2-1-9-8-6-6-8	3-4-11-10-10-7-8-5-10-9-7-7	4-4-6-9-9-2-9-4-4-3-9-4	8-9-1-9-2-2-3-9-2-7-6-9
120	10	10-12-11-12-10-12-12-9-10-11-12-12	9-8-8-10-2-9-11-9-11-8-9-12	7-11-11-12-9-11-10-10-9-9-9-9	9-11-9-9-7-11-8-7-8-9-9-12	10-11-10-9-9-8-9-10-9-10-9-10	10-10-7-11-9-7-9-10-9-4-0-11	6-8-8-1-11-4-8-9-6-9-10-7	2-5-10-8-10-12-8-7-4-9-11-9	4-9-10-4-7-10-10-10-8-7-8-7	4-2-8-9-7-6-7-5-9-11-7-10	10-4-6-9-9-5-12-6-4-10-9-4	11-7-2-10-10-2-10-2-10-10-5-2
120	11	11-11-12-11-12-9-12-11-12-12-12-12	12-8-8-12-12-12-12-12-12-12-12-12	11-10-12-11-9-12-11-10-12-10-12-11	10-10-9-11-11-10-11-7-9-9-11-11	11-10-11-9-9-11-12-11-9-10-11-7	11-9-7-11-8-11-9-12-6-6-5-10	12-8-8-12-10-11-6-10-4-12-11-11	2-5-2-11-11-11-8-7-12-9-10-2	11-9-12-4-7-11-11-9-8-12-12-7	12-12-11-9-11-7-7-12-11-11-7-12	10-4-9-6-9-12-11-4-4-10-2-4	10-7-11-11-11-2-3-2-12-10-5-2
120	12	12-12-12-12-12-12-11-12-12-11-12-12	11-11-12-11-11-11-11-11-11-12-11-11	11-12-12-11-12-11-12-12-11-12-12-12	12-12-11-11-12-12-11-12-12-12-12-10	12-10-12-12-12-12-11-12-9-12-7-7	12-12-12-12-12-12-12-12-12-12-12-11	11-12-12-12-11-12-12-11-12-11-11-12	12-12-7-12-12-11-8-7-11-12-11-12	4-12-12-12-11-12-12-12-12-11-11-6	11-11-12-12-12-12-12-11-12-12-12-12	10-12-6-6-2-11-11-12-12-12-12-12	10-4-12-11-10-12-12-2-12-12-5-2
121	0	0-0-0-0-0-0-0-0-0-0-0-0	0-0-0-0-0-0-0-0-0-0-0-0	0-0-0-0-0-0-0-0-0-0-0-0	0-0-0-0-0-0-0-0-0-0-0-0	0-0-0-0-0-0-0-0-0-0-0-0	0-0-0-0-0-0-0-0-0-0-0-0	0-0-0-0-0-0-0-0-0-0-0-0	0-0-0-0-0-0-0-0-0-0-0-0	0-0-0-0-0-0-0-0-0-0-0-0	0-0-0-0-0-0-0-0-0-0-0-0	0-0-0-0-0-0-0-0-0-0-0-0	0-0-0-0-0-0-0-0-0-0-0-0
121	1	1-1-1-1-1-1-1-1-1-1-1-1	1-0-0-0-0-1-2-2-2-2-1-2	1-0-1-1-1-0-1-1-1-0-1-1	2-1-2-1-1-1-0-1-0-0-0-5	0-8-2-1-2-0-2-1-0-1-1-1	1-2-0-1-1-2-0-0-0-0-9-0	9-0-1-8-1-0-1-2-0-1-8-0	1-1-2-0-1-2-1-0-1-2-2-2	2-2-2-0-5-1-2-2-1-1-1-0	2-5-1-0-2-1-0-1-1-2-2-0	2-0-1-1-7-2-5-2-2-0-1-1	1-1-1-2-2-2-1-2-4-2-4-1
121	2	1-2-2-2-2-2-2-2-1-1-2-1	1-0-0-2-0-1-1-1-1-1-4-1	5-2-3-2-3-3-3-1-3-3-3-3	3-1-1-3-3-3-0-3-3-0-3-1	3-1-1-3-1-2-3-3-2-2-2-5	3-5-0-1-1-3-2-2-0-0-9-3	2-2-0-1-2-0-2-1-0-2-3-0	2-2-3-2-2-1-0-3-2-1-1-1	1-1-1-2-3-2-1-1-2-3-3-2	1-1-2-3-3-2-4-0-2-1-1-3	1-2-0-1-1-1-1-1-1-2-2-1	1-2-2-1-1-1-2-1-0-1-0-0
121	3	3-3-2-3-3-3-3-4-3-3-3-3	4-3-0-2-3-4-1-4-3-4-2-3	6-4-2-2-2-6-2-2-2-6-2-2	5-4-4-2-2-2-3-2-2-3-2-1	2-1-2-2-4-2-4-2-4-3-2-2	2-4-4-1-3-2-4-4-4-3-0-3	3-2-0-1-4-0-4-4-3-4-2-5	1-2-2-4-6-3-3-2-3-1-3-1	3-6-3-3-2-4-1-4-4-3-2-3	3-3-3-2-2-2-2-3-2-3-1-2	1-3-0-1-3-3-1-1-1-4-3-3	1-3-3-4-1-3-6-1-0-1-0-3
121	4	4-4-4-4-4-4-4-4-4-4-4-4	3-4-5-2-5-4-1-3-3-3-2-3	2-3-2-2-2-3-5-4-3-3-5-5	3-3-3-3-2-2-5-2-5-4-2-1	2-1-1-2-3-6-3-2-3-6-5-2	2-3-3-1-0-2-5-3-3-4-0-4	3-4-6-1-3-0-3-6-0-4-2-3	4-2-3-3-3-3-4-3-3-1-3-1	4-3-3-3-1-3-1-3-4-3-2-6	3-1-5-5-1-3-2-4-5-3-1-2	1-3-5-1-4-9-1-1-1-3-3-3	5-3-3-3-1-1-2-5-1-1-1-4
121	5	5-5-5-4-5-4-5-5-4-4-5-5	6-6-4-2-4-5-1-6-3-6-2-5	6-5-2-2-2-3-4-6-6-6-6-6	3-3-6-2-2-2-4-2-6-6-3-1	2-1-1-6-3-4-6-5-6-5-4-2	2-2-3-8-7-2-6-6-5-5-6-4	3-2-4-1-3-5-6-6-7-5-1-3	7-7-1-4-3-6-4-5-3-5-3-1	1-3-6-3-7-3-1-3-5-6-5-12	3-1-4-4-2-3-10-5-4-1-1-2	1-3-13-1-10-4-1-1-1-3-3-3	4-3-3-5-1-1-3-4-5-6-5-4
121	6	6-5-5-4-6-4-5-5-6-4-7-7	5-5-4-2-4-5-1-7-6-5-7-8	7-7-8-7-8-3-7-7-8-3-5-7	7-7-5-7-8-7-4-9-5-5-5-8	7-1-8-7-3-4-7-7-5-8-7-7	7-8-7-6-6-13-5-5-5-5-8-7	3-5-4-1-3-5-5-5-5-6-7-3	5-7-1-7-3-6-4-12-3-2-7-9	8-3-10-7-6-3-5-11-6-5-7-4	3-2-10-5-7-4-6-5-6-1-7-2	1-3-5-5-5-4-1-1-1-4-9-3	1-6-6-6-8-6-3-1-5-5-5-4
121	7	7-7-7-8-7-8-7-7-5-7-7-7	3-5-7-2-7-5-6-8-6-5-6-6	6-6-6-6-2-3-6-6-8-9-8-6	6-6-8-6-6-6-8-6-8-5-8-6	6-1-6-6-3-7-6-6-7-6-6-6	6-6-6-7-9-6-8-8-5-5-6-8	6-7-7-1-8-0-5-8-5-5-6-3	10-8-3-8-7-6-7-7-3-7-6-1	6-7-8-8-7-6-1-6-8-5-6-7	9-1-7-7-6-3-8-5-8-1-6-7	1-8-5-10-1-6-7-1-1-8-8-3	8-6-10-6-1-8-8-7-10-10-8-7
121	8	8-8-8-8-8-7-8-7-8-8-7-8	8-9-9-8-11-5-9-7-8-5-6-9	6-8-6-2-6-9-7-8-7-9-7-8	9-8-7-6-6-6-7-6-9-9-9-6	6-1-6-6-3-7-8-8-7-6-6-6	6-9-7-5-10-6-9-7-8-5-6-9	3-9-8-1-7-8-8-7-10-5-1-8	5-7-1-7-7-8-7-7-3-10-6-8	6-10-7-7-7-6-1-7-7-9-10-12	10-1-7-10-6-5-7-5-7-1-6-9	1-7-7-7-10-10-7-1-1-7-7-7	7-3-2-6-6-7-7-10-10-9-10-8
121	9	9-9-10-10-10-10-10-10-11-11-9-11	10-8-8-10-8-10-11-9-10-11-12-10	9-10-11-10-9-8-9-10-9-8-10-9	8-9-9-8-9-9-11-6-8-8-8-9	6-11-6-6-9-7-10-10-8-9-6-9	9-8-7-9-9-11-8-10-8-5-2-8	12-8-9-11-9-9-8-10-8-9-11-8	11-7-11-7-9-11-7-7-3-9-11-11	11-10-11-7-11-9-11-7-11-9-8-8	11-11-6-8-8-5-8-5-11-11-9-8	9-8-11-9-11-8-10-11-11-13-6-3	9-9-9-11-11-11-2-11-11-11-9-9
121	10	11-13-9-9-9-9-9-9-9-9-9-9	9-8-8-9-8-9-9-11-11-9-9-9	11-11-11-9-11-12-9-9-11-8-9-10	11-9-11-9-11-11-9-12-8-12-9-10	12-9-13-8-11-7-11-11-8-11-6-12	12-12-7-11-9-12-11-11-8-5-12-11	11-10-10-12-11-12-8-9-8-13-12-8	7-7-10-11-11-10-7-7-12-8-10-9	10-9-6-11-12-10-12-7-9-9-8-8	9-12-6-8-10-11-11-5-11-9-11-10	10-8-5-7-5-8-9-9-12-10-12-3	10-6-7-12-9-7-3-8-8-7-8-8
121	11	11-12-11-10-9-9-11-11-9-9-12-11	12-8-8-9-8-9-9-10-10-9-9-10	10-11-10-12-10-12-12-12-10-12-12-11	10-10-10-6-10-10-9-6-12-11-11-10	10-9-10-8-10-12-10-10-12-11-8-10	10-10-6-10-12-10-12-10-12-11-9-10	10-12-8-9-10-11-12-10-11-11-9-12	9-13-9-10-10-9-7-6-10-11-9-9	10-9-9-10-9-10-9-6-9-11-10-11	9-9-7-11-6-10-10-5-10-9-10-12	10-8-11-7-9-8-9-9-9-10-10-3	10-3-6-10-9-8-11-9-9-11-8-8
121	12	9-11-11-11-9-11-11-11-9-13-11-11	11-8-8-9-8-9-9-10-9-9-9-13	12-11-13-13-12-11-11-11-10-11-11-12	12-12-11-13-10-12-12-10-11-11-11-12	10-12-10-12-12-11-13-12-11-12-12-10	10-10-7-12-11-10-11-11-11-11-10-10	10-11-9-12-12-10-11-9-5-6-13-12	9-11-12-10-10-12-7-6-10-12-12-12	12-12-12-10-10-11-10-12-11-3-13-8	12-10-12-12-12-5-11-9-12-12-12-11	10-8-5-7-9-9-12-9-10-10-10-12	10-3-12-10-12-10-11-12-12-12-8-11
121	13	13-13-13-13-13-13-9-13-13-9-13-13	9-8-13-9-13-9-10-10-10-13-9-12	12-13-12-12-13-13-13-13-12-13-11-13	12-13-12-13-13-13-12-13-13-13-13-12	13-12-10-13-13-13-12-13-11-13-6-12	13-13-13-10-13-12-11-13-13-13-13-13	10-13-13-13-10-13-11-12-13-13-12-11	13-13-10-13-13-12-7-6-10-12-10-12	12-13-13-13-2-13-13-12-13-8-12-4	12-13-13-13-13-10-13-9-13-13-12-13	12-13-5-7-11-13-13-9-13-9-13-13	10-13-13-10-12-13-13-12-13-13-13-13
122	0	0-0-0-0-0-0-0-0-0-0-0-0	0-0-0-0-0-0-0-0-0-0-0-0	0-0-0-0-0-0-0-0-0-0-0-0	0-0-0-0-0-0-0-0-0-0-0-0	0-0-0-0-0-0-0-0-0-0-0-0	0-0-0-0-0-0-0-0-0-0-0-0	0-0-0-0-0-0-0-0-0-0-0-0	0-0-0-0-0-0-0-0-0-0-0-0	0-0-0-0-0-0-0-0-0-0-0-0	0-0-0-0-0-0-0-0-0-0-0-0	0-0-0-0-0-0-0-0-0-0-0-0	0-0-0-0-0-0-0-0-0-0-0-0
122	1	1-1-1-1-1-1-1-1-1-1-1-1	1-1-1-1-1-1-0-0-1-0-1-0	3-2-2-1-2-2-2-2-0-1-2-1	2-0-2-2-2-2-0-4-2-0-2-3	2-0-1-2-1-1-2-2-1-1-3-4	1-2-1-1-1-2-1-1-1-1-2-1	2-1-1-0-1-1-1-2-1-1-2-2	1-1-2-1-1-2-1-1-1-1-0-0	0-0-0-1-2-1-0-2-1-1-2-1	2-1-1-2-2-2-1-1-4-0-0-1	0-1-0-0-0-0-0-0-0-1-1-1	0-1-1-1-2-1-1-0-2-0-2-1
122	2	2-2-2-2-2-2-2-2-2-2-2-2	3-2-2-1-3-3-3-2-2-3-1-2	1-1-1-1-1-7-1-1-2-1-3-1	3-3-3-1-1-4-2-1-1-2-1-1	1-2-1-1-3-1-3-3-2-2-4-1	7-3-4-2-2-1-3-1-2-2-10-1	1-2-2-2-3-2-2-3-2-2-2-5	9-1-1-3-2-2-2-6-5-2-4-7	2-7-2-3-1-2-2-3-2-2-1-2	3-1-2-2-1-1-3-2-6-5-2-1	4-2-2-0-2-2-0-2-5-3-2-2	4-2-4-3-1-2-1-2-1-3-1-2
122	3	3-3-3-3-3-3-3-3-3-3-3-3	2-3-3-1-2-3-2-4-2-2-1-4	1-2-1-1-1-2-4-5-4-5-4-4	2-2-2-2-1-2-4-1-4-4-5-1	1-5-1-1-2-5-2-2-2-6-5-1	1-2-2-2-2-1-4-4-2-3-12-3	1-1-4-3-2-3-2-4-3-3-2-2	4-1-1-2-3-3-3-2-4-3-2-3	3-2-2-2-3-2-3-2-4-3-4-2	2-1-3-5-2-3-4-3-1-2-1-1	2-2-7-3-4-2-0-2-2-4-2-4	2-2-2-2-1-3-1-3-7-2-3-3
122	4	4-4-4-4-4-4-4-4-5-4-4-4	4-3-3-1-4-5-2-3-2-2-5-3	1-4-4-3-5-2-3-6-5-2-5-3	2-2-5-5-1-2-4-1-5-3-3-1	1-6-1-1-2-3-4-5-5-6-2-1	1-2-2-2-4-1-5-3-4-4-5-6	1-1-3-0-2-4-7-5-4-4-0-2	3-1-2-3-2-0-7-2-3-3-2-2	5-2-3-5-4-2-3-2-4-4-3-2	5-1-4-7-4-4-3-5-1-2-6-1	2-3-5-4-3-3-0-2-13-3-2-3	2-2-2-7-6-4-1-0-3-4-5-5
122	5	4-3-4-5-5-5-4-5-4-5-5-6	7-4-3-1-5-5-3-4-7-7-5-6	1-5-6-1-6-6-6-6-4-3-4-5	6-6-4-6-6-2-6-1-7-3-3-1	6-3-1-10-2-3-6-4-7-3-3-1	2-3-6-1-4-2-4-5-4-5-4-6	1-5-3-0-2-4-4-4-4-4-6-2	3-1-2-2-5-0-4-2-2-4-2-2	4-2-2-5-0-7-7-6-5-7-6-5	5-2-5-3-7-18-5-4-1-2-4-1	5-7-4-4-4-6-6-2-2-6-7-2	5-7-5-5-5-5-5-5-3-5-4-4
122	6	6-9-4-6-6-6-4-6-4-6-7-5	5-4-3-1-4-5-7-7-5-5-7-5	1-7-8-7-5-5-5-7-7-5-5-7	5-6-6-5-8-8-5-5-5-6-3-5	5-3-1-7-2-3-5-4-6-7-5-6	5-3-5-7-6-2-4-5-6-6-4-6	10-6-6-2-2-6-4-4-6-9-6-5	3-6-2-5-5-7-4-2-2-6-7-2	7-2-2-2-7-5-2-5-5-5-6-5	7-2-6-5-7-5-4-6-6-2-4-1	5-5-7-0-7-5-6-2-2-5-5-2	5-2-5-5-5-5-7-5-3-5-4-7
122	7	8-6-7-6-8-7-7-7-4-7-6-6	5-4-3-8-4-5-6-6-5-5-8-8	1-6-8-6-8-2-8-6-6-8-8-6	8-8-8-6-9-8-4-8-5-3-2-1	8-3-9-8-2-3-8-8-5-7-7-7	2-8-8-6-6-9-3-7-4-6-2-8	1-8-6-2-2-7-4-8-6-7-7-7	5-7-2-8-8-7-4-7-2-6-7-2	7-2-2-8-7-5-2-8-5-5-7-5	6-7-9-4-7-8-8-4-7-2-7-7	5-5-3-0-6-9-0-5-0-7-5-2	5-5-7-4-6-5-6-6-3-7-4-4
122	8	8-8-8-8-8-10-8-8-8-8-8-8	7-10-8-7-5-10-6-8-5-8-7-8	7-7-7-7-7-8-7-8-6-8-9-7	7-8-7-7-7-7-9-7-9-8-8-1	7-0-13-7-2-9-7-7-8-8-7-7	2-7-9-8-9-7-9-8-8-8-4-7	9-7-8-13-2-8-8-9-11-8-7-7	8-7-6-9-7-9-4-7-2-8-8-2	4-2-9-7-8-5-2-7-5-6-6-9	7-7-8-10-7-7-9-9-7-9-0-8	0-5-10-16-13-5-0-8-16-7-5-7	10-2-5-7-17-11-9-0-12-7-10-4
122	9	11-6-8-8-8-11-8-8-12-11-9-8	11-8-8-7-5-8-11-9-10-8-11-11	12-9-10-7-9-12-9-9-9-9-8-9	9-9-10-7-7-10-8-7-8-10-8-12	7-10-11-7-12-8-10-7-8-9-9-11	11-9-8-9-8-12-8-8-8-8-9-9	11-9-7-11-9-9-12-10-8-6-10-9	9-7-10-8-8-10-4-7-2-9-9-10	11-10-8-11-7-9-9-10-6-9-7-5	11-9-7-9-10-8-8-8-10-10-10-1	10-9-8-8-9-7-10-10-10-9-7-9	9-5-9-11-10-9-8-9-9-10-8-8
122	10	11-12-10-8-8-8-12-8-10-10-10-8	9-8-8-11-4-10-9-11-9-8-11-12	9-10-9-12-11-11-11-9-9-10-9-10	9-9-9-10-11-11-11-15-10-9-10-9	14-9-18-15-9-10-11-11-10-10-10-7	14-9-7-11-10-9-11-10-10-8-2-12	12-10-8-9-11-7-11-9-6-7-9-9	8-7-9-11-11-9-4-10-2-9-9-9	9-9-11-11-12-5-9-9-5-6-14-5	9-9-5-9-9-14-8-5-11-9-9-14	9-5-8-8-8-9-9-9-9-9-5-2	8-5-9-9-9-8-11-9-8-9-8-14
122	11	12-11-11-11-11-9-11-11-8-10-11-11	9-13-11-10-11-10-9-10-9-8-9-9	10-10-10-10-10-10-12-9-12-10-12-12	11-11-11-10-10-10-11-7-12-11-11-9	10-9-9-11-9-12-10-10-11-10-10-9	9-9-12-10-11-9-12-11-11-11-9-11	9-10-12-9-10-11-14-9-8-11-9-9	11-7-9-10-10-9-14-12-2-8-9-9	9-9-10-10-11-5-9-9-11-10-10-11	9-9-11-9-12-17-12-11-10-9-9-10	9-10-8-8-8-15-9-9-9-9-10-13	15-5-9-9-9-8-10-9-9-9-8-12
122	12	12-12-12-12-12-11-13-12-12-12-11-11	12-15-11-10-13-12-9-13-9-13-10-14	9-13-10-13-15-15-11-9-11-13-11-14	11-12-12-12-10-10-12-10-11-11-13-9	10-9-9-14-9-11-13-11-14-15-17-9	9-14-11-10-12-9-11-11-11-11-3-10	10-10-11-9-12-11-12-11-6-11-9-12	8-10-12-12-12-12-11-18-14-9-9-9	9-12-12-10-10-5-9-9-5-12-10-14	12-10-5-12-13-8-11-11-12-9-12-10	9-12-12-8-12-18-9-12-9-12-5-12	12-12-12-12-12-12-10-12-8-15-8-8
122	13	14-13-14-15-13-14-14-15-16-18-14-15	14-11-14-10-12-15-14-13-14-15-14-14	13-12-14-14-13-12-14-13-15-12-12-13	14-13-14-14-15-14-16-7-14-11-14-9	15-9-15-12-15-14-14-14-12-13-14-14	13-14-15-14-10-9-14-16-14-13-16-14	15-13-13-15-13-13-15-13-13-15-15-15	16-14-9-14-14-14-12-15-11-8-9-9	12-9-12-13-17-16-9-9-11-18-15-12	13-9-15-12-12-13-16-15-12-17-9-10	9-12-14-8-8-16-9-14-9-13-12-11	15-12-13-11-9-12-13-9-8-12-8-18
122	14	13-13-13-13-13-13-13-13-14-12-13-13	13-8-13-10-13-13-16-13-13-13-13-13	17-15-13-13-12-14-13-14-13-12-15-15	13-15-12-13-13-13-12-10-13-11-13-17	13-15-10-12-14-13-15-13-12-14-13-13	13-15-13-13-11-18-13-13-14-11-16-14	17-10-11-16-15-14-13-15-13-13-16-13	14-13-16-13-13-15-11-12-12-9-9-14	14-15-15-10-10-13-14-15-5-12-10-12	15-15-11-15-13-10-13-13-12-15-15-10	14-14-13-8-13-16-15-9-15-14-5-12	12-12-9-14-14-12-10-9-8-14-8-10
122	15	13-17-13-13-13-17-13-13-13-13-15-13	16-16-16-14-12-13-14-13-13-13-13-14	14-14-14-12-12-12-14-14-13-12-14-14	14-14-14-13-13-13-12-10-12-17-15-14	13-14-13-12-13-15-14-14-15-12-13-13	13-14-13-13-11-10-16-13-15-15-17-15	13-10-11-14-14-15-13-14-15-13-13-13	14-13-12-13-13-14-11-13-2-8-9-14	14-14-14-16-15-13-17-14-18-12-13-12	14-14-11-14-15-15-15-13-12-14-14-10	14-15-14-8-13-11-14-9-14-14-5-16	16-12-14-14-14-15-13-9-9-12-8-13
122	16	16-18-18-13-16-18-17-16-17-18-18-17	15-15-15-18-17-18-17-16-13-17-17-17	16-14-17-17-16-12-16-14-17-12-15-16	17-14-12-17-17-17-13-16-16-15-17-16	13-14-16-17-12-15-16-16-15-16-13-16	13-14-17-17-16-14-17-13-15-15-14-18	13-10-13-14-14-14-17-17-6-13-14-17	13-18-14-17-16-14-11-17-17-8-14-14	14-14-14-17-18-13-14-14-11-16-17-18	14-14-11-18-12-16-16-13-12-14-14-17	14-15-13-8-13-17-14-9-14-14-16-16	15-12-13-14-14-15-13-9-8-14-8-13
122	17	16-16-18-16-16-15-16-16-18-16-16-16	15-13-13-16-16-16-18-18-16-16-16-18	14-17-16-16-17-16-17-17-16-17-17-17	16-17-12-16-16-16-12-16-16-15-16-14	13-14-16-16-16-16-18-13-15-17-12-14	15-16-16-17-11-14-16-16-15-15-15-17	14-16-16-15-17-17-16-16-16-13-9-16	14-13-12-16-16-18-11-16-16-17-9-17	14-14-14-17-16-13-15-14-5-13-16-12	15-18-17-16-17-16-8-15-12-13-14-16	17-15-8-8-13-16-14-8-14-17-17-17	15-12-9-14-14-12-16-9-8-14-8-13
122	18	18-18-16-18-18-16-16-18-18-13-18-18	15-13-16-16-16-13-17-17-16-18-16-17	16-17-18-16-18-18-18-18-16-18-18-18	18-18-18-16-18-18-12-18-18-18-18-14	13-14-18-18-14-18-17-18-15-18-10-16	18-18-16-16-18-14-18-18-18-18-18-16	9-18-18-18-13-18-11-14-18-18-9-16	18-16-16-18-18-17-18-12-12-15-9-14	14-18-2-18-16-18-18-17-18-13-16-16	18-18-18-18-18-5-18-15-18-18-14-18	14-18-18-18-8-12-14-18-18-18-18-18	18-18-18-12-18-18-18-9-18-18-8-13
123	0	0-0-0-0-0-0-0-0-0-0-0-0	0-0-0-0-0-0-0-0-0-0-0-0	0-0-0-0-0-0-0-0-0-0-0-0	0-0-0-0-0-0-0-0-0-0-0-0	0-0-0-0-0-0-0-0-0-0-0-0	0-0-0-0-0-0-0-0-0-0-0-0	0-0-0-0-0-0-0-0-0-0-0-0	0-0-0-0-0-0-0-0-0-0-0-0	0-0-0-0-0-0-0-0-0-0-0-0	0-0-0-0-0-0-0-0-0-0-0-0	0-0-0-0-0-0-0-0-0-0-0-0	0-0-0-0-0-0-0-0-0-0-0-0
123	1	1-1-1-1-0-0-1-1-1-1-1-1	1-0-0-1-0-2-1-1-1-0-2-2	1-2-2-1-1-1-1-2-1-0-0-1	2-1-3-2-2-2-0-3-0-0-0-1	0-1-1-0-1-0-2-2-0-2-2-1	0-2-0-1-1-2-2-1-0-0-0-1	0-0-0-1-0-0-0-2-0-1-1-0	1-0-4-2-1-1-0-0-1-1-1-1	1-1-1-2-0-1-1-2-2-1-1-1	2-1-1-1-0-2-0-0-2-1-1-0	1-1-1-0-0-1-1-2-2-2-1-1	1-2-1-1-1-0-1-1-0-1-1-0
123	2	2-2-2-2-2-2-2-2-2-2-2-2	2-3-3-1-2-2-1-3-2-2-1-2	1-1-1-1-1-1-3-1-2-2-3-1	1-1-1-1-1-1-2-1-4-3-3-1	3-4-1-2-1-3-1-1-3-1-1-1	1-1-3-1-2-1-3-1-3-4-3-2	4-3-6-1-2-0-3-1-6-2-3-3	5-3-1-1-3-1-3-2-1-2-1-2	2-1-0-1-1-5-1-3-3-2-0-2	1-2-2-0-3-1-0-3-1-1-1-2	1-2-1-2-2-1-1-2-1-1-3-1	3-1-1-1-3-2-1-4-7-5-2-2
123	3	3-2-2-3-3-3-3-2-3-3-3-3	2-2-2-3-3-3-4-4-4-2-5-4	4-4-4-3-3-4-4-4-4-3-2-3	3-4-4-4-1-3-3-1-3-2-3-4	2-4-7-3-3-2-4-3-2-3-3-2	3-3-2-3-3-9-2-1-2-0-2-4	3-2-4-3-3-3-2-4-3-3-3-4	4-2-10-1-2-7-2-0-4-4-3-7	3-3-7-4-7-3-7-2-2-2-3-4	3-3-1-1-4-2-4-2-3-7-3-1	6-2-4-4-3-3-10-4-6-1-4-3	2-1-3-3-3-2-2-3-3-3-3-2
123	4	4-4-4-5-4-5-4-4-4-5-4-5	6-2-2-4-3-4-3-3-3-3-6-3	3-3-3-5-5-3-5-3-3-5-5-5	3-3-3-3-5-5-3-5-5-2-5-3	5-3-5-5-1-4-3-5-2-3-5-5	4-3-2-4-3-5-2-5-4-2-0-3	10-2-3-4-3-4-4-3-4-2-5-3	3-4-5-4-6-3-4-5-3-3-3-3	3-3-3-3-5-4-1-4-4-3-4-4	4-4-2-3-11-5-3-4-4-3-3-5	3-4-3-3-4-4-3-4-2-4-4-4	2-8-4-1-4-7-4-2-3-3-2-2
123	5	5-5-4-5-6-5-5-5-5-5-5-5	5-5-2-4-5-6-3-6-5-6-4-6	3-3-4-4-4-9-4-4-3-6-4-6	6-6-6-6-4-6-6-4-5-5-4-3	4-5-6-6-6-4-6-4-5-5-7-6	4-6-7-6-5-3-5-6-5-5-14-5	5-5-6-5-6-5-5-5-5-5-5-6	9-5-4-6-4-3-5-6-10-5-5-3	9-3-5-5-5-7-3-6-6-5-4-5	5-5-5-5-4-4-6-5-3-1-5-4	5-5-6-0-10-5-3-8-5-6-5-5	2-5-1-5-5-5-4-3-2-2-3-2
123	6	7-6-6-6-5-6-6-6-6-6-6-7	4-7-7-4-7-7-3-5-5-5-4-5	1-6-5-4-4-5-7-8-7-5-7-5	5-5-7-5-5-5-5-4-7-6-5-3	6-3-5-5-5-7-5-5-5-5-5-5	5-5-5-5-6-3-7-6-5-6-8-5	5-6-9-6-5-6-6-7-10-6-3-5	6-6-5-5-4-3-6-5-5-6-5-3	6-3-5-5-6-5-7-5-7-2-6-8	5-7-6-7-8-7-5-5-7-3-7-7	3-5-5-2-8-5-3-5-5-5-5-5	2-5-1-7-7-5-7-2-6-6-9-15
123	7	6-7-7-7-7-6-7-7-7-8-7-6	5-9-6-4-6-8-3-5-5-7-4-8	1-7-5-4-4-5-8-7-6-5-8-8	5-3-8-8-5-5-3-4-6-8-6-3	9-3-3-7-5-6-8-7-8-3-5-5	4-5-5-5-7-3-8-8-7-7-8-6	5-6-2-1-5-6-9-6-7-6-4-5	7-6-4-8-4-3-7-5-5-7-5-3	6-3-3-5-3-5-3-4-6-8-7-9	6-6-7-6-8-6-3-8-6-3-6-6	3-6-8-6-5-7-3-5-5-5-5-7	2-9-1-6-6-5-6-10-2-6-6-6
123	8	7-6-7-7-8-6-8-7-8-7-7-6	10-6-6-10-5-7-10-9-9-7-4-7	5-8-8-9-9-10-7-6-9-9-7-9	9-7-7-9-12-9-5-12-10-7-9-3	11-5-5-9-5-6-9-9-9-11-6-8	9-8-9-9-8-3-7-7-5-7-7-5	9-6-11-5-5-6-7-6-8-8-9-9	12-8-10-7-5-3-7-5-5-7-5-3	5-3-5-5-5-9-4-9-9-7-7-9	9-6-5-9-9-9-9-7-6-5-7-10	6-8-7-10-9-3-3-5-5-5-9-5	2-5-5-5-6-5-9-8-10-3-6-6
123	9	10-10-6-8-9-6-7-11-10-10-7-10	8-7-6-8-6-7-8-8-9-7-10-10	13-10-10-8-8-5-10-10-11-8-10-8	8-10-8-8-8-10-10-11-8-7-10-3	7-3-11-8-5-6-10-10-8-8-10-10	10-10-8-11-8-3-7-7-5-5-14-10	8-10-6-5-5-11-7-10-8-12-11-8	8-11-8-5-5-9-6-9-5-8-9-3	5-3-5-5-9-8-9-10-8-9-9-8	8-5-12-8-10-7-8-13-10-10-9-4	6-5-7-3-8-10-3-10-5-5-8-5	2-9-9-11-11-9-8-8-10-12-6-6
123	10	10-10-10-10-10-10-11-10-10-9-10-10	8-7-6-8-12-7-8-9-9-7-9-11	3-9-9-8-8-8-9-11-12-11-11-9	9-9-9-8-8-9-9-8-11-11-11-3	8-3-9-8-5-11-9-9-10-8-9-9	9-9-11-9-12-3-11-10-5-7-9-9	5-10-12-5-11-6-6-9-6-10-9-5	10-9-8-11-10-9-10-11-5-10-9-3	9-3-11-5-15-8-3-9-10-9-12-11	11-10-9-11-9-9-8-9-9-9-9-12	3-9-12-10-8-11-3-9-5-5-10-9	2-5-9-5-9-9-8-11-11-9-10-6
123	11	12-10-10-10-12-12-10-12-10-10-12-11	12-10-10-8-12-11-12-11-9-7-12-10	1-9-9-9-12-12-9-12-11-12-10-12	12-12-12-12-8-12-10-8-10-12-10-1	8-1-9-12-12-10-12-9-12-8-13-9	12-11-12-9-11-3-12-10-11-7-9-9	12-12-10-1-10-9-7-12-11-11-9-7	6-9-8-10-10-11-10-10-5-12-9-3	9-3-10-5-7-11-1-12-10-8-10-12	10-9-9-12-12-7-12-8-12-3-9-10	10-8-10-11-11-11-3-5-5-11-12-5	2-11-1-9-9-9-8-10-10-3-6-6
123	12	11-13-11-10-11-11-10-11-11-12-11-11	11-7-6-13-10-11-13-13-9-13-11-10	13-12-13-8-11-11-9-13-10-11-11-11	11-11-11-11-8-11-10-8-10-11-10-12	8-15-15-11-11-10-11-12-11-8-11-9	13-13-11-12-12-12-11-12-5-6-0-12	13-11-10-13-13-9-7-11-8-9-13-9	8-9-12-13-10-11-10-10-5-11-12-11	13-3-12-5-8-8-13-12-10-12-10-11	13-13-9-11-11-7-11-7-14-13-9-10	12-5-10-11-11-14-3-14-14-11-11-9	12-11-12-12-12-9-8-12-12-12-6-13
123	13	14-14-13-13-14-15-14-14-15-14-14-15	15-15-14-14-14-14-14-14-14-14-14-14	15-13-14-15-14-14-12-14-14-13-11-13	14-14-14-14-13-13-14-14-13-14-13-12	14-12-12-11-14-13-13-13-13-13-14-11	14-12-14-13-13-14-14-14-13-13-9-14	12-13-14-12-12-13-15-11-13-15-12-15	14-13-14-12-14-14-10-14-5-14-12-14	13-13-15-13-15-14-12-12-14-15-13-14	14-12-9-11-9-14-14-9-12-14-9-14	12-14-14-11-14-15-3-14-12-15-14-9	15-11-14-12-12-14-13-14-13-14-14-12
123	14	13-15-15-13-13-13-15-15-13-13-13-13	13-13-13-15-13-13-15-15-13-13-13-15	13-14-13-15-14-13-14-13-13-13-15-14	15-13-13-13-14-14-13-13-13-13-13-12	13-12-12-14-13-13-15-15-13-14-13-9	13-13-13-13-13-13-13-13-13-14-9-13	15-13-13-12-12-14-7-13-13-13-12-15	13-14-13-13-13-13-10-13-5-13-13-13	15-13-13-5-15-13-12-12-14-13-14-13	13-13-9-13-11-13-8-7-12-13-9-13	12-13-13-11-15-12-3-12-12-13-13-14	13-11-13-12-12-13-14-13-13-13-13-6
123	15	15-14-14-13-15-13-14-14-13-13-15-13	13-13-13-14-13-13-14-14-14-15-14-14	13-14-15-14-15-15-15-14-14-15-14-14	14-15-14-14-15-15-13-14-15-15-15-12	13-12-12-15-15-15-14-14-13-14-13-9	15-15-14-13-15-3-13-13-15-15-15-14	14-15-15-15-13-15-13-15-15-13-13-13	15-14-13-15-15-3-14-14-12-15-13-15	14-15-13-15-14-13-13-13-15-13-14-13	13-13-9-15-15-14-15-13-15-15-15-15	14-15-15-15-14-13-3-13-15-13-13-15	13-15-15-12-14-15-15-13-15-15-15-6
124	0	0-0-0-0-0-0-0-0-0-0-0-0	0-0-0-0-0-0-0-0-0-0-0-0	0-0-0-0-0-0-0-0-0-0-0-0	0-0-0-0-0-0-0-0-0-0-0-0	0-0-0-0-0-0-0-0-0-0-0-0	0-0-0-0-0-0-0-0-0-0-0-0	0-0-0-0-0-0-0-0-0-0-0-0	0-0-0-0-0-0-0-0-0-0-0-0	0-0-0-0-0-0-0-0-0-0-0-0	0-0-0-0-0-0-0-0-0-0-0-0	0-0-0-0-0-0-0-0-0-0-0-0	0-0-0-0-0-0-0-0-0-0-0-0
124	1	1-1-1-1-1-0-1-1-1-1-1-1	1-0-0-0-1-1-1-0-1-1-0-1	1-1-0-1-0-0-2-0-0-0-0-0	2-0-2-0-1-0-1-1-0-0-0-1	0-1-1-0-0-0-0-2-0-1-2-1	2-0-0-1-1-0-0-1-0-0-0-2	0-0-0-1-2-1-2-2-0-1-1-1	1-1-0-1-1-3-0-0-1-1-1-0	0-3-1-1-0-1-3-1-0-1-1-0	1-1-0-0-1-1-0-0-5-3-1-1	1-1-1-0-0-1-3-1-1-1-0-1	1-0-1-1-1-1-1-1-1-1-1-0
124	2	3-2-2-2-2-2-2-2-2-2-3-2	3-3-3-2-3-3-3-3-3-2-3-3	2-3-3-3-4-3-3-3-4-3-3-3	3-2-4-3-2-2-3-4-3-0-2-4	8-8-5-4-3-2-3-2-1-3-5-4	3-3-0-2-1-5-2-1-2-0-9-3	3-2-2-6-3-2-2-1-2-1-1-3	2-2-7-2-2-8-4-3-2-3-2-3	7-1-3-2-3-4-9-1-3-2-2-3	3-2-3-8-3-3-5-4-0-5-3-3	2-3-3-0-3-2-5-2-6-2-4-2	5-0-2-1-2-3-4-3-2-3-2-4
124	3	2-2-3-2-3-3-2-2-2-2-2-2	2-2-2-4-2-2-2-2-2-2-2-2	4-2-4-2-5-4-4-2-2-2-4-2	4-2-1-2-3-4-2-6-5-0-4-1	4-2-2-3-2-3-4-3-0-2-4-4	2-2-3-3-3-2-3-4-2-3-3-2	4-0-2-2-2-3-2-4-0-2-3-2	2-3-3-3-3-1-2-2-3-2-1-2	2-1-2-3-4-2-1-4-2-3-3-2	2-3-2-2-2-2-3-2-1-1-2-2	2-2-2-0-2-2-1-2-2-3-2-3	2-3-6-3-2-2-2-2-2-2-4-2
124	4	4-2-3-4-4-4-2-4-4-2-2-4	2-4-2-3-4-2-2-5-5-5-2-4	3-5-3-2-2-7-3-5-2-5-5-3	3-5-5-5-3-3-4-3-3-4-3-2	3-2-2-3-5-4-5-5-4-4-2-3	2-5-6-11-4-2-5-3-4-4-11-4	3-4-4-4-5-4-4-3-4-5-3-5	4-3-3-5-4-1-2-5-11-2-4-8	4-7-4-4-3-2-4-3-8-2-3-5	5-4-4-2-3-3-4-2-1-2-4-2	4-2-2-0-9-4-1-5-4-3-2-4	4-4-2-5-4-2-2-2-3-3-3-2
124	5	5-5-5-5-5-5-5-5-5-5-5-5	2-7-5-3-7-6-2-6-4-4-2-2	3-5-6-2-3-4-6-6-6-4-6-3	4-4-6-4-3-3-5-3-3-7-3-1	3-2-2-4-4-6-4-4-4-2-2-3	2-4-4-4-5-2-4-5-5-5-3-5	3-4-5-2-4-5-5-6-5-5-3-4	5-3-3-4-5-1-5-4-4-5-4-2	5-4-4-4-5-2-2-3-6-5-6-4	6-3-5-5-2-6-2-5-6-2-2-2	5-2-2-2-6-2-2-4-4-4-7-4	2-14-3-4-2-2-6-8-5-6-6-6
124	6	5-6-5-5-6-8-7-6-6-7-6-6	2-7-7-3-6-5-2-5-4-4-2-7	3-6-5-3-3-9-5-7-6-4-7-6	7-7-7-7-3-4-7-3-7-7-7-1	3-2-2-7-4-5-7-6-7-2-2-2	3-9-4-4-7-2-7-7-6-6-7-4	4-7-7-2-4-6-7-7-9-6-2-7	8-5-2-4-4-2-7-4-4-5-1-4	2-1-5-4-6-2-2-1-5-7-5-7	5-2-6-7-6-5-7-6-5-2-2-6	2-2-2-6-7-16-2-4-2-5-2-5	14-16-3-4-2-2-5-6-6-5-6-5
124	7	6-6-8-6-7-7-6-6-7-6-7-8	8-6-6-7-5-5-8-8-8-4-8-8	7-8-8-8-8-4-8-6-8-4-6-6	8-8-6-8-8-8-6-7-6-6-6-8	10-2-7-6-4-5-6-8-5-8-8-8	8-8-4-4-6-8-6-6-6-6-8-9	3-6-6-2-4-6-6-6-6-6-8-7	2-4-2-8-4-2-6-6-4-5-8-4	8-4-6-4-7-7-2-8-7-7-9-6	6-2-6-6-8-8-6-6-8-2-8-6	2-4-8-8-6-2-2-4-8-4-5-4	6-7-7-7-8-2-5-6-6-7-6-7
124	8	8-8-8-8-8-8-8-8-7-8-8-9	7-9-9-7-5-9-7-9-7-8-7-7	7-7-7-7-7-4-7-7-6-9-9-6	7-7-9-7-7-7-10-7-9-9-9-7	2-2-7-9-4-9-9-7-9-8-7-7	7-7-9-4-8-7-9-9-4-8-7-8	4-9-8-2-4-8-8-9-10-8-7-8	8-9-8-7-8-2-9-11-4-8-7-4	7-4-5-4-5-8-2-7-4-7-9-11	9-4-6-7-7-9-9-9-8-9-7-9	5-2-7-6-8-6-1-4-7-4-2-4	11-7-7-7-7-2-2-5-6-8-9-8
124	9	10-8-10-8-9-9-6-9-9-9-9-8	11-8-8-9-10-8-10-11-10-8-10-11	9-9-10-10-9-6-10-10-10-8-8-9	10-9-8-7-7-7-9-7-8-8-8-7	2-10-7-9-10-8-10-10-8-9-9-10	10-6-8-9-9-11-8-9-8-5-10-7	9-8-8-2-9-11-8-8-6-8-11-8	4-8-11-8-8-10-8-8-4-9-9-11	11-9-10-4-3-9-2-10-10-2-8-8	8-4-7-9-11-8-8-8-10-11-11-8	11-2-10-10-2-10-10-4-11-4-2-9	12-7-11-4-11-2-2-9-8-9-8-2
124	10	10-10-9-10-11-11-10-10-10-10-12-10	10-12-8-9-9-8-9-9-9-4-9-9	9-9-9-9-9-4-9-9-9-11-11-9	9-9-9-7-7-9-12-7-11-12-11-7	7-9-7-9-9-10-9-9-12-9-9-9	9-7-8-8-10-9-11-9-12-10-12-10	8-12-10-13-9-10-12-10-10-8-9-12	10-8-9-8-8-9-12-8-4-10-9-9	9-10-9-4-10-11-12-9-12-10-8-16	12-4-6-16-7-15-15-11-9-9-9-11	9-11-12-11-11-9-9-9-9-4-7-8	11-11-9-11-11-10-2-11-14-11-8-12
124	11	10-11-16-8-10-13-10-10-10-10-16-13	10-10-10-12-11-12-12-13-13-10-12-12	9-11-9-12-13-12-12-9-12-10-10-10	9-9-12-12-13-12-10-13-13-10-10-13	13-9-13-13-12-10-12-11-10-11-9-7	12-12-13-12-10-9-10-11-6-5-13-10	14-10-8-2-10-10-10-10-10-8-13-11	10-13-9-12-12-9-10-12-4-9-9-9	9-11-11-12-12-10-12-11-10-8-12-8	11-11-9-13-12-12-8-10-9-9-9-12	9-10-9-10-10-11-9-11-9-11-7-11	10-10-9-10-9-10-11-10-10-10-8-10
124	12	12-12-13-12-10-12-13-10-12-12-12-13	10-10-10-11-11-11-13-11-11-7-11-11	12-13-13-11-11-13-13-13-11-13-10-13	13-13-13-11-11-11-10-7-11-10-11-14	11-13-11-11-14-11-13-13-10-13-12-13	11-11-11-12-12-14-11-11-10-10-10-13	12-10-8-14-13-12-10-13-12-10-11-10	12-8-11-11-11-13-10-11-4-9-9-14	14-14-13-11-11-9-10-13-13-11-11-13	10-11-14-13-11-11-6-10-13-14-13-11	14-10-10-13-10-15-14-13-14-13-2-11	9-12-9-12-14-2-11-10-6-14-8-10
124	13	13-16-13-13-10-11-13-13-10-14-13-14	14-15-15-11-15-11-12-11-11-13-11-11	12-12-12-12-11-12-12-12-12-12-14-12	12-12-12-13-11-11-13-11-15-14-13-11	11-12-11-11-12-13-12-12-13-12-13-12	15-11-11-12-10-12-10-11-13-13-11-12	11-15-8-15-12-13-15-12-13-13-11-11	10-11-9-11-11-12-10-8-4-9-9-12	12-12-13-12-13-12-15-12-12-9-11-12	11-11-12-11-13-13-12-10-12-12-12-13	12-16-10-12-16-6-12-12-11-12-14-12	10-7-9-11-13-10-11-10-6-12-13-16
124	14	16-13-13-16-14-14-13-13-14-15-13-13	13-13-13-15-13-8-14-15-16-15-16-15	12-14-15-16-11-12-15-12-11-15-13-14	15-12-15-14-15-14-13-15-14-13-15-12	15-12-14-14-12-15-15-15-14-12-14-15	11-12-15-12-14-12-15-11-13-5-4-15	14-13-8-12-12-12-10-14-10-8-14-12	14-14-15-14-14-12-8-14-15-9-9-12	12-12-4-14-16-2-12-12-10-7-14-8	6-4-12-10-14-14-14-10-14-12-12-15	12-13-10-10-10-9-12-12-12-14-14-11	6-5-12-12-9-10-14-10-10-12-8-13
124	15	14-14-13-15-14-16-13-16-16-14-13-13	16-13-13-14-13-16-16-14-16-14-16-14	12-14-14-14-15-15-14-15-16-14-16-15	14-15-15-15-14-14-15-14-13-13-14-16	14-16-14-14-15-14-14-14-15-15-15-14	13-13-14-15-14-14-14-14-13-13-10-14	14-13-15-13-12-15-10-15-15-15-14-14	15-14-14-11-14-16-10-14-14-9-15-15	15-15-15-14-15-2-13-15-14-15-14-8	10-4-15-10-14-14-14-10-14-15-15-14	15-15-10-10-6-12-15-15-15-14-2-15	9-15-15-15-15-2-2-10-10-15-8-13
124	16	16-16-16-16-16-16-16-16-16-16-16-16	15-13-16-14-16-15-15-14-15-16-14-14	12-15-16-14-16-16-16-16-15-16-15-16	15-16-16-16-16-16-10-16-14-16-16-15	15-15-16-16-15-16-15-15-13-16-14-7	16-16-14-16-16-12-14-16-16-16-16-16	14-16-16-16-13-16-16-12-16-15-11-11	16-16-14-16-16-15-8-14-14-16-13-15	15-15-4-16-14-16-16-14-16-16-14-10	6-16-16-10-16-5-16-15-16-16-15-16	15-16-10-10-13-6-15-16-16-16-16-16	16-16-16-15-2-16-16-9-16-16-16-13
125	0	0-0-0-0-0-0-0-0-0-0-0-0	0-0-0-0-0-0-0-0-0-0-0-0	0-0-0-0-0-0-0-0-0-0-0-0	0-0-0-0-0-0-0-0-0-0-0-0	0-0-0-0-0-0-0-0-0-0-0-0	0-0-0-0-0-0-0-0-0-0-0-0	0-0-0-0-0-0-0-0-0-0-0-0	0-0-0-0-0-0-0-0-0-0-0-0	0-0-0-0-0-0-0-0-0-0-0-0	0-0-0-0-0-0-0-0-0-0-0-0	0-0-0-0-0-0-0-0-0-0-0-0	0-0-0-0-0-0-0-0-0-0-0-0
125	1	1-1-2-1-2-1-2-1-0-3-1-1	2-0-0-2-0-2-2-2-2-0-2-2	2-2-1-2-2-2-2-2-1-0-2-1	2-3-2-0-2-2-0-0-0-0-0-2	2-2-3-0-3-0-2-2-0-1-2-2	1-2-2-1-1-2-0-0-0-0-0-0	2-0-1-3-1-0-0-2-0-0-2-0	1-1-1-2-2-2-0-2-3-3-2-3	1-3-2-2-6-1-10-2-0-1-1-2	2-2-1-0-2-5-2-1-2-3-2-0	6-0-0-0-2-2-2-3-2-2-0-1	5-1-1-2-9-2-2-2-6-2-2-1
125	2	2-2-2-2-3-3-2-2-3-2-3-3	1-3-3-1-1-1-1-2-1-0-1-1	1-1-1-1-1-1-3-1-1-2-3-2	1-1-1-1-1-1-3-1-3-0-3-1	1-1-1-0-1-3-3-1-3-2-1-1	1-1-1-1-0-1-3-2-2-0-2-2	1-3-0-1-1-0-2-3-0-0-1-1	4-2-1-1-2-1-4-1-1-2-1-1	2-2-1-1-1-1-1-1-3-2-1-1	1-1-5-4-2-1-1-1-1-1-1-2	1-2-3-0-1-1-1-1-1-1-3-2	1-2-1-1-1-1-1-1-8-1-1-4
125	3	3-3-3-2-2-2-3-3-2-1-2-2	1-2-2-3-1-1-1-2-1-1-4-4	4-4-5-4-6-1-4-4-4-3-2-4	3-1-3-3-3-4-2-3-4-0-2-3	6-3-5-5-1-2-4-4-3-3-3-3	3-6-4-1-1-6-4-3-0-0-5-4	3-3-0-1-2-2-5-4-0-1-4-5	2-3-3-3-3-1-0-3-1-1-3-1	3-1-2-3-4-0-1-3-2-1-3-2	3-1-3-2-3-3-3-0-3-1-4-5	3-0-2-0-0-3-1-1-4-3-2-3	2-3-3-1-3-3-3-1-2-3-2-2
125	4	6-5-3-4-5-4-4-4-4-5-4-4	5-2-2-3-4-1-3-4-4-5-3-5	3-3-3-3-3-8-5-3-5-5-5-3	3-5-5-3-3-3-4-3-3-0-5-3	3-4-3-3-5-4-5-3-5-4-6-3	5-5-6-4-4-3-5-5-4-4-8-4	3-4-4-4-5-0-5-3-4-4-3-8	2-3-3-5-4-5-2-6-8-1-6-8	4-6-4-4-3-6-4-5-0-4-3-9	3-4-4-2-3-3-3-2-4-6-3-4	4-0-0-0-3-4-4-4-3-3-5-4	4-5-5-1-3-4-4-4-2-3-2-2
125	5	5-5-5-5-4-5-5-5-5-5-5-5	4-8-6-3-5-5-3-4-4-4-3-4	3-5-3-3-3-4-6-4-4-4-6-6	4-4-6-3-3-3-4-3-6-0-4-3	3-5-3-3-4-6-4-4-4-5-5-3	4-4-4-8-4-3-4-4-5-7-3-5	3-5-6-4-4-5-4-6-0-5-4-3	2-3-3-6-6-4-6-4-4-5-4-4	5-2-4-4-5-5-3-6-6-5-3-6	6-1-5-5-3-6-3-6-4-4-6-3	3-7-6-0-6-6-8-4-4-3-6-4	1-4-3-1-3-1-3-5-1-5-7-5
125	6	6-8-6-5-6-7-6-6-6-7-7-7	7-7-8-3-5-7-1-7-4-7-3-7	3-6-4-3-3-4-5-4-5-4-7-5	4-7-7-7-4-3-6-3-5-0-7-3	3-7-3-3-4-5-7-6-7-3-4-3	3-3-4-9-7-3-7-5-6-8-7-5	3-5-8-1-4-7-6-5-12-6-7-6	0-3-5-5-7-5-8-4-4-6-4-4	4-1-4-7-1-4-1-5-9-8-6-5	5-1-6-7-3-7-3-5-3-4-5-3	1-0-5-8-5-5-5-4-4-3-5-4	1-4-3-1-3-1-5-7-1-7-6-7
125	7	7-6-6-7-8-6-8-7-7-6-6-6	8-6-6-7-7-6-7-6-8-6-9-6	4-7-8-8-7-9-8-9-8-7-6-7	8-8-8-8-7-9-9-3-8-9-6-7	5-8-10-7-4-5-6-8-6-10-8-10	8-10-8-4-8-7-6-8-6-6-6-8	8-6-5-1-4-6-6-8-6-6-8-6	2-7-7-8-8-9-6-12-4-6-8-4	4-1-4-6-7-8-7-8-8-6-7-5	8-7-7-6-7-7-8-6-4-7-6-7	8-5-0-6-7-6-7-5-5-7-8-4	1-5-3-7-7-7-6-5-2-6-5-7
125	8	8-8-6-6-7-6-7-6-7-8-5-6	7-6-6-9-7-6-9-4-7-6-7-6	9-10-7-9-9-4-7-9-7-9-9-9	7-7-7-9-8-10-7-10-7-10-8-8	12-9-7-10-10-9-9-9-6-8-7-7	7-7-7-5-7-9-9-7-6-6-4-9	9-9-6-1-9-8-6-7-6-10-7-4	2-9-4-9-7-9-6-7-4-8-7-4	4-1-4-9-1-7-1-7-7-6-7-11	7-7-6-7-8-8-7-6-9-1-1-14	7-0-0-6-0-13-5-4-5-7-7-4	2-8-3-1-1-8-8-5-2-6-6-0
125	9	9-9-9-9-9-9-9-9-9-9-9-9	10-14-9-8-11-11-8-11-9-6-7-8	8-8-8-8-8-10-8-8-11-8-10-8	8-10-10-8-8-7-7-8-8-9-10-8	9-8-7-9-8-8-10-8-9-9-8-7	10-7-12-10-9-8-8-9-9-9-4-9	8-8-6-1-8-9-9-10-6-10-7-8	10-8-8-8-7-8-9-7-4-11-7-9	9-9-10-8-9-7-1-7-6-6-8-15	7-1-9-10-8-8-7-6-8-4-1-8	9-0-9-6-14-9-7-4-1-7-7-4	1-8-3-1-1-1-8-1-13-10-13-9
125	10	10-12-12-10-10-11-11-12-12-10-11-12	12-11-11-8-11-11-11-10-10-11-12-11	10-8-7-8-8-9-10-10-9-8-9-10	8-9-11-11-8-11-10-8-11-14-9-8	10-11-7-8-8-9-9-10-12-7-11-7	9-7-11-9-13-8-11-9-9-10-15-9	8-13-12-1-14-9-11-9-11-9-1-11	11-8-11-9-12-8-14-7-4-13-7-9	9-12-9-8-12-13-1-7-13-6-8-13	7-1-12-15-11-9-7-12-8-1-1-8	7-11-15-9-15-9-7-11-11-7-13-4	1-11-15-1-15-14-8-11-15-9-9-15
125	11	10-10-15-15-10-12-10-10-10-12-12-12	10-9-10-8-13-10-12-12-12-12-12-12	11-12-12-12-11-13-12-12-9-8-12-11	12-12-12-12-8-12-12-8-10-10-9-12	11-12-12-10-12-10-12-11-10-13-13-15	12-12-10-11-10-10-10-12-9-10-8-12	12-10-10-12-11-13-10-14-10-14-12-10	10-11-12-12-10-10-12-7-12-9-12-11	11-11-11-8-3-10-12-12-12-11-8-8	12-12-14-12-10-10-7-11-12-12-12-8	12-10-12-10-12-13-12-12-12-11-10-4	12-12-11-12-12-12-12-12-12-12-12-10
125	12	11-10-10-11-11-11-10-10-10-11-11-11	10-14-10-8-11-10-11-10-11-11-11-11	8-11-11-11-8-11-11-11-9-8-13-12	11-11-11-11-8-11-11-8-13-10-13-11	8-11-11-8-11-13-11-12-10-11-14-7	11-11-9-11-10-8-11-11-12-12-7-11	11-14-10-11-13-12-11-13-10-9-11-6	9-8-11-11-10-12-11-7-11-10-11-11	11-10-11-8-10-10-11-11-12-12-8-15	11-11-10-11-13-9-7-10-11-11-11-8	11-10-11-6-11-11-11-11-11-11-8-10	11-11-11-11-11-11-8-11-11-11-11-10
125	13	10-11-12-11-10-11-15-15-10-11-11-11	10-12-10-8-11-10-10-14-11-10-15-12	13-11-14-11-13-11-14-11-11-12-12-12	13-11-10-13-8-14-11-8-12-10-12-13	14-11-14-10-11-12-12-14-14-11-11-13	11-11-14-13-10-8-14-7-10-10-4-14	15-10-10-11-12-11-10-12-10-15-13-6	4-13-14-14-14-15-10-15-4-10-14-11	13-13-13-14-14-10-1-13-7-14-14-10	1-14-13-10-14-8-7-10-11-11-11-8	11-10-10-6-10-13-13-11-13-14-10-4	11-14-13-13-11-11-13-11-9-11-9-10
125	14	14-10-12-10-12-15-10-10-10-14-11-12	10-12-10-8-11-10-10-13-11-11-11-15	14-14-13-15-13-13-13-14-15-8-14-14	14-14-13-13-13-13-14-8-12-10-13-14	13-15-13-13-14-12-15-13-12-14-11-13	12-14-13-14-10-15-13-9-14-10-14-13	14-12-10-14-14-14-10-11-10-11-14-10	14-13-13-13-13-15-10-13-13-14-13-14	14-14-13-13-13-7-14-14-7-13-13-8	7-13-11-11-13-13-12-10-11-14-14-8	14-10-10-6-10-14-14-11-14-13-10-4	11-13-14-13-14-10-13-11-12-14-12-10
125	15	15-15-11-11-15-15-11-15-15-11-15-15	10-12-15-8-15-11-10-13-11-15-13-14	14-14-15-14-15-15-15-15-14-15-14-15	15-15-15-15-15-15-14-15-15-10-15-14	13-14-15-15-14-15-14-15-10-15-8-11	15-15-13-15-15-14-12-15-15-15-15-15	13-15-15-15-12-15-9-14-15-15-14-13	15-15-7-15-15-14-6-13-13-11-11-14	14-15-15-15-13-15-15-10-15-7-13-12	7-15-15-15-15-8-15-11-11-15-15-15	11-0-10-6-10-14-14-11-15-11-10-15	11-10-15-11-11-15-15-11-15-15-15-10
126	0	0-0-0-0-0-0-0-0-0-0-0-0	0-0-0-0-0-0-0-0-0-0-0-0	0-0-0-0-0-0-0-0-0-0-0-0	0-0-0-0-0-0-0-0-0-0-0-0	0-0-0-0-0-0-0-0-0-0-0-0	0-0-0-0-0-0-0-0-0-0-0-0	0-0-0-0-0-0-0-0-0-0-0-0	0-0-0-0-0-0-0-0-0-0-0-0	0-0-0-0-0-0-0-0-0-0-0-0	0-0-0-0-0-0-0-0-0-0-0-0	0-0-0-0-0-0-0-0-0-0-0-0	0-0-0-0-0-0-0-0-0-0-0-0
126	1	1-1-1-1-1-1-1-1-1-1-1-1	1-0-1-1-0-0-0-0-1-0-1-0	3-0-1-2-2-2-2-2-0-0-1-1	2-0-2-2-2-2-0-4-1-0-1-0	2-0-2-3-0-1-2-2-1-1-3-2	2-0-1-1-1-0-1-2-0-1-9-0	1-1-1-0-1-0-1-0-1-1-1-1	1-1-2-1-1-2-1-1-1-0-2-0	0-0-1-1-2-1-0-2-1-1-1-1	2-1-1-0-2-2-1-1-4-0-0-1	2-1-2-0-0-0-0-0-0-1-1-1	0-1-4-1-0-0-1-0-0-0-2-1
126	2	2-2-1-2-2-2-2-2-2-2-2-2	3-2-2-1-2-2-3-3-2-3-1-2	0-3-1-1-1-7-3-1-0-4-3-3	1-3-1-1-1-1-2-1-1-2-1-0	1-0-1-1-3-1-3-1-2-2-1-1	1-3-4-3-2-0-3-1-2-2-1-2	1-2-2-2-3-2-2-2-2-3-1-3	2-1-1-3-2-2-2-3-5-2-4-0	2-0-2-2-1-4-2-3-1-2-1-2	1-2-2-2-1-1-1-3-0-3-1-1	1-3-2-0-2-2-0-2-5-3-1-2	4-2-2-3-2-2-1-2-2-3-1-3
126	3	3-3-3-3-3-3-3-3-3-3-3-3	2-3-3-1-2-3-2-4-2-2-1-4	1-2-0-1-4-2-4-5-4-5-4-4	2-2-4-2-1-1-4-1-4-4-5-0	1-0-1-1-2-4-2-4-2-6-1-1	1-2-2-2-2-0-4-4-2-3-3-3	1-1-4-2-2-3-2-4-3-3-1-2	4-1-1-2-3-3-3-2-4-4-2-0	3-0-2-2-3-2-4-2-1-3-4-2	2-2-3-5-5-3-4-2-0-2-0-4	3-2-7-3-4-4-0-7-2-4-1-4	3-2-1-2-1-3-1-5-7-2-3-2
126	4	4-4-4-4-4-4-4-4-5-4-4-4	4-3-3-1-4-5-0-3-2-2-5-3	0-4-4-3-5-2-3-4-5-2-5-3	2-6-5-5-1-2-4-1-5-3-3-0	1-0-1-1-2-3-4-5-5-2-2-2	1-2-2-2-4-1-5-3-4-4-4-2	1-3-3-0-2-4-4-3-4-4-1-2	3-1-1-3-2-3-6-4-3-3-2-0	5-0-3-2-4-2-3-3-4-4-3-3	1-3-4-7-4-4-3-5-1-0-0-3	2-2-5-5-3-3-0-3-0-3-1-3	2-2-1-7-6-4-1-3-3-3-5-5
126	5	4-3-4-5-5-5-4-5-4-5-5-5	7-4-3-1-8-5-3-4-7-7-5-6	2-5-6-6-6-8-6-6-4-3-4-5	6-6-4-6-6-2-6-1-7-3-3-0	1-0-1-8-0-3-6-4-4-5-3-1	1-2-6-2-4-0-4-5-4-5-4-5	1-1-3-6-2-3-4-4-4-4-1-6	3-1-2-2-5-5-4-6-2-3-6-0	4-0-2-5-2-7-7-6-7-7-5-5	4-2-5-3-7-7-4-4-0-0-0-3	5-6-4-4-4-6-0-2-2-2-7-2	5-7-5-2-5-5-5-6-3-5-4-4
126	6	6-7-4-6-6-6-4-6-4-8-6-5	5-4-3-1-4-5-7-7-5-2-7-5	0-7-6-9-5-5-5-8-7-8-5-7	5-6-6-5-8-8-4-5-5-8-3-5	5-3-1-7-2-3-5-4-5-8-5-6	1-5-7-7-6-0-4-5-6-6-4-6	1-6-8-5-2-6-6-4-7-9-6-7	3-6-2-5-5-7-4-2-2-6-7-0	2-0-2-2-7-5-5-5-5-5-6-5	8-2-5-5-7-5-4-4-6-0-4-6	5-5-5-0-7-5-0-2-2-2-5-2	5-2-5-5-4-5-7-5-3-5-4-4
126	7	7-6-7-6-7-7-7-7-4-7-6-6	5-4-3-8-4-5-6-6-5-5-8-5	8-6-8-8-8-2-8-6-6-8-5-6	8-8-8-6-9-8-4-8-5-4-8-1	8-0-7-6-0-8-8-8-5-6-7-8	2-8-8-6-6-9-3-8-4-6-2-8	3-6-6-2-8-9-4-8-6-7-7-7	5-7-7-8-8-7-4-7-2-6-7-0	2-0-2-8-9-5-2-8-5-5-6-5	6-2-5-4-8-5-4-4-8-0-0-9	0-5-3-0-6-7-0-3-0-7-5-8	5-5-7-4-6-7-6-0-3-7-4-4
126	8	8-8-8-8-8-9-8-8-9-9-10-9	9-9-9-7-5-9-7-10-8-8-7-8	7-8-7-7-7-5-9-6-6-10-9-7	8-8-7-7-6-7-9-7-9-8-9-0	7-0-10-7-10-9-9-7-9-6-7-7	1-7-9-6-8-7-9-8-8-8-0-8	1-9-6-10-7-8-8-7-6-6-7-7	8-7-6-7-7-9-11-11-2-8-8-0	7-0-2-7-8-5-9-7-5-4-6-9	6-2-8-8-7-7-9-8-7-9-0-7	12-5-8-8-6-7-0-9-10-2-5-7	10-7-5-12-12-8-5-0-11-7-8-12
126	9	9-8-8-9-9-8-8-8-8-8-8-8	8-8-8-9-6-8-10-11-11-5-10-12	9-10-10-6-9-9-8-10-9-8-8-9	9-9-8-9-7-10-9-7-8-9-8-9	1-10-12-7-11-8-8-7-8-9-9-9	10-9-8-9-9-12-8-9-8-8-1-8	1-8-9-9-9-7-8-9-6-6-9-9	2-7-11-8-7-8-8-8-2-9-9-11	9-11-7-7-7-9-9-10-5-9-5-8	4-12-5-9-9-5-8-8-11-11-9-7	11-10-9-8-6-9-11-9-11-7-5-9	9-10-9-4-9-9-6-9-8-9-8-8
126	10	11-12-10-11-11-12-11-12-12-11-11-12	12-11-11-9-11-11-11-12-11-11-11-11	10-9-9-11-11-11-9-12-11-10-12-11	11-9-11-11-7-9-12-11-11-11-10-9	12-9-10-7-9-10-9-10-11-11-11-9	10-10-11-10-11-9-10-11-10-10-6-10	12-10-10-10-9-10-11-11-11-12-12-10	10-7-11-10-10-11-8-12-2-9-9-9	10-9-10-10-12-11-10-9-12-12-10-11	11-10-11-11-11-10-10-12-9-11-9-11	9-11-12-9-11-12-9-12-9-10-11-10	12-12-10-12-11-11-6-11-12-11-8-12
126	11	10-10-10-10-10-10-10-10-10-10-10-10	10-10-10-11-10-10-10-9-10-10-10-10	11-12-10-10-10-10-11-10-10-11-10-10	10-10-10-10-11-11-10-7-10-10-10-9	1-9-12-8-9-11-12-11-10-10-10-11	10-10-10-12-10-9-10-10-10-8-2-12	11-10-10-10-10-10-10-10-10-10-11-11	10-7-9-11-11-10-8-10-12-9-9-9	9-9-10-11-8-10-11-11-5-10-11-10	10-11-11-10-10-11-11-10-9-10-9-11	9-10-10-8-11-10-9-10-9-11-10-11	10-11-5-11-10-10-11-10-8-10-8-8
126	12	12-10-12-10-12-10-10-10-10-10-12-10	10-10-10-10-10-10-10-10-10-12-10-9	11-11-12-10-12-11-12-10-10-12-10-11	12-12-10-12-12-12-10-7-12-12-12-9	10-9-9-12-9-12-11-12-10-12-7-7	12-12-12-11-12-9-12-12-12-12-12-12	11-12-12-12-10-12-10-10-12-10-10-12	12-12-7-12-12-10-12-10-11-10-10-9	10-9-12-12-10-10-12-10-12-10-11-10	10-12-12-10-12-11-12-10-12-12-9-12	10-10-10-9-6-10-9-10-12-12-10-12	10-12-12-10-11-12-12-9-12-12-8-8
127	0	0-0-0-0-0-0-0-0-0-0-0-0	0-0-0-0-0-0-0-0-0-0-0-0	0-0-0-0-0-0-0-0-0-0-0-0	0-0-0-0-0-0-0-0-0-0-0-0	0-0-0-0-0-0-0-0-0-0-0-0	0-0-0-0-0-0-0-0-0-0-0-0	0-0-0-0-0-0-0-0-0-0-0-0	0-0-0-0-0-0-0-0-0-0-0-0	0-0-0-0-0-0-0-0-0-0-0-0	0-0-0-0-0-0-0-0-0-0-0-0	0-0-0-0-0-0-0-0-0-0-0-0	0-0-0-0-0-0-0-0-0-0-0-0
127	1	1-1-1-1-1-1-1-1-1-1-1-1	2-1-1-2-2-1-2-1-1-1-2-1	1-3-1-1-2-2-0-2-2-2-3-2	2-0-3-2-0-0-2-1-1-2-2-0	1-0-1-0-1-1-2-1-2-2-4-0	2-2-2-1-1-0-1-3-1-1-9-0	1-1-1-1-2-1-2-2-2-1-1-1	1-1-2-1-1-2-1-1-1-1-0-2	8-4-1-1-1-3-9-1-2-3-1-3	2-1-1-2-2-1-1-1-1-1-0-1	1-2-2-0-2-7-0-2-1-1-3-1	2-1-1-1-2-2-3-4-2-1-7-1
127	2	1-1-1-1-1-1-1-1-1-1-1-1	1-1-1-2-1-1-1-2-1-1-1-3	2-3-3-3-3-3-3-3-1-1-2-1	3-3-1-3-3-3-1-3-1-1-3-2	3-0-3-4-0-2-3-2-1-1-15-3	1-3-2-1-1-5-2-3-1-2-3-3	2-1-1-1-1-2-1-3-1-2-3-2	1-2-3-2-2-1-1-1-2-1-3-1	1-0-1-2-15-1-1-3-1-1-2-1	1-2-1-1-5-3-4-1-1-1-3-4	3-1-1-0-1-1-0-1-0-3-1-2	1-2-1-3-1-1-4-1-1-1-1-1
127	3	1-1-2-1-1-1-1-1-2-1-1-2	1-1-1-2-1-1-1-4-3-4-2-2	0-4-2-2-2-4-4-2-1-4-4-4	4-4-4-2-2-2-4-2-1-1-4-0	2-6-2-2-4-3-4-2-3-3-2-2	7-2-5-6-3-4-4-4-3-3-7-3	4-3-1-3-4-3-3-4-3-1-2-7	11-2-4-4-3-1-1-5-7-3-2-1	3-0-3-3-2-1-3-2-1-1-2-1	2-3-3-1-2-2-3-1-1-1-3-2	2-1-1-0-3-3-0-3-3-4-1-3	1-3-2-3-2-1-1-1-1-1-1-1
127	4	4-4-4-4-1-4-4-4-4-4-7-4	1-7-5-2-1-1-2-3-2-3-2-3	2-4-2-2-2-3-5-6-5-3-5-5	3-3-5-2-2-3-3-2-5-4-3-0	2-0-2-2-3-5-3-3-3-3-1-2	3-3-3-1-3-3-3-3-4-4-11-4	3-4-1-3-3-4-5-5-4-4-2-3	4-2-3-5-2-1-4-3-3-4-3-1	4-1-3-3-4-1-2-5-5-7-4-5	5-3-4-4-2-5-2-5-5-1-5-2	5-1-5-0-6-5-0-6-3-3-1-3	1-3-2-3-1-1-2-1-6-1-1-4
127	5	5-7-5-4-5-6-5-5-5-7-6-6	6-6-7-2-1-1-1-6-2-6-2-6	2-5-2-2-6-3-4-5-4-3-6-4	3-6-6-6-2-3-5-2-5-6-6-0	2-0-6-7-3-4-6-5-6-1-3-2	6-3-3-1-5-2-6-4-5-5-6-3	3-4-7-0-3-5-5-4-8-5-6-12	1-2-4-4-2-1-7-3-3-6-3-1	3-0-3-3-5-1-4-4-4-6-5-4	4-3-8-6-2-4-2-4-4-1-4-2	4-3-4-7-6-4-0-3-3-3-1-3	1-6-2-5-1-1-2-1-1-1-1-1
127	6	8-5-5-6-7-5-4-6-6-5-5-5	8-5-5-6-8-1-6-5-8-5-8-5	0-6-7-7-6-7-7-4-7-6-5-6	6-6-7-7-6-6-6-2-7-5-5-2	9-3-7-9-6-4-5-7-5-7-7-8	5-9-7-3-7-6-5-7-5-4-5-6	7-5-4-1-3-5-1-7-5-5-5-3	1-6-6-7-14-1-5-14-3-5-7-1	3-0-3-5-6-13-6-6-7-5-6-14	11-8-9-5-6-6-7-5-2-1-5-6	6-1-5-5-5-1-0-4-3-6-9-3	1-5-6-7-1-1-1-1-4-13-1-6
127	7	7-5-7-8-6-7-4-5-8-5-4-8	6-5-5-9-6-1-8-8-8-5-8-5	8-7-8-8-8-8-6-8-8-8-7-8	6-7-6-6-8-8-6-12-6-5-7-9	10-0-6-11-8-8-8-8-5-6-6-6	3-9-6-9-6-8-8-6-5-5-3-7	8-7-5-0-8-7-5-8-5-8-0-3	3-7-15-8-8-1-5-6-3-7-6-1	3-0-8-8-6-6-3-8-6-5-11-6	6-6-6-8-8-7-6-5-8-0-8-9	6-1-5-5-1-1-0-3-0-6-1-3	1-7-8-6-1-1-12-1-1-1-1-1
127	8	8-9-9-7-6-9-4-8-9-9-8-9	9-9-5-7-6-9-7-7-6-5-7-7	7-7-7-7-7-7-9-7-7-7-9-9	8-8-7-8-7-7-6-7-9-9-8-7	8-0-6-7-7-9-7-7-9-8-9-6	3-6-9-8-8-7-9-8-8-8-1-8	7-9-1-0-7-8-11-9-5-7-0-9	1-7-9-7-7-9-12-6-7-7-6-1	1-0-7-7-8-8-8-9-1-8-7-9	6-6-5-7-7-7-6-9-7-1-7-7	15-9-11-5-15-12-0-8-11-7-6-3	10-11-7-6-1-1-7-10-11-1-8-15
127	9	9-9-8-10-6-8-8-8-8-8-8-8	8-8-5-7-6-8-10-10-10-5-10-10	9-10-10-7-9-8-10-10-10-7-8-10	10-9-6-9-7-7-9-7-8-8-8-15	7-10-6-9-10-8-10-10-8-10-9-6	10-10-8-9-8-15-8-9-8-8-1-7	9-8-8-10-8-9-8-8-9-14-9-8	13-7-11-7-7-10-8-6-7-9-9-10	9-10-10-7-2-1-1-8-6-1-7-8	10-6-6-10-5-7-6-8-10-10-10-7	10-8-8-5-1-11-10-8-10-6-6-3	1-8-9-6-11-1-1-11-1-9-1-8
127	10	11-11-10-10-10-8-10-10-10-10-7-10	8-11-11-7-8-8-9-9-11-8-9-11	7-9-9-7-7-12-11-9-9-11-11-9	9-9-9-10-7-9-11-7-11-10-10-9	7-9-6-7-9-11-11-9-11-9-11-6	9-9-8-12-14-7-11-10-11-10-6-10	7-10-10-10-15-10-10-11-10-10-9-11	8-7-9-6-7-9-14-6-7-14-9-9	9-9-11-7-10-10-10-11-11-12-7-15	6-6-8-15-8-7-6-11-9-9-9-7	9-13-8-5-13-9-9-9-9-6-6-7	8-8-9-10-9-10-7-9-11-9-11-8
127	11	10-10-11-11-10-8-11-10-14-12-11-15	11-8-10-7-8-8-12-12-10-5-14-10	9-12-12-7-12-12-12-9-12-10-10-12	12-9-12-12-12-12-10-13-10-13-10-12	13-9-12-13-12-10-12-12-10-9-12-12	12-12-7-9-8-7-10-13-10-8-11-13	12-12-13-11-12-13-8-10-5-10-11-11	3-7-12-12-7-9-10-6-12-9-11-9	12-9-10-12-2-6-11-10-12-1-7-8	6-12-11-12-12-14-11-10-12-12-12-7	10-10-8-5-12-9-9-12-12-6-6-3	11-14-11-12-9-1-12-9-10-9-10-8
127	12	12-15-13-11-10-12-12-15-12-13-12-12	15-14-10-7-10-13-11-11-11-14-11-14	9-11-11-11-11-11-11-11-11-14-13-11	11-9-11-11-11-11-10-7-13-14-14-11	11-9-11-7-11-12-11-11-14-12-11-11	11-11-8-12-13-7-13-12-12-12-14-12	11-11-13-11-11-12-14-10-10-12-11-14	13-11-11-11-7-9-8-11-11-8-11-9	11-11-11-11-12-6-11-11-11-10-11-8	11-11-12-11-11-11-11-14-11-11-11-7	9-10-14-5-11-11-9-11-11-11-1-3	11-13-11-11-9-1-7-1-13-9-10-8
127	13	13-12-12-14-13-12-12-10-15-15-12-12	14-12-10-7-14-14-11-14-14-13-15-14	14-13-15-11-13-11-14-9-13-10-12-13	14-9-14-11-11-11-10-11-12-11-12-14	11-12-11-11-9-12-14-11-12-14-14-11	13-11-3-13-12-9-12-11-12-12-14-14	13-8-11-13-11-11-12-14-10-15-13-12	12-12-13-11-6-14-8-6-11-9-13-9	15-9-14-11-9-6-13-14-13-10-14-8	13-11-13-14-13-11-14-12-11-9-13-7	13-10-12-5-13-14-9-13-14-14-13-3	13-12-11-13-13-1-6-13-8-8-10-8
127	14	15-12-14-14-15-12-14-15-11-15-15-14	12-12-10-7-13-13-14-13-13-13-15-13	13-14-15-15-11-15-13-14-15-12-13-13	13-9-13-12-7-11-14-7-12-12-12-13	11-9-11-7-11-12-13-14-12-14-13-13	12-11-3-13-10-9-12-13-12-12-13-14	15-8-4-14-13-14-12-13-10-13-13-12	14-7-9-11-6-14-10-6-14-10-11-9	3-9-13-11-6-6-14-13-14-11-13-6	6-11-14-13-13-11-14-12-11-9-14-7	13-10-12-5-13-14-9-11-13-13-13-3	14-11-11-13-13-1-7-13-10-9-10-8
127	15	15-15-15-15-15-15-15-15-15-13-15-15	12-12-15-15-15-15-15-13-13-15-14-13	9-15-15-15-15-15-15-15-14-15-12-15	15-15-13-15-15-15-10-15-15-15-15-9	15-9-15-15-15-15-11-15-12-15-2-15	15-15-15-13-15-9-15-15-15-15-15-13	14-15-15-15-10-15-15-11-15-15-6-12	15-15-7-14-15-9-5-11-14-15-6-9	13-15-15-15-2-15-15-8-15-15-7-10	6-15-15-10-15-12-15-10-15-15-9-15	10-15-15-5-8-14-9-8-15-15-15-15	11-15-15-11-15-15-15-15-15-15-15-8
128	0	0-0-0-0-0-0-0-0-0-0-0-0	0-0-0-0-0-0-0-0-0-0-0-0	0-0-0-0-0-0-0-0-0-0-0-0	0-0-0-0-0-0-0-0-0-0-0-0	0-0-0-0-0-0-0-0-0-0-0-0	0-0-0-0-0-0-0-0-0-0-0-0	0-0-0-0-0-0-0-0-0-0-0-0	0-0-0-0-0-0-0-0-0-0-0-0	0-0-0-0-0-0-0-0-0-0-0-0	0-0-0-0-0-0-0-0-0-0-0-0	0-0-0-0-0-0-0-0-0-0-0-0	0-0-0-0-0-0-0-0-0-0-0-0
128	1	1-1-1-1-1-1-1-1-1-1-1-1	1-0-0-1-0-1-0-0-1-1-4-0	3-2-0-2-2-0-2-0-0-2-1-2	0-0-0-2-2-2-0-4-2-0-2-0	2-0-0-2-0-1-2-2-1-0-0-0	4-0-1-0-1-3-1-2-1-1-9-0	1-1-1-0-1-1-1-2-1-1-2-1	1-1-1-1-1-0-1-1-1-0-0-0	1-0-1-0-2-1-0-1-1-1-1-1	1-1-1-1-2-1-1-1-1-0-0-1	0-1-1-0-1-1-0-1-0-1-1-1	0-1-1-1-4-1-1-0-0-1-0-0
128	2	2-2-1-2-2-2-2-2-2-2-2-2	3-2-2-1-2-2-3-2-2-3-1-2	0-3-0-1-1-7-1-0-1-1-3-1	3-3-3-1-1-4-2-1-1-2-1-1	1-0-0-1-3-1-3-1-2-0-4-0	1-3-4-5-2-1-3-3-2-2-11-2	4-2-2-2-3-2-2-3-2-2-2-3	2-1-2-3-2-2-2-6-11-2-4-0	2-2-2-3-1-2-2-3-2-2-1-2	2-5-2-2-1-1-3-2-2-2-2-1	4-2-2-0-2-2-0-2-3-3-2-2	2-2-2-1-2-2-4-2-0-3-0-2
128	3	3-3-3-3-3-3-3-3-3-3-3-3	2-3-3-1-2-3-2-4-2-2-1-4	1-2-0-1-1-2-4-5-4-5-4-4	2-2-2-1-1-1-4-1-4-4-5-0	1-0-0-1-2-5-2-4-2-6-5-0	1-2-2-3-2-1-4-4-2-3-3-3	2-1-4-2-2-3-2-2-3-2-1-2	4-1-1-2-2-2-2-2-4-4-2-0	3-2-2-2-3-2-3-2-4-2-4-2	2-1-3-5-4-1-4-2-1-2-4-2	2-2-4-0-4-3-3-2-2-4-2-4	2-2-1-2-1-3-1-3-5-4-3-2
128	4	4-4-4-4-4-4-4-4-5-4-4-4	5-5-3-1-4-5-2-3-2-2-1-3	0-4-0-3-5-2-3-7-5-4-5-3	2-6-5-5-1-2-4-1-5-3-3-0	1-0-0-7-2-3-4-6-5-1-2-0	1-2-2-2-4-1-5-3-4-4-5-2	2-2-3-2-2-4-5-5-4-4-1-2	3-1-1-3-2-0-7-4-3-3-2-0	5-2-4-2-4-2-8-2-3-4-3-5	2-1-4-3-4-1-3-5-1-2-6-1	2-2-3-4-3-5-0-2-7-3-2-3	2-2-7-1-1-4-2-3-3-3-5-5
128	5	4-3-4-5-5-5-4-5-4-5-5-6	6-4-3-1-5-5-3-4-6-7-5-6	1-5-6-1-4-6-6-6-4-3-4-5	6-6-4-6-1-2-6-6-4-3-3-6	6-0-0-8-2-3-6-4-7-5-3-0	6-2-6-2-4-1-4-5-4-5-4-6	2-1-3-2-2-3-4-4-4-4-6-2	3-1-2-2-5-0-4-2-2-4-6-7	4-2-2-5-4-6-7-6-5-6-5-7	4-2-5-3-7-1-4-4-4-2-4-1	5-7-4-4-4-6-6-5-2-6-7-2	5-7-5-5-5-5-5-5-3-5-4-4
128	6	6-9-7-6-6-6-4-6-4-8-6-5	5-4-3-1-4-5-6-7-5-2-7-5	7-6-8-7-7-5-7-5-8-8-7-7	5-7-7-5-8-8-5-5-5-8-3-5	5-4-6-7-2-3-5-4-5-10-5-6	5-5-5-7-6-1-5-5-6-6-4-6	2-6-6-2-2-6-6-4-11-9-6-5	3-6-10-5-5-0-4-2-2-6-5-0	4-2-2-2-4-5-5-5-5-7-6-5	6-1-6-5-7-1-4-10-6-2-4-1	5-5-7-4-13-5-6-2-2-5-5-2	5-2-5-5-5-5-7-5-3-5-4-7
128	7	7-6-8-6-7-8-8-9-8-7-8-10	5-4-3-1-5-5-8-6-7-5-8-8	8-8-8-6-6-2-8-8-8-5-6-6	8-8-8-8-9-8-5-7-6-4-6-8	8-0-8-8-2-3-8-8-5-6-14-8	8-8-8-7-6-8-3-5-4-6-8-8	8-6-6-2-2-11-4-8-6-7-8-7	5-10-8-8-10-7-4-7-2-8-7-7	7-2-8-8-7-5-7-8-5-6-9-5	6-10-9-4-8-8-10-4-8-2-8-7	8-5-3-7-6-7-8-7-4-9-5-9	5-5-7-7-7-5-6-5-3-5-4-6
128	8	8-8-8-9-8-9-8-8-8-6-8-8	9-9-8-1-5-10-7-6-7-9-7-7	7-7-7-6-7-9-7-7-6-9-9-7	7-7-7-7-6-7-9-7-9-9-9-7	7-0-7-7-2-9-9-7-9-8-8-7	7-7-7-6-8-7-9-8-9-10-7-8	10-10-11-9-8-8-9-9-6-6-7-2	8-9-7-7-8-7-11-7-2-8-14-8	7-8-7-7-8-5-8-7-5-4-7-11	9-1-8-8-7-7-5-9-7-2-7-7	7-5-14-8-6-12-7-8-7-2-5-7	13-5-5-7-7-8-6-8-8-8-10-4
128	9	9-6-8-8-9-8-8-7-9-10-8-10	8-8-8-10-11-8-10-10-10-8-10-10	9-10-10-6-9-10-9-10-10-8-8-10	10-9-10-10-6-10-9-7-8-8-8-12	7-10-12-9-11-8-10-7-8-9-9-12	10-10-8-9-9-14-8-8-8-8-1-9	8-8-8-10-9-7-10-10-6-6-11-10	9-8-11-7-5-10-8-7-2-9-9-11	9-13-10-10-1-9-9-9-5-9-7-5	10-10-7-9-10-1-8-8-9-11-11-1	11-2-8-14-6-10-11-10-11-7-5-7	5-5-9-7-11-8-10-13-8-9-4-0
128	10	10-11-10-10-11-9-10-10-11-10-10-10	11-11-12-9-13-12-9-9-9-8-9-9	9-9-9-6-6-9-9-9-9-10-11-9	9-9-9-9-6-9-10-6-11-8-10-9	5-9-7-5-9-10-9-10-10-9-8-9	9-9-7-7-10-7-11-10-11-8-5-10	8-8-10-9-9-10-9-9-10-10-9-9	8-7-9-7-7-9-8-8-2-10-9-9	8-9-9-9-10-10-9-9-9-10-10-9	9-9-8-9-7-8-7-6-9-9-9-1	9-10-11-8-8-9-9-9-9-2-5-11	10-5-9-7-9-8-9-8-8-9-8-13
128	11	10-10-10-8-10-11-10-10-10-9-11-10	10-10-10-11-9-10-9-12-12-8-9-9	12-11-12-11-12-12-12-9-12-11-10-11	12-9-12-12-11-12-10-12-10-10-11-9	11-9-11-12-12-11-12-12-11-9-12-12	12-11-13-6-11-9-12-12-10-8-2-12	12-11-10-0-12-7-12-12-6-11-9-12	8-11-9-12-11-9-8-8-2-12-9-9	9-9-10-12-8-5-9-12-5-11-11-8	9-11-8-12-12-11-11-8-9-9-9-12	9-10-8-8-6-11-9-9-9-11-5-10	5-2-9-7-9-8-12-8-8-9-4-12
128	12	12-14-13-10-13-12-12-12-10-12-12-12	13-13-12-11-9-10-11-11-9-11-9-9	11-11-11-11-11-11-11-9-10-11-13-11	11-12-11-11-11-11-12-11-13-13-11-9	11-9-9-12-11-13-13-11-13-12-11-9	11-9-12-12-12-9-13-11-8-12-4-12	11-13-10-0-11-8-11-11-10-12-9-11	8-12-9-11-11-9-8-8-11-11-9-9	9-9-13-11-12-7-13-11-5-12-11-8	11-11-8-13-11-11-11-13-11-9-9-11	9-11-10-12-6-12-9-8-9-11-5-11	12-5-9-14-9-7-11-8-13-13-12-13
128	13	13-13-12-10-12-12-12-14-12-12-11-12	14-12-12-11-10-13-14-14-14-12-14-14	13-13-11-14-11-11-13-9-14-11-12-13	13-13-13-11-11-11-12-11-12-12-11-9	11-9-13-13-9-12-14-11-12-6-13-13	11-13-11-13-13-7-12-8-10-8-2-13	11-12-8-13-13-13-12-12-6-12-11-12	8-11-9-13-11-9-8-7-14-9-12-9	13-9-12-13-7-5-13-13-5-13-11-8	9-13-7-12-12-11-13-12-13-9-13-11	9-10-8-12-6-13-9-13-9-13-5-13	12-5-9-13-9-5-6-9-12-12-4-10
128	14	14-14-14-14-14-14-14-14-14-12-14-14	13-8-14-11-14-12-13-13-13-14-13-13	13-13-14-13-14-14-14-14-13-14-14-14	13-14-13-14-14-14-12-14-14-14-14-9	14-9-14-14-14-14-13-14-12-14-7-13	14-14-14-14-14-7-13-14-14-14-14-13	13-14-14-14-13-14-5-14-14-14-9-13	14-14-11-14-14-9-8-7-13-14-8-9	7-14-14-14-11-14-14-13-14-5-7-5	7-14-14-14-14-5-14-12-14-14-9-14	9-14-8-14-6-5-9-12-14-14-14-14	14-14-14-12-14-14-14-9-14-14-14-0
129	0	0-0-0-0-0-0-0-0-0-0-0-0	0-0-0-0-0-0-0-0-0-0-0-0	0-0-0-0-0-0-0-0-0-0-0-0	0-0-0-0-0-0-0-0-0-0-0-0	0-0-0-0-0-0-0-0-0-0-0-0	0-0-0-0-0-0-0-0-0-0-0-0	0-0-0-0-0-0-0-0-0-0-0-0	0-0-0-0-0-0-0-0-0-0-0-0	0-0-0-0-0-0-0-0-0-0-0-0	0-0-0-0-0-0-0-0-0-0-0-0	0-0-0-0-0-0-0-0-0-0-0-0	0-0-0-0-0-0-0-0-0-0-0-0
129	1	1-1-1-1-1-1-1-1-1-1-1-1	1-0-2-1-2-1-2-2-1-2-1-2	1-1-2-1-1-2-1-1-2-0-1-1	2-2-2-1-1-1-0-1-0-1-0-1	0-2-1-0-2-0-2-2-0-0-2-1	1-2-0-1-2-1-0-1-2-0-0-2	0-0-1-2-2-2-0-2-0-0-9-2	1-1-1-1-1-2-1-0-1-2-1-2	1-2-2-2-1-1-2-2-0-1-1-1	2-2-2-2-1-1-2-1-2-2-2-1	2-0-1-2-2-2-2-2-2-2-1-0	5-1-1-2-2-0-1-2-1-2-1-0
129	2	1-1-2-2-2-1-2-1-2-2-2-1	1-0-1-2-1-1-1-1-1-1-1-1	3-3-1-3-2-3-3-3-1-3-3-2	3-1-1-3-2-3-0-5-3-0-3-2	5-1-3-4-1-2-1-2-2-5-11-1	2-1-3-1-1-2-3-2-1-0-0-1	2-2-0-1-2-1-9-1-0-2-3-1	2-2-2-2-2-1-0-3-2-1-1-1	1-1-1-1-3-1-1-3-4-2-2-2	1-1-1-1-3-3-1-2-1-1-1-3	1-2-1-1-1-1-1-1-1-1-1-2	1-2-4-1-1-1-2-1-0-1-0-2
129	3	3-3-2-3-3-3-3-4-3-3-3-3	4-3-1-2-3-4-5-4-3-4-4-3	2-2-2-2-2-5-4-2-6-2-4-2	2-4-4-2-2-2-4-2-2-3-2-2	2-3-2-2-4-2-4-4-3-3-5-5	4-5-5-6-3-4-4-2-3-3-0-3	5-3-3-3-4-3-4-4-3-3-4-6	10-2-4-4-3-3-0-4-5-1-5-3	3-3-3-3-2-4-1-4-4-3-2-5	1-3-3-1-2-2-4-1-1-1-4-2	3-3-3-1-4-3-3-4-4-3-3-3	3-3-3-3-3-3-3-3-0-4-0-3
129	4	4-4-4-4-4-3-4-3-4-4-4-4	3-4-4-2-5-3-1-5-3-3-3-5	2-4-3-3-2-3-5-5-5-5-5-4	3-3-5-2-2-2-5-2-5-5-5-2	2-1-2-2-3-5-5-3-3-3-3-1	3-3-3-0-4-3-5-4-4-9-0-4	3-3-4-3-3-5-4-5-6-3-5-5	4-2-5-3-5-4-4-3-3-4-1-3	4-4-3-3-1-5-1-3-5-4-5-9	4-5-5-5-5-5-3-4-1-1-3-2	1-6-4-4-3-3-3-3-3-5-3-3	1-3-2-3-5-4-3-4-9-5-6-4
129	5	5-5-5-5-4-5-5-5-5-5-5-5	4-6-4-2-4-6-4-4-3-3-4-4	2-5-5-4-2-3-6-4-4-4-6-5	6-4-6-2-2-3-4-2-6-4-6-2	2-1-2-2-3-4-6-5-6-2-3-2	2-3-3-1-5-3-6-3-5-6-7-4	3-5-4-3-3-4-5-6-0-5-4-8	5-2-4-4-4-4-5-3-3-4-3-3	5-4-3-3-6-4-1-4-4-6-4-3	6-4-6-4-6-4-6-9-6-6-6-2	1-3-11-4-11-9-4-3-9-4-3-5	1-3-2-3-4-4-3-4-1-4-4-4
129	6	6-5-5-5-8-5-5-5-7-5-6-5	7-5-5-7-4-7-7-8-9-3-7-7	7-5-7-7-7-8-7-7-9-7-5-7	7-7-7-7-7-7-7-10-5-5-5-7	2-8-11-7-7-4-7-7-5-7-7-7	7-7-3-8-6-7-5-7-5-5-7-8	7-7-4-4-3-3-5-5-4-6-8-7	3-7-3-6-4-1-11-6-3-5-6-3	7-3-6-3-6-6-6-6-6-5-5-4	5-3-5-5-7-7-7-5-5-5-5-6	5-4-5-6-7-7-3-5-7-5-6-3	6-6-6-6-4-6-5-7-4-1-4-6
129	7	7-5-7-7-7-7-7-7-5-7-7-7	9-9-8-6-4-6-6-6-6-8-6-6	6-7-6-6-6-6-6-6-8-8-8-8	6-6-6-6-6-6-8-6-7-7-8-6	2-6-6-6-6-8-8-6-7-6-6-6	6-7-8-6-7-6-8-6-7-7-6-6	6-8-7-7-8-4-5-7-7-7-6-7	3-9-8-8-7-1-7-6-3-7-6-6	6-4-3-3-7-6-1-6-7-7-7-8	8-2-5-7-6-6-6-5-6-7-8-9	1-7-8-9-6-6-7-3-6-1-7-3	6-9-9-6-6-7-7-6-7-1-4-7
129	8	8-8-7-7-9-8-8-11-8-11-8-7	7-7-7-6-4-10-9-6-6-7-10-9	10-9-9-6-9-10-9-9-9-7-7-9	6-9-9-10-6-6-7-2-9-9-7-6	2-6-6-8-9-7-7-6-9-6-6-6	6-8-7-6-7-6-9-6-7-10-8-6	10-7-7-8-7-4-5-8-8-10-6-5	3-4-7-7-7-8-7-6-3-8-6-8	6-9-3-9-5-8-6-8-7-5-7-7	7-3-5-9-6-5-8-4-9-1-7-7	1-7-7-8-8-8-8-3-3-1-8-3	6-8-2-6-1-7-7-4-4-1-4-8
129	9	7-8-7-9-8-7-7-11-11-9-11-7	7-7-7-6-4-9-8-8-6-8-8-8	6-8-8-6-8-8-8-8-8-8-8-8	10-10-8-8-9-10-7-6-8-8-7-6	2-9-6-8-8-7-10-10-8-9-9-9	10-9-7-9-7-11-8-10-8-4-1-10	10-7-8-9-10-10-2-8-9-6-1-8	1-4-8-7-9-9-7-6-9-8-9-9	9-8-10-8-3-9-10-8-7-5-10-8	11-9-5-8-10-5-6-5-10-10-8-7	5-3-7-7-8-5-10-3-5-10-8-3	9-7-7-11-10-8-9-7-4-9-4-5
129	10	7-10-10-10-7-7-10-10-10-11-10-10	11-7-7-11-11-8-11-11-10-8-11-11	8-10-11-11-8-11-11-11-8-8-9-8	9-9-8-8-10-9-10-6-10-8-10-6	10-9-6-8-9-10-11-9-8-7-8-10	10-10-8-9-9-6-9-9-5-4-0-11	9-8-7-9-9-9-5-8-8-7-10-10	3-10-9-10-10-9-7-6-3-9-10-9	9-9-9-10-11-10-9-9-4-10-9-8	9-10-8-8-9-10-8-11-9-9-8-7	5-3-10-7-5-10-9-10-9-10-8-3	9-5-7-9-10-4-10-4-8-10-4-5
129	11	11-11-11-11-11-11-11-11-11-11-11-11	10-7-11-10-11-8-10-10-10-11-10-8	10-11-10-10-11-10-11-10-10-11-11-10	10-11-11-11-11-11-8-11-11-11-11-6	10-6-6-11-11-11-10-10-8-11-2-6	11-11-11-11-11-9-11-11-11-11-11-10	9-11-11-11-7-11-11-11-11-11-9-11	11-11-8-11-11-8-6-3-7-11-8-11	9-11-11-11-10-11-11-6-11-4-11-9	9-11-11-11-11-11-11-9-9-11-11-11	5-11-5-7-5-9-9-11-11-11-11-11	9-11-11-9-7-11-11-11-11-11-11-4
130	0	0-0-0-0-0-0-0-0-0-0-0-0	0-0-0-0-0-0-0-0-0-0-0-0	0-0-0-0-0-0-0-0-0-0-0-0	0-0-0-0-0-0-0-0-0-0-0-0	0-0-0-0-0-0-0-0-0-0-0-0	0-0-0-0-0-0-0-0-0-0-0-0	0-0-0-0-0-0-0-0-0-0-0-0	0-0-0-0-0-0-0-0-0-0-0-0	0-0-0-0-0-0-0-0-0-0-0-0	0-0-0-0-0-0-0-0-0-0-0-0	0-0-0-0-0-0-0-0-0-0-0-0	0-0-0-0-0-0-0-0-0-0-0-0
130	1	1-1-1-2-1-2-2-1-1-2-2-2	2-1-2-0-2-2-2-1-2-2-1-2	1-0-2-1-1-2-1-1-2-1-2-1	2-2-2-1-0-0-2-0-0-0-0-1	0-0-0-0-2-1-2-1-0-1-1-0	1-2-0-5-2-1-1-0-2-2-0-2	0-1-1-1-1-2-0-2-1-1-9-1	1-1-0-1-1-2-1-1-1-2-0-2	1-2-2-1-5-0-1-1-2-2-1-4	1-2-1-0-0-1-1-1-3-5-1-0	1-1-2-3-4-2-4-0-1-1-0-1	4-1-1-1-8-8-1-11-8-4-4-0
130	2	1-1-1-1-1-1-1-1-1-1-1-1	1-1-1-2-1-1-1-1-1-1-1-1	4-2-3-2-3-1-3-3-1-2-1-2	3-1-1-3-3-3-1-3-2-0-3-4	3-0-2-2-7-2-1-3-2-1-2-2	3-1-2-2-1-3-2-2-1-1-3-1	2-2-1-2-2-1-2-1-1-1-3-2	1-2-3-2-2-1-2-2-2-1-3-1	1-1-2-2-8-3-1-2-1-1-2-2	6-1-1-5-3-3-2-2-1-1-0-3	0-2-1-1-1-1-0-1-0-2-2-1	1-2-6-1-6-1-2-1-1-1-3-2
130	3	1-1-1-1-1-1-1-1-1-1-4-1	1-3-1-2-1-1-1-3-1-5-1-3	6-4-2-2-2-6-2-2-1-6-4-2	2-4-4-2-2-2-1-2-2-3-2-2	2-3-2-2-4-2-4-4-3-3-5-2	2-4-4-1-3-2-4-4-3-3-10-3	2-2-1-3-4-1-3-4-3-4-2-4	1-3-2-4-3-1-3-4-3-3-3-3	3-1-3-4-2-6-3-4-1-3-2-3	3-3-3-4-2-2-3-3-1-3-3-2	3-6-3-1-3-3-1-3-3-4-3-3	1-3-1-3-3-3-2-1-3-1-2-3
130	4	4-4-4-4-4-4-4-4-4-1-3-1	1-6-5-2-4-1-1-5-1-3-2-5	2-3-5-2-2-3-5-5-5-5-5-5	2-3-3-2-2-2-5-2-5-4-5-2	2-1-2-4-3-5-3-3-3-1-2-2	3-3-3-3-3-2-5-4-4-4-2-4	2-2-5-3-3-1-6-5-4-3-2-3	4-4-3-3-2-1-4-3-3-4-3-3	4-3-3-3-1-3-3-3-4-3-5-5	3-5-4-3-1-3-5-3-5-1-3-2	4-2-6-12-1-7-5-3-3-3-3-5	1-3-2-3-7-5-2-10-10-1-6-6
130	5	6-5-5-5-4-5-4-5-1-6-5-5	1-4-4-2-4-4-1-4-1-3-1-4	5-5-4-2-4-8-4-6-6-4-6-6	5-5-6-3-2-3-6-2-6-7-7-2	2-0-2-6-3-4-5-5-5-1-3-2	2-3-3-1-5-3-6-4-5-5-0-3	2-2-4-3-3-7-4-4-5-5-0-3	7-4-4-4-3-1-6-4-3-5-3-1	1-1-6-3-1-3-1-3-6-7-4-5	6-4-5-2-2-9-4-5-4-1-6-6	0-3-4-11-10-4-4-1-3-3-3-3	11-3-3-3-7-4-2-0-1-6-4-4
130	6	5-5-5-5-5-1-5-5-4-5-5-7	1-4-4-2-1-1-8-3-1-3-7-7	7-6-7-7-7-3-7-5-5-3-5-7	7-7-7-6-7-7-5-10-5-5-3-2	7-1-13-7-3-4-7-7-6-7-6-7	7-7-7-1-5-7-5-6-5-5-6-7	2-8-5-3-7-1-4-4-3-3-7-3	5-7-7-7-3-1-5-7-3-1-3-3	3-1-6-3-8-3-3-7-5-5-7-8	7-2-5-6-7-5-7-7-1-1-5-7	3-3-4-8-1-5-1-4-1-6-7-3	5-6-6-3-2-6-2-1-4-5-4-4
130	7	7-7-8-7-7-8-8-7-7-6-7-7	8-8-7-6-8-8-7-8-6-8-6-8	6-7-6-6-6-6-6-6-5-6-8-6	6-6-6-6-6-6-7-6-8-5-8-2	6-0-2-6-2-8-8-6-8-7-6-6	6-6-6-1-10-6-8-7-3-7-6-7	2-12-7-2-6-7-5-8-5-5-6-3	7-6-6-6-6-1-11-6-3-7-3-3	7-1-3-3-5-7-1-6-5-5-6-6	6-7-5-7-6-5-6-12-1-1-7-6	0-3-5-12-7-4-4-0-3-1-6-3	12-6-6-3-5-7-2-0-1-6-10-7
130	8	8-7-7-7-7-7-7-7-7-5-7-7	7-7-7-9-7-7-9-7-10-7-6-9	11-9-9-6-8-8-7-8-8-9-7-8	9-8-9-6-6-9-8-6-7-8-8-8	2-9-2-6-10-7-7-8-7-8-8-9	1-8-6-8-7-13-7-7-3-7-0-8	8-6-8-1-8-1-5-9-5-5-1-7	8-4-12-7-7-9-7-6-3-8-8-10	8-10-9-6-2-8-0-9-6-8-6-6	12-1-5-9-7-6-7-7-1-10-10-7	11-2-5-9-1-10-10-8-10-1-6-8	1-6-8-3-10-8-2-13-1-8-7-4
130	9	10-9-11-9-10-10-11-10-11-10-10-13	10-10-10-10-10-10-11-10-10-11-10-10	8-8-8-11-10-11-10-11-10-10-8-10	8-8-10-12-6-8-10-6-10-10-9-8	10-8-9-6-12-9-9-9-9-10-11-8	10-12-10-9-10-11-9-9-10-9-9-9	9-9-10-9-10-9-9-10-11-10-13-9	11-9-12-9-9-10-10-12-3-9-8-11	9-8-9-9-9-10-10-8-10-13-9-10	11-13-9-10-10-10-10-13-1-11-8-11	10-13-11-8-13-10-8-13-8-9-10-9	10-9-8-11-9-10-11-10-12-11-10-11
130	10	9-9-9-9-9-9-9-9-9-9-9-9	9-9-9-11-9-9-9-9-9-9-9-9	8-11-9-9-9-12-9-8-9-9-10-11	11-8-9-9-11-11-9-6-9-9-11-8	11-8-2-11-8-10-11-11-10-9-9-6	9-11-11-9-9-8-11-10-9-9-10-7	10-9-9-10-9-9-10-9-9-9-10-10	9-11-11-11-10-9-9-13-13-9-10-8	8-8-3-11-8-9-9-11-9-9-10-9	11-10-10-9-9-9-9-5-1-8-8-9	9-10-9-4-5-9-8-3-8-10-9-11	9-6-8-10-10-9-9-9-4-9-7-4
130	11	9-9-9-9-9-9-9-9-9-9-9-9	9-9-9-10-9-9-9-9-9-9-9-9	8-10-9-9-10-9-12-9-9-11-12-10	10-10-9-9-10-10-9-6-12-9-10-8	10-8-2-10-8-11-10-10-12-11-9-6	9-10-10-9-11-8-12-11-9-7-8-11	10-9-9-11-12-9-13-10-9-9-10-10	9-10-10-10-10-9-9-10-10-9-9-8	9-8-3-10-8-9-9-10-9-9-10-9	9-10-11-9-9-9-9-7-1-9-8-9	8-9-9-5-9-9-8-9-8-10-9-10	5-13-8-10-10-9-9-1-9-9-7-9
130	12	9-9-9-9-9-9-9-9-9-9-9-9	9-9-9-10-9-9-12-9-9-9-9-9	8-12-9-9-9-10-11-8-11-11-11-11	10-8-12-9-10-10-9-12-11-9-10-8	10-8-12-6-8-11-13-10-11-9-9-12	12-9-10-9-9-8-11-10-9-9-3-13	10-7-9-12-11-9-10-12-9-9-12-10	9-12-9-12-10-9-9-9-3-8-12-8	8-8-3-12-11-9-12-12-9-9-12-9	9-10-12-13-9-12-12-7-1-8-8-12	12-10-9-4-9-9-8-9-12-10-9-12	9-6-12-12-12-9-12-9-9-8-13-4
130	13	13-13-13-9-13-13-9-13-9-9-13-9	9-9-13-10-9-9-12-9-9-13-12-10	9-11-13-9-13-13-12-13-9-13-13-13	10-13-12-13-13-13-9-13-13-13-13-8	9-8-13-13-8-13-12-13-11-13-2-6	13-13-13-13-13-8-13-13-13-13-13-13	10-13-13-13-9-13-11-13-13-9-9-12	13-13-6-13-13-9-13-10-10-13-9-8	9-13-13-13-2-13-13-9-13-9-12-9	12-13-13-13-13-10-13-9-13-13-8-13	4-9-9-9-9-9-9-9-13-13-9-12	9-11-13-12-12-13-13-9-13-13-7-4
131	0	0-0-0-0-0-0-0-0-0-0-0-0	0-0-0-0-0-0-0-0-0-0-0-0	0-0-0-0-0-0-0-0-0-0-0-0	0-0-0-0-0-0-0-0-0-0-0-0	0-0-0-0-0-0-0-0-0-0-0-0	0-0-0-0-0-0-0-0-0-0-0-0	0-0-0-0-0-0-0-0-0-0-0-0	0-0-0-0-0-0-0-0-0-0-0-0	0-0-0-0-0-0-0-0-0-0-0-0	0-0-0-0-0-0-0-0-0-0-0-0	0-0-0-0-0-0-0-0-0-0-0-0	0-0-0-0-0-0-0-0-0-0-0-0
131	1	1-1-1-1-1-1-1-1-1-1-1-1	1-1-1-1-1-1-0-1-1-0-1-0	4-2-0-2-2-2-2-0-0-1-0-2	2-0-0-2-1-2-0-2-2-0-2-5	3-0-3-2-1-1-2-2-1-1-1-1	1-0-1-1-1-3-1-1-1-1-1-1	1-1-1-0-1-0-1-0-1-1-1-1	1-1-1-1-1-1-1-2-1-1-1-0	0-1-1-1-2-1-0-4-1-1-1-1	2-1-0-1-2-2-0-1-0-0-0-1	0-1-0-0-0-0-0-0-0-1-1-1	0-1-1-1-0-1-1-0-1-1-2-1
131	2	2-2-2-2-2-2-2-2-2-2-2-2	3-2-2-1-2-2-3-2-2-3-1-2	1-1-1-1-1-5-1-0-1-3-2-1	1-3-3-1-1-1-2-1-1-2-1-1	1-2-1-1-3-1-3-3-3-2-1-1	1-3-4-3-2-0-3-1-2-2-1-2	1-2-2-2-3-2-2-2-2-2-1-3	2-1-3-3-5-2-2-1-8-2-2-2	2-5-2-2-1-3-2-3-1-1-1-2	3-2-2-2-2-1-2-3-3-3-2-1	2-9-2-0-3-2-0-2-2-3-2-2	2-2-1-2-2-2-2-0-2-2-1-2
131	3	3-3-3-3-3-3-3-3-3-3-3-3	2-3-3-1-4-3-2-2-2-2-2-5	1-2-0-4-1-2-4-5-2-2-4-4	1-2-2-2-1-1-4-1-1-3-1-0	1-0-1-1-2-5-2-2-2-2-1-1	1-2-2-2-2-1-4-2-2-3-1-3	1-2-3-2-2-3-2-4-2-3-2-2	6-1-4-2-1-2-3-2-2-2-2-2	3-3-2-2-3-2-3-2-3-3-1-5	2-2-3-3-0-2-4-2-4-2-0-2	5-4-4-0-2-4-5-2-0-2-2-2	4-2-1-2-0-2-2-4-3-3-3-11
131	4	4-4-4-3-4-3-3-4-4-3-4-4	5-5-3-1-3-4-2-5-2-5-4-5	1-4-4-3-1-2-3-5-5-5-5-5	5-2-5-1-1-2-3-1-5-5-2-1	1-0-1-4-2-3-5-4-5-2-1-1	1-5-2-6-4-1-5-5-4-4-4-2	1-5-4-0-2-4-5-5-4-4-1-2	4-4-3-3-1-5-5-5-2-4-2-4	3-2-2-2-6-2-5-1-4-5-4-3	5-1-4-5-3-4-5-4-3-2-0-4	3-2-11-4-4-3-3-5-2-2-4-2	3-2-1-4-2-4-4-3-4-6-5-3
131	5	4-4-4-3-5-4-4-4-6-3-6-6	4-4-3-1-3-4-6-4-5-4-6-4	6-6-7-7-7-2-6-7-6-2-4-6	6-6-6-6-7-6-3-8-4-4-4-6	6-0-6-6-2-3-6-6-4-7-8-6	6-6-6-5-5-7-4-4-4-4-6-6	8-4-3-6-2-3-4-6-4-5-6-6	4-7-2-6-2-4-4-8-2-11-6-4	6-2-11-2-5-6-4-6-5-6-6-8	11-2-8-4-7-4-4-4-5-6-7-5	2-2-4-4-4-5-3-4-7-2-5-2	3-5-5-5-7-6-2-3-3-4-4-3
131	6	6-6-6-6-6-6-6-6-5-6-6-6	7-8-6-1-8-8-7-7-5-4-5-6	5-6-5-5-5-2-5-6-5-6-7-7	5-5-5-5-5-5-6-5-7-4-7-5	5-0-5-5-2-8-5-5-6-5-5-5	5-5-5-5-4-5-5-6-4-4-5-5	1-6-6-5-2-3-6-7-4-7-5-6	3-8-7-7-7-4-8-7-2-8-5-2	5-7-7-7-6-5-5-5-7-5-7-7	6-7-6-6-5-4-5-4-7-5-5-8	9-6-7-8-7-7-7-4-7-2-7-2	6-7-1-5-5-5-7-6-8-7-4-6
131	7	7-7-7-7-7-6-7-7-7-6-8-7	6-6-6-1-6-6-6-6-6-4-5-8	5-7-5-5-5-7-6-5-8-6-6-6	5-6-8-5-5-5-7-5-8-8-7-5	5-0-5-8-2-6-7-7-8-5-5-5	1-5-5-5-7-5-8-7-7-7-5-5	8-8-7-0-8-7-8-6-7-7-5-8	4-5-6-6-6-10-6-6-2-8-6-8	5-6-8-6-7-9-6-8-6-4-7-6	6-6-6-8-5-10-5-4-6-7-5-5	7-6-6-11-6-6-6-9-8-5-6-2	6-6-11-6-5-5-6-4-4-6-8-8
131	8	7-7-11-7-8-6-6-8-8-8-7-6	6-6-6-9-6-6-9-11-9-9-9-9	8-8-9-8-8-9-8-9-9-6-7-8	8-9-9-5-8-8-7-5-7-8-7-10	1-9-10-7-9-6-9-8-7-5-5-8	7-8-6-8-7-9-7-8-7-7-0-9	9-7-7-8-7-8-7-8-7-7-8-7	4-6-6-7-8-9-6-5-2-7-8-8	11-6-7-2-8-8-8-7-6-6-8-5	9-8-5-7-8-8-4-4-8-9-8-6	8-2-4-6-4-8-8-8-7-8-6-2	8-7-8-8-8-6-8-7-6-8-7-7
131	9	10-11-11-9-9-11-9-9-10-11-11-9	11-6-10-8-10-6-8-9-11-10-11-10	9-8-10-10-9-8-10-8-10-10-8-9	10-8-8-10-10-10-9-9-10-8-10-9	11-8-9-10-8-9-8-10-7-9-9-10	9-10-10-9-7-8-10-10-7-4-7-9	8-10-10-8-11-8-7-8-7-9-10-10	4-10-11-10-10-9-6-9-2-8-8-2	8-6-2-10-11-9-8-7-8-11-10-11	8-2-9-11-10-10-9-4-9-8-8-10	11-2-4-10-7-10-8-8-7-5-10-9	6-6-9-5-8-5-9-6-4-7-7-7
131	10	9-9-9-9-9-11-9-9-9-9-9-6	9-6-9-11-9-6-11-9-9-9-9-11	10-11-9-9-10-10-9-10-9-9-11-10	9-10-9-9-9-9-10-9-9-8-9-8	9-11-9-9-10-9-11-9-9-10-10-9	9-10-9-10-7-11-9-9-7-4-1-9	10-9-9-8-10-10-7-8-7-5-9-10	10-9-9-9-9-11-7-9-2-10-10-11	10-10-10-9-9-10-10-10-9-9-9-5	6-10-5-10-9-9-9-4-10-10-10-9	10-10-4-10-10-9-10-10-10-10-9-10	6-6-10-10-10-10-9-10-10-10-7-7
131	11	11-11-11-11-11-11-9-11-11-9-11-11	9-6-11-10-9-9-10-8-9-11-9-10	10-10-9-9-11-11-11-10-9-11-10-11	11-11-11-9-11-11-10-11-11-11-11-8	9-10-11-11-10-11-10-10-7-11-5-9	11-11-9-11-11-10-11-11-11-11-11-9	8-11-11-11-10-11-7-10-11-11-10-9	11-9-9-11-11-10-6-9-2-8-8-10	8-11-11-11-9-11-11-7-11-9-8-9	7-11-11-11-10-9-11-7-11-11-10-11	10-11-4-7-7-6-10-11-11-11-11-11	11-11-11-7-7-11-11-6-11-11-11-11
132	0	0-0-0-0-0-0-0-0-0-0-0-0	0-0-0-0-0-0-0-0-0-0-0-0	0-0-0-0-0-0-0-0-0-0-0-0	0-0-0-0-0-0-0-0-0-0-0-0	0-0-0-0-0-0-0-0-0-0-0-0	0-0-0-0-0-0-0-0-0-0-0-0	0-0-0-0-0-0-0-0-0-0-0-0	0-0-0-0-0-0-0-0-0-0-0-0	0-0-0-0-0-0-0-0-0-0-0-0	0-0-0-0-0-0-0-0-0-0-0-0	0-0-0-0-0-0-0-0-0-0-0-0	0-0-0-0-0-0-0-0-0-0-0-0
132	1	1-1-1-1-1-1-1-2-2-1-1-1	1-0-0-2-2-1-1-2-1-2-2-2	1-2-2-2-2-1-2-2-2-2-2-1	2-2-2-2-0-2-0-2-0-2-2-2	0-2-2-1-2-0-2-2-2-1-1-2	1-2-0-2-2-2-0-1-0-0-2-2	2-0-1-5-2-2-0-1-0-2-2-0	1-1-2-2-2-0-1-2-2-1-2-3	2-1-1-2-2-1-2-2-1-1-2-1	3-2-4-4-3-2-2-1-1-2-5-3	3-0-2-6-3-0-3-6-3-2-1-1	1-1-1-2-3-3-1-3-1-2-2-2
132	2	1-1-1-2-1-1-1-1-1-2-1-1	1-0-0-1-1-1-3-3-1-1-1-1	3-1-3-1-1-2-1-1-1-1-3-1	3-1-3-1-2-1-3-9-1-1-1-6	1-1-9-0-3-1-3-1-1-2-2-1	1-10-1-1-1-1-1-1-0-0-1-3	1-0-0-2-1-1-0-3-0-1-1-0	1-1-1-1-2-2-1-1-1-1-1-2	1-3-3-1-6-1-3-1-2-2-2-1	2-1-1-3-1-1-1-1-1-3-3-0	1-0-1-1-1-2-4-1-6-1-2-2	2-2-2-3-3-1-2-2-2-2-1-1
132	3	3-1-4-4-3-3-1-1-1-1-3-1	1-4-1-4-1-2-2-2-1-3-4-4	2-2-4-5-5-2-4-2-2-3-4-3	4-3-2-5-4-4-2-6-5-1-4-5	4-1-4-5-2-3-4-4-2-5-6-4	4-5-3-3-3-5-3-4-3-3-5-2	10-3-3-1-3-3-5-2-3-3-4-3	3-4-4-3-3-3-1-4-2-1-3-1	2-2-2-3-16-1-2-1-3-3-4-3	1-3-1-2-4-4-3-4-1-2-2-4	1-3-1-1-1-2-1-1-1-3-3-3	1-3-6-2-1-1-3-1-0-2-4-1
132	4	4-4-3-4-4-4-4-4-4-4-4-4	5-4-5-3-4-7-2-4-5-5-3-4	2-5-3-3-3-7-3-3-1-5-3-3	3-5-5-3-3-3-4-3-3-4-3-3	3-1-3-3-6-3-5-3-4-4-3-3	3-5-6-11-4-3-3-3-4-4-11-4	2-4-4-12-5-4-8-4-4-4-3-11	4-3-3-3-3-5-0-3-11-4-3-4	4-7-4-4-3-7-2-5-8-3-3-5	5-4-1-1-3-3-6-3-1-2-2-3	4-7-4-1-4-4-2-4-4-5-3-4	2-4-5-5-4-4-3-4-0-4-3-5
132	5	5-5-5-5-5-5-5-5-5-5-5-5	4-7-5-3-7-6-2-6-4-4-3-6	2-5-3-3-3-4-6-6-6-4-6-3	3-4-6-3-3-3-6-3-3-5-3-3	3-1-3-3-4-6-4-4-4-3-3-3	3-3-4-2-5-3-6-3-5-5-3-5	3-4-5-1-4-5-6-6-5-5-3-6	5-3-3-4-3-6-5-4-4-5-4-4	5-8-4-4-5-6-4-4-6-5-3-4	6-4-5-5-3-6-3-1-6-4-1-4	5-4-7-1-5-4-1-4-4-4-6-4	1-4-2-4-4-4-6-8-5-6-7-6
132	6	5-6-5-5-6-6-7-6-6-7-6-6	5-7-7-3-6-5-2-5-4-4-3-8	2-6-7-3-3-8-5-5-7-4-7-6	7-7-7-3-3-3-7-3-7-5-7-2	3-1-3-3-4-5-7-6-7-2-3-3	2-3-4-2-9-3-7-3-6-7-0-3	2-7-7-1-4-7-7-7-6-6-1-4	8-3-4-6-3-5-6-4-4-5-4-4	4-2-5-5-2-5-1-4-5-7-7-7	5-8-6-7-6-5-9-6-5-2-2-6	1-5-5-1-7-16-1-11-13-5-5-5	11-4-3-16-6-1-5-14-6-5-6-5
132	7	6-8-10-6-7-7-6-6-7-6-7-8	8-6-6-7-5-5-8-9-8-4-8-8	7-8-8-8-7-4-8-8-8-4-6-6	8-8-8-8-8-8-6-7-6-6-6-7	3-8-7-8-4-5-8-8-6-8-8-8	8-8-6-3-6-8-6-6-6-6-8-8	8-6-6-1-4-6-6-6-6-6-8-7	6-3-3-8-5-5-6-6-4-5-7-8	8-4-5-4-7-7-8-8-6-7-6-6	6-8-9-7-8-8-7-11-1-2-7-8	1-4-8-1-6-7-1-7-8-4-7-4	6-7-7-7-8-4-3-1-6-8-6-5
132	8	8-8-8-8-8-8-8-8-9-8-8-8	9-9-9-7-9-9-7-9-7-7-7-9	7-7-7-7-9-7-7-7-7-9-9-7	7-7-7-7-7-7-8-3-9-9-9-7	3-7-15-3-15-9-9-7-8-7-7-7	7-7-11-2-12-7-9-8-8-8-7-8	9-8-8-1-11-8-9-9-6-10-7-8	8-9-10-7-8-5-11-13-4-8-7-4	7-5-5-4-8-8-7-7-9-7-8-11	12-8-6-5-7-7-7-6-1-9-7-8	9-4-12-16-16-6-8-6-7-4-11-8	6-7-8-7-7-7-9-8-13-7-6-8
132	9	8-8-9-8-11-10-6-8-9-10-8-8	8-5-8-9-8-8-10-7-7-11-10-10	9-9-10-10-8-11-10-11-10-8-8-10	9-9-9-11-7-10-12-7-8-8-8-9	3-10-2-9-10-8-10-10-8-9-10-10	10-9-8-9-9-11-8-9-9-8-9-11	15-8-8-10-10-9-8-8-9-8-9-11	9-8-11-7-8-10-8-8-4-9-9-11	9-11-10-10-3-9-9-10-8-8-8-8	10-8-7-9-8-3-8-8-11-11-9-3	11-3-8-14-8-7-11-9-11-8-8-4	9-7-10-7-11-8-8-11-9-9-5-0
132	10	10-10-11-10-11-12-10-10-10-10-11-11	11-12-11-9-10-11-9-9-7-12-9-11	9-9-9-9-3-11-9-9-9-10-11-9	9-9-10-7-9-9-9-3-11-12-10-9	3-9-7-6-9-10-9-10-12-9-10-9	9-9-8-9-9-7-8-9-10-10-12-10	3-11-8-9-9-10-12-9-10-8-9-12	9-3-8-8-8-9-8-8-4-10-9-9	8-9-9-9-8-9-12-9-11-11-8-9	9-4-10-11-7-10-9-7-9-9-7-10	9-11-10-13-15-9-9-9-9-4-8-10	6-4-9-7-7-7-3-8-9-10-6-8
132	11	11-13-10-13-10-10-10-16-10-13-10-10	10-10-10-14-10-10-13-12-13-9-13-12	9-9-12-12-13-12-10-9-9-12-10-11	9-9-12-13-13-12-9-13-12-10-12-11	13-9-13-13-9-12-12-12-10-9-11-7	4-12-13-11-11-9-12-11-6-5-4-12	13-10-8-1-10-9-10-10-6-8-11-9	9-13-9-11-11-9-8-12-4-9-9-9	9-9-4-12-12-5-9-10-10-10-12-8	9-11-6-10-12-12-11-6-9-9-9-12	9-10-8-8-1-12-9-4-9-11-8-4	6-7-9-7-9-8-11-9-8-9-6-5
132	12	10-10-13-13-10-10-10-8-10-13-10-8	13-10-10-12-13-10-13-13-11-10-11-13	13-13-11-11-12-13-13-13-13-11-13-12	11-13-13-11-11-11-9-7-11-10-11-12	11-16-11-11-13-11-13-11-10-12-12-11	10-14-11-12-9-14-11-11-10-10-10-12	15-10-10-4-12-12-10-13-4-12-11-10	14-11-14-11-11-13-8-11-13-12-9-13	14-9-4-13-11-9-14-13-11-8-11-8	8-13-15-10-11-11-11-8-9-14-14-11	14-10-8-9-10-11-13-14-14-13-8-4	6-7-9-13-12-7-11-8-8-14-5-5
132	13	13-16-13-11-15-13-13-14-13-12-13-13	12-14-10-12-15-10-11-12-11-14-11-12	12-13-11-11-11-12-12-12-12-13-14-12	13-12-12-11-11-11-9-11-14-13-11-12	11-12-15-11-12-13-12-12-13-12-14-11	13-14-11-12-13-12-14-13-15-13-15-13	11-14-8-13-12-13-14-12-13-8-11-15	12-11-15-11-11-9-8-8-12-15-9-12	12-9-13-12-12-14-12-12-16-16-11-14	12-12-13-14-11-14-11-13-12-12-12-14	12-14-14-14-15-6-12-13-12-12-14-4	6-14-9-12-12-7-11-8-8-13-8-8
132	14	16-14-13-14-15-10-10-13-13-13-13-16	15-13-10-11-13-14-15-15-16-13-14-14	12-15-15-11-13-12-13-12-13-13-13-13	15-14-14-15-15-14-15-15-13-13-14-12	14-12-13-15-12-13-15-15-15-14-14-14	15-13-14-14-14-12-13-11-13-13-12-14	16-13-8-13-13-14-13-15-13-8-14-14	12-11-12-14-14-9-8-14-16-14-16-12	12-9-4-14-15-13-12-14-14-8-14-8	14-14-12-13-13-14-14-8-14-12-12-14	12-13-13-9-8-12-9-12-12-14-13-4	6-13-14-14-14-7-14-9-8-12-14-5
132	15	16-13-16-13-10-16-10-13-15-16-13-13	16-13-14-12-13-14-14-14-16-10-16-16	12-14-14-11-14-12-14-16-16-13-14-15	16-15-14-14-14-14-16-14-14-13-14-12	13-12-13-14-13-13-14-14-14-15-15-13	15-13-14-15-15-16-14-11-13-13-13-14	12-14-15-13-12-15-10-14-13-15-9-13	15-14-13-14-14-16-8-14-14-15-9-15	16-9-15-14-14-15-15-13-15-8-14-8	14-14-12-16-13-14-13-8-9-15-14-14	16-13-13-13-10-11-9-15-12-14-13-15	12-13-15-14-15-15-14-8-15-15-14-5
132	16	16-16-16-16-16-16-16-16-16-15-16-16	15-13-16-11-16-14-14-14-14-16-15-15	12-13-16-11-16-16-16-16-15-16-16-16	15-16-15-14-16-16-15-16-16-16-16-12	16-12-16-16-16-16-14-15-13-16-7-7	16-16-16-14-16-12-16-16-16-16-16-14	11-16-16-16-13-16-6-12-16-16-10-14	16-16-11-16-16-15-8-14-14-16-14-15	15-9-4-16-3-16-16-14-16-13-14-6	6-16-16-15-16-14-16-15-16-16-16-16	14-16-13-16-8-6-9-15-16-16-16-16	6-16-16-6-15-16-16-9-16-16-16-16
133	0	0-0-0-0-0-0-0-0-0-0-0-0	0-0-0-0-0-0-0-0-0-0-0-0	0-0-0-0-0-0-0-0-0-0-0-0	0-0-0-0-0-0-0-0-0-0-0-0	0-0-0-0-0-0-0-0-0-0-0-0	0-0-0-0-0-0-0-0-0-0-0-0	0-0-0-0-0-0-0-0-0-0-0-0	0-0-0-0-0-0-0-0-0-0-0-0	0-0-0-0-0-0-0-0-0-0-0-0	0-0-0-0-0-0-0-0-0-0-0-0	0-0-0-0-0-0-0-0-0-0-0-0	0-0-0-0-0-0-0-0-0-0-0-0
133	1	0-1-0-0-0-1-0-1-0-0-1-0	0-0-0-0-0-0-1-0-0-1-0-0	0-0-0-0-0-0-1-0-0-0-2-1	2-2-2-0-0-0-0-1-0-0-0-12	0-0-5-0-0-0-2-0-0-0-1-0	0-0-0-0-0-0-0-0-1-0-0-2	0-0-0-12-0-0-0-1-0-0-6-0	1-0-0-0-1-0-0-0-1-0-0-0	0-1-0-0-5-0-1-1-0-0-1-0	0-1-1-0-0-0-0-1-1-0-2-0	10-0-0-0-0-1-1-1-10-1-0-0	0-0-1-1-1-1-1-0-0-2-0-0
133	2	3-3-2-2-2-3-3-3-3-3-3-3	3-2-3-2-0-3-5-2-3-2-2-3	2-3-3-3-3-3-3-3-3-2-3-2	3-1-3-3-3-3-0-3-2-3-3-1	3-2-6-3-3-2-3-3-0-2-4-3	2-3-3-2-2-4-3-3-2-2-0-3	3-5-2-1-2-3-2-3-2-3-3-0	3-3-5-3-3-3-2-3-2-1-3-0	1-1-0-2-3-3-1-1-3-3-3-2	3-2-0-5-3-3-4-3-5-1-1-3	3-2-3-0-3-2-3-2-1-3-2-2	0-2-5-1-5-2-4-0-0-1-0-0
133	3	2-3-2-3-2-2-2-2-2-2-2-3	2-3-2-0-3-2-2-3-2-4-2-3	6-4-2-2-2-4-4-2-2-4-3-4	5-4-2-4-2-2-4-2-3-2-4-1	2-1-2-2-4-3-4-2-3-3-5-2	4-2-5-3-4-2-4-2-3-3-13-2	2-2-3-1-4-2-3-4-3-4-2-4	3-2-3-4-2-2-2-4-6-0-2-0	3-8-6-3-2-5-3-4-2-2-2-3	2-3-1-0-2-2-2-2-2-6-2-2	7-3-3-0-2-3-2-3-7-4-3-3	3-3-2-4-3-3-2-3-0-4-2-0
133	4	4-4-4-4-4-4-4-4-4-4-2-4	3-4-5-0-3-2-3-5-2-3-2-5	3-3-2-2-5-3-5-6-2-6-5-5	3-3-5-3-2-3-5-2-4-5-6-1	2-7-1-2-3-6-3-3-3-7-6-2	3-2-3-3-3-2-5-5-3-4-7-4	2-2-5-1-3-6-3-3-4-4-3-3	5-2-3-3-2-2-4-3-5-5-3-0	4-3-3-3-4-3-0-3-4-2-5-3	3-3-4-6-2-2-5-2-2-3-1-2	3-3-8-4-5-4-8-8-1-5-3-5	6-3-2-3-2-2-2-4-8-3-4-0
133	5	5-2-5-5-5-5-5-5-6-5-5-5	6-6-4-2-7-6-2-4-2-3-2-4	9-5-2-2-6-3-4-7-6-3-6-4	3-7-6-6-2-3-5-2-6-4-4-1	3-1-1-5-3-4-5-6-6-3-3-3	2-2-3-2-5-2-6-4-5-5-6-2	3-2-4-1-3-5-6-6-5-5-2-3	4-2-2-4-2-2-8-3-4-4-3-0	6-1-4-3-5-3-0-3-5-5-4-6	8-3-5-4-2-5-4-6-2-1-1-2	1-3-6-6-4-6-2-8-1-4-3-4	6-3-2-1-2-5-2-0-4-5-6-9
133	6	5-4-5-9-6-7-6-6-5-6-6-7	7-5-4-2-5-6-2-8-7-7-6-7	3-6-7-2-5-4-7-7-5-4-5-6	7-7-5-7-6-3-7-2-5-4-4-1	6-4-2-8-3-4-7-5-5-6-4-2	3-2-7-2-5-2-5-6-5-6-5-7	2-2-4-1-3-4-5-5-5-5-7-3	4-2-3-7-6-0-5-3-3-8-3-0	5-3-3-6-3-7-1-7-6-7-6-8	5-3-6-4-8-14-5-6-2-3-1-2	6-8-5-5-5-7-8-3-1-3-7-3	6-8-6-7-6-6-6-6-4-6-5-5
133	7	7-7-5-8-7-6-5-7-5-9-7-6	6-5-4-6-5-6-10-8-6-6-8-6	8-7-9-9-8-9-8-6-9-9-8-8	6-5-8-6-9-9-6-10-6-8-4-6	6-4-2-8-3-4-6-5-8-10-6-7	3-2-6-8-7-2-5-6-7-7-5-10	3-8-9-1-3-8-6-5-10-9-7-8	4-7-9-6-6-9-5-3-3-7-6-0	3-3-3-3-3-6-2-6-6-6-7-6	7-3-7-6-2-6-5-10-2-3-1-2	3-6-6-5-14-6-7-3-1-2-6-3	6-3-6-6-6-6-8-6-4-6-5-5
133	8	9-9-9-7-8-9-9-9-9-9-9-9	8-7-4-9-5-10-7-7-9-6-9-6	11-9-9-7-7-3-9-9-10-7-9-7	9-9-9-7-7-10-9-9-6-7-9-1	10-1-10-7-3-4-9-9-6-9-9-9	9-9-9-7-7-14-9-4-10-7-9-9	2-7-7-1-9-10-5-9-7-8-10-7	7-10-7-9-6-9-5-3-3-9-9-3	3-8-3-9-8-6-8-9-6-6-8-6	9-9-8-8-9-6-5-10-2-9-9-12	9-6-4-8-5-11-6-10-9-9-6-3	11-6-8-9-9-9-7-6-4-8-5-5
133	9	9-8-9-9-13-9-9-9-9-8-9-9	8-11-10-8-9-6-7-7-8-10-8-10	5-8-8-7-7-11-8-10-7-10-10-8	8-8-8-8-7-8-8-7-10-10-10-1	7-11-8-6-8-10-8-8-9-8-8-8	8-8-8-7-9-8-10-9-8-7-8-8	3-9-7-1-10-9-11-8-7-9-8-6	4-8-7-10-9-8-9-9-3-9-8-0	8-9-10-8-9-6-8-8-9-8-10-10	8-8-9-10-8-8-10-8-2-8-8-10	9-6-9-9-14-8-9-8-8-8-6-3	10-3-6-8-8-8-7-10-4-8-5-5
133	10	9-9-9-9-10-10-9-12-10-10-9-9	12-9-9-12-9-10-12-10-8-11-8-9	11-8-8-7-11-8-9-9-12-11-9-10	11-11-11-12-7-8-9-7-9-9-9-1	8-1-8-11-11-9-9-8-11-7-12-8	8-8-9-7-10-8-11-9-10-10-8-8	3-11-7-1-9-8-5-11-7-13-8-6	4-8-7-9-9-10-9-9-3-11-8-11	8-11-9-8-8-6-8-11-6-7-9-9	9-8-8-11-11-8-9-7-11-11-8-9	1-7-9-10-10-10-9-8-1-10-6-3	9-10-6-8-8-8-7-9-9-8-5-10
133	11	12-11-12-12-12-12-12-12-12-12-12-12	12-9-9-12-12-12-12-12-12-12-12-12	12-12-12-12-10-12-11-12-12-10-12-11	12-10-12-10-12-12-12-7-10-10-9-11	6-13-12-10-12-9-12-12-10-13-10-12	12-12-10-11-10-8-10-12-7-5-12-11	12-10-9-13-12-11-5-10-7-14-12-12	4-7-13-12-11-12-9-3-12-10-12-10	11-12-14-8-13-6-13-10-6-11-9-6	11-12-8-10-10-12-10-6-12-11-11-12	12-6-12-10-11-14-11-12-11-12-6-8	12-10-12-12-11-8-7-14-4-13-5-5
133	12	11-11-11-11-11-11-11-11-12-11-11-11	11-13-11-11-11-11-11-11-11-11-11-11	11-11-11-11-10-11-11-11-11-12-11-10	11-12-11-10-11-11-11-7-13-10-13-1	6-11-11-10-11-12-11-11-13-11-10-11	11-11-10-8-12-8-13-11-12-12-11-11	11-7-7-1-11-12-12-10-7-7-11-11	12-8-11-11-9-11-9-9-11-12-11-10	11-11-11-8-12-6-11-10-9-11-9-11	11-11-9-10-8-11-8-8-11-11-11-8	11-6-11-10-10-11-11-11-11-11-6-11	11-10-11-11-11-8-8-11-12-11-11-12
133	13	13-14-14-14-14-14-14-14-14-14-14-11	11-12-14-14-14-14-14-13-14-11-14-14	13-13-14-14-13-11-14-11-14-13-12-13	14-11-11-14-13-13-14-2-12-10-12-1	13-11-11-10-11-12-14-12-12-11-10-11	13-11-10-14-10-8-12-14-12-12-3-11	14-13-13-1-11-11-12-14-7-10-11-14	12-13-11-13-13-11-9-3-3-14-11-10	11-11-11-13-14-11-11-10-11-13-13-14	11-11-8-11-10-14-14-14-11-11-11-13	11-6-11-10-13-13-11-11-1-11-6-8	11-10-13-11-11-8-13-11-4-11-5-13
133	14	14-14-13-13-14-14-13-14-14-13-14-14	11-12-14-13-13-13-13-11-13-14-13-13	13-13-13-13-14-13-13-14-13-14-14-14	13-14-13-13-14-14-13-14-14-14-14-1	13-11-11-14-14-14-13-14-12-14-10-8	14-14-14-13-14-8-14-13-14-14-14-14	13-14-14-14-11-14-12-13-14-14-11-13	14-14-13-11-14-13-9-8-11-13-11-14	13-14-11-14-13-14-14-13-14-6-13-13	11-11-14-14-14-13-14-13-11-14-14-14	11-14-14-14-7-11-14-14-14-14-14-14	14-14-14-11-8-14-14-11-14-14-14-0
134	0	0-0-0-0-0-0-0-0-0-0-0-0	0-0-0-0-0-0-0-0-0-0-0-0	0-0-0-0-0-0-0-0-0-0-0-0	0-0-0-0-0-0-0-0-0-0-0-0	0-0-0-0-0-0-0-0-0-0-0-0	0-0-0-0-0-0-0-0-0-0-0-0	0-0-0-0-0-0-0-0-0-0-0-0	0-0-0-0-0-0-0-0-0-0-0-0	0-0-0-0-0-0-0-0-0-0-0-0	0-0-0-0-0-0-0-0-0-0-0-0	0-0-0-0-0-0-0-0-0-0-0-0	0-0-0-0-0-0-0-0-0-0-0-0
134	1	1-1-1-1-1-1-1-1-1-1-1-1	1-1-0-3-0-0-0-1-1-1-2-1	0-1-0-0-2-0-0-0-2-0-2-1	0-0-0-0-2-3-0-2-2-0-2-0	2-0-0-4-0-1-2-2-0-1-2-4	2-0-2-1-1-2-2-2-1-1-2-0	1-1-1-1-1-0-1-2-1-1-0-1	2-1-2-1-1-0-1-2-1-1-0-0	2-0-0-0-2-1-0-1-1-1-2-1	0-1-1-2-4-1-1-1-1-0-0-1	0-1-0-0-0-0-0-0-0-1-1-0	0-1-1-2-0-0-1-0-0-0-2-0
134	2	2-2-1-2-2-2-2-2-2-2-2-2	3-2-2-1-2-2-2-3-2-2-1-2	0-3-3-1-1-5-3-0-3-3-3-1	3-3-3-1-1-1-2-1-1-2-4-0	1-0-2-1-3-1-3-1-2-0-4-1	1-3-4-0-2-1-1-1-2-2-8-2	2-2-2-2-2-2-2-1-2-2-2-8	3-1-3-3-2-2-2-1-8-2-3-0	2-5-2-2-1-3-2-3-2-2-1-2	3-2-2-1-1-1-1-2-3-2-2-1	2-2-0-0-2-2-0-2-3-3-2-2	2-2-2-1-0-2-5-0-1-0-1-2
134	3	3-3-3-3-3-3-3-3-3-3-4-3	4-3-3-1-3-5-2-4-2-2-1-2	1-3-2-3-1-2-4-4-2-2-4-4	2-2-4-2-1-1-3-1-4-3-2-0	1-0-0-1-2-4-2-4-2-3-2-1	1-2-2-3-2-1-4-3-2-3-3-3	2-1-3-2-2-3-5-2-3-1-2-4	3-1-2-2-2-0-3-2-2-4-2-0	3-2-2-2-3-2-3-2-4-4-4-3	2-1-3-3-1-2-4-3-1-2-0-1	5-2-3-0-2-4-3-0-2-2-2-2	3-2-2-3-0-4-1-0-5-4-3-9
134	4	4-3-4-5-3-4-4-4-4-4-5-4	3-3-4-1-5-3-2-3-2-2-1-6	5-4-5-5-5-2-5-3-5-2-5-5	5-5-5-4-1-1-6-1-5-4-5-0	5-0-5-8-2-3-5-5-5-5-2-1	1-2-2-0-4-1-5-5-4-4-4-3	2-5-3-2-2-4-7-5-3-4-0-3	3-1-2-2-4-0-5-4-2-3-2-0	4-2-5-2-4-2-5-2-4-3-3-8	3-2-4-5-5-4-2-4-5-2-4-1	5-2-10-5-5-5-4-0-5-5-2-2	3-2-2-4-0-3-2-0-0-5-5-2
134	5	4-3-4-4-5-4-4-4-5-5-4-4	4-3-4-7-6-3-6-4-5-4-6-6	4-6-6-5-6-2-6-6-6-5-4-4	6-6-6-6-6-6-4-7-4-4-4-6	6-5-7-6-2-3-6-6-4-6-6-6	6-6-6-6-5-6-4-4-4-4-4-6	6-4-4-6-2-6-4-6-5-7-6-2	5-6-2-6-6-5-4-6-2-2-5-5	6-2-4-7-5-2-4-6-4-8-7-5	2-6-7-5-6-1-5-4-6-6-5-1	6-2-4-4-4-4-3-5-6-6-8-2	5-5-5-5-10-5-2-5-3-4-4-2
134	6	6-6-7-6-6-6-6-6-6-6-6-6	7-8-8-1-7-6-5-7-5-4-5-5	7-5-5-5-5-7-5-5-5-7-7-5	5-5-5-5-5-5-4-5-7-6-4-5	5-0-5-5-2-7-7-5-7-5-5-5	5-5-7-5-6-5-7-6-7-6-5-5	5-6-6-5-2-5-5-7-3-7-5-2	5-5-2-7-8-2-8-5-2-6-5-0	5-2-7-5-4-2-6-5-7-5-7-8	7-5-6-5-5-2-8-4-5-5-5-1	5-2-7-7-5-4-6-0-5-5-5-6	5-5-5-5-5-5-2-0-6-5-4-7
134	7	7-6-6-6-6-6-6-6-7-7-9-6	6-6-6-7-6-5-8-8-8-4-5-10	8-7-9-7-7-8-7-7-7-7-6-7	8-7-8-8-5-7-7-5-6-7-7-9	9-10-5-7-8-6-8-7-6-7-7-7	6-7-6-7-7-5-6-6-7-1-1-7	9-2-6-8-7-8-4-6-7-5-8-5	7-6-8-6-6-8-6-5-2-7-7-8	8-8-6-5-8-9-7-8-6-2-5-4	6-8-5-8-8-1-6-4-7-8-8-1	8-2-7-6-9-8-8-9-8-8-5-7	7-5-7-7-7-7-7-10-0-8-4-6
134	8	7-6-10-8-8-10-8-10-8-8-6-9	5-6-6-10-6-6-7-10-9-2-5-9	7-8-10-9-8-7-8-7-8-9-7-8	7-7-7-7-9-9-7-8-9-9-9-7	10-7-5-9-9-9-7-9-9-8-8-5	9-9-6-8-8-9-9-9-8-9-2-9	10-8-6-7-7-7-9-9-9-8-7-2	8-8-10-8-10-7-6-9-2-7-7-7	7-7-7-9-10-9-7-7-6-5-9-6	0-9-8-7-7-8-8-4-8-7-7-9	7-2-4-4-10-7-7-9-7-7-5-7	3-9-7-5-7-9-8-0-0-7-8-9
134	9	9-6-9-9-9-9-10-8-7-7-7-8	10-6-6-8-9-9-10-8-8-9-10-10	7-10-8-8-9-9-9-10-10-8-10-9	7-9-9-8-8-8-10-8-8-8-8-7	8-9-5-9-8-8-10-8-8-9-9-8	8-8-6-9-9-8-8-8-9-8-0-9	7-8-9-9-7-9-8-10-8-5-9-8	9-8-8-8-8-10-6-8-9-7-9-7	9-7-6-8-8-8-9-9-5-2-8-9	10-8-9-7-10-8-8-4-8-9-7-8	9-9-9-9-9-9-9-9-7-9-9-9	9-8-7-9-7-8-8-0-9-9-8-3
134	10	10-10-10-10-10-10-9-10-10-10-10-10	9-6-10-8-10-9-9-8-8-10-9-9	9-9-10-8-10-10-10-9-9-10-10-10	10-10-10-10-10-10-9-10-10-10-10-7	8-9-10-10-9-10-9-10-10-10-8-5	10-10-10-5-10-9-10-10-10-10-10-9	8-10-10-10-9-10-10-9-10-10-10-10	10-8-8-10-10-9-6-8-5-10-9-7	9-10-5-10-8-10-10-9-10-5-8-7	9-10-10-10-9-8-10-4-10-10-8-10	9-10-4-10-10-7-9-10-10-10-10-10	10-2-10-10-5-10-10-7-10-10-10-10
135	0	0-0-0-0-0-0-0-0-0-0-0-0	0-0-0-0-0-0-0-0-0-0-0-0	0-0-0-0-0-0-0-0-0-0-0-0	0-0-0-0-0-0-0-0-0-0-0-0	0-0-0-0-0-0-0-0-0-0-0-0	0-0-0-0-0-0-0-0-0-0-0-0	0-0-0-0-0-0-0-0-0-0-0-0	0-0-0-0-0-0-0-0-0-0-0-0	0-0-0-0-0-0-0-0-0-0-0-0	0-0-0-0-0-0-0-0-0-0-0-0	0-0-0-0-0-0-0-0-0-0-0-0	0-0-0-0-0-0-0-0-0-0-0-0
135	1	1-1-1-1-0-1-1-1-1-0-1-1	1-0-0-1-0-1-2-2-1-1-1-2	3-1-2-2-1-2-2-2-1-0-2-1	2-2-1-1-1-1-0-1-1-0-0-5	0-5-5-0-2-0-2-1-0-1-1-5	0-1-0-0-0-1-0-1-0-0-0-1	0-0-0-5-1-1-0-2-0-0-2-0	1-1-0-0-0-1-0-1-0-1-1-2	0-2-2-1-1-1-2-2-0-1-1-0	0-1-1-0-2-1-0-1-1-2-2-0	1-1-1-0-1-1-2-2-2-1-1-1	1-1-1-1-1-1-1-1-1-1-0-0
135	2	2-2-2-2-2-3-2-2-2-2-2-2	2-0-0-5-1-2-1-1-2-2-3-3	1-3-1-3-3-3-3-1-2-3-4-3	3-1-1-3-3-3-1-5-3-1-3-1	3-1-3-3-1-2-1-2-2-2-2-2	3-3-2-2-2-3-2-2-2-0-0-1	4-2-0-1-2-2-2-1-0-2-1-2	2-2-2-2-2-2-0-2-2-3-1-1	2-1-2-2-3-2-1-1-3-3-3-2	2-2-2-3-1-3-2-2-1-1-1-2	1-2-0-2-2-1-1-1-1-2-2-2	0-2-2-2-1-0-2-1-0-1-0-3
135	3	3-3-2-3-3-3-3-3-3-3-3-3	4-3-0-2-3-4-4-4-3-4-2-3	1-2-2-2-2-6-4-4-2-4-4-2	4-4-4-2-2-2-4-2-2-3-2-1	2-1-2-2-5-2-4-4-4-3-5-1	2-4-5-5-3-2-4-4-3-3-0-3	2-2-6-1-4-3-4-4-3-3-2-4	0-2-4-4-3-3-3-4-4-2-3-3	3-3-3-4-2-3-1-1-4-2-2-3	4-2-3-3-1-2-3-3-1-3-4-2	3-3-4-3-3-3-1-3-1-2-3-3	5-3-2-4-3-3-2-3-0-1-0-3
135	4	4-4-4-4-5-4-4-4-4-4-4-4	3-5-4-2-4-3-3-3-3-3-2-3	1-2-3-2-2-3-5-5-2-3-5-2	3-3-3-2-2-2-3-2-2-5-5-1	4-1-1-4-3-5-3-3-3-3-3-1	2-3-3-0-4-2-3-3-4-4-0-4	2-2-6-1-3-7-3-3-3-3-1-3	0-2-3-3-4-3-5-4-3-5-1-3	4-3-3-5-4-4-1-1-5-2-6-4	3-2-4-4-1-5-5-5-1-3-5-2	3-3-11-4-3-3-1-3-1-5-3-5	4-3-3-3-5-3-2-5-0-5-5-3
135	5	5-5-5-5-4-5-4-5-5-5-5-5	6-6-4-2-6-6-2-3-5-3-2-3	1-5-7-2-2-7-4-6-6-5-6-6	3-3-6-5-2-2-6-2-6-6-3-1	6-1-1-6-3-4-6-5-6-3-3-1	2-3-3-3-5-2-6-6-5-4-7-3	3-2-6-1-3-5-6-6-5-0-1-3	7-2-3-4-5-7-4-5-3-5-1-5	5-3-6-4-5-5-1-1-5-5-4-9	4-2-11-11-5-4-4-5-2-3-4-2	1-4-5-5-10-7-1-7-1-4-3-4	3-3-2-1-4-5-2-4-5-4-5-11
135	6	6-4-5-5-4-4-4-4-5-6-5-5	5-5-4-2-5-5-6-8-7-3-7-7	9-6-8-8-7-3-7-5-7-8-5-7	7-7-5-8-8-7-5-2-5-5-3-6	8-1-11-7-3-4-7-7-5-8-8-8	7-7-7-9-6-11-5-5-5-4-8-8	7-7-5-1-3-4-5-7-5-9-7-6	3-7-3-7-3-6-4-5-3-3-7-7	8-3-5-7-6-6-7-7-6-6-4-5	8-7-4-6-7-2-6-5-7-7-6-2	7-3-7-5-6-5-1-6-7-7-6-3	8-6-6-6-8-6-3-4-5-8-5-5
135	7	7-7-7-7-8-7-7-7-7-8-7-7	8-8-7-2-8-8-7-8-6-8-6-8	6-7-6-6-6-6-8-8-6-9-8-8	6-6-8-6-6-6-7-6-8-7-8-1	6-1-6-6-3-9-6-6-7-6-6-6	6-6-6-6-10-6-8-7-7-7-6-7	6-9-7-6-11-4-6-8-5-7-6-7	7-8-6-8-7-7-8-5-3-9-6-6	6-3-8-6-5-7-6-6-7-6-8-10	7-6-7-6-6-7-8-7-8-5-6-9	6-8-8-7-9-5-7-5-6-6-8-8	7-6-5-6-6-6-2-8-9-6-7-5
135	8	8-8-8-8-9-9-8-8-8-7-9-10	7-7-9-2-7-7-7-7-5-7-6-7	11-8-6-6-6-3-9-7-6-10-9-7	6-6-9-6-6-6-9-2-7-8-7-1	6-1-6-9-3-7-7-7-9-6-6-6	6-6-3-6-8-6-9-7-8-8-6-7	6-7-9-1-7-5-9-7-9-7-6-6	8-7-9-7-7-5-7-8-3-8-6-6	6-3-9-6-8-6-7-6-8-7-7-7	6-2-8-8-6-2-7-7-7-3-6-11	6-9-7-10-7-5-7-6-6-9-7-7	7-6-6-6-6-8-2-7-10-6-7-5
135	9	9-8-8-8-8-8-7-9-9-11-8-8	11-8-8-11-10-7-10-11-10-10-10-10	6-10-6-10-6-10-8-10-10-7-8-10	10-10-10-10-9-10-8-2-8-9-8-9	6-10-9-8-10-7-10-10-8-9-9-9	7-10-3-6-8-6-8-7-8-3-0-10	10-7-8-9-10-9-8-7-8-7-11-6	8-8-8-10-7-4-7-7-9-10-11-9	10-3-8-9-9-7-9-9-8-7-11-5	11-9-9-10-9-9-6-7-9-9-10-7	9-8-9-8-7-9-9-9-10-7-6-3	9-6-6-9-9-9-2-9-8-10-7-5
135	10	7-11-11-10-7-11-8-11-11-9-8-8	9-8-8-11-9-7-9-9-9-9-11-9	6-9-11-9-10-9-9-9-9-8-9-9	9-9-9-9-9-9-9-2-8-9-8-10	6-9-10-8-9-10-9-9-8-9-8-10	10-10-8-10-7-6-8-8-9-8-7-9	9-2-8-9-9-9-8-9-8-7-10-7	8-10-9-9-3-10-7-7-10-9-9-9	9-3-6-3-10-7-9-9-5-6-4-7	9-9-9-9-10-2-6-7-9-9-9-2	9-3-9-8-5-10-9-9-9-10-6-3	9-6-10-9-9-9-7-8-8-9-7-5
135	11	11-11-11-11-11-11-11-11-11-9-11-11	9-8-11-10-11-11-9-9-9-11-10-9	8-11-11-10-11-11-11-11-9-11-11-11	9-11-9-11-11-11-5-11-11-11-11-6	11-9-6-11-11-11-9-11-8-11-6-6	11-11-11-11-11-6-11-11-11-11-11-9	6-11-11-11-7-11-11-11-11-11-9-11	11-11-6-11-11-10-7-6-6-9-9-11	9-11-11-11-2-11-11-6-11-7-9-5	9-11-11-11-11-2-11-7-9-11-11-11	9-11-11-8-7-11-9-11-11-11-11-11	7-11-11-9-9-11-11-11-11-11-7-5
136	0	0-0-0-0-0-0-0-0-0-0-0-0	0-0-0-0-0-0-0-0-0-0-0-0	0-0-0-0-0-0-0-0-0-0-0-0	0-0-0-0-0-0-0-0-0-0-0-0	0-0-0-0-0-0-0-0-0-0-0-0	0-0-0-0-0-0-0-0-0-0-0-0	0-0-0-0-0-0-0-0-0-0-0-0	0-0-0-0-0-0-0-0-0-0-0-0	0-0-0-0-0-0-0-0-0-0-0-0	0-0-0-0-0-0-0-0-0-0-0-0	0-0-0-0-0-0-0-0-0-0-0-0	0-0-0-0-0-0-0-0-0-0-0-0
136	1	1-1-1-0-1-0-0-1-1-1-1-1	1-0-0-2-0-1-2-2-1-0-1-2	2-2-3-2-2-2-2-0-0-0-0-0	2-2-1-2-2-2-0-3-2-3-0-2	3-2-2-2-2-0-2-2-0-0-3-3	2-2-3-1-1-2-2-2-0-0-0-0	0-2-1-0-0-0-0-2-1-1-2-0	1-2-2-2-2-1-0-3-2-0-1-1	0-2-1-2-3-2-1-0-2-1-1-2	2-1-1-0-0-2-2-0-2-1-0-0	0-0-0-0-1-0-0-1-0-2-1-1	1-0-2-2-0-1-2-0-0-0-0-0
136	2	2-2-2-2-2-2-2-2-2-2-2-2	2-3-3-1-2-2-1-3-1-2-1-2	1-2-1-1-1-1-3-3-2-2-3-2	1-1-2-1-1-1-0-1-1-1-3-1	1-1-1-1-1-3-1-1-3-2-1-1	1-1-1-2-2-1-3-1-2-2-2-2	2-1-3-0-2-0-3-1-0-0-1-2	0-1-1-1-2-2-3-1-1-2-2-2	2-1-2-1-1-1-1-2-1-2-1-2	1-1-2-3-3-1-1-4-1-2-2-2	2-2-3-3-3-0-1-2-0-1-1-1	0-2-1-1-0-2-1-2-5-2-4-3
136	3	2-3-2-2-3-2-3-2-3-2-2-5	4-2-2-3-4-3-3-4-4-2-3-3	6-4-4-1-1-4-4-4-3-2-2-4	4-4-4-1-1-1-5-1-1-1-2-7	1-4-1-1-4-2-4-1-2-3-1-1	1-3-1-3-3-1-2-3-0-0-0-3	1-2-2-3-4-4-2-3-0-4-3-4	3-1-1-3-3-4-2-1-4-3-6-4	3-3-4-1-6-3-4-3-6-12-1-0	3-3-3-2-2-3-1-0-3-4-4-3	4-3-2-2-2-3-4-3-4-3-3-3	3-3-3-3-3-3-3-3-2-3-0-2
136	4	6-3-4-4-4-2-5-2-4-4-4-2	3-2-2-4-3-5-3-3-3-2-5-5	3-3-3-5-4-5-5-5-3-5-5-5	5-3-3-5-5-5-3-8-5-1-4-8	5-3-6-5-3-4-3-4-3-7-5-1	6-3-5-4-4-6-5-5-2-0-12-5	6-4-2-3-3-3-4-3-0-4-5-6	4-4-4-4-4-3-2-5-3-3-4-3	3-3-3-3-5-2-3-3-6-4-4-4	3-6-3-3-2-5-6-2-3-3-3-4	3-4-2-2-2-4-3-3-3-5-1-3	3-4-3-3-3-3-4-3-2-3-2-2
136	5	6-5-4-5-5-5-5-5-5-5-5-5	6-5-2-4-5-3-6-5-6-6-5-6	3-4-4-4-4-6-4-4-3-7-5-6	4-6-3-4-4-4-3-4-4-5-4-3	4-3-4-4-6-4-6-6-5-5-4-4	4-7-7-10-5-7-6-4-6-5-10-5	4-5-2-5-6-5-6-6-5-5-4-8	5-4-8-6-5-3-2-7-10-5-4-7	5-3-5-5-5-7-10-6-6-5-4-6	6-10-3-6-4-4-6-5-3-3-3-4	5-5-2-2-6-5-3-3-10-6-7-5	3-5-3-3-5-5-5-3-2-6-0-6
136	6	6-6-6-6-6-6-6-6-6-6-6-6	5-10-7-4-5-3-5-7-5-5-7-7	3-5-5-4-4-5-7-8-3-8-7-7	4-5-7-4-4-4-7-4-7-7-8-3	4-3-4-4-5-8-5-7-5-8-10-1	4-5-5-5-2-4-7-7-5-6-4-6	4-6-8-5-5-8-7-7-6-6-4-5	7-4-4-5-6-6-6-5-7-6-3-5	6-3-5-5-6-6-3-5-7-7-7-5	5-4-6-8-6-6-7-12-3-5-3-7	5-5-15-6-7-7-3-3-5-7-7-7	3-5-3-3-3-5-4-6-13-7-6-5
136	7	7-7-7-7-7-7-7-7-8-7-7-7	8-8-6-4-8-8-9-9-5-5-8-6	3-7-4-6-8-5-6-7-8-5-8-6	5-6-8-4-4-5-6-4-8-6-6-3	4-3-4-8-5-6-7-8-8-5-1-4	4-5-5-5-7-5-8-6-7-7-9-5	4-5-10-3-5-8-7-8-8-7-3-5	6-4-5-6-5-6-10-5-6-6-3-5	8-3-5-5-7-5-6-5-6-11-6-8	12-5-7-6-7-7-6-13-4-3-9-6	5-5-8-2-6-6-3-3-3-6-5-6	3-5-3-3-5-7-4-6-6-6-8-8
136	8	7-6-7-7-5-9-8-8-7-8-8-7	7-6-6-4-7-7-6-8-9-10-8-9	4-8-9-4-7-6-9-6-7-6-7-8	9-6-7-9-4-5-9-4-7-7-6-4	4-3-4-11-5-6-9-7-7-10-6-1	5-5-9-5-7-4-7-8-7-8-7-6	4-8-6-3-5-6-7-7-7-7-4-5	6-4-5-9-9-3-7-5-5-6-10-5	3-3-5-8-5-9-3-9-10-10-8-10	5-5-8-6-10-10-8-13-3-3-3-4	8-11-7-2-7-9-3-3-5-5-10-5	8-10-8-3-3-8-8-8-6-8-7-7
136	9	9-14-7-9-9-8-7-10-7-9-9-8	8-7-6-4-7-8-10-7-8-8-11-8	3-10-11-11-8-8-8-11-11-11-8-10	8-7-9-8-11-11-8-4-8-6-6-8	8-6-4-10-5-6-8-7-10-11-10-9	5-6-10-11-9-4-7-8-9-9-7-8	4-9-9-3-5-9-9-7-9-14-4-10	6-9-5-8-8-3-7-5-5-9-10-5	5-3-5-5-5-8-3-8-8-8-9-8	10-5-9-6-10-8-7-13-9-3-3-9	5-8-11-2-10-8-3-5-5-5-8-5	8-5-8-3-8-8-10-8-6-8-7-7
136	10	10-9-11-9-10-9-10-15-10-10-11-11	8-6-6-12-7-8-9-9-8-8-12-8	11-11-11-9-9-5-11-11-9-8-11-9	11-11-11-11-12-10-8-11-8-6-6-10	11-3-12-9-5-6-11-11-9-9-11-11	11-11-9-5-9-11-6-6-7-9-5-10	15-9-9-3-11-10-7-11-9-10-11-5	5-10-15-11-10-10-7-15-5-8-10-5	11-3-5-11-10-8-3-11-8-8-10-8	9-5-10-7-11-8-11-7-11-3-11-12	5-8-7-2-9-10-3-3-5-7-8-5	8-8-10-3-11-8-9-6-6-10-7-9
136	11	11-11-12-11-11-11-11-11-11-14-10-11	12-14-11-10-12-8-9-12-8-12-10-8	10-10-10-9-8-11-10-9-9-13-12-9	10-11-13-10-9-10-13-10-12-13-12-10	10-3-10-8-5-12-12-10-12-11-10-10	10-10-12-9-11-10-12-11-11-11-13-11	10-13-11-3-15-11-10-10-9-11-10-11	6-10-10-10-12-12-13-12-5-11-15-5	10-3-5-10-7-8-3-10-12-7-11-13	3-10-6-11-10-10-10-13-10-3-10-10	3-8-7-13-13-10-3-5-10-5-8-5	13-10-8-3-10-8-9-6-10-10-7-11
136	12	11-9-11-11-11-11-12-15-11-14-11-12	15-11-11-13-11-14-13-11-8-11-10-13	12-13-10-9-12-12-11-13-13-11-11-9	13-13-12-13-10-10-14-10-11-11-11-10	10-13-10-12-13-11-13-13-11-12-12-12	12-10-11-12-13-10-11-11-13-12-4-14	14-11-14-5-12-12-7-14-13-14-13-12	12-10-11-11-11-13-11-11-10-12-12-13	12-12-14-13-10-8-12-13-8-13-8-8	14-10-10-14-13-8-11-6-13-13-13-10	13-8-12-15-9-10-13-14-13-11-8-5	14-10-12-10-13-8-9-13-14-13-7-11
136	13	11-14-11-11-11-12-12-15-11-15-15-11	12-11-11-13-11-12-12-12-8-8-11-12	12-12-12-15-13-13-14-12-12-11-12-9	12-12-11-12-14-14-11-10-11-11-12-10	14-12-14-13-12-14-12-14-11-9-13-13	14-12-11-13-12-12-11-11-12-13-5-12	15-14-11-3-12-13-7-12-14-10-12-14	12-13-14-13-13-12-11-15-5-12-12-12	12-12-5-14-14-8-3-14-8-12-14-8	12-5-13-12-12-8-11-8-12-12-12-14	12-5-7-11-9-10-12-5-12-5-8-13	12-5-12-14-12-8-9-12-6-12-7-11
136	14	11-15-15-14-14-15-12-13-11-11-15-9	15-11-7-13-11-12-14-13-15-11-15-15	12-15-15-13-14-14-13-14-14-13-14-14	14-12-15-15-13-13-12-10-11-14-14-14	13-15-13-13-15-13-15-13-11-14-14-13	13-14-11-14-12-15-11-11-14-13-14-12	14-13-12-14-12-14-7-12-14-12-12-13	14-13-13-13-11-15-11-13-13-12-12-15	14-14-12-13-13-14-14-13-8-12-13-8	12-13-10-12-15-13-11-8-14-12-15-13	12-14-14-14-9-10-14-12-14-10-8-5	12-5-12-13-14-8-9-12-6-14-7-13
136	15	15-15-15-15-15-15-15-15-15-15-15-15	14-11-15-13-15-15-14-13-14-15-14-14	14-14-15-13-15-15-15-14-14-15-15-15	14-15-15-15-15-15-12-15-15-15-15-14	13-14-15-15-14-15-14-15-15-15-4-10	15-15-15-15-15-14-15-15-15-15-15-15	10-15-15-15-11-15-15-14-15-15-13-13	15-10-10-15-15-14-11-10-10-15-11-14	14-15-8-15-13-15-15-13-15-8-10-8	7-15-15-15-15-8-15-11-15-15-14-15	12-15-6-12-9-8-14-15-15-15-15-15	15-15-15-3-15-15-15-12-15-15-15-15
137	0	0-0-0-0-0-0-0-0-0-0-0-0	0-0-0-0-0-0-0-0-0-0-0-0	0-0-0-0-0-0-0-0-0-0-0-0	0-0-0-0-0-0-0-0-0-0-0-0	0-0-0-0-0-0-0-0-0-0-0-0	0-0-0-0-0-0-0-0-0-0-0-0	0-0-0-0-0-0-0-0-0-0-0-0	0-0-0-0-0-0-0-0-0-0-0-0	0-0-0-0-0-0-0-0-0-0-0-0	0-0-0-0-0-0-0-0-0-0-0-0	0-0-0-0-0-0-0-0-0-0-0-0	0-0-0-0-0-0-0-0-0-0-0-0
137	1	1-1-1-1-1-1-1-1-1-1-1-1	1-1-1-1-1-1-0-0-1-0-1-0	5-2-2-2-2-2-2-0-0-2-0-3	2-0-0-3-2-2-0-2-2-0-1-0	2-0-2-2-1-1-0-2-1-0-3-1	1-0-1-1-1-8-1-1-1-1-1-1	1-1-1-1-1-1-1-0-1-1-1-1	1-1-1-1-1-1-1-2-1-0-1-0	0-0-1-1-2-1-0-2-1-1-1-1	2-1-0-3-0-2-0-1-0-0-0-1	0-1-0-0-0-0-0-0-0-1-1-1	0-1-4-1-0-1-1-0-1-1-2-1
137	2	2-2-2-2-2-2-2-2-2-2-2-2	2-2-2-1-2-2-3-3-2-3-1-2	1-4-1-1-1-5-3-3-1-3-2-1	1-3-3-1-1-1-3-1-1-2-1-1	1-2-1-1-3-2-3-3-2-2-1-2	1-4-4-3-2-0-3-1-2-2-9-2	2-2-2-2-3-2-2-2-2-2-3-5	2-1-3-3-2-2-2-1-9-2-2-2	2-3-2-2-1-3-2-1-1-2-1-1	3-9-2-2-2-1-3-3-3-2-1-1	2-9-2-0-2-2-0-2-2-3-2-2	0-2-1-2-2-2-2-0-2-2-1-2
137	3	3-3-3-3-3-3-3-3-3-3-3-3	4-4-3-1-3-3-2-2-2-2-2-5	1-2-2-4-1-2-4-4-4-2-4-4	1-2-2-1-1-1-2-1-1-4-5-0	1-0-1-3-2-5-2-4-2-3-1-2	1-3-2-2-3-1-4-3-2-3-3-3	2-1-3-2-2-3-3-4-3-3-2-3	3-3-4-2-4-2-3-2-2-4-3-0	5-2-2-2-6-2-3-4-3-3-5-3	4-1-3-5-3-4-2-2-4-2-5-4	3-12-2-0-4-2-0-2-2-2-2-2	3-2-1-2-4-8-3-4-5-3-8-3
137	4	4-4-4-4-3-5-3-4-4-4-4-4	5-3-5-1-3-3-3-5-5-2-2-5	1-2-3-3-1-2-3-3-6-2-3-3	4-2-5-5-2-2-5-1-5-5-3-0	1-0-1-5-2-3-5-3-5-2-1-4	1-2-2-2-4-1-5-5-4-5-4-2	2-5-4-3-2-3-5-5-5-4-1-3	3-3-3-3-3-0-4-5-2-8-2-2	3-0-5-2-4-2-4-3-5-4-4-3	3-2-4-5-3-3-5-8-3-2-4-3	4-3-5-4-3-4-3-2-2-3-2-2	6-4-1-2-3-3-1-3-4-6-6-4
137	5	4-4-5-5-5-4-5-4-5-3-4-5	4-3-4-7-5-4-6-6-6-4-6-4	6-6-6-6-6-2-6-6-7-4-4-6	6-6-6-8-7-7-4-7-4-4-3-5	7-0-1-6-2-3-6-6-4-7-8-7	7-7-6-2-4-7-4-4-4-4-7-2	5-4-2-2-2-3-4-6-4-4-6-6	3-6-1-6-3-0-4-8-2-5-8-0	6-0-4-2-4-6-0-6-5-5-3-8	3-2-7-3-5-4-4-7-4-0-3-5	4-3-4-7-5-4-0-5-2-8-5-2	4-5-5-5-3-3-1-0-3-5-3-2
137	6	6-6-6-6-6-6-6-6-6-6-6-6	4-8-4-1-5-7-5-7-5-7-5-6	5-6-5-5-5-7-7-8-7-6-7-5	5-6-5-5-5-5-7-5-5-5-6-0	5-0-1-5-2-8-5-5-6-6-5-5	5-5-5-2-6-5-7-7-2-6-5-6	2-6-6-5-7-3-8-7-4-4-5-5	6-8-7-7-6-6-8-7-2-9-7-0	5-2-7-2-4-9-7-5-7-5-6-7	7-7-6-6-5-8-7-4-7-0-5-7	0-7-4-4-7-10-7-6-5-2-6-7	4-5-5-4-3-2-7-8-8-9-3-8
137	7	7-7-6-6-7-6-7-7-7-7-7-6	4-8-8-5-5-6-9-8-5-6-5-8	5-7-5-5-5-6-8-7-6-8-8-8	7-7-8-5-5-5-7-5-8-7-8-5	5-0-1-8-2-6-8-7-8-5-5-5	5-5-6-2-7-5-8-6-7-8-5-6	2-6-7-7-6-7-8-6-7-7-0-7	7-6-6-6-6-0-6-6-2-7-6-0	7-0-8-2-7-6-6-6-8-10-6-6	6-6-10-6-8-6-6-5-6-7-3-6	6-6-4-7-6-5-6-5-11-5-6-6	4-5-5-5-12-5-6-7-8-5-7-6
137	8	7-6-7-10-10-8-6-7-7-7-7-7	7-7-7-9-5-6-11-7-8-6-5-7	8-9-9-9-5-9-7-9-8-7-7-7	8-8-10-5-5-8-7-5-7-9-7-8	1-11-10-7-9-6-7-9-7-8-5-8	10-8-6-2-8-9-7-8-6-7-7-8	10-6-6-8-6-8-7-6-7-6-8-7	7-6-8-8-6-8-6-5-2-9-8-0	8-0-7-2-9-10-10-10-7-6-6-5	8-8-8-8-7-6-7-4-9-10-8-5	8-3-6-6-5-12-11-8-10-5-8-8	8-5-8-8-8-8-8-7-7-5-3-6
137	9	11-9-10-10-9-10-12-10-10-10-9-9	10-7-11-10-10-11-10-10-10-10-10-10	9-8-10-11-10-10-10-9-10-10-10-9	8-9-8-9-10-10-7-5-9-10-9-8	10-8-9-10-8-9-10-10-8-9-5-10	9-10-10-11-6-10-10-9-4-7-2-10	8-10-6-8-10-8-7-10-4-11-10-10	11-9-12-10-10-8-6-10-2-8-9-2	2-0-2-10-12-6-8-10-7-12-10-6	10-10-8-8-10-9-10-4-8-8-10-9	12-10-4-7-8-9-12-8-0-10-8-2	4-5-8-8-11-3-9-7-7-6-3-6
137	10	9-10-9-9-9-9-10-9-9-9-9-9	9-11-7-9-9-9-9-9-9-9-9-9	8-9-9-9-9-9-9-11-9-9-11-10	9-9-8-9-9-9-11-5-11-11-9-8	9-8-8-10-8-11-11-9-11-10-5-9	9-9-11-9-10-9-11-10-10-10-11-10	8-11-10-8-11-10-11-9-10-10-9-9	10-9-11-9-9-8-6-9-2-11-12-0	8-9-11-9-10-8-8-8-11-11-9-6	11-9-7-11-9-11-9-11-9-8-9-9	9-9-11-11-11-6-0-2-8-9-9-9	11-5-8-8-9-10-9-10-11-10-12-7
137	11	9-9-10-9-9-9-10-10-9-7-10-9	9-10-9-8-9-9-8-9-9-10-9-12	8-11-9-9-9-9-10-10-9-10-10-11	11-8-8-9-9-9-10-5-10-10-9-8	9-8-8-11-8-10-12-9-10-10-5-9	9-11-10-9-11-11-10-10-10-10-10-11	12-10-10-8-10-11-10-10-10-11-11-11	9-9-8-11-9-8-6-11-11-10-9-0	12-0-10-11-9-8-8-11-10-10-11-5	10-2-8-11-11-10-11-10-11-8-11-9	11-2-10-10-10-9-12-8-11-11-8-11	10-11-8-8-8-8-11-7-10-10-10-6
137	12	12-12-12-12-12-12-9-12-12-9-12-12	9-10-12-9-9-9-9-9-9-12-9-11	10-12-12-9-12-12-12-12-9-12-12-12	11-12-11-12-12-12-7-5-12-12-12-8	9-8-12-12-12-12-11-12-10-12-1-11	12-12-12-12-12-12-11-12-12-12-12-11	11-12-12-12-11-12-12-10-12-12-8-9	12-12-9-12-12-9-12-9-11-11-10-12	11-12-12-12-9-12-12-9-12-9-9-8	8-12-12-12-12-9-12-10-12-12-12-12	12-12-4-7-10-8-12-12-12-12-12-12	12-12-12-8-7-12-12-12-12-12-12-12
138	0	0-0-0-0-0-0-0-0-0-0-0-0	0-0-0-0-0-0-0-0-0-0-0-0	0-0-0-0-0-0-0-0-0-0-0-0	0-0-0-0-0-0-0-0-0-0-0-0	0-0-0-0-0-0-0-0-0-0-0-0	0-0-0-0-0-0-0-0-0-0-0-0	0-0-0-0-0-0-0-0-0-0-0-0	0-0-0-0-0-0-0-0-0-0-0-0	0-0-0-0-0-0-0-0-0-0-0-0	0-0-0-0-0-0-0-0-0-0-0-0	0-0-0-0-0-0-0-0-0-0-0-0	0-0-0-0-0-0-0-0-0-0-0-0
138	1	1-1-1-1-1-0-1-1-1-1-1-1	1-0-0-2-1-1-2-0-2-0-2-0	2-2-2-2-2-2-2-0-0-0-2-1	2-2-2-2-2-2-0-2-2-0-0-2	4-2-7-5-2-0-2-2-0-1-1-1	0-2-4-1-1-2-2-1-0-0-0-3	2-0-0-1-2-0-0-2-2-0-2-0	1-1-1-2-2-1-0-4-2-1-1-0	1-2-2-2-1-2-1-1-0-1-1-2	2-1-1-2-0-1-2-0-2-1-1-0	1-2-1-0-0-1-1-0-2-1-1-1	1-2-1-1-1-0-1-1-2-1-1-0
138	2	2-2-2-2-2-2-2-2-2-2-2-2	3-3-2-1-1-2-1-3-1-2-1-1	1-1-1-1-1-1-1-3-3-3-3-1	1-1-3-1-1-1-0-1-3-3-3-1	2-1-1-1-1-2-1-1-3-2-1-1	3-1-1-1-2-1-4-1-3-2-4-1	1-2-0-3-1-2-3-1-2-0-1-4	2-4-1-1-3-2-4-1-1-2-5-0	2-1-1-1-2-1-1-1-2-2-2-2	1-2-2-1-2-1-1-0-1-3-1-2	1-3-2-3-3-2-1-0-1-1-2-0	2-1-1-1-1-2-1-1-1-1-3-2
138	3	2-2-5-3-3-2-3-2-2-2-3-2	2-2-2-3-4-2-3-4-1-3-5-4	4-5-4-3-3-1-4-4-6-2-2-4	4-4-2-4-1-3-4-1-2-2-4-3	2-4-1-3-4-2-4-3-2-4-3-3	2-1-1-3-4-14-2-3-2-0-0-4	3-2-3-2-3-3-2-4-3-4-4-2	5-2-12-2-2-7-2-1-3-3-4-4	3-3-3-1-3-0-3-3-2-2-1-3	4-6-0-3-0-3-2-5-1-2-4-2	6-2-2-4-2-3-6-0-3-1-2-3	2-3-1-1-3-3-1-3-3-3-2-0
138	4	4-2-5-6-4-3-4-4-2-4-2-6	4-2-2-3-3-4-6-3-5-3-3-3	3-3-3-3-1-5-3-3-3-3-3-3	3-3-5-3-7-5-3-1-6-2-5-6	5-3-9-1-4-2-3-5-2-3-3-3	2-1-1-3-3-7-2-5-4-4-2-3	7-2-4-4-3-4-2-3-3-3-3-2	3-2-3-1-0-5-2-1-4-1-3-3	4-3-4-1-7-4-4-4-2-2-4-7	3-4-5-1-4-4-5-0-5-1-3-2	3-2-4-3-4-3-3-4-4-4-4-4	4-4-3-4-4-4-4-3-4-4-4-0
138	5	8-5-3-5-5-5-5-5-5-5-5-5	6-5-2-3-5-4-4-6-5-6-3-6	3-3-4-7-1-6-4-3-3-6-6-3	6-6-4-6-7-7-3-1-5-5-6-3	7-3-3-1-7-6-6-6-6-5-7-5	6-2-7-7-5-11-6-6-5-5-0-4	4-5-5-6-6-4-5-7-5-5-6-7	8-2-6-6-5-4-2-6-7-8-7-3	3-8-6-6-5-7-4-6-5-5-4-5	6-7-4-2-6-6-7-2-4-7-3-6	5-8-6-3-6-5-3-5-8-7-4-5	5-6-4-4-4-5-5-5-10-4-2-6
138	6	6-5-6-6-6-6-6-6-6-6-6-6	5-7-6-3-5-5-4-5-5-5-7-5	4-3-3-3-7-5-7-3-3-5-7-7	5-5-7-5-5-5-7-1-7-6-5-4	5-3-1-6-5-7-5-5-5-5-5-1	5-5-5-5-5-3-7-6-5-9-0-4	1-11-6-5-5-4-5-7-6-7-5-6	2-6-5-5-5-3-6-5-5-6-3-3	3-1-5-5-14-5-4-7-7-6-7-5	5-5-6-7-4-5-5-6-7-5-3-5	7-5-5-6-5-4-3-5-5-5-7-5	5-5-1-7-7-5-5-5-6-3-2-6
138	7	7-7-6-7-7-8-7-7-7-8-8-6	8-8-6-3-10-7-4-8-4-5-6-8	4-7-3-5-8-10-8-7-8-5-8-6	5-5-6-5-4-5-8-1-8-8-5-4	5-3-1-7-5-6-8-7-8-5-5-1	5-1-5-5-7-4-8-5-7-7-12-6	4-5-7-4-5-4-8-8-7-7-4-5	0-7-5-5-5-3-7-5-5-6-5-3	3-3-6-5-4-5-4-6-6-8-6-8	7-5-7-6-8-8-5-8-6-5-3-5	6-5-8-7-8-4-3-8-5-5-6-6	8-7-1-6-6-5-5-5-7-3-8-6
138	8	5-8-12-9-5-9-8-8-6-9-7-7	7-7-6-9-7-9-9-9-9-6-9-9	3-9-9-10-10-9-9-9-9-5-7-9	10-9-8-10-9-9-7-10-7-7-5-3	9-3-8-10-5-6-9-9-7-10-12-9	9-10-9-5-8-12-9-11-9-7-9-9	10-6-7-9-9-10-7-7-5-8-9-8	5-9-5-9-5-4-7-10-5-5-8-3	9-5-5-9-11-8-9-9-7-7-6-7	8-9-8-8-9-7-8-7-8-9-8-9	10-5-8-6-7-8-3-7-9-8-8-5	7-8-8-10-10-8-5-8-3-3-7-8
138	9	9-9-8-9-10-10-9-9-10-11-9-11	7-9-9-8-11-10-8-11-8-10-8-8	14-8-8-8-8-8-8-8-10-9-10-10	8-8-8-8-8-8-11-8-10-9-10-4	8-3-4-8-8-10-8-8-9-8-8-8	8-8-8-5-10-3-8-9-9-9-8-8	8-11-10-8-14-9-5-10-6-9-8-8	0-11-5-8-9-8-11-10-5-6-8-3	8-12-5-10-12-13-10-8-10-8-10-10	10-10-9-8-8-10-10-7-10-8-10-10	3-10-9-6-8-10-3-7-8-8-9-9	7-8-8-8-8-8-5-8-9-3-7-9
138	10	10-10-10-10-13-9-10-10-10-10-10-10	8-11-9-8-11-11-8-12-8-11-8-8	3-10-8-8-8-8-8-8-9-11-11-9	8-11-11-8-8-8-10-8-11-12-11-4	8-3-4-8-5-9-11-11-12-8-8-8	8-8-8-5-11-8-11-9-10-11-8-8	8-9-9-4-9-10-11-11-11-10-8-8	10-9-5-11-9-3-9-5-8-10-8-3	8-9-11-9-10-10-9-8-9-10-9-9	9-9-8-11-8-9-9-13-9-5-9-11	8-9-11-10-14-9-3-13-8-9-11-9	13-8-1-8-8-8-9-8-11-3-14-10
138	11	9-9-6-10-10-12-10-10-10-10-7-9	11-10-9-12-12-10-12-9-8-10-12-12	13-12-12-12-10-12-12-12-12-10-10-10	12-12-13-8-12-12-10-8-10-11-10-12	8-11-12-12-12-9-12-12-10-8-8-8	12-12-9-5-10-12-10-10-10-10-0-12	12-9-10-12-12-13-10-10-10-10-12-12	10-9-13-12-12-11-9-5-11-11-11-3	13-3-10-12-8-9-12-12-10-9-12-12	9-11-11-10-10-9-10-10-13-12-12-10	11-9-10-3-12-11-3-11-12-8-10-5	10-8-11-11-11-8-5-11-10-11-10-10
138	12	12-12-12-12-12-12-9-10-12-12-13-12	7-14-10-13-11-9-11-10-14-13-11-11	11-11-11-8-8-14-11-11-11-13-13-11	11-11-11-8-8-11-13-8-13-10-13-11	8-3-11-8-11-13-11-11-13-12-8-8	11-11-10-11-10-8-13-12-10-12-7-11	11-12-13-11-11-12-14-13-12-9-11-11	0-9-3-11-11-4-10-5-5-12-14-3	11-9-13-11-10-10-11-11-13-9-11-14	11-11-12-13-8-11-8-10-11-11-11-5	3-14-10-12-11-10-3-11-11-8-13-12	10-8-1-11-8-8-12-13-13-11-12-13
138	13	13-13-13-14-14-14-14-13-12-14-13-14	14-10-12-13-14-14-14-14-14-14-14-14	13-13-14-14-13-13-13-11-14-12-13-11	11-11-11-14-13-13-12-13-12-10-12-13	13-11-13-13-12-12-14-13-12-13-13-8	13-11-14-13-10-3-12-14-10-10-0-14	14-12-12-11-12-11-10-12-12-12-13-14	10-13-14-13-13-4-9-5-5-11-11-3	11-9-12-13-14-9-11-11-12-10-13-12	11-11-11-12-13-13-13-10-11-5-11-14	13-12-13-7-14-13-3-11-11-13-9-13	10-13-13-11-11-8-13-12-12-11-12-12
138	14	14-14-14-14-14-14-13-14-14-13-14-14	13-12-14-13-13-13-13-13-13-14-13-13	13-14-13-13-14-13-14-14-13-14-14-14	13-14-13-13-14-14-12-14-14-14-14-13	5-3-14-14-14-14-13-14-10-14-8-8	14-14-13-13-14-3-12-14-14-14-14-13	13-14-14-14-9-14-12-14-14-14-13-13	14-13-13-13-14-3-9-13-11-14-12-14	11-14-14-14-13-14-14-13-12-13-13-12	9-14-14-14-14-7-14-13-11-14-3-14	13-12-10-10-10-5-13-5-14-14-14-14	13-14-14-11-8-14-14-12-14-14-10-12
139	0	0-0-0-0-0-0-0-0-0-0-0-0	0-0-0-0-0-0-0-0-0-0-0-0	0-0-0-0-0-0-0-0-0-0-0-0	0-0-0-0-0-0-0-0-0-0-0-0	0-0-0-0-0-0-0-0-0-0-0-0	0-0-0-0-0-0-0-0-0-0-0-0	0-0-0-0-0-0-0-0-0-0-0-0	0-0-0-0-0-0-0-0-0-0-0-0	0-0-0-0-0-0-0-0-0-0-0-0	0-0-0-0-0-0-0-0-0-0-0-0	0-0-0-0-0-0-0-0-0-0-0-0	0-0-0-0-0-0-0-0-0-0-0-0
139	1	0-0-0-0-0-0-0-0-0-0-0-0	0-0-0-0-0-0-0-0-0-0-0-0	2-0-0-0-1-0-2-0-0-0-0-1	0-0-0-0-1-0-0-0-0-0-0-5	0-0-1-0-2-0-0-0-0-0-1-1	0-2-0-0-0-0-0-1-0-0-0-0	0-1-0-2-1-0-0-1-1-0-0-1	1-0-1-1-0-0-0-0-10-0-0-0	0-0-2-1-0-0-10-1-0-1-0-0	0-0-0-1-1-0-1-0-1-3-0-0	0-0-0-0-0-0-0-0-0-1-0-0	5-0-1-1-0-0-0-0-0-0-0-0
139	2	2-2-2-2-2-0-0-2-2-0-0-0	0-0-0-2-0-0-0-1-0-0-3-3	3-3-3-4-3-3-3-3-0-2-0-3	3-1-3-3-2-3-0-5-2-2-2-1	3-0-3-4-1-2-3-3-2-2-2-2	3-1-2-0-0-4-3-2-0-2-11-3	4-2-2-1-2-0-2-3-0-2-3-2	2-2-3-2-2-1-2-3-2-0-3-0	2-0-1-0-3-2-1-3-2-2-2-2	3-2-0-0-3-3-1-2-2-1-0-3	0-2-0-0-0-0-0-0-0-2-2-2	1-2-2-0-0-2-2-0-3-0-3-0
139	3	4-3-2-3-3-3-3-3-3-3-3-3	4-3-0-2-3-4-4-3-3-4-2-4	2-4-2-2-2-8-2-4-0-3-4-2	5-4-4-2-2-2-3-2-2-3-2-1	2-0-2-2-4-2-4-2-3-3-5-2	2-4-5-3-3-2-4-2-4-3-13-3	2-3-3-3-4-3-3-4-3-4-2-6	3-2-2-4-5-4-4-7-6-0-5-0	3-8-4-3-2-3-8-4-0-3-2-3	4-3-3-0-2-2-4-3-4-6-3-2	3-3-3-0-3-3-3-3-6-4-3-3	1-3-5-4-0-3-3-3-2-4-2-3
139	4	4-4-4-4-4-4-4-4-4-4-4-4	3-4-5-2-3-4-3-5-3-3-2-5	2-3-3-2-2-3-5-6-5-6-5-5	3-3-3-3-2-2-5-2-4-5-5-1	2-0-2-2-3-6-3-3-3-6-6-2	3-3-3-3-3-2-5-5-3-4-2-4	2-3-5-3-3-6-5-5-4-3-2-3	5-2-2-3-4-4-3-3-5-5-3-0	4-3-3-3-0-3-1-3-5-4-5-3	3-2-4-6-3-2-5-2-3-3-1-2	2-3-8-4-5-4-4-3-3-5-3-5	1-3-2-3-0-4-2-4-8-3-4-3
139	5	5-8-5-5-5-5-5-5-6-5-5-5	6-6-4-2-8-6-7-7-3-3-2-4	9-5-8-2-6-3-4-7-6-3-6-4	3-7-6-6-2-3-5-2-6-4-4-1	2-0-2-5-3-4-5-5-6-7-3-2	2-1-3-0-5-2-6-4-5-5-6-3	3-3-4-1-3-5-5-6-5-5-2-3	4-2-2-4-3-0-8-3-4-4-3-0	6-3-5-3-5-3-8-3-4-5-4-6	6-2-5-8-5-5-4-6-2-1-5-2	6-3-6-0-4-4-0-8-3-4-3-4	1-3-3-8-7-5-3-4-4-5-6-6
139	6	5-4-5-7-6-7-6-8-5-6-6-5	7-5-4-2-8-6-4-6-7-8-6-7	3-6-7-2-7-9-7-7-5-4-5-6	7-7-5-7-2-3-7-2-5-5-4-1	7-4-2-9-3-4-7-5-5-11-4-2	3-3-7-0-5-2-5-6-5-6-5-7	3-3-5-3-3-5-5-5-5-5-7-3	4-2-3-3-6-0-5-3-3-4-7-0	5-3-3-6-0-8-1-7-8-8-6-8	5-3-6-4-8-17-5-5-2-3-1-2	6-8-5-0-5-7-7-6-3-3-8-3	6-8-6-5-6-6-6-6-4-6-5-5
139	7	12-8-8-8-7-6-5-7-5-8-8-6	6-5-4-2-5-6-10-8-6-6-9-6	3-8-10-8-8-9-8-6-8-10-8-8	6-7-7-6-9-9-5-6-6-8-11-6	6-4-2-8-3-4-6-5-8-13-6-2	3-3-8-8-7-2-6-6-7-7-5-7	3-3-7-3-3-7-5-5-7-11-7-6	6-7-13-6-6-0-5-3-3-7-8-0	3-3-3-3-3-6-3-6-6-9-7-6	8-3-7-6-8-6-5-10-7-3-5-2	5-6-9-0-5-6-7-3-3-6-6-3	6-3-6-5-9-6-8-6-4-6-5-7
139	8	7-7-8-7-8-9-8-6-8-7-7-5	8-4-4-11-6-6-7-7-6-6-9-6	9-7-10-7-11-3-7-7-7-7-7-7	9-9-9-7-7-11-6-9-6-7-4-8	10-0-17-7-3-4-9-9-7-7-10-9	3-11-9-7-7-11-4-4-7-7-3-10	11-7-7-0-3-8-5-9-7-17-9-11	3-8-8-9-9-9-5-16-3-0-7-0	8-3-3-9-8-6-3-9-6-6-8-6	7-3-8-5-9-6-5-5-9-3-8-8	3-6-6-10-7-8-0-5-5-8-6-9	6-6-9-5-8-6-7-6-4-8-5-7
139	9	11-9-9-9-9-11-9-9-11-9-9-9	9-11-11-8-10-6-10-7-6-11-8-10	8-9-8-7-8-7-10-7-7-9-10-7	8-10-10-8-7-7-11-8-10-9-10-8	8-0-8-8-3-11-8-8-9-7-8-8	8-8-8-7-9-8-10-9-9-9-5-8	3-3-12-1-17-9-13-8-7-8-8-8	9-8-8-10-8-8-13-8-3-9-10-0	8-3-3-8-12-6-1-8-9-7-11-8	8-10-9-11-8-6-8-11-10-3-8-2	17-6-11-14-13-10-10-11-11-3-10-8	1-3-8-9-10-9-7-4-11-9-5-5
139	10	10-11-10-10-11-9-10-10-9-10-10-9	10-11-11-8-12-11-10-11-6-10-8-9	8-10-8-7-8-11-9-12-11-11-11-10	8-11-9-8-7-8-11-8-11-11-9-1	8-0-1-8-3-9-11-10-11-7-8-8	8-8-9-7-13-8-11-10-10-10-6-8	3-16-12-1-9-10-11-11-7-10-0-6	10-8-6-9-8-8-9-8-1-14-9-0	6-3-9-8-10-6-1-8-9-13-9-16	9-9-10-11-8-6-11-7-9-1-11-2	9-7-11-9-12-10-9-17-3-9-9-8	1-6-8-10-9-9-6-10-10-11-10-16
139	11	9-10-10-10-10-9-10-10-9-11-11-10	13-10-9-12-10-10-13-10-6-12-13-10	13-12-12-10-8-10-12-10-10-10-10-10	12-13-12-8-8-12-12-8-10-10-10-15	8-14-15-10-13-9-12-12-10-7-8-8	12-12-9-11-11-8-10-12-10-10-15-8	12-10-9-12-12-8-10-12-7-7-12-8	3-8-12-9-12-13-9-8-13-11-14-13	12-13-13-8-8-6-12-11-12-11-8-10	14-3-11-12-12-6-10-9-13-13-11-2	15-6-10-9-7-11-13-11-15-12-6-8	11-6-11-12-11-9-7-11-10-12-4-10
139	12	13-12-12-12-10-12-12-12-12-12-12-12	11-13-13-11-10-10-11-13-14-14-13-13	11-11-11-7-7-11-11-10-11-12-13-12	11-11-11-7-11-11-14-8-13-13-12-11	6-11-12-8-11-12-11-11-12-12-8-8	11-11-8-7-10-8-12-12-12-12-2-12	11-7-10-11-11-12-10-11-12-12-11-8	10-8-11-11-12-11-9-8-11-12-11-0	11-11-11-8-12-8-11-11-13-11-12-8	11-2-9-11-11-4-11-7-11-11-11-2	11-13-17-9-13-12-11-11-11-11-6-8	16-11-11-11-11-9-7-13-13-13-10-12
139	13	12-9-14-13-14-13-13-14-13-15-13-14	11-12-12-14-12-13-13-14-15-12-13-12	14-13-14-17-14-14-14-14-13-14-12-13	14-11-14-13-14-14-12-8-12-15-13-11	14-11-16-16-11-13-14-13-13-7-8-15	14-15-14-7-10-11-14-13-12-10-3-14	13-10-10-11-11-8-10-14-7-17-11-13	16-14-14-14-15-11-9-8-11-11-13-11	13-11-11-14-13-6-11-11-12-13-13-6	11-14-8-15-13-13-14-9-11-11-14-8	11-12-12-9-12-11-11-11-11-13-6-13	12-14-11-15-15-6-7-12-10-12-9-10
139	14	14-14-13-14-13-14-14-14-14-14-14-13	15-16-15-13-12-16-13-15-13-12-13-13	13-13-13-13-13-13-13-13-13-13-15-13	13-13-13-13-13-13-12-8-14-16-14-11	13-11-8-13-11-15-13-15-14-14-13-8	13-13-13-14-10-11-13-15-14-10-13-14	13-10-10-11-15-14-14-15-12-14-11-13	14-16-13-15-13-15-9-8-11-10-11-0	11-11-11-13-14-6-11-13-15-14-13-15	11-13-14-13-15-13-15-7-11-11-13-15	11-12-15-9-16-15-11-11-11-13-6-13	12-13-11-11-11-9-13-16-16-15-17-14
139	15	15-17-17-13-15-15-14-16-14-13-15-17	14-16-14-13-16-16-16-14-13-14-16-16	13-15-13-13-13-13-14-13-13-13-16-14	13-13-16-13-13-13-16-8-16-14-15-11	13-11-11-8-11-14-16-14-16-14-13-13	13-13-13-17-15-8-16-14-14-15-11-14	13-16-15-11-14-15-15-14-16-14-11-17	15-14-11-14-13-14-15-8-11-10-11-0	17-11-15-14-15-6-11-11-14-16-13-14	11-13-9-13-14-13-16-7-14-11-13-14	11-13-14-17-16-14-11-11-11-13-13-15	16-13-11-13-13-9-7-12-10-14-15-10
139	16	12-16-14-17-16-17-17-17-14-17-17-17	16-14-14-13-15-14-15-17-16-12-15-15	16-16-17-13-13-13-15-17-17-15-15-16	17-16-15-17-13-13-17-8-15-14-15-16	13-11-13-13-16-14-15-16-15-16-8-16	13-16-13-16-11-8-15-16-14-15-13-16	13-10-15-16-15-16-15-15-15-14-16-13	13-14-16-14-13-16-9-8-16-11-16-11	16-11-15-14-13-6-16-11-16-15-13-10	16-13-16-16-16-13-15-9-11-11-16-16	16-12-12-15-15-15-11-16-16-16-6-16	12-16-11-16-16-9-7-16-10-12-14-10
139	17	17-17-15-17-17-17-16-17-17-17-17-17	16-14-17-13-17-17-17-16-16-17-15-15	14-16-16-13-17-13-16-16-16-17-17-17	16-17-16-16-17-17-16-17-15-17-17-16	17-11-17-17-17-17-16-17-15-17-8-8	17-17-13-17-17-8-17-17-17-17-17-17	13-17-17-17-9-17-6-14-17-13-11-15	17-17-8-17-17-0-9-8-16-16-11-17	15-17-17-17-13-17-17-17-17-6-8-16	16-17-17-17-17-6-17-9-11-17-17-17	9-17-12-15-12-11-17-17-17-17-6-17	17-17-17-11-12-17-17-11-17-17-14-17
140	0	0-0-0-0-0-0-0-0-0-0-0-0	0-0-0-0-0-0-0-0-0-0-0-0	0-0-0-0-0-0-0-0-0-0-0-0	0-0-0-0-0-0-0-0-0-0-0-0	0-0-0-0-0-0-0-0-0-0-0-0	0-0-0-0-0-0-0-0-0-0-0-0	0-0-0-0-0-0-0-0-0-0-0-0	0-0-0-0-0-0-0-0-0-0-0-0	0-0-0-0-0-0-0-0-0-0-0-0	0-0-0-0-0-0-0-0-0-0-0-0	0-0-0-0-0-0-0-0-0-0-0-0	0-0-0-0-0-0-0-0-0-0-0-0
140	1	1-1-1-1-1-1-1-1-1-1-1-1	1-1-2-1-1-1-2-1-1-1-1-2	1-2-2-2-2-2-2-0-2-2-2-1	2-0-2-2-2-2-0-2-1-0-2-0	2-0-1-3-0-1-2-2-0-0-2-2	1-0-2-0-1-3-2-2-1-1-0-0	0-1-1-0-0-1-1-2-1-1-2-1	1-1-1-1-1-2-1-1-1-0-0-0	0-0-0-1-9-1-3-2-1-1-1-1	1-1-1-2-4-2-3-1-3-0-0-1	2-1-2-0-3-1-0-1-0-1-1-1	0-1-1-1-2-1-1-0-0-1-2-1
140	2	2-2-1-2-2-2-2-2-2-2-2-1	1-2-1-1-2-1-1-3-2-3-1-3	0-3-1-1-1-3-3-1-1-3-3-3	3-3-1-1-1-1-2-1-2-2-3-0	1-5-0-1-3-2-3-3-2-2-4-1	6-3-4-5-2-1-3-3-2-2-11-2	2-2-2-2-3-2-2-3-2-2-1-6	2-1-3-3-2-1-2-3-2-0-2-0	2-0-2-2-1-2-2-3-1-2-2-2	3-2-2-1-1-1-2-2-0-0-2-1	2-6-3-0-2-2-0-2-2-3-3-2	4-2-5-2-1-2-2-0-0-2-1-1
140	3	3-3-3-3-3-3-3-3-3-3-3-3	4-6-3-1-3-3-1-2-2-2-4-2	1-3-1-1-1-2-4-5-4-2-4-4	2-2-4-1-1-2-2-1-4-3-2-0	1-0-0-1-2-4-2-2-2-2-3-1	2-2-2-6-2-1-4-4-3-3-3-3	2-2-3-2-2-3-3-4-3-3-2-2	3-3-4-4-1-1-3-2-2-3-2-0	3-0-2-2-3-2-4-4-4-3-3-4	4-2-3-3-1-4-1-3-4-0-4-1	4-2-4-0-6-4-9-5-2-2-4-2	5-2-0-2-1-1-1-5-5-8-5-3
140	4	4-6-4-3-4-5-4-4-4-5-4-4	5-5-6-1-3-5-1-5-4-6-3-5	1-4-1-1-1-2-3-4-3-2-5-3	4-5-5-5-1-2-4-1-4-5-5-0	1-5-5-6-2-3-5-4-5-2-2-5	5-2-2-7-4-1-5-3-4-4-5-2	2-5-3-5-2-4-4-3-4-4-5-2	4-3-3-3-2-0-6-2-2-5-2-0	2-0-2-2-4-2-3-3-3-7-4-3	3-2-4-5-1-3-9-3-3-0-3-3	3-2-6-6-5-3-0-2-2-2-3-2	6-4-0-6-5-4-2-5-6-5-6-5
140	5	4-4-4-5-5-4-6-5-5-4-5-4	4-4-4-5-5-4-5-4-7-4-6-4	2-5-6-6-5-7-6-7-6-5-4-5	6-5-6-6-5-8-7-1-6-4-4-0	1-4-8-8-5-3-4-9-4-7-6-7	4-8-6-2-6-5-4-5-4-3-4-5	6-4-3-4-2-4-4-6-4-4-4-2	3-5-5-5-5-6-4-5-2-4-5-2	2-0-2-4-5-6-5-7-6-4-5-5	7-2-5-4-5-5-6-4-1-5-4-5	6-2-4-4-4-0-3-3-2-5-6-3	4-4-5-5-4-4-9-4-5-4-3-5
140	6	6-6-4-4-5-4-5-6-5-6-6-4	5-4-4-6-5-3-7-6-5-4-5-4	7-7-5-7-7-7-7-7-5-6-7-7	7-6-5-8-6-9-5-8-5-6-6-6	9-0-5-9-7-7-7-7-4-6-5-5	9-12-7-8-5-9-7-5-4-4-2-7	8-8-4-2-7-6-4-5-4-6-5-2	3-6-10-7-6-6-4-9-2-6-5-0	2-0-2-8-5-5-2-5-5-4-9-6	5-7-5-5-6-6-5-4-6-0-0-12	5-2-4-4-3-11-0-2-0-5-5-2	4-6-8-4-4-6-7-0-3-7-4-6
140	7	7-7-8-7-7-7-8-7-7-7-8-7	8-8-8-6-7-8-6-8-5-4-5-9	6-6-5-6-6-6-6-6-8-6-8-6	6-7-8-7-6-5-5-6-8-7-8-0	6-0-5-6-6-9-6-6-7-5-6-5	2-5-8-7-7-6-8-8-7-7-5-7	6-6-7-2-8-7-12-9-4-7-0-7	7-6-9-6-6-9-12-5-2-8-5-9	7-0-8-6-4-7-7-5-5-4-8-8	5-6-8-9-8-6-5-7-6-7-8-6	0-8-4-8-12-8-0-8-0-8-5-7	7-2-6-13-7-7-6-0-8-10-8-7
140	8	7-8-7-8-7-7-8-7-8-7-7-7	7-9-9-6-7-7-6-7-5-4-5-8	6-6-6-6-6-6-9-7-9-6-9-6	6-7-9-6-6-5-8-6-7-7-7-0	8-0-5-12-6-8-9-8-9-5-6-5	6-5-7-7-9-6-9-7-8-8-10-7	6-12-7-0-7-7-12-9-4-8-0-8	7-6-8-6-9-6-8-7-6-7-8-9	8-10-9-6-10-9-8-5-8-8-7-9	5-6-7-13-7-6-11-8-7-0-7-6	5-7-13-9-13-8-0-7-2-7-5-2	8-6-6-5-8-7-6-8-7-3-11-8
140	9	10-10-8-8-7-7-9-9-10-7-10-7	9-8-8-6-7-7-9-8-10-4-10-8	10-6-10-6-8-10-8-10-8-6-8-10	10-10-8-9-6-10-9-6-8-9-8-9	6-12-9-6-11-7-8-5-8-5-9-5	10-10-8-9-8-6-8-6-8-8-6-10	13-9-7-12-10-9-8-7-6-13-6-8	8-6-6-10-8-10-8-6-12-12-5-11	10-11-8-6-1-8-9-5-9-9-6-8	5-6-12-10-7-6-9-8-11-9-10-6	9-7-9-4-10-13-3-9-10-5-5-2	9-6-9-9-9-9-6-9-8-3-8-7
140	10	11-12-11-12-11-12-12-12-13-12-12-13	11-12-11-6-12-12-12-11-11-12-11-11	9-10-12-11-11-11-9-11-11-11-9-11	9-9-11-11-6-9-11-6-12-11-11-9	12-9-9-6-9-10-11-10-12-11-12-5	11-9-11-12-8-6-11-11-8-8-10-11	9-11-11-9-9-10-11-11-11-12-11-12	10-10-11-9-11-9-10-11-9-10-13-11	10-9-11-10-13-11-9-13-11-12-6-11	11-9-10-9-11-11-9-8-6-9-9-6	9-11-12-4-11-10-10-9-9-10-11-2	9-11-10-9-9-11-12-11-12-10-8-11
140	11	10-10-10-10-10-10-10-10-10-10-10-10	10-10-10-6-10-10-10-13-10-10-10-10	11-12-12-10-11-10-12-10-10-10-11-10	12-9-10-10-12-12-10-6-10-10-12-9	12-9-12-10-9-10-10-12-10-10-10-11	10-9-10-11-7-10-12-10-10-8-2-10	9-10-10-9-10-9-10-10-10-10-11-11	10-11-10-12-11-10-8-10-2-9-10-10	11-9-10-12-12-10-9-11-10-10-12-10	10-11-11-8-10-10-8-8-9-9-9-6	10-10-10-4-8-11-0-9-9-10-10-12	9-10-11-9-9-10-10-10-8-11-8-10
140	12	10-10-10-10-12-10-10-10-10-10-10-10	10-10-10-6-10-10-10-10-10-10-10-13	12-13-11-10-11-10-11-12-10-10-11-12	11-12-10-12-11-11-10-6-10-10-11-9	11-9-9-8-12-10-13-11-10-12-10-11	10-10-11-10-7-13-11-10-12-8-4-12	13-8-10-9-13-12-8-13-10-10-11-10	10-11-11-11-11-13-7-10-9-9-11-10	12-12-10-11-11-10-12-12-10-10-11-10	10-11-11-8-10-6-8-10-12-9-9-6	12-10-10-4-8-13-12-9-9-12-10-11	9-10-12-12-12-10-10-13-10-12-7-10
140	13	13-13-13-10-13-10-10-13-13-10-13-10	10-10-10-6-10-10-10-11-10-13-10-12	12-12-13-10-13-13-13-13-10-13-13-12	12-13-13-13-13-13-10-13-13-13-13-10	10-9-13-13-12-13-12-13-10-13-6-13	13-13-13-10-13-12-13-13-13-13-13-13	9-13-13-13-12-13-10-12-13-10-12-13	13-13-6-13-13-12-13-10-11-13-10-13	12-13-13-13-10-10-13-10-13-10-11-10	5-13-13-13-13-6-13-10-13-13-13-13	12-13-13-4-8-9-12-10-13-13-10-13	10-10-13-9-12-13-13-10-13-13-8-8
141	0	0-0-0-0-0-0-0-0-0-0-0-0	0-0-0-0-0-0-0-0-0-0-0-0	0-0-0-0-0-0-0-0-0-0-0-0	0-0-0-0-0-0-0-0-0-0-0-0	0-0-0-0-0-0-0-0-0-0-0-0	0-0-0-0-0-0-0-0-0-0-0-0	0-0-0-0-0-0-0-0-0-0-0-0	0-0-0-0-0-0-0-0-0-0-0-0	0-0-0-0-0-0-0-0-0-0-0-0	0-0-0-0-0-0-0-0-0-0-0-0	0-0-0-0-0-0-0-0-0-0-0-0	0-0-0-0-0-0-0-0-0-0-0-0
141	1	1-1-1-0-1-0-0-1-1-1-1-1	1-0-0-1-0-1-2-0-1-0-1-0	2-2-2-2-2-2-2-0-0-0-0-0	2-2-1-2-2-2-0-2-2-0-0-2	2-1-2-2-2-0-2-2-0-0-2-2	1-2-2-1-1-1-2-2-0-0-0-2	2-2-1-0-0-0-0-2-1-1-2-0	1-2-1-2-0-2-0-2-2-0-1-1	0-2-1-2-1-2-1-2-1-1-1-2	2-1-1-2-0-2-2-0-2-1-0-0	0-0-0-0-1-0-2-1-0-2-1-1	1-2-2-2-0-1-2-0-0-0-0-0
141	2	2-2-2-2-2-2-2-2-2-2-2-2	2-3-2-1-2-2-1-2-2-2-2-2	1-2-1-1-1-1-3-1-3-3-3-3	1-1-3-1-1-1-2-1-1-3-3-1	1-1-1-1-1-2-1-1-3-1-1-1	1-1-1-0-2-1-3-1-2-2-3-2	1-2-2-2-2-0-3-3-3-2-1-3	0-1-1-1-0-2-2-1-1-2-2-2	2-1-2-1-2-1-2-2-2-2-1-1	1-1-2-3-2-1-1-5-1-2-2-2	2-2-3-2-3-3-1-2-2-1-1-2	5-2-1-1-2-2-1-3-2-2-5-2
141	3	3-3-4-3-3-3-3-3-3-3-3-3	4-2-2-4-2-2-4-4-3-2-3-4	4-3-4-3-4-4-4-4-4-4-3-4	4-3-3-4-4-4-4-4-2-2-2-4	0-4-4-1-5-2-4-4-2-3-1-4	4-4-3-3-3-4-2-3-2-0-12-3	4-2-3-9-3-3-2-2-2-3-8-5	12-3-4-4-3-5-7-1-4-5-4-4	3-3-3-4-4-3-4-4-2-4-3-4	4-13-3-2-3-4-4-14-7-9-10-3	8-2-7-2-7-2-3-7-4-3-3-3	3-3-3-9-9-12-3-3-7-2-13-4
141	4	4-5-5-5-4-5-5-5-5-5-5-6	6-5-5-3-5-6-3-5-5-5-5-5	3-5-3-5-5-5-5-3-5-5-4-5	5-5-5-5-3-3-5-7-6-5-5-3	8-3-3-6-3-4-5-4-5-5-8-3	5-3-5-5-4-3-4-6-4-5-13-5	3-5-5-3-5-4-6-5-5-6-3-5	5-4-3-3-4-3-3-6-3-11-5-8	8-5-5-3-5-6-3-9-6-6-4-5	3-3-5-6-4-3-3-3-3-8-7-5	5-5-6-5-3-5-3-3-3-5-6-4	13-5-6-3-5-5-6-5-3-5-2-3
141	5	4-4-4-4-4-4-4-4-4-4-4-4	4-4-4-5-4-4-3-4-4-4-4-4	4-4-6-7-4-4-6-4-4-4-6-4	4-4-4-4-6-6-4-6-4-4-4-7	7-3-8-7-3-6-4-6-4-4-6-6	4-6-4-4-4-7-5-4-4-4-9-6	5-4-4-3-4-3-4-4-4-4-6-7	4-5-4-6-5-3-3-6-3-3-4-4	4-4-4-4-13-4-3-6-4-4-6-4	4-3-4-4-10-4-4-4-3-4-4-4	4-4-4-4-3-4-3-3-3-4-4-4	2-4-3-3-4-4-4-4-3-4-2-4
141	6	4-4-4-4-4-4-4-4-4-4-4-4	4-4-4-4-4-4-7-4-4-4-4-5	9-4-5-5-4-7-5-4-4-8-7-4	8-7-4-4-5-5-4-5-4-4-7-3	5-3-5-5-7-5-7-5-6-4-4-5	4-5-6-7-6-5-7-4-6-6-11-6	3-6-4-3-7-6-4-6-6-4-5-9	4-5-5-7-6-4-4-8-6-6-5-4	6-4-6-6-10-4-6-7-4-4-5-4	6-6-6-4-5-12-6-4-6-3-3-4	6-4-4-4-4-6-4-3-6-6-4-6	4-6-4-3-6-4-4-4-4-7-2-4
141	7	4-4-7-4-4-4-4-4-4-4-4-4	4-4-8-4-4-4-6-8-4-6-4-8	3-6-5-5-5-6-8-9-4-9-8-8	6-6-6-4-5-5-4-5-8-8-9-5	5-3-5-5-6-9-6-6-6-4-9-5	4-5-6-4-6-5-8-8-6-7-3-7	3-7-4-3-6-9-8-8-6-4-4-6	4-5-4-6-5-3-3-6-8-7-3-4	4-4-6-6-7-4-3-6-4-4-8-4	4-3-2-9-5-6-8-3-3-3-4-8	4-4-3-4-3-4-3-3-3-8-4-8	2-6-4-3-3-6-4-4-3-6-2-3
141	8	4-4-8-4-4-10-8-4-10-4-4-4	4-4-7-5-4-4-4-10-4-4-4-7	6-8-5-5-9-6-7-10-4-6-9-7	6-11-9-9-5-5-4-5-9-7-7-3	5-3-5-13-6-7-8-8-9-4-4-5	4-5-6-6-8-5-9-7-8-8-11-6	3-6-7-3-6-8-9-7-8-8-3-6	4-5-3-7-5-4-10-6-7-9-3-4	4-4-7-6-8-4-3-6-4-8-7-9	3-3-4-4-5-8-7-3-5-4-3-7	3-4-3-4-7-4-4-3-3-7-4-7	2-6-4-3-3-3-4-4-3-4-9-3
141	9	4-4-8-4-4-10-4-4-4-4-4-8	4-7-7-5-4-4-4-8-10-11-4-10	6-9-5-5-8-12-10-10-4-7-8-9	10-7-8-10-5-5-4-5-8-7-7-3	10-3-5-10-6-7-10-8-8-9-7-5	6-5-10-6-8-5-8-9-8-9-5-10	3-11-7-3-6-8-8-8-8-8-5-6	4-5-6-10-9-3-8-6-3-11-3-4	3-4-6-6-6-9-3-4-11-4-9-11	3-3-9-7-5-15-8-0-3-3-3-9	4-4-4-3-3-10-10-3-3-6-9-6	2-9-9-3-3-4-9-4-3-4-8-4
141	10	4-11-4-10-4-8-12-4-8-4-13-4	4-4-4-4-4-4-12-8-9-4-11-9	6-10-12-13-11-9-11-12-12-12-11-11	9-8-11-11-12-8-8-9-11-11-7-3	9-3-5-11-6-7-9-8-11-12-9-5	6-5-9-11-10-4-8-9-10-10-5-9	3-11-10-3-6-11-9-7-10-13-5-9	4-10-12-9-9-3-8-6-6-10-3-4	6-4-6-6-6-4-3-9-9-4-10-9	3-3-4-9-5-9-8-3-10-3-3-10	6-4-4-4-11-9-10-3-3-4-4-6	2-6-9-3-4-4-11-4-3-4-8-4
141	11	10-10-15-4-12-11-4-12-12-4-10-12	4-4-8-12-8-4-4-12-12-9-12-12	12-11-12-10-10-6-12-10-12-10-10-10	12-12-10-10-13-12-11-11-10-10-10-12	12-3-12-10-12-7-12-12-9-11-7-12	12-12-9-10-6-12-7-7-8-10-6-9	6-10-10-11-6-13-8-12-10-11-12-9	4-12-10-12-9-11-8-15-6-9-12-4	6-6-6-6-9-4-3-12-9-4-13-9	10-3-13-8-12-9-9-3-12-4-12-11	3-4-3-4-10-13-12-3-12-4-4-6	2-9-11-3-12-4-10-4-7-12-2-4
141	12	12-13-12-12-12-13-10-11-12-13-12-13	13-13-7-11-12-13-10-11-11-14-11-13	11-12-11-10-10-13-11-10-11-10-13-13	12-12-12-11-10-11-12-5-13-13-13-11	11-3-11-10-11-13-13-11-13-10-13-11	11-13-13-10-13-11-13-12-12-12-3-15	3-13-10-3-15-12-12-13-10-13-11-12	4-13-10-11-5-11-15-6-6-12-11-4	4-12-6-13-8-12-3-11-11-11-12-12	3-3-2-13-11-9-13-13-11-4-11-11	3-4-3-14-3-14-11-3-11-4-9-6	13-9-9-3-11-3-10-4-3-11-8-12
141	13	13-12-12-15-12-12-12-4-14-12-10-12	12-12-8-11-8-12-10-15-11-12-15-15	13-13-14-10-13-12-12-13-13-13-12-12	13-13-14-13-10-13-13-14-12-12-12-13	14-14-11-14-13-12-12-13-12-13-13-13	4-14-12-13-14-15-12-13-10-12-4-14	13-12-12-13-13-13-12-12-14-10-13-12	14-12-14-12-5-14-12-11-6-13-14-13	13-13-6-12-5-4-13-12-9-4-11-9	12-3-11-14-14-9-12-3-13-13-14-11	14-4-3-14-4-13-13-3-13-4-9-6	14-6-13-11-13-4-10-13-3-13-3-12
141	14	15-15-15-15-14-15-14-15-15-15-15-15	15-12-15-15-15-15-15-15-15-15-15-15	14-13-15-15-14-15-15-14-13-14-15-14	15-13-15-15-13-13-15-13-12-13-13-13	13-13-14-13-14-14-15-15-13-14-12-14	14-13-12-14-13-13-12-14-14-12-3-13	15-14-14-14-14-14-13-13-13-15-15-13	13-14-13-14-15-15-12-8-14-14-13-13	14-13-14-14-15-14-15-13-15-15-15-12	14-14-4-14-14-9-14-15-14-14-13-14	15-14-14-13-14-14-13-12-14-14-4-6	13-14-14-14-14-4-10-13-3-12-14-15
141	15	15-15-14-14-15-14-14-15-15-14-15-15	14-12-15-14-14-14-14-14-14-15-14-14	13-14-14-14-14-14-14-14-14-15-14-15	14-15-14-14-15-15-14-15-15-15-15-13	14-13-15-15-15-15-14-14-12-14-11-11	15-15-15-15-15-13-15-15-15-15-15-12	14-15-15-15-14-15-9-15-15-15-14-14	15-15-11-15-15-14-12-11-11-14-14-13	6-15-6-15-14-15-15-15-15-4-11-9	3-15-15-15-15-9-15-14-15-15-13-15	14-15-3-13-12-13-13-14-15-14-9-6	3-15-15-3-14-15-15-13-15-15-15-14
142	0	0-0-0-0-0-0-0-0-0-0-0-0	0-0-0-0-0-0-0-0-0-0-0-0	0-0-0-0-0-0-0-0-0-0-0-0	0-0-0-0-0-0-0-0-0-0-0-0	0-0-0-0-0-0-0-0-0-0-0-0	0-0-0-0-0-0-0-0-0-0-0-0	0-0-0-0-0-0-0-0-0-0-0-0	0-0-0-0-0-0-0-0-0-0-0-0	0-0-0-0-0-0-0-0-0-0-0-0	0-0-0-0-0-0-0-0-0-0-0-0	0-0-0-0-0-0-0-0-0-0-0-0	0-0-0-0-0-0-0-0-0-0-0-0
142	1	1-0-1-1-1-1-1-1-1-1-1-1	1-0-0-1-0-1-0-0-1-0-1-0	4-0-0-1-2-2-3-0-0-0-2-1	2-0-2-2-2-2-0-2-2-0-2-0	2-0-0-2-1-1-2-2-1-0-3-2	4-0-2-1-0-3-2-2-1-1-0-0	1-1-1-0-0-1-0-0-1-1-3-0	0-1-1-1-1-0-1-1-1-0-0-0	0-0-1-1-1-1-4-2-2-1-1-2	0-1-0-1-2-1-1-1-1-0-2-1	0-1-2-0-2-0-0-1-0-1-1-1	0-1-1-1-1-0-1-0-0-1-0-1
142	2	2-2-2-2-2-2-2-2-2-2-2-2	3-2-2-1-2-2-3-3-2-3-1-2	0-3-3-1-1-5-1-3-1-3-2-3	4-3-1-1-1-1-3-1-1-2-4-0	1-0-1-1-3-1-3-1-3-2-1-1	3-3-4-2-2-1-3-1-2-2-2-2	2-2-2-2-3-2-2-2-2-3-2-3	2-1-2-3-2-2-2-3-3-4-4-0	2-5-3-2-1-4-2-1-1-2-1-1	2-2-0-3-1-3-2-2-3-3-1-1	2-2-2-0-3-2-0-3-2-3-2-2	2-2-1-2-2-2-2-2-1-1-1-1
142	3	3-3-3-3-3-3-3-3-3-3-3-3	2-3-3-1-4-3-2-2-2-2-1-2	1-2-2-4-1-2-4-4-1-2-4-4	2-2-4-2-1-1-4-1-4-3-4-0	1-0-0-1-2-5-2-4-2-1-1-1	2-2-2-2-3-1-4-3-2-3-0-3	2-4-3-0-2-3-2-2-2-3-2-2	3-1-4-2-2-0-3-2-2-2-2-0	3-3-2-2-3-2-0-2-3-3-1-5	2-2-3-4-1-2-1-3-4-2-2-1	5-3-4-0-2-4-5-2-2-2-2-2	4-2-1-2-1-3-2-4-0-3-7-3
142	4	4-4-4-3-4-3-3-4-4-3-4-4	5-5-3-1-3-4-2-5-2-5-4-5	1-5-4-3-1-2-5-5-5-2-5-5	5-2-5-1-1-1-3-1-5-5-2-0	1-0-0-8-2-3-5-4-5-0-1-0	1-2-2-9-4-1-5-5-4-4-4-3	2-3-4-7-2-4-5-5-4-4-2-2	4-1-3-3-2-0-4-2-2-4-2-5	3-2-5-2-4-2-1-1-4-5-7-3	5-2-3-5-1-4-5-4-3-2-1-6	1-3-9-4-5-3-0-2-2-2-4-3	3-2-1-4-7-4-2-6-4-5-5-3
142	5	4-4-4-6-5-4-4-4-6-3-3-4	4-4-3-1-3-4-6-4-5-4-6-6	6-6-6-6-6-2-6-6-6-2-4-6	6-6-6-6-6-6-3-7-4-4-2-6	6-0-6-6-2-3-6-6-4-6-6-6	6-6-6-5-5-6-4-4-4-4-6-6	9-4-3-0-2-3-4-6-4-5-6-2	4-6-5-6-2-6-4-5-2-9-6-4	6-2-8-2-5-6-6-6-5-4-6-3	6-2-7-4-6-4-4-4-5-6-6-6	2-2-5-7-4-6-3-5-6-2-8-2	3-5-5-5-6-5-2-3-4-4-4-3
142	6	6-6-6-5-6-6-6-6-6-6-6-6	6-7-6-4-6-6-5-7-6-4-5-7	7-5-5-5-5-5-5-7-5-7-5-7	5-6-5-5-5-5-6-5-7-5-7-5	5-0-5-5-7-7-5-5-7-5-5-5	5-5-5-5-6-5-7-6-4-4-5-5	5-6-6-6-9-3-5-5-4-6-5-7	4-5-6-5-6-5-6-6-2-8-5-5	5-6-6-6-4-5-7-5-8-7-5-8	6-6-6-8-5-5-5-4-5-5-5-5	6-6-4-5-7-5-7-6-5-7-5-6	6-2-5-5-5-6-2-4-6-6-4-6
142	7	7-6-6-8-8-9-8-7-8-8-7-8	8-6-6-7-8-7-8-6-8-8-7-7	7-6-8-7-6-7-7-7-8-6-7-6	8-7-7-6-7-8-8-5-6-7-6-9	7-9-5-7-6-6-7-7-6-7-7-7	7-5-5-7-7-5-6-8-4-4-4-7	8-6-7-4-7-7-7-8-8-7-6-6	8-6-8-5-6-9-6-6-6-7-8-7	7-7-7-5-9-7-7-6-8-7-5-6	7-7-5-6-7-6-4-7-7-7-8-6	7-3-7-8-6-3-7-7-6-7-5-2	9-5-7-6-7-7-7-8-7-7-7-7
142	8	8-9-9-9-8-9-9-9-7-9-9-9	9-6-9-9-9-9-9-9-9-9-9-9	8-8-9-8-8-9-8-8-9-8-8-8	9-8-9-8-8-7-8-5-6-8-8-8	9-7-5-4-9-8-9-8-6-8-8-8	8-8-5-7-7-9-6-9-4-4-4-8	8-4-8-9-7-8-4-9-4-8-8-9	7-6-8-8-8-9-6-6-9-9-7-7	9-8-8-9-9-8-8-8-7-8-8-6	8-8-5-6-8-9-4-4-9-7-9-9	9-8-8-7-8-9-9-8-8-8-5-2	8-8-8-9-9-8-8-7-7-8-7-8
142	9	9-8-8-8-9-8-8-8-9-8-8-9	8-6-8-8-8-8-8-8-8-9-8-8	8-9-8-8-9-8-9-9-8-9-8-9	8-9-9-8-9-9-8-9-9-9-9-7	9-7-9-9-8-9-8-8-9-9-5-5	9-9-9-8-9-5-9-9-9-9-9-9	5-9-9-9-6-9-9-8-9-8-8-8	9-9-5-8-9-8-6-5-8-8-8-7	8-9-9-9-7-9-9-9-9-8-8-3	8-8-9-9-9-8-9-8-8-9-8-9	8-9-4-7-8-8-8-8-9-9-9-9	8-9-9-8-8-9-9-7-9-9-9-9
143	0	0-0-0-0-0-0-0-0-0-0-0-0	0-0-0-0-0-0-0-0-0-0-0-0	0-0-0-0-0-0-0-0-0-0-0-0	0-0-0-0-0-0-0-0-0-0-0-0	0-0-0-0-0-0-0-0-0-0-0-0	0-0-0-0-0-0-0-0-0-0-0-0	0-0-0-0-0-0-0-0-0-0-0-0	0-0-0-0-0-0-0-0-0-0-0-0	0-0-0-0-0-0-0-0-0-0-0-0	0-0-0-0-0-0-0-0-0-0-0-0	0-0-0-0-0-0-0-0-0-0-0-0	0-0-0-0-0-0-0-0-0-0-0-0
143	1	2-1-1-2-1-2-1-2-2-2-1-2	2-1-1-0-2-2-2-1-2-2-2-2	1-2-2-1-1-2-2-1-2-1-2-1	1-1-1-2-2-2-1-2-1-0-1-2	2-0-3-0-3-1-1-2-0-1-1-2	1-2-2-0-0-2-1-0-1-0-3-2	3-1-1-11-1-1-1-1-0-1-1-1	1-1-1-2-2-3-0-1-2-1-4-2	1-3-1-2-3-2-7-1-1-1-2-0	0-0-2-1-0-1-1-1-9-1-7-0	1-1-1-3-1-1-1-0-11-1-1-1	4-1-1-1-1-1-1-1-1-1-2-10
143	2	3-3-3-3-3-1-1-3-3-3-3-1	1-3-3-1-3-1-1-1-1-3-1-3	1-2-1-4-3-3-3-3-3-3-3-3	3-3-3-3-1-1-3-3-2-3-2-1	3-0-1-3-2-2-3-2-2-3-3-1	1-1-3-3-2-1-2-4-3-2-11-1	1-2-5-1-2-1-3-6-2-4-1-2	8-2-3-1-2-1-2-3-1-1-6-7	2-1-3-1-1-4-14-1-3-3-1-3	10-5-1-1-3-3-4-1-11-1-1-2	11-3-9-0-14-1-1-9-1-8-3-1	3-3-1-2-7-9-1-5-9-4-3-6
143	3	2-2-2-2-2-1-2-2-2-2-2-2	2-2-2-6-2-1-1-2-2-2-4-2	5-3-4-5-5-2-4-2-2-2-4-4	4-2-2-2-4-4-2-6-4-2-4-1	4-0-1-4-1-3-4-4-2-2-2-6	4-1-2-2-2-5-3-3-2-2-8-4	1-3-2-1-3-1-2-2-2-2-4-2	2-3-4-1-3-1-2-2-1-1-2-2	0-1-2-1-12-2-1-1-2-2-4-2	2-0-2-1-2-4-5-1-1-0-1-4	0-2-2-1-0-0-0-0-0-0-2-1	2-3-3-0-2-2-3-2-0-2-2-2
143	4	2-2-2-2-2-2-2-2-2-2-2-2	2-2-2-3-2-2-5-4-2-5-3-2	7-5-3-3-3-5-3-5-2-6-5-3	3-5-5-5-3-3-4-3-3-4-3-1	3-1-1-3-5-3-5-3-4-2-2-3	3-6-5-13-4-3-5-6-5-4-13-4	11-4-2-1-5-1-4-5-4-2-3-7	2-3-3-4-4-1-2-5-13-2-4-0	2-9-4-4-8-2-4-5-2-5-3-4	5-2-4-3-3-4-2-4-1-5-1-3	7-5-2-0-9-4-1-12-7-4-2-4	2-4-4-5-2-2-3-2-0-2-2-2
143	5	2-7-5-5-2-4-2-2-2-2-2-2	1-7-6-3-2-1-4-6-2-4-3-6	4-4-3-3-3-4-6-7-2-7-6-6	4-4-4-4-3-4-4-3-5-6-7-1	3-1-1-3-4-7-4-3-4-2-7-3	2-5-4-2-2-3-6-6-4-5-14-4	4-5-2-1-4-7-5-6-5-2-2-4	2-3-3-4-4-1-0-5-6-6-4-0	8-1-4-4-5-2-1-4-6-4-6-2	4-2-1-7-3-4-6-4-1-4-1-3	2-4-2-0-6-5-0-0-1-6-4-6	1-4-3-4-2-2-3-2-9-2-9-2
143	6	2-2-6-6-2-4-6-2-8-2-2-7	7-7-5-3-8-7-8-8-2-1-3-5	4-6-3-3-7-4-5-4-7-4-7-5	4-5-7-7-3-4-8-3-7-5-5-1	3-1-1-3-4-5-6-7-7-2-2-3	3-4-4-2-6-3-5-5-6-6-7-4	4-4-7-1-4-6-7-2-6-6-0-4	0-3-2-5-4-0-8-4-5-5-2-0	2-1-1-4-6-2-1-4-5-6-5-7	1-2-6-5-9-6-5-7-1-0-1-3	4-4-7-7-5-11-1-0-1-5-4-5	1-4-4-2-1-2-3-2-0-2-7-2
143	7	6-5-6-2-7-8-2-2-8-7-2-6	6-6-6-3-9-6-5-6-8-9-7-8	4-7-8-3-6-10-8-8-6-5-6-7	8-5-6-8-3-4-8-3-6-5-5-1	8-1-3-12-4-5-8-6-6-7-5-3	4-7-4-2-6-3-6-7-6-7-3-8	4-9-5-1-4-6-6-6-6-6-3-4	2-3-3-4-7-1-6-4-4-2-12-2	6-1-4-7-6-7-1-1-9-8-7-7	0-2-7-5-9-14-6-6-1-4-1-3	4-4-6-6-9-8-8-2-4-4-9-4	12-9-7-7-2-2-7-8-0-2-6-6
143	8	2-13-12-8-8-8-6-8-6-9-2-7	2-7-6-9-6-7-13-9-7-7-11-7	4-8-10-9-9-7-9-9-10-10-10-9	7-5-9-9-12-11-7-12-8-9-5-7	7-5-3-13-4-5-7-6-9-11-7-3	4-5-7-9-8-9-5-7-8-8-3-7	4-9-10-1-4-9-6-5-10-12-8-7	2-8-9-4-7-1-6-4-4-8-7-0	5-1-4-4-9-7-2-7-7-7-12-7	8-2-7-7-9-7-6-13-1-4-1-9	4-4-2-0-9-7-8-1-4-2-7-4	7-4-7-7-2-2-9-7-5-2-6-8
143	9	10-10-8-10-9-10-10-10-9-8-9-10	9-6-6-10-7-10-10-8-10-7-11-7	11-10-10-8-8-4-8-8-8-8-8-8	10-10-10-8-11-10-10-8-7-8-5-1	11-1-12-8-4-5-10-10-7-8-12-10	10-10-10-8-8-10-5-7-8-8-1-10	2-8-8-1-4-8-6-10-8-12-10-7	2-10-8-10-7-1-6-9-4-14-9-0	14-4-4-10-9-7-1-10-7-10-9-7	8-12-12-5-10-7-6-6-1-0-10-8	4-4-2-1-6-10-7-12-10-9-7-9	7-7-9-9-9-2-8-7-5-9-6-7
143	10	10-9-12-10-10-10-13-10-9-10-13-10	11-12-10-9-11-10-11-11-9-11-9-11	9-9-8-8-8-12-11-11-8-8-11-11	9-9-9-9-8-9-12-8-11-13-11-1	9-0-9-8-4-11-9-9-10-9-9-9	2-9-9-8-10-9-11-10-10-10-2-9	4-8-8-1-11-10-7-11-8-10-9-4	2-9-11-9-11-1-6-9-4-10-9-0	9-10-9-9-11-7-1-9-10-9-12-13	2-2-10-13-9-4-2-6-1-0-9-10	12-7-9-0-0-9-0-0-9-0-7-9	12-4-7-9-9-2-8-2-12-2-14-11
143	11	10-13-13-13-10-13-10-11-11-10-10-13	10-12-12-9-10-10-10-10-9-10-9-14	9-11-8-8-8-10-10-10-12-12-12-10	11-12-12-7-8-8-11-8-12-12-10-1	9-1-9-12-4-10-12-6-12-8-9-9	9-9-9-8-11-9-12-12-11-11-2-9	4-12-11-1-10-9-12-10-8-11-9-7	2-8-10-10-11-1-11-11-4-11-9-0	2-10-12-9-11-7-1-9-10-13-11-13	12-2-11-12-12-10-9-12-10-14-1-3	2-7-12-13-14-11-0-0-1-4-7-4	13-7-7-9-9-2-8-13-0-12-10-10
143	12	11-12-10-14-14-13-14-14-14-14-14-14	13-11-11-12-14-10-10-11-9-14-13-13	13-12-13-13-12-13-11-13-12-11-11-12	13-13-13-13-8-8-11-8-11-11-11-13	7-13-9-11-13-10-11-9-11-8-9-9	2-12-9-8-12-12-11-11-12-11-5-9	13-11-11-12-12-13-11-11-8-9-12-12	2-8-13-10-7-12-6-9-4-12-13-0	13-12-13-9-3-7-12-12-7-12-8-7	11-12-9-13-11-7-7-11-12-12-12-3	13-5-11-11-11-14-12-12-12-12-7-12	12-4-12-12-12-2-8-12-10-11-6-10
143	13	13-13-14-14-13-11-10-11-14-14-10-11	12-11-10-14-11-10-10-14-14-13-12-14	12-12-12-12-13-13-13-12-13-11-13-13	12-12-12-14-13-13-11-8-13-10-13-12	13-12-13-8-12-13-14-13-12-8-9-13	13-13-14-13-12-12-13-13-11-11-4-14	13-13-11-12-13-12-11-13-8-14-13-13	2-13-12-13-13-12-6-14-4-12-9-0	12-10-12-13-14-7-12-12-8-11-13-10	4-13-9-12-13-13-13-11-12-12-12-13	12-4-11-11-0-12-12-12-12-13-7-9	11-13-12-12-9-2-13-11-10-11-6-10
143	14	14-14-13-14-14-14-12-14-14-12-14-14	14-11-14-13-14-14-13-13-13-14-12-13	12-13-14-13-14-14-13-14-12-14-14-14	13-14-13-13-14-14-11-14-13-14-14-12	13-12-14-14-14-14-13-14-11-14-13-9	14-14-13-14-14-12-14-14-14-14-14-13	13-14-14-14-10-14-7-13-14-14-12-13	14-13-13-14-14-14-14-9-9-14-9-14	12-14-14-14-13-14-14-13-14-13-13-7	9-14-14-14-14-7-14-11-12-14-14-14	14-14-14-11-11-12-14-14-14-0-7-14	14-13-14-12-9-14-14-11-14-14-10-14
144	0	0-0-0-0-0-0-0-0-0-0-0-0	0-0-0-0-0-0-0-0-0-0-0-0	0-0-0-0-0-0-0-0-0-0-0-0	0-0-0-0-0-0-0-0-0-0-0-0	0-0-0-0-0-0-0-0-0-0-0-0	0-0-0-0-0-0-0-0-0-0-0-0	0-0-0-0-0-0-0-0-0-0-0-0	0-0-0-0-0-0-0-0-0-0-0-0	0-0-0-0-0-0-0-0-0-0-0-0	0-0-0-0-0-0-0-0-0-0-0-0	0-0-0-0-0-0-0-0-0-0-0-0	0-0-0-0-0-0-0-0-0-0-0-0
144	1	1-1-1-1-1-1-1-1-1-1-2-1	2-2-1-1-2-2-2-2-2-2-2-2	1-2-2-2-1-2-2-2-2-2-2-2	2-2-2-2-0-0-2-3-1-2-2-1	1-0-1-2-1-1-2-1-1-2-2-1	2-2-2-1-2-0-1-1-1-1-3-1	1-1-1-1-1-1-2-2-2-1-1-1	1-1-1-1-1-2-2-2-1-1-2-2	1-2-2-1-2-2-2-4-3-1-1-2	2-1-2-3-1-2-1-1-2-1-0-1	1-2-2-0-2-1-1-1-0-1-3-1	2-1-1-1-1-4-3-8-8-1-1-3
144	2	1-1-2-1-1-1-1-1-1-1-1-1	1-1-1-2-1-1-1-1-1-1-3-1	4-3-1-4-4-1-3-3-1-1-1-3	3-1-1-1-2-3-1-2-1-1-3-4	4-0-3-4-0-3-3-3-2-1-1-2	1-3-1-1-1-5-3-2-1-1-3-3	2-2-1-0-2-2-1-3-1-1-3-3	1-2-3-2-2-1-1-3-2-0-3-1	0-1-1-1-3-1-1-3-1-1-2-1	1-2-1-1-3-3-1-1-7-1-0-3	0-1-1-0-1-1-0-1-0-1-1-2	1-2-2-1-1-1-1-0-3-4-3-1
144	3	1-1-1-1-1-1-1-1-1-1-1-3	1-1-1-2-1-1-1-4-3-4-2-3	2-2-2-2-2-4-4-2-1-4-4-2	5-4-4-1-2-2-4-2-1-3-4-2	2-3-2-2-5-2-4-4-3-3-1-2	2-4-5-10-3-2-2-4-3-3-10-2	8-3-1-3-4-3-3-2-3-1-2-2	3-2-2-4-3-1-1-5-8-0-2-1	3-6-3-3-2-1-3-3-1-1-2-1	3-4-3-1-2-2-1-1-4-1-3-2	3-1-3-1-3-3-1-3-3-4-1-3	1-3-4-3-3-1-1-1-2-2-2-1
144	4	4-5-4-4-1-4-4-3-4-5-1-4	1-5-4-2-4-1-1-5-3-3-2-5	2-4-5-2-2-3-5-5-1-3-5-5	3-3-5-1-2-3-3-2-4-4-3-2	2-0-2-2-3-5-3-3-3-4-1-2	3-3-3-1-3-2-5-3-4-4-2-4	3-3-4-3-3-4-4-5-4-3-3-2	1-2-3-3-2-1-6-3-3-5-3-1	5-1-3-3-4-1-5-5-1-3-2-4	1-3-1-4-5-5-1-4-5-3-0-2	6-5-6-5-3-5-5-3-3-3-1-3	1-3-3-3-1-1-1-1-1-2-6-1
144	5	5-4-4-5-6-5-5-5-4-5-5-7	3-4-5-2-4-4-1-4-3-4-6-4	2-5-4-2-2-3-4-4-1-5-6-4	3-3-6-5-2-3-4-2-6-6-3-2	2-0-2-6-3-4-6-5-6-5-1-2	2-3-3-1-6-2-6-5-5-5-6-4	3-6-6-0-3-4-6-6-4-5-4-5	1-2-4-4-5-0-4-3-3-4-3-1	4-1-6-3-5-1-4-4-1-6-8-3	5-2-5-6-6-4-1-5-4-1-0-2	0-4-1-6-6-8-4-1-0-3-1-4	1-3-2-4-5-1-2-1-10-6-4-3
144	6	7-4-6-7-6-5-6-7-5-1-6-5	7-4-5-7-1-7-7-7-7-5-8-4	8-7-8-7-8-3-7-7-7-7-5-7	7-7-7-6-8-8-4-8-5-5-7-7	8-6-6-7-3-4-7-7-5-8-8-6	7-8-7-12-6-9-5-8-5-5-7-6	7-4-5-0-3-1-5-7-4-5-7-3	3-7-3-7-8-1-4-7-3-12-6-1	7-3-12-3-6-1-7-7-1-7-7-1	7-2-11-6-7-7-6-5-6-1-6-7	7-1-4-5-6-5-0-6-7-6-1-3	1-6-6-6-7-7-1-1-1-5-4-1
144	7	7-7-7-7-7-7-6-7-7-7-7-5	9-8-5-6-7-6-6-6-6-7-6-8	6-6-6-6-6-3-6-8-6-7-8-6	6-6-6-6-6-6-7-6-8-8-7-6	6-0-6-6-3-8-6-8-7-7-6-6	6-6-6-7-7-6-8-7-7-7-6-7	6-7-7-1-7-7-5-8-4-8-6-3	1-9-8-6-7-3-10-6-3-8-6-1	6-1-8-8-7-1-6-6-8-6-6-8	7-6-7-1-6-8-6-5-8-3-6-7	6-7-12-8-12-5-0-12-6-8-8-7	10-6-3-6-8-6-8-7-10-9-10-7
144	8	8-8-8-8-8-7-8-8-8-7-8-8	8-9-7-6-7-8-9-8-6-7-6-9	6-8-6-6-6-9-7-8-9-9-7-8	6-6-9-6-6-6-9-6-10-9-9-6	6-0-6-6-3-7-7-7-9-6-6-6	9-6-6-7-9-6-9-7-7-8-6-7	3-9-8-0-8-8-11-7-8-7-6-6	1-7-7-7-7-9-7-8-3-7-3-9	6-3-7-7-8-7-0-7-8-8-5-12	7-2-10-9-6-7-6-5-7-1-6-7	6-8-10-7-1-5-0-10-6-7-7-8	7-6-6-6-7-6-7-9-1-9-8-8
144	9	9-9-9-12-9-12-11-12-12-12-9-12	10-8-10-11-10-12-10-10-10-10-10-10	9-9-10-6-9-10-9-10-9-8-9-9	10-9-10-10-6-9-11-6-8-8-8-9	6-10-9-9-10-7-10-10-8-9-8-9	9-10-7-9-9-10-8-10-7-8-9-10	10-8-11-10-9-11-8-10-8-7-10-10	1-7-10-7-8-10-7-9-11-9-10-10	10-10-10-7-10-9-11-10-8-9-8-11	10-10-11-11-5-10-8-4-10-10-9-10	10-1-9-10-7-12-9-10-10-9-7-3	9-9-9-10-10-10-1-10-12-8-7-8
144	10	9-9-12-9-9-9-9-9-9-9-9-12	9-4-9-9-9-9-9-9-9-9-9-9	12-10-9-12-10-9-10-9-9-11-10-10	9-9-9-11-11-10-9-11-8-8-10-9	11-9-11-11-9-11-9-11-8-9-11-6	9-9-11-10-8-9-11-9-8-8-3-9	10-11-9-9-10-9-8-9-9-12-9-9	9-11-9-10-11-9-7-11-3-9-9-9	9-9-9-11-12-9-9-9-9-8-11-9	9-9-8-9-11-11-8-5-9-9-9-11	9-1-7-9-7-9-9-9-9-10-1-9	7-6-9-9-9-9-10-9-5-5-7-11
144	11	11-10-12-12-9-9-9-9-9-12-12-11	9-7-9-9-9-9-12-12-9-9-12-12	11-12-10-10-11-12-10-11-11-10-11-11	11-11-9-11-10-10-9-10-10-11-10-12	10-12-10-10-11-10-12-10-11-11-11-11	1-11-10-11-9-12-10-9-7-8-1-11	11-10-9-9-11-9-8-9-11-10-9-9	11-10-10-10-10-12-7-10-10-11-11-11	11-11-11-11-10-11-9-11-9-11-10-9	9-1-9-9-10-10-8-4-9-9-11-10	12-11-9-9-7-9-11-11-9-10-1-3	9-10-11-9-11-9-10-9-9-11-7-10
144	12	12-12-12-12-12-9-9-12-12-9-12-12	11-7-12-11-12-9-11-11-9-12-11-11	11-11-12-10-12-11-12-12-11-12-11-11	11-12-12-12-12-12-9-12-12-12-12-11	12-11-12-12-11-12-11-12-12-12-2-6	12-12-10-12-12-11-10-12-12-12-12-12	11-12-12-12-7-12-12-12-12-12-11-12	12-12-10-12-12-11-7-3-10-12-11-11	8-12-6-12-10-12-12-8-12-1-10-8	9-12-12-12-12-10-12-9-12-12-11-12	11-12-7-8-7-9-11-12-12-12-12-12	12-8-12-9-8-12-12-0-12-12-7-12
145	0	0-0-0-0-0-0-0-0-0-0-0-0	0-0-0-0-0-0-0-0-0-0-0-0	0-0-0-0-0-0-0-0-0-0-0-0	0-0-0-0-0-0-0-0-0-0-0-0	0-0-0-0-0-0-0-0-0-0-0-0	0-0-0-0-0-0-0-0-0-0-0-0	0-0-0-0-0-0-0-0-0-0-0-0	0-0-0-0-0-0-0-0-0-0-0-0	0-0-0-0-0-0-0-0-0-0-0-0	0-0-0-0-0-0-0-0-0-0-0-0	0-0-0-0-0-0-0-0-0-0-0-0	0-0-0-0-0-0-0-0-0-0-0-0
145	1	1-1-1-1-1-1-1-1-1-1-1-1	1-1-2-1-0-1-2-1-1-1-1-2	1-2-2-2-2-2-2-2-2-2-2-1	2-0-2-2-2-2-0-2-1-3-2-0	2-0-1-2-0-1-1-2-0-1-2-2	1-2-2-1-2-4-2-2-1-1-0-2	3-4-1-0-0-1-1-0-1-1-2-0	2-2-0-2-1-2-1-1-1-0-2-0	1-0-0-1-2-1-0-0-2-1-2-1	2-1-1-0-2-2-3-1-3-1-2-2	0-1-1-0-2-1-1-1-0-1-1-1	4-1-1-1-4-1-3-0-0-1-2-2
145	2	2-2-1-2-2-1-2-1-1-2-2-1	1-2-1-1-2-1-1-2-2-3-1-2	0-3-1-1-1-3-3-1-1-3-3-2	3-3-1-1-1-1-2-1-2-1-3-0	1-0-1-1-3-2-3-3-2-2-4-1	3-3-4-5-1-1-3-1-2-2-2-1	4-1-2-2-3-1-2-2-2-1-2-3	11-1-3-3-1-1-2-3-2-0-4-5	2-6-2-2-1-2-2-3-1-2-1-2	2-2-2-1-1-1-2-2-1-4-3-1	2-2-2-0-1-2-0-2-3-3-2-2	2-2-8-2-1-2-1-2-2-0-1-1
145	3	3-3-3-3-3-3-3-3-3-3-3-3	4-4-3-1-3-3-1-2-2-2-1-4	1-3-2-1-1-2-4-1-4-2-4-4	2-2-4-1-1-2-2-1-4-1-2-0	1-0-0-3-2-4-2-2-2-3-3-1	2-2-2-2-2-1-2-4-3-3-3-3	1-1-3-2-2-3-2-4-3-3-2-2	3-3-4-4-4-1-3-2-2-3-2-0	3-2-2-2-1-2-1-4-4-3-1-4	4-2-3-3-1-1-1-3-1-2-4-1	4-2-4-0-1-4-4-2-2-2-2-2	2-2-2-2-1-5-1-5-3-9-12-3
145	4	4-4-4-3-4-5-4-4-4-4-4-4	5-5-3-1-4-5-1-5-4-5-3-5	1-4-1-1-5-2-3-4-3-2-5-3	4-5-5-5-2-2-4-1-4-5-5-0	1-5-5-4-2-3-5-4-5-2-2-5	5-2-2-2-4-1-5-3-4-4-5-3	2-1-3-0-2-4-4-3-7-4-5-2	4-1-3-3-3-1-6-2-2-5-2-0	7-2-2-2-4-2-0-3-3-7-4-3	3-2-4-5-1-5-9-5-3-2-3-1	3-4-6-6-5-3-3-2-2-2-3-2	5-2-2-6-1-4-3-5-0-5-4-5
145	5	4-4-6-5-5-4-3-5-5-4-5-4	4-4-4-5-8-4-5-4-6-4-7-4	2-5-6-6-5-6-4-6-6-5-4-5	6-6-6-6-5-8-5-1-6-4-4-5	7-4-7-10-2-3-4-6-4-8-6-8	4-8-5-2-6-5-4-5-4-3-4-5	9-4-3-5-2-4-2-7-2-4-8-2	3-11-5-5-5-5-4-5-2-4-5-2	2-5-2-10-5-6-5-8-5-4-5-5	7-8-5-4-5-4-6-4-1-5-4-5	5-2-4-4-4-4-5-3-2-5-5-2	4-2-5-8-8-5-8-4-5-4-9-5
145	6	6-6-5-6-5-3-6-6-6-6-8-5	5-4-3-7-5-7-7-7-5-4-8-7	7-6-5-7-7-7-7-7-5-6-7-7	5-5-5-5-7-7-5-9-5-7-6-7	8-0-5-11-7-7-7-7-4-6-5-5	9-12-7-5-5-7-7-6-4-4-2-9	8-7-4-2-7-6-6-6-4-9-5-7	3-6-9-7-6-6-4-4-12-6-5-10	6-2-5-9-4-5-6-5-5-4-9-6	5-7-5-5-5-6-5-4-7-2-6-6	0-2-4-4-4-6-3-2-7-5-5-2	4-2-7-4-1-6-9-0-6-5-4-6
145	7	7-7-7-7-7-7-8-7-7-8-8-7	7-9-11-6-5-8-6-6-8-4-6-6	6-6-6-6-6-6-8-6-8-6-8-6	6-7-8-6-6-6-8-6-8-7-6-6	5-0-5-7-6-6-6-6-8-6-5-5	5-5-8-7-7-6-8-7-7-7-5-7	6-6-4-7-6-7-12-5-4-8-0-6	8-7-6-8-7-9-7-8-2-8-5-8	4-7-8-6-7-5-12-5-8-4-6-8	5-6-7-8-5-6-5-4-6-2-12-6	0-8-7-4-9-8-8-9-2-5-5-2	4-2-6-5-12-8-6-8-8-8-8-6
145	8	8-8-8-8-7-8-8-7-7-8-7-8	8-9-7-6-5-7-6-6-7-10-6-8	6-8-6-6-6-6-7-6-7-6-9-6	6-7-7-6-6-6-9-6-9-9-7-0	6-0-5-9-6-7-9-7-9-5-5-5	5-5-9-7-9-6-9-7-7-7-5-7	6-6-8-0-6-7-9-9-4-7-5-9	7-7-6-7-8-9-11-7-6-7-5-7	9-6-9-6-8-7-0-5-7-7-6-7	5-5-8-7-7-6-9-9-8-8-8-6	8-7-8-4-12-7-7-7-2-5-5-2	8-2-2-5-5-7-6-8-7-7-7-7
145	9	8-8-7-8-7-8-11-7-10-8-8-8	10-8-7-6-10-11-11-11-11-8-10-8	11-10-11-6-6-10-10-11-10-6-8-10	11-10-10-10-6-10-10-6-8-11-6-10	6-9-10-8-11-7-8-11-8-11-10-12	10-10-8-5-8-6-10-9-7-7-11-10	10-6-7-10-10-7-8-10-3-7-10-8	7-7-10-10-9-10-8-5-6-8-5-8	10-9-9-6-6-5-10-10-4-9-6-8	10-9-5-9-10-6-8-8-10-11-9-6	10-8-8-4-7-10-9-7-10-9-5-2	9-10-9-10-10-9-6-9-8-3-5-7
145	10	10-10-8-12-11-11-9-12-12-8-10-12	9-11-11-6-9-9-9-8-9-8-9-11	9-9-6-6-6-9-11-9-9-6-11-9	9-9-9-9-6-9-9-6-11-11-11-9	6-9-9-6-9-10-9-10-11-9-9-9	9-9-8-10-10-6-9-9-8-8-10-9	12-6-10-9-12-10-10-9-4-7-9-9	7-5-9-9-10-9-11-10-2-7-9-6	9-9-9-9-7-10-9-9-11-9-6-7	9-9-8-9-9-6-5-8-9-9-9-6	9-11-8-4-11-9-9-7-9-5-10-2	10-9-9-9-9-11-10-11-10-10-11-10
145	11	10-12-12-12-10-12-12-12-11-12-11-12	10-10-10-6-9-9-9-12-9-4-12-10	9-11-12-12-11-9-10-9-11-6-10-9	9-11-9-12-11-11-9-11-8-9-10-11	11-11-11-6-9-10-10-12-10-9-11-11	11-9-12-11-8-6-10-11-10-7-2-12	11-6-10-11-9-11-10-9-4-12-11-11	2-11-9-11-11-9-8-10-2-7-11-7	12-9-11-11-11-5-9-9-10-9-11-7	9-11-5-11-11-6-11-8-9-9-11-6	11-10-11-4-10-11-9-9-11-11-5-11	11-11-9-11-11-10-11-10-7-11-10-10
145	12	12-12-12-12-12-12-11-12-12-12-12-12	9-10-12-6-12-9-9-11-9-12-11-11	10-12-12-11-12-12-12-12-9-12-10-12	9-12-9-12-12-12-9-12-12-12-12-11	12-9-12-12-12-12-11-11-12-12-6-9	12-12-12-11-12-12-12-12-12-12-12-11	10-12-12-12-10-12-7-12-12-12-10-12	12-12-6-12-12-8-4-5-6-12-5-12	11-12-12-6-11-12-12-8-12-5-11-9	9-12-12-12-12-6-12-11-12-12-12-12	11-10-8-4-8-9-9-12-12-12-12-12	12-12-12-9-7-12-12-12-12-12-12-6
146	0	0-0-0-0-0-0-0-0-0-0-0-0	0-0-0-0-0-0-0-0-0-0-0-0	0-0-0-0-0-0-0-0-0-0-0-0	0-0-0-0-0-0-0-0-0-0-0-0	0-0-0-0-0-0-0-0-0-0-0-0	0-0-0-0-0-0-0-0-0-0-0-0	0-0-0-0-0-0-0-0-0-0-0-0	0-0-0-0-0-0-0-0-0-0-0-0	0-0-0-0-0-0-0-0-0-0-0-0	0-0-0-0-0-0-0-0-0-0-0-0	0-0-0-0-0-0-0-0-0-0-0-0	0-0-0-0-0-0-0-0-0-0-0-0
146	1	1-1-1-1-1-1-1-1-1-1-1-1	2-1-1-2-2-2-2-1-1-1-2-2	1-2-0-1-3-2-0-2-2-2-1-1	2-2-2-2-0-0-2-1-1-2-0-1	1-0-1-3-1-1-2-1-1-1-2-0	2-2-2-1-1-1-1-2-1-1-7-2	7-1-2-1-2-1-2-2-2-1-1-1	1-1-1-1-1-2-3-1-1-1-7-2	7-2-2-1-1-3-1-1-3-1-1-3	2-1-1-6-1-1-1-1-2-5-2-1	1-2-2-2-1-2-1-2-1-1-3-1	2-1-1-1-2-2-1-3-2-1-1-1
146	2	1-1-1-3-1-1-1-1-1-1-1-3	1-1-1-3-1-1-1-2-1-1-3-3	2-2-3-4-5-1-3-3-1-1-7-2	3-1-1-3-3-3-1-5-3-1-3-4	4-2-4-2-0-2-3-3-1-1-2-3	1-3-3-1-2-5-3-3-1-1-3-6	2-2-1-1-1-1-1-1-1-1-3-4	1-2-3-3-2-1-1-2-2-1-3-1	1-1-1-2-3-1-3-3-1-2-3-1	1-1-1-1-3-3-4-1-7-1-1-3	1-1-1-1-1-3-0-1-1-1-1-1	1-2-5-1-1-1-6-1-3-1-3-1
146	3	1-1-2-2-1-1-2-1-2-1-1-2	1-1-1-2-1-1-1-3-2-5-2-2	0-4-2-2-2-6-4-2-4-5-4-2	2-4-4-2-2-2-1-2-2-3-4-2	2-1-2-2-4-3-4-4-3-3-2-2	4-4-5-3-3-5-4-2-3-3-10-3	8-3-1-3-4-3-3-4-3-1-2-3	3-2-4-4-6-1-1-5-5-3-2-1	3-6-3-3-3-1-2-4-1-1-2-1	4-3-3-1-2-2-3-2-4-4-4-2	6-1-1-0-3-3-6-3-3-4-1-3	3-3-2-4-3-1-1-1-2-1-2-1
146	4	4-4-4-4-4-4-4-4-4-2-2-4	1-5-1-2-1-5-1-5-2-3-2-2	0-4-2-2-2-3-3-5-3-3-5-5	2-3-5-2-2-2-5-2-4-4-3-2	2-2-2-2-3-5-3-3-3-3-1-2	3-3-3-1-1-3-3-4-3-4-4-4	2-3-4-3-3-3-6-3-4-4-2-2	4-2-3-3-2-1-4-3-3-5-3-1	3-3-3-3-3-1-1-3-2-2-5-1	3-3-4-1-2-2-2-4-3-1-3-2	6-1-6-1-3-1-0-3-3-3-3-3	6-3-2-3-1-1-5-1-10-1-9-1
146	5	5-5-5-5-6-6-5-4-4-5-5-4	4-4-6-2-1-4-2-4-2-3-5-2	0-5-2-2-2-4-6-4-6-6-6-4	5-3-6-5-2-3-5-2-6-6-3-2	2-0-2-6-3-4-6-5-6-3-2-2	3-3-3-1-5-3-6-6-5-5-6-3	3-2-4-3-3-3-6-6-5-5-2-3	1-2-3-4-2-1-6-3-3-7-3-1	1-3-4-3-5-7-5-4-6-5-4-9	5-3-7-9-4-6-2-6-5-1-3-2	3-4-7-1-6-7-0-3-3-3-1-3	10-3-2-3-1-1-4-1-9-1-6-1
146	6	5-6-4-6-5-5-5-6-6-5-5-7	5-5-5-2-5-1-7-5-7-3-8-7	7-6-7-7-7-3-7-7-7-5-5-7	6-7-5-7-8-8-5-8-5-7-3-7	8-6-2-5-3-4-7-7-5-8-7-7	7-8-7-1-6-7-5-5-5-5-3-7	3-2-1-7-3-5-7-5-5-5-7-3	1-3-12-7-3-1-5-3-3-5-9-1	3-3-3-3-6-1-0-7-5-7-3-5	1-3-3-1-7-5-6-5-6-1-7-7	3-1-4-6-5-9-3-3-3-7-7-3	4-6-6-6-3-8-2-1-5-5-5-6
146	7	5-7-7-7-7-7-7-7-7-7-7-7	8-9-5-8-9-8-8-8-6-7-6-8	6-6-6-6-6-9-8-6-6-8-8-6	7-8-7-6-6-6-8-6-7-7-8-6	6-6-2-6-3-9-6-6-7-7-6-6	6-6-9-1-5-6-8-8-5-5-1-6	1-2-7-6-9-4-6-8-7-7-6-7	1-9-9-8-8-0-5-8-3-5-1-1	1-3-1-3-5-7-1-6-9-6-7-5	8-3-7-1-6-1-8-5-2-1-6-8	7-8-5-9-7-5-11-7-6-6-6-3	5-6-7-6-7-1-2-10-11-1-8-7
146	8	8-8-8-7-8-10-7-7-9-7-8-9	7-7-7-7-7-9-7-7-8-7-6-7	6-8-6-6-6-9-7-9-7-9-7-7	9-7-9-6-6-6-7-6-9-9-7-6	6-6-2-9-3-7-8-7-9-6-6-6	6-6-3-8-9-6-9-7-8-8-0-6	3-9-7-3-7-3-9-7-5-8-2-9	4-7-1-7-7-2-9-7-3-8-7-1	8-3-4-3-5-10-1-9-9-5-3-12	7-3-12-11-6-6-7-9-7-1-6-8	7-7-8-10-9-10-7-3-3-7-6-3	5-6-6-6-12-6-2-10-9-10-10-8
146	9	8-8-12-9-9-8-7-12-8-9-9-8	8-7-7-8-7-8-10-9-11-11-6-8	10-8-11-10-9-11-10-10-8-8-8-9	10-10-8-6-2-9-7-6-8-11-7-9	2-10-9-8-10-7-8-7-8-9-9-6	10-9-7-9-9-9-8-9-8-8-5-10	9-8-7-9-7-9-8-7-5-9-9-8	1-7-11-7-9-9-8-7-9-9-9-1	3-9-9-3-10-1-9-9-7-1-7-5	9-9-9-9-8-4-8-8-10-9-9-2	9-1-8-7-9-12-10-9-9-9-1-3	9-6-9-9-9-1-1-9-8-9-4-7
146	10	12-12-12-12-12-12-12-12-11-12-12-12	11-12-11-11-11-11-12-12-12-11-11-11	9-10-12-11-10-12-11-11-11-11-11-11	9-9-11-11-10-11-11-11-11-10-10-9	10-9-9-11-9-10-11-10-11-10-11-11	10-11-11-11-8-12-11-11-8-8-11-11	9-11-11-9-11-10-12-11-5-7-10-11	11-10-12-10-10-9-8-11-3-11-10-11	1-9-11-10-9-12-9-9-10-12-10-11	10-10-10-10-10-12-10-8-9-9-10-11	10-11-8-7-12-8-7-10-9-10-11-12	5-10-7-9-10-10-11-7-8-11-8-7
146	11	10-10-10-10-10-10-10-10-10-10-10-10	10-7-10-10-10-10-10-10-10-10-10-10	12-11-10-10-10-10-10-10-10-10-10-10	12-11-10-10-10-10-10-10-10-9-10-9	10-9-9-10-10-10-12-10-10-10-10-10	11-10-10-10-8-10-10-10-8-5-10-12	12-10-10-10-10-11-8-10-5-12-10-10	10-10-9-10-10-11-8-10-3-11-10-11	1-9-10-10-12-10-11-11-10-10-10-10	10-10-10-8-10-10-10-8-9-9-10-10	12-10-10-7-12-2-12-11-4-10-10-10	5-6-11-10-12-10-10-7-7-10-8-7
146	12	12-12-10-10-12-10-10-12-12-10-12-12	10-10-12-10-10-10-10-10-10-12-10-10	11-11-10-10-11-10-11-10-10-12-12-10	11-12-12-11-12-12-10-10-12-12-12-9	10-9-12-12-12-12-11-11-10-12-10-2	12-12-10-12-12-10-10-12-12-12-12-11	9-12-12-12-7-12-8-10-12-12-11-10	12-10-10-12-12-11-12-10-9-12-10-12	3-12-12-12-10-10-12-10-12-10-10-9	9-10-8-12-12-10-12-8-12-12-10-12	11-10-12-7-10-9-11-10-12-12-10-10	10-10-12-9-11-12-12-7-12-12-8-7
147	0	0-0-0-0-0-0-0-0-0-0-0-0	0-0-0-0-0-0-0-0-0-0-0-0	0-0-0-0-0-0-0-0-0-0-0-0	0-0-0-0-0-0-0-0-0-0-0-0	0-0-0-0-0-0-0-0-0-0-0-0	0-0-0-0-0-0-0-0-0-0-0-0	0-0-0-0-0-0-0-0-0-0-0-0	0-0-0-0-0-0-0-0-0-0-0-0	0-0-0-0-0-0-0-0-0-0-0-0	0-0-0-0-0-0-0-0-0-0-0-0	0-0-0-0-0-0-0-0-0-0-0-0	0-0-0-0-0-0-0-0-0-0-0-0
147	1	1-1-1-0-1-0-1-1-0-1-1-0	0-0-0-0-1-0-0-0-0-0-0-0	3-1-0-0-1-0-2-0-0-1-0-1	2-0-0-0-3-2-0-4-1-0-2-0	2-0-6-1-0-1-2-2-1-0-1-0	1-5-1-0-0-4-1-1-0-0-0-2	1-1-0-0-1-0-1-0-0-1-2-2	0-1-2-1-1-0-1-1-1-0-1-0	0-0-1-1-2-1-0-2-3-1-1-1	2-1-0-0-2-2-1-1-4-0-0-1	0-1-2-0-2-0-0-0-0-1-1-1	0-1-4-1-0-1-1-0-2-0-2-1
147	2	2-2-2-2-2-2-2-2-2-2-2-2	3-2-0-0-2-2-3-2-2-3-2-2	5-3-1-3-1-3-3-3-0-3-3-3	3-3-3-3-1-1-0-1-1-2-3-0	1-0-0-1-3-2-3-3-2-2-4-4	3-3-4-3-2-0-3-1-2-2-2-2	1-2-2-2-3-0-2-3-2-2-1-5	2-1-1-3-1-2-2-3-8-0-4-7	2-3-2-2-1-4-2-3-0-1-1-3	1-6-2-3-1-1-1-2-0-3-2-1	2-3-2-0-1-2-2-2-5-1-1-2	4-2-1-3-2-2-1-2-1-3-1-1
147	3	3-3-3-3-2-3-3-3-3-3-3-3	2-3-4-0-2-3-2-4-2-2-2-4	1-2-2-4-4-2-4-5-4-5-4-4	2-2-2-2-1-2-4-1-3-4-5-0	1-0-1-1-2-5-2-2-2-6-5-2	2-2-2-2-2-0-4-4-2-3-3-3	1-1-4-0-2-5-2-2-3-3-1-2	4-1-1-4-1-3-3-2-4-3-2-0	3-2-2-2-0-2-0-2-4-1-4-2	2-1-3-5-1-3-4-1-0-2-2-1	2-2-7-0-4-3-7-2-2-4-2-4	5-2-1-2-2-3-1-3-7-2-3-3
147	4	4-4-4-4-4-4-4-4-5-4-4-4	5-3-3-1-5-5-6-6-2-2-5-3	8-4-4-3-5-2-3-6-5-4-5-3	2-6-5-5-1-2-4-1-5-3-3-0	1-0-1-4-2-3-4-5-5-2-2-2	1-2-2-0-4-1-5-3-4-4-5-6	1-1-3-0-2-3-5-5-4-4-0-2	3-1-1-3-2-0-7-2-3-3-2-0	5-2-3-2-0-2-0-2-3-4-3-5	1-1-4-3-1-4-3-5-1-0-6-1	2-2-5-0-3-5-0-7-2-3-1-3	2-2-1-2-2-4-1-3-3-0-5-5
147	5	4-3-4-5-4-5-4-5-4-5-5-5	6-3-3-6-5-5-9-5-6-7-5-6	2-5-6-6-4-6-6-6-4-3-4-5	6-6-4-6-6-2-6-6-4-3-3-6	6-0-1-7-2-3-6-4-4-5-3-1	2-1-6-2-4-1-4-5-4-5-4-6	1-7-3-0-2-3-4-4-4-4-1-8	3-1-1-6-5-0-4-2-2-3-2-0	4-2-2-5-0-6-0-6-5-6-5-7	7-1-5-3-7-12-4-4-0-2-0-1	5-7-5-0-4-6-6-2-2-1-7-2	5-7-5-2-5-6-5-6-3-5-4-4
147	6	6-6-6-6-6-6-4-6-4-8-8-5	5-3-3-5-4-5-9-7-5-5-7-5	2-6-8-8-7-8-7-5-8-8-7-7	5-4-7-5-8-8-5-9-5-7-3-5	5-3-1-7-2-3-5-4-5-9-5-6	2-5-7-7-6-0-4-5-6-6-4-5	1-6-8-0-2-7-5-4-6-8-6-7	3-6-8-5-5-0-4-2-2-6-2-0	2-2-2-2-7-5-0-5-5-5-6-5	6-2-6-3-7-5-4-9-6-2-2-6	5-5-5-0-4-5-6-2-2-1-5-2	5-2-5-5-5-5-6-5-3-5-4-4
147	7	8-8-7-8-7-8-8-8-8-8-6-4	7-6-3-8-5-9-6-6-8-5-8-8	7-8-8-6-6-9-8-8-8-5-8-6	8-8-8-6-9-9-8-8-5-6-7-8	9-0-9-6-2-3-8-8-5-8-8-8	8-8-8-6-6-8-8-9-6-6-8-8	6-6-6-7-2-9-4-8-6-7-8-6	6-9-6-8-5-7-4-2-2-8-8-11	2-7-12-8-7-5-7-8-5-5-7-5	8-7-7-4-8-8-8-8-8-8-8-7	8-5-3-0-5-8-3-9-8-7-5-2	5-5-7-9-8-9-6-5-3-8-4-4
147	8	8-8-8-8-8-8-9-8-8-7-8-8	7-10-9-7-8-5-6-7-7-9-7-9	4-7-7-6-6-7-7-7-6-9-9-7	7-7-7-7-6-7-7-6-9-9-9-7	6-0-7-5-11-9-7-7-8-7-7-7	7-7-7-6-10-7-9-8-4-6-7-7	1-8-6-0-9-8-12-7-6-6-7-5	3-7-6-9-8-9-8-8-2-8-7-7	7-8-9-7-12-5-7-7-8-7-9-9	7-7-7-9-7-10-7-7-7-7-7-9	8-5-8-8-12-7-8-7-7-2-5-2	9-2-5-7-7-7-6-9-7-7-4-4
147	9	8-12-8-8-10-9-8-8-8-9-8-9	9-8-8-10-8-9-6-9-7-8-7-8	10-7-7-6-10-7-8-8-9-10-8-10	9-10-10-10-7-7-8-6-8-10-8-7	7-0-7-9-11-8-8-7-10-6-7-7	7-7-8-6-9-7-10-8-9-6-7-7	1-10-6-0-8-7-4-10-6-9-7-5	3-7-6-8-8-9-8-8-2-10-7-10	7-10-8-7-7-5-7-10-5-6-8-8	8-7-7-10-7-7-8-6-9-9-7-8	7-6-8-10-9-9-8-7-7-9-9-2	8-9-5-7-7-7-6-9-8-7-4-9
147	10	10-12-12-12-9-12-12-12-11-11-12-12	9-8-8-12-11-11-11-11-11-11-11-12	10-11-11-11-9-11-10-11-11-11-9-9	11-9-9-11-10-10-8-6-9-9-11-11	10-11-10-9-9-8-9-10-9-6-9-7	11-10-10-11-9-7-9-10-6-6-8-11	10-9-8-11-11-10-4-9-6-12-11-10	11-7-11-10-10-10-8-8-12-9-7-9	10-9-12-7-11-5-11-9-5-11-10-5	12-10-7-9-11-11-4-6-11-10-11-11	7-5-11-9-9-11-10-11-10-11-5-10	10-11-10-10-7-7-6-10-3-10-4-4
147	11	10-11-10-12-10-10-10-11-12-10-11-12	12-8-10-12-10-12-10-10-10-10-12-12	11-10-12-10-11-10-11-11-12-10-12-11	10-11-10-11-11-11-11-11-9-10-10-11	10-10-12-10-9-11-12-12-9-11-11-11	11-11-12-11-9-10-10-10-4-3-11-10	10-9-11-10-10-10-11-11-6-12-12-11	11-11-10-11-10-10-8-8-10-9-11-10	12-9-11-10-10-11-10-10-10-10-10-10	10-10-7-9-11-10-10-11-10-11-10-10	11-5-10-9-10-10-10-12-10-11-9-10	12-10-11-10-11-7-6-10-10-11-4-11
147	12	12-12-12-12-12-12-10-12-12-11-12-12	11-9-12-11-12-11-10-11-11-12-11-11	11-12-11-11-12-10-12-12-11-12-11-12	11-12-11-12-12-12-11-12-12-12-12-11	11-10-11-12-12-12-11-11-9-12-11-11	12-12-12-11-12-10-12-12-12-12-12-12	10-12-12-12-10-12-5-12-12-10-11-11	12-7-11-11-12-11-8-7-10-10-11-12	11-12-12-12-11-12-12-12-12-11-10-10	10-12-12-12-12-5-12-11-10-12-12-12	11-12-12-12-8-10-12-11-12-12-5-2	11-12-12-10-11-12-12-12-12-12-12-12
148	0	0-0-0-0-0-0-0-0-0-0-0-0	0-0-0-0-0-0-0-0-0-0-0-0	0-0-0-0-0-0-0-0-0-0-0-0	0-0-0-0-0-0-0-0-0-0-0-0	0-0-0-0-0-0-0-0-0-0-0-0	0-0-0-0-0-0-0-0-0-0-0-0	0-0-0-0-0-0-0-0-0-0-0-0	0-0-0-0-0-0-0-0-0-0-0-0	0-0-0-0-0-0-0-0-0-0-0-0	0-0-0-0-0-0-0-0-0-0-0-0	0-0-0-0-0-0-0-0-0-0-0-0	0-0-0-0-0-0-0-0-0-0-0-0
148	1	1-1-1-1-0-1-1-1-1-1-1-1	0-0-0-0-2-0-1-0-1-0-1-0	1-1-1-1-1-0-0-1-1-0-0-0	2-2-2-1-1-1-0-1-0-0-0-8	0-5-5-0-1-0-2-1-0-1-1-1	1-1-0-1-1-1-2-1-0-0-0-1	0-0-0-5-0-1-0-0-1-1-8-2	1-0-1-1-1-2-0-0-2-2-5-0	2-5-2-1-1-1-5-1-0-0-1-0	1-1-1-3-1-0-0-0-1-7-1-0	8-0-0-1-0-1-1-1-0-1-1-1	1-0-1-1-1-1-1-1-1-1-0-0
148	2	2-2-2-3-2-2-2-2-2-2-2-3	3-0-3-2-1-3-2-2-3-2-2-3	2-3-3-3-3-3-3-3-2-2-3-2	3-1-3-3-3-3-0-3-3-0-3-2	3-1-3-3-1-2-3-3-0-2-2-3	2-5-3-2-3-5-3-3-0-0-0-3	3-0-2-1-2-2-0-3-2-2-3-4	2-2-2-3-2-4-0-3-1-1-3-1	1-1-1-2-3-2-1-3-4-2-3-2	2-2-6-3-3-2-4-3-4-1-3-4	3-2-3-3-3-2-3-1-3-2-2-2	0-2-2-1-3-2-2-1-3-3-3-0
148	3	2-3-2-3-3-3-2-4-2-3-2-3	4-3-2-2-3-2-2-3-3-4-2-4	7-4-2-2-2-4-4-2-2-4-4-3	4-4-2-2-2-2-4-2-2-3-4-2	2-3-2-2-4-3-4-4-3-3-5-2	7-2-5-6-3-2-4-4-3-3-7-3	2-3-0-3-4-3-6-2-3-2-2-7	3-2-4-4-2-2-0-4-7-7-2-7	3-1-3-3-2-5-2-2-2-2-2-0	4-3-1-2-2-2-2-2-1-1-2-2	4-3-2-2-2-3-2-3-4-2-3-3	3-3-2-2-2-3-3-3-2-2-2-0
148	4	4-4-4-4-4-4-4-3-4-4-4-4	3-7-4-2-4-4-2-3-2-3-2-3	2-4-3-2-2-3-5-3-5-3-5-5	3-3-5-2-2-2-3-2-5-5-3-1	2-4-1-4-3-5-3-3-3-2-4-2	3-2-3-7-3-2-3-5-4-6-0-4	3-4-6-1-3-4-5-5-4-4-2-2	4-2-3-5-2-2-4-3-3-4-2-3	4-1-3-3-4-3-2-5-5-2-2-5	5-3-4-4-2-2-2-5-2-6-5-5	5-3-5-4-5-5-5-6-3-3-3-3	6-3-2-1-2-6-2-4-7-4-6-4
148	5	5-7-5-4-5-7-5-5-5-5-5-5	6-6-7-2-3-6-2-6-2-7-5-6	2-5-2-2-2-3-4-5-4-3-6-4	3-6-6-6-2-3-5-2-5-6-6-1	2-1-1-7-3-4-6-5-6-2-3-2	3-2-3-3-5-2-6-4-5-7-6-2	3-6-7-1-3-6-5-4-7-4-6-3	0-2-4-4-2-2-7-3-3-6-1-3	5-1-3-6-5-3-1-4-4-7-5-4	4-3-5-6-2-6-2-4-4-1-4-4	4-5-4-7-4-4-4-3-3-3-4-3	6-6-2-1-2-5-2-6-4-4-7-0
148	6	8-5-5-6-6-5-7-6-6-4-6-5	5-5-5-6-8-5-6-5-7-5-7-5	3-6-7-7-6-8-7-7-7-6-5-6	7-7-7-7-6-8-7-2-7-5-5-2	8-3-7-9-6-4-5-7-5-9-7-8	5-8-7-3-7-2-5-6-5-4-5-7	7-5-4-6-3-5-3-7-3-5-7-3	4-6-6-6-12-6-5-6-3-5-12-3	3-1-3-5-6-7-6-7-7-5-6-6	7-8-6-5-6-6-7-5-2-4-5-6	7-3-5-5-5-5-4-4-3-9-7-4	5-5-6-9-2-4-6-5-4-5-4-0
148	7	6-5-5-8-6-5-5-7-6-7-7-5	6-5-5-7-6-5-8-6-6-5-6-6	8-7-6-9-8-3-6-8-6-9-7-8	8-6-6-8-7-8-6-14-6-8-7-1	8-1-6-8-8-8-8-8-5-7-6-6	9-15-6-3-6-8-8-7-5-5-3-9	6-7-5-1-7-9-5-6-5-9-6-3	4-10-12-8-7-7-5-9-3-7-6-3	3-1-3-8-5-6-1-6-6-5-6-7	6-6-6-6-7-7-6-5-7-1-2-9	6-3-5-5-4-9-4-3-4-6-6-3	0-7-7-1-4-3-7-4-4-5-5-0
148	8	8-8-8-8-8-8-8-8-8-8-8-8	8-9-8-7-6-9-7-9-6-5-6-8	7-7-7-7-7-9-9-7-6-7-9-7	7-8-9-7-7-7-8-7-6-10-7-1	6-1-1-7-7-9-7-7-9-8-7-6	3-6-9-8-8-7-9-9-9-10-3-8	7-9-8-1-8-8-15-9-12-10-1-7	9-7-9-7-9-9-8-6-3-5-6-8	7-1-3-7-8-8-1-6-4-5-6-8	6-6-6-15-7-7-6-9-7-9-12-7	1-9-15-5-4-9-4-8-9-6-6-8	10-3-7-1-9-8-7-10-10-10-9-10
148	9	10-8-11-13-9-11-11-15-11-8-9-8	10-5-8-7-8-8-10-10-10-5-11-10	9-10-11-7-9-11-10-9-9-7-8-9	10-9-10-7-7-10-9-7-6-9-8-9	7-11-6-7-9-8-10-7-8-9-6-6	7-7-8-9-8-14-8-8-8-8-11-7	9-8-8-15-9-10-3-10-7-7-11-9	8-4-11-6-8-10-8-7-3-9-9-14	9-9-10-7-2-9-9-10-6-9-7-8	6-6-6-8-10-7-6-8-10-10-10-7	10-8-8-5-4-7-10-11-11-6-6-3	8-7-11-6-8-8-7-9-9-9-8-8
148	10	10-10-10-9-9-10-11-11-12-9-9-11	11-8-8-11-9-10-9-11-11-5-11-11	9-9-12-7-7-9-9-9-9-7-10-11	11-9-9-11-11-11-8-7-11-8-10-1	13-9-6-13-11-10-11-11-8-10-11-6	12-5-13-10-8-11-11-10-10-8-3-11	11-11-10-9-11-10-11-9-8-8-9-10	9-7-12-11-13-9-8-15-3-9-6-9	9-9-11-11-15-6-1-9-5-5-12-8	10-10-8-8-12-12-6-5-9-9-9-10	9-10-8-5-4-5-9-10-9-10-6-3	8-13-9-10-8-8-12-5-8-8-8-8
148	11	11-15-10-11-9-11-11-11-12-11-11-10	11-12-14-10-8-12-9-10-10-5-10-10	9-13-9-7-10-9-12-12-13-10-12-10	10-9-9-10-10-10-9-7-10-12-13-9	10-9-6-7-10-10-10-10-12-10-10-6	10-9-13-10-11-7-12-11-12-12-9-8	10-10-8-1-10-8-12-12-11-11-9-15	12-12-9-10-10-9-14-6-3-13-6-9	9-9-3-10-11-6-9-9-11-5-10-11	6-6-13-10-10-7-6-13-10-9-9-10	9-11-8-13-12-11-9-12-9-6-6-3	11-3-9-6-8-8-10-9-14-9-14-11
148	12	11-13-12-12-12-9-15-15-10-15-15-15	13-11-11-10-14-13-9-14-14-5-10-9	14-13-14-7-10-14-11-14-13-10-11-11	13-9-12-10-10-13-13-7-11-14-11-13	10-14-12-8-14-10-13-13-11-13-13-13	13-13-10-12-12-7-11-13-11-11-13-13	13-10-8-13-13-14-11-13-8-15-13-14	11-11-14-13-6-13-8-6-14-12-6-9	13-14-13-13-10-14-14-13-11-12-10-11	14-13-6-13-13-7-6-5-13-12-12-7	14-12-12-5-11-15-9-12-12-13-6-12	11-12-13-12-13-12-10-12-11-12-11-8
148	13	13-12-13-15-13-15-13-13-15-13-13-10	14-14-14-10-6-12-12-10-12-5-10-12	12-12-12-7-10-11-14-12-12-13-14-11	12-12-12-10-10-12-12-7-11-11-11-12	10-9-12-10-12-13-12-12-13-12-12-12	12-12-11-10-11-7-14-13-13-13-12-12	12-10-14-12-12-13-13-12-13-13-12-12	11-7-10-12-10-12-8-6-12-11-6-9	12-12-12-12-11-13-12-12-14-12-10-11	12-12-13-12-12-12-6-11-12-12-12-7	12-15-12-8-11-13-9-12-12-12-12-12	13-10-12-12-12-14-10-14-11-13-13-14
148	14	14-14-13-13-15-15-13-13-15-15-13-15	13-13-13-10-12-12-15-12-12-13-15-15	14-14-15-15-14-12-13-12-12-14-13-14	12-12-12-14-14-14-12-7-11-12-14-12	10-9-12-14-12-14-15-14-12-12-14-14	12-12-14-14-8-9-13-13-13-13-3-14	15-10-13-12-12-12-13-12-13-15-12-12	0-14-12-14-14-9-8-6-12-11-6-9	12-12-12-14-13-12-12-12-13-13-14-7	12-12-13-14-14-7-14-11-9-12-9-7	9-13-12-5-11-13-9-12-13-14-6-12	11-14-14-12-14-13-14-13-11-13-11-13
148	15	15-15-15-15-15-15-15-15-15-14-15-15	13-13-15-10-15-12-14-14-14-15-14-14	14-14-15-14-15-15-15-15-12-15-13-15	12-15-14-14-15-15-12-15-15-15-15-12	10-9-15-15-15-15-14-15-11-15-7-14	15-15-15-15-15-9-15-15-15-15-15-15	14-15-15-15-10-15-8-12-15-15-12-11	15-15-14-15-15-9-5-6-12-15-6-15	3-15-15-15-10-15-15-10-15-6-14-15	12-15-15-15-15-7-15-11-15-15-15-15	11-13-8-5-12-12-15-15-15-15-15-15	15-12-15-12-14-15-15-13-11-15-11-0
149	0	0-0-0-0-0-0-0-0-0-0-0-0	0-0-0-0-0-0-0-0-0-0-0-0	0-0-0-0-0-0-0-0-0-0-0-0	0-0-0-0-0-0-0-0-0-0-0-0	0-0-0-0-0-0-0-0-0-0-0-0	0-0-0-0-0-0-0-0-0-0-0-0	0-0-0-0-0-0-0-0-0-0-0-0	0-0-0-0-0-0-0-0-0-0-0-0	0-0-0-0-0-0-0-0-0-0-0-0	0-0-0-0-0-0-0-0-0-0-0-0	0-0-0-0-0-0-0-0-0-0-0-0	0-0-0-0-0-0-0-0-0-0-0-0
149	1	1-1-1-0-1-0-0-1-1-1-1-1	1-0-0-2-0-1-2-2-1-0-1-2	2-2-2-2-2-2-2-0-0-0-0-0	2-2-1-2-2-2-0-2-2-0-0-2	2-2-2-2-2-0-2-2-0-0-3-2	2-2-3-1-1-2-2-2-0-0-0-0	0-2-1-0-0-0-0-2-1-1-2-0	1-2-2-2-2-1-0-3-2-0-1-1	0-2-1-2-2-2-1-0-2-1-1-2	2-1-1-0-0-2-2-0-2-1-0-0	0-0-0-0-1-0-0-1-0-2-1-1	1-0-2-2-0-1-2-0-0-0-0-0
149	2	2-2-2-2-2-2-2-2-2-2-2-2	2-3-3-1-3-2-1-3-1-2-1-2	1-2-1-1-1-1-1-3-2-2-3-3	1-1-2-1-1-1-0-1-1-1-3-1	1-1-1-1-1-3-1-1-3-2-1-1	1-1-1-2-2-1-3-1-2-2-2-2	4-1-3-0-2-0-3-1-0-0-1-2	0-1-1-1-2-2-5-1-1-2-3-2	2-1-2-1-1-1-1-2-1-2-1-2	1-1-2-3-3-1-1-0-1-2-2-2	2-2-3-5-3-0-1-2-0-1-1-1	10-5-1-1-0-2-1-2-6-2-0-3
149	3	2-3-2-3-2-2-2-2-3-2-2-2	3-2-2-3-2-3-3-4-3-2-4-3	3-3-4-3-1-4-3-4-4-2-2-3	3-3-3-4-3-4-4-3-3-4-2-8	1-5-8-1-3-2-4-4-2-1-1-1	1-3-1-3-3-1-4-4-0-0-0-4	3-4-2-3-6-3-2-2-0-3-3-0	4-0-1-3-4-3-2-1-3-5-2-3	5-3-4-1-2-3-5-3-4-4-1-0	3-3-3-2-2-2-0-0-3-5-3-0	5-3-2-2-2-3-5-5-5-3-3-3	3-2-3-3-3-3-3-3-2-3-0-2
149	4	5-7-4-4-4-4-4-4-4-6-6-6	5-2-2-4-5-5-5-5-5-5-5-5	4-5-3-5-6-5-5-5-6-5-5-5	5-4-5-6-4-3-5-4-5-3-5-3	6-4-3-3-3-4-5-4-3-5-7-4	5-3-5-4-2-5-5-3-5-0-12-3	2-10-4-4-3-3-6-4-4-5-5-5	4-4-7-4-4-3-2-6-3-5-5-5	7-3-5-4-4-6-3-7-6-6-4-5	5-9-4-5-5-4-7-6-3-3-4-5	4-5-5-2-7-4-8-4-3-4-6-3	8-2-4-3-7-5-6-5-2-7-7-6
149	5	4-4-4-4-4-5-4-4-5-4-4-4	4-2-2-8-4-4-4-4-4-4-4-4	7-4-4-4-8-4-6-4-4-4-4-4	6-4-4-4-7-6-4-8-4-8-6-3	7-3-3-6-3-6-6-6-4-4-6-6	4-3-6-4-3-4-6-5-4-5-7-6	5-8-2-3-3-3-2-6-0-5-6-4	4-5-6-6-4-3-2-4-3-4-4-4	3-3-4-5-6-4-3-4-4-4-6-4	4-4-4-4-6-5-8-0-3-3-3-4	3-4-4-2-4-4-3-3-3-5-4-3	2-2-5-3-4-4-4-4-2-5-0-4
149	6	4-6-4-4-6-6-4-7-4-4-4-4	4-7-2-5-4-4-4-7-7-7-5-7	5-4-5-4-5-9-5-7-4-7-6-7	5-7-7-4-5-5-7-5-4-6-5-3	4-3-5-5-7-5-7-5-7-6-5-5	4-9-8-4-6-4-7-8-6-6-13-6	5-6-2-3-7-3-7-7-6-6-5-7	13-5-5-7-6-3-2-7-9-9-4-7	6-3-6-6-5-4-3-6-4-4-5-7	7-6-6-4-5-4-4-4-3-3-7-7	6-4-4-2-2-6-3-7-3-3-4-6	6-6-3-3-4-4-4-6-2-5-5-4
149	7	7-4-8-7-8-7-7-7-4-4-7-7	4-8-7-5-4-4-4-6-6-6-5-6	5-7-6-4-5-6-8-8-4-6-8-6	6-6-6-5-5-5-6-5-4-7-6-3	5-3-3-5-6-8-6-6-6-4-4-5	4-6-6-4-7-4-8-7-6-10-5-7	5-6-9-3-6-10-9-8-7-6-5-6	7-5-4-6-4-3-8-6-6-8-4-6	7-3-6-8-7-7-3-4-6-4-8-7	3-6-7-6-5-8-4-9-3-3-8-6	2-4-4-7-4-4-3-6-3-8-4-8	7-6-5-3-4-4-4-8-11-8-8-4
149	8	11-8-7-8-7-8-7-8-9-4-8-8	4-9-7-5-9-9-4-6-6-6-4-6	5-8-4-4-5-10-7-10-9-8-9-9	6-9-9-9-5-5-9-5-9-9-6-3	5-3-3-9-6-7-9-8-9-4-4-5	5-3-6-4-8-4-9-6-8-9-12-7	5-9-9-3-6-3-9-9-8-5-3-9	8-5-4-7-8-3-7-6-6-7-4-4	3-3-9-7-8-4-4-4-8-4-7-12	7-4-7-8-4-7-5-8-4-3-7-7	4-4-8-9-14-8-3-10-3-7-4-7	4-6-5-3-4-4-4-7-8-7-9-14
149	9	9-8-10-11-11-7-7-4-8-9-8-14	4-8-7-4-8-8-4-10-11-6-11-6	11-10-11-10-11-6-10-8-10-8-8-8	11-10-8-10-11-10-8-5-8-8-6-9	10-3-14-8-6-7-10-10-8-11-11-11	10-10-6-4-9-11-8-8-8-8-10-10	14-8-8-3-6-3-8-8-8-12-10-9	6-5-6-10-6-9-8-8-6-6-10-10	10-3-8-10-9-4-3-10-9-9-7-13	11-10-7-9-10-9-9-8-10-11-10-10	11-4-10-8-9-9-3-9-10-12-9-6	10-9-9-9-10-10-4-7-8-10-8-8
149	10	10-10-9-10-10-11-11-10-10-4-10-10	10-12-11-4-11-11-11-11-8-11-9-11	5-9-9-9-9-8-11-8-11-8-11-11	10-11-11-9-9-9-8-5-11-11-11-3	9-3-3-9-6-11-9-9-10-10-9-9	9-9-12-4-12-4-9-7-6-10-9-10	9-11-10-3-6-10-11-9-8-10-9-10	10-5-11-9-10-10-10-10-6-5-9-9	9-10-11-9-8-10-9-9-10-9-11-10	10-9-10-4-9-10-9-8-11-9-9-9	9-11-9-9-11-9-10-8-9-11-9-11	10-9-5-9-9-9-10-11-8-9-10-11
149	11	11-14-11-11-11-10-10-11-11-11-11-11	12-10-10-5-10-10-10-10-9-10-9-10	9-11-9-9-9-6-10-10-12-12-10-10	12-10-10-9-9-9-8-5-12-12-10-3	9-3-3-12-6-10-10-10-12-11-9-9	9-9-6-4-11-9-12-11-11-11-9-10	3-13-10-3-13-10-13-10-11-13-9-10	12-9-10-10-11-3-10-8-6-12-9-9	9-3-10-12-11-10-3-9-10-9-10-10	10-4-8-12-9-9-12-8-10-9-9-9	9-10-12-14-10-14-10-8-9-10-4-10	11-9-5-9-9-10-4-10-7-9-10-10
149	12	12-13-14-14-12-13-13-13-14-12-13-14	11-10-10-12-13-13-10-12-13-13-12-14	12-12-13-12-12-13-12-12-13-11-13-12	13-12-13-13-12-12-13-9-11-11-13-12	9-14-13-11-12-10-13-12-11-12-12-13	12-13-10-12-11-14-11-11-10-11-4-13	14-11-12-13-12-12-11-13-11-12-13-9	4-10-13-11-12-13-10-12-6-13-9-13	13-13-13-12-13-13-13-13-13-13-11-10	10-14-13-11-12-10-9-13-13-13-13-13	13-10-11-11-11-11-13-13-13-12-9-6	12-9-12-3-13-4-4-12-13-11-13-10
149	13	14-13-13-14-14-14-14-14-14-14-14-14	14-10-14-12-12-14-14-13-14-14-14-14	13-14-14-14-13-12-13-12-13-11-12-13	12-12-12-12-13-13-12-9-11-12-12-12	14-12-9-11-12-13-14-13-12-14-13-13	13-12-10-13-11-12-11-13-11-11-6-12	14-11-10-12-14-12-11-12-11-14-14-14	6-13-12-13-13-14-10-14-6-12-14-12	14-12-12-13-14-12-12-12-12-12-13-10	10-13-13-9-13-14-13-12-12-12-12-13	13-10-11-11-11-13-12-13-13-13-9-6	12-9-13-13-13-4-13-12-12-11-12-10
149	14	14-14-13-13-14-13-13-13-14-13-14-14	13-10-14-12-14-13-13-13-13-14-13-13	12-13-13-13-14-14-14-14-13-14-14-14	13-14-13-14-14-14-13-14-11-14-14-9	13-12-14-14-14-14-13-14-11-14-13-9	14-14-14-13-14-12-14-14-14-14-14-13	13-14-14-14-13-14-14-13-14-14-13-13	14-14-13-14-14-13-10-13-13-13-13-14	13-14-14-14-13-14-14-9-14-13-13-10	12-13-14-14-14-13-14-12-12-14-12-14	13-14-14-11-8-11-13-14-14-14-14-6	12-13-14-3-13-14-14-7-14-14-14-8
150	0	0-0-0-0-0-0-0-0-0-0-0-0	0-0-0-0-0-0-0-0-0-0-0-0	0-0-0-0-0-0-0-0-0-0-0-0	0-0-0-0-0-0-0-0-0-0-0-0	0-0-0-0-0-0-0-0-0-0-0-0	0-0-0-0-0-0-0-0-0-0-0-0	0-0-0-0-0-0-0-0-0-0-0-0	0-0-0-0-0-0-0-0-0-0-0-0	0-0-0-0-0-0-0-0-0-0-0-0	0-0-0-0-0-0-0-0-0-0-0-0	0-0-0-0-0-0-0-0-0-0-0-0	0-0-0-0-0-0-0-0-0-0-0-0
150	1	1-1-1-1-1-1-1-1-1-1-1-1	1-0-0-1-0-1-1-2-1-1-1-0	2-1-0-0-1-2-0-0-0-0-2-0	2-2-2-1-1-1-3-10-0-0-0-1	0-2-1-1-2-0-2-0-0-1-0-1	1-1-0-0-1-1-0-1-0-0-0-1	5-0-0-5-0-0-0-0-2-1-0-0	1-0-0-1-1-2-0-0-1-1-1-2	2-2-2-0-0-0-2-2-0-1-1-0	1-1-1-1-0-1-0-0-1-2-2-0	1-1-1-0-1-1-2-2-5-1-1-1	0-1-1-1-1-1-1-1-0-0-0-0
150	2	2-2-3-2-2-2-2-2-2-2-2-3	1-0-2-5-2-1-2-3-1-1-3-3	1-3-3-3-3-1-3-3-1-2-3-3	1-2-1-3-3-3-1-5-3-0-2-4	2-1-4-4-1-2-3-2-1-5-2-3	2-3-3-2-2-5-2-2-2-2-2-3	3-4-0-1-2-2-2-3-1-2-6-2	3-3-3-3-2-1-0-2-1-2-1-1	2-1-1-2-3-0-1-1-0-2-3-2	1-2-1-2-3-3-4-0-2-1-4-2	2-2-1-2-4-2-1-1-0-2-2-2	0-2-1-1-3-2-2-0-0-4-0-2
150	3	3-3-2-3-3-3-3-3-3-3-3-2	4-3-2-2-3-4-4-2-3-4-2-2	2-2-4-2-2-4-2-4-1-4-4-2	4-4-4-2-2-5-1-2-2-3-4-2	2-1-2-2-4-2-4-2-3-2-5-2	2-5-5-7-3-2-4-2-4-3-8-2	2-3-0-1-4-2-4-4-3-3-2-6	2-2-2-4-2-1-0-5-6-1-5-3	3-1-6-3-2-5-1-4-0-3-2-4	3-3-1-1-2-2-4-3-3-6-3-2	3-3-3-0-4-3-3-3-6-2-3-3	0-3-1-1-2-3-2-3-0-4-0-2
150	4	4-4-4-4-3-4-4-4-4-4-5-4	3-4-5-2-3-4-3-5-3-3-2-5	2-3-3-2-2-3-5-6-5-6-5-5	3-3-3-3-2-3-5-2-5-5-3-2	2-6-2-2-3-6-3-3-3-7-6-2	3-8-3-2-3-2-5-5-3-4-7-4	2-2-6-8-3-0-3-5-4-4-2-5	5-2-2-3-4-1-4-3-5-4-3-4	4-1-3-3-10-3-4-3-5-4-5-3	3-2-4-6-2-4-5-4-2-3-2-2	4-4-6-4-5-5-8-3-3-5-4-5	3-3-1-1-2-3-2-4-18-2-4-4
150	5	5-5-5-5-5-5-5-4-7-5-5-5	6-4-4-2-7-6-2-7-3-3-6-4	2-5-3-2-6-3-4-7-6-3-6-4	3-3-6-6-2-3-5-2-6-4-3-2	2-7-2-10-3-4-5-7-6-2-3-2	2-3-3-2-5-2-6-4-5-5-12-2	2-2-4-1-3-6-8-6-5-5-2-4	4-2-2-4-6-1-8-3-4-4-3-3	6-1-4-2-5-3-4-3-5-9-4-6	8-2-5-8-5-5-4-6-2-3-7-2	3-4-6-6-4-4-1-3-8-4-3-4	9-3-8-1-2-5-2-4-4-4-6-6
150	6	5-4-5-6-5-6-5-6-5-6-6-6	7-4-4-2-8-6-2-8-7-10-6-7	2-6-7-2-5-4-7-4-5-4-5-6	7-3-5-7-2-3-7-7-7-4-4-2	7-4-2-8-3-4-7-5-5-6-4-2	3-3-7-2-5-2-5-7-5-6-5-7	2-6-4-1-3-5-5-5-5-5-2-7	4-2-2-7-7-1-5-3-3-4-7-6	5-1-3-6-3-6-1-7-6-4-6-8	8-2-6-4-8-19-5-5-2-3-3-2	6-8-5-5-5-7-7-3-3-7-8-3	10-8-6-1-6-6-6-6-4-6-5-5
150	7	7-7-5-7-7-7-5-7-5-7-7-6	6-5-4-6-5-6-10-8-6-3-6-6	3-7-7-8-8-6-6-6-8-9-9-8	6-5-8-6-9-9-6-6-6-8-4-6	6-4-4-8-3-4-6-5-8-9-6-7	3-4-6-8-7-3-5-6-7-7-5-6	8-8-8-2-3-8-5-5-7-10-7-8	8-7-9-6-6-1-5-3-3-7-6-3	5-1-3-7-3-6-3-6-6-6-7-6	7-2-6-6-2-6-5-7-7-3-5-9	6-6-9-5-5-6-7-3-3-6-6-3	0-3-6-1-6-6-8-6-4-6-5-5
150	8	9-9-8-9-8-8-9-9-5-7-7-9	9-4-4-9-6-6-7-7-9-6-9-9	11-8-9-7-7-3-7-9-9-6-8-7	9-9-9-7-10-9-10-9-6-7-8-8	9-8-9-7-3-4-9-9-7-9-9-9	9-9-9-7-7-8-9-3-7-7-3-9	7-7-7-8-3-8-5-8-7-10-9-10	7-7-2-9-6-8-5-8-3-8-9-9	9-1-3-9-8-6-9-9-6-9-10-6	7-9-13-9-9-6-5-11-3-3-9-9	9-6-4-8-5-10-4-9-9-10-6-3	0-6-8-9-9-9-7-6-4-9-5-5
150	9	9-9-9-9-8-9-9-9-9-9-9-9	8-10-9-8-6-6-7-8-8-3-8-8	2-9-8-7-7-8-10-9-8-7-10-8	8-8-8-6-7-8-10-7-10-10-9-2	8-1-8-7-3-10-8-8-10-8-8-8	8-8-8-8-10-8-10-9-9-9-17-8	2-8-9-1-11-9-10-10-7-8-8-7	9-8-7-8-7-1-10-8-3-9-8-8	8-1-3-8-9-6-8-8-6-5-5-18	9-8-9-8-8-6-6-7-2-3-8-8	8-6-7-9-5-8-9-8-8-8-6-3	0-3-6-8-8-8-7-9-9-8-5-5
150	10	10-9-11-10-10-10-11-11-9-9-9-9	11-9-9-10-10-9-11-11-11-11-11-10	10-10-11-7-10-11-9-10-10-10-9-10	10-10-11-10-8-11-9-11-9-9-10-10	6-11-8-11-10-9-9-10-9-10-8-10	11-10-9-10-10-12-9-9-9-7-10-10	10-2-9-19-10-8-5-9-7-8-10-8	10-7-12-9-4-11-9-8-3-10-10-10	10-10-10-8-8-6-10-11-6-3-8-6	9-8-8-10-12-9-9-9-10-10-10-2	10-10-11-11-7-10-10-8-12-8-6-3	10-6-10-10-10-8-7-10-17-10-9-2
150	11	14-14-11-14-12-12-13-12-12-12-12-12	12-12-13-12-12-12-12-11-12-12-12-12	10-10-10-13-12-12-12-12-13-12-12-11	12-10-12-12-11-10-12-15-11-13-12-10	19-10-12-13-11-11-11-11-11-12-13-10	14-13-12-13-15-10-11-13-13-14-13-11	11-13-11-11-12-11-13-12-14-13-10-13	16-7-12-11-12-10-9-18-11-11-10-11	11-10-11-11-19-13-19-10-11-15-11-15	13-13-8-13-11-16-14-13-10-13-10-12	10-13-15-10-16-14-10-14-10-16-13-8	14-12-11-12-14-13-14-15-16-14-14-16
150	12	11-11-11-11-11-11-11-11-11-11-11-11	11-11-11-14-11-11-11-13-11-11-14-11	12-11-13-13-11-11-13-11-11-11-11-12	11-10-11-13-14-13-11-16-11-11-11-10	14-10-14-13-10-13-13-13-11-11-11-12	11-11-14-11-11-10-11-11-11-11-5-11	14-11-11-14-11-12-11-11-7-14-10-12	11-13-11-13-13-11-9-11-3-11-17-10	11-10-11-12-13-11-11-11-11-11-13-11	11-11-11-11-10-13-11-11-10-10-10-13	10-11-11-11-11-13-10-11-10-11-11-11	11-11-12-14-11-11-15-11-11-10-15-11
150	13	11-12-11-11-11-11-11-11-11-11-11-11	11-11-11-12-11-11-11-14-11-11-14-14	17-13-14-12-13-15-14-13-14-14-14-13	14-14-11-12-12-12-11-12-11-11-12-14	12-19-12-12-13-12-14-12-13-13-11-12	11-13-12-15-13-14-12-11-11-11-11-13	13-11-11-12-14-13-11-14-11-11-14-11	11-12-15-12-12-14-9-11-15-10-13-13	13-16-14-14-13-11-13-14-14-11-12-6	11-14-8-11-11-12-11-11-10-14-13-12	15-11-11-10-11-10-10-13-14-13-11-13	11-11-10-13-15-11-11-11-4-10-9-11
150	14	11-11-11-11-11-11-11-11-11-11-11-11	11-11-11-12-11-11-12-13-12-11-12-13	13-13-13-12-13-13-13-13-13-13-15-13	13-13-13-12-12-12-11-12-15-14-14-13	12-13-12-12-13-15-13-13-13-13-11-12	11-13-12-13-14-13-15-11-11-11-11-13	12-15-18-14-13-13-11-13-11-15-13-13	11-12-13-12-12-13-14-11-13-11-13-13	13-13-13-13-10-11-11-13-13-12-12-16	11-13-14-10-13-11-15-11-10-13-13-14	13-11-11-11-11-17-10-11-13-13-11-13	11-11-10-13-11-11-11-11-11-11-11-11
150	15	11-11-11-11-11-11-12-11-11-11-11-12	11-11-14-12-11-11-11-12-11-11-17-15	13-15-16-12-17-13-16-13-16-14-14-15	15-16-15-16-16-16-11-12-14-16-15-13	12-13-17-18-13-14-16-16-15-13-16-16	16-17-12-13-11-13-14-11-11-11-0-16	16-14-12-16-16-13-14-16-7-14-17-16	11-12-13-15-12-13-14-11-13-10-16-13	11-13-13-16-11-11-17-16-11-11-12-11	11-13-8-16-16-11-14-11-16-13-17-14	13-13-11-10-11-13-10-13-13-15-11-13	14-6-10-16-13-11-12-11-9-10-12-11
150	16	11-11-11-11-11-11-11-11-16-14-11-11	11-18-11-12-11-11-11-16-12-11-13-18	13-15-13-12-15-13-15-13-15-17-17-16	15-16-15-15-15-15-11-12-17-15-18-13	12-10-15-15-13-17-15-15-18-16-15-15	15-15-12-13-14-13-17-14-16-16-11-15	15-18-9-15-15-13-18-15-7-16-15-15	11-16-13-15-12-13-18-11-13-16-15-13	11-13-13-15-10-11-15-15-17-11-15-14	11-15-8-15-15-11-15-16-15-11-15-16	13-13-11-16-11-10-10-13-13-11-11-13	11-11-10-15-11-11-12-11-11-11-18-11
150	17	11-11-11-11-11-11-11-11-11-11-12-11	18-16-11-12-11-18-11-18-18-11-15-18	18-15-17-12-15-13-18-18-18-16-16-18	18-18-18-18-15-15-18-12-16-15-16-15	12-13-15-15-13-16-18-15-16-17-18-18	18-15-15-19-14-13-16-15-16-16-9-19	15-11-11-15-15-13-16-18-7-11-15-15	11-16-11-15-15-13-16-11-15-11-18-13	13-13-18-15-15-17-15-18-16-11-12-14	17-17-8-18-17-17-18-17-15-11-15-16	18-14-17-18-11-17-13-13-12-17-11-13	11-11-10-15-17-11-16-11-11-18-11-11
150	18	11-12-11-11-11-11-11-19-11-11-11-19	17-16-11-12-11-17-16-17-17-11-13-16	17-18-17-11-15-13-17-17-19-16-17-17	19-17-17-17-15-15-18-12-16-18-16-18	12-18-18-15-13-16-17-17-16-18-17-17	17-18-17-13-18-13-16-11-18-16-16-18	19-16-14-18-18-18-16-17-11-11-15-15	18-18-11-15-12-13-16-11-18-11-17-13	13-13-17-15-11-11-18-17-16-11-12-11	11-13-18-17-18-11-18-17-18-11-15-14	17-11-17-17-12-18-10-18-15-17-11-18	11-17-18-18-18-11-11-11-4-17-16-11
150	19	19-19-19-19-19-19-11-19-19-11-19-18	11-16-19-12-11-11-16-17-18-19-15-16	13-18-19-11-19-19-19-19-18-19-19-19	18-19-17-19-19-19-18-19-19-19-19-13	19-13-19-19-19-19-18-19-17-19-11-12	19-19-19-17-19-13-19-19-19-19-19-17	15-19-19-19-14-19-19-16-19-19-15-16	19-19-12-19-19-13-9-11-18-11-15-13	18-19-19-19-11-19-19-11-19-11-12-17	19-19-19-19-19-6-19-17-19-19-19-19	10-19-19-17-7-18-10-19-19-19-11-19	11-19-19-11-17-19-19-11-19-19-19-19
151	0	0-0-0-0-0-0-0-0-0-0-0-0	0-0-0-0-0-0-0-0-0-0-0-0	0-0-0-0-0-0-0-0-0-0-0-0	0-0-0-0-0-0-0-0-0-0-0-0	0-0-0-0-0-0-0-0-0-0-0-0	0-0-0-0-0-0-0-0-0-0-0-0	0-0-0-0-0-0-0-0-0-0-0-0	0-0-0-0-0-0-0-0-0-0-0-0	0-0-0-0-0-0-0-0-0-0-0-0	0-0-0-0-0-0-0-0-0-0-0-0	0-0-0-0-0-0-0-0-0-0-0-0	0-0-0-0-0-0-0-0-0-0-0-0
151	1	1-1-1-1-1-1-1-1-1-1-1-1	1-1-1-1-1-1-0-0-1-1-1-0	3-2-2-2-2-2-2-0-0-1-2-2	2-0-2-2-2-2-0-2-1-1-2-0	1-0-2-2-1-1-2-2-1-1-0-3	2-2-1-1-1-2-1-1-1-1-2-1	2-1-1-0-1-1-1-2-1-1-0-1	1-1-2-1-1-2-1-1-1-1-0-0	0-0-0-1-2-1-0-2-1-0-2-1	2-1-0-0-2-2-3-1-1-0-0-1	0-1-0-0-0-1-0-0-0-1-1-1	0-1-1-0-0-3-1-0-2-0-0-1
151	2	2-2-2-2-2-2-2-2-2-2-2-2	3-2-2-1-2-2-1-3-2-3-1-3	1-1-1-1-1-6-1-1-3-1-3-1	3-3-1-1-1-1-2-1-1-2-1-0	1-2-1-1-4-1-3-3-3-2-4-1	3-3-4-5-2-1-3-3-2-2-6-1	1-2-2-2-3-2-2-1-2-2-2-6	2-1-6-3-2-2-2-3-6-0-2-5	2-4-2-2-1-2-2-3-2-2-1-2	3-8-2-2-1-1-3-2-3-2-2-1	2-6-2-0-2-2-0-2-3-4-2-2	4-2-4-2-1-2-1-2-1-0-0-2
151	3	3-3-3-3-3-3-3-3-3-3-3-3	2-6-3-1-2-3-2-2-2-2-1-2	1-3-2-1-1-2-4-5-4-2-4-4	2-2-4-1-1-2-2-1-4-3-2-0	3-5-5-1-2-4-2-2-2-1-2-1	2-2-2-6-2-2-2-4-3-3-1-3	1-2-4-2-2-3-2-4-3-3-2-3	3-1-1-4-4-2-4-2-2-3-2-0	3-2-2-2-3-2-3-4-4-3-1-4	4-1-3-3-2-2-1-3-4-2-4-1	0-5-4-0-4-4-0-2-2-2-2-2	5-2-2-2-3-1-1-5-3-9-3-3
151	4	4-4-4-4-4-6-4-4-4-4-4-4	5-5-3-1-2-5-0-5-4-5-1-5	1-4-2-1-1-2-5-5-3-2-5-3	2-5-5-5-1-2-4-1-3-5-5-0	1-5-5-6-2-3-5-5-5-2-2-5	5-2-2-2-4-1-5-3-4-4-5-2	3-5-3-5-2-4-4-3-4-4-5-5	4-1-3-3-3-0-6-2-2-4-2-0	4-2-2-5-5-2-0-3-3-5-4-3	3-1-4-5-4-5-2-4-3-2-3-1	0-4-3-6-5-3-0-2-2-2-2-2	5-2-2-6-5-4-3-5-5-5-4-5
151	5	4-4-4-7-5-4-3-4-5-4-5-4	4-4-4-1-7-4-5-4-6-4-7-4	0-5-6-6-5-7-6-6-6-5-4-5	6-5-6-6-5-7-6-1-6-4-4-0	8-4-7-5-2-3-4-6-4-8-6-7	4-8-6-2-6-5-4-5-4-3-4-5	6-4-3-4-2-4-4-6-4-4-4-2	3-5-5-5-5-6-4-5-2-4-8-2	4-2-2-4-5-5-0-5-6-4-5-5	8-5-5-4-8-4-6-4-2-2-4-5	5-2-4-4-4-4-3-3-0-5-6-2	4-4-5-4-4-4-3-4-5-4-9-4
151	6	6-6-4-4-5-4-3-6-5-6-3-4	5-3-4-6-5-3-7-7-5-4-5-7	7-6-5-8-7-2-5-7-5-7-7-7	7-7-5-7-6-8-5-7-7-7-6-0	8-0-5-6-7-6-7-7-4-6-5-5	8-8-5-8-5-7-7-6-4-4-2-8	8-7-4-0-7-6-4-7-4-6-0-2	3-6-2-7-7-6-4-8-2-6-5-0	2-0-2-7-11-5-9-5-5-4-5-6	5-6-4-5-7-6-5-4-7-0-0-6	0-2-4-4-4-7-0-2-0-5-5-2	4-2-6-4-0-6-6-0-9-7-4-6
151	7	7-7-7-8-5-7-7-7-7-7-7-7	6-4-8-6-5-8-6-6-5-4-5-8	6-6-6-6-6-5-6-6-8-6-8-6	6-6-7-6-6-5-5-6-6-8-6-0	5-0-5-7-6-8-8-6-7-7-6-5	6-5-8-6-7-6-6-7-7-7-5-7	6-10-7-0-6-7-11-6-4-7-0-6	7-6-0-6-6-8-10-5-2-6-5-0	2-0-8-6-7-2-0-5-8-7-6-8	5-5-5-8-6-6-5-7-6-9-11-6	0-6-8-4-11-6-0-9-9-5-5-2	8-2-6-9-8-7-6-0-8-6-8-4
151	8	7-7-7-7-8-7-8-9-8-8-7-7	9-7-7-6-5-8-6-8-5-4-8-7	6-6-5-6-6-9-7-6-8-6-7-8	9-5-9-6-6-6-5-6-7-9-6-0	5-6-5-8-2-7-7-5-9-5-5-5	6-5-10-6-8-6-9-7-8-8-4-6	6-10-7-9-7-7-8-8-8-8-9-4	3-6-2-7-5-8-7-5-2-10-5-0	9-8-7-6-4-5-0-9-7-3-5-9	5-2-5-9-6-6-10-4-6-8-7-6	0-2-4-8-8-8-11-9-0-5-8-2	7-8-6-8-7-8-6-9-7-6-7-8
151	9	10-10-10-10-10-10-10-10-10-11-10-9	10-7-10-6-10-11-10-10-10-10-10-10	9-10-10-10-8-10-9-9-10-6-9-9	8-9-8-9-6-10-10-9-9-8-10-10	10-10-10-8-10-7-9-9-8-9-9-9	9-10-8-9-7-11-8-6-7-7-4-10	10-9-9-10-10-9-9-10-10-10-10-7	10-9-6-10-9-10-7-7-10-10-10-10	9-10-10-6-10-9-10-8-5-9-10-8	10-10-9-8-7-6-8-9-10-10-10-6	10-2-8-10-7-10-10-10-10-11-8-9	11-8-9-11-9-10-10-10-10-9-10-9
151	10	9-9-9-9-9-9-9-9-9-9-9-11	9-9-9-6-9-9-9-9-9-9-9-9	9-11-9-11-10-10-10-9-9-9-10-10	10-9-9-9-6-10-9-6-10-9-10-9	8-9-9-8-9-10-11-10-8-11-10-10	9-9-8-10-7-6-8-9-4-6-10-9	9-7-9-9-9-9-10-9-9-9-11-10	9-10-6-9-7-9-7-5-9-9-11-9	11-9-9-6-9-9-9-10-5-9-9-8	9-9-10-8-10-6-8-9-9-9-9-6	9-2-10-8-9-9-9-9-10-10-8-10	9-8-9-10-11-10-9-9-9-10-9-9
151	11	11-11-11-9-11-9-9-11-11-9-11-11	9-9-9-6-9-9-9-10-10-11-9-9	10-10-10-10-11-10-10-10-9-11-10-10	10-11-11-11-11-11-9-11-11-11-11-10	11-10-11-11-10-11-10-11-8-10-6-10	11-11-11-10-11-9-11-11-11-11-11-10	10-11-11-11-10-11-7-11-11-9-10-11	11-11-6-10-11-9-4-5-6-11-10-11	10-11-9-11-6-11-11-8-11-9-6-9	9-11-11-11-11-6-11-9-9-11-11-11	10-11-11-4-7-9-9-10-11-9-11-11	9-8-11-9-10-11-11-9-11-11-11-11
152	0	0-0-0-0-0-0-0-0-0-0-0-0	0-0-0-0-0-0-0-0-0-0-0-0	0-0-0-0-0-0-0-0-0-0-0-0	0-0-0-0-0-0-0-0-0-0-0-0	0-0-0-0-0-0-0-0-0-0-0-0	0-0-0-0-0-0-0-0-0-0-0-0	0-0-0-0-0-0-0-0-0-0-0-0	0-0-0-0-0-0-0-0-0-0-0-0	0-0-0-0-0-0-0-0-0-0-0-0	0-0-0-0-0-0-0-0-0-0-0-0	0-0-0-0-0-0-0-0-0-0-0-0	0-0-0-0-0-0-0-0-0-0-0-0
152	1	1-1-1-1-1-1-1-1-1-1-1-1	1-1-1-1-1-1-0-1-0-1-1-2	1-2-0-2-2-0-2-0-0-1-2-2	2-0-0-2-1-2-0-4-1-0-2-3	1-0-3-3-1-1-2-2-1-1-0-1	1-2-1-1-1-1-2-1-1-1-9-1	1-1-1-1-1-0-1-0-1-1-2-2	1-1-2-1-1-2-1-1-1-1-1-0	0-0-1-1-2-1-0-1-3-0-2-0	1-1-1-1-2-2-1-1-1-0-2-1	2-1-1-2-2-1-2-1-2-1-1-1	0-1-1-1-1-1-1-0-2-2-2-1
152	2	2-2-2-2-2-2-2-2-2-2-2-2	3-2-2-1-2-2-3-3-2-3-1-1	7-3-1-1-1-7-3-3-3-4-3-3	3-3-3-1-1-1-0-1-2-2-1-1	1-0-1-1-3-1-3-3-2-2-4-1	7-4-4-3-2-1-3-4-2-2-2-2	1-2-3-2-3-0-2-3-2-2-1-3	11-1-1-3-4-1-3-6-5-0-4-0	2-6-5-2-1-4-2-3-1-2-1-2	1-6-1-1-1-1-1-2-1-5-1-1	1-3-2-1-1-2-1-2-6-3-1-2	2-3-4-3-1-1-1-2-1-1-1-1
152	3	3-3-3-3-3-3-3-3-3-3-3-3	2-3-3-1-2-3-2-4-2-2-1-4	0-2-2-1-4-2-4-5-4-5-4-4	2-2-2-2-1-1-4-1-3-4-4-1	1-5-1-1-2-5-2-2-2-6-2-2	1-2-2-2-2-1-4-2-2-3-1-3	1-1-4-2-2-3-2-4-2-3-1-2	5-1-1-2-3-3-2-2-4-3-2-0	3-3-2-2-3-2-3-2-4-3-4-0	2-1-3-5-1-2-4-1-1-2-1-1	1-2-12-3-4-4-3-2-2-4-2-4	2-2-1-2-1-1-1-3-7-2-3-3
152	4	4-4-4-4-4-4-4-4-5-4-4-4	5-5-3-1-4-5-6-6-2-2-1-3	0-4-4-3-5-2-3-6-5-2-5-3	2-6-5-5-1-2-4-1-5-3-3-1	1-0-1-4-2-3-4-6-5-6-2-1	1-2-2-2-4-1-5-2-4-4-5-2	1-1-3-1-2-4-4-5-4-4-1-2	3-2-1-3-2-7-7-2-3-3-2-0	5-2-3-2-4-2-0-2-4-4-3-5	1-1-4-3-1-4-3-5-1-2-1-1	2-2-8-5-3-3-0-2-1-3-2-3	8-1-1-7-1-4-1-0-3-5-5-5
152	5	4-3-4-5-5-5-4-5-4-5-5-6	7-4-3-1-5-5-3-4-7-7-5-6	2-5-6-1-4-5-6-6-4-3-4-5	6-6-4-6-1-2-6-6-7-3-3-6	6-3-1-6-2-3-6-4-4-5-6-1	11-2-6-1-4-1-4-6-4-5-4-3	1-1-3-2-2-3-4-4-4-4-6-6	3-1-1-6-5-5-5-2-2-4-2-5	4-3-2-5-4-7-7-6-5-6-5-5	1-2-5-3-1-12-5-4-1-2-1-1	5-7-5-4-4-6-6-7-2-5-7-2	5-7-5-6-5-6-5-5-3-5-4-4
152	6	6-7-4-6-6-6-4-6-4-6-7-5	5-4-3-1-5-5-7-7-5-5-7-5	2-7-8-8-5-5-5-5-7-8-5-7	5-4-6-5-8-8-5-5-8-8-9-5	5-3-1-7-2-3-5-4-5-8-5-6	5-5-5-7-6-1-4-5-6-6-4-6	1-6-6-1-2-6-5-4-6-9-6-5	3-6-11-5-5-7-4-2-2-6-2-0	7-2-2-2-2-5-5-5-5-7-6-5	7-2-6-3-1-8-4-6-1-2-1-3	5-5-5-4-4-5-6-2-2-5-5-2	5-5-5-5-5-5-7-5-3-5-4-4
152	7	7-6-7-6-7-7-7-8-4-7-6-6	5-4-3-1-4-5-8-6-5-5-8-8	8-6-8-6-10-2-8-8-6-8-8-6	8-8-8-6-9-9-4-8-5-4-2-7	10-6-7-10-2-3-8-8-5-6-8-8	2-8-7-6-7-8-8-7-6-6-2-8	1-9-6-2-8-7-4-8-6-7-7-8	5-7-7-8-8-7-4-8-2-12-7-2	7-2-7-8-7-5-5-8-5-6-9-5	8-2-11-3-8-7-4-4-7-2-7-7	5-5-3-4-4-7-5-5-2-7-5-2	5-5-7-4-1-5-6-5-3-7-4-4
152	8	8-8-8-8-8-8-8-9-8-8-8-8	8-9-9-7-9-9-7-8-5-9-7-7	7-8-7-6-7-7-9-7-6-7-9-7	7-8-8-6-6-7-11-7-9-6-8-7	7-0-7-7-2-9-7-7-9-6-7-7	1-7-9-6-8-7-9-8-8-8-2-8	1-8-6-0-7-8-5-7-6-8-12-7	8-7-6-7-7-9-8-7-2-8-2-0	8-7-10-7-10-5-0-7-5-6-4-8	7-2-8-1-7-7-7-9-1-9-1-7	12-5-3-11-12-9-8-9-1-1-5-10	9-5-5-2-1-8-6-0-11-8-10-10
152	9	11-9-10-8-9-10-8-8-8-10-8-10	12-8-8-10-8-8-10-10-10-8-12-10	11-10-10-6-9-10-8-10-9-10-8-10	10-9-9-10-7-10-9-7-8-9-9-9	7-10-9-7-11-8-10-10-8-9-9-9	10-10-8-9-11-12-8-8-8-8-1-9	9-7-7-12-9-11-4-10-6-6-9-8	9-7-7-8-7-10-8-7-2-9-9-11	11-11-10-10-7-5-9-10-5-10-7-5	10-10-8-9-10-7-8-8-11-11-11-7	11-9-10-11-9-8-11-9-10-9-5-9	8-5-9-10-9-5-6-12-9-11-8-1
152	10	10-12-10-10-10-9-8-12-12-10-11-10	11-11-11-9-12-10-9-9-9-10-9-9	9-9-9-6-7-9-9-9-11-9-11-9	9-9-10-9-7-9-9-7-11-11-11-9	7-9-9-7-9-11-9-10-10-6-11-7	9-9-8-7-8-7-11-11-11-10-1-10	7-11-10-2-9-10-11-9-11-10-9-7	8-7-7-10-10-9-11-11-2-10-9-9	10-9-11-9-10-10-10-9-5-11-7-8	9-9-10-11-9-8-7-6-7-9-9-1	9-11-9-10-4-8-9-9-9-9-5-8	8-5-9-9-9-10-7-9-3-9-8-8
152	11	11-12-12-10-8-12-10-10-10-10-10-8	10-10-10-12-10-10-12-9-12-10-9-9	9-9-9-12-11-12-10-11-9-11-10-11	9-9-11-12-11-11-9-11-10-10-10-11	11-9-11-7-9-10-12-11-11-9-10-11	11-11-8-11-9-9-10-10-10-10-2-11	12-10-8-11-9-11-4-9-10-12-11-11	2-7-11-11-11-9-10-11-12-9-11-9	9-9-10-11-11-5-11-9-5-10-11-5	11-11-11-10-11-5-11-8-9-9-9-11	9-10-9-8-6-11-9-9-11-11-5-11	10-11-9-11-11-10-6-9-3-9-8-11
152	12	12-10-12-12-12-12-12-12-12-12-12-12	11-10-12-11-10-11-11-11-12-12-9-9	9-12-12-11-12-11-12-12-9-12-12-12	12-12-11-12-12-12-9-7-12-12-12-11	12-9-12-12-9-12-11-12-11-12-7-7	12-12-12-11-12-9-12-12-12-12-12-12	11-12-12-12-10-12-12-12-12-12-10-12	12-12-7-12-12-9-12-11-11-11-11-9	11-9-12-12-7-12-12-11-12-5-11-5	12-12-12-12-12-5-12-10-12-12-9-12	9-12-3-10-8-5-9-8-12-12-12-12	12-12-12-10-11-12-12-9-12-12-8-8
153	0	0-0-0-0-0-0-0-0-0-0-0-0	0-0-0-0-0-0-0-0-0-0-0-0	0-0-0-0-0-0-0-0-0-0-0-0	0-0-0-0-0-0-0-0-0-0-0-0	0-0-0-0-0-0-0-0-0-0-0-0	0-0-0-0-0-0-0-0-0-0-0-0	0-0-0-0-0-0-0-0-0-0-0-0	0-0-0-0-0-0-0-0-0-0-0-0	0-0-0-0-0-0-0-0-0-0-0-0	0-0-0-0-0-0-0-0-0-0-0-0	0-0-0-0-0-0-0-0-0-0-0-0	0-0-0-0-0-0-0-0-0-0-0-0
153	1	1-1-1-1-0-1-1-1-1-0-0-1	1-0-0-1-0-0-2-1-1-1-1-1	1-1-1-1-1-0-2-0-0-0-0-1	1-2-0-1-2-2-1-1-0-0-0-5	0-1-7-1-1-0-0-1-0-1-1-2	1-1-0-1-0-2-0-1-0-0-0-1	7-0-0-6-0-1-0-0-1-1-7-1	1-0-0-1-0-1-0-2-2-1-1-0	1-0-0-1-0-0-12-1-1-1-0-1	0-1-1-3-0-0-1-0-1-5-1-0	7-0-0-0-1-0-1-0-6-1-1-1	1-2-1-1-1-1-1-1-0-0-0-0
153	2	2-2-2-2-2-2-2-3-2-3-2-2	3-3-3-3-3-3-1-3-3-2-3-3	2-1-3-3-3-3-3-2-4-2-3-2	3-3-3-3-1-1-3-3-3-3-2-1	2-6-2-2-3-2-2-2-3-3-3-1	3-1-3-2-3-3-2-4-3-2-8-1	8-2-3-1-6-2-3-3-3-4-1-3	2-2-3-1-2-3-2-3-1-2-2-3	2-3-3-1-2-4-16-3-3-4-2-3	3-3-2-2-2-3-2-2-1-3-1-7	3-3-16-4-3-3-2-3-2-3-4-2	5-2-8-1-3-5-2-3-9-2-9-2
153	3	2-2-2-2-2-2-2-2-2-2-2-2	2-2-2-3-2-2-2-2-2-2-4-2	3-4-5-2-4-2-4-4-2-3-4-4	4-2-2-2-3-4-2-2-2-2-4-3	4-1-1-4-3-4-3-3-2-2-2-3	2-4-4-3-2-6-3-2-2-0-0-4	5-6-2-1-3-3-2-4-2-2-4-2	2-4-4-3-3-2-0-4-3-3-4-2	2-2-2-3-4-2-1-3-2-2-4-2	2-2-2-1-6-4-6-2-8-2-1-4	2-2-2-2-2-2-4-2-2-4-2-3	2-3-3-1-2-2-3-2-2-3-0-2
153	4	2-2-2-2-2-2-2-2-2-2-2-2	2-2-2-2-2-2-3-4-4-5-3-4	3-3-3-2-3-5-3-3-2-6-3-3	3-5-2-5-3-3-2-2-2-4-3-1	3-4-1-3-5-3-5-3-4-4-5-3	2-5-6-11-4-8-5-2-4-4-11-4	9-4-7-4-5-4-13-3-4-2-3-5	2-3-3-3-4-2-0-5-11-3-3-2	4-7-4-4-3-2-4-4-2-2-3-2	5-5-4-2-3-3-6-2-3-1-1-3	4-2-2-2-4-4-3-4-4-3-2-4	1-4-3-4-4-2-3-2-2-3-0-2
153	5	5-5-5-5-2-5-2-5-5-5-2-5	2-7-5-2-2-2-2-5-5-4-3-5	3-4-3-2-3-4-6-5-3-4-6-6	3-4-6-4-3-4-2-2-6-6-6-1	3-1-1-3-4-6-4-6-4-4-4-3	2-4-4-4-5-2-6-2-4-5-12-5	3-3-2-1-4-5-6-6-5-2-3-4	5-5-4-6-3-2-5-4-4-5-4-2	4-6-4-4-4-2-4-4-6-5-3-2	4-4-7-2-3-2-2-2-3-1-1-3	2-6-2-2-2-5-2-2-4-4-6-4	2-4-3-1-2-2-3-2-2-4-5-2
153	6	6-6-6-6-6-6-6-5-2-5-7-5	2-5-7-2-2-2-2-5-2-4-3-5	3-6-3-3-3-5-5-8-8-4-7-7	3-7-5-7-3-4-7-3-7-5-5-1	3-2-1-3-4-5-7-5-7-2-2-3	2-4-4-4-6-3-7-7-6-6-14-4	1-3-7-1-4-6-7-7-5-6-3-4	2-5-5-5-7-2-6-4-4-5-4-2	6-4-7-4-6-2-1-4-5-7-5-9	2-3-8-7-7-2-3-6-3-1-1-3	2-5-6-6-7-6-6-13-1-4-5-4	2-3-13-1-2-2-3-2-2-2-7-2
153	7	2-2-6-2-6-7-2-2-2-7-6-7	8-5-6-8-2-2-8-6-8-10-8-6	3-8-8-8-8-4-8-8-8-6-6-8	8-6-7-7-8-8-6-9-6-6-4-8	8-12-1-6-4-5-8-8-6-8-11-11	8-8-4-3-7-4-6-6-4-5-8-8	1-3-6-8-8-6-6-6-6-6-8-4	2-8-8-8-6-2-6-8-1-6-7-2	6-4-6-4-6-2-1-8-8-6-5-9	8-8-9-8-8-8-7-12-7-2-8-8	1-6-2-6-6-9-1-7-8-8-6-4	11-7-7-7-8-8-6-2-6-8-6-2
153	8	8-9-10-8-8-8-8-8-8-8-8-8	7-9-10-7-9-8-7-9-7-7-7-9	3-7-7-7-7-9-10-7-10-6-10-7	8-8-7-7-7-7-6-7-9-8-8-7	7-7-1-7-4-9-7-7-8-7-7-7	7-7-9-3-6-4-7-8-4-5-2-8	2-9-8-7-7-6-7-9-4-9-7-8	2-9-7-7-3-1-9-7-4-5-7-2	2-8-2-4-6-8-7-7-7-7-8-11	7-7-6-7-7-7-10-6-3-2-7-8	7-2-7-7-13-6-6-7-7-7-2-4	7-7-8-7-7-7-3-2-2-7-6-2
153	9	11-8-13-8-10-10-10-8-10-14-8-8	7-5-8-9-8-11-10-8-7-7-10-9	11-10-10-10-9-11-9-11-9-10-8-9	10-9-7-11-7-10-9-7-8-9-9-9	3-10-3-6-11-8-10-10-8-9-7-7	10-9-8-13-9-11-6-10-9-5-10-9	9-8-8-16-9-11-6-10-4-8-11-11	9-8-11-8-6-11-8-7-4-9-9-11	11-11-10-4-10-2-9-11-10-13-3-10	10-2-7-9-11-3-7-7-9-11-11-3	11-2-10-10-2-11-11-10-11-2-2-4	9-7-10-7-11-2-3-9-2-11-2-8
153	10	10-8-8-10-9-9-10-10-11-10-8-10	15-11-8-9-8-11-9-8-12-11-9-11	9-9-9-7-9-9-8-9-9-9-11-9	9-9-11-9-7-9-11-7-11-11-11-9	3-9-7-3-9-11-9-9-11-9-7-7	9-7-8-9-9-9-11-10-10-10-9-10	3-11-11-7-9-10-11-9-11-8-9-10	9-5-9-10-3-9-8-14-4-10-9-9	9-9-9-4-9-13-9-11-10-9-3-9	9-10-10-10-10-13-8-16-9-9-9-3	9-11-9-9-2-9-9-9-9-2-10-4	11-7-9-7-7-8-3-9-13-9-6-8
153	11	9-10-11-10-9-9-11-11-10-11-11-15	12-10-8-11-2-10-9-9-9-10-12-10	9-11-13-12-12-9-12-9-11-12-10-11	12-9-10-14-12-12-10-14-10-10-12-9	14-9-1-11-9-12-12-12-10-11-7-7	13-13-13-11-15-9-10-10-10-6-4-12	16-10-10-1-8-11-10-10-10-8-9-12	2-11-9-12-11-9-8-11-4-9-9-9	9-9-12-12-16-2-9-12-10-9-11-11	14-11-9-12-12-13-12-14-12-9-9-11	9-10-6-6-2-9-9-9-9-11-7-4	10-7-9-7-9-2-12-2-2-9-16-2
153	12	12-13-13-16-13-13-13-14-13-12-13-13	13-10-8-11-8-12-9-13-10-10-11-10	9-11-11-11-11-13-11-13-11-11-11-13	13-13-13-12-11-11-10-11-12-13-11-9	11-7-1-14-11-13-13-11-13-12-13-7	11-11-11-9-12-9-13-12-12-12-15-11	15-15-15-1-12-10-15-13-12-13-11-15	2-11-7-11-11-12-8-11-4-9-7-9	9-9-11-11-9-15-1-11-7-6-11-13	11-12-5-13-11-10-3-6-11-9-9-11	1-15-6-12-12-6-9-7-7-12-12-4	14-12-9-7-7-7-11-2-2-9-6-2
153	13	14-12-9-16-12-12-12-12-12-16-12-16	12-10-8-11-14-12-14-12-7-14-12-14	15-14-11-11-12-14-11-15-14-11-14-12	14-12-12-12-11-12-14-11-12-12-11-16	11-14-1-12-14-12-14-14-12-13-12-14	14-14-11-9-13-9-12-14-10-10-10-14	12-12-9-14-14-13-14-12-12-16-11-14	9-11-15-11-11-15-12-10-14-9-15-9	13-15-14-14-6-10-14-15-7-6-11-12	14-15-13-12-11-11-8-10-15-14-9-11	15-13-2-12-8-6-9-15-14-14-12-13	14-12-13-13-15-14-11-14-10-7-6-2
153	14	13-14-14-14-14-14-14-12-14-15-14-14	13-16-14-11-15-15-14-14-16-15-11-13	13-13-11-11-11-13-15-15-13-13-15-12	13-13-13-11-11-12-13-11-14-12-11-9	11-9-1-12-13-15-13-13-15-13-13-13	13-13-11-15-11-9-13-13-14-14-6-13	12-11-10-13-13-14-13-13-14-8-11-13	15-11-13-11-11-13-8-10-13-14-13-9	13-13-13-13-9-12-13-13-16-9-11-15	13-13-10-12-11-15-12-11-13-13-11-11	13-10-15-12-12-14-9-13-13-12-12-13	15-12-9-7-7-13-11-13-15-7-6-2
153	15	12-15-11-16-14-12-15-15-15-16-16-16	16-14-14-11-14-14-16-16-16-14-16-16	13-15-11-16-11-16-14-14-13-15-14-15	16-13-16-16-15-15-16-11-15-12-14-9	15-9-1-12-13-14-16-15-14-15-15-12	13-13-15-15-11-9-15-14-14-14-4-16	16-12-12-13-13-15-12-13-14-16-15-15	9-15-13-15-15-13-8-8-4-15-13-9	13-13-13-15-9-12-13-13-10-6-15-12	15-13-9-12-15-16-15-6-13-13-9-11	13-12-14-12-8-9-9-13-7-15-2-15	14-7-15-7-13-7-11-2-10-9-6-2
153	16	16-16-16-16-16-16-16-16-16-15-16-16	15-14-16-9-14-14-15-15-14-16-15-15	14-15-16-15-16-15-15-16-15-16-16-16	15-16-15-15-16-16-15-16-16-16-16-13	16-9-16-16-16-16-15-16-10-16-2-7	16-16-16-16-16-9-16-16-16-16-16-16	11-16-16-16-13-16-16-15-16-16-9-15	16-16-11-16-16-9-8-13-11-16-13-9	4-16-16-16-11-16-16-13-16-2-15-11	13-16-16-16-16-15-16-10-16-16-9-16	14-16-2-16-8-9-9-16-16-16-16-16	16-16-16-13-7-16-16-2-16-16-16-2
154	0	0-0-0-0-0-0-0-0-0-0-0-0	0-0-0-0-0-0-0-0-0-0-0-0	0-0-0-0-0-0-0-0-0-0-0-0	0-0-0-0-0-0-0-0-0-0-0-0	0-0-0-0-0-0-0-0-0-0-0-0	0-0-0-0-0-0-0-0-0-0-0-0	0-0-0-0-0-0-0-0-0-0-0-0	0-0-0-0-0-0-0-0-0-0-0-0	0-0-0-0-0-0-0-0-0-0-0-0	0-0-0-0-0-0-0-0-0-0-0-0	0-0-0-0-0-0-0-0-0-0-0-0	0-0-0-0-0-0-0-0-0-0-0-0
154	1	1-1-0-0-1-1-0-0-0-0-0-1	1-0-0-0-0-1-2-0-1-0-0-0	3-0-0-0-0-1-0-0-0-0-0-1	2-0-0-0-1-2-1-1-0-0-0-8	0-0-3-0-3-0-0-0-0-0-1-0	0-1-0-0-0-0-0-0-0-1-0-1	8-0-0-1-0-1-0-0-1-0-0-0	1-0-0-1-0-0-0-0-1-1-0-0	1-0-1-2-0-0-1-0-0-0-1-0	1-0-1-1-0-1-0-0-3-1-1-0	0-1-0-0-0-2-0-1-1-1-1-1	1-1-1-1-1-0-1-0-0-1-1-0
154	2	3-2-2-2-2-3-2-2-2-2-3-3	3-2-2-0-3-3-3-3-3-2-3-3	2-2-4-3-2-3-3-3-3-2-4-2	3-2-3-3-2-3-3-4-2-3-3-2	4-0-2-3-2-2-3-2-2-3-3-2	3-3-3-2-2-5-2-4-2-2-4-3	3-2-2-2-2-2-3-3-3-2-5-3	2-2-3-1-2-5-3-3-2-5-3-6	2-2-2-2-3-3-13-3-3-3-2-3	3-3-5-4-3-3-2-3-1-2-5-2	2-3-5-3-8-9-0-4-0-3-3-2	3-3-2-1-2-3-4-5-3-5-3-4
154	3	2-2-2-2-2-2-2-2-2-2-2-2	2-2-2-6-2-2-2-2-2-2-4-2	5-3-4-4-5-4-4-4-2-3-2-4	4-2-2-2-3-4-2-6-4-2-4-1	5-0-1-5-1-4-4-4-2-2-2-6	4-2-2-2-2-2-4-2-2-2-5-4	2-6-2-1-3-2-2-2-2-2-0-2	2-3-4-4-3-2-2-4-3-2-2-2	2-0-2-5-4-2-1-4-2-2-4-2	2-6-2-2-4-4-2-2-1-0-0-4	2-2-2-2-2-2-0-2-0-2-2-3	2-3-1-1-2-2-3-2-2-2-2-2
154	4	2-2-2-2-2-2-2-2-2-2-2-2	2-2-2-3-2-2-2-5-4-5-3-3	3-3-5-3-3-3-3-3-2-5-2-3	5-5-5-3-3-6-2-3-3-4-3-1	3-2-3-3-6-3-5-3-4-2-2-3	3-5-6-2-4-2-5-2-2-4-12-3	2-3-2-4-5-2-2-3-4-2-4-8	2-3-3-5-4-2-2-5-8-2-2-2	4-5-5-4-3-6-4-5-2-4-3-5	4-3-2-2-3-3-2-2-5-5-4-3	2-2-2-2-4-4-0-4-5-3-2-4	2-4-5-1-2-2-2-4-2-2-2-2
154	5	2-5-5-2-2-6-5-5-5-2-2-2	2-6-6-3-2-2-2-6-2-6-3-6	3-4-4-3-3-6-6-4-2-4-6-3	4-4-4-4-4-4-2-3-3-5-4-3	3-7-1-3-4-6-4-4-4-2-2-3	4-4-4-2-2-2-6-3-5-5-3-5	2-3-5-7-4-5-4-6-12-5-2-6	2-3-3-4-6-2-13-4-4-5-2-2	5-4-4-4-1-4-0-4-6-4-3-4	2-2-5-6-2-6-2-5-4-4-2-3	2-2-2-12-7-10-0-4-4-6-2-4	2-4-4-1-2-2-3-2-2-6-2-2
154	6	6-6-5-6-6-5-6-6-2-5-6-2	2-7-6-3-6-2-6-5-4-5-3-5	3-6-4-3-3-5-5-4-2-4-5-3	4-4-6-3-3-4-5-3-6-5-7-1	8-7-7-3-4-5-6-6-7-6-8-3	3-6-4-2-6-2-5-6-6-6-7-5	3-3-5-1-4-6-6-5-5-6-7-6	2-3-3-5-5-2-5-4-4-5-4-2	6-0-4-5-7-4-1-3-5-6-6-6	7-3-6-5-6-6-2-5-2-4-2-3	5-9-2-6-6-7-0-4-1-5-2-4	2-5-4-1-2-2-4-2-2-5-2-2
154	7	8-8-8-8-8-8-8-8-8-8-8-8	8-6-10-8-8-8-8-7-8-8-8-8	7-8-8-7-7-8-8-7-8-8-8-7	8-7-9-7-9-8-7-9-7-7-6-7	7-11-10-8-6-7-8-8-6-7-8-7	7-9-8-8-7-8-8-9-8-5-6-9	10-10-9-8-13-9-10-7-5-10-10-8	2-8-7-8-8-9-7-8-7-8-9-7	7-10-7-8-10-10-10-8-9-12-9-13	6-10-7-7-8-9-8-9-8-7-8-7	7-6-9-8-10-8-7-10-8-8-2-11	7-7-7-8-8-2-7-10-10-10-8-7
154	8	7-7-7-7-7-7-7-7-7-7-7-7	7-6-7-7-7-7-7-7-7-7-7-7	3-7-7-7-3-7-7-7-7-9-9-7	7-7-7-7-7-7-7-7-9-9-9-1	6-0-1-6-4-9-9-7-8-7-7-7	7-7-7-7-8-7-7-7-7-6-12-7	1-8-5-7-9-7-8-7-5-7-0-7	2-7-0-7-7-10-9-7-4-7-7-2	7-0-9-7-7-4-0-7-8-7-7-9	2-8-7-10-7-7-7-7-7-2-10-11	0-2-9-7-13-7-0-7-7-7-2-4	9-4-4-7-7-2-10-2-7-2-7-7
154	9	7-7-7-7-7-7-7-7-7-7-7-7	7-6-7-7-7-7-7-7-7-7-7-7	10-9-7-7-10-7-8-7-7-10-8-9	10-10-10-10-7-7-7-7-8-12-8-1	6-0-7-10-4-8-10-7-10-7-7-7	7-7-8-7-9-7-10-7-7-9-9-7	1-7-7-7-8-7-7-10-9-7-7-6	2-7-7-8-6-7-8-7-4-12-7-2	7-11-8-7-7-7-1-11-7-7-7-12	6-9-7-11-7-7-11-7-10-0-7-3	7-6-7-9-9-7-0-10-7-9-9-4	8-9-9-7-7-2-2-7-7-10-7-9
154	10	7-7-7-7-7-7-7-7-7-7-7-7	7-11-7-7-7-7-7-7-7-7-7-7	11-10-7-7-9-11-11-11-7-9-7-9	9-11-9-9-7-11-7-7-8-9-8-10	7-10-12-9-12-9-9-10-9-10-7-7	11-11-7-11-10-7-9-7-2-9-0-12	12-7-11-12-11-7-7-9-9-7-7-7	2-7-6-7-8-11-8-8-4-9-7-7	7-9-9-11-7-7-12-11-7-7-7-9	10-12-11-9-7-7-7-7-9-11-12-7	10-7-7-7-11-7-8-12-12-11-9-8	13-7-10-12-12-11-8-7-7-7-7-9
154	11	13-13-13-12-13-13-13-13-13-13-13-13	13-12-12-12-12-12-13-7-12-12-12-12	13-11-12-12-12-12-10-13-12-12-12-13	12-10-12-12-10-10-13-12-12-9-12-10	13-10-10-9-10-12-10-10-9-12-12-10	10-10-12-12-11-11-9-12-11-11-7-11	10-12-12-10-10-11-12-12-9-13-7-7	12-7-12-10-11-10-12-12-4-12-12-7	11-11-11-10-7-12-10-9-12-13-7-12	10-10-10-9-10-7-9-7-9-11-10-12	10-12-7-7-10-11-7-10-10-10-12-7	13-9-7-10-10-12-12-12-7-11-7-12
154	12	11-11-13-11-11-11-11-11-11-11-11-11	11-11-11-11-11-11-11-13-11-11-11-13	13-13-11-13-12-11-12-11-11-11-12-12	13-10-11-11-12-12-11-11-11-9-11-10	12-10-10-12-10-11-13-12-11-11-11-12	11-10-11-11-9-11-11-11-11-4-8-13	10-11-11-10-11-11-11-11-5-11-12-7	11-12-11-12-12-10-8-13-4-9-11-2	12-0-4-10-13-11-10-10-11-7-12-11	11-10-12-11-8-11-7-11-9-1-10-11	10-11-8-9-10-7-0-10-10-12-11-4	11-9-12-10-10-11-11-11-11-11-13-11
154	13	13-11-12-11-13-11-11-11-11-11-11-11	11-11-11-11-11-11-11-12-11-11-11-12	11-12-13-12-13-12-13-11-11-13-13-11	12-13-11-12-13-13-11-11-13-13-13-11	11-11-13-13-13-13-12-13-8-13-11-7	13-13-13-7-13-13-13-13-13-13-13-13	7-13-13-13-7-13-13-13-13-11-11-7	13-13-12-13-13-9-5-12-12-13-7-13	11-13-4-13-12-13-13-11-13-11-12-11	7-13-13-13-13-13-13-10-13-13-13-13	10-13-13-7-10-4-13-11-13-11-11-13	10-13-13-10-10-13-13-11-13-13-13-11
155	0	0-0-0-0-0-0-0-0-0-0-0-0	0-0-0-0-0-0-0-0-0-0-0-0	0-0-0-0-0-0-0-0-0-0-0-0	0-0-0-0-0-0-0-0-0-0-0-0	0-0-0-0-0-0-0-0-0-0-0-0	0-0-0-0-0-0-0-0-0-0-0-0	0-0-0-0-0-0-0-0-0-0-0-0	0-0-0-0-0-0-0-0-0-0-0-0	0-0-0-0-0-0-0-0-0-0-0-0	0-0-0-0-0-0-0-0-0-0-0-0	0-0-0-0-0-0-0-0-0-0-0-0	0-0-0-0-0-0-0-0-0-0-0-0
155	1	1-1-1-1-0-1-1-1-0-1-1-1	1-0-0-1-0-0-1-0-0-0-2-1	3-1-1-1-0-1-0-0-0-0-0-0	2-2-1-1-1-2-0-1-0-0-0-1	0-1-1-0-1-0-0-1-0-1-1-1	1-1-0-1-1-1-0-1-0-0-0-0	0-0-1-6-1-0-0-2-0-0-1-0	1-1-1-2-0-1-0-1-1-1-1-1	1-3-1-2-1-1-1-1-1-1-1-0	1-1-1-1-3-0-0-1-1-7-1-1	10-0-1-1-0-1-3-0-3-0-0-0	1-0-1-0-1-0-1-0-1-1-1-0
155	2	2-2-2-2-2-2-3-2-2-3-3-2	3-3-3-3-3-2-3-2-2-3-3-3	2-3-3-3-4-3-3-2-4-3-3-2	1-3-3-3-1-1-3-4-3-3-2-1	6-1-2-6-1-2-2-2-2-3-3-1	3-3-3-11-3-4-2-4-3-2-11-3	14-2-2-2-1-2-3-3-2-4-14-3	3-2-3-2-2-3-2-3-2-3-1-10	14-1-3-1-2-4-3-1-2-4-2-3	3-2-2-4-3-3-3-2-3-2-3-3	5-3-3-2-3-3-1-3-2-2-4-2	11-2-2-2-3-3-4-3-3-2-3-5
155	3	2-2-2-2-2-2-2-2-2-2-2-2	2-2-2-2-2-2-2-2-2-2-2-2	5-2-2-2-5-2-4-2-2-3-2-2	4-2-2-2-3-3-2-7-2-2-4-7	5-1-5-4-1-3-3-3-2-2-2-3	2-2-2-3-2-2-3-2-2-2-7-4	3-2-2-1-2-2-2-2-2-3-3-2	2-3-2-3-3-2-2-4-3-2-4-2	3-1-2-3-4-2-2-1-5-5-3-2	2-5-2-2-2-2-2-2-2-1-2-2	1-2-2-2-2-2-1-2-2-2-2-3	2-2-3-3-2-2-5-2-2-2-2-0
155	4	2-2-2-2-2-2-2-2-2-2-2-2	2-2-2-2-2-2-2-4-4-5-2-3	3-5-2-2-2-6-3-5-2-6-5-3	3-5-5-5-3-6-2-2-2-4-3-3	3-2-3-3-5-3-5-3-4-4-2-3	2-5-6-5-2-2-5-2-4-4-12-4	3-4-2-4-5-4-5-2-4-2-3-7	4-3-3-5-3-2-2-3-7-4-3-2	4-1-4-4-3-2-4-5-2-2-3-0	4-4-4-2-4-2-5-2-4-1-4-3	6-2-4-2-2-4-1-4-7-5-2-4	2-4-4-5-4-2-2-2-2-5-3-0
155	5	5-5-5-5-2-2-5-2-2-2-2-2	2-2-6-2-2-2-4-6-4-4-2-6	3-4-3-2-3-4-6-7-2-7-6-6	4-4-4-4-3-3-2-3-6-6-7-1	3-8-3-3-4-7-4-6-4-7-2-3	2-4-4-4-2-2-6-6-4-5-8-5	3-5-2-4-4-5-6-6-5-2-3-4	6-3-2-4-3-5-5-4-6-6-4-2	4-1-4-4-5-2-4-4-3-3-6-2	4-4-5-7-4-5-6-2-4-4-4-6	4-4-9-2-6-4-1-4-4-6-2-6	2-4-3-4-2-2-3-2-6-4-5-2
155	6	7-2-6-6-2-2-6-2-8-2-2-6	2-2-5-3-2-2-2-8-2-4-2-5	3-6-3-5-7-4-5-8-2-4-7-5	4-5-7-7-3-4-2-3-7-5-5-1	3-2-3-3-4-5-6-7-7-4-2-3	2-4-4-4-6-2-7-5-6-6-8-4	4-5-5-1-4-6-6-5-6-6-3-6	5-3-2-5-4-2-8-6-5-5-4-2	7-1-4-4-6-2-2-1-2-10-5-2	2-4-6-5-5-6-5-7-4-1-8-5	4-4-7-2-5-4-1-4-4-5-2-5	2-4-3-4-4-2-2-2-5-2-7-2
155	7	6-2-6-2-2-8-6-2-6-7-2-7	2-5-5-3-9-8-2-6-8-9-7-8	3-7-8-2-6-5-8-5-6-5-6-7	8-5-6-8-3-4-8-3-6-5-5-3	8-5-3-3-4-5-8-6-6-7-5-3	4-4-8-4-6-2-6-7-6-7-3-5	3-7-5-1-4-6-6-9-6-6-3-9	5-3-4-8-7-2-6-8-4-5-8-2	4-1-4-7-4-7-4-1-9-8-7-7	4-4-7-5-9-9-6-6-4-1-4-10	4-9-6-2-6-8-1-4-4-4-9-4	7-9-7-4-4-2-7-2-5-7-6-0
155	8	8-10-9-8-8-8-6-8-6-8-8-7	2-2-5-2-2-7-8-9-7-7-9-7	3-8-10-9-9-7-9-9-9-10-9-9	7-10-9-7-10-10-7-12-7-9-5-3	7-5-3-9-4-5-7-6-9-9-7-3	4-5-7-9-8-2-6-7-8-7-3-7	3-8-8-4-4-9-7-6-8-11-3-9	2-8-10-7-7-8-6-7-4-8-7-2	4-1-4-4-4-7-4-7-7-7-9-7	8-4-7-7-9-7-6-12-8-1-4-9	4-2-6-2-6-7-5-4-4-4-7-4	7-7-7-4-4-2-9-2-5-7-6-0
155	9	10-9-8-10-9-11-11-10-9-8-9-9	9-5-6-10-7-2-8-8-10-7-10-8	3-9-8-8-8-4-8-8-8-8-8-8	10-10-8-8-11-10-10-8-7-8-5-3	10-4-11-8-4-5-10-10-7-8-10-10	10-10-10-8-8-9-10-7-4-8-3-10	3-8-8-4-10-11-6-9-8-9-10-8	2-8-8-10-7-9-6-9-4-8-9-2	4-1-4-11-9-7-4-9-7-10-11-7	8-4-11-5-10-7-6-13-9-1-9-8	4-7-5-2-8-10-5-5-4-4-7-4	7-7-7-4-4-2-8-2-5-9-6-0
155	10	10-10-10-10-10-10-10-10-10-10-10-10	2-11-13-9-2-12-12-11-9-13-9-13	11-10-8-8-8-11-11-10-8-8-11-10	9-9-9-7-8-9-11-8-11-11-10-3	9-1-3-8-9-11-9-9-11-9-9-9	2-9-9-8-12-9-11-10-10-10-3-9	4-10-10-1-10-10-11-11-8-8-9-8	2-9-8-9-7-9-12-9-4-10-9-2	4-10-4-9-6-7-4-1-7-6-3-10	2-4-14-7-9-7-11-8-9-1-9-7	1-2-5-2-2-9-1-4-4-4-7-4	2-7-7-4-9-14-8-2-2-9-11-2
155	11	12-11-11-11-11-12-11-2-12-13-9-10	2-10-10-11-2-10-12-10-12-13-13-12	10-12-12-12-11-12-10-13-11-13-10-11	12-11-13-12-9-11-13-8-10-14-14-1	9-11-9-14-12-10-12-11-10-8-9-11	13-11-10-11-10-12-10-11-10-8-2-9	11-8-10-14-11-11-10-12-8-9-11-11	12-9-14-10-7-11-10-9-4-11-11-12	11-12-4-9-12-11-11-12-7-12-7-11	11-4-9-12-15-10-12-2-12-12-12-7	12-2-11-12-11-11-12-11-11-4-7-4	2-10-11-4-11-2-8-11-11-11-10-2
155	12	11-10-13-13-11-10-13-13-11-10-10-13	13-10-10-13-10-13-11-13-13-13-13-11	13-11-13-11-13-13-13-11-11-13-13-13	13-11-11-11-13-13-11-8-13-10-12-14	13-11-13-8-13-12-13-13-10-8-9-13	13-14-10-12-10-11-13-12-10-10-4-13	13-12-10-14-13-12-6-13-8-15-13-12	11-12-11-13-13-11-10-10-4-11-11-11	4-11-13-13-11-12-12-13-7-11-12-7	13-13-9-13-13-12-13-8-13-11-13-12	11-14-11-11-2-12-11-14-13-13-7-13	13-13-11-13-12-2-13-11-5-11-10-13
155	13	13-15-12-13-14-13-13-13-13-13-13-13	12-14-13-11-7-12-11-12-12-12-12-11	12-14-12-12-12-12-12-11-11-14-12-12	12-11-11-14-12-12-11-7-14-13-13-12	12-11-12-13-12-13-12-12-13-8-12-12	12-12-13-13-13-11-14-12-13-13-11-13	12-14-10-4-13-13-13-12-8-13-12-12	13-13-11-12-12-11-10-10-12-12-12-11	11-11-12-12-13-13-12-12-9-13-12-10	12-12-9-12-12-12-12-13-12-11-12-12	11-12-11-13-15-12-11-15-12-12-7-12	12-12-11-12-12-9-12-11-13-13-10-13
155	14	15-15-15-15-15-15-15-15-15-15-15-15	15-13-15-11-14-14-14-15-15-15-15-14	14-13-12-15-14-15-14-14-11-13-15-14	15-11-14-14-14-12-15-14-13-11-11-12	10-11-12-11-13-13-15-14-13-14-14-12	14-12-13-14-14-12-13-12-13-13-0-13	15-13-14-11-15-14-14-14-13-14-15-13	15-12-11-13-12-11-14-14-12-14-15-14	2-11-14-12-14-12-12-13-7-14-12-10	12-14-9-13-12-12-15-13-15-15-12-12	15-12-13-15-14-11-11-14-12-15-7-12	15-15-14-12-12-10-12-11-15-14-14-14
155	15	15-15-14-14-15-14-14-15-15-14-15-15	14-13-15-14-14-14-14-14-14-15-14-14	14-13-15-14-15-15-15-15-11-15-14-15	14-15-14-14-15-15-14-15-15-15-15-1	12-11-12-15-11-15-14-15-13-15-9-9	15-15-15-15-15-11-15-15-15-15-15-15	12-15-15-15-14-15-7-14-15-15-14-14	15-15-12-14-15-11-15-9-12-15-14-11	4-15-15-15-12-15-15-13-15-2-12-7	14-14-15-15-15-15-14-14-15-15-15-15	14-15-15-14-13-7-11-14-15-14-7-15	14-15-15-13-14-15-15-11-15-15-15-0
156	0	0-0-0-0-0-0-0-0-0-0-0-0	0-0-0-0-0-0-0-0-0-0-0-0	0-0-0-0-0-0-0-0-0-0-0-0	0-0-0-0-0-0-0-0-0-0-0-0	0-0-0-0-0-0-0-0-0-0-0-0	0-0-0-0-0-0-0-0-0-0-0-0	0-0-0-0-0-0-0-0-0-0-0-0	0-0-0-0-0-0-0-0-0-0-0-0	0-0-0-0-0-0-0-0-0-0-0-0	0-0-0-0-0-0-0-0-0-0-0-0	0-0-0-0-0-0-0-0-0-0-0-0	0-0-0-0-0-0-0-0-0-0-0-0
156	1	1-1-1-0-1-0-0-1-1-1-1-1	1-0-0-1-0-1-1-2-1-0-1-2	2-2-2-2-2-2-2-0-0-0-2-0	2-2-1-1-2-2-0-2-2-2-0-2	2-1-2-2-2-0-2-2-0-0-2-2	2-2-2-1-1-2-2-0-0-0-0-0	0-2-1-0-0-0-0-2-1-1-2-0	1-2-2-2-0-1-0-3-1-0-1-1	0-2-1-2-1-2-1-0-2-1-1-2	2-1-1-0-0-0-2-0-2-1-0-0	0-0-0-0-2-0-0-1-0-2-1-1	1-2-2-1-2-1-2-0-2-0-0-0
156	2	2-2-2-2-2-2-2-2-2-2-2-2	2-3-3-1-3-2-1-1-2-2-1-1	1-1-1-1-1-1-1-1-0-2-1-2	1-1-0-1-1-1-2-1-1-1-1-1	1-2-1-1-1-2-1-1-2-2-1-1	1-1-1-2-2-1-3-1-2-2-2-2	1-1-2-0-3-2-3-3-1-0-1-3	0-1-1-1-2-2-3-1-1-0-2-2	2-1-2-1-1-1-2-2-1-2-1-2	1-1-2-2-2-1-1-2-1-0-2-2	2-2-3-2-1-3-0-0-0-1-1-1	2-1-1-2-1-2-1-2-7-7-2-2
156	3	3-3-3-3-3-3-3-3-3-3-3-3	4-2-2-4-3-3-3-3-3-2-3-3	3-3-3-3-3-3-3-3-3-4-3-3	3-3-3-1-1-4-3-4-4-4-3-8	4-3-8-1-3-2-3-3-4-3-1-1	3-7-1-3-3-3-4-4-4-4-0-3	3-4-2-3-3-3-2-2-4-3-3-4	3-4-1-3-3-3-2-1-3-3-4-3	3-3-3-3-3-3-3-3-4-3-3-3	3-3-3-3-2-3-3-4-3-3-3-3	10-4-2-2-3-3-3-3-3-3-3-3	3-3-3-3-3-3-3-3-2-2-3-7
156	4	5-5-5-5-5-5-5-5-5-5-5-5	5-5-7-5-5-5-5-5-5-5-5-5	4-5-5-5-4-5-4-4-5-5-4-4	4-4-4-4-5-3-4-3-4-3-4-3	5-3-5-5-3-3-4-4-3-4-5-4	4-5-5-4-5-8-3-3-5-3-6-5	5-4-5-5-4-6-4-4-4-5-4-5	4-4-5-5-5-3-4-5-5-4-3-5	6-5-4-5-6-5-5-4-5-4-5-5	5-11-5-15-5-4-4-4-5-5-5-5	5-3-9-4-5-5-4-6-5-4-4-4	3-4-4-9-5-4-4-6-5-5-6-5
156	5	4-4-4-4-4-4-4-4-4-4-4-4	4-6-6-4-4-4-4-4-4-4-4-4	4-4-4-4-4-4-6-4-4-5-8-6	6-6-6-6-5-5-6-7-6-6-5-3	14-4-4-6-6-5-6-4-5-6-6-4	7-4-6-5-6-4-5-7-4-6-13-4	4-6-4-4-5-4-7-4-5-4-6-4	13-5-6-4-4-9-6-6-4-7-6-6	5-4-6-4-7-6-4-4-7-7-4-6	6-6-4-4-6-4-4-4-4-9-4-5	4-6-7-6-4-6-6-5-6-4-7-4	3-4-4-3-6-6-12-7-4-8-4-4
156	6	4-5-4-5-5-5-4-5-4-4-5-4	4-5-5-4-4-4-4-5-4-4-4-4	9-7-7-5-9-5-7-7-4-6-7-7	7-5-5-5-6-7-5-13-5-5-7-3	8-3-3-7-5-6-7-7-5-5-5-8	5-3-5-6-5-4-7-5-5-5-4-4	6-5-5-3-5-6-5-5-5-4-7-5	5-7-5-6-6-3-5-5-3-5-5-5	4-4-5-6-4-5-3-13-5-5-7-5	5-5-4-5-5-5-5-4-4-5-9-7	3-5-5-5-4-5-5-4-5-7-5-6	3-6-6-3-5-5-6-4-4-5-4-4
156	7	4-4-4-4-4-4-4-4-4-4-5-4	4-5-4-4-4-4-4-5-4-4-4-4	6-6-6-6-6-10-6-6-4-8-6-6	6-8-5-5-6-6-5-5-5-7-6-3	6-3-4-6-9-6-8-6-7-5-5-6	5-8-8-5-7-4-6-5-7-7-14-7	6-7-5-7-8-7-5-6-7-4-6-10	5-6-6-6-6-4-5-5-14-5-5-5	7-4-7-7-5-5-10-8-5-5-6-8	4-7-4-5-6-6-4-4-4-3-4-6	7-5-5-4-3-7-5-3-7-11-5-7	3-7-6-3-7-5-6-5-2-2-5-4
156	8	4-4-5-5-4-4-4-4-4-4-5-4	5-9-4-4-4-4-4-9-4-7-4-9	6-8-6-6-6-7-9-9-4-7-9-6	6-7-9-5-6-7-5-6-9-9-7-3	6-3-3-6-7-9-7-9-9-7-5-6	5-7-7-5-8-4-9-5-8-8-7-7	6-7-5-4-7-8-8-10-8-4-5-7	5-8-5-9-6-4-8-7-7-9-5-5	7-5-7-7-8-5-4-9-5-5-8-5	5-7-4-5-5-7-5-12-4-5-7-6	4-9-5-5-4-9-9-4-7-7-5-7	4-7-6-3-5-5-5-4-4-5-4-4
156	9	5-5-4-4-4-4-4-4-4-4-5-4	4-8-5-4-4-4-4-8-4-8-4-8	6-9-5-6-6-7-8-8-4-11-10-10	6-10-8-5-6-7-5-6-10-8-7-3	6-3-3-6-7-8-10-9-8-5-5-6	5-8-7-6-10-4-10-5-8-9-12-7	3-4-10-4-7-7-8-10-8-9-5-5	5-8-8-8-6-5-8-10-7-8-5-5	4-4-7-7-9-5-4-8-5-10-8-5	4-4-4-10-10-5-5-9-8-5-6-6	4-8-5-10-4-8-8-5-7-4-5-7	4-7-6-4-5-5-6-4-9-5-4-5
156	10	9-4-4-4-5-4-4-4-4-4-5-4	4-8-4-4-4-4-5-11-4-4-4-4	10-11-11-13-11-7-11-11-4-7-9-11	10-11-11-10-11-11-5-11-9-9-7-3	11-3-10-11-7-8-11-11-8-5-11-11	11-11-7-5-9-14-9-5-7-7-11-12	15-8-5-4-7-7-8-11-8-9-11-7	5-11-5-11-6-4-8-9-7-5-10-5	7-7-15-7-10-5-7-11-5-11-12-5	4-7-14-10-11-5-10-4-6-5-11-5	3-7-5-9-3-6-4-4-11-7-5-7	4-10-10-10-11-5-6-4-4-2-4-5
156	11	11-4-12-13-5-11-11-4-11-4-5-4	4-12-9-10-4-4-4-12-4-4-4-8	10-10-10-10-10-11-10-10-10-12-12-10	10-10-10-10-10-10-13-10-12-12-12-3	10-3-10-10-7-12-12-10-12-11-10-10	10-10-12-6-11-4-12-11-7-7-10-7	10-12-11-4-14-11-5-10-8-14-10-11	5-10-5-10-12-4-11-14-7-5-4-5	10-4-7-7-9-5-5-10-12-10-11-12	12-10-10-12-10-12-10-4-10-5-10-10	10-5-5-9-4-10-5-5-10-7-11-7	4-10-6-10-10-10-6-5-4-5-4-11
156	12	4-4-11-4-4-13-4-15-4-4-5-4	4-11-4-13-4-4-13-11-4-8-4-14	12-13-13-10-12-13-11-13-13-13-11-13	13-12-13-13-10-10-12-6-11-11-11-3	5-13-3-12-14-11-13-13-11-12-12-12	13-12-11-12-12-14-11-11-8-12-13-10	12-11-12-4-11-12-9-13-8-12-12-10	5-8-13-10-11-13-11-13-7-12-12-13	12-14-13-8-14-5-12-14-11-5-10-11	11-5-10-13-9-11-11-8-12-14-14-6	14-5-13-9-4-14-13-12-14-11-5-7	12-10-13-10-13-5-5-5-13-9-4-11
156	13	12-13-15-13-13-13-4-13-13-4-13-4	14-14-15-4-13-14-14-11-4-14-4-14	12-12-12-10-6-12-14-12-12-12-14-14	12-12-12-12-10-12-11-6-14-14-12-3	10-12-3-9-12-13-12-12-13-12-12-12	12-13-11-12-12-4-13-13-14-13-12-13	5-14-13-4-14-12-14-14-13-11-12-11	5-8-12-10-11-12-11-12-7-13-12-12	12-12-12-12-12-11-13-6-12-12-8-12	12-5-10-12-13-4-5-4-4-12-12-15	12-13-15-15-4-12-12-15-13-7-11-11	4-10-12-10-12-5-6-12-12-13-14-11
156	14	15-15-15-4-5-4-15-4-4-15-15-4	13-13-13-14-4-13-15-15-4-13-14-12	12-14-12-10-14-15-14-12-12-15-13-13	15-12-14-12-14-14-12-10-13-13-13-3	5-12-14-6-12-13-15-12-14-14-14-10	14-14-14-14-12-12-14-14-13-7-7-13	15-13-5-14-11-7-9-13-14-11-14-14	5-14-5-14-14-12-11-15-7-12-12-12	7-12-14-14-12-5-14-14-13-12-14-11	14-7-10-5-14-15-11-4-4-12-10-14	12-5-13-9-4-12-12-14-12-14-5-14	3-15-12-14-14-5-14-4-9-12-13-11
156	15	15-15-15-15-15-15-14-15-15-14-15-15	13-13-15-14-13-4-14-12-14-15-14-12	12-14-15-10-15-14-15-15-12-15-15-15	14-15-15-15-15-15-12-15-14-15-15-10	5-3-15-15-15-15-14-15-13-15-14-10	15-15-15-14-15-12-14-15-15-15-15-15	14-15-15-15-11-15-5-13-15-15-14-14	15-15-6-13-15-12-11-14-7-4-4-12	7-15-10-15-14-15-15-9-15-5-14-11	3-15-15-4-15-15-15-4-15-15-15-15	12-5-13-9-11-12-12-13-15-15-15-15	4-15-15-3-4-15-15-5-15-15-15-5
157	0	0-0-0-0-0-0-0-0-0-0-0-0	0-0-0-0-0-0-0-0-0-0-0-0	0-0-0-0-0-0-0-0-0-0-0-0	0-0-0-0-0-0-0-0-0-0-0-0	0-0-0-0-0-0-0-0-0-0-0-0	0-0-0-0-0-0-0-0-0-0-0-0	0-0-0-0-0-0-0-0-0-0-0-0	0-0-0-0-0-0-0-0-0-0-0-0	0-0-0-0-0-0-0-0-0-0-0-0	0-0-0-0-0-0-0-0-0-0-0-0	0-0-0-0-0-0-0-0-0-0-0-0	0-0-0-0-0-0-0-0-0-0-0-0
157	1	1-1-1-1-0-1-1-1-1-1-0-0	1-0-0-1-0-1-1-1-0-0-1-1	1-1-2-0-1-0-1-1-0-0-0-1	1-2-1-1-0-1-1-1-0-0-0-1	0-1-1-0-1-0-0-1-0-1-1-1	1-1-0-1-0-2-0-1-0-0-1-1	6-0-0-1-1-1-0-1-1-1-1-1	1-0-0-1-0-1-0-0-1-1-1-1	1-1-0-2-0-1-1-1-0-0-0-1	1-1-1-1-0-1-0-0-1-7-1-0	0-0-0-0-0-1-1-1-5-1-1-1	1-1-1-1-1-1-1-1-0-0-1-0
157	2	2-2-2-2-2-2-2-2-2-2-2-3	3-3-2-5-3-3-3-2-3-2-3-2	2-3-2-2-3-3-2-3-4-3-4-3	3-3-4-3-2-1-3-1-3-3-3-1	2-2-2-4-1-2-2-2-3-3-6-2	3-1-3-2-2-1-2-4-2-2-0-1	12-2-3-2-3-2-4-3-3-4-6-2	2-2-3-1-2-1-5-2-2-3-2-3	3-3-3-2-2-4-2-3-3-4-2-2	3-3-2-3-3-2-2-3-1-6-2-3	3-3-11-3-3-2-2-3-3-3-4-2	5-2-3-1-3-3-4-3-11-2-3-3
157	3	2-2-2-2-2-2-2-2-2-2-2-2	2-2-2-6-2-2-2-3-2-2-2-4	3-4-4-5-4-2-4-4-2-2-3-2	4-2-2-4-3-4-2-4-2-2-4-3	5-1-4-5-1-3-4-4-2-2-4-3	2-4-3-2-2-6-3-2-2-2-7-6	1-2-2-1-2-1-2-2-2-3-4-5	2-3-2-3-3-1-2-4-3-2-4-2	2-2-2-3-4-2-1-4-2-5-4-2	2-2-5-2-4-3-5-2-6-2-1-4	2-2-0-2-2-3-2-2-2-2-2-3	2-3-2-1-2-2-3-2-2-3-2-2
157	4	2-2-2-2-2-2-2-2-3-2-2-2	2-2-2-3-2-2-5-4-3-5-3-3	9-5-3-3-3-5-3-3-2-6-5-5	3-5-2-3-3-3-2-3-2-2-5-1	3-1-3-3-5-3-5-3-4-2-2-3	7-3-6-2-4-3-5-2-4-4-9-4	1-4-2-4-5-4-2-3-4-2-3-9	2-3-3-5-3-2-2-5-9-4-3-2	9-9-4-4-3-2-9-5-2-2-3-2	4-4-4-2-3-3-3-2-3-2-4-3	4-2-0-2-4-4-2-4-4-5-2-4	1-4-3-4-4-2-3-2-0-5-2-2
157	5	2-5-5-5-2-2-5-2-2-2-2-2	2-9-6-3-2-2-4-6-4-4-3-6	1-4-3-3-6-4-6-7-2-7-6-6	4-4-4-4-3-3-2-3-6-6-7-1	3-1-3-3-4-7-4-4-4-2-9-3	2-4-4-2-2-3-6-6-4-5-14-5	1-5-7-1-4-2-6-6-5-2-3-4	2-3-2-4-3-1-2-4-6-5-2-2	2-4-4-4-5-2-2-4-2-3-6-3	2-2-5-7-3-3-6-0-3-2-1-3	2-4-9-2-6-2-9-2-1-6-2-6	2-4-1-1-2-2-3-2-2-3-2-2
157	6	6-2-6-6-2-6-6-2-8-6-2-6	2-7-5-3-2-2-3-5-3-4-3-5	4-6-3-3-7-4-5-6-7-4-7-5	4-4-7-7-3-4-2-3-7-5-5-1	3-1-1-3-4-5-6-6-7-2-2-3	2-3-4-2-6-3-7-5-6-6-8-3	1-5-5-1-4-2-9-5-6-8-3-4	2-3-3-5-3-1-8-4-5-5-4-2	2-4-5-4-6-2-1-4-2-6-5-7	2-2-6-5-3-6-5-6-3-2-1-3	4-2-13-7-5-2-3-2-1-5-2-5	1-3-1-1-12-2-3-2-5-2-7-2
157	7	6-5-6-10-7-8-6-2-6-7-2-6	2-5-5-3-2-2-3-6-8-9-7-8	4-7-3-3-6-5-8-5-6-5-6-7	8-5-6-8-3-4-8-3-6-5-5-1	8-5-3-10-4-5-8-6-6-5-5-3	4-3-8-2-6-3-6-8-6-7-3-8	1-9-5-1-4-2-6-6-6-6-3-4	2-3-3-8-8-1-6-4-4-9-2-2	6-2-4-7-4-7-1-8-9-8-7-9	6-4-7-5-3-9-3-11-3-1-1-3	7-10-6-6-6-8-8-4-4-4-9-4	7-9-7-1-4-2-7-8-5-8-6-6
157	8	10-11-8-8-10-8-6-2-6-10-8-7	2-10-5-3-2-2-9-6-7-4-10-7	4-8-10-11-9-10-9-7-10-10-8-9	7-6-9-9-10-10-7-3-10-8-5-7	7-4-3-9-4-5-7-6-9-10-9-3	4-3-9-10-8-3-6-7-8-8-3-7	1-8-8-1-4-2-7-5-8-11-3-7	2-8-9-7-7-1-6-4-4-8-9-2	4-2-4-4-4-7-2-7-7-7-8-7	8-4-7-5-3-7-6-13-3-1-1-8	4-7-6-6-9-7-8-4-4-4-7-4	7-4-7-7-2-2-9-7-5-7-6-2
157	9	9-10-10-8-9-8-10-14-10-9-10-6	2-5-5-10-8-2-8-10-7-7-10-10	10-10-10-8-8-4-10-10-8-8-10-8	10-10-10-8-11-9-2-13-7-5-5-9	10-12-14-8-4-5-10-10-8-8-10-10	10-10-8-9-8-11-5-5-6-8-4-9	14-8-8-9-10-9-6-10-8-11-10-4	4-10-8-10-9-9-6-9-4-7-9-2	4-4-4-10-9-7-4-10-7-7-11-7	8-10-13-6-10-7-10-2-10-2-10-11	4-7-5-6-8-9-10-4-10-9-7-4	9-7-9-10-10-2-8-2-5-10-6-2
157	10	10-11-11-10-10-11-10-10-10-10-10-10	7-11-13-9-10-7-8-9-7-11-9-9	9-10-9-8-9-11-9-9-8-11-11-9	9-9-10-8-9-8-11-9-11-11-11-1	9-9-9-7-9-11-9-9-11-8-9-9	9-9-11-8-10-9-11-10-6-10-9-10	1-11-8-1-13-10-9-9-8-12-9-7	2-9-8-9-11-11-10-9-4-10-9-2	9-10-4-9-6-7-1-9-10-6-6-13	11-9-10-13-9-7-9-11-9-2-9-9	10-7-12-6-2-9-9-13-9-4-7-4	13-9-7-9-9-2-8-2-14-9-6-6
157	11	11-10-10-11-11-10-10-2-14-11-10-10	12-10-10-11-11-10-12-11-13-10-12-14	11-11-9-8-11-12-10-11-12-10-10-11	11-11-12-12-9-9-11-9-10-10-10-11	9-11-9-11-13-10-10-8-10-11-11-11	11-11-10-11-11-14-10-10-8-8-11-9	11-9-10-14-11-9-6-10-12-9-11-11	11-9-11-10-10-14-10-9-10-11-11-13	11-11-11-9-9-11-11-11-7-11-9-7	10-2-9-11-11-9-10-7-13-13-11-9	11-11-2-14-2-13-13-11-11-9-7-4	10-7-11-9-11-2-8-11-2-11-2-2
157	12	13-14-14-14-13-14-14-14-13-13-14-14	13-13-13-12-13-13-14-14-13-13-13-13	11-12-13-13-13-13-13-13-13-13-12-12	11-12-11-13-12-12-13-9-13-13-12-9	13-11-9-12-11-12-13-12-12-13-13-9	13-13-10-13-10-13-12-12-13-8-4-10	2-13-12-12-10-12-12-14-11-10-13-14	13-12-13-12-12-11-10-14-4-11-12-11	2-11-12-12-14-13-12-11-13-14-12-10	12-12-12-14-14-13-14-12-11-11-12-13	12-14-13-11-14-11-11-13-11-14-13-14	13-14-12-14-14-13-13-13-5-11-6-14
157	13	12-12-14-14-12-12-14-12-12-12-12-12	12-12-10-12-12-12-12-12-12-12-12-12	11-13-12-12-12-12-12-12-12-12-10-12	13-13-13-12-13-12-12-9-12-12-12-9	12-11-9-8-11-13-14-12-13-12-12-9	12-12-14-12-10-11-13-13-12-6-4-9	14-12-12-13-10-9-13-12-13-10-9-13	13-9-12-13-13-11-10-14-13-11-12-11	4-11-13-12-11-12-13-12-7-12-13-7	13-12-9-10-13-12-13-12-11-11-11-12	12-13-12-11-10-11-11-12-13-13-12-13	13-14-7-13-13-12-8-12-5-11-14-12
157	14	14-12-12-12-14-12-12-12-14-12-14-12	12-12-14-12-12-12-12-12-12-14-12-13	12-12-12-12-12-13-14-12-12-14-14-12	13-14-14-12-14-14-12-9-14-14-14-11	12-11-14-14-11-14-13-13-13-14-12-9	12-14-13-14-14-11-14-14-14-14-14-14	13-14-14-14-10-14-7-12-14-14-12-12	14-14-12-14-14-11-10-12-13-14-12-11	4-14-4-14-12-7-14-12-14-12-9-7	13-12-14-14-12-12-14-12-14-14-11-14	12-12-0-11-12-13-11-12-14-12-12-13	12-12-14-12-12-14-14-2-14-14-14-12
158	0	0-0-0-0-0-0-0-0-0-0-0-0	0-0-0-0-0-0-0-0-0-0-0-0	0-0-0-0-0-0-0-0-0-0-0-0	0-0-0-0-0-0-0-0-0-0-0-0	0-0-0-0-0-0-0-0-0-0-0-0	0-0-0-0-0-0-0-0-0-0-0-0	0-0-0-0-0-0-0-0-0-0-0-0	0-0-0-0-0-0-0-0-0-0-0-0	0-0-0-0-0-0-0-0-0-0-0-0	0-0-0-0-0-0-0-0-0-0-0-0	0-0-0-0-0-0-0-0-0-0-0-0	0-0-0-0-0-0-0-0-0-0-0-0
158	1	1-1-1-1-1-1-1-1-1-1-1-1	2-1-1-0-1-1-2-2-2-2-2-2	1-3-2-2-2-2-2-2-2-2-2-2	2-2-2-2-0-0-2-2-2-2-2-2	1-3-1-2-1-1-2-1-1-2-2-0	2-2-2-1-1-4-1-3-1-1-9-2	9-1-1-2-1-1-2-2-1-1-9-2	2-1-2-1-1-2-1-1-1-1-4-2	9-2-2-1-1-3-2-1-1-2-1-2	2-1-1-2-2-2-2-1-2-2-2-2	2-2-14-5-2-2-1-2-1-9-2-1	2-1-1-1-2-2-1-2-3-10-2-1
158	2	1-2-2-1-1-1-1-1-1-1-1-1	1-1-1-4-1-1-1-1-1-1-2-1	0-2-1-1-4-1-3-1-1-3-1-1	3-1-1-1-3-3-1-3-1-1-3-1	4-1-6-4-0-2-3-3-1-1-1-3	1-1-1-2-1-1-2-1-1-1-6-1	2-4-1-1-2-1-1-1-1-1-3-1	1-2-3-2-2-1-1-1-2-1-1-1	1-1-1-2-10-1-1-3-1-1-2-1	1-2-1-1-1-3-1-1-1-1-1-1	1-1-1-0-1-1-0-1-0-3-1-1	1-2-5-1-1-1-2-1-1-1-1-1
158	3	1-1-1-1-1-1-1-1-1-1-1-3	1-1-1-2-1-1-4-3-3-4-2-4	6-4-2-1-2-8-2-4-1-8-2-2	2-4-4-2-2-2-1-2-1-1-2-2	2-3-6-2-4-2-4-2-3-3-1-5	8-4-5-11-3-1-4-1-3-3-8-3	6-2-1-3-4-3-4-4-3-1-2-6	1-3-2-4-5-1-3-5-6-3-3-1	8-1-3-4-7-1-8-4-1-3-2-1	4-6-3-1-2-2-3-3-1-4-3-1	8-4-3-0-3-3-0-3-6-4-1-3	5-3-3-4-3-1-2-1-1-3-2-1
158	4	4-4-4-4-1-4-4-4-4-1-1-4	1-6-5-2-1-1-3-5-3-3-2-5	3-3-3-1-2-3-5-6-1-6-5-5	3-3-3-3-2-2-5-1-5-5-6-2	2-6-2-2-3-6-3-2-3-7-6-3	1-3-3-3-3-1-5-5-3-4-7-3	3-2-1-3-3-4-3-5-4-4-2-3	5-2-2-3-2-1-4-3-5-5-1-1	4-1-3-3-4-1-1-3-1-3-5-1	3-2-1-6-1-1-5-3-1-3-5-5	1-3-1-1-5-4-0-3-3-5-1-5	1-3-2-3-1-1-2-1-5-1-4-1
158	5	5-1-5-5-1-8-5-5-6-5-1-5	1-6-4-2-1-6-1-7-3-3-2-4	6-5-5-4-6-3-4-5-6-3-6-4	3-7-6-6-2-3-4-1-6-4-4-2	2-7-2-6-3-4-5-6-6-1-1-3	1-3-3-3-5-3-6-4-5-5-7-3	3-2-1-3-3-5-6-4-5-5-2-3	4-3-2-4-3-1-8-3-4-4-3-1	6-1-4-3-12-1-1-3-1-9-4-1	6-1-5-8-5-5-4-6-2-1-7-4	3-3-6-6-4-3-0-3-3-4-3-4	3-3-2-3-1-1-2-1-4-1-6-6
158	6	5-4-5-7-6-7-6-1-5-6-1-5	1-4-4-2-9-6-1-8-8-9-6-7	3-6-7-7-5-7-7-4-5-4-5-6	7-6-5-7-2-3-6-7-5-4-4-7	7-4-2-9-3-4-7-5-5-6-4-3	3-3-3-3-5-3-5-6-5-6-5-3	3-6-1-3-3-4-5-5-5-5-3-3	8-6-2-3-7-1-5-6-3-8-8-1	3-1-3-3-3-6-3-7-8-8-10-6	5-3-6-4-8-8-6-5-1-1-5-7	3-9-5-5-5-7-0-3-3-3-8-3	6-8-6-3-1-1-6-1-4-1-5-5
158	7	7-11-5-7-8-6-5-7-5-9-7-6	1-4-4-1-5-6-8-8-6-6-9-6	3-8-9-8-6-9-8-9-8-9-8-8	6-9-8-6-9-9-6-6-6-4-4-6	6-3-2-8-3-4-6-5-8-8-6-3	6-4-8-8-7-1-5-6-7-8-5-6	3-8-7-3-3-7-6-4-7-7-7-3	1-7-9-3-6-8-5-3-3-7-8-1	3-1-3-3-3-6-1-6-6-6-7-6	7-3-6-6-8-6-8-12-7-1-5-7	3-3-5-5-8-6-0-3-3-2-6-3	6-3-6-3-1-1-8-6-4-1-5-8
158	8	8-14-9-9-7-5-8-14-8-7-8-9	1-4-4-8-6-5-9-7-6-6-9-6	9-7-9-7-9-3-9-9-7-3-9-7	9-3-9-7-10-9-4-9-6-4-4-9	9-3-8-7-3-4-9-9-7-7-8-8	3-8-9-7-5-10-9-8-5-7-3-9	8-7-7-3-9-8-6-9-7-8-8-3	6-8-8-9-6-7-5-8-3-9-8-1	3-1-3-9-8-6-3-9-6-6-10-6	7-3-8-5-9-6-9-5-8-1-8-10	3-3-4-5-7-8-0-3-3-8-6-3	1-6-8-3-13-1-7-1-4-8-5-7
158	9	9-10-8-9-9-10-9-9-10-10-9-10	12-11-10-8-10-6-8-8-6-6-8-9	8-9-8-8-8-9-8-8-11-10-10-8	8-9-8-7-8-8-9-8-10-11-9-2	8-3-8-8-8-10-8-8-10-7-8-8	3-8-8-7-9-8-10-9-9-9-1-8	1-9-7-10-14-9-6-8-7-9-8-9	1-8-8-8-9-10-11-12-3-9-1-1	1-9-10-8-5-6-1-8-7-5-5-12	7-1-6-10-8-7-8-9-8-10-8-9	10-6-12-9-10-8-0-3-3-1-6-8	1-6-6-3-1-12-7-1-1-9-12-9
158	10	9-9-10-10-9-10-10-14-9-12-9-9	9-9-9-11-9-9-10-10-11-11-12-14	10-10-12-12-10-12-10-11-10-9-9-10	10-10-11-11-8-10-12-8-9-10-10-10	8-12-12-10-11-9-11-10-9-10-10-10	14-10-9-10-9-11-9-9-7-9-1-8	10-9-9-11-10-10-8-9-7-9-10-10	11-8-11-9-9-11-9-8-9-10-10-11	10-11-9-8-8-6-12-11-6-10-8-6	11-8-6-9-9-7-9-7-10-11-11-8	11-1-5-13-9-8-12-11-11-8-6-10	1-6-10-3-11-1-7-10-10-1-5-10
158	11	13-11-11-14-12-9-10-11-11-12-12-9	9-9-9-10-11-9-10-13-10-10-12-10	12-12-10-12-12-10-12-10-12-12-10-12	12-10-10-10-12-13-9-8-12-9-11-10	13-10-13-12-10-11-12-13-9-7-12-8	12-14-12-13-11-13-12-11-9-9-3-13	11-11-9-10-12-11-13-12-7-11-10-12	9-11-10-12-11-10-9-13-12-12-10-10	10-10-12-12-14-6-10-12-6-7-11-6	10-12-9-11-12-11-11-7-11-10-10-13	10-3-5-10-7-12-10-10-10-12-6-12	9-11-12-3-10-1-12-10-1-11-5-9
158	12	12-12-12-12-13-10-12-11-12-10-11-13	9-13-9-10-12-14-10-10-10-13-11-10	11-11-10-11-11-10-13-10-11-11-13-11	11-10-10-10-11-11-10-8-13-13-11-10	11-10-10-12-11-13-13-11-13-7-11-11	11-8-11-14-12-11-11-9-13-12-12-12	11-11-13-10-11-12-13-11-7-5-11-11	9-11-10-11-11-10-9-11-11-11-12-10	10-11-11-11-5-8-13-11-6-5-11-9	10-11-14-11-11-11-11-13-12-10-10-11	10-12-9-10-13-11-10-10-10-11-11-11	12-11-11-12-10-12-11-12-13-13-13-13
158	13	13-11-12-11-13-10-14-14-14-11-13-14	14-12-12-10-12-13-13-11-14-13-11-14	10-11-10-11-11-13-12-10-14-11-12-11	14-10-13-14-11-11-14-8-12-12-11-10	11-10-11-13-13-12-12-11-12-13-11-8	11-11-11-11-13-11-9-9-12-12-10-11	11-11-12-13-12-12-12-11-7-14-10-11	9-11-8-11-11-13-9-11-13-12-13-10	13-13-13-11-11-6-13-11-6-6-11-6	13-13-13-13-11-11-12-12-13-13-10-11	10-6-1-10-12-8-10-13-13-13-6-13	12-11-6-13-13-6-7-10-12-12-12-9
158	14	14-14-14-14-14-14-13-14-14-14-14-14	13-12-14-10-12-13-13-13-13-14-11-10	13-13-14-11-14-14-14-14-13-14-14-14	13-14-14-13-14-14-13-8-14-14-14-10	11-10-14-14-14-14-13-14-12-14-8-8	14-11-11-14-14-10-14-14-14-14-14-14	11-14-14-14-9-14-14-14-14-14-10-11	14-14-11-14-11-10-9-13-13-14-13-10	3-14-14-14-11-14-14-12-14-11-11-6	13-14-14-14-14-11-14-12-14-14-10-14	10-14-1-14-10-6-14-14-14-14-6-14	14-14-14-13-14-14-14-10-14-14-12-10
159	0	0-0-0-0-0-0-0-0-0-0-0-0	0-0-0-0-0-0-0-0-0-0-0-0	0-0-0-0-0-0-0-0-0-0-0-0	0-0-0-0-0-0-0-0-0-0-0-0	0-0-0-0-0-0-0-0-0-0-0-0	0-0-0-0-0-0-0-0-0-0-0-0	0-0-0-0-0-0-0-0-0-0-0-0	0-0-0-0-0-0-0-0-0-0-0-0	0-0-0-0-0-0-0-0-0-0-0-0	0-0-0-0-0-0-0-0-0-0-0-0	0-0-0-0-0-0-0-0-0-0-0-0	0-0-0-0-0-0-0-0-0-0-0-0
159	1	1-1-0-0-0-0-0-0-0-0-1-0	0-2-0-0-0-0-2-1-2-0-2-0	2-2-0-0-0-1-2-0-0-0-2-1	2-2-2-0-1-0-0-1-0-0-0-5	0-0-2-0-2-0-2-0-0-0-1-0	0-2-0-2-0-0-1-0-0-1-0-2	0-0-0-5-1-0-0-0-1-0-0-0	0-1-0-1-1-0-0-0-1-1-0-0	0-5-0-1-0-0-2-1-2-1-1-0	0-0-1-0-0-0-0-1-1-1-0-0	0-1-0-0-0-1-1-0-0-0-0-1	0-1-1-1-0-0-1-0-0-2-0-0
159	2	2-2-2-2-2-2-2-2-2-2-2-2	2-1-0-2-0-3-1-1-1-0-3-3	1-3-3-3-3-1-3-3-0-2-1-2	3-1-3-3-3-3-0-3-2-4-3-1	3-0-3-4-3-2-3-3-2-4-2-3	3-3-2-1-2-5-2-3-0-2-3-1	2-2-0-2-2-2-2-3-0-2-3-2	2-2-3-2-2-2-2-2-2-0-2-0	0-1-0-2-3-0-1-3-4-3-2-2	3-2-0-0-3-3-2-2-2-0-3-3	0-2-3-0-0-6-0-0-0-2-2-2	0-2-4-2-0-0-2-0-3-1-3-0
159	3	3-3-2-3-3-3-4-5-3-3-3-3	4-3-3-2-3-5-1-4-4-4-2-3	1-4-2-2-2-4-4-4-6-4-3-2	2-4-2-2-2-2-4-2-2-3-2-1	2-3-2-2-5-2-4-2-3-3-4-2	2-2-5-6-3-2-4-2-3-3-6-3	2-3-3-3-4-3-3-4-3-3-2-6	3-2-2-4-3-3-3-4-6-6-4-0	3-1-3-3-2-4-3-4-0-3-2-2	2-3-1-0-2-2-2-3-4-4-3-2	3-6-3-0-3-3-1-3-3-5-2-3	0-3-2-4-3-3-4-0-2-2-2-2
159	4	4-4-4-4-4-3-4-4-4-4-4-4	3-4-4-2-3-5-1-3-3-3-3-5	1-3-2-2-2-3-5-5-1-3-5-5	3-3-5-2-2-2-3-2-5-5-2-2	2-0-1-2-3-5-3-3-3-2-2-2	2-3-3-4-4-2-3-3-4-4-4-4	2-2-4-3-3-4-4-5-4-4-2-3	4-2-2-3-2-3-4-3-3-4-3-0	4-1-3-3-4-3-1-3-5-4-2-3	3-3-4-5-2-3-2-4-5-3-3-2	0-5-4-0-0-5-1-5-0-3-5-3	4-9-2-3-0-5-3-0-0-5-5-0
159	5	5-6-5-5-5-5-5-5-5-5-5-5	4-6-6-2-6-6-2-4-3-6-7-4	1-5-5-2-2-3-4-7-7-5-6-6	3-6-6-2-2-2-6-2-6-7-3-1	2-0-1-6-3-4-6-5-6-5-2-2	2-3-3-3-5-2-6-6-5-5-7-4	2-2-4-1-3-4-6-6-5-4-2-6	4-2-2-4-2-7-5-3-3-5-3-0	0-1-4-4-4-3-1-2-6-4-2-5	4-4-5-4-2-9-2-5-4-3-0-2	0-4-12-6-6-10-0-4-4-3-4-3	5-10-2-3-0-4-6-0-5-4-4-10
159	6	6-5-5-5-7-5-5-4-5-6-7-5	4-5-5-7-5-5-7-7-7-5-7-7	7-7-7-7-7-3-7-7-7-5-5-7	7-7-5-6-7-7-5-7-5-5-3-6	7-8-12-5-3-4-7-7-5-7-7-6	7-7-3-3-6-7-5-5-4-5-3-7	7-2-5-7-3-6-5-7-4-8-7-3	3-7-12-7-3-6-5-8-3-10-6-0	7-1-12-3-6-7-7-7-8-7-8-6	2-7-8-6-7-6-6-6-6-0-6-7	7-3-5-5-6-8-1-6-7-3-6-3	6-6-6-6-7-6-5-0-6-7-5-6
159	7	7-7-7-7-7-7-7-7-7-7-7-7	3-8-7-6-7-5-6-6-3-9-6-6	6-6-6-6-6-3-6-5-6-8-8-6	6-6-6-6-6-6-7-6-8-9-7-6	6-6-6-6-3-8-6-6-8-7-6-6	6-6-8-7-11-6-8-7-7-7-6-6	6-2-7-6-12-7-5-6-4-10-6-7	7-6-8-6-7-7-11-7-3-6-6-0	6-1-3-3-7-7-6-6-8-6-6-9	7-6-7-6-6-6-8-11-6-5-6-6	6-3-5-7-12-12-0-9-6-3-7-7	11-6-6-6-7-7-2-0-9-9-10-7
159	8	8-9-7-8-8-8-8-5-8-7-8-7	10-7-7-8-9-8-10-9-9-9-9-9	8-8-9-6-8-9-10-11-10-10-7-8	9-8-9-9-6-9-8-6-7-9-8-6	2-11-6-8-9-7-9-8-7-8-8-8	10-9-7-8-8-11-7-7-7-7-0-6	2-2-7-12-8-9-5-9-3-6-10-9	8-7-11-7-7-11-7-6-3-8-8-11	8-9-9-9-2-8-9-9-10-8-6-6	11-9-9-8-9-6-7-7-9-11-8-2	9-8-8-7-9-11-10-8-10-3-7-3	7-6-8-6-8-8-7-12-7-8-7-7
159	9	8-9-10-10-9-5-9-9-11-9-7-7	8-7-7-8-11-10-8-8-8-7-10-8	10-8-8-10-10-8-8-8-8-10-9-8	10-8-9-8-10-10-8-6-10-8-9-6	10-8-1-10-8-9-10-10-9-12-11-10	7-8-10-10-7-8-10-9-9-9-5-9	10-10-7-9-10-8-9-8-10-7-9-8	8-9-3-10-10-9-7-10-9-8-7-8	8-8-8-10-9-9-8-8-10-9-10-9	10-10-8-8-8-5-5-4-8-8-8-9	8-9-5-7-7-8-8-7-8-3-9-9	7-4-8-6-8-7-10-0-7-8-7-7
159	10	10-12-11-9-11-11-10-10-9-10-10-10	8-11-11-8-11-11-8-8-9-8-9-8	6-8-8-9-9-8-8-8-8-11-11-8	9-8-9-9-9-9-11-6-9-10-9-6	9-8-6-9-9-11-9-9-11-10-9-9	11-10-9-9-10-8-11-10-10-10-11-10	9-9-7-10-9-10-11-9-9-7-8-8	10-9-8-9-9-8-10-9-3-10-11-8	10-8-3-9-8-10-8-8-8-6-9-11	9-9-10-11-6-6-6-7-8-8-8-10	8-11-11-7-12-5-8-8-8-2-11-9	7-6-8-6-12-7-9-0-7-11-7-7
159	11	11-12-10-12-10-10-10-12-11-12-12-10	12-10-10-8-10-10-12-8-12-11-12-8	12-12-11-11-11-12-11-8-11-10-10-11	11-8-11-11-11-11-10-2-10-10-9-6	9-8-6-5-8-10-12-9-10-11-11-11	10-11-11-9-7-8-10-10-10-10-3-12	12-9-10-10-9-11-10-12-3-7-11-12	8-11-8-11-11-8-7-9-3-11-11-8	10-8-3-11-8-3-8-8-10-10-11-10	8-11-10-10-8-11-10-7-11-8-8-11	8-10-10-7-10-8-8-8-8-11-10-3	7-6-11-6-0-7-11-0-7-10-10-7
159	12	12-12-12-12-12-10-11-12-12-11-12-12	11-10-10-8-12-12-11-9-11-12-11-8	11-11-12-11-12-11-11-12-8-12-12-12	12-12-11-12-12-12-8-12-12-12-12-8	9-8-12-12-12-12-11-12-12-12-2-6	12-12-12-12-12-8-12-12-12-12-12-11	11-12-12-12-7-12-10-11-12-12-8-11	12-11-6-12-12-8-7-9-6-12-11-8	8-12-12-12-9-12-12-9-12-9-11-10	12-12-12-12-12-12-12-7-12-12-8-12	8-12-5-5-7-7-8-7-12-12-12-12	12-12-12-7-10-12-12-8-12-12-12-0
160	0	0-0-0-0-0-0-0-0-0-0-0-0	0-0-0-0-0-0-0-0-0-0-0-0	0-0-0-0-0-0-0-0-0-0-0-0	0-0-0-0-0-0-0-0-0-0-0-0	0-0-0-0-0-0-0-0-0-0-0-0	0-0-0-0-0-0-0-0-0-0-0-0	0-0-0-0-0-0-0-0-0-0-0-0	0-0-0-0-0-0-0-0-0-0-0-0	0-0-0-0-0-0-0-0-0-0-0-0	0-0-0-0-0-0-0-0-0-0-0-0	0-0-0-0-0-0-0-0-0-0-0-0	0-0-0-0-0-0-0-0-0-0-0-0
160	1	1-1-1-1-1-1-1-1-1-1-1-1	1-1-2-1-1-1-2-1-1-1-2-2	1-2-2-2-2-2-2-2-2-2-3-1	2-0-2-2-2-2-0-2-1-2-2-1	2-0-2-2-0-1-2-2-0-0-2-2	1-2-2-1-1-4-2-2-1-1-2-2	1-1-1-1-1-2-1-2-1-1-2-2	2-2-1-2-2-2-1-1-1-5-2-1	1-1-0-1-2-1-0-0-2-1-2-1	1-1-1-2-2-2-1-2-5-0-2-2	1-1-1-0-2-0-2-1-2-1-1-1	1-1-1-2-2-1-1-0-2-2-2-1
160	2	2-2-1-2-2-1-2-1-1-2-2-1	1-2-1-1-2-1-1-2-2-2-1-2	5-3-1-1-1-5-1-3-1-5-6-3	1-3-1-1-1-1-2-1-1-1-5-1	1-0-1-1-3-1-3-3-2-2-1-1	3-1-4-5-1-1-3-1-2-2-9-1	3-2-2-2-3-1-2-2-2-1-1-3	1-1-2-3-1-1-2-3-2-0-4-2	2-5-2-2-1-1-2-3-1-2-1-1	3-2-0-1-1-1-1-2-1-3-1-1	2-2-1-1-1-2-1-2-1-3-1-2	2-2-1-1-1-2-1-2-1-1-1-1
160	3	3-3-3-3-3-3-1-3-3-3-3-3	3-3-3-1-4-3-1-4-2-2-1-2	0-2-1-1-1-1-4-2-4-2-4-4	2-2-0-1-1-2-3-1-4-5-2-1	1-0-1-1-2-5-2-2-2-2-1-1	2-1-1-0-2-1-2-3-3-3-1-3	2-3-3-2-2-3-3-4-3-3-1-2	3-1-2-2-1-0-3-2-2-3-2-2	3-3-2-2-0-3-1-2-3-2-1-4	2-2-3-4-1-1-1-5-1-2-0-1	0-1-3-1-1-6-0-8-2-2-3-2	5-2-2-1-1-3-1-2-3-1-3-1
160	4	4-4-4-4-5-4-4-4-4-4-4-4	3-6-4-1-6-3-1-4-2-2-1-5	0-4-1-1-1-2-3-6-3-2-5-4	2-2-5-1-1-2-5-1-5-4-2-1	1-0-1-5-2-3-5-4-5-0-1-1	1-2-2-6-7-1-5-2-4-4-6-1	2-4-4-0-2-3-5-3-5-4-1-3	3-1-1-3-1-0-4-2-2-4-2-4	3-2-5-1-6-2-0-2-4-5-4-5	3-2-4-3-1-1-1-4-1-2-0-1	0-5-5-6-3-0-1-0-5-2-3-2	3-4-2-1-7-4-1-4-5-5-5-6
160	5	6-5-3-4-4-4-5-6-5-4-5-6	6-4-4-6-4-4-6-6-6-2-6-6	2-5-6-7-6-2-6-4-6-6-4-6	6-6-4-6-6-6-4-5-4-6-2-5	6-0-6-6-2-3-6-6-4-5-14-6	6-1-7-2-5-6-4-5-4-4-2-11	5-4-3-0-2-5-4-4-4-2-6-6	3-5-6-6-5-7-4-6-5-1-5-4	6-2-4-6-5-5-0-6-4-5-7-5	6-7-5-4-6-4-6-3-1-6-5-1	3-4-4-4-4-0-0-7-6-5-6-2	3-5-6-5-6-4-1-4-4-4-4-4
160	6	6-6-6-6-6-6-6-6-5-6-7-5	5-7-4-5-7-7-5-7-5-7-5-7	8-5-5-5-5-5-5-4-5-5-7-5	5-5-7-5-5-5-4-5-7-7-6-5	5-0-5-5-2-7-7-5-7-6-5-5	5-5-6-6-5-5-7-6-6-6-4-6	5-6-6-6-6-6-6-6-4-7-7-5	6-5-5-7-6-6-4-5-5-6-5-6	6-6-2-6-9-6-6-5-6-5-1-5	5-7-4-6-5-6-7-7-1-5-6-5	6-4-3-4-6-6-6-5-5-5-5-2	7-5-5-5-5-4-6-6-6-4-4-4
160	7	7-6-6-7-6-6-6-6-6-6-6-6	5-6-6-7-6-6-8-6-5-6-5-6	9-8-8-5-7-7-6-7-7-5-6-7	8-7-8-5-5-8-7-5-6-7-7-7	9-8-10-7-9-6-6-8-6-7-7-8	8-7-5-7-5-14-6-6-6-2-10-6	7-6-7-7-7-5-4-8-2-6-9-5	5-6-12-6-6-8-6-5-7-7-7-11	7-9-8-7-9-7-7-7-5-7-5-5	6-6-4-7-8-7-6-6-1-9-7-1	9-7-7-14-7-8-9-7-10-1-1-2	6-8-7-7-7-7-1-7-7-7-4-1
160	8	10-9-9-9-9-9-9-12-9-9-9-10	11-9-9-9-9-9-9-9-10-9-9-9	7-7-7-9-9-10-9-9-9-8-10-9	9-7-9-9-5-7-9-5-8-8-8-7	11-7-5-9-7-8-9-8-8-11-11-7	12-8-9-9-9-12-8-8-9-8-8-8	13-8-8-8-6-8-12-9-9-11-8-8	9-5-5-8-8-7-8-14-8-8-7-7	8-7-9-8-11-9-9-7-9-14-8-9	9-8-11-8-9-8-11-8-9-7-7-8	8-11-9-7-9-9-7-9-7-8-11-2	10-8-8-8-8-11-8-9-10-9-9-8
160	9	8-8-8-8-8-8-8-8-8-8-8-8	8-8-8-12-8-8-8-8-8-8-8-8	7-9-10-10-10-8-10-8-10-10-8-10	10-7-8-8-10-10-8-5-8-8-11-7	10-7-10-8-7-9-10-10-8-8-8-11	8-11-8-8-8-10-10-9-8-6-2-8	10-9-8-0-10-8-8-8-8-8-7-9	8-11-8-10-9-7-8-14-10-9-8-7	8-7-8-11-14-8-8-9-8-8-9-8	9-9-8-8-10-11-9-6-10-7-8-9	7-8-8-4-8-8-7-8-7-10-8-2	8-9-7-9-8-8-9-8-8-8-8-8
160	10	8-8-8-8-8-8-8-8-8-8-8-8	8-8-8-9-8-8-8-12-8-8-8-8	7-9-8-9-9-8-9-8-9-9-11-11	9-7-11-8-9-9-8-9-10-11-10-7	9-7-9-10-9-9-9-9-11-8-8-9	9-8-12-10-10-9-11-10-10-10-7-10	9-11-8-0-9-10-11-11-8-12-7-9	10-9-9-9-9-7-11-8-9-10-8-7	8-7-8-9-10-8-10-9-8-8-9-8	9-9-8-14-9-9-14-11-9-7-7-9	7-8-14-10-8-8-7-8-7-9-8-2	8-9-7-9-8-8-9-8-8-8-11-8
160	11	8-8-8-8-8-8-8-8-8-8-8-8	8-10-8-9-8-8-9-10-8-8-8-8	12-12-12-9-9-12-12-12-8-9-10-10	12-12-12-8-9-12-8-13-10-10-9-12	13-13-12-10-12-9-12-12-10-8-8-12	9-12-10-13-10-9-10-8-8-10-4-13	12-10-8-12-12-11-10-10-8-8-12-12	8-9-13-12-9-7-10-8-12-8-13-7	11-7-11-9-8-8-11-12-8-8-9-5	12-12-8-11-11-9-12-10-12-12-12-9	12-8-13-7-12-14-7-11-12-12-8-11	11-11-11-11-11-8-12-8-10-8-10-11
160	12	8-8-12-8-8-8-8-8-8-8-8-8	8-8-8-9-8-8-9-10-8-8-9-9	11-11-11-9-9-11-11-11-8-13-11-9	11-11-11-11-11-11-8-9-13-13-9-11	9-7-11-13-11-13-11-11-14-12-13-11	8-11-10-12-12-9-13-12-12-12-13-12	11-9-8-11-11-12-8-13-12-10-11-13	8-9-7-11-9-7-13-5-11-8-11-7	11-7-11-11-10-8-11-13-12-11-9-8	11-11-8-12-11-8-11-10-11-11-11-9	11-14-8-8-13-13-7-11-11-11-8-12	11-11-11-11-11-8-11-8-8-8-13-13
160	13	8-8-14-8-14-14-14-14-14-14-14-14	8-10-8-9-8-14-14-14-13-14-14-14	13-14-14-14-13-11-13-13-14-12-13-13	14-13-14-13-11-13-14-11-12-11-11-11	11-11-11-12-12-12-14-14-12-13-12-13	13-11-10-11-10-7-12-11-12-12-4-14	11-10-8-11-13-12-8-13-8-14-11-12	8-9-11-13-13-12-12-8-11-10-11-8	14-7-11-12-13-13-11-12-12-8-13-8	11-11-8-12-13-9-11-10-11-8-7-9	14-12-13-10-12-12-14-11-11-13-8-12	14-13-13-11-13-8-11-8-12-13-12-12
160	14	14-14-13-13-14-13-13-14-13-13-14-14	13-8-14-9-13-13-13-13-13-14-13-13	13-13-13-13-14-13-13-14-13-14-13-14	13-14-13-13-14-14-13-14-14-14-14-11	8-11-11-14-7-14-13-13-12-14-5-13	14-14-14-13-14-7-14-14-14-14-14-13	11-14-14-14-6-14-12-13-14-13-8-13	14-14-12-13-14-7-14-8-11-8-13-7	13-14-11-14-9-8-14-8-14-8-13-8	11-14-14-10-14-9-14-13-14-14-14-14	13-12-14-7-12-11-13-14-14-14-8-14	13-11-14-11-13-14-14-7-14-14-10-8
161	0	0-0-0-0-0-0-0-0-0-0-0-0	0-0-0-0-0-0-0-0-0-0-0-0	0-0-0-0-0-0-0-0-0-0-0-0	0-0-0-0-0-0-0-0-0-0-0-0	0-0-0-0-0-0-0-0-0-0-0-0	0-0-0-0-0-0-0-0-0-0-0-0	0-0-0-0-0-0-0-0-0-0-0-0	0-0-0-0-0-0-0-0-0-0-0-0	0-0-0-0-0-0-0-0-0-0-0-0	0-0-0-0-0-0-0-0-0-0-0-0	0-0-0-0-0-0-0-0-0-0-0-0	0-0-0-0-0-0-0-0-0-0-0-0
161	1	1-1-1-1-1-1-1-1-1-1-1-1	1-0-0-1-0-1-1-0-1-0-1-0	1-2-2-1-1-1-0-1-1-0-0-1	1-1-2-1-1-1-0-1-0-0-0-6	0-1-9-0-1-0-2-1-0-1-1-1	1-1-0-1-1-1-0-1-1-0-1-1	1-0-0-1-1-1-0-0-0-1-1-1	1-0-1-1-1-1-0-1-1-1-1-1	1-1-1-1-8-1-1-1-0-1-1-1	1-1-1-1-0-1-1-0-1-1-1-1	1-1-1-0-1-1-1-1-2-1-1-1	1-2-1-1-1-0-1-1-1-0-1-0
161	2	2-2-2-3-2-2-2-2-2-3-2-2	3-3-3-2-3-3-1-3-3-2-3-2	2-1-3-2-3-2-3-2-3-2-3-2	3-1-3-3-2-1-3-4-3-3-3-1	3-1-1-3-1-2-3-2-3-3-3-1	3-1-3-6-3-3-3-4-2-2-0-1	10-2-2-2-2-3-3-3-3-4-3-3	8-2-2-3-2-1-2-3-1-3-2-9	10-1-2-1-3-3-14-3-3-3-2-3	3-3-3-3-3-3-5-3-2-7-2-2	3-3-3-2-3-3-4-3-3-3-3-2	3-1-2-1-3-3-4-3-3-3-3-3
161	3	2-2-2-2-2-2-2-2-2-2-2-2	2-2-2-3-2-2-2-2-2-2-4-4	9-4-2-4-5-4-4-4-2-3-2-4	2-1-2-2-3-4-2-6-2-2-4-1	6-1-1-5-1-4-4-4-2-2-2-6	2-1-2-2-2-2-4-2-2-2-11-4	5-6-2-1-3-3-2-2-2-3-2-2	2-3-4-4-3-1-2-2-3-2-2-2	3-1-2-6-4-2-1-2-2-2-4-2	2-4-2-2-2-4-2-2-8-1-1-4	2-2-2-0-2-2-1-2-2-2-2-3	2-3-3-1-2-2-3-2-2-2-2-2
161	4	2-2-2-2-2-2-2-2-2-2-2-2	2-2-2-3-2-2-2-4-4-2-3-4	3-3-5-3-3-5-3-3-2-5-2-3	5-5-5-5-7-6-2-2-3-4-3-1	3-1-3-3-5-3-5-3-5-2-5-3	3-6-6-2-4-2-3-2-2-4-12-3	3-3-0-1-5-2-2-3-4-2-4-9	2-3-3-5-4-1-2-5-5-2-6-2	4-1-4-4-3-2-1-4-2-4-3-2	4-3-2-2-3-3-6-2-2-5-4-3	4-2-2-0-4-4-2-4-4-6-2-4	2-4-6-1-2-2-2-2-2-2-2-2
161	5	5-5-5-5-2-5-2-5-5-5-2-5	2-7-5-3-2-2-2-5-5-4-2-5	3-5-4-3-3-4-6-5-5-4-6-6	4-4-4-4-4-4-5-3-6-6-4-1	5-1-3-3-4-6-4-5-4-2-4-3	2-4-4-2-3-2-6-5-5-5-0-5	3-3-2-1-4-0-6-5-5-2-5-6	2-3-4-4-3-2-5-4-4-5-4-2	2-1-4-4-2-2-2-4-5-4-6-2	5-3-7-2-2-5-2-2-3-4-2-3	4-6-2-2-2-5-2-4-4-2-6-4	2-4-4-1-2-2-2-2-2-2-5-2
161	6	6-6-6-6-6-6-2-5-2-5-7-5	2-5-7-3-2-2-2-5-4-4-3-5	3-6-4-3-3-3-5-5-8-7-7-7	4-7-5-7-3-4-8-3-7-5-7-1	8-1-1-7-4-5-7-6-7-2-2-3	2-4-4-2-6-3-7-7-6-6-10-5	1-3-2-1-4-6-7-7-5-6-6-5	2-3-3-5-6-2-6-4-4-5-4-2	6-1-4-4-6-4-1-7-5-7-5-13	7-3-5-7-7-6-4-6-2-4-2-3	2-5-7-6-7-6-8-4-5-4-5-4	2-6-4-4-2-2-7-2-2-7-2-2
161	7	2-2-6-8-6-7-2-2-7-7-6-8	8-5-6-3-2-2-9-6-8-4-8-8	8-9-9-9-7-4-8-8-8-6-6-6	8-6-7-7-8-8-6-9-6-6-6-1	9-7-8-6-4-5-8-8-6-9-8-8	8-8-6-2-7-4-6-6-2-5-9-8	9-6-6-1-8-7-6-6-5-6-8-4	2-8-8-8-6-2-6-8-4-5-8-2	8-1-6-5-6-4-1-8-7-8-5-4	6-8-14-8-8-8-7-8-8-2-8-2	8-6-6-8-6-6-8-7-8-8-6-4	8-7-7-7-8-9-6-2-6-7-2-2
161	8	9-9-8-8-8-9-8-8-8-8-9-9	7-9-9-3-2-2-7-9-7-9-7-9	7-7-7-7-3-9-9-7-7-9-9-7	7-8-9-7-7-7-6-3-9-8-9-1	6-1-7-7-4-8-7-7-9-7-7-7	7-7-10-2-6-2-9-8-2-8-7-7	7-9-8-1-9-8-6-9-5-8-7-8	2-7-9-7-6-2-8-7-4-5-7-2	7-1-4-9-6-8-9-7-7-7-8-9	2-7-6-7-7-7-7-6-7-4-7-3	7-2-6-14-13-6-6-7-7-7-9-4	7-7-4-7-7-2-3-2-2-7-2-12
161	9	8-8-8-9-9-9-8-9-9-9-9-8	10-8-8-3-9-9-7-8-7-8-7-8	3-7-7-7-3-8-8-8-7-10-8-7	7-8-8-7-7-7-6-7-8-10-8-1	7-1-1-9-4-8-9-9-8-7-7-7	7-7-8-2-13-10-10-8-9-9-7-10	7-8-8-1-8-6-10-8-5-8-7-4	2-7-8-8-6-2-8-4-4-10-7-2	6-1-8-8-12-8-8-8-8-9-8-8	2-2-9-8-7-9-9-6-8-4-7-14	8-8-14-11-12-6-6-13-7-8-8-4	8-7-4-7-7-7-3-7-2-7-6-8
161	10	11-11-11-11-12-11-11-11-12-11-11-11	11-8-11-12-13-11-11-10-13-11-11-11	10-10-11-10-10-11-10-10-11-9-10-10	10-10-10-10-10-10-10-10-8-10-9-10	10-11-10-10-12-8-10-10-9-10-10-10	10-11-8-11-9-14-9-11-9-10-11-10	11-9-10-11-10-10-9-10-9-10-11-8	11-10-11-7-10-11-11-7-7-13-11-10	11-11-10-8-12-10-11-9-11-10-11-14	11-11-7-7-11-11-7-10-11-11-7-9	11-5-11-10-11-6-11-10-7-10-7-4	9-7-10-7-11-11-6-11-10-11-10-11
161	11	12-12-10-13-12-12-10-10-12-10-10-14	10-12-12-10-12-12-12-10-10-10-12-12	14-11-10-10-12-12-12-12-12-12-12-11	12-12-10-12-11-12-12-12-12-12-11-1	14-10-10-12-13-11-11-12-11-12-12-7	10-10-13-12-12-10-11-12-12-11-10-12	10-13-11-10-12-10-13-10-13-12-10-14	10-12-10-7-12-10-8-13-4-13-10-10	11-12-10-11-14-12-10-13-12-14-13-12	10-10-12-12-7-13-12-10-10-10-7-13	10-13-11-10-10-11-10-10-7-10-12-11	9-7-10-7-10-12-13-11-10-10-10-13
161	12	11-11-11-11-11-11-10-11-11-10-11-11	11-11-11-10-11-11-11-14-11-11-11-11	13-13-11-11-11-13-11-11-11-11-11-11	13-11-11-11-12-11-11-11-11-11-13-1	12-10-1-13-10-12-13-13-13-11-11-7	12-11-12-11-11-10-12-11-11-11-12-11	12-11-11-13-11-10-11-11-5-11-12-11	10-12-12-12-13-11-8-11-4-10-12-11	12-11-12-13-10-11-12-12-11-11-12-11	11-12-11-11-11-12-11-6-10-10-7-11	11-11-6-9-9-10-10-12-7-12-11-12	11-7-12-7-7-11-11-11-11-11-2-8
161	13	11-11-11-11-11-11-11-11-11-11-11-11	11-11-11-10-11-11-11-12-10-10-11-11	12-12-11-11-12-12-13-12-11-11-14-12	12-13-11-11-12-12-11-11-11-11-12-1	12-10-14-12-12-13-12-12-12-14-11-13	12-11-13-13-9-10-12-11-11-11-12-14	14-11-11-12-11-13-11-13-11-14-14-8	10-13-12-13-12-10-8-11-14-10-13-11	13-11-14-13-13-11-13-13-11-11-12-11	11-12-13-7-11-12-7-14-4-10-13-11	11-11-11-9-9-10-14-9-13-13-11-13	9-7-11-13-13-11-11-11-8-13-2-11
161	14	14-14-11-11-14-11-11-11-11-10-14-14	11-11-11-10-11-11-11-12-11-14-13-11	11-12-14-11-14-12-13-13-11-14-14-14	13-14-14-14-14-14-11-14-14-14-14-1	11-10-14-14-14-14-13-13-11-14-11-7	14-14-14-11-14-10-14-14-14-14-14-13	13-14-14-14-8-14-11-11-14-14-13-11	14-13-11-14-14-14-8-12-13-14-13-14	13-14-14-14-11-14-14-11-14-11-14-11	10-11-14-14-14-14-14-10-14-14-14-14	10-11-9-8-11-5-14-10-14-10-11-12	10-14-14-13-13-14-14-11-14-14-14-8
162	0	0-0-0-0-0-0-0-0-0-0-0-0	0-0-0-0-0-0-0-0-0-0-0-0	0-0-0-0-0-0-0-0-0-0-0-0	0-0-0-0-0-0-0-0-0-0-0-0	0-0-0-0-0-0-0-0-0-0-0-0	0-0-0-0-0-0-0-0-0-0-0-0	0-0-0-0-0-0-0-0-0-0-0-0	0-0-0-0-0-0-0-0-0-0-0-0	0-0-0-0-0-0-0-0-0-0-0-0	0-0-0-0-0-0-0-0-0-0-0-0	0-0-0-0-0-0-0-0-0-0-0-0	0-0-0-0-0-0-0-0-0-0-0-0
162	1	1-1-1-1-1-1-1-1-1-1-1-1	1-0-0-1-0-1-1-0-1-1-1-0	2-2-2-0-1-2-0-0-2-0-0-0	2-2-2-1-1-1-1-1-0-0-0-1	0-8-1-3-2-0-2-2-0-1-0-1	1-1-0-0-1-1-0-1-0-0-0-1	8-2-0-6-0-0-0-2-1-1-8-0	2-0-0-1-1-2-0-0-1-2-1-2	0-1-2-0-0-0-6-2-0-1-1-0	1-1-1-2-0-1-0-0-1-2-2-0	6-1-1-2-2-1-3-1-8-1-1-1	0-1-1-1-1-1-1-1-0-0-0-0
162	2	2-2-3-2-2-2-2-2-2-2-2-2	2-3-0-3-4-1-1-2-2-1-3-3	1-1-3-3-4-1-3-2-1-0-2-2	3-1-1-3-3-3-0-5-3-0-3-2	3-1-3-5-1-2-1-3-2-0-3-3	3-3-4-2-2-1-2-2-0-0-9-1	4-1-2-1-2-0-2-1-2-2-3-5	1-2-3-2-2-1-0-3-2-1-2-1	2-1-1-2-3-2-1-1-4-3-3-2	2-2-1-1-3-3-4-2-1-1-1-2	3-2-3-1-3-2-1-1-3-2-2-1	0-2-2-1-2-2-2-0-0-3-0-2
162	3	3-3-2-3-3-3-3-3-3-3-3-3	4-3-0-2-3-5-5-4-3-4-2-3	1-4-2-2-2-6-4-4-4-6-3-2	2-4-1-2-2-2-4-2-2-3-6-2	2-1-2-1-5-2-4-2-4-6-2-2	2-2-5-5-3-1-4-2-3-3-6-3	2-3-6-1-4-0-4-3-3-3-2-6	3-2-2-4-3-1-0-4-6-3-3-4	3-1-3-3-2-5-3-4-7-2-2-2	4-3-1-2-2-2-3-3-3-5-4-0	4-2-2-0-2-3-1-3-4-4-2-3	0-4-3-4-3-6-2-3-0-2-0-2
162	4	4-4-4-4-4-4-4-4-4-4-4-4	6-6-4-2-3-5-2-5-3-3-2-3	1-4-3-3-2-3-5-5-5-3-5-5	3-3-5-2-2-2-3-2-2-5-3-2	2-4-2-2-3-5-3-3-3-4-2-2	1-2-3-3-3-1-3-5-3-4-0-4	2-4-6-1-3-7-3-5-3-4-2-2	4-2-3-5-2-5-4-3-3-4-3-3	5-1-3-3-3-2-5-3-5-2-6-5	3-3-4-5-2-5-2-4-5-3-3-6	3-3-5-5-5-5-7-5-3-3-5-3	0-3-1-3-3-3-2-4-4-5-11-4
162	5	5-5-5-5-5-5-4-5-5-5-5-5	4-6-6-6-5-4-2-4-5-3-2-5	1-5-3-6-2-3-4-6-4-3-6-4	5-3-6-5-2-3-5-2-6-6-5-1	2-1-2-6-3-4-6-5-6-5-2-1	1-2-3-3-6-1-6-4-5-5-10-4	2-4-5-1-3-5-6-6-5-4-5-2	8-2-4-4-2-4-5-3-3-6-3-5	4-1-6-3-6-5-5-3-4-5-5-4	5-3-4-4-2-4-4-4-4-3-3-6	4-9-11-11-4-4-4-4-3-3-4-3	6-3-1-1-7-5-4-7-6-4-6-6
162	6	6-5-5-5-5-5-5-5-6-5-4-7	4-4-5-7-5-5-7-7-5-3-8-5	8-5-7-7-7-3-7-7-5-3-5-7	7-7-5-6-7-7-5-10-5-5-3-6	8-1-9-7-1-4-7-7-5-8-7-6	7-8-7-3-6-7-5-6-3-5-3-8	2-8-4-1-3-5-5-5-3-5-7-7	4-7-9-7-7-5-5-9-3-6-6-3	3-1-5-3-9-6-1-7-7-7-7-9	4-7-1-6-7-6-6-4-4-3-6-7	1-5-5-5-6-6-4-3-3-7-6-3	5-6-6-6-3-3-2-4-5-6-5-5
162	7	7-7-7-7-7-5-9-7-7-7-8-7	8-9-5-6-9-7-6-8-6-8-6-5	6-7-6-6-6-6-8-8-8-9-8-6	6-6-6-6-6-6-7-6-8-8-8-6	6-1-6-6-6-8-6-6-8-7-6-6	6-6-6-6-7-6-6-7-3-7-6-7	2-9-7-1-8-7-7-8-5-9-6-6	7-6-6-6-9-1-9-6-3-7-6-7	6-1-8-8-7-8-1-6-8-6-9-7	8-6-7-7-6-8-6-6-8-5-6-6	3-5-5-5-6-4-4-3-3-8-8-8	5-6-6-1-5-6-8-4-5-6-5-8
162	8	7-8-8-8-8-8-8-8-8-9-7-8	8-9-9-6-8-7-6-7-5-7-6-5	6-8-6-6-6-6-7-7-9-9-9-9	8-7-9-6-6-6-9-6-9-7-9-6	6-1-1-6-1-7-9-8-7-6-6-6	1-6-6-3-9-6-9-7-8-8-1-6	1-9-7-1-7-5-9-7-5-8-1-6	8-6-4-6-6-1-8-6-3-8-8-8	8-1-7-7-5-7-8-8-7-6-6-6	7-8-8-9-8-7-9-9-7-8-6-8	11-5-5-5-9-9-4-8-9-7-7-7	8-6-6-8-8-10-7-10-8-10-5-7
162	9	7-8-8-8-9-8-8-7-7-8-8-8	11-7-8-6-7-10-9-10-10-8-6-10	10-10-10-10-6-10-9-10-11-10-8-8	10-9-10-6-6-6-11-6-8-10-8-9	6-10-9-6-10-7-10-8-10-9-6-9	10-10-6-3-9-10-8-9-8-7-2-10	2-8-7-9-8-10-8-10-5-11-9-6	9-7-10-7-7-10-7-6-9-9-11-10	10-9-10-4-6-7-9-10-8-9-7-6	9-9-9-10-8-6-8-8-10-10-9-8	9-5-10-5-8-8-9-9-10-9-6-3	8-6-9-9-9-9-7-9-5-8-5-7
162	10	11-11-10-11-11-11-8-11-10-11-10-10	9-7-8-10-7-9-10-9-9-8-11-9	9-11-10-11-6-9-11-9-9-9-7-9	9-9-9-6-10-10-9-6-8-9-10-9	10-9-10-5-9-10-11-10-9-11-6-6	10-9-6-10-8-9-8-11-8-7-3-9	11-8-7-9-9-9-8-9-3-7-10-10	7-10-9-10-10-9-7-6-3-9-10-9	9-9-9-10-11-7-9-9-9-10-10-6	10-10-8-9-10-10-10-8-9-9-9-8	9-10-9-5-8-8-9-9-9-10-10-3	8-6-9-9-3-9-10-8-5-8-5-7
162	11	11-11-11-11-11-11-11-11-11-11-11-11	9-7-11-10-11-9-10-9-9-11-10-9	10-10-11-10-11-10-10-9-9-11-11-11	9-11-11-11-11-11-9-6-11-11-11-9	10-9-11-11-11-11-10-11-11-11-6-6	11-11-11-11-11-9-11-10-11-11-11-11	10-11-11-11-7-11-8-11-11-9-10-8	11-11-6-11-11-10-7-9-9-11-9-11	3-11-11-11-10-11-11-6-11-10-10-8	9-11-11-11-11-10-11-11-11-11-11-11	11-11-5-5-8-8-9-11-11-11-11-3	11-11-11-9-8-11-11-9-11-11-11-11
163	0	0-0-0-0-0-0-0-0-0-0-0-0	0-0-0-0-0-0-0-0-0-0-0-0	0-0-0-0-0-0-0-0-0-0-0-0	0-0-0-0-0-0-0-0-0-0-0-0	0-0-0-0-0-0-0-0-0-0-0-0	0-0-0-0-0-0-0-0-0-0-0-0	0-0-0-0-0-0-0-0-0-0-0-0	0-0-0-0-0-0-0-0-0-0-0-0	0-0-0-0-0-0-0-0-0-0-0-0	0-0-0-0-0-0-0-0-0-0-0-0	0-0-0-0-0-0-0-0-0-0-0-0	0-0-0-0-0-0-0-0-0-0-0-0
163	1	1-1-1-1-1-1-1-1-1-1-1-1	1-0-1-0-1-0-1-0-1-1-0-0	1-1-0-2-0-0-0-0-0-0-2-0	2-0-0-0-0-0-0-1-0-0-0-1	0-2-4-0-2-0-2-0-0-1-0-1	1-0-0-1-1-2-0-1-0-0-0-0	0-1-0-5-1-1-1-2-1-1-2-2	1-1-0-0-1-7-1-0-2-4-4-2	5-0-2-1-0-1-1-0-1-1-0-1	0-1-1-0-5-1-0-1-1-2-5-1	2-1-1-0-0-2-2-2-2-0-0-1	1-0-1-1-2-1-1-1-1-1-2-0
163	2	2-2-2-2-2-2-2-2-2-2-2-2	1-2-1-2-2-3-1-0-1-1-3-3	7-3-3-3-3-3-3-2-3-2-3-3	3-2-3-3-2-3-0-5-3-0-2-1	2-1-3-3-1-2-3-3-0-2-0-5	2-3-2-2-1-3-2-2-2-2-3-3	3-4-2-1-2-2-2-1-0-2-3-3	2-2-3-2-2-1-0-2-2-2-1-1	2-0-1-2-3-2-1-3-6-2-3-2	2-2-0-1-1-3-0-0-2-1-1-2	1-2-1-0-0-1-1-1-1-2-0-1	1-0-2-1-1-2-2-0-2-2-3-2
163	3	3-3-2-3-3-3-3-3-3-3-3-3	4-3-3-2-3-4-2-4-3-4-2-4	2-2-2-2-2-4-2-2-3-2-2-2	4-4-4-2-2-2-4-2-2-3-2-1	2-1-2-2-4-2-4-4-3-3-3-2	2-2-5-3-3-2-4-3-3-3-2-2	2-3-3-1-4-2-4-3-3-3-2-6	3-2-5-4-3-1-3-4-3-1-3-3	3-6-3-3-2-5-3-4-3-3-2-4	3-2-1-3-2-2-3-3-2-3-1-2	3-3-3-0-0-3-3-3-5-5-5-3	1-3-5-1-2-3-2-3-2-3-2-2
163	4	4-4-4-4-3-4-4-4-4-4-4-4	3-5-4-2-3-3-3-3-3-3-2-3	2-4-3-2-2-3-5-3-3-3-5-5	3-3-3-3-2-3-3-2-5-4-3-1	2-1-1-2-3-5-3-3-3-1-6-2	3-3-3-3-3-2-5-4-3-4-11-4	2-2-4-1-3-4-3-5-4-5-3-5	4-2-3-3-4-1-3-3-3-1-1-3	4-3-3-3-11-3-1-3-5-3-6-3	5-2-4-5-8-2-3-4-2-3-1-2	5-4-5-4-8-4-4-3-3-3-5-3	5-3-3-1-4-3-2-3-4-4-4-5
163	5	5-5-5-5-5-5-5-5-5-6-5-5	6-6-5-2-7-5-8-6-3-3-2-6	2-5-3-3-6-2-6-5-6-6-6-4	3-3-4-3-2-3-6-2-6-6-6-1	2-1-1-2-3-4-6-5-6-1-3-2	2-2-3-3-5-2-6-4-5-5-8-4	2-2-4-1-3-5-6-6-10-4-2-4	4-2-3-3-3-1-5-3-3-5-3-3	5-3-4-3-5-3-1-4-4-6-4-5	4-3-5-4-6-6-8-5-2-3-1-2	4-5-11-4-6-1-4-6-3-3-4-3	7-3-3-1-4-5-2-7-5-5-6-4
163	6	7-6-5-5-5-4-6-6-6-5-5-5	7-5-4-2-5-7-7-5-7-3-9-5	2-7-7-7-7-8-7-6-8-5-5-7	7-7-6-7-7-7-5-2-5-5-5-9	7-1-7-7-3-4-7-7-5-7-8-7	7-7-3-6-6-3-5-5-6-5-6-7	6-5-5-6-3-6-5-5-3-8-7-6	1-7-3-7-3-6-5-7-3-7-6-4	7-3-5-6-6-6-7-6-5-5-4-6	6-7-8-6-7-5-6-6-6-8-7-7	5-5-6-4-6-6-7-5-7-6-5-3	5-6-6-8-7-6-4-6-7-6-5-6
163	7	7-7-7-7-7-8-7-7-7-7-8-7	6-8-8-6-5-5-6-6-6-3-6-7	2-6-6-6-6-3-6-7-6-8-8-6	6-6-6-6-6-6-11-2-8-7-7-6	6-1-6-6-6-8-8-6-8-6-6-6	6-6-8-7-10-3-8-7-7-7-6-6	6-8-7-6-11-7-10-7-8-7-6-7	7-7-3-6-7-1-7-6-3-7-6-5	6-7-3-7-7-7-6-6-7-5-10-9	8-6-5-8-6-7-6-7-2-8-6-6	7-7-6-5-11-7-7-8-6-6-8-3	5-6-6-8-6-6-2-8-7-6-5-11
163	8	7-7-8-8-8-7-8-7-7-7-7-9	6-7-7-9-5-10-9-9-6-7-6-11	8-9-9-6-8-8-9-10-8-7-7-9	9-10-6-6-6-6-9-2-7-10-7-11	6-9-6-8-10-7-9-9-7-10-6-8	9-6-7-8-8-11-7-10-7-5-5-6	8-7-6-9-8-8-7-7-3-6-9-5	7-7-9-7-5-9-7-7-8-8-9-9	8-9-9-9-9-8-8-9-7-3-7-9	9-9-6-9-9-9-7-7-9-9-9-2	9-8-9-9-8-10-9-8-9-8-7-8	8-6-9-6-6-6-2-8-8-8-5-7
163	9	9-9-9-9-10-8-9-7-7-9-10-9	5-11-7-8-10-8-8-8-6-9-6-8	11-8-8-8-11-8-8-8-8-7-10-8	8-8-8-6-6-8-8-2-10-9-9-6	6-8-6-5-8-9-8-8-10-8-10-6	8-6-7-6-7-8-7-8-9-9-5-9	6-10-7-8-8-9-5-8-9-7-8-10	7-7-8-8-9-8-10-10-3-9-8-8	8-8-8-8-7-8-9-8-9-7-7-8	8-6-9-8-9-8-10-7-8-8-8-9	8-10-8-8-11-11-8-8-8-3-10-9	8-3-8-6-11-6-2-9-8-9-9-7
163	10	9-9-11-11-9-11-9-11-11-11-9-11	11-9-9-8-9-8-11-11-11-10-11-11	10-10-11-10-8-11-11-8-11-10-9-10	11-8-10-6-6-8-9-6-9-8-9-10	2-10-11-5-8-9-11-8-9-8-10-6	8-10-3-10-7-8-7-8-9-3-0-11	11-9-7-10-9-9-7-10-9-9-8-9	8-7-10-10-10-10-7-3-10-9-10-8	11-8-10-8-8-9-10-10-7-3-7-7	10-10-10-10-7-9-10-9-11-8-10-9	10-9-7-8-5-8-8-10-10-10-9-3	10-6-10-10-10-10-9-10-8-10-9-7
163	11	11-11-10-11-11-11-11-11-11-11-11-11	10-9-11-10-11-10-10-10-10-11-10-10	8-11-11-10-11-11-11-11-10-11-11-11	10-11-10-11-11-11-9-11-11-11-11-10	11-8-10-11-11-11-10-11-9-11-2-6	11-11-11-11-11-8-11-11-11-11-11-10	10-11-11-11-9-11-11-7-11-11-9-11	11-11-2-11-11-8-11-3-10-11-11-8	10-11-11-11-4-11-11-5-11-3-10-8	10-11-11-11-11-5-11-9-10-11-11-11	8-11-11-9-7-9-8-11-11-11-11-11	10-11-11-4-9-11-11-7-11-11-5-7
164	0	0-0-0-0-0-0-0-0-0-0-0-0	0-0-0-0-0-0-0-0-0-0-0-0	0-0-0-0-0-0-0-0-0-0-0-0	0-0-0-0-0-0-0-0-0-0-0-0	0-0-0-0-0-0-0-0-0-0-0-0	0-0-0-0-0-0-0-0-0-0-0-0	0-0-0-0-0-0-0-0-0-0-0-0	0-0-0-0-0-0-0-0-0-0-0-0	0-0-0-0-0-0-0-0-0-0-0-0	0-0-0-0-0-0-0-0-0-0-0-0	0-0-0-0-0-0-0-0-0-0-0-0	0-0-0-0-0-0-0-0-0-0-0-0
164	1	1-1-1-1-1-1-1-1-1-1-1-1	1-0-0-0-2-2-2-2-1-1-0-2	1-0-0-1-0-2-1-0-0-0-0-1	2-0-0-1-0-0-0-0-0-0-0-0	0-0-0-0-0-0-2-1-0-1-0-0	0-0-0-5-0-1-0-0-1-1-0-0	0-0-1-1-0-2-0-2-1-1-0-0	1-0-0-0-1-2-1-0-2-0-0-1	1-0-2-0-2-0-3-0-0-1-1-0	1-0-1-0-0-0-0-1-4-3-0-0	1-0-6-0-0-2-1-1-1-1-1-1	2-1-1-2-1-2-1-6-0-1-0-0
164	2	3-3-2-3-2-2-3-2-2-3-3-3	1-2-3-2-1-3-1-1-3-1-2-3	2-2-3-3-3-3-3-3-0-2-3-2	3-3-2-3-3-3-2-3-2-0-3-4	3-2-4-2-3-2-3-3-2-4-2-3	3-3-3-1-2-5-3-3-1-2-3-2	2-2-1-2-2-1-3-3-1-2-3-3	1-3-3-3-2-1-3-3-1-1-3-1	1-0-1-2-3-3-1-3-2-2-3-3	1-5-2-1-3-3-4-3-1-1-0-3	0-2-3-0-3-1-0-0-0-2-2-2	1-2-5-1-1-1-8-0-3-8-3-3
164	3	2-3-2-2-3-3-2-3-2-2-2-2	1-3-2-2-2-2-1-3-4-4-2-2	0-4-2-2-2-6-4-2-4-4-3-2	2-4-2-2-2-2-3-2-2-3-2-2	2-2-2-2-4-2-4-2-3-3-2-2	2-4-5-1-3-2-4-2-3-3-10-3	5-3-2-3-4-3-3-3-3-4-2-3	3-2-2-4-2-1-2-4-10-0-2-0	3-6-3-4-3-2-3-4-0-2-2-2	3-3-3-0-2-2-3-2-1-1-4-2	3-3-2-0-3-3-0-3-3-4-3-3	1-3-2-4-1-3-2-3-2-0-2-2
164	4	4-4-4-4-4-2-6-4-4-2-4-4	3-6-4-2-5-5-1-3-3-3-2-2	2-3-2-2-2-3-5-5-5-3-5-3	4-3-5-2-2-2-4-2-2-4-3-2	2-2-2-2-3-5-3-3-6-2-2-2	3-3-2-1-3-2-5-4-4-4-2-4	2-3-4-3-3-4-3-5-4-3-3-3	4-2-2-3-2-1-4-3-3-4-3-0	4-3-3-3-4-4-3-3-5-4-2-3	5-3-4-4-2-5-2-4-5-1-3-2	6-3-3-4-3-1-0-3-3-3-6-3	1-3-2-3-1-4-5-7-10-5-9-5
164	5	4-5-5-5-6-5-6-5-5-6-4-5	5-6-6-2-5-4-8-4-3-3-2-6	0-5-2-2-2-5-4-6-6-3-6-5	5-6-6-6-2-2-6-2-6-4-7-2	2-0-2-6-3-4-6-5-3-2-2-2	3-5-3-1-5-2-6-6-5-5-5-2	3-2-6-3-3-7-5-4-5-5-2-3	7-2-4-3-2-0-5-3-3-4-3-1	1-3-6-3-1-4-3-3-4-5-4-6	4-3-7-6-2-4-9-16-4-1-17-5	4-4-4-5-6-17-0-6-3-4-4-4	10-3-2-5-1-5-4-10-10-4-10-4
164	6	5-7-7-5-5-6-5-5-6-5-6-7	7-5-5-6-4-4-7-8-7-8-7-7	6-5-8-7-7-3-7-7-5-3-5-7	7-7-7-7-7-7-5-7-5-5-3-7	7-11-8-5-3-4-7-7-4-7-7-7	7-7-5-1-5-17-5-5-5-5-7-7	3-2-5-7-3-1-5-5-3-5-7-6	4-7-3-7-3-1-5-5-3-12-6-0	7-3-5-3-8-6-7-7-5-6-8-5	5-7-5-5-7-2-6-5-2-1-6-5	4-3-1-5-5-6-3-5-7-3-4-3	5-6-6-6-7-7-2-1-1-6-5-6
164	7	7-7-7-7-7-7-7-7-10-7-7-7	7-10-8-6-7-9-6-8-6-8-6-6	6-7-6-6-6-8-6-6-8-8-8-6	6-6-6-6-6-6-8-6-8-7-8-6	6-0-6-6-3-8-8-6-7-6-6-6	6-6-8-1-11-6-8-7-7-7-6-7	4-9-7-6-8-7-13-7-9-10-6-7	5-9-3-6-8-1-9-10-3-4-6-0	6-4-4-3-10-7-6-6-8-6-7-8	7-6-5-6-6-6-2-5-2-1-6-9	4-8-8-7-9-5-0-3-6-3-6-3	7-3-6-6-6-7-2-7-10-4-5-7
164	8	8-8-9-7-10-8-7-9-9-9-8-9	7-7-7-6-8-10-8-6-6-7-10-10	8-7-6-6-9-7-7-11-9-7-7-9	9-9-9-9-6-6-7-2-9-9-7-6	2-0-6-8-3-7-7-7-9-6-10-6	3-8-7-17-13-6-9-8-8-5-8-8	10-7-7-0-7-3-8-9-8-10-6-7	3-7-9-7-7-1-7-6-3-9-6-11	6-3-3-3-6-7-17-8-7-7-7-7	7-3-5-9-6-2-8-5-10-1-6-7	4-7-7-8-8-8-0-3-6-3-8-3	5-8-6-6-1-8-2-5-5-4-4-8
164	9	7-12-9-9-9-7-7-7-9-7-7-9	10-7-7-6-11-10-10-10-11-11-10-9	12-9-10-6-8-10-10-10-11-8-10-8	10-8-10-8-2-9-9-2-8-8-7-12	6-9-10-8-10-7-10-9-8-9-8-6	15-12-7-1-9-10-8-9-8-3-14-10	15-7-4-14-9-3-10-8-8-17-14-7	3-7-12-9-9-16-7-7-14-8-12-0	15-10-10-3-15-7-14-9-10-9-7-8	9-9-6-8-13-2-5-5-14-10-9-7	10-7-9-8-8-5-9-14-14-9-8-3	5-8-6-9-9-9-2-9-5-11-4-8
164	10	10-10-10-7-8-7-7-13-10-10-13-7	9-7-7-10-9-9-9-9-9-8-11-11	15-10-11-13-8-9-9-9-12-11-9-10	9-10-9-8-10-10-9-15-11-8-10-9	12-9-9-12-12-10-9-10-11-13-8-9	16-9-11-10-7-12-11-10-5-4-16-9	12-12-7-9-10-11-9-9-8-7-9-10	10-11-11-10-10-9-7-13-3-8-9-8	3-9-9-11-17-7-9-9-9-7-12-8	10-10-5-8-11-11-8-5-9-9-8-16	9-3-9-8-5-9-9-3-9-10-12-3	5-6-6-9-9-7-10-5-5-5-5-7
164	11	12-11-12-12-11-12-11-12-12-12-10-11	9-7-12-10-9-9-14-12-9-9-10-12	9-12-10-10-10-12-11-12-12-10-11-12	12-12-11-11-12-12-9-10-10-11-10-9	14-9-12-10-13-10-12-12-10-11-10-11	12-12-10-11-7-10-10-10-7-4-12-11	11-10-7-9-11-10-12-11-4-7-12-12	15-10-10-12-10-11-7-7-9-8-12-13	15-9-13-10-13-11-15-12-9-11-10-8	12-12-6-8-9-10-14-15-9-12-12-10	13-11-14-8-15-13-12-15-12-12-8-3	7-11-9-9-12-12-10-13-12-13-5-10
164	12	11-15-12-12-15-12-12-11-13-11-10-12	14-13-16-10-9-9-11-13-9-13-10-14	9-11-10-10-10-11-11-11-11-11-13-11	11-11-11-8-11-11-9-10-13-13-10-9	10-9-11-8-10-13-11-11-13-11-8-11	10-11-10-15-12-10-13-10-12-12-13-12	10-10-15-9-13-12-13-13-12-12-11-11	11-10-9-11-10-11-13-12-3-8-11-11	9-9-11-12-12-7-9-11-13-14-10-8	11-11-5-13-6-10-11-12-9-11-11-10	11-11-11-13-11-8-11-9-11-11-10-3	5-11-6-9-11-13-10-11-16-11-16-7
164	13	12-11-12-13-13-12-15-10-12-15-10-12	14-12-12-10-9-9-11-12-15-12-14-12	9-14-16-10-10-11-14-11-15-10-12-13	14-11-14-14-16-14-15-10-12-12-14-9	16-9-15-12-11-12-14-14-12-13-9-11	15-14-15-16-8-16-14-10-12-12-15-14	14-10-12-9-12-13-12-12-12-7-13-14	11-13-9-13-14-9-12-10-3-8-16-11	17-9-11-14-11-11-9-9-12-11-13-8	11-13-13-12-16-13-14-5-9-9-14-10	11-17-12-12-14-11-11-14-11-13-8-13	5-13-13-13-11-12-10-11-12-11-4-10
164	14	14-16-17-17-14-14-13-17-14-15-14-17	12-15-12-10-15-9-11-15-9-16-13-15	15-13-15-10-16-11-13-15-13-15-7-16	13-15-15-16-13-13-13-10-14-15-13-9	11-9-13-16-11-15-15-15-14-15-16-16	10-16-14-17-12-13-13-13-12-12-9-13	13-16-12-9-15-13-14-16-14-12-9-13	11-13-9-13-13-9-7-10-9-11-13-11	15-9-9-13-12-14-9-16-14-12-13-7	11-13-13-16-16-10-13-5-9-11-13-10	11-7-11-14-16-14-11-13-9-13-14-13	5-14-6-9-11-9-13-11-12-16-7-14
164	15	16-15-15-15-12-15-13-14-17-14-15-15	16-16-16-10-17-9-14-17-13-16-13-16	17-13-14-10-14-16-13-14-13-14-16-14	14-14-14-14-13-14-16-10-14-16-13-9	13-9-13-14-11-16-14-14-15-14-15-9	13-14-13-12-16-10-14-16-12-15-13-14	13-10-12-9-17-15-16-14-15-12-9-13	11-13-9-14-13-9-16-12-9-16-11-11	11-9-9-14-9-15-9-14-16-14-13-14	9-14-15-14-9-14-15-5-9-11-9-10	11-17-16-14-17-15-11-13-11-11-10-13	5-14-13-9-11-15-10-11-16-16-16-16
164	16	15-14-15-14-17-16-17-17-17-15-17-17	16-15-12-16-15-9-14-14-13-14-13-15	16-16-13-10-14-15-16-15-13-15-15-14	17-16-16-14-13-16-15-16-14-15-10-16	13-17-17-14-16-15-17-13-14-16-14-16	10-14-14-16-15-17-14-15-12-15-10-16	16-14-15-16-16-16-14-14-12-17-11-16	11-13-16-13-10-16-15-10-16-8-13-11	16-9-9-16-13-11-16-14-12-6-13-8	16-13-16-14-14-10-16-5-16-11-16-10	16-3-14-14-14-5-11-16-16-13-16-16	16-14-16-16-16-12-10-12-12-15-15-15
164	17	17-17-17-17-17-17-16-17-17-17-17-17	16-14-17-16-17-17-14-15-13-17-13-14	15-17-17-10-17-17-17-17-15-17-17-15	16-17-16-16-17-17-16-17-17-17-17-16	17-16-17-17-17-17-16-17-16-17-6-6	17-17-17-14-17-16-17-17-17-17-17-16	16-17-17-17-15-17-12-14-17-17-17-12	17-17-10-16-17-11-7-10-16-17-14-17	16-17-17-17-10-17-17-17-17-2-13-15	16-17-17-17-17-10-17-15-16-17-17-17	11-17-17-15-15-5-17-12-17-17-17-17	17-17-17-16-11-17-17-17-17-17-17-17
165	0	0-0-0-0-0-0-0-0-0-0-0-0	0-0-0-0-0-0-0-0-0-0-0-0	0-0-0-0-0-0-0-0-0-0-0-0	0-0-0-0-0-0-0-0-0-0-0-0	0-0-0-0-0-0-0-0-0-0-0-0	0-0-0-0-0-0-0-0-0-0-0-0	0-0-0-0-0-0-0-0-0-0-0-0	0-0-0-0-0-0-0-0-0-0-0-0	0-0-0-0-0-0-0-0-0-0-0-0	0-0-0-0-0-0-0-0-0-0-0-0	0-0-0-0-0-0-0-0-0-0-0-0	0-0-0-0-0-0-0-0-0-0-0-0
165	1	1-1-1-1-1-1-1-1-1-1-1-1	1-1-2-2-2-1-1-3-1-1-1-0	1-1-1-2-2-1-1-2-2-2-0-0	2-0-2-2-0-2-2-2-2-2-2-0	2-2-1-2-0-2-2-2-2-2-0-0	2-2-2-0-1-2-2-2-1-1-0-1	2-2-2-1-2-1-2-2-3-2-1-2	1-2-2-0-2-2-2-1-1-1-2-2	1-1-2-1-1-1-1-0-1-1-1-2	2-1-1-1-1-2-5-2-1-1-1-2	1-1-3-7-1-1-1-1-1-1-1-1	2-1-1-1-1-1-1-1-1-1-1-2
165	2	1-1-1-1-1-1-1-1-1-1-2-1	1-3-1-1-1-2-3-3-1-1-3-3	3-2-3-1-1-2-3-1-1-1-3-2	3-3-3-1-2-2-1-1-1-1-1-6	1-1-6-1-3-1-3-1-1-1-2-0	1-3-1-6-2-1-3-1-1-1-2-3	1-1-1-6-3-2-1-1-2-1-6-1	2-1-1-2-1-3-1-2-2-2-1-1	2-2-1-2-1-1-2-2-1-2-2-1	1-1-2-1-1-1-1-1-5-3-2-1	7-2-1-1-1-2-2-1-6-2-1-2	1-1-2-6-4-1-2-0-0-3-2-1
165	3	3-3-3-3-1-1-3-1-3-4-3-3	1-3-1-3-1-3-2-5-2-1-2-2	2-3-6-4-4-4-4-4-3-4-5-4	4-2-4-4-4-4-1-4-4-3-4-2	4-1-2-4-2-3-2-4-3-3-3-0	4-2-3-2-3-4-2-3-3-3-14-2	5-6-1-2-3-1-3-2-1-3-1-3	2-3-4-3-3-2-3-3-3-2-4-1	3-2-2-2-4-1-2-2-3-4-4-1	4-3-2-4-2-4-1-1-2-2-2-3	3-3-1-1-5-2-2-1-1-3-3-3	0-3-3-2-1-3-3-0-0-2-3-4
165	4	4-4-3-4-4-4-5-4-4-4-4-4	5-4-1-3-4-3-2-5-4-5-3-6	2-3-3-3-3-7-5-5-3-3-4-3	5-5-5-3-3-3-5-3-3-4-3-2	3-4-3-3-6-3-5-5-5-4-6-0	3-1-5-2-4-3-5-3-4-4-12-4	7-4-4-2-5-4-4-4-4-5-3-5	4-3-5-5-4-2-4-5-4-7-4-4	4-2-4-4-3-4-2-3-3-4-3-4	3-3-2-1-3-3-1-4-2-2-2-3	4-4-4-1-4-4-2-4-5-3-4-4	1-4-8-2-2-4-3-0-10-2-2-4
165	5	5-7-5-5-5-5-5-5-5-5-5-5	4-6-5-3-5-5-2-4-4-4-3-4	3-3-7-3-3-4-6-6-3-4-6-3	4-4-4-3-3-3-4-3-3-5-3-2	3-1-2-3-4-6-4-4-4-4-4-3	3-4-4-2-5-3-4-4-5-5-5-5	3-3-5-2-4-5-4-6-5-4-1-4	5-3-4-4-5-4-6-4-4-6-4-4	5-2-4-6-5-4-1-3-6-4-6-5	4-3-5-5-1-6-6-7-2-1-6-3	4-4-4-5-4-4-2-4-4-6-4-6	0-4-2-2-6-4-3-6-8-6-5-4
165	6	5-6-5-6-5-6-6-6-7-7-7-6	4-7-5-3-7-7-2-8-6-4-3-4	2-6-3-3-3-6-5-7-8-6-7-7	4-7-7-6-3-3-7-3-7-7-7-2	8-1-2-7-4-5-7-6-7-4-4-2	2-2-4-2-6-3-7-7-6-5-7-4	2-3-7-2-4-6-7-7-6-6-2-4	8-3-3-5-5-1-5-6-4-6-0-6	1-2-7-5-6-4-2-2-6-6-5-14	5-3-5-6-7-5-5-8-3-2-5-3	4-4-6-6-7-7-2-8-2-5-4-5	1-4-1-2-5-6-4-9-9-5-7-7
165	7	7-5-6-8-9-5-5-5-6-6-6-8	8-6-5-3-6-6-8-8-6-4-8-8	14-7-8-9-8-4-8-6-8-6-6-6	8-8-6-9-8-8-6-3-6-6-6-7	9-8-2-8-4-5-8-8-6-9-8-8	8-9-4-15-7-15-6-6-5-5-9-8	8-3-6-8-4-5-6-8-6-6-8-8	4-8-4-8-4-1-5-6-4-4-8-4	8-2-6-4-7-9-8-8-7-7-5-6	8-8-5-7-8-3-7-5-7-9-8-3	8-4-8-1-7-7-2-7-8-8-7-4	7-7-7-7-8-7-5-5-5-5-6-6
165	8	8-8-8-8-8-6-8-8-8-8-6-8	9-6-5-3-9-7-7-9-9-8-7-9	9-8-7-3-7-6-9-8-7-9-9-9	7-7-9-7-7-7-9-7-9-8-9-2	6-7-8-7-10-8-7-7-8-7-8-7	7-7-4-2-8-7-7-8-8-8-7-7	7-3-8-7-9-5-7-9-6-8-7-7	6-7-4-7-8-4-12-8-4-5-7-4	7-2-9-9-6-8-7-7-9-7-9-9	10-7-6-7-7-8-7-9-9-7-7-7	9-9-9-10-10-7-2-6-7-9-8-4	8-7-4-7-7-8-8-8-8-2-8-8
165	9	8-9-9-9-9-6-9-9-9-9-6-9	10-10-8-3-9-10-10-8-6-9-8-10	8-9-7-7-10-10-8-10-7-10-8-8	10-9-10-7-7-7-8-3-8-8-8-7	7-1-2-12-4-8-9-9-10-7-10-7	7-7-4-2-10-7-10-8-9-9-7-10	7-3-8-2-8-9-9-8-9-8-7-9	9-9-4-8-8-1-8-9-7-9-7-9	7-2-8-8-9-7-8-7-8-7-8-8	8-3-9-12-7-8-9-8-8-10-7-10	8-8-8-12-10-7-2-10-7-8-7-5	9-7-10-7-7-8-8-6-14-7-8-9
165	10	11-11-11-13-11-11-11-11-11-11-11-10	11-9-11-11-11-11-11-11-11-11-11-11	10-11-11-11-10-11-10-10-11-9-10-10	10-10-9-10-10-10-10-11-8-10-10-7	11-11-11-9-10-8-10-10-9-10-9-10	10-11-9-11-12-15-9-13-9-9-13-11	11-11-10-11-10-10-9-11-9-10-11-7	11-10-12-11-4-14-8-13-10-12-11-10	12-10-11-8-12-10-12-11-11-11-11-11	12-13-13-7-12-13-7-10-11-12-11-11	12-4-13-11-13-12-10-13-12-11-7-10	15-7-10-11-12-13-8-13-11-11-12-9
165	11	12-12-12-10-10-13-10-12-12-13-12-13	12-15-10-10-12-10-10-10-10-10-10-10	11-11-13-13-11-13-11-12-10-12-11-11	12-11-12-12-11-11-12-10-12-10-12-11	14-11-10-9-12-11-11-11-9-14-14-11	11-10-14-10-10-14-9-13-11-11-11-10	10-10-12-10-10-12-15-10-9-10-10-15	12-10-11-10-9-12-8-12-4-10-10-12	11-10-10-10-10-12-10-10-12-15-10-13	11-11-12-13-12-12-13-11-10-10-10-12	10-15-13-9-12-10-10-11-7-10-14-10	11-7-11-10-10-14-14-12-10-10-10-11
165	12	11-11-11-11-11-11-11-11-11-11-11-11	11-11-10-10-11-11-13-12-11-10-13-11	12-13-13-13-14-13-13-11-11-13-13-13	13-11-11-11-13-13-11-13-11-11-11-11	14-10-12-9-11-11-13-12-9-11-11-13	11-13-13-12-10-10-13-11-9-9-4-13	13-13-11-10-11-11-9-13-9-8-10-9	11-12-11-13-13-11-8-11-4-10-7-11	10-2-11-14-15-11-10-13-11-11-14-9	11-11-13-13-13-11-13-11-13-10-10-14	10-11-9-9-11-10-10-11-10-13-11-12	10-7-11-7-10-11-13-11-11-10-10-6
165	13	11-11-11-10-10-11-11-11-11-11-11-11	11-11-10-10-11-11-12-12-11-10-12-11	15-12-12-12-12-12-12-14-11-12-14-12	12-13-11-12-12-12-11-12-14-14-12-2	12-10-12-13-11-13-12-12-14-13-11-12	10-10-12-12-13-10-14-11-13-13-10-13	10-12-11-2-10-13-14-14-9-8-10-12	11-12-10-12-12-11-8-10-4-12-10-10	10-2-12-12-13-11-10-12-11-7-12-14	11-11-12-11-12-10-12-11-12-10-10-12	10-13-10-9-10-10-10-11-7-12-11-13	10-7-12-7-7-8-12-10-11-10-10-9
165	14	11-11-11-10-12-11-11-11-11-11-11-11	11-11-10-10-11-13-11-12-11-10-11-11	12-14-11-12-12-15-12-13-11-13-13-14	15-10-14-11-12-12-11-7-13-13-11-14	12-14-12-9-14-13-15-12-13-11-11-12	11-14-12-12-13-11-13-10-13-13-3-15	14-12-11-14-14-11-13-13-10-8-14-11	11-12-11-12-12-10-8-14-15-14-14-11	14-14-10-12-12-11-14-14-11-11-12-6	15-11-14-13-12-12-13-9-14-14-14-12	14-11-13-9-14-14-15-14-14-14-11-14	10-7-14-14-14-11-11-11-9-14-12-6
165	15	15-15-11-10-15-11-12-15-11-11-15-15	11-11-15-10-11-11-11-12-11-15-12-11	13-14-14-11-15-15-15-15-14-15-15-15	14-15-14-14-15-15-11-15-15-15-15-14	11-14-15-15-15-15-14-15-13-15-12-7	15-15-15-15-15-10-15-15-15-15-15-14	14-15-15-15-14-15-11-14-15-11-14-11	15-15-12-11-15-11-8-12-14-15-11-15	11-15-15-15-12-15-15-14-15-11-12-10	14-11-15-15-15-11-15-11-14-15-10-15	10-11-15-9-11-14-14-11-15-10-11-15	10-4-15-14-12-15-15-11-15-15-15-6
166	0	0-0-0-0-0-0-0-0-0-0-0-0	0-0-0-0-0-0-0-0-0-0-0-0	0-0-0-0-0-0-0-0-0-0-0-0	0-0-0-0-0-0-0-0-0-0-0-0	0-0-0-0-0-0-0-0-0-0-0-0	0-0-0-0-0-0-0-0-0-0-0-0	0-0-0-0-0-0-0-0-0-0-0-0	0-0-0-0-0-0-0-0-0-0-0-0	0-0-0-0-0-0-0-0-0-0-0-0	0-0-0-0-0-0-0-0-0-0-0-0	0-0-0-0-0-0-0-0-0-0-0-0	0-0-0-0-0-0-0-0-0-0-0-0
166	1	0-0-0-0-0-0-1-1-0-0-1-1	0-0-0-0-0-2-2-0-1-0-0-0	2-2-0-0-0-2-0-2-0-0-0-1	2-0-2-0-0-0-0-0-0-0-0-5	0-0-1-0-2-0-2-0-2-0-0-0	0-1-0-0-0-0-0-0-1-1-0-2	1-0-0-5-0-0-0-2-0-0-0-0	0-0-0-0-0-0-0-0-0-1-0-0	1-5-2-0-0-0-1-0-0-0-1-0	0-0-1-1-0-0-0-0-4-6-1-0	0-0-0-0-1-1-0-1-1-1-1-0	1-1-1-1-1-0-0-0-1-1-1-0
166	2	2-2-2-2-2-2-2-2-3-2-2-0	0-2-0-2-0-1-1-2-1-2-4-3	1-1-3-3-3-1-3-1-0-0-3-2	3-1-1-3-3-3-0-3-3-0-3-4	3-0-3-4-1-2-1-3-1-0-2-3	3-3-2-2-0-3-2-3-2-2-0-1	2-2-0-1-2-2-2-1-2-2-3-2	2-2-2-2-2-1-2-3-2-0-3-0	0-1-1-0-3-2-1-2-2-2-2-2	2-2-0-0-5-3-4-3-1-1-1-5	0-2-0-0-0-1-0-0-0-2-4-2	0-2-0-1-3-2-2-0-0-0-0-0
166	3	3-3-3-3-3-3-3-5-3-3-3-3	4-3-0-0-3-5-4-4-3-4-2-3	1-4-2-2-2-4-4-4-6-4-4-4	4-4-4-2-2-2-4-2-4-3-4-2	2-3-2-2-4-2-4-2-3-3-4-2	4-6-5-6-3-2-3-2-3-3-6-3	4-3-3-3-4-3-3-3-3-3-2-6	3-2-3-4-2-3-3-4-6-3-3-0	3-1-3-3-2-4-3-4-0-4-2-6	2-3-3-0-2-4-3-3-3-1-4-3	3-6-3-0-3-3-0-3-3-4-4-3	1-3-1-4-2-3-4-3-3-0-0-0
166	4	4-4-4-4-4-3-4-4-4-4-4-4	3-4-4-0-3-5-1-3-3-3-2-5	1-3-3-2-2-3-5-6-5-3-5-5	3-3-5-2-2-2-3-2-5-5-3-2	2-1-2-2-3-5-3-3-3-3-3-2	3-3-3-7-4-2-5-4-4-4-4-4	3-3-4-3-3-4-4-5-4-4-3-3	4-2-3-3-2-0-4-3-3-4-3-0	4-1-3-3-4-3-1-3-5-4-4-3	3-3-4-5-2-3-2-4-5-1-3-2	0-5-4-6-0-1-0-5-1-3-5-3	0-3-1-3-0-0-3-0-0-5-5-0
166	5	5-6-5-5-5-5-5-5-5-5-5-5	4-6-6-0-6-7-9-4-4-3-5-4	1-5-5-2-2-3-4-4-5-5-6-6	3-6-6-2-2-2-5-2-6-7-3-1	2-1-7-6-3-4-6-5-6-5-3-2	2-3-3-0-5-2-6-6-5-5-10-4	3-3-4-1-3-5-5-6-4-4-0-5	7-2-3-4-2-1-5-3-3-6-3-0	3-1-4-3-4-2-0-3-4-5-4-5	2-4-5-4-2-3-9-5-4-1-1-2	0-4-13-11-6-10-0-4-1-3-4-3	5-3-1-1-0-5-2-5-9-4-4-10
166	6	6-5-9-5-5-5-5-4-5-6-5-5	4-5-5-7-5-5-7-7-7-3-7-7	7-7-7-7-7-3-7-7-7-5-5-6	7-7-5-6-7-7-5-7-5-5-3-6	7-6-6-5-3-4-7-7-5-7-7-6	6-7-3-3-5-7-5-5-3-5-3-7	7-3-5-7-3-6-5-7-4-8-7-3	3-7-13-7-2-6-5-4-3-7-6-0	3-1-3-3-6-7-6-7-8-10-8-6	7-7-4-6-7-6-6-5-6-1-6-8	7-3-5-5-3-8-0-6-7-3-6-3	6-6-6-6-7-3-3-0-6-5-0-9
166	7	7-7-7-7-7-7-7-7-7-7-6-7	7-8-8-6-8-5-6-7-8-9-6-8	6-7-6-6-6-3-6-6-5-8-8-7	6-7-6-6-6-6-9-6-8-7-7-6	6-6-7-6-6-8-6-6-7-6-6-6	6-6-8-7-8-6-8-8-7-7-6-6	6-8-7-6-11-7-8-8-4-4-6-6	7-6-6-6-2-7-7-7-3-7-6-0	6-1-3-3-4-6-1-6-7-6-7-8	8-6-7-6-6-6-6-8-6-1-6-6	6-3-9-7-9-6-0-0-6-3-7-3	6-6-6-6-9-7-7-10-9-7-11-7
166	8	8-8-7-7-9-10-8-7-8-5-5-7	10-7-7-8-7-7-10-8-7-9-10-8	9-8-9-9-8-8-8-9-10-7-7-8	8-9-9-6-6-8-8-6-7-8-8-8	2-11-6-6-11-7-7-8-7-8-8-8	6-8-7-8-7-11-7-7-8-9-0-8	8-5-7-11-8-9-5-7-8-6-8-6	8-7-11-7-7-11-7-10-3-8-8-11	11-11-8-9-9-0-9-11-7-8-6-7	7-11-8-12-9-6-7-4-11-10-11-6	11-2-5-12-7-8-9-9-11-3-7-3	12-6-8-9-11-8-7-8-9-11-7-7
166	9	10-9-10-13-10-8-9-13-10-13-9-10	8-7-7-10-7-10-10-8-10-7-10-10	8-10-8-10-9-11-10-8-8-10-10-9	10-8-10-10-10-10-7-10-9-8-9-8	10-12-10-10-8-9-10-10-9-9-9-10	10-8-9-9-7-8-9-9-8-8-9-7	9-11-7-8-10-8-9-10-4-9-10-8	8-9-9-9-10-8-7-13-9-10-10-8	8-8-3-8-8-7-8-10-10-12-9-7	10-10-8-10-8-10-5-4-8-8-8-9	8-9-7-8-7-8-8-8-8-3-10-9	7-7-10-8-8-7-7-8-7-8-7-7
166	10	10-10-10-10-9-11-10-10-10-9-6-10	8-12-11-9-11-9-9-8-9-11-8-9	8-9-9-9-9-9-9-11-8-9-11-9	9-9-9-9-9-9-7-9-9-12-9-8	9-8-6-9-9-11-9-9-11-10-9-9	9-11-9-10-8-8-10-10-10-10-5-10	9-11-7-10-9-10-13-9-10-10-9-11	10-9-9-9-9-8-12-7-9-9-10-8	10-8-3-9-8-10-10-9-13-6-9-11	9-9-10-10-6-10-12-11-10-8-8-9	10-9-13-10-13-5-8-8-8-3-11-10	10-11-9-6-2-7-7-10-11-10-10-7
166	11	11-11-11-13-11-10-13-13-10-11-10-10	10-10-10-9-10-9-13-12-13-12-8-9	8-11-12-12-9-9-10-10-9-9-10-9	12-8-12-9-12-12-7-9-12-10-12-8	9-8-12-11-8-12-12-12-10-10-11-12	10-11-12-11-11-8-12-11-10-10-3-11	11-10-7-8-10-8-10-11-4-11-12-10	8-12-8-11-11-8-7-9-3-11-8-8	8-8-3-12-8-10-8-8-12-6-12-10	11-8-10-10-12-12-11-5-8-8-8-12	8-10-5-8-0-8-8-8-8-3-10-3	10-10-9-6-8-7-11-8-7-8-7-7
166	12	12-10-13-12-12-10-12-13-10-10-13-13	13-10-10-13-7-12-13-9-13-11-13-13	12-12-11-11-12-12-11-12-13-9-13-12	11-12-11-11-11-11-12-9-11-10-11-8	9-13-11-11-12-11-13-11-12-12-12-11	12-12-11-12-12-13-11-11-10-10-0-11	8-10-12-12-12-12-10-13-3-12-11-12	12-11-11-11-11-13-10-11-12-12-12-12	12-8-8-11-12-0-12-12-11-9-11-7	12-12-12-12-11-11-11-10-8-12-12-11	12-12-10-8-12-12-12-8-12-12-11-12	7-10-12-12-12-10-11-12-12-8-7-10
166	13	13-13-13-13-13-13-13-13-13-9-13-13	12-10-13-12-13-12-12-9-12-13-8-12	12-12-13-11-13-12-13-12-12-13-13-12	12-13-13-13-13-13-12-13-13-13-13-12	9-12-13-13-8-13-12-12-10-13-9-6	13-13-11-13-13-12-13-13-13-13-13-13	9-13-13-13-10-13-10-12-13-13-12-13	13-11-11-13-13-12-7-9-9-13-12-8	12-13-3-13-9-13-13-9-13-9-11-8	11-13-13-13-13-11-13-12-13-13-12-13	12-13-5-8-10-12-12-13-13-13-13-13	13-7-13-10-13-13-13-8-13-13-13-0
167	0	0-0-0-0-0-0-0-0-0-0-0-0	0-0-0-0-0-0-0-0-0-0-0-0	0-0-0-0-0-0-0-0-0-0-0-0	0-0-0-0-0-0-0-0-0-0-0-0	0-0-0-0-0-0-0-0-0-0-0-0	0-0-0-0-0-0-0-0-0-0-0-0	0-0-0-0-0-0-0-0-0-0-0-0	0-0-0-0-0-0-0-0-0-0-0-0	0-0-0-0-0-0-0-0-0-0-0-0	0-0-0-0-0-0-0-0-0-0-0-0	0-0-0-0-0-0-0-0-0-0-0-0	0-0-0-0-0-0-0-0-0-0-0-0
167	1	1-1-1-1-1-1-1-1-1-1-1-1	1-2-3-2-2-1-1-1-1-2-1-2	1-1-1-1-2-1-2-2-1-2-1-1	1-1-2-2-1-1-4-1-0-3-2-2	0-2-2-1-1-0-2-1-3-1-1-1	1-2-0-2-2-2-2-1-2-3-0-2	1-0-0-10-2-1-1-2-0-1-1-1	1-1-2-1-1-1-1-2-3-1-2-3	1-3-2-1-1-1-11-3-1-1-1-1	3-1-1-2-2-2-2-1-1-1-1-3	1-2-2-3-3-1-3-6-3-1-1-1	1-1-1-1-3-1-1-1-1-2-0-2
167	2	1-1-2-2-1-1-1-1-1-1-1-1	1-1-1-1-1-1-3-3-1-1-1-1	4-3-3-1-2-2-1-1-1-1-1-2	3-3-1-1-2-2-3-2-0-0-1-1	0-1-11-0-3-0-3-2-1-2-2-1	1-1-0-1-1-1-1-2-1-1-0-2	11-0-0-2-1-2-0-1-0-1-1-2	2-0-1-2-2-2-0-1-2-2-1-1	2-1-1-2-7-2-2-1-2-2-2-0	2-2-2-1-1-1-1-1-2-2-2-1	1-1-1-0-1-2-1-2-2-2-2-1	2-2-2-2-2-0-2-4-0-1-2-1
167	3	3-2-4-4-2-3-1-1-1-1-3-1	1-1-1-4-1-1-2-2-1-1-4-4	2-2-4-5-4-4-4-4-1-3-5-3	4-3-4-6-4-4-1-6-3-1-4-2	5-1-7-5-2-3-4-4-1-4-6-4	4-6-4-3-3-6-4-4-0-1-7-2	3-5-1-1-3-3-3-4-3-3-4-3	2-4-5-3-3-2-1-4-1-2-4-1	2-1-2-3-4-6-1-1-2-5-4-3	1-3-3-2-7-4-5-4-6-2-2-4	1-1-1-1-1-1-1-1-1-4-1-1	2-3-2-2-1-0-3-1-0-1-4-1
167	4	5-4-3-4-4-4-4-4-4-4-4-4	1-4-1-3-5-1-5-4-5-5-3-5	2-5-3-3-3-9-3-5-1-5-3-3	3-5-5-3-3-3-5-3-3-4-3-1	3-4-3-3-6-3-5-3-4-4-3-3	3-5-6-4-4-1-3-3-5-4-14-4	2-4-4-2-5-4-5-5-4-4-3-7	2-3-3-3-3-2-0-6-7-4-3-6	4-13-7-4-3-5-8-5-0-3-3-5	5-4-4-5-3-3-5-3-4-5-2-3	4-4-1-1-5-4-1-8-7-5-4-4	2-4-2-5-4-4-3-4-1-5-3-1
167	5	5-5-5-5-5-5-5-5-5-5-5-5	4-5-6-3-4-1-4-6-4-4-3-6	2-4-3-3-3-4-6-7-1-7-6-6	4-4-4-3-3-3-6-3-3-6-7-3	3-1-2-3-4-7-4-6-4-7-3-3	3-3-4-4-4-3-6-6-4-5-3-5	3-3-7-1-4-7-6-6-5-5-3-3	8-3-3-6-3-5-5-4-6-6-4-4	5-1-4-4-5-5-4-4-6-3-6-4	4-4-5-7-3-5-6-1-3-4-1-6	4-10-9-5-6-5-1-4-4-6-5-6	2-4-2-4-4-8-3-5-8-4-5-5
167	6	6-6-6-6-6-6-6-6-7-6-6-6	1-7-5-3-9-7-2-8-4-4-3-5	2-6-3-3-7-4-5-6-7-4-7-5	4-5-7-3-3-8-8-3-7-5-5-1	3-1-2-3-4-5-6-7-7-4-3-3	3-3-4-4-6-3-7-5-6-6-8-4	2-3-5-1-4-5-6-5-7-6-1-6	9-3-3-5-3-2-9-4-5-5-4-4	7-1-5-4-10-4-2-4-6-10-5-7	9-4-6-5-1-6-5-1-3-2-2-5	4-4-7-9-5-2-1-1-2-5-5-5	2-4-2-2-4-6-3-5-5-5-7-10
167	7	6-5-6-6-7-8-7-7-6-7-9-6	10-5-5-3-6-8-2-7-8-9-7-8	4-7-8-3-8-10-8-8-9-5-6-7	8-5-6-8-3-4-8-3-6-6-5-2	8-1-3-9-4-5-8-6-6-7-5-3	1-3-8-3-6-3-6-7-6-7-3-8	2-3-5-1-4-5-6-6-6-6-3-8	8-3-3-8-8-2-6-4-4-9-9-4	6-1-4-7-2-8-2-4-7-8-7-9	4-4-7-5-3-15-6-7-3-4-2-3	7-9-6-0-6-8-8-4-4-4-9-4	2-9-7-4-4-7-7-7-5-7-6-6
167	8	8-8-9-9-8-7-6-8-6-9-8-7	7-6-5-3-6-7-11-6-7-7-9-7	3-8-10-10-7-10-9-7-10-10-7-9	7-9-9-7-12-11-7-12-10-10-5-7	7-5-3-9-4-5-7-6-7-12-3-3	7-3-9-9-8-1-6-7-8-8-6-7	2-8-10-2-4-9-7-6-8-12-3-9	7-8-3-7-7-2-6-4-4-8-9-4	4-1-4-8-9-7-4-7-7-7-8-7	9-4-8-5-3-15-6-8-8-4-2-8	7-7-7-11-6-7-8-4-4-4-7-4	7-4-7-4-7-7-8-7-5-5-6-6
167	9	8-9-9-8-8-11-9-10-12-8-8-10	9-8-5-9-6-12-10-10-7-4-11-10	2-9-10-8-8-4-10-10-10-8-7-8	10-8-10-10-11-10-7-11-8-8-5-1	11-1-2-8-4-5-10-10-7-10-10-10	4-10-10-8-8-13-5-7-6-8-4-11	2-8-8-1-10-9-6-10-8-12-8-8	6-10-12-10-10-2-6-9-4-9-7-4	4-1-7-10-12-7-15-10-7-7-13-7	8-4-8-5-10-10-10-0-10-2-2-12	1-7-5-6-8-9-13-4-6-9-7-4	2-7-9-2-10-5-8-1-5-9-6-6
167	10	11-10-10-10-10-11-11-9-10-11-11-10	10-12-5-9-7-11-9-9-9-10-9-9	15-9-9-8-9-8-11-8-8-11-11-9	9-10-11-9-9-9-11-9-11-8-10-1	9-1-2-9-4-11-9-9-10-9-9-9	1-9-13-8-10-9-11-10-12-10-7-10	2-12-8-1-12-10-13-12-8-11-1-8	10-9-12-11-9-9-10-11-4-10-4-4	5-10-4-9-10-11-1-11-11-6-9-11	11-4-5-12-9-9-3-13-9-4-2-9	1-5-1-11-1-11-11-4-2-4-7-4	15-4-7-2-9-11-8-1-15-11-6-6
167	11	10-11-11-11-10-10-11-10-10-11-10-11	11-12-12-9-12-10-9-12-10-12-9-11	2-11-9-8-8-12-12-12-12-13-12-11	11-10-12-9-9-9-12-9-12-12-12-1	9-1-2-13-4-10-12-11-12-8-9-9	1-11-10-8-13-3-12-12-10-11-7-10	2-12-11-1-12-10-12-10-8-10-1-7	10-9-10-10-11-9-10-10-9-10-1-9	11-1-12-9-11-10-1-10-10-10-11-10	10-4-11-12-12-9-12-11-10-4-2-9	12-10-12-12-12-10-10-1-2-10-7-4	1-10-7-2-10-10-9-14-10-10-6-10
167	12	12-12-11-11-11-11-12-12-11-12-10-12	13-11-10-12-14-11-13-11-12-11-13-11	12-12-13-8-13-13-11-11-13-11-11-11	13-13-11-9-13-13-11-8-11-12-11-14	9-12-12-13-13-10-11-13-11-8-13-13	13-13-10-8-12-12-11-11-10-10-3-9	15-11-11-12-13-9-11-10-8-9-1-12	10-9-10-13-9-13-10-13-13-12-12-10	4-12-11-9-9-7-12-12-7-12-9-10	12-4-8-10-11-9-11-0-14-12-12-9	12-5-11-11-11-15-12-12-12-10-7-4	12-7-12-12-12-7-8-12-5-7-6-10
167	13	13-15-13-15-13-14-14-14-15-13-14-14	14-14-14-13-12-14-14-13-13-14-14-14	13-12-12-8-12-14-13-13-12-14-14-13	12-12-14-14-12-12-11-9-14-15-13-1	7-12-12-11-12-13-12-12-13-14-14-12	12-12-10-13-11-9-14-12-11-13-2-13	2-14-11-1-15-13-10-10-13-9-1-9	10-9-14-12-9-12-10-12-12-12-12-14	12-12-12-9-14-7-12-12-15-12-9-10	12-4-15-14-14-14-11-15-12-12-12-9	14-15-14-14-15-14-12-14-12-4-7-4	14-15-12-12-15-13-8-15-15-14-6-15
167	14	13-13-15-15-13-13-13-15-13-15-15-13	13-15-13-15-15-13-15-14-15-13-15-15	14-14-15-15-14-15-14-13-15-13-13-14	15-14-13-15-14-13-15-14-13-13-14-14	14-12-14-14-12-13-15-14-13-13-14-14	14-12-13-15-11-12-13-14-13-13-4-15	15-13-13-10-13-14-13-14-13-15-15-15	11-15-14-14-14-12-13-15-4-13-14-14	15-14-12-14-15-7-15-14-7-15-14-7	14-4-8-13-14-15-14-15-12-12-12-14	13-13-13-13-13-13-12-13-10-14-7-14	13-14-14-12-14-14-8-11-13-14-6-13
167	15	15-15-14-13-15-14-13-14-13-14-15-15	13-14-13-14-14-13-14-14-14-15-14-14	13-14-14-14-15-14-14-15-14-15-15-14	14-15-14-14-15-15-14-14-15-13-15-1	14-12-15-15-15-15-14-14-13-15-14-14	15-15-15-15-15-12-15-15-15-15-15-14	14-15-15-15-13-15-13-14-15-15-14-14	15-14-9-15-15-12-15-12-9-13-14-15	14-15-15-15-14-15-15-12-15-14-14-14	15-15-15-15-15-7-15-13-15-15-15-15	15-13-13-13-13-12-15-13-15-15-15-15	15-15-15-12-13-15-15-12-15-15-15-13
168	0	0-0-0-0-0-0-0-0-0-0-0-0	0-0-0-0-0-0-0-0-0-0-0-0	0-0-0-0-0-0-0-0-0-0-0-0	0-0-0-0-0-0-0-0-0-0-0-0	0-0-0-0-0-0-0-0-0-0-0-0	0-0-0-0-0-0-0-0-0-0-0-0	0-0-0-0-0-0-0-0-0-0-0-0	0-0-0-0-0-0-0-0-0-0-0-0	0-0-0-0-0-0-0-0-0-0-0-0	0-0-0-0-0-0-0-0-0-0-0-0	0-0-0-0-0-0-0-0-0-0-0-0	0-0-0-0-0-0-0-0-0-0-0-0
168	1	0-1-1-1-1-0-1-1-1-1-1-1	1-0-0-1-0-1-1-2-1-0-1-0	3-2-1-1-1-0-2-0-1-0-2-1	2-1-2-1-1-2-0-1-0-0-0-5	0-3-6-0-1-0-2-1-0-1-1-2	1-1-0-1-1-1-0-1-0-0-0-1	7-0-0-1-0-1-0-1-0-0-1-1	1-0-0-1-0-1-0-1-1-1-1-0	1-1-0-1-6-1-1-1-0-1-1-0	1-1-1-1-1-1-0-0-1-1-1-0	0-0-1-0-1-1-0-0-3-1-1-1	1-1-1-1-1-1-0-1-0-1-0-0
168	2	2-2-2-2-2-2-2-3-2-3-2-2	3-3-3-3-3-3-1-3-3-3-3-3	2-4-4-3-3-3-3-3-3-3-4-3	3-3-3-3-2-3-4-2-3-3-3-1	2-1-1-3-3-2-3-2-3-3-6-2	8-1-3-3-2-5-3-3-2-2-15-3	4-2-3-2-3-2-5-3-3-4-7-3	2-2-9-2-2-1-2-3-2-3-3-3	2-3-2-2-4-4-2-3-3-17-2-3	3-3-3-4-2-3-3-2-2-6-2-4	3-3-3-4-5-6-4-3-3-2-4-2	3-2-2-1-3-3-4-3-5-2-3-3
168	3	2-2-2-2-2-2-2-2-2-2-2-2	2-2-2-3-2-2-2-2-2-2-2-2	1-2-4-2-5-2-2-2-2-2-2-2	4-2-5-2-5-4-2-6-2-2-4-1	5-1-1-5-2-4-4-4-2-2-5-4	2-4-2-2-2-2-2-2-2-2-10-2	2-2-2-1-2-2-2-2-2-2-4-2	2-3-4-4-5-1-2-4-1-2-2-2	2-2-2-3-4-2-1-4-2-2-3-2	2-2-2-2-4-2-2-2-3-2-1-2	2-2-2-2-2-2-2-2-2-3-2-3	2-3-6-1-2-2-2-2-2-2-2-2
168	4	2-2-2-2-2-2-2-2-2-2-2-2	2-2-2-3-2-2-2-5-5-5-3-4	1-2-2-2-2-12-5-2-2-5-2-3	3-5-2-3-3-3-2-3-2-2-6-1	3-2-1-3-6-3-5-3-4-2-3-3	4-3-6-4-4-2-5-2-4-4-12-4	2-4-2-1-5-4-2-5-4-2-3-8	2-3-3-5-4-2-2-6-8-4-6-2	4-2-4-4-2-2-4-3-2-2-3-5	5-4-4-2-3-2-4-2-4-2-5-2	5-2-2-2-3-4-2-2-4-3-2-4	4-5-2-1-4-2-2-2-2-3-2-2
168	5	5-5-5-5-2-5-5-2-5-8-2-2	2-6-6-2-6-2-2-4-4-4-3-6	3-5-6-2-3-4-6-6-2-4-6-5	4-4-6-2-3-3-2-3-6-2-4-1	3-1-1-3-4-6-4-3-4-2-3-3	2-3-4-2-2-2-6-4-4-5-0-4	2-5-2-1-4-5-2-6-2-2-4-3	2-3-3-4-3-1-5-4-4-8-2-2	5-2-4-6-4-2-4-3-6-5-5-4	4-4-8-6-6-8-2-2-6-2-4-6	4-2-2-5-2-2-6-2-4-3-2-4	2-6-3-1-2-2-2-2-2-2-2-12
168	6	5-6-5-6-2-2-6-6-6-5-2-6	2-8-5-3-5-2-2-7-2-4-3-5	3-6-5-2-3-5-7-5-8-4-7-6	4-7-7-7-3-3-6-3-5-6-4-1	3-1-1-3-4-7-7-6-4-2-2-3	2-4-4-2-6-2-5-7-7-6-9-5	2-5-7-1-4-2-8-5-8-6-4-3	2-3-7-7-6-1-6-4-4-7-4-2	5-1-2-5-6-2-4-3-5-7-7-8	5-2-6-5-5-8-7-6-7-2-1-5	4-2-5-6-2-2-5-8-4-3-2-5	14-5-3-1-4-2-2-2-2-8-2-2
168	7	7-7-6-6-7-2-7-6-8-2-2-7	6-6-6-2-2-2-6-6-8-8-2-8	3-7-7-2-3-5-6-7-8-8-8-7	7-7-6-7-3-4-8-3-8-8-8-1	3-1-1-8-4-6-6-6-8-2-9-3	2-3-4-2-8-2-8-6-6-6-7-5	1-8-6-1-4-7-8-5-6-7-2-3	2-3-6-6-7-7-8-7-4-6-4-2	2-6-2-4-7-7-4-6-6-6-7-8	2-2-9-8-8-7-6-6-6-2-6-2	5-2-8-6-8-6-2-2-4-3-2-4	9-4-3-1-2-2-5-2-12-4-14-7
168	8	7-7-9-9-2-5-8-6-7-5-2-6	2-6-6-9-2-6-9-9-7-7-9-9	9-7-9-9-9-4-9-7-7-7-7-8	9-9-7-8-9-9-7-9-7-7-7-17	3-8-13-9-9-5-9-9-7-8-9-9	2-9-11-9-8-9-7-9-6-6-11-8	2-7-2-12-9-8-7-9-6-8-9-4	2-11-11-9-10-13-7-9-4-5-8-2	9-8-17-10-8-2-11-9-9-6-10-7	17-9-5-6-9-9-7-6-9-2-9-9	15-2-7-8-7-8-9-6-9-8-2-4	7-5-8-11-8-2-9-2-7-6-7-2
168	9	9-9-9-8-9-9-9-9-9-9-9-10	11-10-10-8-10-10-8-10-7-10-8-10	8-9-8-8-10-11-10-9-11-9-10-9	8-8-8-8-8-8-11-8-10-10-10-1	3-1-8-8-8-10-10-8-10-13-8-8	10-8-8-8-9-8-10-9-9-9-10-9	4-5-9-1-11-9-12-10-11-9-8-8	2-10-2-8-8-7-12-8-4-9-8-2	8-9-4-8-9-2-8-10-10-6-8-9	8-8-7-8-8-11-8-6-8-8-8-8	8-9-7-12-2-13-8-2-8-8-2-4	7-5-8-8-8-2-8-2-2-8-7-7
168	10	11-10-9-11-10-9-9-2-11-12-9-9	9-9-9-8-9-9-11-11-12-9-11-11	12-11-11-11-9-11-11-11-12-7-9-10	11-11-11-11-8-12-9-8-9-10-9-11	10-11-10-8-13-9-11-12-9-11-10-11	11-8-9-10-11-14-9-11-9-5-9-8	10-9-10-13-10-10-11-9-6-8-14-12	10-9-11-8-8-11-7-8-8-10-10-12	10-12-10-11-12-2-12-9-9-11-8-9	11-11-8-11-10-9-11-6-11-12-12-8	14-2-11-10-11-12-12-11-12-8-2-4	6-9-10-10-12-2-2-10-11-12-2-2
168	11	9-11-9-10-12-9-11-11-12-12-12-12	9-9-12-8-9-12-10-10-12-13-10-12	10-10-10-10-12-10-12-11-12-11-12-11	10-10-10-10-8-10-9-8-11-12-12-10	8-10-8-8-10-11-10-11-11-10-11-10	10-8-8-10-10-10-12-10-11-11-8-11	10-12-11-11-10-11-14-12-11-11-10-8	11-8-10-8-8-10-11-8-8-11-10-10	9-10-10-10-15-11-11-10-11-10-8-9	10-8-11-10-8-11-12-6-10-10-10-11	10-11-12-10-10-10-10-10-10-8-2-4	12-8-3-8-10-2-8-2-10-10-12-13
168	12	11-12-12-13-11-9-12-11-11-12-11-11	9-11-9-12-11-11-13-10-10-11-13-13	10-12-13-13-13-4-11-11-10-11-11-12	13-10-10-13-13-13-13-13-11-11-11-10	13-10-8-13-10-9-13-13-11-12-12-8	16-8-13-10-14-10-11-12-9-6-4-14	2-11-11-8-13-8-9-11-11-17-10-13	12-12-13-13-12-10-9-16-13-10-10-10	10-10-13-13-17-2-10-10-9-6-12-9	12-8-9-11-11-16-11-6-13-10-10-12	10-11-11-10-7-10-10-10-10-8-13-4	7-5-8-8-10-2-12-2-7-10-11-5
168	13	12-13-13-13-13-13-13-11-13-13-14-13	15-11-13-12-17-15-12-15-10-11-12-14	10-12-12-12-12-14-12-11-12-14-14-14	12-10-15-12-12-12-12-12-12-13-12-10	12-10-8-12-10-13-12-12-12-9-13-8	10-14-12-10-13-10-12-13-13-13-14-13	10-16-11-10-12-14-12-13-13-12-10-12	2-12-12-12-12-15-16-8-12-14-10-10	13-10-12-12-11-13-13-12-11-10-12-13	10-8-13-15-8-12-16-6-12-10-10-12	10-16-7-13-17-9-10-10-10-8-12-12	7-17-8-8-10-2-12-2-16-13-7-2
168	14	14-13-13-13-14-13-14-17-15-17-14-13	15-15-13-12-16-15-16-16-14-14-15-13	10-14-15-12-15-13-15-11-15-16-13-16	16-16-14-16-15-15-15-12-15-11-14-10	12-10-8-15-16-13-15-14-15-14-14-8	10-13-14-14-16-10-15-15-14-13-13-12	2-13-14-10-15-13-11-11-14-15-10-15	13-12-15-15-14-10-13-14-12-16-10-10	10-10-8-14-14-14-10-10-9-14-12-16	12-8-11-11-15-7-11-6-14-10-10-16	10-11-7-16-2-16-10-16-10-8-15-14	6-5-14-8-10-2-14-2-9-10-7-14
168	15	15-15-17-15-15-14-15-15-14-15-17-13	14-14-13-12-16-14-14-14-10-13-14-16	10-14-14-12-14-10-14-16-14-14-16-14	14-14-16-14-14-14-14-12-14-16-16-10	15-10-8-14-14-16-16-14-14-14-14-8	10-16-14-14-13-10-16-15-13-15-2-15	2-16-15-10-14-13-16-16-14-14-10-14	2-15-14-14-15-13-15-8-12-17-16-10	2-10-12-14-11-14-13-12-10-16-11-15	8-2-13-16-16-12-14-6-14-15-10-14	8-11-17-14-17-17-10-15-15-8-14-14	15-14-14-8-17-15-14-15-15-13-15-14
168	16	15-14-17-17-15-17-17-17-17-17-17-17	14-15-13-12-15-15-14-14-11-16-14-14	10-14-17-17-14-16-16-15-17-14-15-14	14-14-15-14-16-16-14-16-15-15-15-10	16-10-8-14-14-15-15-14-14-14-14-16	12-15-15-10-14-10-15-15-13-13-4-17	16-13-15-16-14-16-15-15-15-14-16-16	16-12-14-16-12-10-13-12-4-14-16-10	10-10-16-14-16-2-10-10-9-15-16-14	16-16-16-15-15-12-11-17-14-10-10-14	16-11-16-14-7-16-10-16-16-16-2-16	15-16-14-16-16-2-14-15-13-10-11-14
168	17	17-17-17-17-17-17-16-17-17-17-17-17	14-15-17-16-17-17-14-16-11-17-14-16	15-15-17-16-17-16-17-17-14-17-17-15	16-17-17-16-17-17-14-17-17-17-17-10	17-10-17-17-17-17-16-17-13-17-12-16	17-17-17-17-17-10-17-17-17-17-17-16	2-17-17-17-15-17-13-17-17-12-10-16	17-17-14-17-17-10-17-12-12-15-16-10	16-17-8-14-12-17-17-12-17-2-12-9	8-17-17-17-17-17-17-13-17-17-10-17	10-17-15-10-13-8-10-17-17-17-17-17	15-17-17-15-15-17-17-15-17-17-17-0
169	0	0-0-0-0-0-0-0-0-0-0-0-0	0-0-0-0-0-0-0-0-0-0-0-0	0-0-0-0-0-0-0-0-0-0-0-0	0-0-0-0-0-0-0-0-0-0-0-0	0-0-0-0-0-0-0-0-0-0-0-0	0-0-0-0-0-0-0-0-0-0-0-0	0-0-0-0-0-0-0-0-0-0-0-0	0-0-0-0-0-0-0-0-0-0-0-0	0-0-0-0-0-0-0-0-0-0-0-0	0-0-0-0-0-0-0-0-0-0-0-0	0-0-0-0-0-0-0-0-0-0-0-0	0-0-0-0-0-0-0-0-0-0-0-0
169	1	0-1-0-0-1-0-0-0-0-0-1-1	0-0-0-1-0-0-0-0-2-0-0-2	2-2-0-1-0-0-2-0-0-0-0-1	2-2-2-0-1-2-0-1-1-0-0-5	0-0-5-0-2-0-2-2-0-0-1-0	0-2-0-0-0-0-1-0-0-0-0-2	2-0-0-2-1-0-0-0-0-0-2-0	1-0-0-2-0-2-0-1-1-1-0-0	1-1-0-0-5-0-1-1-1-0-1-0	0-0-1-0-0-1-0-0-1-1-1-0	0-0-0-0-0-1-0-0-0-1-0-0	0-0-1-1-6-0-1-0-0-2-0-0
169	2	2-2-3-2-2-2-2-2-2-2-2-2	3-0-0-4-2-2-3-2-1-1-3-1	4-3-3-3-3-0-3-1-3-2-3-2	3-1-1-3-3-3-1-5-2-2-3-1	3-0-1-3-1-2-3-3-2-2-15-4	3-1-3-2-4-4-2-3-0-2-4-1	1-2-2-1-1-0-2-3-0-2-4-3	3-2-4-1-2-1-0-2-2-1-2-0	3-0-2-5-3-2-0-3-4-2-3-2	3-2-0-0-3-3-2-2-1-1-4-3	0-2-0-0-0-1-0-0-0-3-2-2	0-2-2-1-0-0-2-0-3-3-3-0
169	3	3-3-3-3-3-3-3-3-3-3-3-3	4-3-3-2-3-4-2-6-3-5-2-3	1-2-2-2-2-6-2-5-4-6-4-2	2-4-4-2-2-2-3-2-2-3-2-1	2-3-1-2-4-2-4-4-4-3-5-2	2-4-5-0-3-2-4-3-3-3-9-5	3-3-3-3-4-3-3-2-3-3-2-7	8-2-2-4-3-7-3-2-9-2-2-3	3-6-3-3-2-3-3-4-2-3-2-2	4-3-0-4-2-2-2-4-1-5-3-2	3-6-3-0-3-3-3-3-4-4-3-3	3-3-5-4-1-3-3-3-2-2-2-3
169	4	4-4-4-4-4-4-4-4-4-4-3-4	5-6-5-2-4-5-5-5-3-3-2-5	2-3-5-2-2-3-5-5-5-5-5-2	3-3-3-2-2-2-5-2-5-4-5-1	2-0-1-2-3-5-3-3-3-4-3-2	2-3-3-3-3-2-5-4-4-4-2-4	3-3-5-3-3-4-4-3-4-3-2-5	4-2-2-3-2-3-4-3-3-4-2-0	4-3-3-3-10-3-3-3-2-5-2-3	3-5-4-3-2-2-2-8-1-3-3-2	4-7-5-7-3-5-5-3-3-3-4-3	4-3-2-3-0-5-3-15-6-5-5-6
169	5	6-5-5-5-4-5-6-5-4-6-5-5	4-4-4-2-4-4-4-4-3-3-2-4	7-5-4-2-2-8-4-6-6-7-6-6	5-3-6-2-2-3-6-2-6-7-4-1	2-0-1-6-3-4-5-5-6-2-3-2	2-3-3-0-5-2-6-6-5-5-5-4	3-6-4-1-3-5-6-4-5-5-3-4	5-2-2-3-5-0-6-3-3-5-3-0	5-3-3-3-6-5-1-2-6-10-2-5	6-4-5-4-5-15-8-5-4-3-6-2	0-3-4-5-5-4-4-3-3-5-3-3	6-3-3-1-0-4-3-0-6-6-4-4
169	6	5-5-5-5-5-7-5-5-4-7-6-5	7-4-5-7-4-4-7-7-7-3-7-7	7-6-7-7-7-3-7-7-5-3-5-7	7-7-7-7-7-7-5-8-5-5-3-1	7-6-1-8-3-4-7-7-6-7-6-7	3-6-6-8-5-7-5-6-5-5-7-7	7-8-5-1-3-6-5-7-4-5-6-3	5-7-2-7-7-6-5-8-6-6-6-0	5-3-3-6-8-3-3-7-5-5-8-8	5-2-5-6-6-5-6-10-6-3-5-6	4-3-4-5-6-5-0-6-3-6-6-3	5-6-6-6-1-6-3-4-4-6-5-4
169	7	7-7-7-7-7-7-8-7-7-7-8-7	9-8-8-6-4-9-6-6-6-3-6-8	6-6-6-6-6-3-6-6-5-8-8-6	6-6-6-6-6-6-5-6-8-5-6-1	6-0-1-6-3-8-6-6-8-6-6-6	3-6-6-7-7-6-8-7-7-7-6-6	6-7-7-1-10-7-7-8-7-7-6-10	7-6-2-8-8-3-9-8-3-12-3-0	4-3-3-8-7-9-3-6-7-5-6-10	3-2-7-9-6-8-9-7-1-3-1-6	0-3-4-4-10-12-7-3-3-6-6-3	5-3-2-15-15-5-8-0-11-8-11-7
169	8	9-7-7-8-8-10-7-7-7-8-7-12	9-7-7-8-4-7-9-9-9-7-10-9	9-9-9-6-8-9-9-8-9-7-7-8	9-9-7-6-6-6-5-6-7-8-8-9	6-9-1-6-9-7-9-9-7-8-6-8	12-9-7-8-8-10-7-7-7-7-13-9	8-6-7-15-8-9-5-9-5-5-9-6	10-7-9-7-7-9-7-7-3-8-8-9	9-9-9-7-6-8-9-9-6-3-6-6	10-9-5-9-9-7-5-4-1-13-9-2	9-8-9-9-0-9-13-10-8-9-6-3	8-6-8-9-8-8-7-15-14-9-7-0
169	9	8-9-7-7-7-7-7-7-9-9-10-7	8-7-7-9-4-7-8-8-8-7-11-8	8-8-10-11-9-8-8-8-8-10-8-9	8-8-8-6-10-10-5-12-7-7-10-8	12-8-10-6-10-9-8-10-7-9-10-6	14-8-6-9-7-12-7-9-4-9-3-10	8-9-7-1-8-9-5-8-5-9-8-3	8-9-8-10-9-9-7-11-3-8-8-8	8-8-8-10-15-7-8-8-12-5-11-7	8-10-5-8-10-11-10-5-10-8-8-14	8-3-8-8-0-8-8-8-8-10-9-3	8-3-8-8-8-0-10-8-7-8-9-4
169	10	10-10-9-10-11-8-10-15-10-9-9-11	7-7-7-9-11-7-11-8-9-11-8-11	9-8-9-6-9-8-9-11-11-11-11-11	11-8-11-11-9-9-7-9-10-11-9-8	9-8-9-11-9-11-9-9-11-10-12-11	11-10-11-12-10-8-10-9-10-10-3-9	13-12-7-10-10-10-13-10-10-10-9-7	8-9-9-9-9-9-7-9-3-8-9-8	8-8-3-9-4-10-8-11-12-5-9-7	8-9-5-11-9-9-11-5-9-8-8-9	8-10-11-10-11-8-8-8-8-10-10-3	13-10-8-10-8-10-9-8-8-8-7-10
169	11	11-11-12-12-12-13-12-12-12-12-12-12	12-7-7-12-12-12-12-12-12-12-12-12	11-12-12-9-10-12-12-12-12-12-12-10	12-12-12-10-12-12-11-9-10-10-9-11	9-14-12-10-13-10-12-12-10-13-10-12	12-12-10-12-7-9-12-12-11-7-13-11	12-10-13-12-12-11-5-10-13-15-12-11	3-9-13-12-11-12-7-9-13-8-12-8	12-8-13-12-12-13-13-10-12-11-9-13	12-12-5-10-10-9-10-15-12-8-11-9	8-13-12-10-10-8-8-12-12-12-10-13	12-10-12-12-12-11-11-11-4-12-7-4
169	12	14-11-11-11-11-14-11-14-12-11-11-11	11-13-12-11-11-11-11-11-11-11-11-11	8-11-11-9-9-11-11-11-11-13-13-11	11-11-11-10-11-11-11-9-13-14-9-8	9-8-11-10-11-13-11-11-13-11-10-11	12-11-9-11-12-9-13-12-12-12-2-12	11-10-14-11-11-12-14-10-10-12-11-11	7-9-11-11-11-11-14-13-11-12-11-8	11-11-11-11-11-11-11-10-15-13-9-7	11-11-12-10-11-11-11-5-11-8-11-9	8-15-11-13-10-7-8-11-11-11-10-11	11-10-11-11-11-12-11-8-12-11-9-12
169	13	11-13-14-11-11-11-15-15-11-11-15-15	11-12-12-11-11-11-11-14-11-11-14-12	14-13-11-9-14-11-14-11-12-12-12-13	14-14-13-14-14-14-14-9-12-11-12-13	9-8-11-10-11-12-14-11-12-11-13-14	9-11-13-13-7-14-12-12-12-12-11-11	11-10-11-11-11-11-12-14-11-11-14-14	3-9-11-14-13-11-7-12-11-10-8-8	8-8-11-14-14-11-11-11-11-12-13-10	13-11-14-12-13-13-13-5-11-8-8-9	8-11-11-12-13-8-8-8-8-13-10-11	11-10-8-11-13-12-13-8-12-11-9-4
169	14	12-11-13-14-14-14-11-12-14-11-14-12	11-12-11-15-11-11-15-13-11-11-13-15	14-15-15-9-14-15-13-14-14-12-14-14	13-14-12-13-13-13-13-10-13-12-14-13	13-11-11-13-14-12-13-13-12-14-13-13	9-14-13-14-8-14-13-12-14-12-0-13	8-10-11-11-8-14-12-13-10-11-13-13	14-9-11-13-13-15-7-9-11-8-14-8	14-8-11-13-13-11-14-14-12-11-13-11	11-13-5-10-13-13-10-5-11-14-13-9	14-14-14-12-11-14-8-13-14-13-10-14	14-10-8-11-11-14-13-8-14-14-14-4
169	15	15-15-15-15-15-15-11-15-15-11-15-15	11-12-15-14-15-11-14-11-11-15-13-14	14-14-15-9-15-14-15-15-14-15-15-14	13-15-14-15-15-15-14-15-15-15-15-8	9-8-15-15-14-15-14-15-12-15-2-13	15-15-15-13-15-8-13-15-15-15-15-11	13-15-15-15-11-15-12-14-15-11-11-13	15-15-9-15-15-14-7-11-11-11-13-8	14-15-11-15-9-15-15-9-15-15-13-12	11-15-15-15-15-13-15-11-15-15-15-15	14-15-15-15-12-11-15-15-15-11-15-15	15-12-15-11-15-15-15-8-15-15-7-15
170	0	0-0-0-0-0-0-0-0-0-0-0-0	0-0-0-0-0-0-0-0-0-0-0-0	0-0-0-0-0-0-0-0-0-0-0-0	0-0-0-0-0-0-0-0-0-0-0-0	0-0-0-0-0-0-0-0-0-0-0-0	0-0-0-0-0-0-0-0-0-0-0-0	0-0-0-0-0-0-0-0-0-0-0-0	0-0-0-0-0-0-0-0-0-0-0-0	0-0-0-0-0-0-0-0-0-0-0-0	0-0-0-0-0-0-0-0-0-0-0-0	0-0-0-0-0-0-0-0-0-0-0-0	0-0-0-0-0-0-0-0-0-0-0-0
170	1	1-1-1-1-1-1-1-1-1-1-1-1	0-0-1-1-1-2-0-1-0-1-2-0	3-2-0-2-2-2-2-2-0-1-2-1	2-0-0-4-2-2-0-4-1-0-2-0	2-0-2-2-0-1-2-2-1-1-0-2	2-2-2-0-1-2-2-1-1-1-2-2	1-1-1-0-1-0-1-2-1-1-3-2	1-1-3-2-1-1-1-1-1-1-0-0	0-0-1-1-2-1-0-1-1-1-2-1	0-3-1-0-2-2-1-1-1-0-0-1	0-1-0-0-1-0-0-1-0-1-1-1	0-1-1-1-0-1-1-0-1-1-2-1
170	2	2-2-2-2-2-2-2-2-2-2-2-2	3-2-2-1-2-2-3-2-2-3-1-2	1-1-1-1-1-7-1-1-1-1-3-1	3-3-3-3-1-4-2-1-1-2-1-0	1-2-1-1-3-1-3-1-3-2-4-1	1-3-4-0-2-1-3-2-2-2-7-1	2-2-2-2-3-2-2-3-2-2-2-5	1-1-1-3-2-3-2-6-5-2-2-7	2-7-2-3-1-2-2-3-2-2-1-2	3-2-2-2-1-1-3-2-1-5-2-1	2-2-2-0-2-2-2-2-5-3-2-2	2-2-4-3-1-2-4-2-1-3-1-2
170	3	3-3-3-3-3-3-3-3-3-3-3-3	2-3-3-1-2-3-2-4-2-2-1-4	1-2-0-1-1-2-4-5-4-5-4-4	2-2-2-2-1-2-4-1-4-4-5-0	1-3-1-1-2-5-2-2-2-6-2-1	1-2-2-3-1-1-4-4-2-3-3-3	7-1-4-2-2-3-2-4-3-3-1-2	4-1-1-2-3-3-2-2-4-3-2-3	3-2-2-2-3-2-3-2-4-3-4-2	2-1-3-5-1-3-4-3-1-2-0-1	2-2-7-3-4-4-3-2-2-4-2-4	2-2-2-2-1-2-1-3-7-2-3-3
170	4	4-4-4-4-4-4-4-4-5-4-4-4	5-3-3-1-4-5-2-3-2-2-5-3	0-4-4-3-5-2-3-6-5-2-5-3	2-6-5-5-1-2-4-1-5-3-3-0	1-6-0-1-2-3-4-6-5-6-2-1	1-2-2-0-4-1-5-3-4-4-5-6	2-1-3-0-2-4-7-5-4-4-0-2	3-1-1-2-5-2-7-4-3-3-2-0	5-2-2-5-4-2-0-2-4-3-3-5	9-1-4-3-4-4-3-5-1-2-0-1	2-3-5-5-3-3-4-7-0-3-2-3	4-2-2-11-6-4-2-3-3-3-5-5
170	5	4-3-4-5-5-5-4-5-4-5-5-6	4-4-3-1-5-5-3-4-6-7-5-6	1-5-6-1-6-8-6-6-4-3-4-5	6-6-4-6-1-2-6-1-7-3-3-6	6-3-1-6-2-3-6-4-7-5-6-1	2-2-5-0-4-1-4-6-4-5-4-6	2-1-3-0-2-3-4-4-4-4-6-2	3-1-1-2-5-2-4-2-2-3-2-0	4-2-2-5-4-5-0-6-7-7-5-7	0-1-5-3-7-11-5-4-1-2-0-1	5-7-4-4-4-6-6-2-2-6-7-2	5-7-5-5-5-5-5-5-3-5-4-4
170	6	6-6-4-6-6-6-4-6-4-7-6-5	5-4-3-5-4-5-7-7-5-5-8-5	2-7-6-7-7-8-7-8-7-8-8-7	5-8-6-5-8-8-4-5-6-6-3-5	5-3-3-7-2-3-5-4-6-10-5-6	2-3-7-7-6-1-4-5-6-6-4-6	2-7-3-2-2-6-4-4-6-9-6-2	3-6-8-2-5-7-4-2-2-6-2-0	4-2-2-6-4-5-2-5-5-7-6-5	7-2-6-5-7-11-7-6-6-2-4-1	5-5-11-4-7-5-6-2-2-5-5-2	5-2-5-5-5-5-7-5-3-5-4-6
170	7	7-6-7-6-7-10-7-7-7-6-8-4	6-3-3-7-5-5-6-6-5-5-6-5	8-6-8-6-6-2-6-6-6-6-6-6	8-2-8-6-9-9-4-9-5-8-3-7	9-7-11-6-2-3-8-8-5-6-7-7	2-8-8-6-6-8-3-3-4-6-2-8	8-6-6-0-2-7-4-8-4-11-8-7	7-8-11-8-8-7-4-7-11-11-7-2	7-2-2-8-7-5-2-8-5-6-9-5	8-7-7-4-8-5-8-4-7-2-7-1	2-5-6-4-6-7-8-2-0-7-5-9	5-5-7-7-7-5-6-2-3-7-4-4
170	8	8-8-8-8-8-8-8-8-8-8-9-8	9-9-8-7-8-9-9-8-5-10-6-8	7-8-7-6-7-10-7-6-6-9-9-8	7-8-9-7-6-7-8-7-9-9-8-7	7-7-7-7-2-9-7-7-9-6-7-7	7-7-9-6-8-7-9-8-8-8-4-8	7-10-8-8-10-8-10-7-6-8-7-7	8-7-6-7-7-9-10-10-2-8-11-0	7-2-9-7-8-5-0-7-8-6-8-10	7-7-8-9-7-9-7-9-7-2-7-11	11-5-6-10-9-8-7-8-8-4-5-7	9-7-5-7-8-10-6-8-8-8-11-8
170	9	9-11-8-8-9-8-8-11-10-10-9-8	8-8-8-9-8-8-10-9-5-8-8-10	9-10-10-6-9-10-9-10-10-8-8-9	10-9-10-7-7-7-9-7-8-8-9-9	7-9-7-8-9-8-10-9-8-9-9-9	1-8-8-9-8-11-8-8-8-8-1-8	9-1-8-11-9-7-8-9-6-6-10-7	10-7-10-8-8-10-8-8-7-9-9-10	9-10-8-7-10-5-9-10-5-2-7-5	10-10-7-9-10-10-8-8-10-10-9-1	10-8-9-10-9-10-10-9-9-9-5-7	8-5-9-9-9-8-6-9-9-9-8-1
170	10	10-11-11-11-9-7-8-11-9-11-11-11	11-8-8-9-8-11-11-11-11-8-11-9	9-9-9-11-10-11-9-9-9-10-10-10	9-9-9-10-10-10-8-7-10-10-10-9	10-9-10-7-10-10-11-10-8-6-7-7	10-7-11-6-8-9-8-10-8-8-2-11	11-8-8-0-8-7-8-9-6-7-9-11	9-10-9-10-10-9-8-8-2-9-9-9	9-9-2-10-9-5-0-9-6-10-10-8	9-10-10-9-9-10-10-10-9-9-9-1	9-11-9-9-9-9-9-9-9-9-5-7	8-8-9-10-11-8-10-9-8-10-8-4
170	11	11-11-11-11-11-11-10-11-11-10-11-11	9-8-8-9-11-10-10-10-10-11-10-9	9-10-11-10-11-11-11-11-9-11-11-11	11-11-11-11-11-11-9-7-11-11-11-9	11-9-11-11-11-11-10-11-8-11-7-7	11-11-10-11-11-9-11-11-11-11-11-11	10-11-11-11-8-11-11-11-11-7-9-10	11-11-7-11-11-9-6-7-7-7-8-9	7-11-11-11-10-11-11-4-11-5-7-5	11-11-11-11-11-5-11-8-11-11-9-11	9-11-11-9-6-5-9-11-11-11-11-11	8-11-11-4-10-11-11-9-11-11-8-11
171	0	0-0-0-0-0-0-0-0-0-0-0-0	0-0-0-0-0-0-0-0-0-0-0-0	0-0-0-0-0-0-0-0-0-0-0-0	0-0-0-0-0-0-0-0-0-0-0-0	0-0-0-0-0-0-0-0-0-0-0-0	0-0-0-0-0-0-0-0-0-0-0-0	0-0-0-0-0-0-0-0-0-0-0-0	0-0-0-0-0-0-0-0-0-0-0-0	0-0-0-0-0-0-0-0-0-0-0-0	0-0-0-0-0-0-0-0-0-0-0-0	0-0-0-0-0-0-0-0-0-0-0-0	0-0-0-0-0-0-0-0-0-0-0-0
171	1	1-1-1-1-1-1-1-1-1-1-1-1	1-0-1-1-0-1-0-0-1-0-1-0	0-0-0-2-2-2-0-2-0-0-0-1	2-0-2-2-2-3-0-2-1-0-1-0	2-0-2-3-0-1-2-2-1-0-3-2	3-4-1-1-1-0-2-2-1-1-7-0	1-1-1-0-0-1-1-2-1-1-2-3	0-1-2-1-1-0-1-1-1-0-2-0	0-0-0-1-2-1-0-2-1-1-1-1	2-1-1-4-2-2-1-1-0-0-0-1	2-1-2-0-1-0-0-0-0-1-1-1	0-1-4-1-3-1-1-0-0-0-0-1
171	2	2-2-1-2-2-2-2-2-2-2-2-2	3-2-1-1-2-2-2-3-2-2-1-2	0-3-1-1-1-5-3-1-3-3-3-3	1-3-1-1-1-4-2-1-1-2-4-0	1-2-1-1-3-1-3-1-3-0-1-1	1-3-4-4-2-0-3-1-2-2-9-2	1-2-2-2-2-2-2-2-2-2-1-5	2-1-3-3-2-2-2-3-4-2-4-0	2-0-2-2-1-3-2-3-1-2-1-2	3-2-2-1-1-1-1-2-3-3-1-1	1-5-2-0-2-2-0-2-3-7-1-2	2-2-4-2-2-2-1-2-2-2-1-1
171	3	3-3-3-3-3-3-3-3-3-3-3-3	4-3-3-1-3-3-2-4-2-2-1-2	1-3-4-3-1-2-4-4-2-2-4-4	1-2-4-2-1-1-3-1-4-3-2-0	1-0-1-1-2-4-2-2-2-3-1-1	1-2-2-2-3-0-2-1-2-3-3-3	1-1-3-2-2-3-3-4-3-3-1-4	4-1-2-4-1-0-3-2-2-4-2-0	3-0-2-2-3-2-3-2-3-4-4-2	4-2-3-3-4-2-1-3-2-2-0-1	5-3-3-0-2-4-0-2-2-2-4-2	3-2-2-2-1-4-2-0-3-3-3-3
171	4	4-3-4-5-3-4-4-4-4-4-5-4	6-3-4-1-5-3-2-3-2-5-5-6	5-4-5-3-5-2-5-3-5-2-5-5	5-5-5-4-2-2-5-1-5-4-5-0	1-0-0-1-2-3-5-5-5-5-2-1	1-1-2-2-4-1-5-5-4-4-4-3	1-1-5-0-2-4-5-5-4-4-0-6	3-1-2-3-4-0-5-4-2-3-2-0	4-0-3-2-4-2-5-3-4-3-3-2	3-2-4-5-5-4-1-4-4-0-4-4	5-1-13-9-5-12-0-11-2-5-3-2	4-2-2-2-1-4-1-3-10-5-5-6
171	5	4-3-4-4-5-4-4-4-5-5-4-4	4-3-4-7-4-5-6-6-5-4-6-4	4-6-6-5-6-2-4-6-7-5-4-4	6-6-6-6-6-6-4-5-4-4-4-5	6-5-7-6-6-3-6-6-4-6-6-6	6-6-6-8-5-6-4-6-4-4-6-6	8-4-4-6-2-5-4-4-2-7-6-2	3-5-2-6-2-5-4-4-2-2-6-0	6-0-13-7-5-5-4-6-4-5-7-5	6-6-7-5-6-5-5-4-6-6-5-6	4-2-4-4-4-4-0-5-6-4-5-2	4-5-5-5-6-5-1-5-3-4-4-4
171	6	6-6-6-6-6-6-6-6-6-6-4-6	4-7-7-1-6-5-5-5-5-2-5-7	5-5-5-5-5-2-7-5-5-7-7-6	5-5-5-5-5-5-4-1-7-4-4-5	5-5-5-5-5-7-5-5-7-5-5-5	5-5-7-5-6-5-7-6-6-6-5-5	5-6-6-5-6-6-7-5-6-4-5-2	6-7-2-7-6-6-6-6-2-6-5-0	5-6-2-5-11-6-6-5-7-5-5-7	7-5-6-10-5-6-9-4-5-5-5-6	5-6-4-4-6-5-0-5-5-2-7-6	6-5-5-5-5-9-6-5-9-6-8-6
171	7	7-6-6-6-6-6-6-4-7-6-6-6	5-6-6-8-6-5-7-5-5-6-5-8	7-8-8-7-7-8-8-8-7-8-6-7	8-7-8-8-5-8-6-1-6-4-7-8	1-8-5-7-8-6-6-8-6-7-8-8	8-7-6-7-7-10-6-6-7-4-10-5	12-4-6-8-7-7-4-8-8-5-8-9	7-6-9-6-6-9-6-5-2-7-7-9	7-9-8-8-8-7-7-8-6-7-5-6	6-8-5-6-11-5-6-4-7-9-9-7	9-1-4-6-6-7-10-9-10-2-6-7	6-5-7-5-7-6-6-13-6-7-4-1
171	8	8-8-8-8-8-8-11-9-8-10-9-8	9-9-6-7-9-9-7-9-9-9-9-9	7-7-7-9-7-7-7-7-9-9-7-9	9-7-9-9-5-7-9-9-9-9-9-7	1-7-5-7-7-8-9-7-9-9-9-7	7-7-9-5-7-7-8-8-8-8-12-8	5-9-8-8-7-8-9-9-9-8-13-9	7-6-7-8-8-7-6-9-2-8-7-7	7-7-11-7-11-9-7-7-9-10-8-9	7-9-6-8-9-4-6-4-7-7-7-8	7-9-9-8-10-10-7-7-7-2-9-6	9-6-8-5-6-8-9-8-9-7-6-6
171	9	8-8-8-8-8-8-8-8-8-8-8-8	8-6-6-9-8-8-7-8-8-8-8-8	7-9-10-8-10-8-10-7-8-8-10-8	8-7-8-8-9-10-8-12-8-8-8-7	10-7-10-9-7-9-10-9-8-8-8-10	8-10-8-8-9-7-9-9-4-8-2-10	9-8-8-7-8-8-8-8-8-8-7-7	8-9-7-9-9-7-6-8-13-7-7-7	7-7-8-7-13-8-7-8-8-5-9-8	6-8-6-5-7-6-6-4-7-7-7-9	7-8-4-4-6-7-7-7-7-9-8-8	8-5-8-5-7-6-9-8-8-7-4-6
171	10	8-8-9-8-8-8-8-8-8-8-8-8	8-11-8-9-8-8-8-11-8-8-11-11	7-11-9-8-9-8-9-11-8-11-9-9	10-11-11-11-9-9-11-1-11-11-10-9	9-7-9-11-11-9-9-10-11-11-10-9	9-9-10-11-11-7-11-10-10-10-7-10	9-8-10-7-11-8-8-8-10-12-7-10	8-9-13-9-9-7-6-10-2-11-7-7	7-7-8-10-9-8-7-7-8-8-9-11	6-8-8-6-5-4-6-4-9-7-7-10	7-8-8-10-6-8-7-10-7-2-8-10	8-5-7-5-7-6-10-8-8-7-4-10
171	11	8-12-8-13-12-12-8-12-12-8-8-12	8-13-12-12-12-12-12-12-12-12-13-10	11-10-13-11-11-12-11-12-12-10-11-11	10-10-10-10-11-12-10-12-10-10-10-11	12-7-13-10-10-11-10-12-10-10-11-11	11-11-10-11-10-12-12-11-12-8-7-10	9-8-8-7-10-11-12-11-12-10-7-10	8-12-7-12-12-7-6-10-2-10-13-7	7-7-8-10-13-8-12-7-8-12-13-8	6-8-6-6-7-13-13-4-7-7-7-10	7-8-4-4-6-8-7-4-7-9-8-12	8-6-7-12-7-6-10-8-8-7-12-10
171	12	8-11-13-13-13-13-13-11-13-13-13-11	13-10-13-11-13-13-11-11-11-13-12-13	12-13-11-11-12-11-12-12-11-10-13-12	11-12-12-11-11-11-10-11-10-12-10-11	11-13-9-10-13-11-13-11-10-12-10-12	12-7-10-12-11-13-11-11-12-8-8-11	7-8-12-8-12-12-11-13-11-10-7-11	12-11-10-11-11-12-8-11-9-12-13-12	12-13-11-10-11-8-13-9-8-11-11-10	12-12-11-12-12-11-12-12-12-13-7-10	11-11-8-13-13-8-12-13-12-13-8-11	13-12-12-6-12-8-10-13-12-12-12-12
171	13	13-13-12-13-13-12-12-13-12-12-13-13	12-11-13-11-12-12-12-11-12-13-11-12	12-12-11-11-13-13-13-13-11-13-12-13	12-13-12-12-13-13-12-13-13-13-13-7	11-12-11-13-12-13-12-13-13-13-11-11	13-13-11-11-13-12-13-13-13-13-13-13	9-13-13-13-11-13-8-12-13-11-8-12	13-13-10-13-13-12-6-11-9-11-12-12	7-13-13-10-11-13-13-11-13-11-9-8	6-13-13-13-13-11-13-12-13-13-7-13	7-8-4-12-12-8-7-12-13-12-8-13	12-13-13-12-8-13-13-12-13-13-13-10
172	0	0-0-0-0-0-0-0-0-0-0-0-0	0-0-0-0-0-0-0-0-0-0-0-0	0-0-0-0-0-0-0-0-0-0-0-0	0-0-0-0-0-0-0-0-0-0-0-0	0-0-0-0-0-0-0-0-0-0-0-0	0-0-0-0-0-0-0-0-0-0-0-0	0-0-0-0-0-0-0-0-0-0-0-0	0-0-0-0-0-0-0-0-0-0-0-0	0-0-0-0-0-0-0-0-0-0-0-0	0-0-0-0-0-0-0-0-0-0-0-0	0-0-0-0-0-0-0-0-0-0-0-0	0-0-0-0-0-0-0-0-0-0-0-0
172	1	1-1-1-1-1-1-1-1-1-1-1-1	1-0-1-1-0-0-0-0-1-0-1-0	3-0-0-2-1-2-2-0-0-0-0-1	2-0-2-4-2-2-0-4-2-1-2-0	2-0-3-3-1-1-2-2-1-0-3-2	2-0-2-1-0-3-2-2-1-1-3-4	1-1-1-0-1-0-1-2-1-1-5-3	1-1-3-2-1-0-1-2-1-1-2-0	0-0-0-1-2-1-0-0-3-1-1-1	0-1-1-0-2-2-1-3-4-0-2-1	0-1-1-0-2-0-0-0-0-1-1-1	1-1-1-1-0-1-1-0-2-2-2-1
172	2	2-2-2-2-2-2-2-2-2-2-2-2	3-2-2-1-2-2-3-3-2-3-1-2	1-3-1-1-1-7-1-3-0-4-3-3	4-3-1-3-1-4-2-1-1-2-1-1	1-2-1-1-3-1-3-3-2-2-4-1	7-3-4-2-2-1-3-1-2-2-7-2	9-2-2-2-3-2-2-3-2-2-1-5	2-1-5-3-4-3-2-6-5-2-4-0	2-7-2-2-1-2-2-3-1-2-1-1	3-2-2-3-1-1-1-2-2-5-2-1	4-2-2-0-3-2-0-2-5-3-2-2	2-2-6-3-2-2-2-2-1-3-1-1
172	3	3-3-3-3-3-3-3-3-3-3-3-3	2-3-3-1-2-3-2-4-2-2-1-4	1-2-0-1-1-2-4-5-4-5-4-4	2-2-4-1-1-1-4-1-4-4-5-0	1-6-1-1-2-4-2-2-2-6-1-0	2-2-2-2-2-1-4-4-2-3-12-3	1-1-4-2-2-3-2-4-3-3-1-1	4-1-1-2-3-3-3-2-4-3-2-3	3-2-2-2-3-2-0-2-4-3-4-4	2-2-3-5-1-3-4-1-1-2-1-1	3-2-7-3-4-3-0-2-2-4-2-4	3-2-1-2-0-3-1-3-10-4-3-2
172	4	4-4-4-4-4-7-4-4-5-4-4-4	4-3-3-1-4-5-1-6-2-2-5-3	1-4-4-3-5-2-3-4-5-2-5-3	2-6-5-5-2-2-4-1-5-3-3-0	1-0-0-4-2-3-4-6-5-6-2-1	1-2-2-2-4-1-5-3-4-4-5-6	2-1-3-0-2-4-4-5-4-4-0-2	3-1-2-3-2-0-7-2-3-3-2-0	5-2-3-2-4-2-6-2-3-4-3-5	2-1-4-3-4-4-3-5-1-2-6-1	2-3-3-5-3-8-0-2-11-3-2-3	2-2-1-2-0-4-2-0-3-3-5-5
172	5	4-3-4-5-5-5-4-5-4-5-6-6	7-4-3-6-7-5-3-4-7-7-5-6	1-5-6-1-4-5-6-6-4-3-4-5	6-6-4-6-1-2-6-1-7-3-3-6	6-6-1-6-2-3-6-4-4-3-3-1	2-2-6-2-4-1-4-5-4-5-4-6	2-5-3-0-2-3-4-4-4-4-1-6	3-1-2-6-5-0-4-2-2-4-7-0	4-2-2-5-4-7-7-6-7-7-5-10	5-2-5-3-1-12-5-4-1-2-2-1	5-7-4-4-4-6-6-2-2-6-7-2	5-7-5-6-5-5-5-5-3-5-4-4
172	6	6-7-4-6-6-6-4-6-4-8-6-5	7-4-3-5-4-5-9-7-5-5-8-5	1-7-8-9-5-5-7-9-7-9-5-7	5-8-7-5-8-9-5-5-5-7-3-5	5-3-1-7-2-3-5-4-7-9-5-6	2-5-7-7-6-1-4-5-6-7-4-6	10-7-8-2-2-6-6-4-6-10-1-7	3-6-10-5-5-0-4-2-2-6-5-0	4-2-2-2-2-5-5-5-5-8-6-5	6-2-6-5-7-5-7-6-6-2-4-1	5-5-7-0-7-5-5-2-2-5-5-2	5-2-5-5-5-5-7-5-3-5-4-6
172	7	7-6-6-8-6-4-6-7-7-7-7-4	6-4-3-8-5-4-8-6-5-5-10-8	8-6-8-9-9-2-8-9-6-6-8-6	8-8-8-8-9-8-4-10-5-9-3-7	9-0-7-9-2-3-8-8-6-6-7-7	2-9-9-6-6-9-8-7-4-6-2-9	10-9-6-0-8-7-4-8-6-7-7-10	5-7-12-8-5-7-4-10-2-8-5-0	2-2-2-10-10-5-2-8-5-5-7-5	6-2-7-4-7-5-8-4-7-8-7-7	0-5-3-4-6-7-0-2-0-7-5-2	5-5-7-9-0-5-6-0-3-7-4-5
172	8	8-9-8-8-8-8-8-8-8-8-8-8	5-9-8-7-9-9-7-6-5-9-7-9	7-8-7-7-7-9-9-7-9-6-9-9	7-9-8-7-7-7-9-7-9-9-9-0	8-0-7-7-2-10-7-7-9-8-7-7	2-7-7-6-8-7-9-9-8-8-11-7	7-6-6-0-9-8-5-7-6-6-12-7	8-7-6-9-9-10-10-7-2-10-8-9	8-8-9-7-4-5-12-7-5-6-7-8	6-9-8-8-10-7-7-6-7-7-11-9	12-5-12-10-6-9-9-8-0-9-5-2	5-5-5-7-9-9-12-0-9-8-4-8
172	9	9-9-9-8-9-8-9-9-8-10-9-9	10-11-10-7-8-8-6-9-5-9-7-8	7-9-7-7-7-8-8-7-8-11-10-8	7-8-10-7-7-7-8-7-10-10-8-0	7-0-7-7-11-8-10-9-10-6-7-7	2-7-7-6-9-7-10-8-10-9-5-7	2-7-8-0-8-8-10-10-6-9-0-9	8-6-6-8-8-9-8-7-2-10-10-10	8-2-8-7-9-5-0-7-9-6-8-7	0-8-9-12-10-11-7-10-8-9-12-8	8-5-8-10-10-8-8-9-0-8-5-3	8-5-5-9-8-8-6-0-8-8-8-8
172	10	9-10-12-12-9-12-9-8-10-10-9-12	9-9-9-7-9-8-11-9-11-11-7-9	7-10-11-7-7-10-9-11-8-9-9-10	10-11-11-10-11-11-8-7-9-9-11-10	7-11-10-7-10-8-9-11-9-6-7-10	11-7-7-10-9-12-9-11-9-9-4-11	12-6-8-10-9-7-9-8-6-6-10-7	8-7-11-10-10-8-8-7-10-11-10-10	10-10-11-7-7-5-10-10-5-10-11-5	10-10-7-10-11-8-4-9-11-10-10-7	10-5-11-8-9-12-10-10-10-10-5-10	10-10-10-10-10-10-6-10-3-10-4-8
172	11	12-12-12-12-11-12-12-11-12-12-11-12	12-9-12-12-12-12-12-11-12-12-12-12	11-10-12-12-11-12-11-11-12-9-11-11	10-10-10-12-10-10-8-7-10-10-10-10	12-10-10-10-10-11-12-10-10-11-11-11	11-10-12-11-8-10-10-10-4-9-8-12	12-7-11-10-10-11-9-10-6-11-11-12	2-7-10-11-11-11-8-11-12-10-11-11	12-10-10-11-12-11-10-11-5-10-11-5	10-11-7-10-11-11-11-12-10-10-10-7	10-5-11-8-9-11-10-10-10-11-5-12	10-11-11-10-11-10-6-10-3-11-8-11
172	12	12-12-11-11-12-11-11-12-12-11-12-12	11-11-12-11-11-11-11-11-11-12-11-11	11-12-12-11-12-11-12-12-11-12-12-11	11-12-12-12-12-12-8-7-9-12-12-10	11-10-12-12-12-12-11-11-9-12-7-7	12-12-11-11-12-12-12-12-12-12-12-11	11-12-12-12-8-12-12-12-12-12-8-11	12-7-7-12-12-11-12-7-7-11-11-12	11-12-12-12-11-12-12-7-12-11-11-5	10-12-12-12-12-5-12-11-10-12-12-12	8-12-8-12-9-10-10-12-12-12-5-11	11-11-12-10-11-12-12-10-12-12-12-11
173	0	0-0-0-0-0-0-0-0-0-0-0-0	0-0-0-0-0-0-0-0-0-0-0-0	0-0-0-0-0-0-0-0-0-0-0-0	0-0-0-0-0-0-0-0-0-0-0-0	0-0-0-0-0-0-0-0-0-0-0-0	0-0-0-0-0-0-0-0-0-0-0-0	0-0-0-0-0-0-0-0-0-0-0-0	0-0-0-0-0-0-0-0-0-0-0-0	0-0-0-0-0-0-0-0-0-0-0-0	0-0-0-0-0-0-0-0-0-0-0-0	0-0-0-0-0-0-0-0-0-0-0-0	0-0-0-0-0-0-0-0-0-0-0-0
173	1	1-1-1-1-1-1-1-1-1-1-1-1	1-0-0-0-0-1-2-0-1-0-0-0	2-1-0-1-0-1-1-2-0-0-0-0	2-2-0-0-1-1-0-1-0-0-0-1	0-1-2-0-2-0-2-2-0-1-0-4	1-2-0-2-1-0-0-1-0-0-0-1	2-0-1-1-2-2-0-0-0-1-10-1	1-1-1-1-1-1-0-0-1-1-6-0	1-1-1-1-0-1-1-0-0-1-1-0	1-1-0-2-0-0-0-0-4-2-1-1	2-1-1-0-0-1-0-2-4-1-0-1	1-0-1-1-1-1-1-1-1-1-1-0
173	2	2-2-2-2-2-2-2-2-2-2-2-2	2-2-2-2-0-1-1-1-1-2-3-3	1-3-3-3-3-3-3-3-3-2-3-3	3-1-3-3-3-3-0-5-3-0-2-1	3-1-1-3-1-2-3-3-0-2-3-3	2-3-3-1-0-2-3-2-2-0-11-3	3-2-2-1-1-1-3-3-1-1-3-4	1-2-2-2-2-1-0-2-1-2-3-0	2-1-1-2-3-1-1-3-2-2-2-4	2-4-2-1-4-3-2-4-1-1-3-2	1-2-2-0-0-2-0-1-3-2-0-2	0-0-2-1-1-2-2-0-3-3-3-0
173	3	3-3-2-3-3-3-3-3-3-3-3-3	4-3-3-2-3-4-4-4-3-4-2-4	8-4-2-2-2-4-4-4-2-5-4-2	2-4-4-2-2-2-3-2-2-3-2-1	2-3-2-2-5-3-4-2-3-3-2-2	2-2-5-3-3-2-2-3-3-3-12-3	2-3-3-1-4-3-3-4-3-4-2-2	3-2-2-4-3-2-3-5-8-3-2-8	3-1-3-3-2-5-3-4-2-1-2-0	2-3-2-4-2-2-2-3-1-4-2-3	3-2-3-0-0-3-3-3-2-2-4-3	3-3-3-1-1-1-2-3-2-2-2-0
173	4	4-4-4-4-3-4-4-4-4-4-5-4	3-4-5-2-3-4-3-5-3-3-2-5	1-3-3-2-2-3-5-6-5-6-5-5	3-3-5-3-2-2-5-2-5-5-6-1	2-5-1-2-3-6-3-3-3-7-8-2	3-2-3-3-3-2-5-5-3-4-2-4	2-5-5-1-3-4-5-5-4-4-2-2	5-2-2-3-4-4-4-3-5-5-1-4	4-1-3-3-4-3-1-3-5-5-5-3	2-2-4-6-2-4-5-2-1-3-2-5	3-4-5-4-5-5-8-5-1-5-5-5	4-3-2-1-1-4-2-8-4-2-4-4
173	5	5-5-5-5-5-5-5-4-7-5-5-5	6-4-4-2-5-6-1-7-3-3-2-4	1-5-3-4-6-3-4-7-6-3-6-4	3-7-6-6-2-7-5-2-6-4-4-1	2-4-1-14-3-4-5-7-6-7-0-2	2-2-3-3-5-2-6-4-5-5-7-7	1-3-4-1-3-5-8-6-5-5-2-2	4-2-2-4-6-4-7-3-4-4-3-3	6-1-4-2-5-3-4-3-5-4-4-6	2-2-5-4-5-5-4-6-2-1-4-4	1-4-4-5-4-4-4-4-1-4-4-4	0-3-2-1-1-5-2-4-4-4-6-6
173	6	5-4-5-6-5-6-5-6-5-6-6-6	8-4-4-2-9-6-4-6-8-8-6-7	3-6-7-2-5-4-7-7-5-4-5-6	7-4-5-7-2-3-7-2-8-4-4-1	11-4-2-9-3-4-7-5-5-8-11-2	11-2-7-3-5-2-5-6-5-6-10-7	2-8-4-1-3-5-5-5-5-5-2-9	4-2-2-7-7-6-5-3-3-8-1-6	5-1-3-6-3-8-1-7-8-7-6-8	6-1-6-4-2-8-5-6-1-1-2-4	6-8-6-0-5-6-7-8-1-2-8-3	6-6-6-1-1-8-6-6-4-6-5-5
173	7	7-8-5-7-9-7-5-9-5-9-9-6	6-4-4-2-5-6-8-9-6-3-9-6	3-8-11-10-6-6-6-6-9-10-6-8	6-5-8-6-11-10-5-6-6-10-11-6	6-5-2-8-3-4-6-5-8-10-8-2	6-2-8-9-7-3-5-6-7-7-5-7	2-7-7-1-3-7-6-5-8-11-2-8	6-7-9-6-6-6-5-3-3-7-8-3	3-1-3-3-3-6-1-6-6-9-7-6	8-3-6-4-2-9-5-10-1-1-2-7	6-6-6-0-8-6-7-3-1-2-6-3	6-3-6-6-10-6-8-6-4-6-5-5
173	8	8-7-9-7-8-7-8-7-9-8-9-9	6-4-4-9-5-6-7-9-6-6-9-10	9-9-9-7-7-3-9-9-7-7-6-7	9-9-9-7-9-8-5-10-6-5-4-8	10-8-11-7-3-4-9-9-7-7-10-8	10-10-7-7-7-11-4-4-5-7-3-9	9-7-7-8-3-8-5-9-7-8-9-7	3-8-11-9-9-8-5-11-3-9-9-3	8-1-9-9-8-6-1-9-6-6-8-6	7-9-8-9-9-6-9-5-9-1-9-8	9-6-4-0-7-8-9-10-9-8-6-3	8-6-8-9-9-6-7-6-4-8-5-4
173	9	9-9-9-9-9-9-9-9-9-10-8-9	10-12-9-8-6-12-7-7-6-3-8-8	8-9-8-7-7-11-10-9-10-9-10-10	8-8-10-7-8-8-9-8-10-10-10-8	8-8-8-6-3-11-8-8-10-7-8-8	8-8-11-7-9-8-10-9-9-9-8-8	8-11-9-1-10-9-6-10-7-10-8-6	9-8-10-8-8-9-11-10-3-9-8-3	8-9-10-8-9-6-1-8-6-7-5-10	7-8-9-8-8-7-8-7-10-1-8-8	8-6-10-10-10-8-10-11-8-8-6-8	9-10-8-8-8-8-10-9-9-8-5-9
173	10	10-14-10-10-10-9-11-10-10-9-10-10	9-12-9-8-9-9-9-8-6-11-8-8	8-10-8-7-8-11-9-11-9-11-9-9	8-11-11-8-8-8-10-8-9-11-9-8	8-8-8-12-8-9-11-10-11-7-8-8	8-8-9-8-10-8-11-10-10-10-6-8	8-11-10-1-11-10-11-9-13-9-8-11	9-8-9-9-9-10-9-9-8-9-8-10	8-1-9-8-10-11-1-8-6-13-10-9	9-9-9-11-8-13-8-7-9-10-8-8	10-6-9-14-9-8-9-13-8-2-6-12	10-9-8-8-14-10-9-10-12-12-5-12
173	11	14-10-10-14-11-11-10-10-10-9-11-14	12-10-10-12-12-9-12-12-12-10-12-12	11-11-12-7-11-12-11-12-13-10-10-11	12-12-12-7-7-8-12-8-10-10-10-11	6-11-8-7-12-9-10-8-10-11-6-8	11-11-9-7-11-8-10-10-10-10-2-8	12-7-9-11-10-11-10-10-10-9-11-10	9-8-12-10-11-12-9-8-11-11-12-12	8-11-12-9-8-6-11-11-6-11-8-9	11-8-11-11-8-6-11-6-11-12-11-8	12-6-11-10-11-14-11-11-12-11-6-11	11-9-11-11-8-11-7-11-10-10-5-10
173	12	9-12-12-10-10-14-13-9-10-14-10-9	11-9-9-13-9-9-11-11-11-13-11-14	11-13-13-14-13-11-12-11-13-13-13-13	11-11-11-12-12-12-11-13-12-10-12-11	13-11-11-10-11-12-13-12-11-14-13-8	3-14-12-12-10-8-12-12-10-10-3-12	11-13-9-11-12-12-13-12-7-14-11-3	12-12-11-12-12-11-9-12-11-11-11-11	8-11-11-12-14-6-11-11-6-10-12-9	11-8-8-11-13-13-12-10-11-11-11-13	11-6-10-10-10-10-11-11-11-13-6-10	11-9-11-11-8-11-7-9-10-10-5-10
173	13	13-13-12-12-12-9-12-14-13-14-14-14	14-9-10-12-9-9-11-14-11-13-11-12	13-12-12-12-12-11-12-12-12-12-12-12	14-13-14-13-12-13-11-8-13-11-12-11	12-11-11-13-11-12-14-12-13-13-12-8	14-10-13-13-13-11-13-12-10-10-2-13	11-12-10-11-13-12-10-13-10-14-8-13	9-12-13-12-12-11-9-13-11-13-8-11	13-11-14-13-12-6-11-8-6-10-12-13	11-13-11-10-12-12-12-5-11-11-11-12	11-6-10-0-9-11-11-11-11-13-6-13	11-9-11-11-8-11-13-10-10-10-5-10
173	14	14-14-14-14-14-14-14-14-14-13-14-14	13-9-14-12-14-11-12-13-11-14-12-12	13-13-14-12-14-14-14-14-13-14-14-13	13-14-13-14-14-14-13-8-14-14-14-11	12-11-14-14-14-14-13-13-13-14-12-8	14-14-12-14-14-14-14-14-14-14-14-14	8-14-14-14-13-14-14-14-14-14-11-10	14-12-12-14-14-13-14-8-13-11-11-14	13-14-13-14-12-6-14-10-14-6-8-6	11-14-14-14-14-12-14-10-10-14-14-14	10-14-10-14-10-11-14-14-14-14-14-13	14-14-14-11-10-14-14-11-14-14-14-14
174	0	0-0-0-0-0-0-0-0-0-0-0-0	0-0-0-0-0-0-0-0-0-0-0-0	0-0-0-0-0-0-0-0-0-0-0-0	0-0-0-0-0-0-0-0-0-0-0-0	0-0-0-0-0-0-0-0-0-0-0-0	0-0-0-0-0-0-0-0-0-0-0-0	0-0-0-0-0-0-0-0-0-0-0-0	0-0-0-0-0-0-0-0-0-0-0-0	0-0-0-0-0-0-0-0-0-0-0-0	0-0-0-0-0-0-0-0-0-0-0-0	0-0-0-0-0-0-0-0-0-0-0-0	0-0-0-0-0-0-0-0-0-0-0-0
174	1	0-1-0-0-0-1-0-0-0-0-0-0	0-0-0-0-0-0-2-0-1-0-0-0	2-2-0-0-0-0-2-0-0-0-0-1	2-2-2-0-0-0-0-0-0-0-0-8	0-0-2-1-1-0-2-0-0-0-1-0	0-1-0-1-0-0-0-1-0-0-0-2	1-0-0-8-1-1-0-0-0-1-1-0	1-0-0-1-1-2-0-0-1-1-0-0	1-8-2-0-0-0-1-1-0-0-1-1	0-0-1-1-0-0-0-0-1-2-0-0	0-0-0-0-0-1-3-0-0-0-1-1	0-1-1-1-0-0-1-0-0-1-0-0
174	2	2-2-2-2-2-2-2-2-2-2-2-2	2-2-0-2-0-3-1-3-2-2-0-0	1-3-3-3-3-3-3-3-0-2-3-2	3-1-1-3-3-3-0-5-2-0-2-1	3-0-3-4-1-2-1-2-2-4-12-5	3-1-2-2-2-5-2-3-1-2-10-1	2-2-0-1-2-2-2-3-2-2-3-4	2-2-2-2-2-1-2-3-2-1-2-0	1-1-1-2-3-0-1-3-7-2-2-2	0-2-0-1-3-3-7-2-1-1-5-3	0-2-3-0-5-0-0-0-0-2-2-2	0-2-1-1-0-0-2-0-3-3-0-0
174	3	3-3-2-3-3-4-3-3-3-3-3-3	4-3-3-2-3-4-2-4-3-4-4-3	1-2-2-2-2-6-4-4-0-5-4-4	2-4-4-2-2-2-5-2-2-3-2-1	2-1-2-2-4-2-4-4-4-3-4-2	2-4-5-3-3-4-4-2-3-3-6-3	2-3-3-3-4-3-4-4-3-3-2-6	3-2-4-4-3-3-3-5-4-3-3-3	3-1-3-3-2-5-1-4-0-3-2-2	4-3-3-0-2-2-4-4-3-4-2-2	3-9-3-0-3-3-1-3-6-10-3-3	3-3-1-3-6-3-3-3-2-2-0-0
174	4	4-4-4-4-4-3-4-3-4-4-3-4	3-5-4-2-5-4-1-3-3-3-3-5	1-4-3-3-2-2-5-3-0-3-5-5	3-3-5-2-2-2-3-2-2-5-2-1	2-0-2-2-3-5-3-3-3-2-3-2	2-3-3-3-4-2-5-2-3-4-2-4	2-3-4-3-3-4-6-5-4-4-2-3	4-2-3-3-2-6-4-3-3-4-3-3	11-7-3-3-4-4-3-3-4-4-2-6	3-3-4-4-5-6-3-4-1-3-3-2	6-3-5-0-0-3-5-3-3-3-3-3	3-3-1-3-0-3-3-5-4-6-5-4
174	5	5-5-5-5-5-5-6-5-5-6-5-5	6-6-6-2-4-5-6-6-3-3-5-4	1-5-3-2-6-3-4-5-6-3-6-4	2-6-6-2-2-3-7-2-5-4-3-1	2-0-1-6-3-4-6-5-6-2-3-2	2-3-3-3-5-2-6-2-5-5-5-4	2-3-5-1-3-4-4-4-5-5-2-4	4-2-3-4-9-1-5-3-3-5-3-3	4-1-4-3-5-3-3-6-6-5-7-4	4-2-4-4-4-4-2-5-4-3-2-2	6-3-4-7-6-6-4-3-3-4-4-3	5-3-1-3-0-3-4-4-9-4-4-7
174	6	7-5-5-5-6-5-5-7-5-5-5-5	5-5-5-8-4-5-7-7-6-3-8-7	5-7-7-7-8-3-7-8-7-6-5-6	7-7-7-7-8-7-8-2-7-5-7-7	2-6-8-7-3-4-7-7-5-8-8-7	7-8-7-6-6-7-7-5-3-5-7-8	2-7-5-1-3-6-4-7-7-6-7-3	3-8-3-7-3-7-5-6-3-6-7-7	7-1-3-3-6-7-7-7-6-6-7-4	7-7-9-6-7-4-6-8-7-7-7-7	4-3-6-7-5-5-1-6-7-7-6-3	5-6-1-6-7-7-6-6-5-4-5-5
174	7	7-7-7-7-7-7-7-7-7-7-7-7	8-8-8-6-7-11-6-6-6-3-6-8	1-6-6-6-6-9-6-6-8-7-8-8	6-6-6-6-6-6-6-2-6-8-8-1	2-9-6-6-3-9-6-6-7-6-6-6	6-6-6-6-7-6-6-8-9-7-6-6	2-8-8-7-9-7-8-8-6-7-6-3	7-9-8-8-8-6-7-8-3-7-6-6	6-4-3-3-7-7-6-8-8-6-8-8	8-6-7-7-6-3-8-6-8-6-6-8	8-3-8-5-9-8-8-3-6-3-8-7	5-3-1-6-6-6-8-6-4-6-9-5
174	8	8-9-8-7-9-8-8-8-8-8-7-8	7-9-10-6-9-7-9-9-6-9-6-9	1-8-6-6-6-10-9-6-9-9-9-7	6-9-9-6-6-6-6-2-9-9-7-1	2-0-6-9-3-7-9-7-8-6-6-6	6-6-6-6-9-6-9-7-8-8-6-6	9-7-7-1-7-8-8-7-8-7-6-8	8-7-7-7-7-4-7-7-3-9-6-0	6-1-9-7-8-7-7-7-7-6-7-7	7-6-6-9-6-4-9-5-7-1-7-7	7-3-7-11-9-7-7-3-6-3-9-3	5-9-1-6-6-6-7-4-6-7-4-10
174	9	9-8-8-9-9-10-7-10-11-9-7-9	10-8-7-2-9-7-10-8-10-8-10-8	10-10-10-11-10-8-10-10-9-8-8-7	10-10-11-10-10-10-8-2-8-9-8-11	2-11-9-8-3-7-10-10-8-6-6-10	10-10-6-9-8-6-8-10-7-8-9-10	12-8-8-10-7-9-8-8-8-7-10-8	3-7-11-10-5-12-7-2-3-8-10-3	12-1-9-10-6-10-9-11-7-6-9-7	9-9-9-10-8-10-10-5-9-1-9-9	9-3-4-8-7-9-12-6-9-9-8-3	9-6-9-9-9-6-10-9-5-9-7-4
174	10	10-10-9-11-9-9-10-10-12-8-10-8	9-12-8-6-9-10-9-8-9-8-9-9	12-9-9-9-9-8-9-9-9-10-11-11	9-9-9-9-9-9-8-2-11-9-11-1	2-9-6-8-9-10-9-9-11-10-6-9	9-9-6-10-10-6-11-10-10-10-2-9	2-11-11-9-10-10-11-11-8-7-9-8	10-7-9-9-7-1-7-9-3-10-9-10	11-1-3-9-10-11-9-9-11-12-9-11	9-9-10-10-6-11-9-10-9-1-9-11	9-3-12-8-12-9-0-11-9-3-6-9	5-9-9-9-6-6-9-10-10-11-11-10
174	11	10-12-12-12-10-10-11-10-9-12-9-11	12-10-8-12-10-12-9-12-9-8-11-8	12-11-9-9-11-12-11-11-12-11-10-10	9-10-9-11-11-11-12-2-10-11-10-9	2-9-11-8-9-10-12-12-10-11-11-11	11-9-12-11-8-6-10-11-10-10-11-12	11-11-10-9-10-9-10-10-8-7-11-11	10-11-9-11-11-1-7-10-3-9-11-10	10-1-9-11-9-10-9-9-10-6-11-10	9-11-6-9-11-11-11-10-9-1-11-10	9-3-10-8-10-9-12-10-9-11-8-11	5-11-9-9-9-6-11-10-10-10-10-5
174	12	12-12-11-12-12-12-12-12-12-12-12-12	10-10-12-11-12-11-11-11-9-12-11-11	10-12-12-12-12-12-11-12-11-12-12-12	11-12-12-12-12-12-8-12-10-12-12-9	12-9-12-12-12-12-11-11-10-12-2-6	12-12-11-11-12-6-12-12-12-12-12-11	11-12-12-12-7-12-12-11-12-12-6-11	12-12-11-9-12-11-7-3-9-6-10-12	9-12-12-12-2-12-12-10-12-11-11-4	9-12-12-12-12-11-12-10-9-12-12-12	9-12-10-8-10-9-12-10-12-12-12-12	12-12-12-10-6-12-12-10-12-12-12-12
175	0	0-0-0-0-0-0-0-0-0-0-0-0	0-0-0-0-0-0-0-0-0-0-0-0	0-0-0-0-0-0-0-0-0-0-0-0	0-0-0-0-0-0-0-0-0-0-0-0	0-0-0-0-0-0-0-0-0-0-0-0	0-0-0-0-0-0-0-0-0-0-0-0	0-0-0-0-0-0-0-0-0-0-0-0	0-0-0-0-0-0-0-0-0-0-0-0	0-0-0-0-0-0-0-0-0-0-0-0	0-0-0-0-0-0-0-0-0-0-0-0	0-0-0-0-0-0-0-0-0-0-0-0	0-0-0-0-0-0-0-0-0-0-0-0
175	1	1-1-1-1-1-0-1-1-1-1-1-1	1-0-0-1-0-0-1-0-1-1-0-0	4-1-2-1-0-0-0-0-0-0-1-0	0-0-0-0-0-2-0-1-0-0-0-5	1-1-1-0-3-0-0-2-0-1-0-1	2-2-0-1-1-1-0-2-0-0-0-0	0-1-0-6-2-1-0-0-0-0-2-0	1-1-2-2-1-2-0-0-2-1-6-1	1-1-1-1-0-1-1-2-0-1-1-1	2-1-1-0-0-0-0-1-2-4-2-1	1-1-1-0-1-1-3-0-2-1-0-1	1-0-1-1-1-1-1-1-1-1-1-0
175	2	2-2-2-2-2-2-2-2-2-3-2-2	3-3-2-3-3-2-3-2-3-3-3-3	2-1-3-3-2-3-2-3-3-3-2-2	3-3-4-3-2-1-3-2-3-3-2-1	10-1-2-4-2-2-2-2-3-2-4-1	3-1-3-2-2-1-3-3-2-2-12-2	8-2-3-2-1-2-4-2-2-4-1-3	3-2-3-1-2-3-4-2-1-2-1-5	2-3-3-2-2-4-1-1-4-4-2-3	3-3-3-3-3-2-2-2-1-3-3-2	2-4-2-2-3-3-1-3-1-2-4-2	3-2-2-1-2-3-4-3-3-3-3-3
175	3	2-2-2-2-2-2-2-2-2-2-2-4	2-2-2-5-2-2-2-2-2-2-4-2	3-4-4-5-5-4-4-4-2-4-4-4	4-2-2-4-5-4-2-4-2-2-4-1	5-1-4-4-1-3-4-3-2-2-4-4	2-4-4-2-2-1-4-2-2-2-4-4	3-7-2-1-2-2-2-4-2-2-4-5	2-3-4-4-3-2-2-2-3-1-4-2	2-2-2-3-4-2-4-4-2-5-4-2	2-6-2-2-6-4-6-2-8-2-2-4	1-2-2-2-2-9-1-2-2-6-2-2	2-6-6-1-2-2-3-2-2-2-4-2
175	4	2-2-3-3-2-2-2-2-3-2-2-3	2-2-2-3-2-2-3-5-4-5-3-5	1-5-3-3-3-5-3-3-2-5-3-3	3-5-5-3-3-3-2-3-2-4-5-1	3-1-3-3-5-3-5-5-4-4-3-3	5-5-6-4-4-5-5-2-4-4-10-4	3-4-2-4-5-4-2-3-4-2-3-10	9-3-3-5-4-2-2-6-4-1-3-2	4-7-4-5-6-2-3-5-2-2-3-2	5-4-4-2-3-3-3-2-1-6-5-3	4-2-2-0-7-4-3-4-4-5-2-4	2-4-2-4-4-2-2-2-2-2-3-2
175	5	2-2-5-2-3-5-2-2-5-2-5-5	2-6-5-3-2-2-3-4-2-4-3-4	3-4-3-3-3-4-6-3-3-4-6-6	4-4-4-4-3-3-2-3-6-5-4-1	3-1-3-3-4-6-4-4-4-4-9-3	4-4-4-4-4-4-4-5-4-5-2-5	3-3-5-1-4-5-5-4-5-6-3-4	5-3-6-6-5-2-10-4-4-5-1-2	4-2-6-4-5-2-1-6-6-3-6-2	4-4-5-6-3-3-3-5-6-2-4-4	6-2-2-5-2-2-1-4-4-4-2-4	2-4-3-6-6-2-4-2-2-10-2-11
175	6	6-7-5-6-6-2-6-6-2-2-6-7	7-7-5-3-2-2-3-7-2-4-3-7	3-6-3-3-7-8-7-6-8-7-7-5	4-7-5-3-3-4-7-3-7-7-4-1	3-1-3-3-4-5-7-6-7-4-2-3	4-4-4-4-6-4-7-4-4-6-11-5	3-3-6-1-4-4-7-7-0-5-3-8	2-3-5-5-3-3-6-4-4-6-1-2	4-2-5-4-4-2-1-5-5-6-5-3	5-3-6-5-3-7-3-6-6-2-4-3	5-2-6-5-2-3-1-7-4-4-5-5	6-3-3-5-5-2-3-6-6-2-7-2
175	7	8-7-8-8-6-8-7-8-3-2-9-6	6-6-5-8-2-2-8-8-10-2-8-6	7-8-8-7-8-9-8-8-6-6-6-8	8-8-7-8-8-8-8-7-6-6-4-8	8-1-7-8-4-5-8-8-6-8-11-8	8-8-4-7-6-4-8-7-4-6-8-9	8-3-6-7-8-7-6-6-4-7-8-7	2-7-5-8-4-7-6-8-4-7-7-2	8-4-6-4-10-7-8-8-6-6-5-9	7-8-9-7-8-6-7-6-7-2-8-3	6-4-7-5-6-3-1-6-8-7-7-4	6-7-7-7-8-8-3-7-6-7-6-7
175	8	9-8-7-8-8-7-8-7-9-2-7-8	7-10-9-7-11-6-7-7-7-9-7-9	9-7-7-7-7-7-7-7-6-9-9-7	7-7-7-7-7-7-9-3-9-9-9-7	7-1-7-7-7-9-9-7-9-7-8-7	7-7-9-8-8-4-9-8-8-8-7-8	7-8-10-1-7-8-7-9-0-8-7-8	8-9-7-7-8-2-10-7-4-8-7-2	7-2-2-4-7-8-7-7-4-6-8-13	9-7-6-12-7-6-7-6-3-7-7-6	7-8-7-8-14-8-1-4-7-4-2-4	10-7-3-7-7-7-3-7-10-7-10-8
175	9	8-6-8-2-8-8-7-2-8-12-7-8	6-8-8-9-8-8-10-10-7-8-10-8	10-9-10-7-9-9-10-10-10-8-8-9	10-10-7-7-7-7-8-7-8-9-8-9	3-14-9-9-9-8-10-10-8-9-9-9	2-8-8-9-9-9-8-10-8-8-2-7	11-3-8-10-11-9-6-11-4-2-10-8	4-8-10-8-8-10-8-7-4-9-11-10	4-10-4-4-10-2-9-8-8-2-8-8	8-4-9-9-10-3-7-8-10-10-10-3	10-2-7-5-4-3-10-9-10-7-2-4	11-7-9-7-9-2-2-9-2-10-6-8
175	10	10-13-11-14-8-6-7-8-8-10-12-6	7-8-8-10-8-2-10-9-7-11-9-9	9-10-11-12-12-11-9-9-9-11-9-10	9-9-9-11-11-12-8-12-11-11-10-9	11-9-14-12-11-11-9-9-11-10-10-3	11-11-11-4-10-11-8-10-11-10-4-7	12-11-8-9-9-10-6-9-4-14-9-11	4-11-11-11-10-10-8-10-11-9-9-9	4-9-4-11-11-11-9-11-2-6-11-10	10-12-9-6-9-11-7-6-10-9-9-11	9-11-2-5-6-10-9-9-9-4-12-4	6-11-9-7-9-2-10-6-8-9-6-8
175	11	11-11-11-10-10-12-13-12-12-9-11-12	12-8-8-10-8-12-12-12-12-12-12-12	9-12-10-10-9-10-12-12-11-10-9-11	12-12-7-10-10-10-12-10-10-10-10-9	10-11-10-10-10-10-12-12-10-12-9-11	10-10-10-9-11-10-8-10-11-11-10-11	11-10-8-4-9-10-6-9-11-7-12-10	11-10-10-10-10-12-8-8-10-11-9-9	11-9-12-10-10-10-11-10-6-2-10-12	11-11-9-12-12-10-6-6-12-9-9-10	11-10-12-5-8-13-9-11-12-4-2-4	9-11-9-7-11-2-10-9-12-11-6-10
175	12	12-14-12-12-12-12-13-12-12-12-10-12	11-8-8-10-8-12-11-11-11-13-11-11	9-11-11-10-10-10-10-11-11-10-10-10	11-11-13-10-10-10-11-10-13-12-12-9	10-9-3-10-11-13-11-11-13-11-10-7	12-11-10-12-8-10-13-12-12-12-2-12	10-10-8-13-11-11-13-11-12-12-11-12	2-10-10-10-10-11-12-8-10-12-9-9	2-9-11-12-9-13-11-11-14-3-10-12	10-10-12-13-11-11-13-13-11-9-9-10	9-12-12-12-2-11-9-11-11-4-10-10	2-11-9-12-12-7-10-9-11-12-12-14
175	13	14-14-14-14-14-14-14-14-14-14-14-14	14-14-14-14-14-14-14-14-14-14-14-14	13-13-14-14-13-14-13-13-14-10-14-13	14-13-12-13-10-10-13-10-12-12-12-9	14-9-13-10-12-12-14-13-12-13-13-13	13-13-12-13-13-14-12-14-12-12-4-13	14-10-13-12-13-13-13-13-12-13-14-12	11-10-10-13-10-11-12-14-13-14-14-13	14-13-13-12-10-13-11-13-13-14-14-8	13-13-13-12-13-14-13-13-13-9-9-10	14-12-12-14-13-14-9-14-9-14-10-4	14-14-13-13-13-13-10-13-14-12-6-13
175	14	14-14-13-13-14-13-13-14-13-13-13-13	13-13-13-13-13-13-13-13-13-13-13-13	13-13-13-13-14-14-14-14-13-14-13-14	13-14-14-13-14-14-13-14-14-14-14-9	13-9-14-14-11-14-13-13-12-14-10-7	14-14-10-13-14-13-12-14-14-14-14-13	13-14-14-14-13-14-14-13-14-13-13-13	14-10-10-13-14-13-13-10-10-13-13-9	4-14-14-12-10-14-14-13-14-13-13-13	13-13-14-14-13-13-14-13-13-14-14-14	13-14-14-14-13-13-9-13-14-13-14-14	13-13-14-13-13-14-14-9-14-14-14-12
176	0	0-0-0-0-0-0-0-0-0-0-0-0	0-0-0-0-0-0-0-0-0-0-0-0	0-0-0-0-0-0-0-0-0-0-0-0	0-0-0-0-0-0-0-0-0-0-0-0	0-0-0-0-0-0-0-0-0-0-0-0	0-0-0-0-0-0-0-0-0-0-0-0	0-0-0-0-0-0-0-0-0-0-0-0	0-0-0-0-0-0-0-0-0-0-0-0	0-0-0-0-0-0-0-0-0-0-0-0	0-0-0-0-0-0-0-0-0-0-0-0	0-0-0-0-0-0-0-0-0-0-0-0	0-0-0-0-0-0-0-0-0-0-0-0
176	1	0-1-0-1-0-1-0-0-0-0-0-1	0-1-0-0-0-1-0-0-2-0-2-2	2-2-0-0-0-2-2-0-2-0-2-0	2-2-0-0-1-0-0-0-0-0-0-0	0-0-0-0-2-0-2-0-0-0-1-0	0-0-0-7-0-0-0-0-0-0-0-0	0-1-0-0-1-0-0-2-1-0-0-0	1-1-0-0-0-2-0-0-0-2-0-0	0-2-0-0-0-0-8-2-0-1-1-0	0-0-1-0-0-0-0-0-4-2-2-0	0-0-0-0-0-1-0-0-0-1-0-1	0-1-0-1-0-0-0-0-1-0-0-0
176	2	2-2-2-2-2-2-2-0-2-2-2-2	2-2-0-3-1-1-0-1-1-2-1-1	1-1-3-3-2-1-3-3-1-2-1-2	3-1-3-3-4-3-0-5-2-0-3-0	3-0-4-2-1-2-3-3-0-4-14-3	3-0-2-2-2-0-3-3-2-2-2-1	2-2-0-0-2-2-2-3-2-2-3-4	1-2-2-2-2-1-0-2-2-1-3-0	0-1-0-2-3-0-1-3-4-2-2-2	10-2-1-0-2-3-2-2-1-1-1-2	0-2-0-0-3-0-0-0-0-2-2-2	0-2-5-2-0-0-2-0-3-3-3-2
176	3	3-3-2-3-3-3-3-3-3-3-3-3	4-3-3-2-3-3-4-3-3-4-4-3	6-4-2-2-2-6-2-4-6-5-4-4	5-4-4-2-2-2-4-2-2-3-2-0	2-3-2-2-4-2-4-4-3-3-4-2	2-6-5-9-3-6-4-2-3-3-9-3	7-3-3-3-4-3-4-4-3-4-2-6	3-2-2-4-3-3-0-5-9-3-3-3	3-1-3-3-2-5-3-2-0-3-2-2	4-3-3-0-2-2-4-2-1-4-3-2	3-6-3-0-3-3-1-7-4-2-4-3	3-3-7-4-3-3-3-3-2-4-2-4
176	4	4-4-4-4-4-4-4-4-4-4-4-4	3-6-4-2-3-6-3-5-3-3-3-6	2-3-3-2-2-3-5-6-5-6-5-5	3-3-3-3-2-2-5-2-5-5-5-0	2-6-2-2-3-5-3-3-3-2-6-3	2-3-3-1-3-0-5-5-3-4-4-4	3-4-5-3-3-4-6-3-4-3-2-3	5-2-2-3-4-4-4-3-5-5-3-3	4-1-3-3-4-3-1-3-2-4-5-6	3-2-4-6-3-6-5-8-1-3-3-5	3-3-7-4-5-4-0-3-3-5-3-5	9-3-2-3-3-4-2-4-6-3-4-3
176	5	5-5-5-5-5-5-5-5-6-5-5-5	6-6-4-2-6-6-6-6-3-3-6-7	1-5-3-4-2-3-4-7-7-3-6-4	3-4-6-2-2-2-5-2-6-4-4-0	2-0-0-8-3-4-6-5-6-2-3-3	2-3-3-1-5-3-6-4-5-5-5-3	3-4-4-0-3-5-5-4-5-5-0-3	4-2-2-4-3-4-6-3-4-4-3-3	4-1-3-3-5-3-0-2-6-7-4-4	8-2-5-4-0-5-4-9-2-1-14-4	3-3-6-5-4-4-0-3-11-4-3-4	7-3-2-3-3-5-2-4-4-4-6-10
176	6	5-4-5-5-3-5-5-6-5-6-6-5	5-4-4-6-5-5-4-5-8-3-7-4	7-7-7-7-7-3-7-4-6-4-5-7	7-7-5-6-8-7-5-7-5-5-3-6	7-11-6-7-3-4-7-7-5-7-7-6	7-3-7-3-6-7-5-6-5-5-3-7	3-4-5-3-3-3-5-7-4-5-7-7	4-7-2-7-3-1-5-8-3-10-6-0	3-1-3-3-8-10-0-7-5-6-8-8	3-3-6-4-7-4-7-5-1-1-6-7	3-3-5-6-0-6-0-3-3-3-6-3	5-6-6-6-7-6-2-4-4-4-5-5
176	7	7-7-7-7-7-7-7-7-7-7-7-7	6-8-9-6-5-9-10-8-6-3-6-8	6-7-6-6-6-3-6-7-7-9-8-6	6-6-6-6-6-6-9-6-8-9-7-6	6-0-6-6-3-8-8-6-8-7-6-6	6-3-6-1-8-6-8-7-3-7-13-7	3-7-7-3-9-7-8-8-4-5-6-6	4-6-8-8-7-4-9-9-3-7-6-0	6-1-3-3-5-9-1-6-8-5-6-9	8-2-7-6-6-9-6-8-1-1-6-6	0-4-4-8-0-6-0-3-3-3-6-3	5-6-6-6-6-8-8-7-9-5-8-5
176	8	8-8-5-7-8-7-5-7-8-7-7-7	9-7-7-8-5-7-9-7-6-3-6-9	12-9-9-6-8-10-7-9-8-9-7-8	9-8-6-6-6-6-7-6-7-7-11-8	6-10-10-6-12-7-9-9-7-8-9-8	12-9-7-8-8-9-7-7-7-4-2-11	8-7-7-3-8-8-7-9-3-6-8-9	9-7-12-7-3-9-7-6-3-8-8-9	8-8-3-6-6-8-10-9-7-8-6-7	7-3-6-8-9-7-7-7-9-9-9-6	9-4-5-9-0-9-9-3-9-3-6-3	8-7-8-3-8-7-7-8-4-9-7-0
176	9	7-8-7-10-8-7-9-9-7-8-7-7	8-7-7-9-5-7-8-8-10-3-10-8	8-8-8-10-10-10-10-8-8-10-10-10	8-8-10-8-10-10-7-12-10-10-9-8	13-8-8-10-9-9-10-10-7-8-12-6	10-11-12-3-8-8-7-7-5-7-3-10	10-9-7-3-7-3-7-8-5-9-10-8	8-9-8-10-9-8-7-7-3-8-8-8	8-8-3-10-6-7-1-12-7-6-9-7	8-3-7-8-12-7-10-7-10-8-8-9	8-11-4-8-0-8-8-8-8-2-10-3	4-6-8-3-8-7-9-7-7-8-7-9
176	10	10-10-10-10-10-10-10-10-9-10-10-10	10-11-7-9-11-10-8-7-9-7-9-11	8-8-9-9-9-8-9-9-8-11-9-9	9-8-9-8-9-9-10-9-11-11-10-8	9-8-8-9-9-11-9-9-11-7-9-6	9-11-10-1-8-8-11-7-10-10-5-10	9-9-7-3-7-10-10-9-5-10-9-11	4-9-9-9-10-8-13-7-3-10-8-8	10-8-3-9-10-10-8-9-13-6-9-13	9-9-7-11-9-9-9-11-9-8-8-9	8-13-10-14-14-10-8-3-8-2-9-3	11-6-8-6-8-7-11-10-10-8-10-5
176	11	12-12-12-12-12-12-13-12-12-12-12-12	12-10-13-12-12-12-13-12-12-12-12-12	11-12-12-12-11-12-12-11-12-10-12-11	12-11-12-9-9-12-11-6-10-13-8-11	10-13-13-9-12-10-12-12-10-11-11-11	11-12-9-13-13-12-10-13-10-10-5-11	14-9-11-13-11-13-10-11-13-11-14-10	11-9-13-14-12-12-10-12-14-13-13-11	11-8-11-12-13-11-11-13-12-11-9-10	11-12-13-13-13-12-12-14-13-12-13-9	11-9-13-13-13-12-8-13-12-11-10-3	14-6-11-13-13-12-10-13-12-13-12-13
176	12	11-11-11-11-11-11-11-11-11-11-11-11	11-13-12-11-11-11-11-11-11-11-11-11	8-11-11-11-9-11-11-11-11-13-13-12	11-11-12-9-9-11-11-9-13-12-13-8	9-8-8-9-11-13-11-11-12-11-9-6	9-11-9-11-11-11-13-11-10-10-9-11	9-9-11-11-14-10-13-11-12-10-8-13	4-9-8-11-10-11-10-11-3-12-11-8	11-8-13-11-12-11-11-9-8-12-9-7	11-11-12-14-9-11-11-13-11-11-6-9	11-13-11-12-11-10-8-11-11-11-6-3	11-14-8-11-11-11-9-10-11-11-11-11
176	13	11-11-11-11-11-11-11-11-11-11-11-12	11-12-11-11-11-11-11-14-11-11-14-11	8-13-14-14-13-11-12-11-11-12-12-13	14-11-13-13-13-13-11-9-12-11-12-11	9-11-11-9-11-12-14-11-12-11-13-14	9-11-13-11-11-8-12-11-5-10-7-14	14-9-10-11-12-11-12-11-11-11-9-12	11-9-14-13-13-11-10-7-3-11-11-8	12-8-12-13-12-13-11-11-7-11-13-10	11-11-11-11-11-13-13-12-11-8-11-12	11-10-11-11-11-11-8-11-8-13-6-3	11-13-13-11-11-7-13-10-11-11-7-11
176	14	14-14-14-11-14-11-11-11-11-11-14-14	11-12-14-11-11-11-11-13-11-14-11-11	8-14-13-13-14-14-13-14-11-14-14-13	13-14-14-13-14-14-11-9-14-14-14-8	9-8-14-14-11-14-13-13-12-14-2-13	14-14-14-11-14-8-14-14-14-14-14-13	11-14-14-14-12-14-13-13-14-14-13-13	14-9-13-11-14-11-6-14-11-11-11-8	11-14-14-14-13-14-14-11-14-11-13-11	11-11-14-14-14-13-14-11-11-14-14-14	11-14-14-14-10-10-8-11-14-14-14-14	11-12-14-11-11-14-14-10-14-14-14-14
177	0	0-0-0-0-0-0-0-0-0-0-0-0	0-0-0-0-0-0-0-0-0-0-0-0	0-0-0-0-0-0-0-0-0-0-0-0	0-0-0-0-0-0-0-0-0-0-0-0	0-0-0-0-0-0-0-0-0-0-0-0	0-0-0-0-0-0-0-0-0-0-0-0	0-0-0-0-0-0-0-0-0-0-0-0	0-0-0-0-0-0-0-0-0-0-0-0	0-0-0-0-0-0-0-0-0-0-0-0	0-0-0-0-0-0-0-0-0-0-0-0	0-0-0-0-0-0-0-0-0-0-0-0	0-0-0-0-0-0-0-0-0-0-0-0
177	1	0-0-0-0-0-0-0-0-0-0-2-0	0-0-0-0-0-0-0-0-0-0-0-0	0-0-2-0-0-0-2-0-0-0-0-1	2-2-0-0-0-0-0-1-0-0-0-5	0-13-6-0-1-0-2-0-0-0-0-0	0-0-0-0-0-0-0-0-0-0-0-2	0-0-0-1-0-0-0-0-0-0-6-0	1-0-0-0-1-0-0-0-0-1-0-0	0-0-0-0-5-0-1-1-0-0-1-0	0-1-1-0-0-0-0-0-1-0-5-0	6-0-0-0-0-0-0-0-6-1-0-0	0-0-1-5-1-0-0-0-0-2-0-0
177	2	0-2-2-3-0-0-0-0-0-0-1-0	0-0-0-3-0-0-0-0-0-0-3-3	4-3-1-3-2-3-3-3-0-4-3-2	3-1-4-3-2-3-0-3-2-0-2-1	2-0-3-3-3-2-3-3-2-2-3-2	3-3-3-0-0-5-2-2-2-2-2-1	2-2-0-1-2-1-2-1-2-2-3-2	2-2-3-2-2-3-2-2-2-0-2-0	3-0-2-2-3-3-1-3-2-2-3-0	0-2-2-3-3-2-2-2-2-0-3-2	2-2-0-0-0-0-0-0-1-2-2-0	0-2-2-1-0-2-2-0-0-1-3-2
177	3	3-3-2-3-3-3-3-3-3-3-3-3	5-3-0-2-3-4-0-3-3-4-2-3	2-4-4-2-2-4-2-2-5-5-3-2	2-4-4-4-2-2-4-2-2-3-2-1	2-3-2-2-4-2-4-2-4-3-4-2	2-4-5-0-3-2-2-4-3-3-12-3	2-3-3-3-4-0-3-4-3-4-2-4	2-2-2-4-3-3-3-4-4-0-5-0	3-4-3-3-2-3-3-4-3-3-2-3	3-2-3-3-2-2-2-4-3-4-3-2	3-3-3-0-3-3-0-3-3-5-3-3	3-3-3-1-2-3-2-3-3-2-2-3
177	4	4-4-4-4-4-4-4-4-4-4-4-4	4-6-4-2-4-4-0-5-4-3-4-4	2-4-3-2-2-3-5-4-4-3-5-5	3-3-5-3-2-2-4-2-5-5-3-1	2-1-2-4-3-5-3-3-3-3-3-2	2-3-3-1-4-2-5-4-3-4-4-4	2-3-4-1-3-4-5-3-4-3-3-3	4-2-2-5-3-3-4-3-3-4-3-0	4-3-3-3-8-3-3-3-4-8-2-0	3-2-4-5-4-2-3-3-5-3-1-2	3-5-4-0-3-4-0-3-1-3-5-3	3-3-2-1-0-3-2-4-4-0-4-3
177	5	4-5-4-5-5-5-5-5-4-5-6-4	7-4-6-2-6-6-4-4-6-3-6-4	2-5-3-2-2-4-4-4-7-3-6-6	5-6-6-5-2-3-6-2-6-6-4-1	2-0-1-6-3-4-6-5-6-0-3-2	2-3-3-0-5-2-6-6-5-5-11-4	2-3-5-1-3-7-6-6-4-5-2-3	4-2-2-4-6-0-5-3-3-4-3-0	5-3-3-3-1-3-1-6-4-6-7-12	3-2-5-6-6-2-3-5-4-3-1-2	1-4-6-5-6-5-7-7-1-3-4-3	7-3-2-1-9-5-6-5-6-6-6-3
177	6	5-4-4-7-7-6-5-5-4-6-5-4	8-4-5-2-5-8-7-5-8-3-8-5	7-7-7-7-7-3-7-7-7-5-5-7	7-7-7-6-7-7-5-8-5-5-3-1	2-1-1-5-3-4-7-7-5-7-7-7	7-7-3-15-12-2-5-5-4-4-7-7	7-4-3-1-3-6-5-5-3-5-7-3	4-2-7-7-5-7-5-5-3-15-7-0	7-3-5-8-1-3-1-7-6-5-8-8	7-7-9-5-7-2-6-5-7-3-7-2	1-3-5-5-5-8-5-6-7-8-5-3	6-6-6-7-7-7-5-7-5-6-5-5
177	7	8-7-7-8-6-7-7-7-8-10-5-8	6-10-8-2-7-6-6-5-6-8-6-7	2-6-6-6-6-3-6-6-6-9-8-6	6-7-6-6-6-6-7-2-8-5-8-1	5-1-6-6-9-8-8-6-7-6-6-6	7-6-8-0-7-2-8-7-8-7-6-7	6-8-4-1-7-7-10-7-7-7-6-7	7-10-6-6-5-7-7-8-3-7-6-0	6-3-3-3-1-7-7-6-6-5-5-10	8-6-7-6-6-2-9-5-6-3-6-2	6-3-6-5-10-5-5-6-6-6-6-7	7-6-6-6-6-6-2-5-5-6-5-7
177	8	7-7-7-7-8-7-8-8-7-7-8-7	6-4-7-8-7-6-8-9-6-6-6-15	8-8-6-6-8-8-9-9-9-9-7-8	8-8-6-9-6-9-10-6-7-5-7-8	2-9-1-8-12-7-7-8-7-8-6-8	9-8-7-8-9-15-7-8-7-4-0-9	9-7-8-1-8-0-6-9-3-7-9-3	9-7-12-7-5-12-7-7-7-8-8-12	8-8-9-6-11-8-11-9-7-4-6-6	7-0-6-8-7-2-7-6-8-12-9-2	11-7-8-9-0-9-12-6-11-6-6-3	8-3-8-1-6-7-2-8-8-12-12-7
177	9	11-11-11-11-9-11-10-10-11-11-10-10	10-4-7-13-10-12-10-10-10-11-11-10	8-8-10-10-10-10-9-8-11-10-8-9	8-8-10-8-9-8-10-6-10-9-9-8	11-8-10-8-8-9-10-9-10-9-6-6	9-9-11-8-8-11-11-11-10-9-3-8	11-10-10-1-8-9-11-11-9-7-10-10	8-11-8-10-11-9-7-7-3-10-10-8	15-8-10-11-10-13-10-11-13-10-10-7	9-11-6-11-10-11-11-10-13-8-8-9	8-10-11-9-11-8-8-10-11-9-11-10	11-11-9-10-9-13-11-12-11-8-11-11
177	10	9-9-9-9-9-9-9-9-9-9-9-9	9-7-9-9-9-9-11-9-9-9-9-11	8-11-9-9-9-11-11-11-9-11-11-11	11-8-11-10-11-11-9-6-9-9-10-8	9-9-9-5-8-10-11-11-9-11-11-11	9-11-11-8-7-9-11-8-9-4-10-11	9-9-9-10-8-9-5-10-9-8-9-12	10-9-2-9-9-10-7-3-9-9-9-8	12-8-9-9-9-9-9-9-4-10-9-7	12-9-9-6-9-9-9-9-10-8-8-2	12-9-11-9-7-14-10-9-10-10-6-9	13-11-9-9-10-7-9-9-9-11-9-7
177	11	9-9-9-9-9-9-9-11-9-9-11-9	9-12-7-9-9-9-10-9-9-11-9-10	8-10-10-9-9-10-10-10-9-10-12-10	10-11-10-10-10-10-13-2-12-11-13-1	9-8-6-5-8-12-10-10-12-10-10-10	9-10-9-9-11-9-12-13-13-4-11-11	9-12-11-10-12-9-12-9-11-11-10-10	14-9-8-9-9-9-7-12-3-9-10-8	10-8-9-9-8-9-9-9-11-12-9-10	10-9-11-9-9-9-9-5-9-8-8-9	8-9-10-12-9-14-8-9-8-10-9-13	9-9-8-6-10-7-9-9-9-10-9-14
177	12	9-11-13-9-9-14-13-9-9-9-11-9	9-11-9-13-9-9-15-15-9-11-13-9	8-13-13-14-13-10-11-10-13-11-11-10	13-8-9-14-13-13-11-6-11-11-11-8	14-8-14-12-8-11-13-13-11-10-12-13	13-14-14-12-6-9-13-14-11-4-3-13	13-11-9-1-13-9-11-13-4-7-13-13	8-14-8-13-14-9-7-14-13-12-14-8	10-8-13-13-14-9-12-13-11-10-12-7	13-12-6-13-13-14-13-11-13-8-8-12	10-3-11-11-14-9-8-9-10-12-13-9	10-13-8-6-10-7-12-9-9-8-11-7
177	13	13-13-9-13-9-13-12-13-13-14-9-13	9-14-7-12-9-9-10-12-9-11-12-9	8-12-12-9-12-12-12-10-12-14-14-12	12-11-13-12-12-12-11-2-11-11-11-1	12-8-12-14-12-13-12-12-14-12-12-12	12-12-12-13-13-9-12-11-13-13-8-12	12-12-11-1-12-13-14-12-13-13-12-12	14-12-12-12-12-9-14-13-12-12-10-8	13-8-12-12-13-9-12-12-11-13-12-14	12-12-13-12-12-12-12-9-12-9-12-2	10-9-15-11-14-10-8-6-1-12-12-11	10-12-8-6-6-9-12-9-9-9-14-7
177	14	15-13-13-13-15-15-12-15-13-15-15-15	9-13-7-12-13-13-12-12-14-11-12-9	14-14-15-9-12-10-13-10-15-13-13-12	15-14-14-12-12-12-15-14-13-14-12-14	12-14-12-13-14-11-13-12-13-14-12-12	12-12-12-10-14-9-13-12-11-13-14-14	12-11-13-14-15-14-13-13-13-15-12-12	14-12-14-12-12-14-13-12-15-12-12-8	14-8-14-12-12-9-14-11-14-13-12-7	12-12-14-14-12-12-14-11-14-8-14-2	14-9-13-11-13-10-8-14-14-12-14-14	14-12-14-14-14-13-12-14-11-8-13-11
177	15	15-15-15-13-15-15-15-15-15-15-15-15	9-13-15-12-15-15-12-12-14-15-9-9	14-14-15-9-15-15-15-15-14-15-15-15	14-15-14-14-15-15-14-15-15-15-15-14	15-8-15-15-15-15-14-15-11-15-2-6	15-15-15-15-15-8-15-15-15-15-15-14	14-15-15-15-14-15-11-14-15-15-9-12	15-15-12-14-15-9-15-12-14-9-11-8	9-15-15-15-12-15-15-15-15-4-12-11	14-15-15-15-15-2-15-9-15-15-15-15	13-15-13-9-7-15-10-15-15-15-15-15	9-3-15-14-10-15-15-8-15-15-15-7
178	0	0-0-0-0-0-0-0-0-0-0-0-0	0-0-0-0-0-0-0-0-0-0-0-0	0-0-0-0-0-0-0-0-0-0-0-0	0-0-0-0-0-0-0-0-0-0-0-0	0-0-0-0-0-0-0-0-0-0-0-0	0-0-0-0-0-0-0-0-0-0-0-0	0-0-0-0-0-0-0-0-0-0-0-0	0-0-0-0-0-0-0-0-0-0-0-0	0-0-0-0-0-0-0-0-0-0-0-0	0-0-0-0-0-0-0-0-0-0-0-0	0-0-0-0-0-0-0-0-0-0-0-0	0-0-0-0-0-0-0-0-0-0-0-0
178	1	2-1-1-2-0-1-1-2-2-2-1-2	2-2-2-0-2-2-1-0-2-2-1-2	2-2-0-0-2-1-2-0-3-1-2-1	2-2-2-0-1-1-2-2-0-2-0-8	1-0-2-0-2-0-2-0-0-0-1-0	0-2-0-0-1-0-1-0-0-0-0-0	1-0-0-0-2-0-0-2-0-0-0-0	1-0-0-1-0-2-1-1-1-2-0-0	0-2-0-1-1-0-2-1-2-1-1-0	0-1-1-1-1-1-0-0-1-3-1-0	8-1-1-0-0-1-2-0-1-1-1-1	1-1-3-1-1-1-1-0-1-1-1-0
178	2	1-2-2-2-1-1-1-1-1-1-2-1	1-1-1-2-1-1-1-2-1-1-3-3	1-3-3-3-3-1-3-3-1-2-3-3	3-1-1-3-3-3-1-5-2-1-3-5	3-0-9-4-1-2-3-3-2-2-13-5	3-1-2-2-1-2-3-2-1-2-9-9	2-2-2-5-1-1-2-3-2-1-3-2	3-2-3-2-2-1-2-2-2-1-2-0	0-1-2-2-3-2-1-3-1-4-3-0	2-2-2-5-3-3-2-2-1-1-2-3	3-2-3-3-3-2-1-0-5-2-2-2	1-2-2-2-2-2-2-0-3-3-3-2
178	3	3-3-2-3-3-3-3-3-3-3-3-3	1-3-1-2-3-4-1-4-3-4-2-2	1-2-2-2-2-6-2-2-1-5-4-2	2-4-4-2-2-2-5-2-3-1-2-2	2-3-2-2-4-2-4-4-3-3-5-2	2-4-4-9-3-2-4-4-3-3-10-3	2-2-3-3-4-1-3-4-3-3-2-4	6-2-2-4-6-2-3-5-8-1-5-0	3-1-3-3-2-5-3-4-1-3-2-5	2-3-3-2-2-2-4-3-1-4-4-2	2-6-2-2-2-3-2-3-4-4-2-3	3-4-1-3-3-2-3-3-2-2-2-2
178	4	4-4-4-4-4-4-4-4-4-4-3-4	3-5-4-2-5-4-1-3-3-3-2-5	1-4-2-2-2-2-5-6-1-3-5-5	3-3-3-3-2-2-4-2-5-5-3-2	2-0-2-2-3-5-3-3-3-2-3-2	2-3-3-3-3-2-5-3-3-3-2-4	2-2-4-3-3-4-3-5-4-4-2-3	4-2-2-5-2-0-4-3-3-4-3-0	5-1-3-3-3-3-3-3-4-2-2-6	5-2-4-4-5-6-2-4-1-3-5-2	6-3-5-0-0-5-5-3-3-3-3-3	1-3-2-2-2-4-2-4-4-7-5-6
178	5	5-5-5-5-5-5-5-5-5-6-5-5	6-6-7-2-4-5-8-6-3-3-1-4	1-5-3-2-6-3-4-7-6-3-6-4	3-3-6-3-2-3-6-2-4-4-3-2	2-0-2-12-3-4-6-5-6-3-3-2	2-3-3-1-5-2-6-3-5-5-6-3	2-2-5-2-3-0-6-4-5-5-2-4	4-3-2-4-3-0-6-3-3-5-3-0	5-1-4-3-5-3-0-6-6-5-2-9	4-2-4-2-4-4-2-5-2-3-4-2	1-5-4-10-6-6-4-0-2-4-3-2	5-2-2-2-2-1-2-4-10-7-4-6
178	6	7-5-4-5-6-5-5-7-5-5-5-5	5-5-5-2-4-5-1-5-7-4-8-4	1-8-9-7-7-3-7-7-8-6-5-7	7-7-6-7-8-8-7-2-6-5-6-7	8-6-7-7-3-4-7-7-5-8-8-8	7-8-3-6-6-7-5-3-6-5-7-8	2-2-5-7-3-6-5-7-7-12-7-3	6-7-2-7-3-7-5-3-3-7-9-7	5-7-12-3-6-3-7-8-5-7-7-4	2-8-8-6-7-4-6-5-1-7-6-2	2-3-7-8-5-5-1-6-7-6-6-3	5-6-11-6-7-6-3-7-8-10-5-5
178	7	7-7-8-7-7-7-9-7-7-8-7-7	7-12-7-2-8-8-8-6-6-3-6-8	2-6-6-6-6-6-8-8-6-9-8-8	6-6-6-6-6-6-6-2-8-8-8-6	6-0-6-6-3-9-8-6-7-6-6-6	6-6-9-6-12-6-6-7-3-7-6-6	2-9-7-2-3-7-8-8-6-7-6-3	7-9-8-6-8-6-10-3-3-8-6-6	7-6-3-3-6-3-6-8-10-6-8-10	11-6-6-9-6-8-6-5-8-6-6-8	6-13-6-5-6-6-8-6-6-8-6-7	5-6-1-6-6-6-2-6-4-6-9-5
178	8	10-13-7-7-8-9-8-8-8-7-8-9	8-7-9-2-7-7-7-6-6-9-6-7	2-6-6-6-6-6-7-7-6-8-9-7	6-6-9-6-6-6-6-2-9-8-7-6	6-0-6-6-3-7-7-8-9-6-6-6	6-6-7-6-8-2-9-6-8-8-6-6	2-2-8-2-9-6-12-7-8-8-7-5	7-6-7-7-7-0-7-3-3-9-6-0	6-1-6-3-8-3-6-7-10-6-7-7	9-6-6-2-6-7-10-5-7-1-6-7	1-8-6-6-12-8-7-6-6-7-6-7	10-2-2-6-6-6-2-11-6-6-8-5
178	9	8-9-7-7-9-13-7-8-10-7-8-8	8-7-8-2-11-10-11-10-10-8-10-10	10-10-10-10-10-10-6-10-10-10-8-9	10-10-10-10-6-9-10-12-12-12-10-11	6-10-11-6-10-7-10-7-8-6-6-6	9-9-7-9-8-6-8-10-8-8-2-10	2-7-8-9-10-10-5-10-8-10-9-6	7-7-9-9-9-9-7-3-9-8-6-11	10-10-13-3-3-9-10-10-8-6-7-12	10-3-9-10-8-7-8-5-10-10-9-2	10-7-6-6-8-9-10-6-10-10-9-9	9-11-9-9-9-6-9-9-11-9-7-2
178	10	12-10-10-7-9-8-7-8-9-13-10-9	8-7-8-11-9-9-11-9-9-10-9-9	9-9-9-13-12-9-9-9-9-10-9-9	9-9-9-9-12-12-9-9-8-9-9-10	12-9-10-6-9-10-9-11-9-6-6-11	12-12-13-10-8-12-9-9-5-8-3-9	12-12-11-9-9-9-11-9-3-7-12-3	7-10-12-12-10-9-7-3-3-10-6-6	9-9-9-12-12-3-9-9-7-12-12-7	9-12-9-9-12-12-12-5-9-9-9-10	10-11-6-5-12-10-9-11-9-10-10-10	8-6-9-12-6-6-10-7-5-6-7-5
178	11	13-11-13-13-12-7-11-8-11-12-11-11	8-7-8-13-9-10-10-12-9-9-12-12	9-11-12-12-11-9-12-12-9-11-12-11	9-12-9-9-10-10-9-9-9-9-10-12	10-11-9-8-12-12-10-10-9-12-12-12	12-10-10-11-8-10-10-9-8-8-5-12	11-10-10-11-12-10-10-12-8-12-13-6	11-10-10-10-10-12-8-11-9-11-12-12	11-9-6-10-10-11-12-11-10-4-10-7	7-10-9-12-10-10-10-11-9-12-9-10	12-10-11-12-10-12-9-10-8-11-10-10	11-10-9-10-12-6-10-12-9-11-7-10
178	12	11-7-8-12-10-12-13-8-13-11-8-13	8-7-8-12-9-9-10-11-9-10-11-11	12-13-11-11-10-9-11-11-9-10-11-11	13-11-9-9-10-10-9-9-9-9-10-11	10-13-10-5-11-11-13-12-9-11-11-11	11-10-7-11-7-10-10-9-12-8-0-11	10-10-12-9-11-12-8-11-8-11-10-12	4-10-10-10-10-12-7-3-9-11-11-11	12-9-6-10-10-12-12-12-4-10-10-7	13-12-9-11-10-10-10-5-12-11-10-10	12-10-6-11-10-13-12-12-12-10-9-10	11-10-9-10-12-12-10-11-12-12-7-10
178	13	13-13-13-13-13-13-12-13-13-11-13-13	8-7-13-12-13-9-11-11-9-13-11-11	12-12-13-12-13-13-13-11-9-13-11-12	12-13-12-13-13-13-11-13-13-13-13-12	13-12-13-13-13-13-12-13-13-13-2-6	13-13-13-13-13-10-13-13-13-13-13-13	10-13-13-13-12-13-10-12-13-13-12-13	13-13-10-13-13-12-7-3-9-6-10-13	12-13-13-13-2-13-13-2-13-13-12-9	12-13-13-13-13-13-13-6-12-13-13-13	12-13-13-5-13-12-11-13-13-11-13-13	13-13-13-9-12-13-13-11-13-13-13-0
179	0	0-0-0-0-0-0-0-0-0-0-0-0	0-0-0-0-0-0-0-0-0-0-0-0	0-0-0-0-0-0-0-0-0-0-0-0	0-0-0-0-0-0-0-0-0-0-0-0	0-0-0-0-0-0-0-0-0-0-0-0	0-0-0-0-0-0-0-0-0-0-0-0	0-0-0-0-0-0-0-0-0-0-0-0	0-0-0-0-0-0-0-0-0-0-0-0	0-0-0-0-0-0-0-0-0-0-0-0	0-0-0-0-0-0-0-0-0-0-0-0	0-0-0-0-0-0-0-0-0-0-0-0	0-0-0-0-0-0-0-0-0-0-0-0
179	1	1-1-0-0-0-0-1-1-0-1-1-1	1-0-0-1-1-1-2-2-0-0-1-0	2-1-2-0-1-2-1-2-1-0-2-1	1-2-2-1-1-1-0-1-0-0-0-1	0-5-5-0-1-0-2-1-2-1-1-1	1-1-0-0-1-1-0-1-0-0-0-1	5-0-0-5-1-1-0-0-0-1-5-0	1-0-2-1-1-2-0-0-1-2-2-2	1-1-2-1-2-0-2-1-0-1-1-0	1-1-1-2-1-0-0-0-1-2-1-0	5-0-0-0-0-1-1-2-5-1-1-1	1-1-1-1-1-0-1-1-0-1-0-0
179	2	2-2-2-2-2-2-2-2-2-2-2-3	1-0-0-2-2-1-1-4-2-0-3-3	1-3-1-4-3-1-3-3-3-2-3-3	3-3-1-3-3-3-0-3-3-0-3-2	3-1-3-5-1-2-1-3-1-4-2-3	3-3-2-2-2-1-2-3-2-0-4-5	2-2-0-1-2-0-2-2-2-0-3-2	2-2-3-2-2-1-0-3-2-1-3-1	2-1-1-2-3-0-1-3-2-2-3-2	2-2-0-3-3-3-2-3-1-1-1-2	3-2-0-0-0-2-1-1-1-2-2-2	0-2-1-1-2-0-2-0-0-2-0-2
179	3	3-3-3-3-3-3-3-3-3-3-3-3	4-3-0-2-3-5-5-4-4-4-2-3	1-4-2-2-2-6-2-2-2-4-4-2	2-4-4-2-2-2-4-2-2-3-4-1	2-3-2-2-5-2-4-2-3-3-2-2	2-2-5-9-3-5-4-2-3-3-9-3	2-3-3-1-4-3-4-3-3-3-2-9	3-2-4-4-2-3-0-4-3-3-3-3	3-1-3-3-2-6-3-3-4-3-2-4	2-3-1-2-2-2-2-3-1-1-2-3	3-6-0-0-3-3-1-3-3-2-2-3	1-3-3-1-3-3-2-3-0-3-0-3
179	4	4-4-4-4-4-4-4-4-4-4-4-4	3-6-4-2-3-4-1-3-3-3-2-3	1-3-5-2-2-3-5-5-5-3-5-2	2-3-5-2-2-2-4-2-2-4-3-1	2-1-2-2-3-5-3-3-3-2-2-2	2-2-3-3-4-3-3-2-4-4-2-4	2-3-4-1-3-4-3-5-4-8-2-2	4-2-3-3-2-4-4-3-3-4-3-3	3-1-3-3-4-5-1-3-5-4-5-3	5-3-0-4-2-2-2-0-5-3-1-2	4-3-0-0-5-3-5-0-1-5-6-3	0-3-1-1-2-4-5-5-4-4-8-5
179	5	5-5-4-4-6-5-6-5-5-6-5-5	4-6-6-2-5-4-7-4-3-3-2-3	1-5-4-2-2-5-4-6-7-3-6-5	6-6-6-6-2-2-6-2-6-4-3-1	2-1-1-2-3-4-6-5-6-1-2-2	1-2-3-3-5-3-6-4-5-5-0-2	1-6-6-1-3-6-6-4-8-5-1-4	6-2-3-5-2-6-6-3-3-6-3-3	1-1-4-4-5-4-1-3-4-6-4-6	4-4-5-6-5-2-6-5-4-1-1-5	1-4-0-7-6-12-4-9-1-4-4-4	5-3-1-1-5-5-4-5-5-4-5-4
179	6	7-7-7-5-5-6-5-6-6-5-6-7	7-5-5-6-4-4-8-7-9-3-7-7	6-6-7-7-7-3-7-5-7-3-5-5	7-7-5-7-7-7-5-6-5-4-3-6	7-1-8-5-3-4-7-7-4-7-9-7	7-7-5-6-5-7-5-5-5-4-7-7	3-5-5-1-3-5-5-5-3-5-7-6	5-7-2-7-3-5-5-8-3-11-6-3	7-1-3-3-6-6-7-7-5-6-8-5	2-7-8-9-7-2-6-5-6-8-6-5	7-3-6-5-5-6-1-6-7-11-4-3	5-6-6-6-7-6-2-5-5-6-5-4
179	7	8-8-7-7-7-7-7-5-7-7-8-7	8-8-8-6-8-8-6-8-8-8-6-8	1-7-6-6-6-3-6-6-5-8-8-6	6-6-8-6-6-6-9-2-8-8-8-1	6-1-6-2-6-8-8-6-8-6-6-6	6-6-8-7-8-6-8-9-8-4-6-7	2-8-7-1-12-4-8-8-4-5-6-7	11-6-7-6-2-7-9-7-3-7-6-7	6-1-3-3-8-7-6-6-9-6-7-9	8-6-5-6-6-8-6-5-6-1-6-7	6-3-7-12-12-5-5-5-6-3-7-3	5-6-6-6-6-7-2-7-10-6-5-7
179	8	7-7-8-7-9-7-5-7-7-7-7-7	7-7-7-8-7-7-8-7-7-7-6-7	8-8-9-9-8-9-9-9-9-7-7-8	9-8-7-9-6-6-7-1-7-7-8-1	2-10-6-8-9-7-9-9-7-8-8-8	8-7-7-8-8-8-7-9-7-4-8-6	8-7-7-1-8-9-7-7-3-5-8-9	9-2-11-6-4-9-7-7-3-8-8-9	8-8-8-3-10-8-8-9-7-7-8-7	9-4-6-8-5-6-5-0-8-10-8-5	9-0-10-8-5-8-9-8-9-5-6-3	8-6-8-1-8-8-7-8-8-9-7-7
179	9	8-7-12-7-8-8-9-9-7-7-7-7	10-7-7-11-7-7-8-12-6-7-10-7	11-9-11-11-10-8-10-8-8-11-7-8	8-8-10-8-10-10-7-11-7-7-9-1	10-8-12-10-8-4-10-10-7-8-6-6	10-11-10-11-5-10-10-9-5-4-3-10	10-10-7-1-8-9-7-10-3-3-10-7	8-9-12-9-10-8-7-12-3-8-8-8	8-1-3-10-8-0-1-10-7-6-9-7	8-10-5-10-10-9-10-0-10-8-10-9	8-9-7-8-5-8-8-5-8-10-10-10	5-6-8-10-8-7-10-8-5-8-0-7
179	10	10-12-10-10-10-10-10-10-10-10-10-10	11-11-7-9-11-12-11-11-11-10-9-11	9-10-9-9-9-8-9-9-11-9-11-11	9-8-9-8-9-9-7-9-11-11-11-1	9-8-9-9-9-11-11-9-11-10-11-6	9-10-11-10-11-9-11-10-11-10-11-10	9-11-7-1-12-10-11-11-4-11-9-11	10-9-8-9-9-8-11-11-9-9-8-8	8-8-9-9-10-10-8-9-11-10-9-11	8-9-7-9-9-11-9-12-9-8-9-9	8-11-11-12-10-8-8-8-8-9-10-9	5-6-8-6-9-10-9-5-11-10-10-12
179	11	10-11-10-11-11-8-11-10-12-12-10-10	10-10-7-9-10-11-11-10-10-11-11-10	9-11-9-9-9-10-11-12-10-9-10-10	11-8-11-12-9-9-10-9-10-10-10-1	9-8-9-11-11-10-12-11-10-11-11-11	9-9-10-11-10-12-10-11-10-10-10-12	12-10-9-11-10-11-7-10-3-10-11-10	7-9-8-9-11-11-7-10-11-10-11-8	11-1-11-9-11-11-11-10-10-6-11-10	12-11-11-10-9-11-10-12-8-8-11-9	11-10-10-0-10-8-8-11-11-6-11-3	7-7-8-1-11-10-11-11-10-6-10-7
179	12	12-12-12-12-12-12-12-12-12-11-12-12	11-7-12-9-12-10-11-9-12-12-11-8	8-11-12-11-12-12-12-11-11-12-12-12	11-12-11-12-12-12-11-12-12-12-12-8	12-8-12-12-12-12-11-12-10-12-6-6	12-12-12-12-12-11-12-12-12-12-12-11	11-12-12-12-10-12-10-11-12-12-11-10	12-12-9-11-12-8-7-9-9-11-11-8	11-12-12-12-2-12-12-10-12-10-11-10	11-12-12-12-12-12-12-11-12-12-12-12	12-12-10-12-7-5-12-12-12-12-12-12	12-12-12-10-6-12-12-12-12-12-10-10
180	0	0-0-0-0-0-0-0-0-0-0-0-0	0-0-0-0-0-0-0-0-0-0-0-0	0-0-0-0-0-0-0-0-0-0-0-0	0-0-0-0-0-0-0-0-0-0-0-0	0-0-0-0-0-0-0-0-0-0-0-0	0-0-0-0-0-0-0-0-0-0-0-0	0-0-0-0-0-0-0-0-0-0-0-0	0-0-0-0-0-0-0-0-0-0-0-0	0-0-0-0-0-0-0-0-0-0-0-0	0-0-0-0-0-0-0-0-0-0-0-0	0-0-0-0-0-0-0-0-0-0-0-0	0-0-0-0-0-0-0-0-0-0-0-0
180	1	0-1-0-0-0-0-0-0-0-0-0-0	0-0-0-0-0-0-0-0-0-0-0-0	1-2-0-0-1-0-0-0-0-0-0-1	2-0-2-0-1-0-0-2-1-2-0-10	1-0-1-1-2-0-2-0-2-0-1-0	1-1-0-0-0-0-1-0-0-0-0-0	12-1-0-12-2-0-0-0-1-0-1-0	1-0-0-1-1-1-0-1-1-1-1-0	0-1-2-1-0-0-1-1-0-1-1-0	0-1-1-2-1-1-0-0-2-1-1-0	0-1-1-0-0-1-0-0-1-1-1-1	1-1-1-1-1-0-1-0-0-1-1-0
180	2	2-2-2-2-2-2-2-0-0-2-2-0	2-3-0-3-0-0-0-3-0-0-0-0	1-3-3-3-3-3-3-3-3-2-3-3	3-2-1-3-3-3-0-3-3-1-3-1	5-0-7-4-1-2-3-3-1-4-3-3	4-1-2-2-2-4-2-4-2-0-13-3	2-4-0-1-2-2-2-3-2-0-3-4	0-3-3-2-2-1-0-3-1-1-3-0	0-1-1-2-0-0-1-3-0-4-3-2	0-4-0-1-3-3-4-0-1-1-1-3	0-2-2-0-0-2-0-0-0-2-2-2	1-2-1-1-0-0-2-0-0-3-0-0
180	3	4-3-2-3-3-3-3-3-3-3-3-3	4-3-0-2-3-0-4-3-3-4-2-4	1-4-2-2-2-8-2-4-2-3-2-2	2-4-4-2-2-2-3-2-2-3-2-1	2-3-2-2-5-2-4-4-4-3-2-5	8-4-5-4-3-2-4-2-4-3-8-3	1-3-3-1-4-3-4-4-3-3-2-6	3-2-2-4-2-1-0-2-14-3-2-3	3-4-3-3-6-0-7-4-0-3-2-2	0-3-3-4-2-2-3-3-1-4-1-2	3-3-3-0-3-3-0-0-3-4-3-3	1-3-1-1-3-3-2-3-3-3-1-3
180	4	4-4-4-4-4-4-4-4-4-4-4-4	3-8-5-2-3-4-3-5-3-3-0-5	1-3-2-2-2-3-5-6-5-6-5-5	3-3-3-3-2-2-5-2-5-5-6-1	2-7-2-2-3-6-3-3-3-7-2-3	2-3-3-3-3-2-5-5-3-4-7-4	2-4-5-1-3-4-3-5-4-4-2-2	5-2-2-3-2-4-4-3-5-5-3-0	4-1-3-3-4-4-5-3-4-2-5-3	0-2-4-6-5-4-5-0-1-1-1-5	3-3-8-0-5-2-13-0-3-5-3-5	3-3-1-1-0-7-2-6-8-3-5-3
180	5	5-5-5-5-5-8-5-5-6-5-5-5	6-8-4-2-6-6-6-7-3-3-6-4	2-5-2-4-6-3-4-5-6-3-6-4	3-4-6-6-2-3-7-2-6-4-4-1	2-0-1-5-3-4-5-7-6-3-2-3	2-3-3-3-5-2-6-4-5-5-6-3	1-4-4-1-3-4-5-6-5-5-0-3	4-2-2-4-2-4-7-3-4-4-3-0	6-1-3-3-9-9-4-3-6-9-4-4	11-4-5-11-4-5-4-5-0-1-1-4	3-3-6-0-4-4-0-0-1-4-3-4	3-3-1-1-3-0-2-0-4-4-6-6
180	6	5-4-5-5-6-7-6-6-5-6-6-7	8-5-4-7-8-9-4-8-8-8-6-7	3-6-7-2-5-9-7-7-5-4-5-6	7-4-5-7-2-3-7-2-5-4-4-1	2-4-2-7-3-4-7-5-5-6-10-3	3-3-3-3-5-2-5-6-5-6-10-7	1-6-4-1-3-4-5-5-5-5-2-3	4-2-2-3-7-1-5-3-3-8-8-0	3-1-3-6-11-8-1-3-8-8-6-6	0-3-6-4-8-8-6-0-1-1-1-7	6-8-5-0-5-7-0-0-3-3-8-3	7-8-6-1-3-6-6-7-4-6-5-5
180	7	7-8-5-7-7-6-5-7-5-10-7-6	6-5-4-6-5-6-9-8-6-6-6-6	11-8-9-8-6-10-8-9-9-9-8-8	6-5-8-6-9-9-6-6-6-9-4-6	6-4-2-8-3-4-6-5-8-10-6-7	3-4-8-9-7-2-5-6-7-8-5-7	1-8-7-1-3-8-7-5-9-7-2-8	4-7-9-6-6-8-5-2-3-7-8-0	3-1-3-3-13-6-3-6-6-6-7-6	7-3-7-4-8-8-5-10-7-1-5-7	3-6-5-0-15-6-4-0-3-3-6-3	6-3-6-1-11-6-8-6-4-4-5-11
180	8	8-8-9-9-7-5-8-9-8-7-8-5	6-4-4-8-6-5-10-7-6-6-9-6	9-7-9-7-9-3-9-9-7-7-9-7	9-3-9-10-11-10-5-9-6-4-4-1	12-0-8-7-3-4-9-9-7-7-8-8	3-10-9-7-7-10-4-11-5-7-3-11	8-7-7-1-3-11-5-9-7-8-9-9	6-8-15-9-6-10-5-8-3-6-8-0	3-1-3-13-11-6-1-9-6-6-13-6	7-3-8-5-9-6-9-6-8-0-11-13	3-6-4-0-7-8-0-0-3-8-6-3	6-6-8-1-11-3-7-0-4-8-5-7
180	9	9-9-9-10-9-10-9-9-9-9-9-9	8-13-10-8-6-10-7-10-8-10-8-10	8-9-8-7-8-6-10-10-7-9-10-8	8-9-10-8-8-8-11-8-10-10-9-1	8-0-8-8-3-10-8-8-9-7-8-8	8-8-11-7-9-8-10-9-9-9-6-8	1-8-7-1-10-9-11-8-7-11-8-8	9-8-10-10-10-9-13-8-3-13-8-0	8-1-3-8-5-9-10-8-10-5-5-9	0-2-9-9-8-14-10-13-8-15-10-8	3-6-5-0-0-9-15-0-3-3-6-10	11-8-6-3-7-0-10-0-11-10-5-11
180	10	10-10-9-10-10-9-11-10-10-10-11-9	12-11-9-8-6-9-8-12-6-9-8-9	8-10-8-7-8-13-9-9-12-10-11-11	8-11-11-8-8-8-11-8-9-9-9-1	8-0-8-8-12-9-9-10-9-7-8-8	6-8-9-7-13-8-9-9-10-10-6-8	1-13-10-1-11-10-10-11-7-10-1-12	10-8-9-9-11-12-10-8-3-11-8-0	4-1-9-8-12-6-9-8-9-14-10-10	0-0-10-11-8-11-9-13-10-15-9-8	3-9-0-12-13-8-14-0-1-11-6-9	11-8-6-8-15-0-9-11-11-9-11-10
180	11	10-12-12-10-10-10-10-12-12-11-10-12	12-10-10-12-5-10-12-10-13-9-8-10	8-12-12-13-13-10-10-12-13-11-10-10	12-12-10-13-13-12-10-8-12-13-11-11	12-11-12-12-11-9-12-12-10-12-13-12	11-12-9-11-10-8-12-9-10-9-8-8	15-8-7-1-10-8-10-12-7-8-8-10	3-8-11-12-10-15-9-13-3-9-13-11	3-11-15-12-8-6-11-8-7-13-8-6	15-11-8-12-12-9-12-10-8-11-8-8	3-3-5-10-10-8-12-10-3-12-6-11	10-12-11-11-8-6-7-10-4-9-10-9
180	12	12-15-12-12-11-12-10-11-12-12-12-12	11-9-12-11-13-14-11-10-11-9-8-14	8-11-11-11-11-13-10-13-10-13-10-12	11-11-13-11-11-11-13-8-11-11-12-1	8-0-11-11-11-13-11-11-13-11-11-11	11-11-11-12-10-11-11-10-10-12-5-12	1-8-7-1-13-12-13-11-7-10-11-10	10-8-7-11-11-11-12-11-3-9-11-0	15-11-3-11-9-11-11-13-8-11-8-11	11-11-10-13-13-10-11-10-11-11-8-8	15-12-14-15-10-10-11-0-3-11-11-11	14-11-11-11-7-0-7-10-13-14-5-9
180	13	12-13-12-15-13-15-15-15-12-12-15-12	14-9-12-11-12-12-14-14-14-9-8-12	13-13-14-11-11-14-14-14-15-12-12-13	14-13-14-11-11-13-12-8-12-11-12-13	8-14-13-11-13-12-14-11-12-13-11-11	13-11-11-13-10-8-12-15-10-9-2-13	14-10-12-13-12-13-10-12-7-15-13-13	5-8-8-13-6-13-9-11-13-9-11-0	13-11-14-8-8-6-13-12-7-11-8-6	13-13-8-12-12-10-10-10-13-13-13-8	13-6-12-12-10-8-13-13-13-13-6-11	13-13-13-13-13-13-7-13-12-9-5-9
180	14	14-14-15-12-14-15-14-15-12-14-10-15	13-9-12-14-12-12-15-15-13-9-15-12	13-15-13-15-14-13-13-13-14-14-14-14	13-14-13-11-14-14-12-8-11-14-14-13	14-13-11-11-13-14-15-14-14-15-11-8	13-15-15-14-14-14-14-14-12-9-3-13	13-14-10-13-9-13-10-12-7-15-13-14	10-14-13-14-14-13-9-14-3-9-11-0	13-11-13-10-15-6-13-12-6-10-14-10	13-11-9-10-13-15-11-10-11-13-13-14	12-6-12-12-10-14-10-0-13-14-6-11	12-15-14-13-13-4-14-10-12-12-5-9
180	15	15-15-14-15-15-15-14-15-15-15-15-15	13-11-15-14-15-15-14-14-13-15-14-14	14-14-15-14-15-15-15-15-13-14-15-14	15-15-15-15-15-15-13-8-14-15-15-13	14-13-15-15-15-15-14-15-15-15-8-8	15-15-14-15-15-15-15-13-15-15-15-15	13-15-15-15-12-15-15-15-15-15-11-10	15-14-8-15-15-11-15-11-13-15-11-15	3-15-11-15-14-15-15-15-15-11-14-11	13-15-15-15-15-14-15-10-15-15-15-15	15-15-15-12-7-11-15-15-15-15-15-11	15-15-15-13-10-15-15-13-15-15-15-15
181	0	0-0-0-0-0-0-0-0-0-0-0-0	0-0-0-0-0-0-0-0-0-0-0-0	0-0-0-0-0-0-0-0-0-0-0-0	0-0-0-0-0-0-0-0-0-0-0-0	0-0-0-0-0-0-0-0-0-0-0-0	0-0-0-0-0-0-0-0-0-0-0-0	0-0-0-0-0-0-0-0-0-0-0-0	0-0-0-0-0-0-0-0-0-0-0-0	0-0-0-0-0-0-0-0-0-0-0-0	0-0-0-0-0-0-0-0-0-0-0-0	0-0-0-0-0-0-0-0-0-0-0-0	0-0-0-0-0-0-0-0-0-0-0-0
181	1	1-1-1-1-0-1-1-1-1-1-1-1	0-0-0-0-0-0-1-0-1-0-1-0	1-1-1-1-1-0-0-1-1-0-0-0	2-2-2-1-1-1-0-1-0-0-0-2	0-5-7-0-2-0-2-1-0-1-1-1	1-2-0-1-1-1-2-1-0-0-0-2	0-0-0-7-0-1-0-2-1-1-1-2	1-0-1-1-1-2-0-0-2-1-2-0	2-1-2-1-1-1-2-1-0-0-1-0	1-1-1-3-1-0-0-0-1-2-1-0	2-0-0-1-0-1-1-1-0-1-1-1	1-0-1-1-1-1-1-1-1-1-0-0
181	2	2-2-2-3-2-2-3-2-2-2-2-3	2-3-3-3-3-4-4-2-3-3-2-2	2-2-3-3-3-3-3-3-2-2-4-2	3-1-3-2-3-3-2-3-3-0-3-1	3-4-3-4-1-2-3-3-0-2-2-3	3-3-3-1-2-4-3-3-0-0-0-3	4-5-0-1-2-3-0-3-2-3-3-1	1-3-2-3-3-5-2-3-5-6-3-2	1-1-1-2-3-2-1-1-3-4-3-2	3-2-5-1-3-2-4-3-7-1-3-3	3-8-3-3-3-2-3-1-3-3-2-2	2-2-5-1-4-2-2-1-3-3-3-2
181	3	2-2-2-2-2-3-2-2-2-2-2-2	4-3-2-2-4-2-2-3-3-5-2-2	1-4-2-2-2-4-4-4-2-4-3-3	4-4-2-2-2-2-4-2-2-3-4-2	2-1-2-2-4-2-4-4-3-3-2-2	2-2-5-3-3-2-4-2-3-3-9-2	2-2-6-3-4-3-4-4-3-2-2-6	3-2-2-4-2-1-0-2-7-3-2-3	3-1-4-3-2-4-2-4-2-2-2-5	4-3-3-1-2-2-2-2-1-4-2-2	3-3-2-2-2-3-2-4-4-2-3-3	3-3-2-4-3-3-2-3-2-2-2-0
181	4	4-4-4-4-4-3-3-2-4-4-4-4	5-4-4-2-3-2-2-3-3-3-2-5	2-3-2-2-2-3-5-3-5-3-5-4	3-3-3-2-2-2-3-2-5-4-3-1	2-2-2-2-3-5-3-3-3-2-2-2	3-2-3-3-3-2-3-3-4-4-0-4	2-2-4-1-3-4-3-3-3-4-2-3	4-2-3-5-2-2-12-3-3-4-2-3	4-1-3-3-3-3-1-3-5-2-2-8	3-5-4-4-2-5-2-0-5-3-2-2	5-3-4-4-3-2-2-3-3-3-3-3	9-3-2-3-2-5-2-4-4-5-2-4
181	5	5-5-5-5-5-5-5-5-5-5-4-5	4-6-4-2-3-2-2-4-3-3-2-4	2-5-2-2-2-3-4-4-4-6-4-5	6-3-6-2-2-2-6-2-6-4-6-1	2-1-1-9-3-4-5-5-6-3-2-2	2-3-3-3-5-2-6-6-5-6-5-4	2-2-4-1-3-0-5-4-5-5-2-6	6-2-4-4-2-5-11-6-3-5-1-6	4-1-4-3-5-3-1-1-5-5-6-8	4-4-4-4-2-4-2-5-4-6-1-2	4-5-5-12-9-5-6-3-3-3-4-3	6-3-2-1-5-4-2-10-4-4-9-8
181	6	7-6-7-7-7-6-8-6-5-8-6-6	8-5-4-7-7-5-8-7-7-7-8-7	6-7-7-7-7-7-7-7-7-5-7-6	7-7-7-7-7-7-5-7-5-7-5-6	7-7-10-7-3-4-7-7-5-6-7-7	8-7-8-3-5-3-5-5-5-5-7-7	6-2-8-2-3-6-5-6-3-5-7-7	5-7-12-7-7-6-5-5-3-7-9-3	3-1-12-7-6-6-10-7-8-7-8-5	4-7-7-4-7-8-7-5-10-5-7-8	7-3-7-5-7-11-6-7-7-6-7-3	7-6-6-7-7-10-7-6-4-4-5-6
181	7	6-7-6-6-6-6-7-6-6-7-7-7	6-8-8-6-6-9-6-6-6-6-6-6	6-6-6-6-6-6-6-6-6-8-8-6	6-7-6-6-6-6-7-6-8-9-7-6	6-6-1-6-3-8-6-6-8-7-6-6	6-6-6-6-5-3-8-7-5-7-6-7	2-2-7-1-7-0-5-8-5-10-6-6	0-8-8-6-8-6-8-5-3-6-1-3	7-1-3-3-5-6-1-8-9-6-6-7	3-6-6-7-6-6-6-5-2-8-6-6	6-5-8-5-6-10-7-6-6-6-6-3	6-6-6-6-6-9-8-7-7-10-6-5
181	8	6-6-8-6-6-7-6-6-8-6-6-6	6-7-7-6-6-7-9-11-6-6-6-9	9-9-9-6-7-6-7-9-9-7-7-8	9-8-8-9-6-6-12-6-7-7-8-8	6-9-8-8-11-7-9-9-7-8-9-8	6-8-6-8-5-11-7-8-5-0-8-6	8-2-8-8-8-8-5-7-3-5-8-9	8-7-7-6-7-9-7-6-8-8-8-11	8-11-7-8-9-8-8-9-6-6-6-5	11-7-11-8-6-6-7-5-8-11-8-6	9-8-7-11-6-6-9-8-9-6-7-8	8-5-8-8-8-6-7-11-8-8-6-5
181	9	6-9-10-6-9-9-6-6-6-7-9-8	6-5-7-10-6-7-8-8-8-6-6-8	8-8-8-11-11-11-10-8-8-10-8-9	8-8-8-11-10-10-8-6-10-7-9-8	11-8-2-10-8-9-10-10-7-9-11-6	11-6-10-9-5-8-10-9-5-4-3-6	10-11-4-8-10-9-5-8-3-12-10-8	8-9-10-10-9-8-7-12-3-8-8-8	8-8-10-10-12-6-8-10-7-6-9-9	10-10-8-8-10-10-6-5-8-8-6-9	8-9-7-5-5-6-8-6-8-10-9-9	4-9-8-9-8-7-7-8-4-8-5-0
181	10	10-12-10-10-10-12-11-12-11-10-10-10	10-11-10-9-11-11-6-8-12-11-6-11	8-8-9-9-9-9-9-8-11-9-11-9	8-8-10-9-9-9-8-6-9-10-9-8	9-8-6-9-8-9-9-9-10-9-11-6	9-6-9-10-5-8-11-10-11-11-10-7	9-9-10-1-9-10-11-9-8-7-9-12	8-9-9-9-9-8-11-7-9-10-8-8	10-8-9-9-10-11-10-9-10-5-9-11	9-9-10-11-9-9-6-5-6-8-6-9	10-9-12-8-7-12-8-11-8-9-6-9	11-9-9-6-6-11-7-12-8-8-5-6
181	11	6-10-11-12-9-10-10-12-10-12-12-12	12-10-10-9-10-11-12-12-10-10-6-12	12-8-8-9-9-9-11-12-10-9-10-11	11-8-11-9-9-11-8-6-10-10-9-11	9-11-11-9-8-10-12-9-10-11-11-11	9-11-9-11-5-8-10-9-10-10-10-12	9-9-10-11-10-11-10-11-3-11-11-11	11-9-3-11-11-8-10-9-12-11-8-8	3-8-11-11-11-10-11-8-10-6-11-10	8-11-11-10-11-11-11-5-11-8-11-11	11-11-10-8-7-6-8-10-11-11-11-3	10-11-11-11-11-10-11-8-4-8-5-11
181	12	12-12-12-12-12-12-11-12-12-12-12-12	11-10-12-6-12-12-11-11-10-12-8-11	11-12-12-9-12-11-12-12-8-12-12-12	11-12-12-11-12-12-8-12-12-12-12-11	9-11-11-12-12-12-11-12-10-12-9-6	12-12-12-12-12-8-12-12-12-12-12-12	11-12-12-12-9-12-12-11-12-12-10-10	12-12-6-12-12-8-12-9-11-12-11-8	3-12-12-12-9-12-12-9-12-6-11-10	12-12-12-12-12-12-12-6-12-12-12-12	11-12-10-5-7-10-8-12-12-12-12-12	12-12-12-4-11-12-12-8-12-12-5-0
182	0	0-0-0-0-0-0-0-0-0-0-0-0	0-0-0-0-0-0-0-0-0-0-0-0	0-0-0-0-0-0-0-0-0-0-0-0	0-0-0-0-0-0-0-0-0-0-0-0	0-0-0-0-0-0-0-0-0-0-0-0	0-0-0-0-0-0-0-0-0-0-0-0	0-0-0-0-0-0-0-0-0-0-0-0	0-0-0-0-0-0-0-0-0-0-0-0	0-0-0-0-0-0-0-0-0-0-0-0	0-0-0-0-0-0-0-0-0-0-0-0	0-0-0-0-0-0-0-0-0-0-0-0	0-0-0-0-0-0-0-0-0-0-0-0
182	1	1-1-1-1-1-1-1-1-2-1-1-1	0-1-2-1-0-2-0-1-1-0-1-2	1-2-2-2-2-2-2-2-2-2-2-1	2-0-2-2-2-2-0-4-1-0-2-1	2-0-1-3-0-1-2-2-0-0-3-2	1-2-2-0-0-4-1-2-1-1-0-4	1-1-1-1-0-1-1-2-0-1-2-2	0-1-4-2-1-0-1-1-1-0-2-0	0-0-0-0-2-1-0-2-2-1-2-0	2-1-3-0-2-2-3-1-4-0-0-4	12-1-2-0-3-3-0-1-0-1-0-1	0-1-1-1-4-1-3-0-0-0-0-2
182	2	1-2-1-2-2-2-1-2-1-2-2-2	3-2-1-1-2-1-3-2-3-3-1-2	7-3-1-1-1-7-3-1-1-4-3-3	4-3-3-1-1-4-2-1-2-2-1-1	1-0-1-1-3-2-3-3-2-2-4-1	8-3-4-3-2-1-3-1-2-2-11-2	3-2-2-2-3-2-2-3-2-3-1-5	2-1-2-3-2-1-2-3-5-0-4-0	2-6-2-2-1-4-2-3-1-1-1-0	3-2-2-1-1-1-1-3-0-0-2-1	7-2-1-0-1-2-0-2-5-3-3-2	4-2-4-3-2-2-2-0-2-0-1-1
182	3	3-3-3-3-3-3-3-3-3-3-3-3	2-3-4-0-2-3-2-4-2-2-1-4	2-2-1-1-4-2-4-5-4-5-4-4	2-2-2-2-1-1-4-1-3-4-5-1	1-0-1-1-2-5-2-2-2-5-5-1	2-2-2-2-2-1-4-4-2-3-3-3	2-2-4-2-2-5-4-4-3-3-2-2	4-1-2-4-1-0-3-2-4-4-2-0	3-2-2-2-3-2-0-2-4-1-4-0	2-2-3-5-1-1-4-2-1-0-0-1	0-2-7-0-4-1-0-2-2-4-2-4	3-2-1-2-0-3-1-0-7-2-3-1
182	4	5-4-4-4-4-4-4-4-6-4-4-4	5-3-3-1-5-5-1-6-2-2-5-3	8-4-1-1-5-2-3-6-5-2-5-3	2-6-5-5-1-2-4-1-5-3-3-1	1-0-1-4-2-3-4-4-5-6-2-1	2-2-2-0-4-1-5-3-4-4-5-1	2-2-3-2-2-4-5-5-4-4-1-2	3-1-1-3-2-0-7-2-3-3-2-0	5-2-3-2-4-2-0-2-3-4-3-5	5-1-4-7-1-4-3-5-1-0-6-1	5-2-5-5-3-1-0-7-2-3-2-3	5-2-2-2-1-4-1-0-5-0-5-5
182	5	4-3-4-5-5-6-4-7-4-5-6-4	6-4-3-1-8-4-1-4-8-7-5-6	2-5-6-1-4-8-6-6-4-3-4-5	6-6-4-6-1-2-5-1-4-3-3-6	6-3-1-6-2-3-6-4-4-5-3-1	2-2-6-2-4-1-4-5-4-5-4-6	2-2-3-2-2-4-4-4-4-4-1-2	3-1-2-6-5-0-4-2-2-4-5-0	4-2-2-5-0-5-7-6-5-7-5-5	4-2-5-3-1-7-7-4-1-0-2-1	5-8-4-4-4-6-0-5-2-2-7-2	5-7-5-6-5-5-5-5-3-6-4-4
182	6	6-7-7-6-6-6-4-6-4-6-7-5	5-8-3-1-4-5-11-7-5-5-7-5	2-7-8-9-7-5-7-9-7-8-7-7	5-4-6-5-8-8-4-11-8-7-10-5	5-3-1-7-2-3-5-4-7-8-5-6	2-5-7-7-6-1-4-5-6-6-4-5	2-6-6-2-2-6-6-4-6-10-1-5	3-6-8-5-5-0-4-2-2-6-5-0	2-2-2-2-2-5-1-5-5-5-6-5	6-2-6-5-1-5-4-8-6-0-2-6	2-5-8-0-7-5-5-2-2-2-5-2	5-2-5-5-5-5-10-5-3-5-4-4
182	7	7-6-6-6-7-6-7-5-7-6-6-4	6-3-3-7-5-5-6-6-5-5-6-5	8-6-8-6-6-2-6-6-6-6-6-6	8-8-8-6-9-9-4-10-5-6-3-7	9-7-13-6-2-3-8-8-5-6-9-10	2-9-8-6-6-10-3-3-4-6-2-9	10-6-6-0-8-7-5-8-6-7-7-10	5-7-10-8-5-7-4-10-2-8-7-0	2-2-2-8-7-5-2-8-5-5-7-5	8-2-7-3-8-5-4-4-8-8-7-7	2-5-3-4-6-7-0-8-8-7-5-7	5-5-8-7-10-5-6-5-3-7-4-5
182	8	8-9-8-8-8-8-8-9-8-9-9-11	9-12-10-7-9-8-10-9-5-8-6-9	7-8-6-6-7-10-9-6-6-6-9-6	7-8-7-7-6-6-9-7-9-9-8-7	7-0-7-7-2-10-7-7-8-6-7-7	2-7-12-6-8-7-9-8-10-8-5-7	2-8-8-0-9-8-10-10-6-10-7-12	8-7-6-9-7-7-10-7-2-8-7-0	7-8-9-7-12-5-7-7-5-4-7-9	7-2-8-9-7-9-7-6-9-7-9-7	9-5-6-8-12-7-0-9-2-2-5-7	10-2-5-7-12-7-9-6-11-7-13-4
182	9	9-9-8-9-12-9-9-9-11-9-9-9	8-11-9-7-8-13-10-8-6-12-7-8	7-9-6-6-7-8-8-6-10-10-8-8	7-9-10-5-6-7-10-7-10-10-9-7	7-0-7-7-12-8-10-9-10-6-7-7	7-7-7-6-9-7-10-8-9-9-5-7	2-10-9-0-8-8-10-8-6-9-0-9	9-7-8-8-7-12-8-7-2-9-7-0	8-12-8-7-9-5-0-7-5-9-9-10	8-2-8-8-1-7-10-10-8-12-8-8	8-5-13-11-10-7-0-12-2-2-5-7	11-5-5-9-13-9-8-9-11-7-8-9
182	10	11-9-9-11-13-9-9-13-11-11-9-13	8-9-8-10-11-10-12-11-11-12-11-11	11-10-11-6-7-12-11-11-11-9-9-10	11-11-11-6-6-7-9-7-9-12-9-11	7-11-11-9-11-8-9-6-9-6-7-7	10-10-8-7-10-7-9-9-6-9-0-7	10-9-9-10-9-11-9-8-9-6-10-7	9-7-7-8-10-10-8-7-10-10-10-11	11-10-11-7-7-5-11-10-5-10-7-9	10-2-10-10-10-8-9-9-10-11-10-7	10-5-9-9-9-13-10-11-10-10-5-10	8-9-10-10-10-10-6-10-3-10-4-4
182	11	9-13-13-11-9-11-9-11-11-10-12-13	8-9-8-12-10-10-10-10-10-12-11-10	10-12-10-13-11-13-10-10-10-12-11-11	10-10-10-12-11-11-10-7-9-10-11-10	11-10-10-6-10-11-12-11-10-6-7-7	11-13-13-12-10-12-11-11-9-9-2-12	11-12-8-10-11-10-11-12-6-6-11-11	9-7-13-11-11-10-8-8-2-11-10-10	10-10-10-11-13-5-10-10-5-9-11-9	11-2-9-10-11-11-11-9-10-10-10-11	10-5-9-9-9-12-0-10-10-11-5-7	9-11-10-10-11-9-6-10-8-12-4-4
182	12	9-12-13-11-9-13-9-12-12-13-11-9	13-9-9-11-13-13-10-13-13-11-13-13	11-11-11-11-12-10-12-13-13-11-12-12	13-12-12-13-11-11-13-10-9-10-12-10	12-12-10-12-11-11-13-13-10-12-12-11	12-13-8-12-11-11-11-11-9-9-0-11	13-11-12-13-12-12-11-11-9-9-13-8	13-7-10-11-9-11-11-9-12-9-12-13	12-12-12-12-8-12-12-12-5-10-11-7	8-13-10-10-11-11-9-12-10-13-12-11	1-1-12-9-9-11-10-12-8-11-5-12	13-11-12-10-13-9-11-12-12-12-8-8
182	13	13-13-11-13-13-13-13-13-13-12-13-13	12-9-13-11-13-12-12-12-10-13-12-12	11-11-13-11-13-13-13-13-12-13-13-13	12-13-12-12-13-13-12-7-13-13-13-10	12-10-13-13-12-13-12-12-13-13-7-7	13-13-11-11-13-7-13-13-13-13-13-13	11-13-13-13-8-13-5-13-13-13-12-13	13-11-11-13-13-12-8-7-11-10-12-12	12-13-13-13-11-13-13-13-13-10-11-10	10-13-13-13-13-5-13-12-13-13-13-13	13-13-9-9-11-10-13-12-13-13-5-13	13-2-13-10-12-13-13-13-13-13-8-13
183	0	0-0-0-0-0-0-0-0-0-0-0-0	0-0-0-0-0-0-0-0-0-0-0-0	0-0-0-0-0-0-0-0-0-0-0-0	0-0-0-0-0-0-0-0-0-0-0-0	0-0-0-0-0-0-0-0-0-0-0-0	0-0-0-0-0-0-0-0-0-0-0-0	0-0-0-0-0-0-0-0-0-0-0-0	0-0-0-0-0-0-0-0-0-0-0-0	0-0-0-0-0-0-0-0-0-0-0-0	0-0-0-0-0-0-0-0-0-0-0-0	0-0-0-0-0-0-0-0-0-0-0-0	0-0-0-0-0-0-0-0-0-0-0-0
183	1	1-1-1-1-1-1-1-1-1-1-1-1	1-1-1-3-1-1-0-1-1-1-1-2	0-2-0-2-2-0-2-0-0-1-1-2	2-0-0-2-2-2-0-2-2-0-2-0	2-0-0-3-0-1-2-2-1-1-3-0	2-0-2-1-1-2-1-1-1-1-0-0	1-3-1-1-0-1-1-2-1-1-2-1	1-1-3-1-1-0-1-1-1-0-1-0	0-0-1-0-2-1-0-2-1-0-1-1	1-1-1-2-2-2-3-1-4-0-0-1	2-1-1-0-1-1-0-1-0-1-1-1	0-1-1-1-0-1-1-0-0-0-2-1
183	2	2-2-2-2-2-2-2-2-2-2-2-2	3-2-1-1-2-2-3-2-2-3-1-2	5-3-0-1-1-5-1-3-2-4-2-1	3-3-3-1-1-4-2-1-1-2-5-0	1-0-0-1-3-1-3-1-2-2-4-4	1-4-4-5-2-1-3-2-2-2-2-2	2-1-2-2-2-0-2-3-2-2-1-5	2-2-1-3-2-2-2-3-2-2-2-0	2-2-2-3-1-2-2-3-2-2-1-2	3-2-2-2-1-1-2-2-1-2-2-1	1-5-2-0-2-2-0-2-2-6-2-2	4-2-2-3-1-2-5-2-2-0-1-2
183	3	3-3-3-3-3-3-3-3-3-3-3-3	2-3-4-1-2-3-2-4-2-2-1-5	0-2-0-4-4-2-4-5-4-5-4-4	2-2-2-1-1-2-4-1-4-4-4-0	1-0-0-1-2-4-2-2-2-1-5-2	2-2-2-3-2-1-4-2-2-3-3-3	2-1-4-2-2-3-2-4-3-3-1-2	4-1-1-2-2-3-2-2-4-4-2-0	3-2-2-2-3-2-3-2-4-2-4-2	2-1-3-5-1-1-4-2-1-2-0-1	0-2-5-3-4-3-0-2-2-4-2-4	2-2-1-2-0-3-1-3-3-4-3-5
183	4	4-4-4-4-4-4-4-4-5-4-4-4	5-5-3-1-5-5-0-3-2-2-1-3	0-4-4-3-3-2-3-5-3-2-5-3	2-2-5-4-1-2-4-1-5-3-3-0	1-0-0-9-2-3-5-4-5-2-2-2	1-2-2-1-4-1-5-2-4-4-8-2	2-1-3-0-2-4-5-3-4-4-0-2	3-1-1-3-2-0-5-5-3-3-2-0	4-2-3-2-4-2-6-2-5-4-3-8	2-1-4-3-1-4-3-5-1-2-0-1	0-2-5-6-3-3-0-2-0-3-2-3	2-2-2-12-0-4-1-3-3-3-5-5
183	5	4-3-4-4-5-4-4-5-4-5-3-4	4-3-3-1-4-4-6-4-5-2-6-3	8-6-6-6-6-2-6-6-6-3-4-6	6-6-4-6-6-6-4-5-4-4-2-8	6-0-6-6-2-3-6-6-4-6-6-6	6-2-6-2-8-6-4-5-4-4-2-2	2-1-2-0-2-4-4-6-4-4-6-2	3-6-6-6-2-5-4-4-2-6-5-0	4-0-4-2-7-2-0-6-4-6-7-5	2-6-5-3-6-5-5-4-1-2-5-6	2-2-4-5-4-6-0-5-5-1-11-2	4-5-5-5-6-5-2-0-3-5-4-4
183	6	6-6-6-6-6-6-6-6-6-6-6-6	2-7-6-1-7-6-5-7-5-6-5-6	5-6-5-5-5-5-5-5-6-7-7-5	5-5-5-5-5-5-8-5-7-8-6-5	5-0-5-5-2-7-7-5-7-6-5-5	5-2-9-6-9-5-7-6-6-3-4-6	2-7-6-2-12-6-7-5-3-6-5-2	6-5-7-5-7-5-8-5-2-6-5-0	6-6-2-5-4-2-6-5-9-5-6-11	5-5-8-6-5-2-5-9-1-2-5-5	0-2-3-11-8-5-0-5-0-2-7-2	6-5-5-5-5-5-1-6-4-6-4-6
183	7	7-6-6-6-7-7-8-6-7-6-8-6	3-6-6-1-6-6-7-9-8-8-7-8	7-8-8-5-7-8-8-8-8-6-6-7	7-8-5-5-5-8-9-5-6-7-7-8	5-8-5-7-8-6-8-8-6-7-7-7	10-7-6-7-6-8-6-6-6-3-1-8	7-6-7-7-7-7-6-8-7-6-7-7	4-6-8-6-6-8-6-5-2-7-8-8	7-8-6-5-5-7-7-7-6-2-5-7	8-8-6-8-8-5-6-2-8-8-8-1	8-1-10-8-7-8-8-5-8-10-6-7	7-2-7-4-7-5-1-8-7-8-4-6
183	8	7-8-6-8-8-6-8-8-7-8-7-6	9-6-6-8-6-10-8-10-7-10-9-7	5-7-7-9-8-10-7-7-7-7-7-7	7-7-7-9-10-7-6-5-9-6-9-7	10-7-8-5-8-6-7-9-6-6-5-9	9-7-5-10-6-9-6-8-9-8-8-7	9-10-11-9-7-9-4-7-8-8-8-9	3-9-9-9-9-7-6-5-2-7-7-7	7-7-8-7-8-8-8-7-6-9-8-6	7-8-6-7-9-8-10-10-7-7-7-9	7-2-5-7-6-7-7-8-7-1-6-7	7-2-7-8-7-5-10-7-7-7-8-9
183	9	9-10-6-9-10-9-6-9-9-8-9-7	9-6-4-8-6-8-11-7-7-7-8-12	12-10-10-8-9-10-10-9-10-9-10-9	9-7-10-8-8-8-9-5-8-8-8-10	8-10-8-4-11-9-10-10-6-9-9-9	8-10-6-10-6-12-6-8-8-3-1-7	8-1-6-9-7-8-4-10-9-4-10-11	9-8-11-8-8-10-6-5-2-7-7-11	9-11-10-10-8-8-11-10-6-2-8-10	10-10-9-7-10-8-10-6-11-11-10-8	10-10-10-7-9-11-9-9-10-10-6-9	7-10-10-10-9-9-10-9-7-11-8-8
183	10	10-9-12-10-10-7-11-10-10-10-12-10	11-11-11-9-11-11-9-11-12-10-7-9	9-9-9-8-12-9-11-9-9-9-11-9	10-10-12-10-8-9-10-5-11-11-11-9	8-9-8-5-9-10-9-9-10-9-10-8	9-9-6-9-10-9-10-10-10-10-1-10	8-11-10-9-11-8-9-9-10-10-9-12	3-8-9-8-8-9-10-5-2-10-9-9	9-9-9-9-10-9-9-9-9-11-8-9	9-9-10-12-9-8-8-8-9-9-9-10	9-9-11-9-9-8-9-9-9-9-5-10	11-9-9-9-9-5-8-10-7-9-8-6
183	11	10-10-12-12-10-12-12-12-9-12-11-10	10-10-10-12-10-10-9-10-10-10-12-12	9-11-12-8-11-11-10-12-12-11-10-11	11-9-11-11-11-11-10-5-10-10-10-11	11-9-11-8-9-10-12-11-10-11-11-12	11-11-12-11-11-9-10-11-10-3-2-11	11-6-10-11-10-9-4-11-2-11-11-9	9-11-9-11-11-9-6-11-11-10-11-9	9-9-9-11-9-8-9-9-10-10-11-6	11-11-5-7-11-11-11-6-9-9-9-10	9-2-10-7-12-11-9-9-11-11-11-11	10-11-9-11-11-5-11-10-10-9-4-6
183	12	12-12-12-12-12-12-11-12-12-12-12-12	10-10-12-11-12-10-11-11-10-12-11-9	9-9-12-11-12-12-11-12-11-12-12-12	11-12-10-12-12-12-10-12-12-12-12-9	12-9-11-12-9-12-11-12-10-12-5-5	12-12-12-12-12-9-12-12-12-12-12-11	11-12-12-12-10-12-12-12-12-12-10-10	12-12-10-12-12-9-6-5-11-12-11-9	9-9-12-12-11-12-12-10-12-2-11-6	7-12-12-10-12-12-12-11-12-12-12-12	9-12-12-12-11-9-9-12-12-12-12-12	12-12-12-9-12-12-12-9-12-12-12-6
184	0	0-0-0-0-0-0-0-0-0-0-0-0	0-0-0-0-0-0-0-0-0-0-0-0	0-0-0-0-0-0-0-0-0-0-0-0	0-0-0-0-0-0-0-0-0-0-0-0	0-0-0-0-0-0-0-0-0-0-0-0	0-0-0-0-0-0-0-0-0-0-0-0	0-0-0-0-0-0-0-0-0-0-0-0	0-0-0-0-0-0-0-0-0-0-0-0	0-0-0-0-0-0-0-0-0-0-0-0	0-0-0-0-0-0-0-0-0-0-0-0	0-0-0-0-0-0-0-0-0-0-0-0	0-0-0-0-0-0-0-0-0-0-0-0
184	1	1-1-1-2-1-1-1-1-1-2-1-1	2-1-2-0-2-2-2-2-2-2-2-1	1-2-2-2-3-2-2-0-3-2-4-1	0-0-2-2-0-0-3-3-2-2-2-0	10-0-3-0-0-2-0-1-0-2-2-0	2-2-2-1-0-3-1-3-2-1-9-1	9-1-1-2-2-1-2-2-0-1-0-2	2-1-2-0-1-2-3-0-1-1-2-1	1-0-1-1-2-2-2-1-2-2-1-1	2-2-1-1-1-3-2-1-0-2-1-1	2-2-2-0-2-1-1-0-0-2-3-1	2-0-1-1-1-2-3-4-2-1-1-2
184	2	1-1-1-1-1-1-1-1-1-1-1-1	1-1-1-2-1-1-1-4-1-1-1-3	4-1-1-1-4-1-3-3-1-2-2-3	3-1-1-1-4-2-0-4-1-1-3-2	4-0-5-4-3-3-2-3-2-1-1-5	1-1-2-2-2-0-2-1-1-1-0-3	2-1-1-1-1-2-1-1-0-2-2-1	1-2-1-2-2-1-1-3-2-1-3-1	2-0-1-2-1-1-1-2-1-1-2-1	1-2-1-1-5-1-1-1-0-1-2-1	1-1-1-0-1-1-0-1-1-1-1-0	1-2-2-2-1-1-1-1-1-2-3-1
184	3	1-1-1-1-1-1-1-1-1-1-1-1	1-1-1-2-1-1-1-4-3-4-2-3	2-4-4-1-2-6-2-4-1-4-3-2	2-4-4-4-2-5-1-1-1-3-2-2	2-1-1-2-4-2-4-4-3-3-1-2	6-4-5-4-3-1-4-1-3-3-10-3	2-3-1-6-4-3-1-3-0-1-2-4	3-2-2-4-2-1-1-2-6-4-2-1	3-0-3-3-4-1-3-2-1-1-2-0	3-3-3-1-3-4-3-1-4-4-3-4	6-1-3-0-4-3-0-3-3-4-1-3	1-3-3-3-3-1-3-0-2-3-2-1
184	4	4-3-4-4-4-4-1-1-4-5-4-4	1-6-5-2-1-1-2-3-1-3-3-6	2-4-3-5-2-3-5-3-1-3-5-5	3-3-3-3-2-3-5-2-5-4-5-2	2-0-2-2-3-5-3-3-3-3-1-2	1-3-3-3-3-1-5-3-3-4-0-4	2-5-1-3-3-4-5-5-0-5-2-3	4-2-5-5-2-1-4-3-3-3-2-0	4-2-3-3-4-1-3-2-2-4-2-6	1-3-4-4-5-3-5-8-5-3-3-3	3-1-5-1-3-5-6-1-3-3-1-3	1-5-2-3-1-1-3-1-1-4-1-1
184	5	5-5-5-6-5-4-5-5-5-4-5-5	6-6-4-1-4-6-7-6-3-6-2-6	2-5-7-4-2-3-4-6-7-3-6-6	6-6-6-4-2-3-4-2-6-6-3-2	2-0-2-2-3-4-6-5-6-3-1-2	2-3-3-3-5-1-6-6-5-10-6-3	2-6-1-3-5-4-6-6-0-5-2-7	5-5-4-4-2-7-6-6-3-6-3-1	3-2-3-3-5-1-3-2-10-6-2-1	8-3-5-6-2-6-6-6-4-1-5-5	3-3-4-5-10-4-4-3-3-3-1-3	4-4-2-5-3-1-1-9-5-6-6-1
184	6	6-5-5-5-6-4-5-6-6-4-4-5	5-5-4-2-1-5-9-7-7-5-7-4	5-7-7-7-7-3-7-7-7-5-5-5	7-7-5-7-7-7-4-10-5-5-5-7	7-8-8-7-3-4-7-7-5-7-7-7	7-7-7-9-6-7-5-5-5-5-5-7	11-5-1-3-5-4-5-5-0-11-7-7	3-9-3-7-2-7-11-8-3-7-6-1	3-0-3-3-6-7-3-2-6-5-8-8	11-3-8-5-7-5-5-5-6-7-6-8	3-3-5-5-5-8-4-3-3-3-6-3	4-6-6-6-3-6-1-1-5-5-5-4
184	7	5-11-7-7-7-7-7-7-8-4-7-7	7-8-7-1-8-8-10-7-6-5-6-8	11-7-6-6-6-3-6-6-6-8-8-7	6-7-6-6-6-6-9-6-8-7-8-6	6-0-2-6-9-8-6-6-8-6-6-6	6-6-6-4-5-6-8-7-5-5-6-6	3-8-7-3-7-4-8-8-5-10-6-7	4-6-1-6-2-5-8-7-3-7-6-1	4-7-3-3-5-7-5-8-10-6-7-10	1-3-7-8-6-5-6-5-0-7-6-6	7-7-10-7-10-6-4-1-3-3-1-3	1-7-11-3-1-7-7-5-10-7-8-1
184	8	8-7-7-9-9-9-11-11-7-1-11-9	9-7-7-8-7-9-10-11-10-5-9-10	10-9-9-9-8-9-9-8-9-9-7-8	9-8-9-6-6-9-7-6-7-7-8-8	6-9-6-6-9-7-9-9-7-8-8-9	9-8-7-8-8-10-7-9-8-5-1-9	8-7-7-9-8-8-7-9-8-6-8-9	8-2-9-7-8-9-7-6-3-8-8-9	8-8-9-9-10-1-8-10-9-9-6-7	6-3-6-9-9-5-5-5-8-10-10-6	9-9-5-9-1-8-9-8-10-3-1-3	8-3-8-8-8-1-1-8-7-8-7-1
184	9	9-11-9-11-9-8-10-9-9-9-9-8	9-10-7-8-9-8-8-8-10-7-8-8	8-8-8-10-8-10-8-8-8-10-10-9	8-8-8-9-6-8-7-6-9-10-9-8	6-8-6-6-9-9-8-8-7-8-6-6	8-8-6-9-8-8-10-9-10-9-1-8	1-10-7-9-8-4-5-8-9-9-9-9	1-6-8-6-9-8-10-6-3-9-8-8	4-8-8-8-5-7-9-10-8-9-6-7	6-3-5-11-9-10-1-5-8-8-8-9	8-8-9-8-5-8-8-8-8-1-9-9	1-11-8-6-8-9-7-5-7-9-7-9
184	10	9-9-9-11-9-9-9-11-9-11-9-11	10-9-9-10-8-8-8-8-9-8-8-11	8-10-11-9-10-11-10-8-9-9-9-10	11-8-10-10-10-10-7-6-10-9-9-8	11-8-10-10-0-10-11-10-10-6-10-6	10-10-11-8-8-8-9-10-9-5-3-7	11-9-7-10-9-8-10-11-10-9-10-10	10-10-10-10-10-8-9-11-10-8-10-8	3-8-10-10-11-1-10-8-7-5-10-7	10-10-6-7-10-11-10-5-8-8-8-10	8-10-7-8-5-8-8-10-8-10-1-10	10-7-8-10-10-7-10-7-7-8-7-9
184	11	11-11-11-11-11-11-11-11-11-10-11-11	9-7-11-10-11-9-8-8-9-11-8-10	9-10-11-10-11-10-11-11-8-11-11-10	10-11-11-10-11-11-10-11-11-11-11-8	10-8-11-11-11-11-10-11-10-11-6-6	11-11-10-11-11-8-9-11-11-11-11-11	10-11-11-11-9-11-11-10-11-11-10-10	11-11-10-11-11-8-6-10-10-9-10-8	8-11-3-8-10-11-11-10-11-10-10-8	6-11-11-11-11-10-11-10-11-11-11-11	8-11-5-8-10-8-8-11-11-11-11-10	11-11-11-10-11-11-11-8-11-11-11-1
185	0	0-0-0-0-0-0-0-0-0-0-0-0	0-0-0-0-0-0-0-0-0-0-0-0	0-0-0-0-0-0-0-0-0-0-0-0	0-0-0-0-0-0-0-0-0-0-0-0	0-0-0-0-0-0-0-0-0-0-0-0	0-0-0-0-0-0-0-0-0-0-0-0	0-0-0-0-0-0-0-0-0-0-0-0	0-0-0-0-0-0-0-0-0-0-0-0	0-0-0-0-0-0-0-0-0-0-0-0	0-0-0-0-0-0-0-0-0-0-0-0	0-0-0-0-0-0-0-0-0-0-0-0	0-0-0-0-0-0-0-0-0-0-0-0
185	1	1-1-1-1-1-1-1-1-1-1-1-1	1-0-0-1-0-1-0-0-1-1-1-0	3-0-2-1-2-2-2-0-0-0-2-2	2-0-2-4-2-2-0-4-2-0-2-0	2-0-1-3-0-1-2-2-0-0-3-2	2-0-2-0-0-4-1-2-1-1-3-0	1-1-1-0-0-1-1-2-1-1-5-0	1-1-3-1-1-0-1-2-1-0-2-0	0-0-0-0-2-1-0-0-3-1-1-1	0-1-1-0-2-2-1-1-4-0-2-1	0-1-3-0-1-0-0-0-0-1-1-1	1-1-1-1-0-1-1-0-0-2-2-1
185	2	2-2-2-2-2-2-2-2-2-2-2-2	3-2-2-1-2-2-3-2-2-3-1-2	0-3-1-1-1-3-1-3-0-4-3-1	4-3-1-1-1-1-2-1-1-2-1-0	1-0-1-1-3-1-3-3-3-2-4-1	1-3-4-3-2-1-3-2-2-2-7-2	4-2-2-2-3-2-2-3-2-2-1-3	2-1-7-3-2-2-2-4-5-0-4-7	2-6-2-2-1-2-2-3-1-2-1-2	3-2-2-3-1-1-1-2-3-5-1-1	2-2-2-0-2-2-0-2-3-3-2-2	2-2-1-2-2-2-2-2-1-3-1-3
185	3	3-3-3-3-3-3-3-3-3-3-3-3	2-3-3-1-2-3-2-4-2-2-1-4	1-2-2-1-1-2-4-5-4-5-4-4	2-2-4-1-1-1-4-1-4-4-5-0	1-5-1-1-2-5-2-4-2-6-1-1	2-2-2-2-2-1-4-4-2-3-3-3	2-3-3-2-2-3-4-4-3-3-1-2	4-1-1-2-3-3-3-2-4-3-2-0	3-2-2-2-3-2-3-2-4-3-4-2	2-2-3-5-1-3-4-1-1-2-1-1	3-2-4-3-4-4-0-2-2-4-2-4	3-2-1-2-4-3-1-3-5-2-3-2
185	4	4-4-4-4-4-4-4-4-5-4-4-4	4-5-3-1-4-5-1-6-2-2-5-3	0-4-4-3-5-2-3-4-5-2-5-3	2-6-5-5-1-2-4-1-5-3-3-0	1-0-0-4-2-3-4-6-5-6-2-1	1-2-2-0-4-1-5-3-4-4-5-2	2-3-3-0-2-4-4-5-4-4-1-4	3-1-2-3-2-0-6-2-3-3-2-0	5-2-3-2-4-2-7-2-4-4-3-5	2-1-4-7-4-4-3-5-1-2-6-1	2-2-5-5-3-3-0-9-9-3-2-3	2-2-1-2-6-4-2-3-3-3-5-5
185	5	4-3-4-5-5-5-4-5-4-5-5-6	6-4-3-6-5-5-3-4-6-7-5-6	1-5-6-6-4-5-6-6-4-3-4-5	6-6-4-6-7-1-6-1-4-3-3-6	6-3-1-10-2-3-6-4-4-3-3-1	2-2-6-2-4-1-4-5-4-5-4-6	2-7-3-2-2-3-4-4-4-4-1-6	3-1-2-6-5-5-4-2-2-3-7-0	4-2-2-5-0-6-2-6-7-6-5-7	4-2-5-3-7-7-5-4-1-2-1-1	5-7-4-4-4-6-0-2-2-2-7-2	5-7-5-6-5-5-5-5-3-5-4-4
185	6	6-7-4-6-6-6-4-6-4-6-6-5	5-4-3-5-4-5-7-7-5-5-7-5	0-6-6-7-7-8-7-7-7-8-7-7	5-6-6-5-8-8-5-1-7-7-7-5	5-3-1-7-2-3-5-4-7-7-7-6	2-3-7-8-6-1-4-5-6-6-4-5	7-6-6-2-2-6-6-4-6-4-1-5	5-6-2-5-5-8-4-2-2-6-7-0	4-2-2-2-2-5-4-5-5-5-6-5	6-2-6-5-7-8-7-6-6-2-4-7	5-5-7-0-7-5-6-2-2-5-5-2	5-2-5-5-5-5-7-5-3-5-4-7
185	7	7-6-8-6-7-8-7-7-7-7-8-4	8-4-3-8-5-4-8-6-8-5-8-8	8-8-8-6-6-8-8-8-6-8-8-6	8-8-8-8-8-8-5-9-6-6-8-8	8-7-13-6-2-3-8-8-6-8-8-8	7-8-6-7-6-8-8-3-4-6-8-8	6-6-6-7-2-7-4-7-6-7-8-6	2-7-8-8-8-7-4-13-2-6-8-2	7-2-16-8-7-5-9-8-5-5-7-5	8-8-7-4-8-5-8-5-7-8-8-7	8-5-4-0-6-7-0-3-8-8-5-2	8-5-5-7-7-7-6-5-3-7-4-6
185	8	8-8-8-8-8-8-8-8-8-9-8-8	7-9-8-7-5-5-7-7-7-9-7-7	7-7-7-6-6-7-7-7-7-9-7-7	7-7-7-7-7-7-9-7-9-9-9-7	7-8-7-6-9-9-7-7-9-7-7-7	9-7-9-6-8-7-9-8-8-8-7-7	7-6-8-9-10-8-7-7-8-8-7-8	8-7-7-7-8-8-16-9-2-8-7-9	7-8-2-7-12-8-7-7-7-6-8-8	7-7-8-9-7-5-7-6-7-7-7-7	9-5-13-8-9-8-0-9-7-7-5-2	7-10-5-7-7-8-6-13-9-7-4-4
185	9	10-9-10-9-9-10-10-10-10-10-10-9	10-8-8-10-10-10-10-10-10-8-10-10	9-9-10-7-9-10-10-10-9-8-8-9	9-9-10-7-7-10-9-7-8-8-8-7	7-12-12-5-11-8-10-10-8-6-9-10	9-10-8-9-8-12-8-12-8-8-14-7	10-9-9-12-9-9-9-9-8-7-10-8	10-7-10-10-9-10-8-8-9-11-12-10	9-9-8-7-12-9-10-11-7-9-8-5	10-12-7-8-10-5-10-9-12-12-12-10	10-8-10-8-14-11-13-12-12-9-8-9	9-8-9-7-12-10-6-9-8-10-4-10
185	10	11-11-11-10-11-11-11-11-11-11-11-11	12-11-11-9-11-12-9-11-11-11-12-11	9-11-10-11-11-11-9-11-11-11-11-11	11-9-11-11-10-9-12-1-11-11-11-7	13-9-7-14-9-10-10-10-11-11-13-9	9-9-13-10-10-7-10-13-12-10-9-10	9-11-11-9-11-10-11-11-14-12-9-10	11-10-12-10-10-9-8-15-2-10-9-9	10-11-11-10-12-11-11-7-13-13-8-11	11-9-11-11-11-15-11-9-10-9-9-11	9-11-11-8-11-14-9-9-9-11-11-11	11-11-11-11-11-13-6-12-12-9-13-11
185	11	10-10-10-10-10-10-10-10-10-10-10-10	10-10-10-11-10-10-10-10-10-10-10-10	11-10-12-12-10-10-11-10-10-10-10-10	10-9-10-10-12-12-10-15-10-10-10-7	14-9-9-11-9-11-12-12-10-10-10-12	9-13-14-10-10-9-11-10-10-10-2-12	10-10-10-9-10-11-10-10-10-10-7-12	10-11-10-12-13-10-8-13-2-9-12-9	10-10-10-12-16-10-10-9-5-10-13-10	10-11-9-10-12-12-12-9-9-9-9-10	9-10-10-8-10-15-9-10-9-10-10-10	10-10-9-10-10-10-12-10-10-10-10-10
185	12	10-10-10-10-10-10-10-10-11-10-10-10	10-10-11-10-10-10-11-13-10-10-10-10	11-11-11-11-13-10-13-11-10-10-13-13	11-13-10-10-11-11-10-11-13-13-11-7	11-9-9-12-9-13-11-11-13-10-14-11	9-13-11-10-10-9-13-10-10-10-15-11	12-13-10-9-13-10-12-13-10-10-7-11	10-11-10-11-11-9-8-7-11-9-9-10	10-9-10-11-9-5-10-13-10-10-11-10	10-9-10-13-13-11-12-9-9-9-9-10	9-10-13-12-13-10-9-9-9-11-10-11	10-12-5-7-9-10-11-10-10-9-10-10
185	13	10-10-10-10-10-10-10-10-10-10-10-10	10-10-10-11-10-10-10-12-10-10-10-11	14-14-15-11-12-15-12-15-10-11-12-12	14-14-15-12-11-14-10-11-12-12-10-14	11-14-14-12-15-12-14-11-12-14-10-14	14-14-11-9-13-7-12-10-10-10-4-11	14-12-10-14-14-15-10-12-10-10-7-10	10-11-10-11-11-14-8-7-13-9-11-9	15-13-14-14-11-10-15-12-10-10-11-10	13-14-13-12-12-10-12-10-14-15-13-10	15-10-13-8-12-16-9-13-14-13-10-13	13-12-13-13-13-10-6-10-3-13-10-10
185	14	10-10-10-10-10-15-10-10-10-10-10-10	10-15-11-10-10-10-12-12-13-15-10-12	13-13-13-11-12-13-15-13-13-15-15-12	13-14-13-10-11-13-10-11-15-13-14-13	11-13-13-12-13-15-13-13-14-13-12-13	13-13-11-14-10-7-15-14-15-14-9-14	13-12-10-13-13-10-15-12-10-10-13-14	10-11-13-13-11-13-8-10-13-11-10-9	13-13-13-13-9-10-13-12-16-10-14-13	13-13-14-12-13-10-13-10-13-13-13-10	9-10-10-12-10-10-9-9-13-13-10-14	13-12-13-13-13-10-11-10-15-15-10-15
185	15	10-10-14-10-10-14-10-10-10-10-10-10	10-14-10-16-10-10-10-16-11-14-10-16	13-13-13-16-12-13-14-13-10-14-14-16	15-15-13-15-15-15-10-11-14-13-15-13	15-13-13-15-13-14-14-15-14-15-10-15	9-13-15-15-11-7-14-15-14-10-12-11	13-12-10-13-14-13-14-15-10-10-7-15	10-11-10-15-15-13-8-10-13-9-15-9	13-13-13-15-15-10-13-13-10-10-15-10	13-13-7-10-15-10-15-10-13-13-13-10	13-10-13-12-10-11-9-13-13-13-10-15	13-8-13-13-15-10-6-10-14-14-10-14
185	16	16-16-16-10-16-10-10-16-16-10-16-16	10-10-16-15-10-10-12-15-13-16-10-15	14-14-16-11-16-16-16-16-13-16-16-15	15-16-16-15-16-16-15-16-14-16-16-13	10-9-7-16-16-16-15-16-14-16-10-7	16-16-15-16-16-7-16-16-16-16-16-11	13-16-16-16-13-16-10-15-16-10-10-10	16-11-11-10-16-15-8-7-13-16-10-9	7-16-10-16-11-10-11-10-16-10-15-5	13-16-16-16-12-5-16-9-16-16-9-16	9-10-10-8-10-13-9-10-16-16-10-16	10-8-16-13-11-16-16-10-16-16-16-14
186	0	0-0-0-0-0-0-0-0-0-0-0-0	0-0-0-0-0-0-0-0-0-0-0-0	0-0-0-0-0-0-0-0-0-0-0-0	0-0-0-0-0-0-0-0-0-0-0-0	0-0-0-0-0-0-0-0-0-0-0-0	0-0-0-0-0-0-0-0-0-0-0-0	0-0-0-0-0-0-0-0-0-0-0-0	0-0-0-0-0-0-0-0-0-0-0-0	0-0-0-0-0-0-0-0-0-0-0-0	0-0-0-0-0-0-0-0-0-0-0-0	0-0-0-0-0-0-0-0-0-0-0-0	0-0-0-0-0-0-0-0-0-0-0-0
186	1	1-1-1-1-1-1-3-1-1-1-1-1	2-1-2-0-0-2-2-2-2-2-1-2	0-0-2-1-0-0-1-0-0-0-2-1	2-0-2-0-0-0-1-2-0-0-0-4	0-4-2-0-2-0-2-0-0-1-0-4	2-3-0-5-0-2-1-0-1-0-0-2	5-0-0-10-0-1-0-0-1-0-10-1	0-0-0-1-1-2-1-1-1-1-0-1	1-6-0-0-5-0-1-1-2-1-1-0	1-0-1-2-1-1-0-0-1-1-4-0	5-0-3-0-2-2-1-1-4-1-1-1	2-1-1-2-2-2-1-2-4-1-1-0
186	2	1-2-2-2-1-2-2-2-1-1-2-2	1-1-1-4-1-1-1-1-1-1-3-1	0-2-1-2-3-3-3-1-3-3-3-3	3-1-1-3-3-3-1-5-3-0-3-1	3-0-1-3-1-2-1-2-2-2-4-5	3-3-3-2-2-3-2-2-2-2-11-1	2-2-1-1-2-1-2-3-2-2-3-2	2-2-3-2-2-1-1-3-2-1-1-0	1-0-2-2-3-2-1-3-1-3-2-2	1-4-2-3-3-3-2-2-2-1-1-6	0-2-1-1-1-1-0-1-1-3-2-1	1-2-2-1-1-1-2-1-1-1-0-2
186	3	3-3-2-3-3-3-1-3-3-3-3-3	4-3-1-0-3-4-1-4-3-4-2-3	6-4-1-2-2-4-2-4-2-3-2-2	5-4-4-2-2-5-3-2-2-3-2-1	2-1-1-2-4-2-4-2-3-3-5-1	2-5-4-1-3-2-4-4-4-3-3-3	4-3-4-1-4-1-3-4-3-4-2-4	0-2-2-4-3-3-3-2-6-1-3-0	1-7-3-4-2-5-1-4-3-4-2-3	3-3-3-2-2-2-2-3-2-6-1-2	6-3-3-1-3-3-1-1-1-3-3-3	1-3-3-1-1-3-2-3-1-0-0-3
186	4	4-4-4-4-4-4-4-4-4-4-4-4	3-4-5-2-3-4-1-5-3-3-2-5	0-4-1-2-2-3-5-6-5-6-5-5	3-3-5-3-2-2-5-2-4-5-6-1	2-1-1-2-3-6-3-2-3-4-6-1	2-3-3-1-0-2-5-5-3-4-4-3	3-2-5-1-3-6-5-5-3-4-2-3	5-2-2-3-2-3-4-3-5-5-3-0	4-3-5-3-1-3-1-3-5-3-5-3	3-3-4-6-2-2-5-3-2-3-1-2	1-3-5-1-5-4-1-8-1-5-3-5	1-3-2-1-1-3-2-4-8-1-4-3
186	5	6-5-5-5-5-5-5-5-6-5-5-5	6-8-4-2-8-6-1-7-3-3-2-4	0-5-1-2-6-3-4-7-6-3-6-4	3-4-6-6-2-3-5-2-6-4-4-1	2-1-1-10-3-4-5-6-6-7-4-2	2-3-3-1-5-2-6-4-5-5-7-3	3-2-4-1-3-6-8-4-5-5-0-3	4-2-2-4-3-1-7-5-4-4-3-0	6-3-4-3-1-3-1-3-4-5-4-6	3-3-5-4-5-2-4-6-2-3-7-2	1-3-6-6-4-1-0-1-1-4-3-4	1-3-2-1-3-5-3-4-6-1-6-6
186	6	5-4-5-5-7-7-6-8-5-6-6-5	7-4-4-2-9-6-1-8-8-8-6-7	3-6-7-2-5-9-7-7-5-4-5-6	7-4-5-7-2-3-7-2-5-5-4-1	7-1-1-11-3-4-7-5-8-6-4-1	12-3-7-1-5-2-5-6-5-6-5-7	3-2-4-1-3-5-5-5-5-5-7-3	7-2-2-3-6-1-5-7-3-8-3-0	5-3-3-6-1-6-1-7-8-6-7-12	3-3-6-4-2-14-5-5-2-3-1-2	6-6-6-5-5-7-7-1-1-3-8-3	6-8-6-1-6-6-6-6-4-7-5-5
186	7	7-8-5-7-7-6-5-7-5-8-7-6	6-5-4-6-5-6-9-5-6-6-8-6	8-7-6-8-8-6-8-6-9-8-11-8	6-7-8-6-9-5-5-6-8-8-5-6	6-4-1-8-3-4-8-5-6-9-6-7	6-2-8-9-7-1-5-6-7-7-5-6	3-8-7-1-3-7-5-4-9-9-7-6	6-7-9-3-6-1-5-6-3-7-6-0	7-9-7-3-8-6-1-6-6-8-7-6	8-3-7-6-8-9-8-11-7-3-5-2	6-6-8-0-5-6-7-1-1-6-6-3	6-3-6-1-6-6-8-6-4-6-5-9
186	8	7-9-9-7-9-8-5-9-8-7-8-9	9-5-5-9-5-6-9-12-9-6-9-9	9-9-9-7-7-3-9-9-10-7-9-9	9-9-9-7-7-9-8-8-7-7-7-8	9-10-8-7-3-4-9-9-6-8-8-9	9-9-7-7-7-9-4-4-7-7-9-9	14-7-7-1-3-7-5-9-7-8-9-6	8-9-2-9-3-1-5-8-3-6-9-8	8-3-14-9-8-6-1-9-6-7-10-6	7-9-13-5-9-2-9-5-9-3-9-2	1-3-7-1-5-10-9-4-9-8-6-10	6-6-8-1-9-6-7-6-4-9-5-5
186	9	9-8-8-9-11-9-9-9-9-9-9-11	8-10-9-8-6-6-8-8-8-12-8-8	8-8-8-7-7-9-8-8-8-9-10-8	8-8-8-8-7-8-10-7-10-10-10-1	8-8-8-7-3-10-10-8-10-7-9-8	8-8-10-7-9-8-10-9-9-9-8-9	1-2-9-1-12-7-9-8-7-11-8-6	9-8-7-8-9-1-12-8-3-9-8-0	8-7-11-8-10-6-8-8-12-7-5-11	7-8-9-8-8-7-8-9-8-3-8-8	8-6-7-12-14-9-8-14-8-8-6-11	9-3-6-14-8-8-7-7-12-8-5-10
186	10	11-7-9-10-9-9-9-14-9-11-9-14	11-9-9-11-5-11-11-12-11-11-11-12	11-11-11-7-10-11-11-12-11-11-9-11	11-10-11-11-7-11-10-8-9-9-9-14	2-11-8-5-11-9-11-11-9-7-10-11	11-10-9-10-10-12-9-9-9-7-11-9	13-2-9-1-10-8-9-11-7-8-12-11	12-9-12-8-9-11-9-9-3-10-11-12	10-12-11-8-9-10-11-11-6-10-8-6	12-11-8-10-9-2-9-9-8-12-11-2	12-6-11-11-1-8-12-11-11-8-6-8	9-8-10-8-8-8-6-14-1-10-5-9
186	11	9-11-13-11-11-11-9-11-11-11-13-9	10-12-12-10-11-12-10-10-10-13-10-10	10-10-10-8-10-10-10-10-10-12-12-10	10-10-10-10-7-10-10-7-12-13-11-1	2-10-8-6-10-11-10-10-12-10-12-10	10-10-9-11-11-10-12-11-13-11-10-11	1-13-9-1-10-11-13-12-11-9-14-13	9-8-10-9-9-10-9-9-3-11-10-10	10-10-9-11-11-9-13-10-12-10-8-9	10-10-11-10-11-5-13-7-8-10-10-14	10-11-14-10-11-1-10-10-10-3-6-9	12-10-10-8-8-12-6-11-9-10-11-5
186	12	12-12-11-13-12-11-13-12-11-11-13-13	10-11-9-10-11-11-10-10-10-11-10-10	12-12-13-14-12-10-11-10-11-11-11-10	13-10-12-13-13-13-10-13-13-11-13-1	13-10-13-13-10-11-13-13-11-7-11-13	12-12-9-12-10-10-13-11-11-5-3-13	14-13-9-1-9-8-9-11-7-8-10-12	10-13-10-12-13-10-9-12-14-10-8-10	8-10-14-12-13-6-1-10-9-12-13-6	10-10-8-11-8-12-12-5-12-10-10-2	10-3-11-9-7-10-10-1-1-12-6-12	11-3-12-12-8-11-7-10-9-10-5-9
186	13	13-13-11-12-13-13-13-14-11-13-11-13	11-11-9-10-11-10-10-10-10-11-14-10	13-14-12-12-13-14-13-13-13-11-13-13	12-13-12-12-12-12-13-12-12-11-12-14	12-14-12-12-13-13-12-12-11-13-13-12	11-13-9-13-13-12-12-12-11-11-0-12	12-11-12-1-13-13-11-14-7-13-8-12	13-12-12-12-12-14-9-12-12-10-10-13	13-13-13-12-12-6-11-11-6-12-12-6	13-11-8-10-11-12-11-9-13-13-13-2	14-12-11-9-13-13-13-13-13-13-6-13	13-12-10-13-13-13-7-10-13-13-11-9
186	14	14-14-14-14-14-14-14-14-14-14-14-14	10-11-14-10-14-11-10-10-10-14-13-10	13-13-14-12-14-13-14-14-13-14-13-14	13-14-12-13-14-14-13-14-14-14-14-13	14-10-14-14-13-14-13-14-11-14-8-8	14-14-14-14-14-8-14-14-14-14-14-14	12-14-14-14-11-14-6-13-14-14-11-12	14-14-12-14-14-13-9-12-12-1-12-10	13-14-14-14-9-14-14-12-14-6-12-6	14-14-14-14-14-6-14-9-14-14-10-14	10-14-11-10-7-14-10-14-14-14-14-14	14-14-14-9-8-14-14-10-14-14-14-14
187	0	0-0-0-0-0-0-0-0-0-0-0-0	0-0-0-0-0-0-0-0-0-0-0-0	0-0-0-0-0-0-0-0-0-0-0-0	0-0-0-0-0-0-0-0-0-0-0-0	0-0-0-0-0-0-0-0-0-0-0-0	0-0-0-0-0-0-0-0-0-0-0-0	0-0-0-0-0-0-0-0-0-0-0-0	0-0-0-0-0-0-0-0-0-0-0-0	0-0-0-0-0-0-0-0-0-0-0-0	0-0-0-0-0-0-0-0-0-0-0-0	0-0-0-0-0-0-0-0-0-0-0-0	0-0-0-0-0-0-0-0-0-0-0-0
187	1	1-1-1-1-0-1-1-1-1-1-1-1	1-1-1-1-1-1-0-3-1-1-1-2	0-2-0-2-2-2-2-0-0-1-0-2	2-0-0-2-2-2-0-2-1-1-2-0	1-0-2-2-0-1-2-2-1-1-0-1	2-2-1-1-1-1-2-1-1-1-3-1	1-1-1-0-0-1-1-2-1-1-2-1	1-1-2-1-1-1-1-1-1-6-2-0	0-0-0-4-2-0-0-2-1-1-2-1	2-2-1-0-2-2-1-1-3-0-2-1	0-1-0-0-1-1-0-0-0-1-1-1	0-1-4-0-2-1-1-0-1-0-1-1
187	2	2-2-1-2-2-2-2-2-2-2-2-2	3-2-1-1-2-1-0-2-2-3-1-3	0-1-3-1-1-3-3-1-0-1-3-1	1-3-3-1-1-1-2-1-1-2-1-0	1-2-1-1-3-1-3-3-2-2-4-2	1-3-4-5-2-3-3-3-2-2-6-2	1-2-3-2-3-1-3-1-2-2-1-5	8-1-6-3-1-1-2-1-6-0-1-5	2-0-2-2-1-2-2-1-1-2-1-2	1-1-2-2-1-1-2-2-0-3-1-1	0-6-2-2-2-2-0-2-3-3-3-2	0-3-5-2-1-2-1-0-1-0-1-1
187	3	3-3-3-3-3-3-3-3-3-3-3-3	2-4-3-1-2-3-6-4-2-2-4-2	1-3-2-1-1-2-4-5-4-2-4-4	2-2-4-1-1-1-2-1-4-4-4-1	1-5-5-1-2-4-2-2-2-2-3-1	2-2-2-1-2-2-4-4-3-3-1-3	1-2-4-2-2-3-2-4-3-3-3-3	3-8-4-4-1-2-4-2-2-3-2-0	3-0-2-2-3-2-4-4-4-3-1-4	4-1-3-3-0-2-1-3-4-2-4-1	0-2-4-3-8-4-0-5-2-2-2-2	5-2-0-2-3-1-1-5-3-4-11-3
187	4	4-4-4-4-4-5-4-4-4-4-4-4	5-5-3-1-2-5-0-5-4-5-3-5	1-4-2-2-1-2-5-5-3-2-5-3	2-5-5-5-2-2-4-1-3-5-5-0	1-5-5-6-2-3-5-5-5-2-2-5	5-2-2-7-4-1-5-3-4-4-5-2	1-1-3-5-2-4-4-3-4-4-5-4	4-3-3-3-1-3-6-6-2-4-2-0	5-0-2-5-4-2-3-3-3-6-4-3	3-1-4-5-8-9-10-4-3-2-3-1	0-2-6-6-5-3-0-2-0-2-9-2	2-5-1-6-5-4-3-5-10-10-4-6
187	5	4-4-4-3-5-4-3-4-5-4-5-4	4-4-4-5-5-4-5-4-7-4-6-4	5-5-6-6-5-6-6-6-6-5-4-5	6-6-6-6-5-7-6-6-5-4-4-0	7-4-7-8-5-3-4-6-4-9-6-6	4-7-6-9-6-5-4-5-4-3-4-5	6-4-3-4-2-4-5-7-4-4-4-2	3-5-5-5-5-6-4-5-2-4-10-2	4-0-2-4-5-5-5-7-5-4-5-5	7-7-5-4-7-7-6-4-1-5-4-5	0-2-4-4-4-4-0-3-4-5-5-2	3-4-5-4-4-4-3-3-5-3-5-4
187	6	6-6-6-6-5-4-6-11-6-6-7-5	5-4-3-8-5-6-7-7-5-4-7-7	7-6-5-7-7-7-5-7-5-6-7-7	5-5-5-5-8-8-5-7-7-6-6-0	1-0-5-9-7-7-7-7-4-6-5-5	8-3-7-5-5-7-7-6-4-4-2-7	5-7-4-2-7-6-6-6-4-6-0-6	6-6-2-7-6-6-4-4-2-7-5-0	6-0-7-8-4-5-6-5-5-4-8-9	5-6-5-5-6-6-5-4-7-0-0-8	0-2-4-4-4-6-0-4-0-5-5-2	3-4-6-4-9-6-8-0-6-7-4-6
187	7	7-7-7-7-5-7-7-6-7-7-7-7	8-8-10-6-5-11-6-6-5-8-6-8	6-6-5-6-6-6-8-6-6-6-8-6	6-7-7-6-6-5-5-6-6-8-6-0	5-0-5-10-2-6-6-6-8-7-5-5	6-5-8-4-7-6-8-7-7-7-9-6	9-6-10-9-6-7-7-5-7-9-0-6	7-6-6-6-6-9-10-5-2-6-11-7	6-0-8-6-9-2-11-5-5-4-6-2	5-5-7-11-5-6-5-8-6-8-0-6	0-6-4-4-11-8-0-7-11-5-6-2	11-2-11-11-9-9-6-3-9-9-8-9
187	8	7-7-8-7-8-11-9-7-7-11-7-7	9-7-7-6-8-9-10-7-5-7-9-9	8-9-9-6-8-6-7-9-9-6-7-7	9-8-10-10-6-6-11-6-7-7-6-8	5-8-8-8-9-7-9-6-7-8-8-8	6-6-7-8-8-11-7-8-7-7-1-8	8-6-7-8-8-6-8-9-4-6-8-8	10-3-1-6-6-11-7-7-2-8-8-9	8-9-7-6-1-8-8-9-8-3-6-8	5-8-5-10-9-6-5-7-9-10-9-6	8-8-8-4-8-7-9-8-9-5-6-8	10-9-8-8-8-10-6-8-8-9-7-7
187	9	9-10-10-7-8-7-8-9-9-7-7-7	8-7-7-6-5-8-8-10-10-4-8-8	10-8-10-6-10-10-10-10-10-6-10-10	10-8-9-8-10-10-8-6-10-10-9-8	10-8-11-6-8-9-10-9-10-5-10-5	10-10-10-9-8-8-9-9-9-7-2-7	11-6-7-9-11-6-9-8-3-7-10-10	9-9-6-10-10-8-7-10-2-8-5-8	8-8-10-8-11-8-8-10-8-8-9-6	5-9-5-4-8-10-7-9-8-8-8-6	8-10-8-8-7-8-8-8-8-9-10-9	7-10-8-9-7-7-9-8-7-8-7-7
187	10	7-7-9-7-10-7-7-10-9-4-10-9	10-7-7-6-5-7-8-9-9-8-9-8	10-9-9-6-9-9-9-9-9-9-9-9	9-10-8-8-9-9-7-10-9-9-9-10	9-10-10-7-8-9-9-9-9-10-9-11	9-9-9-10-7-8-9-9-7-7-4-11	11-7-7-10-9-10-4-10-4-11-9-9	8-10-9-9-9-10-7-9-2-8-5-8	11-8-9-10-10-8-10-9-4-8-10-6	5-10-10-10-9-9-4-11-8-8-10-6	10-9-8-4-7-10-8-10-10-9-9-10	8-9-8-10-10-8-9-8-7-8-10-7
187	11	11-11-11-11-11-11-11-11-11-11-11-11	10-7-11-6-11-7-8-9-11-11-8-8	9-9-11-9-11-9-11-11-10-11-11-9	10-11-11-11-11-11-8-11-11-11-11-10	9-10-11-11-8-11-10-10-11-11-6-10	11-11-9-9-11-8-11-11-11-11-11-10	9-11-11-11-7-11-7-8-11-11-11-11	11-11-1-10-11-8-11-9-10-11-7-8	10-8-11-11-9-11-11-9-11-11-10-8	5-11-11-11-11-6-11-10-11-11-8-11	8-11-11-4-7-7-8-11-11-11-11-11	11-7-11-7-7-11-11-8-11-11-11-7
188	0	0-0-0-0-0-0-0-0-0-0-0-0	0-0-0-0-0-0-0-0-0-0-0-0	0-0-0-0-0-0-0-0-0-0-0-0	0-0-0-0-0-0-0-0-0-0-0-0	0-0-0-0-0-0-0-0-0-0-0-0	0-0-0-0-0-0-0-0-0-0-0-0	0-0-0-0-0-0-0-0-0-0-0-0	0-0-0-0-0-0-0-0-0-0-0-0	0-0-0-0-0-0-0-0-0-0-0-0	0-0-0-0-0-0-0-0-0-0-0-0	0-0-0-0-0-0-0-0-0-0-0-0	0-0-0-0-0-0-0-0-0-0-0-0
188	1	1-1-1-1-1-1-1-1-1-1-1-1	2-0-2-2-0-2-2-2-1-2-0-0	1-2-2-1-0-2-1-2-1-0-1-0	2-1-2-1-1-1-2-2-0-0-0-1	0-2-10-0-2-0-2-1-0-5-0-1	1-5-0-1-1-2-0-1-1-0-0-1	10-0-2-10-1-1-0-0-0-1-10-1	1-1-2-1-1-2-3-1-2-2-1-2	2-2-2-2-2-2-10-2-1-1-1-4	1-10-1-2-2-2-0-1-2-2-6-1	2-0-2-0-2-2-2-2-2-1-2-2	3-0-5-2-2-2-1-2-2-2-1-0
188	2	1-1-2-2-2-1-2-1-1-1-2-1	1-1-1-3-1-1-1-1-1-1-3-1	4-1-1-3-4-3-3-1-3-3-3-3	3-1-1-5-3-3-1-6-3-0-3-1	3-1-1-3-1-2-1-3-0-1-3-3	5-1-2-2-2-5-2-2-1-2-6-1	1-2-2-1-2-1-0-2-2-2-3-4	2-3-3-2-2-1-1-3-1-1-1-1	1-1-1-1-1-1-1-1-2-4-3-1	1-1-2-1-6-3-4-3-1-1-1-1	1-2-1-0-1-2-1-1-1-1-1-1	1-2-1-1-1-1-2-1-1-1-3-3
188	3	3-3-2-3-3-3-3-3-3-3-3-3	4-3-1-2-4-1-1-4-3-4-2-3	8-4-1-2-2-8-2-4-2-5-2-2	2-4-4-2-2-2-3-2-2-0-2-1	2-3-1-2-5-2-4-2-3-1-2-2	9-2-5-3-3-2-2-2-3-3-15-3	1-3-3-1-4-3-4-4-3-1-2-6	3-2-2-4-2-1-1-5-9-3-1-3	8-1-3-3-3-1-1-4-11-2-2-4	4-3-3-1-2-2-3-2-1-4-1-2	3-3-3-0-1-3-1-3-4-4-5-3	1-3-1-1-3-3-3-1-2-1-2-4
188	4	4-4-4-4-4-4-4-4-4-4-4-4	3-4-4-2-3-4-1-5-3-3-2-5	2-3-2-2-2-3-5-6-5-6-5-5	3-3-5-2-2-2-5-2-5-5-6-2	2-4-1-2-3-6-3-5-3-7-2-1	2-1-3-3-3-2-5-5-3-4-16-1	1-0-5-1-3-4-3-5-4-4-1-2	5-2-2-5-2-1-4-3-5-4-1-3	4-1-3-3-1-1-1-3-5-5-5-3	3-1-4-6-2-4-5-3-1-3-1-5	3-4-8-4-5-4-8-3-3-5-4-5	1-3-1-1-1-7-2-4-8-1-4-4
188	5	6-5-5-5-5-5-5-5-7-5-5-5	6-4-4-2-7-6-1-7-3-3-6-4	3-5-2-2-6-3-4-7-6-3-6-4	3-4-6-6-2-7-5-2-6-7-4-1	2-1-1-2-3-4-5-7-6-1-0-2	2-1-3-3-5-2-6-4-5-5-7-7	1-4-4-1-3-5-6-6-8-5-1-10	4-2-2-4-5-1-8-3-4-4-1-3	6-1-4-3-5-1-1-3-4-4-4-6	8-1-5-4-5-5-4-6-1-1-1-4	1-3-6-5-4-4-1-3-11-4-4-4	1-3-1-1-1-5-4-4-4-4-6-6
188	6	5-4-5-6-6-7-5-6-5-6-8-5	5-4-4-7-6-5-1-5-7-8-6-7	3-6-7-2-5-9-7-7-5-4-5-6	7-4-5-7-2-2-7-2-5-5-4-1	7-1-2-8-3-4-7-5-5-6-17-1	3-1-7-3-5-1-5-6-5-6-5-7	1-0-4-1-3-5-5-5-5-5-1-9	4-2-2-7-7-1-5-3-1-4-1-6	5-1-3-6-1-8-1-7-6-7-6-8	1-1-6-4-2-6-5-6-1-3-1-7	6-8-5-5-12-7-7-3-3-3-8-3	1-8-6-1-1-6-6-7-4-1-5-5
188	7	7-8-8-7-7-7-5-7-5-7-7-6	6-9-4-8-5-6-8-9-6-6-8-6	3-7-9-9-8-9-8-8-9-9-6-8	6-5-8-6-9-9-5-6-9-8-5-6	6-4-2-8-3-4-6-5-8-10-6-1	3-2-8-8-7-8-5-6-7-7-5-6	1-10-9-1-3-7-5-5-7-11-2-6	4-7-9-6-6-8-5-3-1-7-8-3	3-1-3-3-3-6-1-6-6-6-7-6	8-3-7-4-8-6-5-10-1-3-1-7	3-6-6-5-5-6-7-3-3-3-6-3	6-3-6-1-1-6-7-6-4-4-5-5
188	8	7-7-8-7-8-9-8-9-10-9-6-9	8-7-4-8-5-9-9-7-9-3-9-9	9-8-10-7-7-3-9-7-10-7-6-7	9-9-7-9-10-9-5-10-7-7-4-1	10-7-1-7-3-4-9-9-6-8-10-9	3-10-9-7-7-9-9-6-7-7-3-10	7-10-7-1-9-8-5-9-7-8-1-9	6-9-7-9-6-8-5-8-3-8-7-3	3-3-6-9-8-6-1-9-6-6-13-6	9-1-8-4-9-9-7-5-9-9-1-8	3-6-4-0-5-8-9-3-3-8-6-3	1-6-8-1-1-6-7-6-4-9-5-5
188	9	9-9-9-9-9-9-10-9-9-10-9-9	11-12-10-8-6-8-8-7-8-10-8-10	8-8-8-7-8-7-8-10-7-10-10-8	8-8-10-8-8-8-10-8-10-10-10-1	7-12-1-8-3-10-8-8-9-7-8-8	3-1-10-7-11-8-10-9-9-9-3-9	1-9-9-1-10-9-8-8-7-9-1-11	9-8-7-8-10-1-9-11-3-9-1-11	4-9-10-8-5-6-1-3-6-5-5-10	8-1-9-10-8-8-10-5-8-8-1-8	9-6-9-9-9-10-8-3-3-12-6-3	1-3-6-1-1-9-17-6-10-8-5-5
188	10	11-9-9-9-11-13-9-11-9-9-9-10	12-9-9-8-12-11-8-7-8-11-8-9	10-10-8-7-11-11-11-11-7-12-9-10	11-11-11-11-8-11-9-8-9-11-9-1	8-1-1-14-12-9-11-10-11-7-14-8	2-8-9-7-10-11-11-9-10-10-1-8	1-15-9-1-9-9-10-11-11-10-1-9	5-8-7-9-9-10-9-9-3-10-1-10	1-10-9-8-12-6-1-10-6-7-9-9	3-1-6-11-8-8-10-7-10-10-1-8	1-6-4-10-10-10-8-3-1-1-11-3	1-10-11-1-1-10-7-10-9-8-5-10
188	11	10-10-10-10-10-10-13-10-9-11-11-10	12-9-9-11-12-10-12-10-12-10-12-12	11-12-12-7-10-10-10-12-12-10-16-10	10-10-10-10-8-10-11-8-9-10-9-11	11-11-14-10-13-10-10-12-10-11-11-11	14-14-9-8-9-10-10-14-10-10-5-12	13-9-9-14-13-8-11-13-7-7-15-9	11-11-11-12-9-13-9-9-9-13-12-15	11-15-14-14-14-11-11-13-8-11-7-10	14-14-11-10-12-10-4-7-14-13-12-8	15-11-11-12-9-11-15-10-14-13-10-11	11-10-11-15-11-14-8-15-13-11-14-10
188	12	12-13-13-12-16-16-13-13-14-12-14-13	13-9-13-14-15-14-15-13-15-14-13-11	12-11-13-12-12-13-12-12-13-13-9-12	11-11-11-13-13-13-12-12-13-11-13-12	13-9-13-10-10-13-11-13-10-12-12-13	12-13-9-15-9-13-13-12-13-12-14-11	14-13-12-13-11-13-13-11-7-14-13-14	15-13-13-14-14-12-9-14-9-11-11-11	17-11-13-13-13-14-11-11-14-14-13-9	11-16-8-10-14-14-14-17-10-11-11-13	11-13-13-11-14-15-11-13-11-13-6-13	11-10-12-5-11-13-7-11-14-11-14-13
188	13	13-12-12-9-12-10-12-12-12-12-12-12	12-12-12-14-12-12-12-14-12-12-12-14	13-14-12-12-13-14-14-14-13-12-13-14	11-15-14-12-12-12-13-12-12-10-12-11	12-14-12-10-11-12-14-14-10-13-11-12	14-11-9-13-9-14-12-9-13-7-13-11	11-12-13-12-11-12-12-11-7-12-15-12	13-12-14-12-12-14-9-12-8-11-13-11	13-11-12-12-12-13-13-11-6-12-12-10	14-16-8-13-12-12-12-7-14-11-14-12	14-13-13-10-13-13-11-15-15-11-6-3	11-10-13-13-13-12-6-11-11-13-13-12
188	14	14-12-14-17-14-14-14-12-12-12-12-12	12-12-12-12-12-12-12-13-12-12-13-13	11-13-13-12-15-13-15-13-13-15-15-13	13-13-13-13-12-12-14-12-15-16-14-11	12-13-12-10-11-14-13-13-10-7-10-12	13-11-9-12-10-13-11-11-14-16-12-14	12-16-15-11-11-14-16-13-7-12-13-12	13-12-13-12-12-13-14-12-3-12-11-11	13-11-11-12-14-12-13-11-13-12-12-14	13-11-6-13-12-12-12-7-13-11-13-12	13-15-16-10-12-13-13-13-13-11-6-12	15-10-13-11-13-12-12-11-15-13-11-12
188	15	14-12-12-9-12-14-12-12-12-12-12-12	12-14-12-12-12-12-12-16-12-16-12-16	11-16-16-16-14-16-14-13-13-16-14-14	15-16-15-15-16-16-16-16-16-10-16-11	16-13-16-16-13-16-16-16-15-15-16-12	13-11-16-12-10-13-16-15-10-7-3-15	12-16-14-11-11-8-14-16-7-17-13-12	12-8-13-16-15-13-14-15-16-13-11-11	13-11-14-16-17-6-11-11-6-14-16-16	15-11-16-14-15-16-15-6-15-11-13-15	13-14-14-10-10-13-11-13-13-15-6-15	11-10-13-11-13-12-7-11-14-13-5-12
188	16	16-12-17-17-12-12-12-12-12-17-12-12	17-17-12-16-12-16-17-15-12-15-17-17	16-15-15-15-15-17-15-16-16-15-16-17	15-15-15-15-15-15-15-15-15-14-15-11	15-17-15-15-16-15-15-15-14-16-16-12	17-16-15-16-16-17-15-9-14-14-13-16	17-14-12-12-11-12-14-11-7-12-17-14	13-15-15-15-15-17-14-12-15-16-16-16	16-16-16-15-12-16-13-11-6-12-15-15	16-13-15-16-10-15-15-14-8-11-16-15	13-14-14-10-14-13-16-12-13-15-6-16	11-15-13-16-13-12-15-11-14-16-14-15
188	17	17-17-17-14-17-17-12-17-17-12-17-17	12-16-17-13-17-12-16-15-12-17-16-16	16-16-17-15-17-17-17-17-16-17-17-16	16-17-15-15-17-17-15-17-15-17-17-11	12-16-17-17-13-17-16-17-14-17-8-12	17-17-15-12-17-16-17-17-17-17-17-16	16-17-17-17-11-17-9-16-17-17-16-17	17-15-15-17-17-16-9-15-15-12-11-16	13-17-17-17-15-17-17-11-17-12-15-15	11-17-17-17-17-6-17-12-17-17-13-17	13-17-17-17-9-14-16-17-17-17-17-17	17-17-17-1-11-17-17-11-17-17-17-17
189	0	0-0-0-0-0-0-0-0-0-0-0-0	0-0-0-0-0-0-0-0-0-0-0-0	0-0-0-0-0-0-0-0-0-0-0-0	0-0-0-0-0-0-0-0-0-0-0-0	0-0-0-0-0-0-0-0-0-0-0-0	0-0-0-0-0-0-0-0-0-0-0-0	0-0-0-0-0-0-0-0-0-0-0-0	0-0-0-0-0-0-0-0-0-0-0-0	0-0-0-0-0-0-0-0-0-0-0-0	0-0-0-0-0-0-0-0-0-0-0-0	0-0-0-0-0-0-0-0-0-0-0-0	0-0-0-0-0-0-0-0-0-0-0-0
189	1	1-1-1-1-1-1-1-1-1-1-1-1	1-1-2-2-1-1-2-1-1-1-1-2	4-2-2-2-2-2-2-2-1-1-1-1	2-0-2-2-2-2-1-2-2-0-2-3	2-0-4-3-0-1-2-2-1-1-1-2	1-2-1-1-1-4-1-2-1-1-7-2	2-1-1-0-1-1-1-2-1-1-2-1	1-2-0-2-3-7-1-1-1-4-2-1	1-0-1-1-7-2-0-2-2-3-2-1	5-1-3-2-2-2-3-1-1-1-2-2	0-1-1-0-2-1-0-1-0-1-1-1	0-1-1-1-0-1-5-0-2-1-2-2
189	2	2-2-1-2-2-2-2-2-1-2-2-1	1-1-1-1-1-1-1-3-2-3-1-2	5-1-1-1-1-5-3-3-1-3-3-2	3-3-3-3-1-4-2-1-1-2-5-0	1-0-1-1-4-2-3-3-2-2-1-1	5-4-4-3-2-4-3-1-2-2-2-2	1-1-2-2-2-1-2-2-2-2-1-3	2-1-2-3-1-2-1-3-3-2-2-0	2-5-2-2-2-3-2-3-1-2-1-2	3-6-2-1-1-1-1-1-2-5-1-1	2-5-2-0-2-2-0-2-2-6-3-2	2-2-1-3-2-2-1-0-1-2-1-1
189	3	3-3-3-3-2-3-4-3-3-3-3-3	4-4-3-1-3-4-1-4-2-2-1-4	1-3-2-1-1-2-4-2-1-2-4-3	2-2-4-2-1-2-3-1-3-4-2-1	1-0-1-1-2-4-2-2-3-2-1-2	2-2-2-2-3-1-4-2-3-3-2-3	1-1-3-4-2-3-2-4-3-3-1-2	4-1-2-4-1-1-3-2-2-3-0-0	3-3-4-2-2-2-0-2-4-1-3-4	2-4-3-4-4-2-1-1-1-2-1-4	4-2-5-1-10-2-0-3-0-4-4-2	3-4-1-2-4-3-4-0-3-4-3-10
189	4	4-4-4-4-5-4-4-4-4-5-4-4	3-5-4-1-5-3-1-3-2-3-1-3	1-4-1-5-3-2-3-2-5-4-5-3	4-2-5-2-1-2-5-1-5-3-2-1	1-0-1-5-2-3-5-4-5-2-2-1	1-2-2-2-4-1-5-5-4-3-4-3	1-5-3-2-2-4-5-3-4-4-1-3	3-1-2-3-1-1-4-2-2-4-2-0	4-2-3-2-4-2-4-5-5-4-4-3	4-3-3-3-3-4-9-6-4-2-5-3	3-4-3-4-5-3-3-9-0-3-3-2	4-3-1-2-3-4-3-0-9-5-5-4
189	5	3-4-5-5-4-5-5-4-5-4-4-4	3-4-4-6-4-3-6-4-6-3-6-6	6-5-6-6-5-2-6-6-4-6-4-5	6-6-4-6-6-6-4-7-4-4-2-5	6-0-10-6-2-3-6-6-4-6-5-5	2-6-6-7-5-6-4-5-4-3-5-6	1-4-4-2-2-3-4-4-4-7-5-6	3-5-5-6-6-5-4-6-2-6-5-0	2-2-5-2-5-5-0-4-4-6-7-7	1-1-10-5-6-5-5-4-6-2-4-6	3-2-3-4-4-6-0-2-2-5-6-2	4-5-5-5-2-5-1-0-1-5-4-4
189	6	6-6-6-6-6-7-6-6-6-6-7-6	7-7-7-5-4-6-7-6-5-6-5-7	5-6-5-5-5-7-5-5-4-7-7-5	5-5-5-5-5-5-4-5-7-7-6-5	5-0-9-5-2-7-5-5-7-5-5-5	2-5-7-2-6-5-7-6-7-6-5-6	1-6-6-9-8-6-4-5-4-4-5-5	6-5-7-5-7-6-7-5-2-5-10-0	3-0-7-2-8-6-5-2-7-5-5-7	7-2-6-7-5-5-5-4-5-7-0-5	8-2-3-4-10-5-0-9-9-2-5-6	6-2-5-10-9-5-1-9-7-7-7-8
189	7	6-6-10-7-7-6-6-6-4-7-6-6	6-6-6-7-6-6-8-7-8-6-8-8	9-8-8-5-7-7-8-7-8-6-6-7	7-7-8-5-5-8-7-5-6-7-7-7	5-10-7-7-8-6-6-7-6-7-7-7	1-7-6-5-6-10-6-6-6-6-1-7	7-4-6-10-7-7-4-8-2-5-7-5	2-6-6-6-6-8-6-5-2-7-7-7	7-7-6-10-1-7-7-7-6-7-5-5	6-1-5-7-9-5-4-6-7-8-9-6	7-7-3-7-4-7-7-7-7-2-5-2	7-5-7-7-7-7-7-0-6-7-6-3
189	8	10-10-9-9-9-10-9-9-9-9-9-9	10-10-8-7-9-10-9-10-9-9-9-9	7-7-7-10-9-9-9-10-9-9-8-9	9-7-9-9-5-7-9-5-9-9-9-7	10-7-9-5-7-8-9-8-9-9-9-7	8-9-9-8-9-7-9-8-8-8-5-8	9-9-8-9-6-9-9-9-8-9-9-8	8-9-9-8-8-9-9-10-2-8-10-7	8-7-9-8-10-10-8-10-9-10-9-9	9-9-9-9-8-9-9-9-9-9-7-9	6-9-9-9-9-10-7-9-7-9-9-9	10-10-8-9-10-9-9-9-9-9-6-9
189	9	8-8-8-8-8-8-8-8-8-8-8-8	8-8-8-7-8-8-8-10-8-8-10-8	7-9-8-8-8-8-8-8-8-8-8-8	8-8-8-8-9-7-8-8-8-8-8-7	1-7-8-8-8-8-8-9-8-8-8-8	8-8-8-9-8-7-8-8-8-8-2-8	8-8-8-8-8-8-8-8-8-8-8-8	8-8-8-8-8-8-8-8-2-8-7-7	8-7-8-8-8-8-9-10-8-8-10-8	8-8-8-8-7-8-8-8-8-8-7-8	8-8-8-8-8-8-7-8-7-8-8-8	8-8-8-8-8-8-8-8-8-8-6-8
189	10	10-8-8-8-10-8-8-10-8-8-10-8	8-8-8-7-8-8-9-8-8-10-9-8	8-10-10-8-10-10-10-8-8-10-10-10	9-10-8-10-10-10-8-10-10-10-10-7	8-7-10-10-7-10-9-10-8-10-5-5	10-10-10-9-10-7-10-10-10-10-10-10	9-10-10-10-8-10-8-10-10-8-8-8	10-10-5-10-10-9-10-8-8-8-8-7	2-10-10-10-8-8-10-8-8-8-9-8	8-10-10-10-10-8-10-8-8-10-7-10	6-8-10-4-3-8-7-8-10-10-8-10	8-10-10-8-8-10-10-8-10-10-6-3
190	0	0-0-0-0-0-0-0-0-0-0-0-0	0-0-0-0-0-0-0-0-0-0-0-0	0-0-0-0-0-0-0-0-0-0-0-0	0-0-0-0-0-0-0-0-0-0-0-0	0-0-0-0-0-0-0-0-0-0-0-0	0-0-0-0-0-0-0-0-0-0-0-0	0-0-0-0-0-0-0-0-0-0-0-0	0-0-0-0-0-0-0-0-0-0-0-0	0-0-0-0-0-0-0-0-0-0-0-0	0-0-0-0-0-0-0-0-0-0-0-0	0-0-0-0-0-0-0-0-0-0-0-0	0-0-0-0-0-0-0-0-0-0-0-0
190	1	1-0-1-1-0-1-1-1-0-1-1-1	1-0-0-0-0-1-1-0-1-0-0-0	1-1-0-2-0-0-0-2-0-0-0-1	2-2-2-1-1-2-0-1-0-0-0-8	0-1-1-0-1-0-0-2-0-1-0-1	1-1-1-0-1-1-2-1-0-0-0-0	1-0-0-1-3-0-0-0-0-1-1-1	0-0-1-1-1-3-0-1-1-1-1-0	1-1-3-2-1-0-3-1-0-1-1-0	1-1-1-1-1-1-0-0-1-1-1-1	7-1-1-0-1-1-1-1-0-1-1-1	0-1-1-1-1-1-1-1-0-1-0-0
190	2	2-2-2-2-2-2-2-3-3-3-3-2	3-3-3-5-3-3-3-3-3-3-3-3	2-3-3-3-3-3-2-3-3-3-2-2	3-2-3-3-2-1-3-3-3-3-2-1	7-1-3-3-1-2-3-2-3-3-3-1	3-1-3-2-3-7-2-3-2-2-10-3	10-3-2-2-1-2-3-3-3-3-2-2	2-2-6-2-2-1-3-3-1-3-2-3	6-1-2-2-2-4-8-1-4-9-2-3	3-3-3-4-3-2-8-4-1-7-9-3	3-3-3-5-5-3-4-3-3-2-4-2	5-2-4-1-3-3-4-3-3-2-5-4
190	3	2-2-2-2-2-2-2-2-2-2-2-2	2-2-2-4-2-2-2-2-2-2-2-2	6-2-2-2-5-2-4-4-2-2-2-5	4-4-2-2-4-4-2-2-2-2-4-3	6-1-5-4-1-4-4-4-2-2-2-5	4-7-2-2-2-2-4-2-2-2-11-6	3-2-2-2-1-3-2-2-2-2-6-3	2-3-2-3-3-1-2-2-1-2-4-2	2-1-2-3-2-2-1-1-2-2-3-2	2-7-2-2-7-4-5-2-7-1-3-2	2-2-2-0-2-2-1-2-2-3-2-3	2-3-1-3-2-2-3-2-2-2-0-3
190	4	2-2-2-2-2-2-2-2-2-2-2-2	2-2-2-3-2-2-2-4-4-2-3-4	3-5-3-2-3-7-3-5-2-7-5-3	3-5-2-3-3-3-2-3-3-4-6-3	3-4-3-3-5-5-5-3-4-4-2-3	3-5-6-7-4-2-5-2-4-4-11-4	3-4-2-4-5-4-2-4-4-2-3-7	4-3-5-5-3-4-2-5-11-4-3-2	4-1-4-4-4-2-4-1-2-2-3-2	3-4-4-2-3-3-4-2-1-2-5-3	5-2-2-0-2-4-2-2-7-5-2-4	2-4-2-4-4-2-2-2-2-3-6-2
190	5	5-5-5-2-5-2-2-2-2-2-5-5	2-5-2-2-2-2-2-6-4-2-2-4	3-4-3-2-3-2-6-4-6-4-6-3	3-4-5-2-3-3-2-2-6-7-4-3	3-1-3-3-4-6-4-4-4-4-2-3	2-4-4-4-4-2-4-2-4-5-2-5	3-4-8-1-4-5-6-4-5-8-3-4	5-3-4-6-3-1-5-4-4-2-2-2	2-1-4-4-4-2-1-4-2-2-3-6	2-4-2-6-3-6-3-7-3-2-4-6	4-2-2-2-2-2-1-2-4-4-2-4	7-4-1-4-4-2-3-2-2-2-5-2
190	6	6-2-6-6-7-6-6-6-2-2-6-7	2-5-6-2-2-5-2-6-2-4-3-7	3-6-7-2-3-4-5-7-5-4-7-6	3-4-7-2-3-3-8-2-7-6-4-3	3-1-3-2-4-5-7-6-7-2-2-3	2-3-4-4-6-2-7-2-6-4-8-4	3-4-6-1-4-5-7-7-4-2-3-3	0-3-2-5-3-3-6-4-4-6-2-2	2-1-4-4-6-2-3-1-2-7-4-5	2-2-8-5-3-3-3-10-3-2-4-5	1-2-6-6-2-2-3-2-4-4-2-4	2-6-1-1-2-6-3-2-7-7-7-2
190	7	7-7-8-6-6-6-7-2-8-2-7-6	8-6-6-8-2-2-8-14-10-4-10-8	10-7-10-11-8-4-8-6-8-8-6-8	8-8-6-8-10-8-6-11-6-5-4-3	8-1-3-10-1-5-8-8-6-7-7-8	8-3-9-4-7-8-6-7-4-4-4-4	7-4-5-1-8-11-6-6-4-2-3-8	0-8-10-5-8-7-6-13-4-7-7-2	4-4-4-4-6-2-1-1-2-7-9-13	3-3-2-6-3-7-8-5-3-2-7-13	1-2-2-6-2-7-1-2-4-8-2-4	5-7-7-7-4-2-3-2-6-6-6-2
190	8	7-8-8-8-9-8-8-8-8-9-8-8	7-9-10-7-10-9-7-7-7-9-7-7	3-8-8-7-7-6-9-10-7-7-9-7	7-7-7-7-7-7-6-7-9-9-7-1	7-1-3-7-4-9-7-7-9-8-9-7	7-8-7-4-7-7-9-8-4-4-6-8	2-9-5-1-7-8-14-9-5-4-3-7	8-7-7-8-8-8-13-7-4-8-2-2	8-1-4-7-8-2-2-1-10-6-6-9	2-4-8-11-7-9-7-13-3-1-3-7	4-2-2-6-2-8-14-2-4-7-2-4	11-7-7-1-2-2-3-2-6-2-6-10
190	9	10-8-8-8-8-10-10-2-8-8-9-8	10-8-6-10-13-8-10-10-7-8-7-10	9-10-10-7-9-11-8-10-10-8-8-10	10-9-9-7-7-10-10-7-8-8-10-1	9-10-9-9-13-8-10-10-8-9-9-9	10-9-7-9-7-14-8-7-4-0-9-9	9-8-6-12-9-9-6-10-4-2-9-9	2-7-7-8-8-10-8-7-4-9-9-11	9-13-10-10-11-9-9-9-6-2-3-9	10-9-10-10-14-8-8-0-10-11-9-7	11-10-10-10-2-9-11-11-11-2-2-4	2-4-9-9-9-2-2-9-9-9-6-8
190	10	10-10-10-10-11-9-12-10-11-13-11-7	9-8-8-9-8-8-9-9-7-8-7-9	3-9-9-7-7-9-9-9-9-11-11-9	9-9-9-7-7-9-9-7-8-11-11-3	7-9-3-7-9-10-9-10-10-9-13-7	9-13-7-10-7-9-8-8-10-10-2-10	2-11-11-9-9-10-11-9-10-10-9-9	2-7-7-8-10-9-13-6-4-10-9-9	2-9-9-9-9-12-10-9-8-3-10-9	9-7-10-9-9-2-8-13-9-9-9-10	9-14-10-9-2-14-9-9-9-9-2-7	2-7-9-4-14-12-2-9-9-12-10-10
190	11	12-10-14-10-10-10-11-10-10-10-12-10	9-8-10-12-9-8-9-9-13-10-13-9	9-9-12-7-13-12-12-9-9-13-10-12	12-9-9-12-12-12-9-7-11-10-13-11	13-9-14-7-9-11-12-12-8-10-12-11	13-12-13-11-7-9-12-11-10-5-4-10	12-10-10-9-12-9-10-9-10-14-12-12	9-7-7-12-13-9-8-13-4-8-13-9	4-9-12-12-14-2-11-12-10-13-12-7	12-11-8-10-12-13-11-12-9-9-9-13	9-12-11-9-11-9-9-11-9-12-12-4	8-11-7-11-12-2-13-9-9-9-10-8
190	12	13-12-12-12-12-9-10-12-14-12-11-13	13-13-13-11-12-14-9-11-14-13-11-13	9-9-11-11-11-11-11-9-9-11-13-11	11-12-12-11-11-11-9-7-13-13-12-3	11-9-11-7-9-13-13-11-13-12-11-11	11-11-11-12-12-9-13-12-12-12-9-12	11-11-12-9-14-12-13-13-10-12-11-11	2-12-9-11-11-9-12-6-4-12-9-9	12-9-11-11-12-10-9-11-12-12-11-7	11-11-10-11-11-11-11-11-9-9-12-11	9-11-13-9-13-12-9-2-9-11-11-4	8-11-9-11-11-10-11-12-9-13-12-12
190	13	12-11-14-13-14-14-12-12-12-10-14-12	12-8-12-11-9-12-13-11-14-12-11-12	9-14-9-14-11-12-12-9-9-11-12-11	11-9-13-11-11-11-9-7-12-12-11-13	11-13-14-7-9-12-12-11-12-13-11-13	11-13-11-13-12-9-12-13-10-12-0-13	14-10-5-13-13-13-12-12-4-11-11-13	13-13-7-13-11-9-8-11-13-9-11-9	13-9-13-13-13-2-13-13-12-11-11-7	11-13-13-13-13-11-13-14-13-9-13-7	13-11-12-9-12-14-9-13-13-13-2-13	8-11-13-13-13-2-11-9-12-9-10-2
190	14	14-14-14-14-14-14-14-14-14-14-14-14	12-10-14-11-14-12-13-7-13-14-11-9	9-13-14-13-14-14-14-14-13-14-14-14	13-14-14-13-14-14-9-14-14-14-14-13	11-9-14-14-14-14-13-14-12-14-7-7	14-14-14-14-14-9-14-14-14-14-14-14	13-14-14-14-12-14-14-13-14-11-13-13	14-14-11-14-14-9-14-11-13-14-13-14	4-14-14-14-11-14-14-13-14-2-13-13	13-14-14-14-14-11-14-13-14-14-14-14	9-10-12-9-12-10-9-13-14-14-14-14	14-14-14-13-10-14-14-9-14-14-14-14
191	0	0-0-0-0-0-0-0-0-0-0-0-0	0-0-0-0-0-0-0-0-0-0-0-0	0-0-0-0-0-0-0-0-0-0-0-0	0-0-0-0-0-0-0-0-0-0-0-0	0-0-0-0-0-0-0-0-0-0-0-0	0-0-0-0-0-0-0-0-0-0-0-0	0-0-0-0-0-0-0-0-0-0-0-0	0-0-0-0-0-0-0-0-0-0-0-0	0-0-0-0-0-0-0-0-0-0-0-0	0-0-0-0-0-0-0-0-0-0-0-0	0-0-0-0-0-0-0-0-0-0-0-0	0-0-0-0-0-0-0-0-0-0-0-0
191	1	1-1-1-1-1-1-1-1-1-1-1-1	1-0-0-0-0-1-2-2-1-0-1-0	1-1-1-1-1-1-1-2-0-0-2-0	2-2-2-1-1-2-0-1-0-0-0-1	0-1-9-0-2-0-2-1-2-0-1-1	1-1-0-1-1-1-0-1-0-0-0-2	1-0-0-6-2-0-0-2-0-1-1-1	1-0-1-1-1-2-0-1-2-1-1-0	1-1-1-1-0-1-1-2-0-1-1-0	1-1-1-2-2-0-4-0-2-2-1-1	6-0-0-1-0-1-1-1-6-1-1-1	1-1-1-1-1-0-1-1-0-2-0-0
191	2	2-2-2-2-0-2-2-2-2-2-2-3	2-0-0-3-2-2-1-2-2-2-3-3	1-3-3-4-3-3-3-3-3-2-3-3	3-1-1-3-2-3-0-5-3-0-3-1	3-1-3-3-1-2-3-3-2-2-3-2	2-5-3-2-2-3-3-2-2-0-2-1	2-2-0-1-1-1-2-1-2-2-3-2	2-2-2-2-2-1-0-2-1-0-2-0	2-1-2-2-3-2-1-3-0-2-2-2	2-2-0-1-1-2-2-2-1-1-1-2	1-2-0-0-3-1-1-1-1-2-2-2	0-2-1-1-1-0-2-1-0-1-0-0
191	3	3-3-2-3-3-3-3-3-3-3-3-3	4-3-0-2-3-4-4-4-3-4-2-3	2-2-4-2-2-6-4-4-2-4-4-2	2-4-4-2-2-2-4-2-2-3-2-2	2-2-2-2-4-2-4-2-4-2-2-2	2-2-5-10-3-2-2-2-3-3-10-1	2-3-6-1-4-1-3-4-3-3-2-7	2-2-2-4-3-4-3-4-10-3-3-3	3-1-4-3-2-6-1-2-0-3-2-3	4-2-1-2-1-2-2-3-3-1-1-3	3-3-0-0-3-3-3-3-3-2-5-3	4-3-3-1-1-3-2-3-0-1-0-6
191	4	4-4-4-4-4-4-3-4-4-4-4-4	5-5-4-2-4-4-7-3-3-3-2-6	2-3-3-2-2-3-5-5-5-3-5-5	2-3-3-2-2-2-3-2-2-5-6-1	2-2-2-2-3-6-3-6-3-2-2-1	2-2-3-3-3-2-5-4-3-4-0-4	2-3-6-1-3-4-4-5-4-4-2-3	4-2-2-3-4-5-4-3-1-4-3-3	4-1-3-3-4-3-1-3-4-3-2-4	5-2-4-6-1-5-2-3-1-1-1-5	1-11-0-6-5-7-5-3-1-5-6-3	3-3-1-1-1-4-2-5-0-1-6-6
191	5	5-5-5-5-4-5-5-5-5-5-5-5	6-4-6-2-4-6-4-6-3-3-2-6	2-3-4-4-2-3-4-4-7-3-4-4	2-3-6-6-2-2-6-2-6-6-3-1	2-1-1-6-3-4-6-5-6-2-4-1	2-2-3-6-5-2-6-6-5-10-7-4	9-6-6-1-3-4-6-4-3-4-2-10	4-2-4-3-4-4-5-3-3-7-3-3	1-1-6-3-5-3-7-2-6-5-6-4	4-3-5-6-5-4-6-5-6-3-1-4	7-4-11-5-4-6-4-5-1-4-3-3	5-3-1-1-1-4-2-4-6-5-4-6
191	6	5-5-6-6-6-4-6-5-6-5-5-5	5-4-5-2-6-5-4-7-7-5-7-5	7-7-7-7-9-3-7-7-6-3-5-6	7-3-7-7-7-7-5-9-5-5-4-1	9-1-1-5-3-4-7-7-5-6-9-7	2-7-9-3-10-7-5-6-5-5-7-7	6-5-3-1-3-10-5-7-5-11-7-7	5-7-2-7-3-6-7-11-3-6-7-0	7-1-5-8-6-3-1-7-5-7-7-10	4-7-10-6-6-4-7-5-5-1-7-6	1-4-5-10-6-5-4-6-1-7-9-3	5-6-1-1-1-6-2-4-5-6-4-4
191	7	7-7-7-4-7-7-7-7-7-7-7-7	5-8-5-2-6-7-4-8-7-3-6-8	6-6-6-6-6-3-6-6-5-8-8-8	6-7-6-6-6-6-7-2-8-8-8-1	6-1-2-6-3-8-6-6-7-7-6-6	7-6-6-3-7-6-8-7-5-7-5-7	5-7-7-1-7-7-3-6-5-9-6-6	7-9-8-8-7-7-10-7-7-7-6-7	6-7-3-6-5-7-5-6-8-6-6-7	7-6-7-8-6-5-6-5-7-7-6-7	5-4-5-6-6-5-8-5-1-6-6-4	7-6-5-1-7-7-8-7-0-6-7-4
191	8	9-9-9-9-9-8-10-11-9-9-11-9	9-7-7-9-9-10-9-9-9-9-9-10	8-9-9-9-8-9-9-9-9-7-9-9	9-9-9-9-6-9-9-6-7-7-7-9	6-9-1-8-9-7-9-9-7-8-8-8	9-6-6-8-8-11-7-9-10-5-9-8	11-7-9-11-9-8-9-9-5-8-9-6	9-8-9-7-8-9-9-7-8-8-9-10	10-8-9-9-9-9-8-10-9-11-9-6	9-9-7-8-10-9-9-8-9-9-10-7	9-7-9-9-9-8-10-8-10-8-6-8	9-8-8-9-10-9-9-8-9-9-8-8
191	9	8-8-8-8-8-8-9-8-8-8-8-8	8-7-5-8-8-8-8-8-8-8-8-8	11-8-8-8-6-8-8-8-8-9-10-8	8-8-8-8-6-8-8-6-10-9-10-8	6-8-1-6-8-9-8-8-7-8-6-6	8-6-6-8-8-8-10-9-9-9-5-9	8-9-8-1-8-9-9-8-9-7-10-8	8-7-8-7-7-8-8-7-1-8-8-8	8-10-8-8-8-8-8-9-8-10-8-7	8-8-7-9-6-8-8-7-8-8-8-9	8-9-8-8-8-8-8-8-8-8-6-9	8-6-8-9-8-8-8-9-8-8-10-9
191	10	8-8-11-9-9-8-8-8-8-8-8-8	8-7-8-10-8-8-10-11-8-9-8-11	11-10-11-11-10-11-10-10-8-10-9-10	10-10-8-10-10-10-8-6-9-9-9-10	2-8-10-10-8-9-11-10-9-10-6-6	8-6-11-3-10-10-9-10-8-5-3-11	10-10-7-1-9-6-5-9-5-11-9-10	10-10-10-10-10-8-7-10-3-8-6-8	8-9-3-10-11-8-8-8-9-10-10-6	10-10-6-9-8-10-8-5-10-8-8-10	8-9-5-6-8-8-8-8-8-8-10-3	7-6-10-1-8-8-10-8-8-6-9-9
191	11	11-11-11-11-11-11-8-11-11-8-11-11	8-7-11-10-8-8-10-10-8-11-8-10	10-10-11-10-11-10-11-8-8-10-11-10	11-11-11-11-11-11-8-6-10-11-11-1	11-8-11-11-8-11-10-11-11-11-10-8	11-11-11-11-11-8-10-11-11-11-11-11	10-11-11-11-9-11-11-11-11-10-11-11	11-10-10-11-11-8-7-10-10-11-11-8	8-11-3-11-10-11-11-10-9-9-10-9	8-8-11-11-11-10-8-9-11-11-8-11	8-4-5-11-7-3-11-8-11-8-11-11	8-3-11-5-8-11-11-8-8-11-11-9
192	0	0-0-0-0-0-0-0-0-0-0-0-0	0-0-0-0-0-0-0-0-0-0-0-0	0-0-0-0-0-0-0-0-0-0-0-0	0-0-0-0-0-0-0-0-0-0-0-0	0-0-0-0-0-0-0-0-0-0-0-0	0-0-0-0-0-0-0-0-0-0-0-0	0-0-0-0-0-0-0-0-0-0-0-0	0-0-0-0-0-0-0-0-0-0-0-0	0-0-0-0-0-0-0-0-0-0-0-0	0-0-0-0-0-0-0-0-0-0-0-0	0-0-0-0-0-0-0-0-0-0-0-0	0-0-0-0-0-0-0-0-0-0-0-0
192	1	1-1-1-1-1-1-1-1-1-1-1-1	2-1-2-2-2-2-2-1-2-1-2-2	1-2-2-2-1-2-2-2-2-1-7-1	2-0-2-2-0-0-2-2-1-2-1-0	1-0-1-0-0-1-1-1-1-1-1-0	1-2-2-1-1-0-1-3-1-1-0-2	1-1-1-1-1-1-3-2-2-1-1-1	1-1-2-1-1-2-3-2-1-1-0-1	1-0-2-1-3-3-11-0-3-1-1-3	1-1-1-3-3-2-4-1-2-2-0-2	3-2-2-0-2-1-0-1-0-1-3-1	2-1-1-1-2-2-1-5-2-1-1-1
192	2	1-1-1-1-1-1-1-1-1-1-1-1	1-1-1-2-1-1-1-2-1-1-1-1	0-1-3-1-4-3-3-3-1-2-4-3	3-2-1-4-2-3-1-1-4-1-3-0	5-0-2-3-0-2-2-2-2-1-1-2	1-1-3-2-1-0-2-1-1-1-2-1	2-1-1-0-2-1-1-1-1-2-2-2	1-3-3-2-2-1-1-1-2-1-3-1	0-0-1-1-3-1-0-4-1-1-2-2	1-2-1-1-1-1-2-1-1-1-0-1	0-1-1-0-1-1-0-1-0-2-1-1	1-2-5-2-1-1-1-1-1-1-3-1
192	3	1-1-1-1-1-1-1-1-1-1-1-3	1-1-1-2-1-1-1-4-4-4-1-3	0-4-2-1-2-6-2-2-1-2-2-2	2-4-4-2-2-2-1-1-2-3-2-0	2-3-4-2-4-2-4-4-3-3-1-2	2-4-5-5-1-1-4-1-3-3-10-3	2-3-1-3-4-3-1-3-3-1-2-4	6-2-2-4-2-1-1-4-4-1-2-0	3-0-3-4-1-1-10-2-1-1-2-1	4-3-3-1-1-1-3-1-4-1-3-2	3-1-3-0-3-3-0-4-3-4-1-3	1-3-3-4-3-1-1-1-2-3-2-1
192	4	4-4-4-4-4-4-5-4-4-4-4-4	1-6-4-2-1-5-1-5-3-3-1-5	2-4-2-2-2-3-5-5-5-2-5-2	2-3-5-2-2-2-4-2-2-4-2-0	2-3-3-2-3-5-3-5-3-3-1-2	1-3-3-3-4-0-3-4-4-4-8-3	2-1-4-5-3-4-6-5-4-4-2-3	4-2-1-3-2-1-4-3-3-4-3-1	3-0-3-3-4-1-3-5-5-4-2-5	5-3-4-1-1-1-1-4-5-1-3-1	4-1-1-0-1-3-5-3-3-3-1-3	1-3-2-3-1-1-1-1-4-5-6-1
192	5	4-5-4-5-5-5-5-5-5-5-6-5	6-6-6-1-1-4-10-4-6-3-1-3	2-5-4-6-2-2-4-6-6-6-6-6	5-3-6-2-2-3-6-2-6-5-6-0	2-0-7-2-3-4-6-5-6-3-1-2	2-5-3-3-5-0-6-6-5-4-7-3	3-1-4-4-5-4-6-6-4-5-2-6	4-4-3-6-2-1-5-3-3-4-3-1	3-0-4-4-5-1-3-4-4-6-4-4	4-3-5-6-6-5-6-7-4-1-3-2	3-1-1-5-10-6-4-3-3-3-1-3	1-3-2-3-5-1-1-1-5-4-4-5
192	6	7-5-5-5-6-7-5-5-6-5-5-7	5-5-5-7-1-1-7-5-7-3-7-6	7-7-7-7-8-3-7-7-5-5-5-7	7-7-7-7-8-7-5-8-5-5-5-7	7-6-7-7-3-4-7-7-5-7-7-7	7-7-3-8-6-9-5-6-5-4-7-8	4-1-4-7-5-3-5-5-4-6-7-5	3-6-1-7-5-1-5-8-3-4-6-1	7-0-4-3-6-1-7-7-8-7-7-6	7-3-6-6-7-1-8-5-7-1-7-1	1-1-6-7-5-5-0-6-7-6-6-3	6-6-2-6-7-1-2-1-5-1-4-5
192	7	7-8-7-7-8-7-7-7-7-7-5-7	8-8-8-6-8-6-6-6-6-3-6-7	6-6-6-6-8-3-8-6-5-8-8-6	6-6-6-6-6-6-5-6-8-7-8-6	6-6-6-6-8-8-8-6-8-6-6-6	8-8-8-7-10-6-8-7-7-7-6-7	2-8-7-7-8-7-8-8-7-7-6-5	7-7-1-6-7-8-8-7-3-7-6-1	6-7-3-3-7-7-6-6-8-6-8-9	6-3-6-9-6-1-6-8-6-1-6-8	10-7-6-11-1-5-0-3-6-3-1-3	1-3-9-6-6-7-1-1-10-9-7-8
192	8	7-7-11-8-7-7-8-5-7-8-8-5	7-5-7-8-1-1-9-9-7-5-9-9	8-6-8-9-8-6-7-9-8-7-7-8	8-8-6-9-6-6-5-6-7-7-7-9	6-10-8-6-8-7-7-8-7-8-6-8	7-7-7-6-8-6-7-7-7-7-4-6	3-7-7-10-7-10-7-7-7-6-9-8	8-7-9-7-7-10-7-6-3-8-8-8	8-9-3-7-10-1-8-7-7-1-7-8	8-3-8-8-9-8-6-7-8-8-8-7	8-1-3-10-9-8-9-10-10-6-1-8	8-3-8-6-8-1-1-8-8-10-8-7
192	9	11-10-10-11-11-11-11-10-11-11-11-11	10-10-10-8-10-10-10-8-10-10-8-11	9-9-10-10-10-10-10-11-10-10-10-10	10-10-10-10-6-8-10-10-10-10-10-8	10-8-9-10-8-9-9-9-7-10-10-8	10-9-10-9-9-10-9-10-9-9-8-9	10-10-9-9-10-9-9-7-9-10-11-11	9-9-10-7-9-8-9-10-3-10-11-10	9-9-9-9-11-10-11-10-10-11-7-10	9-11-6-11-9-9-9-7-9-8-8-10	8-10-10-8-11-10-8-8-8-9-10-10	11-10-9-9-9-10-9-10-9-9-10-10
192	10	9-9-9-9-9-9-9-9-9-9-9-9	9-9-9-10-9-9-9-11-9-9-9-9	11-10-9-9-9-9-9-9-9-9-9-9	9-9-9-9-10-10-9-9-9-9-9-10	9-8-10-9-9-10-11-10-10-9-9-6	10-10-9-9-7-9-10-9-9-9-3-9	10-9-9-8-7-8-9-9-9-9-10-10	9-10-9-10-10-8-7-11-10-9-6-9	3-9-3-10-8-9-10-9-9-9-10-9	10-3-8-9-10-11-10-7-8-8-8-9	8-9-9-8-11-8-8-8-8-10-9-11	10-10-9-10-9-9-10-9-9-9-9-9
192	11	11-9-11-9-11-9-9-11-9-9-9-9	9-9-9-10-9-9-9-10-9-11-9-9	9-11-11-9-11-11-11-9-9-11-11-11	10-11-9-11-11-11-9-11-11-11-11-10	9-8-11-11-11-11-10-11-9-9-9-6	11-11-11-9-11-9-9-11-11-11-11-11	10-11-11-11-7-11-9-7-11-9-9-9	11-11-9-11-11-9-11-10-10-11-9-9	9-11-11-11-9-9-11-9-11-9-10-8	9-11-11-11-11-10-11-9-11-11-11-11	8-11-11-7-9-8-8-9-11-11-9-10	9-11-11-9-9-11-11-9-11-11-11-11
193	0	0-0-0-0-0-0-0-0-0-0-0-0	0-0-0-0-0-0-0-0-0-0-0-0	0-0-0-0-0-0-0-0-0-0-0-0	0-0-0-0-0-0-0-0-0-0-0-0	0-0-0-0-0-0-0-0-0-0-0-0	0-0-0-0-0-0-0-0-0-0-0-0	0-0-0-0-0-0-0-0-0-0-0-0	0-0-0-0-0-0-0-0-0-0-0-0	0-0-0-0-0-0-0-0-0-0-0-0	0-0-0-0-0-0-0-0-0-0-0-0	0-0-0-0-0-0-0-0-0-0-0-0	0-0-0-0-0-0-0-0-0-0-0-0
193	1	1-1-1-1-1-1-1-1-1-1-1-1	1-0-1-1-1-1-1-1-4-1-2-2	1-2-2-2-0-2-2-1-2-1-1-2	2-1-2-0-2-2-1-3-0-5-1-2	2-2-2-0-2-0-2-2-0-1-3-1	2-2-0-4-1-2-2-2-0-0-1-1	2-1-0-2-1-1-0-0-0-5-2-1	1-1-2-2-1-2-0-2-2-1-2-1	1-2-2-2-1-2-1-2-2-1-3-2	2-1-1-0-2-2-2-3-2-1-1-1	1-0-1-2-0-1-2-1-2-2-0-1	1-3-2-2-1-2-2-1-1-1-1-1
193	2	2-3-2-2-2-2-2-2-1-2-2-2	1-4-2-1-1-1-1-1-1-2-1-1	1-1-1-1-0-1-3-1-1-4-3-1	1-1-1-0-1-1-1-1-3-0-2-1	1-1-1-0-1-3-1-1-3-1-0-0	1-1-1-1-1-1-3-1-2-2-2-1	1-4-0-1-1-1-2-3-1-2-1-3	2-1-1-1-1-1-5-1-1-1-1-1	2-1-1-1-1-1-1-1-1-1-2-1	1-1-2-5-2-1-1-6-1-1-1-2	1-2-2-1-0-2-1-4-1-1-0-2	5-3-1-1-1-1-1-1-5-5-2-5
193	3	4-2-3-3-2-3-3-1-1-2-3-2	1-2-2-3-3-2-1-4-1-2-5-4	3-4-4-3-3-1-2-4-5-2-2-5	4-3-4-4-1-4-5-1-2-1-4-4	1-3-1-3-1-2-4-3-2-3-1-3	4-1-0-3-1-12-2-1-3-0-3-4	3-3-3-9-3-3-2-4-4-1-3-2	1-1-9-1-1-9-2-1-3-3-4-5	3-1-1-1-1-3-1-4-2-1-1-1	3-3-2-4-7-1-1-1-1-7-4-3	3-3-3-4-3-3-9-3-3-1-3-2	3-2-3-1-3-1-2-4-3-2-3-2
193	4	3-3-4-4-4-3-3-1-5-4-2-5	1-2-2-4-3-2-1-3-1-2-6-3	7-3-5-5-5-5-5-5-3-5-5-3	3-3-3-3-5-5-3-5-5-1-3-3	5-3-5-5-5-4-3-5-2-3-1-5	10-3-0-1-1-5-4-5-3-4-10-3	2-2-4-8-3-4-2-3-3-5-10-3	1-5-8-5-6-3-4-2-4-3-3-3	3-1-4-3-5-10-10-3-1-2-1-3	5-4-2-3-6-9-6-4-1-3-3-4	10-4-3-3-3-3-4-4-10-4-3-2	3-2-4-1-4-4-1-3-3-2-3-6
193	5	6-6-4-5-5-5-5-5-5-6-5-6	6-2-2-4-5-6-3-5-5-6-4-5	3-6-4-4-4-6-4-4-3-6-6-6	6-6-3-4-4-4-3-4-5-1-7-3	4-3-4-4-6-5-6-6-5-5-1-4	6-4-6-6-5-4-5-4-5-5-11-5	5-5-5-5-6-1-2-5-5-6-5-6	5-4-5-5-5-3-2-6-5-3-5-3	5-1-5-5-5-7-5-1-7-1-5-9	4-5-5-2-6-6-5-5-1-1-6-5	4-5-2-3-6-1-3-5-5-5-6-5	6-5-1-1-5-5-5-5-2-2-3-2
193	6	6-6-6-6-6-6-6-6-6-6-6-5	7-8-6-3-7-5-3-8-5-5-4-3	3-5-7-4-4-7-7-7-7-5-7-5	5-5-7-7-4-5-5-4-7-6-5-1	4-3-1-4-5-7-7-5-5-5-7-4	7-1-5-5-5-4-7-6-6-9-5-6	7-5-7-5-5-4-6-7-11-7-4-5	6-4-5-7-5-3-6-5-5-1-3-3	6-1-5-5-5-7-4-1-6-6-5-13	7-5-2-7-5-5-4-2-1-1-5-4	4-7-7-7-5-3-3-5-3-5-5-5	6-5-3-1-4-12-5-8-3-8-7-4
193	7	7-9-7-7-7-8-8-7-9-7-9-8	8-8-8-7-8-8-8-7-7-8-8-8	7-8-6-4-4-6-7-7-9-8-6-7	8-6-8-9-4-8-7-4-7-12-5-3	8-3-1-9-5-6-6-6-9-8-6-11	6-8-5-3-7-4-8-7-7-7-9-8	6-8-7-1-5-7-12-6-8-6-4-8	9-9-6-6-5-3-9-5-5-7-3-3	6-1-6-5-7-8-1-8-6-8-8-10	6-5-10-6-8-8-8-9-7-3-13-8	4-13-13-9-13-8-3-5-3-5-12-5	9-8-7-1-13-6-8-6-3-2-6-12
193	8	7-9-9-9-7-7-7-7-7-9-8-7	7-6-7-9-7-7-7-10-7-7-9-9	8-9-9-8-8-9-9-8-9-7-9-8	9-8-9-9-8-9-8-8-8-7-9-8	7-3-8-8-7-7-9-9-7-8-10-8	8-7-7-8-11-7-7-7-7-7-7-9	1-7-8-4-8-8-7-8-7-10-9-7	10-8-9-13-7-12-8-8-5-9-8-8	8-8-8-7-9-8-8-7-9-8-7-7	8-10-7-7-7-7-7-10-7-8-9-7	9-7-7-7-10-7-8-9-9-8-7-5	9-7-8-10-7-9-7-9-10-9-10-8
193	9	8-8-8-8-8-9-7-7-7-8-7-7	7-11-7-8-10-7-8-8-7-8-8-8	3-9-8-8-10-8-10-8-8-10-10-10	8-8-8-8-8-8-9-4-10-7-10-3	4-3-1-7-5-10-8-8-10-8-8-8	8-8-5-8-7-4-10-11-9-7-7-11	1-10-8-3-8-9-7-9-9-8-8-10	8-7-8-9-9-3-12-5-5-9-3-3	8-1-9-5-8-7-8-10-12-7-9-12	8-8-10-11-9-12-7-7-1-8-8-10	8-7-7-7-8-9-3-8-8-5-7-5	8-7-3-10-4-8-5-8-3-8-8-11
193	10	7-10-13-7-7-7-7-7-7-7-9-7	7-9-7-10-9-7-11-13-11-8-8-13	10-11-8-8-9-9-9-12-10-9-9-9	11-11-10-11-10-11-11-1-9-7-9-1	5-10-1-7-9-9-11-11-9-8-8-10	4-10-5-10-11-12-9-11-11-7-4-8	10-9-9-8-11-8-7-11-7-8-4-9	8-9-10-9-5-11-7-5-5-12-11-12	10-12-8-5-5-4-4-9-9-8-10-10	12-8-9-9-11-7-7-8-1-11-11-9	12-7-7-11-8-10-12-10-12-8-7-5	8-5-10-9-10-8-7-11-8-10-8-7
193	11	7-10-8-7-7-7-13-7-11-13-9-8	7-9-7-12-7-7-10-10-10-7-8-10	12-10-10-13-11-12-12-10-10-9-10-10	12-10-9-10-11-12-10-12-9-7-12-12	12-10-12-12-12-9-12-12-9-11-8-11	8-7-5-11-8-11-9-12-10-7-7-9	12-9-8-12-10-11-7-10-7-8-12-9	8-11-10-11-11-10-9-5-5-12-10-10	10-10-11-5-12-11-11-11-9-8-11-9	11-11-7-9-10-12-12-7-1-10-10-11	10-7-7-10-7-10-10-11-12-11-7-5	8-7-10-11-11-6-11-10-3-10-9-9
193	12	12-10-13-7-8-7-8-12-7-8-12-13	7-9-7-11-8-7-10-10-10-8-8-10	10-10-11-11-11-13-11-10-10-11-11-11	11-12-12-10-11-11-10-11-11-7-11-11	11-8-11-12-11-12-11-11-12-12-11-12	8-12-13-12-8-10-11-11-8-7-5-12	11-7-7-12-9-12-7-12-7-13-11-12	12-12-11-12-11-10-9-5-13-10-12-10	12-10-11-12-12-13-12-12-9-8-11-9	10-11-12-9-12-12-12-7-12-10-12-12	10-7-7-7-7-10-10-11-11-11-7-12	8-12-10-12-11-6-11-10-3-10-9-7
193	13	13-13-13-13-13-13-11-13-13-13-13-13	7-9-13-11-13-8-11-10-10-13-8-10	12-12-13-11-13-12-13-13-10-13-13-13	13-13-13-13-13-13-10-13-13-7-13-10	11-10-13-13-13-13-12-12-7-13-8-8	13-13-12-12-13-13-13-13-13-13-13-12	11-13-13-13-9-13-6-12-13-12-11-7	13-13-12-13-13-10-13-5-12-13-8-13	10-13-13-13-12-13-13-7-13-13-11-9	8-8-13-9-13-13-13-8-13-13-13-13	13-7-7-7-7-13-10-13-13-13-13-13	8-13-13-1-7-13-13-10-13-13-13-7
194	0	0-0-0-0-0-0-0-0-0-0-0-0	0-0-0-0-0-0-0-0-0-0-0-0	0-0-0-0-0-0-0-0-0-0-0-0	0-0-0-0-0-0-0-0-0-0-0-0	0-0-0-0-0-0-0-0-0-0-0-0	0-0-0-0-0-0-0-0-0-0-0-0	0-0-0-0-0-0-0-0-0-0-0-0	0-0-0-0-0-0-0-0-0-0-0-0	0-0-0-0-0-0-0-0-0-0-0-0	0-0-0-0-0-0-0-0-0-0-0-0	0-0-0-0-0-0-0-0-0-0-0-0	0-0-0-0-0-0-0-0-0-0-0-0
194	1	1-1-1-1-1-1-1-1-1-1-1-1	1-2-1-2-2-1-1-1-1-1-0-2	1-2-1-1-0-1-1-1-2-2-1-1	2-1-2-0-1-2-1-2-0-0-1-1	1-2-1-1-2-0-1-1-2-1-0-1	1-2-0-1-1-2-2-1-4-0-12-1	1-1-0-1-1-2-2-0-0-1-1-1	1-1-2-2-1-1-1-1-1-1-1-1	1-1-1-1-1-2-1-2-1-1-1-2	1-1-1-2-1-1-0-1-1-1-1-2	1-2-2-0-0-1-1-2-1-1-0-1	1-2-1-5-1-1-1-1-2-1-1-9
194	2	3-2-3-3-3-3-3-3-3-3-3-3	3-3-4-1-3-3-1-2-3-3-3-3	2-2-3-2-2-3-2-3-3-2-2-2	3-3-3-2-1-1-3-1-1-1-2-1	1-5-1-1-3-2-3-3-1-2-2-2	2-1-0-7-3-1-1-1-3-0-1-1	1-1-2-1-2-9-1-2-0-2-12-1	12-1-1-1-1-3-4-1-1-3-1-3	2-3-2-2-8-1-1-9-4-1-2-1	2-9-3-1-1-4-9-2-3-3-1-1	9-1-1-5-9-3-2-8-3-2-0-1	6-1-2-1-1-9-1-10-9-3-9-1
194	3	2-2-2-2-2-2-2-2-2-2-2-2	2-2-2-4-2-2-2-4-2-2-2-2	4-4-2-4-5-2-4-2-2-3-2-3	4-2-2-5-6-4-2-6-3-0-4-1	6-1-1-4-2-3-4-4-3-3-13-4	6-1-4-2-2-3-4-4-2-0-5-4	1-3-2-1-1-1-4-4-0-1-4-5	2-3-4-2-3-2-2-4-1-2-1-2	1-2-1-8-4-0-1-5-2-3-4-3	2-1-2-2-5-3-5-1-2-2-1-4	2-3-2-2-0-2-1-2-2-3-1-3	1-3-3-1-1-2-5-2-2-2-2-1
194	4	2-2-2-2-2-2-2-2-2-2-2-2	2-4-2-3-2-2-2-7-2-2-2-4	3-3-3-3-3-7-3-5-2-7-5-3	3-5-5-3-3-3-2-3-3-4-3-1	3-2-1-3-5-4-5-3-5-4-3-3	3-6-6-2-2-1-5-4-4-4-11-3	1-4-4-4-5-1-5-3-0-2-3-7	2-3-3-5-4-2-2-6-5-2-6-2	4-2-5-4-3-6-5-5-2-4-3-6	7-4-2-5-3-2-5-2-2-5-4-3	7-5-1-2-5-4-4-4-5-3-5-4	1-4-2-1-1-4-4-4-3-1-2-1
194	5	5-5-5-5-2-2-2-2-2-2-2-2	2-5-7-3-2-2-2-4-2-2-2-6	3-4-2-3-3-4-6-5-5-4-6-6	4-4-5-3-3-3-2-3-5-6-4-1	3-2-1-3-4-7-4-4-4-5-9-3	3-4-4-2-2-3-4-5-5-5-3-5	1-5-5-4-4-8-4-6-0-4-3-3	2-3-3-6-6-2-13-4-4-6-4-2	5-5-4-4-9-6-6-3-7-5-7-13	1-4-5-5-3-4-3-5-2-4-1-3	7-5-7-2-4-5-2-6-4-4-6-4	5-6-3-1-1-5-4-5-2-2-2-5
194	6	7-2-6-6-7-6-5-2-2-2-9-2	2-7-5-3-2-2-2-7-2-7-3-5	3-6-3-7-3-4-5-8-8-8-7-5	7-6-7-3-3-4-7-3-7-5-4-1	3-2-1-7-4-5-7-6-7-3-5-3	3-4-4-2-6-3-7-7-6-7-6-5	1-5-6-1-4-5-7-7-9-6-3-4	10-3-3-5-5-2-0-4-4-5-4-2	2-2-7-5-2-5-5-3-5-5-6-4	4-1-6-5-5-13-5-6-2-4-1-3	2-7-5-2-2-2-2-5-1-4-5-4	2-5-3-1-1-6-4-2-2-2-7-7
194	7	6-7-7-5-6-7-2-2-7-2-6-6	2-6-5-3-2-2-8-4-2-6-8-5	8-8-8-8-8-4-8-6-7-4-6-8	7-4-6-7-8-8-6-7-6-6-4-1	8-2-1-8-4-5-8-8-6-8-8-7	3-8-8-2-2-9-6-6-6-6-8-8	3-6-6-1-4-6-6-8-0-6-8-8	6-8-3-8-4-7-2-6-4-2-7-2	2-2-6-8-2-6-1-8-5-8-5-9	4-1-9-7-8-7-7-6-2-4-8-8	4-6-5-2-2-7-1-2-1-3-8-4	5-7-7-7-1-2-5-2-2-7-6-6
194	8	8-9-9-8-8-6-9-10-2-5-8-2	2-9-9-2-2-2-7-9-2-6-7-9	7-7-7-7-7-4-7-6-9-9-9-7	8-8-8-7-7-7-9-7-9-6-8-1	7-2-1-7-4-9-7-7-9-8-7-7	3-7-9-2-9-2-9-8-8-8-11-8	1-8-8-1-11-5-7-7-0-10-7-7	8-9-3-7-9-2-9-6-4-2-2-2	2-2-2-7-2-8-1-7-9-7-9-12	2-2-8-5-7-7-7-6-2-4-7-7	2-6-5-2-12-7-2-2-1-2-7-4	11-7-7-1-1-6-10-2-2-7-8-8
194	9	9-8-8-10-10-10-10-2-10-10-8-6	10-6-8-10-9-8-11-8-10-2-10-10	10-10-10-3-9-10-10-9-10-10-8-10	10-9-8-7-7-10-8-7-8-9-9-10	7-10-1-7-12-8-10-9-8-10-9-9	10-7-8-9-8-13-8-8-9-6-3-10	9-8-9-10-9-2-6-10-6-8-10-9	2-8-10-8-8-10-8-7-4-9-9-10	9-10-10-10-10-9-9-10-5-4-8-8	2-2-9-9-11-6-12-6-9-10-10-3	10-9-9-12-2-9-10-2-11-2-7-4	8-7-9-1-9-2-8-9-2-9-2-1
194	10	10-13-10-10-11-10-9-10-9-9-9-10	11-12-8-9-10-10-9-9-9-10-9-9	9-9-9-7-7-9-9-9-9-10-9-9	9-9-10-7-7-9-11-7-11-11-11-9	7-9-1-7-9-10-9-10-11-9-7-7	9-9-8-10-10-9-11-9-10-10-3-9	1-11-2-9-9-10-11-9-10-10-9-12	6-8-9-11-10-9-10-7-1-10-9-9	2-9-9-9-9-12-9-11-10-11-9-8	9-1-11-9-7-6-12-6-2-9-9-11	9-12-9-9-2-9-9-2-9-2-11-11	8-7-9-1-9-2-8-2-2-9-11-6
194	11	11-12-13-13-12-11-13-13-12-13-13-13	13-10-12-13-12-13-13-12-13-13-12-13	11-11-12-13-12-9-11-9-12-12-12-11	12-9-10-12-12-12-10-7-10-10-10-11	7-9-11-7-9-10-12-11-12-10-11-11	12-7-12-11-8-9-10-12-6-8-8-11	13-10-12-11-8-11-6-12-10-12-9-12	4-12-13-12-11-9-10-12-12-10-9-9	9-9-10-12-13-11-12-10-12-10-12-8	2-2-12-9-9-12-11-13-11-9-9-12	9-10-10-9-2-12-9-8-9-2-12-12	8-7-11-11-11-2-11-2-2-9-10-8
194	12	11-11-11-12-11-11-11-11-11-11-11-11	11-10-11-11-11-11-11-11-11-11-11-11	9-12-11-11-11-9-11-11-11-11-11-12	13-9-12-11-11-11-12-7-11-10-11-11	11-9-11-11-9-10-11-12-11-12-11-12	12-7-11-11-8-9-11-11-10-8-1-11	2-11-11-12-11-11-11-11-10-11-2-11	2-11-1-11-11-12-10-11-11-10-9-9	2-9-12-11-11-12-11-10-11-11-11-8	13-2-11-9-11-11-11-13-11-12-11-11	12-10-11-9-12-12-9-7-10-12-11-11	8-2-12-11-6-2-12-2-5-9-12-10
194	13	13-13-11-11-13-13-11-13-13-11-13-13	11-11-13-11-11-11-11-11-11-13-11-11	9-13-13-11-13-13-13-13-11-13-13-13	12-13-12-12-13-13-12-7-13-13-13-9	13-9-13-13-13-13-12-13-13-13-3-7	13-13-13-13-13-9-13-13-13-13-13-11	11-13-13-13-8-13-13-13-13-13-11-11	13-13-7-13-13-9-8-7-11-13-11-9	2-13-13-13-11-13-13-11-13-11-11-8	12-13-13-13-13-6-13-11-13-13-13-13	11-13-5-9-8-9-9-13-13-13-13-13	2-13-13-1-11-13-13-9-13-13-13-1
195	0	0-0-0-0-0-0-0-0-0-0-0-0	0-0-0-0-0-0-0-0-0-0-0-0	0-0-0-0-0-0-0-0-0-0-0-0	0-0-0-0-0-0-0-0-0-0-0-0	0-0-0-0-0-0-0-0-0-0-0-0	0-0-0-0-0-0-0-0-0-0-0-0	0-0-0-0-0-0-0-0-0-0-0-0	0-0-0-0-0-0-0-0-0-0-0-0	0-0-0-0-0-0-0-0-0-0-0-0	0-0-0-0-0-0-0-0-0-0-0-0	0-0-0-0-0-0-0-0-0-0-0-0	0-0-0-0-0-0-0-0-0-0-0-0
195	1	1-1-1-0-1-1-1-1-1-1-1-1	1-0-0-1-0-1-1-1-1-0-1-0	1-1-3-1-1-0-0-0-1-0-0-1	1-1-2-1-2-1-0-1-0-0-0-1	0-1-6-0-1-0-2-1-0-1-1-1	1-1-0-0-1-1-0-1-0-0-0-1	7-0-0-7-1-1-0-1-1-1-1-1	1-0-1-1-0-1-0-1-1-1-1-0	1-1-1-2-0-1-1-1-0-1-1-0	1-1-1-1-0-0-0-0-1-1-1-0	0-1-0-0-1-1-1-1-1-1-1-1	1-1-1-1-1-1-1-1-0-1-0-0
195	2	2-2-2-2-2-2-3-2-2-3-3-2	3-3-3-3-3-3-3-3-3-3-3-3	2-4-1-3-3-3-3-2-3-3-5-3	3-3-3-3-2-1-3-3-2-3-2-2	3-2-2-3-1-2-3-2-3-2-6-2	3-1-3-9-3-1-2-3-2-3-18-2	4-2-3-2-3-2-2-2-3-4-6-3	2-2-7-1-2-1-3-3-2-3-3-7	2-5-2-2-2-4-2-1-4-9-2-3	2-5-4-3-3-3-2-2-1-3-5-3	3-3-5-5-5-3-5-3-3-2-4-2	5-3-2-1-5-3-4-3-9-2-9-4
195	3	2-2-2-2-2-2-2-2-2-2-2-2	2-2-2-2-2-2-2-2-2-2-2-2	1-3-1-2-4-2-4-4-2-2-4-4	4-4-2-2-4-4-2-4-2-2-4-1	4-1-4-5-1-3-4-4-2-2-3-4	2-4-3-2-2-5-3-2-2-2-10-2	3-5-2-1-3-2-2-3-2-2-4-2	2-3-4-3-3-1-2-4-3-2-2-2	2-2-2-3-4-2-2-1-2-2-4-2	4-3-2-2-4-4-3-2-1-2-2-2	2-2-2-2-2-2-2-2-2-4-2-2	2-2-1-1-2-2-3-2-2-2-2-2
195	4	2-2-2-2-2-2-2-2-2-2-2-2	2-2-2-3-2-2-2-5-4-5-3-3	1-5-3-3-3-7-3-5-2-7-4-3	3-5-2-3-3-3-2-3-3-4-6-1	3-4-3-3-6-3-5-3-4-4-2-3	2-3-5-7-4-2-4-5-4-4-16-4	2-4-4-1-5-2-5-4-4-2-3-7	2-3-3-5-4-1-2-5-5-2-4-2	4-2-4-4-2-2-1-5-2-2-3-2	3-4-2-2-3-3-3-2-4-1-4-2	4-2-2-2-2-4-2-4-4-3-2-4	2-4-2-1-4-2-2-2-2-2-2-2
195	5	5-5-5-2-5-6-5-2-5-2-5-5	2-2-2-2-2-2-2-4-4-4-3-6	3-5-3-2-3-2-6-4-2-4-6-5	3-4-6-4-3-3-2-3-6-5-4-1	3-1-1-3-4-6-4-3-4-4-2-3	2-3-4-2-4-3-4-4-2-5-2-4	2-3-8-1-4-0-7-7-5-4-3-4	2-3-4-6-3-1-5-4-4-5-2-2	2-2-4-4-4-2-2-4-2-3-3-2	6-2-5-2-3-2-2-6-6-2-2-6	4-2-2-2-2-2-6-2-1-4-6-4	2-4-1-1-6-2-3-2-2-2-2-2
195	6	6-5-6-6-6-5-6-6-2-2-6-5	2-9-2-3-2-7-2-4-2-4-2-5	1-6-3-3-3-4-5-7-8-4-7-6	4-4-7-3-3-3-2-3-7-7-4-1	3-1-1-7-4-5-7-6-7-2-2-3	2-4-4-4-6-2-7-7-6-6-0-4	1-8-6-1-4-6-7-5-5-6-2-4	2-3-2-5-4-1-6-6-5-6-2-2	2-2-2-4-6-2-2-1-7-2-6-5	5-2-6-8-3-6-3-5-5-2-2-5	2-2-2-2-2-6-5-2-1-5-5-4	2-4-1-1-5-2-3-2-18-7-6-8
195	7	2-7-6-6-6-5-2-2-2-2-6-6	2-6-2-8-6-6-9-8-8-2-8-8	8-8-8-9-8-4-8-8-6-4-6-8	8-8-6-8-8-8-2-8-6-6-4-1	8-1-1-6-4-5-8-8-6-8-8-7	8-8-8-4-6-8-6-6-4-6-4-8	1-8-6-1-4-7-6-8-4-9-8-8	2-8-2-8-7-1-6-7-4-6-7-2	4-4-7-8-7-2-1-8-8-8-9-7	2-8-5-6-7-7-7-5-7-2-7-8	2-2-5-7-5-6-1-7-1-7-2-4	2-7-7-7-2-2-3-2-6-6-2-6
195	8	8-8-8-8-8-5-8-8-8-9-9-8	6-9-9-7-2-2-7-7-7-4-7-7	7-7-7-7-7-8-7-9-6-9-9-7	7-7-7-7-7-7-9-7-9-9-9-1	7-1-1-7-4-9-9-7-9-8-7-7	7-7-7-8-11-7-9-8-9-8-2-7	2-6-9-2-9-8-6-7-6-10-7-7	2-7-8-7-7-1-16-7-4-8-2-2	2-8-8-7-7-8-2-7-9-7-7-8	9-2-8-8-7-2-7-5-1-2-7-7	2-2-13-2-2-14-2-2-5-7-2-4	2-7-7-1-2-2-3-2-2-7-5-6
195	9	9-8-6-8-9-9-8-8-8-8-9-6	7-6-8-7-2-8-7-8-8-8-7-7	9-9-10-7-7-10-8-10-9-8-8-9	9-9-6-7-7-7-9-10-8-8-10-1	7-10-1-7-11-8-8-9-8-9-2-9	10-9-8-2-9-16-8-8-8-6-12-7	9-6-8-9-8-9-6-8-4-7-9-7	2-7-10-8-7-12-8-7-7-9-9-16	9-9-9-7-7-2-9-10-8-2-7-7	12-2-9-9-8-7-8-5-9-11-12-7	12-2-8-9-2-9-12-9-14-2-2-4	2-4-9-12-9-2-2-9-2-9-2-6
195	10	12-12-11-12-11-12-11-12-12-11-11-12	11-11-11-11-13-11-11-11-11-11-11-11	10-10-9-11-11-11-9-11-11-11-9-10	11-9-11-11-7-9-11-7-11-12-11-9	12-9-11-7-9-10-10-10-11-15-12-9	12-11-11-10-11-12-11-11-12-10-14-10	14-11-11-10-11-10-10-11-11-17-9-11	11-8-15-11-11-9-8-19-10-18-9-11	14-12-10-10-9-11-12-9-12-13-11-11	11-12-11-19-11-11-11-11-9-9-9-13	10-16-12-9-14-10-9-11-9-11-16-12	11-10-10-10-11-15-15-14-14-12-14-19
195	11	10-10-10-10-10-10-10-10-10-10-10-10	10-10-10-12-10-10-10-11-10-10-10-10	11-11-12-12-10-10-12-10-10-10-12-11	12-10-10-10-12-12-10-13-10-10-10-11	14-9-11-12-9-11-12-12-10-10-10-11	10-13-12-10-16-14-10-10-10-6-4-13	10-10-10-10-12-11-10-12-10-10-9-12	10-14-10-12-12-9-8-13-12-12-13-10	10-10-10-12-19-10-10-12-10-10-15-10	10-12-10-10-12-15-12-10-12-9-9-12	9-10-8-12-10-10-9-10-9-10-10-4	10-7-10-10-10-10-10-10-6-10-12-10
195	12	10-10-11-10-10-10-10-10-10-10-10-10	10-13-10-11-10-10-11-11-10-10-10-11	11-12-11-11-10-11-13-11-10-11-13-13	11-9-10-11-11-11-10-11-10-10-12-1	10-9-1-11-9-12-11-11-13-10-10-7	10-11-11-10-12-9-11-8-10-14-9-11	10-15-10-13-11-12-19-11-10-12-9-11	10-11-10-11-11-9-8-11-11-11-9-9	10-10-10-11-12-10-10-11-10-16-11-10	10-11-12-10-11-11-11-12-11-9-9-11	9-10-10-11-10-10-9-10-9-10-10-10	10-4-9-10-10-10-11-10-10-14-13-10
195	13	10-10-10-10-10-10-12-10-10-10-10-10	10-12-10-11-10-10-10-11-10-10-11-12	9-14-14-11-15-10-14-14-14-13-12-12	14-14-13-14-11-14-10-11-14-15-14-11	11-9-13-14-14-12-14-14-12-16-14-14	13-14-14-10-10-9-14-11-10-10-4-14	10-10-10-12-10-11-6-14-13-10-14-11	10-11-10-14-11-9-8-15-14-10-11-10	10-10-19-14-11-10-13-9-10-10-11-10	14-15-13-12-11-11-14-5-9-9-9-10	9-10-8-5-12-11-9-10-13-14-10-13	10-7-10-14-9-10-10-10-6-10-12-10
195	14	10-10-10-10-10-12-10-10-10-10-10-10	10-10-10-11-10-10-10-11-10-10-13-11	9-13-13-11-13-15-13-13-13-15-15-14	13-13-13-13-13-13-14-11-13-13-13-1	11-9-13-13-13-15-13-13-15-13-13-13	13-13-13-10-12-11-13-14-14-12-10-13	10-10-10-1-15-14-15-13-13-10-9-11	10-11-10-13-11-9-8-13-13-11-14-10	10-10-10-13-13-10-9-9-10-10-11-10	13-13-13-15-15-10-13-14-11-9-9-11	9-10-18-16-10-10-9-10-9-13-10-4	10-7-9-13-9-10-11-10-10-16-10-14
195	15	10-15-10-10-10-10-10-10-10-10-10-10	10-14-10-11-10-10-15-16-10-10-10-14	16-16-16-11-13-16-14-16-16-14-14-15	16-16-16-13-11-13-10-11-13-13-10-17	10-16-17-13-16-14-16-13-14-10-13-13	17-13-13-16-12-9-14-10-12-10-17-11	15-12-10-15-14-16-14-13-4-10-15-11	10-11-10-13-11-16-8-13-15-10-13-9	16-15-16-13-11-10-16-15-10-10-11-10	15-13-15-14-14-11-10-5-15-16-17-11	16-10-14-14-14-19-15-17-17-15-10-13	15-7-9-15-17-10-10-15-14-14-12-10
195	16	19-18-10-10-10-10-10-10-10-10-10-11	10-10-10-17-10-10-18-18-17-10-19-17	15-17-17-18-17-15-17-15-16-18-17-16	17-15-15-13-17-17-10-11-13-15-16-15	18-15-18-13-15-17-17-17-15-13-13-16	17-17-16-15-11-9-17-16-14-6-4-13	17-10-10-15-14-15-18-16-13-10-18-18	10-16-15-17-17-15-8-18-15-16-15-9	15-15-15-17-18-10-15-15-10-12-18-10	17-13-15-10-17-16-17-10-17-15-17-18	15-10-14-14-10-16-9-15-15-17-10-17	10-7-15-15-15-10-17-2-6-14-12-10
195	17	10-10-19-10-15-10-10-19-10-10-10-16	10-19-10-16-10-10-18-18-16-10-10-16	16-16-16-16-18-15-16-18-18-16-18-18	16-18-18-18-16-16-19-11-17-18-16-15	16-15-15-18-15-16-16-16-18-15-18-16	15-16-16-19-17-16-16-16-17-17-15-16	16-18-10-15-15-15-18-18-17-10-16-18	10-11-10-16-16-15-8-16-15-9-13-9	10-15-10-16-10-10-15-18-16-10-16-18	16-15-15-18-16-16-16-5-16-15-15-16	15-10-14-17-18-10-9-15-15-16-10-16	10-17-9-15-15-10-16-10-6-18-12-14
195	18	10-16-10-19-10-10-10-10-10-16-10-10	16-17-10-16-10-10-17-16-10-17-16-17	18-18-19-16-17-17-17-17-17-16-17-17	19-17-17-17-16-16-18-11-17-17-16-18	16-18-19-17-18-16-17-16-17-18-17-18	18-18-16-10-18-18-17-16-10-10-2-18	18-17-8-18-18-18-17-17-4-19-16-16	10-16-10-16-16-18-8-13-18-10-13-9	18-15-18-18-11-10-18-17-8-10-16-17	18-18-18-17-17-11-17-5-18-18-18-16	18-10-14-17-17-19-15-18-18-16-10-18	18-17-18-18-18-10-10-2-6-17-12-10
195	19	19-19-17-19-19-19-10-19-19-17-19-19	10-17-19-16-10-10-17-16-16-19-16-16	16-18-19-16-19-19-19-19-18-19-17-17	18-19-17-16-19-19-17-11-13-19-19-15	16-18-18-19-19-19-18-16-17-19-11-7	19-18-16-19-19-9-16-16-19-19-19-19	18-19-19-19-18-19-12-17-19-18-15-11	19-16-11-19-19-9-8-11-18-18-13-19	10-19-19-19-11-10-10-10-19-10-16-18	18-19-19-10-19-11-19-10-19-19-19-19	14-10-14-19-19-18-19-10-19-19-10-19	10-11-19-15-10-19-19-10-19-19-12-10
196	0	0-0-0-0-0-0-0-0-0-0-0-0	0-0-0-0-0-0-0-0-0-0-0-0	0-0-0-0-0-0-0-0-0-0-0-0	0-0-0-0-0-0-0-0-0-0-0-0	0-0-0-0-0-0-0-0-0-0-0-0	0-0-0-0-0-0-0-0-0-0-0-0	0-0-0-0-0-0-0-0-0-0-0-0	0-0-0-0-0-0-0-0-0-0-0-0	0-0-0-0-0-0-0-0-0-0-0-0	0-0-0-0-0-0-0-0-0-0-0-0	0-0-0-0-0-0-0-0-0-0-0-0	0-0-0-0-0-0-0-0-0-0-0-0
196	1	1-1-1-1-1-1-1-1-1-1-1-1	1-0-0-0-2-0-1-0-1-1-1-0	1-2-2-0-1-2-1-0-2-0-0-1	2-2-2-1-1-0-0-1-0-0-0-1	0-1-5-0-2-0-2-0-0-1-1-4	0-1-0-1-1-1-0-1-0-0-0-0	9-0-0-5-3-0-0-2-0-0-1-0	1-1-2-1-1-1-0-1-0-1-1-1	2-1-1-0-2-0-6-1-1-1-1-0	1-1-1-4-2-0-0-0-1-2-6-0	5-0-1-0-1-1-1-5-5-1-0-1	1-1-1-1-1-0-0-1-1-1-1-0
196	2	2-2-2-2-3-2-2-2-3-3-3-3	3-3-3-2-1-2-1-2-3-2-2-3	2-1-3-3-3-3-3-3-3-3-3-2	3-3-3-3-3-3-0-3-3-3-3-2	3-1-3-4-1-2-3-3-0-2-2-3	2-3-3-2-3-4-3-3-2-2-13-3	3-3-2-1-2-2-2-3-2-3-3-4	3-3-3-3-3-2-2-3-2-1-3-1	1-1-1-2-3-2-1-1-4-4-3-2	2-2-4-0-3-2-4-0-5-1-1-3	1-3-1-5-3-2-3-1-1-3-2-2	0-2-2-1-1-4-4-1-0-1-3-4
196	3	2-3-2-3-2-2-2-2-2-2-2-3	4-3-2-2-3-2-4-3-3-4-2-3	8-4-2-2-2-4-4-2-2-5-4-4	5-4-2-2-2-2-4-2-2-2-2-1	2-1-2-2-4-2-4-2-3-3-5-2	4-2-5-8-2-2-4-2-3-3-8-2	2-3-3-1-4-3-4-4-3-2-2-6	2-2-2-4-2-2-4-7-8-1-2-3	3-8-6-3-2-5-8-4-2-2-2-4	2-3-3-0-2-2-2-2-1-6-2-2	3-3-3-0-3-3-2-3-1-2-2-3	0-3-2-1-3-3-2-3-0-4-2-2
196	4	4-4-4-4-4-4-4-4-4-4-2-4	3-4-5-2-3-2-3-5-3-3-2-5	2-3-2-2-5-3-5-6-5-6-5-5	3-3-5-3-2-2-5-2-5-5-6-1	2-1-2-2-3-6-3-3-3-6-2-2	3-1-3-3-2-2-5-5-3-4-7-4	2-4-6-1-3-6-3-3-4-4-3-2	5-2-3-5-2-4-4-3-5-4-1-3	4-3-3-3-4-3-1-3-5-2-5-3	3-2-2-6-2-2-5-0-1-3-1-2	3-3-8-4-5-2-8-1-1-5-3-5	4-3-1-1-1-2-2-4-8-3-4-2
196	5	5-2-5-5-5-5-5-5-7-5-5-5	6-4-4-2-7-6-2-7-2-3-2-4	3-5-2-2-6-3-4-7-6-3-6-4	3-3-6-6-2-3-5-2-6-4-4-1	2-1-1-2-3-4-5-7-6-3-3-2	2-1-3-2-5-2-6-4-5-5-7-2	1-2-4-1-3-5-6-6-5-5-1-3	4-2-2-4-2-1-7-3-4-4-1-3	6-3-4-3-5-3-1-1-5-5-4-3	2-2-5-4-2-5-4-5-2-1-1-2	1-3-9-6-4-2-1-1-1-4-2-4	14-3-1-1-1-5-2-4-4-1-6-5
196	6	5-4-5-6-2-7-5-6-5-6-7-5	7-4-4-2-9-5-2-5-7-8-6-7	3-6-7-2-5-4-7-7-5-4-5-6	7-4-5-7-2-2-7-2-5-5-4-1	11-4-2-9-3-4-7-5-5-8-4-2	3-2-7-2-5-2-5-7-5-6-5-7	1-8-4-1-3-5-5-5-5-5-2-3	9-2-3-7-6-6-5-3-3-5-1-6	5-3-3-6-3-7-1-1-8-8-6-8	5-3-6-4-2-8-5-0-2-3-1-2	1-8-5-5-5-7-7-1-1-3-8-3	7-8-6-1-1-8-6-7-4-1-5-5
196	7	7-8-7-7-7-7-5-8-5-7-9-6	6-8-4-6-8-6-8-8-6-6-9-6	3-8-9-10-8-6-6-6-9-9-6-8	6-9-8-6-9-9-5-11-6-10-4-6	6-4-2-8-3-4-6-5-8-10-8-2	3-2-8-8-7-2-5-6-7-7-5-6	3-8-9-1-3-7-6-5-7-10-7-6	4-7-8-6-6-1-5-3-3-7-8-3	3-3-3-3-3-6-3-6-6-6-7-6	8-3-6-4-2-6-5-12-1-3-1-2	3-6-5-5-8-6-7-3-1-2-6-3	6-3-6-1-6-6-8-6-4-6-5-5
196	8	8-7-9-9-8-7-8-7-8-8-11-8	6-4-4-9-7-6-7-7-6-6-9-9	9-7-9-10-7-3-9-9-9-7-9-7	9-9-9-7-10-10-5-9-6-5-4-8	10-8-11-7-3-4-9-9-7-7-9-8	9-9-7-7-7-10-4-9-5-5-3-9	11-7-7-1-9-8-5-9-7-8-9-8	6-8-7-9-6-8-5-11-11-6-8-3	8-3-3-9-8-6-3-9-6-6-11-6	7-9-8-5-9-6-12-5-9-1-9-8	9-6-4-5-7-8-9-1-9-8-6-3	8-6-8-1-9-6-7-4-4-8-5-5
196	9	9-9-9-9-9-9-9-9-9-9-9-9	6-10-9-8-10-10-8-7-6-10-8-8	8-8-8-7-7-10-8-8-7-7-10-7	8-8-9-8-8-8-10-8-10-11-9-8	8-1-8-6-8-10-10-8-10-10-8-8	8-8-10-7-10-8-10-9-9-9-8-8	1-10-7-1-8-9-11-8-7-7-8-3	9-8-7-8-9-9-11-8-3-9-8-3	9-9-3-8-5-9-1-8-6-5-5-9	10-8-9-9-8-8-2-10-8-1-8-8	8-6-14-9-11-9-9-12-8-8-6-3	12-3-6-1-8-9-7-9-9-9-9-9
196	10	9-9-9-9-9-9-9-9-11-10-9-9	11-9-9-10-9-9-12-11-11-9-11-11	11-10-11-7-11-11-11-11-11-7-11-11	11-11-11-11-8-8-9-8-9-9-9-10	8-11-8-6-10-9-11-8-9-7-11-8	11-8-9-10-11-8-9-9-10-9-0-8	10-9-7-13-11-8-10-11-7-7-13-11	9-9-13-9-8-10-9-8-8-10-11-11	13-10-3-8-8-11-10-10-6-6-8-6	9-10-10-11-10-9-6-9-1-10-10-8	13-4-10-10-10-10-12-11-10-10-6-3	10-6-10-1-10-10-7-10-10-9-5-0
196	11	14-14-9-12-11-11-11-9-10-8-9-14	12-9-9-12-9-9-12-10-11-11-10-10	10-10-10-7-10-12-10-10-10-7-10-10	10-10-10-10-8-8-9-7-9-9-9-13	6-10-8-6-11-9-10-11-9-7-10-8	11-8-8-10-10-8-9-12-11-9-11-8	14-9-7-11-10-11-9-10-11-8-11-11	12-9-8-9-6-11-9-8-8-10-10-10	11-8-11-8-8-10-11-10-11-6-8-6	11-3-11-11-11-11-11-9-8-11-11-8	10-11-11-9-9-11-11-10-10-11-6-11	11-8-11-13-11-6-7-10-14-9-5-11
196	12	13-13-13-12-13-14-13-13-14-13-13-14	14-13-13-13-13-13-13-13-13-13-13-13	12-10-13-14-12-13-12-13-13-12-12-12	13-12-12-13-12-12-13-13-12-13-12-11	14-10-8-13-12-12-12-12-12-14-13-12	13-13-13-12-12-8-13-13-12-12-8-12	14-13-13-10-10-11-13-13-13-14-8-12	13-8-13-9-13-11-9-13-8-10-10-13	12-13-13-11-14-13-14-10-14-14-12-13	13-14-12-13-11-13-13-13-14-10-11-12	10-13-13-12-13-11-13-14-10-12-13-3	13-13-12-11-13-13-13-13-13-13-13-9
196	13	12-12-14-12-12-12-12-12-12-12-12-12	12-12-12-14-12-12-12-13-12-12-12-12	13-14-14-14-13-12-13-12-12-12-12-13	12-12-12-12-13-13-12-12-12-12-12-11	13-10-8-13-11-13-14-13-12-12-12-8	13-12-12-12-12-8-12-12-12-12-3-12	14-12-12-10-12-11-12-12-12-12-10-13	12-13-10-13-13-11-9-12-3-14-12-12	12-12-12-13-14-12-12-10-12-12-13-14	12-12-11-12-11-14-14-12-14-10-11-13	10-12-12-12-12-11-12-10-10-12-12-3	12-12-13-11-10-12-12-12-12-12-12-13
196	14	14-14-13-12-14-12-12-12-12-12-14-12	12-12-12-13-12-12-13-12-13-14-13-13	13-13-13-12-14-13-13-12-12-14-14-14	13-14-12-13-14-14-12-14-14-14-14-11	12-10-8-14-14-14-13-14-12-14-12-8	14-14-14-12-14-8-14-14-14-14-14-14	13-14-14-14-9-14-12-13-14-12-10-13	14-13-13-14-14-13-9-12-8-13-12-14	12-14-14-14-13-12-14-12-14-12-13-13	12-12-13-14-14-13-14-12-13-14-11-14	10-12-9-12-7-12-12-12-14-14-12-3	12-12-14-12-12-14-14-12-11-14-14-13
197	0	0-0-0-0-0-0-0-0-0-0-0-0	0-0-0-0-0-0-0-0-0-0-0-0	0-0-0-0-0-0-0-0-0-0-0-0	0-0-0-0-0-0-0-0-0-0-0-0	0-0-0-0-0-0-0-0-0-0-0-0	0-0-0-0-0-0-0-0-0-0-0-0	0-0-0-0-0-0-0-0-0-0-0-0	0-0-0-0-0-0-0-0-0-0-0-0	0-0-0-0-0-0-0-0-0-0-0-0	0-0-0-0-0-0-0-0-0-0-0-0	0-0-0-0-0-0-0-0-0-0-0-0	0-0-0-0-0-0-0-0-0-0-0-0
197	1	1-1-1-1-1-1-0-1-1-1-1-0	0-0-0-1-0-0-0-0-0-0-1-0	0-0-0-2-2-0-2-2-0-2-3-1	2-0-2-2-2-2-0-2-1-0-1-2	1-0-2-1-0-1-2-2-1-0-2-1	1-2-1-1-1-0-1-1-0-1-1-0	1-1-0-0-1-0-1-2-1-1-1-1	1-1-2-1-1-0-0-1-1-0-1-0	0-0-1-1-2-1-0-2-1-1-1-1	2-1-0-0-2-2-1-1-0-0-0-2	2-1-2-0-0-0-0-0-2-1-1-1	0-1-3-1-1-0-1-0-0-0-2-2
197	2	2-2-1-2-2-2-2-2-2-2-2-2	3-0-0-1-2-3-0-2-2-2-1-2	0-3-0-1-1-3-3-1-0-3-2-3	1-3-1-1-1-1-0-1-1-2-1-1	1-0-1-1-3-1-3-3-2-2-1-1	1-1-4-2-2-0-3-1-2-2-8-2	1-1-2-2-3-2-2-2-2-3-1-3	2-1-1-3-2-2-0-3-6-2-3-0	2-0-2-2-3-1-2-1-0-1-1-3	3-2-2-1-1-1-2-2-3-0-3-1	1-2-2-0-3-2-0-2-3-6-1-2	4-2-2-2-2-2-6-2-0-2-1-1
197	3	3-3-3-3-3-3-3-3-3-3-3-3	2-3-3-1-4-2-0-5-2-2-1-3	1-2-4-1-1-4-2-4-4-2-4-2	1-2-4-4-1-1-0-1-1-3-4-1	1-0-1-1-2-4-4-4-2-3-4-1	4-2-2-2-3-0-4-3-3-3-2-3	1-1-4-2-2-3-3-4-3-3-1-2	3-1-1-4-1-0-0-2-2-3-2-0	3-0-2-2-3-2-5-5-3-1-1-2	4-2-0-4-2-2-1-2-4-0-2-4	3-2-2-4-2-4-0-2-2-2-1-2	3-2-1-2-2-3-1-5-0-5-4-3
197	4	4-7-4-4-4-5-5-4-5-4-4-5	5-5-5-4-5-5-5-4-4-5-5-5	4-5-3-3-3-3-4-4-3-5-3-4	5-3-5-3-1-5-0-1-4-6-5-6	1-0-1-7-2-3-3-4-6-5-3-6	3-5-2-2-4-5-5-5-4-4-6-5	5-5-4-5-2-4-7-3-4-3-1-5	3-6-2-3-5-5-4-4-2-4-2-0	3-0-3-2-6-5-3-5-4-5-5-5	3-2-8-5-5-5-5-4-4-0-3-5	3-10-10-3-10-3-0-7-2-2-5-2	8-5-8-10-5-5-5-3-8-5-3-7
197	5	4-6-6-6-4-4-4-5-4-6-5-4	4-3-4-6-4-4-6-6-6-6-6-6	5-6-6-6-5-6-6-5-6-4-6-5	6-5-6-6-6-6-6-4-5-4-6-5	4-6-9-4-4-4-6-6-5-6-7-5	6-6-4-6-4-6-4-6-4-4-4-6	4-4-5-6-5-5-4-5-4-5-6-4	6-5-6-6-4-8-5-5-2-6-6-5	6-5-5-5-6-4-6-4-6-4-4-4	6-6-7-4-4-4-4-5-6-5-6-4	6-4-4-4-6-4-5-6-6-5-4-2	6-4-5-5-6-6-4-6-6-4-7-5
197	6	5-5-5-6-5-4-6-4-5-5-5-4	5-7-6-5-6-4-5-5-5-5-5-5	4-5-5-5-5-5-5-5-5-5-7-5	5-5-5-5-5-5-5-1-7-4-7-4	1-5-1-4-2-7-5-5-7-5-5-5	5-5-7-5-5-5-7-6-4-4-4-7	1-7-5-5-10-6-4-6-6-8-5-7	5-4-5-5-6-5-8-5-2-5-5-0	5-5-2-7-5-4-5-6-9-4-6-10	5-5-5-7-5-5-7-4-5-5-5-7	5-4-4-4-5-7-0-5-5-2-8-2	5-8-0-2-5-5-7-5-5-6-5-6
197	7	4-4-6-6-8-4-4-4-4-4-5-4	4-6-4-7-6-4-5-8-8-5-5-8	7-7-5-8-7-9-8-8-8-6-6-7	5-8-8-8-5-7-5-1-6-4-6-9	1-8-1-4-8-6-8-8-6-5-5-7	6-6-6-7-7-8-6-7-7-4-1-6	1-6-6-5-9-5-4-8-4-5-8-6	5-3-6-6-6-5-6-5-2-7-7-8	7-7-8-6-8-7-6-8-6-8-5-6	3-5-5-6-8-4-6-5-7-8-8-6	8-4-4-6-4-9-10-4-4-5-4-7	7-4-7-5-9-4-6-5-5-7-5-4
197	8	4-8-8-8-7-10-4-4-5-4-9-10	4-6-4-9-5-5-10-8-7-5-9-7	7-7-7-10-9-7-7-7-7-9-7-7	9-7-7-7-9-9-6-1-9-4-9-7	1-7-1-4-9-9-7-9-9-8-5-8	9-9-9-8-7-9-9-8-4-4-9-9	9-9-6-8-7-5-4-7-6-6-8-8	7-9-9-9-8-5-6-9-2-7-7-7	7-7-7-9-10-8-7-9-6-7-9-4	8-9-4-6-7-9-6-4-7-7-7-9	7-2-4-4-6-7-7-6-3-8-6-2	5-9-4-2-5-5-9-5-4-6-5-6
197	9	9-10-8-9-9-10-4-4-9-10-10-10	4-6-4-8-10-5-10-8-10-5-10-10	9-10-10-8-9-10-9-9-10-8-6-9	9-9-9-9-8-9-10-1-8-4-8-9	8-10-8-9-8-8-10-8-9-9-9-9	8-8-8-9-7-8-8-8-6-4-8-8	8-8-9-8-9-6-6-10-4-5-8-9	4-9-8-8-8-9-6-8-8-7-9-7	9-9-9-8-8-9-9-8-6-8-8-9	8-8-5-6-8-8-6-5-9-9-7-8	9-4-4-7-4-7-10-9-9-8-8-9	7-8-9-9-9-9-8-7-9-9-5-4
197	10	10-10-10-10-10-9-9-10-10-9-10-10	5-6-10-8-10-5-9-9-9-10-9-9	9-9-10-8-10-9-10-10-9-10-9-10	9-10-9-10-10-10-9-10-10-4-10-7	10-9-10-10-9-10-9-9-4-10-5-5	10-10-10-10-10-9-10-10-10-10-10-8	8-10-10-10-6-10-4-9-10-10-10-9	10-10-1-10-10-9-6-8-8-10-5-9	9-10-10-10-8-10-10-8-10-10-8-6	5-10-10-10-10-8-10-5-9-10-10-10	9-4-4-10-4-9-9-10-10-5-10-10	5-10-10-4-4-10-10-7-10-10-10-0
198	0	0-0-0-0-0-0-0-0-0-0-0-0	0-0-0-0-0-0-0-0-0-0-0-0	0-0-0-0-0-0-0-0-0-0-0-0	0-0-0-0-0-0-0-0-0-0-0-0	0-0-0-0-0-0-0-0-0-0-0-0	0-0-0-0-0-0-0-0-0-0-0-0	0-0-0-0-0-0-0-0-0-0-0-0	0-0-0-0-0-0-0-0-0-0-0-0	0-0-0-0-0-0-0-0-0-0-0-0	0-0-0-0-0-0-0-0-0-0-0-0	0-0-0-0-0-0-0-0-0-0-0-0	0-0-0-0-0-0-0-0-0-0-0-0
198	1	1-1-1-1-1-1-1-1-1-1-1-1	1-0-0-1-1-0-0-0-1-0-1-0	3-0-2-1-1-2-2-2-0-1-2-1	2-0-2-4-2-2-0-1-2-1-2-5	1-0-6-2-0-1-2-2-1-0-3-2	2-2-2-0-0-4-2-2-0-1-3-4	1-1-1-0-0-0-1-2-0-1-2-3	1-1-3-1-1-0-1-2-1-0-2-0	0-0-0-1-2-1-0-0-3-1-2-1	0-1-1-0-2-2-1-1-4-0-3-1	0-1-1-0-1-0-0-1-0-1-1-1	1-1-1-1-0-1-1-0-2-2-2-1
198	2	2-2-2-2-2-2-2-2-2-2-2-2	3-2-2-1-2-2-3-2-2-3-1-2	1-3-1-1-1-3-1-3-2-4-2-1	4-3-1-1-1-1-2-1-1-2-1-0	1-2-1-1-3-1-3-1-2-2-1-1	1-3-4-2-2-1-3-1-2-2-10-2	4-2-2-2-3-2-2-3-2-3-1-5	2-1-7-3-2-2-2-4-5-2-4-2	2-6-2-2-1-2-2-3-1-2-1-2	3-2-2-3-1-1-1-1-3-5-1-1	2-2-2-0-3-2-2-2-3-3-2-2	2-2-1-2-2-2-2-2-1-3-1-3
198	3	3-3-3-3-3-3-3-3-3-3-3-3	2-3-3-1-2-3-2-4-2-2-1-4	1-2-2-1-1-2-4-5-4-5-4-4	2-2-4-1-1-1-4-1-4-4-5-0	1-3-1-1-2-5-2-2-2-6-1-1	2-2-2-2-2-1-4-4-2-3-11-3	2-3-4-2-2-3-2-4-3-3-1-2	4-1-1-2-3-3-3-2-4-4-2-3	3-2-2-2-0-2-3-2-4-3-4-2	2-2-3-5-1-3-4-1-1-2-1-4	3-2-4-3-4-4-7-2-2-4-2-4	3-2-1-2-0-3-1-3-5-2-3-2
198	4	4-4-4-4-4-4-4-4-5-4-4-4	4-7-3-1-4-5-1-3-2-2-5-3	1-4-4-3-5-2-3-6-5-2-5-3	2-7-5-5-1-2-4-1-5-3-3-0	1-3-0-4-2-3-4-6-5-6-2-1	1-2-2-0-4-1-5-3-4-4-5-6	2-3-3-2-2-4-4-5-4-4-0-4	3-1-2-3-2-7-6-2-3-3-2-2	5-2-3-2-4-2-3-2-3-4-3-5	7-1-4-3-4-4-3-5-1-2-6-3	5-2-5-5-3-3-0-2-7-3-2-3	4-2-1-11-6-4-2-3-3-3-5-5
198	5	4-3-4-5-5-5-4-7-4-5-5-6	6-4-3-6-5-5-3-4-6-7-5-6	1-5-6-6-4-5-6-6-4-3-4-5	6-6-4-6-1-1-6-1-4-3-3-6	6-3-1-6-2-3-6-4-7-3-3-1	2-2-6-2-4-1-4-6-4-5-4-6	2-5-3-2-2-4-4-4-4-4-1-6	3-1-2-2-5-5-4-2-2-7-5-5	4-2-2-5-7-6-2-6-7-6-5-7	2-2-5-3-1-11-5-4-1-2-2-1	5-7-4-4-4-6-6-7-2-2-7-2	5-5-5-2-5-5-5-5-3-5-4-4
198	6	6-7-4-6-6-6-4-6-4-6-6-5	5-4-3-5-4-5-7-7-5-5-7-5	7-6-7-7-7-5-7-5-8-8-8-7	5-6-7-5-8-8-5-1-7-7-7-5	5-3-1-7-2-3-7-4-7-10-5-1	2-5-7-8-6-2-4-5-6-6-4-6	2-6-6-2-2-6-6-4-6-8-1-5	5-6-8-5-5-6-4-2-2-6-5-2	2-2-2-2-7-5-2-5-5-5-6-5	6-2-6-3-7-5-7-6-6-2-4-10	5-5-11-4-4-5-6-2-2-2-5-2	5-2-5-5-5-5-7-5-3-5-4-7
198	7	9-6-8-6-7-7-4-11-7-7-7-4	8-4-4-7-5-5-8-6-8-8-6-8	8-7-8-6-6-2-6-8-8-6-6-8	8-8-8-6-6-8-7-9-6-6-6-7	8-8-8-6-2-3-8-8-5-7-8-8	8-8-6-6-6-7-3-3-4-6-2-9	8-6-6-7-2-7-4-8-6-7-8-7	2-7-2-8-8-8-4-11-2-5-8-7	7-2-8-8-7-5-11-8-5-5-7-5	6-8-10-4-8-5-6-3-7-8-8-7	5-5-6-8-4-8-3-5-8-7-5-2	5-8-7-8-9-5-6-5-3-8-4-6
198	8	8-8-8-8-9-9-8-8-8-8-10-8	9-9-9-7-10-5-7-9-7-7-6-9	7-8-7-7-6-8-9-7-7-9-9-7	7-7-7-7-6-7-10-1-9-9-8-7	7-7-7-6-7-9-7-7-9-6-9-7	7-7-9-6-10-7-9-8-8-8-5-8	7-9-8-0-11-8-7-9-6-8-7-9	8-7-6-7-9-7-10-10-2-8-7-7	7-8-7-7-8-8-7-7-10-6-8-10	9-7-8-9-7-6-9-9-7-7-7-7	11-5-6-10-11-7-0-9-7-2-5-2	9-7-5-7-7-8-6-10-8-7-4-6
198	9	7-9-8-8-8-8-8-8-9-10-9-8	8-8-8-9-5-8-10-8-7-7-10-11	9-10-9-10-9-9-8-10-9-8-8-9	10-9-10-10-7-10-8-7-8-8-8-9	5-11-7-9-10-8-10-10-8-9-8-9	9-9-8-9-9-7-8-9-8-6-1-10	9-8-8-9-9-7-4-8-6-8-10-8	10-6-10-8-8-10-8-8-7-9-9-10	10-10-10-8-10-5-9-10-5-9-5-5	8-11-7-9-10-5-8-8-10-10-10-7	10-3-10-8-6-7-10-9-10-7-5-2	9-2-9-7-7-5-6-9-8-9-4-6
198	10	8-10-11-10-8-8-10-8-11-10-8-10	8-8-8-9-8-8-9-11-7-10-9-11	10-9-10-11-10-11-10-9-9-10-11-10	9-9-9-11-10-9-8-1-10-8-10-9	10-9-7-10-9-10-11-9-8-6-10-7	10-10-11-10-8-9-10-10-4-6-2-8	11-10-8-10-8-10-10-9-6-8-9-10	9-10-8-10-10-9-8-8-2-8-7-9	9-9-9-10-11-5-9-10-8-9-10-8	10-10-7-9-10-10-10-10-9-9-9-10	9-10-9-8-8-10-9-10-9-10-5-10	8-10-9-10-10-8-10-8-3-9-4-11
198	11	11-11-10-11-11-11-11-11-11-11-11-11	9-8-11-9-11-11-9-10-11-11-9-9	9-9-11-10-11-10-10-11-9-11-10-11	10-11-11-10-11-11-8-11-11-11-11-9	10-9-11-11-11-11-10-11-10-11-7-7	11-11-10-11-11-9-11-11-11-11-11-11	10-11-11-11-8-11-5-10-11-10-10-11	11-11-10-11-11-9-8-7-7-11-8-9	10-11-7-11-10-11-11-8-11-10-10-5	7-11-11-11-11-10-11-10-11-11-9-11	9-11-11-8-6-5-9-11-11-11-11-11	11-11-11-4-10-11-11-9-11-11-11-11
199	0	0-0-0-0-0-0-0-0-0-0-0-0	0-0-0-0-0-0-0-0-0-0-0-0	0-0-0-0-0-0-0-0-0-0-0-0	0-0-0-0-0-0-0-0-0-0-0-0	0-0-0-0-0-0-0-0-0-0-0-0	0-0-0-0-0-0-0-0-0-0-0-0	0-0-0-0-0-0-0-0-0-0-0-0	0-0-0-0-0-0-0-0-0-0-0-0	0-0-0-0-0-0-0-0-0-0-0-0	0-0-0-0-0-0-0-0-0-0-0-0	0-0-0-0-0-0-0-0-0-0-0-0	0-0-0-0-0-0-0-0-0-0-0-0
199	1	2-2-1-1-1-2-1-2-3-2-2-1	2-2-2-2-2-2-2-1-2-2-2-2	1-2-2-3-3-2-2-1-2-2-2-1	2-1-1-2-2-0-2-3-1-0-3-8	0-0-2-2-0-2-2-1-0-1-2-1	1-2-3-2-0-0-2-0-1-1-3-2	6-1-1-7-1-1-2-1-2-1-3-1	1-2-2-3-1-7-2-2-1-2-3-1	1-4-1-2-2-4-1-2-2-2-1-2	3-7-2-11-2-1-2-2-4-2-6-0	6-2-7-0-0-2-1-0-8-1-1-1	1-1-1-5-6-5-1-5-2-1-4-3
199	2	1-1-1-1-1-1-1-1-1-1-1-1	1-1-1-1-1-1-1-1-1-1-1-1	0-1-1-1-1-1-1-1-1-1-1-2	3-0-3-1-1-3-1-1-2-0-3-6	0-0-1-1-2-1-3-3-2-2-1-0	1-1-1-1-0-5-1-3-2-1-0-3	8-1-1-2-1-2-1-1-1-1-0-1	1-1-1-1-2-2-1-1-2-1-0-0	1-0-1-1-1-0-2-1-1-1-2-1	1-3-1-1-1-0-1-1-1-1-0-0	0-1-0-0-4-1-0-2-5-1-3-2	1-2-1-2-1-1-2-0-1-1-2-1
199	3	1-1-1-1-1-1-1-1-1-1-1-1	1-1-1-1-1-1-1-6-1-1-1-1	0-4-2-1-4-6-4-4-1-4-4-4	2-4-2-4-4-5-1-1-3-3-4-1	5-0-1-4-4-4-4-4-4-3-5-1	4-1-5-10-3-1-4-4-3-3-4-2	1-3-3-1-4-2-3-4-3-3-1-4	3-6-4-4-3-2-1-3-10-1-5-3	1-1-3-4-1-1-2-4-1-3-1-3	4-4-1-1-1-0-1-1-1-4-1-3	0-8-1-0-4-3-2-3-1-1-2-4	3-4-1-2-1-3-4-3-1-1-2-1
199	4	4-4-4-4-5-1-1-4-1-4-4-1	1-4-6-1-1-1-1-7-1-3-1-5	2-3-1-0-3-3-5-3-6-3-5-5	3-3-3-3-3-3-1-1-4-5-3-2	3-0-1-4-3-6-3-3-3-3-3-3	3-2-3-3-4-2-3-4-4-4-3-4	1-4-4-3-3-4-3-5-4-4-4-3	7-4-3-5-4-2-5-3-3-5-3-0	1-1-3-3-4-1-5-3-10-3-6-4	4-3-1-1-5-0-5-4-1-3-0-3	0-5-10-0-3-1-0-5-1-1-4-3	3-3-1-2-1-4-3-3-6-1-1-4
199	5	6-5-5-5-4-5-5-5-1-6-4-4	1-6-4-1-1-1-1-6-1-6-1-4	0-5-3-6-5-3-4-5-6-5-6-4	3-7-6-3-3-3-6-1-6-4-3-1	3-0-1-6-3-4-6-5-6-3-3-0	3-2-3-3-5-2-6-6-5-5-5-4	1-6-7-2-3-1-6-6-3-5-0-3	5-4-1-4-3-2-4-3-3-4-3-0	1-1-6-3-2-7-4-1-6-5-5-11	4-1-1-1-6-6-4-10-4-1-1-5	1-6-1-7-6-9-2-4-2-1-6-3	3-4-1-1-1-1-5-1-1-1-7-6
199	6	5-6-6-6-5-6-4-6-6-5-5-5	1-5-4-1-1-1-1-3-1-5-7-4	8-7-8-7-7-3-7-7-6-3-5-7	6-3-5-6-7-8-5-6-5-5-3-2	8-1-1-7-3-4-7-7-5-7-7-6	7-7-7-3-5-7-5-5-5-5-7-8	1-5-4-2-3-1-5-7-3-5-7-7	5-7-11-7-3-1-5-3-3-1-6-0	7-0-5-7-9-6-1-7-5-7-7-10	1-1-1-6-7-6-6-5-1-0-1-7	1-5-4-8-5-6-0-9-2-1-6-3	1-6-6-6-1-1-4-9-4-8-5-5
199	7	7-7-6-7-4-8-7-7-7-1-7-7	1-5-8-1-8-1-1-8-6-5-6-8	6-7-6-6-6-8-8-6-8-10-8-6	7-8-8-6-6-6-5-6-7-7-8-2	6-0-2-6-3-8-6-6-7-6-6-6	6-6-8-3-10-6-6-7-3-7-6-7	1-7-5-1-8-7-3-6-5-5-6-6	4-6-6-6-4-1-10-3-3-4-6-0	6-1-1-6-2-7-1-6-5-6-6-6	8-8-7-1-6-8-6-10-8-0-1-6	0-5-1-11-9-6-8-3-9-1-8-3	1-6-6-2-8-7-8-1-1-7-5-5
199	8	8-8-8-8-8-7-8-8-8-8-8-7	8-9-7-1-9-9-10-9-1-8-6-7	6-8-6-6-6-9-7-10-7-9-7-8	6-8-7-6-6-6-5-6-9-9-7-1	6-0-2-6-9-7-8-8-9-8-6-6	9-6-7-3-8-1-9-8-8-8-9-6	2-8-8-2-7-8-8-4-8-1-0-6	8-6-11-7-3-2-7-3-3-8-7-0	1-1-1-6-8-7-1-2-7-6-7-6	7-7-8-9-6-7-6-5-7-1-9-6	1-5-9-6-8-8-7-9-1-1-7-8	1-6-6-2-7-7-7-1-10-9-8-9
199	9	10-10-11-11-8-11-11-11-9-11-11-10	10-8-8-10-10-8-11-10-10-10-10-10	9-9-10-10-9-10-9-10-10-8-10-9	10-10-10-9-9-10-11-6-8-9-8-2	6-10-1-8-10-7-9-9-8-9-10-9	9-10-8-11-8-11-8-10-5-8-8-10	10-8-8-2-7-9-8-9-8-10-1-7	5-7-9-11-3-2-7-9-11-10-11-9	11-9-5-1-10-9-9-9-4-9-9-6	11-11-10-9-9-11-6-9-10-9-9-5	9-5-8-10-5-10-11-11-10-11-6-3	9-6-10-9-10-10-10-9-8-8-9-5
199	10	9-9-11-9-9-9-9-9-11-9-9-9	9-8-9-11-9-11-11-11-9-9-9-9	9-11-9-11-10-11-10-9-9-10-9-10	11-9-9-10-10-9-9-6-10-7-10-0	10-9-1-8-9-10-11-10-8-10-9-6	10-9-11-3-8-9-9-10-8-8-10-11	9-8-8-2-7-10-10-11-3-11-10-7	10-10-11-10-10-2-7-11-3-9-10-0	9-0-3-10-11-10-2-9-4-6-10-6	11-10-10-1-10-10-9-5-9-0-9-10	9-10-4-9-5-9-11-9-9-10-6-3	9-6-9-9-9-9-10-9-8-10-11-5
199	11	11-11-10-11-11-9-9-11-11-9-11-11	9-8-11-10-11-10-10-10-9-11-9-10	9-10-11-10-10-10-10-11-9-11-11-11	10-11-10-10-11-11-9-6-11-11-11-9	10-9-11-11-11-11-10-10-11-11-5-6	11-11-11-11-11-11-11-11-11-11-11-10	10-11-11-11-7-11-11-10-11-10-9-11	11-11-10-11-11-0-7-10-10-11-9-11	9-11-3-11-10-11-11-6-11-1-9-5	9-11-11-1-11-11-11-9-9-11-11-11	9-11-11-11-11-9-11-9-11-9-11-11	9-11-11-7-9-11-11-0-11-11-10-8
200	0	0-0-0-0-0-0-0-0-0-0-0-0	0-0-0-0-0-0-0-0-0-0-0-0	0-0-0-0-0-0-0-0-0-0-0-0	0-0-0-0-0-0-0-0-0-0-0-0	0-0-0-0-0-0-0-0-0-0-0-0	0-0-0-0-0-0-0-0-0-0-0-0	0-0-0-0-0-0-0-0-0-0-0-0	0-0-0-0-0-0-0-0-0-0-0-0	0-0-0-0-0-0-0-0-0-0-0-0	0-0-0-0-0-0-0-0-0-0-0-0	0-0-0-0-0-0-0-0-0-0-0-0	0-0-0-0-0-0-0-0-0-0-0-0
200	1	1-1-1-1-1-1-1-1-0-1-1-1	1-0-1-1-0-1-2-2-2-1-0-0	1-2-3-1-0-1-1-1-2-0-1-0	2-2-2-0-2-2-1-0-0-0-1-6	0-1-6-0-2-0-2-2-0-1-0-0	2-2-0-0-1-2-2-1-1-0-0-1	2-0-0-1-1-1-0-0-0-1-2-1	1-1-3-2-1-2-0-2-1-1-3-1	1-1-1-2-3-2-3-3-1-1-1-2	2-1-1-0-0-1-2-0-2-1-1-1	1-0-1-0-0-1-3-3-2-2-0-1	1-0-1-1-1-1-1-1-0-1-1-0
200	2	2-2-2-2-2-2-2-2-2-2-2-2	1-3-3-1-2-3-1-1-1-3-1-1	1-1-1-3-0-1-3-2-1-2-3-0	1-1-1-0-1-1-1-0-0-0-2-1	0-1-1-0-1-2-1-1-0-2-0-0	1-1-0-8-2-1-1-1-2-2-11-2	1-3-3-1-1-2-4-0-2-2-1-0	2-2-1-1-2-1-4-1-1-2-2-2	2-1-1-1-1-11-1-1-4-1-2-2	1-1-2-2-2-1-1-2-1-1-1-2	3-2-2-2-0-1-1-1-1-1-2-2	3-0-1-1-2-2-1-2-3-2-3-4
200	3	2-2-2-2-2-2-3-2-2-2-3-2	3-2-2-4-3-2-1-4-4-2-4-4	1-4-5-4-4-4-4-4-4-3-2-4	4-4-6-4-4-4-2-4-4-0-4-3	4-1-4-4-1-4-4-4-3-2-4-4	4-4-3-3-3-1-3-4-2-2-3-6	3-3-2-1-3-2-2-3-3-5-4-5	3-3-4-3-3-1-0-3-1-2-1-1	1-1-1-3-1-0-1-1-3-3-3-3	4-3-2-4-3-4-3-2-3-1-4-3	2-4-2-0-2-3-1-1-1-3-3-3	2-3-3-1-3-3-3-1-2-4-2-2
200	4	4-4-4-4-4-4-4-5-4-4-4-4	6-2-2-3-4-5-5-5-4-5-3-4	1-3-3-3-3-6-3-3-3-5-3-3	3-5-5-3-3-3-5-3-3-4-5-1	3-1-3-3-6-3-5-3-4-4-3-3	7-3-6-4-4-5-4-3-4-4-7-4	1-4-4-1-5-4-2-3-4-5-3-7	4-3-5-5-3-4-2-5-4-2-4-7	4-1-4-4-4-7-1-4-2-4-3-5	3-4-1-3-3-3-3-2-4-5-3-4	4-4-2-2-4-4-4-4-4-3-3-4	2-4-8-1-4-4-3-4-2-3-2-2
200	5	5-5-5-5-5-5-5-4-5-5-5-5	4-6-5-3-6-6-4-6-4-4-3-6	1-5-3-3-3-4-6-6-4-4-6-6	3-4-6-3-3-3-4-3-3-6-4-1	3-1-1-3-4-6-4-4-4-7-3-3	4-4-4-4-4-4-6-4-5-5-4-5	1-7-5-1-4-5-5-6-5-4-3-3	8-3-6-6-3-5-7-4-4-6-4-5	4-1-4-4-1-0-6-6-6-6-5-5	1-4-2-6-3-3-3-5-6-4-4-4	1-6-8-5-6-6-6-1-1-4-7-4	2-4-1-6-4-4-3-5-5-3-10-2
200	6	6-5-6-6-6-6-6-6-5-6-6-6	4-5-6-3-5-5-4-5-4-4-6-5	1-6-5-3-3-4-5-5-9-4-7-5	3-4-5-3-3-3-8-3-7-8-4-1	3-1-1-7-4-5-7-6-7-8-3-3	1-3-4-4-7-4-7-7-6-6-0-4	1-7-7-1-4-7-7-5-5-6-1-6	6-3-5-5-6-5-5-4-1-5-1-6	5-1-5-4-6-1-5-5-5-7-7-5	6-4-6-5-7-5-3-11-5-1-6-4	2-5-2-7-5-5-5-6-1-4-5-5	2-3-1-5-6-4-5-5-6-10-5-7
200	7	7-5-6-8-7-4-6-7-7-5-7-6	7-5-6-8-5-5-8-8-8-4-8-8	7-8-9-8-9-4-8-9-7-4-6-8	7-8-8-7-9-8-4-3-6-6-4-7	8-1-7-6-4-5-8-8-6-9-8-8	8-9-8-7-6-10-6-6-4-4-8-9	1-5-6-8-4-4-6-8-4-6-8-11	4-8-4-8-3-5-5-10-4-6-7-4	8-1-10-4-10-7-1-8-7-6-6-5	3-8-8-7-8-3-7-2-8-8-7-8	8-4-2-6-6-10-5-7-8-8-7-4	2-7-7-7-8-7-3-7-6-8-5-6
200	8	8-8-8-8-8-8-10-8-8-8-8-8	7-5-6-7-9-9-7-7-7-4-7-7	7-7-7-7-7-7-9-7-9-10-9-7	7-7-7-7-7-7-10-3-9-10-9-1	7-1-7-7-6-10-7-7-8-8-7-7	7-7-7-8-8-7-7-8-8-8-7-8	3-8-8-7-11-8-6-9-5-10-7-8	8-11-7-7-9-8-8-8-4-8-7-4	7-8-9-4-15-13-7-7-9-7-8-9	8-7-8-5-7-9-7-6-7-4-7-11	7-8-8-6-8-6-8-7-7-7-8-4	8-7-4-7-7-7-8-8-12-7-5-9
200	9	9-9-8-8-9-9-8-9-9-9-9-10	9-10-10-7-8-9-7-8-7-8-7-10	7-9-7-7-7-11-8-10-8-8-10-8	7-8-8-7-7-7-10-3-10-10-8-1	7-1-1-10-4-8-10-8-11-7-7-7	7-7-7-7-9-7-10-8-9-9-7-8	1-11-10-1-11-9-11-10-10-8-7-10	9-7-6-8-8-10-8-8-1-11-7-10	7-1-8-4-6-12-8-7-8-8-6-11	8-9-9-10-7-8-10-2-8-1-7-8	12-9-9-6-14-13-8-9-7-8-8-4	8-7-1-7-7-7-8-9-9-7-5-8
200	10	9-12-7-12-9-9-8-8-8-9-10-9	9-9-9-7-10-9-10-12-11-11-12-9	11-11-11-11-7-11-7-11-13-8-9-10	11-11-11-7-7-7-11-3-9-9-8-13	7-11-1-9-12-8-11-10-9-13-7-7	13-7-4-10-10-7-9-9-9-9-12-11	11-9-9-10-8-10-9-11-4-8-10-7	10-8-12-7-8-10-8-7-15-10-10-9	10-10-7-12-7-8-10-10-8-8-10-9	10-10-10-12-13-8-9-6-10-10-13-8	13-8-2-6-8-10-10-10-10-10-8-4	9-7-10-10-10-7-10-10-9-6-5-2
200	11	9-9-12-13-11-11-8-11-13-13-11-12	9-8-8-12-12-12-13-12-12-10-10-12	10-12-12-10-12-12-12-12-10-9-10-11	10-10-10-10-3-13-10-3-9-10-9-12	3-10-12-9-13-8-12-11-9-11-13-7	11-13-4-14-9-7-9-9-9-9-2-10	13-9-8-11-8-10-9-10-4-7-13-7	4-8-12-12-11-10-8-8-12-10-12-9	13-10-7-5-13-8-11-10-8-8-8-9	12-14-10-12-10-9-7-6-10-10-10-8	14-12-12-5-12-11-10-11-12-10-11-4	11-12-10-11-13-11-11-11-9-7-5-2
200	12	12-13-13-12-13-12-13-12-12-12-12-11	13-13-13-11-13-13-11-13-11-10-10-11	10-11-11-11-11-11-13-11-13-14-13-13	11-13-13-13-13-11-13-3-13-13-12-11	3-10-11-7-10-12-11-11-9-12-14-11	11-11-4-11-9-11-12-13-12-12-10-12	11-9-12-11-15-12-9-11-12-12-11-14	12-13-11-11-8-12-8-13-11-12-11-9	11-10-13-13-15-14-11-10-11-13-13-13	11-10-8-15-10-14-7-6-10-10-10-12	10-15-14-13-11-13-10-11-11-11-13-12	11-11-10-11-11-12-11-11-13-7-14-12
200	13	12-13-12-15-12-12-13-13-13-12-12-12	12-14-14-11-12-12-11-12-11-14-11-15	10-14-11-7-14-11-14-12-12-13-14-12	12-12-14-13-12-11-15-3-14-12-12-11	3-10-1-14-11-12-13-13-14-10-11-10	10-11-14-11-13-7-14-12-13-13-7-11	11-14-13-10-12-12-15-14-13-13-11-13	14-13-11-11-14-12-8-13-11-12-11-13	11-10-8-12-11-14-11-10-8-13-12-14	11-10-9-12-10-14-7-13-12-10-10-12	11-12-9-15-13-13-10-11-11-10-12-12	11-12-10-11-11-7-12-13-12-7-14-13
200	14	15-15-13-15-12-12-14-14-15-15-15-12	15-13-13-15-12-11-11-12-15-13-10-12	11-12-15-7-13-11-13-10-13-12-13-12	15-14-13-15-14-14-15-3-13-14-13-11	3-15-11-13-14-12-15-14-13-11-14-7	11-11-8-11-14-15-13-13-13-13-14-15	15-13-9-14-8-14-13-13-4-14-11-14	12-8-11-11-13-10-8-7-11-14-11-14	14-10-9-12-13-13-14-10-14-13-10-13	11-14-14-13-13-13-14-15-10-10-10-12	11-12-12-13-13-14-10-11-11-10-12-4	14-7-14-11-14-11-11-14-9-7-13-14
200	15	15-15-15-15-15-15-15-15-15-15-15-15	14-13-15-14-15-15-15-14-14-15-14-13	13-15-15-15-15-15-15-15-14-15-15-15	14-15-14-14-15-15-13-15-15-15-15-11	15-14-15-15-15-15-14-15-13-15-7-7	15-15-15-15-15-14-13-15-15-15-15-14	14-15-15-15-12-15-13-15-15-14-10-13	15-15-3-15-15-13-8-7-10-15-10-15	14-15-7-15-12-15-15-15-15-13-15-13	11-15-15-12-15-15-15-13-10-15-15-12	12-12-13-13-13-11-10-12-15-15-15-15	13-15-15-11-14-15-15-13-12-15-12-13
201	0	0-0-0-0-0-0-0-0-0-0-0-0	0-0-0-0-0-0-0-0-0-0-0-0	0-0-0-0-0-0-0-0-0-0-0-0	0-0-0-0-0-0-0-0-0-0-0-0	0-0-0-0-0-0-0-0-0-0-0-0	0-0-0-0-0-0-0-0-0-0-0-0	0-0-0-0-0-0-0-0-0-0-0-0	0-0-0-0-0-0-0-0-0-0-0-0	0-0-0-0-0-0-0-0-0-0-0-0	0-0-0-0-0-0-0-0-0-0-0-0	0-0-0-0-0-0-0-0-0-0-0-0	0-0-0-0-0-0-0-0-0-0-0-0
201	1	1-1-0-1-1-1-1-1-1-1-1-1	0-0-0-0-2-2-1-2-2-0-1-0	3-1-2-1-0-2-2-2-1-1-0-0	2-2-2-1-1-1-0-1-0-0-0-2	0-1-1-2-2-0-2-1-2-1-1-1	1-2-0-1-1-1-0-1-0-0-0-1	1-0-0-9-0-1-0-0-0-1-10-0	0-0-1-1-1-2-0-1-2-0-1-2	1-2-2-1-1-1-10-0-0-1-1-0	1-1-1-0-1-0-0-0-1-2-1-1	0-0-0-0-1-0-2-1-0-1-1-1	1-0-1-1-0-1-1-2-1-1-0-0
201	2	2-2-2-1-2-2-2-2-2-2-2-3	2-0-3-2-1-1-2-3-1-0-3-3	1-3-1-3-3-1-3-3-2-2-3-3	3-1-3-3-3-3-0-5-3-0-3-4	3-1-3-3-1-2-3-2-1-0-3-3	3-1-0-2-2-3-2-2-2-0-11-1	3-2-0-2-2-0-2-3-0-2-3-2	2-2-5-2-2-1-0-3-1-2-1-1	2-1-1-5-11-0-1-2-1-4-2-2	2-2-2-3-3-3-2-2-1-1-1-2	2-2-2-2-2-2-1-1-0-2-2-1	0-2-2-1-5-0-2-1-2-3-0-0
201	3	3-3-2-3-3-3-3-3-3-3-3-3	4-3-2-2-3-1-4-3-3-4-2-3	1-2-1-2-2-8-2-4-2-2-2-2	5-4-4-4-2-2-4-2-2-3-2-1	2-1-2-2-4-2-4-2-3-3-5-2	2-4-4-11-3-2-4-5-3-3-8-3	2-3-0-3-4-3-4-4-3-3-2-6	3-2-6-4-3-3-3-7-6-3-3-8	3-1-3-4-2-4-3-4-4-3-2-4	4-3-3-2-2-2-3-3-3-4-3-3	3-3-3-3-3-3-1-3-6-4-3-3	5-3-1-3-3-3-2-3-3-2-3-4
201	4	4-4-4-4-3-4-4-4-4-4-5-4	3-4-5-2-3-1-3-5-3-3-2-5	1-3-2-2-2-3-5-6-2-6-5-5	3-3-3-3-2-2-4-2-5-5-6-2	2-2-2-2-3-6-3-3-3-6-6-2	2-3-3-3-4-2-5-5-3-4-7-3	2-3-6-3-3-0-5-3-4-3-2-3	4-2-3-3-2-3-4-3-5-5-3-3	4-1-3-3-4-3-5-3-5-2-5-3	3-2-4-6-2-2-5-3-1-3-3-3	3-3-8-4-5-3-1-3-3-5-3-5	3-3-1-3-3-3-2-4-4-5-4-3
201	5	5-5-5-5-5-5-5-4-7-5-5-5	6-4-4-2-8-6-2-7-3-3-2-4	1-5-5-2-6-3-4-7-6-3-6-4	3-3-6-6-2-3-5-2-6-4-4-1	2-1-2-5-3-4-5-6-6-1-3-2	2-3-3-3-5-2-6-4-5-5-6-3	1-3-4-3-3-0-6-6-5-5-2-3	4-3-2-4-3-3-8-3-4-4-1-3	6-1-4-2-5-1-4-3-4-5-4-6	2-2-5-4-5-5-4-5-2-1-7-2	3-4-6-8-4-3-1-3-3-4-3-4	9-3-1-3-3-4-2-4-4-4-6-12
201	6	5-4-5-6-5-6-5-6-5-6-6-6	8-4-4-2-6-6-4-5-8-8-6-7	3-6-7-2-7-4-7-7-5-4-5-6	7-4-5-7-2-3-7-2-8-4-4-2	7-2-2-7-3-4-7-5-8-6-4-2	3-7-3-3-5-2-5-6-5-6-5-7	1-3-4-3-3-0-5-5-5-5-2-3	8-6-3-7-7-1-5-3-3-8-7-6	5-1-3-6-5-8-3-7-8-7-7-6	3-3-6-4-2-2-5-5-6-3-3-2	3-9-5-5-5-7-1-3-3-3-8-3	6-8-6-7-6-7-6-6-4-4-5-0
201	7	7-7-5-7-8-7-5-7-5-8-8-6	6-4-4-2-5-6-8-8-6-6-8-6	3-8-9-9-6-9-6-8-8-9-7-8	6-5-7-6-9-9-6-6-6-4-11-6	6-4-2-8-3-4-6-5-6-10-6-2	3-4-3-9-7-8-6-6-7-7-5-6	1-7-10-3-3-11-6-5-8-5-7-6	4-7-9-6-6-8-5-3-3-7-8-12	3-1-3-3-8-6-3-6-6-6-7-6	8-3-7-6-2-2-5-10-7-1-5-8	3-3-5-5-5-6-7-3-3-3-6-3	6-3-6-6-9-6-8-6-4-4-5-0
201	8	9-10-8-9-9-8-8-9-5-7-7-5	6-4-4-9-5-6-7-7-6-6-9-9	9-7-10-10-9-3-9-7-7-7-9-7	9-9-9-9-10-9-5-10-6-4-4-2	10-1-10-9-3-4-9-9-6-7-9-9	3-10-9-7-8-11-4-11-7-4-3-10	11-7-7-3-9-13-4-9-7-8-8-9	6-8-11-9-6-8-5-8-3-7-8-3	3-1-3-11-8-6-3-9-6-7-11-6	7-3-8-4-9-9-5-5-9-1-8-11	3-3-4-5-7-8-1-3-3-8-6-3	6-6-9-9-7-6-7-7-4-9-5-5
201	9	9-9-9-9-9-9-10-9-9-9-9-9	6-11-10-8-11-6-7-7-8-10-8-10	8-9-8-7-8-11-8-10-7-10-10-8	8-8-10-8-8-8-11-8-10-10-10-1	8-13-13-8-2-10-8-8-9-7-8-8	3-8-8-7-9-8-10-9-9-9-13-9	1-9-11-1-10-9-9-8-7-9-1-8	9-8-7-10-9-8-11-9-3-9-1-9	4-1-10-8-5-6-1-8-6-7-5-10	8-3-9-10-8-8-8-5-8-3-11-9	3-6-5-9-11-10-9-13-3-3-6-3	5-3-8-3-7-8-7-7-4-8-5-5
201	10	9-9-11-9-11-10-9-11-9-10-9-10	11-9-9-2-9-10-7-11-6-9-8-9	11-10-8-8-11-11-11-9-7-9-9-11	11-11-11-11-8-8-9-8-9-11-9-1	8-1-8-11-11-9-11-10-11-7-8-8	1-8-9-7-10-8-11-9-10-10-4-8	1-11-7-1-9-8-11-11-7-10-1-11	4-8-8-9-6-10-9-8-3-10-11-10	5-1-9-8-8-6-1-11-6-7-9-11	9-3-7-11-11-8-4-7-10-10-10-2	3-7-11-10-10-10-11-1-3-10-6-3	9-10-6-10-9-6-7-10-4-11-5-10
201	11	10-9-10-9-10-10-9-10-11-9-11-14	10-9-9-2-9-10-11-10-11-10-12-9	11-11-12-7-10-13-10-12-11-9-10-10	10-10-12-10-8-12-9-8-10-10-9-11	8-12-14-10-13-9-10-11-10-11-8-10	12-12-8-3-11-8-10-8-7-4-2-8	12-10-9-11-11-11-10-10-7-8-12-10	6-8-8-12-6-11-9-8-13-11-12-10	11-11-11-8-8-6-11-10-6-11-8-10	11-3-8-10-10-2-5-6-13-11-12-8	11-6-10-10-11-14-13-11-11-11-6-11	11-10-11-11-11-11-7-11-4-10-5-0
201	12	14-13-12-14-14-14-13-13-14-13-13-14	14-13-13-14-13-13-13-13-13-13-13-13	12-12-13-14-13-13-13-13-13-13-13-13	11-12-11-13-12-11-13-13-13-13-12-11	14-11-11-10-11-12-13-12-13-12-13-11	13-11-13-12-12-13-13-13-12-12-7-13	14-13-12-11-14-12-13-13-13-13-11-13	12-8-13-11-13-11-12-13-11-13-13-13	12-11-12-12-13-13-11-11-13-11-13-13	11-14-12-14-10-13-13-13-11-11-11-13	13-13-13-10-13-12-14-14-11-14-13-11	13-10-11-11-12-13-13-14-12-12-12-5
201	13	12-12-12-12-12-12-12-12-12-12-12-12	12-12-12-12-12-12-12-12-12-12-12-12	11-12-12-12-12-12-12-12-12-12-13-12	12-13-13-12-13-13-12-12-12-12-12-13	12-12-12-12-11-12-12-13-12-12-12-13	12-12-12-13-12-12-12-12-12-12-9-12	13-12-12-12-12-11-12-12-12-12-13-12	12-8-12-13-12-13-9-12-11-12-12-12	13-11-11-13-12-12-11-11-6-12-12-12	11-13-13-12-10-12-12-12-11-11-11-12	12-12-12-10-12-8-11-12-13-12-12-11	12-6-12-11-13-12-12-12-4-12-12-12
201	14	14-14-12-12-14-12-12-14-12-12-12-12	12-12-12-12-12-12-12-12-12-14-12-12	12-14-14-12-14-12-14-12-12-14-14-12	13-14-12-14-14-14-12-12-12-14-14-11	12-11-11-14-12-14-12-14-12-14-8-8	14-14-12-12-14-12-12-12-14-14-14-14	12-14-14-14-12-14-12-14-14-12-12-12	14-8-12-14-14-12-9-12-8-11-12-14	12-14-14-14-12-12-12-12-14-12-8-6	11-12-14-14-14-6-14-12-11-14-14-14	12-12-14-14-12-11-14-12-14-12-12-14	12-14-14-11-12-14-14-12-14-14-12-0
202	0	0-0-0-0-0-0-0-0-0-0-0-0	0-0-0-0-0-0-0-0-0-0-0-0	0-0-0-0-0-0-0-0-0-0-0-0	0-0-0-0-0-0-0-0-0-0-0-0	0-0-0-0-0-0-0-0-0-0-0-0	0-0-0-0-0-0-0-0-0-0-0-0	0-0-0-0-0-0-0-0-0-0-0-0	0-0-0-0-0-0-0-0-0-0-0-0	0-0-0-0-0-0-0-0-0-0-0-0	0-0-0-0-0-0-0-0-0-0-0-0	0-0-0-0-0-0-0-0-0-0-0-0	0-0-0-0-0-0-0-0-0-0-0-0
202	1	1-1-1-1-1-1-1-1-1-1-1-1	0-0-1-1-1-1-2-0-0-1-2-0	3-2-0-2-2-2-2-2-0-1-2-1	2-0-0-4-1-2-0-4-2-1-2-3	1-0-2-2-0-1-2-2-1-1-0-4	2-0-2-1-3-2-2-1-1-1-9-2	1-1-1-0-1-0-1-2-0-1-0-1	1-1-2-2-1-2-1-1-1-1-0-0	0-0-1-2-2-1-0-2-1-1-2-1	0-1-1-1-2-2-1-1-1-0-3-1	0-1-0-0-0-0-0-0-0-1-1-1	0-1-1-2-2-1-1-0-2-0-0-1
202	2	2-2-2-2-2-2-2-2-2-2-2-2	3-2-2-1-2-2-3-3-2-3-1-2	1-1-1-1-1-4-1-1-3-1-3-1	3-3-3-1-1-4-2-1-1-2-1-1	1-0-1-1-5-2-3-3-3-2-4-1	1-3-4-7-2-1-3-2-2-2-11-1	5-2-2-2-3-0-3-3-2-2-2-5	9-1-1-3-2-3-2-6-5-2-4-7	2-7-2-3-1-2-2-3-2-2-1-2	3-1-2-2-1-1-3-2-3-5-2-1	4-2-2-0-2-2-2-2-5-3-2-2	2-2-4-3-1-2-4-2-1-0-0-2
202	3	3-3-3-3-3-3-3-3-3-3-3-3	2-3-3-1-2-3-2-4-2-2-1-4	1-2-2-1-1-2-4-5-4-5-4-4	2-2-2-2-2-2-4-1-4-4-5-1	1-3-6-1-2-5-2-2-2-5-2-1	1-2-2-3-1-1-4-4-2-3-3-3	2-1-4-2-2-3-2-4-3-3-2-2	4-1-1-2-3-3-2-2-4-3-2-3	3-2-2-2-3-2-3-2-4-3-4-2	2-1-3-5-1-3-4-3-1-2-1-1	2-2-4-3-4-2-3-2-2-4-2-4	2-2-2-2-1-2-1-3-7-2-3-2
202	4	4-4-4-4-4-4-4-4-5-4-4-4	5-3-3-1-4-5-2-6-2-2-5-3	1-4-4-3-5-2-3-6-5-2-5-3	2-2-5-5-1-2-4-1-5-3-3-1	1-3-0-1-2-3-4-6-5-2-2-1	1-2-2-2-4-1-5-3-4-4-5-3	2-1-3-2-2-4-7-5-4-5-2-2	3-1-1-2-4-0-6-4-3-3-2-0	5-2-3-2-4-2-3-2-4-3-3-5	2-1-4-3-4-4-3-5-1-2-6-1	2-3-5-5-3-3-0-2-2-3-2-3	2-2-2-2-1-4-2-3-5-4-5-5
202	5	4-3-4-5-5-5-4-5-4-5-5-6	4-4-3-1-5-5-3-4-6-7-5-6	1-5-6-1-6-9-6-6-4-3-4-5	6-6-4-6-7-2-6-6-7-3-3-6	6-3-1-8-2-3-6-4-4-5-3-1	2-2-5-2-4-2-4-5-4-5-4-6	2-1-3-2-2-4-4-4-4-4-6-2	3-1-1-2-5-5-4-2-2-3-2-2	4-2-2-5-4-5-6-6-7-7-5-7	5-2-5-3-7-7-5-4-1-2-2-1	5-7-4-4-4-6-6-2-2-6-7-2	5-7-5-5-5-5-5-5-3-5-4-4
202	6	6-9-4-6-6-6-4-6-4-6-6-5	5-4-3-1-7-5-7-4-5-2-8-5	1-7-6-8-7-5-5-8-8-8-5-7	5-4-7-5-8-8-5-5-8-8-3-5	5-4-3-7-2-3-5-4-7-11-5-6	5-5-7-7-6-2-4-5-6-6-4-6	2-6-6-2-2-6-4-4-6-9-6-2	3-6-8-2-5-0-4-2-2-6-2-2	4-2-2-6-4-5-2-5-5-8-6-5	7-2-5-5-7-8-7-6-6-2-4-1	5-5-7-4-7-5-6-2-2-5-5-2	5-2-5-5-5-5-7-5-3-5-4-6
202	7	7-6-9-6-8-6-7-6-7-7-8-8	5-3-3-8-6-5-8-8-5-5-8-8	8-6-8-6-6-8-8-8-6-6-8-6	8-8-8-8-9-8-4-8-5-4-8-8	8-7-9-6-2-3-8-8-6-6-8-7	8-8-8-9-6-8-8-3-4-6-2-7	8-6-4-7-2-7-4-8-6-7-8-2	7-8-13-8-8-7-4-13-9-5-8-2	7-2-13-8-7-5-8-8-5-6-9-5	6-8-9-4-8-5-8-4-8-2-8-8	2-5-6-4-6-7-3-8-8-9-5-2	7-5-7-8-8-5-6-2-3-7-4-6
202	8	8-8-8-8-8-8-8-8-8-8-7-8	9-9-8-7-5-9-7-7-5-9-7-7	7-8-7-6-7-7-7-7-6-6-9-7	7-7-7-7-7-7-8-7-9-9-8-7	7-7-7-5-10-9-7-7-8-6-7-7	7-7-9-7-8-7-9-8-8-8-7-7	7-1-8-7-7-8-7-7-8-8-7-2	8-7-7-9-7-8-11-7-2-8-7-0	7-2-8-7-8-5-7-7-5-6-8-8	6-7-8-8-7-6-7-6-7-2-7-7	8-5-8-8-13-7-0-7-7-7-5-7	8-7-7-7-7-5-7-10-8-7-9-8
202	9	9-9-7-9-9-9-8-8-9-10-8-10	8-8-8-7-5-8-9-9-5-8-10-9	11-9-10-10-9-10-10-9-9-10-8-9	9-9-10-9-7-10-9-7-8-8-9-9	7-10-7-7-11-8-8-10-8-9-9-7	10-10-8-9-8-11-8-8-8-8-1-7	10-1-8-10-9-9-4-10-9-6-11-9	11-7-11-8-8-11-8-7-7-9-9-9	9-9-9-7-7-5-9-9-5-2-7-5	11-8-7-9-11-8-8-6-9-11-11-1	11-9-9-10-6-11-9-11-11-7-5-9	5-7-9-7-9-9-6-12-9-9-8-8
202	10	11-11-13-11-11-11-12-11-13-11-11-13	13-11-11-11-11-11-9-11-11-11-11-11	9-9-11-11-10-11-11-9-11-11-11-11	11-9-11-11-10-9-11-12-12-11-10-9	13-9-12-12-12-10-10-10-11-10-11-9	12-12-11-10-11-9-10-11-10-10-12-10	9-10-10-10-10-10-12-9-12-10-13-12	10-7-9-10-10-12-10-12-7-10-9-10	10-9-10-10-11-11-11-9-11-12-10-12	12-11-11-13-10-10-11-13-10-12-9-10	9-11-11-10-11-11-9-13-9-11-12-10	11-10-10-13-10-11-12-9-10-9-11-13
202	11	10-10-10-10-10-10-10-10-10-10-10-10	10-10-10-10-10-10-9-10-10-10-10-10	9-11-10-10-10-10-10-9-10-10-10-10	10-10-10-10-11-12-10-7-10-10-10-9	12-9-7-12-9-11-12-12-10-6-10-12	10-10-12-11-10-9-11-10-10-10-2-12	11-10-10-11-10-10-10-11-6-10-9-9	10-7-9-11-12-9-8-10-2-9-9-9	9-9-10-11-13-10-10-9-10-10-12-10	10-10-11-10-10-11-10-6-9-9-9-12	9-10-10-10-10-12-9-9-9-10-10-11	10-5-9-10-9-10-11-10-10-9-12-10
202	12	10-10-10-10-10-10-10-10-10-10-10-10	10-10-10-13-10-10-10-13-10-10-10-13	9-13-12-10-11-12-11-12-10-10-12-12	11-12-10-10-11-11-10-10-10-10-11-9	11-13-10-11-12-11-11-11-12-12-10-11	10-10-11-12-12-13-11-10-12-10-10-11	11-10-10-10-12-12-10-11-10-10-10-10	10-11-10-11-11-10-8-10-12-9-9-12	12-9-10-11-11-10-12-10-5-10-11-10	10-10-12-10-10-11-10-10-9-10-12-11	10-10-10-9-10-11-9-10-12-12-10-12	10-10-9-12-9-10-10-9-10-9-11-11
202	13	13-10-10-10-13-10-10-10-10-10-10-10	10-10-13-12-10-10-11-12-10-13-12-12	12-12-13-10-13-12-13-13-10-13-13-13	13-13-12-13-13-13-10-13-13-13-13-9	10-12-13-13-13-13-12-13-13-13-11-7	13-13-13-10-13-9-13-13-13-13-13-11	11-13-13-13-10-13-10-9-13-10-10-10	13-13-7-13-13-10-8-7-12-10-10-9	12-9-7-13-11-13-13-10-13-10-7-10	10-13-13-10-10-5-13-10-13-13-9-13	10-10-10-10-10-10-12-10-13-10-10-13	10-13-13-10-10-13-13-9-10-13-13-10
203	0	0-0-0-0-0-0-0-0-0-0-0-0	0-0-0-0-0-0-0-0-0-0-0-0	0-0-0-0-0-0-0-0-0-0-0-0	0-0-0-0-0-0-0-0-0-0-0-0	0-0-0-0-0-0-0-0-0-0-0-0	0-0-0-0-0-0-0-0-0-0-0-0	0-0-0-0-0-0-0-0-0-0-0-0	0-0-0-0-0-0-0-0-0-0-0-0	0-0-0-0-0-0-0-0-0-0-0-0	0-0-0-0-0-0-0-0-0-0-0-0	0-0-0-0-0-0-0-0-0-0-0-0	0-0-0-0-0-0-0-0-0-0-0-0
203	1	1-1-1-1-1-1-1-1-2-1-1-1	1-0-0-2-0-1-2-2-1-2-1-2	2-2-2-1-1-2-2-2-0-0-2-1	2-1-2-2-3-2-0-1-0-0-0-2	1-2-2-1-2-0-2-2-0-1-1-2	2-2-2-1-1-2-0-2-0-0-0-0	2-0-1-2-1-0-1-2-0-1-2-0	1-1-2-2-1-2-0-0-2-0-2-2	1-2-1-0-1-1-2-2-2-1-3-0	2-2-0-2-1-2-2-1-2-2-2-0	2-0-2-1-2-1-2-1-2-2-1-1	2-2-1-2-2-14-2-2-6-2-1-1
203	2	2-2-2-2-2-2-2-2-1-2-2-2	3-3-3-1-2-3-1-1-1-1-1-1	1-1-1-1-1-1-1-1-3-3-3-3	1-1-3-1-1-1-3-1-3-3-3-1	0-1-1-1-1-3-1-1-3-3-3-1	1-1-1-1-1-1-3-5-3-0-3-2	1-3-2-1-2-2-3-1-2-4-1-4	2-3-1-1-3-1-5-2-1-3-1-1	2-1-2-3-3-3-3-3-5-2-1-2	1-1-2-3-3-1-1-2-1-1-1-2	1-2-1-2-1-0-1-1-1-1-2-2	1-1-1-1-1-3-1-1-4-1-5-3
203	3	3-2-1-3-2-2-2-1-2-2-2-2	2-2-2-3-2-2-1-2-1-1-1-4	5-3-3-3-3-3-4-4-4-2-2-2	3-3-4-4-1-3-3-1-2-2-2-3	1-7-1-3-4-2-4-4-2-3-2-1	11-3-2-3-4-10-2-4-2-0-2-2	3-2-2-1-3-3-2-4-4-3-3-4	3-2-11-2-2-3-2-0-1-4-3-4	3-4-4-2-2-2-11-2-2-1-1-2	2-1-5-3-4-3-1-2-3-4-4-2	4-2-3-3-2-3-5-4-11-3-2-3	3-3-3-3-3-2-1-3-1-3-2-2
203	4	2-4-5-6-4-2-2-4-4-2-2-5	2-2-2-7-2-2-3-5-1-4-5-5	3-5-5-5-5-5-5-3-3-5-3-5	5-3-3-5-5-5-3-7-5-2-5-3	5-3-12-5-5-4-3-5-2-7-6-5	5-12-5-4-3-6-4-2-3-4-0-7	5-6-4-9-4-4-2-3-3-2-3-3	3-5-7-4-4-3-2-5-4-3-3-3	3-3-3-3-5-2-3-5-6-6-5-2	5-3-6-3-5-5-6-5-7-3-3-5	3-4-3-3-0-3-3-3-3-4-4-4	2-7-3-3-5-2-4-1-2-3-2-13
203	5	6-5-4-5-5-5-5-5-5-5-5-5	6-5-2-4-6-4-6-5-6-6-4-4	3-4-4-4-4-6-4-4-4-7-4-4	4-6-6-4-4-4-5-4-5-5-4-3	4-3-4-4-6-5-6-4-5-5-7-4	6-6-6-6-5-4-6-7-5-5-15-5	9-5-2-5-6-3-6-6-5-6-5-8	5-4-8-6-4-4-2-9-8-3-5-3	5-3-5-5-4-7-3-6-2-5-4-6	4-5-3-2-4-4-6-5-3-3-3-4	5-6-2-0-6-5-3-5-8-6-4-5	7-5-3-6-5-5-4-3-2-3-2-2
203	6	6-6-6-6-6-5-6-6-6-6-7-6	5-6-7-4-5-6-5-7-5-5-4-7	4-5-4-4-4-5-7-8-3-8-7-7	5-5-5-5-4-5-7-4-6-7-8-3	4-3-4-4-5-8-5-5-5-9-8-5	5-5-5-5-5-4-7-7-5-6-9-6	5-4-10-6-5-8-5-5-6-6-3-5	7-4-5-5-4-6-6-5-7-7-1-3	6-3-5-5-6-5-3-5-7-6-7-5	5-5-6-8-3-4-7-5-4-5-3-4	3-5-10-15-7-4-3-10-5-7-5-7	3-5-3-5-3-9-4-6-10-3-6-9
203	7	7-7-7-7-7-7-7-6-9-7-7-7	8-6-6-4-8-8-4-9-5-5-4-6	3-7-4-4-8-5-6-9-8-5-8-6	5-9-8-8-4-5-9-4-8-6-6-3	4-3-4-13-5-6-7-9-8-5-5-5	4-5-5-5-7-4-8-6-7-7-9-5	5-4-6-1-5-7-8-8-7-7-3-5	6-4-4-6-4-3-10-5-6-6-5-3	8-3-6-5-11-5-3-4-7-7-6-5	9-1-7-6-4-7-6-8-4-3-3-4	3-5-8-12-6-6-3-3-3-6-5-6	5-5-3-5-4-1-4-1-6-3-8-10
203	8	7-6-7-7-8-9-7-8-7-8-8-8	7-6-6-4-10-7-6-7-9-10-8-9	5-8-4-4-7-11-9-6-7-6-7-8	9-6-7-9-4-5-9-4-7-6-6-4	9-3-4-14-5-6-9-7-7-6-6-14	14-5-5-5-7-4-7-8-7-8-7-9	5-4-6-1-5-6-7-7-7-7-4-5	6-4-5-9-8-3-7-5-5-6-10-3	7-3-5-8-1-8-3-9-10-13-9-8	1-5-8-6-10-10-7-7-4-1-3-4	3-10-7-0-7-9-3-5-5-5-15-5	8-10-8-5-8-9-8-9-6-3-7-7
203	9	9-6-10-9-9-9-7-9-7-11-11-7	8-6-6-4-7-8-11-7-8-5-10-8	3-9-11-10-10-8-10-10-10-11-10-10	8-11-10-8-14-11-7-14-8-7-6-3	8-6-4-15-5-6-8-7-10-10-8-5	8-6-5-10-7-4-7-8-9-8-7-8	5-10-11-5-5-10-7-7-9-11-9-10	6-9-11-8-8-3-7-5-5-9-11-3	5-3-5-5-5-8-3-8-8-8-9-8	10-5-9-6-4-13-7-14-9-1-3-10	5-8-7-3-17-8-3-5-5-4-8-5	8-5-8-8-4-8-10-8-6-3-7-7
203	10	7-10-9-9-10-10-11-10-10-9-10-10	10-6-7-4-8-7-11-9-11-8-9-8	3-11-9-9-9-5-9-9-9-8-9-9	11-11-9-9-12-11-11-12-8-7-6-3	11-3-4-11-5-6-11-11-8-9-11-11	5-11-11-9-10-11-11-10-15-9-9-11	6-9-9-3-11-10-7-11-9-13-11-9	6-11-9-11-8-10-7-13-5-3-10-3	5-3-5-11-10-8-3-11-8-8-10-8	9-10-12-6-11-8-7-7-11-3-10-9	5-8-6-3-8-8-3-6-5-11-8-5	8-8-10-10-10-10-9-9-6-10-7-7
203	11	11-14-11-11-11-11-12-11-11-11-11-11	10-12-11-10-12-12-10-9-10-12-9-12	7-10-9-9-9-13-10-9-9-9-12-9	10-10-11-10-9-10-12-9-12-13-12-3	10-3-10-10-5-12-10-10-12-9-10-10	3-10-10-9-15-10-12-11-10-11-7-10	4-12-9-1-15-11-13-10-9-9-10-5	15-13-9-12-11-10-13-10-5-13-10-3	11-11-5-10-7-8-3-10-8-12-12-11	10-1-11-11-10-9-10-9-10-3-3-11	3-8-17-7-1-7-3-11-3-10-8-5	15-5-3-10-10-10-9-1-1-11-7-11
203	12	11-13-11-14-11-11-11-11-12-15-11-11	13-11-11-14-11-11-13-13-13-11-14-14	13-12-13-9-13-14-13-13-13-9-13-13	13-13-13-13-9-10-11-8-11-16-11-12	8-13-4-9-12-11-13-10-11-14-10-10	13-10-10-13-13-17-11-8-12-5-2-10	4-11-11-15-13-10-14-13-9-10-15-14	16-11-15-11-8-12-11-10-5-12-13-12	14-3-5-10-4-8-12-14-8-11-11-8	15-12-10-13-12-8-7-11-12-15-12-4	15-6-11-12-14-15-3-14-15-12-8-10	8-5-12-12-15-12-9-12-6-11-7-11
203	13	17-17-11-14-14-13-13-14-14-14-14-14	16-11-11-13-11-11-15-12-15-15-12-12	12-12-12-9-12-14-12-12-12-9-12-12	12-12-12-12-9-14-11-9-11-14-11-14	8-12-4-7-15-11-12-13-11-9-10-10	14-14-10-5-12-15-11-14-13-5-13-12	16-4-11-14-12-13-11-12-9-10-13-13	16-11-16-14-8-14-11-10-5-12-12-3	13-3-5-14-4-8-13-12-14-8-10-8	13-5-13-13-13-8-13-11-14-13-13-13	12-8-11-7-7-13-3-12-13-13-8-13	13-5-13-13-13-8-9-12-6-11-7-13
203	14	15-14-15-15-15-15-14-14-14-11-13-14	15-15-15-12-15-15-15-15-17-13-12-12	13-12-13-9-16-13-15-12-15-15-15-15	14-14-15-12-9-13-15-9-15-13-15-13	8-12-13-8-13-15-13-14-15-12-15-14	13-13-10-9-14-4-15-13-13-14-1-14	4-4-14-13-12-13-12-12-14-14-12-12	13-11-12-13-11-13-11-10-5-14-12-3	12-3-5-13-7-12-12-12-13-16-4-12	13-12-13-17-13-13-13-9-13-12-13-14	12-8-15-13-12-13-3-12-12-12-8-10	14-5-13-13-12-1-9-15-15-11-7-16
203	15	14-14-14-14-14-14-14-14-15-12-15-14	13-14-14-16-14-14-13-14-13-13-12-13	16-12-13-16-15-16-14-12-14-14-14-14	14-14-14-15-15-16-14-15-14-14-14-13	15-12-16-9-13-14-14-15-15-9-15-15	15-10-15-9-17-16-16-15-10-7-5-16	15-16-14-13-11-13-7-11-9-10-12-16	15-15-12-15-15-13-7-17-5-12-15-3	12-3-5-15-17-8-12-12-8-9-15-8	12-5-13-14-13-15-15-9-13-12-13-15	12-8-11-11-9-12-3-12-12-13-8-5	13-5-13-13-12-10-9-14-6-11-7-16
203	16	17-17-17-17-17-17-17-17-17-17-17-17	17-14-14-15-17-17-17-14-17-17-17-17	16-17-17-17-14-15-16-17-17-15-16-16	15-16-17-15-15-15-17-15-14-12-14-13	15-12-13-15-17-14-17-17-14-16-16-17	17-13-15-16-16-15-15-15-14-14-13-16	13-15-16-17-16-13-14-17-9-10-12-15	16-15-12-15-15-17-16-16-15-16-16-17	17-16-16-15-15-16-13-15-13-17-15-8	16-16-13-14-13-15-17-16-16-17-13-15	12-6-11-17-16-13-14-16-12-16-8-5	17-16-16-13-17-16-11-16-16-16-16-16
203	17	17-17-16-16-17-17-16-17-17-16-17-16	16-14-17-16-16-16-16-16-16-17-16-16	16-16-17-16-17-15-17-16-16-17-16-17	17-17-16-17-17-17-16-15-15-17-17-13	15-12-17-17-16-17-16-16-14-17-15-16	17-17-15-15-17-12-17-17-17-17-17-17	16-17-17-17-11-17-8-16-17-17-12-16	17-17-15-17-17-16-11-15-13-16-16-16	16-17-17-17-15-17-17-15-17-16-15-8	16-17-17-14-17-15-16-16-17-17-16-17	12-17-11-17-9-13-17-16-17-16-8-17	16-15-17-13-16-17-17-16-16-17-17-17
204	0	0-0-0-0-0-0-0-0-0-0-0-0	0-0-0-0-0-0-0-0-0-0-0-0	0-0-0-0-0-0-0-0-0-0-0-0	0-0-0-0-0-0-0-0-0-0-0-0	0-0-0-0-0-0-0-0-0-0-0-0	0-0-0-0-0-0-0-0-0-0-0-0	0-0-0-0-0-0-0-0-0-0-0-0	0-0-0-0-0-0-0-0-0-0-0-0	0-0-0-0-0-0-0-0-0-0-0-0	0-0-0-0-0-0-0-0-0-0-0-0	0-0-0-0-0-0-0-0-0-0-0-0	0-0-0-0-0-0-0-0-0-0-0-0
204	1	1-1-1-1-1-1-1-1-1-1-1-1	1-1-1-1-1-0-0-1-1-1-1-0	0-1-0-2-3-1-2-0-0-1-2-1	2-0-0-3-2-2-0-2-2-0-2-0	2-0-3-2-0-1-2-2-0-1-2-2	2-2-1-1-1-3-1-1-1-1-1-2	1-1-1-0-1-1-1-1-1-1-2-3	1-1-2-1-1-0-1-1-1-1-2-0	0-0-0-0-2-2-0-0-2-1-2-1	0-1-1-0-2-2-1-2-4-0-0-2	0-1-1-0-0-1-0-0-0-1-1-1	0-1-0-0-0-1-1-0-2-2-2-1
204	2	2-2-2-2-2-2-2-2-2-2-2-2	2-2-2-1-2-2-2-3-2-3-1-2	0-4-1-1-1-5-1-1-0-3-1-1	1-3-3-1-1-1-2-1-1-2-1-0	1-0-1-1-4-1-3-3-3-2-1-1	6-1-4-3-2-1-3-1-2-2-1-2	1-2-2-0-3-2-3-3-2-2-1-1	1-1-1-3-2-2-2-4-3-2-4-2	2-6-2-2-1-1-0-3-1-1-1-1	6-2-2-3-1-1-1-2-0-6-3-1	2-2-2-0-3-2-5-2-2-2-2-2	0-2-2-0-2-2-2-2-1-1-1-1
204	3	3-3-3-3-3-3-3-3-3-3-3-3	2-5-3-1-4-4-4-2-5-2-1-2	0-3-4-1-1-2-4-4-4-2-4-4	2-2-2-1-1-1-4-1-4-3-1-0	1-0-1-1-2-4-2-2-2-2-1-1	1-0-2-2-2-1-2-1-3-3-1-3	1-5-3-0-2-3-2-4-3-2-1-1	3-1-1-2-1-2-3-2-2-3-2-4	3-3-2-2-3-3-0-2-3-1-1-5	2-2-3-4-4-5-1-3-4-0-2-6	3-3-5-3-2-3-0-2-2-2-2-2	3-2-0-0-2-3-4-3-3-1-3-3
204	4	4-4-4-4-4-4-4-4-3-4-4-5	4-5-5-1-3-5-2-5-3-2-3-5	0-4-3-5-1-2-3-3-3-5-5-4	1-2-5-1-1-1-5-1-5-5-2-0	1-0-0-5-2-3-5-4-5-6-1-1	1-0-2-2-4-1-5-5-4-3-4-3	0-5-3-0-2-3-5-3-5-4-1-4	4-1-1-3-1-0-3-2-2-4-2-3	4-0-3-2-4-3-0-0-5-6-5-4	2-2-3-3-3-3-1-4-3-2-0-1	4-3-5-5-4-5-8-2-0-4-3-2	8-2-0-0-4-3-3-3-4-5-6-4
204	5	5-4-4-4-4-4-4-5-4-3-3-4	4-4-4-5-4-4-0-4-3-2-6-4	6-6-6-6-7-2-6-6-5-4-4-5	6-6-4-5-7-6-4-6-4-4-2-5	7-0-12-6-2-3-6-6-4-6-6-6	7-6-6-7-4-7-4-4-4-3-7-6	10-8-3-0-2-3-4-6-4-3-6-6	4-7-6-6-2-8-3-6-2-5-5-2	6-2-4-2-5-5-0-6-4-5-6-5	2-2-4-5-6-3-5-4-5-0-6-6	6-3-3-4-5-4-2-11-6-6-5-2	6-5-5-5-2-3-1-3-4-5-4-3
204	6	6-6-6-6-6-6-6-6-6-7-6-7	4-7-7-5-4-7-7-7-6-7-5-7	5-6-5-5-5-7-7-5-5-4-7-6	5-6-7-5-5-5-4-5-7-6-7-0	5-0-5-5-2-7-5-5-6-5-5-5	2-5-5-7-6-5-7-7-4-6-5-6	0-6-6-0-7-6-7-7-6-6-5-5	6-5-5-7-7-2-12-7-5-6-5-2	5-2-2-7-4-6-0-5-7-5-8-6	2-2-6-7-5-3-5-4-7-2-5-5	2-3-6-6-7-4-6-5-8-5-7-2	7-5-5-5-5-6-8-3-4-5-4-6
204	7	6-7-6-7-7-7-7-7-6-8-8-6	4-8-6-5-7-6-7-6-7-6-6-6	12-7-7-5-5-6-6-7-5-8-6-7	7-6-7-5-5-5-7-5-8-7-6-0	5-0-8-5-8-6-7-7-8-7-5-5	5-5-5-5-7-5-6-6-7-7-5-6	0-7-6-0-6-3-9-6-7-6-0-5	7-5-6-6-6-8-6-7-2-7-8-7	7-0-3-6-7-5-0-0-6-7-7-6	2-2-9-11-7-8-5-4-6-8-6-3	7-3-7-6-8-7-8-8-8-5-6-2	6-5-5-0-7-6-1-7-4-5-7-3
204	8	9-9-9-9-9-7-9-9-8-8-9-8	9-7-7-9-7-7-9-9-9-6-9-9	8-9-9-8-8-9-9-9-9-9-8-8	9-8-8-8-8-9-8-8-7-8-7-8	8-9-8-8-10-6-9-8-7-8-8-9	9-9-6-8-7-7-7-9-7-7-9-8	8-5-8-9-8-8-7-9-7-8-9-8	9-8-9-9-7-9-6-7-8-11-9-9	8-8-8-8-9-8-9-8-9-8-6-5	9-9-7-9-10-7-7-4-9-10-9-7	9-3-8-6-7-8-9-9-9-8-6-9	8-5-8-9-10-8-6-9-9-9-9-9
204	9	10-12-11-11-10-10-11-10-12-11-10-12	10-10-10-10-10-10-10-8-11-10-8-10	8-8-8-8-10-10-8-8-10-10-8-10	10-8-11-10-8-8-10-5-10-10-9-8	10-8-8-11-8-9-8-10-9-10-10-8	8-8-11-9-9-10-9-10-7-9-8-9	11-10-10-8-10-9-10-10-10-10-8-12	9-10-10-8-10-8-9-11-8-11-8-10	9-10-9-9-8-10-8-10-10-10-11-10	8-8-7-10-10-10-10-4-8-8-8-11	8-11-11-6-12-10-10-8-8-9-10-9	11-9-9-8-8-10-11-12-8-9-11-11
204	10	9-9-9-9-9-9-9-9-9-9-9-9	9-9-9-9-9-9-9-12-8-9-9-9	11-9-8-9-9-9-8-9-9-9-8-9	9-8-9-9-10-11-9-5-9-9-9-12	9-8-8-9-8-9-11-11-11-9-9-10	11-9-10-9-7-9-10-9-9-9-10-9	10-9-9-11-9-9-9-9-9-9-11-10	9-10-9-8-10-8-6-9-8-9-10-9	10-9-9-10-8-9-10-10-9-9-10-9	8-10-10-9-8-10-9-10-8-8-8-9	8-9-7-6-9-9-9-10-8-10-9-10	9-9-9-8-8-9-9-9-7-9-9-9
204	11	9-9-9-9-9-9-9-9-9-9-9-9	9-7-9-9-9-9-9-10-9-9-9-8	10-11-8-9-9-10-11-8-9-9-12-11	10-11-9-9-10-10-9-5-9-9-10-8	9-8-11-9-9-9-10-10-10-12-9-11	10-9-10-11-7-12-9-9-11-9-10-12	11-9-9-10-9-11-9-11-9-12-11-10	9-11-9-11-10-8-6-9-12-9-11-9	11-9-12-11-11-9-10-10-9-9-10-9	10-10-11-7-10-10-5-9-12-8-11-9	9-9-9-6-9-9-9-5-11-10-9-11	9-5-9-11-11-9-9-9-9-9-9-9
204	12	12-9-12-9-12-9-9-12-9-9-9-9	9-9-12-9-9-9-9-10-9-12-11-8	9-12-12-9-12-10-11-9-9-12-11-12	11-12-12-12-12-12-9-5-12-12-12-8	9-8-12-12-12-12-11-11-9-12-9-11	12-12-12-12-12-11-12-12-12-12-12-11	11-12-12-12-9-12-9-9-12-12-11-9	12-11-9-12-12-12-6-11-11-11-9-12	10-12-11-12-9-9-12-9-12-9-12-9	12-8-9-12-12-10-12-9-12-12-12-12	8-9-12-6-9-9-9-8-12-12-9-11	8-12-12-8-8-12-12-9-12-12-12-9
205	0	0-0-0-0-0-0-0-0-0-0-0-0	0-0-0-0-0-0-0-0-0-0-0-0	0-0-0-0-0-0-0-0-0-0-0-0	0-0-0-0-0-0-0-0-0-0-0-0	0-0-0-0-0-0-0-0-0-0-0-0	0-0-0-0-0-0-0-0-0-0-0-0	0-0-0-0-0-0-0-0-0-0-0-0	0-0-0-0-0-0-0-0-0-0-0-0	0-0-0-0-0-0-0-0-0-0-0-0	0-0-0-0-0-0-0-0-0-0-0-0	0-0-0-0-0-0-0-0-0-0-0-0	0-0-0-0-0-0-0-0-0-0-0-0
205	1	1-1-1-0-1-0-0-1-1-1-1-1	1-0-0-2-0-1-1-0-2-0-2-0	2-2-3-2-2-0-2-0-0-0-2-2	2-2-3-1-2-2-0-2-2-2-0-2	2-1-2-2-2-0-2-2-0-0-3-2	2-2-3-1-3-2-2-2-0-0-0-0	0-0-1-0-0-0-0-2-1-1-2-0	1-0-3-2-0-1-0-3-2-0-1-1	0-2-1-2-3-2-1-0-1-1-2-2	2-1-1-0-0-0-2-0-2-1-0-0	0-0-0-0-2-0-0-1-0-2-1-1	2-2-2-1-2-1-2-0-0-2-0-0
205	2	2-2-2-2-2-2-2-2-2-2-2-2	3-3-3-1-2-2-1-2-1-2-1-2	1-1-1-1-1-1-1-3-0-3-3-3	1-1-0-1-1-1-0-1-1-1-3-1	1-2-1-1-1-3-1-1-3-1-1-1	1-1-1-2-2-1-3-1-2-0-3-2	0-1-2-2-3-0-3-3-0-0-1-0	2-1-1-1-2-2-3-0-1-2-1-3	2-1-1-1-1-1-2-3-2-2-1-1	1-1-2-3-2-1-1-2-1-2-0-2	3-3-3-2-1-0-0-2-2-1-1-2	1-1-1-2-1-3-1-2-6-1-5-3
205	3	3-2-2-2-2-3-3-2-2-3-3-2	2-2-2-1-2-2-4-3-3-2-3-2	3-3-1-4-1-4-3-4-4-2-2-3	3-3-4-3-4-4-0-4-1-4-2-5	1-3-1-1-3-2-2-1-2-2-1-1	1-5-1-3-1-1-2-4-0-0-2-5	3-0-2-3-2-5-2-2-0-3-3-3	3-0-1-3-3-3-2-1-5-3-9-2	3-3-3-5-1-3-3-2-2-4-4-2	3-3-3-2-5-2-1-0-3-6-5-0	2-2-2-2-2-3-3-3-5-3-1-1	3-4-3-3-3-2-3-3-2-3-0-2
205	4	5-5-5-4-4-4-5-5-5-5-4-5	5-6-5-5-5-5-5-5-5-5-5-5	4-5-5-6-4-5-4-4-5-4-4-4	4-4-6-5-4-3-5-6-5-5-4-4	5-4-3-4-5-4-4-4-3-5-7-4	7-3-5-4-6-7-3-5-4-0-11-4	11-5-4-14-4-4-5-4-4-4-11-5	11-4-4-4-6-7-4-5-4-5-4-9	11-3-5-3-6-6-11-4-5-6-3-5	4-4-5-8-5-5-4-4-3-9-4-5	11-5-5-6-5-5-5-4-11-4-7-4	4-4-4-3-10-5-6-5-10-8-8-4
205	5	4-4-4-4-4-4-4-4-4-4-5-4	4-4-4-6-4-4-4-4-4-4-4-4	3-6-4-4-5-6-6-4-4-6-5-6	6-5-3-4-5-6-4-8-4-4-6-3	8-4-6-7-4-5-5-5-5-4-6-3	4-3-4-5-4-4-5-7-2-0-5-3	5-4-4-3-4-4-4-4-0-5-5-4	4-6-4-5-5-4-4-6-3-4-4-4	4-3-4-5-6-4-3-6-4-5-5-5	4-5-4-4-3-6-5-4-3-3-3-6	3-4-4-4-4-4-4-4-3-3-4-5	4-5-8-3-3-4-4-4-2-4-2-4
205	6	4-4-4-4-4-4-4-4-4-4-4-4	4-4-4-5-4-4-4-9-4-7-4-4	9-5-5-4-5-9-5-5-4-9-7-5	5-7-7-4-5-7-7-5-4-6-5-4	5-4-5-5-7-5-7-7-7-4-5-4	4-8-8-13-4-4-7-5-6-6-13-8	6-6-9-3-7-6-6-7-6-7-5-9	4-5-7-7-6-4-2-5-9-4-8-4	6-3-6-6-4-4-6-5-4-4-5-5	7-6-6-4-6-5-6-4-3-3-3-5	6-4-2-4-8-6-4-8-7-7-4-6	4-6-5-3-3-4-4-4-2-6-0-4
205	7	4-7-4-7-4-4-4-4-4-7-7-4	4-9-9-5-4-4-4-8-4-6-4-4	3-6-5-4-5-6-8-8-4-5-8-5	5-6-6-5-5-6-6-5-8-9-5-3	5-4-3-5-6-8-6-6-6-4-4-3	4-6-6-6-7-4-6-5-7-7-5-7	6-9-10-3-6-7-9-6-7-10-5-8	4-7-6-6-8-4-2-6-6-4-6-4	6-3-6-6-8-4-4-6-10-4-9-8	6-6-8-9-8-8-9-7-8-4-3-4	6-4-4-4-4-8-4-4-6-8-4-6	4-6-5-3-6-4-4-7-4-4-8-4
205	8	4-9-7-9-4-8-8-4-4-4-4-4	4-9-9-5-4-4-4-9-4-6-4-7	5-8-4-5-5-6-7-7-4-5-7-5	5-6-9-5-5-5-6-5-9-7-7-3	5-4-5-9-6-7-9-8-9-4-4-3	4-6-6-6-8-4-9-9-8-8-12-7	5-9-9-3-6-7-8-9-7-10-5-7	4-7-6-9-7-4-9-9-6-8-6-4	4-3-6-6-7-4-4-5-7-8-7-7	4-6-8-4-7-7-9-9-7-4-3-4	4-4-8-13-4-7-4-6-3-7-4-6	6-6-5-3-6-4-4-4-9-4-9-4
205	9	8-8-8-7-8-8-4-8-9-4-8-4	4-8-8-9-4-4-6-8-4-6-10-10	10-10-10-10-10-6-10-9-9-6-8-9	10-6-8-10-10-10-6-9-8-7-5-3	10-4-1-10-4-7-10-10-8-4-10-10	4-11-10-6-9-10-8-8-6-0-10-10	5-8-6-3-6-7-7-8-7-6-5-6	4-7-5-8-8-4-8-8-6-8-9-4	6-3-8-6-7-4-3-10-7-10-7-8	4-6-8-7-10-7-10-8-9-4-13-9	3-4-8-8-9-10-4-6-6-8-4-6	4-9-5-3-6-4-5-4-4-9-8-4
205	10	10-11-10-10-10-11-11-11-11-10-11-11	11-11-11-9-11-11-11-10-10-11-11-11	10-9-9-9-9-11-10-10-11-11-11-10	9-8-11-9-9-9-10-9-11-11-11-3	9-4-1-9-12-11-9-9-11-10-9-9	9-14-11-10-10-9-11-10-7-11-9-10	5-13-10-3-14-7-10-10-7-8-5-10	4-11-6-9-11-4-13-6-6-4-10-4	6-3-6-6-7-4-3-9-7-9-10-11	4-6-8-9-9-9-9-8-14-4-9-13	6-14-14-11-14-9-4-4-3-6-14-6	4-9-10-3-14-4-4-4-4-4-13-14
205	11	10-10-12-10-10-10-10-10-10-10-10-10	10-10-10-12-13-10-10-12-12-10-12-12	11-12-12-12-11-10-12-12-12-10-12-11	12-11-10-9-9-12-11-9-10-10-11-12	11-13-12-10-13-10-11-12-10-11-11-12	4-10-10-11-10-14-10-10-8-10-4-11	4-10-11-12-11-11-10-11-10-11-4-12	4-10-12-12-8-13-10-10-6-11-12-13	4-13-11-6-13-4-12-12-12-4-9-10	11-4-8-11-9-9-8-4-13-13-12-10	12-10-10-12-11-11-13-4-13-11-4-6	11-12-11-6-12-12-4-11-13-12-11-10
205	12	13-13-13-13-14-13-13-13-14-13-14-14	13-14-13-11-13-13-11-13-11-13-13-13	11-11-11-13-13-13-13-11-14-13-11-13	13-13-13-13-9-11-13-9-13-10-12-11	13-11-11-13-11-12-12-12-13-13-13-11	11-11-13-12-13-13-12-13-12-12-11-12	11-13-13-11-13-12-13-11-12-14-11-12	13-12-13-12-12-11-12-13-6-12-11-11	12-11-12-12-14-13-11-13-13-14-12-14	11-14-8-14-12-13-12-14-11-11-11-12	11-10-11-11-11-12-11-13-11-12-13-12	14-11-12-12-11-13-12-13-11-13-11-13
205	13	12-12-12-12-12-12-12-12-12-12-12-12	12-12-12-12-12-12-11-12-12-12-12-12	3-13-14-12-12-12-14-12-12-12-12-12	12-12-12-12-13-13-12-9-12-10-12-13	12-11-13-12-11-13-14-13-12-12-12-9	12-10-12-6-12-11-13-12-8-10-6-14	13-12-12-13-12-13-12-12-12-12-13-13	12-13-12-13-13-11-10-12-6-12-11-11	6-11-6-13-14-12-13-12-12-12-13-12	12-13-12-12-13-13-13-8-11-11-11-12	13-10-10-8-10-12-11-12-11-13-12-6	13-9-9-13-11-12-13-12-11-12-12-12
205	14	14-12-12-12-14-12-12-14-12-12-12-12	12-12-12-12-12-12-12-12-12-14-12-13	12-13-13-12-14-12-13-12-12-14-14-12	13-14-12-12-14-14-12-9-14-10-14-11	12-11-13-14-11-14-13-14-10-14-12-9	14-10-14-14-14-11-14-14-14-14-14-14	13-14-14-14-12-14-12-12-14-12-13-12	14-14-13-14-14-11-10-13-13-12-12-11	6-14-6-14-12-12-14-12-14-12-13-12	12-14-14-14-14-13-14-12-12-14-14-14	11-10-10-11-10-12-11-12-14-14-10-14	12-14-14-12-12-14-14-11-14-14-14-10
206	0	0-0-0-0-0-0-0-0-0-0-0-0	0-0-0-0-0-0-0-0-0-0-0-0	0-0-0-0-0-0-0-0-0-0-0-0	0-0-0-0-0-0-0-0-0-0-0-0	0-0-0-0-0-0-0-0-0-0-0-0	0-0-0-0-0-0-0-0-0-0-0-0	0-0-0-0-0-0-0-0-0-0-0-0	0-0-0-0-0-0-0-0-0-0-0-0	0-0-0-0-0-0-0-0-0-0-0-0	0-0-0-0-0-0-0-0-0-0-0-0	0-0-0-0-0-0-0-0-0-0-0-0	0-0-0-0-0-0-0-0-0-0-0-0
206	1	1-1-0-1-1-1-1-1-1-1-1-1	0-0-0-0-1-1-1-1-1-0-1-0	3-1-1-1-2-1-2-2-1-1-2-0	2-2-0-1-1-2-0-1-0-0-0-6	0-1-1-2-3-0-0-1-0-1-1-1	1-2-0-1-1-1-0-1-0-0-0-1	1-0-0-1-0-1-0-0-0-1-9-0	0-0-1-1-1-1-0-1-1-0-1-0	1-9-2-1-1-1-1-0-0-1-1-0	1-1-1-0-1-0-0-0-3-3-1-1	0-0-0-0-1-0-3-1-0-1-1-1	1-0-1-1-0-1-1-1-1-1-0-0
206	2	2-2-2-2-2-2-3-2-2-3-2-2	3-3-3-3-3-3-3-3-3-3-3-3	2-3-3-3-2-3-3-3-4-3-8-2	3-3-3-3-1-1-3-4-3-3-2-2	2-8-2-1-1-2-2-2-2-3-3-2	3-1-3-2-2-3-2-4-3-3-10-3	1-2-3-2-2-0-3-3-2-4-2-3	3-2-3-2-2-6-2-3-1-3-2-3	2-1-3-1-4-4-2-6-3-4-2-3	3-2-3-4-3-2-2-3-1-1-2-3	2-3-4-3-3-3-2-3-3-2-3-2	2-2-2-2-3-3-4-3-3-3-3-2
206	3	2-2-2-2-2-2-2-2-2-2-2-2	2-2-2-2-2-2-2-2-2-2-2-2	6-2-4-2-5-2-4-2-2-3-4-5	4-2-2-2-3-3-2-4-2-2-4-7	5-1-5-5-1-3-3-3-3-2-2-3	2-1-3-2-2-2-3-2-2-2-3-4	3-2-2-2-3-3-2-2-2-2-3-2	2-3-10-3-3-2-2-4-3-2-2-2	3-1-2-3-2-2-1-3-2-3-3-2	2-3-2-2-2-2-2-2-1-1-1-3	2-2-2-2-2-2-1-2-2-3-2-1	2-3-3-3-2-2-2-2-2-3-2-0
206	4	2-2-2-2-2-2-2-2-2-2-2-2	2-2-2-2-2-2-2-5-2-6-3-4	3-5-3-2-3-7-3-5-2-5-3-3	5-5-5-5-3-5-2-3-3-4-3-3	3-2-3-3-5-4-5-5-5-4-2-3	2-5-6-10-2-2-5-2-4-4-11-4	4-4-2-4-5-4-5-5-4-2-3-7	4-3-5-5-4-5-0-3-7-4-4-2	4-1-4-4-2-2-4-5-2-2-3-2	4-4-2-2-2-5-4-2-5-5-4-5	4-2-2-2-5-4-1-4-4-5-2-4	2-4-3-4-4-7-2-2-2-4-2-0
206	5	2-2-2-2-2-5-2-2-5-6-7-2	2-7-6-2-2-2-2-4-2-4-3-7	3-5-3-2-3-4-6-4-2-4-6-6	4-4-4-4-3-4-6-3-6-5-6-3	3-2-3-3-4-7-4-4-4-4-2-3	2-4-4-4-2-2-6-4-4-5-0-5	3-5-7-4-4-5-4-4-4-6-3-2	5-3-4-4-3-1-5-4-4-4-2-2	5-2-4-4-5-2-1-4-2-2-3-7	4-4-5-5-2-4-6-12-6-4-4-4	4-2-2-2-4-2-7-4-4-4-2-4	6-4-3-4-2-4-2-2-5-5-2-5
206	6	6-6-6-7-6-2-6-6-6-5-6-6	2-7-5-2-2-2-2-7-2-7-2-5	3-7-2-5-3-4-5-7-2-4-7-7	4-4-7-3-4-4-5-3-7-7-4-3	3-2-3-3-4-5-7-6-7-4-2-3	3-4-4-4-6-2-7-7-6-6-7-4	3-7-5-12-4-5-7-7-6-6-4-4	6-6-4-5-7-2-6-4-4-7-4-2	5-1-4-4-6-2-7-3-2-7-8-2	2-4-8-7-5-7-7-6-5-1-6-6	4-4-13-6-6-5-5-4-4-4-2-4	11-4-3-4-4-2-2-8-8-8-11-2
206	7	7-10-6-6-7-5-6-2-8-5-5-6	2-6-5-2-2-2-2-4-2-6-8-5	10-7-8-10-3-4-8-8-8-4-6-8	8-8-8-8-8-8-5-9-6-6-4-3	8-2-9-8-4-5-8-8-6-8-8-8	8-8-8-4-7-9-6-6-6-6-6-4	13-6-5-4-4-5-6-6-4-7-8-8	6-8-4-8-4-2-13-7-4-8-7-2	4-1-4-4-7-2-6-8-7-6-10-12	2-4-12-6-8-6-6-6-7-1-7-8	4-4-6-2-6-10-5-4-4-10-2-4	5-7-7-7-4-4-2-5-6-6-6-5
206	8	8-8-8-8-8-8-8-8-7-8-8-8	8-12-9-2-2-10-7-9-7-6-7-9	3-8-7-7-3-9-7-7-7-9-9-7	7-7-7-7-7-7-9-7-9-9-9-7	7-2-3-7-4-9-9-7-8-7-7-7	7-7-7-7-6-7-9-8-6-6-2-8	3-10-8-1-9-5-10-8-10-8-7-9	2-10-4-9-9-2-9-7-4-8-7-2	7-1-4-4-6-8-6-9-9-7-7-9	7-4-8-6-7-7-7-6-7-8-9-10	4-9-6-8-6-7-9-4-4-4-2-4	6-4-3-7-7-8-8-6-6-6-6-2
206	9	9-9-8-8-7-9-8-13-7-13-9-10	2-8-8-10-2-11-9-8-10-8-10-11	3-9-10-10-11-10-11-11-11-8-8-10	10-10-10-7-7-10-8-7-10-10-8-3	7-1-7-10-11-8-10-7-10-7-7-7	11-9-8-4-9-7-10-8-6-6-9-7	11-8-8-1-8-5-9-10-9-11-1-8	2-7-8-8-8-9-8-7-4-9-7-10	4-1-4-11-7-8-1-10-8-6-8-8	4-11-11-10-12-6-9-6-9-1-8-8	4-8-6-10-10-9-8-2-4-4-9-4	5-9-3-7-2-8-2-2-6-10-6-9
206	10	8-10-10-9-10-13-8-13-9-13-13-13	11-8-8-11-12-11-10-11-12-9-9-11	11-11-11-7-9-12-9-11-12-9-9-9	11-9-11-9-7-9-11-12-9-9-8-10	3-12-12-9-12-8-9-11-9-10-10-10	11-10-8-4-10-7-9-10-6-6-2-11	3-8-8-10-8-11-8-9-8-10-10-11	2-8-3-8-8-11-8-7-10-9-7-9	4-11-10-4-7-2-11-9-11-2-7-8	10-4-7-9-11-6-6-6-10-10-7-8	11-2-10-9-9-13-10-11-10-11-2-11	10-9-10-10-10-2-2-10-8-9-8-0
206	11	6-11-11-13-12-8-11-12-11-13-13-8	10-8-8-12-2-10-13-10-10-9-13-12	10-11-10-12-9-10-12-10-9-12-9-9	10-10-10-7-12-12-10-11-12-10-12-10	12-10-12-9-9-11-10-12-9-11-9-11	10-10-7-11-7-10-12-11-6-6-4-12	12-12-8-10-10-10-11-9-8-13-10-10	2-12-12-12-12-10-8-12-4-10-7-10	4-10-10-12-12-2-10-10-10-12-12-9	10-9-7-9-10-12-9-6-10-10-9-12	10-2-6-9-6-11-10-10-10-10-2-10	6-7-10-10-10-8-11-6-6-6-6-12
206	12	12-8-13-13-11-13-11-13-12-13-12-13	13-8-8-11-12-10-13-13-10-10-13-13	12-13-13-11-12-13-11-12-10-11-9-12	11-12-10-9-11-11-12-10-11-10-12-12	11-13-10-9-12-11-13-11-9-12-12-11	2-12-8-12-10-13-11-11-6-6-12-12	11-9-12-4-12-10-11-13-9-10-12-12	4-11-11-11-11-13-8-11-10-12-12-12	12-12-4-11-11-2-10-12-12-11-11-9	10-4-7-9-9-11-6-6-10-10-12-11	12-2-6-9-10-12-12-10-12-4-2-12	10-4-10-10-12-4-11-6-6-12-8-11
206	13	13-13-13-13-13-13-12-13-13-13-13-13	12-9-13-11-13-13-12-12-12-13-12-12	12-12-13-11-13-13-13-13-12-13-13-13	13-13-13-13-13-13-12-13-13-13-13-10	11-12-13-13-12-13-12-13-9-13-7-7	13-13-13-13-13-12-13-13-13-13-13-13	11-13-13-13-8-13-13-12-13-10-12-13	13-11-11-13-11-12-8-11-10-13-12-12	12-12-4-13-11-13-13-12-13-2-11-13	10-13-13-13-13-11-13-6-13-13-12-13	12-13-6-8-6-10-12-13-13-13-13-13	13-13-13-10-13-13-13-13-13-13-13-0
207	0	0-0-0-0-0-0-0-0-0-0-0-0	0-0-0-0-0-0-0-0-0-0-0-0	0-0-0-0-0-0-0-0-0-0-0-0	0-0-0-0-0-0-0-0-0-0-0-0	0-0-0-0-0-0-0-0-0-0-0-0	0-0-0-0-0-0-0-0-0-0-0-0	0-0-0-0-0-0-0-0-0-0-0-0	0-0-0-0-0-0-0-0-0-0-0-0	0-0-0-0-0-0-0-0-0-0-0-0	0-0-0-0-0-0-0-0-0-0-0-0	0-0-0-0-0-0-0-0-0-0-0-0	0-0-0-0-0-0-0-0-0-0-0-0
207	1	1-1-0-1-1-1-1-1-1-1-1-1	0-0-0-0-2-1-1-2-2-0-1-0	3-1-2-1-0-2-2-2-2-1-0-0	2-2-2-1-1-1-3-1-4-0-2-5	0-5-1-1-2-0-2-2-2-5-1-1	1-1-0-1-1-1-2-1-0-0-0-2	5-0-0-8-2-1-0-0-0-1-1-0	0-0-1-1-1-2-0-1-1-2-5-2	1-8-2-1-1-1-1-0-0-1-1-0	1-1-1-0-1-0-0-0-1-2-1-1	0-0-0-0-1-0-3-1-0-1-1-1	1-0-1-1-0-1-1-1-1-1-0-0
207	2	2-2-2-1-2-2-2-2-3-2-2-3	1-0-0-2-1-1-1-1-1-0-2-3	1-1-3-3-3-1-3-3-1-3-2-3	3-1-1-3-3-3-0-3-3-0-3-4	3-1-3-5-1-2-1-3-1-1-2-3	3-3-2-2-0-3-3-3-0-2-9-1	2-2-2-2-2-2-2-2-2-2-3-4	2-2-2-2-2-1-2-3-2-1-3-1	1-1-1-2-3-2-1-2-2-2-3-2	3-2-0-3-3-3-2-2-1-1-3-4	2-2-1-3-2-2-1-1-0-2-2-2	0-2-2-1-4-2-2-1-0-0-0-0
207	3	3-3-2-3-3-3-3-3-3-3-3-3	5-3-3-2-3-1-3-3-4-4-2-3	1-4-2-2-2-6-2-2-1-4-2-3	2-4-4-2-2-2-1-2-2-3-4-2	2-1-2-2-5-3-4-2-3-3-5-2	2-2-5-6-3-2-4-2-3-3-0-3	2-3-6-3-4-3-4-3-3-3-2-4	3-2-3-4-2-3-0-4-3-3-2-3	3-1-3-3-2-5-3-3-4-2-2-7	2-3-1-2-2-2-3-3-3-1-1-3	3-3-0-2-3-3-1-3-3-4-2-3	1-3-3-3-3-3-2-3-3-3-3-0
207	4	4-4-4-4-4-4-5-4-4-4-4-4	3-6-4-2-5-5-3-5-3-3-2-2	1-3-2-2-2-3-5-5-5-3-5-4	3-3-5-2-2-2-5-2-5-6-3-2	2-1-2-2-3-5-3-5-3-3-2-2	1-2-3-3-4-2-5-4-4-4-8-4	1-3-4-1-3-0-6-3-4-3-3-3	4-2-3-3-2-1-4-3-3-4-1-6	4-1-5-3-4-4-1-3-5-2-4-5	5-3-4-4-2-3-2-5-5-1-1-2	4-3-0-4-4-3-5-3-3-3-4-3	0-2-1-1-5-5-2-5-4-5-6-4
207	5	5-5-4-5-5-5-5-5-5-5-5-5	6-6-6-2-4-4-7-4-3-3-2-3	1-5-2-6-2-3-4-4-6-6-6-5	6-6-6-2-2-2-7-2-6-5-3-2	2-1-2-2-3-4-6-5-6-1-3-2	1-2-3-3-5-2-6-4-5-5-7-3	1-6-6-1-6-0-6-4-3-5-2-6	0-2-3-4-2-1-6-3-3-5-1-6	1-1-4-4-5-4-4-3-4-5-6-4	4-3-5-6-2-6-6-7-4-1-11-6	3-6-7-5-6-9-4-6-3-3-4-3	5-3-1-5-4-4-2-7-5-4-4-4
207	6	7-6-5-5-5-7-5-5-6-5-5-5	5-5-5-7-4-7-7-7-7-3-7-7	7-7-7-8-7-8-7-7-5-5-5-6	7-7-7-7-7-7-5-2-5-4-8-8	7-11-2-7-1-4-7-7-5-7-7-7	7-8-3-6-6-7-5-5-5-3-7-7	1-5-5-7-5-3-4-7-3-6-7-5	3-6-3-7-2-6-5-6-3-3-6-7	7-1-6-3-6-6-6-7-6-7-7-6	2-7-6-9-7-5-6-5-6-1-7-5	7-5-6-5-5-5-7-6-7-6-6-3	6-6-6-6-6-6-3-5-5-6-4-4
207	7	7-7-7-7-5-7-7-7-7-8-7-7	5-9-9-6-8-6-6-6-6-3-6-6	6-7-6-6-6-3-8-6-5-9-8-6	6-6-6-6-6-6-5-2-7-5-9-6	6-6-2-6-1-8-6-6-8-6-6-6	6-6-3-7-7-6-8-4-5-7-6-6	1-10-4-6-8-7-5-8-4-7-6-7	7-6-9-6-7-4-11-7-3-9-6-6	6-7-3-3-7-7-7-6-8-6-7-3	7-6-7-6-6-6-6-5-1-6-6-8	8-7-10-5-11-5-7-7-6-3-7-7	7-8-6-6-6-7-3-7-5-6-7-7
207	8	7-8-7-8-8-7-8-8-8-7-7-8	9-7-7-6-7-8-8-9-8-7-9-7	6-7-9-6-10-6-7-10-9-7-7-9	6-6-6-6-6-6-5-2-8-9-7-6	2-6-6-9-1-7-7-6-7-6-11-6	6-6-10-11-7-6-7-6-8-8-6-6	1-7-8-1-7-7-7-9-8-9-6-7	8-6-3-6-2-1-7-6-3-8-6-6	6-1-7-3-6-8-6-6-7-8-6-9	7-3-8-6-6-2-8-5-8-1-6-7	7-7-7-8-9-8-7-1-6-6-8-8	7-7-8-6-6-8-8-7-5-4-7-8
207	9	9-11-9-10-10-10-11-11-11-10-10-10	8-7-7-10-10-11-10-11-10-10-9-9	9-7-10-11-8-10-8-10-11-7-9-8	10-10-10-6-10-6-10-11-8-8-10-10	2-6-9-10-10-7-10-9-10-9-10-9	9-10-9-9-10-6-10-10-5-0-10-10	11-7-7-6-7-7-5-8-4-11-6-10	9-10-10-10-9-11-7-10-11-7-6-10	10-1-11-9-9-10-10-9-5-10-10-8	11-10-10-6-9-5-9-5-10-1-6-11	7-8-7-8-8-5-11-9-10-9-8-3	7-6-10-9-9-10-10-7-5-9-7-7
207	10	9-9-9-9-9-9-9-9-9-9-9-9	10-7-9-9-9-9-9-11-9-9-9-9	6-10-9-9-8-9-8-9-11-9-8-8	9-9-11-8-9-9-9-2-8-9-9-10	10-6-2-9-3-7-9-11-9-10-9-9	10-9-8-9-9-11-8-9-8-0-9-9	11-7-8-1-7-9-7-7-8-9-9-9	9-10-9-9-10-9-7-9-3-9-6-10	9-1-9-10-9-9-9-9-5-9-9-8	9-9-9-6-10-10-9-5-9-1-10-9	10-5-7-8-8-9-9-9-9-9-8-3	7-6-9-9-10-9-9-9-5-9-7-4
207	11	11-11-11-11-11-11-9-11-11-11-11-11	10-7-11-9-11-9-9-10-10-11-9-8	9-11-11-9-11-11-11-11-10-11-11-11	10-11-10-11-11-11-9-9-11-11-11-6	11-6-11-11-11-11-10-11-7-11-8-6	11-11-9-11-11-6-11-11-11-11-11-9	10-11-11-11-7-11-11-7-11-11-9-11	11-10-10-6-11-9-7-9-9-9-9-11	3-11-11-11-2-11-11-6-11-10-9-9	9-11-11-11-11-11-11-9-9-11-11-11	11-11-11-11-7-9-9-11-11-11-11-3	9-11-11-9-10-11-11-11-11-11-11-0
208	0	0-0-0-0-0-0-0-0-0-0-0-0	0-0-0-0-0-0-0-0-0-0-0-0	0-0-0-0-0-0-0-0-0-0-0-0	0-0-0-0-0-0-0-0-0-0-0-0	0-0-0-0-0-0-0-0-0-0-0-0	0-0-0-0-0-0-0-0-0-0-0-0	0-0-0-0-0-0-0-0-0-0-0-0	0-0-0-0-0-0-0-0-0-0-0-0	0-0-0-0-0-0-0-0-0-0-0-0	0-0-0-0-0-0-0-0-0-0-0-0	0-0-0-0-0-0-0-0-0-0-0-0	0-0-0-0-0-0-0-0-0-0-0-0
208	1	1-1-1-1-1-0-1-1-1-1-1-1	1-1-1-1-1-1-0-0-1-0-1-0	0-2-0-2-2-2-2-0-0-2-0-1	2-0-0-2-2-2-0-2-2-1-1-0	1-0-2-2-1-1-0-2-1-0-3-1	1-2-1-1-0-3-1-2-1-1-2-1	1-1-1-1-1-1-1-0-1-1-2-1	1-1-1-1-1-1-1-2-1-1-2-0	0-0-1-1-2-1-0-2-1-1-1-1	2-1-0-1-0-2-0-1-0-1-0-1	0-1-0-0-0-0-0-0-0-1-1-1	0-1-3-0-0-1-1-0-0-0-2-1
208	2	2-2-2-2-2-2-2-2-2-2-2-2	3-2-2-1-2-2-2-3-2-3-1-2	0-3-1-1-1-3-3-3-5-3-3-3	1-3-3-1-1-1-2-1-1-2-1-0	1-2-1-1-3-2-3-3-2-2-1-3	1-4-4-5-2-4-3-1-2-2-12-2	2-2-2-2-3-2-2-2-2-2-1-5	2-1-1-3-2-2-2-1-5-2-2-2	2-3-2-2-1-2-2-3-1-2-1-2	3-3-2-2-2-1-2-2-3-2-1-1	2-5-2-0-2-2-0-2-2-4-2-2	3-2-4-2-2-2-2-0-5-2-1-2
208	3	3-3-3-3-3-3-3-3-3-3-3-3	2-3-3-1-2-3-2-2-2-2-1-4	1-2-0-1-1-2-4-5-1-2-4-4	2-2-4-1-1-1-2-1-4-4-2-0	1-0-1-1-2-4-2-2-2-2-1-2	1-2-2-2-3-1-4-2-3-3-8-3	4-1-3-3-2-3-3-4-3-3-1-2	3-1-2-2-4-2-3-4-2-3-2-0	3-2-2-2-3-2-3-2-4-3-4-3	2-2-3-3-4-2-2-3-4-3-4-2	0-4-3-5-2-3-0-4-0-2-4-2	3-3-1-2-2-2-2-0-0-4-4-3
208	4	4-4-4-4-4-4-3-4-4-4-4-4	3-5-5-1-5-5-1-3-2-5-4-4	1-4-4-5-1-2-3-5-4-4-5-5	2-5-5-1-1-2-5-1-5-3-5-0	1-0-1-5-2-3-5-4-5-4-1-2	1-2-2-2-4-1-5-5-4-4-4-3	3-1-4-7-2-3-5-5-3-4-4-4	3-1-2-3-3-6-4-3-2-4-2-11	4-2-2-3-3-3-4-5-5-3-3-4	5-3-4-3-5-5-5-4-3-6-3-4	8-3-14-4-5-6-0-3-2-2-3-2	4-3-1-2-6-3-5-6-4-3-5-5
208	5	5-4-4-4-4-4-4-4-4-5-4-4	3-4-4-7-4-4-6-7-6-4-6-6	6-5-6-6-6-2-6-6-6-4-4-6	6-6-4-5-6-6-4-10-4-4-4-5	6-8-9-6-2-3-6-6-4-7-6-5	6-7-2-2-4-7-4-4-2-4-7-7	5-2-4-2-2-2-4-6-3-8-6-6	2-6-6-6-5-5-4-3-2-6-5-0	6-0-2-2-8-5-5-6-6-5-10-5	4-6-4-5-6-5-5-5-5-9-5-6	6-2-4-4-4-5-0-5-8-2-5-2	5-5-5-5-6-2-4-0-2-6-4-4
208	6	6-6-6-6-6-6-6-6-6-6-6-6	5-8-6-5-6-7-5-5-7-7-5-5	5-6-5-5-5-10-7-7-5-6-7-5	5-6-5-5-5-5-6-5-7-7-6-5	5-0-8-5-5-7-5-5-6-5-5-5	5-8-8-6-6-5-7-6-6-6-13-6	5-1-6-5-7-6-8-5-6-3-5-5	6-5-7-7-6-6-10-6-2-8-5-0	5-2-2-2-3-6-7-5-7-5-6-6	8-5-6-7-5-6-7-4-5-4-7-5	10-7-9-4-7-4-0-3-5-2-7-6	5-5-5-5-5-2-7-4-8-7-11-14
208	7	7-7-6-7-7-7-8-7-7-7-8-7	7-8-6-5-9-6-5-5-6-6-5-8	5-7-5-5-6-8-6-6-9-8-8-7	5-8-8-5-5-5-8-5-6-6-6-5	5-0-5-8-9-6-6-6-6-5-5-5	5-5-6-5-7-5-6-8-7-7-5-5	8-10-7-4-8-7-7-6-7-7-5-9	7-5-6-6-8-6-9-6-2-8-5-0	5-8-6-8-7-6-6-5-6-12-6-10	6-1-7-8-5-7-6-7-5-8-6-5	2-6-7-4-6-9-0-8-5-8-6-6	6-10-5-5-5-5-6-9-8-6-8-6
208	8	7-9-6-9-8-7-7-10-9-9-7-9	9-7-7-9-7-9-9-10-9-6-9-9	5-9-10-10-9-9-9-9-10-9-7-7	9-9-9-10-5-9-9-5-9-9-8-5	7-5-6-9-8-6-9-9-7-8-10-9	8-9-9-8-7-9-9-7-7-6-7-9	7-7-8-7-7-7-7-9-8-5-5-7	2-5-9-9-7-8-6-10-2-7-9-2	2-8-14-9-12-14-8-7-8-6-6-7	6-8-8-7-4-6-9-7-9-8-5-5	8-2-4-4-7-5-9-7-5-9-8-8	7-7-9-5-5-3-8-7-6-6-7-6
208	9	9-9-9-9-9-7-9-9-8-8-9-9	9-12-10-8-10-8-8-11-8-6-8-8	5-8-8-8-8-12-8-8-8-10-10-8	8-8-8-8-8-8-10-5-8-8-10-5	5-0-5-8-8-10-8-8-10-8-8-8	8-8-8-9-7-8-10-8-9-6-10-8	8-7-9-3-9-9-9-8-9-7-5-7	2-8-8-8-7-9-7-8-2-9-10-2	8-8-8-8-9-10-10-9-9-6-6-8	9-8-7-10-10-6-8-7-8-8-7-14	14-11-6-11-12-7-8-10-5-8-8-8	7-8-8-5-9-9-8-7-10-13-9-6
208	10	10-10-11-11-9-11-9-8-11-10-9-11	9-6-9-8-9-7-8-10-11-6-11-8	12-11-8-8-8-9-11-11-11-9-9-10	11-11-11-8-5-11-9-5-8-8-9-11	1-11-11-8-11-9-11-8-9-8-8-8	11-11-8-9-7-8-9-10-7-6-9-10	11-7-9-11-11-10-7-9-13-10-11-9	10-6-12-11-10-10-6-8-10-10-9-10	10-10-12-11-12-9-12-10-11-6-6-7	10-10-10-9-9-6-7-7-10-12-10-5	13-2-4-4-10-14-10-10-10-10-8-8	10-7-10-10-10-10-10-10-9-10-7-6
208	11	11-11-11-11-11-11-11-11-10-11-11-10	9-12-9-8-13-12-8-11-10-13-10-12	10-10-8-8-10-12-12-10-10-12-12-11	10-10-10-8-10-10-12-5-8-8-12-10	13-10-10-8-10-11-10-10-11-9-8-8	10-10-8-9-7-5-10-11-11-11-7-11	10-12-9-10-10-11-13-12-7-7-10-7	11-11-10-11-11-10-6-8-10-13-10-10	10-10-10-10-10-12-10-10-12-11-6-10	10-10-7-13-11-11-8-7-10-10-5-13	11-14-12-9-13-13-14-10-10-8-11-6	11-13-10-10-9-11-8-7-12-12-12-13
208	12	11-12-12-12-11-13-11-11-11-14-9-11	12-11-11-14-11-11-8-13-10-12-13-14	10-13-13-13-12-14-11-8-13-13-11-12	13-10-13-8-12-13-11-5-11-11-11-10	13-10-5-8-10-11-13-13-13-12-8-5	13-10-13-14-7-5-13-12-11-6-2-13	13-11-9-10-10-10-11-13-7-7-13-12	12-12-10-13-12-10-6-8-10-11-13-10	10-10-10-13-13-11-10-10-11-7-12-7	10-13-10-11-13-13-7-14-10-10-10-10	13-13-11-4-7-13-10-10-13-12-8-12	10-11-10-12-12-10-12-7-11-11-7-11
208	13	11-13-14-13-11-12-13-14-13-11-14-14	14-9-11-12-11-14-12-14-14-11-14-14	12-12-12-14-12-12-13-14-12-12-13-13	12-13-12-13-12-12-11-5-11-10-12-10	12-10-10-8-10-12-12-12-12-11-11-13	12-7-12-13-7-14-12-12-9-6-6-12	12-11-10-10-14-10-11-12-10-14-12-12	11-12-6-12-12-10-6-8-10-11-12-10	14-10-2-12-12-13-10-10-11-7-12-7	10-12-13-11-12-12-7-14-10-10-10-11	12-12-11-13-9-11-10-10-12-12-8-13	10-11-10-10-13-10-12-7-11-13-7-11
208	14	14-14-14-14-14-14-14-14-14-14-14-14	13-11-14-12-14-13-13-13-13-14-13-13	11-14-14-13-14-12-14-14-12-14-14-13	13-14-14-13-14-14-12-14-14-14-14-10	12-10-14-14-14-14-13-13-11-14-8-5	14-14-14-13-14-13-14-14-14-14-14-13	12-14-14-14-13-14-11-12-14-13-10-12	14-12-8-14-14-12-6-8-10-10-9-14	13-14-8-14-12-14-14-5-14-6-12-8	10-14-14-9-14-14-14-13-10-14-14-14	9-11-4-4-12-10-14-12-14-14-14-13	14-14-14-10-9-14-14-14-14-14-14-6
209	0	0-0-0-0-0-0-0-0-0-0-0-0	0-0-0-0-0-0-0-0-0-0-0-0	0-0-0-0-0-0-0-0-0-0-0-0	0-0-0-0-0-0-0-0-0-0-0-0	0-0-0-0-0-0-0-0-0-0-0-0	0-0-0-0-0-0-0-0-0-0-0-0	0-0-0-0-0-0-0-0-0-0-0-0	0-0-0-0-0-0-0-0-0-0-0-0	0-0-0-0-0-0-0-0-0-0-0-0	0-0-0-0-0-0-0-0-0-0-0-0	0-0-0-0-0-0-0-0-0-0-0-0	0-0-0-0-0-0-0-0-0-0-0-0
209	1	0-0-0-1-1-0-0-1-0-1-1-0	0-0-0-0-0-1-1-0-0-0-0-0	3-2-2-0-0-0-2-0-0-0-0-1	2-0-1-0-0-0-2-0-1-0-0-6	0-0-6-0-1-0-2-2-0-0-2-0	0-1-0-0-0-0-2-0-0-0-0-2	1-0-0-1-0-1-0-0-0-0-6-0	1-0-0-1-1-3-0-1-1-0-0-0	3-1-1-0-0-0-1-1-0-1-1-1	1-1-1-3-0-1-0-0-3-3-1-0	0-0-1-0-1-1-7-1-1-1-1-1	1-1-1-1-1-0-1-0-1-1-0-0
209	2	3-2-2-2-3-3-2-2-2-2-3-2	3-3-3-0-5-3-3-4-3-3-3-4	2-4-1-3-4-3-1-4-3-3-3-2	1-2-3-4-2-2-1-4-2-0-2-1	0-2-1-1-3-2-3-2-1-3-6-2	3-3-3-2-3-5-1-2-2-2-2-1	2-0-2-2-2-3-3-3-2-3-1-0	2-2-2-2-2-0-3-3-2-6-3-3	2-2-3-2-4-4-2-3-3-10-2-3	2-2-2-2-2-2-5-3-1-7-2-2	2-3-3-0-2-2-2-2-1-2-3-2	1-2-2-1-2-3-2-2-2-2-2-2
209	3	2-3-2-4-2-2-2-2-2-2-2-2	2-2-2-4-2-2-2-2-2-2-5-4	6-2-5-5-6-4-4-4-2-2-4-4	4-2-2-2-3-4-2-6-3-0-4-1	3-0-4-4-4-3-4-4-3-2-2-3	4-4-2-2-3-6-3-3-3-3-3-4	3-3-2-1-3-2-2-2-2-3-4-3	3-4-4-3-3-1-2-4-3-3-2-2	1-1-2-3-4-2-1-4-2-3-4-2	2-3-2-1-2-4-3-2-1-2-1-3	0-2-2-0-2-2-0-1-1-3-2-1	1-3-1-1-2-2-3-0-0-3-0-2
209	4	2-5-2-3-4-4-2-4-4-2-2-4	2-4-2-3-4-2-2-5-4-5-3-4	3-2-5-2-3-5-5-5-2-5-5-3	3-5-5-2-3-3-5-3-3-4-3-1	3-4-3-3-5-3-5-3-4-2-5-3	3-7-6-7-4-3-5-5-4-4-7-4	5-4-4-1-5-4-4-5-4-4-3-7	3-3-3-5-4-4-4-3-7-7-4-7	7-7-4-4-3-2-7-5-2-4-3-4	4-3-4-4-2-3-4-4-1-4-4-3	7-7-2-0-4-4-2-4-4-6-2-4	1-4-1-1-2-4-7-4-4-3-3-4
209	5	5-4-5-5-5-4-5-5-6-5-5-5	2-7-5-3-2-6-2-4-4-4-3-6	3-5-4-3-3-4-6-6-2-4-6-6	5-4-6-5-3-3-4-3-6-7-4-1	3-1-2-3-4-7-4-3-4-3-7-3	3-4-4-2-5-3-4-4-5-5-5-5	4-4-5-1-4-5-7-6-5-5-4-4	5-3-3-4-4-4-5-6-4-5-4-0	5-4-4-4-5-2-4-4-2-4-3-4	4-4-5-6-2-3-2-5-6-4-4-3	4-6-2-0-6-2-2-6-4-4-6-4	6-4-1-1-2-2-4-4-0-6-5-2
209	6	6-6-6-6-7-8-5-6-6-6-6-6	5-7-7-3-8-7-2-8-4-7-6-5	3-6-6-3-3-8-8-5-6-6-8-5	4-7-7-2-3-4-6-3-7-5-6-1	3-2-1-7-4-6-7-6-7-2-2-3	3-4-4-2-6-3-7-7-5-6-8-5	4-4-7-1-4-6-6-7-5-5-1-4	2-3-4-5-4-2-6-5-4-6-2-0	2-4-7-5-5-2-0-4-7-5-5-8	4-3-6-5-7-3-8-6-5-4-2-3	4-5-7-6-7-2-2-5-1-4-5-4	5-4-1-1-2-2-3-6-8-5-5-4
209	7	7-6-6-6-6-6-6-6-7-7-6-7	2-6-6-8-6-6-2-10-9-6-9-8	9-8-8-8-8-4-6-5-6-6-6-8	8-8-6-8-8-8-10-9-6-5-6-7	9-1-10-6-4-5-6-8-6-8-9-7	9-9-4-2-7-10-6-6-4-6-4-8	13-3-6-1-4-7-5-6-5-10-8-4	4-8-2-8-4-7-6-8-4-9-7-4	8-4-6-4-7-9-4-8-6-7-8-7	4-8-10-7-9-3-7-6-7-2-7-8	4-4-5-6-6-7-1-10-1-8-7-4	7-7-7-7-2-2-4-0-7-7-6-4
209	8	8-8-9-9-8-6-8-8-8-8-8-9	9-8-9-3-6-6-9-9-5-6-7-7	7-7-7-7-7-6-9-8-9-9-9-7	7-9-9-7-7-7-9-7-8-9-9-1	7-1-7-7-4-9-7-9-8-7-7-7	7-7-10-2-8-7-9-8-8-8-12-7	7-12-8-1-10-8-10-9-5-9-7-4	8-7-2-9-8-9-8-7-4-8-2-0	7-4-4-7-8-8-4-7-9-7-9-9	9-7-9-9-7-9-6-6-9-4-7-7	4-4-2-12-10-7-1-10-7-4-9-6	7-4-7-7-8-7-3-8-10-6-8-9
209	9	9-9-8-8-11-11-9-8-8-8-8-9	8-10-8-3-9-10-8-8-9-6-7-10	7-9-7-7-7-10-8-8-8-8-10-9	7-8-10-7-7-7-8-7-10-10-10-1	7-1-7-7-4-8-10-8-10-7-7-7	7-7-8-2-8-7-10-8-9-8-7-7	7-12-8-1-8-9-10-8-5-8-7-4	8-7-10-8-8-8-8-7-4-10-9-0	7-4-8-4-9-7-10-7-8-7-8-8	8-7-8-8-7-8-10-6-8-4-7-10	4-4-2-13-11-2-1-10-1-9-4-4	9-4-7-7-2-8-3-8-10-9-10-9
209	10	10-10-10-11-11-10-11-11-9-8-11-13	11-9-8-11-9-9-11-11-11-11-11-9	7-10-11-11-11-12-11-11-12-10-9-10	11-11-9-7-11-11-10-7-9-9-9-12	7-11-7-7-11-8-9-11-9-10-11-11	11-11-8-10-8-7-9-11-9-9-11-11	12-9-8-12-8-10-8-11-8-8-11-10	4-8-9-11-11-11-8-11-11-12-11-10	10-10-11-11-12-10-11-11-8-10-11-8	11-10-9-9-9-10-9-9-11-12-12-9	12-4-11-8-10-2-11-9-11-10-8-4	9-7-7-12-12-2-3-10-8-10-9-9
209	11	12-12-11-13-12-13-12-12-13-12-12-13	12-13-12-12-12-12-12-12-12-12-12-12	11-10-12-13-12-12-10-12-13-12-13-11	12-10-12-11-10-10-12-7-12-12-12-10	13-13-11-12-10-11-11-11-12-12-12-10	11-10-12-11-11-12-12-12-11-11-10-11	12-12-12-11-12-12-12-11-12-12-13-13	12-11-12-10-10-12-11-12-10-12-10-12	11-12-11-11-13-12-10-10-12-12-10-12	12-10-12-11-11-12-9-11-10-10-10-12	10-13-13-8-13-13-10-12-10-11-12-11	9-11-11-10-10-12-12-12-12-11-9-12
209	12	11-11-13-11-11-11-11-11-11-11-11-11	11-9-11-11-11-11-11-13-11-11-11-11	12-11-11-13-12-11-12-11-11-11-12-12	11-10-11-13-12-10-11-12-11-11-11-10	11-11-7-11-10-11-13-12-11-11-11-12	11-10-11-12-8-11-11-11-9-8-8-13	11-9-11-10-11-11-11-11-11-11-12-12	11-12-11-12-12-11-8-11-10-11-12-11	11-11-11-12-13-11-10-10-11-11-12-11	11-11-11-11-12-11-9-11-10-10-10-11	10-11-11-8-11-12-10-11-10-11-11-4	9-12-12-10-10-11-11-11-11-11-9-11
209	13	13-13-12-11-13-11-11-13-11-11-13-11	11-11-11-12-11-11-12-12-11-13-12-11	11-13-13-11-13-11-12-11-11-13-11-13	12-13-11-12-13-13-11-13-13-13-13-10	11-11-13-13-13-13-12-12-11-13-12-7	13-13-13-11-13-13-13-13-13-13-13-12	11-13-13-13-11-13-11-11-13-13-11-11	13-12-11-13-13-11-13-11-7-13-11-13	11-13-13-13-12-11-13-11-13-11-12-9	10-11-11-13-13-12-13-11-12-13-11-13	11-11-11-9-11-11-11-11-13-13-11-13	11-6-13-11-10-13-13-11-13-13-13-11
210	0	0-0-0-0-0-0-0-0-0-0-0-0	0-0-0-0-0-0-0-0-0-0-0-0	0-0-0-0-0-0-0-0-0-0-0-0	0-0-0-0-0-0-0-0-0-0-0-0	0-0-0-0-0-0-0-0-0-0-0-0	0-0-0-0-0-0-0-0-0-0-0-0	0-0-0-0-0-0-0-0-0-0-0-0	0-0-0-0-0-0-0-0-0-0-0-0	0-0-0-0-0-0-0-0-0-0-0-0	0-0-0-0-0-0-0-0-0-0-0-0	0-0-0-0-0-0-0-0-0-0-0-0	0-0-0-0-0-0-0-0-0-0-0-0
210	1	1-1-1-1-1-1-1-1-1-1-1-1	1-1-1-1-1-1-2-1-1-1-1-0	1-2-2-2-2-0-2-0-0-1-0-2	2-0-2-2-2-2-0-2-2-0-2-7	2-0-1-2-0-1-0-2-1-1-1-2	2-2-1-1-1-2-1-1-1-1-0-0	1-1-1-0-0-0-1-0-1-1-2-0	1-1-1-1-1-0-1-1-1-1-0-0	0-0-1-1-2-1-0-2-1-1-1-1	1-1-1-4-2-2-1-1-3-0-0-1	0-1-1-0-2-0-0-1-0-1-1-1	0-1-1-1-2-0-1-0-0-1-0-1
210	2	2-2-2-2-2-2-2-2-2-2-2-2	3-2-1-1-2-2-1-5-2-3-1-2	5-3-1-1-1-5-3-1-0-5-2-1	1-3-3-1-1-1-2-1-1-2-5-1	1-2-1-1-3-1-3-3-2-2-4-3	5-3-4-3-2-1-3-1-2-2-9-2	1-1-2-2-3-0-2-3-2-2-1-3	2-2-3-3-2-2-2-3-2-2-2-2	2-3-2-2-1-2-2-3-2-2-1-2	3-3-2-3-1-1-2-2-0-2-2-1	2-5-2-0-2-2-1-2-2-3-2-2	2-2-4-2-2-2-1-0-2-2-1-2
210	3	3-3-3-3-3-3-3-3-3-3-3-3	2-4-3-1-3-4-4-4-2-2-1-4	1-2-4-2-1-2-4-4-4-4-4-4	1-2-2-1-1-1-4-1-4-3-2-1	1-0-1-1-2-4-2-2-2-2-1-2	2-2-2-2-2-1-4-3-3-3-0-3	1-1-4-2-2-3-5-4-3-2-2-2	3-4-2-2-1-0-3-2-2-3-2-2	3-2-2-2-3-2-0-2-3-2-1-4	2-4-3-3-3-2-4-2-4-2-2-1	3-1-5-3-2-4-4-2-2-2-2-2	3-2-1-2-3-4-1-0-9-4-4-3
210	4	5-4-4-4-3-5-3-4-3-5-4-4	5-5-3-1-4-3-3-3-2-2-1-3	4-4-3-4-3-2-3-5-5-3-5-5	2-2-5-2-1-2-5-1-5-6-2-0	1-0-1-4-2-3-4-4-5-2-2-1	1-2-2-2-4-1-5-3-4-4-5-2	1-1-3-0-2-4-4-3-4-4-0-2	4-3-1-2-2-7-9-3-2-4-2-4	4-2-2-2-4-2-0-3-5-6-3-4	4-3-4-1-8-4-8-4-3-5-5-5	0-2-6-10-5-3-10-2-2-2-2-2	5-2-2-2-6-3-1-0-7-5-8-7
210	5	4-4-4-4-5-4-4-4-4-4-4-4	4-4-4-5-4-5-7-2-6-2-6-6	6-7-7-7-6-2-6-6-4-2-4-6	6-6-6-5-7-7-4-12-4-4-2-5	7-4-4-8-2-3-6-6-4-7-5-9	6-7-6-2-4-6-4-5-4-4-5-7	8-1-4-6-6-4-3-3-2-4-6-2	4-6-6-6-6-5-4-8-2-5-5-2	2-2-2-8-8-2-0-6-4-4-6-8	6-5-4-5-6-4-6-4-6-4-4-8	3-2-3-5-4-4-3-2-0-8-6-2	4-5-5-5-1-5-1-0-3-4-3-3
210	6	6-6-7-6-6-6-6-6-6-6-6-6	7-9-6-5-8-6-5-7-5-7-5-5	5-6-5-5-5-5-7-7-5-8-7-7	5-7-5-5-5-5-6-5-7-4-7-0	5-0-1-5-2-8-7-5-6-5-5-5	5-5-5-6-6-5-7-6-6-6-5-6	1-7-7-6-5-6-7-7-4-4-5-5	6-5-7-7-5-6-8-5-2-10-2-7	7-2-7-5-6-6-13-5-4-4-7-5	5-6-4-6-7-7-5-4-7-6-6-9	0-2-4-6-6-6-8-2-2-2-5-7	6-5-5-2-4-7-6-0-12-5-8-6
210	7	7-7-8-7-6-7-7-7-7-7-7-6	6-6-8-5-6-6-5-6-6-8-5-8	5-5-5-5-5-9-6-6-9-9-8-6	5-6-8-5-5-5-6-5-6-8-6-1	5-0-0-5-2-6-6-6-8-5-5-5	1-5-5-2-8-5-6-7-7-7-7-5	2-6-6-0-8-7-8-6-7-4-13-7	7-5-6-6-6-7-4-6-2-12-7-8	6-7-6-5-7-6-6-8-4-6-6-7	7-6-7-13-6-6-6-8-6-7-6-6	9-8-7-7-8-11-6-7-1-13-5-6	4-5-1-2-13-6-6-9-8-4-6-7
210	8	7-7-7-5-8-7-6-8-6-8-7-7	8-6-7-8-6-6-10-9-9-7-5-7	8-9-9-5-5-9-7-10-10-6-7-8	9-9-9-5-5-9-7-5-7-9-9-10	5-12-11-5-10-6-9-9-9-11-8-5	11-11-6-8-7-13-7-8-7-7-2-9	10-6-6-8-7-5-7-9-2-13-11-7	8-5-11-6-8-8-6-5-11-7-8-7	8-8-8-5-5-11-8-7-4-8-1-5	8-8-8-8-10-7-10-7-9-9-8-6	11-7-4-3-7-13-6-10-11-5-8-8	8-8-8-8-8-8-8-8-3-4-6-6
210	9	10-9-10-10-9-7-10-7-6-10-7-11	8-6-6-10-6-6-8-8-8-10-10-8	8-8-8-5-10-11-10-8-8-10-8-10	8-8-8-5-10-10-8-5-10-8-9-8	10-8-8-5-8-9-10-10-8-8-11-10	12-10-10-9-6-10-10-9-4-7-12-8	12-6-7-8-10-4-4-10-2-6-9-11	6-9-8-10-9-8-4-12-2-6-9-2	9-8-10-10-12-10-8-10-4-13-9-7	8-9-4-8-9-9-9-4-8-8-8-6	9-2-9-3-11-9-6-8-9-9-9-9	8-10-8-8-9-8-9-7-3-7-6-3
210	10	10-10-10-10-10-10-10-10-10-10-11-10	8-11-11-9-11-9-8-11-9-9-9-7	8-8-8-9-9-9-11-8-8-12-11-9	9-9-8-5-9-9-10-5-11-10-11-8	9-8-8-5-8-11-9-9-11-10-9-9	9-9-9-9-10-9-9-10-10-7-7-10	8-9-10-8-11-10-11-9-10-4-9-9	6-9-8-9-9-8-12-4-8-6-8-6	11-8-9-9-7-9-8-11-11-4-9-11	11-9-11-10-11-11-8-7-11-8-8-9	8-11-12-4-9-7-4-8-8-11-9-9	8-9-8-11-8-10-9-7-11-10-10-10
210	11	11-13-10-10-11-12-12-13-11-12-11-12	8-12-10-9-12-11-9-10-13-12-9-12	8-8-9-12-9-9-10-12-8-12-12-10	9-12-12-12-9-9-13-5-12-12-12-8	9-8-8-5-8-10-12-10-12-8-9-5	8-9-9-9-11-5-12-9-11-11-5-8	8-9-6-8-10-10-10-12-10-11-8-9	11-9-8-10-9-8-11-3-8-6-8-13	13-8-10-9-11-9-10-10-10-11-9-12	10-9-10-8-10-10-12-11-10-8-8-9	8-10-11-13-12-11-4-8-8-10-10-9	8-9-8-10-8-10-10-13-11-10-11-12
210	12	10-12-12-11-13-11-11-11-11-11-12-13	13-11-11-12-11-12-12-13-11-11-13-13	12-13-13-11-9-11-11-11-8-10-11-12	12-11-11-11-9-12-11-5-11-11-11-8	9-13-12-5-8-10-11-12-12-12-12-12	9-12-9-9-11-5-11-9-11-7-9-12	9-6-6-12-12-12-10-13-2-11-9-12	11-5-12-12-9-8-10-12-12-13-12-7	12-12-13-9-9-9-12-12-10-9-12-11	12-12-12-12-9-9-11-7-12-8-8-12	12-2-10-11-11-13-12-8-12-9-12-12	12-9-12-12-12-12-12-12-3-12-6-11
210	13	13-13-13-13-13-13-12-13-13-13-13-13	12-11-13-12-13-11-11-12-11-13-12-12	12-12-13-5-13-13-13-13-8-13-13-13	12-13-13-12-13-13-11-13-13-13-13-8	9-12-13-13-13-13-12-13-11-13-5-13	13-13-9-13-13-13-12-13-13-13-13-13	12-13-13-13-10-13-4-12-13-13-13-11	13-13-5-11-13-12-13-12-12-12-9-13	11-13-12-13-9-13-13-9-13-9-12-11	12-13-13-7-13-9-13-11-12-13-13-13	3-13-13-11-9-12-13-12-13-13-13-13	12-9-13-12-11-13-13-13-13-13-6-11
211	0	0-0-0-0-0-0-0-0-0-0-0-0	0-0-0-0-0-0-0-0-0-0-0-0	0-0-0-0-0-0-0-0-0-0-0-0	0-0-0-0-0-0-0-0-0-0-0-0	0-0-0-0-0-0-0-0-0-0-0-0	0-0-0-0-0-0-0-0-0-0-0-0	0-0-0-0-0-0-0-0-0-0-0-0	0-0-0-0-0-0-0-0-0-0-0-0	0-0-0-0-0-0-0-0-0-0-0-0	0-0-0-0-0-0-0-0-0-0-0-0	0-0-0-0-0-0-0-0-0-0-0-0	0-0-0-0-0-0-0-0-0-0-0-0
211	1	1-1-1-0-1-1-0-0-1-1-1-0	0-0-0-0-0-0-0-0-1-0-1-0	0-0-0-0-0-0-1-0-0-0-2-1	2-0-0-0-0-0-0-0-0-0-0-0	0-0-0-0-0-0-0-0-0-0-1-0	0-0-0-0-0-0-0-0-0-0-0-0	9-0-0-6-1-0-0-1-0-0-9-0	1-0-0-0-0-1-0-1-0-1-0-0	0-1-0-1-0-0-5-0-0-0-1-0	0-0-0-0-0-0-0-0-3-1-5-0	1-0-0-1-0-1-2-2-2-1-0-1	2-0-1-2-0-0-0-1-1-0-1-0
211	2	2-2-3-2-2-2-2-2-2-2-2-2	0-2-0-2-2-2-3-2-1-2-3-3	5-3-3-3-3-0-3-3-0-2-4-3	3-3-0-2-2-3-0-3-2-0-3-0	3-0-3-3-3-2-3-2-2-2-2-2	2-3-2-2-2-4-2-3-2-0-2-2	3-2-2-0-2-2-2-3-0-2-3-2	3-2-3-2-2-2-2-2-2-2-3-2	2-3-0-2-3-3-0-2-4-4-3-2	2-2-2-0-3-3-2-0-1-0-2-2	3-2-2-1-0-2-3-1-1-2-2-2	1-2-2-1-4-2-2-1-2-2-3-0
211	3	3-3-2-3-3-3-3-3-3-4-3-3	4-3-2-2-3-2-2-4-4-4-2-2	0-2-2-2-2-4-2-2-5-2-4-2	2-4-4-4-2-2-3-2-2-3-2-2	2-3-2-2-4-2-4-4-3-3-5-4	2-6-5-3-3-2-4-2-3-3-2-3	2-3-4-3-4-3-4-4-3-3-4-7	2-2-2-4-3-3-3-5-7-3-5-3	3-7-4-4-2-4-4-4-2-3-2-4	4-2-3-0-2-2-4-3-1-4-4-2	3-7-3-1-3-3-2-3-3-4-4-3	3-4-2-4-3-3-2-0-2-4-2-5
211	4	4-4-4-4-3-4-4-4-4-7-4-4	5-4-5-2-5-2-3-3-3-3-5-5	0-4-5-2-2-3-5-5-5-3-5-2	3-3-3-3-2-2-3-2-5-3-2-0	2-0-2-2-3-5-3-3-3-3-3-3	3-3-3-3-3-2-5-3-4-4-2-4	2-2-4-0-3-4-4-5-4-4-3-4	4-5-3-3-2-4-4-3-3-4-3-4	4-4-3-3-3-3-3-3-5-2-2-3	3-2-7-5-5-5-3-0-1-3-3-5	4-3-5-4-5-6-5-3-3-3-5-3	4-3-2-3-2-0-2-4-4-3-4-4
211	5	4-5-4-5-5-4-5-5-5-4-5-4	6-4-4-2-4-7-6-4-3-3-4-4	2-5-4-2-2-3-6-6-7-2-6-6	3-6-6-6-3-3-5-2-4-5-3-2	2-0-2-5-3-4-5-5-6-3-3-2	7-3-3-2-5-2-4-6-5-5-5-4	2-2-5-1-3-4-5-4-5-5-2-4	5-6-6-6-2-4-5-3-3-5-3-5	6-6-4-4-5-5-1-6-4-5-6-3	4-4-4-4-4-10-6-5-6-9-6-4	1-11-4-5-7-6-4-7-1-3-4-4	8-4-2-1-6-7-2-5-5-7-5-3
211	6	6-6-5-7-6-7-6-6-7-4-8-6	7-7-5-2-5-5-5-5-8-7-9-7	0-6-6-2-2-8-5-8-7-7-7-6	7-7-5-5-3-3-7-2-7-7-7-0	2-0-7-7-3-5-5-5-7-3-3-2	5-3-3-2-6-2-7-5-5-5-6-4	2-2-5-1-7-6-7-4-5-6-2-11	8-5-5-5-3-6-7-6-3-5-3-6	5-5-7-3-5-6-1-5-5-6-5-7	4-2-8-4-7-10-5-5-5-5-5-2	10-6-7-5-7-5-1-7-1-3-4-3	8-3-0-1-5-6-2-12-8-10-7-6
211	7	6-5-7-5-6-6-5-5-6-4-6-5	8-5-5-2-4-5-9-8-6-6-8-6	9-8-8-8-8-3-8-8-6-6-6-7	8-8-6-7-8-8-6-8-6-6-6-13	9-7-8-8-3-4-8-8-6-9-9-8	8-9-8-7-7-11-6-5-5-3-5-9	6-3-6-11-8-7-6-6-5-7-7-3	7-8-3-8-8-8-6-8-3-13-7-3	7-7-13-3-7-3-0-7-5-5-8-6	8-8-4-6-8-8-6-5-1-8-8-7	7-3-6-5-6-7-4-5-8-7-7-3	6-4-7-11-7-7-8-6-6-5-6-0
211	8	8-9-8-8-8-8-8-8-8-8-8-8	9-9-5-2-9-9-7-9-6-9-7-9	7-8-7-7-7-9-9-9-6-8-9-9	7-7-9-7-7-7-6-7-8-6-9-7	10-0-7-7-10-8-7-7-9-8-6-7	7-7-7-8-8-7-9-8-8-8-5-7	2-12-6-8-7-8-8-9-8-8-7-7	8-7-9-9-7-7-8-7-3-8-7-8	7-8-9-9-8-10-10-9-8-5-7-3	7-7-6-10-9-7-6-5-9-8-7-7	1-9-6-8-9-9-9-0-7-7-7-9	6-3-7-7-7-8-7-10-6-8-6-6
211	9	9-8-9-9-10-9-9-9-8-8-9-9	8-8-9-7-8-8-7-8-6-8-7-8	7-9-7-7-11-8-8-8-10-9-8-8	10-8-8-7-7-7-6-7-9-9-8-7	7-0-12-7-10-8-8-9-8-7-10-7	7-7-7-7-9-7-8-8-9-9-6-7	1-10-9-0-8-8-8-8-8-9-7-9	9-7-8-8-9-8-8-7-3-9-7-9	7-8-8-8-7-11-1-8-8-9-9-8	7-7-6-8-8-9-7-5-8-5-12-2	1-8-13-9-8-8-8-11-1-1-7-8	6-2-13-7-9-7-2-9-9-10-6-9
211	10	11-11-13-11-11-11-11-11-11-13-10-11	11-8-9-11-12-11-11-13-11-12-11-11	10-11-11-10-11-11-11-11-11-11-11-10	11-11-11-11-10-11-11-7-9-10-11-12	8-11-8-9-9-8-11-10-8-10-10-11	11-11-8-10-12-12-9-11-9-9-5-9	12-9-10-12-10-10-11-10-5-10-12-9	11-10-12-8-8-11-11-10-8-11-11-11	10-10-10-8-11-11-12-8-8-10-12-8	10-12-6-8-12-11-13-10-13-10-9-11	12-8-11-8-11-9-10-10-12-10-9-3	13-12-10-5-11-11-8-11-11-9-10-10
211	11	10-10-11-10-10-10-10-11-10-10-10-11	10-12-9-10-10-10-10-10-10-10-10-10	10-11-10-10-12-10-10-10-10-10-10-11	10-10-10-10-7-10-10-7-12-11-12-2	2-10-7-7-12-11-10-11-12-11-11-7	10-7-12-11-9-7-12-10-9-11-6-11	12-12-11-7-10-11-10-10-11-9-10-12	10-8-7-7-7-10-10-7-3-10-10-10	11-11-8-8-10-10-10-12-11-8-8-12	7-10-11-11-10-10-10-5-1-10-7-2	10-9-10-10-10-10-12-10-10-10-7-11	5-3-7-7-10-10-2-10-10-11-10-12
211	12	13-10-13-13-13-13-13-13-13-13-13-13	10-11-13-13-10-10-13-13-10-10-10-13	12-12-13-13-11-13-12-10-13-11-12-12	13-12-12-13-12-12-10-12-11-12-11-12	13-10-9-9-11-11-13-12-11-13-10-12	10-12-13-12-11-13-11-11-9-11-5-12	10-11-10-10-12-12-12-12-11-13-10-13	10-12-10-13-12-12-11-13-10-12-13-12	12-12-12-8-13-12-10-12-8-13-10-13	10-10-12-11-10-13-5-12-12-12-9-13	12-11-11-8-10-12-12-11-10-10-11-3	12-12-12-12-9-12-12-12-10-10-12-11
211	13	13-13-13-12-13-12-10-13-12-12-13-13	10-11-12-12-12-10-12-12-12-13-12-12	10-12-12-12-13-12-13-13-12-13-13-13	12-13-12-12-13-13-10-13-13-13-13-7	12-10-13-13-13-13-12-13-11-12-2-7	13-13-12-12-13-7-11-13-13-13-13-12	12-13-13-13-12-13-8-12-13-13-10-12	13-13-2-13-13-10-4-12-7-13-12-13	12-13-7-13-12-13-13-12-13-12-12-12	7-13-13-13-13-12-10-12-10-13-10-13	12-11-9-9-9-7-12-9-13-10-13-13	12-13-13-7-12-13-13-10-13-13-13-0
212	0	0-0-0-0-0-0-0-0-0-0-0-0	0-0-0-0-0-0-0-0-0-0-0-0	0-0-0-0-0-0-0-0-0-0-0-0	0-0-0-0-0-0-0-0-0-0-0-0	0-0-0-0-0-0-0-0-0-0-0-0	0-0-0-0-0-0-0-0-0-0-0-0	0-0-0-0-0-0-0-0-0-0-0-0	0-0-0-0-0-0-0-0-0-0-0-0	0-0-0-0-0-0-0-0-0-0-0-0	0-0-0-0-0-0-0-0-0-0-0-0	0-0-0-0-0-0-0-0-0-0-0-0	0-0-0-0-0-0-0-0-0-0-0-0
212	1	1-1-1-1-1-1-1-1-1-1-1-1	0-0-1-1-0-0-0-0-1-1-1-2	0-0-2-1-2-0-2-0-0-0-1-2	2-0-0-2-2-2-0-2-2-0-2-1	2-0-2-3-0-2-2-2-0-0-1-2	2-2-1-1-1-2-2-2-1-1-8-0	1-1-1-1-0-1-1-1-1-1-1-2	1-1-1-1-1-0-1-1-1-1-1-0	1-0-0-1-2-1-0-1-1-1-1-1	1-1-0-1-2-2-1-0-1-0-2-1	1-1-1-2-0-1-0-0-1-1-1-1	0-1-1-0-1-0-1-0-0-1-1-1
212	2	2-2-2-2-2-2-2-2-2-2-2-2	2-2-2-1-2-2-2-2-2-2-1-2	0-4-1-1-1-4-1-1-0-3-1-2	1-3-0-1-1-1-3-1-1-2-3-1	1-0-1-1-3-1-3-1-2-2-1-1	1-1-3-9-2-1-3-1-2-2-9-2	1-2-2-2-3-2-2-2-2-3-1-5	2-1-3-3-1-2-2-3-9-2-2-2	2-0-2-2-1-5-2-3-2-1-1-3	1-2-2-1-1-1-2-2-2-0-3-2	2-5-2-1-2-2-0-2-2-3-2-2	2-2-3-2-2-2-5-2-2-2-2-1
212	3	3-4-3-3-3-3-3-3-3-3-3-3	3-4-3-1-3-3-2-4-2-2-1-4	0-3-1-2-1-2-4-4-0-2-4-4	2-2-4-1-1-1-5-1-4-4-2-1	1-0-1-1-2-4-2-2-2-5-1-1	2-2-2-0-3-1-4-3-3-3-2-3	2-2-3-0-2-3-3-4-2-2-2-2	3-1-2-4-1-5-3-2-2-3-2-2	4-0-2-2-3-2-4-2-3-3-3-3	0-2-3-3-1-4-1-3-4-2-2-2	5-4-9-3-4-4-4-0-2-2-2-2	3-2-2-4-2-2-1-3-3-3-8-5
212	4	4-3-4-4-5-4-4-4-4-4-4-4	2-3-4-3-3-3-2-3-2-2-4-3	0-4-1-1-1-2-3-3-6-4-5-3	2-2-3-1-1-1-5-1-5-5-2-1	1-0-1-9-2-3-5-4-5-0-1-1	0-1-2-0-5-1-5-4-4-4-4-2	0-5-4-0-2-3-5-5-2-4-2-7	3-3-3-3-1-0-3-2-2-3-10-4	3-0-3-2-4-2-3-3-3-4-7-2	4-2-4-5-5-3-1-8-3-0-10-2	2-3-10-5-8-3-3-7-4-2-2-3	5-2-2-3-4-2-2-4-4-9-3-3
212	5	2-5-5-4-4-4-4-4-5-3-5-4	6-4-4-5-3-3-6-6-6-4-6-6	5-6-6-6-6-2-6-6-5-6-4-6	5-6-5-5-7-6-4-6-4-4-6-5	6-6-5-7-2-3-6-6-4-7-7-7	6-7-6-8-4-7-4-7-2-4-6-8	6-4-4-6-2-2-4-6-2-4-6-2	2-6-6-6-7-3-3-4-2-4-5-2	6-0-8-2-5-5-6-6-5-6-6-3	1-6-7-5-6-5-5-4-6-0-6-6	6-2-3-4-2-6-3-5-6-2-5-2	4-5-5-5-6-6-2-6-3-6-3-3
212	6	6-6-6-6-6-6-6-6-6-6-6-6	5-8-4-5-8-7-5-7-5-7-5-5	0-5-5-5-5-5-7-7-7-5-7-5	5-5-5-5-5-5-6-5-7-8-7-5	5-5-5-5-4-8-5-5-6-6-5-5	5-5-5-7-6-5-5-6-6-6-5-6	5-2-6-5-7-6-5-7-6-8-5-9	6-5-5-5-6-6-6-2-2-8-5-4	5-0-7-7-6-9-5-5-7-5-6-7	7-5-6-5-5-7-5-4-7-2-5-5	5-7-5-4-10-4-4-5-5-7-7-2	4-5-5-5-5-5-7-6-4-5-3-8
212	7	7-7-6-6-7-7-6-7-7-7-9-9	6-8-9-5-8-6-5-6-8-8-8-9	10-7-8-5-5-10-6-6-8-8-8-5	5-5-8-5-5-5-8-1-8-7-8-5	5-5-5-5-2-6-8-7-8-5-5-5	5-5-5-10-7-5-8-6-7-7-5-5	5-8-6-0-6-7-10-6-7-7-5-5	7-5-6-5-5-0-6-2-2-8-5-7	5-0-6-6-6-6-6-5-6-5-6-8	6-5-7-5-5-8-8-4-6-2-5-9	5-8-3-4-2-4-3-4-5-6-6-2	9-2-5-5-5-7-6-7-6-5-6-6
212	8	7-7-9-8-8-9-6-10-7-6-7-10	9-7-4-8-7-9-8-7-7-7-7-9	8-9-9-5-5-7-5-9-10-7-7-8	9-9-9-5-5-5-7-1-7-8-7-9	1-9-5-8-9-6-9-5-7-8-5-5	9-8-7-9-8-8-7-8-6-7-1-5	5-7-7-8-6-9-7-7-6-6-5-9	8-6-8-8-8-9-6-2-8-9-8-2	8-0-10-2-9-0-9-7-7-5-8-7	8-8-8-9-8-7-7-4-9-9-9-8	8-7-3-4-4-10-9-9-9-8-6-2	8-5-8-9-8-7-7-8-4-4-3-6
212	9	9-9-10-10-9-7-7-7-7-10-7-7	8-6-7-10-7-8-10-10-8-7-10-10	10-8-8-10-9-9-9-8-9-9-8-9	8-8-8-9-9-9-7-5-7-8-9-8	9-8-9-4-8-9-10-9-8-8-9-5	9-9-10-9-8-8-9-9-7-7-2-10	9-9-7-8-2-8-9-8-6-6-9-6	2-9-8-9-9-8-6-9-2-8-5-2	8-0-8-9-10-6-8-9-8-4-9-7	9-9-8-8-8-9-9-4-8-8-8-9	8-7-3-4-4-9-8-8-8-9-6-9	7-9-8-8-5-7-9-0-4-4-3-6
212	10	10-10-10-10-10-10-10-10-10-10-10-10	8-7-10-9-10-8-9-9-7-10-9-9	9-10-10-9-10-10-10-10-8-10-10-10	10-10-10-10-10-10-7-10-10-10-10-8	9-8-10-10-10-10-9-10-10-10-9-5	10-10-10-10-10-10-10-9-10-10-10-10	9-10-10-10-6-10-7-10-10-10-9-9	10-9-9-10-10-9-6-2-8-10-10-10	2-10-8-10-9-10-10-7-10-9-9-8	8-10-10-10-10-9-10-7-10-10-10-10	10-7-10-4-6-8-10-10-10-10-10-2	10-10-10-8-10-10-10-10-10-10-3-10
213	0	0-0-0-0-0-0-0-0-0-0-0-0	0-0-0-0-0-0-0-0-0-0-0-0	0-0-0-0-0-0-0-0-0-0-0-0	0-0-0-0-0-0-0-0-0-0-0-0	0-0-0-0-0-0-0-0-0-0-0-0	0-0-0-0-0-0-0-0-0-0-0-0	0-0-0-0-0-0-0-0-0-0-0-0	0-0-0-0-0-0-0-0-0-0-0-0	0-0-0-0-0-0-0-0-0-0-0-0	0-0-0-0-0-0-0-0-0-0-0-0	0-0-0-0-0-0-0-0-0-0-0-0	0-0-0-0-0-0-0-0-0-0-0-0
213	1	1-1-1-1-0-1-1-1-1-1-1-1	1-1-1-1-1-1-0-1-0-1-1-2	0-2-0-2-2-0-2-0-0-1-2-2	2-0-0-2-2-2-0-2-1-0-2-0	2-0-1-2-0-1-2-2-1-1-0-1	2-0-1-1-1-1-2-1-1-1-7-1	1-1-1-1-0-0-1-0-1-1-2-1	1-1-2-1-1-2-1-1-1-0-2-0	0-0-1-1-2-1-0-2-1-1-1-1	2-1-1-0-2-2-1-1-1-0-2-1	2-1-1-2-2-1-0-2-0-1-1-1	0-1-1-1-2-1-1-0-2-0-2-1
213	2	2-2-2-2-2-2-2-2-2-2-2-2	3-2-2-1-2-3-0-2-2-2-1-2	0-3-3-1-1-3-3-3-3-3-1-3	3-3-3-1-1-1-2-1-2-2-1-0	1-0-1-1-3-1-3-3-2-2-3-1	1-3-6-3-2-1-3-4-2-2-9-2	1-2-3-2-3-2-2-2-2-2-1-9	2-1-1-3-2-1-3-3-6-0-2-0	2-0-2-2-1-2-2-1-1-2-1-2	1-1-2-2-1-1-2-2-1-3-1-1	1-2-2-1-3-2-0-2-2-3-2-2	2-2-1-2-2-1-1-2-1-1-1-1
213	3	3-3-3-3-3-3-3-3-3-3-3-3	2-3-3-1-3-2-2-2-3-2-1-3	1-2-4-4-1-2-2-2-4-2-4-2	2-2-4-2-1-1-3-1-2-3-4-0	1-0-1-1-2-4-4-2-2-1-2-1	4-2-2-2-2-1-4-3-3-3-10-3	4-1-3-2-2-3-4-4-3-4-1-2	3-1-1-2-1-0-2-2-2-3-2-0	3-0-2-2-3-2-3-1-3-3-1-2	4-1-3-4-1-2-2-1-1-2-1-1	3-4-4-4-2-4-0-2-2-2-2-2	4-1-1-2-1-4-1-5-10-5-10-3
213	4	4-4-4-4-4-5-5-4-5-4-4-5	5-4-5-1-5-5-5-4-4-5-5-5	4-5-3-3-3-5-4-4-6-5-3-4	5-2-5-4-1-5-4-4-4-9-2-0	5-0-1-6-2-3-3-4-6-5-3-6	3-5-2-6-4-5-5-2-4-4-6-3	5-5-3-2-2-4-6-3-4-3-5-5	4-6-2-3-5-5-6-2-2-4-2-0	3-0-3-2-4-6-3-5-4-4-5-5	3-1-5-5-5-5-5-4-4-0-0-5	5-11-11-6-11-5-0-2-2-2-5-2	3-5-4-5-5-5-5-3-9-5-3-11
213	5	4-5-4-4-4-4-4-5-4-6-5-4	4-3-4-7-4-4-4-6-4-4-6-6	5-6-7-5-5-6-6-5-6-4-5-5	6-5-6-6-7-6-6-4-5-4-6-5	4-6-4-5-4-4-6-6-4-5-6-5	6-6-4-5-6-6-4-6-4-4-4-6	4-4-5-6-6-5-4-5-4-5-6-4	6-5-6-6-4-6-5-5-5-6-5-5	6-5-5-5-5-5-6-4-5-4-4-4	6-6-4-4-4-4-4-8-6-5-6-4	6-4-6-4-6-4-5-6-6-5-4-2	6-4-5-4-4-4-4-6-6-5-6-5
213	6	5-5-6-6-6-7-6-4-5-5-6-6	4-7-6-5-5-5-5-5-5-5-5-5	0-5-5-5-5-5-5-5-5-7-7-6	5-5-5-5-5-5-5-1-7-4-7-0	1-5-1-4-2-7-5-5-4-5-5-5	5-5-2-5-5-5-7-5-7-6-4-5	5-7-5-5-5-6-4-5-4-5-5-4	5-7-5-5-4-5-9-2-2-5-5-5	5-0-5-2-5-4-5-5-10-5-7-2	5-5-6-4-5-6-5-4-5-5-5-1	5-4-5-4-5-4-0-5-5-5-4-2	5-4-11-10-5-7-2-5-5-6-5-7
213	7	4-5-4-7-7-6-4-4-4-7-6-4	4-6-6-5-6-4-5-9-5-5-5-5	7-7-5-8-7-8-6-9-7-6-6-7	8-7-8-5-8-8-7-1-6-4-6-7	1-8-1-4-8-6-6-7-6-7-5-7	8-7-2-7-5-11-6-2-6-4-1-8	2-6-7-2-7-6-4-8-7-5-8-6	5-6-7-6-2-8-6-2-2-7-7-10	7-9-5-2-9-7-7-7-5-9-5-7	5-5-6-8-8-4-5-5-8-10-8-1	7-4-5-4-7-7-10-5-6-5-4-2	5-4-7-4-7-6-1-9-7-7-5-4
213	8	11-11-9-9-9-11-9-9-9-9-9-11	10-9-10-9-9-9-9-9-9-9-9-9	11-7-10-9-9-10-9-11-9-8-7-7	9-7-9-9-7-7-9-10-9-4-9-11	10-7-10-10-8-8-9-8-8-9-9-8	8-7-9-8-9-10-9-9-9-8-4-8	8-8-9-8-9-8-9-9-9-8-7-11	8-8-9-8-8-7-5-9-2-7-7-9	8-8-8-8-9-9-9-7-9-11-8-10	9-5-10-11-9-8-9-5-7-9-7-8	10-9-4-4-8-8-11-9-7-8-10-8	9-8-8-8-7-10-9-10-8-8-8-8
213	9	8-8-8-8-8-8-8-8-8-8-8-8	8-8-8-10-8-8-8-8-8-8-8-8	11-9-10-8-10-8-8-7-8-10-10-10	8-8-8-8-9-9-8-9-8-4-10-9	10-7-9-9-7-10-10-10-8-8-8-9	8-10-8-8-8-9-8-8-8-4-2-10	9-10-8-2-8-9-4-8-8-8-7-10	8-9-11-9-9-8-6-9-11-7-8-7	9-7-8-9-11-8-8-7-8-8-10-8	8-9-8-8-10-10-9-8-9-7-7-10	7-8-4-4-4-8-7-8-7-9-8-2	8-9-9-8-8-8-9-7-4-8-8-4
213	10	8-8-8-8-8-8-8-8-8-8-8-8	8-8-8-9-8-8-8-11-8-8-8-8	10-9-8-9-9-8-10-8-8-9-9-11	11-10-11-10-9-10-8-9-10-4-9-11	8-9-11-10-10-9-11-9-10-10-10-10	5-4-10-8-10-9-10-8-8-8-4-10	9-9-6-2-10-9-4-10-4-8-10-9	8-9-10-9-9-8-11-10-10-7-10-7	10-8-11-10-9-8-10-10-8-8-9-8	10-10-8-8-9-9-10-5-11-7-8-9	8-8-4-8-4-8-7-8-10-10-8-10	8-9-10-10-8-8-10-8-3-8-3-4
213	11	11-8-11-8-11-8-8-11-8-8-8-11	8-8-11-9-8-8-8-10-8-11-8-8	8-9-11-9-11-10-11-8-8-11-11-10	10-11-10-11-11-11-8-9-11-4-11-10	8-5-10-11-10-11-10-11-10-11-9-10	11-11-10-11-11-10-11-11-11-11-11-11	9-11-11-11-10-11-11-11-11-10-8-8	11-9-9-11-11-8-11-9-9-10-8-11	8-11-10-11-9-8-11-8-11-8-9-8	10-11-11-11-11-9-11-8-11-11-11-11	8-4-4-4-4-10-8-8-11-5-8-10	8-11-11-10-8-11-11-8-11-11-11-4
214	0	0-0-0-0-0-0-0-0-0-0-0-0	0-0-0-0-0-0-0-0-0-0-0-0	0-0-0-0-0-0-0-0-0-0-0-0	0-0-0-0-0-0-0-0-0-0-0-0	0-0-0-0-0-0-0-0-0-0-0-0	0-0-0-0-0-0-0-0-0-0-0-0	0-0-0-0-0-0-0-0-0-0-0-0	0-0-0-0-0-0-0-0-0-0-0-0	0-0-0-0-0-0-0-0-0-0-0-0	0-0-0-0-0-0-0-0-0-0-0-0	0-0-0-0-0-0-0-0-0-0-0-0	0-0-0-0-0-0-0-0-0-0-0-0
214	1	1-1-1-1-1-1-1-1-1-1-1-1	1-0-0-0-0-0-2-1-2-0-1-1	2-2-2-2-1-3-2-2-2-0-2-2	2-2-3-2-2-2-0-3-0-3-0-1	0-2-8-2-1-0-2-2-0-1-1-2	1-2-0-1-1-2-2-1-0-0-0-2	2-0-0-2-0-0-0-2-0-1-2-0	1-0-2-1-1-1-0-0-1-1-1-1	1-1-2-2-0-1-1-1-2-1-1-1	2-1-1-2-1-1-0-0-2-6-1-0	1-0-1-0-2-1-1-0-2-1-1-1	1-1-1-1-1-0-1-0-0-1-1-0
214	2	2-2-2-2-2-2-2-2-2-3-2-2	2-3-3-2-2-3-1-3-1-3-3-2	1-1-1-3-1-1-3-1-1-3-3-1	1-1-1-1-1-1-3-1-3-3-2-1	2-1-1-1-1-3-3-2-3-2-1-1	3-1-0-1-1-1-1-1-3-2-3-1	1-3-2-1-6-0-3-2-1-2-1-4	0-3-1-1-2-1-3-0-1-3-2-2	2-1-1-1-3-2-1-3-3-2-2-1	1-2-2-1-2-3-2-3-1-1-1-3	3-3-3-0-3-1-1-0-1-1-2-2	2-1-1-1-2-2-3-2-2-2-5-3
214	3	2-3-2-3-2-3-3-2-2-2-2-2	3-2-2-3-2-2-3-2-2-2-3-2	3-4-3-3-3-1-2-3-4-3-2-3	4-3-1-3-1-4-3-1-2-2-4-3	2-3-1-3-5-2-2-3-2-3-3-3	2-1-0-4-3-3-2-1-2-2-2-4	3-2-2-3-3-3-2-4-4-3-3-2	3-2-2-1-2-3-2-2-1-2-4-6	3-3-3-2-2-1-1-2-2-2-1-1	0-2-1-4-2-2-0-2-3-3-5-2	10-2-3-4-2-3-7-0-5-1-1-2	3-1-3-1-3-2-2-3-2-3-2-2
214	4	5-5-4-4-4-5-5-5-5-5-4-6	5-6-5-4-5-5-5-5-5-5-5-5	4-6-8-5-4-6-4-5-5-5-4-5	5-4-6-5-1-3-5-1-6-4-3-4	4-4-1-6-2-4-4-4-5-5-8-4	4-1-5-3-3-7-3-6-4-4-4-3	4-2-5-4-5-5-2-5-5-4-4-5	4-4-4-2-4-9-6-5-4-6-3-4	4-3-4-3-4-6-4-4-6-6-4-4	4-4-5-3-4-5-4-4-5-4-3-2	4-5-5-3-7-5-4-4-4-4-6-4	4-4-4-4-14-15-7-14-14-4-2-16
214	5	4-4-4-4-4-4-4-4-4-4-4-4	4-2-6-5-4-4-4-4-4-4-4-4	5-4-6-6-7-6-6-6-4-4-6-4	6-4-4-6-6-6-4-6-4-2-6-3	8-4-6-7-6-5-6-5-4-4-6-6	4-6-5-5-5-5-5-6-4-5-5-8	5-7-4-5-4-4-2-6-4-12-6-5	4-5-6-5-5-4-4-6-5-4-6-3	4-3-4-5-6-4-6-6-4-5-6-5	6-4-7-6-9-6-5-4-10-1-3-6	3-4-4-3-4-4-3-4-3-5-4-5	4-5-10-6-4-4-11-4-2-6-2-2
214	6	4-4-4-4-4-4-4-5-5-4-4-4	4-4-5-5-4-4-4-9-4-7-4-5	1-4-5-5-4-9-5-5-4-9-7-5	5-7-4-5-5-5-4-5-4-6-7-3	5-4-5-5-8-6-7-5-6-6-5-5	9-9-8-7-6-5-7-5-6-6-13-6	8-6-12-6-7-6-7-5-6-6-5-9	6-5-6-7-5-4-4-7-7-8-5-3	6-3-6-7-5-4-9-7-4-4-5-7	5-6-6-5-5-5-6-4-6-1-6-5	6-9-5-3-5-6-3-6-6-7-4-6	4-6-5-6-6-6-5-4-2-5-2-2
214	7	4-7-4-5-4-7-6-7-4-4-4-4	4-9-7-5-4-4-5-8-8-6-4-6	1-7-5-5-5-6-8-8-4-7-8-7	6-6-4-5-5-5-9-5-8-9-6-3	5-3-5-5-6-8-6-6-6-6-6-5	6-6-6-6-6-5-8-5-6-6-11-6	6-8-7-8-6-4-8-8-7-7-5-6	4-5-6-6-5-4-7-6-6-7-6-3	6-3-6-6-6-4-6-6-4-5-7-8	4-8-7-16-8-5-5-4-8-4-3-5	4-6-4-8-4-8-3-4-3-6-4-6	4-6-1-6-5-2-4-8-4-3-2-13
214	8	8-8-8-8-9-9-4-9-7-4-7-8	4-9-9-4-4-4-5-7-7-6-4-9	1-8-4-5-4-6-7-7-7-6-9-7	8-8-9-5-5-5-7-5-9-7-6-3	5-3-1-5-6-7-9-8-9-6-4-5	5-6-6-6-8-5-9-9-8-8-8-5	6-7-7-7-6-4-7-7-8-8-5-6	4-5-6-7-5-4-9-6-6-6-6-3	6-1-9-6-8-6-5-9-7-8-5-7	4-7-8-7-7-5-5-4-7-3-3-5	4-7-8-13-4-7-3-6-6-6-4-6	4-6-1-6-4-4-5-7-12-5-9-7
214	9	8-10-10-4-8-8-4-8-8-5-4-8	4-8-8-10-4-4-4-6-4-8-10-8	10-9-11-10-10-6-10-7-8-6-8-9	10-10-8-9-10-10-7-9-8-7-6-3	5-3-9-10-6-7-10-10-7-10-9-9	6-6-10-5-9-3-8-8-6-6-6-6	10-7-7-1-6-4-8-7-8-15-10-6	6-13-12-10-5-4-8-13-6-9-9-3	6-3-8-6-8-4-6-10-9-8-10-12	5-6-6-9-10-9-9-4-9-1-9-13	3-6-8-8-9-4-3-6-6-12-9-6	8-9-9-9-5-6-5-4-8-3-8-7
214	10	10-10-12-10-10-8-10-10-10-4-10-10	4-13-8-9-4-4-4-9-9-6-9-11	9-10-9-9-9-11-9-11-11-12-11-9	9-9-10-9-9-9-11-9-11-11-12-1	9-3-5-9-6-11-9-9-10-10-9-9	6-9-9-4-13-3-9-10-4-10-9-10	6-14-12-5-11-10-6-13-7-14-9-6	4-9-4-9-11-4-13-10-6-10-9-3	6-3-11-6-8-11-1-9-13-9-12-11	12-6-10-11-9-9-9-4-9-1-9-9	3-6-12-8-4-4-3-6-6-6-9-6	11-9-5-9-4-2-5-4-8-5-8-7
214	11	12-12-10-16-12-12-10-12-12-11-12-4	13-8-10-9-4-11-13-13-4-12-12-10	1-10-9-9-12-12-10-10-12-10-10-13	12-12-12-12-9-12-10-9-10-12-10-1	9-3-1-13-6-10-12-11-12-11-14-9	6-9-10-5-11-3-12-10-6-11-7-9	12-5-4-1-10-4-8-12-11-12-9-8	4-9-9-10-10-4-10-9-6-12-12-3	4-1-10-6-9-11-1-12-10-4-9-12	5-6-8-12-12-9-12-8-13-1-9-5	6-6-12-11-11-11-3-6-6-5-11-6	10-11-13-11-4-6-5-11-8-12-2-7
214	12	11-12-10-14-16-11-10-11-11-16-11-16	14-8-10-12-12-11-15-11-12-11-9-10	14-12-13-13-11-11-11-13-11-10-11-11	13-11-11-11-9-13-10-9-10-11-10-13	5-12-12-11-13-10-11-12-11-12-12-12	14-13-10-6-12-13-11-8-6-7-7-13	14-10-10-12-12-4-8-11-6-11-14-12	6-5-14-10-10-15-10-14-14-11-13-3	6-3-13-6-14-4-12-11-10-12-10-11	10-6-6-11-11-9-9-8-15-13-12-5	12-6-10-11-11-16-3-15-13-9-11-6	12-11-12-12-12-4-5-12-8-11-2-2
214	13	11-13-14-14-12-13-16-11-15-13-13-14	11-8-10-14-4-14-12-11-12-14-9-13	12-12-12-12-14-14-14-12-14-14-12-11	12-14-11-11-14-14-12-9-13-12-13-12	14-12-16-11-12-13-14-14-11-13-13-9	13-14-14-13-10-14-14-13-8-8-6-12	13-10-10-12-10-6-8-12-6-16-13-14	4-14-13-14-13-4-10-9-6-11-12-3	6-1-13-14-16-15-12-12-10-16-13-11	13-13-6-11-11-13-13-8-12-12-12-9	13-13-10-8-11-12-3-6-13-13-14-13	12-13-11-12-13-4-13-4-8-3-2-7
214	14	14-14-13-14-15-14-14-15-14-14-14-15	12-15-14-13-15-15-12-13-12-13-9-13	12-12-13-13-13-13-15-13-13-13-15-11	13-13-12-11-13-13-14-9-15-11-13-12	13-12-13-11-12-15-13-13-15-13-13-9	13-13-13-14-15-13-15-14-14-14-3-14	13-10-15-12-16-14-14-15-7-14-12-13	4-15-12-13-13-12-10-12-12-15-12-3	14-3-13-13-12-13-12-13-10-13-13-10	13-13-8-15-5-13-13-8-12-12-12-9	3-13-16-8-4-12-3-4-3-13-13-13	4-13-11-12-4-4-13-4-4-14-2-4
214	15	14-10-16-14-14-14-16-14-13-16-16-14	16-14-14-13-14-14-12-16-16-10-16-16	12-15-16-13-13-13-14-13-16-13-14-15	16-15-16-16-13-13-14-12-14-12-13-15	13-12-15-13-12-14-16-16-14-15-13-16	15-12-14-13-14-12-14-14-14-14-15-15	15-13-14-15-13-4-13-14-6-14-15-13	4-14-12-15-13-12-10-12-6-11-15-11	6-1-13-15-8-13-15-15-4-12-15-11	15-15-15-15-15-13-15-4-12-12-12-9	15-13-15-11-15-15-3-15-15-13-13-6	15-15-11-15-15-4-13-15-14-14-14-7
214	16	16-16-16-16-16-16-15-16-16-16-16-16	15-14-16-13-16-14-15-15-15-16-15-15	12-16-16-13-16-13-16-16-15-16-14-16	15-16-15-15-16-16-14-9-16-16-16-3	13-15-13-16-16-16-15-16-14-16-13-9	16-16-13-16-16-3-16-16-16-16-16-15	13-16-16-16-14-16-7-16-16-16-12-16	16-14-9-16-16-4-16-9-6-16-15-16	6-16-13-16-5-16-16-9-16-4-13-7	13-16-16-16-16-13-16-4-16-16-16-16	15-4-14-8-7-12-3-16-16-16-16-6	16-13-16-12-10-16-16-16-16-16-16-4
215	0	0-0-0-0-0-0-0-0-0-0-0-0	0-0-0-0-0-0-0-0-0-0-0-0	0-0-0-0-0-0-0-0-0-0-0-0	0-0-0-0-0-0-0-0-0-0-0-0	0-0-0-0-0-0-0-0-0-0-0-0	0-0-0-0-0-0-0-0-0-0-0-0	0-0-0-0-0-0-0-0-0-0-0-0	0-0-0-0-0-0-0-0-0-0-0-0	0-0-0-0-0-0-0-0-0-0-0-0	0-0-0-0-0-0-0-0-0-0-0-0	0-0-0-0-0-0-0-0-0-0-0-0	0-0-0-0-0-0-0-0-0-0-0-0
215	1	1-1-0-1-0-1-1-1-1-1-1-1	1-0-0-1-1-1-1-0-0-0-1-1	1-1-1-1-1-0-2-0-0-0-0-1	1-0-2-0-2-1-0-1-0-0-0-1	0-1-1-0-1-0-0-1-0-1-1-1	1-1-0-1-1-1-0-1-0-0-0-1	0-0-0-1-0-1-0-1-1-1-1-1	1-0-1-1-1-1-0-1-1-1-1-0	1-1-0-1-0-1-1-1-0-1-1-0	1-1-1-1-0-1-0-0-1-1-1-0	1-1-0-0-0-1-1-1-1-1-1-1	1-1-1-1-1-0-1-1-0-1-0-0
215	2	3-2-2-3-2-2-3-3-2-3-3-2	3-3-3-3-3-3-3-2-2-2-3-3	2-4-3-3-4-3-3-4-4-3-3-3	3-3-4-3-1-3-3-3-3-3-3-2	3-6-1-3-1-2-3-2-3-3-6-2	3-1-3-2-3-5-2-3-2-2-13-2	5-3-3-3-3-2-3-3-3-4-6-3	2-2-5-1-2-1-5-3-1-3-3-6	5-3-2-1-4-4-5-3-4-3-2-3	3-5-3-4-3-3-3-4-3-6-5-4	3-3-3-3-5-11-4-3-3-5-4-2	5-2-2-1-3-3-4-3-5-3-3-18
215	3	2-2-2-2-2-2-2-2-2-2-2-2	2-2-2-2-2-2-2-3-2-2-4-2	1-2-4-2-2-2-4-2-2-2-2-2	4-2-2-2-5-4-2-7-2-2-4-1	4-1-4-5-1-4-4-4-2-2-2-7	2-1-2-2-2-2-3-2-2-2-7-4	3-2-2-2-3-2-2-2-2-2-4-5	2-4-4-4-3-1-2-2-1-2-2-2	2-2-2-3-12-2-2-2-2-5-4-2	2-2-2-2-4-4-2-2-2-2-1-2	2-2-2-2-2-2-2-2-2-4-2-1	2-3-1-1-2-2-3-2-2-2-2-2
215	4	2-2-2-2-2-2-2-2-2-2-2-2	2-2-2-2-2-2-5-4-3-5-3-4	7-5-3-2-2-9-3-5-2-6-5-5	3-4-2-5-3-3-2-3-2-2-3-2	3-2-3-3-5-3-5-3-4-2-2-3	2-3-6-5-2-2-5-2-5-4-9-4	2-4-4-2-5-2-5-5-4-2-3-7	2-3-3-5-3-1-2-6-9-4-4-2	9-5-4-4-2-2-2-5-2-2-3-5	5-9-4-2-3-3-2-2-4-2-1-2	6-2-2-2-3-4-2-8-5-3-2-4	2-4-2-1-4-2-2-2-2-2-2-2
215	5	5-5-5-5-2-2-5-5-2-2-2-2	2-2-2-2-2-2-4-6-3-4-3-6	1-4-4-2-3-4-6-7-2-7-6-6	4-4-4-4-3-3-2-3-6-6-7-1	3-1-1-3-4-7-4-4-4-2-7-3	2-1-4-4-2-2-6-6-4-5-2-5	2-5-7-2-4-7-6-6-5-2-3-3	2-3-2-6-3-1-2-4-6-6-2-2	2-4-4-4-4-2-2-4-2-3-6-4	4-2-2-7-3-2-6-2-2-2-2-6	4-4-9-2-6-5-2-4-4-6-2-6	2-4-1-1-2-2-3-2-8-2-2-2
215	6	6-2-6-6-2-2-6-2-8-2-2-6	2-7-5-3-2-2-2-8-2-4-3-5	4-6-3-5-7-4-5-6-2-4-7-5	4-5-7-7-3-8-8-3-7-5-5-1	2-2-1-9-4-5-6-7-7-2-2-3	2-3-4-2-6-2-7-5-6-6-8-8	2-5-5-2-4-6-6-5-6-6-2-3	2-3-2-5-6-1-9-4-5-5-2-2	2-4-5-4-6-2-2-4-2-10-5-7	2-2-6-5-6-6-5-6-3-2-2-5	4-2-7-2-5-2-2-4-4-5-2-5	2-3-1-1-2-2-3-2-5-2-7-2
215	7	6-2-6-6-2-8-6-2-6-7-2-7	2-5-2-2-6-7-2-6-10-9-7-8	4-7-8-9-6-5-8-5-6-5-6-7	8-5-6-8-3-4-8-3-6-5-5-1	8-1-1-8-4-5-8-6-9-7-7-3	17-1-7-2-6-2-6-7-6-8-16-8	3-9-5-1-4-6-6-5-6-6-3-8	2-3-3-8-9-1-6-4-1-9-2-2	6-2-4-7-4-7-1-8-9-8-6-9	1-4-7-5-3-7-6-0-2-1-1-8	7-2-6-2-9-8-8-4-4-7-9-4	7-9-10-1-4-2-7-8-5-2-6-2
215	8	10-9-8-8-11-8-6-8-6-10-10-7	2-10-2-2-2-7-13-9-7-4-10-7	9-8-11-10-9-7-9-10-10-10-9-9	7-9-9-7-10-10-7-17-9-9-5-7	7-6-3-9-4-5-9-6-9-10-7-8	2-7-7-11-8-2-6-7-8-8-3-11	3-8-8-1-4-12-7-5-8-10-3-7	2-8-9-7-7-9-6-7-4-8-12-2	4-8-4-4-4-7-2-7-7-7-8-7	9-4-7-5-3-11-6-16-8-1-1-8	4-2-5-2-6-7-8-4-4-2-7-4	7-4-7-1-7-2-9-7-5-2-6-2
215	9	9-8-6-10-9-8-6-2-10-2-10-9	2-5-2-2-7-7-10-8-10-7-11-10	10-10-10-8-8-4-8-10-10-7-8-8	10-10-10-10-11-11-7-13-8-8-8-12	11-1-15-11-11-5-10-10-7-12-11-10	10-10-10-8-8-18-5-7-6-8-4-10	2-8-8-9-8-14-7-10-8-9-10-9	2-10-12-10-7-9-6-9-4-7-9-2	4-4-4-10-9-7-4-10-7-7-14-7	8-4-17-5-15-7-13-0-9-2-13-12	4-2-5-2-6-12-10-4-4-9-7-4	2-7-9-11-12-2-8-2-5-10-6-2
215	10	10-10-10-10-12-10-10-9-9-11-10-10	11-14-10-2-7-7-9-11-7-12-9-11	9-9-9-8-8-4-11-8-9-11-11-9	9-11-11-9-8-9-12-3-11-11-11-1	9-9-9-9-9-12-9-9-10-8-9-9	9-9-9-8-14-9-11-10-10-8-2-9	2-8-12-2-11-10-12-12-8-8-9-7	2-9-11-11-10-1-17-12-4-12-2-2	11-10-13-9-10-7-2-9-11-6-17-12	2-2-10-10-9-9-9-14-11-10-9-10	4-2-11-10-2-13-11-2-11-4-7-11	10-7-7-4-2-2-8-2-12-9-6-12
215	11	11-12-10-10-10-10-13-13-12-10-12-10	12-10-12-17-12-12-9-10-7-10-9-13	9-11-8-8-8-12-10-10-10-10-12-13	9-10-12-7-8-9-13-9-10-12-10-2	9-1-1-9-9-10-12-11-12-8-9-9	2-9-9-8-11-9-10-10-11-0-7-9	4-12-11-1-10-12-12-12-8-16-18-12	12-9-10-10-10-1-10-9-9-14-2-2	11-10-10-9-11-13-2-9-10-7-10-11	10-2-10-7-9-8-17-12-10-2-9-10	2-7-10-15-2-15-10-12-10-2-7-10	12-3-1-9-9-2-8-2-12-14-17-13
215	12	13-11-11-10-10-12-11-13-11-13-12-13	11-10-10-13-11-11-13-11-13-10-13-11	13-13-9-8-9-14-11-8-13-10-11-13	13-13-11-9-8-13-14-9-11-11-10-13	9-13-13-11-13-10-13-13-11-9-9-9	13-13-9-9-12-12-13-10-11-8-16-14	4-11-10-13-13-8-11-11-8-9-13-12	11-9-9-10-10-13-10-17-12-17-13-2	4-12-18-13-3-11-12-17-7-12-9-10	13-13-9-13-13-7-6-11-12-12-12-9	13-2-12-10-11-9-12-11-13-12-7-12	11-12-12-12-9-2-8-12-10-12-11-10
215	13	13-14-13-13-14-13-11-13-13-14-12-12	13-14-10-12-11-14-16-14-12-10-12-11	12-12-10-8-8-11-14-13-12-14-14-11	12-12-12-12-8-12-11-9-14-14-14-12	9-12-12-12-12-14-12-12-14-8-12-12	12-12-16-8-12-9-14-13-13-13-2-13	2-10-11-12-12-13-11-12-8-8-12-14	2-9-12-9-13-12-13-10-12-13-12-2	2-12-10-12-11-11-12-12-16-12-8-10	12-12-10-14-9-16-9-14-12-12-9-8	12-13-17-10-2-11-12-2-12-12-7-12	11-12-12-12-12-17-8-2-10-13-11-2
215	14	13-13-13-13-13-15-13-16-13-13-14-15	17-13-10-16-17-13-12-13-15-13-16-11	14-15-15-8-15-12-15-15-15-13-13-14	15-12-15-15-16-15-12-9-13-13-13-16	9-12-16-8-12-13-15-15-13-9-16-15	15-15-13-14-12-12-13-13-11-13-15-15	15-10-10-15-12-9-11-12-8-9-15-15	11-8-15-15-14-12-10-12-12-12-14-12	14-12-12-10-10-2-15-12-8-12-9-10	12-14-9-15-14-7-15-13-12-12-15-9	14-13-13-11-14-9-12-16-15-12-7-12	15-15-12-14-14-2-8-2-10-11-11-10
215	15	16-15-16-10-13-16-15-15-16-16-15-16	14-16-16-12-14-16-16-16-14-16-12-16	12-14-14-8-14-16-16-14-14-17-16-15	14-15-14-15-14-14-14-9-15-13-16-14	9-12-9-11-12-15-14-14-16-8-12-14	14-14-9-15-12-9-16-13-15-15-2-14	14-11-17-14-12-15-11-12-15-15-14-14	2-9-14-16-16-12-10-10-12-15-14-2	14-12-12-16-11-15-14-12-17-12-16-10	12-14-10-16-9-9-9-11-12-12-14-10	14-15-13-17-2-11-12-14-14-14-7-12	16-15-12-14-14-2-8-2-2-15-11-6
215	16	15-18-16-10-16-16-16-13-15-17-15-16	14-17-15-12-18-17-17-15-18-15-17-15	18-16-14-14-16-15-15-16-14-17-17-16	14-15-17-17-14-14-16-8-17-16-15-14	9-12-14-17-12-15-17-16-17-14-12-12	12-14-15-8-16-9-17-15-16-16-7-14	14-17-11-14-15-15-17-15-8-15-14-14	18-9-12-15-15-12-10-14-12-16-14-2	14-12-10-15-16-9-14-12-15-15-15-15	12-14-16-15-13-13-17-11-12-12-14-16	14-7-18-11-18-16-12-14-14-12-7-12	15-12-12-14-14-13-8-14-5-14-11-10
215	17	16-16-16-18-16-17-17-18-18-16-15-18	14-16-15-17-16-16-16-17-17-15-16-18	17-17-18-18-17-17-18-17-14-16-16-17	17-16-16-16-8-17-18-8-16-16-16-14	7-18-17-16-17-15-16-14-16-17-9-17	17-17-16-14-12-9-16-17-16-16-17-17	17-11-15-17-15-17-10-14-8-15-14-14	11-8-9-17-16-17-10-12-17-12-14-12	17-12-18-9-9-7-17-12-15-12-8-7	17-14-9-14-17-7-16-11-12-12-17-17	14-2-13-15-16-18-12-14-17-12-7-17	17-17-17-17-14-13-8-2-10-11-11-2
215	18	18-18-18-18-18-18-17-18-18-18-18-18	14-16-18-17-16-16-16-17-16-18-17-17	16-17-18-17-18-18-17-18-17-18-18-18	17-18-17-18-18-18-16-18-18-18-18-17	18-17-18-18-18-18-17-18-16-18-9-9	18-18-18-18-18-9-18-18-18-18-18-18	17-18-18-18-10-18-7-18-18-18-9-15	18-18-10-18-18-17-10-12-17-17-12-18	17-18-18-18-13-18-18-12-18-2-18-7	17-18-16-18-18-7-18-15-12-18-18-18	16-2-13-15-16-17-17-18-18-18-18-18	16-18-18-17-14-18-18-2-18-18-11-2
216	0	0-0-0-0-0-0-0-0-0-0-0-0	0-0-0-0-0-0-0-0-0-0-0-0	0-0-0-0-0-0-0-0-0-0-0-0	0-0-0-0-0-0-0-0-0-0-0-0	0-0-0-0-0-0-0-0-0-0-0-0	0-0-0-0-0-0-0-0-0-0-0-0	0-0-0-0-0-0-0-0-0-0-0-0	0-0-0-0-0-0-0-0-0-0-0-0	0-0-0-0-0-0-0-0-0-0-0-0	0-0-0-0-0-0-0-0-0-0-0-0	0-0-0-0-0-0-0-0-0-0-0-0	0-0-0-0-0-0-0-0-0-0-0-0
216	1	1-1-1-1-1-1-1-1-1-1-1-1	1-0-0-2-0-1-2-2-1-2-1-2	1-2-1-1-1-1-1-2-1-0-1-1	2-1-2-1-1-2-0-2-0-0-0-1	1-2-1-0-2-0-2-2-0-1-1-2	2-7-1-1-1-2-0-1-0-0-0-1	1-0-0-11-0-3-0-2-0-1-2-0	1-1-2-2-1-1-1-1-3-1-1-1	1-1-1-2-1-1-2-2-1-1-1-0	2-10-1-1-1-1-2-2-2-8-2-1	1-0-1-0-11-1-2-2-2-1-1-1	1-1-1-2-3-1-1-1-2-1-1-1
216	2	2-2-2-2-2-2-2-3-3-3-2-2	3-3-3-3-3-3-1-3-3-2-3-3	1-3-3-3-4-4-3-3-3-3-3-3	3-3-3-3-3-3-3-4-3-3-3-1	6-1-4-5-1-2-3-3-3-3-3-1	5-3-3-2-3-3-2-4-2-3-4-2	9-3-3-1-3-2-3-3-3-4-1-2	2-2-5-1-2-1-3-3-1-2-3-6	2-3-3-2-4-4-1-1-3-3-2-3	3-1-2-4-3-3-3-4-1-6-1-4	2-3-5-4-3-2-1-3-1-2-4-2	3-2-1-1-2-3-4-3-4-2-4-4
216	3	2-2-2-2-2-2-2-2-2-2-2-2	2-2-2-2-2-2-1-2-2-2-2-2	4-4-2-2-2-2-2-2-2-2-3-2	4-2-4-2-4-4-2-2-2-2-4-10	2-10-14-2-3-2-4-4-2-2-2-5	2-2-2-2-2-2-4-2-3-2-7-4	3-2-2-10-2-1-2-4-2-2-7-5	2-3-2-4-3-8-2-2-1-2-4-2	2-2-2-3-4-2-7-7-2-5-4-2	2-7-2-2-7-2-3-2-7-2-7-2	3-2-2-0-2-2-11-2-8-7-2-3	2-3-1-4-1-2-2-2-2-2-2-2
216	4	2-2-2-2-2-2-2-2-2-2-2-2	2-2-2-2-2-2-5-5-4-5-2-5	3-3-3-2-2-9-5-5-2-5-5-5	3-5-3-2-3-3-2-2-2-4-5-3	2-2-2-2-5-4-5-3-4-2-2-3	4-2-6-13-2-2-3-2-4-4-12-3	2-4-2-4-5-4-5-3-4-2-3-3	2-3-4-3-3-3-2-6-10-2-3-2	4-9-7-4-7-2-1-3-2-2-3-2	3-12-4-2-3-2-4-2-3-2-4-2	4-2-2-2-2-4-3-4-4-3-2-4	2-4-2-3-4-4-2-2-2-2-2-2
216	5	2-5-5-5-2-2-6-2-2-2-2-5	2-2-6-2-2-2-4-6-4-4-2-6	3-3-3-2-6-4-6-7-2-7-6-6	4-4-3-2-3-3-6-2-6-6-7-3	2-1-3-2-4-7-4-4-4-2-2-3	2-9-4-4-2-2-6-6-4-5-2-5	3-5-8-4-4-7-4-6-5-2-3-3	2-3-2-4-3-3-5-4-6-6-3-2	4-4-4-4-5-2-2-3-2-3-6-4	4-1-2-7-3-2-6-2-3-2-3-2	4-2-2-2-6-2-3-4-4-6-2-6	2-4-1-3-2-4-3-2-8-4-5-2
216	6	6-2-6-6-2-6-6-2-8-2-2-6	2-7-5-2-2-2-1-8-2-4-2-5	3-6-4-5-7-4-5-4-7-4-7-5	4-8-7-7-3-8-8-2-7-5-5-3	2-1-3-2-3-5-6-7-7-2-2-3	2-3-4-4-6-1-7-5-6-6-10-8	1-5-5-1-4-6-6-5-6-6-3-3	2-3-2-5-6-3-9-4-5-5-3-2	2-2-5-3-6-2-1-3-6-10-5-2	9-3-6-2-3-6-5-2-3-2-1-5	4-2-7-7-5-4-3-4-1-5-2-5	1-4-1-3-1-14-3-2-5-2-7-7
216	7	6-2-6-8-2-8-6-2-6-7-2-6	2-6-5-8-6-6-2-4-8-9-7-8	4-7-8-8-6-5-8-5-6-5-6-7	8-5-6-8-7-4-8-8-6-5-5-3	8-1-3-8-3-5-8-6-6-7-8-3	4-1-8-2-6-2-6-7-6-7-3-8	3-9-5-1-4-6-6-9-6-6-3-7	2-3-4-4-8-3-6-4-4-5-3-2	4-2-4-7-4-7-3-3-7-8-7-7	1-3-7-5-3-13-6-13-3-1-3-7	3-2-6-6-2-8-3-4-3-3-10-4	8-9-7-3-1-4-7-2-5-7-6-6
216	8	11-2-8-9-11-8-6-2-6-10-10-7	2-10-5-2-6-7-12-6-7-7-9-7	4-8-10-10-9-7-9-7-10-9-9-9	7-6-9-7-10-10-7-13-7-9-5-7	7-6-1-9-4-5-7-6-9-13-7-3	4-2-7-9-8-2-6-7-8-8-3-7	3-10-9-1-9-6-7-7-8-10-3-9	2-8-10-7-7-3-6-7-4-8-3-2	4-2-4-10-4-2-2-3-7-7-8-7	8-1-7-7-3-11-6-11-3-1-3-8	4-2-2-6-6-7-3-4-3-3-7-4	7-4-7-3-1-4-9-7-5-3-6-6
216	9	10-9-2-8-10-8-11-2-6-2-2-6	10-8-5-10-6-10-8-10-10-7-11-10	8-10-12-8-8-4-8-8-10-8-8-8	10-10-10-8-8-11-10-10-8-8-10-3	11-3-12-8-3-5-10-10-8-12-12-10	10-10-10-8-8-13-10-7-8-8-10-10	2-8-8-1-8-6-6-9-8-15-10-8	2-8-8-10-7-3-6-9-4-10-13-2	4-4-4-10-9-7-1-3-7-7-8-7	8-12-9-9-13-7-6-10-3-11-9-12	10-2-5-9-6-12-5-13-13-3-7-9	2-7-9-3-13-13-8-2-5-9-6-2
216	10	10-10-11-11-9-10-13-10-10-11-10-10	9-13-10-9-7-11-12-9-9-11-9-11	3-9-9-8-8-4-11-11-11-11-11-9	9-9-11-9-8-9-12-8-11-13-11-3	9-3-9-9-3-12-9-9-10-9-9-9	9-9-9-9-10-9-11-10-10-8-9-9	3-8-13-3-12-10-12-9-8-8-9-8	2-12-11-11-10-9-13-10-4-12-9-2	4-10-12-9-10-7-2-3-11-6-11-10	2-1-14-10-9-2-12-13-11-2-9-10	4-2-11-13-2-7-3-9-3-3-7-4	10-7-7-3-9-9-8-2-13-9-6-12
216	11	11-11-10-10-12-11-12-11-12-10-12-10	12-13-10-13-12-13-13-10-9-10-9-10	12-11-9-8-8-12-10-13-10-10-12-11	9-10-12-7-8-9-12-8-10-12-10-3	9-1-9-12-3-10-12-11-12-9-9-9	2-9-9-8-11-9-12-11-11-13-7-9	1-12-11-1-10-11-12-12-8-14-3-12	11-11-10-10-10-9-10-10-4-11-9-2	11-10-10-8-11-7-3-3-10-13-10-11	10-3-10-7-9-8-15-12-10-9-9-10	3-2-10-13-1-16-3-12-1-3-7-10	12-7-7-3-9-9-8-2-12-10-13-8
216	12	12-11-14-10-11-12-11-12-11-14-12-16	11-10-10-12-11-11-13-13-13-10-13-10	13-12-9-8-9-13-11-10-12-10-11-11	13-13-13-8-8-13-13-8-11-11-11-13	9-13-15-15-13-10-11-9-11-9-9-9	14-12-9-9-12-12-11-10-11-8-4-13	3-11-10-14-13-15-11-11-8-9-9-12	11-10-13-10-12-13-10-16-15-10-9-2	4-13-16-9-2-7-12-13-7-12-8-7	12-9-9-13-9-8-6-11-12-12-12-9	15-2-5-11-11-12-12-11-12-12-7-12	11-12-12-3-9-9-8-12-10-12-11-10
216	13	11-10-14-11-10-13-11-16-11-14-11-10	13-10-10-14-11-11-14-16-12-10-12-15	12-14-14-16-14-14-14-14-13-14-14-14	14-14-12-15-14-14-12-15-11-14-13-12	14-12-9-8-12-13-14-14-12-8-14-9	14-12-14-13-12-9-14-13-11-11-4-12	14-14-10-12-12-12-11-14-8-9-14-13	2-13-16-14-14-12-10-12-4-12-9-2	12-12-14-14-15-2-12-12-7-11-15-7	14-14-9-12-15-15-13-11-12-12-9-15	4-14-6-10-2-13-12-9-9-13-14-13	11-13-7-3-9-9-14-2-10-9-11-15
216	14	14-14-14-16-14-14-15-14-15-16-14-14	12-15-10-13-16-15-13-15-16-15-12-13	13-13-13-13-13-13-13-13-13-13-15-13	13-13-14-14-13-13-15-13-15-15-13-3	13-12-12-15-12-13-13-13-15-12-13-9	13-13-13-14-14-9-13-13-14-14-12-14	13-13-10-12-12-14-15-13-14-14-13-13	2-13-13-13-13-12-10-12-12-14-12-2	12-12-13-13-11-14-12-12-14-14-13-14	13-13-10-13-13-13-13-15-13-12-9-13	4-13-15-10-16-12-12-9-13-13-13-13	2-13-12-3-9-9-13-2-10-14-15-2
216	15	15-16-16-15-15-16-14-16-11-15-14-14	16-14-14-13-14-14-14-16-16-14-12-16	15-15-15-13-13-12-14-15-15-13-14-15	16-15-16-16-13-13-16-13-14-14-16-3	13-15-12-12-15-13-16-13-14-8-13-15	16-13-14-15-12-16-14-13-14-14-15-14	16-11-10-16-15-12-14-14-14-9-16-13	2-13-13-13-13-16-10-12-12-15-15-15	15-12-14-13-13-15-15-12-7-12-13-7	13-16-9-12-13-13-14-11-12-15-15-13	12-13-14-11-14-15-12-15-15-13-13-13	11-13-15-3-15-9-8-15-10-15-11-13
216	16	16-16-15-16-16-16-14-16-16-16-16-16	15-14-16-13-16-14-13-15-14-16-15-15	15-15-16-13-16-16-16-16-14-16-16-15	15-16-15-15-16-16-15-16-16-16-15-15	13-15-16-16-15-16-15-16-14-16-13-9	16-16-13-16-16-15-12-13-16-16-16-14	15-16-16-16-10-16-7-15-16-16-15-11	16-13-13-16-16-15-10-12-12-16-15-15	4-16-12-16-13-16-16-12-16-2-13-7	12-16-16-16-16-16-16-11-12-16-15-16	15-16-16-11-14-12-12-16-16-16-16-16	16-16-16-12-15-16-16-15-16-16-16-16
217	0	0-0-0-0-0-0-0-0-0-0-0-0	0-0-0-0-0-0-0-0-0-0-0-0	0-0-0-0-0-0-0-0-0-0-0-0	0-0-0-0-0-0-0-0-0-0-0-0	0-0-0-0-0-0-0-0-0-0-0-0	0-0-0-0-0-0-0-0-0-0-0-0	0-0-0-0-0-0-0-0-0-0-0-0	0-0-0-0-0-0-0-0-0-0-0-0	0-0-0-0-0-0-0-0-0-0-0-0	0-0-0-0-0-0-0-0-0-0-0-0	0-0-0-0-0-0-0-0-0-0-0-0	0-0-0-0-0-0-0-0-0-0-0-0
217	1	1-1-1-1-1-1-1-1-1-1-1-1	1-0-0-1-1-1-1-1-2-2-2-2	2-2-2-2-2-1-2-2-2-2-2-2	2-2-2-2-2-2-0-2-0-3-0-2	2-2-2-0-2-0-2-2-0-1-2-2	2-2-2-3-1-2-2-2-0-0-0-2	2-0-1-2-2-3-0-2-0-0-2-0	1-1-2-2-3-2-1-2-2-1-1-1	1-2-2-2-3-2-3-2-0-1-3-0	2-2-1-2-1-2-2-0-2-2-2-3	2-1-1-0-2-2-2-0-2-2-2-1	2-2-2-3-2-1-3-1-1-1-1-0
217	2	2-2-2-2-2-2-2-2-2-2-2-1	1-3-3-1-2-2-1-1-1-1-1-1	1-1-1-1-1-1-1-1-1-1-3-3	1-1-1-1-1-1-0-1-3-1-3-1	1-1-1-0-1-3-3-1-3-1-1-1	1-1-1-1-0-1-3-1-3-0-3-1	1-3-2-1-1-0-3-1-0-0-1-3	0-2-1-1-2-1-3-1-1-1-1-1	2-1-1-1-1-1-1-1-2-1-1-2	1-1-0-1-2-1-1-0-1-1-1-2	1-3-1-0-1-1-1-0-1-1-1-2	1-1-1-1-1-3-1-4-1-0-3-3
217	3	3-2-2-2-3-2-3-2-2-2-1-1	3-2-2-3-2-2-3-3-1-1-1-3	3-3-3-3-1-1-2-4-1-3-2-2	3-3-2-3-1-4-3-1-2-1-4-5	1-8-1-4-5-2-2-4-2-3-1-4	3-1-1-1-3-5-2-1-2-0-2-4	3-2-3-11-3-1-2-4-0-0-3-2	1-1-5-1-1-4-2-1-1-3-3-6	3-5-1-5-1-1-1-1-2-1-1-4	0-1-1-3-1-1-1-1-1-5-5-1	5-2-3-4-1-3-5-5-5-1-1-2	1-1-3-1-3-2-1-3-3-3-2-2
217	4	4-4-4-5-4-4-5-5-5-5-5-4	5-5-6-6-5-5-5-5-5-5-5-5	4-5-5-5-5-5-5-5-6-5-5-5	5-5-5-5-3-3-5-7-5-5-5-3	6-3-2-3-4-4-5-4-5-5-5-3	5-4-5-5-5-6-4-6-4-4-10-5	10-5-4-4-5-4-5-5-5-4-7-5	4-4-5-4-4-5-5-5-4-4-3-4	10-3-4-4-5-6-10-4-5-6-4-5	5-5-7-7-5-4-5-6-8-8-3-4	4-5-5-4-7-5-3-5-3-5-6-4	5-5-4-4-8-7-6-6-5-10-4-14
217	5	4-4-4-4-4-4-4-4-4-4-4-4	4-4-4-8-4-4-4-4-4-4-4-6	11-6-7-4-8-4-6-6-4-4-6-4	6-4-4-4-6-6-4-6-4-4-6-3	6-3-9-7-6-5-4-6-4-4-4-7	4-4-6-5-4-3-5-4-4-4-3-4	5-4-4-3-4-4-4-4-4-4-6-4	4-6-6-5-5-4-4-6-5-3-6-3	4-3-4-8-14-4-4-6-4-4-6-4	4-4-4-4-4-4-4-4-10-3-3-6	3-4-4-3-4-4-3-4-3-4-4-4	4-5-4-4-4-4-5-4-4-4-2-4
217	6	4-4-4-4-4-4-4-4-4-4-4-4	4-4-4-5-4-4-4-7-4-4-4-5	1-5-5-4-5-9-5-5-4-8-7-5	5-7-7-4-5-5-8-5-4-4-5-3	5-6-5-5-7-5-7-5-6-6-8-5	5-7-7-7-6-4-7-4-6-6-13-6	5-5-4-6-7-6-2-4-6-4-5-7	4-5-5-7-5-4-4-8-7-4-6-3	6-3-6-6-6-4-6-5-4-4-5-4	5-6-6-4-5-7-6-4-1-4-6-5	6-4-4-3-6-6-3-6-6-10-4-6	4-6-3-6-6-4-4-4-4-7-2-4
217	7	4-7-4-4-4-4-4-4-4-4-4-4	4-8-4-5-4-4-4-6-4-6-5-8	5-5-5-4-5-4-8-6-4-6-8-8	6-6-6-4-5-5-4-5-8-8-6-3	5-3-5-5-6-8-6-6-6-4-4-5	4-6-6-6-7-4-8-6-6-7-3-7	5-5-7-13-6-10-8-8-7-7-4-6	4-5-4-8-5-4-7-6-6-4-4-4	4-3-8-6-10-4-4-8-7-4-5-14	4-6-4-4-8-9-4-0-1-4-3-4	3-4-8-4-4-4-3-6-6-6-4-6	4-6-3-6-4-4-5-8-4-5-8-4
217	8	4-4-4-8-4-8-4-4-8-4-8-4	4-7-10-5-4-4-4-9-4-4-4-7	14-6-5-4-5-6-7-5-4-6-9-7	6-6-9-4-5-5-6-5-7-7-7-3	5-3-5-9-6-7-9-8-9-6-6-5	9-6-6-6-8-4-9-4-8-8-9-6	5-5-9-6-7-4-9-7-8-8-5-7	4-7-4-7-5-4-9-6-6-4-6-3	6-3-7-6-8-4-4-7-4-8-10-7	4-4-4-9-7-7-4-8-4-4-4-5	3-8-7-10-9-11-7-4-3-4-4-6	8-6-3-6-4-4-5-7-4-4-7-4
217	9	10-4-4-4-9-8-4-4-8-4-4-8	4-8-8-5-4-4-4-8-11-6-10-7	3-10-10-4-10-6-10-10-4-9-8-10	10-10-10-11-11-11-10-12-10-8-6-3	11-3-5-10-6-7-10-10-8-11-11-10	10-10-6-9-9-13-8-4-6-6-11-10	14-4-8-6-10-9-8-10-7-9-10-6	4-10-6-10-6-4-8-9-6-4-9-4	4-4-6-6-9-4-4-8-9-9-5-7	4-10-13-9-10-7-9-8-5-4-9-5	5-6-14-8-8-8-3-9-10-4-9-6	8-9-3-9-10-11-5-11-4-7-4-8
217	10	4-10-10-10-4-8-10-10-10-10-10-10	4-12-8-5-4-4-4-11-9-11-9-10	3-9-9-4-9-11-11-9-11-11-11-9	9-9-9-9-9-9-9-5-11-12-11-3	9-3-9-9-6-11-9-9-11-9-9-9	9-9-9-10-12-9-11-11-6-10-4-9	4-10-10-4-14-7-4-11-7-9-9-10	4-9-11-9-10-4-10-8-6-12-4-3	4-3-6-6-7-4-4-11-11-9-8-11	4-9-9-4-9-12-11-8-11-4-9-11	3-4-14-8-4-4-3-7-9-6-4-11	8-6-9-9-9-9-11-9-4-4-4-4
217	11	11-11-10-11-4-10-13-11-11-12-11-4	4-13-13-9-4-4-4-10-9-10-9-12	14-12-9-9-9-10-10-11-10-12-10-11	9-9-12-9-9-9-12-5-12-11-12-3	9-3-9-9-6-10-10-10-14-9-9-9	9-9-6-9-11-9-12-10-11-11-9-9	6-13-11-3-10-11-11-10-12-11-9-11	4-9-10-10-11-4-10-9-6-12-9-3	9-3-10-6-11-6-4-10-12-8-11-10	10-10-9-4-9-7-10-8-10-4-9-5	3-10-12-11-4-8-3-9-9-6-4-10	4-6-3-9-9-9-10-11-8-4-7-4
217	12	13-13-14-14-13-14-14-14-14-14-13-14	14-11-13-14-13-13-13-13-13-13-13-13	12-11-13-13-13-13-12-13-13-11-11-12	13-13-13-13-12-13-11-9-11-13-13-13	13-13-13-12-13-10-13-13-13-9-9-9	13-13-11-13-12-9-11-14-11-11-13-13	13-11-11-12-13-12-11-13-11-14-13-11	4-12-13-13-12-12-11-12-6-13-13-3	4-13-13-9-13-12-13-13-13-12-12-11	14-12-9-8-13-13-11-14-13-12-12-13	13-4-11-11-13-14-14-13-13-12-4-6	13-8-12-12-12-4-13-11-13-12-2-4
217	13	12-12-12-12-12-12-11-12-12-12-12-12	4-11-11-12-12-12-12-14-12-12-14-12	12-12-12-12-12-12-12-12-12-13-12-13	12-13-12-12-12-12-12-12-11-12-12-13	14-12-14-8-12-13-12-12-12-14-12-12	13-12-6-12-12-14-11-12-11-8-12-12	12-11-12-12-12-12-7-13-6-11-12-10	4-13-12-12-13-12-10-14-6-12-12-12	6-12-13-6-12-13-12-14-12-12-12-11	12-13-9-9-13-14-11-8-12-12-12-12	13-6-13-11-12-13-3-12-12-13-4-6	12-9-12-13-12-4-12-11-12-12-2-4
217	14	14-14-14-12-14-14-12-14-14-12-14-14	12-11-14-12-12-12-12-13-12-14-13-12	11-14-14-12-14-12-13-14-13-14-14-14	12-14-12-14-14-14-11-14-11-14-14-3	13-12-13-14-14-14-13-13-11-14-9-9	14-14-14-14-14-13-11-14-14-14-14-14	12-14-14-14-10-14-10-12-14-14-9-11	14-14-5-11-14-4-10-13-6-14-13-14	6-14-14-14-5-14-4-13-14-4-12-7	12-14-14-14-14-13-14-12-12-14-14-14	13-4-9-11-4-12-12-12-14-14-14-6	12-14-14-13-9-14-14-14-14-14-14-4
218	0	0-0-0-0-0-0-0-0-0-0-0-0	0-0-0-0-0-0-0-0-0-0-0-0	0-0-0-0-0-0-0-0-0-0-0-0	0-0-0-0-0-0-0-0-0-0-0-0	0-0-0-0-0-0-0-0-0-0-0-0	0-0-0-0-0-0-0-0-0-0-0-0	0-0-0-0-0-0-0-0-0-0-0-0	0-0-0-0-0-0-0-0-0-0-0-0	0-0-0-0-0-0-0-0-0-0-0-0	0-0-0-0-0-0-0-0-0-0-0-0	0-0-0-0-0-0-0-0-0-0-0-0	0-0-0-0-0-0-0-0-0-0-0-0
218	1	1-1-1-0-1-1-1-1-1-0-1-0	2-1-0-0-0-1-0-3-1-0-2-0	0-0-0-0-2-2-2-0-0-0-1-2	2-0-3-0-0-0-0-0-2-0-0-0	0-0-1-0-0-0-2-0-0-0-2-2	2-1-0-0-0-0-0-0-0-1-0-0	1-0-0-1-0-1-2-2-1-1-0-0	0-2-2-0-1-0-3-2-1-0-2-0	0-1-0-2-1-4-1-2-0-3-0-1	2-0-3-2-2-0-2-0-0-1-1-0	1-1-3-0-1-0-0-1-0-1-1-1	2-1-1-1-1-0-1-0-0-1-0-0
218	2	2-2-0-3-0-2-0-1-2-0-3-2	1-1-0-0-0-2-2-1-3-0-1-1	5-2-3-0-1-3-1-0-0-0-1-1	3-0-1-1-2-0-3-2-1-1-0-5	0-0-3-0-3-0-3-3-3-0-1-1	1-2-2-5-0-2-2-2-2-2-0-2	9-2-0-6-2-2-1-1-1-2-6-2	2-1-1-2-2-3-1-1-3-2-1-0	2-3-3-1-6-2-2-1-3-1-2-2	1-2-1-1-1-2-1-1-2-3-2-0	2-2-1-0-1-3-2-1-2-2-1-1	1-2-2-2-1-2-2-0-0-2-0-0
218	3	3-3-3-4-3-3-3-3-3-3-3-4	1-3-3-3-4-4-2-4-2-3-4-4	6-3-4-4-4-3-4-4-0-3-4-4	2-4-1-4-4-4-2-6-3-0-4-2	4-0-2-4-2-3-4-4-2-3-3-5	4-2-4-3-3-5-3-4-3-3-10-4	5-3-0-2-3-2-3-4-0-3-4-3	4-4-4-4-3-2-1-4-2-3-4-0	2-2-2-3-4-1-2-1-3-1-4-3	4-6-1-8-4-4-1-3-3-2-2-4	0-1-1-0-6-3-0-0-2-4-1-3	1-3-3-2-5-3-3-0-4-3-5-3
218	4	4-4-3-4-4-4-3-4-4-4-4-4	5-4-3-3-4-6-2-4-5-5-3-3	2-3-3-3-3-7-3-3-5-6-3-3	5-5-5-3-3-3-4-3-3-4-5-2	3-4-2-3-5-3-5-5-4-4-6-3	5-5-6-10-4-3-5-3-4-4-12-2	3-4-4-4-5-3-4-3-4-4-4-5	4-3-3-3-3-2-4-5-4-2-4-4	4-7-4-4-3-1-2-5-0-4-3-5	5-4-1-0-3-3-1-4-5-8-4-3	4-7-4-0-4-4-3-4-4-8-4-4	1-4-6-5-1-4-3-4-3-3-0-3
218	5	5-5-5-5-5-5-5-5-5-5-5-5	4-7-5-3-7-6-2-6-4-4-3-6	3-5-6-3-3-4-6-6-6-4-6-3	4-4-6-4-3-4-6-3-3-5-4-2	3-0-2-3-4-6-4-4-4-3-7-3	4-4-4-2-4-3-6-5-5-5-9-5	3-3-5-4-4-5-7-6-5-5-4-6	5-3-3-4-3-2-5-4-4-5-4-0	5-4-4-4-5-5-5-4-6-5-3-4	6-3-5-5-3-5-1-5-6-4-1-3	5-6-6-0-4-4-6-4-4-6-6-4	1-4-4-4-3-4-6-8-10-9-6-6
218	6	5-6-5-5-6-6-7-6-6-7-6-6	10-7-5-3-5-5-2-5-4-4-3-7	3-6-8-3-3-8-5-5-8-4-7-6	4-7-7-6-3-4-7-3-7-5-4-2	3-2-2-7-4-5-7-6-4-6-4-3	4-4-4-3-6-3-7-7-6-6-8-7	2-7-7-2-4-6-6-7-6-6-2-5	7-3-4-4-3-2-6-4-4-5-4-4	2-4-4-5-2-5-2-4-5-1-7-9	5-3-6-7-6-3-10-6-5-4-2-3	1-5-5-8-7-10-5-9-10-5-5-5	10-4-4-2-10-8-5-6-6-10-6-5
218	7	6-6-8-6-7-7-6-6-7-6-7-6	9-6-6-7-5-5-9-8-8-4-8-8	10-8-9-9-7-4-8-8-8-4-6-8	8-8-6-8-8-8-6-8-6-6-4-10	8-10-7-6-4-5-8-8-5-8-8-8	8-8-4-3-6-13-6-6-6-6-8-8	7-6-6-8-4-6-6-6-6-6-8-7	6-8-3-8-5-2-6-6-4-5-7-4	8-4-6-6-7-7-8-8-6-8-6-4	6-8-6-6-8-3-7-6-8-4-8-3	4-4-7-6-6-7-3-7-8-10-5-4	6-7-7-7-8-8-5-6-6-8-6-5
218	8	8-8-8-8-7-8-8-8-8-9-8-8	7-8-9-7-9-5-7-7-7-4-7-7	3-7-7-7-3-4-9-7-6-10-9-7	7-7-7-7-7-7-8-7-6-8-10-7	4-7-7-3-4-9-9-7-8-7-7-7	7-8-4-8-8-7-9-8-9-8-7-8	2-8-10-7-9-8-12-9-5-8-7-8	8-10-4-7-3-2-9-7-4-10-7-7	7-4-4-4-12-8-7-7-9-7-8-9	8-7-6-9-7-10-7-6-9-4-7-9	9-10-10-6-13-6-9-10-7-4-7-8	8-9-11-7-7-7-3-10-10-7-8-8
218	9	8-10-8-9-9-8-6-9-9-8-10-8	10-8-8-7-8-9-7-7-9-7-10-7	7-8-7-7-10-7-8-7-10-8-8-10	10-7-10-10-7-7-8-7-10-10-8-7	4-7-7-10-4-8-10-7-8-9-10-7	7-10-10-3-6-7-8-7-9-9-7-9	2-8-5-2-8-8-6-8-9-12-7-8	10-7-4-7-5-2-8-7-4-9-7-4	7-4-4-4-8-9-2-10-8-8-8-9	8-4-9-10-7-3-9-6-9-4-7-8	8-8-10-10-10-6-8-10-7-7-9-4	1-8-7-7-7-7-9-8-6-5-6-9
218	10	8-10-8-9-8-8-13-9-8-8-10-10	9-8-8-7-12-11-10-11-11-10-11-12	11-11-7-7-9-12-7-11-9-8-10-9	9-11-9-9-10-11-10-7-9-9-8-7	3-10-2-9-4-8-9-11-9-10-9-7	11-11-9-10-10-12-9-11-9-9-3-7	11-10-8-11-11-12-8-9-9-8-12-8	8-8-12-11-10-11-8-13-12-8-13-11	10-12-11-11-11-10-10-12-8-8-8-9	10-11-10-9-10-8-12-6-12-12-12-3	10-8-8-9-9-6-10-12-12-7-9-10	6-8-12-10-6-10-10-10-9-6-6-8
218	11	12-12-12-12-12-12-12-12-13-13-12-13	13-12-12-13-12-12-12-12-12-12-12-12	13-12-12-13-11-12-12-12-13-12-12-12	10-12-12-12-11-10-12-12-12-12-12-13	13-11-11-12-4-11-11-11-12-11-9-11	10-10-12-11-12-12-11-12-11-11-11-12	12-11-12-11-10-11-12-8-9-12-10-13	11-11-12-10-10-10-8-12-10-12-11-12	11-10-10-10-13-12-10-10-12-12-11-12	10-12-12-13-11-11-9-12-10-10-11-13	12-13-12-11-9-6-10-11-12-12-12-11	8-9-8-10-11-12-12-12-12-11-12-11
218	12	11-11-11-11-11-11-11-11-11-11-11-11	11-11-11-11-11-11-11-11-11-11-11-11	10-11-11-11-11-11-11-11-11-11-11-11	13-11-11-11-12-12-11-12-11-11-11-10	12-10-12-11-4-12-13-12-11-11-12-12	11-11-11-12-11-11-12-11-11-11-4-11	11-11-11-11-11-10-11-13-5-11-10-8	11-12-11-12-12-10-8-11-10-11-11-11	11-10-10-12-11-11-10-10-11-11-12-11	10-11-11-11-11-12-10-11-10-10-10-11	10-11-11-11-11-12-10-10-10-11-11-10	6-8-10-10-12-11-12-11-11-11-11-8
218	13	13-13-11-11-13-11-11-11-11-11-11-11	11-11-11-11-11-11-11-11-11-13-11-11	11-13-13-11-11-12-13-11-11-13-13-11	12-13-11-13-13-13-11-13-13-13-13-11	12-11-13-13-13-13-12-12-9-13-11-7	13-13-12-11-13-7-13-13-13-13-13-13	12-13-13-13-10-13-11-12-13-11-11-11	13-13-11-13-13-11-8-10-10-11-10-13	10-10-4-13-11-11-13-11-13-11-12-10	10-11-13-11-13-13-13-11-10-13-13-11	11-11-11-13-8-6-10-11-13-11-11-4	11-8-13-10-11-13-13-11-11-13-11-8
219	0	0-0-0-0-0-0-0-0-0-0-0-0	0-0-0-0-0-0-0-0-0-0-0-0	0-0-0-0-0-0-0-0-0-0-0-0	0-0-0-0-0-0-0-0-0-0-0-0	0-0-0-0-0-0-0-0-0-0-0-0	0-0-0-0-0-0-0-0-0-0-0-0	0-0-0-0-0-0-0-0-0-0-0-0	0-0-0-0-0-0-0-0-0-0-0-0	0-0-0-0-0-0-0-0-0-0-0-0	0-0-0-0-0-0-0-0-0-0-0-0	0-0-0-0-0-0-0-0-0-0-0-0	0-0-0-0-0-0-0-0-0-0-0-0
219	1	1-1-1-2-1-1-1-1-1-2-1-1	2-2-1-2-2-2-3-2-2-1-2-2	1-2-2-2-3-2-0-0-2-2-2-2	2-0-2-2-0-0-2-2-2-2-2-0	1-0-1-1-0-1-1-1-1-1-5-0	2-2-2-1-2-4-1-2-1-1-0-2	1-1-1-1-1-1-2-2-1-1-1-1	1-1-2-1-1-2-3-2-1-1-4-2	1-0-1-2-2-3-14-1-3-3-1-2	2-1-1-3-2-2-1-2-2-5-0-2	3-2-2-0-2-1-0-1-0-1-3-1	2-2-1-1-1-2-3-3-3-1-1-2
219	2	1-1-1-1-1-1-1-1-1-1-1-1	1-1-1-3-1-1-1-1-1-1-1-1	4-1-3-1-4-1-3-3-1-1-3-3	3-3-1-5-3-3-1-6-2-1-3-0	4-0-6-4-0-3-3-2-1-1-1-3	1-1-2-2-1-1-3-3-1-1-2-3	2-1-1-2-2-2-1-1-1-1-3-1	1-3-3-2-2-1-1-3-2-0-3-1	0-0-1-1-3-1-1-3-1-1-4-1	1-1-1-1-1-1-1-1-1-1-0-1	0-1-1-0-1-1-0-1-0-1-1-1	1-1-5-1-1-1-2-0-1-1-1-1
219	3	1-1-1-1-1-1-1-1-1-1-1-3	1-1-1-2-1-1-4-4-3-4-2-4	0-4-2-2-2-8-2-4-1-4-2-2	2-4-4-2-2-2-1-2-2-3-2-0	2-3-2-2-4-2-4-2-3-3-1-2	6-5-5-4-3-1-4-2-4-3-8-3	6-3-1-3-4-3-1-2-3-1-2-6	3-2-2-4-3-1-1-5-6-0-2-1	3-0-3-3-2-1-8-4-1-1-2-1	4-3-3-1-1-1-4-1-1-4-3-2	3-1-1-0-3-3-0-3-6-4-1-3	5-3-5-4-3-1-1-1-1-4-2-1
219	4	4-4-4-4-4-4-4-4-4-1-1-4	1-8-5-2-1-1-3-5-3-3-2-5	2-4-2-2-2-3-5-6-1-6-5-5	3-3-3-2-2-2-5-2-5-5-6-0	2-7-2-2-3-6-3-5-3-7-1-2	1-3-3-3-1-1-5-5-3-4-2-4	2-4-5-3-3-4-5-5-4-4-2-3	1-2-2-3-2-4-4-3-5-5-1-1	4-0-3-3-4-1-1-3-1-4-5-3	3-3-4-6-1-4-5-1-1-3-0-5	1-3-8-1-5-3-0-3-3-5-1-3	1-3-3-3-1-1-2-1-8-3-4-1
219	5	5-1-5-5-1-5-5-5-6-5-1-5	1-6-4-2-8-1-1-7-3-3-2-4	0-5-2-2-6-3-4-5-6-3-6-4	3-7-6-2-2-3-4-2-6-4-4-0	2-7-2-2-3-4-5-6-6-3-1-2	2-3-3-3-5-1-6-4-5-5-5-3	3-4-4-0-3-5-5-6-5-5-2-5	4-2-2-4-3-1-8-3-4-4-3-1	6-0-4-3-5-1-1-3-5-9-4-1	11-3-5-8-5-5-4-6-1-1-7-4	3-3-6-1-4-3-0-4-3-4-1-4	3-3-3-3-3-1-2-1-4-1-6-6
219	6	5-4-5-9-6-7-6-8-5-6-1-5	1-5-4-7-8-7-1-6-8-8-6-7	2-6-7-2-5-7-7-7-5-4-5-6	7-4-5-7-2-3-7-2-5-4-4-0	12-7-2-9-3-4-7-5-5-6-12-2	12-3-7-1-5-1-5-6-5-6-10-7	3-6-4-0-3-5-5-5-5-5-2-3	1-2-2-7-6-1-5-3-3-4-3-1	3-1-3-6-11-6-3-7-8-8-6-6	3-3-6-4-11-8-5-5-1-1-3-2	6-10-5-1-5-7-0-3-3-3-8-3	6-8-6-3-3-1-6-7-4-6-5-5
219	7	10-8-8-8-7-6-5-7-5-8-8-6	1-5-4-2-5-6-9-8-6-6-8-6	0-8-9-8-8-9-8-10-8-9-9-8	6-9-7-8-10-10-6-12-6-7-5-0	6-4-2-8-3-4-6-5-8-10-8-2	6-4-8-8-7-1-5-6-7-7-5-7	11-7-9-3-3-7-7-5-7-10-2-8	1-7-12-6-6-12-5-3-3-7-8-1	3-0-3-3-3-6-3-6-6-6-7-6	8-3-7-6-8-14-5-12-7-0-5-7	3-1-8-0-8-6-13-3-3-3-6-3	6-3-6-3-1-6-8-6-4-6-5-8
219	8	7-7-8-7-8-7-8-9-8-7-7-5	6-4-4-8-5-6-7-7-6-6-7-6	9-7-10-7-7-3-7-7-7-7-7-7	9-3-9-7-7-10-4-10-6-5-4-8	10-0-14-7-3-4-9-9-6-7-10-8	3-10-9-7-7-11-4-4-5-7-3-9	11-7-7-0-3-8-5-9-7-8-8-7	6-9-8-9-6-11-5-8-3-7-8-1	3-0-3-9-8-6-3-9-6-6-7-6	7-3-8-4-9-6-9-5-9-0-12-8	3-1-4-0-7-8-0-3-3-8-6-3	6-6-10-3-8-1-7-0-4-8-5-7
219	9	9-9-10-9-11-10-10-9-9-9-9-9	9-11-10-8-10-10-10-10-6-10-8-10	8-9-8-7-8-9-10-8-10-7-10-10	8-10-10-8-7-8-10-8-10-10-10-0	8-0-8-8-3-10-8-8-9-9-8-8	8-8-12-7-9-8-10-9-3-9-5-9	3-11-7-0-10-9-11-8-7-9-3-9	9-8-7-10-9-12-9-8-3-10-10-1	3-12-10-8-9-6-3-8-6-5-8-9	7-3-10-10-8-7-8-7-10-1-13-8	3-14-13-12-10-8-14-3-3-3-6-10	1-8-6-3-1-1-9-0-4-8-11-11
219	10	10-14-10-10-11-9-9-10-10-10-10-10	11-9-9-8-9-9-9-9-12-9-8-9	14-10-8-7-8-9-11-7-12-11-11-9	11-9-11-6-7-8-10-8-11-11-11-8	8-0-8-8-13-9-11-5-11-7-8-8	8-8-9-7-10-8-11-10-10-10-6-9	3-11-9-0-11-9-11-11-7-10-3-9	1-8-9-9-9-9-9-10-3-9-9-1	10-0-9-8-5-6-0-9-9-10-7-9	9-3-9-9-8-6-11-11-9-1-11-9	0-6-11-10-9-8-0-3-13-9-6-9	10-8-6-3-1-9-7-1-11-10-9-10
219	11	10-11-9-9-9-9-10-10-9-12-14-10	10-9-9-12-9-9-9-9-12-10-12-10	8-12-12-7-8-12-12-12-10-10-10-11	12-12-12-12-12-12-10-8-10-10-10-11	8-11-12-10-12-9-12-12-10-7-8-8	12-12-9-11-11-8-10-12-7-10-6-12	12-10-9-12-10-8-10-10-7-8-12-12	6-9-13-12-10-9-9-8-12-11-12-1	11-11-11-12-12-6-11-12-6-11-7-6	12-11-11-12-12-6-10-10-12-12-12-8	12-1-10-10-11-14-14-11-12-11-6-3	11-6-11-12-11-1-7-11-11-11-9-9
219	12	12-12-12-12-12-9-12-12-12-12-12-10	10-13-9-11-9-12-9-13-11-12-11-12	14-11-11-7-13-11-11-11-10-12-14-11	11-11-11-11-11-11-10-8-13-13-13-11	6-11-11-10-11-12-11-11-10-7-8-8	6-11-9-7-10-8-11-9-12-12-2-12	11-10-10-11-14-12-10-9-12-10-11-11	1-8-7-11-9-9-9-8-11-12-11-13	11-12-11-11-11-6-11-11-12-11-7-9	11-11-8-11-11-11-11-10-11-11-11-8	11-9-12-10-14-11-11-11-11-11-6-8	11-3-11-11-11-1-6-14-4-11-9-9
219	13	13-13-14-14-13-14-13-14-14-14-14-14	14-12-14-14-14-14-14-13-14-14-13-14	13-13-14-14-13-11-13-13-14-13-12-13	14-11-11-14-13-13-14-8-12-12-12-11	14-11-13-13-11-12-14-14-12-13-13-13	13-11-14-12-10-11-12-13-12-10-5-13	13-13-13-11-12-13-12-14-12-14-11-14	12-14-11-13-13-13-9-14-3-11-11-12	13-12-11-8-11-12-11-11-12-14-13-6	11-13-13-12-13-13-13-14-11-11-9-13	11-14-12-10-13-13-14-11-11-14-6-13	11-13-13-11-13-9-10-11-13-11-9-14
219	14	14-14-13-13-14-13-13-14-14-13-14-13	13-12-14-13-13-13-13-13-13-14-13-13	12-13-13-13-14-13-12-13-13-14-12-14	13-14-14-13-14-14-13-8-12-14-14-13	13-11-8-14-14-14-13-13-13-14-8-8	14-14-13-13-14-8-14-14-14-14-14-13	11-14-14-14-12-14-14-13-14-14-11-13	14-13-8-14-13-13-14-8-8-11-13-14	3-14-14-14-13-14-14-10-14-13-13-9	11-14-14-14-14-6-14-13-11-14-14-14	11-13-14-10-12-11-11-14-14-13-14-14	14-14-14-11-13-14-14-11-14-14-14-13
220	0	0-0-0-0-0-0-0-0-0-0-0-0	0-0-0-0-0-0-0-0-0-0-0-0	0-0-0-0-0-0-0-0-0-0-0-0	0-0-0-0-0-0-0-0-0-0-0-0	0-0-0-0-0-0-0-0-0-0-0-0	0-0-0-0-0-0-0-0-0-0-0-0	0-0-0-0-0-0-0-0-0-0-0-0	0-0-0-0-0-0-0-0-0-0-0-0	0-0-0-0-0-0-0-0-0-0-0-0	0-0-0-0-0-0-0-0-0-0-0-0	0-0-0-0-0-0-0-0-0-0-0-0	0-0-0-0-0-0-0-0-0-0-0-0
220	1	1-1-1-1-1-1-1-1-1-1-1-1	1-0-1-1-1-1-0-0-1-0-1-2	0-0-0-2-2-0-2-2-0-1-2-2	2-2-0-2-2-2-0-2-2-0-2-0	2-0-2-2-0-1-2-2-0-1-1-2	2-2-1-1-1-2-1-2-1-1-9-4	2-1-1-1-1-0-1-1-1-1-1-2	1-1-2-1-1-0-1-1-0-0-0-0	1-0-0-1-2-1-0-0-1-1-1-1	1-1-1-2-2-2-1-1-0-0-0-1	0-1-2-1-1-1-0-0-2-1-1-1	0-1-1-0-0-1-1-0-1-1-1-1
220	2	2-2-2-2-2-2-2-2-2-2-2-2	3-2-2-1-2-2-3-3-2-3-1-2	0-3-0-1-1-3-1-1-3-3-1-1	1-3-0-1-1-1-3-1-1-2-4-0	1-2-1-1-4-1-3-1-2-2-1-1	1-1-4-2-2-1-3-1-2-2-3-2	1-2-2-0-3-2-2-3-2-3-1-6	2-1-1-3-1-2-2-4-6-2-2-2	2-0-2-2-1-2-2-3-1-1-1-3	1-3-2-1-1-1-1-3-2-3-0-2	3-2-2-2-2-2-0-2-1-1-1-2	0-2-2-0-2-2-1-2-1-1-1-2
220	3	3-3-3-3-3-3-3-3-3-3-3-3	2-3-3-3-4-4-2-2-2-2-1-4	0-3-4-1-1-2-4-4-4-2-4-3	1-2-2-1-1-1-2-1-4-3-2-0	1-0-1-3-2-4-2-1-2-3-1-1	1-1-2-2-2-1-4-1-2-3-2-2	0-3-2-0-2-3-3-4-2-2-1-1	3-1-2-2-1-3-3-2-2-3-2-3	3-0-2-2-2-3-3-2-4-1-1-2	5-2-3-4-4-1-1-2-4-2-5-4	2-2-4-3-3-4-4-4-0-2-4-2	3-4-2-0-3-4-1-2-3-2-3-3
220	4	4-4-4-4-4-3-4-4-4-4-4-4	5-6-3-3-3-6-5-5-4-2-3-4	0-4-3-1-1-2-5-3-5-2-5-4	2-5-5-4-1-1-4-1-3-4-2-0	1-0-0-1-2-5-5-4-2-0-1-1	1-1-2-2-4-2-3-5-4-4-4-1	0-4-4-0-2-3-4-3-2-4-1-1	4-1-5-5-1-0-4-2-0-4-2-4	5-5-3-1-4-4-0-5-3-5-5-5	3-5-4-3-3-1-5-4-5-5-5-3	0-6-3-4-4-5-3-6-0-1-3-3	4-3-0-0-3-3-1-4-4-6-4-3
220	5	5-5-5-5-5-6-5-4-5-3-5-5	4-4-3-5-6-4-4-4-6-6-6-6	0-5-5-1-1-5-4-7-6-6-6-5	6-4-4-5-1-2-6-1-6-6-2-0	1-0-0-7-2-4-4-4-6-5-7-1	1-1-2-2-5-2-6-4-4-4-5-1	6-6-4-0-2-5-6-3-2-5-1-1	7-1-4-4-5-5-5-5-2-4-2-5	5-4-6-1-4-5-0-4-4-4-5-4	3-5-7-6-5-5-4-4-4-4-3-5	5-4-6-4-6-4-4-4-0-2-4-2	8-3-0-0-3-5-1-10-8-2-7-8
220	6	6-3-6-5-5-5-5-4-5-3-4-5	5-4-3-7-5-4-7-7-5-5-7-7	7-8-7-7-7-2-7-7-5-5-5-6	7-7-5-6-7-7-5-8-5-5-5-6	1-6-8-8-8-3-7-7-5-8-9-7	8-7-12-6-6-15-7-7-4-2-8-8	7-5-3-6-7-6-5-7-2-6-8-6	6-8-6-7-9-7-5-9-8-6-7-2	6-0-15-7-6-4-7-7-5-6-9-5	7-7-3-4-7-7-5-4-7-8-7-6	7-4-5-6-5-6-6-4-7-7-6-2	4-3-8-7-7-7-6-5-4-4-5-5
220	7	7-7-7-7-7-7-7-7-7-7-7-7	8-9-9-6-7-7-6-8-5-8-6-6	6-7-6-6-6-9-8-9-8-9-8-8	6-6-6-6-6-6-5-6-8-5-8-6	7-0-6-5-7-9-6-6-5-6-5-6	6-6-6-7-7-6-6-8-7-7-5-6	10-8-8-6-6-7-7-8-7-7-6-6	7-9-8-8-8-6-7-6-6-5-6-2	6-7-8-9-15-10-8-8-8-7-6-8	8-6-5-7-8-6-6-4-8-6-6-8	6-10-8-5-10-8-8-9-6-6-8-7	4-2-6-6-6-5-8-7-5-8-5-7
220	8	8-8-8-7-8-9-8-8-8-9-7-11	7-10-11-6-5-9-6-9-6-9-6-10	6-8-6-6-6-9-9-6-7-11-9-7	6-8-9-6-6-6-8-6-9-8-9-6	7-0-6-11-6-7-9-7-9-6-6-6	6-6-6-6-8-6-9-7-8-8-6-6	10-9-8-0-7-7-9-7-8-7-6-8	8-6-7-7-7-5-7-6-6-8-6-2	6-0-7-7-6-7-7-7-9-7-8-7	7-6-5-7-7-6-9-4-7-6-7-7	7-8-7-9-7-7-7-7-6-6-7-2	5-9-6-0-6-8-7-10-5-14-5-5
220	9	8-8-8-9-8-8-8-8-7-8-7-8	9-8-8-11-10-10-10-10-10-8-11-8	13-9-10-6-10-11-8-10-10-7-8-10	10-10-11-9-6-9-10-11-8-11-8-9	1-10-12-8-9-7-10-6-8-6-9-6	9-9-6-6-9-9-8-9-8-7-1-11	14-11-8-9-9-9-8-8-2-6-6-8	8-7-10-6-6-9-3-6-9-9-9-9	6-9-6-7-12-7-9-9-8-11-6-7	9-6-9-9-8-12-5-4-9-9-9-11	9-7-5-8-5-9-9-9-9-6-13-2	9-8-9-9-6-9-6-9-7-4-5-3
220	10	8-8-8-9-10-7-10-15-7-9-7-8	11-8-8-12-9-9-9-9-10-8-11-8	9-11-11-11-9-12-10-9-11-8-11-9	9-9-9-9-6-11-9-9-8-9-11-9	1-9-11-8-9-7-11-11-8-10-9-10	9-9-6-6-9-9-11-12-8-7-12-11	15-8-8-9-11-9-8-8-8-6-13-10	9-7-9-11-12-11-7-6-9-9-10-9	10-9-6-7-10-11-9-12-8-9-6-7	9-6-9-10-12-11-12-4-10-9-9-9	11-7-5-8-7-10-10-7-9-11-9-10	5-8-9-11-10-9-7-9-11-4-5-3
220	11	14-12-8-11-12-8-7-15-7-8-7-8	10-8-8-9-10-7-12-9-9-8-10-12	11-10-12-10-11-9-12-12-11-8-12-11	9-12-9-12-6-10-11-9-9-9-12-9	1-12-9-8-10-11-12-12-9-11-9-11	12-9-8-11-8-6-10-9-11-4-11-10	10-9-11-9-12-13-12-12-11-6-12-11	11-7-9-10-6-12-5-6-9-9-11-12	11-9-12-7-12-11-11-10-8-9-6-12	11-6-9-11-10-10-10-4-10-9-9-9	12-11-12-8-12-11-10-11-9-10-9-10	11-8-11-10-11-8-9-11-11-11-5-11
220	12	12-12-12-12-12-14-12-12-12-13-15-15	9-13-14-10-12-9-9-12-9-8-9-11	9-12-11-10-13-10-13-11-11-13-13-11	11-11-12-11-6-10-13-6-13-12-12-9	1-11-9-6-10-13-11-11-13-11-12-6	11-9-6-11-12-6-13-10-12-12-10-12	9-13-13-9-11-12-11-11-12-12-11-12	11-7-9-6-10-11-8-6-9-12-11-11	10-9-14-9-11-13-10-10-14-9-6-11	11-6-7-11-10-10-10-4-10-9-9-13	11-13-11-8-10-11-10-11-9-10-9-7	12-15-9-10-11-12-10-11-13-12-12-13
220	13	14-13-12-15-13-12-15-12-13-12-15-14	9-12-12-14-12-12-14-14-13-8-15-15	9-14-14-14-14-12-12-11-14-12-12-13	15-11-15-14-14-14-12-9-12-9-12-9	14-9-9-14-14-12-14-14-12-13-14-14	14-14-13-13-8-14-12-13-12-4-14-12	14-12-12-9-14-11-14-14-2-14-14-13	11-7-9-14-13-11-12-6-9-10-14-11	15-9-14-14-13-13-14-10-7-14-14-7	9-14-9-12-14-14-14-4-14-9-14-12	13-12-11-8-12-11-10-13-14-14-9-10	14-14-9-14-14-12-13-11-12-11-5-12
220	14	14-14-14-14-14-15-14-14-14-13-14-13	14-15-12-13-12-14-15-13-13-8-13-15	9-13-13-13-13-15-13-11-13-12-8-13	13-11-12-13-13-13-12-13-14-12-12-9	13-9-9-13-13-14-13-13-14-13-13-13	13-13-13-13-8-13-13-12-14-14-13-14	13-12-8-9-14-14-14-13-14-13-13-14	14-15-9-13-13-11-8-6-9-14-13-11	10-9-13-13-6-13-13-10-14-13-13-14	13-13-9-11-13-14-13-4-13-9-13-14	10-15-11-8-10-11-10-9-9-13-9-15	13-13-9-13-13-12-14-14-12-8-14-14
220	15	15-15-15-15-15-15-14-15-15-15-15-15	14-14-15-13-15-14-14-13-13-15-13-13	14-14-15-15-15-14-15-15-13-15-15-14	13-15-13-15-15-15-13-15-14-15-15-9	15-9-15-15-11-15-13-15-14-15-13-13	15-15-15-13-15-6-14-15-15-15-15-14	13-15-15-15-14-15-15-14-15-15-13-14	15-15-13-15-15-11-8-9-9-13-9-15	13-15-6-15-7-15-15-10-15-13-13-14	9-15-15-15-15-15-15-13-10-15-15-15	11-14-15-8-4-9-10-15-15-15-15-14	13-15-15-9-14-15-15-11-15-15-15-12
221	0	0-0-0-0-0-0-0-0-0-0-0-0	0-0-0-0-0-0-0-0-0-0-0-0	0-0-0-0-0-0-0-0-0-0-0-0	0-0-0-0-0-0-0-0-0-0-0-0	0-0-0-0-0-0-0-0-0-0-0-0	0-0-0-0-0-0-0-0-0-0-0-0	0-0-0-0-0-0-0-0-0-0-0-0	0-0-0-0-0-0-0-0-0-0-0-0	0-0-0-0-0-0-0-0-0-0-0-0	0-0-0-0-0-0-0-0-0-0-0-0	0-0-0-0-0-0-0-0-0-0-0-0	0-0-0-0-0-0-0-0-0-0-0-0
221	1	1-1-1-1-1-1-1-1-1-1-1-1	1-0-2-1-2-2-2-2-1-2-1-2	1-2-1-1-1-2-1-2-1-0-1-1	2-2-0-1-1-2-0-1-0-0-0-1	0-5-2-0-2-0-2-2-0-1-1-5	1-2-2-1-1-4-0-1-0-0-0-2	2-0-1-1-2-0-7-2-0-0-9-2	1-1-1-2-1-0-1-0-1-2-1-2	2-2-2-0-1-1-4-2-1-1-2-0	0-2-1-0-1-4-2-1-2-2-2-1	5-0-1-0-0-2-2-5-7-1-1-1	1-0-1-5-2-4-1-2-1-1-1-1
221	2	1-2-1-2-2-1-1-1-2-2-2-1	1-0-1-2-1-1-1-1-1-1-2-1	4-1-1-1-4-1-4-1-3-1-3-2	3-1-3-3-4-4-0-2-3-0-3-1	3-1-4-4-1-2-3-3-0-2-4-3	2-5-3-1-1-1-3-3-0-0-8-3	5-2-1-1-1-0-0-3-0-2-4-1	2-2-2-1-2-2-1-2-1-1-1-1	1-1-1-2-2-0-1-3-0-1-1-0	1-1-0-0-3-2-1-0-1-1-1-2	1-1-0-0-3-1-1-1-1-2-2-2	1-2-2-2-1-0-2-1-0-3-3-2
221	3	3-3-1-3-3-3-3-3-3-3-3-3	4-3-1-2-3-1-1-4-3-4-2-3	2-4-2-2-2-6-2-4-2-4-2-2	2-4-2-4-2-2-3-2-2-3-2-2	2-1-2-2-4-2-4-2-4-3-2-2	2-2-5-3-3-1-4-2-4-3-9-3	5-3-3-3-4-3-4-4-3-3-4-10	3-2-10-4-3-2-0-4-10-1-5-1	3-6-4-3-3-5-1-2-0-1-1-7	4-3-3-4-2-4-2-1-1-4-2-2	3-3-3-0-2-3-1-3-4-7-2-3	3-3-1-3-3-3-3-3-2-2-3-2
221	4	4-4-4-4-4-4-4-4-4-4-4-4	3-6-5-2-7-4-1-3-3-3-2-3	2-3-3-6-2-3-5-4-2-3-5-5	2-3-2-3-2-2-5-2-5-4-2-1	2-1-2-2-3-6-3-3-3-2-2-2	2-2-3-1-3-1-5-3-3-0-0-4	3-4-6-1-3-7-3-5-0-3-3-3	4-2-5-5-4-4-4-3-3-1-3-3	4-4-3-3-1-3-1-2-5-4-1-4	3-1-5-5-2-1-5-4-5-3-1-2	1-5-5-0-3-5-6-9-3-1-6-3	5-3-2-3-2-1-3-5-6-5-5-6
221	5	5-5-5-4-5-4-5-5-4-4-5-5	6-6-4-2-4-5-1-6-3-6-5-5	6-5-1-6-2-3-6-6-6-3-6-6	6-3-6-7-2-2-4-2-6-6-3-1	2-1-2-6-3-4-6-5-6-1-2-2	2-2-3-3-5-1-6-6-5-6-10-4	3-4-10-1-3-5-6-6-10-6-3-3	5-2-4-4-4-6-4-3-3-6-3-5	4-3-3-3-7-3-1-2-4-6-7-4	4-1-4-6-2-6-6-5-4-1-1-5	1-4-13-7-10-4-1-7-3-1-5-4	4-2-2-1-9-9-3-9-11-6-6-4
221	6	6-5-5-4-6-4-5-5-6-4-7-5	5-5-4-2-4-5-7-7-7-5-7-5	5-7-7-7-7-3-7-5-8-7-5-7	7-7-8-6-7-7-4-10-5-5-3-8	7-6-13-11-3-4-7-7-5-11-13-7	7-7-7-6-6-13-5-5-5-5-7-7	3-4-4-1-3-4-5-5-5-6-3-7	5-8-7-7-7-7-13-8-3-3-6-7	11-3-12-7-6-8-1-7-6-5-8-4	13-3-12-5-7-5-10-5-6-7-7-7	1-3-4-7-5-8-4-6-3-6-6-3	4-6-2-6-7-6-3-4-5-5-5-4
221	7	7-7-7-7-7-7-7-7-7-4-6-8	3-8-8-2-8-5-6-8-6-8-6-8	6-6-6-6-5-6-6-8-6-9-8-6	6-7-6-6-6-6-8-6-8-8-8-6	6-1-6-6-9-8-6-6-7-6-6-6	6-6-6-3-10-6-8-7-5-7-6-6	3-7-7-1-10-4-8-7-5-11-1-6	8-8-6-6-7-6-10-10-3-7-6-6	6-7-3-6-5-7-1-6-10-5-8-9	7-1-7-7-6-5-8-5-1-7-6-6	7-7-5-5-13-6-7-5-9-3-8-7	7-6-6-6-6-10-8-5-7-10-10-7
221	8	7-8-5-8-7-7-7-9-7-8-7-7	8-7-7-11-7-5-12-9-11-7-9-9	11-9-9-8-8-9-10-9-9-8-7-10	9-9-9-9-6-9-9-6-7-7-9-6	2-11-6-6-12-7-9-9-7-8-8-9	9-8-6-8-7-6-7-9-8-5-2-9	8-6-7-8-9-8-7-9-9-6-8-8	11-7-11-6-7-11-7-6-7-8-9-10	10-10-7-8-8-9-8-10-7-10-6-8	10-10-6-9-9-8-7-7-8-10-8-6	8-7-12-9-10-10-10-8-10-3-7-8	9-3-2-6-6-7-7-12-8-7-7-7
221	9	10-10-10-11-11-11-10-10-10-11-9-11	10-7-10-10-11-11-10-9-12-10-10-11	9-8-8-10-8-10-8-8-10-10-8-9	8-8-8-10-10-8-8-6-7-7-8-8	12-8-11-6-10-9-10-10-7-9-8-8	9-9-6-12-7-12-7-8-9-5-3-9	8-11-9-3-8-9-5-8-9-12-11-13	3-9-8-9-10-12-7-7-9-8-8-8	9-9-9-5-13-12-13-9-7-13-9-7	9-9-6-8-9-13-11-9-11-11-8-9	11-11-11-9-11-10-9-11-10-9-6-9	13-13-9-9-10-7-7-11-9-9-7-7
221	10	9-9-9-9-9-9-9-9-9-9-9-9	9-7-9-8-11-9-9-8-11-9-9-9	8-8-9-9-11-11-11-9-9-9-13-8	11-11-11-9-11-8-11-6-11-11-8-8	9-8-6-6-9-11-9-11-7-12-6-6	11-11-11-10-7-6-7-11-9-0-5-11	12-11-7-3-11-9-5-11-5-13-11-11	5-10-3-11-11-8-7-7-3-8-8-8	8-8-3-11-12-7-9-11-11-8-11-11	8-12-6-11-11-12-6-5-11-8-6-10	8-10-5-7-5-8-8-9-8-10-11-10	4-10-9-6-9-7-10-8-7-7-7-4
221	11	9-9-9-9-9-9-9-11-12-9-12-9	9-12-12-8-9-9-9-9-9-9-10-9	13-12-8-9-10-10-10-11-9-12-12-13	10-10-10-8-10-10-13-6-12-12-12-8	9-8-9-6-3-12-10-10-12-10-6-6	10-10-10-9-11-9-12-8-11-5-6-10	13-12-7-8-10-11-12-10-0-7-10-10	8-12-8-10-10-8-7-10-3-10-9-8	8-10-10-10-11-9-9-10-12-11-10-10	8-10-11-10-10-9-9-5-10-8-6-10	9-12-9-13-9-9-8-9-8-10-10-11	9-10-2-6-13-7-10-9-12-9-11-7
221	12	9-11-11-11-9-9-11-9-11-13-11-11	9-11-11-9-9-9-9-8-9-9-13-11	12-11-9-9-12-10-11-10-8-11-11-11	12-8-12-13-10-12-11-6-11-11-11-12	9-12-12-6-12-11-13-13-11-10-6-12	10-10-10-12-12-9-11-12-9-5-2-10	13-11-9-12-11-12-11-7-5-12-12-10	10-11-12-10-10-9-7-10-13-8-12-8	12-8-12-10-10-9-12-10-11-11-10-11	12-12-12-8-11-10-12-5-12-12-12-10	9-10-8-11-7-12-12-12-12-10-12-3	12-10-12-12-12-7-12-8-11-12-11-7
221	13	13-13-13-13-13-13-9-13-13-13-13-13	9-11-13-8-13-9-9-12-9-13-12-9	11-11-13-9-13-13-13-13-9-13-10-11	12-13-12-12-13-13-11-13-11-13-13-12	13-8-13-13-13-13-12-12-11-13-6-6	13-13-13-13-13-6-11-13-13-13-13-10	12-13-13-13-11-13-11-11-13-13-12-11	13-13-11-13-13-9-7-10-12-13-12-8	12-13-13-13-9-13-13-11-13-9-12-4	12-13-13-13-13-9-13-9-12-13-13-13	9-13-5-11-7-12-12-13-13-13-13-13	9-13-13-11-11-13-13-8-13-13-13-7
222	0	0-0-0-0-0-0-0-0-0-0-0-0	0-0-0-0-0-0-0-0-0-0-0-0	0-0-0-0-0-0-0-0-0-0-0-0	0-0-0-0-0-0-0-0-0-0-0-0	0-0-0-0-0-0-0-0-0-0-0-0	0-0-0-0-0-0-0-0-0-0-0-0	0-0-0-0-0-0-0-0-0-0-0-0	0-0-0-0-0-0-0-0-0-0-0-0	0-0-0-0-0-0-0-0-0-0-0-0	0-0-0-0-0-0-0-0-0-0-0-0	0-0-0-0-0-0-0-0-0-0-0-0	0-0-0-0-0-0-0-0-0-0-0-0
222	1	1-1-1-1-1-1-1-1-1-1-1-1	1-1-1-1-1-1-2-2-2-1-1-2	2-2-0-0-0-0-0-0-0-0-0-0	2-2-0-0-1-1-0-1-0-5-0-5	0-8-1-0-1-0-2-1-0-0-0-0	0-1-0-0-2-0-1-1-1-1-1-0	1-1-1-1-0-1-0-0-1-0-1-1	1-1-1-1-1-1-1-0-1-1-0-0	1-2-0-1-1-0-1-0-1-1-0-1	1-1-1-2-0-1-1-1-1-1-1-1	0-1-1-0-1-1-1-0-0-1-1-1	1-1-1-0-0-1-1-0-1-0-0-1
222	2	1-2-2-2-2-2-2-2-2-2-2-2	1-1-1-2-2-3-1-1-1-1-2-1	1-1-0-4-3-3-3-1-3-2-3-2	3-1-1-3-3-3-0-5-3-0-3-1	3-1-7-3-2-2-1-3-2-4-4-2	2-5-3-2-1-4-2-3-2-2-4-5	4-2-2-1-2-1-2-3-2-2-3-3	1-2-4-2-2-1-1-3-2-1-3-0	0-1-2-2-3-2-0-3-1-2-2-3	3-2-1-3-3-3-2-2-2-1-1-2	0-2-3-0-3-1-1-0-0-2-2-1	0-2-5-0-0-3-2-0-1-3-3-2
222	3	3-3-2-3-3-3-3-3-3-3-3-3	4-3-3-2-3-3-4-3-3-4-2-3	6-4-0-2-2-8-2-4-2-3-4-2	5-4-2-2-2-2-3-2-2-3-2-1	2-1-1-2-4-2-4-2-3-3-2-2	4-4-5-3-3-2-4-2-3-3-3-3	2-3-3-3-4-1-3-4-3-4-2-4	3-2-2-4-3-1-3-4-6-0-5-3	3-7-3-3-2-3-3-4-1-2-2-2	4-3-1-2-2-2-2-3-3-6-1-2	3-3-2-0-2-3-1-3-6-4-3-3	3-4-3-4-3-3-3-3-1-4-2-2
222	4	4-4-4-4-3-4-4-4-4-4-5-4	3-4-5-2-3-4-3-5-3-3-2-5	2-3-2-2-2-3-5-6-2-6-5-5	3-3-5-2-2-2-5-2-2-4-6-1	2-1-2-2-3-6-3-5-3-7-2-2	3-3-3-3-3-2-5-5-3-4-4-4	2-2-5-1-3-1-5-5-4-3-2-3	1-2-2-3-2-1-4-3-5-5-3-4	4-3-3-3-4-3-4-3-5-4-5-5	3-3-4-6-2-4-5-3-2-3-1-2	6-3-8-4-5-4-8-8-3-5-3-5	6-3-2-3-0-4-2-4-6-6-4-4
222	5	5-5-5-5-5-5-5-4-7-5-5-5	4-4-4-2-6-6-7-4-3-3-2-4	3-5-5-4-6-3-4-7-6-3-6-4	3-7-6-6-2-7-5-2-6-6-4-1	2-0-1-8-3-4-5-6-6-7-2-2	2-3-3-3-5-2-6-4-5-5-6-3	1-2-4-1-3-1-6-4-5-5-0-3	1-2-2-4-3-1-7-3-4-4-3-3	6-3-4-3-5-3-1-3-4-5-4-6	3-3-5-4-2-5-4-6-2-1-1-2	3-3-4-6-4-8-1-8-8-4-3-4	9-3-8-13-0-5-2-4-4-4-6-6
222	6	5-4-5-6-5-6-5-6-5-6-6-6	7-4-4-10-8-6-8-8-8-8-6-7	3-6-7-7-7-4-7-7-5-4-5-6	7-7-5-7-2-3-7-2-5-5-4-1	7-1-2-12-3-4-7-5-8-6-11-2	3-3-7-3-5-2-5-7-5-6-5-7	1-2-4-1-3-1-5-5-5-5-2-3	1-2-2-3-6-1-5-3-3-11-7-6	5-4-3-6-11-7-7-7-6-8-7-8	3-3-6-4-2-13-5-6-2-3-1-2	6-6-6-5-5-7-8-6-3-6-8-3	6-8-6-7-6-6-6-6-4-6-5-5
222	7	7-8-5-7-7-7-5-7-5-8-7-6	6-8-4-2-5-6-11-8-6-3-8-6	3-7-9-8-8-9-8-6-8-8-6-8	6-8-8-6-11-10-6-10-6-8-4-6	6-4-2-11-3-4-6-5-6-11-6-7	3-2-8-8-7-10-5-6-7-8-5-7	2-7-7-1-3-1-7-4-10-11-2-3	8-7-11-6-6-1-5-3-3-7-6-8	8-3-3-3-11-6-3-6-6-6-7-6	7-3-7-4-2-6-5-12-7-3-1-12	6-6-9-5-5-6-7-3-3-6-6-3	6-3-6-6-6-6-8-6-4-6-5-5
222	8	7-7-8-7-10-9-8-9-8-7-7-5	3-7-4-2-6-6-9-7-6-6-9-7	9-9-10-10-7-3-9-9-9-7-9-9	9-9-9-9-7-9-6-11-6-7-7-1	10-1-10-7-3-4-9-9-6-7-9-9	9-10-9-7-7-10-5-6-5-7-3-9	1-7-7-1-3-1-9-9-7-3-9-3	7-7-13-9-9-1-5-3-3-7-8-8	9-3-3-9-8-6-9-9-6-6-8-6	9-3-12-4-9-6-9-7-8-10-9-8	10-6-4-8-6-11-9-4-9-8-6-11	6-6-5-9-8-6-7-6-4-6-5-4
222	9	9-11-9-9-9-10-9-10-9-9-9-9	9-11-9-8-6-10-8-10-6-10-8-9	8-8-8-7-7-10-10-8-8-9-10-8	8-10-8-8-7-8-6-2-10-11-10-1	8-1-1-8-3-11-8-8-9-7-8-8	8-8-11-7-12-8-10-10-9-9-8-8	11-9-9-1-11-9-11-11-7-7-8-6	9-11-8-10-8-1-10-5-3-11-8-9	8-10-3-8-9-6-8-8-10-11-10-10	10-8-9-9-8-7-10-7-10-3-8-10	8-6-13-12-10-10-10-9-8-8-6-10	5-13-6-8-8-9-7-9-8-9-5-9
222	10	10-10-9-10-10-9-11-10-10-10-10-11	11-11-11-6-11-9-7-9-8-9-8-11	13-11-8-8-8-9-9-10-8-12-11-10	7-9-11-6-8-8-10-7-11-11-11-1	8-0-8-11-3-9-11-10-11-7-8-8	8-8-9-7-10-8-11-9-10-10-6-8	1-11-10-1-11-1-11-9-7-10-0-6	1-8-6-9-8-1-9-8-3-13-9-9	8-9-11-8-10-6-0-8-10-10-9-9	9-9-10-9-8-7-9-10-9-8-8-9	8-9-10-10-11-9-9-13-0-10-6-9	6-9-2-8-8-8-9-10-12-6-5-9
222	11	12-9-10-9-11-9-10-10-10-10-9-10	10-10-10-2-10-9-7-10-6-9-8-10	11-10-12-7-11-11-10-11-8-10-10-10	11-12-10-12-7-12-10-8-10-10-10-12	8-12-11-10-12-9-10-12-10-7-8-8	13-12-9-11-11-13-10-12-10-7-7-12	12-10-9-13-9-12-10-9-7-7-11-3	1-9-12-11-11-1-9-12-3-12-11-12	11-11-13-8-12-6-11-11-6-11-13-6	11-11-8-12-8-6-10-7-12-12-11-2	11-4-11-9-10-11-11-11-11-11-6-3	11-6-11-11-11-6-7-11-10-11-5-9
222	12	11-13-13-12-12-9-10-13-10-13-10-13	13-10-10-13-7-9-13-13-13-9-13-13	12-12-13-13-12-13-12-12-8-10-12-12	13-11-11-12-12-11-10-2-10-10-12-13	12-11-11-6-11-12-13-13-10-7-12-12	12-11-13-11-10-11-11-12-10-10-12-13	12-10-9-11-11-11-10-13-7-13-12-12	12-12-11-12-12-13-9-12-3-11-12-11	12-9-11-12-12-12-11-12-6-12-12-6	12-12-8-11-12-12-12-7-11-11-11-7	12-12-12-9-12-12-11-12-12-12-6-12	11-12-11-12-12-6-7-11-10-12-12-12
222	13	13-13-12-13-13-13-13-13-13-12-13-13	12-10-13-12-13-13-12-12-13-13-12-12	10-13-13-12-13-12-12-13-12-13-13-12	12-13-13-13-13-13-10-13-13-13-13-12	12-11-13-13-13-13-12-12-10-13-12-8	13-13-12-13-13-11-13-13-13-13-13-12	12-13-13-13-9-13-9-12-13-13-12-12	13-13-12-13-13-12-13-12-11-10-12-13	12-13-11-13-12-13-13-12-13-6-12-6	11-13-13-13-13-6-13-12-11-13-13-13	13-13-13-10-12-6-11-13-13-13-13-13	13-9-13-11-10-13-13-11-13-13-13-13
223	0	0-0-0-0-0-0-0-0-0-0-0-0	0-0-0-0-0-0-0-0-0-0-0-0	0-0-0-0-0-0-0-0-0-0-0-0	0-0-0-0-0-0-0-0-0-0-0-0	0-0-0-0-0-0-0-0-0-0-0-0	0-0-0-0-0-0-0-0-0-0-0-0	0-0-0-0-0-0-0-0-0-0-0-0	0-0-0-0-0-0-0-0-0-0-0-0	0-0-0-0-0-0-0-0-0-0-0-0	0-0-0-0-0-0-0-0-0-0-0-0	0-0-0-0-0-0-0-0-0-0-0-0	0-0-0-0-0-0-0-0-0-0-0-0
223	1	1-1-0-1-1-1-1-1-1-1-1-1	1-0-0-1-0-0-1-0-1-0-0-0	1-1-1-0-1-0-1-0-0-0-0-0	2-2-2-1-2-2-0-1-0-0-0-9	0-9-6-0-3-0-0-1-0-0-1-1	1-2-0-1-1-1-0-1-0-0-0-2	0-0-0-6-1-0-0-2-0-1-9-0	1-1-1-2-1-1-0-0-1-1-1-1	1-1-1-2-1-0-1-1-0-1-1-0	0-1-1-1-0-0-0-1-1-3-1-0	1-0-1-2-0-1-1-1-6-1-1-1	1-2-1-1-1-0-1-1-0-1-1-0
223	2	2-2-2-2-2-2-2-3-2-2-2-2	3-3-2-3-3-3-3-2-3-2-3-3	2-3-2-3-3-3-2-3-3-3-2-2	3-3-4-3-1-1-4-1-3-3-3-1	8-1-2-4-1-2-2-2-3-3-5-1	3-1-3-2-2-5-2-4-2-2-0-1	9-2-3-2-3-2-4-3-2-2-1-3	2-2-3-1-2-5-2-2-2-2-2-3	2-1-2-2-2-4-1-1-5-4-2-2	3-9-3-2-3-2-2-2-1-2-9-2	2-3-14-4-9-2-2-3-2-2-4-2	3-2-2-1-3-3-2-3-2-2-6-2
223	3	2-2-2-2-2-2-2-2-2-2-2-2	2-2-2-3-2-2-2-3-2-2-2-2	3-2-4-4-4-4-4-4-2-2-3-2	4-2-2-4-4-4-2-4-2-2-4-1	4-1-4-5-1-3-4-3-2-2-2-4	2-4-3-3-3-6-3-2-2-2-7-3	3-2-2-1-2-3-2-4-2-4-4-3	2-3-2-3-3-2-2-4-3-8-4-2	2-1-2-3-10-2-4-5-2-11-4-2	2-2-2-2-6-3-5-2-1-1-4-4	2-2-2-2-2-2-1-2-2-4-2-3	2-3-4-1-2-2-3-2-2-2-2-2
223	4	2-2-2-2-2-2-2-2-3-2-2-2	2-2-2-3-2-2-3-5-4-5-3-5	8-5-3-3-3-8-5-3-2-5-5-3	3-5-2-3-3-3-2-3-2-4-5-1	3-1-3-3-5-4-5-3-4-4-3-3	8-5-6-7-4-3-5-2-4-4-8-4	3-4-7-4-5-4-2-3-4-4-3-7	4-3-5-5-3-2-2-6-4-4-3-2	4-1-4-4-4-2-3-3-2-2-3-9	3-4-4-2-3-3-4-2-1-1-4-3	5-2-2-2-4-4-1-2-4-4-2-4	2-4-3-4-4-2-3-2-0-4-4-2
223	5	2-5-3-5-5-5-5-2-5-2-2-2	2-10-6-3-2-2-3-4-4-4-3-4	3-5-3-3-3-4-6-7-2-4-6-6	4-4-5-3-3-3-2-3-6-6-4-1	3-1-3-3-4-6-4-4-4-2-2-3	2-4-4-4-4-2-4-6-4-7-0-5	4-5-7-1-4-5-6-6-5-5-3-3	5-13-4-6-3-2-6-4-4-5-3-2	4-1-4-4-4-2-3-6-6-3-5-6	6-4-5-5-3-4-3-6-6-2-6-3	6-2-6-2-2-6-6-2-4-4-2-4	2-4-1-4-2-2-3-2-2-2-14-2
223	6	6-7-6-5-2-7-6-6-2-7-7-7	2-7-5-3-2-2-2-7-3-7-3-7	3-6-3-3-7-4-7-6-2-4-7-5	6-7-7-7-3-3-6-3-6-7-7-1	3-1-1-6-4-5-7-6-7-2-2-3	4-4-4-4-6-3-7-5-6-8-7-4	4-5-8-1-5-6-5-5-6-6-3-6	2-5-5-5-3-2-5-4-4-7-3-2	4-1-4-4-6-4-1-5-5-8-6-5	5-4-6-7-3-7-3-5-5-1-5-5	5-4-5-8-2-5-5-2-1-4-2-4	2-6-1-8-7-2-3-2-2-2-2-2
223	7	2-6-8-9-7-6-5-7-7-6-6-6	6-6-6-7-9-2-3-6-9-6-9-6	4-7-8-8-7-9-6-8-8-7-6-7	8-8-8-8-7-8-7-3-8-6-6-1	9-4-9-10-7-5-6-8-6-9-8-8	11-9-7-4-8-2-6-7-6-5-6-7	3-6-5-2-4-6-4-8-4-6-13-4	2-5-7-7-7-7-6-7-4-6-7-2	4-1-4-4-7-7-7-7-7-6-7-7	7-4-7-6-7-7-8-6-1-1-6-7	9-2-2-6-6-2-1-5-4-7-9-4	2-6-3-6-4-2-3-2-5-2-5-2
223	8	8-8-7-8-7-8-6-14-8-2-8-7	2-6-5-9-2-9-9-9-7-6-9-9	11-8-7-9-9-9-9-9-9-9-9-9	7-7-7-9-9-9-7-9-9-8-8-1	11-1-7-11-9-8-9-9-9-8-7-7	4-7-4-4-7-9-9-8-4-6-4-4	12-9-6-1-9-12-9-8-4-8-7-9	2-9-13-9-8-8-5-13-4-3-7-2	4-1-9-9-6-7-8-7-7-6-11-8	7-4-7-7-8-8-7-2-9-1-2-11	7-2-2-6-2-11-1-2-4-7-2-4	2-6-9-6-2-2-3-2-0-2-2-13
223	9	9-9-9-7-9-9-10-9-9-6-9-9	2-10-10-8-7-8-8-8-7-6-7-8	8-8-8-8-8-8-8-8-8-8-8-8	8-9-9-8-8-8-7-8-8-9-9-1	7-1-7-9-8-8-8-8-10-7-7-7	4-7-11-9-9-8-10-9-9-9-7-9	2-8-10-1-8-9-14-7-6-11-1-8	2-8-7-8-10-9-12-7-4-3-2-2	2-1-8-8-11-7-1-7-9-6-10-5	2-2-7-9-3-8-7-12-8-2-2-8	7-2-2-6-2-8-1-2-1-7-7-4	12-6-8-1-14-2-14-2-12-2-12-2
223	10	11-11-10-11-11-11-12-11-11-11-14-11	11-9-11-8-13-13-12-10-13-12-11-11	10-8-11-11-10-11-10-10-11-8-10-10	11-10-11-10-8-11-11-10-9-10-9-10	8-11-11-8-11-9-11-11-9-10-12-10	12-11-9-10-9-12-9-12-9-9-10-9	10-8-9-1-10-10-8-11-6-8-13-11	13-8-12-11-9-11-9-13-8-13-13-12	11-13-2-8-3-10-10-12-9-13-8-9	12-2-7-13-12-8-11-14-13-11-11-8	12-2-11-6-11-11-11-12-12-7-7-4	2-6-10-14-12-2-8-13-11-12-7-8
223	11	11-10-11-11-12-12-10-10-10-10-12-10	10-12-12-8-10-10-10-12-10-10-10-12	8-11-10-8-8-10-10-10-10-8-12-8	10-10-10-10-8-10-10-8-12-13-12-1	8-10-10-8-10-12-10-10-13-10-11-7	10-7-9-10-9-8-12-13-13-13-7-11	13-8-11-1-10-11-13-10-6-13-10-13	10-8-10-10-9-10-9-7-4-11-10-10	10-10-13-8-9-11-1-10-12-3-8-9	10-4-11-12-3-8-7-6-8-10-10-8	10-12-10-6-10-10-10-10-10-4-7-5	12-6-10-14-10-2-8-10-10-10-11-2
223	12	11-11-14-12-11-11-10-11-12-14-11-10	11-11-11-8-10-10-10-11-10-10-10-11	12-12-10-14-13-10-13-10-10-8-11-12	12-10-10-12-8-13-10-8-11-11-13-1	12-10-10-12-10-11-13-12-11-10-10-12	10-12-13-12-9-10-11-10-6-0-4-13	14-8-11-13-11-8-12-10-6-13-12-13	10-8-10-12-12-10-9-7-4-10-7-10	4-10-4-13-13-2-1-10-11-11-12-5	10-12-12-11-10-8-12-9-1-10-12-8	10-11-2-6-2-10-10-10-10-7-7-4	11-12-12-12-10-2-12-10-9-10-11-8
223	13	13-11-10-9-11-11-10-10-10-13-10-11	11-11-10-8-10-10-10-14-10-10-10-14	13-13-10-12-12-10-12-13-10-8-13-13	12-13-12-13-12-12-10-8-12-11-12-1	12-13-12-12-10-11-14-13-11-13-13-12	12-10-12-13-9-14-11-11-11-11-0-12	11-12-11-12-13-13-11-14-6-12-7-11	10-5-8-12-12-14-9-12-8-10-10-13	13-10-11-12-12-10-13-13-7-10-12-7	10-12-13-13-12-12-12-10-13-10-13-8	13-11-2-6-9-13-13-10-13-7-7-13	13-12-13-12-13-2-12-10-13-13-5-8
223	14	14-14-14-14-14-14-14-14-14-10-14-14	11-11-14-8-14-10-10-13-10-14-13-13	13-13-14-12-14-14-14-14-10-14-14-13	14-14-14-14-14-14-10-14-14-14-14-13	12-10-14-14-10-14-13-13-11-14-8-12	14-14-12-12-14-13-11-14-14-14-14-14	12-14-14-14-13-14-9-13-14-14-7-14	14-14-12-14-14-13-8-12-8-14-10-13	4-14-14-14-12-14-14-11-14-10-12-13	7-14-14-14-14-8-14-10-14-14-13-14	10-11-2-6-9-14-13-10-14-14-14-14	14-14-14-11-12-14-14-10-14-14-14-14
224	0	0-0-0-0-0-0-0-0-0-0-0-0	0-0-0-0-0-0-0-0-0-0-0-0	0-0-0-0-0-0-0-0-0-0-0-0	0-0-0-0-0-0-0-0-0-0-0-0	0-0-0-0-0-0-0-0-0-0-0-0	0-0-0-0-0-0-0-0-0-0-0-0	0-0-0-0-0-0-0-0-0-0-0-0	0-0-0-0-0-0-0-0-0-0-0-0	0-0-0-0-0-0-0-0-0-0-0-0	0-0-0-0-0-0-0-0-0-0-0-0	0-0-0-0-0-0-0-0-0-0-0-0	0-0-0-0-0-0-0-0-0-0-0-0
224	1	0-1-0-0-0-1-0-1-0-0-1-1	1-0-0-0-0-0-1-0-0-0-0-3	0-0-0-0-0-0-2-0-0-0-0-0	2-0-0-0-0-0-0-0-0-0-0-1	0-6-6-0-0-0-2-0-0-0-0-0	0-0-0-0-0-0-0-0-1-1-0-2	1-0-0-1-1-1-0-0-1-0-1-0	0-1-1-1-1-0-0-0-1-0-0-0	0-0-1-1-6-0-1-1-0-1-1-0	0-1-1-0-0-1-1-0-3-0-0-0	3-0-0-0-0-1-0-1-3-1-1-1	6-1-1-1-3-0-1-1-0-1-0-0
224	2	0-2-0-2-3-1-2-2-2-3-2-2	3-1-0-0-0-2-3-3-2-2-0-1	3-3-3-0-2-2-3-0-2-0-1-2	3-3-3-0-0-0-2-2-2-0-0-3	0-0-14-0-3-0-3-2-0-0-2-0	3-2-0-0-0-6-2-0-1-2-2-1	6-0-0-2-3-2-0-0-2-0-2-2	2-0-0-2-2-3-0-1-2-2-0-0	2-7-1-1-0-0-2-1-6-2-2-2	2-2-1-3-2-2-1-0-5-3-3-0	1-2-0-0-2-2-0-1-2-2-2-2	4-2-2-2-1-0-2-0-0-2-2-0
224	3	3-3-3-3-3-3-3-3-3-3-3-3	3-3-0-4-3-2-2-2-2-3-3-1	2-2-4-4-3-4-4-4-2-3-4-3	4-2-2-4-3-4-2-6-3-0-3-2	4-1-2-5-2-3-2-3-3-3-4-3	6-7-3-3-3-0-3-4-3-3-3-4	3-3-3-1-3-3-3-4-3-3-4-3	2-3-5-3-3-2-3-3-2-0-3-0	2-2-2-3-4-3-1-4-5-3-3-3	3-3-0-2-3-4-3-3-1-2-2-4	1-3-4-0-4-2-0-1-1-3-3-3	1-3-6-1-1-3-3-1-4-4-0-3
224	4	5-4-3-4-4-4-4-4-4-4-4-4	5-4-4-3-4-5-5-4-4-5-4-4	7-5-3-3-3-9-3-5-6-4-5-3	3-5-3-3-3-3-4-3-3-4-3-2	3-4-2-3-5-3-5-5-4-4-6-3	3-6-6-5-4-0-5-3-4-4-13-4	2-4-4-2-5-4-5-5-4-5-3-5	4-3-3-5-4-2-5-6-13-4-4-0	4-0-7-4-3-6-2-5-10-4-3-3	5-4-4-5-3-3-4-5-1-2-2-3	4-4-3-0-3-4-0-5-1-3-5-4	4-4-2-2-4-4-4-4-3-5-2-3
224	5	5-5-5-5-5-5-5-5-5-5-5-5	4-5-6-3-4-4-4-6-4-4-6-6	2-4-2-3-3-4-6-7-6-7-6-6	4-4-6-4-3-3-6-3-3-6-7-2	3-8-2-3-4-7-4-4-4-8-4-4	3-4-4-4-4-0-6-6-4-5-3-5	3-3-7-2-4-7-6-4-5-5-3-4	6-3-3-4-5-2-5-4-6-6-4-0	5-2-4-4-5-5-1-4-3-5-6-4	4-4-5-7-3-5-6-3-2-4-2-6	1-4-9-5-6-5-0-4-1-6-4-6	7-4-2-2-1-8-4-5-9-4-5-4
224	6	6-6-6-6-6-6-6-6-7-6-6-6	7-9-5-3-9-7-2-8-4-4-7-5	0-6-3-3-7-4-5-6-7-4-7-5	4-5-7-7-3-8-6-3-6-5-5-1	3-1-2-6-4-5-6-7-7-4-4-4	3-4-4-4-6-2-7-5-6-6-7-4	2-3-6-1-4-4-6-7-6-6-1-4	5-3-3-5-4-2-8-4-5-5-4-0	2-2-4-4-1-4-1-4-2-10-5-5	11-4-6-5-6-6-5-9-1-2-2-5	1-4-7-0-5-2-0-1-1-5-3-5	1-4-3-1-1-6-3-5-5-4-7-7
224	7	6-5-6-8-7-8-7-7-6-7-7-6	9-5-5-3-6-6-5-6-9-9-7-8	4-7-8-3-6-5-8-8-6-5-6-7	8-5-6-8-3-3-8-3-6-6-5-2	8-1-3-8-4-5-8-6-9-7-8-4	8-4-7-4-6-4-6-7-6-7-6-8	2-3-6-1-4-5-6-6-6-6-3-8	5-3-3-4-7-2-6-4-4-5-4-0	4-2-4-7-1-9-1-8-9-8-11-7	4-4-7-5-3-16-6-7-1-2-2-5	7-9-6-0-6-8-0-4-1-4-9-4	7-9-7-2-4-7-7-7-5-7-6-6
224	8	8-9-6-9-8-7-6-8-6-9-9-7	7-5-5-3-6-7-9-9-7-7-9-7	11-9-11-9-7-10-7-7-9-10-7-9	7-8-8-7-10-6-7-7-7-6-6-7	7-5-3-9-4-5-7-6-7-10-7-4	4-4-7-9-8-10-6-7-8-8-6-7	3-8-8-1-4-8-8-7-8-11-3-7	5-8-9-7-7-2-6-4-4-8-9-0	4-2-4-4-11-7-4-7-7-7-8-7	9-4-8-5-9-7-6-8-1-2-2-8	4-7-7-0-6-7-0-4-1-4-7-4	7-4-7-2-7-7-9-7-5-8-6-6
224	9	8-8-9-8-10-9-9-10-10-8-8-8	7-5-5-10-6-7-8-8-7-7-10-7	10-8-10-8-8-4-7-8-8-11-10-8	10-4-10-8-11-10-6-10-7-6-5-2	12-1-2-10-4-5-10-10-7-8-9-9	4-10-9-8-8-11-10-9-4-8-4-10	3-11-8-1-10-9-8-10-8-9-10-10	7-9-16-10-7-9-6-9-4-8-9-0	4-0-9-10-11-7-4-10-7-7-8-7	8-4-9-5-9-7-10-6-9-2-0-11	4-7-5-0-8-9-0-5-1-9-7-4	7-7-9-2-4-7-8-5-5-9-6-6
224	10	10-10-11-12-9-11-10-10-10-11-11-10	11-11-11-9-7-7-9-8-7-11-9-12	9-9-9-8-11-11-11-8-8-8-11-8	10-10-11-9-8-9-11-9-11-10-10-2	9-2-2-9-11-11-11-9-11-8-9-9	4-9-11-8-10-9-11-10-11-10-6-9	2-9-10-1-16-10-11-11-8-8-9-9	10-9-11-9-9-2-12-11-4-10-16-0	9-10-11-9-10-7-4-9-9-6-6-10	8-4-10-11-9-11-9-11-9-1-2-9	16-7-7-11-4-7-0-12-1-4-7-4	7-4-7-2-12-14-8-15-6-11-14-11
224	11	11-11-10-12-11-10-10-9-10-11-10-10	12-10-10-11-6-12-13-12-14-10-14-11	12-12-12-8-10-10-10-12-14-9-10-12	12-11-10-12-9-12-11-9-10-10-10-12	14-12-11-9-13-10-10-12-11-11-11-12	12-11-10-11-10-13-10-11-10-10-14-9	11-9-10-16-11-11-10-10-10-9-13-11	11-9-13-10-9-12-6-9-9-11-11-13	13-13-10-9-9-7-1-13-7-11-7-7	12-13-9-11-11-11-1-10-13-13-13-9	13-11-11-11-12-15-14-13-13-9-7-4	11-12-11-16-13-11-8-11-5-14-6-10
224	12	13-13-14-14-14-14-14-13-14-13-13-14	14-13-14-15-13-13-13-13-13-13-13-13	11-11-13-16-13-13-11-11-13-13-12-13	11-11-13-13-9-11-13-9-12-13-12-11	16-11-12-9-11-12-11-12-13-15-15-11	12-13-13-12-13-9-12-13-12-12-14-12	16-13-12-12-11-12-13-13-13-16-16-12	14-9-13-12-12-11-15-16-4-12-11-11	14-11-13-12-16-13-13-16-15-15-12-15	13-13-14-15-13-13-15-15-11-11-11-13	11-13-12-12-14-13-11-11-11-12-13-4	13-13-15-16-12-15-8-13-15-12-6-14
224	13	12-12-12-12-12-12-12-12-12-12-12-12	12-12-12-13-12-12-12-12-12-12-12-12	11-13-14-16-14-12-14-11-12-14-11-12	14-12-12-12-14-14-12-9-12-12-13-11	15-11-2-14-11-13-14-15-12-12-12-9	12-12-15-13-12-11-14-12-12-10-4-12	14-12-12-1-14-12-12-12-12-12-14-12	12-13-11-14-14-12-12-12-4-11-11-11	11-11-12-14-15-12-12-11-12-12-13-12	14-14-12-12-14-12-13-12-11-11-11-15	11-12-12-12-12-12-11-11-11-14-12-4	12-12-12-1-11-12-14-12-5-12-6-10
224	14	12-12-12-12-12-12-12-12-12-12-12-12	12-12-12-12-12-12-12-15-12-12-12-12	11-13-13-12-13-12-15-12-12-13-15-13	14-14-13-12-13-13-12-9-15-15-14-2	13-11-2-13-13-13-15-13-15-12-12-13	11-15-13-12-14-11-13-10-12-14-11-14	13-15-12-1-13-14-15-15-12-12-13-14	12-9-11-13-13-12-12-12-13-13-12-11	11-11-12-13-14-12-1-13-12-12-13-14	13-13-12-12-13-12-13-12-13-11-11-13	11-12-16-12-12-12-11-11-11-13-12-12	12-15-11-1-1-12-13-12-12-11-14-15
224	15	12-12-12-12-12-12-12-12-12-12-12-12	12-14-12-12-12-12-12-14-12-12-16-12	11-13-13-13-13-12-14-12-16-13-14-14	16-14-15-12-13-13-12-9-14-14-13-16	13-11-15-13-15-14-14-13-14-12-12-15	12-12-13-15-14-12-14-12-12-12-3-16	16-14-12-15-14-15-14-14-12-12-16-14	12-13-12-13-13-15-12-12-15-12-13-11	15-11-12-13-13-12-15-15-12-12-13-12	13-15-15-12-13-12-12-12-15-15-11-13	11-12-12-12-12-11-11-15-11-13-12-15	12-14-12-15-15-12-8-12-12-12-14-14
224	16	16-16-16-12-16-12-12-16-12-12-12-12	12-12-12-12-12-12-12-12-15-16-15-13	12-13-16-13-16-16-16-16-15-16-16-16	15-16-16-16-16-16-12-9-16-16-16-11	12-11-16-16-15-16-15-16-12-16-9-15	16-16-16-16-16-9-16-16-16-16-16-15	15-16-16-16-10-16-12-16-16-12-15-12	16-16-9-16-16-12-16-12-15-12-12-11	12-16-16-16-13-12-16-12-16-12-13-12	12-16-16-16-16-7-16-12-15-16-16-16	11-12-14-16-14-12-11-14-16-16-12-4	12-16-16-12-12-16-16-11-16-16-16-14
225	0	0-0-0-0-0-0-0-0-0-0-0-0	0-0-0-0-0-0-0-0-0-0-0-0	0-0-0-0-0-0-0-0-0-0-0-0	0-0-0-0-0-0-0-0-0-0-0-0	0-0-0-0-0-0-0-0-0-0-0-0	0-0-0-0-0-0-0-0-0-0-0-0	0-0-0-0-0-0-0-0-0-0-0-0	0-0-0-0-0-0-0-0-0-0-0-0	0-0-0-0-0-0-0-0-0-0-0-0	0-0-0-0-0-0-0-0-0-0-0-0	0-0-0-0-0-0-0-0-0-0-0-0	0-0-0-0-0-0-0-0-0-0-0-0
225	1	1-1-1-1-1-1-1-1-1-1-1-1	1-0-1-1-0-1-0-1-1-0-2-1	4-1-2-2-2-2-2-0-1-2-3-2	2-0-2-2-2-2-0-4-2-0-2-0	2-0-2-2-0-1-2-2-1-1-1-3	2-2-1-1-1-3-1-1-1-1-0-0	3-1-1-1-1-1-1-0-1-1-0-1	1-1-7-1-1-0-1-1-1-1-0-0	0-0-0-1-2-0-0-2-2-1-1-1	2-1-1-2-0-2-1-1-1-0-0-1	0-1-0-0-1-1-0-0-0-1-1-1	0-1-1-0-0-1-1-0-1-0-1-1
225	2	2-2-1-2-2-2-2-2-2-2-2-2	2-2-2-1-2-2-4-3-2-4-1-2	0-1-1-1-1-3-3-0-1-4-2-1	3-3-3-1-1-1-2-1-1-2-1-1	1-0-1-1-3-1-3-1-2-2-3-1	1-3-4-5-2-1-3-3-2-2-9-2	1-1-2-2-3-2-2-3-2-2-1-3	2-1-2-3-2-2-2-2-2-3-2-0	2-0-2-2-1-3-2-3-1-2-1-2	2-1-2-1-1-1-2-2-0-2-0-1	2-2-2-0-2-2-0-2-0-4-2-2	2-2-4-2-0-2-1-2-2-2-1-2
225	3	3-3-3-3-3-2-3-3-3-3-3-3	4-3-3-1-2-2-0-2-2-2-1-4	1-2-2-1-1-2-4-4-4-2-4-1	2-2-2-1-1-1-2-1-4-4-2-0	1-0-1-1-2-4-2-1-2-5-2-1	1-2-2-3-3-1-2-2-2-3-5-3	1-1-3-3-2-3-2-4-2-2-5-2	3-1-2-4-3-2-2-3-2-4-2-0	3-2-2-2-3-2-4-2-4-1-1-4	4-4-3-3-0-4-2-2-4-2-0-1	4-4-3-0-2-2-0-2-0-2-2-2	3-2-0-3-0-4-1-0-3-4-3-3
225	4	4-4-4-4-4-4-4-4-4-4-3-4	4-5-3-1-4-5-2-3-2-2-4-3	1-4-1-1-1-2-3-5-3-5-3-5	5-2-5-1-1-1-5-1-5-3-5-0	1-0-1-4-2-3-4-4-5-5-2-1	1-2-2-6-5-1-5-2-4-5-4-3	2-1-3-6-2-3-4-4-4-4-0-5	4-4-2-3-3-4-6-4-2-4-2-5	4-0-3-2-4-2-3-1-3-4-5-9	7-3-3-3-4-3-5-4-3-5-0-1	3-4-4-6-9-4-0-2-11-2-2-2	4-2-2-4-4-3-5-4-3-3-4-9
225	5	6-5-6-5-4-5-5-4-5-6-5-5	6-4-3-6-6-4-6-6-6-7-6-6	5-6-6-6-6-6-6-6-6-6-6-6	6-6-6-6-6-6-4-9-4-6-4-6	6-7-6-8-2-5-6-6-4-5-6-6	6-6-8-8-4-0-4-5-4-4-4-5	5-5-7-6-6-5-4-6-4-4-11-4	4-6-4-6-6-7-4-4-2-6-6-5	10-5-12-6-5-5-6-6-6-5-7-4	6-6-6-6-6-9-6-4-6-4-6-5	4-2-6-8-6-7-5-6-4-6-8-2	5-5-5-6-6-6-4-4-3-4-6-5
225	6	6-6-5-6-4-6-6-6-6-6-7-6	5-7-7-5-5-9-5-5-5-5-5-5	5-6-5-5-5-5-5-5-5-7-7-5	5-6-7-5-5-5-4-5-7-7-6-5	5-0-5-5-7-7-5-5-7-6-5-5	5-5-5-6-6-2-5-2-4-6-9-6	8-1-6-5-9-6-7-5-4-6-5-5	6-7-12-5-5-5-4-4-2-5-5-0	5-0-6-7-4-5-5-5-6-6-5-8	5-5-6-9-5-8-5-4-5-0-5-1	0-2-5-4-7-5-0-5-0-5-5-6	5-2-5-5-5-5-1-10-3-6-7-6
225	7	8-6-5-5-5-8-6-7-6-5-6-5	5-6-6-5-5-6-10-7-5-5-5-8	7-7-8-5-7-7-7-7-8-6-6-7	8-7-8-5-5-8-4-5-6-7-7-10	1-10-5-5-8-6-8-8-6-8-7-5	8-5-5-7-7-12-6-8-4-4-10-8	7-1-6-9-7-9-4-7-2-4-9-6	9-6-8-6-2-8-4-5-2-7-7-9	9-10-8-8-9-8-7-8-7-5-5-4	8-9-9-8-9-6-4-5-9-8-9-1	9-2-8-5-6-9-8-7-10-9-5-7	7-2-7-7-7-7-1-11-3-7-6-4
225	8	8-8-8-8-5-8-6-8-8-8-6-8	5-9-8-5-5-8-7-8-8-8-5-8	7-7-7-7-5-9-8-8-7-9-9-7	7-7-7-8-5-7-8-5-9-9-9-7	5-7-5-5-7-8-7-8-9-7-5-5	8-5-5-5-7-7-9-8-8-8-5-8	6-9-6-8-7-8-9-7-8-6-7-11	7-6-7-8-8-7-9-4-2-8-7-7	7-7-7-7-7-5-7-7-9-9-5-6	7-7-8-7-7-6-5-7-8-7-7-10	7-9-7-5-6-5-7-7-7-2-5-7	6-6-7-7-7-9-1-4-11-7-8-4
225	9	8-8-10-8-9-6-6-12-8-12-6-9	5-8-8-10-5-6-7-8-10-8-10-7	11-9-10-12-10-12-10-7-9-10-8-9	10-7-10-9-10-10-8-5-8-8-8-7	10-7-10-11-0-8-10-10-8-7-9-5	10-10-10-9-9-7-8-9-8-4-6-10	10-8-6-7-6-7-8-10-11-12-7-10	7-9-7-10-10-7-8-12-12-10-7-7	7-7-10-10-12-9-7-10-8-8-9-4	7-10-9-6-7-11-10-4-10-7-7-9	7-8-7-4-6-7-7-7-7-7-11-9	7-6-7-10-7-8-9-0-3-7-9-4
225	10	8-12-9-9-10-10-10-10-5-10-10-10	5-8-11-9-5-10-7-7-9-5-9-7	9-9-7-9-9-9-9-9-9-9-11-9	9-9-9-9-9-9-12-5-11-11-9-7	9-7-9-9-7-10-9-9-11-10-11-5	9-9-9-7-7-7-11-10-10-10-7-9	9-11-10-7-7-8-11-9-8-6-7-9	10-9-7-9-9-7-11-4-9-9-7-7	7-7-11-9-10-11-7-9-10-4-9-9	7-9-9-11-11-11-11-4-9-7-7-9	7-12-5-5-12-7-7-7-7-7-9-9	7-11-7-9-7-10-9-6-5-7-11-10
225	11	10-11-12-8-11-10-12-12-11-8-11-12	12-8-10-9-11-10-7-11-11-5-12-7	9-9-12-9-9-9-11-7-12-10-10-11	9-9-11-9-9-9-12-5-10-10-9-11	9-11-12-9-7-10-12-9-10-10-11-9	10-11-9-7-10-7-10-9-10-10-0-12	12-10-9-11-11-9-10-10-9-6-5-8	9-9-11-9-9-11-10-9-9-7-11-7	7-7-11-9-9-10-11-11-10-8-9-4	12-7-11-10-10-10-10-10-11-10-7-9	11-10-7-4-6-7-7-10-10-11-11-9	6-11-11-11-11-10-9-7-3-10-10-10
225	12	12-12-12-12-12-12-11-12-12-12-12-12	11-8-12-9-12-10-11-11-11-12-11-7	11-9-11-9-12-9-12-12-11-12-12-12	12-12-11-12-12-12-11-12-12-12-12-11	12-7-12-12-12-12-11-12-10-12-9-5	12-12-12-12-12-7-10-12-12-12-12-11	9-12-12-12-11-12-10-12-12-9-7-9	12-10-10-10-12-11-12-9-9-11-10-7	7-12-12-12-9-12-12-10-12-12-9-11	11-12-12-11-12-12-12-5-12-12-10-12	7-10-12-4-10-6-7-12-12-12-12-12	12-12-12-6-12-12-12-12-12-12-6-4
226	0	0-0-0-0-0-0-0-0-0-0-0-0	0-0-0-0-0-0-0-0-0-0-0-0	0-0-0-0-0-0-0-0-0-0-0-0	0-0-0-0-0-0-0-0-0-0-0-0	0-0-0-0-0-0-0-0-0-0-0-0	0-0-0-0-0-0-0-0-0-0-0-0	0-0-0-0-0-0-0-0-0-0-0-0	0-0-0-0-0-0-0-0-0-0-0-0	0-0-0-0-0-0-0-0-0-0-0-0	0-0-0-0-0-0-0-0-0-0-0-0	0-0-0-0-0-0-0-0-0-0-0-0	0-0-0-0-0-0-0-0-0-0-0-0
226	1	1-1-1-1-1-1-1-1-1-2-1-1	2-1-1-0-1-1-2-2-1-1-0-2	2-2-2-0-0-2-2-0-2-0-2-2	2-0-2-0-0-0-0-2-0-0-0-4	0-8-2-0-2-0-2-2-0-2-1-3	1-2-0-3-0-2-1-0-1-0-0-2	1-0-0-6-2-2-0-2-1-0-0-1	0-0-6-1-1-2-0-1-2-1-1-0	2-2-2-0-0-0-2-1-0-1-1-0	6-1-1-1-0-0-0-1-4-2-5-0	6-1-2-0-0-1-6-0-2-1-1-1	3-1-2-1-1-0-1-0-1-1-0-0
226	2	2-2-2-2-1-2-1-2-2-1-2-2	1-1-1-0-1-1-1-1-1-1-3-1	1-3-1-3-3-1-3-3-1-3-3-3	3-3-1-3-3-3-0-3-2-0-3-1	9-0-1-4-1-2-1-3-1-1-3-3	3-1-3-2-2-1-2-3-2-0-9-1	2-4-1-1-2-1-2-1-2-0-3-1	0-2-3-2-2-1-1-2-1-1-1-0	1-1-1-2-0-0-1-3-0-1-2-2	2-2-1-1-3-3-2-2-1-1-1-3	1-2-1-0-3-1-1-0-1-2-2-2	1-2-1-1-1-1-2-0-0-2-0-0
226	3	4-3-2-3-3-3-3-3-3-3-3-3	4-3-2-0-3-4-1-4-3-4-2-3	6-2-2-2-2-4-2-2-2-4-2-2	5-4-1-4-2-2-3-2-2-3-4-1	2-3-2-2-4-2-4-4-3-3-2-4	2-5-5-10-3-1-4-6-3-3-6-3	2-2-6-1-4-3-3-4-3-4-2-6	10-2-2-4-6-1-3-4-3-3-3-3	6-1-3-4-3-4-1-4-6-3-2-3	3-3-3-5-2-2-3-3-1-3-3-2	10-6-3-0-6-3-1-3-3-4-3-3	1-3-1-3-1-3-2-0-3-3-0-0
226	4	4-4-4-4-3-4-4-4-4-6-4-4	3-6-4-2-3-6-1-5-3-3-2-5	1-4-2-3-2-3-5-5-5-3-5-5	3-3-5-3-2-3-3-2-5-4-3-1	2-0-2-2-3-5-3-3-3-3-6-3	2-3-3-1-3-1-5-4-3-4-0-3	2-2-4-1-3-4-4-4-4-3-3-3	4-4-3-3-2-1-6-3-3-4-3-0	5-1-3-3-4-3-1-3-5-3-5-4	5-3-4-4-4-3-5-3-1-3-1-2	1-3-3-0-0-5-4-0-3-3-3-3	1-2-1-1-0-0-5-0-9-5-9-0
226	5	5-5-5-5-5-5-5-5-5-5-5-5	4-6-5-0-5-6-1-4-3-3-2-6	1-5-2-2-2-3-4-4-4-3-6-4	3-6-6-3-3-3-6-2-6-6-4-1	2-0-1-6-3-4-6-5-6-3-3-3	2-3-3-3-5-1-6-6-5-5-5-3	2-2-4-1-3-4-4-6-3-5-0-3	0-4-3-4-4-0-5-3-3-4-3-0	4-1-4-3-5-3-1-3-4-6-4-6	4-2-4-1-2-11-4-5-5-1-1-5	1-3-15-9-6-4-1-0-1-3-3-4	1-2-1-1-8-8-4-0-8-4-6-7
226	6	6-6-6-5-6-5-5-6-5-5-6-5	7-5-4-6-5-5-7-8-7-3-7-7	7-7-7-7-8-3-7-7-7-5-5-7	7-7-7-7-8-7-5-9-5-5-5-6	2-1-7-5-3-4-7-7-5-8-7-7	7-7-3-9-6-9-5-3-3-5-7-8	6-2-4-1-3-6-4-5-3-5-7-3	0-6-1-7-3-1-4-8-3-7-6-0	3-1-6-3-6-3-1-7-4-7-7-5	3-3-6-6-7-6-6-5-7-1-6-7	1-3-5-5-6-9-1-3-7-7-3-3	1-6-8-6-11-7-2-0-4-5-5-6
226	7	7-7-7-7-7-7-7-7-7-7-7-10	6-9-7-6-8-8-6-4-6-3-6-6	6-6-6-6-6-9-8-6-8-9-8-8	6-6-6-6-6-6-8-6-8-8-7-6	2-0-6-6-3-9-6-6-7-6-6-6	6-6-9-6-7-6-8-8-7-7-6-6	6-9-7-1-8-7-9-9-3-7-6-3	7-9-8-6-8-1-9-11-3-9-6-0	4-7-8-8-7-7-1-6-9-6-8-9	7-8-7-10-6-12-6-5-8-3-6-9	7-3-9-9-8-4-7-7-6-8-10-7	10-2-6-6-8-8-9-9-7-8-9-7
226	8	8-8-8-8-8-8-8-8-7-7-9-8	10-9-9-6-7-7-6-9-9-9-9-6	6-8-6-6-6-7-7-9-7-9-9-7	6-9-9-6-6-6-7-6-9-9-9-6	2-1-6-9-3-7-9-8-7-6-6-6	6-6-10-6-8-6-9-7-9-8-8-6	6-2-7-1-7-7-9-7-8-8-6-3	11-7-7-7-7-8-7-6-3-12-9-0	6-1-7-7-11-13-1-7-8-11-7-7	7-7-11-7-6-12-6-9-7-1-6-7	1-3-7-10-15-11-7-9-6-7-7-7	7-6-6-6-7-7-2-11-5-7-11-7
226	9	10-9-8-8-10-10-7-8-7-7-8-11	8-8-8-6-11-8-10-8-10-8-8-7	9-10-6-6-6-10-10-10-10-8-8-9	10-10-10-6-6-6-7-6-8-10-8-11	2-11-11-8-10-7-10-10-10-9-6-6	10-9-7-6-9-6-8-7-8-8-2-6	9-7-8-9-7-9-8-7-8-7-6-3	10-7-10-7-9-9-7-3-9-9-11-10	10-9-10-11-9-10-10-11-7-7-7-11	9-3-9-10-10-10-6-8-9-9-10-7	10-3-7-7-8-15-9-9-10-9-9-9	9-9-9-9-9-9-9-7-4-9-7-0
226	10	9-10-10-10-12-9-10-15-10-10-11-7	8-8-8-10-9-12-9-12-9-8-11-11	9-9-11-11-10-9-11-9-9-11-13-11	9-9-9-12-11-12-9-12-8-9-12-9	11-9-10-13-9-10-11-11-9-10-11-12	11-12-13-10-9-6-11-10-8-7-3-12	10-10-7-9-11-9-4-11-3-7-10-3	3-10-9-10-13-9-7-12-3-9-10-9	9-9-9-12-15-9-9-11-8-12-12-10	9-11-9-9-11-10-11-5-9-9-9-10	9-3-7-8-0-10-9-9-9-9-7-7	7-11-9-9-1-6-13-0-4-5-7-7
226	11	11-12-12-12-11-11-13-12-10-11-13-9	12-12-12-10-13-11-10-12-9-12-10-10	9-10-10-10-10-13-10-10-9-10-12-10	9-9-9-10-10-10-11-10-12-11-10-9	10-9-9-10-9-12-12-10-12-11-10-6	10-10-11-11-9-9-12-11-11-11-14-11	10-12-11-9-10-11-13-12-13-11-10-11	11-10-9-10-10-9-13-14-10-11-9-9	9-9-12-9-8-9-9-9-9-6-10-12	9-10-11-12-10-12-10-12-10-9-6-10	11-8-11-13-12-13-9-9-9-10-9-7	9-10-9-9-6-11-10-12-12-8-12-7
226	12	13-11-11-11-10-11-12-13-13-11-11-13	13-11-11-13-11-10-13-11-13-13-13-13	13-13-13-10-10-14-11-14-13-10-11-13	13-13-13-10-10-10-13-10-11-9-10-13	10-13-13-10-13-11-13-10-11-12-10-13	13-13-10-10-12-15-11-11-8-11-13-10	10-11-9-13-13-9-11-11-11-11-13-14	12-10-13-10-10-13-7-10-9-11-13-9	13-13-11-10-10-10-13-13-13-10-10-11	13-13-9-13-13-10-11-11-13-12-12-10	13-3-7-11-11-11-9-12-13-13-12-12	9-6-12-13-12-13-10-11-4-5-11-10
226	13	13-14-13-13-14-13-11-13-13-13-11-12	12-14-11-12-11-11-12-11-12-14-12-12	12-12-12-10-10-12-12-12-12-14-10-12	12-12-12-10-10-12-11-10-11-12-13-12	10-12-14-10-12-13-12-12-14-12-10-12	12-12-10-11-13-10-14-12-13-13-12-12	10-10-7-12-12-13-11-12-11-13-12-14	11-10-12-13-10-12-13-13-9-11-12-12	12-12-13-9-8-8-12-12-15-11-10-11	12-12-11-12-12-10-6-11-12-12-12-10	12-13-15-11-14-11-9-12-12-12-12-10	9-10-12-12-6-13-10-11-15-12-11-7
226	14	14-15-15-13-13-15-15-15-15-15-15-15	12-13-11-15-15-15-15-14-12-15-15-15	14-12-15-15-14-12-14-14-15-13-14-14	12-14-12-14-14-14-14-10-13-12-13-14	10-12-13-10-12-13-14-15-13-14-14-14	14-14-15-10-13-9-13-14-13-11-11-15	15-14-14-12-13-14-13-14-13-14-14-13	11-10-12-14-14-15-13-15-3-11-12-14	15-9-12-15-15-14-12-12-9-15-14-9	14-14-14-12-12-15-15-11-12-12-12-10	15-3-13-11-13-14-14-9-12-15-7-14	13-14-14-12-14-14-14-11-13-12-15-14
226	15	15-15-15-13-15-15-14-15-15-14-15-15	14-14-15-14-14-14-14-14-14-15-14-14	14-15-14-14-15-15-15-15-14-15-15-15	12-15-14-14-15-15-14-15-11-15-15-12	14-12-15-15-15-15-14-14-11-15-10-12	15-15-15-15-15-6-15-14-15-15-15-14	10-15-15-15-13-15-10-15-15-15-14-14	15-10-10-14-15-14-7-14-9-15-14-15	14-15-15-15-14-15-15-12-13-10-14-9	9-15-15-15-15-14-15-14-9-15-15-15	13-15-13-15-8-9-15-15-15-15-15-15	15-15-15-9-8-15-15-11-15-15-15-0
227	0	0-0-0-0-0-0-0-0-0-0-0-0	0-0-0-0-0-0-0-0-0-0-0-0	0-0-0-0-0-0-0-0-0-0-0-0	0-0-0-0-0-0-0-0-0-0-0-0	0-0-0-0-0-0-0-0-0-0-0-0	0-0-0-0-0-0-0-0-0-0-0-0	0-0-0-0-0-0-0-0-0-0-0-0	0-0-0-0-0-0-0-0-0-0-0-0	0-0-0-0-0-0-0-0-0-0-0-0	0-0-0-0-0-0-0-0-0-0-0-0	0-0-0-0-0-0-0-0-0-0-0-0	0-0-0-0-0-0-0-0-0-0-0-0
227	1	1-1-1-1-1-1-1-1-1-1-1-1	2-2-1-0-2-2-2-2-1-1-2-2	1-3-2-2-2-2-2-0-2-2-3-2	2-0-2-2-0-0-2-3-2-2-2-0	1-0-1-2-0-1-2-1-2-2-4-0	2-2-2-1-1-4-1-1-1-1-9-0	1-1-2-1-2-1-2-2-1-1-1-1	1-1-1-1-1-2-2-1-1-2-0-2	1-2-2-2-1-2-9-0-2-1-1-2	2-1-1-3-1-1-2-1-2-2-2-1	0-2-3-0-1-2-4-2-1-2-2-1	2-1-1-3-2-2-1-2-1-1-2-2
227	2	1-1-1-1-1-1-1-1-1-1-1-1	1-1-1-3-1-1-1-2-1-1-3-1	4-2-1-1-5-1-3-1-1-1-1-3	3-1-1-3-3-3-1-4-3-1-3-0	5-0-1-4-0-3-3-3-1-1-11-4	3-1-1-1-1-1-3-2-1-2-3-1	2-2-1-1-1-1-1-1-1-1-3-2	1-2-3-2-2-1-1-3-2-1-3-1	2-1-1-1-3-1-4-3-1-2-3-1	1-1-2-1-3-3-1-1-1-1-1-3	0-1-1-0-1-1-0-1-0-1-1-1	1-2-2-1-1-1-2-1-1-1-1-1
227	3	1-1-1-1-1-1-1-1-1-1-1-3	1-1-1-2-1-1-1-4-3-4-2-4	7-4-4-1-1-4-4-4-1-4-4-2	2-4-1-2-2-2-1-2-2-1-2-0	2-0-2-2-4-2-4-2-4-1-2-2	2-4-5-7-4-1-4-2-3-3-7-3	3-3-1-3-4-1-3-1-3-1-3-7	1-2-4-4-3-1-3-2-3-1-5-1	7-5-3-3-2-5-3-2-1-3-2-3	3-3-3-1-2-2-3-3-0-1-3-2	4-5-1-0-3-1-1-3-5-3-1-3	1-3-3-1-1-1-5-1-1-1-1-3
227	4	4-4-4-4-4-4-4-4-4-4-4-4	1-9-5-2-1-1-1-3-3-3-2-3	2-4-3-1-2-3-5-6-1-3-5-5	3-3-5-3-2-2-3-2-5-4-5-0	2-0-0-2-3-5-3-5-3-1-1-2	1-4-3-1-3-1-3-5-3-4-4-4	6-4-1-3-3-4-5-5-4-4-3-3	4-2-5-5-3-1-4-3-3-1-3-1	4-3-3-3-4-3-5-5-5-7-4-4	5-3-4-4-1-2-2-5-5-1-5-2	5-3-5-1-5-5-5-6-3-5-1-6	1-3-2-1-1-1-3-1-1-1-6-4
227	5	5-7-5-4-5-6-5-5-5-7-6-6	6-6-4-2-1-1-1-6-5-6-2-6	3-5-3-3-2-3-6-5-1-3-6-4	3-6-6-6-2-2-5-2-5-6-6-0	2-0-6-2-3-4-6-6-6-1-1-2	6-4-3-11-5-1-6-4-5-5-6-4	3-4-1-3-3-5-5-4-4-4-3-6	1-4-4-4-3-1-7-3-3-5-3-1	6-3-3-3-5-3-4-4-4-6-5-4	4-3-5-6-2-2-3-4-4-1-4-2	4-3-4-7-4-4-4-3-3-4-3-3	1-6-2-6-1-1-3-1-1-1-1-8
227	6	7-5-5-6-6-5-4-5-6-5-5-5	8-5-5-2-8-1-8-5-8-5-8-5	3-6-7-7-6-7-7-4-7-6-5-6	7-5-7-7-6-6-6-7-7-5-5-6	8-3-8-9-3-4-7-7-5-7-7-8	5-8-10-3-7-6-5-7-5-4-5-6	4-5-4-5-3-5-3-7-4-5-5-5	1-4-6-7-7-1-5-6-3-5-7-1	5-1-3-4-6-6-6-6-7-5-6-6	7-6-10-5-7-2-7-4-1-1-4-6	9-3-5-5-5-0-6-4-5-6-10-4	6-5-6-10-1-1-3-1-6-1-4-6
227	7	7-5-7-8-6-7-4-5-4-5-5-8	6-5-5-9-6-1-8-9-6-5-8-8	8-7-8-10-8-8-6-8-8-7-8-8	8-7-6-6-8-8-6-8-6-5-6-8	10-0-6-8-8-7-8-8-5-6-6-6	6-8-8-8-6-8-8-6-1-5-3-7	7-7-1-3-8-7-4-8-4-7-6-3	4-7-11-8-8-1-5-6-8-8-6-1	3-1-3-8-6-6-3-6-6-4-6-4	6-8-6-6-8-7-6-5-8-1-1-9	0-3-5-5-4-1-0-3-3-6-1-3	6-8-8-6-1-1-8-0-1-8-1-9
227	8	8-8-8-8-8-9-9-8-9-8-9-7	6-9-9-7-6-4-7-7-6-5-7-7	7-7-7-7-7-7-9-7-7-7-9-7	7-8-7-8-7-7-10-7-9-10-8-7	6-0-6-7-7-9-7-7-9-8-6-6	9-6-9-7-8-7-9-8-8-8-10-7	7-8-1-3-7-8-10-7-8-7-9-9	8-7-11-7-7-9-9-6-7-7-1-1	1-1-7-7-6-6-11-11-9-5-7-10	6-7-9-11-7-7-10-5-7-1-8-7	8-11-5-5-10-7-1-10-3-7-6-7	8-7-7-6-1-8-7-0-10-8-8-10
227	9	8-8-9-8-10-8-8-8-8-8-8-8	11-8-8-7-6-8-9-7-6-5-7-11	9-10-10-10-9-9-8-9-10-7-8-9	10-10-6-9-7-10-8-7-8-8-8-9	7-10-6-9-9-8-8-9-8-9-6-9	8-9-8-9-10-7-8-8-8-8-1-9	9-8-9-10-9-9-8-10-8-6-9-8	1-7-9-8-7-11-8-7-7-9-9-10	9-9-9-7-7-1-1-8-6-1-7-8	6-7-6-0-8-7-6-5-9-9-10-7	9-1-8-5-4-9-10-9-9-6-6-7	1-8-9-6-1-1-1-0-10-9-1-8
227	10	10-10-11-11-11-11-11-11-11-11-11-11	11-5-8-7-11-11-11-11-11-11-11-11	9-9-11-11-9-11-10-9-9-7-9-10	9-9-11-10-7-9-8-7-8-8-9-9	11-9-7-8-9-10-11-10-8-10-6-9	6-10-8-10-9-7-8-10-10-10-8-10	11-8-1-3-11-10-8-9-10-11-10-10	10-7-6-10-10-10-8-11-7-9-9-9	10-10-10-7-10-10-10-8-6-1-11-8	6-11-6-10-11-11-8-4-10-10-10-7	10-8-5-5-8-10-10-10-10-10-6-10	10-11-10-10-10-1-10-0-11-10-11-8
227	11	11-11-11-10-11-11-10-11-11-10-11-11	10-8-11-10-11-10-10-10-10-11-10-10	10-9-11-10-11-10-11-11-9-11-11-11	11-11-10-10-11-11-10-11-11-11-11-9	10-9-11-11-10-11-10-11-8-11-2-9	11-11-11-10-11-10-11-11-11-11-11-11	10-11-11-11-10-11-8-10-11-10-10-11	11-11-7-11-11-10-5-10-7-11-10-9	10-11-3-11-10-11-11-8-11-1-10-10	6-10-11-11-10-10-11-10-10-11-10-11	10-8-11-5-11-10-10-10-11-11-11-11	11-10-11-10-10-11-11-11-11-11-11-11
228	0	0-0-0-0-0-0-0-0-0-0-0-0	0-0-0-0-0-0-0-0-0-0-0-0	0-0-0-0-0-0-0-0-0-0-0-0	0-0-0-0-0-0-0-0-0-0-0-0	0-0-0-0-0-0-0-0-0-0-0-0	0-0-0-0-0-0-0-0-0-0-0-0	0-0-0-0-0-0-0-0-0-0-0-0	0-0-0-0-0-0-0-0-0-0-0-0	0-0-0-0-0-0-0-0-0-0-0-0	0-0-0-0-0-0-0-0-0-0-0-0	0-0-0-0-0-0-0-0-0-0-0-0	0-0-0-0-0-0-0-0-0-0-0-0
228	1	1-1-1-0-0-1-1-1-1-1-1-1	1-0-0-0-0-1-1-0-0-0-1-0	3-1-2-1-0-0-2-1-1-0-0-1	2-2-1-1-1-2-0-1-0-0-0-6	0-1-1-0-3-0-0-1-0-1-0-1	1-1-1-0-1-1-2-1-0-0-0-0	0-0-0-1-0-0-0-0-0-1-1-0	1-0-1-2-0-1-0-1-1-1-7-1	1-1-1-2-0-0-7-1-0-1-1-0	1-1-1-1-0-0-0-0-1-3-5-1	1-1-1-1-0-1-1-1-0-1-1-1	0-1-1-1-1-1-1-1-0-1-0-0
228	2	3-2-2-3-2-2-2-3-2-3-3-2	3-3-4-3-3-3-2-2-3-2-3-3	2-1-3-3-3-3-3-3-3-2-3-2	3-3-3-3-1-1-3-4-3-3-3-2	4-3-3-3-1-2-2-2-3-3-3-3	3-3-3-2-3-3-3-4-3-3-11-2	2-3-2-2-1-2-3-3-2-4-5-3	2-2-3-3-2-6-3-3-2-3-2-3	2-1-2-1-3-3-3-1-3-2-2-3	3-3-3-3-5-2-10-4-1-1-2-2	2-3-14-2-5-2-2-3-3-2-3-2	3-2-2-2-3-3-4-3-2-2-5-4
228	3	2-2-2-2-2-2-2-2-2-2-2-2	2-2-2-6-2-2-2-2-2-2-4-2	1-4-2-2-5-4-4-4-2-3-4-4	2-2-2-2-7-4-2-7-2-2-4-5	5-2-7-5-1-2-4-4-2-2-2-7	2-2-2-2-2-2-4-2-2-2-8-4	7-5-2-1-3-2-2-2-2-3-1-3	2-4-4-4-3-1-2-4-3-2-2-2	3-1-2-3-4-2-2-1-2-2-4-2	2-2-2-2-4-4-2-2-1-1-1-4	2-2-2-2-2-2-1-2-2-4-2-3	2-3-1-1-2-2-5-2-0-2-0-2
228	4	2-2-2-2-2-2-2-2-2-2-2-2	2-2-2-3-2-2-5-4-4-5-3-3	1-3-2-3-3-9-3-3-2-6-3-3	5-5-5-5-5-6-2-2-3-4-3-1	2-2-3-3-5-4-5-3-4-2-6-3	9-6-6-9-4-2-3-2-5-4-9-3	3-4-2-1-5-2-5-5-4-2-4-7	2-3-3-5-4-2-2-7-9-2-4-2	4-1-4-4-3-2-9-5-2-4-3-5	5-3-2-2-3-3-5-2-1-5-4-3	2-2-2-0-2-4-1-4-5-3-2-4	2-4-6-5-2-2-2-2-2-2-0-2
228	5	5-5-5-5-2-2-2-2-2-2-2-2	2-9-6-3-2-2-4-6-4-4-3-6	3-4-4-3-3-4-6-7-2-7-6-6	4-4-4-4-4-4-2-3-6-6-7-3	3-7-3-3-4-9-4-5-4-7-7-3	2-4-4-2-3-2-6-6-4-5-8-5	3-3-7-2-4-0-4-6-5-2-2-4	6-3-3-4-5-5-5-4-6-6-2-2	5-1-4-4-5-2-2-4-2-5-6-4	4-3-2-7-2-5-6-0-1-4-1-3	2-4-2-2-6-4-1-4-4-6-2-4	2-4-1-4-2-2-3-2-12-2-5-2
228	6	7-2-6-6-2-2-6-2-8-2-2-6	2-5-5-3-2-2-2-8-2-4-3-5	1-6-4-3-7-4-5-8-2-4-7-5	4-5-7-7-3-4-8-3-7-5-5-1	3-2-3-3-4-5-6-8-7-2-4-3	2-4-4-2-6-4-7-5-6-6-7-8	3-3-5-1-4-6-9-5-6-6-2-4	5-3-3-5-7-2-9-4-5-5-1-2	7-1-5-7-6-2-2-1-6-10-5-2	2-2-6-5-1-6-5-6-3-1-8-3	1-4-13-8-5-4-1-2-2-5-2-5	2-4-4-1-2-2-3-2-5-2-7-2
228	7	6-2-6-6-2-8-6-2-6-2-2-7	2-5-5-3-10-7-2-6-8-9-7-8	3-7-8-3-6-5-8-5-6-5-6-7	8-5-6-8-3-4-8-3-9-5-5-1	11-5-3-13-4-5-8-6-6-7-11-3	3-4-4-2-6-4-6-7-6-7-14-8	3-7-5-1-4-6-6-6-6-6-8-4	2-3-3-8-7-2-6-4-4-5-1-2	6-1-4-6-6-7-1-1-9-9-7-9	2-3-7-5-9-9-6-11-1-4-1-3	7-10-6-0-6-8-1-4-4-4-9-4	2-7-7-8-7-2-7-2-5-7-6-2
228	8	2-2-8-8-10-8-6-8-6-2-8-7	2-5-5-3-2-7-9-6-7-7-10-7	4-9-11-10-7-7-7-10-10-10-7-9	7-10-8-7-11-10-6-11-10-10-11-7	7-6-5-9-4-5-7-6-9-10-7-3	4-5-9-9-8-2-6-7-8-8-6-7	3-11-5-1-4-11-6-6-8-11-8-9	2-8-3-7-7-8-6-4-4-8-11-2	4-1-4-4-4-7-2-1-7-10-8-7	9-2-7-7-9-10-6-12-8-4-6-8	7-7-9-6-9-7-2-4-4-7-7-4	2-4-7-7-10-2-9-2-5-7-6-2
228	9	9-10-11-2-10-2-9-16-9-2-10-10	2-5-5-10-2-2-8-10-7-7-10-10	10-8-10-8-8-4-10-10-8-8-10-8	10-10-10-8-10-9-2-10-7-5-5-10	10-12-16-8-4-5-10-10-8-8-10-9	10-10-10-8-8-11-5-5-6-4-12-11	10-8-8-9-10-9-6-10-8-9-10-4	4-10-11-10-10-9-6-11-4-13-9-2	9-1-4-10-9-7-4-10-7-7-16-7	8-10-12-7-10-7-10-2-10-1-10-10	10-7-6-2-8-11-1-10-10-10-7-4	2-7-9-10-11-2-8-2-5-9-6-2
228	10	10-10-10-10-10-10-10-10-10-10-9-10	11-11-11-9-7-13-8-9-7-11-9-9	9-10-9-8-8-11-9-11-8-12-11-9	9-10-9-8-9-9-11-9-11-11-10-9	9-9-9-7-9-11-11-9-11-8-9-9	9-9-11-9-12-9-11-10-10-10-9-9	9-11-11-12-11-10-9-9-10-10-9-4	2-9-8-9-9-10-13-9-4-12-9-2	9-1-10-9-10-10-2-9-7-8-10-12	8-9-13-11-9-8-9-8-9-1-9-9	10-7-11-14-13-9-1-9-9-9-7-4	2-9-9-9-9-2-8-2-11-9-6-10
228	11	9-13-10-13-11-10-8-13-10-11-11-13	12-10-10-14-2-12-12-13-12-10-13-13	14-12-12-8-9-12-12-12-13-10-10-11	12-12-11-8-8-12-10-9-10-10-8-14	7-14-13-8-12-10-10-9-12-11-11-9	12-14-10-9-10-9-10-10-10-10-2-9	14-8-10-11-11-9-10-10-10-10-11-11	4-9-13-10-11-11-10-9-13-11-11-11	9-13-11-9-12-7-11-11-7-11-9-7	11-9-11-11-9-10-14-7-12-12-9-9	14-2-10-10-11-9-14-11-14-11-7-4	11-4-11-11-9-2-8-2-5-11-6-10
228	12	10-12-13-10-11-12-14-13-10-11-10-12	13-10-10-11-13-11-13-13-11-7-14-15	11-11-11-13-13-13-13-11-14-10-13-13	11-11-11-14-13-14-12-9-10-10-12-11	13-11-9-8-11-12-13-13-11-15-14-9	13-11-13-15-10-9-13-12-10-10-9-11	12-12-10-12-13-9-13-13-6-16-9-15	2-9-14-12-15-11-10-15-11-10-12-2	9-1-13-13-11-10-11-14-8-16-12-7	11-12-9-11-11-13-13-8-11-11-9-10	9-12-12-10-13-14-1-13-12-13-7-16	11-12-11-11-9-2-8-2-5-10-10-10
228	13	13-16-13-13-13-14-14-12-13-14-13-14	12-15-14-11-15-13-12-12-11-14-11-15	11-12-12-12-12-12-14-14-11-15-14-14	12-14-14-8-12-12-15-9-14-14-14-11	12-11-11-7-11-14-12-12-13-12-12-9	12-13-12-12-10-11-12-13-10-10-9-13	11-9-13-11-12-13-12-15-10-10-9-12	13-9-14-12-12-11-10-13-11-10-12-2	13-11-14-12-11-14-11-12-7-8-12-14	11-12-13-11-14-12-12-15-14-11-9-12	11-12-14-16-12-15-1-12-11-12-7-12	14-12-11-11-9-2-8-2-10-14-14-15
228	14	14-14-14-14-14-13-13-14-14-13-13-13	12-13-13-11-15-15-12-12-11-13-11-12	11-12-12-12-12-12-13-13-12-15-15-13	12-11-15-12-12-12-13-9-13-15-15-11	12-11-11-11-11-13-15-14-14-12-12-9	12-11-12-12-14-11-15-12-14-14-7-13	11-15-5-11-15-13-14-15-14-14-9-12	2-9-13-12-12-11-10-14-11-14-11-2	9-11-15-12-11-13-14-12-15-15-12-13	11-12-9-11-15-12-15-14-13-11-11-10	11-12-16-16-15-14-11-15-11-12-13-13	11-12-11-11-9-2-8-13-10-13-13-13
228	15	16-14-14-14-16-16-13-16-14-13-16-16	13-13-13-11-13-14-11-12-11-13-11-12	15-15-16-16-15-11-14-13-16-14-14-13	16-15-14-16-12-12-16-9-14-14-14-11	12-15-9-8-11-13-14-13-14-12-12-9	12-11-12-12-15-9-14-12-10-10-15-16	16-14-10-15-14-15-14-14-14-12-16-12	14-13-15-13-12-11-10-9-11-10-15-16	15-11-14-15-15-7-15-15-14-14-9-13	15-12-15-15-14-12-15-13-15-11-15-15	15-12-14-14-14-15-13-15-15-15-7-15	15-14-15-15-15-2-8-2-5-13-10-13
228	16	16-16-16-14-16-16-16-16-16-16-16-16	12-13-16-11-16-16-13-12-11-16-11-12	13-15-16-15-13-16-16-16-15-16-16-16	15-16-15-15-16-16-15-16-16-16-16-15	12-11-16-16-16-16-15-16-14-16-12-9	16-16-12-12-16-9-15-16-16-16-16-15	15-16-16-16-13-16-7-16-16-12-15-13	16-16-9-15-16-10-13-9-15-11-11-16	15-16-16-16-12-16-16-9-16-12-9-7	11-16-16-16-16-7-16-13-16-16-15-16	14-16-14-14-14-11-16-16-16-16-16-16	16-16-16-11-15-16-16-2-16-16-16-16
229	0	0-0-0-0-0-0-0-0-0-0-0-0	0-0-0-0-0-0-0-0-0-0-0-0	0-0-0-0-0-0-0-0-0-0-0-0	0-0-0-0-0-0-0-0-0-0-0-0	0-0-0-0-0-0-0-0-0-0-0-0	0-0-0-0-0-0-0-0-0-0-0-0	0-0-0-0-0-0-0-0-0-0-0-0	0-0-0-0-0-0-0-0-0-0-0-0	0-0-0-0-0-0-0-0-0-0-0-0	0-0-0-0-0-0-0-0-0-0-0-0	0-0-0-0-0-0-0-0-0-0-0-0	0-0-0-0-0-0-0-0-0-0-0-0
229	1	1-1-1-1-1-1-1-1-1-1-1-1	1-0-1-1-1-1-3-0-1-1-0-0	6-1-2-2-1-2-2-0-0-1-1-1	2-0-2-2-3-2-0-2-1-0-2-0	2-0-1-3-0-1-0-2-1-0-1-0	1-0-1-0-0-3-1-1-1-1-7-2	1-1-1-0-1-1-1-0-1-1-1-3	0-1-2-1-1-0-1-1-1-0-2-0	0-0-1-1-2-1-0-2-1-1-1-1	2-1-0-0-2-2-1-1-0-0-0-1	0-1-1-0-0-0-0-0-0-1-1-1	0-1-1-1-2-0-1-0-0-0-2-1
229	2	2-2-2-2-2-2-2-2-2-2-2-2	3-2-2-1-2-3-1-3-2-2-2-2	1-3-3-3-1-3-3-3-0-3-2-3	3-3-3-3-1-1-3-1-1-2-4-0	1-2-0-1-3-2-3-3-3-2-3-3	3-3-4-9-2-0-3-1-2-2-2-2	1-2-2-2-3-2-2-2-2-2-2-4	2-1-4-3-2-2-2-3-6-2-3-2	2-2-2-2-1-2-2-3-2-2-1-3	3-2-2-0-1-1-2-2-3-3-3-1	2-2-2-0-2-2-0-2-2-6-2-2	2-2-1-2-2-2-1-2-0-3-1-1
229	3	3-3-3-3-3-3-3-3-3-3-3-3	2-3-3-1-4-2-1-2-3-2-2-3	1-2-4-4-1-2-2-4-4-2-4-2	2-2-4-2-1-2-2-1-1-3-1-1	1-0-0-1-2-4-4-2-2-2-4-2	4-2-2-2-3-1-2-3-3-3-3-3	4-2-3-2-2-3-2-4-3-4-5-2	3-1-2-2-1-3-3-2-2-3-2-0	3-3-2-2-2-2-5-2-3-1-1-2	4-1-3-4-2-4-2-3-2-2-2-1	3-4-4-4-2-4-0-2-2-2-2-2	4-2-2-2-2-3-1-5-0-5-4-3
229	4	4-4-4-4-4-5-5-4-5-4-4-5	5-4-5-4-5-5-5-4-4-5-5-5	4-5-3-4-3-3-4-4-5-5-3-4	5-3-5-4-1-5-4-5-4-6-2-4	5-0-5-6-2-3-3-4-6-5-3-7	3-5-2-6-4-5-5-5-4-4-5-3	5-5-3-3-2-4-7-3-4-3-5-5	4-5-2-3-5-5-4-2-2-4-2-0	3-3-2-2-6-6-3-5-4-5-5-5	3-1-5-3-5-5-5-4-4-2-5-5	5-11-5-5-11-3-0-2-2-2-5-2	6-5-4-5-5-5-5-3-10-5-5-7
229	5	6-6-4-4-4-4-4-5-4-4-5-4	4-3-4-6-5-4-4-6-4-4-6-6	5-4-7-5-5-6-6-5-6-4-6-5	6-5-6-6-7-6-6-4-4-4-6-5	4-6-4-4-5-4-6-6-4-6-6-5	6-6-4-6-4-6-4-6-4-4-4-6	4-4-5-6-5-5-8-5-4-5-6-4	6-4-6-6-4-9-5-5-5-6-6-5	6-5-5-5-5-4-6-4-6-5-4-4	6-9-7-4-4-4-4-5-6-5-6-4	6-4-4-4-9-4-5-5-6-5-4-2	6-4-5-4-9-8-4-6-6-4-7-5
229	6	5-5-6-6-5-4-5-4-4-5-6-4	4-7-7-5-5-5-5-5-5-5-5-5	1-6-5-5-7-5-5-5-5-6-7-6	5-5-5-5-5-5-5-1-7-4-7-5	1-5-5-4-2-7-5-5-7-5-5-5	7-5-7-5-4-5-7-9-4-4-4-5	1-7-6-5-6-6-6-6-4-5-5-7	5-7-5-7-6-5-9-2-2-5-5-5	5-6-2-2-5-4-5-7-5-7-4-7	5-5-6-7-7-5-7-4-5-5-5-6	5-4-4-4-5-4-5-5-5-2-6-2	5-7-11-2-5-5-1-5-5-6-5-4
229	7	7-4-6-6-7-4-4-6-4-6-6-6	4-6-6-8-3-4-8-5-5-5-5-5	8-8-8-8-8-8-8-8-8-6-6-8	8-8-9-8-8-8-5-1-6-4-6-8	1-8-8-4-9-6-8-8-6-5-5-8	6-8-6-7-7-9-6-7-6-4-1-6	10-4-6-9-7-9-4-8-4-7-9-6	7-6-9-6-7-8-6-8-7-7-7-9	9-9-11-8-8-8-9-6-4-9-1-6	8-8-5-6-9-4-5-5-9-9-9-6	9-4-4-7-4-9-9-8-9-2-6-2	7-6-7-7-7-3-1-7-5-9-5-4
229	8	8-11-11-8-9-4-8-9-4-9-10-10	5-10-6-7-8-5-7-10-5-9-5-5	7-7-7-7-7-7-7-7-7-8-9-7	7-7-8-7-7-7-9-1-10-4-8-7	1-7-7-4-7-8-7-8-8-9-5-7	10-7-6-7-7-7-9-8-10-8-4-8	11-9-8-8-7-8-10-7-8-8-7-10	5-8-7-8-8-7-10-9-2-8-7-7	7-7-6-7-7-7-10-9-8-9-8-6	7-7-8-11-7-8-9-10-7-7-7-8	7-9-8-4-5-7-7-7-5-2-8-2	7-4-7-7-7-9-8-5-10-7-9-8
229	9	8-8-8-6-8-4-4-8-8-8-8-8	4-8-6-9-11-4-9-8-5-8-9-10	9-9-10-10-9-10-10-9-9-10-8-9	10-9-8-10-9-9-8-10-8-4-10-7	10-7-10-9-7-10-10-9-8-8-5-9	10-10-10-9-10-7-8-10-8-4-2-10	9-8-6-7-7-7-8-8-4-11-7-7	5-10-10-10-9-5-6-8-10-9-7-7	7-7-2-10-10-8-7-8-8-8-10-6	5-5-4-7-7-8-9-4-7-7-7-10	7-8-4-4-5-7-7-5-7-10-9-9	5-6-7-8-5-8-9-5-5-7-5-4
229	10	10-10-8-11-8-11-5-8-4-6-8-11	4-8-8-9-8-4-11-11-5-8-9-11	10-11-9-9-9-9-9-10-10-9-11-10	11-10-10-9-9-9-10-9-8-4-9-10	9-10-9-9-10-9-11-9-8-10-9-10	8-10-9-10-9-11-9-9-8-8-8-10	7-8-10-6-7-10-8-11-10-10-7-8	10-9-9-9-9-11-6-9-9-10-10-10	10-10-2-9-9-6-8-8-8-10-9-6	10-9-5-7-8-9-8-8-7-10-10-9	10-8-4-4-4-7-10-5-10-9-8-2	7-6-10-10-10-8-9-5-8-7-5-4
229	11	11-11-8-11-11-11-5-11-11-11-11-11	4-8-11-9-11-10-10-10-11-11-9-10	10-10-11-9-11-11-11-11-10-9-10-11	10-11-11-11-11-11-8-11-11-4-11-10	11-7-11-11-10-11-10-11-9-11-5-5	11-11-11-9-11-10-11-11-11-11-11-11	10-11-11-11-8-11-11-10-11-9-10-11	11-11-9-11-11-10-6-9-9-8-5-10	10-10-7-11-9-11-11-9-11-11-9-8	5-11-11-11-11-4-11-5-11-11-10-11	10-4-4-11-4-7-7-11-11-5-11-11	5-4-11-8-4-11-11-6-11-11-11-4
230	0	0-0-0-0-0-0-0-0-0-0-0-0	0-0-0-0-0-0-0-0-0-0-0-0	0-0-0-0-0-0-0-0-0-0-0-0	0-0-0-0-0-0-0-0-0-0-0-0	0-0-0-0-0-0-0-0-0-0-0-0	0-0-0-0-0-0-0-0-0-0-0-0	0-0-0-0-0-0-0-0-0-0-0-0	0-0-0-0-0-0-0-0-0-0-0-0	0-0-0-0-0-0-0-0-0-0-0-0	0-0-0-0-0-0-0-0-0-0-0-0	0-0-0-0-0-0-0-0-0-0-0-0	0-0-0-0-0-0-0-0-0-0-0-0
230	1	1-1-1-1-1-1-1-1-1-1-1-1	1-0-1-3-1-1-0-0-0-1-2-1	0-0-0-1-2-0-2-0-0-2-2-2	2-0-0-2-2-2-0-4-2-0-2-0	2-0-0-2-0-1-2-2-1-1-3-2	2-2-2-1-1-2-2-1-1-1-9-0	1-1-1-0-1-1-1-2-1-1-2-1	1-1-1-1-1-0-1-1-1-1-0-0	0-0-0-0-2-1-0-2-1-1-1-1	0-1-1-2-2-1-1-1-1-0-0-9	0-1-0-0-1-0-0-0-0-1-1-1	0-1-4-0-0-1-1-0-0-0-2-1
230	2	2-2-2-2-2-2-2-2-2-2-2-2	3-2-2-1-2-2-3-3-2-3-1-2	0-3-1-1-1-7-3-3-0-4-1-1	3-3-3-1-1-1-2-1-1-2-1-0	1-2-1-1-3-1-3-1-2-0-4-1	1-4-3-3-2-1-3-1-2-2-1-2	5-2-2-2-3-2-2-3-2-2-2-3	1-1-5-3-2-2-2-6-5-7-2-0	2-5-2-3-1-2-2-3-1-2-1-2	2-7-2-1-1-1-3-2-1-5-2-3	7-2-2-0-2-2-0-2-5-3-2-2	2-2-2-2-2-2-1-2-2-0-1-2
230	3	3-3-3-3-3-3-3-3-3-3-3-3	2-3-3-1-2-3-2-4-2-2-1-4	0-2-0-1-1-2-4-5-4-5-4-4	2-2-4-1-1-1-4-1-4-4-5-0	1-6-0-1-2-5-2-4-2-6-7-2	1-3-2-2-2-1-4-4-2-3-3-2	2-2-4-2-2-3-3-4-3-3-2-2	4-1-2-4-3-3-3-2-4-4-2-0	3-2-2-2-7-2-4-2-4-2-4-2	2-2-3-5-1-1-4-2-1-2-0-2	2-2-4-3-4-3-0-7-2-4-2-4	2-2-1-2-4-3-1-3-5-0-3-2
230	4	5-4-4-4-4-4-4-4-5-4-4-4	5-5-3-1-4-5-2-3-2-2-1-3	0-4-4-3-5-2-3-6-5-2-5-3	2-6-5-5-1-2-4-1-5-3-3-0	1-0-0-4-2-3-4-5-5-6-2-1	1-2-2-2-4-1-5-3-4-4-5-2	2-2-3-0-2-4-5-5-4-4-0-2	3-1-2-3-2-7-6-4-3-3-2-0	5-2-3-2-4-2-3-11-4-4-3-2	9-2-4-3-4-4-3-5-4-2-6-1	2-2-5-5-3-3-0-3-10-3-2-3	8-2-7-5-6-4-2-3-3-4-5-5
230	5	4-3-4-5-5-5-4-5-4-5-5-6	6-4-3-1-7-5-3-7-7-8-5-6	2-5-6-1-4-9-6-6-4-3-4-5	6-6-4-6-6-2-6-6-4-3-3-0	6-6-1-8-2-3-6-4-7-5-8-4	2-3-6-2-4-1-4-5-4-5-4-6	2-1-3-0-2-4-4-4-4-4-6-2	6-1-2-2-5-0-4-2-2-4-6-0	4-2-2-5-7-5-2-6-5-7-9-7	5-2-5-3-7-11-5-4-1-2-4-1	5-2-4-4-4-6-6-2-2-2-7-2	5-7-5-4-5-5-5-5-3-0-4-4
230	6	6-7-4-6-6-6-4-6-4-8-6-5	5-7-3-1-4-5-8-7-5-5-7-5	0-6-6-7-7-5-7-8-8-8-5-7	5-7-7-5-7-8-7-5-8-7-3-5	5-3-3-7-2-3-5-4-5-8-5-6	5-3-7-8-6-1-5-5-6-7-4-6	2-7-6-2-2-6-4-4-7-9-6-7	5-6-8-2-5-0-4-8-2-6-5-0	7-2-2-2-7-5-4-5-5-5-6-5	6-2-6-5-7-8-7-8-6-2-4-1	5-5-8-4-7-5-6-2-2-5-5-2	5-2-5-5-5-5-7-5-3-5-4-6
230	7	4-6-7-6-8-8-6-8-7-5-7-8	2-6-3-1-5-5-9-6-5-5-8-8	8-8-8-6-6-2-6-8-8-6-5-6	8-8-8-8-6-8-6-9-5-6-6-8	8-7-9-6-2-3-8-8-5-6-8-8	8-8-6-6-6-11-8-2-4-6-4-8	8-6-6-0-6-7-4-5-6-6-8-6	7-6-8-8-2-7-4-11-2-2-8-2	8-2-2-8-7-5-2-8-5-5-6-5	8-8-9-4-8-5-4-4-7-2-8-7	8-2-6-8-6-9-8-3-8-7-5-9	5-5-4-8-8-5-6-5-3-8-4-6
230	8	8-8-8-8-9-8-9-8-8-8-8-9	9-9-10-1-10-5-7-6-5-5-7-7	7-7-7-6-5-9-7-7-7-9-9-7	7-8-7-7-7-7-11-7-9-9-9-7	7-0-7-5-9-9-9-7-9-6-7-7	7-7-9-6-10-7-9-8-8-8-5-7	7-9-8-0-11-8-8-9-6-8-7-9	8-9-9-7-6-7-9-8-2-8-7-0	7-8-2-7-8-7-0-7-5-4-4-8	7-7-8-8-7-6-7-9-7-9-7-10	7-5-6-4-8-7-7-11-7-2-5-8	4-5-5-7-7-7-6-8-8-7-4-8
230	9	9-9-8-8-8-8-8-7-8-8-8-8	11-8-8-11-8-8-10-9-5-10-7-10	10-9-10-6-9-8-9-9-9-8-8-9	9-9-8-10-7-7-9-7-8-8-8-11	7-10-7-6-10-8-10-10-8-6-8-9	10-9-8-9-10-11-8-9-8-5-1-7	9-8-8-9-9-7-8-8-6-6-9-8	9-8-8-8-8-11-8-8-2-9-10-9	9-9-10-9-7-5-9-10-5-2-5-5	4-10-7-9-9-5-8-8-9-10-9-1	9-9-9-9-8-7-9-9-9-7-5-7	9-5-9-7-9-7-6-9-9-9-4-6
230	10	11-10-11-11-11-10-11-11-11-11-10-11	11-11-8-11-8-11-11-10-11-10-11-11	10-10-11-11-10-11-10-10-11-10-11-10	11-9-10-11-6-9-10-7-8-9-9-10	9-9-11-6-9-8-11-10-8-10-10-7	10-10-8-9-9-9-8-8-9-8-4-9	11-8-8-10-9-10-8-9-6-11-9-10	9-8-7-10-10-10-8-8-11-9-9-9	10-9-9-9-10-10-10-9-5-10-10-5	11-11-7-9-10-5-10-10-9-9-9-11	11-2-10-11-8-7-9-10-9-10-5-7	11-10-10-11-10-10-11-9-11-9-6-3
230	11	11-11-10-10-11-11-10-11-10-10-11-11	10-10-11-10-8-10-10-10-10-11-10-10	10-10-10-10-11-11-10-10-10-11-10-11	10-11-10-11-11-11-10-11-11-11-11-10	11-9-10-11-10-11-10-11-8-11-5-7	11-11-11-11-11-9-11-11-11-11-11-11	10-11-11-11-8-11-8-11-11-10-8-9	11-11-7-11-11-9-8-7-10-10-11-9	7-11-11-11-10-11-11-4-11-10-9-5	10-11-11-11-11-5-11-10-11-11-11-11	10-11-11-10-6-10-9-10-11-11-5-11	10-10-11-10-7-11-11-9-11-11-11-11
231	0	0-0-0-0-0-0-0-0-0-0-0-0	0-0-0-0-0-0-0-0-0-0-0-0	0-0-0-0-0-0-0-0-0-0-0-0	0-0-0-0-0-0-0-0-0-0-0-0	0-0-0-0-0-0-0-0-0-0-0-0	0-0-0-0-0-0-0-0-0-0-0-0	0-0-0-0-0-0-0-0-0-0-0-0	0-0-0-0-0-0-0-0-0-0-0-0	0-0-0-0-0-0-0-0-0-0-0-0	0-0-0-0-0-0-0-0-0-0-0-0	0-0-0-0-0-0-0-0-0-0-0-0	0-0-0-0-0-0-0-0-0-0-0-0
231	1	1-1-2-1-2-2-1-1-1-1-1-1	1-0-2-2-2-1-1-1-1-2-2-3	1-2-2-1-2-3-1-1-2-2-2-1	2-2-2-2-2-2-1-1-0-2-2-1	2-2-1-1-2-2-2-2-0-1-1-2	2-1-2-1-2-2-0-1-0-0-3-2	2-1-1-0-1-0-3-2-1-2-6-3	1-1-2-2-2-1-1-2-1-3-2-3	1-1-1-2-2-2-6-3-2-2-2-3	1-1-4-1-5-1-2-1-1-6-2-0	5-0-2-3-9-3-1-6-0-1-1-2	11-1-1-0-1-3-1-3-9-1-9-9
231	2	1-1-1-1-1-1-1-1-1-1-1-1	1-0-1-1-1-1-3-3-1-1-1-1	3-1-1-1-1-1-3-1-1-1-1-1	3-3-3-1-1-1-2-1-1-1-1-2	1-7-3-0-3-1-3-1-3-2-2-1	1-3-1-1-1-1-0-1-0-0-0-3	1-0-0-2-1-9-0-1-0-1-7-1	1-1-1-1-1-3-0-1-2-11-1-1	3-3-3-1-6-1-2-2-1-1-1-0	2-2-2-3-1-1-1-1-3-1-3-0	2-1-1-1-1-2-1-1-7-2-2-2	4-2-2-2-2-2-1-1-1-2-1-1
231	3	1-1-3-1-1-3-1-3-3-1-3-4	1-0-1-5-1-1-2-4-1-1-5-1	2-4-2-4-4-1-4-1-1-4-4-4	4-2-2-4-4-4-2-4-4-1-3-2	5-1-2-5-2-3-2-4-2-1-5-4	4-2-4-3-1-4-3-4-0-0-1-2	3-5-1-2-3-2-1-4-3-1-4-3	1-3-4-3-3-2-0-3-3-1-1-1	1-2-2-3-11-1-2-1-1-5-3-3	7-3-1-2-4-4-3-1-6-1-2-4	1-3-1-1-1-1-1-1-2-3-3-3	1-3-2-2-1-1-3-1-1-3-0-3
231	4	5-4-3-1-1-4-4-4-4-3-4-4	5-4-1-1-1-1-5-4-4-5-3-5	2-5-2-3-3-7-3-5-1-3-3-3	6-5-5-3-3-3-4-3-3-4-3-2	3-2-2-3-5-3-5-3-4-4-6-6	3-6-6-5-4-3-5-7-4-4-10-4	6-3-7-2-5-4-5-5-4-5-3-7	1-4-3-5-6-4-4-5-4-4-4-1	4-5-4-5-3-6-7-5-7-4-3-5	4-7-7-4-3-3-4-4-1-5-4-3	7-4-4-1-4-4-1-4-4-5-4-4	2-4-2-2-4-4-3-4-1-4-0-4
231	5	5-5-5-5-5-4-5-5-5-5-7-5	4-7-6-3-1-5-4-6-4-4-3-6	2-4-3-3-6-4-6-7-3-7-6-6	4-4-4-4-3-4-6-3-5-6-6-2	3-2-2-3-4-6-4-6-4-4-7-2	3-4-4-4-4-3-6-6-4-5-0-4	3-3-8-2-4-7-4-6-5-4-1-4	1-3-3-4-3-4-5-4-6-5-1-1	5-4-4-4-9-4-1-4-6-4-6-4	4-3-5-7-1-3-6-4-2-4-6-4	1-4-7-10-6-5-1-4-2-6-4-6	1-4-2-2-1-1-3-1-7-7-5-1
231	6	6-6-6-7-6-7-6-5-6-6-6-6	7-7-5-1-7-7-2-5-4-4-3-5	2-6-3-5-5-4-5-7-7-4-7-5	4-5-7-6-3-4-6-3-7-5-5-2	3-1-2-6-4-5-7-6-7-4-4-4	1-4-4-3-6-3-7-5-6-6-8-4	4-3-5-2-4-5-7-5-6-6-1-4	1-4-3-5-4-2-6-4-5-5-4-1	11-4-5-4-2-4-1-2-5-6-5-5	1-4-6-5-3-6-5-4-3-1-5-3	4-4-7-1-5-5-1-1-2-5-4-5	2-4-2-2-1-1-3-1-1-7-7-7
231	7	6-8-7-6-7-6-6-8-8-7-5-6	8-5-5-8-6-6-8-6-8-4-8-5	8-8-8-8-8-4-8-8-8-5-6-8	7-8-6-7-8-8-6-8-6-6-4-2	8-2-2-8-4-5-8-8-6-8-8-7	8-8-8-4-9-9-6-9-6-6-8-8	3-3-4-2-4-4-6-6-4-5-8-4	1-7-3-8-4-2-6-6-4-1-7-1	4-1-11-4-2-4-2-8-6-8-9-7	3-4-4-8-8-3-7-4-7-1-8-8	4-4-6-7-1-9-2-1-2-7-4-4	1-7-7-2-8-7-3-1-5-7-6-6
231	8	8-7-8-8-8-7-8-8-10-8-7-8	7-9-5-7-9-9-7-9-7-4-7-8	7-7-7-7-7-7-7-7-7-9-9-7	7-7-7-7-7-7-8-7-9-5-9-7	7-1-2-7-4-9-7-7-9-7-7-7	7-7-7-3-8-1-9-8-8-8-7-8	4-3-8-2-11-8-8-7-6-8-7-4	1-7-7-7-9-2-8-8-5-5-11-1	1-8-4-4-2-8-2-7-8-7-5-10	4-7-8-7-7-6-5-4-3-1-7-7	4-4-5-6-5-2-1-1-2-8-4-5	1-7-7-2-7-1-3-1-5-5-11-8
231	9	9-8-8-8-10-9-8-10-8-11-5-8	9-8-8-10-8-8-10-9-11-10-7-11	9-10-10-7-9-9-10-9-9-10-8-9	9-10-8-7-7-7-9-7-8-10-10-11	7-10-2-9-9-8-10-9-8-9-9-9	1-10-7-9-7-11-8-7-8-5-9-10	9-3-5-2-9-2-6-10-4-4-9-7	10-8-10-8-8-11-8-8-4-9-9-11	9-10-4-4-10-1-9-10-8-4-7-7	1-11-9-9-10-3-10-4-2-10-10-3	10-4-6-10-1-9-10-1-9-7-7-4	1-4-9-2-9-1-8-10-1-9-1-1
231	10	11-11-11-11-11-11-11-10-8-11-10-11	11-11-11-11-11-11-11-11-11-11-10-11	9-9-11-11-10-9-10-9-11-9-9-10	9-9-11-11-10-9-8-7-8-9-9-2	10-9-2-9-9-10-9-10-8-11-7-10	10-9-7-10-9-9-8-11-10-10-4-9	9-10-10-11-9-10-6-9-10-11-11-4	9-10-9-10-11-10-8-8-4-9-9-9	11-9-10-4-11-10-11-9-8-11-10-8	10-10-8-9-11-11-9-10-2-9-9-10	9-4-10-9-5-10-9-10-9-10-8-10	11-11-10-2-10-10-10-9-10-11-10-10
231	11	11-11-11-11-11-11-10-11-11-10-11-11	10-10-11-10-10-10-10-10-10-11-10-10	9-9-10-10-11-11-11-11-10-11-11-11	11-11-11-10-11-11-9-11-8-11-11-9	10-9-11-11-11-11-10-11-8-11-6-7	11-11-11-11-11-9-11-11-11-11-11-11	4-11-11-11-8-11-11-11-11-11-10-10	11-11-3-11-11-10-7-7-4-11-8-9	6-11-11-11-10-11-11-6-11-10-10-10	2-10-11-11-11-10-11-10-11-11-9-11	9-11-11-9-6-11-9-11-11-1-11-11	1-4-11-2-10-11-11-9-11-11-8-11
232	0	0-0-0-0-0-0-0-0-0-0-0-0	0-0-0-0-0-0-0-0-0-0-0-0	0-0-0-0-0-0-0-0-0-0-0-0	0-0-0-0-0-0-0-0-0-0-0-0	0-0-0-0-0-0-0-0-0-0-0-0	0-0-0-0-0-0-0-0-0-0-0-0	0-0-0-0-0-0-0-0-0-0-0-0	0-0-0-0-0-0-0-0-0-0-0-0	0-0-0-0-0-0-0-0-0-0-0-0	0-0-0-0-0-0-0-0-0-0-0-0	0-0-0-0-0-0-0-0-0-0-0-0	0-0-0-0-0-0-0-0-0-0-0-0
232	1	2-1-1-1-1-1-1-2-2-2-2-2	2-2-1-1-2-2-2-2-2-1-2-2	0-1-2-2-2-3-2-2-3-2-3-2	2-2-2-2-1-0-2-3-1-2-2-2	3-0-1-2-2-2-2-1-1-2-2-0	2-2-2-1-2-1-1-3-1-1-1-1	1-1-2-1-2-1-2-2-2-2-1-1	2-1-2-1-1-1-2-1-1-2-2-9	1-2-2-1-1-2-2-1-2-3-1-2	2-0-1-3-1-3-3-2-1-3-1-1	2-2-2-0-2-1-9-0-1-2-2-1	1-1-0-1-1-3-3-3-2-1-2-3
232	2	1-1-1-1-1-1-1-1-1-1-1-1	1-1-1-2-1-1-3-2-1-1-3-3	2-2-1-1-4-1-3-3-1-1-1-3	3-1-1-1-2-3-1-6-1-1-3-4	4-0-5-4-1-1-3-3-1-1-1-2	3-3-2-2-1-5-3-1-1-1-14-3	2-2-1-2-1-2-1-1-1-1-3-2	1-2-3-2-2-3-1-2-2-1-3-1	2-1-1-2-3-1-1-3-1-1-3-1	1-3-2-1-3-2-4-1-9-1-6-3	3-1-1-2-1-2-3-0-6-3-1-2	1-2-2-2-2-1-4-1-1-2-1-1
232	3	1-1-1-1-1-1-1-1-1-1-1-1	1-1-1-2-1-1-4-4-3-4-2-2	8-2-2-2-2-8-2-2-1-5-4-2	2-4-4-4-2-2-1-2-3-1-4-2	1-0-2-1-4-3-4-2-3-1-1-2	2-2-5-1-3-2-4-4-3-3-8-3	2-3-1-3-4-1-1-4-3-1-2-4	1-2-2-4-3-2-1-4-6-1-5-1	3-1-3-3-2-1-3-2-1-1-2-1	1-2-2-1-2-1-1-1-2-1-2-2	3-1-3-1-3-3-2-3-3-2-1-3	3-3-5-4-3-1-1-1-1-2-1-1
232	4	4-4-4-4-1-3-4-4-4-4-1-4	3-8-5-2-1-1-3-5-3-3-2-5	2-3-3-2-2-3-5-6-1-6-5-5	3-3-3-3-2-2-5-2-4-5-6-2	2-0-2-2-3-6-3-3-3-6-6-2	1-2-3-1-1-2-5-5-3-4-2-4	2-4-1-3-3-1-3-5-4-1-2-3	5-2-2-3-4-4-1-3-5-4-2-1	4-1-3-3-4-1-1-2-1-4-5-1	0-2-4-6-2-1-5-1-2-1-2-1	1-3-8-4-5-5-2-0-2-5-1-5	1-3-2-3-2-1-2-1-8-2-1-1
232	5	5-1-5-5-5-6-5-4-7-5-5-5	6-6-4-2-8-1-1-7-1-3-6-4	3-5-5-4-6-3-4-7-6-3-6-4	3-3-6-6-2-3-7-2-6-4-4-2	2-0-2-5-3-4-5-5-6-1-1-2	2-3-3-1-5-2-6-4-5-5-6-3	2-4-1-2-3-1-5-4-5-5-2-6	4-2-2-4-3-8-8-3-4-4-3-1	6-1-4-2-5-1-1-2-5-9-4-6	1-0-5-4-2-5-4-6-2-1-2-2	6-1-13-6-4-4-2-0-2-4-1-4	1-2-2-2-2-0-2-1-6-1-6-6
232	6	5-4-5-5-6-7-5-1-5-6-6-6	7-4-4-2-8-7-4-5-7-8-6-7	3-6-7-2-5-4-7-4-5-4-5-6	7-6-5-7-2-3-7-2-5-4-4-2	6-4-2-7-3-4-7-5-5-6-4-2	2-6-7-2-5-2-5-6-5-6-5-7	2-8-1-2-3-1-5-5-5-5-2-6	1-2-2-7-6-6-5-3-3-8-2-1	5-1-3-6-3-6-2-7-8-8-6-10	1-2-6-4-2-18-6-5-2-1-2-1	6-9-6-5-5-7-7-6-2-6-8-3	6-6-6-7-6-1-6-7-4-6-5-5
232	7	9-9-8-7-7-7-5-7-5-8-8-7	6-5-4-2-5-6-8-8-6-6-9-9	3-8-9-9-8-9-8-8-8-9-8-8	6-5-9-8-9-9-5-6-6-7-4-6	6-4-2-8-3-4-6-5-8-9-6-2	2-6-6-8-7-2-5-6-7-7-2-6	2-7-7-2-3-1-5-5-7-10-7-9	1-7-9-6-6-4-5-3-3-7-8-1	3-1-3-3-3-6-1-6-6-9-7-6	7-2-7-6-2-8-5-11-2-1-2-7	3-6-6-5-8-6-6-3-2-2-6-3	6-6-6-6-2-1-8-6-4-6-5-5
232	8	9-6-7-7-10-8-8-8-8-7-7-9	8-4-4-2-6-6-7-7-6-6-7-7	9-7-9-7-7-3-7-7-7-7-7-7	9-3-9-7-10-8-4-14-6-4-4-8	10-0-8-7-3-4-9-9-6-7-8-9	3-9-9-7-7-10-4-4-5-7-3-9	2-7-7-2-9-8-5-9-7-8-8-8	8-8-8-9-6-8-5-8-3-6-8-1	3-1-3-9-8-6-3-9-6-7-10-12	1-2-12-4-9-6-9-5-8-1-8-8	3-6-4-5-7-8-2-1-2-8-6-9	6-6-9-9-2-1-7-1-4-9-1-1
232	9	9-9-9-9-9-10-9-9-10-9-9-9	10-10-11-2-6-10-7-7-10-10-7-10	8-9-8-7-8-9-8-9-7-10-10-9	9-9-8-7-7-8-12-8-10-10-9-8	8-0-8-8-3-10-8-8-10-7-8-8	3-8-10-7-10-8-10-9-9-7-9-8	2-13-14-2-8-9-6-8-7-12-8-7	9-8-8-8-8-9-13-8-3-9-8-1	9-9-3-8-5-9-1-8-6-7-9-8	1-0-9-6-8-9-8-7-2-1-2-8	18-6-12-5-13-6-1-0-2-8-6-8	13-8-8-8-2-1-7-13-14-8-13-11
232	10	10-10-11-11-10-9-9-11-9-11-11-9	11-9-9-2-6-11-11-11-9-9-11-11	12-11-11-7-11-11-11-10-11-9-9-11	11-10-11-11-8-11-9-8-9-9-11-10	8-11-8-8-14-9-11-10-9-7-10-10	11-10-9-10-9-11-9-11-10-7-1-11	10-7-9-18-10-8-5-11-7-7-10-8	10-8-8-9-9-11-9-8-3-10-10-13	10-13-11-8-2-6-10-11-6-11-8-6	13-11-8-11-16-6-11-6-10-13-13-8	11-11-10-12-7-12-11-10-13-8-6-3	10-11-10-10-10-1-7-10-4-10-9-1
232	11	11-11-12-10-11-14-12-11-11-10-12-11	10-12-9-10-13-12-10-10-9-9-10-10	10-10-10-10-10-10-10-10-10-11-12-10	10-10-10-10-8-10-11-8-11-11-12-10	8-10-8-8-10-12-12-11-12-10-8-8	10-10-8-10-11-10-12-11-12-11-6-11	2-14-9-12-10-11-12-12-11-11-10-12	1-8-8-11-11-10-11-9-3-11-10-10	1-11-10-10-11-9-10-10-10-10-2-9	10-10-9-10-11-14-10-7-10-10-10-9	10-11-10-10-1-10-10-13-10-3-6-8	11-10-10-2-10-11-7-10-4-10-9-14
232	12	13-14-11-14-11-12-11-11-11-12-11-13	14-11-11-14-13-14-14-13-14-13-13-13	10-13-13-14-13-13-13-10-13-11-11-13	10-10-13-13-13-13-13-8-13-12-11-10	12-10-14-7-12-11-13-13-11-7-12-8	14-14-12-12-10-10-11-13-11-11-8-14	14-11-9-14-11-8-11-11-11-7-14-12	10-8-10-12-12-12-9-12-12-10-14-10	10-10-13-13-8-6-11-12-11-14-12-8	12-14-8-11-12-6-9-7-13-10-10-8	10-11-9-10-9-10-10-13-14-12-6-12	11-12-10-12-12-6-7-10-4-10-9-11
232	13	15-13-14-13-14-13-11-11-14-12-12-12	14-9-11-12-14-14-12-12-14-14-12-12	10-12-14-7-12-13-12-12-12-11-13-12	14-14-12-10-12-14-12-8-12-11-10-10	12-11-8-8-12-13-12-12-11-13-12-8	15-12-14-13-9-10-12-12-13-11-13-13	14-9-9-12-12-14-5-12-13-13-14-12	10-8-10-12-13-12-9-12-12-11-14-10	14-10-12-12-13-6-10-12-17-6-13-9	10-14-13-10-10-6-9-13-12-10-10-14	10-11-5-10-9-10-10-11-10-13-6-12	9-13-11-12-14-1-7-10-4-10-9-11
232	14	14-14-13-14-13-12-16-14-13-14-14-14	13-11-11-12-15-14-12-16-12-13-14-12	10-15-13-15-15-16-15-15-15-16-15-14	15-16-14-15-15-13-14-8-15-16-14-10	12-10-12-14-10-13-12-12-14-14-12-8	15-12-13-13-14-10-15-15-11-11-2-12	12-11-9-12-14-13-10-12-7-13-13-14	10-12-14-15-14-10-11-14-12-16-12-10	13-10-14-14-14-14-14-13-14-14-13-14	12-13-13-14-16-11-14-11-14-10-14-13	10-11-14-14-14-18-10-14-10-14-6-14	14-14-10-12-14-14-14-14-9-15-9-14
232	15	17-18-16-16-16-18-16-16-18-16-18-18	16-16-16-16-16-16-16-16-16-16-16-16	13-14-16-16-16-16-14-16-16-15-14-14	16-14-16-16-14-14-16-8-16-16-14-10	16-10-12-16-17-16-16-15-16-16-16-12	16-12-16-18-16-16-16-16-16-16-2-16	15-16-15-12-14-15-16-16-16-18-12-15	17-15-14-14-15-16-17-14-12-15-16-10	15-10-17-14-18-16-16-13-16-18-15-16	16-16-15-16-14-16-16-16-14-10-10-16	10-16-16-15-16-17-10-16-10-16-16-17	16-14-15-18-15-16-16-17-15-14-16-16
232	16	15-15-15-15-15-15-15-15-15-15-15-15	15-15-15-18-15-15-15-17-15-15-15-15	16-17-15-15-15-15-16-15-15-14-16-16	15-14-15-15-16-16-15-8-15-15-14-10	15-10-16-15-12-15-15-15-15-15-15-16	15-12-15-13-15-10-15-15-15-15-3-17	18-15-15-12-14-16-15-15-15-15-10-15	15-16-15-17-13-15-9-14-12-14-15-10	17-10-15-16-18-15-15-16-15-15-16-15	15-15-13-15-14-15-15-15-14-10-10-15	10-15-15-15-15-16-10-14-10-15-15-16	15-14-15-15-15-15-15-14-15-10-15-15
232	17	15-15-15-18-15-15-15-18-15-18-15-15	15-15-15-16-15-15-18-16-16-15-18-18	17-16-18-15-17-15-17-17-18-15-17-17	18-17-17-18-16-16-17-10-15-17-14-10	15-10-15-15-15-17-18-17-15-17-15-17	17-15-15-15-15-15-16-16-15-15-16-17	15-15-17-15-14-17-15-17-15-17-16-15	15-16-15-16-16-18-15-15-15-15-16-17	18-10-15-15-17-17-16-15-15-15-15-14	17-15-16-18-17-15-17-17-14-15-16-15	15-15-15-18-18-15-17-14-17-15-15-15	18-17-17-15-17-15-15-15-18-15-15-15
232	18	18-18-17-15-18-15-15-15-15-17-15-15	15-15-18-16-15-15-17-17-17-15-17-17	15-18-18-16-18-18-18-18-17-18-18-18	17-18-17-17-18-18-17-8-15-18-18-10	16-10-18-18-18-18-17-17-18-18-8-8	18-18-18-15-18-10-18-18-18-18-18-17	16-18-18-18-17-18-15-18-18-15-10-15	18-18-15-18-18-17-18-16-16-14-15-10	17-18-18-18-16-15-18-15-18-15-16-15	17-18-18-18-18-6-18-15-14-18-10-18	16-15-18-17-17-14-10-18-18-18-15-18	17-15-18-15-17-18-18-14-18-18-18-18
233	0	0-0-0-0-0-0-0-0-0-0-0-0	0-0-0-0-0-0-0-0-0-0-0-0	0-0-0-0-0-0-0-0-0-0-0-0	0-0-0-0-0-0-0-0-0-0-0-0	0-0-0-0-0-0-0-0-0-0-0-0	0-0-0-0-0-0-0-0-0-0-0-0	0-0-0-0-0-0-0-0-0-0-0-0	0-0-0-0-0-0-0-0-0-0-0-0	0-0-0-0-0-0-0-0-0-0-0-0	0-0-0-0-0-0-0-0-0-0-0-0	0-0-0-0-0-0-0-0-0-0-0-0	0-0-0-0-0-0-0-0-0-0-0-0
233	1	1-1-1-1-1-1-1-1-1-1-1-1	1-0-1-1-1-1-0-1-1-1-1-0	4-2-0-2-2-2-2-2-0-1-2-2	2-0-0-4-2-2-0-4-2-0-2-0	2-0-0-2-0-1-2-2-0-1-0-2	2-0-2-1-3-4-2-1-1-1-2-2	3-1-1-0-1-1-1-2-1-1-0-2	1-1-2-2-1-2-1-1-1-1-0-0	0-0-0-2-2-1-0-2-1-1-2-1	0-1-1-0-2-2-1-1-4-0-0-1	0-1-0-0-1-0-0-0-0-2-1-1	0-1-1-0-0-1-1-0-1-0-2-1
233	2	2-2-2-2-2-2-2-2-2-2-2-2	3-2-2-1-2-4-2-2-2-3-1-3	1-1-1-1-1-1-1-1-3-3-1-1	3-3-3-1-1-4-2-1-1-2-3-0	1-0-1-1-4-1-3-3-3-2-3-1	1-3-4-0-2-1-3-2-2-2-1-1	1-2-2-2-3-1-2-1-2-2-2-1	1-1-1-3-2-2-2-3-3-0-4-2	2-3-3-3-1-2-2-3-2-2-1-2	2-1-2-2-1-1-2-2-0-2-2-1	2-2-2-0-2-2-0-2-2-3-2-2	2-2-3-2-0-2-4-2-1-0-1-2
233	3	3-3-3-3-3-3-3-3-3-3-3-3	3-3-3-1-3-4-2-4-2-2-1-2	1-3-2-1-1-1-4-2-4-4-4-1	2-2-2-2-1-2-3-1-4-3-2-0	1-0-0-1-2-4-2-2-2-1-2-1	1-2-2-2-1-1-4-3-3-3-1-3	1-1-4-2-2-3-2-4-3-3-1-4	3-1-1-2-3-2-2-2-2-3-2-0	3-2-2-2-3-2-0-2-4-2-1-3	2-1-3-3-0-2-2-3-1-2-0-1	0-3-4-4-4-2-0-2-2-2-4-2	4-2-2-3-0-3-5-3-0-0-3-4
233	4	4-4-4-4-4-4-3-4-4-4-3-4	3-5-5-1-4-3-2-3-4-2-5-5	1-2-2-2-1-2-3-4-3-3-3-1	2-2-5-1-1-2-4-1-3-3-5-0	1-0-0-1-2-3-3-4-5-5-2-1	1-2-2-0-1-1-5-5-4-4-5-3	1-1-3-0-2-4-4-3-4-4-5-3	4-1-1-2-4-5-4-4-2-3-2-5	4-2-2-4-7-2-5-2-4-3-4-4	4-1-4-4-4-5-5-4-1-2-0-1	0-3-3-4-4-3-0-5-0-2-3-2	3-5-2-5-5-4-2-5-4-4-4-3
233	5	6-7-6-6-6-4-7-5-6-6-5-6	6-4-4-6-6-6-6-6-6-6-6-6	5-6-6-6-6-7-6-6-6-6-5-6	6-6-7-6-6-6-5-6-5-6-4-7	6-6-7-7-2-3-6-6-4-6-6-6	6-6-5-8-1-6-4-6-4-4-6-6	6-5-7-6-2-5-4-5-4-7-6-4	6-5-1-6-6-6-5-6-7-6-6-5	6-6-4-6-5-6-5-6-4-5-6-7	4-6-7-9-6-4-6-6-5-6-6-4	6-3-7-7-6-7-5-4-6-5-5-2	6-4-5-6-6-6-5-6-7-5-5-10
233	6	5-6-6-5-5-6-5-5-5-6-5-7	5-7-7-5-7-5-5-5-5-5-5-5	5-5-5-5-5-5-5-5-5-7-7-5	5-5-5-5-5-5-7-5-7-5-7-5	5-5-5-1-2-7-5-5-7-5-5-5	5-5-7-5-1-5-7-5-6-6-5-5	5-7-6-5-6-6-7-6-4-5-5-7	6-7-2-7-5-5-7-5-2-6-5-0	5-5-2-7-7-5-7-5-6-5-5-6	6-5-6-6-5-5-5-5-1-5-5-1	9-7-5-6-5-5-0-5-5-5-7-6	5-2-8-5-5-5-7-5-5-6-5-5
233	7	7-5-5-5-5-6-5-6-5-5-6-6	5-6-6-7-6-5-8-5-5-6-5-6	7-7-8-5-7-5-8-7-5-6-6-7	7-7-5-5-8-8-6-5-6-5-7-5	5-8-5-5-8-6-8-5-6-7-7-7	8-5-6-7-7-10-6-8-7-4-1-5	7-6-5-5-7-7-6-7-4-5-8-6	9-6-7-6-2-8-6-5-5-7-7-7	7-9-7-6-8-7-7-8-6-2-5-4	6-8-5-7-6-1-5-5-7-5-8-1	7-6-5-9-5-7-9-7-8-5-6-2	5-4-7-5-7-6-6-8-5-7-5-5
233	8	9-10-8-8-9-10-9-10-10-9-9-10	9-9-9-9-9-9-9-8-9-9-9-9	7-9-9-9-9-9-7-10-9-9-9-8	9-7-9-9-7-7-10-5-9-9-9-5	10-7-5-7-7-8-8-8-9-8-9-5	8-7-9-8-9-9-9-7-8-8-5-8	5-9-8-8-6-8-8-9-9-9-10-10	8-8-9-8-8-7-6-9-2-9-7-7	8-7-8-6-10-9-9-9-9-10-9-9	6-8-5-10-9-9-9-9-8-9-7-9	9-9-10-7-10-7-7-10-7-8-9-8	10-10-8-5-9-9-9-9-9-8-9-9
233	9	8-10-8-8-8-8-8-8-8-10-8-8	8-8-8-10-8-8-10-10-8-8-10-8	9-8-10-8-8-8-9-8-8-8-8-9	8-9-8-8-9-9-8-5-8-8-8-9	9-9-9-8-7-8-10-9-8-8-8-9	9-8-8-9-8-8-8-8-4-8-4-10	10-8-8-8-6-9-8-8-8-8-9-10	8-9-8-9-9-8-6-10-10-8-9-7	10-7-9-9-10-8-9-8-8-8-9-8	6-9-5-5-8-8-8-8-8-8-7-8	8-8-9-7-6-9-7-9-9-8-8-9	9-9-7-9-9-8-8-8-8-9-8-8
233	10	10-9-10-9-10-8-8-8-10-9-10-8	9-8-8-9-8-8-9-9-8-10-9-9	7-10-9-8-10-10-10-8-8-10-10-10	9-10-10-10-10-10-8-10-10-10-10-5	9-7-10-10-10-10-9-10-8-10-9-5	10-10-10-9-10-7-8-10-10-10-10-9	9-10-10-10-6-10-8-9-10-8-8-9	10-10-9-10-10-9-6-9-9-8-8-7	9-10-10-10-9-8-10-8-10-8-9-8	6-10-10-8-10-4-10-9-10-10-7-10	6-8-10-7-6-2-7-8-10-10-8-10	8-6-10-9-8-10-10-8-10-10-10-5
234	0	0-0-0-0-0-0-0-0-0-0-0-0	0-0-0-0-0-0-0-0-0-0-0-0	0-0-0-0-0-0-0-0-0-0-0-0	0-0-0-0-0-0-0-0-0-0-0-0	0-0-0-0-0-0-0-0-0-0-0-0	0-0-0-0-0-0-0-0-0-0-0-0	0-0-0-0-0-0-0-0-0-0-0-0	0-0-0-0-0-0-0-0-0-0-0-0	0-0-0-0-0-0-0-0-0-0-0-0	0-0-0-0-0-0-0-0-0-0-0-0	0-0-0-0-0-0-0-0-0-0-0-0	0-0-0-0-0-0-0-0-0-0-0-0
234	1	1-1-0-0-0-0-0-0-0-0-1-0	0-0-0-1-1-0-2-0-0-0-0-2	2-0-2-0-0-0-2-0-0-0-0-1	2-2-1-0-1-2-1-1-0-0-0-4	0-0-1-0-2-0-2-0-0-0-1-0	0-1-0-0-0-0-1-0-0-0-0-2	2-0-0-2-2-1-0-0-1-0-0-0	0-0-0-1-0-2-0-1-1-1-0-0	1-0-0-1-0-0-1-1-0-0-1-0	0-0-1-1-0-1-1-0-1-1-0-0	0-1-0-0-0-1-0-0-5-1-1-1	1-1-1-1-0-0-1-0-0-1-1-0
234	2	2-2-2-2-2-2-2-2-2-2-2-2	3-0-0-2-1-3-1-2-1-2-4-1	1-3-1-3-3-3-3-3-0-2-3-2	3-1-1-5-3-3-1-5-3-2-3-1	3-0-1-4-1-2-3-3-0-2-12-4	4-3-3-2-4-3-3-4-2-2-3-3	4-2-2-1-2-3-2-3-0-5-0-2	3-2-3-3-2-1-2-2-2-1-2-0	0-0-2-3-3-2-0-1-3-2-3-2	0-2-2-0-3-3-1-2-1-0-0-2	0-2-0-0-0-1-0-0-0-1-2-2	0-2-2-1-0-0-2-0-3-3-3-0
234	3	3-3-3-3-3-3-3-4-3-3-3-3	4-3-3-2-3-4-1-4-3-4-2-4	1-2-2-2-2-6-2-2-6-6-2-2	4-4-4-2-2-2-3-2-2-3-2-1	2-0-1-2-5-2-4-4-4-3-4-2	2-5-5-0-3-2-4-3-3-3-3-2	5-3-3-3-4-3-4-2-3-3-3-6	2-2-2-4-3-4-3-4-4-1-3-3	3-4-3-4-2-3-3-4-3-3-2-3	3-3-3-3-2-2-4-3-1-4-3-2	3-6-3-0-3-3-0-3-4-4-4-3	3-3-4-4-1-3-4-3-2-2-2-3
234	4	4-4-4-4-4-5-4-3-4-4-4-4	3-4-4-2-5-5-3-3-3-3-2-5	2-4-4-4-2-2-5-3-5-4-5-4	3-3-5-3-2-3-6-2-2-4-3-1	2-0-1-2-3-6-3-3-3-2-3-2	2-3-3-3-3-2-5-3-4-4-4-4	3-2-4-1-3-4-6-5-4-3-3-3	4-2-2-3-4-3-4-3-3-4-3-0	4-3-3-3-2-3-3-3-4-3-2-3	6-2-4-4-2-2-3-4-1-3-3-2	3-3-6-0-9-3-5-3-3-3-5-3	3-3-3-3-5-4-3-3-4-4-5-3
234	5	5-5-5-5-5-4-5-5-5-5-5-5	6-6-4-2-6-6-7-6-4-3-5-4	2-5-5-2-2-3-4-6-6-6-6-5	3-3-6-2-2-3-6-2-6-6-3-1	2-0-1-6-3-4-5-5-6-5-3-2	3-3-3-0-5-2-6-6-5-5-5-4	3-2-4-0-3-5-6-4-5-5-0-3	5-2-2-4-3-10-5-5-3-5-3-0	5-3-3-3-7-3-1-3-6-4-7-3	4-2-5-4-2-5-5-4-1-3-0-2	3-5-5-0-5-5-4-3-1-3-4-3	3-3-3-5-4-5-3-0-5-6-5-6
234	6	4-5-5-5-5-6-5-6-7-6-5-5	5-5-5-2-5-5-7-7-7-3-7-7	8-6-7-8-7-3-7-7-5-3-5-6	7-7-7-7-7-7-5-7-5-8-3-6	8-0-6-5-3-4-7-7-5-8-7-6	7-8-7-3-6-12-5-5-5-5-7-8	9-2-5-1-3-6-5-7-5-9-7-3	3-8-2-7-7-3-5-7-3-6-6-3	7-3-6-7-6-3-1-7-5-6-7-6	4-7-6-6-7-7-6-4-6-3-6-2	3-3-4-7-6-3-0-6-3-9-6-3	6-6-6-8-1-6-3-3-5-6-5-5
234	7	7-7-7-7-7-7-7-7-6-7-7-7	7-8-7-6-5-9-6-8-6-3-6-6	6-7-6-6-6-8-8-6-8-8-8-6	6-6-6-6-6-6-7-6-7-7-8-1	6-0-1-6-3-9-6-6-7-7-6-6	6-6-8-12-9-6-8-7-7-5-6-6	7-7-7-1-8-5-9-8-5-8-6-3	7-9-2-8-6-3-9-6-3-7-6-0	6-3-3-6-7-3-1-6-8-6-6-8	7-6-7-6-6-6-6-4-8-11-6-2	11-8-8-7-6-8-0-3-11-6-8-7	7-3-3-6-11-7-7-7-8-1-7-7
234	8	8-8-8-7-8-8-7-8-9-8-7-9	7-9-9-2-8-7-6-7-6-9-6-6	6-8-6-6-6-10-7-6-7-7-9-8	6-8-9-6-6-6-9-6-9-9-7-1	6-0-11-9-3-7-7-8-10-6-10-6	6-6-7-0-9-2-9-7-8-5-6-6	3-7-7-1-9-8-9-7-9-7-6-8	8-6-3-7-7-10-8-6-3-9-3-8	6-3-7-6-6-7-11-12-7-6-7-9	7-6-8-9-6-7-6-4-7-1-7-2	10-7-7-8-10-8-0-11-11-6-7-8	8-3-6-6-12-9-7-8-8-8-10-5
234	9	7-8-8-8-7-8-7-8-8-8-9-8	7-8-8-10-8-5-10-7-9-8-6-10	10-8-9-10-6-10-10-10-9-7-8-9	10-9-8-6-10-10-8-11-8-8-8-9	6-9-10-8-10-7-7-10-7-9-10-6	10-10-7-9-8-10-8-10-8-5-5-10	10-2-7-9-8-9-8-7-8-7-9-3	7-7-10-10-9-1-7-6-3-8-9-3	9-9-9-10-10-4-10-9-8-3-9-8	9-9-9-8-6-5-10-4-10-10-10-2	9-3-10-7-8-9-9-9-9-6-6-3	9-10-9-9-9-8-10-9-5-9-5-5
234	10	12-10-11-12-11-12-11-12-12-12-11-12	11-12-8-11-11-11-12-11-11-11-11-11	12-10-9-12-11-11-9-11-11-11-11-10	9-9-11-11-9-9-11-6-11-11-11-9	12-9-9-11-9-10-9-9-11-11-11-6	9-9-11-10-10-11-11-10-10-10-11-9	12-11-10-9-9-10-11-9-10-10-9-11	11-11-11-9-10-8-10-11-9-11-9-10	10-10-9-9-11-12-9-9-10-12-10-11	9-9-8-11-11-11-9-11-9-9-9-11	11-10-10-8-12-10-11-10-9-9-12-10	11-9-10-9-9-11-11-10-10-9-8-11
234	11	10-11-10-12-10-10-10-12-12-12-12-12	10-10-8-12-10-10-12-12-12-10-12-12	11-11-12-10-10-12-12-10-10-10-10-11	10-11-10-10-11-11-12-9-10-10-10-9	10-9-10-10-10-10-12-12-10-11-10-11	11-10-10-11-10-10-10-11-10-10-10-11	12-10-11-10-12-11-10-12-10-11-12-11	10-11-10-11-11-12-11-10-12-10-9-11	12-11-9-11-10-10-11-10-10-10-12-10	11-11-11-10-11-11-8-12-12-7-9-10	11-10-10-10-12-11-11-10-11-11-10-11	12-11-11-11-11-10-10-10-10-11-10-10
234	12	12-11-12-11-12-10-11-12-12-11-12-12	11-10-8-11-10-11-11-11-11-12-11-11	11-12-11-10-12-11-11-11-11-12-12-12	11-12-11-11-12-12-11-12-10-12-12-9	10-9-12-12-12-12-11-11-10-12-2-6	12-12-12-11-12-12-10-12-12-12-12-12	11-12-12-12-11-12-10-11-12-11-11-11	12-12-10-11-12-11-12-11-11-12-11-12	11-12-12-12-11-10-12-8-12-10-11-10	9-12-12-12-12-12-12-11-11-12-12-12	11-12-10-12-10-10-11-10-12-12-10-12	11-12-12-11-11-12-12-10-12-12-12-11
235	0	0-0-0-0-0-0-0-0-0-0-0-0	0-0-0-0-0-0-0-0-0-0-0-0	0-0-0-0-0-0-0-0-0-0-0-0	0-0-0-0-0-0-0-0-0-0-0-0	0-0-0-0-0-0-0-0-0-0-0-0	0-0-0-0-0-0-0-0-0-0-0-0	0-0-0-0-0-0-0-0-0-0-0-0	0-0-0-0-0-0-0-0-0-0-0-0	0-0-0-0-0-0-0-0-0-0-0-0	0-0-0-0-0-0-0-0-0-0-0-0	0-0-0-0-0-0-0-0-0-0-0-0	0-0-0-0-0-0-0-0-0-0-0-0
235	1	1-1-1-1-1-1-1-1-1-1-1-0	0-0-1-1-0-1-2-1-0-1-2-0	1-1-0-1-2-0-2-0-0-1-0-2	2-0-0-2-2-2-0-4-1-0-2-3	2-0-9-3-0-1-2-2-1-1-1-1	2-2-2-1-0-2-1-1-1-0-0-4	1-1-1-0-0-0-1-0-1-1-1-0	1-1-2-1-1-0-1-1-1-0-0-0	0-0-1-1-2-1-0-1-0-3-1-1	0-2-0-4-2-2-3-1-4-0-0-2	0-1-1-0-0-3-0-0-0-1-1-1	0-1-1-1-0-0-1-0-0-0-0-0
235	2	2-2-1-2-2-2-2-2-2-2-2-2	3-2-1-1-2-3-1-2-2-3-1-2	5-3-1-1-1-3-3-3-1-4-3-3	1-3-3-1-1-1-2-1-1-2-1-1	1-2-1-1-3-1-3-3-2-2-4-4	1-4-4-3-2-1-3-3-2-2-2-2	1-1-2-2-3-0-2-3-2-2-1-5	2-2-1-3-2-2-2-3-5-2-2-2	2-2-2-3-1-4-2-3-2-2-1-3	2-2-2-1-1-1-2-2-0-3-2-1	6-2-2-0-2-2-0-2-5-3-2-2	4-2-2-3-2-2-1-0-0-2-1-2
235	3	3-3-3-3-2-3-3-3-3-3-3-3	2-3-4-1-2-3-2-4-2-2-1-4	1-3-0-4-4-2-4-5-1-5-4-4	2-2-2-2-1-1-4-1-4-3-5-1	1-0-1-1-2-5-2-2-2-6-5-2	1-2-2-2-2-1-4-4-2-3-3-3	1-1-5-3-2-5-2-4-3-3-2-2	4-2-2-2-1-3-3-2-4-3-2-2	3-2-2-2-3-2-0-2-3-2-4-2	0-1-3-5-6-2-4-2-0-2-4-1	0-2-7-3-4-3-7-7-2-4-2-4	2-2-1-2-0-0-1-3-5-2-3-7
235	4	4-4-4-4-4-4-4-4-6-4-4-4	3-3-3-1-6-5-6-6-2-2-1-3	2-4-4-3-5-2-3-6-5-2-5-3	2-6-5-5-1-6-4-1-5-3-3-1	1-0-1-9-2-3-4-5-5-2-2-2	1-2-2-2-4-1-5-3-4-4-6-1	1-1-3-0-2-5-5-5-4-4-0-2	3-2-1-3-2-0-7-2-3-3-2-0	5-2-3-2-4-2-0-2-4-4-3-2	0-0-4-7-1-4-3-5-1-0-3-1	0-2-5-5-3-3-0-0-11-3-2-3	2-2-7-2-11-0-1-0-0-0-5-5
235	5	4-3-4-5-4-5-4-5-4-5-5-5	6-3-3-1-5-5-8-5-6-7-6-6	2-5-6-6-4-9-6-3-4-3-4-5	6-6-4-6-6-2-5-6-4-4-3-6	6-0-1-7-2-3-6-4-4-5-10-10	10-2-6-2-4-1-4-6-4-5-4-6	1-1-3-0-2-3-4-4-4-4-1-2	3-5-2-2-5-0-4-2-2-4-2-0	4-2-2-5-2-7-2-6-5-6-5-7	0-2-5-3-7-16-4-4-6-2-4-1	7-2-4-4-4-6-7-2-2-2-6-2	5-7-5-2-5-6-5-6-3-6-4-4
235	6	6-6-6-6-6-6-8-6-4-8-6-5	5-4-3-1-4-5-9-7-5-5-8-5	2-6-8-8-7-5-7-8-7-8-7-7	5-4-7-5-10-8-5-10-5-8-3-5	5-3-1-7-2-3-5-4-7-10-5-6	5-5-5-7-6-1-4-5-6-9-4-5	2-7-6-2-2-7-5-4-8-8-6-7	3-6-8-2-5-0-4-2-2-6-5-0	2-2-2-2-2-5-0-5-5-5-6-5	6-2-6-5-7-5-4-8-6-2-4-7	2-2-5-4-4-5-6-2-2-1-5-2	5-2-5-2-5-5-7-5-3-5-4-4
235	7	7-7-9-6-7-8-8-8-4-6-6-4	8-6-3-8-5-8-6-6-8-5-8-8	7-8-8-6-6-8-8-8-8-6-6-6	8-8-6-8-6-8-8-8-6-6-8-1	8-0-8-6-2-3-8-8-5-8-8-8	8-8-8-6-6-8-8-8-6-6-7-8	6-6-6-7-8-7-4-8-6-9-8-9	8-8-6-8-2-7-4-9-2-8-7-2	2-7-16-8-7-5-7-8-5-5-7-5	6-9-9-4-8-5-4-10-7-0-7-6	5-2-5-7-5-9-3-8-2-8-5-9	7-5-7-7-7-8-6-5-3-7-4-4
235	8	8-8-8-8-9-8-8-7-7-9-6-8	7-9-9-7-8-9-6-6-7-10-7-8	7-7-7-6-7-7-7-6-7-6-9-8	7-7-7-7-6-7-7-7-9-9-9-1	7-0-7-6-2-9-7-7-9-7-7-7	7-7-7-6-4-7-9-8-9-3-7-7	1-8-6-0-8-8-7-7-6-6-7-2	7-7-6-8-8-9-16-7-2-8-7-0	10-8-2-7-8-5-7-7-8-4-9-12	8-7-8-9-7-5-9-6-7-8-7-9	8-2-9-8-16-7-8-7-9-7-5-7	8-2-5-7-7-7-6-0-9-8-14-9
235	9	10-8-10-9-9-10-9-9-8-9-9-8	7-8-8-9-8-8-10-10-10-10-7-10	9-9-10-6-9-10-10-10-9-10-8-9	10-9-5-10-6-10-7-11-8-8-8-16	5-10-1-5-9-8-10-10-8-7-7-9	10-11-8-9-9-16-8-10-8-6-15-7	1-8-8-10-9-7-4-10-6-7-10-7	9-7-11-8-8-10-8-7-2-9-9-10	9-9-10-7-7-5-9-10-5-5-8-5	13-7-7-15-8-5-8-5-9-10-9-8	10-2-10-14-6-9-9-10-10-7-5-7	5-5-9-7-9-7-6-9-8-9-4-8
235	10	10-10-9-8-10-9-10-10-10-10-10-10	12-11-10-9-10-10-9-9-9-10-7-9	9-9-9-6-6-9-9-9-10-11-9-9	9-9-10-9-6-9-12-6-12-12-10-9	1-9-7-5-9-10-9-9-12-6-10-7	9-7-8-6-9-9-11-10-10-10-12-10	1-12-8-9-9-10-12-9-6-14-9-10	10-6-9-8-10-9-14-10-2-10-9-9	10-9-9-9-10-10-9-9-5-12-8-9	9-7-10-11-9-5-8-7-9-9-9-8	9-14-9-10-2-9-9-9-9-2-5-7	12-5-9-7-7-7-8-14-11-9-10-8
235	11	12-13-14-13-13-12-12-13-14-13-12-15	13-8-12-12-12-12-12-12-12-12-13-12	11-11-12-12-13-12-11-11-12-12-12-11	12-11-12-12-13-12-11-9-10-10-10-9	13-9-7-12-9-10-12-12-10-11-11-11	11-12-13-13-9-9-10-12-10-6-13-12	16-10-11-9-10-7-13-11-6-11-14-12	15-15-9-12-15-9-10-16-16-10-14-9	11-9-9-12-12-11-9-10-5-16-12-8	11-13-7-10-12-15-12-16-9-9-9-8	9-13-16-10-13-12-9-13-9-11-5-12	16-16-11-13-11-7-6-10-3-9-8-11
235	12	11-11-11-11-11-11-11-11-11-11-11-11	11-10-11-11-11-11-11-11-11-11-11-11	12-12-11-11-12-11-13-13-11-11-13-12	11-12-11-11-11-13-11-11-10-10-11-12	11-14-13-11-12-12-13-13-10-13-12-14	15-12-11-12-9-14-11-11-10-10-10-11	12-10-11-15-12-14-10-13-6-11-15-11	9-11-13-11-11-13-10-11-2-9-12-9	12-13-13-11-11-5-12-13-5-11-11-8	15-11-7-15-11-11-11-11-9-13-15-8	13-11-13-14-11-12-13-11-15-12-5-11	12-13-9-11-12-7-6-9-8-12-8-8
235	13	11-11-11-11-11-11-11-11-11-11-11-11	11-14-11-11-11-11-11-11-11-11-11-11	12-12-12-11-14-11-12-12-12-14-14-12	12-12-13-11-11-12-14-1-14-14-13-9	11-9-1-15-12-14-12-12-14-12-14-12	11-12-11-12-13-12-14-13-14-13-11-13	11-14-14-12-12-13-11-14-10-15-12-11	9-11-12-11-11-12-10-11-2-13-12-9	12-12-12-11-12-11-12-12-12-11-11-12	9-11-7-14-12-11-11-11-9-12-12-14	12-11-12-16-11-12-12-11-12-11-5-11	13-12-9-11-12-15-9-14-14-12-11-14
235	14	11-11-11-11-11-11-11-11-11-11-11-11	11-13-11-11-11-11-11-15-11-11-11-12	12-15-11-11-15-11-13-12-15-13-13-14	15-13-13-15-15-15-13-1-13-13-13-14	15-12-15-15-12-13-15-15-13-16-15-15	15-15-11-14-15-12-13-11-13-6-11-13	15-10-13-14-15-12-13-15-11-10-12-14	11-11-12-15-11-12-10-11-15-9-15-9	16-12-14-15-12-11-12-13-13-11-15-5	15-15-7-13-12-11-15-11-15-9-12-8	15-10-12-9-11-12-12-12-12-14-5-11	15-11-9-15-15-7-6-13-13-12-8-13
235	15	11-11-11-11-11-11-11-11-11-11-11-11	11-16-11-11-11-11-11-14-11-11-11-11	12-14-14-11-14-16-14-12-11-13-13-14	14-14-13-14-14-14-13-1-13-13-13-14	14-9-14-14-12-15-14-14-15-15-14-14	14-14-11-14-13-12-14-13-15-15-11-15	14-13-11-12-14-15-11-14-6-14-12-16	11-11-12-14-11-12-10-11-14-9-14-9	12-12-14-14-14-5-12-12-15-11-14-15	12-14-7-12-15-11-14-11-14-9-12-13	14-16-11-10-11-12-12-14-12-14-11-15	14-11-9-14-14-13-15-13-13-14-15-13
235	16	16-16-16-11-16-16-11-16-16-11-16-16	11-15-16-11-11-11-11-11-11-16-14-12	15-15-16-11-16-15-16-16-11-16-16-16	14-16-14-16-16-16-14-16-16-16-16-9	16-9-16-16-16-16-14-16-13-16-11-7	16-16-16-14-16-12-15-16-16-16-16-15	11-16-16-16-14-16-11-15-16-16-14-15	16-16-14-13-16-14-8-11-11-14-14-9	14-16-16-16-11-16-16-11-16-11-14-15	11-16-16-13-16-11-16-11-16-16-9-16	12-16-16-13-6-9-12-11-16-16-16-16	14-16-16-10-13-16-16-9-16-16-16-13
236	0	0-0-0-0-0-0-0-0-0-0-0-0	0-0-0-0-0-0-0-0-0-0-0-0	0-0-0-0-0-0-0-0-0-0-0-0	0-0-0-0-0-0-0-0-0-0-0-0	0-0-0-0-0-0-0-0-0-0-0-0	0-0-0-0-0-0-0-0-0-0-0-0	0-0-0-0-0-0-0-0-0-0-0-0	0-0-0-0-0-0-0-0-0-0-0-0	0-0-0-0-0-0-0-0-0-0-0-0	0-0-0-0-0-0-0-0-0-0-0-0	0-0-0-0-0-0-0-0-0-0-0-0	0-0-0-0-0-0-0-0-0-0-0-0
236	1	1-1-1-1-1-1-1-1-1-1-1-1	1-2-1-0-1-1-0-1-1-1-1-0	0-1-0-1-0-0-1-0-1-2-0-0	0-0-2-0-0-0-0-1-2-1-0-0	1-0-0-0-0-2-2-0-2-0-0-0	0-1-0-0-0-0-2-0-1-1-0-2	0-1-1-1-2-1-2-0-1-1-0-0	1-1-0-0-1-0-3-0-0-1-0-0	1-0-1-1-0-8-1-1-3-1-0-2	0-1-1-1-1-0-0-1-1-0-2-1	0-1-2-1-0-0-0-2-0-0-1-1	2-1-0-0-1-1-0-0-0-9-2-1
236	2	2-2-2-2-3-2-2-2-3-2-2-3	3-1-1-3-1-3-2-2-2-2-2-3	2-3-3-3-3-3-3-3-3-3-4-2	3-3-3-3-3-3-0-3-3-1-3-2	3-2-3-3-0-1-3-3-1-2-2-3	2-3-2-2-2-3-3-3-1-2-2-2	2-1-1-2-1-2-1-3-1-1-3-2	2-2-2-3-2-3-1-2-2-6-3-2	2-0-1-2-3-2-2-3-1-2-3-3	2-2-2-3-3-3-4-3-4-0-3-3	2-2-1-1-4-2-4-1-3-2-2-2	1-2-2-2-3-2-2-0-3-2-1-4
236	3	2-3-2-3-3-3-2-4-2-3-2-3	2-3-2-2-3-2-2-3-3-4-2-3	4-4-2-2-2-2-4-2-2-4-2-4	4-4-2-2-2-2-4-2-2-1-5-2	2-3-2-2-4-3-4-4-3-3-4-2	4-2-5-10-3-2-4-2-3-3-10-3	3-3-1-3-4-3-3-2-3-2-2-10	3-2-4-4-2-2-1-4-10-3-2-3	3-8-3-3-2-2-3-7-1-2-2-2	2-3-3-2-2-2-2-2-2-4-4-2	3-3-2-0-4-3-4-3-3-4-4-3	3-3-4-3-2-3-3-0-1-1-1-1
236	4	4-4-4-4-4-4-2-4-4-4-4-4	3-4-4-2-5-3-2-3-3-3-2-4	3-3-5-2-2-5-3-5-2-3-5-3	3-3-5-3-2-3-3-2-5-4-3-2	2-0-2-2-3-5-5-3-3-3-5-2	5-3-3-3-3-2-3-4-4-4-9-4	5-3-5-2-3-1-4-5-4-5-3-2	4-2-3-3-2-4-4-3-3-4-3-4	5-4-3-3-3-2-6-3-4-2-2-3	5-3-5-5-2-2-2-1-2-3-3-2	4-5-5-5-2-5-2-3-3-3-3-3	4-3-2-3-2-4-2-6-9-6-5-2
236	5	5-5-5-5-5-6-6-7-7-5-8-6	6-5-6-5-6-6-6-5-5-6-6-6	5-6-4-2-4-4-5-5-4-6-4-5	6-4-8-8-2-6-5-2-5-7-3-2	2-0-2-7-3-4-4-5-7-6-4-2	4-6-3-7-5-6-6-5-5-8-6-4	4-6-5-6-3-5-7-4-5-4-2-6	5-7-3-4-2-6-8-3-3-5-3-4	4-4-4-3-10-6-2-6-9-5-7-6	4-2-7-4-6-6-6-9-2-4-2-2	4-14-14-6-14-4-2-3-3-3-6-3	7-6-2-3-6-4-6-4-9-6-4-8
236	6	5-6-7-8-7-5-5-5-5-7-6-5	5-4-5-8-5-5-5-7-7-7-7-7	6-5-7-7-6-8-7-7-7-5-7-6	7-6-7-7-6-7-7-6-5-5-7-6	5-6-10-5-7-5-7-7-5-6-7-6	6-7-5-6-7-7-5-8-5-5-8-8	5-5-6-7-6-6-6-6-5-6-8-5	7-6-7-7-5-7-6-6-3-7-6-6	7-6-6-6-8-5-8-5-10-6-5-5	8-10-8-1-5-5-5-6-8-7-8-5	7-5-5-5-10-5-6-7-7-6-5-3	11-5-6-8-8-10-5-10-10-5-8-6
236	7	7-6-7-7-6-5-7-5-5-6-7-5	6-10-8-6-6-6-6-6-6-6-6-6	0-7-6-6-6-6-6-6-9-8-8-8	6-6-6-6-6-6-6-2-8-5-8-2	2-6-2-5-3-8-6-6-5-6-6-6	6-6-8-6-6-6-8-7-5-5-5-7	4-8-7-6-9-8-5-7-5-6-6-9	6-9-6-8-2-6-9-3-3-6-6-6	6-11-3-3-10-5-6-8-9-8-8-8	6-6-5-13-2-6-2-5-6-6-8-8	6-10-5-5-6-6-8-6-6-3-5-3	6-3-2-7-6-6-2-6-6-7-6-5
236	8	5-8-6-6-6-5-5-6-6-5-5-5	5-7-7-6-6-6-8-7-5-6-6-9	9-7-6-6-9-6-7-10-6-7-7-9	9-6-9-9-2-6-7-2-9-5-7-2	2-6-2-9-3-7-9-6-9-6-9-9	6-6-7-9-5-6-9-6-5-5-6-6	3-7-7-6-7-7-5-9-8-6-6-7	6-7-6-7-3-0-5-3-3-9-6-6	6-3-3-3-6-8-6-9-5-7-7-9	6-6-6-9-9-2-9-5-6-6-9-7	6-5-5-9-6-8-8-6-6-6-8-3	6-8-8-6-6-6-2-6-6-8-6-5
236	9	5-6-6-9-6-5-5-5-5-6-6-14	6-7-7-6-6-12-10-8-6-10-6-8	13-9-10-8-8-10-8-10-11-8-10-8	10-10-10-8-6-6-10-11-8-5-7-10	2-10-9-8-10-7-10-6-8-9-8-8	6-9-7-6-9-9-8-7-5-5-5-9	9-7-7-9-7-10-5-8-9-6-10-7	6-7-10-9-10-9-7-3-9-8-9-6	9-9-10-3-2-9-9-8-5-6-7-8	9-3-9-8-8-6-8-5-9-9-8-2	9-5-5-8-8-14-9-9-9-9-9-3	9-8-9-9-9-9-9-9-4-1-1-5
236	10	6-10-14-5-6-5-6-14-5-10-10-5	6-7-5-11-11-9-11-11-12-9-6-8	9-9-9-11-12-9-11-8-12-11-8-8	9-9-9-12-12-12-9-12-11-9-10-9	12-9-11-13-9-10-9-10-8-9-8-2	3-9-12-10-10-9-11-10-5-5-3-11	12-13-7-9-9-9-12-11-12-10-9-3	6-10-12-10-12-9-7-13-3-10-6-6	9-9-9-11-14-6-9-8-10-7-12-8	6-6-9-12-12-13-12-5-9-6-9-11	0-7-5-8-6-10-9-6-6-6-9-3	6-8-9-9-6-6-10-6-6-10-1-5
236	11	11-11-11-12-12-7-12-5-5-12-11-12	5-7-7-12-10-9-12-10-10-9-12-14	11-12-12-10-10-9-12-12-12-10-10-12	12-12-9-11-10-10-12-9-10-5-10-12	10-14-12-10-13-10-12-12-11-11-10-12	12-12-10-11-11-14-11-10-11-5-11-11	11-10-11-11-11-11-10-12-7-6-12-11	13-10-12-10-10-12-6-10-6-11-11-13	11-11-9-10-10-11-11-11-10-10-10-11	9-10-11-12-11-10-5-6-9-12-11-10	13-11-5-8-6-10-13-13-12-3-11-11	6-11-11-9-11-7-10-6-11-13-6-1
236	12	12-12-12-12-12-12-11-12-5-11-12-12	11-13-7-11-13-9-11-11-10-9-11-11	9-11-11-11-10-9-11-11-11-12-13-11	11-11-11-10-10-10-12-10-13-12-13-11	10-11-11-10-11-12-11-11-12-11-10-11	11-11-10-6-9-9-11-10-12-12-6-11	10-13-14-11-11-12-10-11-10-12-11-10	11-10-11-10-10-11-13-7-3-10-11-11	12-12-12-10-5-13-11-11-14-13-10-13	9-10-12-13-10-14-10-13-9-11-10-10	11-13-5-5-8-5-11-12-11-3-10-11	6-8-9-9-6-13-10-6-11-13-6-12
236	13	13-14-14-14-12-13-11-13-12-14-12-14	14-14-5-11-12-9-14-14-14-13-14-11	9-11-11-10-10-9-12-11-14-10-12-13	14-11-14-13-10-10-12-10-13-12-12-13	10-11-14-10-11-12-14-13-12-13-10-11	6-13-13-13-9-11-12-10-12-5-3-11	14-12-5-11-12-11-5-14-9-8-11-13	11-10-11-13-13-11-12-10-3-8-11-11	11-9-9-13-11-12-11-11-12-12-13-12	6-6-12-12-13-14-8-5-9-11-13-10	11-12-5-8-6-10-11-6-6-13-9-13	13-8-9-13-6-12-10-6-11-12-1-5
236	14	14-14-14-14-14-14-13-14-14-14-14-14	13-13-14-11-14-13-13-13-13-14-13-11	12-11-11-13-14-14-14-14-13-14-14-14	13-14-13-13-14-14-12-14-14-5-14-13	14-11-13-14-11-14-13-14-12-14-6-13	14-14-14-13-14-11-14-14-14-14-14-14	13-14-14-14-12-14-14-13-14-14-11-14	14-14-10-14-14-11-14-13-13-14-6-14	11-14-14-14-10-14-14-11-14-12-13-9	9-14-14-14-14-13-14-6-9-14-14-14	11-5-5-14-5-9-11-14-14-6-14-14	6-14-14-12-5-14-14-14-14-14-14-5
237	0	0-0-0-0-0-0-0-0-0-0-0-0	0-0-0-0-0-0-0-0-0-0-0-0	0-0-0-0-0-0-0-0-0-0-0-0	0-0-0-0-0-0-0-0-0-0-0-0	0-0-0-0-0-0-0-0-0-0-0-0	0-0-0-0-0-0-0-0-0-0-0-0	0-0-0-0-0-0-0-0-0-0-0-0	0-0-0-0-0-0-0-0-0-0-0-0	0-0-0-0-0-0-0-0-0-0-0-0	0-0-0-0-0-0-0-0-0-0-0-0	0-0-0-0-0-0-0-0-0-0-0-0	0-0-0-0-0-0-0-0-0-0-0-0
237	1	1-1-1-1-1-1-1-1-1-2-1-1	2-0-0-2-1-2-2-2-1-1-2-2	2-2-2-1-2-2-2-0-2-0-1-2	2-1-2-2-2-2-0-3-0-3-0-2	0-2-2-3-2-0-2-2-0-1-2-2	2-2-0-2-1-2-2-2-0-0-8-2	8-0-0-11-2-0-0-2-0-1-2-0	0-0-2-2-1-2-2-2-2-1-8-1	1-8-1-2-1-2-5-2-2-1-2-1	2-2-1-2-2-1-2-1-2-6-8-1	2-1-8-1-2-2-2-2-2-2-2-2	2-2-2-2-2-2-2-2-2-2-1-2
237	2	2-2-2-2-2-2-2-2-1-2-2-2	1-3-2-1-1-1-1-1-1-2-1-1	1-1-1-1-1-1-1-0-1-3-1-1	1-1-1-1-1-1-2-1-3-5-3-1	3-1-1-0-1-2-1-1-3-2-1-1	1-1-0-1-1-1-3-1-2-0-2-1	1-3-0-1-1-0-3-1-1-0-1-1	0-0-1-4-2-1-1-1-1-2-2-1	2-1-1-1-2-1-1-3-1-2-1-2	1-1-0-3-1-1-1-1-1-1-1-2	1-3-4-2-1-3-1-1-1-1-1-1	1-1-1-1-1-1-3-1-1-12-6-1
237	3	3-3-3-3-3-4-3-3-3-3-3-3	3-2-2-3-4-4-4-3-4-4-3-3	3-4-3-3-3-4-3-3-4-2-4-3	4-3-3-3-1-1-3-1-2-1-2-1	2-8-1-4-2-2-3-3-2-3-4-3	3-4-0-4-3-5-2-1-2-0-10-4	4-2-3-1-4-3-2-4-4-3-4-5	4-3-10-2-2-9-4-4-4-10-4-9	11-4-4-4-3-4-4-2-10-3-3-2	3-10-6-2-5-1-5-4-3-5-5-2	10-2-7-4-10-2-6-10-13-3-1-2	3-3-3-2-13-11-2-8-8-4-11-3
237	4	7-6-6-4-5-3-6-3-3-5-6-3	5-6-5-6-6-3-3-6-5-3-5-5	4-4-6-5-5-5-5-5-6-5-5-4	5-4-5-5-4-4-5-1-4-4-4-5	5-3-3-3-4-4-5-4-5-12-8-3	12-3-5-3-3-6-2-2-4-4-0-3	3-3-5-4-3-4-2-3-4-3-12-3	3-4-3-2-2-5-5-5-3-5-3-3	8-3-3-3-4-9-11-2-6-16-3-5	3-4-4-11-5-5-7-3-7-4-3-5	4-5-2-3-11-7-1-4-4-4-6-4	4-3-3-1-4-5-2-5-4-7-2-10
237	5	4-4-4-4-4-4-4-4-3-4-4-4	4-4-4-7-4-3-3-4-4-3-4-4	7-5-6-6-6-4-6-6-4-4-6-6	6-6-4-4-6-6-4-6-5-4-6-7	6-3-6-6-6-5-4-6-4-4-5-6	4-6-5-4-3-3-5-6-4-4-13-3	1-7-4-1-5-4-2-6-4-3-5-3	3-5-4-5-5-4-4-5-5-1-3-3	4-1-3-5-6-4-1-6-4-5-6-4	6-3-4-6-6-6-5-3-1-3-3-6	3-4-1-3-3-1-3-3-3-6-8-5	2-5-4-6-3-4-5-4-3-2-2-4
237	6	7-4-4-4-9-4-4-7-6-4-4-4	4-4-4-4-4-4-4-9-4-7-5-5	9-7-4-5-5-9-5-5-4-9-5-5	5-7-7-5-5-5-4-5-5-6-7-5	5-3-5-5-7-5-7-5-6-6-8-5	9-7-7-4-6-4-6-5-6-6-13-6	7-6-6-1-7-0-6-6-6-7-5-7	4-5-6-7-6-4-4-7-6-6-6-3	6-1-6-6-5-4-6-7-4-6-5-7	5-6-6-5-5-7-6-4-6-1-6-5	6-4-1-3-6-6-3-3-3-5-4-6	1-6-8-6-6-6-5-6-2-2-2-0
237	7	4-7-7-7-8-7-8-7-7-4-4-8	8-9-8-5-7-8-4-8-4-6-4-8	5-6-8-5-5-6-8-6-8-6-8-5	5-6-6-5-5-5-4-5-8-7-6-5	5-3-5-5-6-8-6-6-6-6-6-5	6-6-6-4-6-4-8-7-7-7-14-7	6-5-8-1-6-0-9-8-7-6-5-6	4-5-6-6-5-4-9-6-6-7-6-3	4-1-6-6-14-4-4-6-3-6-5-6	3-3-7-7-5-6-5-3-8-3-1-6	7-6-9-13-3-4-3-3-3-6-5-6	3-6-1-6-4-8-5-3-3-4-2-4
237	8	9-8-8-8-7-9-7-7-7-4-8-8	7-7-7-5-7-7-4-7-4-6-4-7	5-8-7-5-5-4-7-9-9-7-9-9	8-10-9-5-5-6-9-5-9-9-7-1	5-3-1-5-6-7-8-8-9-4-6-5	4-6-6-3-8-3-7-8-8-8-1-6	1-5-7-1-6-0-8-7-12-8-3-6	4-5-3-7-6-4-9-6-6-8-1-3	4-1-9-6-8-4-4-6-9-10-7-8	3-3-8-4-12-6-12-8-7-3-1-9	1-4-15-3-3-7-7-3-3-4-5-6	1-6-6-9-4-7-5-3-3-1-3-4
237	9	8-4-8-9-8-10-8-8-7-11-8-10	7-7-8-10-7-3-10-6-4-6-10-10	10-10-10-10-11-6-10-8-8-6-8-8	11-10-10-9-11-11-8-11-8-8-6-5	11-3-5-10-6-7-10-10-8-10-9-10	6-9-10-4-8-11-8-9-13-8-6-11	12-11-8-1-6-6-7-7-6-6-9-6	4-10-6-10-10-4-8-9-6-9-6-3	6-1-8-6-12-4-4-10-8-8-10-12	8-3-8-9-12-11-9-13-10-3-3-9	3-6-7-8-3-8-3-3-3-5-10-6	1-9-9-9-4-3-5-3-3-4-2-4
237	10	10-11-11-13-11-11-10-11-7-10-11-11	11-12-11-9-13-10-9-11-4-6-9-9	9-9-9-9-9-12-11-8-11-8-11-9	9-11-9-9-9-9-8-9-11-8-11-5	9-3-5-9-5-12-9-9-10-10-9-9	9-9-9-4-10-9-9-10-6-10-3-9	1-12-11-1-6-0-10-12-6-8-9-9	3-9-3-9-9-9-15-13-6-3-1-3	4-3-3-9-8-4-3-9-3-8-12-12	3-3-8-9-9-11-10-8-9-3-3-12	3-4-8-3-3-10-3-3-3-4-9-6	3-9-9-1-4-3-5-3-3-4-14-4
237	11	10-10-10-11-10-10-11-11-11-11-8-12	10-12-10-9-10-10-11-10-10-11-9-12	9-11-9-9-9-6-10-12-10-8-12-10	9-10-10-9-9-9-12-9-10-13-10-1	9-3-5-9-6-10-10-11-12-9-9-5	3-9-10-3-12-9-12-10-11-11-3-9	1-9-10-1-12-11-13-10-12-3-4-14	4-9-3-10-10-9-10-6-6-12-1-3	3-1-12-9-8-4-4-16-11-8-9-10	3-3-11-12-10-12-10-13-8-3-1-10	1-11-3-11-4-11-10-3-3-3-5-6	1-9-1-1-4-3-5-3-15-2-16-4
237	12	12-13-10-10-10-8-12-10-11-16-8-16	14-11-10-9-10-13-9-13-13-14-14-11	13-13-13-9-12-14-12-13-13-14-11-12	13-12-13-9-9-9-13-9-10-12-10-13	14-3-12-9-13-10-13-6-11-4-9-12	4-12-10-12-11-14-11-9-11-11-14-13	9-10-8-12-13-0-11-13-6-8-13-13	4-7-13-10-12-13-10-12-6-13-13-3	13-13-13-6-9-11-14-12-8-12-10-9	12-14-12-12-13-11-8-11-13-13-12-10	14-4-8-10-11-16-13-3-12-12-4-6	2-9-13-12-12-4-5-12-11-13-2-7
237	13	12-12-14-10-13-13-13-16-14-13-16-16	12-11-10-14-10-12-14-14-12-11-14-16	12-14-14-9-13-12-14-12-12-14-11-13	12-12-12-9-14-14-12-15-13-11-14-12	14-3-15-9-12-13-14-14-11-13-9-9	14-12-10-13-12-14-14-14-11-6-6-12	14-13-8-12-12-13-11-12-6-16-15-13	3-13-12-14-15-12-10-15-14-12-15-3	12-12-12-14-16-13-12-12-8-12-15-13	14-14-8-12-14-15-14-11-12-12-12-15	3-13-8-10-3-10-12-3-3-14-13-6	1-6-12-12-3-3-14-4-3-12-2-4
237	14	14-14-16-16-15-14-15-16-13-16-11-16	12-16-10-13-10-12-14-13-12-15-12-16	12-13-13-9-15-12-15-15-15-15-15-15	13-15-12-15-13-13-15-9-15-15-13-12	13-3-13-15-12-15-13-13-15-14-15-15	13-15-10-16-11-12-15-13-14-14-15-13	13-15-10-12-13-13-15-15-14-8-13-11	3-13-12-13-13-12-10-13-13-11-12-3	12-12-14-13-12-14-12-15-14-8-13-10	13-13-8-15-13-13-15-11-12-12-12-13	12-13-15-15-15-11-12-3-12-13-14-12	1-14-12-12-3-4-13-15-11-15-2-7
237	15	16-16-16-10-14-16-16-16-16-16-16-16	15-11-10-13-12-12-14-15-12-14-12-16	15-15-16-9-14-12-14-14-14-14-14-14	15-14-12-14-13-13-16-9-14-14-13-15	13-15-16-14-15-14-12-13-14-15-14-14	15-14-10-15-15-13-14-16-14-6-14-15	13-14-10-15-15-15-14-14-6-16-13-15	4-13-13-13-13-15-10-13-15-16-13-3	15-12-15-14-13-15-15-14-8-14-13-16	15-15-15-14-13-13-14-11-15-15-15-13	15-15-8-14-14-16-12-15-15-13-15-15	15-14-15-15-15-15-13-14-11-14-2-7
237	16	16-16-16-16-16-16-13-16-16-14-16-12	15-14-16-13-16-13-14-15-15-16-13-14	12-15-16-9-16-16-16-16-15-16-16-14	15-16-15-16-16-16-15-16-16-16-16-12	16-3-15-16-16-16-13-16-16-16-9-15	16-16-16-14-16-12-16-16-16-16-16-16	13-16-16-16-15-16-14-14-16-15-12-16	16-16-9-16-13-13-16-13-15-15-14-16	15-16-16-16-13-16-16-14-16-13-13-15	15-16-16-16-16-13-16-11-12-16-16-16	16-16-8-16-14-12-12-16-16-16-16-6	1-16-16-15-15-16-16-12-16-16-16-4
238	0	0-0-0-0-0-0-0-0-0-0-0-0	0-0-0-0-0-0-0-0-0-0-0-0	0-0-0-0-0-0-0-0-0-0-0-0	0-0-0-0-0-0-0-0-0-0-0-0	0-0-0-0-0-0-0-0-0-0-0-0	0-0-0-0-0-0-0-0-0-0-0-0	0-0-0-0-0-0-0-0-0-0-0-0	0-0-0-0-0-0-0-0-0-0-0-0	0-0-0-0-0-0-0-0-0-0-0-0	0-0-0-0-0-0-0-0-0-0-0-0	0-0-0-0-0-0-0-0-0-0-0-0	0-0-0-0-0-0-0-0-0-0-0-0
238	1	1-1-0-0-1-0-0-0-0-1-1-1	0-0-0-0-0-0-1-0-0-0-0-0	2-0-0-0-0-0-0-0-0-0-0-1	2-2-2-0-0-0-2-1-0-0-0-9	0-0-5-0-2-0-2-2-0-0-1-0	0-2-0-0-0-0-1-1-0-1-0-2	5-0-0-11-2-1-0-0-1-1-0-0	2-0-0-1-1-2-0-0-1-1-0-0	2-0-2-0-0-0-1-1-0-1-1-0	1-0-1-0-0-0-0-0-4-5-2-0	0-0-0-0-0-1-0-1-7-1-1-1	1-1-1-1-1-0-1-0-0-1-1-0
238	2	2-2-3-2-2-2-2-2-2-2-2-2	3-2-0-2-0-2-1-2-2-0-3-3	1-3-3-3-3-3-3-3-3-2-3-3	3-1-1-3-3-3-1-5-2-4-3-1	4-0-1-3-1-2-3-3-2-2-2-3	3-1-2-2-0-4-2-2-2-2-11-3	2-2-2-1-2-3-2-3-2-2-3-4	3-2-4-2-2-1-0-2-1-3-2-0	3-0-2-4-3-2-1-5-4-2-3-2	3-4-1-0-3-2-4-2-1-1-1-3	0-2-0-0-0-1-0-1-0-2-2-2	1-2-2-1-1-0-2-0-3-0-0-2
238	3	3-3-3-3-3-3-3-3-3-3-3-3	4-3-3-2-3-4-4-3-4-4-2-3	6-2-2-2-2-8-2-4-2-5-4-2	2-4-4-2-2-2-3-2-2-3-2-1	2-1-1-2-4-2-4-2-4-3-2-2	2-5-5-0-3-0-4-2-4-3-8-5	3-3-3-1-4-3-4-4-3-4-2-2	3-2-2-4-2-4-3-5-4-2-5-0	3-0-3-3-2-5-1-4-2-3-2-2	2-3-1-4-2-2-3-5-1-4-3-2	3-3-3-0-3-3-0-4-4-9-5-3	3-3-3-1-5-3-3-3-2-4-2-3
238	4	4-4-4-4-4-4-4-4-4-4-4-4	3-4-4-2-3-3-3-5-3-3-2-5	1-2-3-2-2-3-5-6-5-6-5-5	3-3-3-2-2-2-5-2-2-5-6-1	2-7-1-2-3-6-3-5-3-6-2-2	2-3-3-0-3-2-5-5-3-4-2-4	2-4-5-1-3-4-3-3-4-3-2-2	5-2-2-3-4-4-4-3-5-5-3-0	4-3-3-3-0-4-1-3-2-4-5-3	2-2-4-6-2-4-5-2-1-3-2-2	4-3-8-4-5-4-7-3-3-5-4-5	6-3-2-1-5-8-2-4-8-3-4-4
238	5	6-5-5-5-5-5-5-5-6-5-5-5	6-6-4-2-7-6-7-7-3-3-2-4	0-5-2-2-6-3-4-7-6-3-6-4	3-4-6-2-2-7-5-2-6-4-4-1	2-0-1-2-3-4-5-7-6-2-3-2	2-3-3-0-5-2-6-4-5-5-6-3	1-4-4-1-3-6-5-6-5-5-2-5	4-2-2-3-5-0-8-3-4-4-3-0	6-0-3-6-5-3-1-2-5-9-4-6	8-3-5-4-5-5-4-6-0-1-1-2	7-3-6-0-4-4-0-4-14-4-3-4	8-3-2-1-4-5-3-4-4-4-6-6
238	6	5-4-5-6-6-7-5-6-5-6-8-5	7-5-4-2-6-6-5-5-7-3-6-7	3-6-7-2-7-9-7-7-5-4-5-6	7-7-5-7-2-2-7-2-5-5-4-1	2-4-1-8-3-4-7-5-8-4-7-2	2-3-7-0-5-2-5-6-5-6-5-7	1-6-5-1-3-5-5-5-5-5-2-7	4-2-2-3-6-1-5-3-3-4-2-0	5-1-3-6-8-7-1-7-6-7-6-8	3-3-6-4-6-15-5-5-1-3-3-2	6-8-5-0-6-7-0-3-3-6-8-3	6-8-6-1-6-6-6-6-4-6-5-5
238	7	7-8-8-7-7-7-5-7-5-7-10-6	6-5-4-8-5-6-8-5-6-6-8-6	1-7-9-9-8-6-8-9-9-9-6-8	6-8-8-6-9-9-5-11-6-9-5-6	6-4-2-8-3-4-6-5-6-9-6-2	9-4-8-8-7-0-5-6-7-7-5-6	1-7-4-1-3-7-5-6-7-13-2-8	6-7-2-6-6-9-5-3-3-7-6-0	8-1-3-7-8-6-3-6-6-9-7-6	7-3-7-4-8-6-5-13-1-3-1-2	6-6-9-0-5-6-7-3-1-6-6-3	6-3-6-1-6-6-7-6-4-6-5-5
238	8	7-7-9-7-8-10-9-9-11-7-6-11	8-7-4-8-5-10-9-7-9-3-9-11	9-8-9-7-7-3-7-9-8-7-6-7	9-9-7-9-10-10-5-11-7-7-4-1	11-7-1-11-3-4-9-9-6-8-9-9	3-9-9-7-7-10-4-4-7-7-3-9	13-7-4-1-9-8-5-9-7-8-7-7	3-9-3-9-9-1-5-8-3-9-6-0	7-0-6-9-10-6-1-9-6-7-12-6	5-9-8-4-9-6-9-5-9-10-0-10	0-6-6-0-7-10-0-6-0-8-6-3	6-6-8-1-9-4-7-4-4-8-5-5
238	9	9-9-9-9-9-9-9-9-9-9-10-9	7-10-9-8-10-7-8-10-8-10-8-8	15-8-8-7-6-9-8-7-7-7-10-7	8-9-8-8-8-7-9-8-10-11-10-1	8-0-1-8-3-10-8-8-10-7-8-8	7-6-12-7-9-8-10-9-9-9-3-9	1-10-9-1-8-9-12-8-7-7-8-9	9-8-10-8-8-10-11-10-14-8-15-0	8-1-10-8-13-6-1-8-10-7-8-9	8-8-9-9-8-8-8-7-8-10-14-8	14-6-5-11-11-6-0-10-14-3-6-3	6-3-6-1-8-13-8-4-8-10-9-9
238	10	9-9-9-9-9-11-10-9-9-9-9-9	13-9-9-11-9-8-8-9-6-9-8-13	10-10-11-7-10-11-11-11-12-9-9-11	11-11-11-12-8-8-12-14-9-9-9-14	2-10-1-10-10-9-11-11-9-10-10-11	13-10-9-10-11-8-9-9-9-7-13-11	10-9-9-1-10-8-11-11-7-12-10-10	13-8-13-9-9-13-9-9-8-10-10-11	10-10-11-9-8-10-13-10-6-4-8-9	8-8-9-11-11-6-9-6-12-11-11-8	11-6-10-10-11-12-11-10-11-8-6-3	10-13-10-1-10-6-7-11-13-10-9-9
238	11	9-13-11-9-11-10-11-11-13-13-9-11	10-9-9-12-9-12-12-10-14-13-8-8	10-10-12-7-7-12-10-10-10-9-10-10	10-10-12-8-8-12-10-12-9-12-12-13	12-10-12-8-11-9-10-10-12-7-10-10	12-13-9-10-10-12-9-11-11-9-2-10	12-12-9-1-10-11-10-10-7-7-12-12	3-8-12-13-12-10-9-15-13-10-10-10	10-10-11-8-11-11-12-11-6-12-8-6	13-11-8-11-10-11-13-7-13-11-11-8	10-12-11-10-9-10-10-11-12-11-6-11	10-11-10-13-13-12-7-10-4-10-9-9
238	12	13-13-12-13-11-10-11-15-9-13-15-8	13-9-9-13-9-11-13-12-11-13-13-15	12-13-11-7-12-11-13-13-10-13-12-12	13-12-13-10-8-11-10-11-9-11-11-12	11-13-11-5-11-12-13-13-11-12-12-13	13-12-9-12-10-15-9-11-10-7-13-12	11-11-9-12-12-11-9-13-7-10-11-11	12-11-11-11-11-13-9-9-11-10-12-12	12-13-13-8-8-11-11-13-6-11-8-6	11-11-8-11-13-11-13-7-12-13-13-8	11-12-12-13-7-13-12-10-11-11-6-12	10-13-10-11-11-12-11-10-10-12-9-9
238	13	13-13-13-13-11-13-13-13-13-11-13-13	12-14-13-12-13-11-12-12-11-11-8-12	12-12-12-7-14-11-12-12-12-14-11-12	12-13-12-12-8-12-13-11-14-13-13-12	2-12-11-8-11-13-12-12-14-12-12-12	12-11-9-12-9-12-14-13-13-13-12-13	11-11-9-14-12-13-12-12-13-7-12-13	10-8-12-11-11-10-13-10-11-13-10-12	14-12-12-13-9-13-11-12-15-11-8-15	11-11-13-14-12-11-12-7-11-12-12-8	10-15-14-12-15-14-12-14-12-14-13-14	13-12-10-11-11-13-11-13-10-13-13-13
238	14	15-14-15-15-15-15-14-14-15-15-15-15	15-13-15-15-15-15-15-14-15-15-15-15	14-12-15-14-14-15-14-14-15-13-14-14	14-14-15-14-14-12-14-12-13-14-13-14	11-12-11-10-13-13-15-14-13-14-14-14	14-12-9-15-15-11-13-12-13-13-14-15	14-13-14-13-14-14-11-14-13-14-14-15	14-8-14-11-11-10-11-14-9-14-14-14	14-12-14-13-15-14-15-14-15-15-14-15	14-11-14-13-12-14-15-14-15-14-12-14	13-13-13-13-15-13-14-15-5-13-14-14	15-15-14-9-14-11-7-10-14-13-13-15
238	15	15-15-14-14-15-14-14-15-14-14-15-15	14-13-15-14-14-14-14-14-14-15-14-12	13-15-14-14-15-14-14-15-14-15-15-15	14-15-14-14-15-15-14-15-15-15-15-12	15-12-15-15-12-15-14-15-13-15-14-10	11-15-15-14-15-12-15-15-15-15-15-14	11-15-15-15-13-15-6-15-15-14-13-14	15-8-8-15-15-10-15-11-8-14-14-12	14-15-15-15-14-15-15-11-13-11-8-14	11-15-15-15-15-14-15-14-14-15-15-15	12-15-15-13-14-11-12-14-15-15-15-15	14-14-15-11-15-15-15-10-15-15-15-14
239	0	0-0-0-0-0-0-0-0-0-0-0-0	0-0-0-0-0-0-0-0-0-0-0-0	0-0-0-0-0-0-0-0-0-0-0-0	0-0-0-0-0-0-0-0-0-0-0-0	0-0-0-0-0-0-0-0-0-0-0-0	0-0-0-0-0-0-0-0-0-0-0-0	0-0-0-0-0-0-0-0-0-0-0-0	0-0-0-0-0-0-0-0-0-0-0-0	0-0-0-0-0-0-0-0-0-0-0-0	0-0-0-0-0-0-0-0-0-0-0-0	0-0-0-0-0-0-0-0-0-0-0-0	0-0-0-0-0-0-0-0-0-0-0-0
239	1	1-1-1-1-1-1-1-1-1-1-1-1	1-0-1-1-2-1-2-2-2-2-2-2	2-1-2-1-0-2-2-1-2-1-2-0	2-2-3-0-2-2-1-3-0-3-2-3	2-1-3-0-2-0-2-2-0-3-1-2	2-2-0-3-1-2-0-2-0-0-13-1	2-0-1-2-2-1-1-0-0-5-2-0	1-2-2-2-1-2-0-2-2-2-2-1	1-2-1-2-1-1-2-2-1-1-3-2	2-2-1-0-2-2-2-1-2-2-2-1	2-1-1-0-3-1-2-2-2-3-3-1	1-3-2-2-2-1-1-1-1-2-1-1
239	2	2-2-2-2-2-2-2-2-2-2-2-1	1-3-2-1-1-1-1-3-3-1-1-1	1-1-1-1-0-1-1-1-1-2-3-3	1-1-1-0-1-1-2-1-3-1-3-1	1-1-1-0-1-3-3-1-4-1-0-1	1-1-0-1-1-1-3-1-2-2-1-1	1-3-2-1-1-1-3-9-1-3-1-3	2-1-1-1-1-1-5-1-1-1-1-1	2-1-1-1-2-1-1-1-2-1-1-1	1-1-2-1-1-1-1-1-1-1-1-1	1-3-2-2-0-1-1-1-1-1-0-2	1-0-1-1-1-1-3-1-1-1-2-3
239	3	3-2-2-3-2-2-3-1-2-2-2-2	1-2-2-3-3-1-3-2-2-1-1-3	3-3-4-3-1-1-4-3-1-2-2-3	3-3-1-3-1-4-2-1-2-1-4-1	1-3-1-3-1-2-2-3-2-1-1-3	1-1-1-1-3-1-2-4-3-0-3-3	3-2-2-1-3-3-2-4-4-2-1-2	3-1-1-1-1-4-2-1-1-3-3-13	3-1-1-1-9-1-1-1-2-1-1-2	1-1-2-3-0-1-1-0-1-1-1-1	5-2-3-4-1-3-12-3-5-1-1-3	1-1-3-1-1-1-2-3-3-6-3-2
239	4	5-5-4-4-4-5-5-5-7-5-6-5	5-2-2-5-5-5-8-5-5-5-7-5	4-4-6-5-5-5-5-5-6-5-5-4	5-3-5-5-1-5-5-6-5-1-5-11	6-8-1-5-1-4-5-4-2-5-7-4	5-1-5-8-5-5-2-3-4-4-14-5	1-2-4-11-3-4-2-3-4-2-5-2	4-4-4-8-1-3-2-5-1-11-3-9	9-5-4-1-9-6-8-1-6-5-4-5	4-4-5-5-5-5-12-5-1-8-8-4	4-5-8-3-12-12-4-5-5-4-5-4	5-1-4-1-5-12-2-4-3-5-4-17
239	5	4-4-4-4-4-4-4-4-4-4-4-4	4-4-2-8-4-4-4-4-4-4-6-4	7-6-4-6-7-6-6-6-4-5-6-6	4-4-4-4-6-6-4-9-4-1-6-7	7-4-9-7-1-6-6-6-5-4-6-8	4-1-4-4-7-4-6-5-5-5-14-4	6-8-4-4-5-4-5-4-0-1-4-5	5-6-6-5-5-3-2-6-5-4-6-3	4-4-5-5-6-4-1-8-4-4-6-4	4-7-4-4-6-6-4-4-1-4-4-6	3-4-4-3-4-4-3-4-4-6-4-5	4-5-5-1-4-4-7-4-2-4-4-2
239	6	6-4-4-4-6-6-4-6-6-4-4-4	4-6-4-5-6-4-4-7-7-7-5-5	9-5-4-5-5-11-5-5-4-5-5-5	7-7-7-4-5-8-7-5-5-1-5-4	5-4-1-5-7-5-7-5-6-4-6-5	5-8-8-16-14-4-7-6-6-6-16-6	5-5-6-6-7-4-7-7-0-6-1-9	16-5-5-7-6-7-2-9-12-4-6-3	6-13-6-6-5-4-6-7-4-6-5-12	7-6-4-6-5-5-4-6-1-7-6-5	11-4-4-3-0-4-3-6-10-5-4-6	1-6-6-1-4-4-5-6-2-3-4-4
239	7	7-9-7-7-4-7-7-7-4-4-4-7	4-7-8-5-6-4-4-8-6-6-4-8	5-6-4-5-5-6-8-9-4-9-8-8	6-6-6-6-5-6-8-5-8-8-9-5	5-3-1-5-6-9-6-6-6-10-11-5	4-6-6-4-5-4-8-8-6-7-5-7	5-5-9-6-6-4-6-6-7-7-4-6	8-5-5-6-7-7-7-6-8-7-1-3	4-6-6-6-4-4-1-6-4-6-8-6	6-5-7-9-4-7-8-7-1-6-6-5	4-6-4-2-8-4-3-6-6-8-4-8	4-6-4-1-4-4-5-4-14-4-7-4
239	8	7-4-8-8-4-8-8-8-10-4-7-8	4-9-7-5-12-9-4-10-6-6-5-7	1-8-4-5-9-6-7-7-9-6-9-7	6-10-9-9-5-6-10-5-9-7-7-4	5-4-1-5-6-7-8-10-9-4-4-5	5-6-6-4-8-5-9-7-8-8-9-10	5-5-7-4-6-4-9-9-11-8-4-6	4-5-5-6-6-4-10-6-7-7-6-3	4-6-6-6-8-6-4-5-8-7-7-9	6-5-8-7-4-8-7-9-1-4-4-5	4-4-4-4-7-4-3-4-4-7-6-7	4-6-6-5-4-4-6-7-7-4-9-4
239	9	8-7-8-8-12-10-8-4-8-4-11-9	4-7-7-5-11-8-4-6-10-11-9-10	5-9-10-5-8-7-10-7-8-7-8-9	10-7-8-10-5-6-10-5-8-7-7-5	9-4-5-11-6-7-10-8-11-9-10-5	5-6-6-4-8-4-8-9-8-9-8-10	5-5-7-4-6-8-8-8-8-8-1-6	7-5-5-6-9-3-8-6-6-7-6-3	4-6-6-9-4-9-1-10-11-10-5-14	4-5-9-7-11-17-9-8-1-6-1-5	9-11-8-2-11-4-3-6-6-9-11-6	9-11-9-1-4-4-9-10-7-3-8-4
239	10	10-9-11-10-11-9-8-12-8-11-10-9	4-9-7-5-8-9-12-8-9-6-11-9	5-10-12-12-11-9-11-11-11-12-11-11	9-8-11-9-15-11-8-9-9-11-14-5	9-7-7-16-6-7-9-8-10-11-9-5	6-7-6-11-10-4-8-9-10-10-8-10	5-14-10-4-6-10-8-8-10-8-10-6	4-10-5-6-9-3-8-6-6-10-14-3	11-6-6-6-11-9-4-9-9-12-10-9	11-5-10-9-11-9-11-15-1-6-1-5	6-4-4-3-17-9-4-6-6-9-9-6	9-6-9-9-4-4-11-9-7-3-8-4
239	11	12-12-10-10-11-11-16-12-11-10-11-12	12-7-8-5-9-12-4-10-12-9-12-9	13-12-13-10-10-6-10-10-10-10-10-10	12-12-12-10-13-12-12-12-9-10-12-4	12-4-12-10-6-7-12-12-9-10-12-12	6-12-12-10-11-12-7-13-11-10-6-12	5-10-7-4-6-11-8-12-10-14-13-6	4-12-5-12-9-3-8-13-6-4-11-3	10-6-6-12-11-9-1-12-9-12-13-9	10-12-14-7-12-9-8-8-1-6-12-5	4-9-12-3-8-4-7-12-12-14-9-11	9-9-11-12-12-4-10-9-7-11-8-4
239	12	12-12-12-12-10-12-12-11-12-14-12-12	11-14-13-5-13-11-10-15-11-13-11-13	5-11-10-10-10-14-13-10-11-13-13-10	11-11-11-11-10-11-11-10-13-7-11-4	11-4-11-11-6-13-11-11-13-11-11-11	6-11-11-10-12-11-13-12-12-12-11-11	1-13-10-4-13-12-14-11-10-11-11-6	12-11-10-11-11-1-14-11-6-16-11-3	11-6-6-11-14-9-1-11-13-11-11-11	10-11-12-13-11-9-4-10-1-6-11-13	13-4-4-15-8-4-3-6-11-6-9-12	13-6-9-11-11-4-10-14-14-14-8-14
239	13	12-14-12-13-13-12-13-13-13-12-14-16	15-12-12-15-12-15-15-14-11-12-11-15	11-12-11-10-14-14-12-10-14-12-12-14	14-11-14-15-11-11-11-10-14-14-12-5	11-4-11-14-6-12-14-11-14-11-16-11	6-11-11-10-12-4-12-11-13-13-1-11	5-16-13-1-12-11-8-14-10-15-11-6	12-11-6-11-9-3-12-11-6-13-11-3	4-6-6-11-11-9-1-14-9-10-11-13	10-11-11-14-14-12-13-10-13-4-11-12	12-4-12-14-14-4-3-6-4-4-9-13	12-12-9-11-11-4-10-12-7-13-8-13
239	14	15-15-15-15-13-14-12-13-12-12-13-17	13-12-8-13-13-16-10-13-15-15-15-15	16-15-15-10-13-15-15-15-13-15-13-13	15-15-15-13-10-15-14-10-13-13-10-15	9-17-17-13-16-12-15-15-13-11-11-13	15-15-13-11-14-17-13-12-13-8-5-15	15-13-12-15-12-10-12-13-10-11-15-12	12-11-16-15-15-16-12-11-14-14-11-16	14-14-17-11-15-9-15-15-9-14-11-9	15-15-11-13-13-9-13-10-15-16-15-16	14-4-16-13-13-17-14-15-15-15-9-16	14-6-14-14-11-4-10-14-7-12-8-4
239	15	15-15-17-15-15-15-15-15-15-15-15-16	13-16-17-13-17-14-13-16-17-16-14-14	14-14-14-14-13-14-14-14-14-17-16-13	14-14-14-13-10-14-15-10-16-13-16-14	9-14-14-13-14-15-14-14-13-11-13-13	14-14-13-10-14-14-14-14-15-15-8-15	14-10-13-14-12-15-17-13-10-13-14-9	12-11-14-14-14-14-12-11-14-15-17-3	14-14-14-14-14-9-14-14-16-14-12-14	14-14-11-16-14-9-13-10-14-14-14-5	14-17-17-15-13-4-14-14-14-14-9-13	14-6-9-14-4-14-15-16-16-4-15-4
239	16	15-15-17-17-16-17-17-17-15-15-17-16	13-12-15-17-15-14-17-17-16-15-17-17	14-16-17-10-13-14-15-14-17-16-15-15	14-14-14-13-16-14-15-10-15-13-15-14	9-14-16-10-14-15-17-16-16-17-13-11	16-16-17-17-14-14-16-16-13-13-6-17	16-13-13-16-12-16-8-13-10-11-16-16	6-11-14-16-16-14-12-11-16-12-16-14	17-14-16-16-11-9-14-14-15-10-16-9	16-16-11-15-16-16-16-10-14-14-16-14	16-15-14-13-17-4-14-16-16-16-9-16	14-16-9-16-16-4-10-15-15-16-8-16
239	17	17-17-16-17-17-17-16-17-17-17-17-17	13-12-17-16-17-16-16-16-15-17-16-16	15-17-17-17-17-17-17-17-16-17-17-17	16-17-17-17-17-17-15-17-15-17-17-14	16-14-14-17-17-17-16-16-16-17-16-11	17-16-17-17-17-14-17-17-17-17-17-16	16-17-17-17-12-17-15-16-17-17-14-16	17-16-16-17-17-17-12-11-14-15-16-17	16-14-14-17-12-17-17-17-17-4-16-9	14-17-17-17-17-9-17-16-14-17-17-17	14-15-17-17-16-14-14-17-17-17-9-16	17-17-17-14-16-17-17-15-17-17-17-4
240	0	0-0-0-0-0-0-0-0-0-0-0-0	0-0-0-0-0-0-0-0-0-0-0-0	0-0-0-0-0-0-0-0-0-0-0-0	0-0-0-0-0-0-0-0-0-0-0-0	0-0-0-0-0-0-0-0-0-0-0-0	0-0-0-0-0-0-0-0-0-0-0-0	0-0-0-0-0-0-0-0-0-0-0-0	0-0-0-0-0-0-0-0-0-0-0-0	0-0-0-0-0-0-0-0-0-0-0-0	0-0-0-0-0-0-0-0-0-0-0-0	0-0-0-0-0-0-0-0-0-0-0-0	0-0-0-0-0-0-0-0-0-0-0-0
240	1	1-1-1-1-1-1-1-1-2-1-1-1	2-2-1-0-2-2-2-2-2-2-2-1	1-3-1-1-1-2-2-2-2-2-8-2	2-2-2-2-1-0-2-1-2-2-2-4	1-0-1-0-1-1-2-0-1-2-2-0	4-2-2-1-1-2-1-3-1-1-0-2	1-1-2-1-1-1-2-2-2-1-1-2	1-1-2-0-1-2-2-1-1-4-2-5	1-2-2-1-1-3-2-1-2-2-1-2	2-1-1-1-1-1-1-1-1-2-4-1	2-2-2-1-1-2-2-1-1-1-2-1	2-1-1-1-2-2-1-3-1-1-3-0
240	2	1-1-2-1-1-1-1-1-1-1-1-1	1-1-1-2-1-1-1-1-1-1-3-1	4-1-3-2-5-1-3-1-1-1-3-3	3-1-1-1-3-3-1-4-3-1-3-1	3-0-0-3-0-2-3-3-1-1-1-5	3-3-1-1-1-5-2-2-1-1-0-1	2-2-1-0-2-1-1-1-1-1-3-1	1-2-3-2-2-1-1-3-2-7-1-1	1-1-1-1-10-1-1-3-1-1-3-1	1-1-1-1-3-3-4-1-2-1-1-3	1-1-1-1-1-1-1-1-1-1-1-1	1-2-2-1-1-1-2-1-1-1-1-1
240	3	1-1-1-1-1-1-1-1-3-1-1-3	1-1-1-2-1-1-1-4-3-4-2-4	7-4-2-1-2-7-4-4-1-4-2-2	2-4-4-2-2-2-3-2-2-3-2-1	2-3-2-2-4-2-4-2-3-1-2-2	7-4-5-6-1-2-4-4-3-3-12-3	5-3-1-3-4-1-3-4-3-1-2-5	1-2-2-4-3-1-1-5-3-1-5-1	7-7-3-3-2-1-3-2-1-3-2-3	3-3-3-2-2-2-2-3-1-3-3-2	4-12-1-0-3-3-1-3-5-3-1-3	1-3-3-3-1-1-5-1-1-1-1-0
240	4	4-4-4-4-4-4-4-4-4-4-4-4	1-5-5-2-1-1-1-3-3-3-2-3	2-4-3-2-2-3-5-6-1-3-5-5	3-3-5-2-2-2-3-2-5-4-5-1	4-6-0-2-3-5-3-5-3-1-1-2	1-3-3-1-1-2-3-3-3-4-10-4	3-3-1-3-3-4-5-5-4-4-3-3	4-2-5-5-2-1-4-3-3-1-3-1	4-3-3-3-4-1-1-5-5-3-4-5	5-1-4-4-2-3-2-5-5-3-5-2	5-3-5-0-6-5-1-6-3-3-1-3	1-3-2-4-1-1-2-1-1-1-10-4
240	5	5-5-5-4-5-6-5-5-5-6-6-6	1-6-4-2-1-6-1-6-5-6-2-6	2-5-3-3-2-3-6-6-1-3-6-4	3-6-6-6-2-3-5-2-4-6-6-1	2-6-6-2-3-4-6-6-6-1-1-2	6-3-3-8-5-2-6-4-5-5-6-3	3-6-1-3-3-5-4-4-5-5-6-3	1-4-4-4-3-1-7-3-3-6-3-1	3-3-3-3-5-3-1-4-4-6-8-4	4-1-14-6-2-3-2-4-4-3-4-2	4-3-4-7-6-4-4-3-3-3-3-3	1-3-2-7-1-1-3-1-1-10-1-1
240	6	6-5-7-6-8-5-4-5-6-5-5-5	1-5-5-6-8-5-6-5-8-5-8-5	3-6-7-7-9-9-8-7-7-6-5-6	7-7-7-7-6-7-6-7-7-5-5-6	9-3-8-6-3-4-5-7-5-6-7-7	9-9-3-3-7-6-5-6-5-4-5-6	7-5-4-1-3-5-5-8-3-5-9-3	1-4-6-6-10-7-5-6-3-5-9-1	3-3-3-4-6-9-6-8-12-5-9-6	7-6-6-5-8-4-7-4-2-6-5-6	8-3-5-5-5-1-6-4-4-6-8-4	1-3-6-9-6-1-3-1-6-9-4-6
240	7	7-7-6-7-6-5-7-14-7-8-7-6	1-5-4-8-1-8-8-8-6-5-8-8	9-7-6-8-8-8-6-8-6-10-11-8	6-6-6-6-10-9-6-8-6-7-7-9	10-9-6-7-8-7-8-8-5-8-6-6	10-14-3-3-6-8-6-6-3-4-3-9	6-8-5-3-7-7-5-7-4-7-6-3	1-8-10-8-8-6-5-10-3-8-6-1	7-3-8-10-6-6-7-6-6-5-10-12	6-8-6-6-6-7-6-4-8-3-8-10	6-3-5-5-14-10-6-3-3-6-14-3	1-3-7-6-1-1-8-1-1-6-1-9
240	8	8-8-8-8-6-8-8-8-6-8-8-8	8-12-9-7-6-7-7-7-6-5-7-7	7-7-7-7-7-7-6-7-7-7-9-7	7-8-8-7-7-7-9-7-6-8-9-7	6-0-6-8-7-7-7-7-9-7-6-6	3-6-9-8-8-7-9-8-8-8-1-8	3-7-11-0-9-8-14-6-4-13-14-9	9-7-7-9-6-1-10-6-3-7-14-1	7-3-7-14-8-11-1-6-6-5-6-10	6-7-11-1-6-7-6-4-7-14-9-7	6-3-9-5-6-7-6-3-3-6-6-3	1-3-2-6-1-1-7-8-11-1-11-11
240	9	9-9-8-8-10-10-8-14-7-14-9-10	8-8-8-7-6-11-7-8-11-5-11-7	7-7-6-7-10-7-10-7-10-7-8-10	10-10-10-10-7-7-8-7-10-10-8-7	6-0-6-10-3-8-10-7-10-7-12-6	6-6-8-11-9-7-10-8-8-8-9-7	3-10-8-0-8-7-10-10-9-1-6-8	8-8-7-8-6-9-8-6-3-10-6-10	1-9-3-11-6-9-14-10-5-9-6-8	6-6-6-10-10-7-9-4-7-9-8-7	6-3-8-9-10-9-12-1-3-6-9-3	1-9-9-6-1-1-2-1-1-6-8-7
240	10	11-8-13-13-10-9-10-10-11-10-10-14	11-8-8-7-9-11-12-12-11-11-13-12	11-12-13-7-9-7-9-11-9-7-9-9	11-11-9-9-7-11-8-12-9-9-7-12	6-10-14-9-12-8-11-11-9-10-9-11	11-11-8-12-10-7-9-8-8-8-4-10	11-9-8-13-11-12-9-9-4-14-11-9	8-8-12-11-6-12-8-6-10-10-11-9	12-9-11-11-2-12-12-11-5-11-7-8	10-10-6-9-9-7-11-4-12-10-12-7	11-3-8-5-9-14-12-13-11-6-11-10	10-9-10-10-10-10-10-10-8-5-4-8
240	11	10-11-12-11-12-8-12-12-11-13-12-10	10-12-12-7-11-12-10-12-10-10-9-12	10-10-10-7-9-7-12-13-9-7-12-9	10-10-10-9-7-10-13-7-9-11-11-10	13-10-10-9-10-11-10-10-9-10-9-10	10-10-12-11-11-10-10-11-11-11-5-11	10-7-8-10-10-11-12-9-13-13-10-11	8-7-10-10-11-10-8-6-10-11-10-9	10-10-10-10-11-11-10-10-12-10-7-8	10-10-11-9-10-7-10-5-10-10-10-7	10-13-14-5-10-13-10-10-10-6-10-10	10-9-10-10-10-10-10-10-8-11-8-11
240	12	9-11-11-11-11-8-11-11-12-10-14-12	14-11-11-14-12-11-10-14-13-10-14-11	13-10-10-13-13-13-13-9-12-13-11-13	13-10-11-13-13-13-8-12-13-11-13-10	13-10-10-9-10-11-13-13-9-12-9-12	13-10-13-12-10-7-13-12-11-5-3-10	10-9-11-10-13-10-11-13-11-8-13-12	1-12-10-13-12-10-8-6-10-9-12-9	10-9-13-13-6-10-10-13-6-11-12-9	6-13-6-10-12-12-13-11-10-10-10-7	10-3-12-5-11-12-10-10-10-13-10-12	10-13-10-10-13-10-12-10-11-12-8-13
240	13	13-13-10-13-13-13-14-13-13-11-13-10	13-14-13-12-13-13-14-14-12-10-11-14	12-14-10-12-12-12-12-11-12-12-5-12	12-10-10-12-12-12-11-7-12-9-12-10	12-10-10-13-10-13-12-12-13-13-9-12	12-12-12-13-8-7-12-13-11-13-12-13	10-9-8-10-12-13-13-12-11-8-12-12	8-12-10-12-12-10-8-6-10-12-10-9	10-9-12-12-5-13-10-12-13-5-12-13	10-12-13-10-13-12-12-11-10-10-10-13	10-11-12-8-10-11-6-10-10-12-10-14	11-12-10-10-12-10-12-13-13-12-13-13
240	14	14-14-14-14-14-14-13-14-14-14-14-14	13-13-14-12-14-13-13-12-13-14-12-12	13-13-14-12-14-14-14-14-13-14-14-14	12-14-14-14-14-14-6-14-13-14-14-10	12-10-10-14-14-13-13-12-13-14-7-10	14-14-12-14-14-14-13-14-14-14-14-13	12-14-14-14-8-14-8-13-14-14-8-13	14-14-12-14-14-12-5-6-7-13-10-14	1-11-10-8-12-14-14-13-14-6-5-13	6-14-5-14-14-7-14-12-11-14-8-14	13-8-14-5-11-10-9-14-14-14-14-13	14-12-14-10-13-14-14-11-14-14-4-0
241	0	0-0-0-0-0-0-0-0-0-0-0-0	0-0-0-0-0-0-0-0-0-0-0-0	0-0-0-0-0-0-0-0-0-0-0-0	0-0-0-0-0-0-0-0-0-0-0-0	0-0-0-0-0-0-0-0-0-0-0-0	0-0-0-0-0-0-0-0-0-0-0-0	0-0-0-0-0-0-0-0-0-0-0-0	0-0-0-0-0-0-0-0-0-0-0-0	0-0-0-0-0-0-0-0-0-0-0-0	0-0-0-0-0-0-0-0-0-0-0-0	0-0-0-0-0-0-0-0-0-0-0-0	0-0-0-0-0-0-0-0-0-0-0-0
241	1	0-1-1-1-0-0-1-1-1-1-1-1	0-0-0-1-1-0-1-0-1-1-1-2	2-1-2-2-2-2-2-1-0-0-0-0	2-2-2-0-2-2-0-3-0-0-0-2	2-1-3-0-2-0-2-2-0-1-3-2	2-2-0-1-1-2-2-1-0-0-0-0	2-0-0-1-2-1-1-0-2-0-2-0	1-1-1-2-1-1-0-3-3-2-1-1	1-2-2-2-1-1-1-1-0-1-2-0	2-1-0-0-0-0-0-0-2-1-1-0	2-1-0-0-0-1-2-2-0-1-0-1	1-0-1-2-1-1-1-1-1-1-1-2
241	2	2-2-2-2-2-2-2-3-2-2-2-2	1-3-3-1-2-2-1-2-2-3-1-3	1-1-1-2-1-1-1-1-1-3-3-2	1-1-1-0-1-1-3-1-3-0-3-1	1-1-1-0-1-3-3-1-3-2-0-1	1-1-0-2-2-1-3-1-3-2-2-2	1-3-2-2-1-2-3-3-1-2-1-3	2-3-2-1-2-2-3-1-1-1-2-0	2-1-1-1-2-2-1-1-3-2-2-2	1-1-0-0-2-2-3-2-1-2-1-3	1-3-2-0-0-2-1-1-2-1-2-2	2-4-1-3-1-2-2-2-2-2-5-1
241	3	3-2-3-3-3-2-3-2-3-3-3-2	3-2-2-3-2-2-3-2-3-3-1-2	10-4-4-3-1-1-4-3-3-2-2-3	4-3-4-3-1-4-2-1-2-4-3-5	5-4-1-4-5-2-2-3-2-1-1-5	1-4-0-3-3-5-2-3-2-0-5-3	3-2-2-5-3-3-2-2-4-2-5-2	3-2-5-1-2-4-2-1-1-3-3-10	5-3-3-1-8-3-3-1-2-1-3-0	3-3-0-1-5-4-2-0-1-5-5-2	5-2-2-4-3-3-5-3-5-1-0-3	1-4-3-3-3-3-3-3-1-3-2-2
241	4	4-4-4-5-4-4-5-5-4-5-5-4	5-5-5-5-5-5-5-5-5-4-7-5	4-3-5-5-5-5-5-4-6-5-10-5	5-3-5-5-3-3-5-6-5-5-4-3	6-3-4-5-4-4-4-4-4-5-7-4	5-5-5-4-5-7-4-5-4-4-11-4	11-4-4-4-4-4-5-5-4-4-9-5	8-4-5-4-4-3-4-5-4-4-3-4	4-3-4-4-5-6-5-4-6-6-4-5	5-5-7-5-4-5-5-4-9-4-3-4	11-5-8-3-5-7-4-5-3-4-5-4	5-4-4-5-10-5-4-8-10-4-2-4
241	5	4-4-4-4-4-4-4-4-4-4-4-4	4-4-4-7-4-4-6-4-4-4-4-4	7-5-4-4-7-4-6-6-4-4-6-6	4-3-4-4-6-6-4-6-4-4-6-3	7-3-6-7-5-5-6-5-5-4-4-7	4-4-4-5-4-3-6-4-4-4-3-6	7-7-4-3-5-5-4-4-4-5-3-7	4-6-6-6-5-4-2-6-5-3-3-3	3-3-4-11-6-4-4-5-4-4-6-4	4-4-4-4-4-6-4-4-1-3-3-6	3-4-2-0-4-4-3-4-3-6-4-5	4-0-3-4-3-4-5-4-2-4-2-4
241	6	4-4-4-4-4-4-4-4-4-4-4-4	4-4-4-5-4-4-5-9-4-4-4-5	3-5-4-5-5-9-5-5-4-9-5-5	7-7-7-7-5-8-4-4-5-6-8-3	4-4-5-5-7-5-7-5-6-4-4-5	9-7-8-13-4-7-5-4-6-6-13-5	5-5-4-6-7-5-7-5-6-4-5-9	4-5-5-7-6-4-2-7-6-4-6-3	6-3-6-6-5-4-6-7-4-4-5-7	6-6-6-4-5-5-4-4-1-7-7-5	6-4-2-0-7-6-3-6-6-5-4-6	4-6-6-7-6-4-5-4-2-4-5-4
241	7	4-4-4-7-4-4-4-4-4-4-4-4	4-8-4-5-4-4-5-6-4-4-4-4	5-6-4-5-5-4-8-9-4-5-8-8	6-6-6-6-5-6-4-4-5-9-6-3	5-3-1-5-6-9-6-6-6-4-4-5	6-6-6-4-5-6-8-7-7-7-7-7	5-5-4-8-6-4-8-8-7-4-5-7	4-5-5-6-7-4-7-6-6-7-6-4	8-8-6-6-7-4-3-6-4-8-5-6	8-6-4-7-4-8-8-7-1-6-6-5	3-4-4-7-4-8-3-6-3-6-4-6	4-6-3-6-3-4-5-4-4-4-7-4
241	8	8-8-4-8-4-4-4-4-4-4-4-4	4-7-4-5-4-4-5-6-4-6-4-9	5-8-5-5-5-6-7-10-6-5-9-7	6-6-9-5-5-6-9-4-9-7-6-3	5-3-5-5-6-7-9-8-9-6-16-5	4-6-6-4-4-5-9-9-4-8-8-7	5-5-7-7-6-8-9-9-8-8-5-9	4-5-5-6-5-4-9-6-6-8-6-4	7-7-6-6-3-6-4-6-4-9-5-4	7-5-8-9-5-7-7-8-4-6-3-5	3-4-4-14-9-7-3-6-3-4-4-6	4-6-3-6-3-4-5-4-4-4-8-4
241	9	4-4-8-4-4-10-4-10-4-4-4-10	4-8-4-11-4-11-10-6-4-6-10-10	6-9-10-10-10-6-10-10-10-6-8-10	10-6-8-10-10-10-8-13-8-7-6-3	6-3-1-10-6-7-10-10-8-9-9-10	6-6-11-11-9-3-8-9-4-6-6-10	5-4-7-6-6-10-8-10-8-16-3-8	4-10-6-10-10-4-8-9-6-9-9-3	6-3-8-11-6-4-3-10-4-10-11-11	4-4-11-8-14-10-8-8-10-3-3-5	3-4-4-8-8-8-3-6-3-9-4-6	4-9-9-9-4-4-5-4-4-4-8-4
241	10	4-8-4-11-4-9-9-4-10-4-4-4	4-11-4-9-11-10-9-11-11-6-9-9	3-10-9-5-9-6-9-9-9-11-11-11	9-10-10-9-9-9-8-9-11-8-11-3	10-3-1-9-6-11-11-9-8-9-9-9	4-6-9-14-10-9-11-10-6-10-3-10	6-4-11-3-5-9-11-11-8-14-3-9	10-9-4-11-9-4-13-9-6-10-3-3	4-3-4-6-10-8-4-9-13-9-9-11	4-4-8-13-9-9-11-8-9-3-3-5	3-4-14-13-4-8-3-4-3-4-4-5	4-9-12-11-4-4-5-4-4-10-10-13
241	11	11-8-4-10-4-10-4-4-9-11-4-10	4-10-10-9-10-9-11-10-10-4-12-11	11-12-12-12-11-8-11-12-11-10-10-10	11-11-10-9-9-9-11-9-10-8-10-11	11-11-1-11-13-10-10-10-8-11-9-11	4-11-9-11-10-13-10-11-10-10-4-9	4-4-10-11-11-9-10-10-8-10-11-11	4-5-14-10-9-12-8-9-6-11-11-11	11-13-11-5-5-11-4-12-10-11-5-9	11-4-9-14-8-9-10-7-13-13-11-5	14-4-4-10-4-13-13-11-14-6-4-6	4-9-11-10-11-4-5-11-4-13-2-4
241	12	15-14-14-14-14-14-15-13-16-15-15-14	13-13-13-14-15-13-15-13-13-13-13-13	12-11-13-14-13-13-13-14-14-13-11-13	13-11-13-13-9-11-13-9-13-13-12-11	14-11-15-15-15-12-12-12-12-13-15-11	16-15-13-12-13-13-12-13-15-12-14-12	15-13-13-12-13-12-16-13-15-15-16-15	14-12-13-12-12-11-14-15-6-15-11-11	14-11-12-12-16-15-16-16-13-15-5-13	15-16-13-16-12-13-13-15-12-11-11-13	13-13-15-10-14-14-11-16-11-12-13-6	14-14-12-12-12-13-15-13-15-12-13-13
241	13	12-12-12-12-12-12-12-12-12-12-12-12	12-12-12-15-12-12-12-12-12-12-12-12	14-14-12-12-14-15-12-12-12-12-12-12	14-12-12-12-14-14-12-9-12-12-12-3	12-11-14-9-11-13-14-13-13-12-12-15	14-14-12-12-12-11-14-12-12-12-6-15	14-12-12-13-12-13-8-14-12-12-13-13	12-13-12-14-13-11-12-12-6-11-13-11	12-11-6-14-15-12-12-14-12-12-13-12	12-13-13-12-15-15-14-8-11-11-14-12	12-12-12-10-14-12-11-15-13-15-12-6	12-15-11-13-13-12-12-12-4-11-12-10
241	14	12-12-12-12-12-12-12-12-12-12-12-12	15-12-15-12-12-12-12-12-12-12-12-12	13-13-12-12-13-13-15-12-12-12-15-12	13-11-13-12-13-13-12-9-12-14-14-3	12-3-13-12-12-14-13-15-14-12-12-9	13-13-13-12-14-11-13-14-12-14-12-14	13-12-12-13-12-14-12-13-12-10-13-13	12-13-11-13-13-11-12-12-6-14-11-11	12-11-12-13-14-12-12-13-12-12-13-12	12-13-14-11-15-12-15-8-11-11-13-12	11-12-12-10-13-12-11-13-13-12-12-6	12-13-11-13-11-12-12-12-12-12-14-16
241	15	12-12-12-12-12-12-12-12-12-12-12-12	14-12-14-13-12-12-12-12-12-12-12-12	15-15-12-12-15-13-14-12-12-12-14-15	16-15-12-16-13-13-12-9-12-12-14-15	12-15-13-12-12-14-16-14-14-12-12-13	12-13-12-15-12-16-14-12-12-12-4-13	13-12-12-13-15-15-8-14-12-12-13-12	12-14-12-13-13-16-8-12-13-11-11-11	15-11-12-13-13-12-12-13-12-12-13-9	12-13-15-14-14-13-14-12-15-11-15-5	15-12-12-10-13-15-11-13-13-13-12-6	15-13-15-13-15-12-12-15-12-15-12-12
241	16	16-16-16-12-16-12-12-16-12-12-16-16	12-12-12-13-12-12-12-15-12-16-15-12	15-15-16-12-16-13-16-16-12-16-16-16	15-16-16-15-16-16-12-16-16-16-16-15	12-11-16-16-16-16-15-16-14-16-12-16	16-16-16-12-16-15-12-16-16-16-16-16	13-16-16-16-12-16-12-15-16-12-12-12	16-16-9-16-16-15-16-12-13-12-12-11	12-16-6-16-12-12-16-12-16-12-13-12	12-16-16-12-16-13-16-12-16-16-16-16	15-12-2-16-13-12-11-12-16-16-12-16	12-16-16-12-13-16-16-15-16-16-16-12
242	0	0-0-0-0-0-0-0-0-0-0-0-0	0-0-0-0-0-0-0-0-0-0-0-0	0-0-0-0-0-0-0-0-0-0-0-0	0-0-0-0-0-0-0-0-0-0-0-0	0-0-0-0-0-0-0-0-0-0-0-0	0-0-0-0-0-0-0-0-0-0-0-0	0-0-0-0-0-0-0-0-0-0-0-0	0-0-0-0-0-0-0-0-0-0-0-0	0-0-0-0-0-0-0-0-0-0-0-0	0-0-0-0-0-0-0-0-0-0-0-0	0-0-0-0-0-0-0-0-0-0-0-0	0-0-0-0-0-0-0-0-0-0-0-0
242	1	1-1-1-1-1-1-1-1-1-1-1-1	1-0-1-1-0-1-0-1-1-1-1-2	0-2-0-2-2-2-2-0-0-1-2-2	2-0-0-2-2-2-0-2-2-1-1-0	1-1-0-2-0-1-2-2-1-2-0-1	2-0-1-1-1-2-1-1-1-1-2-0	1-1-1-0-1-0-1-2-1-1-2-1	1-1-1-1-1-0-1-1-0-1-0-1	1-0-1-1-2-1-0-1-0-1-1-1	1-1-1-1-2-1-1-1-1-0-0-1	1-1-1-1-1-0-0-0-0-1-1-1	0-1-1-0-1-1-1-0-1-1-1-1
242	2	2-2-1-2-2-2-2-2-2-2-2-2	2-2-2-1-2-2-0-2-2-2-1-2	0-1-0-1-1-5-3-1-3-1-3-1	1-3-0-1-1-1-2-1-1-2-1-0	1-0-0-1-3-1-3-1-3-1-4-1	1-0-4-4-2-1-3-3-2-2-1-2	5-2-2-2-3-0-2-3-2-2-1-5	2-1-6-3-2-2-2-3-2-5-3-2	2-2-2-3-1-2-2-3-2-2-1-2	2-5-2-2-1-1-1-2-3-7-2-1	2-2-2-1-2-2-0-2-2-3-2-2	0-2-2-0-2-2-1-2-1-1-1-2
242	3	3-3-3-3-3-3-3-3-3-3-4-3	4-3-3-1-3-3-0-4-2-2-1-2	0-0-0-1-1-2-4-4-2-1-4-1	1-2-4-1-1-1-3-1-1-3-1-0	1-0-0-1-2-4-2-4-2-1-2-2	1-0-2-3-2-1-2-2-2-3-3-2	1-2-3-2-2-0-2-2-3-2-2-1	4-1-2-2-2-6-3-2-2-4-2-2	3-2-2-2-3-8-3-2-3-4-4-3	4-1-3-3-1-1-1-3-1-2-2-1	3-3-3-3-2-4-4-2-2-2-2-2	5-2-0-0-3-4-1-2-3-3-3-4
242	4	4-3-4-5-3-4-4-4-4-4-5-4	3-3-4-1-5-3-0-5-2-5-6-5	5-4-4-1-5-2-5-3-5-2-5-5	5-5-5-4-1-1-5-1-5-5-5-0	1-0-0-1-2-3-5-5-5-1-2-0	1-0-2-2-4-1-5-2-4-5-4-2	5-1-3-0-2-6-5-5-3-4-0-2	4-1-2-3-4-0-5-4-2-3-5-4	4-2-5-2-9-6-5-2-4-3-3-5	3-1-4-5-5-1-1-4-5-2-2-1	5-2-5-4-5-5-4-2-5-5-2-2	6-2-0-0-5-3-1-3-4-5-4-3
242	5	4-3-4-4-5-4-4-4-5-5-4-4	6-3-4-1-4-5-6-6-5-4-6-4	4-6-7-6-6-2-6-6-7-6-6-4	6-6-6-6-7-6-4-6-4-4-4-5	6-6-6-6-2-3-6-6-4-6-6-6	6-6-6-7-5-6-4-7-4-4-6-6	6-2-4-6-2-7-4-6-2-5-6-2	5-6-2-6-2-5-4-6-7-6-6-6	6-5-4-6-5-6-4-6-6-5-4-5	2-7-5-6-6-1-5-4-4-6-6-1	6-2-4-4-4-4-7-5-6-4-5-2	3-5-5-5-7-5-2-7-3-4-4-2
242	6	6-6-6-6-6-6-6-6-6-6-6-7	7-7-4-1-6-7-5-7-5-4-5-8	5-5-5-5-5-8-5-5-7-8-7-6	5-5-5-5-5-5-4-5-7-6-7-5	5-5-5-5-2-8-5-5-6-5-5-5	5-5-5-5-6-5-5-6-6-6-5-5	5-6-6-5-8-5-7-8-3-8-5-2	6-5-8-5-6-2-12-6-2-8-5-5	5-6-7-7-6-6-6-5-5-5-7-7	6-5-6-5-5-6-5-4-8-5-5-12	5-6-6-4-6-4-5-5-5-2-6-6	6-5-5-5-6-6-1-5-7-5-7-6
242	7	6-6-6-7-6-6-7-7-7-6-6-6	6-8-8-5-6-6-5-6-5-9-5-7	12-7-5-5-8-6-8-6-8-8-8-6	5-5-8-5-5-5-8-1-8-8-8-0	5-5-0-8-2-6-6-7-8-5-5-5	5-5-2-5-8-5-8-6-7-7-5-5	0-11-6-0-2-5-6-6-7-7-5-7	8-5-6-6-7-12-6-7-5-6-5-7	5-6-6-6-9-8-7-2-5-7-6-11	6-5-6-12-5-1-5-11-6-2-5-1	5-6-5-9-12-7-5-5-5-7-6-6	7-2-0-5-5-6-6-9-6-4-8-12
242	8	10-6-7-9-8-6-8-8-7-9-8-6	9-7-7-9-6-6-9-7-9-7-9-9	10-9-9-5-7-9-7-10-9-7-7-8	9-9-7-5-5-9-7-5-7-8-7-10	1-9-9-7-11-6-9-9-7-9-8-5	9-9-2-5-7-5-7-7-7-7-4-9	11-1-6-11-9-10-6-6-7-6-5-8	7-1-6-9-7-9-6-5-10-11-8-8	8-11-10-9-9-7-9-6-10-2-7-7	9-9-11-9-7-1-9-4-9-9-11-1	9-3-7-7-7-8-9-9-9-9-9-2	9-5-8-9-8-8-1-8-7-4-7-6
242	9	9-9-6-9-10-6-9-9-8-9-10-9	8-10-11-8-7-6-8-8-8-11-8-8	12-8-8-8-5-8-8-8-8-8-10-9	8-8-8-5-5-8-8-5-10-7-10-8	1-8-8-7-8-10-8-8-10-11-9-5	8-8-2-5-7-5-10-6-7-9-5-9	8-11-6-8-10-9-10-10-9-10-5-2	9-9-6-8-7-8-6-5-8-9-8-5	5-6-8-8-8-8-8-8-11-10-7-11	8-8-9-8-10-11-8-4-8-8-8-1	8-12-9-7-8-8-8-8-8-8-9-6	8-10-8-8-8-11-12-7-6-9-9-7
242	10	9-9-9-9-9-12-9-11-9-11-9-9	11-9-7-12-11-12-10-12-8-10-12-12	10-11-11-12-11-9-11-8-8-10-9-11	11-11-11-11-10-11-9-1-9-8-11-8	11-8-8-7-8-9-11-11-9-12-10-5	8-11-11-10-8-5-9-12-7-9-10-11	10-9-8-8-9-8-9-11-9-9-10-11	9-10-11-10-10-8-6-4-8-8-11-9	10-8-8-10-11-10-8-10-8-5-10-7	11-10-8-9-10-1-10-7-8-8-8-1	8-9-10-7-7-9-8-8-10-10-9-2	9-11-8-8-10-9-1-8-6-11-7-7
242	11	11-9-11-9-10-12-10-10-12-10-12-12	8-9-9-10-10-10-10-12-12-9-10-7	12-10-10-12-10-11-10-10-10-11-12-10	10-10-10-10-11-10-10-5-10-7-10-8	11-8-8-7-8-11-10-10-9-10-10-11	8-10-10-11-6-5-10-8-4-9-11-10	8-9-7-8-10-11-9-10-9-12-10-10	11-10-11-10-10-0-6-6-8-8-10-2	10-8-10-11-11-10-8-6-9-9-10-7	10-10-8-10-10-1-10-7-11-8-8-11	8-9-9-4-7-8-11-8-8-10-11-11	8-10-8-8-10-9-11-8-9-10-7-7
242	12	12-12-12-12-12-12-12-12-12-12-12-12	11-9-12-10-12-10-10-11-11-12-10-10	11-11-10-11-12-11-12-12-10-12-12-12	12-12-12-12-12-12-8-12-12-12-12-10	12-8-12-12-12-12-10-12-9-12-10-5	12-12-12-12-12-5-12-12-12-12-12-10	8-12-12-12-10-12-7-11-12-11-12-12	12-12-6-12-12-8-6-2-11-12-10-12	10-12-12-12-6-12-12-12-12-9-12-10	10-12-12-12-12-1-12-8-12-12-12-12	12-9-4-7-7-8-12-12-12-12-12-12	7-2-12-8-9-12-12-9-12-12-7-7
243	0	0-0-0-0-0-0-0-0-0-0-0-0	0-0-0-0-0-0-0-0-0-0-0-0	0-0-0-0-0-0-0-0-0-0-0-0	0-0-0-0-0-0-0-0-0-0-0-0	0-0-0-0-0-0-0-0-0-0-0-0	0-0-0-0-0-0-0-0-0-0-0-0	0-0-0-0-0-0-0-0-0-0-0-0	0-0-0-0-0-0-0-0-0-0-0-0	0-0-0-0-0-0-0-0-0-0-0-0	0-0-0-0-0-0-0-0-0-0-0-0	0-0-0-0-0-0-0-0-0-0-0-0	0-0-0-0-0-0-0-0-0-0-0-0
243	1	1-1-1-1-1-1-1-1-1-1-1-1	1-1-1-1-1-1-0-1-1-1-1-1	0-2-0-2-2-2-2-2-0-1-2-2	2-0-0-2-1-2-0-2-1-0-2-0	1-0-2-2-0-1-2-1-1-1-1-0	2-2-1-4-1-2-1-2-1-1-8-1	1-1-1-0-1-0-1-2-1-1-2-1	1-1-2-1-1-2-1-1-1-1-0-0	0-1-0-1-2-1-0-0-2-3-2-1	2-1-1-0-2-2-1-1-1-0-2-1	0-1-1-2-2-0-2-0-0-1-1-1	0-1-1-0-0-1-1-0-1-0-2-1
243	2	2-2-1-2-2-2-2-2-2-2-2-2	3-2-1-1-2-3-1-3-2-3-4-1	0-1-1-1-1-5-3-1-5-1-3-1	1-3-3-1-1-4-2-1-2-2-1-0	1-2-1-1-3-1-3-3-2-2-4-2	1-3-4-5-2-1-3-1-2-2-9-2	1-2-2-2-3-0-2-3-2-2-2-3	1-1-1-3-5-2-2-3-2-5-2-2	2-5-2-3-1-2-2-3-1-2-1-2	1-1-2-2-1-1-2-2-0-2-2-1	2-2-2-1-1-2-1-2-2-2-2-2	2-2-7-2-2-2-1-0-1-1-1-1
243	3	3-3-4-3-3-3-3-3-3-3-3-3	2-3-3-1-3-2-2-2-2-2-2-2	0-3-5-1-1-2-4-2-2-1-4-1	2-2-2-1-1-1-2-1-2-4-2-0	1-0-1-1-2-4-4-2-2-2-2-2	2-2-2-2-2-1-2-3-3-3-1-3	1-1-3-0-2-3-2-4-2-2-1-2	3-1-1-4-3-2-4-2-2-3-0-2	3-2-2-4-3-2-0-2-4-3-1-2	4-1-3-3-1-4-1-3-1-2-4-1	1-2-2-3-9-2-1-2-2-4-2-4	3-2-2-2-4-1-5-9-3-4-3-1
243	4	4-4-4-4-3-4-3-4-5-4-4-4	5-5-3-1-5-5-1-6-5-2-5-5	1-4-6-5-1-4-3-5-5-6-5-5	2-2-5-4-2-2-5-1-5-3-2-0	1-0-1-5-2-3-5-4-5-2-2-0	1-2-2-1-4-2-5-5-4-3-5-3	1-1-3-0-2-4-5-5-4-5-1-4	4-1-3-3-1-0-3-5-2-4-2-4	4-2-5-3-4-2-0-2-4-4-3-8	3-3-3-4-1-3-3-4-1-2-3-1	0-5-4-4-5-6-1-6-0-3-3-3	2-1-1-2-3-4-3-6-5-3-5-10
243	5	5-4-4-4-4-3-3-4-4-5-4-10	5-4-3-1-4-4-6-6-4-2-6-7	7-6-6-6-7-2-6-7-6-4-4-4	6-6-6-5-7-6-4-8-4-4-2-5	7-7-10-4-2-3-6-6-4-7-6-7	6-6-2-8-5-10-4-4-4-3-6-7	6-4-4-6-2-9-4-6-4-4-6-5	3-2-6-6-2-5-3-4-2-2-5-6	7-2-4-6-5-5-6-6-5-5-6-2	5-6-3-5-6-6-5-5-6-7-5-6	6-6-5-9-5-8-6-5-7-6-5-2	5-5-5-5-6-5-3-0-4-5-4-4
243	6	6-6-6-6-6-6-6-6-6-6-6-6	4-8-6-1-7-7-5-7-5-2-5-7	0-6-5-5-5-7-7-5-7-8-7-7	5-5-5-5-5-5-6-5-7-6-6-5	5-0-5-5-2-8-5-5-6-5-5-5	5-5-2-6-9-5-7-7-4-6-5-5	5-6-6-5-7-6-5-5-4-6-5-6	4-7-5-5-6-6-7-4-2-8-5-5	6-6-7-5-4-6-5-5-5-5-7-7	6-7-4-5-5-5-5-4-7-5-5-5	5-5-5-5-6-4-5-4-5-7-5-6	6-5-6-5-7-7-6-4-6-5-6-6
243	7	7-10-7-7-7-7-7-7-6-7-8-7	7-6-8-6-6-6-5-8-5-8-8-6	5-7-5-5-5-6-6-9-6-8-8-6	7-6-8-5-5-5-6-5-8-8-7-5	5-5-5-8-2-6-8-7-8-5-5-5	5-5-8-5-7-5-8-6-8-7-5-5	5-1-4-0-6-6-8-6-7-7-5-5	6-6-6-6-6-7-6-7-2-9-5-7	5-2-6-6-7-5-6-5-7-9-6-6	7-6-7-5-5-5-5-4-6-5-5-7	0-7-6-5-10-5-5-8-5-6-5-7	6-5-2-5-6-6-1-6-8-6-6-6
243	8	9-8-10-9-9-10-6-7-6-8-7-10	7-6-7-10-7-6-9-9-10-7-10-6	9-9-9-9-8-6-9-8-9-7-7-8	9-9-9-9-8-9-9-5-7-7-7-8	1-9-8-7-9-6-7-6-7-5-5-5	1-8-7-5-8-5-7-8-7-7-1-9	8-1-4-8-7-8-7-6-7-6-8-5	8-6-8-8-8-8-6-8-8-8-5-8	9-8-9-8-2-3-8-8-7-6-8-4	8-8-8-8-8-1-5-4-8-8-5-9	8-2-8-5-7-10-8-7-8-8-8-8	8-5-8-8-8-8-8-6-7-8-4-4
243	9	8-9-7-9-9-7-9-7-9-10-9-9	7-7-7-8-8-6-10-8-8-7-10-9	8-8-8-10-9-10-8-10-8-9-8-9	8-8-8-8-9-8-8-5-7-9-9-8	9-8-8-9-8-9-10-9-8-10-9-9	9-9-9-9-8-5-8-9-7-7-9-10	10-9-8-8-6-8-9-10-7-6-5-9	8-9-9-9-9-8-6-10-8-8-9-8	8-8-8-9-10-9-8-8-7-5-9-4	8-9-8-8-9-9-9-4-8-8-5-8	6-2-6-5-7-9-8-7-5-9-8-9	8-9-8-8-9-8-9-3-7-9-4-4
243	10	10-10-10-10-10-10-9-10-10-10-10-10	8-7-10-8-10-10-9-8-8-10-9-9	9-10-10-9-10-9-10-10-9-10-10-10	10-10-10-10-10-10-9-10-10-10-10-8	9-8-10-10-10-10-9-10-7-10-5-5	10-10-9-9-10-5-10-10-10-10-10-9	9-10-10-10-6-10-10-9-10-10-8-10	10-10-1-10-10-9-6-9-8-8-9-10	9-10-10-10-9-10-10-5-10-9-9-4	8-10-10-10-10-9-10-6-8-10-10-10	10-10-10-10-7-8-8-7-10-10-10-9	6-10-10-8-7-10-10-3-10-10-10-4
244	0	0-0-0-0-0-0-0-0-0-0-0-0	0-0-0-0-0-0-0-0-0-0-0-0	0-0-0-0-0-0-0-0-0-0-0-0	0-0-0-0-0-0-0-0-0-0-0-0	0-0-0-0-0-0-0-0-0-0-0-0	0-0-0-0-0-0-0-0-0-0-0-0	0-0-0-0-0-0-0-0-0-0-0-0	0-0-0-0-0-0-0-0-0-0-0-0	0-0-0-0-0-0-0-0-0-0-0-0	0-0-0-0-0-0-0-0-0-0-0-0	0-0-0-0-0-0-0-0-0-0-0-0	0-0-0-0-0-0-0-0-0-0-0-0
244	1	1-1-1-1-1-1-1-1-1-1-1-1	1-0-0-1-2-0-1-2-1-1-1-2	2-1-2-0-1-1-2-2-0-0-2-0	2-2-2-0-1-1-0-1-0-5-0-5	0-2-2-1-1-0-2-1-0-1-1-1	0-1-0-1-1-1-0-1-0-0-0-1	0-0-0-5-1-2-0-2-1-1-0-1	1-0-0-1-1-8-0-1-1-1-0-2	1-0-0-1-0-1-8-2-1-1-0-1	0-0-1-0-1-1-0-0-1-2-4-1	0-0-1-0-1-1-2-0-8-1-1-1	0-0-1-2-1-1-1-1-0-0-0-0
244	2	2-2-2-2-2-2-2-2-2-2-3-3	1-0-0-2-1-3-2-1-1-1-3-1	1-1-3-4-3-3-3-3-1-3-1-3	3-1-1-3-2-3-0-3-3-1-3-1	3-1-3-4-1-2-1-2-2-2-2-3	2-2-3-2-2-4-2-2-0-0-9-1	2-2-2-1-2-1-2-3-0-2-2-2	2-2-3-2-2-1-0-2-2-2-2-1	2-2-2-2-3-2-3-1-0-2-2-2	2-2-2-0-5-2-2-0-2-1-1-3	0-0-3-0-3-1-1-0-3-2-2-1	0-2-2-3-3-2-2-1-0-2-0-2
244	3	3-3-2-3-3-3-3-3-2-3-3-3	4-3-3-2-3-4-2-3-3-4-2-3	6-4-2-2-2-4-2-4-4-4-3-2	2-4-1-2-2-2-4-2-2-3-2-1	2-1-2-2-4-2-4-4-3-0-5-2	2-2-5-3-3-2-4-2-3-3-10-3	2-2-3-1-4-0-4-3-3-3-2-2	3-2-2-4-6-3-4-5-6-2-5-6	3-6-4-3-2-4-3-4-0-2-2-4	2-8-3-0-2-2-2-0-2-4-0-2	3-4-2-2-4-3-6-3-2-2-3-6	1-4-4-2-3-2-2-3-0-0-0-2
244	4	4-4-4-4-4-4-4-4-4-4-4-4	3-6-4-2-6-4-2-5-3-3-2-5	1-3-3-2-2-3-5-5-5-3-5-5	3-3-5-2-2-2-3-2-5-6-3-1	2-1-1-2-3-5-3-3-3-2-2-2	3-2-3-0-0-2-3-4-4-4-3-4	2-2-4-1-3-0-4-3-4-4-2-3	0-2-3-3-2-1-3-3-3-4-3-3	5-3-3-3-4-3-2-3-6-2-2-4	3-3-4-4-2-2-2-4-2-3-1-2	6-3-4-5-3-5-3-3-3-2-5-3	4-3-3-5-3-5-2-11-9-5-4-0
244	5	5-6-5-5-5-5-5-4-5-5-5-5	4-6-5-2-6-6-1-4-3-3-3-6	1-5-3-2-2-3-4-4-4-3-6-4	3-3-6-2-2-2-6-2-6-6-4-1	2-1-1-6-3-4-6-5-6-1-2-2	2-2-3-3-5-2-6-3-5-6-10-3	2-2-4-1-3-0-6-6-0-5-2-3	9-2-2-4-4-1-5-3-3-4-3-3	4-3-6-3-4-3-1-3-4-6-2-6	2-2-5-4-2-2-2-5-5-3-1-5	1-6-11-6-6-4-1-0-3-2-4-3	4-3-3-4-10-5-4-5-7-4-4-5
244	6	6-5-6-5-6-5-8-4-7-5-5-5	7-5-4-6-5-5-6-7-7-3-7-5	3-6-7-7-7-3-7-7-4-7-5-7	7-7-7-7-7-7-5-2-5-5-3-6	2-1-7-5-3-4-7-7-5-7-6-7	7-7-7-6-6-7-5-5-5-5-7-6	7-2-4-1-3-6-5-5-3-5-7-7	1-7-3-7-7-1-5-3-3-7-9-3	7-3-9-3-6-3-7-7-4-6-7-5	7-3-6-6-7-7-6-5-7-1-6-2	7-5-5-6-6-9-3-9-7-2-5-3	6-6-6-6-7-6-2-7-4-7-0-5
244	7	7-7-6-7-7-7-7-7-5-7-7-7	7-10-8-6-7-5-6-8-6-8-6-6	6-7-6-6-6-8-6-6-8-8-8-8	6-6-6-6-6-6-8-2-7-7-8-1	2-1-6-6-3-8-8-6-7-6-2-6	6-6-8-6-7-6-8-7-7-7-6-7	6-9-7-1-8-0-9-6-7-7-6-6	9-9-3-6-6-1-9-6-3-7-6-3	6-7-3-9-7-7-6-6-8-8-6-8	6-3-7-6-6-6-6-5-6-11-6-8	6-8-8-7-10-6-7-9-6-3-7-3	8-3-6-6-6-7-2-7-11-6-11-5
244	8	8-8-9-8-8-8-6-11-8-7-7-9	7-7-7-6-5-10-8-9-6-7-9-11	1-8-6-6-9-7-7-9-9-7-7-9	6-9-9-9-6-6-7-2-9-9-7-6	5-1-6-9-3-7-9-6-9-7-9-6	6-8-7-6-8-6-9-7-8-5-8-6	6-9-7-1-7-0-8-9-8-3-6-9	1-6-7-7-7-1-7-6-3-10-6-8	6-9-3-9-6-8-11-9-7-7-7-7	7-3-6-9-9-2-8-5-8-6-9-7	0-7-5-8-9-8-8-9-6-2-8-3	7-8-6-6-6-8-2-8-7-9-0-8
244	9	9-8-9-9-8-9-9-9-8-9-7-11	10-7-7-10-5-8-10-8-9-8-8-11	9-9-10-6-8-10-9-10-8-7-8-8	9-10-8-8-9-9-7-2-8-8-7-9	2-11-11-8-10-7-8-9-8-9-8-9	9-9-7-9-9-10-8-9-7-5-2-9	10-7-10-9-7-10-7-8-3-11-6-9	10-7-10-9-9-9-7-3-9-11-6-8	9-8-11-7-2-9-9-8-10-10-6-7	9-9-9-8-8-2-6-5-9-9-9-7	9-7-5-8-8-11-9-9-9-2-9-9	9-8-9-9-9-9-9-9-4-8-0-5
244	10	10-11-11-11-10-11-10-11-11-11-11-10	11-7-7-11-11-11-9-11-11-10-11-11	10-9-11-11-10-11-10-11-10-10-10-10	11-10-9-11-10-10-10-10-10-8-10-10	11-9-10-8-9-10-11-11-8-10-9-10	10-10-11-10-9-9-9-10-8-5-5-9	9-8-9-9-7-9-11-8-7-11-10-10	9-10-9-10-10-9-7-11-9-8-10-8	9-8-9-10-11-10-9-8-9-11-10-7	9-10-10-8-8-11-10-5-9-9-9-10	9-7-5-8-8-10-9-10-9-10-9-9	9-10-10-9-9-9-10-10-4-8-10-10
244	11	11-10-10-11-11-10-10-11-11-10-10-11	10-10-11-10-10-10-10-10-10-11-10-10	9-11-10-10-11-10-11-10-10-11-11-11	10-11-10-10-11-11-10-9-11-11-11-9	10-9-9-11-11-11-10-10-8-11-10-6	11-11-11-11-11-11-11-11-11-11-11-11	10-11-11-11-7-11-5-10-11-11-6-11	11-10-6-11-11-10-7-10-9-9-10-11	9-11-11-11-10-11-11-6-11-10-6-8	9-11-11-11-11-10-11-10-9-11-11-11	11-11-5-7-11-9-11-11-11-11-11-11	11-7-11-9-6-11-11-4-11-11-4-11
245	0	0-0-0-0-0-0-0-0-0-0-0-0	0-0-0-0-0-0-0-0-0-0-0-0	0-0-0-0-0-0-0-0-0-0-0-0	0-0-0-0-0-0-0-0-0-0-0-0	0-0-0-0-0-0-0-0-0-0-0-0	0-0-0-0-0-0-0-0-0-0-0-0	0-0-0-0-0-0-0-0-0-0-0-0	0-0-0-0-0-0-0-0-0-0-0-0	0-0-0-0-0-0-0-0-0-0-0-0	0-0-0-0-0-0-0-0-0-0-0-0	0-0-0-0-0-0-0-0-0-0-0-0	0-0-0-0-0-0-0-0-0-0-0-0
245	1	1-1-1-1-1-1-1-1-1-1-1-1	0-2-1-0-1-1-0-0-1-1-0-0	0-0-0-0-0-0-0-0-0-0-0-0	0-0-0-0-0-0-2-1-1-2-0-0	1-0-0-1-0-1-2-0-1-0-1-0	8-0-0-0-0-0-2-0-1-1-8-2	0-1-1-1-0-1-1-0-1-1-1-0	0-1-0-1-1-0-3-2-1-1-0-0	1-0-1-1-2-0-1-0-3-1-1-0	0-0-1-2-0-0-0-1-0-0-0-1	0-1-2-0-1-0-0-1-0-0-1-1	2-1-0-0-0-2-1-0-3-0-1-1
245	2	2-2-2-2-3-2-2-2-2-2-2-2	2-1-1-4-1-3-3-2-2-2-2-3	2-3-3-3-3-3-3-3-2-3-3-2	3-0-3-3-3-3-1-3-3-1-3-0	3-0-6-3-0-1-3-3-1-0-2-3	2-3-3-2-2-5-3-3-1-2-9-5	2-4-2-1-2-2-2-3-2-2-3-2	2-2-2-3-5-6-1-3-2-6-3-0	1-0-0-2-3-2-14-3-1-2-3-2	3-2-1-3-3-3-4-2-6-0-3-3	5-1-3-0-3-10-0-1-0-2-2-2	1-2-2-2-5-1-2-0-1-3-1-2
245	3	2-2-2-3-2-3-2-2-2-3-2-3	2-3-1-2-3-2-2-6-4-3-2-3	0-4-2-2-2-6-2-4-2-6-3-2	2-4-2-2-2-2-3-2-2-3-5-0	2-3-2-2-4-3-4-4-3-3-2-2	10-4-5-4-3-2-4-2-3-3-10-3	4-3-1-3-4-3-3-2-3-3-2-10	3-2-3-4-3-3-1-4-10-3-2-0	3-0-3-3-2-5-3-4-1-2-2-2	2-3-3-2-2-2-3-4-4-0-3-2	3-3-2-0-3-3-0-3-7-4-3-3	1-3-2-3-3-3-2-0-1-2-1-2
245	4	4-4-4-4-4-4-2-4-4-4-4-4	2-4-5-2-5-5-2-3-3-3-2-3	0-3-2-2-2-3-5-3-5-3-5-5	3-3-5-2-2-3-3-2-4-6-3-0	2-0-2-2-3-5-3-3-3-3-3-2	3-3-3-3-2-2-3-4-4-4-2-4	3-2-4-3-3-4-5-3-4-4-2-3	5-2-3-5-2-3-4-3-3-4-3-0	4-0-3-3-4-4-3-3-4-2-2-5	5-3-4-4-2-5-2-6-2-0-0-2	6-3-4-0-5-3-0-7-3-3-4-3	1-3-2-3-0-4-2-0-1-5-5-5
245	5	5-6-5-5-5-5-5-5-5-4-5-5	7-8-5-2-7-4-2-5-3-3-3-7	0-5-2-2-2-3-4-7-4-3-6-5	3-3-6-2-2-3-6-2-6-5-3-0	2-0-2-2-3-4-6-5-6-3-2-2	2-3-3-3-9-2-6-3-5-5-7-2	3-2-5-0-3-4-6-4-6-5-2-3	4-2-4-4-2-2-5-3-3-5-3-0	4-0-4-3-6-3-1-3-5-6-5-4	4-3-7-6-2-4-2-5-2-0-6-2	2-3-6-5-6-5-0-3-3-3-4-3	1-5-2-3-2-5-2-5-7-6-6-6
245	6	6-5-7-5-5-5-6-7-6-4-6-5	7-5-5-7-5-5-7-8-7-3-7-7	7-7-8-8-7-3-7-5-8-8-5-7	7-7-5-8-9-7-5-10-5-4-3-6	9-6-7-9-0-4-7-7-5-6-14-7	7-7-8-3-6-8-5-6-5-3-3-7	3-2-5-0-3-10-5-5-5-3-3-7	4-6-8-7-6-6-5-14-3-7-6-0	3-3-3-3-5-6-0-7-5-5-8-11	7-8-6-5-7-6-6-4-2-7-6-8	3-3-5-5-5-2-0-8-0-3-4-3	4-6-6-6-0-5-2-0-1-5-5-5
245	7	7-7-7-7-10-7-7-7-7-7-7-7	6-8-9-6-5-5-6-6-6-3-6-5	6-6-6-6-6-3-6-5-6-6-8-6	6-6-6-6-6-6-5-6-8-8-7-0	6-0-6-6-3-8-6-6-8-7-8-6	6-6-7-2-6-6-8-7-7-7-5-7	3-8-10-0-9-7-14-6-5-7-6-6	7-6-6-8-7-7-5-6-3-6-14-0	5-7-3-6-7-7-7-6-6-5-6-6	6-6-5-7-8-2-8-7-2-7-6-6	0-3-5-8-7-9-0-7-3-3-6-3	7-7-6-7-7-8-2-5-13-8-5-10
245	8	8-9-7-9-8-9-7-8-7-7-8-7	9-5-5-6-5-4-9-6-6-9-6-9	9-9-9-6-8-9-9-9-9-6-9-9	8-8-9-6-6-9-8-6-7-7-8-14	6-8-9-6-10-7-9-9-7-9-7-8	9-9-6-8-6-10-7-7-1-5-1-7	3-7-7-14-8-10-5-9-3-7-8-6	8-6-6-7-6-10-7-6-3-8-8-10	8-10-8-6-2-8-11-10-6-8-6-6	10-6-5-9-9-6-7-7-10-10-10-6	10-1-8-7-5-8-10-8-9-3-6-3	1-6-9-3-8-7-8-14-9-8-5-2
245	9	9-9-9-9-9-10-9-9-9-10-9-7	8-10-7-6-8-9-8-8-6-9-6-8	8-8-8-8-6-8-8-8-8-9-10-8	8-8-9-9-6-8-11-6-11-11-9-0	6-8-8-6-9-9-8-8-9-8-10-6	8-8-6-9-9-8-9-9-9-7-11-9	11-7-9-9-8-9-11-8-9-9-8-11	7-6-6-7-9-8-11-3-3-9-8-8	9-8-13-9-7-13-11-8-11-8-2-8	8-6-5-8-8-9-9-13-8-8-8-12	8-13-11-8-13-7-8-8-8-3-9-3	10-6-8-3-8-9-2-8-11-8-10-11
245	10	10-14-9-9-11-9-9-9-10-9-10-7	8-9-7-10-10-7-10-6-12-9-10-8	8-8-12-12-12-8-10-8-12-11-9-9	11-8-9-11-11-11-5-6-9-9-13-12	12-8-12-11-12-11-11-10-11-6-12-10	3-10-11-10-6-8-11-11-9-5-3-11	12-7-9-0-7-6-5-9-3-10-10-10	4-10-8-10-10-8-5-6-3-9-8-8	8-8-3-11-11-9-8-8-9-12-11-6	8-10-7-9-11-11-10-12-8-8-8-11	8-9-9-7-14-11-8-12-8-12-10-3	9-10-8-10-12-5-10-8-1-8-9-7
245	11	12-12-12-12-13-14-14-14-11-12-10-14	12-9-7-12-13-13-12-11-12-10-12-12	12-11-12-10-11-13-12-12-12-10-11-11	12-13-12-10-10-10-9-10-9-9-9-14	10-13-10-10-13-10-12-12-9-13-11-10	12-10-10-11-11-14-10-10-11-3-9-11	11-9-8-12-11-11-9-11-9-11-10-9	11-10-6-10-10-12-9-6-3-11-13-13	13-12-12-12-12-9-13-12-9-8-10-6	12-10-13-9-10-10-10-9-11-13-13-10	12-9-9-7-11-13-12-13-12-10-4-3	9-10-8-12-11-7-10-8-9-11-9-9
245	12	14-12-12-12-12-12-12-12-13-11-13-13	11-13-12-10-13-13-11-12-11-13-11-11	11-11-11-10-10-11-11-11-11-13-13-13	11-12-13-10-10-10-13-6-13-13-9-10	10-11-10-10-10-12-11-11-13-11-13-10	11-10-10-11-11-11-13-10-12-12-10-12	10-13-12-11-11-12-13-11-12-9-10-10	4-10-11-10-10-11-13-12-3-9-11-11	12-11-11-11-11-11-11-11-12-13-10-13	11-10-12-13-10-10-10-10-10-11-11-9	11-9-13-12-14-2-11-11-11-10-13-12	9-12-8-11-11-12-10-12-11-12-10-12
245	13	13-13-14-12-13-12-13-13-12-11-14-14	14-12-12-10-12-12-11-11-14-12-14-12	11-11-11-10-13-11-12-12-11-12-12-12	14-11-13-13-13-13-12-6-12-12-10-13	10-11-13-10-11-13-14-13-12-11-12-13	13-13-13-11-6-11-12-13-12-3-3-13	14-12-12-13-12-13-12-12-3-10-13-13	11-10-11-13-13-11-12-13-13-11-11-11	11-11-11-13-13-9-13-13-12-12-13-12	13-13-11-13-11-13-13-9-13-11-11-13	11-9-12-8-12-11-8-11-11-13-12-13	9-5-13-13-11-12-10-8-12-13-9-9
245	14	14-14-14-14-14-14-11-14-14-14-14-14	11-12-14-10-14-12-11-11-13-14-13-11	11-11-14-10-14-14-14-14-11-14-14-14	13-14-14-14-14-14-12-14-14-14-14-11	14-11-14-14-14-14-13-14-12-14-6-6	14-14-14-14-14-11-13-14-14-14-14-14	13-14-14-14-13-14-14-11-14-14-11-13	14-14-10-14-14-11-14-13-13-14-7-11	3-14-3-14-10-14-14-13-14-13-10-12	13-14-14-14-14-13-14-7-14-14-14-14	10-9-14-12-12-7-11-14-14-14-14-14	14-14-14-13-14-14-14-8-14-14-14-14
246	0	0-0-0-0-0-0-0-0-0-0-0-0	0-0-0-0-0-0-0-0-0-0-0-0	0-0-0-0-0-0-0-0-0-0-0-0	0-0-0-0-0-0-0-0-0-0-0-0	0-0-0-0-0-0-0-0-0-0-0-0	0-0-0-0-0-0-0-0-0-0-0-0	0-0-0-0-0-0-0-0-0-0-0-0	0-0-0-0-0-0-0-0-0-0-0-0	0-0-0-0-0-0-0-0-0-0-0-0	0-0-0-0-0-0-0-0-0-0-0-0	0-0-0-0-0-0-0-0-0-0-0-0	0-0-0-0-0-0-0-0-0-0-0-0
246	1	1-1-1-1-1-1-1-1-1-1-1-1	1-0-1-1-0-0-0-0-1-0-1-0	0-0-0-2-2-0-0-2-0-0-0-0	2-0-2-2-2-2-0-4-1-0-1-3	2-0-2-2-0-1-2-2-1-0-3-2	2-4-1-1-1-0-1-2-0-1-7-0	2-1-1-1-0-1-1-2-1-1-2-4	0-1-2-1-1-0-1-1-1-0-2-0	0-0-0-1-2-1-0-2-1-1-1-1	2-1-1-2-2-2-1-1-1-0-2-1	2-1-2-0-1-0-0-2-2-1-1-1	1-1-1-1-2-1-1-0-0-0-2-1
246	2	2-2-1-2-2-2-2-2-2-2-2-2	3-2-2-1-2-2-0-3-2-3-1-2	0-3-1-1-1-3-3-1-0-3-2-3	1-3-1-1-1-1-0-1-1-2-4-1	1-0-1-1-3-1-3-1-2-0-1-1	1-1-4-5-2-2-3-1-2-2-5-2	1-2-2-3-3-2-2-2-2-2-1-5	2-1-1-3-2-2-2-3-5-2-1-0	2-0-2-2-1-3-2-3-1-2-1-2	1-3-2-1-1-1-1-2-3-3-1-1	2-1-1-0-2-2-0-2-1-1-1-2	3-2-2-3-2-2-1-2-2-2-1-1
246	3	3-3-3-3-3-3-3-3-3-3-3-3	2-3-3-1-2-3-0-2-2-2-1-2	1-2-0-1-1-2-4-5-0-2-4-4	1-2-4-1-1-1-0-1-4-4-2-1	1-0-1-1-2-4-2-4-2-3-1-1	1-1-2-2-3-1-4-3-3-3-3-3	1-3-3-2-2-3-3-4-3-3-1-1	3-1-2-4-1-3-3-2-2-3-2-0	3-0-2-2-3-2-3-2-4-3-4-3	4-4-3-3-1-2-1-3-4-2-4-4	0-4-3-0-3-3-0-4-1-1-4-2	3-3-1-2-1-3-2-0-0-4-3-3
246	4	4-4-4-4-5-4-3-4-4-4-4-4	3-5-5-1-5-5-2-3-2-5-4-4	0-4-4-5-1-2-3-5-4-4-5-3	1-5-5-1-1-2-5-1-5-3-2-0	1-0-1-5-2-3-5-4-5-4-5-1	1-1-2-2-4-2-5-5-4-4-4-3	1-4-4-6-2-4-4-5-4-3-1-5	3-1-4-3-1-4-4-3-2-4-2-4	4-0-3-3-3-2-0-3-5-3-3-4	3-3-4-3-1-5-1-4-3-6-3-3	0-3-5-5-5-6-0-3-1-2-3-2	4-7-1-1-1-4-1-6-4-3-5-5
246	5	5-4-4-4-4-4-4-4-4-5-4-4	3-4-4-6-4-4-6-6-6-4-6-6	6-6-6-6-6-2-6-6-4-4-4-6	6-6-4-6-6-6-4-6-4-3-2-5	6-5-7-4-2-3-6-6-4-6-6-5	6-6-6-2-4-6-4-4-3-4-6-5	10-7-4-5-2-5-4-6-3-7-6-6	2-6-10-6-5-5-4-3-2-2-5-0	6-0-5-6-7-6-6-6-5-5-7-5	1-6-7-5-6-5-5-5-5-6-5-7	0-2-4-4-5-7-0-5-6-6-5-2	5-5-5-5-6-5-1-0-6-6-4-5
246	6	7-6-6-6-6-6-7-6-6-4-6-6	3-7-6-5-6-7-5-5-5-7-5-5	5-6-5-5-5-7-5-5-7-7-7-7	5-5-6-5-5-5-6-5-7-7-7-5	5-0-5-5-8-7-5-5-7-6-5-5	5-5-7-2-6-5-7-6-7-6-5-6	5-6-6-7-6-6-5-5-3-6-5-5	6-5-6-5-6-6-9-6-2-6-5-4	5-6-2-5-3-5-5-5-6-5-7-7	7-5-6-6-5-5-5-7-5-5-5-5	6-6-6-4-6-4-0-5-5-5-6-2	6-5-5-5-5-6-6-6-6-5-6-6
246	7	7-7-6-6-7-4-6-6-6-7-4-6	8-6-6-7-6-6-7-7-7-6-5-10	7-8-8-7-7-7-6-7-8-6-6-6	7-7-7-5-5-8-7-5-6-7-6-7	5-8-5-7-9-6-6-7-6-7-8-7	7-8-6-7-7-10-6-6-6-4-1-5	7-6-7-6-7-7-4-8-7-5-7-7	9-6-7-6-6-9-6-5-5-7-7-9	7-7-7-7-9-7-7-8-6-7-6-6	6-7-7-7-6-5-6-3-7-9-7-5	9-7-7-7-6-5-9-7-7-7-6-2	6-5-7-5-7-7-6-7-7-7-6-1
246	8	8-10-9-9-9-10-9-9-10-10-9-10	9-9-9-7-9-9-9-10-9-9-9-9	10-7-9-9-9-9-9-10-10-9-9-9	9-7-9-9-5-7-10-5-9-9-8-7	10-7-8-9-7-8-8-8-9-9-9-7	9-9-9-8-8-7-8-9-8-8-7-8	7-9-9-8-10-8-9-9-8-8-10-10	8-8-9-8-6-7-8-9-2-8-7-8	8-8-8-7-10-9-10-7-9-10-6-9	6-8-9-8-8-10-8-8-8-7-7-9	7-9-9-7-8-9-7-10-7-8-9-8	10-8-8-10-9-9-8-9-9-9-6-10
246	9	8-8-8-8-8-8-8-8-8-8-8-8	8-8-8-9-8-8-10-8-8-8-8-8	7-9-8-8-8-8-8-8-8-8-8-8	8-7-8-8-9-9-8-5-8-8-8-5	8-7-5-8-7-9-10-9-8-8-8-5	8-8-8-8-8-7-9-8-8-8-2-8	9-8-8-9-8-9-8-8-8-8-9-8	8-9-8-9-9-7-6-8-10-7-7-7	7-8-8-9-10-8-8-9-8-8-9-8	9-9-8-8-9-9-9-8-7-7-5-8	7-8-8-4-9-8-7-8-7-9-8-2	6-5-7-9-9-8-9-8-8-8-9-8
246	10	10-8-8-8-10-8-8-8-8-8-8-8	8-8-8-9-8-8-9-8-8-10-8-9	8-9-10-8-10-8-10-8-8-10-8-10	10-10-10-10-10-10-8-5-10-10-10-7	8-7-10-10-7-10-9-9-8-8-1-5	10-10-10-10-10-7-10-10-10-10-10-10	9-10-10-10-8-10-8-10-10-8-8-8	10-10-5-10-10-7-6-8-9-10-8-7	8-10-10-10-8-8-10-8-10-8-9-8	6-10-10-10-10-9-10-8-8-10-7-10	7-8-8-4-6-8-7-8-10-10-8-10	8-10-10-8-9-10-10-8-10-10-10-8
247	0	0-0-0-0-0-0-0-0-0-0-0-0	0-0-0-0-0-0-0-0-0-0-0-0	0-0-0-0-0-0-0-0-0-0-0-0	0-0-0-0-0-0-0-0-0-0-0-0	0-0-0-0-0-0-0-0-0-0-0-0	0-0-0-0-0-0-0-0-0-0-0-0	0-0-0-0-0-0-0-0-0-0-0-0	0-0-0-0-0-0-0-0-0-0-0-0	0-0-0-0-0-0-0-0-0-0-0-0	0-0-0-0-0-0-0-0-0-0-0-0	0-0-0-0-0-0-0-0-0-0-0-0	0-0-0-0-0-0-0-0-0-0-0-0
247	1	1-1-1-1-1-1-1-1-1-1-1-1	1-1-1-3-2-1-3-1-1-1-1-0	3-2-2-2-2-2-2-0-2-2-1-1	2-0-2-2-2-2-1-2-2-0-2-1	2-0-5-3-0-1-2-2-0-1-1-2	1-1-1-1-1-4-1-2-1-1-8-4	2-1-1-8-1-1-1-2-1-1-2-4	1-1-0-1-1-8-2-1-1-1-2-1	0-0-0-1-8-2-0-2-2-1-2-1	2-1-1-2-2-2-3-1-6-1-0-2	0-1-1-0-2-2-0-1-1-1-1-1	3-1-1-1-2-3-1-0-2-1-2-2
247	2	2-2-1-2-2-2-2-2-1-2-2-1	1-1-1-1-2-1-1-3-2-3-1-2	5-1-1-1-1-6-3-3-1-3-2-3	3-3-3-1-1-3-3-1-1-2-3-1	1-2-1-1-3-2-3-3-2-2-1-3	3-3-4-3-2-1-3-3-2-2-2-2	1-2-2-2-3-2-2-2-2-2-1-2	2-1-2-3-2-2-1-3-2-2-2-6	2-6-2-2-2-2-2-3-1-2-1-2	3-3-2-1-1-1-4-1-3-5-1-1	2-2-2-0-2-2-0-2-2-3-2-2	0-2-5-3-2-2-3-0-1-2-1-1
247	3	3-3-3-3-3-3-3-3-3-3-3-4	1-3-4-1-4-4-1-2-2-2-1-4	1-3-2-1-1-2-4-2-4-2-4-2	2-2-4-1-1-2-4-1-4-3-2-0	1-0-1-1-2-4-2-2-2-2-1-2	2-2-2-2-3-1-4-2-3-3-1-3	1-1-3-2-2-3-2-4-3-4-1-1	3-3-2-2-3-1-3-2-2-3-2-0	3-3-2-2-3-2-0-2-4-1-1-5	2-2-3-4-2-4-1-1-4-2-4-4	6-2-2-4-5-2-0-2-2-2-3-2	1-2-1-4-4-1-4-5-1-3-3-3
247	4	4-4-4-4-4-3-4-4-4-5-4-4	3-6-3-3-3-4-1-4-2-4-1-5	1-4-2-1-5-2-5-4-3-2-5-5	2-2-5-5-1-2-3-1-3-5-2-0	1-0-1-1-2-3-5-4-5-2-1-0	2-2-2-2-4-1-5-5-4-4-5-1	1-1-3-2-2-3-6-3-4-4-1-1	4-3-3-3-1-0-4-2-2-4-2-0	3-2-2-2-4-2-0-2-3-4-4-6	3-3-4-3-1-3-1-4-3-0-3-3	0-1-6-8-1-4-3-3-0-2-3-4	4-2-1-3-3-2-3-5-6-3-5-3
247	5	4-5-4-5-5-3-5-3-5-5-4-5	7-3-3-7-3-4-8-6-6-4-6-4	2-5-5-7-6-7-4-6-6-6-4-6	6-2-4-6-7-6-4-7-6-4-2-7	7-2-1-6-2-3-6-6-6-5-8-9	6-5-6-6-5-1-4-4-4-5-4-2	1-6-3-5-2-3-4-3-5-5-6-6	4-7-7-4-2-1-4-2-2-4-5-2	2-2-2-2-2-6-1-6-6-4-4-6	5-2-2-6-6-6-6-4-3-2-4-5	3-6-11-4-11-4-3-2-2-2-6-2	4-2-2-3-3-3-6-5-4-3-6-5
247	6	7-6-5-4-6-3-7-4-6-4-5-4	5-4-3-7-4-4-5-7-6-4-7-7	9-7-7-7-5-2-7-7-7-5-6-5	5-7-7-5-5-7-7-1-5-4-7-7	5-0-7-5-2-3-7-7-5-5-7-7	7-7-5-6-5-7-4-4-6-5-6-7	5-5-3-2-2-6-4-6-5-8-7-5	2-7-2-7-2-7-3-2-2-4-6-2	2-2-2-2-6-5-6-5-5-4-8-4	5-7-8-5-7-4-5-4-1-7-6-1	3-5-4-7-5-8-2-7-2-8-5-2	4-6-6-6-7-6-5-3-7-3-7-5
247	7	7-7-7-7-7-7-7-7-7-7-7-7	5-8-8-5-8-4-5-7-6-4-6-8	11-6-6-5-6-5-6-6-6-8-8-7	6-6-6-5-5-6-8-5-8-8-7-6	5-0-6-5-9-8-6-6-8-5-6-6	6-6-5-6-5-6-8-8-7-4-5-6	1-7-7-2-7-3-8-8-5-5-6-5	7-6-5-8-7-6-7-7-2-7-6-0	6-7-2-6-4-5-6-2-7-6-7-8	6-6-7-8-6-6-5-6-6-6-6-5	7-6-8-7-9-7-0-6-6-2-7-6	4-7-9-6-6-6-6-7-8-7-8-7
247	8	9-9-7-7-7-8-8-7-8-7-9-7	9-7-7-8-7-7-9-11-6-10-9-8	10-9-9-6-8-9-9-8-8-7-7-8	8-8-9-8-6-9-7-1-7-7-8-10	1-9-6-5-10-7-7-9-7-6-8-9	1-9-7-8-8-11-7-7-8-8-1-6	8-1-7-9-8-8-4-7-5-6-1-6	8-6-8-7-7-9-7-2-2-8-8-8	8-8-8-9-10-8-8-10-5-8-6-7	5-6-6-7-10-4-5-7-8-10-10-1	9-1-7-10-5-8-8-6-10-6-6-2	8-6-8-8-8-6-7-11-7-8-7-3
247	9	11-11-10-11-10-11-10-11-11-9-11-11	10-10-10-10-10-10-10-10-10-10-10-10	11-8-10-11-10-10-8-10-10-10-9-10	10-10-10-10-9-8-10-10-10-9-10-8	11-8-6-10-8-9-9-9-10-11-10-8	9-10-10-9-9-8-9-10-9-9-6-9	11-10-9-9-11-9-10-10-9-10-11-9	10-9-10-9-9-8-9-11-11-9-11-8	9-8-10-9-11-10-10-11-10-11-9-10	9-11-6-9-9-10-10-11-10-8-8-10	8-10-10-9-10-11-8-10-8-9-10-10	11-7-10-11-10-10-10-10-7-10-7-9
247	10	9-9-9-9-9-9-9-9-9-9-9-9	9-9-9-9-9-9-9-9-9-9-11-9	8-9-9-9-9-9-11-9-9-9-9-9	9-9-9-9-10-10-9-9-9-9-9-8	10-8-6-9-8-10-11-11-9-5-9-6	9-9-9-9-9-8-10-9-9-9-2-9	10-9-9-9-9-9-9-9-9-9-10-10	9-10-9-10-10-9-7-9-2-9-10-8	9-8-9-9-8-9-9-10-9-9-10-9	10-10-6-9-8-11-9-4-9-8-8-9	10-9-9-8-9-9-8-9-8-10-9-11	9-7-9-10-9-9-9-9-7-9-10-3
247	11	11-9-9-9-11-9-9-9-9-9-11-9	9-9-9-9-9-9-9-8-9-11-10-9	9-10-10-9-9-10-10-9-9-11-11-9	10-11-9-9-11-11-9-11-11-11-11-8	9-8-11-11-8-11-10-10-9-11-9-6	11-11-11-11-11-8-9-11-11-11-11-11	9-11-11-11-9-11-9-10-11-9-9-9	11-11-9-9-11-9-7-9-9-9-9-8	2-8-9-11-9-9-11-9-9-9-10-9	9-11-11-11-11-10-11-9-9-11-10-11	10-11-11-8-5-9-8-11-11-11-9-11	9-11-11-9-11-11-11-9-11-11-11-3
248	0	0-0-0-0-0-0-0-0-0-0-0-0	0-0-0-0-0-0-0-0-0-0-0-0	0-0-0-0-0-0-0-0-0-0-0-0	0-0-0-0-0-0-0-0-0-0-0-0	0-0-0-0-0-0-0-0-0-0-0-0	0-0-0-0-0-0-0-0-0-0-0-0	0-0-0-0-0-0-0-0-0-0-0-0	0-0-0-0-0-0-0-0-0-0-0-0	0-0-0-0-0-0-0-0-0-0-0-0	0-0-0-0-0-0-0-0-0-0-0-0	0-0-0-0-0-0-0-0-0-0-0-0	0-0-0-0-0-0-0-0-0-0-0-0
248	1	1-1-1-1-0-1-1-1-1-1-1-1	1-1-1-1-1-1-0-3-1-1-1-2	0-2-0-2-2-2-2-0-0-1-0-2	2-0-0-2-2-2-0-2-1-1-2-0	1-0-2-2-0-1-2-2-1-1-0-1	2-2-1-1-1-1-2-1-1-1-3-1	1-1-1-0-0-1-1-2-1-1-2-1	1-1-2-1-1-1-1-1-1-1-2-0	0-0-0-0-2-0-0-2-1-1-2-1	2-2-1-0-2-2-1-1-6-0-2-1	0-1-0-0-1-1-0-0-0-1-1-1	0-1-4-0-2-1-1-0-1-0-1-1
248	2	2-2-1-2-2-2-2-2-2-2-2-2	3-2-1-1-2-1-4-5-2-3-1-3	0-1-3-1-1-5-3-1-0-5-3-1	1-3-3-1-1-1-2-1-1-2-5-0	1-2-1-1-4-1-3-3-2-2-4-2	1-3-4-5-2-3-3-3-2-2-1-2	1-2-3-2-3-1-3-1-2-2-1-5	2-1-1-3-1-1-2-1-5-0-4-0	2-0-2-2-1-2-2-1-1-2-1-2	1-1-2-2-1-1-2-2-0-3-1-1	0-5-2-2-2-2-0-2-3-3-3-2	0-3-1-2-1-2-1-0-1-0-1-1
248	3	3-3-3-3-3-3-3-3-3-3-3-3	2-5-3-1-2-4-4-4-2-2-4-2	1-3-2-1-1-2-4-4-4-2-4-4	2-2-4-1-1-1-2-1-2-4-2-1	1-0-1-1-2-5-2-2-2-2-3-1	2-2-2-1-2-2-2-2-3-3-1-3	1-2-3-2-2-3-2-4-3-3-3-4	3-7-1-4-5-4-2-2-2-3-6-0	3-0-2-2-3-2-4-5-4-3-1-3	5-1-3-3-4-4-4-3-1-2-5-1	0-4-4-4-4-4-0-4-2-2-2-2	8-2-0-2-3-1-5-6-3-4-10-3
248	4	4-4-4-4-4-4-3-4-4-4-4-4	4-5-5-1-4-5-2-3-5-2-4-5	0-4-0-5-1-2-3-5-3-2-5-3	2-2-5-4-1-2-4-1-5-5-4-0	1-0-0-5-2-3-5-4-5-2-2-1	7-2-2-2-4-1-5-5-4-4-4-3	1-1-4-2-2-4-5-5-5-5-9-3	3-3-1-3-1-3-4-4-2-4-2-0	3-0-5-2-4-2-3-5-3-5-6-3	4-1-3-3-3-3-7-4-4-5-5-1	0-5-3-10-3-3-0-9-0-2-3-4	5-2-1-2-1-4-1-4-5-3-4-5
248	5	4-4-4-4-3-4-4-4-4-4-3-4	3-3-4-6-4-4-6-6-4-2-6-4	6-4-6-5-6-2-6-6-4-2-4-6	6-6-4-5-6-6-4-5-4-4-2-0	6-0-6-6-2-3-6-6-4-6-6-6	6-2-6-7-5-6-4-4-2-4-6-6	1-2-3-2-2-2-4-4-4-4-6-6	3-6-2-3-3-7-4-4-2-5-5-0	6-0-4-3-4-2-0-6-3-5-7-7	6-1-6-5-5-6-5-5-1-4-5-1	0-2-3-5-5-3-0-5-0-4-5-2	4-5-5-5-4-5-3-0-4-5-4-4
248	6	6-6-6-6-6-6-6-6-6-6-6-6	7-4-7-5-6-4-5-7-6-2-5-4	5-5-5-5-5-7-7-5-5-8-7-5	5-6-5-5-5-5-4-5-5-6-2-0	5-0-9-5-2-7-5-5-7-5-5-5	5-7-5-6-6-5-7-7-2-6-5-6	1-6-6-7-6-6-10-5-4-6-5-5	6-5-2-7-6-7-7-5-2-6-3-0	5-6-2-10-6-2-0-5-6-5-5-6	5-1-6-6-5-5-7-5-1-7-7-6	9-2-9-6-5-5-0-2-9-2-5-2	9-5-8-2-9-6-1-8-6-7-6-6
248	7	7-6-6-7-8-6-6-6-7-6-6-7	8-6-6-8-8-7-8-8-7-7-8-8	8-8-8-7-7-7-6-8-7-6-6-7	7-7-7-5-5-8-7-5-6-8-9-8	5-8-7-7-7-6-6-8-6-7-7-7	4-8-5-5-6-10-6-6-7-4-8-8	7-7-7-6-7-7-7-8-2-4-7-7	2-6-1-6-6-8-6-6-5-7-7-7	7-7-8-7-1-7-7-8-6-3-5-5	6-1-6-8-8-5-5-4-7-6-6-1	7-9-8-7-3-7-7-5-8-5-7-2	7-5-7-5-7-7-1-7-7-6-4-1
248	8	9-10-8-9-9-10-9-9-9-9-9-9	9-9-9-7-9-9-9-9-9-9-9-10	8-7-9-10-10-9-9-8-9-9-9-7	7-7-9-8-5-7-10-5-8-9-8-7	9-7-9-5-9-8-7-8-8-8-9-7	8-9-9-9-8-7-8-8-8-8-4-8	9-8-9-9-7-8-8-7-9-9-10-9	8-9-9-8-9-8-8-10-9-6-7-7	8-7-9-8-9-10-8-7-8-10-9-9	8-8-8-10-8-9-8-9-9-9-9-9	9-10-9-6-8-7-7-9-9-8-10-9	10-9-8-9-8-8-9-9-8-10-9-9
248	9	8-8-8-8-8-8-8-8-8-8-8-8	8-8-8-10-8-8-8-10-8-8-10-10	9-7-10-9-9-8-9-9-10-8-8-9	10-9-8-10-9-9-8-8-8-8-7-9	8-8-8-8-8-9-10-9-8-9-8-9	9-8-8-10-8-8-8-8-8-8-4-8	8-8-8-8-8-8-8-9-8-8-8-8	8-8-8-9-8-10-8-8-8-8-8-9	8-8-8-8-10-8-8-8-8-8-10-8	8-8-8-8-7-8-8-10-8-8-8-8	8-8-8-8-8-8-9-8-8-9-8-8	8-8-9-8-8-8-8-8-9-8-8-10
248	10	10-10-8-8-10-8-8-10-8-8-10-8	8-8-8-9-8-8-8-9-9-10-9-9	8-10-9-8-10-8-10-8-9-10-10-10	9-10-10-9-10-10-8-5-10-10-10-9	8-7-10-10-7-10-9-9-8-10-5-9	10-10-10-9-10-7-10-10-10-10-10-10	8-10-10-10-8-10-8-10-10-8-8-10	10-10-6-10-10-8-10-8-5-8-8-7	8-10-10-8-9-8-10-8-10-8-9-8	8-10-10-8-7-8-10-9-10-10-10-10	8-8-10-4-9-8-7-8-10-9-8-10	8-8-10-9-10-10-10-10-10-10-10-9
249	0	0-0-0-0-0-0-0-0-0-0-0-0	0-0-0-0-0-0-0-0-0-0-0-0	0-0-0-0-0-0-0-0-0-0-0-0	0-0-0-0-0-0-0-0-0-0-0-0	0-0-0-0-0-0-0-0-0-0-0-0	0-0-0-0-0-0-0-0-0-0-0-0	0-0-0-0-0-0-0-0-0-0-0-0	0-0-0-0-0-0-0-0-0-0-0-0	0-0-0-0-0-0-0-0-0-0-0-0	0-0-0-0-0-0-0-0-0-0-0-0	0-0-0-0-0-0-0-0-0-0-0-0	0-0-0-0-0-0-0-0-0-0-0-0
249	1	1-1-1-1-1-1-1-1-1-1-1-1	2-1-1-2-1-1-2-1-2-1-2-2	1-3-2-1-1-2-2-1-3-2-4-2	2-1-2-2-0-0-2-3-1-2-2-0	3-0-1-2-0-1-1-1-2-2-4-1	2-2-2-5-2-3-1-3-1-1-7-0	5-1-1-1-1-1-2-4-2-1-0-2	8-1-9-1-1-0-2-2-1-1-1-2	1-2-2-1-2-3-5-1-2-1-0-2	2-1-1-1-1-1-2-1-1-1-0-1	1-2-2-1-2-1-4-1-1-5-2-1	2-1-1-1-1-2-1-5-2-2-2-1
249	2	1-1-1-1-1-1-1-1-1-1-1-1	1-1-1-2-1-1-1-1-1-1-1-1	0-2-1-3-3-1-3-3-1-2-3-3	1-1-1-1-3-3-1-4-3-1-3-0	5-0-3-3-2-2-3-3-1-1-1-5	1-1-1-1-1-5-2-1-1-1-10-3	4-2-1-0-2-2-1-3-1-2-3-1	1-3-3-3-2-0-1-3-2-2-1-1	1-1-1-2-3-1-1-1-1-1-3-1	1-1-1-5-3-3-1-1-7-0-0-3	1-1-1-0-1-0-3-1-0-3-1-2	1-2-2-5-0-1-2-1-1-1-1-1
249	3	1-1-2-1-1-1-1-1-1-1-1-3	1-1-1-2-1-1-1-4-3-4-2-2	6-2-4-2-2-6-2-4-1-4-2-2	5-4-4-4-2-4-1-1-2-3-4-2	1-0-2-2-4-2-4-4-3-1-1-2	6-4-5-1-3-2-4-1-3-3-6-2	2-3-1-3-4-2-3-2-3-1-2-4	1-2-2-4-2-1-1-5-6-1-3-1	6-6-4-3-2-1-3-3-1-3-2-4	3-3-1-1-2-2-1-1-4-4-3-2	3-1-1-1-3-3-2-3-3-2-1-3	1-3-4-3-0-3-2-3-1-1-1-1
249	4	4-4-4-4-1-4-4-4-1-1-4-4	1-6-4-2-1-4-1-5-1-3-1-5	2-6-3-2-2-3-5-6-5-3-5-5	3-3-5-3-2-3-1-2-5-6-3-0	4-0-2-2-3-5-3-3-3-1-1-2	1-3-3-1-1-2-5-4-4-4-9-4	2-2-1-1-3-4-4-1-4-1-2-5	4-4-2-3-2-1-6-3-3-4-3-1	5-3-3-3-0-1-1-3-5-3-2-4	3-1-1-2-2-5-1-4-2-3-0-2	1-5-1-1-1-5-1-3-3-3-5-3	1-3-3-3-0-1-5-1-1-5-1-1
249	5	5-5-5-5-5-5-5-5-5-5-5-5	1-6-5-2-1-6-1-4-3-3-1-6	2-5-3-2-2-3-4-4-4-3-6-4	3-3-6-6-2-3-6-1-6-6-4-0	7-0-2-6-3-4-6-5-6-1-1-2	1-3-3-1-6-2-6-6-5-6-11-2	1-6-1-0-3-5-6-6-4-5-11-4	1-2-1-4-4-11-5-3-3-4-3-1	4-3-6-3-0-1-1-3-4-6-7-6	1-1-1-2-2-4-1-5-5-3-0-2	0-4-12-6-1-4-1-1-1-1-4-3	1-3-3-2-0-1-4-1-1-4-1-7
249	6	6-6-6-7-6-5-5-1-7-1-6-5	1-5-4-6-1-5-8-7-7-3-7-8	3-8-8-7-7-3-7-7-4-3-5-7	6-8-5-6-7-7-5-8-5-5-3-6	7-0-8-5-3-4-7-7-5-8-8-7	7-8-7-8-6-7-5-5-4-5-3-6	9-5-1-0-3-6-5-5-3-5-7-6	1-7-12-7-8-0-4-9-3-8-6-1	3-3-6-7-6-8-3-7-4-7-7-6	7-7-9-6-7-6-6-5-6-0-8-7	3-3-5-5-6-9-8-6-7-9-7-3	6-6-6-6-7-1-2-1-1-5-1-1
249	7	7-7-6-7-7-5-7-9-7-7-7-7	6-8-8-6-1-8-6-8-6-8-6-6	2-6-6-6-6-9-8-6-9-9-8-6	6-6-6-6-6-6-5-6-5-7-8-6	5-0-6-6-3-9-6-6-7-7-9-6	6-6-6-8-7-6-8-7-7-7-1-7	6-9-7-0-9-7-5-8-7-7-6-6	1-6-8-6-8-0-9-7-3-7-6-1	1-3-3-8-7-7-1-6-9-6-9-9	6-6-7-1-6-6-6-9-8-3-6-6	6-7-5-7-9-0-8-7-6-8-11-8	7-6-6-6-6-8-2-1-9-6-7-9
249	8	8-8-8-8-8-8-8-8-8-8-8-8	7-7-7-6-9-8-6-7-6-7-6-6	12-8-6-6-6-9-7-9-9-10-9-8	6-6-9-6-6-6-7-6-9-9-9-6	1-0-6-9-3-7-9-8-9-6-6-6	6-6-7-6-10-6-9-7-8-7-9-7	6-9-8-0-9-5-9-7-8-8-6-6	1-6-7-7-7-12-8-8-3-9-6-1	6-3-7-7-8-6-1-6-3-8-8-7	6-7-8-9-7-6-6-8-7-11-6-7	0-8-7-12-9-0-7-9-6-7-7-7	7-6-6-6-12-7-7-8-9-8-10-8
249	9	8-10-9-7-8-9-10-9-8-9-10-9	9-7-8-6-8-9-11-8-11-10-10-9	9-10-10-10-6-10-9-10-10-10-8-9	10-10-8-6-10-10-7-11-8-8-8-9	11-11-9-8-10-7-10-10-8-10-7-6	10-10-8-11-8-6-8-7-8-7-4-9	6-7-8-9-8-9-8-7-8-10-10-6	4-7-10-10-7-0-7-6-10-8-9-1	9-10-12-10-10-7-9-9-7-9-7-7	9-9-6-8-6-10-10-8-10-10-10-2	9-1-10-8-8-12-9-10-10-10-10-3	9-9-9-9-9-1-9-9-7-9-8-7
249	10	10-12-11-10-10-11-11-11-12-10-11-11	11-11-11-10-12-11-11-10-10-11-11-11	10-9-9-9-9-9-10-10-10-11-9-10	9-9-11-11-9-9-10-6-8-12-10-9	11-9-11-11-9-11-9-9-12-9-11-9	9-9-8-10-8-6-10-10-10-10-2-10	9-11-8-9-12-10-8-10-10-7-9-11	11-7-9-9-8-11-7-6-9-12-9-1	9-9-9-9-11-7-9-9-10-10-7-7	9-9-7-10-6-9-9-8-9-9-9-12	9-12-10-11-12-9-9-9-9-9-10-3	9-10-9-9-9-10-9-9-11-9-8-10
249	11	10-10-12-12-10-10-10-10-10-12-12-10	10-10-10-12-8-10-10-11-10-10-12-10	11-11-12-11-11-9-11-11-12-10-10-11	12-11-10-11-11-10-11-11-11-10-10-9	11-9-10-10-9-10-12-11-10-11-10-11	11-10-11-12-8-10-10-10-10-10-5-11	11-10-11-9-10-11-10-11-10-12-11-12	10-6-9-11-12-12-11-8-9-10-11-11	11-10-9-11-10-11-9-10-10-12-11-12	11-6-10-10-10-11-9-11-9-11-10-10	10-10-10-8-10-11-11-10-8-11-7-11	12-10-11-9-9-10-9-10-10-10-8-10
249	12	12-12-11-10-12-11-10-12-10-11-12-12	10-10-10-11-10-10-10-11-11-12-11-11	10-12-11-11-12-12-12-11-11-12-12-12	11-12-11-11-12-12-11-12-12-10-12-9	10-9-12-12-12-12-11-11-10-12-10-6	12-10-12-11-12-6-10-12-12-12-12-11	11-12-12-12-10-12-10-11-12-12-11-11	12-12-6-10-12-11-7-6-9-10-9-12	1-12-9-12-11-12-12-12-12-11-12-11	9-12-8-12-12-12-12-11-10-12-12-12	10-10-5-8-10-9-12-10-12-12-12-12	11-12-12-9-8-12-12-1-12-12-12-10
250	0	0-0-0-0-0-0-0-0-0-0-0-0	0-0-0-0-0-0-0-0-0-0-0-0	0-0-0-0-0-0-0-0-0-0-0-0	0-0-0-0-0-0-0-0-0-0-0-0	0-0-0-0-0-0-0-0-0-0-0-0	0-0-0-0-0-0-0-0-0-0-0-0	0-0-0-0-0-0-0-0-0-0-0-0	0-0-0-0-0-0-0-0-0-0-0-0	0-0-0-0-0-0-0-0-0-0-0-0	0-0-0-0-0-0-0-0-0-0-0-0	0-0-0-0-0-0-0-0-0-0-0-0	0-0-0-0-0-0-0-0-0-0-0-0
250	1	1-1-1-1-1-1-1-1-1-1-1-1	1-2-1-2-1-2-1-2-1-1-2-2	1-1-1-1-0-2-1-2-2-2-2-1	0-0-0-0-1-1-2-1-0-0-2-1	2-1-1-0-0-1-1-1-0-1-1-0	2-2-0-2-1-2-2-1-2-0-2-0	1-1-1-1-1-1-2-0-0-1-2-1	1-1-2-1-1-1-2-0-1-1-2-2	2-4-1-1-1-2-1-0-2-1-1-0	1-2-1-0-0-1-0-3-1-1-1-2	1-1-2-0-3-1-1-1-1-1-0-1	1-0-1-1-1-1-1-1-1-1-1-2
250	2	3-2-2-2-1-2-1-1-1-1-2-1	3-1-1-1-1-1-3-1-1-2-3-3	4-2-3-1-3-3-3-1-3-2-2-2	2-2-3-0-2-4-1-4-0-5-1-7	3-1-6-0-4-1-2-1-1-2-2-3	3-3-3-2-1-3-1-1-1-0-1-2	6-1-1-2-2-4-1-2-0-1-3-0	2-1-1-3-1-6-1-2-3-2-2-1	1-1-1-3-2-1-3-2-1-3-2-0	1-1-2-3-3-1-6-1-6-5-2-1	2-1-1-0-1-2-6-1-7-2-0-2	2-3-6-3-2-1-2-2-2-3-2-1
250	3	4-4-3-3-3-3-3-4-3-4-4-5	4-3-3-3-4-5-2-5-4-4-2-4	3-3-5-4-4-5-4-4-4-4-5-4	4-7-4-4-2-2-4-5-4-4-4-2	5-1-2-5-2-3-3-3-4-4-5-2	4-2-4-3-4-6-3-5-3-3-3-4	2-4-4-2-3-3-5-4-4-5-2-3	3-3-4-2-3-2-4-4-2-2-3-10	3-1-3-2-4-5-14-2-4-4-2-4	7-14-5-6-4-4-3-1-2-7-2-3	4-4-7-4-1-7-2-1-2-3-5-4	4-2-3-2-4-11-6-4-6-4-4-4
250	4	3-3-3-3-3-3-3-3-3-3-3-3	3-3-3-7-3-3-3-4-3-3-6-5	2-4-3-3-5-3-5-5-3-3-3-3	5-3-3-3-5-5-3-2-3-3-5-2	3-1-2-3-2-5-5-5-3-3-3-4	7-2-3-3-3-3-4-3-3-3-3-3	5-3-3-3-3-2-3-3-3-3-4-4	3-4-5-4-4-2-3-5-4-2-5-3	3-1-1-4-14-3-2-6-3-3-4-3	3-4-6-3-3-5-3-4-2-2-2-3	3-3-4-3-3-3-2-2-3-5-3-3	3-4-2-2-3-3-4-3-3-3-3-3
250	5	3-3-3-3-3-3-3-3-3-3-3-3	3-3-3-4-3-3-4-3-3-3-4-4	2-4-3-3-4-7-4-4-3-6-3-4	4-6-3-4-4-4-3-3-4-2-4-2	3-5-2-3-6-5-6-4-5-3-3-4	4-7-6-3-5-7-6-3-5-5-13-5	5-5-3-5-6-5-3-3-5-3-4-7	3-5-4-6-5-2-5-6-10-2-4-3	5-1-5-5-5-3-2-2-3-5-4-7	5-5-5-3-4-4-5-5-2-2-5-3	5-13-3-0-5-5-2-5-5-4-3-5	2-5-2-7-5-3-4-3-3-3-3-3
250	6	6-6-6-6-3-6-6-3-3-3-6-3	3-8-7-4-3-3-3-7-3-5-4-4	2-6-3-3-7-5-7-5-3-5-7-4	5-5-5-3-4-5-3-3-7-6-5-2	3-1-2-3-5-6-5-5-5-3-3-5	3-5-5-3-3-3-7-5-5-6-4-6	2-6-6-5-5-6-6-7-11-3-4-5	3-6-5-5-4-2-6-5-5-6-5-3	3-1-5-5-6-3-2-4-3-7-7-6	3-5-6-3-3-5-3-5-2-2-7-3	3-3-7-7-3-3-2-5-5-5-3-5	3-5-2-2-2-3-3-3-3-3-3-3
250	7	3-7-7-6-3-7-6-3-3-3-6-6	3-6-8-4-3-3-3-6-3-5-3-4	2-7-3-3-6-5-6-7-3-6-6-7	4-3-7-4-4-5-9-3-7-8-8-2	3-3-2-10-5-6-7-7-8-3-3-0	4-5-5-3-7-5-8-8-8-8-11-6	2-6-6-2-5-7-10-6-8-3-4-5	3-6-5-6-5-8-7-5-5-6-5-3	2-1-8-5-7-3-2-2-6-7-6-11	3-4-7-8-0-8-8-11-2-3-6-3	2-3-3-6-8-3-2-5-2-3-3-5	3-8-2-5-2-3-4-3-3-7-3-3
250	8	9-9-9-9-8-7-9-9-8-9-8-9	10-6-7-10-9-9-9-9-9-10-9-9	11-9-9-10-9-10-9-9-9-7-9-8	9-9-9-9-9-9-7-9-9-9-7-9	9-9-10-9-5-6-9-9-7-9-9-9	9-9-5-12-7-9-7-10-7-7-9-9	9-11-3-9-7-8-7-8-6-8-10-11	7-9-14-9-9-10-7-10-5-9-10-3	9-1-11-5-8-9-9-9-7-8-10-7	4-9-9-8-9-9-9-10-2-6-9-12	9-5-9-9-9-8-9-5-9-8-8-5	14-7-13-10-10-9-6-8-9-11-3-3
250	9	8-8-9-8-8-8-9-8-9-8-8-8	8-11-7-8-8-8-8-8-8-8-8-8	8-8-8-8-8-8-10-8-8-10-10-8	8-8-8-8-8-8-11-8-8-8-11-8	8-8-8-8-5-10-8-8-10-8-8-8	8-8-5-8-7-8-10-8-9-7-8-8	8-10-3-8-10-9-7-9-7-9-8-10	11-11-3-8-8-8-11-8-5-11-8-3	8-1-10-5-9-8-8-8-10-8-10-6	9-8-8-8-8-8-8-8-2-3-8-10	10-5-8-8-8-8-2-9-8-3-3-9	12-10-8-8-8-3-4-3-8-8-3-11
250	10	8-8-8-8-10-8-8-8-8-9-8-8	11-9-7-8-8-8-10-8-8-8-8-8	8-8-8-8-11-8-9-8-8-9-9-11	10-11-11-12-8-8-7-8-11-11-9-8	8-8-8-11-5-9-11-8-11-8-12-8	8-8-10-8-7-8-9-8-10-10-8-10	5-9-10-8-9-9-7-11-0-8-8-9	3-7-11-8-5-8-9-8-5-10-8-3	8-1-9-5-8-3-8-11-9-8-9-10	10-5-8-8-11-7-10-8-10-3-8-9	9-5-8-11-11-8-2-5-8-8-10-10	9-9-2-8-8-3-4-3-8-8-3-10
250	11	9-10-8-8-8-12-8-10-8-14-8-8	10-9-7-11-8-12-10-8-8-11-8-8	8-13-12-12-10-8-12-12-12-10-10-10	12-10-13-10-12-12-12-8-10-10-9-12	3-13-12-10-13-9-12-12-10-12-10-12	12-12-10-13-11-14-12-12-10-7-7-13	12-8-13-12-12-13-7-10-6-14-12-8	9-9-12-12-8-12-9-8-12-13-11-3	11-1-8-12-12-3-12-10-12-8-11-7	12-11-8-8-10-12-12-7-12-11-12-11	12-5-9-10-10-11-11-12-12-8-10-11	9-12-11-12-11-3-12-11-8-8-3-9
250	12	8-8-12-8-12-12-8-8-14-12-12-8	10-13-13-8-12-11-10-8-8-13-8-8	8-11-11-11-10-8-11-11-11-12-8-10	11-12-11-10-11-11-13-8-10-10-13-11	8-8-8-10-11-12-11-11-13-11-10-11	11-11-5-8-12-8-11-11-12-12-8-12	11-13-10-11-11-12-13-11-13-12-11-5	12-7-11-11-4-11-9-8-11-12-11-3	11-1-11-11-11-11-11-11-11-8-11-11	11-11-8-11-12-12-11-7-11-11-11-11	11-5-14-6-8-12-11-11-11-8-11-10	9-11-2-11-11-3-11-12-13-12-11-8
250	13	14-14-14-14-14-14-14-14-14-14-14-14	14-12-14-14-14-14-14-14-14-14-14-14	13-11-11-14-10-14-13-11-14-13-13-13	11-12-11-10-13-13-12-13-10-10-12-13	13-11-13-7-11-12-14-11-12-11-10-13	13-11-10-13-11-8-12-14-12-7-5-11	11-12-12-11-11-11-7-10-6-10-13-14	9-13-11-11-13-11-9-8-11-11-13-3	11-1-11-13-14-14-11-9-11-8-11-14	11-11-8-11-13-13-13-14-11-11-11-11	11-5-13-7-8-12-11-11-11-8-3-11	9-13-8-11-13-3-13-12-12-13-13-9
250	14	14-14-13-13-14-13-13-14-14-13-14-14	13-13-14-13-13-13-13-13-13-14-13-13	8-14-14-13-14-14-14-14-13-14-14-14	13-14-13-13-14-14-13-8-14-14-14-8	13-11-14-14-14-14-13-14-9-14-10-8	14-14-14-13-14-11-14-14-14-14-14-13	8-14-14-14-9-14-6-13-14-14-8-13	14-14-13-14-14-8-9-8-11-11-13-14	11-14-14-14-13-14-3-14-14-3-11-13	11-3-14-14-14-12-14-13-11-14-14-14	13-3-12-14-12-11-14-14-14-14-14-14	14-14-14-2-8-14-14-12-14-14-14-3
251	0	0-0-0-0-0-0-0-0-0-0-0-0	0-0-0-0-0-0-0-0-0-0-0-0	0-0-0-0-0-0-0-0-0-0-0-0	0-0-0-0-0-0-0-0-0-0-0-0	0-0-0-0-0-0-0-0-0-0-0-0	0-0-0-0-0-0-0-0-0-0-0-0	0-0-0-0-0-0-0-0-0-0-0-0	0-0-0-0-0-0-0-0-0-0-0-0	0-0-0-0-0-0-0-0-0-0-0-0	0-0-0-0-0-0-0-0-0-0-0-0	0-0-0-0-0-0-0-0-0-0-0-0	0-0-0-0-0-0-0-0-0-0-0-0
251	1	1-1-1-1-1-1-1-1-1-1-1-1	1-1-1-1-1-1-0-0-1-0-1-0	3-2-0-2-2-2-2-0-0-1-0-1	2-0-0-2-1-2-0-2-1-1-1-0	1-0-2-2-1-1-0-2-1-0-4-1	1-0-1-1-1-3-1-1-1-1-1-1	1-1-1-0-1-0-1-0-1-1-1-0	1-1-1-1-1-0-1-2-1-1-1-0	0-0-1-1-2-1-0-2-1-1-1-1	2-1-0-0-0-2-0-1-0-0-0-2	0-1-0-0-0-0-0-0-0-1-1-1	0-1-3-1-0-1-1-0-0-0-2-1
251	2	2-2-2-2-2-2-2-2-2-2-2-2	3-2-2-1-2-3-3-5-2-2-4-2	0-3-1-1-1-5-1-3-0-5-2-1	1-3-6-1-1-4-2-1-1-2-4-0	1-2-1-1-3-1-3-3-3-2-1-4	1-4-4-3-2-0-3-1-2-2-5-2	7-2-2-2-3-2-2-2-2-2-1-5	2-1-1-3-2-2-2-1-8-2-2-2	2-5-2-2-1-2-2-3-1-1-1-2	3-2-2-2-2-1-2-2-3-3-1-1	2-5-2-0-2-2-0-2-2-3-2-2	0-2-1-2-2-2-2-0-3-2-1-2
251	3	3-3-3-3-3-3-3-3-3-3-3-3	2-3-3-1-4-3-2-4-2-2-2-2	1-2-0-4-1-2-4-2-4-2-4-4	1-2-3-1-1-2-2-1-1-5-1-0	1-0-1-3-2-5-2-2-2-2-2-1	1-2-2-2-3-1-2-3-3-3-1-3	1-1-3-2-2-3-3-4-3-3-1-2	3-1-4-2-1-2-3-2-2-3-3-2	3-2-2-2-3-3-0-2-3-3-1-4	4-2-3-4-2-4-5-5-2-2-0-4	6-2-3-0-2-2-0-2-2-2-3-2	5-5-1-2-0-3-3-2-2-4-3-4
251	4	4-4-4-4-4-4-4-4-4-4-4-4	4-6-4-1-6-5-4-4-2-2-2-6	0-4-2-3-1-2-3-6-3-2-5-4	2-2-5-1-1-2-5-1-5-3-2-0	1-0-1-4-2-3-5-4-5-2-1-2	1-2-2-2-6-1-5-5-4-4-4-3	1-1-4-3-2-3-5-5-5-4-1-2	3-1-3-3-1-0-4-4-2-4-2-4	3-2-2-2-5-2-0-3-4-5-4-3	3-2-4-3-5-3-3-4-3-0-9-3	3-3-5-6-5-0-0-2-2-2-2-2	5-4-9-2-6-4-3-4-5-6-5-5
251	5	5-5-3-4-4-4-5-4-5-3-5-6	7-4-4-6-4-4-6-11-5-2-6-6	1-5-8-6-6-2-6-4-6-6-4-6	6-6-4-6-7-6-4-5-6-3-6-5	6-3-1-6-2-3-6-6-6-5-5-7	7-6-5-2-5-7-4-5-4-4-7-2	2-10-4-0-2-3-4-4-4-5-2-6	3-6-6-3-6-5-4-8-2-5-5-0	2-2-2-2-11-3-0-6-4-4-6-5	6-2-3-4-6-5-6-3-6-0-6-5	3-2-4-4-4-2-0-6-2-2-5-2	3-5-5-5-4-4-2-0-4-4-4-4
251	6	6-6-6-6-6-6-6-6-6-6-6-6	5-4-4-5-4-5-5-5-5-2-5-8	1-5-7-5-5-5-7-4-5-5-7-7	5-5-7-5-5-5-4-5-5-4-7-0	5-0-1-5-2-8-5-5-5-6-5-5	5-7-7-6-4-1-5-6-6-6-4-6	2-8-7-9-2-6-11-7-4-6-11-5	6-5-5-7-7-7-7-5-2-4-11-6	6-6-2-7-6-6-11-5-9-7-5-8	5-7-7-9-5-6-5-5-5-6-5-8	3-1-4-4-4-11-7-8-8-2-8-2	6-8-5-11-7-6-3-6-7-4-4-7
251	7	7-7-7-7-7-7-6-7-7-7-7-6	5-10-8-5-7-7-5-5-5-9-5-8	5-5-6-5-5-8-6-6-6-5-8-6	5-8-8-5-5-5-4-5-6-8-6-0	5-0-5-5-2-6-8-6-8-6-5-5	5-6-6-2-8-1-8-7-7-7-5-6	2-6-6-0-2-7-8-6-7-7-0-7	6-5-5-6-7-6-6-7-2-7-6-8	7-6-2-6-6-7-0-5-4-6-5-6	5-6-6-7-6-11-9-4-6-2-8-5	7-8-11-4-8-6-6-6-2-2-8-2	6-11-5-2-6-7-11-6-6-8-6-6
251	8	8-11-7-8-8-8-6-7-8-8-8-8	7-7-7-5-7-9-9-5-9-7-10-7	5-9-9-5-5-10-8-9-9-5-7-8	10-9-9-5-5-5-4-5-9-7-7-8	5-10-10-5-9-6-7-9-7-6-8-8	5-8-6-9-8-10-7-7-7-7-4-10	8-6-7-8-2-7-7-9-7-6-8-7	3-10-5-8-8-6-6-5-2-9-9-8	8-8-8-10-8-7-8-8-6-6-8-6	8-8-8-6-8-7-7-7-9-8-9-5	8-7-4-4-7-6-0-8-6-8-6-2	6-6-8-8-8-6-8-6-7-7-4-7
251	9	10-11-8-10-9-10-11-11-10-11-10-10	11-7-7-10-11-10-10-9-10-7-8-10	9-8-10-10-9-10-9-10-10-10-10-9	8-8-8-9-10-10-10-9-8-10-10-9	10-10-10-5-8-6-10-10-7-9-9-9	9-10-10-8-7-10-10-7-7-9-4-10	10-7-10-2-9-9-10-8-10-10-9-8	9-10-5-10-10-10-6-11-11-11-8-7	9-8-11-10-9-10-9-9-6-10-10-6	11-10-10-6-9-7-7-11-9-8-8-10	9-7-7-4-7-9-0-6-7-9-10-10	6-10-9-9-9-10-10-6-6-6-6-10
251	10	9-9-11-11-10-9-9-9-9-9-9-9	9-7-9-10-9-9-11-9-9-9-11-11	11-10-9-9-10-9-9-9-11-9-9-10	8-10-8-11-9-9-11-5-8-9-9-10	9-11-9-7-10-10-9-9-7-10-10-10	9-9-9-10-9-11-9-11-10-7-1-9	9-7-10-10-10-9-9-11-9-9-9-8	10-9-5-9-9-11-6-7-9-10-10-10	10-10-9-9-9-10-10-10-6-9-9-5	9-9-9-10-9-7-7-9-10-10-10-9	10-7-10-10-7-10-10-9-10-9-9-9	9-9-10-9-10-10-9-10-10-10-6-9
251	11	11-11-11-10-11-11-9-11-9-11-11-11	9-4-11-10-11-9-10-5-9-11-10-10	10-10-11-9-11-11-11-11-10-11-9-10	11-11-11-11-11-11-10-11-11-11-11-10	11-10-11-11-10-11-10-11-7-11-5-10	11-11-11-11-11-10-11-11-11-11-11-9	8-11-11-11-10-11-6-10-11-9-11-11	11-11-5-9-11-10-11-9-9-9-8-10	9-10-9-11-5-11-11-9-11-11-9-6	9-11-11-11-11-7-11-9-11-11-10-11	10-11-7-10-7-6-10-11-11-11-11-11	9-7-11-9-6-11-11-10-11-11-11-11
252	0	0-0-0-0-0-0-0-0-0-0-0-0	0-0-0-0-0-0-0-0-0-0-0-0	0-0-0-0-0-0-0-0-0-0-0-0	0-0-0-0-0-0-0-0-0-0-0-0	0-0-0-0-0-0-0-0-0-0-0-0	0-0-0-0-0-0-0-0-0-0-0-0	0-0-0-0-0-0-0-0-0-0-0-0	0-0-0-0-0-0-0-0-0-0-0-0	0-0-0-0-0-0-0-0-0-0-0-0	0-0-0-0-0-0-0-0-0-0-0-0	0-0-0-0-0-0-0-0-0-0-0-0	0-0-0-0-0-0-0-0-0-0-0-0
252	1	1-1-1-1-1-1-1-1-1-1-1-1	1-1-2-5-2-2-2-1-1-0-1-2	1-2-2-2-2-2-2-0-2-0-2-1	2-0-2-2-2-2-1-2-2-0-2-3	2-0-1-3-0-1-2-2-1-1-1-2	1-0-1-1-1-4-2-2-1-1-7-0	2-1-1-0-1-1-1-2-1-1-7-1	1-1-0-1-1-5-1-1-1-1-0-1	1-1-1-1-1-1-0-2-2-1-2-1	2-1-1-4-2-2-1-1-3-1-2-1	0-7-1-0-2-2-1-1-1-1-1-1	4-1-4-1-2-4-1-0-3-1-2-2
252	2	2-2-1-2-2-2-2-2-1-2-2-1	1-1-1-1-1-1-1-3-2-3-1-2	0-1-1-1-1-5-3-3-1-3-3-3	3-3-1-1-1-4-3-1-1-2-4-1	1-2-1-1-4-2-3-3-2-2-4-1	3-3-4-5-2-1-3-1-2-2-9-2	4-2-2-2-3-1-2-3-2-2-1-3	2-5-2-3-2-2-1-3-2-2-2-2	2-2-2-3-1-2-2-3-1-2-1-3	3-3-2-1-1-1-2-1-2-4-3-1	2-2-2-0-2-2-0-2-3-7-2-2	2-2-1-3-2-2-2-2-1-2-1-1
252	3	3-3-3-3-3-3-3-3-3-3-3-3	2-3-3-1-3-3-1-2-2-2-1-2	1-3-2-1-2-2-4-2-1-2-4-2	2-2-2-1-1-2-2-1-3-4-2-1	1-0-1-1-2-4-2-2-2-2-1-2	2-2-2-2-3-1-2-3-3-3-3-3	1-2-3-2-2-3-2-2-2-3-1-2	3-1-2-4-1-1-4-2-2-3-2-2	3-2-2-2-2-2-4-2-4-1-4-3	2-2-3-3-7-4-10-1-1-2-4-4	5-3-2-3-2-2-0-2-2-4-2-4	3-2-1-2-4-2-4-12-1-3-1-1
252	4	4-4-4-4-3-4-3-4-4-4-4-4	5-5-3-1-5-5-1-4-4-2-1-5	1-4-1-5-1-2-3-5-6-4-5-5	2-2-5-4-1-2-5-1-4-3-2-1	1-0-1-5-2-3-5-4-5-2-2-0	2-2-2-2-4-1-5-2-4-4-5-3	2-5-5-2-2-4-5-5-4-4-2-2	6-1-4-3-1-0-3-2-2-4-2-6	3-2-5-3-4-2-3-2-3-4-3-9	3-3-3-1-1-3-3-4-1-6-3-3	2-5-4-4-12-4-0-6-2-3-3-3	1-3-1-2-3-1-3-6-1-3-5-12
252	5	5-5-4-4-4-3-3-4-4-5-4-4	4-4-3-1-4-4-1-4-6-2-6-6	6-4-6-6-6-2-6-6-5-4-4-4	6-6-4-6-6-6-4-9-4-4-2-5	6-5-10-4-2-3-6-6-4-6-6-6	6-6-2-8-5-6-4-6-4-4-6-6	6-4-4-6-2-3-4-6-4-4-6-5	2-2-6-6-2-1-4-4-2-2-6-2	6-2-4-2-5-5-6-6-5-5-7-7	6-6-3-5-6-5-5-4-5-6-5-10	6-6-5-6-5-5-6-5-6-2-5-2	5-5-5-5-6-5-3-6-1-5-4-4
252	6	7-7-6-6-6-6-6-6-6-7-7-6	7-7-7-5-7-7-6-7-7-8-5-7	5-6-5-5-5-2-7-5-5-7-7-6	5-5-5-5-5-5-9-5-7-7-7-5	5-5-5-5-2-7-5-5-7-5-5-5	5-5-7-6-7-5-7-7-7-6-5-6	4-6-6-5-9-3-7-5-4-10-5-6	4-5-5-5-7-6-6-6-2-6-5-5	5-6-2-2-4-5-5-5-6-5-6-9	5-5-6-5-5-5-5-4-3-5-5-5	5-5-5-4-7-5-5-4-5-2-6-3	6-5-6-5-5-6-6-4-6-6-8-6
252	7	6-6-8-6-8-6-7-6-8-6-6-6	6-6-6-9-6-6-7-6-6-6-8-6	7-8-8-9-8-8-8-9-8-8-6-8	8-7-8-8-5-8-6-5-6-6-7-7	1-8-5-7-9-6-8-8-6-7-7-7	8-5-6-5-7-7-6-7-6-4-8-5	1-1-6-8-8-9-6-8-4-6-8-6	9-3-8-5-6-8-6-6-2-7-7-9	10-9-8-8-8-7-7-8-8-8-7-5	10-2-9-10-8-5-5-4-9-9-10-1	10-1-6-8-6-7-9-2-10-2-5-7	11-5-8-5-7-7-6-7-8-9-6-6
252	8	8-8-8-8-8-6-8-8-7-8-8-11	10-6-9-7-9-9-7-6-9-6-7-6	7-7-7-7-7-7-9-7-7-7-9-7	7-7-7-7-5-7-9-5-9-11-8-5	1-7-5-5-7-8-7-7-8-9-6-7	7-5-9-5-7-5-9-8-8-8-11-8	8-9-6-8-7-8-11-7-8-6-7-11	4-8-7-8-8-7-6-6-2-7-7-7	8-7-7-7-7-11-11-7-6-7-8-6	7-1-10-9-7-7-3-11-7-7-7-8	7-9-11-6-6-7-7-7-7-2-8-7	8-9-7-5-7-6-1-9-9-7-6-11
252	9	10-10-10-10-8-8-8-8-8-8-9-8	10-8-8-7-6-8-7-10-8-9-10-6	10-9-7-11-10-11-8-7-7-10-8-9	10-7-10-7-10-10-6-5-8-8-8-5	10-7-5-9-7-8-10-10-9-9-6-5	10-11-10-12-9-5-10-9-8-4-2-11	10-8-6-9-8-7-8-10-8-6-10-9	7-9-7-10-9-7-6-12-2-7-7-7	2-7-8-10-11-6-7-10-6-5-9-6	7-11-7-8-11-11-3-4-7-7-7-9	7-8-6-6-11-7-7-9-5-10-5-9	6-11-7-11-9-6-9-8-8-7-6-4
252	10	10-10-10-10-12-10-10-10-11-8-10-12	8-11-11-9-11-11-11-11-9-10-9-11	7-9-7-10-9-9-9-7-9-11-11-10	9-7-11-9-9-9-8-5-11-10-11-7	9-7-5-9-9-10-11-9-10-10-9-5	9-9-9-10-10-5-11-9-8-8-10-10	9-11-6-11-12-10-10-9-10-10-9-9	10-11-7-9-9-7-6-6-2-8-7-7	7-7-2-9-7-2-7-9-11-5-9-9	7-9-8-9-5-9-3-11-9-7-7-11	7-9-9-6-9-7-7-9-7-9-9-9	8-5-7-5-5-6-9-8-8-7-11-4
252	11	10-12-12-11-11-12-12-12-11-12-10-8	12-10-10-9-12-10-12-12-12-10-12-12	11-11-9-9-11-9-9-11-11-10-10-11	9-11-10-11-9-9-11-9-10-8-10-12	9-11-9-11-11-10-10-10-10-11-11-11	8-9-9-11-11-12-10-9-8-8-8-9	8-8-10-10-11-11-8-9-8-11-7-9	11-10-2-9-9-12-6-9-9-7-11-11	11-11-2-9-9-7-8-8-10-9-9-4	7-9-11-11-10-9-10-10-11-7-11-10	12-8-8-12-9-7-11-11-11-9-8-11	7-9-7-9-11-11-9-11-8-11-10-10
252	12	12-12-12-12-12-12-11-12-12-11-12-12	11-10-12-9-12-10-11-11-11-12-11-11	11-11-12-12-12-9-12-11-11-12-12-12	12-12-12-12-12-12-11-12-10-12-12-11	12-7-12-12-12-12-11-12-10-12-9-5	12-12-12-9-12-11-12-12-12-12-12-8	9-12-12-12-10-12-10-11-12-12-7-9	12-10-5-12-12-11-6-9-9-8-12-11	11-11-12-12-9-12-12-8-12-12-9-4	12-12-12-12-12-9-12-9-12-12-11-12	11-8-12-11-4-7-11-12-12-12-12-12	12-6-12-5-12-12-12-3-12-12-10-4
253	0	0-0-0-0-0-0-0-0-0-0-0-0	0-0-0-0-0-0-0-0-0-0-0-0	0-0-0-0-0-0-0-0-0-0-0-0	0-0-0-0-0-0-0-0-0-0-0-0	0-0-0-0-0-0-0-0-0-0-0-0	0-0-0-0-0-0-0-0-0-0-0-0	0-0-0-0-0-0-0-0-0-0-0-0	0-0-0-0-0-0-0-0-0-0-0-0	0-0-0-0-0-0-0-0-0-0-0-0	0-0-0-0-0-0-0-0-0-0-0-0	0-0-0-0-0-0-0-0-0-0-0-0	0-0-0-0-0-0-0-0-0-0-0-0
253	1	1-1-1-1-1-1-1-1-1-1-1-1	1-1-2-2-0-1-2-0-1-1-1-2	1-0-2-2-2-2-1-0-0-0-2-1	2-0-2-2-2-2-0-2-1-0-2-0	2-0-2-3-0-1-2-2-1-0-4-2	2-2-2-0-1-4-2-2-1-1-0-2	2-1-1-0-1-1-1-2-1-2-2-4	1-2-2-2-2-2-1-1-1-0-2-1	0-0-0-1-2-1-0-2-2-1-2-1	2-1-1-2-2-2-1-2-3-0-0-2	0-1-2-0-2-1-0-0-0-1-1-1	0-1-1-1-0-0-3-0-2-1-2-1
253	2	1-2-1-1-2-2-2-2-1-2-2-1	3-1-1-1-2-1-1-3-3-3-1-1	0-3-1-1-1-5-3-0-1-3-3-3	1-3-1-1-1-1-2-1-1-2-1-0	1-0-1-1-4-1-3-1-2-4-1-1	1-3-4-3-2-1-3-1-2-2-10-1	1-1-1-2-3-2-2-2-2-1-1-3	2-1-3-3-1-1-1-3-3-5-1-0	2-0-2-3-1-4-2-3-1-1-1-2	3-3-2-1-1-1-2-1-1-0-0-1	2-2-1-0-2-2-0-2-4-3-2-2	0-2-1-3-2-2-2-0-1-2-1-2
253	3	3-3-3-3-3-3-4-3-3-3-3-3	4-5-3-1-4-4-1-4-2-2-1-1	0-2-1-1-1-2-4-4-4-2-4-3	2-2-4-1-1-1-3-1-1-3-2-0	1-0-1-1-2-4-2-4-2-1-1-1	2-2-1-2-3-1-4-1-3-3-2-3	1-1-3-4-2-3-5-4-3-3-1-2	3-1-2-2-1-0-3-2-2-3-2-0	3-0-2-4-3-3-0-2-4-3-1-4	4-2-3-3-1-1-1-3-4-5-0-1	3-2-4-1-2-1-4-2-2-2-3-2	4-2-1-2-1-4-7-4-3-4-5-5
253	4	4-4-3-4-4-4-4-4-4-4-4-4	5-5-5-1-3-3-1-3-5-2-1-3	0-4-3-5-1-2-3-5-6-5-5-4	4-2-5-1-1-2-5-1-5-4-2-0	1-0-0-1-2-3-5-3-5-2-1-1	1-4-2-0-4-1-5-5-4-4-6-2	1-1-3-3-2-1-4-5-3-4-1-5	4-1-2-5-1-1-5-2-2-4-2-5	3-0-3-3-4-2-0-3-3-4-5-3	3-2-4-5-1-4-5-8-3-3-0-1	2-3-6-6-8-5-3-5-2-2-3-2	6-2-1-2-3-3-1-3-6-3-6-5
253	5	6-5-4-4-4-4-4-4-5-4-4-4	4-4-4-1-3-3-1-6-6-2-6-6	8-6-6-6-6-2-6-6-4-4-4-6	6-7-6-7-7-6-4-1-4-6-5-6	5-7-8-7-2-3-6-6-4-7-8-6	6-7-2-7-5-6-4-7-4-3-7-6	3-1-4-6-4-1-4-4-2-5-8-4	2-6-2-6-1-1-4-8-2-2-5-4	7-0-5-2-5-5-8-6-4-6-6-2	6-6-5-8-6-4-6-5-1-5-6-4	3-4-5-8-4-4-0-5-6-6-5-2	5-5-6-5-6-6-1-0-4-6-3-4
253	6	6-6-6-6-6-6-7-6-6-7-6-6	5-4-6-1-8-7-5-7-5-7-5-5	5-5-5-5-5-5-7-5-4-6-7-5	5-5-5-5-5-5-6-1-7-7-7-5	1-0-1-5-0-8-5-6-6-5-5-5	5-6-8-6-6-5-5-6-6-6-4-5	7-1-6-5-8-6-8-7-6-6-5-6	6-8-7-8-7-9-8-5-2-8-5-0	5-7-7-7-6-6-5-5-7-5-7-7	7-5-5-5-5-4-5-4-7-7-5-8	11-7-4-4-3-4-0-2-5-5-5-2	5-5-9-5-5-5-7-8-4-6-8-4
253	7	7-7-7-6-7-7-7-7-7-6-7-8	6-8-7-5-8-6-8-8-8-8-8-5	0-7-8-5-6-5-6-6-8-8-8-5	5-5-8-5-5-5-8-1-8-6-6-5	1-0-5-5-2-6-8-6-8-5-5-5	5-5-8-5-6-5-8-6-7-7-5-5	6-8-6-5-6-7-11-6-7-7-5-6	7-6-6-6-6-0-6-5-2-6-5-7	5-6-6-6-7-6-5-6-6-7-6-8	6-6-5-8-5-8-8-5-6-6-5-4	5-8-7-7-8-7-0-10-8-6-6-2	10-2-1-5-5-7-8-7-8-6-6-7
253	8	7-7-7-8-7-8-6-6-7-8-7-8	8-4-7-9-7-8-8-7-7-7-7-6	8-8-9-10-8-9-7-7-7-7-7-8	8-8-7-5-5-9-7-1-7-8-6-9	1-10-9-5-10-6-7-5-7-5-5-5	9-8-7-8-8-5-7-8-7-7-4-5	6-7-6-8-6-8-7-7-3-7-5-6	8-6-8-9-9-8-6-5-11-6-5-0	8-0-7-9-8-6-8-6-7-4-8-7	8-8-8-5-8-7-7-4-10-8-8-8	8-7-8-7-7-11-11-8-8-8-8-2	8-8-8-8-5-7-7-6-6-8-6-7
253	9	11-10-10-11-10-10-10-11-10-10-11-11	10-10-10-10-10-10-10-11-10-10-10-10	11-8-10-11-9-10-9-10-10-10-8-9	10-10-10-9-8-8-10-5-10-10-10-8	11-8-8-10-9-9-9-9-10-9-10-9	10-8-10-9-10-10-9-10-9-9-7-9	11-9-10-8-9-9-9-10-10-10-11-11	9-9-8-8-9-8-6-10-8-9-11-10	9-9-9-8-9-10-8-10-11-11-9-10	8-9-8-9-8-10-9-10-8-8-8-10	9-11-11-10-11-9-9-8-8-9-10-8	7-8-6-8-5-10-10-11-9-10-11-11
253	10	9-9-9-9-9-9-9-9-9-9-9-9	9-9-9-11-9-9-9-9-9-9-9-9	10-10-11-11-10-9-10-9-9-9-10-10	9-9-9-9-10-10-9-10-9-9-9-8	10-8-10-10-8-10-11-10-9-9-9-10	9-8-11-9-9-10-10-9-9-9-2-11	11-10-9-8-6-10-7-9-9-9-10-7	9-10-9-10-10-8-6-11-2-9-10-9	8-9-9-10-11-9-8-9-9-9-10-9	9-9-8-9-8-10-10-9-8-8-8-9	9-9-9-9-9-9-9-9-8-9-9-8	7-9-10-8-9-9-9-9-9-9-11-9
253	11	11-9-9-9-11-9-9-11-11-9-9-11	9-9-9-10-9-9-10-9-10-11-10-10	9-11-10-9-11-10-11-9-9-11-11-10	10-11-11-11-11-11-9-10-9-11-11-8	9-8-11-11-9-11-10-11-9-11-10-10	11-11-10-11-11-11-11-11-11-11-11-11	10-11-11-11-6-11-7-11-11-10-9-9	11-10-10-11-11-9-11-10-8-9-9-11	2-11-11-11-10-11-11-7-11-9-10-8	8-11-11-11-11-11-11-9-6-11-11-11	9-9-9-9-9-8-9-9-11-11-9-11	11-11-11-8-11-11-11-9-11-11-9-9
254	0	0-0-0-0-0-0-0-0-0-0-0-0	0-0-0-0-0-0-0-0-0-0-0-0	0-0-0-0-0-0-0-0-0-0-0-0	0-0-0-0-0-0-0-0-0-0-0-0	0-0-0-0-0-0-0-0-0-0-0-0	0-0-0-0-0-0-0-0-0-0-0-0	0-0-0-0-0-0-0-0-0-0-0-0	0-0-0-0-0-0-0-0-0-0-0-0	0-0-0-0-0-0-0-0-0-0-0-0	0-0-0-0-0-0-0-0-0-0-0-0	0-0-0-0-0-0-0-0-0-0-0-0	0-0-0-0-0-0-0-0-0-0-0-0
254	1	1-1-1-1-1-1-1-1-2-1-1-1	2-2-1-0-2-1-2-1-1-1-2-2	1-1-0-1-1-2-2-0-2-1-2-1	2-0-2-2-1-0-2-1-1-2-2-0	3-0-1-0-1-1-2-1-1-2-2-0	2-2-2-1-1-4-1-1-1-1-3-2	3-1-1-1-1-1-2-2-2-1-1-1	2-1-2-1-1-2-1-1-1-1-4-2	1-2-2-1-1-2-7-1-1-1-1-3	2-1-1-3-3-2-3-2-4-5-1-1	4-2-2-4-1-2-0-2-0-2-2-1	2-1-1-2-1-2-1-6-2-1-2-1
254	2	1-1-1-1-1-1-1-1-1-1-1-1	1-1-1-3-1-1-1-1-1-1-1-1	6-2-3-4-4-1-3-3-1-2-3-3	1-0-1-5-3-3-1-6-3-1-3-4	4-0-4-3-0-2-3-2-1-1-1-2	1-1-3-2-1-0-3-4-1-1-0-3	2-1-1-1-2-2-1-3-1-1-3-3	1-3-3-2-2-1-1-3-2-2-1-1	0-1-1-3-3-1-1-3-1-1-3-1	1-4-1-1-1-3-1-1-5-1-0-3	0-1-1-1-1-1-0-1-0-1-1-2	1-2-2-1-1-1-4-0-1-1-1-1
254	3	1-1-1-1-1-1-1-1-3-1-1-3	1-1-1-2-1-1-4-4-3-4-2-3	6-2-2-2-2-4-2-4-1-2-2-2	4-4-4-2-2-5-1-2-2-3-2-2	1-3-1-2-4-2-4-2-3-3-5-2	6-4-5-4-3-5-4-2-3-3-12-2	10-3-1-3-4-1-4-2-3-1-3-6	1-2-2-4-2-1-1-5-6-1-5-1	3-8-3-2-2-1-3-4-1-3-2-1	4-2-1-1-1-2-1-1-0-4-3-2	3-1-1-1-3-3-0-3-6-4-1-3	3-3-5-4-1-1-2-3-2-1-1-3
254	4	4-4-4-4-4-4-4-4-4-1-4-4	1-8-5-2-1-1-3-5-3-3-1-5	2-3-3-2-2-3-5-6-1-6-5-5	3-3-3-2-2-3-5-2-5-5-6-2	4-7-7-2-3-6-3-4-3-6-6-2	1-4-3-3-2-1-5-5-3-4-7-4	2-4-1-1-3-4-3-5-4-4-1-3	1-2-3-3-2-4-4-3-5-5-1-1	4-1-3-3-4-1-1-3-1-4-5-1	3-2-1-6-1-4-5-1-1-3-1-2	1-3-1-1-5-3-0-3-3-5-1-3	1-3-3-3-1-1-2-1-11-1-4-1
254	5	5-1-5-5-5-5-5-5-6-5-1-5	1-8-4-2-8-1-1-7-3-3-1-4	0-5-3-2-6-3-4-7-6-3-6-4	3-3-6-2-2-3-4-2-6-4-4-0	8-7-0-2-3-4-5-7-6-3-3-2	1-4-3-3-5-3-6-4-5-5-6-3	3-2-1-0-3-5-6-6-5-5-7-3	1-2-3-3-2-1-7-3-4-4-3-1	6-1-3-2-5-3-1-3-5-9-4-1	8-2-5-8-5-5-4-6-2-1-7-2	3-1-6-1-4-3-0-3-8-4-1-3	3-3-3-8-1-1-2-1-4-1-6-6
254	6	5-4-5-7-6-7-6-8-5-6-1-5	1-4-4-2-8-6-1-6-7-8-6-7	2-6-7-2-5-7-7-4-5-4-5-6	7-4-5-7-2-3-7-2-7-4-4-2	11-4-3-2-3-4-7-5-5-6-4-2	3-4-7-2-5-3-5-6-5-6-5-7	3-1-1-7-3-5-5-5-5-5-7-3	1-2-3-3-6-1-5-3-3-4-3-1	5-1-3-6-5-6-3-7-8-4-6-8	5-2-6-4-8-8-6-5-0-3-3-2	8-8-5-1-5-7-0-8-3-3-8-3	6-8-6-5-1-7-6-7-4-6-5-5
254	7	7-8-5-7-8-6-5-7-5-8-7-6	1-4-4-2-5-6-9-5-6-6-8-6	8-7-9-9-8-6-8-6-9-9-8-8	6-5-8-6-9-5-5-11-8-8-4-6	6-5-4-8-3-4-8-5-7-9-6-2	3-4-8-8-7-1-5-6-7-6-5-7	8-11-7-3-3-11-5-5-10-7-7-8	1-7-3-3-6-1-5-3-3-7-6-1	3-3-3-7-8-6-1-6-6-9-7-6	7-3-7-6-8-9-8-7-7-3-5-2	3-6-9-0-8-6-7-3-3-6-6-3	6-3-6-6-1-6-8-6-4-1-5-8
254	8	7-7-9-7-9-8-5-15-10-7-8-9	9-5-4-8-5-6-9-9-9-6-9-9	8-9-10-7-7-3-7-9-9-7-9-7	9-9-9-7-7-9-8-8-7-7-7-9	9-12-9-7-3-4-9-9-7-8-9-9	3-10-7-7-7-9-4-4-5-7-10-9	7-7-7-8-3-8-5-9-7-8-9-11	6-9-2-9-6-8-5-10-3-1-12-12	8-3-3-9-8-6-3-9-6-9-10-6	7-9-8-5-9-6-7-5-9-9-9-11	6-6-7-0-7-8-4-6-9-11-6-3	8-6-8-9-14-1-7-7-4-11-5-7
254	9	9-9-9-9-8-10-9-9-9-10-9-9	8-11-10-8-11-6-7-8-8-10-8-8	8-8-8-7-7-11-10-8-8-10-10-8	8-8-8-8-7-8-11-7-10-4-11-8	8-8-8-7-3-10-10-8-10-7-8-8	8-8-10-7-12-8-10-11-9-9-6-9	2-10-11-8-10-9-11-10-7-9-8-10	9-8-7-8-2-8-11-8-3-11-8-1	8-9-3-8-9-9-8-8-10-7-10-10	7-8-9-10-8-6-8-7-8-3-8-10	10-15-7-12-15-3-11-9-8-5-6-9	10-10-6-8-8-1-7-12-9-11-5-11
254	10	9-11-9-10-10-9-10-10-10-9-10-10	12-9-9-8-9-11-11-8-11-8-8-13	8-9-8-8-11-12-9-8-11-9-9-11	10-8-11-11-7-8-9-8-11-11-9-8	6-8-8-11-3-9-11-8-11-7-11-8	3-8-9-7-11-8-11-9-10-10-8-10	3-9-9-0-9-8-13-11-10-10-8-9	9-8-3-8-6-1-9-8-3-10-8-1	8-11-3-8-9-6-15-11-9-7-8-10	7-3-10-11-8-6-10-5-10-1-8-9	9-1-11-12-11-10-9-12-8-8-6-3	9-9-6-8-8-6-7-9-4-8-5-10
254	11	9-10-9-12-12-9-11-15-13-11-13-13	13-9-9-11-9-10-12-12-10-13-13-13	11-12-12-12-10-10-11-12-10-12-10-10	12-12-10-10-7-11-12-7-10-10-9-11	6-15-11-10-11-9-10-12-10-11-10-10	11-11-10-10-11-8-10-9-10-10-5-12	11-7-9-11-9-7-9-10-7-14-13-11	9-7-13-11-6-11-9-14-11-9-11-8	11-10-11-10-13-6-11-10-7-11-7-6	13-11-8-10-10-6-10-5-11-11-11-8	11-6-10-10-10-13-9-11-13-8-6-11	11-10-11-11-8-11-7-9-4-8-5-9
254	12	12-13-12-12-10-9-12-12-9-13-12-12	10-9-9-11-9-14-11-14-13-12-13-11	11-11-11-11-10-14-14-11-13-11-12-12	13-12-11-10-13-13-11-11-10-11-13-11	13-11-15-7-11-12-13-13-10-12-10-13	13-13-15-14-11-14-13-14-10-9-14-13	14-10-9-11-13-7-14-11-7-15-14-14	9-13-14-13-14-11-9-14-3-11-8-8	11-10-3-13-14-6-11-10-6-15-13-6	7-13-8-13-13-14-13-7-11-11-13-14	13-6-12-10-10-13-13-10-14-12-6-11	13-9-11-13-14-1-13-9-4-8-5-12
254	13	13-15-13-13-13-13-13-13-13-12-14-13	11-14-14-11-14-12-12-12-12-11-12-11	12-15-11-12-15-14-12-11-12-14-14-14	12-13-11-10-12-12-13-7-14-10-14-11	12-11-11-10-11-14-12-12-14-11-10-12	12-12-14-12-13-8-12-12-13-13-5-12	11-9-9-11-14-13-10-14-7-10-11-12	9-12-11-12-12-11-9-8-11-11-14-1	8-3-3-12-11-10-11-8-13-7-12-9	11-12-9-15-12-12-12-5-11-11-12-12	12-6-14-10-10-12-12-14-11-12-6-3	12-10-11-11-13-1-12-9-14-12-13-15
254	14	14-14-15-15-13-15-12-15-15-15-13-15	11-9-13-11-15-12-12-12-15-13-15-11	14-13-12-12-10-13-12-13-12-13-13-13	14-13-14-10-7-12-13-7-13-10-13-11	12-11-11-10-14-13-15-12-13-11-10-12	12-14-12-12-14-8-13-12-13-13-12-15	12-9-9-11-14-14-13-13-13-15-8-12	9-7-12-12-12-14-9-8-14-9-12-1	14-14-3-14-12-6-14-14-13-9-12-10	15-14-14-13-12-12-12-6-14-14-12-12	12-1-13-10-10-15-15-13-14-12-6-14	12-14-14-14-8-1-7-9-4-14-15-9
254	15	15-15-15-15-15-15-15-15-15-15-15-15	12-13-15-11-15-15-12-12-14-15-12-12	13-13-15-12-13-15-15-15-14-15-15-15	14-15-14-15-15-15-14-15-13-15-15-14	15-11-12-15-15-15-14-15-15-15-8-8	15-15-15-12-15-8-15-15-15-15-15-15	12-15-15-15-9-15-15-13-15-14-14-15	15-15-12-15-15-12-9-14-14-14-13-15	8-15-15-15-12-15-15-6-15-12-12-14	14-15-15-15-15-12-15-12-14-15-15-15	9-15-15-15-9-14-15-13-15-15-6-15	12-15-15-14-13-15-15-15-15-15-15-13
255	0	0-0-0-0-0-0-0-0-0-0-0-0	0-0-0-0-0-0-0-0-0-0-0-0	0-0-0-0-0-0-0-0-0-0-0-0	0-0-0-0-0-0-0-0-0-0-0-0	0-0-0-0-0-0-0-0-0-0-0-0	0-0-0-0-0-0-0-0-0-0-0-0	0-0-0-0-0-0-0-0-0-0-0-0	0-0-0-0-0-0-0-0-0-0-0-0	0-0-0-0-0-0-0-0-0-0-0-0	0-0-0-0-0-0-0-0-0-0-0-0	0-0-0-0-0-0-0-0-0-0-0-0	0-0-0-0-0-0-0-0-0-0-0-0
255	1	1-1-1-1-1-1-1-1-1-1-1-1	1-0-1-1-1-1-0-1-0-1-1-2	0-2-2-2-2-2-2-0-0-1-0-2	2-0-0-2-1-2-0-4-1-0-1-5	1-0-3-3-0-1-2-2-1-1-0-2	2-2-1-1-1-1-2-1-1-1-3-1	1-1-1-1-0-0-1-0-1-1-2-1	1-1-1-1-1-2-1-1-1-1-1-0	0-0-1-1-2-1-0-2-3-1-1-0	2-1-1-4-2-2-1-1-1-0-2-1	2-1-1-0-2-3-0-1-0-1-1-1	0-1-1-1-1-1-1-0-2-2-2-1
255	2	2-2-2-2-2-2-2-2-2-2-2-2	3-2-2-1-2-2-0-3-2-3-1-1	0-3-1-1-1-4-1-3-0-4-3-1	3-3-3-1-1-1-2-1-2-2-1-1	1-0-1-1-3-1-3-3-2-2-4-1	1-4-4-2-2-1-3-4-2-2-11-2	1-2-3-2-3-0-2-3-2-2-1-3	2-4-1-3-2-1-2-6-5-0-4-0	2-0-2-2-1-2-2-3-1-2-1-3	3-2-1-2-1-1-1-2-1-5-1-1	1-1-2-0-1-2-0-2-6-3-3-2	2-3-1-3-1-1-1-2-1-1-1-1
255	3	3-3-3-3-3-3-3-3-3-3-3-3	2-3-3-1-2-3-2-4-2-2-1-4	1-2-2-1-4-2-4-5-4-5-4-4	2-2-2-1-1-1-4-1-3-4-4-1	1-6-1-1-2-5-2-2-2-6-2-2	1-2-2-3-2-1-4-2-2-3-1-3	1-1-4-2-2-5-2-4-3-3-1-2	4-1-1-2-3-3-2-2-4-4-2-3	3-0-2-2-3-2-3-2-4-3-4-2	2-1-3-5-1-2-4-1-1-2-1-1	0-2-4-3-4-3-0-2-2-4-2-4	2-2-1-2-1-3-1-3-3-4-3-3
255	4	4-4-4-4-4-4-4-4-5-4-4-4	4-5-3-1-4-5-0-6-2-2-5-3	0-4-4-3-5-2-3-6-5-2-5-3	2-6-5-5-1-2-4-1-5-3-3-0	1-0-1-4-2-3-4-6-5-6-2-1	1-2-2-2-4-1-5-2-4-4-5-2	1-3-3-0-2-4-4-5-4-4-1-2	3-2-1-3-2-0-6-2-3-3-2-0	5-0-3-2-4-2-0-1-4-4-3-5	1-1-4-7-1-4-3-5-1-0-1-1	2-3-3-4-3-5-0-9-9-3-2-3	2-1-1-1-1-4-1-4-3-3-5-5
255	5	4-3-4-5-5-5-4-5-4-5-5-6	4-4-3-1-5-5-3-4-6-7-5-6	2-5-6-1-6-5-6-6-4-3-4-5	6-6-4-6-1-2-6-6-4-3-3-1	6-3-1-6-2-3-6-4-4-5-6-1	6-2-6-1-4-1-4-5-4-5-4-3	1-1-3-2-2-3-4-4-4-4-6-6	3-1-1-6-5-5-4-2-2-7-7-5	4-2-2-5-4-7-6-6-7-6-5-7	5-2-5-3-7-7-5-4-1-2-1-1	5-7-5-4-4-6-6-5-2-5-7-2	5-7-5-6-5-5-5-5-3-5-4-4
255	6	6-7-4-6-6-6-4-6-4-6-6-5	5-4-3-1-7-5-6-7-5-2-7-5	0-6-6-7-7-5-7-5-7-8-7-7	5-4-6-5-8-8-5-5-7-7-7-5	5-3-1-7-2-3-5-4-7-7-5-6	5-5-7-8-6-1-4-5-6-6-4-6	7-6-6-2-2-6-5-4-6-6-6-5	3-6-7-5-5-0-4-2-2-6-7-0	6-2-2-2-2-5-5-5-5-5-6-5	7-2-6-5-7-7-7-8-1-2-1-7	5-5-5-9-7-5-5-2-2-5-5-2	5-5-5-5-5-5-7-5-3-5-4-4
255	7	7-6-8-6-7-8-7-7-7-7-7-4	8-4-3-8-5-4-8-6-8-5-8-8	8-8-8-6-6-8-8-8-6-8-8-6	8-8-8-8-8-8-5-9-6-6-8-8	8-7-14-6-2-3-8-8-6-6-8-8	7-8-6-6-6-8-8-8-4-6-8-8	8-6-6-7-8-7-4-8-6-7-8-2	2-7-8-8-8-7-4-8-2-5-8-5	7-0-7-8-7-5-9-8-5-5-7-5	8-8-13-7-8-5-8-5-7-0-8-8	8-5-3-0-6-7-0-7-7-8-5-7	8-5-7-7-7-7-6-5-3-7-4-4
255	8	8-8-8-8-8-8-8-8-8-9-8-8	7-9-8-7-5-5-7-7-7-9-7-7	7-7-7-6-6-7-7-7-6-9-7-7	7-7-7-7-7-7-9-7-9-9-9-7	7-8-7-6-9-9-7-7-9-7-7-7	7-7-9-6-8-7-9-8-8-8-7-7	7-1-8-9-7-8-7-7-8-8-7-8	8-7-7-7-8-7-11-7-2-8-7-9	7-8-7-7-8-8-7-7-7-6-8-8	7-7-8-9-7-7-7-6-7-9-7-7	9-5-8-11-9-12-0-8-9-7-5-7	7-14-5-7-7-8-6-5-9-7-4-8
255	9	10-9-10-10-10-12-10-10-12-12-10-9	10-8-8-10-10-10-10-10-10-8-10-10	9-10-10-7-9-10-10-10-9-8-8-9	9-9-10-7-7-10-9-7-8-9-8-7	7-12-12-5-11-8-10-10-8-6-9-10	10-10-8-9-8-12-8-14-8-8-12-7	10-9-9-12-9-9-9-9-8-7-12-8	10-7-10-10-9-10-8-8-9-11-10-11	9-12-8-7-12-9-10-10-7-9-8-5	10-10-7-9-12-5-10-9-11-11-12-10	12-1-12-10-10-12-11-12-12-9-8-9	9-8-9-7-11-10-6-13-10-12-12-10
255	10	12-11-13-12-11-12-11-11-12-11-11-12	11-11-11-9-11-11-9-11-11-12-11-11	10-10-11-11-10-11-9-11-11-11-11-10	11-9-11-11-9-9-11-7-11-11-10-9	14-9-9-11-9-10-9-10-10-11-11-9	13-11-11-10-11-7-10-11-11-10-9-10	13-13-10-9-10-10-11-9-11-13-9-13	12-7-11-9-11-9-8-11-2-13-14-9	10-9-11-10-9-11-9-9-11-11-8-11	9-12-12-12-11-11-13-9-9-9-9-10	9-11-14-9-12-12-9-9-9-12-11-10	11-11-11-7-9-11-13-12-12-10-12-12
255	11	10-10-10-10-10-10-10-10-10-10-10-10	10-10-10-12-10-10-10-10-10-8-10-10	12-11-12-12-12-10-12-10-10-10-12-12	12-12-10-10-12-12-10-12-10-10-12-7	13-9-9-12-9-12-12-12-11-10-10-12	10-10-10-10-10-9-12-10-10-10-2-11	12-10-10-9-12-11-10-10-10-10-7-11	10-11-10-12-12-10-8-10-14-9-7-9	11-9-12-13-13-10-10-12-10-10-13-10	10-11-7-10-10-12-11-10-12-9-9-11	9-10-10-8-10-10-9-9-9-11-10-11	10-10-10-7-9-10-12-10-3-10-4-10
255	12	10-10-10-10-10-10-10-10-10-10-10-10	10-13-10-11-10-10-10-13-10-10-10-10	11-11-11-11-11-10-11-10-10-10-13-11	11-11-11-10-11-11-10-11-10-10-11-7	11-9-9-11-11-11-11-11-12-10-10-11	11-11-13-9-12-9-11-12-12-12-9-12	11-10-12-9-11-12-10-11-12-12-9-11	10-11-10-11-11-9-8-10-11-12-10-9	10-9-11-11-9-10-9-11-10-10-11-12	10-10-8-10-9-11-11-9-11-9-9-11	9-10-10-12-10-10-9-9-9-10-10-11	10-10-9-7-9-10-11-10-10-10-10-10
255	13	10-14-10-10-10-10-10-10-10-10-10-10	10-12-10-11-10-10-10-12-10-10-10-14	13-14-13-11-13-13-14-13-10-11-12-13	13-13-10-14-11-13-10-7-10-12-13-14	11-14-9-11-13-12-14-11-12-10-10-11	10-13-12-13-13-14-12-10-13-10-10-12	10-10-10-14-13-13-10-14-13-10-14-10	10-12-11-11-11-14-8-11-11-13-13-13	13-13-10-11-11-10-13-11-10-10-11-10	10-11-7-10-10-11-10-10-13-13-13-11	9-10-10-8-10-14-13-9-13-11-10-11	10-8-13-7-9-10-10-9-10-13-4-10
255	14	14-14-14-10-14-10-10-14-10-10-14-10	10-12-14-11-10-10-10-13-10-14-13-13	13-13-14-11-14-13-14-14-10-14-13-14	13-14-14-13-14-14-10-14-11-14-14-13	10-13-7-14-13-14-13-14-10-14-10-7	14-14-14-10-14-7-14-14-14-14-14-14	13-14-14-14-10-14-10-13-14-14-10-10	14-11-11-14-14-13-8-7-11-10-10-13	7-13-7-14-10-10-14-10-14-10-11-5	10-14-14-14-14-5-14-9-14-14-9-14	9-10-10-8-12-13-13-10-14-10-10-14	10-14-14-10-9-14-14-9-14-14-14-10
256	0	0-0-0-0-0-0-0-0-0-0-0-0	0-0-0-0-0-0-0-0-0-0-0-0	0-0-0-0-0-0-0-0-0-0-0-0	0-0-0-0-0-0-0-0-0-0-0-0	0-0-0-0-0-0-0-0-0-0-0-0	0-0-0-0-0-0-0-0-0-0-0-0	0-0-0-0-0-0-0-0-0-0-0-0	0-0-0-0-0-0-0-0-0-0-0-0	0-0-0-0-0-0-0-0-0-0-0-0	0-0-0-0-0-0-0-0-0-0-0-0	0-0-0-0-0-0-0-0-0-0-0-0	0-0-0-0-0-0-0-0-0-0-0-0
256	1	1-1-1-0-0-1-1-1-1-1-1-1	1-0-0-0-0-1-1-2-0-0-1-0	7-2-1-1-0-0-1-1-1-0-0-1	2-2-2-1-1-1-0-1-0-0-0-9	0-1-1-0-7-0-2-1-0-1-0-1	1-2-1-0-1-1-0-1-0-0-0-2	0-0-0-9-2-0-0-2-0-1-1-2	1-0-1-1-0-2-0-1-1-1-2-2	2-7-2-0-0-0-2-1-0-1-1-0	2-1-1-1-0-0-0-0-2-7-2-1	2-1-1-1-0-1-2-1-0-1-1-1	0-1-1-1-1-1-1-1-0-1-0-0
256	2	2-2-2-2-2-2-2-2-2-2-2-2	2-0-0-2-1-0-1-2-2-1-2-2	1-1-3-3-3-3-2-3-2-3-2-2	3-1-3-3-3-3-0-5-3-0-3-5	2-1-3-4-1-2-3-3-2-2-3-3	3-5-2-2-2-1-3-2-0-0-10-1	2-2-0-1-1-0-2-1-0-2-3-1	0-2-3-2-2-1-0-3-2-1-3-1	1-1-1-2-3-2-1-1-2-2-2-2	3-2-1-1-3-3-2-3-1-1-1-2	1-2-3-0-3-2-1-1-2-2-2-2	0-2-2-1-2-0-2-0-0-1-0-2
256	3	3-3-2-3-3-3-3-3-3-3-3-3	4-3-0-2-3-4-4-3-3-4-2-3	1-4-4-2-2-4-4-2-4-4-3-2	2-4-2-2-2-2-0-2-2-3-2-2	2-1-2-2-4-2-4-2-4-3-2-2	2-2-5-7-3-1-4-2-3-3-7-3	2-3-0-3-4-0-4-3-3-3-2-7	3-2-2-4-2-3-0-2-7-3-2-3	3-1-3-3-5-5-3-1-8-2-2-8	2-3-1-0-2-4-2-3-1-1-2-3	4-7-2-0-2-3-1-3-4-4-2-3	5-3-3-3-3-3-3-3-4-3-0-0
256	4	4-4-4-4-4-4-4-4-4-4-4-4	3-5-4-2-4-4-3-3-3-3-2-3	1-4-3-3-2-3-5-3-5-3-5-5	3-3-5-2-2-2-0-2-5-4-3-2	2-4-2-2-3-5-3-5-3-4-2-2	2-2-3-3-4-1-3-5-3-4-0-4	2-5-4-1-3-4-3-5-3-4-2-3	4-10-5-5-4-5-5-3-3-5-1-3	4-1-3-3-4-5-5-5-9-4-2-5	5-3-4-4-5-3-2-5-5-1-5-5	3-3-5-0-8-5-5-4-3-3-3-6	6-3-1-3-3-3-5-4-4-4-6-4
256	5	5-7-5-4-5-6-5-5-5-7-5-5	4-6-4-2-3-6-3-6-5-6-4-6	1-5-3-3-2-3-4-5-4-3-6-4	2-6-6-6-2-2-5-2-5-6-6-2	2-6-2-2-3-4-6-5-6-3-2-2	2-2-3-3-5-1-6-4-5-5-6-3	2-6-7-1-3-5-5-4-8-5-2-6	5-4-4-4-4-4-7-3-3-6-1-3	3-1-3-3-3-3-4-4-7-6-5-4	4-2-5-6-4-6-2-4-4-1-4-4	4-3-4-7-4-4-4-3-3-3-6-3	3-3-2-1-3-5-4-4-4-4-5-6
256	6	5-5-5-6-6-5-4-6-6-5-5-5	5-5-5-2-8-5-6-5-8-5-8-5	1-6-7-7-6-7-7-4-7-6-5-6	7-6-7-7-6-9-6-2-7-5-5-2	2-5-7-9-6-4-5-7-5-9-7-9	10-9-7-3-7-6-5-7-5-4-9-6	9-5-4-6-3-5-3-7-3-5-7-5	4-7-6-6-10-6-5-10-3-5-6-3	3-1-3-5-10-7-6-6-7-5-6-6	6-6-6-5-6-5-7-5-1-1-5-6	6-3-5-5-5-5-1-4-3-6-7-4	5-4-2-5-3-4-10-4-4-5-4-5
256	7	7-5-7-6-6-4-6-8-4-5-8-9	5-5-5-8-6-4-8-8-6-5-8-8	9-7-9-8-8-8-8-9-8-7-8-8	8-7-6-6-7-8-6-2-6-5-10-7	2-9-6-8-8-8-8-8-5-6-6-6	8-10-6-3-6-9-8-6-5-3-3-9	8-8-5-1-8-7-5-8-3-4-6-3	3-7-10-8-7-8-5-6-9-9-6-3	3-1-8-8-10-6-1-1-6-5-10-4	6-3-6-8-8-7-6-0-8-1-8-10	7-3-5-5-4-9-1-3-3-7-6-3	5-8-8-3-3-0-7-4-0-7-0-10
256	8	8-8-8-8-8-8-8-8-8-8-7-9	9-5-9-7-9-9-7-7-6-5-7-7	7-7-7-7-7-10-7-8-7-7-9-9	7-8-7-8-7-7-6-2-9-8-9-1	2-7-6-7-7-10-7-7-8-8-6-6	7-7-9-7-8-7-7-8-10-8-8-7	7-10-10-1-7-0-10-10-8-9-7-7	5-7-9-9-7-7-5-6-7-7-1-9	7-1-9-7-8-10-1-7-9-8-9-7	7-7-8-7-7-7-6-13-7-1-7-7	7-9-8-5-10-5-1-9-3-7-6-9	5-7-7-3-9-9-7-9-8-10-8-8
256	9	9-9-8-9-9-8-8-9-8-9-9-8	8-10-8-7-8-8-7-8-6-5-7-7	7-9-7-7-7-8-10-7-7-7-10-8	7-10-10-10-7-7-10-2-10-10-8-1	2-7-6-10-7-8-10-8-10-6-6-6	7-7-8-7-9-7-10-8-8-9-6-7	6-10-5-1-7-9-13-10-5-8-6-7	5-7-8-8-7-7-5-6-7-10-6-9	9-1-10-7-8-6-7-14-4-8-8-10	6-6-11-10-7-11-6-10-8-1-7-7	9-9-9-8-8-11-1-8-3-7-10-8	9-10-7-1-8-9-7-8-10-9-8-10
256	10	9-11-9-9-9-8-9-9-9-9-13-9	11-9-9-7-8-7-11-7-11-5-11-7	13-11-11-7-7-8-9-8-10-7-9-10	11-11-10-9-7-11-9-13-9-9-9-13	2-10-7-9-10-8-9-6-9-6-6-6	2-7-6-3-10-12-9-6-8-9-2-7	2-9-8-10-8-10-8-8-5-8-10-7	5-4-7-7-7-10-5-6-14-9-6-10	10-1-14-7-7-6-10-11-5-6-7-9	6-3-10-9-7-7-6-9-10-10-10-7	10-3-5-5-8-10-10-10-10-6-6-10	9-9-10-10-10-10-6-10-9-8-0-9
256	11	12-12-12-12-12-14-12-13-12-12-13-14	12-12-12-12-12-12-10-12-12-12-12-12	11-10-12-12-12-12-12-12-12-12-12-11	12-10-13-12-12-10-12-12-13-12-12-10	14-10-12-13-13-11-11-11-12-11-13-12	11-10-13-11-12-12-12-13-13-11-12-11	12-13-11-10-11-11-13-11-8-12-12-13	11-13-13-12-12-10-11-12-7-13-11-11	11-12-11-7-12-13-10-10-13-14-7-12	11-11-13-12-12-12-6-14-10-10-10-12	12-13-14-5-14-9-10-11-10-11-13-10	13-14-11-10-12-13-13-14-9-11-12-11
256	12	11-11-11-11-11-11-11-11-11-11-11-11	11-11-11-13-11-11-13-13-11-11-11-14	12-10-13-11-11-11-11-11-11-11-13-12	11-13-11-11-13-13-11-11-11-11-11-10	11-10-10-9-13-11-13-13-11-13-11-13	13-11-11-11-11-11-11-11-13-9-11-11	11-11-11-10-12-12-11-11-11-13-11-12	11-12-11-11-13-12-11-11-3-11-11-11	11-11-11-13-14-11-10-10-11-11-14-11	13-13-11-11-13-13-13-12-10-10-13-11	11-11-11-5-13-13-12-13-13-14-11-13	14-9-12-10-13-11-11-13-13-13-11-11
256	13	11-11-11-11-11-11-11-11-11-11-11-14	12-11-11-12-11-11-12-12-11-11-12-14	12-14-12-11-12-11-12-14-11-11-12-14	11-12-11-12-12-12-12-10-11-11-13-10	11-13-12-9-12-11-12-12-11-12-11-12	12-11-11-11-10-14-11-11-13-9-13-13	11-11-11-10-13-13-11-14-11-12-13-12	11-12-11-12-12-13-11-11-7-11-12-13	13-13-11-12-12-11-10-10-11-11-12-11	12-11-11-10-12-12-12-11-10-10-12-7	13-11-11-5-12-13-13-12-12-12-11-12	11-7-13-10-12-11-11-12-12-12-11-11
256	14	14-14-12-12-14-11-11-12-11-11-14-11	12-11-11-13-11-11-12-12-11-14-12-12	13-13-14-12-14-11-14-13-11-14-12-13	14-14-12-14-14-14-11-14-11-14-14-10	11-13-14-14-14-14-13-14-11-14-11-12	14-14-14-11-14-13-11-14-14-14-14-12	11-14-14-14-11-14-11-13-14-12-11-12	14-14-6-14-14-13-14-11-10-11-11-13	12-14-10-14-12-14-14-11-14-11-12-11	6-11-14-14-14-14-14-11-10-14-14-14	13-11-11-5-11-13-13-12-14-12-11-14	12-12-14-10-12-14-14-12-12-14-14-14
257	0	0-0-0-0-0-0-0-0-0-0-0-0	0-0-0-0-0-0-0-0-0-0-0-0	0-0-0-0-0-0-0-0-0-0-0-0	0-0-0-0-0-0-0-0-0-0-0-0	0-0-0-0-0-0-0-0-0-0-0-0	0-0-0-0-0-0-0-0-0-0-0-0	0-0-0-0-0-0-0-0-0-0-0-0	0-0-0-0-0-0-0-0-0-0-0-0	0-0-0-0-0-0-0-0-0-0-0-0	0-0-0-0-0-0-0-0-0-0-0-0	0-0-0-0-0-0-0-0-0-0-0-0	0-0-0-0-0-0-0-0-0-0-0-0
257	1	1-1-1-1-1-1-1-1-1-1-1-1	2-1-1-2-2-1-2-1-1-1-2-1	1-2-0-1-1-2-1-2-2-1-1-1	2-2-2-2-0-0-2-1-1-2-1-0	9-0-1-8-1-1-2-1-2-1-2-0	2-2-2-1-1-0-2-3-1-1-1-2	1-1-1-1-2-1-2-2-1-1-1-2	2-1-1-1-1-2-1-1-1-1-0-2	1-4-2-1-2-3-1-0-1-1-1-3	2-1-1-2-2-1-1-1-1-1-0-1	1-3-2-2-2-2-1-1-1-1-3-1	2-1-1-2-2-2-1-4-2-1-2-1
257	2	1-1-1-1-1-1-1-1-1-1-1-3	1-1-1-4-1-1-1-1-1-1-3-1	2-2-3-4-4-1-3-3-1-3-3-3	3-1-1-3-4-3-1-3-1-1-3-0	4-0-2-2-0-2-3-2-1-1-4-3	1-3-3-1-1-5-3-1-1-1-3-1	2-2-1-1-1-1-1-3-1-1-3-4	1-2-3-3-2-1-1-3-2-8-3-1	1-1-1-2-3-1-3-3-1-2-3-1	1-5-1-1-5-3-5-3-4-1-0-3	3-1-1-1-1-6-0-1-0-1-1-1	1-2-5-1-1-1-8-1-3-1-1-1
257	3	1-1-2-2-2-1-1-2-2-1-1-2	1-1-1-2-1-1-2-4-3-4-2-4	0-4-2-2-2-4-2-2-1-4-2-2	2-4-4-2-2-2-1-2-2-3-4-2	2-3-2-2-4-3-4-4-3-3-2-2	4-5-5-4-3-6-4-1-3-3-11-3	2-3-1-3-4-3-3-4-3-1-2-3	3-2-2-4-3-1-1-5-4-4-2-1	3-6-3-4-3-1-3-4-1-1-2-1	3-3-3-1-2-2-3-2-4-1-4-2	3-6-1-1-3-3-0-3-3-4-1-3	3-3-2-3-3-1-1-1-2-3-2-1
257	4	4-1-5-4-2-4-4-4-4-4-4-4	1-5-4-2-1-1-2-3-3-3-2-3	2-4-2-2-2-3-5-5-2-3-5-5	3-3-5-3-2-2-3-2-5-4-3-0	2-0-2-2-3-5-3-3-3-3-2-2	3-3-3-3-3-3-3-4-3-4-1-4	3-2-4-3-3-3-4-3-4-5-2-3	4-2-3-5-4-1-4-3-3-4-9-1	3-1-5-3-4-1-3-5-5-2-6-1	3-3-4-5-6-2-2-4-5-1-3-3	5-1-1-4-1-1-0-3-3-3-5-3	1-3-2-5-1-1-3-1-4-9-1-4
257	5	5-5-5-5-5-6-5-5-5-4-6-6	6-6-7-2-7-5-2-6-1-3-2-6	2-5-2-2-6-5-6-5-6-6-6-4	3-6-4-2-2-3-6-2-6-6-6-0	2-0-2-6-3-4-6-5-6-3-1-2	3-3-3-0-5-2-6-1-3-5-6-3	3-2-5-3-3-3-6-6-1-4-2-3	1-4-4-4-2-1-5-3-3-5-3-1	3-3-4-3-8-1-3-4-4-5-4-6	4-3-7-4-2-5-9-5-5-1-3-2	4-1-5-6-6-1-0-6-3-3-4-4	7-2-2-4-12-1-2-5-7-9-6-1
257	6	7-6-5-5-5-5-6-1-2-7-5-5	5-5-4-7-1-1-8-5-7-3-7-5	6-7-7-7-7-7-7-7-8-5-5-7	7-7-6-9-8-7-5-2-5-5-5-7	7-6-8-7-3-4-7-7-5-8-9-7	7-8-3-6-6-8-7-6-3-5-7-8	8-2-5-7-3-8-5-5-1-6-7-6	3-7-4-7-3-1-5-7-3-6-6-1	7-3-5-3-6-6-8-7-6-5-7-5	6-8-6-5-7-5-6-5-6-1-8-2	5-3-6-4-5-2-8-5-7-6-6-3	5-6-6-7-8-8-2-6-2-7-5-6
257	7	7-8-8-7-8-7-7-8-7-6-9-7	8-8-5-6-5-7-6-8-6-7-6-6	12-6-6-6-6-9-6-6-6-7-8-6	6-8-6-6-6-6-7-2-7-5-8-6	6-0-6-6-6-9-6-6-7-6-6-6	6-6-6-7-7-6-6-7-7-7-6-6	6-2-9-6-9-7-6-8-7-7-6-6	7-6-8-8-7-1-7-8-3-7-6-1	6-7-8-8-4-6-6-6-8-5-8-7	8-6-7-7-6-5-6-5-6-1-6-7	7-1-6-7-9-6-8-3-6-3-8-3	5-6-6-6-6-6-2-6-7-6-5-8
257	8	8-7-7-7-7-8-8-7-7-8-9-7	7-7-9-6-9-7-9-7-6-8-6-9	12-8-6-6-6-7-7-9-9-9-9-7	6-7-9-6-6-6-9-2-9-8-9-6	6-0-6-9-10-7-9-7-9-6-6-6	6-6-3-6-9-6-9-6-8-5-8-6	6-9-7-6-9-6-9-7-8-8-6-5	1-6-7-7-7-1-7-8-3-9-6-1	6-1-7-7-5-6-6-7-9-7-7-9	7-6-7-9-9-8-6-9-8-1-6-7	6-1-12-11-9-10-6-5-6-6-7-3	5-6-2-6-6-6-2-6-9-1-5-7
257	9	8-8-7-9-9-9-8-8-9-9-8-9	8-7-8-9-9-7-10-8-9-8-6-8	9-9-10-6-9-10-6-8-8-8-8-9	9-8-8-6-10-9-8-2-8-8-8-9	1-12-9-10-11-7-8-6-8-9-6-9	9-9-3-6-9-9-8-9-8-5-5-10	12-8-7-9-8-9-8-8-3-7-9-9	1-7-4-9-3-9-7-9-9-9-9-1	3-3-9-3-11-1-9-9-8-1-10-8	9-3-9-11-8-5-6-8-9-9-9-2	9-1-8-8-8-12-9-9-9-9-1-3	9-9-9-9-6-1-9-9-8-4-7-8
257	10	11-11-11-11-11-12-11-12-12-12-11-12	11-12-11-11-11-11-11-12-11-11-11-12	10-9-11-11-10-11-10-11-11-11-10-10	11-10-11-11-10-10-11-10-11-9-11-9	11-10-9-9-11-10-10-10-11-11-11-10	10-9-11-11-7-9-9-11-8-10-5-9	10-11-10-10-11-10-10-11-11-10-12-10	10-10-10-9-10-11-7-11-3-11-11-10	10-11-11-10-10-11-9-11-11-12-9-11	10-10-11-11-11-11-10-10-9-11-9-11	12-11-11-8-11-11-11-10-9-10-11-3	10-10-10-9-11-11-9-11-11-11-5-12
257	11	10-10-10-10-12-10-10-12-10-10-10-10	10-12-10-12-10-10-12-10-10-10-12-12	10-11-10-10-10-10-12-10-10-10-12-11	10-10-10-10-11-11-10-10-10-10-11-9	10-9-9-11-10-11-12-11-10-10-10-11	10-9-12-10-8-10-11-10-8-5-3-12	9-11-10-9-10-9-8-10-10-10-11-11	10-11-10-11-11-10-7-10-3-10-10-10	10-10-10-11-12-10-9-9-10-10-11-12	10-11-10-9-11-12-11-8-9-10-9-11	12-10-8-8-10-10-10-10-9-11-10-3	10-11-10-9-10-10-11-10-10-10-5-10
257	12	12-12-11-10-12-10-10-12-10-10-12-12	10-10-12-11-10-10-11-10-11-12-11-11	10-11-10-10-12-11-11-10-10-12-11-12	11-12-12-11-12-12-10-12-12-12-12-9	10-9-12-12-10-12-11-11-10-12-10-6	12-12-11-12-12-10-12-12-12-12-12-12	9-12-12-12-10-12-12-10-12-12-10-11	12-11-11-10-12-10-12-10-9-12-10-12	3-12-12-12-11-12-12-10-12-10-11-11	9-12-12-12-12-11-12-8-9-12-12-12	10-10-8-8-10-9-10-10-12-12-10-12	10-11-12-9-6-12-12-10-12-12-5-10
258	0	0-0-0-0-0-0-0-0-0-0-0-0	0-0-0-0-0-0-0-0-0-0-0-0	0-0-0-0-0-0-0-0-0-0-0-0	0-0-0-0-0-0-0-0-0-0-0-0	0-0-0-0-0-0-0-0-0-0-0-0	0-0-0-0-0-0-0-0-0-0-0-0	0-0-0-0-0-0-0-0-0-0-0-0	0-0-0-0-0-0-0-0-0-0-0-0	0-0-0-0-0-0-0-0-0-0-0-0	0-0-0-0-0-0-0-0-0-0-0-0	0-0-0-0-0-0-0-0-0-0-0-0	0-0-0-0-0-0-0-0-0-0-0-0
258	1	1-0-1-1-1-0-1-1-1-1-1-1	1-0-0-1-0-1-2-2-1-0-1-0	2-1-2-1-1-0-2-2-1-0-0-1	2-2-2-1-0-1-0-1-1-0-0-5	0-8-1-0-2-0-2-1-0-5-0-1	1-1-0-1-1-1-0-1-0-0-0-1	0-0-0-6-3-1-0-2-0-1-1-2	1-0-2-1-0-1-0-0-1-1-2-1	2-2-1-0-0-1-1-1-0-1-1-0	1-1-1-1-4-1-0-0-1-2-1-1	2-0-0-0-1-1-1-1-8-1-1-1	1-1-1-1-1-1-1-1-1-1-0-0
258	2	2-2-3-2-2-2-2-2-2-2-2-3	2-0-0-2-0-2-1-3-1-2-3-3	4-3-1-3-3-2-3-3-2-3-3-3	3-1-1-3-3-2-0-5-3-0-3-1	3-1-3-4-1-2-1-2-1-0-3-5	3-3-3-2-2-5-2-3-2-2-0-5	2-2-2-1-2-1-2-3-0-2-3-2	2-2-3-2-2-1-0-3-2-2-1-1	1-1-1-2-3-0-1-2-2-3-3-2	2-2-0-1-3-3-2-2-7-1-1-3	1-2-3-0-4-2-1-1-1-3-2-2	0-2-1-1-5-0-2-1-3-3-0-0
258	3	3-3-2-3-3-3-3-3-3-3-3-3	4-3-0-2-3-4-1-6-3-3-2-2	1-2-2-2-2-6-2-4-2-6-4-2	2-4-4-2-2-2-1-2-3-3-5-1	2-3-2-2-4-2-4-4-3-3-5-2	2-5-5-6-3-2-4-5-3-3-10-3	2-2-0-3-4-1-4-3-3-6-2-6	3-2-2-4-2-3-3-2-10-1-3-3	3-1-3-3-2-5-3-4-0-2-2-4	4-3-1-4-2-2-3-3-1-4-3-2	3-3-3-0-8-3-1-3-3-4-3-3	1-3-1-1-3-3-2-3-2-2-0-0
258	4	4-4-4-4-4-4-4-4-4-4-4-4	3-4-5-2-5-5-1-5-3-3-2-3	2-3-3-2-2-7-5-3-5-3-5-5	3-3-5-3-2-3-5-2-5-6-3-1	2-1-2-2-3-5-3-3-3-3-3-2	3-3-3-3-3-2-3-4-3-4-0-4	2-2-6-1-3-4-5-5-4-4-4-3	4-2-3-3-2-4-4-3-3-4-3-3	4-4-3-3-4-4-4-3-4-8-2-5	5-3-4-5-2-5-5-6-2-3-1-2	3-3-4-0-5-3-1-6-3-3-5-3	6-3-1-1-3-0-2-3-0-5-5-5
258	5	5-5-5-5-6-5-5-5-5-5-5-5	5-6-7-2-4-4-1-5-3-3-3-7	2-5-3-2-2-3-4-8-4-3-6-5	3-3-6-3-2-3-6-2-6-5-3-1	2-1-1-6-3-4-6-5-6-3-3-2	2-3-3-3-5-2-6-3-5-5-7-2	2-2-5-1-3-4-6-6-6-5-2-3	4-2-4-4-2-4-5-5-3-5-3-5	4-1-3-3-6-3-1-4-5-6-5-4	4-5-5-4-2-4-4-5-2-3-9-4	3-3-6-5-4-5-1-6-1-3-4-3	4-5-1-1-2-10-2-5-6-6-7-6
258	6	5-6-4-5-5-5-6-8-6-5-4-8	7-5-5-7-5-5-7-8-7-3-8-5	7-7-8-10-7-3-7-5-8-7-5-7	8-3-5-8-7-8-5-10-7-4-3-1	8-1-1-7-3-4-7-7-5-6-16-7	8-3-7-3-6-7-5-6-5-3-3-9	2-2-5-1-7-10-5-5-5-3-7-7	10-6-7-7-7-6-5-15-3-6-6-5	3-1-3-3-5-8-1-7-5-6-2-12	7-7-6-5-7-5-7-4-2-7-7-15	3-3-5-5-8-2-1-4-1-6-4-3	4-5-6-1-3-5-2-5-5-5-5-5
258	7	7-7-7-7-7-7-7-7-7-7-9-6	6-10-5-6-10-7-6-8-6-7-6-8	6-6-6-6-6-9-8-5-8-6-8-6	6-8-8-6-6-6-8-6-6-5-8-1	7-1-1-6-3-9-6-6-6-7-6-6	6-12-8-4-6-6-8-8-7-7-5-7	2-10-15-1-8-7-9-8-5-3-9-6	7-6-6-8-8-7-5-6-6-15-6-7	11-8-3-8-7-7-1-6-9-5-2-15	6-6-7-8-6-8-6-15-2-6-6-6	7-6-5-9-6-8-8-9-1-6-5-3	10-3-6-1-6-15-2-16-12-5-5-16
258	8	8-8-8-8-7-9-7-8-10-8-9-9	7-10-7-6-5-7-7-6-8-7-6-7	6-8-6-6-6-6-7-5-7-10-9-6	6-7-9-6-6-6-7-6-9-9-7-1	6-1-1-6-3-7-9-7-9-6-3-6	6-9-7-8-10-2-9-7-8-8-6-7	2-9-8-1-7-7-8-7-14-9-1-9	7-6-6-7-7-9-10-6-3-5-7-8	7-7-7-7-7-8-7-7-8-7-2-16	7-6-8-7-8-10-9-9-2-8-1-8	7-8-8-9-6-7-7-7-1-6-7-3	4-2-6-1-1-5-6-7-15-7-5-7
258	9	11-8-10-8-9-8-7-7-8-10-8-8	8-7-5-6-7-8-10-10-8-10-6-11	9-10-11-6-6-10-10-9-12-6-8-9	10-9-8-6-6-9-8-6-8-8-8-9	6-10-9-9-10-7-10-10-8-9-9-9	11-11-7-9-9-16-8-7-5-8-6-6	3-8-5-11-9-1-8-10-3-8-11-8	6-6-6-7-7-10-8-11-3-9-9-10	10-10-10-11-2-11-9-10-7-9-9-6	10-9-9-13-10-5-8-8-10-10-10-6	10-9-10-7-8-9-10-7-10-9-10-3	9-3-10-9-9-9-9-9-8-9-5-7
258	10	10-10-10-13-7-8-10-10-10-11-10-10	8-7-7-10-7-7-9-11-8-9-11-11	11-9-9-11-11-11-9-11-12-11-11-11	9-9-9-11-11-11-8-6-8-8-15-1	15-9-14-9-9-10-11-11-7-10-12-10	15-9-11-10-9-9-11-10-8-3-3-11	11-7-14-1-9-6-6-9-5-6-12-9	3-10-9-11-11-9-8-9-3-10-9-9	9-9-11-11-15-9-9-9-8-9-12-6	11-11-8-11-9-15-11-8-9-9-9-12	9-10-9-7-8-9-9-10-9-10-11-3	9-11-9-10-10-5-10-7-8-9-11-7
258	11	11-11-10-11-12-12-12-11-11-10-14-14	8-12-12-10-7-15-9-10-8-12-10-12	10-10-9-10-10-10-12-10-10-10-12-10	10-10-11-10-10-10-8-6-10-11-10-1	10-9-9-8-9-12-10-10-12-11-9-6	10-9-10-11-11-9-10-7-11-11-12-10	10-12-14-12-10-11-8-10-5-11-9-16	13-12-6-10-10-9-14-9-3-10-9-9	7-9-10-10-11-9-9-9-11-12-10-13	10-10-11-10-10-10-10-8-9-9-9-10	9-10-8-8-12-13-9-11-9-10-10-11	9-10-9-10-11-8-10-13-14-11-12-8
258	12	11-12-11-11-12-11-11-12-11-12-11-10	8-11-11-10-7-11-13-13-14-11-10-11	13-13-13-14-10-10-11-13-13-10-11-11	13-13-9-13-10-13-8-6-13-14-10-9	10-14-15-14-14-11-13-13-11-13-15-13	10-13-14-10-9-9-13-14-11-7-11-13	10-11-14-11-11-11-5-13-14-16-10-12	3-11-6-13-10-9-8-14-14-9-10-9	9-9-16-13-10-13-9-9-13-11-10-6	13-15-12-13-10-10-13-8-9-9-9-10	9-10-8-7-11-9-9-11-10-12-12-12	9-10-9-12-9-7-10-7-8-11-11-7
258	13	13-14-14-10-12-13-13-13-11-14-13-13	16-11-15-10-7-11-12-12-12-15-10-13	12-12-12-12-10-10-12-12-12-10-14-13	12-12-12-12-10-12-15-6-12-15-14-1	10-1-12-12-9-15-12-12-15-12-12-12	12-12-12-13-11-9-15-12-13-13-5-12	10-10-13-1-15-13-15-12-5-11-10-15	11-10-9-12-10-9-15-9-3-11-12-9	9-9-9-12-13-12-9-9-12-13-10-12	10-10-13-16-14-8-12-13-9-9-13-10	13-13-15-15-11-14-9-9-10-12-12-12	13-13-12-10-10-5-10-11-9-15-15-8
258	14	13-13-13-14-14-11-13-13-16-10-11-13	16-13-13-10-15-11-12-15-15-14-16-15	15-14-12-12-14-9-15-12-15-10-13-14	12-15-15-12-10-12-14-12-12-12-10-14	10-16-14-12-12-13-15-12-13-15-12-12	14-12-12-15-11-9-13-12-11-3-14-15	14-8-11-14-13-14-13-13-12-15-14-15	14-11-12-10-10-14-11-12-12-9-14-9	14-9-10-12-11-10-14-9-14-11-10-6	14-10-14-15-10-10-15-8-9-9-14-16	14-10-13-8-14-13-9-14-15-12-14-12	14-13-14-14-14-7-10-14-7-11-11-7
258	15	14-15-16-16-16-15-16-16-15-10-13-16	13-13-13-10-14-11-15-14-14-14-14-14	14-15-16-16-10-9-14-15-14-13-14-15	16-14-14-12-10-15-15-6-12-13-10-14	10-14-12-12-9-13-14-15-13-14-12-12	10-12-12-14-8-9-13-14-13-15-5-14	16-8-7-15-13-15-13-13-3-15-14-14	15-11-6-10-10-15-13-12-15-9-10-9	15-9-14-12-10-7-15-9-7-11-10-7	16-12-15-14-10-10-14-7-9-9-14-6	14-10-13-7-14-9-9-15-14-12-12-12	15-15-9-15-14-7-10-7-8-13-15-7
258	16	16-16-16-16-16-16-16-16-16-16-16-16	13-12-16-15-16-16-12-14-14-16-14-14	15-15-15-15-16-16-16-16-14-16-13-16	15-16-15-16-16-16-12-16-16-16-16-14	10-14-16-16-16-16-15-16-13-16-6-6	16-16-16-16-16-9-16-16-16-16-16-14	15-16-16-16-13-16-8-12-16-15-11-11	16-16-10-16-16-9-16-6-15-15-12-16	15-16-16-16-10-16-16-16-16-11-10-8	15-16-16-13-16-10-16-15-16-16-16-16	13-16-8-16-16-9-9-16-16-16-16-16	14-16-16-15-11-16-16-7-16-16-16-7
259	0	0-0-0-0-0-0-0-0-0-0-0-0	0-0-0-0-0-0-0-0-0-0-0-0	0-0-0-0-0-0-0-0-0-0-0-0	0-0-0-0-0-0-0-0-0-0-0-0	0-0-0-0-0-0-0-0-0-0-0-0	0-0-0-0-0-0-0-0-0-0-0-0	0-0-0-0-0-0-0-0-0-0-0-0	0-0-0-0-0-0-0-0-0-0-0-0	0-0-0-0-0-0-0-0-0-0-0-0	0-0-0-0-0-0-0-0-0-0-0-0	0-0-0-0-0-0-0-0-0-0-0-0	0-0-0-0-0-0-0-0-0-0-0-0
259	1	1-1-1-1-1-1-0-1-1-1-1-0	0-0-0-0-0-1-2-2-0-0-0-2	12-0-2-0-0-0-0-0-0-0-0-0	2-2-2-0-1-2-0-1-0-0-0-4	0-7-2-0-2-0-2-0-0-0-0-0	0-1-0-0-0-2-1-0-0-0-0-2	1-0-0-1-0-1-0-0-1-0-0-0	1-0-0-1-0-2-0-0-1-1-0-0	1-0-2-1-0-0-1-0-0-1-1-0	1-1-1-1-0-1-0-0-1-2-1-0	0-1-0-0-1-1-1-1-1-1-1-1	1-1-1-1-1-1-1-0-0-1-0-0
259	2	2-2-2-2-2-2-2-2-1-2-2-2	0-0-0-2-0-1-1-1-0-1-4-1	1-0-3-2-3-0-3-3-0-3-3-3	3-1-1-3-3-3-0-3-3-0-3-1	3-0-1-3-1-2-3-2-2-4-2-4	3-3-2-2-2-4-2-2-2-2-11-1	2-2-2-1-2-0-2-3-2-2-3-2	2-2-3-2-2-1-0-3-2-6-1-0	0-0-1-2-3-3-1-0-2-3-2-2	0-2-2-3-3-3-2-2-2-1-1-3	0-2-0-0-0-2-1-0-1-2-2-1	1-2-2-1-0-0-2-0-0-3-0-0
259	3	3-3-2-3-3-4-4-3-3-3-3-3	4-3-3-2-4-4-1-3-4-5-2-4	1-4-2-2-2-4-2-4-6-4-2-2	4-4-4-2-2-2-4-2-2-3-2-1	2-1-1-2-4-2-4-2-3-0-5-2	2-5-5-6-3-2-4-4-3-3-12-3	5-3-3-1-4-1-3-4-3-4-2-4	9-2-2-4-3-3-3-2-3-3-3-9	3-9-3-4-2-4-1-4-3-3-2-3	3-3-3-2-2-2-2-4-2-3-3-2	3-3-3-0-3-3-1-3-1-4-3-3	1-3-3-1-3-3-2-3-3-2-0-3
259	4	4-4-4-4-4-3-3-4-4-4-4-5	5-4-4-2-3-3-1-3-3-3-2-5	1-3-2-2-2-3-5-5-5-3-5-4	3-3-3-2-2-3-3-2-5-4-3-1	2-1-1-2-3-5-3-2-3-6-3-2	2-3-3-3-4-2-3-3-4-4-6-3	3-2-4-1-3-4-3-3-3-4-6-3	4-2-2-3-2-3-5-4-3-5-3-0	4-3-3-3-1-3-1-3-5-2-2-4	3-5-4-4-2-5-2-3-5-3-1-2	5-3-4-0-5-3-1-3-3-3-3-3	1-3-2-1-3-5-2-3-4-5-0-4
259	5	5-5-5-5-5-5-5-5-5-5-4-5	5-6-4-0-6-6-3-3-3-3-2-4	1-5-3-2-2-3-4-4-4-6-4-5	3-3-6-2-2-2-6-2-6-4-6-1	2-1-1-5-3-4-5-5-6-6-3-1	2-3-3-8-5-2-6-6-5-4-5-6	3-2-4-1-3-5-5-4-7-5-1-3	6-2-2-4-3-0-7-5-3-4-3-0	4-3-4-3-5-3-5-3-5-5-6-4	3-4-14-4-2-4-2-5-4-3-5-2	4-3-5-5-4-5-6-9-1-5-3-3	0-3-2-7-5-4-3-5-9-4-5-12
259	6	7-6-5-7-5-6-6-7-5-7-6-7	7-5-4-7-8-5-7-8-7-7-7-7	6-7-7-7-7-8-7-7-7-5-7-7	7-3-7-8-8-7-5-7-5-7-5-6	8-1-6-8-3-6-7-7-5-7-7-8	8-8-7-9-5-2-5-9-5-5-8-9	6-9-9-9-3-6-5-6-5-9-10-3	7-7-14-7-7-6-5-7-3-7-9-5	7-6-8-7-6-6-7-7-5-6-10-7	3-8-7-10-8-2-7-5-6-3-6-2	3-3-8-10-7-8-8-5-9-7-3-6	7-6-6-8-7-7-3-6-10-5-7-6
259	7	6-7-7-6-7-6-6-6-6-6-7-6	6-7-8-6-6-8-6-6-6-8-6-6	6-6-6-6-6-6-8-6-6-6-8-6	6-7-6-6-6-6-5-6-8-8-7-1	6-1-1-6-3-7-6-6-7-6-6-6	6-6-6-7-7-2-8-7-7-7-12-7	1-2-4-1-12-7-5-8-5-5-6-3	6-6-8-8-6-1-5-6-3-6-6-0	6-3-8-6-7-6-8-6-8-5-6-7	3-6-7-7-6-2-8-5-8-3-8-2	0-3-6-6-6-5-6-0-5-6-3-8	6-3-6-5-6-6-8-9-9-9-6-9
259	8	8-8-6-8-5-8-9-8-8-8-9-8	6-9-9-6-6-7-6-6-6-7-6-6	6-8-6-6-6-6-7-7-6-8-9-9	6-9-9-6-6-6-9-6-7-7-9-6	6-1-1-6-3-7-7-8-7-6-6-6	6-6-6-6-8-3-7-6-8-4-9-7	3-11-8-1-9-8-7-7-8-8-6-3	10-6-7-7-6-1-10-6-3-9-6-0	6-3-7-6-10-6-7-9-7-12-6-8	9-6-8-9-6-2-7-5-7-3-7-2	3-3-6-5-12-10-6-9-9-6-7-7	6-3-6-6-6-6-7-10-6-7-9-8
259	9	6-10-8-8-9-8-8-9-6-9-8-6	6-8-8-6-6-8-12-10-10-7-6-6	11-10-10-6-10-8-10-10-6-10-8-8	10-10-8-10-6-10-10-6-10-10-10-10	6-11-9-10-3-7-10-10-7-9-10-10	10-10-10-9-8-14-10-6-8-4-8-10	11-6-9-6-8-8-7-10-9-6-6-6	8-6-10-10-10-9-5-12-3-8-10-3	10-10-14-10-9-10-9-10-10-8-6-10	10-10-9-10-6-2-10-5-1-9-6-2	9-3-5-5-8-6-10-8-8-10-9-9	10-3-9-10-10-9-2-8-7-7-8-7
259	10	10-10-10-10-11-6-10-10-10-10-10-10	6-12-11-6-11-9-9-9-9-7-6-12	14-9-9-6-9-11-9-10-11-11-9-9	9-9-9-9-6-9-9-6-9-9-9-9	6-1-6-9-3-10-9-9-12-10-9-9	9-9-9-10-10-9-9-10-10-7-11-10	1-10-8-1-11-10-10-9-10-8-6-3	8-6-9-9-9-10-8-10-3-11-9-0	10-9-3-9-8-6-6-10-9-8-6-9	9-9-6-10-11-2-9-5-9-3-9-14	10-3-11-6-3-8-9-12-1-9-9-9	12-10-9-9-9-10-2-8-11-11-8-10
259	11	11-11-14-12-10-12-13-14-14-14-14-14	12-10-10-12-12-12-13-12-12-13-12-12	11-11-12-12-9-13-11-12-13-10-12-11	12-8-12-9-9-11-12-6-9-13-10-11	2-12-11-9-12-10-12-12-10-12-9-9	9-9-9-12-8-9-10-12-10-4-10-12	14-8-13-13-11-12-8-9-5-14-11-3	13-13-12-13-13-12-7-9-11-12-12-13	12-12-14-9-12-11-12-11-13-9-13-13	11-12-9-11-12-2-6-5-12-12-12-12	12-3-10-5-13-14-13-11-12-14-11-9	11-10-11-12-12-11-11-11-10-12-8-7
259	12	11-11-14-11-12-11-11-11-11-11-11-11	11-10-10-13-11-11-11-11-11-11-11-11	14-11-11-13-12-11-11-11-12-13-11-12	11-12-11-9-12-12-11-13-13-10-12-11	13-11-11-9-13-13-11-11-10-11-9-6	12-11-9-12-13-13-13-11-10-4-3-11	12-13-8-11-7-11-5-13-5-11-11-13	12-12-11-12-12-13-4-9-3-11-11-3	11-11-11-12-11-3-11-11-5-8-12-11	11-11-9-11-11-12-12-5-11-11-11-12	11-3-10-5-8-12-11-11-11-11-9-12	11-3-11-11-11-10-12-0-10-11-8-5
259	13	13-11-10-13-10-14-11-11-13-11-11-10	11-10-11-12-11-11-11-13-11-11-11-14	13-13-14-12-12-11-11-13-11-12-11-13	14-13-11-9-12-12-11-12-12-11-13-13	12-13-11-13-14-12-14-14-13-13-13-14	12-13-12-13-12-14-12-12-7-7-0-13	13-12-11-11-13-11-8-12-12-11-13-14	11-11-13-11-11-14-7-8-11-13-13-13	11-13-11-9-12-13-0-13-11-12-11-11	13-11-11-13-11-12-6-5-11-13-13-12	11-3-11-13-11-13-11-11-11-11-9-13	11-12-13-11-11-11-11-14-13-11-6-5
259	14	14-14-14-14-14-14-11-14-14-11-14-14	11-10-14-13-14-11-13-13-11-14-11-13	13-12-13-12-14-14-14-13-13-14-14-14	13-14-13-14-14-14-13-14-9-14-14-13	14-13-14-14-13-14-13-14-14-14-9-6	14-14-14-12-14-13-14-14-14-14-14-11	12-14-14-14-11-14-5-13-14-11-9-13	14-14-12-14-14-13-14-9-11-11-13-13	11-14-11-14-12-14-14-13-14-6-12-11	11-14-14-14-14-2-14-6-11-14-14-14	11-14-14-14-14-11-14-14-14-11-14-14	11-12-14-11-11-14-14-13-14-14-14-14
260	0	0-0-0-0-0-0-0-0-0-0-0-0	0-0-0-0-0-0-0-0-0-0-0-0	0-0-0-0-0-0-0-0-0-0-0-0	0-0-0-0-0-0-0-0-0-0-0-0	0-0-0-0-0-0-0-0-0-0-0-0	0-0-0-0-0-0-0-0-0-0-0-0	0-0-0-0-0-0-0-0-0-0-0-0	0-0-0-0-0-0-0-0-0-0-0-0	0-0-0-0-0-0-0-0-0-0-0-0	0-0-0-0-0-0-0-0-0-0-0-0	0-0-0-0-0-0-0-0-0-0-0-0	0-0-0-0-0-0-0-0-0-0-0-0
260	1	1-1-0-0-0-0-0-0-0-0-1-0	0-0-0-0-0-1-1-0-1-0-0-0	3-0-0-0-0-0-0-0-0-0-0-1	2-0-1-0-0-0-0-1-0-0-0-6	0-0-3-0-0-0-0-0-0-0-1-0	0-1-0-0-0-0-1-0-0-0-0-0	1-0-0-1-0-1-0-0-0-0-1-0	0-0-0-1-1-3-0-0-3-1-0-0	0-3-1-0-0-0-9-0-0-1-1-0	1-0-1-1-0-0-0-0-1-3-1-0	0-0-0-0-0-1-0-1-5-1-1-1	0-1-1-1-1-0-0-0-0-1-0-0
260	2	3-3-2-3-2-2-3-2-2-2-3-2	3-3-3-0-3-3-5-3-3-3-3-3	2-2-3-3-3-3-3-3-3-3-3-2	3-2-3-3-2-3-3-4-2-3-3-1	4-7-2-1-3-2-3-3-1-3-6-3	10-3-3-5-3-5-2-3-2-2-10-3	2-2-2-8-2-2-3-3-2-3-7-3	2-2-10-2-2-0-3-3-2-1-3-2	2-1-3-2-2-4-8-6-3-14-2-3	2-8-2-2-7-3-5-3-3-6-6-2	2-3-5-0-2-6-2-2-6-2-3-2	0-2-2-2-2-8-3-2-5-2-2-2
260	3	2-2-2-2-2-2-2-2-3-2-2-2	2-2-2-3-2-2-2-2-2-2-4-2	6-4-4-4-5-4-4-4-2-3-4-4	4-2-2-4-4-4-2-7-4-2-4-1	5-2-1-4-2-4-4-4-3-2-2-6	4-4-2-2-5-2-4-3-3-3-4-4	3-4-2-2-3-2-3-4-2-2-2-3	2-4-4-3-3-1-2-4-1-2-2-0	2-1-2-4-4-2-1-4-2-3-4-2	2-5-2-2-4-4-2-2-3-1-2-4	0-2-2-0-0-2-0-2-2-4-2-2	0-3-3-1-2-2-3-0-4-2-0-2
260	4	2-4-2-3-4-4-2-4-4-2-2-4	2-4-2-3-4-2-2-5-5-5-3-4	3-3-5-3-3-5-3-3-5-5-3-3	5-5-5-3-3-7-5-3-3-4-3-1	3-2-3-3-5-3-5-3-4-2-4-3	3-6-6-2-4-2-5-5-4-4-11-4	3-3-4-2-5-2-5-3-4-4-4-8	13-3-3-5-4-4-4-6-8-8-4-0	4-1-5-5-3-2-4-5-2-4-3-5	5-3-2-4-3-3-2-4-9-5-4-3	4-2-2-0-4-4-0-4-5-5-2-4	4-4-5-1-2-4-7-4-3-3-0-2
260	5	5-5-5-5-4-5-5-5-5-8-5-5	2-5-6-3-6-2-2-4-4-4-6-6	3-5-6-3-3-4-6-6-6-4-6-3	4-4-4-4-3-4-4-3-6-4-4-1	3-2-2-3-4-6-4-4-4-2-2-3	3-4-4-2-3-2-6-4-5-5-3-5	3-3-5-2-4-5-4-6-5-5-4-6	5-3-3-4-3-5-14-4-4-5-2-2	5-1-4-4-10-5-4-4-6-4-3-4	4-3-8-6-6-3-2-5-4-4-2-6	7-2-2-0-2-2-6-4-4-4-2-4	5-6-4-2-2-2-3-4-2-2-5-5
260	6	5-6-7-6-6-5-7-6-6-5-8-6	7-8-5-3-5-8-2-5-5-4-3-5	3-6-5-3-3-8-7-5-5-4-7-6	4-4-7-6-3-4-6-3-5-6-4-1	3-2-2-3-4-7-6-6-4-2-2-3	3-4-4-2-6-2-5-7-6-6-12-5	3-3-7-2-4-5-8-5-6-7-2-5	5-3-3-4-6-0-6-4-4-6-2-0	2-1-4-5-6-6-2-7-5-7-3-10	2-4-6-5-5-4-7-6-7-2-2-5	2-6-5-9-5-2-5-2-2-4-2-5	8-5-4-2-2-2-4-5-13-8-6-5
260	7	7-7-6-6-7-5-7-6-8-9-7-7	6-8-6-3-5-6-2-6-8-8-8-8	14-7-7-3-3-8-6-9-8-8-8-7	7-7-8-7-3-4-8-3-8-8-8-1	6-2-8-8-4-6-6-6-8-7-9-3	6-4-4-2-7-2-8-6-6-6-7-2	3-10-7-2-4-7-8-8-6-7-2-6	5-6-3-6-6-2-8-7-4-6-4-0	6-1-8-4-7-7-2-6-6-7-7-8	5-2-9-5-2-14-6-6-6-2-2-3	5-7-10-6-8-6-0-2-2-2-4-4	9-4-4-2-2-2-4-11-8-2-12-7
260	8	7-7-10-9-7-5-8-6-7-5-6-6	7-6-6-3-5-6-9-10-7-7-9-7	9-9-9-13-8-4-9-7-7-7-7-8	9-9-7-10-9-9-7-10-7-7-7-9	9-8-10-9-4-5-9-9-7-8-9-9	2-9-10-8-8-11-7-6-6-4-2-8	2-7-7-2-9-8-7-9-6-8-9-4	5-8-4-9-10-2-7-10-4-11-8-0	9-1-14-9-8-2-2-9-9-4-10-7	9-9-8-5-9-9-7-6-9-2-9-3	9-4-7-6-7-10-0-8-2-8-2-4	7-5-8-9-8-2-9-2-7-6-7-2
260	9	9-11-9-8-9-10-9-9-10-7-9-10	10-5-10-8-5-6-8-7-7-7-8-9	8-8-8-8-8-7-8-7-7-11-10-7	8-8-8-8-8-8-7-8-10-10-10-8	8-2-8-8-4-9-8-8-10-8-7-8	8-8-8-8-9-2-10-9-10-9-5-8	3-3-9-2-8-9-7-10-9-9-8-4	7-10-2-8-8-2-7-8-4-9-8-0	8-1-4-8-8-9-1-8-13-9-8-11	8-8-7-10-10-8-8-6-8-2-8-9	10-10-7-6-10-2-10-13-10-8-2-4	7-4-8-8-2-2-10-11-13-11-7-10
260	10	9-10-8-10-10-9-7-9-9-10-9-10	9-5-9-8-11-11-11-11-11-9-14-12	11-11-11-8-10-11-10-11-12-7-9-10	11-11-11-8-8-8-13-8-9-9-9-10	8-12-8-7-11-9-11-11-11-11-10-8	2-8-8-10-9-2-9-11-9-9-2-11	10-7-9-12-9-10-7-11-6-10-10-11	2-9-11-8-8-11-7-8-12-9-8-11	10-10-11-9-11-2-12-10-9-2-8-8	10-10-13-9-9-3-7-6-10-11-11-9	9-9-7-9-7-8-10-11-11-8-2-4	7-5-10-10-10-2-9-10-9-6-7-9
260	11	9-12-14-14-11-9-12-11-11-12-9-9	9-7-9-12-10-10-14-14-10-12-12-12	10-10-10-8-12-10-12-10-10-13-9-11	10-10-10-8-12-12-10-8-12-9-13-8	13-10-12-7-10-12-12-12-10-10-12-12	12-11-13-11-9-8-12-13-9-9-4-10	12-3-9-10-8-10-7-10-6-8-12-10	2-11-14-12-11-10-7-8-10-11-12-10	10-10-10-11-14-2-10-10-9-6-12-8	12-11-7-10-12-13-12-6-10-10-10-9	11-2-13-6-14-11-10-10-12-12-2-11	7-11-2-10-11-2-11-9-7-11-7-11
260	12	13-11-12-14-13-9-11-12-12-12-9-13	13-14-9-11-13-10-11-11-10-11-11-11	10-10-11-13-13-10-11-10-10-13-13-13	11-12-10-13-11-11-10-8-12-13-11-10	11-10-11-13-10-11-11-11-13-10-13-13	11-13-11-11-9-2-11-11-12-12-6-12	11-13-7-10-13-10-13-13-12-14-11-13	12-11-10-11-11-10-7-8-10-12-11-0	10-10-12-11-12-12-10-13-9-6-11-12	11-11-10-13-11-11-11-6-12-10-10-13	10-2-13-13-13-2-10-12-11-11-12-12	7-5-10-10-11-2-11-9-7-11-7-11
260	13	12-13-14-13-13-13-14-12-12-13-12-14	12-5-9-11-10-13-11-12-10-12-11-14	10-14-11-8-12-10-11-13-10-11-12-12	13-10-10-12-11-13-10-14-12-12-11-13	11-14-13-12-13-11-14-13-12-13-12-12	11-13-11-11-9-13-13-11-12-9-2-13	13-12-9-13-13-13-12-12-5-13-11-13	2-11-2-13-11-10-7-8-13-9-11-0	13-10-13-13-13-13-13-12-9-7-11-13	14-13-10-12-11-11-7-6-13-10-13-13	13-2-11-12-12-9-10-9-13-11-13-13	13-12-13-13-13-2-13-9-9-11-7-9
260	14	14-14-14-14-14-14-14-14-14-14-14-14	12-12-14-11-14-13-11-11-10-14-11-13	13-13-14-12-14-14-14-14-10-14-14-12	13-14-13-14-14-14-10-14-14-14-14-8	14-13-13-14-14-14-13-14-14-14-14-8	14-14-14-14-14-14-14-14-14-14-14-14	13-14-14-14-9-14-14-12-14-14-10-14	14-14-11-14-14-13-14-13-13-14-12-14	13-14-8-14-11-14-14-8-14-2-8-8	13-14-14-14-14-14-14-12-14-14-14-14	11-9-14-14-11-4-14-11-14-14-14-13	13-14-14-13-2-14-14-14-14-14-14-2
261	0	0-0-0-0-0-0-0-0-0-0-0-0	0-0-0-0-0-0-0-0-0-0-0-0	0-0-0-0-0-0-0-0-0-0-0-0	0-0-0-0-0-0-0-0-0-0-0-0	0-0-0-0-0-0-0-0-0-0-0-0	0-0-0-0-0-0-0-0-0-0-0-0	0-0-0-0-0-0-0-0-0-0-0-0	0-0-0-0-0-0-0-0-0-0-0-0	0-0-0-0-0-0-0-0-0-0-0-0	0-0-0-0-0-0-0-0-0-0-0-0	0-0-0-0-0-0-0-0-0-0-0-0	0-0-0-0-0-0-0-0-0-0-0-0
261	1	0-1-0-1-1-1-0-0-0-0-0-0	0-0-0-0-0-0-0-0-0-0-0-0	0-2-0-0-0-0-0-0-0-0-0-1	2-0-0-0-1-2-1-0-1-0-0-1	0-0-0-0-0-0-0-2-0-0-0-0	0-0-0-0-0-0-0-2-0-0-0-0	0-1-0-0-1-0-0-0-1-0-0-0	0-1-0-2-0-8-0-0-1-1-0-0	1-0-1-1-1-0-1-1-0-1-1-0	0-0-1-1-1-1-0-1-1-1-0-0	0-0-0-0-0-1-0-0-0-1-1-1	0-1-1-1-0-0-0-0-1-1-0-0
261	2	3-2-2-3-2-2-3-2-2-3-3-3	3-3-2-3-3-3-3-3-3-3-3-3	2-4-3-3-4-3-3-4-3-3-3-3	3-3-4-3-1-1-3-4-4-3-3-3	4-0-2-4-2-2-3-2-3-3-5-4	5-3-3-2-3-5-2-3-2-2-9-2	9-2-2-2-2-4-4-3-3-3-2-3	2-2-3-1-2-3-4-3-2-5-3-9	9-3-2-2-4-4-16-2-3-2-2-3	3-5-3-5-3-2-3-3-6-3-5-2	3-3-3-3-9-7-4-3-2-2-4-2	3-2-2-2-3-3-4-3-3-3-8-4
261	3	2-2-2-2-2-2-2-2-2-2-2-2	2-2-2-2-2-2-2-3-2-2-4-2	0-2-4-2-5-2-4-2-2-2-2-2	4-2-2-2-5-4-2-5-2-2-4-1	4-0-4-2-2-4-4-4-2-2-4-4	2-2-2-2-2-2-2-2-2-2-4-2	3-2-2-2-2-2-2-2-2-2-4-2	2-4-2-4-3-2-2-2-3-2-2-2	2-2-2-3-11-2-2-2-2-12-4-2	2-2-2-2-2-3-2-2-2-2-0-2	2-2-2-2-2-2-0-2-2-4-2-2	2-3-6-2-2-2-3-2-2-2-2-2
261	4	2-2-2-2-2-2-2-2-2-2-2-2	2-2-2-2-2-2-2-8-3-5-3-5	0-2-3-2-2-8-3-5-2-5-4-2	3-5-2-2-3-3-2-3-2-2-5-2	3-7-3-2-5-3-5-5-4-2-3-3	2-7-6-7-2-2-5-2-4-4-8-4	2-2-2-13-5-2-2-2-4-2-3-5	2-3-3-5-4-2-2-6-8-2-4-2	8-2-4-4-2-2-2-1-2-2-3-2	3-4-4-2-3-3-4-2-1-2-4-2	5-7-2-2-4-4-2-4-5-3-2-4	2-4-3-5-4-2-2-2-2-2-2-2
261	5	2-5-2-5-2-5-5-2-5-2-2-2	2-8-6-2-2-2-2-4-3-4-3-6	3-5-4-2-3-4-6-7-2-4-6-6	4-4-6-3-3-3-2-3-6-5-4-1	3-0-3-3-4-6-4-4-4-2-2-3	2-4-4-4-2-2-4-2-4-5-0-5	3-5-2-2-4-5-5-2-5-5-4-4	5-6-2-6-3-2-6-4-4-2-2-2	2-2-4-4-4-2-2-6-2-3-5-6	6-2-5-2-2-2-3-6-6-2-6-2	4-2-6-2-2-6-6-2-4-2-2-4	2-4-3-4-2-2-3-2-2-2-2-2
261	6	6-8-6-5-2-7-6-6-6-7-7-7	2-7-8-2-2-2-2-7-3-8-3-7	0-6-4-4-3-4-7-4-2-4-7-5	4-7-7-7-3-3-6-3-5-7-7-2	3-0-3-8-4-5-7-5-7-2-2-3	7-4-4-4-6-2-7-2-6-6-7-4	4-2-8-0-4-6-6-2-6-5-4-14	2-5-2-5-5-2-5-4-4-7-2-2	4-2-4-4-6-2-5-5-5-7-6-5	5-2-6-7-3-7-2-5-2-2-5-5	0-4-5-8-2-5-2-2-4-4-2-4	7-6-3-7-2-2-3-2-2-7-2-2
261	7	8-6-6-9-7-6-5-7-7-6-6-6	2-6-6-7-2-6-7-6-8-6-10-6	4-7-8-8-7-9-8-9-8-7-6-7	8-8-8-8-7-7-7-3-8-6-6-7	11-6-9-10-7-5-6-8-6-10-8-9	6-10-8-4-8-2-6-8-6-5-6-7	8-6-5-2-4-6-6-8-4-6-8-6	2-13-16-8-7-7-6-7-4-6-7-2	4-2-4-4-7-7-7-9-8-6-7-5	8-10-7-6-8-7-8-6-4-2-2-2	2-4-6-6-7-2-0-2-4-7-9-2	6-6-7-10-2-2-10-2-2-6-2-2
261	8	7-6-6-5-7-6-6-8-7-2-8-6	2-6-6-8-2-2-9-4-7-6-7-6	9-8-7-9-10-4-9-9-7-8-9-9	10-8-7-9-8-11-7-11-7-8-8-9	12-0-7-12-9-8-9-9-6-8-7-7	10-16-7-4-7-10-9-7-4-6-4-10	8-8-6-0-9-8-6-7-4-11-7-4	5-8-2-9-9-10-6-11-4-8-7-2	4-2-4-9-11-7-4-7-7-6-7-11	7-4-7-7-9-8-7-6-9-2-2-11	2-2-6-6-2-13-0-2-4-7-2-4	2-8-8-4-2-2-9-2-2-2-2-8
261	9	9-9-9-9-10-9-9-9-9-9-8-9	10-11-12-8-13-12-8-10-7-6-8-10	8-8-8-8-8-11-8-8-10-8-10-8	8-9-8-8-8-7-7-8-7-9-10-8	8-0-7-8-8-11-8-8-10-9-8-7	8-7-11-2-9-8-8-9-9-9-2-9	2-8-9-0-10-9-9-10-9-12-7-9	2-8-2-10-8-8-9-7-8-9-7-2	2-2-2-8-9-7-16-7-2-6-7-8	7-2-9-10-8-8-7-9-8-2-2-8	9-4-6-6-2-2-0-2-4-7-7-4	2-8-8-15-2-2-8-2-2-2-12-13
261	10	10-11-10-10-9-13-9-10-11-9-11-11	12-9-9-8-9-11-9-9-12-6-7-9	8-10-7-8-8-9-9-8-9-8-11-8	8-9-11-8-8-8-11-8-13-11-9-0	8-0-7-8-8-9-11-10-11-7-8-7	8-7-9-10-10-8-11-9-10-10-7-9	7-11-14-0-9-9-11-9-9-2-7-11	9-8-2-9-7-8-13-7-8-8-7-2	2-4-2-8-12-7-0-7-12-10-8-16	7-7-12-11-10-8-7-11-8-2-16-8	0-8-10-14-11-9-0-2-4-7-7-8	13-8-8-7-2-2-8-2-13-2-16-9
261	11	10-10-12-12-9-10-12-16-9-13-10-10	10-9-10-8-9-10-11-12-13-6-12-12	12-12-12-8-11-14-12-11-12-8-10-12	12-12-10-12-8-12-10-8-10-10-10-12	8-12-11-8-13-9-12-12-10-12-12-7	12-12-9-11-11-13-10-13-9-10-8-8	14-10-9-13-13-13-10-12-6-8-12-10	2-5-13-9-11-12-10-13-11-11-11-13	13-13-12-8-13-2-13-13-7-11-8-8	12-7-7-14-10-8-10-10-13-13-12-8	13-2-10-6-10-16-11-13-12-7-2-4	11-12-11-11-11-2-12-11-10-11-2-9
261	12	13-10-12-13-12-12-13-10-12-13-10-12	10-13-13-8-13-12-8-11-10-13-11-11	11-11-11-8-8-11-11-11-11-8-13-11	11-11-11-11-8-11-13-8-13-10-13-11	8-11-7-8-11-13-13-12-13-11-11-7	11-11-9-12-11-11-11-12-6-12-2-12	2-8-12-11-11-12-13-11-9-9-11-12	2-8-11-12-12-11-14-9-11-6-11-11	12-11-11-11-10-13-11-11-7-3-8-5	11-7-10-11-10-8-7-10-11-11-11-8	11-13-10-9-9-15-11-15-11-7-2-11	13-11-11-11-11-2-11-13-2-11-9-13
261	13	12-13-14-12-13-12-12-12-14-12-10-14	10-12-12-8-12-12-8-11-10-12-14-11	8-11-15-8-14-11-14-11-14-8-12-14	14-11-11-14-14-14-12-8-10-10-12-14	14-11-11-8-11-12-14-14-12-14-14-13	14-14-14-13-11-11-14-11-6-10-7-14	13-10-12-11-11-11-15-14-6-13-14-14	15-7-11-13-14-11-10-11-16-11-13-11	11-11-13-13-14-12-11-11-7-12-13-5	7-13-11-11-13-8-7-9-11-11-13-8	11-12-13-9-10-8-11-11-13-13-13-4	12-13-11-13-13-2-13-11-10-14-2-9
261	14	14-14-13-14-14-14-14-14-13-14-14-13	16-15-12-13-9-15-16-15-10-14-13-15	16-13-11-13-13-11-13-15-13-8-16-13	13-11-13-13-13-13-12-8-15-14-14-13	13-11-7-8-11-14-13-13-15-13-13-13	13-13-13-14-14-11-15-14-14-14-6-13	13-10-10-14-16-14-15-13-14-14-13-15	15-14-11-13-13-11-12-11-13-14-11-11	11-11-14-13-14-15-11-13-14-13-13-15	7-13-7-11-13-11-7-10-11-11-13-8	11-12-14-9-16-13-11-15-13-13-2-14	12-13-11-13-13-2-9-14-10-13-2-9
261	15	16-15-16-16-16-16-16-16-16-16-16-16	16-14-16-8-16-16-16-16-16-16-16-16	15-15-16-15-15-11-15-16-16-14-15-15	16-15-15-16-13-13-16-13-14-15-14-11	14-11-16-15-11-14-16-16-14-15-15-13	15-13-13-15-14-16-14-16-14-14-14-16	16-15-15-14-15-15-13-16-14-16-15-14	13-14-15-14-13-16-15-14-15-15-16-15	15-11-14-14-14-14-11-11-14-16-16-16	15-15-15-14-15-12-16-16-11-14-15-8	16-12-15-9-15-15-11-12-15-16-15-15	16-13-15-15-15-2-14-14-15-15-15-16
261	16	16-16-15-15-16-15-15-16-16-15-16-16	15-15-15-8-15-15-15-15-15-16-15-15	14-15-15-15-16-16-14-16-15-16-14-15	15-16-15-15-16-16-15-16-14-16-16-11	13-11-16-16-11-16-15-15-14-16-8-15	16-16-13-15-16-11-14-16-16-16-16-13	15-16-16-16-14-16-10-15-16-16-15-15	16-16-7-15-16-15-16-13-13-16-15-16	13-16-16-16-15-16-16-11-16-15-15-15	11-16-16-16-16-8-16-15-11-16-16-16	15-16-16-6-15-11-11-16-16-15-16-16	15-16-16-15-15-16-16-11-16-16-10-15
262	0	0-0-0-0-0-0-0-0-0-0-0-0	0-0-0-0-0-0-0-0-0-0-0-0	0-0-0-0-0-0-0-0-0-0-0-0	0-0-0-0-0-0-0-0-0-0-0-0	0-0-0-0-0-0-0-0-0-0-0-0	0-0-0-0-0-0-0-0-0-0-0-0	0-0-0-0-0-0-0-0-0-0-0-0	0-0-0-0-0-0-0-0-0-0-0-0	0-0-0-0-0-0-0-0-0-0-0-0	0-0-0-0-0-0-0-0-0-0-0-0	0-0-0-0-0-0-0-0-0-0-0-0	0-0-0-0-0-0-0-0-0-0-0-0
262	1	1-1-1-1-1-1-1-1-1-1-1-1	1-0-1-1-0-0-2-0-1-0-0-0	1-1-2-1-0-0-1-2-0-0-0-0	2-2-2-0-1-1-0-1-0-0-0-1	0-1-5-0-2-0-2-1-0-1-0-1	1-1-0-0-1-1-0-1-1-0-0-1	5-0-0-1-1-1-0-0-0-1-1-1	1-1-0-1-1-1-0-1-1-1-1-2	1-0-2-5-0-1-1-2-1-1-1-0	1-1-1-2-0-1-0-0-1-1-1-1	2-1-0-0-0-1-2-1-2-1-5-1	1-0-1-1-1-1-1-1-0-0-1-0
262	2	2-2-2-2-2-2-2-2-2-2-2-2	1-0-2-3-2-0-1-3-2-2-3-3	1-1-3-3-4-3-3-3-3-2-3-3	3-2-1-5-3-3-1-6-3-0-2-1	3-1-1-3-1-2-3-3-0-0-3-3	3-2-2-2-2-2-2-2-2-2-2-1	2-2-2-1-2-2-2-2-2-2-3-4	3-2-3-2-2-1-0-2-1-2-3-1	1-1-1-2-3-3-1-1-2-2-3-0	1-2-2-1-4-3-2-3-1-1-1-3	1-2-3-0-0-2-1-1-1-2-1-1	1-2-1-1-1-2-2-1-3-1-3-0
262	3	3-3-2-3-3-3-3-3-3-3-3-3	4-3-3-2-3-3-4-4-3-4-2-3	5-4-2-2-2-4-2-4-2-4-2-2	2-4-4-2-2-2-3-2-2-3-2-1	2-3-1-2-5-2-4-2-3-3-2-2	2-2-5-3-3-2-2-2-3-3-8-2	2-0-3-1-4-3-4-2-3-4-2-2	2-2-2-4-2-1-3-5-11-3-2-3	3-8-3-3-7-1-7-4-2-2-2-4	3-7-3-1-2-2-2-4-3-4-1-2	5-3-2-0-0-3-3-3-3-4-5-3	1-3-3-1-3-3-3-3-2-4-2-2
262	4	4-4-4-4-3-4-4-4-4-4-5-4	3-4-5-2-3-4-3-5-3-3-2-5	2-3-3-2-2-3-5-6-5-6-5-5	3-3-5-3-2-2-5-2-5-5-6-2	2-1-1-2-3-6-3-5-3-7-8-2	2-1-3-3-3-2-5-5-3-4-10-4	2-0-4-1-3-4-5-5-4-4-2-2	5-2-2-5-2-1-4-3-5-4-3-3	4-3-3-3-4-4-5-3-5-5-5-3	3-3-4-6-2-4-5-3-1-3-1-5	3-4-5-4-5-4-8-3-1-5-4-5	1-3-1-1-3-3-2-4-4-5-4-4
262	5	5-5-5-5-5-5-5-4-7-5-5-5	6-4-4-2-7-6-1-7-3-3-2-4	3-5-2-2-6-3-4-7-6-3-6-4	3-3-6-2-2-7-5-2-6-7-4-1	2-7-1-12-3-4-5-7-6-7-0-2	2-1-3-3-5-2-6-4-5-5-7-7	1-2-4-1-3-5-6-4-9-5-1-2	4-2-2-4-2-1-7-3-4-4-3-3	6-3-4-3-5-1-4-3-4-4-4-6	3-3-5-4-5-5-4-6-2-1-1-4	3-4-4-5-4-4-4-3-1-4-4-4	1-3-1-1-3-5-4-4-4-4-6-6
262	6	5-4-5-6-5-6-5-6-5-6-6-6	7-4-4-2-9-6-1-8-8-8-6-7	3-6-7-2-5-10-7-7-5-4-5-6	7-4-5-7-2-3-7-2-5-5-4-7	7-4-1-9-3-4-7-5-5-6-7-2	9-1-7-3-6-2-5-6-5-6-16-7	1-10-4-1-3-5-5-5-5-5-2-7	7-2-2-7-7-1-5-3-1-8-8-6	5-0-3-6-3-7-1-7-6-7-5-8	1-3-6-4-2-8-5-6-3-1-1-4	6-6-5-0-0-7-7-3-1-6-8-3	6-8-6-1-6-6-6-6-4-4-5-5
262	7	7-8-5-7-9-7-5-7-5-8-8-6	6-4-4-2-5-6-10-8-6-3-8-6	3-7-7-8-8-6-6-6-8-9-8-8	6-5-7-6-9-9-6-6-8-8-4-6	6-5-1-8-3-4-8-5-8-14-8-2	6-2-8-8-7-2-5-6-7-7-5-7	8-7-7-1-3-7-6-5-7-10-2-8	6-7-2-6-6-1-5-3-1-7-8-3	3-3-3-7-3-6-3-6-6-6-7-6	8-3-7-4-8-6-5-9-7-1-1-8	6-6-4-0-10-6-6-3-1-6-6-3	6-3-6-1-6-6-8-6-4-4-5-5
262	8	8-9-9-7-8-5-9-8-9-7-7-9	8-4-4-9-6-8-9-7-6-6-9-9	9-9-9-7-7-9-9-9-9-7-7-7	9-9-9-7-10-8-6-10-7-7-7-9	9-8-18-7-3-4-9-9-7-7-8-8	8-9-7-7-7-8-9-4-5-7-3-9	9-7-5-8-3-8-5-9-7-10-9-7	6-9-9-9-6-8-5-8-9-6-9-3	9-3-18-9-8-6-9-9-6-6-8-6	7-9-10-8-9-6-9-6-9-10-9-7	9-6-4-0-7-8-4-8-9-10-6-3	8-6-6-9-9-9-7-6-4-8-5-5
262	9	9-10-8-9-9-9-9-9-10-8-9-8	13-12-9-8-6-10-8-8-6-6-8-8	8-8-8-7-7-11-8-10-8-7-10-8	8-8-8-8-8-8-10-8-10-10-10-8	8-8-8-11-8-10-10-8-10-7-8-8	10-8-10-7-9-8-10-9-9-9-8-8	8-9-7-8-11-9-8-10-7-13-8-6	9-10-8-8-10-10-11-11-8-9-8-3	8-9-3-8-9-6-8-8-9-11-9-11	10-8-9-12-8-7-10-10-8-3-8-10	8-6-10-11-14-9-9-10-8-3-6-13	9-3-6-8-8-8-7-4-9-8-5-9
262	10	9-9-13-10-10-13-9-13-9-11-7-9	9-9-9-10-6-9-14-12-6-8-13-11	11-11-11-7-10-11-8-11-12-9-9-10	11-11-9-11-8-8-11-8-9-9-9-10	8-11-8-7-11-9-11-8-9-10-10-10	9-9-9-10-9-8-9-9-9-9-4-8	10-10-10-9-10-10-13-11-7-8-10-10	14-9-11-9-9-11-9-9-8-10-10-11	10-11-11-8-8-6-10-10-6-11-9-9	9-11-8-11-11-10-9-9-11-11-11-9	11-10-9-11-7-11-11-11-11-8-6-3	12-3-10-8-10-8-7-10-9-11-5-9
262	11	11-11-8-11-8-9-11-9-13-11-9-9	9-9-9-11-10-9-12-10-13-6-12-10	10-10-10-12-13-12-8-10-10-9-10-10	10-10-9-12-13-12-10-8-9-9-12-10	13-10-8-9-11-9-10-12-12-8-11-12	12-10-9-11-10-12-12-11-10-11-12-12	12-12-9-13-9-12-10-10-11-9-12-12	10-12-13-12-12-10-9-9-3-9-10-10	8-10-10-12-12-12-11-11-9-9-12-9	13-12-11-10-10-12-13-9-10-10-10-12	10-12-11-10-9-10-10-10-10-11-13-8	8-12-11-8-13-8-11-10-9-10-14-12
262	12	13-13-11-10-13-13-11-18-9-15-10-13	14-9-9-11-13-9-11-10-6-8-13-13	10-13-13-11-11-11-13-13-10-13-13-13	13-13-13-11-11-11-10-8-11-9-11-10	11-14-8-5-14-12-13-11-11-12-12-11	11-12-9-12-9-14-11-11-12-9-11-10	11-11-12-11-13-11-13-10-12-12-15-11	12-11-11-11-11-13-9-9-12-10-10-14	12-14-13-13-11-11-12-13-13-12-11-9	11-11-8-13-15-11-9-16-13-14-13-11	13-11-16-10-13-14-13-13-14-13-9-12	12-13-13-12-11-8-7-13-13-13-11-11
262	13	14-13-13-13-12-10-13-15-15-14-13-13	14-14-14-11-14-14-11-15-11-14-10-14	10-12-12-11-11-12-12-12-10-14-14-12	12-12-12-13-11-11-14-8-14-14-13-8	11-12-8-11-12-14-12-12-13-12-11-11	12-12-9-11-13-11-14-13-13-13-6-13	11-14-13-11-14-11-10-14-13-13-11-13	9-11-11-11-11-12-13-9-12-9-12-12	8-12-12-12-12-9-12-12-12-14-11-16	11-11-13-12-11-12-14-17-12-12-12-11	12-11-14-10-18-10-12-12-12-12-11-9	9-12-12-8-11-8-11-12-12-12-11-13
262	14	13-13-15-13-13-9-14-16-13-13-14-13	13-13-13-11-13-13-15-13-16-13-15-13	10-15-15-18-15-15-15-12-16-15-13-15	16-15-14-16-15-16-13-8-13-13-14-10	16-12-8-15-12-13-15-15-14-7-16-15	12-15-15-12-9-12-15-14-9-9-15-15	15-13-13-15-13-14-15-15-7-17-12-14	14-11-17-15-11-12-9-17-14-13-17-12	12-12-12-15-17-6-12-15-13-13-14-15	15-14-8-15-12-14-13-7-12-12-15-11	12-14-13-10-15-12-10-12-16-14-6-14	8-14-12-14-14-9-11-12-4-10-11-9
262	15	15-15-14-15-15-15-13-15-15-16-15-13	17-17-16-11-15-13-14-16-14-13-14-13	14-14-14-14-14-14-14-12-16-14-16-14	14-14-14-14-14-14-15-8-16-15-14-10	14-10-8-14-12-16-14-16-15-15-14-14	14-14-14-15-15-12-14-15-15-9-14-14	14-13-13-14-15-15-17-17-13-15-12-14	15-16-12-16-14-12-9-9-14-15-18-12	12-12-16-14-15-14-12-16-17-13-14-14	14-14-15-14-12-16-16-17-16-12-14-16	12-14-18-16-16-15-10-12-14-16-16-14	9-14-12-14-16-15-18-13-17-15-17-12
262	16	16-16-16-16-15-15-16-15-15-15-16-16	16-15-15-11-15-16-17-15-14-13-15-17	18-16-14-14-14-14-15-16-17-17-17-16	14-17-17-14-14-14-17-8-17-17-16-10	14-12-8-14-12-15-17-15-17-14-14-10	14-14-14-12-17-12-17-15-16-16-6-15	14-13-16-14-13-16-16-15-17-15-12-14	13-15-15-15-14-12-13-9-14-15-14-12	12-12-15-15-16-14-16-15-17-13-14-14	17-14-14-14-17-15-17-16-15-12-12-15	12-14-12-15-15-15-12-17-14-15-15-14	16-18-18-14-15-8-15-16-16-12-16-16
262	17	18-18-18-18-17-18-18-18-18-18-18-18	18-15-15-11-15-16-16-18-18-18-18-18	17-17-18-16-17-14-16-12-16-16-16-17	17-16-17-18-14-14-16-8-16-16-16-17	14-12-8-14-12-15-18-14-16-17-14-17	12-17-14-17-17-12-16-14-9-16-6-17	18-13-14-17-13-17-15-15-13-14-11-17	17-15-17-15-14-12-9-14-17-9-14-12	18-12-17-17-14-6-17-15-15-13-14-9	16-14-17-16-16-11-16-15-17-12-17-11	17-14-13-15-16-17-10-16-17-14-6-14	17-17-17-17-17-6-7-12-15-17-15-16
262	18	18-18-18-18-18-18-18-18-18-17-18-18	17-15-18-17-15-15-16-17-17-18-17-17	16-17-18-14-18-14-18-18-16-18-18-18	17-18-17-17-18-18-16-18-16-18-18-17	11-12-18-18-18-18-17-18-16-18-14-8	18-18-14-17-18-17-17-18-18-18-18-17	14-18-18-17-13-18-15-15-18-14-12-16	18-15-8-17-18-12-9-14-17-18-15-12	17-18-8-18-11-18-18-16-18-6-14-16	9-18-18-18-18-6-18-17-17-18-18-18	12-18-15-16-13-17-12-16-18-18-18-18	17-18-18-17-16-18-18-18-18-18-18-18
263	0	0-0-0-0-0-0-0-0-0-0-0-0	0-0-0-0-0-0-0-0-0-0-0-0	0-0-0-0-0-0-0-0-0-0-0-0	0-0-0-0-0-0-0-0-0-0-0-0	0-0-0-0-0-0-0-0-0-0-0-0	0-0-0-0-0-0-0-0-0-0-0-0	0-0-0-0-0-0-0-0-0-0-0-0	0-0-0-0-0-0-0-0-0-0-0-0	0-0-0-0-0-0-0-0-0-0-0-0	0-0-0-0-0-0-0-0-0-0-0-0	0-0-0-0-0-0-0-0-0-0-0-0	0-0-0-0-0-0-0-0-0-0-0-0
263	1	1-1-1-1-1-1-1-1-1-1-1-1	0-0-1-0-2-1-1-0-1-1-0-0	2-1-2-1-0-0-1-1-0-0-1-0	0-1-0-0-1-1-2-0-0-0-1-1	0-1-1-0-2-0-2-2-0-1-0-0	1-2-0-1-1-0-0-1-0-0-0-1	1-1-0-1-2-1-1-0-0-1-0-0	0-1-0-1-1-4-0-1-2-1-5-2	2-2-1-2-2-1-2-2-1-1-1-0	1-1-3-0-0-1-0-0-2-2-1-0	2-0-0-0-0-1-2-2-2-1-0-1	0-0-1-1-2-2-1-2-0-1-1-0
263	2	2-2-2-2-2-2-2-2-2-2-2-2	2-2-1-2-1-1-1-0-2-2-3-3	1-3-1-3-3-3-3-3-3-2-3-3	3-1-4-3-3-3-1-5-3-0-3-2	4-1-3-3-1-2-3-1-1-1-3-3	2-1-0-2-2-4-3-3-2-0-11-3	2-2-0-1-1-2-2-3-0-2-3-2	2-2-2-2-2-1-0-3-1-2-2-1	1-1-1-1-3-0-1-3-4-2-2-2	1-2-1-3-0-3-1-2-1-1-2-2	1-2-2-0-0-2-1-1-1-2-0-2	0-2-4-1-2-1-2-1-2-3-2-2
263	3	3-3-2-3-3-3-3-3-3-3-3-3	4-3-3-2-3-2-4-3-3-4-4-4	1-2-4-2-2-5-4-2-2-4-2-2	2-4-4-2-2-2-1-2-2-0-2-1	2-1-2-2-4-3-4-4-3-3-2-2	4-5-5-3-3-2-4-2-3-3-6-3	3-3-6-3-4-3-3-4-3-3-2-5	3-2-4-4-3-1-0-2-4-3-2-3	3-1-3-3-3-5-3-2-0-3-2-5	4-3-1-2-4-2-3-3-4-10-2-3	3-3-3-0-10-3-1-4-5-4-3-3	3-3-3-3-3-3-3-3-4-2-3-3
263	4	4-4-4-4-4-4-4-4-4-4-4-4	4-6-4-2-4-5-3-5-3-3-3-3	1-4-3-3-2-3-5-3-5-5-5-5	2-3-5-2-2-2-4-2-5-6-3-2	2-1-2-0-3-5-3-3-3-6-6-2	3-3-3-3-3-2-5-4-3-4-2-4	2-5-5-3-3-4-5-5-4-7-3-3	4-2-3-3-3-1-4-3-3-4-3-3	4-1-3-3-3-7-3-2-5-5-5-4	3-3-4-4-6-3-5-4-3-1-5-3	3-13-5-4-0-3-1-3-3-3-5-3	6-3-2-3-3-4-3-4-3-3-4-5
263	5	5-5-5-5-5-5-4-5-5-5-4-5	4-4-6-2-5-3-3-4-4-3-3-3	4-3-3-3-2-3-4-5-4-4-4-5	3-3-6-2-2-3-7-2-5-6-6-1	2-2-2-7-3-4-4-5-6-6-0-0	2-3-3-3-5-2-6-6-5-6-12-4	1-3-4-3-3-5-4-4-12-4-3-3	6-2-3-3-3-6-5-3-3-4-3-3	5-1-3-3-5-3-3-3-5-5-4-5	4-2-5-5-4-6-6-5-4-3-4-6	3-3-4-4-6-4-1-3-3-3-4-3	4-6-2-3-3-5-3-3-5-5-5-5
263	6	8-7-7-7-7-5-6-7-6-7-7-7	7-4-5-7-8-7-8-8-8-3-7-7	6-7-7-7-7-7-7-7-7-7-7-6	7-7-7-7-7-8-5-7-7-8-5-7	7-7-7-7-3-4-7-7-5-7-6-7	7-8-3-8-9-8-5-8-5-5-7-8	7-7-3-8-3-6-5-6-5-6-7-5	5-7-7-7-7-7-5-5-3-6-7-7	7-1-3-8-9-7-7-7-9-6-9-4	5-7-11-7-7-7-7-7-6-8-7-5	7-4-6-5-8-11-7-5-7-8-6-3	7-5-6-8-7-8-4-6-7-6-7-13
263	7	6-6-7-7-6-8-6-6-6-7-6-6	6-9-5-6-6-8-6-6-6-8-6-6	6-6-6-6-6-6-8-6-6-6-8-6	6-6-6-6-6-6-5-6-8-6-8-6	6-6-6-6-3-8-6-6-7-6-6-6	6-6-3-6-7-6-8-6-5-7-6-7	6-6-7-6-9-7-9-8-5-6-6-3	7-8-8-8-6-6-9-6-3-9-6-6	6-6-8-3-8-6-6-6-8-6-7-4	6-6-7-6-6-6-8-9-8-6-6-4	6-8-6-5-6-6-6-8-6-6-8-8	8-3-6-6-6-6-8-6-6-8-6-13
263	8	6-6-7-8-6-8-9-8-8-8-6-6	6-9-5-6-6-7-6-6-6-7-6-6	6-8-6-6-6-6-9-7-6-9-9-9	6-9-9-6-6-6-5-6-7-6-9-6	6-6-6-9-3-7-7-8-7-6-6-6	6-6-3-6-8-6-7-6-8-5-6-6	6-6-8-6-9-9-8-7-8-8-6-13	8-8-7-7-8-6-10-6-3-9-6-6	6-1-7-3-8-6-7-6-7-9-7-8	6-6-7-7-6-8-7-8-8-6-6-8	6-7-8-4-6-12-6-8-6-6-7-7	7-3-2-6-6-6-7-8-6-7-9-8
263	9	6-6-7-6-9-8-8-6-6-9-6-6	6-8-8-6-6-7-10-6-6-7-6-6	6-10-11-6-10-6-10-11-6-10-8-10	10-10-8-11-10-10-13-6-10-10-8-6	6-6-9-11-9-7-10-10-9-9-10-11	9-10-11-9-9-6-10-8-8-5-8-10	13-6-7-6-7-8-7-10-9-6-6-3	3-12-10-10-8-6-7-11-3-8-9-3	12-1-13-10-6-6-9-8-10-8-11-10	10-10-9-5-6-5-10-8-10-9-6-9	6-4-4-5-10-6-10-8-6-10-9-9	8-8-9-6-6-3-9-8-8-7-8-7
263	10	10-13-11-10-11-6-10-10-10-9-10-11	6-12-11-6-10-6-9-9-6-7-6-6	6-9-9-6-9-3-9-10-6-9-11-9	9-9-9-9-9-9-11-6-9-9-9-6	6-6-9-9-3-11-9-9-11-10-9-9	9-9-9-10-10-6-11-10-11-10-5-10	6-10-10-6-10-10-11-9-10-8-6-12	8-9-9-9-8-10-8-9-3-11-6-6	9-1-3-9-8-6-6-6-9-8-9-9	9-9-10-6-11-5-9-10-9-3-6-10	10-7-11-6-3-8-9-8-3-9-9-9	8-10-9-9-6-10-9-8-11-11-5-10
263	11	10-6-10-6-10-6-6-6-6-13-10-10	6-7-10-9-12-12-12-9-6-10-6-10	6-11-9-6-9-12-9-12-12-9-10-11	9-12-12-9-9-12-11-6-9-12-12-11	2-11-9-9-12-10-12-9-10-10-9-9	9-12-9-10-11-12-10-12-10-10-2-11	11-8-12-11-11-11-8-9-5-13-11-8	8-4-12-12-8-11-7-9-3-12-6-11	11-12-12-9-6-6-12-11-12-7-9-4	11-12-6-10-10-6-6-8-11-11-11-10	11-7-10-12-12-13-12-11-11-11-11-9	11-8-11-11-11-11-11-8-10-7-8-7
263	12	10-8-13-13-10-10-6-13-12-13-10-13	13-10-10-13-10-11-13-13-13-13-13-13	12-11-13-9-11-11-13-11-13-11-12-12	11-11-11-9-9-11-11-6-9-11-11-12	6-11-13-9-11-10-11-11-11-13-9-9	12-11-9-12-8-11-10-11-10-5-5-13	13-8-11-12-11-10-8-12-9-13-11-12	3-9-11-11-12-11-10-9-11-11-12-11	9-11-11-9-7-12-11-11-11-7-8-6	11-11-6-13-12-8-9-10-11-11-12-12	12-7-10-12-11-8-11-11-11-12-11-9	12-10-11-11-12-11-11-12-10-7-8-7
263	13	13-13-13-13-13-13-13-13-13-13-13-13	12-10-13-12-13-12-12-12-12-13-12-12	10-13-11-12-13-13-12-13-12-13-13-13	11-13-12-13-13-13-11-13-13-13-13-12	13-11-12-13-13-13-12-13-8-13-9-6	13-13-13-13-13-6-13-13-13-13-13-12	12-13-13-13-10-13-4-11-13-11-9-8	13-13-9-13-13-12-7-9-9-11-12-13	9-13-9-13-6-13-13-6-13-6-13-6	11-13-13-12-13-13-13-8-11-13-13-13	12-13-13-13-10-11-13-8-13-13-13-13	12-13-13-11-8-13-13-8-13-13-13-7
264	0	0-0-0-0-0-0-0-0-0-0-0-0	0-0-0-0-0-0-0-0-0-0-0-0	0-0-0-0-0-0-0-0-0-0-0-0	0-0-0-0-0-0-0-0-0-0-0-0	0-0-0-0-0-0-0-0-0-0-0-0	0-0-0-0-0-0-0-0-0-0-0-0	0-0-0-0-0-0-0-0-0-0-0-0	0-0-0-0-0-0-0-0-0-0-0-0	0-0-0-0-0-0-0-0-0-0-0-0	0-0-0-0-0-0-0-0-0-0-0-0	0-0-0-0-0-0-0-0-0-0-0-0	0-0-0-0-0-0-0-0-0-0-0-0
264	1	1-1-1-2-1-1-1-1-1-2-1-1	2-2-1-0-2-2-2-2-2-1-2-2	1-3-2-2-2-2-2-0-4-2-4-2	2-1-3-2-0-0-2-1-2-2-2-0	1-0-1-3-1-1-2-1-2-2-4-0	2-2-2-2-1-1-1-2-1-1-10-2	1-1-1-1-2-1-2-2-1-1-1-1	1-1-2-1-1-2-2-2-1-1-2-2	2-1-2-1-2-3-12-1-3-3-1-2	2-1-1-2-1-2-2-1-2-1-0-1	1-2-3-0-2-2-1-2-1-2-3-1	2-2-2-1-2-2-3-4-3-1-2-1
264	2	1-1-1-1-1-1-1-1-1-1-1-1	1-1-1-2-1-1-1-1-1-1-1-1	0-1-3-1-1-1-3-3-1-1-3-1	3-3-1-3-3-3-1-3-1-1-3-4	3-1-3-2-0-2-1-3-1-1-12-3	1-3-2-1-1-4-2-1-1-1-2-1	2-1-1-1-1-2-1-1-1-1-3-4	1-3-1-3-2-1-1-1-2-1-3-1	1-0-1-1-3-1-1-3-1-1-3-1	1-1-1-1-3-1-1-1-1-1-0-1	3-1-1-0-1-1-0-1-0-1-1-2	1-1-1-1-1-1-2-1-1-1-1-1
264	3	1-1-1-1-1-1-1-1-1-1-1-3	1-1-1-1-1-1-1-4-3-4-1-3	0-4-2-2-1-4-2-5-1-4-3-1	2-4-4-2-2-2-1-2-1-1-4-0	2-3-2-2-4-3-4-2-3-3-1-2	4-2-5-4-3-2-4-1-3-3-11-3	2-3-3-3-4-3-3-3-3-1-2-2	3-2-3-4-3-1-1-4-4-3-2-0	3-0-3-3-2-1-3-4-1-1-2-1	3-3-3-1-2-4-3-1-1-1-3-1	3-1-1-0-3-3-0-3-3-4-1-3	1-3-5-3-3-3-1-1-1-1-3-1
264	4	4-4-4-4-1-4-4-4-4-4-4-4	1-5-5-1-1-1-1-5-3-5-5-5	2-3-2-3-2-3-5-3-1-3-5-4	3-3-3-2-2-2-5-2-5-4-3-2	2-6-2-4-3-5-5-3-3-1-1-2	3-3-3-3-3-2-5-3-4-4-2-4	3-3-7-6-3-4-4-5-4-4-3-4	1-2-1-5-5-1-4-3-3-4-1-1	3-0-3-3-4-1-1-3-5-2-4-5	1-5-4-5-2-3-1-1-1-1-5-2	5-3-1-4-1-1-0-1-3-5-1-3	1-3-3-5-1-1-3-1-1-5-1-1
264	5	5-5-4-5-5-5-5-5-5-5-5-4	1-6-5-2-5-5-5-4-3-4-4-4	0-5-3-2-2-4-4-3-1-3-4-5	3-6-5-2-2-2-4-2-5-4-6-2	2-6-2-5-3-4-4-5-3-5-1-2	3-5-3-3-5-2-4-6-3-5-6-4	3-3-1-0-3-5-5-4-4-5-3-5	1-2-3-4-4-1-4-3-3-5-1-1	3-0-3-3-5-1-4-6-4-5-2-11	8-4-5-4-5-8-6-9-5-1-6-2	4-12-1-5-9-6-0-6-3-4-1-3	1-4-3-4-6-1-2-1-1-4-11-1
264	6	7-7-7-7-7-7-7-7-7-7-6-8	7-5-7-8-7-7-7-6-7-7-7-7	6-7-7-6-6-7-6-6-7-8-7-6	7-6-7-7-8-8-6-8-6-6-5-6	6-3-8-6-5-6-7-7-5-6-8-7	6-8-10-8-6-8-7-8-8-4-8-8	6-8-6-8-12-7-7-7-4-6-6-7	10-8-9-7-8-7-6-7-3-7-8-6	6-5-6-3-7-6-7-7-7-7-7-12	6-7-6-7-7-7-7-6-7-6-7-6	6-5-7-7-7-7-6-10-8-9-7-3	8-8-6-8-7-8-6-7-8-8-7-6
264	7	6-6-6-6-6-6-6-6-6-6-6-6	6-6-6-6-6-6-6-6-6-6-6-6	12-6-6-6-6-6-8-6-6-6-8-8	6-8-6-6-6-6-6-6-8-8-8-0	6-0-6-6-3-8-6-6-7-6-6-6	6-6-6-6-7-6-6-6-6-7-9-6	9-6-10-6-8-6-12-6-4-7-6-6	10-9-6-8-8-6-8-6-3-6-6-1	6-10-4-3-6-6-6-6-9-6-8-8	8-7-7-6-6-6-6-6-6-1-6-11	8-1-6-6-6-6-9-6-6-6-6-3	8-6-6-6-6-1-9-6-6-6-6-6
264	8	6-6-6-6-6-6-6-6-6-6-6-6	6-9-6-6-6-6-6-6-6-6-6-9	6-6-6-6-6-6-7-6-6-6-9-7	6-7-9-6-6-6-6-6-9-9-7-6	2-0-6-9-3-7-9-8-7-6-6-6	6-6-6-6-7-6-9-6-8-8-6-6	6-6-4-6-7-6-9-7-8-6-6-10	1-6-8-7-7-6-7-6-3-8-6-1	6-0-6-3-6-6-6-6-7-6-7-7	5-7-6-6-9-5-6-6-6-0-6-7	7-8-11-6-7-6-0-6-6-7-1-3	6-6-6-6-6-6-2-6-6-6-6-6
264	9	6-6-6-6-6-6-6-6-6-6-6-6	6-8-8-6-6-6-6-8-6-6-6-8	10-10-10-6-10-10-10-11-10-8-8-10	10-10-8-6-10-10-8-11-8-8-8-10	2-10-10-8-11-7-10-10-8-6-6-10	10-10-6-6-9-6-8-10-6-8-7-10	10-7-7-10-10-9-8-10-4-6-10-11	3-7-6-10-10-10-7-10-10-11-9-1	3-0-10-10-10-6-9-10-7-6-10-7	10-9-11-10-8-5-10-8-10-0-10-7	10-5-10-4-6-9-7-9-10-10-1-3	9-10-9-9-10-1-7-9-6-9-5-8
264	10	6-6-6-6-6-6-6-6-6-6-6-6	6-11-6-6-6-6-6-11-9-6-6-8	9-9-9-6-9-9-9-6-9-10-11-9	9-9-9-6-9-9-12-2-11-11-10-9	6-9-9-8-9-10-9-9-10-10-6-9	9-9-6-10-10-6-9-9-10-10-1-9	9-11-7-9-11-10-8-9-10-10-9-8	7-10-6-9-9-9-7-9-9-10-9-1	9-7-9-9-9-6-9-9-7-6-9-7	9-9-7-9-9-6-9-6-9-1-9-7	9-5-9-8-6-9-0-9-9-9-6-3	9-9-9-9-9-1-2-1-6-9-6-11
264	11	6-6-10-6-6-6-6-6-6-6-6-6	6-8-6-12-6-6-6-12-6-6-12-12	11-11-9-12-11-12-10-9-6-10-10-11	11-9-9-11-11-9-10-9-10-10-11-9	11-9-9-11-9-10-10-12-10-11-11-11	6-9-11-10-10-8-9-11-10-10-3-12	9-10-6-9-10-9-8-11-4-7-6-9	11-11-11-11-11-11-7-6-3-9-9-1	3-0-9-3-11-1-6-10-11-6-11-7	9-11-9-9-11-11-6-8-9-0-8-7	9-3-7-4-6-9-12-8-9-11-1-11	10-11-11-9-11-1-11-1-10-10-5-10
264	12	12-12-12-12-12-6-6-12-6-6-12-12	6-8-12-11-6-6-11-11-6-12-11-11	11-12-12-11-12-11-12-12-6-12-12-12	12-12-12-12-12-12-10-12-12-12-12-9	12-9-9-12-12-12-11-11-10-12-6-6	12-12-11-6-12-12-10-12-12-12-12-11	9-12-12-12-6-12-12-12-12-12-6-11	12-12-6-12-12-0-4-11-9-9-6-12	3-12-12-12-11-12-12-6-12-6-9-6	9-12-12-12-12-12-12-6-9-12-6-12	6-5-12-4-10-9-12-12-12-12-12-12	9-12-12-9-9-12-12-12-12-12-12-12
265	0	0-0-0-0-0-0-0-0-0-0-0-0	0-0-0-0-0-0-0-0-0-0-0-0	0-0-0-0-0-0-0-0-0-0-0-0	0-0-0-0-0-0-0-0-0-0-0-0	0-0-0-0-0-0-0-0-0-0-0-0	0-0-0-0-0-0-0-0-0-0-0-0	0-0-0-0-0-0-0-0-0-0-0-0	0-0-0-0-0-0-0-0-0-0-0-0	0-0-0-0-0-0-0-0-0-0-0-0	0-0-0-0-0-0-0-0-0-0-0-0	0-0-0-0-0-0-0-0-0-0-0-0	0-0-0-0-0-0-0-0-0-0-0-0
265	1	0-1-0-0-0-0-0-0-0-0-1-1	0-0-0-1-1-0-3-1-0-0-0-0	3-0-0-0-0-0-2-0-0-0-1-1	0-3-1-0-1-2-1-1-0-0-0-3	0-0-1-0-3-0-0-0-0-0-1-1	0-1-0-0-0-0-1-0-0-0-0-2	0-0-0-1-0-0-0-0-1-0-0-0	0-0-0-1-0-3-0-0-1-1-0-0	0-1-0-1-0-0-1-1-1-0-1-0	0-0-1-1-0-0-1-1-3-1-0-0	0-1-0-0-0-1-0-0-0-1-1-1	0-0-1-1-0-0-1-0-1-1-1-0
265	2	3-3-3-2-3-2-2-3-3-3-3-3	3-3-3-3-3-3-4-3-3-3-3-2	2-3-3-3-4-3-3-4-4-3-4-2	3-2-3-3-1-1-3-1-2-3-2-1	4-0-2-3-2-2-2-2-2-3-6-1	3-2-3-2-3-3-2-4-3-2-10-1	2-2-2-2-2-2-3-3-3-5-3-2	2-2-12-1-2-7-3-3-1-1-10-3	2-3-2-2-2-4-15-1-3-3-2-3	3-10-3-4-3-2-2-3-1-2-10-2	3-3-6-5-10-3-4-2-0-2-3-2	3-0-2-2-8-3-2-10-3-4-3-4
265	3	2-2-2-2-2-2-2-2-2-2-2-2	2-2-2-4-2-2-1-2-2-2-2-4	5-2-2-2-5-2-4-4-2-2-3-4	4-1-2-2-3-4-2-6-4-2-4-1	5-0-1-4-1-3-4-4-3-2-2-3	2-2-2-2-2-6-3-2-2-2-3-4	3-2-2-1-3-2-2-2-2-3-4-3	3-3-4-3-3-1-2-4-3-2-4-2	3-2-3-3-4-2-2-4-2-2-4-2	2-3-2-2-2-4-3-2-1-2-4-4	2-2-2-0-2-2-0-2-0-4-2-3	2-3-6-3-2-2-3-2-2-2-2-2
265	4	2-2-2-2-2-2-2-2-2-2-2-2	2-2-2-3-2-2-5-5-4-5-3-3	3-5-2-2-3-9-3-5-2-6-2-3	3-5-5-5-3-3-2-3-3-2-3-1	3-4-3-3-5-3-5-3-4-2-2-3	3-6-6-2-4-3-5-2-5-4-9-6	8-4-2-4-5-4-5-5-4-2-3-7	2-3-3-5-4-5-4-6-7-2-3-2	4-9-4-5-3-2-9-3-2-4-3-2	4-3-4-2-3-3-3-2-1-5-4-3	9-5-2-0-4-4-2-4-7-7-2-4	2-4-4-5-2-2-3-2-2-2-2-2
265	5	2-5-5-5-2-2-5-2-2-2-2-2	2-9-6-3-2-2-4-6-2-4-2-6	3-4-3-3-3-4-6-7-2-7-6-6	4-4-4-4-3-3-2-3-6-6-7-3	3-0-3-3-4-7-4-3-4-2-7-3	2-5-4-2-2-3-6-6-4-5-3-5	3-5-2-13-4-2-4-6-5-2-3-4	2-3-3-4-5-5-5-4-6-6-4-2	5-4-4-4-5-2-2-4-2-4-6-2	4-3-5-7-2-3-6-4-1-4-4-3	4-4-9-2-6-5-2-4-4-6-2-6	2-4-3-4-2-2-3-2-9-2-2-2
265	6	6-2-6-6-2-6-6-2-8-6-2-6	2-7-5-3-2-2-2-8-2-4-2-5	3-6-4-3-7-4-5-8-7-4-7-5	4-8-7-7-3-4-8-3-7-5-5-1	3-0-1-3-4-5-6-6-7-2-2-3	3-4-4-2-6-3-7-5-6-6-7-4	2-5-5-0-4-6-7-5-6-6-0-4	5-3-3-5-4-2-8-4-5-5-4-2	7-4-5-4-6-4-2-3-5-6-5-2	4-3-6-5-6-3-5-7-0-2-8-3	4-4-7-2-5-2-2-0-0-5-2-5	2-4-3-9-2-2-3-2-5-2-7-7
265	7	6-5-6-8-7-8-6-2-6-7-2-6	2-6-5-3-6-2-2-6-8-9-7-8	3-7-8-3-6-5-8-5-6-5-6-7	8-5-6-8-3-4-8-3-6-5-5-1	8-0-3-10-4-5-8-6-6-7-5-3	4-4-8-2-6-3-6-7-6-7-11-8	4-9-5-1-4-6-6-6-5-6-3-4	2-3-3-4-7-2-6-4-4-5-3-2	6-4-4-7-6-7-1-8-9-9-7-7	4-3-7-5-9-15-7-6-1-4-6-3	7-4-6-6-6-8-8-4-4-4-9-4	7-9-7-8-2-2-7-8-5-7-6-6
265	8	8-7-9-9-10-8-6-11-6-9-9-7	2-6-5-3-2-7-11-9-7-7-9-7	3-9-10-10-9-11-9-10-10-10-9-9	7-10-8-9-10-10-7-12-7-10-12-3	7-6-3-9-4-5-7-6-9-10-7-3	4-5-9-9-8-2-7-7-8-7-3-8	4-8-8-4-4-8-6-6-11-10-8-4	2-8-3-7-7-1-6-4-4-8-9-2	4-4-4-4-9-7-2-7-7-10-12-7	9-3-7-7-9-7-9-10-1-4-6-3	4-7-10-0-9-7-7-4-4-4-7-4	7-4-7-7-2-2-9-7-5-7-6-9
265	9	10-6-9-8-9-8-9-13-9-8-8-6	2-5-5-3-6-7-8-8-7-7-8-8	10-8-11-8-8-4-8-8-8-8-8-8	10-4-10-10-11-11-7-11-7-5-5-9	11-1-10-8-4-5-10-10-7-8-11-10	4-11-10-8-6-12-5-5-6-8-4-11	12-8-8-4-10-9-6-10-8-15-4-4	7-9-9-10-7-9-6-9-4-11-9-2	9-4-4-10-9-7-4-10-7-7-14-7	8-10-9-6-10-7-10-6-10-0-9-9	4-4-5-6-8-9-2-4-4-9-7-9	2-7-11-10-2-2-8-2-5-9-2-8
265	10	10-10-10-10-10-10-10-10-10-10-11-10	13-13-11-9-11-8-8-11-7-10-11-11	9-10-8-8-7-12-11-8-8-11-11-8	9-11-11-9-8-8-11-9-11-12-11-9	9-0-9-9-4-12-9-9-11-8-9-9	9-9-12-8-10-9-11-10-11-8-2-10	2-12-10-0-11-10-12-9-8-13-9-7	2-9-8-11-11-9-12-9-4-10-2-2	9-2-11-9-6-7-2-9-11-6-6-11	11-9-11-10-9-11-9-6-9-2-2-9	2-11-8-12-2-13-13-13-0-11-7-9	2-9-7-11-2-2-8-2-2-11-13-10
265	11	11-15-11-11-10-11-13-11-11-11-10-12	11-14-10-3-10-11-15-10-7-12-10-12	15-11-9-8-9-12-10-12-10-12-12-13	9-10-12-9-8-9-12-9-10-10-10-1	9-0-9-14-4-10-12-11-10-8-9-9	7-9-10-8-12-9-12-10-11-11-7-9	2-10-11-0-10-10-12-12-8-11-0-11	11-9-2-10-10-11-10-9-4-12-2-2	2-11-10-9-11-7-1-10-10-11-6-12	10-3-11-12-2-10-12-12-10-2-2-3	11-10-11-12-12-2-2-13-13-10-7-9	11-7-7-10-0-2-7-2-12-10-2-13
265	12	10-12-12-11-15-11-11-11-11-12-10-11	13-11-11-12-11-12-14-13-7-11-12-15	12-13-13-8-9-13-11-13-13-11-11-12	13-13-11-14-13-12-11-14-11-13-13-13	9-13-14-11-13-10-13-13-13-12-9-9	2-12-10-2-11-9-13-10-11-11-12-13	12-10-10-12-13-12-11-13-8-9-13-12	7-9-13-12-14-12-10-12-12-13-12-2	12-12-13-9-9-7-12-9-7-12-13-11	12-12-9-12-9-7-11-11-13-12-12-9	13-7-13-11-11-15-13-13-12-12-7-12	12-14-12-12-12-2-14-12-13-12-2-11
265	13	14-15-15-10-13-14-11-15-11-11-15-11	15-10-11-12-10-15-12-14-14-11-14-12	12-12-12-15-12-12-14-12-12-13-12-14	12-12-12-13-12-14-11-12-11-12-12-12	14-12-12-11-12-13-14-14-12-15-13-14	14-12-10-13-10-12-12-12-11-11-5-12	12-10-14-5-12-12-14-14-8-10-14-9	7-14-12-12-13-12-10-12-12-12-13-14	13-12-12-14-15-13-12-12-7-12-12-11	13-14-10-12-13-11-14-15-12-12-12-9	12-4-14-10-10-12-12-12-12-14-7-12	15-13-13-12-13-14-12-12-12-14-10-11
265	14	13-14-15-15-14-11-11-11-14-15-14-15	15-11-11-14-11-12-15-13-15-11-13-15	14-15-13-13-14-12-13-14-14-13-14-13	12-14-12-13-12-13-14-12-13-12-14-12	13-12-12-11-14-14-13-13-12-14-14-13	13-12-10-14-12-15-14-12-11-11-0-13	14-12-14-12-14-14-13-13-8-8-13-12	14-13-12-12-13-15-10-13-12-12-14-15	14-14-2-10-13-14-12-14-7-12-9-12	12-13-9-14-13-12-13-11-12-14-14-9	15-2-13-15-8-14-14-12-12-13-12-12	13-12-14-12-14-13-12-15-14-13-2-0
265	15	15-15-15-15-15-15-15-15-15-14-15-15	14-14-15-14-15-15-14-13-14-15-13-14	14-14-15-13-15-15-15-15-14-15-15-13	14-15-15-15-15-15-14-15-15-15-15-14	15-12-15-15-14-15-14-15-11-15-9-9	15-15-15-15-15-14-12-15-15-15-15-13	12-15-15-15-10-15-7-14-15-9-14-15	15-15-9-15-15-14-10-12-12-12-13-14	14-15-12-15-13-15-15-11-15-13-13-11	12-15-15-15-15-7-15-13-12-15-14-15	14-15-15-14-8-12-14-13-15-15-7-15	13-4-15-12-13-15-15-14-15-15-15-2
266	0	0-0-0-0-0-0-0-0-0-0-0-0	0-0-0-0-0-0-0-0-0-0-0-0	0-0-0-0-0-0-0-0-0-0-0-0	0-0-0-0-0-0-0-0-0-0-0-0	0-0-0-0-0-0-0-0-0-0-0-0	0-0-0-0-0-0-0-0-0-0-0-0	0-0-0-0-0-0-0-0-0-0-0-0	0-0-0-0-0-0-0-0-0-0-0-0	0-0-0-0-0-0-0-0-0-0-0-0	0-0-0-0-0-0-0-0-0-0-0-0	0-0-0-0-0-0-0-0-0-0-0-0	0-0-0-0-0-0-0-0-0-0-0-0
266	1	1-1-0-1-0-0-1-1-1-1-1-1	1-0-0-2-0-1-1-0-0-0-1-2	3-2-2-0-2-1-2-2-0-0-2-0	2-2-1-1-4-2-0-3-0-0-0-3	4-1-1-2-1-0-2-2-0-3-3-3	3-2-2-4-2-2-2-3-0-0-0-0	3-0-0-1-2-0-0-2-2-0-3-0	1-1-1-1-1-1-2-4-1-1-1-1	0-3-0-2-0-1-1-1-0-1-1-2	0-1-1-2-1-2-0-0-1-1-1-0	1-1-0-0-0-1-3-0-0-1-1-1	0-1-1-1-1-0-2-1-0-2-0-0
266	2	2-2-2-2-2-2-2-2-2-2-2-2	3-3-2-1-2-3-1-3-1-2-1-1	1-1-1-1-1-1-3-3-3-4-3-3	1-1-3-1-1-1-0-1-3-2-3-2	1-2-1-1-1-2-1-1-2-2-1-1	4-1-3-2-1-1-1-1-2-2-4-2	1-2-2-2-3-2-4-1-1-2-4-6	2-1-2-3-2-2-4-2-1-2-2-2	2-1-3-1-2-4-4-3-4-2-3-3	3-2-2-1-3-1-2-2-3-2-3-4	1-4-2-2-2-2-1-2-2-3-3-2	0-4-1-2-2-4-3-2-3-1-2-4
266	3	3-3-3-3-3-2-3-2-3-2-3-2	2-4-4-4-2-2-1-2-4-2-1-3	1-1-4-4-1-1-2-2-4-3-4-2	1-1-4-4-1-1-4-1-4-4-2-1	1-2-1-1-1-2-4-3-4-1-1-1	1-1-4-1-3-1-4-1-3-3-5-2	1-2-3-1-2-2-3-4-1-0-1-4	4-3-3-2-3-3-3-1-3-2-4-3	3-1-2-1-3-2-3-2-2-3-2-2	2-3-2-4-4-5-4-6-2-3-2-3	1-3-3-6-3-3-1-2-2-2-2-2	4-2-1-1-3-0-2-3-2-0-10-3
266	4	4-3-3-4-4-2-3-4-2-4-3-3	4-3-3-5-2-2-5-4-4-3-5-4	6-5-5-5-4-4-5-6-3-3-3-4	5-5-3-4-1-5-3-1-3-4-3-14	1-14-14-3-6-2-3-4-3-4-4-5	5-4-3-1-4-4-3-4-3-3-2-4	6-2-2-14-4-4-2-3-1-2-9-3	3-2-3-2-3-4-2-1-4-2-3-3	4-6-3-5-10-2-4-4-2-3-4-3	3-2-4-3-3-4-3-3-4-6-4-2	4-2-3-3-3-4-4-9-14-4-4-4	3-2-4-6-4-2-2-4-2-4-3-3
266	5	6-6-5-5-7-7-6-6-6-6-6-7	6-7-6-6-6-6-4-6-6-6-6-6	5-4-7-7-6-6-6-7-7-6-6-6	6-6-6-6-4-4-6-7-6-6-6-4	6-4-5-6-4-5-6-5-6-6-9-4	6-4-6-5-6-6-4-7-5-5-7-4	4-5-5-4-5-5-7-6-6-7-8-6	11-5-6-5-5-4-5-6-4-6-5-13	5-4-5-4-7-7-17-4-6-7-5-6	6-6-6-6-6-6-6-9-9-4-4-6	6-6-9-9-13-6-4-6-4-6-6-6	3-6-5-4-6-6-5-7-5-8-14-6
266	6	5-5-5-5-5-5-5-5-5-5-5-5	5-5-5-9-5-5-5-5-5-5-7-5	4-5-7-8-8-5-5-5-5-5-7-5	5-5-5-5-7-7-5-7-5-5-7-4	8-4-4-7-4-6-5-7-5-5-5-7	5-4-5-5-5-8-6-5-5-5-11-5	4-5-5-4-6-5-5-5-5-5-7-5	5-6-5-6-6-5-5-7-6-5-5-5	5-4-5-4-5-5-4-7-5-5-7-5	5-5-5-5-5-7-8-3-4-4-4-7	5-5-5-3-3-5-4-5-4-5-5-5	3-6-4-4-5-5-6-5-5-5-3-5
266	7	5-5-5-5-5-5-5-5-5-5-5-5	5-5-5-5-5-5-5-5-5-5-6-5	4-8-6-6-6-12-6-5-5-9-6-6	9-8-5-5-6-6-5-6-6-7-6-4	6-4-4-6-8-7-8-6-7-5-5-6	6-9-8-9-7-6-8-5-8-7-5-7	4-7-12-4-8-7-5-5-7-5-6-10	5-6-6-8-7-5-3-6-10-5-5-5	5-4-7-8-5-5-4-6-5-7-6-7	8-5-5-6-5-6-7-7-4-4-4-6	10-7-5-3-3-7-4-5-4-7-5-7	5-7-7-4-5-5-6-5-5-5-3-5
266	8	5-5-5-5-5-5-5-5-5-5-5-5	5-5-9-6-5-5-7-9-5-7-6-9	4-7-6-6-6-7-9-10-5-10-9-9	7-7-7-5-6-6-5-6-9-9-10-4	6-4-4-6-7-10-7-6-7-5-10-6	5-8-7-5-4-6-9-9-7-8-5-7	4-8-11-4-7-11-8-9-8-5-6-7	5-6-6-7-6-5-8-8-9-5-5-5	8-4-7-7-12-5-5-7-5-7-9-9	7-5-5-10-6-8-9-7-4-4-4-6	5-7-5-3-9-5-4-5-4-9-5-9	3-7-4-4-5-5-6-5-9-5-5-5
266	9	5-5-9-5-5-5-9-5-5-5-5-5	5-5-8-6-5-5-5-8-5-5-6-8	4-9-6-6-10-7-8-7-5-7-10-8	7-8-10-10-6-7-5-6-10-8-8-4	6-4-4-12-7-8-8-10-10-5-5-6	5-7-7-5-9-6-8-8-9-9-10-7	4-7-8-4-7-9-8-8-9-9-4-7	5-6-6-8-7-5-11-7-8-8-5-5	10-4-8-7-9-7-4-6-5-9-8-10	7-5-9-8-9-9-8-5-5-4-4-6	7-7-5-3-8-5-4-5-4-8-5-8	5-7-12-4-5-5-6-5-8-5-13-5
266	10	5-5-9-5-5-5-5-5-5-5-5-9	5-8-8-6-5-5-5-12-12-12-6-11	7-10-6-6-9-8-11-8-5-8-9-10	11-8-9-11-6-7-11-6-9-8-8-4	10-4-4-11-7-8-11-9-9-10-8-6	15-7-7-5-9-5-9-10-9-10-6-11	4-5-8-4-7-9-9-12-9-9-4-7	5-6-7-7-10-5-9-7-7-5-12-5	9-4-7-7-9-10-4-1-12-11-10-12	5-5-10-8-12-17-9-3-4-4-9-6	7-7-9-3-9-11-4-5-7-7-12-7	12-12-10-11-5-5-10-5-8-5-3-9
266	11	5-12-12-12-5-9-5-5-9-12-5-10	5-5-5-5-5-5-13-9-10-5-12-10	7-11-13-12-12-13-12-13-13-13-11-12	10-12-12-10-15-13-9-14-13-12-8-4	10-4-6-16-7-8-10-9-10-14-10-6	5-8-12-12-11-5-8-10-11-12-6-10	7-11-13-4-7-11-9-8-15-15-11-7	5-11-13-7-10-4-9-7-7-11-5-5	12-4-7-7-15-10-5-10-10-10-11-10	11-5-10-10-5-10-9-14-11-4-9-6	7-7-5-3-9-10-5-5-7-5-10-7	3-7-10-10-5-5-12-5-8-5-3-12
266	12	5-11-8-11-5-9-5-12-12-11-5-13	5-8-8-6-10-5-11-10-10-10-13-11	14-12-13-11-11-7-11-11-14-11-13-11	13-13-13-13-11-14-11-15-10-11-8-4	14-4-4-11-7-8-13-13-10-11-13-13	13-14-13-11-11-17-13-13-9-11-13-13	15-11-11-4-13-12-13-13-11-5-13-7	5-11-11-13-14-12-9-12-7-5-12-5	13-4-7-13-12-10-4-13-10-10-13-10	11-13-15-12-13-10-13-5-13-4-13-15	13-7-5-15-9-15-5-5-4-13-10-15	10-10-12-14-13-5-11-5-8-13-3-9
266	13	5-13-13-13-13-13-13-12-12-14-11-14	15-16-15-12-14-14-11-14-11-13-12-14	12-12-12-11-11-14-14-11-12-11-14-14	12-14-14-12-11-12-14-12-14-15-14-4	12-4-4-11-7-15-12-12-13-11-12-12	12-12-12-11-16-12-14-15-9-13-16-12	12-15-13-4-17-13-15-15-11-15-12-7	5-15-11-12-12-12-16-15-7-13-5-5	12-4-14-12-9-14-5-12-13-9-12-14	5-12-13-13-12-14-12-3-12-4-12-14	12-7-5-17-5-5-4-13-4-14-10-12	3-7-10-12-12-5-11-13-13-12-3-16
266	14	14-14-14-14-13-14-5-14-14-13-14-14	15-15-15-5-5-15-11-13-11-15-12-13	12-12-12-11-11-13-13-11-12-16-15-13	12-15-15-10-12-12-17-12-13-15-13-4	12-4-4-11-7-13-15-14-15-11-12-12	12-12-12-11-15-12-15-13-14-15-10-12	4-13-15-4-13-12-14-13-11-13-4-10	5-13-11-13-12-12-13-12-7-16-15-5	5-4-15-13-14-13-4-13-13-14-9-13	15-13-13-15-13-13-15-14-13-4-12-13	14-7-5-3-3-5-4-16-4-13-10-7	14-15-10-12-12-13-6-13-13-15-5-13
266	15	14-13-17-5-14-13-13-17-14-13-14-14	17-14-14-6-5-14-15-14-17-14-17-14	16-16-12-11-12-16-14-16-15-13-14-16	15-16-16-16-11-16-15-12-14-13-13-4	12-16-17-11-16-13-14-16-14-11-12-12	15-16-13-11-14-12-14-13-14-14-16-16	17-13-13-15-13-15-13-13-11-11-15-15	14-13-15-13-10-15-13-15-16-16-17-5	15-4-14-15-12-10-15-15-13-15-11-13	14-16-12-14-12-13-16-14-16-15-15-12	15-7-14-12-8-12-4-15-15-12-10-12	15-10-15-15-15-15-11-15-8-15-3-13
266	16	16-17-17-17-17-17-16-17-17-17-17-17	17-14-17-17-17-17-17-17-16-17-15-17	16-15-17-17-16-17-16-17-17-14-16-17	17-16-15-17-15-15-15-16-13-14-13-16	17-4-15-11-15-16-17-16-15-16-16-16	16-15-13-16-14-12-15-13-9-14-13-15	15-13-13-15-13-16-14-16-9-17-16-16	5-13-16-16-16-17-13-17-15-15-16-17	17-4-14-15-16-16-15-16-13-16-16-13	17-15-12-16-16-10-15-14-15-15-15-17	15-7-16-3-8-16-17-14-16-16-10-12	15-16-16-15-16-5-11-16-13-16-3-13
266	17	17-17-16-16-17-16-16-16-16-16-17-17	16-14-17-16-16-16-16-16-16-17-15-16	16-17-17-16-17-17-17-16-16-17-17-16	16-17-16-16-17-17-14-17-17-17-17-4	16-4-17-17-17-17-16-17-14-17-12-12	17-17-17-16-17-12-17-17-17-17-17-15	15-17-17-17-13-17-10-16-17-16-16-16	17-13-12-16-17-16-13-12-15-17-16-17	16-17-17-17-16-17-17-16-17-16-16-13	16-17-17-17-17-10-17-16-16-17-17-17	16-5-14-13-3-15-16-13-17-17-10-17	16-17-17-16-16-17-17-16-17-17-17-13
267	0	0-0-0-0-0-0-0-0-0-0-0-0	0-0-0-0-0-0-0-0-0-0-0-0	0-0-0-0-0-0-0-0-0-0-0-0	0-0-0-0-0-0-0-0-0-0-0-0	0-0-0-0-0-0-0-0-0-0-0-0	0-0-0-0-0-0-0-0-0-0-0-0	0-0-0-0-0-0-0-0-0-0-0-0	0-0-0-0-0-0-0-0-0-0-0-0	0-0-0-0-0-0-0-0-0-0-0-0	0-0-0-0-0-0-0-0-0-0-0-0	0-0-0-0-0-0-0-0-0-0-0-0	0-0-0-0-0-0-0-0-0-0-0-0
267	1	1-1-1-1-1-1-1-1-1-1-1-1	1-0-0-1-0-1-1-0-1-1-0-0	2-2-2-1-0-0-0-2-0-0-0-0	2-2-3-1-1-1-0-1-0-0-0-1	0-2-1-0-2-0-2-1-0-1-0-0	1-1-0-1-1-1-0-1-0-0-0-1	1-0-1-1-1-1-0-0-0-1-0-1	1-1-2-1-1-1-1-0-1-1-2-1	2-2-2-1-2-1-2-0-0-1-0-0	1-1-1-2-0-2-0-0-4-1-1-0	1-1-2-0-0-1-1-1-2-1-0-1	1-0-1-1-1-1-1-1-1-1-1-0
267	2	2-2-3-2-2-2-2-2-2-2-2-3	2-2-2-2-1-2-1-4-2-2-3-3	1-3-1-3-3-3-3-3-3-2-3-3	3-3-1-3-3-3-1-3-2-0-2-1	3-1-3-3-1-2-1-3-0-2-3-3	3-3-2-2-2-3-2-2-2-2-4-6	3-2-2-1-2-1-2-2-1-2-3-4	2-2-3-2-2-1-0-2-1-2-1-1	1-1-1-2-3-0-1-1-2-2-3-2	2-8-2-1-2-3-2-0-6-1-5-2	3-2-1-0-0-2-1-1-1-2-4-2	0-2-1-1-2-2-2-0-2-2-3-0
267	3	3-3-2-3-3-3-3-3-3-3-3-3	5-3-2-2-3-2-1-4-4-5-2-2	6-2-4-2-2-6-2-2-2-6-4-2	2-4-4-2-2-2-3-2-3-3-2-1	2-3-2-2-4-2-4-4-3-3-2-2	2-2-5-5-3-2-4-4-3-3-11-3	2-3-6-3-4-3-4-3-3-6-2-11	3-2-2-4-2-3-3-4-11-3-3-3	3-1-3-3-4-5-1-4-2-2-2-0	4-3-3-1-2-2-3-3-1-5-2-2	2-6-2-0-5-3-1-3-2-4-5-3	4-4-1-1-3-1-2-3-2-2-2-0
267	4	4-4-4-4-4-4-4-4-4-4-4-4	3-6-4-2-3-4-2-5-3-3-2-5	2-3-3-2-2-3-5-5-2-3-5-2	3-3-3-3-2-2-3-2-5-5-3-1	2-1-1-2-3-6-3-3-3-3-3-2	2-3-3-3-3-2-5-3-3-4-12-4	2-2-4-1-3-4-6-5-4-5-2-5	4-2-2-3-5-1-4-3-3-4-3-3	3-1-3-3-3-3-1-3-4-5-6-5	3-3-5-6-5-3-6-4-5-3-2-4	3-2-4-0-5-5-2-4-3-5-2-3	3-3-1-1-1-1-2-4-4-2-2-2
267	5	5-6-4-5-6-5-5-5-4-5-5-4	3-6-6-2-7-5-5-6-3-3-6-4	2-5-2-2-2-3-4-4-7-3-4-6	3-3-6-3-2-2-6-2-6-4-3-1	2-1-1-6-3-4-6-5-6-3-0-2	2-3-3-3-5-3-6-6-5-5-10-3	2-2-4-1-4-7-5-6-3-5-2-4	8-2-2-6-4-1-6-3-3-5-3-7	1-1-6-3-4-3-5-3-4-7-4-4	6-3-5-4-2-4-6-5-4-3-7-2	7-3-6-9-11-4-5-3-1-4-3-3	6-3-1-1-2-5-2-5-6-2-6-6
267	6	5-5-6-4-5-5-6-4-6-5-5-5	5-5-5-7-5-5-8-7-7-3-9-7	10-8-7-7-7-3-7-7-6-3-5-7	7-3-5-8-7-7-5-8-5-4-3-1	8-1-1-7-1-4-7-7-5-8-8-7	7-8-7-3-6-8-5-5-3-3-8-3	2-5-3-1-3-5-4-5-3-3-7-7	5-7-7-7-7-6-5-8-3-6-6-7	7-1-5-3-6-7-1-7-4-7-7-6	5-3-5-6-6-6-6-5-7-7-7-7	1-3-5-5-5-7-1-7-1-7-7-3	5-6-6-1-3-6-2-5-5-6-5-5
267	7	7-7-7-7-7-5-7-7-7-7-7-8	8-9-7-6-5-5-11-6-6-3-6-6	6-7-6-6-6-6-8-8-5-8-8-6	6-6-6-6-6-6-7-6-8-7-8-1	6-1-2-6-3-8-6-6-7-7-6-6	6-6-10-10-7-6-8-7-3-7-6-7	2-10-7-1-9-7-5-6-4-9-6-6	7-6-6-8-6-1-5-3-3-5-6-7	6-1-3-3-4-7-1-6-8-5-8-7	8-6-11-8-6-13-2-5-6-6-8-6	5-3-5-5-0-6-7-6-6-6-6-7	5-6-6-1-8-6-2-5-7-6-7-5
267	8	7-8-8-8-8-8-8-7-8-8-7-8	7-9-9-6-9-8-6-9-6-3-6-9	6-8-6-6-6-3-7-7-10-7-9-9	6-6-9-6-6-6-7-6-7-9-7-1	6-1-2-9-3-7-9-8-9-6-6-6	6-6-7-3-8-6-9-7-9-8-6-7	2-9-8-1-9-8-9-7-8-5-2-6	8-6-12-7-6-1-9-3-3-5-6-8	8-1-7-2-4-8-8-6-7-6-7-8	7-6-8-7-6-7-9-5-7-8-7-8	7-6-5-13-13-2-7-8-1-6-6-8	8-6-6-1-12-8-2-5-9-9-8-9
267	9	8-8-8-8-8-5-8-9-7-7-7-8	7-7-8-6-8-10-9-8-10-7-6-8	10-10-10-10-9-11-10-9-10-10-8-10	10-10-10-6-6-10-9-6-8-8-8-13	6-10-13-8-10-7-10-10-8-9-9-10	10-10-7-9-9-11-8-10-8-8-10-10	6-8-7-10-10-8-8-10-3-7-10-11	9-7-11-10-5-10-5-10-3-9-11-11	11-11-11-10-6-6-10-10-4-9-4-6	10-10-9-10-10-6-8-5-10-11-10-6	10-3-9-5-9-13-10-10-10-10-6-9	8-6-9-10-10-9-10-9-8-8-7-8
267	10	10-10-10-10-10-10-10-10-10-10-7-10	10-11-8-6-8-9-9-8-9-3-9-9	6-9-9-9-6-9-11-9-9-9-11-9	9-9-9-9-6-9-9-6-10-11-10-9	6-9-9-6-9-10-9-9-12-9-6-9	9-9-7-10-10-6-9-9-10-10-6-10	2-12-7-9-9-10-11-9-10-10-9-6	12-7-9-9-2-9-11-9-3-10-9-9	9-9-9-9-11-10-9-9-13-10-10-6	9-9-8-9-9-12-6-10-9-9-9-6	9-10-13-10-8-12-9-9-9-9-6-9	8-6-9-9-9-10-9-9-11-9-11-13
267	11	10-10-12-10-12-13-11-13-10-13-11-13	10-10-8-11-10-13-12-12-12-11-12-13	13-11-12-13-10-9-10-9-11-12-10-11	12-9-9-11-11-11-10-6-11-10-11-12	12-9-12-11-9-10-10-11-10-9-6-11	9-11-12-11-8-9-12-11-10-8-3-11	11-8-7-9-10-11-10-10-3-11-11-3	8-11-9-11-11-9-10-7-3-11-9-9	9-9-9-11-13-7-9-9-11-8-11-7	9-11-7-9-11-12-11-10-9-9-9-12	9-3-10-10-8-11-9-9-9-11-11-9	8-6-11-9-11-8-11-9-10-8-10-10
267	12	13-12-12-13-13-13-13-13-13-13-13-13	13-13-8-13-13-12-12-11-13-13-12-13	12-11-11-11-12-13-12-12-12-11-13-12	11-12-9-12-11-11-12-9-11-12-11-9	12-13-11-12-12-10-13-12-10-12-12-12	12-11-11-12-8-13-11-11-12-10-10-11	12-12-12-13-12-12-10-12-5-12-13-13	10-11-8-11-11-13-10-10-11-12-12-12	12-12-12-11-12-12-12-9-11-9-11-7	12-12-9-10-12-11-8-12-12-12-11-11	12-11-10-12-13-11-12-10-10-9-12-9	13-11-12-12-13-9-11-13-13-8-12-10
267	13	13-13-13-12-13-13-12-13-13-12-13-13	12-12-13-12-12-12-12-11-12-13-12-12	12-13-13-11-13-12-13-12-12-13-12-13	13-13-13-13-13-13-12-13-13-13-13-9	6-12-13-13-12-13-12-13-8-13-6-6	13-13-11-13-13-9-10-13-13-13-13-13	11-13-13-13-10-13-10-12-13-13-9-12	13-13-11-13-13-12-13-9-9-12-9-12	12-13-13-13-11-13-13-8-10-12-11-8	9-13-13-13-13-7-13-12-9-13-13-13	12-13-10-13-8-9-13-13-13-13-13-13	12-13-13-1-12-13-13-12-13-13-10-13
268	0	0-0-0-0-0-0-0-0-0-0-0-0	0-0-0-0-0-0-0-0-0-0-0-0	0-0-0-0-0-0-0-0-0-0-0-0	0-0-0-0-0-0-0-0-0-0-0-0	0-0-0-0-0-0-0-0-0-0-0-0	0-0-0-0-0-0-0-0-0-0-0-0	0-0-0-0-0-0-0-0-0-0-0-0	0-0-0-0-0-0-0-0-0-0-0-0	0-0-0-0-0-0-0-0-0-0-0-0	0-0-0-0-0-0-0-0-0-0-0-0	0-0-0-0-0-0-0-0-0-0-0-0	0-0-0-0-0-0-0-0-0-0-0-0
268	1	1-1-1-1-1-0-1-1-1-1-1-1	1-1-1-1-1-1-0-0-1-0-1-0	3-2-0-2-2-2-2-0-0-1-3-1	2-0-0-2-1-2-0-2-1-1-1-0	1-0-3-2-1-1-2-2-1-0-10-1	1-0-1-1-1-4-1-1-1-1-1-1	1-1-1-0-1-0-1-0-1-1-1-0	1-1-2-1-1-0-1-2-1-1-1-0	0-0-1-1-2-1-0-2-1-1-1-1	2-1-0-1-0-2-1-1-0-0-2-1	0-1-0-0-0-1-0-0-0-1-1-1	0-1-4-1-0-1-1-0-0-2-1-1
268	2	2-2-2-2-2-2-2-2-2-2-2-2	3-2-2-1-2-3-3-3-2-3-1-3	1-3-1-1-1-3-3-4-1-3-2-1	1-3-3-1-1-1-3-1-1-2-1-0	1-0-1-1-3-1-3-3-3-2-4-3	1-4-4-3-2-1-3-1-2-2-1-2	1-2-2-2-3-2-2-2-2-2-2-4	2-1-3-3-2-2-2-1-4-2-2-2	2-5-2-2-1-3-2-3-1-1-1-1	2-8-2-2-2-1-2-2-0-2-1-1	2-8-2-0-2-2-0-2-2-3-2-2	0-2-1-2-2-2-2-2-0-2-1-2
268	3	3-3-3-3-3-3-3-3-3-3-3-3	2-3-3-1-2-2-2-2-2-2-3-2	1-2-2-1-1-2-4-3-1-2-4-4	1-2-2-1-1-1-2-1-4-3-1-0	1-0-1-3-2-4-2-2-2-3-1-2	1-2-2-2-2-1-4-3-2-3-1-2	1-1-3-2-2-3-5-2-3-4-2-3	3-1-2-2-3-2-3-2-2-2-10-5	3-2-4-2-3-2-3-4-4-3-5-2	4-2-3-4-5-2-4-3-4-2-4-2	4-2-2-3-3-3-0-2-2-2-2-2	3-2-9-4-3-2-5-3-3-8-3-9
268	4	4-4-4-4-4-5-4-4-4-3-5-5	5-5-4-1-5-4-3-5-2-2-3-5	1-4-0-2-1-6-5-4-5-5-5-3	2-5-3-1-1-2-5-1-5-5-5-0	1-0-1-5-2-3-5-4-5-2-2-1	1-2-2-0-4-1-5-1-4-4-5-2	1-1-4-3-2-4-5-5-4-3-2-7	2-3-2-3-1-0-4-2-2-4-2-0	4-2-3-2-5-2-2-3-3-5-3-5	3-1-4-3-5-5-4-4-3-0-5-1	3-2-7-4-5-3-0-5-2-2-5-2	4-2-1-3-10-2-2-6-8-3-5-5
268	5	6-5-4-4-4-4-5-5-6-5-4-4	4-4-3-6-4-7-6-4-6-4-6-6	5-6-6-6-6-6-6-6-6-4-4-6	6-6-5-6-6-6-4-5-4-4-4-6	6-9-6-6-2-3-6-6-4-6-6-6	6-6-6-5-5-1-4-7-2-4-6-6	6-1-4-5-2-7-4-4-2-5-6-5	2-7-3-6-2-7-4-6-2-5-5-3	7-2-2-2-5-5-6-5-4-4-3-4	5-6-5-4-6-4-6-4-5-6-6-4	4-2-5-3-4-5-3-4-6-5-5-2	4-5-5-5-6-6-2-5-4-6-4-5
268	6	6-6-6-6-6-6-6-6-6-8-6-6	4-4-7-5-6-5-5-5-5-7-5-5	0-5-5-5-5-5-5-5-5-8-7-5	5-5-5-5-5-5-8-5-7-7-8-5	5-0-5-5-2-7-5-5-6-5-5-5	5-5-7-5-6-0-7-6-6-6-5-7	5-6-6-5-7-6-8-6-6-6-5-6	3-8-7-7-7-7-8-6-2-6-5-0	5-6-2-2-6-7-5-2-6-4-7-7	7-6-6-7-5-2-5-4-7-5-5-7	6-3-9-6-10-7-9-4-5-5-6-2	7-5-5-5-5-5-6-7-7-5-4-6
268	7	6-6-6-7-7-7-6-8-6-7-6-7	8-6-6-8-6-7-5-7-5-8-8-6	1-5-5-5-8-8-8-6-7-8-6-8	7-8-8-5-5-5-6-5-6-8-6-5	1-0-5-8-9-6-8-5-8-7-8-5	8-7-8-5-7-1-8-5-7-7-9-6	8-8-6-7-6-6-7-8-7-7-5-4	2-5-6-6-6-7-6-6-2-8-8-10	5-8-2-7-3-6-9-8-6-4-6-8	6-2-7-8-9-4-6-4-6-0-5-6	4-2-5-8-8-7-9-4-5-7-7-2	6-7-7-7-5-2-6-6-6-9-4-7
268	8	8-7-9-8-8-7-7-10-10-6-8-10	9-6-4-8-6-8-9-9-9-9-7-6	8-9-9-9-7-7-7-9-10-6-7-7	9-9-7-5-5-7-9-9-7-7-6-8	1-8-9-7-9-6-7-9-7-8-7-7	7-8-7-8-8-10-7-5-2-2-4-9	9-7-6-8-9-8-4-7-7-9-5-8	8-6-1-6-6-8-6-1-8-9-7-9	8-7-10-2-3-0-8-7-6-4-9-7	8-2-8-7-8-4-7-4-8-8-8-9	8-2-8-7-7-10-10-8-8-8-7-8	8-7-8-8-8-8-8-9-3-3-4-6
268	9	7-9-10-9-7-7-9-7-10-9-7-6	8-6-6-10-6-7-8-8-8-8-10-10	10-8-8-10-9-10-9-8-8-7-9-9	8-8-8-9-9-9-8-8-9-7-9-8	9-8-8-7-8-9-10-10-7-9-7-9	9-9-9-9-8-0-9-9-9-9-7-8	9-7-9-8-8-8-9-7-9-10-9-9	9-9-1-9-9-8-6-1-8-8-9-8	9-7-8-2-9-9-8-7-6-7-8-7	6-9-8-7-7-9-9-10-8-8-6-8	4-2-6-7-7-9-7-8-8-9-7-9	8-7-3-8-9-8-9-8-3-3-9-3
268	10	10-10-10-10-10-10-10-10-10-10-10-10	8-6-10-9-10-8-8-9-9-10-9-9	9-10-10-9-10-9-10-10-8-10-10-10	10-10-10-10-10-10-8-10-10-10-10-8	9-0-10-10-10-10-9-9-7-10-1-5	10-10-9-10-10-10-10-10-10-10-10-10	9-10-10-10-6-10-10-10-10-9-10-10	10-10-7-10-10-7-6-1-8-8-7-10	2-10-10-10-9-10-10-10-10-1-9-8	8-10-10-10-10-10-10-9-8-10-10-10	10-10-10-10-6-8-10-10-10-10-10-9	10-10-10-8-6-10-10-0-10-10-10-10
269	0	0-0-0-0-0-0-0-0-0-0-0-0	0-0-0-0-0-0-0-0-0-0-0-0	0-0-0-0-0-0-0-0-0-0-0-0	0-0-0-0-0-0-0-0-0-0-0-0	0-0-0-0-0-0-0-0-0-0-0-0	0-0-0-0-0-0-0-0-0-0-0-0	0-0-0-0-0-0-0-0-0-0-0-0	0-0-0-0-0-0-0-0-0-0-0-0	0-0-0-0-0-0-0-0-0-0-0-0	0-0-0-0-0-0-0-0-0-0-0-0	0-0-0-0-0-0-0-0-0-0-0-0	0-0-0-0-0-0-0-0-0-0-0-0
269	1	1-1-1-1-1-1-1-1-1-1-1-1	1-1-1-1-1-1-0-1-1-0-1-0	0-1-2-1-2-2-2-0-0-1-3-1	2-0-0-2-2-2-0-2-2-0-1-0	2-0-2-2-0-1-2-1-1-0-4-2	1-0-1-1-0-4-1-2-1-1-7-0	1-1-1-0-1-1-1-0-1-1-2-0	1-1-1-1-1-1-1-2-1-1-1-0	0-0-1-1-2-1-0-2-1-2-1-1	2-1-0-1-0-2-0-1-0-0-0-1	0-1-0-0-0-0-0-0-0-1-1-1	0-1-3-1-0-1-1-0-0-0-2-1
269	2	2-2-2-2-2-2-2-2-2-2-2-2	3-2-2-1-2-2-2-2-2-2-3-3	0-1-1-1-1-4-3-3-3-3-2-3	1-3-3-1-1-4-2-1-1-2-4-0	1-2-1-1-3-2-3-3-2-2-1-1	1-3-4-3-2-0-3-1-2-2-1-2	2-2-2-2-3-2-2-2-2-2-1-4	2-1-3-3-2-2-2-1-3-2-2-2	2-0-2-2-1-4-2-1-1-2-1-2	3-2-2-2-2-1-2-2-3-2-0-1	2-2-2-0-2-2-0-2-2-3-2-2	0-2-1-2-2-2-2-0-2-2-1-2
269	3	3-3-3-3-3-3-3-3-3-3-3-3	4-3-3-1-3-2-2-4-2-2-2-2	1-3-2-2-1-2-4-2-4-2-4-2	2-2-2-1-1-2-3-1-4-3-2-0	1-0-1-1-2-4-2-2-2-2-1-2	1-2-2-2-2-1-4-3-2-3-1-3	1-1-3-7-2-3-3-4-3-3-1-2	3-3-2-2-7-2-3-2-2-3-2-0	3-0-2-2-3-3-0-5-4-3-4-3	4-2-3-3-4-2-3-3-2-3-4-7	0-3-4-4-2-2-0-2-2-2-4-2	4-2-1-2-3-3-5-3-0-2-3-4
269	4	4-4-4-4-4-4-3-4-4-4-3-4	3-5-5-1-4-2-2-3-4-2-5-2	1-2-2-2-1-2-3-4-3-3-3-4	2-5-5-1-2-2-6-1-4-3-5-0	1-0-1-6-2-3-3-4-5-5-1-0	1-2-2-2-4-1-5-5-4-4-4-3	1-1-3-3-2-4-4-3-4-3-5-2	4-5-2-2-1-5-4-5-2-3-2-5	4-0-2-2-0-2-4-5-3-4-4-9	7-1-4-4-3-5-5-4-3-5-3-5	6-3-3-3-5-3-5-5-2-2-3-2	4-5-1-2-5-4-3-5-4-5-3-3
269	5	5-6-6-6-7-4-6-6-5-9-6-6	6-4-4-6-6-6-5-5-5-6-6-6	5-6-6-6-6-6-6-6-6-6-6-5	6-5-6-6-6-6-5-6-5-5-4-7	6-6-8-7-2-3-6-6-4-6-8-6	6-8-6-6-4-11-4-4-4-4-6-7	6-5-3-6-2-5-4-5-4-5-6-4	4-4-8-6-5-4-4-6-2-5-6-4	6-6-2-2-5-5-6-6-4-5-6-7	4-6-7-6-6-6-4-6-5-5-6-4	6-2-5-9-6-7-4-4-6-5-5-2	6-4-5-6-5-8-5-5-8-4-5-5
269	6	6-5-7-5-6-7-7-7-7-6-5-7	7-7-4-5-5-7-7-6-6-7-5-5	5-5-5-5-5-5-7-6-5-7-7-6	5-5-5-5-5-5-4-5-7-7-7-5	5-5-5-5-2-7-5-5-7-5-9-5	5-7-7-5-6-5-7-5-6-6-5-6	5-7-7-5-9-6-9-6-4-6-5-7	6-9-2-5-8-7-7-5-2-8-5-0	5-5-2-2-8-6-5-7-7-5-5-7	5-6-5-5-5-5-5-7-5-5-5-7	7-11-11-6-11-10-0-7-5-5-11-2	5-11-6-5-11-6-8-10-9-10-5-7
269	7	6-6-6-6-5-6-6-6-6-6-6-6	6-6-4-5-5-6-6-6-6-6-5-5	9-6-8-5-5-5-8-8-7-6-8-6	8-8-5-5-5-8-7-5-6-6-7-5	1-8-5-5-8-6-8-8-6-7-7-5	6-6-6-7-9-7-6-9-6-6-1-8	7-6-6-8-8-7-6-8-4-5-8-6	2-6-10-7-3-9-6-5-2-7-7-9	9-8-8-8-7-7-7-8-6-7-7-6	4-8-5-9-8-5-4-6-7-9-8-6	9-6-6-6-6-9-9-7-8-7-6-2	7-8-7-5-7-6-7-9-6-7-5-6
269	8	6-11-8-6-6-6-6-6-6-6-6-6	6-9-9-5-6-6-6-6-5-6-5-9	11-8-7-5-5-7-7-7-5-10-9-9	7-7-6-7-5-7-7-5-9-6-9-5	1-7-5-5-7-8-7-7-10-5-6-5	5-5-6-7-7-7-9-8-8-8-5-8	7-9-6-7-7-7-7-7-8-8-7-9	6-6-5-7-8-7-6-8-2-6-7-7	5-7-7-7-6-7-7-7-6-9-7-10	9-7-5-6-7-9-5-6-7-7-7-8	7-6-8-6-5-7-7-7-7-7-6-8	8-7-7-5-10-5-7-7-5-7-5-6
269	9	6-6-6-6-9-6-6-6-9-5-9-5	6-8-8-9-8-6-6-6-6-6-5-8	7-9-10-9-9-10-9-7-5-6-8-8	7-7-9-10-10-10-7-5-8-6-8-9	1-7-9-9-7-8-8-10-8-9-9-5	5-6-9-9-7-10-8-7-8-6-4-9	11-8-6-9-10-9-6-8-4-8-7-8	9-6-9-9-9-7-6-9-11-7-9-7	7-7-8-9-9-9-7-7-6-8-9-4	8-9-5-7-7-8-4-6-7-7-7-9	7-6-6-5-6-9-7-7-7-9-6-9	9-4-7-9-9-6-9-7-6-9-6-6
269	10	11-10-11-11-11-11-6-11-11-11-11-11	6-8-6-11-11-11-11-10-11-11-11-11	10-10-11-11-10-11-10-10-11-8-10-10	11-10-11-9-9-9-11-5-10-6-8-5	10-11-5-9-10-10-11-9-8-10-10-10	10-9-9-10-10-9-8-9-10-10-1-9	11-8-10-11-10-10-8-10-10-10-7-8	10-10-10-9-9-11-6-10-9-10-7-11	10-11-10-9-10-10-11-9-10-11-9-11	10-10-5-11-10-8-11-11-8-10-7-10	11-6-6-10-6-11-7-10-6-10-6-9	11-6-10-11-8-6-9-11-10-8-10-6
269	11	11-11-11-11-11-11-10-11-11-10-11-11	10-8-11-10-10-10-10-10-10-11-10-10	10-11-11-10-11-11-11-10-10-11-11-11	10-11-10-11-11-11-10-11-11-6-11-5	11-10-11-11-10-11-10-11-6-11-6-5	11-11-11-9-11-5-11-11-11-11-11-9	10-11-11-11-6-11-11-10-11-10-7-10	11-11-5-8-11-10-11-9-9-10-10-10	9-11-11-11-10-11-11-9-11-10-9-10	8-11-11-11-11-11-11-10-9-11-11-11	10-6-6-10-6-10-7-10-11-10-6-11	10-6-11-10-6-11-11-10-11-11-11-6
270	0	0-0-0-0-0-0-0-0-0-0-0-0	0-0-0-0-0-0-0-0-0-0-0-0	0-0-0-0-0-0-0-0-0-0-0-0	0-0-0-0-0-0-0-0-0-0-0-0	0-0-0-0-0-0-0-0-0-0-0-0	0-0-0-0-0-0-0-0-0-0-0-0	0-0-0-0-0-0-0-0-0-0-0-0	0-0-0-0-0-0-0-0-0-0-0-0	0-0-0-0-0-0-0-0-0-0-0-0	0-0-0-0-0-0-0-0-0-0-0-0	0-0-0-0-0-0-0-0-0-0-0-0	0-0-0-0-0-0-0-0-0-0-0-0
270	1	1-1-1-1-1-1-1-1-1-1-1-1	1-0-1-1-1-1-0-0-0-1-1-1	0-1-1-2-2-0-2-0-0-2-2-2	2-0-0-2-2-2-0-2-2-0-2-0	2-0-0-2-0-1-2-2-1-1-2-2	2-2-2-1-1-2-2-1-1-1-2-0	1-1-1-0-0-1-1-2-1-1-2-1	1-1-2-1-1-0-1-1-1-1-0-0	0-0-0-0-2-1-0-2-1-1-1-1	0-1-1-2-2-1-1-1-6-0-0-1	0-1-0-0-1-0-0-0-0-1-1-1	0-1-7-0-0-0-1-0-0-0-2-1
270	2	2-2-2-2-2-2-2-2-2-2-2-2	3-2-2-1-2-2-4-3-2-3-1-2	0-3-2-1-1-5-3-0-3-5-3-3	4-3-2-1-1-4-2-1-1-2-1-0	1-0-1-1-4-1-3-1-3-0-3-1	1-1-4-0-2-1-3-3-2-2-1-2	4-2-2-2-3-2-2-1-2-2-2-3	1-1-3-3-2-2-2-1-2-2-2-0	2-5-2-2-1-2-2-3-2-2-1-2	2-3-2-1-1-1-2-2-1-2-0-1	5-2-2-0-2-2-0-2-6-3-2-2	2-2-4-2-2-2-5-2-2-0-1-2
270	3	3-3-3-3-3-3-3-3-3-3-3-3	2-3-3-1-3-3-4-2-2-2-1-2	0-2-1-1-1-2-4-3-4-2-4-4	3-2-3-4-1-1-3-1-4-3-4-0	1-0-1-1-2-4-2-1-2-3-2-2	1-3-2-0-3-1-4-4-2-3-5-4	2-2-4-2-2-3-3-4-3-3-2-2	2-1-2-2-4-2-3-4-2-3-2-0	3-2-2-2-3-2-3-2-3-2-3-4	2-2-3-3-4-2-4-3-4-2-0-2	0-2-4-3-2-3-5-2-0-2-2-2	3-2-1-4-4-4-2-5-3-4-3-4
270	4	5-4-4-4-4-4-4-5-4-4-3-4	5-5-3-1-5-4-3-3-2-5-1-5	0-4-2-2-1-4-3-6-3-2-5-5	5-5-5-1-1-2-5-1-5-5-5-0	1-0-0-5-2-3-5-4-5-0-2-1	1-4-2-0-4-1-5-3-4-4-4-3	2-2-3-3-2-4-5-3-5-4-2-2	4-1-2-3-3-0-4-3-2-3-2-0	5-2-5-2-4-2-3-3-4-4-4-3	5-1-4-5-5-5-5-4-3-2-0-1	6-2-5-8-5-3-3-5-6-2-3-2	6-2-2-4-3-3-2-4-6-3-4-5
270	5	4-5-4-4-5-5-4-4-5-3-5-5	4-4-3-1-4-4-7-2-6-4-6-4	0-6-6-7-6-2-6-6-6-2-4-4	7-6-4-6-6-6-6-6-4-4-4-0	7-0-7-6-2-3-6-6-4-7-7-6	6-7-6-5-5-6-4-5-4-4-7-7	2-2-4-2-2-5-4-6-4-5-6-2	4-7-2-6-3-6-4-6-2-11-7-0	6-2-4-6-5-5-0-6-5-6-6-3	6-7-7-4-6-4-5-3-1-6-6-1	7-2-4-7-5-6-3-4-6-5-9-2	5-5-5-5-6-5-2-4-4-4-4-4
270	6	6-6-6-6-6-6-6-6-6-6-6-6	7-4-6-1-7-6-7-7-5-4-5-4	11-5-5-5-5-2-7-7-7-7-7-7	5-5-5-5-5-5-5-5-7-7-7-0	5-0-5-5-2-7-5-5-6-5-5-5	5-5-5-6-6-5-5-6-6-6-5-5	2-6-6-6-11-6-6-7-4-8-5-2	6-5-7-7-7-2-6-5-2-8-5-0	5-6-7-5-6-5-8-5-5-5-5-2	5-5-6-6-5-2-3-4-7-5-5-8	4-2-5-5-6-5-0-4-5-2-5-6	4-5-5-5-5-5-8-7-4-6-4-6
270	7	6-7-6-7-7-7-6-7-6-7-7-6	7-8-6-5-6-6-7-6-5-4-5-8	6-7-5-5-5-6-6-6-6-8-6-6	5-5-8-5-5-5-7-5-8-8-6-0	5-0-5-5-2-6-6-6-8-5-5-5	5-5-5-7-10-5-8-5-7-7-5-5	8-6-6-2-6-7-6-6-7-6-8-8	7-5-6-6-6-5-6-5-2-7-5-8	11-2-6-5-7-5-7-5-5-5-6-3	6-5-5-10-7-1-8-5-6-5-7-6	7-7-11-9-10-7-8-4-8-2-8-6	7-5-1-5-11-5-6-6-10-8-4-4
270	8	9-9-9-9-9-9-9-9-9-9-9-9	9-7-9-9-10-11-9-9-10-9-9-9	8-9-9-8-9-9-9-8-9-9-9-8	9-8-10-9-9-9-9-8-7-8-8-9	8-10-9-7-10-6-9-9-7-8-5-9	8-9-5-9-7-10-7-9-7-7-4-10	10-8-8-9-7-8-8-8-4-6-9-7	9-8-9-9-8-10-6-8-11-10-9-8	9-10-9-9-9-8-9-10-9-8-7-9	9-9-10-9-9-6-9-11-9-9-9-11	9-2-9-9-9-10-8-9-8-11-5-6	11-5-8-9-9-9-6-8-9-9-9-8
270	9	8-8-8-8-8-8-8-8-8-8-8-8	8-10-8-8-8-8-8-8-8-8-8-8	8-8-8-8-8-8-8-8-8-8-10-8	8-8-8-8-8-8-8-1-10-10-10-8	5-8-8-5-8-9-10-8-9-9-5-8	8-8-5-8-9-8-10-8-7-9-5-8	8-10-6-8-10-9-6-10-9-6-8-2	7-5-8-8-3-8-6-5-2-9-8-0	8-8-8-8-8-9-8-8-8-6-8-8	8-8-8-11-8-10-8-8-8-8-8-1	8-11-8-7-8-8-8-8-8-8-5-6	8-5-8-8-8-8-11-8-10-8-10-11
270	10	8-8-8-8-8-8-8-8-8-8-8-8	8-9-9-8-8-8-8-11-8-8-8-8	8-10-8-8-10-8-11-8-8-8-9-10	8-8-8-10-10-8-8-1-9-9-9-8	11-8-8-7-8-9-11-8-9-10-10-10	10-8-10-8-7-8-9-10-6-7-6-8	8-9-8-8-9-8-9-9-3-11-10-10	10-10-10-10-10-8-6-5-2-8-10-11	8-8-11-2-10-10-8-8-9-10-10-5	10-8-8-7-10-9-7-8-8-8-8-1	9-2-9-0-7-8-8-10-10-10-5-10	8-10-10-8-10-5-9-8-9-8-9-4
270	11	11-11-8-8-11-8-8-11-8-8-11-11	8-9-11-10-8-8-10-10-8-11-8-10	8-11-11-8-11-10-11-11-8-11-11-11	10-11-10-10-11-11-7-11-11-11-11-8	10-8-11-11-11-11-10-11-9-11-10-5	11-11-11-11-11-11-11-11-11-11-11-11	10-11-11-11-6-11-9-11-11-11-8-11	11-11-5-8-11-8-6-5-8-8-10-11	8-11-10-11-1-11-11-9-11-8-10-4	10-11-11-11-11-10-11-8-8-11-11-11	9-9-7-7-9-8-11-11-11-8-11-11	8-11-11-8-7-11-11-7-11-11-11-9
271	0	0-0-0-0-0-0-0-0-0-0-0-0	0-0-0-0-0-0-0-0-0-0-0-0	0-0-0-0-0-0-0-0-0-0-0-0	0-0-0-0-0-0-0-0-0-0-0-0	0-0-0-0-0-0-0-0-0-0-0-0	0-0-0-0-0-0-0-0-0-0-0-0	0-0-0-0-0-0-0-0-0-0-0-0	0-0-0-0-0-0-0-0-0-0-0-0	0-0-0-0-0-0-0-0-0-0-0-0	0-0-0-0-0-0-0-0-0-0-0-0	0-0-0-0-0-0-0-0-0-0-0-0	0-0-0-0-0-0-0-0-0-0-0-0
271	1	1-1-1-0-1-1-1-1-1-1-1-0	0-0-0-0-0-0-0-0-0-0-0-0	3-1-0-0-1-2-2-0-0-1-0-1	2-0-0-2-2-2-0-4-1-0-2-0	2-0-4-3-0-1-2-2-1-0-1-0	1-1-1-0-0-1-1-1-0-1-1-2	1-1-0-0-1-1-1-0-1-1-1-2	0-1-2-1-1-0-0-1-1-0-1-0	0-0-1-1-2-1-0-2-0-3-1-1	2-1-0-0-2-2-1-1-0-0-0-1	0-1-0-0-2-0-0-0-0-1-1-1	0-1-1-1-0-0-1-0-0-0-2-1
271	2	2-2-2-2-2-2-2-2-2-2-2-2	4-2-0-1-2-2-0-2-2-4-2-2	5-3-3-3-1-5-3-3-0-5-3-2	3-3-3-3-1-1-3-1-1-2-5-0	1-0-1-1-3-2-3-3-3-2-4-3	3-4-4-9-2-0-3-1-2-2-11-2	1-2-2-0-3-2-2-3-2-2-1-3	2-1-3-3-1-2-2-3-3-0-4-0	2-5-2-2-1-4-2-3-0-2-1-3	1-3-0-3-1-1-1-2-0-0-0-1	2-5-2-0-1-2-0-2-4-1-3-2	2-3-1-3-2-2-1-2-1-1-1-1
271	3	3-3-3-3-3-3-3-3-3-3-3-3	2-5-3-1-2-3-0-4-2-2-0-4	1-3-2-2-1-2-4-4-0-2-4-3	2-2-2-2-1-2-2-1-4-5-2-0	1-0-1-1-2-4-2-2-2-3-2-2	2-2-2-2-3-1-4-3-3-3-3-3	1-2-3-0-2-3-5-2-3-3-1-4	3-1-2-2-4-0-3-2-2-3-2-0	2-3-2-2-6-2-0-2-3-1-5-4	2-2-4-4-3-4-0-3-4-0-0-3	0-2-3-0-12-4-0-0-2-4-2-2	2-2-1-2-0-0-1-3-0-0-1-1
271	4	4-5-3-4-5-4-4-4-4-4-4-4	2-5-5-1-7-4-4-5-5-2-4-5	1-4-4-2-1-2-3-3-5-2-5-5	4-2-5-4-1-2-5-1-5-3-2-0	1-0-1-5-2-3-5-4-5-2-2-1	1-2-2-6-4-1-5-5-4-4-6-3	1-5-4-0-2-3-4-5-3-4-1-3	3-1-3-5-3-0-4-2-2-4-2-0	0-2-2-2-3-2-0-2-3-4-4-3	0-1-4-3-4-3-5-4-3-0-0-1	0-2-5-9-9-3-0-2-2-3-2-2	5-2-1-2-0-4-1-6-6-0-5-8
271	5	4-4-6-4-4-4-5-3-5-4-4-4	4-4-4-5-4-4-6-6-4-2-8-6	6-6-6-6-6-2-6-6-5-2-4-6	6-6-4-6-6-6-4-9-4-3-2-6	6-0-7-6-2-3-6-6-4-6-5-6	6-6-6-2-5-5-4-5-4-4-6-5	1-4-4-0-2-4-4-6-3-3-6-6	4-6-6-6-6-6-4-4-2-5-5-0	2-2-4-7-7-6-0-6-3-6-7-11	6-1-4-5-5-5-6-4-6-0-6-6	0-2-4-4-5-0-0-6-2-4-5-2	4-5-5-5-0-9-1-0-4-5-4-1
271	6	6-6-6-6-4-6-6-6-6-7-7-6	7-7-6-5-7-7-5-7-5-5-5-7	5-5-5-5-5-2-5-6-8-7-7-5	5-5-7-5-5-5-6-5-7-6-6-5	5-0-1-5-2-7-5-5-7-6-5-5	5-5-5-4-6-5-7-6-3-6-5-6	1-9-10-0-2-3-7-5-3-6-5-5	6-5-5-5-5-6-11-6-2-4-5-0	6-3-2-5-3-11-0-5-3-5-5-7	5-2-6-5-5-5-5-4-5-7-5-5	0-2-4-4-12-4-0-5-2-1-5-6	9-5-5-2-12-9-6-4-9-5-11-6
271	7	6-6-4-6-7-8-7-6-6-6-6-8	6-6-6-7-6-6-8-6-9-2-5-6	7-8-8-8-7-10-6-8-9-8-6-8	8-7-6-5-5-8-8-5-6-5-7-12	5-8-7-7-11-6-8-9-6-7-7-7	8-7-5-7-7-9-6-9-6-4-8-7	7-6-6-12-7-9-6-8-4-6-7-5	9-6-8-6-4-8-6-6-2-7-7-11	7-11-8-5-5-7-8-9-3-2-5-6	8-12-5-7-9-5-6-4-9-11-8-5	8-1-8-8-7-9-9-8-10-1-5-2	7-5-7-5-7-0-6-8-7-9-6-6
271	8	8-8-8-8-8-9-8-11-8-8-9-8	11-9-9-7-6-9-7-7-8-10-5-9	7-7-7-7-5-2-7-7-7-9-9-7	7-7-7-7-5-7-7-5-9-9-9-7	5-7-7-5-7-8-7-8-8-7-7-5	7-7-5-10-8-5-9-8-8-8-7-8	1-9-10-8-11-8-8-7-8-9-7-8	7-6-7-6-1-7-8-6-2-8-7-7	8-7-7-7-3-7-8-7-12-11-1-6	7-8-8-11-8-5-5-6-9-7-7-8	7-9-7-7-9-0-7-7-7-1-5-6	10-5-7-5-7-11-6-7-7-7-6-6
271	9	8-9-9-6-10-8-8-8-6-9-9-9	9-8-8-10-6-8-10-12-11-8-10-8	7-9-10-10-10-10-10-7-7-11-8-10	10-7-9-11-10-10-7-5-8-8-8-12	10-7-10-11-10-8-10-10-8-7-10-9	10-10-10-9-9-10-8-11-8-3-2-8	12-8-8-9-8-7-8-10-8-8-9-9	7-10-9-10-10-7-6-11-2-7-9-7	7-7-8-10-11-9-0-10-3-11-9-6	8-10-5-8-8-10-10-4-7-7-7-8	7-8-7-4-6-7-7-9-9-10-9-9	8-5-7-9-9-6-9-4-6-7-6-6
271	10	10-12-9-10-10-11-11-11-10-11-10-11	8-11-11-9-11-10-9-11-12-11-9-8	7-9-9-9-9-9-9-7-7-9-11-9	9-7-11-9-9-9-11-5-11-10-10-7	9-7-9-9-7-11-9-9-11-9-9-9	9-9-9-10-10-9-11-10-11-10-4-10	1-11-8-0-12-10-11-9-8-10-9-9	10-9-7-9-9-7-12-9-9-10-9-7	10-8-2-9-3-11-12-9-3-8-9-10	7-9-12-6-5-9-9-9-9-8-7-8	7-8-8-4-11-7-7-7-7-9-10-9	8-9-7-9-7-8-9-7-11-10-6-11
271	11	10-11-11-10-12-10-12-10-10-10-11-12	8-10-10-7-10-11-12-12-10-10-12-12	11-11-12-9-9-9-10-7-9-9-10-11	12-7-10-9-9-9-10-5-10-8-9-11	9-12-11-9-7-10-12-9-10-11-11-9	9-11-9-11-6-11-10-9-8-3-2-11	12-10-8-11-8-11-10-8-2-8-11-11	7-6-7-11-11-7-6-9-11-7-7-7	12-7-11-11-11-6-11-8-3-9-11-5	11-11-11-8-11-11-11-4-11-7-11-11	7-1-11-4-10-12-7-7-11-11-11-11	11-11-11-11-11-8-11-7-6-11-6-10
271	12	12-12-12-12-12-12-11-12-12-12-12-12	11-10-12-9-12-11-11-11-10-12-11-11	11-12-12-9-12-12-12-12-11-12-12-12	11-12-12-12-12-12-10-5-12-12-12-7	12-7-11-12-12-12-11-12-10-12-1-5	12-12-12-12-12-12-12-12-12-12-12-11	11-12-12-12-10-12-12-11-12-12-12-12	12-12-10-12-12-7-12-9-11-11-11-7	11-12-12-12-9-12-12-9-12-12-11-6	11-12-12-12-12-9-12-9-12-12-12-12	7-12-12-7-6-11-12-8-12-12-12-12	12-12-12-11-12-12-12-7-12-12-6-10
272	0	0-0-0-0-0-0-0-0-0-0-0-0	0-0-0-0-0-0-0-0-0-0-0-0	0-0-0-0-0-0-0-0-0-0-0-0	0-0-0-0-0-0-0-0-0-0-0-0	0-0-0-0-0-0-0-0-0-0-0-0	0-0-0-0-0-0-0-0-0-0-0-0	0-0-0-0-0-0-0-0-0-0-0-0	0-0-0-0-0-0-0-0-0-0-0-0	0-0-0-0-0-0-0-0-0-0-0-0	0-0-0-0-0-0-0-0-0-0-0-0	0-0-0-0-0-0-0-0-0-0-0-0	0-0-0-0-0-0-0-0-0-0-0-0
272	1	1-1-2-1-2-2-1-1-1-2-1-1	2-2-2-2-2-2-1-2-2-2-2-2	1-2-2-1-2-1-2-1-2-2-2-2	2-1-1-2-1-2-0-1-0-2-2-1	1-1-2-1-2-0-2-2-0-1-1-1	2-2-0-1-2-2-3-2-3-0-9-1	2-2-0-1-2-1-0-1-0-2-9-0	2-2-2-2-1-2-2-0-1-1-1-2	2-1-2-1-1-1-1-1-1-1-1-1	2-2-1-2-3-2-2-2-1-1-2-2	5-2-2-2-2-5-1-9-2-1-2-0	1-1-2-1-2-1-1-7-1-1-1-2
272	2	1-1-1-1-1-1-1-1-1-1-1-1	1-1-1-1-1-1-1-1-1-1-1-1	4-1-1-1-1-2-1-1-1-1-1-1	3-1-1-1-1-3-2-1-1-1-1-8	1-1-9-0-1-1-3-1-0-1-2-1	1-1-1-1-1-1-3-1-0-0-0-3	1-1-1-8-3-2-0-1-1-1-1-0	1-1-1-3-2-3-1-0-2-2-1-1	1-4-1-2-1-2-7-2-2-2-2-0	1-1-2-1-1-1-1-1-4-4-1-1	1-1-1-1-1-2-5-1-6-2-1-2	1-1-1-2-1-1-2-1-1-1-2-1
272	3	1-3-4-4-3-1-1-1-3-1-5-4	1-4-1-5-4-1-1-1-4-1-5-4	6-4-4-4-4-4-4-4-5-4-3-3	4-2-4-4-4-4-3-4-4-4-4-7	4-1-5-5-4-3-4-4-1-3-5-4	3-1-3-3-3-6-4-4-1-3-10-2	6-3-1-1-8-3-3-8-3-4-4-6	1-4-1-4-3-6-1-4-3-2-4-1	2-2-1-3-10-4-2-2-4-5-4-6	1-3-5-6-6-4-5-1-2-2-6-4	1-3-1-1-4-4-2-1-2-3-3-3	1-3-6-2-1-3-9-1-4-3-4-1
272	4	5-4-3-3-4-5-5-3-3-1-4-3	1-3-1-1-3-3-2-7-3-6-3-4	2-3-3-3-3-7-3-3-3-7-4-3	6-5-5-3-3-3-5-3-3-4-7-3	3-1-3-3-5-5-5-5-4-4-3-3	5-5-6-11-4-1-5-3-4-4-11-4	3-3-11-4-5-4-5-4-4-3-3-11	11-3-4-5-3-4-0-5-4-7-4-1	4-2-4-4-4-6-4-5-3-3-3-5	3-10-4-5-3-5-5-3-2-2-5-3	4-4-3-1-4-4-2-4-4-5-4-4	1-4-3-5-4-4-4-1-3-4-3-1
272	5	4-5-3-5-5-4-5-5-5-5-3-3	6-6-6-3-6-7-3-4-3-4-3-6	2-4-3-3-3-3-6-5-3-4-6-6	4-4-6-3-3-3-4-3-3-5-4-3	3-1-3-3-4-6-4-4-4-4-3-3	4-4-4-4-5-1-4-5-5-5-4-5	3-3-7-2-4-4-4-4-5-10-3-4	10-3-4-4-3-1-5-4-4-5-4-1	4-6-4-4-5-5-2-4-6-3-3-4	6-4-3-11-3-4-6-10-2-1-4-4	1-7-7-10-1-6-2-1-4-4-4-4	1-4-3-4-1-10-3-1-3-7-5-1
272	6	6-6-7-6-6-10-5-5-3-6-7-6	5-5-5-1-3-5-3-8-3-4-3-4	3-6-3-3-3-4-5-9-3-4-7-5	4-4-7-3-3-4-7-3-7-5-4-1	3-1-2-3-4-5-7-6-7-4-3-3	2-4-4-4-7-3-7-4-6-6-6-3	3-3-5-2-4-6-7-7-6-6-3-4	6-5-5-5-3-3-7-4-4-6-2-1	4-5-4-4-8-4-2-4-5-7-3-5	5-4-12-7-3-5-5-9-5-2-3-5	2-3-6-12-1-5-2-1-2-4-7-4	1-4-3-4-1-1-3-1-11-5-7-3
272	7	6-6-8-8-6-8-7-8-6-5-6-8	1-5-6-8-3-5-8-12-8-4-8-8	2-7-9-11-8-4-8-8-9-4-6-8	8-4-6-8-8-9-6-8-6-5-4-3	9-1-2-8-4-5-8-8-6-7-7-8	4-4-10-4-7-10-6-10-5-6-4-9	3-3-5-2-4-4-6-6-6-12-8-8	1-9-4-8-8-9-6-10-4-7-7-1	4-2-6-4-7-4-2-8-7-6-10-10	3-4-4-6-8-10-6-6-3-2-10-8	2-4-6-6-6-6-2-1-4-4-10-4	1-7-3-4-4-4-3-1-6-5-6-3
272	8	8-8-7-8-8-10-8-7-10-8-8-8	8-10-10-7-9-9-7-7-7-4-7-9	7-7-7-7-7-7-9-7-9-10-9-7	7-9-9-7-7-7-6-7-9-8-9-2	7-1-2-7-4-10-7-7-8-7-7-7	3-4-9-8-11-7-7-10-4-8-8-8	4-3-8-2-9-8-10-10-6-6-7-7	5-7-1-9-7-12-11-9-4-8-8-1	4-2-9-4-6-7-2-2-5-7-7-11	1-4-8-11-7-7-8-10-3-2-4-7	1-4-1-11-1-6-9-1-4-4-9-4	1-7-3-4-9-8-3-1-3-8-9-1
272	9	9-10-9-9-10-8-9-9-10-9-9-8	9-10-10-7-10-11-7-10-7-9-7-8	12-9-7-10-7-10-8-10-10-10-10-10	7-8-8-7-7-7-10-7-10-10-8-1	7-1-2-10-4-8-10-9-10-7-7-7	2-4-8-8-9-7-10-9-9-9-1-7	4-9-9-1-8-9-10-10-6-6-1-7	1-7-1-8-7-9-8-9-4-9-1-1	1-2-8-4-9-7-2-2-8-6-7-7	1-4-9-3-7-8-3-8-8-2-11-7	1-4-10-7-1-9-8-1-2-4-8-4	1-7-3-4-8-8-3-1-10-7-9-11
272	10	8-9-9-9-9-8-9-9-8-10-12-9	11-9-8-10-9-9-11-9-12-8-7-9	11-10-7-11-10-11-11-11-9-8-9-9	11-11-11-7-7-11-12-7-9-9-9-10	7-12-10-9-10-8-11-7-9-10-7-7	3-11-7-4-10-12-9-10-8-9-3-11	4-3-8-10-10-10-9-11-6-3-11-7	5-7-11-8-7-11-8-7-4-10-11-11	4-11-11-4-3-3-10-10-5-10-7-7	10-4-10-10-7-7-6-8-11-10-10-7	10-4-9-5-1-12-10-1-11-7-7-4	10-7-10-10-10-5-10-12-9-7-6-1
272	11	12-11-12-12-9-8-12-12-12-12-8-9	10-9-8-12-10-9-10-12-12-11-12-12	10-11-12-10-11-10-9-10-12-8-10-11	10-10-10-7-11-10-10-7-9-9-11-10	3-10-12-7-10-11-10-11-10-11-7-7	11-10-7-11-10-7-10-11-9-9-4-10	12-9-8-10-10-11-11-10-5-6-11-4	4-11-10-11-11-12-8-12-4-10-10-10	4-10-10-11-12-11-10-10-8-10-11-8	11-4-8-5-10-12-11-6-10-10-10-11	11-4-9-8-12-11-10-10-10-11-11-4	11-11-10-10-11-8-11-1-9-11-6-9
272	12	12-12-12-11-12-12-11-12-12-12-12-12	10-9-12-11-12-11-11-11-11-12-11-11	9-12-12-12-12-12-12-12-11-12-12-12	11-12-12-12-12-12-10-12-12-12-12-10	11-10-12-12-12-12-11-12-9-12-7-10	12-12-12-12-12-10-12-12-12-12-12-12	11-12-12-12-8-12-12-10-12-12-10-12	12-12-11-12-12-11-8-11-4-12-10-12	4-12-10-12-11-12-12-10-12-11-11-6	10-12-12-12-12-11-12-8-10-12-12-12	11-11-1-6-11-10-10-12-12-12-12-12	12-11-12-10-1-12-12-10-12-12-12-1
273	0	0-0-0-0-0-0-0-0-0-0-0-0	0-0-0-0-0-0-0-0-0-0-0-0	0-0-0-0-0-0-0-0-0-0-0-0	0-0-0-0-0-0-0-0-0-0-0-0	0-0-0-0-0-0-0-0-0-0-0-0	0-0-0-0-0-0-0-0-0-0-0-0	0-0-0-0-0-0-0-0-0-0-0-0	0-0-0-0-0-0-0-0-0-0-0-0	0-0-0-0-0-0-0-0-0-0-0-0	0-0-0-0-0-0-0-0-0-0-0-0	0-0-0-0-0-0-0-0-0-0-0-0	0-0-0-0-0-0-0-0-0-0-0-0
273	1	2-1-1-1-2-1-1-1-1-1-1-1	1-0-0-1-1-1-1-2-2-1-2-2	1-1-2-2-2-1-2-2-2-2-2-1	2-2-1-2-2-2-0-2-2-2-2-1	1-2-1-4-1-0-2-1-2-6-1-2	2-1-2-2-2-1-2-1-0-0-0-2	1-2-0-1-0-1-0-2-0-2-1-1	1-1-2-2-1-1-3-2-2-1-2-3	7-1-2-2-1-1-7-1-3-1-1-0	1-2-2-2-1-2-2-2-1-1-1-0	5-0-2-1-5-5-0-1-8-1-1-1	6-1-1-1-1-0-1-1-0-1-1-2
273	2	1-1-1-1-2-1-1-1-1-1-1-1	1-0-0-1-1-1-3-1-1-1-1-1	3-1-1-1-1-3-1-3-1-1-1-2	3-3-3-1-2-1-0-1-1-1-1-9	1-1-10-0-3-0-3-2-1-2-1-1	1-3-1-1-1-1-1-2-0-0-0-2	1-1-0-2-3-3-0-1-0-1-1-0	2-1-1-2-1-3-0-1-1-2-1-1	3-6-3-1-6-2-8-1-2-2-2-0	2-1-1-1-1-2-1-1-2-3-1-0	1-2-1-1-0-2-2-1-9-2-2-2	2-2-2-2-2-1-2-2-0-1-2-1
273	3	3-3-3-3-1-3-4-1-3-1-3-1	1-0-1-3-1-1-2-3-1-3-4-4	2-4-4-4-4-4-4-4-1-3-4-4	4-2-2-4-3-4-2-6-4-1-3-2	4-1-2-5-2-3-4-3-2-3-15-5	4-2-4-3-1-3-4-3-3-0-14-3	3-3-3-2-2-2-5-4-0-1-4-3	3-3-4-3-3-2-1-3-3-2-4-1	2-2-2-3-4-3-2-5-1-4-4-1	3-3-1-6-4-4-5-1-3-2-4-4	4-3-4-1-0-3-2-3-6-3-3-3	2-3-6-4-3-4-3-1-0-3-4-3
273	4	4-4-3-4-4-4-3-4-4-4-4-4	1-4-0-3-4-1-2-4-4-5-3-3	2-3-5-3-3-5-5-3-1-5-5-3	3-5-5-3-3-3-6-3-4-4-3-1	3-1-3-3-5-4-5-5-4-4-6-3	3-5-6-12-4-3-5-5-4-4-12-4	3-4-7-4-5-2-5-4-4-4-3-8	10-3-3-5-3-2-5-5-8-2-6-8	4-1-5-4-3-6-2-5-1-4-3-9	3-3-1-5-3-3-3-4-3-2-3-3	3-8-3-1-9-4-2-4-3-3-5-4	2-5-3-3-3-3-3-4-0-3-3-3
273	5	5-5-5-5-5-5-5-5-5-5-5-5	6-8-6-3-4-6-2-6-4-4-3-4	3-5-4-3-3-4-6-7-6-4-6-6	4-4-4-4-3-3-4-3-4-5-4-2	3-1-3-3-4-6-4-4-4-3-4-3	3-4-4-8-4-3-4-4-5-7-3-5	3-5-6-4-4-5-4-6-5-6-3-4	5-3-6-6-3-2-6-4-4-5-4-4	5-1-4-4-5-4-1-6-6-5-3-6	6-4-5-5-1-4-3-6-3-4-6-3	1-4-6-1-1-6-8-7-4-4-4-7	1-4-3-3-1-7-3-8-7-1-15-5
273	6	6-6-6-5-6-8-6-6-6-7-7-7	7-7-8-3-4-7-1-7-6-7-3-7	3-6-4-4-3-4-7-6-5-4-7-5	4-7-7-7-3-3-6-3-6-7-7-1	3-1-7-6-4-5-7-6-7-1-4-1	3-4-4-4-6-3-7-5-6-7-7-4	3-5-5-2-4-6-6-5-6-5-3-13	5-3-5-5-3-5-8-4-4-6-4-4	4-2-4-4-2-4-1-5-5-7-6-5	5-3-6-7-3-3-3-5-5-4-5-3	1-6-5-12-1-5-5-1-3-4-5-4	13-3-3-3-3-10-3-7-0-7-6-8
273	7	8-6-6-9-8-6-5-6-7-6-6-6	6-6-6-3-10-6-9-6-8-6-8-6	4-7-8-8-7-9-8-5-8-7-6-7	8-8-8-8-7-9-9-3-8-6-6-3	10-4-9-10-7-5-6-8-6-8-8-9	10-9-8-3-8-3-6-8-6-5-6-7	3-6-5-2-4-6-6-8-6-6-7-4	5-7-7-7-12-7-15-7-4-6-7-7	1-2-4-7-7-8-7-7-8-6-7-7	8-7-7-6-7-7-8-6-3-10-6-7	1-4-7-6-7-6-5-5-5-7-8-5	2-3-7-10-1-7-3-6-5-6-5-7
273	8	8-8-6-7-7-6-5-8-7-6-6-7	7-6-6-10-7-5-9-7-7-6-7-6	9-8-7-9-9-4-9-9-7-8-9-9	7-7-7-7-10-8-7-10-7-9-8-8	10-1-7-9-9-8-9-9-8-8-7-7	10-15-7-4-10-9-9-7-6-10-4-4	3-9-6-2-9-8-6-7-10-10-7-4	5-8-9-9-8-9-6-7-4-8-7-4	4-2-9-9-6-7-2-7-7-6-10-8	7-9-9-7-8-8-7-6-8-2-1-10	1-4-6-6-5-9-5-4-1-7-7-4	1-8-8-2-3-8-10-5-0-9-6-10
273	9	9-10-9-7-7-6-9-9-9-9-9-9	10-10-10-8-7-7-8-10-7-6-8-10	8-8-8-8-8-7-8-8-8-8-10-8	8-9-8-8-8-7-7-8-8-10-8-2	9-1-7-8-8-10-8-8-10-9-10-7	3-7-10-8-9-8-10-9-9-10-4-9	3-8-9-2-8-9-8-10-9-13-1-8	9-8-8-8-8-8-12-7-4-8-7-9	4-2-8-8-6-4-1-7-7-6-7-10	7-8-15-10-8-8-7-10-8-10-1-8	1-3-6-10-14-8-7-14-2-8-7-4	10-8-3-2-14-9-8-11-9-8-12-13
273	10	6-9-9-10-10-12-6-9-10-6-10-11	9-9-9-8-7-7-11-9-7-6-11-9	10-11-11-8-10-10-11-10-10-8-9-10	11-10-7-8-8-11-9-8-7-9-8-12	8-13-2-10-12-9-9-7-9-10-9-7	8-7-9-10-9-15-9-9-9-9-3-9	10-8-8-2-10-9-4-11-8-9-12-9	11-5-12-8-8-11-9-8-4-10-10-12	10-12-8-8-3-10-10-12-7-10-8-8	12-3-7-10-6-8-7-9-8-12-12-8	12-10-13-6-1-12-12-10-12-7-7-4	9-8-10-7-10-9-8-10-10-10-9-8
273	11	13-12-11-13-12-15-12-12-13-13-12-15	13-12-12-8-12-12-12-12-12-12-12-12	10-10-13-12-12-12-12-10-13-12-12-12	12-10-12-12-8-10-12-8-12-14-12-10	12-10-9-13-10-11-12-11-11-12-12-7	11-14-12-11-12-8-12-12-12-11-7-11	10-12-11-11-10-11-12-12-12-12-10-11	11-8-12-11-11-12-9-12-4-12-10-10	11-10-11-11-15-12-15-10-12-15-8-12	12-15-11-14-12-15-12-14-8-10-10-8	10-12-13-6-13-12-10-11-10-15-12-13	12-15-11-11-11-12-14-12-9-11-13-12
273	12	11-11-11-11-11-11-11-11-11-11-11-11	11-11-11-13-11-11-11-11-11-11-11-11	10-12-14-11-13-11-13-10-11-11-11-11	13-10-11-11-13-13-11-13-11-11-11-10	11-10-13-11-10-11-13-13-11-11-11-12	11-13-11-14-11-10-11-11-11-9-4-13	12-11-11-2-11-12-6-11-11-11-13-4	11-12-11-12-13-11-9-11-4-10-10-10	10-10-11-13-15-11-11-13-11-11-12-11	11-13-12-11-13-8-13-11-13-10-10-8	10-11-11-6-11-11-10-11-10-7-11-12	11-8-10-2-12-11-11-11-9-10-9-11
273	13	11-11-11-11-11-11-11-11-11-11-11-11	11-14-11-12-11-11-11-13-11-11-11-11	12-13-11-11-12-11-12-12-11-11-14-12	12-10-12-11-12-12-11-12-14-11-13-10	12-10-12-11-10-14-12-12-14-13-11-12	12-12-12-11-13-8-14-13-13-9-10-12	12-11-11-2-9-11-14-12-11-9-12-6	11-12-11-12-12-11-14-7-12-13-10-10	10-10-12-12-13-11-2-12-11-11-12-11	12-12-14-11-12-11-14-11-12-10-12-8	10-11-11-9-15-13-10-11-10-8-11-12	6-12-12-2-14-11-11-11-9-11-11-11
273	14	11-11-11-11-15-11-11-11-11-15-11-15	15-13-11-15-11-11-15-14-11-11-15-15	10-14-15-11-12-15-14-11-11-11-13-14	15-10-15-11-12-12-11-8-13-11-13-10	11-10-14-11-10-13-15-12-13-15-11-14	11-11-11-11-11-8-13-15-11-11-3-14	15-11-11-14-14-14-13-14-11-15-10-11	11-12-11-12-12-14-13-7-14-15-15-10	11-10-15-12-11-11-14-11-11-11-12-11	15-15-14-11-12-8-13-11-14-10-10-8	10-11-11-6-14-15-10-9-14-14-11-14	15-15-14-15-14-11-11-11-9-14-9-11
273	15	15-15-15-11-15-11-11-15-15-14-15-11	11-13-15-14-11-11-14-12-14-15-14-14	13-14-15-11-15-14-15-15-14-15-15-15	14-15-14-15-15-15-11-15-15-15-15-10	11-10-15-15-15-15-14-15-13-15-3-12	15-15-15-11-15-10-15-15-15-15-15-15	14-15-15-15-14-15-15-14-15-11-11-14	15-15-12-15-15-10-15-11-12-14-14-10	11-15-14-15-11-11-11-11-15-11-12-11	14-15-15-15-15-11-15-11-14-15-10-15	13-11-13-6-13-14-11-11-15-11-11-15	11-11-15-14-14-15-15-11-15-15-15-11
274	0	0-0-0-0-0-0-0-0-0-0-0-0	0-0-0-0-0-0-0-0-0-0-0-0	0-0-0-0-0-0-0-0-0-0-0-0	0-0-0-0-0-0-0-0-0-0-0-0	0-0-0-0-0-0-0-0-0-0-0-0	0-0-0-0-0-0-0-0-0-0-0-0	0-0-0-0-0-0-0-0-0-0-0-0	0-0-0-0-0-0-0-0-0-0-0-0	0-0-0-0-0-0-0-0-0-0-0-0	0-0-0-0-0-0-0-0-0-0-0-0	0-0-0-0-0-0-0-0-0-0-0-0	0-0-0-0-0-0-0-0-0-0-0-0
274	1	1-1-1-1-1-1-1-1-1-1-1-1	1-1-1-1-0-1-0-1-1-1-1-1	3-2-0-2-2-2-2-0-0-1-2-2	2-0-0-2-2-2-0-4-2-0-2-0	2-0-2-2-0-1-2-2-1-1-0-1	2-0-1-0-0-2-1-1-1-1-8-0	1-1-1-0-1-1-1-2-1-1-1-1	1-1-1-1-1-1-1-2-1-1-1-0	1-0-1-0-2-1-0-1-1-1-1-1	1-1-1-1-2-1-1-1-1-0-0-1	0-1-2-0-1-1-0-1-0-1-1-1	0-1-1-1-0-1-1-0-1-1-0-1
274	2	2-2-1-2-2-2-2-2-2-2-2-2	3-2-2-1-2-2-4-5-2-3-1-3	1-1-3-1-1-5-3-3-0-5-1-1	3-3-3-1-1-1-0-1-1-2-1-1	1-0-1-1-4-1-3-1-3-2-4-1	1-3-4-0-2-1-3-3-2-2-2-2	2-2-2-3-3-2-2-3-2-2-2-6	2-1-2-3-2-2-2-3-2-1-2-0	2-2-2-2-1-2-2-3-2-2-1-2	2-1-2-2-1-1-2-2-3-2-2-1	2-2-3-0-2-2-2-2-3-4-3-2	2-2-1-2-2-2-5-2-2-1-0-2
274	3	3-3-3-3-3-3-3-3-3-3-3-3	2-5-3-1-2-3-4-4-2-2-1-2	1-3-2-1-1-2-4-4-4-2-4-4	2-2-4-1-1-1-5-1-1-3-2-0	1-0-0-1-2-4-2-2-2-1-2-1	1-2-2-3-2-1-2-2-2-3-9-3	4-2-3-2-2-3-2-4-3-2-2-2	3-1-2-2-2-4-2-2-2-3-2-0	3-2-2-5-3-2-3-2-4-2-1-3	2-1-3-3-4-1-4-3-4-2-3-1	4-2-4-0-4-5-5-2-2-2-2-2	4-2-1-3-3-4-2-4-3-4-8-3
274	4	4-4-4-4-4-4-3-4-4-4-4-4	4-5-5-1-4-5-2-3-4-2-4-5	1-4-5-1-1-2-3-3-6-2-5-3	4-2-5-4-1-1-4-1-5-5-4-0	1-0-0-5-2-3-5-4-5-4-2-1	1-2-2-8-4-1-5-5-4-4-4-3	3-2-4-2-2-4-5-5-3-2-0-3	3-1-2-3-2-3-4-4-2-4-2-0	3-3-5-3-4-3-0-2-3-4-6-3	4-2-11-3-3-1-4-3-3-2-3-1	3-7-11-11-3-3-3-3-3-2-3-2	5-2-1-4-5-4-2-3-5-3-5-5
274	5	4-4-4-4-3-4-4-4-4-4-3-4	3-3-4-6-4-4-6-2-4-2-5-4	6-4-6-6-6-2-6-6-4-2-4-6	6-6-4-5-7-6-4-8-4-4-2-5	7-5-8-7-2-3-6-6-4-7-6-5	7-7-6-8-5-8-4-5-2-4-2-7	4-2-3-2-2-5-4-4-3-8-6-2	3-6-2-6-7-0-11-8-2-5-5-0	6-2-4-3-7-3-0-6-6-6-8-8	8-1-6-5-6-1-5-3-6-2-5-1	2-2-3-5-5-3-3-5-3-6-5-2	4-5-5-5-4-6-2-0-4-5-4-4
274	6	6-6-6-6-6-6-6-6-6-6-6-6	8-10-4-5-8-7-5-7-5-2-5-8	5-6-5-5-5-5-7-7-7-8-7-5	5-5-5-5-5-5-6-5-5-7-7-5	5-0-5-5-2-8-5-5-7-6-5-5	9-5-5-5-6-5-5-6-8-6-6-6	8-2-6-9-7-6-8-7-6-6-5-2	6-5-1-8-5-9-8-5-2-6-3-0	5-2-7-7-6-7-0-5-7-5-5-9	7-5-6-6-5-1-5-5-7-4-5-1	9-2-4-4-5-3-7-5-9-7-8-7	4-5-5-5-9-5-7-3-8-9-7-7
274	7	6-7-6-6-7-7-7-7-7-7-7-7	8-10-6-1-7-6-5-6-7-6-5-9	5-7-8-5-5-8-6-6-8-9-8-8	5-8-8-5-5-5-8-5-8-6-8-5	5-0-5-5-2-6-8-7-6-5-5-5	5-5-6-8-9-5-8-6-7-6-4-5	2-6-6-10-6-7-7-6-7-7-0-8	6-5-3-6-5-7-7-5-2-7-9-7	7-2-8-6-5-6-0-5-6-7-5-7	6-1-7-8-8-1-5-5-6-7-5-1	8-4-8-7-8-8-6-9-8-8-2-6	7-5-5-7-7-8-6-7-8-8-6-6
274	8	7-7-6-7-8-8-7-7-6-8-7-11	9-6-6-8-10-6-9-7-8-9-5-8	8-9-9-5-5-9-7-7-7-7-7-7	8-9-9-5-5-10-7-5-10-10-7-10	5-8-10-5-9-6-7-9-7-8-5-5	1-8-5-5-8-5-7-6-6-6-1-9	11-1-6-8-6-8-7-7-9-5-8-8	6-6-9-6-7-8-6-5-8-8-9-10	9-8-7-3-1-6-8-8-7-8-5-5	7-8-8-7-7-1-5-3-8-8-9-1	8-1-7-4-7-7-8-5-8-7-6-10	7-5-8-8-7-8-1-8-6-7-3-6
274	9	9-9-11-9-9-10-10-10-11-11-11-10	10-6-7-11-8-11-8-9-10-10-9-11	9-8-10-10-9-8-9-9-10-7-8-9	10-8-10-10-10-8-10-5-8-8-10-8	10-8-9-10-8-9-10-10-10-9-10-9	10-8-10-9-7-10-10-11-7-6-3-8	11-10-10-8-8-8-10-10-8-11-10-10	10-10-11-10-10-8-6-9-2-8-11-10	8-8-8-10-11-10-8-8-10-11-10-10	7-10-9-10-10-10-7-10-8-8-8-11	6-10-10-4-10-10-10-7-6-7-9-9	7-10-9-8-7-9-10-7-8-7-7-10
274	10	9-9-9-9-10-9-9-9-9-9-9-9	9-6-7-9-8-9-9-11-9-9-9-11	11-11-9-9-10-9-9-10-9-10-11-10	9-10-9-9-9-8-9-8-8-8-10-8	9-11-8-7-11-9-11-9-9-10-9-10	9-8-9-10-10-11-10-9-10-6-1-10	9-9-8-9-10-8-9-9-10-9-9-9	10-9-9-9-9-11-7-9-10-10-10-11	11-10-6-9-9-9-10-10-9-9-9-9	7-9-7-10-9-9-7-9-8-9-10-9	11-9-10-10-9-10-9-10-10-10-8-8	7-9-8-8-7-10-9-10-10-10-6-9
274	11	11-11-11-11-11-11-9-11-11-9-11-11	9-9-11-9-11-9-9-10-9-11-9-10	10-10-10-9-11-11-11-11-9-11-10-11	11-11-11-11-11-11-7-11-11-11-11-8	9-10-11-11-10-11-10-11-11-11-9-5	11-11-9-9-11-10-11-11-11-11-11-9	9-11-11-11-9-11-9-9-11-11-8-11	11-9-9-11-9-10-5-9-5-9-9-10	10-11-11-11-9-11-11-10-11-9-9-9	8-11-11-11-11-9-11-9-11-11-10-11	10-11-4-4-11-7-11-11-11-11-11-11	7-9-11-8-7-11-11-10-11-11-11-11
275	0	0-0-0-0-0-0-0-0-0-0-0-0	0-0-0-0-0-0-0-0-0-0-0-0	0-0-0-0-0-0-0-0-0-0-0-0	0-0-0-0-0-0-0-0-0-0-0-0	0-0-0-0-0-0-0-0-0-0-0-0	0-0-0-0-0-0-0-0-0-0-0-0	0-0-0-0-0-0-0-0-0-0-0-0	0-0-0-0-0-0-0-0-0-0-0-0	0-0-0-0-0-0-0-0-0-0-0-0	0-0-0-0-0-0-0-0-0-0-0-0	0-0-0-0-0-0-0-0-0-0-0-0	0-0-0-0-0-0-0-0-0-0-0-0
275	1	1-1-1-1-1-1-1-1-1-1-1-1	1-1-1-1-0-1-0-0-1-1-2-0	0-2-0-1-2-2-2-0-0-1-0-2	2-0-0-3-2-2-0-4-1-0-2-0	2-0-5-3-1-1-2-2-1-1-16-2	2-2-2-0-1-3-1-2-1-1-10-0	2-1-1-0-1-1-1-2-1-1-2-2	1-1-1-1-1-0-1-2-1-1-0-0	0-0-1-0-2-1-0-0-1-1-1-1	2-1-1-0-2-2-1-1-1-0-0-1	0-1-1-0-0-0-0-0-0-1-1-1	0-1-1-1-4-1-1-0-2-0-2-1
275	2	2-2-2-2-2-2-2-2-2-2-2-2	3-2-2-1-2-2-3-2-2-3-1-2	0-3-1-1-1-7-3-3-0-2-3-3	4-3-3-1-1-4-2-1-1-2-1-0	1-0-1-1-3-1-3-1-2-2-4-1	7-3-4-2-2-1-3-1-2-2-7-2	9-2-2-2-3-2-2-3-2-2-2-3	2-1-6-3-2-3-2-6-5-0-4-0	2-6-2-2-1-2-2-3-1-2-1-2	3-2-2-2-1-1-3-2-3-5-2-1	2-2-2-0-2-2-0-2-3-8-2-2	2-2-4-3-2-2-2-2-1-3-1-1
275	3	3-3-3-3-3-3-3-3-3-3-3-3	2-3-3-1-2-3-2-4-2-2-1-4	0-2-2-1-1-2-4-5-4-5-4-4	2-2-2-1-1-1-4-1-3-4-4-0	1-6-1-1-2-5-2-2-2-5-5-1	2-2-2-2-2-1-4-4-2-3-1-3	2-2-4-2-2-3-2-4-3-2-1-2	4-1-1-2-3-2-2-2-4-4-2-0	3-2-2-2-3-2-3-2-4-3-4-2	2-2-3-5-1-3-4-1-2-2-0-1	2-3-4-3-4-4-2-2-2-4-2-4	3-2-1-2-1-3-1-3-7-2-3-3
275	4	4-4-4-4-4-4-4-4-5-4-4-4	5-5-3-1-4-5-6-3-2-2-5-3	0-4-4-3-5-2-3-4-5-2-5-3	2-6-5-5-1-2-4-1-5-3-3-0	1-0-1-4-2-3-4-6-5-6-2-1	1-2-2-0-4-1-5-3-4-4-5-2	2-2-3-0-2-4-4-5-4-4-0-2	3-1-1-3-2-0-7-2-3-3-2-0	5-2-3-2-4-2-7-2-3-4-3-5	7-2-4-3-4-4-3-5-1-2-6-1	2-3-5-4-3-3-0-3-2-3-2-3	4-2-2-7-1-4-2-3-3-3-5-5
275	5	4-3-4-5-5-5-4-5-4-5-5-6	6-4-3-1-5-5-3-4-6-7-5-6	2-5-6-1-6-8-6-6-4-3-4-5	6-6-4-6-6-2-6-6-4-3-3-6	6-6-1-8-2-3-6-4-7-3-3-1	13-2-6-2-4-1-4-5-4-5-4-6	2-2-3-0-2-3-4-4-4-4-6-6	3-1-2-6-5-0-4-2-2-4-5-0	4-2-2-5-4-7-6-6-5-6-5-7	2-2-5-3-1-16-4-4-1-2-2-1	5-7-5-4-4-6-6-7-2-2-7-2	5-7-5-6-5-5-5-5-3-5-4-4
275	6	6-6-7-6-7-6-4-6-4-8-6-5	5-4-3-5-4-5-7-7-5-5-7-5	0-6-8-8-7-9-7-9-8-8-5-7	5-8-7-5-10-8-4-9-5-8-3-5	5-7-1-7-2-3-5-4-5-9-5-6	2-3-7-7-6-1-4-5-6-6-4-6	2-6-6-2-2-6-6-4-9-8-7-7	3-6-8-5-5-0-4-2-2-6-5-0	7-2-2-2-4-5-2-5-5-8-6-5	6-2-6-5-10-5-7-13-6-2-4-1	5-5-8-0-4-5-5-2-2-5-5-2	5-2-5-5-5-5-6-5-3-5-4-6
275	7	7-9-6-6-7-9-9-9-7-7-6-8	7-6-3-7-5-5-8-6-8-5-8-5	8-7-8-6-6-2-6-8-6-6-5-6	8-8-8-8-9-9-5-9-5-3-3-6	9-6-8-8-2-3-8-8-5-7-9-8	2-10-8-6-7-10-3-3-4-6-2-9	10-9-6-2-8-7-5-8-6-7-8-6	5-8-10-8-8-7-4-10-2-7-5-0	6-2-5-8-10-5-4-8-5-6-10-5	6-8-12-3-8-8-8-4-7-2-0-7	5-5-4-0-6-7-9-5-0-7-5-2	5-5-7-4-7-5-6-6-3-7-4-4
275	8	8-8-8-8-8-8-8-8-8-8-9-8	6-9-9-7-9-6-7-9-7-8-7-9	7-7-7-6-5-10-9-7-9-9-9-6	7-9-9-7-7-7-8-7-9-9-9-0	7-0-7-7-2-10-7-7-9-6-7-7	2-7-12-6-8-7-9-8-8-8-0-8	7-10-8-0-9-8-10-7-6-6-7-7	8-7-6-9-7-7-14-9-2-7-9-0	7-2-9-7-8-5-9-7-9-6-7-9	9-7-9-8-7-9-7-4-7-2-9-7	11-9-6-11-6-7-0-9-0-9-5-2	5-5-5-9-7-7-7-6-11-9-8-8
275	9	9-9-9-8-8-9-10-7-9-9-8-9	9-12-8-7-8-9-7-8-5-10-7-8	16-9-7-6-7-10-8-10-8-8-10-6	10-10-10-7-7-7-9-7-8-10-8-0	7-0-11-10-11-8-10-9-10-6-7-7	1-5-8-6-9-7-8-8-8-9-5-7	2-8-9-0-8-7-10-10-6-8-0-9	13-7-6-8-7-9-8-8-2-7-8-0	9-9-10-7-9-5-8-8-8-9-7-8	8-2-13-16-9-8-10-10-8-9-9-7	9-8-9-8-10-9-7-10-2-8-5-7	9-5-5-8-7-5-6-9-9-8-4-10
275	10	8-13-10-9-11-8-9-10-8-13-11-9	10-9-9-10-9-11-7-10-5-9-11-10	10-11-11-6-10-12-10-9-10-8-9-10	10-10-9-9-7-12-10-12-8-12-9-15	5-15-13-9-15-8-9-7-9-6-10-10	10-15-8-7-10-7-9-8-9-9-1-11	15-8-9-10-10-10-9-9-6-6-10-9	4-7-14-8-7-10-8-10-12-10-10-10	13-10-9-8-7-5-10-10-5-10-7-9	10-2-10-12-13-5-9-9-14-10-10-7	10-5-10-8-10-16-10-10-10-10-5-10	10-5-10-10-10-5-6-10-3-10-4-9
275	11	13-12-12-13-11-13-12-13-12-13-12-13	12-8-13-13-12-12-12-11-12-12-13-12	11-10-12-11-11-13-11-11-13-12-11-11	11-11-12-12-12-10-11-10-12-10-12-10	12-10-10-14-10-11-11-12-12-11-12-11	12-12-13-12-8-12-12-12-9-12-4-10	13-12-11-10-13-12-12-11-14-12-10-12	13-12-12-12-13-10-8-12-13-10-13-11	11-10-10-12-12-12-10-10-13-16-12-9	11-13-13-10-12-12-13-11-10-10-10-12	10-12-12-8-13-15-10-10-10-13-5-11	9-13-11-10-13-10-13-14-13-10-15-13
275	12	11-11-11-11-11-11-11-11-11-11-11-11	11-9-11-11-11-11-11-15-11-11-11-11	15-13-13-11-12-10-13-11-11-11-13-12	13-12-11-11-11-13-12-10-11-10-11-10	11-13-10-9-10-11-13-13-11-12-11-12	11-10-8-11-8-16-11-11-12-11-1-10	11-11-11-13-12-14-11-11-12-11-13-11	12-11-11-11-11-13-8-11-10-10-12-13	12-12-12-11-11-11-13-13-5-11-11-5	11-11-7-10-11-11-11-9-10-13-13-11	13-11-11-8-11-13-13-10-14-10-5-2	10-11-12-10-12-5-11-15-3-12-11-11
275	13	11-11-14-11-11-11-11-11-11-11-11-11	11-11-11-11-13-11-11-11-11-11-11-11	12-12-12-11-11-11-12-12-11-14-14-12	12-12-14-11-11-12-11-7-13-13-13-10	11-10-10-9-10-13-14-12-13-12-11-12	11-10-11-11-13-12-14-11-13-13-4-13	11-14-9-10-11-13-15-12-13-14-12-11	11-11-10-11-11-12-15-11-11-15-12-12	11-10-12-11-12-11-12-12-12-11-11-13	11-11-9-10-11-11-11-6-10-12-12-11	12-11-15-8-11-12-12-10-12-11-5-7	13-11-10-10-12-7-11-13-13-12-11-11
275	14	11-11-13-11-11-13-11-11-11-11-11-11	11-8-11-11-11-11-11-11-11-11-11-11	12-14-11-11-14-11-13-11-11-15-13-15	15-13-13-15-14-12-11-1-15-13-15-10	15-10-10-15-10-13-13-15-15-13-15-7	11-10-15-12-14-12-13-11-13-11-2-11	11-13-11-10-10-12-13-11-11-13-14-11	11-11-16-14-14-12-8-15-10-15-15-12	12-10-12-13-16-11-10-10-12-11-14-14	14-14-11-10-14-14-11-9-10-10-12-11	14-15-13-8-11-11-12-14-12-14-5-10	9-14-10-10-12-5-14-9-3-12-4-9
275	15	11-11-11-11-11-11-11-11-11-11-11-11	11-16-11-16-11-11-11-12-11-11-11-13	12-15-16-16-14-16-14-11-11-14-12-14	16-12-13-14-15-15-14-7-14-13-14-10	14-10-10-14-10-14-16-15-14-12-14-15	11-10-14-12-10-10-13-11-13-13-2-15	10-13-11-10-13-15-13-11-11-11-14-15	12-11-14-15-11-12-8-14-16-13-14-12	12-12-12-15-15-11-15-15-13-11-14-9	14-15-15-11-14-14-15-16-10-10-12-11	15-14-13-8-11-11-12-14-12-15-5-15	10-14-12-15-15-5-14-12-3-15-11-11
275	16	16-16-16-11-16-11-11-16-16-11-16-16	11-11-16-15-11-11-11-11-11-16-11-12	13-15-16-15-16-15-16-16-11-16-16-16	15-16-16-16-16-16-14-16-16-16-16-10	11-10-16-16-12-16-15-16-13-16-7-16	16-16-16-16-16-12-16-16-16-16-16-15	11-16-16-16-13-16-16-15-16-14-15-13	16-16-14-16-16-12-16-14-15-10-11-12	12-16-16-16-11-16-16-14-16-11-7-11	11-16-16-16-16-14-16-11-10-16-16-16	15-16-13-16-6-10-12-11-16-16-16-16	11-11-16-10-15-16-16-10-16-16-16-9
276	0	0-0-0-0-0-0-0-0-0-0-0-0	0-0-0-0-0-0-0-0-0-0-0-0	0-0-0-0-0-0-0-0-0-0-0-0	0-0-0-0-0-0-0-0-0-0-0-0	0-0-0-0-0-0-0-0-0-0-0-0	0-0-0-0-0-0-0-0-0-0-0-0	0-0-0-0-0-0-0-0-0-0-0-0	0-0-0-0-0-0-0-0-0-0-0-0	0-0-0-0-0-0-0-0-0-0-0-0	0-0-0-0-0-0-0-0-0-0-0-0	0-0-0-0-0-0-0-0-0-0-0-0	0-0-0-0-0-0-0-0-0-0-0-0
276	1	1-1-1-1-1-1-1-1-1-1-1-1	1-2-1-0-2-1-0-0-1-1-0-0	0-0-0-0-0-0-2-0-0-1-2-0	0-0-0-0-0-0-3-1-0-2-1-0	1-0-0-0-0-1-0-0-1-0-0-0	0-0-0-0-0-0-1-0-1-1-0-2	0-1-2-1-0-1-1-0-2-1-0-1	1-1-0-1-1-0-3-0-1-1-0-0	1-0-0-0-0-0-1-0-3-1-1-0	0-0-1-1-1-0-0-3-0-0-0-0	0-1-1-0-1-4-0-2-0-0-1-1	1-1-0-0-0-1-0-0-0-0-2-1
276	2	2-2-2-2-2-2-2-2-2-2-2-2	2-1-1-2-1-1-0-2-1-1-3-3	0-3-3-4-3-3-3-3-2-2-1-3	3-0-3-2-3-3-1-4-3-1-3-0	4-0-0-3-0-3-3-2-2-1-11-2	3-3-3-2-2-0-3-3-1-2-2-1	2-1-1-0-2-2-2-3-1-2-2-2	2-2-2-2-2-0-1-3-2-0-2-0	2-0-2-2-3-2-3-3-2-2-2-2	2-2-0-2-4-3-2-2-5-0-3-3	2-2-1-0-2-3-0-3-0-2-2-2	1-2-5-2-2-1-2-0-3-3-1-1
276	3	3-3-2-3-3-3-3-3-3-3-3-3	4-1-1-2-3-4-4-4-3-4-2-3	0-5-2-2-2-6-2-5-2-2-4-2	2-4-2-2-2-2-5-2-2-3-2-0	2-3-4-2-4-2-4-2-3-3-4-2	2-4-5-4-2-0-4-2-3-3-10-3	3-3-1-3-4-3-4-3-3-1-2-2	3-2-2-4-2-1-1-2-10-3-2-0	3-0-3-3-2-5-3-2-1-2-2-2	2-3-3-1-2-2-4-4-4-4-3-2	3-3-3-0-2-3-0-4-3-4-4-3	4-3-2-3-3-3-3-3-2-4-1-1
276	4	4-4-4-4-4-4-4-4-4-4-3-4	3-5-4-2-5-5-3-3-3-3-2-5	0-4-2-2-2-2-5-6-2-2-5-5	2-3-5-2-2-2-6-2-5-5-2-0	2-0-3-4-3-5-3-2-3-4-3-2	2-3-3-3-4-0-5-3-3-4-4-4	2-3-4-3-3-4-6-5-4-4-2-5	4-5-3-3-2-0-4-2-3-4-3-0	3-7-3-3-4-4-3-5-4-5-2-6	5-3-4-4-5-6-3-4-3-3-3-5	6-3-5-0-3-1-5-3-3-3-5-3	3-3-2-3-3-4-3-5-4-3-5-5
276	5	5-5-5-5-5-5-5-5-5-6-5-5	6-4-6-2-4-5-6-6-3-3-5-4	11-5-2-2-2-3-4-5-6-3-6-4	2-6-6-2-2-3-6-2-4-4-4-0	2-0-0-2-3-4-6-5-6-5-3-2	2-3-3-3-5-0-6-4-5-5-6-3	3-3-5-3-3-3-4-4-1-5-2-4	4-4-3-4-3-0-5-3-3-5-3-8	4-0-4-3-5-3-3-6-5-5-2-4	4-2-5-6-4-4-6-5-4-8-4-4	4-3-4-7-6-6-4-3-3-4-4-3	5-3-2-3-0-4-2-4-5-3-4-7
276	6	7-5-5-5-6-5-5-5-5-5-5-5	5-5-5-7-4-7-5-7-6-4-7-4	0-7-7-8-5-3-7-7-5-6-5-6	7-7-7-7-7-7-7-10-7-5-7-9	7-6-9-7-3-4-7-7-5-7-7-7	7-7-7-6-6-7-5-6-3-5-5-7	11-4-4-3-3-6-4-7-4-6-7-5	3-7-3-7-3-6-5-6-3-6-7-3	3-0-3-3-6-6-7-7-6-7-7-4	2-3-8-6-7-4-6-8-6-7-6-6	4-3-4-5-5-5-0-6-3-3-6-3	5-6-2-6-7-6-2-6-5-4-5-5
276	7	7-7-7-7-7-7-7-7-7-7-7-7	6-8-5-6-7-6-6-6-6-8-6-6	11-8-6-2-6-8-6-6-7-8-6-7	6-6-6-6-6-6-6-6-8-6-8-6	6-7-6-6-8-8-6-6-8-6-6-6	6-6-6-7-5-6-8-7-3-4-6-6	3-7-9-3-11-7-7-6-7-7-6-5	4-6-3-6-9-6-7-7-3-8-6-0	6-4-3-3-7-7-6-6-10-6-6-8	7-6-7-6-6-7-8-5-7-7-6-10	4-4-5-5-7-11-8-6-6-3-7-7	7-10-2-6-6-6-8-7-10-8-7-5
276	8	9-9-11-9-9-11-9-9-9-9-11-8	11-7-5-9-10-10-10-9-10-9-9-11	8-9-9-8-8-9-9-9-10-7-9-8	9-8-9-9-8-9-8-8-7-8-7-9	8-9-8-8-9-7-9-9-7-8-8-8	8-8-7-8-8-9-7-9-9-5-5-9	8-7-8-9-8-8-9-9-8-7-9-9	9-6-10-7-7-9-7-9-7-10-10-9	10-8-8-3-9-8-9-10-9-9-6-7	10-11-6-9-9-6-8-9-10-9-11-7	9-8-9-10-10-8-11-8-10-11-6-8	8-7-8-6-11-9-7-10-9-8-8-9
276	9	8-11-9-9-8-8-8-8-9-8-8-9	8-10-10-8-10-8-8-8-8-8-8-8	11-8-8-8-6-8-8-8-8-9-10-8	8-8-8-8-6-8-10-2-10-10-9-8	2-8-6-6-8-9-8-8-9-8-6-6	8-8-6-8-8-8-10-8-8-9-6-8	3-10-7-8-10-9-8-8-9-7-8-8	8-9-8-7-7-8-7-8-3-9-8-8	7-8-3-3-8-8-8-8-8-10-2-10	7-3-7-8-6-8-8-8-8-8-6-7	8-10-8-8-8-8-0-8-8-3-6-7	5-7-11-6-8-6-3-8-8-10-8-8
276	10	9-9-11-9-8-9-8-9-9-8-11-10	8-9-9-11-9-8-8-8-8-9-8-8	10-8-8-11-10-10-10-8-8-10-9-10	10-10-8-11-10-10-9-10-9-9-10-10	10-8-6-10-8-9-11-10-10-6-10-10	8-10-10-10-10-8-9-10-8-5-3-11	11-9-9-8-9-8-9-8-9-10-10-10	3-10-8-10-10-8-7-10-3-8-8-8	8-8-10-10-11-8-8-8-9-10-10-9	8-10-6-9-8-10-10-5-8-8-10-7	8-9-9-8-8-8-0-8-8-3-10-10	5-10-10-10-8-6-10-8-7-9-7-1
276	11	11-11-11-11-11-11-8-11-11-8-11-11	8-9-11-10-11-8-8-8-8-11-8-8	10-11-11-10-11-11-11-11-8-11-11-11	11-11-11-11-11-11-8-11-11-11-11-10	11-8-11-11-11-11-10-11-9-11-2-6	11-11-11-11-11-8-11-11-11-11-11-10	10-11-11-11-9-11-11-11-11-11-6-10	11-11-2-11-11-8-7-10-10-11-8-8	3-11-11-11-10-11-11-10-11-8-10-4	7-11-11-11-11-11-11-8-11-11-11-11	8-9-9-5-7-7-11-8-11-11-11-11	8-11-11-7-8-11-11-8-11-11-11-1
277	0	0-0-0-0-0-0-0-0-0-0-0-0	0-0-0-0-0-0-0-0-0-0-0-0	0-0-0-0-0-0-0-0-0-0-0-0	0-0-0-0-0-0-0-0-0-0-0-0	0-0-0-0-0-0-0-0-0-0-0-0	0-0-0-0-0-0-0-0-0-0-0-0	0-0-0-0-0-0-0-0-0-0-0-0	0-0-0-0-0-0-0-0-0-0-0-0	0-0-0-0-0-0-0-0-0-0-0-0	0-0-0-0-0-0-0-0-0-0-0-0	0-0-0-0-0-0-0-0-0-0-0-0	0-0-0-0-0-0-0-0-0-0-0-0
277	1	1-1-1-1-1-1-1-1-1-1-1-1	2-1-1-0-2-2-2-1-1-1-2-1	1-3-2-1-2-2-2-2-2-1-3-2	2-2-2-2-0-0-2-1-1-2-2-2	3-0-1-2-1-1-2-2-2-2-3-0	1-2-2-1-2-1-1-3-1-1-8-2	6-1-1-1-2-1-1-2-2-1-8-1	1-1-1-6-1-2-1-1-1-2-0-2	6-2-1-2-1-2-2-1-2-2-1-2	1-1-2-2-2-2-1-1-1-1-2-1	2-4-2-1-1-2-1-1-1-1-2-2	2-1-1-1-2-2-1-3-1-1-2-3
277	2	1-1-1-1-1-1-1-1-1-1-1-1	1-1-1-4-1-1-1-2-1-1-3-3	1-2-1-1-3-1-3-3-1-1-1-3	3-1-1-3-3-3-1-3-4-1-3-1	4-0-2-4-0-3-3-3-1-1-1-2	3-1-1-1-1-1-2-2-1-1-3-1	2-4-1-1-1-1-2-1-1-1-2-2	1-2-3-2-2-1-1-3-2-1-2-1	1-1-1-1-10-1-1-2-1-1-2-1	2-2-1-1-3-3-2-2-1-1-1-1	1-1-1-1-1-1-1-1-1-2-1-1	1-2-2-2-1-1-2-1-1-1-1-1
277	3	1-1-1-1-1-1-1-1-1-1-1-3	1-1-1-2-1-1-1-2-3-4-2-2	0-4-4-1-2-4-4-4-1-4-1-2	4-4-4-2-2-4-4-1-2-1-2-2	1-3-2-1-4-2-4-2-3-1-1-4	2-4-4-4-3-4-4-4-3-3-2-3	3-2-1-3-4-1-3-1-3-1-2-7	1-3-2-4-3-1-3-4-3-3-3-1	3-1-3-3-4-1-3-2-1-3-2-1	3-3-3-1-2-2-3-3-1-3-3-2	3-3-3-0-3-1-1-3-3-2-1-3	1-3-3-3-3-1-2-1-1-1-1-1
277	4	4-4-4-4-4-4-4-4-4-4-4-4	1-6-4-2-5-1-1-2-4-3-2-4	3-3-5-5-2-5-3-5-5-3-5-3	3-3-5-3-2-3-3-1-2-4-5-2	2-0-2-2-3-5-5-3-3-1-5-3	5-3-3-3-4-3-3-4-4-4-0-4	3-2-1-3-3-4-3-5-4-5-2-3	4-2-2-3-3-1-4-3-3-4-3-1	5-1-3-3-4-1-1-2-4-3-2-10	5-2-5-5-7-3-1-3-2-3-3-1	1-1-5-5-3-5-1-3-3-3-3-3	1-3-3-3-1-1-2-6-1-1-1-1
277	5	5-7-5-5-5-6-6-5-6-5-7-6	6-8-6-2-6-6-6-5-5-6-6-6	5-6-4-4-4-4-5-5-4-6-4-5	6-4-6-6-2-6-5-5-5-9-6-7	6-0-6-9-3-4-4-5-7-6-4-3	4-6-3-10-5-6-6-5-5-5-6-4	4-6-5-3-3-5-9-4-5-4-2-6	5-7-3-4-3-6-5-3-3-5-3-1	4-4-4-3-5-7-1-6-8-6-7-9	4-1-7-4-6-6-6-5-5-1-1-6	1-10-10-6-10-6-1-3-3-3-6-3	6-6-5-6-10-1-2-1-1-1-1-10
277	6	5-6-7-7-5-5-5-5-7-6-6-5	5-4-5-2-5-5-7-7-5-7-7-7	6-7-7-7-6-5-7-6-7-5-7-6	7-6-7-7-6-7-7-6-6-5-7-6	5-10-7-6-7-5-7-7-5-7-7-7	7-7-5-7-9-7-5-5-5-5-5-7	1-5-6-1-6-6-5-6-5-6-7-5	7-5-7-7-3-7-6-6-3-7-7-6	7-6-6-6-7-6-7-5-7-5-8-5	6-7-8-6-5-5-5-6-7-7-7-5	7-5-5-5-5-5-6-7-7-6-5-3	6-5-6-6-5-7-5-7-7-7-7-6
277	7	6-6-6-6-7-8-5-5-6-5-5-5	6-9-5-2-6-5-6-6-6-6-6-6	10-6-6-6-6-6-6-6-6-8-8-7	6-6-6-6-2-6-6-5-8-5-6-5	2-6-6-5-6-8-6-6-8-6-6-6	6-6-3-6-7-6-9-7-4-5-5-6	3-5-6-6-10-7-5-8-5-6-6-3	6-5-6-7-7-6-9-7-3-7-6-6	6-9-6-3-6-5-6-9-6-7-5-9	6-6-5-9-7-6-6-5-6-6-6-8	6-5-5-5-6-1-1-6-6-6-5-7	6-3-6-3-6-6-2-6-6-7-6-7
277	8	5-7-8-5-7-8-5-5-5-10-5-10	5-7-7-8-6-6-8-8-6-6-6-10	8-8-9-9-8-9-8-9-8-7-7-8	9-8-9-9-6-9-8-5-7-5-9-8	6-9-8-8-8-7-9-8-7-6-6-8	9-8-7-8-6-9-7-9-9-5-1-6	8-7-6-8-8-8-5-7-5-6-6-7	6-7-9-7-3-9-7-3-2-8-9-9	8-9-6-7-2-1-1-9-5-3-6-5	6-6-6-9-7-5-5-5-8-9-9-7	6-5-5-5-5-8-9-6-7-1-5-8	1-5-8-6-1-1-2-6-8-1-1-5
277	9	5-9-8-6-6-5-6-5-8-9-10-5	5-7-5-2-7-5-6-8-6-6-6-8	9-8-8-8-9-8-9-8-7-8-8-9	8-8-8-8-9-8-6-9-7-5-8-8	9-8-9-5-8-7-8-9-7-9-6-8	8-5-5-9-6-8-7-7-8-5-5-9	10-5-6-8-7-9-5-8-5-7-10-3	6-9-8-9-9-8-7-9-3-8-8-8	1-8-9-3-9-1-9-7-9-1-9-5	6-6-6-8-7-9-5-5-8-8-9-9	6-5-5-5-5-8-8-6-6-9-1-8	6-3-9-9-9-1-9-6-8-9-1-8
277	10	10-10-10-10-10-10-6-10-10-6-10-10	6-7-10-8-10-6-8-9-9-10-6-8	8-8-8-9-10-10-10-8-8-10-10-10	10-10-8-10-10-10-6-10-10-5-10-8	10-8-10-10-10-10-9-10-5-10-6-6	10-10-10-10-10-9-7-10-10-10-10-10	3-10-10-10-7-10-10-10-10-10-9-5	10-10-5-10-10-9-7-3-3-10-6-8	1-10-10-10-2-10-10-10-10-1-9-4	9-6-10-10-10-10-10-5-10-10-10-10	9-5-5-10-5-10-10-10-10-6-10-10	6-3-10-9-5-10-10-7-10-10-10-5
278	0	0-0-0-0-0-0-0-0-0-0-0-0	0-0-0-0-0-0-0-0-0-0-0-0	0-0-0-0-0-0-0-0-0-0-0-0	0-0-0-0-0-0-0-0-0-0-0-0	0-0-0-0-0-0-0-0-0-0-0-0	0-0-0-0-0-0-0-0-0-0-0-0	0-0-0-0-0-0-0-0-0-0-0-0	0-0-0-0-0-0-0-0-0-0-0-0	0-0-0-0-0-0-0-0-0-0-0-0	0-0-0-0-0-0-0-0-0-0-0-0	0-0-0-0-0-0-0-0-0-0-0-0	0-0-0-0-0-0-0-0-0-0-0-0
278	1	1-1-1-1-1-1-1-1-1-1-1-1	1-1-1-1-1-1-1-0-1-1-1-0	0-1-0-0-0-2-0-0-0-0-0-0	0-0-0-0-1-1-0-1-0-0-0-5	0-0-1-0-1-0-0-1-0-0-0-0	0-1-0-0-0-0-1-1-1-1-1-0	1-1-1-1-0-1-0-0-1-0-1-1	1-1-1-1-1-1-1-0-1-1-0-0	1-0-0-1-1-0-1-0-1-1-0-1	1-1-1-0-0-1-1-1-1-1-1-1	0-1-1-0-1-1-1-0-0-1-1-1	1-1-1-0-0-1-1-0-1-0-0-1
278	2	2-2-2-2-2-2-2-2-3-3-2-2	1-2-3-2-2-2-5-2-2-2-2-3	2-3-3-3-3-3-3-3-3-3-3-2	3-3-3-3-3-3-0-3-2-4-3-2	3-2-3-3-2-2-2-3-0-0-4-3	2-3-3-2-2-4-3-3-2-2-3-3	2-5-2-2-2-1-2-2-2-2-3-3	3-3-4-3-3-1-2-3-2-1-3-2	2-2-1-2-3-2-3-0-1-3-3-3	2-2-4-3-3-3-3-3-5-0-3-3	2-2-3-2-3-1-3-2-3-2-2-2	5-2-2-3-3-2-2-0-2-3-3-3
278	3	2-3-2-3-2-2-2-2-2-2-2-3	4-3-2-2-3-2-2-3-3-4-2-3	6-4-2-2-2-6-2-2-2-2-4-4	5-4-2-2-2-2-3-2-2-2-6-1	2-1-2-2-4-2-4-2-3-0-5-2	4-2-5-9-2-2-4-2-3-3-6-2	2-2-3-3-4-1-3-4-3-4-2-4	2-2-3-4-2-1-3-4-4-1-5-3	3-6-3-3-2-5-3-4-1-2-2-5	4-3-3-2-2-2-2-2-2-4-2-2	3-3-2-2-2-3-2-3-3-4-3-3	3-3-5-2-2-3-2-3-2-4-2-2
278	4	4-4-4-4-4-4-4-4-4-4-2-4	3-6-4-2-3-2-2-5-2-3-2-6	1-3-2-2-5-3-5-6-2-6-5-5	3-3-1-3-2-2-5-2-4-2-5-1	2-1-2-2-3-5-3-5-3-6-2-2	3-2-3-2-3-2-5-5-3-4-4-4	2-2-5-2-3-1-5-3-4-3-3-3	1-2-2-3-2-1-4-3-5-5-3-3	4-3-3-3-4-3-2-3-5-2-5-3	3-3-4-6-2-2-5-2-2-3-1-2	0-3-6-4-5-4-2-3-3-5-3-5	4-3-1-3-0-2-2-4-9-3-4-2
278	5	5-2-5-5-5-5-5-5-6-5-5-5	6-6-4-2-6-6-2-6-2-3-2-4	3-5-2-2-4-3-4-6-7-3-6-4	3-3-6-5-2-3-7-2-6-6-4-1	2-0-2-5-3-4-6-5-6-3-3-3	2-2-3-2-5-2-6-4-5-5-5-2	1-2-4-0-3-1-6-4-5-5-2-3	1-2-2-4-2-1-6-3-4-4-3-3	6-3-6-3-5-3-1-3-7-5-4-3	2-2-5-4-2-5-4-5-2-0-1-2	0-3-4-6-4-6-2-0-0-4-3-4	8-3-10-1-2-5-2-4-4-6-6-7
278	6	5-4-5-5-3-2-2-6-5-6-2-5	5-4-4-6-5-5-2-5-7-3-7-4	7-7-8-7-7-3-7-7-6-4-5-7	8-7-5-8-8-7-5-8-5-5-3-12	8-1-7-7-3-4-7-7-5-8-7-7	3-2-7-3-6-12-5-6-5-5-3-2	1-2-5-0-3-1-5-5-5-5-7-3	4-7-6-7-7-1-5-5-3-2-6-3	7-3-5-3-9-7-0-7-5-6-2-6	2-3-6-4-7-2-6-5-2-0-6-2	3-3-4-6-5-5-2-6-3-2-6-3	4-6-6-6-7-6-3-4-4-6-5-5
278	7	7-7-7-7-7-7-8-7-5-7-7-8	8-7-7-8-5-8-6-6-6-8-6-8	6-7-6-6-6-3-8-8-5-6-8-6	6-6-8-6-6-6-5-6-8-8-8-1	6-1-6-6-3-8-6-6-7-7-6-6	6-3-6-7-7-6-6-7-7-7-10-7	3-8-7-1-3-7-7-8-5-9-6-3	7-6-8-8-6-1-9-8-3-9-6-3	7-7-3-8-7-6-2-6-5-5-2-11	6-8-7-7-6-2-6-7-8-3-6-2	9-8-7-7-5-9-8-7-0-2-8-3	9-6-6-6-6-9-3-4-4-8-5-5
278	8	8-8-8-8-9-8-7-8-8-8-8-8	7-9-9-7-5-7-6-9-7-9-6-7	6-8-6-6-6-9-7-9-8-8-9-7	6-6-7-6-6-6-8-6-9-9-8-1	6-0-1-6-3-7-8-8-9-6-6-6	2-6-7-7-9-6-9-8-8-8-9-7	1-7-8-1-9-1-9-7-5-5-0-6	1-6-7-7-9-1-7-7-3-11-10-8	0-8-7-7-7-6-0-6-9-7-2-7	7-7-7-4-9-2-9-9-7-3-9-2	9-7-9-9-9-9-8-7-0-3-7-3	5-3-6-6-0-7-2-8-8-7-5-2
278	9	8-9-8-9-9-8-7-7-10-8-8-10	10-8-8-9-9-10-9-8-10-8-10-9	10-9-10-6-6-8-8-10-10-8-8-9	9-9-9-6-9-10-9-6-8-8-8-12	6-11-10-6-11-7-8-9-8-9-6-6	10-10-7-3-8-6-8-10-8-8-2-10	1-7-8-11-8-1-8-10-5-7-9-10	7-7-6-9-9-9-7-12-9-7-9-8	9-9-11-10-6-7-9-9-8-9-2-7	9-9-9-11-8-2-5-8-9-9-11-2	9-4-8-8-5-12-9-9-9-2-9-9	7-3-9-9-6-7-9-9-4-9-5-2
278	10	11-11-11-12-11-11-11-11-11-11-11-11	11-12-11-11-11-11-11-12-11-11-11-11	10-9-11-12-11-11-10-11-11-11-10-10	11-11-11-11-11-11-11-6-11-11-11-9	12-11-11-6-10-10-10-10-11-10-11-11	11-9-11-10-8-11-9-11-10-10-11-11	11-11-11-11-11-10-11-10-11-11-11-11	11-7-11-10-10-9-7-7-3-11-11-11	11-9-10-9-11-11-11-9-11-12-11-11	11-11-11-11-11-11-10-11-9-9-11-11	10-12-12-11-12-11-10-10-11-12-11-9	11-11-10-9-10-11-11-12-11-11-5-11
278	11	10-10-10-10-10-10-10-10-10-10-10-10	10-10-10-10-10-10-10-10-10-10-10-10	11-10-10-10-10-10-11-10-10-10-12-11	10-10-10-10-11-10-10-10-10-10-10-9	10-10-10-10-9-10-12-11-10-10-10-11	10-10-10-11-8-10-11-10-10-10-10-10	10-10-10-10-10-11-10-10-10-10-10-10	10-7-10-11-11-12-7-10-3-10-11-10	10-9-9-11-10-10-10-11-10-10-11-7	10-10-10-10-10-11-11-10-9-9-10-10	11-10-10-10-10-10-9-10-10-10-10-9	12-11-11-9-10-10-11-10-10-10-5-10
278	12	12-12-10-10-12-10-10-12-12-10-10-12	10-10-10-10-10-10-11-10-10-12-11-10	10-12-12-10-12-11-12-10-10-12-11-12	11-12-10-12-12-12-10-12-10-12-12-9	10-10-12-12-12-12-11-12-10-12-11-6	12-12-12-10-12-12-12-12-12-12-12-12	10-12-12-12-10-12-8-12-12-12-10-10	12-12-10-12-12-11-7-9-12-12-9-12	10-9-12-12-11-12-12-6-12-10-11-7	9-10-12-12-12-11-12-10-12-12-12-12	11-10-10-8-10-9-9-10-12-10-10-3	11-8-12-9-11-12-12-10-12-12-5-10
279	0	0-0-0-0-0-0-0-0-0-0-0-0	0-0-0-0-0-0-0-0-0-0-0-0	0-0-0-0-0-0-0-0-0-0-0-0	0-0-0-0-0-0-0-0-0-0-0-0	0-0-0-0-0-0-0-0-0-0-0-0	0-0-0-0-0-0-0-0-0-0-0-0	0-0-0-0-0-0-0-0-0-0-0-0	0-0-0-0-0-0-0-0-0-0-0-0	0-0-0-0-0-0-0-0-0-0-0-0	0-0-0-0-0-0-0-0-0-0-0-0	0-0-0-0-0-0-0-0-0-0-0-0	0-0-0-0-0-0-0-0-0-0-0-0
279	1	0-1-0-1-1-1-0-0-0-0-0-1	0-2-0-0-0-1-0-0-2-0-2-0	2-2-0-0-0-2-2-0-0-0-1-0	2-0-0-0-1-0-1-0-0-0-0-0	0-0-0-0-0-0-2-0-0-0-1-0	0-0-0-0-0-0-0-0-0-1-0-0	0-0-1-0-0-0-0-2-1-0-0-0	0-0-0-0-0-2-0-0-0-0-0-0	0-8-1-0-0-0-0-0-0-1-0-0	0-0-3-0-0-0-0-0-4-0-0-0	0-0-0-0-0-0-0-0-0-1-0-1	0-0-1-0-0-0-0-0-1-0-0-0
279	2	1-2-2-2-2-2-2-2-2-2-2-2	0-1-2-2-1-1-0-2-1-0-3-1	1-1-3-3-3-1-1-3-1-3-4-2	3-0-3-3-3-3-1-3-2-0-2-0	3-0-5-4-3-2-3-3-2-2-4-3	3-5-2-2-2-0-2-3-0-0-3-1	2-2-0-2-2-0-2-1-2-2-3-2	0-2-3-2-2-1-2-2-2-0-3-0	0-1-0-2-3-3-0-3-2-2-2-2	3-2-0-0-3-3-2-2-1-0-3-2	0-2-3-0-3-3-0-0-0-2-2-2	0-2-2-2-5-0-2-0-0-0-0-2
279	3	3-3-2-3-3-3-3-4-3-3-3-3	4-3-2-2-3-4-0-3-3-4-2-3	1-4-4-2-2-4-4-2-4-4-3-4	2-4-2-2-2-2-3-2-2-3-2-2	2-6-2-2-4-2-4-2-3-3-2-2	2-2-5-6-3-0-4-2-3-3-7-3	2-3-3-3-4-3-3-3-3-3-2-4	3-2-2-4-3-3-3-4-7-3-3-6	3-1-3-3-3-5-3-4-2-2-2-3	2-3-3-0-2-2-2-3-1-0-4-2	3-7-3-0-3-3-0-3-4-4-2-3	5-3-3-3-3-3-3-3-3-3-0-2
279	4	4-4-4-4-4-4-4-3-4-4-4-4	3-7-4-2-3-5-0-3-3-3-2-5	2-4-3-2-2-3-5-6-5-3-5-5	3-3-5-3-2-2-3-2-5-4-3-0	2-0-2-2-3-5-3-3-3-4-2-2	2-2-3-3-3-0-3-5-3-4-3-4	2-4-4-3-3-4-4-5-3-4-2-3	4-4-5-5-5-1-4-3-3-4-3-0	4-1-3-3-3-3-5-5-5-4-2-5	5-3-4-4-3-3-2-5-5-0-5-5	5-3-5-0-6-5-5-6-3-3-2-6	4-3-2-3-3-6-5-6-6-4-11-4
279	5	5-7-5-4-5-7-5-5-5-6-5-6	3-6-7-2-3-6-0-6-5-7-5-6	1-5-3-3-2-3-4-5-4-3-6-4	3-6-6-6-2-2-5-2-5-6-6-2	2-6-2-7-3-4-6-5-6-6-2-2	6-2-3-3-5-0-6-4-5-5-6-3	2-4-5-6-3-5-5-4-5-5-2-5	5-4-4-4-4-0-7-3-3-6-3-0	3-1-3-3-7-3-4-4-4-8-5-4	4-3-5-6-4-6-2-5-4-0-4-4	4-3-4-7-6-4-4-3-3-3-2-3	6-5-2-6-2-5-2-6-6-6-5-6
279	6	7-5-5-6-6-5-7-6-6-4-6-5	8-5-5-6-8-5-9-5-7-5-8-7	0-6-7-7-6-8-7-8-7-6-5-6	7-7-7-7-6-8-7-2-7-5-5-2	2-5-8-9-6-4-5-7-5-7-7-8	5-8-7-3-7-6-5-7-5-4-5-6	7-5-4-3-3-5-5-7-3-5-6-3	4-6-6-6-6-6-5-6-3-5-6-3	3-1-3-6-6-7-6-8-7-5-6-6	7-6-6-5-6-6-7-5-1-0-5-6	0-3-5-5-5-5-4-4-3-6-6-4	5-4-2-5-3-5-4-4-4-4-4-6
279	7	6-5-5-5-6-5-5-7-6-7-7-5	6-5-5-7-6-5-8-6-6-5-6-8	8-7-6-9-8-3-6-8-6-7-8-8	6-6-6-8-7-7-6-8-6-7-7-7	2-0-6-8-8-8-8-8-5-7-6-6	3-6-8-3-6-8-8-7-3-5-3-3	2-7-5-3-8-7-5-6-5-11-6-7	4-7-11-8-8-7-5-9-3-7-6-0	3-1-3-8-9-6-0-6-6-5-6-7	6-7-6-6-7-7-6-5-8-0-0-9	0-3-5-5-11-5-0-0-0-6-6-3	5-7-7-3-3-7-8-0-4-0-5-7
279	8	8-8-9-8-8-8-8-8-8-9-8-8	6-10-8-7-6-9-7-9-6-5-6-7	7-7-7-7-7-8-6-7-8-7-9-7	7-8-7-7-7-6-8-7-6-8-8-7	6-0-6-7-7-7-7-7-9-8-7-6	7-6-9-7-8-7-9-8-8-8-0-8	7-7-5-0-7-8-11-7-8-8-0-7	4-7-9-7-7-7-8-6-3-7-6-0	7-1-9-7-8-6-0-6-9-5-6-11	6-6-6-8-7-7-6-8-7-0-11-7	0-2-5-5-9-10-0-9-3-6-6-7	6-7-7-3-3-8-7-0-0-8-8-8
279	9	9-8-8-8-10-9-10-11-9-8-11-8	10-8-5-7-8-8-10-11-10-5-9-11	9-10-10-7-10-10-9-10-10-7-8-9	10-9-10-9-7-10-9-7-6-10-10-10	7-11-6-10-11-8-8-6-8-6-9-11	7-10-8-9-8-7-8-7-8-8-0-10	9-8-9-9-9-9-8-10-10-7-9-9	3-4-10-6-8-10-8-7-3-9-10-10	9-9-10-7-7-9-1-9-8-6-7-7	6-7-6-10-7-7-6-8-10-10-10-7	9-2-5-5-8-11-10-9-9-6-6-9	9-7-9-6-9-9-7-0-9-9-8-8
279	10	11-11-11-10-10-8-11-10-11-11-11-11	11-8-11-7-11-11-11-11-11-5-11-9	10-9-9-11-9-9-10-9-11-7-9-10	9-9-9-11-7-9-11-9-10-9-9-9	11-9-8-9-10-10-11-10-8-10-10-9	10-9-7-9-8-7-8-7-5-10-10-9	10-8-10-11-9-10-10-9-9-10-10-11	10-10-10-10-7-9-8-11-3-9-9-9	9-9-10-7-11-10-11-9-5-11-6-7	6-10-6-9-10-11-10-11-9-9-9-7	9-10-10-10-8-9-9-11-10-10-6-9	11-11-10-10-10-10-10-11-10-9-8-11
279	11	11-11-11-11-11-11-10-11-11-10-11-11	10-8-11-7-11-10-10-10-10-11-10-9	9-9-11-10-11-11-11-11-10-11-11-11	10-11-11-11-11-11-10-11-11-11-11-9	10-9-11-11-9-11-10-11-11-11-7-9	11-11-11-11-11-11-8-11-11-11-11-11	2-11-11-11-10-11-11-11-11-11-10-10	11-11-7-11-11-10-6-10-7-11-10-9	10-11-11-11-10-11-11-10-11-10-7-8	6-10-11-11-11-10-11-10-9-11-11-11	10-11-11-5-11-9-9-10-11-11-11-11	10-10-11-4-10-11-11-10-11-11-8-10
280	0	0-0-0-0-0-0-0-0-0-0-0-0	0-0-0-0-0-0-0-0-0-0-0-0	0-0-0-0-0-0-0-0-0-0-0-0	0-0-0-0-0-0-0-0-0-0-0-0	0-0-0-0-0-0-0-0-0-0-0-0	0-0-0-0-0-0-0-0-0-0-0-0	0-0-0-0-0-0-0-0-0-0-0-0	0-0-0-0-0-0-0-0-0-0-0-0	0-0-0-0-0-0-0-0-0-0-0-0	0-0-0-0-0-0-0-0-0-0-0-0	0-0-0-0-0-0-0-0-0-0-0-0	0-0-0-0-0-0-0-0-0-0-0-0
280	1	1-1-1-1-1-1-1-1-1-1-1-1	1-2-1-0-1-1-0-0-0-1-0-1	0-0-0-0-0-0-2-0-0-0-2-0	0-0-0-0-0-0-0-1-0-2-2-0	0-0-0-0-0-1-2-0-2-0-0-0	0-0-0-0-0-0-2-0-1-1-0-0	0-1-1-0-0-1-2-5-1-1-1-0	0-1-0-0-1-0-1-0-1-1-0-0	1-0-0-0-2-0-0-1-3-2-1-0	0-0-0-2-1-1-10-1-0-0-0-1	0-1-1-0-1-0-0-0-0-0-1-1	1-0-0-0-0-0-0-0-0-0-1-1
280	2	1-2-2-1-2-2-2-2-2-2-2-2	2-1-1-4-2-1-3-3-2-1-2-3	0-3-3-3-3-0-3-0-4-3-1-3	3-0-3-3-3-3-0-3-3-1-3-3	3-0-2-4-0-3-1-3-1-0-4-3	3-0-2-2-2-3-1-3-1-1-0-5	2-2-1-2-1-1-1-3-2-1-3-2	0-2-3-2-2-0-1-2-2-0-2-0	0-0-0-2-3-2-0-3-1-4-2-2	2-2-2-3-3-3-4-2-2-0-0-3	3-2-1-0-3-2-0-2-0-2-2-1	0-2-2-2-5-0-2-0-0-0-1-2
280	3	3-3-2-3-3-3-3-3-3-3-3-3	4-1-1-2-3-3-4-3-3-4-2-3	0-4-2-2-2-4-2-4-2-5-4-4	2-4-4-2-2-2-3-2-2-3-2-2	2-3-2-2-4-2-4-2-3-3-2-5	2-5-5-5-3-2-4-8-3-3-8-3	6-2-1-3-4-3-4-4-3-4-2-8	3-3-2-4-2-3-3-5-6-3-3-8	3-0-3-4-7-3-8-2-1-3-2-4	4-2-3-2-2-2-4-4-3-4-3-2	3-3-3-0-3-3-0-3-6-2-3-3	5-3-3-4-3-3-2-3-3-3-1-3
280	4	4-4-4-4-3-4-4-4-4-4-3-4	3-4-5-2-3-4-3-5-3-3-2-5	0-3-3-5-5-3-5-6-2-6-5-5	3-3-5-3-2-2-5-2-5-5-6-0	2-6-2-2-3-6-3-5-3-7-6-3	2-3-3-3-3-2-5-8-3-4-7-4	2-2-5-3-3-6-3-3-4-4-2-3	5-2-2-3-2-4-4-3-5-5-3-3	4-0-3-3-4-3-5-3-1-2-5-3	3-2-4-6-2-3-5-3-2-3-0-5	3-3-5-4-5-4-0-3-3-5-3-5	3-3-2-3-0-4-2-4-6-10-4-3
280	5	5-5-5-5-5-5-5-4-7-5-5-5	6-4-4-2-7-6-7-4-3-3-2-4	10-5-5-4-6-3-4-7-6-3-6-4	3-7-6-6-3-3-4-2-6-4-4-0	2-7-2-10-3-4-5-6-6-3-4-3	2-3-3-3-5-3-6-4-5-5-7-3	3-2-4-0-3-4-6-6-5-5-2-3	4-2-2-3-3-4-7-3-4-4-3-0	6-0-4-3-5-3-5-2-1-5-4-3	2-4-5-8-2-5-4-5-2-0-7-4	3-3-6-6-4-4-0-3-8-4-3-4	3-2-2-3-2-5-2-0-4-4-6-6
280	6	5-4-5-6-5-6-5-6-5-6-6-6	5-4-4-2-8-6-4-8-7-8-6-7	3-6-7-7-5-7-7-4-5-4-5-6	7-7-5-7-6-3-7-2-5-4-4-7	7-4-2-12-3-4-7-5-5-6-4-3	9-3-7-3-5-3-5-6-5-6-5-7	3-2-4-0-3-4-5-5-5-5-2-3	4-6-2-3-7-4-5-3-3-8-8-6	5-0-3-3-3-8-0-7-8-7-6-8	5-3-6-4-8-8-5-3-6-3-0-4	6-3-5-5-5-7-0-3-3-2-8-3	6-8-6-3-6-7-6-7-4-7-5-5
280	7	7-7-5-7-7-7-5-7-5-8-8-6	6-9-4-6-5-6-7-8-6-3-10-6	0-7-9-8-8-6-8-9-9-11-6-8	6-5-8-6-9-5-6-6-8-8-4-6	6-4-2-8-3-4-6-5-8-8-6-7	6-4-8-11-7-7-5-6-7-7-5-6	3-7-7-10-3-8-6-5-7-7-7-3	4-7-8-3-6-9-5-3-3-7-8-0	3-0-3-3-3-6-3-6-6-6-7-6	7-3-6-6-8-8-5-11-7-3-5-8	3-3-5-5-8-6-0-3-3-2-6-3	6-3-6-3-6-6-8-6-4-6-5-5
280	8	8-7-13-7-8-5-8-8-13-7-7-5	8-4-4-10-6-8-9-7-6-6-9-9	9-9-10-7-7-3-9-10-7-7-9-7	9-9-9-7-10-9-6-11-7-7-7-9	9-8-13-7-3-4-9-9-7-7-9-9	9-9-9-7-7-9-9-4-5-7-3-10	12-7-7-8-3-8-9-9-7-8-9-3	6-9-9-9-3-8-5-10-13-6-12-3	8-0-13-9-8-6-3-9-6-6-10-6	7-8-8-8-9-6-9-6-8-0-9-9	9-3-5-5-7-8-0-4-9-10-6-8	8-6-6-9-8-9-7-6-4-8-5-5
280	9	12-9-8-9-9-9-9-9-9-8-7-9	8-13-9-8-10-10-8-10-6-10-8-8	8-8-8-8-7-8-8-9-7-10-10-10	8-8-8-8-7-8-10-8-10-9-10-8	8-0-8-6-3-10-8-8-10-7-8-8	8-8-12-8-9-8-10-9-9-9-8-8	8-9-9-9-12-9-8-8-9-9-8-3	9-8-8-8-9-8-10-9-3-10-8-9	8-9-8-8-10-9-8-8-8-5-11-6	10-8-9-9-8-9-8-12-8-3-8-8	8-3-5-12-13-9-0-9-8-8-6-8	9-6-6-8-8-8-7-9-4-11-12-9
280	10	9-10-8-11-10-10-9-11-8-10-9-11	10-9-9-8-11-11-11-9-8-8-11-11	10-10-8-7-8-8-9-11-9-9-9-11	11-11-12-12-8-11-9-8-9-11-9-8	8-12-8-5-11-9-11-11-9-11-10-11	11-11-9-10-9-8-9-9-10-9-11-8	11-11-10-11-10-12-12-11-7-9-11-11	11-7-11-11-9-12-9-8-3-10-10-10	11-0-8-10-11-6-11-12-6-6-8-10	9-11-12-10-11-6-10-9-10-11-11-10	10-3-10-9-9-8-0-11-10-8-6-10	9-6-6-8-11-10-10-9-4-4-9-9
280	11	11-13-11-10-12-10-11-11-11-11-12-12	13-13-11-10-12-12-10-9-10-11-10-10	8-10-8-8-10-12-8-10-9-12-12-10	10-10-10-10-8-10-9-8-12-10-9-8	8-10-8-10-10-11-10-10-12-10-11-10	10-10-9-7-11-8-12-12-9-11-10-10	10-10-11-10-10-11-12-10-7-7-8-10	4-8-10-10-9-10-11-9-3-10-10-10	10-11-9-10-10-9-10-8-8-13-9-10	9-10-11-10-8-9-10-9-10-10-10-10	10-3-12-9-9-11-13-10-10-8-10-10	9-3-6-8-10-8-6-9-12-13-11-12
280	12	9-12-12-12-11-13-12-11-13-13-11-11	13-11-9-13-11-11-13-13-13-12-13-10	8-12-8-13-12-13-13-10-10-11-11-11	10-12-10-10-12-10-13-8-11-10-12-8	12-10-8-6-13-11-11-10-11-10-12-8	10-12-9-10-9-8-11-11-9-9-3-8	13-10-11-10-9-10-11-10-7-9-8-13	12-8-13-12-12-10-9-12-3-11-13-10	10-0-6-10-12-12-12-10-8-12-12-6	12-12-10-11-12-12-11-9-10-10-10-10	12-3-11-9-9-12-13-12-12-12-6-12	12-12-6-12-12-8-12-9-11-11-9-11
280	13	13-13-13-13-13-13-12-13-13-13-13-13	12-11-13-12-13-10-12-12-12-13-12-11	11-13-13-12-13-12-13-10-11-13-13-13	13-13-12-13-13-13-12-13-13-13-13-8	13-10-8-13-13-13-12-13-13-13-8-8	13-13-13-13-13-8-13-13-13-13-13-13	12-10-13-13-9-13-13-10-13-13-12-10	13-13-12-13-13-10-9-8-8-13-12-13	10-13-8-13-12-13-13-12-13-12-12-6	9-13-13-10-10-12-13-9-10-13-10-13	8-13-13-9-9-6-12-12-13-13-6-13	9-13-13-12-10-13-13-9-13-11-9-11
281	0	0-0-0-0-0-0-0-0-0-0-0-0	0-0-0-0-0-0-0-0-0-0-0-0	0-0-0-0-0-0-0-0-0-0-0-0	0-0-0-0-0-0-0-0-0-0-0-0	0-0-0-0-0-0-0-0-0-0-0-0	0-0-0-0-0-0-0-0-0-0-0-0	0-0-0-0-0-0-0-0-0-0-0-0	0-0-0-0-0-0-0-0-0-0-0-0	0-0-0-0-0-0-0-0-0-0-0-0	0-0-0-0-0-0-0-0-0-0-0-0	0-0-0-0-0-0-0-0-0-0-0-0	0-0-0-0-0-0-0-0-0-0-0-0
281	1	1-1-1-1-1-1-1-1-1-1-1-1	1-1-1-1-1-1-2-1-0-1-1-0	1-2-2-2-2-0-2-0-0-1-0-0	2-0-0-2-2-2-0-2-1-0-2-5	2-0-1-2-0-1-0-2-1-0-1-2	2-2-1-1-1-2-1-1-1-1-0-0	1-1-1-1-0-0-1-0-1-1-1-1	1-1-1-1-1-0-1-1-1-1-1-0	0-0-1-1-2-1-0-1-1-1-1-1	5-1-0-2-2-2-0-1-3-0-0-1	1-1-1-0-0-0-0-1-0-1-1-0	0-1-3-1-2-0-1-0-0-1-2-1
281	2	2-2-2-2-2-2-2-2-2-2-2-2	3-2-1-1-2-2-1-3-2-3-1-2	4-3-1-1-1-5-3-1-0-3-3-3	1-3-1-1-1-1-2-1-1-2-1-1	1-2-1-1-5-2-3-3-3-2-4-3	1-4-4-3-2-1-3-3-2-2-2-2	1-1-3-2-3-0-2-3-2-2-2-3	2-2-1-3-2-2-2-3-2-2-2-2	2-5-2-2-1-3-2-3-2-2-1-2	2-3-2-1-1-1-2-2-0-2-2-1	2-10-2-0-2-2-1-2-2-3-2-2	2-2-7-2-1-2-1-0-2-2-1-2
281	3	3-3-3-3-3-3-3-3-3-3-3-3	2-3-3-1-3-3-1-2-2-2-1-2	1-2-1-1-1-2-4-0-4-2-4-4	2-2-3-4-1-1-4-1-4-3-4-1	1-0-1-1-2-4-2-2-2-3-2-2	1-2-2-2-3-1-4-4-2-3-8-3	1-1-4-0-2-3-2-4-2-3-2-2	3-2-2-2-6-2-3-4-2-3-2-2	3-3-2-2-3-2-0-2-3-3-3-4	2-2-3-3-4-2-4-3-4-2-3-10	0-2-4-3-2-3-5-2-2-2-2-2	2-2-1-2-0-4-1-9-3-4-3-4
281	4	5-4-4-4-4-4-4-5-4-4-3-4	5-5-3-1-5-4-2-2-2-5-3-5	2-4-6-2-3-4-3-5-3-2-5-5	2-3-5-1-1-2-5-1-5-5-2-1	1-0-1-5-2-3-5-4-5-2-2-1	1-2-2-2-4-1-5-3-4-4-4-3	1-1-3-0-2-4-5-3-4-4-1-2	4-3-1-3-2-0-5-3-2-4-2-5	5-2-5-2-4-2-0-2-4-5-1-3	3-3-4-5-3-5-5-4-3-2-3-1	6-2-3-11-5-5-3-5-8-2-2-2	5-2-1-4-1-3-1-4-8-3-4-5
281	5	4-5-4-4-5-5-4-4-5-3-5-5	4-4-3-1-4-4-6-2-6-4-6-4	7-6-7-6-6-2-6-6-5-2-4-6	6-6-4-6-7-6-5-6-4-4-4-1	7-0-6-6-2-3-6-6-4-7-7-6	6-6-6-8-5-9-4-6-2-4-6-6	2-1-4-0-2-5-4-6-4-5-6-2	4-5-1-6-2-6-4-8-2-4-7-4	6-2-4-2-5-5-0-6-5-6-6-3	6-7-8-4-6-4-5-6-1-6-5-6	2-2-6-8-5-6-3-5-6-8-9-2	7-5-5-5-6-6-2-7-4-4-4-4
281	6	6-6-6-6-6-6-6-6-6-7-6-6	6-8-9-1-3-7-5-7-5-4-5-7	5-5-5-5-5-2-7-7-5-7-7-5	5-5-7-5-5-5-7-5-7-4-6-1	5-0-5-5-2-7-5-5-6-5-5-5	5-5-5-3-6-5-7-6-8-6-5-5	1-6-6-6-8-6-8-7-4-6-5-2	6-5-8-5-7-5-6-7-2-6-5-2	5-6-2-2-6-5-0-5-7-5-5-7	7-5-6-3-5-2-5-5-7-5-5-5	4-2-5-4-5-5-7-4-5-2-5-7	6-2-5-5-5-5-1-4-4-6-4-4
281	7	7-7-7-8-6-7-7-6-7-7-8-7	7-8-6-7-10-6-5-9-5-8-5-10	5-7-5-5-5-8-8-8-8-8-8-7	7-5-8-5-5-5-8-1-8-7-8-1	5-0-5-10-2-6-8-7-8-5-5-5	5-5-5-2-7-1-8-8-9-7-5-5	2-10-7-0-8-4-10-6-4-6-5-2	7-5-1-6-6-7-7-6-2-8-5-5	9-2-8-2-7-5-0-5-6-6-6-6	6-5-7-8-8-5-8-7-6-5-5-1	8-6-11-5-11-9-6-4-2-6-5-6	6-2-2-5-5-6-1-5-8-5-4-4
281	8	8-8-6-7-7-7-7-8-6-8-7-7	9-7-6-9-9-7-9-7-10-7-9-7	9-9-9-5-9-9-9-9-9-7-7-9	9-9-7-5-9-9-7-1-7-10-7-8	1-11-8-8-2-6-9-9-7-5-5-9	9-9-5-5-8-8-7-9-6-7-3-10	8-7-7-8-6-8-7-6-2-6-8-8	7-9-6-9-6-10-6-9-11-7-8-0	9-2-7-9-9-5-8-9-6-8-9-5	11-9-8-5-7-9-7-4-9-10-8-3	8-2-7-5-7-11-9-2-4-5-5-8	8-5-9-8-10-5-1-6-7-9-6-4
281	9	9-9-9-10-9-7-9-9-10-7-9-9	8-10-6-8-8-6-8-7-8-10-8-7	8-8-8-10-8-8-8-10-8-10-10-8	8-8-8-8-8-8-7-5-10-8-10-8	1-0-8-5-2-10-8-8-10-9-5-8	8-8-5-9-9-5-10-8-9-9-7-9	1-10-7-0-9-9-9-10-7-6-8-2	9-8-9-8-6-8-7-8-2-9-11-9	7-9-8-8-8-5-10-8-9-6-9-6	8-8-11-10-5-8-8-10-8-8-8-9	8-11-10-10-10-9-8-9-8-8-5-6	10-2-8-5-5-9-11-9-10-8-11-9
281	10	9-9-9-9-9-11-7-9-9-10-9-10	8-9-9-10-8-7-8-7-8-9-11-7	10-10-10-10-10-11-9-9-9-9-9-10	8-8-11-11-10-8-7-1-9-8-9-10	1-8-10-7-2-9-11-10-9-5-5-10	8-8-5-10-7-11-9-11-6-9-2-10	11-7-7-10-9-10-7-9-2-10-10-10	8-10-6-10-2-8-6-8-2-11-5-2	11-9-11-10-5-5-10-10-6-9-10-4	11-10-8-9-10-10-10-9-10-8-10-10	10-2-9-9-9-11-10-8-10-10-5-10	9-5-8-10-10-5-10-9-9-10-9-4
281	11	11-11-11-11-11-11-11-11-11-11-11-11	9-9-11-10-11-9-10-10-11-11-10-10	9-11-11-10-11-11-11-11-10-11-11-11	11-11-10-11-11-11-7-11-11-11-11-10	11-8-11-11-11-11-10-11-9-11-10-10	11-11-11-11-11-5-11-11-11-11-11-11	10-11-11-11-6-11-11-9-11-11-8-11	11-11-10-11-11-8-6-8-8-10-9-11	10-11-11-11-1-11-11-11-11-7-10-4	10-11-11-11-11-11-11-9-10-11-11-11	10-11-7-4-7-8-11-11-11-11-11-11	11-11-11-10-5-11-11-9-11-11-9-11
282	0	0-0-0-0-0-0-0-0-0-0-0-0	0-0-0-0-0-0-0-0-0-0-0-0	0-0-0-0-0-0-0-0-0-0-0-0	0-0-0-0-0-0-0-0-0-0-0-0	0-0-0-0-0-0-0-0-0-0-0-0	0-0-0-0-0-0-0-0-0-0-0-0	0-0-0-0-0-0-0-0-0-0-0-0	0-0-0-0-0-0-0-0-0-0-0-0	0-0-0-0-0-0-0-0-0-0-0-0	0-0-0-0-0-0-0-0-0-0-0-0	0-0-0-0-0-0-0-0-0-0-0-0	0-0-0-0-0-0-0-0-0-0-0-0
282	1	1-1-1-1-1-1-1-1-1-1-1-1	1-1-1-1-1-1-0-1-1-1-1-2	0-2-2-2-2-0-2-0-0-1-0-2	2-0-0-2-1-2-0-4-1-0-2-5	2-0-4-3-2-1-2-2-1-1-0-1	2-2-1-1-1-3-1-1-1-1-3-1	1-1-1-1-0-1-1-2-1-1-2-1	1-1-2-1-1-2-1-1-1-1-1-0	0-0-1-1-2-1-0-1-3-0-1-1	2-1-1-4-2-2-1-1-3-0-2-1	2-1-1-2-2-3-0-0-0-1-1-1	0-1-1-1-4-1-1-0-2-0-2-1
282	2	2-2-2-2-2-2-2-2-2-2-2-2	3-2-2-1-2-2-3-2-3-3-1-2	0-3-1-1-1-7-1-3-2-4-3-1	3-3-3-1-1-1-2-1-2-2-1-1	1-0-1-1-7-1-3-1-2-2-4-1	1-4-4-3-2-1-3-4-2-2-11-2	1-2-2-2-3-2-2-3-2-2-1-3	2-1-1-3-2-1-2-6-5-0-4-0	2-0-2-2-1-2-2-1-2-2-1-2	1-1-1-2-1-1-2-2-0-5-1-1	1-3-2-1-3-2-0-2-5-3-1-2	2-3-1-3-1-1-1-2-1-1-1-1
282	3	3-3-3-3-3-3-3-3-3-3-3-3	2-3-3-1-2-3-2-4-2-2-1-4	0-2-2-1-4-2-4-5-4-5-4-4	2-2-2-2-1-1-4-1-3-4-4-1	1-5-1-1-2-5-2-2-2-6-2-2	1-2-2-2-2-1-4-2-2-3-1-3	1-1-4-2-2-3-2-4-3-3-1-2	4-1-1-2-3-3-2-2-4-3-2-0	3-0-2-2-3-2-0-2-4-3-4-2	2-1-3-5-1-5-4-2-1-2-4-1	0-2-7-3-4-4-0-2-2-4-2-4	2-2-1-2-1-3-1-3-7-4-3-6
282	4	4-4-4-4-4-4-4-4-5-4-4-4	5-5-3-1-4-5-6-3-2-2-5-3	0-4-4-3-5-2-3-6-5-2-5-3	2-6-5-5-1-2-4-1-5-3-3-0	1-0-1-4-2-3-4-6-5-6-2-1	1-2-2-2-4-1-5-2-4-4-5-2	1-1-3-1-2-4-4-5-4-4-1-4	3-2-1-3-2-0-7-2-3-3-2-0	5-0-3-2-4-2-0-12-4-4-3-5	1-1-4-7-1-4-3-5-1-0-1-1	0-2-5-5-3-3-0-0-10-3-2-3	9-1-1-7-1-4-1-0-3-3-5-5
282	5	4-3-4-5-5-5-4-5-4-5-5-6	4-4-3-1-7-5-3-4-6-7-5-6	2-5-6-1-6-5-6-6-4-3-4-5	6-6-4-6-1-2-6-1-7-3-3-1	6-3-1-11-2-3-6-4-4-5-6-1	1-2-6-1-4-1-4-5-4-5-4-3	1-1-3-2-2-3-4-4-4-4-6-6	3-1-1-6-5-5-4-2-2-4-7-5	4-2-2-5-2-7-0-6-5-7-5-5	5-2-5-3-1-7-5-4-1-2-1-1	5-7-5-4-4-6-0-2-2-2-7-2	5-7-5-6-5-5-5-5-3-5-4-4
282	6	6-7-4-6-6-6-4-6-4-8-6-5	7-4-3-1-5-5-6-7-5-5-6-5	0-7-9-7-5-5-7-8-7-8-7-7	5-6-7-5-9-9-4-5-5-7-3-5	5-3-1-7-2-3-5-4-7-8-5-6	5-5-7-7-6-1-4-5-6-7-4-6	1-6-6-2-2-6-5-4-7-10-6-7	3-6-11-5-5-7-4-2-2-6-2-0	6-0-2-2-2-5-0-5-5-5-6-5	7-2-6-5-7-12-7-9-6-2-1-11	5-5-5-10-7-5-5-2-2-5-5-2	5-12-5-5-5-5-7-5-3-5-4-4
282	7	7-8-6-8-6-4-6-7-7-7-7-4	6-4-3-7-5-4-8-6-5-5-8-5	8-6-8-9-8-2-8-9-6-8-6-6	8-8-8-6-8-8-4-9-5-4-3-7	9-1-7-8-2-3-8-8-6-6-7-7	2-9-8-6-6-8-3-7-4-6-2-9	1-1-6-0-8-7-4-8-6-7-7-6	2-7-7-8-8-7-4-7-2-12-5-0	7-0-2-8-7-5-2-8-5-5-7-5	6-8-7-4-8-5-9-4-7-0-7-8	0-5-5-4-6-7-0-7-0-7-5-2	5-5-7-4-0-5-6-0-3-7-4-3
282	8	8-8-8-8-8-8-8-8-8-8-6-8	8-11-8-7-8-8-7-8-8-8-7-8	7-8-7-6-7-8-9-8-8-9-9-7	7-8-9-6-7-7-8-7-9-9-8-7	7-0-7-7-2-8-7-7-8-6-7-7	1-7-7-6-8-7-9-8-8-8-4-8	1-10-8-1-9-8-8-7-6-6-0-6	8-7-9-9-7-9-8-7-2-9-0-0	7-0-9-7-4-5-0-7-5-6-6-9	6-7-8-5-7-5-5-5-9-7-0-7	0-9-4-8-6-8-0-0-0-7-9-7	5-5-7-7-0-9-6-0-8-12-8-4
282	9	8-9-8-9-9-8-9-8-8-9-9-8	8-8-8-7-5-5-7-8-5-8-7-8	7-9-6-7-7-8-8-8-9-10-8-8	9-8-8-10-7-7-9-7-8-10-8-0	7-0-7-7-10-8-8-9-10-6-7-7	1-7-8-6-9-7-10-9-9-9-5-7	1-10-9-1-8-9-9-8-6-9-10-9	3-7-8-8-9-8-9-7-2-8-7-10	9-0-8-7-9-5-0-10-5-9-4-10	10-9-8-10-7-6-10-11-8-9-10-8	0-8-9-11-12-10-10-10-1-12-8-7	4-5-5-2-12-11-10-9-9-9-9-6
282	10	11-12-12-10-11-11-11-12-12-12-10-12	11-8-11-11-11-11-11-11-11-11-12-12	10-11-11-10-10-11-10-10-11-9-11-10	11-11-11-11-7-11-11-7-9-10-9-10	7-12-10-9-11-8-11-10-9-10-10-10	10-11-8-11-11-12-9-9-9-8-4-11	11-9-10-11-10-11-9-11-6-11-11-9	10-7-10-12-9-11-8-7-9-11-10-10	10-10-10-9-11-10-10-10-5-10-12-9	10-10-7-11-11-5-9-12-11-11-11-7	11-9-10-10-9-9-10-11-11-10-9-7	12-5-10-11-10-10-9-10-10-10-8-10
282	11	10-10-10-10-10-10-10-10-10-10-10-10	10-8-10-12-10-10-10-12-10-10-10-10	7-10-10-10-11-12-10-10-10-10-10-11	10-10-10-12-11-10-10-7-9-9-11-11	11-10-11-5-10-11-12-11-9-11-11-7	11-10-8-10-10-10-9-11-8-9-2-10	10-8-10-10-10-10-4-10-6-10-11-12	10-7-11-11-11-10-8-11-2-10-11-10	10-10-11-11-11-11-10-11-6-10-11-5	11-11-7-10-10-11-11-9-10-10-10-7	10-5-11-9-3-11-10-10-11-11-5-11	10-11-10-11-11-9-11-10-8-11-8-11
282	12	12-10-12-12-12-10-10-10-10-10-12-10	10-8-12-11-10-10-10-11-10-12-10-10	10-12-10-10-12-11-11-12-10-12-12-12	11-12-12-11-12-12-10-7-12-12-12-11	11-10-12-12-10-12-11-11-12-12-7-7	12-12-12-12-12-10-11-12-12-12-12-11	10-12-12-12-10-12-5-11-12-10-11-11	12-7-7-10-12-10-12-7-7-10-10-12	11-12-12-12-7-5-12-9-12-10-11-10	10-10-12-12-12-5-12-10-10-12-12-12	10-12-12-12-9-9-10-10-12-12-5-12	10-12-12-10-10-12-12-10-12-12-12-12
283	0	0-0-0-0-0-0-0-0-0-0-0-0	0-0-0-0-0-0-0-0-0-0-0-0	0-0-0-0-0-0-0-0-0-0-0-0	0-0-0-0-0-0-0-0-0-0-0-0	0-0-0-0-0-0-0-0-0-0-0-0	0-0-0-0-0-0-0-0-0-0-0-0	0-0-0-0-0-0-0-0-0-0-0-0	0-0-0-0-0-0-0-0-0-0-0-0	0-0-0-0-0-0-0-0-0-0-0-0	0-0-0-0-0-0-0-0-0-0-0-0	0-0-0-0-0-0-0-0-0-0-0-0	0-0-0-0-0-0-0-0-0-0-0-0
283	1	1-1-1-0-1-0-0-1-1-1-1-1	1-0-0-1-0-1-2-0-1-2-1-0	2-2-2-2-2-2-2-0-0-0-2-0	2-2-1-2-2-2-0-2-2-2-2-2	3-1-2-2-2-0-2-2-0-0-3-2	2-2-2-1-1-2-2-0-0-0-0-0	2-2-1-0-0-0-0-2-1-1-1-0	1-2-3-2-2-1-0-3-2-0-1-1	0-2-1-2-1-2-1-2-2-1-1-0	2-1-1-0-0-0-2-0-2-1-0-0	0-0-0-0-2-0-2-1-0-1-1-1	1-2-2-1-0-1-2-0-0-0-0-2
283	2	2-2-2-2-2-2-2-2-2-3-2-2	1-3-3-1-2-3-1-2-1-1-1-2	1-1-1-1-1-1-1-2-0-2-3-2	1-1-0-1-1-1-3-1-1-1-1-1	1-2-1-1-1-3-1-1-3-3-1-1	1-1-1-2-2-1-3-1-2-0-3-2	1-1-2-0-2-2-3-1-0-0-1-2	0-1-1-1-1-2-3-1-1-2-3-3	2-1-1-1-2-1-2-2-1-2-1-2	1-1-2-2-2-2-1-0-1-2-2-2	2-2-5-6-6-2-1-2-2-2-1-2	2-1-1-2-0-2-1-2-6-6-5-1
283	3	2-3-3-2-3-2-2-2-2-2-2-3	3-2-2-3-2-2-3-4-4-3-4-2	7-3-4-1-1-4-4-5-3-2-2-3	4-3-3-4-1-4-2-4-3-4-4-3	1-3-12-1-3-2-2-4-4-2-1-1	5-5-1-3-3-1-2-4-0-0-12-4	3-2-2-3-4-5-2-3-4-3-3-4	3-0-1-3-3-5-2-1-3-3-2-3	3-3-3-1-9-3-3-3-2-3-3-4	3-3-3-3-2-2-0-0-3-5-3-2	5-3-2-2-2-3-3-5-3-3-1-3	3-3-3-3-3-3-3-3-2-3-0-0
283	4	5-5-4-4-5-4-4-5-4-6-5-4	5-5-2-4-5-5-5-5-5-5-7-5	3-4-5-5-5-5-5-5-6-5-5-5	3-4-3-5-4-5-5-3-5-3-5-3	6-8-3-3-3-4-5-4-3-5-8-13	7-3-5-4-3-8-3-3-4-0-13-3	4-4-4-4-3-3-2-4-4-5-8-5	4-4-1-4-4-3-2-5-4-3-4-9	9-3-5-4-4-6-4-5-6-13-4-5	3-5-5-5-5-5-7-6-3-3-9-4	6-5-4-5-5-4-3-3-8-4-5-3	3-4-4-3-5-5-6-5-4-5-8-6
283	5	4-4-4-4-4-4-4-4-5-4-4-6	4-4-2-8-4-4-4-4-4-4-6-4	3-6-6-6-7-4-6-4-4-4-4-6	6-4-4-8-7-6-4-9-4-3-6-3	7-3-3-6-4-6-4-6-3-4-4-6	8-3-6-4-4-4-6-6-4-0-13-6	3-8-2-3-5-3-2-4-0-5-9-7	4-5-7-5-4-3-2-4-3-4-4-4	3-3-4-4-6-4-3-4-7-5-7-4	3-7-4-4-4-4-1-6-3-3-3-4	3-4-2-4-4-4-3-3-3-5-4-3	3-5-5-3-4-4-4-4-2-4-2-4
283	6	7-6-4-4-6-6-4-4-4-4-4-5	4-6-2-5-4-4-7-7-7-7-5-7	3-5-5-5-5-11-5-7-4-8-7-5	5-7-3-5-5-5-7-5-5-6-5-3	5-3-1-5-7-5-7-5-6-6-5-5	5-8-8-6-6-4-7-5-7-6-14-5	6-6-11-6-7-3-7-7-6-7-5-9	6-5-5-7-6-3-2-10-9-4-4-4	6-3-6-6-5-4-10-7-4-4-5-5	7-6-4-7-4-4-4-4-3-7-6-5	4-4-2-4-2-6-3-7-7-7-4-6	3-6-5-3-4-4-4-4-2-7-5-4
283	7	6-7-7-7-4-7-7-7-7-4-4-7	4-7-8-5-4-4-6-8-6-6-5-8	3-6-4-5-5-6-8-9-8-9-8-8	6-6-6-5-5-5-8-5-8-8-9-3	5-3-5-5-6-9-6-8-6-9-4-5	4-6-6-4-6-4-8-8-6-7-5-7	3-7-10-3-6-9-8-8-7-6-5-5	8-5-5-6-7-3-2-6-8-7-4-4	7-3-6-6-13-4-4-6-5-7-8-4	6-5-7-9-4-7-8-13-3-6-3-4	4-7-15-7-8-8-3-6-6-8-4-8	3-6-5-3-4-4-5-7-8-6-7-4
283	8	8-4-8-8-8-8-8-4-10-4-8-8	4-9-7-5-9-9-4-7-6-6-5-7	3-8-4-5-9-6-7-10-7-6-9-7	6-10-9-5-5-6-10-5-9-7-7-3	5-4-3-11-6-7-8-9-9-4-4-5	5-6-6-4-8-4-9-7-8-8-9-6	3-7-7-4-6-9-8-9-9-8-4-8	7-5-5-6-6-4-10-6-7-7-4-6	15-3-6-6-8-4-4-4-8-7-7-9	13-6-8-7-4-8-7-8-4-3-4-5	4-7-4-9-7-7-3-3-3-7-4-7	3-6-5-3-4-7-4-7-7-7-9-9
283	9	8-7-8-10-9-10-8-4-8-9-4-8	4-8-7-5-11-8-4-11-11-11-9-10	6-9-10-5-8-12-10-7-8-7-8-9	10-7-8-10-5-6-10-5-8-7-7-3	10-3-5-12-6-7-10-8-8-7-7-5	5-6-6-4-8-4-8-9-8-10-8-10	3-9-7-4-6-8-8-11-8-8-5-6	13-5-5-6-9-3-8-6-6-7-4-4	4-3-6-9-3-10-3-10-11-7-13-11	3-6-9-7-4-15-9-0-3-3-4-5	9-11-8-8-9-10-4-3-3-9-11-6	3-11-9-3-4-9-9-10-7-9-8-8
283	10	10-11-8-11-11-10-8-10-8-4-10-9	4-11-7-4-11-9-11-8-9-6-12-9	6-10-12-12-11-9-11-9-11-12-9-11	9-11-11-9-11-8-9-9-9-11-7-3	9-3-5-11-6-7-11-8-11-11-9-5	6-7-11-11-10-4-8-9-10-11-7-9	3-10-12-4-6-10-8-8-10-12-5-11	7-10-5-4-9-3-8-6-6-10-4-4	11-3-6-12-6-9-6-9-9-9-10-9	10-6-9-7-4-9-8-14-10-6-4-10	4-4-4-8-15-9-4-6-3-4-9-6	3-6-9-3-4-4-11-9-7-7-8-8
283	11	8-11-11-10-10-10-13-11-11-12-4-12	6-10-7-5-9-9-10-10-9-9-12-10	12-11-12-10-10-6-12-12-12-10-12-12	12-12-12-10-10-12-9-14-9-10-7-3	12-3-13-10-6-7-12-12-9-10-12-12	3-12-12-10-10-4-7-9-8-10-6-12	15-10-7-3-10-13-8-9-10-6-3-10	11-10-5-12-9-11-8-6-6-4-11-4	12-3-6-12-11-9-3-12-9-9-10-9	10-4-11-11-12-9-12-8-11-4-12-11	4-9-2-8-10-13-7-3-4-11-9-6	3-9-11-3-12-4-10-9-7-12-8-4
283	12	13-12-12-12-12-13-13-13-11-11-13-11	9-14-13-4-12-13-10-13-9-6-11-13	11-11-11-10-10-9-11-11-11-13-13-11	11-11-12-11-10-11-13-11-13-14-13-3	11-3-3-9-11-13-13-11-13-10-11-11	3-11-13-10-14-4-13-12-8-12-3-11	3-14-10-3-13-12-12-12-10-14-3-12	12-13-13-11-10-3-12-12-6-12-4-6	11-3-6-11-14-9-3-11-15-10-12-13	3-6-12-12-11-11-15-13-11-3-11-14	3-9-4-15-4-4-12-3-4-11-9-6	14-15-9-11-11-12-10-7-12-13-8-12
283	13	12-14-12-15-12-13-14-12-13-13-12-8	15-12-12-13-12-12-14-15-9-6-11-15	13-14-14-10-13-14-14-13-13-12-12-13	14-14-14-14-11-14-12-3-12-12-14-15	5-14-11-13-14-12-14-13-12-13-13-13	4-13-12-13-13-15-12-12-13-10-5-14	13-12-12-4-13-11-12-14-10-12-13-15	14-12-14-12-10-14-12-12-6-13-14-13	13-13-13-13-5-4-13-14-9-4-12-9	8-5-11-13-14-9-12-12-13-14-14-12	14-4-4-14-10-11-14-6-14-11-9-6	13-9-13-11-4-4-10-13-7-13-8-4
283	14	13-15-15-13-15-14-15-15-15-15-15-15	15-12-12-15-12-15-13-15-9-14-15-15	13-13-13-13-14-13-15-13-11-13-13-13	15-13-13-13-14-13-12-11-12-12-13-14	14-13-3-10-13-14-13-14-12-10-14-14	14-14-12-14-12-13-12-13-13-10-6-13	13-12-12-14-13-14-8-13-10-12-14-12	13-12-13-14-14-13-12-8-6-13-13-13	13-3-14-13-15-14-14-14-9-13-14-9	14-14-11-13-13-14-12-10-13-13-13-12	13-4-14-13-7-14-13-14-14-14-9-11	13-12-14-3-14-7-14-13-7-14-12-12
283	15	15-15-14-15-15-15-14-15-15-15-15-15	14-12-15-14-15-14-13-13-13-15-14-14	13-13-14-14-15-15-14-15-13-15-15-14	14-15-15-14-15-15-13-15-12-15-15-13	14-13-15-15-13-15-14-14-12-15-1-11	15-15-15-15-15-13-15-15-15-15-15-14	11-15-15-15-12-15-9-15-15-15-14-14	15-15-11-15-15-13-15-11-11-15-14-13	8-15-15-15-14-15-15-8-15-4-14-9	3-15-15-15-15-9-15-14-15-15-15-15	13-15-15-12-10-9-13-15-15-15-15-15	15-15-15-3-4-15-15-13-15-15-12-12
284	0	0-0-0-0-0-0-0-0-0-0-0-0	0-0-0-0-0-0-0-0-0-0-0-0	0-0-0-0-0-0-0-0-0-0-0-0	0-0-0-0-0-0-0-0-0-0-0-0	0-0-0-0-0-0-0-0-0-0-0-0	0-0-0-0-0-0-0-0-0-0-0-0	0-0-0-0-0-0-0-0-0-0-0-0	0-0-0-0-0-0-0-0-0-0-0-0	0-0-0-0-0-0-0-0-0-0-0-0	0-0-0-0-0-0-0-0-0-0-0-0	0-0-0-0-0-0-0-0-0-0-0-0	0-0-0-0-0-0-0-0-0-0-0-0
284	1	0-1-1-1-0-1-1-1-1-1-1-1	1-0-0-1-1-0-2-0-2-0-2-0	2-1-0-1-0-0-2-2-2-0-2-0	2-2-0-0-2-2-0-3-0-0-0-2	2-1-5-0-2-0-2-2-0-1-1-2	2-2-0-1-1-2-2-2-0-0-13-3	0-0-0-2-1-1-1-2-2-0-2-0	1-1-2-2-1-1-0-2-2-1-2-1	1-1-1-2-1-1-1-1-0-1-1-0	2-1-1-0-0-0-1-1-2-1-1-1	1-1-1-0-1-1-1-2-2-2-0-1	1-0-1-2-1-1-1-1-1-1-1-0
284	2	2-2-2-2-2-2-2-2-2-2-2-2	2-3-2-2-2-3-1-3-2-2-1-2	1-1-1-2-3-1-3-1-1-4-3-0	1-1-1-0-1-1-2-1-3-0-3-1	1-1-1-0-1-3-1-1-3-1-1-1	1-1-1-1-2-1-3-1-2-2-5-2	3-3-2-1-2-2-3-1-1-2-1-3	2-2-2-1-2-2-3-2-3-2-1-1	2-1-2-1-2-2-1-1-2-2-1-2	2-2-2-2-1-0-2-3-1-1-1-3	1-3-2-4-3-1-1-2-2-1-2-2	2-3-1-1-2-2-1-2-2-1-3-3
284	3	3-3-2-3-3-2-3-2-2-2-3-2	2-2-2-3-2-3-3-2-3-2-1-2	1-4-4-3-4-4-2-4-3-3-2-3	4-4-4-3-4-4-2-1-2-4-2-1	4-3-1-4-3-2-4-4-2-3-1-4	4-1-0-3-3-5-2-1-2-0-12-1	2-2-3-3-3-3-2-3-3-3-3-4	3-2-2-4-3-4-2-1-2-3-3-3	5-1-3-4-3-3-3-4-2-1-3-4	3-3-3-5-5-4-3-2-3-9-5-2	5-2-3-4-2-3-5-3-5-3-2-2	3-2-3-1-3-2-3-3-3-3-2-2
284	4	5-5-5-5-4-4-5-5-4-5-4-5	5-5-5-7-5-6-5-5-5-5-5-5	4-3-5-5-5-6-5-3-6-4-5-5	5-3-5-5-3-3-5-6-5-5-4-1	4-3-4-5-4-4-3-3-5-5-5-3	5-3-5-4-5-6-4-6-5-4-4-4	11-4-4-3-3-4-5-9-5-6-3-5	10-4-5-3-4-9-6-5-4-5-3-9	4-1-4-3-5-6-17-3-6-6-4-8	5-5-7-7-4-5-5-6-5-3-3-4	4-5-5-8-5-5-3-6-3-5-6-4	5-4-4-4-3-6-6-6-4-4-4-4
284	5	4-4-4-4-4-4-4-4-4-4-4-4	4-4-4-5-4-4-4-4-4-4-6-4	7-5-7-4-7-6-6-6-4-5-6-6	6-6-4-4-5-6-4-9-4-4-6-9	7-3-12-6-11-6-6-5-4-4-4-5	4-6-6-5-4-8-6-4-4-4-9-4	12-2-4-3-5-4-4-4-4-4-9-4	4-5-6-5-5-4-2-4-5-5-3-3	3-1-4-5-6-4-4-5-4-4-6-4	4-4-4-4-13-4-13-4-8-3-3-6	3-4-4-0-4-4-3-4-3-4-4-5	4-8-5-5-3-4-7-3-4-3-6-4
284	6	4-4-4-4-4-4-4-4-4-4-4-4	4-4-4-4-4-4-7-7-4-7-5-5	5-5-5-4-5-11-5-5-4-5-5-5	5-7-7-4-5-5-4-4-4-6-5-5	5-6-5-5-7-5-7-5-6-6-5-5	4-7-8-15-6-4-7-4-6-6-16-6	5-6-4-6-7-6-2-5-6-4-5-9	4-5-5-7-5-3-4-8-9-4-5-3	6-1-6-7-5-4-6-7-4-4-5-7	4-6-6-4-5-5-7-4-10-7-6-5	6-7-4-0-6-6-3-10-9-7-4-6	4-6-6-7-6-4-4-4-2-7-5-4
284	7	4-4-4-4-4-4-4-4-4-4-4-4	4-4-8-4-4-4-6-8-4-6-5-8	5-6-5-5-5-6-8-9-4-9-8-8	6-6-6-6-5-6-4-4-8-8-9-5	5-9-5-5-6-9-6-6-6-10-11-5	4-6-6-6-6-4-8-4-6-7-17-7	5-8-4-7-6-6-8-8-7-6-5-6	8-5-6-6-5-7-7-6-8-8-3-4	6-1-6-6-7-4-4-5-4-7-8-4	4-4-4-9-4-4-8-4-5-3-5-5	3-6-4-4-8-5-3-4-6-8-4-8	4-6-5-6-3-4-5-3-15-4-7-4
284	8	4-4-8-4-4-4-8-4-10-4-4-4	4-4-7-5-4-4-5-10-4-6-5-7	1-5-5-5-9-6-7-7-4-6-9-7	5-7-9-9-5-6-4-4-9-7-7-5	5-4-5-5-6-7-8-10-9-6-4-5	4-6-6-5-8-5-9-7-8-8-9-6	5-7-7-3-6-6-8-7-8-8-5-13	7-6-5-7-5-4-11-6-7-7-3-4	4-1-7-6-8-4-4-5-8-8-7-4	4-4-8-5-4-8-7-9-5-3-3-5	3-6-4-4-7-6-3-6-3-7-4-7	4-6-5-6-3-4-5-4-7-4-9-4
284	9	4-4-8-4-4-10-4-4-8-4-4-9	4-7-7-5-4-4-4-6-10-6-9-11	5-9-5-5-8-7-10-7-4-7-8-9	10-7-8-10-5-5-10-5-11-7-7-5	10-7-5-12-6-7-10-8-8-14-7-5	6-6-6-5-8-5-8-9-8-9-5-6	5-11-7-3-6-6-8-4-8-8-5-6	7-5-6-9-10-4-8-10-6-7-3-4	6-1-6-6-6-9-1-10-11-11-5-11	3-5-9-7-4-11-9-8-5-3-5-5	3-12-8-0-8-10-3-6-6-6-11-6	9-11-9-6-6-4-9-4-7-4-8-4
284	10	4-4-8-10-4-9-8-4-8-4-4-4	4-12-4-4-4-4-13-11-9-6-12-9	5-11-12-11-9-12-11-14-13-12-11-11	9-7-10-9-12-12-9-14-9-7-14-5	9-7-5-11-6-7-9-8-11-13-9-5	4-7-9-11-10-4-8-9-10-9-5-9	5-16-10-3-6-6-9-4-10-8-10-11	4-10-11-9-9-3-8-9-6-10-11-4	6-1-6-6-6-9-4-9-9-9-5-9	11-4-10-9-4-9-11-15-10-3-6-5	6-4-8-2-11-9-3-6-6-4-9-6	9-17-9-6-9-4-11-9-7-4-8-4
284	11	10-12-11-11-11-4-11-4-12-4-4-11	4-7-7-12-4-4-10-10-12-9-12-9	13-10-13-10-12-6-12-10-12-10-10-10	12-12-12-12-13-12-4-13-9-7-7-5	14-3-5-10-5-7-12-12-10-10-14-12	4-12-12-10-8-14-7-9-6-7-6-13	5-10-10-3-12-11-9-12-10-11-5-10	4-12-10-12-9-12-8-14-6-10-11-4	6-1-6-14-11-9-6-12-9-9-11-9	10-6-11-7-12-9-8-8-12-3-14-5	3-9-4-0-10-14-3-11-6-14-9-6	9-9-9-6-14-4-10-4-7-11-8-4
284	12	13-11-12-12-11-13-12-12-12-14-12-15	4-16-16-11-14-9-10-10-9-6-11-13	11-12-11-10-11-14-11-13-11-13-13-11	11-11-11-11-10-11-14-11-13-13-12-5	11-3-5-9-6-13-11-11-12-10-11-11	6-11-11-10-12-11-13-12-6-12-3-12	5-15-10-3-13-12-9-11-10-15-3-10	4-11-10-13-5-11-16-11-6-12-3-4	4-1-13-11-17-9-1-11-9-8-8-12	4-4-12-13-11-15-4-4-11-3-17-13	3-9-16-12-4-13-3-6-3-4-9-11	4-15-9-6-3-4-10-4-7-11-8-4
284	13	12-16-14-17-16-13-12-14-13-4-16-15	14-17-12-11-4-13-10-14-9-12-11-12	11-13-11-10-14-15-14-12-11-14-12-14	13-14-14-16-10-11-12-11-12-14-12-1	11-1-5-14-15-12-14-13-14-10-11-11	4-11-12-10-13-11-14-12-6-13-1-11	5-14-10-3-12-11-8-14-10-13-5-8	4-11-17-12-9-13-12-12-6-14-3-14	4-1-12-11-12-9-1-14-9-10-12-14	4-6-10-14-14-8-14-10-12-14-15-12	3-9-4-14-14-12-3-6-3-13-13-11	4-13-9-13-4-4-10-15-4-16-8-13
284	14	13-14-13-17-15-13-14-13-16-12-4-17	13-12-12-17-12-13-16-13-15-14-11-16	15-15-16-10-13-16-13-15-14-13-13-13	15-15-15-13-10-15-14-11-13-13-10-15	11-15-5-13-15-12-13-15-13-10-11-11	4-15-11-10-14-11-13-12-10-6-8-11	14-13-10-14-12-16-9-13-16-11-17-14	4-12-16-14-9-14-12-11-14-14-15-13	6-14-15-11-11-9-14-13-9-9-11-13	14-6-11-13-13-9-8-9-14-16-14-5	3-9-4-13-13-17-3-14-14-11-9-14	14-13-14-14-14-4-10-14-7-4-8-4
284	15	14-17-16-15-14-13-15-12-14-16-17-12	16-12-12-16-4-13-17-17-14-15-16-17	16-16-16-17-16-16-16-14-16-16-13-16	14-14-14-15-15-16-17-11-16-16-15-14	16-14-5-16-14-15-16-16-16-10-13-16	16-14-15-6-13-11-16-15-6-7-15-11	15-12-10-15-12-14-16-14-8-14-16-16	4-11-16-15-15-14-8-12-6-13-15-13	15-14-14-11-17-4-14-11-9-17-15-13	14-15-11-9-12-15-7-10-14-14-14-5	4-4-4-13-13-5-3-15-15-15-9-15	14-15-14-14-11-4-10-13-7-4-8-4
284	16	13-16-15-12-13-13-12-13-14-15-17-12	16-12-12-15-12-13-14-15-14-12-15-15	15-15-15-15-15-15-15-15-15-15-14-15	14-16-13-15-16-15-16-11-15-15-15-16	15-16-16-13-14-15-15-15-15-17-15-16	15-14-15-16-14-13-15-15-16-6-6-17	17-13-12-16-12-16-15-13-14-17-16-15	16-16-14-16-15-14-12-17-6-14-16-13	17-14-16-16-16-9-14-11-9-8-16-9	16-15-16-13-13-15-16-17-14-14-16-16	16-9-4-13-13-16-3-16-16-15-9-16	4-13-14-16-16-4-10-4-7-16-16-12
284	17	17-17-17-17-17-17-15-17-17-17-17-17	16-13-17-15-17-17-15-15-14-17-15-15	14-15-17-15-17-15-17-17-16-17-17-15	16-17-17-17-17-17-15-11-15-17-17-16	15-16-17-17-17-17-16-17-17-17-11-11	17-17-17-17-17-17-17-17-17-17-17-16	16-17-17-17-12-17-9-15-17-17-14-15	17-17-13-16-17-13-17-11-14-11-15-17	16-17-17-17-15-17-17-13-17-15-16-9	14-17-17-17-17-15-17-16-14-17-17-17	17-17-17-17-10-14-17-17-17-17-9-15	17-17-17-14-16-17-17-17-17-17-17-4
285	0	0-0-0-0-0-0-0-0-0-0-0-0	0-0-0-0-0-0-0-0-0-0-0-0	0-0-0-0-0-0-0-0-0-0-0-0	0-0-0-0-0-0-0-0-0-0-0-0	0-0-0-0-0-0-0-0-0-0-0-0	0-0-0-0-0-0-0-0-0-0-0-0	0-0-0-0-0-0-0-0-0-0-0-0	0-0-0-0-0-0-0-0-0-0-0-0	0-0-0-0-0-0-0-0-0-0-0-0	0-0-0-0-0-0-0-0-0-0-0-0	0-0-0-0-0-0-0-0-0-0-0-0	0-0-0-0-0-0-0-0-0-0-0-0
285	1	1-1-1-1-1-1-1-1-1-1-1-1	1-0-0-2-1-1-1-1-1-0-1-0	1-1-1-1-1-1-1-1-1-0-1-1	1-1-1-1-2-2-0-1-2-2-0-1	0-1-4-0-1-0-1-1-0-1-1-1	1-2-0-1-1-2-0-1-0-0-0-1	0-0-0-4-1-0-0-2-0-0-11-1	1-1-2-2-1-1-1-1-1-1-1-1	0-10-1-2-1-1-8-4-0-1-1-2	1-10-1-2-1-0-2-1-1-1-2-1	10-1-1-1-2-1-1-1-0-2-1-1	1-0-1-1-1-0-1-1-1-1-1-0
285	2	3-3-3-3-2-3-2-3-3-3-2-3	3-3-3-3-3-3-2-2-3-3-3-3	2-2-3-2-2-3-2-2-3-3-2-2	3-2-3-2-3-3-2-1-1-3-3-2	2-2-3-1-3-0-2-3-3-2-2-2	2-3-1-2-4-3-3-3-0-0-11-3	3-3-2-2-4-4-0-1-0-4-3-3	2-3-3-3-3-4-3-2-3-4-2-10	2-1-2-1-8-2-2-1-3-3-1-1	2-2-5-1-1-2-1-2-3-4-3-0	2-1-2-6-14-4-2-2-8-1-3-3	3-3-2-4-2-2-3-2-10-7-5-2
285	3	2-2-2-2-2-2-2-2-2-2-2-2	2-4-2-2-2-2-2-4-2-2-2-5	3-3-2-4-4-4-4-2-2-4-4-3	4-3-4-4-3-2-4-5-4-2-4-2	11-7-2-0-2-3-4-2-4-11-7-3	11-2-4-2-2-8-4-2-3-0-0-2	2-2-3-3-3-0-4-3-2-2-7-4	3-2-10-3-4-7-5-4-2-2-4-5	7-4-4-3-2-5-7-4-5-5-3-4	2-12-3-10-4-4-4-2-2-7-7-4	3-4-4-2-16-3-2-7-13-3-4-2	2-2-3-2-3-11-5-4-2-2-2-16
285	4	2-2-2-2-2-2-2-2-2-2-3-2	2-3-2-5-2-2-3-3-2-2-5-3	5-5-5-5-7-3-5-3-3-4-3-5	5-2-3-3-5-5-3-7-3-2-5-3	7-2-5-5-2-5-5-5-4-3-3-6	5-1-5-2-2-3-5-4-2-0-5-5	4-4-3-1-4-2-3-5-0-2-6-6	2-4-5-4-4-2-3-3-4-2-3-3	3-3-3-7-5-3-1-6-3-3-5-5	3-6-2-1-5-3-3-3-2-2-3-5	3-3-3-0-3-3-2-2-3-5-3-4	2-4-4-2-3-3-3-3-5-2-2-3
285	5	2-2-3-2-2-2-2-2-2-3-2-2	2-5-2-4-2-2-3-4-4-7-4-3	4-4-4-4-4-8-4-3-3-8-5-4	4-6-6-6-4-4-5-4-4-5-4-3	4-2-4-4-6-4-6-4-5-3-4-4	4-7-7-2-5-3-6-5-5-5-12-4	2-5-8-1-6-5-5-6-5-5-4-12	2-4-4-6-5-5-3-7-12-2-6-3	5-11-5-5-4-3-2-7-3-3-4-4	6-5-2-1-4-3-3-2-2-6-5-4	5-3-3-2-2-5-3-2-6-4-3-5	2-5-9-2-5-3-3-5-4-2-2-3
285	6	6-6-2-8-8-2-2-6-2-3-2-2	2-7-2-2-7-8-3-7-4-2-4-6	4-6-3-3-4-5-7-7-3-5-7-7	5-5-5-5-4-4-6-4-6-6-4-3	4-2-4-4-5-7-5-7-5-6-3-4	3-5-5-3-2-3-7-5-5-0-0-6	2-7-7-3-5-7-6-7-6-5-4-4	3-4-4-5-7-6-3-5-5-6-7-2	6-1-5-5-2-3-2-4-3-7-7-6	5-4-6-7-4-7-7-6-7-5-3-11	3-3-7-2-6-6-7-2-5-3-3-5	2-5-4-2-3-3-3-3-11-3-8-3
285	7	7-9-8-7-6-7-7-7-2-7-7-2	6-6-9-2-6-6-3-6-2-5-4-9	4-7-3-4-4-5-8-6-9-5-8-6	5-5-8-4-4-5-8-4-8-8-5-3	4-3-4-7-5-6-8-7-8-3-3-4	4-5-5-3-7-3-8-8-7-8-15-6	2-6-6-3-5-8-7-8-8-10-3-7	3-6-4-6-6-3-7-5-5-7-6-2	3-1-5-4-2-3-3-4-8-6-6-9	5-6-7-6-3-11-6-7-6-5-3-6	3-3-6-7-2-3-6-3-3-14-3-5	14-5-4-2-3-3-5-2-7-2-7-7
285	8	7-9-7-6-6-7-2-2-2-8-7-2	2-6-7-2-9-6-9-9-10-2-9-11	11-10-10-10-9-5-9-9-9-5-7-9	9-9-7-10-10-9-7-4-7-9-7-9	9-2-10-9-5-6-9-9-7-10-10-9	9-9-9-16-2-16-7-7-7-7-9-10	4-7-6-3-5-7-7-9-8-11-9-7	3-4-4-9-6-3-7-5-5-2-9-3	2-1-7-9-2-8-1-9-7-9-6-11	7-9-7-8-9-9-8-6-1-2-9-6	3-3-6-7-8-3-6-1-9-11-3-5	7-8-8-2-10-3-6-9-2-8-6-3
285	9	11-9-9-9-9-7-9-9-9-9-12-9	10-11-7-2-8-6-10-8-8-10-8-8	4-9-8-4-8-11-10-10-10-11-10-10	8-8-9-8-8-8-9-4-10-8-10-8	8-2-8-8-5-11-11-8-9-8-8-8	8-8-11-2-12-3-10-9-9-9-8-8	8-7-9-1-11-6-11-10-11-11-8-9	3-4-4-10-7-7-9-7-5-7-8-3	2-3-5-8-2-9-3-8-10-8-10-12	9-8-9-8-8-8-8-7-10-5-8-9	1-3-6-7-8-9-1-2-8-8-3-5	2-8-5-2-8-8-10-8-11-8-2-10
285	10	10-10-11-9-12-11-9-11-9-10-13-10	12-11-11-2-11-11-11-9-8-9-8-11	4-8-8-8-8-13-9-9-9-9-11-9	8-11-11-8-8-8-11-4-9-11-11-8	4-3-8-8-5-9-9-9-12-8-8-8	3-8-9-2-11-3-11-11-10-10-8-8	2-6-9-3-9-10-10-9-11-10-3-9	3-7-3-9-11-3-12-10-5-7-8-2	16-1-11-8-10-8-3-8-9-10-9-8	2-1-10-11-8-8-8-7-9-2-8-9	1-3-3-15-8-3-1-2-2-3-3-6	7-8-8-2-3-3-9-2-2-8-12-9
285	11	12-11-10-14-11-10-10-10-2-14-12-16	10-9-10-12-10-10-13-8-8-9-8-10	12-12-12-12-8-12-10-12-9-9-10-11	12-12-12-8-8-12-10-4-10-12-10-13	3-11-13-11-12-9-12-8-9-3-8-8	11-11-9-3-11-8-12-10-10-10-2-12	16-10-9-3-9-13-9-9-10-10-16-8	2-4-15-11-10-12-9-11-11-11-8-2	2-5-16-14-11-3-11-12-9-9-10-8	16-3-11-10-8-7-8-6-12-12-12-6	12-3-10-0-2-16-12-2-11-8-3-5	11-8-11-11-11-3-3-2-9-8-10-9
285	12	11-11-9-9-10-12-16-14-12-14-9-12	10-9-9-13-10-10-11-13-8-9-13-13	11-11-11-14-14-13-14-11-12-13-14-12	11-11-11-14-14-13-9-14-10-11-12-11	14-2-11-14-11-12-11-12-10-12-12-8	14-11-14-12-11-14-11-13-13-0-5-11	14-12-10-1-14-12-10-13-14-12-11-9	3-12-14-14-14-11-10-11-5-12-11-5	2-11-11-12-13-3-11-11-7-10-14-12	11-14-11-14-8-12-14-6-11-11-11-12	11-3-10-0-2-3-11-2-11-8-3-5	7-8-11-11-3-3-12-2-2-8-10-3
285	13	14-13-13-9-14-16-14-9-9-9-11-13	10-9-9-12-10-10-11-12-14-12-12-14	13-14-14-12-12-12-12-13-14-12-13-14	14-13-12-12-12-12-13-12-12-15-12-11	12-14-11-12-13-12-14-14-13-13-13-13	14-13-12-13-11-16-13-12-13-10-13-14	13-12-13-13-13-13-12-14-12-9-13-13	15-12-12-12-9-14-10-12-13-13-13-14	13-13-5-12-12-13-13-13-7-12-12-14	13-3-11-13-8-13-3-6-11-14-11-12	14-3-14-14-2-15-3-2-3-8-11-5	2-5-13-11-3-3-12-13-13-13-13-13
285	14	14-16-14-14-16-14-13-14-15-11-15-14	15-15-10-13-10-14-10-15-13-14-13-13	11-13-13-12-12-13-12-13-13-12-12-13	13-13-13-12-12-12-14-12-15-14-12-11	12-13-11-12-13-14-13-13-14-13-12-13	13-12-12-13-11-13-15-12-14-14-8-13	12-14-15-11-16-14-13-13-12-10-12-15	15-12-12-12-12-13-10-10-11-14-13-13	14-14-5-11-16-15-14-12-14-12-12-14	11-12-10-12-12-16-14-9-12-11-12-14	13-15-13-7-2-3-15-14-11-8-14-5	14-8-12-11-8-14-12-2-14-14-14-13
285	15	16-15-16-16-15-16-16-16-16-16-15-16	16-14-16-16-16-16-16-16-15-16-16-16	15-13-16-16-15-16-15-15-16-15-14-15	16-15-16-15-15-13-16-13-14-15-14-11	15-13-15-15-14-15-16-16-15-15-12-15	15-13-12-15-11-11-14-12-15-15-7-16	2-14-14-11-15-15-14-15-12-15-13-9	15-12-11-15-15-13-10-15-15-14-13-15	15-15-15-15-16-14-16-14-16-16-16-14	15-15-10-13-15-15-15-15-15-16-11-14	15-14-15-10-15-13-15-15-15-16-3-15	15-16-15-11-15-14-15-7-15-15-15-15
285	16	16-16-16-15-16-16-15-16-16-15-16-15	15-15-15-15-15-15-15-15-15-16-15-15	13-13-15-15-16-16-15-15-15-16-16-16	15-16-15-15-16-16-15-16-10-16-16-13	12-13-16-16-13-16-15-15-10-16-12-8	16-16-16-16-16-8-16-16-16-16-16-15	11-16-16-16-14-16-10-15-16-16-15-16	16-16-12-16-16-13-9-5-11-16-6-16	15-16-11-16-15-16-16-13-16-15-15-8	11-16-16-16-16-16-16-15-16-16-16-16	15-16-16-7-16-11-15-16-16-15-16-5	15-16-16-11-3-16-16-3-16-16-10-3
286	0	0-0-0-0-0-0-0-0-0-0-0-0	0-0-0-0-0-0-0-0-0-0-0-0	0-0-0-0-0-0-0-0-0-0-0-0	0-0-0-0-0-0-0-0-0-0-0-0	0-0-0-0-0-0-0-0-0-0-0-0	0-0-0-0-0-0-0-0-0-0-0-0	0-0-0-0-0-0-0-0-0-0-0-0	0-0-0-0-0-0-0-0-0-0-0-0	0-0-0-0-0-0-0-0-0-0-0-0	0-0-0-0-0-0-0-0-0-0-0-0	0-0-0-0-0-0-0-0-0-0-0-0	0-0-0-0-0-0-0-0-0-0-0-0
286	1	1-1-1-1-1-1-1-1-1-2-2-1	2-2-1-1-2-2-3-1-2-2-2-1	1-2-2-2-1-1-2-1-2-2-3-1	2-2-2-2-0-0-2-1-1-2-2-0	1-0-1-2-0-1-1-1-1-2-5-0	2-2-2-8-1-2-1-3-1-1-8-2	7-1-1-1-1-1-2-2-2-1-1-1	1-1-1-1-1-2-2-1-1-1-0-2	1-2-1-1-3-2-2-1-2-1-1-2	1-1-2-2-2-1-1-1-2-2-0-1	1-2-3-4-1-2-3-1-0-1-2-1	4-1-1-1-1-2-8-6-2-1-2-1
286	2	1-1-1-1-1-1-1-1-1-1-1-1	1-1-1-3-1-1-1-1-1-1-1-1	4-1-1-1-4-3-3-3-1-1-7-3	3-1-1-1-2-3-1-5-3-1-3-2	2-0-2-3-0-2-3-3-2-1-11-2	3-1-1-1-1-5-3-2-1-2-2-3	2-1-1-0-2-1-1-1-1-2-3-2	2-2-3-2-2-1-1-3-2-0-3-1	0-1-5-1-3-1-1-3-1-2-3-1	1-2-1-1-1-3-2-1-1-1-0-2	2-1-1-0-1-1-0-1-0-2-1-2	1-2-2-2-1-1-2-1-1-1-1-1
286	3	1-1-1-1-1-1-1-1-1-1-1-3	1-1-1-2-1-1-1-3-3-4-2-2	2-4-4-1-2-4-2-2-1-5-1-2	2-4-4-4-2-2-1-2-2-1-2-2	2-2-2-2-4-2-4-2-4-1-1-2	2-4-5-4-3-2-2-1-3-3-10-3	2-3-1-3-4-1-3-4-3-1-2-4	1-2-2-4-3-1-3-4-4-1-2-1	3-1-3-3-2-1-3-2-1-3-2-1	3-2-1-1-1-2-5-3-1-1-3-2	3-6-1-0-3-3-1-3-3-4-1-3	1-3-3-5-1-1-2-1-1-1-1-3
286	4	4-4-4-4-1-4-1-4-4-4-1-4	4-6-4-2-1-1-1-4-4-3-1-4	2-4-3-2-2-3-5-4-4-3-5-5	3-3-5-3-2-2-4-2-5-5-3-2	2-2-2-4-3-5-3-5-3-1-1-2	1-4-3-1-4-2-5-4-4-4-2-4	3-6-1-9-3-4-5-5-4-1-3-3	4-2-2-5-2-1-4-3-3-4-3-1	3-1-3-3-0-1-1-2-4-3-5-1	4-2-4-1-11-2-1-3-1-1-0-2	3-5-1-1-11-4-1-3-3-3-5-3	1-3-2-1-1-1-2-1-4-1-4-1
286	5	4-5-4-5-5-5-5-5-4-5-6-4	7-4-4-2-1-1-1-4-6-3-1-4	2-5-3-2-2-4-4-4-7-6-6-6	5-6-6-6-2-3-6-2-6-6-6-2	2-0-2-6-3-4-6-5-6-1-1-2	2-5-3-1-5-2-6-6-5-5-5-4	1-6-1-0-3-5-6-6-4-5-2-3	1-2-2-4-6-1-5-3-3-4-3-1	5-1-6-3-5-1-0-6-4-6-4-1	3-2-7-6-6-2-3-5-1-1-0-2	0-4-5-5-6-5-0-3-0-3-4-3	1-3-3-3-1-1-6-5-7-6-6-9
286	6	5-7-4-7-6-6-5-7-4-6-5-7	7-4-5-2-1-7-7-5-7-8-7-5	2-7-7-10-7-3-7-7-6-5-5-7	7-5-8-6-7-7-5-8-5-5-5-7	7-6-8-5-3-4-7-7-5-7-7-7	7-7-3-1-6-2-5-5-4-4-7-7	6-4-1-7-3-6-5-5-1-1-7-3	1-7-7-7-5-1-5-5-3-11-7-1	7-1-5-4-5-1-7-7-6-7-4-8	7-7-8-7-7-2-6-5-7-1-7-1	7-3-5-8-5-8-0-6-7-7-5-3	7-6-6-7-7-7-5-1-5-7-5-8
286	7	7-7-7-7-6-7-7-7-7-7-7-7	6-4-8-2-1-6-6-8-6-6-6-8	2-6-6-6-6-3-8-7-5-5-8-6	6-7-6-6-6-6-5-2-8-8-7-6	6-0-6-6-3-8-6-6-8-6-6-6	6-6-8-3-8-2-8-7-7-7-6-7	6-7-1-6-7-7-8-8-4-8-6-7	1-8-6-6-5-1-8-6-3-7-6-1	6-1-3-3-5-7-6-6-6-6-4-10	8-6-6-6-6-2-6-6-6-1-6-2	6-3-5-6-5-5-0-6-6-6-1-7	6-6-3-6-6-6-2-5-5-6-1-5
286	8	8-9-9-8-8-9-9-9-7-7-7-7	9-4-7-8-9-7-10-10-6-6-9-11	8-9-9-9-8-9-9-8-8-8-7-8	8-8-6-9-6-9-7-6-7-8-8-9	2-9-6-5-10-7-7-8-7-8-8-8	1-8-7-8-8-11-7-7-7-4-1-8	8-1-7-8-8-10-5-7-8-7-8-1	10-7-2-7-3-9-7-3-3-8-8-8	10-8-8-3-9-1-8-9-9-1-2-6	7-1-6-8-5-2-5-6-8-10-9-1	10-1-5-9-5-8-10-6-8-6-1-3	1-6-8-8-8-1-1-0-1-8-1-6
286	9	10-11-10-11-10-11-10-10-11-10-11-11	10-11-10-10-10-10-10-11-10-10-10-10	8-8-8-10-10-10-8-11-11-10-8-10	10-8-10-10-9-8-10-6-10-10-10-8	11-8-9-10-9-9-10-9-10-10-10-6	10-9-10-9-10-10-10-10-10-9-2-10	11-10-9-9-7-9-10-9-10-10-11-9	9-10-10-9-10-10-7-10-3-10-8-8	11-8-9-9-11-10-9-10-10-11-9-10	10-10-10-11-10-10-10-11-9-8-8-10	9-10-10-8-11-10-8-11-8-10-10-9	11-6-9-11-9-10-10-10-9-9-9-10
286	10	9-9-9-9-9-9-9-9-9-9-9-9	9-9-9-11-9-9-9-9-9-9-9-9	8-9-11-9-9-9-9-9-9-9-9-9	9-8-9-9-10-10-9-6-9-9-9-10	10-8-10-9-8-9-9-10-9-9-9-10	9-10-9-10-9-9-9-9-9-4-3-9	10-9-9-10-7-9-9-7-9-9-10-10	9-9-9-10-10-9-7-9-11-9-10-8	8-8-9-10-9-9-10-9-9-9-10-9	9-10-6-9-9-9-9-9-9-8-8-9	8-9-9-8-5-9-8-9-10-9-9-10	9-10-8-10-10-9-9-9-7-10-1-9
286	11	11-9-10-9-11-9-9-11-9-9-9-9	9-9-9-10-9-9-9-9-9-11-9-10	8-10-11-9-11-11-11-9-9-11-11-9	10-11-9-11-11-11-9-11-11-11-11-8	9-8-11-11-11-11-10-11-9-9-2-6	11-11-11-9-11-8-9-11-11-11-11-10	10-11-11-11-9-11-9-9-11-9-9-10	11-11-9-11-11-8-11-9-10-9-9-8	9-11-3-11-9-9-11-9-11-9-10-9	9-9-6-9-11-2-11-9-9-11-9-11	9-9-11-8-9-8-9-9-11-9-9-11	9-9-11-9-10-11-11-9-11-11-11-9
287	0	0-0-0-0-0-0-0-0-0-0-0-0	0-0-0-0-0-0-0-0-0-0-0-0	0-0-0-0-0-0-0-0-0-0-0-0	0-0-0-0-0-0-0-0-0-0-0-0	0-0-0-0-0-0-0-0-0-0-0-0	0-0-0-0-0-0-0-0-0-0-0-0	0-0-0-0-0-0-0-0-0-0-0-0	0-0-0-0-0-0-0-0-0-0-0-0	0-0-0-0-0-0-0-0-0-0-0-0	0-0-0-0-0-0-0-0-0-0-0-0	0-0-0-0-0-0-0-0-0-0-0-0	0-0-0-0-0-0-0-0-0-0-0-0
287	1	1-1-1-1-1-1-1-1-1-1-1-1	1-2-1-1-2-1-0-2-1-1-0-0	0-0-0-0-2-0-2-0-0-0-2-0	0-0-0-0-0-0-2-1-2-2-2-0	1-0-0-1-0-1-2-0-1-0-1-0	0-0-0-1-1-0-2-0-1-1-0-0	0-1-2-0-0-1-1-0-1-1-0-0	1-1-0-0-1-0-2-2-1-1-0-1	1-2-0-0-1-0-0-0-1-1-0-0	0-1-1-1-1-0-4-1-0-0-0-1	0-1-4-3-2-0-0-0-0-0-1-1	2-1-0-0-0-1-0-2-2-3-2-1
287	2	2-2-2-1-2-2-2-2-2-2-2-2	2-1-1-2-1-2-0-2-1-2-4-4	5-3-0-3-3-3-3-1-3-4-1-3	4-0-3-3-3-5-1-5-3-1-3-3	3-0-2-3-0-3-3-3-2-2-11-2	2-2-2-0-2-4-3-2-1-2-3-0	2-2-1-2-2-1-2-1-1-1-2-2	2-2-2-2-2-2-1-1-2-2-2-0	2-1-2-2-11-2-2-2-1-2-2-2	2-2-2-2-3-2-2-2-1-0-2-2	2-2-1-1-2-2-0-2-2-2-2-2	1-2-2-2-4-1-2-1-1-1-1-2
287	3	3-3-2-3-3-3-3-3-3-3-3-3	4-1-1-2-3-3-5-4-4-4-2-2	0-2-0-2-2-6-2-4-2-2-2-2	2-4-3-2-2-2-1-2-2-3-2-2	2-0-2-2-4-2-4-2-3-3-5-2	2-4-5-0-3-2-4-4-3-3-2-3	3-3-1-3-4-3-2-4-3-3-2-4	3-2-2-4-3-3-3-4-3-1-3-0	3-6-3-4-2-3-3-2-3-3-2-3	2-2-2-2-2-2-2-3-4-3-3-2	3-9-1-1-4-3-0-3-4-4-5-3	1-3-2-2-3-3-2-3-1-1-1-3
287	4	4-4-4-4-4-4-4-4-4-4-4-4	3-6-4-2-3-4-3-5-3-3-2-2	2-3-5-2-2-3-5-5-5-2-5-2	2-3-5-2-2-2-4-2-2-5-3-2	2-0-3-2-3-5-3-3-3-2-3-2	2-3-3-0-4-2-3-3-4-4-4-4	8-3-4-3-3-4-6-3-4-6-3-3	1-2-2-3-2-9-4-3-3-4-3-0	4-3-3-5-4-5-4-2-5-2-5-3	5-2-1-4-2-2-5-4-5-0-3-2	4-3-1-1-3-3-5-3-3-3-3-3	1-3-2-2-2-2-5-4-1-7-5-5
287	5	5-5-4-4-5-5-6-5-5-6-5-5	4-6-6-2-5-4-7-4-3-3-2-6	2-5-7-2-2-5-4-4-5-3-6-5	6-6-6-2-2-2-6-2-6-4-6-2	2-0-3-6-3-4-6-5-6-2-3-2	2-5-3-0-5-2-6-6-5-5-6-4	3-4-6-3-3-6-6-6-5-6-2-2	5-2-2-3-3-6-5-6-3-4-3-0	1-3-6-4-5-4-0-3-4-5-4-5	4-2-5-6-5-2-6-6-4-3-11-5	4-3-4-5-6-5-4-7-9-11-3-3	5-3-3-5-0-1-4-5-5-6-5-4
287	6	7-7-7-5-5-6-5-6-6-5-6-7	8-5-5-6-4-4-6-7-7-3-7-8	7-7-7-7-7-3-7-5-8-2-5-7	7-7-5-7-8-8-5-6-5-5-5-7	7-2-6-5-3-4-7-7-5-8-7-7	7-8-3-11-5-11-5-5-5-4-8-8	7-5-5-0-3-5-5-7-3-5-7-3	5-7-2-7-3-7-5-5-8-7-6-11	7-3-5-3-6-6-7-7-5-6-7-6	5-2-5-5-7-2-7-5-7-7-7-5	3-3-6-5-5-5-0-6-7-2-3-3	5-6-8-6-7-7-3-0-5-6-5-4
287	7	7-7-6-7-7-7-7-7-7-7-9-8	9-10-5-6-8-8-6-6-6-7-6-10	6-6-6-6-6-7-6-7-6-9-8-8	6-6-8-6-6-6-8-2-8-10-8-6	6-0-6-6-3-9-6-6-7-7-6-6	6-6-10-7-7-6-8-3-7-7-6-6	6-7-7-0-11-7-10-8-4-9-6-7	7-10-3-6-8-6-10-8-3-11-6-0	6-8-8-3-8-8-8-6-7-6-7-10	8-8-8-6-6-8-6-7-8-6-6-8	11-7-10-11-11-5-0-7-6-8-3-7	8-6-6-6-6-7-2-7-7-4-5-7
287	8	8-8-8-8-8-8-8-8-8-7-8-8	9-10-9-6-9-9-6-6-6-9-6-7	6-6-6-6-6-10-9-8-6-8-9-7	6-9-9-6-6-6-8-2-9-7-7-6	2-0-6-10-3-7-9-8-8-6-6-6	2-6-3-11-8-6-9-7-8-8-6-6	4-3-9-0-3-8-8-7-8-7-6-2	8-7-11-7-7-6-7-7-6-8-6-9	7-7-9-7-8-7-7-11-7-7-7-7	7-7-7-9-7-7-6-8-7-11-6-7	11-7-8-5-11-5-0-11-6-7-9-3	7-9-6-6-6-7-8-7-7-9-7-7
287	9	8-7-8-9-10-8-7-11-10-11-8-8	11-8-8-6-8-8-9-6-10-8-11-8	10-10-6-2-9-8-10-10-9-8-8-6	10-10-10-6-10-10-10-6-8-8-8-9	2-11-11-9-9-7-10-10-10-9-10-6	9-9-3-9-8-6-8-9-8-8-5-10	11-4-8-9-7-9-7-10-8-7-9-10	8-7-9-9-10-9-7-9-9-9-10-11	11-10-8-10-9-3-10-9-7-7-7-7	8-10-9-10-6-2-10-11-9-9-10-9	9-3-10-5-8-9-9-8-10-9-8-3	9-6-9-9-9-9-2-9-8-8-8-7
287	10	9-11-11-10-9-10-11-11-10-11-10-11	9-8-8-2-8-8-9-11-9-8-9-7	11-9-11-6-9-8-9-9-9-8-9-10	9-9-9-6-9-9-9-2-8-7-8-9	2-11-9-8-10-7-9-10-9-9-9-6	10-9-7-10-9-6-8-2-4-8-2-9	11-5-7-10-7-9-8-9-8-7-9-9	8-7-3-9-9-10-7-9-9-11-9-10	10-9-9-9-9-4-10-9-7-3-7-7	10-10-9-9-6-2-9-8-9-10-9-10	9-3-9-8-5-10-10-10-10-10-10-10	10-10-9-10-10-10-10-10-8-10-5-7
287	11	11-11-11-11-11-11-11-11-11-11-11-11	9-8-11-6-11-8-8-10-9-11-9-6	10-11-11-11-11-11-10-11-9-11-11-11	11-11-11-11-11-11-8-11-11-11-11-10	11-10-9-11-11-11-10-11-8-11-2-6	11-11-11-11-11-6-11-11-11-11-11-9	9-11-11-11-7-11-4-11-11-11-11-8	11-11-8-11-11-11-7-3-9-10-9-11	9-11-11-11-2-11-11-8-11-7-7-7	10-11-11-11-11-2-11-9-9-11-11-11	7-11-11-7-8-10-11-8-11-11-11-11	10-11-11-10-6-11-11-11-11-11-11-7
288	0	0-0-0-0-0-0-0-0-0-0-0-0	0-0-0-0-0-0-0-0-0-0-0-0	0-0-0-0-0-0-0-0-0-0-0-0	0-0-0-0-0-0-0-0-0-0-0-0	0-0-0-0-0-0-0-0-0-0-0-0	0-0-0-0-0-0-0-0-0-0-0-0	0-0-0-0-0-0-0-0-0-0-0-0	0-0-0-0-0-0-0-0-0-0-0-0	0-0-0-0-0-0-0-0-0-0-0-0	0-0-0-0-0-0-0-0-0-0-0-0	0-0-0-0-0-0-0-0-0-0-0-0	0-0-0-0-0-0-0-0-0-0-0-0
288	1	1-1-1-1-1-1-1-1-1-1-1-1	2-2-1-4-2-2-0-2-2-2-2-2	1-2-2-2-3-2-2-2-2-2-2-2	2-0-2-3-0-0-2-1-2-2-2-0	1-0-1-2-1-1-2-1-2-2-2-0	1-2-2-1-2-0-2-2-1-1-0-2	7-1-2-1-2-1-2-2-2-1-0-2	1-1-1-1-1-2-2-2-1-1-2-1	1-0-2-1-1-2-7-0-2-1-1-2	2-1-1-3-1-1-2-1-2-1-0-2	3-2-2-0-2-1-0-1-0-1-3-1	2-1-1-1-7-2-3-4-2-1-1-3
288	2	1-1-1-1-1-1-1-1-1-1-1-1	1-1-1-2-1-1-1-1-1-1-1-1	5-1-3-1-4-1-3-3-1-1-1-1	3-3-1-5-3-3-1-2-1-1-3-0	5-0-3-5-0-3-3-3-1-1-11-2	1-3-2-1-1-5-1-1-1-1-0-3	2-2-1-0-1-2-1-3-1-2-3-4	1-2-3-2-2-1-1-1-2-1-3-1	0-0-1-2-3-1-1-3-1-2-2-1	1-2-1-1-3-3-1-1-7-1-3-5	0-1-1-0-1-1-0-1-0-1-1-2	1-2-2-1-1-1-1-0-1-3-3-1
288	3	1-1-1-1-1-1-1-1-1-1-1-3	1-1-1-2-1-1-1-4-3-4-2-3	6-1-2-1-2-6-2-4-1-4-3-2	2-4-1-1-2-2-1-2-1-3-2-2	2-3-2-2-4-2-4-4-4-3-1-2	6-5-5-6-3-0-4-4-3-3-6-3	5-3-1-3-4-3-1-2-3-1-2-6	3-2-2-4-3-1-1-4-4-6-5-0	3-0-3-3-2-1-3-4-1-1-2-1	4-3-3-1-2-2-3-1-4-0-3-2	1-1-3-0-4-3-0-3-3-3-1-3	1-3-4-3-3-1-1-1-2-2-2-1
288	4	4-4-4-4-4-4-4-4-4-3-4-4	1-6-4-2-1-1-3-5-6-3-5-3	2-4-5-2-2-3-5-4-5-3-5-5	3-3-4-1-2-2-5-2-5-4-3-2	2-0-2-2-3-5-3-3-3-3-1-2	3-3-3-1-1-1-5-3-4-4-4-4	3-3-5-3-3-4-11-5-4-1-2-3	4-2-3-3-3-1-4-3-3-4-3-1	4-1-3-3-4-1-1-3-4-5-2-1	3-2-5-1-3-6-1-1-5-1-5-2	6-11-3-4-3-3-0-5-3-3-1-3	1-3-2-3-1-1-5-4-6-1-6-1
288	5	5-5-5-5-4-5-5-5-4-5-5-5	7-6-6-2-1-6-1-4-4-3-4-6	2-5-4-6-2-3-4-4-4-6-6-5	5-3-6-5-2-2-6-2-6-6-3-0	2-2-2-6-3-4-6-5-6-3-3-2	3-3-3-1-6-2-6-6-5-5-5-4	3-4-4-0-3-4-6-4-6-5-2-5	5-2-1-3-3-1-4-3-3-5-3-1	3-0-3-3-5-1-3-3-4-6-2-5	9-3-5-1-2-4-9-5-4-1-4-2	6-4-7-11-5-5-0-4-3-1-1-3	7-5-2-5-5-1-4-1-7-7-6-1
288	6	6-5-6-5-5-5-6-5-5-5-4-5	5-5-5-6-1-5-1-5-4-3-8-5	8-7-8-7-7-3-7-7-6-5-5-7	6-7-5-7-8-8-5-9-5-5-3-6	8-0-11-7-3-4-7-7-5-8-8-8	3-8-7-3-5-8-5-5-5-5-3-6	2-4-4-3-3-4-5-7-5-11-7-7	3-8-11-7-3-1-4-5-3-3-6-1	3-0-3-3-5-1-0-7-6-6-7-6	1-3-5-6-7-4-6-5-7-0-6-7	4-4-5-5-6-5-0-6-3-1-7-3	5-6-6-6-1-4-1-4-4-7-4-4
288	7	7-7-7-7-7-7-8-7-7-7-7-7	5-10-8-6-8-8-7-8-4-8-6-8	2-7-6-6-6-9-8-8-8-5-8-8	6-8-8-6-6-6-5-6-8-8-8-0	6-3-10-6-10-8-6-6-7-7-6-6	6-6-9-7-7-6-8-7-3-7-5-7	3-7-7-3-8-7-3-6-7-7-6-7	7-9-8-8-7-7-8-8-3-8-6-1	6-7-8-6-5-8-1-6-8-6-6-7	9-2-5-8-6-6-6-5-8-10-9-6	10-8-5-7-6-5-0-9-10-8-6-7	5-6-6-6-1-1-7-8-5-5-7-8
288	8	8-11-8-8-8-7-8-8-8-8-8-8	9-7-7-6-7-7-7-7-4-7-6-7	11-8-6-6-6-3-7-7-7-9-7-7	6-7-7-6-6-6-8-6-9-9-7-0	6-0-6-6-3-7-7-8-9-8-6-6	6-6-6-7-8-6-9-8-8-8-5-7	3-9-7-0-7-7-9-7-8-8-3-9	1-6-7-7-7-1-7-7-3-8-7-1	8-0-7-7-8-3-0-9-7-5-8-7	7-3-7-7-6-7-6-5-7-1-9-7	0-7-9-8-9-11-0-7-9-7-1-7	8-6-6-6-1-7-7-1-9-9-7-7
288	9	9-9-11-11-9-11-10-9-11-11-9-11	8-7-7-10-10-11-10-9-10-10-9-8	9-9-10-9-9-10-9-9-10-8-10-9	10-9-10-9-6-10-8-6-8-10-10-9	10-10-10-10-9-7-9-9-8-9-6-9	11-10-7-10-7-11-8-8-7-8-5-10	10-8-9-9-9-9-8-11-10-10-10-8	10-7-10-7-9-9-7-9-3-10-10-9	9-9-7-10-9-10-10-8-10-10-10-6	11-10-5-8-8-10-8-9-11-9-11-10	10-4-8-9-5-11-11-6-8-9-10-3	9-10-9-11-11-10-7-9-10-8-7-7
288	10	9-11-11-11-11-9-9-11-11-11-11-11	11-7-11-9-9-9-9-11-11-11-11-11	10-9-11-10-10-9-9-10-11-8-9-10	9-10-9-10-10-9-11-9-9-9-9-9	9-9-9-9-11-10-11-10-9-10-8-10	10-9-7-9-9-9-9-9-8-8-5-9	10-8-10-11-9-10-9-10-9-10-9-11	10-10-9-9-9-11-9-10-8-9-11-10	10-9-10-9-10-9-9-8-9-11-11-9	10-11-10-11-10-10-11-10-9-9-9-9	9-4-9-10-3-8-10-11-7-11-9-7	9-9-10-10-11-9-4-11-11-9-10-10
288	11	11-11-10-11-11-11-9-11-11-10-10-11	10-10-11-10-11-9-10-10-10-11-10-10	9-11-10-10-11-9-11-11-10-11-11-11	11-11-11-11-11-11-10-11-11-11-11-9	11-9-11-11-10-11-10-10-11-11-2-6	11-11-11-10-11-9-11-11-11-11-11-11	9-11-11-11-9-11-4-9-11-11-10-10	11-11-6-11-11-10-6-6-3-9-10-10	10-11-11-11-9-11-11-8-11-10-10-7	9-11-11-11-11-11-11-10-9-11-9-11	10-4-11-8-11-9-10-10-11-11-11-11	9-11-11-9-10-11-11-10-10-11-7-11
289	0	0-0-0-0-0-0-0-0-0-0-0-0	0-0-0-0-0-0-0-0-0-0-0-0	0-0-0-0-0-0-0-0-0-0-0-0	0-0-0-0-0-0-0-0-0-0-0-0	0-0-0-0-0-0-0-0-0-0-0-0	0-0-0-0-0-0-0-0-0-0-0-0	0-0-0-0-0-0-0-0-0-0-0-0	0-0-0-0-0-0-0-0-0-0-0-0	0-0-0-0-0-0-0-0-0-0-0-0	0-0-0-0-0-0-0-0-0-0-0-0	0-0-0-0-0-0-0-0-0-0-0-0	0-0-0-0-0-0-0-0-0-0-0-0
289	1	1-1-1-1-1-1-1-1-1-1-1-1	2-2-1-0-2-1-2-1-1-1-2-1	1-1-2-1-2-2-2-2-2-1-2-2	2-2-2-2-0-0-2-1-1-1-1-0	1-1-1-2-1-1-2-1-1-2-2-0	4-2-2-1-1-1-1-1-2-1-8-2	1-1-2-1-1-1-1-1-1-1-1-1	2-1-2-1-1-2-1-1-1-1-2-7	8-2-2-1-3-3-2-1-2-1-1-2	2-1-1-1-1-1-1-1-1-2-1-1	2-2-1-0-1-2-3-2-1-1-4-1	2-1-1-1-2-2-1-2-4-1-2-1
289	2	1-1-1-1-1-1-1-1-1-1-1-1	1-1-1-3-1-1-1-3-1-1-3-1	4-2-1-3-3-1-3-4-1-4-3-3	3-1-1-1-3-3-1-4-3-1-3-4	5-0-3-3-2-2-3-3-1-1-1-2	3-1-1-1-1-3-2-2-1-1-3-1	2-2-1-1-2-1-1-1-1-1-3-2	1-2-1-2-2-1-1-3-2-2-1-1	1-1-1-2-3-1-1-2-1-1-2-1	1-2-1-2-3-3-2-1-1-1-1-2	1-1-1-0-1-1-1-1-1-2-1-1	1-2-2-2-1-1-2-1-1-1-1-1
289	3	1-1-1-1-1-1-1-1-3-1-1-3	1-1-1-2-1-1-1-2-3-4-2-2	6-2-1-2-2-6-4-2-1-6-4-2	4-4-4-2-2-2-1-2-2-3-2-2	2-3-2-2-4-2-4-2-4-3-5-2	2-4-5-1-3-2-4-4-3-3-10-3	5-3-1-3-4-3-3-4-3-3-2-6	1-2-4-4-3-1-3-4-6-3-4-1	3-3-3-4-2-1-3-4-1-3-2-4	3-2-1-1-2-2-1-3-1-3-3-2	3-6-1-0-3-3-1-3-3-4-1-3	1-3-5-3-1-1-2-1-1-1-1-3
289	4	1-4-4-4-4-4-4-4-4-4-4-4	1-6-1-2-1-1-2-5-3-3-2-5	2-3-2-2-2-3-5-5-2-2-5-2	3-3-3-3-2-3-3-2-5-6-5-2	4-3-2-4-3-6-3-5-3-1-3-2	1-3-3-1-4-2-5-3-4-4-4-4	3-3-1-3-3-4-6-3-4-3-3-5	1-2-3-3-5-1-4-3-3-1-3-1	3-3-3-3-7-1-2-3-7-3-6-5	3-2-1-6-5-5-6-4-5-3-1-3	3-3-4-1-1-5-1-3-3-5-1-3	1-3-3-3-1-1-2-1-1-1-1-1
289	5	5-6-4-5-5-5-5-6-4-5-6-4	3-6-6-2-7-5-2-6-3-3-2-4	2-5-7-2-2-3-4-4-7-2-4-6	3-3-6-6-2-3-6-2-6-4-6-2	2-3-2-6-3-4-6-5-6-1-3-2	2-3-3-0-5-3-6-6-5-5-9-3	3-3-1-3-3-4-4-6-4-5-3-4	1-2-3-4-4-1-6-6-3-5-3-1	5-3-6-3-4-1-2-3-4-5-4-4	3-2-5-4-5-4-6-6-4-3-6-2	3-3-6-10-6-4-1-3-3-4-1-3	1-3-3-5-1-1-3-1-5-1-5-1
289	6	5-5-7-4-5-5-4-5-6-5-5-5	1-5-5-2-5-5-7-5-7-3-7-7	7-7-7-2-7-3-7-7-6-3-5-7	7-3-5-7-7-7-5-10-5-4-5-9	7-6-2-7-3-4-7-7-5-6-6-7	7-7-3-3-6-7-5-5-3-4-7-6	7-3-1-3-3-3-4-7-4-1-7-3	1-7-3-7-7-7-5-5-3-6-6-1	1-3-5-3-6-1-3-7-4-6-4-5	5-2-5-6-6-2-7-5-7-1-7-2	3-3-5-5-6-6-1-6-5-5-8-3	1-6-6-6-1-1-3-1-5-6-1-3
289	7	7-8-6-7-7-7-7-7-7-7-7-8	7-8-8-6-5-7-6-6-3-3-6-6	6-8-6-2-6-6-6-6-5-8-6-6	6-7-6-6-6-6-5-6-8-7-8-2	6-3-2-6-3-8-6-6-8-7-6-6	6-6-9-6-7-6-8-7-3-7-6-7	6-10-1-7-10-4-7-6-4-5-6-3	7-7-3-8-6-8-7-6-3-10-6-1	7-3-3-6-4-1-3-6-4-6-7-7	5-2-5-2-6-2-6-5-6-1-6-2	7-3-5-5-3-6-1-1-3-5-1-8	1-6-6-6-1-1-2-0-10-8-7-7
289	8	9-9-9-9-8-9-9-9-9-9-9-9	9-7-7-6-11-9-9-8-9-9-9-9	8-7-9-9-7-9-9-9-9-9-9-8	7-8-9-9-6-9-8-6-7-8-7-8	6-10-9-8-10-7-8-8-7-8-8-8	8-9-7-8-8-6-7-7-7-7-1-7	9-7-8-9-8-8-8-9-7-8-10-8	9-7-8-7-8-9-8-7-7-10-9-10	1-9-9-6-10-8-8-10-9-8-6-7	9-8-5-8-8-6-9-8-8-13-10-2	9-1-5-9-8-10-10-8-10-8-6-7	1-6-8-10-10-9-2-9-8-10-1-8
289	9	11-10-9-11-10-10-10-10-11-11-10-10	11-10-10-10-10-10-11-10-10-10-10-10	8-9-10-10-10-11-10-10-10-9-10-10	10-8-10-10-6-8-10-6-11-11-10-6	6-8-8-11-8-9-9-9-9-10-10-8	10-8-10-9-9-10-9-10-11-9-5-9	8-11-10-9-8-9-11-8-10-11-10-9	8-9-8-9-5-10-12-10-3-10-8-8	9-10-9-9-10-10-8-10-10-11-9-11	8-8-5-10-9-9-11-8-9-8-8-9	8-10-11-8-8-10-8-8-8-10-11-7	11-6-8-10-10-10-11-10-9-9-10-8
289	10	9-9-9-9-9-9-9-9-9-9-9-9	9-9-9-11-9-9-9-9-9-9-9-9	12-10-9-9-11-9-9-9-9-11-9-9	9-9-9-9-10-10-9-6-9-9-9-9	11-8-11-10-8-11-9-10-10-9-14-6	9-10-11-9-11-11-9-9-9-7-3-10	10-7-9-3-7-10-9-9-9-9-9-11	8-10-9-10-10-9-7-10-12-9-9-8	10-9-3-11-11-9-8-9-9-9-11-9	9-8-10-9-10-10-9-5-10-8-8-11	8-9-9-5-8-9-8-8-8-9-9-10	9-6-9-9-9-9-10-9-7-8-9-9
289	11	9-9-9-9-9-9-9-9-9-9-9-9	9-9-9-10-9-9-9-9-9-9-9-9	11-10-12-10-10-9-12-11-9-10-11-11	12-11-9-9-10-12-9-10-9-9-11-11	10-11-11-10-11-11-11-11-11-11-9-11	9-9-10-11-10-13-11-9-9-9-11-11	10-9-9-11-11-13-9-8-9-9-11-10	9-10-12-10-10-11-7-10-10-11-8-8	11-11-9-10-10-9-11-12-9-9-10-9	8-9-9-9-10-2-9-9-11-8-11-10	11-9-9-5-8-9-11-8-11-9-9-11	9-3-11-11-11-9-9-8-9-11-9-9
289	12	14-14-14-13-14-14-9-14-14-13-13-14	13-13-14-10-13-13-13-13-13-13-13-13	14-13-13-13-13-13-13-14-13-13-13-13	13-11-13-13-10-11-13-10-13-13-12-11	13-11-9-10-12-12-12-12-12-14-13-11	13-13-13-13-13-10-12-13-13-12-10-13	13-12-13-13-14-12-13-8-13-13-14-14	13-10-13-12-10-11-9-13-10-12-8-8	14-13-12-12-14-13-14-11-13-14-10-9	8-8-13-14-10-13-12-8-13-9-11-10	11-14-9-5-14-13-11-8-11-13-9-11	9-12-8-14-12-13-10-8-12-12-9-14
289	13	12-12-12-12-12-12-12-12-12-12-12-12	12-12-12-10-12-12-12-12-14-12-12-12	11-12-12-12-12-12-12-12-12-12-12-12	12-12-12-12-13-13-12-10-12-12-12-13	12-8-13-10-11-12-14-14-12-12-12-11	12-12-12-12-12-11-13-12-12-12-3-12	14-12-12-12-12-11-12-13-12-12-13-13	12-10-12-13-13-11-7-12-3-12-13-8	12-12-13-13-12-12-13-13-12-12-13-9	9-12-12-12-13-12-12-5-10-8-12-12	11-12-12-5-8-12-11-8-11-12-9-13	13-6-12-13-14-12-13-12-12-12-9-12
289	14	14-14-12-12-14-12-12-12-12-12-12-12	12-12-12-12-12-12-12-12-13-12-12-12	12-14-14-12-14-13-14-12-12-14-14-12	13-14-12-14-14-14-12-6-14-14-14-11	12-8-14-14-11-14-13-14-12-14-10-11	14-14-14-12-14-11-14-14-14-14-14-14	13-14-14-14-12-14-14-14-14-12-12-14	14-14-12-14-14-11-7-10-10-14-12-8	12-14-3-14-10-14-14-12-14-12-13-12	12-12-14-12-14-2-14-8-14-14-14-14	11-12-14-14-12-14-12-8-14-12-9-14	12-3-14-12-13-14-14-9-14-14-14-12
290	0	0-0-0-0-0-0-0-0-0-0-0-0	0-0-0-0-0-0-0-0-0-0-0-0	0-0-0-0-0-0-0-0-0-0-0-0	0-0-0-0-0-0-0-0-0-0-0-0	0-0-0-0-0-0-0-0-0-0-0-0	0-0-0-0-0-0-0-0-0-0-0-0	0-0-0-0-0-0-0-0-0-0-0-0	0-0-0-0-0-0-0-0-0-0-0-0	0-0-0-0-0-0-0-0-0-0-0-0	0-0-0-0-0-0-0-0-0-0-0-0	0-0-0-0-0-0-0-0-0-0-0-0	0-0-0-0-0-0-0-0-0-0-0-0
290	1	0-1-0-1-1-1-1-0-0-0-1-0	0-0-0-0-0-0-2-0-1-0-0-0	0-0-0-0-0-0-1-2-0-0-1-1	1-0-0-0-0-2-0-0-0-0-0-8	0-8-2-0-3-1-0-1-0-1-0-0	1-2-0-1-0-6-0-0-1-0-0-0	2-0-0-2-0-0-0-0-0-1-2-1	0-0-0-2-1-3-0-0-2-0-0-0	1-7-0-0-6-0-0-0-0-0-1-0	0-8-0-0-0-0-0-1-2-6-6-0	0-0-0-1-0-0-0-0-3-0-0-0	0-2-1-2-1-0-1-1-0-1-0-0
290	2	3-3-3-2-3-3-3-3-3-3-3-3	3-3-3-3-3-3-3-3-3-3-3-3	2-2-3-3-2-3-3-3-3-2-3-2	2-2-3-3-2-1-3-4-2-3-2-1	9-1-1-0-2-2-2-2-2-3-3-4	5-1-3-3-3-5-2-3-3-2-10-3	1-2-3-1-2-0-4-7-3-4-6-2	8-2-5-1-4-7-3-3-1-4-8-3	2-5-3-2-4-4-1-5-3-4-2-4	8-3-5-4-3-3-5-3-1-1-1-4	7-3-5-3-4-2-0-4-1-2-4-2	3-1-4-1-7-4-4-4-4-2-4-4
290	3	2-2-2-2-2-2-2-2-2-2-2-2	2-2-2-4-2-2-2-2-2-2-2-2	5-4-4-5-5-2-4-4-2-4-3-4	4-2-2-2-3-3-2-5-2-2-3-7	5-1-5-3-4-3-3-3-3-2-2-5	2-2-2-2-2-1-3-2-2-2-3-2	3-2-2-0-2-0-2-2-2-2-3-2	2-3-4-3-3-1-2-4-3-2-3-2	1-2-2-3-2-2-2-4-2-3-3-3	2-2-2-2-2-4-2-2-1-1-1-2	1-2-2-2-0-4-1-0-1-3-2-3	2-3-6-3-1-2-2-1-0-2-2-2
290	4	2-2-2-2-2-2-2-2-2-2-2-2	2-2-2-3-2-2-2-7-2-6-2-3	7-3-3-3-3-7-3-3-6-7-3-3	3-5-5-5-3-6-4-3-3-4-3-3	3-2-3-3-5-3-5-5-4-4-3-3	2-5-6-11-2-2-5-2-4-4-7-4	3-2-2-13-5-4-2-2-4-2-3-7	2-3-4-5-4-2-2-5-5-4-4-2	4-1-4-4-2-2-4-3-2-2-3-3	4-4-4-2-4-5-4-2-4-1-5-2	4-2-2-2-2-4-1-4-5-5-2-4	2-4-8-5-4-2-2-2-2-2-2-2
290	5	2-2-2-5-2-2-6-6-5-5-2-2	2-6-6-3-2-2-2-6-2-4-2-5	3-4-3-3-3-4-6-5-4-4-6-3	4-4-6-4-3-4-4-3-3-5-3-1	3-0-3-3-4-6-4-4-4-5-2-3	2-4-4-4-5-2-4-5-5-5-3-5	3-5-6-0-4-5-6-2-5-5-3-4	2-3-4-4-5-2-5-4-4-6-4-2	2-6-4-4-8-2-4-2-6-6-3-4	6-4-2-12-2-4-6-5-7-1-4-2	4-2-2-2-0-6-0-0-4-4-2-4	16-4-3-4-2-2-2-2-0-16-16-2
290	6	6-6-7-6-6-2-5-5-2-2-7-2	2-5-5-3-2-2-2-5-2-4-3-5	3-6-3-4-3-4-5-8-8-3-7-7	7-4-7-3-3-4-7-3-7-5-4-3	3-1-3-7-4-5-7-6-7-2-2-3	3-4-4-2-6-1-7-7-6-6-6-7	3-6-5-1-4-6-7-7-6-6-3-7	2-5-2-4-6-2-7-4-4-6-4-2	4-5-4-4-1-2-2-3-5-7-5-7	5-4-6-2-3-5-5-16-5-1-1-2	4-2-6-7-16-5-1-0-1-2-2-4	2-4-3-4-1-2-3-1-0-2-11-0
290	7	2-8-6-8-8-8-2-8-9-2-6-8	2-6-6-8-2-8-8-8-8-4-8-8	4-7-8-9-3-4-8-5-8-4-6-6	8-8-6-8-8-8-6-7-6-5-4-3	8-1-1-8-4-5-8-8-6-7-7-8	4-4-8-4-7-16-6-7-5-6-4-7	3-6-5-1-4-4-6-2-6-9-3-8	2-8-4-8-8-2-6-7-4-7-7-2	4-1-6-4-9-2-4-8-2-6-9-16	2-4-6-6-8-8-6-6-8-1-8-9	4-2-2-6-0-6-0-0-1-7-2-4	2-7-3-8-2-2-3-1-0-8-6-2
290	8	6-8-9-8-8-7-9-8-8-9-9-8	2-9-9-7-2-7-7-7-7-9-7-9	7-8-7-7-3-9-9-9-9-9-9-9	8-7-8-7-7-7-8-7-9-8-9-1	7-1-1-7-10-9-7-7-9-7-7-7	4-7-9-2-13-7-9-8-4-8-4-8	3-8-8-1-11-5-9-9-6-6-2-7	2-7-1-7-7-1-8-8-4-8-2-2	2-2-4-4-11-2-2-7-8-7-7-13	2-1-8-5-7-7-12-6-7-1-7-7	1-2-2-9-17-7-1-0-1-4-2-4	2-7-3-4-2-0-8-1-1-7-8-2
290	9	9-9-8-8-9-6-8-8-8-9-8-8	2-5-8-9-2-7-9-9-9-8-7-8	12-10-10-7-9-9-8-9-10-8-8-8	9-9-9-9-7-10-9-7-8-9-8-9	9-10-9-9-11-8-10-9-8-9-7-9	15-10-8-2-7-11-8-8-6-6-14-8	9-8-8-15-9-9-6-8-6-6-9-9	2-7-11-8-8-10-8-7-4-9-9-9	9-9-2-7-7-2-9-10-8-2-7-8	0-2-6-10-8-7-2-6-9-11-12-7	11-2-2-9-0-7-13-11-9-4-2-4	0-7-9-4-9-2-2-1-0-9-6-2
290	10	13-14-11-12-11-12-12-13-14-11-13-14	11-11-11-12-12-11-11-12-11-11-11-11	10-9-9-11-11-11-9-11-11-11-10-10	11-9-11-11-7-9-12-7-12-12-10-9	16-9-10-9-9-10-9-10-10-13-16-9	12-9-8-12-10-9-11-15-12-10-2-10	12-12-11-12-11-10-12-11-6-12-17-12	2-7-9-11-8-9-10-17-4-16-9-11	10-11-10-10-11-17-11-9-13-17-7-12	11-12-11-17-11-11-11-12-11-10-9-14	12-13-12-14-15-11-9-12-9-11-13-10	13-12-10-10-11-16-12-16-12-10-10-14
290	11	10-10-10-10-10-10-10-10-10-10-10-10	10-10-10-12-10-10-10-11-10-10-10-10	11-11-12-10-11-10-11-10-10-10-10-11	10-9-10-10-12-11-10-15-10-10-10-12	12-9-16-14-9-10-12-12-10-10-10-11	10-10-15-10-7-9-10-10-10-10-4-11	10-10-10-12-10-13-10-10-6-10-9-11	2-12-9-12-11-9-8-16-4-14-9-10	10-10-10-12-17-10-10-11-10-10-12-10	10-10-10-10-16-12-10-10-9-10-9-12	9-10-10-15-10-10-9-10-9-10-10-4	10-11-10-11-10-10-11-10-10-10-13-10
290	12	10-10-10-10-10-10-10-10-10-10-10-10	10-10-10-11-10-10-10-11-10-10-10-13	9-12-11-11-12-10-13-13-10-11-12-13	13-13-13-11-11-11-10-12-10-10-11-13	11-9-14-11-13-11-13-11-10-12-10-14	10-10-8-14-8-11-11-10-10-10-13-12	10-10-11-15-9-11-10-10-11-10-13-10	10-11-10-11-11-13-8-10-11-9-13-13	13-13-15-11-11-10-10-11-10-10-11-10	11-10-13-12-13-11-13-10-13-15-14-11	13-10-10-12-10-16-14-10-13-10-10-12	10-11-10-12-12-10-10-10-10-13-11-10
290	13	10-10-10-10-10-10-10-10-10-10-10-10	10-10-10-11-10-10-10-11-10-10-12-12	14-13-12-14-14-14-14-12-12-14-12-12	14-12-12-12-14-14-10-11-10-10-13-12	14-9-11-8-12-13-14-14-10-10-10-14	12-14-14-13-8-9-14-13-10-10-12-15	14-10-10-12-10-11-10-14-6-10-14-11	10-11-9-14-14-12-8-10-4-11-14-12	12-12-14-14-12-10-12-14-10-10-13-10	14-15-12-10-14-13-12-6-12-12-9-11	12-10-13-12-10-11-9-12-12-14-10-12	10-11-9-14-13-10-13-10-10-12-13-10
290	14	10-10-14-10-10-14-10-10-10-10-10-10	10-16-10-11-10-10-15-15-10-10-12-15	13-14-12-11-13-13-15-12-10-13-15-15	13-14-15-14-13-13-15-11-14-14-15-12	13-9-12-11-12-15-13-13-14-14-13-13	13-13-13-12-14-9-15-14-14-14-9-14	13-11-10-12-16-14-16-16-6-14-13-13	2-14-9-15-13-12-16-14-4-11-13-12	10-12-13-13-15-10-12-13-10-6-13-15	13-13-14-10-13-13-13-6-15-12-12-10	12-10-10-16-15-12-12-12-9-13-10-12	10-7-9-13-15-10-13-10-16-10-15-10
290	15	10-10-10-10-10-10-10-10-10-10-10-10	10-16-10-10-10-10-14-14-10-10-10-14	13-12-12-11-13-13-14-13-15-16-14-14	12-16-16-10-13-13-14-11-16-16-14-9	13-9-11-16-12-14-15-15-16-10-13-11	9-12-11-12-16-12-16-10-14-15-9-14	13-11-10-12-14-14-16-14-6-15-13-13	2-13-14-14-13-9-15-15-4-11-13-12	12-12-12-13-14-10-12-11-10-15-13-14	13-13-15-10-16-10-16-15-14-12-13-11	12-10-16-11-14-12-12-12-13-13-10-12	10-7-9-13-14-10-11-10-16-10-14-10
290	16	10-10-10-10-10-10-10-10-10-10-10-10	10-14-15-16-10-10-14-14-10-15-10-16	16-16-17-11-16-12-16-17-16-15-15-16	16-15-17-17-11-16-16-11-15-15-14-16	10-17-11-15-12-14-17-13-15-16-16-16	10-16-10-13-15-12-15-16-14-14-16-16	16-15-8-16-14-16-15-14-6-10-12-11	10-11-10-14-13-16-8-11-16-10-16-12	16-12-15-4-11-10-16-10-16-10-13-7	17-13-16-16-11-11-15-6-9-12-16-11	16-10-15-14-10-17-12-16-16-16-10-12	16-16-16-16-16-10-10-10-15-5-14-10
290	17	17-17-17-17-17-10-10-17-17-10-17-17	10-10-17-16-10-10-14-15-15-17-16-16	15-16-16-13-17-17-16-16-16-17-15-17	16-17-16-17-17-17-16-17-17-17-17-12	13-16-17-17-17-17-16-17-14-17-11-17	17-17-17-17-17-9-17-17-17-17-17-17	16-17-17-17-14-17-10-14-17-17-12-13	17-17-10-16-17-12-17-10-16-16-10-12	10-17-17-17-11-10-10-10-17-10-11-14	16-10-17-17-17-11-17-10-17-17-17-17	12-17-10-17-10-16-12-10-17-17-10-17	10-17-17-16-17-17-17-10-17-17-17-2
291	0	0-0-0-0-0-0-0-0-0-0-0-0	0-0-0-0-0-0-0-0-0-0-0-0	0-0-0-0-0-0-0-0-0-0-0-0	0-0-0-0-0-0-0-0-0-0-0-0	0-0-0-0-0-0-0-0-0-0-0-0	0-0-0-0-0-0-0-0-0-0-0-0	0-0-0-0-0-0-0-0-0-0-0-0	0-0-0-0-0-0-0-0-0-0-0-0	0-0-0-0-0-0-0-0-0-0-0-0	0-0-0-0-0-0-0-0-0-0-0-0	0-0-0-0-0-0-0-0-0-0-0-0	0-0-0-0-0-0-0-0-0-0-0-0
291	1	1-1-1-1-1-1-1-1-1-1-1-1	1-0-1-1-0-1-1-1-0-1-0-1	1-1-2-1-0-0-0-1-0-0-0-0	1-1-0-0-0-1-0-3-0-0-0-1	0-1-1-0-1-0-0-1-2-1-0-0	1-5-0-1-1-0-2-1-0-0-0-1	1-0-0-1-1-3-0-0-0-1-1-1	1-1-3-1-1-3-0-0-1-1-1-1	1-3-1-2-0-1-3-2-1-1-1-1	1-1-1-0-0-0-0-0-1-1-1-1	1-1-2-0-0-1-1-1-3-1-1-1	1-0-1-1-1-1-1-1-1-1-1-0
291	2	3-3-2-2-2-2-4-2-2-3-2-2	3-3-3-3-3-3-3-2-3-3-2-3	2-4-3-2-2-3-3-2-3-2-2-3	3-2-4-3-2-1-3-4-3-1-2-2	3-2-1-3-8-2-3-2-3-2-2-2	3-1-3-2-3-5-1-4-2-2-3-1	2-2-2-12-2-2-2-2-2-2-6-3	6-2-2-1-2-1-2-3-2-1-2-4	2-8-2-1-2-4-1-5-3-3-2-5	2-2-2-5-4-2-2-2-1-2-1-2	2-3-3-4-6-3-5-2-2-2-4-2	2-2-2-1-5-3-2-3-3-2-3-5
291	3	2-2-2-2-2-2-2-2-2-2-2-2	2-2-2-4-2-2-2-2-2-2-4-2	1-3-2-2-4-2-4-4-2-3-4-4	4-2-2-4-4-4-2-4-4-0-4-1	2-1-1-2-1-3-2-4-2-2-0-4	2-1-2-2-2-2-3-2-2-0-2-1	4-3-2-1-3-1-3-2-0-0-3-2	2-3-2-3-3-1-0-2-1-2-2-2	2-2-2-3-2-2-1-2-2-2-3-2	3-3-2-2-3-3-6-2-3-1-1-2	3-2-2-2-0-2-2-2-1-3-2-1	2-3-1-1-2-2-3-2-2-3-2-2
291	4	2-2-2-2-2-2-2-2-2-2-2-2	2-2-2-3-2-2-2-2-2-5-3-4	1-5-2-2-3-8-3-3-2-6-3-3	3-5-2-5-3-3-2-2-3-4-3-1	2-2-1-3-6-4-5-3-4-7-2-3	2-1-5-11-4-2-5-2-4-4-11-4	4-4-7-1-5-4-4-6-11-4-3-5	2-4-4-4-4-1-4-5-11-4-4-2	4-4-4-4-5-2-4-6-2-4-3-7	4-4-2-2-3-3-4-4-4-1-4-4	4-4-3-2-7-1-2-4-4-3-2-4	2-4-1-1-4-2-3-2-2-2-2-2
291	5	5-5-5-5-2-5-5-5-5-6-2-5	2-7-5-3-2-5-2-5-5-4-3-5	1-5-4-2-3-4-6-5-5-4-6-6	5-4-6-4-3-3-4-2-5-6-6-1	2-1-1-5-4-6-4-6-4-2-9-3	2-1-4-4-5-2-4-2-4-5-5-5	4-4-4-1-4-5-5-6-4-4-2-4	2-5-6-6-4-1-5-4-4-5-4-2	2-2-4-4-4-2-1-2-5-4-6-2	2-4-7-6-5-4-2-4-6-1-6-2	4-6-5-2-2-2-2-4-4-4-6-4	2-4-1-1-2-2-3-2-5-5-5-2
291	6	6-6-6-6-6-6-6-5-5-5-7-5	2-5-7-3-2-2-2-5-2-4-3-5	1-6-3-7-3-5-5-5-8-4-7-7	6-7-7-7-3-4-8-2-7-5-5-1	2-2-1-7-4-5-7-6-7-2-7-1	3-1-4-2-6-3-7-2-6-6-9-4	4-7-7-1-4-6-7-7-0-6-2-4	2-5-5-5-4-1-6-4-1-5-4-2	6-4-7-4-6-2-1-4-5-7-5-2	2-2-5-7-7-4-7-4-5-1-5-6	2-5-6-6-2-6-9-4-1-4-5-4	2-4-1-1-2-2-7-6-11-7-7-7
291	7	7-2-6-6-6-7-6-6-2-7-6-7	8-5-6-3-2-6-8-6-8-8-8-6	7-8-8-8-8-4-8-8-8-6-6-8	8-6-7-7-8-8-6-9-6-6-6-1	8-1-8-6-4-5-8-8-6-8-7-8	8-8-4-4-7-2-6-4-4-4-8-8	8-9-4-8-4-7-6-6-4-2-8-4	2-5-8-8-4-1-6-8-4-12-8-2	8-4-6-4-7-2-8-8-8-6-5-7	3-8-12-8-8-8-7-6-7-2-8-8	8-4-6-7-8-6-8-7-8-8-6-4	2-7-7-7-8-8-6-8-6-8-6-7
291	8	8-8-8-8-8-8-8-8-9-8-8-7	7-5-6-8-2-9-7-6-7-7-7-9	7-7-7-7-7-4-7-9-7-9-7-7	7-8-7-9-7-7-6-2-9-9-9-7	2-2-7-9-2-8-7-7-8-7-7-7	7-7-4-4-8-2-9-2-4-5-7-7	7-11-8-7-8-6-8-11-9-8-7-9	2-5-2-7-3-1-11-7-4-8-7-2	7-2-4-4-9-2-7-7-7-8-8-11	7-7-7-7-7-7-7-7-7-1-7-8	7-2-7-7-2-6-2-7-7-7-2-4	2-7-1-7-7-7-3-7-6-7-6-7
291	9	10-9-10-10-9-10-10-10-10-10-10-12	10-5-8-10-10-10-10-10-10-10-10-10	10-10-10-10-8-10-10-10-10-8-10-10	10-10-9-10-7-10-10-7-8-8-8-1	9-12-7-9-10-8-10-10-8-9-5-10	9-10-8-9-8-12-8-10-8-5-6-10	2-7-10-11-9-6-8-10-8-8-10-8	2-8-10-10-10-12-10-6-9-10-10-10	9-8-9-4-8-10-2-10-10-8-8-10	9-2-11-7-9-8-12-10-9-10-12-9	10-2-10-7-10-11-10-8-11-12-2-9	9-7-9-7-7-10-6-10-10-10-9-10
291	10	11-11-10-10-12-12-11-11-12-11-11-12	12-11-11-12-11-11-11-12-11-11-11-11	9-9-9-11-11-11-9-12-11-11-11-11	11-11-11-11-10-9-9-7-11-11-11-12	12-9-1-11-10-10-9-9-11-11-11-9	9-11-11-10-11-11-10-11-11-10-3-9	12-10-9-9-11-10-12-9-10-11-12-12	11-10-11-9-10-12-8-11-4-11-9-11	12-11-10-4-12-11-12-11-11-12-10-11	11-12-11-11-7-11-9-12-10-11-7-11	9-11-9-9-12-11-9-12-7-9-11-4	12-7-9-7-7-11-11-11-9-9-11-9
291	11	10-10-10-10-10-10-10-10-10-10-10-10	10-10-10-12-10-10-10-10-10-10-10-10	12-12-10-10-10-10-10-10-10-10-10-10	10-10-10-10-11-11-10-11-10-10-10-1	10-9-11-10-10-10-12-11-10-10-10-11	10-10-10-4-10-10-10-10-10-10-4-10	11-8-10-11-10-11-10-8-4-10-11-4	10-11-10-11-11-1-8-12-4-10-10-10	10-10-4-4-11-10-10-11-10-10-11-10	10-10-9-10-11-10-10-6-11-10-7-10	10-10-6-6-10-9-9-10-7-10-10-11	2-7-11-7-9-10-10-10-9-10-10-9
291	12	12-10-12-10-12-10-10-10-10-10-10-10	10-10-10-11-10-10-10-10-10-12-10-10	10-11-12-10-12-12-11-10-10-12-12-10	11-12-10-12-12-12-9-12-12-12-12-10	10-9-12-12-12-12-11-12-12-12-10-7	12-12-12-10-12-9-12-10-12-12-12-12	11-12-12-12-10-12-10-10-12-10-10-10	12-11-11-12-12-9-8-11-11-12-10-12	10-12-12-12-10-12-12-10-12-10-11-10	10-10-7-12-12-12-12-10-12-12-12-12	10-10-6-6-10-10-10-10-12-9-10-12	10-4-12-10-7-12-12-10-12-12-10-9
292	0	0-0-0-0-0-0-0-0-0-0-0-0	0-0-0-0-0-0-0-0-0-0-0-0	0-0-0-0-0-0-0-0-0-0-0-0	0-0-0-0-0-0-0-0-0-0-0-0	0-0-0-0-0-0-0-0-0-0-0-0	0-0-0-0-0-0-0-0-0-0-0-0	0-0-0-0-0-0-0-0-0-0-0-0	0-0-0-0-0-0-0-0-0-0-0-0	0-0-0-0-0-0-0-0-0-0-0-0	0-0-0-0-0-0-0-0-0-0-0-0	0-0-0-0-0-0-0-0-0-0-0-0	0-0-0-0-0-0-0-0-0-0-0-0
292	1	1-1-1-1-1-1-1-1-1-1-1-1	2-1-1-1-2-2-2-1-2-1-2-2	1-0-0-1-0-2-2-0-2-1-2-1	0-0-2-2-0-0-2-1-2-2-2-0	2-0-1-0-0-1-1-1-2-2-4-0	2-1-2-2-1-7-1-5-1-1-8-2	4-2-1-1-2-1-2-2-2-1-8-2	1-1-2-1-1-2-2-2-1-1-2-2	1-2-2-1-2-3-1-1-3-3-1-3	2-1-2-2-1-1-1-1-1-2-2-1	1-2-2-1-1-1-1-1-1-4-3-1	2-1-1-1-1-3-1-3-1-1-1-1
292	2	1-1-1-1-1-1-1-1-1-1-1-1	1-1-1-2-1-1-1-3-1-1-3-3	5-2-4-4-4-1-3-3-1-2-3-3	3-2-1-1-2-3-1-4-2-1-3-4	5-0-3-2-3-3-3-3-1-1-2-2	3-3-1-1-2-2-2-2-1-1-3-3	2-1-1-0-1-1-1-3-1-2-2-1	1-2-3-2-2-1-1-1-2-1-1-1	1-1-1-1-1-1-1-1-1-1-2-1	1-2-1-1-3-3-2-1-2-1-1-1	0-1-1-0-1-1-1-1-0-2-1-1	1-2-2-1-1-1-2-1-3-3-3-1
292	3	1-1-2-1-1-1-1-1-1-1-1-3	1-1-1-2-1-1-1-6-3-5-2-2	6-2-2-2-2-6-2-2-1-2-4-2	5-4-4-4-2-2-1-2-3-3-2-2	2-3-2-2-5-2-4-4-3-3-5-2	6-2-5-6-3-5-4-2-3-3-2-3	5-3-3-3-4-3-1-2-3-3-2-4	3-2-4-4-3-1-1-4-4-1-4-1	3-6-3-3-9-1-3-4-1-1-2-1	3-3-1-1-2-2-2-1-3-1-3-3	3-1-1-0-3-3-6-3-4-2-1-3	1-3-5-3-3-1-1-1-2-2-2-1
292	4	4-4-4-4-4-4-4-4-4-5-4-4	1-5-4-2-1-1-4-5-3-3-2-4	2-4-2-2-2-1-5-5-1-2-5-5	3-3-5-3-2-2-4-2-4-4-4-2	2-0-2-2-3-5-3-3-3-4-1-2	3-3-3-1-3-3-5-4-3-4-1-4	1-4-5-3-3-7-4-5-4-4-3-5	1-5-3-5-4-0-4-3-3-4-5-1	1-1-3-3-4-1-1-3-4-5-5-3	3-3-1-1-2-5-2-4-5-1-3-4	3-1-5-4-1-4-1-1-3-1-1-3	4-3-2-3-1-1-6-1-1-1-11-1
292	5	5-5-5-5-4-5-5-5-5-5-6-4	1-4-7-2-4-4-1-4-3-3-2-4	2-5-2-2-2-3-6-4-1-7-6-4	3-3-6-6-2-3-6-2-6-6-3-2	2-1-2-6-3-4-6-5-6-3-3-2	3-3-3-7-5-3-6-6-5-5-10-4	3-6-4-0-3-6-5-4-5-5-3-4	1-4-3-4-4-7-5-3-3-5-4-1	5-3-3-3-5-1-1-3-1-5-4-6	7-3-5-4-2-4-4-5-4-1-1-2	0-1-4-5-1-5-1-3-3-3-1-3	6-9-2-6-1-1-3-8-9-8-5-5
292	6	7-5-5-7-6-5-4-5-7-5-5-7	7-5-5-2-1-4-7-7-7-3-7-7	7-7-7-6-7-3-5-7-7-3-5-7	7-7-8-7-7-7-5-10-5-7-3-7	7-6-2-7-3-4-7-7-5-7-7-7	7-7-7-6-10-11-5-5-5-5-7-7	9-5-1-7-3-5-5-7-5-1-7-6	1-5-7-7-3-7-5-7-3-5-7-1	7-3-5-7-5-6-7-7-6-7-4-10	7-7-9-9-7-7-6-4-2-6-7-4	7-1-4-5-6-6-7-6-7-6-4-3	5-6-6-7-7-7-4-1-4-6-4-5
292	7	7-7-7-7-7-5-7-7-8-7-7-7	6-9-5-2-1-6-6-6-6-7-6-6	2-6-6-6-6-3-6-7-6-9-6-6	6-6-6-6-6-6-10-6-8-6-8-6	6-6-2-6-3-8-6-6-8-6-6-6	6-6-8-7-10-6-8-7-7-7-6-6	6-8-7-6-11-5-8-6-10-7-6-8	1-8-6-6-7-7-7-7-3-7-6-1	6-1-3-6-5-7-6-6-10-6-5-10	5-6-7-6-6-6-8-4-7-3-6-7	6-6-7-5-9-6-6-1-6-6-7-7	1-6-6-6-6-6-2-1-9-6-9-9
292	8	9-10-8-10-9-11-9-11-8-8-8-10	9-7-5-11-9-11-9-8-9-10-9-11	8-8-9-8-8-9-8-9-8-9-9-8	9-8-6-9-6-9-11-6-7-6-7-8	6-10-2-6-9-7-9-9-7-8-8-8	8-6-7-8-9-10-7-9-7-5-1-6	1-7-7-10-8-8-7-9-7-8-9-7	10-7-10-6-4-10-7-7-3-10-9-9	1-10-9-6-9-8-9-10-7-9-10-6	8-1-5-9-9-6-6-8-9-10-9-7	10-1-8-9-1-10-10-11-10-6-7-3	10-6-10-8-8-1-1-11-10-10-8-7
292	9	8-8-8-11-8-8-8-8-9-8-9-9	8-7-5-10-8-8-8-10-8-8-8-10	10-9-10-10-10-10-10-10-10-10-10-10	10-8-8-8-9-10-10-6-10-9-9-8	10-8-10-10-8-9-10-10-10-9-10-6	9-9-7-9-7-8-10-9-5-5-9-7	11-7-8-9-7-9-8-8-7-11-10-9	8-9-10-9-10-8-7-10-3-8-8-8	10-8-10-6-10-9-8-8-7-6-9-6	9-9-6-6-8-9-10-5-8-8-6-9	8-9-1-8-7-8-8-9-9-9-1-9	8-11-8-9-9-1-9-8-7-8-7-7
292	10	8-8-9-9-8-8-8-8-8-8-11-8	8-7-5-9-8-8-8-9-8-8-6-9	9-10-9-9-9-9-9-9-9-9-11-9	9-9-10-8-9-9-9-6-9-10-9-9	9-8-9-6-3-9-9-9-9-10-9-2	9-10-10-10-7-8-9-9-7-7-10-10	9-4-7-9-7-10-10-7-7-11-9-9	8-10-9-10-9-8-7-9-11-8-10-8	10-8-9-10-10-1-8-10-7-6-8-6	9-9-10-6-10-9-9-5-8-8-6-10	8-1-1-5-7-8-8-9-8-9-1-9	8-10-8-10-9-1-9-8-7-8-7-7
292	11	11-11-11-11-11-8-8-11-11-8-11-11	8-7-11-8-8-8-9-9-10-11-8-8	10-10-11-9-11-9-11-11-9-11-10-11	10-11-10-11-11-11-8-11-11-11-11-8	9-8-11-11-11-11-10-10-11-11-9-6	11-11-10-11-11-8-11-11-11-11-11-10	9-11-11-11-7-11-11-11-11-10-6-11	11-11-10-11-11-8-7-9-10-11-9-8	10-11-11-11-9-11-11-8-11-1-8-8	9-11-11-11-11-9-11-8-11-11-11-11	8-11-11-5-7-11-8-11-11-11-11-11	8-9-11-8-9-11-11-8-11-11-11-11
293	0	0-0-0-0-0-0-0-0-0-0-0-0	0-0-0-0-0-0-0-0-0-0-0-0	0-0-0-0-0-0-0-0-0-0-0-0	0-0-0-0-0-0-0-0-0-0-0-0	0-0-0-0-0-0-0-0-0-0-0-0	0-0-0-0-0-0-0-0-0-0-0-0	0-0-0-0-0-0-0-0-0-0-0-0	0-0-0-0-0-0-0-0-0-0-0-0	0-0-0-0-0-0-0-0-0-0-0-0	0-0-0-0-0-0-0-0-0-0-0-0	0-0-0-0-0-0-0-0-0-0-0-0	0-0-0-0-0-0-0-0-0-0-0-0
293	1	1-1-1-1-1-1-1-1-1-2-1-1	2-2-1-2-1-2-2-1-2-1-2-2	1-2-1-2-3-2-1-1-2-2-2-1	2-0-2-2-0-0-2-2-1-2-1-0	1-3-1-1-1-1-1-0-1-2-4-0	1-1-2-1-1-4-1-2-1-1-3-2	1-1-1-1-1-1-2-2-1-1-0-1	1-1-2-1-1-2-3-2-1-1-2-2	1-2-2-1-2-3-2-5-3-3-1-3	2-1-2-5-4-3-3-2-2-2-1-2	1-2-2-2-2-1-3-1-0-2-3-1	2-2-3-1-1-2-3-3-3-1-1-2
293	2	1-1-1-1-1-1-1-1-1-1-1-1	1-1-1-3-1-1-1-1-1-1-1-1	4-1-3-4-5-1-3-3-1-1-3-3	3-2-1-5-3-3-1-5-1-1-3-0	4-0-4-4-0-3-3-2-1-1-1-4	1-1-1-1-1-5-2-1-1-1-2-3	4-1-1-0-2-2-1-1-1-1-3-1	1-3-3-2-2-1-1-1-2-1-1-1	1-1-1-1-1-1-1-3-1-1-4-1	1-4-1-1-1-1-1-1-1-1-0-1	0-1-1-1-1-1-0-1-0-1-1-1	1-1-1-1-1-1-2-1-1-1-3-1
293	3	1-1-1-1-1-1-1-1-1-1-1-3	1-1-1-2-1-1-1-4-3-5-2-4	0-4-2-2-2-6-2-2-1-5-4-2	2-4-4-2-2-2-1-2-2-3-2-0	2-3-2-2-4-2-4-2-3-3-2-2	7-4-5-9-3-1-2-2-3-3-1-3	8-1-1-3-4-3-1-4-3-1-2-7	1-2-2-4-6-1-1-6-5-1-5-1	3-1-3-3-1-1-3-4-1-1-2-1	4-3-3-1-1-1-1-1-1-1-3-1	3-1-1-1-3-3-1-3-4-4-1-3	1-3-1-4-3-1-1-1-1-1-2-1
293	4	4-6-4-4-4-4-4-4-4-1-1-4	1-5-1-2-1-5-1-5-3-3-2-3	2-4-5-2-2-3-5-5-3-3-5-5	2-3-5-2-2-2-5-2-5-4-3-0	2-0-2-2-3-5-3-3-3-3-1-2	1-3-3-1-3-1-5-4-3-4-4-4	2-1-4-0-3-4-6-3-4-4-2-1	1-2-2-3-2-1-4-2-3-5-1-1	3-1-3-3-4-1-1-3-1-1-5-1	3-3-4-1-1-1-1-1-1-3-3-2	0-1-6-4-1-3-0-3-3-3-1-3	6-3-3-3-1-10-1-1-10-1-9-1
293	5	5-5-5-5-5-7-5-4-4-6-6-4	6-4-6-2-1-4-7-4-3-3-6-7	2-5-4-2-2-4-6-4-1-6-6-4	3-3-6-2-2-3-7-2-6-6-3-0	2-0-2-6-3-4-6-5-6-1-1-2	1-2-3-0-5-1-6-6-5-5-6-3	3-2-1-0-3-5-6-6-5-5-2-8	1-2-1-4-9-1-6-5-3-4-3-1	1-1-3-3-5-1-0-1-1-4-4-9	5-3-5-1-1-6-1-9-1-1-11-2	3-1-1-1-1-3-1-3-3-1-1-3	7-3-1-3-1-1-1-1-9-1-7-1
293	6	5-4-4-6-5-5-5-7-6-5-5-7	5-5-5-5-5-4-1-5-7-3-7-5	7-6-7-10-6-3-7-7-8-5-5-7	7-7-5-7-7-7-5-10-5-7-3-7	8-8-2-5-3-4-7-7-5-7-7-7	7-7-7-9-6-10-5-5-5-5-7-7	4-5-1-0-3-5-5-5-5-5-7-3	1-2-11-7-3-1-5-5-3-1-9-1	3-1-3-3-6-1-0-7-1-1-7-1	1-3-5-1-7-5-6-5-6-1-7-1	3-1-4-6-5-9-1-0-7-6-1-3	4-6-6-6-7-7-2-1-5-9-5-7
293	7	7-7-7-7-7-7-9-7-7-5-7-7	1-10-8-5-7-9-5-5-6-8-6-8	6-6-6-6-2-9-6-9-6-8-8-6	6-6-7-6-6-6-8-6-8-8-8-6	6-0-2-6-3-8-6-6-7-7-6-6	6-6-6-0-9-3-8-7-5-5-6-7	3-7-9-0-9-7-9-10-5-7-6-3	1-9-8-8-8-7-9-7-3-7-8-1	1-1-8-3-5-1-0-6-9-7-8-8	8-3-7-8-6-6-6-5-6-3-6-9	7-1-9-1-11-8-9-3-3-6-1-3	5-6-3-6-6-6-11-1-5-6-5-10
293	8	7-9-7-7-9-9-7-9-7-8-10-9	9-7-7-9-7-10-9-9-6-7-10-7	6-6-6-6-9-7-9-10-6-9-7-9	8-9-9-9-6-6-7-6-7-7-7-6	6-6-2-9-9-7-9-7-9-8-9-6	2-6-7-9-8-1-9-7-8-8-6-7	3-9-7-0-7-5-8-9-8-8-2-5	1-2-7-7-7-8-7-7-3-9-7-1	3-9-7-3-5-1-0-9-7-5-7-7	7-3-5-9-6-5-7-5-7-1-6-7	3-1-4-8-8-8-11-3-0-8-8-3	5-8-8-8-6-4-2-1-5-9-5-8
293	9	8-8-4-7-8-8-7-8-11-7-9-9	8-4-7-10-7-8-10-8-9-10-6-11	9-9-10-11-8-10-8-10-8-8-8-8	10-8-8-8-6-10-10-6-8-8-7-9	6-9-11-8-10-7-10-10-8-9-8-9	9-9-7-3-7-9-8-9-5-5-8-10	9-7-7-9-7-9-8-8-8-11-9-8	1-7-10-9-5-9-7-7-9-10-9-1	3-8-10-9-10-1-9-8-7-1-7-11	9-9-9-8-8-7-6-5-10-10-9-10	9-1-7-8-8-11-9-10-9-6-1-9	9-8-9-9-9-9-9-9-5-6-4-4
293	10	11-11-10-11-11-10-10-8-11-10-8-11	10-7-5-9-7-8-9-11-10-9-8-11	6-9-9-6-8-9-11-9-10-10-8-10	9-9-9-8-10-9-9-6-7-9-9-9	10-9-11-9-9-10-9-9-8-10-10-10	10-9-11-10-8-11-9-10-5-5-0-11	9-8-8-9-9-9-5-7-8-11-10-10	1-10-9-10-10-9-7-7-3-9-10-1	11-9-9-10-9-1-9-9-7-11-10-7	10-10-7-9-10-10-10-5-9-9-6-10	10-1-10-8-11-10-9-9-9-10-1-10	9-10-10-9-10-4-10-1-4-10-5-11
293	11	11-11-11-11-11-11-10-11-11-11-11-11	8-8-11-9-11-8-10-10-11-11-10-10	9-11-10-9-11-11-10-11-9-11-11-11	9-11-11-11-11-11-10-11-11-11-11-9	10-9-10-11-11-11-10-11-8-11-1-6	11-11-10-11-11-11-11-11-11-11-11-10	9-11-11-11-7-11-7-11-11-10-9-11	11-10-6-11-11-8-7-7-9-11-10-11	10-11-11-11-10-11-11-11-11-1-10-9	9-11-11-11-11-10-11-10-9-11-11-11	11-11-11-11-10-9-11-11-11-11-1-10	11-10-11-9-10-11-11-9-11-11-11-10
294	0	0-0-0-0-0-0-0-0-0-0-0-0	0-0-0-0-0-0-0-0-0-0-0-0	0-0-0-0-0-0-0-0-0-0-0-0	0-0-0-0-0-0-0-0-0-0-0-0	0-0-0-0-0-0-0-0-0-0-0-0	0-0-0-0-0-0-0-0-0-0-0-0	0-0-0-0-0-0-0-0-0-0-0-0	0-0-0-0-0-0-0-0-0-0-0-0	0-0-0-0-0-0-0-0-0-0-0-0	0-0-0-0-0-0-0-0-0-0-0-0	0-0-0-0-0-0-0-0-0-0-0-0	0-0-0-0-0-0-0-0-0-0-0-0
294	1	1-1-1-1-1-1-1-1-1-1-1-1	1-2-1-0-1-2-2-2-2-2-1-2	1-3-0-1-2-2-2-2-2-2-2-2	2-0-2-2-0-0-2-1-2-2-2-0	1-3-1-1-1-1-2-1-1-2-4-0	10-2-2-4-1-1-1-0-1-1-10-1	12-1-2-1-1-1-2-2-2-3-1-1	1-1-1-1-1-2-2-2-1-1-1-2	1-2-2-1-1-2-1-1-3-1-1-2	2-1-1-3-1-1-1-2-2-2-1-1	1-2-2-5-1-2-3-1-1-2-2-2	2-1-1-1-1-2-1-3-1-1-1-1
294	2	1-1-1-1-1-1-1-1-1-1-1-1	1-1-1-5-1-1-1-1-1-1-3-1	0-2-3-2-4-1-3-1-1-1-3-3	3-0-1-3-3-3-1-6-3-1-3-0	3-0-6-3-0-2-3-3-1-1-1-5	3-3-1-1-1-5-2-2-1-1-7-3	2-2-1-0-2-1-1-1-1-1-3-1	1-2-3-2-2-1-1-1-2-1-1-1	1-1-1-1-10-1-1-1-1-1-3-1	1-4-1-1-3-3-1-1-1-1-1-6	0-1-1-0-1-1-0-1-0-1-1-1	1-2-2-1-1-1-4-0-1-1-1-1
294	3	1-1-1-1-1-1-1-1-1-1-1-3	1-1-1-2-1-1-4-4-3-4-2-3	6-4-2-2-2-8-2-4-1-5-2-2	5-4-4-2-2-2-3-2-2-3-2-0	2-3-2-2-4-2-4-2-3-1-2-2	2-4-4-0-3-2-4-5-4-3-1-3	6-3-1-3-4-1-3-4-3-1-2-6	1-2-2-4-3-1-3-5-6-1-3-1	1-4-3-4-2-5-3-4-1-4-2-3	4-3-1-1-2-2-1-3-1-4-3-2	8-4-1-0-3-3-1-3-6-3-1-3	1-3-3-4-1-1-5-1-0-1-1-3
294	4	4-4-4-4-1-4-4-4-4-1-4-4	1-4-5-2-1-1-3-5-3-3-2-5	0-3-2-2-2-3-5-6-1-6-5-5	3-3-3-3-2-2-5-2-4-5-6-0	2-7-2-2-3-6-3-2-3-4-6-2	1-3-3-1-3-2-5-5-3-4-5-3	3-4-5-3-3-1-4-5-4-4-3-3	1-2-2-3-2-1-4-3-5-5-3-1	4-3-3-3-0-1-1-3-5-3-5-3	3-2-1-6-2-3-5-3-1-3-1-2	3-3-8-1-5-4-1-3-3-5-3-5	1-3-2-3-1-1-2-5-6-1-4-1
294	5	5-1-5-5-1-5-5-5-6-5-5-5	1-6-4-2-1-6-1-4-1-3-2-4	3-5-2-2-6-3-4-5-6-3-6-4	3-7-6-6-2-3-4-2-6-4-4-0	2-7-0-2-3-4-5-6-6-1-1-2	2-3-3-0-5-2-6-4-5-5-5-3	3-3-4-3-3-5-6-4-5-5-3-3	1-2-2-4-3-1-7-3-4-4-3-1	6-3-4-3-5-3-1-3-4-5-4-6	3-1-5-1-5-5-4-6-1-1-6-2	3-3-6-1-4-4-1-8-3-4-3-4	9-3-3-6-1-1-3-4-4-1-6-6
294	6	5-4-5-5-6-7-6-1-5-6-1-5	1-4-4-2-8-7-1-8-8-8-6-7	3-6-7-2-5-9-7-7-5-4-5-6	7-4-5-7-2-3-7-2-5-4-4-7	7-3-2-9-3-4-7-5-8-6-4-2	3-6-3-1-5-2-5-6-5-6-5-7	3-3-4-3-3-5-5-8-5-5-3-3	1-2-3-3-6-1-5-3-3-5-3-1	5-3-3-6-5-6-8-7-8-7-6-8	3-3-6-4-8-13-5-5-2-3-5-2	3-3-5-0-5-7-7-3-3-3-8-3	6-8-6-6-1-1-6-7-4-1-5-5
294	7	7-8-5-8-7-6-5-7-5-8-7-6	1-8-1-1-5-6-8-5-6-6-8-6	3-7-9-8-8-9-8-9-8-9-6-8	6-8-8-6-9-9-6-11-6-8-4-6	6-3-2-9-3-4-8-5-7-11-6-2	3-6-8-8-7-1-6-6-7-8-5-7	3-7-7-3-8-7-7-8-9-10-7-8	1-7-9-3-6-9-5-3-3-7-6-1	7-3-3-3-8-6-1-6-6-6-7-6	7-3-6-1-8-6-8-11-7-3-5-2	3-3-9-0-8-6-7-3-3-6-6-3	6-3-6-6-1-1-8-6-4-1-5-8
294	8	7-7-8-7-8-9-10-9-8-7-8-9	11-7-4-2-6-6-7-7-6-6-9-6	9-8-9-7-7-3-7-9-9-7-9-9	9-9-9-7-7-10-7-10-6-9-7-9	9-8-9-7-3-4-9-9-6-7-9-9	9-9-9-7-7-9-4-6-5-7-9-9	9-7-7-11-7-8-5-9-7-13-9-7	1-7-9-9-3-8-5-9-3-1-8-1	9-3-3-9-8-6-3-9-6-6-7-6	7-9-10-1-9-6-9-5-9-9-9-8	9-3-7-10-7-10-9-5-9-8-6-10	6-6-8-9-9-1-7-6-4-9-5-7
294	9	9-9-9-9-9-9-9-8-8-9-10-8	10-10-10-11-10-10-10-10-6-9-8-10	8-8-8-7-7-11-8-7-8-10-10-8	8-8-8-8-7-8-10-8-10-10-10-8	8-0-8-7-3-10-10-8-10-7-9-8	8-8-10-7-9-8-10-9-9-7-8-8	8-9-11-0-8-9-9-10-7-7-8-3	1-10-7-8-9-8-5-8-3-9-8-1	8-9-1-8-5-6-0-8-7-5-5-12	7-8-9-10-8-6-8-7-8-8-8-8	8-6-7-9-13-8-8-11-8-8-6-8	11-3-6-8-8-1-7-7-13-8-13-9
294	10	9-7-9-10-9-10-9-9-9-10-9-9	11-9-9-10-9-11-9-11-11-6-8-9	10-11-11-7-11-11-11-10-11-11-9-11	10-11-11-11-7-11-9-8-9-9-9-11	8-11-11-7-10-9-11-11-9-7-10-10	1-10-9-10-10-13-9-9-7-7-1-8	10-9-9-10-10-8-5-9-7-7-10-11	10-9-11-9-9-11-5-8-11-10-10-11	10-10-11-11-8-6-10-11-6-11-6-6	11-11-8-11-11-6-9-6-11-11-11-2	11-11-11-11-7-8-11-10-10-8-6-8	10-6-10-11-10-1-7-13-12-10-9-9
294	11	11-12-12-13-9-10-11-11-11-10-13-11	10-9-9-9-9-13-10-10-10-12-10-12	10-10-10-10-10-10-10-10-10-10-10-10	10-10-10-10-7-10-10-8-12-12-11-10	8-10-10-7-11-11-10-10-12-7-10-8	12-12-9-10-10-10-12-11-12-11-12-11	8-12-9-11-10-11-10-10-11-7-10-12	1-9-10-12-11-10-12-9-11-12-10-10	10-10-10-10-11-11-12-12-10-10-11-11	10-10-11-10-10-9-12-7-10-10-10-12	10-12-10-10-13-12-10-10-10-10-6-10	10-10-10-10-8-1-7-12-4-10-11-12
294	12	12-13-12-13-13-13-12-13-12-13-13-12	13-9-9-12-13-13-13-12-12-12-13-13	12-13-13-13-12-10-12-12-12-12-12-12	13-10-13-13-7-12-12-8-11-11-11-10	6-12-10-7-10-11-13-12-11-12-12-12	12-11-9-12-10-10-11-13-11-11-11-11	13-11-12-11-12-12-5-12-7-12-13-11	1-9-8-11-11-13-9-11-13-11-12-12	1-10-11-11-13-12-12-11-6-10-13-9	12-13-8-12-12-6-13-12-12-12-10-11	13-11-12-12-9-12-10-13-12-13-6-10	13-13-12-12-12-1-7-13-10-10-12-12
294	13	13-13-13-12-13-12-12-12-13-12-13-13	12-9-13-12-12-12-12-12-12-13-12-12	10-12-13-12-13-12-13-13-12-13-13-13	12-13-13-13-13-13-12-13-13-13-13-10	13-10-13-13-10-13-12-13-13-13-12-8	13-13-13-12-13-10-13-13-13-13-13-13	12-13-13-13-11-13-13-12-13-13-12-12	13-9-2-13-13-12-7-8-12-11-12-10	12-13-13-13-12-13-13-5-13-1-12-12	9-12-13-13-13-6-13-12-12-13-13-13	12-11-13-12-9-12-10-13-13-12-13-13	12-13-13-12-12-13-13-10-13-13-9-12
295	0	0-0-0-0-0-0-0-0-0-0-0-0	0-0-0-0-0-0-0-0-0-0-0-0	0-0-0-0-0-0-0-0-0-0-0-0	0-0-0-0-0-0-0-0-0-0-0-0	0-0-0-0-0-0-0-0-0-0-0-0	0-0-0-0-0-0-0-0-0-0-0-0	0-0-0-0-0-0-0-0-0-0-0-0	0-0-0-0-0-0-0-0-0-0-0-0	0-0-0-0-0-0-0-0-0-0-0-0	0-0-0-0-0-0-0-0-0-0-0-0	0-0-0-0-0-0-0-0-0-0-0-0	0-0-0-0-0-0-0-0-0-0-0-0
295	1	1-1-1-1-1-1-1-1-1-2-1-1	2-2-1-1-2-2-2-2-2-2-2-2	1-3-0-3-1-2-2-3-2-2-2-2	2-2-2-2-1-0-2-1-2-2-2-0	1-0-1-2-0-1-2-1-2-2-2-0	8-2-2-1-1-0-1-3-1-1-3-1	3-1-1-1-1-1-2-2-2-1-4-1	1-1-0-0-1-2-2-1-0-1-1-2	1-1-1-1-2-3-5-1-2-2-1-2	2-1-1-1-2-2-1-1-1-1-5-1	1-2-3-1-2-2-3-2-1-1-2-2	2-1-1-1-5-2-1-5-2-4-2-2
295	2	1-1-2-1-1-1-1-1-1-1-1-1	1-1-1-2-1-1-1-1-1-1-3-1	0-1-3-2-4-1-3-1-1-1-3-3	3-1-1-1-3-3-1-3-3-1-3-0	3-0-0-3-0-2-3-3-1-1-1-5	3-3-1-1-1-5-3-1-1-1-0-3	2-2-1-0-2-1-1-1-1-1-3-1	1-2-3-2-2-1-1-3-2-1-1-1	0-1-1-2-8-1-0-3-1-1-3-1	1-1-1-3-3-3-2-1-7-1-1-3	0-1-1-1-1-1-0-1-0-2-1-1	1-2-2-1-1-1-2-1-1-1-1-1
295	3	1-1-1-1-1-1-1-1-3-1-1-3	1-1-1-2-1-1-1-6-4-3-2-4	6-4-2-2-2-6-2-4-1-6-2-2	5-4-1-2-2-2-3-2-2-3-2-0	2-0-0-2-4-3-4-2-3-1-2-2	2-6-5-6-3-2-4-5-3-3-12-3	1-3-1-0-4-1-4-1-3-1-2-4	1-2-2-4-3-1-1-4-3-1-3-1	6-1-3-3-2-1-3-2-1-3-2-3	3-3-3-2-2-2-2-3-1-3-1-2	6-6-1-1-3-3-1-1-4-4-1-3	1-3-3-1-1-1-6-1-1-1-1-3
295	4	4-4-4-4-4-4-1-4-4-1-4-4	1-4-5-2-1-5-1-3-3-3-2-3	0-3-2-2-2-1-5-3-5-2-5-2	3-3-4-2-2-3-3-2-5-6-4-0	2-0-0-2-3-5-3-2-3-1-3-2	1-3-3-3-1-1-3-3-3-4-1-4	3-2-1-0-3-4-5-5-4-1-1-3	4-2-3-3-2-1-4-3-3-1-3-1	1-1-3-3-4-1-1-3-4-3-2-5	1-1-1-5-2-3-2-6-5-3-1-2	3-3-1-1-1-7-1-1-3-3-1-3	1-3-2-1-1-1-2-1-1-1-1-3
295	5	6-6-5-5-5-6-5-5-5-6-5-4	1-7-5-1-1-4-7-5-3-3-2-7	0-5-2-1-2-3-4-7-4-7-6-5	3-3-6-2-2-3-6-2-6-4-3-0	2-0-0-2-3-4-6-5-6-1-1-2	2-3-3-1-5-2-6-3-5-4-7-4	3-6-5-0-3-4-4-6-6-5-0-3	4-2-3-4-3-1-6-5-3-1-3-1	7-1-3-3-6-3-1-2-5-7-5-4	1-1-5-6-1-4-2-4-4-3-1-2	1-3-6-12-6-5-1-1-3-3-1-3	1-5-2-1-1-5-2-11-1-6-6-4
295	6	5-5-4-5-6-5-6-1-6-5-6-7	7-5-5-7-1-5-7-8-7-3-7-7	7-7-7-7-7-3-7-5-7-8-5-7	7-7-5-8-7-7-5-7-5-4-8-0	7-0-0-10-3-4-7-7-5-6-6-7	7-3-3-3-6-8-5-8-5-4-3-8	6-3-4-0-7-10-5-5-4-1-0-7	1-6-8-7-3-1-5-8-3-6-6-1	3-3-6-3-5-1-3-7-5-6-3-8	7-7-5-5-2-6-6-4-7-3-6-8	3-3-5-5-6-6-1-6-0-3-1-3	4-6-6-6-1-1-3-0-1-5-5-3
295	7	7-7-7-7-8-7-7-7-8-8-7-6	6-8-7-6-7-10-6-6-6-8-6-6	6-6-6-6-6-6-6-5-6-6-8-6	6-6-8-6-6-6-5-6-8-8-7-0	6-0-0-6-3-8-8-6-8-7-6-6	6-8-8-1-7-6-8-7-3-7-5-7	6-8-5-0-7-7-13-6-4-7-0-6	4-6-6-8-7-8-12-7-3-9-6-1	10-7-3-6-10-7-7-6-8-5-7-12	6-6-7-2-6-6-6-8-6-3-6-6	3-1-5-5-6-9-1-1-7-6-1-6	8-6-6-6-1-1-2-10-10-7-5-10
295	8	7-7-9-7-8-7-8-13-7-10-7-7	6-7-7-6-9-7-9-6-6-7-6-9	8-9-9-6-6-9-9-9-9-6-7-7	9-8-9-6-6-9-8-6-7-7-6-10	8-11-11-6-10-7-7-9-7-8-8-11	9-10-7-8-6-13-7-7-1-4-9-6	6-7-7-12-8-6-9-8-3-1-8-9	8-6-6-7-7-11-4-6-3-8-8-12	8-12-3-6-2-1-8-9-7-9-13-6	9-8-8-8-10-6-8-7-12-10-8-6	10-1-8-5-5-8-12-10-8-8-1-8	7-6-8-8-8-1-1-8-7-8-5-7
295	9	10-10-10-10-10-10-10-10-11-10-10-13	11-10-10-10-11-10-10-10-12-11-10-10	9-8-10-10-10-10-8-10-10-10-13-9	10-8-10-10-6-10-10-6-10-10-9-8	10-8-12-12-8-9-10-10-9-10-12-9	9-11-10-11-10-8-10-10-11-9-11-9	13-9-9-9-10-9-10-8-11-10-8-9	12-6-6-7-10-10-9-10-6-9-8-11	9-11-11-9-12-10-8-8-10-13-9-11	12-11-10-10-10-11-11-10-10-8-8-10	11-10-13-5-11-10-8-11-8-9-10-10	10-9-9-11-8-12-10-11-11-9-11-11
295	10	9-9-9-9-9-9-9-9-9-9-9-9	9-9-9-9-9-9-9-9-9-9-9-9	10-11-9-9-11-9-11-9-9-9-10-11	11-8-9-12-11-11-9-6-9-9-9-8	11-8-0-6-8-9-11-9-9-9-9-11	11-8-11-9-9-8-9-9-9-9-3-9	11-9-9-8-9-9-9-9-4-9-11-11	9-6-6-11-11-9-5-9-3-9-9-8	9-8-9-11-9-9-9-8-9-9-10-9	9-10-9-9-9-10-10-9-8-8-8-9	8-9-9-5-9-8-8-8-8-11-9-11	9-6-11-9-8-9-9-9-7-9-5-7
295	11	9-9-9-9-9-9-9-9-9-9-9-9	9-12-9-9-9-9-9-9-9-9-9-9	10-10-9-9-10-9-12-9-9-9-12-10	10-9-9-10-10-10-9-6-12-9-12-8	10-8-8-10-8-11-12-10-11-11-9-10	10-9-10-9-9-8-12-9-11-11-11-7	10-9-9-0-9-11-11-12-9-9-10-10	9-10-6-10-10-8-9-9-3-12-9-9	9-9-9-10-9-9-9-8-9-5-10-9	9-9-9-10-10-9-9-9-9-8-8-11	9-9-9-5-9-8-8-9-8-10-9-10	11-12-10-9-8-9-10-9-12-9-9-9
295	12	9-9-9-9-9-9-9-9-9-9-9-9	9-11-9-12-9-9-9-9-9-9-9-9	13-12-13-10-10-9-11-13-10-9-11-10	13-12-12-10-12-12-11-12-11-11-11-12	9-8-13-9-8-11-13-12-12-9-9-12	12-12-13-12-9-12-13-9-11-4-3-13	13-9-9-8-9-9-11-13-9-9-12-12	9-12-8-12-12-9-13-6-12-8-8-8	9-8-12-12-9-9-9-8-9-9-12-7	9-12-9-9-12-12-12-9-8-8-8-12	12-9-9-5-12-12-8-8-12-12-9-12	12-11-10-12-12-9-12-9-11-9-5-9
295	13	13-13-13-9-13-9-9-13-9-9-13-9	9-9-9-12-9-9-9-6-9-13-12-9	11-12-12-9-13-13-12-9-9-13-13-13	12-13-13-13-13-13-9-10-13-13-13-12	9-8-12-13-8-13-12-12-11-13-6-6	13-13-12-12-13-8-12-13-13-13-13-13	9-13-13-13-9-13-7-12-13-13-12-12	13-13-12-13-13-8-13-6-12-13-12-8	9-13-13-13-9-13-13-9-13-9-12-7	9-9-13-13-13-12-13-9-13-13-13-13	12-9-9-13-12-9-8-9-13-13-9-13	13-13-13-12-12-13-13-9-13-13-13-9
296	0	0-0-0-0-0-0-0-0-0-0-0-0	0-0-0-0-0-0-0-0-0-0-0-0	0-0-0-0-0-0-0-0-0-0-0-0	0-0-0-0-0-0-0-0-0-0-0-0	0-0-0-0-0-0-0-0-0-0-0-0	0-0-0-0-0-0-0-0-0-0-0-0	0-0-0-0-0-0-0-0-0-0-0-0	0-0-0-0-0-0-0-0-0-0-0-0	0-0-0-0-0-0-0-0-0-0-0-0	0-0-0-0-0-0-0-0-0-0-0-0	0-0-0-0-0-0-0-0-0-0-0-0	0-0-0-0-0-0-0-0-0-0-0-0
296	1	1-1-1-1-1-1-1-1-1-1-1-1	1-2-2-2-1-1-4-2-1-1-1-2	1-1-2-2-3-2-2-3-2-2-4-2	2-2-2-4-1-2-3-6-1-1-2-1	3-0-3-3-1-1-2-2-1-4-2-1	2-2-2-0-1-4-1-1-1-1-2-2	1-1-1-1-1-1-2-2-2-1-1-1	1-4-2-1-4-0-2-1-1-0-1-2	1-1-1-1-3-3-1-1-2-1-1-1	1-1-1-1-2-1-1-1-1-0-1-3	1-2-4-0-1-1-2-1-2-1-3-1	1-1-1-1-1-1-1-0-1-1-1-1
296	2	1-1-1-1-2-1-2-1-1-1-2-1	1-1-1-1-1-1-1-1-1-1-1-1	3-1-1-1-1-1-1-1-1-1-2-1	3-3-1-1-6-3-1-1-1-1-1-4	1-3-5-1-2-1-3-3-1-1-1-5	1-4-1-2-0-6-1-5-2-1-11-3	3-1-1-4-3-2-1-3-1-1-3-1	1-3-1-3-1-4-1-5-5-4-3-1	2-5-1-4-2-1-3-3-1-1-3-6	1-5-2-2-3-1-3-1-4-6-5-1	5-1-1-0-1-2-6-2-5-5-1-1	2-1-3-5-1-1-1-0-1-3-3-1
296	3	1-3-1-3-4-3-3-3-3-4-1-3	1-3-3-1-3-1-1-4-4-4-1-3	2-2-1-1-1-4-4-1-1-4-3-1	2-4-2-1-2-2-1-1-1-3-5-2	1-2-1-1-4-4-4-4-4-1-1-2	4-2-6-4-4-1-4-1-3-3-2-4	2-1-3-2-4-2-3-2-3-3-2-4	1-2-4-4-3-2-3-3-7-2-3-1	3-7-3-3-1-1-2-2-1-3-2-4	1-1-3-2-2-1-2-1-2-2-1-1	3-1-1-3-1-3-3-3-3-2-1-3	2-3-2-2-2-3-3-3-2-2-2-1
296	4	4-4-4-4-3-4-4-4-4-7-4-4	1-5-5-1-5-1-1-3-3-3-1-5	2-4-5-1-1-3-5-5-5-3-5-4	2-3-2-1-1-2-4-1-5-1-1-2	1-0-2-1-3-5-3-3-3-1-1-2	3-2-3-3-3-1-5-2-4-4-7-3	2-1-4-2-3-4-3-5-4-4-2-3	4-1-3-3-1-2-4-3-3-2-1-0	4-2-3-2-3-1-3-2-5-1-2-3	6-2-4-5-5-1-1-1-2-2-2-5	2-5-1-4-1-3-5-3-2-2-1-5	1-7-2-2-5-1-3-5-1-2-4-1
296	5	4-5-4-5-5-4-5-5-5-4-5-4	1-7-4-1-4-7-6-6-1-3-1-4	2-5-4-1-1-7-6-4-6-5-6-5	5-6-6-5-2-2-5-1-4-5-6-2	1-0-2-14-3-4-5-5-6-3-1-2	1-2-3-3-5-1-4-2-6-5-7-4	2-1-5-2-7-4-5-4-5-5-2-3	1-6-6-6-1-2-5-2-2-2-2-0	6-6-1-2-5-6-2-2-4-5-6-7	2-2-5-4-4-6-6-7-6-0-2-4	2-4-4-5-7-6-4-2-2-2-4-4	8-4-10-2-5-1-3-5-5-7-7-1
296	6	6-6-5-6-6-7-6-6-7-4-6-6	7-7-5-1-5-5-5-5-8-7-1-7	2-6-6-5-1-9-5-8-7-7-7-6	6-6-5-6-2-3-7-1-7-7-7-2	1-0-2-7-3-5-7-5-7-3-8-2	6-7-3-3-6-2-7-2-5-5-6-4	2-7-6-2-7-6-7-4-6-6-2-2	1-5-5-5-3-2-7-6-3-8-1-0	5-5-7-2-6-6-2-2-5-6-5-7	9-1-8-7-2-5-5-5-5-2-2-1	2-6-7-5-7-5-2-2-2-2-4-4	8-5-2-2-4-1-5-10-7-2-11-6
296	7	6-5-8-8-6-6-5-5-6-4-6-5	1-5-5-9-4-5-8-8-6-6-8-6	8-7-8-8-8-3-8-6-6-6-6-7	8-8-8-7-8-8-6-8-6-6-6-8	8-7-8-8-3-4-8-8-6-8-8-8	3-8-8-7-7-8-6-8-5-4-5-7	11-6-6-7-8-7-6-8-5-7-8-7	7-8-7-8-8-2-6-8-3-4-7-0	7-3-14-9-12-1-2-2-7-3-9-6	8-7-7-5-8-1-6-5-8-0-8-8	2-1-6-5-6-7-2-3-3-9-1-3	6-4-7-8-7-1-9-3-6-5-6-1
296	8	8-9-8-8-8-9-9-8-8-8-8-8	5-9-9-7-9-8-7-7-6-6-7-7	7-8-7-7-7-8-7-6-8-8-9-6	7-7-7-7-7-7-6-7-9-9-9-7	7-0-7-7-10-9-7-7-9-8-7-7	9-7-9-8-8-7-9-8-9-8-1-8	2-8-8-10-7-8-14-9-8-6-7-7	8-9-9-7-7-2-8-7-3-11-7-0	7-8-7-9-14-8-2-9-9-10-8-9	7-7-6-8-9-7-7-5-7-9-7-7	2-9-6-5-3-7-8-3-2-2-8-3	5-9-7-7-7-1-7-10-6-5-6-9
296	9	9-8-8-8-9-8-8-8-8-8-8-8	8-8-8-9-8-8-9-10-6-8-10-8	11-10-10-7-9-10-10-10-10-8-8-9	9-9-7-7-7-9-9-7-8-8-8-10	1-12-7-10-11-8-8-7-8-7-8-10	8-9-8-9-8-14-8-9-8-8-12-7	9-8-8-12-9-9-5-10-8-7-9-10	9-8-12-7-7-10-8-7-7-9-9-9	9-9-9-10-11-8-9-8-8-8-7-8	8-1-7-9-8-1-6-5-9-11-11-1	11-8-6-10-7-12-11-3-11-7-8-3	13-8-9-7-9-1-7-9-6-9-6-8
296	10	12-12-11-11-11-12-11-11-12-11-12-12	12-11-11-11-12-11-12-11-13-11-11-11	9-10-12-11-11-11-9-11-12-11-11-11	11-9-11-11-7-9-11-7-11-11-10-9	14-9-13-12-9-10-10-10-10-11-13-7	13-11-11-10-11-12-10-11-13-13-13-10	9-11-11-10-9-10-11-11-12-10-9-13	11-8-11-11-10-9-10-7-7-11-9-12	10-9-10-9-14-13-14-9-11-13-11-11	10-14-12-12-11-10-12-14-9-9-9-13	9-13-13-9-13-11-9-10-9-10-11-10	11-10-10-10-11-11-13-11-10-12-6-13
296	11	10-10-10-10-10-10-10-10-10-10-10-10	10-10-10-12-10-10-10-10-10-10-10-10	9-11-10-10-12-12-12-10-10-12-12-10	12-9-10-10-12-12-10-13-10-10-12-12	13-9-13-10-9-11-12-12-11-10-10-7	11-12-12-10-10-10-12-10-10-10-2-7	14-10-10-11-8-7-10-10-11-10-12-11	10-11-10-12-11-10-8-7-12-10-11-9	9-9-11-12-7-10-10-11-10-10-13-10	11-11-10-10-10-13-11-5-9-9-9-10	9-11-6-8-10-10-9-10-9-11-10-11	10-13-7-11-10-10-12-10-5-9-6-10
296	12	10-10-10-10-10-10-10-10-10-10-10-10	10-13-10-11-10-10-10-13-10-10-10-10	14-12-10-10-11-11-13-11-10-11-13-11	11-11-11-10-11-11-10-11-11-12-11-11	11-9-11-10-9-13-11-11-13-12-10-7	10-11-11-10-8-10-11-12-12-12-9-12	11-12-10-9-12-12-13-13-12-10-11-11	10-12-9-11-11-9-6-7-11-12-11-10	7-9-11-11-7-10-10-11-10-10-11-10	11-1-10-10-10-11-10-5-9-9-9-10	9-10-10-9-10-10-9-10-9-10-10-11	6-12-9-7-10-10-11-12-12-10-12-10
296	13	10-10-10-10-10-10-10-10-10-10-10-10	10-12-10-11-10-10-10-12-10-10-10-10	9-13-10-11-11-11-12-11-10-10-12-13	14-13-10-10-11-13-14-11-12-10-13-11	11-9-10-13-13-12-12-11-12-10-10-13	10-11-10-10-13-14-12-10-12-10-10-12	11-10-10-13-12-10-12-12-10-10-14-11	10-12-10-11-11-10-12-7-11-13-11-13	13-13-13-13-13-10-13-11-10-10-11-10	11-13-13-13-10-11-6-5-13-13-13-10	10-10-6-10-10-14-13-13-13-11-10-13	10-11-13-13-13-10-10-10-12-10-12-10
296	14	14-10-14-10-14-10-10-14-10-10-14-10	10-10-14-11-10-10-10-13-13-14-10-13	12-12-14-10-14-11-14-14-13-14-13-14	13-14-13-13-14-14-13-11-14-14-14-9	10-9-14-14-13-14-13-14-12-14-10-9	14-14-14-10-14-9-14-14-14-14-14-12	11-14-14-14-12-14-8-13-14-10-13-11	14-14-10-14-14-13-14-10-11-10-10-13	10-14-7-14-10-10-10-10-14-10-13-10	7-14-14-14-14-11-14-10-14-14-9-14	9-10-5-13-10-13-13-10-14-14-10-14	10-11-14-10-5-14-14-10-12-14-14-1
297	0	0-0-0-0-0-0-0-0-0-0-0-0	0-0-0-0-0-0-0-0-0-0-0-0	0-0-0-0-0-0-0-0-0-0-0-0	0-0-0-0-0-0-0-0-0-0-0-0	0-0-0-0-0-0-0-0-0-0-0-0	0-0-0-0-0-0-0-0-0-0-0-0	0-0-0-0-0-0-0-0-0-0-0-0	0-0-0-0-0-0-0-0-0-0-0-0	0-0-0-0-0-0-0-0-0-0-0-0	0-0-0-0-0-0-0-0-0-0-0-0	0-0-0-0-0-0-0-0-0-0-0-0	0-0-0-0-0-0-0-0-0-0-0-0
297	1	1-1-1-1-1-1-1-1-1-1-1-1	1-0-1-1-1-1-0-0-1-0-1-0	0-0-0-2-1-2-2-0-0-0-2-1	2-0-2-2-3-2-0-2-3-0-2-0	2-0-0-2-1-1-2-2-1-1-3-2	1-4-1-1-0-0-2-2-1-1-2-0	2-1-1-0-0-1-1-0-1-1-2-0	1-1-1-1-1-0-1-1-1-0-0-0	0-0-1-1-2-1-0-2-1-1-1-1	2-1-1-0-2-2-1-1-3-0-0-1	0-1-0-0-2-0-0-0-0-1-1-1	0-1-1-1-3-1-1-0-0-0-2-1
297	2	2-2-2-2-2-2-2-2-2-2-2-2	3-2-2-1-2-2-2-3-3-3-1-2	0-3-1-1-1-5-3-3-1-3-3-1	1-3-1-1-1-1-2-1-1-2-1-0	1-2-1-1-3-1-3-3-2-2-1-1	1-3-4-0-2-4-3-1-2-2-2-2	4-2-2-2-3-2-2-3-2-2-3-3	2-1-1-3-2-2-2-3-3-2-4-0	2-5-2-3-1-2-2-1-1-1-1-2	3-2-2-0-1-1-2-2-0-0-3-1	2-2-2-0-2-2-0-2-2-3-1-2	2-7-2-3-2-2-2-0-1-1-1-1
297	3	3-3-3-3-3-3-3-3-3-3-3-3	2-3-3-1-2-3-2-2-2-2-1-4	1-2-2-2-1-2-4-4-4-2-4-1	2-2-4-1-1-1-3-1-1-4-2-0	1-0-1-1-2-4-2-2-2-3-1-1	2-2-2-2-3-0-4-3-3-3-1-3	2-2-3-0-2-3-2-4-3-2-2-2	3-1-1-2-1-0-3-2-2-3-2-0	3-2-2-2-3-3-0-1-4-3-1-2	4-2-3-3-1-4-4-3-4-0-2-1	5-2-4-0-2-2-0-2-2-2-5-2	0-2-1-2-1-3-4-6-0-5-5-4
297	4	3-4-4-4-4-4-4-4-4-5-4-4	4-5-5-1-4-3-2-4-2-2-1-2	1-4-5-4-1-4-3-5-4-2-5-4	5-5-5-5-1-2-5-1-5-3-5-0	1-0-0-5-2-3-5-4-5-4-1-0	1-2-2-0-4-1-5-5-4-4-9-5	2-5-4-0-2-4-4-5-4-4-8-2	4-1-3-2-2-0-4-5-2-3-2-0	3-2-5-2-4-3-2-2-3-4-5-4	3-2-4-5-4-5-5-4-3-0-10-1	3-3-3-6-5-4-0-5-8-3-3-3	4-2-1-4-4-4-3-4-6-9-4-3
297	5	4-5-5-4-4-5-4-4-5-4-5-4	6-4-4-5-3-3-6-6-5-2-6-7	5-6-6-6-7-2-6-6-6-4-4-6	6-6-4-6-7-6-4-8-4-4-4-6	8-6-5-4-2-3-6-6-4-7-6-6	6-6-4-7-4-7-4-4-4-4-7-4	6-4-4-6-2-4-4-4-4-4-6-2	4-6-2-6-2-6-4-4-2-6-6-8	6-2-4-2-5-6-6-6-4-5-2-4	4-6-4-9-6-6-9-4-6-0-6-6	3-2-5-4-4-5-0-5-6-9-9-2	4-5-5-5-6-5-2-4-6-9-4-5
297	6	6-6-6-6-6-6-6-6-6-6-6-6	5-8-6-5-6-3-5-7-5-2-5-5	5-5-5-5-5-2-7-5-5-8-7-5	5-5-7-5-5-5-7-1-7-6-7-5	1-5-5-1-8-8-5-5-6-5-5-5	5-5-7-6-4-5-7-6-6-6-5-6	5-6-6-5-9-6-6-7-4-6-5-6	6-7-7-7-6-5-6-6-2-6-5-0	5-6-7-2-6-6-5-8-7-5-6-9	8-5-6-8-5-5-7-4-7-8-5-8	7-9-7-8-10-6-0-9-5-9-7-7	5-5-5-5-5-7-7-6-6-8-4-6
297	7	7-7-7-7-7-6-7-7-7-7-8-7	5-8-8-5-8-7-5-6-5-9-5-8	10-7-5-5-5-8-6-7-6-8-6-5	8-7-8-5-5-5-6-1-8-8-8-5	1-5-5-9-8-6-7-7-6-5-7-5	5-5-6-5-7-5-8-6-7-7-5-8	2-8-7-0-9-7-9-6-7-4-5-7	7-6-6-6-6-8-6-8-2-7-5-0	5-8-6-6-6-6-0-8-6-7-7-8	10-2-4-8-5-10-8-7-6-8-5-8	6-6-6-7-9-4-0-0-5-8-6-6	6-2-5-5-5-6-6-4-9-8-4-7
297	8	8-8-8-8-9-9-9-9-10-10-8-8	10-7-7-9-7-8-9-9-9-9-9-10	8-8-9-9-8-9-8-8-10-7-8-8	9-8-9-7-5-5-9-5-7-7-7-8	5-8-5-8-8-6-9-9-6-8-8-8	8-7-6-8-9-10-7-9-7-7-4-7	8-7-8-8-8-8-7-9-7-8-8-7	8-6-8-6-8-9-6-7-7-9-8-8	8-9-9-7-6-8-8-6-7-8-7-7	6-8-5-3-7-7-7-8-9-9-9-6	8-6-6-9-7-4-9-8-4-10-5-2	10-8-8-5-7-8-8-9-6-9-9-8
297	9	8-10-10-8-8-8-8-8-8-10-10-10	8-7-7-8-7-8-8-10-8-8-8-10	10-9-10-10-9-8-8-8-8-7-8-9	8-8-8-8-9-9-8-9-7-8-9-9	1-8-9-7-8-9-8-9-7-10-5-9	9-9-7-8-8-8-7-7-7-7-4-6	9-4-8-9-10-7-7-8-7-8-9-6	8-6-6-9-9-8-6-6-2-8-10-8	9-8-8-2-9-3-8-9-9-9-9-6	6-9-9-9-7-7-5-4-9-8-9-9	9-6-9-8-7-9-8-8-9-6-5-9	8-5-9-9-9-9-9-8-8-9-8-9
297	10	10-10-9-10-10-10-8-10-10-8-10-10	8-7-7-8-10-8-8-9-9-10-9-8	8-10-10-9-10-10-10-10-8-10-10-10	9-10-10-10-10-10-8-10-7-10-10-9	10-8-10-10-10-10-9-10-7-10-5-5	10-10-10-10-10-8-7-10-10-10-10-10	9-10-10-10-9-10-3-8-10-10-9-10	10-10-5-9-10-0-6-2-9-8-9-10	6-10-10-10-1-10-10-10-10-8-9-4	7-9-10-10-10-7-10-8-10-10-10-10	8-10-10-6-7-4-10-10-10-10-10-10	8-10-10-4-9-10-10-8-10-10-10-6
298	0	0-0-0-0-0-0-0-0-0-0-0-0	0-0-0-0-0-0-0-0-0-0-0-0	0-0-0-0-0-0-0-0-0-0-0-0	0-0-0-0-0-0-0-0-0-0-0-0	0-0-0-0-0-0-0-0-0-0-0-0	0-0-0-0-0-0-0-0-0-0-0-0	0-0-0-0-0-0-0-0-0-0-0-0	0-0-0-0-0-0-0-0-0-0-0-0	0-0-0-0-0-0-0-0-0-0-0-0	0-0-0-0-0-0-0-0-0-0-0-0	0-0-0-0-0-0-0-0-0-0-0-0	0-0-0-0-0-0-0-0-0-0-0-0
298	1	1-1-1-1-1-1-1-1-1-1-1-1	1-0-0-0-0-1-1-2-1-2-1-2	1-2-1-1-1-2-1-1-1-0-1-1	2-2-2-1-1-1-0-1-0-0-0-1	0-2-2-1-2-0-2-1-0-1-1-1	1-2-0-1-1-1-0-0-2-0-19-0	1-0-1-6-2-0-1-2-0-1-14-0	1-1-2-0-1-2-1-0-1-2-1-2	2-2-2-0-5-1-2-2-1-1-1-0	2-1-1-2-2-1-0-1-1-2-2-0	2-0-1-1-19-2-2-2-2-0-1-1	1-1-1-2-2-0-1-2-4-2-4-1
298	2	1-2-2-3-2-2-2-1-2-1-2-1	1-0-0-2-0-1-1-4-1-1-3-3	2-3-3-3-4-3-3-3-1-3-4-2	3-1-4-5-3-3-0-3-3-5-3-4	3-1-3-4-1-2-3-3-0-4-2-2	2-5-3-1-1-4-3-3-1-0-0-0	2-2-0-1-1-0-3-3-0-2-3-3	2-2-3-2-2-1-0-3-2-1-3-1	1-1-1-2-3-2-1-1-4-2-2-0	1-2-1-1-3-2-2-0-2-1-1-3	1-2-1-1-1-1-1-1-1-2-2-2	1-2-2-1-1-1-2-1-3-3-0-2
298	3	3-3-2-3-3-3-3-4-3-3-3-3	4-3-0-2-3-4-1-3-3-4-2-3	2-2-2-2-2-6-2-2-4-4-3-2	5-4-4-4-2-2-3-2-2-3-2-2	2-1-2-2-4-2-4-4-4-3-5-2	2-4-5-1-3-2-4-4-3-3-12-3	2-3-3-3-4-3-4-2-3-3-2-3	8-2-2-4-6-3-3-4-6-1-5-1	3-6-4-3-2-5-3-4-0-3-2-4	4-3-3-4-2-2-2-1-4-4-3-2	3-3-3-1-4-3-3-3-3-4-3-3	3-3-3-3-3-3-3-3-2-2-0-2
298	4	4-4-4-4-4-4-4-4-4-4-4-4	3-4-5-2-5-4-1-3-3-3-2-3	2-3-3-5-2-3-5-4-3-3-5-5	3-3-2-3-2-2-5-2-5-4-2-2	2-1-2-2-3-5-3-3-3-2-2-2	3-3-3-3-0-2-5-3-3-4-10-4	2-4-6-3-3-7-3-5-0-3-2-3	4-2-3-3-2-4-4-3-3-2-3-1	4-4-3-3-1-3-4-3-4-4-2-7	3-3-5-5-2-3-2-16-5-3-3-2	1-5-5-1-3-5-6-1-3-3-6-3	5-3-2-3-1-4-3-1-1-5-1-6
298	5	5-5-5-4-5-4-5-5-4-4-5-5	6-6-4-2-4-6-1-6-3-6-6-5	2-5-7-4-2-3-4-6-6-3-6-6	3-3-6-2-2-2-4-2-6-6-3-1	2-1-2-5-3-4-6-5-6-3-3-2	2-2-3-0-5-2-6-6-5-5-9-4	2-6-4-1-3-5-6-6-7-5-2-3	5-2-4-4-6-6-6-3-3-5-3-1	4-3-6-3-7-3-7-3-5-6-2-3	1-3-4-4-2-6-6-5-4-1-1-7	1-4-4-1-5-4-1-1-3-3-5-4	4-4-2-7-1-5-3-7-5-6-7-1
298	6	6-5-5-4-6-4-5-8-7-4-7-5	5-5-4-2-4-5-6-5-7-5-7-5	5-6-7-7-7-3-7-7-7-3-5-7	7-7-5-7-7-7-4-2-5-5-3-7	7-1-6-7-3-4-7-7-5-7-7-7	7-7-7-6-6-21-5-5-5-5-7-7	7-5-4-1-3-0-5-7-5-8-7-7	5-7-3-7-3-6-4-8-3-7-7-5	7-3-5-3-6-3-5-7-6-5-8-8	9-3-8-5-7-5-5-5-6-1-7-6	4-3-5-5-5-8-4-1-3-6-8-3	4-6-2-6-3-6-3-1-4-5-0-4
298	7	7-7-7-7-7-8-7-7-6-7-6-8	8-8-7-5-8-8-6-7-6-9-6-7	2-7-6-6-9-6-6-6-6-7-8-6	6-6-6-6-6-6-4-2-8-8-8-6	6-1-6-6-3-8-8-6-8-6-6-6	6-6-6-7-9-6-8-3-5-5-6-6	6-7-7-1-3-7-8-8-5-5-2-6	7-6-6-8-7-6-10-8-3-9-6-1	6-7-8-3-5-7-8-6-7-5-6-9	7-3-7-7-6-5-6-5-3-1-6-5	8-7-5-9-1-6-1-8-8-3-6-7	13-6-6-6-1-7-7-7-10-9-19-7
298	8	8-7-7-7-8-7-7-7-8-7-7-7	9-7-7-9-7-7-10-8-10-7-10-11	10-8-9-9-8-9-7-8-9-7-7-8	8-8-9-6-6-8-4-2-7-7-9-8	2-15-8-8-10-7-9-8-7-8-8-14	10-8-7-8-8-12-7-10-5-5-15-9	8-5-8-11-8-8-7-7-9-6-12-7	3-7-19-7-7-9-7-7-7-8-8-10	8-12-9-6-2-8-8-8-11-8-6-6	7-11-6-8-7-5-5-5-8-10-14-6	12-7-11-8-1-12-12-7-13-6-6-3	8-6-8-6-8-7-3-8-7-8-7-7
298	9	9-9-11-10-10-10-9-10-10-9-9-9	10-7-10-10-10-11-11-9-11-7-11-8	9-8-10-10-9-10-9-8-8-9-11-9	10-8-8-9-9-10-9-11-10-8-8-8	10-8-10-10-13-9-10-10-8-9-11-9	9-8-6-9-8-11-7-9-16-9-14-8	10-10-9-16-7-9-7-10-8-11-8-10	3-10-8-10-16-8-7-11-9-10-8-8	8-8-8-12-16-14-10-10-11-11-10-7	10-10-6-8-8-16-13-5-9-8-8-16	8-9-11-7-14-12-8-11-8-10-9-11	11-9-9-11-8-19-13-5-7-8-11-9
298	10	10-9-9-9-9-9-9-9-9-12-10-9	9-7-9-9-12-9-9-12-9-12-9-12	8-11-9-11-11-11-11-11-8-11-10-12	9-9-12-11-11-9-10-2-11-10-12-8	9-8-9-10-11-9-11-9-10-10-16-6	9-11-11-9-14-9-11-11-5-5-18-9	9-9-14-8-11-9-10-9-13-16-8-11	10-9-11-11-10-11-7-10-10-16-9-8	8-11-13-10-9-10-9-9-7-9-9-10	9-9-6-10-11-9-10-5-10-8-10-9	8-11-14-9-14-10-8-10-8-10-10-10	16-11-10-6-8-10-10-10-7-10-7-4
298	11	9-11-9-11-9-9-9-9-9-9-9-9	9-12-12-9-10-9-9-8-9-12-9-8	10-10-9-10-10-10-10-10-9-10-12-10	10-10-10-10-10-9-10-9-12-12-10-8	9-8-9-11-10-12-10-10-12-10-9-6	10-10-10-6-8-9-12-11-5-11-13-11	9-12-11-8-10-11-12-12-12-9-9-12	11-9-10-10-9-9-14-10-10-11-8-8	8-10-10-10-11-12-9-10-12-9-9-10	10-9-13-11-12-11-13-5-10-8-8-9	8-12-13-8-14-10-8-10-8-10-10-9	9-10-10-6-8-7-10-7-13-10-7-7
298	12	11-11-11-11-11-9-9-9-9-10-11-12	9-11-11-9-10-9-9-10-9-10-9-11	8-10-13-14-13-10-13-10-9-10-11-10	13-10-10-10-10-12-10-15-11-11-10-8	15-8-15-17-10-11-13-13-11-10-12-13	3-14-17-12-9-15-11-11-5-11-3-13	13-10-7-8-10-9-11-12-11-14-13-11	8-9-10-13-9-9-10-16-10-9-13-8	8-8-10-12-9-11-9-13-11-10-9-10	9-9-11-11-13-11-13-5-10-8-8-9	8-11-11-8-9-9-8-7-8-12-11-9	7-6-12-12-8-7-9-8-7-8-11-7
298	13	14-14-9-13-14-9-9-17-9-9-13-9	14-14-11-9-10-13-15-14-9-15-9-14	12-10-12-12-12-14-12-12-10-10-14-15	14-15-14-12-12-12-10-12-14-14-12-12	12-8-12-15-17-14-14-12-15-13-17-12	9-13-15-15-13-8-15-11-13-13-11-12	12-14-13-16-14-9-13-14-11-20-12-11	8-12-10-12-10-13-10-10-13-8-12-8	8-8-10-15-9-11-10-12-17-5-9-10	9-13-11-14-16-9-9-5-10-8-8-9	8-11-11-16-13-9-8-1-8-13-13-10	7-13-10-13-9-7-9-7-11-8-11-4
298	14	13-13-9-15-13-13-9-9-11-15-14-17	13-13-9-9-16-15-16-13-17-15-17-15	15-15-15-12-13-16-13-15-15-10-13-13	13-13-15-12-12-12-10-16-10-13-10-8	12-8-16-13-8-11-13-15-10-16-16-15	9-15-13-14-10-8-15-17-11-10-9-12	9-13-10-15-15-14-11-13-11-13-21-13	3-9-10-9-9-9-11-10-18-10-19-8	8-15-15-15-9-9-15-15-15-14-12-10	15-15-14-13-13-11-11-5-15-15-8-9	8-11-10-8-9-15-8-17-8-18-13-14	13-13-14-14-17-7-17-8-7-15-11-7
298	15	15-15-15-15-21-15-15-15-9-14-15-15	15-16-17-9-14-14-19-16-14-13-14-14	14-15-14-10-12-14-16-14-16-16-16-13	14-13-14-13-12-13-17-12-16-14-10-8	12-8-12-13-16-16-16-14-16-10-14-12	16-14-13-14-15-12-16-15-5-15-8-15	12-16-10-17-14-15-16-13-15-17-12-16	5-9-10-16-9-9-15-12-14-11-14-8	14-14-14-14-15-11-14-14-14-10-9-15	9-13-14-13-9-13-13-5-14-14-8-9	8-17-16-13-1-14-8-14-8-14-12-14	13-13-10-12-8-7-9-7-14-10-7-7
298	16	13-15-17-15-17-21-17-17-17-17-15-15	13-15-15-17-14-15-15-15-14-15-17-17	16-16-17-10-16-14-17-17-17-15-15-16	17-16-17-17-12-17-16-14-15-13-16-8	12-17-14-13-15-15-17-17-15-14-14-16	17-14-13-16-14-12-15-15-16-18-9-16	16-15-16-15-16-18-15-15-15-10-18-15	16-9-18-15-9-17-15-10-18-10-16-18	18-18-16-17-9-11-14-14-11-10-9-10	17-17-18-11-13-9-11-4-14-18-18-9	18-11-15-13-13-18-16-16-17-14-13-16	10-13-16-14-16-11-10-8-11-18-11-7
298	17	15-17-16-17-17-13-16-17-17-17-17-14	13-20-15-16-14-15-18-19-14-19-16-16	14-17-16-10-12-14-16-16-18-18-18-16	16-16-16-16-12-16-18-12-18-18-18-12	12-8-12-12-16-18-16-16-18-14-13-13	16-14-13-14-17-16-18-18-19-17-16-17	18-18-17-15-18-17-18-16-17-15-17-20	16-12-10-12-9-16-20-10-14-17-14-16	16-16-18-14-17-18-14-14-18-17-9-15	16-13-17-18-13-11-12-21-10-16-16-9	16-18-21-13-13-16-16-14-16-13-13-16	15-13-12-12-14-7-9-7-16-16-20-20
298	18	15-21-21-17-17-21-15-21-17-21-15-19	19-17-18-19-14-16-21-20-19-17-19-20	14-18-19-18-19-14-19-16-17-17-17-18	19-16-18-20-19-19-17-20-18-17-20-8	20-8-20-20-16-17-19-19-17-18-20-20	9-14-20-16-18-8-19-18-17-16-10-19	20-17-9-18-17-16-17-19-17-13-20-18	16-18-16-19-19-16-17-10-14-16-20-16	16-16-17-20-21-17-14-17-17-17-20-10	16-18-16-17-20-20-18-5-14-16-16-9	16-17-15-8-1-16-16-16-8-14-19-16	4-13-16-14-8-9-18-1-7-16-11-17
298	19	20-21-20-19-20-18-19-20-17-20-19-20	18-20-20-18-20-20-18-18-18-20-18-18	14-19-18-18-18-20-18-20-20-19-20-20	18-16-16-18-18-18-18-12-20-20-19-8	18-8-18-18-16-19-18-18-20-19-18-18	16-16-18-16-19-16-20-19-19-19-1-18	12-20-19-1-18-19-20-20-17-13-8-18	16-18-16-18-18-16-20-14-16-17-14-16	16-16-17-18-17-20-14-14-19-19-18-21	19-18-19-21-18-20-20-5-18-16-16-19	8-11-19-20-1-9-16-1-8-14-18-17	20-13-10-12-21-9-18-1-20-16-7-17
298	20	19-21-21-21-19-15-21-21-20-21-21-19	18-19-19-18-19-19-18-18-20-19-18-18	16-20-21-18-18-19-19-19-19-19-19-19	21-16-20-18-18-18-21-18-19-19-18-20	18-20-18-18-16-17-19-18-19-16-18-18	9-13-18-16-20-8-19-19-17-19-9-21	18-19-9-20-21-20-19-19-17-13-18-18	3-18-10-18-18-20-17-10-20-10-18-16	16-16-20-18-18-17-20-20-17-17-18-10	19-18-20-17-18-19-19-5-20-14-18-9	16-17-19-19-17-16-16-16-16-20-21-16	19-13-20-20-20-7-18-16-19-20-17-17
298	21	21-21-21-21-21-21-16-21-21-20-21-21	19-19-21-18-19-19-18-18-20-21-18-16	19-19-21-18-19-21-19-21-20-21-21-19	20-21-21-21-21-21-20-12-19-21-21-8	9-8-21-21-21-21-20-21-19-21-6-12	21-21-18-21-21-6-19-21-21-21-21-20	18-21-21-21-20-21-19-17-21-18-20-18	21-18-10-21-21-16-21-10-20-20-13-16	16-16-21-21-18-21-21-20-21-19-18-19	19-21-21-21-21-5-21-17-20-21-19-21	8-21-5-19-13-20-16-21-21-21-21-21	21-21-21-20-19-21-21-21-21-21-21-7
299	0	0-0-0-0-0-0-0-0-0-0-0-0	0-0-0-0-0-0-0-0-0-0-0-0	0-0-0-0-0-0-0-0-0-0-0-0	0-0-0-0-0-0-0-0-0-0-0-0	0-0-0-0-0-0-0-0-0-0-0-0	0-0-0-0-0-0-0-0-0-0-0-0	0-0-0-0-0-0-0-0-0-0-0-0	0-0-0-0-0-0-0-0-0-0-0-0	0-0-0-0-0-0-0-0-0-0-0-0	0-0-0-0-0-0-0-0-0-0-0-0	0-0-0-0-0-0-0-0-0-0-0-0	0-0-0-0-0-0-0-0-0-0-0-0
299	1	1-1-1-1-1-1-1-1-1-1-1-1	0-1-1-0-1-0-0-0-0-0-0-0	0-1-0-0-0-0-2-0-0-0-2-0	0-0-0-0-0-0-0-0-1-1-2-0	1-0-0-0-0-3-2-0-1-0-1-0	0-0-0-0-1-0-1-0-1-1-1-0	3-1-1-0-3-1-1-2-1-3-0-0	0-1-0-2-1-0-2-0-0-1-0-0	0-0-0-2-0-0-0-0-0-2-2-2	0-0-1-0-0-2-0-1-0-0-0-2	0-1-3-0-0-0-0-0-0-2-1-2	0-2-0-0-2-0-2-0-0-3-1-2
299	2	2-2-2-2-2-2-2-2-2-2-2-2	0-3-1-0-3-3-0-2-2-2-0-3	0-2-0-0-3-3-3-3-2-2-3-2	0-0-3-3-0-0-2-0-3-3-3-0	3-0-0-3-0-1-3-2-3-0-3-3	0-0-3-0-2-0-3-0-2-3-4-0	1-3-1-0-1-2-2-1-2-2-0-2	2-2-2-1-3-1-1-2-0-0-0-0	0-0-3-1-3-0-1-1-3-1-1-3	1-0-1-2-3-1-3-3-1-0-0-1	0-3-2-3-0-2-0-0-0-1-1-1	0-1-0-0-1-0-1-0-3-1-3-3
299	3	2-3-3-2-3-2-3-2-2-2-2-3	4-2-2-3-2-3-3-3-3-2-4-3	3-4-5-0-3-2-2-2-3-2-2-3	3-3-3-3-3-4-3-3-2-2-2-12	2-12-12-2-4-1-2-3-2-3-4-4	3-3-2-3-3-0-2-3-1-2-2-4	1-2-1-3-1-3-2-2-2-1-3-2	3-1-3-3-2-3-1-4-3-3-3-0	0-3-2-4-8-0-3-3-2-0-3-2	3-3-3-3-3-3-2-2-3-3-3-1	3-2-1-2-3-3-3-2-3-3-3-3	3-3-3-3-3-0-3-0-2-3-2-2
299	4	5-5-4-4-4-5-5-5-5-5-5-6	5-5-5-7-5-5-5-5-5-5-5-5	4-4-6-5-5-5-5-5-5-5-6-4	5-5-5-5-4-3-5-6-5-5-5-3	6-3-3-5-4-4-5-4-5-5-5-3	5-3-5-9-5-5-4-6-6-4-12-5	5-4-4-4-4-4-6-5-5-6-5-5	10-4-5-4-4-3-4-5-3-5-5-5	5-5-4-5-5-5-12-5-5-15-4-5	5-10-7-5-5-5-6-6-6-8-7-4	5-5-5-6-7-5-6-5-5-4-5-4	5-4-3-3-7-13-6-14-5-5-5-5
299	5	4-4-4-4-4-4-4-4-4-4-4-4	4-4-4-8-4-4-4-4-4-4-6-4	7-6-3-7-7-6-6-6-4-5-4-6	4-4-4-4-5-6-4-8-6-4-6-3	7-3-3-7-4-5-6-6-4-4-4-9	4-4-4-4-4-4-6-4-4-4-4-6	4-7-4-3-5-4-4-4-4-4-4-4	4-5-6-6-5-3-4-5-5-4-4-4	4-4-4-5-6-4-3-4-4-4-6-4	4-4-4-4-6-6-4-2-5-3-3-6	4-4-4-4-4-4-4-4-3-4-4-3	4-5-3-3-4-4-7-4-4-4-4-4
299	6	4-4-4-4-4-4-4-4-4-4-4-4	4-4-4-5-4-4-7-4-4-7-5-5	11-5-5-5-5-11-5-5-4-8-7-5	7-7-7-7-5-8-4-5-5-6-5-3	4-3-3-5-7-5-7-5-6-4-8-5	5-8-8-4-4-4-7-4-4-6-11-5	4-5-4-3-7-4-7-5-6-4-4-9	4-5-5-7-6-4-4-9-7-4-8-4	4-11-9-6-5-4-6-7-4-6-5-5	7-5-3-4-5-5-7-4-4-7-6-5	11-4-4-4-4-6-4-4-3-5-4-6	4-6-3-3-4-4-5-6-4-4-4-4
299	7	4-4-4-4-4-4-4-4-4-4-4-4	4-11-8-5-4-4-6-8-4-6-4-8	5-6-5-5-5-6-8-9-4-9-8-8	6-6-6-6-6-6-4-5-8-8-9-3	5-3-3-5-6-11-6-7-6-4-9-5	4-6-6-4-4-5-8-8-6-7-2-7	4-5-4-3-6-4-6-4-11-4-4-6	4-5-5-6-7-3-4-6-8-8-4-4	4-3-6-6-4-4-4-6-4-6-8-4	6-4-4-9-4-7-8-2-5-6-4-5	4-4-4-4-8-2-4-4-3-8-4-6	4-6-3-3-4-4-5-4-11-4-4-4
299	8	4-4-8-4-4-4-8-4-10-4-4-9	4-4-7-5-4-4-4-10-4-4-4-7	5-8-5-5-9-6-7-10-4-6-9-7	6-6-9-9-5-6-4-5-9-7-7-3	5-3-3-5-6-7-8-10-9-4-6-5	4-6-6-4-8-5-9-7-8-8-9-10	4-5-7-3-6-4-11-9-8-8-0-6	4-5-5-6-9-4-11-6-7-7-6-4	9-6-7-5-3-6-4-6-4-12-7-9	4-4-8-7-3-8-7-8-5-6-3-5	6-4-4-9-7-4-4-4-3-7-4-7	4-6-3-3-4-4-5-4-9-4-9-4
299	9	4-4-8-4-4-4-4-4-8-4-4-8	4-7-7-5-4-4-4-6-10-11-12-7	5-9-10-5-8-12-10-7-8-7-8-9	10-7-8-10-5-6-10-5-11-7-7-3	10-4-3-13-6-7-10-8-8-9-7-5	5-6-6-4-5-5-8-10-8-9-8-10	5-5-7-3-6-4-8-8-8-8-3-6	4-5-5-6-10-3-8-6-6-7-6-4	8-3-6-9-3-9-3-10-11-7-9-9	4-4-9-7-11-15-8-13-4-6-3-5	4-12-8-8-8-10-4-4-3-9-11-6	9-11-9-3-4-4-9-4-4-4-8-4
299	10	4-4-4-11-4-8-8-4-8-12-11-9	4-4-7-5-4-4-12-11-9-9-11-9	6-11-12-12-11-12-11-12-12-13-11-11	9-8-10-11-12-8-8-13-12-12-13-3	9-8-3-11-6-7-9-8-11-13-9-5	4-7-9-11-10-4-8-9-10-10-8-9	5-13-7-3-6-4-8-8-10-8-10-9	4-10-5-9-9-3-8-6-6-10-6-4	8-6-6-6-3-9-4-9-9-11-10-9	10-4-10-9-4-9-8-14-10-6-3-14	6-9-11-4-11-9-10-4-3-9-9-6	9-6-9-3-4-4-11-9-7-4-8-4
299	11	11-10-11-10-4-4-12-4-11-10-10-12	4-7-7-5-8-4-10-10-9-9-10-9	13-10-12-10-10-6-10-10-10-10-10-10	12-6-12-10-10-12-4-12-9-7-7-3	13-3-15-10-6-7-12-12-9-10-13-11	6-13-12-10-10-15-7-7-8-10-6-12	5-10-7-3-6-13-8-12-10-15-12-13	4-11-5-12-9-14-8-11-15-6-11-4	11-6-6-12-13-9-6-12-9-10-15-11	12-11-13-14-12-9-12-8-12-6-11-11	6-9-7-8-8-11-4-4-3-11-9-6	9-9-11-3-12-4-10-4-7-12-4-4
299	12	12-12-12-12-12-12-13-12-12-10-12-12	15-13-13-11-13-14-15-12-9-14-11-14	15-10-11-10-11-10-11-10-13-10-13-10	11-12-11-11-10-11-13-11-13-13-12-3	11-3-3-11-6-13-13-11-13-10-11-11	4-11-11-10-14-11-13-12-12-12-4-11	4-14-10-3-13-12-12-13-10-11-11-11	4-11-11-11-12-12-13-11-6-13-4-4	4-12-6-11-4-11-4-11-9-10-8-13	11-4-12-13-11-12-11-8-11-6-4-14	4-9-4-13-4-4-12-4-3-4-9-6	4-11-11-3-11-4-5-4-14-11-4-13
299	13	10-4-15-15-13-13-12-15-12-15-15-14	12-12-12-13-12-14-10-14-15-12-10-14	14-14-14-10-11-14-14-14-12-10-12-13	14-14-14-10-10-13-14-11-12-14-14-14	11-15-13-10-13-12-12-14-12-10-11-11	4-11-12-14-12-11-12-14-12-12-4-14	4-10-12-13-12-11-8-12-10-13-13-11	4-11-10-13-8-3-12-11-13-12-11-4	4-13-14-11-11-4-13-13-9-13-14-12	13-13-11-14-11-9-12-9-14-14-13-11	13-4-14-12-8-15-4-13-13-4-9-6	13-13-13-13-13-4-10-13-12-13-4-12
299	14	4-14-8-12-14-14-14-12-12-15-14-13	12-12-12-15-13-13-13-13-13-12-14-13	13-13-13-15-10-13-13-13-13-10-13-14	13-13-13-15-14-14-13-11-12-13-13-13	14-13-13-10-13-14-15-13-13-10-11-11	14-11-14-13-12-13-13-13-8-12-14-13	15-12-4-13-12-11-8-13-10-11-14-11	4-14-13-14-14-11-12-11-13-12-14-4	4-13-13-14-13-13-13-13-10-15-14-12	13-14-11-13-14-14-14-10-13-13-13-12	13-9-14-12-8-14-13-13-13-14-9-6	13-14-14-13-14-4-10-4-12-14-4-12
299	15	15-15-15-15-15-15-15-15-15-15-15-15	12-12-15-14-15-13-12-13-13-15-14-13	12-15-15-14-15-15-15-15-12-15-15-15	13-15-15-15-15-15-13-11-15-15-15-13	14-13-15-15-15-15-14-15-15-15-11-11	15-15-14-15-15-11-15-15-15-15-15-14	14-15-15-15-12-15-9-15-15-15-13-15	15-11-11-15-15-15-15-11-11-13-13-15	4-15-15-15-11-15-15-11-15-4-11-9	13-4-15-15-15-9-15-14-15-15-15-15	15-4-15-15-10-13-15-15-15-15-9-6	15-14-15-13-14-15-15-4-15-15-4-12
300	0	0-0-0-0-0-0-0-0-0-0-0-0	0-0-0-0-0-0-0-0-0-0-0-0	0-0-0-0-0-0-0-0-0-0-0-0	0-0-0-0-0-0-0-0-0-0-0-0	0-0-0-0-0-0-0-0-0-0-0-0	0-0-0-0-0-0-0-0-0-0-0-0	0-0-0-0-0-0-0-0-0-0-0-0	0-0-0-0-0-0-0-0-0-0-0-0	0-0-0-0-0-0-0-0-0-0-0-0	0-0-0-0-0-0-0-0-0-0-0-0	0-0-0-0-0-0-0-0-0-0-0-0	0-0-0-0-0-0-0-0-0-0-0-0
300	1	1-1-1-1-1-1-1-1-1-1-1-1	1-0-0-1-0-1-1-0-0-1-0-0	1-1-1-0-0-1-0-1-0-0-0-0	2-1-0-0-1-1-1-0-0-0-1-1	0-1-1-0-1-0-0-1-0-1-0-0	1-1-0-0-1-1-2-1-0-0-0-1	1-0-0-1-1-1-0-0-0-1-1-1	1-1-0-1-1-1-0-1-1-1-1-1	1-1-1-2-0-1-1-1-0-1-1-0	1-1-0-0-0-0-0-0-1-1-1-1	1-1-0-0-0-1-1-1-1-1-1-1	1-0-1-1-1-1-1-1-0-1-1-0
300	2	2-2-2-2-2-3-2-3-3-2-2-2	3-3-2-3-3-3-3-3-3-3-3-3	2-3-3-3-2-3-2-2-4-2-5-2	1-3-3-3-2-1-3-4-3-4-2-1	15-2-1-4-3-2-2-2-2-3-5-4	12-1-3-2-2-3-2-3-2-2-12-2	1-2-3-1-2-2-4-2-2-2-2-5	2-2-6-1-4-1-4-3-1-3-2-3	2-1-2-1-4-4-2-3-3-4-2-3	3-2-3-4-3-2-5-3-1-3-2-3	2-3-3-3-3-2-2-2-1-2-4-2	5-1-2-1-3-3-4-3-3-3-3-2
300	3	2-2-2-2-2-2-2-2-2-2-2-2	2-2-2-4-2-2-2-2-2-2-2-2	5-4-4-2-5-4-4-4-2-4-4-5	4-2-2-2-3-5-2-6-2-0-4-1	4-2-4-3-4-3-3-3-3-2-4-5	2-1-2-3-2-2-3-2-2-2-3-4	1-2-2-1-2-3-2-2-2-2-3-2	2-3-4-3-3-1-0-4-1-2-2-2	2-1-2-3-2-2-1-4-2-3-3-3	2-3-2-2-2-4-3-2-1-2-1-2	2-2-2-2-2-2-2-2-2-3-2-3	1-3-6-1-2-2-2-2-2-2-2-2
300	4	2-2-2-2-2-2-2-2-2-2-2-2	2-2-2-3-2-2-2-5-2-5-2-4	7-3-3-2-3-7-3-3-2-5-3-3	3-5-5-4-3-3-5-3-3-4-3-1	3-2-3-3-5-3-5-5-4-4-3-3	2-7-6-7-4-2-5-2-4-4-14-4	4-4-2-4-5-4-2-5-4-2-3-7	4-3-3-5-4-1-2-6-7-2-2-2	4-1-4-4-2-2-4-3-2-2-3-5	4-5-2-2-5-3-4-2-1-1-5-2	4-2-2-2-5-4-2-5-5-11-2-4	1-4-1-5-4-2-2-2-2-4-2-2
300	5	5-2-2-2-2-5-5-5-2-2-5-2	2-7-5-3-2-2-2-4-2-4-3-4	3-5-3-2-3-4-6-6-2-4-6-3	3-4-4-3-3-3-4-3-3-6-3-1	3-2-1-3-4-6-6-4-4-2-2-3	2-4-4-2-5-2-4-2-4-5-3-5	3-7-7-4-4-5-7-6-2-6-3-2	2-3-4-4-5-1-6-4-4-6-2-2	4-1-4-4-5-2-4-2-2-5-6-4	4-4-5-2-4-6-6-2-6-1-6-6	7-2-2-5-4-2-2-4-4-6-2-6	2-4-1-4-6-2-7-5-2-2-2-2
300	6	5-6-6-6-2-6-5-6-6-2-6-6	2-7-5-3-2-2-2-4-9-4-2-4	1-6-3-7-3-4-5-7-7-6-7-7	3-4-7-6-3-3-8-3-7-7-4-1	3-1-1-7-4-5-7-6-7-2-7-3	3-1-4-4-6-2-7-2-6-7-7-4	1-7-7-1-4-6-7-7-8-6-3-2	2-3-2-5-6-1-5-4-4-6-4-2	4-1-7-5-6-2-1-2-12-6-5-12	5-4-5-2-2-5-5-10-5-1-5-5	4-2-10-2-10-8-2-8-4-5-2-5	7-4-3-1-5-2-5-5-6-2-7-7
300	7	7-2-6-6-2-5-6-2-6-8-6-6	2-6-5-3-2-2-2-8-2-4-8-8	10-6-8-8-3-4-8-8-8-6-6-6	8-8-6-7-9-8-6-8-6-6-6-7	8-7-15-6-4-5-8-8-6-9-8-7	8-9-4-9-7-9-6-8-4-6-8-9	3-6-6-8-4-4-6-8-2-10-8-7	2-8-8-8-3-2-6-6-4-2-8-2	8-1-6-4-14-7-8-8-7-7-10-6	8-8-5-7-8-7-7-2-7-8-7-8	8-2-2-7-7-10-8-10-8-10-7-4	8-7-7-7-9-8-5-5-6-8-6-6
300	8	8-8-8-8-8-9-9-8-8-8-8-8	2-12-9-3-2-9-7-9-6-9-7-9	7-8-7-7-9-4-9-9-7-8-9-8	7-7-7-7-7-7-6-7-9-9-9-1	7-7-7-7-2-9-7-7-8-7-7-7	7-7-4-8-8-7-7-8-4-8-7-8	3-11-8-7-10-5-10-9-6-8-7-8	8-9-9-7-8-8-10-8-4-10-7-2	7-8-4-4-6-8-9-7-9-7-8-2	8-7-8-7-7-10-9-6-7-7-7-7	7-9-7-2-9-6-7-6-7-4-8-8	8-7-8-7-7-7-9-7-6-7-6-8
300	9	9-9-8-9-9-10-10-9-9-9-10-8	2-10-10-3-2-8-7-8-6-8-7-10	8-9-7-7-8-10-8-8-11-10-10-10	7-10-10-7-7-7-6-7-8-8-10-1	7-7-7-10-9-8-8-8-8-7-9-7	2-7-4-7-9-7-10-10-9-9-7-7	1-12-9-7-12-10-12-8-9-9-7-7	9-9-8-8-10-1-8-11-4-10-7-2	7-1-8-10-6-8-8-7-8-14-8-9	8-7-9-10-7-9-8-9-7-7-7-7	7-8-13-2-14-7-10-6-7-7-8-8	11-7-3-7-7-7-8-11-10-7-10-8
300	10	9-11-9-9-10-9-9-10-9-11-9-15	2-9-9-11-2-8-11-9-12-8-11-9	7-11-11-11-11-11-9-11-11-14-9-9	11-11-9-12-12-11-11-7-11-11-9-7	7-11-11-11-10-8-11-11-10-14-12-11	10-11-12-10-9-7-11-9-9-9-11-11	15-11-9-7-8-9-8-11-10-9-7-9	4-11-10-11-9-15-8-12-4-9-7-2	4-1-15-11-10-2-10-7-11-8-12-9	11-11-10-9-7-8-11-9-11-10-7-7	6-2-6-2-9-7-9-7-7-11-11-10	7-7-11-7-7-2-11-9-9-5-9-6
300	11	11-11-12-11-10-9-9-11-11-12-11-11	2-14-12-10-2-9-10-10-10-8-10-11	7-10-10-10-10-12-10-12-10-11-12-10	10-10-10-10-10-10-10-7-10-10-12-1	7-10-10-10-10-12-10-10-12-10-10-10	2-10-10-11-11-7-10-11-9-11-14-11	1-10-12-1-15-11-12-10-9-9-10-9	2-10-10-10-9-15-9-9-4-12-7-2	10-1-4-10-10-8-10-7-10-9-8-10	10-10-2-12-14-8-10-2-10-10-7-15	11-8-12-12-9-7-10-6-7-10-10-10	9-7-10-7-7-7-10-9-12-14-9-8
300	12	13-12-11-11-9-11-13-15-13-11-13-13	15-8-11-10-2-12-14-11-10-11-13-13	13-13-14-13-10-14-13-13-15-13-11-12	13-13-13-10-13-13-13-7-10-10-11-13	2-13-13-10-14-11-13-10-11-10-10-10	13-13-10-4-9-7-11-13-9-4-13-12	14-9-11-13-13-12-9-11-9-15-13-7	9-9-13-13-9-12-8-10-12-9-7-2	13-13-4-10-13-2-12-13-6-8-10-9	12-13-12-11-11-8-7-6-13-14-7-7	13-2-11-11-9-7-12-13-13-12-2-10	12-7-12-12-12-2-12-12-11-12-9-6
300	13	13-11-11-13-14-13-13-12-13-14-12-12	14-14-14-12-14-14-12-13-12-14-14-14	12-12-12-12-14-15-14-12-12-12-14-13	12-12-12-10-12-12-12-7-10-10-13-12	10-12-12-10-12-13-12-13-11-13-10-10	12-12-10-13-11-12-12-13-13-13-12-13	1-11-13-12-12-13-9-14-9-9-12-7	9-13-12-12-12-12-8-10-12-13-7-2	12-12-4-10-13-2-12-12-12-12-8-9	12-12-13-12-7-12-10-9-12-12-12-11	12-2-9-14-15-13-12-12-12-12-10-8	13-10-12-12-12-2-12-9-14-12-14-8
300	14	13-15-11-11-13-9-15-15-13-11-11-14	13-11-13-14-13-13-12-12-10-13-15-15	12-12-12-15-13-12-13-12-12-13-13-13	14-12-12-10-14-14-12-3-14-12-14-12	14-12-12-14-12-13-15-14-14-10-10-7	2-14-14-4-14-12-14-14-13-13-11-15	12-13-11-12-8-12-9-13-10-15-7-14	9-14-10-14-14-12-8-10-4-9-7-2	4-12-4-14-14-2-12-12-6-9-14-9	12-14-12-12-11-14-14-6-12-12-7-10	14-2-11-13-9-14-12-12-7-14-10-14	7-15-12-12-14-2-14-9-13-11-13-6
300	15	15-15-15-15-15-15-14-15-15-15-15-15	12-13-15-14-15-15-14-12-15-15-14-14	12-13-15-14-15-13-15-15-12-15-15-15	14-15-14-15-15-15-12-15-13-15-15-12	15-12-15-15-15-15-14-15-13-15-10-7	15-15-14-15-15-15-15-15-15-15-15-15	10-15-15-15-11-15-15-15-15-15-12-9	15-14-10-15-15-10-8-10-10-15-10-15	4-15-10-15-14-15-15-7-15-2-14-10	12-15-15-15-15-15-15-13-15-15-15-15	14-2-11-13-13-12-15-13-15-15-15-14	15-14-15-12-9-15-15-15-15-15-13-6
301	0	0-0-0-0-0-0-0-0-0-0-0-0	0-0-0-0-0-0-0-0-0-0-0-0	0-0-0-0-0-0-0-0-0-0-0-0	0-0-0-0-0-0-0-0-0-0-0-0	0-0-0-0-0-0-0-0-0-0-0-0	0-0-0-0-0-0-0-0-0-0-0-0	0-0-0-0-0-0-0-0-0-0-0-0	0-0-0-0-0-0-0-0-0-0-0-0	0-0-0-0-0-0-0-0-0-0-0-0	0-0-0-0-0-0-0-0-0-0-0-0	0-0-0-0-0-0-0-0-0-0-0-0	0-0-0-0-0-0-0-0-0-0-0-0
301	1	1-1-1-1-1-1-1-1-1-1-1-1	0-0-0-1-1-1-1-1-1-0-1-1	3-1-2-1-1-1-1-1-1-0-0-1	2-1-1-1-1-2-1-2-0-0-0-8	0-1-1-2-1-0-0-1-0-1-1-1	1-2-0-1-1-1-2-1-0-0-0-1	1-0-0-1-0-1-0-1-0-1-1-0	1-0-0-1-1-1-0-0-1-0-1-0	1-1-1-2-0-1-3-0-0-0-1-2	1-1-1-1-1-0-0-0-1-1-1-0	0-0-0-0-1-1-1-0-0-1-1-1	1-1-1-1-1-1-1-1-1-1-1-0
301	2	2-2-2-2-2-2-2-2-2-3-2-2	3-3-2-3-3-3-3-2-3-3-3-3	2-4-3-3-3-3-3-3-3-2-2-3	3-3-3-3-1-1-3-4-3-3-2-2	3-9-4-3-2-2-2-2-3-3-3-1	3-1-3-2-3-3-2-4-2-2-10-3	2-2-3-2-2-2-3-3-3-2-6-3	3-2-3-2-2-5-2-3-2-2-2-3	2-1-3-1-2-4-2-5-3-3-2-3	6-2-3-2-3-2-2-3-1-9-2-3	8-3-2-3-3-5-3-3-3-2-4-2	3-2-2-1-3-10-10-4-3-5-2-2
301	3	2-2-2-2-2-2-2-2-2-2-2-2	2-2-2-4-2-2-2-2-2-2-4-2	1-3-5-2-4-2-4-2-2-3-4-4	4-2-2-2-4-4-2-2-2-2-4-1	4-2-1-5-8-3-3-3-2-2-2-3	2-1-2-3-2-2-3-2-2-2-0-2	3-2-2-2-3-3-2-2-2-2-3-3	2-3-2-3-3-1-2-4-3-2-2-2	2-1-2-3-2-2-5-3-2-2-3-2	3-3-2-2-2-4-5-2-3-1-3-2	3-2-2-2-2-2-2-2-2-3-2-2	2-3-1-1-2-2-3-2-2-3-2-2
301	4	2-2-2-2-2-2-2-2-2-2-2-2	2-2-2-3-2-2-2-7-2-5-3-4	1-5-3-2-3-7-3-3-2-7-5-3	3-5-5-3-3-3-2-2-3-4-3-3	3-2-2-3-6-4-5-3-4-4-2-3	3-5-6-11-4-2-5-2-4-4-11-4	5-4-7-4-5-4-4-5-4-4-3-7	2-4-5-5-4-2-4-5-11-4-4-2	4-1-4-4-5-2-4-3-2-4-3-2	4-4-7-2-3-3-4-4-4-1-4-2	5-7-2-2-4-4-2-4-5-3-2-4	2-4-1-4-4-2-3-2-2-3-2-2
301	5	5-5-2-5-2-5-6-2-5-5-2-2	2-7-6-3-2-2-2-6-2-4-3-4	1-5-3-2-3-4-6-6-2-4-6-6	4-4-6-4-3-3-4-2-6-6-4-1	3-2-1-3-4-6-4-4-4-2-2-3	2-4-4-4-4-2-4-6-4-5-0-4	4-4-7-4-4-5-5-4-5-5-2-4	2-5-4-4-4-6-5-4-4-5-4-2	2-1-4-4-4-2-3-7-6-2-5-6	2-4-5-5-3-4-6-5-6-2-4-2	4-4-6-2-6-7-7-4-4-4-2-4	12-4-1-4-2-2-3-2-5-6-13-5
301	6	6-6-6-6-2-6-5-2-6-7-2-6	2-7-7-3-2-4-2-5-2-4-3-6	1-6-3-2-3-4-5-8-5-4-7-5	3-4-7-4-3-4-7-2-7-7-6-1	3-2-1-7-4-5-7-6-7-2-2-3	2-4-4-4-7-2-7-5-4-6-6-4	4-4-6-4-4-4-7-7-9-7-2-4	2-5-4-5-4-5-6-5-4-5-4-2	2-1-7-4-6-2-5-5-5-6-8-5	2-3-2-5-3-5-12-4-5-2-4-7	2-4-5-13-5-5-5-2-3-4-2-4	7-4-1-1-3-2-3-2-7-5-7-2
301	7	2-8-6-6-6-6-13-6-2-6-2-4	2-5-6-8-2-2-9-8-2-4-8-6	8-6-8-8-8-4-8-8-3-4-6-8	8-4-6-7-8-8-6-10-6-6-4-7	9-1-10-8-4-5-8-8-6-8-9-7	8-9-8-4-6-10-6-7-4-6-4-9	3-4-5-1-4-4-6-6-4-6-8-4	2-8-4-8-4-9-6-10-4-7-7-2	4-1-6-4-6-2-1-8-5-8-4-10	3-3-9-7-8-10-7-5-5-2-9-10	4-4-5-9-7-5-5-4-4-3-7-4	6-7-7-7-2-2-3-2-6-7-6-6
301	8	8-13-9-8-10-8-8-8-10-8-9-8	9-11-6-7-6-9-7-9-6-8-7-6	7-8-7-7-7-10-9-9-10-8-9-9	7-8-7-7-7-7-8-7-9-6-9-1	7-1-1-7-3-9-7-7-6-8-7-7	7-7-7-8-8-7-7-8-4-8-2-8	3-8-9-1-10-5-9-7-4-10-7-7	2-7-12-7-5-7-10-7-4-8-9-2	9-1-9-4-6-2-2-7-2-7-9-11	4-3-8-7-7-8-7-4-3-2-7-7	2-2-6-7-9-2-5-4-4-3-7-4	10-7-1-1-2-2-3-2-11-2-10-2
301	9	8-8-8-9-8-10-9-8-8-10-10-10	8-8-10-7-10-10-7-8-2-4-7-9	13-9-7-7-7-4-8-8-10-12-8-8	7-8-8-7-7-7-10-7-8-9-8-1	7-2-1-7-12-8-10-9-10-7-7-7	7-7-7-4-10-7-10-7-9-9-2-7	4-10-9-1-8-9-10-8-6-6-2-9	2-7-8-8-7-7-9-7-4-11-9-2	8-1-8-4-6-2-3-8-12-7-8-10	2-3-8-2-7-9-7-4-5-2-7-7	2-4-10-7-8-2-5-4-4-3-2-4	9-7-7-7-2-2-3-9-11-5-11-2
301	10	9-10-13-10-10-9-8-8-8-9-9-9	13-8-9-7-9-9-11-11-13-10-11-11	11-11-11-11-7-11-11-11-11-9-9-10	11-11-11-7-7-10-11-7-12-11-11-10	7-10-12-9-10-8-11-11-12-10-7-7	2-10-7-4-9-7-9-11-9-4-2-12	10-9-8-10-8-11-9-11-5-10-10-9	2-5-11-7-9-11-8-7-4-10-7-9	4-10-11-4-7-2-10-7-11-10-3-7	10-4-10-10-7-7-7-7-11-11-10-7	10-2-9-2-7-13-11-11-11-10-2-10	10-7-10-10-10-2-3-10-6-10-8-6
301	11	9-11-8-11-11-9-10-2-10-11-13-11	10-8-9-11-9-10-10-10-12-10-12-10	10-10-10-11-11-10-10-10-10-11-10-10	10-10-10-12-11-11-10-7-12-10-11-10	11-10-11-11-10-11-10-12-10-13-7-11	11-10-12-11-8-10-10-10-9-6-4-12	11-12-9-10-8-10-11-10-4-8-11-4	2-11-10-11-11-10-8-8-4-9-10-2	10-10-10-4-13-2-10-11-10-10-11-8	10-11-11-10-9-11-11-4-10-10-11-12	11-4-9-6-5-11-10-10-10-12-2-12	11-7-10-10-11-2-11-2-9-11-6-12
301	12	12-13-13-13-12-9-12-13-8-11-11-8	13-8-9-13-12-12-13-13-13-12-13-13	10-11-13-12-10-10-11-10-10-11-13-12	10-12-10-11-11-11-10-10-11-10-12-10	11-10-10-12-13-11-11-11-10-13-11-12	13-12-11-12-12-13-12-10-9-6-2-12	12-11-12-13-12-10-11-10-12-7-13-13	4-11-8-11-11-13-9-8-4-12-12-13	13-12-12-12-11-12-10-12-9-10-11-10	10-11-10-12-11-11-6-12-10-8-12-11	11-11-12-12-5-11-12-10-12-11-11-11	12-11-12-10-11-10-11-2-12-12-9-11
301	13	13-13-13-13-13-13-13-13-13-13-13-13	12-8-13-12-13-11-12-12-12-13-12-12	11-13-13-12-13-13-13-13-10-13-13-13	13-13-13-13-13-13-12-13-9-13-13-10	11-10-13-13-12-13-12-12-10-13-7-7	13-13-13-11-13-12-13-13-13-13-13-13	11-13-13-13-11-13-13-13-13-13-12-12	13-11-11-13-11-12-7-7-4-13-12-12	4-13-10-13-11-13-13-9-13-12-11-10	10-13-13-13-13-11-13-12-13-13-13-13	12-13-9-6-13-10-12-13-13-13-13-13	13-13-13-10-11-13-13-2-13-13-13-2
302	0	0-0-0-0-0-0-0-0-0-0-0-0	0-0-0-0-0-0-0-0-0-0-0-0	0-0-0-0-0-0-0-0-0-0-0-0	0-0-0-0-0-0-0-0-0-0-0-0	0-0-0-0-0-0-0-0-0-0-0-0	0-0-0-0-0-0-0-0-0-0-0-0	0-0-0-0-0-0-0-0-0-0-0-0	0-0-0-0-0-0-0-0-0-0-0-0	0-0-0-0-0-0-0-0-0-0-0-0	0-0-0-0-0-0-0-0-0-0-0-0	0-0-0-0-0-0-0-0-0-0-0-0	0-0-0-0-0-0-0-0-0-0-0-0
302	1	1-1-1-1-1-1-1-1-1-1-1-1	1-0-1-3-1-1-0-1-1-1-1-0	0-2-0-2-2-0-2-0-0-1-2-2	2-0-0-2-2-2-0-2-2-0-2-0	2-0-0-2-0-1-2-2-0-1-10-2	2-0-2-1-1-2-2-1-1-1-8-0	1-1-1-1-1-1-0-2-1-1-2-1	1-1-2-1-1-0-1-1-1-0-1-0	0-0-0-0-2-1-0-1-1-0-1-1	1-1-1-2-2-2-1-1-5-0-0-1	2-1-0-0-1-1-0-1-0-1-1-1	0-1-0-1-0-1-1-0-1-0-1-1
302	2	2-2-2-2-2-2-2-2-2-2-2-2	4-2-1-1-2-1-1-2-2-2-1-2	0-1-3-1-1-4-3-0-0-3-3-1	1-3-3-1-1-3-2-1-1-2-1-0	1-0-0-1-4-1-3-1-2-2-3-1	1-3-4-0-2-1-3-3-2-2-2-2	4-1-2-2-2-0-2-1-2-2-1-5	5-1-1-3-2-2-2-3-3-2-2-0	2-0-2-3-1-2-2-3-2-2-1-2	2-3-2-2-1-1-3-2-0-2-2-1	1-5-2-0-2-2-0-2-2-3-2-2	2-2-2-2-2-2-5-2-2-0-1-2
302	3	3-4-3-3-3-3-3-3-3-3-3-3	4-4-3-1-3-3-2-4-2-2-1-4	0-3-4-2-1-2-4-4-4-2-4-4	2-2-4-1-1-2-2-1-4-4-2-0	1-0-0-1-2-4-2-2-2-3-2-2	1-2-2-2-3-1-4-2-3-3-2-3	2-1-4-2-2-3-3-4-3-1-1-2	3-4-2-2-1-6-5-2-2-3-2-0	4-0-2-2-3-2-4-4-4-2-1-3	2-2-3-3-4-1-2-3-4-2-0-1	5-4-5-3-4-4-4-2-0-2-2-4	4-2-0-4-5-3-1-3-5-0-5-10
302	4	4-3-4-4-5-4-4-4-4-4-4-4	2-3-4-1-3-3-2-3-2-2-5-3	0-4-3-3-1-2-3-3-3-4-5-3	2-2-3-1-1-2-3-1-5-3-2-0	1-0-0-5-2-3-5-4-5-6-2-1	1-2-2-1-5-1-5-2-4-4-5-3	2-1-4-2-2-4-5-3-3-4-1-2	3-3-2-3-2-0-3-5-2-3-2-0	3-0-2-2-4-2-3-3-5-4-5-2	4-1-4-5-8-1-3-4-3-0-10-1	0-3-3-5-3-3-3-6-0-2-2-3	6-2-9-3-4-4-2-3-4-5-3-10
302	5	6-5-5-4-4-4-4-4-5-3-5-4	6-3-4-1-3-3-6-8-6-4-7-6	7-5-6-6-6-2-6-6-5-6-4-6	5-6-6-5-7-6-3-7-4-4-6-8	7-0-5-6-2-3-6-6-4-7-6-5	6-7-6-10-4-10-4-2-2-4-6-7	10-3-4-2-2-0-4-6-2-4-6-2	2-6-1-6-2-3-3-4-2-4-5-0	6-0-10-6-5-2-6-6-4-5-4-2	2-6-5-5-6-1-5-4-6-0-5-6	3-2-3-4-2-4-0-5-6-2-2-2	4-5-5-5-6-5-2-0-4-6-3-3
302	6	6-6-6-6-6-6-6-7-6-6-6-6	5-9-4-1-3-7-5-7-5-7-5-6	5-6-5-5-5-7-5-7-6-6-7-5	5-5-5-5-5-5-8-5-7-9-7-5	5-0-5-5-2-8-5-5-6-6-5-5	5-5-5-6-6-0-5-6-6-6-5-6	9-1-6-6-8-6-5-7-3-8-5-9	6-5-1-5-7-7-6-7-2-8-5-0	5-0-7-5-4-8-5-5-7-5-6-9	6-5-6-5-5-7-5-4-5-2-5-5	0-2-8-4-7-7-0-4-5-2-8-6	4-7-5-5-5-5-7-6-4-5-3-7
302	7	7-7-6-6-7-8-9-6-7-8-7-8	7-9-8-5-7-8-6-9-5-6-5-9	5-7-5-5-5-8-6-6-6-9-8-7	5-5-8-5-5-5-7-5-8-8-7-5	5-0-5-8-9-6-8-7-8-5-5-5	5-5-5-6-7-5-8-6-7-7-5-5	9-1-7-0-6-7-8-8-7-7-5-4	7-5-6-8-6-6-6-6-2-8-5-0	5-0-6-5-7-2-7-5-6-7-7-8	8-7-7-8-6-6-5-4-7-0-5-10	0-2-7-4-6-6-0-10-5-2-6-7	9-6-5-5-10-5-6-9-7-9-3-6
302	8	7-7-9-6-7-7-7-8-7-7-7-7	5-7-7-1-7-7-8-5-9-7-10-7	10-9-9-9-5-7-5-7-10-6-7-8	9-9-7-5-9-9-10-5-7-7-9-5	5-8-5-7-9-6-7-9-7-8-5-5	1-9-6-8-8-0-9-8-7-7-1-9	6-7-6-8-6-8-7-7-7-6-5-5	8-6-9-7-7-8-6-5-8-6-8-0	8-8-10-5-9-6-8-8-9-9-6-6	7-8-8-7-4-7-7-4-8-8-5-1	8-2-7-6-4-8-10-5-5-8-6-8	7-5-8-8-8-8-8-8-4-8-3-4
302	9	10-9-10-10-9-10-10-10-10-10-10-9	10-7-7-10-10-10-8-10-9-6-10-10	9-8-10-10-9-10-9-9-10-7-9-9	8-8-8-9-8-8-7-5-8-8-8-9	9-8-9-8-8-9-10-8-7-9-9-9	9-8-7-9-7-5-8-10-7-7-4-8	10-7-9-10-8-9-4-8-7-9-10-6	9-9-8-9-9-10-6-10-10-8-9-10	10-8-8-3-10-9-8-8-9-9-9-6	7-9-8-7-9-9-7-9-8-8-8-7	10-2-9-4-8-9-10-9-9-9-6-8	7-5-4-8-9-5-9-7-7-8-3-4
302	10	10-10-9-9-10-10-9-10-10-9-10-10	9-7-10-9-10-9-9-9-9-10-9-9	8-10-9-9-10-9-10-10-9-10-10-10	10-10-10-10-10-10-8-10-10-10-10-5	10-9-10-10-10-10-9-10-7-10-1-5	10-10-10-9-10-10-10-10-10-10-10-8	9-10-10-10-6-10-10-10-10-9-9-9	10-10-5-10-10-9-6-2-8-9-9-10	9-10-8-10-9-10-10-4-10-9-9-7	7-10-10-10-10-2-10-9-8-10-7-10	9-10-7-4-9-8-8-9-10-10-10-10	7-6-10-8-7-10-10-0-10-10-10-4
303	0	0-0-0-0-0-0-0-0-0-0-0-0	0-0-0-0-0-0-0-0-0-0-0-0	0-0-0-0-0-0-0-0-0-0-0-0	0-0-0-0-0-0-0-0-0-0-0-0	0-0-0-0-0-0-0-0-0-0-0-0	0-0-0-0-0-0-0-0-0-0-0-0	0-0-0-0-0-0-0-0-0-0-0-0	0-0-0-0-0-0-0-0-0-0-0-0	0-0-0-0-0-0-0-0-0-0-0-0	0-0-0-0-0-0-0-0-0-0-0-0	0-0-0-0-0-0-0-0-0-0-0-0	0-0-0-0-0-0-0-0-0-0-0-0
303	1	1-1-1-1-1-1-1-2-1-2-1-1	2-1-1-0-2-2-0-2-2-2-2-1	1-3-0-2-2-2-2-2-2-1-1-2	2-2-2-2-0-0-2-2-2-2-1-0	5-0-0-2-0-1-1-1-1-2-2-0	2-2-2-1-2-4-1-3-1-1-1-2	7-1-1-0-2-1-2-1-2-1-1-1	2-1-2-1-1-0-1-1-1-1-2-5	1-2-2-1-1-3-2-1-2-1-1-3	2-2-2-3-1-2-1-2-1-2-0-2	2-2-3-0-1-1-0-0-0-1-3-1	2-1-1-1-2-3-1-3-2-1-1-3
303	2	1-1-1-1-1-1-1-1-1-1-1-1	1-1-1-3-1-1-1-2-1-1-3-1	4-2-4-1-3-1-3-1-1-2-3-3	3-1-1-1-3-3-1-1-3-1-3-4	4-0-5-1-0-2-2-3-1-1-1-2	3-1-1-2-1-1-2-1-1-1-9-1	2-1-1-0-1-0-1-1-1-1-2-2	1-2-1-2-2-1-1-3-2-2-3-1	1-1-1-2-3-1-1-2-1-1-2-1	1-2-1-1-1-3-4-1-2-1-0-1	1-1-1-0-1-1-0-1-0-2-1-2	1-2-2-2-1-1-2-1-1-1-3-1
303	3	1-1-1-1-1-4-1-4-1-1-1-1	1-1-1-2-1-1-5-4-3-5-2-3	6-5-2-1-2-6-2-2-1-4-2-2	2-4-4-4-2-2-4-1-2-3-2-2	2-3-4-2-4-2-4-2-3-3-1-2	2-4-4-4-3-1-4-4-3-3-6-3	5-3-1-3-3-3-3-4-3-1-2-6	8-3-4-4-3-1-3-4-3-6-3-1	3-6-3-4-2-1-6-4-1-1-2-1	3-3-3-1-2-2-3-3-1-1-3-2	3-6-1-0-6-3-1-3-3-4-1-3	1-3-3-3-3-1-2-1-1-3-2-1
303	4	1-4-4-4-4-3-4-4-4-4-8-4	1-6-4-2-1-1-5-5-5-3-2-5	2-4-2-6-2-3-5-5-6-3-5-5	4-3-3-3-2-3-6-1-5-4-5-2	2-0-6-2-3-5-3-3-3-3-6-2	1-3-3-3-3-1-5-3-3-4-11-3	3-2-1-8-3-4-4-5-4-4-3-3	4-4-3-5-3-0-6-3-3-4-3-1	3-1-3-3-4-1-3-3-5-1-5-1	5-3-4-1-1-3-3-3-5-1-3-4	3-1-1-5-1-6-1-3-3-3-1-3	1-3-3-3-0-1-5-1-1-1-6-1
303	5	5-5-5-5-4-5-5-5-4-4-6-5	5-6-6-2-1-1-3-7-4-3-2-6	2-5-2-1-2-3-4-4-4-6-6-4	6-6-6-6-2-3-6-1-4-6-6-2	2-0-2-8-3-4-6-5-5-1-1-2	1-3-3-3-6-1-6-6-3-5-5-3	3-6-1-3-4-4-8-4-4-5-0-3	5-4-1-4-3-1-5-3-3-5-3-1	3-1-6-3-5-1-0-6-4-5-4-4	4-2-4-10-6-4-3-3-4-3-4-5	1-3-7-5-10-5-4-3-3-3-1-3	1-3-2-3-0-1-2-1-7-6-5-1
303	6	6-7-7-7-6-4-4-6-7-7-5-5	7-4-5-8-1-1-7-8-7-7-7-5	7-7-7-7-7-3-7-7-7-5-5-7	7-7-8-7-7-7-5-8-5-5-5-7	7-6-13-5-3-4-7-7-4-7-7-7	7-7-7-3-5-6-5-5-3-3-3-7	6-5-4-3-7-3-5-7-3-6-7-3	5-7-3-7-3-6-4-8-3-5-6-1	7-3-13-3-6-7-3-7-7-7-5-8	3-7-8-6-7-1-6-3-7-7-7-7	7-3-6-5-3-8-1-6-7-8-6-3	6-6-6-6-7-1-2-1-5-5-5-1
303	7	7-8-6-7-7-8-7-7-6-6-8-8	8-8-8-6-1-5-6-5-6-8-6-6	6-6-6-6-6-6-6-6-6-8-8-6	6-6-6-6-6-6-6-6-8-8-8-6	6-8-9-6-6-8-8-6-7-6-6-6	6-6-8-2-7-6-8-7-8-7-10-6	1-7-8-7-8-7-6-8-7-7-6-7	1-8-7-6-7-5-8-6-3-7-6-1	6-7-7-3-7-7-6-6-8-6-7-7	7-6-7-6-6-7-6-8-6-6-6-6	6-7-5-7-7-6-7-8-6-6-6-3	6-6-7-6-7-7-2-7-5-1-7-8
303	8	9-8-7-8-8-7-7-7-7-7-7-7	7-7-7-6-1-1-9-6-9-7-9-7	8-9-6-6-6-8-9-9-8-7-7-6	9-8-6-6-6-9-8-6-7-7-7-9	6-12-11-5-8-7-7-9-7-8-6-9	9-6-7-8-7-11-7-7-7-7-9-6	9-1-7-9-7-8-5-8-9-8-8-8	8-7-9-7-3-9-7-6-3-8-8-8	8-8-7-3-11-1-11-9-7-11-8-6	7-3-6-8-7-7-7-7-8-11-9-6	11-3-7-11-7-8-8-11-9-6-6-3	8-6-8-6-8-1-1-8-5-11-5-7
303	9	10-10-10-10-9-10-10-10-10-10-10-10	10-10-10-10-10-10-10-10-10-10-11-10	9-8-10-13-11-10-8-8-11-10-12-9	10-8-10-10-10-8-11-6-10-10-10-8	12-8-10-10-8-10-9-9-10-11-11-8	9-10-12-8-7-6-10-10-9-9-5-9	11-10-9-10-12-9-11-8-10-10-8-10	12-12-10-10-11-8-9-10-3-10-8-8	9-8-9-9-8-10-10-8-10-12-9-10	7-10-10-11-9-10-7-13-11-8-8-10	8-11-11-8-13-10-8-12-8-10-13-9	11-10-9-6-10-11-12-11-11-9-10-11
303	10	9-9-9-9-9-9-9-9-9-9-9-9	9-9-9-9-9-9-9-11-11-9-9-9	10-11-11-9-9-9-12-10-12-9-11-10	9-9-9-9-11-11-9-6-9-9-11-6	11-8-9-9-8-9-10-11-9-10-9-11	10-9-9-10-7-8-9-9-9-9-7-9	9-9-10-9-9-12-9-9-9-9-9-11	9-10-9-11-12-9-7-11-3-9-11-8	9-8-9-11-13-9-9-9-9-9-12-9	7-9-11-9-11-11-11-11-9-8-8-12	8-9-9-8-11-12-8-9-11-13-9-12	9-9-10-11-11-9-9-9-9-9-10-12
303	11	9-9-9-9-9-9-9-9-9-9-9-9	9-9-9-9-9-9-10-10-10-9-9-9	8-10-10-9-12-9-10-9-9-9-10-12	12-11-13-9-10-10-9-6-9-9-10-6	10-8-10-12-12-12-12-10-12-9-12-10	12-11-11-10-7-8-12-9-11-11-10-3	9-9-9-10-9-10-9-12-11-9-6-10	9-10-9-10-10-9-9-10-3-9-10-8	8-8-9-10-8-9-8-12-9-8-10-12	10-11-10-12-10-10-10-10-9-8-8-9	8-9-9-12-11-9-8-8-10-11-12-10	9-11-8-10-10-9-9-9-9-8-10-9
303	12	9-9-9-9-9-9-9-9-9-9-9-10	9-9-9-12-12-11-9-11-10-9-10-13	12-12-13-9-11-13-10-8-10-9-9-11	11-11-9-10-10-11-9-9-9-9-9-6	9-8-6-11-12-11-11-10-11-12-11-11	11-11-9-10-7-8-11-9-9-7-0-13	13-9-9-12-9-10-9-11-11-10-12-10	9-10-9-10-10-12-10-10-12-9-12-8	8-8-12-11-8-9-12-12-9-9-10-11	7-12-12-11-11-10-11-10-12-8-6-10	9-9-9-11-7-10-8-9-10-11-11-10	13-11-9-12-10-9-9-9-9-12-10-10
303	13	13-13-13-9-13-9-10-13-9-9-13-9	9-9-9-10-9-9-10-10-10-13-10-12	12-12-12-9-13-13-13-13-9-13-13-11	12-13-11-13-13-13-9-13-13-13-13-8	13-8-6-13-13-13-12-13-13-13-9-6	13-13-13-10-13-6-13-13-13-13-13-13	12-13-13-13-9-13-13-11-13-13-12-10	13-10-9-13-13-9-7-9-12-13-10-8	9-13-13-13-10-9-9-9-13-9-10-9	7-9-13-13-13-13-13-9-13-13-13-13	8-9-9-11-11-9-9-9-13-10-9-13	12-13-13-12-10-13-13-8-13-13-13-9
304	0	0-0-0-0-0-0-0-0-0-0-0-0	0-0-0-0-0-0-0-0-0-0-0-0	0-0-0-0-0-0-0-0-0-0-0-0	0-0-0-0-0-0-0-0-0-0-0-0	0-0-0-0-0-0-0-0-0-0-0-0	0-0-0-0-0-0-0-0-0-0-0-0	0-0-0-0-0-0-0-0-0-0-0-0	0-0-0-0-0-0-0-0-0-0-0-0	0-0-0-0-0-0-0-0-0-0-0-0	0-0-0-0-0-0-0-0-0-0-0-0	0-0-0-0-0-0-0-0-0-0-0-0	0-0-0-0-0-0-0-0-0-0-0-0
304	1	1-1-1-1-1-1-1-1-1-1-1-1	2-1-1-1-2-2-3-1-1-1-2-1	1-3-2-2-2-2-2-2-2-2-3-2	2-0-3-2-0-0-2-3-2-2-2-0	1-0-1-0-0-1-2-1-2-2-4-0	1-2-2-1-1-4-1-1-1-1-17-1	12-1-1-1-2-1-2-2-1-1-1-1	3-1-1-1-1-2-2-1-1-2-2-2	12-0-1-1-3-2-7-1-2-2-1-2	2-1-1-2-3-1-1-1-5-1-0-1	1-2-3-0-2-2-0-1-0-2-2-1	2-2-1-3-1-2-2-0-2-1-2-2
304	2	1-1-1-1-1-1-1-1-1-1-1-1	1-1-1-4-1-1-1-2-1-1-3-3	0-2-1-1-4-1-3-1-1-1-1-3	3-0-1-3-3-3-1-4-3-1-3-0	4-0-0-4-0-3-3-3-1-1-3-3	3-1-1-1-1-1-1-2-1-1-3-1	0-1-1-1-1-1-1-1-1-1-3-2	1-4-3-2-2-1-1-1-2-1-1-1	0-0-1-1-1-1-1-3-1-1-3-1	1-1-1-1-0-3-1-1-1-1-0-6	0-1-1-0-1-1-0-0-0-1-1-1	1-2-2-1-1-1-4-0-1-1-1-1
304	3	1-1-1-1-1-1-1-1-1-1-1-3	1-1-1-2-1-1-4-4-3-4-2-4	6-4-1-1-2-8-2-4-1-5-1-2	2-4-4-2-2-2-3-1-2-1-2-0	2-7-2-2-4-2-4-2-3-1-2-2	2-5-5-0-1-1-4-2-4-3-13-3	6-3-1-3-4-1-3-4-3-1-3-6	1-2-2-4-3-1-3-5-6-1-3-1	3-0-3-3-1-5-3-2-1-4-2-1	4-3-3-1-1-2-3-3-0-0-0-2	3-4-1-0-3-3-0-3-7-6-1-3	5-3-3-1-1-1-5-0-1-1-1-3
304	4	4-4-4-4-1-4-4-4-4-4-1-4	3-4-5-2-1-1-3-5-3-3-2-5	0-3-3-5-2-3-5-6-1-6-5-5	3-3-3-3-2-2-5-2-5-5-6-0	2-0-0-2-3-6-3-2-3-7-6-2	1-4-3-1-1-1-5-5-3-4-4-4	3-4-1-3-3-1-3-5-4-4-3-3	1-2-2-3-2-1-4-3-5-5-3-1	4-0-3-3-4-1-1-2-1-5-5-1	3-2-1-6-3-2-5-3-1-1-0-2	1-3-1-1-5-4-0-8-0-5-1-5	1-3-2-1-1-1-2-4-8-1-5-3
304	5	5-1-5-5-1-5-5-5-6-5-1-5	1-6-4-2-8-1-1-7-3-3-2-4	0-5-5-4-6-3-4-8-6-3-6-4	3-7-6-6-2-7-4-2-6-4-4-0	8-7-0-8-3-4-5-5-6-1-1-2	2-4-3-12-5-1-6-4-5-5-5-3	3-4-1-3-3-5-6-4-5-5-0-3	1-6-2-4-3-1-8-5-4-4-3-1	6-0-4-3-5-3-1-2-5-5-4-1	8-4-5-8-5-5-4-6-1-1-7-2	0-3-6-1-4-3-0-0-8-4-1-4	12-3-8-8-1-5-3-4-4-1-6-6
304	6	5-4-5-5-6-7-6-1-5-6-1-5	8-4-4-2-5-7-4-6-7-8-6-7	3-6-7-8-5-10-7-7-5-4-5-6	7-7-5-7-2-3-7-7-5-4-4-0	6-0-0-9-0-4-7-5-5-6-4-2	9-4-7-1-6-0-5-6-5-6-5-3	3-2-1-0-3-5-5-5-4-5-3-3	1-6-2-3-6-1-5-3-3-1-8-1	5-0-3-6-5-6-0-7-8-7-6-8	8-8-6-4-8-22-6-5-0-0-0-2	6-7-5-0-5-7-0-8-3-3-8-3	6-8-6-7-1-1-6-7-4-6-5-5
304	7	7-11-8-8-7-6-5-9-5-9-7-6	6-5-4-2-5-6-9-8-6-6-9-6	3-7-9-9-8-6-8-6-9-9-8-8	6-9-8-6-10-9-5-12-6-8-4-6	6-5-4-8-3-4-6-5-6-9-6-9	3-4-6-9-7-1-5-6-7-7-5-9	3-7-7-3-3-8-5-5-10-11-7-8	1-7-9-3-6-0-5-3-3-9-8-1	7-0-3-3-21-6-1-6-6-9-7-6	8-1-6-6-8-6-5-16-7-0-5-2	6-3-16-0-8-6-0-3-3-3-6-3	6-3-6-6-1-1-8-6-4-1-5-8
304	8	8-9-9-9-8-9-5-8-9-7-9-9	6-4-4-2-5-6-9-7-6-6-10-10	9-9-10-7-7-3-9-10-9-6-7-7	9-9-9-9-9-9-4-11-6-7-7-0	10-0-10-10-3-4-9-9-6-10-10-9	22-9-9-7-7-9-4-6-5-7-3-10	9-7-7-22-3-7-5-9-7-8-9-8	6-7-7-9-6-1-5-8-3-9-9-1	8-0-3-9-8-6-8-9-6-7-11-6	7-9-21-5-9-6-5-5-9-8-9-11	6-3-5-0-7-8-0-4-5-8-6-11	6-6-8-9-9-1-7-6-4-6-1-7
304	9	9-9-9-9-9-9-11-9-8-10-8-8	9-10-9-2-10-10-10-7-6-9-8-10	8-9-8-7-7-12-10-9-7-9-10-10	8-10-8-8-7-8-9-7-10-9-10-0	8-0-8-6-8-11-8-8-6-7-8-8	8-8-8-7-9-8-10-9-11-9-5-9	3-11-11-13-11-9-11-10-7-7-8-6	9-7-10-10-10-11-11-10-3-10-8-1	8-0-10-8-12-6-0-8-6-7-5-10	7-8-9-9-8-10-10-5-10-1-8-8	0-12-5-10-15-15-0-15-11-3-6-10	9-12-6-8-8-8-7-15-11-11-5-9
304	10	10-10-10-10-11-12-10-11-10-9-11-9	9-9-11-2-10-9-9-11-10-11-8-11	11-10-8-7-11-11-11-12-10-12-11-9	9-11-11-11-7-8-10-8-11-11-11-0	8-0-8-11-13-9-11-10-11-7-8-8	13-8-8-7-10-8-11-9-10-10-6-7	3-9-18-0-9-7-10-9-7-12-0-10	11-9-9-9-9-1-9-9-3-9-1-13	8-0-9-8-5-6-11-11-6-9-7-9	1-1-9-13-11-9-15-11-10-8-11-13	0-6-16-9-11-8-0-12-0-3-6-9	10-9-6-8-22-12-7-12-11-11-5-10
304	11	10-12-10-11-10-9-9-10-12-9-11-12	12-9-10-12-12-9-12-12-14-10-12-12	11-12-12-14-10-10-12-13-11-10-10-11	12-12-10-12-12-12-10-7-10-10-10-20	8-14-14-10-12-9-12-12-10-7-12-12	11-12-9-8-10-8-12-12-10-10-11-12	14-9-9-12-12-7-9-12-7-7-12-15	15-7-12-12-12-12-9-11-3-14-11-11	18-13-11-8-15-6-11-12-12-11-8-6	12-12-17-12-12-12-11-10-12-12-11-8	14-1-12-10-10-17-0-14-14-5-6-8	10-6-11-20-12-10-11-11-10-9-4-10
304	12	12-11-12-12-11-12-12-12-12-12-12-12	11-13-10-11-11-9-11-11-6-13-11-11	11-11-11-7-11-12-11-10-11-12-13-11	11-11-11-11-11-11-10-7-10-10-13-11	8-0-11-10-11-12-11-11-13-7-11-11	11-11-9-12-10-8-11-11-12-12-15-11	11-17-10-11-11-12-12-11-7-10-11-10	1-7-11-11-11-11-9-11-3-18-11-13	11-0-11-8-9-10-11-11-22-12-8-9	11-11-12-11-11-11-8-10-11-11-11-8	11-12-22-12-12-11-0-11-11-3-6-3	10-9-11-11-11-10-6-10-10-20-5-17
304	13	14-16-13-14-16-15-14-14-13-13-13-16	14-12-15-14-15-14-14-13-14-14-14-14	13-14-14-14-13-14-14-14-16-12-14-13	14-11-14-14-14-14-10-13-12-11-15-13	16-11-19-10-11-12-14-14-12-11-11-14	13-14-16-14-10-17-12-14-10-10-20-14	11-14-12-11-14-15-16-11-7-16-14-14	1-18-18-14-14-11-9-15-3-11-14-12	1-11-11-14-17-13-13-11-14-18-17-9	14-11-11-10-14-17-14-10-11-15-15-17	18-3-12-12-15-15-0-15-14-14-6-13	10-9-13-11-22-10-16-10-10-15-18-10
304	14	15-15-13-13-13-15-13-13-13-13-13-13	13-15-13-13-11-14-13-13-13-13-13-11	13-13-13-13-15-13-13-13-13-16-13-15	15-15-15-13-13-13-10-13-14-15-13-13	13-11-11-17-11-15-15-13-15-14-18-13	13-13-17-13-10-13-15-13-14-14-21-13	11-15-10-11-15-12-13-15-16-19-13-15	1-13-16-13-13-11-9-9-3-11-13-0	11-0-13-13-16-6-11-15-13-7-13-9	11-11-11-15-13-13-13-10-13-11-11-13	11-14-12-19-14-16-0-11-11-14-6-14	10-14-6-11-13-10-13-10-10-12-5-10
304	15	14-13-16-13-13-13-13-13-13-16-13-16	13-14-13-13-13-15-14-16-16-13-13-16	16-16-13-13-14-17-13-16-13-16-13-14	14-14-16-14-13-14-16-17-14-14-13-17	13-11-17-14-17-14-14-16-14-17-17-16	16-16-14-15-15-13-16-18-12-10-16-16	16-14-10-16-16-15-10-14-15-13-18-14	11-13-18-13-13-16-9-9-17-11-20-1	16-16-11-18-11-13-16-16-6-13-13-9	16-18-19-14-14-9-10-11-16-16-13-13	18-6-12-12-18-13-0-16-20-16-14-15	10-9-15-13-18-10-7-9-16-12-1-16
304	16	16-13-13-13-13-16-15-14-16-15-16-13	13-17-13-13-15-15-18-15-15-13-13-17	15-15-13-13-13-15-13-14-13-15-17-14	15-14-15-14-13-14-15-13-17-14-16-13	13-0-15-14-15-17-14-15-17-15-15-15	15-15-13-13-12-13-17-16-17-16-15-16	11-14-16-11-17-16-17-14-14-13-13-17	1-13-14-13-13-15-17-9-15-16-15-1	15-15-11-14-16-16-15-15-15-13-13-16	15-11-11-14-13-18-13-7-15-15-11-13	11-14-12-12-14-14-0-15-22-15-6-15	10-14-13-11-15-10-13-10-19-15-17-15
304	17	18-13-13-18-17-18-18-22-18-20-16-16	14-16-13-18-17-15-19-20-18-19-19-17	17-18-18-13-17-15-18-17-17-17-16-17	18-17-15-17-14-14-17-15-16-14-17-11	13-18-15-14-19-16-18-18-16-15-15-17	18-15-14-15-10-19-16-16-16-10-1-16	17-10-16-11-16-17-16-14-14-17-18-16	17-13-20-13-13-18-16-8-15-17-17-18	17-18-18-13-13-1-17-15-6-18-13-6	11-11-11-14-14-13-10-10-19-19-19-13	19-1-12-14-14-17-18-15-20-15-6-15	10-14-17-11-17-10-13-0-16-19-16-12
304	18	17-13-13-18-17-17-17-19-13-13-18-13	20-19-19-17-19-15-16-17-17-19-17-17	17-17-17-13-17-17-17-17-19-19-19-17	17-17-18-17-13-17-20-13-19-20-18-11	13-17-15-14-18-16-17-17-18-17-14-14	17-15-14-13-12-17-19-15-21-18-13-18	14-18-10-11-16-17-19-14-18-18-17-18	17-13-17-13-13-17-16-8-15-12-17-17	11-17-17-15-17-8-15-15-18-13-13-16	21-11-11-21-13-13-13-13-13-17-17-13	17-18-22-22-15-17-17-11-17-14-14-15	20-14-17-11-15-10-13-16-15-17-13-18
304	19	13-13-13-20-13-14-13-18-19-13-19-13	18-18-18-20-18-15-17-17-18-18-17-17	17-20-20-20-20-15-20-17-18-18-18-19	20-20-19-21-20-20-18-20-18-19-18-13	20-17-13-20-20-16-20-20-18-19-19-20	20-20-20-21-10-17-20-21-18-10-19-19	20-18-10-11-20-19-18-18-18-22-20-20	17-19-17-20-19-17-9-21-20-17-17-17	17-17-11-20-21-6-15-20-6-19-20-6	20-20-15-18-21-19-20-10-20-17-17-19	17-22-12-14-14-17-0-17-17-19-6-15	10-14-19-11-15-10-19-0-16-17-16-10
304	20	17-20-20-20-20-20-21-20-20-21-19-13	18-21-21-19-21-21-22-17-19-19-17-21	19-19-19-19-19-19-21-17-18-21-21-21	19-19-19-19-19-19-18-19-21-21-21-11	19-17-13-19-19-21-19-19-21-20-19-19	15-19-19-13-10-17-21-16-20-20-13-20	19-21-18-11-19-20-21-19-18-13-13-19	18-19-17-19-19-17-9-8-19-17-15-17	17-17-21-19-20-19-17-15-21-19-19-20	19-19-11-17-13-19-13-21-19-17-19-19	11-22-18-18-14-17-0-11-11-13-6-20	10-14-17-11-11-10-19-0-10-12-21-18
304	21	13-13-22-13-17-20-20-22-22-20-21-22	20-20-20-19-20-20-20-17-20-19-22-17	21-21-22-22-21-15-20-17-21-20-20-20	21-17-21-19-21-19-18-19-20-20-20-21	19-17-21-19-17-20-20-19-20-17-21-13	14-21-19-21-10-17-20-19-18-20-14-21	22-20-17-21-16-19-20-18-19-19-13-21	17-19-17-21-19-17-9-21-21-17-21-17	17-17-20-19-19-6-21-15-20-19-19-20	21-19-8-18-19-19-21-20-21-17-11-19	21-18-18-14-14-17-0-18-21-21-6-15	21-21-21-21-21-20-19-17-16-17-20-20
304	22	22-22-22-22-22-22-20-22-22-21-22-22	13-20-22-22-22-20-20-17-21-22-21-17	17-20-22-21-22-22-21-22-21-22-22-22	21-22-21-21-22-22-21-22-22-22-22-21	22-17-22-22-22-22-19-22-20-22-8-8	22-22-22-22-22-17-21-22-22-22-22-21	21-22-22-22-16-22-22-19-22-22-17-18	22-22-14-22-22-17-22-21-21-22-14-17	17-22-22-22-13-22-22-19-22-22-13-20	11-22-22-22-22-6-22-18-21-22-22-22	17-20-12-18-14-21-17-22-22-22-22-22	22-22-22-21-13-22-22-22-22-22-22-22
305	0	0-0-0-0-0-0-0-0-0-0-0-0	0-0-0-0-0-0-0-0-0-0-0-0	0-0-0-0-0-0-0-0-0-0-0-0	0-0-0-0-0-0-0-0-0-0-0-0	0-0-0-0-0-0-0-0-0-0-0-0	0-0-0-0-0-0-0-0-0-0-0-0	0-0-0-0-0-0-0-0-0-0-0-0	0-0-0-0-0-0-0-0-0-0-0-0	0-0-0-0-0-0-0-0-0-0-0-0	0-0-0-0-0-0-0-0-0-0-0-0	0-0-0-0-0-0-0-0-0-0-0-0	0-0-0-0-0-0-0-0-0-0-0-0
305	1	1-1-0-1-0-1-1-1-1-1-1-1	2-0-0-0-0-1-2-2-1-1-0-2	2-2-2-1-1-2-2-2-2-0-2-1	1-2-2-1-1-1-2-2-0-0-0-7	0-6-1-0-2-0-2-2-0-1-1-1	1-1-0-0-1-1-0-1-0-0-0-1	1-0-0-6-0-1-0-1-0-1-1-1	1-0-2-1-1-2-0-1-1-1-1-2	2-2-2-1-1-1-2-1-0-1-1-0	1-1-1-2-1-1-0-0-1-2-1-0	0-1-0-0-1-1-6-2-6-1-1-1	1-0-1-1-1-1-1-1-0-1-0-0
305	2	2-2-2-2-2-2-2-2-2-2-2-2	1-0-0-2-2-1-1-1-1-2-2-1	1-1-1-3-3-1-3-3-4-3-3-3	3-1-1-3-3-3-1-3-3-1-3-1	3-1-1-3-1-2-1-3-1-0-4-3	3-1-3-2-2-3-2-3-2-0-0-8	2-4-2-1-2-1-2-3-0-0-3-2	1-2-3-2-2-1-0-2-1-2-2-1	1-1-1-2-12-2-1-1-2-4-2-2	2-2-0-5-2-3-2-0-2-1-1-3	2-2-3-0-3-2-1-1-2-2-2-1	0-2-1-1-2-0-2-0-0-2-0-2
305	3	3-3-2-3-3-3-3-3-3-3-3-3	4-3-2-2-3-3-1-4-3-4-2-3	1-1-4-2-2-6-4-4-2-4-2-2	2-4-4-2-2-2-4-2-2-3-2-1	2-3-2-4-4-2-4-2-3-3-2-3	2-5-5-6-3-2-4-2-3-3-0-3	2-2-6-3-4-3-3-4-3-3-2-6	0-3-2-4-2-1-3-4-10-3-3-3	3-1-3-4-3-4-3-4-3-3-2-5	4-3-3-2-2-2-3-3-3-3-3-3	4-3-4-0-8-3-1-3-4-4-3-3	4-3-1-3-3-3-2-3-3-3-0-3
305	4	4-4-4-4-4-4-3-4-4-4-4-4	5-5-4-2-4-4-3-3-3-3-2-6	1-1-3-2-2-3-5-3-5-3-5-5	3-3-3-3-2-2-3-2-5-5-3-1	2-1-1-3-3-5-5-5-3-4-2-3	2-3-3-3-3-2-3-3-3-4-0-4	2-2-6-1-3-7-4-5-0-4-3-3	4-4-5-3-2-1-4-3-3-4-3-3	4-1-3-3-4-3-3-3-4-4-2-4	5-3-6-2-2-5-3-3-5-1-1-5	3-3-3-0-5-3-5-3-3-3-3-4	3-2-1-1-3-4-2-5-5-4-4-4
305	5	5-5-5-5-4-5-5-5-5-5-5-5	6-4-6-2-4-6-4-6-3-3-2-5	1-3-4-4-2-3-4-4-7-3-4-4	2-3-6-3-3-2-6-2-6-6-3-1	2-1-1-6-3-4-6-5-6-3-2-3	2-3-3-3-5-3-6-2-5-8-7-3	3-6-6-1-3-4-6-4-3-0-2-3	0-2-4-3-2-1-5-5-3-4-3-3	4-1-6-3-5-3-5-1-4-5-5-4	4-3-12-2-2-4-6-5-4-3-1-4	5-4-12-5-4-6-4-6-3-2-3-3	7-2-1-1-4-4-2-6-5-5-4-5
305	6	5-5-6-6-6-4-6-5-6-5-5-5	5-4-5-2-6-5-6-7-7-5-7-5	9-7-7-7-7-3-7-7-7-3-5-7	7-3-7-7-8-8-5-7-5-5-2-1	7-1-1-5-3-4-7-7-5-7-7-7	7-7-9-3-5-7-5-7-3-5-7-7	2-5-3-1-3-4-5-7-3-8-7-3	5-7-7-7-3-6-5-12-3-3-6-6	7-1-5-3-6-7-1-7-6-6-8-8	4-3-4-6-7-5-7-5-2-1-7-6	3-3-5-8-6-5-1-6-7-2-11-4	1-6-6-1-7-6-2-5-5-6-4-5
305	7	7-8-7-7-7-8-7-9-8-8-8-7	5-8-8-2-8-7-9-8-6-8-6-8	6-7-6-6-6-3-6-6-6-8-8-6	6-7-6-6-6-6-10-6-8-5-8-1	6-1-1-6-3-8-6-6-8-6-6-6	6-6-6-7-5-6-8-8-3-5-6-7	2-7-7-1-7-7-8-6-3-8-6-6	9-6-6-6-2-1-11-7-3-7-6-7	6-1-3-3-5-7-5-6-11-6-6-7	6-6-7-6-6-5-6-5-2-6-6-7	5-3-5-5-6-5-4-6-3-2-7-7	5-6-6-1-6-7-2-7-11-6-8-8
305	8	7-7-7-7-9-7-8-8-7-8-7-9	5-7-7-9-7-7-9-7-7-7-6-9	8-8-9-6-6-6-9-9-8-9-7-9	9-8-9-9-6-9-7-6-7-6-7-9	6-9-1-8-9-7-9-9-7-8-6-8	9-6-6-8-8-12-7-7-3-5-8-6	8-7-7-12-9-1-7-9-3-6-8-6	8-7-9-7-4-9-7-7-3-8-8-11	8-9-9-9-9-9-8-9-7-3-6-6	9-3-8-8-6-9-9-5-8-11-9-9	9-7-5-10-3-8-9-8-8-3-6-10	8-3-8-1-9-4-7-8-8-8-7-7
305	9	9-9-9-9-9-11-9-9-9-10-9-10	5-7-7-8-9-11-8-9-9-9-6-8	8-9-8-8-6-8-10-8-8-8-10-8	8-8-9-8-6-8-10-6-10-10-9-8	6-8-1-6-8-9-8-8-10-8-6-6	8-8-6-8-9-8-10-9-9-9-8-9	2-10-10-1-8-9-8-8-9-10-8-9	8-7-8-9-2-8-7-7-3-9-8-8	9-8-9-8-8-8-9-8-7-9-8-8	8-9-7-12-9-8-9-5-9-8-8-10	8-9-8-8-7-8-8-8-8-2-6-7	9-6-8-6-8-11-9-8-10-9-7-10
305	10	11-10-9-9-10-9-12-10-10-9-12-11	12-9-9-12-9-9-11-11-10-9-12-12	8-11-11-11-9-11-9-8-11-9-9-10	11-8-10-11-11-11-7-6-9-9-10-10	11-8-11-11-11-9-11-11-9-10-11-11	11-11-6-10-6-8-9-10-9-5-0-9	11-9-9-10-11-1-5-9-3-10-11-10	8-7-8-11-10-8-7-7-3-8-11-8	12-8-10-11-11-11-10-11-7-11-10-6	8-11-8-9-11-2-11-5-11-8-11-9	11-9-5-8-3-8-8-10-8-10-6-8	11-6-8-11-11-9-10-8-9-8-7-9
305	11	11-11-11-11-11-12-11-11-11-10-11-10	11-12-11-10-9-12-12-10-10-11-10-10	8-10-10-10-6-10-10-8-10-8-9-10	10-8-9-10-10-10-9-6-9-9-11-10	10-8-10-10-10-11-10-10-11-10-10-10	10-10-12-10-10-8-10-10-3-11-5-11	10-9-9-1-10-11-11-10-0-10-10-12	9-11-7-10-10-8-7-3-10-12-10-8	8-8-3-10-10-3-10-10-11-10-10-11	8-10-7-9-11-8-10-5-10-8-10-11	10-12-5-6-6-8-8-12-8-10-6-11	10-2-8-10-10-9-11-11-9-6-7-9
305	12	12-12-12-12-12-11-11-12-12-12-12-12	11-11-12-10-12-11-11-10-10-12-10-10	8-11-12-12-12-12-12-12-10-12-10-12	10-12-10-12-12-12-10-6-12-12-12-8	6-8-12-12-12-12-10-12-11-12-6-10	12-12-12-10-12-8-11-12-12-12-12-11	10-12-12-12-7-12-12-11-12-12-10-11	12-12-2-12-12-8-7-6-10-11-10-8	10-12-12-12-7-12-12-9-12-6-10-11	12-12-12-9-12-5-12-5-10-12-12-12	8-11-5-5-3-5-8-12-12-12-12-11	10-12-12-5-11-12-12-8-12-12-11-9
306	0	0-0-0-0-0-0-0-0-0-0-0-0	0-0-0-0-0-0-0-0-0-0-0-0	0-0-0-0-0-0-0-0-0-0-0-0	0-0-0-0-0-0-0-0-0-0-0-0	0-0-0-0-0-0-0-0-0-0-0-0	0-0-0-0-0-0-0-0-0-0-0-0	0-0-0-0-0-0-0-0-0-0-0-0	0-0-0-0-0-0-0-0-0-0-0-0	0-0-0-0-0-0-0-0-0-0-0-0	0-0-0-0-0-0-0-0-0-0-0-0	0-0-0-0-0-0-0-0-0-0-0-0	0-0-0-0-0-0-0-0-0-0-0-0
306	1	0-0-1-0-0-1-0-0-1-0-0-0	0-0-0-0-0-0-0-0-1-1-0-0	1-0-0-0-0-0-0-0-0-0-0-0	0-0-0-0-0-0-0-0-0-0-0-7	0-9-0-0-3-0-0-0-0-1-0-0	0-0-0-0-0-2-0-0-1-0-0-2	2-0-0-3-0-1-0-1-0-0-0-0	0-0-0-2-1-0-0-0-1-1-0-0	3-0-0-0-0-0-11-1-0-0-1-0	1-1-1-0-0-1-0-1-1-1-1-0	0-0-0-0-0-1-1-1-1-1-1-1	1-1-1-1-1-1-1-0-0-1-1-0
306	2	3-2-3-3-2-3-2-2-2-3-3-3	3-2-2-3-3-3-3-3-3-2-3-3	2-2-3-3-3-3-3-3-3-2-4-2	3-3-3-3-2-3-3-4-3-3-3-1	4-1-2-3-2-2-3-2-3-3-5-0	5-3-3-2-2-5-2-4-3-2-2-3	4-2-3-1-3-2-3-3-3-4-1-2	2-2-3-6-2-3-3-3-1-1-3-3	2-10-3-6-4-4-1-1-3-3-2-3	3-11-3-4-5-3-4-3-1-2-1-2	3-3-4-5-5-3-4-2-1-3-3-2	3-2-2-1-2-9-4-6-4-4-3-4
306	3	2-2-2-2-2-2-2-2-2-2-2-2	2-2-2-6-2-2-2-2-2-2-4-2	5-4-2-4-5-4-4-4-2-3-2-4	4-2-2-2-4-4-2-6-4-2-4-5	5-0-7-5-1-4-4-4-2-2-2-6	4-2-2-2-2-2-4-2-2-2-4-4	7-5-2-1-3-3-2-4-2-3-0-5	2-3-4-4-3-2-2-4-3-2-2-2	1-0-2-4-4-2-1-4-2-2-4-2	2-5-2-2-4-4-2-2-2-1-0-4	2-2-2-2-2-2-0-1-1-2-2-3	2-3-3-1-2-2-5-2-2-2-2-2
306	4	2-2-2-2-2-2-2-2-2-2-2-2	2-2-2-3-2-2-5-5-5-5-3-5	3-3-3-3-3-5-3-3-2-6-5-3	5-5-5-5-3-6-2-3-3-4-3-1	3-1-3-3-5-3-5-3-4-2-6-3	3-6-6-2-4-6-5-2-2-4-12-3	3-3-2-1-5-3-5-3-4-2-4-7	2-3-3-5-4-2-2-7-7-2-2-2	4-9-7-4-3-2-1-5-2-4-3-2	5-3-2-2-3-3-2-2-1-5-4-3	4-2-2-2-4-4-2-4-8-3-2-4	1-4-6-1-0-2-2-4-2-2-2-2
306	5	2-5-5-5-2-2-5-2-2-2-2-2	2-9-6-3-2-2-4-6-4-4-2-6	3-4-4-3-3-4-6-7-2-7-6-6	4-4-4-4-4-4-6-3-6-6-7-1	3-1-8-3-4-7-4-5-4-2-9-3	2-4-4-2-2-2-6-6-4-5-5-5	3-3-6-1-4-5-4-2-5-2-4-4	2-3-3-4-5-4-2-4-6-6-2-2	5-4-4-4-11-2-1-4-2-4-6-4	4-3-2-7-2-5-6-5-1-4-0-3	2-2-2-2-6-4-8-4-4-6-2-4	2-4-4-1-2-2-3-2-9-2-2-2
306	6	6-2-6-6-2-6-6-2-8-6-2-6	2-9-5-3-2-2-2-8-2-4-2-5	3-6-4-3-7-4-5-8-7-4-7-5	4-4-7-7-3-4-8-3-7-5-5-1	9-1-0-3-4-5-6-6-7-2-2-3	3-4-4-2-6-4-7-5-6-6-7-8	3-3-5-1-4-6-9-7-6-6-8-4	2-3-3-4-6-2-8-4-5-5-4-2	7-4-4-7-6-4-2-4-6-5-5-4	9-2-6-5-6-6-5-7-1-1-8-3	0-2-7-2-5-5-0-1-1-5-2-5	1-4-4-1-2-2-4-2-5-2-7-7
306	7	6-5-6-8-7-8-6-2-6-7-2-6	2-6-5-3-6-2-2-6-9-9-7-8	3-7-8-3-6-5-8-8-6-5-6-7	8-5-6-8-3-4-8-3-6-5-5-1	8-1-3-10-4-5-8-6-9-7-5-3	4-4-4-2-6-4-6-7-6-7-6-8	3-3-5-1-4-6-6-6-6-6-8-4	2-3-3-4-7-2-6-4-4-5-4-2	6-4-4-7-1-7-1-8-7-5-7-9	2-3-7-5-9-13-7-6-3-4-0-3	9-9-6-0-6-8-8-9-4-7-9-4	7-9-7-1-13-2-7-8-5-7-6-6
306	8	9-9-8-9-9-8-6-8-6-10-11-7	2-6-5-3-2-7-10-6-7-7-9-7	9-8-10-10-9-10-9-7-9-10-9-9	7-6-9-9-10-6-6-10-9-9-5-7	7-5-5-9-4-5-9-6-8-10-7-3	4-5-9-10-8-2-6-7-8-8-6-7	3-8-10-1-4-8-6-6-8-11-8-7	2-8-3-4-7-2-6-4-4-10-4-2	8-4-4-8-9-7-2-7-7-10-8-7	9-2-7-7-9-13-9-8-8-4-6-3	4-7-10-2-9-7-8-4-4-7-7-4	7-4-7-1-2-2-9-7-5-7-6-9
306	9	8-10-13-8-9-8-6-13-9-2-9-6	10-6-6-9-6-6-11-11-7-11-10-10	9-9-10-8-8-4-10-10-9-8-10-10	10-10-8-8-8-10-11-9-8-8-8-10	6-1-10-8-4-5-10-10-7-9-13-10	10-10-8-8-8-10-5-5-6-8-6-10	3-8-8-1-4-11-6-10-8-13-10-9	2-10-3-10-4-10-6-10-4-2-10-2	9-4-4-10-12-7-1-10-7-10-13-7	8-10-11-10-10-7-10-6-10-11-10-9	7-7-8-0-8-11-2-7-10-12-7-4	10-7-9-10-10-2-8-2-5-9-2-6
306	10	10-11-10-10-10-11-10-11-10-11-10-10	10-11-11-9-11-13-11-9-13-11-9-11	9-9-9-8-8-11-9-9-10-11-11-9	9-9-10-8-8-9-12-8-11-12-10-9	7-9-9-7-4-11-9-9-11-8-10-9	9-9-11-8-11-9-11-10-6-10-9-10	12-8-10-9-10-10-10-10-8-11-9-7	2-9-8-9-11-9-12-9-4-10-9-2	9-4-4-9-11-7-1-9-9-8-10-12	8-9-10-10-9-7-9-11-9-4-9-9	13-7-13-13-2-9-0-10-9-9-7-4	11-4-7-9-9-2-8-13-10-12-2-6
306	11	10-10-13-10-10-10-11-10-12-10-10-10	13-10-10-9-10-10-12-9-9-10-12-13	11-11-12-12-11-12-9-11-12-10-10-11	11-12-12-12-8-11-10-7-10-11-11-9	7-12-9-11-12-10-12-12-10-8-11-11	11-11-10-11-11-12-10-10-11-8-2-11	11-3-10-1-11-12-6-12-8-10-12-13	2-10-12-10-10-12-10-10-4-11-11-12	9-12-4-11-3-7-1-12-7-4-9-10	10-12-9-11-12-7-10-10-12-12-12-3	12-2-10-12-8-12-12-11-12-9-7-4	11-7-11-1-12-2-2-11-2-11-2-2
306	12	12-12-12-13-12-12-8-10-10-13-12-12	11-10-10-12-10-13-11-13-9-10-11-13	11-12-11-13-12-11-12-11-11-10-10-12	13-11-11-11-12-12-10-12-10-10-12-11	12-11-12-12-11-12-13-11-12-10-12-12	12-11-12-12-11-11-10-12-11-12-4-10	12-12-10-1-12-12-6-11-8-10-11-12	11-12-13-12-12-11-10-12-13-11-11-11	9-11-4-12-13-7-1-12-7-10-12-10	11-11-9-11-11-7-12-10-11-11-11-12	11-2-10-11-8-11-11-11-11-9-7-4	10-4-11-1-11-2-8-11-5-10-2-2
306	13	13-13-11-13-13-13-13-13-13-13-13-13	11-10-13-12-13-10-11-12-10-13-11-11	11-11-13-12-13-12-13-13-11-13-13-12	12-13-13-12-13-13-10-13-13-13-13-11	12-11-13-13-13-13-12-13-12-13-9-9	13-13-13-13-13-11-13-13-13-13-13-13	12-13-13-13-10-13-7-12-13-13-12-12	13-12-12-13-13-11-13-12-12-13-2-11	9-13-4-13-12-13-13-12-13-2-9-7	9-13-13-13-13-7-13-10-13-13-11-13	11-13-13-11-8-4-11-10-13-13-13-13	13-13-13-10-13-13-13-11-13-13-13-13
307	0	0-0-0-0-0-0-0-0-0-0-0-0	0-0-0-0-0-0-0-0-0-0-0-0	0-0-0-0-0-0-0-0-0-0-0-0	0-0-0-0-0-0-0-0-0-0-0-0	0-0-0-0-0-0-0-0-0-0-0-0	0-0-0-0-0-0-0-0-0-0-0-0	0-0-0-0-0-0-0-0-0-0-0-0	0-0-0-0-0-0-0-0-0-0-0-0	0-0-0-0-0-0-0-0-0-0-0-0	0-0-0-0-0-0-0-0-0-0-0-0	0-0-0-0-0-0-0-0-0-0-0-0	0-0-0-0-0-0-0-0-0-0-0-0
307	1	1-1-1-1-0-1-1-1-1-0-1-1	0-0-2-0-0-0-0-1-0-1-0-0	0-0-0-0-0-0-2-0-0-0-3-2	0-0-2-0-0-0-0-0-0-0-0-0	0-2-0-0-0-0-2-0-0-0-0-2	0-0-0-0-0-0-0-0-1-1-0-0	0-0-0-0-0-0-0-2-0-0-9-0	0-0-9-0-1-0-0-0-1-0-2-0	0-0-2-0-0-0-0-1-0-3-1-0	2-0-1-0-0-0-2-0-1-1-0-0	10-0-1-0-0-0-0-2-15-0-2-1	1-2-1-1-1-0-0-3-0-0-0-0
307	2	3-2-3-2-2-2-0-2-2-0-2-2	2-0-1-0-0-1-3-3-3-3-5-1	3-3-3-2-0-3-1-0-3-0-0-1	3-3-1-0-0-0-2-0-0-0-0-5	0-12-6-0-3-0-3-3-0-0-2-1	0-2-0-0-2-0-2-2-3-2-0-3	3-0-0-10-2-2-0-1-2-0-3-1	2-2-1-2-2-3-0-2-2-2-1-0	7-6-1-2-6-0-2-3-0-0-2-0	1-2-2-2-2-2-1-2-3-3-9-0	0-2-1-0-0-2-3-1-10-2-2-2	1-1-2-2-1-2-2-1-2-12-2-0
307	3	3-3-3-3-3-3-3-3-4-3-3-3	3-0-1-3-3-4-2-2-2-2-4-2	2-2-4-4-4-4-4-4-4-3-4-3	4-4-4-4-4-4-2-5-3-0-3-2	4-1-4-4-3-3-2-4-3-5-5-4	4-6-3-3-2-6-4-4-2-3-13-2	5-3-0-2-3-2-3-2-3-3-4-0	2-3-4-3-3-2-3-3-3-2-4-0	2-2-1-3-13-3-2-2-3-4-3-3	1-3-2-4-4-4-3-3-2-2-2-4	0-3-4-0-4-4-2-1-1-3-3-3	1-3-2-2-1-0-3-1-2-4-2-3
307	4	4-4-3-4-5-4-4-4-4-4-4-4	5-4-4-3-4-6-2-5-4-5-3-5	2-2-3-3-3-5-5-5-3-5-5-3	3-5-3-3-3-3-4-3-3-4-3-2	3-7-2-3-5-3-5-5-5-4-3-3	3-5-6-7-4-5-5-3-4-4-8-4	4-4-4-2-5-4-4-4-4-5-3-7	4-3-3-5-4-4-4-6-8-8-4-7	4-2-4-4-4-6-4-5-0-3-3-3	5-5-2-3-3-3-3-4-2-2-2-3	4-4-3-0-4-4-0-1-5-5-3-4	1-4-2-5-4-4-4-4-3-4-2-3
307	5	5-5-5-5-5-5-5-5-5-5-5-5	6-6-5-3-4-6-8-4-4-4-2-4	3-5-4-3-3-4-6-7-6-4-6-6	4-4-6-3-3-3-4-3-3-5-4-2	3-1-2-3-4-6-4-4-4-3-3-3	4-4-4-4-5-4-4-4-4-5-11-5	3-4-5-2-4-5-6-6-5-5-4-4	5-3-4-6-6-2-5-4-4-2-4-0	5-2-4-4-4-4-4-6-6-5-3-6	6-4-5-5-3-4-3-6-2-2-6-6	6-7-6-0-7-6-6-1-4-4-6-4	1-4-2-4-1-6-4-11-7-5-11-5
307	6	6-7-6-5-6-7-6-6-6-7-7-7	5-7-5-3-4-5-2-7-6-7-3-7	3-6-4-4-3-4-7-6-5-4-7-5	6-7-7-7-3-3-6-3-6-7-7-2	3-2-2-8-4-5-7-6-7-3-3-3	3-3-4-4-6-3-7-5-6-6-7-4	4-7-6-2-4-6-6-5-6-5-7-4	6-3-5-5-5-0-6-4-4-7-4-0	4-2-4-4-6-4-2-5-5-8-6-5	5-4-6-7-3-3-4-5-5-2-5-5	5-4-5-10-4-5-5-1-1-4-5-4	1-4-3-2-1-6-4-7-7-7-6-7
307	7	7-6-6-7-7-6-5-6-7-6-6-6	9-6-6-7-9-6-8-6-9-6-9-6	4-7-8-8-7-8-6-8-8-7-6-7	8-8-8-8-7-8-7-3-7-6-6-2	3-4-10-9-4-5-6-8-6-13-8-8	10-10-7-4-6-7-6-7-6-6-6-7	8-6-5-2-4-6-4-8-4-6-11-4	5-7-16-7-13-5-6-7-4-6-7-4	2-2-8-7-7-7-7-7-11-6-7-5	7-7-7-6-7-7-8-6-2-2-5-7	11-4-6-6-7-0-5-5-1-7-8-4	1-6-2-7-1-7-4-6-5-6-5-7
307	8	8-8-7-8-7-6-8-6-8-8-8-7	7-6-5-9-7-9-9-9-7-6-9-10	10-8-7-9-9-10-9-9-9-9-9-9	7-7-7-10-9-9-7-10-9-8-8-2	3-1-2-9-9-9-9-9-6-8-7-7	11-4-9-4-8-9-9-8-6-6-4-10	9-9-6-2-9-8-8-8-5-5-7-8	5-11-13-9-8-9-6-11-4-9-7-12	8-2-9-9-11-7-8-7-7-6-13-8	7-9-7-7-7-8-7-6-12-2-2-13	0-4-6-6-16-10-0-1-1-7-7-4	1-8-2-2-1-8-8-1-8-8-5-8
307	9	9-9-10-10-7-10-10-9-9-9-9-9	7-6-10-8-7-10-8-8-7-10-8-8	8-8-8-8-8-8-10-8-8-8-10-8	8-9-10-9-8-8-7-8-10-10-9-2	7-2-7-8-8-8-8-8-9-8-7-7	3-7-11-9-9-8-10-9-9-9-0-9	8-8-6-2-8-9-16-7-9-12-1-8	10-10-1-10-10-8-15-7-4-11-7-12	8-2-8-8-9-7-16-7-10-6-7-9	7-8-9-9-10-8-10-13-8-12-10-8	0-11-11-6-10-11-2-1-1-7-7-10	1-4-2-4-1-8-10-1-11-11-6-11
307	10	10-10-9-10-7-11-11-10-10-8-11-9	12-11-9-8-7-9-8-8-7-9-8-8	8-10-8-8-8-8-11-8-8-8-9-11	8-9-9-8-8-8-11-8-9-9-9-2	10-2-7-11-8-9-9-10-11-8-8-7	7-7-9-8-11-8-9-9-9-9-7-9	8-8-10-2-8-8-11-11-10-10-2-12	10-9-12-9-9-8-10-12-8-11-7-11	8-2-11-8-12-10-2-7-9-10-10-10	7-8-10-9-9-8-9-11-8-12-9-8	1-9-10-6-11-14-12-11-2-7-7-9	1-4-2-2-1-8-9-14-11-9-11-9
307	11	10-12-10-10-12-10-10-11-10-11-10-12	12-10-10-8-10-10-13-8-12-9-12-10	8-12-13-8-13-10-10-8-12-8-10-10	12-12-12-12-8-12-10-8-12-12-12-2	10-11-13-12-11-9-12-12-11-12-13-13	13-12-13-11-10-8-12-9-9-9-5-8	12-8-10-2-10-9-10-12-11-8-7-10	4-8-8-12-10-12-9-13-4-9-7-11	12-11-16-12-8-16-11-11-7-11-7-10	7-11-11-12-7-8-7-10-2-11-10-8	7-9-6-6-10-16-11-10-1-7-11-11	1-12-12-11-1-11-11-10-10-9-10-9
307	12	13-13-12-12-11-10-10-12-10-13-12-13	13-14-10-8-7-13-8-13-11-13-11-11	8-11-11-8-11-8-13-11-11-8-13-13	11-11-11-11-11-11-7-8-11-11-13-2	10-2-11-11-11-13-11-11-13-11-11-11	11-11-11-12-10-8-13-12-12-12-13-12	11-8-13-2-12-12-13-13-12-10-11-13	10-7-11-11-10-11-12-9-11-10-7-9	11-11-11-11-10-11-2-12-11-11-7-11	7-11-10-13-7-8-11-9-8-11-10-8	13-13-13-6-13-12-10-1-1-11-11-4	13-11-11-11-14-12-11-10-13-13-12-13
307	13	12-12-12-16-7-10-10-12-10-12-12-12	12-9-10-8-14-14-11-15-14-12-15-12	15-14-11-11-11-15-12-14-14-8-12-12	11-13-15-11-8-14-13-8-11-14-12-2	8-13-11-11-15-12-12-11-12-7-11-11	11-13-11-13-10-8-12-9-9-9-12-12	13-8-12-13-15-13-12-12-12-16-13-12	4-8-8-11-7-13-9-11-15-9-7-13	15-15-15-11-3-7-15-13-6-11-8-10	13-11-13-12-12-8-7-10-13-13-13-8	13-13-12-6-10-16-13-13-13-7-11-13	12-11-13-13-13-13-13-13-12-13-10-12
307	14	15-15-16-16-16-16-16-15-15-16-16-16	15-16-15-8-15-15-15-16-15-15-15-16	14-14-15-16-14-13-15-15-15-15-15-14	14-14-16-15-14-13-15-13-15-13-14-14	15-14-15-11-13-14-14-14-12-14-15-14	14-13-15-14-9-15-13-15-9-9-14-13	14-15-14-16-14-14-12-14-15-14-13-14	14-14-14-16-13-13-14-15-13-16-15-15	14-13-13-13-16-15-13-13-15-16-8-16	14-14-15-13-15-8-14-14-13-13-13-8	16-15-15-14-15-16-14-15-13-14-15-13	14-16-14-13-15-15-13-15-15-15-10-12
307	15	14-14-14-14-14-14-14-14-14-14-14-14	14-14-14-8-14-14-14-14-14-14-14-14	13-15-14-14-14-13-14-14-14-14-14-14	16-14-13-14-15-15-14-8-14-13-15-13	15-13-15-11-13-15-16-15-15-14-11-15	14-15-14-15-9-14-15-14-12-9-4-16	16-8-14-2-13-13-12-14-14-15-15-15	14-15-13-15-15-13-9-11-13-9-15-14	13-13-13-15-14-14-13-13-14-14-15-10	13-11-14-14-14-8-7-10-13-13-15-8	13-14-12-6-14-14-16-14-1-13-14-13	14-11-13-13-16-14-15-14-14-15-10-12
307	16	16-16-14-14-16-14-14-16-14-14-14-14	14-14-16-14-14-14-14-14-14-16-14-14	14-15-14-14-16-16-16-14-14-16-16-16	15-16-14-16-16-16-14-16-16-16-16-13	14-13-16-16-16-16-15-15-15-16-11-11	16-16-16-15-16-11-16-16-16-16-16-15	15-16-16-16-13-16-9-16-16-16-13-16	16-16-7-16-16-14-16-11-13-14-13-16	13-16-11-16-14-16-16-14-16-14-15-11	13-16-16-16-16-8-16-14-13-16-16-16	14-14-16-6-8-13-13-14-16-16-16-16	14-16-16-13-15-16-16-14-16-16-10-9
308	0	0-0-0-0-0-0-0-0-0-0-0-0	0-0-0-0-0-0-0-0-0-0-0-0	0-0-0-0-0-0-0-0-0-0-0-0	0-0-0-0-0-0-0-0-0-0-0-0	0-0-0-0-0-0-0-0-0-0-0-0	0-0-0-0-0-0-0-0-0-0-0-0	0-0-0-0-0-0-0-0-0-0-0-0	0-0-0-0-0-0-0-0-0-0-0-0	0-0-0-0-0-0-0-0-0-0-0-0	0-0-0-0-0-0-0-0-0-0-0-0	0-0-0-0-0-0-0-0-0-0-0-0	0-0-0-0-0-0-0-0-0-0-0-0
308	1	1-1-1-1-1-1-1-1-1-1-1-1	1-0-0-1-0-0-1-0-1-1-1-1	1-1-2-1-1-2-1-2-1-0-2-1	1-2-2-0-0-1-2-1-0-0-0-1	0-5-1-0-1-0-2-1-0-1-1-1	1-1-0-1-1-1-0-1-0-0-0-1	5-0-0-5-1-1-0-1-0-1-1-1	1-0-0-1-1-1-0-1-1-2-1-2	1-2-2-1-2-1-1-1-0-1-1-0	1-1-1-1-0-1-1-0-1-1-1-0	0-1-0-2-1-1-2-1-1-1-1-1	1-1-1-1-1-1-1-1-0-1-1-0
308	2	2-2-2-2-2-2-2-2-2-2-2-3	2-0-0-2-2-3-1-3-3-1-3-3	1-1-1-3-3-1-3-3-3-2-3-3	3-3-1-2-3-3-1-3-3-1-3-2	3-1-3-3-1-2-1-3-2-0-2-3	3-3-2-2-2-3-2-3-2-2-4-5	3-5-0-1-2-0-2-2-2-2-3-2	2-2-3-2-2-1-0-2-2-1-1-1	2-1-1-2-3-2-1-1-2-2-2-2	2-2-0-2-3-3-2-2-2-1-3-2	2-2-0-3-1-2-1-1-3-2-2-2	1-2-1-1-2-2-2-1-3-2-0-0
308	3	3-3-3-3-3-3-3-3-3-3-3-3	4-3-0-2-3-4-1-3-3-4-2-3	1-2-1-2-2-4-2-2-2-4-2-2	2-4-4-2-2-2-4-2-2-3-4-1	2-3-2-2-5-2-4-2-3-3-2-2	2-2-5-4-3-2-4-2-3-3-10-3	2-3-3-1-4-3-7-3-3-4-2-4	3-2-2-4-2-3-3-5-4-3-3-3	3-5-3-3-2-2-3-4-0-2-2-4	2-4-1-2-2-2-2-2-3-3-2-3	3-3-3-2-3-3-3-3-2-2-4-3	1-3-3-1-3-3-2-3-2-2-0-0
308	4	4-4-4-4-4-4-4-4-4-4-3-4	4-4-4-2-4-4-1-4-4-3-2-4	1-3-3-2-2-3-5-4-4-3-5-2	3-3-5-3-2-2-4-2-5-5-3-1	2-1-2-2-3-5-3-3-3-3-2-2	3-2-3-3-4-2-3-4-3-4-2-4	1-2-4-1-3-0-3-5-4-3-2-3	4-2-5-5-2-1-4-3-3-4-3-3	4-4-3-3-3-4-3-3-4-2-5-3	3-3-5-5-2-2-2-0-5-1-3-3	3-5-4-2-3-4-4-3-1-3-5-3	1-3-1-1-1-0-2-1-4-4-4-0
308	5	5-5-4-5-5-5-4-4-4-5-6-4	3-4-6-2-6-6-7-4-3-3-2-6	1-5-2-2-2-4-4-6-7-6-6-6	3-6-4-2-2-2-6-2-6-4-3-1	2-1-1-6-3-4-6-5-6-3-2-2	1-2-3-3-5-2-6-6-5-5-8-8	1-6-5-1-3-6-6-6-3-5-2-3	0-2-4-4-2-1-5-3-3-4-3-3	5-3-6-3-5-3-1-3-4-6-4-10	1-3-4-6-6-5-2-5-4-3-1-5	5-4-6-5-6-5-5-1-1-3-6-3	1-5-1-1-1-8-6-5-6-5-6-6
308	6	6-7-4-4-5-6-6-6-6-6-5-7	7-4-5-7-5-7-7-5-7-3-7-5	7-7-7-7-9-3-7-7-6-5-5-5	7-5-6-6-7-7-5-2-5-5-3-9	7-1-7-5-3-4-7-7-5-7-10-7	7-7-5-6-6-3-5-5-5-4-7-7	7-5-4-7-3-5-5-5-3-3-7-6	4-8-7-7-5-1-5-5-6-5-7-7	7-3-5-2-6-6-7-7-6-5-4-3	6-7-9-10-7-7-6-5-7-7-7-6	6-5-7-5-5-5-5-6-7-7-5-3	11-6-1-6-7-6-5-5-5-7-5-6
308	7	7-7-7-7-7-7-7-7-7-7-7-6	6-8-7-6-8-6-6-8-6-3-6-6	6-6-6-6-6-3-6-6-9-8-8-7	7-6-6-6-6-6-5-2-8-8-7-6	6-1-6-6-5-8-6-6-7-6-6-6	6-6-8-6-7-2-8-6-7-7-6-7	6-7-7-6-10-9-3-9-3-7-6-7	7-6-6-6-7-1-7-7-7-7-6-7	6-8-7-2-6-7-6-6-6-6-5-9	7-6-7-6-6-8-6-7-6-6-6-7	6-7-6-6-11-5-7-6-6-6-6-7	7-6-7-6-6-6-8-7-7-6-7-7
308	8	9-9-9-9-9-9-11-9-9-11-11-9	9-7-9-9-10-9-10-9-9-9-9-11	10-9-9-8-8-9-9-9-9-7-9-9	9-10-9-9-6-9-9-6-7-7-7-11	2-11-6-5-10-7-9-9-7-8-8-10	9-8-7-8-10-11-7-9-7-4-5-5	11-7-8-11-8-7-5-10-3-7-9-7	8-6-9-9-7-9-8-7-8-10-9-9	8-10-8-7-9-8-9-9-9-8-9-7	7-9-10-9-8-7-11-7-9-9-9-5	9-7-9-9-9-9-9-9-6-11-7-3	11-6-8-6-6-9-7-10-9-9-8-11
308	9	8-8-8-8-8-8-8-8-8-8-8-8	8-7-10-8-8-8-8-8-8-8-8-8	8-8-8-8-6-8-8-8-8-9-11-8	8-8-8-8-2-8-8-2-10-10-10-6	2-8-1-5-8-10-8-8-5-8-6-6	8-6-3-8-5-8-10-10-9-9-8-9	11-7-8-1-11-9-5-7-9-7-8-10	8-2-8-8-9-8-8-3-3-8-8-8	8-8-10-3-8-8-8-8-10-4-9-7	6-8-6-8-6-9-10-5-8-8-6-9	8-5-8-8-8-8-8-8-6-8-6-3	8-6-8-6-6-8-5-8-8-8-8-8
308	10	8-8-11-8-11-8-8-8-8-8-8-8	8-7-9-8-8-8-8-8-8-8-8-8	8-10-8-8-10-8-9-8-11-9-9-9	8-8-6-8-10-8-8-2-9-9-9-10	2-8-10-10-8-9-9-8-10-8-6-6	8-10-3-8-5-8-9-9-9-4-3-10	11-9-8-1-7-9-5-8-3-9-10-9	8-10-9-10-10-1-7-10-11-8-6-8	8-8-9-10-8-8-1-8-9-4-10-5	10-10-8-9-6-10-6-7-10-8-10-10	10-5-5-8-7-8-8-6-6-10-10-10	1-6-10-10-6-6-10-8-8-6-7-8
308	11	11-11-10-11-11-11-8-11-11-8-11-11	8-7-11-8-8-8-10-8-8-11-8-8	8-11-11-8-11-11-9-11-10-11-9-11	11-11-11-11-11-11-8-11-11-11-11-8	11-8-11-11-11-11-10-11-9-11-4-6	11-11-11-11-11-8-11-11-11-11-11-10	10-11-11-11-9-11-11-11-11-11-8-11	11-11-2-8-11-8-11-3-10-11-8-8	8-11-11-11-2-11-11-11-11-4-10-9	11-11-11-11-11-11-8-7-11-11-11-11	8-11-11-8-7-10-8-11-11-8-11-3	8-11-11-10-6-11-11-8-11-11-11-8
309	0	0-0-0-0-0-0-0-0-0-0-0-0	0-0-0-0-0-0-0-0-0-0-0-0	0-0-0-0-0-0-0-0-0-0-0-0	0-0-0-0-0-0-0-0-0-0-0-0	0-0-0-0-0-0-0-0-0-0-0-0	0-0-0-0-0-0-0-0-0-0-0-0	0-0-0-0-0-0-0-0-0-0-0-0	0-0-0-0-0-0-0-0-0-0-0-0	0-0-0-0-0-0-0-0-0-0-0-0	0-0-0-0-0-0-0-0-0-0-0-0	0-0-0-0-0-0-0-0-0-0-0-0	0-0-0-0-0-0-0-0-0-0-0-0
309	1	1-1-1-1-1-1-1-1-1-1-1-1	1-0-2-1-0-2-1-1-1-1-1-1	1-1-2-1-1-0-1-1-1-0-1-1	1-1-2-1-2-1-1-2-0-2-0-1	0-1-3-1-3-0-1-1-0-1-1-1	1-2-0-1-1-1-2-1-1-0-8-2	0-0-0-3-2-3-1-1-1-1-8-0	1-2-9-1-1-3-2-1-3-1-3-0	3-3-3-1-1-1-1-3-1-1-1-1	8-1-4-1-5-1-0-1-1-3-3-3	3-1-1-3-1-1-3-9-3-1-1-1	1-1-1-3-3-3-1-6-5-1-2-0
309	2	2-2-2-2-2-2-3-2-2-2-2-4	3-3-1-1-3-1-1-3-3-3-2-3	2-2-3-2-2-3-2-2-3-3-3-2	2-2-3-3-2-1-2-4-2-1-2-2	3-2-1-1-10-2-2-2-3-3-6-2	2-1-3-3-1-2-1-4-2-2-12-1	2-2-2-2-3-2-2-3-2-2-12-3	12-2-2-2-1-6-3-3-1-3-2-2	2-2-1-1-3-4-1-2-3-4-1-2	2-2-5-1-2-2-2-2-1-2-1-4	2-3-5-2-6-3-2-2-2-2-4-1	2-1-2-1-5-4-4-2-3-5-5-2
309	3	2-2-3-2-2-2-2-2-2-2-2-2	2-2-2-3-2-2-2-2-2-2-2-4	6-3-5-4-5-2-4-4-2-3-2-4	4-3-2-2-3-4-2-6-3-3-4-1	2-1-4-5-4-4-4-4-2-2-3-4	2-4-2-2-3-1-3-3-3-0-3-4	3-5-2-1-3-1-2-4-0-3-4-2	2-3-4-3-3-1-2-4-1-2-1-2	1-1-1-3-4-2-1-1-2-5-4-1	1-2-0-1-4-4-3-2-3-1-1-6	1-2-0-1-4-2-1-1-1-3-2-1	2-3-3-1-1-2-3-2-4-4-4-2
309	4	2-2-2-2-2-2-2-2-2-2-2-2	2-2-2-3-2-2-2-5-2-5-3-3	3-5-3-3-3-5-3-3-2-3-4-3	6-5-5-2-3-3-5-3-3-4-3-2	2-4-3-3-6-3-5-5-4-2-2-3	5-3-5-2-4-6-5-2-4-4-12-4	6-4-10-1-5-4-5-4-4-5-3-6	2-3-3-5-4-1-0-6-5-1-4-2	4-1-4-4-3-2-4-5-2-2-3-5	4-4-4-1-3-3-3-2-4-1-4-4	4-2-2-1-3-4-2-4-4-5-2-4	2-4-5-1-4-2-2-4-3-3-3-2
309	5	4-5-5-2-2-6-5-5-5-2-2-2	2-7-6-3-2-2-2-6-2-6-3-6	3-4-3-3-3-4-6-3-2-4-6-3	4-4-4-2-3-3-4-3-6-5-4-1	3-1-1-3-4-6-4-4-4-2-2-3	4-4-4-2-4-2-6-5-5-7-3-5	4-4-5-1-4-5-5-6-7-5-2-6	2-3-2-6-6-2-5-4-4-5-4-2	4-1-4-4-5-2-1-4-6-3-5-6	2-4-5-6-3-4-3-5-4-1-2-4	1-2-6-5-2-2-1-2-1-6-2-4	2-4-3-1-1-2-3-2-1-6-2-2
309	6	6-6-5-6-6-5-6-6-6-2-6-6	2-7-6-3-2-6-8-5-2-5-2-5	3-6-3-3-3-5-5-3-2-4-5-3	4-4-7-3-3-4-5-3-6-5-7-1	8-1-3-3-4-5-5-6-4-6-2-3	4-4-4-2-6-4-5-6-6-6-7-5	4-4-5-1-4-6-6-5-7-6-7-5	2-3-7-5-5-2-5-4-4-6-4-2	4-1-10-4-6-2-2-4-5-6-4-8	7-4-6-5-6-9-3-6-6-1-5-3	1-10-5-6-2-7-1-1-1-5-2-6	2-5-3-1-7-6-3-1-1-5-10-2
309	7	8-8-8-8-8-8-8-8-8-8-7-8	8-6-8-9-8-8-8-7-8-8-8-8	7-8-8-7-7-8-7-8-8-9-8-7	8-7-8-8-9-9-7-9-7-7-6-7	7-5-9-7-6-7-8-8-7-7-9-7	7-9-8-8-6-9-8-9-8-5-11-9	9-9-7-9-8-9-8-8-5-10-7-8	2-8-10-8-9-10-7-10-4-8-8-7	7-7-10-7-8-7-7-8-8-8-11-8	7-9-8-8-8-8-10-9-8-7-8-7	7-6-10-8-8-8-7-7-7-10-2-4	9-9-7-9-7-9-7-8-10-8-11-7
309	8	7-7-7-7-7-7-7-7-7-7-8-7	7-7-7-7-7-7-7-7-7-7-7-7	7-7-7-7-7-7-9-7-7-7-9-9	7-9-7-7-7-7-7-3-8-9-8-1	6-1-1-3-11-10-7-7-8-7-7-7	4-7-7-7-8-7-7-7-7-0-1-7	4-7-5-1-9-7-7-7-0-7-1-7	2-10-1-7-7-1-12-7-4-7-7-2	7-1-8-4-7-8-7-7-10-7-9-9	1-8-8-7-7-7-3-7-9-1-7-9	9-2-8-7-7-7-8-8-1-4-2-4	7-7-7-7-1-2-3-7-7-7-7-7
309	9	7-7-7-7-7-7-7-7-7-7-7-7	7-10-7-7-7-7-7-9-7-7-7-10	7-7-7-7-7-7-8-7-7-10-10-8	7-10-10-7-7-7-7-7-10-10-8-1	7-1-7-10-4-8-10-9-10-7-7-7	7-7-7-7-8-7-10-7-9-12-7-7	7-7-5-1-8-7-10-8-9-7-1-7	2-8-1-8-7-1-8-7-4-9-7-2	7-1-7-4-7-7-7-7-8-7-8-8	1-8-7-8-7-6-3-9-8-1-7-8	8-9-8-7-8-7-8-1-1-8-2-4	7-7-7-7-1-7-3-9-1-9-7-7
309	10	7-7-7-7-7-7-7-7-7-7-7-7	7-9-7-7-7-7-7-9-7-7-7-9	12-11-11-7-7-7-11-7-7-9-9-10	11-9-9-7-7-11-9-12-9-9-9-10	2-13-13-9-11-8-9-10-9-7-7-7	7-11-7-7-10-7-9-10-7-9-0-11	13-7-8-13-8-10-9-10-7-7-13-7	2-8-7-11-7-13-8-7-13-9-10-7	4-10-6-11-13-7-10-10-8-7-10-8	10-10-10-10-7-6-7-7-13-1-13-8	13-6-7-7-10-10-7-10-13-10-2-4	10-10-10-10-10-2-8-10-7-10-7-7
309	11	13-13-12-13-12-14-12-13-13-12-14-14	12-12-12-12-12-12-12-12-12-7-12-12	10-11-12-13-13-12-10-12-12-12-13-11	12-12-11-12-10-10-13-12-12-12-12-10	13-10-10-13-12-11-11-11-12-13-13-10	13-10-12-11-13-12-12-13-13-11-7-10	12-13-12-10-12-11-13-12-12-12-10-12	2-12-12-10-11-12-11-12-10-12-11-13	11-11-13-11-14-14-10-10-12-14-7-12	12-14-11-11-12-7-10-7-10-13-10-12	10-12-14-7-14-14-7-11-10-11-14-11	11-12-7-10-10-12-11-13-7-11-7-12
309	12	11-11-14-13-11-11-11-11-11-11-11-11	11-13-11-13-11-11-13-13-11-11-13-13	10-13-13-11-11-13-13-13-11-11-12-13	13-11-11-13-13-13-13-10-11-11-11-10	11-10-10-11-13-11-13-13-11-12-11-7	12-11-11-12-11-11-11-13-11-9-4-10	11-11-11-10-11-12-11-13-11-11-12-13	2-11-11-13-13-14-13-11-4-11-13-12	11-11-11-13-14-11-11-13-11-11-13-11	11-12-12-11-13-12-13-14-10-11-10-11	10-11-11-12-13-13-13-11-10-13-11-12	10-13-12-10-13-13-13-11-13-12-11-11
309	13	11-11-12-11-11-11-11-11-11-11-11-11	12-12-11-12-11-11-12-12-12-12-12-12	11-12-12-11-11-12-12-12-11-12-12-12	12-12-11-12-12-12-12-11-11-11-12-10	11-10-10-11-12-13-12-12-13-11-11-10	12-10-12-12-11-11-14-12-11-13-7-13	10-11-11-10-11-13-11-12-0-11-10-12	12-13-11-12-12-12-12-12-10-11-12-11	12-11-11-12-10-11-10-12-13-7-12-13	11-12-12-11-12-12-12-12-10-11-10-11	10-11-11-7-12-10-12-10-10-12-11-13	10-12-10-10-10-12-12-11-12-11-11-11
309	14	14-14-12-11-14-11-11-14-11-11-11-11	11-12-11-12-11-11-12-12-11-11-12-12	11-13-14-11-14-12-14-14-11-14-14-14	12-14-11-12-14-14-12-14-13-14-14-10	11-10-10-14-14-14-13-12-13-14-12-7	14-14-14-11-14-11-11-11-14-14-14-13	11-14-14-14-11-14-11-11-14-12-11-13	14-11-11-13-14-12-5-11-10-12-12-14	11-14-14-14-12-11-14-11-14-11-12-13	11-12-7-14-14-12-12-12-10-14-7-11	12-11-11-7-11-10-12-11-14-12-11-13	12-12-12-10-13-14-14-11-14-14-13-11
310	0	0-0-0-0-0-0-0-0-0-0-0-0	0-0-0-0-0-0-0-0-0-0-0-0	0-0-0-0-0-0-0-0-0-0-0-0	0-0-0-0-0-0-0-0-0-0-0-0	0-0-0-0-0-0-0-0-0-0-0-0	0-0-0-0-0-0-0-0-0-0-0-0	0-0-0-0-0-0-0-0-0-0-0-0	0-0-0-0-0-0-0-0-0-0-0-0	0-0-0-0-0-0-0-0-0-0-0-0	0-0-0-0-0-0-0-0-0-0-0-0	0-0-0-0-0-0-0-0-0-0-0-0	0-0-0-0-0-0-0-0-0-0-0-0
310	1	1-1-1-1-1-1-2-1-1-2-1-1	2-0-3-0-1-2-1-2-2-2-0-2	1-0-2-1-0-2-1-0-0-0-0-1	2-0-0-1-0-0-0-0-0-0-0-1	0-0-0-0-0-1-2-2-0-1-0-1	1-0-0-5-0-1-0-0-1-1-0-0	0-0-1-8-0-2-0-1-1-1-0-0	1-0-0-0-1-2-2-0-1-2-0-1	1-0-2-0-5-0-2-0-0-2-1-0	1-8-0-0-0-0-0-1-2-6-7-0	1-0-8-0-0-1-1-1-1-1-1-0	4-1-1-8-1-0-1-1-0-1-0-0
310	2	2-2-2-1-2-1-2-1-2-1-1-2	1-2-2-2-1-1-1-3-1-1-3-1	4-2-3-3-3-3-3-3-0-2-3-2	3-3-1-3-3-3-0-5-2-0-2-0	3-0-8-3-6-2-3-3-0-2-2-3	3-3-3-2-2-5-3-2-2-2-3-3	4-2-1-0-2-1-2-3-1-1-4-3	1-3-3-3-2-1-1-2-2-2-3-0	1-0-1-2-3-0-1-0-1-2-3-2	3-4-2-5-3-3-7-1-7-0-0-3	0-2-0-0-4-1-0-0-0-2-2-2	1-2-6-1-1-2-2-0-3-3-1-3
310	3	3-4-2-3-4-3-4-3-3-3-3-3	1-3-1-2-3-1-1-4-3-4-2-2	0-2-2-2-2-6-2-4-0-4-2-2	4-4-4-4-2-5-4-2-2-3-5-0	2-0-2-2-4-3-4-4-4-3-5-2	4-5-5-1-3-2-2-4-3-3-3-2	2-3-3-0-4-1-3-4-3-3-4-4	3-2-2-4-2-3-3-4-3-3-3-0	3-6-4-3-2-3-3-4-5-3-2-3	4-2-1-4-2-2-4-3-4-4-3-2	6-3-3-0-3-3-0-3-5-4-3-3	1-3-5-1-1-3-2-3-2-2-1-2
310	4	4-4-4-4-4-4-5-4-4-6-4-4	5-5-4-2-5-4-6-3-3-3-2-6	2-4-3-2-2-3-5-5-5-3-5-5	3-3-3-3-2-3-6-2-5-3-3-2	4-0-2-2-3-6-3-6-3-4-8-2	3-3-3-1-3-2-5-4-4-4-2-4	2-2-4-0-3-5-4-5-4-4-3-5	4-2-5-3-2-1-4-3-3-4-3-1	4-0-3-3-8-3-1-3-4-3-2-4	5-2-4-4-5-5-3-4-3-3-0-2	3-6-4-0-5-3-0-3-3-3-5-3	1-3-3-1-1-4-2-4-1-2-4-4
310	5	5-5-4-4-4-5-4-6-4-6-5-5	6-4-6-1-4-6-4-6-6-3-4-6	2-5-4-2-2-3-4-7-6-3-6-4	3-3-6-6-2-3-6-2-6-6-3-0	4-0-0-6-3-4-6-5-6-1-3-2	2-3-3-1-5-2-6-6-5-5-7-4	2-6-4-0-3-4-6-6-6-8-1-4	4-2-4-3-4-0-7-6-3-4-3-1	4-7-6-3-1-3-7-3-6-5-5-4	4-2-5-2-5-4-6-5-6-3-0-2	5-4-10-7-4-5-0-3-3-4-4-3	1-5-3-10-1-4-2-4-1-7-4-5
310	6	5-5-6-6-6-5-6-5-7-5-5-5	5-4-5-9-7-5-4-7-7-5-7-7	7-7-7-7-7-3-7-7-7-5-5-7	7-3-7-7-7-7-5-6-5-5-3-2	6-0-2-5-3-4-7-7-5-7-7-7	7-7-7-1-5-7-5-5-5-5-7-2	2-5-4-0-3-4-5-7-5-8-7-6	4-6-2-7-4-7-5-5-3-10-6-0	7-3-5-4-1-3-0-7-6-6-7-8	4-2-10-6-7-5-6-5-5-1-7-6	3-4-5-8-6-5-0-7-7-7-7-4	1-6-6-6-1-6-4-1-7-6-4-5
310	7	7-8-8-7-7-7-7-7-8-7-8-7	5-8-8-6-6-8-8-6-6-3-6-8	2-6-6-6-6-3-6-5-6-8-8-6	6-7-6-6-6-6-5-6-8-5-7-0	6-0-2-6-9-8-6-6-8-7-6-6	7-6-6-1-7-6-8-7-8-7-6-7	2-7-7-0-7-7-8-6-5-7-6-6	7-8-8-8-7-1-8-9-3-7-6-0	6-3-3-8-1-6-7-6-10-6-6-9	3-2-7-6-6-10-2-5-2-1-1-2	3-4-5-6-6-9-9-6-6-6-6-4	1-6-6-6-1-6-2-7-6-6-10-7
310	8	8-7-7-8-7-7-7-8-7-9-7-7	7-7-7-10-8-4-8-8-10-7-6-10	8-9-9-9-8-8-8-8-9-7-7-8	9-8-7-6-6-9-8-6-7-9-9-10	6-9-8-8-8-7-7-7-7-8-6-9	9-6-6-8-8-10-7-7-7-5-0-9	8-6-7-1-8-1-5-8-3-7-8-7	8-7-7-7-4-9-7-6-3-8-9-8	8-8-7-7-3-0-1-6-8-3-2-6	1-10-8-9-6-7-5-5-8-8-8-2	1-4-1-6-7-8-8-8-8-8-6-3	1-6-8-1-1-4-2-9-8-8-8-2
310	9	10-10-10-10-10-10-10-10-10-10-10-10	10-7-10-10-10-10-10-10-10-10-10-10	9-8-10-10-9-10-9-9-10-9-10-9	8-8-10-9-8-8-9-6-9-9-8-8	10-8-9-8-7-9-10-9-7-9-6-9	9-9-7-10-8-10-7-8-9-9-7-8	10-9-9-10-9-9-5-9-9-7-10-10	10-7-8-10-4-10-9-7-9-9-8-8	10-8-9-7-10-9-10-9-7-10-9-7	9-9-7-10-9-7-10-10-9-8-8-10	10-4-9-8-9-10-10-8-8-10-6-9	10-6-9-9-10-9-9-8-9-9-9-10
310	10	10-9-9-9-10-9-9-9-10-9-10-9	9-9-9-9-9-9-9-9-9-10-9-9	9-9-10-9-10-9-10-9-9-10-9-10	10-10-9-10-10-10-9-6-10-10-10-8	6-8-10-10-10-10-9-10-5-9-6-6	10-10-10-9-10-8-10-10-10-10-10-10	9-10-10-10-9-10-10-9-10-10-9-9	10-10-7-10-10-9-7-6-9-9-9-8	9-10-3-10-9-10-10-6-10-9-9-4	9-10-10-10-10-5-9-9-10-10-10-10	9-4-5-9-10-9-8-9-10-9-10-3	9-9-10-5-9-10-10-8-9-10-7-9
311	0	0-0-0-0-0-0-0-0-0-0-0-0	0-0-0-0-0-0-0-0-0-0-0-0	0-0-0-0-0-0-0-0-0-0-0-0	0-0-0-0-0-0-0-0-0-0-0-0	0-0-0-0-0-0-0-0-0-0-0-0	0-0-0-0-0-0-0-0-0-0-0-0	0-0-0-0-0-0-0-0-0-0-0-0	0-0-0-0-0-0-0-0-0-0-0-0	0-0-0-0-0-0-0-0-0-0-0-0	0-0-0-0-0-0-0-0-0-0-0-0	0-0-0-0-0-0-0-0-0-0-0-0	0-0-0-0-0-0-0-0-0-0-0-0
311	1	1-1-1-0-1-0-1-1-1-1-1-1	1-0-0-1-1-0-1-1-1-1-0-0	1-2-1-0-1-0-2-0-0-0-0-1	2-2-1-1-1-2-0-1-0-0-0-1	1-6-9-0-3-0-0-1-0-1-1-1	0-2-0-1-0-1-0-1-0-0-0-1	3-0-0-7-1-0-0-1-1-1-1-1	1-0-1-1-1-2-0-0-0-1-1-0	0-1-1-1-0-1-9-1-0-1-0-0	1-1-0-0-0-0-0-0-1-4-9-0	6-0-1-0-1-0-1-1-6-1-0-1	1-1-1-1-1-1-0-1-0-0-0-0
311	2	2-2-2-2-2-2-2-2-2-2-2-2	3-3-2-3-3-3-3-2-2-2-3-2	2-1-2-3-4-3-3-3-3-3-8-2	3-3-4-3-1-1-3-1-3-3-2-1	5-2-2-4-2-2-3-2-3-3-5-1	5-1-3-3-2-5-2-3-2-2-15-1	2-3-3-2-3-2-3-3-2-4-2-3	2-2-3-2-2-1-4-3-2-2-2-9	2-3-3-2-3-4-2-1-4-4-2-3	3-12-3-3-3-2-3-2-1-7-3-2	3-4-2-2-8-3-3-2-2-2-4-3	3-3-3-2-8-5-4-3-2-5-0-6
311	3	2-2-2-2-2-2-2-2-2-2-2-4	2-2-2-5-2-2-2-3-2-2-4-4	3-3-4-4-5-2-4-4-2-2-2-3	4-2-2-4-4-4-2-4-2-2-4-1	6-3-4-3-1-4-4-4-2-2-2-4	2-4-4-2-3-2-4-2-2-2-0-7	3-2-2-1-2-2-2-4-2-2-4-5	2-4-4-4-4-1-2-2-2-14-4-2	2-2-2-3-2-2-4-1-2-3-4-2	2-2-2-2-4-3-5-2-8-2-1-4	2-2-2-2-2-2-2-2-1-2-2-2	2-2-2-1-2-2-9-2-2-2-0-2
311	4	2-2-2-3-2-2-2-2-2-2-2-3	2-2-2-3-2-2-2-7-3-6-3-3	7-5-3-3-3-7-5-3-2-7-5-3	3-5-2-3-3-3-2-3-2-4-3-1	3-3-3-3-6-3-5-3-4-4-2-3	11-3-5-11-4-6-5-2-4-4-11-4	6-4-7-4-5-4-2-3-4-2-3-7	4-3-3-3-3-2-2-5-11-2-3-2	4-9-4-4-4-2-3-5-2-2-3-8	5-4-4-2-3-3-4-2-1-1-4-3	11-2-2-2-4-4-7-5-5-4-2-4	6-5-5-4-4-2-2-2-2-2-4-2
311	5	4-5-6-5-5-2-2-2-5-5-5-2	2-7-2-3-2-2-3-6-3-4-3-6	4-5-3-3-3-4-6-6-2-4-6-5	3-4-4-3-3-3-2-3-6-7-4-1	2-1-1-3-4-6-6-6-4-3-2-3	2-4-4-4-4-2-6-3-4-5-12-5	4-4-5-1-4-5-7-6-5-2-3-6	2-3-2-6-6-2-2-4-4-2-2-2	4-5-4-4-4-2-4-4-10-6-5-6	4-4-6-7-5-6-3-5-6-2-4-5	4-4-2-2-2-6-2-4-4-6-2-4	4-4-4-1-1-2-2-2-0-2-0-2
311	6	6-7-5-7-6-6-6-2-2-3-6-2	2-7-8-3-2-6-3-7-3-4-3-5	3-6-3-3-3-4-5-5-8-4-5-7	4-4-7-3-3-3-9-3-7-5-4-1	3-1-1-7-4-5-7-6-7-3-2-3	2-4-4-2-6-4-7-7-6-6-10-4	4-10-7-1-5-4-6-7-5-14-3-5	9-3-5-7-5-1-7-7-4-6-2-2	4-4-7-4-5-4-1-1-5-8-8-5	7-4-6-2-6-5-7-11-5-2-4-10	1-2-6-7-2-5-2-4-1-5-2-4	4-4-1-1-1-2-3-9-7-2-0-2
311	7	6-6-8-5-9-6-2-5-7-2-6-6	2-5-6-10-2-2-4-6-8-4-8-8	8-7-9-9-8-4-8-8-7-4-6-8	8-8-6-8-8-8-2-8-6-5-4-1	8-9-1-8-4-5-8-8-6-3-8-8	8-8-4-2-11-8-6-6-4-6-4-3	7-6-6-1-4-4-5-6-5-2-9-8	2-8-2-6-8-7-6-10-4-3-7-2	4-4-6-4-10-2-1-8-5-8-5-6	5-4-4-5-8-8-7-6-5-2-4-8	4-4-6-6-6-7-4-4-4-2-2-4	4-7-7-1-4-2-3-2-6-7-0-2
311	8	8-8-8-8-7-10-8-8-8-9-8-8	8-12-11-7-9-2-2-6-7-4-7-7	7-8-7-3-7-10-9-7-6-10-9-7	7-7-7-7-7-7-10-7-9-5-10-1	7-1-3-7-4-9-9-7-8-8-7-7	7-7-10-8-10-7-9-8-4-8-7-8	4-8-8-1-9-8-6-9-5-2-7-9	8-7-8-7-7-8-10-13-4-10-7-2	7-8-4-4-5-8-2-7-9-6-7-8	8-4-9-9-7-9-3-6-9-7-4-9	4-2-6-6-2-6-4-4-4-2-2-4	9-7-7-1-2-2-3-2-6-2-8-10
311	9	10-12-8-9-7-8-9-9-9-8-2-9	10-8-8-7-8-9-9-11-9-8-11-10	7-8-7-7-10-7-8-7-10-8-8-10	9-9-12-14-7-7-6-7-10-10-8-1	7-7-1-10-4-8-8-7-8-8-10-7	7-7-8-2-8-7-8-8-4-9-14-9	4-8-11-1-8-8-11-10-9-2-7-8	2-8-8-8-6-1-8-7-4-9-17-2	4-4-4-4-5-9-1-10-8-9-7-10	4-4-8-10-7-8-9-6-9-2-1-8	4-2-6-10-10-9-3-4-4-1-9-4	8-7-7-1-4-2-3-6-6-7-0-9
311	10	9-10-8-15-10-8-10-2-8-8-2-13	9-8-8-7-2-13-11-10-11-10-9-14	14-11-11-7-9-11-9-11-9-8-9-9	11-11-11-9-7-10-8-7-9-9-8-11	7-11-13-9-11-8-11-11-8-10-9-14	15-10-8-11-8-7-9-8-9-9-6-7	10-8-8-11-8-12-9-9-6-2-11-7	2-3-11-10-6-11-8-7-4-8-11-10	4-11-11-4-13-2-11-11-5-2-8-9	10-4-4-9-7-8-6-6-10-11-11-7	10-2-6-9-9-17-11-11-11-7-2-4	10-7-13-10-10-2-2-10-6-2-0-8
311	11	14-8-13-15-10-8-12-17-8-11-13-11	9-8-8-12-12-10-10-9-10-10-12-12	10-10-10-12-13-10-12-10-9-12-9-9	10-10-10-9-13-12-8-7-12-10-11-10	15-10-1-13-10-11-10-11-10-11-9-15	4-12-12-4-8-7-11-11-9-8-4-12	13-8-9-10-8-11-13-10-13-8-10-4	2-12-10-11-12-10-8-12-4-11-10-2	4-10-10-9-17-2-10-10-11-12-12-9	10-11-8-5-15-12-9-6-10-10-10-12	4-2-6-9-2-11-10-10-10-2-2-4	10-9-10-10-4-2-11-2-6-2-0-8
311	12	13-9-11-15-12-17-11-2-8-12-11-13	9-8-8-11-11-14-13-13-13-10-13-11	12-13-13-11-11-10-13-13-13-11-13-13	13-12-10-12-11-11-12-10-11-9-11-12	11-13-12-11-14-11-13-13-12-12-11-12	13-13-11-12-12-17-12-11-12-12-12-12	12-9-12-12-12-12-11-13-12-12-13-13	16-11-16-11-11-13-8-11-12-12-12-15	12-12-13-13-11-12-12-12-13-11-11-11	14-13-12-13-12-11-6-9-10-14-12-11	13-12-6-6-9-14-13-12-14-4-2-4	8-8-12-10-14-2-11-12-13-12-15-8
311	13	14-13-13-13-13-14-13-13-13-13-11-13	9-13-14-11-11-15-12-12-12-15-12-14	12-12-12-11-11-10-14-12-12-14-14-12	12-12-13-9-11-11-14-7-14-13-14-12	11-12-10-11-12-14-12-12-14-12-9-12	12-12-11-12-12-12-14-13-13-13-9-13	11-16-9-13-12-13-11-12-13-13-12-13	12-11-11-13-11-12-14-8-12-13-12-12	13-12-12-13-10-14-12-12-12-13-11-14	10-12-13-17-12-11-16-14-10-12-12-11	12-14-14-6-9-15-12-12-12-4-2-10	10-7-10-10-12-13-11-15-14-14-13-16
311	14	13-13-17-14-13-13-14-13-13-15-14-15	15-13-13-15-13-15-15-14-13-11-16-13	10-15-12-11-11-10-15-12-15-13-13-14	15-15-15-9-15-15-13-7-13-16-13-15	11-12-15-11-12-13-15-15-13-12-9-10	15-15-15-12-8-12-13-15-13-9-9-15	15-13-16-14-15-12-5-15-13-6-15-15	12-11-12-15-15-10-8-17-15-3-14-12	12-12-15-15-13-13-13-15-13-12-14-13	12-15-14-15-15-14-14-13-10-12-15-11	12-13-6-9-9-12-12-14-12-15-15-12	10-15-10-14-12-2-14-2-13-12-13-13
311	15	15-16-15-17-15-16-13-15-13-14-15-14	14-16-15-11-15-14-14-16-16-13-14-14	12-14-12-11-11-15-14-14-14-16-16-15	14-14-14-9-14-14-16-7-16-13-16-14	11-12-14-11-12-16-14-14-16-12-9-14	14-14-14-12-15-12-16-14-15-15-2-14	14-9-16-14-14-15-16-14-13-15-14-14	12-14-12-14-14-10-16-13-14-15-10-12	15-12-14-14-10-9-15-14-12-16-14-13	14-14-16-14-14-14-14-13-14-12-14-11	12-13-16-6-9-15-12-14-14-14-14-15	10-14-10-14-12-2-14-15-12-15-13-15
311	16	15-15-15-14-16-15-15-17-13-17-14-15	17-15-15-17-16-16-14-17-15-17-14-17	12-16-17-17-11-12-15-17-17-15-15-16	14-16-17-17-14-14-15-7-15-14-15-14	11-12-15-10-13-15-17-14-15-16-15-16	14-14-14-12-16-12-15-14-15-15-0-17	15-13-14-16-15-16-15-15-10-15-12-14	12-15-12-14-14-14-15-11-14-11-16-16	17-12-15-16-16-12-16-16-12-15-14-10	16-15-16-14-15-14-15-17-14-13-12-11	16-13-15-6-16-16-16-16-12-17-15-12	8-15-12-13-16-2-15-16-16-16-16-15
311	17	17-17-17-17-17-17-17-17-17-16-17-17	16-15-17-16-17-17-16-16-15-17-16-16	15-16-16-16-17-17-17-17-16-17-17-15	16-17-16-16-17-17-15-17-15-17-17-12	17-12-17-17-12-17-16-17-15-17-11-12	17-17-14-17-17-12-15-17-17-17-17-16	14-17-17-17-13-17-13-16-17-17-10-16	17-17-11-16-17-12-8-14-14-17-16-12	16-17-4-17-11-17-17-12-17-2-14-13	10-17-17-13-17-14-17-16-17-17-17-17	12-17-17-17-9-10-12-17-17-16-17-17	17-17-17-10-16-17-17-16-17-17-13-15
312	0	0-0-0-0-0-0-0-0-0-0-0-0	0-0-0-0-0-0-0-0-0-0-0-0	0-0-0-0-0-0-0-0-0-0-0-0	0-0-0-0-0-0-0-0-0-0-0-0	0-0-0-0-0-0-0-0-0-0-0-0	0-0-0-0-0-0-0-0-0-0-0-0	0-0-0-0-0-0-0-0-0-0-0-0	0-0-0-0-0-0-0-0-0-0-0-0	0-0-0-0-0-0-0-0-0-0-0-0	0-0-0-0-0-0-0-0-0-0-0-0	0-0-0-0-0-0-0-0-0-0-0-0	0-0-0-0-0-0-0-0-0-0-0-0
312	1	1-2-1-1-1-1-1-1-2-2-1-1	2-2-2-2-2-2-1-2-2-2-2-2	1-2-1-1-0-1-1-2-1-2-1-1	2-2-2-2-2-1-2-1-0-0-2-1	2-2-1-0-0-0-2-1-0-1-1-1	1-2-2-1-2-2-2-1-2-2-2-1	2-0-1-1-1-1-0-0-0-2-2-2	1-1-1-1-2-1-2-2-1-1-2-2	1-1-2-1-1-1-1-0-2-1-1-0	1-1-1-5-1-1-2-1-1-1-1-2	1-2-2-0-0-1-1-1-1-1-0-1	1-0-1-1-1-1-1-1-1-1-1-2
312	2	1-1-1-1-1-1-1-1-1-1-1-1	1-1-1-1-1-1-1-1-1-1-1-1	2-3-3-1-0-1-1-1-1-1-2-0	3-1-1-1-1-3-1-1-0-0-1-12	1-1-7-0-2-0-1-2-1-2-15-0	1-1-1-1-1-1-1-1-1-1-1-2	7-0-0-12-1-4-0-0-0-1-1-1	1-1-3-2-1-2-1-1-2-2-1-1	4-4-1-0-1-1-4-7-1-2-1-0	2-2-2-4-0-1-1-1-2-8-4-1	1-1-1-0-0-2-1-1-4-2-2-2	2-0-2-2-2-2-1-2-1-1-2-1
312	3	3-4-3-3-3-4-4-4-4-3-4-3	4-4-4-6-4-4-4-4-4-4-4-4	2-4-4-5-4-5-3-4-5-4-4-3	4-4-4-4-3-2-4-5-4-4-3-2	7-3-2-4-4-3-4-3-4-3-5-3	6-2-4-3-3-2-3-5-3-3-13-3	2-3-4-2-3-3-5-3-3-4-3-4	9-3-6-2-3-2-5-4-3-3-4-4	3-2-4-3-4-5-2-4-5-5-3-11	4-3-3-5-3-3-3-10-2-2-3-3	3-4-7-3-4-3-3-3-2-3-5-3	1-2-3-2-1-4-5-4-4-7-4-6
312	4	3-3-3-3-3-3-3-3-3-3-3-3	3-3-3-5-3-3-3-3-3-3-3-3	6-3-3-3-6-3-5-3-3-3-3-5	5-3-3-3-5-5-3-5-3-3-5-2	6-2-2-5-3-3-3-5-3-3-3-4	5-2-3-3-3-7-4-3-3-3-8-3	5-3-3-2-4-2-3-3-3-3-8-4	3-4-3-4-4-2-3-5-2-3-5-3	2-2-3-4-3-3-2-6-3-4-4-3	3-1-3-3-8-5-4-3-7-2-2-5	4-3-3-3-3-3-7-2-2-4-3-3	2-4-2-2-1-3-4-3-3-4-3-3
312	5	3-3-3-3-3-3-3-3-3-3-3-3	3-3-3-4-3-3-3-3-3-6-4-5	4-6-4-3-4-10-4-6-3-7-6-4	4-6-3-3-4-4-3-4-3-5-4-2	4-5-4-4-6-5-6-4-5-5-3-4	4-6-7-3-5-7-6-3-5-5-14-5	4-5-5-5-6-5-3-6-5-1-4-6	5-4-5-6-4-2-3-7-10-3-4-3	5-10-8-5-5-3-2-5-3-3-4-6	6-5-5-3-4-4-5-3-2-2-5-4	5-3-3-3-4-5-6-11-5-6-3-5	1-6-2-2-5-3-3-3-4-4-4-1
312	6	3-6-6-3-3-3-7-3-3-3-3-3	3-3-7-4-3-3-3-7-3-5-3-7	4-5-4-3-4-5-7-8-3-8-7-7	5-5-7-5-4-4-3-4-7-7-8-2	4-2-2-4-5-8-5-5-5-9-3-4	3-5-5-3-5-3-7-7-5-6-15-5	4-7-3-2-5-5-5-7-5-5-4-5	3-4-3-5-4-2-6-5-7-6-3-3	5-2-5-5-5-3-2-5-7-4-7-7	5-1-3-8-4-4-7-3-1-2-5-7	5-5-3-3-7-3-5-5-2-7-3-7	1-5-2-2-1-3-4-3-10-5-6-3
312	7	8-3-7-3-3-9-7-3-9-3-3-8	3-8-6-4-3-3-3-9-3-5-3-6	4-7-4-4-8-5-6-9-3-5-8-6	5-6-8-8-4-4-3-4-8-6-6-2	4-2-2-3-5-6-7-7-8-3-3-4	3-2-5-3-7-4-8-6-7-7-7-5	2-5-7-2-5-5-8-6-13-7-4-3	3-5-3-6-4-2-10-5-6-3-3-3	3-5-6-5-7-3-3-2-6-7-6-6	10-1-3-6-4-7-6-3-4-2-5-6	5-3-3-3-6-3-3-5-2-6-3-6	1-5-2-2-1-7-4-3-6-7-8-11
312	8	7-3-7-3-3-9-3-3-7-3-3-7	3-6-6-4-3-9-3-7-9-10-12-9	4-8-4-4-7-11-9-6-7-6-7-8	9-6-7-9-4-4-3-9-7-6-6-2	9-4-2-10-5-6-9-7-7-6-9-4	12-11-5-3-7-5-7-9-7-8-12-9	4-5-7-2-5-5-7-7-8-7-4-5	3-4-8-8-9-2-7-10-5-10-4-3	5-2-5-8-5-10-2-9-8-9-8-8	2-1-8-6-4-15-13-3-4-2-5-4	8-3-7-3-3-9-9-5-2-5-10-5	9-10-8-2-5-8-8-8-6-4-7-7
312	9	3-10-10-9-10-7-7-3-7-11-11-8	3-10-7-3-3-8-11-7-8-8-10-8	4-9-11-11-10-11-10-11-11-11-8-10	8-10-10-8-12-12-3-11-8-10-6-4	8-5-4-10-5-6-8-7-10-12-8-4	5-4-8-10-9-2-8-8-9-9-4-8	2-14-9-2-5-5-8-8-9-14-4-8	3-9-10-8-8-2-7-5-5-9-8-3	5-2-5-5-5-8-1-8-8-8-9-8	10-1-9-6-4-8-7-14-5-2-5-6	5-3-3-3-7-8-9-5-2-5-8-5	8-5-8-2-1-8-9-8-6-4-7-3
312	10	9-11-11-9-9-11-11-11-11-9-9-11	3-9-3-11-3-11-12-15-12-8-11-11	5-10-11-9-9-5-9-9-12-9-8-9	11-11-9-11-13-11-3-12-9-6-6-2	12-2-2-9-5-6-11-11-8-10-11-11	5-11-11-9-9-14-11-8-9-9-5-11	5-12-9-2-11-10-8-11-9-15-5-5	3-10-9-11-8-2-7-8-5-11-8-3	5-5-5-11-13-8-15-5-8-8-11-8	9-5-3-6-11-8-12-3-10-2-2-10	5-3-3-3-3-10-11-5-5-5-8-5	3-8-7-2-5-3-9-3-6-10-7-7
312	11	14-11-10-11-11-10-11-10-11-11-9-11	12-13-12-10-12-10-10-12-10-12-10-12	4-11-10-9-9-9-12-9-9-11-12-12	10-12-12-10-10-10-12-10-12-12-12-2	10-2-2-10-5-13-10-10-12-9-10-10	1-10-13-12-11-10-12-12-11-11-3-11	2-13-11-2-13-11-13-12-9-11-3-8	12-10-9-12-10-2-14-12-5-10-3-3	3-5-12-10-7-8-2-12-12-7-10-14	12-1-11-11-4-12-4-13-10-2-2-12	5-3-3-15-3-3-10-5-2-5-8-5	14-8-8-2-1-3-10-11-11-10-7-12
312	12	12-15-12-12-11-12-12-10-12-11-12-11	14-11-12-10-3-13-10-11-10-11-10-11	15-12-10-9-10-13-11-13-13-14-13-11	12-13-11-12-10-10-13-10-14-11-11-2	10-2-2-14-5-12-13-12-13-9-10-10	8-10-11-11-13-5-13-11-12-12-8-11	2-13-12-2-11-12-12-11-9-9-1-12	11-10-9-11-12-2-11-11-5-14-1-3	3-2-11-10-12-8-2-11-11-12-7-11	11-1-3-6-4-11-4-13-4-2-15-11	12-8-3-14-14-12-1-5-2-4-8-5	14-4-8-2-2-11-8-11-13-10-11-11
312	13	12-13-13-15-13-15-15-15-12-15-15-15	15-11-11-10-14-14-10-14-14-14-10-14	14-14-14-9-13-14-12-14-15-14-12-14	14-14-14-15-10-10-14-10-12-14-12-15	10-14-13-12-14-11-12-10-12-9-13-13	14-14-11-13-12-15-12-8-12-12-1-10	2-11-11-14-11-14-12-11-9-15-13-12	3-10-14-11-10-13-11-10-5-13-14-13	13-14-13-10-10-8-14-13-8-13-10-8	13-1-8-13-4-12-7-12-14-13-13-10	13-3-13-12-12-15-14-13-14-13-8-5	13-8-13-13-13-13-9-13-12-13-6-11
312	14	15-14-15-15-14-15-15-14-15-15-14-15	14-11-12-10-13-13-14-13-13-8-15-15	13-13-13-15-14-13-13-13-13-12-6-13	13-13-13-15-14-14-13-10-12-13-14-2	14-13-2-12-13-14-15-14-13-9-14-14	13-14-15-14-12-14-14-14-9-12-5-15	14-11-11-13-14-14-11-15-9-9-14-14	14-14-13-14-14-13-11-15-5-13-14-3	5-13-13-14-15-8-13-14-8-14-14-8	13-14-14-13-14-14-14-9-13-13-14-10	13-14-14-12-12-14-13-13-13-14-8-14	12-8-13-14-14-13-9-13-6-11-6-11
312	15	15-15-15-15-15-15-14-15-15-14-15-15	13-11-15-13-15-13-14-10-13-15-14-14	12-12-15-14-15-15-15-13-13-15-15-15	13-15-14-14-15-15-13-15-12-15-15-13	14-13-15-15-15-15-14-15-12-15-14-13	15-15-14-15-15-13-15-15-15-15-15-15	14-15-15-15-11-15-8-14-15-13-14-12	15-15-10-11-15-15-15-14-14-13-13-15	5-15-15-15-14-15-15-14-15-8-14-8	13-15-15-15-15-8-15-12-15-15-15-15	15-3-15-15-7-13-13-15-15-15-15-15	15-15-15-13-1-15-15-13-15-15-15-3
313	0	0-0-0-0-0-0-0-0-0-0-0-0	0-0-0-0-0-0-0-0-0-0-0-0	0-0-0-0-0-0-0-0-0-0-0-0	0-0-0-0-0-0-0-0-0-0-0-0	0-0-0-0-0-0-0-0-0-0-0-0	0-0-0-0-0-0-0-0-0-0-0-0	0-0-0-0-0-0-0-0-0-0-0-0	0-0-0-0-0-0-0-0-0-0-0-0	0-0-0-0-0-0-0-0-0-0-0-0	0-0-0-0-0-0-0-0-0-0-0-0	0-0-0-0-0-0-0-0-0-0-0-0	0-0-0-0-0-0-0-0-0-0-0-0
313	1	1-1-1-1-1-1-1-1-1-1-1-1	1-1-2-1-1-1-2-1-1-1-1-2	1-0-2-2-2-2-2-2-2-2-2-1	2-0-2-2-1-2-0-2-1-2-2-0	2-1-1-2-0-1-1-2-0-1-1-2	2-2-2-1-2-0-2-2-1-1-2-2	1-1-1-1-0-1-1-2-1-1-2-2	2-1-1-1-1-2-1-1-1-0-2-0	0-0-0-1-2-1-0-0-2-1-2-1	2-1-1-2-2-2-3-1-6-0-2-2	0-1-1-0-2-5-0-0-0-1-1-1	0-1-1-0-2-1-1-0-2-0-2-1
313	2	2-2-1-2-2-1-2-1-1-2-2-1	3-2-1-1-2-1-1-3-2-3-1-3	0-3-1-1-1-3-1-1-1-3-3-3	3-3-1-1-1-1-3-1-1-1-3-0	1-2-1-1-3-1-3-3-2-2-4-1	3-1-4-9-3-0-3-1-2-2-9-1	4-2-2-2-3-2-2-3-2-3-1-9	1-1-3-3-1-1-3-3-2-3-4-2	2-5-2-2-1-3-2-3-1-2-1-3	1-4-2-1-1-1-1-2-0-3-2-1	2-9-2-0-1-2-0-2-2-3-2-2	0-2-1-2-1-2-1-2-2-0-1-1
313	3	3-3-3-3-3-3-3-3-3-3-3-3	2-3-3-1-2-1-1-2-2-2-1-2	1-2-1-1-1-2-4-1-1-2-4-4	2-2-4-2-1-1-2-1-4-3-2-0	1-0-0-3-2-4-2-2-2-3-2-1	2-2-2-2-2-0-2-3-2-3-10-3	2-3-3-2-2-3-3-2-3-4-2-2	3-1-2-2-1-1-3-2-2-3-11-2	2-3-4-2-3-2-0-2-4-1-5-2	4-2-3-4-1-2-1-3-1-2-2-2	4-2-2-3-3-3-0-2-2-2-4-2	3-2-1-4-3-2-1-0-3-9-3-10
313	4	4-4-4-4-4-4-4-4-4-4-4-4	5-5-4-4-4-4-5-6-1-2-1-5	1-4-1-1-5-1-5-4-5-5-5-3	2-5-3-1-1-2-5-1-5-5-2-0	1-0-0-1-2-3-5-4-5-0-2-1	2-2-2-0-4-1-5-3-4-4-6-1	2-1-3-0-2-4-5-5-4-3-1-2	3-1-2-3-1-1-4-2-2-4-2-8	4-2-3-2-0-2-0-3-3-5-3-5	3-2-4-3-1-5-8-4-4-2-8-1	3-7-4-4-5-1-0-5-2-2-3-2	9-2-1-3-1-2-1-7-4-3-5-3
313	5	6-5-4-4-4-7-5-6-6-4-4-4	4-4-3-5-4-4-6-4-7-2-7-4	5-6-7-6-7-6-6-5-4-4-4-6	6-6-5-7-7-7-4-8-4-4-2-5	6-6-6-6-2-3-6-6-4-7-8-6	6-7-7-5-4-1-6-7-5-4-6-6	6-4-3-6-2-7-4-4-2-5-6-5	2-6-3-6-2-6-4-6-2-7-5-3	2-2-2-6-5-5-6-5-5-4-3-4	5-6-5-5-6-4-5-4-5-7-5-1	7-2-5-3-4-1-3-4-6-5-5-2	4-5-5-5-6-5-1-5-4-7-4-5
313	6	6-6-6-6-6-6-5-6-6-6-6-6	5-9-7-7-6-6-5-4-5-6-5-5	11-5-5-5-5-5-5-5-5-6-7-5	5-5-5-5-5-5-6-5-7-7-6-5	5-5-5-5-8-7-5-5-6-5-6-5	5-5-5-6-6-0-5-6-6-6-5-5	5-6-6-5-6-6-6-7-6-7-5-2	6-7-7-7-7-5-9-5-2-6-5-2	5-7-7-7-6-6-5-7-7-4-7-7	7-5-6-3-5-7-5-4-7-2-5-7	5-6-11-7-11-7-8-8-5-7-7-2	4-5-5-5-5-5-7-6-6-6-10-6
313	7	7-7-7-7-7-6-7-6-6-6-7-7	7-6-6-6-6-7-10-7-5-6-5-8	8-5-5-5-5-8-6-5-8-8-6-7	5-5-8-5-5-5-8-1-8-8-8-5	5-0-5-5-8-6-6-6-8-5-5-5	8-5-5-5-7-0-8-5-7-7-7-5	5-8-7-0-7-5-10-6-7-6-5-5	7-6-6-6-6-7-7-7-2-6-5-8	5-6-6-6-7-6-7-6-10-7-6-6	6-5-11-8-5-6-8-7-6-5-5-6	5-7-5-6-6-6-6-6-5-6-6-2	4-5-5-5-6-5-6-8-7-5-7-7
313	8	8-8-11-10-8-11-11-9-8-11-8-11	9-7-9-8-10-11-9-9-9-9-9-9	8-8-10-5-8-9-8-8-8-7-9-8	9-8-9-5-5-8-9-5-7-7-7-8	5-8-8-8-8-6-9-8-7-8-5-8	8-9-5-8-8-9-7-10-6-7-4-9	9-7-8-9-8-8-7-9-7-6-9-8	10-6-9-6-6-9-6-8-2-10-9-9	9-10-8-2-9-8-9-9-9-8-8-9	9-9-10-9-9-8-7-8-10-10-9-6	9-1-8-10-9-11-8-9-9-11-7-2	8-8-8-9-9-9-6-9-11-3-6-9
313	9	8-8-8-8-9-8-8-8-8-8-8-8	8-6-8-8-8-8-8-8-8-8-8-8	9-9-10-11-9-8-9-8-8-10-8-9	8-8-8-5-9-9-8-10-7-7-10-8	10-8-8-10-8-9-10-10-7-8-9-9	8-10-10-9-9-8-9-9-7-7-2-10	9-10-8-8-9-8-11-8-8-11-8-8	8-9-8-9-9-8-6-9-2-8-8-8	8-8-8-9-11-8-8-8-8-4-10-8	8-5-8-8-10-10-9-6-9-8-8-10	8-2-6-8-8-8-8-8-8-9-9-2	4-9-9-8-8-8-9-8-4-3-4-8
313	10	8-8-8-8-8-8-8-11-10-11-11-11	8-6-8-8-8-8-8-11-8-8-8-8	10-9-9-9-9-11-9-9-9-9-7-9	11-10-11-10-9-10-8-9-10-7-9-8	9-8-11-10-10-9-11-9-10-10-9-9	11-9-10-10-10-9-10-9-6-7-3-10	9-9-3-8-10-8-7-10-10-11-8-10	8-9-10-9-9-8-6-10-11-8-10-8	10-8-11-10-9-10-8-8-7-10-9-10	8-10-8-10-9-9-9-6-8-8-8-9	8-2-6-8-6-8-8-8-8-10-10-10	8-2-10-8-8-10-10-8-3-3-4-3
313	11	11-11-8-11-11-8-8-11-11-8-11-11	8-6-11-8-11-8-8-10-8-11-9-8	10-10-11-9-11-11-11-11-8-11-11-10	10-11-10-11-11-11-8-11-11-11-11-8	11-8-11-11-11-11-10-11-10-11-9-8	11-11-9-11-11-8-11-11-11-11-11-11	8-11-11-11-10-11-11-6-11-10-8-11	11-9-10-11-11-8-6-10-10-11-10-11	10-11-10-11-9-11-11-11-11-8-9-8	8-11-11-11-11-9-11-8-11-11-8-11	8-11-6-7-6-8-8-11-11-11-11-10	8-11-11-10-8-11-11-7-11-11-4-11
314	0	0-0-0-0-0-0-0-0-0-0-0-0	0-0-0-0-0-0-0-0-0-0-0-0	0-0-0-0-0-0-0-0-0-0-0-0	0-0-0-0-0-0-0-0-0-0-0-0	0-0-0-0-0-0-0-0-0-0-0-0	0-0-0-0-0-0-0-0-0-0-0-0	0-0-0-0-0-0-0-0-0-0-0-0	0-0-0-0-0-0-0-0-0-0-0-0	0-0-0-0-0-0-0-0-0-0-0-0	0-0-0-0-0-0-0-0-0-0-0-0	0-0-0-0-0-0-0-0-0-0-0-0	0-0-0-0-0-0-0-0-0-0-0-0
314	1	1-1-1-1-0-1-1-1-1-1-1-1	1-0-0-1-1-0-2-0-1-0-2-0	5-1-0-1-2-2-2-2-2-0-2-0	2-2-0-0-2-2-0-2-0-0-0-10	2-2-7-0-2-0-2-2-0-2-3-2	2-2-0-1-1-2-2-2-0-0-10-2	2-1-0-2-2-1-1-2-2-0-2-0	1-1-2-2-1-1-0-2-2-1-2-1	1-2-1-2-1-1-1-1-0-1-1-0	2-2-1-2-0-0-2-1-2-1-1-1	2-1-1-0-1-1-1-2-0-2-0-1	1-0-1-7-2-1-1-1-1-1-1-0
314	2	2-2-2-2-2-2-2-2-2-3-2-2	1-3-2-1-2-2-1-3-3-3-1-3	1-1-1-3-1-1-3-1-1-2-3-1	1-1-0-0-1-1-3-1-3-4-3-1	1-1-3-0-3-3-1-1-3-1-1-1	1-1-1-1-1-1-3-1-2-2-3-1	1-3-2-1-1-2-3-3-1-2-1-3	3-2-1-1-2-2-4-1-3-2-1-1	2-1-2-1-1-2-1-3-2-2-1-2	1-2-2-1-2-2-3-3-1-3-1-3	1-3-2-0-4-1-1-1-2-1-2-2	2-2-1-3-1-2-3-1-2-1-4-2
314	3	2-2-3-3-3-2-3-2-2-3-2-2	3-2-2-3-2-2-3-4-2-2-5-2	3-4-4-3-3-1-2-4-3-3-2-5	4-4-5-4-1-1-4-1-3-2-4-1	3-10-2-3-2-2-4-3-2-3-1-3	4-1-1-3-3-8-2-1-3-2-4-3	3-2-2-3-3-3-2-4-3-3-3-2	2-3-3-1-2-7-2-1-3-3-4-5	3-1-3-3-6-2-1-2-2-1-2-3	6-2-2-4-0-2-2-2-3-2-2-2	3-2-2-3-3-3-1-3-4-1-2-3	3-0-3-2-1-2-2-4-5-2-3-2
314	4	4-5-4-4-5-5-4-5-5-5-5-5	3-2-5-4-2-5-5-3-5-5-6-5	4-3-5-5-5-5-5-5-5-5-6-4	5-3-5-5-5-5-3-5-5-5-3-3	5-3-5-5-10-4-5-5-2-3-5-5	4-5-5-4-5-6-5-5-4-4-3-5	8-7-4-8-3-4-2-3-3-5-5-5	4-5-11-5-6-6-2-4-4-3-3-3	3-1-4-4-5-4-1-2-2-6-5-6	5-4-6-5-6-5-6-5-6-1-5-5	5-2-4-7-4-3-6-4-3-4-7-4	6-10-4-4-6-2-5-3-8-4-2-2
314	5	4-4-4-4-4-4-4-4-4-4-4-4	4-2-4-3-5-4-4-5-4-6-4-4	1-6-4-4-4-4-6-4-4-6-6-3	4-6-4-4-4-4-6-4-4-4-7-3	4-3-4-4-7-5-6-4-5-5-4-4	6-4-7-11-4-4-6-4-5-5-13-4	7-5-2-5-6-4-5-6-5-4-7-7	5-4-6-6-4-4-2-6-6-3-4-3	5-1-6-5-4-7-4-6-2-4-4-6	4-6-5-4-4-4-5-2-4-6-4-4	4-5-4-3-4-5-1-5-7-6-6-5	6-5-4-5-4-5-4-5-3-4-2-2
314	6	7-6-6-4-4-7-6-6-6-7-4-6	4-7-6-4-5-4-4-7-4-7-4-7	1-5-4-4-4-5-7-4-4-5-7-6	5-5-7-4-4-4-5-4-7-4-5-1	4-3-1-4-5-7-5-5-5-5-5-4	5-5-5-5-4-4-7-4-5-8-3-6	5-5-6-5-5-6-6-7-6-6-5-5	6-4-5-7-7-4-6-5-5-6-4-3	6-1-5-5-3-5-1-5-7-4-4-7	3-5-6-7-4-7-4-6-4-5-7-4	3-5-7-6-8-3-4-5-5-7-6-5	5-5-4-5-4-2-4-7-3-7-2-4
314	7	7-7-7-7-7-6-7-7-7-6-7-7	4-8-7-4-7-7-7-6-4-6-4-6	1-8-4-4-4-6-6-4-3-5-6-7	5-5-7-4-4-4-6-4-7-10-5-1	4-3-1-13-5-6-6-7-5-7-8-1	5-4-5-5-7-4-6-8-7-7-8-6	5-4-6-1-5-7-7-6-6-7-5-5	8-4-10-6-6-3-6-5-5-8-5-3	7-1-5-5-7-5-4-8-6-7-4-6	7-6-7-6-7-6-4-11-7-5-6-4	6-11-6-7-11-8-4-5-5-6-6-5	4-5-4-1-4-2-4-7-6-6-11-2
314	8	10-8-9-10-9-9-10-9-9-9-8-10	9-7-9-10-10-9-10-8-9-9-10-10	8-10-9-9-10-9-8-8-9-9-8-9	9-8-9-9-10-10-8-8-8-8-7-8	8-12-8-8-7-9-9-9-7-8-8-8	8-9-10-10-8-10-7-9-9-8-9-10	12-8-8-9-8-10-7-8-13-9-8-12	9-9-8-9-10-8-9-11-8-9-11-8	8-8-8-8-9-8-8-11-9-9-9-8	8-10-9-6-9-8-9-10-9-8-10-8	8-7-10-9-9-11-8-9-9-14-9-5	9-8-8-9-10-10-8-9-9-12-8-8
314	9	8-8-8-8-8-8-8-8-8-8-8-8	8-12-8-8-8-8-8-8-8-8-8-8	1-8-8-8-8-8-10-8-8-8-10-8	8-10-8-8-8-8-8-4-10-10-10-1	5-3-1-7-5-10-10-8-9-8-8-8	8-8-5-8-9-4-10-8-8-9-8-8	5-11-8-8-10-8-13-10-6-8-10-8	8-11-10-8-11-4-11-5-5-8-8-3	8-1-5-5-8-5-8-10-9-8-8-10	8-8-8-6-8-10-8-8-10-8-8-12	8-11-8-8-8-8-10-8-8-10-8-9	8-5-8-8-4-11-4-8-8-6-11-11
314	10	8-8-8-8-8-8-8-8-8-8-10-8	8-9-8-8-8-8-8-8-8-8-8-8	8-8-8-8-8-8-9-8-8-8-11-9	8-9-11-8-8-8-8-4-11-11-9-1	8-3-1-12-5-9-9-10-11-8-8-8	8-8-8-8-10-4-11-8-10-10-8-8	8-9-10-8-9-8-9-9-10-8-9-8	8-8-9-9-8-4-9-5-5-11-8-3	8-1-8-5-8-8-1-9-13-8-9-9	11-8-8-9-8-9-8-8-9-1-8-9	8-10-8-8-8-10-9-8-8-9-8-9	8-6-8-8-8-8-4-8-8-8-8-8
314	11	8-8-8-8-8-8-8-8-8-8-8-8	8-9-8-8-8-8-8-8-12-8-8-8	11-11-8-8-11-13-11-13-11-12-10-11	11-11-12-8-8-8-13-4-10-12-12-12	5-11-11-12-12-9-12-9-10-11-11-8	11-11-8-5-10-4-10-8-8-10-3-12	11-9-8-11-9-11-7-9-6-8-11-12	9-9-8-8-9-11-9-8-11-10-8-3	11-11-14-5-5-4-13-8-6-8-9-9	11-11-11-9-8-8-8-8-11-13-8-4	11-9-6-6-8-14-13-8-8-8-11-11	8-5-11-11-11-9-11-8-2-6-9-9
314	12	8-14-8-8-8-8-8-14-8-14-14-14	8-9-8-8-8-8-13-14-11-8-13-13	11-11-13-14-12-11-13-14-13-13-13-12	11-13-11-13-12-12-11-12-13-11-12-11	13-13-12-11-13-12-12-12-11-13-13-13	13-11-13-13-10-14-11-11-12-10-8-11	14-8-8-12-9-11-13-12-13-8-14-8	12-9-13-12-11-11-9-13-11-13-13-12	12-11-12-11-13-13-12-12-13-14-12-13	12-12-11-14-13-14-8-8-11-11-12-9	12-13-14-8-14-12-11-14-13-12-13-9	8-8-12-11-12-13-13-13-8-8-9-14
314	13	12-8-14-8-8-8-8-12-8-8-8-8	10-12-8-13-11-8-12-12-11-8-12-14	13-14-12-12-13-14-12-11-12-12-12-13	14-12-11-12-13-13-11-12-12-13-13-13	12-12-13-13-12-13-14-13-13-12-12-12	12-12-12-12-13-13-13-13-8-10-5-8	13-8-6-12-13-11-9-12-12-12-12-13	13-13-13-13-13-13-6-14-5-12-12-3	5-11-12-5-14-12-11-13-12-12-13-12	13-13-11-13-12-14-10-8-11-11-11-13	12-12-12-6-12-11-11-10-12-13-12-13	8-13-11-13-12-12-12-12-9-6-9-12
314	14	14-14-12-14-14-12-8-14-8-12-14-12	12-12-14-13-8-8-12-12-11-14-12-13	13-13-14-12-14-13-13-12-11-14-14-13	13-14-12-14-14-14-12-14-13-14-14-12	12-11-14-14-14-14-13-14-14-12-13-14	14-14-14-8-14-12-14-14-14-14-14-14	13-14-14-14-8-14-14-8-14-12-12-13	14-14-13-12-14-13-14-13-11-14-12-14	12-14-14-14-13-14-14-13-14-12-12-8	12-12-14-14-14-13-14-12-14-14-14-14	8-12-12-6-12-11-14-12-14-14-12-14	8-13-14-11-12-14-14-12-14-14-14-12
315	0	0-0-0-0-0-0-0-0-0-0-0-0	0-0-0-0-0-0-0-0-0-0-0-0	0-0-0-0-0-0-0-0-0-0-0-0	0-0-0-0-0-0-0-0-0-0-0-0	0-0-0-0-0-0-0-0-0-0-0-0	0-0-0-0-0-0-0-0-0-0-0-0	0-0-0-0-0-0-0-0-0-0-0-0	0-0-0-0-0-0-0-0-0-0-0-0	0-0-0-0-0-0-0-0-0-0-0-0	0-0-0-0-0-0-0-0-0-0-0-0	0-0-0-0-0-0-0-0-0-0-0-0	0-0-0-0-0-0-0-0-0-0-0-0
315	1	1-1-0-0-1-1-0-0-0-0-1-1	0-0-0-0-0-0-2-2-0-0-0-0	0-0-0-0-0-0-2-0-2-0-0-0	2-0-3-0-0-0-0-1-0-0-0-10	0-0-10-0-2-0-2-2-2-0-1-0	0-0-0-3-0-0-2-1-0-1-0-2	10-0-0-13-0-1-0-0-1-1-6-0	0-1-0-1-1-2-0-1-1-1-0-0	0-6-2-0-6-0-1-1-0-1-1-0	0-0-1-0-1-1-0-0-4-6-10-0	0-1-0-0-0-0-0-0-6-1-1-1	1-1-1-1-0-0-1-0-0-1-1-0
315	2	2-2-2-2-2-2-2-2-3-2-2-1	1-2-0-2-0-2-1-1-1-2-2-3	0-1-3-3-3-0-3-3-1-0-3-0	1-3-1-3-3-3-1-3-2-0-3-1	3-2-3-4-1-2-1-3-1-2-2-3	3-3-2-2-0-4-2-3-2-2-6-1	2-2-0-1-2-2-2-1-2-2-3-4	2-3-2-3-2-1-2-3-2-1-3-0	0-1-1-2-3-2-1-0-2-4-2-3	3-2-0-3-3-3-2-3-1-1-0-5	3-2-0-0-0-2-0-0-0-2-2-2	0-2-2-1-3-2-2-0-0-0-0-2
315	3	3-3-3-3-3-3-3-3-3-3-3-3	4-3-3-2-3-4-4-3-4-4-2-3	0-4-2-2-2-8-4-4-1-5-4-4	5-4-4-2-2-2-4-2-2-3-4-1	2-3-2-2-4-2-4-2-3-3-5-2	2-2-5-7-3-2-4-2-3-3-8-3	2-3-3-1-4-3-3-4-3-4-2-6	3-2-3-4-2-3-3-5-12-3-2-0	3-0-3-3-2-5-3-4-0-3-2-4	2-6-3-0-2-2-3-5-3-1-3-2	3-4-3-0-3-3-0-3-7-4-2-3	1-3-1-1-2-3-2-3-3-4-0-2
315	4	4-4-4-4-4-4-4-4-4-4-4-4	3-4-4-0-3-4-3-5-3-3-2-5	0-3-2-2-5-3-5-6-5-6-5-5	3-3-5-3-2-2-5-2-4-5-6-1	2-7-1-2-3-6-3-3-3-7-6-2	3-3-3-3-3-2-5-2-3-4-7-4	2-3-5-1-3-6-3-3-3-3-3-3	5-2-3-3-2-4-4-3-5-5-3-0	4-1-3-3-4-3-1-3-4-2-5-3	3-3-4-6-2-2-5-3-1-1-1-2	0-3-8-4-5-4-0-0-1-5-3-5	4-3-1-1-0-3-2-4-8-3-4-7
315	5	5-5-5-5-5-5-5-5-6-5-5-5	6-8-4-2-7-6-7-7-3-3-6-4	0-5-2-2-6-3-4-7-6-3-6-4	3-4-6-6-2-7-5-2-5-4-4-1	2-0-1-5-3-4-5-5-6-3-3-2	2-2-3-1-5-2-6-4-5-5-7-3	1-3-4-1-3-6-6-6-5-5-2-3	4-2-2-4-2-0-7-3-4-4-3-0	6-1-4-3-5-3-1-3-5-5-4-3	2-3-5-8-2-5-4-6-2-1-1-2	0-3-6-6-4-3-0-0-1-4-2-4	6-3-3-1-7-5-2-4-4-4-6-6
315	6	5-4-5-6-6-7-5-6-5-6-7-5	8-5-4-7-8-6-9-8-8-8-6-7	3-6-7-2-5-7-7-7-5-4-5-6	7-7-5-7-2-2-7-2-8-4-4-1	7-4-1-9-3-4-7-5-5-6-4-2	3-2-3-2-5-2-5-6-5-6-5-7	1-3-4-1-3-4-5-5-5-5-2-3	4-2-3-7-2-1-5-3-3-5-8-0	10-1-3-3-1-8-1-7-8-8-6-6	5-3-6-4-2-8-5-6-2-1-1-2	6-9-5-5-5-7-0-3-1-3-8-3	6-8-6-1-6-7-6-6-4-6-5-5
315	7	7-7-7-7-7-7-5-7-5-8-7-6	8-9-4-6-5-6-10-8-6-6-8-6	0-8-10-8-6-9-8-10-8-10-8-8	6-7-8-6-9-9-6-6-6-9-5-6	6-4-1-8-3-4-6-5-8-8-6-2	3-2-8-9-7-2-5-6-7-7-5-6	1-8-7-1-3-7-6-6-10-10-7-8	4-7-9-6-6-9-5-3-3-7-8-0	3-1-3-3-3-6-1-6-6-6-7-6	8-3-7-6-2-6-5-10-7-1-5-7	3-6-5-0-5-6-0-3-3-3-6-3	6-3-6-1-6-6-8-6-4-6-5-5
315	8	8-8-9-9-7-5-8-8-8-7-8-5	7-5-4-8-6-5-9-7-6-3-9-6	10-7-10-9-9-3-9-9-7-7-9-7	9-9-9-7-10-10-5-12-6-5-4-1	10-1-8-10-3-4-9-9-7-7-8-9	3-10-9-7-7-9-4-9-5-7-3-8	8-9-5-1-9-8-6-9-7-8-9-7	3-8-9-9-14-1-5-8-3-7-6-0	3-0-3-9-8-6-1-9-6-6-8-6	7-3-8-5-9-6-10-5-8-1-9-8	0-6-5-10-7-8-0-0-0-8-6-3	6-6-9-1-0-6-7-0-4-8-5-7
315	9	9-9-9-9-9-9-9-9-9-9-10-9	9-11-10-8-10-6-8-7-7-9-8-10	8-9-8-8-8-10-10-7-7-9-10-8	8-8-10-8-8-7-9-8-10-12-10-1	8-0-1-8-3-10-8-8-9-7-8-8	8-8-8-7-12-8-10-9-9-9-12-8	8-8-7-1-10-9-6-8-7-13-8-8	5-8-8-10-2-7-9-8-3-9-8-0	8-1-10-8-10-6-1-8-6-5-10-6	8-10-9-11-8-10-8-9-10-1-8-10	10-6-9-12-11-10-10-11-11-3-10-3	6-3-8-1-10-9-7-0-4-9-5-5
315	10	10-9-10-9-12-9-10-10-10-10-10-9	10-11-9-8-10-11-12-7-6-10-8-9	8-10-8-8-8-11-9-11-7-11-9-10	8-10-9-8-8-8-14-8-11-12-9-1	8-0-1-8-11-9-10-10-11-7-8-8	11-8-8-7-13-8-11-10-10-10-6-8	1-8-10-1-9-10-12-12-7-7-1-8	10-8-11-9-9-10-9-10-9-10-9-14	6-1-9-8-10-6-1-8-6-9-9-8	9-9-10-11-8-9-11-9-9-1-1-9	9-6-11-9-10-10-9-9-1-9-9-3	9-6-6-1-9-9-6-14-12-8-10-11
315	11	12-12-13-13-10-13-12-12-11-12-14-13	12-10-9-13-12-10-12-12-12-12-12-12	11-12-12-13-11-12-12-13-13-10-13-11	12-11-12-11-11-11-11-8-10-11-10-13	8-12-12-10-12-9-12-11-10-7-12-11	11-12-8-14-10-12-10-13-9-10-13-12	12-10-10-14-9-11-10-12-7-12-14-9	11-8-12-11-2-10-13-13-14-12-14-11	14-14-14-8-12-11-11-12-6-11-11-6	14-14-14-10-12-6-13-11-13-11-11-8	11-6-13-11-12-13-10-13-11-14-6-3	13-6-13-13-11-13-7-13-10-11-11-10
315	12	11-11-14-11-10-11-11-11-13-11-14-11	11-10-9-14-11-10-11-11-11-11-11-11	13-11-11-13-13-13-11-11-11-13-11-13	11-11-11-13-13-13-11-8-13-10-12-11	13-11-11-10-11-12-13-13-10-12-11-8	13-13-13-12-9-11-13-12-10-10-3-13	11-10-10-1-9-8-10-13-7-11-13-12	7-8-11-13-13-14-9-11-3-11-12-0	11-1-13-13-11-11-1-13-6-11-12-6	13-13-8-11-13-12-13-11-11-1-11-8	12-3-12-9-11-12-13-11-13-13-6-3	11-13-11-11-13-11-12-11-10-12-11-10
315	13	13-11-11-13-14-11-11-13-13-11-13-11	11-14-13-12-11-13-14-11-11-11-11-11	14-14-11-12-12-12-11-11-11-12-11-12	12-11-11-12-12-12-11-8-12-13-12-11	12-11-11-10-11-13-12-12-14-13-12-12	12-12-12-13-10-8-12-13-10-10-11-13	11-8-10-1-14-13-12-12-7-9-12-14	11-8-7-12-12-10-9-11-3-14-12-0	11-13-12-12-11-12-1-12-13-13-12-13	12-12-11-12-13-12-12-11-11-11-11-13	11-14-11-11-11-11-14-11-12-12-8-13	11-12-11-11-12-11-12-11-10-12-11-13
315	14	14-14-14-14-14-11-11-14-14-11-14-14	11-13-14-12-14-13-13-12-11-14-11-11	13-13-14-12-14-13-14-14-11-14-14-13	12-14-11-11-14-14-11-8-14-14-14-11	12-11-14-14-14-14-13-14-13-14-8-8	14-14-13-14-14-11-13-14-14-14-14-13	12-14-14-14-13-14-14-13-14-14-11-13	14-8-12-14-14-12-9-8-8-13-11-14	11-14-11-14-14-14-14-5-14-11-11-13	11-11-11-14-14-6-14-11-11-14-13-14	11-13-14-9-7-11-13-11-14-11-14-13	11-14-14-11-13-14-14-11-11-14-13-13
316	0	0-0-0-0-0-0-0-0-0-0-0-0	0-0-0-0-0-0-0-0-0-0-0-0	0-0-0-0-0-0-0-0-0-0-0-0	0-0-0-0-0-0-0-0-0-0-0-0	0-0-0-0-0-0-0-0-0-0-0-0	0-0-0-0-0-0-0-0-0-0-0-0	0-0-0-0-0-0-0-0-0-0-0-0	0-0-0-0-0-0-0-0-0-0-0-0	0-0-0-0-0-0-0-0-0-0-0-0	0-0-0-0-0-0-0-0-0-0-0-0	0-0-0-0-0-0-0-0-0-0-0-0	0-0-0-0-0-0-0-0-0-0-0-0
316	1	1-1-1-0-1-0-0-1-0-1-1-0	0-0-0-0-0-1-0-0-0-0-0-0	2-1-0-0-1-0-0-0-0-0-0-1	2-0-2-0-0-2-0-3-1-1-2-4	1-0-4-1-1-1-2-2-1-1-1-4	2-1-2-0-0-1-1-1-1-0-0-2	1-1-0-1-1-1-0-0-0-1-4-0	0-1-0-1-1-1-0-1-1-1-0-0	0-1-0-0-1-1-1-1-0-1-1-0	1-1-1-1-4-1-0-0-3-1-3-1	5-1-1-0-1-1-1-1-1-1-1-1	1-1-2-1-1-0-1-0-0-1-1-0
316	2	2-2-2-2-2-2-2-2-2-2-2-2	3-2-0-1-2-1-1-3-2-2-3-2	1-1-1-4-3-5-3-3-2-3-3-2	3-3-1-3-3-4-0-1-2-2-5-1	4-0-1-2-3-2-3-3-2-2-4-3	3-1-4-2-2-1-3-3-2-2-2-1	1-2-2-1-3-1-2-3-2-3-2-3	0-2-3-3-2-1-2-2-8-1-5-0	0-5-2-2-2-2-1-3-2-2-1-2	1-2-1-2-1-3-2-2-1-3-1-2	2-2-2-0-2-2-5-2-1-3-3-2	2-2-4-1-1-2-3-2-2-1-1-2
316	3	3-3-3-3-2-3-4-3-3-3-3-3	4-3-3-0-3-4-1-4-2-2-2-4	1-3-0-5-2-2-4-5-4-2-4-3	2-2-4-2-2-2-5-1-3-4-2-1	2-0-1-3-2-4-2-2-3-3-2-2	2-1-2-2-2-1-4-2-3-3-3-3	1-3-3-1-2-3-2-4-3-3-2-2	4-3-2-2-3-1-3-2-2-3-2-0	3-2-4-2-0-3-0-2-4-2-3-4	1-4-3-3-1-3-2-3-1-2-1-4	0-4-4-0-10-4-1-0-1-4-4-2	7-2-2-1-4-3-4-0-3-0-3-3
316	4	4-4-4-4-5-4-4-5-4-4-4-4	3-5-4-5-5-3-1-3-2-3-4-3	1-4-0-5-3-6-3-5-5-4-5-3	2-2-5-2-2-2-5-1-5-3-2-1	2-0-1-4-2-3-5-4-5-2-2-1	1-1-2-2-4-1-5-5-4-3-4-3	1-5-3-1-2-4-5-3-4-4-1-2	3-4-2-2-4-1-4-2-1-3-2-0	10-2-3-5-1-2-4-2-5-3-4-3	1-3-9-3-1-3-5-4-4-2-1-5	0-5-3-8-5-3-1-0-1-3-3-2	3-3-2-1-3-4-3-4-5-4-5-4
316	5	3-4-5-5-4-5-5-4-5-4-4-4	3-4-4-7-4-3-6-4-6-2-6-6	6-6-6-8-6-2-6-6-4-7-4-5	5-6-4-5-6-6-4-8-4-4-2-1	6-1-0-6-2-3-6-6-4-5-5-5	2-6-5-5-5-6-4-5-4-3-4-5	1-4-4-1-2-8-4-6-3-10-5-5	3-5-5-6-5-1-10-5-5-10-5-0	5-2-5-7-7-5-1-6-4-6-7-5	5-2-7-5-5-5-5-4-4-2-5-5	1-4-3-4-4-7-1-5-1-5-6-2	1-5-5-1-2-5-4-2-4-5-4-4
316	6	6-6-6-6-6-6-6-7-6-7-7-6	6-8-8-5-8-8-5-7-7-6-5-8	5-5-5-5-5-8-7-8-7-8-7-7	5-5-8-5-5-5-8-5-7-8-7-1	5-1-1-5-1-7-7-5-8-6-5-5	7-5-7-6-6-5-7-6-6-6-5-6	1-4-6-1-10-6-7-5-6-6-5-5	6-5-10-5-6-1-8-5-5-6-1-0	0-1-7-5-6-5-1-5-6-5-6-8	1-0-6-6-5-5-5-4-5-7-0-7	6-4-6-0-10-3-1-0-1-6-5-6	4-5-5-1-3-0-7-6-8-5-4-4
316	7	7-6-4-7-7-4-6-6-4-7-6-8	6-6-6-5-4-6-8-6-6-6-5-8	7-7-8-5-7-6-6-8-8-5-6-6	8-7-7-8-5-5-10-5-6-7-6-7	5-8-9-7-8-6-8-8-6-7-7-7	7-7-6-9-6-7-6-6-6-6-7-5	7-4-7-7-7-7-6-8-6-6-7-5	6-6-7-6-6-8-6-5-5-9-7-8	7-8-7-5-5-7-7-8-6-2-5-5	8-8-5-7-8-5-8-4-7-8-8-6	8-7-7-7-0-8-8-8-8-5-5-7	3-5-7-7-8-0-6-8-9-7-6-4
316	8	10-8-10-7-8-6-10-10-8-10-6-7	6-6-6-9-6-6-7-7-8-9-9-7	8-8-7-5-9-9-9-7-7-6-7-8	7-7-6-5-9-9-6-5-6-6-9-1	9-7-8-5-7-6-7-9-6-7-5-7	9-7-6-7-6-7-9-8-7-6-9-9	10-9-6-1-7-8-4-7-9-6-7-9	7-9-7-8-9-7-6-5-10-7-7-7	7-7-6-8-9-9-9-9-3-9-9-6	7-9-8-7-7-9-7-4-7-7-7-9	7-9-7-7-2-7-7-7-7-8-5-8	8-5-7-1-7-0-8-7-6-7-8-4
316	9	10-9-10-10-9-10-9-10-10-6-9-9	6-6-6-8-8-7-10-10-8-8-8-10	9-10-10-5-8-8-8-9-10-8-9-9	7-7-8-5-8-8-10-5-6-6-8-10	8-9-7-7-9-8-10-8-6-7-7-9	8-7-6-9-6-5-8-6-9-3-9-9	9-8-9-10-7-9-6-8-8-5-7-8	9-8-7-8-8-10-6-6-8-7-9-7	7-9-7-8-8-8-8-8-6-8-8-5	7-8-5-7-8-8-7-4-7-7-7-8	7-8-6-9-10-9-1-7-7-8-5-8	9-8-9-8-7-0-8-7-7-7-8-8
316	10	10-10-10-10-10-10-10-10-10-10-10-10	9-6-10-8-10-6-9-9-8-10-8-9	9-9-10-8-10-8-10-10-9-10-10-10	10-10-10-10-10-10-7-10-10-10-10-9	8-9-10-10-9-10-9-10-10-10-5-5	10-10-10-5-10-10-10-10-10-10-10-6	8-10-10-10-6-10-3-10-10-10-8-10	10-10-5-10-10-9-5-5-8-1-7-10	4-10-2-10-8-10-10-8-10-10-8-4	1-10-10-10-10-10-10-6-10-10-7-10	7-10-10-4-10-2-7-10-10-10-10-10	10-6-10-1-7-10-10-7-10-10-10-3
317	0	0-0-0-0-0-0-0-0-0-0-0-0	0-0-0-0-0-0-0-0-0-0-0-0	0-0-0-0-0-0-0-0-0-0-0-0	0-0-0-0-0-0-0-0-0-0-0-0	0-0-0-0-0-0-0-0-0-0-0-0	0-0-0-0-0-0-0-0-0-0-0-0	0-0-0-0-0-0-0-0-0-0-0-0	0-0-0-0-0-0-0-0-0-0-0-0	0-0-0-0-0-0-0-0-0-0-0-0	0-0-0-0-0-0-0-0-0-0-0-0	0-0-0-0-0-0-0-0-0-0-0-0	0-0-0-0-0-0-0-0-0-0-0-0
317	1	1-1-1-1-1-1-1-1-1-1-1-1	1-0-0-0-0-1-1-0-1-0-0-0	2-2-2-1-0-1-2-2-0-0-0-0	2-1-3-0-2-2-1-3-0-0-0-1	0-1-1-0-1-0-2-2-0-1-1-2	2-2-0-1-1-2-2-2-1-0-0-1	2-0-0-2-2-1-0-0-0-1-2-0	1-1-2-1-1-2-0-0-1-1-1-1	1-1-1-2-1-1-1-2-1-1-1-0	2-1-3-0-0-2-2-0-2-1-1-1	1-1-0-0-0-1-1-2-1-1-0-1	1-0-1-1-1-1-1-1-1-1-1-0
317	2	2-2-2-2-2-2-2-2-2-3-2-2	3-3-2-0-2-1-1-2-3-2-2-3	1-1-1-2-0-1-1-1-2-4-3-0	1-2-1-1-1-1-2-0-0-0-2-1	0-1-1-0-1-3-1-1-0-1-0-1	1-1-0-4-2-1-3-1-3-2-2-2	1-3-4-1-1-2-3-0-2-2-1-3	2-3-1-1-2-1-5-2-1-1-2-2	2-1-1-1-2-1-1-1-3-1-2-1	1-3-2-1-2-2-3-3-1-3-1-2	2-3-2-0-3-2-1-1-1-2-0-2	2-1-1-1-1-4-2-2-2-2-3-2
317	3	3-3-3-2-3-2-3-2-3-3-3-2	2-2-2-3-2-2-3-4-2-4-4-2	7-4-4-3-3-1-1-4-6-4-2-3	4-3-1-4-1-1-2-1-0-0-3-7	3-4-1-3-4-2-4-4-2-1-3-3	3-1-0-3-3-4-2-1-2-2-11-3	2-2-2-3-3-3-2-4-3-3-3-2	3-2-2-1-1-7-2-1-1-3-3-4	3-11-4-4-4-3-1-4-2-1-3-0	2-2-1-4-4-2-2-4-4-15-4-2	4-2-3-10-2-3-4-4-4-1-0-3	3-1-3-1-4-3-1-3-3-4-2-2
317	4	4-3-4-5-4-4-4-4-4-4-4-4	4-2-2-4-2-5-3-3-2-3-5-5	6-3-5-4-6-5-5-3-3-5-3-5	5-3-6-3-5-5-2-8-5-0-5-3	6-3-8-5-3-5-3-5-2-3-16-5	4-5-4-4-3-7-5-5-2-4-6-2	4-4-2-3-3-3-4-5-0-7-8-4	4-4-5-4-4-1-2-5-4-3-5-3	3-3-3-3-5-5-1-3-6-4-4-4	4-4-6-3-6-5-4-6-7-3-3-4	3-4-3-0-2-3-3-5-3-4-4-3	3-0-4-1-3-2-4-3-3-3-2-2
317	5	6-5-4-5-5-5-5-5-5-5-5-5	6-2-2-4-5-6-6-6-6-6-4-6	4-6-4-4-4-6-4-6-3-7-6-4	7-6-6-3-4-4-6-4-4-5-4-3	4-5-4-4-6-4-6-4-5-5-4-4	4-6-6-5-5-4-6-4-5-5-15-5	6-5-5-5-6-5-2-6-5-6-4-6	5-4-4-6-5-5-2-7-8-3-7-3	5-3-5-5-5-7-5-6-2-5-4-6	6-5-5-6-4-4-6-6-6-6-4-4	5-5-5-3-6-5-3-5-8-6-6-5	7-5-3-5-5-5-5-5-4-6-2-6
317	6	6-6-6-6-6-6-6-6-6-6-6-6	5-6-7-4-5-5-5-7-5-5-4-7	4-5-4-4-4-5-7-8-3-8-7-7	5-5-7-5-4-4-7-4-7-7-8-3	4-3-4-4-5-8-5-7-5-9-10-4	4-5-5-5-5-4-7-7-5-6-4-6	5-4-7-5-5-8-7-7-6-6-4-5	7-4-4-5-6-6-6-5-7-7-5-3	6-3-5-5-6-5-7-5-7-6-7-5	5-5-6-8-4-6-7-4-1-5-4-4	3-5-7-6-7-6-3-5-5-7-7-7	8-5-3-5-3-6-4-6-8-5-6-5
317	7	7-7-7-7-7-7-7-7-8-7-7-7	8-10-6-4-8-8-4-9-5-5-8-6	3-7-4-4-8-5-6-7-8-5-8-6	5-3-8-8-4-5-6-4-8-6-6-3	4-3-4-8-5-6-7-9-8-9-10-4	4-5-5-5-7-4-8-6-7-7-8-5	5-5-6-3-5-7-8-6-7-7-3-7	6-4-4-6-5-3-9-5-6-6-5-3	8-3-6-5-7-5-7-5-7-7-6-6	10-4-7-6-7-7-6-8-4-3-3-4	5-5-8-7-6-3-3-10-10-6-6-6	5-5-4-5-10-7-6-6-6-6-8-8
317	8	7-6-7-7-5-9-8-8-7-8-10-9	10-6-6-4-7-8-6-10-10-10-8-9	4-8-9-4-7-8-9-6-7-6-7-8	9-3-7-9-4-4-9-4-7-7-6-4	4-3-4-10-5-6-9-7-7-6-11-4	5-5-9-5-7-4-7-8-7-8-7-10	5-4-6-5-5-6-7-7-7-7-4-9	6-4-5-9-8-1-7-5-5-6-9-3	7-1-5-8-5-9-1-9-8-9-8-8	5-5-8-6-4-16-8-7-3-3-5-4	8-8-7-7-0-9-3-5-5-5-9-5	8-8-8-5-8-8-8-8-6-8-7-7
317	9	9-10-10-9-9-8-7-9-7-11-9-8	11-6-6-4-7-8-12-7-8-8-8-8	3-9-8-11-8-8-8-8-10-8-11-8	8-7-10-8-11-7-8-4-10-10-6-3	8-6-4-10-5-6-8-7-10-12-8-4	5-5-8-12-9-4-7-8-9-9-7-9	5-10-9-5-5-9-7-7-9-7-4-8	6-9-15-8-8-3-7-5-5-9-8-3	5-3-5-5-5-8-3-8-8-8-9-8	9-5-9-6-10-11-7-9-9-3-5-4	8-8-7-7-10-8-3-5-5-5-8-5	8-5-8-8-11-8-10-8-6-3-7-10
317	10	11-12-12-9-10-11-11-11-10-11-9-11	11-6-7-12-7-7-11-11-11-8-11-11	12-11-11-9-11-11-11-11-9-8-9-9	11-11-11-9-9-12-8-4-9-9-9-11	12-12-16-9-11-6-11-11-9-11-11-12	11-12-9-12-9-11-11-11-7-6-5-11	13-9-9-5-11-9-7-11-9-13-11-9	5-9-5-11-11-10-7-12-5-8-11-3	11-3-5-11-7-8-11-11-8-9-9-8	9-5-8-6-11-8-7-10-11-3-3-9	10-8-7-3-9-15-3-7-7-7-8-5	10-8-10-7-7-8-9-9-6-11-7-9
317	11	10-12-11-11-11-11-11-10-11-11-11-10	10-12-6-10-12-12-9-10-10-12-10-12	10-10-10-9-10-11-12-10-10-13-12-12	10-10-12-9-9-10-12-4-12-11-12-10	10-3-10-9-10-12-10-10-12-9-10-10	10-13-13-10-11-10-12-11-11-11-3-10	5-15-11-3-12-11-12-10-11-10-10-11	13-9-12-12-11-11-15-10-5-11-10-3	10-3-5-10-7-8-12-12-8-9-10-12	9-13-11-12-10-8-12-11-12-3-3-11	3-12-16-13-12-12-12-10-3-5-8-12	10-8-8-5-10-11-9-11-11-3-12-11
317	12	12-10-12-12-13-12-12-12-11-12-12-12	10-11-12-10-11-11-9-11-10-11-10-11	10-12-10-9-9-11-11-11-13-13-11-11	13-10-11-8-9-10-11-4-13-11-11-10	10-10-10-14-13-11-11-12-11-9-13-10	14-10-14-10-12-10-13-11-12-12-8-10	5-13-12-1-11-9-12-11-9-10-10-12	6-11-11-11-12-3-11-10-5-11-10-3	11-3-11-10-12-8-11-11-8-7-12-11	11-10-12-11-15-11-11-12-11-3-3-11	10-11-11-14-11-13-11-12-3-5-8-11	11-8-8-16-12-10-8-11-12-13-11-9
317	13	14-14-16-14-14-14-14-14-14-16-14-14	15-11-14-14-13-14-14-14-15-14-15-15	13-12-14-13-13-14-14-13-15-14-13-13	14-14-14-14-13-14-14-10-12-13-12-10	11-3-10-10-12-11-14-15-12-13-13-14	13-14-11-13-15-15-12-14-12-12-15-12	16-12-13-15-13-13-14-13-7-10-16-14	14-9-12-12-14-16-14-14-11-15-14-13	13-13-13-11-14-11-14-15-8-16-16-8	14-15-15-6-12-15-16-16-14-14-14-13	14-14-14-11-14-12-13-13-15-14-8-5	14-13-13-14-14-15-9-14-14-12-13-16
317	14	13-13-13-13-15-13-13-14-14-15-13-13	13-15-13-13-13-13-13-13-15-13-13-13	13-15-13-13-13-13-13-13-13-15-15-14	13-13-13-13-9-13-13-4-15-14-15-3	4-3-10-12-14-15-15-14-15-9-15-13	13-13-12-10-14-10-15-13-12-14-7-14	13-15-13-13-13-14-15-15-9-14-13-14	13-9-9-12-12-3-13-13-5-11-13-13	13-3-13-14-13-8-13-15-13-14-11-11	13-13-12-16-11-13-13-14-13-13-13-4	13-14-15-12-13-12-3-13-13-13-8-6	13-13-8-15-13-13-8-13-13-13-15-13
317	15	13-14-16-13-14-14-13-13-14-14-13-13	13-14-13-16-13-13-13-16-13-13-13-13	15-16-13-16-15-16-16-13-13-14-14-15	13-13-13-15-15-15-13-4-14-13-14-10	15-13-10-12-13-14-16-13-14-9-15-15	13-15-15-10-12-10-14-15-12-12-5-15	16-14-13-13-14-15-14-14-9-16-10-15	13-15-16-15-15-3-11-13-5-13-10-3	5-3-16-15-15-8-13-14-9-12-15-8	13-13-13-14-15-13-13-14-13-3-13-16	13-8-14-12-13-13-3-13-13-15-8-5	10-15-15-14-15-13-9-13-13-15-14-13
317	16	16-16-16-13-16-16-13-16-16-13-16-16	13-14-16-15-16-13-13-15-13-16-13-13	15-15-16-15-16-15-15-16-14-16-16-16	13-16-15-15-16-16-13-4-14-16-16-3	13-13-10-16-16-16-15-16-14-16-4-15	16-16-15-16-16-3-16-16-16-16-16-15	13-16-16-16-14-16-8-15-16-15-13-15	16-15-15-16-16-13-11-5-12-13-13-16	5-16-16-16-4-8-16-12-16-13-15-8	13-13-16-16-16-8-13-13-13-16-16-16	13-16-11-12-12-8-16-13-16-13-8-16	13-13-16-12-13-16-16-14-16-16-16-13
318	0	0-0-0-0-0-0-0-0-0-0-0-0	0-0-0-0-0-0-0-0-0-0-0-0	0-0-0-0-0-0-0-0-0-0-0-0	0-0-0-0-0-0-0-0-0-0-0-0	0-0-0-0-0-0-0-0-0-0-0-0	0-0-0-0-0-0-0-0-0-0-0-0	0-0-0-0-0-0-0-0-0-0-0-0	0-0-0-0-0-0-0-0-0-0-0-0	0-0-0-0-0-0-0-0-0-0-0-0	0-0-0-0-0-0-0-0-0-0-0-0	0-0-0-0-0-0-0-0-0-0-0-0	0-0-0-0-0-0-0-0-0-0-0-0
318	1	0-0-0-0-0-1-0-0-0-0-1-0	0-2-0-0-0-1-0-2-0-0-0-0	2-2-0-0-0-0-1-0-0-0-0-1	2-2-0-0-0-2-0-0-0-0-0-5	0-0-8-0-2-0-2-2-0-0-1-0	0-2-0-2-0-4-0-0-0-0-0-2	0-1-0-2-2-0-0-0-1-0-6-0	1-0-0-2-0-2-0-1-1-1-0-1	0-1-2-1-0-0-1-1-1-1-1-0	0-0-1-1-0-0-1-1-2-2-2-0	5-1-0-0-0-1-1-0-6-1-1-1	1-1-1-1-6-0-1-0-0-2-1-0
318	2	2-2-0-2-2-2-2-2-2-2-2-2	3-1-0-3-0-2-1-3-2-0-3-1	1-3-3-3-3-3-3-3-3-2-3-2	3-1-2-3-3-3-0-5-2-4-3-1	3-0-1-3-1-2-3-3-2-2-14-3	2-1-3-1-2-4-2-3-2-2-11-1	2-2-0-1-1-0-2-3-2-2-4-4	2-2-4-1-2-1-0-3-2-1-3-0	0-1-1-5-8-6-1-4-4-2-3-2	3-2-1-1-3-3-4-2-1-1-1-3	1-2-0-1-0-1-1-2-0-3-2-2	1-2-2-1-1-0-2-0-3-1-3-0
318	3	3-3-3-3-3-3-3-3-3-3-3-3	4-3-3-2-3-3-4-3-3-4-2-4	6-2-2-2-2-6-2-4-2-6-4-2	5-4-4-2-2-2-3-2-2-3-2-1	2-1-1-2-4-2-4-2-3-3-2-2	2-3-5-3-3-0-4-3-4-3-9-5	7-3-3-3-4-3-4-4-3-3-2-7	3-2-2-4-3-4-3-2-9-2-2-3	3-1-3-3-2-4-3-2-2-3-2-2	2-3-1-4-2-2-2-2-1-1-1-2	3-3-3-0-3-3-1-3-4-2-2-3	3-3-2-1-1-3-3-3-2-4-2-5
318	4	4-4-4-4-4-4-4-4-4-4-4-4	3-6-4-2-3-6-3-5-3-3-2-6	1-2-3-2-2-3-5-6-5-6-5-5	3-3-3-2-2-2-5-2-2-5-5-1	2-6-1-2-3-5-3-5-3-4-2-2	2-3-3-1-0-2-5-5-3-4-4-4	2-5-5-3-3-0-5-3-4-3-2-3	5-2-2-3-4-4-4-2-5-5-3-4	4-1-3-3-4-4-1-2-2-4-5-3	2-2-4-6-2-4-5-2-1-1-2-2	4-3-6-4-5-4-1-3-3-5-9-5	6-3-2-1-1-11-2-4-6-5-4-6
318	5	5-8-5-5-5-5-5-5-6-5-5-5	6-6-4-2-6-6-1-6-3-3-2-4	1-5-6-2-2-3-4-6-4-3-6-4	3-4-6-2-2-3-6-2-6-6-4-1	2-0-1-2-3-4-6-4-6-2-2-2	2-3-3-1-5-2-6-4-5-5-7-3	3-4-4-0-3-6-6-6-5-5-2-5	4-2-2-3-3-13-6-3-4-4-3-0	6-1-3-2-7-3-9-2-6-5-4-3	2-3-5-4-5-5-4-11-1-1-1-2	1-3-6-7-4-4-1-9-13-4-2-4	3-3-2-1-13-5-2-4-4-4-6-11
318	6	5-4-5-5-3-5-5-6-5-6-6-5	5-5-4-7-5-5-7-5-7-3-6-4	7-7-7-7-7-3-7-7-7-4-5-7	7-7-5-6-7-7-5-9-5-5-3-7	7-4-1-7-3-4-7-7-5-7-7-6	7-3-7-1-9-7-5-6-5-5-3-7	6-4-5-1-3-5-5-7-5-5-7-3	3-7-2-7-7-6-5-14-3-1-6-0	3-1-3-3-11-7-1-7-5-7-8-11	7-3-11-4-6-4-7-5-1-1-6-2	1-3-5-7-6-9-1-9-1-6-6-3	4-6-6-6-7-6-3-4-4-4-5-5
318	7	7-7-7-7-7-8-7-8-7-7-7-8	5-8-8-6-7-8-7-7-6-3-6-8	6-6-6-6-6-3-6-6-6-8-8-6	6-6-6-6-6-6-8-6-8-9-8-6	6-0-1-6-3-8-8-6-8-7-6-6	6-3-6-7-11-6-8-7-7-7-5-7	9-7-7-1-14-7-8-6-5-9-6-3	7-8-2-8-8-7-11-10-3-11-6-0	7-1-3-8-12-6-13-6-8-6-8-10	6-2-7-9-6-10-6-11-1-1-6-8	10-3-14-6-9-12-1-11-0-3-6-3	10-3-14-6-6-12-8-10-11-8-11-5
318	8	8-8-7-7-8-7-9-7-8-8-7-7	8-5-7-8-7-7-8-7-6-3-8-7	8-8-10-6-8-9-9-9-9-7-7-8	9-8-9-6-6-6-7-6-7-7-8-8	6-9-1-6-11-7-9-9-7-7-6-6	2-9-7-8-7-14-7-7-7-7-0-9	8-7-7-14-8-0-5-9-5-7-9-6	11-7-12-7-7-10-7-6-13-8-8-10	9-9-9-7-2-0-9-9-7-9-6-7	5-2-6-8-9-7-9-7-1-9-9-2	9-4-9-9-0-11-10-9-8-5-6-3	7-3-8-6-10-6-7-8-4-9-5-0
318	9	8-9-10-9-10-8-8-7-11-8-11-12	9-5-7-11-7-10-11-9-10-10-11-10	8-10-11-11-10-8-8-8-8-11-9-9	10-8-8-8-10-10-7-6-9-7-10-8	11-8-10-6-8-10-10-10-7-9-6-6	10-8-6-9-8-8-10-9-5-7-3-10	10-12-7-9-8-7-8-8-5-7-10-9	8-11-10-10-10-8-7-11-3-7-8-8	8-8-8-10-14-9-8-10-5-8-10-7	10-10-6-8-10-11-4-9-10-8-8-10	8-9-8-8-4-8-8-8-8-11-9-3	7-7-8-6-8-6-10-4-4-8-7-5
318	10	10-10-9-9-11-10-10-14-8-10-10-10	11-11-7-9-7-9-11-11-9-11-9-11	8-9-8-9-9-11-8-8-8-9-11-11	9-9-11-11-9-9-11-6-10-11-9-8	6-8-9-11-8-9-9-9-11-7-11-6	9-11-14-8-7-8-11-9-7-10-11-10	10-11-7-13-11-7-11-11-10-10-9-11	8-6-9-9-9-8-12-7-9-8-9-8	8-8-3-9-7-10-1-9-7-8-9-10	9-9-6-11-9-9-11-11-9-8-8-9	8-10-7-11-11-8-8-8-8-9-10-8	7-10-8-10-8-10-9-8-7-11-5-10
318	11	10-12-11-12-10-7-12-12-9-14-9-12	10-10-7-9-7-11-10-10-12-10-9-10	8-9-12-9-10-13-11-8-12-9-10-10	12-12-10-10-12-12-10-12-9-10-9-11	9-13-14-10-8-10-12-12-10-12-10-11	12-12-10-11-7-11-10-9-5-7-10-11	12-10-10-11-10-11-10-10-5-14-12-11	8-7-13-12-9-8-7-9-11-7-12-8	11-8-12-12-2-11-11-10-7-12-9-12	11-11-6-10-10-9-12-5-11-8-11-9	11-9-7-10-10-14-8-12-12-9-11-11	11-11-8-11-11-13-12-8-4-10-7-13
318	12	12-13-12-14-12-12-11-12-12-12-12-9	13-13-13-9-7-11-11-9-12-11-9-13	8-12-11-11-10-11-10-11-11-13-13-10	11-11-11-10-11-11-13-11-13-10-13-11	9-8-11-10-13-13-11-11-13-11-10-11	11-11-10-12-12-8-13-7-12-12-13-12	11-9-7-11-11-12-14-10-12-12-11-14	12-9-11-11-9-11-10-13-11-7-11-8	11-8-11-11-13-11-11-10-12-11-9-11	11-11-12-10-13-12-11-12-11-8-8-9	8-10-11-14-11-13-8-11-11-11-10-11	11-10-8-11-11-7-11-12-11-12-12-12
318	13	13-14-14-14-14-14-14-14-14-14-14-14	14-12-14-9-14-14-14-13-13-14-14-14	13-14-14-14-13-14-13-13-14-12-12-13	13-13-14-14-11-11-13-11-12-13-12-11	13-11-11-11-12-12-14-13-12-13-13-13	13-13-10-14-14-14-12-9-13-12-12-13	14-13-13-14-13-13-13-13-13-13-14-14	12-13-11-14-9-14-13-12-13-13-13-13	13-13-11-12-12-13-13-12-11-14-13-14	13-11-13-12-13-13-14-13-14-14-8-9	14-12-13-14-14-13-13-14-14-14-10-11	14-13-13-11-14-11-12-13-14-12-13-14
318	14	14-13-13-13-14-13-13-13-13-13-13-13	13-13-13-13-13-13-13-13-13-13-13-13	13-13-13-13-14-13-14-13-13-14-13-14	13-14-13-13-14-14-13-14-14-14-14-8	14-8-11-14-13-14-13-14-14-14-2-6	14-14-14-13-14-8-14-14-14-14-14-13	11-14-14-14-13-14-12-13-14-11-13-13	14-14-9-13-14-13-7-6-11-13-13-8	11-14-14-14-9-14-14-9-14-13-11-13	11-14-14-13-14-5-14-13-14-14-14-14	13-14-7-12-13-11-8-13-14-13-14-14	13-14-13-11-13-14-14-8-14-14-14-13
319	0	0-0-0-0-0-0-0-0-0-0-0-0	0-0-0-0-0-0-0-0-0-0-0-0	0-0-0-0-0-0-0-0-0-0-0-0	0-0-0-0-0-0-0-0-0-0-0-0	0-0-0-0-0-0-0-0-0-0-0-0	0-0-0-0-0-0-0-0-0-0-0-0	0-0-0-0-0-0-0-0-0-0-0-0	0-0-0-0-0-0-0-0-0-0-0-0	0-0-0-0-0-0-0-0-0-0-0-0	0-0-0-0-0-0-0-0-0-0-0-0	0-0-0-0-0-0-0-0-0-0-0-0	0-0-0-0-0-0-0-0-0-0-0-0
319	1	1-1-1-1-1-1-1-1-1-1-1-1	2-1-1-1-2-2-2-1-1-1-2-1	1-2-1-1-2-1-2-2-3-2-4-2	2-2-2-2-1-0-2-1-2-0-2-1	0-0-1-3-2-1-2-0-2-2-5-1	2-1-1-1-1-4-1-3-2-1-3-0	1-1-2-2-1-4-3-2-1-1-1-1	1-1-2-1-1-2-3-1-1-2-1-2	2-2-2-1-1-3-2-1-2-1-1-3	2-2-1-3-2-1-1-5-0-5-2-1	2-2-2-2-2-1-2-2-2-2-3-1	2-1-1-1-2-2-1-2-2-1-2-3
319	2	1-1-1-1-1-1-1-1-1-1-1-1	1-1-1-2-1-1-1-2-1-1-3-3	2-3-3-3-3-1-3-3-1-1-2-1	3-1-1-3-3-3-1-3-1-0-3-4	4-0-4-5-1-2-3-3-1-1-1-2	1-3-2-1-1-5-2-1-1-1-6-3	2-1-1-1-1-1-1-3-1-1-3-2	1-2-3-3-2-1-1-3-2-1-3-1	1-1-1-2-3-1-1-3-1-2-3-1	1-2-1-1-3-1-3-1-4-1-1-1	1-1-1-1-1-1-1-1-1-1-1-1	1-2-4-1-1-1-2-1-1-1-1-1
319	3	1-1-2-1-1-1-1-1-2-1-1-2	1-1-1-2-1-1-1-3-3-4-2-2	9-5-2-2-2-5-4-2-1-4-1-4	4-4-1-2-2-2-1-2-1-0-4-2	2-0-2-1-4-2-4-2-3-1-1-2	4-4-5-1-3-2-4-1-3-3-9-3	5-3-1-3-4-3-1-2-3-1-2-5	8-2-2-4-2-1-1-4-4-1-2-1	3-5-3-3-2-1-2-4-1-1-2-1	3-3-3-1-2-4-2-1-0-1-3-2	3-1-1-1-3-3-1-3-3-3-1-3	1-3-5-3-3-1-1-1-1-1-1-1
319	4	4-4-4-4-4-4-4-4-1-4-4-4	5-6-4-2-1-1-2-5-3-3-3-3	2-4-2-2-5-3-5-2-5-5-5-3	3-3-3-2-2-2-4-2-5-6-3-2	2-0-2-2-3-5-3-2-3-6-1-2	3-3-3-1-3-2-5-4-1-4-1-4	3-0-4-1-3-1-4-5-4-4-2-3	1-2-3-5-2-1-4-3-3-1-3-1	3-1-3-3-6-1-1-3-5-5-4-4	1-3-4-1-2-3-2-1-2-1-5-2	1-11-8-4-1-1-2-3-3-3-1-3	1-3-2-3-1-1-2-1-1-2-1-1
319	5	4-5-5-5-5-5-4-5-5-6-4-6	4-4-7-2-5-1-2-4-4-3-2-6	2-5-2-2-4-3-4-5-4-4-4-5	3-3-6-2-2-3-8-2-4-6-6-2	2-0-2-2-3-4-4-5-6-1-1-2	3-3-3-1-5-2-6-6-5-6-8-4	3-0-4-1-3-5-8-4-7-1-3-3	1-2-1-4-2-1-5-3-3-2-3-1	1-3-3-3-6-1-8-2-4-5-4-8	8-3-5-6-8-8-9-7-2-1-4-1	1-4-1-5-1-1-1-9-3-3-1-3	1-8-2-3-1-1-2-1-1-5-1-5
319	6	7-7-7-8-8-7-7-7-6-7-6-7	7-4-5-7-9-7-9-7-7-8-7-7	8-7-7-8-7-10-7-7-7-8-7-6	8-6-7-7-7-7-5-8-7-8-5-7	7-7-7-8-3-4-7-7-5-7-7-7	7-7-3-8-8-8-5-7-5-5-7-7	7-9-1-7-7-6-5-6-5-6-7-7	1-5-7-7-8-7-5-8-3-8-7-1	6-7-8-7-6-7-7-7-7-6-7-10	8-7-10-8-7-7-7-8-6-7-7-5	7-6-7-8-7-7-7-7-7-7-8-3	6-5-6-7-7-5-4-6-7-8-1-6
319	7	6-6-6-6-6-6-6-6-6-6-6-6	6-9-5-6-6-10-6-6-6-9-6-6	6-6-6-6-6-6-6-6-6-9-8-8	6-6-6-6-6-6-5-6-8-10-8-6	6-6-6-6-3-8-6-6-8-6-6-6	6-6-3-6-5-6-8-6-7-7-6-6	6-9-8-6-8-7-10-8-5-8-6-7	1-5-6-6-2-6-8-6-3-8-6-1	1-6-3-3-7-6-6-6-8-6-7-7	2-6-6-6-6-6-6-5-2-6-6-5	6-7-8-11-6-6-9-10-6-6-6-3	9-5-6-6-6-1-2-1-6-1-8-9
319	8	6-6-7-6-6-6-6-6-11-7-6-11	6-5-5-6-6-6-10-6-10-7-6-7	6-9-6-6-6-6-7-6-6-9-7-7	9-9-9-6-10-9-5-6-7-6-7-10	6-6-10-6-3-7-9-9-7-6-6-6	6-8-3-6-6-6-7-9-7-5-5-9	11-7-7-8-7-8-7-7-5-7-8-10	3-4-9-9-10-8-7-6-10-6-6-1	8-3-8-9-9-1-8-6-7-6-4-5	6-3-8-6-6-5-6-6-9-9-6-9	8-1-7-6-6-11-1-8-5-6-6-3	8-5-8-8-8-1-4-8-7-6-7-7
319	9	6-6-11-6-6-7-6-6-6-6-6-6	7-7-5-10-6-7-8-7-8-7-10-6	6-8-8-6-9-8-8-8-8-7-6-6	8-8-8-6-10-8-8-6-7-8-7-8	10-8-8-6-8-9-8-10-8-10-10-6	10-8-10-9-5-9-8-8-1-5-3-8	6-7-3-6-7-8-7-7-9-9-8-8	3-9-11-10-10-8-7-6-8-7-6-8	3-8-10-8-8-9-9-7-8-6-10-5	6-2-6-8-6-10-5-5-8-8-6-8	8-7-6-7-5-8-7-5-7-1-1-3	8-5-6-8-7-1-9-1-7-8-1-7
319	10	6-6-10-10-6-6-11-11-10-6-11-7	7-7-5-10-6-7-11-10-8-7-11-11	10-11-11-6-10-6-10-10-8-10-11-10	8-10-9-9-8-9-10-6-7-7-10-8	9-6-8-6-10-10-9-9-7-10-9-10	9-10-9-10-10-11-9-9-10-7-1-9	10-7-10-10-7-10-7-7-10-6-8-8	10-9-9-9-9-11-7-9-8-10-10-10	10-10-9-8-9-1-10-7-10-1-9-5	11-10-6-6-10-9-6-5-8-10-6-10	8-7-7-10-5-10-10-10-10-10-8-10	10-5-10-10-10-10-9-10-10-10-1-7
319	11	11-11-11-11-11-11-10-11-11-11-11-11	9-7-11-10-11-11-10-6-8-11-10-10	10-10-11-10-11-11-11-11-6-11-11-11	11-11-11-11-11-11-10-11-11-11-11-8	11-10-8-11-11-11-10-11-7-11-2-6	11-11-11-6-11-10-11-11-11-11-11-9	8-11-11-11-7-11-11-10-11-11-6-11	11-11-9-11-11-10-9-6-8-8-9-10	3-11-11-11-2-11-11-5-11-1-9-5	10-11-11-11-11-11-11-6-8-11-11-11	10-11-11-7-7-8-10-11-11-11-11-11	8-5-11-8-6-11-11-1-11-11-11-7
320	0	0-0-0-0-0-0-0-0-0-0-0-0	0-0-0-0-0-0-0-0-0-0-0-0	0-0-0-0-0-0-0-0-0-0-0-0	0-0-0-0-0-0-0-0-0-0-0-0	0-0-0-0-0-0-0-0-0-0-0-0	0-0-0-0-0-0-0-0-0-0-0-0	0-0-0-0-0-0-0-0-0-0-0-0	0-0-0-0-0-0-0-0-0-0-0-0	0-0-0-0-0-0-0-0-0-0-0-0	0-0-0-0-0-0-0-0-0-0-0-0	0-0-0-0-0-0-0-0-0-0-0-0	0-0-0-0-0-0-0-0-0-0-0-0
320	1	0-1-0-0-1-1-0-0-0-1-1-0	0-0-0-0-0-0-0-0-0-1-0-0	0-0-2-0-0-0-2-0-0-0-0-0	2-0-2-0-0-0-1-0-0-0-0-6	0-6-2-0-2-0-2-0-0-0-1-0	0-1-0-0-0-0-0-1-1-0-0-2	2-0-0-2-1-1-0-0-0-0-3-1	0-0-0-1-0-2-0-0-2-1-0-0	2-0-2-0-6-0-1-1-2-0-1-0	1-1-1-1-0-1-0-0-2-1-1-0	1-0-0-0-1-1-0-1-1-1-1-1	3-1-1-1-1-1-1-0-1-1-1-0
320	2	2-2-2-2-2-2-2-2-2-2-2-2	3-2-2-2-2-2-3-3-1-2-3-3	4-3-1-3-3-2-3-3-0-2-3-3	1-0-1-3-3-3-1-5-2-0-2-1	5-0-1-3-1-2-3-3-1-2-2-5	3-0-3-2-2-5-3-3-2-2-4-6	4-2-2-1-2-3-3-3-0-2-0-3	3-3-3-3-2-1-2-2-1-2-3-0	1-0-1-3-3-2-1-1-1-2-3-2	1-4-2-1-3-3-4-2-1-0-0-3	0-0-0-2-4-0-0-1-1-3-2-2	1-2-2-1-0-2-2-0-2-3-3-2
320	3	3-3-2-3-3-3-2-3-3-3-3-3	5-3-2-2-3-4-2-6-3-4-2-2	1-2-5-2-2-6-2-2-6-4-4-2	4-4-4-2-2-5-4-2-2-3-6-1	2-1-1-2-4-4-4-4-4-3-5-2	4-5-5-3-3-4-4-2-3-3-6-2	2-3-3-1-4-2-3-2-3-4-1-4	2-2-2-4-2-1-3-2-4-1-3-0	3-6-4-3-2-3-1-4-0-3-2-3	4-2-1-4-2-2-4-3-1-4-3-2	3-7-3-0-4-3-0-3-1-2-3-3	1-3-4-1-1-3-2-3-2-2-2-2
320	4	4-4-4-4-5-3-4-4-4-4-4-4	6-4-6-2-6-3-2-3-3-3-3-5	2-3-3-2-2-3-5-3-6-3-5-5	3-3-3-3-2-3-3-2-5-5-3-1	2-1-1-2-3-6-3-3-3-2-3-2	3-3-3-0-4-3-5-4-4-4-2-4	2-4-4-1-3-4-3-5-4-3-4-3	7-2-2-5-2-1-5-3-3-5-2-0	4-3-3-2-4-3-5-3-10-4-2-3	3-2-4-4-2-2-5-4-5-3-3-2	3-5-6-0-3-3-0-3-1-3-5-3	1-3-3-1-3-4-2-4-4-5-5-4
320	5	4-5-5-4-4-5-5-5-5-6-5-4	3-6-4-2-5-6-1-5-6-6-2-4	2-5-3-2-2-3-4-5-6-6-6-4	3-3-6-2-2-3-5-2-6-4-3-1	2-1-1-6-3-4-6-5-6-3-3-2	2-3-3-2-5-2-6-6-5-5-5-2	1-6-5-1-3-4-6-6-7-5-0-6	6-2-2-4-2-1-4-6-3-4-3-0	5-3-6-3-1-3-4-5-5-4-2-3	6-2-5-4-2-6-4-5-5-3-11-2	3-6-4-10-6-0-4-4-1-3-4-3	1-4-3-1-2-5-2-4-6-6-4-6
320	6	5-5-4-4-4-6-4-6-5-4-5-5	7-5-4-6-4-5-7-3-5-5-7-4	11-6-7-7-7-3-7-7-6-3-5-7	6-3-5-6-7-7-5-9-5-5-3-1	7-1-1-7-3-4-7-7-5-7-6-6	7-7-7-2-5-8-5-5-5-5-7-7	6-5-5-1-3-5-5-5-5-5-7-7	5-7-11-7-2-6-5-5-3-2-6-0	7-3-5-8-1-3-1-7-4-6-4-6	5-2-9-6-7-5-6-5-5-3-7-2	3-5-4-7-5-7-0-9-7-7-6-3	1-6-6-1-7-5-4-3-4-6-5-5
320	7	7-7-7-7-7-7-7-7-7-7-7-7	6-8-7-6-5-8-11-8-6-3-6-8	8-7-6-6-6-3-8-7-7-9-8-6	6-7-6-6-6-6-5-6-8-7-7-1	6-1-1-6-3-8-6-6-7-7-6-6	6-6-9-3-10-3-8-7-7-7-6-7	1-7-4-1-11-7-10-6-5-7-6-6	7-6-6-6-2-1-10-5-3-7-6-0	6-3-3-3-1-7-0-6-6-6-5-10	8-2-7-6-6-7-6-5-2-3-6-6	0-5-4-8-6-6-0-3-6-6-6-3	7-6-6-1-6-5-2-4-7-6-8-5
320	8	8-9-8-8-8-8-8-8-8-8-7-7	8-7-7-8-8-7-9-7-9-3-6-9	8-8-10-6-8-9-7-9-9-7-7-8	8-8-8-6-6-9-9-6-7-8-8-1	6-8-1-5-8-7-9-9-7-8-6-8	8-8-7-8-7-10-7-7-7-5-0-9	8-9-8-1-8-9-5-9-5-4-8-8	9-7-2-7-4-9-7-6-3-8-8-10	8-10-3-6-9-8-0-10-5-4-6-8	7-8-7-9-10-5-9-5-10-10-9-2	10-8-8-9-8-8-9-8-10-8-4-3	8-3-8-1-8-9-2-8-8-9-7-2
320	9	7-8-11-11-9-8-8-11-7-11-7-7	6-5-7-11-11-7-8-10-8-11-11-10	10-9-8-11-10-10-10-8-8-10-10-10	10-8-8-11-9-10-8-6-10-8-10-10	10-8-1-6-8-9-10-10-7-8-10-6	9-9-7-8-7-10-7-9-5-5-5-7	11-8-5-9-8-9-5-10-4-11-9-10	8-6-2-10-10-8-7-11-3-8-9-8	11-8-9-10-8-10-10-9-5-11-9-8	9-9-6-8-8-9-10-11-8-8-8-2	8-9-8-8-8-9-8-6-9-9-10-10	8-9-8-9-9-8-9-8-7-8-7-5
320	10	11-11-9-10-10-7-8-10-11-11-10-11	10-11-7-9-10-11-8-9-11-10-10-9	9-8-8-9-9-9-9-8-8-9-9-9	9-9-8-10-9-9-8-6-9-10-9-9	9-9-1-10-3-10-9-9-9-10-9-6	9-10-10-10-7-9-9-9-7-5-5-10	9-7-5-1-7-7-5-9-4-11-9-9	8-10-3-9-9-8-7-9-3-8-9-8	8-8-9-9-10-9-9-9-4-9-10-7	8-9-10-8-8-9-9-5-8-8-0-2	8-9-8-8-8-8-8-11-8-9-9-9	0-9-8-1-10-5-9-8-7-8-7-5
320	11	11-11-11-9-11-11-11-11-11-11-11-11	10-5-11-9-11-10-10-9-10-11-9-9	10-11-11-9-11-9-11-11-8-11-11-11	9-11-11-11-11-11-8-6-11-11-11-9	9-8-11-11-8-11-9-10-11-11-5-6	11-11-10-11-11-8-11-11-11-11-11-10	9-11-11-11-7-11-11-11-11-10-9-11	11-11-6-11-11-8-7-9-10-11-9-11	9-11-3-11-9-11-11-6-11-9-10-8	7-11-11-11-11-9-11-9-11-11-11-11	8-11-11-8-11-3-10-11-11-11-11-11	11-9-11-1-10-11-11-8-11-11-7-11
321	0	0-0-0-0-0-0-0-0-0-0-0-0	0-0-0-0-0-0-0-0-0-0-0-0	0-0-0-0-0-0-0-0-0-0-0-0	0-0-0-0-0-0-0-0-0-0-0-0	0-0-0-0-0-0-0-0-0-0-0-0	0-0-0-0-0-0-0-0-0-0-0-0	0-0-0-0-0-0-0-0-0-0-0-0	0-0-0-0-0-0-0-0-0-0-0-0	0-0-0-0-0-0-0-0-0-0-0-0	0-0-0-0-0-0-0-0-0-0-0-0	0-0-0-0-0-0-0-0-0-0-0-0	0-0-0-0-0-0-0-0-0-0-0-0
321	1	1-1-1-1-1-1-1-1-2-1-1-1	2-0-0-2-1-1-2-2-2-2-2-2	3-1-2-2-2-2-2-2-1-2-1-1	2-1-2-1-2-2-0-2-0-2-0-3	2-2-2-2-2-0-2-2-0-3-1-2	3-2-2-2-1-3-2-2-0-0-0-3	4-0-0-1-1-4-0-2-0-0-3-2	1-4-3-2-1-2-1-2-2-1-2-1	8-3-2-2-1-1-3-2-4-1-1-2	2-2-0-1-2-4-2-4-2-9-2-1	3-2-1-1-2-2-1-3-2-2-1-2	1-2-2-2-2-4-2-1-1-2-0-0
321	2	2-2-2-2-2-2-2-2-1-2-2-2	1-4-3-1-3-1-1-1-1-1-1-1	1-1-1-4-1-1-3-1-1-4-3-1	1-1-1-1-1-1-0-1-3-1-3-1	1-1-1-1-1-3-3-1-2-1-1-1	1-1-1-1-1-1-3-1-2-0-13-2	1-2-4-2-2-0-3-1-2-2-1-1	0-1-1-1-2-1-2-1-1-2-1-1	0-1-1-1-5-1-1-1-6-1-1-1	1-1-2-3-1-0-1-0-1-1-1-3	2-1-4-2-1-1-1-4-1-1-2-1	3-1-1-1-1-1-1-3-3-1-2-2
321	3	2-3-2-3-3-3-3-1-1-3-3-3	4-2-2-4-2-3-1-4-1-4-4-2	1-3-4-4-4-1-2-4-4-3-2-4	4-4-4-3-1-1-2-1-2-5-2-1	3-1-1-5-1-2-4-1-5-1-7-8	1-1-4-1-3-1-4-1-3-3-14-1	1-7-3-1-2-0-2-4-3-5-1-4	1-1-1-2-1-1-3-1-1-6-1-6	1-1-2-3-1-3-1-1-2-2-3-6	2-3-0-4-4-0-4-0-1-1-1-2	1-5-0-3-3-2-1-1-1-3-3-2	2-3-3-1-1-1-1-2-2-1-0-3
321	4	3-4-6-6-4-3-1-4-4-4-2-3	3-2-2-3-5-3-1-3-4-3-3-4	1-4-3-5-3-1-4-3-3-2-4-3	3-5-3-3-4-4-5-1-3-3-2-13	5-4-4-3-1-2-3-5-3-8-8-4	9-8-3-1-3-3-3-8-4-0-12-5	1-3-2-4-5-1-2-3-3-6-9-5	4-4-1-1-2-6-2-2-1-4-8-4	1-1-5-4-4-4-9-4-1-4-4-3	2-1-2-3-3-1-4-5-4-4-7-2	12-3-2-3-3-1-2-4-1-4-3-2	8-3-3-1-7-1-2-5-1-4-8-3
321	5	5-5-5-6-7-7-6-7-5-6-6-6	3-2-6-8-6-6-8-5-8-6-7-6	5-5-6-6-6-6-6-6-7-6-6-5	6-6-3-6-6-6-5-6-6-3-6-7	6-5-7-6-6-5-6-6-3-5-6-6	6-6-6-9-6-8-6-6-4-0-0-7	5-5-6-4-4-1-3-3-3-3-6-4	6-6-6-6-5-4-2-5-1-5-6-3	1-1-4-5-13-3-1-4-7-9-6-7	6-4-7-4-4-6-12-6-8-1-4-6	4-3-2-3-14-7-1-4-4-4-3-5	4-3-8-1-1-1-7-4-6-6-8-5
321	6	5-5-5-5-5-5-5-5-5-5-5-5	7-8-5-5-7-5-7-6-5-7-5-5	1-7-5-5-5-11-5-5-5-8-7-5	5-7-5-5-5-5-7-5-5-6-5-5	5-5-5-5-8-5-7-5-6-6-5-5	7-7-8-6-5-9-7-5-6-6-15-6	7-6-5-6-7-6-7-7-6-7-5-7	6-5-9-7-6-4-2-8-7-3-5-7	6-1-7-6-6-8-6-7-12-5-5-3	7-6-6-7-3-5-7-5-4-1-10-5	6-6-2-3-7-6-1-10-9-7-3-6	4-6-5-6-6-6-6-6-5-7-6-7
321	7	5-9-7-5-5-5-5-5-5-5-5-5	6-9-8-5-6-5-6-8-6-6-5-8	1-6-5-5-5-6-8-9-5-9-8-8	6-6-8-5-5-5-8-5-8-8-9-5	5-4-5-3-6-9-6-6-6-10-3-5	6-6-6-6-3-5-8-5-6-12-10-7	6-3-9-6-6-9-8-8-13-7-5-6	8-5-6-8-5-4-7-6-6-8-4-6	6-1-6-6-7-6-4-6-8-5-8-5	6-6-7-9-6-5-8-4-1-1-4-8	6-6-11-3-8-5-11-6-6-8-8-8	4-6-5-6-6-7-5-7-13-6-11-11
321	8	7-5-8-8-5-5-8-5-10-5-5-8	7-9-7-5-11-9-5-10-5-5-5-7	1-8-5-5-9-6-7-10-7-6-9-7	6-7-9-5-5-5-10-5-9-7-7-4	5-4-5-3-6-7-8-10-9-6-4-5	5-4-6-6-8-5-9-7-8-8-10-6	5-6-7-4-6-6-9-9-8-8-1-6	7-6-7-7-5-4-10-6-7-7-4-6	1-1-7-6-8-6-1-4-7-8-7-9	11-6-8-7-7-8-7-8-5-1-1-7	6-6-9-12-7-5-1-11-6-7-7-7	4-3-5-6-6-9-5-7-7-7-9-9
321	9	8-7-8-5-5-10-5-5-8-5-5-10	12-7-7-5-11-12-5-11-10-5-9-10	6-9-5-5-8-7-10-7-8-7-8-9	10-7-8-10-5-5-10-5-8-8-7-5	9-5-5-13-6-7-10-8-8-9-10-5	6-4-6-6-8-6-8-9-8-9-8-10	5-6-7-4-6-6-8-8-8-8-4-12	7-5-6-10-10-4-8-6-6-7-4-9	6-1-6-9-6-11-4-4-9-10-9-13	6-6-9-7-11-16-8-9-5-1-4-7	6-11-8-3-3-10-1-6-6-6-10-6	9-11-9-1-6-10-9-9-7-9-8-8
321	10	10-5-13-10-10-9-8-5-8-10-10-9	9-12-7-5-8-9-13-8-9-5-11-9	6-10-12-12-11-12-11-12-12-12-11-11	9-8-11-9-14-12-8-12-12-11-7-5	9-5-5-11-6-7-9-8-11-12-9-5	6-5-9-11-10-5-8-9-10-10-8-9	5-14-10-6-6-11-9-8-10-14-5-11	7-10-12-9-9-4-8-6-6-10-9-11	6-1-6-6-6-9-1-9-9-9-10-9	10-6-10-7-3-13-8-12-5-1-6-7	6-9-8-3-12-9-1-6-6-6-9-6	9-6-9-1-6-9-11-9-7-5-8-12
321	11	12-11-10-10-11-8-8-12-8-10-16-14	12-10-7-12-9-12-10-12-12-9-12-12	15-12-13-10-10-6-12-10-10-10-14-10	12-12-12-10-10-12-12-5-10-8-12-4	12-4-12-10-12-7-12-12-9-12-13-12	12-12-12-10-10-13-12-7-10-10-12-12	5-10-10-6-6-11-8-12-10-11-12-10	6-10-13-12-9-4-8-13-6-11-13-12	6-1-12-13-11-9-15-14-9-9-13-9	10-12-13-12-12-9-8-14-12-1-12-11	14-9-7-14-10-5-7-12-6-6-9-6	4-9-11-11-12-12-10-9-7-11-7-7
321	12	11-12-12-12-11-12-14-12-12-13-13-12	11-13-13-5-9-9-14-11-11-6-11-11	16-12-11-10-10-13-11-10-13-10-13-13	11-11-11-11-10-11-13-10-13-14-13-4	10-12-11-10-11-13-11-11-13-11-11-11	11-11-13-11-13-11-13-12-12-7-11-11	6-14-14-4-13-12-13-11-10-14-11-9	7-11-10-11-11-4-13-13-6-13-11-11	11-12-11-11-12-9-4-4-6-13-8-14	12-11-12-13-11-9-5-10-11-12-11-13	11-9-8-12-10-16-1-11-6-6-9-12	13-3-9-11-11-11-10-14-13-15-12-10
321	13	12-12-10-12-13-13-12-12-12-12-12-14	14-12-12-14-8-14-15-14-14-14-11-14	14-14-14-10-11-14-11-14-14-14-12-12	14-13-14-10-10-14-14-5-12-13-12-14	5-14-5-10-13-12-14-11-12-11-11-11	14-14-12-11-13-11-12-13-8-6-2-11	14-12-12-13-14-15-12-14-10-13-13-14	8-11-14-11-9-14-12-12-14-13-11-13	6-13-14-11-11-9-13-14-9-14-11-9	13-6-11-14-14-9-8-9-13-13-11-12	13-9-13-3-10-16-13-13-14-13-9-6	12-13-14-13-11-11-10-13-7-13-12-12
321	14	14-16-14-14-15-14-12-14-12-14-14-16	13-15-12-13-9-13-12-11-13-13-11-13	13-13-13-10-15-13-15-13-13-15-11-15	13-14-13-10-10-13-13-5-15-15-15-13	5-13-5-10-13-14-13-14-15-11-13-13	13-13-11-11-12-11-15-14-14-14-13-14	13-12-12-13-13-14-11-13-10-12-11-13	15-10-13-14-14-13-12-12-13-14-11-11	13-13-13-11-14-14-13-13-14-13-14-12	13-11-12-13-13-15-6-11-13-13-11-12	11-15-14-11-5-14-13-11-13-6-9-6	4-13-13-13-11-14-10-12-14-13-8-8
321	15	16-15-16-16-14-15-16-16-16-16-16-16	16-14-12-16-16-16-16-16-16-16-16-16	15-16-16-16-14-16-15-15-15-14-16-14	13-15-16-16-15-15-16-13-14-13-14-13	15-16-5-10-13-14-16-16-14-10-15-13	15-13-16-15-12-13-14-16-14-10-6-13	16-14-15-13-15-13-8-16-10-16-16-15	14-15-16-15-15-13-15-16-6-16-15-15	15-13-15-15-16-15-11-16-9-16-16-12	15-15-11-12-15-15-16-16-15-13-16-16	16-14-15-14-15-15-13-15-15-16-9-12	16-15-15-13-15-15-15-15-15-15-15-16
321	16	16-16-15-15-16-16-15-16-15-15-15-15	15-14-16-15-15-15-15-15-15-16-15-15	15-15-16-15-16-15-16-15-15-16-15-14	13-16-15-15-16-16-15-16-16-16-16-13	15-15-16-16-13-16-15-15-14-16-13-11	16-16-16-16-16-11-16-15-16-16-16-16	15-16-16-16-15-16-9-15-16-16-15-15	16-15-15-16-16-15-12-15-13-15-11-16	6-16-16-16-15-16-16-15-16-15-15-12	15-15-16-16-16-9-15-15-13-16-16-16	15-16-16-16-16-12-16-16-16-15-16-16	15-16-16-13-15-16-16-13-16-16-16-15
322	0	0-0-0-0-0-0-0-0-0-0-0-0	0-0-0-0-0-0-0-0-0-0-0-0	0-0-0-0-0-0-0-0-0-0-0-0	0-0-0-0-0-0-0-0-0-0-0-0	0-0-0-0-0-0-0-0-0-0-0-0	0-0-0-0-0-0-0-0-0-0-0-0	0-0-0-0-0-0-0-0-0-0-0-0	0-0-0-0-0-0-0-0-0-0-0-0	0-0-0-0-0-0-0-0-0-0-0-0	0-0-0-0-0-0-0-0-0-0-0-0	0-0-0-0-0-0-0-0-0-0-0-0	0-0-0-0-0-0-0-0-0-0-0-0
322	1	1-1-1-1-1-1-1-1-1-1-1-1	2-1-0-1-0-1-0-0-1-0-1-0	3-2-2-2-2-2-2-0-2-1-2-3	2-1-1-4-2-2-0-2-2-2-2-2	2-0-3-2-1-1-2-2-1-1-11-2	1-0-2-1-1-3-2-2-1-1-10-2	1-1-1-0-1-1-1-2-0-1-1-2	2-1-1-0-1-0-1-2-1-1-1-0	0-1-1-0-2-1-1-4-1-1-3-1	1-1-1-0-2-2-1-1-6-0-3-2	0-1-0-0-0-0-0-0-0-1-1-1	0-1-1-1-2-1-1-0-2-2-2-1
322	2	2-2-2-2-2-2-2-2-2-2-2-2	3-2-2-1-2-2-2-5-2-2-1-2	0-3-1-1-1-5-5-4-1-5-6-1	1-3-3-1-1-4-2-1-1-2-5-1	1-0-1-1-3-1-3-3-3-2-4-1	1-2-4-8-2-1-3-2-2-2-2-2	2-2-2-2-3-2-2-1-2-2-2-1	8-1-1-3-2-3-2-3-6-2-4-2	2-4-2-2-1-2-2-3-1-2-1-3	3-2-2-3-1-1-2-2-0-4-2-1	2-5-2-0-3-2-2-2-2-3-2-2	2-2-4-3-2-2-2-2-1-1-1-2
322	3	3-3-3-3-3-3-3-3-3-3-3-3	2-4-3-1-3-4-4-4-2-2-1-4	1-2-4-1-1-2-4-4-4-4-4-1	2-2-2-1-1-1-4-1-4-3-4-1	1-0-1-1-2-4-2-2-2-3-2-1	1-2-2-2-2-1-4-3-3-3-1-3	3-2-4-2-2-3-3-4-9-2-1-4	3-1-1-2-3-2-3-2-2-3-2-0	3-2-2-2-3-3-2-2-4-2-1-2	2-4-3-2-1-2-1-3-1-2-1-1	3-6-4-11-2-4-4-2-2-2-3-2	3-2-2-2-4-4-1-11-5-4-4-3
322	4	4-4-4-4-3-5-3-4-3-5-4-4	3-5-3-1-4-3-3-3-2-2-1-3	0-4-3-4-1-0-3-5-3-4-5-5	2-2-5-1-1-2-5-1-5-5-3-0	1-0-0-4-2-3-5-4-5-4-2-1	1-2-2-5-4-1-5-3-4-4-5-3	2-5-3-2-2-4-5-3-5-4-2-3	4-1-1-2-4-0-5-2-2-4-2-0	4-2-2-2-4-4-5-2-5-5-1-4	5-3-4-3-4-11-10-4-3-2-5-1	5-3-3-6-5-3-3-2-2-4-2-2	5-3-2-5-4-3-2-3-5-5-3-3
322	5	4-4-4-4-5-4-4-4-4-4-4-4	6-4-4-5-4-6-7-6-6-2-6-6	6-6-6-6-6-2-6-6-7-2-4-6	6-6-6-6-6-6-4-7-6-4-2-5	7-4-6-6-2-3-6-6-4-6-5-6	2-7-6-5-4-7-4-5-4-4-4-7	6-4-4-2-6-7-4-3-4-2-7-6	4-6-11-6-6-5-4-5-5-5-5-0	4-2-4-6-11-2-2-6-4-4-6-5	4-1-4-5-5-4-5-7-5-2-4-5	4-2-3-4-4-4-4-5-2-5-5-2	4-5-5-5-2-5-2-3-3-4-4-3
322	6	6-6-6-6-6-6-6-6-6-5-4-6	5-8-7-5-6-5-5-5-5-7-5-7	5-5-5-5-5-5-5-7-4-7-7-5	5-5-7-5-5-5-4-5-7-7-7-5	5-0-5-5-2-7-5-5-6-5-5-5	2-5-5-6-6-5-7-6-6-6-9-6	5-6-7-5-7-6-11-5-3-6-5-5	6-5-5-7-5-8-9-8-2-6-11-0	4-6-7-5-6-2-4-5-7-4-8-9	7-1-4-7-7-2-5-4-1-4-11-8	6-3-3-4-11-7-8-2-2-6-5-2	7-2-5-2-11-9-11-3-9-5-9-9
322	7	6-6-6-7-7-7-6-9-6-7-6-7	8-6-6-5-4-7-5-8-6-6-8-6	5-7-5-5-8-9-8-8-8-8-6-9	8-8-9-8-5-5-6-5-6-8-6-5	5-0-5-9-8-6-8-7-8-7-5-5	8-5-9-5-7-5-8-5-7-7-3-5	8-9-6-10-6-5-4-8-7-8-5-5	6-5-5-6-4-7-6-6-2-8-11-8	4-7-6-5-5-9-7-7-6-4-5-10	6-2-4-8-9-4-8-4-10-7-7-1	2-8-3-7-7-7-7-2-2-7-8-2	6-7-9-7-6-9-6-7-6-4-6-7
322	8	8-11-11-8-8-11-8-10-6-8-11-11	7-6-6-10-10-7-10-7-9-6-7-10	11-8-9-9-7-10-8-9-7-9-7-8	7-7-7-7-5-9-9-10-6-7-7-8	8-9-8-7-7-9-7-9-7-8-8-8	7-9-7-9-7-5-7-9-4-6-4-9	7-7-6-8-9-4-10-7-7-7-5-5	2-5-5-6-10-9-6-6-2-9-9-7	8-7-8-8-5-8-9-8-4-4-6-7	4-2-4-7-7-4-7-4-9-9-9-6	8-7-4-7-7-9-9-7-9-8-7-2	9-7-8-7-9-8-8-8-5-8-6-3
322	9	10-9-11-9-6-9-11-7-9-11-9-7	11-3-6-11-6-7-11-11-9-8-10-10	10-8-10-10-10-10-9-8-7-10-10-7	10-9-7-8-10-8-8-9-10-7-9-9	10-8-9-7-10-10-10-10-7-8-10-9	9-9-10-8-7-10-10-10-10-6-6-10	9-7-10-9-8-9-4-7-10-9-9-10	9-9-9-9-9-8-6-10-2-8-9-7	9-7-9-9-10-7-8-7-4-4-9-6	8-9-4-8-7-9-9-10-8-8-8-9	8-2-3-7-6-10-8-9-8-8-7-9	8-7-9-9-8-7-9-3-6-8-6-6
322	10	10-10-11-11-10-10-6-8-10-11-11-11	7-6-6-9-11-8-8-11-9-10-11-9	11-9-11-9-9-9-9-10-11-9-9-10	9-10-7-8-9-9-10-9-9-10-9-10	9-11-9-7-10-9-9-9-7-10-9-9	9-9-9-10-10-11-9-9-10-10-1-9	10-7-9-7-10-10-8-11-9-11-9-9	10-9-9-9-8-11-6-9-10-10-10-11	11-10-10-10-10-10-10-10-9-10-9-7	11-9-4-7-7-7-7-9-7-10-9-9	8-10-10-7-10-9-10-10-10-8-9-10	8-7-10-10-10-9-10-10-6-10-6-3
322	11	11-11-11-11-11-11-11-11-11-11-11-11	10-10-11-9-11-8-9-10-9-11-10-10	10-11-10-9-11-11-11-11-10-11-10-11	10-11-11-11-11-11-10-11-11-11-11-8	9-10-11-11-10-11-10-11-11-11-1-7	11-11-11-11-11-10-11-11-11-11-11-11	10-11-11-11-10-11-6-10-11-10-10-11	11-11-5-11-11-10-6-10-5-11-7-10	10-11-11-11-5-11-11-10-11-11-9-6	10-11-11-11-11-4-11-7-11-11-11-11	8-11-11-11-6-10-11-11-11-11-11-11	8-6-11-10-6-11-11-3-11-11-11-11
323	0	0-0-0-0-0-0-0-0-0-0-0-0	0-0-0-0-0-0-0-0-0-0-0-0	0-0-0-0-0-0-0-0-0-0-0-0	0-0-0-0-0-0-0-0-0-0-0-0	0-0-0-0-0-0-0-0-0-0-0-0	0-0-0-0-0-0-0-0-0-0-0-0	0-0-0-0-0-0-0-0-0-0-0-0	0-0-0-0-0-0-0-0-0-0-0-0	0-0-0-0-0-0-0-0-0-0-0-0	0-0-0-0-0-0-0-0-0-0-0-0	0-0-0-0-0-0-0-0-0-0-0-0	0-0-0-0-0-0-0-0-0-0-0-0
323	1	0-1-0-0-1-1-0-0-0-0-1-0	0-0-0-0-0-0-1-0-1-0-0-0	2-2-2-0-0-2-2-0-0-0-2-0	2-0-2-0-0-0-2-1-0-0-0-9	0-0-2-1-2-0-2-0-0-0-1-0	6-1-0-0-0-0-0-1-1-0-0-2	1-0-0-13-0-1-0-2-0-0-1-0	1-0-0-0-0-2-0-0-0-1-0-0	1-2-2-0-0-0-2-0-0-1-1-1	0-0-1-0-0-0-0-0-1-2-5-0	0-0-0-0-0-1-1-1-5-0-1-1	1-1-1-1-1-1-1-0-1-1-0-0
323	2	2-2-2-2-2-2-2-2-2-2-2-0	3-0-3-2-0-0-1-3-1-2-5-3	1-3-1-3-3-1-3-1-2-2-3-3	3-3-3-3-3-3-1-5-3-0-3-1	3-0-6-3-1-2-3-2-2-5-3-3	3-1-2-2-2-3-2-3-2-2-3-1	2-2-2-1-2-0-2-3-0-2-3-2	2-2-2-2-2-1-2-3-2-0-2-0	2-1-1-0-10-0-1-2-1-4-2-2	2-2-2-3-3-3-0-2-2-1-1-6	0-2-0-0-0-1-1-0-1-2-2-2	0-2-2-1-5-2-2-0-0-2-0-0
323	3	3-3-3-3-3-3-3-3-3-3-3-3	4-3-2-2-4-4-4-3-3-4-2-4	1-4-2-2-2-8-2-4-4-2-4-2	5-4-4-2-2-2-3-2-2-3-2-1	2-1-2-2-4-2-4-2-3-3-5-2	2-5-4-12-3-2-4-2-3-3-12-3	2-3-3-1-4-3-3-4-3-4-2-6	3-2-3-4-3-4-3-7-6-3-3-0	3-4-3-3-2-5-3-4-3-3-2-3	4-3-3-2-2-2-3-6-3-4-3-2	6-3-3-0-3-3-1-6-6-4-4-3	0-3-1-3-3-3-2-3-3-4-0-3
323	4	4-4-4-4-4-4-4-4-4-4-4-4	3-4-4-2-3-4-3-5-3-3-2-5	1-3-2-2-2-3-5-6-5-6-5-5	3-3-5-3-2-2-5-2-5-5-6-1	2-7-2-2-3-5-3-5-3-7-6-2	2-3-3-3-3-2-5-5-3-4-4-3	2-3-5-11-3-3-5-3-4-3-2-3	5-2-3-3-2-3-4-3-5-5-3-0	4-3-3-3-0-3-0-3-5-3-5-3	3-2-4-6-2-2-5-3-2-3-3-3	3-3-8-4-5-4-1-3-3-5-3-5	0-3-1-1-15-4-2-5-14-6-4-7
323	5	6-5-5-5-5-8-5-5-6-5-5-5	6-8-4-2-7-6-1-7-3-3-2-4	1-5-5-2-6-3-4-7-6-3-6-4	3-4-6-6-2-3-5-2-6-4-4-1	2-0-1-5-3-4-5-7-6-7-3-2	2-3-3-1-5-2-6-4-5-5-6-3	3-3-4-1-3-5-6-6-5-5-2-3	4-2-2-4-2-0-7-3-4-4-3-0	6-1-4-3-5-3-0-3-4-5-4-3	2-2-5-4-5-2-4-6-2-1-7-2	3-3-6-9-4-1-1-0-1-4-3-4	6-3-1-1-7-9-3-4-4-4-6-6
323	6	5-4-5-6-6-7-5-6-5-6-7-5	7-5-4-2-8-6-1-5-8-8-6-8	3-6-7-2-5-7-7-7-5-4-5-6	7-4-5-7-2-2-7-2-8-4-4-1	7-0-2-7-3-4-7-5-5-6-4-2	11-3-3-2-5-2-5-6-5-6-5-3	3-3-4-1-3-3-5-5-5-5-2-3	4-6-3-3-7-1-5-3-3-5-8-0	5-3-3-6-8-8-0-7-8-8-6-6	11-3-6-4-8-15-6-5-2-1-3-2	3-3-5-0-5-7-7-3-3-3-8-3	6-8-6-7-6-7-6-6-4-4-5-5
323	7	7-10-9-7-7-7-5-7-5-8-7-6	6-5-4-2-5-6-9-8-6-6-8-6	1-8-9-10-6-6-8-9-8-9-8-8	6-7-8-6-9-9-6-6-6-4-4-6	6-4-2-8-3-4-6-5-8-8-6-7	3-4-8-8-7-0-5-6-7-8-5-6	3-7-7-1-3-7-5-6-8-10-7-3	6-7-9-6-6-8-5-3-3-7-6-0	3-3-3-3-8-6-1-6-6-6-7-6	9-3-7-6-8-2-8-12-7-1-5-2	3-3-5-0-5-6-7-3-3-3-6-3	6-3-6-6-6-6-8-6-4-6-5-14
323	8	8-9-9-9-7-5-8-8-8-7-8-5	7-5-4-8-6-5-7-7-6-6-9-6	9-7-9-7-9-3-9-9-7-7-9-7	9-9-9-7-10-9-5-9-6-4-4-8	11-1-8-7-3-2-9-9-7-7-8-8	3-8-11-7-7-10-4-8-7-7-3-10	9-9-7-1-9-8-5-9-7-8-9-3	6-8-11-9-6-7-5-8-3-7-6-3	8-1-3-9-8-6-3-9-6-6-10-6	7-11-8-5-9-6-9-5-9-1-8-8	3-3-5-5-7-8-1-8-3-10-6-3	0-6-8-9-11-6-7-4-4-8-5-7
323	9	9-9-9-9-9-9-11-9-9-9-9-9	12-10-10-8-6-10-7-7-7-10-8-7	8-9-8-7-8-10-8-7-7-7-10-8	8-8-8-8-8-8-10-8-10-10-9-1	8-0-8-8-2-10-10-8-10-7-8-8	3-8-8-7-12-8-10-9-9-9-5-8	8-8-10-1-8-9-10-10-7-9-8-6	9-8-7-8-8-10-12-8-3-9-12-0	8-1-10-8-9-9-15-8-6-5-5-11	7-8-9-6-8-11-8-10-8-15-8-8	15-6-5-5-13-6-1-10-3-3-6-8	12-6-6-8-7-7-9-0-4-8-5-7
323	10	10-9-9-11-10-11-10-9-11-13-10-9	11-9-9-10-10-9-11-11-6-9-11-11	10-11-11-7-8-11-11-11-11-7-9-11	11-10-11-10-8-11-9-8-9-9-9-12	8-11-13-6-11-9-11-11-9-7-10-8	11-10-9-10-10-12-9-9-7-9-11-8	15-8-9-11-10-8-9-9-7-8-12-10	10-8-12-9-9-11-9-8-3-10-10-12	12-12-11-8-14-6-12-12-6-10-8-6	11-2-8-10-11-11-9-6-12-14-12-8	12-3-11-11-7-8-11-10-12-8-6-10	11-3-10-11-12-6-7-15-4-12-5-9
323	11	11-15-11-11-11-11-11-11-10-12-10-11	10-9-9-10-9-9-10-10-12-12-8-10	10-10-10-7-8-10-12-10-10-10-12-10	10-10-10-10-8-10-10-8-11-12-10-10	8-10-10-8-10-11-10-10-12-7-8-8	10-10-8-10-10-10-11-11-11-11-10-11	8-12-9-11-10-11-11-10-11-7-10-11	9-8-8-10-9-10-11-8-10-11-10-10	10-10-10-10-9-10-10-10-11-10-2-9	10-8-9-11-10-9-8-7-10-10-10-8	10-12-10-10-15-10-10-10-10-10-6-8	10-3-10-10-10-11-6-10-4-10-14-5
323	12	11-12-15-9-12-9-12-12-12-11-12-13	9-9-9-13-9-9-10-14-11-11-15-15	10-12-13-15-13-13-13-10-13-13-11-13	13-10-13-13-13-13-15-8-12-11-12-10	13-10-14-13-10-12-13-13-11-7-13-13	13-14-13-14-9-10-13-13-11-11-3-13	13-14-9-10-13-8-11-13-7-13-13-13	9-8-15-12-13-10-9-8-13-10-10-10	10-10-13-13-15-6-10-13-11-10-12-6	13-13-9-11-13-12-12-5-10-10-10-14	10-11-5-10-7-12-10-10-10-13-6-12	9-3-10-8-10-11-13-10-4-10-5-7
323	13	13-13-13-13-15-13-13-13-13-13-13-12	13-14-15-12-13-15-12-14-14-12-10-12	10-12-12-12-12-12-12-10-12-12-14-12	12-10-12-12-12-12-14-8-14-14-14-10	12-10-10-12-12-12-14-12-14-13-12-12	12-12-12-15-13-10-14-12-13-13-10-13	12-12-13-1-14-13-14-14-13-13-12-12	9-12-12-12-12-10-9-8-12-12-10-10	10-10-12-12-13-13-13-12-13-14-12-9	12-12-9-14-12-12-12-14-13-10-12-14	10-11-14-13-14-10-10-10-14-12-12-4	13-14-10-13-12-13-12-13-4-10-11-7
323	14	13-13-12-14-15-13-13-15-14-15-13-15	13-13-13-12-13-15-10-12-13-11-10-12	10-14-12-12-12-10-13-14-14-13-13-14	15-14-14-15-12-12-13-8-13-13-13-10	12-14-12-12-14-13-13-12-13-14-12-14	12-12-12-14-13-10-13-12-13-13-5-14	15-12-4-14-13-14-13-13-13-9-12-14	9-14-14-12-12-14-9-8-14-9-14-10	14-10-11-14-14-14-14-13-13-13-12-6	14-14-14-13-12-12-13-13-14-10-14-12	14-11-13-13-13-14-10-14-13-14-6-14	9-13-10-14-14-6-7-10-4-14-11-7
323	15	15-15-15-15-15-15-14-15-15-14-15-15	13-13-15-12-15-14-12-12-13-15-12-12	10-15-15-12-15-15-15-15-14-15-15-15	14-15-14-14-15-15-13-8-15-15-15-10	15-14-15-15-15-15-14-15-13-15-8-8	15-15-12-13-15-10-15-15-15-15-15-14	12-15-15-15-13-15-6-14-15-15-10-15	15-15-12-15-15-10-15-8-14-15-14-10	14-15-15-15-12-15-15-13-15-15-12-6	14-15-15-15-15-6-15-14-15-15-15-15	9-11-13-13-7-15-10-15-15-15-6-15	15-13-15-13-13-15-15-10-15-15-15-15
324	0	0-0-0-0-0-0-0-0-0-0-0-0	0-0-0-0-0-0-0-0-0-0-0-0	0-0-0-0-0-0-0-0-0-0-0-0	0-0-0-0-0-0-0-0-0-0-0-0	0-0-0-0-0-0-0-0-0-0-0-0	0-0-0-0-0-0-0-0-0-0-0-0	0-0-0-0-0-0-0-0-0-0-0-0	0-0-0-0-0-0-0-0-0-0-0-0	0-0-0-0-0-0-0-0-0-0-0-0	0-0-0-0-0-0-0-0-0-0-0-0	0-0-0-0-0-0-0-0-0-0-0-0	0-0-0-0-0-0-0-0-0-0-0-0
324	1	1-1-1-1-1-1-1-1-1-1-1-1	1-1-0-1-0-1-0-0-1-0-2-0	4-2-2-1-2-2-2-2-0-1-3-2	2-0-2-2-2-2-0-1-1-1-2-0	2-0-2-3-2-1-2-2-1-0-12-2	2-2-2-0-1-1-1-1-1-1-7-0	1-1-1-0-1-0-1-2-1-1-2-2	1-1-2-1-1-0-1-2-1-1-1-0	0-0-0-1-2-0-0-1-1-1-1-1	2-1-1-0-2-2-1-1-1-0-0-1	0-1-1-0-1-1-0-1-0-1-1-1	0-1-1-1-0-1-1-0-2-2-2-1
324	2	2-2-2-2-2-2-2-2-2-2-2-2	3-2-2-1-2-2-3-3-2-3-1-2	0-3-1-1-1-5-1-1-3-3-2-1	4-3-3-1-1-1-2-1-1-2-4-0	1-2-1-1-3-1-3-1-3-2-4-1	1-3-4-2-2-1-3-1-2-2-9-2	4-2-2-2-3-2-2-3-2-2-1-9	2-1-1-3-5-3-2-3-5-3-4-0	2-5-3-2-1-2-2-3-1-2-1-2	3-2-2-2-1-1-3-2-3-3-2-1	2-5-2-0-2-2-0-2-2-3-2-2	2-2-3-2-0-2-2-2-1-1-1-1
324	3	3-3-3-3-3-3-3-3-3-3-3-3	2-3-3-1-4-3-2-2-2-2-1-2	1-2-0-1-1-2-4-2-2-2-4-4	2-2-4-1-1-1-4-1-4-3-4-0	1-0-1-1-2-5-2-2-2-5-2-1	1-2-2-2-2-1-4-2-2-3-1-3	1-3-3-2-2-3-2-2-2-2-2-1	3-1-2-2-1-2-3-2-2-2-2-0	3-3-2-2-3-2-3-2-4-3-1-5	2-2-3-4-1-1-2-3-4-2-2-1	5-4-4-0-2-4-5-2-2-2-2-2	3-2-2-2-0-3-1-4-3-3-3-3
324	4	4-4-4-3-4-3-3-4-4-3-4-4	5-5-3-1-3-4-2-5-2-5-4-5	1-5-1-3-1-2-3-5-5-2-5-5	2-2-5-1-1-2-3-1-5-5-2-0	1-5-1-4-2-3-5-4-5-6-2-1	1-2-2-4-4-1-5-2-4-4-4-3	2-5-4-2-2-4-5-5-4-4-1-1	4-1-2-3-5-5-5-2-2-4-2-0	3-2-5-2-4-2-2-2-4-5-1-6	2-2-3-5-1-4-5-4-3-2-0-1	0-3-3-4-4-3-0-2-2-2-4-3	3-2-2-5-0-4-2-3-4-5-5-3
324	5	4-4-4-3-5-4-4-4-6-3-3-6	4-4-3-1-3-4-5-6-5-4-6-4	6-6-6-6-6-2-6-6-6-2-4-6	6-6-4-6-6-6-3-7-4-4-2-6	6-4-7-6-2-3-6-6-4-6-9-6	6-6-6-5-5-6-4-4-4-4-6-6	3-4-3-2-2-4-4-4-4-7-6-6	4-6-2-6-2-4-12-11-2-5-6-4	6-2-4-7-5-2-0-6-5-6-7-11	6-2-7-4-6-4-4-4-6-6-6-1	2-2-4-4-4-7-3-5-2-7-5-2	3-5-5-6-5-5-2-3-4-4-4-3
324	6	6-6-6-6-6-6-6-6-6-6-6-6	7-4-6-1-3-6-5-5-5-4-5-6	12-7-5-5-5-7-5-7-5-7-7-5	5-6-7-5-5-5-6-5-7-7-7-5	5-0-5-5-2-7-7-5-6-5-5-5	7-5-5-5-6-5-7-6-6-6-5-5	2-6-6-7-2-6-7-7-4-6-5-5	6-5-2-5-7-4-9-10-2-8-5-0	5-6-2-5-6-5-6-5-6-5-5-9	7-6-6-7-5-4-5-4-5-5-5-1	6-6-4-7-2-6-6-8-6-2-9-2	4-5-2-5-0-5-6-0-9-4-7-6
324	7	8-6-6-8-5-6-6-6-6-8-4-6	8-4-6-7-7-6-8-8-5-4-8-8	10-8-8-8-8-8-8-9-8-8-6-8	7-7-5-8-5-8-8-5-6-6-6-9	1-8-5-5-9-6-8-8-6-7-7-7	8-8-5-7-7-9-6-7-6-4-1-8	7-6-7-6-7-9-6-8-2-5-8-7	7-6-8-6-6-8-6-5-7-7-8-9	9-7-8-8-10-6-9-7-6-8-5-5	8-8-5-8-9-8-4-4-9-10-10-1	9-6-4-8-4-9-8-10-10-5-6-2	4-8-10-5-9-6-6-0-6-9-6-3
324	8	8-8-8-7-8-9-8-6-8-7-8-8	10-9-10-7-9-8-7-7-5-11-7-7	7-7-7-7-7-7-9-7-7-7-9-7	7-7-9-7-5-7-7-5-9-8-8-7	5-7-5-5-8-8-7-7-8-7-5-5	11-7-5-10-7-7-9-8-8-8-11-8	7-9-8-8-7-8-11-7-9-8-7-11	4-6-7-6-8-7-6-5-2-8-7-7	6-7-7-7-6-8-11-9-8-9-8-7	7-11-10-9-8-9-9-11-7-7-7-8	7-9-7-7-8-7-7-6-7-2-8-8	9-8-7-5-10-10-8-0-6-8-11-12
324	9	8-9-11-10-8-8-8-12-6-12-8-6	8-8-8-10-8-11-10-10-10-8-10-10	7-10-11-10-10-7-8-7-7-8-8-8	10-7-10-10-10-10-7-10-10-8-8-7	10-7-10-11-10-8-10-10-9-5-5-10	10-11-11-9-7-7-10-9-8-4-2-11	10-10-11-9-10-9-6-10-8-9-10-10	9-9-11-10-9-11-6-11-10-7-7-7	7-7-7-10-11-8-8-10-6-8-11-10	10-10-8-8-7-8-10-4-10-7-7-9	7-8-4-7-4-7-7-6-7-9-10-9	8-10-7-11-8-8-9-0-6-7-8-3
324	10	10-12-10-10-10-10-10-10-10-10-11-10	8-11-8-9-8-8-9-9-9-11-9-9	7-9-9-9-9-11-11-11-7-11-11-10	9-9-9-9-9-9-10-9-11-11-10-7	9-7-9-9-9-11-9-9-10-10-9-9	9-9-9-10-10-7-11-10-10-10-7-10	9-11-6-11-9-10-12-9-8-10-9-9	8-9-7-9-9-7-11-6-9-8-7-7	7-7-2-9-6-8-8-9-11-5-9-9	9-9-8-8-5-11-9-4-9-7-7-9	7-9-11-11-9-7-7-7-7-9-9-9	8-9-7-5-8-8-9-0-12-12-6-8
324	11	10-10-12-10-11-12-10-10-10-12-10-12	10-10-10-9-10-12-11-12-10-8-12-10	11-11-9-9-11-10-10-11-11-10-10-11	11-11-12-11-9-9-10-9-10-10-12-11	9-12-9-9-11-10-12-9-10-11-11-9	8-11-9-11-11-11-10-10-8-10-8-9	10-10-11-10-11-11-8-12-8-9-11-8	11-9-11-9-9-12-10-9-9-11-11-11	11-11-11-9-9-11-8-11-10-9-9-5	12-8-5-8-8-8-8-3-11-11-11-9	11-8-10-10-11-11-7-11-11-9-9-11	8-2-11-11-11-8-9-0-6-11-8-8
324	12	12-10-12-12-12-12-12-12-12-12-12-12	8-8-12-9-12-11-9-11-11-12-11-7	10-12-12-9-12-12-12-12-11-12-12-12	11-12-11-11-12-12-11-12-12-12-12-11	12-11-12-12-11-12-11-12-11-12-5-11	12-12-9-12-12-11-10-12-12-12-12-12	11-12-12-12-10-12-10-11-12-12-11-9	12-9-9-12-12-11-5-9-9-12-11-11	11-12-12-12-9-12-12-10-12-12-9-3	11-12-12-12-12-4-12-9-12-12-11-12	11-12-4-7-4-11-11-11-12-12-12-12	8-12-12-4-8-12-12-0-12-12-12-8
325	0	0-0-0-0-0-0-0-0-0-0-0-0	0-0-0-0-0-0-0-0-0-0-0-0	0-0-0-0-0-0-0-0-0-0-0-0	0-0-0-0-0-0-0-0-0-0-0-0	0-0-0-0-0-0-0-0-0-0-0-0	0-0-0-0-0-0-0-0-0-0-0-0	0-0-0-0-0-0-0-0-0-0-0-0	0-0-0-0-0-0-0-0-0-0-0-0	0-0-0-0-0-0-0-0-0-0-0-0	0-0-0-0-0-0-0-0-0-0-0-0	0-0-0-0-0-0-0-0-0-0-0-0	0-0-0-0-0-0-0-0-0-0-0-0
325	1	1-1-1-1-1-1-1-1-1-1-1-1	0-2-2-0-2-0-0-1-0-0-0-0	0-1-0-0-0-0-0-0-2-2-2-1	0-0-0-0-0-0-0-0-2-2-2-0	0-0-0-0-0-2-2-0-2-1-1-0	0-0-2-0-0-0-2-1-1-1-2-2	0-2-3-0-1-1-2-2-1-1-2-2	5-2-0-0-1-0-2-0-0-1-0-0	0-0-0-1-0-2-2-2-4-1-0-2	0-0-1-2-2-0-0-1-0-0-0-1	0-2-1-0-0-1-0-0-0-0-1-1	0-1-0-0-0-0-0-0-4-4-3-2
325	2	1-3-2-2-2-2-2-2-2-2-2-1	1-1-1-2-1-1-2-3-3-1-2-3	3-2-0-1-2-2-2-3-3-1-1-2	2-2-3-3-2-2-3-2-1-1-1-3	0-8-2-2-3-1-3-3-1-3-3-3	0-3-1-2-2-3-1-2-1-1-1-1	1-1-1-3-2-2-1-3-2-2-3-1	2-1-1-3-1-6-1-2-2-2-2-3	3-3-3-2-2-1-3-1-1-0-2-2	3-0-2-1-1-1-1-0-2-3-3-2	3-1-1-2-0-3-3-3-3-0-1-2	2-2-2-3-3-0-0-0-0-3-1-1
325	3	3-3-3-3-3-3-3-3-3-3-3-3	4-1-1-3-1-4-4-3-2-3-4-4	2-4-4-4-4-4-4-4-4-3-4-3	4-2-2-2-4-4-2-6-4-1-4-2	4-2-4-5-2-3-4-4-1-3-2-6	4-2-4-3-2-4-4-3-3-3-9-4	5-5-1-2-2-3-1-4-3-3-2-3	3-3-4-4-3-2-1-3-3-2-2-2	2-2-2-3-4-3-2-4-1-3-4-3	4-6-2-2-4-4-6-1-7-2-2-3	2-3-1-2-0-2-2-2-2-3-3-3	2-3-2-2-2-0-3-0-1-2-1-3
325	4	4-4-3-4-4-5-4-4-4-4-4-4	5-4-1-3-4-5-5-5-6-5-3-4	2-3-5-3-3-7-3-3-6-6-5-3	5-5-5-3-3-6-6-3-3-4-3-2	3-2-3-3-6-3-5-3-5-4-6-3	3-5-5-11-4-3-5-5-4-4-7-3	3-3-4-4-5-3-5-3-4-4-4-5	9-3-3-5-4-3-4-6-5-2-4-2	4-2-5-4-3-4-4-5-1-4-3-4	4-4-2-4-3-3-5-4-2-4-2-3	7-4-1-2-6-4-2-4-4-3-4-4	4-4-5-4-0-4-3-4-1-2-1-4
325	5	5-5-5-5-5-5-5-5-5-5-4-5	4-6-5-3-6-4-4-4-4-4-3-6	2-3-4-3-3-3-6-4-4-3-6-6	4-4-4-4-3-4-4-3-6-6-4-2	3-2-3-3-4-6-4-4-4-5-4-3	3-4-4-2-3-3-6-4-5-5-5-5	3-3-5-2-4-5-7-6-5-6-3-6	6-3-3-4-3-2-5-4-4-5-4-2	5-2-4-4-5-4-4-4-5-4-3-4	6-3-5-5-6-7-4-5-3-4-2-3	2-4-6-2-0-4-6-4-2-4-4-4	9-4-4-5-0-0-3-5-7-2-6-5
325	6	6-6-6-6-6-6-6-9-6-7-6-6	7-7-7-3-5-6-7-7-4-4-3-5	3-6-4-3-3-4-5-6-7-4-7-5	4-4-7-3-3-4-7-3-5-5-4-2	3-2-3-7-4-5-7-6-7-6-4-3	3-4-4-2-6-2-7-7-6-6-7-5	4-3-6-4-4-5-7-5-6-7-4-5	5-3-3-5-6-2-6-4-4-6-4-2	5-2-5-4-7-4-4-7-7-7-5-4	5-3-6-5-5-5-4-6-3-4-2-3	2-5-5-14-7-7-5-5-2-6-5-4	6-4-4-14-0-0-4-0-6-2-5-7
325	7	6-5-5-6-7-6-6-6-6-6-6-6	6-6-6-3-5-8-6-6-7-4-8-8	10-8-9-8-8-4-8-8-6-7-6-8	8-8-9-8-8-8-8-9-8-6-4-8	8-2-8-8-4-5-8-8-6-8-8-8	8-8-8-7-7-8-6-6-7-4-8-8	12-3-6-8-4-7-6-6-5-9-8-4	7-8-3-8-4-2-6-8-4-14-7-2	8-2-4-9-7-4-8-8-7-12-8-5	5-8-9-7-8-5-7-6-3-2-7-3	4-4-7-9-6-6-2-7-7-7-7-4	6-7-7-7-8-7-4-7-6-12-6-6
325	8	8-9-8-8-8-8-8-8-6-8-8-9	8-9-9-3-8-7-6-9-7-9-7-7	3-8-7-7-7-7-7-7-9-9-9-7	7-7-7-7-7-7-7-7-9-9-9-7	7-2-7-7-4-9-9-7-9-7-7-7	7-7-9-7-8-7-9-8-9-8-7-7	8-3-8-7-4-8-9-9-5-8-7-4	8-9-4-9-8-2-8-7-4-12-7-2	7-2-4-9-8-4-7-7-9-7-7-8	9-7-7-6-7-4-7-6-3-2-7-3	2-7-13-8-7-7-2-7-7-7-8-4	6-4-4-7-7-7-10-7-10-2-11-6
325	9	8-8-9-8-9-8-8-6-9-6-9-8	8-8-8-3-5-8-9-8-7-8-7-8	11-9-7-7-9-9-7-10-9-8-8-7	9-9-7-7-7-10-9-7-8-8-8-9	3-10-7-9-13-8-8-7-8-7-7-7	3-9-8-9-9-14-8-10-8-4-3-9	3-3-8-11-9-7-6-8-10-7-9-7	4-8-10-8-8-10-8-4-4-9-9-13	9-13-10-8-3-9-9-11-7-4-7-10	11-7-7-9-11-7-8-6-11-13-11-3	11-8-7-8-10-7-11-7-13-4-7-9	6-4-9-9-9-7-8-13-9-9-1-5
325	10	12-11-12-11-12-12-11-11-12-11-11-12	12-11-11-12-13-13-11-11-12-11-11-11	9-11-12-11-11-11-11-12-12-11-11-11	9-9-11-11-9-9-12-12-11-11-10-9	14-9-13-9-9-10-10-10-10-11-11-10	11-9-8-10-13-9-8-11-11-10-12-10	8-11-10-9-9-10-12-12-13-8-14-14	10-8-9-10-11-11-8-13-4-9-9-9	10-9-10-9-14-11-14-9-11-14-12-11	13-11-7-14-13-11-12-7-11-9-9-12	9-13-12-8-11-10-9-14-9-10-13-10	14-10-10-12-10-13-11-13-10-11-12-14
325	11	10-10-10-10-10-10-10-10-10-10-10-10	10-10-10-10-10-10-10-10-10-10-10-10	9-10-10-10-12-12-12-10-10-10-9-10	12-9-10-10-12-12-10-11-10-10-11-9	11-9-7-12-9-11-12-12-11-10-10-12	10-10-12-10-10-9-12-10-10-10-11-10	12-10-10-9-12-10-11-10-10-10-12-11	10-11-11-12-12-10-8-14-4-9-10-9	9-9-12-12-14-10-10-12-10-10-12-10	10-12-7-12-9-10-10-6-9-9-9-3	9-10-10-7-10-11-9-10-9-10-10-9	10-4-9-7-10-10-10-10-10-10-8-10
325	12	10-10-10-10-10-10-10-10-10-10-10-10	10-13-10-10-10-10-10-13-10-10-10-10	9-10-10-10-11-11-11-10-10-10-13-11	11-12-10-11-11-11-10-11-10-13-11-9	11-9-7-11-11-12-11-11-13-12-10-11	10-10-11-10-10-9-11-12-12-12-10-12	11-10-8-12-11-12-10-10-10-10-11-11	10-11-11-11-11-10-8-11-4-12-10-9	12-9-11-11-12-10-10-11-10-7-11-10	10-11-12-11-10-10-10-13-10-9-9-10	9-10-14-8-13-10-9-10-10-10-10-4	10-7-9-11-7-10-10-10-13-10-10-13
325	13	10-10-10-10-10-10-10-10-10-10-10-10	10-12-10-14-10-10-10-12-10-10-10-10	9-13-11-14-11-11-12-10-10-10-12-13	11-13-10-13-13-13-10-11-13-12-11-9	13-9-10-11-9-12-14-13-12-13-10-13	10-10-13-10-10-9-12-10-12-12-4-14	13-10-10-13-12-13-6-10-10-10-11-13	10-11-10-13-13-10-8-11-14-9-9-9	13-9-4-13-13-10-9-9-10-10-13-10	10-13-7-10-10-13-10-12-9-9-9-10	9-10-8-9-12-11-9-10-9-13-10-13	12-6-10-13-13-10-10-10-12-10-13-12
325	14	14-10-14-10-14-10-10-14-10-10-14-10	10-10-14-13-10-10-10-13-10-14-13-10	12-14-14-13-14-13-14-14-10-14-14-14	11-14-14-14-14-14-10-14-14-14-14-9	10-9-14-14-14-14-13-13-12-14-11-7	14-14-13-14-14-9-14-14-14-14-14-13	11-14-14-14-12-14-14-14-14-14-10-13	14-14-10-14-14-10-8-11-11-10-10-9	10-9-4-14-13-10-10-11-14-10-13-10	10-14-14-10-14-5-14-10-14-14-14-14	10-10-12-14-12-4-9-10-14-14-10-14	10-14-14-10-10-14-14-10-14-14-14-10
326	0	0-0-0-0-0-0-0-0-0-0-0-0	0-0-0-0-0-0-0-0-0-0-0-0	0-0-0-0-0-0-0-0-0-0-0-0	0-0-0-0-0-0-0-0-0-0-0-0	0-0-0-0-0-0-0-0-0-0-0-0	0-0-0-0-0-0-0-0-0-0-0-0	0-0-0-0-0-0-0-0-0-0-0-0	0-0-0-0-0-0-0-0-0-0-0-0	0-0-0-0-0-0-0-0-0-0-0-0	0-0-0-0-0-0-0-0-0-0-0-0	0-0-0-0-0-0-0-0-0-0-0-0	0-0-0-0-0-0-0-0-0-0-0-0
326	1	1-1-1-1-1-1-1-1-1-1-1-1	0-0-0-1-1-1-1-2-1-0-1-1	2-1-2-1-1-2-1-2-1-0-2-1	2-2-2-1-1-1-1-2-0-0-0-1	0-8-8-1-2-0-2-1-2-5-1-1	1-1-0-1-1-1-2-1-0-0-0-1	8-0-0-8-0-1-0-1-0-1-1-0	1-0-0-1-1-1-0-0-2-2-1-2	1-1-2-1-5-1-2-2-0-0-1-0	4-1-1-1-1-0-0-0-1-2-4-0	7-0-0-0-1-1-2-0-5-1-1-1	1-1-1-1-1-1-1-1-1-1-1-0
326	2	2-2-2-2-2-2-2-2-2-1-2-3	2-0-0-2-1-1-1-1-1-2-3-3	1-1-1-3-3-1-3-1-3-2-3-3	3-3-1-3-3-3-1-3-3-0-3-2	3-1-3-4-1-2-1-3-1-0-3-3	3-5-3-2-2-3-2-3-0-2-0-5	3-2-0-1-2-1-2-2-2-2-3-2	2-2-3-2-2-1-2-3-2-1-3-2	1-1-1-2-3-0-1-1-2-3-2-2	2-2-0-3-3-3-2-3-1-1-3-2	3-2-2-3-2-2-1-0-3-2-2-2	0-2-2-1-2-0-2-0-2-2-0-0
326	3	3-3-3-3-3-3-3-3-3-3-3-3	3-3-0-2-3-4-1-6-3-3-2-3	1-4-2-2-2-6-2-4-5-6-2-2	2-4-4-2-2-2-1-2-2-3-5-2	2-1-2-2-4-2-4-2-3-3-2-2	2-2-5-3-3-2-4-2-3-3-6-3	2-3-3-1-4-1-4-3-3-3-2-6	3-2-4-4-3-4-3-4-3-3-4-3	3-1-3-3-2-5-3-4-0-2-2-4	2-4-1-2-2-2-2-3-3-4-2-3	3-3-0-2-3-3-1-3-2-2-2-3	0-3-1-1-3-3-2-3-2-2-0-0
326	4	4-4-4-4-4-3-4-4-4-4-4-4	5-5-4-2-5-4-6-3-3-3-2-5	1-3-2-2-2-3-5-4-6-3-5-5	3-3-5-3-2-2-3-2-3-5-3-2	2-1-2-2-3-5-3-5-3-3-2-2	3-2-3-3-3-2-5-2-4-4-11-4	1-4-5-1-3-0-3-5-4-3-2-2	4-2-3-3-2-3-4-3-3-4-3-3	5-5-3-3-4-4-1-3-4-5-2-5	5-3-4-4-2-3-5-4-5-3-1-3	3-6-6-4-3-5-5-8-2-3-2-3	8-3-1-1-3-11-2-4-4-4-11-7
326	5	5-5-5-5-5-5-4-4-4-5-5-5	4-4-4-2-4-4-1-7-3-3-2-4	1-5-2-2-2-3-4-8-7-3-6-4	3-3-6-2-2-2-6-2-6-4-3-2	2-1-1-10-3-4-6-5-6-1-12-2	2-2-3-3-6-2-6-2-5-5-5-2	1-5-4-1-3-5-6-6-8-5-2-6	5-2-2-3-2-5-6-3-3-5-3-3	4-4-3-2-1-3-1-3-11-6-2-4	4-3-5-6-2-5-4-5-4-3-2-4	1-4-5-5-6-4-4-3-1-2-4-3	0-3-1-1-5-0-2-7-6-4-6-5
326	6	6-5-6-6-5-6-6-7-5-5-5-7	6-5-5-6-6-4-7-3-7-3-7-7	1-7-8-7-7-3-7-7-8-3-5-7	7-7-5-7-7-7-5-11-5-4-3-2	8-1-1-7-3-4-7-7-5-6-10-7	3-8-7-10-6-7-5-6-5-5-3-8	3-5-4-1-3-7-5-7-5-3-7-7	9-8-3-7-7-6-5-6-3-6-6-3	3-1-5-3-9-7-1-7-5-5-6-11	8-7-5-5-7-7-5-5-7-1-6-7	1-4-5-5-5-5-7-6-7-6-9-3	0-6-1-1-7-6-2-5-5-6-5-5
326	7	7-7-7-7-7-8-7-6-7-7-7-7	7-5-8-6-7-6-6-5-6-3-6-8	1-6-6-6-6-6-8-6-8-7-8-6	6-6-8-6-6-6-5-6-8-7-8-2	6-1-1-6-2-8-6-6-7-6-6-6	6-2-6-7-11-6-6-7-7-7-7-7	2-9-7-1-8-7-6-11-5-5-6-6	5-6-3-8-6-12-12-8-3-11-8-3	6-1-8-3-8-8-1-6-8-6-6-11	6-8-7-6-6-6-7-8-8-1-6-6	8-4-6-7-7-5-8-8-6-8-8-3	4-6-1-1-8-7-2-5-7-6-5-8
326	8	8-7-8-8-8-7-8-8-8-8-8-7	9-9-7-6-8-9-6-9-6-8-6-7	1-8-6-2-6-9-7-10-9-9-7-8	6-8-7-6-6-6-5-2-10-8-7-2	6-1-1-9-9-7-8-8-10-6-6-6	1-6-6-7-10-10-9-8-8-8-8-6	1-10-8-1-7-8-8-4-5-5-1-6	8-6-6-7-6-8-8-7-7-9-7-12	6-1-7-2-8-7-1-6-7-6-6-6	6-7-8-9-6-6-9-7-7-1-6-6	7-4-5-6-8-8-7-7-1-7-7-3	4-6-1-1-7-7-2-12-11-6-8-11
326	9	10-11-12-11-8-10-10-11-10-10-12-8	12-8-7-11-10-8-10-10-10-10-10-10	9-9-10-10-9-10-10-10-10-8-10-9	10-9-10-10-9-10-10-6-8-9-8-10	7-10-10-8-8-7-10-9-8-9-9-9	9-10-6-9-8-8-8-10-8-8-8-10	9-8-8-11-7-9-8-7-5-11-10-6	10-6-9-10-6-8-7-9-9-11-9-9	9-9-9-3-6-9-9-10-10-9-9-6	9-12-10-11-6-6-8-9-10-11-10-6	10-4-9-11-10-12-9-9-9-12-6-3	12-6-9-12-9-9-2-10-8-9-10-8
326	10	9-9-9-9-9-9-9-9-9-9-11-10	9-8-9-11-9-11-9-9-9-9-9-9	9-11-9-9-9-11-11-9-11-11-11-10	9-9-9-9-10-11-11-6-8-9-10-9	11-9-9-8-10-10-11-11-8-10-11-9	9-9-6-10-8-12-11-11-8-8-10-9	12-8-3-10-7-11-5-10-5-12-10-10	9-10-6-11-11-9-7-11-10-7-10-11	9-1-10-10-11-10-9-9-9-12-10-6	10-10-7-4-10-11-11-9-9-9-9-7	9-10-11-9-9-10-10-10-10-10-10-10	9-11-9-11-10-9-10-9-8-6-9-8
326	11	11-12-9-9-9-11-9-9-10-9-10-12	9-8-8-10-9-10-10-12-9-9-9-10	12-10-10-12-11-10-10-11-10-10-10-10	10-11-9-10-11-10-10-6-11-11-10-9	10-11-10-11-10-11-12-10-11-11-10-11	10-11-11-11-7-10-10-10-8-8-11-11	10-8-8-9-12-11-5-11-3-12-10-11	10-11-6-11-10-8-7-10-12-7-10-10	11-1-10-11-10-10-10-11-5-10-10-6	10-10-11-9-11-10-10-9-9-9-11-11	9-4-8-9-5-11-11-9-10-10-11-11	9-10-9-10-10-9-11-9-8-6-9-8
326	12	12-12-12-12-12-9-9-12-12-9-12-12	9-8-12-10-12-9-10-11-9-12-9-9	11-11-12-11-12-11-12-12-9-12-11-10	12-12-12-12-12-12-9-11-12-12-12-9	10-9-12-12-12-12-11-11-8-12-5-9	12-12-11-12-12-10-12-12-12-12-12-11	10-12-12-12-7-12-12-11-12-11-12-12	12-11-6-12-12-7-7-10-11-12-10-12	11-12-12-12-10-12-12-12-12-10-10-9	9-12-12-12-12-10-12-9-11-12-12-12	9-12-12-12-5-9-11-9-12-12-12-11	9-10-12-9-10-12-12-12-12-12-12-12
327	0	0-0-0-0-0-0-0-0-0-0-0-0	0-0-0-0-0-0-0-0-0-0-0-0	0-0-0-0-0-0-0-0-0-0-0-0	0-0-0-0-0-0-0-0-0-0-0-0	0-0-0-0-0-0-0-0-0-0-0-0	0-0-0-0-0-0-0-0-0-0-0-0	0-0-0-0-0-0-0-0-0-0-0-0	0-0-0-0-0-0-0-0-0-0-0-0	0-0-0-0-0-0-0-0-0-0-0-0	0-0-0-0-0-0-0-0-0-0-0-0	0-0-0-0-0-0-0-0-0-0-0-0	0-0-0-0-0-0-0-0-0-0-0-0
327	1	1-1-1-1-1-1-1-1-1-1-1-1	1-0-1-1-1-1-0-0-1-1-0-0	4-1-2-2-1-0-2-0-0-1-0-1	2-0-0-2-3-2-0-2-1-0-2-0	2-0-2-3-0-1-2-2-1-0-1-0	1-0-1-1-0-0-1-1-1-1-0-2	1-1-1-0-1-1-1-0-1-1-2-3	1-1-2-1-1-0-1-1-1-0-2-0	0-0-0-1-2-1-0-2-1-3-1-1	2-1-0-0-2-2-1-1-0-0-0-1	0-1-0-0-0-0-0-0-0-1-1-1	0-1-4-1-0-1-1-0-0-0-2-1
327	2	2-2-2-2-2-2-2-2-2-2-2-2	3-2-2-1-2-2-1-3-2-3-3-2	0-1-1-1-1-5-3-3-0-3-3-2	3-3-3-3-1-4-2-1-1-2-5-0	1-2-1-1-4-1-3-3-2-2-4-1	5-3-4-3-2-0-3-1-2-2-2-2	1-2-2-2-2-2-2-2-2-2-1-3	2-1-4-3-1-2-2-3-6-5-1-0	2-0-2-2-1-3-0-3-1-2-1-2	1-7-2-2-1-1-3-2-3-3-0-1	2-5-2-0-2-2-0-2-2-1-3-2	0-2-6-3-2-2-1-0-2-0-1-1
327	3	3-3-3-3-2-3-3-3-3-3-3-3	4-3-3-1-3-4-1-4-2-2-2-4	0-3-2-4-1-2-4-5-4-2-4-4	2-2-4-2-1-1-3-1-4-4-2-0	1-0-0-1-2-4-2-2-3-3-2-0	2-3-2-2-2-0-4-2-3-3-3-3	1-3-3-3-2-3-3-4-3-3-1-2	4-1-2-2-1-3-3-2-2-3-0-0	3-3-2-2-7-2-0-4-4-1-3-4	1-4-3-4-4-2-2-3-4-2-0-4	4-4-5-3-2-2-0-3-0-4-4-2	5-4-1-2-4-3-4-6-3-4-3-3
327	4	4-4-4-4-4-4-4-5-4-4-4-4	3-5-4-1-5-3-0-3-2-3-4-3	1-4-3-5-1-2-3-3-5-4-5-3	4-2-5-4-1-2-5-1-5-3-2-0	1-0-0-5-2-3-5-4-5-2-2-0	1-3-2-2-4-1-5-5-4-3-4-3	1-5-5-3-2-4-5-3-4-4-1-2	3-1-2-5-1-0-4-2-2-4-2-0	4-0-3-2-0-8-4-3-5-5-4-3	1-3-3-3-3-3-5-4-4-8-5-3	3-3-3-4-5-3-0-2-2-3-3-2	6-3-1-2-3-4-3-4-5-3-5-4
327	5	6-4-5-5-4-5-5-4-5-4-4-4	3-4-4-6-4-3-6-4-6-2-6-6	6-6-7-6-6-2-6-6-4-2-4-5	5-6-4-6-6-6-4-7-4-4-2-5	7-0-1-6-2-3-6-6-4-6-5-6	2-7-6-2-5-9-4-5-4-3-4-7	5-4-4-2-2-3-4-6-4-4-6-6	3-6-11-6-2-5-4-5-2-5-5-0	2-0-5-2-7-5-0-6-4-5-6-5	6-1-4-5-6-5-5-7-6-0-4-9	3-2-3-4-4-6-0-5-0-8-5-2	3-5-5-5-2-5-1-0-3-6-4-4
327	6	6-6-6-6-6-6-6-6-6-6-6-6	3-4-7-5-4-7-5-4-5-7-5-7	5-6-5-5-5-7-5-5-6-7-7-5	5-5-5-5-5-5-7-5-7-7-7-0	5-0-1-5-2-7-5-5-6-6-5-5	2-5-5-5-6-5-5-6-4-6-10-6	1-6-6-8-7-6-11-5-4-6-5-5	6-5-7-7-7-7-7-6-2-6-11-0	3-0-7-2-6-7-0-5-6-5-4-7	5-1-6-6-5-5-5-4-5-5-11-5	0-2-4-4-6-7-0-4-8-5-5-2	7-5-5-5-8-5-6-3-7-5-4-4
327	7	6-6-6-7-7-7-6-8-6-7-6-7	8-6-6-5-6-7-9-7-6-6-8-6	1-7-5-5-9-8-6-9-7-8-6-7	7-9-8-9-5-9-6-5-6-9-6-0	5-0-5-10-9-6-6-7-8-7-9-5	2-5-6-5-7-5-8-6-7-7-9-5	1-9-6-8-6-4-4-9-7-7-8-5	3-5-5-6-6-7-6-6-2-7-11-0	8-0-6-5-5-6-11-8-6-4-6-6	6-2-7-8-9-5-9-4-7-7-8-5	0-9-3-7-7-7-0-2-0-7-7-2	6-7-9-7-6-2-6-3-6-0-4-7
327	8	9-9-9-9-9-10-9-9-9-9-8-9	9-4-6-10-9-9-8-10-8-9-9-9	8-9-9-8-8-9-9-8-9-7-9-8	9-8-9-8-8-7-8-5-6-7-9-8	8-10-10-7-9-6-9-9-7-8-7-8	8-9-7-9-6-10-7-9-4-3-10-9	10-6-8-9-9-10-8-7-7-8-9-5	10-8-10-9-6-9-6-6-9-10-9-8	9-9-8-5-9-8-9-9-9-8-6-5	9-10-9-7-7-9-7-8-9-9-9-5	9-9-9-7-9-9-11-9-9-5-7-8	8-7-8-9-9-9-9-9-9-9-10-8
327	9	8-9-9-8-9-8-8-8-9-8-9-8	8-10-9-8-8-8-8-8-8-8-8-8	1-8-8-8-7-8-8-8-8-10-8-7	8-7-8-7-5-7-11-5-10-7-10-8	5-8-8-7-8-10-8-8-10-8-7-8	8-8-6-8-6-5-10-8-4-9-5-8	8-10-6-8-8-3-4-7-9-8-8-5	3-5-8-8-6-8-4-6-8-9-8-0	8-8-8-2-8-10-8-8-8-8-5-6	8-8-8-7-7-8-7-4-8-8-8-5	8-11-10-7-8-8-0-8-8-8-7-9	8-7-8-8-8-8-8-8-8-8-8-4
327	10	8-11-11-11-11-11-11-11-11-11-11-11	11-9-9-11-8-11-11-11-11-11-11-11	11-10-11-11-10-11-10-11-8-9-10-10	11-10-11-11-10-10-9-5-9-7-9-8	10-8-8-7-8-9-11-10-9-10-10-10	8-8-7-10-7-8-9-11-4-3-8-11	8-9-9-8-9-8-4-7-9-8-8-11	8-10-8-8-10-11-6-11-2-8-10-8	8-8-11-2-8-9-8-8-8-10-10-6	8-8-8-7-10-10-10-10-8-8-10-11	8-2-9-7-8-10-11-8-8-10-7-2	11-10-10-8-10-8-10-8-8-10-8-4
327	11	11-11-10-11-11-10-10-11-10-10-11-11	10-9-11-10-10-10-10-10-10-11-10-10	10-10-10-10-11-11-10-11-8-11-11-11	10-11-10-11-11-11-9-5-11-11-11-10	11-10-8-11-11-11-10-11-9-11-5-10	11-11-11-10-11-11-11-11-11-11-11-10	10-11-11-11-9-11-11-11-11-11-8-10	11-11-5-11-11-10-6-10-2-10-10-11	10-11-10-11-6-11-11-7-11-10-10-10	8-11-11-11-11-11-11-10-8-11-11-11	8-11-11-4-6-10-11-11-11-11-11-11	10-11-11-8-10-11-11-9-11-11-11-3
328	0	0-0-0-0-0-0-0-0-0-0-0-0	0-0-0-0-0-0-0-0-0-0-0-0	0-0-0-0-0-0-0-0-0-0-0-0	0-0-0-0-0-0-0-0-0-0-0-0	0-0-0-0-0-0-0-0-0-0-0-0	0-0-0-0-0-0-0-0-0-0-0-0	0-0-0-0-0-0-0-0-0-0-0-0	0-0-0-0-0-0-0-0-0-0-0-0	0-0-0-0-0-0-0-0-0-0-0-0	0-0-0-0-0-0-0-0-0-0-0-0	0-0-0-0-0-0-0-0-0-0-0-0	0-0-0-0-0-0-0-0-0-0-0-0
328	1	1-1-1-1-1-1-1-1-1-0-1-1	1-0-0-1-1-1-1-0-2-1-2-2	4-2-1-0-2-2-0-0-2-1-0-0	2-2-3-2-2-2-0-2-0-4-2-2	2-0-3-2-1-0-2-2-0-2-1-2	0-2-2-3-0-2-2-2-0-0-0-2	1-0-0-0-0-0-0-2-2-0-2-2	1-1-2-2-1-2-1-0-2-1-1-1	0-1-1-2-3-1-2-2-1-1-1-0	0-0-0-1-1-0-0-1-2-2-1-0	2-0-1-1-1-1-1-0-0-3-1-1	0-1-1-1-0-0-2-1-0-2-0-0
328	2	2-2-2-2-2-2-2-2-2-2-2-2	2-4-3-2-2-3-1-3-2-3-1-3	1-1-1-0-1-1-3-1-1-3-3-1	1-1-1-1-1-1-0-1-3-3-3-1	1-0-1-1-1-3-3-1-3-1-1-1	3-1-1-1-2-1-3-1-0-0-2-2	2-3-2-2-2-0-3-2-1-2-1-1	6-3-1-3-3-2-3-3-1-9-1-3	2-1-2-1-3-2-1-1-3-3-1-2	0-3-2-2-3-0-3-2-1-1-1-3	1-3-5-1-3-1-1-2-2-1-2-2	4-2-1-3-0-2-3-2-2-3-8-3
328	3	2-3-2-3-2-3-2-2-2-2-2-2	2-2-2-3-2-2-3-4-2-2-4-2	3-4-4-3-3-4-2-4-1-2-2-3	1-4-1-4-1-1-3-1-2-2-2-3	2-4-1-3-4-2-4-2-2-3-1-3	2-1-1-3-3-9-2-1-0-0-0-4	3-2-3-10-3-3-2-4-3-2-3-2	1-2-10-2-2-4-2-2-1-3-3-4	3-1-4-2-7-3-6-2-2-2-1-3	0-2-5-3-2-0-2-2-3-7-4-2	4-2-2-4-2-3-4-2-7-1-3-3	2-2-3-2-4-2-2-4-3-4-3-2
328	4	4-3-5-5-4-4-4-4-4-4-5-5	4-2-2-4-2-2-4-3-2-3-5-5	1-5-5-6-5-3-5-3-1-5-3-4	5-3-5-5-5-5-3-5-5-1-5-6	5-3-5-6-5-4-5-4-4-4-7-5	5-5-5-4-4-4-5-5-2-0-0-3	4-4-2-3-3-4-2-3-0-4-4-4	4-4-5-4-4-3-2-4-4-5-5-3	3-1-4-4-5-4-8-5-2-5-4-4	5-4-2-3-5-5-4-4-4-3-3-5	3-4-2-3-5-3-3-5-3-4-4-4	2-4-4-4-3-2-4-3-2-3-0-5
328	5	5-5-4-4-5-5-4-6-5-5-5-5	7-2-2-4-5-6-4-6-5-6-4-4	1-4-4-4-4-6-6-4-6-6-6-4	4-6-4-4-4-4-6-4-4-5-4-4	4-5-4-4-6-4-6-6-5-5-7-4	4-6-7-8-5-4-6-4-5-5-13-5	10-5-11-5-6-4-5-5-5-5-4-8	5-4-6-6-5-5-6-6-8-5-5-3	5-1-6-5-4-8-5-6-2-4-4-6	4-6-3-6-4-6-4-7-6-6-4-4	5-8-2-3-5-5-3-5-5-6-5-5	2-5-9-6-5-5-4-5-2-3-3-4
328	6	6-7-6-6-6-6-6-5-6-7-6-6	5-7-6-4-7-7-5-7-5-5-5-7	1-6-7-4-4-5-7-7-5-5-7-7	4-5-7-4-4-4-5-4-4-6-5-4	4-3-4-4-5-7-5-5-7-8-4-4	4-5-5-5-6-4-7-5-6-6-0-6	4-4-6-5-5-6-6-8-6-5-4-5	9-4-5-5-4-4-8-5-5-7-5-3	5-1-5-5-6-5-7-7-7-6-4-6	4-5-2-6-4-5-4-6-7-5-1-4	3-7-8-6-5-7-7-5-3-5-4-7	7-5-4-7-3-2-4-6-2-3-7-8
328	7	7-6-6-7-8-7-7-7-6-7-7-7	5-6-7-4-6-6-3-6-5-5-8-6	1-7-6-4-4-5-6-6-9-7-8-6	4-5-6-4-4-4-6-4-8-8-5-4	4-3-4-8-5-6-8-7-6-9-4-4	4-5-5-5-8-4-8-8-7-8-0-6	5-4-8-3-5-0-8-8-10-7-4-7	6-4-6-6-7-3-6-5-5-6-1-3	6-1-6-5-7-5-6-6-8-8-10-4	7-4-7-6-8-6-4-7-6-3-3-4	3-6-6-8-8-9-6-10-3-5-4-6	9-4-4-6-7-2-4-10-9-8-6-9
328	8	7-6-8-9-8-7-8-8-7-7-8-7	8-6-7-9-6-9-9-10-10-7-9-9	10-9-10-10-9-5-9-9-8-5-7-9	9-9-9-8-9-10-5-9-7-7-9-10	9-8-8-9-5-6-9-9-6-10-9-8	9-10-5-5-8-3-7-9-13-7-9-10	9-4-7-9-5-3-7-9-5-7-9-5	5-10-5-9-5-3-6-7-5-4-8-3	9-5-11-5-8-5-9-9-7-9-9-6	4-5-8-9-9-4-8-7-4-3-9-4	9-5-6-7-7-4-3-8-9-4-8-5	7-8-8-8-9-8-4-7-2-10-6-6
328	9	9-11-9-9-9-10-9-9-9-9-9-9	8-6-7-8-6-8-8-8-8-5-8-10	8-8-8-8-8-8-10-8-10-9-10-8	8-8-8-8-8-8-10-8-10-7-10-8	8-3-8-8-7-10-8-8-9-8-8-8	8-8-8-10-9-3-8-8-9-9-8-9	8-4-7-8-11-9-7-8-6-11-8-12	6-8-8-8-7-6-9-10-5-2-8-3	8-3-5-5-8-9-8-8-10-8-8-4	9-10-9-8-8-9-8-7-10-5-8-4	8-8-9-7-9-7-3-11-8-5-10-5	7-8-5-8-10-10-4-6-7-8-10-9
328	10	9-9-10-10-10-9-10-10-10-10-11-9	10-11-7-8-11-11-8-8-8-10-8-9	8-10-8-8-8-11-9-11-11-11-9-10	8-8-9-8-8-8-9-4-11-11-9-8	8-3-8-13-5-9-10-9-11-10-8-8	4-8-8-9-10-3-11-10-10-10-8-8	5-4-10-3-9-10-10-9-10-7-8-7	11-8-3-9-8-3-9-9-5-10-8-3	8-1-6-5-10-8-1-8-9-8-9-11	9-9-10-13-8-10-8-7-9-3-8-4	2-10-11-8-9-10-9-7-8-5-9-5	9-8-8-8-9-9-4-7-10-8-10-9
328	11	12-9-14-14-11-12-12-12-12-12-10-12	12-10-7-12-12-10-12-12-12-12-12-13	12-11-12-12-11-12-12-12-11-10-10-11	11-11-11-12-12-12-11-8-10-11-10-8	11-13-8-10-12-9-11-11-10-11-11-12	12-13-10-12-10-3-10-11-10-10-12-13	12-10-10-12-9-11-12-9-10-11-12-9	12-12-12-12-5-13-9-12-14-13-12-12	11-12-8-6-12-11-11-13-12-8-11-10	9-12-11-8-12-14-8-12-13-12-8-4	11-6-12-12-12-14-12-12-13-14-10-5	14-8-12-11-11-12-9-11-12-11-11-10
328	12	14-13-12-14-13-14-13-13-14-13-13-14	13-14-13-13-14-14-13-11-13-13-13-13	11-12-11-14-13-13-11-14-14-13-13-12	13-11-13-13-11-11-13-11-13-13-12-11	14-11-11-13-11-12-13-12-13-13-13-11	11-11-13-13-10-13-12-13-10-12-11-12	11-13-13-11-14-12-13-12-13-14-14-14	12-12-13-11-12-13-12-13-5-13-11-11	12-12-14-12-11-13-11-11-13-14-12-13	13-11-11-14-13-14-8-11-11-13-8-13	13-13-12-13-13-14-11-11-11-14-13-12	13-12-11-11-11-13-12-13-11-12-11-12
328	13	12-12-12-12-12-12-12-12-12-12-12-12	12-12-12-14-12-12-12-14-12-12-12-12	13-13-14-14-12-12-14-12-12-12-12-14	12-12-12-12-13-13-12-13-12-12-12-13	12-11-13-10-5-12-14-13-12-12-12-13	5-11-13-13-10-12-12-12-12-10-5-14	12-12-12-11-12-11-12-12-12-12-8-13	12-13-12-13-13-11-9-12-5-12-13-12	12-12-12-13-11-12-12-11-12-12-13-12	12-13-11-12-12-13-13-12-11-12-8-12	12-12-13-12-12-13-3-13-11-13-12-5	12-13-13-11-13-12-13-12-12-13-12-12
328	14	14-12-12-12-14-12-12-12-12-12-14-12	12-12-12-13-12-12-12-13-12-14-12-12	12-12-13-13-14-12-13-12-12-14-14-13	13-14-12-13-14-14-12-12-14-14-14-11	12-11-14-14-14-14-13-13-12-14-13-13	14-14-13-12-14-3-14-13-14-14-14-13	12-14-14-14-12-14-12-12-14-12-12-12	14-13-12-14-14-12-9-12-11-14-12-14	12-14-12-14-13-12-14-12-14-12-13-12	9-12-14-14-14-12-14-11-11-14-11-14	12-14-12-7-12-11-12-12-14-12-12-14	11-14-14-12-11-14-14-12-14-14-14-12
329	0	0-0-0-0-0-0-0-0-0-0-0-0	0-0-0-0-0-0-0-0-0-0-0-0	0-0-0-0-0-0-0-0-0-0-0-0	0-0-0-0-0-0-0-0-0-0-0-0	0-0-0-0-0-0-0-0-0-0-0-0	0-0-0-0-0-0-0-0-0-0-0-0	0-0-0-0-0-0-0-0-0-0-0-0	0-0-0-0-0-0-0-0-0-0-0-0	0-0-0-0-0-0-0-0-0-0-0-0	0-0-0-0-0-0-0-0-0-0-0-0	0-0-0-0-0-0-0-0-0-0-0-0	0-0-0-0-0-0-0-0-0-0-0-0
329	1	1-1-1-1-1-1-1-1-1-2-1-1	2-2-1-2-1-2-2-2-2-1-2-2	1-3-0-2-2-2-2-0-2-2-0-1	2-0-2-2-0-0-2-1-2-2-2-0	1-0-1-0-1-2-2-1-2-2-2-0	2-2-2-9-2-4-2-3-1-1-0-1	1-1-1-1-2-1-2-2-2-1-1-2	9-1-1-1-1-2-2-1-1-1-2-4	1-0-2-1-3-3-1-2-3-1-1-2	2-1-1-2-4-1-1-1-5-1-0-1	3-2-3-0-2-2-0-1-0-2-3-2	2-2-1-1-1-2-1-4-2-1-1-1
329	2	1-1-1-1-1-1-1-1-1-1-1-1	1-1-1-2-1-1-1-3-1-1-2-1	0-2-3-2-4-1-3-1-1-4-3-3	3-3-1-1-3-3-1-3-3-1-3-0	4-0-3-3-0-3-3-3-1-1-3-3	1-3-1-1-1-5-1-2-1-1-4-1	2-1-1-0-1-1-1-1-1-1-3-1	1-3-3-2-2-1-1-3-2-1-1-1	0-0-1-1-12-1-1-3-1-2-3-1	1-2-2-1-3-3-1-1-1-0-0-3	0-1-1-1-1-1-0-1-0-1-1-1	1-2-2-1-1-1-4-1-1-1-3-1
329	3	1-1-1-1-4-1-1-1-1-1-1-3	1-1-1-2-1-1-1-6-4-4-2-4	0-4-2-2-2-6-2-4-1-6-2-2	4-4-4-4-2-4-3-2-2-3-2-0	2-3-2-2-4-2-4-2-3-1-4-2	2-4-5-4-3-1-4-5-3-3-6-3	4-3-1-3-4-1-3-3-3-1-2-4	1-2-2-4-2-1-1-2-3-1-3-0	3-0-3-3-1-1-3-2-1-1-2-1	3-3-3-1-2-2-3-3-4-0-0-2	1-6-1-0-3-3-0-3-3-4-1-3	1-3-5-7-3-1-1-1-1-1-2-1
329	4	4-4-4-4-4-4-1-4-4-1-4-4	1-4-5-2-1-4-1-2-3-3-2-3	0-3-2-2-2-5-5-3-5-2-5-2	3-3-3-3-2-3-3-2-5-6-3-0	2-0-0-2-3-5-3-3-3-3-3-2	2-3-3-3-8-1-3-3-4-4-2-4	3-3-4-3-3-4-5-5-4-4-1-3	4-2-3-3-2-1-4-3-3-1-3-1	1-0-3-3-4-1-1-9-1-1-2-5	5-1-4-5-1-5-3-6-3-0-0-2	3-3-1-1-3-9-0-3-3-3-1-3	1-3-2-3-1-1-2-1-1-1-4-1
329	5	6-6-5-5-5-5-5-5-5-6-5-4	1-7-5-1-7-4-1-5-3-3-2-6	0-5-2-2-2-3-4-7-4-5-6-5	3-3-6-2-2-3-6-2-6-5-3-0	2-0-0-2-3-4-6-5-6-1-10-2	2-3-3-12-7-2-6-5-5-5-7-3	3-2-5-0-3-5-6-6-6-5-2-3	4-2-1-4-2-1-5-5-3-5-3-1	8-0-3-3-6-1-1-2-5-6-5-4	4-3-7-4-6-4-3-7-1-9-9-2	1-3-6-5-6-1-0-1-3-3-1-3	1-5-2-1-1-5-2-5-6-1-6-1
329	6	5-5-7-5-6-5-6-7-6-5-6-7	7-5-5-7-1-5-7-7-7-3-7-7	7-6-7-7-8-3-7-8-7-7-5-7	7-6-5-8-8-7-5-6-5-4-3-0	7-0-7-7-0-4-7-7-5-6-6-7	8-3-7-3-6-8-5-6-5-3-8-3	8-3-5-0-7-6-5-5-5-12-7-7	1-7-7-7-7-9-5-7-3-7-6-1	7-0-3-3-5-1-1-7-7-5-7-6	7-7-6-5-8-4-6-4-7-0-7-8	3-3-5-5-5-1-0-6-0-3-1-3	4-6-6-6-8-1-3-0-5-0-5-1
329	7	7-7-7-7-7-7-7-7-6-7-7-7	6-5-7-6-7-4-6-6-6-3-6-6	6-6-6-6-6-8-8-5-8-6-8-6	6-7-8-6-6-6-8-6-6-6-8-0	6-0-6-6-3-7-6-6-8-7-6-6	6-8-8-7-5-6-8-7-3-7-5-8	6-8-7-9-6-7-12-8-4-7-6-6	7-6-6-7-7-8-7-7-3-8-6-1	6-7-8-12-7-8-0-6-11-5-6-7	6-6-5-7-8-8-8-5-8-0-6-6	8-8-8-7-1-7-0-6-0-8-1-3	8-11-6-3-9-8-1-8-9-9-5-7
329	8	8-8-8-8-8-7-8-8-8-8-8-8	6-9-9-6-9-8-6-7-6-7-6-9	12-8-6-6-6-9-7-6-7-9-7-6	6-8-7-6-6-6-7-6-9-9-9-0	8-0-0-6-9-7-8-8-9-6-8-6	6-8-7-7-4-6-9-7-8-8-6-7	6-7-5-0-7-6-8-7-4-5-9-8	7-7-6-9-8-1-7-8-6-7-8-1	5-9-7-7-7-8-9-8-7-11-6-11	12-6-5-8-6-12-9-8-7-0-9-6	7-8-7-7-9-8-0-6-3-7-1-7	10-7-6-9-9-7-2-7-8-7-11-8
329	9	9-9-9-10-9-9-9-9-10-9-9-11	10-8-8-10-8-10-10-10-10-10-10-8	9-9-10-6-9-10-9-9-10-8-9-9	8-9-10-6-6-10-7-10-8-10-8-10	6-9-10-6-9-8-9-9-8-9-9-9	9-8-8-10-6-12-8-8-8-7-9-10	10-8-9-11-9-9-9-10-5-9-11-8	1-7-11-8-8-6-9-9-6-8-10-9	1-8-11-8-11-9-11-4-6-10-2-6	11-9-7-7-8-10-8-9-10-11-10-6	11-8-9-10-11-11-10-11-11-12-1-3	12-7-9-11-11-1-1-11-7-7-8-9
329	10	11-11-11-11-11-12-11-11-12-11-11-12	11-12-11-9-11-11-9-11-11-11-9-12	10-10-12-12-11-11-10-12-11-11-10-11	11-10-11-11-10-10-12-9-11-9-10-10	12-9-9-6-11-10-10-10-11-11-11-10	10-9-8-9-11-11-8-11-10-10-10-10	9-8-11-10-9-11-8-9-8-10-9-8	11-7-9-12-8-11-7-11-6-11-9-10	10-10-10-8-11-11-10-11-11-12-10-6	10-10-11-12-11-11-10-11-11-9-9-11	9-12-9-9-12-11-10-10-10-10-11-3	10-7-10-10-11-11-11-11-11-7-5-12
329	11	10-10-10-10-10-10-10-10-10-10-10-10	10-8-10-11-10-10-12-10-10-10-10-10	11-10-10-10-10-10-10-10-10-10-10-10	10-10-10-10-11-11-10-11-10-11-10-9	11-9-11-11-9-11-12-11-10-10-10-11	10-8-12-11-10-9-11-10-10-10-3-12	12-11-10-9-10-10-5-12-5-10-9-11	10-11-9-11-11-10-7-10-3-10-12-10	12-0-10-11-11-10-9-11-10-10-11-8	10-10-11-10-10-11-11-10-10-9-9-10	11-10-5-9-10-9-12-9-9-11-10-11	9-7-10-11-9-10-11-9-10-10-11-10
329	12	12-12-10-10-12-10-10-12-10-10-12-12	11-10-12-10-10-10-11-10-10-12-10-10	11-11-10-10-12-11-12-10-10-12-10-10	11-12-12-10-12-12-10-12-12-12-12-0	11-9-12-12-12-12-11-11-12-12-6-6	12-12-11-11-12-9-12-12-12-12-12-12	11-12-12-12-10-12-7-11-12-10-11-11	12-12-6-12-12-10-12-10-6-12-11-12	11-12-12-12-11-12-12-10-12-10-11-10	10-12-12-12-12-10-12-10-12-12-12-12	11-10-12-10-10-12-11-10-12-12-10-12	10-10-12-10-11-12-12-9-12-12-12-10
330	0	0-0-0-0-0-0-0-0-0-0-0-0	0-0-0-0-0-0-0-0-0-0-0-0	0-0-0-0-0-0-0-0-0-0-0-0	0-0-0-0-0-0-0-0-0-0-0-0	0-0-0-0-0-0-0-0-0-0-0-0	0-0-0-0-0-0-0-0-0-0-0-0	0-0-0-0-0-0-0-0-0-0-0-0	0-0-0-0-0-0-0-0-0-0-0-0	0-0-0-0-0-0-0-0-0-0-0-0	0-0-0-0-0-0-0-0-0-0-0-0	0-0-0-0-0-0-0-0-0-0-0-0	0-0-0-0-0-0-0-0-0-0-0-0
330	1	1-1-1-1-1-1-1-1-1-1-1-1	2-2-1-2-1-1-2-2-2-2-2-2	1-3-2-2-2-2-2-2-2-2-2-2	2-2-2-2-0-0-2-2-1-2-2-0	8-3-1-2-0-1-2-1-1-2-2-0	2-2-2-1-1-4-1-3-1-1-8-2	1-1-1-1-1-1-2-2-1-1-1-2	2-1-2-1-1-2-2-2-1-1-2-2	1-2-2-1-1-3-14-1-2-2-1-2	2-1-1-4-2-2-1-2-1-2-1-1	2-2-4-0-1-2-3-1-1-1-2-1	2-1-2-1-2-6-1-3-3-1-1-1
330	2	1-2-2-1-1-1-1-1-1-1-1-1	1-1-1-4-1-1-1-1-1-1-3-1	0-2-1-1-5-1-3-3-1-3-4-1	3-1-1-1-3-3-1-3-1-1-3-4	2-0-2-3-0-2-1-3-1-1-1-2	1-1-1-2-1-1-2-1-1-1-3-1	2-3-1-1-2-1-1-1-1-1-2-1	1-2-3-2-2-1-1-1-2-1-1-1	1-1-1-1-14-1-1-3-1-1-2-1	1-2-1-1-1-1-1-1-1-1-1-1	1-1-1-0-1-1-0-1-1-3-1-1	1-2-5-1-1-1-2-1-1-1-3-1
330	3	1-1-1-1-1-1-1-1-1-1-1-3	1-1-1-2-1-1-1-3-4-4-2-3	6-4-2-1-2-6-2-4-1-4-2-2	2-4-4-2-2-2-1-2-1-3-2-0	2-3-6-2-5-2-4-2-3-3-1-4	2-4-5-9-3-1-4-4-3-3-9-3	5-2-1-3-3-3-3-1-3-1-2-4	1-3-2-4-6-1-3-4-9-3-3-1	3-3-3-4-3-1-3-2-1-3-2-1	4-3-3-1-2-4-1-3-1-1-3-1	5-6-1-0-3-3-1-3-3-4-1-3	1-3-3-4-3-1-2-1-1-3-2-1
330	4	4-4-4-4-1-4-5-4-4-1-4-4	1-6-4-2-1-5-1-5-3-3-2-1	3-4-5-1-2-3-5-5-1-3-5-2	2-3-5-3-2-2-4-2-2-4-3-2	2-3-3-2-3-5-3-5-3-1-1-3	1-3-3-3-4-1-5-3-4-4-0-3	2-2-1-5-3-4-6-6-4-4-3-3	1-5-2-3-2-1-4-3-3-5-3-1	3-1-3-3-4-1-1-5-5-1-5-5	5-3-1-1-1-3-1-3-5-1-5-1	1-1-1-0-3-3-5-3-3-3-1-3	1-3-3-3-1-1-2-1-0-5-8-1
330	5	4-5-4-5-5-5-5-6-5-5-6-5	1-6-6-2-1-4-1-4-6-3-2-8	0-5-4-6-2-3-4-4-6-3-6-6	6-3-6-1-2-3-6-2-6-5-7-0	2-0-3-8-3-4-6-4-6-3-1-2	1-3-3-3-5-1-6-6-5-5-7-3	3-2-1-4-8-7-5-6-4-5-4-6	1-4-3-3-2-1-4-3-3-4-3-1	1-1-4-4-5-1-1-4-4-6-4-4	4-3-5-1-6-5-1-9-4-1-3-2	3-1-1-5-8-6-4-3-3-3-1-3	1-2-3-3-1-1-2-1-5-4-4-5
330	6	7-5-5-5-7-6-5-5-6-5-5-7	1-5-5-6-1-7-1-9-7-3-7-7	7-7-7-7-8-3-7-7-5-5-5-7	7-7-7-7-8-7-5-8-5-8-5-7	7-6-8-8-3-4-7-7-5-7-7-7	7-3-3-3-6-7-5-6-5-4-7-8	3-5-4-7-5-3-5-5-4-6-7-5	3-6-2-7-3-1-4-7-3-3-6-3	3-3-3-3-6-1-7-12-8-5-7-8	7-7-6-6-7-5-6-5-7-1-6-6	1-3-6-5-3-5-1-3-7-6-6-3	6-6-6-6-7-1-2-1-1-6-4-5
330	7	7-8-7-7-7-7-7-7-8-7-7-9	8-8-10-6-1-6-5-8-6-3-6-6	6-6-6-6-6-6-6-6-10-8-8-6	6-6-6-6-6-6-8-6-8-8-8-6	6-0-6-6-3-8-8-6-8-6-6-6	6-8-8-7-7-6-8-7-5-7-6-7	9-8-7-6-9-5-5-8-7-7-6-8	1-8-3-6-7-1-8-6-3-7-6-1	6-7-3-3-7-7-6-6-8-6-6-9	6-6-6-7-6-6-6-5-6-1-6-8	1-14-9-7-6-6-7-3-6-3-1-3	7-3-2-6-6-1-2-1-0-1-9-1
330	8	8-7-7-7-7-7-7-5-7-8-5-7	7-7-7-8-1-7-8-7-7-3-10-10	8-9-9-6-6-6-9-9-9-7-7-8	6-8-6-6-6-6-7-6-7-7-7-8	1-12-10-6-9-7-9-9-7-8-7-8	12-7-7-8-7-14-7-9-7-4-1-6	7-7-7-10-7-8-5-7-7-6-9-7	13-7-12-7-3-9-7-3-3-8-10-10	8-8-3-3-10-1-8-9-7-1-6-6	9-3-8-10-7-2-6-5-8-9-9-7	9-7-7-11-3-9-9-9-9-3-1-3	1-3-8-6-9-1-1-8-8-8-8-1
330	9	9-9-10-10-10-9-9-14-9-8-10-7	10-7-7-11-1-7-8-14-10-3-10-10	10-8-8-10-10-3-10-8-8-10-10-10	10-8-6-12-10-10-7-10-7-10-9-6	10-8-10-12-8-7-10-10-7-9-9-9	10-10-12-3-7-12-10-11-4-4-12-10	10-9-7-8-7-8-10-7-4-10-10-3	11-9-8-10-10-8-7-7-3-10-6-8	8-8-3-3-11-1-3-8-11-9-12-7	8-10-8-10-10-9-10-5-9-8-8-9	8-3-7-8-3-8-8-8-8-3-10-3	1-9-8-6-8-1-2-8-11-8-7-9
330	10	10-10-10-10-10-9-10-10-10-10-12-10	9-7-7-9-10-10-8-12-10-11-9-8	9-10-8-9-9-11-9-8-10-11-9-9	9-8-10-9-9-9-11-9-11-11-9-8	9-8-9-9-9-10-9-9-11-10-9-9	9-9-12-7-10-9-9-10-10-10-6-9	9-10-10-8-9-10-9-9-7-12-9-11	10-9-8-9-9-8-13-11-3-9-8-8	10-8-7-3-8-1-1-9-9-6-2-13	8-9-6-9-9-9-9-12-10-8-6-9	8-9-6-10-11-8-8-3-3-3-9-9	10-11-8-6-8-13-2-8-13-11-14-13
330	11	13-13-12-14-14-12-13-12-12-14-14-14	12-10-13-12-12-12-13-12-12-12-12-12	11-12-12-12-9-12-12-11-12-10-12-11	12-12-12-9-9-12-10-9-10-13-10-11	13-8-12-10-12-10-12-12-10-11-12-12	11-12-10-12-10-13-12-9-12-10-13-12	12-10-11-12-12-13-13-11-13-12-12-12	12-9-13-12-12-12-7-12-12-9-12-8	12-13-13-12-9-11-13-12-9-11-12-12	13-12-12-12-9-9-12-14-13-12-13-9	12-12-12-8-12-14-12-13-12-12-12-11	12-12-11-12-12-12-13-12-12-12-12-11
330	12	11-11-11-11-11-11-11-11-11-11-11-11	11-13-13-11-11-11-11-11-11-11-11-11	9-11-11-11-9-11-13-11-11-12-13-13	11-11-11-9-9-11-12-9-13-12-13-11	9-8-11-9-11-12-11-11-13-11-11-11	9-11-10-11-10-9-13-9-12-10-9-12	11-9-10-11-12-12-14-11-11-11-11-11	11-9-8-11-9-11-10-11-11-11-11-8	12-11-11-11-11-11-11-11-8-11-9-11	11-11-11-12-9-11-11-10-11-11-6-9	11-11-14-10-11-11-8-11-11-11-11-9	11-11-8-11-11-11-14-11-11-11-11-12
330	13	11-11-11-11-11-11-11-11-11-11-11-11	11-12-12-11-11-11-11-11-11-11-11-11	9-12-11-11-13-11-12-11-11-12-12-12	14-13-11-14-13-13-12-9-12-11-12-11	11-11-13-11-11-12-12-14-12-13-13-11	11-11-9-13-7-11-12-13-5-10-11-14	11-10-11-11-11-11-11-12-11-11-13-13	8-9-11-13-13-11-10-13-11-11-13-8	8-11-13-13-11-11-11-13-9-11-13-10	11-13-8-13-13-11-11-11-11-11-13-9	13-3-11-8-11-11-8-11-13-13-1-13	11-13-8-11-13-11-13-11-10-11-11-12
330	14	14-14-11-11-14-11-11-14-11-11-14-11	11-12-14-11-11-11-13-9-11-14-11-13	11-12-14-11-14-11-13-14-11-14-12-14	13-14-13-13-14-14-12-9-14-14-14-11	14-8-14-14-11-14-13-14-12-14-13-11	14-14-14-13-14-8-14-11-14-14-14-13	13-14-14-14-12-14-12-11-14-14-11-11	14-9-9-11-14-11-7-11-11-11-13-14	8-14-14-14-9-14-14-11-14-11-13-12	11-14-14-14-14-14-14-11-11-14-8-14	11-14-12-10-11-11-14-14-14-11-14-14	11-14-14-11-13-14-14-8-14-14-14-10
331	0	0-0-0-0-0-0-0-0-0-0-0-0	0-0-0-0-0-0-0-0-0-0-0-0	0-0-0-0-0-0-0-0-0-0-0-0	0-0-0-0-0-0-0-0-0-0-0-0	0-0-0-0-0-0-0-0-0-0-0-0	0-0-0-0-0-0-0-0-0-0-0-0	0-0-0-0-0-0-0-0-0-0-0-0	0-0-0-0-0-0-0-0-0-0-0-0	0-0-0-0-0-0-0-0-0-0-0-0	0-0-0-0-0-0-0-0-0-0-0-0	0-0-0-0-0-0-0-0-0-0-0-0	0-0-0-0-0-0-0-0-0-0-0-0
331	1	1-1-1-1-1-1-1-1-1-1-1-1	2-1-0-1-0-1-0-1-1-0-1-0	0-2-2-2-2-2-2-0-0-1-2-1	2-0-2-2-2-2-0-4-2-1-2-0	2-0-6-2-0-1-2-2-1-1-16-2	2-0-2-0-1-3-1-1-1-1-9-0	0-1-1-0-1-0-1-2-1-1-5-3	1-1-3-0-1-2-1-2-1-2-2-0	0-0-0-0-2-1-0-4-3-1-3-1	2-1-1-0-2-2-1-1-4-0-0-2	0-1-0-0-0-0-0-0-0-1-1-1	0-1-1-2-0-1-1-0-2-0-2-1
331	2	2-2-2-2-2-2-2-2-2-2-2-2	3-2-2-1-2-2-3-2-2-3-1-3	0-1-1-1-1-7-1-3-1-4-3-1	4-3-3-1-1-1-2-1-1-2-1-0	1-0-1-1-3-1-3-1-3-2-4-1	1-2-4-0-2-1-3-2-2-2-11-2	2-2-2-2-3-2-2-3-2-2-2-5	2-1-1-3-2-3-2-6-5-1-4-0	2-5-2-2-1-2-2-3-1-2-1-2	3-2-2-2-1-1-2-2-0-3-2-1	2-2-2-0-2-2-0-2-3-3-1-2	2-2-2-3-2-2-2-2-1-3-1-2
331	3	3-3-3-3-3-3-3-3-3-3-3-3	2-3-3-1-2-3-2-4-2-2-1-4	1-2-2-1-1-2-4-5-0-5-4-4	2-2-2-1-1-1-4-1-4-4-5-0	1-6-1-1-2-5-2-4-2-3-2-1	1-2-2-2-2-1-4-4-2-3-3-3	2-3-4-2-2-3-2-2-3-2-1-1	4-1-1-2-3-3-3-2-4-3-2-0	3-2-2-2-3-3-3-2-1-3-4-2	2-2-3-5-1-3-4-1-1-2-1-1	3-2-7-3-4-4-0-2-2-4-3-4	3-2-2-2-4-3-1-3-7-2-3-3
331	4	4-4-4-4-4-4-4-4-5-4-4-4	4-5-3-1-4-5-9-3-2-2-5-3	0-4-4-1-5-2-3-6-5-2-5-3	2-6-5-5-1-6-4-1-5-3-3-0	1-6-0-4-2-3-4-6-5-1-2-1	1-2-2-0-4-1-5-3-4-4-5-2	2-3-3-2-2-4-4-5-4-4-0-4	3-1-1-2-7-0-7-2-3-3-2-0	5-0-2-5-4-2-3-2-4-8-3-5	2-2-4-7-4-4-3-5-1-0-6-1	6-3-5-9-3-3-0-0-12-3-2-3	8-2-10-7-6-4-2-3-3-3-5-5
331	5	4-3-4-5-5-5-4-5-4-5-5-6	8-4-3-6-7-5-3-7-7-7-5-6	2-5-6-1-6-5-6-6-4-3-4-5	6-6-4-6-1-2-6-1-7-3-3-6	6-3-1-6-2-3-6-4-4-3-3-1	1-2-6-0-4-1-4-6-4-5-4-6	2-5-3-2-2-3-4-4-4-4-1-6	3-1-1-2-5-0-4-2-2-3-7-0	4-2-2-5-0-7-0-6-7-7-5-7	2-2-5-3-7-7-4-4-1-2-4-1	5-7-4-0-4-6-0-2-2-5-7-2	5-7-5-5-5-5-5-5-3-5-4-4
331	6	6-9-4-6-6-6-4-6-4-8-6-5	5-4-3-5-5-5-9-7-5-5-6-5	0-7-6-7-5-5-7-5-7-8-5-7	5-8-7-5-8-8-4-5-8-7-3-5	5-3-1-7-2-3-5-4-7-7-5-6	3-3-7-7-6-0-4-5-6-7-4-5	3-6-3-2-2-6-6-4-6-9-1-7	5-6-1-5-5-7-4-2-2-6-7-0	6-2-2-2-7-5-2-5-5-8-6-5	7-2-6-3-7-5-7-8-6-2-4-1	5-5-8-0-7-5-6-2-2-5-5-2	5-2-5-5-5-5-7-5-3-5-4-4
331	7	7-6-8-4-6-4-6-7-7-7-7-4	5-4-3-8-5-4-6-6-5-5-8-5	8-6-8-8-8-2-8-8-6-8-8-6	8-8-8-6-9-8-4-7-5-4-3-0	8-0-7-8-2-3-8-8-6-6-7-7	2-7-8-6-6-9-3-3-4-6-2-8	7-6-4-2-2-7-4-8-6-7-7-9	5-7-9-8-8-6-4-7-2-16-6-0	7-0-2-8-7-5-2-8-5-5-9-5	6-7-7-4-8-5-8-4-7-0-0-7	0-5-3-0-6-7-0-12-0-7-5-2	5-5-7-4-0-5-6-0-3-7-4-6
331	8	8-8-8-8-8-8-8-8-8-8-8-8	5-9-8-7-5-5-9-8-5-8-7-9	7-8-7-7-7-9-9-7-8-6-9-7	7-7-7-7-7-7-9-7-9-9-8-0	7-0-7-7-10-9-7-7-9-8-7-7	1-7-9-6-12-7-9-8-8-8-11-7	7-11-8-10-10-8-11-7-6-8-7-6	8-7-7-7-7-9-11-7-2-8-11-0	7-8-2-7-10-5-16-7-5-6-4-12	9-7-8-8-7-9-7-6-7-9-0-7	0-5-6-15-6-7-0-10-16-7-5-2	4-10-7-7-0-8-6-13-8-7-11-7
331	9	9-10-8-9-9-8-10-8-9-8-8-8	10-8-8-9-10-8-10-10-10-10-10-11	11-10-10-7-9-10-10-9-9-9-8-9	9-9-10-9-7-10-8-7-8-9-9-11	7-15-7-7-11-8-8-9-8-9-9-9	1-9-8-9-9-16-8-8-8-8-1-9	9-7-8-11-9-7-8-8-6-6-11-7	10-7-7-8-9-10-8-8-2-9-9-9	9-9-9-7-13-5-9-11-5-9-7-5	8-11-7-9-11-8-8-8-9-14-9-1	11-9-9-14-6-14-9-9-9-7-5-2	9-5-9-11-9-8-6-14-8-9-8-6
331	10	11-16-11-11-11-11-11-11-13-11-13-11	12-11-11-11-13-11-9-11-11-12-11-11	9-9-9-11-11-11-9-9-11-11-9-11	9-9-11-11-7-9-13-7-11-11-11-9	16-9-8-7-10-10-11-10-10-11-14-10	10-9-8-12-11-14-11-11-12-10-13-10	12-12-10-10-11-10-12-11-11-12-12-10	13-7-13-10-10-11-13-14-12-11-9-10	10-9-10-11-16-11-11-9-15-12-7-14	11-12-11-16-11-12-11-12-13-11-9-13	12-14-11-9-13-12-9-13-9-12-11-11	11-12-12-11-11-14-12-13-15-10-13-14
331	11	10-10-10-10-10-10-10-10-10-10-10-10	10-10-10-12-10-10-10-10-10-10-10-10	9-10-10-10-12-10-10-9-10-10-12-10	10-9-10-10-11-11-10-7-10-10-10-9	13-9-13-13-9-10-10-11-10-10-10-7	10-14-13-10-10-9-10-10-10-8-2-10	13-13-10-9-10-10-8-10-10-10-9-12	10-11-16-12-13-10-8-10-2-9-9-9	9-9-2-10-9-10-10-9-5-10-13-10	10-10-10-10-10-10-10-5-10-10-9-14	9-10-10-9-10-10-9-9-9-10-10-10	10-5-9-10-10-10-10-10-8-9-8-10
331	12	10-10-10-10-10-10-10-10-10-10-10-10	10-10-10-11-10-10-13-13-10-10-10-13	9-13-10-11-11-13-13-13-10-10-11-13	13-13-12-12-13-13-10-7-10-10-11-9	14-9-13-11-12-12-13-13-10-12-10-13	13-13-8-10-10-10-13-10-10-10-4-13	10-10-10-13-9-10-10-12-10-10-13-11	10-11-7-11-11-12-8-10-10-9-13-9	10-9-10-10-14-10-10-13-10-10-11-10	13-13-7-10-12-10-13-10-10-10-13-10	15-10-13-9-10-10-13-10-13-13-10-10	10-10-10-10-15-10-10-10-10-10-8-10
331	13	10-10-10-10-10-10-10-10-10-10-10-10	10-14-14-11-10-10-12-12-10-10-10-12	9-12-12-10-11-12-12-12-10-12-14-12	12-12-13-11-12-12-10-7-14-10-14-9	11-9-11-11-9-14-12-12-14-13-10-12	10-12-11-10-10-9-14-10-13-13-14-13	11-11-10-10-14-13-14-14-6-10-12-12	10-11-10-12-11-10-10-7-2-8-12-9	10-9-15-10-13-10-10-12-16-10-11-10	12-12-10-10-10-10-10-6-10-10-12-10	12-10-10-9-10-10-12-10-12-12-10-10	10-10-9-10-12-10-10-10-10-9-10-16
331	14	10-10-10-10-10-10-10-10-10-10-10-10	10-13-13-10-10-10-10-16-10-10-10-12	9-15-15-15-11-12-15-15-10-13-13-12	15-14-14-15-15-15-10-7-13-10-13-9	12-9-15-11-9-13-15-15-13-10-10-15	15-15-15-10-10-9-15-14-13-10-13-13	15-15-10-15-13-14-13-15-6-10-15-14	10-11-10-15-15-10-13-10-15-9-14-9	10-9-10-15-14-10-15-15-5-10-14-10	12-15-14-10-14-10-15-10-15-9-15-11	12-10-12-9-14-9-9-9-9-12-10-14	10-15-14-14-14-10-14-10-8-10-8-10
331	15	10-10-16-10-10-10-10-10-10-10-10-10	10-16-15-11-10-10-16-14-14-10-14-12	9-16-14-10-14-12-14-14-10-13-16-16	14-14-15-14-14-14-10-7-14-14-15-9	11-9-14-11-9-15-14-14-15-15-10-14	14-14-16-15-10-9-14-14-10-8-4-15	14-14-10-14-15-15-15-14-6-10-14-16	10-14-10-14-14-9-8-10-14-14-12-9	16-9-13-14-14-10-14-14-15-10-14-15	12-14-15-15-15-10-14-12-14-10-14-10	12-10-10-8-14-10-12-14-9-12-10-15	10-10-9-14-12-10-14-10-10-13-8-10
331	16	16-16-16-10-16-10-10-16-16-10-16-16	10-15-16-12-10-10-15-14-10-16-10-12	15-15-16-10-13-15-16-16-10-16-16-15	16-16-16-14-16-16-10-7-15-16-16-9	12-9-16-16-16-16-15-16-15-16-1-7	16-16-15-16-16-9-15-14-16-16-16-15	14-16-16-16-13-15-10-15-16-10-14-15	16-11-11-16-16-10-8-10-14-15-10-9	10-16-16-9-10-10-16-10-13-10-14-15	10-10-16-10-16-5-16-10-10-16-9-16	12-10-16-9-13-10-12-16-16-16-10-16	10-10-16-10-15-15-16-9-10-16-16-13
332	0	0-0-0-0-0-0-0-0-0-0-0-0	0-0-0-0-0-0-0-0-0-0-0-0	0-0-0-0-0-0-0-0-0-0-0-0	0-0-0-0-0-0-0-0-0-0-0-0	0-0-0-0-0-0-0-0-0-0-0-0	0-0-0-0-0-0-0-0-0-0-0-0	0-0-0-0-0-0-0-0-0-0-0-0	0-0-0-0-0-0-0-0-0-0-0-0	0-0-0-0-0-0-0-0-0-0-0-0	0-0-0-0-0-0-0-0-0-0-0-0	0-0-0-0-0-0-0-0-0-0-0-0	0-0-0-0-0-0-0-0-0-0-0-0
332	1	1-1-1-1-0-1-1-1-1-1-1-1	1-1-1-1-1-1-0-1-1-1-1-2	3-1-0-2-2-2-2-0-2-1-2-2	2-0-0-2-2-2-0-4-2-0-2-0	2-0-2-2-0-1-2-2-0-1-0-2	2-0-1-0-0-3-1-1-1-1-0-0	1-1-1-1-1-1-1-2-1-1-1-1	1-1-1-1-1-0-1-0-1-1-1-0	1-0-1-0-2-1-0-1-0-1-1-1	1-1-1-1-2-1-1-1-1-0-0-1	0-1-1-0-1-1-0-0-0-1-1-0	0-1-1-1-0-0-1-0-2-0-1-1
332	2	2-2-1-2-2-2-2-2-2-2-2-2	3-2-2-1-2-2-3-3-2-3-1-2	1-1-2-1-1-5-1-3-1-1-3-1	3-3-3-1-1-1-2-1-1-2-1-0	1-0-1-1-3-1-3-1-2-0-4-1	1-3-4-0-2-1-3-3-2-2-10-2	2-2-2-2-3-2-2-3-2-2-2-10	2-1-11-3-2-6-2-3-9-2-2-0	2-5-2-3-1-2-2-3-2-2-1-2	3-1-2-2-1-1-3-2-2-3-2-1	5-2-2-0-2-2-0-2-3-3-2-2	2-2-2-1-0-2-5-2-1-1-2-2
332	3	3-3-3-3-3-3-3-3-3-3-3-3	2-3-3-1-2-3-2-4-2-2-1-4	1-2-2-1-1-2-4-5-4-5-4-4	2-2-2-1-1-1-4-1-4-4-4-1	1-0-1-1-2-4-2-2-2-3-5-2	1-2-2-3-0-1-4-4-2-3-3-3	2-2-4-2-2-3-4-4-3-2-2-2	4-1-1-2-2-3-3-2-4-4-2-0	3-2-2-2-3-2-4-2-4-2-4-5	2-1-3-5-4-1-4-2-2-2-5-1	5-2-6-3-4-3-0-0-2-4-2-4	2-2-1-2-4-3-1-3-5-5-3-2
332	4	4-4-4-4-4-4-4-4-5-4-4-4	4-5-3-1-5-5-2-3-2-2-1-3	0-4-4-3-1-2-3-5-5-4-5-3	2-3-5-4-1-2-4-1-5-3-3-0	1-0-0-5-2-3-5-4-5-1-2-1	1-2-2-0-4-1-5-3-4-4-4-2	2-2-3-2-2-4-5-3-4-4-1-2	3-1-1-3-2-0-5-5-3-3-2-0	4-0-5-2-4-2-3-2-3-4-3-2	2-1-4-3-4-1-3-4-4-2-4-1	2-2-5-7-3-3-0-0-8-3-2-3	6-2-2-2-3-4-2-3-3-3-5-5
332	5	4-5-5-4-5-4-4-5-4-5-3-6	7-3-3-1-4-4-6-5-7-2-6-3	6-6-6-6-6-2-6-6-6-3-4-5	5-6-6-5-6-7-4-7-4-4-2-6	6-0-9-9-2-3-6-6-4-7-6-6	6-7-6-2-5-9-4-5-4-4-4-5	2-2-2-0-2-5-4-6-3-4-5-7	3-5-5-6-6-5-4-6-2-4-5-0	6-2-4-2-5-2-0-6-3-5-3-3	2-6-4-3-5-1-5-4-5-2-6-6	2-2-4-0-4-6-0-0-0-5-2-2	4-5-7-5-6-5-2-0-3-3-4-4
332	6	6-6-6-6-6-6-6-6-6-6-6-5	7-8-7-1-7-7-5-7-5-2-5-7	5-5-5-5-5-2-7-6-5-7-7-5	5-6-5-5-5-5-4-5-7-6-7-5	5-0-5-5-0-7-5-5-6-6-5-5	5-5-5-6-6-5-7-6-6-3-4-6	8-8-6-0-12-6-6-7-3-9-5-5	6-5-7-7-7-2-10-7-2-4-5-0	5-6-7-7-6-7-8-5-10-4-7-11	5-5-6-6-7-1-5-6-7-2-5-10	2-7-3-7-6-5-7-7-2-2-2-7	6-5-5-5-5-7-7-7-3-8-4-6
332	7	7-7-7-7-7-7-6-7-6-7-7-7	6-8-6-5-6-6-8-6-5-8-5-8	5-5-5-5-5-7-6-5-6-6-6-6	7-8-6-5-5-5-8-5-6-7-6-5	5-0-5-5-2-6-7-7-8-5-5-5	1-5-6-9-7-5-6-6-7-7-7-5	2-8-6-0-6-7-6-6-4-6-0-5	7-6-6-6-6-5-6-6-2-4-6-0	8-2-6-6-4-5-6-6-6-6-6-7	6-8-9-11-6-8-6-7-6-2-7-8	7-6-8-6-8-8-6-6-8-2-8-6	7-8-5-8-6-8-6-6-9-10-4-10
332	8	9-9-8-9-8-9-11-8-9-8-8-9	9-7-10-1-10-9-9-8-10-9-9-9	8-9-9-9-9-9-9-8-9-8-8-8	9-9-9-9-5-9-7-5-7-9-7-9	5-12-5-5-9-6-9-9-7-9-9-8	9-9-6-9-8-11-9-9-7-7-9-9	9-7-8-9-9-10-6-9-6-6-9-9	8-6-9-9-8-10-6-8-8-8-9-8	9-10-8-9-10-8-9-9-8-8-12-6	8-9-10-9-8-7-9-8-9-10-9-7	9-2-7-9-9-7-8-9-9-8-7-2	7-7-8-9-9-9-6-7-7-6-8-8
332	9	8-12-9-9-8-8-8-9-9-9-8-9	8-10-9-8-8-8-8-8-8-8-8-9	5-8-8-8-8-10-8-9-8-10-10-8	8-8-8-8-5-8-9-5-10-8-9-5	5-8-5-5-8-9-8-8-10-8-8-8	8-8-5-8-8-8-8-8-7-7-8-8	8-10-9-8-8-9-10-8-9-6-8-8	8-6-8-8-6-11-6-5-2-9-8-0	8-8-8-8-8-8-8-8-9-9-8-6	8-8-7-8-8-8-8-6-8-8-8-8	8-12-8-8-8-12-0-8-8-2-7-2	7-2-5-8-8-8-1-8-7-8-9-8
332	10	9-9-12-9-8-8-8-9-9-8-10-11	8-9-8-11-8-8-8-9-8-8-8-8	10-8-8-8-11-9-11-8-8-9-9-10	11-8-8-10-10-11-7-11-9-8-9-11	11-8-11-11-8-11-11-11-9-8-10-10	11-10-11-10-8-8-9-8-7-7-2-12	11-9-9-8-6-8-9-11-9-10-11-2	7-10-12-10-10-8-6-12-2-11-10-8	8-8-2-10-11-10-8-9-9-10-10-6	10-10-9-7-10-1-10-8-6-8-8-6	8-9-7-8-4-10-0-8-8-10-10-10	7-10-10-10-8-10-10-8-7-7-4-4
332	11	8-11-12-8-8-8-8-8-9-8-11-12	12-9-8-10-8-8-8-12-8-8-8-8	10-11-8-12-10-11-10-8-8-10-10-10	10-10-11-10-10-10-7-10-9-8-10-10	10-8-10-10-8-10-10-10-9-11-10-10	10-8-10-11-8-8-10-8-7-7-4-11	10-9-6-8-6-11-9-10-9-12-10-11	11-10-2-10-10-8-4-10-12-11-10-8	11-8-11-11-10-12-8-9-9-8-10-6	10-11-11-8-10-1-10-7-11-8-8-11	8-2-7-8-9-9-12-8-8-10-11-11	10-10-10-11-8-10-11-8-7-6-4-8
332	12	12-12-10-12-12-12-8-12-12-8-12-12	11-9-12-10-8-8-8-11-8-12-8-8	10-12-12-10-12-11-12-12-8-12-12-12	11-12-12-12-12-12-11-5-12-12-12-8	10-8-12-12-12-12-11-11-9-12-10-5	12-12-11-12-12-12-12-12-12-12-12-12	10-12-12-12-6-12-12-11-12-11-10-12	12-12-10-12-12-0-12-10-11-12-8-12	8-12-12-12-10-12-12-7-12-8-11-6	12-12-12-12-12-1-12-8-12-12-12-12	8-9-12-8-9-9-12-8-12-12-12-12	12-2-12-7-8-12-12-8-12-12-12-8
333	0	0-0-0-0-0-0-0-0-0-0-0-0	0-0-0-0-0-0-0-0-0-0-0-0	0-0-0-0-0-0-0-0-0-0-0-0	0-0-0-0-0-0-0-0-0-0-0-0	0-0-0-0-0-0-0-0-0-0-0-0	0-0-0-0-0-0-0-0-0-0-0-0	0-0-0-0-0-0-0-0-0-0-0-0	0-0-0-0-0-0-0-0-0-0-0-0	0-0-0-0-0-0-0-0-0-0-0-0	0-0-0-0-0-0-0-0-0-0-0-0	0-0-0-0-0-0-0-0-0-0-0-0	0-0-0-0-0-0-0-0-0-0-0-0
333	1	1-1-1-0-1-1-1-1-1-1-1-1	0-0-0-1-1-0-0-0-0-0-2-0	1-1-0-1-2-2-2-1-0-1-0-2	2-0-2-2-2-2-0-3-1-1-2-1	1-0-2-2-1-1-2-2-1-1-10-3	2-2-2-1-4-2-1-1-1-1-2-2	3-1-1-0-1-0-1-2-1-1-0-1	2-1-2-1-1-0-0-1-1-1-0-0	0-0-1-1-2-1-0-1-0-1-2-1	0-2-0-0-2-2-3-1-1-0-0-1	0-1-0-0-0-0-0-0-0-1-1-1	0-1-1-1-0-0-1-0-0-0-0-2
333	2	2-2-1-2-2-2-2-2-2-2-2-2	3-2-0-1-2-4-1-2-2-3-1-3	1-1-3-1-1-5-3-1-0-5-3-1	3-3-3-1-1-4-2-1-1-2-5-1	1-0-1-1-4-1-3-3-3-2-2-1	6-3-4-5-2-1-3-3-2-2-5-1	1-2-2-2-3-0-3-1-2-2-3-5	1-1-5-3-2-2-2-3-5-2-4-2	2-5-2-2-1-2-2-3-0-2-1-2	2-1-2-2-1-1-2-2-3-2-2-1	5-2-2-0-2-2-0-2-3-4-2-2	0-2-3-3-0-2-1-2-1-0-0-1
333	3	3-3-3-3-3-3-3-3-3-3-3-3	5-5-3-1-3-4-4-4-2-2-1-2	1-3-2-2-1-2-4-4-4-2-4-4	2-2-4-1-1-2-5-1-1-4-2-1	3-0-1-1-2-5-2-2-2-4-3-1	2-2-2-0-2-2-2-2-3-3-1-3	1-1-3-0-2-3-2-4-3-3-2-4	3-1-1-2-5-4-2-2-2-3-2-0	3-2-2-2-3-2-0-2-4-2-1-3	2-1-3-3-2-4-1-3-2-2-2-1	2-2-5-0-4-4-5-2-2-2-4-2	0-2-2-2-0-1-5-0-0-4-3-3
333	4	4-4-4-4-4-4-3-4-4-4-4-4	3-5-5-1-4-7-4-3-4-2-4-5	1-4-5-5-1-2-3-5-3-2-5-3	4-2-5-4-1-2-5-1-5-5-4-0	1-0-4-5-2-3-5-4-5-4-3-1	4-2-2-2-4-1-5-5-4-4-4-3	1-5-4-0-2-4-5-5-6-3-0-3	3-1-2-3-4-3-4-2-2-3-2-0	3-2-5-2-4-2-0-5-3-3-1-3	4-1-10-3-1-6-4-3-5-2-4-1	2-5-10-10-3-3-0-9-0-2-3-2	5-2-2-2-0-4-1-0-0-3-5-5
333	5	5-4-4-4-4-4-4-4-5-4-3-6	3-3-4-1-4-4-6-6-4-2-6-4	6-4-6-6-6-2-6-6-4-2-4-5	6-2-4-5-6-6-4-8-4-4-2-5	6-0-6-6-2-3-6-6-4-6-5-5	2-6-6-8-5-6-4-5-4-4-2-6	1-4-3-0-2-4-4-4-4-4-6-2	3-6-2-6-3-0-4-6-2-5-2-0	2-2-4-6-5-2-2-6-3-5-7-7	10-6-5-5-6-5-5-5-4-2-5-1	2-4-4-5-5-6-3-5-0-4-5-2	4-5-5-5-0-5-3-0-0-5-4-4
333	6	6-6-6-6-6-6-6-6-6-7-7-6	7-7-4-5-7-7-5-7-4-6-5-7	5-6-5-5-5-5-5-5-8-8-7-7	5-6-5-5-5-5-4-5-7-6-6-5	5-0-5-5-2-7-5-5-7-5-5-5	2-5-5-4-6-5-7-5-2-6-5-6	1-6-6-9-8-6-7-5-4-6-5-2	6-5-2-5-5-5-7-5-2-5-3-7	6-2-6-5-7-2-0-5-6-5-1-4	0-5-6-6-5-4-5-4-1-4-5-8	9-4-4-4-10-5-0-0-9-2-5-6	9-2-5-5-9-5-1-0-8-6-10-9
333	7	6-6-8-8-8-8-8-6-4-6-6-6	6-6-6-8-6-6-8-6-7-6-5-8	8-8-8-8-7-8-8-8-7-8-6-8	7-7-7-8-5-8-7-5-6-7-7-10	5-8-7-5-7-6-8-8-6-7-5-7	8-8-5-5-6-10-6-6-7-4-8-8	1-1-7-8-7-7-6-8-4-4-7-5	7-5-9-6-6-8-6-5-5-7-7-8	7-7-8-8-9-7-7-9-6-2-5-5	8-8-9-8-8-9-6-4-7-8-10-1	8-7-8-8-7-7-8-8-8-8-5-2	7-9-7-6-7-7-1-8-8-7-6-1
333	8	8-8-8-8-8-8-7-8-8-8-8-8	6-9-8-7-9-7-7-7-8-9-5-7	7-7-7-7-5-7-7-7-7-9-7-7	7-7-7-7-5-7-7-5-9-8-8-7	5-7-7-5-7-8-7-8-8-7-5-5	7-7-5-5-6-7-9-8-8-8-7-8	10-8-6-8-7-8-8-7-8-8-10-8	6-5-7-8-3-7-6-5-2-8-7-7	8-8-9-7-8-9-8-7-8-3-1-7	7-7-6-9-7-6-5-5-7-7-5-9	7-9-10-7-10-7-7-7-7-7-5-2	8-5-7-5-7-8-1-7-7-7-6-8
333	9	9-9-10-10-9-10-10-10-9-10-10-10	10-8-8-10-8-10-10-9-9-8-10-10	9-7-10-9-9-10-9-10-10-8-9-9	10-7-10-9-5-7-9-5-8-7-8-9	5-7-10-5-7-8-10-10-8-9-9-9	9-9-5-9-6-7-8-9-8-8-7-8	10-8-8-9-6-9-4-9-4-9-7-8	7-10-7-9-9-7-6-10-10-7-7-7	7-7-8-9-10-9-7-7-8-9-10-7	9-9-9-8-8-9-8-9-9-7-7-9	7-8-9-8-9-7-7-10-7-9-9-9	8-5-9-9-10-8-9-7-9-7-6-9
333	10	10-10-10-10-10-10-9-10-10-9-10-10	9-8-10-9-9-9-9-9-9-10-9-9	7-10-9-9-10-9-10-9-9-10-10-10	10-10-9-10-10-10-7-10-10-10-10-7	10-7-9-10-7-10-9-10-8-10-5-5	10-10-10-9-10-7-10-10-10-10-10-10	9-10-10-10-8-10-10-10-10-9-8-10	10-10-5-10-10-7-5-5-9-10-7-7	8-10-10-10-9-10-10-9-10-9-9-7	10-10-10-10-10-6-10-9-10-10-7-10	7-10-10-4-8-8-7-10-10-10-10-10	10-10-10-9-10-10-10-10-10-10-6-10
334	0	0-0-0-0-0-0-0-0-0-0-0-0	0-0-0-0-0-0-0-0-0-0-0-0	0-0-0-0-0-0-0-0-0-0-0-0	0-0-0-0-0-0-0-0-0-0-0-0	0-0-0-0-0-0-0-0-0-0-0-0	0-0-0-0-0-0-0-0-0-0-0-0	0-0-0-0-0-0-0-0-0-0-0-0	0-0-0-0-0-0-0-0-0-0-0-0	0-0-0-0-0-0-0-0-0-0-0-0	0-0-0-0-0-0-0-0-0-0-0-0	0-0-0-0-0-0-0-0-0-0-0-0	0-0-0-0-0-0-0-0-0-0-0-0
334	1	1-1-1-1-2-1-1-1-1-1-1-1	1-0-0-2-2-1-1-0-1-1-1-0	2-1-2-2-2-2-1-2-1-2-1-1	2-1-1-2-2-2-0-2-2-2-2-1	2-1-2-0-1-0-2-1-2-1-1-2	1-2-2-2-1-1-0-2-0-0-0-0	2-0-0-4-1-0-0-1-0-1-2-1	1-1-2-2-1-0-1-2-2-1-1-1	0-1-1-0-1-1-8-1-2-1-1-1	3-3-1-0-1-0-0-1-1-1-0-1	4-1-1-1-5-0-1-0-0-1-1-1	0-0-1-1-1-1-1-0-1-1-0-1
334	2	2-2-3-4-2-3-3-1-2-3-2-4	3-0-1-2-2-3-3-3-3-3-3-3	3-1-3-1-1-3-2-1-4-1-2-2	3-3-3-3-1-1-3-1-1-1-1-9	1-7-9-0-3-2-3-2-1-2-2-2	1-1-1-1-1-1-0-2-0-0-0-3	6-1-0-6-1-0-0-2-0-2-9-2	1-1-2-2-1-3-3-1-3-3-2-3	3-3-2-2-6-2-3-2-3-1-2-2	1-1-2-2-9-2-2-2-2-3-4-2	3-2-9-2-2-3-8-2-4-2-2-2	4-2-2-9-2-6-2-2-4-3-2-3
334	3	2-2-4-2-3-2-2-3-2-2-3-1	2-0-1-5-2-2-2-2-2-2-4-2	2-3-4-5-4-2-4-2-2-4-4-4	4-2-2-4-4-4-2-4-4-1-4-2	4-2-2-4-2-3-2-4-3-2-3-4	4-1-1-3-1-4-3-4-0-0-2-2	3-3-0-2-3-0-3-2-0-1-5-3	1-3-4-3-3-2-2-4-3-2-2-2	2-2-2-2-14-1-2-2-2-5-4-3	1-1-3-2-1-4-4-2-3-2-2-4	2-2-2-2-2-2-2-2-2-2-2-2	2-3-3-2-2-0-3-2-2-2-0-2
334	4	5-5-3-2-4-4-4-4-2-2-4-5	2-4-5-3-2-2-2-4-4-5-3-4	2-5-3-3-3-10-5-5-2-5-3-3	5-5-5-3-3-3-4-3-3-4-3-2	3-2-3-3-5-4-5-3-4-2-3-3	3-5-5-2-4-3-5-6-4-4-0-4	9-4-12-2-5-0-4-5-4-5-1-5	1-3-5-5-4-4-4-5-4-2-2-2	4-2-4-4-3-5-2-2-6-4-3-4	4-4-2-3-1-5-3-4-2-4-2-3	1-4-2-2-2-2-2-2-2-6-4-4	2-4-4-2-2-4-3-2-2-2-0-4
334	5	5-5-5-5-5-5-5-5-5-5-5-5	2-7-5-3-6-4-2-4-4-4-3-5	2-4-6-3-3-6-4-6-6-4-6-4	4-4-6-6-3-4-4-3-3-5-6-2	5-2-2-5-4-6-6-4-4-2-6-3	6-4-4-2-5-3-6-4-5-5-0-4	4-3-6-1-4-0-5-6-5-6-3-4	6-3-4-4-4-2-5-4-4-6-2-2	5-1-4-4-5-4-2-2-5-4-6-4	6-1-0-6-1-4-2-4-1-4-2-3	1-4-2-7-1-2-2-2-2-1-4-4	2-4-3-2-2-13-3-2-2-2-6-2
334	6	6-7-6-6-6-9-7-6-9-6-7-7	7-7-7-6-7-7-7-6-6-7-3-7	6-7-5-5-3-5-6-6-7-7-5-6	7-5-7-5-3-7-6-3-6-14-4-2	3-2-2-8-4-5-5-6-8-6-5-2	5-7-4-2-7-3-7-6-6-6-8-7	2-7-6-2-4-6-8-5-7-5-2-4	6-7-4-5-4-7-8-6-4-6-2-2	5-2-5-4-2-8-2-2-5-6-7-13	5-1-14-5-7-7-7-9-2-2-2-3	2-14-14-7-14-7-2-2-2-4-10-4	2-7-2-2-2-7-4-2-2-2-7-13
334	7	6-9-8-8-8-6-6-6-6-8-7-6	6-5-6-9-6-6-6-8-6-8-9-8	7-8-8-9-7-9-8-7-8-6-8-7	8-7-8-8-9-9-8-7-7-6-8-7	6-9-8-7-7-6-8-8-7-9-10-7	8-8-6-9-6-10-6-8-6-6-9-9	2-6-7-2-7-7-6-7-6-8-8-6	8-6-9-8-6-8-7-7-7-9-7-8	8-7-7-7-8-7-9-6-8-6-6-6	8-8-6-2-6-6-6-7-8-8-2-6	8-6-6-6-8-6-2-9-8-7-6-4	2-6-7-2-8-8-6-8-9-8-9-7
334	8	7-7-7-8-9-7-8-6-6-7-7-6	6-10-6-7-9-6-7-9-7-7-7-7	14-8-7-7-9-7-9-7-7-9-9-9	7-7-7-7-3-7-7-3-9-6-9-2	3-7-7-6-4-10-7-7-6-7-7-7	7-7-4-7-7-3-9-9-8-6-6-7	2-6-9-2-10-9-6-9-6-7-7-10	7-10-7-9-3-7-6-9-4-7-2-7	7-2-7-4-7-6-7-9-7-7-9-9	7-7-8-9-2-4-2-6-9-7-2-3	8-6-6-13-7-2-2-7-7-7-6-4	2-4-13-2-2-9-4-7-7-7-7-8
334	9	7-7-9-9-8-6-7-7-6-7-10-6	6-8-6-7-10-7-8-8-7-6-7-7	14-9-7-7-8-7-8-7-11-8-10-10	7-8-10-7-7-7-10-3-10-6-10-2	3-7-2-10-4-8-10-9-10-7-7-7	7-7-4-7-10-7-8-8-9-6-7-7	4-3-8-2-8-8-6-8-6-9-2-4	7-8-7-8-3-2-6-8-4-7-2-7	7-2-10-4-7-6-7-8-10-9-8-13	7-8-9-8-10-10-10-6-8-2-2-3	2-6-2-12-7-8-8-7-7-7-6-4	2-4-4-2-2-8-10-7-7-2-7-8
334	10	6-9-9-7-7-7-6-10-10-7-9-6	6-8-9-7-9-6-7-8-7-11-11-11	10-11-7-11-7-4-9-7-9-9-9-9	11-11-10-10-11-11-9-3-9-6-9-10	3-12-10-9-12-8-11-11-9-10-7-10	11-11-4-7-9-7-11-10-9-6-1-12	14-6-9-11-12-10-6-8-6-9-10-8	7-8-12-11-4-12-8-10-10-12-10-7	10-2-10-11-12-6-10-10-9-7-8-9	10-10-10-10-10-9-9-9-10-10-10-3	10-6-6-8-6-10-10-12-10-10-6-10	10-10-10-10-10-10-3-10-8-10-9-6
334	11	6-11-11-11-11-11-11-6-6-7-9-10	6-12-12-7-7-13-8-11-10-12-10-10	10-10-10-10-12-10-12-12-9-12-12-12	10-10-10-10-10-10-13-3-12-6-12-10	3-10-10-10-10-11-10-10-9-11-13-10	10-10-12-7-9-3-10-13-12-0-7-10	10-12-9-10-10-11-14-12-12-11-10-4	7-11-7-10-10-2-6-10-4-13-10-7	7-2-10-10-10-6-10-10-13-4-11-13	10-7-9-10-10-12-12-6-10-10-10-12	10-4-6-6-7-10-10-7-10-7-6-4	2-10-10-10-10-7-12-7-13-10-13-6
334	12	12-11-14-13-6-11-6-14-13-14-14-14	6-11-11-14-11-11-14-13-10-11-10-13	10-10-10-14-13-13-13-11-13-11-11-11	13-10-10-12-12-10-13-3-11-6-11-10	13-10-10-6-10-11-13-13-12-12-12-12	13-10-12-12-10-10-13-12-11-6-7-10	12-11-9-10-10-10-11-13-11-9-13-12	7-12-10-12-13-10-6-10-10-10-12-7	12-2-10-12-13-12-10-12-11-12-12-9	10-13-10-10-13-12-13-6-10-2-10-11	10-6-12-9-6-12-12-12-10-12-6-12	2-12-12-10-12-10-11-7-2-12-11-6
334	13	13-14-14-12-11-13-14-14-6-14-9-14	6-11-11-12-11-11-13-14-14-11-7-12	13-13-12-14-13-14-12-13-12-13-14-13	12-10-10-12-13-12-11-14-11-6-11-10	12-10-6-13-10-13-12-12-13-13-13-13	7-10-13-13-13-14-13-11-11-6-13-13	12-11-11-10-8-13-11-13-11-14-12-13	7-13-12-12-12-10-11-12-14-11-12-7	13-2-10-13-12-14-10-13-11-7-13-9	10-12-13-11-13-12-12-9-10-2-10-13	10-6-6-8-6-13-13-10-10-12-6-13	2-12-8-10-12-10-13-8-11-12-11-6
334	14	14-14-14-14-14-14-14-14-14-14-14-14	6-11-14-12-14-14-14-13-13-14-10-12	13-13-14-13-14-13-14-14-12-14-13-14	12-14-14-14-14-14-12-13-13-6-14-10	12-7-14-14-14-14-13-13-9-14-7-7	14-14-13-14-14-13-14-14-14-14-14-13	10-14-14-14-8-14-11-13-14-13-7-12	14-13-3-14-14-14-14-12-13-14-12-14	13-14-14-14-12-14-7-14-14-7-13-9	10-7-14-14-14-14-14-6-13-14-14-14	10-6-6-6-6-5-10-14-14-7-14-13	7-6-14-10-2-14-14-8-14-14-11-6
335	0	0-0-0-0-0-0-0-0-0-0-0-0	0-0-0-0-0-0-0-0-0-0-0-0	0-0-0-0-0-0-0-0-0-0-0-0	0-0-0-0-0-0-0-0-0-0-0-0	0-0-0-0-0-0-0-0-0-0-0-0	0-0-0-0-0-0-0-0-0-0-0-0	0-0-0-0-0-0-0-0-0-0-0-0	0-0-0-0-0-0-0-0-0-0-0-0	0-0-0-0-0-0-0-0-0-0-0-0	0-0-0-0-0-0-0-0-0-0-0-0	0-0-0-0-0-0-0-0-0-0-0-0	0-0-0-0-0-0-0-0-0-0-0-0
335	1	1-1-0-1-1-1-1-1-1-0-1-1	1-0-0-1-1-0-2-1-1-1-1-1	1-1-2-1-1-0-2-2-1-0-2-1	2-2-2-0-1-2-1-1-0-5-0-4	0-1-1-1-1-0-2-1-1-1-1-1	1-1-0-0-1-1-2-1-0-0-0-1	0-0-0-1-1-1-0-2-1-1-0-1	1-0-0-1-0-1-0-1-1-1-2-2	1-0-0-1-0-0-1-1-1-1-0-1	0-1-1-0-0-1-1-0-1-2-1-0	5-0-0-0-1-1-1-0-4-1-1-1	3-0-1-1-1-0-1-2-0-0-0-0
335	2	2-2-3-2-2-2-3-2-2-2-2-2	1-0-0-2-2-2-1-2-1-2-2-3	1-3-3-3-3-3-3-3-3-2-1-3	3-1-1-3-3-3-1-5-3-0-3-1	3-1-1-3-1-2-1-3-2-2-2-3	3-3-3-2-2-3-3-2-2-0-0-1	2-3-2-1-1-1-2-1-2-2-3-2	2-2-3-2-2-1-0-2-2-1-3-1	1-2-2-2-12-2-1-3-0-4-2-2	2-2-2-5-2-2-3-0-2-1-1-3	2-2-2-0-2-0-4-2-5-2-2-2	1-2-1-1-2-2-2-1-2-2-0-2
335	3	3-3-2-3-3-3-3-3-3-3-3-3	4-3-0-2-3-4-2-3-3-4-2-4	1-5-2-2-2-5-4-4-2-4-4-4	2-4-2-2-2-2-3-2-2-3-2-1	2-3-2-2-4-2-4-4-3-3-2-2	2-2-5-3-3-2-4-2-3-3-10-3	2-2-6-1-4-0-3-3-3-3-2-4	9-2-2-4-2-3-3-4-3-1-5-3	3-3-3-4-2-5-3-4-0-3-2-5	4-4-3-2-2-2-2-3-2-3-3-2	3-3-3-0-2-3-2-3-3-4-3-3	1-3-7-3-3-3-2-3-0-4-2-3
335	4	4-4-4-4-4-4-4-4-4-4-4-4	5-6-4-2-4-4-2-5-3-3-3-3	1-4-3-3-5-3-5-3-5-3-5-3	3-3-4-3-2-2-4-2-5-4-3-1	2-1-1-2-3-5-3-3-3-3-2-3	2-3-3-3-3-2-5-4-3-4-0-4	2-2-5-1-3-0-5-5-3-4-3-3	4-2-3-3-2-3-4-3-3-4-3-3	4-3-3-3-3-3-1-3-5-2-2-4	3-3-4-4-2-3-2-3-2-3-5-2	3-3-5-4-5-5-2-3-3-3-2-3	6-3-2-1-2-4-2-4-4-3-4-5
335	5	5-5-5-5-5-5-4-5-5-5-4-5	4-6-6-2-5-4-1-4-4-3-3-6	4-3-3-3-4-3-4-5-4-4-4-5	3-3-6-3-2-2-5-2-4-6-3-1	2-1-1-7-3-4-5-5-6-3-2-2	2-3-3-2-5-2-6-6-5-7-10-2	2-2-4-1-3-5-4-4-5-0-2-3	6-4-3-4-2-6-5-5-3-4-3-5	5-3-3-3-8-3-3-3-5-5-2-9	9-2-5-6-2-8-10-6-2-3-4-2	3-4-4-5-5-5-2-3-2-3-3-5	5-6-1-1-2-5-2-5-5-5-5-5
335	6	7-7-7-7-8-5-7-7-6-7-7-7	7-4-5-7-7-8-7-8-7-3-7-7	6-7-7-8-7-7-7-7-7-7-7-6	7-7-8-7-8-7-6-9-7-7-5-6	7-7-8-7-3-4-7-7-5-8-7-7	7-7-7-7-5-7-5-7-5-5-7-7	7-6-3-7-3-6-7-6-5-6-7-6	5-8-7-7-3-8-7-7-3-6-7-7	7-7-9-6-8-6-7-7-10-6-7-5	7-7-7-6-7-5-7-8-6-8-7-7	6-3-8-6-7-8-7-3-7-6-6-3	7-5-6-8-7-7-4-7-7-9-6-6
335	7	6-6-7-7-7-7-6-6-7-6-6-7	6-5-5-6-6-6-6-6-6-3-6-6	1-6-6-6-6-6-6-6-6-8-8-6	6-6-6-6-6-6-5-6-6-6-8-1	6-6-1-6-3-8-6-6-7-6-6-6	6-6-8-6-5-6-6-6-5-5-6-6	6-2-8-6-8-8-6-7-5-7-6-3	0-6-6-8-8-6-8-6-3-7-6-6	6-6-8-3-6-3-6-6-7-6-6-4	8-6-6-8-6-6-6-6-8-6-6-8	7-3-6-5-6-6-9-3-6-6-6-9	8-3-3-6-6-6-10-6-6-5-6-7
335	8	6-6-7-7-6-8-6-6-6-8-6-6	6-7-7-6-6-6-6-6-6-7-6-6	6-6-6-6-9-6-7-6-6-10-7-9	9-9-9-9-6-6-7-6-7-10-7-6	6-6-6-9-9-7-9-6-9-6-9-6	6-6-9-6-8-6-9-6-3-5-6-6	2-2-7-11-7-6-5-9-8-10-6-5	4-6-7-7-7-6-7-6-3-9-6-8	6-6-7-3-6-6-6-6-7-6-6-10	7-6-6-9-9-5-8-6-7-6-6-7	7-3-6-8-8-6-7-3-6-8-9-7	7-8-1-6-6-5-2-7-6-6-6-8
335	9	8-6-7-6-6-8-7-8-6-6-6-12	8-7-5-6-6-8-10-10-6-6-6-6	6-9-8-6-8-6-8-6-8-10-8-8	8-8-8-8-9-10-7-6-7-8-7-9	2-10-12-8-8-8-8-10-8-6-8-6	8-9-8-9-9-11-8-5-3-5-2-10	7-6-9-9-10-9-5-8-5-6-6-8	3-4-9-10-3-8-7-6-3-8-6-8	7-6-8-3-6-4-9-6-7-6-7-5	5-9-6-8-8-5-6-6-9-6-6-4	9-3-7-8-8-6-7-5-9-6-8-7	12-8-9-9-9-5-11-9-9-6-6-7
335	10	11-12-11-12-11-11-10-12-10-12-12-12	11-12-5-12-11-11-11-12-11-11-11-11	10-11-11-6-11-11-11-10-11-8-10-10	11-10-8-11-9-11-12-6-8-8-11-9	11-9-9-8-12-10-10-9-8-10-11-10	10-11-8-11-10-9-11-10-11-5-11-11	11-11-11-8-10-10-10-8-11-10-10-11	11-10-11-11-11-10-7-10-3-10-10-10	10-10-11-11-11-10-11-11-6-11-11-8	11-11-6-11-11-10-5-10-10-10-7-11	9-11-7-11-6-11-10-11-10-11-8-10	10-11-10-11-10-5-11-10-11-10-11-6
335	11	12-11-10-12-10-12-12-11-12-10-12-12	12-7-12-11-10-12-10-12-10-10-12-12	11-12-10-6-11-10-11-11-10-10-12-11	10-11-10-11-10-10-10-6-9-10-10-11	10-11-9-9-12-11-12-11-10-11-10-11	11-10-8-10-11-9-10-10-11-11-11-10	10-10-10-8-10-11-10-10-10-11-12-10	10-11-10-10-10-12-7-5-11-10-10-10	12-11-11-10-10-10-10-10-7-10-10-8	11-10-6-12-10-10-6-11-10-11-12-10	11-10-10-12-7-10-10-11-11-10-10-10	10-10-10-10-10-11-10-11-10-11-10-11
335	12	12-12-12-10-12-12-11-12-12-10-12-12	11-10-12-10-12-11-10-11-11-12-11-11	10-12-12-6-12-12-12-11-11-12-11-12	12-12-11-12-12-12-10-12-12-12-12-6	12-11-9-12-11-12-11-12-12-12-2-6	12-12-12-10-12-6-12-12-12-12-12-10	6-12-12-12-11-12-4-11-12-12-11-12	12-12-6-12-12-11-7-3-9-10-11-11	11-12-12-12-2-12-12-5-12-10-10-6	7-12-12-11-12-2-12-11-10-12-12-12	11-12-12-11-7-10-10-11-12-12-12-12	9-5-12-9-7-12-12-10-12-12-12-12
336	0	0-0-0-0-0-0-0-0-0-0-0-0	0-0-0-0-0-0-0-0-0-0-0-0	0-0-0-0-0-0-0-0-0-0-0-0	0-0-0-0-0-0-0-0-0-0-0-0	0-0-0-0-0-0-0-0-0-0-0-0	0-0-0-0-0-0-0-0-0-0-0-0	0-0-0-0-0-0-0-0-0-0-0-0	0-0-0-0-0-0-0-0-0-0-0-0	0-0-0-0-0-0-0-0-0-0-0-0	0-0-0-0-0-0-0-0-0-0-0-0	0-0-0-0-0-0-0-0-0-0-0-0	0-0-0-0-0-0-0-0-0-0-0-0
336	1	2-1-0-1-1-1-1-1-1-1-2-2	2-1-2-0-2-1-0-1-2-0-1-2	1-2-0-1-0-2-2-1-2-2-1-1	0-0-0-1-0-0-1-0-0-0-0-0	1-0-0-0-0-1-1-2-0-1-1-0	1-2-0-4-0-0-1-0-2-1-0-2	1-0-1-0-1-2-0-2-2-1-8-1	0-1-0-1-1-2-2-1-1-1-0-2	1-0-1-2-1-0-0-0-2-1-1-0	2-6-1-2-0-0-1-1-4-4-3-0	6-0-2-0-12-0-1-2-1-1-0-1	2-1-1-2-4-0-4-0-6-1-1-2
336	2	1-1-2-2-1-1-1-1-1-2-1-1	1-1-1-2-1-1-0-3-1-1-1-1	4-3-3-3-4-3-3-3-1-2-2-2	3-0-4-3-4-3-1-5-2-0-2-0	7-0-3-3-3-2-3-3-2-5-15-2	4-1-2-1-2-4-3-3-1-2-14-1	2-2-1-0-2-1-2-1-1-2-3-4	2-2-2-2-2-1-1-3-2-0-2-1	0-0-2-1-3-1-0-3-1-2-2-2	1-2-1-1-3-3-1-2-1-0-0-3	0-2-1-0-0-0-0-1-1-1-2-2	1-2-5-1-1-1-2-0-1-0-0-1
336	3	3-3-2-3-3-5-3-3-3-3-3-3	1-3-1-2-4-2-2-3-4-4-1-3	0-4-2-2-2-6-4-2-1-4-4-2	2-4-4-2-2-5-1-2-2-3-2-0	2-1-2-2-5-2-4-4-3-3-5-4	2-4-5-9-3-5-4-2-3-3-9-3	3-3-3-3-4-3-3-3-3-1-3-9	3-2-5-4-3-1-1-2-9-0-3-0	3-4-3-4-8-5-3-2-1-3-2-4	4-3-3-1-3-2-3-1-1-5-1-2	5-9-3-0-3-3-0-3-4-9-3-3	1-3-3-4-1-3-3-0-2-3-0-3
336	4	4-4-4-4-4-4-5-4-4-4-4-4	3-6-4-2-5-5-1-5-3-3-1-5	2-4-5-2-2-3-5-5-5-3-5-2	2-3-5-2-2-2-4-2-2-4-2-2	2-1-2-2-3-5-3-3-3-4-2-3	2-3-3-1-4-2-5-4-4-4-2-4	2-3-4-5-3-4-5-3-4-4-3-3	4-2-2-3-2-1-4-3-3-4-3-0	4-3-3-5-4-4-3-2-5-4-2-3	7-3-4-4-3-3-5-8-5-1-1-2	4-3-5-0-3-3-5-3-3-3-4-3	1-3-2-3-1-3-7-5-1-5-6-1
336	5	4-5-4-5-5-5-5-5-5-5-6-5	6-6-6-2-4-4-1-4-7-3-1-3	0-5-7-6-2-2-4-6-6-6-6-5	5-6-6-2-2-3-6-2-6-5-6-0	2-1-2-5-3-4-6-4-6-3-3-2	2-3-3-1-5-3-6-4-5-5-9-3	3-2-4-4-3-1-6-6-5-6-4-6	4-2-3-3-5-1-5-3-3-4-3-0	1-0-3-4-5-3-3-3-4-5-6-4	4-3-5-6-6-5-6-11-4-3-1-2	3-6-4-5-5-6-4-3-3-3-4-3	1-3-2-3-1-4-3-4-1-4-4-6
336	6	7-5-7-5-6-6-5-5-6-5-5-7	5-5-5-6-4-7-7-7-7-3-9-7	6-7-7-7-6-3-7-7-5-5-5-7	7-7-8-7-8-7-5-2-5-8-5-7	6-6-7-8-3-4-7-7-5-7-7-7	7-4-3-7-6-7-5-5-5-5-7-8	3-4-4-7-3-3-5-7-5-6-7-5	3-3-3-7-3-1-5-6-3-4-6-3	7-0-6-3-6-6-7-7-5-5-8-3	7-3-8-6-7-5-6-6-7-7-7-5	1-3-6-8-5-5-0-6-3-6-6-3	1-6-6-6-6-3-3-0-1-7-4-5
336	7	8-7-7-7-7-7-7-7-7-8-9-8	6-9-9-6-8-6-6-6-8-8-6-6	6-6-6-6-6-6-6-6-9-8-8-6	6-6-6-6-6-6-8-2-8-8-8-6	2-0-6-6-3-8-6-6-8-6-6-6	6-8-8-6-7-6-8-7-7-7-6-6	4-8-9-6-3-7-15-6-7-7-6-8	7-8-3-8-7-0-9-3-3-7-6-0	6-7-3-3-7-4-6-6-8-6-6-8	4-2-6-1-6-8-6-5-4-6-6-2	1-7-6-7-3-5-0-3-3-4-6-3	9-3-10-6-6-7-8-11-9-6-7-11
336	8	7-7-9-7-7-7-7-7-7-5-8-7	9-7-7-8-7-7-8-7-7-7-8-7	8-8-8-6-8-8-6-9-8-7-7-8	8-8-6-6-6-6-7-2-7-6-7-15	2-9-13-8-8-7-9-8-7-8-6-8	7-7-7-8-8-9-7-8-7-7-13-6	13-7-7-13-8-7-5-9-8-7-12-7	10-7-12-7-5-9-7-3-3-8-8-9	9-9-3-3-9-13-9-9-7-9-6-7	9-3-6-11-9-7-7-5-8-9-9-2	9-7-13-10-10-8-9-9-12-3-6-3	8-3-8-6-9-7-7-15-1-9-4-7
336	9	9-7-9-7-9-9-11-7-9-9-7-7	8-7-7-9-7-7-9-7-7-8-8-9	8-9-10-11-11-11-11-8-8-10-13-9	10-8-6-11-9-9-7-11-11-7-9-8	11-8-11-11-9-9-8-9-10-9-9-11	13-9-11-3-9-8-7-10-5-5-3-10	11-9-7-3-9-9-5-8-4-7-8-3	9-9-11-9-9-8-7-14-3-8-8-8	8-8-3-10-10-9-8-8-7-5-9-14	11-11-8-8-8-10-9-5-8-8-8-9	8-3-6-8-1-8-8-8-8-11-9-9	7-3-8-6-8-7-9-7-7-8-7-4
336	10	11-11-11-11-11-11-11-11-11-11-10-11	13-7-11-9-12-11-11-11-14-11-11-11	10-11-9-9-9-11-11-11-11-9-11-10	11-10-11-9-9-9-11-9-9-8-9-8	9-15-13-9-11-9-11-11-9-10-10-9	12-8-9-10-10-15-9-9-10-10-12-10	13-9-10-12-13-10-11-11-10-10-9-11	11-9-9-9-9-11-7-9-10-8-13-12	12-12-11-11-9-13-12-11-11-10-9-9	12-12-6-13-12-9-11-10-12-12-11-9	13-11-11-11-11-12-8-13-13-12-9-12	10-11-10-6-12-11-9-13-12-12-13-11
336	11	10-10-11-10-10-12-10-10-11-10-10-10	10-5-10-9-13-10-10-10-10-10-10-10	15-10-10-9-9-10-10-10-10-9-12-11	10-10-10-9-9-9-14-9-9-11-9-8	9-8-9-9-10-11-10-10-12-10-9-9	9-10-9-10-11-10-12-14-12-11-8-11	9-12-11-8-10-11-12-10-11-11-9-10	10-9-9-9-9-10-14-11-3-14-10-10	10-10-10-10-8-12-10-10-10-12-9-9	10-9-7-8-10-10-9-5-10-10-8-9	10-11-15-10-10-10-8-10-10-9-9-10	7-10-8-6-10-10-9-7-10-10-10-7
336	12	10-10-15-10-12-13-12-10-13-14-10-12	10-13-11-14-10-10-13-13-10-10-13-14	13-12-13-14-14-10-13-10-13-14-11-13	12-10-10-14-14-13-11-13-12-11-14-8	14-10-14-14-10-14-13-10-11-10-14-9	14-15-14-10-12-14-13-14-11-11-10-14	12-11-11-10-10-10-13-10-11-10-8-13	10-9-8-14-14-10-7-14-3-10-8-10	10-10-10-14-15-11-10-10-11-11-14-11	10-10-10-13-13-14-9-5-10-10-8-14	8-3-11-10-10-10-8-10-8-10-9-10	7-13-8-6-10-10-13-10-10-10-10-1
336	13	13-10-12-10-13-12-13-13-13-10-13-13	10-14-14-12-11-10-10-12-10-10-10-10	15-12-12-9-12-14-12-13-12-12-14-12	13-13-10-13-12-12-13-9-13-14-13-8	13-10-10-14-12-12-12-10-14-10-12-9	9-12-12-10-13-12-14-11-13-13-8-10	12-12-13-8-10-13-12-14-13-13-8-12	10-9-8-12-12-10-10-10-12-14-10-10	10-10-12-12-13-10-10-12-10-13-12-9	10-9-7-14-12-13-14-14-12-10-8-12	10-10-15-14-15-10-8-10-8-10-12-10	10-13-8-6-10-7-12-10-14-10-14-14
336	14	10-12-10-10-10-13-10-10-13-15-10-15	15-13-10-12-11-15-12-12-10-13-12-12	14-12-15-12-12-13-13-10-12-12-13-12	15-14-14-12-12-12-15-9-12-13-12-14	12-10-14-12-14-12-15-10-13-14-12-14	12-14-12-10-14-12-13-11-13-11-2-14	12-12-11-14-14-14-13-13-11-15-14-14	10-9-9-12-12-10-7-15-14-13-10-10	14-14-15-12-9-14-14-10-7-14-12-9	14-14-14-13-12-12-13-13-14-14-8-12	10-14-13-13-13-15-8-14-14-14-14-10	14-14-14-14-14-7-12-10-13-10-13-13
336	15	15-15-12-15-15-15-15-15-15-14-15-15	14-13-15-12-15-10-12-12-10-15-10-10	13-15-15-12-15-15-15-15-12-15-15-15	14-15-15-14-15-15-14-15-15-15-15-14	15-10-15-15-10-15-14-15-13-15-9-14	15-15-12-15-15-10-13-15-15-15-15-15	14-15-15-15-11-15-7-14-15-14-8-13	15-9-12-15-15-10-7-14-14-14-14-10	8-14-14-15-9-15-15-13-15-10-12-10	14-15-15-15-15-12-15-10-15-15-15-15	10-15-11-15-13-14-8-10-15-15-15-15	15-15-15-14-15-15-15-8-15-15-15-1
337	0	0-0-0-0-0-0-0-0-0-0-0-0	0-0-0-0-0-0-0-0-0-0-0-0	0-0-0-0-0-0-0-0-0-0-0-0	0-0-0-0-0-0-0-0-0-0-0-0	0-0-0-0-0-0-0-0-0-0-0-0	0-0-0-0-0-0-0-0-0-0-0-0	0-0-0-0-0-0-0-0-0-0-0-0	0-0-0-0-0-0-0-0-0-0-0-0	0-0-0-0-0-0-0-0-0-0-0-0	0-0-0-0-0-0-0-0-0-0-0-0	0-0-0-0-0-0-0-0-0-0-0-0	0-0-0-0-0-0-0-0-0-0-0-0
337	1	1-1-1-1-1-1-1-1-1-2-2-1	2-1-1-0-2-3-2-2-2-2-2-2	1-3-2-2-2-2-2-2-2-2-1-2	2-2-2-2-0-0-2-2-2-2-1-2	1-0-1-2-0-1-2-1-1-2-2-1	2-3-2-1-2-0-1-3-1-1-1-2	1-1-1-2-1-1-2-2-2-1-4-1	3-1-2-1-1-0-2-2-1-1-2-2	1-2-2-1-1-3-2-1-2-2-1-3	2-9-1-2-2-2-1-2-2-2-9-2	2-2-2-2-2-1-0-2-1-1-3-1	2-2-3-1-2-3-1-2-3-1-2-3
337	2	1-1-2-1-1-1-1-1-1-1-1-1	1-1-1-4-1-1-1-1-1-1-2-1	0-2-1-1-3-1-3-1-1-3-3-1	3-1-1-1-3-3-1-3-1-1-3-1	4-0-6-3-0-2-1-3-1-1-1-3	1-1-1-2-1-1-2-1-1-1-6-1	2-4-1-1-2-1-1-1-1-1-3-1	1-2-3-2-2-1-1-1-2-1-1-1	1-1-1-1-1-1-1-3-1-1-2-1	1-2-1-1-1-1-1-1-1-1-1-1	1-1-1-1-1-1-0-1-0-3-1-1	1-2-1-1-1-1-2-1-1-1-1-1
337	3	1-1-1-1-1-1-1-1-1-1-1-1	1-1-1-2-1-1-4-3-3-4-2-3	8-4-2-1-2-8-2-4-1-5-2-4	2-4-4-1-2-2-1-2-1-1-2-2	2-3-8-2-4-2-4-2-3-3-1-5	8-5-5-4-3-1-4-1-3-3-8-3	6-2-1-3-4-3-4-4-3-1-2-6	1-3-2-4-5-1-3-5-6-3-3-1	8-1-3-4-7-1-8-4-1-1-2-1	4-6-3-1-2-2-3-4-0-1-3-1	6-4-3-1-3-3-0-3-6-6-1-3	1-3-1-4-1-1-2-1-1-3-1-1
337	4	4-4-4-4-1-3-4-4-1-4-1-4	1-6-5-2-1-1-3-5-3-3-2-5	3-3-2-1-2-3-5-6-1-6-5-5	3-3-3-3-2-3-5-1-5-5-6-2	2-6-2-2-3-6-3-5-3-7-6-3	1-3-3-3-3-1-5-5-3-4-7-3	2-2-1-3-3-4-4-5-4-4-2-3	5-2-2-3-2-1-4-3-5-5-1-1	3-1-3-3-4-1-1-3-1-3-5-1	3-2-1-6-1-1-5-3-1-1-1-5	3-3-1-1-5-4-0-3-3-5-1-5	1-3-1-3-1-1-2-1-6-3-4-1
337	5	6-5-5-5-5-5-5-4-7-5-5-5	1-6-4-2-8-6-7-7-3-3-2-4	6-5-2-4-6-3-4-4-6-3-6-4	3-4-6-6-2-3-4-1-6-4-4-1	2-1-2-1-3-4-5-6-6-1-1-3	1-3-3-3-5-0-6-4-5-5-7-3	3-2-1-3-3-5-6-4-5-5-2-3	4-3-2-4-3-0-8-5-4-4-3-1	6-1-4-3-5-1-1-3-1-5-4-1	6-1-5-1-5-5-4-6-2-1-7-4	3-3-6-9-4-4-0-3-3-4-1-4	3-2-2-3-1-5-2-1-4-1-6-6
337	6	5-4-5-5-6-7-5-1-5-6-6-6	8-4-4-2-6-6-1-5-8-8-6-7	3-6-7-7-5-4-7-4-5-4-5-6	7-4-5-7-6-3-7-2-5-4-4-7	7-4-2-7-3-4-7-5-5-6-4-3	3-3-3-3-5-3-5-6-5-6-2-3	3-2-1-3-3-4-5-5-5-5-2-3	1-6-2-3-7-1-5-3-3-4-3-1	3-1-3-3-3-6-3-7-8-8-6-6	5-3-6-4-1-13-6-5-0-1-3-7	3-1-5-5-5-7-0-3-3-3-9-3	6-6-6-3-1-1-6-1-4-7-5-5
337	7	9-8-7-7-7-7-5-7-5-9-8-7	6-8-4-6-5-6-8-8-6-6-8-6	3-8-9-9-8-9-6-8-8-9-6-8	6-5-7-6-8-9-6-8-6-9-4-6	6-3-2-8-3-4-6-5-8-8-6-3	3-6-3-9-7-1-5-6-7-7-5-6	3-7-7-3-3-7-6-4-7-7-7-3	1-7-8-3-6-0-5-3-3-7-8-1	3-1-3-3-8-1-1-6-6-6-7-6	7-3-6-6-4-6-5-3-7-1-3-7	3-1-5-5-8-6-0-3-3-2-6-3	6-3-6-3-1-1-8-1-4-6-5-8
337	8	7-7-8-8-8-8-8-9-9-7-7-9	6-4-4-9-5-6-7-7-6-6-9-9	9-7-9-9-7-3-9-7-7-3-9-7	9-3-9-7-9-9-4-9-6-4-4-11	12-3-13-9-3-4-9-9-6-7-8-9	3-9-9-7-5-10-9-8-3-7-3-9	3-7-7-3-8-8-5-9-7-8-8-3	6-8-8-9-6-8-5-8-3-7-8-1	3-1-3-9-8-1-3-9-6-6-8-6	7-3-6-4-9-8-9-5-8-1-7-8	3-1-4-1-7-8-0-3-3-8-6-3	1-6-8-3-1-1-7-1-4-8-5-7
337	9	7-9-9-9-9-9-9-9-8-9-9-9	9-10-9-8-9-9-7-7-8-10-8-10	8-9-8-8-8-9-8-7-7-7-8-8	8-9-8-7-8-8-9-8-10-10-9-8	9-0-11-8-11-9-8-8-10-9-8-8	3-8-8-7-9-8-10-9-10-9-1-9	1-10-9-1-8-9-6-8-7-9-8-10	1-8-7-8-8-8-9-10-3-9-1-1	1-1-3-8-5-9-1-8-6-5-5-8	8-1-9-10-8-8-8-3-8-1-1-8	3-1-11-9-10-10-0-1-10-3-6-8	1-6-6-3-1-9-7-1-9-13-5-9
337	10	11-10-11-11-11-10-10-11-11-10-11-11	11-9-11-11-11-11-11-11-11-11-11-11	10-10-11-11-10-11-11-11-11-11-11-10	9-11-11-10-8-11-10-8-9-9-9-13	9-11-11-8-12-9-11-11-9-10-11-11	11-11-9-11-9-13-9-9-9-9-1-9	1-9-10-11-10-10-11-11-10-10-11-9	1-8-11-9-10-11-11-9-9-10-10-11	1-12-10-8-11-10-11-11-6-11-8-8	11-11-9-10-13-11-13-11-12-12-11-8	11-9-9-11-9-9-12-11-11-10-6-8	10-11-10-9-10-11-9-13-11-12-11-11
337	11	12-12-12-12-12-12-12-12-13-12-12-12	12-13-12-12-12-12-10-10-10-12-12-12	11-10-10-12-12-12-10-10-12-12-10-12	12-10-12-12-8-10-12-8-11-12-11-10	13-10-10-8-10-11-10-11-11-12-12-10	12-10-9-11-9-8-12-11-11-11-2-11	13-12-12-11-12-11-12-10-7-13-13-12	12-8-12-12-12-10-10-13-3-10-10-10	12-10-11-12-13-12-13-12-12-13-12-12	10-12-12-12-12-10-10-10-12-10-10-12	10-13-13-10-10-12-10-12-10-11-12-12	12-12-10-13-10-12-12-10-10-11-10-10
337	12	11-13-13-11-11-13-13-11-13-11-11-11	13-11-13-13-11-11-13-12-11-11-11-13	12-12-11-11-11-11-13-12-11-11-13-11	11-12-11-11-8-12-11-8-12-12-12-10	8-10-10-8-10-11-13-12-12-11-11-8	11-12-9-12-13-10-11-11-12-11-12-13	13-11-11-11-11-11-12-10-7-11-13-12	11-8-11-11-12-10-10-8-3-11-12-10	11-10-11-11-13-11-11-11-6-11-13-11	11-11-12-11-11-11-11-13-12-10-10-11	13-11-11-10-9-12-10-11-10-13-11-12	11-13-10-12-13-11-11-11-11-11-9-11
337	13	13-12-12-11-13-12-12-12-12-12-11-11	12-11-12-12-12-12-12-11-10-12-12-12	12-12-13-11-12-12-12-11-12-13-12-11	12-13-12-12-13-13-12-8-13-13-13-10	11-10-13-13-10-13-12-12-12-13-8-8	13-13-13-12-13-10-11-13-13-13-13-13	12-13-13-13-12-13-12-12-13-11-12-12	13-8-11-13-13-10-7-11-8-12-12-10	11-13-13-13-12-11-11-11-13-11-12-11	11-12-13-11-13-6-10-12-13-13-13-13	12-11-11-13-9-11-10-11-13-12-11-13	11-12-13-12-12-13-13-10-13-13-13-10
338	0	0-0-0-0-0-0-0-0-0-0-0-0	0-0-0-0-0-0-0-0-0-0-0-0	0-0-0-0-0-0-0-0-0-0-0-0	0-0-0-0-0-0-0-0-0-0-0-0	0-0-0-0-0-0-0-0-0-0-0-0	0-0-0-0-0-0-0-0-0-0-0-0	0-0-0-0-0-0-0-0-0-0-0-0	0-0-0-0-0-0-0-0-0-0-0-0	0-0-0-0-0-0-0-0-0-0-0-0	0-0-0-0-0-0-0-0-0-0-0-0	0-0-0-0-0-0-0-0-0-0-0-0	0-0-0-0-0-0-0-0-0-0-0-0
338	1	0-1-0-0-1-1-0-0-0-1-1-0	0-0-0-0-0-0-0-0-2-0-0-0	2-0-0-0-1-0-2-0-0-0-0-1	2-0-2-0-0-0-0-2-1-1-0-7	1-0-10-1-2-0-2-0-0-0-1-0	0-2-0-0-0-0-1-1-0-1-0-2	5-1-0-11-2-1-0-0-1-1-0-1	1-0-0-1-1-2-0-1-1-0-0-0	1-0-2-1-0-0-1-0-0-1-1-0	1-1-1-0-0-0-0-0-10-1-0-0	0-1-0-0-0-0-0-2-1-1-1-1	6-1-1-1-1-0-1-0-0-0-1-0
338	2	2-2-2-2-2-2-2-2-2-2-2-2	2-0-0-2-0-2-1-4-1-2-5-3	1-3-1-3-3-3-3-0-0-4-3-3	1-1-1-3-3-3-1-3-3-1-3-1	5-0-1-3-1-2-3-3-1-6-14-3	5-1-2-0-0-4-3-2-2-2-3-1	1-2-2-1-1-1-2-3-0-0-3-2	2-2-2-2-2-1-2-2-1-0-2-0	2-0-1-2-14-3-1-3-2-2-3-2	2-2-2-3-0-3-2-2-0-1-0-3	0-2-0-0-2-2-0-1-0-2-2-1	1-2-2-1-0-5-2-0-3-0-2-2
338	3	3-3-2-3-3-3-4-3-3-3-3-3	5-3-3-2-3-3-0-3-3-5-2-3	0-2-1-2-2-6-4-2-2-6-4-2	4-4-4-2-2-2-4-2-2-3-2-1	2-0-2-2-4-2-4-2-4-2-5-2	2-4-4-0-3-2-4-4-3-3-2-3	4-3-3-3-4-3-3-4-3-6-3-4	3-2-4-4-3-3-3-4-3-0-3-0	3-0-3-3-2-4-3-4-3-3-2-4	4-2-3-2-2-2-3-3-0-1-3-2	6-6-3-0-3-3-0-3-3-4-4-4	1-4-1-1-5-3-6-3-3-0-2-3
338	4	4-4-5-4-4-4-4-4-4-4-4-4	3-6-4-2-3-4-5-5-3-3-2-5	1-4-2-2-2-3-5-5-5-2-5-2	3-3-3-3-2-2-3-2-2-6-2-1	2-0-1-2-3-5-3-2-3-2-3-2	2-3-3-0-4-2-5-3-4-4-4-4	3-3-4-3-3-4-6-3-4-7-4-3	3-2-3-3-5-0-4-3-3-0-3-0	4-0-3-3-5-3-4-3-6-3-6-5	3-2-5-4-5-2-4-4-5-0-4-2	6-3-4-0-3-5-0-0-3-5-3-3	1-3-3-1-5-3-3-4-0-0-5-3
338	5	5-6-6-5-6-5-5-3-5-4-5-5	3-6-6-2-8-5-4-6-6-3-2-4	2-5-5-2-2-3-4-4-7-2-4-6	3-3-6-5-2-2-6-2-6-4-7-1	2-0-1-6-3-4-6-5-6-2-3-2	2-3-3-0-5-2-6-6-5-4-5-3	1-3-5-1-3-7-4-6-4-8-2-4	3-2-2-6-4-0-6-6-3-5-3-0	14-0-6-3-4-3-7-3-4-5-7-4	8-2-5-4-4-2-8-6-4-0-6-2	3-3-6-5-4-4-0-3-6-4-3-3	1-3-1-1-6-5-3-5-5-6-6-6
338	6	5-5-5-4-5-5-6-6-9-4-5-4	5-5-5-7-5-5-7-5-5-3-7-7	7-6-7-7-7-3-7-7-6-3-5-7	6-7-5-6-7-7-5-12-5-7-5-1	7-6-6-7-3-4-7-7-5-2-7-7	7-7-3-9-10-7-5-5-3-4-12-3	6-3-3-1-3-5-4-7-4-3-7-3	3-7-2-7-3-6-5-5-3-6-7-0	7-0-5-7-6-3-1-7-4-6-8-8	5-3-8-6-7-2-6-5-7-0-7-6	3-3-5-5-6-5-0-6-5-5-9-3	1-6-6-1-14-5-3-0-5-6-5-3
338	7	7-5-7-5-10-8-7-7-7-7-7-7	8-8-8-6-9-8-8-8-9-4-6-8	6-7-6-6-6-3-8-6-9-8-8-6	6-7-8-6-6-6-8-6-8-8-7-1	6-0-6-6-3-8-8-6-8-7-6-6	6-6-8-5-7-6-8-7-4-7-6-7	6-7-7-6-7-7-9-8-7-7-6-3	7-9-2-6-6-7-8-7-3-13-6-0	6-0-3-6-4-7-5-6-10-6-7-10	8-3-7-5-6-2-6-5-6-0-6-6	0-3-5-8-6-5-0-6-5-3-6-7	8-6-6-1-7-9-7-5-9-13-8-10
338	8	7-9-7-9-8-7-8-7-7-9-7-7	7-7-7-6-5-5-9-7-7-6-9-7	11-8-9-9-8-9-9-9-9-7-7-8	9-8-7-6-6-9-7-6-7-7-8-8	6-9-1-8-8-7-9-9-7-8-8-9	9-9-7-8-8-14-7-9-0-7-0-9	8-7-8-1-8-1-7-7-3-5-9-6	10-7-11-1-7-9-7-7-1-8-8-10	8-9-9-6-6-0-0-9-7-3-6-6	9-9-6-9-6-2-7-5-9-10-9-2	9-3-5-7-3-8-10-9-9-5-6-8	7-6-8-1-8-8-2-8-7-9-7-0
338	9	9-9-9-9-10-9-9-9-10-8-10-10	7-10-9-6-7-11-8-7-11-10-8-8	8-8-8-8-6-8-10-8-8-9-10-8	8-8-10-8-6-8-11-6-10-9-9-8	6-8-1-6-8-9-8-8-9-8-6-6	8-8-7-6-8-6-10-8-9-9-2-9	6-10-11-1-10-9-10-8-9-10-8-6	7-7-8-9-9-8-7-7-1-9-8-8	8-8-12-10-10-7-9-8-9-10-5-12	8-8-5-14-9-2-6-7-8-8-8-11	8-14-9-5-14-8-8-8-8-3-6-9	7-6-8-1-8-7-3-9-7-8-7-14
338	10	9-10-10-9-9-9-11-10-9-9-9-9	11-9-9-6-7-9-11-14-12-9-12-7	8-8-8-11-11-11-11-8-12-9-9-10	12-8-9-12-11-12-9-6-9-9-9-1	12-8-1-11-8-9-11-11-9-10-10-12	12-11-13-10-7-8-9-8-9-4-11-12	6-9-9-1-9-10-9-11-9-9-11-12	8-12-8-11-11-8-5-13-1-10-11-8	14-8-11-11-13-11-12-11-7-9-10-6	10-10-5-11-11-11-11-11-11-8-12-9	10-3-5-5-3-5-8-10-12-10-7-3	10-12-8-12-10-10-10-8-7-8-7-9
338	11	12-14-11-11-12-12-12-9-11-12-9-11	10-13-12-10-13-11-10-12-9-12-10-13	8-11-10-10-10-10-12-10-8-13-12-12	10-8-12-10-10-10-9-6-12-9-12-8	10-8-1-10-8-12-10-10-11-10-10-10	10-10-10-11-11-6-10-8-11-11-10-11	10-9-9-1-14-11-10-13-9-11-10-10	12-10-12-10-10-8-11-10-1-10-10-8	11-8-10-10-11-10-10-10-7-11-10-9	10-10-5-10-10-10-10-11-12-8-10-9	10-9-12-8-13-9-8-10-8-10-6-12	12-10-8-9-10-10-10-12-11-12-12-9
338	12	12-12-12-14-12-11-11-12-12-11-9-12	10-11-11-8-13-13-10-13-10-11-10-11	8-10-10-10-10-10-11-11-10-13-13-11	10-8-13-10-10-10-9-6-11-13-13-1	10-8-1-13-10-11-11-12-13-10-10-10	10-10-10-11-12-6-13-8-12-12-6-11	1-9-7-1-13-11-12-9-9-12-10-10	11-10-11-11-10-8-13-10-1-12-10-8	11-8-10-10-12-10-10-10-12-11-10-9	10-10-5-13-13-10-10-11-11-8-10-2	14-9-14-12-13-8-8-8-10-10-9-11	11-10-8-10-12-10-10-11-13-11-11-9
338	13	14-12-12-12-12-14-11-12-12-11-14-14	10-11-11-6-11-12-10-14-13-12-14-11	13-13-14-10-10-11-12-11-14-12-12-11	14-13-12-10-10-10-9-6-12-12-12-13	10-13-13-12-13-11-14-14-12-13-10-10	10-13-10-14-13-14-12-8-13-7-13-13	14-9-12-13-12-13-12-11-9-14-10-10	12-10-13-10-10-8-12-10-14-8-10-8	13-8-13-10-13-2-13-9-13-11-10-9	10-10-13-13-12-2-13-11-13-8-13-13	13-3-12-7-12-13-8-13-13-10-9-13	13-6-13-13-13-13-10-13-7-8-7-9
338	14	14-14-14-12-14-14-14-14-14-14-14-14	10-11-14-6-14-13-10-13-13-14-13-10	13-13-14-13-14-14-14-14-13-14-14-14	13-14-13-13-14-14-13-6-14-14-14-13	10-8-14-14-14-14-13-14-12-14-6-6	14-14-14-14-14-8-13-14-14-14-14-13	13-14-14-14-13-14-14-14-14-14-14-10	14-14-7-14-14-8-7-6-13-14-10-8	13-14-14-14-2-14-14-7-14-14-10-9	13-14-14-9-14-2-14-11-14-14-14-14	12-14-12-8-12-13-14-14-14-14-14-14	14-3-14-13-10-14-14-8-14-14-14-9
339	0	0-0-0-0-0-0-0-0-0-0-0-0	0-0-0-0-0-0-0-0-0-0-0-0	0-0-0-0-0-0-0-0-0-0-0-0	0-0-0-0-0-0-0-0-0-0-0-0	0-0-0-0-0-0-0-0-0-0-0-0	0-0-0-0-0-0-0-0-0-0-0-0	0-0-0-0-0-0-0-0-0-0-0-0	0-0-0-0-0-0-0-0-0-0-0-0	0-0-0-0-0-0-0-0-0-0-0-0	0-0-0-0-0-0-0-0-0-0-0-0	0-0-0-0-0-0-0-0-0-0-0-0	0-0-0-0-0-0-0-0-0-0-0-0
339	1	1-1-1-1-0-1-1-1-1-1-0-1	1-0-0-1-0-0-2-0-1-0-0-0	1-1-1-2-1-0-0-0-0-0-0-1	1-1-1-1-1-1-0-1-0-0-0-1	0-1-11-0-1-0-0-1-0-1-1-1	1-1-0-0-1-1-0-1-1-0-0-1	6-0-0-11-2-1-0-0-1-1-1-1	1-0-3-1-0-1-0-1-1-1-1-2	1-1-1-0-2-1-1-1-0-1-1-2	1-1-1-1-0-1-0-0-1-1-1-0	0-1-0-0-1-1-1-1-1-1-1-1	1-1-1-1-1-1-1-1-0-0-1-0
339	2	2-2-2-2-2-2-2-2-2-2-2-2	2-2-0-2-2-3-1-3-3-3-2-2	4-2-3-4-2-3-3-3-3-2-3-3	3-3-3-3-2-2-3-6-3-3-2-1	3-1-8-3-1-2-3-2-3-4-6-4	3-3-3-3-2-5-2-3-2-2-3-2	2-6-3-2-2-1-3-2-3-2-2-2	2-3-5-2-2-1-3-2-2-1-2-3	3-3-3-2-4-4-1-3-3-2-2-2	2-2-2-3-3-4-2-2-1-2-4-7	2-3-5-4-2-3-1-2-2-2-4-3	3-2-1-1-2-2-2-4-0-4-2-4
339	3	2-3-3-2-3-3-2-3-3-2-2-2	2-2-4-2-2-2-2-2-2-2-2-2	1-2-2-2-2-2-4-2-2-2-4-2	4-2-2-2-4-4-2-4-2-2-4-1	2-1-1-2-1-4-4-4-2-2-2-2	2-2-2-2-2-1-2-2-2-2-2-2	2-2-2-1-3-1-2-2-2-0-3-2	2-2-4-2-2-1-2-2-1-3-2-2	2-2-2-2-1-2-1-2-2-2-4-2	3-2-2-1-4-2-2-2-6-1-2-2	2-2-2-0-2-0-1-1-1-3-2-2	2-3-1-1-3-2-3-2-0-2-2-2
339	4	5-2-3-2-4-2-2-4-4-4-2-4	2-2-3-2-5-2-5-4-4-5-3-2	2-2-2-2-3-9-3-2-2-9-3-2	3-5-5-2-3-3-2-2-2-4-3-1	2-4-2-2-5-3-5-3-4-2-2-2	9-5-5-6-4-2-5-6-4-4-9-4	12-2-4-1-5-4-5-5-4-4-3-7	2-2-3-5-6-5-4-6-7-4-2-2	4-9-4-4-8-2-4-2-2-4-3-2	9-4-4-5-3-2-2-4-1-4-2-2	9-9-4-2-2-4-2-4-4-3-5-4	6-4-1-1-2-4-3-2-0-2-2-2
339	5	5-5-5-5-5-5-5-5-5-2-2-5	2-7-6-2-4-2-4-6-4-4-3-6	1-5-3-2-6-4-6-7-2-7-6-6	3-4-4-4-3-3-6-2-6-6-7-1	2-1-1-3-4-7-4-6-4-2-7-2	2-4-4-4-4-2-6-6-4-5-8-4	3-2-6-1-4-7-5-6-5-5-2-4	6-2-2-4-2-4-5-7-6-6-2-2	5-4-4-4-5-2-6-2-6-6-6-4	4-2-6-7-8-2-6-4-3-4-2-2	4-4-9-5-6-5-1-4-4-6-4-6	2-4-1-1-2-2-3-5-6-2-5-2
339	6	6-2-6-6-6-6-6-6-7-6-6-6	2-7-5-2-9-7-2-5-4-4-3-5	2-6-2-5-7-4-5-8-2-4-7-5	4-5-7-7-3-3-5-2-7-5-5-1	2-1-1-7-4-5-6-6-7-2-2-1	2-4-4-4-6-2-7-5-6-6-8-4	1-2-5-1-4-6-7-5-6-8-1-4	5-2-3-5-4-1-9-4-5-5-2-2	7-4-5-4-6-2-5-1-5-10-5-7	7-2-6-9-6-2-5-9-3-4-2-2	4-4-7-7-5-7-2-4-4-5-4-5	4-4-1-1-10-2-3-5-5-5-7-2
339	7	6-5-6-8-7-8-7-9-6-7-7-6	2-5-5-2-6-8-2-6-9-9-3-8	4-7-2-2-6-5-8-5-6-5-6-7	8-5-6-8-3-3-7-8-6-6-5-1	8-1-1-8-4-5-8-6-6-7-5-4	4-8-4-4-6-2-6-7-6-7-6-8	4-2-5-1-4-6-6-5-7-6-4-4	8-2-3-4-8-1-6-4-4-9-2-2	6-4-4-4-4-9-1-8-9-9-3-7	4-2-7-5-6-2-6-4-6-4-2-2	4-4-6-6-6-8-8-4-4-3-9-4	7-9-7-1-7-7-7-8-5-5-6-2
339	8	8-9-9-9-8-7-6-8-6-9-9-7	2-5-5-2-6-7-9-9-7-4-9-7	4-9-10-9-9-10-7-10-9-10-7-9	7-8-8-7-10-11-7-7-7-10-5-2	7-1-2-9-4-5-7-6-8-11-7-4	4-2-4-9-8-9-6-7-8-8-5-8	2-9-8-1-4-8-7-5-8-12-2-4	5-8-9-4-7-9-6-2-4-8-7-2	9-4-4-4-4-7-4-7-7-7-8-7	8-4-8-7-9-2-6-4-8-4-6-8	4-4-5-6-6-7-7-4-4-3-7-4	7-4-7-1-7-7-9-7-5-6-6-2
339	9	8-8-9-8-4-9-9-12-11-8-8-8	2-5-5-10-6-2-10-8-7-7-10-10	11-8-10-8-8-4-7-8-8-4-7-8	10-4-10-8-12-10-5-11-7-5-5-2	12-1-14-10-4-5-10-10-7-8-9-9	4-9-9-8-6-11-5-9-4-8-4-11	2-8-8-1-10-9-5-10-8-9-9-4	7-9-14-10-10-9-6-9-9-8-9-2	4-4-4-10-9-7-1-10-7-7-9-7	10-4-9-5-9-10-10-6-10-4-9-9	4-4-5-6-6-9-7-4-4-9-7-4	7-7-7-9-8-4-8-7-5-10-6-2
339	10	10-10-11-14-11-11-10-10-10-10-10-11	2-11-11-9-12-10-9-11-7-4-9-9	14-10-9-8-9-12-11-8-11-8-11-11	10-11-9-9-8-9-10-9-11-10-11-1	9-1-1-9-4-12-9-9-10-10-9-9	2-9-12-8-10-9-11-10-12-10-7-10	1-12-8-1-14-10-7-12-8-8-9-9	10-9-8-11-9-12-11-12-4-10-2-10	6-10-8-9-6-7-1-9-7-6-6-13	9-2-10-10-11-9-11-11-9-4-1-12	4-7-11-10-6-7-10-4-4-3-7-4	7-9-7-1-6-11-8-12-5-9-6-2
339	11	10-10-10-11-10-10-11-10-11-11-10-10	14-13-10-9-10-11-11-12-7-11-12-12	9-11-9-8-8-12-10-8-10-13-12-10	9-10-10-7-9-8-12-9-10-12-10-1	9-1-1-9-13-10-10-11-12-8-9-9	2-9-10-8-12-9-12-10-11-11-7-9	13-12-10-1-12-11-12-12-8-8-1-9	11-9-8-10-10-12-10-9-9-12-11-11	12-11-12-14-11-11-11-14-7-11-6-10	11-2-11-13-10-13-13-12-11-11-12-10	11-11-11-10-13-13-10-11-13-13-7-4	7-9-7-14-11-11-3-11-11-12-14-11
339	12	12-12-12-12-10-10-10-12-11-12-13-12	13-11-10-2-10-12-13-14-13-11-11-11	12-12-13-14-13-14-13-12-12-12-11-12	13-12-13-14-9-13-11-9-11-11-10-13	9-12-13-9-12-10-11-13-11-8-9-9	2-13-10-12-11-9-11-10-11-11-0-13	4-11-10-13-13-9-11-10-8-8-12-13	10-8-7-10-10-11-10-10-4-11-12-11	12-12-12-10-9-11-12-13-8-12-8-7	12-12-9-13-11-11-11-11-14-12-13-10	12-7-12-10-11-11-10-12-12-9-7-4	7-7-7-12-12-13-8-14-11-11-6-11
339	13	13-13-13-14-13-14-14-13-14-14-14-13	14-11-14-14-14-14-14-13-14-13-14-14	13-12-14-14-13-12-12-13-14-11-14-12	12-12-12-12-9-12-14-9-10-11-13-12	13-12-12-9-14-13-14-13-11-13-11-13	13-12-10-13-11-14-12-13-11-13-13-12	13-11-13-13-12-13-12-14-13-13-13-12	8-9-12-13-12-14-10-10-13-11-12-13	13-13-12-10-14-13-13-12-8-13-8-7	13-12-10-12-13-11-11-11-13-13-12-10	14-11-13-10-11-11-13-12-12-13-7-13	13-13-13-14-12-12-8-14-11-12-13-13
339	14	14-14-14-14-14-13-13-14-14-13-14-14	13-11-14-13-13-13-13-12-13-14-13-13	10-14-13-13-14-12-14-13-13-14-13-14	14-14-13-14-14-14-13-9-10-14-14-12	13-13-14-14-13-14-13-14-11-14-9-9	14-14-10-13-14-13-11-14-14-14-14-12	13-14-14-14-10-14-7-13-14-14-13-12	14-9-9-14-14-13-10-9-9-14-13-14	6-14-14-14-13-14-14-14-14-13-11-7	13-12-14-14-14-7-14-11-12-14-14-14	13-14-0-11-11-7-13-14-14-14-7-14	13-11-14-13-12-14-14-12-11-14-11-2
340	0	0-0-0-0-0-0-0-0-0-0-0-0	0-0-0-0-0-0-0-0-0-0-0-0	0-0-0-0-0-0-0-0-0-0-0-0	0-0-0-0-0-0-0-0-0-0-0-0	0-0-0-0-0-0-0-0-0-0-0-0	0-0-0-0-0-0-0-0-0-0-0-0	0-0-0-0-0-0-0-0-0-0-0-0	0-0-0-0-0-0-0-0-0-0-0-0	0-0-0-0-0-0-0-0-0-0-0-0	0-0-0-0-0-0-0-0-0-0-0-0	0-0-0-0-0-0-0-0-0-0-0-0	0-0-0-0-0-0-0-0-0-0-0-0
340	1	1-1-1-1-1-1-1-1-1-1-1-1	1-0-0-2-0-0-0-1-1-1-2-1	0-1-0-2-2-0-0-0-0-0-2-1	0-0-0-2-2-4-0-2-2-0-2-0	4-0-0-2-0-1-2-2-0-0-0-0	2-0-2-1-1-4-2-2-1-1-0-0	0-1-1-0-1-0-1-2-1-1-0-1	1-1-1-1-1-0-1-2-1-1-0-0	1-0-0-0-2-1-0-2-1-1-1-1	0-1-1-2-2-1-1-1-1-0-0-1	0-1-0-0-1-0-0-0-0-1-1-1	0-1-1-0-0-0-1-0-0-0-1-1
340	2	2-2-1-2-2-2-2-2-2-2-2-2	3-2-2-1-2-3-0-3-2-2-1-2	0-1-3-1-1-3-3-0-1-2-3-1	3-3-3-1-1-1-3-1-1-2-1-0	1-0-2-1-3-1-3-1-3-0-3-1	1-3-4-0-2-1-3-1-2-2-5-2	4-2-2-2-2-2-2-1-2-2-2-5	10-1-6-3-2-2-2-3-2-3-2-5	2-7-2-2-1-2-2-3-3-2-1-2	2-2-2-1-1-1-2-2-0-2-3-1	0-2-0-0-2-2-0-2-4-2-2-2	2-2-2-2-0-2-4-3-2-0-1-2
340	3	3-3-3-3-3-3-3-2-3-3-3-3	2-3-3-1-3-4-0-4-2-2-1-2	0-3-2-4-1-2-4-4-4-4-4-1	2-2-4-1-1-1-4-1-4-4-4-0	1-0-5-1-2-4-4-2-2-0-2-1	5-2-2-3-3-1-4-3-3-3-3-4	2-2-3-2-2-3-2-4-3-3-4-4	3-1-4-2-4-0-3-2-2-3-2-0	3-2-2-2-3-2-4-4-4-2-4-2	2-4-3-4-4-4-2-3-1-2-4-1	2-2-3-3-4-2-0-2-2-4-2-2	4-2-1-3-4-3-2-2-3-0-5-3
340	4	4-4-4-4-3-4-4-4-4-4-4-4	3-5-3-1-3-3-2-3-2-2-3-3	0-4-4-3-1-2-5-3-3-3-5-5	5-3-5-5-1-1-3-1-5-3-5-0	1-0-0-4-2-3-5-4-5-4-5-4	1-4-2-0-4-1-5-4-4-4-4-3	2-2-3-2-2-4-4-5-3-4-3-3	4-1-3-2-3-0-4-4-2-3-2-0	4-2-5-2-7-2-4-3-11-4-3-3	4-3-5-5-5-3-2-8-4-2-4-1	5-2-11-3-3-5-5-4-2-3-2-4	4-7-2-4-3-3-2-6-4-0-3-3
340	5	3-4-4-4-5-4-4-4-6-4-3-5	6-4-4-5-3-6-6-6-5-2-6-6	6-4-6-6-6-7-6-6-4-4-4-6	6-6-6-6-6-6-4-6-4-4-4-6	6-5-11-6-2-3-6-6-4-6-6-6	6-6-2-9-5-6-4-6-3-3-6-7	6-6-3-3-2-5-3-4-3-5-7-2	2-6-2-6-3-5-5-9-2-4-5-5	6-2-5-2-4-5-5-5-6-5-6-3	4-6-4-4-6-1-5-4-6-4-4-5	4-2-5-5-6-6-2-5-6-7-5-2	5-5-5-5-3-5-2-5-5-0-3-3
340	6	6-6-6-6-6-6-6-6-6-6-6-6	5-8-8-5-3-5-5-5-5-7-5-5	5-6-5-5-5-5-5-5-6-7-7-7	5-5-5-5-5-5-7-5-7-6-7-5	5-0-5-5-5-7-7-5-6-5-5-5	5-6-7-5-6-5-7-5-6-6-4-5	5-8-6-6-7-6-4-6-6-6-5-6	8-8-2-7-6-2-8-5-2-6-5-0	5-2-6-2-6-6-5-5-6-6-6-7	4-5-4-5-5-5-5-4-5-6-7-10	0-6-7-6-5-5-0-8-8-2-6-2	5-2-8-5-5-6-6-5-8-8-3-6
340	7	7-7-7-8-5-7-6-9-7-7-8-6	6-6-6-5-3-8-7-8-5-8-8-8	11-9-5-5-10-5-8-9-9-6-6-8	5-8-5-5-5-5-6-5-8-8-6-5	1-0-5-7-8-6-6-5-9-8-9-5	8-7-6-5-6-5-8-5-8-3-8-5	8-10-6-8-6-6-4-8-7-5-5-8	3-6-8-6-3-7-6-5-2-10-5-9	5-2-2-9-4-2-8-9-6-4-6-6	6-8-4-8-5-1-7-3-7-4-6-6	0-2-8-8-7-7-0-2-8-7-7-9	5-4-7-5-5-6-6-8-8-8-3-7
340	8	6-6-7-7-5-6-6-9-7-8-7-6	6-6-6-1-7-7-7-7-5-7-7-7	9-9-9-5-7-9-9-7-7-7-7-7	9-9-9-7-9-9-6-5-7-7-6-9	8-10-9-7-7-6-9-8-7-9-5-9	9-9-7-5-6-10-7-9-7-3-7-8	9-6-5-9-9-8-8-7-6-8-9-8	6-6-10-9-8-9-6-5-9-7-9-7	8-7-9-9-9-8-9-7-7-4-8-7	9-9-7-7-7-1-7-4-9-10-9-6	9-2-7-7-7-11-8-9-9-9-7-8	8-7-8-9-9-7-8-6-9-7-3-3
340	9	9-9-9-9-9-10-9-9-9-9-9-9	10-10-10-5-10-10-10-9-5-8-7-10	8-8-8-8-7-8-10-7-7-10-10-7	8-8-8-7-8-8-10-5-10-7-9-8	5-8-8-7-7-9-8-8-7-8-7-8	8-8-7-5-6-8-10-9-9-9-10-9	8-7-10-8-8-9-9-7-6-5-8-4	3-9-8-8-3-8-6-5-8-9-8-7	8-7-8-8-8-10-8-7-10-2-6-7	8-8-9-7-7-2-8-3-8-2-8-11	8-6-9-10-11-7-8-8-8-8-7-7	5-7-7-8-8-10-10-11-10-9-10-10
340	10	6-6-11-11-10-9-11-10-10-10-9-11	9-9-9-11-9-9-11-11-11-9-11-9	8-10-8-11-7-11-9-8-9-9-9-10	11-10-10-10-10-10-9-5-9-7-10-8	10-8-8-7-7-9-11-10-10-10-7-10	10-8-10-10-6-8-9-10-9-9-9-10	8-7-9-8-9-8-9-7-7-11-10-10	2-10-10-10-10-7-6-2-8-7-10-10	10-2-10-10-10-9-10-7-9-2-10-6	8-10-7-7-10-1-10-11-10-8-10-6	10-2-10-9-7-10-10-10-10-10-7-10	8-10-10-10-10-9-9-6-9-10-9-9
340	11	11-11-11-11-11-11-10-11-11-11-11-11	9-9-11-10-11-9-10-10-10-11-10-9	9-11-11-10-11-10-11-11-9-11-11-11	10-11-10-11-11-11-10-11-11-11-11-5	11-8-5-11-11-11-10-10-7-11-5-5	11-11-11-11-11-8-11-11-11-11-11-11	10-11-11-11-6-11-11-10-11-10-6-11	11-11-7-11-11-7-6-2-8-11-10-11	10-11-10-11-11-11-11-5-11-2-11-3	8-11-11-11-11-1-11-8-11-11-11-11	9-11-11-6-9-11-10-9-11-11-11-11	10-11-11-8-10-11-11-11-11-11-11-9
341	0	0-0-0-0-0-0-0-0-0-0-0-0	0-0-0-0-0-0-0-0-0-0-0-0	0-0-0-0-0-0-0-0-0-0-0-0	0-0-0-0-0-0-0-0-0-0-0-0	0-0-0-0-0-0-0-0-0-0-0-0	0-0-0-0-0-0-0-0-0-0-0-0	0-0-0-0-0-0-0-0-0-0-0-0	0-0-0-0-0-0-0-0-0-0-0-0	0-0-0-0-0-0-0-0-0-0-0-0	0-0-0-0-0-0-0-0-0-0-0-0	0-0-0-0-0-0-0-0-0-0-0-0	0-0-0-0-0-0-0-0-0-0-0-0
341	1	1-1-1-1-1-1-1-1-1-1-1-1	1-0-1-1-1-1-0-1-1-1-2-1	0-1-0-2-2-2-2-0-0-2-2-2	2-0-0-2-2-2-0-2-1-1-2-1	2-0-2-2-0-1-2-2-1-1-2-2	2-2-1-1-1-2-1-1-1-1-2-0	1-1-1-0-1-0-1-2-1-1-2-1	1-1-2-1-1-0-1-2-1-1-0-0	0-0-0-1-2-1-0-2-1-2-2-1	0-1-1-2-2-2-1-1-3-0-0-1	0-1-0-0-0-0-0-0-0-2-1-1	0-1-1-0-0-1-1-0-2-0-2-1
341	2	2-2-2-2-2-2-2-2-2-2-2-2	3-2-2-1-2-2-3-2-2-2-1-2	0-2-0-1-1-5-1-1-1-1-1-1	1-3-3-1-1-1-2-1-1-2-1-1	1-2-1-1-3-1-3-1-2-2-3-1	1-4-4-10-2-1-3-4-2-2-10-2	5-2-2-2-3-0-2-3-2-2-3-10	1-1-4-3-2-2-2-3-10-0-2-0	2-5-2-3-1-2-2-3-2-2-1-2	3-2-2-1-1-1-1-2-1-2-2-1	5-12-2-0-2-2-5-2-3-3-2-2	2-2-1-2-2-2-1-2-2-1-1-2
341	3	3-3-3-3-3-3-3-3-3-3-3-3	2-4-3-1-4-3-2-4-2-2-1-3	1-3-4-1-1-2-4-4-1-1-4-4	2-2-4-2-1-1-3-1-4-3-4-0	1-0-1-1-2-4-2-4-2-3-2-1	2-2-2-0-2-1-4-2-2-3-3-2	2-1-4-2-2-3-3-4-3-3-2-2	3-4-2-4-4-3-2-2-2-3-2-2	3-2-2-2-3-2-3-2-3-2-4-2	2-2-3-3-1-1-4-5-4-2-0-1	0-2-4-3-4-3-5-2-2-2-2-2	3-2-1-3-5-2-1-4-3-0-5-3
341	4	4-4-4-4-3-4-4-4-4-4-4-4	3-3-5-1-3-3-2-3-2-2-1-3	1-4-5-1-1-2-5-3-6-7-5-3	5-2-5-4-1-1-4-1-5-5-5-0	1-0-1-5-2-3-5-4-5-2-2-1	1-2-2-0-4-1-5-5-4-4-4-3	2-5-3-0-2-5-4-3-3-3-8-2	4-3-2-3-2-6-4-4-2-4-3-0	5-2-5-2-4-2-0-2-4-4-3-5	2-2-4-3-1-1-5-3-3-5-13-1	6-2-3-4-3-5-3-8-0-2-2-3	5-2-6-5-1-4-2-4-4-8-4-7
341	5	4-4-4-4-5-4-3-4-5-5-4-4	5-4-4-1-4-3-7-6-7-2-7-6	6-6-6-6-6-2-6-6-6-2-4-6	6-6-4-6-6-6-4-10-6-6-4-6	6-5-7-6-2-3-6-6-4-7-7-6	6-7-6-7-10-13-6-4-4-4-6-7	2-4-2-6-2-4-6-6-3-3-6-2	4-6-1-6-2-6-4-4-2-4-6-5	6-2-4-6-4-5-6-6-5-5-3-8	4-6-4-5-6-6-5-3-1-4-6-3	6-2-5-4-5-5-7-5-6-6-3-2	4-5-5-4-6-5-2-6-4-5-3-4
341	6	6-6-7-6-6-4-6-6-6-6-6-6	7-6-4-1-7-6-5-5-5-7-5-5	5-5-5-5-5-8-7-5-5-7-7-5	5-5-5-5-5-5-4-5-5-5-7-5	5-5-5-5-2-7-5-5-6-5-5-5	5-5-8-6-6-5-5-6-6-6-5-6	5-6-6-5-9-4-7-5-4-8-5-6	6-5-2-5-6-4-6-6-2-4-5-5	5-7-7-5-4-6-5-5-4-5-4-7	7-5-6-5-5-5-7-3-1-2-5-2	5-7-3-6-8-7-5-5-5-5-7-2	7-5-4-5-5-5-1-5-6-5-4-6
341	7	7-7-6-7-7-4-6-6-6-7-7-7	6-6-4-1-6-6-5-6-5-7-5-6	5-5-5-5-5-2-6-6-5-6-6-5	5-5-6-5-5-5-8-5-8-5-8-5	5-0-5-5-2-6-6-6-8-5-5-5	5-5-6-5-8-1-8-6-7-7-5-5	5-8-6-0-8-7-10-6-7-7-5-9	7-7-6-6-6-7-6-6-2-7-5-7	5-6-6-5-4-5-5-5-10-6-3-6	6-5-7-5-5-5-6-3-7-2-5-6	5-8-7-10-8-6-5-2-5-5-6-7	6-5-1-5-13-5-2-6-8-5-10-4
341	8	8-9-8-9-11-9-11-9-11-8-8-9	10-6-4-9-8-9-9-10-9-12-11-9	8-9-9-10-9-10-9-10-10-9-9-8	9-9-9-8-9-9-9-5-7-8-7-10	5-8-10-5-11-6-9-9-7-10-9-9	9-9-6-9-10-9-7-9-7-7-11-10	11-7-6-11-9-8-7-8-7-7-9-6	8-8-9-9-9-10-6-8-2-10-9-7	11-11-13-9-10-6-10-11-7-8-8-9	10-10-12-7-10-1-9-3-9-9-10-8	10-2-10-9-11-7-11-10-10-9-9-2	10-5-8-10-10-11-8-10-11-11-9-7
341	9	9-8-9-9-10-8-10-8-9-9-8-8	8-10-10-8-8-8-8-8-8-8-8-8	13-8-8-8-8-8-8-8-8-8-10-8	8-8-8-5-8-8-8-5-9-10-10-5	1-0-8-5-2-9-8-8-10-10-5-8	8-8-10-8-9-8-10-9-7-7-8-8	8-9-9-8-10-9-7-8-7-9-8-7	7-9-8-8-8-8-6-11-2-9-8-0	8-9-11-9-8-6-8-8-12-10-8-8	8-8-9-8-8-2-8-3-8-8-8-13	8-9-8-8-8-7-12-11-8-8-11-2	8-2-8-8-8-8-1-8-10-8-8-9
341	10	8-8-10-9-9-8-9-8-9-9-9-9	8-9-9-10-8-8-8-8-8-8-8-11	11-10-11-11-11-8-11-8-11-10-9-11	11-11-8-11-11-11-8-5-9-9-9-8	11-8-8-12-11-9-11-11-9-9-11-5	11-8-12-8-8-11-11-11-7-7-2-8	10-9-6-8-9-8-7-11-7-9-11-2	8-10-11-10-11-8-6-12-2-8-5-0	8-9-8-11-8-6-8-8-9-9-12-10	8-8-9-8-11-10-11-3-8-8-8-12	8-2-8-4-8-11-0-8-8-8-10-10	8-11-11-8-8-8-11-8-9-8-7-4
341	11	13-8-11-11-9-8-8-11-8-8-8-9	8-9-12-10-8-8-10-8-8-8-8-10	13-10-10-10-10-10-10-10-10-12-12-10	10-10-8-10-10-10-12-5-12-11-11-10	10-8-8-10-10-12-12-10-11-11-10-8	10-8-10-11-11-10-12-11-11-11-12-11	10-10-6-8-11-11-12-12-7-11-10-11	11-10-10-10-10-8-6-9-2-10-8-13	8-8-12-10-8-8-8-8-9-5-10-9	8-8-9-12-10-10-10-8-10-8-5-10	8-11-8-13-8-10-8-8-8-10-10-11	8-5-10-8-8-8-10-8-12-8-8-6
341	12	12-11-12-13-12-13-8-13-13-13-12-13	13-11-11-10-8-13-13-12-13-8-13-13	12-12-12-10-10-10-11-13-13-11-11-12	13-11-12-13-10-10-11-13-11-12-11-12	10-12-13-10-12-11-13-10-11-12-12-12	12-12-10-8-11-12-11-10-9-11-11-12	13-12-7-12-12-12-11-11-7-6-10-13	11-10-12-10-10-12-6-10-12-13-8-13	13-12-11-12-10-2-12-5-9-8-10-12	8-12-12-5-10-1-12-3-12-12-12-10	12-2-9-11-12-13-12-12-12-8-12-12	12-5-12-12-8-12-10-8-11-8-11-10
341	13	13-13-13-13-13-13-8-13-13-13-13-13	8-11-13-10-13-12-12-12-12-13-12-12	11-12-13-12-13-13-13-13-12-13-13-13	12-13-12-12-13-13-12-13-13-13-13-12	13-12-12-13-13-13-12-13-11-13-10-12	13-13-13-13-13-12-12-13-13-13-13-12	12-13-13-13-12-13-9-12-13-13-8-12	13-13-10-13-13-12-6-12-12-12-13-13	12-13-13-13-10-13-13-8-13-8-10-9	8-13-7-13-13-1-13-7-12-13-13-13	8-13-9-11-13-12-13-12-13-8-13-13	12-6-13-12-7-13-13-8-13-13-13-13
342	0	0-0-0-0-0-0-0-0-0-0-0-0	0-0-0-0-0-0-0-0-0-0-0-0	0-0-0-0-0-0-0-0-0-0-0-0	0-0-0-0-0-0-0-0-0-0-0-0	0-0-0-0-0-0-0-0-0-0-0-0	0-0-0-0-0-0-0-0-0-0-0-0	0-0-0-0-0-0-0-0-0-0-0-0	0-0-0-0-0-0-0-0-0-0-0-0	0-0-0-0-0-0-0-0-0-0-0-0	0-0-0-0-0-0-0-0-0-0-0-0	0-0-0-0-0-0-0-0-0-0-0-0	0-0-0-0-0-0-0-0-0-0-0-0
342	1	1-1-1-1-1-1-1-1-1-1-1-1	2-1-1-2-1-2-2-1-1-1-2-2	1-2-1-2-3-2-0-2-2-2-2-1	2-0-2-2-0-0-1-1-1-2-1-0	1-0-1-1-1-1-2-1-1-2-2-0	2-1-2-1-1-1-1-2-1-1-1-1	1-1-1-1-2-1-1-2-1-1-1-1	1-1-2-1-1-3-1-1-1-1-2-2	1-2-2-1-1-3-2-1-3-1-1-3	2-1-1-2-1-1-1-1-2-3-2-1	2-2-2-2-2-1-0-2-1-1-3-1	2-1-1-1-1-3-3-3-3-1-1-1
342	2	1-1-1-1-1-1-1-1-1-1-1-1	1-1-1-4-1-1-1-2-1-1-4-3	2-2-3-3-4-1-3-3-1-1-1-2	3-3-1-3-3-3-1-5-1-1-3-5	4-2-4-2-0-2-3-3-1-1-1-3	1-3-3-1-1-0-3-1-1-1-3-4	2-2-1-1-1-2-1-1-1-1-3-1	1-3-3-3-4-1-1-1-2-5-3-1	1-1-1-2-11-1-3-3-1-2-3-1	1-6-1-1-4-3-5-1-7-1-1-3	1-1-1-1-1-3-0-1-0-1-1-1	1-1-5-1-1-1-8-1-1-4-3-1
342	3	1-1-2-2-1-3-1-1-2-1-1-2	1-1-2-2-1-1-1-4-3-1-2-2	4-5-2-2-2-6-2-4-1-5-4-2	2-4-4-2-2-2-5-2-1-3-4-2	2-3-2-2-4-2-4-2-3-3-2-2	4-4-5-9-3-6-4-4-3-3-10-3	5-3-1-3-4-3-4-3-3-1-2-3	3-2-2-4-2-1-1-5-4-1-2-1	3-5-3-3-3-1-3-4-1-1-2-1	3-3-3-1-2-2-4-1-4-1-3-2	3-1-1-1-3-3-6-4-4-4-1-3	1-3-1-3-3-1-1-1-1-4-2-1
342	4	1-4-2-4-4-2-4-4-4-4-1-4	1-5-2-2-1-1-2-3-2-3-2-5	3-4-2-2-2-4-5-3-1-3-5-5	3-3-3-2-2-2-3-2-5-5-3-2	2-0-2-2-3-5-3-3-3-2-1-2	3-3-3-3-1-1-5-3-3-4-2-4	2-2-4-3-3-7-6-5-4-4-2-3	4-2-3-5-2-1-4-3-3-4-3-1	3-4-3-3-3-1-3-3-9-1-2-6	5-3-4-4-5-5-2-4-5-1-3-5	6-1-5-1-1-1-5-3-3-3-1-3	1-3-1-3-1-1-2-4-4-3-4-9
342	5	5-5-5-5-5-5-5-5-5-2-5-6	6-6-6-2-1-8-2-6-3-3-2-4	11-5-2-2-6-3-4-5-6-3-6-4	3-6-6-8-2-3-6-2-6-4-3-2	2-0-2-6-3-4-6-5-6-2-2-2	3-3-3-0-5-3-6-2-5-5-6-3	3-2-5-3-3-3-4-4-5-5-2-6	4-2-1-4-2-0-5-3-3-5-3-1	3-3-4-3-5-1-3-4-4-5-4-4	4-2-3-6-4-4-2-5-4-1-4-2	4-3-4-11-6-6-4-3-3-3-1-3	5-11-2-3-1-1-2-1-10-1-4-10
342	6	1-7-1-5-6-5-5-5-5-5-5-5	5-5-5-2-1-7-1-5-7-4-7-7	5-6-8-7-7-3-7-7-7-6-5-7	7-7-7-7-7-7-7-2-5-5-3-7	7-6-8-7-3-4-7-7-5-7-7-7	7-7-7-9-6-9-5-6-3-5-3-7	3-2-5-3-3-6-4-4-3-6-7-7	3-8-3-7-3-1-5-9-3-2-9-1	3-3-3-3-6-1-8-5-6-7-7-4	7-7-10-5-7-4-6-5-2-1-6-2	4-1-11-5-5-5-3-6-3-3-1-3	5-6-6-6-7-7-2-6-4-9-5-5
342	7	7-7-7-7-7-7-7-7-9-7-7-7	7-9-8-2-7-6-8-8-6-8-6-6	0-7-6-6-6-6-6-6-6-8-8-6	6-6-6-6-6-6-8-6-8-7-9-6	6-0-6-6-3-8-8-6-7-6-6-6	6-6-8-11-10-6-8-7-5-7-6-6	1-8-7-10-8-4-9-7-4-7-6-7	1-9-1-8-8-1-9-6-3-7-6-1	6-4-3-3-5-1-0-8-8-6-8-8	7-6-7-5-6-2-6-5-2-1-8-8	6-11-8-7-3-6-0-3-6-3-1-3	5-3-2-6-6-6-2-6-9-1-9-5
342	8	8-8-9-7-9-10-7-11-8-11-8-9	7-7-7-8-8-6-8-9-6-7-6-11	8-7-6-6-9-6-9-8-9-7-7-9	6-9-9-9-6-6-7-2-7-9-7-6	2-0-6-8-10-7-7-6-9-6-9-6	3-8-7-11-8-6-9-7-3-5-8-6	3-9-7-3-7-3-8-9-8-10-6-7	3-6-9-7-7-8-7-7-3-8-6-1	3-3-3-3-6-1-3-9-4-5-7-7	7-3-6-9-9-2-8-5-8-1-7-7	3-1-7-9-9-8-11-3-3-3-8-3	5-8-8-6-6-6-2-1-4-9-7-5
342	9	8-7-11-10-9-10-7-10-10-9-9-11	9-7-7-11-10-10-10-8-11-8-11-8	10-9-10-10-8-10-8-10-8-8-7-8	10-10-10-8-2-10-7-10-8-10-7-9	2-9-9-8-9-7-8-10-8-9-8-6	9-9-7-6-9-6-8-10-9-5-2-10	9-8-7-9-9-9-7-8-3-9-9-10	3-7-10-9-9-9-7-6-9-9-6-10	3-9-10-9-10-1-9-8-4-1-2-8	9-3-9-8-8-2-9-5-9-9-9-7	9-1-7-8-8-11-10-9-9-9-1-3	9-8-9-9-9-1-1-9-4-8-4-4
342	10	10-11-10-9-7-9-11-10-9-9-10-10	11-7-7-9-9-9-11-11-11-10-11-11	9-9-9-11-8-9-9-9-11-8-10-10	9-10-9-10-10-9-7-9-7-9-10-9	10-9-11-8-9-10-11-10-9-11-8-10	10-9-11-10-7-11-9-9-10-4-3-9	11-8-9-10-9-10-10-10-10-7-9-9	3-10-9-10-10-9-7-11-9-9-6-9	3-9-9-10-11-1-9-9-6-8-10-8	9-3-6-7-10-11-8-5-9-9-10-10	10-1-7-8-5-5-9-9-9-10-1-10	10-6-9-9-9-6-2-6-5-10-4-5
342	11	11-11-11-11-11-11-11-11-11-11-11-11	10-7-11-9-11-9-10-10-9-11-9-10	9-11-11-10-11-11-11-11-10-11-11-10	10-11-10-11-11-11-7-11-11-11-11-9	10-9-10-11-11-11-10-10-8-11-1-6	11-11-11-10-11-10-11-11-11-11-11-11	10-11-11-11-7-11-11-10-11-11-9-11	11-11-10-11-10-10-7-10-9-9-9-11	3-11-11-11-10-1-11-11-11-1-10-4	9-11-11-11-11-10-11-10-9-11-11-11	10-7-11-5-11-9-11-9-11-11-11-3	10-5-11-9-6-11-11-9-11-11-11-11
343	0	0-0-0-0-0-0-0-0-0-0-0-0	0-0-0-0-0-0-0-0-0-0-0-0	0-0-0-0-0-0-0-0-0-0-0-0	0-0-0-0-0-0-0-0-0-0-0-0	0-0-0-0-0-0-0-0-0-0-0-0	0-0-0-0-0-0-0-0-0-0-0-0	0-0-0-0-0-0-0-0-0-0-0-0	0-0-0-0-0-0-0-0-0-0-0-0	0-0-0-0-0-0-0-0-0-0-0-0	0-0-0-0-0-0-0-0-0-0-0-0	0-0-0-0-0-0-0-0-0-0-0-0	0-0-0-0-0-0-0-0-0-0-0-0
343	1	1-1-1-1-1-1-1-1-1-1-1-1	1-1-2-2-2-1-2-0-1-1-1-1	1-0-2-2-2-2-1-0-0-0-1-1	2-0-2-2-3-2-0-2-1-1-2-0	2-0-2-3-0-1-2-2-1-1-4-2	2-2-2-1-1-4-2-2-1-1-0-2	2-1-1-1-0-1-1-2-1-2-2-1	1-2-2-2-2-2-1-1-1-0-2-0	0-0-0-1-2-1-0-2-2-1-2-1	2-5-1-2-2-2-3-2-3-0-0-2	0-1-2-0-2-1-0-0-0-1-1-1	0-1-3-1-0-1-1-0-2-1-2-1
343	2	1-2-1-1-2-2-2-2-1-2-2-1	3-2-1-1-2-1-1-3-2-3-1-1	0-2-1-1-1-4-3-1-0-3-2-2	1-3-1-1-1-1-3-1-1-2-1-0	1-2-1-1-3-1-3-3-2-2-1-1	3-3-4-3-2-1-3-1-2-2-9-2	1-1-1-2-3-2-2-2-2-3-1-2	2-1-3-3-1-1-1-3-2-5-1-5	2-0-2-2-1-3-2-3-1-1-1-2	1-3-2-1-1-1-2-1-1-4-3-1	2-2-2-0-3-2-0-2-2-3-2-2	2-3-1-3-2-2-2-0-1-3-1-1
343	3	3-3-3-3-3-3-3-3-3-3-3-3	2-3-3-1-3-1-1-4-2-2-1-5	0-3-1-1-1-2-4-4-4-4-4-3	2-2-4-1-1-1-4-1-4-3-4-0	1-0-7-1-2-4-4-2-2-2-2-1	2-2-1-2-3-1-4-1-3-3-3-3	1-1-3-2-2-3-2-4-3-2-2-2	3-3-4-2-6-1-3-2-2-3-1-0	2-6-2-2-3-2-0-2-4-1-4-4	4-4-3-4-4-4-2-3-1-2-5-2	0-5-3-6-2-4-0-2-2-2-2-2	4-2-1-2-4-3-1-0-9-2-5-4
343	4	4-4-4-4-3-4-4-4-4-5-4-4	3-5-3-1-3-5-1-3-2-2-1-6	0-4-4-1-1-2-5-3-3-3-5-4	5-3-5-1-1-1-3-1-5-3-5-0	1-0-1-6-2-3-5-4-5-4-1-1	5-2-2-0-4-1-5-1-4-4-4-3	2-1-3-5-2-1-4-5-4-4-1-3	4-1-3-3-3-1-4-2-2-3-2-0	4-2-3-2-5-2-6-3-3-4-3-7	3-3-5-5-5-3-5-4-4-5-5-1	5-2-10-6-5-5-0-5-2-3-4-4	4-5-1-4-3-3-5-5-4-3-4-9
343	5	6-4-6-5-4-4-4-3-6-4-4-4	6-4-4-6-3-4-1-6-5-4-6-6	6-6-6-7-6-6-6-6-6-4-4-6	6-6-7-6-6-6-6-6-4-4-4-6	1-5-10-6-6-3-6-6-4-6-6-6	6-6-2-5-5-6-6-6-4-3-4-6	5-6-3-3-7-1-7-4-3-7-6-6	2-5-6-6-3-1-5-6-2-4-5-2	6-2-5-2-4-6-5-6-5-4-6-2	6-1-4-4-6-6-4-4-4-4-4-6	4-2-4-6-4-4-0-4-4-4-5-2	5-4-5-5-3-6-4-5-3-0-3-5
343	6	6-6-6-6-6-7-7-6-6-4-7-6	5-4-7-5-3-6-5-5-5-7-5-5	5-5-5-5-5-8-5-5-7-6-7-5	5-5-5-5-5-5-5-5-7-6-7-5	1-5-5-5-7-7-5-5-6-5-5-5	5-5-7-6-6-5-7-5-7-6-4-5	5-5-3-7-5-6-2-5-6-6-5-6	6-7-6-6-3-7-6-5-2-6-5-2	5-3-6-2-6-6-5-7-6-6-6-6	7-5-6-5-5-5-5-7-5-7-5-6	7-6-7-3-4-5-0-8-2-2-5-2	5-4-1-5-5-5-6-5-6-0-6-6
343	7	8-8-6-7-8-6-6-7-6-10-6-6	7-4-6-5-6-6-8-8-5-6-8-8	8-7-8-5-8-4-6-8-8-6-6-8	8-7-5-8-5-8-7-5-6-6-6-7	7-8-6-7-9-6-8-8-6-7-8-8	8-7-6-8-7-10-6-8-6-6-8-5	10-7-7-6-7-7-7-8-6-5-8-6	8-6-4-6-6-8-6-5-6-7-7-8	8-9-6-8-9-7-7-6-5-7-6-4	6-8-4-10-7-5-4-6-5-9-9-1	9-3-6-3-8-4-7-7-8-2-6-7	7-4-7-5-7-7-1-7-7-7-6-4
343	8	10-10-9-9-9-10-9-9-10-9-10-10	9-9-9-9-9-10-9-7-9-9-9-9	10-8-9-9-9-9-7-10-9-9-9-9	9-7-9-9-8-7-9-5-9-9-9-5	9-7-8-9-7-8-7-7-9-9-9-7	8-8-9-7-9-9-8-9-8-8-4-8	10-9-9-8-10-8-9-9-9-9-10-9	9-8-9-8-8-9-8-9-2-9-10-7	8-7-9-8-10-9-9-9-9-10-8-9	6-7-8-7-9-9-9-9-9-7-7-9	9-9-9-9-9-10-10-6-7-8-9-8	9-8-8-8-8-9-9-9-9-9-8-4
343	9	8-8-8-8-8-8-8-8-8-8-8-8	8-8-8-8-8-8-8-10-8-8-8-10	10-9-8-8-8-8-10-8-8-8-8-8	8-8-8-8-9-9-8-5-8-8-8-5	8-7-9-8-7-9-10-9-8-8-8-9	8-8-8-9-8-8-9-8-8-8-2-10	9-8-8-9-8-8-8-8-8-8-9-8	8-9-8-9-9-8-6-8-2-8-7-7	7-7-8-9-8-8-9-8-8-8-9-8	9-9-8-7-8-8-8-8-8-7-7-8	9-8-9-8-4-8-8-7-9-9-8-9	5-4-7-9-9-8-9-8-8-8-3-4
343	10	10-8-8-8-10-8-8-10-8-8-10-8	8-8-8-8-8-8-8-9-8-10-9-9	8-10-10-8-10-10-9-8-8-10-10-10	9-10-10-10-10-10-8-10-10-10-10-5	8-7-5-10-10-10-9-10-8-10-8-9	10-10-10-10-10-7-10-10-10-10-10-10	9-10-10-10-8-10-8-8-10-8-8-8	10-10-8-8-10-8-6-8-9-8-8-7	7-10-8-10-8-8-10-8-8-8-9-8	6-10-10-10-10-10-10-8-10-10-7-10	9-8-4-8-4-8-8-10-10-10-8-10	5-10-10-8-8-10-10-8-10-10-10-3
344	0	0-0-0-0-0-0-0-0-0-0-0-0	0-0-0-0-0-0-0-0-0-0-0-0	0-0-0-0-0-0-0-0-0-0-0-0	0-0-0-0-0-0-0-0-0-0-0-0	0-0-0-0-0-0-0-0-0-0-0-0	0-0-0-0-0-0-0-0-0-0-0-0	0-0-0-0-0-0-0-0-0-0-0-0	0-0-0-0-0-0-0-0-0-0-0-0	0-0-0-0-0-0-0-0-0-0-0-0	0-0-0-0-0-0-0-0-0-0-0-0	0-0-0-0-0-0-0-0-0-0-0-0	0-0-0-0-0-0-0-0-0-0-0-0
344	1	1-1-1-1-1-1-1-1-1-1-1-1	1-0-1-1-1-1-0-0-1-1-0-0	3-1-0-0-1-0-2-0-0-1-0-1	2-0-2-2-2-2-0-2-1-0-2-0	2-0-0-2-0-1-0-2-1-1-1-0	1-0-1-1-0-0-1-1-1-1-7-1	1-1-1-0-1-1-1-0-1-1-2-1	1-1-2-1-1-0-1-1-1-0-2-0	0-0-0-1-2-1-0-2-1-1-1-1	2-1-0-0-2-2-1-1-0-0-0-1	0-1-0-0-0-0-0-0-0-1-1-1	0-1-4-1-2-0-1-0-0-0-2-1
344	2	2-2-2-2-2-2-2-2-2-2-2-2	2-2-2-1-2-2-3-3-2-2-3-2	0-3-4-4-1-5-5-3-0-5-3-3	3-3-3-1-1-4-3-1-1-2-5-0	1-2-0-1-3-2-3-3-3-2-4-3	3-4-4-3-2-0-3-1-2-2-2-2	1-2-2-2-3-2-2-2-2-2-1-3	2-1-3-3-2-2-2-3-3-2-1-0	2-5-2-2-1-2-2-3-1-2-1-2	1-2-2-3-1-1-2-2-0-3-2-1	2-2-2-0-2-2-0-2-3-3-2-2	4-2-3-3-2-2-1-2-2-3-1-2
344	3	3-3-3-3-3-3-3-3-3-3-3-3	3-3-3-1-3-3-2-2-2-2-2-4	1-2-2-5-1-2-4-2-5-2-4-4	2-2-2-2-1-2-2-1-4-4-2-0	1-0-0-3-2-5-2-2-2-3-1-2	2-2-2-2-3-0-4-3-3-3-3-4	1-3-3-4-2-3-2-4-3-3-1-2	3-7-2-4-1-3-4-2-2-4-2-0	3-3-2-2-3-2-4-2-3-3-5-2	4-2-3-3-4-2-4-3-4-2-0-3	5-4-5-0-2-2-4-4-2-2-2-2	5-4-1-2-0-3-1-3-3-2-4-3
344	4	4-4-4-4-3-4-4-4-4-3-4-3	2-5-3-1-4-5-1-4-5-5-3-3	0-4-2-5-1-2-3-6-5-2-5-3	2-2-5-1-1-2-5-1-5-3-2-0	1-0-0-5-2-3-5-4-5-2-2-0	3-2-2-2-4-2-5-5-4-4-4-3	2-5-4-3-2-3-5-5-4-4-1-6	5-3-3-3-1-7-3-5-2-3-2-0	2-3-5-2-6-2-3-7-3-4-6-2	3-1-4-5-3-7-3-4-3-2-4-4	3-5-3-4-5-6-3-3-12-2-3-2	4-3-1-2-3-6-1-3-5-4-5-5
344	5	4-5-5-6-4-5-3-4-5-3-4-5	6-4-3-5-4-4-6-2-6-4-6-3	6-6-6-6-6-2-6-6-4-2-4-6	5-6-4-5-6-6-4-6-4-3-2-5	6-0-0-6-2-3-6-6-4-6-6-5	6-6-6-2-4-7-4-4-4-4-6-5	5-4-4-2-2-4-4-6-4-4-6-6	4-6-13-6-2-5-4-4-2-4-5-0	6-2-4-2-4-5-0-6-3-5-3-7	6-2-7-5-6-5-5-4-6-2-5-6	3-2-3-6-5-7-0-3-2-6-5-2	5-5-5-5-6-4-1-0-3-5-4-4
344	6	6-6-6-6-6-6-7-6-6-7-6-6	5-7-7-5-6-7-5-7-7-7-5-7	5-6-5-5-5-2-5-5-6-6-7-7	6-5-7-5-5-5-6-5-7-6-6-5	5-0-8-5-8-7-7-5-7-5-5-5	5-5-7-2-6-5-7-6-4-6-5-6	2-7-4-0-6-3-13-5-4-4-5-5	6-5-5-5-7-7-9-6-2-3-5-0	5-6-2-2-4-6-0-5-4-5-4-7	7-2-6-5-5-7-7-4-5-2-5-5	0-4-6-5-6-5-0-8-5-5-5-6	6-5-5-5-5-4-1-0-7-5-6-4
344	7	7-6-7-6-3-6-6-6-6-7-7-6	5-6-6-7-4-6-8-7-6-6-5-7	7-8-8-8-7-8-8-8-8-7-6-6	7-7-6-5-5-8-7-5-6-6-7-8	5-8-7-7-9-6-6-6-6-7-7-8	8-8-6-7-7-9-6-7-4-4-1-7	8-6-7-2-7-7-4-6-4-6-9-5	7-3-9-6-3-8-6-6-2-7-7-7	7-7-7-8-8-7-9-8-3-7-5-5	6-2-7-7-9-4-6-4-9-9-9-1	9-8-6-10-4-7-7-7-9-5-5-2	6-5-7-5-7-4-6-13-6-7-4-4
344	8	9-11-8-9-8-8-9-9-9-8-9-9	9-9-8-7-10-9-9-8-9-9-10-9	7-8-10-9-9-9-7-9-10-9-9-8	9-7-9-9-5-7-9-5-9-10-8-7	11-7-8-10-7-8-8-8-10-9-10-7	10-7-9-8-8-7-8-11-10-8-11-9	12-10-9-8-9-8-10-9-9-10-11-10	11-8-7-8-12-10-11-9-2-8-7-8	8-7-8-8-9-9-13-9-10-10-8-10	9-9-9-13-8-12-9-10-8-10-7-8	10-10-9-7-9-11-7-11-7-9-10-8	9-11-8-13-8-9-10-9-11-8-9-8
344	9	8-8-8-8-8-8-8-8-8-8-8-8	8-8-10-10-8-8-8-9-8-10-8-8	9-9-10-8-9-8-9-8-8-8-10-9	10-7-8-10-10-10-8-5-8-8-8-9	11-7-11-11-7-8-10-10-8-8-8-9	8-9-11-8-8-7-8-8-8-8-12-8	11-8-8-12-8-8-8-8-8-8-7-8	8-10-7-10-11-8-8-8-2-7-7-7	7-7-8-10-13-8-8-8-8-8-10-11	8-8-10-8-8-8-11-4-7-7-7-10	7-8-8-7-8-10-7-8-7-8-8-11	8-5-8-8-7-8-11-8-8-8-8-10
344	10	8-8-8-8-8-8-8-8-8-8-8-8	8-8-9-9-8-8-8-13-8-9-8-13	10-11-11-9-10-8-11-11-8-8-11-11	9-10-8-9-9-9-8-8-8-8-9-11	9-11-9-9-11-9-11-11-8-8-8-9	8-9-9-10-10-13-9-8-8-8-8-10	10-8-8-11-11-8-8-11-8-8-11-8	8-9-9-9-9-11-8-8-10-7-7-10	10-11-11-11-9-8-8-8-8-8-9-8	8-8-9-8-8-8-8-8-7-11-7-9	11-8-9-7-8-9-7-8-11-11-8-2	8-8-8-10-8-8-8-7-8-10-8-9
344	11	8-8-8-8-8-8-8-8-8-8-8-8	8-12-9-9-8-8-8-10-8-9-8-10	10-10-10-9-9-10-10-10-8-10-10-10	10-10-10-9-9-9-8-5-11-8-12-10	9-10-9-9-10-11-10-10-11-8-8-9	8-9-9-10-8-10-12-8-11-11-8-10	9-8-8-10-10-8-8-10-11-8-10-12	8-9-7-9-9-10-8-8-2-8-7-7	8-10-10-10-10-8-10-10-11-9-9-9	8-10-11-13-10-8-9-8-10-10-10-9	7-8-10-7-8-8-7-8-10-10-8-8	8-8-7-10-8-8-9-8-8-12-8-13
344	12	8-13-13-13-8-13-13-13-13-13-13-13	8-11-8-9-8-13-13-12-8-13-13-13	12-11-13-12-12-13-12-12-13-12-12-12	13-12-10-12-12-12-12-12-11-10-11-12	9-10-13-9-11-11-13-13-11-12-12-12	12-9-8-13-13-10-11-12-8-11-9-13	8-8-8-11-13-12-11-12-11-12-9-11	8-9-8-9-9-10-8-8-13-8-13-12	8-10-10-8-11-12-10-8-8-8-13-8	12-8-11-8-12-8-8-12-12-12-7-9	10-8-10-7-13-9-7-8-12-8-8-9	13-5-12-12-12-8-9-8-8-11-8-11
344	13	13-13-12-12-13-8-12-12-12-12-13-13	8-11-13-9-8-12-12-10-12-13-12-12	11-13-12-9-13-13-13-13-12-13-12-13	12-13-13-12-13-13-8-5-13-13-13-10	9-7-12-13-10-13-12-12-11-13-12-9	13-13-13-12-13-10-13-13-13-13-13-12	9-13-13-13-12-13-8-13-13-12-8-12	13-9-9-13-13-10-6-8-12-12-12-7	8-10-13-13-9-13-8-8-13-8-12-6	6-13-13-8-13-8-13-12-13-13-7-13	10-8-13-8-12-8-7-8-13-13-8-13	8-13-13-8-8-13-13-7-13-13-13-11
345	0	0-0-0-0-0-0-0-0-0-0-0-0	0-0-0-0-0-0-0-0-0-0-0-0	0-0-0-0-0-0-0-0-0-0-0-0	0-0-0-0-0-0-0-0-0-0-0-0	0-0-0-0-0-0-0-0-0-0-0-0	0-0-0-0-0-0-0-0-0-0-0-0	0-0-0-0-0-0-0-0-0-0-0-0	0-0-0-0-0-0-0-0-0-0-0-0	0-0-0-0-0-0-0-0-0-0-0-0	0-0-0-0-0-0-0-0-0-0-0-0	0-0-0-0-0-0-0-0-0-0-0-0	0-0-0-0-0-0-0-0-0-0-0-0
345	1	1-1-1-1-1-1-1-1-1-1-1-1	0-2-3-0-1-2-0-0-1-1-0-0	0-1-0-0-0-0-2-0-1-2-2-1	0-0-0-0-0-0-3-0-2-3-0-0	2-0-0-0-0-2-2-0-2-0-2-0	0-0-2-0-0-0-2-1-1-1-2-0	0-2-1-0-1-1-2-0-1-1-0-2	0-2-0-0-1-0-2-0-0-0-0-0	0-0-0-0-0-4-0-0-0-1-0-2	0-0-1-4-2-0-0-2-0-0-0-1	0-1-1-0-0-0-0-0-0-0-1-1	5-1-0-0-0-0-0-0-3-0-3-2
345	2	2-1-2-2-2-2-2-2-2-2-1-2	3-1-1-2-2-1-3-3-3-1-3-3	3-3-3-2-2-2-3-2-3-1-1-2	3-2-3-3-2-2-1-0-1-1-2-6	1-8-2-2-3-1-3-3-3-6-2-2	0-2-1-2-2-3-1-2-2-1-1-2	2-1-1-3-2-2-1-2-2-2-2-1	2-1-1-1-1-3-1-0-2-2-2-3	2-2-3-2-6-1-2-2-2-0-2-1	0-0-3-2-1-2-0-1-2-3-3-2	3-2-2-4-0-2-3-3-3-0-2-2	1-0-2-2-0-0-0-4-0-3-0-1
345	3	3-3-3-3-3-3-3-3-3-3-3-3	3-1-1-4-2-4-2-2-2-1-6-2	2-2-4-4-3-4-4-2-2-4-2-3	4-2-2-2-3-4-1-6-4-1-3-2	4-2-5-6-2-3-2-4-2-3-11-3	6-2-4-3-2-2-4-4-1-1-3-1	3-3-1-2-3-3-3-4-3-3-3-5	2-3-3-3-3-2-1-4-3-2-2-2	2-2-2-3-4-1-2-5-5-3-3-3	4-3-2-6-4-4-6-1-2-2-2-3	2-3-4-2-4-2-2-2-2-3-3-3	1-3-2-3-0-0-3-0-1-2-4-1
345	4	4-4-3-4-4-4-4-4-4-4-4-4	5-4-1-3-4-6-4-4-4-5-4-4	2-2-3-3-3-8-5-2-5-5-5-3	3-5-5-3-3-3-4-3-3-4-3-2	3-2-3-3-5-3-5-5-4-4-6-3	3-5-6-6-4-2-3-3-4-4-3-4	6-4-1-4-5-4-4-3-4-5-3-7	4-3-3-5-4-4-1-3-6-2-4-2	4-2-4-4-3-1-4-3-3-4-3-3	3-4-4-5-3-3-4-3-2-2-2-3	4-4-4-2-4-4-2-4-4-5-5-4	1-4-4-6-4-4-4-2-1-2-3-1
345	5	5-5-5-5-6-5-5-5-5-4-4-5	6-7-6-3-4-7-4-6-4-4-4-4	2-5-4-3-3-4-6-6-4-4-6-6	4-4-6-3-3-3-5-3-3-5-4-2	3-2-3-3-4-6-4-4-4-3-4-4	3-4-4-4-2-2-4-5-4-5-5-5	3-3-5-4-4-5-7-4-5-5-3-6	6-3-4-6-3-2-5-4-4-5-4-2	8-2-4-4-5-4-4-3-3-6-6-5	4-3-5-5-6-4-4-8-4-2-2-3	7-5-6-2-4-4-2-4-4-4-6-4	1-4-2-4-4-10-4-0-7-2-5-1
345	6	6-5-6-6-5-7-7-6-5-6-7-5	5-5-6-3-7-5-4-5-4-4-7-8	7-6-7-3-7-4-7-5-7-4-7-7	7-7-7-6-3-4-7-3-7-6-7-2	3-2-3-3-4-5-7-7-7-3-4-4	3-4-4-4-6-2-7-7-6-6-6-5	4-3-7-2-4-6-7-7-6-6-3-4	5-3-3-5-6-2-7-6-4-5-4-2	4-2-5-4-2-4-7-7-7-5-5-4	5-3-5-7-7-6-7-6-7-2-2-3	7-5-7-7-7-9-2-4-4-7-5-4	8-4-3-4-0-5-3-0-7-2-7-7
345	7	6-5-5-6-7-6-6-6-5-6-6-5	6-5-6-8-5-5-8-6-7-6-8-8	6-7-8-7-8-4-8-8-8-6-6-6	8-8-6-8-8-8-6-8-6-6-6-2	8-2-11-8-4-5-6-8-6-8-8-8	8-7-8-4-7-11-6-6-6-6-8-8	8-6-6-8-4-7-6-6-6-6-8-9	4-8-4-8-4-7-6-7-4-2-8-2	8-2-11-4-7-7-6-8-6-8-7-5	8-4-7-7-8-6-7-6-7-2-8-7	8-4-6-6-6-8-2-7-8-6-7-4	6-7-7-7-11-7-3-0-5-2-6-6
345	8	8-7-8-8-7-8-8-8-8-8-8-8	5-5-8-7-8-5-7-6-7-4-7-6	11-8-7-7-7-4-7-7-7-9-5-7	7-7-7-7-7-7-6-7-6-6-9-2	7-2-7-7-9-8-7-7-9-8-7-7	7-8-9-8-8-7-9-8-6-8-7-7	7-8-8-7-8-8-9-8-5-8-7-8	5-7-7-7-8-7-8-7-4-8-7-2	7-2-4-4-9-8-2-7-7-7-5-8	7-7-7-7-7-6-7-6-7-2-7-8	7-4-11-6-10-7-2-7-7-4-7-4	8-7-7-7-7-7-8-0-8-2-8-4
345	9	10-11-10-10-10-11-10-10-11-11-11-11	10-11-10-10-10-10-10-10-10-10-10-10	9-10-10-9-9-10-9-9-10-8-9-9	9-9-9-9-9-9-10-10-9-10-10-10	10-10-10-9-10-8-9-9-8-9-9-9	9-10-8-9-10-7-8-10-6-9-10-10	10-10-9-10-9-10-10-10-10-9-11-7	9-10-10-8-10-9-8-8-10-8-10-9	9-11-10-8-10-9-10-10-10-11-10-10	9-9-7-11-10-10-10-10-10-10-10-10	11-5-10-6-11-6-10-9-10-9-7-4	10-10-9-11-9-10-10-10-9-10-8-9
345	10	9-10-11-9-9-9-9-9-9-9-9-9	9-11-9-9-9-9-9-9-9-9-9-9	10-9-11-11-10-9-10-10-9-9-9-10	10-10-10-10-10-10-9-9-10-9-9-9	9-9-9-9-9-10-11-10-9-11-9-10	10-9-9-9-9-9-8-9-9-9-9-11	9-9-9-9-11-9-9-9-9-10-9-9	9-9-9-10-9-9-9-9-9-9-9-9	11-9-9-9-9-9-9-9-9-9-9-9	9-9-10-7-9-9-9-9-9-9-9-9	9-5-9-9-9-6-9-9-9-9-9-9	11-9-10-9-9-9-9-9-9-9-10-9
345	11	11-11-10-9-11-9-9-11-9-9-9-11	9-10-9-9-9-9-10-9-10-11-10-9	9-11-10-10-11-11-11-11-9-11-10-10	10-11-10-11-11-11-9-11-8-11-11-2	11-9-11-11-9-11-10-10-6-11-3-7	11-11-11-10-11-7-11-11-11-11-11-10	9-11-11-11-10-11-11-9-11-11-9-10	11-11-10-11-11-9-8-7-4-10-9-2	10-11-11-11-10-11-9-9-11-9-10-9	9-9-11-11-11-10-11-9-9-11-9-11	9-11-6-6-9-9-9-9-11-9-11-4	10-11-11-9-7-11-11-9-9-11-11-11
346	0	0-0-0-0-0-0-0-0-0-0-0-0	0-0-0-0-0-0-0-0-0-0-0-0	0-0-0-0-0-0-0-0-0-0-0-0	0-0-0-0-0-0-0-0-0-0-0-0	0-0-0-0-0-0-0-0-0-0-0-0	0-0-0-0-0-0-0-0-0-0-0-0	0-0-0-0-0-0-0-0-0-0-0-0	0-0-0-0-0-0-0-0-0-0-0-0	0-0-0-0-0-0-0-0-0-0-0-0	0-0-0-0-0-0-0-0-0-0-0-0	0-0-0-0-0-0-0-0-0-0-0-0	0-0-0-0-0-0-0-0-0-0-0-0
346	1	1-1-1-0-0-1-0-0-1-1-1-0	1-0-0-0-0-1-0-0-1-0-1-0	0-2-0-0-0-0-2-0-0-0-0-0	0-2-0-0-0-0-0-0-0-0-0-0	0-0-5-0-2-0-2-0-0-1-0-0	0-0-0-2-0-0-0-0-0-0-0-2	5-0-0-1-1-0-0-2-1-0-0-0	1-0-0-0-0-9-0-1-1-1-0-0	0-0-0-2-2-0-1-2-0-0-1-0	0-1-1-0-0-0-0-0-2-2-2-0	1-0-0-1-0-1-6-0-5-1-0-0	1-0-1-1-3-0-0-0-1-1-1-0
346	2	1-2-2-2-2-2-2-2-2-2-2-2	2-2-0-2-1-3-3-3-1-2-1-3	5-3-3-3-4-3-3-3-0-3-4-3	3-1-4-3-3-3-0-6-3-0-3-0	3-0-1-3-1-2-1-2-2-5-13-3	5-0-2-2-2-5-3-3-0-0-2-1	2-0-0-0-1-0-2-3-2-2-3-0	2-2-3-2-2-1-2-3-1-1-3-0	0-0-0-1-9-0-1-1-4-2-3-2	0-2-1-0-3-3-5-2-1-1-1-3	1-2-0-0-0-1-1-1-1-1-1-0	1-2-5-1-1-0-2-0-0-1-1-0
346	3	3-3-2-3-3-3-3-3-3-4-3-3	4-3-3-2-3-2-6-4-4-4-5-3	2-4-2-2-2-4-2-2-5-4-3-2	5-4-4-2-2-2-4-2-2-3-2-0	2-0-2-2-5-4-4-4-3-3-5-4	2-4-5-3-3-0-4-4-3-3-3-3	1-3-3-3-4-3-4-4-3-3-4-7	3-2-4-4-3-6-3-2-7-3-3-3	3-5-3-3-2-0-4-4-0-3-2-4	4-3-3-4-4-2-4-4-1-4-1-2	4-7-4-1-3-3-3-4-3-4-3-3	3-3-4-3-3-3-3-0-4-3-2-5
346	4	4-4-4-4-3-4-4-4-4-7-4-4	3-4-4-2-5-5-3-3-3-3-5-5	2-4-5-2-2-3-5-5-5-3-5-4	3-3-5-2-2-2-3-2-5-4-2-0	2-0-0-4-3-5-3-3-3-4-3-3	3-3-3-3-3-2-5-3-3-4-4-5	1-4-4-11-3-4-4-5-3-4-3-3	4-2-3-3-3-4-4-3-3-7-3-3	4-4-3-3-1-4-3-3-5-5-2-3	3-3-4-5-5-3-3-3-1-3-6-5	3-3-5-4-3-6-5-3-3-3-5-3	4-5-2-3-6-3-3-0-4-4-4-4
346	5	4-5-4-5-5-4-5-5-5-4-5-4	6-7-4-2-4-7-6-4-4-3-4-4	2-5-4-7-2-7-6-4-7-5-6-5	3-6-6-2-3-3-5-2-4-5-3-0	2-0-1-5-3-4-6-5-3-3-3-3	2-3-3-3-5-2-4-6-5-5-5-4	1-4-5-0-3-3-7-4-5-5-6-3	4-2-6-6-5-4-5-3-3-5-3-3	6-6-3-4-5-5-1-1-4-8-6-3	4-4-5-4-4-10-6-5-6-3-1-4	3-3-4-5-3-6-4-3-3-3-4-4	9-4-2-1-4-4-3-0-5-7-5-3
346	6	6-6-5-6-6-7-6-6-7-4-8-6	7-7-5-2-4-5-5-5-8-7-7-7	2-6-6-5-2-8-5-8-7-7-7-6	6-7-7-6-3-3-7-2-7-7-7-0	2-0-7-7-3-5-5-5-7-3-8-6	5-3-3-3-6-3-7-5-5-5-6-4	1-7-6-0-3-6-7-7-5-6-5-3	4-5-5-5-5-6-7-6-3-5-3-6	5-5-3-3-6-6-1-5-5-6-5-7	9-3-8-4-7-13-5-5-5-1-5-5	1-6-9-5-7-5-1-3-3-3-3-3	7-3-2-1-4-6-5-11-8-3-7-6
346	7	6-5-8-5-6-6-5-8-6-4-6-5	6-5-5-8-4-5-8-6-6-6-8-6	8-8-8-8-8-3-8-6-6-6-6-7	8-8-8-7-8-8-6-2-6-6-6-0	2-0-6-8-3-4-8-8-6-8-8-8	5-8-8-7-7-8-6-5-5-5-5-7	2-6-9-1-8-7-6-8-5-7-7-3	7-7-3-8-10-8-6-8-3-4-7-3	8-3-13-3-7-5-1-7-5-5-9-6	8-8-4-6-8-8-6-5-1-0-8-7	8-3-6-5-6-7-4-11-3-8-7-3	6-4-7-8-7-3-8-0-6-5-6-6
346	8	8-8-9-8-8-8-6-7-9-8-8-8	9-6-9-7-9-9-7-9-6-8-7-7	7-7-7-7-7-9-7-6-9-8-9-7	7-7-7-7-7-7-6-7-9-9-8-0	7-0-10-7-3-9-7-7-9-7-9-7	9-7-9-8-8-7-9-8-8-8-11-7	1-8-8-9-13-8-8-7-8-8-7-3	8-9-9-7-9-7-9-7-3-8-7-3	7-8-3-3-7-8-1-7-9-5-7-9	7-7-6-8-7-7-7-5-1-8-7-7	7-3-6-8-13-7-1-3-3-7-7-3	6-7-7-7-7-3-7-0-6-8-6-12
346	9	8-8-8-9-9-10-8-13-10-9-8-8	8-8-8-10-9-8-10-8-6-8-10-9	11-9-10-7-9-9-10-9-9-8-8-9	9-9-10-7-7-9-8-2-8-8-9-10	11-10-9-7-9-8-8-9-8-8-8-10	9-9-8-9-8-13-8-8-8-8-0-8	9-8-7-10-9-7-6-9-10-7-9-9	3-8-8-7-8-10-8-7-3-9-9-9	9-9-8-10-10-0-9-10-8-2-7-8	9-3-7-9-11-7-6-8-9-10-9-7	10-9-6-11-3-9-9-9-9-7-7-3	5-3-9-9-9-8-7-9-6-9-6-8
346	10	12-11-11-11-11-11-11-11-12-13-11-13	11-11-11-11-11-13-11-11-11-11-11-11	10-9-11-12-11-9-9-11-11-11-11-11	11-9-12-11-7-9-11-11-12-11-11-9	12-9-12-12-10-10-10-10-11-10-11-12	12-11-11-10-8-12-12-12-12-10-12-11	11-12-10-12-12-10-12-12-11-11-12-12	11-13-12-11-8-11-10-11-3-11-9-9	10-9-10-10-13-11-13-11-11-12-11-11	12-7-10-11-12-11-11-12-9-9-9-12	9-12-6-9-11-12-9-13-9-10-11-11	8-10-11-10-11-11-11-11-12-10-6-11
346	11	10-10-10-10-10-10-10-10-10-10-10-10	10-10-10-10-10-10-10-10-10-10-10-10	9-10-10-10-10-10-12-10-10-10-10-10	10-10-10-10-12-12-10-10-10-10-10-9	10-9-10-10-9-10-10-12-10-10-10-12	10-10-10-11-8-9-10-10-10-10-8-10	10-10-10-10-10-11-10-12-10-10-10-10	10-11-10-10-12-10-10-10-3-10-11-9	9-9-3-10-12-10-10-10-10-10-10-10	10-11-12-10-9-10-10-10-11-9-9-10	9-10-10-9-10-7-9-7-10-12-10-10	6-10-10-12-11-10-10-10-10-10-10-8
346	12	10-10-10-10-10-10-10-10-10-10-10-10	10-10-10-13-10-10-10-13-10-10-13-13	12-13-10-10-12-10-11-12-10-10-12-12	13-12-10-11-11-11-10-10-10-10-10-12	10-10-10-10-12-12-13-11-10-12-10-12	10-10-10-12-8-13-10-10-12-10-10-12	10-10-10-10-10-12-10-11-12-10-10-10	12-8-10-10-11-13-10-10-10-12-12-12	13-12-3-11-11-10-10-10-10-10-7-10	10-11-11-10-10-10-10-10-9-12-12-10	10-10-6-13-10-12-12-12-12-11-10-12	5-10-12-12-12-10-10-12-10-12-6-8
346	13	13-13-13-10-13-10-10-13-10-10-13-10	10-10-10-12-10-10-12-12-10-13-12-12	9-12-13-10-13-13-13-13-10-13-12-13	12-13-10-13-13-13-10-13-10-13-13-9	10-9-13-13-12-13-12-12-10-13-11-12	13-13-13-10-13-9-10-13-13-13-13-11	10-13-13-13-8-13-10-12-13-10-10-10	13-13-10-13-13-12-4-10-11-13-10-12	12-13-7-13-10-10-13-10-13-10-11-10	7-13-13-10-13-10-13-10-13-13-9-13	9-10-6-9-10-12-12-10-13-10-10-13	6-10-12-10-10-13-13-12-13-13-13-10
347	0	0-0-0-0-0-0-0-0-0-0-0-0	0-0-0-0-0-0-0-0-0-0-0-0	0-0-0-0-0-0-0-0-0-0-0-0	0-0-0-0-0-0-0-0-0-0-0-0	0-0-0-0-0-0-0-0-0-0-0-0	0-0-0-0-0-0-0-0-0-0-0-0	0-0-0-0-0-0-0-0-0-0-0-0	0-0-0-0-0-0-0-0-0-0-0-0	0-0-0-0-0-0-0-0-0-0-0-0	0-0-0-0-0-0-0-0-0-0-0-0	0-0-0-0-0-0-0-0-0-0-0-0	0-0-0-0-0-0-0-0-0-0-0-0
347	1	1-1-1-2-1-2-0-1-2-1-2-1	2-0-0-0-2-0-2-1-2-2-1-0	1-0-2-1-1-1-1-0-2-0-2-1	2-2-0-1-0-0-0-0-0-0-0-1	0-0-4-0-0-1-1-1-0-1-1-1	1-5-1-3-1-0-0-1-2-0-0-2	1-1-1-1-1-2-0-2-0-1-3-0	1-1-0-1-1-2-1-1-1-1-1-1	1-2-0-1-5-1-1-1-2-1-1-0	0-0-0-0-0-0-4-1-3-3-1-0	4-0-0-1-1-2-2-0-0-1-1-1	0-0-0-1-0-4-1-1-1-1-1-0
347	2	1-1-3-1-1-1-2-2-1-1-1-2	1-2-1-2-1-2-1-2-1-1-1-3	4-3-3-3-3-3-3-3-1-2-3-3	3-3-1-2-2-3-0-8-2-0-3-4	2-0-8-3-3-2-3-3-2-2-2-2	2-0-2-2-2-2-2-3-1-0-2-3	2-2-2-0-2-1-2-1-0-2-3-2	2-2-3-2-2-1-0-2-2-2-3-1	1-1-0-2-3-2-0-2-1-4-3-2	3-2-2-0-3-3-2-0-2-1-2-2	2-2-0-0-5-1-1-0-0-2-2-2	0-2-2-0-2-2-2-1-2-2-3-8
347	3	6-3-2-3-3-3-3-3-3-3-3-3	4-3-1-2-3-2-1-4-3-4-1-2	9-2-2-2-2-4-2-2-1-2-2-2	2-4-4-4-2-2-4-2-2-3-2-2	2-3-1-2-5-2-4-4-3-3-5-2	2-4-5-1-3-5-4-2-3-3-9-3	2-2-6-3-4-1-3-4-3-4-4-9	3-2-2-4-2-1-4-8-9-6-2-3	3-1-3-3-2-5-3-4-1-3-2-4	2-9-3-0-2-2-3-3-2-1-3-2	3-3-3-0-3-3-2-3-3-4-2-3	0-3-2-3-3-3-2-0-2-2-2-4
347	4	4-4-4-4-4-4-4-4-4-4-4-4	3-5-4-2-3-3-1-3-3-3-1-3	2-3-2-2-2-3-5-3-1-3-5-5	3-3-3-3-2-2-3-2-5-4-3-2	2-0-1-2-3-5-3-3-3-3-3-2	3-3-3-3-3-2-5-4-3-4-2-4	2-2-4-1-3-4-4-5-4-5-3-4	4-2-3-3-4-1-3-3-3-4-1-6	3-1-5-3-4-3-1-5-5-4-6-3	5-3-4-5-3-3-1-4-2-1-2-2	5-2-0-4-0-7-2-12-3-3-5-3	4-3-2-5-4-1-2-1-4-6-4-3
347	5	5-5-4-5-5-6-5-5-5-5-6-4	7-6-4-2-6-5-1-7-3-3-1-6	2-5-2-2-2-8-6-2-6-2-6-4	3-6-4-2-2-3-6-2-6-6-3-2	2-0-1-8-3-4-6-5-6-3-3-2	2-1-3-3-5-2-6-3-5-5-8-3	2-2-5-0-3-1-6-6-5-5-2-3	4-4-3-4-2-1-5-3-3-5-3-5	5-1-4-3-1-3-1-4-4-5-4-6	4-2-5-4-6-6-8-6-5-1-6-2	4-5-9-5-6-1-2-6-3-3-6-4	9-3-2-4-2-5-2-7-5-4-9-6
347	6	5-6-7-7-5-7-6-6-5-10-5-5	7-5-4-2-5-7-7-8-7-3-7-7	2-7-7-7-7-7-7-6-5-3-5-6	7-7-6-7-7-7-7-7-5-5-5-2	7-3-1-7-3-4-7-7-5-7-8-7	7-7-3-6-6-12-5-7-3-5-6-7	11-2-5-6-7-6-5-5-3-8-7-3	3-7-4-7-3-1-5-7-3-7-6-4	7-1-5-3-6-6-7-6-5-5-4-5	6-7-6-9-7-5-6-5-6-1-7-2	5-3-6-4-6-6-2-5-6-6-6-3	5-6-6-6-6-6-2-6-5-6-5-6
347	7	7-9-6-7-8-6-7-6-7-8-6-7	6-8-4-2-7-8-6-6-6-9-6-6	12-6-6-6-6-6-6-7-8-9-8-6	6-6-6-6-6-6-6-2-8-8-8-2	6-7-1-6-3-8-8-6-8-6-6-6	8-6-3-6-8-2-8-7-7-7-6-6	6-8-7-7-6-7-6-7-5-6-6-7	4-6-8-6-7-7-9-10-3-7-6-5	6-7-3-3-7-6-10-6-7-5-7-8	7-6-7-4-6-5-6-5-2-1-6-8	7-3-6-4-3-4-7-5-6-6-8-3	7-3-6-6-6-6-2-5-8-6-8-7
347	8	7-7-7-8-8-8-8-12-7-8-5-7	6-7-4-2-7-7-9-6-9-9-6-10	8-8-10-6-6-8-6-11-8-7-7-8	9-8-9-6-6-6-8-2-7-7-7-12	2-9-2-5-10-7-9-8-7-8-6-6	7-6-3-8-8-12-7-8-7-7-5-6	12-7-7-10-8-9-5-8-8-6-6-8	10-7-9-6-2-10-7-3-3-9-9-9	8-8-3-3-9-8-8-9-10-5-9-7	9-3-8-7-7-2-6-7-8-9-9-7	9-2-6-9-5-11-9-10-9-6-6-3	7-6-8-6-8-6-2-8-7-9-8-7
347	9	8-7-10-12-10-10-12-12-9-8-12-9	6-7-5-11-10-9-8-10-12-8-11-9	10-9-10-10-10-11-10-8-10-11-8-10	10-9-8-6-10-10-9-11-9-10-11-8	10-8-9-11-10-9-10-10-9-9-11-6	11-10-11-9-8-10-10-9-7-5-3-10	11-10-4-8-8-8-5-10-3-6-10-10	8-9-8-10-9-8-7-11-3-8-8-8	8-8-10-10-8-11-8-8-8-5-8-7	8-3-8-10-11-11-10-5-10-8-8-11	8-3-6-4-11-8-8-1-8-6-9-9	5-10-8-6-6-6-9-1-7-8-5-11
347	10	7-11-10-10-11-11-10-10-11-10-10-10	6-7-11-9-9-9-8-9-12-11-6-11	9-9-9-9-9-9-9-9-9-9-11-9	9-8-9-9-9-9-12-9-9-11-9-8	9-8-9-9-8-9-9-9-10-10-9-6	9-9-9-8-10-9-9-9-10-10-8-9	9-9-10-8-11-8-11-9-10-6-9-9	8-9-9-9-9-8-7-10-9-10-8-8	8-8-9-9-10-9-8-11-8-10-8-11	11-6-7-9-9-9-9-11-9-8-8-10	8-10-10-12-10-8-8-8-8-9-9-9	10-9-8-6-6-6-9-5-10-11-11-10
347	11	11-10-9-10-10-10-10-11-10-10-11-11	12-7-10-9-7-12-8-10-12-10-12-10	11-9-9-9-9-9-10-8-9-9-10-9	11-8-11-6-9-9-10-9-10-10-9-11	9-8-12-9-11-9-12-9-10-8-9-11	9-9-9-9-11-11-12-11-10-10-2-11	12-9-8-11-12-8-10-10-11-6-11-12	8-9-8-9-9-11-7-11-11-8-11-8	8-8-12-9-11-9-11-11-11-5-8-11	12-11-11-10-9-9-11-10-11-8-8-9	11-9-6-10-10-8-8-8-11-11-9-9	11-6-11-11-11-6-9-11-4-10-10-7
347	12	12-12-12-12-12-12-9-12-12-12-12-12	6-10-12-9-12-12-9-9-10-12-11-9	8-12-12-9-12-12-12-12-9-12-12-12	11-12-12-11-12-12-10-9-12-12-12-8	9-8-11-12-12-12-11-12-10-12-2-6	12-12-9-12-12-8-11-12-12-12-12-11	11-12-12-12-11-12-12-11-12-12-12-11	12-12-9-11-12-9-7-11-11-11-11-8	8-12-11-12-2-12-12-5-12-5-9-10	11-12-12-12-12-12-12-10-11-12-10-12	11-12-0-10-10-8-8-12-12-12-12-12	11-12-12-11-9-12-12-8-12-12-12-0
348	0	0-0-0-0-0-0-0-0-0-0-0-0	0-0-0-0-0-0-0-0-0-0-0-0	0-0-0-0-0-0-0-0-0-0-0-0	0-0-0-0-0-0-0-0-0-0-0-0	0-0-0-0-0-0-0-0-0-0-0-0	0-0-0-0-0-0-0-0-0-0-0-0	0-0-0-0-0-0-0-0-0-0-0-0	0-0-0-0-0-0-0-0-0-0-0-0	0-0-0-0-0-0-0-0-0-0-0-0	0-0-0-0-0-0-0-0-0-0-0-0	0-0-0-0-0-0-0-0-0-0-0-0	0-0-0-0-0-0-0-0-0-0-0-0
348	1	1-1-1-1-1-1-1-1-1-1-1-1	2-1-2-1-2-2-2-1-2-2-1-2	1-3-0-1-1-0-1-1-2-2-1-1	2-1-0-2-1-0-2-3-2-1-1-1	2-1-0-1-2-1-1-1-0-1-1-1	1-1-2-1-1-4-0-3-1-1-1-0	1-1-2-1-1-1-2-2-1-1-1-2	1-1-1-1-1-0-3-1-1-2-1-2	1-2-1-1-2-3-1-1-3-1-1-1	1-1-1-2-2-1-1-1-0-1-1-1	1-2-2-3-1-2-2-1-1-1-2-1	1-1-1-0-2-2-0-1-2-1-2-1
348	2	1-1-1-1-1-1-1-1-1-1-1-1	1-1-1-1-1-1-1-1-1-1-1-1	7-3-3-1-4-3-3-3-1-2-3-3	3-1-1-5-2-2-1-6-2-1-3-5	4-1-3-4-1-3-2-2-2-1-1-2	1-0-2-1-1-1-2-1-1-1-2-3	2-2-1-0-2-0-1-1-1-2-2-1	1-4-3-2-2-0-1-3-2-1-1-1	1-1-1-2-1-1-0-2-1-2-2-2	1-2-1-1-1-3-1-1-5-1-1-3	1-1-1-1-1-1-1-1-0-2-1-2	1-2-2-0-1-1-2-1-1-2-1-1
348	3	1-1-1-1-1-1-1-1-3-1-1-3	1-1-1-1-1-1-4-4-1-4-2-4	2-4-2-1-2-4-2-4-1-3-2-2	5-4-4-4-2-5-1-2-2-3-2-2	2-3-2-2-4-2-4-4-3-3-1-2	1-5-5-1-3-1-4-1-3-3-14-5	3-3-3-3-4-3-4-4-3-4-2-6	3-2-2-4-3-0-1-5-9-3-5-1	3-8-3-4-2-1-3-4-1-3-2-2	4-8-3-1-3-2-3-1-3-4-3-2	5-4-3-1-3-3-3-3-3-4-1-3	0-3-3-5-3-3-3-3-1-4-1-1
348	4	4-4-4-4-4-4-4-4-4-1-1-4	1-8-5-1-1-1-3-5-1-3-1-5	2-4-1-2-2-3-5-6-1-6-5-5	3-3-3-3-2-3-5-2-5-5-6-2	2-1-0-2-3-6-3-3-3-7-1-2	1-3-3-1-3-1-5-1-3-4-1-3	0-2-5-3-3-4-3-5-4-4-2-3	5-2-2-3-2-1-4-2-5-5-1-1	4-3-3-3-4-1-1-3-1-2-5-1	3-3-4-6-3-4-5-1-3-3-3-5	3-3-1-1-5-4-3-3-3-5-3-5	7-3-2-3-1-3-2-1-8-3-4-1
348	5	5-1-5-5-5-5-5-5-6-5-1-5	1-8-4-1-8-6-1-7-1-3-2-4	2-5-2-4-6-3-4-5-6-5-6-4	3-4-6-6-3-3-5-2-6-4-4-2	2-1-0-2-3-4-5-5-6-1-1-2	2-3-3-1-5-1-6-1-5-5-5-3	0-2-4-0-3-5-5-4-5-5-2-3	4-2-1-4-3-1-7-3-4-4-3-1	1-3-4-3-5-1-1-3-4-5-4-6	3-3-5-4-5-5-4-6-3-1-7-2	3-3-6-1-4-3-1-3-3-4-3-4	0-3-2-3-3-5-4-4-4-4-6-1
348	6	5-4-5-7-6-7-6-8-5-6-6-5	1-5-4-7-5-6-1-6-7-8-6-7	2-6-7-7-5-7-7-7-5-4-5-6	7-4-5-7-6-3-6-2-5-5-4-7	7-1-2-9-3-4-7-5-5-6-7-2	10-0-7-1-5-1-5-6-5-6-10-7	0-6-4-0-3-4-5-8-5-5-2-3	4-6-2-7-6-0-5-2-3-4-3-1	5-3-3-6-8-6-0-7-8-7-6-6	1-3-6-4-6-16-6-5-3-0-3-2	6-8-5-1-5-7-7-3-3-3-8-3	7-6-6-0-3-6-6-6-4-6-5-1
348	7	7-8-5-7-7-6-5-7-5-9-7-6	1-6-4-6-5-6-9-5-6-6-8-6	2-7-9-9-8-9-8-9-9-8-8-8	6-5-8-8-9-5-6-9-8-8-8-2	6-4-2-8-3-4-8-5-8-10-6-7	3-4-8-9-8-1-5-6-7-8-5-7	8-8-7-3-3-8-7-6-7-9-2-8	1-7-9-6-6-0-5-2-3-7-3-1	3-3-3-3-8-6-3-6-6-6-7-6	7-3-6-4-8-6-8-10-7-0-3-7	3-6-6-1-5-6-7-3-3-3-6-3	6-3-6-6-6-6-8-6-4-6-5-1
348	8	7-7-9-9-9-8-5-9-8-7-8-9	10-5-4-10-5-6-10-10-9-6-9-6	8-8-9-7-7-3-7-7-9-7-9-7	9-9-7-7-7-9-8-8-7-7-7-9	10-10-8-7-9-4-9-9-6-8-9-9	1-10-7-7-7-9-4-6-7-7-5-9	2-7-7-8-3-7-5-9-7-8-9-8	1-7-7-9-6-9-5-11-3-6-9-8	8-3-3-9-8-6-16-9-6-6-8-6	7-3-14-6-9-6-10-1-9-9-9-8	9-6-3-1-7-12-9-6-3-8-6-3	6-6-14-9-9-6-7-1-4-9-5-1
348	9	10-9-8-12-9-9-9-9-8-9-7-9	10-11-10-8-10-6-7-8-8-10-8-10	8-8-8-7-7-9-10-7-8-9-10-10	8-8-10-8-7-8-10-7-10-10-9-8	8-8-8-7-8-11-8-8-10-7-10-8	8-8-11-7-9-8-12-10-5-9-8-9	12-11-9-0-11-9-11-10-7-11-8-9	11-11-7-10-6-8-9-10-3-9-8-1	8-9-10-8-5-9-0-10-10-14-10-11	10-10-9-9-8-10-8-7-8-8-8-10	8-6-14-1-1-6-8-12-3-3-6-9	12-8-6-8-8-10-7-9-9-8-5-11
348	10	10-16-10-10-9-10-10-10-11-12-10-8	12-9-12-8-9-10-8-8-8-9-8-9	16-10-8-7-7-11-11-11-13-12-11-9	10-11-9-12-7-8-9-7-11-9-9-8	8-8-8-13-8-9-11-10-11-7-9-8	6-12-9-7-11-8-11-9-10-10-6-9	0-7-10-0-9-7-10-9-7-13-8-12	10-9-7-9-10-8-9-12-3-13-8-1	1-9-9-7-10-6-0-9-9-10-9-9	9-9-12-6-9-9-11-12-9-8-8-9	3-6-9-11-13-10-9-12-8-9-6-4	12-3-6-8-8-8-7-9-11-8-12-9
348	11	10-11-11-11-11-10-9-10-10-13-16-13	12-9-9-8-14-12-11-13-14-15-12-13	12-10-12-8-11-12-10-14-15-13-10-10	12-12-12-10-7-11-13-15-10-12-10-12	2-14-12-10-14-9-12-12-10-7-11-11	13-14-9-11-11-8-10-11-10-10-1-12	13-9-9-13-9-14-9-9-7-9-11-11	9-9-14-9-6-12-9-8-15-11-13-8	12-11-11-3-8-6-12-11-6-11-9-9	14-3-6-11-11-6-10-10-14-11-11-8	14-6-11-10-10-16-11-14-13-11-6-11	11-11-11-11-14-11-7-11-10-11-9-9
348	12	12-12-8-9-16-10-9-13-12-10-10-16	10-9-10-15-11-11-13-13-11-14-13-13	11-11-11-13-13-11-13-10-11-10-8-13	11-11-11-13-13-13-11-13-10-11-12-11	13-11-11-10-11-12-13-13-11-13-14-13	11-13-9-14-10-8-9-13-10-10-4-13	15-13-9-11-13-11-9-11-7-15-11-10	12-12-13-13-13-11-9-14-3-11-8-8	11-11-11-13-10-15-11-11-6-14-13-9	11-13-6-11-11-15-10-10-11-11-11-15	11-6-11-12-11-12-11-11-11-11-6-12	9-6-11-11-11-1-13-1-10-9-5-9
348	13	13-13-13-13-14-13-13-13-13-13-13-13	10-15-13-12-14-11-12-12-11-9-12-12	16-13-12-12-12-13-12-11-11-14-14-12	12-13-13-12-12-12-11-7-15-14-14-11	12-11-11-10-12-14-12-12-10-12-12-12	11-11-12-12-13-8-14-15-15-13-14-13	12-14-9-11-14-13-14-12-13-13-11-15	9-12-11-12-12-11-9-12-3-15-11-8	11-11-14-12-13-14-11-11-15-13-12-14	11-12-9-14-12-7-10-10-11-11-11-12	13-13-16-10-10-11-11-11-11-11-6-13	9-8-11-11-8-9-12-9-1-13-15-9
348	14	13-16-16-13-13-16-13-16-13-16-14-16	14-13-14-15-13-11-16-15-11-13-16-15	14-14-16-15-13-13-15-11-14-13-13-14	15-13-11-15-15-15-11-15-15-13-13-11	14-11-15-10-11-13-15-15-13-12-15-14	11-11-15-12-13-8-13-12-13-13-13-14	16-15-9-11-13-11-13-13-7-13-11-14	14-14-11-15-14-11-9-12-11-11-8-8	11-11-13-14-15-13-11-13-6-9-15-9	11-14-15-13-11-15-14-10-11-11-14-12	11-13-9-10-10-11-11-11-11-14-6-11	11-13-11-11-11-1-14-1-4-13-13-9
348	15	15-16-16-15-15-15-16-16-16-16-15-16	16-13-13-14-15-11-14-14-11-11-14-16	15-15-14-14-15-15-14-15-15-15-14-15	14-15-11-14-14-14-11-11-14-13-14-11	14-11-14-10-15-14-14-14-13-15-14-14	16-15-14-15-15-16-14-13-13-13-1-15	14-14-13-15-15-15-13-16-13-13-11-13	15-14-14-14-12-16-13-12-11-13-15-15	15-15-13-14-14-12-15-13-6-12-14-9	9-16-14-15-11-14-11-10-11-15-15-12	15-13-15-15-15-15-15-11-15-15-6-15	15-11-15-11-15-1-14-15-4-15-13-9
348	16	16-16-16-16-16-16-15-16-16-16-16-16	15-13-16-14-16-15-14-14-14-16-14-15	13-15-16-14-16-16-16-16-15-16-16-16	16-16-13-16-16-16-11-16-14-16-16-11	16-11-16-16-15-16-15-16-10-16-8-8	16-16-16-16-16-15-16-16-16-16-16-16	14-16-16-16-13-16-13-15-16-16-15-14	16-16-14-16-16-15-9-14-11-16-8-15	3-16-16-16-14-16-16-14-16-16-14-9	11-16-16-16-16-6-16-9-16-16-16-16	15-16-16-16-13-11-15-16-16-16-16-16	16-16-16-11-16-16-16-11-16-16-16-1
349	0	0-0-0-0-0-0-0-0-0-0-0-0	0-0-0-0-0-0-0-0-0-0-0-0	0-0-0-0-0-0-0-0-0-0-0-0	0-0-0-0-0-0-0-0-0-0-0-0	0-0-0-0-0-0-0-0-0-0-0-0	0-0-0-0-0-0-0-0-0-0-0-0	0-0-0-0-0-0-0-0-0-0-0-0	0-0-0-0-0-0-0-0-0-0-0-0	0-0-0-0-0-0-0-0-0-0-0-0	0-0-0-0-0-0-0-0-0-0-0-0	0-0-0-0-0-0-0-0-0-0-0-0	0-0-0-0-0-0-0-0-0-0-0-0
349	1	1-1-1-1-1-1-1-1-1-1-1-1	1-1-0-1-1-1-1-0-1-1-1-0	1-1-2-2-1-2-2-2-1-1-1-1	2-0-0-2-2-2-0-2-1-0-2-0	2-0-2-1-0-1-2-2-1-1-1-4	1-0-1-1-0-3-1-1-1-1-8-1	1-1-1-0-1-1-1-0-1-1-1-3	1-1-2-1-1-0-1-1-1-1-2-0	0-0-1-1-2-1-0-2-0-3-1-1	2-1-0-4-2-2-1-1-0-0-0-1	0-1-1-0-0-0-0-0-0-1-1-1	0-1-1-1-0-0-1-0-0-0-2-1
349	2	2-2-2-2-2-2-2-2-2-2-2-2	3-2-2-1-2-2-2-3-2-3-2-2	1-1-1-3-1-5-3-3-3-5-2-2	3-3-3-3-1-1-2-1-1-2-5-0	1-0-1-1-3-3-3-3-2-2-3-1	3-4-4-5-2-0-3-1-2-2-13-2	1-2-2-2-3-2-2-2-2-2-1-13	2-1-3-3-1-2-2-3-13-2-4-0	2-4-2-2-1-4-2-3-1-2-1-3	1-13-2-2-1-1-1-2-3-3-3-1	2-5-2-0-2-2-0-2-3-1-3-2	0-2-3-3-2-2-1-2-2-2-1-1
349	3	3-3-3-3-3-3-3-3-3-3-3-3	2-3-3-1-3-4-2-2-2-2-1-2	1-3-3-3-1-2-4-2-4-2-4-3	2-2-4-2-1-2-3-1-4-3-2-0	1-0-1-1-2-4-2-2-2-2-2-1	2-2-2-2-2-1-4-2-3-3-3-3	1-2-3-2-2-3-5-5-3-2-1-4	3-1-2-4-1-0-3-2-2-3-4-0	3-2-2-2-2-2-3-2-3-1-1-2	3-2-3-3-2-3-2-3-4-2-2-1	4-1-5-0-2-2-4-0-2-2-4-2	4-2-1-2-4-5-2-0-0-3-3-3
349	4	4-4-4-4-4-3-4-4-4-4-4-4	5-5-3-1-5-5-7-5-2-2-4-3	1-4-4-5-1-2-3-5-5-2-5-4	2-2-5-4-1-2-5-1-5-5-2-0	1-0-0-5-2-3-5-4-5-4-2-1	2-2-2-2-4-10-5-5-4-4-4-2	1-4-4-6-2-4-5-3-4-4-1-2	6-4-2-3-1-4-4-2-2-4-2-0	4-2-2-2-4-2-3-2-5-4-4-2	3-1-4-9-1-4-4-3-3-2-0-5	3-4-6-6-4-4-3-0-0-2-3-2	4-2-1-1-3-3-1-0-9-9-5-5
349	5	3-5-4-4-4-5-4-4-7-5-4-4	4-4-4-5-4-4-6-4-6-4-6-6	6-5-6-6-6-2-6-6-4-2-4-5	6-6-4-6-6-6-4-7-4-4-2-6	7-5-5-4-2-3-6-6-4-6-9-6	6-6-5-2-4-6-4-4-4-4-4-7	1-3-4-6-2-4-4-6-4-4-6-5	2-6-2-6-6-6-4-7-2-4-5-0	6-0-2-6-8-5-6-6-4-6-10-5	1-6-3-5-6-5-5-3-5-6-5-6	3-2-3-0-5-6-0-5-2-5-5-2	5-5-5-5-8-3-1-0-4-4-4-4
349	6	6-6-6-6-6-6-6-6-6-5-6-6	7-4-6-5-7-6-5-7-5-6-5-5	5-6-5-5-5-8-7-5-7-6-7-7	5-5-5-5-5-5-7-5-6-7-6-5	5-0-1-5-10-8-5-5-6-5-5-5	5-5-5-2-4-5-5-7-4-4-5-6	1-6-6-5-7-4-9-7-4-8-5-6	6-5-2-7-7-6-11-5-2-6-7-0	5-0-7-5-4-6-5-5-7-5-7-7	7-5-6-7-5-7-5-3-7-5-7-6	7-7-4-9-6-5-0-6-0-7-7-6	6-2-5-5-5-7-7-6-8-8-8-4
349	7	7-7-7-7-7-7-7-7-6-7-7-7	6-9-6-5-6-6-5-8-5-9-5-5	5-7-5-5-5-6-6-5-9-8-6-6	7-5-8-5-5-5-8-5-8-8-8-5	5-0-1-8-10-6-8-7-8-5-5-5	5-5-5-15-7-5-8-6-7-4-5-5	1-11-7-7-8-4-7-6-7-7-5-5	7-5-6-6-6-0-6-5-2-7-5-0	5-0-6-6-7-7-0-8-6-7-7-8	6-5-7-6-5-6-8-8-6-7-6-8	6-13-7-7-8-5-0-0-0-6-6-2	7-8-5-5-5-7-6-7-0-0-6-7
349	8	7-7-7-9-9-7-7-9-6-9-7-9	10-6-6-8-6-8-9-9-9-7-5-8	9-8-9-9-5-9-7-9-9-7-7-8	9-9-9-9-5-5-7-5-7-7-7-8	1-9-12-7-9-6-9-9-7-8-5-5	8-8-5-2-8-8-7-9-4-4-1-5	1-7-7-8-7-8-7-9-7-6-13-8	4-6-9-6-8-8-6-5-12-8-8-0	13-8-9-12-5-12-8-7-4-6-5-7	8-2-8-8-8-6-7-3-8-8-13-7	8-7-7-7-7-15-8-8-9-8-8-2	6-7-8-8-8-14-8-8-4-4-6-4
349	9	9-9-7-9-9-9-8-8-12-8-9-8	8-7-7-9-11-9-10-8-8-7-10-10	8-8-8-8-9-8-9-8-8-7-9-8	8-8-8-8-12-10-8-5-7-8-8-8	1-8-11-9-8-9-8-8-8-9-5-12	11-11-12-9-8-5-7-11-4-7-11-9	11-9-6-8-6-8-7-8-7-7-11-11	2-9-8-11-12-8-6-11-2-8-11-0	12-8-8-12-11-9-11-11-8-9-11-8	8-2-11-8-11-11-10-7-8-8-8-9	6-7-7-6-4-8-8-8-8-10-10-2	6-5-7-8-11-7-11-0-4-4-6-4
349	10	10-10-12-12-14-12-11-14-11-12-10-10	13-7-6-12-11-12-9-10-11-10-11-11	10-10-11-11-10-12-11-11-12-11-11-10	10-11-10-11-9-10-11-8-10-11-10-8	10-11-10-10-11-10-11-11-8-11-10-10	10-10-5-10-8-13-10-8-11-11-10-10	14-10-11-8-10-8-14-11-7-11-15-14	10-9-12-9-9-11-6-7-8-10-10-12	10-8-12-5-9-11-10-13-11-9-5-8	10-14-9-10-15-9-9-7-8-10-14-11	14-10-12-12-13-10-12-10-15-9-9-2	10-10-10-8-10-10-9-14-10-13-10-10
349	11	10-10-10-12-10-10-10-10-10-10-10-10	10-7-6-10-10-11-10-10-10-12-10-10	12-10-10-10-10-10-10-10-10-10-10-10	12-10-12-10-9-12-10-14-7-14-10-8	1-10-9-7-12-10-12-10-7-10-11-5	10-12-5-10-8-10-7-9-10-10-9-10	9-7-10-11-6-11-7-10-4-10-12-11	10-9-10-9-9-10-6-9-8-8-9-10	12-8-11-2-9-10-9-9-4-6-9-12	11-2-11-11-9-9-7-3-11-11-8-9	10-7-7-10-10-10-10-10-11-11-11-2	6-12-8-11-10-10-9-10-10-4-10-10
349	12	10-12-10-10-12-10-10-10-10-10-10-10	10-14-12-10-10-13-10-13-10-13-10-10	11-11-10-10-10-10-11-10-10-13-13-10	11-10-11-10-9-11-13-5-13-12-13-8	1-10-11-7-11-13-11-11-13-10-14-10	11-11-9-10-12-11-13-12-12-12-10-12	9-10-6-8-13-10-15-10-7-10-11-12	7-9-10-9-9-10-14-14-8-10-10-10	11-8-11-8-11-10-11-9-15-10-9-11	10-2-7-10-9-10-14-7-11-8-8-9	10-7-15-10-10-12-10-10-11-11-11-10	14-11-8-11-10-7-9-10-10-10-10-10
349	13	10-12-10-12-10-10-10-10-10-10-10-10	10-12-12-10-10-12-15-14-10-10-10-15	11-14-11-10-13-10-14-10-10-12-12-13	12-10-14-14-14-14-12-13-13-10-14-11	1-11-14-14-11-12-14-14-12-10-13-13	10-10-14-14-8-14-12-12-12-12-2-13	9-7-10-8-12-13-7-14-7-14-8-13	10-13-14-13-13-11-6-13-2-8-13-10	8-8-11-13-13-10-8-10-12-13-13-7	10-2-8-12-13-13-13-3-11-8-8-14	10-7-7-10-10-10-10-10-11-13-13-13	12-14-8-8-10-10-13-0-4-13-10-10
349	14	10-12-10-12-10-10-10-10-10-10-10-10	15-12-12-10-13-12-10-15-10-12-10-15	11-15-13-10-14-15-15-15-15-12-15-14	14-14-13-13-13-13-15-11-13-11-13-11	12-11-13-13-12-14-15-13-13-14-12-10	10-10-13-13-13-13-13-12-12-12-10-13	10-13-11-11-10-11-10-13-7-14-15-10	14-13-13-13-13-15-12-12-14-8-14-14	15-14-14-13-14-10-10-11-10-14-13-12	11-15-14-12-14-13-12-14-11-15-15-13	15-10-10-14-10-10-14-10-14-11-8-14	12-13-12-8-10-11-13-10-10-14-10-10
349	15	15-15-15-15-15-10-10-15-15-15-15-15	14-12-15-10-12-14-13-14-12-15-14-14	14-14-15-10-15-15-14-14-14-15-14-14	14-15-13-15-15-15-12-15-13-15-15-14	15-10-15-15-10-15-14-14-15-15-1-5	15-15-15-15-15-14-15-15-15-15-15-13	9-15-15-15-14-15-12-15-15-15-14-12	15-13-13-15-15-14-6-8-8-11-13-15	14-14-15-15-9-15-15-10-15-15-13-12	8-15-15-15-15-13-15-14-15-15-14-15	14-15-12-15-10-8-14-15-15-15-15-15	15-15-15-8-10-15-15-10-15-15-6-10
350	0	0-0-0-0-0-0-0-0-0-0-0-0	0-0-0-0-0-0-0-0-0-0-0-0	0-0-0-0-0-0-0-0-0-0-0-0	0-0-0-0-0-0-0-0-0-0-0-0	0-0-0-0-0-0-0-0-0-0-0-0	0-0-0-0-0-0-0-0-0-0-0-0	0-0-0-0-0-0-0-0-0-0-0-0	0-0-0-0-0-0-0-0-0-0-0-0	0-0-0-0-0-0-0-0-0-0-0-0	0-0-0-0-0-0-0-0-0-0-0-0	0-0-0-0-0-0-0-0-0-0-0-0	0-0-0-0-0-0-0-0-0-0-0-0
350	1	1-1-1-1-1-1-1-1-1-1-1-1	0-2-2-0-1-2-0-2-0-1-0-0	0-0-0-0-0-0-2-0-0-1-2-0	0-0-0-0-0-0-0-0-2-0-2-0	0-0-0-0-0-2-2-0-2-0-0-0	0-0-0-0-0-0-2-0-1-1-1-0	2-0-1-0-0-1-2-2-0-1-0-1	1-3-0-0-0-0-2-0-0-0-1-1	1-0-1-0-1-0-0-0-1-0-0-1	0-0-1-0-1-0-0-1-0-1-0-0	1-2-16-1-0-0-0-1-0-0-0-1	0-0-0-0-0-0-0-1-5-0-4-2
350	2	2-2-0-2-2-2-2-2-1-1-2-1	0-1-1-0-1-1-3-1-0-1-0-1	2-2-0-2-0-0-1-2-0-2-1-2	2-2-1-2-3-3-0-0-1-0-3-6	0-2-0-3-0-1-1-0-1-2-0-7	0-0-0-5-3-2-1-0-2-1-2-3	1-1-1-0-2-2-1-3-0-2-2-0	3-1-0-0-0-0-1-0-0-2-2-2	2-2-2-0-2-0-2-3-1-0-2-1	2-2-2-3-4-0-2-1-0-2-7-2	2-1-1-11-0-2-11-2-7-0-2-0	7-2-2-2-2-2-0-2-2-2-1-1
350	3	4-4-3-3-3-3-4-3-4-4-3-4	4-5-4-4-4-4-2-4-4-4-4-4	3-4-4-4-3-5-3-4-4-4-3-3	4-3-4-4-3-2-4-5-4-3-3-3	7-3-0-5-4-3-3-3-4-3-7-3	3-0-4-11-4-6-4-5-1-3-12-2	3-3-4-12-4-3-1-2-4-3-12-7	11-3-3-3-3-4-6-4-3-6-2-3	3-3-3-4-4-5-9-2-5-5-2-6	3-3-4-6-4-3-3-3-3-8-2-4	3-5-6-2-4-4-3-12-3-3-5-4	3-4-3-3-11-4-5-4-4-11-1-16
350	4	3-3-3-5-3-6-3-3-3-3-4-3	3-1-3-7-3-3-5-3-3-3-6-5	4-3-5-6-6-3-5-5-3-3-5-5	5-3-3-4-4-5-3-5-3-0-5-6	6-2-6-4-3-4-5-4-3-3-6-5	3-5-4-8-3-7-5-5-1-3-9-3	4-6-3-6-3-3-1-5-3-3-5-7	3-4-3-5-4-3-1-4-4-5-5-2	3-3-3-4-12-3-5-2-3-6-5-7	3-3-3-3-3-5-6-3-7-2-2-5	2-3-3-1-5-6-2-3-2-3-3-4	3-4-7-4-3-3-4-3-3-2-1-3
350	5	4-3-3-4-3-3-3-3-4-3-3-3	3-3-4-4-3-3-4-5-3-6-4-4	8-6-4-4-4-10-4-4-3-7-6-4	4-6-6-6-4-4-3-4-3-5-4-4	4-2-4-4-7-4-6-6-5-5-4-4	10-6-7-9-5-3-6-4-5-5-10-5	5-5-3-5-6-5-6-6-5-6-4-6	5-4-5-6-5-3-1-7-8-3-4-2	5-10-5-6-5-3-10-6-3-3-4-3	3-5-5-3-5-4-6-4-9-3-8-4	5-3-1-2-4-5-2-5-8-6-3-5	5-5-4-6-5-3-5-3-1-2-4-3
350	6	3-6-6-6-3-4-7-3-3-3-3-3	3-10-7-4-3-3-5-7-3-5-4-7	4-5-4-4-4-5-7-8-4-8-7-7	5-5-5-5-4-4-3-4-6-7-8-4	4-2-4-4-5-8-5-5-5-9-4-4	5-5-5-5-3-3-7-7-5-6-4-6	5-4-3-5-5-3-5-7-6-5-4-5	7-4-3-5-4-3-6-5-7-7-5-2	5-3-5-5-2-3-3-5-3-4-7-3	3-5-11-8-7-4-7-3-5-3-2-7	2-5-3-3-7-4-2-3-5-7-3-7	3-5-4-5-3-3-4-3-13-15-6-3
350	7	8-3-7-4-3-4-7-3-9-3-3-8	3-8-6-4-3-3-4-6-3-3-4-6	0-7-4-4-8-5-6-7-4-5-8-6	5-6-8-8-4-5-7-4-8-6-6-0	4-2-4-15-5-6-7-7-8-3-3-4	4-5-5-3-7-4-8-6-7-7-8-5	5-4-6-5-5-5-7-6-7-7-4-4	6-5-3-6-5-3-10-5-6-6-5-2	3-0-7-5-11-3-3-5-6-11-6-4	3-5-7-10-4-7-6-8-4-3-2-6	2-5-8-3-6-4-2-5-2-6-3-6	8-4-4-5-2-3-4-3-6-3-8-3
350	8	7-4-7-4-4-9-3-4-7-3-3-7	3-6-6-4-3-7-3-7-10-10-10-9	5-8-4-4-7-11-9-6-7-6-7-8	9-6-7-9-4-5-9-4-7-6-6-4	9-2-4-9-5-6-9-7-7-6-9-4	5-5-5-4-7-5-7-8-7-8-4-5	5-4-6-5-5-5-7-7-7-7-4-5	3-4-8-8-9-3-7-5-5-6-9-3	5-3-5-5-5-10-5-0-10-10-12-8	3-5-8-6-4-16-8-7-4-3-5-4	2-3-7-1-7-9-2-5-5-5-10-5	8-10-8-5-5-8-8-9-6-2-7-3
350	9	10-10-9-9-4-7-7-4-7-10-10-8	3-10-7-4-3-8-10-10-8-8-10-8	5-10-11-11-10-11-11-11-10-11-9-10	8-7-11-8-11-11-7-4-8-9-6-4	8-3-4-10-5-6-8-7-10-13-8-4	5-8-8-10-9-3-7-8-9-9-4-8	5-9-9-5-5-5-7-8-9-12-4-8	3-9-10-8-8-3-7-5-5-9-8-2	5-3-5-5-5-8-3-8-8-8-4-8	9-5-8-8-4-8-4-13-9-3-5-6	5-3-7-2-10-8-2-5-5-5-8-5	8-5-8-5-3-8-10-8-6-4-7-3
350	10	4-9-10-9-8-10-3-11-10-9-9-3	3-6-6-11-7-11-9-9-8-8-11-8	11-9-11-9-9-5-9-9-9-5-11-9	9-5-11-9-12-12-6-11-8-11-6-4	12-2-4-11-3-6-11-10-8-9-10-11	5-10-10-9-10-12-6-10-9-9-5-11	4-12-9-5-11-5-7-11-9-10-4-5	8-10-15-11-8-10-7-10-5-10-10-3	5-5-5-12-12-8-5-11-8-8-12-8	9-5-13-6-11-10-7-3-10-3-2-12	5-3-6-2-9-10-2-5-5-5-8-5	8-8-8-5-5-3-9-3-6-10-7-9
350	11	11-13-11-16-11-12-11-16-11-9-9-11	12-12-12-10-11-12-9-12-12-8-10-12	10-9-10-9-9-11-9-9-11-9-12-9	11-11-9-10-10-10-12-10-12-13-11-10	10-2-4-10-5-11-10-10-11-9-10-10	5-10-13-9-11-10-12-11-11-11-5-10	5-13-9-5-10-11-15-10-9-11-5-8	3-10-3-10-10-3-13-11-5-11-2-2	5-11-9-10-7-8-16-10-8-7-11-13	3-3-6-11-10-10-16-3-10-16-2-10	2-3-7-2-3-3-2-3-2-11-8-5	11-8-8-5-3-3-9-3-3-12-7-3
350	12	13-9-11-12-12-11-12-16-11-16-12-11	11-11-11-12-14-11-13-12-13-13-16-12	12-13-13-13-12-13-9-13-13-11-11-12	13-13-8-14-10-13-12-10-11-12-13-16	10-12-4-10-13-11-13-10-11-12-12-12	3-12-10-12-11-13-11-11-9-11-3-10	12-10-11-3-12-3-7-13-9-9-12-12	3-10-12-11-10-15-11-11-5-12-12-13	5-12-9-10-10-3-3-13-8-12-10-8	3-3-8-12-13-11-11-8-13-13-13-10	13-3-3-13-3-12-13-3-12-5-8-5	8-8-12-5-12-3-9-16-3-13-1-3
350	13	12-11-16-13-13-11-13-16-13-13-13-13	12-11-11-13-3-14-14-14-12-14-10-12	12-12-12-14-14-15-13-12-14-14-12-13	12-12-14-12-14-14-11-15-14-11-14-12	15-12-14-10-12-13-14-14-13-9-10-14	3-15-15-13-11-12-14-13-7-11-5-11	16-14-11-5-12-13-7-12-9-9-13-14	3-10-12-14-14-3-11-16-5-11-12-12	12-12-13-14-15-3-13-13-8-12-14-8	12-13-10-14-12-14-6-9-12-12-12-10	12-14-12-12-14-12-12-13-12-14-8-13	8-13-12-13-13-11-13-3-6-12-6-14
350	14	14-16-16-16-13-15-15-11-15-14-16-16	11-11-11-14-11-13-13-15-15-15-15-16	15-14-15-13-13-13-15-15-13-13-15-15	12-15-15-12-13-13-15-10-13-11-13-14	13-15-13-10-13-13-13-13-13-15-15-13	15-13-13-13-11-16-13-13-14-11-3-15	16-13-11-14-15-10-7-15-9-10-13-13	3-10-10-13-13-12-11-10-5-12-14-12	14-12-15-13-13-3-14-14-8-13-13-8	14-13-14-15-14-13-8-13-12-12-12-10	15-13-14-2-13-14-12-15-14-13-8-5	8-8-14-14-14-3-13-14-6-12-11-13
350	15	16-16-13-16-15-16-15-16-16-16-16-16	15-11-11-15-16-15-13-14-15-15-14-14	14-16-14-12-14-13-14-14-13-15-14-14	14-14-14-14-13-13-14-13-13-15-13-15	13-14-15-7-15-13-14-13-13-14-14-15	15-13-13-14-15-10-13-13-15-11-15-14	16-13-11-15-14-15-11-14-15-10-13-13	15-10-10-13-13-12-11-13-15-12-13-12	15-12-14-15-13-3-15-14-15-8-13-8	15-13-15-15-15-13-15-13-15-12-15-15	14-13-15-12-15-15-12-14-15-15-8-15	8-8-15-15-15-3-9-12-6-6-11-3
350	16	16-16-16-16-16-16-14-16-16-15-16-16	15-15-16-14-16-16-13-15-15-16-14-14	12-15-16-12-16-13-16-14-14-16-14-14	16-16-14-16-16-16-15-16-16-16-16-12	13-12-16-16-16-16-14-16-16-16-10-10	16-16-13-16-16-14-16-16-16-16-16-16	15-16-16-16-15-16-8-14-16-16-13-16	16-16-10-16-16-12-11-13-15-16-13-12	15-16-16-16-13-16-16-14-16-16-13-8	16-16-16-16-16-8-16-13-16-16-15-16	14-3-16-16-3-15-12-15-16-16-8-16	11-16-15-15-14-16-16-12-16-16-16-3
351	0	0-0-0-0-0-0-0-0-0-0-0-0	0-0-0-0-0-0-0-0-0-0-0-0	0-0-0-0-0-0-0-0-0-0-0-0	0-0-0-0-0-0-0-0-0-0-0-0	0-0-0-0-0-0-0-0-0-0-0-0	0-0-0-0-0-0-0-0-0-0-0-0	0-0-0-0-0-0-0-0-0-0-0-0	0-0-0-0-0-0-0-0-0-0-0-0	0-0-0-0-0-0-0-0-0-0-0-0	0-0-0-0-0-0-0-0-0-0-0-0	0-0-0-0-0-0-0-0-0-0-0-0	0-0-0-0-0-0-0-0-0-0-0-0
351	1	1-1-1-1-1-1-1-1-1-1-1-1	2-1-1-0-2-2-2-1-2-1-2-1	1-2-1-1-2-2-0-2-2-2-3-2	2-2-2-2-0-0-2-1-1-2-2-0	1-0-1-3-1-1-1-1-1-2-5-0	2-2-2-1-1-1-1-2-1-1-9-1	1-1-1-1-2-1-2-2-2-1-0-1	7-1-2-1-1-2-2-2-1-1-4-2	2-2-2-1-1-3-2-0-2-3-1-2	2-2-2-3-2-3-1-3-2-2-0-1	2-2-3-0-2-6-0-2-0-2-3-1	2-2-2-1-1-2-3-3-3-1-2-1
351	2	1-1-1-1-1-1-1-1-1-1-1-1	1-1-1-2-1-1-5-2-1-1-3-3	2-1-3-3-3-3-3-3-1-1-2-1	3-1-1-3-3-3-1-3-1-1-3-4	4-0-5-4-1-2-3-3-1-1-1-2	1-3-2-1-1-5-3-1-1-1-7-2	2-1-1-1-1-2-1-3-1-1-3-2	1-2-3-2-2-1-1-1-2-0-3-1	1-1-1-5-3-1-1-3-1-4-3-1	1-1-1-1-3-3-4-1-5-1-3-5	3-1-1-0-1-2-0-1-1-1-1-2	1-2-1-1-3-1-4-1-1-1-1-1
351	3	1-1-2-1-1-1-1-1-2-1-1-1	1-1-1-2-1-1-4-3-3-4-2-3	6-4-2-2-2-8-4-2-1-5-4-4	5-4-4-2-2-2-1-2-3-1-4-2	2-3-2-2-4-2-4-2-3-3-1-2	8-2-5-4-3-2-4-4-3-3-8-3	7-3-1-3-4-3-4-4-3-1-2-6	1-2-2-4-3-1-1-5-6-0-2-1	3-1-3-3-2-1-3-4-1-1-2-1	3-3-3-1-2-1-2-1-1-1-7-2	8-1-1-0-3-3-1-3-6-6-1-3	1-3-2-4-3-1-1-1-1-2-1-1
351	4	3-4-4-4-1-4-4-4-4-1-1-4	3-4-5-2-1-1-3-5-3-3-2-5	3-3-2-2-5-3-5-6-5-6-5-5	3-3-3-3-2-3-5-2-4-5-6-2	2-0-2-2-3-6-3-4-3-6-6-2	1-3-3-1-1-2-5-5-3-4-13-4	3-4-1-0-3-6-5-5-4-4-3-3	1-2-1-3-2-4-4-3-5-5-1-1	3-1-3-3-4-1-1-3-1-2-5-1	3-1-2-6-2-1-5-1-1-1-0-2	1-1-8-0-5-2-0-1-3-5-1-5	1-3-2-3-1-1-2-1-8-2-1-1
351	5	5-1-5-5-5-5-5-5-7-5-5-5	6-6-4-2-9-1-2-4-2-3-2-4	3-5-2-2-6-3-4-5-6-3-6-4	3-3-6-6-2-3-7-2-6-4-4-2	2-0-2-2-3-4-5-5-6-1-1-2	3-3-3-1-5-2-6-4-5-5-10-2	3-4-1-0-3-5-6-4-5-5-0-2	4-2-2-4-2-1-7-3-4-4-3-1	1-1-4-3-5-1-0-3-5-5-4-6	1-1-5-4-2-5-4-6-2-1-0-2	3-1-6-5-4-1-0-1-15-4-1-4	1-3-11-3-2-1-2-1-4-1-6-13
351	6	5-4-5-7-6-7-5-8-5-6-1-6	5-5-4-2-5-5-2-5-7-7-6-8	3-6-7-2-5-7-7-7-5-4-5-6	7-4-5-7-2-3-7-2-5-4-4-2	7-0-2-9-3-4-7-5-5-4-4-2	3-6-7-1-5-2-5-6-5-6-2-7	3-1-1-0-3-5-5-5-5-5-2-7	1-2-2-6-6-1-5-3-3-5-8-1	3-1-3-6-3-6-1-7-6-8-6-6	1-3-6-4-2-8-6-5-2-1-3-2	3-9-5-0-5-7-0-3-3-3-8-3	6-8-6-7-2-1-6-7-4-6-5-5
351	7	8-8-7-7-9-7-5-7-5-9-7-6	6-5-4-2-5-6-8-8-6-6-10-6	3-7-9-9-6-6-8-9-9-8-8-8	6-7-7-6-10-9-6-10-6-8-10-6	6-5-2-8-3-4-6-5-8-9-6-2	3-6-8-8-7-2-5-6-7-7-2-6	3-8-9-0-3-10-5-4-12-9-2-6	1-7-8-6-6-1-5-3-3-7-8-1	3-1-3-3-3-6-1-6-6-6-10-6	7-3-6-6-2-6-5-5-7-1-3-7	3-1-5-0-5-6-1-3-3-3-6-3	6-3-6-6-2-1-8-6-4-6-5-1
351	8	7-9-8-8-8-7-8-8-9-7-7-8	9-4-4-9-8-9-7-7-7-9-9-6	9-7-9-7-9-3-10-7-11-7-7-7	9-9-9-7-9-9-6-10-6-7-4-8	9-0-2-7-3-4-9-9-7-7-10-9	3-9-9-7-11-9-4-10-5-7-3-9	1-7-7-0-9-11-5-9-7-8-3-3	1-9-10-9-6-8-5-10-3-7-8-1	3-1-3-9-8-6-1-9-6-6-8-6	7-3-8-4-8-6-9-5-9-0-8-8	3-1-4-0-5-8-1-8-3-8-6-3	1-6-8-5-10-1-7-1-4-8-5-7
351	9	9-9-9-9-8-11-9-9-11-10-10-10	11-11-10-8-5-10-12-8-9-12-8-11	8-9-8-7-8-10-8-7-8-11-10-8	8-9-8-7-7-8-10-8-10-10-9-8	8-0-8-6-3-10-10-8-10-7-8-8	3-8-8-7-10-8-10-9-7-9-1-8	1-10-7-0-8-9-10-10-7-7-0-11	9-8-7-8-8-8-10-8-3-10-1-1	1-9-3-8-5-6-1-8-6-5-7-11	7-8-9-10-8-10-10-11-8-1-15-9	0-6-10-10-1-12-15-10-3-3-6-8	1-8-6-3-2-1-2-1-10-11-16-10
351	10	9-9-16-9-8-13-7-12-9-10-9-9	12-9-9-8-8-9-11-11-12-11-8-9	11-11-11-7-8-11-8-11-9-9-9-10	11-11-11-8-7-10-9-8-9-11-7-10	8-13-13-7-13-9-9-11-9-7-8-8	13-14-9-7-9-11-9-8-7-7-5-8	10-9-7-10-10-8-9-9-5-10-10-10	1-8-12-10-10-10-9-8-10-10-10-1	12-10-3-8-2-6-10-10-6-13-7-6	10-10-6-10-10-9-9-9-11-10-10-8	12-1-9-9-10-16-11-10-12-10-6-10	10-10-10-10-10-1-7-10-9-10-9-9
351	11	9-9-11-9-8-9-11-13-9-12-11-16	9-9-9-13-8-12-10-10-10-10-14-9	10-10-10-12-12-10-12-12-8-9-10-12	10-13-10-12-12-12-12-15-11-10-11-10	12-10-10-12-10-11-12-12-10-13-14-12	12-12-12-11-9-10-12-11-5-4-13-10	10-9-7-10-12-8-5-12-7-7-13-12	7-8-10-12-11-10-9-7-3-10-13-1	1-10-3-12-16-6-10-12-6-6-11-6	10-13-9-10-12-11-12-9-10-10-12-13	13-1-10-9-10-11-10-10-10-13-6-8	10-6-11-10-13-1-12-1-9-9-9-9
351	12	12-12-12-12-12-13-12-10-13-11-12-12	9-13-14-11-12-10-11-10-10-10-11-9	10-10-11-11-11-11-11-11-14-12-13-13	11-11-10-11-11-11-11-11-13-12-12-10	11-10-10-11-10-13-11-11-12-13-11-11	11-10-13-11-12-10-11-12-12-12-10-12	10-13-13-10-11-12-13-11-7-12-11-11	9-8-10-11-11-10-9-13-3-13-10-1	10-10-11-11-12-12-10-8-12-12-11-12	10-10-12-10-11-11-11-12-11-10-11-11	10-6-15-14-16-9-16-13-10-11-6-8	13-6-10-10-11-1-11-15-1-13-16-12
351	13	13-13-13-13-13-12-14-12-12-14-12-13	9-14-12-11-15-13-14-14-14-14-11-14	11-14-10-14-14-14-14-14-12-14-12-14	14-11-13-14-14-11-13-8-12-12-12-10	11-10-10-14-14-12-14-14-14-12-11-10	14-10-12-11-15-10-12-11-12-7-11-12	10-12-12-10-14-12-12-9-7-12-11-14	1-11-14-14-13-14-9-16-13-12-10-1	3-13-15-14-11-12-10-10-6-10-14-13	10-11-12-13-11-12-14-12-13-10-13-11	11-1-13-9-13-16-13-13-10-11-6-3	10-13-13-10-10-13-7-13-9-12-5-5
351	14	14-16-14-14-13-14-14-14-14-13-12-13	9-13-12-13-15-13-13-13-13-13-11-13	16-13-11-13-13-13-13-13-12-13-13-13	13-11-15-13-13-11-13-8-13-14-14-10	14-10-10-13-13-15-13-13-13-7-11-11	13-10-14-7-14-10-15-14-14-12-13-14	10-11-14-10-13-12-15-15-15-12-11-15	1-11-13-13-13-13-12-13-10-14-13-1	1-13-13-13-14-14-10-10-8-10-13-13	10-13-12-15-11-9-11-14-13-10-13-11	12-15-16-14-15-15-15-13-10-11-6-8	13-13-13-10-13-13-7-15-4-13-5-14
351	15	16-16-16-16-16-14-16-16-16-16-16-16	16-16-16-16-14-16-16-16-16-16-15-16	15-16-16-16-16-13-15-15-16-13-14-15	16-13-16-16-13-15-13-11-13-14-13-10	14-10-10-13-13-14-16-15-13-15-15-15	15-10-14-15-13-10-14-14-14-7-3-15	16-14-15-10-15-15-14-16-14-12-15-14	1-15-13-14-15-10-9-13-3-14-15-15	16-13-13-12-16-12-10-15-6-14-15-13	15-15-12-14-15-16-15-12-13-10-13-16	16-14-12-16-14-15-13-15-15-15-6-9	16-15-15-10-15-13-7-14-15-12-5-15
351	16	16-16-15-15-16-16-15-16-15-15-16-16	15-15-16-15-14-15-15-15-15-16-15-15	14-15-16-15-16-13-15-16-15-16-16-16	15-16-15-15-16-16-13-8-14-16-16-10	15-10-10-16-16-16-15-16-14-16-8-8	16-16-16-15-16-16-16-16-16-16-16-16	10-16-16-16-15-16-9-15-16-16-10-15	16-16-13-16-16-15-16-13-10-16-15-16	15-16-16-16-15-16-16-15-16-15-15-13	10-16-16-16-16-11-16-15-16-16-16-16	15-16-16-16-12-13-16-15-16-16-6-16	16-16-16-10-15-16-16-13-16-16-9-1
352	0	0-0-0-0-0-0-0-0-0-0-0-0	0-0-0-0-0-0-0-0-0-0-0-0	0-0-0-0-0-0-0-0-0-0-0-0	0-0-0-0-0-0-0-0-0-0-0-0	0-0-0-0-0-0-0-0-0-0-0-0	0-0-0-0-0-0-0-0-0-0-0-0	0-0-0-0-0-0-0-0-0-0-0-0	0-0-0-0-0-0-0-0-0-0-0-0	0-0-0-0-0-0-0-0-0-0-0-0	0-0-0-0-0-0-0-0-0-0-0-0	0-0-0-0-0-0-0-0-0-0-0-0	0-0-0-0-0-0-0-0-0-0-0-0
352	1	0-0-0-0-1-1-0-0-0-1-1-0	1-1-0-0-0-1-2-2-0-0-0-0	2-0-0-0-0-1-0-0-0-0-0-0	2-0-2-0-0-0-0-1-0-0-0-4	0-0-2-0-2-0-2-0-0-0-1-0	0-1-0-4-0-0-0-0-1-0-0-1	1-0-0-8-0-0-0-0-0-0-0-0	0-0-0-1-1-0-0-0-2-1-0-0	0-5-1-0-0-0-1-0-0-1-1-0	0-0-1-1-0-0-0-0-4-2-0-0	0-0-0-0-0-1-0-0-0-0-1-1	0-1-1-1-0-0-1-0-0-0-1-0
352	2	2-2-2-2-2-2-2-2-2-0-2-2	2-1-0-2-0-1-1-1-1-0-3-3	1-3-1-3-3-1-3-1-0-2-4-3	3-1-1-3-3-3-1-3-2-2-2-2	5-0-3-3-1-2-3-3-1-2-10-3	3-3-2-1-2-2-2-2-0-2-4-1	2-2-0-1-2-0-2-3-0-2-3-2	0-2-3-2-2-0-2-3-1-2-2-0	0-1-1-2-3-0-1-0-2-2-2-2	3-2-2-0-3-3-2-2-2-1-3-5	0-2-0-0-0-0-0-0-0-2-2-5	0-2-2-2-0-0-2-0-3-3-0-0
352	3	3-3-2-3-3-3-3-5-3-3-3-3	4-3-3-2-3-4-1-4-3-4-2-4	1-4-2-2-2-4-2-5-5-4-3-2	2-4-4-2-2-2-4-2-2-3-2-2	2-1-2-2-4-2-4-2-4-3-4-2	2-4-5-3-3-2-4-2-3-3-2-3	2-3-3-3-4-3-3-4-3-4-2-3	3-2-2-4-5-3-4-5-5-4-5-0	3-6-3-3-2-4-3-4-0-2-2-7	3-3-3-4-2-2-4-2-4-4-3-2	3-6-3-0-3-3-0-3-3-4-3-3	3-3-2-3-3-3-3-3-2-2-2-0
352	4	4-4-5-4-5-4-4-4-4-4-4-4	3-4-4-2-3-3-1-3-3-3-2-3	1-3-3-2-2-3-5-5-3-3-5-5	3-3-5-2-2-2-3-2-5-4-3-1	2-0-1-2-3-5-3-3-3-4-3-2	3-3-3-1-3-2-5-2-3-4-2-3	2-3-4-3-3-4-5-3-4-3-3-3	4-2-3-3-3-0-3-3-3-4-10-0	4-1-5-3-4-3-3-3-5-4-6-3	3-3-4-5-3-3-3-4-3-3-0-3	5-4-3-4-0-4-0-3-0-3-5-3	5-3-2-5-0-0-3-0-4-4-4-4
352	5	5-5-5-5-5-5-5-5-5-4-5-6	6-6-5-2-7-5-7-6-3-3-2-6	1-5-3-2-2-7-6-5-6-6-6-4	3-6-4-2-2-2-6-2-6-6-6-1	2-0-1-8-3-4-5-5-6-1-3-2	2-3-3-1-5-2-6-2-5-5-7-3	2-3-5-1-3-0-6-6-3-4-2-3	4-2-3-3-3-0-5-3-3-5-3-0	4-1-4-3-1-3-3-4-4-6-2-5	3-3-5-4-2-6-2-5-4-3-3-2	4-5-5-6-6-4-0-6-3-3-4-4	5-3-2-4-0-3-3-5-5-4-7-0
352	6	5-6-7-5-5-7-6-6-7-4-7-5	5-5-4-7-5-5-7-7-7-3-7-7	9-6-7-7-7-7-7-7-7-5-5-7	7-7-6-7-7-7-5-2-5-5-5-7	7-1-6-7-3-4-7-7-5-7-8-7	7-7-3-6-6-2-7-5-6-5-6-7	7-2-4-7-7-7-5-5-3-6-7-3	3-7-4-7-3-0-5-7-3-6-6-4	7-3-5-3-6-6-7-6-6-5-7-6	6-7-8-6-7-5-6-5-6-1-7-2	5-3-6-4-6-6-4-5-7-6-6-3	6-6-6-6-7-6-4-6-6-7-5-6
352	7	7-7-7-7-7-6-7-7-7-7-6-8	6-8-5-6-8-8-6-6-6-9-6-8	1-6-6-6-6-6-6-6-6-7-8-6	6-6-6-6-6-6-10-2-8-8-7-6	6-0-6-6-3-8-8-6-8-6-6-6	6-6-3-7-7-2-8-3-7-7-6-6	6-2-7-6-6-7-8-8-7-7-6-3	7-8-3-6-7-0-8-7-3-7-6-0	6-7-8-3-7-7-6-6-7-6-6-8	8-6-7-7-8-3-6-5-3-3-6-10	7-7-6-9-10-6-0-7-6-3-6-7	5-6-6-6-6-6-7-7-7-6-5-7
352	8	8-8-7-8-7-8-7-7-8-7-6-7	5-7-7-8-7-7-8-8-6-7-6-7	8-9-9-6-8-8-6-8-8-7-7-8	8-8-6-6-6-9-8-1-7-7-9-10	2-9-6-9-3-7-7-8-7-8-6-8	9-9-7-8-7-10-7-2-7-5-0-6	6-2-7-1-8-8-5-7-8-7-8-5	9-7-9-7-3-9-7-3-3-8-8-8	8-8-7-3-3-9-1-9-7-7-7-7	7-7-6-9-7-2-6-7-8-8-6-2	8-5-7-9-0-8-8-9-6-6-6-8	8-6-8-6-8-7-8-8-0-8-7-7
352	9	10-10-10-10-10-10-10-10-10-10-10-10	10-7-4-10-10-10-10-10-9-7-10-10	9-8-10-10-9-10-9-8-10-9-8-9	8-8-8-9-9-8-8-6-7-9-8-6	10-8-9-8-9-9-10-9-7-9-8-8	9-8-7-9-7-8-7-2-9-9-3-9	10-9-9-9-9-9-7-8-9-9-10-10	9-9-8-9-9-10-7-7-3-9-8-8	9-9-9-9-6-9-10-8-7-10-9-7	9-9-6-8-7-9-9-9-8-8-8-2	8-7-9-9-9-8-9-8-8-10-9-9	10-9-9-6-9-9-9-9-9-9-9-7
352	10	10-10-9-9-10-10-9-10-10-9-10-10	9-7-10-9-9-9-9-9-9-10-9-9	8-8-10-9-10-9-10-10-9-10-10-10	9-10-10-10-10-10-8-10-10-10-10-8	10-8-10-10-10-10-9-9-10-10-2-6	10-10-10-10-10-8-10-10-10-10-10-9	9-10-10-10-9-10-10-9-10-10-9-9	10-10-2-10-10-9-7-3-6-10-9-8	9-10-10-10-2-10-10-9-10-9-9-7	7-10-10-10-10-9-10-9-10-10-10-10	9-10-10-10-9-10-8-10-10-9-10-10	9-9-10-4-9-10-10-9-10-10-5-0
353	0	0-0-0-0-0-0-0-0-0-0-0-0	0-0-0-0-0-0-0-0-0-0-0-0	0-0-0-0-0-0-0-0-0-0-0-0	0-0-0-0-0-0-0-0-0-0-0-0	0-0-0-0-0-0-0-0-0-0-0-0	0-0-0-0-0-0-0-0-0-0-0-0	0-0-0-0-0-0-0-0-0-0-0-0	0-0-0-0-0-0-0-0-0-0-0-0	0-0-0-0-0-0-0-0-0-0-0-0	0-0-0-0-0-0-0-0-0-0-0-0	0-0-0-0-0-0-0-0-0-0-0-0	0-0-0-0-0-0-0-0-0-0-0-0
353	1	1-1-1-1-1-1-1-1-1-1-1-2	1-1-2-1-1-1-2-1-1-1-1-1	1-2-2-2-2-2-2-2-1-1-2-1	2-0-0-1-2-2-1-2-1-0-2-0	2-0-2-3-0-1-2-2-0-1-1-2	2-2-1-1-1-4-2-2-1-1-2-5	2-1-1-1-1-0-2-1-1-1-2-3	1-1-2-1-3-0-1-1-1-4-2-0	0-0-0-1-7-2-0-0-2-1-2-2	5-1-1-2-2-2-1-2-6-0-0-1	1-1-2-2-2-1-0-0-1-1-1-1	0-1-4-0-1-0-1-0-2-1-1-1
353	2	1-2-1-2-2-2-2-2-2-2-2-1	3-2-1-1-2-1-1-3-2-3-1-2	0-2-1-1-1-5-5-1-1-3-3-2	1-3-1-1-1-1-2-1-1-2-5-0	1-0-1-1-4-1-3-1-2-2-1-1	1-1-4-2-2-1-3-1-2-2-8-2	1-2-1-2-3-2-1-2-2-3-1-2	2-1-3-3-1-0-1-1-8-2-1-2	2-0-2-2-2-4-0-2-1-1-1-1	3-2-2-3-1-1-1-1-2-0-2-1	3-2-1-1-1-2-5-2-2-7-3-2	0-2-2-0-2-2-1-2-1-3-1-1
353	3	3-3-3-3-2-3-3-3-3-3-3-3	4-4-3-1-3-7-1-4-2-2-1-4	0-3-1-1-1-2-4-5-4-2-4-3	1-2-4-1-1-1-2-1-4-4-2-0	1-0-1-1-2-4-2-2-3-1-1-1	2-2-1-2-2-1-4-1-3-3-2-1	1-1-3-0-2-3-3-4-2-3-1-1	4-1-2-2-1-4-3-2-2-3-2-2	2-0-4-2-3-2-0-2-4-1-3-4	2-4-3-4-1-2-1-3-2-0-2-4	2-2-5-3-9-4-2-9-2-4-4-2	5-4-1-0-6-3-4-3-3-2-3-9
353	4	4-4-4-4-4-4-4-5-4-5-4-4	3-5-4-1-5-3-1-3-2-3-4-3	0-4-1-5-1-2-3-3-5-4-5-3	4-2-5-1-1-1-5-1-5-3-2-0	1-0-0-5-2-3-5-4-5-2-1-1	1-2-2-2-4-1-5-5-4-3-4-2	0-7-3-0-2-4-5-3-4-4-1-4	3-1-3-3-1-3-4-2-2-4-2-2	3-0-3-2-4-2-4-5-5-4-4-3	2-3-3-3-1-4-1-6-4-0-9-3	3-4-3-6-5-3-2-2-0-3-3-3	6-3-1-0-3-4-3-4-5-8-5-4
353	5	3-4-5-5-4-5-5-4-5-4-4-4	3-4-4-6-4-3-6-9-6-2-6-6	0-5-6-6-6-2-6-3-4-7-4-5	5-6-4-5-7-6-4-8-4-4-2-0	7-0-1-6-2-3-6-6-4-6-5-5	2-5-6-7-5-8-4-5-4-3-2-6	1-1-4-0-2-2-4-6-2-7-6-5	3-6-6-6-1-5-4-5-2-5-5-2	2-0-5-7-5-5-0-6-4-6-7-7	2-2-8-5-6-5-5-4-4-0-5-7	2-2-3-4-4-6-2-2-2-5-6-2	3-5-5-5-2-5-1-4-4-5-4-4
353	6	6-6-6-6-6-6-6-6-6-6-7-6	3-7-7-5-4-7-6-7-5-6-5-7	9-6-5-5-5-8-7-6-6-8-7-6	5-5-5-5-5-5-7-5-7-6-6-0	5-0-0-5-2-7-7-5-7-6-5-5	5-5-5-6-6-5-7-6-7-6-6-8	0-6-6-0-9-6-4-5-6-6-5-5	3-5-5-5-6-7-8-8-2-6-5-6	2-0-2-2-4-6-9-5-5-5-6-8	7-2-6-5-5-5-5-4-1-7-2-5	3-2-4-4-8-5-6-2-2-2-5-2	4-5-5-0-3-6-7-6-6-5-7-3
353	7	7-6-7-7-7-6-8-8-4-6-6-6	3-6-6-7-4-3-8-6-8-3-8-9	7-8-8-8-7-7-6-8-7-5-6-7	7-7-8-5-5-5-6-5-6-4-7-9	5-8-7-5-8-6-8-8-6-7-7-7	7-7-6-7-7-9-6-6-6-6-7-5	7-4-7-9-7-7-4-8-2-5-7-5	7-6-8-6-5-8-6-5-2-7-7-8	7-8-7-5-8-7-7-7-5-7-5-5	8-2-6-7-8-6-6-4-7-8-8-5	8-7-8-7-2-8-8-7-8-2-5-2	7-5-7-7-7-6-6-7-6-7-6-3
353	8	9-9-9-6-7-8-9-7-8-9-6-8	8-6-6-8-8-9-7-9-9-7-8-7	7-7-7-7-8-9-7-7-7-9-7-8	7-7-7-7-8-8-6-5-8-8-8-0	8-7-8-5-7-8-7-7-7-7-7-5	8-8-6-8-6-7-8-8-4-6-2-6	9-8-6-0-6-8-8-7-8-4-8-8	7-5-7-8-8-7-6-9-2-7-7-7	2-7-8-8-9-6-8-8-4-8-8-6	7-2-5-7-8-6-7-4-7-7-7-8	7-9-7-4-4-7-7-8-7-8-5-8	4-9-7-8-8-6-8-7-6-7-6-4
353	9	9-9-9-9-9-9-8-9-9-9-9-9	8-6-9-8-9-8-7-8-8-9-8-7	7-7-9-5-9-8-9-9-7-9-9-9	8-9-9-9-9-9-6-9-9-9-9-7	8-7-9-9-7-9-8-9-6-9-5-5	9-9-9-9-9-7-9-9-9-9-9-6	8-9-9-9-6-9-9-8-9-9-8-9	9-9-5-9-9-7-5-8-2-5-9-7	2-7-9-9-8-9-9-8-9-8-8-6	6-9-9-9-9-9-9-8-5-9-9-9	7-9-9-4-3-7-7-9-9-9-9-9	9-9-9-6-8-9-9-7-6-9-6-3
354	0	0-0-0-0-0-0-0-0-0-0-0-0	0-0-0-0-0-0-0-0-0-0-0-0	0-0-0-0-0-0-0-0-0-0-0-0	0-0-0-0-0-0-0-0-0-0-0-0	0-0-0-0-0-0-0-0-0-0-0-0	0-0-0-0-0-0-0-0-0-0-0-0	0-0-0-0-0-0-0-0-0-0-0-0	0-0-0-0-0-0-0-0-0-0-0-0	0-0-0-0-0-0-0-0-0-0-0-0	0-0-0-0-0-0-0-0-0-0-0-0	0-0-0-0-0-0-0-0-0-0-0-0	0-0-0-0-0-0-0-0-0-0-0-0
354	1	0-1-1-1-1-1-1-1-0-1-1-1	1-0-0-0-0-1-2-0-1-0-2-2	2-2-1-2-2-2-2-2-0-0-2-2	2-2-2-1-2-2-0-3-2-0-0-2	0-0-6-0-2-0-2-2-0-1-1-2	2-2-3-1-2-2-2-1-0-0-0-3	2-0-0-8-2-0-0-2-2-0-2-0	1-1-2-3-0-1-0-2-3-1-2-1	0-2-2-2-1-2-1-2-2-1-1-0	2-1-1-2-0-0-0-0-2-1-1-0	2-0-0-0-0-1-2-0-0-1-1-1	0-2-1-2-1-0-2-1-1-2-0-0
354	2	2-2-2-2-2-2-2-2-2-2-2-2	1-3-3-0-2-2-1-3-2-2-1-3	1-1-1-1-1-1-1-1-2-3-3-1	1-1-1-1-1-1-5-1-3-3-3-1	3-2-1-1-1-3-3-1-3-1-1-1	3-1-1-1-2-1-3-1-3-2-2-2	1-3-2-2-1-2-3-1-1-0-1-3	1-2-1-1-3-2-2-1-1-2-1-1	2-1-1-1-0-1-1-1-5-2-2-2	1-3-2-1-2-2-3-0-1-3-2-2	1-3-4-2-3-1-1-1-2-1-2-2	2-1-1-1-1-2-2-2-4-1-4-2
354	3	3-3-2-3-3-3-3-2-2-3-2-2	3-2-2-3-2-2-3-2-2-2-3-2	3-1-4-3-3-4-4-4-3-2-2-3	4-4-4-4-1-1-3-1-2-2-3-7	2-3-8-3-4-2-4-3-2-3-1-3	2-1-1-3-4-9-2-1-2-0-3-3	3-2-2-3-3-3-2-4-3-2-3-2	4-2-3-1-2-4-2-1-1-3-3-4	3-3-4-1-1-3-3-4-2-2-1-3	4-2-5-3-0-0-2-0-3-4-4-2	4-2-2-5-3-3-4-4-4-1-0-3	2-2-3-2-4-2-2-3-2-5-2-2
354	4	3-4-4-5-4-3-4-4-4-4-4-4	4-2-2-6-2-2-3-3-5-3-3-5	6-4-5-5-4-5-5-3-3-4-3-4	5-3-3-5-6-5-3-5-5-2-5-3	5-3-5-6-3-4-3-4-4-4-4-3	7-7-4-4-3-3-4-5-2-4-10-5	6-4-2-3-3-3-4-3-4-4-6-6	3-4-5-4-4-3-2-4-4-3-5-3	3-3-4-4-5-4-3-6-2-6-4-4	5-4-3-3-5-5-4-5-3-3-3-5	3-4-2-3-6-3-3-3-3-4-4-4	2-4-3-4-3-2-4-3-2-3-2-2
354	5	5-5-4-5-5-5-5-5-5-5-5-5	6-5-2-4-5-10-3-5-5-7-7-6	1-4-4-4-4-8-6-3-6-7-6-6	4-6-6-4-4-4-3-4-4-5-4-3	4-3-4-4-6-5-6-6-6-5-7-3	6-6-7-5-5-3-6-4-5-5-12-12	4-5-8-5-6-3-5-6-5-5-4-7	5-4-6-6-4-4-2-6-12-5-4-3	5-3-5-5-4-6-3-6-2-5-4-6	4-5-5-6-4-4-7-5-6-6-3-4	5-4-2-3-6-5-3-5-5-4-6-5	3-5-5-6-5-5-4-3-2-2-2-2
354	6	6-8-6-6-6-6-6-6-6-5-5-6	7-7-7-4-2-7-3-7-5-5-5-5	4-6-4-4-4-5-7-7-5-5-7-7	5-5-7-5-4-4-7-4-4-6-5-3	4-3-4-4-5-7-5-5-5-5-5-3	5-5-5-5-2-3-5-6-5-6-0-6	4-4-6-5-5-6-7-5-6-6-4-5	6-4-5-5-4-3-6-5-5-6-4-3	9-6-5-5-6-5-6-5-8-4-4-6	5-4-6-6-4-5-7-6-5-5-3-4	3-6-6-11-5-4-3-5-5-5-5-5	2-4-3-5-3-2-7-3-2-6-7-2
354	7	7-7-7-7-7-7-7-6-6-8-8-6	6-6-8-4-8-6-3-6-5-5-7-8	4-7-9-4-4-5-8-6-8-5-8-6	5-3-8-7-4-5-6-4-8-8-5-3	4-3-4-8-5-6-8-7-8-5-5-4	4-5-5-5-7-3-8-8-7-7-11-6	4-6-6-1-5-7-6-8-7-7-4-5	7-4-3-6-4-3-8-5-5-6-5-3	7-3-6-5-9-5-7-6-8-7-6-12	3-4-9-8-7-8-6-9-2-3-3-4	3-8-6-9-8-10-3-5-4-5-4-5	12-4-3-5-3-2-4-3-8-8-8-6
354	8	7-6-6-8-7-7-9-7-8-7-7-6	7-7-7-7-7-6-10-7-9-5-9-7	8-9-9-9-9-5-9-9-10-7-7-9	9-9-7-9-9-9-6-9-7-7-5-9	9-3-4-7-5-6-9-9-7-5-9-9	9-9-9-5-8-3-7-7-7-7-9-9	6-6-5-1-5-7-6-7-7-7-9-9	6-4-3-9-5-3-7-5-5-7-5-3	9-1-5-5-5-5-1-6-7-9-6-10	3-5-10-7-9-7-8-7-8-3-9-9	1-7-6-8-8-9-3-5-3-4-8-5	7-8-8-8-9-9-4-3-7-7-7-2
354	9	9-10-7-9-10-9-9-8-9-9-9-8	8-10-10-4-9-6-8-7-8-5-8-9	8-8-8-8-10-10-10-10-8-10-10-8	8-8-8-8-8-8-9-8-10-9-10-8	8-3-4-8-5-10-10-9-9-9-8-8	8-8-8-5-13-3-10-9-7-7-8-8	4-11-9-1-5-0-10-10-0-11-8-5	9-10-3-9-4-3-14-9-5-7-9-3	6-3-5-5-7-7-3-5-10-8-9-12	10-4-7-6-8-10-8-7-5-10-8-10	3-4-9-8-5-8-3-10-10-5-8-5	9-8-8-8-8-8-10-3-7-8-7-13
354	10	9-9-9-14-9-11-10-7-10-9-10-9	6-9-9-10-9-11-11-11-11-7-8-11	7-8-8-8-9-9-9-9-8-9-9-9	11-10-10-11-8-8-14-8-9-9-9-8	4-11-12-10-11-9-9-11-9-10-11-10	11-8-9-13-13-12-9-13-13-7-4-11	4-9-9-10-10-11-9-9-5-10-10-10	10-9-11-10-7-12-9-9-5-10-12-12	10-12-5-5-4-10-10-6-9-10-10-8	9-10-8-12-11-9-7-9-12-11-11-9	9-4-10-13-10-12-12-12-12-8-8-5	10-10-10-9-12-2-9-13-9-10-10-9
354	11	14-14-14-14-12-14-12-14-14-12-14-14	13-13-9-13-13-12-12-12-12-12-13-12	11-11-12-12-11-12-12-12-12-12-11-11	12-10-12-12-11-11-12-12-13-12-12-8	13-10-12-13-10-11-12-11-12-12-13-8	12-12-12-10-9-13-11-11-12-7-12-10	11-13-11-11-12-10-12-12-7-9-13-13	10-11-12-11-11-10-9-14-5-10-10-10	10-10-5-11-13-14-12-12-12-14-11-12	11-11-11-10-13-13-13-11-10-10-11-12	11-12-13-6-14-7-3-12-10-14-12-12	7-14-11-11-11-13-13-10-7-12-11-11
354	12	11-11-13-11-11-11-11-11-11-11-11-11	11-11-9-11-11-11-11-11-11-11-11-11	14-12-11-11-11-11-11-11-11-13-12-11	11-12-11-11-13-13-11-11-11-11-11-11	11-3-13-13-10-12-11-12-11-11-11-8	11-11-13-12-9-13-13-11-11-7-11-10	11-11-11-5-12-11-11-11-7-14-11-11	11-12-13-13-12-12-9-11-5-10-10-10	10-10-5-5-14-11-11-11-11-11-13-11	11-11-10-10-11-11-12-11-10-10-10-13	3-11-11-10-11-10-3-11-3-12-11-11	7-8-10-11-10-11-11-10-7-11-7-9
354	13	13-11-12-11-12-14-11-11-13-11-11-11	11-11-11-11-11-11-11-11-11-11-11-14	13-14-14-11-13-11-13-13-13-12-13-13	14-11-11-14-12-12-11-12-11-11-11-13	11-14-12-12-13-12-14-12-13-13-11-13	11-11-12-13-9-14-12-10-10-7-4-13	4-11-11-5-13-13-11-11-7-10-11-11	13-11-12-12-12-14-7-11-5-13-13-13	13-10-5-13-11-10-13-13-11-11-12-11	11-11-8-10-11-11-11-11-13-10-13-12	13-11-11-10-11-10-13-11-13-12-11-5	9-5-13-13-13-11-11-10-7-13-11-9
354	14	14-11-14-11-14-11-11-14-14-11-14-14	11-11-14-11-9-11-11-11-11-14-13-13	12-13-13-12-14-11-14-14-13-14-14-13	13-14-13-13-14-14-11-14-14-14-14-11	11-13-14-14-13-14-13-14-14-14-11-13	14-14-12-14-14-13-14-14-14-14-14-14	13-14-14-14-13-14-11-11-14-14-13-11	14-11-12-14-14-13-9-11-13-14-13-10	13-14-14-14-12-11-14-11-14-11-12-14	13-11-14-14-14-11-14-11-14-14-10-14	13-14-14-14-11-14-13-14-14-11-11-14	14-14-14-14-14-14-14-10-14-14-14-11
355	0	0-0-0-0-0-0-0-0-0-0-0-0	0-0-0-0-0-0-0-0-0-0-0-0	0-0-0-0-0-0-0-0-0-0-0-0	0-0-0-0-0-0-0-0-0-0-0-0	0-0-0-0-0-0-0-0-0-0-0-0	0-0-0-0-0-0-0-0-0-0-0-0	0-0-0-0-0-0-0-0-0-0-0-0	0-0-0-0-0-0-0-0-0-0-0-0	0-0-0-0-0-0-0-0-0-0-0-0	0-0-0-0-0-0-0-0-0-0-0-0	0-0-0-0-0-0-0-0-0-0-0-0	0-0-0-0-0-0-0-0-0-0-0-0
355	1	1-1-1-1-1-1-1-1-1-1-1-1	1-1-0-1-1-1-0-0-1-1-0-0	3-2-2-2-2-2-2-0-0-1-2-1	2-0-0-2-2-2-0-4-1-0-2-0	4-0-1-2-1-1-2-2-1-0-13-1	1-0-1-0-1-3-2-1-1-1-9-0	1-1-1-0-1-1-1-0-1-1-2-3	0-1-1-1-1-0-1-2-1-0-2-0	0-0-0-0-2-1-0-2-3-1-1-1	0-1-0-0-2-2-0-1-4-0-0-2	0-1-0-0-0-0-0-0-0-1-1-1	0-1-4-1-0-1-1-0-0-0-1-1
355	2	2-2-2-2-2-2-2-2-2-2-2-2	3-2-2-1-2-2-3-2-2-3-2-3	1-3-1-1-1-3-3-3-0-4-3-3	4-3-3-1-1-4-2-1-1-2-1-0	1-2-1-1-3-1-3-3-2-2-4-3	1-4-4-3-2-5-3-1-2-2-2-2	5-2-2-2-3-2-2-3-2-2-2-5	2-1-7-3-2-2-2-1-5-2-4-7	2-5-2-2-1-2-2-3-1-2-1-2	3-2-2-2-1-1-3-2-7-3-0-1	2-3-2-0-2-2-0-2-5-3-2-2	4-2-2-2-2-2-2-0-0-3-1-2
355	3	3-3-3-3-3-3-3-3-3-3-3-3	2-3-3-1-2-3-2-4-2-2-2-4	1-2-2-4-1-2-4-5-0-5-4-4	2-2-2-1-1-1-4-1-4-4-5-0	1-6-1-1-2-5-2-4-2-6-2-2	1-2-2-2-2-1-4-4-2-3-3-3	2-3-4-2-2-3-2-2-3-3-2-2	4-1-1-2-3-3-3-2-4-3-2-7	3-2-2-2-3-2-4-2-4-3-4-2	2-1-3-5-4-3-4-2-2-2-0-1	3-2-4-3-4-4-0-2-2-4-2-4	2-2-1-2-0-3-1-3-5-2-3-2
355	4	4-4-4-4-4-4-4-4-5-4-4-4	5-7-3-1-4-5-2-3-2-2-5-3	0-4-4-3-5-2-3-6-5-2-5-3	2-6-5-5-1-2-4-1-5-3-3-0	1-6-1-4-2-3-4-5-5-6-2-2	1-2-2-2-4-1-5-3-4-4-5-2	2-3-3-2-2-8-4-5-4-4-11-2	3-1-2-3-2-0-6-2-3-3-2-0	5-2-2-2-4-2-3-2-4-4-3-2	9-2-4-7-4-4-3-5-1-0-6-1	6-2-5-5-3-3-0-7-7-3-2-3	2-2-7-7-7-4-2-3-3-3-5-5
355	5	4-3-4-5-5-5-4-5-4-5-5-6	6-4-3-6-5-5-3-4-6-7-5-6	2-5-6-6-6-5-6-6-4-3-4-5	6-6-4-6-6-2-6-1-4-3-3-6	6-3-1-7-2-3-6-4-4-3-6-2	2-2-6-2-4-2-4-5-4-5-4-7	2-2-4-2-2-3-4-4-4-4-2-2	3-1-2-2-5-3-4-2-2-7-5-7	4-2-2-5-0-6-7-6-5-6-5-5	4-7-5-3-5-13-5-4-0-2-4-1	5-6-4-4-4-6-0-2-2-2-6-2	5-5-5-2-5-5-5-3-3-5-4-4
355	6	6-7-7-6-6-6-4-6-4-8-6-5	5-8-3-5-4-5-8-8-5-5-8-5	0-6-6-8-5-5-5-5-7-8-5-7	5-7-7-5-8-4-5-5-7-7-8-5	5-3-1-7-2-3-5-4-7-8-5-6	5-3-5-10-6-1-4-5-6-6-4-6	7-6-6-2-2-7-6-4-6-4-7-2	5-6-2-5-5-7-4-2-2-6-5-0	6-2-2-2-2-5-2-5-5-5-6-5	6-2-6-5-7-5-4-10-6-2-4-7	5-5-4-0-4-5-5-2-2-5-5-2	5-2-5-5-4-5-7-5-3-5-4-7
355	7	7-8-6-6-7-7-8-8-7-8-9-8	8-4-4-8-8-4-8-8-8-5-8-8	11-8-8-8-8-8-8-8-6-6-7-6	8-8-8-6-6-8-5-9-6-6-6-8	4-8-13-6-8-3-8-8-6-8-9-8	8-8-6-8-6-7-8-8-4-3-2-9	8-6-6-3-8-6-4-8-6-9-8-2	2-6-2-8-8-7-4-10-2-5-7-7	2-0-5-9-4-5-8-8-5-6-6-5	4-5-5-4-8-5-4-7-8-9-8-6	7-2-4-0-6-9-0-4-4-4-5-2	7-5-7-4-4-5-6-6-3-5-4-6
355	8	8-8-8-8-8-8-8-8-8-7-8-8	10-9-10-7-9-9-6-7-7-9-7-7	7-7-7-6-7-7-7-7-9-8-9-8	7-7-7-6-6-7-11-5-9-9-9-7	6-7-7-6-7-9-7-7-9-6-8-7	7-8-9-7-8-7-9-8-9-8-4-7	7-9-10-8-11-8-9-7-10-12-7-2	8-6-8-9-7-9-9-10-2-8-7-8	7-9-2-9-8-8-7-7-8-4-6-11	6-2-8-9-7-5-8-9-7-9-9-9	7-2-11-8-6-7-0-0-0-2-5-2	7-5-5-4-7-8-5-3-8-8-8-9
355	9	10-10-9-9-9-8-6-8-9-13-8-8	8-8-8-10-8-8-10-10-7-10-10-10	9-10-10-6-9-10-8-10-10-10-8-10	10-10-10-10-6-10-9-7-8-8-8-7	1-10-7-9-9-8-10-10-8-9-10-10	10-9-8-9-8-13-8-11-8-8-1-7	9-6-9-10-9-9-10-10-6-7-9-9	2-6-10-8-8-10-8-8-8-9-9-12	9-11-7-8-6-5-9-10-5-9-5-5	10-11-6-8-10-5-8-8-9-12-10-8	10-1-8-10-6-10-12-10-10-2-5-9	9-5-9-7-10-5-5-9-10-8-8-8
355	10	9-10-10-10-10-10-10-8-10-9-10-10	8-11-8-7-10-10-9-9-7-9-9-9	9-9-9-6-11-9-9-9-9-11-9-9	9-9-9-9-6-9-9-7-11-11-10-7	1-9-7-9-9-10-9-10-10-6-9-9	9-9-8-7-8-9-11-10-10-10-5-10	6-11-8-9-9-10-9-9-8-8-9-10	5-6-9-8-10-9-8-8-2-8-9-9	10-10-8-11-11-7-10-9-8-9-6-8	9-9-10-11-9-5-11-6-7-9-9-11	9-10-9-9-7-9-9-9-9-2-5-10	10-2-9-10-9-8-6-9-9-13-8-8
355	11	12-12-12-12-11-12-12-12-12-12-11-12	13-10-12-13-12-12-12-13-12-12-12-12	11-12-12-12-12-12-12-12-12-12-12-12	12-9-12-12-12-12-9-11-10-12-12-7	12-11-12-6-9-10-12-12-10-12-12-12	11-12-12-11-8-9-12-11-10-10-4-10	13-10-10-8-12-9-12-12-6-8-12-12	2-12-13-12-12-9-8-12-13-12-12-9	13-9-12-12-13-11-12-12-5-11-12-8	11-12-12-10-12-12-12-13-12-9-12-10	9-2-11-10-12-11-9-10-9-12-5-11	12-12-11-12-12-5-6-9-9-12-8-13
355	12	11-11-11-12-12-11-11-12-11-11-12-11	11-13-12-11-11-11-11-11-11-11-11-11	11-13-11-11-11-11-11-11-11-11-11-11	11-11-11-11-11-11-12-11-11-11-12-7	11-9-7-5-9-12-11-11-12-12-11-11	11-11-11-11-12-9-11-12-8-12-4-12	11-11-8-12-11-12-12-11-6-8-11-11	12-11-9-11-11-9-8-11-2-11-11-9	11-9-2-11-10-11-10-11-12-11-11-12	9-11-11-13-12-11-11-11-11-9-11-10	9-13-11-12-11-11-9-13-9-11-5-12	11-11-9-11-11-13-5-12-9-11-8-11
355	13	13-13-13-13-13-13-11-13-13-11-13-13	11-12-13-11-13-12-11-11-11-13-11-9	12-12-13-11-13-12-13-13-9-13-13-13	13-13-13-11-13-13-9-13-13-13-13-7	11-9-7-13-13-13-12-13-12-13-1-11	13-13-13-11-13-9-12-13-13-13-13-12	11-13-13-13-8-13-13-11-13-13-11-12	13-11-11-10-13-11-8-11-11-12-11-9	11-13-13-10-11-13-13-9-13-11-11-12	12-13-13-13-13-5-13-11-10-13-9-13	12-12-13-12-6-5-9-13-13-13-5-12	11-11-13-4-12-13-13-9-9-13-12-11
356	0	0-0-0-0-0-0-0-0-0-0-0-0	0-0-0-0-0-0-0-0-0-0-0-0	0-0-0-0-0-0-0-0-0-0-0-0	0-0-0-0-0-0-0-0-0-0-0-0	0-0-0-0-0-0-0-0-0-0-0-0	0-0-0-0-0-0-0-0-0-0-0-0	0-0-0-0-0-0-0-0-0-0-0-0	0-0-0-0-0-0-0-0-0-0-0-0	0-0-0-0-0-0-0-0-0-0-0-0	0-0-0-0-0-0-0-0-0-0-0-0	0-0-0-0-0-0-0-0-0-0-0-0	0-0-0-0-0-0-0-0-0-0-0-0
356	1	1-1-1-1-1-1-1-1-1-2-1-1	2-2-1-0-1-2-2-2-2-2-1-2	1-3-1-3-2-2-2-2-2-2-2-2	2-2-2-2-0-0-2-5-2-2-2-0	1-1-1-0-1-1-2-0-1-5-2-0	2-2-2-1-2-2-1-3-1-1-8-2	1-1-1-1-1-1-2-2-2-1-1-1	3-1-2-1-1-2-2-2-1-1-2-2	1-2-2-1-1-2-2-1-2-8-1-2	2-2-2-2-2-2-1-1-2-2-4-1	1-2-3-2-2-2-6-2-1-2-2-2	2-2-1-1-1-2-8-2-3-1-1-2
356	2	1-1-1-1-1-1-1-1-1-1-1-1	1-1-1-2-1-1-1-1-1-1-3-1	0-2-3-2-4-1-3-1-1-1-3-3	3-1-1-1-3-3-1-3-1-1-3-0	3-0-3-3-0-2-3-3-1-1-1-3	3-1-1-1-1-3-2-2-1-1-9-1	2-1-1-1-2-1-1-1-1-1-3-1	1-2-3-2-2-1-1-3-2-1-1-1	1-1-1-1-8-1-1-3-1-1-3-1	1-1-1-1-3-3-1-1-1-1-0-3	0-1-1-1-1-1-0-1-0-1-1-1	1-2-5-1-1-1-2-1-1-1-1-1
356	3	1-1-1-1-1-1-1-1-1-1-1-3	1-1-1-2-1-1-1-4-3-1-2-3	0-1-2-2-2-7-4-4-1-4-2-2	2-4-1-2-2-2-4-2-2-3-2-0	2-3-2-2-4-2-4-2-3-1-4-2	2-4-5-1-3-2-4-4-3-3-1-3	5-4-1-3-3-1-3-2-3-1-2-4	1-2-2-4-3-1-3-4-3-4-4-1	1-1-3-3-2-1-3-4-1-1-2-1	3-3-1-2-2-2-3-3-1-1-3-2	5-6-1-1-3-3-0-3-4-3-1-3	1-3-3-3-1-1-5-1-1-1-1-3
356	4	4-4-4-4-4-4-4-4-4-1-1-4	1-4-4-2-6-1-1-5-3-3-2-6	0-4-2-2-2-3-5-5-5-5-5-2	3-3-3-2-2-3-5-2-5-4-5-0	2-0-7-2-3-5-5-5-3-1-3-2	1-3-3-1-4-2-5-3-4-4-4-5	3-3-6-3-3-4-4-5-4-4-5-3	1-2-5-3-5-1-4-3-3-4-3-1	1-1-3-3-4-1-3-5-1-1-5-5	3-5-1-5-5-5-2-4-1-1-5-2	0-1-1-4-5-6-0-3-3-5-1-3	1-3-2-1-5-4-3-1-1-1-6-5
356	5	5-5-5-5-4-5-5-5-5-6-6-5	1-6-4-1-4-1-1-4-3-3-2-4	0-5-5-1-2-3-6-4-4-4-6-5	6-4-6-1-2-2-4-2-6-6-6-0	2-6-0-7-3-4-4-5-6-1-1-2	2-3-3-1-5-2-6-3-5-4-5-4	3-3-1-3-3-5-5-6-4-5-4-4	1-2-4-3-4-1-5-5-3-4-3-1	5-3-6-3-5-3-3-4-1-5-4-4	5-4-6-6-6-4-6-4-5-6-5-2	3-3-11-7-6-6-0-6-3-4-1-5	5-6-2-5-4-1-3-1-1-1-4-4
356	6	7-5-7-1-7-5-5-1-7-5-5-7	7-5-4-7-4-7-7-7-8-3-7-7	7-7-7-8-7-7-7-7-8-5-5-7	7-7-7-7-8-7-7-8-5-5-5-7	2-8-11-8-3-4-7-7-5-7-8-7	7-7-3-9-6-7-5-7-1-4-7-7	6-7-4-7-4-6-4-5-4-6-7-3	5-2-3-7-4-1-5-6-3-5-6-1	6-3-11-3-6-7-6-7-6-5-4-4	5-7-5-5-7-2-6-5-7-5-7-6	7-3-5-7-5-5-1-5-7-5-6-3	6-5-6-6-7-1-3-1-4-1-4-6
356	7	7-7-7-7-9-5-8-7-8-7-7-8	6-8-9-6-4-6-6-6-6-8-6-6	6-6-6-6-6-3-6-6-8-8-8-6	6-6-6-6-6-6-5-6-8-8-8-6	2-6-6-5-3-8-6-6-8-7-6-6	6-7-8-7-7-6-8-6-8-7-6-6	6-7-9-7-10-7-5-7-7-7-6-3	1-7-7-6-7-1-8-7-3-7-6-1	6-7-7-3-7-6-6-6-7-7-8-3	7-6-5-6-6-3-6-7-6-3-6-7	6-3-8-6-11-5-0-5-6-7-6-3	6-6-10-6-1-7-2-10-7-8-1-7
356	8	7-7-7-7-7-8-7-11-7-7-7-7	6-7-7-8-4-7-8-6-6-7-9-11	8-9-9-6-8-9-9-9-9-7-7-8	9-8-6-6-6-6-8-6-7-7-7-6	2-9-6-8-9-7-7-9-7-8-6-8	9-8-7-8-8-11-7-7-7-7-1-6	8-7-7-7-8-8-5-9-7-6-8-9	1-7-9-7-7-10-7-6-3-8-8-8	8-10-7-8-2-1-9-9-7-1-7-8	9-8-5-8-9-2-7-5-10-10-8-2	9-1-7-8-3-8-10-8-8-8-1-8	8-5-8-6-8-1-1-8-8-8-1-5
356	9	11-11-10-11-10-11-10-11-11-11-10-11	11-11-7-8-10-11-11-10-10-10-10-10	8-8-8-11-10-10-8-11-10-10-8-10	10-9-10-10-6-8-10-6-10-10-10-6	11-8-6-10-8-10-10-8-10-10-10-6	10-10-10-6-7-8-10-9-9-9-2-9	11-10-10-9-11-9-10-10-7-7-11-10	1-9-8-10-9-8-9-10-3-10-8-8	8-8-10-8-10-10-8-10-9-10-9-10	9-9-9-10-10-10-7-7-8-8-8-10	10-10-10-9-11-11-8-11-8-11-10-8	10-8-9-11-9-10-10-9-7-9-4-10
356	10	9-9-9-9-9-9-9-9-9-9-9-9	9-9-9-8-9-9-9-9-9-9-9-9	8-8-9-9-9-9-9-9-9-9-10-9	9-10-9-9-10-10-9-6-9-9-9-6	10-10-6-9-8-9-9-10-9-9-9-10	9-9-9-10-7-8-9-8-7-9-5-9	11-9-9-10-9-8-9-9-9-7-10-9	1-10-9-9-10-8-7-9-3-9-10-8	8-8-9-8-9-9-10-9-9-9-10-9	10-10-10-9-9-9-9-9-8-8-8-9	9-9-9-9-9-10-8-9-10-10-9-8	9-10-9-10-10-9-10-9-7-10-4-9
356	11	11-11-11-9-11-9-9-11-11-9-11-9	9-9-11-10-9-9-9-9-9-11-9-9	8-8-11-9-9-11-11-9-9-11-11-11	11-11-9-11-11-11-9-11-11-11-11-6	9-8-6-11-11-11-10-11-9-11-9-6	11-11-11-11-11-8-11-11-11-11-11-11	10-11-11-11-9-11-11-9-11-11-9-11	11-11-9-11-11-8-7-9-6-11-10-8	8-11-11-11-9-9-11-9-11-9-10-9	10-11-11-11-11-11-11-9-11-11-8-11	9-9-11-9-9-9-8-9-11-11-9-11	11-11-11-9-9-11-11-9-11-11-11-9
357	0	0-0-0-0-0-0-0-0-0-0-0-0	0-0-0-0-0-0-0-0-0-0-0-0	0-0-0-0-0-0-0-0-0-0-0-0	0-0-0-0-0-0-0-0-0-0-0-0	0-0-0-0-0-0-0-0-0-0-0-0	0-0-0-0-0-0-0-0-0-0-0-0	0-0-0-0-0-0-0-0-0-0-0-0	0-0-0-0-0-0-0-0-0-0-0-0	0-0-0-0-0-0-0-0-0-0-0-0	0-0-0-0-0-0-0-0-0-0-0-0	0-0-0-0-0-0-0-0-0-0-0-0	0-0-0-0-0-0-0-0-0-0-0-0
357	1	0-1-1-0-0-1-0-1-0-0-1-1	1-1-0-0-0-0-1-0-0-0-0-1	0-0-0-0-0-0-2-0-0-0-0-0	2-0-0-0-0-0-0-0-0-0-0-1	0-1-1-0-0-0-2-0-0-0-0-2	0-0-0-1-1-0-0-0-1-1-0-2	11-0-0-11-1-1-0-2-1-1-9-0	1-0-11-0-1-0-1-0-1-0-0-1	1-0-1-0-7-0-1-1-1-0-1-0	1-1-1-0-2-0-1-0-1-0-0-0	11-0-0-0-0-1-0-1-11-1-1-1	6-1-1-1-1-0-1-11-0-1-0-0
357	2	0-2-2-2-2-1-2-2-2-2-2-2	3-1-0-2-0-2-2-3-2-2-0-1	5-3-3-0-0-3-1-3-2-2-1-2	3-3-3-0-0-0-2-2-2-0-0-7	0-5-11-0-3-0-1-2-3-1-2-1	2-2-0-1-1-0-2-0-1-2-2-1	2-0-0-2-1-2-0-1-2-0-2-0	2-0-2-2-2-7-0-0-2-2-0-0	2-7-1-0-0-0-2-1-6-0-2-2	2-2-1-3-1-2-1-2-1-2-2-0	0-2-0-0-2-2-0-0-2-2-2-2	2-2-2-2-1-0-2-0-0-2-2-0
357	3	3-3-3-5-3-3-3-4-4-4-3-4	5-3-4-3-5-4-6-3-4-3-3-4	3-2-4-4-4-4-4-4-4-3-4-3	4-2-2-4-4-4-2-4-3-5-4-2	4-2-4-5-2-3-4-4-2-3-5-3	4-4-3-3-3-5-3-4-3-3-4-4	3-7-4-1-3-2-3-4-3-3-4-4	3-3-4-4-3-2-3-4-2-2-4-0	2-0-2-3-4-3-1-4-3-5-3-4	3-3-5-6-4-4-3-4-6-2-4-4	4-3-4-0-4-13-0-0-1-3-3-3	1-3-3-2-1-3-3-0-4-0-4-3
357	4	3-4-3-3-3-4-3-3-3-3-3-3	5-4-3-3-4-3-5-4-5-5-3-4	7-5-3-3-3-9-3-3-3-4-5-4	3-5-2-3-3-3-4-3-3-4-3-2	3-4-3-3-5-4-5-5-4-4-3-3	3-3-6-5-4-3-5-3-4-4-9-4	2-4-4-1-5-4-5-5-4-5-3-7	4-3-3-5-3-3-4-6-5-4-3-0	4-11-7-4-3-6-4-4-0-3-3-3	3-4-4-3-3-3-3-3-1-2-3-3	4-4-3-0-3-4-0-4-1-7-3-4	2-4-2-2-4-4-3-0-3-5-3-3
357	5	5-5-5-5-5-4-5-5-5-5-3-5	4-9-6-3-3-3-4-6-4-4-3-6	2-4-3-3-6-4-6-7-6-7-6-6	4-4-6-4-3-3-4-3-5-6-6-2	3-2-3-3-4-7-4-4-4-8-3-3	4-3-4-4-4-3-6-3-4-5-3-5	3-3-7-1-4-7-6-4-5-5-3-4	6-3-4-4-3-2-5-4-6-5-4-0	5-4-4-4-5-3-1-4-5-3-6-4	4-4-5-7-3-3-6-4-2-1-0-3	1-4-9-5-6-3-0-0-1-6-4-6	1-4-2-2-1-5-3-0-9-4-5-3
357	6	7-3-6-6-6-7-6-5-8-6-6-6	7-7-5-3-7-7-3-8-3-4-7-5	0-6-3-3-7-4-5-8-7-4-7-5	4-5-7-7-3-4-6-3-6-5-5-2	3-1-2-3-4-5-6-6-7-4-4-3	3-3-4-1-6-3-7-5-6-6-8-4	2-3-5-1-4-6-7-7-6-6-1-4	5-3-3-5-3-13-8-4-5-5-4-0	2-2-5-4-10-4-1-4-6-6-5-7	8-3-6-9-3-6-5-9-3-1-1-3	1-4-7-3-5-3-0-0-1-5-2-5	1-3-2-1-1-6-3-1-7-1-7-7
357	7	6-5-6-6-7-8-6-3-6-7-7-7	8-5-5-3-9-8-3-6-8-9-7-8	4-7-8-3-6-5-8-8-6-5-6-7	8-5-6-8-3-4-8-3-6-5-5-2	8-5-3-8-4-5-8-6-9-7-5-3	4-3-4-3-6-3-6-7-6-7-11-8	2-3-5-1-4-5-6-6-6-6-3-4	5-3-4-7-3-2-6-4-4-6-8-0	1-2-4-4-1-9-1-8-9-9-7-7	12-4-7-5-3-9-6-7-3-1-4-3	7-8-6-0-6-8-0-4-1-4-9-4	7-9-7-2-1-8-7-8-5-8-6-6
357	8	8-5-8-8-8-8-10-8-6-9-9-7	7-6-6-3-6-7-10-9-7-4-10-7	4-9-10-11-9-10-9-7-10-10-9-9	7-8-8-9-11-11-7-7-8-9-5-2	7-5-3-9-4-5-7-6-7-11-3-3	4-3-7-9-6-3-7-7-8-8-6-7	2-8-8-1-4-8-7-7-8-8-3-7	5-8-9-10-3-2-6-4-4-8-9-0	4-2-4-4-4-7-4-7-7-7-8-7	8-4-8-5-3-7-6-11-1-0-4-8	4-7-7-0-6-7-0-4-1-4-7-4	7-4-7-2-3-7-9-7-5-7-6-6
357	9	9-7-8-8-10-10-9-9-9-8-8-6	9-5-5-9-7-7-8-8-7-4-8-7	11-8-10-8-8-4-8-8-8-8-8-8	10-10-10-8-8-10-7-10-7-8-5-2	11-1-14-10-4-5-10-10-7-8-9-10	4-11-9-8-6-14-5-5-6-8-4-10	4-8-8-1-4-9-7-10-8-9-1-13	4-9-9-10-3-13-6-9-14-8-9-13	4-4-4-10-9-7-2-10-7-7-9-7	8-4-9-6-9-7-6-6-10-0-9-9	4-7-5-0-8-9-0-4-1-4-7-4	7-7-11-1-1-7-8-0-5-9-6-6
357	10	10-10-10-10-9-9-8-10-10-13-10-10	10-12-10-9-7-7-8-11-7-10-8-7	9-10-9-8-9-10-11-11-8-8-11-11	9-10-9-9-8-9-11-9-11-10-10-2	9-2-9-9-4-11-9-9-11-8-9-9	4-9-13-8-10-9-11-10-10-10-9-9	2-13-11-1-11-10-6-11-8-10-1-7	10-9-9-11-11-2-10-9-4-10-9-0	9-10-4-9-6-9-1-9-7-6-6-10	9-9-10-7-9-11-3-6-9-1-0-9	12-7-6-10-12-9-0-0-1-4-7-4	7-4-9-1-10-9-8-10-5-1-6-6
357	11	10-11-11-11-11-11-11-11-12-10-11-12	13-12-12-9-12-13-13-12-7-12-8-13	9-11-9-8-9-10-10-10-8-12-10-10	12-11-12-9-8-8-10-9-10-12-10-1	9-1-2-9-12-10-11-11-12-8-9-9	0-9-10-8-11-9-12-11-11-11-7-9	2-13-10-1-10-11-12-10-11-11-1-12	5-9-1-10-10-13-10-11-4-13-9-11	2-4-10-9-11-9-1-14-10-11-11-9	9-4-10-11-3-10-12-11-11-1-12-11	1-7-6-11-14-3-0-14-1-3-7-9	11-3-9-1-1-6-8-12-10-9-11-3
357	12	12-12-14-14-13-14-13-12-13-14-13-13	13-10-11-13-13-13-13-13-13-13-12-14	13-13-13-12-13-13-12-13-13-13-13-12	13-12-13-12-13-13-13-9-13-13-13-14	13-13-13-13-13-10-11-11-11-8-9-9	12-9-10-13-11-9-11-13-11-11-3-13	13-11-12-2-10-13-11-13-8-13-13-11	12-9-13-12-12-12-13-13-13-13-12-13	12-13-12-9-3-13-13-11-7-13-13-10	13-12-10-12-13-13-11-12-12-12-13-13	10-7-14-11-13-14-13-13-13-14-7-9	14-14-12-14-10-7-8-12-13-9-13-14
357	13	10-12-14-12-12-13-12-12-12-10-12-12	12-10-11-12-12-12-12-12-12-12-12-11	12-12-12-14-12-12-14-13-12-12-13-13	12-13-12-14-12-13-12-9-12-12-12-13	12-14-13-12-12-13-14-13-12-14-12-13	13-11-10-13-11-14-12-12-10-10-13-12	14-11-12-13-13-12-11-13-8-12-13-13	4-9-12-13-12-9-12-12-12-12-13-13	14-12-12-4-9-12-13-13-7-12-12-7	12-13-9-13-3-12-11-12-12-12-12-12	13-7-13-10-12-3-12-12-13-12-7-4	13-13-13-13-13-13-8-13-12-13-12-12
357	14	14-14-14-12-14-12-12-14-14-12-14-14	12-11-14-12-12-12-12-12-12-14-12-12	13-13-14-13-14-13-13-14-12-14-14-13	13-14-13-13-14-14-12-9-11-14-14-13	14-13-14-14-14-14-13-14-11-14-9-9	14-14-14-14-14-9-11-12-14-14-14-14	13-14-14-14-10-14-11-13-14-14-13-11	14-9-9-13-14-12-14-9-9-14-13-14	13-14-14-14-3-14-14-11-14-12-12-7	12-12-14-14-14-7-14-12-14-14-14-14	13-14-14-10-12-12-14-12-14-12-7-4	13-12-14-12-13-14-14-13-14-14-14-12
358	0	0-0-0-0-0-0-0-0-0-0-0-0	0-0-0-0-0-0-0-0-0-0-0-0	0-0-0-0-0-0-0-0-0-0-0-0	0-0-0-0-0-0-0-0-0-0-0-0	0-0-0-0-0-0-0-0-0-0-0-0	0-0-0-0-0-0-0-0-0-0-0-0	0-0-0-0-0-0-0-0-0-0-0-0	0-0-0-0-0-0-0-0-0-0-0-0	0-0-0-0-0-0-0-0-0-0-0-0	0-0-0-0-0-0-0-0-0-0-0-0	0-0-0-0-0-0-0-0-0-0-0-0	0-0-0-0-0-0-0-0-0-0-0-0
358	1	1-1-1-1-1-1-1-1-1-1-1-1	2-1-1-2-2-1-2-1-1-1-2-1	1-2-0-1-1-2-1-2-2-2-1-1	2-2-2-2-0-0-2-1-1-2-1-0	5-0-1-5-1-1-2-1-2-2-4-0	2-2-2-1-1-0-2-2-1-1-7-2	7-1-1-1-2-1-2-2-1-1-1-1	2-1-1-1-1-3-1-1-1-1-4-2	1-0-2-1-2-3-7-0-3-1-1-3	2-1-1-3-1-1-1-1-2-1-0-1	1-3-2-0-2-2-0-2-0-1-3-1	2-1-1-1-1-2-1-5-2-1-1-1
358	2	1-1-1-1-1-1-1-1-1-1-1-3	1-1-1-3-1-1-1-1-1-1-4-1	2-2-3-3-4-1-3-3-1-3-3-3	3-3-1-3-3-3-1-3-1-1-3-3	4-3-4-2-0-2-3-2-1-1-1-3	1-3-3-1-1-0-3-1-1-1-3-1	2-2-1-1-1-1-1-3-1-1-3-4	1-3-3-3-2-1-1-3-2-6-3-1	1-0-1-2-10-1-3-3-1-2-3-1	1-5-1-1-5-3-4-3-6-1-0-3	3-1-1-0-1-6-0-1-0-1-1-1	1-2-5-1-1-1-5-1-3-1-3-1
358	3	1-1-2-2-2-1-1-2-2-1-1-2	1-1-1-2-1-1-2-3-3-4-2-2	0-4-2-2-2-6-2-2-1-5-4-2	2-4-4-2-2-2-1-2-1-3-4-2	2-3-2-2-4-3-4-4-3-3-1-2	4-4-5-5-3-5-4-1-3-3-9-3	2-3-1-3-4-3-3-2-3-1-2-6	3-2-2-4-3-1-1-2-5-6-2-0	3-0-3-4-3-1-2-4-1-1-2-1	4-3-3-1-2-2-3-2-4-0-3-2	3-1-1-0-3-3-0-5-3-7-1-3	1-3-2-5-3-1-1-1-2-3-2-1
358	4	4-4-4-4-5-6-4-4-4-2-5-4	1-6-1-2-1-1-2-5-2-3-2-3	0-4-2-2-2-3-5-5-2-3-5-5	3-3-3-2-2-2-1-2-5-4-3-2	2-0-2-2-3-5-3-3-3-3-1-2	3-3-3-1-1-0-3-4-3-4-9-4	2-2-4-3-3-3-6-5-4-4-2-2	4-2-3-5-2-1-4-3-3-5-1-1	3-0-3-3-3-1-1-3-2-5-5-1	5-3-4-4-1-2-2-2-3-1-3-2	6-1-1-4-3-5-0-3-3-3-1-3	4-3-2-3-2-1-1-1-6-1-1-1
358	5	5-4-5-6-5-5-5-4-4-5-5-5	6-4-7-2-1-1-2-6-2-6-2-6	6-5-2-2-6-4-6-4-2-3-6-6	6-6-6-5-2-3-9-2-6-6-7-0	1-0-2-9-3-4-6-6-6-3-1-2	3-3-3-3-5-3-6-6-5-5-5-3	9-2-6-3-3-3-6-6-1-5-2-2	4-2-1-4-2-1-6-5-3-4-3-1	3-0-4-3-7-3-6-4-5-4-4-6	4-2-7-6-2-5-6-5-5-1-3-2	6-1-10-7-6-6-0-3-3-6-1-3	7-2-2-3-1-1-2-1-1-1-5-6
358	6	5-4-4-5-6-4-5-5-6-6-5-4	5-4-5-7-1-8-7-5-7-5-7-7	5-6-7-7-7-3-7-7-7-5-5-5	7-7-7-7-7-7-5-8-5-5-5-6	7-6-8-7-3-4-7-7-5-7-7-7	7-7-3-10-6-8-5-5-3-5-5-7	2-2-5-3-3-3-5-5-3-8-7-3	3-6-3-7-3-6-5-5-3-2-6-1	3-0-10-3-6-1-2-7-5-6-8-5	10-7-9-6-7-5-6-5-7-8-6-7	4-3-5-5-5-7-0-6-7-5-6-3	5-6-6-6-10-1-2-6-4-5-5-5
358	7	7-10-7-7-7-8-8-8-7-7-8-7	6-8-5-6-1-6-6-6-6-9-6-6	0-7-6-6-6-9-6-6-7-7-8-6	6-6-6-6-6-6-5-6-8-8-5-6	6-6-6-6-3-8-6-6-8-6-6-6	6-6-8-7-9-6-8-7-3-7-1-6	9-7-7-6-10-4-8-8-4-6-6-7	1-6-8-6-8-1-7-6-3-9-6-0	6-1-3-3-5-1-1-6-9-6-7-8	8-6-7-8-6-6-8-5-6-8-6-7	0-5-5-5-10-6-0-6-6-3-1-3	5-6-6-6-6-6-2-7-6-7-5-7
358	8	8-7-7-7-8-7-7-7-7-7-7-9	9-7-7-9-9-9-9-9-6-7-9-10	8-9-9-9-8-8-9-9-9-9-7-9	9-9-6-9-6-9-8-6-7-7-7-8	6-8-6-6-9-7-9-9-7-6-8-8	7-7-7-6-8-6-7-7-7-7-1-6	8-7-7-8-8-8-7-7-4-6-9-9	3-6-7-7-7-9-7-6-3-8-8-9	8-8-3-10-2-1-8-9-6-7-6-7	9-3-6-9-7-6-7-5-9-9-9-2	9-1-7-5-3-9-10-8-9-3-7-8	8-6-8-6-8-1-1-0-8-9-4-10
358	9	9-8-10-10-6-9-8-7-10-10-7-8	8-7-7-8-8-8-8-8-10-7-8-8	9-8-8-8-9-8-8-8-8-8-5-8	10-8-10-8-2-8-8-9-9-9-9-8	9-8-9-9-8-7-8-8-9-10-9-6	10-8-10-6-7-10-7-8-9-4-3-3	10-9-3-9-10-9-9-10-9-6-8-8	3-9-6-9-9-8-7-10-3-8-8-8	3-8-3-6-9-9-8-8-7-1-9-7	8-9-6-8-8-10-7-5-8-8-8-9	8-9-5-5-7-8-8-9-8-9-1-8	8-10-8-9-9-1-9-0-8-8-9-7
358	10	10-10-10-10-10-10-10-10-10-10-10-10	8-7-10-8-10-9-8-9-9-10-6-8	8-8-8-8-10-10-10-10-8-10-10-10	9-10-9-10-10-10-5-10-10-10-10-6	10-8-9-10-10-10-9-10-10-10-2-6	10-10-10-6-10-9-10-10-10-10-10-10	9-10-10-10-9-10-10-9-10-10-9-10	10-10-2-10-10-8-7-9-3-10-10-8	3-10-10-10-2-10-10-8-10-1-9-8	6-10-10-10-10-9-10-5-10-10-10-10	8-10-5-5-10-10-8-10-10-10-10-10	10-9-10-9-6-10-10-0-10-10-10-10
359	0	0-0-0-0-0-0-0-0-0-0-0-0	0-0-0-0-0-0-0-0-0-0-0-0	0-0-0-0-0-0-0-0-0-0-0-0	0-0-0-0-0-0-0-0-0-0-0-0	0-0-0-0-0-0-0-0-0-0-0-0	0-0-0-0-0-0-0-0-0-0-0-0	0-0-0-0-0-0-0-0-0-0-0-0	0-0-0-0-0-0-0-0-0-0-0-0	0-0-0-0-0-0-0-0-0-0-0-0	0-0-0-0-0-0-0-0-0-0-0-0	0-0-0-0-0-0-0-0-0-0-0-0	0-0-0-0-0-0-0-0-0-0-0-0
359	1	1-1-1-1-1-1-1-1-1-1-1-1	2-2-1-0-2-2-0-2-2-1-2-2	1-3-0-1-3-2-2-0-1-2-2-2	2-0-2-2-0-0-2-1-2-2-1-2	5-3-1-0-0-1-1-0-1-5-5-0	2-3-2-0-0-1-1-0-1-1-15-0	1-1-1-1-1-1-3-5-2-1-1-0	1-1-2-5-1-1-3-2-0-1-2-2	1-2-2-1-3-3-2-2-3-3-1-2	2-2-1-1-2-2-2-2-0-2-0-2	1-2-2-1-2-1-3-2-1-1-3-1	2-2-1-1-1-2-3-3-2-1-2-3
359	2	1-1-1-1-1-1-1-1-1-1-1-1	1-1-1-3-1-1-5-1-1-1-3-3	4-1-3-3-4-1-3-3-1-1-3-1	3-2-1-5-3-3-1-6-1-1-3-4	3-1-6-3-0-3-3-2-1-1-3-2	1-5-3-0-2-5-3-2-1-1-2-3	2-1-1-1-2-2-1-3-1-2-3-3	1-3-3-2-2-2-1-1-2-1-3-1	2-1-1-2-3-1-1-3-1-1-4-1	1-2-1-1-1-1-4-1-2-1-0-1	0-1-1-1-1-2-0-1-1-3-1-1	1-1-5-1-1-1-2-1-1-0-1-1
359	3	1-3-1-3-3-3-3-3-3-1-3-3	1-3-1-2-4-1-4-4-3-4-2-3	8-4-2-2-2-4-2-4-1-5-2-4	2-4-4-2-2-2-1-2-1-3-2-2	2-3-2-2-4-2-4-2-3-3-2-2	9-5-5-4-3-6-4-2-3-3-8-2	2-1-1-3-4-3-1-2-3-3-2-6	3-2-2-4-3-3-1-5-6-3-2-8	3-8-3-3-7-1-8-4-1-1-2-1	4-3-3-1-2-1-1-1-3-4-3-1	7-1-1-1-3-3-1-7-6-4-1-3	1-3-5-4-3-1-1-1-1-4-2-1
359	4	4-4-4-4-4-4-4-4-4-4-4-4	3-4-5-2-3-4-3-5-3-3-2-5	2-3-3-2-2-3-5-6-5-6-5-5	3-3-3-2-2-2-5-2-5-5-6-2	2-4-2-2-3-6-3-3-3-6-6-2	3-3-3-3-3-2-5-5-3-4-2-4	2-4-5-15-3-4-5-3-4-3-2-3	5-2-2-3-4-4-4-3-5-4-3-3	4-3-3-3-4-1-0-3-1-4-5-3	3-3-4-6-2-1-5-1-2-3-0-5	3-1-1-1-5-1-8-3-3-5-1-5	1-3-3-3-1-1-2-1-11-3-4-1
359	5	5-5-5-5-5-5-5-5-6-5-5-5	6-6-4-2-7-6-7-7-3-3-2-4	3-5-2-2-6-3-4-7-6-3-6-4	3-4-6-2-2-3-5-2-6-4-4-2	2-4-2-2-3-4-5-6-6-1-1-2	2-3-3-3-5-2-6-4-5-5-5-7	3-4-4-0-3-5-6-1-5-5-2-10	4-2-2-4-3-4-7-3-4-4-3-3	6-3-3-6-5-1-0-3-1-4-4-1	3-3-5-1-5-5-4-6-2-3-7-4	3-1-12-7-4-1-0-0-3-4-1-4	1-3-3-3-1-1-1-1-4-1-6-1
359	6	5-4-5-6-6-7-5-6-5-6-7-5	5-5-4-2-5-5-4-5-7-8-6-7	3-6-7-2-5-6-7-4-5-4-5-6	7-4-5-7-8-3-7-2-8-4-4-2	11-4-2-9-3-4-7-5-5-4-4-2	3-6-7-3-5-3-5-6-5-6-2-7	3-6-4-0-3-5-5-5-5-5-2-7	4-2-2-7-6-4-5-3-3-4-3-1	3-3-3-6-3-6-0-7-8-8-6-6	3-3-6-4-2-8-5-5-2-3-3-7	3-1-5-1-5-7-0-3-3-3-7-3	6-8-6-3-3-1-6-7-4-7-5-1
359	7	7-7-7-7-7-7-5-8-5-9-7-6	6-9-4-2-5-6-8-9-6-6-9-6	2-8-9-11-6-9-8-6-9-9-6-8	6-5-8-6-11-9-6-11-6-7-11-6	6-5-2-8-3-4-6-5-8-10-8-2	3-4-8-9-7-3-5-6-7-7-2-6	8-7-9-3-3-5-5-6-7-15-2-6	4-7-3-6-6-7-5-3-3-7-8-3	3-3-3-7-3-6-3-6-6-10-7-6	8-3-7-4-8-11-5-13-7-3-3-7	3-1-8-5-8-6-1-3-3-3-6-3	6-3-6-3-1-1-8-6-4-6-5-10
359	8	8-11-9-7-8-7-8-7-8-8-9-8	1-4-4-9-5-6-7-7-6-6-9-9	9-7-9-7-7-3-9-9-7-7-9-7	9-9-7-7-10-10-4-10-6-5-4-9	10-10-10-7-3-4-9-9-7-7-9-8	9-10-7-10-7-10-9-8-5-7-3-10	9-7-5-3-9-8-5-9-7-8-10-11	3-9-16-9-8-8-5-16-3-6-10-3	3-3-3-8-11-1-3-9-6-6-11-6	7-9-11-4-9-6-9-5-9-14-9-8	3-1-4-5-7-11-9-3-9-11-6-3	8-6-8-10-11-1-7-1-4-9-5-1
359	9	9-9-9-9-9-9-10-9-9-10-9-9	7-11-10-8-6-6-7-7-6-10-8-8	8-9-8-7-8-10-8-10-7-10-10-9	8-8-10-7-8-8-11-8-10-10-9-8	8-8-8-6-8-10-8-8-9-7-8-8	3-8-10-7-9-8-8-9-5-9-3-8	8-9-7-8-10-9-11-8-7-9-8-8	9-8-10-10-10-9-11-9-3-9-8-3	8-9-10-8-5-1-3-8-11-7-5-10	9-8-9-10-8-8-10-7-8-3-8-8	9-6-13-9-13-8-13-11-8-8-6-3	10-8-6-8-8-1-7-1-12-8-5-5
359	10	11-12-9-9-11-11-9-11-9-9-9-10	11-9-9-8-9-10-12-11-6-12-13-9	8-10-8-7-11-9-11-9-11-9-9-11	10-11-11-11-8-8-11-8-9-11-9-8	8-8-8-11-13-9-11-10-11-7-11-8	15-8-9-8-10-8-11-9-10-10-4-8	8-11-7-8-9-8-11-11-10-13-8-12	6-8-9-9-9-10-9-8-3-11-8-11	3-11-9-8-8-12-0-11-9-7-10-11	9-3-6-11-11-8-11-7-10-10-8-8	0-1-1-10-11-10-13-11-8-10-12-3	9-10-6-10-8-1-7-10-1-8-5-10
359	11	10-11-14-12-10-10-9-10-11-11-9-12	10-9-9-8-9-12-13-10-13-10-10-9	13-12-13-7-10-12-10-12-10-10-10-10	12-10-10-10-12-12-10-15-9-10-9-14	6-12-15-10-10-9-12-12-10-11-10-12	12-12-9-12-10-8-10-9-10-5-10-11	12-10-9-12-9-11-10-10-10-11-12-11	6-9-12-12-8-12-9-11-11-10-8-10	12-10-3-12-8-6-11-10-9-12-8-10	12-8-8-10-10-6-12-6-11-11-11-11	11-1-9-10-10-8-11-14-12-8-6-11	11-10-11-11-8-1-12-11-4-11-5-1
359	12	12-12-13-11-12-10-12-12-12-12-12-13	10-13-13-8-14-10-10-13-14-10-14-13	11-11-11-7-11-11-13-11-13-13-13-12	11-10-11-10-11-11-13-8-13-10-12-11	8-11-11-10-10-12-11-11-13-11-10-11	11-11-10-11-12-8-11-12-13-12-10-12	11-10-14-11-9-12-15-10-12-14-11-8	12-8-11-11-9-11-9-14-11-12-11-10	11-10-3-11-12-10-11-8-8-11-9-9	11-8-12-13-10-11-11-15-11-11-8-8	11-1-5-10-10-12-11-11-11-11-10-11	11-10-11-11-12-12-11-13-13-11-12-15
359	13	10-13-13-14-11-10-14-12-13-11-16-12	10-12-12-14-12-10-11-12-14-14-10-12	11-13-14-16-14-14-14-11-12-12-12-14	14-14-14-15-14-14-14-8-12-11-13-11	14-11-11-14-14-12-14-14-12-13-15-14	14-14-14-13-10-8-14-12-12-12-3-15	11-10-12-11-14-11-12-14-12-16-8-14	3-8-13-14-13-11-9-13-11-10-13-10	3-10-15-14-11-14-11-8-9-12-13-10	13-13-8-12-13-13-14-7-11-11-8-11	13-1-12-10-12-8-9-11-13-13-6-13	11-14-11-11-13-1-14-9-4-14-5-14
359	14	14-15-16-13-15-15-13-14-16-14-14-14	15-15-15-13-14-10-15-15-13-13-15-15	11-14-13-13-13-13-15-14-14-15-15-13	13-13-13-13-13-13-15-11-15-14-14-11	13-11-11-13-13-15-13-13-15-14-13-13	13-13-13-14-14-8-13-14-14-14-3-14	11-10-12-11-16-14-15-13-14-14-13-13	14-8-13-13-13-11-9-12-11-12-13-10	11-10-13-13-14-11-11-8-14-12-13-11	11-13-12-12-10-13-13-7-11-8-8-11	11-13-13-15-9-8-10-11-11-13-6-13	11-13-11-11-13-12-13-0-14-11-16-13
359	15	14-16-14-16-15-14-15-16-15-15-12-14	14-12-14-15-14-10-16-14-16-16-16-14	15-15-16-16-15-15-14-15-15-14-14-15	13-15-13-13-13-13-15-11-14-14-14-11	13-11-11-13-15-14-16-13-14-15-13-15	14-15-13-15-15-16-14-12-14-14-15-13	15-12-15-15-15-15-12-14-14-7-11-14	15-8-11-13-13-16-9-8-11-15-15-16	15-10-13-13-8-1-15-15-6-11-13-10	9-13-15-12-9-13-13-12-11-15-15-11	15-1-12-14-15-8-15-15-15-13-6-13	11-13-15-11-15-1-7-15-16-15-5-12
359	16	16-16-16-16-16-16-14-16-16-16-16-16	14-14-16-15-16-16-15-14-15-16-15-15	15-15-16-13-15-16-16-16-15-16-16-16	16-16-15-16-16-16-15-16-16-16-16-15	16-15-11-16-16-16-15-16-14-16-8-8	16-16-16-16-16-15-16-16-16-16-16-14	11-16-16-16-14-16-16-15-16-16-15-15	16-8-8-16-16-15-9-8-11-16-13-15	15-16-13-16-8-16-16-15-16-1-8-6	11-16-16-16-16-16-16-12-11-16-15-16	15-16-16-14-12-11-15-16-16-16-1-13	12-13-16-11-16-16-16-15-16-16-16-1
360	0	0-0-0-0-0-0-0-0-0-0-0-0	0-0-0-0-0-0-0-0-0-0-0-0	0-0-0-0-0-0-0-0-0-0-0-0	0-0-0-0-0-0-0-0-0-0-0-0	0-0-0-0-0-0-0-0-0-0-0-0	0-0-0-0-0-0-0-0-0-0-0-0	0-0-0-0-0-0-0-0-0-0-0-0	0-0-0-0-0-0-0-0-0-0-0-0	0-0-0-0-0-0-0-0-0-0-0-0	0-0-0-0-0-0-0-0-0-0-0-0	0-0-0-0-0-0-0-0-0-0-0-0	0-0-0-0-0-0-0-0-0-0-0-0
360	1	1-1-1-1-1-1-1-1-1-1-1-1	1-0-0-0-0-1-1-2-2-0-1-2	1-1-2-1-1-1-2-1-2-0-0-1	2-2-2-1-1-1-0-1-0-0-0-1	1-1-1-0-2-0-2-0-0-0-1-1	1-1-0-3-2-1-2-1-2-0-0-0	0-1-0-1-1-0-0-2-1-0-1-1	1-1-1-1-0-2-1-1-1-1-2-2	0-2-2-1-1-1-1-1-1-1-1-2	1-1-1-1-1-1-1-1-1-2-9-1	0-1-0-1-1-1-0-1-0-1-1-0	1-1-1-0-0-1-0-1-1-1-1-1
360	2	2-2-2-2-2-2-3-2-2-2-2-2	1-2-0-2-2-2-2-2-1-2-3-3	5-3-3-3-3-3-3-3-1-2-2-3	3-1-1-3-3-3-0-5-3-0-3-4	3-1-2-3-1-2-3-2-1-2-2-2	2-3-3-6-2-2-3-3-1-2-0-3	3-2-2-2-2-2-1-1-1-2-5-2	2-2-3-2-2-1-0-2-2-2-3-1	2-1-1-2-3-2-1-3-4-4-3-1	3-2-3-5-3-3-1-0-9-1-2-3	2-2-2-0-0-2-3-1-9-2-2-2	1-2-2-2-4-2-2-0-0-2-3-2
360	3	3-3-2-3-3-3-3-3-3-3-3-3	4-3-2-2-4-2-4-3-3-4-2-2	2-2-2-2-2-8-2-2-2-2-4-2	2-4-4-4-2-2-4-2-3-3-2-2	2-3-2-2-4-2-4-4-3-3-5-2	8-2-5-7-3-2-4-2-3-3-12-2	2-3-3-3-4-2-4-4-3-3-2-6	2-2-2-4-2-2-3-2-12-3-2-3	3-1-4-4-2-5-8-4-0-3-2-4	2-2-2-4-2-2-1-3-2-6-2-2	3-3-3-1-4-3-2-3-6-4-2-3	1-3-2-4-2-3-2-3-0-4-2-4
360	4	4-4-4-4-3-4-4-4-4-4-3-4	3-4-5-2-3-4-3-5-3-3-2-5	2-3-2-2-2-3-5-6-5-6-5-5	3-3-3-3-2-3-5-2-5-5-6-2	2-5-2-2-3-6-3-3-3-7-6-2	3-3-3-2-3-2-5-5-3-4-0-4	2-2-5-3-3-0-3-5-4-4-3-3	5-2-2-3-4-4-4-3-5-5-1-3	4-1-3-3-4-3-5-3-4-4-5-3	2-2-4-6-2-4-5-1-2-3-2-2	4-3-8-4-5-5-2-3-3-5-3-5	1-3-2-3-2-2-2-4-5-3-4-3
360	5	5-5-5-5-5-5-5-4-7-5-5-5	6-4-4-2-8-6-7-4-3-3-6-4	2-5-3-4-6-3-4-7-6-3-6-4	3-3-6-6-2-3-7-2-6-4-4-2	2-4-2-2-3-4-5-7-6-3-3-2	2-1-3-2-5-2-6-4-5-5-7-3	2-2-4-1-3-0-6-6-5-5-2-3	4-3-2-4-2-4-8-5-4-4-1-3	6-1-4-2-5-3-5-2-5-5-4-3	8-2-5-2-5-5-4-6-2-1-7-2	3-3-6-6-4-4-2-10-5-4-2-4	1-2-2-8-2-5-2-4-4-5-6-6
360	6	5-4-5-6-5-6-5-6-5-6-6-6	5-4-4-2-8-6-4-6-7-8-6-7	3-6-7-2-5-4-7-7-5-4-5-6	7-3-5-7-2-3-7-2-7-5-4-2	7-4-2-8-3-4-7-5-5-6-4-2	7-10-7-2-5-2-5-7-5-6-5-7	2-2-4-1-3-0-5-5-5-5-2-3	4-2-3-7-7-4-5-3-3-4-8-6	5-1-3-6-3-8-1-7-6-7-6-8	5-3-6-4-2-15-5-5-2-3-5-2	6-8-5-5-5-7-7-3-3-3-8-3	1-8-6-3-6-6-6-7-4-6-5-5
360	7	7-7-5-7-8-7-5-7-5-8-8-6	6-4-4-2-5-6-8-8-6-3-8-6	2-7-9-9-8-9-8-6-9-9-6-8	6-8-8-6-8-9-6-14-6-9-4-6	6-8-4-8-3-4-6-5-8-9-6-7	6-2-6-8-5-2-5-6-7-7-5-6	2-8-8-6-3-7-5-5-7-10-8-8	4-7-9-6-6-8-5-3-3-7-8-3	8-1-3-3-3-6-3-6-6-6-7-6	8-3-7-6-8-6-5-12-2-3-5-2	6-6-5-5-5-6-6-3-3-6-6-3	6-3-6-6-6-6-7-6-4-6-5-7
360	8	7-9-8-7-8-9-8-9-7-7-7-8	8-7-4-9-5-9-9-7-9-6-9-9	9-8-9-7-7-3-9-9-7-10-6-7	9-9-7-9-9-9-6-9-7-4-9-2	9-7-2-7-3-4-9-9-6-8-9-9	3-9-9-7-7-9-4-4-5-7-5-8	2-7-7-3-9-8-5-5-7-8-9-8	6-9-3-9-9-9-5-8-3-8-6-3	7-3-6-9-8-6-3-9-6-6-15-6	9-9-8-5-9-9-5-5-8-1-5-9	6-6-5-5-7-8-9-6-5-8-6-3	1-6-8-5-8-6-7-7-4-8-5-5
360	9	9-9-9-9-9-9-9-8-9-10-9-9	10-10-9-8-6-8-8-8-8-10-8-10	8-8-8-7-8-10-8-8-7-7-10-8	8-9-9-8-8-8-10-8-10-10-10-2	10-9-2-8-3-10-8-8-10-7-8-8	3-8-10-7-10-8-10-9-9-9-6-9	2-10-9-10-8-9-5-8-7-9-8-9	9-8-7-8-8-8-15-10-3-9-1-3	3-9-3-8-5-6-1-8-6-5-8-9	8-8-9-10-8-8-8-9-2-1-10-8	10-6-5-14-10-12-9-3-3-8-6-3	1-10-6-3-8-8-7-10-10-9-5-5
360	10	11-11-11-11-11-11-11-11-11-13-11-13	11-9-9-11-11-11-11-11-11-9-11-12	10-10-12-7-10-11-11-11-10-11-9-10	10-10-11-10-8-11-10-10-9-10-9-10	9-12-13-10-12-9-10-10-9-7-10-11	11-11-9-10-9-15-9-11-9-9-11-9	11-9-10-13-10-10-10-10-7-7-11-9	11-8-11-11-9-11-9-9-10-14-12-14	10-10-10-9-12-10-13-11-6-10-8-6	11-11-13-9-12-11-12-10-11-12-12-8	13-2-11-11-11-14-12-12-12-10-8-10	15-9-10-11-12-12-7-10-11-13-5-13
360	11	12-12-12-13-12-12-12-14-12-12-12-15	13-12-12-10-12-13-10-12-14-12-13-12	11-11-12-15-12-12-12-12-12-11-11-12	12-10-12-12-11-10-12-12-11-12-11-10	14-10-10-12-10-11-11-11-11-14-14-10	10-10-14-14-12-14-11-14-14-11-10-12	10-12-12-10-10-12-12-10-12-14-10-14	12-8-13-11-11-10-11-14-3-14-10-10	11-10-12-11-14-12-10-10-12-14-8-12	12-13-13-12-12-12-13-10-10-10-10-12	10-12-13-9-10-12-10-10-10-11-12-11	11-11-12-12-13-14-7-13-12-12-13-13
360	12	11-11-11-11-11-11-11-11-11-11-11-11	11-11-11-14-11-11-10-11-11-11-13-11	13-12-13-11-14-11-13-11-13-12-12-13	13-11-11-11-13-13-11-11-11-11-12-10	11-10-10-11-10-12-13-13-11-11-11-12	11-10-11-12-11-10-13-11-11-11-3-11	13-11-11-10-13-11-11-13-11-11-13-12	11-8-11-13-13-11-9-11-3-10-10-10	11-10-11-14-15-11-10-13-11-11-12-11	13-12-11-11-13-14-11-7-13-10-10-11	10-11-11-9-11-11-10-10-10-12-11-11	11-11-11-13-10-11-12-11-11-11-5-11
360	13	11-11-11-11-11-11-11-11-11-11-11-11	11-11-11-11-11-11-11-12-11-11-12-11	12-12-12-11-12-11-12-11-12-12-14-12	12-13-13-12-12-12-11-11-14-11-12-10	11-10-10-11-10-12-14-12-14-11-11-10	10-10-12-10-13-10-14-11-14-13-10-14	12-11-9-10-12-13-11-14-7-11-12-12	11-8-11-12-12-10-14-11-3-11-10-10	11-10-12-12-13-11-10-12-11-11-12-13	12-11-11-11-12-11-11-13-12-10-10-12	10-11-11-9-15-11-10-10-10-12-11-11	11-11-6-12-11-11-12-11-11-10-13-15
360	14	11-11-11-11-11-11-11-11-11-11-11-11	11-11-11-12-11-11-11-13-11-11-11-11	14-12-12-12-12-11-12-11-12-12-13-12	15-10-14-12-12-12-11-8-13-13-12-14	11-10-14-11-14-13-13-12-13-11-11-14	11-14-11-11-14-11-13-11-13-13-10-13	14-11-11-14-13-14-13-13-11-11-10-11	11-8-11-12-12-14-13-11-14-10-12-10	14-14-14-12-11-11-14-12-6-11-12-11	14-12-14-11-14-12-11-13-14-10-10-8	11-11-11-9-13-15-10-14-14-14-11-14	14-14-14-14-14-11-12-10-4-11-5-11
360	15	15-15-15-11-15-11-11-15-15-11-15-11	11-11-11-11-11-11-11-11-11-15-12-11	11-13-15-11-13-15-15-11-11-15-15-15	14-15-14-14-15-15-11-15-15-15-15-14	11-10-15-15-10-15-14-15-13-15-11-10	15-15-13-11-15-10-15-15-15-15-15-15	14-15-15-15-11-15-11-14-15-11-11-11	15-8-12-15-15-11-9-11-14-14-11-10	11-15-15-15-12-11-15-11-15-11-8-11	14-11-15-11-15-6-15-10-15-15-10-15	10-11-11-9-13-14-10-11-15-15-11-15	11-15-15-14-13-15-15-10-15-15-15-13
361	0	0-0-0-0-0-0-0-0-0-0-0-0	0-0-0-0-0-0-0-0-0-0-0-0	0-0-0-0-0-0-0-0-0-0-0-0	0-0-0-0-0-0-0-0-0-0-0-0	0-0-0-0-0-0-0-0-0-0-0-0	0-0-0-0-0-0-0-0-0-0-0-0	0-0-0-0-0-0-0-0-0-0-0-0	0-0-0-0-0-0-0-0-0-0-0-0	0-0-0-0-0-0-0-0-0-0-0-0	0-0-0-0-0-0-0-0-0-0-0-0	0-0-0-0-0-0-0-0-0-0-0-0	0-0-0-0-0-0-0-0-0-0-0-0
361	1	1-1-1-1-1-1-1-1-1-1-1-1	1-1-1-1-1-1-0-1-0-1-1-2	0-2-0-2-2-0-2-2-0-1-2-2	2-2-0-2-1-2-0-2-1-0-2-4	1-0-1-2-5-1-2-2-1-1-1-1	1-2-1-1-1-1-1-2-1-1-2-0	1-1-1-0-1-1-1-0-1-1-1-1	1-1-2-1-1-1-1-1-1-1-2-1	1-1-1-1-2-1-0-1-1-1-2-1	1-1-1-0-2-2-1-1-1-0-2-1	2-1-0-0-0-1-2-1-0-1-1-1	0-1-1-1-2-1-1-0-1-2-1-1
361	2	2-2-1-2-2-2-2-2-2-2-2-2	4-2-1-1-2-1-1-5-2-4-1-1	5-1-1-1-1-5-3-1-0-5-3-1	1-3-3-1-1-1-3-1-1-2-1-1	1-2-1-1-3-1-3-3-3-2-3-3	1-3-4-3-2-1-3-1-2-2-9-2	1-2-5-2-3-2-2-3-2-2-2-5	9-1-1-3-1-2-2-3-9-2-1-2	2-5-2-3-1-2-2-3-1-2-1-2	3-3-0-2-1-1-2-2-1-3-1-1	2-5-2-0-2-2-1-2-2-3-3-2	3-3-1-2-1-2-1-2-1-1-1-1
361	3	2-3-3-3-3-3-3-3-3-3-3-3	2-5-3-1-2-3-4-4-2-2-1-4	2-2-2-1-1-2-4-4-0-2-4-1	2-2-2-1-1-1-2-1-4-5-4-1	1-0-1-1-2-5-2-2-2-2-2-2	1-2-2-1-2-1-4-3-3-3-1-3	1-2-3-2-2-3-5-2-3-2-3-4	3-1-2-2-4-3-3-2-2-3-2-2	2-3-2-2-2-2-0-2-3-1-5-4	2-2-4-5-4-4-1-3-4-2-3-1	0-1-3-3-2-4-1-2-0-2-2-2	2-2-1-2-0-1-1-3-1-0-1-1
361	4	4-4-4-4-4-4-4-4-4-4-4-4	2-5-5-1-6-4-3-5-5-2-4-3	1-4-6-1-1-6-3-3-6-2-3-5	2-2-5-1-2-2-5-1-5-3-2-1	1-0-1-5-2-3-5-4-5-2-2-1	1-2-2-6-4-1-5-5-4-4-4-3	1-1-4-0-2-5-4-5-3-4-1-3	3-3-2-5-3-3-5-5-2-4-2-3	4-3-5-2-4-2-0-3-3-4-4-3	5-2-4-3-4-3-7-4-3-2-0-1	0-4-5-4-5-3-1-0-5-3-9-2	6-2-1-2-0-4-1-6-4-0-5-5
361	5	4-4-6-3-4-4-3-4-5-3-4-4	4-4-4-6-4-4-5-6-4-2-6-6	6-6-6-6-6-2-6-6-6-2-4-6	6-2-4-6-6-6-4-5-4-3-6-5	6-5-1-6-2-3-6-6-4-2-6-6	6-6-6-2-5-6-4-4-2-4-11-2	12-2-4-6-2-4-4-4-3-4-6-6	4-6-1-6-2-7-4-4-2-4-6-0	2-2-4-2-6-2-0-6-4-6-6-4	4-1-6-5-6-5-6-4-1-0-6-6	0-2-4-4-5-5-0-5-6-4-6-2	6-5-6-5-0-5-2-0-4-6-4-4
361	6	6-6-6-6-6-6-7-6-6-6-6-6	6-7-7-5-6-6-6-5-7-7-5-5	5-6-5-5-5-4-5-5-4-7-7-7	5-6-7-5-5-5-6-5-7-5-7-1	5-0-1-5-2-7-7-5-7-6-5-5	5-5-7-4-6-5-7-6-2-6-5-6	1-11-6-5-6-6-6-5-3-4-5-5	6-12-5-5-6-7-7-6-2-4-5-2	6-6-2-5-5-2-0-5-4-5-5-6	7-2-5-5-5-5-5-4-1-7-5-5	13-13-4-4-9-4-0-5-5-2-5-6	4-5-5-5-0-7-11-4-4-5-7-9
361	7	7-7-6-6-8-6-6-6-6-8-7-6	9-6-6-8-6-6-8-7-6-6-8-7	8-8-8-5-7-7-8-8-7-8-6-8	8-7-6-5-5-8-7-5-6-7-6-7	5-8-1-7-12-6-8-8-6-7-7-7	8-7-6-7-7-13-6-6-4-3-1-7	7-5-7-3-7-7-4-8-8-4-8-5	10-6-10-6-6-8-6-6-2-7-7-8	7-9-8-8-1-7-0-8-4-2-5-6	8-8-4-8-8-5-4-4-7-8-8-1	8-8-8-13-7-7-8-8-8-2-5-2	7-5-7-2-8-6-1-8-7-7-6-1
361	8	8-8-9-8-8-6-9-8-8-8-12-8	10-9-9-7-6-6-7-7-7-6-7-7	7-7-7-5-5-7-7-7-7-7-9-7	7-7-7-7-5-7-7-5-9-8-8-7	5-7-5-5-2-9-7-7-8-7-9-5	7-7-6-7-7-7-9-8-8-8-7-8	5-9-8-3-7-8-8-7-8-4-7-5	7-6-7-2-1-7-8-6-2-8-7-7	7-7-7-7-8-8-8-7-8-9-1-6	7-7-4-13-9-7-12-8-11-7-7-10	7-12-7-8-6-7-7-7-7-2-11-6	13-5-7-2-7-12-1-7-12-8-6-6
361	9	9-10-8-8-9-6-8-8-8-8-9-8	9-6-6-11-8-6-7-10-10-8-11-7	9-10-11-10-10-10-10-9-10-10-8-9	10-10-9-10-11-11-10-5-8-8-8-11	9-9-10-7-10-8-10-10-8-11-10-10	10-11-6-9-6-7-8-11-8-4-2-10	10-8-8-10-8-9-4-10-4-4-9-11	2-11-9-10-11-8-6-12-11-7-9-7	7-7-9-10-7-9-9-10-8-8-9-6	9-10-6-10-10-12-10-13-7-7-7-8	7-8-10-4-6-7-7-9-11-10-10-9	10-5-7-9-9-6-10-7-8-7-6-6
361	10	10-13-10-10-10-10-10-10-10-10-10-10	9-11-10-9-11-10-11-11-9-10-9-11	7-9-9-9-9-9-11-11-9-9-11-11	9-9-9-9-9-9-11-5-10-10-10-9	9-7-9-5-9-11-11-9-10-10-9-9	9-9-11-10-10-7-11-10-10-10-4-10	9-8-10-11-11-10-11-11-10-10-9-9	7-11-11-9-9-7-4-9-2-7-9-7	7-7-11-9-10-9-11-9-10-11-9-6	11-11-6-9-11-9-9-9-11-7-7-8	7-11-9-11-9-11-7-9-9-9-9-9	9-10-7-9-9-10-9-7-12-10-10-11
361	11	11-11-11-11-11-11-10-11-11-11-12-12	9-12-10-9-12-11-10-10-9-11-9-10	7-11-9-9-9-10-10-10-9-11-10-10	9-12-12-12-9-9-10-5-12-12-12-9	9-7-9-12-9-10-10-10-12-9-9-9	9-9-10-9-12-7-12-9-10-11-5-10	9-12-12-10-12-11-12-10-11-12-9-9	10-10-10-10-9-7-4-9-9-10-9-7	13-8-12-9-11-7-10-10-12-11-9-12	10-10-4-12-10-12-12-11-8-7-10-8	12-10-12-13-12-10-7-9-9-9-9-6	9-9-7-9-9-10-6-11-10-10-6-10
361	12	11-12-13-12-13-13-12-11-12-10-11-12	13-11-10-12-11-13-10-13-13-12-9-13	12-12-13-12-12-9-9-13-13-11-11-12	13-11-12-13-9-12-13-5-11-11-11-12	5-13-9-11-12-10-13-12-11-12-12-12	10-12-6-12-11-7-11-12-10-11-11-13	13-11-11-12-11-12-11-11-11-11-12-9	12-6-7-10-9-12-6-9-12-7-12-7	12-7-11-12-12-12-12-8-11-11-9-11	13-9-12-11-11-9-11-11-7-7-12-8	12-8-11-4-11-13-7-12-12-12-12-12	12-12-12-12-12-8-12-11-10-8-6-10
361	13	13-13-13-13-13-13-13-13-13-13-13-13	11-11-13-12-13-13-10-12-12-13-9-12	11-13-13-9-13-13-11-13-12-13-11-13	12-13-12-13-13-13-12-5-11-13-13-12	13-12-13-13-13-13-12-13-11-13-5-5	13-13-13-13-13-7-11-13-13-13-13-12	12-13-13-13-11-13-13-12-13-13-8-11	13-13-10-12-13-7-13-9-12-12-12-7	11-13-13-13-1-13-13-11-13-13-9-11	12-13-13-8-13-13-13-9-13-13-13-13	7-6-13-11-11-12-13-9-13-13-13-13	8-13-13-12-9-13-13-13-13-13-13-13
362	0	0-0-0-0-0-0-0-0-0-0-0-0	0-0-0-0-0-0-0-0-0-0-0-0	0-0-0-0-0-0-0-0-0-0-0-0	0-0-0-0-0-0-0-0-0-0-0-0	0-0-0-0-0-0-0-0-0-0-0-0	0-0-0-0-0-0-0-0-0-0-0-0	0-0-0-0-0-0-0-0-0-0-0-0	0-0-0-0-0-0-0-0-0-0-0-0	0-0-0-0-0-0-0-0-0-0-0-0	0-0-0-0-0-0-0-0-0-0-0-0	0-0-0-0-0-0-0-0-0-0-0-0	0-0-0-0-0-0-0-0-0-0-0-0
362	1	1-1-1-1-1-1-1-1-1-2-1-1	2-2-1-2-1-2-2-2-1-2-2-1	1-3-2-2-2-2-2-0-2-3-2-2	2-0-3-2-0-0-2-1-2-2-2-0	1-0-1-0-1-1-2-0-2-3-4-0	2-2-2-2-1-4-1-2-1-1-9-2	9-1-2-1-2-1-2-2-2-1-1-0	9-1-2-1-1-2-1-2-1-1-0-1	1-0-1-1-2-3-18-0-3-1-1-2	2-4-2-2-1-1-1-2-2-1-0-1	4-2-3-4-2-2-0-2-0-1-3-1	2-2-1-1-7-2-3-6-9-2-2-2
362	2	1-1-1-1-1-1-1-1-1-1-1-1	1-1-1-1-1-1-1-1-1-1-1-1	0-2-1-3-4-1-3-3-1-1-3-3	3-3-1-3-3-3-1-6-2-1-3-0	4-0-3-4-0-3-3-3-1-1-3-3	1-3-2-1-1-0-2-1-1-1-7-1	2-1-1-1-2-1-1-3-1-1-3-0	1-3-3-3-2-1-1-3-2-1-0-1	0-0-0-1-11-1-0-3-1-1-3-1	3-1-1-1-3-3-1-1-1-0-0-1	0-1-1-0-1-1-0-1-0-3-1-1	1-1-1-3-1-1-4-1-1-1-1-1
362	3	1-1-1-1-1-1-1-1-1-1-1-3	1-1-1-2-1-1-4-4-3-4-2-4	0-4-2-2-2-8-2-4-1-5-4-2	5-4-1-2-2-2-1-2-2-3-2-0	2-1-2-2-4-2-4-2-3-3-2-2	8-4-5-4-3-5-4-1-3-3-12-3	5-3-1-0-4-1-4-3-3-4-2-4	1-2-3-4-3-1-1-5-12-0-3-0	3-0-3-3-2-1-3-4-1-1-2-1	2-3-1-1-2-2-4-1-1-0-3-2	3-1-1-1-3-3-0-3-7-2-1-3	1-3-3-4-3-3-1-1-1-1-1-1
362	4	4-4-4-4-1-4-4-4-4-1-4-4	1-4-5-1-1-1-3-5-3-3-1-5	0-3-3-2-2-3-5-6-1-6-5-5	3-3-3-2-2-2-5-2-5-5-6-0	2-0-2-2-3-6-3-5-3-7-6-2	1-3-3-1-3-1-5-5-3-4-1-4	3-2-5-0-3-1-5-5-3-3-2-3	5-2-3-3-2-4-4-3-5-5-1-0	4-0-3-3-4-1-1-3-1-4-5-3	1-1-1-6-2-4-5-1-1-0-0-2	1-3-1-1-5-3-0-1-0-5-1-5	1-3-0-3-1-1-2-1-8-1-4-1
362	5	5-1-5-5-1-5-5-5-6-5-5-5	1-6-4-2-1-1-1-7-1-3-6-4	0-5-5-2-6-3-4-5-6-3-6-4	3-4-6-6-2-3-4-2-6-4-4-0	2-0-2-2-3-4-5-6-6-1-1-2	1-3-3-3-5-3-6-4-5-5-6-3	3-4-4-0-3-5-6-4-5-5-0-3	4-2-2-4-3-1-8-3-4-4-3-0	6-0-4-3-5-1-1-3-5-9-4-6	8-1-5-1-4-5-4-6-1-0-7-2	0-3-6-6-4-3-0-0-0-4-1-4	1-3-8-8-1-1-2-1-4-1-6-6
362	6	5-4-5-5-6-7-6-1-5-6-8-5	1-5-4-7-5-7-1-5-7-8-6-7	0-6-7-2-5-9-7-7-5-4-5-6	7-4-5-7-2-3-7-2-5-4-4-0	7-0-2-8-3-4-7-5-5-6-12-2	3-3-3-1-5-0-5-6-5-6-5-7	3-6-4-0-3-5-5-5-5-5-2-3	1-2-3-7-6-1-5-3-3-8-8-1	5-0-3-6-3-6-0-7-6-6-6-8	0-3-6-4-2-18-5-5-0-0-0-2	6-8-5-5-5-7-0-8-3-3-8-3	6-8-6-6-1-11-6-7-4-11-5-5
362	7	7-14-8-7-8-6-5-7-5-8-7-6	1-5-4-1-5-6-8-5-6-6-8-6	0-7-7-8-8-6-8-6-9-9-6-8	6-8-8-6-11-10-6-12-6-9-4-0	6-5-2-8-3-4-6-5-8-10-6-2	3-4-8-8-7-9-5-6-7-6-2-6	3-7-7-6-3-7-8-5-12-11-7-8	1-7-8-6-6-8-5-3-3-7-8-0	3-0-3-3-3-6-1-6-6-6-7-6	8-1-6-6-2-6-5-14-7-0-5-7	3-6-11-0-8-6-0-8-3-3-6-3	6-3-6-6-1-6-8-7-4-6-5-7
362	8	7-8-9-7-7-9-8-9-11-7-7-9	8-6-1-11-5-9-9-9-6-6-11-10	0-8-9-7-9-3-9-9-9-7-9-7	6-9-9-9-10-9-6-9-7-7-4-2	11-7-2-9-3-4-9-9-6-9-11-9	3-10-9-7-7-9-9-6-5-7-3-11	11-10-7-0-9-8-6-9-7-8-9-7	6-12-11-9-9-10-5-8-3-8-6-0	3-0-6-9-11-6-3-9-6-7-11-6	7-1-8-4-9-9-7-5-9-0-0-11	0-6-4-5-7-8-0-6-0-8-6-3	1-6-8-5-1-1-7-0-4-8-5-7
362	9	9-9-8-12-10-13-9-8-9-9-10-9	10-12-9-8-10-8-8-10-8-9-8-10	0-8-8-7-8-10-10-10-7-7-10-10	9-8-10-8-8-8-12-8-10-10-10-0	9-0-17-8-3-10-8-8-9-8-8-8	3-3-11-7-9-8-10-9-9-9-1-9	1-11-7-0-8-9-11-11-7-9-8-9	1-8-10-8-8-8-12-8-3-9-12-0	1-0-10-8-10-6-0-8-6-7-8-10	7-1-9-9-8-8-8-10-8-0-0-8	0-6-7-15-1-10-0-0-0-1-6-3	1-6-6-8-0-1-7-14-12-1-10-10
362	10	9-10-12-12-13-10-9-10-10-9-9-10	9-11-11-8-9-11-9-11-8-9-8-12	0-10-8-7-8-9-9-9-11-11-11-9	10-9-11-8-8-7-10-8-11-11-9-0	8-0-2-8-10-9-11-10-11-7-8-8	1-10-9-7-10-8-11-11-10-10-6-9	3-11-11-0-9-8-11-9-7-10-0-10	1-8-9-9-9-8-10-10-3-10-0-15	1-15-11-8-10-6-0-12-6-12-10-9	11-1-10-11-11-11-8-11-9-10-0-8	11-10-11-12-18-10-0-10-0-7-6-3	12-6-6-10-14-1-7-14-12-8-15-9
362	11	10-13-9-15-9-9-18-9-11-15-15-10	12-10-10-8-12-10-12-10-12-13-8-12	15-12-12-12-11-12-10-12-11-10-10-11	12-12-12-8-8-8-10-7-10-10-10-15	8-16-13-8-12-9-12-8-10-7-8-11	13-11-9-8-11-11-10-10-9-10-1-8	14-10-10-11-11-12-10-9-7-7-11-11	9-8-8-9-13-11-9-11-3-11-11-0	11-11-12-8-8-6-11-11-6-11-8-6	8-11-6-11-10-8-6-10-11-11-11-8	11-4-10-10-11-18-0-11-11-11-6-3	11-11-11-11-11-6-11-11-4-6-5-9
362	12	13-12-13-9-10-13-13-13-12-12-12-18	11-10-10-12-11-13-12-13-11-13-11-11	15-11-11-13-13-11-11-11-11-12-11-12	11-11-11-12-12-13-10-13-12-9-12-11	13-11-11-6-11-12-11-12-11-7-18-15	13-11-9-12-11-11-12-12-10-10-3-13	12-12-10-11-11-11-15-15-7-8-14-13	9-8-18-12-12-11-9-10-3-13-11-0	11-0-11-8-13-6-11-11-6-10-12-6	13-13-12-16-13-17-12-10-11-11-0-13	11-6-10-10-1-14-0-11-0-13-6-3	10-12-11-11-14-1-12-0-4-12-5-13
362	13	13-13-12-13-13-9-13-13-12-13-15-13	11-10-10-12-15-13-14-14-16-15-14-12	18-13-12-12-12-15-14-15-14-14-14-14	12-14-11-13-12-12-14-12-13-14-12-11	12-11-11-13-14-12-12-12-13-13-17-8	12-11-17-12-10-11-12-10-9-10-14-12	12-12-10-11-13-13-13-12-7-18-11-13	1-12-13-12-13-15-9-18-3-12-12-17	11-15-13-13-12-13-11-11-6-11-12-14	13-12-6-13-12-12-12-10-13-11-11-12	11-12-13-10-13-13-18-13-11-13-6-3	10-13-11-11-13-13-13-13-4-13-5-13
362	14	14-18-15-15-13-12-15-13-12-15-12-14	15-10-10-12-13-13-13-13-16-15-13-16	17-15-15-12-15-15-15-15-15-13-13-13	16-13-14-16-16-16-13-15-15-15-15-11	16-11-11-15-13-14-15-15-13-14-16-16	15-11-16-12-11-11-15-14-9-10-13-13	12-12-9-11-15-11-15-15-7-7-15-16	14-14-13-14-15-13-10-17-3-10-14-0	14-0-15-15-10-6-11-16-6-18-14-13	14-14-8-11-17-15-15-7-13-11-11-12	16-14-15-10-10-15-0-13-16-14-6-17	10-13-11-16-13-1-14-10-4-13-5-9
362	15	15-15-14-18-15-15-15-15-15-14-15-15	14-10-15-12-13-13-12-14-11-13-11-14	11-14-14-14-14-14-16-13-14-13-16-14	14-13-14-13-14-14-13-12-14-14-14-11	14-11-11-14-13-16-14-14-13-14-14-12	14-11-14-15-10-12-14-15-15-10-13-15	12-12-17-16-14-15-16-12-7-15-14-14	1-16-0-17-14-11-9-10-3-12-14-10	16-15-14-14-15-13-16-14-18-10-14-16	16-14-15-12-16-14-14-10-11-11-17-12	15-14-17-10-14-15-0-16-16-14-14-14	10-13-11-14-16-1-13-10-17-16-10-16
362	16	16-16-16-15-15-16-16-16-16-16-13-15	16-17-15-12-17-16-13-14-13-14-14-17	11-14-14-13-14-14-17-13-15-14-17-14	14-13-15-14-14-14-13-12-17-14-14-11	14-11-11-14-13-15-17-15-17-16-14-12	14-16-14-18-10-12-17-14-16-10-17-15	12-12-17-16-17-11-17-17-7-10-17-14	16-15-13-15-14-13-9-13-3-10-14-17	16-11-17-14-15-6-15-14-15-10-14-17	15-14-15-17-15-15-17-10-15-11-17-12	17-16-18-18-17-17-15-15-17-14-6-14	17-17-11-14-15-10-13-16-17-15-12-15
362	17	16-18-15-16-18-18-15-18-17-18-18-16	18-16-16-12-16-16-18-14-17-17-18-16	17-14-14-12-14-14-16-18-18-16-16-13	18-17-17-13-14-14-18-12-16-17-13-11	14-11-11-14-13-15-18-15-17-17-14-18	16-11-14-17-10-11-16-14-16-10-16-18	15-12-15-17-16-17-16-18-16-13-16-16	16-15-13-15-14-11-9-14-16-11-14-13	17-11-16-17-12-6-17-17-15-14-14-16	17-14-17-17-12-14-16-10-17-11-16-12	17-14-16-10-16-17-17-17-17-14-6-14	16-16-17-17-17-1-12-17-15-17-17-12
362	18	18-18-18-18-18-18-14-18-18-17-18-18	16-16-18-12-18-18-18-14-17-18-17-17	16-16-18-14-18-14-18-18-17-18-18-18	17-18-17-17-18-18-13-18-18-18-18-11	14-11-18-18-18-18-17-18-17-18-12-17	18-18-18-17-18-11-18-18-18-18-18-17	12-18-18-18-15-18-15-17-18-18-15-14	18-18-12-18-18-13-18-13-8-18-17-18	17-18-18-18-12-18-18-14-18-14-12-16	18-18-18-18-18-14-18-10-18-18-18-18	18-18-16-18-10-11-18-18-18-18-18-18	18-18-18-11-17-18-18-13-18-18-18-18
363	0	0-0-0-0-0-0-0-0-0-0-0-0	0-0-0-0-0-0-0-0-0-0-0-0	0-0-0-0-0-0-0-0-0-0-0-0	0-0-0-0-0-0-0-0-0-0-0-0	0-0-0-0-0-0-0-0-0-0-0-0	0-0-0-0-0-0-0-0-0-0-0-0	0-0-0-0-0-0-0-0-0-0-0-0	0-0-0-0-0-0-0-0-0-0-0-0	0-0-0-0-0-0-0-0-0-0-0-0	0-0-0-0-0-0-0-0-0-0-0-0	0-0-0-0-0-0-0-0-0-0-0-0	0-0-0-0-0-0-0-0-0-0-0-0
363	1	1-1-1-1-1-0-1-1-1-1-0-1	2-0-0-0-0-1-1-2-1-1-1-0	1-1-1-2-1-1-1-0-1-0-0-1	2-2-2-1-1-1-0-1-0-0-0-1	0-1-5-0-1-0-2-1-0-1-1-1	1-1-0-0-1-1-0-1-0-0-0-2	0-0-0-5-0-1-0-2-1-1-1-2	1-0-1-1-0-1-0-1-1-1-1-0	2-1-2-0-1-1-1-1-1-1-0-1	1-1-1-2-0-0-1-0-1-1-2-1	2-1-1-0-1-0-1-1-2-1-1-1	1-0-1-1-1-1-0-1-0-0-0-0
363	2	2-2-2-2-2-2-2-2-2-2-2-1	1-0-0-5-2-1-1-1-1-2-3-3	4-1-3-1-3-3-3-3-2-2-2-2	3-1-1-3-2-3-0-5-3-0-3-1	3-1-7-4-1-2-3-2-0-2-2-3	2-2-3-2-1-5-3-2-0-2-11-1	2-5-0-1-2-1-0-1-2-2-2-2	3-3-3-2-2-1-0-2-2-1-3-1	1-0-1-2-3-2-1-1-4-4-2-0	2-2-1-1-2-3-2-0-1-1-1-2	1-2-3-0-3-1-1-1-1-2-2-2	0-2-1-1-1-2-2-1-0-0-3-0
363	3	3-3-3-3-3-3-3-3-3-3-3-3	4-3-0-2-3-4-4-4-3-4-3-3	8-4-2-2-2-4-4-4-2-4-4-4	5-4-4-4-2-2-0-2-2-3-2-1	2-3-2-2-4-3-4-4-3-3-5-5	4-2-5-5-3-5-4-2-3-3-13-2	2-3-3-3-4-2-4-3-3-4-2-6	2-2-2-4-2-1-0-5-6-1-2-3	3-5-3-3-7-5-3-4-2-3-2-9	2-7-1-1-2-2-4-3-1-6-1-2	3-3-3-0-2-3-1-3-10-2-2-3	1-3-3-1-6-3-2-3-0-4-2-0
363	4	4-4-4-4-3-4-4-4-4-4-5-4	3-4-5-2-3-4-3-5-3-3-3-5	2-3-3-5-2-3-5-6-5-6-5-5	3-3-3-3-2-2-5-2-5-5-3-1	2-6-2-2-3-6-3-3-3-7-2-2	3-2-3-3-3-2-5-5-3-4-7-4	2-4-6-3-3-6-3-5-4-3-2-3	5-2-2-3-4-1-4-3-5-5-2-4	4-3-3-3-11-3-4-3-5-2-5-3	3-2-4-6-2-4-5-8-1-3-1-5	4-3-5-4-5-4-8-3-3-5-4-5	6-3-1-1-3-4-2-4-5-5-4-0
363	5	5-5-5-5-5-5-5-4-7-5-5-5	6-4-4-2-6-8-1-7-3-3-6-4	3-5-3-4-6-3-4-3-6-3-6-4	3-7-6-6-2-7-5-2-6-4-4-1	2-1-2-5-3-4-5-7-6-1-3-3	2-2-3-3-5-2-6-4-5-5-6-7	2-4-4-1-3-5-6-4-5-5-2-3	4-2-3-4-5-1-7-3-4-4-3-3	6-3-4-3-5-3-4-3-5-5-4-6	11-2-5-4-5-5-4-5-2-3-8-4	3-3-4-5-4-6-4-8-8-4-2-4	3-3-1-1-8-5-4-4-4-4-6-12
363	6	5-4-5-6-5-6-8-6-5-6-6-6	7-4-4-7-6-6-4-6-7-8-6-7	3-6-7-7-5-4-7-7-5-4-5-6	7-3-5-7-7-3-7-7-5-5-4-1	7-4-2-9-3-4-7-5-5-6-12-2	3-2-7-3-5-2-5-6-5-6-5-8	2-9-4-1-3-4-5-5-5-5-2-7	7-2-6-7-7-1-5-3-3-8-2-6	5-3-3-6-3-7-1-1-6-7-6-8	2-2-6-4-5-16-5-6-5-3-1-5	6-8-7-0-5-7-7-3-3-2-7-3	6-9-9-1-6-6-6-6-4-6-5-5
363	7	7-7-5-7-8-7-5-7-5-7-9-6	6-4-4-6-5-6-7-5-6-3-6-6	3-7-10-9-6-9-6-6-8-9-9-8	6-5-8-6-12-5-6-13-8-8-4-6	6-4-2-13-3-4-6-5-8-9-6-7	3-3-6-10-7-1-5-6-7-7-5-10	2-8-7-1-3-8-6-5-7-11-8-6	8-7-9-6-6-9-5-3-3-7-2-6	5-3-3-7-3-6-3-6-6-6-7-6	7-3-7-4-8-14-5-12-7-3-1-8	6-6-4-5-5-6-7-3-3-2-6-3	6-3-6-1-6-6-8-6-4-6-5-5
363	8	8-9-9-10-8-7-6-9-5-9-7-5	9-4-5-9-9-9-10-9-9-6-9-9	10-9-9-9-9-10-9-9-7-7-7-7	9-9-9-7-7-9-6-11-7-7-7-9	10-9-16-7-9-4-9-9-7-12-11-10	9-9-7-9-7-9-9-10-5-4-9-9	2-7-7-16-3-7-12-9-7-10-9-7	3-7-9-9-10-8-5-10-9-6-9-9	9-3-8-9-5-6-9-9-6-7-8-6	9-6-6-5-9-6-10-8-9-3-9-7	9-6-4-9-5-9-4-5-9-5-6-3	8-6-8-9-9-6-7-7-4-8-5-5
363	9	9-8-8-9-9-9-10-9-9-8-9-9	8-11-10-8-6-8-8-10-8-10-8-8	16-8-8-8-8-8-10-8-10-7-10-7	8-8-10-7-7-8-9-8-10-9-10-8	7-8-8-6-8-11-8-8-9-7-8-8	8-8-11-8-9-8-10-9-9-9-8-9	2-6-9-1-10-9-11-8-9-12-8-9	4-7-10-10-9-7-9-9-8-9-8-8	8-9-3-11-9-6-8-8-10-9-11-13	8-3-9-9-8-11-8-9-8-3-8-11	8-6-9-9-11-8-9-3-8-8-6-3	9-11-6-8-8-9-7-4-9-8-5-9
363	10	9-16-10-14-10-9-9-10-10-9-11-9	10-11-9-8-6-8-8-9-8-9-8-9	8-10-8-8-8-8-9-8-11-12-11-10	11-11-9-11-7-8-10-8-11-11-9-8	6-8-8-11-8-9-11-10-11-7-8-8	8-8-9-8-9-8-11-8-10-10-5-8	2-11-11-1-9-10-11-9-7-9-8-11	12-7-9-9-9-7-9-12-8-9-8-10	10-10-11-9-10-10-8-9-6-14-9-6	9-2-10-9-11-10-11-10-9-10-10-9	8-6-11-13-11-12-9-11-3-5-6-3	10-9-6-1-9-10-7-10-13-10-10-9
363	11	14-12-10-11-13-9-10-10-9-9-10-16	10-10-9-11-12-12-13-13-14-9-14-13	13-13-13-7-12-12-12-8-12-10-10-12	12-10-12-12-7-12-12-8-10-10-10-12	6-14-8-10-12-9-12-12-10-11-8-12	12-12-9-8-11-8-10-12-10-9-12-11	12-10-9-12-12-11-10-12-7-9-12-10	10-7-12-9-9-13-9-11-11-11-14-13	13-13-10-9-7-12-11-12-6-11-9-9	12-12-11-9-12-9-10-10-13-13-12-9	13-11-10-10-10-15-11-10-12-14-6-11	10-12-11-12-11-11-7-11-10-11-5-9
363	12	12-12-13-13-13-12-13-12-12-12-9-12	13-14-13-8-14-13-11-13-11-12-11-13	11-11-11-7-11-11-13-14-13-13-13-13	11-12-11-11-7-11-11-7-13-13-13-11	6-11-8-10-11-13-13-11-13-11-12-11	11-11-10-12-9-8-13-11-12-12-11-12	11-12-12-11-11-12-8-11-12-9-11-12	10-12-11-12-12-11-12-13-11-12-11-11	11-11-12-11-12-11-11-11-16-11-12-9	11-11-14-15-11-11-14-16-11-11-11-12	12-13-12-10-14-10-11-12-11-11-11-11	10-11-11-11-12-10-7-12-10-12-5-14
363	13	9-9-12-12-12-9-12-12-12-13-16-9	12-12-12-14-12-12-11-12-11-12-14-14	11-11-11-16-14-14-12-14-12-14-12-12	14-11-12-13-14-14-11-15-12-12-12-8	14-11-8-7-11-12-14-14-12-7-13-13	15-14-14-15-10-8-14-13-10-10-3-15	14-13-9-11-12-11-10-14-7-9-11-13	13-13-11-14-13-11-9-16-11-11-11-11	11-11-13-13-16-6-11-11-6-10-13-9	11-13-11-12-14-13-10-9-11-11-11-15	11-13-12-10-7-11-11-12-11-11-6-13	10-14-11-11-11-10-7-12-10-11-5-9
363	14	14-14-14-14-15-14-15-14-15-11-15-15	12-12-12-13-12-15-13-12-11-15-13-13	11-11-11-16-13-13-15-12-13-13-15-14	13-13-11-13-13-13-11-13-15-15-14-11	13-11-8-13-11-14-13-13-16-14-13-13	13-13-13-8-9-8-13-14-14-14-13-14	13-15-9-11-15-14-15-15-14-9-11-13	14-13-11-13-13-11-14-11-11-14-11-11	11-11-13-13-14-15-11-11-12-10-14-14	11-13-12-15-13-13-12-10-11-11-11-13	11-16-15-15-16-16-11-15-11-11-13-13	10-13-11-11-11-10-7-14-15-14-15-16
363	15	15-14-16-12-10-15-14-15-14-16-15-16	12-12-12-13-14-14-16-13-11-14-16-13	13-15-16-16-13-14-14-12-16-14-14-14	13-15-15-13-13-13-11-13-14-14-13-11	13-16-13-6-15-14-14-13-14-15-15-13	13-15-13-13-11-15-14-14-10-9-12-16	13-14-9-11-16-14-14-14-7-16-8-15	10-14-15-13-15-15-9-16-15-11-16-11	11-15-16-13-13-6-15-15-6-10-13-9	16-15-11-12-13-13-10-10-15-15-11-13	11-14-10-10-15-11-11-14-11-15-6-15	10-13-11-11-15-10-7-11-10-12-14-9
363	16	16-16-16-16-16-16-14-16-16-16-16-16	15-12-16-13-16-12-15-13-11-16-15-13	14-14-16-14-16-14-16-16-15-16-16-16	16-16-16-16-16-16-11-16-16-16-16-11	13-11-8-16-16-16-15-16-14-16-13-8	16-16-13-16-16-11-16-16-16-16-16-15	13-16-16-16-15-16-14-11-16-15-15-14	16-14-13-16-16-15-9-15-13-16-15-16	15-16-15-16-13-16-16-11-16-6-14-6	15-16-16-16-16-16-16-12-15-16-16-16	11-16-16-10-14-11-11-14-16-16-16-3	10-16-16-11-16-16-16-12-16-16-14-14
364	0	0-0-0-0-0-0-0-0-0-0-0-0	0-0-0-0-0-0-0-0-0-0-0-0	0-0-0-0-0-0-0-0-0-0-0-0	0-0-0-0-0-0-0-0-0-0-0-0	0-0-0-0-0-0-0-0-0-0-0-0	0-0-0-0-0-0-0-0-0-0-0-0	0-0-0-0-0-0-0-0-0-0-0-0	0-0-0-0-0-0-0-0-0-0-0-0	0-0-0-0-0-0-0-0-0-0-0-0	0-0-0-0-0-0-0-0-0-0-0-0	0-0-0-0-0-0-0-0-0-0-0-0	0-0-0-0-0-0-0-0-0-0-0-0
364	1	1-1-1-1-1-1-1-1-1-1-1-1	1-0-0-2-0-1-1-1-2-2-1-0	1-0-1-1-1-2-1-1-1-0-1-1	2-1-1-2-1-1-0-1-0-0-0-1	0-1-1-1-3-0-2-1-0-1-1-1	1-0-0-1-1-1-0-2-0-0-0-0	1-0-1-3-1-0-1-2-0-1-1-0	1-1-1-0-1-0-1-0-1-3-1-1	1-2-1-0-1-1-6-0-1-1-1-0	7-1-1-0-0-1-0-1-2-3-5-0	8-0-1-1-8-0-1-3-0-0-1-1	1-1-1-0-1-8-1-3-1-2-1-1
364	2	3-3-2-2-2-3-2-2-2-2-3-2	3-3-4-1-3-3-3-3-3-1-3-3	3-3-3-3-4-3-3-3-3-3-3-2	3-2-3-3-2-2-4-4-3-3-2-3	6-3-7-4-2-2-2-2-3-3-3-3	9-3-0-1-1-5-2-4-3-0-9-3	2-0-2-7-2-2-0-1-2-3-6-0	2-2-7-2-2-7-5-3-2-3-6-2	2-3-3-0-3-4-7-3-3-4-2-3	1-2-2-2-3-3-5-4-1-2-7-4	2-3-2-1-5-7-7-2-7-2-3-2	1-2-2-2-6-9-4-4-2-3-2-12
364	3	2-3-3-2-3-2-2-2-2-2-2-2	2-2-0-5-2-2-2-2-2-2-2-2	5-2-2-2-5-4-4-2-2-2-5-2	4-2-2-2-3-4-2-6-5-2-4-2	4-2-2-3-1-4-4-3-2-2-2-4	2-2-3-3-3-2-3-4-2-0-3-2	3-5-2-2-2-3-2-4-0-2-3-5	2-3-4-3-3-2-2-2-3-2-2-1	2-2-2-3-4-2-2-4-2-3-3-2	4-3-2-2-2-2-2-0-3-1-2-2	2-2-2-1-2-2-2-1-2-3-2-3	1-3-6-3-2-2-2-1-0-2-0-2
364	4	2-5-2-4-5-4-5-4-4-2-2-4	2-4-2-3-4-2-2-5-4-5-2-4	3-5-3-3-2-7-3-5-2-5-4-2	3-5-5-2-3-3-5-3-3-4-3-2	3-2-2-5-5-3-5-5-4-4-3-3	2-6-6-9-4-2-5-5-4-4-10-4	3-4-7-4-5-4-8-5-4-4-3-8	4-3-3-5-4-4-2-5-11-2-4-1	4-5-4-4-3-2-4-3-2-2-3-6	4-4-4-5-3-2-2-2-4-1-4-2	4-2-5-1-4-4-2-4-4-5-2-4	4-4-2-4-4-2-2-2-0-3-3-2
364	5	5-5-5-5-4-5-6-5-5-7-5-5	2-6-5-3-5-5-2-4-4-4-4-7	3-4-4-2-3-3-6-4-2-4-6-6	4-4-4-3-3-3-4-3-3-6-7-2	3-2-2-5-4-6-4-6-4-5-2-3	2-4-4-4-0-2-6-5-4-5-0-5	3-3-5-2-4-5-5-6-0-5-4-5	5-3-6-4-5-4-5-4-4-2-2-1	5-4-4-4-8-2-2-4-2-3-2-5	6-3-5-7-5-6-2-1-6-1-1-6	2-7-2-1-6-2-9-2-4-4-2-4	1-4-3-4-2-2-2-1-7-2-9-2
364	6	6-6-6-6-2-6-5-6-6-7-6-6	7-5-7-3-5-5-2-7-4-4-3-8	3-4-2-2-3-4-5-5-8-4-5-5	4-4-7-7-3-4-7-3-7-7-4-2	3-2-2-7-4-5-7-5-7-5-2-3	2-4-4-2-7-2-7-7-6-6-8-5	3-7-6-2-4-5-9-7-8-6-2-8	2-3-5-5-5-2-6-4-4-9-2-1	2-4-7-4-6-2-2-2-9-6-6-5	5-4-6-3-5-5-7-6-5-1-2-5	6-5-7-9-5-2-2-2-2-5-2-4	1-6-3-4-2-2-3-1-10-2-10-6
364	7	6-6-6-7-7-5-7-6-8-5-6-7	6-5-6-8-7-6-5-8-8-6-9-5	8-8-9-8-8-4-8-6-7-4-6-8	8-4-8-8-8-8-6-8-6-6-5-2	8-2-2-6-4-5-8-8-6-8-9-8	2-9-8-4-6-2-6-7-6-6-8-8	3-6-6-2-4-5-6-8-0-12-8-8	2-7-2-8-5-8-6-9-4-8-8-1	2-4-6-4-7-2-2-8-7-8-8-9	1-2-5-5-7-6-7-10-6-1-2-7	2-5-6-7-7-2-2-2-2-9-8-5	1-7-9-7-2-5-3-1-5-7-5-2
364	8	8-8-8-8-7-8-7-8-7-9-8-8	6-9-9-7-7-6-2-7-7-4-7-9	7-7-7-7-7-4-7-9-6-9-9-7	7-6-7-7-7-7-9-7-9-9-9-2	7-1-2-7-4-9-9-7-8-8-7-7	4-7-7-8-9-7-9-8-4-8-6-8	7-9-8-2-12-8-4-7-6-8-7-7	8-9-12-7-8-7-9-9-4-10-7-1	2-8-4-4-6-2-2-7-9-7-6-11	1-3-8-8-7-4-7-6-8-1-2-8	1-2-6-6-7-2-2-1-2-7-7-5	9-7-3-4-2-10-8-1-9-8-5-8
364	9	8-8-5-8-9-8-8-10-8-8-8-8	8-8-8-7-7-9-10-9-9-6-7-8	9-9-10-7-7-10-7-10-8-8-8-9	9-9-9-7-7-10-8-7-8-11-8-9	7-12-10-7-10-8-8-10-8-9-7-10	10-10-7-9-8-7-8-8-6-8-2-9	10-8-8-9-8-5-6-9-4-4-9-9	2-8-11-9-9-9-8-8-4-6-9-9	9-9-9-10-4-2-9-9-8-7-11-7	9-9-9-9-7-6-7-6-11-9-9-8	9-2-6-6-7-2-5-9-9-7-2-4	9-7-7-9-9-2-2-9-8-7-5-2
364	10	11-11-12-12-11-12-11-11-12-12-12-12	11-12-11-11-11-11-12-12-11-11-11-11	9-11-9-12-11-11-11-12-11-11-9-11	9-9-11-11-7-9-11-7-11-11-10-9	12-11-9-11-9-10-11-10-11-11-7-9	9-9-11-11-10-9-11-10-10-10-6-9	9-11-11-9-9-10-11-11-10-10-9-11	10-8-12-9-10-9-10-11-4-11-9-11	10-9-9-9-10-11-9-9-11-12-10-11	9-9-8-10-11-6-9-7-9-9-9-11	10-11-10-10-12-10-11-9-9-9-11-10	11-9-10-9-9-11-10-10-10-11-6-11
364	11	10-10-10-10-10-10-10-10-10-10-10-10	10-10-10-10-10-10-10-10-10-10-10-10	9-10-12-10-10-10-10-10-10-10-11-10	9-9-10-10-11-11-10-10-10-10-10-9	11-9-10-10-9-10-12-11-10-10-10-11	10-9-11-11-8-2-10-10-6-10-6-12	12-10-10-9-8-10-10-10-10-10-11-10	4-11-9-11-11-9-10-10-4-10-9-10	4-9-4-11-12-10-9-10-10-10-11-10	9-11-9-10-10-11-10-6-9-9-9-11	11-10-11-10-10-11-10-9-9-11-10-11	10-7-10-9-9-10-11-10-8-10-5-10
364	12	12-12-12-10-12-10-10-12-12-10-12-12	10-10-12-10-10-10-10-10-10-12-11-10	10-10-11-10-10-12-12-10-10-12-12-10	10-12-12-11-12-12-10-7-12-12-12-9	10-9-12-12-12-12-11-11-10-12-7-11	12-12-12-12-12-2-12-12-12-12-12-12	11-12-12-12-8-12-10-10-12-12-10-10	12-12-10-10-12-12-8-4-7-9-10-12	4-12-12-12-11-10-12-12-12-10-11-5	9-12-12-12-12-6-12-10-12-12-12-12	11-12-6-6-10-10-10-12-12-12-10-4	10-12-12-9-2-12-12-10-12-12-12-2
365	0	0-0-0-0-0-0-0-0-0-0-0-0	0-0-0-0-0-0-0-0-0-0-0-0	0-0-0-0-0-0-0-0-0-0-0-0	0-0-0-0-0-0-0-0-0-0-0-0	0-0-0-0-0-0-0-0-0-0-0-0	0-0-0-0-0-0-0-0-0-0-0-0	0-0-0-0-0-0-0-0-0-0-0-0	0-0-0-0-0-0-0-0-0-0-0-0	0-0-0-0-0-0-0-0-0-0-0-0	0-0-0-0-0-0-0-0-0-0-0-0	0-0-0-0-0-0-0-0-0-0-0-0	0-0-0-0-0-0-0-0-0-0-0-0
365	1	1-1-1-2-1-1-1-1-1-1-1-1	2-1-1-0-2-2-2-2-2-1-2-1	1-2-2-2-3-2-2-2-3-2-3-2	2-2-2-2-0-0-2-3-2-2-2-2	8-0-1-2-0-1-2-1-2-2-2-0	4-2-2-1-1-4-1-2-1-1-7-2	1-1-2-1-2-1-2-2-2-3-1-1	1-1-6-1-1-6-3-2-1-2-5-7	1-2-2-1-1-2-12-2-2-3-1-2	2-1-2-2-2-2-5-1-2-2-2-3	2-2-2-0-1-4-3-1-2-1-3-1	4-1-1-1-2-2-3-2-1-1-8-3
365	2	1-1-1-1-1-1-1-1-1-1-1-1	1-1-1-3-1-1-1-1-1-1-1-1	5-1-3-1-5-3-3-1-1-1-4-1	3-1-1-1-4-3-1-5-4-1-3-1	3-0-4-4-0-3-3-2-1-1-12-2	1-1-2-2-1-1-3-1-1-1-2-1	2-1-1-1-1-2-1-1-1-1-2-4	1-2-3-2-2-1-1-1-2-1-2-1	1-1-1-2-3-1-1-3-1-1-2-1	1-2-1-1-3-1-2-1-1-1-1-1	1-1-1-0-3-1-1-1-1-2-1-2	1-2-2-2-1-1-1-1-3-1-1-1
365	3	1-1-1-1-1-1-1-1-1-1-1-3	1-1-1-2-1-1-4-4-3-4-1-3	6-4-2-1-1-4-4-4-1-4-1-4	4-4-4-4-2-5-1-2-2-1-2-0	2-3-2-1-4-2-4-2-3-3-1-4	1-5-5-6-1-1-4-4-3-3-6-3	2-3-1-3-4-3-1-2-3-1-2-6	8-2-2-4-3-1-1-5-6-6-3-1	3-1-3-3-2-1-3-2-1-1-2-1	2-3-3-1-2-1-3-1-1-1-3-1	3-1-3-0-3-3-1-3-3-5-1-3	3-3-2-3-3-1-1-1-1-3-1-1
365	4	4-4-4-4-1-1-4-4-4-4-4-5	1-6-4-2-1-1-3-3-3-3-1-5	2-3-3-2-2-3-5-6-1-3-5-5	3-3-5-3-2-3-1-2-5-6-3-0	2-0-2-2-3-6-3-3-3-2-6-3	1-3-3-3-4-1-3-3-4-4-0-4	2-2-4-3-3-4-6-5-8-4-3-2	4-2-1-3-5-0-6-3-3-4-1-1	4-1-3-3-4-1-1-2-1-6-5-1	1-3-4-4-1-1-3-4-5-1-1-1	1-5-3-6-1-1-1-5-3-3-5-3	1-3-2-3-1-1-1-1-0-5-1-1
365	5	5-5-5-5-5-5-4-5-5-5-6-5	4-6-6-2-1-1-1-4-3-6-5-4	2-5-5-1-2-3-4-6-5-5-6-4	3-6-6-1-2-3-6-2-6-4-6-0	2-0-9-6-3-4-6-5-6-1-1-2	2-3-3-3-5-1-6-6-5-5-9-4	2-1-1-3-3-5-5-6-4-5-3-6	1-2-1-4-4-1-5-3-3-5-1-1	3-1-3-4-4-1-0-2-1-6-4-4	1-2-5-4-6-6-6-5-4-1-1-1	1-4-12-9-6-1-1-4-3-3-4-3	1-12-2-3-1-1-1-10-1-4-1-1
365	6	6-5-7-5-6-5-5-12-7-6-5-7	1-5-5-7-1-1-7-8-1-5-7-7	7-6-7-7-7-3-7-7-7-5-5-7	7-7-5-6-8-7-1-7-5-4-5-6	7-6-8-7-3-4-7-7-5-7-7-6	7-7-7-3-5-7-5-7-4-5-3-8	12-1-5-3-3-3-5-7-4-7-7-7	3-7-12-7-7-1-5-8-3-10-6-1	3-1-6-7-6-1-6-7-1-7-8-6	1-7-4-6-7-6-6-5-7-1-7-7	1-1-5-5-5-7-1-6-7-7-6-3	6-6-6-6-1-1-2-1-1-6-1-1
365	7	7-7-6-7-7-7-7-7-9-7-6-7	7-8-7-6-9-8-6-6-7-3-6-6	6-7-6-6-6-8-8-8-6-7-8-7	6-6-7-6-6-6-8-6-8-8-8-6	6-6-6-6-3-8-8-6-8-7-6-6	6-6-6-3-7-6-8-6-8-8-1-7	6-8-8-6-8-7-8-6-7-6-6-7	1-6-12-6-7-7-7-10-3-7-9-1	6-1-3-6-4-7-6-6-8-6-7-9	7-6-7-8-6-6-6-5-6-1-6-6	8-1-9-5-12-6-1-4-6-6-1-7	9-6-6-6-1-1-1-1-9-1-1-7
365	8	7-8-6-7-8-7-8-7-8-7-7-12	9-7-7-10-7-8-9-6-9-3-10-7	10-9-9-7-6-9-7-9-8-7-7-8	9-9-8-6-6-6-10-6-7-11-7-11	6-10-6-6-9-7-7-9-7-8-6-6	9-10-6-3-8-6-7-12-7-7-0-6	10-7-7-10-7-8-5-7-4-6-8-8	3-7-10-8-6-10-7-6-10-8-6-1	3-8-12-7-9-1-8-8-7-1-8-7	8-3-8-9-6-6-6-7-9-9-8-6	8-1-5-5-8-12-8-8-9-8-1-8	8-6-8-8-8-1-1-1-7-8-1-7
365	9	12-7-10-10-9-12-9-12-7-12-9-7	10-7-7-10-7-8-8-9-8-7-10-10	8-8-8-12-10-10-10-8-10-10-8-9	10-8-8-11-10-10-7-6-7-8-9-8	10-8-8-10-8-9-10-10-8-10-11-10	11-10-10-10-7-6-10-9-5-7-3-11	9-7-7-8-10-8-9-10-4-12-10-9	3-9-8-9-10-8-7-7-3-10-11-1	3-8-10-10-11-1-8-10-7-6-9-7	8-10-9-8-5-9-10-7-8-8-10-7	10-1-9-5-11-9-10-9-8-9-1-9	7-9-7-8-9-1-10-1-7-10-1-7
365	10	10-12-10-10-10-10-10-10-10-10-10-10	9-11-11-9-7-11-12-11-8-11-8-11	8-12-9-9-9-9-11-9-9-9-11-10	9-10-9-10-9-9-8-6-11-10-10-8	9-8-8-9-8-11-9-9-11-10-9-9	9-8-9-10-10-8-9-10-10-10-10-10	9-10-4-8-9-10-11-11-4-10-9-9	10-10-8-9-9-8-7-7-8-10-8-1	9-8-9-9-8-9-8-9-12-6-9-10	1-9-10-8-8-11-9-11-8-8-9-7	8-9-10-10-9-10-9-9-8-9-8-9	7-6-8-8-9-11-9-10-11-10-10-7
365	11	11-11-10-12-10-10-12-10-10-12-10-10	12-7-10-6-11-10-12-10-12-10-12-12	11-11-9-9-10-10-10-12-12-10-10-10	12-11-8-11-9-9-12-6-10-8-10-8	9-12-8-11-10-10-10-9-10-11-9-11	9-11-9-11-11-12-10-10-10-7-2-9	9-10-7-8-10-8-10-10-4-11-11-9	11-10-11-9-9-8-7-11-8-11-9-11	11-11-11-3-9-1-8-11-7-11-9-7	7-9-11-11-10-9-11-10-8-11-11-6	8-1-11-11-9-11-11-11-8-9-1-9	8-9-11-8-11-10-11-11-10-11-1-7
365	12	12-12-12-12-12-12-11-12-12-11-12-12	11-7-12-9-12-11-11-11-11-12-11-11	10-10-12-9-12-12-12-12-11-12-11-12	11-12-12-12-12-12-11-12-12-12-12-8	9-11-12-12-12-12-11-12-10-12-2-6	12-12-9-12-12-11-12-12-12-12-12-10	6-12-12-12-7-12-12-7-12-12-11-11	12-12-6-12-12-11-7-6-8-8-9-11	3-12-8-12-9-12-12-6-12-1-9-11	8-12-12-12-12-12-12-10-12-12-12-12	7-12-12-11-7-8-11-12-12-12-12-9	12-12-12-8-9-12-12-10-12-12-12-7
366	0	0-0-0-0-0-0-0-0-0-0-0-0	0-0-0-0-0-0-0-0-0-0-0-0	0-0-0-0-0-0-0-0-0-0-0-0	0-0-0-0-0-0-0-0-0-0-0-0	0-0-0-0-0-0-0-0-0-0-0-0	0-0-0-0-0-0-0-0-0-0-0-0	0-0-0-0-0-0-0-0-0-0-0-0	0-0-0-0-0-0-0-0-0-0-0-0	0-0-0-0-0-0-0-0-0-0-0-0	0-0-0-0-0-0-0-0-0-0-0-0	0-0-0-0-0-0-0-0-0-0-0-0	0-0-0-0-0-0-0-0-0-0-0-0
366	1	1-1-1-1-0-1-1-1-1-1-1-1	1-1-1-1-1-1-0-0-0-0-1-0	9-1-2-1-1-2-2-2-0-1-2-1	2-0-2-2-1-2-0-2-1-1-2-0	1-0-2-2-1-1-2-2-1-1-2-4	2-2-2-1-1-2-1-1-1-1-2-2	2-1-1-0-1-1-1-2-1-1-0-2	1-1-2-1-1-0-1-1-1-1-0-0	0-0-0-1-2-1-0-2-1-1-2-1	0-1-1-0-2-2-1-1-6-0-0-1	0-1-0-0-1-0-0-0-0-1-1-1	0-1-1-0-0-1-1-0-1-0-2-1
366	2	2-2-2-2-2-2-2-2-2-2-2-2	3-2-2-1-2-2-1-3-2-3-1-2	1-1-1-1-1-5-1-1-2-5-3-1	3-3-3-1-1-4-2-1-1-2-5-0	1-2-1-1-4-1-3-3-2-2-4-1	5-1-4-9-2-1-3-3-2-2-11-1	1-2-2-2-3-1-2-1-2-2-2-5	7-1-4-3-2-2-2-4-2-2-2-2	2-5-2-2-1-2-2-3-2-2-1-2	3-1-2-2-1-1-2-2-3-2-2-1	2-2-2-2-2-2-0-2-0-3-2-2	2-2-4-3-0-2-1-2-1-0-1-2
366	3	3-3-3-3-2-3-3-3-3-3-3-3	4-3-3-1-3-4-2-4-2-2-1-4	1-3-2-1-1-2-4-5-4-2-4-4	2-2-4-2-1-2-2-1-4-4-2-0	1-0-1-1-2-5-2-2-3-1-2-1	2-2-2-2-2-1-4-2-3-3-1-3	1-1-4-7-2-3-4-4-3-2-3-4	4-1-2-2-3-2-5-2-2-3-2-0	3-2-2-2-3-2-0-2-4-4-1-4	2-4-3-3-4-3-2-3-2-2-1-1	4-4-4-3-2-2-0-3-0-4-4-2	4-2-2-2-4-3-4-4-3-0-3-3
366	4	4-4-4-4-4-4-4-5-4-4-5-4	3-5-4-1-5-3-0-3-2-3-4-3	1-4-3-5-1-2-3-5-5-4-5-3	2-2-5-1-2-2-5-1-5-3-2-0	6-0-1-5-2-3-5-4-5-2-2-1	1-2-2-0-4-1-5-5-4-3-4-3	1-5-3-3-2-4-5-3-4-4-3-3	3-1-2-2-4-7-4-2-2-4-2-0	4-2-3-5-0-2-4-5-5-3-4-3	5-3-3-3-5-3-5-4-5-2-5-1	3-4-3-6-5-3-0-9-0-3-3-2	3-3-2-5-3-4-3-4-5-5-5-4
366	5	4-4-5-5-4-5-5-4-5-4-4-4	3-4-4-1-4-3-8-2-6-2-6-6	1-6-6-6-6-2-6-6-4-7-4-6	5-6-4-5-6-6-4-9-4-4-2-1	8-0-9-6-2-3-6-6-4-6-5-9	2-5-6-5-5-7-4-5-4-3-4-5	1-4-4-0-2-9-4-4-4-7-5-6	3-8-2-6-4-5-4-5-2-5-5-0	6-2-5-4-0-2-0-6-4-5-7-7	6-1-9-5-5-5-5-4-4-2-5-6	2-2-3-4-4-7-0-5-0-4-6-2	3-5-5-5-3-5-4-0-3-5-4-3
366	6	6-6-6-6-6-4-7-6-6-6-6-6	3-7-6-5-4-5-5-8-5-8-5-5	1-5-5-5-5-7-7-6-5-5-7-5	5-5-5-5-5-5-6-5-7-6-6-0	5-0-13-5-2-7-5-5-7-5-5-5	2-5-5-10-6-5-7-6-6-10-5-6	1-10-8-7-2-6-4-5-4-6-5-5	6-5-2-7-6-7-4-5-2-6-0-0	5-2-8-5-8-2-0-5-9-5-5-11	5-1-6-9-5-8-7-4-1-7-0-5	0-4-4-6-11-5-0-2-0-5-5-2	3-2-5-7-6-5-1-6-9-0-6-3
366	7	7-6-6-8-7-8-6-6-6-6-6-6	8-6-6-8-6-3-8-7-9-6-9-8	7-8-8-7-7-8-8-8-8-5-6-7	8-7-8-5-5-8-7-5-6-8-7-12	5-8-7-5-15-6-8-7-6-7-7-7	8-8-5-7-7-16-6-6-6-6-7-8	7-5-7-9-7-9-4-8-5-5-7-6	8-6-11-6-6-8-6-5-5-7-7-9	11-9-8-8-9-7-7-8-4-2-5-5	8-8-6-8-11-5-4-5-11-15-7-1	10-7-7-8-7-9-9-7-9-5-5-2	7-5-7-7-7-7-1-8-7-7-6-1
366	8	8-8-8-8-8-9-9-8-8-8-9-6	10-9-6-7-8-10-7-7-9-6-7-7	7-7-7-7-5-9-7-7-7-9-9-7	7-7-7-7-5-7-9-5-9-9-8-7	5-7-7-5-8-8-7-8-8-7-5-5	7-7-5-7-6-7-9-8-8-8-1-8	7-9-6-8-7-8-4-7-8-8-7-5	7-5-7-6-8-7-14-5-2-15-7-7	7-7-7-7-6-5-8-7-7-9-1-6	7-7-5-7-8-6-7-6-9-7-7-8	7-8-8-7-8-7-7-7-7-5-10-8	8-2-7-5-7-8-8-7-7-8-6-8
366	9	9-8-8-9-9-8-10-9-8-10-8-8	9-8-6-10-8-10-7-10-8-9-7-7	1-9-10-12-10-11-10-7-11-8-8-10	10-7-9-11-10-10-8-5-10-10-11-7	10-7-15-5-7-9-10-10-9-5-5-5	10-10-10-8-6-7-10-9-8-6-14-6	10-8-11-9-7-7-11-10-10-6-10-9	9-10-12-10-9-9-8-16-10-7-13-7	7-7-10-10-15-9-10-10-6-10-9-6	9-10-5-6-9-15-10-4-7-7-7-9	7-11-8-6-4-7-7-11-7-10-12-11	12-10-7-9-7-5-9-7-6-7-6-3
366	10	10-10-10-10-12-10-10-10-10-10-11-10	8-11-8-9-11-10-7-9-8-11-7-7	7-9-9-9-9-9-11-7-10-11-11-9	9-7-9-9-9-9-7-5-9-9-9-7	9-7-11-5-7-10-11-9-10-10-5-5	9-9-9-10-6-7-9-10-10-6-9-10	15-8-6-12-11-6-16-9-9-6-9-9	6-9-7-9-9-10-8-5-9-7-7-7	7-7-9-9-7-9-9-9-12-9-9-10	9-9-10-11-13-11-9-4-9-7-7-8	7-9-13-6-9-14-7-7-7-9-8-9	9-9-7-9-7-8-9-6-13-10-6-10
366	11	12-12-10-13-13-10-10-10-10-12-10-12	8-10-10-9-8-12-11-12-12-10-12-12	12-12-12-9-9-9-12-12-9-10-10-10	12-12-12-12-12-12-13-5-12-10-9-7	9-7-14-12-7-10-12-12-10-12-12-12	12-12-15-11-6-7-12-9-8-6-2-12	10-14-9-10-12-7-9-12-9-13-14-9	9-11-7-12-12-7-8-9-9-11-15-7	7-7-12-12-11-9-12-12-6-8-12-6	12-11-10-10-12-11-12-4-12-7-7-8	7-9-10-10-14-7-7-11-12-11-9-9	12-10-11-12-14-8-11-7-10-11-12-3
366	12	12-12-12-12-12-12-13-12-12-10-13-11	8-13-13-9-8-11-11-11-11-13-11-11	11-13-11-9-9-11-11-11-14-13-13-13	11-11-11-11-11-11-11-5-11-13-11-7	9-7-11-11-7-13-11-11-13-12-11-11	9-9-11-11-12-11-13-10-12-12-13-11	13-13-6-10-13-12-15-11-12-12-11-9	12-11-9-11-11-7-8-11-9-12-11-7	7-7-11-11-12-9-11-11-10-13-11-14	11-11-12-13-11-9-11-12-11-7-7-14	7-9-14-10-14-7-7-7-11-11-9-9	9-9-7-11-11-8-11-14-13-12-13-4
366	13	12-14-12-12-12-12-12-13-12-13-12-14	14-12-12-9-12-11-14-11-14-12-11-11	14-12-15-15-14-9-14-14-15-12-12-12	14-14-14-14-9-14-16-5-14-15-14-11	11-7-15-15-14-12-14-14-12-13-15-15	15-14-11-11-6-16-14-9-12-12-12-12	12-12-13-10-12-13-4-14-13-11-11-9	9-11-15-11-9-14-6-9-9-7-11-7	16-7-16-14-9-9-13-12-14-12-11-5	16-11-13-12-9-11-14-4-13-7-7-8	7-9-10-6-12-7-7-12-11-11-13-13	12-9-7-13-11-13-11-7-10-11-12-3
366	14	15-14-14-12-13-12-14-14-14-13-15-13	13-12-15-13-14-11-13-11-13-12-11-15	16-15-11-13-13-16-13-13-12-15-15-15	13-13-13-13-11-13-13-5-13-13-15-7	9-7-11-13-13-15-13-13-15-13-13-13	13-13-11-12-12-13-15-10-12-12-15-13	9-11-14-10-12-14-14-13-12-12-11-9	12-11-13-11-11-7-8-13-9-12-11-7	13-7-14-13-13-12-11-11-13-12-11-12	15-11-14-15-11-11-13-12-11-7-7-14	7-9-15-10-12-16-7-11-7-11-13-14	14-9-7-11-11-8-11-14-15-12-15-4
366	15	14-15-15-15-15-15-14-16-15-16-12-16	16-14-14-9-15-16-14-16-13-14-11-14	7-14-13-13-13-9-15-14-13-14-14-14	13-15-15-13-9-13-14-5-13-13-14-15	9-15-13-13-7-14-16-15-14-13-13-13	13-13-11-15-6-15-14-9-12-3-12-15	10-12-14-15-12-15-12-13-13-15-15-15	9-12-13-11-9-7-8-13-15-7-11-7	15-7-15-13-9-10-15-15-10-9-11-5	14-15-15-14-9-11-13-4-15-7-15-14	15-9-14-7-14-15-7-15-15-15-13-13	15-15-7-15-15-13-15-15-14-15-12-3
366	16	16-16-16-16-16-16-16-16-16-16-16-16	15-13-16-9-16-15-13-15-15-16-11-13	14-16-16-13-14-16-16-16-14-16-14-14	15-16-15-13-16-16-13-16-14-16-16-15	9-7-16-16-7-16-15-16-14-16-5-5	16-16-16-16-16-7-14-16-16-16-16-16	15-16-16-16-14-16-10-13-16-16-13-11	16-16-13-15-16-7-16-9-15-15-11-7	15-16-15-16-9-16-16-9-16-9-11-13	15-16-16-16-16-6-16-15-15-16-7-16	11-16-16-16-14-15-7-16-16-16-16-16	14-9-16-15-14-16-16-16-16-16-16-3
367	0	0-0-0-0-0-0-0-0-0-0-0-0	0-0-0-0-0-0-0-0-0-0-0-0	0-0-0-0-0-0-0-0-0-0-0-0	0-0-0-0-0-0-0-0-0-0-0-0	0-0-0-0-0-0-0-0-0-0-0-0	0-0-0-0-0-0-0-0-0-0-0-0	0-0-0-0-0-0-0-0-0-0-0-0	0-0-0-0-0-0-0-0-0-0-0-0	0-0-0-0-0-0-0-0-0-0-0-0	0-0-0-0-0-0-0-0-0-0-0-0	0-0-0-0-0-0-0-0-0-0-0-0	0-0-0-0-0-0-0-0-0-0-0-0
367	1	1-1-0-1-1-1-1-1-1-1-1-1	1-0-0-0-0-1-1-2-1-0-1-1	2-2-2-1-2-2-2-2-2-0-2-2	2-2-3-1-2-2-0-3-2-3-0-2	0-2-11-2-4-0-2-2-0-2-2-2	1-2-0-1-1-2-2-1-0-0-0-1	2-0-0-12-2-0-0-2-0-1-2-0	1-1-2-2-1-2-0-0-2-1-2-1	0-1-2-2-1-1-12-1-2-2-1-2	2-1-1-2-0-2-2-0-2-8-1-1	2-0-0-1-0-1-2-2-0-1-1-1	0-1-1-2-2-0-1-1-0-1-1-0
367	2	2-2-2-2-2-2-2-2-2-2-2-2	2-3-3-0-2-3-1-3-3-3-1-3	1-1-1-2-1-1-3-1-1-2-3-3	1-1-1-1-1-1-0-1-3-3-2-1	3-1-1-1-1-2-3-1-3-1-1-1	3-1-0-1-2-1-3-1-3-2-3-2	1-3-0-1-1-0-3-1-0-2-1-3	0-2-1-1-3-1-3-2-1-1-1-2	2-1-1-1-3-2-3-1-2-1-2-2	1-2-2-1-2-1-3-2-1-2-1-3	1-3-2-2-2-2-1-1-1-1-2-2	2-1-1-1-1-2-1-2-2-2-4-3
367	3	3-2-3-2-3-2-2-2-2-3-2-2	2-2-2-3-2-2-3-2-2-2-5-4	3-4-3-3-3-4-4-3-4-3-2-2	3-3-1-4-3-1-3-1-2-1-2-7	2-11-1-3-13-2-4-4-4-1-3-3	2-1-0-3-3-10-2-1-2-0-2-3	3-2-3-10-3-3-2-4-3-2-3-2	4-2-3-2-2-7-2-0-1-3-3-11	3-1-3-1-2-1-5-4-2-2-1-2	3-1-1-1-4-2-2-4-3-4-3-2	11-2-2-3-3-3-11-4-11-1-1-3	2-1-3-3-3-3-1-3-2-6-2-2
367	4	4-4-4-4-3-4-5-4-5-3-4-5	4-2-2-6-4-2-5-4-5-4-5-5	1-5-5-5-5-3-5-5-5-5-5-5	5-3-5-5-5-5-3-5-5-2-5-3	5-3-1-6-1-4-3-5-3-4-6-5	5-1-5-4-3-3-5-5-2-0-3-7	10-6-4-4-3-4-3-3-4-4-5-4	3-4-5-4-4-3-4-5-4-1-3-3	3-1-3-4-13-4-3-4-2-2-5-4	4-4-2-5-5-5-6-4-11-3-3-5	3-4-2-3-6-6-3-3-5-4-4-4	2-6-4-7-3-4-4-2-2-3-2-2
367	5	6-5-4-4-5-5-5-5-5-5-5-5	6-2-2-4-5-2-6-4-6-6-4-4	1-4-4-4-4-10-4-6-4-4-6-4	4-6-6-4-4-4-5-4-4-5-4-3	4-3-8-4-6-5-6-4-5-5-7-4	10-7-6-13-5-7-6-4-5-5-10-5	5-5-6-5-6-3-6-6-5-10-4-6	14-5-4-6-5-3-5-6-8-3-5-3	3-1-5-6-4-5-3-6-2-5-4-6	6-5-5-4-4-4-5-5-9-6-3-4	5-14-2-2-6-5-3-5-5-4-5-5	7-5-1-6-5-5-4-5-2-3-2-6
367	6	6-6-6-6-6-6-6-6-6-6-6-6	5-6-7-4-5-7-5-7-5-5-4-7	1-5-5-4-7-5-7-8-7-8-7-7	4-5-5-4-4-5-7-4-7-7-7-3	4-3-1-4-5-8-5-5-5-8-8-5	4-5-5-5-3-3-7-10-5-14-9-6	5-4-8-5-5-0-5-7-6-6-4-5	7-5-4-5-4-3-6-5-7-7-5-3	6-1-5-5-6-5-3-5-6-5-7-5	5-4-6-8-4-4-7-5-1-5-3-4	3-5-10-6-7-6-3-5-3-7-5-7	5-5-1-5-3-6-4-6-7-3-13-5
367	7	7-7-7-7-7-10-7-7-8-7-7-7	8-6-6-4-8-8-3-6-5-5-4-6	3-7-5-6-8-5-6-7-8-5-8-6	4-3-8-8-4-5-6-4-8-6-6-3	4-3-1-7-5-6-7-8-8-5-5-5	4-5-5-3-7-5-8-6-7-7-8-9	5-4-6-1-5-0-8-6-7-7-4-5	6-5-4-6-4-3-10-5-6-6-5-3	8-1-6-5-7-5-7-4-7-11-6-8	4-4-7-10-4-7-6-5-2-3-3-4	3-5-8-8-6-3-3-3-3-6-5-6	5-5-14-4-3-7-4-3-6-7-8-13
367	8	7-6-7-7-5-9-8-8-7-8-8-7	10-6-6-4-10-11-6-10-10-10-8-9	5-8-9-4-7-6-9-9-7-6-7-8	9-3-7-9-4-5-9-9-7-6-6-9	8-3-5-9-5-6-9-7-7-8-6-5	4-5-5-4-7-3-7-8-7-8-7-6	5-4-6-5-5-0-7-7-8-7-4-5	6-6-4-5-5-3-7-5-5-10-5-3	7-1-5-5-3-10-1-9-10-10-9-10	7-4-8-6-4-10-7-5-9-1-3-4	8-5-7-7-7-9-3-5-5-5-10-5	8-10-8-9-8-8-8-8-6-8-7-7
367	9	9-10-7-9-9-8-7-9-7-9-9-8	10-6-6-4-7-8-11-10-8-5-8-8	3-10-11-11-8-12-10-11-10-11-10-10	8-7-10-8-11-11-7-8-8-7-6-8	8-5-5-10-5-6-8-7-10-10-8-9	4-6-10-10-9-3-7-8-9-9-7-9	5-10-12-5-5-13-8-6-9-9-9-5	6-9-4-5-5-3-7-5-5-9-5-3	9-1-5-5-10-8-3-8-8-8-9-8	10-4-9-8-10-15-7-5-9-1-3-6	8-5-7-7-10-8-3-5-5-4-8-5	8-5-8-8-8-8-10-8-6-3-7-7
367	10	10-15-11-11-12-7-10-15-10-9-10-7	8-6-6-4-8-7-11-9-8-5-11-11	11-9-12-9-11-5-9-11-9-5-9-9	11-5-11-11-11-11-6-13-8-6-6-10	12-3-10-11-5-6-11-11-9-9-10-10	5-11-11-9-9-3-6-6-9-9-5-12	11-9-9-3-5-14-8-11-9-15-10-5	8-10-13-11-5-3-7-10-5-9-13-3	10-1-5-13-10-8-15-11-8-8-10-8	9-10-14-7-11-11-11-7-10-1-3-10	3-5-6-7-9-10-3-5-3-10-8-10	8-8-10-11-3-8-9-3-6-10-7-6
367	11	11-11-10-11-13-11-11-11-13-11-11-11	12-13-12-4-8-8-10-12-8-12-10-10	10-11-9-9-10-12-12-9-9-12-12-12	10-11-10-10-10-10-12-10-12-11-12-3	10-3-1-10-5-12-12-10-11-9-10-10	4-10-12-9-14-10-12-11-9-11-3-11	10-12-11-1-12-0-8-10-9-14-10-12	11-10-3-12-10-3-11-10-5-11-10-3	10-1-5-10-7-8-1-10-8-7-7-12	9-10-11-11-10-10-10-9-10-3-12-13	3-8-2-11-10-10-3-5-3-5-8-10	8-8-8-10-3-11-9-3-13-10-7-7
367	12	12-12-15-11-10-11-11-15-12-15-11-11	11-11-11-4-13-14-14-13-8-11-10-15	10-12-10-10-13-11-11-14-13-11-11-13	13-13-13-13-10-10-11-10-11-13-11-1	10-3-1-12-14-11-11-12-13-9-10-10	4-10-11-9-12-3-13-11-9-9-4-10	13-15-9-1-11-10-7-13-9-14-4-11	11-10-3-11-11-12-11-10-5-13-15-13	3-13-5-10-13-8-15-13-8-13-10-11	9-5-8-13-13-11-13-9-12-13-11-11	3-5-2-12-13-12-3-3-3-10-8-12	8-12-13-12-3-8-9-3-2-13-7-12
367	13	13-14-15-15-11-11-13-15-14-15-13-15	15-11-11-4-7-14-12-14-15-12-10-14	14-14-14-10-12-14-14-14-12-12-11-12	14-14-14-12-10-13-11-10-12-12-14-13	10-13-15-12-14-11-12-13-12-13-10-10	14-10-11-14-13-10-12-11-9-6-10-13	13-12-11-13-11-10-12-12-9-13-13-10	5-11-10-13-13-12-7-10-13-12-10-12	13-12-14-10-10-14-14-12-8-13-10-11	13-13-10-12-12-8-12-5-14-14-13-11	14-5-12-12-12-15-3-13-13-10-8-13	13-12-13-13-13-13-9-13-6-13-6-7
367	14	11-13-11-13-11-11-14-14-15-13-14-13	11-11-11-4-12-12-12-13-14-12-10-13	13-13-13-15-12-13-13-13-13-12-13-12	13-13-13-12-14-13-11-10-11-14-13-13	14-13-13-9-12-14-15-13-13-13-10-10	14-10-14-14-11-3-13-14-7-11-5-13	15-11-11-13-13-10-7-12-9-11-14-10	5-10-13-14-14-12-7-10-5-12-14-12	15-13-13-5-13-13-13-14-9-15-14-11	13-14-10-13-13-14-14-9-13-13-12-11	13-5-14-11-6-14-3-13-13-14-8-14	13-14-13-13-14-13-9-13-6-14-11-6
367	15	15-15-15-15-15-15-15-15-15-13-15-15	13-11-15-14-15-13-12-13-13-15-14-12	10-15-15-14-15-15-13-15-12-15-15-15	13-15-15-15-15-15-12-10-15-15-15-13	14-13-13-15-15-15-14-15-12-15-10-10	15-15-14-15-15-3-15-15-15-15-15-14	14-15-15-15-11-15-8-15-15-10-13-14	15-10-10-15-15-3-15-10-10-13-14-15	14-15-15-11-14-8-15-10-15-14-14-8	13-15-15-15-15-8-15-14-15-15-15-15	15-15-15-15-9-13-15-15-15-15-8-15	15-5-15-13-14-15-15-13-15-15-15-0
368	0	0-0-0-0-0-0-0-0-0-0-0-0	0-0-0-0-0-0-0-0-0-0-0-0	0-0-0-0-0-0-0-0-0-0-0-0	0-0-0-0-0-0-0-0-0-0-0-0	0-0-0-0-0-0-0-0-0-0-0-0	0-0-0-0-0-0-0-0-0-0-0-0	0-0-0-0-0-0-0-0-0-0-0-0	0-0-0-0-0-0-0-0-0-0-0-0	0-0-0-0-0-0-0-0-0-0-0-0	0-0-0-0-0-0-0-0-0-0-0-0	0-0-0-0-0-0-0-0-0-0-0-0	0-0-0-0-0-0-0-0-0-0-0-0
368	1	1-1-1-1-1-1-1-1-1-1-1-1	1-0-0-2-0-1-2-2-2-1-1-2	1-2-2-1-1-2-2-1-0-0-2-1	2-2-2-2-2-2-0-1-0-0-0-2	1-2-2-1-2-0-2-2-0-1-1-1	2-2-1-1-1-2-0-1-0-0-0-0	2-0-1-2-1-0-1-2-0-1-2-2	1-1-2-2-1-0-0-0-2-0-2-2	1-2-1-2-1-1-2-2-2-1-1-0	2-2-0-2-2-2-2-1-2-2-2-0	2-0-2-3-2-2-2-1-2-2-1-1	0-3-1-2-2-2-2-2-2-2-2-1
368	2	2-2-2-2-2-2-2-2-2-2-2-2	2-3-2-1-1-2-1-1-1-1-1-1	1-2-1-1-2-1-1-2-2-3-1-2	1-1-1-1-1-1-0-1-3-3-3-1	1-1-1-0-1-3-1-1-3-2-0-1	1-1-0-0-0-1-3-1-2-0-3-2	1-3-2-1-6-0-2-1-3-0-1-3	3-2-1-1-2-1-3-0-1-0-1-1	1-1-1-1-1-1-1-1-1-2-1-2	1-1-2-3-1-1-1-1-1-1-1-2	1-2-1-0-1-3-1-1-1-1-3-2	3-2-1-1-1-1-1-1-1-1-1-3
368	3	3-3-3-3-4-4-3-3-4-3-3-3	4-2-2-3-3-2-4-3-4-4-4-4	3-3-4-3-3-4-4-4-4-3-4-3	3-3-4-4-4-4-3-1-2-2-2-4	4-1-1-4-2-2-4-4-2-3-3-3	4-4-0-1-3-1-2-4-2-3-2-4	1-2-3-1-3-3-2-3-2-3-4-2	3-3-1-4-3-5-2-0-1-5-4-5	1-5-1-4-3-1-4-4-4-3-3-4	3-1-3-2-2-10-3-3-3-5-4-2	7-2-7-4-10-2-5-5-1-0-2-3	8-1-3-1-3-1-3-11-3-7-3-2
368	4	5-5-4-5-5-4-5-5-5-5-5-5	5-5-5-6-5-5-3-5-3-5-5-5	4-4-5-5-5-5-5-5-6-5-6-5	5-5-5-5-3-3-5-6-5-5-5-3	6-1-6-6-4-5-5-4-5-5-5-3	5-5-5-8-5-7-5-6-5-4-10-4	4-5-7-4-5-4-5-5-5-5-7-4	5-4-5-4-4-3-7-5-4-5-5-10	4-3-4-4-4-5-5-5-5-6-4-5	5-14-7-5-4-6-5-6-3-9-3-5	5-5-5-3-14-2-3-5-1-4-5-4	4-4-3-4-7-12-6-6-1-4-5-5
368	5	4-4-4-4-4-4-4-4-4-4-4-4	4-4-4-5-4-4-4-4-4-4-4-4	6-6-4-4-7-4-6-6-4-4-4-4	6-4-4-4-5-6-4-8-4-4-6-7	7-1-7-7-1-4-6-6-4-4-4-5	4-7-5-5-4-8-4-4-4-4-7-8	5-4-4-5-4-5-4-4-4-4-6-5	4-5-4-5-5-3-4-5-5-4-6-3	5-3-4-5-6-4-4-6-4-4-6-4	4-6-6-4-6-4-7-4-10-3-6-4	6-4-4-3-4-5-3-4-9-6-4-5	4-8-5-5-5-4-4-4-4-5-4-4
368	6	4-4-4-4-4-4-4-4-4-4-4-4	4-4-4-5-4-4-7-4-3-7-5-5	5-7-5-5-5-9-5-5-4-9-4-5	5-7-4-7-5-5-4-5-4-4-9-5	4-1-5-4-7-6-7-5-6-4-4-5	5-5-8-13-4-4-7-4-6-6-13-6	5-6-4-6-7-5-4-7-6-4-5-7	4-5-5-7-6-4-4-7-7-4-8-3	6-3-6-6-5-4-6-5-4-4-5-4	4-5-5-4-5-4-4-4-5-3-5-4	6-4-4-3-4-6-3-4-5-5-4-6	4-6-4-5-5-4-4-4-4-5-4-4
368	7	4-4-4-4-4-4-4-4-4-4-4-4	4-9-8-5-4-4-6-8-4-6-4-9	5-6-4-5-5-6-8-6-4-9-8-8	6-6-6-6-5-5-4-5-7-8-8-5	5-1-5-5-6-9-6-6-6-4-9-5	4-5-6-4-4-4-8-8-6-7-5-7	5-7-4-6-6-4-6-8-7-4-4-5	8-5-4-6-7-7-4-6-8-8-4-4	4-3-6-6-7-4-4-5-4-7-8-4	4-5-5-9-5-4-8-4-5-4-5-4	3-4-12-0-8-4-3-4-5-8-4-8	4-5-5-5-4-4-5-4-12-3-4-4
368	8	4-4-8-4-4-4-4-4-9-4-4-4	4-4-7-5-4-4-4-7-4-4-4-7	6-8-4-5-4-6-7-9-4-6-9-7	6-6-9-4-5-5-4-5-9-7-7-5	4-3-5-4-6-7-9-8-9-4-4-5	5-5-6-4-8-5-9-7-8-8-12-5	5-7-4-5-6-8-9-7-8-8-5-5	7-5-5-7-6-4-12-6-7-7-6-3	4-3-4-5-8-4-1-5-9-10-7-4	4-4-5-7-5-8-7-8-5-3-5-4	1-4-4-9-7-9-3-4-5-7-4-7	3-5-5-5-5-4-4-4-7-4-11-4
368	9	4-9-9-4-9-8-4-4-8-4-9-12	4-7-7-5-4-4-4-6-10-4-11-7	10-9-11-10-10-6-10-10-8-6-8-10	10-10-10-9-10-10-4-11-8-8-6-10	10-1-11-10-6-7-10-10-8-10-10-9	6-10-10-4-9-14-8-9-8-8-6-11	5-4-4-5-6-4-8-8-8-4-10-10	4-10-14-10-9-9-4-12-6-6-9-4	6-3-12-6-12-4-6-10-8-4-12-9	5-4-5-7-9-10-9-8-9-4-5-4	6-4-7-10-4-12-3-4-5-12-4-6	4-9-9-5-5-4-4-4-3-9-8-8
368	10	10-10-10-10-4-10-10-10-9-10-10-4	10-11-11-5-8-4-12-11-9-11-9-7	9-9-9-9-9-11-9-9-10-11-11-9	9-9-9-9-9-9-11-9-11-10-11-9	9-1-9-9-6-11-9-9-10-10-9-9	5-9-11-4-10-5-11-10-8-10-4-10	5-12-4-1-11-0-8-10-8-10-9-9	4-12-12-11-9-9-12-9-6-8-4-4	4-3-6-6-8-4-4-9-3-8-12-11	4-1-10-4-9-9-9-10-5-3-9-12	4-4-12-10-3-9-3-4-5-4-4-6	4-9-9-5-5-4-4-4-1-3-8-4
368	11	11-11-14-10-11-11-4-14-11-14-4-4	10-10-10-5-4-4-11-10-9-10-9-14	9-10-9-9-12-12-12-11-12-10-10-12	9-12-12-9-9-9-10-9-10-12-10-9	9-1-9-12-12-10-10-10-12-9-12-12	5-9-10-4-11-5-12-10-8-4-11-9	5-12-4-1-10-8-8-12-11-4-5-8	4-9-4-10-9-11-8-9-6-12-5-4	4-3-4-5-8-11-4-12-4-8-10-10	4-4-5-12-12-12-13-8-3-3-5-10	1-4-12-11-12-11-3-4-5-4-4-6	4-11-9-5-1-4-4-12-1-12-8-11
368	12	4-11-8-11-4-10-4-14-14-14-4-14	13-10-8-13-8-4-13-13-13-11-9-13	13-12-14-9-11-13-11-11-11-10-10-11	13-11-13-9-9-13-10-9-11-11-10-13	9-13-13-11-13-10-11-13-11-12-11-11	13-12-10-4-12-4-11-10-8-4-5-13	5-11-4-12-10-12-8-11-8-12-12-9	4-10-9-12-9-12-10-9-12-11-9-4	6-12-6-6-9-4-12-11-4-4-9-10	12-4-5-11-11-11-8-0-12-12-13-10	12-4-10-11-11-14-3-12-12-9-4-12	12-11-12-12-12-4-4-4-7-11-4-4
368	13	14-14-14-14-13-14-14-14-14-14-14-14	14-10-14-14-14-14-14-14-14-14-14-14	12-12-13-14-11-12-13-13-13-11-14-13	12-13-12-11-13-12-14-9-10-12-10-12	13-12-12-11-12-13-14-13-11-14-13-13	13-13-10-13-12-5-12-13-8-10-6-12	14-11-4-12-10-12-13-11-12-14-13-13	4-13-14-13-13-12-8-14-6-11-13-4	4-12-12-13-14-13-12-11-8-14-13-10	4-5-13-11-13-14-13-13-12-12-12-13	4-4-13-11-13-13-3-12-5-13-4-14	13-9-13-12-13-4-13-4-7-11-4-4
368	14	14-14-13-13-14-13-13-14-14-13-14-13	13-13-14-13-13-13-13-13-13-14-13-13	12-13-14-13-14-14-14-14-13-14-13-14	13-14-13-14-14-14-13-14-13-14-14-12	13-12-14-14-14-14-13-14-11-14-5-9	14-14-13-13-14-14-14-14-14-14-14-14	13-14-14-14-10-14-10-13-14-12-4-13	14-14-9-14-14-13-14-9-5-14-13-14	4-14-14-14-13-14-14-9-14-13-13-12	12-14-14-14-14-13-14-13-14-14-14-14	14-4-14-14-4-12-14-14-14-14-14-13	14-14-14-12-13-14-14-4-14-14-14-14
369	0	0-0-0-0-0-0-0-0-0-0-0-0	0-0-0-0-0-0-0-0-0-0-0-0	0-0-0-0-0-0-0-0-0-0-0-0	0-0-0-0-0-0-0-0-0-0-0-0	0-0-0-0-0-0-0-0-0-0-0-0	0-0-0-0-0-0-0-0-0-0-0-0	0-0-0-0-0-0-0-0-0-0-0-0	0-0-0-0-0-0-0-0-0-0-0-0	0-0-0-0-0-0-0-0-0-0-0-0	0-0-0-0-0-0-0-0-0-0-0-0	0-0-0-0-0-0-0-0-0-0-0-0	0-0-0-0-0-0-0-0-0-0-0-0
369	1	1-1-2-2-1-1-1-1-1-1-1-1	2-2-1-2-1-2-2-2-1-1-2-2	1-2-2-2-3-2-2-2-2-2-4-2	2-2-3-2-0-0-3-1-3-2-2-2	1-2-1-2-0-1-1-1-2-2-5-0	8-2-2-1-2-4-1-2-1-1-8-2	1-1-2-2-1-1-2-1-1-3-1-2	2-1-2-1-1-2-3-2-1-2-2-3	1-2-2-1-2-16-2-1-3-1-1-2	2-2-1-3-2-2-4-2-2-5-4-3	2-2-2-1-2-1-3-1-1-1-3-1	2-1-0-1-2-2-3-3-2-2-0-2
369	2	1-1-1-1-1-1-1-1-1-1-1-1	1-1-1-1-1-1-1-2-1-1-3-1	5-1-1-1-4-1-3-1-1-1-1-1	3-1-1-1-4-3-1-5-1-1-3-1	3-1-3-5-0-2-3-3-1-1-3-3	1-3-1-2-1-1-2-1-1-1-3-3	2-1-1-1-2-1-1-1-1-1-3-1	1-3-3-3-2-1-1-1-2-1-1-1	1-1-1-1-1-1-1-1-1-1-2-1	1-1-1-1-3-1-1-1-1-1-1-1	1-1-1-0-1-1-1-1-1-1-1-1	1-2-4-1-1-1-2-1-1-1-0-1
369	3	1-1-1-1-1-1-1-1-1-1-1-3	1-1-1-1-1-1-1-3-2-1-2-4	6-1-2-1-1-5-2-4-1-4-3-1	2-4-1-2-2-2-1-2-1-1-4-2	2-6-2-2-4-2-4-4-3-1-2-2	1-2-5-3-1-1-4-4-3-3-10-3	5-3-1-3-4-3-1-3-3-1-2-5	3-2-2-4-3-3-1-4-4-3-3-1	3-1-3-3-4-1-3-4-1-1-2-1	4-3-3-1-2-4-3-1-1-1-3-1	5-1-1-0-3-3-1-3-5-4-1-3	1-3-5-5-3-1-1-1-1-1-0-1
369	4	4-4-4-4-4-4-5-4-1-4-4-4	1-6-5-2-1-1-1-5-1-3-2-3	5-4-3-1-2-3-5-3-5-3-5-5	3-3-4-1-2-2-4-2-5-4-3-2	2-0-2-4-3-5-3-3-3-4-6-2	1-3-3-3-1-1-5-4-3-4-1-4	3-4-4-0-3-4-4-5-4-5-2-3	4-2-3-5-1-0-4-3-3-5-1-1	1-1-3-3-3-1-1-3-1-5-4-4	3-3-4-1-5-3-1-1-1-1-5-1	3-1-1-5-1-3-1-3-3-3-1-3	1-3-2-3-1-1-1-1-1-1-4-1
369	5	4-5-5-5-1-5-4-5-5-5-5-4	4-6-6-2-1-1-1-4-2-3-2-6	4-5-3-3-4-3-4-5-4-4-4-5	3-6-6-2-2-3-6-2-4-4-6-1	2-0-2-9-3-4-4-5-6-1-1-2	1-3-3-1-5-1-6-6-5-5-15-4	3-1-1-0-3-5-5-4-5-4-3-3	6-2-1-4-5-6-5-9-3-6-3-1	3-3-3-3-5-1-1-1-5-5-7-15	12-3-5-6-5-6-10-15-1-1-4-1	3-1-1-4-1-1-1-10-3-3-1-3	5-13-2-3-6-1-1-1-1-5-1-5
369	6	7-9-7-9-7-5-7-7-7-8-7-8	7-4-5-7-7-7-7-7-7-8-7-7	7-7-7-7-7-8-7-7-7-7-7-6	7-6-8-7-7-7-5-7-7-7-5-7	7-8-7-7-3-4-7-7-5-7-7-7	7-7-9-7-5-7-5-7-5-5-7-7	7-6-1-7-5-6-5-6-4-6-7-5	5-5-9-7-8-7-5-7-3-6-9-6	7-7-3-6-6-9-7-7-8-7-8-4	8-7-8-6-7-7-7-5-7-7-7-1	7-7-9-8-6-8-7-7-7-7-7-3	7-5-6-7-7-9-6-10-9-6-7-7
369	7	6-7-7-7-6-6-6-6-6-6-6-7	6-5-8-6-6-6-6-6-6-8-6-6	6-6-6-6-6-3-6-6-6-6-8-6	6-6-6-6-6-6-10-6-8-8-8-6	6-6-6-6-3-8-6-6-8-6-7-6	6-6-8-6-5-6-8-6-5-5-6-6	6-11-1-6-13-7-8-7-4-13-6-10	0-8-9-8-7-6-8-6-3-9-6-1	6-6-3-3-7-7-6-6-7-6-6-4	11-6-7-6-6-6-6-9-6-6-6-7	13-6-8-15-16-6-6-6-6-6-7-3	14-5-6-6-6-6-9-14-14-13-15-6
369	8	6-6-9-7-6-6-6-6-6-6-6-6	6-5-7-6-6-7-6-6-6-9-9-6	6-9-9-6-8-9-9-9-9-7-7-9	9-9-6-9-9-9-9-6-7-7-7-8	6-9-6-8-9-7-9-9-7-6-8-8	9-10-7-8-11-10-7-9-8-8-9-9	8-7-6-9-9-8-7-7-3-6-11-7	8-7-13-7-6-9-7-6-8-8-8-8	11-9-9-9-15-1-6-9-7-9-6-4	7-3-6-11-10-5-6-7-8-15-9-1	12-7-7-10-6-9-9-9-6-6-1-3	11-5-8-6-6-1-1-11-1-9-7-7
369	9	9-6-7-6-9-11-10-9-11-6-9-9	6-10-10-6-10-11-8-6-6-10-6-6	6-8-8-6-6-8-8-8-6-10-10-8	8-8-6-8-8-8-8-6-11-11-9-8	6-8-6-6-8-11-8-8-11-6-8-6	8-6-6-8-8-8-10-8-9-9-6-8	6-11-11-10-8-9-10-10-9-9-6-11	10-7-6-7-7-8-11-5-8-7-6-8	1-8-8-8-8-9-11-8-9-8-7-4	10-6-7-8-8-6-6-7-8-8-8-1	8-14-9-8-6-8-8-8-6-6-7-7	7-5-8-6-8-6-7-6-6-8-9-7
369	10	6-6-9-7-6-9-9-9-9-9-10-9	6-9-9-11-9-6-11-11-6-9-11-8	8-10-11-11-12-13-11-8-11-9-9-11	8-8-11-11-12-8-7-6-9-9-9-6	12-8-11-10-8-9-9-11-9-11-11-6	12-8-11-10-8-8-9-12-9-5-12-11	11-7-9-9-7-8-9-9-9-11-14-7	8-11-12-11-11-8-9-11-8-8-11-8	8-8-8-8-16-10-6-9-9-10-11-11	9-3-6-8-8-11-5-6-8-8-8-1	8-9-10-8-6-8-8-5-6-10-12-8	7-10-8-6-6-1-1-6-1-7-7-7
369	11	11-7-11-7-15-9-11-11-11-11-9-9	8-9-5-10-10-9-11-10-6-12-10-11	11-11-12-10-11-12-12-12-12-9-12-12	8-8-10-10-10-10-8-6-9-9-9-11	10-12-6-10-8-9-12-12-9-10-10-6	9-11-10-11-8-16-9-10-9-11-1-10	10-7-9-11-7-11-7-12-9-10-12-9	15-7-13-10-10-12-9-10-8-8-8-8	8-8-12-8-10-1-11-9-12-10-10-10	7-1-6-8-7-10-5-7-8-12-12-1	12-9-7-8-5-13-8-8-12-10-7-8	8-5-8-12-11-1-1-8-1-12-7-7
369	12	13-13-12-12-12-13-12-12-12-12-11-12	14-15-13-11-13-12-11-13-14-11-11-13	11-11-11-11-10-11-11-11-11-13-13-11	12-11-12-10-10-10-15-6-13-12-12-6	10-11-6-10-8-13-11-11-13-11-10-6	11-11-10-11-15-11-13-10-13-12-10-12	6-12-9-12-16-12-13-13-12-12-11-12	15-12-10-12-10-11-15-10-8-15-11-8	10-11-11-8-12-13-11-13-11-12-12-16	5-13-7-13-8-10-6-13-8-8-11-14	8-12-6-8-6-11-8-8-6-6-10-14	7-9-11-11-6-6-1-15-15-11-15-15
369	13	12-12-16-13-12-12-12-12-12-13-13-16	14-12-12-14-12-13-14-13-16-14-14-12	11-14-11-14-14-14-12-14-14-12-12-13	14-11-13-10-14-14-12-6-12-13-12-13	14-11-15-10-8-12-14-14-12-10-10-6	14-14-15-10-12-11-12-14-12-5-13-14	14-13-11-13-7-13-12-12-9-12-13-13	11-13-11-14-15-11-12-10-14-11-15-8	8-8-11-14-8-12-11-12-12-1-13-5	14-14-13-13-14-15-13-12-8-8-14-12	7-12-7-7-14-11-8-14-14-14-1-13	13-5-11-13-14-1-13-12-12-7-12-12
369	14	14-14-16-16-15-14-12-16-11-16-14-16	13-16-12-13-12-12-13-15-12-15-13-16	11-13-13-13-15-13-13-13-13-12-15-15	13-15-13-15-13-13-12-6-14-15-12-13	13-11-13-15-11-15-13-13-15-14-15-15	15-13-13-16-12-11-15-13-11-14-15-13	13-15-11-13-12-12-15-15-14-12-13-13	11-14-13-13-13-11-12-10-13-11-13-8	8-8-11-13-12-14-11-15-11-6-13-4	13-13-13-15-15-13-13-12-13-8-13-12	7-9-7-14-15-11-8-13-13-13-14-12	7-14-8-13-13-1-13-7-7-15-12-14
369	15	15-15-16-15-16-16-15-16-15-16-16-16	15-12-12-15-15-15-14-16-16-14-13-14	15-15-16-13-14-14-16-16-14-12-14-14	16-14-15-14-13-15-12-6-14-14-12-15	10-15-13-14-15-14-16-13-14-15-14-15	15-13-13-15-12-11-14-15-12-5-14-15	16-14-11-15-15-15-12-14-14-16-13-15	11-7-15-13-13-15-12-10-15-8-13-8	15-8-3-15-8-1-15-14-12-6-13-5	16-15-15-14-14-13-15-16-15-8-15-15	7-1-7-14-14-11-8-13-15-15-1-15	15-14-15-15-15-1-1-12-12-14-12-12
369	16	16-16-15-16-16-16-16-16-16-14-16-16	15-14-16-15-16-16-14-15-12-16-13-14	11-16-16-16-16-16-16-16-15-16-16-14	15-16-15-15-16-16-15-16-16-16-16-11	16-11-15-16-16-16-15-16-14-16-14-6	16-16-16-16-16-11-12-16-16-16-16-16	15-14-16-16-12-16-12-14-16-15-11-12	16-16-14-15-16-8-16-10-15-16-14-8	15-16-16-16-10-1-16-10-16-1-13-12	15-16-16-12-16-13-16-15-16-16-16-16	12-16-1-7-7-8-8-16-16-16-16-16	15-16-16-15-7-16-16-8-16-16-16-12
370	0	0-0-0-0-0-0-0-0-0-0-0-0	0-0-0-0-0-0-0-0-0-0-0-0	0-0-0-0-0-0-0-0-0-0-0-0	0-0-0-0-0-0-0-0-0-0-0-0	0-0-0-0-0-0-0-0-0-0-0-0	0-0-0-0-0-0-0-0-0-0-0-0	0-0-0-0-0-0-0-0-0-0-0-0	0-0-0-0-0-0-0-0-0-0-0-0	0-0-0-0-0-0-0-0-0-0-0-0	0-0-0-0-0-0-0-0-0-0-0-0	0-0-0-0-0-0-0-0-0-0-0-0	0-0-0-0-0-0-0-0-0-0-0-0
370	1	1-1-1-1-1-1-1-1-1-1-1-1	1-1-2-3-1-1-2-1-1-1-2-2	3-2-2-2-2-2-2-2-2-1-2-1	2-0-2-2-2-2-1-4-2-0-2-5	2-1-3-3-0-1-2-2-1-1-1-2	1-1-1-0-1-3-2-2-1-1-9-2	2-1-1-0-1-1-1-2-1-1-2-1	1-2-1-2-1-1-1-1-1-1-2-1	1-0-1-1-9-1-2-2-2-3-2-1	2-1-1-4-2-2-3-1-4-1-4-1	1-1-1-0-2-1-2-1-1-1-1-1	1-1-4-1-1-1-3-0-2-1-2-2
370	2	2-2-1-2-2-2-2-2-1-2-2-1	1-1-1-1-1-1-1-2-2-3-1-2	7-1-1-1-1-7-1-3-1-2-3-3	3-3-3-1-1-4-1-1-1-2-1-1	1-2-1-1-3-2-3-3-2-2-1-1	3-3-4-3-2-1-3-1-2-2-2-2	1-2-2-2-3-2-2-3-2-2-1-3	2-1-2-3-2-2-1-6-5-2-4-2	2-7-2-2-6-4-2-3-1-1-1-3	3-6-2-0-1-1-2-1-2-3-2-1	2-2-2-0-2-2-2-2-5-3-2-2	2-2-1-3-2-2-2-2-1-3-1-1
370	3	3-3-3-3-2-3-3-3-3-3-3-3	2-3-4-1-2-3-1-4-2-2-1-4	1-2-1-1-4-2-4-5-1-5-4-4	2-2-2-2-1-2-4-1-3-4-5-1	1-3-1-1-2-5-2-2-2-6-1-1	2-2-2-2-2-1-4-2-2-3-3-3	1-1-4-10-2-3-2-4-3-3-2-2	4-1-2-4-3-3-3-2-4-3-2-2	3-2-2-2-3-2-0-2-4-1-4-2	2-1-1-5-6-1-4-1-1-2-4-4	0-2-7-3-4-3-2-2-2-4-2-4	3-2-1-2-1-6-1-3-7-2-3-3
370	4	4-4-4-4-4-4-4-4-6-4-4-4	5-3-3-1-7-5-1-3-2-2-1-3	2-4-1-1-5-2-3-6-5-2-5-3	2-2-5-5-1-2-4-1-5-3-3-1	1-0-1-1-2-3-4-6-5-2-1-2	1-2-2-2-4-1-5-2-4-4-5-2	1-1-3-0-2-4-5-5-4-4-1-2	3-2-2-3-2-1-7-2-3-3-2-2	5-2-3-2-4-2-0-2-4-4-3-1	1-1-4-3-1-4-3-5-1-10-3-1	2-2-5-4-3-3-1-2-2-3-2-3	5-2-1-2-1-4-1-0-3-4-5-5
370	5	4-3-4-5-4-5-4-5-4-5-5-5	7-3-3-6-5-5-1-5-7-7-5-6	2-5-6-1-4-8-6-6-4-3-4-5	6-2-4-6-1-2-6-6-4-4-3-6	6-3-1-8-2-3-6-4-4-5-6-1	2-2-2-2-4-1-4-5-4-5-4-6	1-1-3-6-2-3-4-4-4-4-1-6	3-1-2-2-5-5-4-2-2-4-2-0	2-2-2-5-2-7-0-2-7-7-5-5	4-2-5-3-7-7-4-4-5-2-2-1	5-8-4-0-4-6-6-2-2-2-7-2	6-7-5-2-5-6-5-6-3-5-4-4
370	6	6-7-6-6-7-6-8-6-4-7-7-5	5-3-3-5-4-5-7-7-5-5-7-5	2-7-8-8-5-8-5-8-8-8-5-7	5-4-9-5-8-4-4-5-5-8-3-5	5-3-1-7-2-3-5-4-5-9-5-6	2-2-7-8-6-2-4-5-6-6-4-5	1-6-6-5-2-6-5-4-6-8-6-5	3-6-8-2-5-7-4-2-2-6-7-0	2-2-2-2-2-5-4-2-5-5-6-5	7-2-6-3-3-5-4-4-6-0-7-6	2-5-5-0-7-5-6-2-2-2-5-2	5-2-5-2-5-5-7-5-3-5-4-7
370	7	6-6-7-7-7-7-7-6-4-6-6-4	5-3-3-8-4-8-6-6-5-5-8-8	8-6-8-8-8-2-8-6-6-9-8-6	8-8-8-8-9-8-4-8-5-4-2-8	8-7-12-8-2-3-8-8-5-6-7-8	2-8-8-6-6-8-3-7-6-6-7-8	2-8-6-2-2-9-4-8-6-7-7-8	5-7-7-8-8-7-4-7-2-12-7-2	2-2-7-8-7-5-2-8-5-5-7-5	8-2-11-3-8-8-8-4-7-0-6-9	2-5-3-0-6-7-8-2-2-7-5-2	5-5-7-4-2-7-6-6-3-8-4-6
370	8	9-8-8-8-8-8-8-8-9-8-9-9	10-9-9-7-9-9-7-9-9-10-7-9	7-8-7-7-7-9-7-6-6-10-9-6	7-7-7-7-7-7-10-7-9-10-9-7	7-0-7-7-2-9-9-7-9-8-7-7	2-7-9-6-8-7-9-8-8-8-8-7	2-9-8-0-8-8-12-7-6-6-7-7	8-7-6-7-7-7-8-7-2-8-7-8	2-8-2-7-4-5-0-7-11-6-4-9	7-2-8-5-7-7-7-4-7-2-10-7	0-5-4-8-6-8-7-10-2-2-5-2	10-7-5-2-11-9-6-11-10-7-8-12
370	9	8-8-8-9-8-8-9-8-8-9-8-8	12-8-8-9-8-8-9-8-8-8-7-8	9-10-10-6-8-10-7-9-10-8-8-9	9-9-10-9-7-7-8-7-8-10-10-12	7-10-9-10-9-8-8-7-8-6-9-9	1-10-8-9-9-12-8-8-6-6-1-10	9-8-8-2-9-7-7-10-6-8-9-9	10-7-10-8-8-12-8-8-2-9-9-9	9-9-10-7-1-5-9-10-5-9-5-5	10-10-5-10-10-8-8-6-9-10-9-7	10-8-10-11-10-12-9-9-9-2-5-2	9-2-9-2-9-8-6-12-11-9-4-8
370	10	12-11-12-12-11-12-11-12-12-12-11-12	12-8-11-11-12-12-11-11-11-11-11-11	9-9-11-12-11-11-11-11-11-11-11-10	11-9-11-11-11-11-8-7-11-11-11-11	11-9-11-9-11-10-11-10-8-6-11-11	10-9-12-11-8-11-11-11-11-8-11-9	12-11-10-11-9-11-4-11-10-6-11-11	11-11-9-11-11-10-8-12-2-9-9-9	10-9-9-9-11-11-11-9-5-9-11-5	11-11-7-9-11-11-11-11-9-9-9-11	9-11-11-10-11-10-9-12-9-11-5-2	12-11-10-11-10-10-10-9-12-9-11-11
370	11	10-11-10-12-10-10-10-10-8-11-10-10	10-10-10-10-10-10-12-10-10-10-10-11	9-10-10-10-10-10-10-10-10-10-10-11	10-11-10-10-10-10-8-7-10-10-10-12	10-12-10-10-10-11-10-10-8-11-9-10	10-10-8-10-8-10-10-10-10-8-10-11	9-10-10-10-9-10-10-10-6-6-10-10	10-10-10-10-10-10-8-10-11-9-9-11	11-9-10-11-10-5-10-11-5-11-10-5	10-10-7-11-10-10-10-10-9-11-9-10	10-10-10-9-10-10-9-10-11-10-5-11	11-10-10-10-10-5-6-9-9-9-10-10
370	12	12-12-10-12-12-12-10-12-12-10-12-12	10-10-12-10-12-10-11-10-10-12-11-11	11-11-12-10-12-12-12-12-11-12-12-12	11-12-12-12-12-12-10-12-12-12-12-11	10-9-12-12-11-12-11-12-12-12-7-7	12-12-12-12-12-9-12-12-12-12-12-12	10-12-12-12-11-12-8-11-12-12-10-10	12-12-7-12-12-10-8-10-7-7-9-11	2-12-12-12-10-5-12-11-12-10-10-8	12-11-12-12-12-10-12-10-12-12-9-12	10-12-12-10-6-9-9-10-12-12-5-12	10-10-12-11-10-12-12-9-12-12-12-12
371	0	0-0-0-0-0-0-0-0-0-0-0-0	0-0-0-0-0-0-0-0-0-0-0-0	0-0-0-0-0-0-0-0-0-0-0-0	0-0-0-0-0-0-0-0-0-0-0-0	0-0-0-0-0-0-0-0-0-0-0-0	0-0-0-0-0-0-0-0-0-0-0-0	0-0-0-0-0-0-0-0-0-0-0-0	0-0-0-0-0-0-0-0-0-0-0-0	0-0-0-0-0-0-0-0-0-0-0-0	0-0-0-0-0-0-0-0-0-0-0-0	0-0-0-0-0-0-0-0-0-0-0-0	0-0-0-0-0-0-0-0-0-0-0-0
371	1	1-0-0-0-0-0-1-0-0-0-1-1	1-1-0-0-1-0-0-0-0-0-1-1	3-2-0-0-0-0-0-0-0-0-0-1	2-0-1-0-2-2-1-0-0-0-0-0	0-0-0-0-0-0-0-0-0-0-1-0	0-3-0-6-0-0-2-1-0-0-0-0	0-0-0-0-0-0-0-1-1-0-0-0	1-1-0-2-0-0-0-1-1-1-0-0	0-3-1-0-0-0-7-1-1-1-1-0	0-0-1-1-0-0-0-1-3-7-1-0	0-0-0-0-0-1-1-0-0-1-0-0	0-0-1-0-0-0-0-0-0-1-0-0
371	2	2-2-3-3-3-2-3-2-3-3-2-2	3-2-3-3-3-3-3-2-3-3-3-3	2-3-3-3-4-3-3-3-3-3-3-2	2-2-3-3-1-1-3-4-2-3-2-0	6-0-2-3-2-2-2-2-2-3-5-1	5-1-3-2-3-5-2-4-3-2-4-3	4-3-3-2-3-3-3-5-3-4-0-2	3-2-3-2-2-3-3-3-2-2-3-3	2-1-3-2-4-4-15-2-3-4-2-4	3-3-2-4-3-3-3-3-0-2-0-3	4-3-3-5-5-2-1-4-0-2-4-2	3-3-2-2-8-3-2-7-3-2-3-4
371	3	2-2-2-2-2-2-2-2-2-2-2-2	2-2-2-2-2-2-2-2-2-2-2-2	5-2-2-2-5-2-4-4-2-2-2-4	4-4-2-2-3-4-2-7-2-2-4-7	5-0-5-4-4-4-3-3-2-2-2-3	2-1-4-3-2-2-3-2-2-2-7-4	3-2-2-2-2-2-2-2-2-3-7-2	2-3-2-3-3-2-2-2-3-2-2-2	0-1-2-3-4-2-1-4-2-2-3-2	2-5-2-2-2-2-2-2-1-1-0-2	0-2-2-2-2-1-0-0-0-2-2-3	2-2-6-2-0-2-2-2-2-2-2-2
371	4	2-2-2-2-2-2-2-2-2-2-2-2	2-2-2-2-2-2-2-3-4-5-2-3	3-5-2-2-2-5-3-5-2-6-5-3	3-5-5-5-3-3-2-2-2-4-3-3	3-4-2-3-5-3-5-3-4-4-2-3	2-6-6-12-2-2-5-2-5-4-12-6	2-2-2-4-5-4-2-2-4-2-3-5	4-3-3-5-3-1-2-6-7-2-3-2	4-1-4-5-3-2-4-5-2-2-3-2	5-4-4-2-4-2-5-2-4-1-1-3	2-2-2-2-2-4-0-8-7-10-2-4	2-4-2-5-4-2-2-2-2-5-3-2
371	5	2-2-5-5-2-2-6-2-2-2-2-5	2-2-6-2-2-2-4-6-2-4-2-6	3-4-3-2-3-4-6-7-2-7-6-6	3-4-4-4-3-3-2-3-6-6-7-3	3-8-3-3-4-7-4-4-4-8-2-3	2-5-4-4-2-2-6-2-4-5-14-5	2-5-2-5-4-5-5-2-5-2-3-4	6-3-2-4-3-5-2-4-6-6-2-2	4-1-4-4-5-2-4-4-3-5-6-2	4-4-2-7-4-5-6-9-4-2-4-6	2-4-2-2-6-4-0-4-4-6-2-6	2-4-3-4-2-2-3-2-12-4-5-2
371	6	6-2-6-6-2-2-6-2-8-2-6-6	2-9-5-3-2-2-2-5-2-4-2-5	1-6-3-5-7-4-5-4-2-4-7-5	4-9-7-7-3-4-2-3-7-5-5-3	3-8-3-9-4-5-6-7-7-4-2-3	2-4-4-4-6-2-7-2-6-6-6-4	2-2-5-5-4-6-6-2-6-6-3-6	5-3-2-5-4-2-8-4-5-5-4-2	2-1-4-4-6-2-2-4-6-6-5-2	9-5-6-5-6-6-5-7-0-2-1-5	4-2-7-2-5-4-0-4-9-5-2-5	2-4-3-4-2-2-2-2-5-2-7-2
371	7	6-5-6-8-7-8-6-2-6-7-10-8	2-6-5-3-6-8-2-6-9-9-7-9	3-7-8-7-6-7-8-5-6-5-6-7	8-5-6-8-3-4-8-3-6-5-5-3	7-8-3-11-4-5-8-6-6-5-8-3	4-4-9-4-6-2-6-7-6-7-3-4	4-2-5-4-4-4-6-9-6-6-3-4	2-3-9-8-7-2-6-8-4-9-9-2	4-1-4-7-9-7-1-8-9-8-7-7	13-4-7-5-9-15-7-6-8-1-1-11	9-9-6-2-6-8-0-9-4-4-9-4	7-9-7-4-2-2-7-2-5-7-6-6
371	8	10-9-8-9-9-8-6-2-6-10-8-7	2-10-5-2-2-7-10-10-7-7-9-7	3-8-7-10-9-7-9-10-10-9-7-9	7-6-9-9-10-6-7-10-7-9-5-3	7-6-3-9-4-5-9-6-9-10-7-3	4-5-9-9-8-2-6-7-8-8-3-7	4-8-8-4-4-9-7-2-8-10-3-7	2-8-9-7-7-2-6-7-4-8-9-2	4-1-4-4-9-7-4-7-7-7-9-7	8-4-7-7-9-7-6-12-8-1-1-8	4-2-7-13-9-7-0-4-4-4-7-4	7-7-7-7-2-2-9-2-5-7-6-2
371	9	8-10-12-8-9-8-6-9-10-2-9-10	2-6-6-9-6-6-13-12-7-10-10-10	9-9-10-8-8-4-8-10-10-8-9-10	10-10-8-8-8-10-9-9-8-8-8-10	10-10-10-8-10-5-10-10-7-9-10-10	2-10-8-8-8-9-5-7-6-8-6-4	8-2-8-11-2-11-6-10-8-9-10-7	4-8-8-10-7-10-6-9-4-7-12-9	4-1-4-4-8-7-4-10-7-7-8-7	6-4-14-6-10-7-6-2-9-13-10-9	7-7-4-2-8-11-0-7-4-9-7-4	9-7-10-10-11-2-8-2-5-9-2-2
371	10	10-11-10-10-10-10-10-10-9-10-10-10	12-11-11-9-12-12-8-8-9-12-9-11	3-9-9-8-7-11-9-9-9-11-11-9	9-9-9-8-8-9-12-8-11-11-11-9	8-9-9-8-9-11-9-9-11-8-10-9	9-10-11-9-12-9-11-10-11-10-2-10	12-11-10-5-10-6-14-11-8-10-9-7	2-8-8-10-12-9-14-12-4-10-9-2	9-1-4-9-10-10-9-9-12-10-10-12	10-4-10-11-9-7-11-10-9-11-9-9	0-7-12-13-2-13-0-12-4-4-7-9	14-7-7-9-9-2-8-0-14-10-10-13
371	11	10-10-10-11-11-13-13-10-11-12-10-10	10-10-10-9-10-10-12-12-12-10-13-12	11-11-12-8-11-13-13-12-12-10-10-11	12-11-12-12-8-11-12-9-10-10-10-15	7-12-9-8-14-10-12-11-10-11-11-11	2-11-10-11-11-15-10-10-10-8-0-10	11-10-10-9-11-9-13-10-8-10-11-12	12-8-10-10-7-14-10-10-4-11-11-14	12-14-4-15-12-10-12-10-7-11-7-7	6-4-9-10-12-7-10-10-14-14-12-9	12-2-2-14-12-14-14-12-14-4-7-4	11-7-11-12-9-2-8-15-5-11-2-10
371	12	12-12-10-10-12-11-13-12-12-13-10-13	10-10-10-13-10-10-13-11-11-10-11-11	11-11-11-14-13-14-11-11-11-13-13-13	13-11-11-14-13-13-11-14-13-10-12-11	12-11-12-13-11-12-13-13-12-9-13-13	13-11-13-12-11-11-13-12-6-11-4-10	13-14-10-12-13-11-12-11-12-10-13-11	11-12-13-13-13-11-10-14-4-10-9-11	11-11-13-13-15-10-11-9-7-12-13-10	13-13-9-10-11-7-10-8-11-11-11-12	11-12-10-11-11-12-11-11-4-4-7-12	11-10-13-11-9-2-8-2-5-11-10-10
371	13	14-15-13-13-13-13-14-13-13-12-13-13	13-14-13-12-14-14-12-11-15-13-11-11	11-11-11-12-12-11-11-11-14-14-14-11	12-11-13-12-12-12-15-12-12-13-12-11	12-11-14-12-11-14-12-12-11-13-12-12	12-14-12-12-11-11-14-13-13-13-13-10	12-12-10-13-12-13-14-10-12-10-12-14	13-12-12-12-12-11-10-12-4-10-13-11	13-11-12-12-10-9-11-3-7-10-12-12	7-12-13-14-11-7-7-14-13-11-11-13	11-13-14-10-8-13-11-11-11-13-10-12	14-14-7-13-2-2-13-13-14-10-10-14
371	14	13-10-15-13-14-13-15-15-13-15-13-15	15-13-13-14-13-13-15-15-15-13-15-15	11-11-12-12-12-12-14-11-13-13-13-14	12-11-14-12-14-12-13-12-13-10-12-15	12-11-14-12-11-13-15-15-14-8-12-14	15-13-15-14-11-11-13-10-13-13-5-15	15-12-13-14-12-14-13-14-12-10-14-14	14-12-2-14-14-11-10-12-15-11-14-11	4-11-4-14-14-7-14-14-7-11-14-7	14-14-14-13-14-14-14-13-11-11-11-14	11-14-13-11-2-11-11-11-11-14-7-14	11-13-11-14-14-2-8-2-13-11-14-13
371	15	15-15-15-15-15-15-15-15-15-15-15-15	14-13-15-9-15-15-12-14-13-15-12-11	11-15-15-12-15-15-15-15-11-15-15-15	12-15-15-14-15-15-13-15-15-15-15-11	12-11-15-15-15-15-14-14-14-15-9-9	15-15-15-14-15-11-15-15-15-15-15-15	12-15-15-15-10-15-13-14-15-15-14-14	15-15-10-15-15-11-15-12-14-15-14-11	4-11-9-11-12-15-15-10-15-12-14-7	7-15-15-15-15-7-15-10-15-15-15-15	11-15-13-11-8-13-11-15-15-15-15-15	15-15-15-10-15-15-15-11-15-15-15-2
372	0	0-0-0-0-0-0-0-0-0-0-0-0	0-0-0-0-0-0-0-0-0-0-0-0	0-0-0-0-0-0-0-0-0-0-0-0	0-0-0-0-0-0-0-0-0-0-0-0	0-0-0-0-0-0-0-0-0-0-0-0	0-0-0-0-0-0-0-0-0-0-0-0	0-0-0-0-0-0-0-0-0-0-0-0	0-0-0-0-0-0-0-0-0-0-0-0	0-0-0-0-0-0-0-0-0-0-0-0	0-0-0-0-0-0-0-0-0-0-0-0	0-0-0-0-0-0-0-0-0-0-0-0	0-0-0-0-0-0-0-0-0-0-0-0
372	1	0-0-1-0-0-1-0-0-0-0-0-0	0-0-0-0-0-0-0-0-0-1-0-0	3-0-0-0-0-0-0-0-0-0-0-0	0-0-0-0-0-0-0-2-1-0-0-8	0-7-6-0-1-0-0-0-2-1-1-1	0-1-0-0-0-0-2-0-1-0-0-2	1-0-0-6-1-1-0-1-0-0-6-0	0-0-0-1-0-0-1-0-1-1-1-0	1-1-3-1-0-0-1-1-0-1-0-1	1-1-1-1-0-1-0-1-5-7-1-0	1-1-0-0-1-1-0-1-9-1-1-1	1-1-1-1-1-1-0-0-1-1-1-0
372	2	3-2-2-2-2-2-4-2-3-3-3-4	3-3-3-3-3-3-3-3-3-3-2-3	2-3-3-4-2-3-2-2-3-3-4-2	3-2-3-3-2-3-3-4-3-1-3-2	4-2-1-3-3-3-2-2-3-3-6-2	2-1-3-2-3-5-1-4-8-2-2-1	2-3-2-2-3-2-3-3-3-2-3-2	2-2-2-2-2-5-4-3-2-1-2-5	2-2-0-2-3-4-1-2-3-4-2-4	2-2-3-6-3-3-2-4-1-2-1-3	2-4-5-6-15-3-2-2-2-2-4-2	2-2-2-1-5-14-4-12-3-2-6-15
372	3	2-2-2-2-2-2-2-2-2-2-2-2	2-2-2-2-2-2-2-2-2-2-2-2	6-2-2-2-5-2-3-4-2-2-3-4	4-2-2-2-4-4-2-6-2-4-4-3	5-1-4-2-2-2-2-4-2-2-2-6	2-5-2-2-2-2-3-2-2-3-4-1	4-2-2-1-2-3-2-2-2-2-4-3	2-3-2-3-3-2-2-2-3-1-4-2	2-2-1-3-2-2-1-1-2-2-3-2	7-7-2-2-9-4-3-2-3-1-3-6	2-2-2-0-4-2-0-1-1-3-2-3	2-3-1-3-1-2-3-2-2-3-4-2
372	4	2-2-2-2-2-5-2-5-2-2-2-2	2-2-2-3-2-2-2-5-2-5-2-5	3-2-3-2-3-7-3-5-2-7-4-3	3-5-5-2-3-3-2-3-2-4-3-3	3-1-3-2-5-4-5-5-4-4-2-3	5-5-5-11-4-2-4-2-4-4-11-4	3-4-4-4-5-4-4-4-4-5-3-7	4-4-4-5-4-4-2-5-5-4-3-2	4-9-4-4-4-2-1-5-2-2-3-2	3-4-4-2-3-3-3-2-4-1-5-3	4-2-2-2-3-4-7-1-4-5-2-4	2-4-5-5-4-4-5-2-3-3-3-2
372	5	7-5-5-5-5-6-5-5-5-2-5-5	2-5-6-2-2-2-4-4-2-4-2-6	3-5-3-2-3-4-6-4-2-4-6-5	4-4-6-2-3-3-2-3-6-5-4-1	3-1-3-2-4-6-4-4-4-4-2-3	4-4-4-2-4-2-6-2-4-5-5-4	3-4-5-1-4-5-7-7-5-4-3-4	2-4-4-4-3-2-5-4-4-2-4-2	4-4-4-4-4-2-1-4-5-3-4-6	4-4-5-2-4-3-2-5-6-1-4-3	4-2-2-2-7-1-6-1-4-4-6-4	2-4-4-4-6-2-4-2-2-5-11-2
372	6	2-7-6-6-6-5-6-6-6-2-6-7	2-7-5-3-2-7-2-4-2-4-2-5	3-6-2-7-3-4-5-7-8-4-7-6	4-7-7-7-3-3-2-3-7-7-4-1	3-1-1-7-4-5-7-6-7-6-2-3	4-4-4-2-6-2-7-7-6-6-6-4	3-4-6-1-4-6-7-4-5-6-1-4	2-4-2-5-3-2-6-4-4-6-4-2	2-4-6-4-6-2-3-1-7-6-4-5	5-4-6-7-2-6-3-5-5-1-4-3	7-2-6-2-6-6-5-1-1-4-5-4	2-4-3-1-5-6-3-6-6-6-7-8
372	7	5-6-8-6-6-7-2-7-8-2-6-6	2-6-5-8-2-6-8-8-8-2-8-8	8-7-9-8-8-4-8-6-6-4-6-7	7-8-6-8-8-8-2-10-6-6-4-1	8-1-3-8-4-5-8-8-6-8-8-8	8-8-8-2-6-15-6-6-4-6-8-9	3-4-4-1-4-4-6-5-4-6-8-8	4-8-2-8-3-2-6-9-4-7-7-2	4-4-7-8-7-2-1-8-6-7-8-7	3-3-5-7-8-7-7-5-7-1-7-8	6-2-2-2-7-2-4-1-4-7-7-4	1-7-7-7-7-8-3-7-6-7-6-6
372	8	8-8-8-8-8-8-8-8-8-7-8-8	7-6-9-7-8-6-7-7-7-4-7-9	7-8-7-7-7-9-7-9-9-10-9-8	7-7-8-7-7-7-9-7-9-9-10-1	7-1-1-7-4-9-7-7-8-8-7-7	7-7-7-2-12-7-9-9-2-6-7-4	3-8-8-1-9-6-10-12-5-8-7-7	2-7-2-9-9-2-9-10-4-8-7-2	7-8-9-7-6-7-1-7-13-7-7-13	10-4-8-9-7-3-7-5-7-1-7-7	8-2-11-2-8-2-0-1-4-7-8-4	11-4-7-7-11-7-8-2-6-7-6-6
372	9	11-11-8-13-9-9-8-10-9-9-8-8	10-6-8-7-10-9-7-9-7-11-7-8	7-9-7-7-10-10-8-8-9-8-8-10	10-10-11-10-7-10-8-7-8-8-8-1	7-1-3-10-11-8-10-9-10-9-11-7	2-7-8-2-9-10-10-8-4-6-5-7	1-8-8-1-8-7-6-10-9-11-7-7	2-7-10-8-8-9-8-7-4-9-10-2	2-9-8-7-7-2-1-9-8-12-8-14	8-4-5-10-10-7-9-5-9-1-7-7	6-2-2-9-9-9-4-1-1-9-9-4	8-9-9-7-2-2-3-9-6-6-6-9
372	10	13-11-8-8-9-9-8-9-9-15-9-15	11-8-8-13-11-9-11-10-11-9-11-10	11-11-11-8-9-11-9-11-12-8-9-9	9-11-9-9-7-11-10-7-8-9-8-10	2-11-15-9-11-8-9-10-9-10-10-7	2-11-9-4-10-13-9-10-6-9-3-11	13-8-8-13-10-10-8-9-4-9-13-7	10-8-13-8-8-11-8-8-13-10-10-11	4-12-7-10-7-2-10-12-10-10-7-7	8-4-10-9-9-7-10-5-12-12-11-7	10-2-8-9-8-10-12-10-12-10-9-8	10-9-10-15-10-2-2-10-2-13-6-2
372	11	9-9-11-11-9-8-8-12-12-11-5-12	10-6-8-14-10-9-10-15-10-9-10-13	10-10-13-12-12-10-12-10-11-12-12-12	12-10-9-12-11-12-10-11-11-13-11-10	13-10-15-9-10-11-12-11-9-11-14-13	12-14-8-4-8-10-12-12-6-6-4-10	12-8-8-14-10-7-10-10-4-8-12-11	4-8-11-11-12-10-8-14-4-9-13-10	4-10-11-11-15-11-10-10-8-7-11-9	11-13-8-9-14-14-13-13-10-10-10-7	12-2-12-9-9-11-10-11-14-11-9-4	8-13-10-13-13-2-11-2-6-11-5-14
372	12	12-11-11-13-12-13-14-13-11-10-15-13	13-10-8-11-14-13-13-11-13-14-13-11	10-12-11-11-11-14-11-10-10-11-11-11	11-11-13-11-11-11-13-7-11-13-11-10	11-10-10-11-10-11-11-12-9-13-11-7	11-13-13-12-8-14-11-11-13-6-6-13	13-8-6-10-8-12-12-8-9-11-11-12	2-12-11-13-11-10-8-11-10-10-11-10	4-10-13-13-12-2-10-10-14-9-11-9	11-4-12-9-13-11-10-5-10-10-7-12	10-2-11-9-9-10-10-11-10-11-13-4	10-12-10-12-11-2-11-2-6-6-12-11
372	13	13-13-11-13-13-13-13-15-13-13-14-12	13-14-14-11-14-13-10-12-12-12-11-11	10-12-11-11-11-12-14-10-10-11-14-13	11-11-12-11-12-11-12-11-14-12-13-10	11-10-11-9-10-14-14-12-14-12-11-11	11-12-12-15-13-10-14-13-14-6-6-12	12-14-8-10-15-12-14-14-14-8-11-12	13-13-11-12-12-10-14-11-10-14-11-10	4-10-12-12-10-2-11-12-12-14-11-8	11-11-8-14-12-11-11-11-12-10-7-12	10-13-14-15-14-14-11-15-10-11-12-4	14-11-10-12-11-13-11-13-14-10-12-11
372	14	13-15-15-13-15-15-13-15-13-15-13-13	12-13-13-11-13-13-10-11-14-14-15-13	14-11-14-11-11-12-13-15-15-13-13-14	15-14-14-15-11-11-15-11-13-10-13-10	11-15-10-9-11-13-15-11-13-14-11-11	11-12-12-14-14-12-13-11-14-5-13-15	15-13-6-14-14-14-13-13-13-11-11-14	13-14-14-12-11-14-13-11-10-13-14-10	14-10-14-14-12-2-14-14-12-14-11-9	14-2-14-14-11-11-14-15-14-10-14-12	14-12-13-9-13-14-14-14-11-11-9-4	13-14-14-14-14-2-11-14-13-14-14-11
372	15	15-15-15-15-15-15-15-15-15-15-15-15	14-13-15-11-15-12-15-11-10-15-14-14	12-13-15-11-15-15-15-15-14-15-12-15	14-15-14-14-15-15-14-15-13-15-15-10	11-14-15-15-15-15-14-15-13-15-9-7	15-15-12-15-15-14-15-15-15-15-15-14	11-15-15-15-13-15-13-14-15-15-14-14	15-15-11-14-15-10-15-11-12-10-14-15	4-15-15-15-11-15-15-15-15-2-14-13	8-15-15-10-15-11-15-14-14-15-15-15	15-2-15-13-13-10-15-15-15-15-15-15	15-15-15-10-14-15-15-15-15-15-15-2
373	0	0-0-0-0-0-0-0-0-0-0-0-0	0-0-0-0-0-0-0-0-0-0-0-0	0-0-0-0-0-0-0-0-0-0-0-0	0-0-0-0-0-0-0-0-0-0-0-0	0-0-0-0-0-0-0-0-0-0-0-0	0-0-0-0-0-0-0-0-0-0-0-0	0-0-0-0-0-0-0-0-0-0-0-0	0-0-0-0-0-0-0-0-0-0-0-0	0-0-0-0-0-0-0-0-0-0-0-0	0-0-0-0-0-0-0-0-0-0-0-0	0-0-0-0-0-0-0-0-0-0-0-0	0-0-0-0-0-0-0-0-0-0-0-0
373	1	1-1-1-1-1-1-1-1-1-1-1-1	1-0-0-1-0-1-0-0-1-0-1-0	4-0-0-2-2-2-2-0-0-0-2-1	2-0-2-2-3-2-0-2-1-0-2-1	2-0-2-2-0-1-2-2-1-1-3-2	1-2-1-1-0-0-2-2-1-1-2-0	2-1-1-0-1-1-1-0-1-1-1-2	1-1-1-1-1-1-1-1-1-0-0-0	0-1-0-1-1-1-0-2-2-1-2-1	2-1-0-0-2-2-1-1-1-0-0-1	0-1-2-0-2-0-0-0-0-1-1-1	0-1-1-0-0-0-1-0-2-0-2-1
373	2	2-2-2-2-2-2-2-2-2-2-2-2	3-2-2-1-2-2-2-3-2-3-1-2	1-1-3-1-1-3-3-3-1-3-3-1	1-3-1-1-1-1-3-1-1-2-4-0	1-0-1-1-3-1-3-1-2-2-1-1	1-3-5-6-2-0-3-1-2-2-10-2	3-2-2-2-2-2-2-3-2-3-3-3	2-1-6-3-2-2-2-4-6-0-2-0	2-6-2-2-2-2-2-3-1-2-1-3	3-2-0-2-1-1-1-2-3-3-2-1	2-2-2-0-2-2-0-3-3-3-3-2	2-3-2-2-2-2-2-2-1-0-1-1
373	3	3-3-3-3-3-3-3-3-3-3-3-3	2-3-3-1-4-3-2-2-2-2-1-4	1-3-4-1-1-2-4-4-4-2-4-3	2-2-1-1-1-1-3-1-4-3-2-0	1-0-0-1-2-4-2-1-2-3-1-1	2-2-2-0-2-0-4-2-3-3-3-4	2-3-3-0-2-3-3-4-3-2-2-2	3-1-1-2-2-3-3-2-2-3-2-0	3-3-2-4-0-3-0-2-4-4-1-2	2-2-3-4-4-2-1-2-4-2-5-4	6-2-4-3-2-0-4-2-2-2-4-2	3-4-1-2-1-3-2-4-3-3-3-3
373	4	4-4-4-4-4-3-5-4-4-4-4-4	5-6-3-1-3-6-5-5-4-2-3-4	1-4-3-6-1-2-5-3-5-2-5-4	2-5-5-4-1-1-4-1-3-4-2-0	1-0-0-1-2-5-5-4-5-0-1-1	1-2-2-0-4-2-3-5-4-4-4-3	1-3-4-0-2-3-4-3-4-4-1-2	3-1-5-5-5-0-4-2-2-4-2-0	5-2-3-3-4-4-0-1-3-5-7-2	4-3-4-3-3-8-5-4-5-8-0-3	0-5-3-4-10-5-3-6-6-2-3-3	7-3-1-2-0-3-1-4-6-6-4-5
373	5	5-5-5-5-5-6-5-4-5-3-5-5	6-4-3-1-6-4-4-6-6-6-6-6	1-5-5-5-1-5-4-7-6-6-6-5	5-5-6-5-1-2-6-1-6-6-6-0	1-0-6-6-2-4-4-4-6-5-7-1	1-2-2-0-5-2-6-4-4-4-5-3	6-3-5-0-2-5-6-3-5-5-0-8	3-1-4-4-4-5-6-5-2-4-2-5	5-4-6-2-5-5-0-2-4-4-7-6	6-2-7-3-3-4-4-4-4-0-3-1	5-5-6-7-6-4-0-6-6-3-3-2	6-2-1-8-8-5-2-8-7-0-6-5
373	6	6-3-6-5-5-5-5-4-5-3-4-7	5-4-4-7-5-4-7-7-5-5-7-7	7-6-7-7-7-2-7-7-5-5-5-6	7-7-5-6-7-7-5-8-5-5-5-6	7-6-12-8-2-3-7-7-5-7-8-7	7-7-8-6-6-7-7-7-4-4-6-7	7-5-5-7-7-6-5-7-4-6-7-7	6-7-2-7-7-7-5-7-9-14-6-2	6-2-14-8-10-4-0-6-7-4-6-5	7-7-6-5-7-7-7-4-7-0-7-6	7-2-5-6-5-6-0-4-7-6-6-2	5-3-6-7-6-6-6-0-5-4-5-3
373	7	7-7-7-7-7-7-7-7-7-7-7-7	7-8-8-6-7-8-6-8-5-8-6-8	6-7-6-6-6-8-6-5-5-5-7-7	6-6-6-6-6-6-5-6-8-5-7-6	6-0-6-6-8-7-6-6-5-6-5-6	8-6-6-6-7-6-6-6-7-7-5-6	9-8-7-8-6-7-7-6-7-7-6-6	7-8-8-6-7-6-7-6-2-8-6-0	6-7-7-7-6-4-0-12-9-7-6-12	6-6-7-10-6-6-6-4-6-8-6-6	6-7-5-5-8-14-8-8-6-6-8-7	4-9-6-6-6-6-6-8-5-8-5-7
373	8	9-8-9-8-9-7-8-9-9-8-8-8	9-7-7-9-9-9-9-9-9-9-9-9	12-8-9-9-9-9-9-9-9-9-8-8	9-9-7-8-8-9-8-6-7-8-8-6	10-9-6-6-10-7-9-9-8-8-9-9	9-8-6-8-10-12-8-8-7-8-9-6	9-7-8-9-8-8-13-9-10-8-9-9	9-7-9-7-8-9-5-7-6-7-9-10	8-10-8-6-8-8-9-9-13-8-6-11	9-8-5-12-10-8-7-4-10-10-7-6	9-7-8-9-11-11-10-9-9-8-7-12	8-8-8-5-9-11-7-10-9-7-5-9
373	9	11-11-11-11-10-10-10-10-11-11-10-11	10-10-10-8-10-10-8-8-10-10-11-10	9-10-12-8-8-8-8-10-10-10-11-10	8-8-10-10-8-8-10-11-10-10-8-12	14-8-6-11-8-10-8-8-10-10-12-8	8-10-10-9-8-8-9-10-11-9-8-10	9-10-10-9-8-9-8-10-10-12-8-8	11-7-10-6-6-8-10-14-6-9-8-8	9-8-9-7-14-10-14-8-10-14-6-10	10-14-10-12-10-12-9-4-11-8-13-10	10-10-12-8-11-10-12-8-8-9-10-8	10-7-10-9-8-13-9-8-8-9-11-10
373	10	9-9-9-9-9-9-9-9-9-9-9-9	9-9-9-11-9-9-9-11-9-9-9-9	11-9-9-9-11-12-11-9-9-9-9-11	11-8-9-11-11-11-9-11-9-9-9-6	11-8-6-9-8-9-11-11-9-9-9-6	11-9-9-8-8-8-11-9-9-9-2-9	14-9-9-13-11-9-9-9-8-9-11-11	9-11-9-11-11-8-9-14-2-11-12-8	9-8-11-11-6-9-9-11-9-9-10-9	9-10-9-9-11-10-11-4-8-8-11-9	10-9-10-8-9-9-8-9-12-11-9-8	9-11-9-10-10-9-10-8-9-10-5-9
373	11	9-9-9-9-9-9-9-9-9-9-9-9	9-9-9-10-9-9-9-10-9-9-9-10	10-11-9-9-10-10-10-9-9-10-12-10	10-10-9-10-10-10-9-10-12-10-12-6	10-8-6-9-8-12-12-10-11-9-9-6	10-9-10-9-9-8-10-11-9-9-5-11	14-9-9-12-12-11-14-10-8-9-10-10	9-10-9-10-10-12-9-6-2-10-10-8	9-9-10-10-11-9-13-10-11-9-10-9	9-10-11-12-10-10-10-4-9-8-10-9	11-9-9-8-8-8-8-11-10-10-9-9	13-10-10-10-14-8-10-8-8-9-9-9
373	12	9-9-9-9-13-9-9-9-9-9-9-9	9-9-9-10-9-9-10-12-9-9-9-9	8-12-9-9-13-10-11-13-9-13-11-12	13-13-13-13-10-10-9-10-11-13-11-6	10-8-6-13-8-11-13-11-13-9-9-6	10-13-13-8-12-8-13-9-9-9-8-11	14-9-9-11-11-11-8-13-8-9-10-10	9-10-9-11-10-12-11-6-12-12-10-8	9-8-11-10-9-9-9-7-11-9-10-9	9-10-9-13-10-9-12-4-13-8-11-9	9-9-9-12-12-9-9-11-10-10-13-8	9-12-13-12-10-9-10-8-8-9-5-9
373	13	9-9-9-9-9-9-9-9-9-9-9-9	9-11-9-14-9-9-9-14-9-9-14-14	8-13-14-14-12-12-13-12-14-12-12-12	12-12-12-12-10-12-9-13-12-12-12-13	9-13-13-12-13-11-12-13-12-9-13-13	12-12-12-9-9-8-12-9-9-9-8-14	10-9-10-13-13-9-8-12-8-9-9-9	9-7-9-7-9-9-11-7-9-9-13-8	14-8-9-13-9-9-13-12-8-8-10-12	9-9-13-12-12-9-4-14-12-9-9-9	13-9-9-12-12-13-7-13-8-9-12-8	11-12-12-13-13-9-9-13-8-13-13-9
373	14	14-9-14-9-14-9-9-14-9-9-14-14	9-9-14-13-9-9-9-13-9-14-13-13	9-13-13-9-14-10-14-14-13-14-14-12	13-14-13-13-14-14-9-14-14-14-14-9	9-8-14-14-14-14-13-14-11-14-9-12	14-14-12-14-14-8-14-14-14-14-14-13	10-14-14-14-13-14-11-12-14-14-9-10	14-14-9-13-14-8-7-10-12-9-13-8	13-14-6-14-10-9-14-9-14-9-10-9	6-14-14-14-14-10-14-13-14-14-14-14	8-9-14-12-11-7-14-14-14-9-9-14	9-14-14-12-11-14-14-8-14-14-14-14
374	0	0-0-0-0-0-0-0-0-0-0-0-0	0-0-0-0-0-0-0-0-0-0-0-0	0-0-0-0-0-0-0-0-0-0-0-0	0-0-0-0-0-0-0-0-0-0-0-0	0-0-0-0-0-0-0-0-0-0-0-0	0-0-0-0-0-0-0-0-0-0-0-0	0-0-0-0-0-0-0-0-0-0-0-0	0-0-0-0-0-0-0-0-0-0-0-0	0-0-0-0-0-0-0-0-0-0-0-0	0-0-0-0-0-0-0-0-0-0-0-0	0-0-0-0-0-0-0-0-0-0-0-0	0-0-0-0-0-0-0-0-0-0-0-0
374	1	1-1-1-1-1-1-1-1-1-1-1-1	2-2-1-1-2-1-3-2-1-1-2-1	1-1-2-2-2-2-2-0-2-1-2-2	2-0-2-2-0-0-2-1-1-1-1-0	1-0-1-2-1-1-2-1-1-2-1-0	2-2-2-2-1-0-1-1-1-1-11-2	7-1-1-1-2-1-2-2-2-1-1-1	2-1-2-1-1-2-1-2-1-1-2-1	1-7-2-1-1-2-2-1-2-1-1-2	2-1-1-2-4-1-1-2-2-1-0-1	0-2-3-0-2-2-9-2-0-1-2-1	2-1-1-1-2-2-1-4-2-1-2-2
374	2	1-1-1-1-1-1-1-1-1-1-1-1	1-1-1-2-1-1-1-1-1-1-1-1	0-2-1-4-3-1-3-4-1-2-3-3	3-0-1-1-3-3-1-5-3-1-3-0	5-0-3-3-0-2-3-3-1-1-1-2	3-1-1-1-1-3-2-2-1-1-3-1	2-2-1-2-2-2-1-1-1-1-3-2	1-2-1-2-2-1-1-1-2-2-1-1	2-0-1-2-3-1-1-2-1-1-2-1	1-2-1-1-3-3-1-1-1-1-0-2	1-1-1-1-1-1-0-1-0-2-1-1	1-2-2-1-1-1-2-1-1-1-1-1
374	3	1-1-1-1-1-1-1-1-3-1-1-3	1-1-1-2-1-1-1-2-3-5-2-2	0-2-1-2-2-6-4-2-1-5-4-2	5-4-4-2-2-2-1-2-2-3-2-0	2-3-2-2-4-2-4-2-3-3-3-2	2-4-5-10-3-5-4-4-3-3-10-3	8-3-1-3-4-3-3-4-3-3-2-6	1-2-4-4-6-1-3-12-10-3-6-1	3-6-3-4-2-1-3-4-1-3-2-1	4-2-3-1-2-2-3-3-4-4-3-2	10-10-1-0-3-3-0-3-4-3-1-3	1-3-5-3-1-1-2-1-1-1-1-3
374	4	4-6-4-4-4-4-4-4-4-1-2-4	1-5-1-2-1-5-1-5-1-3-2-3	0-4-3-2-2-3-5-5-3-3-5-5	3-3-5-2-2-2-1-2-5-4-3-2	2-0-2-4-3-5-3-3-3-1-1-2	3-3-3-1-1-3-3-3-3-4-4-4	2-3-5-3-3-3-6-3-4-4-3-2	4-2-3-3-2-1-4-4-3-5-3-1	12-3-3-3-4-3-3-3-1-5-5-3	3-2-4-4-1-2-5-5-3-3-3-2	6-5-1-6-1-5-0-3-3-3-1-3	4-3-3-3-1-1-2-1-4-1-1-5
374	5	5-5-5-5-5-5-5-4-4-5-6-4	6-6-6-2-1-4-1-4-3-3-6-7	0-5-8-2-2-4-6-4-1-6-6-4	3-3-6-5-2-3-1-2-6-6-3-0	2-0-2-6-3-4-6-5-6-1-6-2	2-3-3-0-5-3-6-6-5-5-5-3	3-3-4-3-3-5-4-6-9-5-2-3	1-2-3-4-5-1-6-5-3-4-3-1	5-3-4-3-5-3-2-2-6-5-4-6	5-2-7-6-4-2-4-7-5-1-12-2	3-4-1-5-6-7-0-5-3-3-3-3	7-3-3-4-1-1-4-1-9-1-10-4
374	6	5-4-4-6-5-5-5-7-6-5-5-7	5-5-5-2-5-4-7-7-7-3-7-5	7-8-7-7-7-3-7-7-7-5-5-7	7-7-5-9-8-8-5-9-5-7-3-8	8-10-8-5-3-4-7-6-5-8-9-8	7-8-7-12-6-9-5-5-5-5-8-7	3-2-3-3-3-6-4-5-4-5-7-3	1-7-3-7-3-1-5-5-3-5-9-1	7-3-3-3-6-6-7-7-5-7-7-5	5-2-11-9-7-2-6-5-6-1-7-2	3-3-1-10-6-7-1-5-7-9-6-3	4-6-6-6-7-1-3-1-1-5-1-5
374	7	7-7-7-7-7-7-7-7-7-7-7-7	1-9-5-2-1-8-8-8-6-8-6-8	6-6-6-6-6-3-8-6-6-3-8-6	6-6-8-6-6-6-8-6-8-6-7-6	6-0-3-6-3-9-6-7-7-7-6-6	6-6-6-3-9-3-8-7-7-7-6-8	1-9-7-1-9-7-8-8-4-7-6-3	1-9-8-8-8-3-9-7-3-9-8-1	6-3-3-3-5-7-1-6-8-6-8-8	7-2-5-6-6-2-6-5-8-3-6-3	6-1-5-6-8-6-0-1-6-6-1-3	5-6-6-6-8-1-2-10-10-1-8-8
374	8	8-8-8-8-10-8-8-8-8-8-8-8	11-10-10-2-9-7-11-7-6-9-6-10	6-6-6-6-6-3-7-8-6-9-9-6	6-7-9-6-6-6-7-6-9-9-8-6	6-0-6-9-3-7-7-8-9-6-6-6	6-6-6-1-9-3-9-7-8-5-6-7	3-3-1-0-7-6-9-7-8-8-6-3	1-9-7-7-7-1-5-8-3-8-7-0	8-3-9-3-5-6-3-6-11-10-7-7	7-2-8-11-6-2-9-8-7-3-6-2	8-3-9-6-7-7-0-10-3-3-3-3	8-6-6-6-7-8-2-8-10-9-7-7
374	9	7-8-8-8-8-10-8-12-8-8-7-7	10-8-8-9-8-7-10-10-11-8-10-9	9-9-10-10-9-11-10-10-9-8-8-9	9-10-10-6-6-9-9-11-8-11-8-9	6-10-9-8-10-7-7-9-8-9-6-9	9-9-3-3-8-6-8-9-8-5-9-9	9-7-4-9-7-9-8-7-5-8-9-9	3-7-10-9-3-9-7-3-9-7-6-0	9-3-8-3-10-1-9-6-8-8-9-7	9-9-9-6-8-2-8-5-9-10-9-2	9-3-8-6-8-12-9-9-9-9-9-9	9-6-9-9-9-1-2-7-5-8-5-7
374	10	12-7-10-12-8-9-11-10-8-12-10-8	9-8-8-11-8-7-9-11-12-9-12-12	9-9-9-11-10-10-9-9-10-11-9-10	9-10-9-11-10-10-9-6-10-5-10-9	11-9-9-11-9-10-11-10-10-9-10-11	10-10-11-10-10-11-10-10-10-5-3-11	9-11-8-9-10-9-8-10-5-10-10-3	10-10-12-10-10-9-7-10-3-10-6-1	9-3-3-10-12-10-9-9-4-8-10-11	9-3-8-9-11-10-10-5-10-9-9-10	9-3-8-6-11-9-9-8-9-10-10-10	5-6-9-9-9-8-10-7-8-10-7-8
374	11	11-11-8-12-8-12-10-10-8-12-12-12	12-8-8-10-11-11-12-12-12-11-12-12	11-12-9-10-11-11-10-11-11-10-12-11	10-11-9-10-10-10-11-9-10-9-10-12	10-12-9-10-11-10-12-10-11-11-11-10	10-11-10-11-11-12-10-10-11-11-1-10	10-10-11-9-11-9-8-11-5-10-11-11	11-10-3-10-10-12-7-10-3-11-11-11	11-11-11-11-11-1-11-11-8-8-10-10	7-12-9-8-10-10-10-7-11-11-11-10	9-3-8-6-10-6-11-11-11-10-1-11	9-3-11-9-11-1-10-7-8-11-7-6
374	12	12-12-12-12-12-12-12-12-12-12-12-12	11-11-12-10-12-12-10-11-11-12-11-11	11-11-12-10-12-12-11-12-11-12-11-12	11-12-12-12-12-12-11-12-12-12-12-11	10-11-12-12-11-12-11-12-12-12-12-6	12-12-10-12-12-11-12-12-12-12-12-12	11-12-12-12-7-12-8-11-12-12-11-12	12-12-10-12-12-11-12-3-9-9-11-11	9-12-9-12-10-12-12-12-12-10-10-7	9-12-12-12-12-10-12-7-12-12-12-12	11-12-8-12-5-9-11-12-12-12-12-12	12-3-12-9-6-12-12-8-12-12-12-12
375	0	0-0-0-0-0-0-0-0-0-0-0-0	0-0-0-0-0-0-0-0-0-0-0-0	0-0-0-0-0-0-0-0-0-0-0-0	0-0-0-0-0-0-0-0-0-0-0-0	0-0-0-0-0-0-0-0-0-0-0-0	0-0-0-0-0-0-0-0-0-0-0-0	0-0-0-0-0-0-0-0-0-0-0-0	0-0-0-0-0-0-0-0-0-0-0-0	0-0-0-0-0-0-0-0-0-0-0-0	0-0-0-0-0-0-0-0-0-0-0-0	0-0-0-0-0-0-0-0-0-0-0-0	0-0-0-0-0-0-0-0-0-0-0-0
375	1	1-1-1-1-1-1-1-1-1-2-1-1	2-1-1-1-2-1-2-1-2-1-1-1	1-2-2-2-2-2-2-0-2-2-3-2	2-2-2-2-0-0-2-1-2-2-2-0	3-0-1-2-0-2-2-1-2-2-2-0	2-1-2-1-2-4-2-3-1-1-0-2	1-1-1-1-2-1-2-2-2-1-1-1	1-1-2-1-1-2-2-2-1-1-2-2	1-4-2-1-1-2-2-4-2-3-1-3	2-1-1-3-4-3-1-3-1-1-0-1	1-2-3-0-1-4-1-1-0-1-2-1	1-1-1-1-1-3-3-3-4-1-2-2
375	2	1-1-1-1-1-1-1-1-1-1-1-1	1-1-1-2-1-1-1-2-1-1-3-3	4-3-1-1-4-1-3-3-1-1-1-3	3-1-1-1-2-3-1-5-1-1-3-0	2-0-5-4-0-1-3-3-1-1-1-2	5-3-2-2-1-5-1-1-1-1-3-3	2-2-1-8-1-2-1-1-1-1-3-2	1-2-3-2-2-1-1-1-2-1-3-1	2-0-1-2-3-1-1-3-1-1-3-1	1-2-2-1-3-1-1-1-7-1-3-3	3-1-1-0-1-2-0-1-8-3-1-2	1-2-5-2-1-1-2-1-1-2-1-1
375	3	1-1-1-1-1-1-1-1-1-1-1-3	1-1-1-2-1-1-1-6-3-5-2-2	0-2-2-2-2-6-2-2-1-6-1-2	5-4-4-4-2-2-1-2-4-1-5-0	2-6-2-2-4-2-4-2-3-1-1-2	2-4-5-11-3-0-4-1-3-3-11-3	2-3-1-3-4-2-1-4-3-1-2-3	3-2-2-4-3-1-1-4-11-6-5-1	3-0-3-3-2-5-3-2-1-1-2-1	2-2-2-1-2-1-2-1-2-1-3-2	3-1-3-0-3-3-0-5-3-2-1-3	3-3-7-4-3-1-1-1-1-2-1-1
375	4	1-4-5-4-1-3-4-4-4-1-1-4	5-4-4-2-1-1-1-3-1-3-2-4	2-3-3-2-2-3-5-6-3-3-5-5	3-3-5-3-2-2-1-2-3-4-3-2	2-0-2-2-3-5-3-3-3-2-1-2	1-3-3-1-1-1-5-4-4-4-2-4	2-4-5-3-3-1-5-5-4-1-2-3	1-2-2-3-4-1-1-3-3-4-3-1	4-5-3-3-4-4-1-2-1-5-2-3	5-2-4-7-1-1-5-4-2-9-3-2	0-6-6-4-6-5-0-3-3-3-1-3	8-2-2-3-1-1-1-1-1-8-1-1
375	5	5-5-4-5-5-1-4-4-6-5-6-5	4-7-4-2-1-1-1-4-3-3-2-6	2-5-2-4-2-3-4-4-7-3-6-4	3-3-6-3-2-3-6-2-6-4-3-2	2-0-2-5-3-4-6-5-6-3-1-2	2-3-3-1-1-2-6-3-5-5-5-4	2-6-4-3-3-5-11-6-5-5-2-6	1-4-2-3-2-1-6-3-3-5-3-1	4-4-3-2-6-3-1-2-8-6-9-1	4-2-5-6-2-1-4-5-4-1-2-2	0-1-8-12-6-4-0-3-2-3-1-3	4-2-2-2-12-1-3-1-7-1-1-1
375	6	5-5-7-7-5-7-6-7-5-7-5-7	6-5-5-2-1-7-7-7-7-3-7-7	0-6-8-9-7-3-7-4-8-3-5-7	7-7-5-7-7-7-5-8-5-4-3-2	8-3-2-7-3-4-7-7-5-6-6-7	3-8-7-12-6-7-5-8-4-5-3-8	2-4-4-3-3-8-5-5-5-12-7-7	4-7-12-7-7-1-5-8-3-6-8-1	3-1-5-7-8-1-0-7-6-5-7-8	2-2-5-5-7-7-5-8-1-1-2-8	1-4-5-5-5-5-0-6-2-9-1-3	4-6-2-2-1-1-3-1-5-7-1-1
375	7	7-7-7-7-7-7-9-7-7-7-7-7	4-5-8-2-7-6-6-6-6-9-6-8	2-6-6-6-6-8-6-8-9-9-8-6	6-6-8-6-6-6-8-6-8-8-9-0	6-0-2-6-3-8-6-6-7-6-6-6	3-7-8-7-9-6-6-7-7-7-3-7	2-7-8-0-8-7-12-6-5-7-6-6	1-6-8-6-8-9-11-9-3-7-1-1	1-1-8-6-7-8-0-2-7-5-6-8	9-1-7-8-6-6-6-5-2-1-9-6	0-4-11-7-12-8-0-3-2-1-1-3	8-6-3-3-6-1-7-1-5-6-7-7
375	8	7-7-7-7-9-8-7-9-7-8-9-8	8-7-7-2-7-8-6-9-6-7-6-7	2-6-6-6-9-9-7-9-9-7-7-8	9-9-9-10-6-9-7-6-7-7-7-0	6-2-2-8-3-7-9-8-9-6-6-6	3-6-7-6-8-6-9-7-3-8-4-7	2-11-7-9-7-6-8-9-8-9-9-6	1-6-2-7-7-9-7-6-3-9-6-1	1-8-7-6-6-8-0-9-7-4-6-7	2-3-2-9-6-6-10-6-9-8-2-6	0-1-5-8-8-8-0-9-2-8-8-3	4-8-8-8-2-1-1-1-1-4-1-8
375	9	8-7-8-7-8-8-7-8-7-10-8-12	10-7-7-9-11-8-10-8-10-7-6-11	11-11-10-6-8-10-10-10-8-7-11-8	8-8-9-6-6-8-10-6-9-8-7-11	7-9-9-8-11-8-8-10-8-9-8-10	10-10-7-3-7-6-8-10-8-8-0-7	8-7-7-10-10-9-10-8-5-8-11-7	3-4-10-10-7-11-9-7-7-11-10-10	9-11-8-10-6-10-11-11-7-9-5-9	10-2-11-8-8-7-5-5-11-11-11-6	11-9-10-8-7-9-9-10-11-11-8-9	11-8-9-10-9-1-1-9-9-10-1-8
375	10	11-12-11-11-11-11-11-11-12-11-11-12	12-11-11-12-11-11-12-12-11-11-11-11	12-9-9-12-11-11-9-11-11-11-12-11	11-11-11-11-6-9-11-11-11-11-11-9	12-9-10-8-9-10-10-10-8-11-11-9	10-11-11-10-10-12-11-11-11-10-2-10	12-11-10-9-9-10-10-9-11-11-9-10	10-10-11-10-10-11-10-11-3-9-9-9	10-9-10-10-12-11-9-9-11-12-6-11	9-11-10-8-10-12-8-12-9-9-9-11	9-11-10-8-8-9-9-10-9-10-11-9	11-8-9-9-10-11-11-10-11-10-1-11
375	11	10-10-10-10-10-10-10-10-10-10-10-10	10-10-10-12-10-10-10-11-10-10-10-10	9-12-10-10-10-10-11-10-10-10-10-10	12-10-10-10-11-11-10-10-10-10-10-9	11-9-11-8-9-10-12-11-8-10-10-11	10-10-10-11-7-10-10-10-10-10-3-10	11-8-10-9-9-11-5-9-10-10-9-11	10-11-10-11-11-9-7-10-3-9-9-1	3-9-10-11-11-10-9-9-10-10-11-10	1-11-9-10-11-10-10-5-9-9-11-11	9-10-10-8-10-11-9-10-9-9-10-11	10-8-11-11-11-10-11-10-10-10-1-10
375	12	12-10-10-10-12-10-10-12-10-10-10-10	10-10-10-11-10-10-10-11-10-12-10-10	10-11-12-10-12-10-12-10-10-12-12-11	11-12-12-12-12-12-10-10-12-12-12-9	10-9-12-12-12-12-11-12-12-12-6-9	12-12-12-10-12-10-12-12-12-12-12-12	11-12-12-12-9-12-12-9-12-10-10-10	12-11-6-12-12-10-7-10-11-9-10-12	10-12-12-12-10-10-12-9-12-10-11-10	9-12-12-12-12-6-12-10-9-12-12-12	9-12-12-12-7-10-9-10-12-10-10-11	10-12-12-9-11-12-12-10-12-12-12-12
376	0	0-0-0-0-0-0-0-0-0-0-0-0	0-0-0-0-0-0-0-0-0-0-0-0	0-0-0-0-0-0-0-0-0-0-0-0	0-0-0-0-0-0-0-0-0-0-0-0	0-0-0-0-0-0-0-0-0-0-0-0	0-0-0-0-0-0-0-0-0-0-0-0	0-0-0-0-0-0-0-0-0-0-0-0	0-0-0-0-0-0-0-0-0-0-0-0	0-0-0-0-0-0-0-0-0-0-0-0	0-0-0-0-0-0-0-0-0-0-0-0	0-0-0-0-0-0-0-0-0-0-0-0	0-0-0-0-0-0-0-0-0-0-0-0
376	1	1-1-1-1-1-1-1-1-1-0-1-1	1-1-0-1-1-1-2-1-1-1-1-1	1-2-2-0-0-2-1-0-1-0-1-1	2-0-1-0-0-2-0-2-0-0-0-1	0-1-2-0-3-1-1-1-2-1-1-1	0-2-0-2-0-0-2-2-1-1-14-2	1-0-0-6-1-0-0-1-0-0-0-0	1-0-0-2-1-0-3-1-1-1-1-0	1-3-1-1-0-1-2-1-0-1-2-1	1-0-1-1-1-1-1-1-5-3-1-1	1-1-1-1-0-2-1-1-1-1-1-1	6-1-1-1-1-1-1-0-1-1-1-1
376	2	3-2-2-2-2-2-3-3-2-3-2-3	3-3-3-2-3-3-1-3-3-3-3-3	2-3-3-3-2-3-2-2-3-2-3-2	3-2-3-3-2-1-3-4-3-3-2-2	4-2-1-1-3-2-2-2-3-3-3-2	2-1-3-3-3-5-1-4-3-2-11-1	2-3-3-1-2-2-2-3-2-2-11-2	8-2-2-2-2-3-2-3-2-1-2-3	2-2-3-2-3-4-1-1-3-4-1-4	2-2-3-1-2-3-1-4-1-2-1-1	2-3-5-5-16-1-2-2-2-2-4-1	2-2-2-1-3-3-1-3-3-3-1-16
376	3	2-2-2-2-2-2-2-2-2-2-2-2	2-2-2-3-2-2-2-2-2-2-4-2	5-4-5-2-5-4-4-4-2-3-4-4	4-2-2-2-3-4-2-7-2-2-4-7	5-2-11-4-7-4-4-4-3-2-2-3	2-4-4-7-3-6-3-2-2-2-10-4	3-3-2-1-3-2-2-4-2-3-7-3	2-3-4-3-3-2-1-4-3-3-4-2	0-1-2-3-4-2-1-3-2-5-3-3	2-2-2-2-4-4-3-2-3-1-1-4	7-2-2-2-2-9-4-2-0-4-2-3	1-3-3-1-2-2-3-2-2-4-4-2
376	4	2-2-2-2-2-2-2-2-2-2-2-2	2-2-2-2-2-2-5-5-2-5-3-5	3-5-3-2-3-9-3-3-2-3-3-3	3-5-5-2-3-3-2-3-2-4-3-3	3-4-3-3-5-3-5-3-4-4-2-3	2-5-6-5-4-2-5-2-4-4-3-4	3-4-2-4-5-4-4-3-4-5-3-7	2-3-7-5-4-2-2-6-7-4-3-2	4-9-7-5-3-2-1-5-2-2-3-5	5-4-1-2-3-3-5-2-8-5-1-3	4-5-1-2-4-4-3-8-7-5-2-4	1-4-3-5-4-2-3-2-1-3-3-2
376	5	2-7-5-5-2-2-5-2-2-2-2-2	2-9-6-2-2-2-4-6-2-4-3-6	3-4-3-3-3-4-6-7-2-7-6-6	4-4-4-4-3-4-6-3-5-6-7-3	3-2-3-3-4-7-4-4-4-8-7-3	2-4-4-4-4-2-6-9-4-5-15-5	3-5-7-5-4-2-4-6-5-5-2-4	6-3-4-4-3-2-5-4-6-6-4-2	5-1-4-4-5-2-0-4-2-3-6-4	2-4-2-7-3-5-6-2-1-4-1-3	4-4-2-2-6-3-9-2-4-6-4-6	1-4-1-4-2-2-3-2-13-4-13-2
376	6	5-2-6-6-2-8-6-2-8-6-2-6	2-9-5-2-9-7-2-8-2-4-3-5	3-6-3-3-7-4-5-5-7-4-7-5	4-5-7-7-3-4-8-3-7-5-5-3	3-2-3-11-4-5-6-6-7-2-2-3	3-4-4-2-6-3-7-5-6-6-6-4	3-4-5-1-4-2-6-5-6-6-0-4	5-4-4-5-4-2-8-4-5-5-4-2	7-1-5-4-6-4-0-16-6-6-5-4	9-3-6-2-3-6-5-7-3-1-1-3	4-4-7-7-5-14-1-1-4-5-4-5	1-3-3-4-1-2-3-2-5-2-7-2
376	7	6-5-6-2-7-8-6-2-6-2-2-8	2-6-5-3-9-10-2-6-8-9-7-8	3-7-8-8-8-10-8-8-6-5-6-7	8-5-6-8-3-4-8-3-6-5-5-3	8-2-3-10-4-5-8-6-6-5-5-3	4-4-4-3-6-4-6-7-6-7-6-4	3-9-5-1-4-5-6-9-6-6-3-4	2-7-4-8-7-2-6-4-4-9-9-2	4-4-4-4-9-7-1-8-9-8-7-7	2-4-7-5-9-9-14-6-3-1-1-3	4-10-6-6-6-8-8-9-4-4-9-4	1-9-7-4-2-7-7-8-5-7-6-1
376	8	8-9-6-8-9-7-6-8-6-10-8-7	2-7-6-2-6-7-11-6-7-7-9-7	3-8-10-9-9-7-9-7-9-9-9-9	7-8-9-7-12-10-7-13-9-9-5-3	7-5-3-9-4-5-9-6-9-10-7-3	4-5-9-14-8-2-6-7-8-8-6-7	3-9-8-1-4-8-7-7-8-11-8-9	2-8-9-7-7-2-6-4-4-8-7-2	4-4-4-4-9-7-2-7-7-7-8-7	9-4-8-7-9-7-6-13-8-1-1-8	4-2-6-2-9-7-7-4-4-4-7-4	1-4-7-4-7-7-9-7-5-3-6-2
376	9	11-9-10-8-9-10-6-16-9-8-9-6	10-6-6-10-7-7-10-10-10-7-10-10	9-9-10-8-8-4-10-10-10-8-10-10	10-10-8-8-8-10-9-9-8-8-8-11	10-11-10-8-4-5-10-10-8-13-5-10	2-10-8-8-4-10-5-5-8-8-10-4	8-8-8-9-8-9-6-10-8-9-10-9	2-9-8-10-7-9-6-9-4-7-10-9	10-4-4-4-8-7-16-10-7-7-9-7	8-4-13-10-10-7-1-2-9-10-10-9	4-7-8-12-8-10-5-7-4-9-7-4	7-7-10-11-10-2-8-2-5-9-6-2
376	10	10-10-10-12-10-11-12-10-10-10-12-13	9-11-11-9-10-11-9-9-9-9-9-9	9-10-9-8-11-12-9-10-9-11-11-9	9-9-10-8-8-9-11-8-11-11-11-9	9-9-9-7-9-11-11-9-11-8-11-9	9-9-11-8-10-9-11-10-10-10-3-10	3-11-10-1-13-10-10-11-8-12-9-10	2-11-8-9-3-2-10-12-4-10-9-2	9-10-4-4-6-7-9-9-13-10-10-9	8-9-10-13-9-12-13-13-9-9-9-9	9-7-6-16-2-14-9-2-9-4-7-4	11-15-7-4-9-10-8-2-15-9-6-10
376	11	13-11-12-10-11-10-10-10-12-11-10-10	14-10-10-9-10-10-12-11-12-9-14-12	12-12-12-8-10-10-12-12-12-10-10-12	12-12-12-12-8-12-10-9-10-10-10-12	7-16-3-6-13-10-12-12-10-8-11-11	12-11-10-11-11-16-10-13-10-8-12-10	11-10-10-12-11-9-12-12-8-10-12-12	2-10-13-10-7-12-10-9-4-11-11-12	13-11-12-4-3-2-11-12-7-12-3-7	12-2-9-11-13-7-10-10-11-13-13-9	13-2-2-12-2-9-13-2-13-9-7-4	10-7-11-9-12-2-8-16-2-11-6-2
376	12	12-16-11-10-15-12-12-13-14-11-10-12	9-13-14-9-10-10-11-13-11-14-11-14	11-11-11-11-11-10-13-11-11-12-13-11	11-11-11-11-8-11-11-8-13-13-12-11	3-11-3-7-11-12-11-12-13-11-13-11	11-11-10-8-11-9-10-12-12-12-11-12	3-12-10-11-11-2-11-11-12-10-11-10	2-10-11-12-3-11-10-10-4-12-11-11	11-11-11-12-12-9-11-11-11-11-3-11	11-11-7-13-13-13-13-16-11-11-11-12	11-13-6-13-2-9-11-11-11-4-7-4	10-7-11-4-11-10-8-11-5-11-5-10
376	13	12-15-12-13-11-12-12-13-13-14-13-10	14-12-12-9-13-10-14-12-14-12-11-16	14-14-14-15-14-14-14-11-11-13-12-12	14-11-13-11-14-14-14-14-12-12-12-11	14-11-14-14-14-12-14-14-12-9-14-14	14-14-10-13-11-9-14-14-12-8-5-14	16-13-10-11-14-9-14-14-8-10-16-14	2-13-11-14-14-11-10-15-4-11-9-11	4-11-4-14-16-7-14-14-8-13-13-7	14-14-9-14-11-7-10-10-14-11-11-13	11-12-6-12-8-15-11-13-11-14-7-13	10-7-11-14-11-2-8-11-5-11-5-10
376	14	15-16-14-14-15-12-14-14-12-15-14-14	13-15-12-9-15-10-13-12-13-12-11-12	13-13-13-13-13-13-15-11-16-15-15-15	13-11-14-11-13-13-13-13-15-14-15-11	13-11-13-13-13-15-13-13-14-14-13-11	13-13-13-8-14-9-13-13-14-14-13-13	13-13-10-11-13-14-13-13-8-14-11-13	14-13-11-13-13-11-10-13-4-14-13-11	14-11-14-13-11-14-13-13-16-15-13-14	13-13-14-13-13-12-7-15-13-11-11-15	11-7-14-10-15-10-11-13-13-13-13-13	10-15-7-13-1-10-13-11-10-15-16-14
376	15	14-13-14-16-14-15-16-16-14-16-14-16	15-14-14-16-14-16-16-15-15-16-16-16	11-13-13-13-14-15-14-16-11-14-14-14	13-11-16-15-13-13-15-13-14-14-14-13	13-11-16-13-12-14-16-13-14-16-13-15	15-13-13-15-10-15-14-13-15-14-5-16	16-14-14-15-12-13-14-12-8-15-15-15	11-13-11-13-15-11-10-13-16-11-16-11	16-11-4-13-15-15-15-15-14-14-15-7	16-15-15-16-15-7-1-14-11-11-11-14	15-2-14-14-16-13-11-15-15-15-7-4	10-14-7-15-15-2-13-11-5-14-6-10
376	16	16-16-16-16-16-16-15-16-16-15-16-16	14-15-16-15-16-15-15-15-15-16-15-15	14-16-16-13-16-16-16-16-14-16-16-16	15-16-15-15-16-16-15-16-16-16-16-11	16-11-15-16-16-16-15-15-14-16-9-9	16-16-16-15-16-11-15-16-16-16-16-16	13-16-16-16-13-16-14-13-16-16-13-13	16-16-15-16-16-11-16-13-15-16-15-11	15-16-16-16-13-16-16-13-16-13-15-7	16-16-16-15-16-7-16-12-16-16-11-16	15-2-16-10-8-13-11-16-16-16-7-16	16-16-16-15-15-16-16-11-16-16-16-2
377	0	0-0-0-0-0-0-0-0-0-0-0-0	0-0-0-0-0-0-0-0-0-0-0-0	0-0-0-0-0-0-0-0-0-0-0-0	0-0-0-0-0-0-0-0-0-0-0-0	0-0-0-0-0-0-0-0-0-0-0-0	0-0-0-0-0-0-0-0-0-0-0-0	0-0-0-0-0-0-0-0-0-0-0-0	0-0-0-0-0-0-0-0-0-0-0-0	0-0-0-0-0-0-0-0-0-0-0-0	0-0-0-0-0-0-0-0-0-0-0-0	0-0-0-0-0-0-0-0-0-0-0-0	0-0-0-0-0-0-0-0-0-0-0-0
377	1	1-1-1-1-1-1-1-1-1-1-1-1	1-1-1-1-1-1-0-1-0-1-1-0	0-2-2-1-2-2-2-0-0-2-0-2	2-0-0-2-2-2-0-2-1-0-2-3	2-0-1-2-0-1-0-2-1-0-3-2	2-2-1-1-1-2-1-2-1-1-9-0	1-1-1-0-0-0-1-0-1-1-2-0	1-1-1-1-1-0-1-1-1-0-2-0	0-0-1-1-9-1-0-2-1-3-1-1	1-1-3-2-2-2-3-1-4-0-0-1	0-1-1-0-2-0-0-1-0-1-1-0	0-1-4-1-4-0-1-0-1-1-1-1
377	2	2-2-2-2-2-2-2-2-2-2-2-2	3-2-1-1-2-2-3-4-2-3-1-2	0-3-1-1-1-7-1-1-1-4-3-3	1-3-3-1-1-1-2-1-1-2-1-1	1-2-1-1-3-1-3-3-2-2-1-1	7-4-4-3-2-1-3-1-2-2-2-2	1-1-3-2-3-2-2-3-2-2-1-5	2-2-1-3-2-2-2-6-5-2-2-2	2-0-2-3-1-4-2-3-2-2-1-3	3-2-2-2-1-1-2-2-0-3-2-1	2-7-2-0-2-2-0-2-5-3-2-2	4-2-1-3-1-2-1-0-2-2-1-2
377	3	3-3-3-3-3-3-3-3-3-3-3-3	2-3-3-1-2-3-2-4-2-2-1-4	0-2-1-4-4-2-4-5-4-5-4-4	2-2-4-1-1-1-4-1-4-4-5-1	1-6-1-1-2-5-2-2-2-6-1-1	1-2-2-2-2-1-4-4-2-3-3-3	1-1-4-3-2-3-2-4-3-3-1-2	4-2-1-2-1-3-2-2-4-3-2-2	3-0-2-2-3-2-3-2-3-2-4-2	2-4-3-5-6-2-4-2-1-2-4-2	2-2-7-3-4-8-0-2-2-4-2-4	3-2-1-2-1-3-1-0-7-2-3-3
377	4	4-4-4-4-4-4-4-4-5-4-4-4	4-5-3-1-4-5-0-6-2-2-5-3	0-4-4-3-5-2-3-6-5-2-5-3	2-6-5-5-1-1-4-1-5-3-3-0	1-0-1-12-2-3-4-5-5-2-2-2	1-2-2-2-4-1-5-3-4-4-6-2	1-1-3-0-2-3-5-5-4-4-0-2	3-2-1-3-2-3-7-4-3-3-2-2	5-0-3-2-4-2-6-2-4-4-3-5	9-3-4-7-9-4-3-5-1-0-6-1	2-2-5-4-3-10-0-3-0-3-2-3	2-2-1-2-1-4-1-0-3-3-5-5
377	5	4-3-4-5-5-5-4-5-4-5-5-6	7-4-3-1-7-5-3-4-7-7-5-6	2-5-6-6-4-5-6-3-4-3-4-5	6-6-4-6-6-1-6-6-7-3-3-6	6-3-1-6-2-3-6-4-4-5-3-1	6-2-6-2-4-1-4-6-4-5-4-6	2-1-3-0-2-3-4-4-4-4-1-2	3-5-2-2-2-3-4-4-2-7-7-5	4-0-2-5-2-7-0-6-7-7-5-7	4-2-5-3-7-13-5-4-6-2-3-1	5-2-4-4-4-6-0-2-2-2-7-2	5-7-5-2-5-5-5-6-3-5-4-4
377	6	6-9-4-6-6-6-4-6-4-6-6-5	7-4-3-1-4-5-6-7-5-5-8-5	2-7-8-7-5-5-7-8-7-8-8-7	5-8-7-5-8-8-5-5-8-8-3-5	5-3-1-7-2-3-5-4-7-7-5-6	5-3-7-7-6-1-4-5-6-6-4-5	2-6-8-2-2-6-6-4-8-9-6-2	3-6-8-2-2-7-4-2-2-6-5-2	2-0-2-2-2-5-4-5-5-5-6-5	7-2-6-5-7-5-4-10-6-0-4-6	5-2-7-4-7-5-5-2-2-1-5-2	5-2-5-5-5-5-7-5-3-5-4-4
377	7	7-6-8-4-6-4-6-7-7-7-7-4	6-4-3-7-5-4-8-6-5-2-10-8	8-6-8-6-10-2-8-8-6-8-8-6	8-8-8-6-9-9-4-8-5-3-3-7	8-0-7-10-2-3-8-8-6-6-7-7	2-8-10-6-4-8-8-8-4-6-2-8	7-1-6-0-8-7-5-8-6-7-7-2	5-7-13-8-2-8-4-7-2-5-5-2	2-0-2-8-7-5-2-8-5-5-7-5	6-8-7-4-8-5-8-4-7-0-8-9	2-2-3-4-6-7-0-2-0-7-5-8	5-5-7-8-7-5-6-0-3-7-4-6
377	8	8-8-8-8-8-8-8-8-8-8-8-9	9-9-8-7-9-10-7-9-5-10-7-9	7-9-7-6-7-9-9-8-6-6-9-9	7-7-9-7-6-7-9-7-9-9-8-1	7-0-7-7-2-9-9-7-9-6-7-7	9-7-7-6-12-7-9-8-8-3-4-7	11-1-6-9-7-8-12-7-6-8-7-7	8-7-6-7-8-9-11-7-2-10-7-8	10-0-10-7-4-5-0-7-5-6-4-11	6-7-8-9-7-10-7-8-7-9-7-7	13-5-4-4-13-10-0-2-0-7-5-7	5-5-5-7-10-8-6-8-3-7-12-8
377	9	9-9-8-8-9-11-8-8-8-8-8-9	8-8-8-9-8-8-9-8-10-8-7-8	9-10-10-6-9-10-10-10-10-10-8-10	10-9-10-7-7-10-9-7-8-11-9-13	1-10-7-7-10-8-10-11-8-9-9-9	10-9-7-9-9-11-8-11-6-6-1-7	9-1-8-8-9-7-8-10-6-6-9-10	9-7-9-8-8-10-8-8-2-9-12-11	9-10-9-7-1-9-9-10-5-9-1-8	10-13-5-12-9-5-10-8-9-12-9-7	9-1-10-10-6-11-11-9-10-9-5-9	9-2-9-7-9-5-6-12-10-9-8-8
377	10	10-10-10-12-10-10-10-10-8-8-10-10	12-12-8-9-11-12-10-12-9-11-7-12	9-9-9-7-7-9-9-9-9-12-11-11	9-9-9-9-7-9-11-7-12-12-11-9	7-9-7-7-9-11-9-10-12-6-9-7	12-9-7-10-8-7-11-10-12-10-12-10	12-12-10-10-9-10-12-9-10-10-9-12	10-7-7-8-10-9-12-8-2-10-9-9	9-9-8-9-10-9-12-9-10-9-1-8	9-12-10-9-11-8-12-12-9-11-9-10	9-11-12-9-10-8-9-9-9-2-5-8	10-9-9-7-9-8-5-9-9-9-8-10
377	11	8-9-10-10-11-9-10-13-8-13-13-13	13-10-10-9-10-10-13-10-12-11-13-10	9-9-9-6-11-12-10-10-9-10-10-10	12-9-12-11-12-12-10-12-10-10-10-12	12-9-13-12-9-10-12-12-10-6-12-9	10-12-7-12-9-9-10-9-10-10-3-12	13-10-10-11-10-11-8-10-6-12-10-12	9-7-9-12-12-9-8-12-12-9-13-9	9-9-13-12-1-5-9-9-5-12-12-8	6-12-7-10-12-5-10-8-9-10-9-11	9-10-10-4-10-9-9-10-10-7-5-11	9-5-9-11-9-7-6-9-3-9-8-8
377	12	8-12-12-10-13-13-10-10-8-8-11-13	10-8-8-9-10-10-13-10-11-11-11-13	12-13-13-13-12-13-11-12-12-10-13-12	13-9-11-13-11-11-10-11-10-10-10-11	1-9-11-11-12-10-11-12-10-12-11-12	10-11-7-11-8-13-10-11-10-12-10-11	10-10-10-12-9-12-8-13-12-11-9-10	12-7-9-11-11-13-8-11-11-9-9-13	12-12-13-11-1-5-10-10-5-11-11-8	6-11-7-9-11-5-10-10-12-9-12-11	9-10-10-13-6-12-12-9-9-7-5-11	9-2-9-12-12-5-6-9-3-12-8-8
377	13	13-13-13-13-13-13-13-13-13-13-13-13	11-8-13-12-13-11-12-12-11-13-11-12	12-12-13-12-13-12-13-12-12-13-12-13	12-13-13-13-13-13-9-13-13-13-13-12	13-9-11-13-12-13-12-13-10-13-7-7	13-13-13-11-13-12-13-13-13-13-13-11	12-13-13-13-10-13-13-12-13-11-12-13	13-13-7-13-13-12-13-11-11-11-9-12	12-12-11-13-1-13-13-10-13-11-11-8	9-13-13-13-13-5-13-8-13-13-9-13	9-13-10-13-8-12-12-9-13-13-5-13	13-13-13-11-13-13-13-9-13-13-8-13
378	0	0-0-0-0-0-0-0-0-0-0-0-0	0-0-0-0-0-0-0-0-0-0-0-0	0-0-0-0-0-0-0-0-0-0-0-0	0-0-0-0-0-0-0-0-0-0-0-0	0-0-0-0-0-0-0-0-0-0-0-0	0-0-0-0-0-0-0-0-0-0-0-0	0-0-0-0-0-0-0-0-0-0-0-0	0-0-0-0-0-0-0-0-0-0-0-0	0-0-0-0-0-0-0-0-0-0-0-0	0-0-0-0-0-0-0-0-0-0-0-0	0-0-0-0-0-0-0-0-0-0-0-0	0-0-0-0-0-0-0-0-0-0-0-0
378	1	1-1-1-1-1-1-1-1-1-1-1-1	1-0-0-1-0-1-3-0-1-0-1-0	1-0-0-1-1-2-2-0-0-0-3-1	2-0-2-3-2-2-0-2-3-1-2-3	2-0-2-2-1-1-2-2-1-0-1-2	2-0-2-1-0-1-1-2-1-1-3-0	1-1-1-0-1-1-1-2-1-1-2-3	1-1-2-2-1-0-1-2-1-1-2-0	0-0-1-1-2-1-0-0-1-1-1-2	0-1-1-0-2-2-1-3-1-0-2-1	0-1-0-0-2-0-0-0-0-1-1-1	0-1-1-1-0-1-1-0-2-2-2-1
378	2	2-2-2-2-2-2-2-2-2-2-2-2	3-2-2-1-2-3-1-3-2-3-1-2	1-3-1-1-1-3-3-3-4-3-2-3	3-3-1-1-1-1-3-1-1-2-4-1	1-2-1-1-3-1-3-3-2-2-3-1	3-3-6-2-2-1-3-4-2-2-8-2	6-2-2-2-3-2-2-3-2-2-1-8	2-1-3-3-2-2-2-3-8-2-3-0	2-2-2-2-7-2-2-3-1-2-1-1	3-2-2-3-1-1-1-2-3-3-3-1	2-2-2-0-3-2-3-2-2-6-2-2	2-2-1-2-2-2-2-2-1-1-1-1
378	3	3-3-3-3-3-3-3-3-3-3-3-3	2-3-3-1-3-2-1-2-2-2-1-2	1-2-4-1-1-2-2-4-4-2-4-2	2-2-4-1-1-1-2-1-1-3-1-1	1-3-0-1-2-4-4-2-2-2-4-1	4-2-2-3-2-1-4-3-3-3-1-3	4-2-3-2-2-3-4-4-3-4-5-2	3-1-2-2-2-3-3-2-2-3-2-3	3-3-2-2-3-2-5-2-3-3-1-2	2-2-3-4-1-2-1-1-2-2-2-1	3-4-4-4-2-4-2-2-2-2-2-2	3-1-1-2-2-7-2-4-0-5-4-3
378	4	4-4-4-4-4-5-5-4-6-4-4-5	5-4-5-4-3-5-5-4-4-5-5-5	4-5-3-4-1-3-4-4-5-5-3-4	5-3-5-6-1-5-4-1-4-8-2-4	5-0-5-6-2-3-3-4-6-5-3-1	3-5-2-2-4-1-5-5-4-4-5-3	5-5-4-2-2-4-7-3-4-3-5-5	4-1-2-3-6-5-4-2-2-4-2-0	3-3-2-4-4-5-3-5-4-5-6-7	3-2-5-3-5-5-5-4-5-2-1-5	3-10-10-5-10-5-0-2-2-2-5-2	3-5-4-5-5-5-5-3-10-5-5-9
378	5	6-5-4-4-6-4-4-6-4-4-5-4	4-3-4-7-6-4-4-6-4-4-6-6	5-6-6-5-5-4-6-5-6-4-5-5	6-5-6-6-5-6-6-4-4-4-6-5	4-6-8-5-5-4-6-6-4-5-6-5	6-6-4-6-7-6-4-6-4-4-4-6	4-4-5-6-5-5-5-5-4-5-6-4	6-5-6-6-4-4-6-5-5-6-6-5	6-5-5-5-6-6-6-4-6-5-4-4	6-6-4-5-4-4-4-5-6-5-6-4	6-4-4-4-6-4-5-6-6-5-4-2	8-4-5-4-6-6-4-6-5-4-6-5
378	6	6-4-6-6-5-4-5-5-4-5-6-4	5-8-4-5-8-4-5-7-5-5-5-5	1-6-5-5-1-7-5-6-5-7-7-6	5-5-5-5-1-5-5-1-7-4-7-5	1-5-5-4-2-7-7-5-7-5-5-5	5-5-2-5-5-5-7-8-4-4-4-5	7-7-5-5-10-6-6-7-4-7-5-7	5-6-5-5-4-0-8-2-2-5-5-5	5-2-7-2-5-5-5-9-5-6-4-6	5-5-6-8-6-5-7-4-5-5-5-1	5-4-5-4-5-5-5-5-5-2-4-6	5-4-10-2-5-5-2-5-5-6-5-6
378	7	4-4-4-5-7-4-4-4-4-10-4-4	4-6-6-5-6-4-8-6-5-5-5-5	7-8-5-8-5-8-6-5-8-6-6-6	8-8-7-5-7-5-5-1-6-4-6-7	1-8-7-4-8-6-8-8-6-7-5-7	6-8-2-7-9-8-6-8-4-4-1-8	8-6-6-8-9-8-4-6-4-6-8-6	4-1-5-7-8-8-6-2-2-7-7-8	10-8-6-7-8-7-7-8-6-5-7-4	5-8-7-8-8-8-6-4-8-8-8-1	8-4-4-4-4-7-8-8-8-8-4-2	7-4-7-7-7-3-7-10-5-7-7-4
378	8	5-10-10-4-4-4-5-4-6-4-10-4	7-6-4-8-6-4-7-10-4-5-5-9	8-7-10-9-8-7-9-7-9-9-9-8	7-7-7-9-9-9-5-9-9-4-8-7	9-7-9-9-7-9-7-7-6-8-8-9	2-7-9-5-5-9-9-9-4-4-2-7	7-9-9-7-7-7-6-6-4-5-7-2	4-8-10-9-9-7-6-9-2-7-7-7	7-7-2-7-7-10-5-7-9-6-9-4	5-7-7-7-7-9-8-4-7-7-7-9	7-4-4-4-5-7-7-7-7-7-4-2	5-2-8-7-5-5-8-5-5-7-9-4
378	9	4-4-8-9-9-10-4-4-4-10-9-4	4-6-6-8-6-4-10-9-5-5-10-10	9-10-8-8-8-9-8-9-8-8-8-9	8-9-10-9-8-8-9-8-8-4-8-9	8-10-8-8-9-8-10-8-9-9-9-8	10-9-8-9-7-10-8-8-9-4-1-9	9-8-8-9-7-9-6-9-9-6-10-9	9-8-8-8-8-10-6-8-9-9-7-9	9-9-9-9-8-7-9-9-8-9-8-4	9-7-9-9-9-8-6-5-7-9-9-8	9-9-9-9-4-9-9-9-9-7-4-2	7-2-9-9-9-3-8-9-7-9-5-4
378	10	10-10-10-10-10-10-7-10-10-10-10-10	7-4-10-8-10-5-9-8-8-10-9-9	9-9-10-8-10-9-9-9-9-10-9-10	9-10-10-10-10-10-9-10-10-4-10-9	8-9-10-10-9-10-9-10-6-10-5-5	10-10-8-10-10-9-10-10-10-10-10-10	8-10-10-10-6-10-3-9-10-10-9-10	10-8-8-10-10-9-10-2-9-7-7-9	7-10-10-10-8-10-10-4-10-5-8-7	9-10-10-10-10-8-10-5-7-10-10-10	9-4-4-10-4-10-10-10-10-5-10-10	5-4-10-7-4-10-10-7-10-10-10-4
379	0	0-0-0-0-0-0-0-0-0-0-0-0	0-0-0-0-0-0-0-0-0-0-0-0	0-0-0-0-0-0-0-0-0-0-0-0	0-0-0-0-0-0-0-0-0-0-0-0	0-0-0-0-0-0-0-0-0-0-0-0	0-0-0-0-0-0-0-0-0-0-0-0	0-0-0-0-0-0-0-0-0-0-0-0	0-0-0-0-0-0-0-0-0-0-0-0	0-0-0-0-0-0-0-0-0-0-0-0	0-0-0-0-0-0-0-0-0-0-0-0	0-0-0-0-0-0-0-0-0-0-0-0	0-0-0-0-0-0-0-0-0-0-0-0
379	1	1-1-1-1-1-1-1-1-1-1-1-1	1-2-1-2-2-1-2-1-2-1-2-2	1-0-0-2-3-0-2-1-2-2-2-2	2-2-2-2-0-0-2-3-2-2-2-0	3-0-1-3-1-2-2-2-2-1-2-0	2-2-2-2-1-4-2-3-1-1-12-1	9-1-1-1-1-1-2-2-2-1-11-2	7-1-2-2-1-0-2-1-1-1-0-1	1-4-1-1-2-3-15-1-2-1-1-2	2-8-1-1-2-2-1-1-2-3-0-1	1-2-3-0-7-1-1-1-0-1-2-1	2-2-1-1-1-2-8-5-10-1-1-1
379	2	1-1-1-1-1-1-1-1-1-1-1-1	1-1-1-1-1-1-1-1-1-1-1-1	3-3-1-1-1-1-3-0-1-1-4-1	3-3-1-1-3-3-1-1-1-1-3-4	1-0-5-1-3-1-3-3-1-1-1-3	1-5-1-1-1-1-1-5-1-1-3-3	4-1-1-6-2-2-1-1-1-1-3-1	1-2-1-3-5-3-1-1-2-1-4-1	0-1-1-5-1-1-3-3-1-4-3-1	1-4-1-2-5-1-1-1-10-1-5-1	6-1-1-0-1-1-2-1-5-2-1-2	1-2-2-3-3-1-7-1-1-1-1-1
379	3	1-1-1-1-1-1-1-1-1-1-1-3	1-1-1-1-1-1-1-6-3-4-2-5	2-2-2-1-1-6-4-4-1-6-3-4	2-4-2-1-2-5-1-1-1-1-5-2	1-0-1-1-4-3-4-4-4-5-5-2	3-1-5-6-1-1-2-1-3-3-10-2	2-3-1-2-4-1-4-2-3-1-2-4	1-2-3-4-3-2-1-4-10-6-2-1	3-1-3-3-1-1-2-2-1-3-2-1	3-2-3-1-2-1-3-1-2-1-2-1	3-1-1-3-3-3-2-3-3-2-1-3	1-3-2-2-2-3-3-3-1-1-1-1
379	4	1-4-4-4-1-3-5-4-4-1-1-4	1-5-5-1-1-1-1-3-1-3-1-4	2-2-3-1-1-3-5-6-1-3-5-5	3-3-5-5-2-2-1-1-2-4-3-2	1-0-2-1-3-5-3-3-3-3-1-2	1-2-3-3-1-1-5-2-6-4-1-4	2-1-1-11-3-1-3-5-4-1-2-2	1-5-3-3-4-2-4-3-3-5-2-1	2-5-3-3-4-1-2-2-1-2-5-5	5-2-4-8-1-5-5-4-2-1-2-1	3-6-1-4-1-5-0-3-2-2-1-3	5-3-2-2-1-1-1-1-1-6-4-1
379	5	5-5-4-5-5-1-4-4-4-10-6-5	1-4-4-1-1-1-2-7-3-3-1-6	2-2-7-3-3-3-4-7-6-3-6-4	3-3-6-4-2-3-6-1-6-4-3-2	1-0-2-5-3-4-6-4-6-3-15-2	1-2-3-3-5-1-6-2-5-5-5-4	2-5-1-2-3-5-5-6-7-5-2-6	1-4-3-3-2-0-6-3-3-5-3-0	5-4-6-2-5-1-1-2-10-6-4-6	4-2-5-6-2-4-4-6-4-1-2-1	3-1-5-7-6-4-2-3-2-2-4-3	4-3-2-2-15-1-3-1-1-1-6-1
379	6	5-5-6-6-5-7-6-5-5-1-5-6	1-5-5-7-1-10-7-8-7-3-7-7	0-6-7-7-7-3-7-4-7-3-5-7	7-7-5-7-7-7-5-10-5-4-3-2	7-0-2-7-2-4-7-7-5-6-6-7	3-3-7-3-6-7-5-6-4-5-5-10	2-1-1-2-7-13-5-5-5-8-2-7	1-7-3-7-7-1-5-6-3-6-6-1	3-1-5-8-6-1-2-2-8-5-8-11	6-3-8-5-7-6-5-5-7-1-6-7	2-4-1-5-5-5-2-3-0-2-1-3	4-6-6-2-2-3-2-1-1-4-1-1
379	7	7-7-7-7-7-6-7-7-7-7-5-8	8-8-8-6-8-10-6-5-6-8-6-8	8-7-6-6-6-8-8-5-6-8-8-8	7-6-10-6-6-6-7-6-8-8-7-2	6-0-2-6-7-8-8-6-7-7-6-6	1-6-8-7-7-6-8-7-8-7-1-7	1-8-7-0-6-7-8-8-5-5-0-6	1-6-15-6-6-11-13-7-3-7-1-1	1-1-7-2-7-9-1-2-11-5-7-13	6-1-7-7-6-6-6-5-6-1-2-6	3-7-5-5-1-8-2-1-0-2-6-3	12-6-6-2-1-1-2-1-7-7-10-1
379	8	8-7-9-9-10-8-7-8-8-8-9-7	7-7-7-6-7-7-10-6-9-7-9-9	9-8-9-6-8-9-7-9-9-9-7-9	9-9-9-6-6-9-8-6-7-7-7-8	8-9-9-8-8-7-9-9-7-8-8-9	9-9-7-8-7-10-7-7-7-7-1-8	8-7-7-9-8-10-9-9-5-7-10-9	1-6-9-7-6-9-7-7-6-8-10-10	10-10-9-6-10-8-10-8-9-8-6-6	9-9-6-4-13-6-5-7-9-10-10-6	9-1-1-9-1-10-10-13-10-2-1-3	7-6-8-2-9-1-1-10-1-9-7-1
379	9	10-7-8-8-10-10-9-9-10-9-10-9	10-10-7-8-7-7-8-10-8-12-8-10	8-8-8-8-6-8-8-8-8-10-10-8	8-8-8-6-6-8-8-6-9-11-9-8	8-8-8-6-8-9-8-9-9-8-8-8	11-8-7-9-7-8-10-9-11-9-11-9	11-11-10-8-8-9-10-8-10-9-8-8	1-6-8-9-9-8-11-14-3-7-8-8	1-8-8-8-7-8-14-2-10-8-9-9	8-8-7-15-9-14-8-4-6-8-8-6	8-13-12-8-15-8-8-14-8-3-1-3	4-6-8-2-8-9-15-8-12-8-7-1
379	10	9-10-10-7-9-9-4-9-9-5-9-9	9-9-7-11-9-7-8-9-8-9-8-9	12-11-12-12-10-13-9-11-9-9-9-10	10-8-9-11-12-12-8-6-12-9-11-2	12-8-10-12-8-9-11-11-10-10-6-10	10-10-11-3-7-12-11-10-7-7-3-11	10-7-9-2-9-6-9-9-9-11-8-10	11-11-10-11-10-8-7-15-3-8-8-8	8-8-10-11-11-1-8-12-9-10-11-6	10-10-9-9-6-11-10-5-2-8-8-10	8-9-9-8-1-8-8-8-8-10-12-10	7-10-6-2-8-1-10-8-1-8-7-7
379	11	9-13-12-7-7-9-12-9-12-11-15-12	9-9-9-10-7-7-12-9-12-13-12-12	13-13-12-10-10-12-12-12-12-10-12-11	10-13-10-10-10-11-9-10-10-9-10-8	10-13-8-10-13-9-12-10-10-11-11-8	9-13-10-11-7-13-10-10-9-9-9-10	9-9-9-12-11-11-9-9-11-10-13-10	11-10-10-10-10-12-9-10-11-8-8-11	13-8-10-12-10-12-12-10-12-11-10-6	10-10-12-14-6-10-5-7-13-12-12-10	12-9-9-9-9-15-8-9-12-10-10-11	7-10-12-11-8-9-10-8-9-11-7-1
379	12	12-11-12-12-12-11-13-12-13-12-12-11	11-13-13-10-14-13-11-9-11-9-8-11	10-11-11-10-10-11-11-11-11-13-13-11	10-11-12-10-10-10-13-6-13-13-13-11	10-11-8-10-11-13-11-11-14-13-13-10	11-11-10-11-7-11-13-12-14-12-1-12	13-12-13-11-11-9-14-13-12-13-11-10	1-10-8-10-10-11-7-7-3-7-8-11	11-8-8-11-11-11-11-10-11-11-10-11	10-10-11-10-6-12-14-5-6-11-11-10	11-12-9-8-14-8-8-14-11-10-10-10	12-10-11-2-8-9-10-8-9-8-7-1
379	13	13-11-15-13-13-13-12-13-13-13-13-13	11-12-12-10-12-15-14-15-15-14-13-11	11-11-14-15-14-11-12-11-13-12-12-13	10-11-12-13-14-13-14-10-12-12-14-11	10-11-13-14-11-12-12-13-12-12-12-13	10-11-13-11-7-11-12-12-12-12-3-14	15-12-12-14-12-13-12-12-12-13-11-13	11-13-8-13-13-11-7-10-15-13-8-11	11-8-10-13-14-8-11-14-11-11-13-7	8-13-13-9-8-12-12-7-11-11-8-10	8-9-12-9-12-13-8-8-8-10-10-13	12-10-13-13-8-1-13-8-1-9-7-1
379	14	15-15-15-15-12-13-15-15-8-15-13-15	9-9-12-10-12-14-15-15-15-13-13-15	11-14-13-10-13-15-14-14-14-14-13-14	15-14-14-14-13-13-13-10-12-12-13-11	15-11-13-13-14-13-15-14-12-14-11-14	14-11-13-11-7-11-12-13-12-12-14-15	14-12-9-14-11-13-9-14-12-10-14-12	14-13-10-13-10-14-7-9-13-8-14-11	15-8-10-13-13-8-9-14-11-11-13-6	14-14-13-11-13-9-12-15-11-11-8-10	15-9-14-8-12-13-8-9-14-14-9-13	15-10-9-10-14-1-13-14-1-8-7-1
379	15	15-15-15-15-15-15-14-15-15-15-15-15	11-12-15-10-15-13-14-14-14-15-13-11	13-14-15-13-15-14-15-15-14-15-15-14	14-15-15-14-15-15-12-15-15-15-15-11	14-11-15-15-15-15-14-14-12-15-5-8	15-15-13-15-15-11-15-15-15-15-15-14	13-15-15-15-9-15-15-14-15-15-13-13	15-15-10-15-15-11-15-10-13-15-14-11	14-15-3-15-13-15-15-10-15-1-13-14	14-15-15-15-15-10-15-12-15-15-8-15	14-15-12-8-12-11-14-15-15-15-15-15	15-10-15-2-14-15-15-8-15-15-15-15
380	0	0-0-0-0-0-0-0-0-0-0-0-0	0-0-0-0-0-0-0-0-0-0-0-0	0-0-0-0-0-0-0-0-0-0-0-0	0-0-0-0-0-0-0-0-0-0-0-0	0-0-0-0-0-0-0-0-0-0-0-0	0-0-0-0-0-0-0-0-0-0-0-0	0-0-0-0-0-0-0-0-0-0-0-0	0-0-0-0-0-0-0-0-0-0-0-0	0-0-0-0-0-0-0-0-0-0-0-0	0-0-0-0-0-0-0-0-0-0-0-0	0-0-0-0-0-0-0-0-0-0-0-0	0-0-0-0-0-0-0-0-0-0-0-0
380	1	1-1-1-1-1-1-1-1-1-1-1-1	1-2-1-0-1-1-0-2-1-1-0-0	0-0-0-1-1-0-0-0-0-0-2-1	0-0-0-0-0-0-0-1-2-1-2-0	1-0-0-0-0-2-2-0-1-0-1-0	9-0-0-0-0-0-2-0-1-1-9-0	0-1-1-1-0-1-0-0-2-1-0-0	1-1-0-0-1-0-2-1-0-1-0-0	1-0-0-0-0-0-9-0-2-1-0-2	0-0-1-0-1-2-0-1-5-0-0-1	0-2-2-4-2-1-0-0-0-1-1-1	1-1-0-1-0-1-1-0-2-4-3-0
380	2	2-2-2-1-2-2-1-2-2-1-1-2	1-1-1-2-1-3-3-1-1-2-3-3	4-3-3-3-3-3-3-3-3-2-3-3	2-0-2-5-3-3-1-5-3-1-3-4	3-0-3-3-0-1-3-3-2-2-14-4	3-3-3-2-2-5-3-3-1-2-10-3	2-2-1-2-2-0-2-3-1-2-3-2	2-2-2-3-2-3-1-2-2-2-2-0	2-0-2-2-3-2-1-3-1-2-3-2	3-2-2-2-3-3-2-1-4-0-3-2	0-2-1-0-1-0-0-2-0-2-2-2	1-2-2-2-3-1-2-0-1-1-1-2
380	3	3-3-2-3-3-3-3-3-3-3-3-3	4-3-1-2-3-2-2-4-3-4-2-3	7-2-4-2-2-7-2-2-2-4-2-2	4-4-4-2-4-5-3-2-2-3-4-2	2-6-2-2-4-3-4-2-4-3-5-2	2-4-5-6-2-2-4-4-3-3-2-2	2-3-3-3-4-1-4-2-3-3-3-7	11-2-2-4-3-2-4-4-7-3-3-7	3-7-3-3-2-3-3-2-1-3-2-3	4-2-2-3-2-2-5-1-6-3-3-2	3-7-1-1-3-3-3-3-5-2-3-3	3-4-4-2-2-3-2-3-1-1-1-3
380	4	4-4-4-4-4-4-4-4-4-4-4-4	3-7-5-2-4-4-3-3-3-3-2-3	2-4-3-2-2-3-5-6-5-3-5-5	3-3-5-2-3-3-3-2-5-4-3-2	4-4-2-2-3-5-3-3-3-4-4-2	2-3-3-7-3-2-3-5-4-4-2-4	2-4-4-3-3-4-3-3-4-5-3-3	4-2-2-3-2-4-3-3-3-4-3-0	4-3-3-3-4-3-3-5-5-3-2-4	3-2-4-4-2-3-3-4-2-3-5-2	0-6-5-1-4-5-5-3-3-2-3-6	3-3-3-5-2-1-2-4-1-1-4-4
380	5	5-7-5-4-5-6-5-5-5-5-5-5	6-6-7-2-3-6-3-6-5-7-2-6	2-5-3-3-2-2-4-5-4-3-6-4	3-6-6-2-3-3-5-2-4-6-6-2	2-6-6-2-3-4-6-5-6-5-3-2	2-3-3-3-5-2-6-4-5-5-6-4	4-4-7-3-3-5-5-5-5-5-6-5	10-2-2-4-5-0-7-3-3-5-3-0	4-3-3-6-5-3-4-4-4-6-5-4	4-2-5-6-9-2-3-5-1-3-4-2	0-5-4-7-6-4-4-3-3-3-3-3	3-3-3-4-2-5-3-6-0-6-5-2
380	6	5-5-5-6-6-5-7-6-6-5-5-5	5-5-5-2-6-5-6-5-7-5-8-5	2-6-7-7-6-8-7-8-7-6-5-6	7-5-7-7-6-8-6-2-9-5-5-8	8-5-8-6-3-4-5-7-5-6-7-8	7-8-7-6-7-6-5-7-5-5-5-7	7-5-4-6-3-5-5-7-5-2-7-3	4-6-6-6-7-7-5-6-3-5-6-6	5-3-3-5-6-6-6-7-6-5-6-6	11-6-6-5-6-5-7-5-3-3-5-6	6-3-5-5-5-5-8-6-4-6-7-4	1-3-6-10-6-6-3-5-6-5-6-6
380	7	7-7-5-5-6-5-6-7-6-7-7-5	6-4-5-7-6-4-8-7-6-5-6-5	8-7-6-8-8-3-8-8-6-7-8-8	6-6-6-6-7-7-6-9-10-5-7-8	9-0-6-10-8-8-8-8-5-7-6-6	8-14-10-3-6-9-8-6-5-5-13-6	8-7-5-3-8-7-5-7-5-7-6-3	4-7-3-8-8-7-5-9-3-7-6-3	7-3-3-9-6-3-6-6-6-5-6-7	6-7-5-6-7-7-6-5-7-3-7-9	6-3-5-5-4-11-4-3-0-6-6-3	1-7-7-6-6-7-8-0-1-7-1-7
380	8	8-8-8-8-8-6-8-8-6-5-9-10	7-9-11-7-6-10-7-9-6-5-6-7	7-7-7-7-7-7-7-7-9-7-9-7	7-8-9-7-7-6-6-7-7-9-7-7	7-0-6-7-7-9-7-7-9-8-7-6	7-6-9-8-11-7-9-8-8-8-11-8	7-13-8-0-7-8-9-9-8-10-6-9	8-7-6-7-7-7-9-6-3-8-6-0	8-3-7-7-8-3-14-6-6-8-6-9	6-6-8-14-7-7-6-11-7-3-14-7	0-8-8-8-14-7-6-13-3-6-6-3	11-7-7-6-12-10-7-0-11-13-8-14
380	9	9-8-8-9-9-10-8-9-10-9-8-8	11-8-8-7-6-8-11-8-10-5-10-10	9-10-10-7-9-10-10-9-9-7-8-10	10-9-11-10-7-10-8-7-6-8-7-9	7-10-6-7-12-8-10-10-8-10-9-6	10-10-8-9-9-7-8-8-8-8-1-8	9-8-8-10-9-11-8-10-7-7-9-8	9-7-12-8-8-10-8-7-3-9-9-11	11-11-11-7-10-6-11-11-6-3-7-8	6-9-6-10-10-7-10-8-7-11-9-7	11-9-9-5-8-10-11-9-9-6-6-3	10-7-10-9-9-9-7-14-11-9-1-8
380	10	10-11-10-10-11-10-11-10-10-9-11-10	9-11-8-7-12-12-9-9-9-5-9-9	9-9-9-7-7-9-9-9-9-7-11-9	9-9-9-9-7-9-11-7-7-11-11-9	7-9-6-7-9-11-9-9-11-9-6-6	9-6-8-9-8-7-11-10-10-8-2-10	7-11-12-9-9-10-13-9-10-8-9-13	5-7-7-6-10-9-11-10-9-10-9-9	9-9-11-9-8-12-9-9-11-3-7-8	6-6-10-11-11-9-9-8-7-9-9-7	9-11-11-10-7-9-9-9-9-6-6-3	8-13-9-9-9-13-7-9-11-9-12-8
380	11	10-10-12-10-11-10-10-14-10-10-10-12	9-10-8-7-10-10-9-11-10-5-12-9	12-12-12-14-12-9-12-12-11-7-10-11	11-9-11-12-12-12-10-13-10-10-10-9	12-9-11-7-9-10-12-12-10-12-12-11	12-12-12-11-8-12-10-6-10-8-12-11	12-10-5-9-8-9-10-12-10-12-12-12	13-12-14-12-12-9-10-6-11-9-11-9	9-9-9-12-9-3-9-12-10-9-11-8	6-12-6-10-12-7-11-8-12-9-12-7	9-10-10-5-5-11-9-9-9-12-11-3	8-12-9-11-11-11-7-9-13-9-8-8
380	12	12-12-12-12-14-14-12-10-12-12-12-12	12-13-13-7-13-10-13-11-12-13-11-9	11-11-11-11-11-9-11-11-11-13-11-11	12-9-12-11-11-11-13-7-13-12-13-9	11-9-11-11-9-12-11-11-13-12-11-11	12-12-13-12-13-9-11-12-12-12-11-11	11-12-13-9-13-12-10-11-12-12-11-13	13-11-9-11-11-9-12-12-11-12-11-9	11-9-9-11-10-10-9-11-11-12-11-7	12-11-12-11-11-7-11-12-11-9-11-7	9-10-10-5-7-9-9-9-9-11-11-3	8-11-9-11-11-12-7-9-12-11-10-8
380	13	14-13-14-14-12-14-14-14-14-14-14-14	14-12-12-14-12-14-14-14-14-14-14-14	9-13-14-11-11-14-13-14-14-12-14-13	14-9-13-13-7-11-13-7-12-13-12-11	7-9-11-7-9-12-14-13-12-13-11-11	11-11-12-13-12-11-12-14-12-12-7-14	14-8-12-13-14-13-10-13-12-13-9-10	12-12-10-13-11-13-10-6-13-14-11-9	13-9-14-11-11-12-13-13-12-13-11-8	14-14-13-10-11-7-11-14-13-9-11-7	14-10-10-5-13-14-9-13-13-14-13-13	14-14-13-13-13-10-13-9-12-13-13-8
380	14	14-14-14-14-14-14-13-14-14-13-14-14	13-12-14-13-14-13-13-13-13-14-13-13	9-13-14-11-14-13-14-14-13-14-13-13	13-14-13-14-14-14-13-14-14-14-14-9	14-9-14-14-9-14-13-14-14-14-7-11	14-14-14-14-14-9-14-14-14-14-14-13	13-14-14-14-13-14-14-13-14-13-13-14	14-14-11-14-14-9-5-6-13-13-13-9	13-14-13-14-2-14-14-13-14-3-7-13	13-13-14-14-14-7-14-13-13-14-14-14	13-14-10-5-8-13-9-13-14-13-14-14	13-13-14-13-13-14-14-9-14-14-14-8
381	0	0-0-0-0-0-0-0-0-0-0-0-0	0-0-0-0-0-0-0-0-0-0-0-0	0-0-0-0-0-0-0-0-0-0-0-0	0-0-0-0-0-0-0-0-0-0-0-0	0-0-0-0-0-0-0-0-0-0-0-0	0-0-0-0-0-0-0-0-0-0-0-0	0-0-0-0-0-0-0-0-0-0-0-0	0-0-0-0-0-0-0-0-0-0-0-0	0-0-0-0-0-0-0-0-0-0-0-0	0-0-0-0-0-0-0-0-0-0-0-0	0-0-0-0-0-0-0-0-0-0-0-0	0-0-0-0-0-0-0-0-0-0-0-0
381	1	1-1-1-1-0-1-1-1-1-0-1-1	1-0-0-1-0-1-1-0-1-1-1-0	3-1-3-0-1-1-2-2-1-0-2-2	2-1-1-1-1-2-0-1-1-0-0-10	0-11-6-0-1-0-2-1-0-1-1-1	0-2-0-0-0-1-0-1-0-0-0-2	0-0-0-11-2-1-0-2-0-0-11-0	1-1-0-2-0-1-0-1-0-1-1-1	0-1-0-1-1-1-11-1-0-1-1-0	0-1-1-0-3-1-0-1-1-3-3-0	1-1-1-0-1-1-1-11-11-1-1-1	1-1-1-1-1-1-1-1-1-1-0-0
381	2	2-2-2-2-2-2-2-3-3-3-3-2	3-3-3-2-3-3-2-3-3-3-3-3	2-3-4-3-3-3-3-2-4-3-4-3	3-1-3-3-1-1-3-3-2-3-2-1	2-1-2-6-3-2-2-2-2-3-6-1	3-3-3-2-3-3-2-4-2-2-10-1	2-2-2-2-1-2-3-3-2-3-3-2	2-2-2-2-2-1-2-3-2-3-2-11	2-3-2-2-2-3-10-1-3-2-2-3	2-2-3-4-3-2-2-3-1-6-2-2	3-3-3-4-3-11-4-2-1-2-3-2	3-2-2-1-3-3-2-3-2-2-4-3
381	3	2-2-2-2-2-2-2-2-2-2-2-2	2-2-2-4-2-2-2-2-2-2-2-2	5-2-2-2-5-2-4-4-2-2-3-4	4-1-2-2-3-4-2-6-4-2-4-1	5-1-4-4-2-3-4-4-3-2-2-3	2-2-2-2-2-6-3-2-2-3-3-4	3-2-2-1-3-2-2-2-2-2-4-3	3-3-4-3-3-2-2-4-3-2-4-2	3-2-3-3-4-2-2-1-2-3-4-2	3-3-2-2-2-4-3-2-1-1-1-3	2-2-2-2-2-2-2-2-1-3-2-3	2-3-3-3-2-2-3-2-2-2-2-2
381	4	2-2-2-2-2-2-2-2-2-2-2-2	2-2-2-3-2-2-5-5-4-5-3-4	3-5-2-2-3-9-3-5-2-6-2-3	3-5-5-5-3-3-2-3-3-2-3-1	3-1-3-3-5-3-5-3-4-2-2-3	9-6-6-2-4-3-5-2-5-4-9-4	8-4-2-1-5-4-5-5-4-2-3-7	2-3-3-5-4-5-4-6-7-4-3-2	4-9-4-4-3-2-9-3-2-4-3-2	4-3-4-2-2-3-3-4-1-5-4-3	9-5-2-2-4-4-2-4-8-5-2-4	2-4-4-5-2-2-3-2-2-2-2-2
381	5	5-5-5-5-2-2-2-5-2-2-2-2	2-7-6-3-2-2-4-6-4-4-2-6	3-4-4-3-3-4-6-7-2-7-6-6	4-4-4-4-3-3-2-3-6-6-7-1	3-1-3-3-4-7-4-3-4-2-7-3	2-5-4-2-2-3-6-6-4-5-8-5	3-5-2-2-4-5-4-6-5-2-3-4	6-3-3-4-3-5-5-4-6-6-2-2	5-4-4-4-5-2-2-3-2-4-6-2	4-3-5-7-2-3-6-4-1-4-1-3	2-4-9-2-6-5-2-4-1-6-4-6	2-4-3-4-2-2-3-2-6-2-2-2
381	6	7-2-6-6-2-2-6-2-8-2-2-6	2-9-5-3-2-2-2-8-2-4-2-5	3-6-6-3-7-4-5-8-2-4-7-5	4-5-7-7-3-4-8-3-7-5-5-1	3-1-1-3-4-5-6-6-7-2-2-3	3-4-4-2-6-3-7-5-6-6-7-4	4-5-5-1-4-6-7-5-6-7-1-4	5-3-3-5-4-2-9-4-5-5-2-2	7-2-5-4-6-2-2-1-6-10-5-2	7-3-6-5-6-6-5-7-6-2-8-3	4-5-7-2-5-2-2-4-1-5-2-5	2-4-3-3-2-2-3-2-5-2-7-7
381	7	6-2-6-6-2-8-6-2-6-7-2-7	2-5-5-3-9-2-2-6-9-9-7-8	3-7-8-3-6-5-8-5-6-5-6-7	8-5-6-8-3-4-8-3-6-5-5-1	8-1-3-8-4-5-8-6-6-7-5-3	4-7-8-2-6-3-6-7-6-7-3-8	4-7-5-1-4-6-6-6-5-6-3-4	9-3-3-8-7-1-6-4-4-6-9-2	6-2-4-4-6-7-1-1-9-9-7-7	6-3-7-5-9-9-7-6-1-1-1-3	7-4-6-2-6-8-8-4-1-4-9-4	7-9-7-7-2-2-3-8-5-7-6-6
381	8	8-13-8-8-11-8-6-8-6-8-8-7	2-6-5-3-2-7-10-9-7-4-9-7	3-9-10-10-7-7-9-10-9-10-9-9	7-10-9-7-10-10-7-7-10-5-5-3	7-6-3-9-4-5-7-6-9-9-7-3	4-5-7-9-8-2-6-7-8-8-3-7	3-9-11-1-4-8-6-6-8-6-8-4	2-8-3-7-7-1-6-4-4-8-9-2	4-2-4-4-4-7-2-1-7-10-8-7	9-3-8-7-9-7-6-13-8-1-6-3	4-7-10-2-6-7-8-4-4-4-7-4	7-4-7-7-2-2-9-7-5-7-6-9
381	9	9-7-10-10-11-6-2-2-9-2-9-6	2-5-5-9-7-2-8-8-7-4-10-7	10-8-11-11-10-4-10-10-8-8-8-8	10-10-10-8-11-11-5-11-7-5-5-1	10-1-9-10-4-5-10-10-7-8-10-9	4-9-10-8-8-10-5-10-8-8-4-11	11-8-8-1-10-9-6-10-8-9-4-4	7-9-15-10-7-8-6-9-4-8-8-2	4-4-4-11-9-7-4-1-7-7-9-7	8-4-9-6-10-7-10-6-10-2-9-9	4-4-5-6-6-9-2-4-1-9-7-4	7-7-9-11-2-2-8-2-5-9-2-8
381	10	10-10-10-10-10-10-10-10-10-11-10-10	10-12-11-9-12-2-8-11-7-11-9-11	9-10-8-8-9-12-11-8-8-11-11-11	9-9-9-9-9-9-12-9-11-8-11-1	9-1-9-9-4-11-9-9-11-8-9-9	2-9-9-10-14-9-11-10-10-10-14-9	2-10-11-1-11-10-15-9-8-13-4-11	10-9-9-9-9-12-11-9-4-14-2-2	9-10-11-9-6-7-2-1-7-6-6-10	8-3-10-11-9-7-9-6-9-2-9-11	11-5-8-13-2-14-11-4-1-4-7-10	11-4-7-9-2-2-8-2-2-2-6-13
381	11	10-12-10-11-11-10-11-11-11-10-12-11	12-10-10-9-10-11-12-13-11-10-9-13	9-10-9-9-12-12-10-12-11-10-10-10	11-11-12-12-9-9-10-9-10-12-10-1	9-1-1-12-4-10-10-9-10-8-13-9	2-9-9-8-10-9-10-10-10-11-10-9	9-10-8-1-10-10-6-12-8-11-1-10	10-9-9-10-7-11-10-9-4-11-15-2	6-11-10-9-9-7-1-12-7-8-9-14	9-3-10-12-12-10-11-6-11-1-1-10	10-7-10-11-11-2-10-1-1-9-7-11	10-10-7-9-2-2-3-2-14-7-2-11
381	12	13-14-15-15-14-13-12-15-13-12-13-13	13-10-10-13-13-13-14-13-13-14-13-13	12-12-14-13-11-14-12-13-13-13-14-12	13-13-11-11-12-13-13-9-11-11-10-13	9-14-14-11-13-10-13-13-11-8-11-9	14-13-9-13-10-14-11-13-10-10-14-14	13-11-12-14-13-9-11-11-8-14-13-13	10-9-14-13-7-13-10-9-13-10-13-12	13-14-14-9-13-13-13-11-7-12-13-11	13-12-9-11-11-7-11-15-14-13-13-9	14-2-14-11-11-15-14-12-13-15-7-12	13-11-12-13-13-14-8-15-5-14-2-2
381	13	12-15-12-12-12-12-12-11-12-12-12-12	12-10-12-12-12-12-12-14-12-12-12-12	12-14-12-12-14-15-12-12-12-14-12-14	12-12-12-11-14-12-12-9-14-11-13-12	14-12-12-14-12-13-14-14-14-13-11-9	13-12-13-12-10-9-13-13-11-11-4-11	12-14-8-12-10-9-14-15-8-12-14-14	14-9-12-12-14-12-10-9-12-10-12-12	12-12-12-9-12-12-12-12-8-13-13-7	12-14-9-12-12-13-12-8-12-12-12-10	12-14-13-11-11-12-12-12-12-14-7-15	12-13-12-12-12-2-8-12-5-12-2-10
381	14	12-12-12-12-12-15-12-12-15-15-15-12	12-10-12-12-12-12-12-13-12-12-12-12	12-13-12-12-13-13-14-15-12-13-12-13	13-14-11-11-13-14-14-9-13-11-13-12	13-12-12-13-12-13-13-13-13-15-13-9	13-9-14-12-10-15-13-13-14-10-10-14	12-14-8-12-10-14-13-14-8-12-14-13	13-14-12-14-13-12-6-9-12-10-14-12	14-12-12-14-14-7-12-11-7-14-13-11	13-13-14-11-11-13-13-15-12-12-14-9	12-13-13-11-11-10-12-12-12-13-7-13	12-13-12-12-14-12-8-12-5-14-2-10
381	15	15-15-15-12-15-15-12-12-15-15-15-15	12-12-15-12-12-12-13-13-12-15-12-12	14-13-12-12-15-13-14-14-12-15-14-13	14-15-14-13-15-15-12-9-13-15-15-12	13-12-15-15-15-15-14-14-15-15-13-9	15-15-15-15-15-14-15-15-15-15-15-14	12-15-15-15-10-15-10-13-15-15-14-13	15-14-9-15-15-12-10-9-9-12-12-15	14-15-15-15-13-15-15-9-15-12-15-7	12-12-15-15-15-7-15-12-15-15-15-15	15-15-15-15-11-12-12-12-15-12-7-13	12-4-15-12-14-15-15-12-15-15-15-15
382	0	0-0-0-0-0-0-0-0-0-0-0-0	0-0-0-0-0-0-0-0-0-0-0-0	0-0-0-0-0-0-0-0-0-0-0-0	0-0-0-0-0-0-0-0-0-0-0-0	0-0-0-0-0-0-0-0-0-0-0-0	0-0-0-0-0-0-0-0-0-0-0-0	0-0-0-0-0-0-0-0-0-0-0-0	0-0-0-0-0-0-0-0-0-0-0-0	0-0-0-0-0-0-0-0-0-0-0-0	0-0-0-0-0-0-0-0-0-0-0-0	0-0-0-0-0-0-0-0-0-0-0-0	0-0-0-0-0-0-0-0-0-0-0-0
382	1	0-1-0-0-0-1-0-0-0-0-1-0	1-1-0-1-1-0-0-0-0-0-2-0	2-2-0-0-1-2-2-0-0-0-0-3	2-0-0-0-0-0-0-0-1-2-0-2	0-0-10-0-0-0-2-0-0-0-1-0	0-2-0-0-0-0-1-0-0-1-0-2	0-0-0-2-1-0-0-2-1-0-0-0	1-0-0-1-0-0-0-0-1-2-0-0	0-10-0-1-0-0-1-1-1-0-1-0	0-0-1-0-0-0-0-0-4-1-0-0	0-0-0-0-0-1-0-0-0-1-0-0	0-0-1-2-0-0-0-0-0-0-1-0
382	2	2-2-3-2-2-2-2-2-2-2-2-2	1-2-2-2-1-0-1-2-2-0-3-1	1-1-3-3-3-1-3-3-0-3-7-2	3-3-3-3-3-3-0-5-2-1-3-1	3-0-3-4-1-2-3-3-2-2-4-3	3-5-2-2-2-0-3-3-0-0-11-1	4-4-0-1-1-0-2-1-0-2-3-0	0-2-3-2-2-1-2-3-2-1-3-0	0-1-0-2-0-0-1-1-4-4-2-2	3-2-1-0-3-3-4-2-1-1-3-3	0-2-0-0-0-1-0-0-0-2-2-2	0-2-5-1-5-0-2-0-0-0-3-2
382	3	3-3-2-3-3-3-3-3-3-3-3-3	4-3-2-2-3-4-4-3-3-4-2-3	1-1-2-2-2-8-4-2-1-5-4-4	2-4-4-2-2-2-3-2-2-3-2-2	2-0-2-2-4-2-4-2-3-3-2-2	2-2-5-4-3-0-4-2-3-3-13-5	2-3-3-3-4-3-3-3-3-4-2-6	3-2-2-4-3-1-3-5-6-3-5-0	3-0-3-3-6-5-3-4-0-3-2-4	2-3-1-0-3-2-4-4-1-0-2-2	7-4-3-0-3-3-0-3-6-9-2-3	5-3-1-4-3-3-2-0-2-4-2-5
382	4	4-4-4-4-4-4-4-4-4-4-4-4	3-4-4-2-3-4-3-5-3-3-2-5	1-3-3-2-5-3-5-6-5-6-5-5	2-3-5-3-2-2-5-2-4-5-6-2	2-7-2-2-3-5-3-5-3-7-2-2	2-8-3-3-3-1-5-8-3-4-4-4	2-2-5-3-3-6-5-5-4-3-2-3	5-2-2-3-4-4-4-3-5-5-0-0	4-1-3-3-4-3-0-3-5-2-5-3	3-5-4-6-3-4-5-3-1-3-0-5	0-3-8-4-5-3-0-8-3-5-2-5	0-3-2-3-2-7-2-4-8-3-4-7
382	5	6-5-5-5-5-5-5-5-7-5-5-5	5-8-4-2-7-6-7-7-3-3-6-4	1-5-3-4-6-3-4-8-7-3-6-4	3-4-6-6-2-7-5-2-6-4-4-1	2-0-2-8-3-4-5-6-6-3-1-1	2-2-3-3-5-1-6-4-5-5-5-3	2-4-4-1-3-5-8-4-5-5-2-3	4-2-2-4-3-0-8-3-4-4-3-0	6-1-4-3-5-3-0-3-5-5-4-4	2-4-5-8-4-5-4-6-0-0-4-4	0-3-6-6-4-4-0-8-0-4-2-4	3-3-12-3-7-5-2-0-4-4-6-6
382	6	5-4-5-6-6-7-5-6-5-6-8-5	7-5-4-2-6-5-4-5-7-8-6-7	3-6-7-2-7-4-7-4-5-4-5-6	7-7-5-7-7-3-7-2-5-4-4-2	2-4-2-10-0-4-7-5-8-6-7-2	2-2-3-3-5-0-5-6-5-6-5-7	2-2-4-1-3-4-5-5-5-5-2-3	4-2-3-3-7-0-5-7-3-4-8-0	3-1-3-3-3-8-1-7-8-7-6-8	8-3-6-4-8-15-5-5-1-0-0-4	6-7-5-5-5-7-0-3-3-3-8-3	6-8-6-3-6-6-6-7-4-7-5-5
382	7	7-8-7-7-7-7-5-9-5-9-7-6	9-8-4-2-5-6-10-8-6-6-8-6	1-7-9-9-8-6-8-10-9-9-8-8	6-8-8-6-9-9-6-13-6-5-4-2	2-4-2-8-0-4-8-5-6-10-6-2	2-4-8-8-7-0-5-6-7-7-5-9	2-7-7-1-3-8-5-4-10-9-7-9	4-7-11-6-6-9-5-6-3-7-8-0	3-1-3-3-3-6-1-6-6-6-7-6	8-3-6-6-8-6-5-9-7-0-1-7	6-6-6-0-8-6-0-4-3-3-6-3	6-3-6-3-6-6-8-6-4-6-5-5
382	8	8-10-5-7-8-7-5-8-9-7-6-8	6-5-4-2-6-6-11-7-8-6-9-7	11-9-10-7-7-3-9-9-9-6-9-7	9-10-9-9-10-10-6-2-6-7-7-9	10-0-11-7-3-2-9-9-6-11-10-9	2-9-9-9-7-9-4-4-5-7-12-9	3-7-7-8-9-8-5-9-7-8-9-8	3-7-7-9-9-9-5-8-3-9-8-0	9-0-3-9-8-6-8-9-6-6-8-6	7-3-8-5-9-6-5-5-9-9-10-8	3-6-6-0-7-8-0-4-5-3-6-8	6-6-8-8-11-6-7-0-4-6-5-5
382	9	9-9-9-9-9-9-9-9-9-9-9-9	10-10-9-2-10-7-8-10-6-9-8-10	15-8-7-7-6-9-8-8-10-10-10-7	8-9-10-8-7-8-9-2-10-10-10-8	8-0-12-8-12-11-8-8-9-7-8-8	8-8-11-8-9-8-10-9-9-7-5-9	2-11-9-0-10-9-10-10-7-7-8-9	4-7-7-10-9-8-13-8-3-9-8-0	8-1-3-8-11-12-0-8-10-5-9-10	8-8-9-9-8-8-10-11-10-8-14-8	10-6-5-11-10-8-0-11-0-10-6-8	9-6-6-10-8-8-10-9-7-11-9-10
382	10	10-10-10-9-10-11-10-10-10-10-10-10	11-9-9-12-9-11-7-9-6-11-8-11	11-10-8-7-7-9-11-13-9-9-11-11	8-11-11-6-7-8-9-2-11-11-11-0	8-0-8-11-0-9-11-10-11-7-8-8	6-8-9-8-10-8-11-11-10-10-6-8	2-9-10-1-11-10-11-11-7-10-0-10	10-8-7-9-9-11-9-10-3-10-8-0	8-1-9-9-10-6-0-9-9-10-10-9	11-10-10-11-8-11-11-11-9-14-8-9	9-9-10-9-9-12-0-11-0-9-6-3	10-11-6-9-8-9-9-14-4-11-5-9
382	11	10-11-9-11-10-10-10-10-10-12-10-15	10-9-10-10-11-11-8-10-12-10-12-10	12-11-12-7-12-12-10-12-12-9-10-10	12-12-10-11-7-12-10-2-10-10-10-12	2-11-8-10-13-9-10-10-10-12-11-11	12-12-9-8-11-13-10-10-10-10-2-13	2-9-10-12-12-10-10-10-7-10-13-13	10-8-12-12-11-13-9-11-3-11-13-12	13-11-15-9-9-9-12-11-6-11-8-6	11-12-8-10-11-10-10-10-13-11-11-8	11-3-10-9-7-15-15-10-11-11-6-11	11-10-11-11-8-11-7-11-4-11-4-9
382	12	13-13-12-13-14-15-13-13-15-13-13-13	13-13-13-13-13-13-13-13-13-13-13-13	11-12-13-13-13-13-13-13-13-13-11-13	11-11-13-13-12-11-13-14-12-13-12-11	14-11-12-14-12-12-12-12-13-13-13-11	12-11-13-13-12-8-12-13-13-12-8-12	12-12-13-12-11-12-13-13-13-14-15-15	12-8-13-11-12-11-9-14-3-11-11-12	12-11-12-12-15-13-15-11-15-15-9-13	13-13-13-12-13-13-14-14-11-11-11-13	12-13-15-12-13-13-11-13-11-12-13-11	13-13-12-11-12-13-7-13-12-12-9-14
382	13	12-12-12-12-12-12-12-12-12-12-12-12	12-12-12-12-12-12-12-12-12-12-12-12	15-13-14-15-13-12-12-12-12-14-13-12	12-12-12-12-13-13-12-14-12-12-13-11	14-0-14-14-11-13-13-13-12-12-12-13	12-11-12-13-10-11-13-12-12-12-3-12	13-9-12-11-11-12-12-12-12-12-13-11	12-13-12-13-13-11-9-11-14-11-11-11	11-11-11-8-15-12-11-11-6-12-13-12	12-12-12-12-11-12-13-12-11-11-11-14	12-12-12-12-12-12-0-12-0-13-12-11	12-12-11-11-12-12-13-12-4-12-5-9
382	14	12-12-12-12-12-12-12-12-12-12-15-12	12-12-12-12-12-12-12-14-12-12-14-15	14-13-13-12-14-12-14-14-15-13-15-14	15-14-15-14-13-13-15-12-12-12-14-14	12-15-14-13-15-13-15-15-12-14-12-14	14-12-13-14-12-15-13-12-12-12-0-14	14-12-12-15-14-14-12-12-10-12-15-14	12-13-12-13-13-15-12-12-13-11-14-14	12-14-12-14-13-14-15-11-12-12-13-12	14-12-8-15-12-12-12-14-11-12-15-13	15-12-12-15-15-12-15-14-15-12-12-14	15-12-14-12-14-12-12-12-12-12-9-12
382	15	15-15-12-12-15-12-14-15-12-12-14-12	12-12-12-12-12-12-14-14-14-15-14-14	13-14-15-13-15-15-15-14-14-15-14-14	14-14-14-14-15-15-14-15-12-15-15-11	12-14-15-15-14-15-14-14-15-15-12-8	15-15-13-12-15-8-15-15-15-15-15-14	11-15-15-15-12-15-12-14-15-15-14-12	15-13-13-12-15-14-9-11-13-11-14-14	14-11-11-15-13-12-15-12-15-12-13-9	12-15-15-14-15-6-15-12-11-15-14-15	14-12-12-14-14-11-11-14-15-12-12-15	12-15-15-12-12-15-15-12-15-15-15-9
383	0	0-0-0-0-0-0-0-0-0-0-0-0	0-0-0-0-0-0-0-0-0-0-0-0	0-0-0-0-0-0-0-0-0-0-0-0	0-0-0-0-0-0-0-0-0-0-0-0	0-0-0-0-0-0-0-0-0-0-0-0	0-0-0-0-0-0-0-0-0-0-0-0	0-0-0-0-0-0-0-0-0-0-0-0	0-0-0-0-0-0-0-0-0-0-0-0	0-0-0-0-0-0-0-0-0-0-0-0	0-0-0-0-0-0-0-0-0-0-0-0	0-0-0-0-0-0-0-0-0-0-0-0	0-0-0-0-0-0-0-0-0-0-0-0
383	1	0-1-0-0-0-1-0-0-0-1-1-1	2-1-0-0-0-1-1-2-2-0-0-0	2-2-2-0-0-0-0-0-0-0-0-1	2-0-2-0-1-0-2-1-1-0-0-8	0-8-8-1-2-0-2-0-2-0-1-0	2-1-0-0-0-0-1-0-0-0-0-0	1-0-0-2-2-1-0-0-1-0-1-0	1-0-0-1-1-2-0-1-1-1-0-0	2-8-2-1-0-0-2-5-0-1-1-1	1-1-1-2-1-0-0-0-4-2-8-0	0-1-0-0-0-0-0-0-8-1-1-1	1-1-1-1-1-0-1-0-0-0-1-0
383	2	2-2-2-2-2-2-2-2-2-2-2-2	1-1-0-2-0-2-1-1-1-1-3-1	4-1-1-3-4-3-3-3-0-3-7-2	3-0-1-4-3-3-1-5-3-4-3-1	3-0-1-3-1-2-3-3-1-4-2-2	5-3-2-2-2-4-2-3-2-2-9-2	2-2-2-1-1-1-3-3-0-2-3-2	2-2-3-2-2-1-0-3-1-2-2-0	1-1-1-2-3-3-1-1-1-2-2-3	2-2-2-1-3-3-2-2-1-1-1-3	0-1-3-0-3-0-0-0-1-2-2-1	1-2-2-1-0-2-2-0-3-0-0-2
383	3	3-3-2-3-3-3-3-3-3-3-3-3	5-3-3-2-3-3-2-3-3-4-2-3	2-4-2-2-2-6-2-4-6-4-4-4	4-4-1-2-2-2-4-2-2-3-2-1	2-1-2-2-4-2-4-4-4-3-5-2	2-5-5-10-3-2-4-2-3-3-10-3	2-3-3-3-4-3-2-3-3-4-2-3	3-2-2-4-3-1-4-4-10-6-5-0	3-6-3-3-2-5-1-4-0-3-2-2	4-3-3-4-2-2-4-2-4-1-2-2	3-3-3-0-4-3-0-4-3-4-4-3	1-3-1-1-3-3-3-3-2-2-2-2
383	4	4-4-4-4-5-3-4-4-4-4-4-4	5-4-6-2-6-6-3-7-3-3-2-5	2-1-2-0-2-3-5-3-6-3-5-5	3-3-2-2-2-2-3-2-5-5-3-1	2-0-1-4-3-6-3-3-3-2-2-2	3-3-3-3-4-2-3-4-3-4-2-4	2-3-4-1-3-4-3-5-4-3-2-3	2-2-3-5-5-1-5-3-3-5-3-0	4-1-3-3-9-4-5-3-6-4-2-3	3-3-4-4-2-2-3-4-5-3-1-2	6-3-6-0-3-4-0-3-3-3-5-3	6-5-2-1-3-4-3-4-9-8-5-4
383	5	4-5-5-4-4-5-5-5-5-6-5-4	3-6-4-2-5-6-2-6-6-6-2-4	2-5-7-6-2-3-4-7-6-6-6-4	3-5-6-2-2-3-6-2-6-4-7-1	2-0-1-6-3-4-6-5-6-3-3-2	2-3-3-0-5-2-6-6-5-5-5-4	3-3-5-1-3-5-6-6-5-5-2-6	9-2-4-4-4-1-4-3-3-4-3-0	4-1-6-3-7-4-4-1-10-5-7-11	4-3-5-4-2-9-4-5-4-1-1-2	4-6-4-0-6-0-4-0-1-3-4-3	4-4-2-1-4-5-3-4-6-4-4-6
383	6	5-5-4-7-4-6-4-6-5-4-5-5	7-5-4-2-4-5-8-3-5-5-7-4	9-7-8-8-7-3-7-7-6-3-5-7	6-7-5-6-7-7-5-8-5-5-3-1	7-1-6-7-3-4-7-7-5-7-7-7	7-7-7-3-5-7-5-5-5-5-7-6	2-5-5-1-3-3-5-7-5-5-7-9	5-7-6-7-7-6-5-9-3-3-6-0	7-3-5-3-10-6-1-7-4-7-7-6	7-3-4-6-7-6-6-5-7-1-7-7	4-5-4-0-5-9-0-0-1-9-6-3	4-6-6-6-8-4-4-6-4-6-5-5
383	7	7-7-7-7-4-7-7-7-7-8-7-7	6-10-10-7-8-6-6-8-5-5-6-8	6-7-6-6-6-3-8-9-9-8-8-6	6-6-6-6-6-6-5-6-7-5-9-1	6-1-1-6-3-8-6-6-7-7-6-6	6-6-6-7-10-6-8-7-3-7-6-7	1-7-4-1-8-7-11-6-5-10-6-6	7-6-6-6-6-1-10-7-3-10-6-0	6-1-3-3-5-7-5-6-8-6-5-7	7-2-7-8-6-8-6-5-6-3-6-8	8-5-4-7-11-0-0-11-6-3-6-7	7-6-6-1-6-4-8-4-4-6-9-9
383	8	7-10-7-8-8-7-8-9-8-7-9-8	8-7-7-9-7-9-8-10-10-7-9-7	6-7-6-6-9-10-7-5-9-7-7-10	8-9-9-10-6-6-5-6-9-9-7-1	6-1-1-9-1-7-9-6-9-8-9-6	2-6-9-11-7-2-7-7-8-8-6-8	1-7-8-1-7-7-5-9-8-8-6-7	5-6-6-6-3-1-7-6-3-8-11-0	6-1-3-3-3-7-1-9-7-8-7-10	3-3-7-9-6-2-8-5-8-1-1-7	4-5-4-9-9-8-11-0-1-6-8-3	7-7-6-1-6-4-8-8-4-4-7-8
383	9	7-8-8-8-9-7-11-8-7-7-11-11	8-7-7-8-7-10-10-11-10-10-8-11	6-10-10-10-8-9-10-10-8-7-8-8	10-10-10-8-6-9-10-6-8-8-7-9	6-9-11-8-10-7-10-10-8-10-8-8	9-9-8-9-7-11-10-7-8-5-2-10	10-8-5-10-9-10-5-8-8-11-9-6	5-7-10-9-9-9-7-6-9-7-9-9	10-10-11-8-10-10-9-9-5-9-7-8	9-9-9-9-8-5-6-5-9-9-10-6	9-5-4-8-8-11-9-10-10-6-8-9	10-7-9-10-9-9-9-9-4-5-7-7
383	10	8-8-11-7-4-11-11-8-7-11-10-10	8-7-7-10-7-9-9-8-8-9-8-9	11-9-9-9-10-11-9-9-8-10-8-8	9-9-9-8-10-10-9-6-8-8-10-9	10-9-9-5-9-10-9-9-9-9-8-6	10-9-8-10-7-9-9-10-8-5-3-9	9-7-5-9-9-9-5-7-8-10-9-3	3-10-9-10-10-9-7-11-3-7-9-0	9-9-3-10-6-8-9-9-5-6-10-8	9-9-9-9-10-10-10-5-9-9-9-6	9-3-4-8-8-0-0-9-9-10-8-3	9-6-6-9-9-9-10-9-4-6-11-7
383	11	11-11-11-11-11-11-11-11-11-11-11-11	8-7-11-10-11-9-9-9-10-11-8-9	9-11-9-10-11-10-11-11-9-11-11-11	10-11-11-11-11-11-5-6-11-11-11-9	11-9-9-11-11-11-10-11-11-11-2-6	11-11-11-11-11-9-11-11-11-11-11-10	10-11-11-11-7-11-7-11-11-9-11-11	11-11-6-11-11-10-7-3-9-9-8-11	9-11-11-11-10-11-11-6-11-6-10-5	9-11-11-11-11-5-11-10-11-11-11-11	11-11-4-11-7-9-11-11-11-11-11-11	11-11-11-9-9-11-11-9-11-11-11-11
384	0	0-0-0-0-0-0-0-0-0-0-0-0	0-0-0-0-0-0-0-0-0-0-0-0	0-0-0-0-0-0-0-0-0-0-0-0	0-0-0-0-0-0-0-0-0-0-0-0	0-0-0-0-0-0-0-0-0-0-0-0	0-0-0-0-0-0-0-0-0-0-0-0	0-0-0-0-0-0-0-0-0-0-0-0	0-0-0-0-0-0-0-0-0-0-0-0	0-0-0-0-0-0-0-0-0-0-0-0	0-0-0-0-0-0-0-0-0-0-0-0	0-0-0-0-0-0-0-0-0-0-0-0	0-0-0-0-0-0-0-0-0-0-0-0
384	1	1-1-1-1-1-1-1-1-1-1-1-1	1-1-1-1-1-1-2-0-0-1-2-2	4-1-0-2-2-0-2-2-0-1-2-2	0-0-0-2-2-2-0-2-2-0-1-0	1-0-0-2-0-1-2-2-0-1-0-2	8-2-1-1-1-3-2-1-1-1-8-2	0-1-1-0-1-0-1-2-1-1-2-2	1-2-2-2-1-0-1-1-0-1-0-0	0-0-0-1-2-0-0-0-1-1-2-1	0-2-1-0-2-2-4-1-1-0-0-2	0-1-1-1-1-1-0-0-0-1-1-0	0-1-1-0-0-1-1-0-1-1-1-1
384	2	2-2-1-2-2-2-2-2-2-2-2-2	3-2-1-1-2-3-1-3-2-3-1-3	1-1-0-1-1-5-1-3-0-5-1-1	3-3-0-3-1-1-2-1-1-2-4-0	1-0-1-1-3-1-3-3-3-1-3-1	5-1-4-0-2-1-1-1-2-2-1-1	0-2-2-0-3-0-2-3-2-3-1-1	2-1-1-3-1-0-2-3-6-2-2-2	2-5-2-2-1-11-0-2-2-2-1-2	2-1-0-2-1-1-2-2-2-3-0-1	2-2-2-1-2-2-2-2-0-1-3-2	2-2-3-0-0-2-1-2-1-1-1-1
384	3	3-3-3-3-3-3-3-3-3-3-3-3	2-3-3-1-3-4-2-2-2-2-1-2	1-3-3-1-1-1-4-2-4-3-4-3	2-2-4-2-1-2-3-1-4-3-2-0	1-0-0-1-2-5-2-2-2-0-2-1	1-0-2-0-2-1-4-1-3-3-1-3	0-1-3-0-2-3-2-5-3-2-1-4	3-1-1-4-1-0-3-2-4-3-0-2	3-2-2-2-3-3-0-2-3-4-1-2	4-1-3-5-1-1-1-3-4-2-0-1	2-2-5-3-5-2-4-2-0-2-4-2	6-2-2-0-4-4-1-2-3-3-3-3
384	4	4-4-4-4-4-3-4-4-4-4-4-4	5-5-3-1-5-5-6-5-3-2-4-3	1-4-0-1-1-2-3-5-5-2-5-4	2-2-5-5-1-2-5-1-5-5-2-0	1-0-0-5-2-3-5-4-5-0-2-1	1-0-2-0-6-1-5-5-4-4-4-0	0-8-4-0-2-4-5-3-4-4-0-3	4-1-1-3-1-0-4-2-3-4-0-4	4-0-2-1-4-6-0-2-5-3-6-2	3-6-4-5-1-4-8-3-3-2-0-1	6-4-11-3-4-4-3-0-0-1-3-2	4-2-2-0-3-3-1-4-4-4-5-5
384	5	3-5-4-4-4-5-4-4-6-5-4-6	4-4-4-5-4-4-7-6-6-2-8-6	8-6-7-6-6-2-6-6-4-2-4-5	6-7-4-5-7-7-4-7-4-6-2-0	7-0-5-4-2-3-6-6-4-7-9-5	6-6-6-0-4-11-4-4-4-4-6-6	11-4-4-0-2-4-4-6-4-6-6-5	4-6-1-6-5-4-4-8-2-4-5-2	6-2-2-6-5-5-0-6-4-6-5-5	3-6-3-4-6-5-5-3-5-7-6-9	2-2-4-5-3-6-2-5-0-5-5-2	6-5-5-0-6-5-1-2-4-5-4-4
384	6	6-6-6-6-6-6-7-6-6-7-6-6	7-4-6-5-8-6-5-7-5-2-5-5	5-6-8-5-5-4-7-5-4-8-7-5	5-6-5-5-5-5-7-5-7-5-7-0	5-0-0-5-2-8-5-5-6-5-5-5	5-5-5-11-4-5-7-6-4-6-5-5	0-9-6-0-2-4-8-8-4-5-5-5	6-5-6-5-5-4-8-5-2-9-7-2	5-2-2-5-6-6-0-5-6-5-4-9	6-5-6-4-5-5-5-3-7-2-5-7	7-7-4-3-7-7-7-5-0-5-7-7	6-5-5-0-5-3-7-6-4-5-6-7
384	7	7-7-6-7-7-8-6-7-7-8-7-7	6-4-8-5-10-6-5-6-7-6-5-5	5-7-5-5-5-8-6-8-8-8-8-7	5-6-8-5-5-5-8-5-8-7-8-0	5-0-0-9-2-6-8-7-7-5-5-5	5-5-5-7-8-5-8-2-7-7-5-5	0-8-6-0-8-7-8-6-7-7-5-5	9-5-6-6-6-11-4-5-2-9-6-7	11-2-6-6-7-6-11-5-6-5-6-8	6-1-7-7-5-5-5-8-7-5-11-6	6-6-7-8-8-9-6-5-0-5-6-6	11-5-5-0-11-7-6-7-7-7-6-6
384	8	7-7-6-9-8-7-6-9-7-7-7-9	7-4-7-5-7-8-10-8-10-9-5-9	8-9-9-9-5-9-9-9-7-7-7-8	9-8-10-5-5-9-7-5-7-8-7-10	5-9-10-5-10-6-9-9-7-8-5-5	9-9-5-8-8-8-9-8-6-7-1-8	9-7-6-8-9-8-7-6-7-11-9-5	7-6-9-9-5-8-6-5-8-8-10-8	10-8-8-5-5-6-9-8-6-6-5-7	9-8-8-9-5-1-5-7-9-10-8-1	9-6-7-7-7-11-9-10-10-5-6-2	8-8-8-8-9-8-8-8-4-5-4-4
384	9	11-10-10-8-9-9-9-9-9-10-9-10	7-10-7-8-7-8-8-10-11-10-5-10	8-8-8-8-5-8-8-8-8-10-10-9	8-8-8-9-5-8-9-5-10-8-10-8	5-8-8-7-8-9-8-8-10-10-5-5	8-8-5-9-8-8-8-9-9-9-5-9	8-6-6-8-8-9-10-6-9-9-8-10	7-5-8-8-9-8-4-5-8-9-8-8	8-8-8-8-9-10-8-8-11-9-7-6	8-8-6-8-5-8-8-3-8-8-8-5	8-9-7-10-8-7-8-8-8-5-10-2	8-8-8-8-8-7-8-8-7-9-9-7
384	10	7-9-11-11-10-11-9-10-10-9-11-9	10-9-7-10-7-9-8-9-8-9-11-9	11-10-11-11-10-8-9-8-7-10-9-10	8-8-8-10-10-10-8-5-9-8-9-8	10-8-8-10-8-9-11-10-9-10-10-10	8-8-10-10-7-5-10-10-7-9-7-11	8-9-9-8-9-8-4-10-9-10-10-11	10-10-11-10-10-8-6-5-8-8-8-2	8-8-8-10-8-9-8-8-9-5-10-5	8-10-8-8-10-10-10-7-8-8-8-11	8-9-10-9-7-10-8-8-8-10-6-2	9-10-10-8-10-7-10-8-4-5-7-4
384	11	11-11-10-11-11-11-11-11-11-11-11-11	10-9-11-10-11-9-10-10-9-11-10-10	10-10-10-10-11-11-11-11-8-11-11-10	10-11-11-10-11-11-9-10-11-11-11-8	10-8-11-11-11-11-10-11-9-11-10-5	11-11-10-11-11-11-11-10-11-11-11-10	10-11-11-11-9-11-11-10-11-11-11-10	11-10-10-10-11-7-6-5-10-8-8-11	9-11-11-11-10-11-11-11-11-10-11-8	8-11-11-11-11-11-11-9-11-11-11-11	11-11-4-9-7-8-11-11-11-11-11-11	11-11-11-8-6-11-11-8-11-11-11-6
385	0	0-0-0-0-0-0-0-0-0-0-0-0	0-0-0-0-0-0-0-0-0-0-0-0	0-0-0-0-0-0-0-0-0-0-0-0	0-0-0-0-0-0-0-0-0-0-0-0	0-0-0-0-0-0-0-0-0-0-0-0	0-0-0-0-0-0-0-0-0-0-0-0	0-0-0-0-0-0-0-0-0-0-0-0	0-0-0-0-0-0-0-0-0-0-0-0	0-0-0-0-0-0-0-0-0-0-0-0	0-0-0-0-0-0-0-0-0-0-0-0	0-0-0-0-0-0-0-0-0-0-0-0	0-0-0-0-0-0-0-0-0-0-0-0
385	1	1-1-1-1-1-1-1-1-1-1-1-1	1-0-1-1-0-1-1-0-1-1-0-1	3-1-2-1-0-0-0-1-0-0-2-0	2-1-2-0-1-1-1-0-0-0-1-1	0-1-1-0-1-0-2-1-2-1-0-0	1-1-0-0-1-0-2-1-0-0-0-1	1-0-0-1-1-1-0-0-0-1-1-1	1-1-0-1-1-7-0-1-1-1-1-1	1-1-1-1-1-1-3-6-1-1-1-1	1-1-1-0-1-1-0-0-5-1-1-1	1-1-1-0-0-1-3-1-1-1-1-1	1-0-1-1-1-1-1-1-1-1-1-0
385	2	2-2-2-2-2-2-2-3-2-3-3-2	2-3-3-2-3-2-3-3-3-3-3-3	2-4-1-3-4-3-3-3-4-3-3-4	1-2-3-4-2-2-3-2-3-0-2-1	3-6-3-1-3-2-3-3-1-3-0-2	12-3-0-2-1-9-3-1-3-2-12-3	3-2-3-5-2-1-4-2-2-3-12-3	3-2-6-3-3-1-4-3-2-3-3-3	6-1-2-2-4-4-6-3-4-1-3-2	3-3-3-5-6-2-3-2-1-6-2-2	3-4-3-6-10-3-6-3-3-2-4-2	5-2-2-1-3-3-4-2-3-2-2-2
385	3	2-2-2-2-2-3-2-2-2-2-2-2	2-2-2-3-2-2-2-2-2-2-4-2	1-2-4-2-5-4-4-2-4-2-2-4	4-2-4-4-5-4-2-7-2-0-4-1	5-2-2-4-2-4-4-4-2-2-4-3	2-8-4-2-1-2-2-4-2-2-5-2	2-3-2-2-2-3-0-2-0-2-2-2	2-3-4-2-2-1-0-2-2-2-2-2	2-1-2-3-2-2-1-4-2-3-2-3	2-2-2-4-4-2-2-2-1-2-2-2	2-2-2-0-2-2-1-2-2-3-2-3	1-3-6-1-2-2-2-2-2-2-2-2
385	4	5-2-2-4-4-4-2-4-4-2-2-4	2-4-2-3-4-2-2-5-4-5-3-5	9-2-3-2-3-9-3-5-2-5-5-3	3-5-3-5-3-3-4-3-2-4-3-1	3-2-2-3-5-3-5-3-4-2-3-3	2-3-6-13-4-2-5-3-4-4-9-4	10-4-4-2-5-4-2-5-4-4-3-7	4-3-3-5-4-1-2-6-13-4-2-2	4-1-4-4-8-2-1-3-2-2-2-5	5-4-4-3-3-2-3-2-4-2-1-2	4-2-2-0-0-2-1-10-5-5-2-4	4-4-2-5-4-2-2-2-3-5-3-2
385	5	5-5-5-5-5-5-5-5-5-5-5-5	2-9-6-3-4-2-4-6-4-4-3-6	3-4-3-3-3-4-6-7-2-7-6-6	4-4-6-4-3-3-6-3-6-6-7-1	3-1-1-3-4-7-4-3-4-8-3-2	2-3-4-4-4-2-6-6-4-5-3-4	4-6-7-2-4-5-6-6-5-4-3-2	6-3-3-4-2-1-0-4-6-5-2-2	5-1-4-4-5-2-2-3-6-5-6-4	4-4-5-7-3-2-6-2-1-2-1-6	2-2-9-5-6-2-5-4-4-6-2-6	7-4-3-4-2-2-2-5-9-4-5-2
385	6	6-2-6-6-6-6-6-6-7-6-6-6	2-9-5-3-7-7-2-5-4-4-3-5	3-6-3-5-7-4-5-6-7-4-7-5	4-5-7-7-3-8-5-3-7-5-5-1	3-2-1-7-4-5-6-6-7-2-0-3	2-3-4-2-6-2-7-5-6-6-6-4	1-4-9-2-4-6-7-5-0-6-2-2	5-3-2-5-4-1-9-4-5-5-2-2	2-1-5-4-6-2-2-1-5-6-5-7	2-2-6-5-2-6-5-7-5-2-2-5	2-2-2-2-5-2-2-4-2-5-2-5	4-4-3-4-2-2-5-5-5-5-7-7
385	7	6-5-6-8-7-8-7-9-6-7-7-8	2-5-5-3-6-10-2-7-9-9-7-8	4-7-8-8-6-7-8-8-6-5-6-7	8-5-6-8-3-3-8-3-6-5-5-1	8-2-1-8-2-5-8-6-6-7-8-3	2-3-8-4-6-2-6-7-6-7-11-8	1-7-5-2-4-5-6-6-0-6-2-4	2-3-3-7-8-1-6-4-4-9-2-2	2-1-4-7-4-8-2-8-9-9-7-7	2-4-7-5-3-9-6-7-1-1-2-5	7-9-6-6-9-8-2-4-4-7-9-4	7-9-7-1-2-7-7-8-5-7-6-6
385	8	8-9-6-9-8-7-6-8-6-9-9-7	2-6-5-3-6-7-10-9-7-7-10-7	4-9-11-11-9-10-9-7-9-10-9-9	7-6-8-9-10-11-7-7-7-12-12-7	7-6-1-9-4-5-7-6-9-11-7-2	2-3-9-9-8-2-6-7-8-8-3-8	4-8-8-2-4-8-8-7-8-12-3-7	5-8-9-7-7-1-6-4-4-8-2-2	4-1-4-4-4-7-2-7-7-10-8-7	9-4-8-5-3-7-6-11-8-1-1-8	4-7-2-6-6-7-8-4-4-4-7-4	7-4-7-1-2-7-9-7-5-7-6-5
385	9	8-8-9-8-9-8-9-7-9-8-8-6	2-5-5-9-7-7-8-8-7-4-8-7	10-8-12-8-10-4-8-8-8-8-8-8	10-10-10-8-8-10-5-11-7-11-5-9	11-1-13-8-4-5-10-10-7-8-11-10	2-11-9-8-8-12-5-5-8-8-4-12	4-8-8-2-4-9-7-10-8-14-4-9	6-9-9-10-7-1-6-9-4-8-9-2	4-1-4-10-9-7-1-10-7-7-9-7	8-4-9-5-9-7-7-6-10-2-9-9	4-7-5-0-8-9-10-4-4-4-7-9	7-7-7-1-4-2-8-7-5-9-6-5
385	10	10-10-11-10-9-10-11-10-10-10-10-10	11-10-11-9-7-7-8-8-7-10-8-11	9-10-9-8-9-12-11-10-8-8-11-12	9-9-9-9-8-9-11-9-11-10-11-1	9-2-9-9-4-12-9-9-11-8-9-9	4-9-12-8-10-9-11-10-10-10-9-10	4-13-10-2-12-10-7-11-8-10-9-9	10-9-9-11-10-11-10-9-4-10-2-2	9-1-4-9-6-9-2-9-11-6-12-11	11-2-11-11-12-11-2-6-9-2-2-9	2-7-6-10-2-2-10-4-4-4-7-9	7-9-7-4-2-2-8-10-5-7-6-6
385	11	10-11-11-10-12-11-10-11-11-12-10-11	10-12-10-9-11-11-10-8-7-13-8-11	9-11-9-8-9-12-12-10-12-13-12-11	8-12-12-7-8-8-10-9-12-12-10-1	9-2-1-9-2-10-12-6-12-8-9-9	2-9-9-8-12-9-12-10-11-12-7-9	4-12-10-2-10-9-12-10-8-10-2-9	5-9-2-10-10-10-10-9-4-12-11-12	10-1-10-9-13-13-1-14-10-8-12-10	10-2-10-10-12-10-12-12-10-2-2-12	2-7-6-11-2-2-12-12-12-12-7-9	12-4-3-4-2-2-8-11-11-13-6-12
385	12	12-11-11-12-11-10-10-14-14-8-14-14	12-11-10-12-11-13-13-13-13-13-13-14	13-12-9-8-9-13-11-13-12-11-11-11	13-13-11-13-8-12-10-9-11-11-8-14	9-14-1-12-13-10-13-8-11-12-9-9	2-13-10-9-12-9-11-8-11-11-2-9	12-8-10-2-10-9-11-13-8-8-2-9	2-9-13-10-12-13-10-9-12-11-14-13	13-12-14-9-9-7-12-12-7-12-10-10	12-4-10-12-11-10-11-11-13-12-2-11	12-7-12-11-11-14-12-11-11-12-7-9	11-7-12-12-2-12-8-12-5-11-6-6
385	13	11-14-14-14-12-14-14-14-14-14-14-13	13-11-10-13-12-12-14-14-14-12-13-14	12-14-14-14-13-14-12-12-12-13-12-13	12-12-12-12-13-13-10-9-13-13-13-1	13-12-9-11-12-13-14-13-13-8-14-9	13-12-10-4-12-9-13-13-11-10-4-10	13-13-10-2-12-9-13-14-8-9-13-13	2-13-12-13-13-12-10-14-4-11-13-12	12-12-13-13-11-11-13-13-7-14-13-10	13-13-13-5-13-13-13-13-12-12-13-11	13-7-13-11-13-2-12-13-13-13-7-14	11-13-7-13-13-13-8-11-5-11-6-13
385	14	14-13-14-14-14-14-13-14-14-14-14-14	13-11-14-13-14-12-13-13-13-14-13-13	13-13-13-13-13-13-14-14-12-14-14-13	13-14-14-14-14-14-10-9-14-14-14-12	13-12-14-14-14-14-13-14-14-14-9-9	14-14-14-14-14-12-14-14-14-14-14-14	13-14-14-14-10-14-14-13-14-9-13-14	14-14-9-14-14-14-10-13-9-14-12-14	4-14-14-14-13-14-14-14-14-13-13-11	12-14-14-14-14-13-14-13-14-14-14-11	14-14-14-11-11-12-14-14-14-14-14-13	14-14-14-12-2-14-14-12-14-14-11-2
386	0	0-0-0-0-0-0-0-0-0-0-0-0	0-0-0-0-0-0-0-0-0-0-0-0	0-0-0-0-0-0-0-0-0-0-0-0	0-0-0-0-0-0-0-0-0-0-0-0	0-0-0-0-0-0-0-0-0-0-0-0	0-0-0-0-0-0-0-0-0-0-0-0	0-0-0-0-0-0-0-0-0-0-0-0	0-0-0-0-0-0-0-0-0-0-0-0	0-0-0-0-0-0-0-0-0-0-0-0	0-0-0-0-0-0-0-0-0-0-0-0	0-0-0-0-0-0-0-0-0-0-0-0	0-0-0-0-0-0-0-0-0-0-0-0
386	1	0-1-0-0-0-1-0-0-0-0-1-0	1-1-0-0-0-1-2-1-0-0-2-0	3-1-0-0-0-1-1-0-0-0-0-1	2-0-1-0-1-2-0-1-0-0-0-6	0-0-3-0-3-0-0-0-0-0-1-0	0-3-0-0-1-2-1-0-0-0-0-2	0-1-0-1-3-1-0-0-1-0-0-0	1-0-0-1-0-3-0-1-1-1-0-0	0-1-1-1-0-0-1-1-1-1-1-0	0-0-1-1-0-0-1-1-1-4-1-0	0-1-0-0-2-1-1-0-0-1-1-1	1-1-1-1-0-0-1-0-0-1-1-0
386	2	3-3-3-3-3-2-3-3-2-2-3-3	3-3-2-0-3-3-4-3-3-3-3-3	2-3-4-3-3-4-3-3-3-3-3-3	3-3-3-3-2-1-3-4-3-3-3-1	4-0-2-4-2-2-3-2-3-3-3-2	3-1-3-2-3-1-3-3-3-2-4-1	10-2-2-2-2-2-3-3-3-5-5-2	2-2-8-1-2-8-3-3-2-2-3-3	2-2-2-1-3-4-13-1-3-3-2-4	3-2-5-5-3-3-2-3-6-2-5-2	2-3-6-0-6-5-5-3-0-2-4-2	3-2-2-1-2-7-4-5-5-2-6-4
386	3	2-2-2-2-2-2-2-2-2-2-2-2	2-2-2-3-2-2-4-3-2-2-4-4	1-4-4-2-5-2-4-4-2-2-2-4	4-2-2-2-3-4-2-5-2-2-4-1	3-0-1-5-1-2-4-4-2-2-2-3	2-1-3-3-2-6-4-2-2-2-4-4	3-3-2-1-1-3-2-2-2-2-4-3	2-3-4-3-3-1-2-2-3-2-2-2	3-1-2-3-4-2-2-4-2-2-4-2	2-3-3-6-4-4-2-2-1-1-6-4	4-2-2-0-2-1-1-2-6-4-2-3	2-3-6-6-3-2-3-2-2-3-4-2
386	4	2-2-2-2-2-2-2-2-2-2-2-2	2-2-2-3-2-2-3-4-2-7-3-3	7-3-3-3-3-7-3-3-2-5-4-3	3-5-2-3-3-3-2-3-2-4-5-1	2-4-3-2-5-4-5-3-4-2-2-3	3-5-6-7-4-6-5-2-4-4-7-4	3-4-2-4-5-3-2-4-4-2-3-7	4-3-3-5-4-1-2-5-7-2-3-2	4-1-4-4-3-2-4-3-2-2-3-2	3-3-3-2-3-3-4-2-1-1-4-3	3-7-4-0-4-4-1-2-4-5-2-4	2-4-1-4-4-2-2-2-2-3-3-2
386	5	2-5-5-5-2-6-2-5-2-2-2-2	2-7-5-3-2-2-2-6-2-4-2-3	3-5-4-2-3-4-6-7-6-4-6-6	4-4-6-4-3-3-2-3-6-7-4-1	3-0-1-3-4-6-4-4-4-2-2-4	2-4-4-2-2-2-6-5-5-5-3-4	3-5-2-4-4-11-5-2-5-2-3-4	5-6-3-4-3-2-7-4-4-5-4-2	6-1-4-4-5-2-2-3-6-5-5-2	6-3-2-2-2-4-6-5-1-2-4-3	2-3-2-0-2-6-2-4-4-4-3-4	2-4-1-4-2-2-6-2-2-6-2-2
386	6	6-7-6-6-6-6-6-2-6-2-6-6	2-7-5-3-2-2-2-5-2-4-2-7	3-6-3-3-3-4-5-5-8-4-7-5	4-5-7-3-3-3-6-3-7-7-5-1	3-0-1-7-4-5-7-6-7-2-2-3	3-4-4-2-7-3-7-4-2-7-6-4	3-5-2-1-4-5-7-7-2-2-3-4	5-5-2-5-5-10-7-4-4-5-4-2	5-1-7-4-5-2-0-3-5-7-5-7	5-3-2-7-7-5-5-6-6-2-3-3	2-2-13-7-7-5-1-4-3-2-2-4	2-3-3-3-3-2-5-2-2-5-2-9
386	7	7-8-7-9-7-2-2-2-7-2-2-6	2-6-5-3-2-6-7-8-8-4-8-8	8-8-8-8-8-4-8-5-6-8-6-8	7-8-8-7-9-8-6-8-6-6-6-8	8-12-11-6-4-5-8-8-6-8-8-8	8-8-4-4-7-13-6-6-5-6-4-4	8-6-2-4-4-3-6-6-4-12-8-4	4-9-2-8-4-2-6-7-4-8-7-2	4-1-4-4-7-2-10-8-5-8-8-6	2-4-10-7-8-8-7-6-9-2-8-8	8-4-10-6-7-7-1-10-8-11-2-4	8-7-7-7-8-2-4-2-2-6-2-2
386	8	8-8-8-9-8-9-8-8-8-10-9-9	2-9-9-3-2-9-7-9-7-9-7-9	7-7-7-7-7-9-9-7-6-7-9-8	7-7-7-7-7-7-6-7-8-8-9-7	7-10-7-7-4-9-7-7-8-8-7-7	7-7-9-7-8-7-9-9-4-8-7-8	7-8-8-10-9-8-6-9-11-9-7-8	2-7-2-9-9-2-8-7-4-8-7-2	7-1-4-9-8-8-7-7-9-7-7-9	10-3-8-9-7-7-7-6-3-2-9-7	9-4-2-13-9-7-1-4-7-7-2-4	9-13-7-7-7-2-2-2-10-6-2-8
386	9	8-9-9-9-10-8-8-9-9-10-8-9	9-10-8-3-9-8-11-8-11-8-8-8	13-9-7-7-7-8-8-9-10-10-8-9	7-7-9-7-7-7-9-7-10-9-8-1	7-10-7-11-10-8-8-8-10-9-11-7	7-7-8-7-11-7-8-8-9-9-6-8	7-5-8-4-8-9-11-8-12-8-7-8	11-7-2-8-8-9-11-9-4-11-7-2	7-1-8-8-9-8-1-13-8-9-8-12	5-8-11-8-7-13-7-6-7-1-8-9	8-4-9-11-13-9-1-10-10-7-2-4	8-8-7-7-3-2-3-9-12-6-2-6
386	10	12-11-11-13-9-9-11-11-12-11-13-11	11-9-9-11-11-11-11-10-11-8-11-11	10-11-11-10-10-11-11-12-11-11-10-10	11-10-10-12-10-11-10-10-9-12-9-10	12-12-10-12-11-8-11-11-9-10-11-11	10-11-8-10-9-12-9-12-9-9-11-11	12-9-10-11-11-12-9-11-8-10-11-11	4-8-11-11-12-11-9-9-10-9-11-10	10-12-13-5-11-8-12-10-4-9-8-9	11-11-7-10-9-9-9-6-11-11-12-9	11-11-11-8-11-12-8-11-11-13-8-4	10-7-10-12-11-2-8-11-8-6-11-10
386	11	10-10-10-10-10-11-10-10-11-10-10-10	10-9-11-10-12-12-10-10-10-8-10-10	10-10-10-10-10-10-10-10-10-10-12-10	10-10-10-10-7-10-11-3-12-10-12-10	12-10-10-9-10-12-10-10-12-10-10-10	10-10-9-10-9-7-12-10-9-8-10-10	10-12-8-10-13-10-9-10-8-8-7-10	9-12-10-10-5-10-9-4-4-9-10-2	5-1-8-4-10-8-10-3-10-9-8-13	10-10-9-12-7-12-7-6-10-10-10-12	10-10-13-8-10-5-1-10-10-7-7-11	10-4-7-7-10-2-13-10-10-11-10-11
386	12	10-10-13-11-11-11-10-10-10-10-10-11	10-8-11-10-11-11-13-10-10-8-10-10	10-10-10-10-10-10-11-10-10-11-11-11	13-10-10-10-12-12-11-10-11-10-11-12	10-10-12-10-10-11-11-10-11-12-12-10	10-10-4-12-11-7-11-10-9-9-8-12	10-11-10-10-8-10-11-11-9-10-12-8	11-11-10-12-12-10-8-12-4-10-12-10	13-10-12-12-10-8-10-12-10-2-12-9	12-12-7-11-11-9-9-6-1-10-10-11	10-4-10-8-10-10-8-12-12-12-2-4	10-12-7-10-12-2-2-12-10-11-2-11
386	13	13-13-13-13-13-13-10-13-13-13-13-13	10-9-13-10-13-11-12-10-10-13-12-10	9-11-10-10-13-13-12-13-10-13-13-13	12-13-13-12-13-13-11-13-13-13-13-10	13-10-13-13-13-13-10-13-11-13-12-7	13-13-13-12-13-7-11-13-13-13-13-12	7-13-13-10-11-13-11-10-13-13-7-5	13-13-7-10-13-10-8-4-7-13-10-13	12-13-13-13-3-13-2-9-13-2-12-11	10-10-13-13-13-13-13-12-13-13-10-13	10-13-11-8-9-10-13-10-13-13-13-13	10-8-13-8-10-13-13-10-13-13-13-2
387	0	0-0-0-0-0-0-0-0-0-0-0-0	0-0-0-0-0-0-0-0-0-0-0-0	0-0-0-0-0-0-0-0-0-0-0-0	0-0-0-0-0-0-0-0-0-0-0-0	0-0-0-0-0-0-0-0-0-0-0-0	0-0-0-0-0-0-0-0-0-0-0-0	0-0-0-0-0-0-0-0-0-0-0-0	0-0-0-0-0-0-0-0-0-0-0-0	0-0-0-0-0-0-0-0-0-0-0-0	0-0-0-0-0-0-0-0-0-0-0-0	0-0-0-0-0-0-0-0-0-0-0-0	0-0-0-0-0-0-0-0-0-0-0-0
387	1	1-0-1-1-1-1-1-1-1-1-1-1	1-0-0-0-0-0-0-0-1-0-1-0	3-0-0-3-2-0-2-0-0-0-2-1	2-0-2-2-3-3-0-4-2-0-2-0	2-0-0-2-0-1-2-2-0-0-3-2	1-0-2-1-0-4-2-2-1-1-7-0	0-1-1-0-0-1-1-0-1-1-3-0	1-1-1-2-1-0-1-1-1-0-0-0	0-0-1-0-2-1-0-2-1-1-3-0	0-1-1-0-2-2-1-1-3-0-0-1	0-1-0-0-0-0-0-0-0-1-1-1	0-1-1-1-1-0-1-0-0-0-2-1
387	2	2-2-2-2-2-2-2-2-2-2-2-2	3-2-2-0-2-2-3-2-2-3-1-2	0-3-0-1-1-5-1-3-1-4-2-0	4-3-3-1-1-1-2-1-1-2-5-0	1-0-0-1-3-1-3-1-2-2-1-1	5-4-4-5-2-5-3-1-2-2-5-2	3-2-2-2-3-2-2-3-2-2-2-5	2-1-5-3-2-2-2-4-5-2-4-0	2-3-2-2-1-4-2-1-1-2-1-3	3-2-2-0-1-1-3-2-2-3-0-1	2-2-2-0-3-2-0-3-3-3-2-2	4-2-2-3-2-2-2-0-0-3-1-1
387	3	3-3-3-3-3-3-3-3-3-3-3-3	2-5-3-1-2-3-2-4-2-2-1-4	1-2-0-1-1-2-4-5-0-5-4-4	2-2-4-2-1-1-4-1-4-4-4-0	1-0-0-1-2-4-2-4-2-3-1-0	2-2-2-2-2-1-4-4-2-3-3-3	2-3-3-2-2-3-4-4-3-3-2-2	4-1-1-2-3-3-3-2-4-3-2-0	3-2-2-2-3-2-0-2-4-3-4-2	2-2-3-5-1-3-4-2-1-2-0-4	3-2-10-3-4-4-0-2-2-4-2-4	5-2-1-2-1-3-1-6-5-2-3-2
387	4	4-4-4-4-4-4-4-4-5-4-4-4	5-5-3-1-5-5-2-3-2-2-1-3	0-4-4-5-1-2-3-5-6-2-5-3	2-3-5-4-1-2-4-1-5-3-3-0	1-0-0-9-2-3-5-4-5-2-1-1	1-2-2-2-4-1-5-3-4-4-4-2	2-3-3-0-2-4-5-5-4-4-0-2	3-1-3-3-2-0-5-2-3-3-2-0	3-2-3-2-4-2-6-2-5-4-3-2	7-2-4-5-4-4-3-4-1-0-0-3	2-2-6-6-3-3-0-3-8-3-2-3	2-2-1-2-9-4-2-3-3-5-5-6
387	5	4-3-4-4-5-4-4-5-4-5-6-4	4-4-3-5-4-4-6-4-6-2-6-3	6-6-6-6-6-2-6-6-6-3-4-6	5-6-4-6-7-6-4-6-4-4-2-6	6-5-7-6-2-3-6-6-4-6-6-6	6-2-6-2-5-6-4-5-4-4-2-7	5-3-4-2-2-4-4-6-4-4-6-6	2-6-2-6-6-6-4-7-2-6-5-0	2-2-2-7-7-6-0-6-4-5-7-5	6-2-7-3-6-3-6-4-1-0-5-6	2-2-4-0-4-5-0-5-2-5-5-2	3-5-5-5-6-6-2-3-3-4-4-4
387	6	6-6-6-6-6-6-7-6-6-6-6-6	5-7-7-5-7-6-5-4-5-7-5-7	5-6-5-5-5-5-7-5-4-5-7-5	5-5-5-5-5-5-7-5-7-4-7-5	5-0-5-5-2-7-7-5-7-5-5-5	5-2-5-6-6-5-7-6-2-3-4-6	2-6-6-6-10-6-5-5-3-7-5-5	6-5-7-5-5-3-6-6-2-5-5-0	6-6-2-2-4-6-6-5-5-4-5-7	5-5-6-6-5-5-5-7-1-5-5-5	7-3-4-7-4-6-0-9-9-6-5-2	6-5-5-5-5-5-2-6-3-6-4-10
387	7	7-7-6-6-6-6-6-7-6-6-7-6	10-6-6-7-6-6-7-8-8-6-8-10	7-7-8-5-7-7-6-8-7-7-6-7	7-8-5-8-5-7-6-5-6-7-7-10	5-8-9-5-7-6-8-8-6-8-7-7	1-7-6-7-7-10-6-6-7-3-1-8	7-8-6-3-7-7-4-8-4-6-8-5	7-6-8-6-6-10-6-5-2-7-7-7	7-7-2-7-5-7-7-5-6-7-5-6	4-8-5-7-8-5-6-6-7-7-8-1	8-3-7-6-2-7-7-2-8-2-6-2	7-2-7-5-7-5-7-10-3-7-4-6
387	8	8-10-10-10-8-10-10-10-8-10-10-10	10-6-6-9-9-10-9-10-9-9-9-9	7-7-9-9-8-10-8-7-9-9-7-7	9-7-8-7-9-9-7-5-9-9-9-9	9-7-9-8-9-9-7-9-9-10-8-5	8-9-9-9-7-9-9-8-4-9-2-7	10-9-9-9-7-8-9-7-9-9-7-9	9-9-7-8-9-8-6-10-10-7-7-7	7-7-9-9-10-8-9-9-9-9-9-6	4-9-5-10-9-10-8-6-8-7-7-9	7-10-7-9-8-8-7-6-7-9-9-8	6-9-7-4-9-9-8-7-3-7-9-9
387	9	8-8-8-10-8-9-9-8-8-8-8-8	8-6-6-8-8-8-8-10-8-8-8-10	9-10-8-8-9-8-9-10-8-8-8-9	8-9-10-8-8-8-10-8-8-8-8-8	8-9-8-4-9-8-10-8-8-9-9-10	8-8-8-9-8-8-8-8-9-8-1-8	9-8-8-8-9-8-8-8-8-8-8-8	8-8-8-8-8-8-6-4-8-9-9-7	9-7-8-8-8-9-8-8-8-8-8-9	6-8-9-8-8-8-8-6-8-9-7-8	8-8-9-8-8-8-8-6-7-8-8-2	9-8-7-7-8-8-8-9-9-8-8-8
387	10	10-8-8-8-10-10-8-10-10-8-10-10	8-9-10-8-8-8-8-9-8-10-8-9	9-9-9-8-10-8-10-10-9-10-10-9	10-10-9-10-10-10-9-10-8-10-10-7	8-7-10-10-9-10-9-10-10-10-8-9	10-10-10-10-10-7-10-10-10-10-10-10	8-10-10-10-6-10-4-7-10-8-8-9	10-8-8-10-10-8-6-8-8-8-8-7	8-7-10-10-8-10-10-9-10-10-8-6	8-10-10-10-10-8-10-8-10-10-9-10	8-10-10-9-8-8-7-10-10-10-10-10	10-10-10-4-8-10-10-7-10-10-10-6
388	0	0-0-0-0-0-0-0-0-0-0-0-0	0-0-0-0-0-0-0-0-0-0-0-0	0-0-0-0-0-0-0-0-0-0-0-0	0-0-0-0-0-0-0-0-0-0-0-0	0-0-0-0-0-0-0-0-0-0-0-0	0-0-0-0-0-0-0-0-0-0-0-0	0-0-0-0-0-0-0-0-0-0-0-0	0-0-0-0-0-0-0-0-0-0-0-0	0-0-0-0-0-0-0-0-0-0-0-0	0-0-0-0-0-0-0-0-0-0-0-0	0-0-0-0-0-0-0-0-0-0-0-0	0-0-0-0-0-0-0-0-0-0-0-0
388	1	1-0-1-1-1-1-1-1-1-1-1-1	1-0-0-1-0-1-0-0-1-0-1-0	0-0-0-2-1-2-2-0-0-0-0-1	2-0-2-2-2-2-0-3-2-0-2-0	2-0-0-2-0-1-2-2-1-0-3-2	1-0-1-1-0-4-2-2-1-1-0-0	2-1-1-0-0-1-0-0-1-1-2-0	0-1-1-1-1-0-1-1-1-0-0-0	0-0-1-1-2-1-0-2-2-1-1-1	2-1-0-2-2-2-1-1-1-0-2-1	0-1-2-0-2-0-0-1-0-1-1-1	0-1-4-1-0-1-1-0-0-2-0-1
388	2	2-2-2-2-2-2-2-2-2-2-2-2	3-2-2-1-2-3-3-3-2-3-1-2	0-3-3-1-1-3-1-3-0-3-2-1	1-3-1-1-1-1-3-1-1-2-3-0	1-0-0-1-3-1-3-3-2-2-1-1	3-3-4-5-2-4-3-1-2-2-5-2	4-2-2-2-3-2-2-2-2-3-2-3	2-1-5-3-2-2-2-3-5-0-2-0	5-0-3-2-1-3-2-1-1-2-1-2	3-2-0-1-1-3-3-2-3-0-1-1	2-2-1-0-3-2-0-3-2-3-2-5	2-2-2-2-2-2-2-2-1-1-1-1
388	3	3-3-3-3-3-3-3-3-3-3-3-3	2-3-3-1-2-2-2-2-2-2-1-2	0-2-2-2-1-2-4-4-4-2-4-4	2-2-4-2-1-1-2-1-4-3-2-0	1-0-0-1-2-4-2-2-2-3-1-1	2-2-2-2-3-1-4-3-3-3-9-2	2-3-3-2-2-3-3-2-3-3-2-2	3-1-2-2-4-0-3-2-2-3-2-0	4-0-2-2-3-2-2-1-5-3-1-3	2-2-3-3-1-2-4-3-2-2-0-1	5-4-3-0-2-4-0-2-2-2-4-2	3-2-1-2-2-4-4-0-8-4-3-1
388	4	4-3-4-4-4-4-4-4-4-4-4-4	3-5-4-1-4-5-2-3-2-2-6-5	1-4-2-2-1-2-3-3-3-2-5-3	2-5-5-1-1-2-5-1-5-5-3-0	1-0-0-5-2-3-5-4-5-0-1-0	2-2-2-2-4-1-5-5-4-4-4-2	2-3-3-0-2-3-5-5-3-4-0-2	4-1-2-3-3-0-4-2-2-3-6-0	3-0-5-2-3-2-0-1-3-5-3-5	5-2-4-5-1-3-3-4-4-0-1-1	5-3-4-6-5-3-0-2-0-2-3-2	3-2-1-2-0-4-3-6-7-3-5-6
388	5	5-5-5-4-5-4-4-5-5-3-5-4	6-4-3-5-4-4-5-6-5-2-7-6	6-6-6-6-6-2-6-3-6-7-4-6	6-6-4-7-7-6-4-9-4-4-4-5	7-0-7-4-2-3-6-6-4-6-7-7	7-7-6-6-5-6-4-4-3-4-2-7	7-4-3-0-2-5-4-4-2-4-6-2	2-6-2-6-6-0-4-2-2-6-8-0	6-0-8-2-5-5-6-6-3-6-6-4	6-6-8-5-6-5-6-4-6-0-6-6	6-2-4-7-5-8-0-5-6-6-5-2	5-5-5-5-7-5-2-0-6-4-4-5
388	6	6-6-6-6-6-6-6-6-6-6-6-6	5-8-7-5-7-6-5-5-5-2-5-5	5-5-5-5-5-8-5-5-5-6-7-5	5-5-5-5-5-5-4-1-6-6-7-5	5-0-5-5-2-7-5-5-6-6-5-5	5-5-5-5-6-5-5-6-7-6-10-6	5-6-6-0-8-6-5-8-3-6-5-2	6-8-7-5-5-2-6-7-2-7-5-0	5-0-7-7-3-6-5-5-8-5-5-7	6-5-6-5-5-7-7-4-5-0-5-7	6-6-4-6-7-7-0-5-5-7-7-7	6-7-5-5-5-5-7-6-8-4-4-4
388	7	7-7-7-7-7-6-7-7-6-7-7-6	5-8-6-5-6-8-5-7-5-7-5-8	5-7-5-5-5-8-5-8-4-8-6-7	5-5-8-5-5-5-8-5-8-8-8-5	5-0-5-8-2-6-8-6-8-7-5-5	5-5-9-5-8-5-8-8-8-7-5-6	5-9-7-0-8-7-8-6-7-7-5-7	8-5-6-6-6-11-6-7-2-8-5-0	5-0-6-6-7-8-6-5-8-6-6-8	6-5-6-5-5-6-6-8-6-0-5-6	6-2-6-7-6-5-0-5-5-6-6-6	5-5-5-5-5-7-6-6-6-6-8-4
388	8	7-8-7-8-7-7-11-11-6-7-7-8	8-7-6-5-6-8-8-7-9-7-5-7	9-8-9-5-8-9-9-8-8-7-7-8	8-8-7-5-5-8-7-1-7-9-7-10	1-11-8-7-9-6-7-9-7-8-8-8	8-8-7-8-7-8-7-7-7-7-8-9	8-7-7-8-6-8-7-6-7-8-5-8	7-6-10-8-7-8-6-2-8-7-5-9	8-9-10-7-1-6-8-8-6-9-5-7	8-8-5-9-5-7-7-7-10-9-8-6	8-2-10-4-6-11-9-8-5-8-8-2	8-8-8-8-8-9-8-6-6-8-7-7
388	9	11-11-11-9-11-11-10-10-11-11-11-11	10-7-7-10-10-10-10-11-10-10-10-11	11-10-10-11-10-10-8-10-10-10-8-10	10-9-10-10-9-10-10-5-10-8-10-8	11-9-8-7-10-9-10-10-7-11-10-9	10-8-7-10-6-11-7-10-7-7-4-8	11-7-10-9-11-9-7-9-7-6-10-11	9-9-8-10-10-10-6-10-8-10-11-10	9-9-8-8-9-10-8-10-10-11-11-10	8-8-10-8-10-10-11-11-8-8-8-10	9-10-9-7-11-9-8-8-8-11-10-9	8-5-9-8-9-10-10-10-10-10-7-11
388	10	9-9-9-10-9-9-9-9-10-9-9-9	9-7-6-9-9-9-9-11-9-9-9-11	9-9-9-9-9-9-11-9-9-9-8-9	9-8-9-9-10-9-9-9-9-9-9-8	10-9-8-7-9-9-11-9-9-9-9-10	9-8-9-9-7-9-11-9-7-7-4-11	9-7-9-9-9-8-7-6-7-9-10-10	9-10-8-9-10-9-6-9-8-9-10-9	11-9-8-10-11-9-8-9-9-9-9-9	8-10-9-9-9-9-7-7-8-9-9-9	10-9-10-9-9-8-8-8-10-10-9-8	8-10-9-8-10-9-9-9-9-10-7-9
388	11	11-11-9-11-11-9-9-11-11-9-11-11	9-7-11-9-11-9-9-10-9-11-10-9	9-9-10-9-11-10-11-9-9-11-11-9	10-11-9-11-11-11-9-11-11-11-11-9	9-8-11-11-9-11-10-10-7-11-10-5	11-11-11-11-11-9-11-11-11-11-11-11	9-11-11-11-9-11-9-11-11-11-9-11	11-11-9-9-11-9-11-9-5-9-9-11	10-11-11-11-10-11-11-9-11-9-9-9	8-9-11-11-11-9-11-9-8-11-11-11	9-9-4-11-9-8-9-9-11-11-9-11	9-11-11-8-9-11-11-9-11-11-7-9
389	0	0-0-0-0-0-0-0-0-0-0-0-0	0-0-0-0-0-0-0-0-0-0-0-0	0-0-0-0-0-0-0-0-0-0-0-0	0-0-0-0-0-0-0-0-0-0-0-0	0-0-0-0-0-0-0-0-0-0-0-0	0-0-0-0-0-0-0-0-0-0-0-0	0-0-0-0-0-0-0-0-0-0-0-0	0-0-0-0-0-0-0-0-0-0-0-0	0-0-0-0-0-0-0-0-0-0-0-0	0-0-0-0-0-0-0-0-0-0-0-0	0-0-0-0-0-0-0-0-0-0-0-0	0-0-0-0-0-0-0-0-0-0-0-0
389	1	0-1-1-1-1-1-1-1-0-1-1-1	1-0-0-0-0-1-1-0-1-0-2-2	2-2-1-1-2-2-2-0-2-0-2-2	2-2-3-1-2-2-0-3-2-0-0-2	2-0-2-2-2-0-2-2-0-1-1-1	2-2-2-1-2-2-2-2-0-0-0-2	0-0-0-0-2-0-0-2-2-0-2-0	1-1-2-2-0-1-0-3-0-1-1-1	0-2-2-2-1-1-1-2-1-1-1-0	2-1-1-2-2-0-0-0-2-1-1-0	1-0-0-0-0-1-2-0-0-1-1-1	0-1-1-2-1-0-0-1-1-1-0-0
389	2	2-2-2-2-2-2-2-2-2-2-2-2	3-3-3-0-3-3-1-3-3-2-1-1	1-1-1-1-1-1-1-3-1-4-3-1	1-1-1-1-1-1-0-1-3-4-3-1	1-2-1-1-1-3-1-1-3-1-1-1	3-1-1-1-1-1-3-1-3-0-0-2	3-3-3-3-1-2-3-1-1-0-1-3	2-2-1-1-3-2-3-1-1-1-1-1	2-1-1-1-0-2-1-1-2-2-2-2	1-2-2-1-1-0-2-0-1-2-1-2	1-3-2-0-3-1-1-2-2-1-2-2	4-2-1-1-1-2-2-1-1-1-2-2
389	3	3-2-2-3-3-4-3-2-2-2-3-2	2-2-2-3-2-2-3-3-2-2-5-3	9-1-4-3-1-1-4-4-1-2-2-3	4-4-1-4-1-1-2-1-2-1-2-3	1-10-6-3-4-2-4-3-2-3-1-3	2-4-1-3-3-7-2-3-2-0-10-3	3-2-2-11-3-3-2-4-3-3-9-2	3-2-2-2-2-10-2-1-3-3-3-4	3-9-3-4-7-2-1-2-2-2-3-0	4-2-4-3-4-0-7-5-3-4-9-2	4-2-4-5-2-3-4-0-4-1-2-3	3-2-3-3-4-2-2-3-3-4-2-0
389	4	4-4-4-2-4-3-4-4-4-4-4-4	4-2-2-4-6-2-3-3-5-3-5-5	3-5-5-5-5-5-5-3-8-5-5-4	5-3-5-5-5-5-3-5-5-2-4-3	4-3-5-5-3-4-3-4-4-3-7-6	4-3-4-4-3-3-4-5-2-4-4-3	6-4-2-3-4-3-4-3-4-4-5-3	3-4-5-4-4-3-2-5-4-3-3-3	3-3-4-3-5-4-3-6-2-5-4-4	5-4-2-4-3-5-6-4-1-3-3-5	3-4-3-3-0-3-3-2-3-4-4-4	2-4-3-4-3-2-4-3-2-3-2-0
389	5	5-6-4-5-5-5-5-5-5-5-5-5	6-4-2-4-5-4-3-6-5-6-4-6	3-4-4-4-4-6-6-6-4-6-5-4	4-6-6-4-4-4-7-4-4-5-4-3	4-5-4-4-6-5-6-6-6-5-7-6	4-8-7-9-5-3-6-4-5-5-9-7	4-4-12-5-6-5-8-6-5-5-4-9	5-4-4-6-4-5-2-4-9-5-5-3	5-3-5-5-4-7-9-4-2-4-4-8	6-9-5-6-6-4-5-5-8-5-3-4	6-9-5-3-7-5-3-9-6-6-5-5	7-6-4-5-5-5-4-5-6-3-2-0
389	6	6-6-6-6-6-6-6-6-6-6-6-6	5-9-7-4-5-9-3-5-5-5-4-5	4-6-5-4-4-5-7-5-7-5-7-7	5-5-7-4-4-4-5-4-4-7-7-3	4-3-4-4-5-7-5-5-5-5-4-4	4-6-5-5-5-3-5-7-5-6-0-6	4-6-8-5-5-6-7-5-6-6-6-5	6-7-7-7-4-5-7-5-5-6-5-3	6-3-5-5-6-5-6-7-7-4-4-7	7-5-6-6-5-5-7-7-7-5-7-7	5-5-7-0-6-7-3-8-5-5-5-5	5-5-3-5-6-5-7-8-6-6-15-6
389	7	7-7-7-6-7-8-7-7-7-9-8-8	8-8-6-4-5-8-3-8-7-8-6-9	4-7-5-5-4-5-8-9-6-5-8-6	7-8-8-8-4-5-7-4-7-8-8-3	4-3-8-4-5-6-8-8-8-5-4-8	8-5-5-5-7-3-8-6-7-7-8-5	6-6-9-12-5-7-9-6-7-7-3-7	7-6-6-6-4-3-9-5-5-8-3-3	3-3-5-5-3-5-6-6-6-8-7-6	6-5-7-8-6-6-6-7-6-3-6-6	6-5-6-9-8-6-3-5-5-5-6-5	5-5-4-5-8-7-4-8-3-3-7-8
389	8	8-7-7-8-10-7-6-7-8-7-7-7	10-7-7-8-10-7-8-7-11-7-10-7	3-8-9-9-8-10-9-10-9-8-7-8	9-7-9-9-8-9-8-4-9-7-7-3	4-7-10-8-8-6-7-9-7-9-9-9	9-10-9-5-9-3-7-9-7-6-7-8	6-12-6-7-5-7-5-9-7-7-15-7	6-6-8-9-8-3-7-9-5-7-8-3	5-3-5-7-8-9-8-8-9-7-8-8	9-5-8-7-8-10-9-7-5-3-7-8	5-5-7-7-7-6-3-6-7-8-9-5	6-7-4-11-7-5-5-6-6-6-12-8
389	9	9-7-9-11-8-6-6-7-6-7-7-10	8-7-7-10-8-10-11-10-8-7-10-10	11-9-10-10-10-11-8-10-11-9-10-10	10-9-8-8-10-10-8-10-8-7-8-3	4-3-8-11-10-9-10-10-7-8-8-8	8-10-8-5-8-11-10-8-7-5-5-11	11-10-7-3-10-9-7-10-7-7-3-5	5-10-5-10-10-11-7-8-11-10-8-3	3-3-5-10-8-8-5-10-8-7-9-6	8-5-8-8-10-9-8-7-10-3-3-9	3-5-7-7-5-14-3-5-3-8-8-5	7-10-11-5-7-5-10-6-6-3-2-0
389	10	10-10-10-10-8-10-10-10-8-10-10-9	10-11-11-9-8-9-9-9-8-7-9-9	9-9-9-9-9-9-11-9-11-11-11-9	9-10-9-8-9-9-10-9-8-10-10-3	8-3-8-9-9-10-9-9-10-10-8-8	8-9-11-9-10-9-9-10-11-10-14-10	9-11-10-3-9-6-10-9-10-13-3-9	11-9-5-9-9-3-7-8-9-12-3-3	3-3-9-9-10-10-1-9-11-10-9-10	8-9-7-9-9-9-8-11-9-3-11-9	3-10-11-7-11-9-3-12-3-9-8-5	10-9-4-5-12-10-9-10-11-3-10-11
389	11	10-11-11-10-8-11-10-10-8-10-10-10	10-10-11-9-12-10-9-9-8-7-9-9	9-9-9-9-9-9-10-9-10-10-10-11	9-12-12-12-9-9-11-9-12-12-12-3	9-3-8-9-12-12-10-11-12-8-8-8	8-9-10-3-11-9-12-10-10-13-12-9	9-10-10-3-9-11-14-10-10-10-3-12	12-9-12-10-9-12-11-8-9-10-12-3	12-3-9-9-10-11-12-15-12-11-11-14	8-9-11-11-9-12-11-10-9-3-10-9	13-11-10-10-11-11-3-12-3-8-8-11	11-11-9-12-13-11-9-11-11-12-10-12
389	12	12-13-13-15-12-13-13-13-15-15-12-12	13-11-11-9-13-13-13-15-13-13-13-15	12-11-13-13-12-14-12-12-13-10-12-12	13-12-11-12-9-12-11-12-11-12-11-3	11-13-12-12-13-11-12-12-11-12-13-12	12-13-11-13-14-14-11-11-11-11-11-11	14-12-13-13-12-12-13-12-10-10-13-11	13-6-11-11-10-13-12-11-11-14-14-12	13-12-12-10-13-12-13-13-11-12-10-10	12-12-14-11-13-11-11-12-14-13-11-11	13-11-12-12-11-13-14-11-13-12-10-5	15-11-12-11-13-11-12-13-13-11-8-12
389	13	12-15-15-15-15-15-15-15-14-15-15-15	14-15-11-14-14-14-12-15-12-12-14-12	15-13-14-15-13-14-12-14-14-14-14-13	14-12-14-14-14-13-14-14-14-14-14-9	14-12-9-14-14-13-14-13-14-13-14-8	14-14-14-12-12-13-14-13-11-11-10-10	12-14-12-12-12-12-12-15-10-10-12-15	12-13-14-13-14-12-11-14-5-15-13-14	12-13-5-14-15-15-14-14-14-15-13-14	13-13-11-11-12-15-11-14-9-12-13-9	14-14-14-10-15-12-3-14-12-15-14-14	12-11-14-13-12-14-14-12-11-14-10-14
389	14	12-13-15-12-13-13-13-13-15-13-13-15	13-10-11-13-13-13-13-13-12-12-13-15	13-13-13-13-13-13-14-13-13-13-13-13	13-13-13-13-13-13-13-13-13-13-13-13	13-12-13-13-13-13-13-15-13-13-13-14	13-13-13-14-12-13-13-13-11-11-10-15	12-13-13-13-11-9-11-13-10-15-14-15	13-14-13-14-13-12-11-13-5-12-8-13	14-3-5-13-14-13-13-13-13-13-13-13	8-13-12-11-14-13-11-13-12-12-13-9	13-13-13-7-13-9-12-13-12-14-13-14	12-11-13-13-14-13-13-12-11-13-10-13
389	15	15-13-13-13-15-13-13-13-14-13-15-15	13-13-15-13-13-12-13-13-13-15-13-12	13-13-13-13-13-13-15-13-12-15-15-13	13-15-15-14-15-15-13-15-15-15-15-3	13-12-15-15-15-15-14-14-13-15-13-14	15-15-14-15-15-3-13-15-15-15-15-14	13-15-15-15-13-15-10-13-15-14-12-13	15-15-8-15-15-12-15-13-9-15-13-15	14-15-15-15-13-13-15-11-15-13-14-13	8-13-15-11-15-13-15-12-15-15-13-15	13-13-13-7-13-15-12-13-15-15-13-15	12-13-15-11-14-15-15-13-15-15-15-13
390	0	0-0-0-0-0-0-0-0-0-0-0-0	0-0-0-0-0-0-0-0-0-0-0-0	0-0-0-0-0-0-0-0-0-0-0-0	0-0-0-0-0-0-0-0-0-0-0-0	0-0-0-0-0-0-0-0-0-0-0-0	0-0-0-0-0-0-0-0-0-0-0-0	0-0-0-0-0-0-0-0-0-0-0-0	0-0-0-0-0-0-0-0-0-0-0-0	0-0-0-0-0-0-0-0-0-0-0-0	0-0-0-0-0-0-0-0-0-0-0-0	0-0-0-0-0-0-0-0-0-0-0-0	0-0-0-0-0-0-0-0-0-0-0-0
390	1	1-1-1-1-1-1-1-1-1-1-1-1	2-2-1-1-2-2-2-2-2-2-2-2	1-2-2-1-2-2-1-1-1-2-2-2	2-2-2-2-0-0-2-1-2-2-2-1	7-1-1-2-0-2-2-1-2-2-2-0	2-2-2-1-1-2-2-3-1-1-3-1	1-1-2-1-2-1-2-2-1-1-1-1	1-1-2-0-1-3-2-2-1-1-2-5	1-2-2-1-2-3-2-0-3-3-1-2	2-1-1-1-2-1-1-3-1-2-1-2	1-2-2-2-1-2-3-1-2-1-3-1	3-1-1-1-1-2-3-3-2-1-2-1
390	2	1-1-1-1-1-1-1-1-1-1-1-1	1-1-1-2-1-1-1-1-1-1-1-1	4-1-3-1-5-1-3-3-1-1-1-3	3-3-1-1-4-3-1-3-1-1-3-2	5-2-4-1-0-1-3-3-1-1-1-2	1-1-1-1-1-1-1-1-1-1-2-1	5-1-1-1-1-2-1-1-1-1-3-2	1-2-1-2-2-1-1-1-2-1-3-1	1-1-1-2-1-1-1-3-1-1-2-1	1-5-1-1-3-3-2-1-4-1-2-1	1-1-1-1-1-1-1-1-1-2-1-2	1-2-5-2-1-1-2-1-1-3-1-2
390	3	1-1-1-1-1-1-1-1-3-1-1-3	1-1-1-2-1-1-1-4-3-4-2-4	2-4-2-1-2-4-4-4-1-4-4-2	2-4-1-2-2-2-1-2-1-3-2-2	2-3-2-2-4-3-4-2-3-3-1-2	7-4-5-6-3-4-4-4-3-3-7-3	2-3-1-3-4-3-1-3-3-1-2-6	3-2-4-4-3-3-1-5-11-3-2-1	3-7-3-3-3-1-3-4-1-1-2-1	2-3-3-1-2-2-3-1-6-1-3-2	3-1-1-1-2-3-1-3-8-3-1-3	1-4-1-4-3-1-1-1-1-2-2-1
390	4	4-4-4-4-4-4-4-4-4-4-4-4	1-5-5-2-1-1-1-3-3-3-1-3	2-4-2-2-2-3-5-6-5-3-5-5	3-3-5-1-2-2-1-2-5-4-3-2	2-4-2-2-3-5-3-3-3-3-1-2	1-3-3-1-3-1-3-3-3-4-10-3	2-3-1-1-3-4-5-5-4-4-2-3	4-4-3-5-2-6-4-3-3-1-3-1	3-1-3-3-3-1-2-5-5-1-4-5	5-3-4-4-2-2-2-5-5-1-5-5	5-1-5-1-1-5-7-6-3-3-1-3	1-3-2-3-1-1-2-1-1-1-13-4
390	5	5-5-5-4-5-6-5-5-5-6-6-6	1-6-4-1-1-6-1-6-5-6-1-6	2-5-3-3-2-3-6-6-1-3-6-4	2-6-6-6-2-2-5-2-5-6-6-2	2-6-6-5-3-4-6-6-6-1-1-2	6-3-3-8-5-1-6-4-5-5-6-3	2-3-1-1-3-5-5-4-3-5-2-6	1-4-4-4-2-1-4-3-3-6-2-1	3-3-3-3-5-1-2-4-4-7-3-4	4-2-8-6-2-2-10-4-4-1-4-4	4-3-4-11-6-4-4-1-3-3-1-3	6-3-2-6-1-1-2-1-10-6-5-1
390	6	6-5-7-6-6-5-4-5-6-5-5-5	1-5-5-6-8-5-7-5-7-5-8-5	3-6-7-7-6-7-5-7-7-6-5-6	7-7-7-7-6-8-6-2-7-5-5-2	8-3-9-8-3-4-5-7-5-6-7-7	5-9-6-3-7-6-5-6-5-4-5-6	2-5-4-1-3-5-3-7-3-4-7-3	4-4-6-6-7-7-5-6-3-5-6-1	3-3-7-5-6-6-6-7-7-5-6-6	7-3-6-5-6-6-7-5-3-1-5-6	7-1-5-5-6-1-6-4-3-7-8-4	5-5-6-9-5-1-1-1-6-5-4-1
390	7	7-7-6-7-6-5-7-13-7-7-7-6	1-5-4-8-6-8-8-8-6-5-8-8	8-7-6-8-8-8-8-8-8-8-8-8	6-6-6-8-8-9-6-9-8-7-7-2	1-3-6-7-8-8-8-8-5-7-6-6	3-6-3-3-6-8-6-7-3-5-3-9	6-8-10-3-8-7-8-7-3-9-6-8	4-8-12-8-6-6-4-6-3-7-6-1	3-3-6-9-5-1-7-6-6-5-8-11	6-3-6-6-6-7-6-5-8-1-1-7	6-1-5-5-1-7-4-1-3-6-1-3	5-3-7-5-1-1-8-1-1-1-1-7
390	8	8-8-8-8-6-8-8-8-8-8-8-8	9-11-8-7-10-7-7-7-8-5-7-7	7-7-7-7-7-9-7-7-9-7-9-7	7-8-9-7-7-6-6-7-7-8-9-2	8-8-6-8-7-7-9-7-3-7-9-6	9-6-7-9-8-7-9-8-8-8-1-8	9-7-9-10-7-8-13-9-4-9-0-7	8-7-9-7-6-10-8-6-3-9-6-1	1-9-9-7-8-1-10-6-9-5-7-4	6-7-5-11-7-7-6-8-7-1-3-7	6-1-5-5-1-8-6-1-3-6-6-3	1-5-7-5-1-8-7-1-11-9-9-8
390	9	9-9-10-10-9-10-10-10-10-9-10-9	11-13-10-7-11-10-10-9-9-10-10-11	9-7-7-7-7-8-9-9-8-7-8-9	10-8-10-10-7-10-9-7-11-10-8-2	9-10-6-10-7-10-8-9-13-9-8-6	8-10-10-8-9-10-10-8-8-9-13-8	8-10-9-0-7-8-11-8-9-8-2-10	8-7-8-13-10-12-11-10-7-11-9-1	8-8-8-7-5-9-1-10-10-5-7-4	6-7-13-13-10-7-13-11-7-1-13-7	10-13-13-8-13-10-6-10-3-6-13-3	10-13-9-6-13-9-2-10-10-8-8-13
390	10	9-9-9-9-11-9-9-11-9-11-9-9	9-8-9-7-11-9-11-11-11-9-11-9	10-11-11-10-10-11-10-9-11-7-10-10	11-11-9-10-7-9-11-7-9-9-7-2	9-11-12-9-11-9-11-7-9-10-11-6	10-9-9-11-11-11-9-9-8-9-4-12	13-9-7-11-13-12-9-11-9-10-12-9	1-10-11-9-10-11-9-9-3-12-11-9	1-11-11-7-11-10-11-11-9-12-7-12	11-11-6-9-9-7-9-9-11-11-10-7	12-9-9-5-9-13-11-11-11-10-9-3	10-9-11-11-9-11-12-11-9-10-8-9
390	11	10-10-10-9-10-9-9-10-9-10-9-10	9-8-9-7-10-10-10-10-10-9-10-9	13-10-10-10-12-10-12-10-10-12-12-10	10-10-10-12-7-12-10-7-9-9-7-12	12-10-10-9-10-11-10-12-9-11-10-12	11-9-12-11-10-10-11-11-8-9-3-13	11-9-8-10-10-7-9-11-9-9-11-11	1-12-10-11-11-10-9-6-3-10-10-1	1-10-10-11-12-9-10-10-6-10-11-9	10-10-11-8-12-7-6-9-10-10-11-7	11-9-9-5-9-10-10-10-11-12-9-3	11-9-10-10-11-10-11-10-9-10-8-9
390	12	9-10-13-9-9-9-9-9-9-10-13-9	9-8-10-7-13-9-13-13-10-10-11-13	12-13-13-10-12-10-12-13-12-11-11-12	11-12-10-11-7-11-12-7-11-9-12-12	11-13-10-9-13-11-13-11-9-12-12-11	13-9-9-12-12-13-11-9-12-9-1-12	12-7-9-10-12-10-9-13-12-9-13-9	12-11-7-11-11-13-9-9-11-10-12-13	12-10-10-12-11-12-10-11-11-10-11-10	10-11-11-12-11-7-6-9-10-12-12-7	13-9-9-5-9-12-10-10-12-11-9-3	10-11-12-10-11-10-11-12-12-12-8-9
390	13	13-13-13-13-13-13-10-13-9-10-13-13	9-9-13-12-13-10-12-12-12-13-12-12	12-12-12-10-13-13-13-13-12-13-13-13	12-13-13-13-13-13-10-13-13-9-13-12	11-12-13-13-12-13-12-13-9-13-11-11	13-9-13-13-13-12-9-13-13-13-13-11	11-13-13-13-10-13-8-12-13-13-12-9	13-11-6-9-13-12-10-10-7-10-10-12	12-13-10-13-11-13-13-10-13-10-11-10	10-13-13-13-13-7-13-9-10-13-11-13	12-9-9-5-9-10-10-13-13-13-9-13	13-9-13-10-11-13-13-10-13-13-4-9
391	0	0-0-0-0-0-0-0-0-0-0-0-0	0-0-0-0-0-0-0-0-0-0-0-0	0-0-0-0-0-0-0-0-0-0-0-0	0-0-0-0-0-0-0-0-0-0-0-0	0-0-0-0-0-0-0-0-0-0-0-0	0-0-0-0-0-0-0-0-0-0-0-0	0-0-0-0-0-0-0-0-0-0-0-0	0-0-0-0-0-0-0-0-0-0-0-0	0-0-0-0-0-0-0-0-0-0-0-0	0-0-0-0-0-0-0-0-0-0-0-0	0-0-0-0-0-0-0-0-0-0-0-0	0-0-0-0-0-0-0-0-0-0-0-0
391	1	0-1-0-0-1-1-0-0-1-0-1-0	0-0-0-0-0-1-1-0-0-0-0-1	3-1-0-0-0-1-0-0-0-0-0-1	2-0-0-0-1-2-1-0-0-0-0-5	0-0-6-0-3-0-0-0-0-0-0-2	0-1-0-0-0-0-0-1-0-0-0-1	3-0-0-6-0-1-0-0-0-0-2-0	0-0-0-2-0-3-0-0-3-1-0-0	1-1-0-0-0-0-3-0-0-0-1-1	1-1-1-1-0-0-0-0-1-1-0-0	0-1-0-0-0-2-1-0-1-1-1-1	1-1-1-1-0-1-1-0-0-1-1-0
391	2	3-2-2-2-2-2-3-3-3-3-3-3	3-3-2-3-3-3-4-3-3-2-3-2	2-2-3-3-3-3-3-3-3-3-4-2	3-3-3-3-2-3-3-4-2-3-3-2	9-0-2-3-2-2-3-2-2-3-6-1	3-2-3-2-2-5-2-4-2-2-8-2	8-2-2-2-3-2-3-3-2-2-1-2	8-2-8-1-2-1-3-3-1-5-2-3	8-3-2-2-4-4-1-11-3-3-2-3	3-3-3-3-3-2-5-3-1-2-5-7	2-3-4-0-3-3-7-5-1-3-3-2	3-1-2-1-3-3-9-3-3-2-3-3
391	3	2-2-2-2-2-2-2-2-2-2-2-2	2-2-2-5-2-2-2-3-2-2-4-2	1-3-2-2-5-2-4-2-2-2-5-4	4-2-2-2-4-4-2-6-4-2-4-1	5-0-1-4-1-4-4-4-2-2-2-6	4-4-2-2-2-2-4-2-2-2-4-2	1-3-2-1-2-2-2-2-2-2-4-3	2-3-4-3-3-1-2-4-1-2-2-2	1-2-2-0-4-2-1-4-2-2-4-2	2-2-3-2-2-4-2-2-1-1-0-4	0-2-2-0-2-2-1-2-1-2-2-2	2-3-6-1-2-2-3-2-2-2-2-2
391	4	2-2-2-2-2-2-2-2-2-2-2-2	2-2-2-3-2-2-2-5-4-5-3-5	1-5-2-2-3-5-3-6-2-5-2-3	3-5-2-3-3-3-2-2-3-2-3-1	3-4-3-3-5-3-5-3-5-2-2-3	3-6-6-0-2-2-5-2-5-4-3-5	5-4-2-1-5-4-4-3-4-2-4-6	2-3-5-5-4-4-4-5-4-5-4-2	4-4-4-4-2-2-1-5-2-4-3-4	6-2-2-2-3-3-4-4-0-1-2-3	0-7-2-0-4-2-2-2-1-6-2-4	2-4-4-1-2-2-7-2-2-2-2-2
391	5	5-2-5-2-2-5-2-5-5-2-2-5	2-6-5-3-2-2-2-4-2-4-3-4	1-4-4-2-3-4-6-4-2-4-6-6	3-4-4-4-3-3-4-3-6-5-4-1	3-0-1-5-4-6-4-3-4-2-2-3	2-4-4-2-2-2-4-5-4-5-3-4	4-5-5-1-4-2-5-7-5-6-4-4	2-3-4-4-4-2-5-4-4-2-4-2	2-2-6-4-5-2-0-4-6-4-6-4	4-2-5-6-7-3-2-5-6-0-2-3	6-2-2-5-2-11-0-2-1-4-4-4	2-4-1-6-2-2-4-2-2-2-2-6
391	6	6-7-5-6-2-2-6-6-2-2-6-7	7-7-5-3-2-2-5-7-2-4-3-7	12-6-2-2-3-8-7-4-7-9-7-5	3-4-6-3-3-3-7-3-7-7-7-1	3-0-1-7-4-5-7-6-7-2-2-3	3-4-4-2-6-3-7-7-4-6-0-5	4-4-6-1-4-6-7-7-5-5-0-4	2-3-4-4-4-2-6-4-4-2-4-2	2-4-5-4-0-2-4-5-5-6-5-6	4-2-6-5-7-3-2-5-5-11-2-3	5-4-6-12-2-2-1-0-1-4-4-5	6-4-3-5-2-2-4-2-2-2-12-5
391	7	2-7-2-2-6-8-7-2-7-2-7-6	6-6-5-3-6-2-8-8-8-4-8-6	7-8-8-8-8-8-8-8-8-6-6-7	8-7-7-7-8-8-6-8-6-6-6-8	8-1-8-8-4-5-8-8-6-8-8-8	8-8-4-7-7-9-6-6-2-5-7-8	7-6-2-8-4-7-6-6-2-7-8-4	2-8-2-8-4-2-5-8-4-2-7-2	7-4-6-4-7-7-8-8-7-6-5-7	7-8-7-7-8-3-7-6-7-9-8-2	0-4-7-9-7-9-2-0-8-7-4-4	7-7-7-7-8-2-4-2-2-7-2-2
391	8	8-8-8-8-8-9-7-7-9-8-8-9	9-9-9-3-8-10-7-7-7-4-7-7	10-7-7-7-7-7-7-7-7-9-9-7	7-7-7-7-7-7-8-7-9-6-8-7	7-0-7-7-9-9-9-7-8-7-8-7	7-7-9-8-8-2-9-8-8-8-2-7	2-6-8-11-10-8-6-9-2-8-7-4	2-7-2-7-8-9-8-8-4-8-7-2	2-8-8-8-7-2-7-7-8-7-7-8	9-7-7-9-7-6-7-5-1-11-7-8	11-2-8-6-11-2-1-2-7-2-2-4	2-7-7-7-7-2-2-7-2-8-2-8
391	9	9-8-10-6-9-8-7-2-8-10-7-9	8-8-8-9-8-8-9-7-8-9-10-12	9-10-10-7-9-7-7-9-10-8-8-9	9-9-8-7-7-7-9-7-8-9-8-10	2-12-7-9-10-8-8-7-8-9-9-9	10-9-8-9-8-12-8-9-8-5-0-7	9-9-7-10-9-9-6-8-4-8-9-4	10-8-2-7-8-10-8-8-8-9-9-12	9-9-9-9-7-2-0-10-3-8-7-9	8-10-7-9-8-3-8-2-9-10-9-3	10-2-7-9-4-7-10-9-10-2-2-9	9-7-9-7-7-2-2-0-9-9-2-8
391	10	12-11-11-11-11-12-11-11-12-11-11-12	11-11-10-9-11-11-11-12-11-11-11-11	12-9-11-12-12-11-10-11-11-11-10-10	9-9-10-11-11-9-10-11-11-10-10-9	12-9-11-11-11-10-10-10-11-10-12-7	10-11-11-10-10-11-10-10-10-10-11-10	11-10-10-11-8-10-12-9-11-12-12-11	11-11-11-10-10-9-8-12-4-10-9-9	12-10-11-10-12-12-11-12-10-12-10-10	10-11-10-11-10-11-11-12-10-10-7-11	9-10-11-11-11-11-9-11-7-11-12-10	11-11-10-11-11-11-11-10-9-10-11-8
391	11	10-10-10-10-10-10-10-10-10-10-10-10	10-10-10-12-10-12-10-11-10-10-10-10	11-10-10-10-11-10-11-10-10-10-12-11	10-11-10-10-10-9-12-10-10-10-10-11	10-9-10-9-10-10-12-11-10-11-10-11	11-10-10-10-10-10-10-10-10-10-10-10	10-10-11-10-12-11-10-12-10-11-10-10	10-10-10-10-10-12-11-11-11-10-10-11	10-10-10-10-10-10-10-10-10-10-11-10	11-10-10-10-10-10-10-12-11-11-10-10	12-10-10-10-10-10-11-10-10-12-10-10	12-10-11-10-10-10-10-10-11-10-10-12
391	12	12-12-10-10-12-10-11-12-10-11-10-10	10-10-10-11-10-11-10-10-11-12-10-11	10-10-11-10-10-10-12-10-11-12-11-12	11-12-10-10-12-12-11-12-10-12-12-9	10-9-12-12-12-12-11-11-10-11-10-7	12-12-12-10-12-11-10-12-12-12-12-12	10-12-12-12-11-12-10-11-12-10-10-10	12-12-10-10-12-11-8-10-12-10-10-9	10-12-12-12-10-10-10-10-12-10-10-10	10-10-12-12-12-3-12-11-10-12-12-12	11-10-12-10-10-10-10-11-12-11-10-12	11-10-12-10-10-12-12-10-12-12-6-11
392	0	0-0-0-0-0-0-0-0-0-0-0-0	0-0-0-0-0-0-0-0-0-0-0-0	0-0-0-0-0-0-0-0-0-0-0-0	0-0-0-0-0-0-0-0-0-0-0-0	0-0-0-0-0-0-0-0-0-0-0-0	0-0-0-0-0-0-0-0-0-0-0-0	0-0-0-0-0-0-0-0-0-0-0-0	0-0-0-0-0-0-0-0-0-0-0-0	0-0-0-0-0-0-0-0-0-0-0-0	0-0-0-0-0-0-0-0-0-0-0-0	0-0-0-0-0-0-0-0-0-0-0-0	0-0-0-0-0-0-0-0-0-0-0-0
392	1	2-1-1-2-1-1-1-2-2-2-2-1	2-1-1-0-2-2-0-2-2-1-0-1	0-1-2-2-2-2-2-2-2-1-3-0	2-2-2-2-1-2-0-3-2-2-2-0	3-0-2-2-1-1-2-1-1-2-2-0	2-2-2-1-1-3-1-3-1-1-11-2	1-1-2-1-1-1-2-2-2-1-5-1	1-1-1-1-1-2-2-2-1-2-2-8	1-4-1-2-2-2-2-4-2-2-1-2	2-2-2-3-2-2-2-2-1-3-4-1	2-2-2-0-4-2-9-2-6-2-2-1	2-1-1-2-2-5-1-4-1-1-2-3
392	2	1-1-1-1-1-1-1-1-1-1-1-1	1-1-1-3-1-1-1-1-1-1-3-3	4-3-1-3-4-3-3-3-1-2-1-3	1-1-1-1-2-3-1-4-3-1-3-4	5-0-3-4-0-1-3-3-1-1-1-4	1-1-1-1-1-1-3-1-1-1-2-3	4-3-1-1-2-1-1-3-1-1-1-2	1-2-3-3-2-1-1-3-2-1-1-1	2-1-1-1-3-1-1-3-1-1-3-1	1-3-1-1-1-3-1-1-1-1-0-3	1-1-1-0-0-1-0-1-1-3-1-2	1-2-2-1-1-1-4-1-0-1-1-0
392	3	1-1-1-1-1-1-1-1-1-1-1-1	1-1-1-2-1-1-1-7-3-4-2-4	2-2-4-2-2-7-2-2-1-4-4-2	4-4-4-4-2-4-1-2-2-3-4-2	1-3-2-2-5-3-4-2-4-1-5-2	2-5-5-1-1-4-4-4-3-3-7-2	2-2-1-3-4-1-4-2-3-1-3-7	1-2-2-4-3-1-1-4-7-1-5-1	3-5-3-3-2-1-3-2-1-3-2-3	4-2-1-1-2-2-1-1-1-1-3-2	1-1-1-0-3-3-0-3-4-2-1-3	1-3-5-1-1-1-1-3-0-1-1-1
392	4	4-4-4-4-1-4-4-1-4-4-7-4	1-7-5-2-1-1-1-3-3-3-2-5	2-4-3-2-2-3-5-6-5-3-5-5	3-3-3-3-3-3-3-2-5-4-3-2	4-4-2-2-3-5-3-3-3-1-1-2	1-3-3-1-3-3-3-3-4-4-4-4	2-4-1-1-3-4-3-5-4-4-3-3	1-2-2-5-2-1-5-3-3-4-3-1	4-1-3-3-4-1-1-5-5-3-2-5	5-1-4-4-1-5-1-5-1-1-5-2	3-1-5-0-9-5-0-1-3-1-1-3	1-3-3-3-1-1-2-1-0-1-1-4
392	5	5-7-5-4-5-6-5-5-5-6-6-6	6-6-7-2-1-6-1-6-5-7-2-6	2-5-3-2-2-2-6-5-1-3-6-4	3-6-6-6-3-3-5-2-4-4-6-2	4-6-6-7-3-4-6-5-6-1-3-2	6-3-3-1-5-1-6-4-5-5-6-4	2-2-7-1-3-5-5-5-8-5-6-5	1-2-2-4-6-1-7-3-3-5-3-1	3-3-3-6-5-3-4-4-4-6-5-4	4-2-5-6-1-6-1-5-1-1-4-2	1-1-4-7-6-4-0-3-3-1-1-3	1-3-3-7-1-1-3-1-0-9-1-0
392	6	6-5-5-6-7-5-7-6-6-9-5-5	5-5-5-2-6-1-6-5-8-5-8-5	2-6-7-7-6-8-8-8-7-6-5-6	7-7-7-7-6-8-7-2-7-5-5-6	9-5-8-6-3-4-5-7-5-6-7-7	7-8-7-7-7-6-5-7-5-5-5-6	7-5-4-3-3-5-5-7-5-5-7-3	1-6-12-7-9-7-5-6-3-5-9-1	3-1-3-5-6-6-6-8-6-5-6-6	7-6-9-5-8-5-7-5-1-1-5-6	7-1-5-5-5-0-0-4-1-6-8-3	1-3-3-8-1-1-8-1-6-5-1-1
392	7	7-7-5-9-6-5-6-5-6-7-4-5	6-5-5-7-6-1-8-3-6-5-8-8	8-7-8-8-9-3-6-8-6-8-8-8	6-6-6-6-7-6-6-9-6-8-9-7	9-0-6-9-8-7-8-8-5-7-6-6	6-9-6-4-6-8-8-6-5-5-3-8	9-7-5-0-8-7-5-6-5-10-6-3	1-7-3-8-7-8-5-9-3-7-6-1	3-1-3-9-6-6-1-6-6-5-6-9	6-7-5-1-9-7-6-5-7-10-1-9	6-1-5-5-4-1-0-3-1-6-1-3	1-7-7-5-1-1-8-1-0-7-1-7
392	8	8-12-9-7-8-10-8-8-8-8-8-8	6-5-9-7-6-9-7-6-6-5-6-9	7-7-7-7-7-9-6-7-7-7-9-7	8-8-7-8-7-6-9-7-8-9-8-7	7-0-6-11-7-9-9-7-9-6-6-6	10-6-9-5-8-7-9-8-8-8-9-7	7-7-8-10-12-8-9-9-5-7-10-7	1-7-1-7-7-7-9-6-7-7-6-1	1-1-3-7-8-3-1-6-9-8-6-8	6-6-8-10-7-7-6-9-7-10-10-7	10-3-8-5-9-1-0-1-10-6-6-3	1-7-7-6-10-1-7-11-9-10-10-9
392	9	8-8-8-7-9-8-8-7-9-6-4-9	9-5-8-7-6-9-10-11-10-5-10-8	9-10-10-7-7-10-10-10-10-7-8-7	10-8-11-7-7-9-8-11-6-8-7-9	7-11-11-7-9-8-8-7-8-9-9-9	6-7-8-9-8-7-8-6-8-8-7-11	10-7-11-9-9-7-8-8-5-12-9-9	10-7-10-9-6-9-8-6-9-9-6-1	9-9-9-7-2-10-9-9-6-9-7-7	9-9-6-9-7-7-9-8-7-9-9-7	10-1-9-5-9-12-1-9-9-6-1-3	9-9-9-9-9-1-1-9-8-5-1-8
392	10	11-10-12-12-11-11-11-11-10-12-11-10	12-5-11-11-12-12-9-10-11-11-11-11	10-9-11-12-10-9-11-10-11-7-10-10	9-9-9-11-11-11-10-7-11-8-11-9	11-9-9-11-9-10-9-11-9-10-10-10	10-11-11-10-8-7-11-11-8-8-5-9	12-11-11-9-9-10-11-11-5-11-9-10	9-10-9-11-11-9-11-11-9-10-9-10	9-9-9-11-12-9-9-9-7-12-11-7	9-9-10-9-11-11-10-11-7-9-9-12	9-1-9-5-12-11-10-9-9-6-9-10	9-10-10-9-9-1-10-8-7-8-8-10
392	11	10-10-10-10-10-10-10-10-10-10-10-10	10-5-10-10-10-10-12-9-10-10-10-12	11-12-10-10-11-11-10-11-10-7-11-11	9-11-9-10-10-10-11-9-10-9-10-9	10-9-9-8-9-10-12-10-9-11-10-11	10-10-10-11-8-7-10-10-11-8-11-9	11-10-11-9-11-11-10-10-11-10-10-11	11-10-9-10-10-12-10-10-9-11-11-12	11-11-9-10-11-11-9-11-6-10-10-7	9-9-11-9-10-10-10-10-7-11-11-7	11-11-11-5-10-10-11-9-9-11-9-11	1-10-11-9-11-1-10-8-11-11-1-10
392	12	12-12-10-12-12-12-10-12-12-10-12-12	10-10-12-10-12-10-11-9-10-12-10-11	11-11-12-10-12-12-12-11-10-12-12-12	9-12-12-12-12-12-11-12-12-12-12-11	10-9-9-12-11-12-11-12-12-12-7-10	12-12-10-10-12-11-12-12-12-12-12-9	10-12-12-12-8-12-8-11-12-10-6-12	12-10-7-12-12-11-5-9-7-9-11-11	11-12-3-12-10-12-12-12-12-10-7-12	9-12-12-12-12-7-12-10-12-12-12-10	11-12-12-5-10-9-11-12-12-12-12-12	12-12-12-9-11-12-12-12-12-12-12-0
393	0	0-0-0-0-0-0-0-0-0-0-0-0	0-0-0-0-0-0-0-0-0-0-0-0	0-0-0-0-0-0-0-0-0-0-0-0	0-0-0-0-0-0-0-0-0-0-0-0	0-0-0-0-0-0-0-0-0-0-0-0	0-0-0-0-0-0-0-0-0-0-0-0	0-0-0-0-0-0-0-0-0-0-0-0	0-0-0-0-0-0-0-0-0-0-0-0	0-0-0-0-0-0-0-0-0-0-0-0	0-0-0-0-0-0-0-0-0-0-0-0	0-0-0-0-0-0-0-0-0-0-0-0	0-0-0-0-0-0-0-0-0-0-0-0
393	1	1-1-1-1-1-1-1-1-1-1-1-1	2-1-2-1-1-2-2-1-1-1-1-2	1-0-2-2-2-2-2-0-2-2-2-1	2-0-2-2-2-2-0-2-1-0-2-1	2-0-1-6-0-1-2-2-0-1-0-2	1-2-1-0-0-3-1-2-1-1-7-5	0-1-1-1-0-1-1-2-1-1-2-0	1-1-1-1-1-2-1-1-1-0-0-0	0-0-0-1-1-1-0-2-2-1-1-1	2-1-1-2-2-1-3-1-1-0-0-1	7-1-1-3-3-1-0-1-0-1-1-1	4-1-1-1-2-1-1-0-1-1-2-1
393	2	2-2-1-2-2-2-2-2-2-2-2-1	1-2-1-1-2-1-1-2-2-3-1-2	0-3-1-1-1-5-3-1-1-3-2-3	1-3-1-1-1-1-2-1-2-2-3-1	1-2-1-1-3-2-3-3-2-2-3-1	3-3-4-3-2-1-3-1-2-2-9-2	2-2-2-2-3-2-2-3-2-3-1-3	2-2-2-3-2-1-2-3-3-0-2-0	2-5-2-2-1-3-2-3-1-1-2-5	1-3-2-1-1-1-4-3-1-0-2-2	2-2-2-0-2-2-0-2-2-4-3-2	2-2-1-2-1-2-2-0-2-2-1-1
393	3	3-3-3-3-3-3-3-3-3-3-1-3	3-3-3-1-3-3-1-3-3-2-1-3	0-2-2-3-1-2-4-3-3-2-4-4	2-2-4-2-1-2-3-1-3-3-2-0	1-0-1-3-2-4-2-2-2-2-2-2	2-2-2-2-3-1-4-3-3-3-3-3	2-2-3-2-2-3-3-2-3-2-2-2	3-2-4-4-2-0-3-2-2-3-2-0	3-6-2-2-3-2-1-2-3-1-3-1	3-2-3-4-1-2-1-2-1-0-0-1	0-4-3-1-10-3-0-2-0-2-4-2	1-2-2-2-1-1-1-0-3-3-3-3
393	4	4-4-3-4-4-4-3-3-3-4-4-3	6-3-3-1-5-5-1-6-5-2-2-5	0-4-1-5-3-6-6-5-6-5-6-5	4-5-5-5-1-2-6-1-5-5-3-0	1-0-1-5-2-3-5-4-5-2-2-2	5-2-2-2-4-1-5-5-4-4-4-2	2-5-4-0-2-4-5-5-5-4-1-2	3-3-3-3-6-0-4-2-2-3-2-0	5-0-5-2-4-2-0-5-6-6-6-9	6-2-3-5-5-1-2-4-4-0-0-4	0-3-6-9-5-4-0-2-0-2-6-2	5-1-10-2-1-4-6-4-9-5-5-5
393	5	5-6-3-3-4-5-6-6-6-5-4-6	6-3-4-1-4-4-6-4-7-7-6-4	5-6-7-5-6-2-4-4-5-4-4-4	6-4-5-6-6-6-4-7-4-4-2-6	6-5-8-4-2-3-4-7-4-6-9-8	8-6-2-5-5-1-4-4-3-3-6-7	6-4-4-6-2-5-4-4-4-4-6-2	3-2-6-4-4-6-4-4-2-10-6-0	4-2-4-7-5-5-0-6-5-4-7-7	5-6-7-4-6-6-5-8-5-6-6-4	5-4-4-7-4-4-4-6-6-5-4-2	6-5-5-6-6-6-4-9-4-5-4-5
393	6	6-6-6-6-4-6-6-6-5-6-6-5	5-7-7-6-7-9-5-4-5-6-5-7	5-5-5-5-5-4-4-6-7-7-7-5	5-6-5-5-5-5-4-1-7-7-6-5	5-0-5-8-2-7-7-6-7-5-5-5	5-5-7-8-6-1-7-8-6-6-5-5	5-6-6-5-9-6-8-7-6-4-5-2	6-7-5-4-4-5-9-2-2-4-5-0	5-3-7-2-4-6-0-5-4-4-4-9	4-5-4-5-5-7-7-4-5-5-5-6	5-6-4-4-6-4-0-7-5-2-4-6	7-5-5-5-5-5-4-4-4-5-4-6
393	7	6-8-8-7-8-10-6-6-6-8-6-6	9-6-6-7-6-8-9-10-5-5-8-8	7-8-8-9-7-8-8-8-8-8-6-8	8-7-6-9-5-8-6-5-6-7-7-10	1-8-5-7-8-6-8-9-6-8-5-5	8-8-6-7-7-10-6-4-6-6-1-8	2-6-7-8-7-9-4-8-6-6-8-8	7-6-8-6-6-8-6-6-2-9-7-8	8-8-8-2-9-7-8-8-8-6-5-6	7-1-5-7-4-6-5-5-9-8-8-1	8-3-7-7-4-7-7-6-8-2-5-2	6-5-8-2-5-1-1-7-4-8-4-6
393	8	8-8-7-8-8-8-9-8-8-7-8-9	8-6-6-7-10-7-7-7-5-6-7-7	7-7-7-9-7-7-7-7-7-7-9-7	7-7-8-7-5-7-9-5-6-8-9-7	1-7-5-6-7-8-7-8-6-8-5-5	7-5-6-7-7-7-9-6-8-8-4-7	5-9-8-7-7-8-6-7-8-8-7-7	6-8-7-7-8-7-6-2-2-8-7-7	7-7-7-2-7-7-7-7-9-9-7-7	7-8-5-9-5-7-5-5-7-7-7-10	7-8-9-4-4-10-7-7-7-2-5-2	8-5-7-5-5-5-8-4-8-7-8-6
393	9	8-10-10-10-10-10-8-10-9-8-10-10	10-8-6-10-7-6-7-7-10-8-10-7	7-9-10-10-9-10-8-7-7-10-8-9	10-7-10-7-9-9-8-5-9-8-8-7	9-7-9-9-7-8-10-7-9-9-5-5	9-9-9-2-7-7-8-9-6-4-2-10	9-8-8-9-6-7-9-8-8-8-9-2	7-9-10-9-9-7-6-10-2-7-9-7	7-7-2-9-7-5-9-8-8-4-9-6	9-2-9-8-9-9-9-4-7-7-7-9	7-9-4-4-4-7-7-6-9-9-5-9	8-5-9-9-9-5-9-5-4-7-4-6
393	10	10-9-10-10-10-10-9-10-10-10-10-10	9-8-8-9-10-10-7-7-9-10-9-7	8-9-10-9-10-9-10-10-9-10-10-10	9-10-9-9-10-10-9-10-10-10-10-7	10-7-10-10-10-10-9-10-10-10-9-5	10-10-10-10-10-7-10-10-10-10-10-10	9-10-10-10-6-10-10-10-10-10-10-9	10-10-9-10-10-7-6-9-9-10-9-7	2-10-10-10-9-10-10-9-10-9-9-7	5-10-10-10-10-10-10-5-10-10-10-10	10-10-10-4-3-4-7-10-10-10-10-10	8-10-10-6-5-10-10-7-10-10-10-6
394	0	0-0-0-0-0-0-0-0-0-0-0-0	0-0-0-0-0-0-0-0-0-0-0-0	0-0-0-0-0-0-0-0-0-0-0-0	0-0-0-0-0-0-0-0-0-0-0-0	0-0-0-0-0-0-0-0-0-0-0-0	0-0-0-0-0-0-0-0-0-0-0-0	0-0-0-0-0-0-0-0-0-0-0-0	0-0-0-0-0-0-0-0-0-0-0-0	0-0-0-0-0-0-0-0-0-0-0-0	0-0-0-0-0-0-0-0-0-0-0-0	0-0-0-0-0-0-0-0-0-0-0-0	0-0-0-0-0-0-0-0-0-0-0-0
394	1	1-1-1-1-1-1-1-1-1-1-1-1	0-0-0-2-0-0-0-1-0-0-2-1	3-1-0-0-2-0-2-0-2-1-3-2	0-0-0-2-2-3-0-2-2-0-2-0	2-0-3-3-0-1-2-2-0-1-2-3	2-0-2-0-0-2-1-2-1-1-7-0	1-1-0-0-1-0-1-2-1-1-3-0	2-1-1-1-1-0-0-2-1-0-1-0	1-0-0-1-2-1-0-2-0-1-1-1	0-0-1-2-4-1-1-0-1-0-0-1	0-1-0-0-0-0-0-0-0-0-1-1	0-1-1-0-0-0-1-0-0-0-1-1
394	2	2-2-1-2-2-3-2-2-2-2-2-2	4-2-0-1-2-3-0-5-2-2-1-2	5-3-3-3-1-5-3-3-1-5-6-1	3-3-3-1-1-1-2-1-1-2-4-5	1-0-1-1-3-1-3-1-2-0-1-1	1-3-4-0-2-1-3-4-2-2-9-2	2-2-2-2-2-2-2-1-2-3-2-5	9-1-3-3-2-2-2-3-2-0-3-0	2-5-2-2-1-4-2-1-2-7-1-2	2-2-2-1-1-1-1-2-0-2-2-1	5-2-0-0-2-2-0-0-3-3-2-2	0-2-2-0-0-2-5-2-0-1-0-2
394	3	3-3-3-3-3-2-3-3-3-3-3-3	4-3-3-1-4-3-5-2-2-2-1-3	1-2-2-4-1-2-4-3-2-2-4-4	2-2-4-2-1-1-3-1-1-3-2-3	1-0-1-1-2-4-2-4-2-3-2-1	1-3-2-0-0-1-4-3-3-3-3-3	2-3-4-2-2-0-4-5-3-2-2-2	3-1-2-2-3-2-3-2-2-3-2-0	4-4-2-2-3-3-0-2-3-2-1-2	4-2-3-3-1-2-4-3-4-2-3-1	2-2-0-0-5-4-5-0-2-2-2-2	7-2-1-0-1-0-1-0-0-3-3-2
394	4	4-4-4-4-4-4-3-3-3-4-4-4	3-3-3-1-3-6-0-3-2-2-1-5	1-4-0-3-1-2-3-3-6-2-5-3	2-2-5-5-1-1-5-1-5-3-2-0	1-0-4-5-2-3-5-4-5-4-4-1	1-2-2-0-4-1-5-2-4-4-4-3	2-5-3-3-2-4-9-5-4-4-1-2	4-3-1-2-2-0-5-5-2-4-2-0	3-3-5-2-4-2-0-2-3-5-6-3	3-2-12-5-5-2-3-5-4-2-3-1	2-2-4-7-5-5-3-0-5-2-2-2	5-2-1-4-12-0-2-0-0-4-5-7
394	5	5-4-5-5-4-5-5-6-4-6-4-6	5-4-4-5-5-6-6-6-6-2-6-6	6-5-6-6-6-2-6-6-6-2-4-6	6-6-4-6-8-6-4-8-4-3-2-5	8-0-8-8-2-3-6-6-4-5-5-6	2-7-6-12-5-6-4-4-4-4-2-6	2-4-3-2-2-7-4-4-4-12-2-6	4-6-12-6-2-6-4-7-2-5-9-0	5-2-4-7-5-2-0-6-7-4-7-7	2-8-7-4-6-6-4-5-6-2-5-1	2-2-4-5-4-4-3-0-4-7-2-2	4-5-5-7-6-5-2-0-4-6-4-2
394	6	6-6-6-6-6-6-6-6-6-6-6-6	3-4-7-1-6-5-5-5-5-7-5-7	5-6-5-5-5-7-5-7-7-7-7-7	5-5-6-5-5-5-4-5-7-7-7-5	5-0-6-5-2-7-7-5-7-6-5-5	2-5-7-0-9-5-7-6-6-6-4-6	2-7-6-0-9-6-7-7-4-6-0-5	6-5-2-5-7-5-6-6-2-6-0-0	5-2-7-2-6-2-0-5-6-5-5-9	7-0-6-6-5-5-5-9-5-5-5-1	6-3-6-10-12-4-6-0-2-0-2-2	7-5-2-5-12-9-11-0-9-5-6-8
394	7	6-4-6-6-7-6-8-7-6-8-6-6	3-3-6-7-6-8-8-8-5-6-5-8	7-8-8-5-7-7-8-9-8-8-6-7	8-7-8-5-5-8-7-5-6-6-6-7	5-8-8-5-8-6-8-6-6-5-5-7	8-5-6-7-7-12-6-6-8-4-10-6	11-6-6-2-7-5-6-6-4-4-10-6	7-5-10-6-6-8-6-5-2-7-7-9	7-9-6-5-1-7-7-9-5-2-5-5	6-12-5-7-6-1-4-4-7-9-7-1	10-8-7-8-8-7-9-7-8-5-5-2	7-5-8-5-7-7-1-7-6-7-4-4
394	8	9-8-8-8-8-7-8-6-8-7-6-8	10-10-9-7-9-10-7-11-5-10-7-9	7-8-7-5-5-9-9-7-7-7-9-9	7-7-7-5-5-7-9-5-9-9-8-7	5-7-7-5-7-8-7-8-8-5-8-5	11-9-6-8-8-7-9-9-8-8-11-8	11-9-6-8-7-8-11-9-10-8-7-11	7-5-5-5-8-7-6-6-2-9-7-7	8-7-8-7-8-8-11-9-8-7-5-6	7-7-8-9-7-7-9-12-7-7-7-1	7-10-11-7-12-7-7-7-7-5-8-8	8-9-7-8-7-11-1-7-9-9-8-8
394	9	8-8-8-8-9-10-9-12-8-9-10-10	12-8-8-10-8-8-10-10-10-9-10-8	10-10-10-10-10-10-10-7-10-10-8-10	10-7-9-10-10-10-8-11-8-11-9-9	10-7-12-10-7-8-10-10-8-5-9-10	10-10-10-9-6-7-10-10-9-3-2-10	10-8-6-9-8-8-4-10-4-5-9-10	2-9-9-10-10-7-6-12-10-7-7-7	9-7-2-10-11-10-9-10-8-11-9-5	6-10-8-10-10-10-10-6-10-7-7-10	9-8-8-7-6-7-7-7-7-10-10-9	9-10-9-9-9-6-9-7-8-8-4-10
394	10	10-8-11-10-11-10-11-10-11-10-10-10	8-11-10-9-8-12-9-9-9-10-9-9	9-9-9-9-9-9-9-7-8-9-11-9	9-9-9-9-9-9-10-9-11-8-9-9	9-7-9-9-7-10-9-9-10-10-9-9	9-9-9-10-10-7-9-10-10-10-7-9	9-10-10-10-9-10-10-9-10-10-7-9	7-9-11-9-9-7-6-5-9-7-7-7	7-7-2-9-10-7-9-9-11-10-9-9	7-9-8-9-9-9-9-10-9-7-7-9	7-8-7-10-12-7-7-12-7-9-9-9	9-9-7-12-6-0-9-0-11-11-10-12
394	11	10-8-10-11-10-10-10-12-10-10-11-10	12-10-10-11-11-12-11-12-12-11-11-12	11-12-9-12-11-11-10-11-11-9-10-11	9-11-9-11-9-9-11-9-10-9-12-9	9-7-9-9-11-10-10-10-8-11-11-7	8-11-9-11-11-9-10-6-11-10-8-9	11-8-11-10-11-11-8-9-11-4-7-8	11-9-10-9-9-12-6-5-9-11-11-11	11-7-2-9-9-7-8-10-10-9-9-5	8-9-11-11-9-9-10-3-11-7-7-1	7-8-8-10-6-7-7-7-7-9-9-9	11-9-7-9-7-8-9-7-11-10-10-10
394	12	12-12-12-12-12-12-12-12-12-12-12-12	11-10-12-11-12-11-11-11-11-12-9-11	11-11-12-12-12-12-12-12-11-12-12-11	12-12-9-11-12-12-11-12-12-12-12-9	12-11-9-12-7-12-11-12-8-12-5-11	12-12-12-9-12-7-10-12-12-12-12-12	9-12-12-12-8-12-12-11-12-12-8-12	12-12-10-12-12-11-6-9-9-12-11-11	11-12-12-12-10-12-12-10-12-9-9-8	7-12-4-12-12-1-12-10-12-12-7-12	7-12-12-8-8-12-7-12-12-12-12-12	12-8-12-10-6-12-12-7-12-12-12-10
395	0	0-0-0-0-0-0-0-0-0-0-0-0	0-0-0-0-0-0-0-0-0-0-0-0	0-0-0-0-0-0-0-0-0-0-0-0	0-0-0-0-0-0-0-0-0-0-0-0	0-0-0-0-0-0-0-0-0-0-0-0	0-0-0-0-0-0-0-0-0-0-0-0	0-0-0-0-0-0-0-0-0-0-0-0	0-0-0-0-0-0-0-0-0-0-0-0	0-0-0-0-0-0-0-0-0-0-0-0	0-0-0-0-0-0-0-0-0-0-0-0	0-0-0-0-0-0-0-0-0-0-0-0	0-0-0-0-0-0-0-0-0-0-0-0
395	1	1-1-1-1-1-1-1-1-1-1-1-1	1-0-1-0-1-1-4-0-1-1-0-2	0-2-0-1-2-0-0-0-0-0-0-0	2-0-2-0-0-0-0-1-1-1-2-7	2-0-5-0-1-1-2-2-1-0-0-0	0-2-2-0-0-4-0-0-1-1-0-2	2-1-1-1-0-1-0-0-1-0-5-0	1-1-0-1-1-2-1-1-1-1-0-0	1-0-1-1-1-1-1-1-1-1-1-1	2-1-1-1-2-1-1-1-3-1-5-1	0-1-1-0-1-3-1-1-1-1-1-1	1-1-2-1-0-1-1-0-1-1-1-1
395	2	2-2-2-2-2-2-2-2-2-2-2-2	3-2-2-0-2-2-1-3-2-3-2-3	0-3-1-3-3-7-3-3-0-2-3-3	4-3-1-3-3-4-2-1-2-2-3-0	4-0-0-3-3-2-3-3-3-2-4-0	3-4-4-5-2-1-3-3-2-2-10-1	1-2-2-3-3-1-2-3-2-2-2-3	2-2-3-3-2-1-2-3-5-1-4-0	2-5-5-2-2-2-1-3-2-2-1-2	1-3-1-1-1-1-3-2-1-3-1-2	2-2-2-2-2-2-1-2-5-1-1-2	2-2-1-1-2-2-2-2-2-1-1-2
395	3	3-3-3-3-3-3-3-3-3-3-3-3	2-3-3-0-2-3-1-4-2-2-2-4	0-2-0-2-4-2-4-5-4-5-4-4	2-2-4-2-2-2-3-3-3-4-5-0	2-0-0-3-2-5-2-2-2-6-2-0	2-2-2-2-2-1-4-4-2-3-3-3	2-3-4-2-2-5-2-4-3-3-2-2	3-3-2-2-3-1-3-2-4-4-2-0	3-2-2-2-3-2-1-2-4-2-4-2	2-2-3-5-1-3-4-3-1-2-1-4	0-2-7-3-4-4-1-2-2-4-2-4	1-2-1-1-0-3-2-4-5-1-3-3
395	4	5-4-4-4-4-4-4-4-5-4-4-4	5-5-3-6-4-5-1-6-2-2-5-3	0-4-4-3-5-2-3-4-5-2-5-3	2-6-5-5-2-2-4-1-5-3-3-0	2-0-0-4-2-3-4-5-5-2-2-0	0-2-2-2-4-1-5-3-4-4-5-6	2-3-3-0-2-5-5-5-4-4-0-2	3-5-2-3-2-0-6-2-3-3-2-0	4-2-4-2-4-2-1-1-4-4-3-5	12-2-4-3-4-4-7-5-4-1-6-3	5-2-5-5-3-2-0-0-10-3-4-3	8-2-7-1-6-4-3-3-3-4-5-5
395	5	4-3-4-5-5-5-4-5-4-5-5-6	6-4-3-6-7-5-1-7-7-7-5-6	2-5-6-6-6-5-6-6-4-3-4-5	6-6-4-6-5-2-6-5-6-3-3-6	6-6-1-8-2-3-6-4-7-5-10-5	2-2-6-2-4-1-4-5-4-5-4-5	6-5-3-1-2-3-4-4-4-4-6-6	3-5-2-6-5-1-4-2-2-3-6-0	4-2-2-5-10-6-1-6-7-7-6-7	4-2-5-6-4-5-4-4-1-2-1-4	5-11-4-4-4-6-6-2-2-6-7-2	5-7-5-1-5-5-5-5-3-7-4-4
395	6	6-7-4-6-6-6-4-6-4-8-6-5	5-7-3-5-4-5-9-7-5-5-7-5	0-6-6-7-7-8-7-8-7-7-5-7	5-7-7-5-7-9-5-9-5-7-3-5	5-3-3-7-2-3-7-4-5-9-5-6	2-5-7-8-6-1-5-5-6-7-4-6	7-6-3-1-2-6-5-4-11-4-6-5	5-6-8-5-5-1-4-2-2-8-5-0	7-2-2-6-7-5-5-5-5-5-6-5	6-2-6-5-7-5-4-9-1-2-4-6	5-5-7-0-4-5-5-2-2-5-5-2	5-5-5-1-5-5-7-5-3-5-4-4
395	7	4-6-7-6-7-6-6-9-7-5-7-6	2-6-3-9-5-5-8-6-5-5-8-6	8-8-8-6-6-2-8-8-9-6-8-8	8-8-8-8-6-8-6-9-5-9-6-1	9-7-8-6-2-3-8-8-5-6-8-8	8-8-8-6-6-11-8-5-4-6-8-8	8-6-6-0-8-7-4-5-6-6-8-6	10-6-8-8-5-1-4-13-13-1-7-0	8-2-2-8-7-5-13-8-5-5-6-5	6-8-7-4-8-5-8-4-7-8-8-7	8-5-6-9-4-11-8-4-8-8-5-11	5-5-7-11-8-5-6-2-3-11-4-4
395	8	8-8-8-9-8-9-8-8-8-9-8-9	11-9-9-7-5-9-7-9-7-9-7-11	7-7-7-6-6-9-9-6-7-6-9-7	7-8-7-7-7-7-9-7-9-10-9-7	7-0-7-5-0-10-7-7-8-6-7-7	7-7-9-6-6-7-9-8-8-8-7-7	7-9-8-0-9-8-9-9-6-8-7-8	8-10-6-9-9-1-13-7-2-8-7-0	7-8-9-9-8-8-0-7-13-8-8-9	9-7-8-9-7-6-7-4-7-2-7-9	7-5-8-11-4-5-7-13-7-7-5-7	9-9-5-7-7-9-6-9-10-7-4-11
395	9	8-9-8-9-9-8-8-7-12-12-8-8	8-11-9-7-11-11-9-8-9-8-7-8	13-9-9-7-7-8-8-9-7-10-8-9	10-10-10-5-7-7-9-7-10-10-8-1	7-0-7-10-1-8-9-9-10-6-7-7	7-7-8-6-9-7-10-8-9-9-5-7	7-8-8-0-8-7-10-8-6-8-10-8	9-7-12-8-8-12-8-9-2-9-7-12	7-10-8-8-9-7-1-7-8-11-8-8	8-7-9-10-7-8-10-6-8-1-8-8	7-5-13-8-13-9-0-10-10-7-5-7	8-8-5-1-7-7-5-9-11-10-4-5
395	10	10-10-10-13-11-10-11-13-12-13-11-13	11-9-9-11-12-11-11-11-11-8-11-11	10-10-11-11-10-11-10-11-11-9-11-10	11-11-11-7-10-10-11-12-9-9-8-13	5-12-12-9-11-8-11-10-9-10-7-7	11-11-8-10-10-11-9-8-9-9-2-11	10-8-8-13-11-11-9-8-6-8-13-11	12-8-11-10-9-11-8-13-11-11-7-12	11-11-13-8-11-5-11-11-5-10-10-5	10-11-7-11-7-5-9-4-11-11-7-12	11-5-9-8-9-13-11-9-11-13-5-10	13-8-10-11-11-5-6-10-8-8-4-4
395	11	10-10-11-10-10-8-10-10-11-10-10-11	10-9-9-10-9-9-10-10-10-10-10-8	13-11-10-13-11-10-11-10-10-12-10-11	10-10-10-12-11-11-10-10-9-9-11-10	12-0-10-6-10-11-12-12-10-6-11-7	12-10-12-11-10-12-11-11-4-9-13-12	11-11-8-10-10-10-9-12-6-11-12-8	9-11-13-11-11-10-8-10-10-10-7-0	10-10-10-11-13-5-10-10-5-10-11-5	10-10-9-10-11-11-11-5-10-10-7-11	10-5-9-8-6-10-10-0-10-11-5-11	9-11-10-10-10-7-11-2-9-7-4-8
395	12	12-9-12-13-10-8-10-10-10-13-10-9	10-9-10-10-10-10-13-13-10-10-10-13	12-12-11-11-12-10-11-12-13-11-12-12	13-12-10-13-11-11-13-10-12-10-11-10	11-13-10-12-12-11-13-11-10-12-12-12	11-10-11-12-10-13-11-11-9-9-12-11	12-10-10-12-12-12-11-11-10-6-12-12	10-11-11-11-11-13-11-10-10-12-12-13	12-9-10-10-10-5-10-12-5-10-11-10	12-12-9-10-10-11-11-6-10-12-12-11	10-12-10-8-10-9-13-12-12-11-10-12	9-11-12-10-12-12-5-12-12-12-4-11
395	13	13-13-13-13-13-13-10-13-13-10-13-13	10-9-13-10-13-10-12-12-10-13-10-12	12-12-13-11-13-13-13-12-12-13-13-12	12-13-12-13-13-13-12-13-13-13-13-10	11-12-13-13-12-13-12-13-13-13-4-7	13-13-11-13-13-12-13-13-13-13-13-13	11-13-13-13-8-13-5-12-13-13-12-12	13-11-11-13-13-12-8-10-10-10-10-12	7-13-10-13-11-13-13-10-13-10-11-5	10-13-13-13-13-5-13-8-10-13-12-13	12-13-13-8-9-10-12-13-13-13-13-13	10-8-13-10-10-13-13-2-13-13-4-13
396	0	0-0-0-0-0-0-0-0-0-0-0-0	0-0-0-0-0-0-0-0-0-0-0-0	0-0-0-0-0-0-0-0-0-0-0-0	0-0-0-0-0-0-0-0-0-0-0-0	0-0-0-0-0-0-0-0-0-0-0-0	0-0-0-0-0-0-0-0-0-0-0-0	0-0-0-0-0-0-0-0-0-0-0-0	0-0-0-0-0-0-0-0-0-0-0-0	0-0-0-0-0-0-0-0-0-0-0-0	0-0-0-0-0-0-0-0-0-0-0-0	0-0-0-0-0-0-0-0-0-0-0-0	0-0-0-0-0-0-0-0-0-0-0-0
396	1	1-1-1-1-1-0-1-1-1-1-1-1	1-0-0-1-1-1-0-0-1-1-1-0	3-1-0-1-1-2-2-0-0-1-2-1	2-0-0-2-1-3-0-4-1-0-2-0	1-2-1-2-0-1-2-2-1-1-2-1	2-0-1-1-0-3-1-1-1-1-1-0	1-1-1-0-1-0-1-0-1-1-1-1	1-1-1-1-1-0-1-1-1-0-1-0	1-0-1-1-2-1-0-2-1-1-1-1	1-1-1-2-2-1-1-1-1-0-0-1	2-1-1-0-1-0-0-0-0-1-1-1	0-1-4-1-0-1-1-0-0-0-2-1
396	2	2-2-2-2-2-2-2-2-2-2-2-2	3-2-2-1-2-2-3-3-2-3-1-2	1-3-1-1-1-7-1-3-0-2-1-1	1-3-3-1-1-1-2-1-1-2-1-0	1-1-1-1-3-1-3-1-2-2-4-1	1-4-4-0-2-1-3-1-2-2-10-4	5-2-2-2-3-2-2-3-2-2-1-5	1-1-1-3-2-2-2-4-5-2-4-0	2-5-2-3-1-4-2-3-2-2-1-2	3-1-2-2-3-1-3-2-2-3-2-1	7-2-2-0-2-2-0-2-5-3-2-2	4-2-2-3-2-2-1-2-2-0-1-2
396	3	3-3-3-3-3-3-3-3-3-3-3-3	2-3-3-1-2-3-2-4-2-2-0-4	1-2-0-1-1-2-4-5-4-5-4-4	2-2-2-2-1-1-4-1-4-4-5-0	1-6-1-1-2-5-2-1-2-6-5-1	1-2-2-2-2-1-4-4-2-3-3-3	5-3-4-2-2-3-2-4-3-3-1-2	4-1-1-2-3-3-3-2-4-4-2-0	3-2-2-2-3-2-4-2-4-3-4-2	2-1-3-5-2-1-4-2-1-2-0-1	2-2-4-3-4-4-0-2-2-4-2-4	2-2-1-2-0-3-1-3-7-2-3-2
396	4	5-4-4-4-4-4-4-4-5-4-4-4	5-5-3-1-4-5-6-3-2-2-5-3	0-4-4-1-5-2-3-6-5-2-5-3	2-6-5-5-1-6-4-1-5-3-3-0	1-0-0-4-2-3-4-6-5-6-2-1	1-2-2-0-4-1-5-3-4-4-5-6	2-1-3-0-2-4-5-5-4-4-1-2	3-1-1-3-2-0-6-2-3-3-2-0	5-2-3-2-4-2-4-2-4-4-3-2	9-1-4-7-4-4-3-5-4-0-6-1	2-2-5-11-3-3-0-7-13-3-1-3	2-2-12-7-6-4-1-3-3-4-5-5
396	5	4-3-4-5-5-5-4-5-4-5-5-6	6-4-3-1-7-5-3-4-6-7-5-6	1-5-6-1-6-8-6-6-4-3-4-5	6-6-4-6-1-2-6-6-7-3-3-6	6-6-1-6-2-3-6-4-4-5-6-1	2-5-6-2-4-1-4-5-4-5-4-6	2-1-3-0-2-4-4-4-4-4-1-2	5-1-1-6-5-0-4-2-2-7-5-0	4-2-2-5-4-7-6-6-7-7-5-7	4-2-5-3-5-14-4-4-4-2-4-1	5-8-4-4-4-6-0-2-2-2-7-2	5-7-5-5-5-5-5-5-3-6-4-4
396	6	6-6-4-6-6-6-4-6-4-8-6-5	5-4-3-1-4-5-7-7-5-2-8-5	1-7-8-8-7-5-7-5-7-8-7-7	5-8-6-5-8-8-5-5-5-8-3-5	5-4-1-7-2-3-5-4-7-10-5-6	5-3-7-7-6-0-5-5-6-5-4-6	3-6-6-2-2-6-6-4-6-9-6-7	5-6-1-5-5-0-4-2-2-6-7-0	6-2-2-2-4-5-4-5-5-5-6-5	7-2-6-5-7-5-4-6-6-2-4-1	5-5-7-0-7-5-5-2-2-2-5-2	5-2-5-5-4-5-7-5-3-5-4-6
396	7	7-6-7-6-7-8-7-7-7-6-6-4	6-3-3-7-5-5-6-6-5-2-6-5	8-6-8-6-6-2-6-6-6-6-6-6	8-8-8-6-9-9-5-8-5-3-3-7	8-0-8-8-2-3-8-8-5-6-7-8	8-8-8-6-6-9-3-6-4-6-8-8	3-6-9-0-2-7-4-8-6-7-8-7	5-7-7-8-8-7-4-7-2-6-7-0	7-2-2-8-7-5-2-8-5-5-9-5	6-8-7-4-8-5-4-5-8-8-7-7	2-2-4-0-6-7-0-2-0-7-5-10	5-5-8-8-7-5-6-0-3-8-4-4
396	8	8-8-8-8-8-9-8-8-8-8-8-8	5-9-9-7-8-9-6-6-8-8-6-10	7-8-7-6-7-10-9-8-8-9-9-9	7-7-7-7-6-6-9-7-9-9-8-0	7-0-7-7-2-9-9-7-9-8-7-7	7-7-9-6-8-7-9-8-8-8-7-7	7-9-8-0-8-8-8-7-6-9-7-7	8-7-9-7-7-9-10-7-2-8-7-0	7-8-2-7-4-5-4-7-5-4-4-10	7-7-8-8-7-11-14-9-7-7-7-7	0-5-7-9-12-7-0-12-2-2-5-7	10-7-7-7-12-10-6-0-11-7-4-14
396	9	10-9-8-9-9-8-8-8-9-9-8-9	10-8-8-9-8-8-11-10-11-8-9-10	9-9-10-6-7-9-8-10-9-8-8-9	9-9-10-10-7-7-8-7-8-8-9-11	7-14-9-7-10-8-10-7-8-9-9-9	1-9-8-9-9-14-8-8-8-8-1-9	9-8-8-11-9-7-11-10-7-6-10-11	11-8-10-8-7-10-8-7-7-9-10-10	9-10-9-7-7-5-10-10-5-9-7-5	4-14-5-9-10-5-8-8-10-10-9-7	10-12-9-8-9-10-10-9-10-7-5-7	8-5-9-9-9-8-5-11-8-9-4-8
396	10	8-11-9-10-9-11-6-10-9-11-11-11	9-8-8-11-8-8-11-11-9-11-9-11	10-10-11-11-10-11-10-9-9-10-9-10	11-9-9-9-10-11-8-7-8-8-10-12	11-9-11-6-9-10-11-11-10-6-10-11	11-10-8-10-8-11-11-10-4-8-2-11	11-10-8-12-9-7-12-9-6-7-11-10	9-10-9-10-10-9-8-7-10-9-9-9	9-9-2-10-11-5-9-11-5-11-10-5	9-11-7-9-9-10-10-5-9-9-9-10	9-11-4-9-6-9-9-9-9-10-5-7	8-2-9-11-9-8-6-9-8-9-4-8
396	11	11-11-11-11-11-8-13-9-11-10-11-11	11-11-8-10-12-11-10-10-9-12-9-10	10-12-10-10-10-12-12-10-9-12-11-11	12-12-11-11-12-10-11-7-12-11-12-9	10-9-10-11-10-10-10-10-11-11-10-10	10-10-11-12-8-10-10-10-8-8-13-10	10-10-8-9-11-8-9-10-6-12-10-11	9-10-12-10-10-12-8-11-11-9-9-9	10-9-2-11-10-11-9-10-5-11-10-13	10-10-5-11-13-8-10-8-11-9-11-10	9-10-11-11-11-14-9-11-9-11-11-11	8-11-9-10-11-11-11-9-8-12-4-8
396	12	13-13-13-14-13-14-13-13-13-13-13-14	13-13-13-13-13-13-13-13-13-13-13-13	12-11-13-14-11-11-11-14-13-11-11-11	11-11-13-11-11-10-14-13-13-13-11-10	10-9-10-11-12-13-13-12-13-13-13-10	12-13-13-13-12-10-13-13-13-12-4-13	10-13-12-12-11-12-13-12-12-13-10-12	13-12-11-12-13-13-11-13-11-12-9-12	12-9-13-11-13-13-13-13-14-14-12-11	13-13-12-13-11-13-13-13-11-12-9-13	9-14-13-12-13-12-9-14-9-12-13-12	8-11-13-14-12-13-13-12-13-11-13-13
396	13	12-12-12-12-12-12-12-12-12-12-12-12	12-12-12-14-12-12-12-12-12-12-12-12	13-14-14-14-12-12-13-12-12-12-12-13	12-12-12-12-11-10-12-12-12-12-11-13	13-9-14-11-12-12-14-12-12-12-12-13	12-12-12-13-12-12-12-12-12-12-11-12	12-12-12-12-11-13-12-13-12-12-14-12	12-13-12-13-12-14-8-12-14-12-13-9	12-9-12-13-12-12-12-13-12-12-14-11	12-13-12-12-11-12-12-12-11-9-9-12	9-12-12-12-12-13-9-14-9-13-12-12	8-12-12-13-13-12-12-9-12-9-12-12
396	14	14-12-12-12-14-12-12-12-12-13-12-14	12-12-12-13-12-12-12-13-12-14-12-13	12-13-13-12-14-13-14-12-12-14-14-14	13-14-14-13-14-14-12-14-12-14-14-9	10-9-10-14-9-14-13-14-12-14-7-13	14-14-12-13-14-9-14-14-14-14-14-14	10-14-14-14-12-14-12-13-14-14-13-12	14-13-12-14-14-13-14-11-10-12-13-9	13-9-14-14-10-12-14-12-14-12-13-12	12-14-14-14-13-5-14-13-11-14-9-14	13-12-12-12-6-11-9-13-14-12-12-14	14-14-14-12-13-14-14-9-14-14-14-8
397	0	0-0-0-0-0-0-0-0-0-0-0-0	0-0-0-0-0-0-0-0-0-0-0-0	0-0-0-0-0-0-0-0-0-0-0-0	0-0-0-0-0-0-0-0-0-0-0-0	0-0-0-0-0-0-0-0-0-0-0-0	0-0-0-0-0-0-0-0-0-0-0-0	0-0-0-0-0-0-0-0-0-0-0-0	0-0-0-0-0-0-0-0-0-0-0-0	0-0-0-0-0-0-0-0-0-0-0-0	0-0-0-0-0-0-0-0-0-0-0-0	0-0-0-0-0-0-0-0-0-0-0-0	0-0-0-0-0-0-0-0-0-0-0-0
397	1	0-0-0-0-0-0-0-0-0-0-1-0	0-0-0-0-0-1-2-0-0-0-2-0	2-0-2-0-2-1-2-0-0-0-0-1	2-0-0-0-1-0-0-2-0-0-0-5	0-0-2-0-2-0-2-0-0-0-1-2	0-0-0-0-0-0-2-0-0-0-0-0	0-0-0-0-1-0-0-2-0-0-0-0	0-0-0-1-0-0-0-0-0-1-0-0	0-2-0-0-0-0-0-1-1-1-1-0	0-0-1-0-0-0-0-0-3-1-1-0	0-1-0-0-0-1-3-0-4-1-0-1	0-0-1-1-1-1-1-0-1-0-0-0
397	2	2-2-2-2-0-2-2-2-2-2-2-2	2-2-0-4-0-2-1-3-3-2-1-3	1-3-1-3-3-3-3-1-0-3-3-3	3-1-0-3-3-3-0-5-3-0-3-1	3-0-1-3-1-2-3-3-2-3-1-3	5-1-2-1-0-4-2-2-2-2-11-0	2-2-2-2-2-0-2-3-0-2-3-2	0-2-2-2-2-1-2-2-2-1-2-0	2-1-2-3-3-0-0-2-2-2-2-2	2-2-2-3-3-3-2-2-1-0-2-2	0-2-3-0-0-1-1-0-0-2-2-2	0-2-2-2-5-0-2-0-2-2-0-2
397	3	3-3-2-3-3-3-3-3-3-3-3-3	4-3-3-2-3-4-4-3-3-4-2-3	1-2-5-2-2-4-2-4-1-2-4-2	5-4-4-2-2-2-3-2-2-3-2-2	2-0-1-2-4-2-4-2-3-3-5-2	2-4-4-0-3-2-4-3-4-3-13-3	5-3-3-3-4-3-3-4-3-4-3-4	3-2-7-4-3-4-3-7-6-6-3-0	3-4-3-4-2-3-3-4-3-4-2-3	4-2-3-3-2-2-3-3-1-4-3-2	6-3-3-0-3-3-1-3-6-3-3-3	3-3-2-2-1-3-2-3-2-2-0-3
397	4	4-4-4-4-4-4-4-4-4-4-4-4	3-4-4-2-3-4-3-5-3-3-2-5	1-3-3-2-2-3-5-6-5-6-5-5	3-3-3-2-2-2-5-2-5-5-6-1	2-0-1-2-3-6-3-3-3-7-6-3	2-3-3-1-0-2-5-3-3-4-4-3	3-2-5-3-3-6-5-3-4-3-3-3	5-2-2-3-3-3-3-3-5-5-3-0	4-3-3-3-8-3-0-3-5-3-5-5	3-2-4-6-2-2-5-3-1-3-3-2	3-3-14-0-5-4-7-3-3-5-3-5	3-3-2-1-0-3-2-4-13-5-4-3
397	5	6-5-5-5-5-5-5-5-7-5-5-5	6-8-4-2-8-6-7-7-3-3-2-4	1-5-5-2-6-3-4-7-6-3-6-4	3-7-6-6-2-7-5-2-5-4-4-1	2-0-1-8-3-4-5-7-6-2-3-2	2-3-3-0-5-2-6-3-5-5-6-3	3-3-4-3-3-5-6-6-5-5-0-3	4-2-2-3-3-0-7-5-4-4-3-0	6-1-5-3-5-3-0-3-4-5-4-6	3-2-5-4-5-2-4-6-2-1-7-2	6-3-6-0-4-6-0-0-8-4-3-4	0-3-8-1-2-5-3-4-4-5-6-6
397	6	5-4-5-6-6-7-5-6-5-6-7-5	7-5-4-2-8-5-5-5-7-8-6-8	1-6-7-2-5-7-7-7-5-4-5-6	7-7-5-7-2-3-7-2-5-5-4-7	7-0-2-9-3-4-7-5-8-6-7-2	3-3-3-0-5-2-5-6-5-6-5-3	3-2-4-3-3-5-5-5-4-5-7-3	7-2-3-3-6-0-5-3-3-8-7-0	5-3-3-6-8-7-0-7-6-7-6-8	5-2-6-4-8-2-6-5-1-3-5-2	6-3-5-0-5-7-7-8-3-7-8-3	6-8-6-6-6-6-6-6-4-6-5-5
397	7	7-8-7-7-7-7-5-7-5-7-7-6	6-5-4-2-5-6-9-5-6-3-9-6	2-7-10-10-8-9-8-6-9-9-6-8	6-7-8-8-11-5-6-11-8-8-8-8	6-4-1-8-3-4-6-5-6-10-6-7	6-4-8-9-7-2-5-6-7-7-5-7	3-7-7-3-3-7-5-5-10-11-7-3	6-7-10-3-6-0-5-3-3-7-6-0	7-3-3-10-8-6-1-6-6-6-7-6	7-2-6-6-8-2-8-10-1-3-5-2	6-6-8-0-5-6-7-3-3-6-6-3	6-3-6-6-6-6-8-6-4-6-5-9
397	8	7-7-11-9-8-8-5-8-8-7-7-11	9-5-5-8-6-5-9-9-9-6-9-9	8-9-11-7-7-9-9-9-9-7-8-7	9-9-9-7-7-10-8-8-7-7-7-11	10-10-8-7-3-4-9-9-6-8-10-9	9-10-7-7-7-9-4-3-7-7-5-9	3-7-7-9-3-8-5-9-7-8-9-6	8-7-2-9-3-9-5-9-3-6-10-8	8-3-6-9-7-6-14-9-6-7-8-6	7-9-6-5-9-2-7-5-1-9-10-2	6-3-6-0-5-11-6-6-9-8-6-8	8-6-13-8-11-6-7-6-4-8-5-5
397	9	9-9-10-10-9-8-9-9-9-9-9-9	10-9-10-8-6-6-7-8-8-9-8-8	14-8-8-7-7-11-10-10-8-7-10-8	8-8-8-8-7-8-10-7-10-10-10-8	8-8-8-6-3-11-8-8-10-7-10-8	8-8-11-7-9-8-10-9-9-9-6-9	3-13-9-8-11-9-13-10-7-9-8-12	9-8-7-10-9-10-13-8-3-9-8-0	8-9-10-8-9-8-8-8-10-13-11-10	10-2-10-10-8-10-8-7-10-8-8-2	0-6-5-12-14-8-0-12-8-3-6-9	8-3-8-8-8-8-7-9-4-12-5-7
397	10	10-10-9-9-12-10-10-9-9-9-9-10	9-11-9-8-10-10-9-8-8-11-8-10	14-8-8-7-7-11-9-9-9-11-11-10	8-8-11-6-7-8-9-2-11-9-9-8	8-8-8-13-3-9-11-10-11-7-9-8	6-8-9-7-11-8-11-9-11-11-6-9	3-2-9-1-9-8-11-9-7-9-8-6	4-8-7-9-9-9-9-11-3-10-8-0	9-1-9-7-10-8-0-8-9-9-9-9	9-2-9-9-11-9-11-7-9-8-8-14	0-6-5-9-11-9-0-12-8-3-6-9	11-3-6-8-8-8-7-9-13-12-13-12
397	11	11-10-8-11-10-12-9-9-12-9-13-11	12-10-9-8-10-12-11-13-13-12-8-11	11-11-8-7-7-12-10-12-12-10-10-10	13-13-10-11-7-12-13-7-10-10-12-8	6-14-11-12-13-9-10-11-10-11-11-11	12-11-9-7-11-8-10-12-10-10-2-12	11-7-9-11-9-8-10-9-7-9-11-10	9-7-13-9-11-11-9-12-11-13-11-12	8-11-13-9-2-6-13-11-9-11-9-9	11-11-6-11-10-2-10-5-13-11-8-2	11-6-11-10-5-14-13-13-11-11-6-11	10-3-11-11-8-11-7-11-4-10-5-5
397	12	13-14-13-14-13-14-13-12-14-14-13-14	13-10-13-13-13-13-13-14-13-13-13-13	12-12-13-14-12-11-13-14-13-13-13-12	11-12-11-13-12-12-11-12-13-11-12-14	14-12-14-11-11-12-12-12-11-13-13-13	13-11-13-13-11-14-12-13-10-9-7-12	14-9-9-12-11-12-13-12-13-13-13-9	12-12-13-12-12-11-9-13-11-11-13-12	12-11-11-12-14-13-11-12-12-11-12-13	11-12-13-11-13-13-10-14-11-11-12-13	12-14-12-9-14-12-12-14-13-12-13-11	10-12-12-11-12-13-13-13-9-10-5-14
397	13	12-12-12-12-12-14-12-12-12-14-12-12	12-12-12-12-12-12-12-11-12-12-12-12	13-14-12-12-13-14-12-12-12-12-12-12	11-12-11-12-13-13-11-7-12-9-13-13	13-12-13-11-11-12-14-13-13-12-12-13	12-11-14-12-10-12-13-13-10-3-3-14	13-9-10-12-11-13-9-12-7-12-13-13	12-13-12-13-13-11-9-12-11-11-12-12	13-11-11-13-13-12-11-13-6-12-13-6	12-13-13-11-13-12-10-7-11-11-13-12	13-12-13-9-12-12-11-11-12-13-12-13	10-3-11-13-13-12-12-12-4-13-13-12
397	14	14-14-12-14-14-12-12-14-14-12-14-14	12-12-14-12-12-12-12-12-12-14-12-12	12-13-14-12-14-13-14-12-12-14-14-12	13-14-12-14-14-14-12-14-14-14-14-12	12-12-14-14-14-14-13-14-14-14-8-8	14-14-13-14-14-8-14-14-14-14-14-14	13-14-14-14-9-14-6-13-14-13-12-13	14-14-12-14-14-12-14-13-13-11-12-14	12-14-14-14-13-14-14-12-14-12-12-10	11-12-14-14-14-6-14-12-14-14-14-14	12-12-14-9-12-11-14-12-14-14-12-14	14-12-14-9-12-14-14-12-14-14-14-12
398	0	0-0-0-0-0-0-0-0-0-0-0-0	0-0-0-0-0-0-0-0-0-0-0-0	0-0-0-0-0-0-0-0-0-0-0-0	0-0-0-0-0-0-0-0-0-0-0-0	0-0-0-0-0-0-0-0-0-0-0-0	0-0-0-0-0-0-0-0-0-0-0-0	0-0-0-0-0-0-0-0-0-0-0-0	0-0-0-0-0-0-0-0-0-0-0-0	0-0-0-0-0-0-0-0-0-0-0-0	0-0-0-0-0-0-0-0-0-0-0-0	0-0-0-0-0-0-0-0-0-0-0-0	0-0-0-0-0-0-0-0-0-0-0-0
398	1	1-0-0-0-0-0-0-0-0-0-0-0	0-0-0-0-0-0-0-0-0-0-0-0	3-1-0-0-1-1-2-0-0-0-2-1	2-0-2-0-1-2-0-1-0-0-0-1	0-0-1-2-1-0-2-0-0-0-1-1	0-1-0-0-0-0-0-1-1-0-0-0	1-0-0-11-0-0-0-0-1-0-0-0	0-0-0-1-1-1-0-1-1-0-1-0	1-1-1-1-0-1-1-2-0-1-1-0	0-0-1-1-0-0-0-0-1-7-1-0	0-1-0-0-0-1-6-0-0-0-1-1	1-1-1-1-1-0-1-0-0-1-1-0
398	2	3-2-3-2-2-3-3-3-2-2-3-3	3-3-3-3-3-3-3-3-3-3-3-3	2-3-3-3-4-1-3-3-4-3-3-2	1-2-3-3-2-2-3-1-2-3-2-6	6-6-2-1-3-2-2-2-1-3-3-3	5-3-0-6-3-9-3-1-3-3-12-3	2-3-3-6-2-3-3-2-1-0-6-3	2-2-3-2-2-6-4-3-2-4-3-2	7-1-3-1-3-4-1-3-3-4-2-3	4-15-2-5-3-3-10-3-1-10-7-3	2-3-3-0-0-2-0-2-15-2-4-2	0-1-2-1-6-3-4-2-3-3-2-16
398	3	2-2-3-2-2-2-2-2-2-2-2-2	2-2-2-6-2-2-2-2-2-2-2-2	1-2-4-2-5-4-4-4-2-2-2-2	4-2-2-4-3-4-2-7-3-2-4-7	5-2-7-5-2-3-4-3-3-2-2-6	6-2-3-2-3-2-4-3-2-2-5-2	3-3-2-2-3-3-3-4-2-3-4-5	2-3-4-3-3-1-2-4-3-2-2-2	2-1-2-2-12-2-1-4-2-3-3-4	2-3-2-2-2-4-2-3-1-1-2-6	2-2-2-2-0-2-0-0-2-2-2-3	1-3-6-1-2-2-3-0-2-4-3-2
398	4	5-4-2-4-4-4-5-4-4-2-2-2	2-4-2-3-2-2-5-4-4-5-2-5	9-5-3-2-3-9-3-5-2-5-5-5	3-5-5-3-3-6-5-3-3-4-3-3	3-2-3-3-5-4-5-5-4-4-6-7	9-6-6-13-4-2-5-3-5-4-13-4	10-4-4-4-5-4-5-5-4-4-4-7	4-3-7-5-4-4-2-3-7-4-4-2	4-9-4-4-3-2-9-3-2-2-3-3	5-4-4-5-2-3-5-2-1-1-4-3	2-5-2-0-4-4-0-7-7-5-2-4	6-4-1-5-4-2-2-4-3-3-3-2
398	5	4-5-5-5-2-5-5-5-5-5-6-5	4-5-6-3-4-2-4-6-4-4-2-6	3-4-2-6-3-4-6-7-6-7-6-6	4-4-4-3-3-3-6-3-5-6-7-3	3-8-3-3-4-7-4-4-4-5-2-4	2-4-4-4-4-2-6-6-4-5-3-5	3-5-7-4-4-5-4-4-5-4-4-4	6-3-4-4-5-5-5-4-6-5-4-2	5-4-4-4-5-2-4-4-3-7-6-2	4-3-5-7-2-5-6-0-1-4-2-6	4-4-9-0-6-2-0-4-4-6-2-6	4-4-1-4-2-2-3-5-12-13-6-2
398	6	6-2-6-6-6-6-6-6-7-6-6-6	7-9-5-3-7-7-2-8-4-4-7-5	2-6-6-5-7-4-5-6-7-4-7-5	4-5-7-7-3-4-6-3-7-5-5-2	3-2-3-7-4-5-6-6-7-4-2-4	3-4-4-2-6-2-7-5-6-6-7-4	3-5-7-2-4-6-6-7-6-6-2-4	5-3-4-5-4-2-8-4-5-5-4-0	2-1-4-4-6-2-2-4-7-6-5-4	4-3-6-5-2-6-5-7-1-1-2-3	4-4-7-2-5-2-1-0-2-5-2-5	4-4-3-4-2-2-2-5-5-5-7-2
398	7	6-5-6-8-7-8-6-7-6-7-8-6	9-6-5-3-6-6-2-4-9-9-7-8	4-7-8-7-6-8-8-8-6-5-6-7	8-5-6-8-3-4-8-3-6-5-5-3	3-2-3-8-4-5-8-6-6-5-8-4	4-4-4-4-6-2-6-7-6-7-6-4	3-7-5-2-4-5-6-6-6-6-4-4	5-3-4-4-7-5-6-4-4-5-4-2	2-1-4-7-9-7-4-8-9-9-7-7	4-3-7-5-9-9-7-6-1-1-2-3	7-9-6-0-6-8-0-4-4-4-9-4	8-9-7-4-2-7-7-8-5-7-6-2
398	8	8-9-9-8-10-8-6-8-6-10-9-7	7-6-5-2-6-7-9-9-7-7-9-7	4-9-10-10-9-7-7-9-9-10-7-9	7-8-8-7-12-6-7-12-7-10-12-3	7-5-3-9-4-5-7-6-8-10-7-4	4-5-9-9-8-2-6-7-8-8-3-8	3-8-8-2-4-12-6-7-8-6-8-4	5-8-4-7-7-9-6-3-4-8-9-2	4-1-4-4-9-7-4-7-7-10-8-7	9-4-8-5-9-7-6-11-8-1-2-8	4-2-2-0-8-7-0-4-4-4-7-4	7-4-7-4-2-7-9-7-5-7-6-2
398	9	10-8-9-10-8-9-10-10-9-9-8-6	7-6-5-10-6-10-8-8-7-7-10-7	11-8-11-11-8-4-10-8-8-8-7-8	10-10-10-8-11-10-6-11-7-8-5-3	10-5-11-10-4-5-10-10-7-8-10-10	4-11-10-8-9-12-5-10-8-8-4-11	3-8-8-2-10-9-6-9-8-9-11-4	7-9-12-10-10-9-6-12-4-8-9-4	4-4-4-12-9-7-4-10-7-7-12-7	8-4-7-5-10-7-10-6-10-1-2-10	4-7-5-0-8-9-0-4-4-9-7-4	7-7-9-6-2-2-8-5-5-9-6-8
398	10	10-10-10-10-8-10-10-10-10-12-10-10	10-12-11-9-11-7-8-11-7-11-9-14	9-10-9-8-9-12-11-8-8-11-11-9	9-9-9-9-9-9-12-9-11-8-11-1	9-2-9-9-4-11-9-9-11-8-9-9	4-9-9-8-10-9-11-10-10-10-11-10	4-10-12-2-11-10-12-11-8-9-4-11	10-9-9-9-9-9-12-9-4-14-2-0	4-1-4-9-6-7-4-9-11-6-6-9	8-4-10-11-9-11-2-0-9-16-2-11	11-2-2-14-16-2-0-16-13-4-7-10	11-11-7-4-2-2-8-11-11-14-6-12
398	11	10-15-10-11-12-10-11-11-11-10-12-13	12-10-10-9-10-12-11-9-12-12-12-13	9-10-9-9-12-12-10-8-12-10-10-12	11-9-12-14-9-9-11-9-12-12-10-3	9-1-9-12-4-10-12-9-12-8-12-9	4-9-10-8-10-9-10-10-11-11-3-9	3-13-8-1-10-10-14-12-11-11-9-10	10-9-12-10-7-11-10-9-4-10-12-12	4-1-4-9-10-7-16-12-7-8-9-11	9-4-10-12-12-10-11-11-12-1-2-10	10-2-6-12-12-12-10-13-4-9-7-11	10-11-7-4-2-2-8-10-5-12-6-11
398	12	10-12-11-14-11-12-10-11-11-10-12-12	11-10-10-12-11-14-13-11-11-11-10-10	12-13-13-13-11-13-13-13-11-13-14-11	13-12-11-11-9-13-14-15-11-11-13-12	9-12-14-11-13-10-11-13-11-12-11-12	12-12-11-11-12-9-11-10-10-11-2-13	14-8-10-12-12-9-10-11-8-9-12-15	6-9-9-12-12-12-10-9-12-12-12-13	13-12-14-9-9-7-12-11-8-12-9-7	12-4-7-11-11-10-11-11-13-12-12-9	12-2-12-11-11-16-13-12-12-9-7-12	12-11-12-12-12-12-8-12-5-11-10-10
398	13	15-14-13-14-15-13-16-13-10-10-10-11	11-10-10-14-10-14-14-14-14-14-14-11	12-12-14-12-11-12-14-12-14-14-13-13	12-13-12-11-14-14-12-12-11-12-13-13	14-12-16-8-12-13-14-14-11-13-15-14	14-14-16-15-10-15-14-13-11-10-4-14	14-11-12-13-14-9-15-13-8-16-14-14	8-9-12-14-13-12-10-16-4-12-14-12	14-12-4-14-15-14-12-12-7-16-14-7	12-14-10-12-14-16-11-16-12-12-14-15	13-7-13-11-11-13-12-12-15-13-7-13	13-7-12-13-13-2-8-5-5-14-6-13
398	14	15-15-15-12-14-15-14-14-16-16-15-16	15-10-16-13-10-13-13-13-13-13-13-10	12-13-13-13-11-12-13-12-13-14-15-13	13-13-12-11-13-13-12-9-15-14-14-12	13-12-12-9-12-15-13-13-14-8-11-13	13-13-10-13-15-12-15-14-14-14-12-14	12-11-14-12-16-14-15-15-14-14-13-15	5-9-12-13-13-12-10-9-4-10-13-0	13-12-12-13-6-11-12-13-16-11-13-9	12-13-10-13-13-13-15-15-13-12-13-13	13-14-16-10-13-2-0-0-2-13-7-13	13-11-12-13-13-2-8-14-5-13-14-14
398	15	15-16-14-15-15-15-15-16-15-15-14-16	14-10-14-16-15-15-16-16-16-13-16-16	15-15-15-15-15-12-15-15-15-15-14-15	15-15-16-16-13-12-15-12-14-12-16-12	13-15-12-11-12-14-16-15-14-15-13-15	16-15-10-15-14-13-14-10-15-10-15-15	15-11-15-2-15-15-14-14-14-13-16-14	15-8-13-13-13-16-10-9-12-15-15-16	15-15-14-13-13-13-15-15-7-12-8-7	12-2-14-15-13-13-14-14-15-15-16-13	13-2-2-11-13-15-16-12-2-13-7-4	13-7-15-13-15-2-8-15-15-15-10-2
398	16	16-16-16-16-16-16-16-16-16-16-16-16	14-10-16-15-16-16-15-15-15-16-15-15	15-15-15-15-16-16-16-16-15-16-16-15	15-16-15-15-16-16-15-16-16-16-15-13	13-15-13-16-15-16-15-16-14-16-13-9	16-16-13-13-16-15-16-16-16-16-16-16	13-16-16-16-14-16-10-15-16-16-15-16	16-16-9-16-16-15-10-9-12-9-13-16	15-16-4-16-13-16-16-3-16-13-13-7	12-16-16-16-16-13-16-13-16-16-15-16	15-16-16-16-16-12-15-16-16-16-7-16	13-16-16-12-2-16-16-15-16-16-16-2
399	0	0-0-0-0-0-0-0-0-0-0-0-0	0-0-0-0-0-0-0-0-0-0-0-0	0-0-0-0-0-0-0-0-0-0-0-0	0-0-0-0-0-0-0-0-0-0-0-0	0-0-0-0-0-0-0-0-0-0-0-0	0-0-0-0-0-0-0-0-0-0-0-0	0-0-0-0-0-0-0-0-0-0-0-0	0-0-0-0-0-0-0-0-0-0-0-0	0-0-0-0-0-0-0-0-0-0-0-0	0-0-0-0-0-0-0-0-0-0-0-0	0-0-0-0-0-0-0-0-0-0-0-0	0-0-0-0-0-0-0-0-0-0-0-0
399	1	1-1-1-2-1-2-1-1-2-1-1-1	1-0-0-2-1-1-1-2-1-2-1-1	1-2-2-2-1-2-1-2-1-2-1-1	2-1-2-2-0-2-2-1-0-2-2-1	0-2-2-1-2-0-2-2-2-2-1-0	2-2-2-1-2-2-0-1-0-0-0-0	0-1-2-8-1-1-1-2-1-2-2-0	1-1-2-0-1-2-1-0-2-3-2-2	2-1-1-1-1-1-11-0-1-1-1-1	2-2-0-0-3-1-0-1-1-1-0-0	8-1-2-5-8-1-1-2-3-2-1-0	3-1-1-0-3-2-0-3-2-2-2-2
399	2	1-1-1-1-1-1-1-1-1-1-1-1	2-0-1-1-2-1-3-1-1-1-3-3	3-3-1-1-2-1-3-1-1-1-1-2	3-1-3-1-0-2-1-1-0-1-1-9	0-1-6-0-3-0-3-1-1-6-2-2	1-9-1-2-1-1-0-2-0-0-0-3	3-2-1-13-3-0-0-4-0-1-1-1	2-1-1-2-1-3-1-0-2-1-1-1	2-2-1-2-1-1-9-2-2-1-2-0	1-1-2-2-2-1-0-1-2-3-2-0	1-2-1-1-1-2-2-1-6-1-2-2	1-0-2-2-2-1-0-1-1-3-1-1
399	3	1-3-1-4-1-3-1-3-1-1-2-1	2-0-1-4-1-2-2-2-1-1-2-2	2-2-4-5-4-4-4-2-2-5-4-3	2-2-2-4-4-4-1-4-4-2-3-3	4-1-4-5-2-3-4-4-3-2-15-3	4-6-4-2-1-4-4-3-0-0-3-2	3-3-0-2-2-3-3-2-3-3-4-3	3-4-3-3-3-2-1-3-3-1-3-1	3-2-3-3-4-4-2-4-0-3-4-1	3-3-0-5-1-3-3-1-2-2-2-3	3-3-1-1-1-2-2-1-1-3-3-3	1-3-2-2-6-1-3-1-1-2-1-3
399	4	4-4-1-3-5-4-4-4-4-4-4-4	5-4-1-3-4-5-2-5-4-5-2-4	2-2-3-3-3-7-3-3-2-5-3-3	6-5-5-3-3-3-5-3-3-4-3-3	3-3-3-3-5-3-5-3-5-4-3-3	3-3-6-10-4-3-3-3-5-4-10-4	3-4-7-4-5-4-4-5-4-3-3-6	3-3-3-5-4-5-4-5-4-1-3-1	4-2-4-4-3-6-4-3-0-4-3-4	3-3-2-3-4-3-3-4-2-5-4-3	4-4-1-1-5-4-2-4-4-6-4-4	1-4-4-2-4-4-3-4-0-1-1-4
399	5	5-5-5-5-5-5-5-4-5-6-5-5	4-7-6-3-6-5-2-4-4-4-2-7	2-5-4-3-3-4-6-5-2-4-6-6	4-4-4-4-3-3-6-3-3-5-6-2	3-1-3-3-4-7-4-3-4-7-2-3	3-3-4-2-4-3-6-5-4-5-0-5	3-4-7-4-4-10-4-4-4-5-3-4	5-3-3-4-3-5-5-4-4-2-4-1	5-2-4-4-1-4-1-3-9-3-3-7	4-3-6-5-1-3-3-5-6-4-2-3	1-4-6-1-4-2-1-4-4-4-4-4	7-4-2-2-3-4-3-1-7-2-1-12
399	6	6-6-6-5-6-5-6-6-5-5-6-5	7-7-5-3-5-6-2-7-4-7-7-7	3-6-8-3-3-4-5-8-7-4-7-7	4-7-7-4-3-3-5-3-7-7-4-2	3-1-2-6-4-5-7-6-7-2-4-3	3-3-4-2-8-3-7-7-6-6-6-5	3-5-7-2-4-6-7-7-8-7-3-4	6-3-4-5-4-7-5-4-4-2-4-1	5-2-4-4-8-4-4-3-5-7-8-4	3-3-5-7-6-3-7-12-5-2-6-3	1-4-10-6-7-5-2-1-2-4-3-4	11-4-3-2-3-1-3-8-8-7-7-5
399	7	7-6-8-5-7-5-6-8-5-5-6-8	6-6-5-3-5-6-8-6-7-6-8-5	3-7-8-8-3-4-8-6-6-4-6-8	8-8-9-8-8-8-5-9-6-6-6-2	8-3-9-8-4-5-8-8-6-8-8-8	8-8-8-7-7-15-6-6-6-6-8-8	8-6-5-2-4-10-6-8-6-9-8-4	6-8-3-8-4-8-5-10-4-15-7-1	8-2-14-4-7-8-2-8-7-6-9-9	3-3-10-6-8-3-7-6-7-2-7-7	4-4-6-6-6-9-2-7-4-4-10-4	5-7-7-7-8-7-3-1-6-6-6-5
399	8	9-8-8-8-8-8-9-7-9-9-10-9	10-6-10-3-9-10-7-8-7-6-7-9	3-8-7-3-3-10-7-6-7-10-9-7	7-7-7-7-7-7-8-3-9-6-8-2	7-1-2-7-4-9-7-7-9-7-7-7	7-7-7-7-8-7-9-8-9-8-7-7	7-8-8-1-4-8-14-8-6-10-7-4	8-9-3-9-6-7-10-7-4-8-7-1	7-2-4-7-8-8-1-7-10-7-9-8	9-7-8-6-7-3-9-6-7-8-7-7	1-8-6-14-15-15-2-9-8-4-9-8	9-4-7-7-7-10-11-8-10-9-10-10
399	9	8-10-10-9-9-9-8-9-8-10-8-10	9-6-8-10-8-10-10-10-11-6-10-10	9-10-10-11-9-11-10-10-10-8-8-10	10-10-7-10-7-9-9-7-8-8-8-2	3-11-7-7-10-8-10-10-8-9-9-9	8-10-8-9-8-10-8-8-8-6-9-7	9-8-9-2-9-9-11-10-9-7-9-8	8-8-12-8-8-10-8-7-7-9-9-10	10-2-8-7-3-9-2-10-8-4-8-7	12-10-7-9-10-3-8-6-14-14-10-3	10-8-6-10-4-10-10-8-12-4-8-4	8-4-9-8-9-9-3-9-10-10-8-3
399	10	8-9-9-11-10-9-8-9-7-9-8-9	8-6-8-9-9-9-9-9-9-6-11-9	11-9-9-11-10-11-11-9-9-11-9-9	11-9-11-9-11-11-9-11-10-10-10-2	11-9-11-7-11-10-11-11-10-9-7-11	11-9-7-10-8-11-8-10-6-10-4-10	11-10-8-2-11-12-8-9-10-7-9-4	8-10-9-11-10-9-8-7-13-9-7-9	9-2-11-11-7-8-10-11-11-7-11-7	9-11-7-9-11-10-8-6-9-9-9-10	9-13-6-9-6-9-9-8-9-4-7-10	8-4-9-7-11-8-3-8-8-9-8-5
399	11	11-13-11-11-14-11-11-11-12-10-12-11	11-12-13-9-14-13-13-13-11-12-10-9	10-9-9-9-10-10-12-9-9-13-12-9	10-9-10-9-10-10-9-10-12-13-10-2	10-9-10-7-10-11-10-10-12-7-14-10	10-14-7-13-11-10-12-11-11-11-3-11	10-10-12-12-10-11-15-10-12-11-9-15	8-8-9-10-10-9-8-7-10-11-15-9	12-11-10-10-11-7-1-10-14-12-10-12	8-10-8-12-10-11-7-6-9-9-7-11	9-12-12-12-1-13-9-11-9-4-7-10	6-7-9-7-15-14-8-12-14-12-8-8
399	12	11-12-11-12-9-11-11-13-11-15-12-15	13-11-11-14-11-14-13-11-13-11-14-11	10-13-10-14-10-10-11-9-13-12-11-12	13-9-11-14-13-13-13-10-13-11-10-2	13-9-13-13-11-13-13-13-11-7-13-13	13-13-13-12-12-9-13-12-6-6-5-13	13-11-11-11-13-11-11-13-11-11-13-13	12-12-9-13-13-9-8-7-4-13-14-9	11-2-13-13-15-8-12-13-11-11-12-11	9-12-7-13-13-14-13-6-13-9-13-11	9-11-6-11-1-9-9-12-9-12-5-12	8-4-9-13-13-11-12-11-11-11-8-5
399	13	13-13-13-13-11-13-13-13-13-13-13-13	12-14-11-12-8-11-12-11-12-14-12-14	10-12-12-12-10-12-14-14-12-14-14-13	12-12-11-12-12-12-12-10-14-11-12-2	12-9-12-7-12-14-14-12-14-13-12-12	12-12-12-13-13-9-14-12-13-13-0-12	12-11-14-2-14-11-14-14-14-13-12-12	13-12-9-12-12-9-14-7-10-14-12-9	11-2-12-12-13-13-12-12-15-13-12-11	14-12-13-12-12-12-12-6-12-9-12-11	1-10-14-13-14-11-9-12-12-12-10-13	1-14-9-12-12-1-12-11-1-11-13-14
399	14	15-14-13-15-15-14-13-15-15-15-14-13	15-13-14-12-11-14-12-15-14-13-12-15	14-13-13-15-14-10-13-13-14-13-13-14	14-14-14-15-12-12-9-10-13-14-13-14	12-14-12-12-14-13-13-12-13-14-12-14	12-14-12-12-13-10-13-12-13-6-0-14	12-13-13-14-13-14-13-13-14-15-12-13	13-14-14-12-12-9-13-10-14-14-14-9	14-2-13-14-14-9-14-12-11-13-12-7	14-14-14-14-12-12-14-6-14-9-14-10	14-11-13-11-13-14-9-14-14-12-14-14	13-13-12-14-14-11-12-14-11-14-8-13
399	15	15-15-15-14-15-15-15-15-15-15-15-15	14-13-15-13-15-14-15-14-14-15-12-14	13-14-15-14-15-15-15-15-14-15-15-15	14-15-14-14-15-15-12-15-13-15-15-14	10-9-15-15-15-15-14-15-13-15-7-7	15-15-15-15-15-7-15-15-15-15-15-14	12-15-15-15-13-15-11-13-15-15-14-13	15-12-3-14-15-9-8-10-14-7-14-9	12-15-15-15-12-15-15-12-15-11-12-11	8-15-15-15-15-12-15-14-15-15-15-15	13-15-6-8-8-8-9-15-15-15-15-15	1-15-15-8-11-15-15-11-15-15-15-5
400	0	0-0-0-0-0-0-0-0-0-0-0-0	0-0-0-0-0-0-0-0-0-0-0-0	0-0-0-0-0-0-0-0-0-0-0-0	0-0-0-0-0-0-0-0-0-0-0-0	0-0-0-0-0-0-0-0-0-0-0-0	0-0-0-0-0-0-0-0-0-0-0-0	0-0-0-0-0-0-0-0-0-0-0-0	0-0-0-0-0-0-0-0-0-0-0-0	0-0-0-0-0-0-0-0-0-0-0-0	0-0-0-0-0-0-0-0-0-0-0-0	0-0-0-0-0-0-0-0-0-0-0-0	0-0-0-0-0-0-0-0-0-0-0-0
400	1	1-1-1-1-1-1-1-1-1-1-1-1	2-2-3-2-2-2-1-2-1-1-2-2	3-2-1-1-0-2-1-2-1-0-1-1	1-1-1-1-1-2-3-2-0-2-2-1	2-1-1-0-3-2-1-1-2-1-0-0	1-2-0-2-1-1-2-1-1-3-2-1	11-2-0-1-1-1-2-0-3-1-1-1	1-1-2-1-1-1-0-1-1-1-1-1	1-1-1-1-0-1-1-1-2-1-1-2	1-1-0-4-2-1-2-2-1-1-1-2	1-1-1-0-2-1-1-1-1-1-2-1	1-2-1-1-1-1-1-1-1-1-1-14
400	2	3-3-3-2-2-3-2-2-1-1-2-2	1-1-1-1-3-3-3-3-3-3-1-3	1-1-3-2-2-3-3-1-1-1-2-2	3-2-4-2-1-1-1-1-1-1-1-1	1-1-1-1-3-1-3-2-1-2-2-4	2-1-0-6-1-3-1-1-1-1-1-1	1-1-2-1-2-2-1-3-1-2-1-1	1-1-1-1-1-3-2-0-1-3-7-6	3-1-1-1-3-1-6-3-1-1-2-1	3-1-3-1-5-2-1-2-5-3-1-1	3-1-5-5-1-2-3-1-3-2-1-1	6-2-2-1-3-1-1-3-3-3-3-1
400	3	2-2-2-3-2-2-1-1-2-3-2-3	2-3-1-3-2-2-2-2-2-2-2-2	1-4-2-4-4-4-4-4-2-3-4-4	4-2-1-4-3-4-1-7-4-0-3-1	3-1-1-4-1-3-2-3-1-6-4-6	6-1-3-2-1-2-4-3-1-1-5-4	5-10-1-1-3-1-3-2-1-2-4-5	3-3-3-3-3-2-0-4-1-2-1-2	2-1-1-1-2-1-2-4-5-3-3-3	2-3-2-1-4-4-5-2-2-2-2-4	2-1-2-0-1-2-2-1-2-3-1-3	2-3-3-1-2-2-3-2-2-2-2-1
400	4	5-4-3-2-4-4-4-4-4-2-4-4	2-4-2-3-2-2-5-4-5-5-5-5	3-5-3-3-3-9-3-3-4-6-5-5	3-5-5-3-3-3-5-3-3-4-3-1	3-14-3-3-6-4-5-5-4-4-3-2	3-6-6-13-4-2-3-3-5-4-13-4	1-4-5-4-5-4-5-5-4-2-3-7	4-3-9-5-4-1-4-6-9-1-6-2	4-2-7-4-4-1-2-5-2-4-3-5	5-4-4-1-3-3-5-2-1-2-1-3	4-4-4-0-5-4-2-5-7-5-6-4	2-4-1-6-2-4-4-4-3-5-3-1
400	5	5-5-5-5-2-4-5-5-5-5-6-5	4-5-6-3-4-2-4-6-4-4-4-6	1-4-4-6-3-4-6-7-6-7-6-6	4-4-4-4-3-3-4-3-5-6-7-1	3-1-3-3-4-7-4-4-4-8-9-3	3-4-4-4-4-2-6-6-4-5-3-5	3-5-7-9-4-5-4-4-5-4-3-4	6-3-3-4-5-5-5-4-6-5-2-2	5-1-4-4-5-5-2-4-6-5-6-4	4-3-5-7-2-5-6-2-2-4-3-6	2-4-2-2-6-6-2-4-4-6-5-6	2-4-3-4-2-5-3-5-12-4-5-4
400	6	6-6-6-6-6-7-6-5-6-6-6-6	7-9-5-3-8-7-2-8-4-4-7-5	1-6-4-5-7-4-5-6-7-4-7-5	4-5-7-7-3-4-6-3-7-5-5-1	3-1-1-9-4-5-6-7-7-4-4-3	3-4-4-2-6-2-7-5-6-6-6-4	1-5-7-1-4-5-6-7-7-6-3-4	5-3-4-5-4-2-8-4-5-5-4-2	7-1-4-4-6-1-2-4-6-6-5-7	4-4-6-5-6-6-5-7-2-2-6-5	2-4-7-6-5-5-2-4-4-5-4-5	2-4-3-4-2-6-3-5-5-5-7-7
400	7	6-5-6-6-7-8-6-2-6-7-7-7	8-5-5-3-9-8-5-9-8-9-7-8	4-7-8-8-6-7-8-8-6-5-6-7	8-5-6-8-3-4-8-3-6-5-5-1	3-5-3-10-4-5-8-6-6-5-8-4	3-4-4-2-6-3-6-7-6-7-3-4	1-9-6-1-4-5-6-6-6-6-3-4	5-3-4-8-7-2-6-4-4-5-9-2	4-1-4-7-2-9-1-8-9-9-7-9	2-4-7-5-9-9-7-6-2-1-3-3	7-9-6-0-9-8-2-4-4-4-9-4	2-9-7-1-2-7-7-8-5-7-6-6
400	8	8-9-8-8-8-8-6-8-6-8-8-7	7-6-5-3-6-7-11-9-7-4-9-7	4-8-10-10-9-11-7-7-9-10-9-9	7-6-8-9-12-6-7-11-9-9-5-7	7-5-3-9-4-5-7-6-9-9-7-8	4-5-9-11-9-3-6-7-8-8-6-8	1-8-8-1-4-8-8-6-8-8-3-4	5-8-4-7-7-1-6-4-4-8-9-2	4-1-4-4-2-7-4-7-7-7-8-7	9-4-7-5-9-7-6-13-1-1-6-9	4-7-9-14-9-7-2-4-4-4-7-4	7-4-7-1-2-7-9-7-5-7-6-1
400	9	9-10-10-8-9-10-11-9-14-10-8-9	9-5-5-10-7-9-10-8-7-7-10-10	10-10-11-10-8-4-10-10-8-10-8-10	10-10-10-10-11-10-7-12-8-8-5-10	11-5-14-8-4-5-10-10-8-10-10-10	9-10-10-8-8-14-5-5-6-8-4-11	14-8-8-9-4-9-6-10-8-9-10-4	4-8-4-10-7-9-6-12-4-2-13-4	10-1-14-10-9-7-2-10-7-7-9-7	8-10-9-1-10-7-10-7-10-2-10-9	10-7-6-0-8-9-2-9-4-9-7-4	9-7-7-10-10-7-8-5-5-11-6-1
400	10	10-10-12-10-14-10-10-10-8-10-10-10	10-12-11-9-7-7-9-11-7-11-9-9	9-9-9-9-9-9-9-9-10-11-11-9	9-9-9-9-8-9-11-9-11-10-11-9	9-1-9-7-4-11-9-9-10-9-9-9	9-9-11-8-10-9-11-10-10-10-9-9	1-11-10-1-11-10-12-9-12-10-9-11	10-12-12-11-11-2-12-9-4-10-9-2	9-10-4-9-6-7-2-9-9-6-11-11	9-9-10-10-9-11-9-8-9-14-9-12	9-7-12-14-9-9-2-4-9-4-7-4	10-4-7-9-9-10-8-10-10-9-6-10
400	11	11-11-12-14-9-10-9-14-9-11-13-13	14-10-10-9-12-13-12-13-14-12-12-13	9-11-9-9-12-13-10-12-12-10-10-12	9-12-12-12-9-9-10-8-10-12-10-9	9-1-9-12-12-10-10-9-12-8-13-9	3-9-10-8-11-9-12-10-10-11-1-9	1-13-8-1-10-10-12-12-11-11-9-10	4-10-10-10-10-11-10-9-4-12-14-12	9-13-4-9-10-7-14-12-10-6-10-10	10-4-9-12-12-12-11-8-11-2-10-10	2-4-10-12-12-11-13-4-4-9-7-4	2-12-7-9-2-7-8-11-5-12-6-11
400	12	10-11-10-11-10-14-10-11-12-10-10-10	13-10-10-9-11-11-11-11-13-11-11-11	12-12-13-13-11-11-9-13-11-11-11-11	13-13-11-11-8-12-10-9-11-11-10-13	9-13-9-11-13-10-13-12-11-12-11-11	12-12-10-12-12-9-11-12-10-10-3-13	13-11-10-12-10-13-11-11-10-14-12-12	6-10-13-12-7-13-10-9-12-11-12-11	12-11-12-10-9-7-12-11-8-12-10-10	12-12-9-11-11-11-11-7-12-13-12-10	12-7-10-11-11-14-13-12-13-12-7-12	12-11-12-12-12-12-8-12-5-11-6-1
400	13	10-13-14-14-10-10-10-11-14-14-11-14	12-10-10-14-12-11-14-14-12-13-14-11	12-12-12-12-13-13-13-12-13-13-11-11	12-12-12-14-13-13-12-9-13-11-13-12	13-12-9-8-12-13-14-13-11-12-11-9	13-13-10-13-10-9-13-13-11-10-4-12	13-11-10-12-10-12-11-11-8-14-9-13	4-13-12-13-13-12-10-10-4-11-9-11	12-11-12-13-9-7-12-11-8-8-13-10	12-13-9-11-13-13-13-8-12-12-12-10	12-4-10-11-14-13-12-12-12-13-7-13	12-13-7-12-12-7-8-5-5-11-6-1
400	14	14-14-13-14-14-14-14-14-14-14-14-14	11-11-14-13-14-14-13-13-13-14-13-11	13-13-14-13-14-14-14-14-12-14-14-13	13-14-13-14-14-14-12-14-14-14-14-12	14-12-9-14-14-14-13-14-14-14-9-9	14-14-14-14-14-9-14-14-14-14-14-14	13-14-14-14-10-14-7-13-14-14-9-14	14-13-9-14-14-11-10-9-9-12-11-14	9-14-9-14-13-14-14-14-14-7-13-7	12-14-14-14-14-7-14-12-9-14-14-14	9-14-14-10-8-7-14-14-14-14-7-13	9-14-14-12-10-14-14-12-14-14-14-1
401	0	0-0-0-0-0-0-0-0-0-0-0-0	0-0-0-0-0-0-0-0-0-0-0-0	0-0-0-0-0-0-0-0-0-0-0-0	0-0-0-0-0-0-0-0-0-0-0-0	0-0-0-0-0-0-0-0-0-0-0-0	0-0-0-0-0-0-0-0-0-0-0-0	0-0-0-0-0-0-0-0-0-0-0-0	0-0-0-0-0-0-0-0-0-0-0-0	0-0-0-0-0-0-0-0-0-0-0-0	0-0-0-0-0-0-0-0-0-0-0-0	0-0-0-0-0-0-0-0-0-0-0-0	0-0-0-0-0-0-0-0-0-0-0-0
401	1	1-1-1-1-1-1-1-1-1-1-1-1	1-0-0-0-0-0-2-1-2-1-1-0	1-0-2-1-0-0-2-0-0-0-2-1	0-0-0-0-0-0-1-0-0-0-0-0	0-0-0-0-0-1-2-1-0-1-0-0	1-0-0-2-0-0-0-0-1-1-0-0	0-0-1-1-0-1-0-0-1-1-0-2	1-0-0-0-1-3-0-0-1-0-0-3	1-8-2-0-6-0-0-0-0-1-1-0	1-2-0-0-0-1-0-1-0-1-2-0	0-0-0-0-0-0-0-0-9-0-0-1	3-1-1-1-1-0-1-9-6-1-0-0
401	2	3-3-2-2-3-3-2-3-2-2-3-3	3-3-4-3-3-3-3-3-1-3-1-3	2-2-3-3-3-3-3-3-3-3-3-2	3-2-3-4-2-3-3-8-2-0-3-4	10-6-5-0-3-3-3-3-3-3-6-2	10-3-3-5-3-5-3-0-2-2-13-3	2-0-3-8-2-2-3-3-3-1-7-1	2-2-8-2-2-8-3-3-2-4-3-2	2-1-3-2-3-4-3-3-4-4-2-3	4-10-2-2-7-3-3-3-2-6-6-3	4-3-3-0-3-6-2-2-6-3-3-2	1-2-2-2-2-8-4-4-5-1-2-17
401	3	2-2-2-2-2-2-2-2-3-2-2-3	2-2-2-4-2-2-2-2-4-2-5-2	6-4-4-4-5-2-4-4-4-3-2-4	4-2-2-5-5-4-2-6-5-3-4-2	5-1-4-4-2-4-4-4-3-2-17-4	6-2-3-2-2-2-4-4-2-2-5-4	3-3-2-2-3-2-3-4-2-3-4-4	2-3-4-3-3-1-2-2-3-1-3-1	2-1-2-3-4-2-2-4-2-3-3-4	2-5-2-2-4-4-2-2-5-1-2-4	0-2-2-2-2-2-0-0-1-2-2-3	1-3-3-2-2-2-3-1-4-4-4-2
401	4	5-4-2-4-4-4-5-5-4-2-2-3	2-4-2-3-4-2-2-5-5-5-3-4	0-3-3-3-3-5-3-3-3-5-4-3	3-5-5-3-3-3-5-3-3-4-3-2	3-1-3-3-5-3-5-3-5-4-5-3	3-5-6-2-4-2-5-5-5-4-12-3	5-4-4-4-5-4-5-5-4-4-3-8	10-3-3-5-4-4-2-6-8-2-6-1	4-6-4-4-3-2-4-5-2-4-3-3	5-4-4-5-3-3-2-5-5-5-4-3	4-2-2-0-4-4-2-4-4-5-2-4	4-4-5-4-2-2-2-4-3-3-3-2
401	5	5-5-5-5-4-5-5-5-5-8-5-5	2-5-6-3-6-6-2-4-4-4-3-6	0-5-6-3-3-4-6-6-6-4-6-3	4-4-4-3-3-3-4-3-6-5-3-2	3-2-2-3-4-6-4-3-4-5-2-3	3-4-4-2-4-2-6-4-4-5-3-5	4-5-5-2-4-5-5-6-5-5-4-6	5-3-3-4-4-1-5-4-4-5-4-2	5-5-4-4-10-5-4-4-6-3-3-4	4-4-8-6-6-6-2-4-3-4-2-6	7-4-2-1-6-2-6-4-4-4-2-4	5-6-3-4-2-2-4-5-2-2-5-2
401	6	5-6-5-6-6-5-7-6-6-8-8-6	7-8-5-3-5-8-9-5-3-4-3-5	3-6-5-3-3-8-7-5-7-6-7-6	6-7-7-7-3-4-6-3-5-6-7-0	3-2-2-3-4-5-6-6-4-5-2-3	3-4-4-2-6-2-5-7-6-6-7-5	4-5-6-2-4-5-8-5-6-7-2-5	5-3-3-4-6-2-6-4-4-6-4-1	7-4-4-5-1-6-4-7-5-7-3-4	8-4-6-5-5-5-7-6-7-2-2-5	2-6-5-6-4-2-5-2-2-2-2-4	10-5-3-4-2-2-4-5-1-8-6-2
401	7	9-7-7-7-7-8-7-7-8-2-7-7	6-8-5-3-6-6-2-9-9-8-9-8	0-7-7-3-3-8-6-8-8-8-8-7	7-7-6-7-3-4-8-3-8-8-8-0	3-2-8-8-4-6-8-6-8-7-9-3	6-4-4-2-7-2-8-6-6-6-7-5	4-8-7-4-4-7-8-8-6-7-2-11	5-3-3-6-6-1-8-7-4-6-4-1	6-6-4-4-7-7-4-6-6-7-7-8	8-4-9-8-2-17-6-6-6-2-5-3	5-7-10-6-8-6-0-4-2-2-2-4	15-4-3-2-2-2-6-1-8-2-8-7
401	8	8-6-8-6-7-5-7-6-7-5-6-6	7-7-5-9-5-6-9-7-7-7-9-7	9-7-9-9-9-4-9-7-7-7-7-8	9-9-7-8-9-9-7-10-7-7-7-9	11-8-9-9-4-5-9-8-7-9-11-9	2-9-9-8-8-2-7-6-6-6-3-9	3-7-7-2-9-8-7-9-6-8-8-4	4-11-2-9-10-2-7-9-4-17-8-1	9-1-17-9-8-2-2-8-12-7-10-7	17-11-5-7-9-9-7-6-9-1-8-8	8-2-7-6-7-8-0-4-2-8-2-4	7-5-8-8-8-2-9-1-7-6-7-2
401	9	9-10-9-9-9-10-7-9-10-10-9-10	10-10-5-8-9-10-8-10-7-12-8-10	8-9-8-8-8-10-10-10-7-8-10-10	8-8-8-8-8-8-7-8-10-10-10-8	8-0-8-8-4-10-10-9-10-8-10-8	4-8-8-9-9-2-10-9-9-9-15-8	4-10-14-2-11-9-9-10-9-9-8-10	11-10-10-8-8-10-10-8-4-9-8-1	8-9-8-10-9-11-0-9-10-9-9-10	8-8-7-9-8-8-8-6-8-13-12-9	0-10-11-10-17-2-0-0-12-8-2-4	7-8-3-8-2-2-8-1-12-12-7-15
401	10	10-9-11-11-9-9-9-11-9-9-10-11	9-9-5-10-9-9-12-11-7-9-11-11	11-10-11-8-11-9-11-10-11-11-9-11	11-10-11-10-8-10-10-8-9-9-9-10	10-11-8-8-10-9-11-11-9-11-9-10	11-10-8-10-9-11-9-10-10-9-11-8	13-9-9-2-10-10-9-9-10-8-12-9	4-9-11-9-8-11-9-8-8-10-10-11	10-11-11-9-3-2-15-9-9-12-8-9	11-2-7-10-12-11-7-6-10-11-11-3	11-2-7-11-0-10-11-15-15-2-2-4	6-4-11-8-11-2-8-13-13-10-7-2
401	11	11-11-11-11-12-11-11-11-10-11-12-10	9-12-12-10-13-9-10-10-7-9-10-10	10-10-10-10-10-10-10-10-10-12-12-10	10-10-10-10-8-10-11-8-12-12-12-10	8-10-8-8-12-12-10-10-11-10-8-8	10-8-8-11-9-10-12-11-13-11-8-11	10-12-11-13-9-9-13-10-9-11-8-13	9-8-10-8-8-10-12-8-8-11-10-10	10-10-4-10-10-10-16-9-11-11-11-9	10-8-11-11-10-12-8-6-10-10-10-11	10-15-7-10-12-10-10-0-10-8-11-4	7-9-10-8-10-11-8-10-12-10-11-9
401	12	16-13-14-14-12-14-14-17-13-17-11-14	14-11-14-14-13-14-13-13-14-9-15-14	12-13-13-13-14-13-13-13-14-13-11-12	13-10-13-13-14-13-13-8-11-11-11-8	14-10-14-13-10-11-13-13-11-12-13-12	14-13-14-15-15-10-11-14-11-9-4-13	14-11-12-11-9-10-11-14-11-13-14-14	12-14-10-14-14-16-11-17-14-12-14-10	10-10-14-14-16-14-14-14-13-13-13-13	16-14-13-13-14-13-13-17-14-10-14-13	10-11-13-10-14-12-10-15-10-13-14-15	7-14-12-13-12-14-13-14-11-10-14-9
401	13	12-12-12-12-12-12-12-12-12-12-11-12	12-11-12-12-12-12-12-12-12-12-12-14	10-12-12-12-12-12-12-14-12-12-12-13	12-12-12-12-12-12-12-10-11-11-12-15	12-14-12-12-14-13-14-15-11-14-12-12	12-15-12-13-9-13-12-12-11-9-2-12	13-11-12-14-13-15-11-13-10-12-12-12	12-12-12-12-12-14-11-12-12-10-13-14	15-10-12-12-12-12-15-11-12-12-12-12	12-2-12-13-12-12-12-12-12-14-15-12	15-11-12-10-0-15-10-15-15-12-12-12	7-5-10-12-16-2-12-10-10-10-7-2
401	14	12-17-12-12-12-12-12-14-12-12-12-16	12-11-12-12-12-16-13-13-12-12-12-13	10-13-13-12-12-13-15-13-12-12-15-14	13-14-14-12-12-12-12-8-14-16-14-13	12-13-12-12-13-15-13-13-15-13-12-8	12-15-12-13-9-10-15-12-11-14-12-12	12-14-11-13-13-9-15-12-14-14-12-12	14-12-10-12-12-13-11-8-12-13-12-10	12-10-4-12-8-12-12-12-14-15-12-14	12-12-12-15-12-11-12-6-12-13-13-12	10-12-15-12-12-13-10-12-13-12-12-12	7-12-10-12-13-12-8-12-15-10-12-12
401	15	12-12-12-12-12-12-15-14-12-12-15-12	12-9-12-16-12-14-12-16-12-12-12-16	10-15-16-16-15-13-14-13-12-16-14-16	16-13-16-12-16-16-11-16-16-14-14-13	12-14-12-15-13-14-16-16-14-13-15-15	12-14-16-13-12-16-14-12-14-9-9-16	12-14-9-13-14-13-14-16-6-14-10-12	12-16-10-16-16-13-11-15-15-15-13-10	10-10-13-16-12-14-12-15-14-16-16-14	12-12-12-14-12-16-12-6-15-10-10-16	10-11-7-10-12-13-10-12-13-12-15-12	7-5-15-8-12-11-15-1-14-10-7-9
401	16	12-16-17-12-12-12-15-12-14-15-11-14	9-11-14-15-16-14-12-17-12-12-15-15	16-17-15-15-16-14-15-16-16-15-17-15	15-16-15-16-15-15-16-15-15-14-17-13	16-17-15-15-16-16-17-15-14-16-16-16	14-14-15-16-16-15-15-14-14-14-11-15	17-14-16-14-15-16-14-15-16-12-17-12	16-15-16-15-15-17-11-15-15-16-13-16	16-16-16-15-12-2-11-15-14-15-15-14	12-12-12-13-12-15-12-6-16-16-16-15	13-11-7-12-12-13-10-12-13-12-15-12	7-5-10-12-13-2-15-10-14-16-7-9
401	17	17-17-17-17-17-16-12-17-17-12-17-17	12-11-17-15-17-12-15-16-13-17-13-15	16-16-17-12-17-17-17-17-16-17-16-17	16-17-16-17-17-17-12-17-17-17-16-16	12-16-17-17-16-17-16-17-14-17-3-12	17-17-17-15-17-10-15-17-17-17-17-17	16-17-17-17-9-17-14-16-17-17-14-14	17-15-15-17-17-16-17-12-15-17-13-16	16-16-8-17-12-17-17-12-17-12-15-14	8-17-17-17-17-15-17-12-17-17-10-17	13-2-9-10-12-17-10-12-17-12-17-17	7-17-17-8-2-17-17-10-17-17-17-2
402	0	0-0-0-0-0-0-0-0-0-0-0-0	0-0-0-0-0-0-0-0-0-0-0-0	0-0-0-0-0-0-0-0-0-0-0-0	0-0-0-0-0-0-0-0-0-0-0-0	0-0-0-0-0-0-0-0-0-0-0-0	0-0-0-0-0-0-0-0-0-0-0-0	0-0-0-0-0-0-0-0-0-0-0-0	0-0-0-0-0-0-0-0-0-0-0-0	0-0-0-0-0-0-0-0-0-0-0-0	0-0-0-0-0-0-0-0-0-0-0-0	0-0-0-0-0-0-0-0-0-0-0-0	0-0-0-0-0-0-0-0-0-0-0-0
402	1	1-1-1-1-1-1-1-1-1-1-1-1	1-0-0-0-0-1-1-0-1-0-0-0	2-1-2-1-0-1-0-0-0-0-0-0	2-1-3-0-2-2-1-3-0-0-0-1	0-1-1-0-5-0-2-2-0-1-1-2	2-2-0-1-1-2-2-1-1-0-0-1	2-0-0-2-2-1-0-0-0-1-2-0	1-1-0-1-1-2-0-3-3-1-1-1	1-2-1-2-1-1-1-3-1-1-1-0	2-1-1-0-0-2-0-0-1-1-1-1	1-1-2-0-0-1-1-1-2-1-0-1	1-4-1-1-1-1-1-1-1-1-1-0
402	2	2-2-2-2-2-2-2-2-2-2-2-2	1-3-2-0-2-2-1-2-2-2-0-2	1-1-1-2-0-1-3-2-3-2-3-0	1-1-1-0-1-1-2-0-3-0-3-1	0-1-1-0-1-3-3-1-3-1-0-1	1-1-0-2-2-1-3-1-2-2-2-0	1-3-2-1-2-2-3-3-2-2-1-3	2-2-2-1-2-1-3-1-1-2-2-2	1-1-2-1-2-1-1-2-2-1-2-1	1-1-2-11-2-1-3-2-1-1-2-2	1-3-3-9-6-2-2-2-1-1-4-2	2-0-1-1-1-2-2-2-6-2-5-3
402	3	3-3-2-3-2-2-2-2-2-3-3-2	3-2-2-3-2-2-4-4-3-2-3-4	5-3-4-3-4-4-4-3-4-3-2-3	4-3-1-3-4-4-2-1-2-5-2-8	5-5-1-4-1-2-4-3-2-3-1-3	4-1-0-3-3-5-2-1-2-2-5-3	2-2-2-12-3-3-2-4-4-2-13-5	3-2-5-1-2-4-2-1-1-5-3-5	3-5-3-4-3-3-1-4-2-1-3-2	3-3-3-3-5-2-2-2-1-8-13-2	5-2-2-2-3-3-5-8-5-3-1-3	2-4-3-5-5-3-2-3-3-3-2-2
402	4	4-4-5-4-4-5-4-5-4-4-5-4	5-5-4-5-5-6-3-5-5-5-5-5	3-3-6-5-5-6-5-5-5-5-3-5	5-3-5-5-3-3-5-6-5-5-5-3	6-3-4-5-1-4-3-4-5-5-6-3	3-1-5-6-4-3-5-6-4-4-3-4	2-4-4-4-3-4-5-8-4-4-3-2	3-4-4-8-4-3-5-5-4-6-3-9	4-3-4-3-7-5-8-3-5-16-4-5	4-5-7-4-4-9-5-6-13-4-3-2	7-5-8-4-13-4-3-6-3-13-5-4	12-1-4-3-9-5-6-7-5-8-8-4
402	5	4-4-4-4-4-4-4-4-4-4-4-6	4-4-4-8-4-4-6-4-4-4-6-6	7-5-6-6-7-4-6-4-4-4-6-6	4-3-4-4-6-6-4-9-4-4-6-3	7-3-9-6-1-6-6-5-4-4-4-9	4-1-4-5-5-3-6-7-4-4-9-6	6-4-4-10-5-5-4-4-0-5-9-3	4-5-6-6-5-1-4-6-1-3-3-3	3-3-4-5-6-4-1-4-4-4-6-4	4-4-3-4-9-6-4-4-12-3-3-6	3-4-4-2-4-5-3-3-3-6-4-5	4-5-3-3-3-4-7-3-4-3-2-4
402	6	4-6-4-4-4-4-4-4-4-4-4-5	4-4-4-5-4-4-5-7-7-7-5-5	3-5-4-5-5-11-5-7-4-8-7-5	8-7-7-4-5-8-4-4-4-6-5-3	4-3-5-5-7-5-7-5-6-4-4-5	9-7-8-4-6-3-5-7-6-6-11-5	5-6-4-6-7-5-7-5-6-6-5-9	6-5-5-7-5-1-4-8-6-4-6-3	6-3-6-6-5-4-1-7-4-4-5-7	6-6-3-4-5-5-7-4-11-7-3-5	6-7-4-2-2-6-3-6-9-5-4-6	4-6-3-7-6-6-5-6-2-3-2-4
402	7	6-7-7-7-4-4-7-7-4-4-4-7	4-7-8-5-4-4-6-8-6-6-4-8	5-6-5-5-5-6-8-9-4-9-8-8	6-6-6-6-5-6-8-4-8-8-9-3	5-3-1-5-6-9-6-6-6-10-9-5	4-6-6-4-6-5-8-8-6-7-10-7	5-5-9-6-6-4-6-4-7-7-6-6	8-5-5-6-5-7-4-6-8-8-3-3	7-1-6-6-4-4-3-6-4-7-8-6	6-4-4-9-5-7-8-4-5-6-3-5	4-6-4-2-8-4-3-4-6-8-4-6	4-6-3-6-4-4-5-4-8-5-7-4
402	8	8-4-8-8-8-4-8-6-10-8-4-8	4-9-7-5-11-9-5-10-6-6-4-7	3-8-5-5-9-6-7-6-4-6-9-7	6-7-9-9-5-6-10-4-9-7-7-3	5-3-1-5-6-7-8-8-9-4-6-5	4-6-6-5-8-5-9-7-8-8-9-10	6-5-7-3-6-8-9-4-8-8-3-6	7-5-5-7-5-3-11-6-7-7-6-3	9-3-7-5-8-4-4-6-8-13-7-4	14-4-8-4-5-8-7-9-5-3-3-5	6-6-4-4-7-6-3-3-3-7-4-7	4-6-3-6-4-4-5-4-7-4-9-4
402	9	8-7-8-10-9-10-8-4-8-9-4-10	4-8-7-5-8-9-5-6-11-6-9-10	5-9-10-5-8-7-10-7-8-7-8-9	10-7-8-10-5-6-10-10-8-7-7-3	10-3-5-14-6-7-10-8-8-7-7-5	6-6-10-5-8-3-8-9-8-9-13-10	5-4-7-3-6-8-8-4-8-8-5-6	7-5-5-10-10-1-8-6-6-7-10-4	8-1-6-9-6-9-1-10-9-7-9-9	11-5-9-7-5-16-9-8-5-6-3-5	11-11-8-2-11-10-3-6-6-6-11-6	9-11-9-10-4-4-9-4-7-3-8-8
402	10	13-9-5-11-12-10-8-10-8-13-10-9	4-8-7-5-8-9-12-8-9-6-12-9	5-10-13-13-11-12-11-9-12-12-11-11	9-8-11-9-12-13-8-9-9-11-7-3	9-3-5-11-6-7-9-8-11-13-9-5	6-7-9-11-10-3-8-9-10-10-5-13	5-11-10-5-6-11-8-4-10-8-10-11	7-10-12-9-9-11-8-6-6-10-9-3	6-1-6-6-6-9-6-9-9-9-10-9	10-4-9-9-5-9-8-13-10-6-3-5	6-9-8-2-11-9-3-6-6-9-9-6	9-6-9-9-4-9-11-9-7-3-8-4
402	11	10-11-4-10-11-10-8-14-8-4-12-8	4-10-7-12-8-12-10-14-12-6-13-12	5-12-12-10-10-6-12-12-12-9-10-10	12-12-12-14-10-12-13-14-10-10-7-3	13-3-12-10-6-7-12-12-10-13-13-12	12-13-12-10-10-12-7-7-10-10-6-12	10-10-10-5-6-14-8-11-10-14-12-10	14-12-10-12-9-11-8-11-6-10-11-3	6-3-6-12-11-9-11-12-9-12-16-9	10-12-11-4-12-9-8-12-6-12-11-5	9-9-7-2-10-12-3-12-6-11-9-6	4-9-11-11-11-13-10-9-7-11-8-4
402	12	12-12-13-13-11-10-10-12-12-14-12-13	13-15-13-11-9-11-10-13-11-12-11-11	16-11-11-10-10-10-13-11-10-10-13-11	11-11-11-9-10-11-13-10-13-12-13-3	11-3-11-11-6-14-11-11-13-11-11-11	11-11-14-11-12-11-13-12-12-12-11-11	3-15-12-3-13-12-8-13-10-14-11-9	12-11-10-13-12-13-12-11-6-12-11-3	13-3-6-11-12-12-3-11-13-10-13-13	13-11-13-13-11-13-4-11-13-11-3-5	3-9-12-12-4-11-3-11-3-11-9-6	4-9-3-11-11-11-10-4-7-3-12-4
402	13	13-13-12-12-15-13-13-13-13-12-12-14	12-14-12-11-13-14-12-12-11-12-11-14	16-13-11-10-10-11-12-12-14-12-14-13	11-11-14-9-10-11-12-10-14-14-14-3	11-3-11-11-6-12-14-13-14-11-11-11	3-11-12-11-14-11-14-12-13-10-9-11	6-15-12-3-12-11-14-12-10-10-3-9	7-11-3-12-12-12-13-11-6-14-11-3	12-3-12-11-13-11-3-4-12-8-12-12	12-4-12-12-14-12-14-10-12-3-3-15	3-9-4-13-4-11-3-11-3-4-9-6	13-6-9-13-11-11-10-4-4-4-14-14
402	14	14-14-16-16-15-14-15-15-16-12-14-16	15-13-12-15-13-15-16-15-15-15-16-15	14-14-16-10-15-15-13-15-15-14-13-14	14-15-15-11-15-15-14-15-13-13-13-15	11-3-11-10-14-12-13-11-13-11-11-15	15-14-12-11-13-11-13-14-13-13-3-15	15-13-12-14-12-11-12-13-10-11-15-14	11-10-10-12-13-14-12-13-6-13-14-3	14-3-15-11-5-4-14-15-9-14-5-12	13-14-11-13-13-13-13-10-14-14-3-13	14-9-15-13-12-6-3-11-14-14-9-6	14-9-3-14-14-11-10-3-7-14-13-13
402	15	15-16-16-16-15-16-16-16-16-16-16-16	16-13-16-16-16-16-16-15-16-16-16-16	15-14-16-16-15-16-15-15-16-15-15-15	15-14-14-15-14-14-15-14-13-12-14-14	14-16-14-10-16-15-15-15-13-15-14-14	15-14-12-15-13-16-13-16-13-10-15-16	16-13-15-14-15-15-13-15-10-16-16-16	7-10-15-14-9-16-15-15-6-13-16-15	15-15-14-11-16-15-15-14-9-16-16-9	15-15-11-15-15-15-13-16-16-15-16-13	16-9-16-13-16-16-16-16-15-16-9-6	16-15-15-16-15-11-10-16-16-14-15-16
402	16	16-16-15-15-16-15-15-15-15-15-16-15	15-15-16-15-15-15-15-15-15-15-15-15	15-15-15-15-16-15-16-15-15-16-15-16	16-16-15-15-16-16-15-16-16-16-16-14	16-15-16-16-16-16-15-16-13-16-9-11	16-16-16-15-16-15-16-16-16-16-16-15	15-16-16-16-15-16-9-15-16-15-15-15	16-16-12-15-16-15-12-11-15-15-15-16	15-16-16-16-15-16-16-13-16-15-11-13	15-16-16-16-16-9-16-15-15-16-16-16	15-16-15-16-15-15-15-15-16-15-9-6	15-16-16-15-15-16-16-15-16-16-16-15
403	0	0-0-0-0-0-0-0-0-0-0-0-0	0-0-0-0-0-0-0-0-0-0-0-0	0-0-0-0-0-0-0-0-0-0-0-0	0-0-0-0-0-0-0-0-0-0-0-0	0-0-0-0-0-0-0-0-0-0-0-0	0-0-0-0-0-0-0-0-0-0-0-0	0-0-0-0-0-0-0-0-0-0-0-0	0-0-0-0-0-0-0-0-0-0-0-0	0-0-0-0-0-0-0-0-0-0-0-0	0-0-0-0-0-0-0-0-0-0-0-0	0-0-0-0-0-0-0-0-0-0-0-0	0-0-0-0-0-0-0-0-0-0-0-0
403	1	0-1-1-0-0-1-0-1-0-0-1-1	1-0-0-0-0-0-1-0-0-0-0-1	1-0-0-0-0-0-2-0-0-0-0-0	2-0-1-0-0-0-0-1-0-0-0-1	0-1-1-0-1-0-2-0-0-0-0-2	0-0-0-1-1-0-0-0-1-1-0-2	7-0-0-12-1-1-0-2-1-0-1-0	1-1-1-1-1-0-0-2-1-0-0-1	1-2-1-1-8-0-1-1-1-1-1-0	0-1-1-1-0-0-1-0-7-8-0-0	7-0-1-0-0-1-1-1-8-1-1-1	0-0-1-1-1-0-1-1-1-1-0-0
403	2	0-2-2-2-2-1-2-2-2-2-2-2	2-1-0-0-0-2-2-2-2-0-2-1	4-2-3-0-0-3-1-3-2-0-0-2	3-0-3-0-2-3-2-2-2-3-0-8	0-6-4-0-4-0-3-2-3-1-2-1	2-2-0-1-1-0-2-0-1-2-0-1	5-0-0-2-1-2-0-1-1-0-1-0	2-0-4-2-2-5-0-1-2-2-0-0	2-1-1-1-0-0-2-1-3-2-2-2	0-2-1-2-2-2-1-0-1-2-2-2	0-2-0-0-2-2-0-0-1-2-2-2	2-2-2-2-1-0-2-0-2-2-2-0
403	3	3-3-5-3-3-3-5-4-3-4-4-4	4-4-4-4-4-4-2-4-4-4-4-3	3-5-2-4-5-4-3-3-5-4-4-3	2-3-2-4-3-3-4-5-3-4-3-2	5-3-3-4-3-3-3-3-4-4-7-3	3-3-4-7-3-6-3-4-3-4-13-3	3-6-4-3-3-3-5-7-3-3-0-4	3-3-6-7-2-6-5-4-3-3-3-4	3-3-3-4-4-4-6-10-6-5-3-4	4-4-6-3-4-8-3-4-0-3-3-4	3-5-6-5-4-2-3-4-0-3-5-3	3-3-3-3-3-4-5-3-4-4-3-4
403	4	3-3-4-3-3-3-3-3-3-3-3-3	3-3-3-7-3-3-3-3-3-3-3-3	2-4-5-5-6-4-5-5-3-3-5-4	5-3-3-7-5-5-3-8-4-3-5-2	6-2-2-6-5-5-5-4-3-3-3-5	3-3-4-3-4-3-4-5-3-3-4-5	2-3-3-1-4-4-3-3-3-3-5-4	3-5-5-5-4-3-3-3-2-3-3-3	1-3-3-3-5-3-1-5-3-6-5-5	3-3-3-3-3-3-4-3-1-1-0-3	3-3-3-3-3-4-0-3-1-5-3-2	3-4-3-1-3-3-4-3-3-3-3-3
403	5	6-5-3-3-5-5-6-5-5-3-5-3	3-3-3-4-3-3-6-6-5-6-4-6	8-6-4-4-4-10-4-6-3-6-4-4	4-6-6-4-4-4-5-4-4-5-4-2	4-5-4-4-6-4-6-4-5-5-3-4	3-7-7-3-5-3-6-4-6-5-10-5	2-5-5-2-6-5-6-5-5-5-4-6	10-4-4-6-5-2-3-7-10-0-5-10	5-10-8-5-4-3-9-6-3-3-4-4	6-5-5-3-4-3-1-3-1-6-5-4	5-3-5-3-5-5-9-5-10-6-3-5	3-5-2-6-5-5-5-5-5-6-4-3
403	6	5-6-6-6-3-6-6-6-6-3-7-6	5-6-7-4-3-3-5-7-5-5-4-7	2-5-4-4-4-5-7-8-3-8-7-7	5-5-7-4-4-4-7-4-6-6-8-2	4-2-14-4-5-8-5-5-5-6-8-4	3-5-5-3-5-3-7-7-5-6-4-6	2-3-8-14-5-6-7-3-6-5-4-5	7-4-4-5-6-3-6-5-7-7-5-3	5-5-5-5-3-3-1-5-3-6-7-5	5-5-6-8-4-6-7-3-1-5-3-7	3-5-10-3-7-5-10-5-1-7-3-7	3-5-2-5-3-3-4-8-10-5-3-3
403	7	7-3-7-7-7-7-7-7-9-7-7-8	3-8-6-4-8-8-3-9-5-5-4-6	8-7-4-4-8-5-6-7-6-5-8-6	5-6-8-4-4-5-7-4-8-6-6-2	4-1-2-4-5-6-7-7-8-3-3-4	4-5-5-3-7-3-8-6-7-7-8-5	2-8-7-1-5-7-7-8-7-7-1-5	6-4-3-6-5-3-9-5-6-6-5-3	2-5-6-5-12-3-1-5-7-11-6-6	3-3-7-6-7-7-6-8-1-1-9-6	1-3-8-3-6-5-0-13-1-6-3-6	3-5-5-1-1-3-4-3-8-13-8-3
403	8	7-6-7-9-8-9-7-8-7-8-3-7	3-7-6-4-7-7-3-10-9-10-8-9	5-8-9-4-7-6-9-6-7-6-7-8	9-6-7-9-4-5-9-4-7-6-6-2	9-3-4-9-5-6-9-7-7-8-9-4	5-5-9-3-7-3-7-8-7-8-4-9	2-10-7-1-5-7-7-7-7-7-4-9	3-4-4-9-8-3-7-5-5-6-10-3	5-5-5-8-1-9-1-9-10-10-8-10	5-5-8-6-10-10-7-8-1-1-5-9	8-10-7-3-7-9-9-5-1-5-10-5	8-10-8-2-3-8-8-9-6-3-7-7
403	9	10-10-7-10-9-9-7-9-7-10-9-8	8-7-6-4-10-8-13-10-8-8-10-8	5-9-8-10-10-8-10-8-10-11-11-10	8-9-9-10-12-11-8-12-10-10-6-2	8-6-4-10-5-6-8-7-10-12-8-4	5-8-10-3-10-3-8-8-9-9-4-8	10-9-9-1-5-9-8-8-9-11-4-8	6-9-10-8-8-3-7-5-5-9-10-3	5-5-5-9-10-8-5-8-8-8-9-8	10-5-8-6-10-8-7-11-1-1-5-10	5-8-8-3-10-8-9-5-1-5-8-5	8-5-8-2-3-8-10-8-6-5-7-10
403	10	10-12-11-9-10-11-11-10-11-11-9-7	11-6-6-12-9-11-9-9-8-8-11-11	11-12-11-9-9-5-11-11-11-9-6-9	11-11-11-9-11-12-8-10-9-9-9-10	11-14-15-9-5-6-11-11-9-12-12-11	12-12-9-3-9-15-6-6-7-9-5-12	15-9-9-10-5-10-7-10-9-10-11-5	5-9-11-11-8-10-7-10-5-9-10-5	11-5-15-11-10-8-5-11-8-8-10-8	9-11-10-11-11-8-12-3-10-1-11-10	11-8-6-3-9-10-6-6-11-10-8-5	10-8-8-11-10-11-9-6-6-10-7-9
403	11	11-11-10-11-11-11-10-11-11-11-11-11	10-14-7-10-8-12-15-12-10-12-10-12	10-10-10-10-9-13-12-10-10-9-12-12	10-10-12-10-9-10-12-10-12-11-11-10	10-10-10-9-14-13-10-10-11-10-11-10	10-10-13-9-11-10-12-11-11-11-10-11	10-11-9-1-12-11-10-12-9-11-10-11	3-9-10-12-12-12-11-10-5-11-10-3	10-11-5-10-12-12-10-10-10-7-12-12	11-10-11-12-10-8-10-9-10-5-10-10	10-8-6-3-12-10-0-3-10-10-8-5	10-10-8-10-12-10-9-11-11-10-12-12
403	12	12-12-12-12-13-10-12-12-12-12-12-12	12-14-13-10-13-11-13-11-10-11-10-11	10-10-10-9-9-13-11-10-12-13-11-11	10-10-11-10-9-10-11-10-13-13-13-10	10-10-10-13-14-11-11-11-13-10-10-10	10-10-13-3-13-10-13-11-12-12-8-10	2-13-9-1-11-11-13-11-9-12-10-13	3-9-11-11-11-11-11-12-5-12-10-3	10-13-5-10-12-11-1-10-8-12-12-11	11-10-12-13-10-8-13-12-10-1-10-12	1-8-15-15-11-13-3-13-1-12-8-5	10-12-8-10-11-12-9-13-12-10-11-11
403	13	14-13-15-14-14-14-15-15-15-14-15-15	14-12-12-14-14-14-14-14-14-14-14-15	13-14-14-14-13-14-13-14-14-14-14-13	14-13-13-13-9-13-13-10-12-14-14-10	8-14-10-12-12-11-14-13-12-13-10-10	14-13-11-13-12-10-12-11-12-12-3-14	15-12-12-14-14-13-12-13-9-12-14-12	8-9-14-12-14-13-11-10-13-14-14-14	5-13-13-10-14-8-14-13-8-13-14-11	15-13-10-13-14-14-12-14-14-13-13-13	15-8-12-14-14-15-14-14-13-15-8-5	13-14-13-15-13-11-9-13-12-14-14-7
403	14	13-14-13-15-13-13-15-14-15-15-14-15	13-12-13-13-15-13-13-13-13-13-13-15	14-13-13-15-14-13-14-13-13-13-14-14	13-14-13-14-14-14-13-10-13-13-13-14	15-13-12-9-11-14-15-14-13-14-14-14	14-13-12-14-11-13-13-13-12-11-13-13	15-12-14-15-13-13-14-13-13-15-13-15	14-14-13-14-13-15-11-12-13-13-14-13	14-13-14-13-15-14-13-14-10-15-13-13	13-3-10-13-13-13-13-14-13-13-13-13	13-12-13-13-13-13-13-13-11-13-8-13	13-13-13-13-14-11-13-13-12-13-13-3
403	15	15-15-15-14-15-15-13-15-15-14-15-15	14-12-15-13-14-14-13-13-14-15-13-14	12-15-14-14-15-14-14-14-14-15-14-15	14-15-14-14-15-15-13-15-12-15-15-10	14-14-10-15-15-15-14-14-12-15-10-10	15-15-15-14-15-10-15-15-15-15-15-13	13-15-15-14-13-15-12-13-15-15-14-14	15-15-10-15-15-14-11-10-13-13-14-15	10-15-10-15-14-15-15-13-15-14-14-13	13-15-15-15-15-8-15-14-13-15-15-15	13-3-12-15-9-13-13-14-15-13-8-5	13-15-15-13-13-15-15-13-15-15-11-3
404	0	0-0-0-0-0-0-0-0-0-0-0-0	0-0-0-0-0-0-0-0-0-0-0-0	0-0-0-0-0-0-0-0-0-0-0-0	0-0-0-0-0-0-0-0-0-0-0-0	0-0-0-0-0-0-0-0-0-0-0-0	0-0-0-0-0-0-0-0-0-0-0-0	0-0-0-0-0-0-0-0-0-0-0-0	0-0-0-0-0-0-0-0-0-0-0-0	0-0-0-0-0-0-0-0-0-0-0-0	0-0-0-0-0-0-0-0-0-0-0-0	0-0-0-0-0-0-0-0-0-0-0-0	0-0-0-0-0-0-0-0-0-0-0-0
404	1	1-1-1-1-1-1-1-1-1-1-1-1	2-2-1-1-2-1-2-1-1-2-2-1	1-3-2-1-2-2-2-2-2-1-2-2	2-0-2-2-0-0-2-1-1-1-1-1	1-0-1-2-1-1-2-1-1-2-2-0	1-2-2-2-1-1-1-1-2-1-10-2	1-1-2-1-1-1-1-2-1-1-1-1	2-1-2-1-1-2-1-2-1-1-2-5	1-2-2-1-1-3-2-1-2-2-1-2	2-1-1-2-2-1-1-1-2-1-9-1	4-2-3-1-1-2-1-2-1-1-2-1	2-1-1-1-2-2-1-2-3-1-2-1
404	2	1-1-1-1-1-1-1-1-1-1-1-1	1-1-1-2-1-1-1-3-1-1-3-3	4-2-1-6-3-1-3-3-1-2-3-3	3-1-1-1-3-3-1-5-3-1-3-4	4-0-3-3-0-2-3-3-1-1-1-2	3-3-1-1-1-3-2-2-1-1-3-1	2-2-1-0-2-0-1-1-1-1-3-2	1-2-1-2-2-1-1-1-2-2-1-1	2-1-1-5-3-1-1-2-1-1-2-1	1-2-1-2-1-3-2-1-5-1-1-2	1-1-1-1-1-1-0-1-1-2-1-1	1-2-2-2-1-1-2-1-1-1-1-1
404	3	1-1-1-1-1-1-1-1-3-1-1-3	1-1-1-2-1-1-4-2-3-4-2-2	6-4-1-2-2-8-2-2-1-2-2-2	5-4-4-2-2-2-1-2-2-3-2-2	2-3-2-2-4-2-4-2-3-3-5-2	8-4-4-6-3-2-4-4-4-3-8-3	6-3-1-3-4-3-4-4-3-4-6-6	1-2-6-4-3-1-3-7-6-3-3-1	3-4-3-4-2-1-3-4-1-4-2-1	4-2-1-2-2-2-4-4-1-4-3-2	5-4-1-1-3-3-0-3-6-4-4-3	1-3-5-3-1-1-2-1-1-1-1-3
404	4	4-4-4-4-4-4-4-4-4-1-4-4	1-6-5-2-1-1-3-5-3-3-2-5	2-3-2-2-2-3-5-6-2-6-5-5	3-3-3-2-2-2-5-2-5-5-6-2	2-0-2-2-3-6-3-2-3-7-6-2	2-3-3-1-1-2-5-5-3-4-15-3	2-2-1-3-3-4-5-3-4-3-1-2	5-2-3-3-2-3-3-3-5-5-1-1	4-3-3-3-4-1-1-3-1-3-5-1	3-2-1-6-2-2-5-3-1-3-1-3	1-3-8-1-5-3-0-3-3-5-3-5	1-3-2-3-1-1-2-1-8-1-4-1
404	5	5-1-5-5-5-5-5-5-6-5-1-5	1-6-4-2-8-6-1-7-1-3-2-4	0-5-5-2-6-3-4-7-6-3-6-4	3-3-6-6-2-3-4-2-6-4-4-2	9-7-2-6-3-4-5-7-6-3-3-2	2-3-3-3-5-2-6-4-5-5-6-3	3-3-1-3-3-5-6-6-5-5-0-3	4-2-3-4-3-1-8-5-4-4-3-1	6-1-4-3-5-3-1-3-1-5-4-6	6-2-5-4-5-2-4-6-2-1-7-2	3-3-6-1-4-1-0-3-3-4-3-4	1-3-10-8-1-1-2-1-4-1-6-6
404	6	5-4-5-5-6-7-6-1-5-6-1-5	8-4-4-2-5-6-1-6-8-8-6-7	2-6-7-2-5-9-7-7-5-4-5-6	7-3-5-7-2-3-7-2-8-4-4-2	16-7-2-7-3-4-7-5-5-6-4-2	11-3-3-3-5-3-5-6-5-6-5-7	3-3-1-3-3-5-5-5-5-5-3-3	8-2-3-3-6-1-5-3-3-5-3-1	5-1-3-6-5-6-3-7-8-8-6-12	5-2-6-4-8-2-6-5-7-3-3-2	3-3-5-1-5-7-7-3-3-3-8-3	6-8-6-7-6-7-15-7-4-6-5-5
404	7	7-8-8-8-7-6-5-7-5-8-8-6	1-4-4-2-5-6-8-5-6-6-9-6	10-8-9-9-6-9-6-6-8-9-6-8	6-5-6-6-9-9-6-6-9-9-4-6	6-5-2-8-3-4-6-5-8-12-6-2	3-4-6-8-7-3-6-6-7-6-5-7	3-7-7-3-3-7-7-5-7-11-7-3	1-7-3-3-6-8-5-3-3-7-8-1	8-3-3-3-5-6-1-6-6-8-7-6	8-2-7-6-8-2-5-12-7-3-5-2	3-3-5-1-8-6-7-3-3-6-6-3	6-3-6-6-1-6-8-6-4-6-5-8
404	8	7-7-8-7-10-8-8-9-5-7-7-9	6-4-4-2-5-6-9-7-6-6-9-9	11-7-9-7-7-3-9-9-7-10-9-7	9-3-9-7-11-9-4-13-6-4-4-9	11-3-9-11-3-4-9-9-6-7-8-9	3-9-11-7-8-9-4-8-7-7-3-9	3-12-7-3-9-12-11-9-7-8-8-3	6-8-8-9-9-8-5-16-3-9-8-1	3-3-3-9-8-6-3-9-6-6-8-13	9-2-6-4-9-11-5-5-9-1-8-15	3-3-4-5-7-8-0-3-3-8-6-3	6-6-8-5-7-1-7-1-4-8-5-7
404	9	9-9-9-9-9-12-9-8-10-7-9-9	10-10-9-2-10-6-8-7-6-9-8-10	8-9-8-7-8-10-8-8-7-10-8-8	8-9-9-7-8-8-12-8-10-7-9-8	8-0-8-8-3-9-8-8-10-7-8-8	3-8-10-7-9-8-10-9-9-9-3-9	2-16-12-0-8-9-16-8-7-9-17-3	9-8-7-8-8-8-12-8-3-9-1-1	9-3-11-8-5-6-1-8-6-5-5-9	8-2-9-10-8-3-10-5-8-10-1-8	17-10-5-12-1-10-0-9-10-1-6-10	10-3-6-8-1-1-7-10-16-9-12-17
404	10	13-10-11-11-11-11-13-11-11-11-11-11	11-9-12-11-9-11-12-10-11-11-11-11	10-11-11-12-10-11-11-10-11-11-10-10	11-10-11-10-10-11-11-8-9-10-10-10	9-10-11-10-14-9-11-11-9-10-12-10	10-11-9-10-11-15-9-15-16-10-10-11	10-10-10-13-10-11-14-11-7-10-13-11	11-8-13-9-10-11-9-8-8-12-11-12	15-12-10-10-11-10-13-12-11-12-8-6	13-11-13-17-12-13-11-10-14-12-12-2	12-9-11-11-13-9-12-13-11-10-6-10	9-6-13-11-11-13-2-11-13-11-9-10
404	11	10-10-11-11-10-12-11-10-10-10-10-10	10-12-10-10-9-10-10-10-10-10-10-10	8-10-10-7-8-10-10-10-10-12-12-10	10-10-10-10-8-10-10-8-12-11-11-10	8-10-10-8-10-11-10-10-11-7-11-8	10-10-8-10-10-10-12-10-9-11-10-12	8-12-11-10-10-10-8-10-7-10-10-11	10-8-10-11-11-10-5-9-3-11-10-10	10-10-9-8-11-10-10-10-10-10-6-9	10-10-9-10-8-8-10-7-10-10-10-2	10-14-10-10-10-10-10-10-10-3-6-8	12-3-10-10-10-10-7-10-10-10-16-10
404	12	10-12-12-10-10-11-11-10-11-12-12-11	14-11-10-13-10-10-10-10-10-10-14-10	12-12-13-13-13-14-13-10-13-11-11-12	13-10-12-13-13-13-13-8-11-10-12-12	13-10-14-8-10-11-13-13-12-7-14-14	10-14-13-10-10-10-11-11-9-5-3-13	14-11-9-3-11-8-5-13-7-11-12-13	10-8-10-13-13-10-9-8-3-10-12-10	10-10-13-13-10-6-10-13-7-10-12-6	10-12-8-13-13-12-13-7-13-10-13-2	10-13-13-9-10-12-10-10-14-13-6-12	11-13-10-13-13-1-12-10-10-10-9-12
404	13	13-13-14-10-13-13-10-13-15-10-13-10	10-15-10-10-14-14-14-14-10-10-12-10	12-12-12-12-12-12-12-14-12-15-14-14	12-12-14-12-12-12-13-8-13-16-14-12	12-10-12-8-10-13-12-12-13-13-8-10	12-12-14-13-13-10-14-13-13-13-10-13	12-16-11-10-10-13-13-15-7-13-10-12	10-14-10-14-12-10-13-8-3-13-12-10	1-10-14-12-13-10-10-12-10-13-12-8	10-12-10-12-12-12-12-14-12-10-12-2	12-12-12-10-10-13-10-10-12-12-6-12	14-12-10-12-12-10-12-10-10-10-9-13
404	14	14-17-13-10-13-14-10-10-14-14-10-15	12-16-10-12-13-13-13-13-10-16-12-10	17-12-12-12-12-12-13-13-12-13-13-13	12-10-13-12-12-12-17-8-13-15-13-12	12-10-12-8-10-13-13-14-13-10-12-12	10-12-13-10-15-10-13-14-14-13-6-12	12-11-11-13-13-14-13-13-7-13-12-12	10-13-10-13-12-10-14-8-3-14-12-10	10-10-13-12-13-13-10-13-10-13-12-13	10-12-14-16-15-12-15-13-13-10-12-14	10-11-16-14-10-13-10-10-12-12-6-12	13-12-10-12-12-10-12-10-10-15-9-16
404	15	14-13-17-14-10-16-16-17-13-14-14-17	15-13-10-17-13-15-13-13-17-10-16-17	15-15-16-16-16-12-15-16-16-13-14-16	16-16-16-17-12-12-13-8-14-14-14-15	6-10-12-14-10-13-16-10-16-15-8-15	15-15-13-10-14-10-14-10-14-13-15-15	17-13-9-15-16-15-13-13-7-10-12-16	10-8-10-13-12-10-9-8-15-10-12-10	17-10-14-16-16-6-15-15-7-10-12-6	10-12-15-16-14-2-14-13-15-10-15-8	16-3-14-9-12-15-10-16-16-12-6-12	15-16-15-12-12-1-7-10-10-14-9-14
404	16	14-17-10-17-13-14-10-10-13-14-17-10	16-14-10-17-13-15-13-15-17-14-15-10	15-15-15-12-15-15-15-15-15-13-15-15	15-15-15-12-12-12-15-8-14-13-14-15	6-10-12-14-16-13-15-16-15-16-8-12	15-15-13-10-14-10-13-10-10-16-16-16	17-13-11-16-15-16-13-14-7-10-16-15	16-8-10-12-12-10-9-8-15-11-12-10	16-10-15-15-15-6-16-15-16-10-12-6	15-12-16-14-12-2-16-14-16-10-16-8	15-3-14-10-12-16-10-15-15-12-6-16	15-15-16-16-16-1-7-15-13-14-9-14
404	17	17-17-17-17-17-17-15-17-17-17-17-17	16-14-17-15-17-16-13-10-16-17-15-15	15-17-17-17-17-17-17-17-15-17-17-17	16-17-17-17-17-17-14-17-17-17-17-15	17-10-17-17-17-17-16-17-15-17-8-8	17-17-17-17-17-10-15-17-17-17-17-16	15-17-17-17-11-17-9-15-17-8-10-15	17-17-8-17-17-10-17-8-16-11-10-10	15-17-17-17-8-17-17-11-17-10-12-6	15-17-17-10-17-6-17-14-17-17-17-17	10-17-14-10-14-15-10-10-17-17-6-17	15-17-17-15-12-17-17-10-17-17-9-9
405	0	0-0-0-0-0-0-0-0-0-0-0-0	0-0-0-0-0-0-0-0-0-0-0-0	0-0-0-0-0-0-0-0-0-0-0-0	0-0-0-0-0-0-0-0-0-0-0-0	0-0-0-0-0-0-0-0-0-0-0-0	0-0-0-0-0-0-0-0-0-0-0-0	0-0-0-0-0-0-0-0-0-0-0-0	0-0-0-0-0-0-0-0-0-0-0-0	0-0-0-0-0-0-0-0-0-0-0-0	0-0-0-0-0-0-0-0-0-0-0-0	0-0-0-0-0-0-0-0-0-0-0-0	0-0-0-0-0-0-0-0-0-0-0-0
405	1	2-1-1-1-1-1-1-1-1-2-2-1	0-2-0-0-0-2-2-0-2-2-1-0	1-0-1-1-0-0-2-0-0-0-4-1	2-0-0-0-0-0-0-0-0-0-0-0	0-2-0-0-0-1-2-1-0-1-0-0	1-0-0-5-4-2-0-0-1-1-0-0	0-0-2-4-0-0-0-2-1-1-0-0	1-0-0-0-1-2-0-0-1-2-0-2	1-2-2-0-5-0-0-0-2-1-1-0	1-7-1-0-0-0-2-1-4-2-8-0	0-0-0-0-0-0-4-0-2-0-0-0	2-1-1-1-2-2-1-2-4-1-0-0
405	2	1-1-2-2-1-1-2-1-1-1-1-1	1-2-1-2-0-1-1-1-1-1-1-1	3-3-3-3-3-3-3-3-0-2-2-2	3-1-4-3-3-3-1-5-2-0-2-6	2-1-3-3-1-2-1-2-2-6-15-2	5-0-2-2-2-1-2-2-1-2-9-3	2-2-1-0-2-0-2-1-2-2-3-2	3-2-4-2-2-1-2-3-2-1-2-1	1-1-1-0-3-0-0-3-1-2-2-2	0-2-0-1-3-3-1-2-1-1-1-3	0-2-3-0-0-1-1-0-1-2-2-2	1-2-8-2-1-1-2-1-0-1-0-0
405	3	3-3-2-3-6-3-3-3-3-3-3-3	4-3-1-2-3-2-1-6-3-4-1-3	2-4-2-4-2-6-4-2-4-6-3-2	2-4-4-2-2-5-3-2-2-3-2-0	2-1-2-2-4-2-4-4-4-3-5-4	6-5-5-4-3-1-4-2-3-3-3-3	2-3-3-3-4-3-3-3-3-4-3-6	3-2-2-4-3-1-3-5-5-3-5-1	3-1-3-3-2-6-3-4-4-3-2-2	4-3-3-4-2-2-3-3-0-8-4-2	3-6-3-0-3-3-1-3-5-4-3-3	3-3-3-3-3-3-3-3-2-2-0-5
405	4	4-4-4-4-4-4-4-4-4-4-3-4	5-5-5-2-4-5-1-5-3-3-3-5	2-3-5-3-2-3-5-5-5-3-5-5	4-3-3-2-2-3-5-2-5-4-5-1	2-1-2-2-3-5-3-3-3-4-3-3	2-3-3-3-3-2-5-2-4-4-10-4	2-2-5-3-3-4-6-3-4-3-3-3	4-2-2-3-2-1-4-3-3-4-3-1	4-3-3-3-13-3-3-3-10-5-2-5	3-5-4-3-3-3-5-4-5-3-3-2	4-3-6-9-3-5-1-3-3-3-3-3	4-3-2-3-1-5-2-14-6-1-14-4
405	5	6-5-5-5-5-5-4-5-4-6-5-5	4-4-4-2-5-4-4-4-3-3-3-4	2-5-4-5-2-2-4-6-6-7-6-6	5-4-6-2-2-3-6-2-6-6-7-0	2-0-2-6-3-4-5-5-6-3-3-5	2-3-3-1-5-1-6-6-5-5-5-3	3-2-4-0-3-4-5-4-5-5-0-3	5-2-4-3-4-1-6-3-3-5-3-1	1-3-6-3-1-5-0-3-6-7-4-5	6-4-5-2-6-5-10-5-4-1-1-2	8-3-4-7-6-4-14-3-3-3-3-3	6-3-2-3-1-4-3-1-1-6-10-4
405	6	5-5-5-6-5-7-5-5-4-5-5-5	7-4-5-7-5-7-7-3-7-3-8-7	3-6-7-8-8-3-7-5-5-3-5-7	8-7-5-8-8-8-5-11-5-5-3-1	8-1-6-7-3-4-7-7-5-8-6-7	3-6-6-10-5-8-7-6-5-5-6-7	2-7-5-3-3-8-5-4-4-3-7-3	5-7-15-7-7-1-5-3-3-6-3-1	3-1-5-3-10-3-3-7-5-5-7-9	5-2-5-6-6-6-6-7-6-1-1-6	3-3-4-5-5-5-1-3-3-6-7-3	5-6-6-3-1-3-3-1-4-5-0-4
405	7	7-7-7-7-7-7-6-7-7-7-7-7	6-4-7-6-4-8-6-8-6-8-6-6	2-6-6-6-6-3-8-8-5-5-8-6	6-6-8-6-6-6-8-6-8-10-7-1	6-1-3-6-3-8-6-6-7-7-6-6	6-6-6-7-10-6-8-7-7-7-7-6	3-7-4-1-8-7-10-8-7-5-6-6	7-6-8-8-6-1-14-6-3-14-8-9	3-1-3-3-11-7-15-6-5-5-6-8	9-1-7-8-6-7-6-5-8-1-1-6	0-3-5-12-8-8-1-3-12-3-6-3	5-6-2-3-8-7-14-1-10-1-8-8
405	8	8-8-8-8-10-8-8-8-8-8-8-8	8-9-9-6-9-7-6-7-8-9-6-8	6-6-6-6-6-3-7-7-9-9-7-7	6-9-7-6-6-6-7-6-10-9-9-1	6-1-6-6-3-7-7-7-9-6-6-6	3-6-6-10-9-6-9-7-8-8-8-7	3-9-8-0-7-7-11-7-8-5-9-6	7-6-7-7-6-8-10-8-3-9-3-0	9-1-10-6-7-7-0-9-5-5-7-7	3-2-8-10-10-7-10-8-7-3-1-6	3-3-15-8-10-7-12-8-3-8-6-3	8-8-2-3-7-8-2-8-10-14-7-7
405	9	9-9-11-11-9-10-11-10-11-10-9-10	11-8-8-11-10-10-11-10-11-11-10-11	9-9-10-6-9-10-9-10-10-8-10-10	10-10-10-10-6-9-10-6-8-9-8-9	6-12-11-6-12-7-10-7-7-10-6-9	12-10-7-13-8-6-8-7-8-8-12-10	12-8-8-13-10-9-8-10-8-10-12-10	10-6-12-8-9-12-7-8-10-10-12-10	12-13-12-12-6-10-13-11-12-9-10-6	10-13-5-10-12-12-8-5-12-10-13-12	13-3-12-4-11-15-10-13-13-11-9-3	9-7-9-13-13-11-9-9-8-12-13-9
405	10	9-9-8-10-8-9-9-9-10-9-10-9	9-8-8-9-9-9-9-9-9-9-9-9	11-11-9-12-11-9-11-9-9-10-9-9	9-9-9-9-6-11-9-6-8-9-9-9	2-9-9-8-11-10-11-11-8-10-6-6	11-11-6-6-7-11-8-7-10-8-14-11	11-11-12-10-11-12-8-9-8-9-9-9	4-6-11-11-11-11-7-14-10-9-10-9	10-9-9-11-6-9-10-11-5-10-9-8	9-10-10-9-8-11-8-5-11-9-11-10	10-3-8-7-8-9-9-9-9-9-11-3	10-6-9-10-9-9-10-9-8-9-7-4
405	11	9-11-11-9-11-9-9-11-9-9-11-9	9-8-8-9-9-9-9-9-9-9-9-9	10-10-10-10-10-9-10-9-9-12-9-11	10-12-11-11-10-10-9-6-12-12-12-9	2-0-9-6-10-11-10-10-12-11-6-9	10-10-6-6-8-10-10-7-11-11-8-10	10-10-8-9-10-11-15-9-8-5-9-9	11-6-9-10-10-10-7-10-10-11-9-9	11-9-9-10-7-12-9-10-14-11-6-9	9-9-12-10-9-10-6-5-10-10-10-6	9-11-9-7-9-9-9-9-9-9-10-9	14-3-9-10-9-9-10-9-14-9-7-4
405	12	12-15-14-15-15-13-15-14-15-15-15-15	9-11-13-15-14-14-13-13-14-13-13-13	12-13-13-14-10-13-12-13-13-13-13-12	13-11-9-13-13-13-9-14-11-11-11-12	14-9-12-12-9-11-13-13-11-12-13-13	9-10-14-12-12-10-13-14-8-11-9-13	9-11-10-9-10-12-8-9-5-12-9-13	11-14-9-13-14-9-7-10-3-9-9-9	9-9-9-13-15-11-9-9-9-12-14-7	9-9-11-11-13-13-13-8-9-9-9-14	9-3-9-7-9-9-9-9-9-9-9-3	11-8-9-9-9-9-13-9-8-9-7-4
405	13	12-12-12-12-12-12-12-12-12-12-12-12	9-15-12-12-12-12-12-12-12-12-12-12	10-12-12-12-14-12-14-12-12-12-14-14	12-14-14-12-12-12-9-6-14-14-12-12	12-9-9-14-9-14-12-12-14-9-14-12	9-14-12-12-13-10-14-12-13-13-4-12	10-14-11-9-12-11-13-14-13-12-12-12	7-12-9-12-12-10-11-10-3-13-12-15	10-9-9-12-9-11-9-14-11-5-12-7	9-9-5-14-12-12-12-5-12-9-9-12	9-3-8-13-14-13-9-9-9-9-13-3	9-13-9-9-9-13-12-9-11-14-7-13
405	14	12-12-12-12-12-15-12-12-15-9-12-15	14-13-12-12-12-12-12-15-12-12-12-12	14-14-12-12-13-13-13-13-12-12-13-13	14-13-14-13-12-12-15-6-13-13-12-14	12-14-15-13-14-13-13-12-13-14-13-13	14-13-12-12-14-10-13-12-14-11-10-14	14-13-9-14-14-14-13-13-4-15-12-14	14-12-2-12-12-14-7-10-14-7-14-0	14-9-9-14-12-14-14-13-11-8-12-7	14-9-14-13-13-12-13-5-14-14-14-12	14-14-8-13-13-15-5-14-14-14-14-14	11-13-14-14-14-14-12-13-11-13-7-4
405	15	15-15-12-12-15-15-12-15-15-12-15-15	14-13-15-12-12-12-13-12-12-15-12-13	14-15-15-12-15-15-15-15-12-15-15-13	14-15-14-15-15-15-14-15-15-15-15-14	15-14-14-15-15-15-14-15-15-15-2-12	10-15-12-15-15-10-15-15-15-15-15-12	10-15-15-15-10-15-11-13-15-14-9-12	15-15-6-10-15-10-15-10-14-10-13-15	14-15-15-15-12-15-15-9-15-12-12-14	9-15-15-15-15-15-15-14-15-15-15-15	9-15-8-13-15-9-15-10-15-9-15-15	9-15-15-10-9-15-15-9-15-15-15-15
406	0	0-0-0-0-0-0-0-0-0-0-0-0	0-0-0-0-0-0-0-0-0-0-0-0	0-0-0-0-0-0-0-0-0-0-0-0	0-0-0-0-0-0-0-0-0-0-0-0	0-0-0-0-0-0-0-0-0-0-0-0	0-0-0-0-0-0-0-0-0-0-0-0	0-0-0-0-0-0-0-0-0-0-0-0	0-0-0-0-0-0-0-0-0-0-0-0	0-0-0-0-0-0-0-0-0-0-0-0	0-0-0-0-0-0-0-0-0-0-0-0	0-0-0-0-0-0-0-0-0-0-0-0	0-0-0-0-0-0-0-0-0-0-0-0
406	1	1-1-1-2-1-1-1-1-1-2-1-1	2-1-1-2-2-2-2-2-1-1-2-2	1-3-0-2-3-2-2-0-2-2-2-2	2-0-3-2-0-0-2-1-3-2-2-0	1-0-1-3-1-1-2-0-1-2-5-0	1-2-2-1-1-4-1-2-1-1-0-2	1-1-1-1-2-1-2-2-1-1-1-1	1-1-2-1-1-2-1-2-1-1-2-2	1-2-2-1-3-3-13-1-3-1-1-3	2-1-2-3-1-2-1-1-2-2-4-2	2-2-2-4-2-1-3-2-1-1-3-1	2-1-1-1-2-2-3-2-3-1-1-3
406	2	1-1-1-1-1-1-1-1-1-1-1-1	1-1-1-1-1-1-1-2-1-1-3-1	0-1-3-1-1-1-3-1-1-1-1-1	3-0-1-1-4-3-1-5-1-1-3-1	3-0-3-4-0-3-3-3-1-1-3-3	1-3-1-2-1-0-1-3-1-1-2-1	2-1-1-0-2-1-1-1-1-1-3-4	1-2-3-2-2-1-1-1-2-1-1-1	1-1-1-2-13-1-1-3-1-1-2-1	3-2-1-1-1-3-1-1-1-1-1-1	1-1-1-1-1-1-0-1-1-3-1-1	1-2-2-1-1-1-4-1-1-1-1-1
406	3	1-1-1-1-1-1-1-1-1-1-1-3	1-1-1-1-1-1-1-4-3-4-2-3	6-4-2-1-1-6-2-4-1-5-3-1	2-4-1-2-2-5-1-2-1-1-2-0	2-1-2-2-4-2-4-2-3-3-2-2	6-6-5-6-1-5-4-2-4-3-10-3	8-3-1-3-4-1-4-3-3-1-2-6	1-2-2-4-3-1-1-5-6-3-3-1	3-1-3-3-1-1-3-4-1-1-2-1	4-3-3-1-1-2-3-1-1-1-3-1	5-1-1-1-3-3-1-3-4-4-1-3	1-3-1-4-3-1-1-1-1-1-1-1
406	4	4-4-4-4-4-4-4-4-4-1-1-4	1-6-5-2-1-1-3-5-2-3-2-5	0-3-3-1-5-3-5-6-1-6-5-5	3-3-3-2-2-2-5-2-5-5-5-0	2-0-2-2-3-5-3-5-3-4-6-2	1-3-3-3-1-1-5-5-3-4-2-4	2-4-1-0-3-4-3-5-4-4-2-3	5-2-3-3-2-1-4-3-5-5-1-1	3-1-3-3-4-1-1-3-1-2-5-1	3-3-1-6-1-6-5-3-1-1-1-5	3-3-1-1-5-4-0-5-3-5-1-5	1-3-2-3-1-3-2-1-12-1-4-1
406	5	5-1-5-5-5-5-5-5-6-5-1-5	1-6-4-2-6-6-1-6-3-3-2-4	0-5-7-6-4-3-4-6-1-3-6-4	3-4-6-2-2-3-4-2-6-4-4-0	2-0-0-2-3-4-6-5-6-1-1-2	1-3-3-3-5-1-6-4-5-5-5-3	3-4-1-0-3-5-6-4-5-5-0-2	4-2-3-4-3-1-6-3-4-4-3-1	1-1-4-3-5-1-1-3-1-7-4-1	1-4-5-1-5-5-4-5-1-1-4-4	3-1-6-1-4-3-0-4-3-4-1-4	1-3-2-3-1-5-2-1-4-1-6-9
406	6	5-4-5-5-3-1-1-7-5-1-1-5	1-4-4-6-5-5-7-5-7-3-7-4	10-7-8-7-7-3-7-7-8-4-5-7	7-8-5-8-8-8-4-11-5-5-3-8	8-0-6-7-3-4-7-7-5-8-8-6	7-3-7-3-6-7-7-8-5-5-3-7	12-4-1-3-3-5-5-7-5-5-7-3	4-7-9-7-6-1-5-5-3-8-6-1	3-1-3-3-9-1-3-7-1-6-7-6	1-3-10-4-7-6-5-5-7-1-6-7	3-1-5-0-5-6-0-3-3-3-1-3	1-6-6-6-7-8-2-1-4-4-5-1
406	7	5-7-7-7-7-7-5-7-7-7-7-5	9-8-8-6-7-7-8-8-6-7-6-5	6-6-6-6-6-3-6-8-8-7-8-6	6-6-6-6-6-6-7-6-8-8-8-0	6-0-6-6-9-8-6-6-7-7-6-6	6-6-6-7-7-6-6-7-3-7-5-7	10-7-7-3-3-5-13-6-5-5-6-6	7-9-8-8-7-1-11-6-3-8-6-1	4-1-8-8-7-1-1-6-12-5-6-8	8-3-7-1-6-8-6-5-8-1-6-9	9-1-13-12-10-7-9-8-3-8-1-3	1-6-6-3-8-7-13-12-4-9-10-5
406	8	8-8-8-8-8-7-8-8-8-7-8-8	11-9-7-7-7-8-9-8-6-7-6-10	6-8-6-6-6-9-7-8-11-9-7-8	6-6-9-6-6-6-10-6-10-10-9-6	6-0-6-6-3-7-7-7-9-6-6-6	9-6-6-7-11-6-9-7-5-8-6-7	3-9-8-0-12-5-9-7-5-5-0-9	1-7-7-7-7-1-7-10-3-7-1-9	8-1-7-7-5-1-10-6-10-12-6-10	9-9-13-9-6-7-9-10-7-1-6-7	3-8-5-7-1-7-0-7-3-7-1-3	10-6-6-6-7-11-1-9-1-9-8-8
406	9	9-9-10-11-10-13-11-10-13-13-9-13	11-8-12-11-10-10-10-10-10-10-10-10	9-9-10-10-9-10-9-10-9-8-10-9	10-9-10-6-6-9-13-6-8-8-8-9	6-9-9-6-11-7-10-9-8-9-6-9	9-10-6-9-9-11-8-9-7-8-1-10	6-8-12-9-9-10-8-10-5-12-10-8	1-7-11-7-8-11-7-13-11-9-10-12	10-11-9-3-12-9-9-6-8-10-5-11	11-3-9-10-8-8-8-9-11-11-11-7	11-1-9-7-5-13-9-11-11-9-1-9	9-6-9-10-9-11-1-11-4-8-8-11
406	10	11-9-9-9-9-9-9-9-7-9-9-9	10-8-9-9-9-9-9-9-9-9-9-9	11-10-9-11-11-9-11-9-9-8-9-11	11-9-9-11-10-11-9-6-8-8-10-9	11-9-10-8-9-10-11-10-8-7-10-11	10-9-13-10-9-9-11-10-5-8-3-9	13-8-7-10-8-9-10-9-9-5-11-12	1-10-9-10-10-9-7-8-3-9-10-9	11-9-9-10-9-9-10-10-8-9-10-9	10-10-6-11-10-10-11-8-9-9-11-7	12-1-10-7-12-10-12-10-10-10-1-10	8-10-7-9-10-8-10-9-4-10-7-12
406	11	9-9-9-9-9-9-9-9-9-9-13-9	9-9-9-9-7-9-9-9-9-9-12-9	10-12-9-12-10-12-10-12-9-12-13-10	10-11-10-12-10-10-9-6-11-12-12-9	10-9-10-8-9-12-12-11-8-11-10-10	10-11-12-11-8-9-10-7-12-8-12-11	10-12-12-10-8-9-11-12-5-13-10-12	12-11-9-12-10-9-7-8-3-9-10-1	10-9-9-10-9-1-9-12-12-9-10-9	9-10-12-11-12-10-10-5-9-9-9-12	9-1-12-7-12-12-12-9-9-10-1-12	8-11-9-9-10-9-10-9-4-11-12-10
406	12	9-9-9-9-13-9-9-13-9-13-9-13	11-8-9-9-9-9-9-9-9-9-11-9	6-11-9-11-11-11-11-11-10-11-10-12	11-11-13-11-11-10-9-6-8-11-11-12	10-12-12-12-12-11-13-11-8-11-10-12	10-11-11-10-8-13-11-10-12-8-11-12	13-11-11-12-8-9-11-12-12-9-10-11	12-11-12-11-10-12-8-8-12-9-10-9	12-9-9-11-9-12-12-11-11-8-10-11	12-10-11-11-10-10-11-8-12-9-12-11	12-1-10-7-11-11-11-12-10-10-1-11	9-10-10-12-12-1-10-12-4-10-12-10
406	13	13-13-13-13-13-9-9-13-13-12-13-13	9-8-13-9-13-9-9-10-9-13-9-9	11-11-13-10-13-13-13-13-9-13-11-13	12-13-12-13-13-13-9-13-13-13-13-9	13-9-13-13-13-13-12-13-13-13-6-6	13-13-11-13-13-12-13-13-13-13-13-12	10-13-13-13-7-13-8-12-13-13-12-10	13-13-6-12-13-9-7-9-12-13-12-13	12-13-13-13-2-13-13-6-13-1-10-9	9-13-13-13-13-10-13-11-13-13-13-13	13-13-13-13-13-9-13-13-13-13-13-13	13-13-13-9-10-13-13-13-13-13-13-13
407	0	0-0-0-0-0-0-0-0-0-0-0-0	0-0-0-0-0-0-0-0-0-0-0-0	0-0-0-0-0-0-0-0-0-0-0-0	0-0-0-0-0-0-0-0-0-0-0-0	0-0-0-0-0-0-0-0-0-0-0-0	0-0-0-0-0-0-0-0-0-0-0-0	0-0-0-0-0-0-0-0-0-0-0-0	0-0-0-0-0-0-0-0-0-0-0-0	0-0-0-0-0-0-0-0-0-0-0-0	0-0-0-0-0-0-0-0-0-0-0-0	0-0-0-0-0-0-0-0-0-0-0-0	0-0-0-0-0-0-0-0-0-0-0-0
407	1	1-1-1-1-1-1-1-1-2-1-2-1	2-2-1-0-2-2-3-2-2-2-2-1	0-2-2-2-3-2-4-2-2-2-2-2	2-0-2-2-1-0-2-1-2-2-1-1	1-0-1-0-1-1-0-0-1-2-5-0	8-2-2-1-2-2-1-3-1-1-8-1	8-1-2-1-0-1-2-2-2-1-0-0	1-1-1-0-1-2-2-1-1-2-0-2	1-2-1-1-1-2-8-1-2-1-1-2	0-1-2-2-1-1-1-2-2-2-1-1	1-2-1-0-1-2-2-1-1-1-2-1	2-1-1-1-2-2-1-2-1-1-1-8
407	2	1-1-1-1-1-1-1-1-1-1-1-1	1-1-1-3-1-1-1-1-1-1-1-3	5-1-1-1-4-3-3-3-1-1-3-4	3-1-1-1-2-3-1-5-3-1-3-5	2-3-4-2-0-2-3-3-2-1-10-4	3-3-1-1-1-5-3-2-1-1-2-3	2-2-1-0-2-1-1-1-1-2-3-2	2-2-3-2-2-1-1-3-2-1-3-1	2-1-2-2-3-1-1-3-1-2-3-1	2-2-1-1-1-3-2-1-1-1-2-2	1-1-1-0-1-1-1-1-1-2-1-2	1-2-2-2-1-1-2-1-1-1-1-1
407	3	1-1-1-1-1-1-1-1-1-1-1-3	1-1-1-2-1-1-1-4-3-4-2-4	2-4-2-1-2-6-2-4-1-4-2-2	2-4-4-1-2-2-1-2-2-3-2-2	2-3-2-2-4-2-4-2-3-1-4-2	2-4-5-6-3-2-2-4-3-3-2-4	3-3-1-3-4-1-3-4-3-1-2-7	2-2-2-4-3-3-3-4-5-1-4-1	3-6-3-3-2-1-3-2-1-3-2-3	4-2-3-1-1-2-5-3-4-3-3-2	4-6-1-0-3-3-1-3-5-4-1-3	1-3-3-5-1-3-2-3-1-1-1-5
407	4	1-4-4-4-4-3-4-4-4-4-1-4	1-6-4-2-1-1-1-5-5-3-2-5	2-4-5-2-2-3-5-6-6-3-5-5	2-3-3-3-2-2-4-2-5-4-3-2	2-0-2-2-3-5-3-2-3-1-3-2	2-4-3-3-3-2-5-4-4-4-2-3	3-3-1-3-3-4-3-5-4-1-2-6	4-2-2-3-2-3-6-3-3-4-3-1	5-4-3-3-4-1-3-2-5-3-5-4	3-3-4-4-1-4-1-4-5-3-5-2	3-1-1-5-3-4-1-3-3-3-5-3	1-3-2-3-1-1-2-1-1-1-4-5
407	5	5-5-5-5-4-4-5-5-4-5-1-5	5-6-6-2-1-1-3-4-4-3-1-6	2-5-4-2-2-3-4-4-4-6-6-4	6-6-6-6-2-2-5-2-6-7-6-2	2-0-2-6-3-4-6-5-6-1-6-2	2-5-3-1-5-2-6-6-4-5-7-4	6-6-1-3-3-6-5-4-4-5-3-3	5-2-2-4-3-6-4-3-3-5-3-1	5-3-6-3-5-1-5-2-4-5-4-4	4-2-5-4-6-2-9-4-4-3-4-2	3-3-7-5-6-5-1-3-3-3-4-7	1-3-2-3-10-1-2-5-5-6-6-4
407	6	6-5-10-5-6-6-4-10-5-5-7-5	7-4-5-8-1-1-7-7-7-3-7-7	6-7-7-7-7-3-7-7-7-5-5-7	7-7-8-7-7-7-5-8-5-5-5-8	7-6-10-5-3-4-7-7-5-7-7-7	7-7-3-3-5-7-5-5-3-5-7-7	10-5-4-3-7-5-5-7-3-6-7-3	3-7-7-7-3-5-4-7-10-5-6-1	7-3-10-3-6-7-3-7-7-7-5-6	10-7-9-6-7-2-6-6-7-1-6-7	7-3-6-5-5-8-1-6-7-7-6-3	6-6-6-6-6-7-3-1-5-5-5-4
407	7	7-10-8-7-7-7-7-5-7-7-6-8	8-8-8-6-8-7-6-8-8-3-6-6	2-6-6-6-6-6-6-6-6-8-8-8	6-6-6-6-6-6-6-6-8-5-8-6	6-6-6-6-6-8-8-6-7-6-6-6	6-7-8-7-7-6-8-7-3-7-6-6	6-7-8-7-6-7-3-6-7-7-6-3	7-7-6-6-7-7-9-6-3-7-6-1	6-3-8-3-7-6-1-6-6-6-7-9	9-6-7-6-6-2-9-8-6-8-6-6	7-3-5-10-6-4-7-6-6-6-6-5	6-6-7-6-7-6-3-7-7-7-5-7
407	8	7-7-7-7-8-7-8-9-7-8-7-7	7-7-7-9-7-7-9-10-7-7-9-10	10-7-6-6-8-8-6-9-8-7-7-7	9-9-6-6-6-6-8-6-7-7-9-6	6-10-6-5-8-7-7-7-7-8-8-8	9-8-7-8-9-6-7-9-8-5-1-9	10-8-7-4-8-8-5-7-7-8-8-10	1-7-2-6-7-9-7-6-6-8-8-9	8-9-7-8-6-1-1-7-6-1-7-10	7-1-6-9-8-2-7-7-8-9-9-7	9-1-9-8-8-6-9-8-8-8-1-3	8-3-8-8-9-1-1-9-8-8-1-1
407	9	9-9-10-10-10-10-10-9-10-10-10-10	10-7-10-8-7-10-10-10-10-10-10-10	9-10-10-10-9-10-9-8-10-7-8-9	8-8-10-8-2-8-9-6-7-7-8-6	10-8-10-5-8-9-10-9-8-10-6-6	9-8-10-8-8-6-7-8-9-4-7-8	10-9-9-3-8-9-5-9-7-7-10-10	1-10-10-9-10-10-7-10-10-8-8-8	10-8-9-9-10-7-9-8-4-10-9-7	7-9-6-8-9-10-7-10-9-8-8-9	10-3-9-8-10-9-8-10-8-9-6-3	10-10-9-10-9-1-2-8-10-8-5-7
407	10	10-10-10-10-10-9-9-10-10-9-10-10	9-7-10-9-7-9-9-9-9-10-9-9	8-10-10-9-10-10-10-10-9-10-10-10	10-10-10-10-10-10-8-10-10-10-10-6	9-8-6-10-8-10-9-10-10-9-6-6	10-10-10-10-10-6-10-10-10-10-10-9	8-10-10-10-9-10-10-9-10-10-9-10	10-10-6-10-10-9-6-9-6-9-9-8	9-10-6-10-9-10-10-9-10-9-9-8	6-9-10-10-10-9-10-9-6-10-8-10	9-10-10-10-10-4-9-9-10-10-10-10	9-9-10-9-5-10-10-8-10-10-10-0
408	0	0-0-0-0-0-0-0-0-0-0-0-0	0-0-0-0-0-0-0-0-0-0-0-0	0-0-0-0-0-0-0-0-0-0-0-0	0-0-0-0-0-0-0-0-0-0-0-0	0-0-0-0-0-0-0-0-0-0-0-0	0-0-0-0-0-0-0-0-0-0-0-0	0-0-0-0-0-0-0-0-0-0-0-0	0-0-0-0-0-0-0-0-0-0-0-0	0-0-0-0-0-0-0-0-0-0-0-0	0-0-0-0-0-0-0-0-0-0-0-0	0-0-0-0-0-0-0-0-0-0-0-0	0-0-0-0-0-0-0-0-0-0-0-0
408	1	1-0-1-0-1-1-1-1-1-0-1-0	0-0-0-1-0-0-0-0-0-0-1-0	3-2-1-2-1-2-2-0-0-0-0-1	2-0-2-2-2-2-0-1-1-0-2-1	2-0-3-2-1-1-2-2-1-1-4-2	1-0-1-1-0-4-1-2-1-1-1-0	1-1-0-0-1-1-1-2-1-1-1-1	0-1-2-1-1-0-0-1-1-0-0-0	0-0-1-1-2-1-0-2-0-1-1-2	0-1-0-0-2-2-1-1-1-0-0-2	0-1-0-0-2-0-0-0-0-1-1-0	0-1-1-1-0-0-1-0-0-2-0-1
408	2	2-2-2-2-2-2-2-2-2-2-2-2	3-0-0-1-2-2-0-3-2-3-1-2	1-3-1-1-1-5-3-4-0-3-3-3	4-3-1-1-1-1-3-1-1-2-4-0	1-0-1-1-4-1-3-1-2-2-1-1	3-3-4-8-2-1-3-3-2-2-10-2	2-2-2-2-3-2-2-3-2-3-3-3	2-1-1-3-2-2-2-3-4-0-4-0	2-7-2-2-1-3-2-1-0-2-1-3	3-3-2-0-1-1-1-2-3-0-0-1	2-2-1-0-2-2-0-2-3-3-3-2	2-3-2-2-2-2-2-2-1-1-0-1
408	3	3-3-4-3-3-3-3-3-3-3-3-3	2-3-3-1-4-3-0-2-2-2-1-4	1-2-1-1-1-2-4-3-4-2-4-4	3-2-3-4-1-1-2-1-4-3-4-1	1-0-1-1-2-4-2-2-2-3-1-1	2-2-2-2-3-1-4-4-3-3-5-3	2-2-4-0-2-3-3-4-3-2-2-2	3-1-1-4-4-2-3-2-2-3-2-0	0-3-2-2-3-2-0-2-3-3-1-4	2-2-3-3-1-2-2-3-4-0-0-8	5-2-4-10-2-3-5-2-2-2-4-2	0-2-1-2-4-3-2-6-3-4-3-4
408	4	4-4-4-4-4-3-4-4-4-4-3-4	5-5-3-1-5-4-0-3-2-5-1-5	1-4-4-2-1-3-3-5-3-2-5-5	2-5-5-3-1-2-5-1-5-5-2-0	1-0-1-5-2-3-5-4-5-1-1-1	2-2-2-2-4-1-5-3-4-4-4-3	2-2-3-0-2-4-5-5-4-4-1-2	4-1-3-3-3-0-4-2-2-3-2-0	5-2-5-2-4-2-0-2-4-5-1-3	4-2-4-5-1-5-5-4-3-0-0-1	6-7-7-11-5-5-3-6-2-2-3-2	8-1-1-4-3-3-2-4-4-3-4-6
408	5	4-5-5-4-4-5-6-4-4-4-5-5	4-4-3-10-4-6-6-6-6-4-6-4	6-6-7-6-6-2-6-4-7-2-4-4	6-6-4-6-6-6-6-1-4-4-6-6	6-0-7-6-2-3-6-6-4-7-6-6	6-6-6-5-5-11-4-5-4-4-6-6	2-4-3-0-2-5-4-4-4-8-6-2	4-7-2-6-3-6-4-5-2-0-6-0	6-2-4-2-5-7-6-6-5-6-6-3	6-2-7-4-6-4-5-7-6-6-6-1	3-2-4-5-5-6-3-5-9-5-5-2	6-5-8-5-6-6-2-9-4-4-4-4
408	6	6-6-6-6-6-6-6-6-6-6-6-6	3-8-7-1-9-5-5-5-5-4-5-7	5-5-5-5-5-7-5-7-7-8-7-5	5-5-7-5-5-5-5-1-7-7-8-5	5-0-5-5-2-7-5-5-6-5-5-5	5-5-5-3-6-5-5-5-5-6-5-5	1-6-7-0-11-6-11-5-4-6-5-2	6-5-7-7-6-8-7-8-2-6-5-0	5-6-7-2-5-5-5-5-6-5-7-8	7-5-6-7-5-5-5-5-5-5-5-5	6-5-4-4-11-5-7-4-5-5-5-2	7-2-2-5-5-5-8-4-4-5-4-4
408	7	10-6-6-6-10-6-7-8-7-7-6-6	8-6-6-10-6-7-11-8-5-6-8-6	8-5-8-5-8-8-6-9-7-8-6-8	8-8-8-9-5-8-5-1-6-8-6-5	5-0-5-7-2-6-8-5-8-5-5-5	2-5-5-2-7-0-8-6-8-7-9-5	2-8-6-0-2-6-4-8-7-5-5-4	2-5-11-6-6-7-6-5-2-8-5-7	5-2-6-2-5-5-7-5-6-4-6-10	6-2-5-8-10-4-7-5-8-0-5-1	4-4-4-7-7-7-7-2-3-7-7-2	6-7-9-5-5-5-6-3-6-5-4-7
408	8	7-8-9-7-7-7-8-7-6-11-7-11	7-6-6-7-6-9-9-7-9-6-9-9	10-9-9-6-7-9-9-9-9-9-9-7	9-7-9-7-8-9-9-1-7-7-6-11	8-8-10-7-10-6-9-9-7-9-5-5	9-9-7-2-8-9-7-9-7-7-6-9	9-6-7-9-9-6-9-7-7-5-9-6	2-5-10-6-8-9-6-6-9-7-9-10	9-10-9-9-5-8-9-9-6-4-6-7	6-9-6-7-10-9-9-8-10-10-9-3	9-7-4-7-6-8-9-5-9-10-7-2	10-5-7-9-9-5-6-10-8-9-4-4
408	9	9-10-9-10-9-9-10-9-10-9-10-9	8-10-10-7-6-8-8-7-8-7-8-8	8-8-8-7-7-8-8-8-8-8-10-7	8-9-8-7-5-8-9-1-10-7-9-8	1-8-8-7-9-9-8-8-7-8-5-7	8-8-5-9-9-8-10-8-10-9-7-8	8-6-6-8-8-9-10-8-9-6-8-8	2-3-8-9-9-8-6-6-2-9-8-8	11-8-10-8-9-9-8-8-10-9-9-6	8-8-9-7-5-8-8-5-8-8-8-1	8-10-11-7-7-8-8-8-8-5-7-2	6-5-7-8-8-5-8-5-10-8-10-4
408	10	7-9-9-9-7-10-9-9-9-9-9-7	8-9-9-11-8-8-10-11-11-7-11-11	8-10-8-11-10-11-10-10-11-9-9-10	11-10-8-11-10-10-11-1-9-9-10-8	10-8-8-7-8-9-11-10-10-8-7-10	10-8-10-10-7-5-9-8-9-4-2-11	11-7-9-10-8-9-9-11-9-9-10-10	10-11-8-10-10-8-6-5-11-7-8-8	10-8-9-10-10-9-8-8-9-5-10-7	8-10-10-7-8-10-10-6-8-8-10-1	8-9-9-7-7-10-8-10-10-8-7-10	8-7-10-10-8-5-10-8-9-10-9-9
408	11	11-11-11-11-11-11-11-11-11-11-11-11	8-9-11-10-11-8-10-10-10-11-10-10	10-10-11-10-11-10-11-11-10-11-11-10	10-11-10-10-11-11-10-11-11-11-11-8	11-8-11-11-11-11-10-11-10-11-5-8	11-11-11-11-11-8-11-11-11-11-11-10	10-11-11-11-6-11-6-10-11-11-8-10	11-11-7-11-11-7-6-5-10-9-8-11	9-11-11-11-6-11-11-11-11-9-10-4	6-11-11-11-11-4-11-9-11-11-11-11	11-11-9-4-6-8-8-11-11-11-11-11	11-11-11-11-10-11-11-11-11-11-11-9
409	0	0-0-0-0-0-0-0-0-0-0-0-0	0-0-0-0-0-0-0-0-0-0-0-0	0-0-0-0-0-0-0-0-0-0-0-0	0-0-0-0-0-0-0-0-0-0-0-0	0-0-0-0-0-0-0-0-0-0-0-0	0-0-0-0-0-0-0-0-0-0-0-0	0-0-0-0-0-0-0-0-0-0-0-0	0-0-0-0-0-0-0-0-0-0-0-0	0-0-0-0-0-0-0-0-0-0-0-0	0-0-0-0-0-0-0-0-0-0-0-0	0-0-0-0-0-0-0-0-0-0-0-0	0-0-0-0-0-0-0-0-0-0-0-0
409	1	1-1-1-1-1-0-1-1-1-1-1-1	1-0-0-0-1-1-1-0-1-0-1-0	2-1-1-1-1-2-2-1-1-1-2-0	2-2-2-1-1-1-0-1-1-0-0-3	0-2-2-0-1-0-2-0-0-1-1-1	1-1-0-1-1-1-0-1-0-0-0-2	0-1-0-5-2-0-0-1-0-0-1-1	0-1-1-0-1-2-0-1-1-2-5-2	2-2-2-1-1-0-2-1-0-1-1-0	4-1-1-1-1-0-0-0-1-2-1-1	2-1-0-3-1-1-2-2-4-1-1-1	1-1-1-1-1-1-1-2-1-2-0-1
409	2	2-2-2-2-2-2-2-2-2-2-3-3	2-0-0-2-1-1-2-2-1-2-3-3	1-3-3-3-3-1-3-3-2-3-1-2	3-1-3-3-2-3-0-3-3-0-3-4	3-1-3-4-1-2-3-2-2-2-2-3	3-3-3-2-2-5-2-3-0-0-11-3	3-2-0-1-2-2-2-3-0-2-3-2	2-2-3-2-2-1-0-2-2-1-3-1	1-1-1-2-3-2-1-1-2-4-2-2	3-2-0-5-3-3-2-0-7-1-1-3	1-2-3-1-3-2-1-1-1-2-2-2	0-2-2-1-1-0-2-1-3-1-0-3
409	3	3-3-2-3-3-3-3-3-2-3-3-3	5-3-0-2-3-3-2-3-3-3-2-3	6-4-2-2-2-6-4-2-5-6-4-2	2-4-4-2-2-2-4-2-2-3-2-1	2-3-2-2-4-2-4-4-4-3-2-2	2-2-5-3-3-2-4-2-3-3-12-3	2-3-3-3-4-0-4-3-3-3-2-6	3-2-2-4-3-1-0-4-9-1-2-3	3-1-3-3-2-4-3-4-2-2-2-4	2-3-1-4-2-2-2-0-1-4-2-2	3-6-3-1-3-3-1-3-3-2-2-3	3-4-2-2-3-3-2-3-2-1-2-2
409	4	4-4-4-4-4-4-4-4-4-4-4-4	3-6-4-2-3-4-5-5-3-3-2-5	3-3-3-2-2-3-5-5-3-3-5-2	3-3-3-2-2-2-3-2-2-5-2-2	2-4-2-2-3-6-3-3-3-2-2-2	2-2-3-3-3-2-5-3-4-4-0-4	2-2-4-1-3-4-6-3-6-3-2-5	4-2-3-3-5-4-4-3-3-4-3-3	3-4-3-3-3-3-1-3-4-2-2-5	1-3-5-6-2-5-2-4-5-3-1-3	1-3-4-4-3-5-1-3-3-3-2-3	1-3-2-1-1-1-2-4-1-1-5-2
409	5	5-6-4-5-6-5-5-5-4-5-5-4	3-6-6-2-6-5-5-6-3-3-5-4	2-5-7-2-2-3-4-4-7-3-4-6	3-3-6-2-3-2-6-2-6-4-3-2	2-1-2-6-3-4-6-5-6-3-2-2	2-2-3-3-5-2-6-6-5-5-0-4	2-2-6-1-3-6-5-6-9-8-2-4	7-2-3-6-4-5-6-6-3-5-1-3	3-1-6-3-5-3-5-1-4-5-2-4	1-3-5-4-2-4-2-6-4-3-1-2	1-3-5-10-6-4-1-7-6-3-3-3	10-3-2-1-1-5-2-7-5-1-6-7
409	6	5-5-7-4-5-5-6-4-6-5-5-5	5-5-5-7-5-5-7-5-7-3-8-7	7-7-7-8-7-3-7-7-6-3-5-7	7-7-5-7-7-7-5-9-5-4-3-6	7-6-2-5-3-4-7-7-5-6-6-7	7-7-7-8-9-7-5-5-5-0-7-7	7-5-5-1-3-5-5-7-4-0-7-7	5-7-7-7-5-6-5-5-3-2-7-3	7-1-5-7-6-7-1-7-4-7-8-5	2-3-9-6-7-6-6-5-7-1-7-7	1-3-5-5-5-6-1-6-7-2-6-3	6-6-6-6-7-6-2-1-5-6-5-2
409	7	7-7-8-7-5-7-7-7-7-7-7-7	3-8-7-6-5-5-6-6-6-3-6-6	6-6-6-6-6-3-6-6-5-7-8-6	6-6-6-6-6-6-7-6-8-8-7-6	6-6-2-6-3-8-6-6-7-7-6-6	6-6-8-5-10-6-8-7-8-7-6-7	6-7-11-1-3-4-10-6-4-9-6-6	7-6-6-6-5-7-10-3-3-5-6-7	6-1-3-6-4-7-1-6-4-6-6-6	8-3-7-7-6-6-6-5-6-6-6-6	1-3-5-7-10-7-1-6-6-3-6-7	8-6-6-16-7-5-2-5-10-6-7-8
409	8	7-5-7-9-5-7-7-5-6-7-8-7	8-7-7-8-9-9-8-9-9-9-6-9	8-8-9-9-8-9-7-9-8-8-7-8	8-8-7-6-6-6-8-6-7-8-8-8	6-12-8-8-11-7-9-8-7-8-8-8	14-8-7-8-8-12-7-7-7-7-8-8	8-7-8-6-8-8-7-9-5-5-12-6	9-6-12-7-7-9-7-7-3-8-8-12	8-8-4-9-2-7-8-12-4-9-6-6	10-9-5-8-9-6-7-5-8-10-9-6	9-8-5-7-12-8-9-9-10-1-6-3	7-6-8-7-8-8-7-8-8-8-8-7
409	9	10-9-10-10-9-7-12-9-9-10-10-10	8-7-7-9-8-9-9-10-8-10-11-8	8-9-11-10-10-8-10-10-10-10-10-10	10-8-10-10-9-10-8-6-10-7-10-13	11-8-11-10-10-10-10-9-7-8-10-6	10-13-7-9-6-11-10-9-5-5-3-11	11-11-9-15-8-9-13-8-5-7-8-9	8-11-8-9-9-8-7-10-3-8-8-8	8-1-3-8-13-9-8-8-4-5-9-5	9-11-6-8-8-13-5-5-14-8-8-9	8-9-9-5-8-5-8-8-8-3-6-3	7-6-8-9-9-8-9-8-8-8-10-9
409	10	9-10-11-10-11-10-8-10-9-9-9-11	11-7-7-9-10-14-8-9-11-11-9-9	8-9-9-9-9-10-9-9-9-9-9-9	9-11-11-9-9-9-10-6-9-11-9-9	9-8-9-9-9-9-9-11-9-7-9-6	9-6-11-11-10-9-9-9-10-12-3-10	9-9-7-15-9-12-7-9-4-10-9-13	13-10-9-11-10-8-7-9-16-10-8-8	3-8-3-10-6-10-10-8-14-6-9-6	8-11-10-6-10-11-13-5-10-8-8-11	8-10-5-5-5-5-8-8-8-10-10-3	7-6-8-13-10-10-9-8-7-8-9-7
409	11	11-11-10-11-11-10-11-11-12-11-11-11	10-14-7-9-13-11-9-9-10-12-12-9	8-9-9-13-9-12-12-9-8-12-11-12	12-12-12-12-10-10-12-6-13-12-12-9	9-8-9-11-8-10-12-10-12-12-13-6	9-12-10-10-13-9-11-12-10-11-12-10	9-9-11-1-11-10-12-10-5-13-9-11	11-9-11-10-11-11-14-12-11-13-8-8	8-11-12-11-9-12-11-10-11-13-9-12	11-10-11-11-12-10-14-5-11-8-11-10	8-11-11-11-11-11-8-11-8-11-10-11	13-14-11-10-11-11-11-11-11-11-7-7
409	12	12-12-12-11-12-10-12-11-12-11-11-16	10-7-12-13-11-10-13-13-10-11-14-13	14-12-13-13-14-11-14-12-9-13-11-11	11-11-11-11-13-12-11-6-12-11-11-9	14-8-13-14-12-12-11-12-11-11-13-14	3-11-13-12-15-8-13-13-10-13-3-13	9-14-11-1-12-10-13-13-14-10-8-14	8-13-13-10-10-11-7-11-3-12-11-8	8-11-11-13-16-11-11-8-11-11-12-11	11-13-10-13-11-13-10-5-11-8-11-13	8-10-5-5-14-12-8-11-8-10-10-14	7-6-11-11-11-12-12-8-7-8-14-16
409	13	11-13-12-14-12-14-12-13-11-14-11-11	10-7-7-9-11-10-12-12-10-12-11-12	13-12-14-12-12-11-12-14-15-12-13-11	14-13-14-11-12-14-11-9-11-11-12-13	9-14-9-12-13-12-14-12-11-13-11-13	9-12-12-13-11-16-12-12-10-12-14-12	9-12-11-14-13-10-12-14-15-11-14-10	15-12-12-10-10-14-11-11-14-13-14-13	13-13-14-12-9-13-13-14-14-11-9-11	14-12-10-12-14-12-10-10-11-13-11-12	14-9-13-11-11-14-14-11-13-14-10-3	11-11-14-10-13-11-11-13-12-13-9-12
409	14	14-16-14-14-12-14-14-14-14-14-14-12	10-15-15-12-15-10-12-12-10-12-12-12	12-14-13-12-12-11-12-13-13-12-11-14	13-13-13-11-12-13-11-9-15-15-14-13	12-13-9-12-13-15-13-13-15-11-11-12	15-13-12-10-14-13-15-12-14-14-15-14	12-12-14-13-16-14-15-13-14-14-13-15	13-12-11-11-11-13-11-5-13-14-13-8	15-13-13-15-14-15-13-13-10-11-12-13	13-12-14-16-13-11-15-15-11-13-13-12	13-15-13-14-15-13-13-13-13-13-10-12	11-11-13-13-11-11-11-14-8-11-14-11
409	15	15-16-16-16-16-16-16-16-16-16-16-16	16-14-16-16-14-16-16-16-15-16-16-16	15-15-16-12-15-14-15-15-16-11-16-15	15-15-14-15-12-15-11-15-14-14-14-15	14-16-9-12-14-14-16-15-14-15-15-15	15-14-12-15-12-13-14-12-14-14-14-15	16-12-15-14-15-15-14-15-14-11-13-14	13-12-11-14-11-16-15-11-13-13-15-15	14-15-15-14-9-15-15-13-10-16-12-16	15-16-7-14-15-16-16-15-11-14-11-12	16-14-15-16-11-15-13-13-15-16-11-15	16-13-15-14-14-11-15-13-11-15-15-15
409	16	16-15-16-15-16-15-15-15-15-15-16-16	15-15-16-15-15-15-15-15-15-16-15-15	14-15-15-12-16-14-16-16-15-16-15-15	15-16-16-15-16-16-11-16-16-16-16-15	9-15-16-16-13-16-15-16-14-16-2-13	16-16-12-15-16-13-16-16-16-16-16-16	9-16-16-16-14-16-16-15-16-10-14-16	16-12-12-15-16-15-7-11-10-14-15-15	15-16-16-11-9-16-16-12-16-15-12-15	15-16-16-14-16-9-16-15-11-16-13-16	15-16-16-15-11-11-15-16-16-15-16-16	15-16-16-7-15-16-16-13-16-16-16-12
410	0	0-0-0-0-0-0-0-0-0-0-0-0	0-0-0-0-0-0-0-0-0-0-0-0	0-0-0-0-0-0-0-0-0-0-0-0	0-0-0-0-0-0-0-0-0-0-0-0	0-0-0-0-0-0-0-0-0-0-0-0	0-0-0-0-0-0-0-0-0-0-0-0	0-0-0-0-0-0-0-0-0-0-0-0	0-0-0-0-0-0-0-0-0-0-0-0	0-0-0-0-0-0-0-0-0-0-0-0	0-0-0-0-0-0-0-0-0-0-0-0	0-0-0-0-0-0-0-0-0-0-0-0	0-0-0-0-0-0-0-0-0-0-0-0
410	1	1-0-1-1-0-1-1-1-0-1-1-1	1-0-0-0-0-1-1-0-1-0-2-0	3-1-0-0-0-0-2-2-0-0-0-1	2-2-1-1-1-2-0-1-0-0-0-6	0-1-6-0-3-0-0-0-0-1-0-1	1-1-1-0-1-1-2-1-0-0-0-0	1-0-0-1-2-0-0-0-0-1-6-1	0-0-1-1-1-3-0-1-3-1-1-0	3-1-3-1-1-0-3-7-0-1-1-0	1-1-1-1-1-1-0-0-1-1-1-1	1-1-1-0-1-1-3-1-0-1-1-1	0-1-1-1-1-1-1-1-0-1-0-0
410	2	2-2-2-2-2-2-2-3-2-3-2-2	3-3-3-3-3-3-3-3-3-2-3-3	2-4-3-4-2-3-3-3-3-3-5-2	3-3-3-3-1-1-3-3-3-3-2-9	3-1-4-6-1-2-2-2-3-3-3-1	3-1-3-3-2-9-2-4-3-2-10-2	10-2-2-2-1-2-3-3-3-4-10-3	10-2-3-2-2-1-3-3-1-2-2-3	10-1-2-2-4-4-10-1-3-2-2-3	3-10-3-2-2-3-2-2-1-6-10-3	2-3-4-6-5-3-4-10-3-10-4-2	10-2-2-1-3-3-2-3-10-2-0-4
410	3	2-2-2-2-2-2-2-2-2-2-2-2	2-2-2-3-2-2-2-4-2-2-3-2	5-3-4-5-4-2-4-2-2-4-4-4	2-2-2-2-4-4-2-7-4-2-4-1	2-1-1-4-1-4-3-4-3-2-2-3	2-4-2-2-2-2-3-3-2-2-3-4	2-3-2-1-3-2-2-2-2-2-3-2	2-3-4-3-3-1-2-4-1-2-1-2	2-1-2-2-11-2-1-1-2-3-4-2	2-2-2-2-4-4-3-2-1-2-2-4	1-2-2-0-2-2-1-2-2-2-2-1	2-3-3-1-2-2-5-2-2-2-0-2
410	4	2-2-2-2-2-2-2-2-2-2-2-2	2-2-2-3-2-2-5-5-4-5-3-4	7-5-3-2-3-9-3-5-2-3-3-3	5-5-5-5-3-6-2-3-3-4-3-1	3-2-3-3-5-3-5-3-4-2-3-3	9-3-6-2-4-2-5-2-4-4-13-4	2-4-2-2-5-4-5-5-4-2-3-7	2-3-3-5-4-1-2-3-13-2-2-2	9-1-4-4-7-2-9-1-2-2-3-2	4-2-2-2-3-3-3-2-1-1-4-3	4-5-2-0-2-4-2-2-5-3-2-4	2-4-4-1-4-2-3-2-2-2-0-2
410	5	5-5-5-5-2-2-2-2-2-2-2-2	2-7-6-3-2-2-4-6-4-4-3-6	3-4-3-3-3-4-6-7-2-7-6-6	4-4-4-4-3-4-2-3-6-6-7-1	3-1-1-3-4-7-4-6-4-8-7-3	2-4-4-2-2-2-6-6-4-5-2-5	2-3-6-2-4-0-6-6-5-5-3-4	2-3-3-6-5-1-2-4-6-6-2-2	2-1-4-4-5-2-2-1-2-6-6-2	4-2-3-7-3-5-6-2-1-1-2-3	4-4-2-2-6-6-1-2-4-6-2-6	2-4-3-1-2-2-3-2-9-2-5-2
410	6	6-2-6-6-2-2-6-2-7-2-2-6	2-7-5-3-2-2-2-8-2-4-2-5	1-6-3-3-7-4-5-6-2-4-7-5	4-5-7-7-3-4-8-3-7-5-5-1	2-1-1-3-4-5-6-7-7-2-2-3	3-4-4-2-6-2-7-5-6-6-7-4	2-3-5-1-4-6-7-5-6-6-1-2	0-3-2-5-4-2-9-4-5-5-1-2	2-1-5-7-6-2-2-1-10-6-5-7	2-2-6-5-6-6-5-2-3-2-8-3	4-4-2-6-5-5-1-2-2-5-2-5	2-4-12-1-2-2-3-2-5-2-7-2
410	7	6-2-6-6-2-8-6-2-6-7-2-7	2-5-5-3-10-7-2-6-9-9-7-8	4-7-8-3-6-5-8-5-6-5-6-7	8-5-6-8-3-4-8-3-6-5-5-1	8-1-1-10-4-5-8-6-6-7-5-3	4-8-7-2-6-2-6-7-6-7-6-8	2-3-5-1-4-6-6-6-6-6-3-8	0-3-4-8-7-1-6-4-4-2-1-2	6-1-4-7-4-7-1-1-9-9-11-7	2-2-7-5-3-7-6-6-1-1-2-3	7-2-2-0-6-8-1-2-4-4-10-4	2-9-7-1-7-2-7-2-5-7-6-2
410	8	8-9-8-8-8-8-6-8-6-10-9-7	2-11-5-2-2-7-9-9-7-4-9-7	4-9-10-10-7-7-7-9-9-10-7-9	7-10-8-7-10-10-6-7-7-8-5-7	7-6-2-9-4-5-7-6-7-10-7-3	4-7-7-9-8-2-6-7-8-8-6-7	2-8-10-1-9-8-7-5-8-8-8-7	2-8-9-7-7-1-6-10-4-8-9-2	4-1-4-4-4-7-2-1-7-7-8-7	9-2-7-7-3-7-6-14-1-1-6-8	4-2-2-0-6-7-8-2-4-4-7-4	2-4-7-11-7-2-9-2-5-2-6-2
410	9	10-8-9-9-10-9-2-2-6-2-8-10	2-5-5-10-6-2-10-8-7-7-10-7	10-8-10-8-8-4-7-8-8-10-7-8	10-4-10-8-11-10-6-10-7-5-5-2	10-1-13-10-4-5-10-10-7-8-9-9	4-10-10-8-11-11-10-9-6-8-4-10	2-11-8-1-10-11-5-10-8-9-9-9	2-9-9-10-7-10-6-9-9-17-9-2	4-1-4-10-11-7-4-10-7-7-11-10	8-2-7-5-9-9-6-6-10-2-9-9	4-2-2-10-6-9-1-2-4-9-7-4	2-7-7-1-8-2-8-2-5-9-6-2
410	10	10-11-10-10-10-11-10-10-11-11-10-11	11-11-11-9-11-7-9-9-7-7-9-10	9-10-9-8-8-10-9-8-8-11-11-10	9-10-9-9-9-9-10-9-11-8-10-1	9-1-12-9-11-11-9-9-11-8-9-9	2-9-9-8-10-9-11-10-10-10-2-10	2-10-8-1-13-10-16-13-8-10-2-8	2-9-2-9-10-9-13-9-4-10-2-2	2-11-2-9-6-7-2-9-6-6-6-10	9-2-7-10-10-9-11-2-9-2-2-10	4-7-2-10-2-7-2-2-4-2-7-4	2-7-7-1-2-10-8-2-2-10-6-10
410	11	11-10-11-10-10-11-12-12-10-10-11-10	10-10-10-13-10-10-11-11-13-12-12-13	11-11-12-12-11-13-11-11-11-10-10-11	12-11-12-12-9-12-12-9-10-12-11-11	9-13-11-11-13-10-10-11-10-11-11-11	12-11-10-11-10-13-10-10-10-10-11-9	11-11-9-11-11-9-9-12-9-9-11-11	2-9-11-10-9-12-10-9-10-11-11-14	11-11-8-9-9-7-11-11-7-2-7-7	11-11-7-11-10-9-10-8-11-14-11-9	11-2-2-11-10-11-13-11-13-2-7-11	2-7-11-8-11-2-8-11-11-2-6-11
410	12	13-13-12-13-15-14-13-13-13-13-13-17	13-13-13-11-16-14-15-13-13-13-13-13	11-11-11-13-13-14-13-11-13-12-13-13	13-11-13-13-9-11-13-9-13-13-13-11	16-11-12-9-11-12-12-12-12-13-14-11	12-15-13-12-13-11-12-13-12-12-2-12	2-13-17-12-10-12-12-13-12-16-11-12	12-9-13-12-15-13-10-17-9-16-11-13	13-13-12-12-17-13-12-11-7-17-12-14	13-13-16-13-13-12-10-17-13-14-13-13	13-13-2-11-12-13-13-14-14-13-13-13	12-7-12-13-13-13-8-13-14-13-12-15
410	13	12-12-12-12-12-12-12-12-12-12-12-12	12-12-12-14-12-12-12-15-12-12-12-12	14-14-15-17-12-12-12-11-12-12-14-12	12-11-12-12-14-14-12-9-12-12-16-16	14-11-16-14-11-14-14-14-12-12-12-13	14-9-12-12-12-11-14-12-10-10-4-14	14-12-12-14-10-12-12-12-8-12-14-13	12-13-12-13-13-12-10-9-4-12-14-12	12-12-12-14-17-12-12-14-7-12-16-12	12-12-12-12-14-16-14-12-12-12-12-12	12-12-2-0-12-12-12-12-11-12-12-12	12-13-7-12-12-12-8-12-12-12-12-12
410	14	12-12-12-12-12-12-12-12-12-12-12-12	12-12-12-13-12-12-13-13-12-12-12-12	13-13-13-13-15-12-15-12-12-12-13-16	15-15-15-16-13-13-12-9-15-16-13-13	13-11-13-16-13-13-15-13-15-8-16-13	13-16-12-12-10-11-15-12-10-10-10-13	13-16-12-13-12-12-14-15-8-12-13-13	12-9-12-13-13-12-10-9-13-12-13-12	12-12-12-13-12-12-12-13-7-16-13-12	13-12-12-16-13-13-13-8-12-12-12-12	12-12-2-14-16-12-12-12-12-14-16-11	12-14-7-14-12-12-13-12-12-16-12-12
410	15	12-12-12-12-12-12-12-12-17-12-12-12	16-12-12-13-12-12-12-13-16-12-12-12	13-15-13-12-14-14-14-16-12-13-14-14	14-14-14-14-13-13-12-13-14-14-13-15	12-15-13-14-13-14-14-15-14-16-12-13	15-12-14-12-16-11-14-12-12-10-2-16	13-12-12-15-16-12-15-14-12-12-13-12	15-9-12-13-12-16-10-12-13-12-15-14	12-12-12-13-6-15-15-16-12-12-13-12	12-12-16-14-15-13-14-15-12-15-15-12	15-12-15-14-14-15-12-15-16-15-14-15	12-14-15-15-15-12-12-15-12-15-12-12
410	16	12-12-12-12-12-12-12-12-12-12-12-12	12-12-12-13-12-12-12-13-15-12-12-12	16-15-17-12-14-12-17-15-12-12-14-14	17-14-14-14-13-13-12-13-14-14-13-16	12-15-13-14-16-14-17-13-14-15-14-14	13-14-14-12-16-11-14-12-12-10-16-16	13-14-12-16-15-12-10-14-4-12-13-12	15-9-9-13-13-16-10-9-13-12-15-12	16-12-12-13-12-12-16-15-7-12-13-9	13-12-15-14-15-13-16-15-12-15-15-12	16-12-2-14-14-15-12-16-15-15-14-11	16-14-16-16-16-12-8-12-12-14-12-12
410	17	17-17-13-12-17-12-12-17-12-12-17-17	12-12-17-13-12-12-12-13-15-17-13-11	12-15-17-13-17-17-17-17-16-17-17-17	16-17-14-17-17-17-12-17-17-17-17-16	12-11-17-17-17-17-16-17-17-17-9-9	17-17-17-17-17-11-17-17-17-17-17-17	13-17-12-17-15-17-12-14-17-12-15-13	17-17-13-17-17-11-10-12-16-12-12-17	12-17-17-17-13-12-12-12-17-12-13-12	12-12-17-17-17-13-17-16-17-17-17-17	12-12-2-17-12-12-12-12-17-17-12-17	12-4-17-16-15-17-17-12-17-17-17-12
411	0	0-0-0-0-0-0-0-0-0-0-0-0	0-0-0-0-0-0-0-0-0-0-0-0	0-0-0-0-0-0-0-0-0-0-0-0	0-0-0-0-0-0-0-0-0-0-0-0	0-0-0-0-0-0-0-0-0-0-0-0	0-0-0-0-0-0-0-0-0-0-0-0	0-0-0-0-0-0-0-0-0-0-0-0	0-0-0-0-0-0-0-0-0-0-0-0	0-0-0-0-0-0-0-0-0-0-0-0	0-0-0-0-0-0-0-0-0-0-0-0	0-0-0-0-0-0-0-0-0-0-0-0	0-0-0-0-0-0-0-0-0-0-0-0
411	1	1-1-1-1-1-1-1-1-1-1-1-1	1-0-1-1-1-0-1-0-1-1-0-1	1-1-3-1-0-0-0-1-0-0-0-0	2-0-0-0-0-1-0-1-0-0-0-1	0-1-1-0-3-0-0-1-0-1-0-1	1-1-0-1-1-2-0-1-1-0-11-1	11-0-0-11-1-1-0-0-0-1-11-1	1-1-0-1-1-1-0-0-1-1-1-1	1-0-1-1-0-1-1-0-1-1-1-0	1-1-1-0-0-1-0-0-1-3-1-0	1-1-0-0-0-1-1-1-11-1-0-1	1-0-1-1-1-1-1-1-0-0-1-0
411	2	3-2-2-3-2-2-2-3-2-3-3-2	3-2-2-2-3-3-3-2-3-2-3-3	2-2-2-3-3-2-3-2-3-2-4-2	3-2-3-3-2-1-3-4-3-3-3-1	3-6-1-3-3-2-2-2-3-3-5-2	3-1-3-2-2-3-3-4-2-2-3-3	12-2-2-2-2-5-4-3-3-4-3-3	2-2-2-1-2-1-4-3-1-1-2-3	2-3-2-2-3-3-2-2-3-1-2-3	3-12-3-3-5-2-2-3-1-1-1-2	3-3-5-6-3-2-2-3-1-2-3-2	3-0-2-1-3-3-4-3-3-2-3-3
411	3	2-2-2-2-2-2-2-2-2-2-2-2	2-2-2-3-2-2-2-2-2-2-4-2	4-4-2-4-5-4-4-4-2-3-2-4	2-2-2-2-3-4-2-7-2-2-4-1	2-1-1-5-1-4-4-4-2-2-2-7	2-1-2-2-2-6-4-2-2-2-4-4	5-5-2-1-3-2-2-2-2-3-7-2	2-3-4-4-3-1-2-4-1-1-2-2	2-2-2-3-4-2-1-4-2-2-4-2	2-5-2-2-4-4-2-2-10-1-1-4	2-2-2-0-2-2-2-2-1-4-2-1	2-3-3-1-2-2-5-2-2-2-2-2
411	4	2-2-2-2-2-2-2-2-2-2-2-2	2-2-2-3-2-2-5-5-4-5-3-4	3-3-5-3-3-9-3-3-2-6-5-3	5-5-5-5-3-6-2-2-3-4-3-1	2-1-1-3-5-4-5-3-4-2-2-3	3-5-6-2-4-3-5-2-2-4-9-3	3-3-2-1-5-2-2-5-4-2-3-7	2-3-3-5-4-1-2-5-9-1-6-2	2-8-4-4-3-2-1-5-2-4-3-5	5-3-2-2-3-3-2-2-0-5-1-3	6-2-2-0-0-4-2-4-1-3-2-4	1-4-6-1-1-2-2-4-2-2-2-2
411	5	5-5-5-5-2-2-2-5-2-2-2-2	2-9-6-3-2-2-4-6-4-4-3-6	3-4-4-3-3-4-6-7-2-7-6-6	4-4-4-4-4-4-2-3-6-6-7-1	3-1-1-3-4-7-4-5-4-2-7-3	2-4-4-2-2-3-6-6-2-5-5-5	3-3-7-1-4-2-4-6-9-2-3-4	2-3-3-4-5-1-2-4-6-6-4-2	5-4-4-4-2-2-1-4-2-6-6-2	4-3-2-7-2-2-6-2-1-4-1-3	2-4-2-2-6-2-14-4-1-6-2-6	2-4-1-1-2-2-3-5-9-3-2-2
411	6	7-2-6-6-2-2-6-2-7-2-2-6	2-9-5-3-2-2-2-8-2-4-2-5	3-6-6-5-7-4-5-5-2-4-7-5	4-4-7-7-3-4-8-3-7-5-5-1	3-2-1-3-4-5-6-6-7-2-2-3	3-4-4-2-6-3-7-5-6-6-7-8	1-3-5-1-4-2-9-5-6-6-2-4	2-3-3-4-6-1-9-4-5-5-4-2	7-4-5-4-6-4-1-4-5-5-5-7	2-2-6-5-6-6-5-7-0-4-1-3	4-2-2-2-5-7-12-4-1-5-2-5	1-4-4-1-2-2-3-2-5-2-7-7
411	7	6-2-6-6-2-8-6-2-6-7-2-7	2-5-5-3-9-2-2-6-8-9-7-8	3-7-8-3-6-5-8-5-6-5-6-7	8-5-6-8-3-4-8-3-9-5-5-1	8-2-1-8-4-5-8-6-9-7-5-3	3-1-7-2-6-3-6-8-6-7-6-8	1-3-5-1-4-2-6-6-6-6-3-4	2-3-3-8-8-1-6-4-4-5-4-2	6-4-4-7-6-7-1-8-9-9-7-7	1-3-7-5-6-15-7-7-0-4-1-3	7-9-6-6-9-8-8-4-1-7-9-4	7-9-7-1-7-2-7-8-5-2-6-6
411	8	10-10-9-8-8-8-6-8-6-10-9-7	2-10-5-3-2-7-11-9-7-4-9-7	4-9-10-9-9-10-9-9-10-10-9-9	7-6-8-9-10-10-6-7-7-8-5-7	7-6-5-9-4-5-7-6-7-11-7-3	4-7-7-9-8-2-6-7-8-8-6-8	3-9-11-1-4-2-6-6-8-6-8-7	2-8-3-7-7-1-6-4-4-8-4-2	6-4-4-8-4-7-2-7-7-11-8-7	9-3-7-5-2-7-6-13-8-4-1-13	4-7-9-6-6-7-8-4-1-7-7-4	7-4-7-1-2-2-9-7-5-2-6-6
411	9	11-10-8-8-11-10-9-9-9-8-8-6	2-5-5-3-7-7-8-8-7-4-8-7	10-8-11-8-10-4-10-8-8-8-10-8	10-10-10-10-11-11-2-10-7-5-5-1	11-1-14-8-4-5-10-10-7-8-10-10	4-11-10-8-8-13-5-6-6-8-4-11	15-8-8-1-4-9-6-10-5-15-9-9	2-10-9-10-10-1-6-9-4-15-9-2	9-4-4-10-9-7-1-10-7-8-15-11	10-9-9-5-10-7-10-6-10-4-9-9	4-7-5-6-6-9-10-9-1-9-7-10	7-7-9-1-9-2-8-2-5-10-6-6
411	10	10-10-10-10-10-11-11-10-10-10-10-10	7-12-11-3-10-7-8-8-7-11-9-11	9-10-9-8-9-11-9-11-8-11-11-10	9-9-11-9-8-9-11-9-11-11-11-1	9-1-1-9-4-11-9-9-10-8-9-9	4-9-11-8-10-9-9-10-10-10-14-10	1-13-8-1-11-10-7-9-8-13-9-9	2-9-8-9-9-1-10-9-4-10-9-2	9-10-11-9-10-7-1-9-7-8-6-9	9-9-10-11-9-9-9-8-9-9-9-9	10-7-14-6-14-10-14-4-12-9-7-9	12-9-7-1-9-2-8-2-14-9-6-6
411	11	10-13-10-15-11-10-10-12-10-11-9-11	11-10-10-3-10-11-8-11-7-12-11-10	9-11-9-8-13-10-10-10-8-12-10-11	11-11-13-12-9-9-10-9-10-10-10-1	9-1-9-11-13-10-10-11-12-8-13-9	2-9-10-8-11-9-12-10-11-11-1-9	1-15-8-1-10-2-6-11-12-13-9-7	2-9-8-10-9-15-10-9-9-11-9-2	2-11-10-9-9-7-1-12-10-8-11-9	9-1-8-12-9-9-10-8-11-11-13-9	4-7-5-11-11-11-11-4-1-11-12-9	10-11-9-1-2-2-8-2-2-9-6-11
411	12	13-12-15-15-13-13-14-13-15-15-12-15	13-10-13-13-14-13-14-12-14-14-13-13	12-12-13-12-12-13-12-12-13-11-14-12	13-12-11-12-12-13-12-12-12-11-11-12	12-14-12-11-13-10-12-12-11-12-12-12	12-12-11-12-11-14-11-13-14-12-12-14	14-12-12-15-12-12-13-12-11-13-13-10	14-9-12-13-12-15-13-10-14-14-12-12	13-13-12-12-13-12-12-14-9-13-12-9	12-2-9-11-13-13-11-12-13-13-11-10	12-7-12-14-13-13-13-12-13-12-11-9	15-11-12-11-13-2-10-12-12-13-12-13
411	13	12-12-12-12-12-12-12-12-12-12-12-12	12-12-12-12-12-12-12-14-12-12-12-12	14-13-12-12-14-15-12-12-12-14-12-14	12-12-11-15-13-12-12-9-14-11-13-1	15-12-9-14-11-13-14-14-14-8-11-9	14-9-13-12-11-9-14-12-11-11-4-12	14-12-12-14-10-12-12-12-8-12-14-15	12-9-12-12-14-1-12-9-4-12-14-12	12-12-12-14-15-12-12-12-10-12-13-9	12-13-9-7-12-13-14-8-12-12-11-9	12-7-12-12-11-12-12-13-12-14-7-13	12-11-12-13-12-2-8-12-12-12-12-12
411	14	12-12-12-12-12-12-12-12-12-12-12-12	12-12-12-12-12-12-12-13-12-12-12-12	13-13-13-12-13-13-15-15-13-13-12-13	13-14-11-13-13-13-14-9-13-13-13-1	13-12-9-13-13-13-13-13-13-15-13-14	13-9-14-14-10-15-13-13-14-11-14-15	12-14-12-13-15-14-6-14-8-15-14-13	12-9-12-14-13-10-6-14-12-12-14-12	15-11-15-14-14-7-14-12-7-14-14-11	12-13-14-11-11-13-14-12-11-12-14-9	12-7-12-12-10-14-12-13-13-13-7-14	12-11-12-14-14-2-8-11-5-11-2-12
411	15	15-15-12-12-15-12-12-15-12-12-15-15	12-12-12-12-12-12-12-13-12-15-14-12	12-13-15-12-15-13-14-14-12-15-14-13	14-15-15-13-15-15-12-9-13-15-15-12	13-12-15-15-15-15-14-14-15-15-9-9	15-15-15-15-15-14-15-15-15-15-15-15	14-15-15-15-13-15-7-13-15-15-14-13	15-9-9-15-15-11-15-9-9-15-14-15	14-15-15-15-13-15-15-9-15-13-15-7	15-15-15-15-15-7-15-12-15-15-15-15	12-15-15-12-8-7-15-12-15-12-15-13	12-15-15-1-14-15-15-12-15-15-15-15
412	0	0-0-0-0-0-0-0-0-0-0-0-0	0-0-0-0-0-0-0-0-0-0-0-0	0-0-0-0-0-0-0-0-0-0-0-0	0-0-0-0-0-0-0-0-0-0-0-0	0-0-0-0-0-0-0-0-0-0-0-0	0-0-0-0-0-0-0-0-0-0-0-0	0-0-0-0-0-0-0-0-0-0-0-0	0-0-0-0-0-0-0-0-0-0-0-0	0-0-0-0-0-0-0-0-0-0-0-0	0-0-0-0-0-0-0-0-0-0-0-0	0-0-0-0-0-0-0-0-0-0-0-0	0-0-0-0-0-0-0-0-0-0-0-0
412	1	1-1-1-0-1-0-0-1-1-1-1-1	1-0-0-1-0-1-1-2-1-0-1-2	2-2-2-1-2-0-2-2-0-0-2-0	2-2-1-2-2-2-0-2-2-2-0-2	2-1-2-3-2-0-2-2-0-0-2-2	2-2-3-1-1-2-2-0-0-0-0-0	2-2-1-0-0-0-0-2-1-1-2-0	1-2-3-2-0-1-0-3-2-0-1-1	0-2-1-2-1-2-1-0-2-1-2-2	2-1-1-0-0-2-2-0-2-1-0-0	0-0-0-0-2-0-0-1-0-2-2-1	1-2-2-1-2-1-2-0-2-0-0-0
412	2	2-2-2-2-2-2-2-2-2-3-2-2	3-3-3-1-2-2-1-2-1-2-1-3	1-1-1-1-1-1-1-1-0-4-3-3	1-1-1-1-1-1-2-1-1-1-3-1	1-2-1-1-1-3-1-1-3-3-1-1	1-1-1-2-2-1-3-1-4-2-3-2	1-2-2-0-2-4-3-3-2-0-1-3	2-1-1-1-2-2-3-1-1-6-1-2	2-1-2-1-2-4-2-2-2-2-1-1	1-1-2-3-3-1-1-1-1-2-2-2	2-2-5-3-1-2-1-2-2-1-1-2	2-1-1-2-2-2-1-2-5-5-4-2
412	3	2-2-2-3-3-2-2-2-2-2-2-2	2-2-2-3-2-3-4-4-3-3-3-5	4-4-4-3-1-4-3-4-5-4-2-3	4-4-3-1-1-4-5-4-1-4-3-9	1-9-12-1-4-2-4-4-4-2-1-1	4-4-1-3-3-4-2-3-0-0-2-4	7-4-2-8-2-0-2-2-0-3-3-4	3-0-8-3-3-4-2-1-3-3-3-3	3-3-4-4-4-3-4-4-2-3-3-4	3-3-1-2-4-4-3-0-3-4-4-3	8-3-3-2-3-3-8-3-4-3-3-3	3-3-3-3-3-3-3-3-2-3-2-2
412	4	2-2-5-5-5-2-4-4-4-4-5-5	2-2-2-5-4-3-3-4-4-4-5-5	3-3-5-5-6-3-5-3-4-5-3-4	5-3-3-5-5-6-0-5-5-3-5-3	5-3-3-5-3-4-3-5-3-2-5-5	3-3-4-4-2-3-4-5-2-0-5-3	5-3-4-3-4-2-2-3-4-2-5-7	3-5-5-5-4-3-2-5-3-3-5-3	3-3-3-4-3-5-3-3-4-6-5-4	5-3-2-3-5-5-1-5-3-3-3-3	3-5-2-2-5-4-3-3-3-5-7-3	3-4-3-3-3-3-4-3-2-2-2-5
412	5	5-6-4-5-5-5-5-5-5-5-5-5	8-5-2-4-5-8-6-8-4-6-4-5	8-3-4-4-4-8-4-3-8-6-5-4	4-6-3-4-4-4-6-4-4-3-4-3	4-3-4-4-7-4-6-4-6-5-4-4	4-8-7-8-5-3-6-4-5-5-11-5	4-5-5-3-6-5-6-5-5-3-4-8	5-4-4-4-4-5-2-6-11-5-4-7	5-3-5-5-5-4-5-6-7-4-4-6	4-5-5-4-4-4-5-4-3-3-6-6	3-4-2-2-6-5-3-5-5-4-3-5	3-5-3-3-5-5-4-3-2-2-2-4
412	6	6-6-6-6-6-6-6-6-6-5-6-6	2-8-8-4-8-7-5-7-8-5-4-5	3-6-7-4-4-5-7-7-7-5-7-7	4-5-5-4-4-4-7-4-7-7-5-3	4-3-3-1-5-7-5-7-5-5-4-4	4-10-5-5-5-3-5-4-6-6-0-6	4-8-8-3-5-7-12-7-6-7-4-5	6-4-5-7-4-3-6-5-5-6-5-5	6-3-5-5-5-7-3-5-8-4-6-8	3-7-7-8-5-8-7-0-3-3-7-5	5-12-5-6-5-6-3-5-5-5-4-5	3-5-3-3-5-6-7-7-7-7-6-12
412	7	7-7-6-7-6-7-7-7-6-8-9-7	8-8-8-4-6-8-5-6-6-5-4-8	3-7-6-8-4-5-6-6-6-5-8-7	7-5-8-7-4-4-8-4-8-8-10-3	4-3-1-8-5-6-8-6-8-5-4-1	3-5-5-5-8-3-8-8-7-8-7-10	3-8-9-3-5-6-8-6-7-6-3-9	10-4-4-6-4-10-6-8-5-7-5-5	3-3-5-5-7-5-5-6-6-8-8-7	3-6-6-9-11-10-8-7-6-3-6-7	3-6-9-12-7-9-3-5-3-6-4-5	8-5-3-3-7-6-6-6-6-8-6-7
412	8	8-7-8-7-7-7-7-7-6-7-6-7	7-7-7-8-6-7-9-7-6-5-9-7	9-7-9-7-9-5-9-9-8-5-7-9	9-5-7-8-9-9-7-8-7-7-5-3	9-3-3-9-5-6-9-9-7-9-9-9	9-9-9-5-7-11-7-7-5-7-9-9	12-7-6-3-5-6-7-9-5-6-9-9	5-9-12-9-4-8-6-7-5-5-8-5	5-3-5-5-7-8-3-9-6-8-9-11	4-5-7-11-9-6-8-7-8-3-9-9	3-6-7-7-7-7-3-8-3-5-8-5	7-8-8-8-9-6-4-6-6-8-6-6
412	9	9-9-9-9-9-9-9-9-6-9-9-9	9-10-9-8-6-12-8-10-6-7-8-7	8-9-8-8-8-7-8-8-10-10-8-8	8-8-8-8-8-8-9-8-10-9-9-3	8-3-3-8-3-9-8-8-10-8-8-8	8-8-11-9-9-3-11-9-7-9-8-9	4-11-9-3-12-6-7-8-6-10-8-8	9-8-9-8-9-3-9-11-5-9-8-5	8-3-5-5-7-9-3-8-7-7-9-11	3-8-9-7-8-10-8-7-8-3-8-10	3-9-7-9-7-7-3-5-3-5-11-5	3-8-3-3-8-6-9-6-7-8-7-9
412	10	11-12-11-11-11-12-11-12-12-12-12-12	12-9-9-12-12-12-11-9-11-11-11-12	10-11-11-11-10-11-10-10-11-9-11-10	11-10-11-11-8-10-12-8-9-10-11-3	10-11-3-10-11-9-11-11-9-10-10-10	10-9-9-10-7-12-9-11-7-9-7-11	11-10-10-12-10-10-10-11-6-10-11-9	11-10-11-12-9-12-9-9-10-10-11-11	10-11-3-9-11-10-10-6-11-11-9-9	10-12-11-12-10-7-7-11-10-11-11-9	11-6-10-11-10-7-11-10-11-10-9-5	12-10-10-11-11-6-6-11-11-10-10-10
412	11	10-9-12-10-10-10-10-10-10-12-10-12	10-9-11-10-10-10-10-12-10-10-10-12	12-11-10-10-12-10-11-10-10-11-10-11	12-10-10-10-11-11-10-8-9-10-10-11	12-10-11-7-10-11-10-10-9-10-8-8	11-11-9-10-9-8-9-11-7-9-5-10	10-9-10-11-10-11-11-10-9-10-10-9	10-4-10-11-11-10-9-9-5-10-10-10	5-10-11-9-10-10-11-11-10-10-11-9	10-11-10-8-11-11-8-10-3-11-10-9	10-6-10-10-7-7-10-11-10-10-9-5	10-12-10-11-10-6-4-10-10-10-10-11
412	12	12-12-11-12-12-10-10-12-10-10-12-12	10-9-12-10-10-10-11-11-11-12-11-11	10-11-12-10-11-12-12-12-10-12-12-12	11-12-12-12-12-12-10-8-12-12-12-11	11-10-12-12-12-12-11-12-12-12-8-8	12-12-12-12-12-3-9-12-12-12-12-12	11-12-12-12-9-12-6-12-12-12-10-12	12-12-8-12-12-10-9-8-5-12-10-10	5-12-5-12-10-12-12-8-12-11-11-7	3-10-7-12-12-12-12-10-12-12-12-12	10-6-10-7-11-7-10-10-12-10-12-5	10-11-12-3-11-12-12-10-12-12-12-6
413	0	0-0-0-0-0-0-0-0-0-0-0-0	0-0-0-0-0-0-0-0-0-0-0-0	0-0-0-0-0-0-0-0-0-0-0-0	0-0-0-0-0-0-0-0-0-0-0-0	0-0-0-0-0-0-0-0-0-0-0-0	0-0-0-0-0-0-0-0-0-0-0-0	0-0-0-0-0-0-0-0-0-0-0-0	0-0-0-0-0-0-0-0-0-0-0-0	0-0-0-0-0-0-0-0-0-0-0-0	0-0-0-0-0-0-0-0-0-0-0-0	0-0-0-0-0-0-0-0-0-0-0-0	0-0-0-0-0-0-0-0-0-0-0-0
413	1	1-1-0-1-0-1-1-1-0-1-1-1	1-0-0-1-0-1-2-2-1-0-0-0	1-2-2-0-1-2-1-2-0-0-0-1	2-2-2-1-1-1-0-1-0-0-0-1	0-1-5-0-2-0-2-1-2-0-1-1	1-1-0-0-1-1-0-1-0-0-0-1	8-0-0-6-0-1-0-1-0-1-1-1	1-0-2-1-0-1-0-0-1-1-1-1	2-1-2-0-2-1-1-1-0-0-0-0	1-1-1-2-1-1-0-0-1-2-1-0	1-1-0-0-1-1-0-1-5-1-1-1	1-1-1-1-1-0-1-1-0-1-1-0
413	2	2-2-2-3-3-2-2-2-3-2-2-3	2-3-3-2-4-3-1-2-2-2-2-3	2-1-3-3-3-3-3-3-3-3-3-3	3-1-1-3-3-3-0-3-3-0-3-2	3-1-3-4-1-2-3-2-1-4-4-2	2-3-3-2-2-3-3-3-0-2-9-3	3-5-2-1-2-2-0-3-2-2-3-2	2-2-3-2-2-1-0-3-2-2-3-1	1-1-1-2-9-2-1-3-0-4-2-2	2-2-4-5-3-3-4-3-7-1-1-3	1-2-0-3-3-2-1-1-1-2-2-2	1-2-2-1-3-0-2-1-0-3-4-3
413	3	2-3-2-3-3-3-2-2-2-3-2-3	5-3-2-2-3-2-2-3-3-4-2-3	6-4-2-2-2-6-4-2-2-6-4-4	2-4-4-2-2-2-4-2-2-3-4-1	2-1-2-2-4-3-4-4-3-3-2-2	4-2-5-9-3-2-4-2-3-3-10-2	2-3-3-1-4-3-4-2-3-2-2-10	2-2-2-4-2-2-4-2-12-3-2-3	3-6-4-3-2-4-1-4-0-2-2-5	4-3-3-0-2-2-2-2-2-1-4-2	3-3-0-2-2-3-6-1-3-4-3-3	1-3-2-1-3-3-2-3-0-2-3-2
413	4	4-4-4-4-5-3-4-4-4-4-4-4	2-4-6-2-6-2-2-3-3-3-3-5	3-3-2-2-2-3-5-4-4-3-5-5	3-3-3-2-2-2-3-2-4-5-3-1	2-1-2-2-3-6-3-3-3-2-5-2	3-2-3-7-4-2-3-4-4-4-2-4	1-4-4-1-3-4-4-5-4-4-2-2	2-2-3-5-2-1-5-4-3-4-1-3	3-4-3-3-4-3-1-3-4-2-9-3	3-3-4-4-2-2-2-4-2-1-3-4	3-3-6-2-5-4-5-1-1-3-5-3	1-3-2-1-2-4-2-4-4-3-2-4
413	5	4-5-5-4-4-5-5-5-5-6-5-4	3-6-6-2-5-7-2-6-8-6-2-7	2-5-2-2-4-3-4-5-4-4-6-4	3-4-6-2-2-2-6-2-6-4-3-1	2-1-1-10-3-4-6-5-6-3-4-2	2-2-3-4-6-2-6-6-5-5-7-2	1-9-5-1-3-6-6-6-7-5-2-2	6-2-4-4-2-4-4-4-2-4-1-5	1-3-6-3-5-3-0-1-7-7-7-3	4-3-5-7-2-8-4-9-6-1-1-4	1-6-11-13-6-2-4-1-1-2-4-3	7-4-2-1-1-7-2-5-5-5-10-6
413	6	5-5-4-7-4-6-4-6-5-4-8-5	7-5-4-2-4-5-7-3-7-5-7-4	7-7-8-7-7-3-7-7-7-3-5-7	6-7-5-6-7-7-5-8-5-5-3-1	8-1-2-7-3-4-7-7-5-7-7-7	3-7-7-9-5-9-5-5-5-5-8-2	1-5-5-1-3-5-5-5-3-5-7-3	5-8-8-7-2-6-5-4-3-2-6-3	3-3-5-3-10-6-1-7-4-6-7-3	2-3-4-6-7-6-6-5-5-1-7-7	1-5-4-6-5-6-4-1-1-7-6-3	1-6-6-1-7-5-2-6-5-6-5-5
413	7	7-8-9-7-7-7-7-7-7-7-7-7	6-5-9-6-7-5-6-6-6-3-6-8	6-7-6-6-6-9-6-6-9-8-8-6	7-6-7-6-6-6-5-6-8-8-8-1	6-1-2-6-3-8-6-6-7-6-6-6	3-6-6-4-9-2-6-7-5-5-3-7	1-7-9-1-9-7-9-10-5-5-6-6	7-2-6-6-8-1-9-7-3-9-1-7	6-7-8-3-5-8-1-6-9-6-5-8	8-3-7-8-6-6-6-5-2-5-6-8	1-5-7-5-7-8-4-1-1-6-4-3	7-6-2-1-6-5-13-4-5-6-5-5
413	8	9-7-7-7-8-8-7-8-7-8-7-8	11-5-7-9-7-9-9-9-5-9-9-7	6-8-6-6-9-9-7-11-10-9-7-9	8-9-9-9-6-6-5-6-7-9-7-1	6-1-2-9-12-7-9-8-9-8-9-6	1-6-7-9-8-2-9-7-8-8-6-6	1-10-7-1-7-7-5-9-8-8-6-5	5-6-6-7-7-13-7-7-3-9-13-9	6-9-7-8-6-7-1-8-7-10-8-9	7-3-13-9-9-5-7-5-8-8-1-7	1-5-0-8-8-7-10-1-1-8-8-3	7-8-8-1-6-5-7-8-5-6-7-8
413	9	8-8-7-11-8-9-7-7-8-9-7-9	8-5-7-9-10-8-10-8-10-8-6-10	10-10-12-10-8-10-8-10-8-8-8-8	10-10-8-8-6-9-10-6-7-8-7-9	2-9-13-8-10-4-8-9-8-9-8-9	9-9-6-6-7-9-8-10-9-5-2-10	11-8-7-9-7-9-8-8-3-10-12-6	5-2-12-9-2-10-7-9-9-8-12-8	9-8-12-3-11-9-10-9-7-9-4-8	9-9-9-8-8-10-6-5-9-11-9-10	10-5-4-8-8-13-10-9-9-9-8-9	9-8-9-9-9-9-9-9-4-6-5-5
413	10	10-12-11-7-8-10-11-13-12-7-11-10	8-5-7-11-9-8-9-13-11-5-11-9	9-9-9-12-11-9-11-9-8-11-11-8	9-9-9-11-11-11-9-11-9-8-10-9	11-9-9-8-9-10-11-11-9-12-8-11	11-9-11-10-7-9-11-9-4-5-3-9	9-8-7-1-7-9-11-11-3-9-11-3	10-10-9-11-10-9-7-13-3-8-9-8	9-8-3-11-10-9-9-9-7-8-10-8	9-9-9-9-8-10-11-5-9-9-9-10	9-5-4-8-7-10-9-1-1-11-9-9	1-6-11-1-3-5-10-9-5-6-5-5
413	11	11-13-11-9-12-8-11-12-11-11-11-11	8-13-13-10-12-12-9-9-10-11-10-13	10-9-10-10-10-12-10-12-13-12-12-12	10-11-10-10-10-10-12-10-11-12-10-9	10-9-9-8-9-12-10-10-12-11-10-10	10-9-10-11-11-10-10-11-11-11-3-11	9-12-11-1-12-11-12-10-8-11-10-10	11-10-9-10-10-9-12-11-9-11-9-8	9-8-3-10-9-12-9-9-12-6-11-12	9-9-11-12-10-10-10-5-9-9-9-12	11-5-11-8-8-11-9-1-9-10-10-3	1-8-10-1-6-5-10-8-12-6-13-12
413	12	8-12-12-12-11-13-12-11-13-13-11-11	13-11-11-13-11-11-13-10-13-13-13-12	9-12-9-10-10-13-10-11-10-11-11-11	12-12-13-12-12-10-13-6-11-11-12-9	10-9-9-8-9-11-13-12-11-10-8-10	9-9-12-10-8-9-11-11-11-5-3-13	12-8-11-1-11-9-11-13-8-13-9-12	5-10-9-12-12-9-11-12-3-12-9-8	9-8-12-12-9-11-9-9-11-11-12-11	9-12-10-11-12-12-12-5-9-9-9-11	12-5-12-8-8-12-9-1-1-12-8-3	1-12-9-1-12-5-12-8-11-6-5-11
413	13	13-13-13-13-13-13-13-13-13-13-13-13	12-11-13-10-13-13-12-10-12-13-10-11	11-13-13-12-13-12-13-13-11-13-13-13	12-13-12-12-13-13-12-6-13-13-13-10	10-9-13-13-13-13-12-13-11-13-10-6	13-13-12-13-13-13-12-13-13-13-13-12	9-13-13-13-11-13-7-12-13-12-9-12	13-10-6-13-13-9-7-10-9-9-12-13	9-13-13-13-2-13-13-13-13-11-12-9	9-13-13-13-13-12-13-12-9-13-13-13	13-13-0-13-7-9-13-13-13-13-13-3	13-12-13-9-12-13-13-11-11-13-13-11
414	0	0-0-0-0-0-0-0-0-0-0-0-0	0-0-0-0-0-0-0-0-0-0-0-0	0-0-0-0-0-0-0-0-0-0-0-0	0-0-0-0-0-0-0-0-0-0-0-0	0-0-0-0-0-0-0-0-0-0-0-0	0-0-0-0-0-0-0-0-0-0-0-0	0-0-0-0-0-0-0-0-0-0-0-0	0-0-0-0-0-0-0-0-0-0-0-0	0-0-0-0-0-0-0-0-0-0-0-0	0-0-0-0-0-0-0-0-0-0-0-0	0-0-0-0-0-0-0-0-0-0-0-0	0-0-0-0-0-0-0-0-0-0-0-0
414	1	1-1-1-1-1-1-1-1-1-1-1-1	1-1-2-3-2-1-3-1-1-0-1-1	1-2-2-2-2-2-2-2-2-2-1-1	2-0-2-2-2-2-1-2-2-0-2-0	2-0-3-3-0-1-2-2-1-0-1-2	1-1-1-1-1-4-2-2-1-1-0-0	3-1-1-1-1-1-1-4-1-1-2-1	1-2-2-2-3-2-2-1-1-0-2-1	1-0-0-1-1-2-0-2-2-1-2-2	2-1-1-4-2-2-1-1-6-1-0-2	1-1-1-0-4-1-1-1-1-1-1-1	4-1-1-1-0-3-6-0-2-1-2-2
414	2	2-2-1-2-2-2-2-2-1-2-2-1	3-1-1-1-1-1-1-3-2-3-1-2	5-1-1-1-1-3-3-1-1-3-2-2	1-3-1-1-1-4-3-1-1-2-3-0	1-0-1-1-3-3-3-3-2-2-1-1	3-4-4-10-2-1-3-1-2-2-12-4	1-1-2-2-3-1-2-2-2-2-1-4	2-1-3-3-1-1-1-3-5-2-1-0	2-5-3-3-2-3-1-3-1-2-1-1	2-5-2-1-1-1-1-1-3-0-1-1	5-5-2-0-3-2-0-2-2-3-2-2	2-2-1-3-2-2-2-0-1-2-1-1
414	3	3-3-3-3-3-3-3-3-3-3-3-3	4-5-3-1-1-3-1-4-2-2-1-4	1-3-1-1-4-2-4-4-4-2-4-4	2-2-4-2-1-2-2-1-4-3-2-0	1-0-1-1-2-4-2-2-2-2-1-2	2-2-2-2-3-1-4-1-3-3-8-3	1-1-3-2-2-3-2-2-3-3-1-2	3-3-2-4-1-1-3-2-2-3-2-0	4-2-2-2-3-2-0-2-4-3-4-3	2-2-3-3-3-2-4-3-2-2-3-1	4-4-3-1-2-4-1-2-2-2-2-2	3-2-1-2-0-1-4-0-8-4-8-1
414	4	4-4-4-4-4-4-4-3-4-4-4-4	3-5-4-1-6-5-1-3-2-2-1-5	1-4-2-1-3-2-3-3-3-5-5-3	2-5-5-1-1-2-6-1-5-5-2-0	1-0-1-5-2-3-5-4-5-2-2-1	1-2-2-2-4-1-5-2-4-4-4-2	2-1-3-0-2-3-5-5-2-4-0-2	4-3-2-3-3-0-4-2-2-5-2-0	3-2-3-2-4-2-0-2-3-5-3-5	3-2-1-5-1-3-3-4-4-0-1-1	3-3-13-7-5-3-0-2-0-2-2-2	6-2-1-2-0-4-3-6-7-3-5-7
414	5	5-5-5-4-5-4-4-5-5-4-4-4	4-4-4-5-4-4-6-6-5-2-6-4	6-6-6-6-6-2-6-6-6-4-4-5	5-6-4-7-7-6-4-6-4-4-2-6	1-0-6-4-2-3-6-6-4-7-6-6	6-7-2-7-5-7-4-4-3-4-6-7	5-1-4-2-2-1-4-4-2-4-6-6	2-6-2-6-6-0-4-8-2-6-5-0	2-2-2-2-5-5-0-6-3-4-10-4	8-2-2-5-6-5-5-4-5-0-5-6	2-2-5-4-4-10-0-2-8-2-5-2	5-5-5-5-6-6-1-0-3-4-4-5
414	6	6-6-6-6-6-7-6-6-6-6-6-6	5-7-6-5-4-7-5-5-7-7-5-7	5-5-5-5-5-2-7-7-4-6-7-5	5-5-5-5-5-5-4-5-7-7-6-5	1-0-5-5-11-7-5-5-6-5-5-5	5-5-8-6-6-5-7-6-6-6-5-6	2-1-6-11-8-6-8-7-6-6-5-5	6-5-7-7-6-1-10-6-2-5-5-0	5-2-2-2-6-6-7-5-7-5-6-6	8-5-6-7-5-8-7-8-7-6-7-5	5-7-2-4-7-6-0-6-5-2-7-7	7-2-5-5-5-5-7-6-10-8-4-13
414	7	7-7-6-7-7-7-8-7-7-7-8-7	9-8-8-5-7-6-5-8-6-6-5-6	6-7-5-5-6-8-6-6-8-7-8-8	5-8-8-5-5-5-4-5-6-6-6-5	1-0-5-8-9-6-6-7-6-5-7-5	5-5-6-5-7-5-6-8-7-7-8-6	2-9-7-8-8-7-7-6-7-7-5-9	7-5-6-6-8-0-9-11-2-8-5-0	5-2-6-8-9-6-6-9-6-12-6-12	6-2-7-8-5-7-6-8-6-8-6-9	9-6-9-4-12-9-9-8-2-2-6-6	6-2-1-5-5-5-6-11-8-6-8-4
414	8	7-9-7-7-8-7-7-7-8-8-7-9	9-7-7-9-7-9-9-7-9-6-9-7	9-9-10-10-9-9-7-9-10-10-7-7	9-7-7-10-9-9-9-10-9-9-8-5	1-8-9-9-9-6-9-9-7-9-10-10	9-9-10-5-7-10-9-7-7-7-7-9	1-7-6-7-7-7-6-9-8-5-5-7	2-5-10-9-7-8-6-10-2-6-8-2	2-9-13-9-9-9-8-6-9-6-6-7	9-8-8-7-5-6-9-7-9-8-5-5	8-2-4-4-7-5-0-7-5-9-9-8	6-9-8-5-5-8-8-7-3-6-7-6
414	9	9-9-9-9-9-9-9-9-9-10-9-10	8-11-7-8-7-10-8-10-8-10-8-11	8-8-8-8-8-8-10-8-7-8-10-7	8-8-7-8-8-8-9-5-8-8-10-8	1-0-8-8-8-10-8-8-10-8-8-8	8-8-8-9-7-8-10-9-7-6-7-9	1-7-10-11-13-9-10-8-7-7-5-10	7-8-8-8-8-8-7-8-2-7-10-0	9-8-2-8-7-8-7-7-10-6-6-8	8-8-7-10-10-8-8-7-8-8-7-7	10-6-10-10-10-7-8-2-2-8-8-8	6-10-8-5-10-9-8-7-10-10-9-10
414	10	9-9-9-10-10-10-9-9-9-10-9-9	10-9-9-11-10-11-11-10-8-9-11-9	10-11-8-8-8-11-9-10-11-8-9-10	8-12-12-8-8-11-10-11-8-11-9-10	1-13-13-8-12-9-8-8-9-10-8-8	10-8-8-2-7-10-9-10-7-6-2-10	10-11-9-10-10-10-9-9-8-10-10-9	10-3-12-8-10-10-6-8-10-10-9-10	10-10-12-8-12-10-10-10-9-11-5-7	10-8-10-9-9-6-10-7-10-10-10-10	12-2-9-9-10-13-10-10-12-10-10-8	10-9-10-10-10-10-10-10-9-9-7-9
414	11	12-12-12-12-12-13-12-12-12-13-12-13	12-9-12-12-12-12-12-12-11-12-12-13	11-10-13-13-11-12-11-12-12-12-12-12	10-11-10-12-11-10-13-10-12-10-11-10	12-11-10-12-10-11-11-11-10-11-12-11	11-10-8-11-7-12-10-12-11-7-4-10	11-11-11-11-11-11-11-11-12-11-11-11	11-11-11-10-9-13-9-7-10-10-11-12	11-10-11-10-11-12-10-11-12-13-9-11	11-11-10-12-12-11-11-11-10-10-10-12	11-12-12-11-11-7-11-11-10-10-12-8	11-10-11-10-12-12-10-12-11-12-10-13
414	12	11-11-11-11-11-13-11-11-13-11-11-11	11-11-11-13-11-11-11-13-11-11-11-11	13-13-11-11-11-13-12-11-11-11-12-11	13-11-10-11-12-12-11-10-11-10-12-10	12-10-10-8-10-12-13-12-11-11-11-12	11-10-12-12-6-11-12-11-11-6-2-13	13-12-11-10-11-12-13-12-11-13-12-12	11-12-10-12-12-10-6-8-2-11-12-11	10-10-10-12-13-11-10-12-11-7-12-7	10-12-12-11-11-13-12-11-10-10-10-12	10-11-12-9-7-12-13-11-10-12-11-8	10-12-10-10-11-11-12-11-11-12-7-11
414	13	13-13-11-11-13-11-11-12-12-11-11-13	11-11-13-12-11-11-12-12-12-13-11-11	12-12-11-11-13-12-12-11-11-13-13-13	12-13-13-12-13-13-11-13-13-13-13-10	11-10-13-13-11-13-12-12-13-11-8-12	13-13-12-12-13-5-13-13-13-13-13-12	12-13-13-13-9-13-12-12-13-13-12-12	13-12-12-13-13-11-6-8-10-10-12-11	2-13-8-13-12-13-13-12-13-11-12-8	10-13-13-13-13-12-13-11-10-13-13-13	9-11-4-9-11-10-12-11-13-13-13-13	11-13-13-10-12-13-13-11-13-13-13-11
415	0	0-0-0-0-0-0-0-0-0-0-0-0	0-0-0-0-0-0-0-0-0-0-0-0	0-0-0-0-0-0-0-0-0-0-0-0	0-0-0-0-0-0-0-0-0-0-0-0	0-0-0-0-0-0-0-0-0-0-0-0	0-0-0-0-0-0-0-0-0-0-0-0	0-0-0-0-0-0-0-0-0-0-0-0	0-0-0-0-0-0-0-0-0-0-0-0	0-0-0-0-0-0-0-0-0-0-0-0	0-0-0-0-0-0-0-0-0-0-0-0	0-0-0-0-0-0-0-0-0-0-0-0	0-0-0-0-0-0-0-0-0-0-0-0
415	1	1-1-1-1-1-1-1-1-1-1-1-1	2-0-1-1-0-1-1-0-1-0-0-0	3-2-2-1-0-0-0-1-0-0-0-0	2-2-2-1-1-1-2-0-0-0-0-1	0-1-1-0-2-0-2-1-0-1-0-0	1-1-0-0-1-3-0-1-1-0-0-1	1-0-0-5-1-1-0-0-1-1-1-1	1-1-0-1-1-1-0-0-1-1-1-2	1-2-1-1-2-1-1-2-1-1-1-0	1-1-1-2-0-2-0-0-1-1-1-1	2-1-2-0-0-1-2-1-2-1-1-1	1-0-1-1-1-1-1-1-1-1-1-0
415	2	2-2-2-2-2-2-2-2-2-2-2-3	1-0-2-4-0-1-1-3-2-2-3-3	1-1-1-3-4-3-3-3-3-3-3-3	3-1-1-5-3-3-1-5-3-0-3-1	3-1-3-3-1-2-3-2-1-0-3-3	5-2-2-2-2-5-2-2-2-2-2-3	2-2-2-2-2-2-2-2-2-2-3-4	2-2-3-2-2-1-2-3-2-2-2-1	1-1-1-2-3-0-1-1-2-4-4-2	1-2-2-1-4-3-2-3-1-1-1-3	1-2-3-0-1-2-1-1-1-2-2-1	0-0-1-1-1-2-2-1-2-2-3-3
415	3	3-3-2-3-3-3-3-3-3-3-3-3	4-3-3-2-3-3-4-4-3-4-2-3	1-4-2-2-2-8-2-4-2-4-2-4	2-4-4-2-2-2-3-2-2-3-2-1	2-3-2-2-5-2-4-2-3-3-2-2	8-2-5-3-3-2-2-2-3-3-8-3	2-3-3-1-4-3-4-4-3-4-2-6	3-2-2-2-3-1-3-5-13-3-3-3	3-1-3-3-6-1-1-4-2-2-2-4	4-8-3-2-2-2-2-4-3-4-1-2	8-3-2-0-4-3-1-3-4-4-4-3	1-3-1-1-3-4-3-3-2-4-2-4
415	4	4-4-4-4-3-4-4-4-4-4-5-4	3-4-5-2-3-4-3-5-3-3-2-5	1-3-3-2-2-3-5-6-5-6-5-5	3-3-5-2-2-2-5-2-2-5-6-1	2-1-1-2-3-6-3-5-3-7-2-2	2-2-3-3-3-2-5-2-3-4-2-4	2-2-5-1-3-4-8-5-3-4-2-2	5-2-2-5-2-1-4-3-5-4-3-1	4-1-3-3-4-0-1-3-5-5-5-3	3-3-4-6-2-4-5-3-1-3-1-5	3-4-8-4-5-4-3-3-3-5-4-5	4-3-1-1-3-3-2-4-8-3-4-4
415	5	5-5-5-5-5-5-5-4-7-5-5-5	6-4-4-2-7-6-2-7-3-3-2-4	1-5-5-4-6-3-4-7-6-3-6-4	3-4-6-2-2-7-5-2-6-7-4-1	2-1-1-2-3-4-5-7-6-7-0-2	2-2-3-3-5-2-6-2-5-5-5-7	1-2-4-1-3-5-6-6-11-5-2-2	4-2-2-4-2-1-7-3-4-4-3-3	6-1-4-3-5-1-1-3-5-4-4-6	3-3-5-4-5-5-4-6-2-1-1-4	3-4-6-5-4-4-1-3-1-4-4-4	3-3-1-1-3-5-4-4-4-4-6-9
415	6	5-4-5-6-5-6-5-6-5-6-6-6	7-4-4-2-9-6-4-8-8-8-6-7	3-6-7-2-5-10-7-7-5-4-5-6	7-4-5-7-2-3-7-2-5-5-4-1	7-1-1-9-3-4-7-5-5-6-7-2	11-2-7-3-5-2-5-6-5-6-5-7	1-0-4-1-3-4-5-5-5-5-2-7	4-2-2-7-7-1-5-3-1-5-8-6	5-1-3-6-3-8-1-7-8-8-6-6	3-3-6-4-2-8-5-6-1-1-1-4	6-8-5-0-8-7-7-3-3-6-8-3	9-8-6-1-3-6-6-7-4-6-5-5
415	7	7-7-5-7-8-7-5-7-5-9-9-6	6-4-4-2-5-6-9-8-6-3-6-6	3-8-9-8-6-6-8-6-9-9-11-8	6-9-8-6-9-9-6-6-9-7-4-6	6-5-1-8-3-4-6-5-8-8-10-2	6-2-8-8-7-8-5-6-7-7-5-7	1-11-7-1-3-7-7-5-7-10-2-6	4-7-12-6-6-1-5-3-1-7-8-1	3-1-3-7-3-6-1-6-6-6-7-6	7-3-7-4-2-6-5-11-7-1-1-7	6-6-10-0-5-6-7-3-3-3-6-3	6-3-6-1-6-6-8-6-4-4-5-5
415	8	8-9-9-9-3-5-8-8-8-7-8-5	6-4-4-9-6-5-9-7-6-6-9-9	9-7-9-7-9-3-9-9-7-7-9-7	9-3-9-9-10-9-5-9-6-5-4-1	10-1-8-11-3-4-9-9-7-7-8-9	3-9-9-7-7-8-9-2-5-7-12-8	8-11-5-1-9-8-4-9-7-8-12-10	6-8-14-9-6-1-5-8-3-7-12-1	3-1-3-9-10-6-1-9-6-6-8-6	7-3-13-4-9-6-9-6-9-1-11-10	3-6-4-0-5-8-1-3-3-8-6-3	6-6-8-1-8-6-7-6-4-8-5-4
415	9	9-10-9-9-9-9-9-9-9-9-7-9	10-10-10-8-6-6-8-7-6-9-8-8	8-9-8-8-8-9-8-10-7-10-10-8	8-9-10-8-8-8-10-8-10-10-9-1	8-1-1-8-3-10-8-8-10-7-8-8	3-8-10-7-13-8-10-9-9-9-3-8	8-11-9-1-8-9-10-8-7-11-8-8	11-8-8-8-8-10-13-11-3-9-8-10	4-1-11-8-9-6-1-8-6-9-5-13	7-3-9-9-8-6-8-10-8-3-8-10	9-6-12-9-9-9-9-3-3-8-6-3	10-8-6-3-8-6-10-9-9-8-5-5
415	10	9-9-9-12-9-9-9-9-9-11-9-9	9-9-9-8-6-9-10-7-6-9-8-14	10-11-11-13-8-12-11-11-11-9-9-10	11-10-11-13-8-12-10-8-9-9-9-11	8-11-10-8-11-9-11-11-9-10-8-10	11-10-9-10-9-13-9-9-9-9-10-8	10-9-9-10-10-8-9-9-7-7-11-8	13-8-10-9-6-11-9-8-1-10-10-12	10-10-10-8-8-10-10-10-6-1-8-6	10-3-8-11-9-10-6-9-10-11-10-8	11-6-7-0-7-8-11-11-11-10-6-3	9-11-10-11-11-10-9-10-10-10-5-8
415	11	11-11-12-11-11-13-11-11-13-11-12-12	11-13-13-8-9-11-10-12-10-13-8-12	10-10-10-8-12-10-12-10-10-13-12-10	10-10-10-10-8-10-13-8-12-12-11-10	8-10-1-8-10-11-10-11-11-7-8-8	6-8-9-7-9-10-12-9-11-11-10-11	8-9-12-10-10-11-12-10-12-13-10-11	9-8-10-8-11-10-9-8-3-11-10-10	10-11-12-8-10-6-10-10-12-13-8-9	10-3-7-10-11-11-11-12-10-10-10-8	10-6-11-9-5-8-10-10-10-10-6-3	9-10-10-10-10-6-9-10-4-10-9-9
415	12	11-12-11-10-11-12-12-13-11-13-11-14	13-11-11-10-12-13-10-14-13-11-13-13	10-13-10-8-13-13-11-13-13-11-11-13	13-10-13-12-13-10-14-8-11-11-13-10	13-10-1-13-10-11-13-13-13-12-13-8	13-10-13-12-9-10-11-12-9-7-8-13	13-12-11-10-9-8-9-13-11-14-13-12	13-8-10-12-12-10-9-13-3-10-12-10	14-1-11-12-10-6-10-13-11-11-12-9	10-12-8-11-13-12-13-11-9-10-8-8	10-12-4-9-9-9-10-11-10-12-6-13	9-12-10-12-12-6-7-10-4-9-5-5
415	13	11-13-12-11-13-11-12-12-11-12-13-11	13-11-11-13-14-12-13-12-12-11-12-12	10-12-10-10-12-12-12-12-12-11-11-12	12-10-12-10-12-12-11-8-11-11-12-13	12-10-13-12-10-11-12-12-12-14-12-8	12-10-12-13-9-10-12-12-9-9-3-13	14-9-9-13-9-13-9-13-11-12-13-12	12-13-12-12-12-13-9-12-3-11-13-10	12-11-11-13-13-6-13-12-11-11-13-9	10-12-8-11-12-12-11-11-10-10-13-13	13-12-11-9-13-13-10-13-13-12-6-13	9-12-10-13-13-4-7-10-4-9-13-4
415	14	14-14-14-14-14-14-14-14-14-14-14-14	12-11-14-13-14-14-12-12-14-14-12-10	10-14-10-10-14-14-14-14-13-14-11-14	13-14-14-12-14-14-12-8-11-14-14-10	12-10-14-14-14-14-13-14-14-14-8-8	14-14-12-14-14-10-14-14-14-14-14-14	13-14-14-14-11-14-6-14-14-12-13-12	14-8-8-13-14-10-14-8-8-14-12-14	12-14-14-14-12-14-14-11-14-12-13-6	10-14-14-14-14-12-14-12-14-14-14-14	10-14-14-14-7-6-14-14-14-14-14-12	14-12-14-9-12-14-14-10-14-14-14-14
416	0	0-0-0-0-0-0-0-0-0-0-0-0	0-0-0-0-0-0-0-0-0-0-0-0	0-0-0-0-0-0-0-0-0-0-0-0	0-0-0-0-0-0-0-0-0-0-0-0	0-0-0-0-0-0-0-0-0-0-0-0	0-0-0-0-0-0-0-0-0-0-0-0	0-0-0-0-0-0-0-0-0-0-0-0	0-0-0-0-0-0-0-0-0-0-0-0	0-0-0-0-0-0-0-0-0-0-0-0	0-0-0-0-0-0-0-0-0-0-0-0	0-0-0-0-0-0-0-0-0-0-0-0	0-0-0-0-0-0-0-0-0-0-0-0
416	1	1-1-1-1-1-1-1-1-1-1-1-1	0-0-0-1-1-1-1-1-1-0-1-1	1-1-1-1-1-1-1-2-1-0-2-1	2-1-1-1-1-1-1-8-0-0-0-8	0-2-1-1-1-0-2-1-0-5-1-1	1-1-0-1-1-1-0-1-0-0-0-1	1-0-0-1-0-1-0-2-0-1-1-2	1-0-0-1-1-2-0-0-1-0-1-2	1-1-2-1-4-1-2-2-0-0-1-0	1-1-1-1-1-0-0-0-1-2-2-0	0-0-0-0-1-1-2-0-0-1-1-1	1-1-1-1-1-1-1-1-1-1-1-0
416	2	2-2-2-2-2-2-2-2-2-2-2-2	3-3-0-2-1-1-1-1-1-2-3-3	1-1-3-3-3-3-3-1-3-2-3-3	3-2-1-3-3-3-1-3-3-1-3-2	3-1-3-3-1-2-3-3-3-3-3-3	3-5-3-2-2-4-3-3-0-0-8-3	2-2-2-2-2-2-2-1-2-2-3-1	2-3-2-2-2-1-2-3-2-2-2-2	1-1-1-2-3-0-1-5-0-3-2-2	2-2-1-1-3-3-4-0-1-1-1-3	5-0-2-1-1-2-1-0-1-2-2-1	0-2-1-1-1-2-2-0-0-2-0-0
416	3	3-3-3-3-3-3-3-3-3-3-3-3	2-3-0-2-3-4-1-4-3-4-2-3	1-2-2-2-2-6-2-4-2-4-2-4	2-4-4-2-2-2-1-2-2-3-2-2	2-3-2-2-4-2-4-4-4-3-2-2	2-4-5-3-3-2-4-2-3-3-8-3	1-3-3-3-4-3-4-4-3-3-2-6	3-2-4-4-2-1-3-2-6-3-2-3	3-1-3-3-2-5-3-4-0-3-2-4	3-3-1-3-2-2-3-4-4-4-1-2	3-3-3-0-7-3-1-3-4-4-3-3	0-3-1-3-3-3-2-3-4-3-2-0
416	4	4-4-4-4-4-4-4-4-4-5-4-4	3-6-5-2-5-4-1-3-3-3-3-3	1-3-3-5-2-3-5-4-2-3-5-5	3-3-3-3-2-2-5-2-5-4-2-1	2-1-2-4-3-6-3-3-3-2-2-2	2-3-3-3-3-2-5-4-3-4-0-4	2-4-6-1-3-4-3-3-3-4-2-2	4-2-3-3-2-4-4-3-3-4-3-3	4-1-3-3-1-4-1-3-5-2-2-6	3-3-5-4-4-3-5-3-5-3-1-3	3-3-5-0-3-5-6-3-3-3-3-3	5-3-1-1-3-3-2-5-4-4-5-6
416	5	5-5-5-4-5-4-5-5-4-4-5-5	6-6-4-2-4-5-1-6-3-6-5-7	6-6-2-4-2-3-4-6-7-3-6-4	6-3-6-2-2-2-4-2-6-6-3-1	2-6-1-5-3-4-6-5-6-1-2-2	2-2-3-3-5-2-6-6-5-5-6-4	10-6-4-1-3-4-6-6-5-5-2-3	5-2-4-4-6-6-6-3-3-5-3-5	4-1-3-3-7-3-6-2-5-6-5-4	3-2-9-6-2-6-6-5-4-3-2-5	3-3-11-5-6-4-4-7-3-3-5-3	4-3-1-1-3-3-2-9-5-6-6-4
416	6	6-5-5-5-6-4-5-6-6-5-4-7	5-5-4-7-4-5-6-7-6-5-6-7	5-6-7-7-7-3-7-7-7-3-5-7	7-7-8-7-7-7-4-7-5-5-3-7	7-5-11-7-3-4-7-7-5-7-7-7	7-7-7-9-6-7-5-5-5-5-5-7	11-7-4-3-3-4-5-5-5-6-7-7	5-7-3-7-5-5-4-6-3-5-6-3	7-1-3-7-6-7-5-7-6-5-8-4	11-3-8-5-7-5-7-5-7-7-7-8	7-3-5-5-5-8-4-5-3-3-6-3	4-6-1-6-7-3-2-4-5-5-5-4
416	7	7-7-7-7-7-7-7-7-7-7-8-6	5-8-8-6-7-5-6-8-8-8-6-8	11-7-6-6-8-8-6-6-8-9-8-6	6-6-6-6-6-6-9-6-8-5-8-6	6-5-2-6-3-8-8-6-8-6-6-6	6-8-6-6-5-6-8-7-5-7-6-6	8-8-9-1-11-7-8-7-5-8-6-6	5-8-3-6-6-1-8-6-3-7-6-7	6-7-3-6-5-7-1-8-8-5-7-8	7-2-7-6-6-5-6-5-6-3-6-6	7-8-5-7-3-6-1-5-8-7-8-3	10-3-1-6-6-9-8-8-8-5-9-8
416	8	7-7-9-9-9-7-8-7-7-10-7-7	9-7-7-8-7-9-8-7-7-7-6-7	8-9-9-9-9-9-6-9-9-7-7-9	8-8-6-8-6-9-7-1-7-7-7-1	2-9-6-6-8-7-9-9-7-8-6-8	9-7-6-8-8-11-7-9-5-5-9-9	8-7-7-9-8-8-7-9-3-7-8-9	8-7-9-7-7-9-7-6-3-8-8-9	8-8-9-9-6-8-8-9-7-10-6-9	9-9-6-9-9-5-7-5-8-8-9-6	9-7-5-7-5-6-9-7-9-6-7-3	8-3-9-6-8-7-7-7-8-8-5-7
416	9	9-9-11-9-9-9-9-9-7-9-9-9	10-10-9-8-11-9-8-7-7-8-8-8	8-8-8-8-8-8-6-8-8-7-8-8	9-8-8-10-6-8-7-6-10-10-9-6	2-8-1-6-9-10-8-10-10-9-6-6	8-8-6-6-8-8-10-8-9-9-8-9	2-10-10-8-8-4-10-8-9-10-8-10	8-9-8-7-9-8-9-6-3-9-8-8	8-8-8-8-5-10-8-8-8-8-9-8	8-8-5-8-8-6-9-5-8-8-8-10	8-8-8-10-8-8-8-9-8-3-7-8	8-7-8-6-6-7-7-10-7-5-7-7
416	10	10-10-11-10-11-11-10-11-10-11-11-10	11-9-9-11-11-11-11-10-11-10-11-11	10-8-11-11-10-9-10-10-10-9-10-10	10-10-10-11-10-8-7-6-9-9-9-10	10-8-10-8-11-9-11-9-9-10-10-10	10-7-7-10-10-8-9-8-9-9-0-11	11-9-9-10-8-10-9-10-9-9-10-9	8-7-7-10-10-11-7-9-3-8-10-8	8-8-10-10-10-9-10-8-7-10-10-7	9-10-6-9-10-10-10-11-8-8-10-10	10-7-10-9-10-10-8-10-10-10-7-10	11-10-10-10-10-7-10-9-8-10-10-7
416	11	11-11-11-11-11-10-10-11-11-10-11-11	10-7-11-10-9-10-10-10-10-11-10-10	9-11-11-10-11-11-11-11-10-11-11-11	11-11-11-11-11-11-8-11-11-11-11-10	11-8-11-11-11-11-10-11-9-11-6-6	11-11-11-10-11-8-11-11-11-11-11-11	10-11-11-11-7-11-11-11-11-11-10-11	11-11-6-10-11-10-7-6-10-11-10-8	8-11-11-11-10-11-11-10-11-10-10-7	6-11-11-11-11-11-11-10-10-11-11-11	10-11-5-9-5-10-8-11-11-11-11-3	10-11-11-10-10-11-11-9-11-11-11-7
417	0	0-0-0-0-0-0-0-0-0-0-0-0	0-0-0-0-0-0-0-0-0-0-0-0	0-0-0-0-0-0-0-0-0-0-0-0	0-0-0-0-0-0-0-0-0-0-0-0	0-0-0-0-0-0-0-0-0-0-0-0	0-0-0-0-0-0-0-0-0-0-0-0	0-0-0-0-0-0-0-0-0-0-0-0	0-0-0-0-0-0-0-0-0-0-0-0	0-0-0-0-0-0-0-0-0-0-0-0	0-0-0-0-0-0-0-0-0-0-0-0	0-0-0-0-0-0-0-0-0-0-0-0	0-0-0-0-0-0-0-0-0-0-0-0
417	1	1-1-1-1-1-1-1-1-1-1-1-1	1-0-0-1-0-1-1-0-1-1-1-0	1-1-0-0-1-1-0-0-0-0-0-0	2-0-2-1-1-2-1-2-0-0-0-1	0-8-1-1-1-0-0-2-0-1-0-1	1-1-0-0-1-1-0-1-0-0-0-1	1-0-0-1-0-0-0-0-1-1-0-0	1-0-2-1-1-1-0-0-1-1-1-0	0-1-2-2-0-0-3-1-0-2-1-0	1-1-1-1-0-1-0-0-1-4-1-0	1-1-1-0-1-1-7-1-2-1-1-1	0-1-1-1-1-1-1-1-0-0-0-0
417	2	3-2-2-2-3-3-3-3-3-2-2-2	3-3-3-3-3-3-3-3-3-3-3-3	2-3-3-3-2-3-2-2-3-3-3-2	1-2-3-3-1-3-3-5-3-3-2-7	3-3-4-1-1-2-2-2-2-3-6-4	9-1-3-2-3-7-2-3-3-2-8-3	8-2-3-1-2-0-3-3-3-2-8-3	8-2-8-1-2-1-2-3-2-3-2-3	8-1-3-1-4-3-6-2-3-2-2-3	3-2-3-4-3-2-2-2-1-3-2-3	3-3-3-3-3-2-5-3-3-2-4-2	5-1-2-1-3-3-4-3-2-5-2-2
417	3	2-2-2-2-2-2-2-2-2-2-2-2	2-2-2-4-2-2-2-2-2-2-2-2	1-4-4-2-5-2-4-4-2-4-5-4	4-2-2-6-3-4-2-6-2-2-4-5	5-2-5-3-1-3-3-3-3-2-4-3	2-1-2-2-2-2-3-2-2-2-3-2	3-2-2-1-3-3-2-2-2-2-3-2	2-3-9-3-3-1-2-4-3-2-3-2	2-1-2-3-0-2-1-3-2-3-3-3	2-3-2-1-2-4-3-2-1-2-3-2	2-2-2-2-2-3-2-2-2-3-2-3	0-3-3-3-2-2-2-2-2-4-0-2
417	4	2-2-2-2-2-2-2-2-2-2-2-2	2-2-2-3-2-2-2-5-2-5-2-4	7-3-3-2-3-7-3-3-2-7-3-3	3-5-5-5-3-6-2-3-3-4-3-3	3-2-3-3-6-3-5-3-4-4-3-3	7-6-6-7-4-2-5-2-4-4-7-4	4-4-2-4-5-4-8-2-4-2-3-7	2-3-5-5-4-1-0-3-5-7-4-2	4-1-4-4-2-2-4-3-2-2-3-3	4-5-1-2-3-3-4-2-4-1-4-2	5-2-2-2-4-4-2-7-5-5-2-4	4-4-2-5-4-2-2-2-2-3-0-2
417	5	2-2-5-5-2-2-2-5-5-2-5-5	2-6-2-3-2-2-2-6-2-4-3-6	3-5-3-2-3-4-6-7-3-4-6-3	3-4-6-4-3-4-4-3-6-6-3-3	3-2-3-3-4-6-4-4-4-5-2-3	2-5-4-4-5-2-6-3-4-5-12-5	3-6-6-1-4-5-5-6-6-4-3-2	2-3-4-4-3-1-5-4-4-5-2-2	2-1-4-4-5-2-2-3-6-6-5-6	4-6-6-7-2-4-3-2-4-4-3-6	4-2-7-2-2-5-2-4-4-6-6-4	6-6-3-4-2-2-6-2-6-2-5-5
417	6	6-6-6-6-2-6-6-7-6-7-2-6	2-7-7-3-8-2-2-5-2-5-6-5	3-6-3-7-3-4-5-5-7-6-7-3	3-4-7-3-3-4-7-3-7-5-4-3	3-2-3-3-4-5-7-6-7-2-2-3	3-4-4-4-6-2-7-7-6-5-7-5	3-9-7-1-4-6-7-5-6-6-3-6	2-3-4-5-6-2-7-4-4-2-2-2	2-1-5-4-4-2-2-3-7-8-5-5	2-5-5-5-2-5-7-8-7-2-3-5	5-2-2-7-7-2-2-4-4-5-5-4	4-5-3-10-2-2-5-2-2-7-6-6
417	7	5-8-7-7-6-7-2-6-2-6-6-2	2-6-6-3-2-2-2-4-2-5-8-8	8-8-8-8-8-4-8-8-6-4-6-8	7-4-6-7-9-8-6-8-6-6-4-2	9-1-3-8-1-5-8-8-6-8-7-7	4-8-7-4-7-8-6-7-4-5-4-8	3-6-6-1-4-5-6-6-6-9-3-8	2-8-14-8-6-7-6-9-4-7-7-2	4-1-7-4-9-2-1-8-6-7-9-9	3-4-2-7-8-7-7-6-6-2-8-8	4-2-5-6-6-7-1-4-4-7-2-4	5-7-7-7-4-2-3-2-2-7-6-5
417	8	8-8-9-10-8-9-8-8-8-9-9-8	2-6-6-7-6-5-7-9-7-4-7-9	7-7-7-7-7-9-7-7-6-9-9-7	8-8-7-7-7-7-8-7-9-8-8-3	7-2-1-7-8-9-7-7-9-7-7-7	4-7-7-4-13-7-9-8-9-8-2-8	2-8-8-1-14-5-9-9-6-8-2-7	2-7-2-9-9-1-9-10-4-11-2-2	2-1-4-4-8-2-2-7-4-7-6-8	4-4-8-7-7-7-8-6-7-2-7-7	4-2-2-6-2-5-2-4-4-7-2-4	2-7-7-4-2-2-8-2-2-9-6-5
417	9	6-8-8-9-9-9-8-8-6-8-8-8	2-8-8-10-2-5-9-8-10-8-10-8	9-9-10-9-9-9-10-10-9-8-8-9	10-9-10-7-7-10-9-7-8-9-9-10	7-11-9-7-9-8-8-9-8-9-7-9	2-7-7-2-8-14-8-8-8-8-2-7	10-6-8-10-9-6-6-8-6-7-9-7	2-7-11-8-8-10-8-7-7-9-9-9	9-9-11-7-7-2-10-10-13-9-7-7	10-2-1-9-11-7-12-8-9-12-9-7	10-2-2-10-6-9-9-10-11-2-2-4	9-7-9-4-9-2-2-9-2-9-0-2
417	10	12-14-13-11-11-11-12-11-11-11-11-14	12-11-11-11-11-11-11-11-11-11-12-11	9-9-12-11-11-11-9-9-11-11-11-10	11-9-9-10-7-9-14-7-11-11-10-9	14-9-9-7-9-10-10-10-11-11-11-9	10-10-11-10-11-9-10-13-12-10-2-10	9-11-10-10-11-10-11-11-11-13-9-13	13-7-9-10-10-9-13-14-13-10-9-9	10-9-10-10-14-14-14-9-11-14-10-12	10-14-11-12-10-14-10-12-9-9-9-11	9-11-11-9-11-11-9-9-9-10-14-4	11-13-10-10-12-11-12-11-10-10-10-11
417	11	10-10-10-10-10-10-10-10-10-10-10-10	10-10-10-10-10-10-10-10-10-10-10-13	9-12-13-12-12-10-12-12-10-10-10-12	12-10-10-10-12-12-10-7-10-10-12-9	12-9-11-10-9-11-12-12-10-10-10-12	12-11-12-10-10-9-12-11-6-8-14-12	12-10-10-11-10-10-10-10-10-8-12-11	10-11-9-11-11-10-10-10-4-8-12-9	9-9-4-11-10-10-9-11-10-10-11-10	12-11-10-10-9-12-11-13-9-9-9-10	10-10-13-2-6-10-9-9-9-11-10-11	10-11-9-11-11-10-11-10-2-10-8-10
417	12	10-10-10-10-10-10-10-10-10-10-10-10	10-10-10-11-10-10-10-10-10-10-10-10	9-11-10-11-11-11-11-11-10-11-9-11	11-12-13-13-11-11-10-7-12-13-11-9	11-9-11-9-9-12-11-11-11-8-11-11	11-13-11-10-10-9-11-11-12-10-8-12	11-13-10-11-14-12-12-13-12-10-11-11	10-12-10-11-11-10-10-10-4-9-11-9	10-9-10-11-10-10-9-11-10-10-11-10	11-11-10-13-13-11-11-10-10-9-9-10	10-10-10-2-12-10-9-9-11-11-10-11	10-12-9-11-11-10-11-10-10-10-6-10
417	13	10-10-10-10-10-10-10-10-10-10-10-10	10-10-10-11-10-10-10-11-10-10-10-11	9-13-11-11-11-11-13-12-10-11-14-12	14-11-12-12-11-11-10-7-10-12-11-13	11-9-11-12-10-12-14-14-12-10-10-11	11-12-12-10-8-9-10-11-10-10-12-14	11-12-10-13-10-10-10-12-10-10-11-11	10-13-10-11-11-10-10-10-10-10-11-9	10-9-10-12-13-10-9-11-10-10-11-10	11-11-13-12-12-11-11-11-13-9-9-10	10-10-11-9-12-10-10-9-10-10-10-11	10-10-13-10-10-10-11-10-10-6-13-10
417	14	14-10-14-10-14-10-10-14-14-10-14-10	10-10-14-11-10-10-10-11-10-14-10-10	10-14-14-10-14-11-14-14-10-14-14-14	13-14-13-12-14-14-10-7-14-14-14-9	10-9-14-14-9-14-13-13-10-14-7-7	14-14-14-12-14-9-14-14-14-14-14-12	11-14-14-14-12-14-14-12-14-14-10-11	14-14-10-13-14-9-14-10-7-10-10-9	10-14-14-14-10-10-10-10-14-10-13-10	10-14-14-14-14-10-14-10-14-14-9-14	9-10-2-6-12-10-9-10-14-10-10-14	10-14-14-10-11-14-14-10-14-14-14-10
418	0	0-0-0-0-0-0-0-0-0-0-0-0	0-0-0-0-0-0-0-0-0-0-0-0	0-0-0-0-0-0-0-0-0-0-0-0	0-0-0-0-0-0-0-0-0-0-0-0	0-0-0-0-0-0-0-0-0-0-0-0	0-0-0-0-0-0-0-0-0-0-0-0	0-0-0-0-0-0-0-0-0-0-0-0	0-0-0-0-0-0-0-0-0-0-0-0	0-0-0-0-0-0-0-0-0-0-0-0	0-0-0-0-0-0-0-0-0-0-0-0	0-0-0-0-0-0-0-0-0-0-0-0	0-0-0-0-0-0-0-0-0-0-0-0
418	1	1-1-0-0-0-1-0-1-0-1-0-0	1-0-0-0-0-0-0-0-1-0-0-0	0-0-0-0-1-0-1-0-0-0-0-0	0-0-0-0-1-0-0-0-0-0-0-1	0-0-1-0-0-0-0-0-0-0-0-0	0-5-0-0-0-0-0-1-1-1-0-0	0-1-0-1-1-0-0-2-1-0-1-1	1-0-0-1-1-0-0-0-1-0-0-1	0-5-0-1-0-1-1-1-0-1-0-0	0-0-0-0-0-0-1-1-1-5-10-0	0-0-0-0-0-0-0-1-1-1-0-0	5-0-1-1-1-0-0-0-0-1-0-0
418	2	2-2-2-2-2-3-2-3-3-3-3-3	3-2-3-2-0-3-5-2-3-2-3-3	2-3-3-3-3-3-3-3-3-3-3-2	3-3-3-3-3-3-0-3-2-4-3-2	3-0-6-3-0-2-2-3-0-0-3-3	2-3-3-2-3-5-3-3-2-2-8-3	3-5-2-1-2-0-2-3-2-3-3-3	3-3-5-3-2-3-2-2-2-1-3-0	2-0-0-2-3-2-1-0-0-2-3-4	3-2-0-5-3-3-4-3-4-1-3-3	3-2-2-0-3-4-0-2-0-2-2-2	1-2-5-1-5-2-2-0-0-4-3-3
418	3	2-3-2-3-2-2-2-2-2-2-2-3	2-3-2-2-4-2-4-3-2-4-2-3	8-4-2-2-2-8-2-2-2-4-4-4	5-4-2-2-2-2-4-2-3-2-2-1	2-0-2-2-4-3-4-4-3-3-5-2	4-2-5-7-2-2-4-2-3-3-3-2	10-2-3-3-4-0-3-4-3-8-3-4	2-2-3-4-2-1-2-5-6-0-5-8	3-8-3-3-2-4-3-4-0-2-2-4	4-3-3-0-2-2-4-3-2-6-3-2	3-3-3-0-2-3-0-3-6-4-3-3	1-3-2-4-2-3-2-0-2-4-2-2
418	4	4-4-4-4-4-4-4-4-4-4-2-4	3-4-5-2-3-2-3-5-2-3-2-5	3-3-2-2-5-3-5-6-0-6-5-5	3-3-5-3-2-2-5-2-4-5-6-1	2-0-2-2-3-6-3-3-3-7-6-2	3-3-3-3-2-2-5-5-3-4-4-4	3-2-6-3-3-6-3-3-4-4-3-3	5-2-3-3-2-4-4-3-3-5-3-3	4-3-3-3-4-3-1-3-4-2-5-3	3-3-4-6-2-2-5-2-2-3-1-2	3-3-8-0-5-2-0-3-3-5-3-5	1-3-2-3-2-4-2-4-8-3-4-2
418	5	5-2-5-5-5-5-5-5-5-5-5-5	6-4-4-2-8-6-2-7-2-3-2-4	10-5-2-2-6-3-4-7-6-3-6-4	3-4-6-6-2-3-5-2-5-4-4-1	2-0-2-5-3-4-5-6-6-3-3-3	3-3-3-2-5-2-6-4-5-5-6-2	3-2-4-1-3-6-6-6-5-5-2-3	4-2-2-4-2-0-8-3-4-4-3-3	6-1-4-3-5-3-8-3-5-5-4-3	8-3-5-4-2-5-4-6-2-1-7-2	3-3-6-10-4-2-0-3-8-4-3-4	1-3-2-3-2-5-2-0-4-8-6-9
418	6	5-4-5-7-6-7-6-6-5-6-8-7	7-5-4-2-8-6-2-6-7-8-6-7	3-6-7-2-7-6-7-7-5-4-5-6	7-7-5-7-2-3-7-2-5-5-4-7	7-4-2-8-3-4-7-5-5-6-4-2	11-2-3-2-5-2-5-6-5-6-5-7	3-2-4-1-3-4-5-5-5-5-3-3	4-2-3-7-6-0-5-3-3-4-8-0	5-3-3-6-3-7-1-7-6-7-6-8	5-3-6-4-2-14-5-5-2-3-1-2	6-8-5-0-5-7-7-3-3-3-8-3	1-8-6-3-6-6-6-7-4-7-5-5
418	7	7-13-8-8-7-6-5-7-5-9-7-6	6-5-4-8-5-6-9-5-6-6-8-6	3-7-10-9-8-9-8-9-9-9-9-8	6-8-8-6-11-9-6-6-6-8-4-6	6-8-2-8-3-4-6-5-8-10-6-7	3-2-8-8-7-2-5-6-7-7-5-7	3-7-7-1-3-7-5-5-7-11-13-9	4-7-9-6-6-0-5-3-3-7-6-3	3-3-3-3-3-6-3-6-6-6-7-6	7-3-7-6-2-6-5-7-2-3-5-2	3-6-5-0-5-6-6-3-3-3-6-3	1-3-6-6-2-6-13-6-4-6-5-7
418	8	7-9-9-7-11-9-8-9-9-7-7-9	8-6-4-9-5-9-9-14-9-6-9-9	9-8-9-7-7-3-9-7-9-7-6-7	9-9-7-9-10-10-9-9-6-7-4-2	10-7-2-9-3-4-9-9-6-8-9-9	3-3-9-7-8-12-9-4-7-7-2-10	9-12-7-3-9-8-5-9-7-8-7-7	5-9-13-9-10-11-5-3-3-8-6-3	3-3-6-9-11-6-3-9-6-7-11-6	7-12-8-5-9-6-5-5-8-1-9-11	3-6-5-5-7-11-0-6-5-8-6-3	1-6-8-5-11-6-7-0-4-9-5-5
418	9	10-9-8-9-9-8-9-8-9-9-10-10	11-10-11-8-10-10-8-10-8-9-8-10	14-9-8-7-7-12-10-7-7-11-10-10	8-10-10-8-8-8-10-8-10-11-10-1	8-0-11-8-3-11-8-8-10-7-8-8	3-6-12-7-9-8-10-9-9-9-13-9	3-11-9-0-8-9-11-11-7-9-8-7	9-8-7-10-8-12-10-9-3-9-14-12	10-12-10-8-5-6-1-8-9-5-8-13	7-8-10-9-10-11-2-9-2-3-8-8	14-6-5-14-0-10-0-12-3-10-6-3	1-6-6-5-2-10-7-9-9-8-5-5
418	10	10-10-8-10-10-10-11-10-10-9-10-10	11-11-11-8-9-11-8-9-8-11-8-9	14-10-8-7-8-11-9-10-11-10-11-9	8-11-11-8-8-8-9-7-9-11-9-1	8-0-1-8-3-9-11-10-10-7-8-8	6-6-9-7-11-8-11-9-10-10-6-8	3-8-9-0-9-8-10-9-7-9-11-6	9-8-7-9-8-11-9-8-3-13-10-11	9-9-11-8-10-9-1-14-6-7-8-9	11-9-9-11-9-11-11-12-9-1-14-8	10-6-12-10-11-12-0-11-1-9-6-3	11-10-6-10-2-9-7-9-11-11-9-12
418	11	12-12-14-12-10-9-9-14-12-9-11-10	12-10-10-8-10-10-11-12-12-10-12-10	11-12-12-7-8-10-12-12-11-9-10-11	12-12-12-11-12-12-13-8-10-10-9-11	8-13-12-12-13-9-12-12-10-12-12-12	12-12-9-8-10-8-10-9-10-10-12-12	12-9-9-12-12-8-9-9-7-7-12-12	10-7-12-12-12-12-9-11-12-11-12-13	11-13-10-11-8-6-12-12-6-11-8-6	12-12-11-13-10-10-12-10-13-13-12-8	12-6-10-9-12-14-12-13-12-11-6-3	11-6-11-11-11-6-7-11-4-12-5-7
418	12	13-14-12-12-13-12-12-8-12-13-13-12	11-13-13-11-13-13-11-11-11-13-11-9	14-11-11-7-14-14-11-11-11-13-13-13	11-11-11-13-11-11-14-8-13-9-13-11	8-11-11-11-11-13-11-11-13-11-11-11	11-11-9-13-10-8-13-12-10-12-11-11	11-8-9-11-11-12-11-11-7-9-11-11	9-8-11-11-11-9-9-11-11-11-11-10	12-11-11-8-12-11-11-11-6-13-8-9	11-8-9-12-10-8-11-10-11-11-11-8	11-12-10-9-11-10-11-10-11-11-6-11	11-11-11-11-11-6-7-11-13-11-10-13
418	13	12-13-13-12-12-12-12-12-12-12-12-12	14-12-12-14-12-12-14-14-11-12-11-14	13-13-14-14-13-14-13-12-11-12-12-13	13-11-13-14-13-13-12-13-12-10-12-11	13-11-11-7-11-12-12-13-12-13-13-13	13-11-14-12-10-14-12-13-10-12-9-11	13-9-9-13-11-8-5-14-7-14-13-13	10-13-7-13-13-11-9-14-3-11-13-11	14-11-11-13-13-6-11-11-6-12-13-9	13-13-13-11-13-13-13-10-11-11-11-8	11-6-13-9-13-13-11-11-13-13-6-13	11-13-11-11-13-6-7-11-12-13-5-12
418	14	14-14-14-14-14-14-12-14-14-14-14-14	11-12-14-13-14-10-12-13-11-14-11-13	12-12-14-13-14-13-14-14-11-14-14-14	13-14-14-13-14-14-12-13-14-14-14-11	13-11-11-14-14-14-13-13-12-14-8-8	14-14-13-14-14-14-14-14-14-14-14-13	11-14-14-14-12-14-6-13-14-14-11-13	14-8-8-14-14-11-14-13-8-11-11-14	13-14-14-14-13-6-14-10-14-12-8-6	11-14-14-14-14-6-14-11-11-14-14-14	9-14-14-9-7-11-14-10-14-14-6-14	11-14-14-11-13-14-14-11-14-14-14-12
419	0	0-0-0-0-0-0-0-0-0-0-0-0	0-0-0-0-0-0-0-0-0-0-0-0	0-0-0-0-0-0-0-0-0-0-0-0	0-0-0-0-0-0-0-0-0-0-0-0	0-0-0-0-0-0-0-0-0-0-0-0	0-0-0-0-0-0-0-0-0-0-0-0	0-0-0-0-0-0-0-0-0-0-0-0	0-0-0-0-0-0-0-0-0-0-0-0	0-0-0-0-0-0-0-0-0-0-0-0	0-0-0-0-0-0-0-0-0-0-0-0	0-0-0-0-0-0-0-0-0-0-0-0	0-0-0-0-0-0-0-0-0-0-0-0
419	1	1-1-1-1-1-1-1-1-1-1-1-1	2-1-2-0-2-2-2-2-2-1-2-1	1-2-2-2-1-2-2-0-2-1-2-1	2-0-2-2-0-0-2-2-2-2-1-0	1-0-1-0-1-1-0-1-1-1-5-0	10-2-2-1-1-4-1-3-2-1-10-2	1-2-2-1-1-1-2-2-2-1-1-1	1-1-2-1-1-2-3-2-1-1-0-2	1-2-2-1-1-3-15-2-3-1-1-1	2-1-2-2-2-2-1-1-2-5-2-1	1-2-2-5-1-6-1-1-1-1-3-1	2-1-1-1-2-2-1-3-2-2-1-1
419	2	1-1-1-1-1-1-1-1-1-1-1-1	1-1-1-2-1-1-1-2-1-1-1-1	4-1-3-1-4-3-3-3-1-2-3-3	3-2-1-5-2-3-1-1-3-1-3-6	4-0-4-2-3-2-2-2-2-1-1-2	5-1-1-2-1-1-2-1-1-2-3-1	2-1-1-0-2-1-1-1-1-1-2-2	1-3-3-2-2-1-1-1-2-1-3-1	2-1-1-2-3-1-1-4-1-4-2-2	1-2-1-1-1-3-2-2-1-1-1-1	1-1-1-0-3-0-0-1-1-2-1-1	1-2-2-2-1-1-2-1-3-1-3-1
419	3	1-1-1-1-1-1-1-1-1-1-1-3	1-1-1-2-1-1-4-4-3-4-2-3	6-4-2-1-2-4-2-4-1-2-4-2	2-4-4-4-2-2-1-1-2-3-2-2	2-3-3-2-4-2-4-2-3-3-1-2	6-4-5-5-1-1-4-1-4-3-2-3	2-3-1-3-4-3-4-4-3-1-2-6	3-2-2-4-2-1-1-5-6-1-2-1	3-1-3-4-7-1-3-4-1-1-2-2	4-3-3-1-1-2-4-1-1-4-3-2	3-1-3-0-2-3-0-4-6-4-1-3	3-3-2-4-3-1-3-1-2-4-3-1
419	4	4-4-4-4-4-4-4-4-4-1-1-4	3-8-5-2-1-1-3-5-3-3-1-5	2-3-2-2-2-3-5-6-1-6-5-5	3-3-3-2-2-2-5-2-5-5-6-2	2-4-2-2-3-6-3-5-3-4-6-2	1-3-3-3-3-1-5-5-3-4-2-3	2-4-5-3-3-4-5-5-4-4-2-3	5-2-1-3-2-4-1-3-5-5-3-1	4-1-3-3-4-1-1-3-1-2-5-1	3-3-4-6-5-1-5-3-1-3-3-5	1-3-1-4-5-4-0-3-3-5-1-5	1-3-2-3-1-1-2-1-12-3-4-1
419	5	5-1-5-5-5-5-5-5-6-5-1-5	1-8-4-2-8-6-7-7-3-3-6-4	10-5-2-2-6-3-4-5-6-2-6-4	3-8-6-6-2-7-4-1-6-4-4-2	2-7-2-2-3-4-5-6-6-3-1-3	2-3-3-3-5-1-6-4-5-5-6-3	2-4-4-3-3-5-5-4-5-5-2-5	4-2-1-4-3-1-7-3-4-4-3-1	6-1-4-3-5-1-1-3-1-5-4-1	8-3-5-4-5-5-4-6-2-1-3-4	3-3-6-9-4-3-0-3-3-4-1-4	1-2-2-3-3-1-2-1-4-1-6-6
419	6	5-4-5-5-6-7-6-8-5-6-1-5	9-4-4-7-8-6-4-5-7-8-6-7	2-6-7-7-5-9-7-7-5-4-5-6	7-4-5-7-2-3-7-7-5-5-4-2	7-7-3-11-3-4-7-5-5-4-4-2	3-3-7-3-5-1-5-6-5-6-5-3	2-6-4-3-3-5-5-8-5-5-2-7	4-6-3-7-6-1-5-7-3-8-7-1	3-1-3-6-8-6-3-7-8-7-6-8	3-3-6-4-8-15-6-5-1-1-3-7	3-8-5-0-5-7-0-3-3-3-8-3	6-8-6-3-3-7-6-1-4-6-5-5
419	7	7-10-5-7-8-6-5-7-5-7-7-6	6-4-4-6-5-6-7-5-6-6-8-6	8-7-7-8-8-9-8-6-9-9-9-8	6-5-8-8-11-5-6-11-8-8-8-6	6-5-2-8-3-4-8-5-8-9-6-3	6-4-8-11-7-1-5-6-7-7-5-7	2-7-7-3-3-7-7-6-7-10-2-9	4-7-8-6-6-0-5-6-3-7-6-1	3-1-3-3-8-6-1-6-6-6-7-6	7-3-6-6-8-8-5-12-7-1-3-7	3-1-8-9-8-6-6-3-3-3-6-3	6-6-6-3-3-6-8-6-4-6-5-1
419	8	7-7-9-7-8-8-5-15-8-7-8-5	9-5-5-8-5-6-8-10-9-6-9-9	8-8-9-7-7-3-7-9-9-7-7-7	9-9-9-7-7-9-9-8-7-7-7-11	9-9-9-7-3-4-9-9-7-7-15-9	9-9-7-7-7-9-4-6-5-7-5-3	2-7-7-11-7-10-5-9-7-8-9-8	3-7-7-8-6-9-5-8-3-6-8-8	3-1-15-3-7-6-3-9-6-6-8-6	7-3-10-9-9-6-5-1-9-9-9-8	9-6-3-0-7-8-1-6-9-8-6-3	8-6-8-11-8-1-7-1-4-8-5-7
419	9	9-9-9-9-11-12-9-9-9-9-7-9	10-10-10-8-10-12-10-9-8-10-8-10	10-8-8-8-10-10-10-8-8-10-10-10	8-8-8-10-7-8-10-7-10-10-10-8	8-8-8-7-9-10-10-8-10-7-9-8	8-8-10-7-9-8-10-9-10-9-6-9	3-12-9-8-15-9-10-10-7-9-8-9	4-7-7-8-10-8-12-10-3-9-8-1	8-9-3-8-5-9-1-8-9-12-9-12	7-3-9-10-8-10-6-10-8-8-8-8	8-9-7-11-15-13-0-9-8-3-6-3	14-12-6-3-8-12-7-9-9-9-12-9
419	10	11-7-9-10-14-11-9-10-10-11-11-9	9-9-9-8-9-9-12-11-8-9-13-12	12-11-11-11-10-10-11-11-11-11-9-11	11-11-10-9-7-11-11-8-9-9-9-10	13-11-11-10-12-9-11-11-9-10-10-11	11-11-9-10-10-12-9-11-9-7-11-10	13-9-9-11-11-12-9-11-7-7-13-10	12-9-13-9-6-11-9-9-3-10-10-12	12-12-11-11-14-10-12-12-6-10-9-6	11-3-6-11-12-9-4-9-13-12-12-8	12-1-1-11-11-9-12-12-12-3-6-3	9-6-10-8-12-1-7-15-9-11-9-1
419	11	10-11-11-12-11-10-11-12-12-10-11-11	11-14-12-8-12-12-10-10-12-13-10-12	10-10-10-7-7-12-10-10-10-10-12-10	10-10-10-10-7-10-10-7-12-12-9-8	6-10-8-6-10-12-10-10-11-7-11-10	10-10-9-7-9-8-12-10-5-11-14-11	14-14-9-8-10-11-14-10-12-9-10-10	4-7-10-11-11-10-9-9-3-11-10-10	1-10-10-10-15-10-14-10-10-10-9-9	10-3-9-10-12-9-6-15-8-10-10-8	10-14-14-10-11-10-10-11-10-8-6-11	9-6-10-8-10-9-7-10-9-10-9-9
419	12	11-11-11-11-9-11-12-11-11-12-14-12	10-11-11-12-11-11-10-14-13-11-13-11	13-13-14-13-13-13-13-10-13-13-11-13	13-10-13-12-13-13-11-12-11-11-12-13	13-10-12-12-10-11-13-12-12-13-13-13	13-13-13-12-12-10-13-13-5-7-3-13	12-11-9-12-11-10-9-13-11-12-13-13	4-12-10-12-13-10-9-9-3-10-14-10	10-10-13-14-14-10-10-13-6-9-12-9	10-12-13-13-11-12-12-7-10-10-13-14	10-11-11-10-13-14-10-10-10-13-6-12	9-12-10-12-10-9-7-10-4-10-9-9
419	13	13-15-14-12-13-14-13-13-15-13-12-14	14-14-14-12-11-9-12-11-12-11-10-14	12-12-12-12-12-12-12-12-12-14-14-12	12-10-12-14-12-12-10-7-14-13-14-12	13-10-12-10-10-13-12-13-13-13-12-12	12-12-12-12-13-10-14-12-13-13-10-12	12-9-9-12-14-13-14-14-13-13-12-12	4-12-10-12-12-10-9-9-3-10-12-10	12-10-12-12-13-10-11-12-10-11-12-12	10-12-12-12-14-13-12-14-10-10-12-14	10-11-11-13-12-14-10-10-12-12-12-12	9-11-10-12-10-9-7-10-9-11-13-14
419	14	9-14-13-10-14-13-11-13-13-15-12-13	13-11-13-12-11-9-12-12-15-11-12-13	14-14-12-12-12-12-13-15-14-13-13-14	14-14-14-15-12-12-10-14-13-13-13-14	12-14-14-12-10-13-13-12-13-14-10-12	11-12-12-14-14-15-13-12-9-13-11-12	15-11-13-14-14-14-9-13-14-14-12-11	14-7-12-12-12-14-9-9-14-10-12-10	14-10-12-12-12-10-11-14-6-10-12-9	11-12-14-11-13-12-12-13-14-10-14-12	14-11-11-14-13-14-10-14-14-12-6-12	9-6-14-12-14-1-7-14-4-14-9-13
419	15	15-15-15-15-15-15-15-15-15-15-15-15	13-11-15-12-15-15-10-12-14-15-14-10	14-15-15-12-15-15-15-15-14-15-15-15	15-15-15-14-15-15-10-15-15-15-15-14	15-10-15-15-15-15-14-15-13-15-8-8	15-15-12-14-15-8-15-15-15-15-15-15	12-15-15-15-11-15-6-14-15-15-10-12	15-15-9-15-15-10-15-8-14-15-10-10	14-10-15-15-12-15-15-12-15-1-12-6	15-15-15-15-15-6-15-11-15-15-10-15	10-15-1-10-9-6-10-15-15-15-6-15	9-15-15-10-14-15-15-10-15-15-15-15
420	0	0-0-0-0-0-0-0-0-0-0-0-0	0-0-0-0-0-0-0-0-0-0-0-0	0-0-0-0-0-0-0-0-0-0-0-0	0-0-0-0-0-0-0-0-0-0-0-0	0-0-0-0-0-0-0-0-0-0-0-0	0-0-0-0-0-0-0-0-0-0-0-0	0-0-0-0-0-0-0-0-0-0-0-0	0-0-0-0-0-0-0-0-0-0-0-0	0-0-0-0-0-0-0-0-0-0-0-0	0-0-0-0-0-0-0-0-0-0-0-0	0-0-0-0-0-0-0-0-0-0-0-0	0-0-0-0-0-0-0-0-0-0-0-0
420	1	1-1-0-1-1-1-1-1-1-1-1-1	0-0-0-1-0-0-2-2-1-2-1-0	2-1-1-1-1-1-2-2-0-0-0-1	1-2-2-1-1-1-0-1-0-0-1-4	1-2-5-0-2-0-2-1-0-1-0-2	1-1-0-1-1-1-0-1-0-0-0-1	4-0-0-2-1-1-0-2-0-1-5-1	1-1-1-1-1-2-0-1-1-1-2-0	2-1-0-1-2-1-1-1-1-1-1-1	1-1-1-2-1-1-1-0-1-1-1-1	1-1-0-0-1-1-2-1-5-1-1-1	1-1-1-1-1-1-1-1-1-1-0-1
420	2	2-2-2-2-2-2-2-2-2-2-2-3	2-0-0-2-0-0-1-1-2-1-3-1	1-1-1-3-3-2-3-3-3-3-3-3	3-1-1-3-3-3-0-3-3-0-3-1	2-1-1-3-1-2-3-3-2-2-2-4	3-13-3-2-2-3-3-2-2-2-3-1	1-5-2-1-2-1-2-3-2-2-3-2	2-2-3-2-2-1-0-3-1-2-1-0	1-1-1-2-3-2-3-1-2-2-3-0	1-2-2-4-3-3-2-0-2-1-3-4	1-2-0-0-3-2-1-0-1-3-2-1	0-2-1-1-1-3-2-1-3-1-0-2
420	3	3-3-2-3-3-3-3-3-3-3-3-3	4-3-0-2-3-4-5-4-3-4-2-4	1-5-2-2-2-6-2-2-2-4-2-2	2-4-4-2-2-2-3-2-2-3-2-1	2-1-1-2-4-2-4-2-3-5-4-2	2-1-5-6-3-2-4-4-3-3-2-2	5-2-3-3-4-1-3-2-3-3-2-6	10-2-2-4-3-3-3-2-3-3-3-3	3-6-3-4-2-4-3-4-2-3-2-3	3-3-3-2-2-2-2-3-2-3-4-3	4-3-0-0-3-3-1-3-1-4-3-3	3-3-1-1-1-3-6-3-2-1-0-3
420	4	3-4-4-4-4-4-4-4-4-4-5-4	3-6-4-2-3-3-1-3-3-3-2-5	2-4-5-2-2-3-5-6-5-3-5-5	3-3-3-3-2-2-4-2-5-4-5-1	2-1-1-4-3-5-3-2-3-2-3-2	2-1-3-3-2-2-5-3-3-4-0-3	1-2-6-1-3-0-6-5-4-5-3-3	4-2-2-3-3-3-6-3-3-4-3-4	4-3-3-3-4-3-5-3-5-3-2-4	5-3-4-2-2-2-2-4-5-3-5-2	3-3-5-0-3-4-1-3-1-3-3-3	4-3-1-1-2-3-2-3-4-4-4-5
420	5	5-5-5-5-4-4-5-5-6-5-5-5	6-6-6-2-3-6-3-4-4-3-2-6	2-3-7-2-2-3-4-4-4-7-6-4	6-6-6-6-2-3-5-2-4-6-6-1	2-1-1-6-3-4-6-5-6-3-3-1	1-1-3-3-6-2-6-6-5-5-5-2	3-2-4-3-3-6-5-4-3-5-1-3	5-2-2-4-3-4-3-6-3-5-3-7	5-3-6-3-1-4-5-3-4-5-6-4	4-2-5-6-2-4-2-4-4-3-4-3	3-3-6-4-7-5-4-9-1-3-4-5	0-3-1-1-1-5-2-5-10-6-5-4
420	6	6-4-7-5-4-4-4-4-8-7-5-5	6-4-5-2-5-7-7-7-7-3-7-7	7-7-8-8-7-3-7-7-7-5-5-7	7-7-7-7-7-7-5-7-5-5-5-9	7-1-13-5-3-4-7-7-4-7-7-7	7-8-3-6-5-7-5-5-5-3-7-7	9-2-4-7-3-5-5-4-3-6-7-3	5-7-3-7-3-6-4-8-3-5-6-3	7-3-5-3-6-3-3-7-4-6-5-6	5-7-6-6-7-2-6-4-7-3-8-7	7-3-6-4-5-4-3-6-7-9-6-3	6-6-1-6-8-7-3-6-5-5-5-4
420	7	7-7-7-7-7-7-7-7-7-8-10-7	6-10-8-2-8-6-6-8-6-9-6-6	6-6-6-6-6-6-8-6-6-5-8-6	6-6-6-6-6-6-5-6-8-5-9-6	6-10-6-6-3-8-6-6-7-7-6-6	6-6-3-7-11-6-8-7-8-7-6-6	6-9-9-6-8-7-6-8-9-7-6-7	7-6-3-6-7-3-8-6-3-9-6-5	6-7-8-3-6-7-7-6-8-6-7-10	7-6-8-8-6-9-6-4-6-3-6-11	8-3-9-7-5-4-7-7-6-3-7-7	9-8-10-6-6-6-9-7-9-6-7-7
420	8	7-9-6-8-8-7-8-8-6-7-10-8	9-7-7-6-7-8-8-7-8-7-6-7	6-6-6-6-9-6-7-6-9-7-7-9	9-6-9-6-6-6-5-6-9-9-7-6	6-1-6-9-3-7-9-6-7-7-9-6	6-6-9-6-7-6-9-7-8-8-6-6	3-7-7-1-7-7-5-9-8-10-6-3	9-6-3-6-7-10-7-6-3-8-6-3	6-3-7-10-6-9-9-6-7-8-7-9	7-6-8-9-6-2-12-4-8-3-6-7	7-3-7-9-9-8-7-6-9-6-8-8	6-7-1-6-6-6-8-8-5-6-0-8
420	9	7-9-7-10-9-7-9-8-10-11-9-10	8-7-7-2-11-11-10-11-10-9-10-10	11-10-6-6-8-10-10-11-8-11-9-8	10-10-8-8-6-6-11-6-8-8-7-6	6-9-6-8-11-7-10-10-10-9-8-6	11-11-8-9-9-6-8-10-8-8-11-6	11-10-7-11-10-7-6-8-7-7-13-7	8-7-11-8-9-10-7-13-11-7-13-11	11-11-11-11-11-12-11-11-7-9-7-8	10-13-9-8-9-7-6-4-11-11-8-12	11-3-7-8-8-4-11-11-11-13-8-9	7-7-9-10-11-12-9-11-7-11-0-7
420	10	7-7-10-10-10-7-11-10-8-11-10-9	8-7-7-2-9-9-9-9-9-7-11-9	9-11-9-11-8-9-11-9-11-8-11-10	11-9-9-8-11-11-9-6-8-9-11-6	11-9-9-9-9-10-11-11-9-10-8-10	11-11-11-10-7-9-9-11-8-8-12-9	11-9-12-10-9-9-12-9-9-8-10-7	11-11-9-11-11-9-7-11-7-7-11-9	9-9-9-11-9-9-9-9-6-10-11-8	11-11-7-6-11-10-11-10-9-9-11-7	9-3-10-8-8-9-9-11-9-10-8-9	7-7-7-9-11-6-10-9-5-9-0-12
420	11	11-13-12-11-12-11-10-13-11-10-11-11	12-7-7-6-9-9-10-9-10-12-10-10	9-10-9-10-12-9-10-9-9-12-10-11	10-11-12-12-10-10-9-6-12-12-10-6	10-9-6-12-9-12-10-10-11-9-8-6	10-9-11-10-7-9-12-10-8-8-9-6	10-9-11-9-7-7-11-12-11-7-10-12	10-10-9-10-10-9-7-9-9-11-10-9	9-9-9-10-9-7-9-9-11-12-10-11	10-10-9-12-12-10-10-4-9-9-6-7	9-11-12-11-11-9-9-9-9-11-8-9	7-11-1-11-9-9-10-9-5-12-5-7
420	12	12-12-13-12-13-13-13-13-13-13-13-13	13-7-13-13-13-13-13-12-13-13-13-13	12-13-13-12-11-9-12-12-13-11-13-12	13-11-11-11-10-12-13-6-11-11-11-12	10-12-6-11-11-11-12-12-8-12-8-12	12-11-11-10-9-6-11-13-8-8-10-9	12-9-10-12-12-12-11-11-8-13-13-12	11-10-12-10-10-12-7-6-9-11-10-11	12-9-13-11-6-9-12-11-7-11-10-11	13-10-12-11-11-2-8-12-9-9-12-13	12-3-11-11-11-12-9-12-12-10-8-9	12-11-12-12-12-9-10-12-5-11-0-10
420	13	13-13-13-13-13-12-12-13-13-12-13-13	12-7-13-12-12-12-12-12-12-13-12-12	12-13-12-12-13-13-13-12-12-13-12-13	12-13-11-13-13-13-12-13-13-13-13-12	10-12-6-13-13-13-11-13-8-13-8-6	13-13-13-10-13-6-13-13-13-13-13-13	10-13-13-13-7-13-13-11-13-13-9-13	13-10-6-13-13-11-7-9-12-12-9-13	12-9-12-13-10-13-13-11-13-11-9-12	12-13-13-13-13-13-13-12-12-13-13-12	9-13-7-11-11-12-9-12-13-13-8-13	12-11-13-12-12-13-13-12-13-13-13-13
421	0	0-0-0-0-0-0-0-0-0-0-0-0	0-0-0-0-0-0-0-0-0-0-0-0	0-0-0-0-0-0-0-0-0-0-0-0	0-0-0-0-0-0-0-0-0-0-0-0	0-0-0-0-0-0-0-0-0-0-0-0	0-0-0-0-0-0-0-0-0-0-0-0	0-0-0-0-0-0-0-0-0-0-0-0	0-0-0-0-0-0-0-0-0-0-0-0	0-0-0-0-0-0-0-0-0-0-0-0	0-0-0-0-0-0-0-0-0-0-0-0	0-0-0-0-0-0-0-0-0-0-0-0	0-0-0-0-0-0-0-0-0-0-0-0
421	1	1-1-1-1-1-1-1-1-1-1-1-1	1-0-1-1-1-1-2-1-0-1-1-0	0-2-0-2-2-0-2-0-0-2-0-2	2-0-0-2-2-2-0-2-2-0-2-3	2-0-2-2-0-1-0-2-1-1-3-2	2-2-1-1-1-2-1-1-1-1-0-0	1-1-1-0-0-0-1-0-1-1-2-0	1-1-4-1-1-0-1-1-1-1-0-0	0-0-1-0-2-1-0-2-1-1-1-1	2-1-1-2-2-2-3-1-4-0-0-1	0-1-1-0-1-3-0-0-0-1-1-0	0-1-4-1-0-1-1-0-0-1-1-1
421	2	2-2-2-2-2-2-2-2-2-2-2-2	3-2-1-1-2-2-1-2-2-3-1-2	0-3-1-1-1-7-1-1-1-4-3-3	1-3-3-1-1-1-2-1-1-2-1-1	1-2-1-1-3-1-3-3-2-2-4-4	1-4-4-3-2-1-3-1-2-2-2-2	1-1-2-2-3-0-2-3-2-2-2-5	2-2-1-3-2-2-2-6-5-2-2-2	2-6-2-3-1-4-2-3-2-2-1-2	2-2-2-1-1-1-2-2-0-2-2-1	6-2-2-0-2-2-0-2-6-3-2-2	4-2-0-3-2-2-1-0-2-3-1-2
421	3	3-3-3-3-3-3-3-3-3-3-3-3	2-3-3-1-2-3-2-4-2-2-1-4	0-2-1-4-4-2-4-5-1-5-4-4	2-2-4-1-1-1-4-1-4-4-5-1	1-5-1-1-2-4-2-2-2-6-1-2	1-2-2-2-2-1-4-4-2-3-6-3	1-1-4-3-2-3-2-2-3-3-1-2	4-2-2-2-1-3-2-2-4-3-2-2	3-2-2-2-3-2-4-2-3-2-4-2	2-4-3-5-6-2-4-2-1-2-4-2	0-2-7-3-4-3-0-3-2-4-2-4	2-2-0-2-0-3-1-0-7-4-3-3
421	4	4-4-4-4-4-4-4-4-5-4-4-4	4-5-3-1-4-5-2-6-2-2-1-3	0-4-4-3-5-2-3-6-5-2-5-3	2-6-5-5-1-1-4-1-5-3-3-0	1-0-1-4-2-3-4-6-5-2-2-2	1-2-2-2-4-1-5-3-4-4-6-6	1-1-3-3-2-4-5-5-4-4-0-2	3-2-1-3-2-7-7-4-3-3-2-2	5-2-3-2-4-2-3-2-4-4-3-5	16-3-4-7-5-4-3-5-1-4-3-1	2-3-5-5-3-3-0-3-0-3-2-3	2-2-11-2-6-4-1-0-3-3-5-5
421	5	4-3-4-5-5-5-4-5-4-5-6-6	6-4-3-1-5-5-3-4-6-7-5-6	2-5-6-1-4-5-6-3-4-3-4-5	6-9-4-6-1-2-6-6-7-3-3-6	6-3-1-6-2-3-6-4-4-5-3-0	6-2-2-2-4-1-4-6-4-5-4-6	1-1-3-0-2-3-4-4-4-4-6-2	3-5-2-2-2-0-4-2-2-4-6-5	4-2-2-5-2-7-7-6-7-7-5-5	4-2-5-6-7-7-5-4-6-2-3-1	5-2-4-4-4-6-6-2-2-2-7-2	5-7-5-6-5-6-5-6-3-6-4-4
421	6	6-7-7-6-6-6-4-6-4-7-6-5	5-4-3-1-4-5-7-7-5-5-7-5	2-7-6-7-7-5-7-7-7-8-8-7	5-8-8-5-9-8-5-5-8-3-10-5	5-3-1-7-2-3-5-4-7-9-5-6	5-3-7-7-6-1-4-5-6-6-4-5	2-1-6-5-2-6-6-4-15-6-6-2	3-6-8-2-2-0-4-2-2-6-5-11	2-2-2-2-2-5-4-5-5-5-6-5	6-2-6-5-7-5-4-8-6-2-4-6	5-2-8-4-7-5-5-2-2-5-5-2	5-2-5-5-5-5-7-5-3-5-4-4
421	7	7-6-7-6-8-6-7-7-7-6-6-4	6-3-3-1-5-5-6-6-5-2-6-5	8-6-8-6-6-2-6-6-6-6-6-6	8-2-8-9-9-9-4-10-5-3-3-7	9-7-7-9-2-3-8-8-5-6-10-9	8-9-8-6-4-10-8-2-4-6-11-9	10-6-6-0-2-7-5-8-6-10-8-8	5-7-10-8-2-7-4-10-2-5-7-2	8-2-2-8-7-5-2-8-5-5-7-8	6-8-7-4-8-5-8-4-7-0-7-7	2-2-3-4-6-7-0-2-0-7-5-8	5-5-9-7-7-5-6-0-3-8-4-4
421	8	8-8-8-8-8-8-8-8-8-8-8-8	5-10-10-7-5-9-9-9-5-9-7-9	7-8-7-6-7-10-9-8-6-6-9-9	7-9-9-7-6-6-9-7-9-8-8-7	7-0-7-7-2-10-7-7-9-6-7-7	7-7-7-6-8-7-9-8-8-8-8-7	1-12-6-0-10-8-10-9-6-8-7-7	8-7-6-9-7-9-10-7-2-8-9-0	7-8-2-7-4-5-7-7-5-4-7-9	6-7-8-8-7-7-7-6-7-2-7-7	0-5-6-10-6-7-0-2-16-7-5-7	4-7-7-7-9-8-6-15-8-7-9-9
421	9	9-9-10-9-10-9-9-9-9-9-9-9	9-10-10-7-10-8-8-8-5-10-6-8	7-9-7-6-7-10-8-9-10-10-10-8	7-9-10-7-6-7-8-7-10-10-9-7	7-0-7-7-2-8-10-9-10-6-7-7	7-7-7-6-10-7-10-8-9-10-9-7	2-1-9-0-8-8-10-10-6-9-0-7	8-7-8-8-7-8-6-9-2-15-7-9	7-10-10-7-4-5-15-7-5-6-1-8	7-1-9-5-10-7-10-9-9-2-7-9	9-5-17-15-10-10-12-9-0-9-5-7	13-9-5-7-8-9-5-11-14-10-8-8
421	10	9-10-9-13-9-10-10-8-9-9-9-9	10-9-8-13-9-9-11-8-5-9-6-9	13-11-12-6-7-9-9-11-9-9-9-10	10-10-11-7-6-11-9-7-9-9-6-13	7-16-13-9-12-8-9-11-9-6-7-15	13-11-7-7-9-13-9-8-9-9-15-7	13-1-8-14-8-7-9-9-6-7-11-7	8-8-14-11-9-10-8-7-2-10-10-9	10-10-10-7-7-5-10-10-5-10-7-8	10-10-7-10-9-11-9-9-10-10-10-7	10-5-9-8-9-17-16-10-10-10-5-10	10-11-10-10-10-8-6-10-9-9-4-4
421	11	13-13-12-13-12-13-12-12-12-12-13-13	12-12-12-13-12-12-12-12-12-12-13-12	10-12-13-12-12-12-12-12-12-12-11-12	12-11-12-14-11-10-12-7-12-12-11-10	14-10-10-13-10-11-11-11-12-14-12-10	13-10-14-16-11-13-11-12-14-11-15-11	12-12-12-10-10-11-17-12-16-12-10-13	15-7-12-10-11-10-8-7-2-10-17-12	11-12-11-15-16-14-10-10-17-17-11-12	10-15-15-12-11-13-13-9-10-10-13-13	12-14-11-13-15-14-10-10-10-17-14-11	16-14-10-10-11-12-16-14-11-12-16-13
421	12	11-11-11-11-11-11-11-11-11-11-11-11	11-11-11-11-11-11-11-11-11-11-11-11	10-12-10-11-11-11-11-11-11-11-11-11	13-13-11-11-13-13-11-7-11-11-12-10	13-10-10-13-10-12-13-12-11-11-11-13	12-13-13-11-8-10-12-11-11-11-12-13	11-11-11-10-11-7-9-13-6-11-12-13	11-12-11-13-13-10-8-9-2-9-12-11	11-11-12-13-11-11-10-13-11-11-12-11	12-12-7-11-9-12-15-9-10-10-7-11	11-11-11-11-11-11-10-10-12-12-11-14	11-12-11-10-11-11-6-11-9-11-4-11
421	13	11-11-11-11-11-11-11-11-11-11-11-11	11-11-11-11-11-11-11-11-11-11-11-11	10-13-11-11-12-11-12-11-11-11-14-11	12-12-11-11-12-12-11-7-11-11-12-10	12-10-10-12-10-13-12-12-14-13-11-12	10-12-12-15-13-10-12-11-11-13-14-13	10-11-11-10-14-13-14-12-6-13-12-11	11-7-11-12-12-10-8-8-2-13-12-11	11-11-11-12-13-11-10-12-11-13-12-11	10-12-11-10-11-12-11-13-10-10-11-11	11-11-11-14-11-11-11-11-10-12-11-12	11-11-10-10-11-11-11-11-9-14-8-11
421	14	11-11-11-11-11-11-11-11-11-11-11-11	11-11-11-15-11-11-14-15-11-11-11-11	15-14-15-17-15-11-15-15-11-15-13-15	12-11-11-11-15-16-11-16-13-11-14-10	11-10-10-15-15-13-15-12-13-11-11-7	12-15-12-11-14-15-15-11-11-9-2-16	10-15-11-10-15-14-9-11-6-11-10-15	11-14-10-15-12-10-4-16-2-14-11-11	11-11-11-15-13-11-10-10-11-11-14-8	10-12-11-15-11-15-15-13-10-10-10-16	11-11-11-13-11-11-11-10-11-12-11-12	11-17-11-10-11-11-15-11-9-13-4-11
421	15	11-11-11-11-11-11-11-11-11-11-11-11	11-16-11-14-11-11-11-14-11-11-11-16	14-14-14-14-14-12-14-14-11-14-16-14	14-15-15-14-14-14-11-7-16-15-15-10	15-10-10-15-14-16-14-14-16-15-14-10	10-14-12-13-15-14-16-15-15-15-11-15	10-14-15-10-14-15-16-12-6-15-10-14	11-13-10-14-14-10-11-15-2-9-11-11	11-11-10-14-13-11-10-10-11-13-14-14	10-11-11-14-9-14-14-16-10-10-10-11	10-11-11-9-11-11-10-9-10-12-11-12	11-9-10-10-11-15-14-11-9-13-16-17
421	16	11-11-11-11-11-15-11-11-11-11-11-11	11-15-11-14-11-11-14-17-17-11-17-17	16-16-16-14-16-11-15-17-17-14-15-16	17-16-11-17-14-14-17-14-15-15-15-10	12-10-10-15-17-15-17-17-15-16-11-10	16-16-14-11-14-14-15-15-11-15-0-14	16-14-11-10-16-16-15-17-11-11-16-16	11-14-11-14-13-17-15-14-14-16-16-17	16-11-11-14-11-11-10-16-11-11-14-16	16-14-11-10-16-12-15-15-10-11-17-14	11-11-11-13-11-16-10-11-16-12-11-16	11-14-10-10-11-11-14-11-16-13-15-15
421	17	17-17-15-11-17-17-11-17-17-11-17-11	11-15-17-14-11-11-14-16-16-17-16-16	16-16-17-14-17-17-17-17-16-17-17-16	16-17-16-16-17-17-16-17-14-17-17-16	11-16-17-17-16-17-16-17-15-17-11-7	17-17-14-11-17-7-15-17-17-17-17-17	11-17-17-17-15-17-11-16-17-11-16-16	17-14-11-17-17-16-12-7-7-17-11-16	11-17-17-17-11-17-17-16-17-11-14-16	10-17-17-17-17-14-17-11-17-17-17-17	11-17-9-17-11-10-17-17-17-11-11-17	11-14-17-10-11-17-17-11-17-17-15-15
422	0	0-0-0-0-0-0-0-0-0-0-0-0	0-0-0-0-0-0-0-0-0-0-0-0	0-0-0-0-0-0-0-0-0-0-0-0	0-0-0-0-0-0-0-0-0-0-0-0	0-0-0-0-0-0-0-0-0-0-0-0	0-0-0-0-0-0-0-0-0-0-0-0	0-0-0-0-0-0-0-0-0-0-0-0	0-0-0-0-0-0-0-0-0-0-0-0	0-0-0-0-0-0-0-0-0-0-0-0	0-0-0-0-0-0-0-0-0-0-0-0	0-0-0-0-0-0-0-0-0-0-0-0	0-0-0-0-0-0-0-0-0-0-0-0
422	1	1-1-1-2-1-0-0-1-0-1-1-1	2-2-2-0-0-2-2-1-2-2-1-0	1-2-2-2-1-2-2-2-2-1-2-1	2-2-2-1-1-0-0-1-0-0-0-1	0-0-5-0-2-1-2-2-2-0-1-0	2-2-0-0-1-0-2-0-0-1-0-2	8-0-1-6-2-2-0-0-2-0-0-0	2-1-0-1-1-2-1-1-1-2-0-1	2-5-2-1-2-0-2-1-0-1-1-0	0-0-1-1-1-1-0-2-4-2-5-0	0-1-0-0-1-1-1-0-5-1-1-1	3-1-5-2-2-0-1-0-1-1-1-0
422	2	2-1-1-1-1-2-2-1-1-1-1-1	1-2-1-2-1-1-1-2-1-1-1-3	0-1-3-3-3-1-3-1-1-3-3-3	3-1-1-3-3-3-1-3-2-1-3-1	3-1-1-5-1-2-1-3-1-2-2-3	3-3-2-2-2-4-2-3-2-2-3-1	2-2-1-1-1-1-2-3-1-2-3-3	1-3-3-3-2-1-2-3-2-1-3-1	1-1-1-2-3-3-1-0-2-4-2-3	3-2-1-1-3-3-2-1-1-1-0-5	0-2-3-0-0-2-1-1-0-2-2-2	1-2-2-1-1-1-2-0-0-1-0-4
422	3	3-3-2-3-3-3-3-4-3-3-3-3	1-3-1-0-3-4-1-4-5-3-1-3	4-5-2-2-2-6-2-4-1-5-4-4	4-4-4-2-2-2-5-2-2-3-4-1	2-3-2-2-4-2-4-4-3-3-5-2	4-2-4-4-3-2-4-2-3-3-6-3	2-3-3-3-4-1-3-3-3-3-2-6	3-2-4-4-2-1-3-5-4-0-2-0	3-1-3-3-2-5-3-3-0-2-2-4	2-3-3-1-2-2-3-3-3-1-3-2	3-3-2-0-3-3-1-3-3-4-4-3	1-4-1-1-3-3-2-3-0-4-0-2
422	4	4-4-4-4-4-4-4-4-4-4-3-4	3-5-4-0-5-4-3-3-3-3-1-5	1-4-2-2-2-4-5-3-1-3-5-5	3-3-5-2-2-2-3-2-5-5-3-1	2-0-1-4-3-5-3-3-3-3-3-2	3-3-3-3-4-2-5-3-4-4-8-4	2-3-4-1-3-4-6-5-4-4-2-3	7-2-3-5-2-1-4-3-3-4-3-0	3-4-5-3-3-1-0-3-4-2-2-11	5-3-4-4-5-6-2-4-1-3-1-2	6-3-5-0-0-1-5-6-1-3-5-3	1-3-1-1-0-5-2-5-4-1-5-9
422	5	5-5-5-5-5-5-5-5-5-6-5-5	6-6-7-0-4-5-9-6-3-3-1-4	11-5-2-2-6-3-4-5-6-3-6-4	3-6-6-3-2-2-6-2-6-4-3-1	2-0-1-6-3-4-6-5-6-3-3-2	3-2-3-1-5-2-6-6-5-5-6-3	1-3-5-0-3-1-4-4-3-5-2-3	4-2-2-4-2-1-5-3-3-5-3-0	4-1-4-3-5-3-1-4-6-5-2-4	4-3-5-4-4-4-2-5-4-1-1-2	1-4-4-11-6-6-4-6-1-3-4-3	5-3-1-1-0-4-2-4-5-5-8-8
422	6	7-7-4-5-6-5-5-8-5-5-5-5	5-5-5-7-4-8-1-5-6-3-7-4	10-7-7-8-7-3-7-7-8-6-5-7	7-7-7-7-7-7-7-2-5-5-6-7	9-6-11-7-3-4-7-7-5-7-7-7	7-7-7-6-6-7-5-6-7-5-7-7	11-9-5-1-3-6-4-7-3-9-7-3	6-8-3-7-2-1-5-6-3-11-7-10	7-1-7-3-6-7-7-7-6-6-7-4	7-7-9-6-7-4-6-5-1-7-6-7	4-3-8-6-5-5-1-6-7-7-6-3	5-6-6-6-7-6-3-6-5-7-5-5
422	7	7-7-7-7-7-5-7-7-7-6-5-7	5-9-5-6-7-9-9-6-6-3-6-8	6-6-6-8-6-6-6-6-9-9-8-6	6-6-6-6-6-6-6-2-8-8-9-6	6-9-6-6-3-8-6-6-7-6-6-6	6-6-6-1-7-6-6-8-6-7-6-6	2-7-8-0-8-7-11-6-4-7-6-3	4-9-8-6-8-1-8-7-3-9-6-0	6-7-8-3-6-6-6-6-7-6-8-8	8-6-6-8-6-3-6-5-1-6-6-6	7-6-7-5-11-6-9-6-6-6-7-3	8-3-6-6-6-6-9-6-4-6-5-5
422	8	7-11-7-7-8-8-7-7-7-8-7-8	9-7-7-6-7-8-11-8-6-7-6-7	9-6-6-6-9-9-7-7-8-9-7-9	6-9-9-9-6-6-6-2-7-9-7-6	6-0-6-9-9-7-9-6-9-6-6-6	9-6-10-6-8-6-9-7-8-5-6-6	1-10-7-0-7-6-5-8-8-8-6-6	5-6-7-7-7-11-7-7-3-9-6-9	6-1-7-8-6-8-6-9-7-5-7-9	7-6-6-9-6-9-9-5-9-1-6-7	6-4-6-8-9-8-11-6-6-8-8-3	5-8-8-6-6-6-7-7-7-6-5-5
422	9	8-7-8-7-9-11-11-8-8-11-5-8	8-7-7-10-7-8-10-11-6-10-6-10	9-10-10-6-8-10-9-10-7-8-7-8	10-10-10-8-6-10-9-10-8-8-10-9	6-10-10-8-9-7-8-9-8-9-6-9	8-10-8-9-9-6-8-5-8-3-5-10	10-7-5-10-10-7-5-8-3-9-10-10	9-7-10-10-2-1-7-7-10-8-9-8	9-10-9-3-6-9-9-8-7-9-9-8	9-9-6-8-6-8-8-5-8-9-10-2	10-4-6-8-8-11-9-9-9-8-8-3	9-8-9-10-9-6-7-9-5-6-5-4
422	10	11-10-10-11-10-11-10-11-11-11-11-11	11-7-5-11-11-11-11-9-11-11-11-11	11-11-11-11-10-11-10-9-11-8-10-10	9-9-9-8-9-9-11-9-10-8-9-9	8-9-9-8-9-7-11-9-8-11-10-9	10-10-8-10-9-6-8-4-10-10-10-9	9-8-7-9-9-10-5-9-10-9-11-10	10-10-9-9-7-11-7-7-9-8-10-11	11-9-10-3-10-10-10-9-7-10-9-8	9-9-10-10-10-2-6-6-9-9-9-11	9-8-10-8-8-10-11-9-9-10-8-10	10-10-10-9-9-10-10-10-10-10-10-10
422	11	11-11-11-11-11-11-10-11-11-10-11-11	10-8-11-10-10-10-10-9-10-11-10-10	10-10-10-10-11-10-10-10-10-11-10-10	10-11-10-11-11-11-10-11-11-11-11-9	11-9-11-11-11-11-10-11-8-10-2-6	11-11-11-11-11-6-11-11-11-11-11-10	10-11-11-11-10-11-7-10-11-11-10-11	11-11-6-10-11-10-7-6-9-6-10-11	10-11-9-11-2-11-11-11-11-10-10-4	9-11-11-11-11-11-11-10-11-11-11-11	10-11-11-11-7-9-11-11-11-11-11-11	10-11-11-9-10-11-11-10-11-11-11-11
423	0	0-0-0-0-0-0-0-0-0-0-0-0	0-0-0-0-0-0-0-0-0-0-0-0	0-0-0-0-0-0-0-0-0-0-0-0	0-0-0-0-0-0-0-0-0-0-0-0	0-0-0-0-0-0-0-0-0-0-0-0	0-0-0-0-0-0-0-0-0-0-0-0	0-0-0-0-0-0-0-0-0-0-0-0	0-0-0-0-0-0-0-0-0-0-0-0	0-0-0-0-0-0-0-0-0-0-0-0	0-0-0-0-0-0-0-0-0-0-0-0	0-0-0-0-0-0-0-0-0-0-0-0	0-0-0-0-0-0-0-0-0-0-0-0
423	1	1-1-1-1-1-1-1-1-1-1-1-1	1-0-1-2-1-1-2-2-2-1-2-2	2-2-3-1-0-2-2-2-2-0-2-0	2-2-2-0-2-2-2-3-0-0-1-2	1-2-2-0-2-0-2-2-0-1-1-2	1-2-0-1-1-2-2-2-1-0-1-2	5-0-0-2-1-1-0-0-0-1-2-1	1-1-2-2-1-2-0-2-2-1-1-1	2-2-1-2-1-1-2-2-2-3-3-2	2-2-1-2-2-1-1-1-2-2-1-1	2-1-2-3-7-1-2-1-2-2-3-1	2-1-2-2-2-1-4-1-2-1-1-2
423	2	2-2-2-2-2-2-2-2-1-2-2-1	1-3-2-1-1-1-1-1-1-2-1-1	1-1-1-1-0-1-1-1-1-3-3-2	1-1-1-0-1-1-1-1-3-0-2-1	0-1-1-0-1-4-3-1-3-1-0-1	1-1-0-0-2-1-4-1-2-4-2-1	1-3-3-1-1-2-4-3-0-7-1-3	2-5-1-1-3-1-4-1-1-1-1-3	1-1-1-1-1-1-1-1-1-1-1-1	1-1-6-1-1-1-1-1-1-1-1-4	1-4-1-2-1-1-1-1-1-1-1-2	1-0-1-1-1-1-3-1-1-2-3-4
423	3	3-2-2-1-1-1-3-2-1-3-2-2	1-2-2-3-1-4-1-4-1-2-5-4	4-3-4-3-5-4-4-4-1-2-2-5	4-4-1-4-1-4-3-1-2-2-4-1	2-4-1-3-1-2-4-4-2-4-3-3	4-1-0-3-3-12-2-1-2-0-3-4	3-2-2-1-4-3-2-4-0-1-4-2	4-2-2-1-2-6-2-3-1-3-4-12	3-1-1-1-9-1-3-2-2-1-1-0	4-3-1-3-0-1-1-5-1-3-4-2	12-2-4-4-1-3-1-3-3-1-1-1	3-3-4-1-1-3-1-4-1-3-2-2
423	4	6-4-4-6-4-1-4-4-1-6-2-5	1-2-2-3-1-3-1-3-1-4-5-3	5-5-5-5-0-5-3-3-3-2-3-3	3-3-5-3-5-3-3-1-2-0-3-8	1-3-1-0-4-2-3-5-2-3-0-3	3-1-0-3-3-7-2-1-4-2-3-3	2-2-4-4-3-4-2-3-4-3-7-2	3-2-1-1-1-4-2-1-1-4-3-3	4-1-1-1-7-4-4-5-2-1-1-7	3-4-4-4-6-1-7-5-4-8-3-2	4-2-3-3-4-4-4-4-6-4-1-4	4-5-3-5-1-4-1-3-4-4-2-2
423	5	5-5-5-5-6-5-5-5-5-5-5-6	4-5-2-3-6-6-8-8-6-6-4-5	4-4-4-4-7-8-8-6-4-8-2-3	6-6-4-6-6-7-3-1-5-5-8-4	13-3-1-0-6-2-6-6-6-5-5-1	6-1-7-8-6-4-2-2-5-5-11-3	1-5-5-6-6-4-5-4-0-5-1-6	2-2-6-7-5-4-2-6-9-1-3-3	5-1-13-5-1-13-4-4-5-7-5-5	6-8-4-4-4-2-6-5-4-4-6-5	4-6-1-3-5-4-4-5-4-6-5-5	5-5-5-4-4-5-5-5-4-4-2-2
423	6	6-6-6-6-6-6-6-6-6-8-6-6	5-6-7-3-7-7-5-5-5-5-4-5	4-4-5-5-5-5-7-5-7-5-7-5	5-5-6-5-5-5-3-1-5-8-5-4	5-3-1-0-5-7-5-5-5-1-5-0	5-1-8-5-5-4-7-6-6-6-3-6	1-6-8-5-5-2-5-7-12-6-4-7	2-2-5-7-6-4-12-5-1-6-5-3	6-1-5-5-4-6-5-1-6-1-6-7	7-5-6-7-4-8-5-7-4-4-5-2	3-8-6-3-0-4-4-5-4-5-8-7	8-6-1-4-1-8-6-5-1-4-2-7
423	7	7-7-7-7-8-7-7-7-7-6-7-7	7-8-7-3-6-6-4-7-5-5-5-11	4-7-8-5-5-5-6-8-6-5-8-7	5-5-8-5-5-5-8-0-8-7-5-4	5-3-1-8-5-6-8-7-8-5-5-0	1-1-5-5-5-4-8-1-7-7-9-6	1-7-7-5-5-4-8-6-8-7-4-6	7-2-5-6-6-4-8-5-1-10-5-3	3-1-8-8-8-1-4-5-8-5-7-8	6-5-7-6-4-11-11-7-7-4-1-9	1-8-7-7-1-4-4-5-4-5-6-6	6-7-1-4-1-7-6-9-1-8-9-8
423	8	8-8-9-7-7-7-8-7-8-6-8-9	10-7-7-9-7-7-9-13-9-5-9-9	11-9-11-10-9-5-9-7-9-9-7-9	10-3-7-10-10-10-7-10-9-6-5-4	8-3-1-9-5-6-9-9-7-8-13-9	10-1-8-5-8-10-7-8-7-7-10-11	11-7-7-1-9-8-7-7-7-13-4-9	11-8-8-9-8-4-7-9-11-4-8-3	3-1-7-9-11-9-1-9-7-8-8-11	8-9-8-7-13-7-10-9-9-4-1-11	1-7-7-7-10-4-4-10-4-9-6-8	6-8-8-1-4-5-10-5-1-7-2-7
423	9	9-9-10-10-12-7-9-9-9-12-9-8	10-12-7-8-11-7-8-8-8-5-8-8	13-8-8-8-8-8-10-10-8-8-10-8	8-9-10-8-8-8-10-8-8-9-9-4	8-3-1-8-5-10-8-8-13-9-8-8	8-12-10-5-9-8-10-9-9-9-7-9	1-10-11-1-8-9-13-10-0-9-4-8	9-8-8-10-9-4-12-8-8-7-8-3	9-1-5-8-10-9-4-8-10-7-10-12	10-8-9-10-10-13-5-8-8-4-1-8	1-7-10-9-5-9-4-5-4-5-8-10	5-8-8-4-10-10-8-9-12-7-7-10
423	10	12-10-9-9-10-10-10-9-10-9-9-10	8-7-11-8-11-6-8-11-8-5-8-12	8-8-13-8-8-5-9-9-11-9-11-11	8-11-9-8-8-8-9-8-12-11-9-4	8-3-1-8-5-9-11-10-12-8-10-8	8-12-9-5-12-8-11-9-10-10-8-9	1-11-7-1-9-9-12-11-12-7-4-12	9-8-8-9-10-1-12-8-8-10-11-3	10-1-5-8-9-10-4-8-9-1-9-9	9-8-10-9-9-12-11-11-9-8-1-8	1-12-9-12-8-4-4-8-4-5-11-8	1-8-8-1-9-9-8-5-12-11-2-9
423	11	10-12-10-9-10-10-9-13-9-9-13-13	13-9-10-8-10-13-11-10-12-9-8-13	11-12-8-8-11-12-10-12-13-8-10-10	12-12-12-8-8-11-13-8-10-10-5-13	8-12-11-10-12-9-12-9-10-11-11-11	5-11-9-11-12-13-10-11-7-10-5-12	8-10-9-11-9-11-10-12-6-9-12-10	8-8-8-9-10-12-7-8-11-12-12-3	12-12-12-8-8-10-4-12-7-11-11-8	13-11-11-11-12-7-10-10-11-12-11-8	11-10-11-10-7-13-12-5-11-11-11-11	6-10-12-11-11-11-10-5-9-10-2-2
423	12	10-10-10-9-10-7-9-13-8-9-13-10	10-9-10-8-10-13-13-11-11-9-8-10	12-11-11-13-12-11-12-11-10-8-10-11	11-11-11-8-12-12-10-8-10-10-12-11	12-11-12-10-11-9-11-12-10-11-11-12	5-12-9-12-11-11-10-10-10-9-10-11	13-10-7-11-11-12-10-11-6-12-11-10	8-12-13-12-12-11-9-12-12-11-11-3	11-11-11-12-13-10-11-11-9-12-12-9	12-12-11-11-11-10-10-10-11-11-11-12	3-12-7-10-7-4-11-5-11-11-12-12	6-12-11-11-11-5-12-9-9-10-2-7
423	13	13-13-13-13-13-13-13-13-13-12-13-13	11-10-13-8-13-12-12-8-11-13-11-11	12-12-13-12-13-13-13-13-11-13-13-13	11-13-13-11-13-13-11-13-12-13-13-11	13-3-13-13-11-13-12-13-10-13-8-8	13-13-13-13-13-11-13-13-13-13-13-13	12-13-13-13-9-13-9-13-13-13-11-13	13-13-12-13-13-4-13-11-12-13-11-13	4-13-5-13-12-13-13-12-13-9-12-10	11-13-13-13-13-9-13-10-11-13-13-13	13-13-13-7-13-11-11-5-13-13-13-13	5-10-13-11-9-13-13-5-13-13-13-13
424	0	0-0-0-0-0-0-0-0-0-0-0-0	0-0-0-0-0-0-0-0-0-0-0-0	0-0-0-0-0-0-0-0-0-0-0-0	0-0-0-0-0-0-0-0-0-0-0-0	0-0-0-0-0-0-0-0-0-0-0-0	0-0-0-0-0-0-0-0-0-0-0-0	0-0-0-0-0-0-0-0-0-0-0-0	0-0-0-0-0-0-0-0-0-0-0-0	0-0-0-0-0-0-0-0-0-0-0-0	0-0-0-0-0-0-0-0-0-0-0-0	0-0-0-0-0-0-0-0-0-0-0-0	0-0-0-0-0-0-0-0-0-0-0-0
424	1	1-1-1-1-1-1-1-1-1-1-1-1	1-1-1-1-1-1-2-1-1-1-1-0	0-2-2-2-2-0-2-0-0-1-0-2	2-0-0-2-2-2-0-4-2-0-2-0	2-0-1-2-0-1-0-2-1-0-1-2	2-2-1-1-1-2-1-1-1-1-0-0	1-1-1-0-0-1-1-0-1-1-2-1	1-1-2-1-1-0-1-1-1-0-0-0	0-0-1-0-2-1-0-2-2-0-1-1	1-1-1-2-2-2-0-1-3-0-0-1	0-1-0-0-1-0-0-0-0-1-1-1	0-1-1-1-4-0-1-0-1-0-1-1
424	2	2-2-2-2-2-2-2-2-2-2-2-2	3-2-1-1-2-3-1-2-2-2-1-2	0-1-1-1-1-3-3-4-1-3-2-1	1-3-3-1-1-1-2-1-1-2-1-0	1-2-1-1-3-1-3-1-2-2-1-1	1-3-4-3-2-1-3-1-2-2-1-2	1-1-2-2-3-2-2-2-2-2-1-3	2-2-1-3-8-2-2-3-7-2-2-2	2-0-2-2-1-4-2-3-2-2-1-2	2-2-2-2-1-1-2-2-0-2-2-1	2-2-2-0-3-2-0-2-2-3-2-2	4-2-2-2-1-2-1-0-2-2-1-2
424	3	3-3-3-3-3-3-3-3-3-3-3-3	2-3-3-1-2-2-2-4-2-4-1-4	0-2-2-2-1-4-4-2-1-2-4-3	2-2-2-1-1-1-4-1-1-3-1-0	1-5-0-1-2-4-2-2-2-0-1-1	2-2-2-2-2-1-4-2-2-3-2-2	1-1-3-4-2-3-2-4-3-3-2-2	3-4-2-2-4-2-3-2-2-3-2-2	3-0-2-2-0-2-4-2-4-2-1-2	2-4-3-4-4-2-2-2-1-2-4-1	4-2-8-8-2-5-0-2-2-4-2-2	0-2-2-2-0-3-1-0-4-4-3-3
424	4	4-4-4-4-4-4-4-4-4-4-4-4	4-5-4-1-4-4-4-3-2-3-3-3	0-5-2-1-1-3-3-2-4-2-3-4	5-5-5-1-1-1-3-1-4-3-5-0	1-5-5-6-2-3-3-4-2-4-1-1	1-2-2-2-4-1-3-2-2-4-4-1	2-1-3-3-2-4-4-3-3-3-5-2	3-3-2-3-3-5-3-2-2-4-4-2	2-0-2-2-5-2-3-5-3-4-1-7	4-3-4-3-4-7-5-2-4-0-3-1	3-12-4-4-4-5-0-2-2-3-2-4	4-3-2-2-5-4-1-4-3-3-7-3
424	5	6-7-6-6-6-6-6-7-6-6-8-6	6-4-6-7-6-6-6-5-6-6-6-6	5-6-6-5-5-7-6-5-6-6-5-5	6-5-6-6-8-6-5-9-5-5-7-5	5-7-7-6-4-5-6-6-5-5-6-5	5-6-9-9-4-7-6-7-8-3-7-7	5-5-5-6-5-5-6-6-3-5-7-6	10-6-5-6-6-6-5-8-5-12-7-5	5-5-5-5-7-5-5-7-6-6-10-5	5-6-6-4-6-5-6-6-6-5-7-5	5-2-6-6-6-6-5-5-6-7-5-4	6-5-5-7-7-6-5-7-6-6-7-5
424	6	5-5-5-5-5-5-5-5-5-5-5-5	5-8-5-5-5-5-5-5-5-5-5-5	0-5-5-5-5-5-7-5-5-5-7-5	5-5-5-5-5-5-5-5-5-6-8-5	1-0-5-4-2-7-5-5-6-5-5-5	5-5-2-5-6-0-7-5-5-6-10-5	2-8-5-5-7-6-5-5-3-5-5-5	6-5-1-5-5-5-8-5-2-9-5-0	5-0-2-2-5-5-5-7-7-5-5-2	9-5-5-7-5-5-5-5-5-6-5-7	7-2-5-5-12-5-0-6-5-2-5-6	5-7-5-5-7-5-1-11-5-5-5-8
424	7	5-5-5-5-5-5-5-5-5-5-5-5	5-4-5-5-5-5-5-5-5-5-5-5	5-5-5-5-8-5-6-5-5-5-6-8	7-9-8-8-5-5-5-5-8-8-5-5	1-5-5-8-2-6-8-5-6-7-9-5	5-5-9-5-6-5-8-5-7-7-5-5	2-9-5-5-6-6-4-8-7-5-5-2	6-5-8-5-2-5-6-5-2-6-5-0	5-0-2-2-5-9-5-6-6-5-6-8	5-2-6-8-5-5-9-5-5-0-5-6	6-2-5-7-8-5-12-6-5-5-7-7	5-6-7-5-5-5-1-6-5-5-4-7
424	8	5-5-5-5-5-5-5-5-5-5-5-5	5-6-5-5-5-5-5-7-5-5-5-5	9-9-10-5-7-9-5-5-5-5-9-7	9-9-9-7-5-9-6-1-7-7-6-11	1-11-9-7-2-6-9-9-7-8-7-9	9-9-7-5-8-5-7-9-5-2-4-5	11-5-5-9-6-10-6-7-3-5-11-5	5-5-9-9-9-9-6-5-2-8-8-10	8-8-9-9-10-8-9-9-5-5-1-7	11-8-8-7-9-5-5-5-9-11-9-8	11-2-5-3-7-12-10-11-11-8-7-8	8-7-8-8-8-8-9-8-5-8-4-6
424	9	5-5-5-5-5-5-5-5-5-5-5-5	5-10-5-5-9-5-5-5-5-5-5-5	8-8-5-5-7-8-7-8-5-10-10-7	8-8-8-7-5-8-5-5-10-7-10-8	1-8-8-7-2-9-8-8-7-9-7-8	8-8-7-5-6-8-10-8-9-3-0-9	8-10-5-8-8-9-7-7-7-5-8-5	6-5-8-8-8-8-6-5-2-8-8-0	8-8-8-8-9-8-8-8-8-5-5-8	8-8-9-10-8-5-7-5-8-8-8-10	8-2-5-10-7-5-12-8-8-8-8-8	9-7-8-8-8-8-8-6-5-10-10-12
424	10	11-11-11-5-5-5-11-5-5-11-10-11	12-9-11-11-11-5-11-12-11-5-11-11	10-11-11-12-11-11-11-11-11-11-11-11	11-8-8-10-11-11-5-10-9-7-9-8	11-8-11-11-8-9-11-11-9-9-7-11	11-11-11-10-8-12-11-8-5-3-6-12	8-9-5-8-6-10-11-11-3-5-11-12	5-11-8-11-11-12-6-11-2-11-10-8	12-8-8-11-12-5-8-8-5-5-11-7	8-11-9-9-5-5-11-5-8-8-11-9	8-2-5-9-7-10-8-8-8-11-7-10	12-6-5-8-11-8-8-5-5-9-9-10
424	11	10-10-10-10-5-11-10-5-5-10-11-10	10-12-10-10-10-5-10-10-10-5-10-10	8-12-10-10-10-10-10-10-10-10-10-10	10-11-8-7-10-10-11-10-10-7-11-8	10-8-10-10-2-11-10-10-11-11-7-10	10-10-10-10-11-10-10-11-5-3-5-11	8-10-5-8-10-11-10-10-7-5-10-10	11-10-8-10-10-8-6-10-2-10-10-8	11-8-2-10-9-10-8-8-11-5-10-11	8-10-5-12-11-10-10-5-8-8-8-9	8-12-5-5-7-10-8-8-8-10-8-12	5-7-8-8-10-12-8-6-9-3-9-10
424	12	12-12-12-12-12-12-5-12-12-12-12-12	10-11-12-10-12-5-11-10-10-12-10-10	11-11-12-10-12-10-12-12-5-12-12-12	12-12-12-10-12-12-5-12-11-12-12-8	10-8-12-12-12-12-11-12-11-12-1-10	12-12-10-10-12-10-11-10-12-12-12-11	10-12-12-12-9-12-10-11-12-5-8-10	12-10-10-6-12-10-6-10-10-5-5-5	10-12-12-12-10-12-12-11-6-5-10-9	5-12-5-12-12-5-12-10-8-12-6-9	5-11-12-3-6-8-8-6-12-12-12-11	10-12-12-8-11-11-12-11-5-12-11-9
425	0	0-0-0-0-0-0-0-0-0-0-0-0	0-0-0-0-0-0-0-0-0-0-0-0	0-0-0-0-0-0-0-0-0-0-0-0	0-0-0-0-0-0-0-0-0-0-0-0	0-0-0-0-0-0-0-0-0-0-0-0	0-0-0-0-0-0-0-0-0-0-0-0	0-0-0-0-0-0-0-0-0-0-0-0	0-0-0-0-0-0-0-0-0-0-0-0	0-0-0-0-0-0-0-0-0-0-0-0	0-0-0-0-0-0-0-0-0-0-0-0	0-0-0-0-0-0-0-0-0-0-0-0	0-0-0-0-0-0-0-0-0-0-0-0
425	1	1-1-1-1-1-1-1-1-1-1-1-1	1-0-3-1-2-2-1-1-2-2-1-2	1-1-2-1-1-2-2-1-1-0-2-1	2-1-2-1-1-1-1-1-0-0-0-1	0-2-2-1-2-0-2-1-0-1-1-1	1-2-0-1-1-2-0-1-1-0-0-1	0-0-0-2-1-8-1-1-1-1-2-2	2-1-2-1-1-2-0-1-2-1-1-2	2-2-2-1-1-1-2-2-1-1-1-1	2-1-3-1-2-1-0-1-1-2-2-0	2-1-1-2-2-2-2-2-2-1-1-2	1-1-1-2-2-2-1-2-4-2-8-0
425	2	2-1-3-1-2-1-2-1-2-1-1-2	1-2-1-2-1-1-1-3-1-1-3-1	5-3-1-3-3-1-3-3-1-4-3-3	1-1-1-3-3-3-0-5-3-0-2-1	4-1-1-3-1-2-3-3-0-2-2-1	3-1-3-2-1-1-3-4-2-2-8-3	4-4-2-1-2-1-2-3-0-2-1-2	1-3-3-3-2-1-0-3-1-2-1-1	1-1-1-2-3-1-1-1-0-2-3-3	1-4-0-1-3-3-2-1-1-1-1-3	1-2-0-1-1-1-1-1-1-2-2-1	1-2-2-1-1-1-2-1-1-2-1-2
425	3	3-3-2-3-4-3-2-3-3-3-3-4	4-3-1-2-3-1-1-6-3-5-2-2	2-2-1-2-2-6-2-2-1-6-2-2	5-4-4-4-2-5-1-2-2-3-5-1	2-1-1-2-5-3-4-4-3-3-5-2	4-5-5-3-3-5-4-2-3-3-0-2	2-2-6-1-4-1-4-2-3-3-3-6	1-2-2-4-2-1-4-4-3-1-5-3	3-6-4-4-2-11-1-5-0-3-2-3	4-2-1-3-2-2-4-3-1-4-3-2	6-3-1-1-3-3-1-3-1-5-3-3	1-3-5-1-1-3-2-3-2-2-0-2
425	4	4-4-4-4-4-4-4-4-4-4-4-4	3-5-4-2-5-6-1-5-3-3-5-4	2-4-5-2-2-3-5-5-1-2-5-5	3-3-5-3-2-3-5-2-5-4-3-1	2-1-1-2-3-6-3-3-3-2-3-2	3-3-3-3-2-3-5-2-4-4-0-4	2-2-4-1-3-0-3-5-4-4-2-5	4-2-2-3-8-1-3-3-3-4-5-3	4-1-3-3-4-3-4-3-4-3-9-3	3-2-4-4-2-5-5-4-5-3-2-2	3-5-5-1-1-4-1-3-1-3-5-3	4-3-3-1-1-3-2-3-1-1-4-4
425	5	5-5-6-5-4-5-5-5-5-5-5-5	3-6-5-2-4-4-1-4-3-3-4-4	2-5-7-2-2-3-6-4-7-3-6-4	3-3-6-5-3-3-7-2-6-6-3-1	3-1-5-8-3-4-5-5-6-2-3-2	3-3-3-7-5-3-6-6-5-5-6-4	2-6-4-1-3-6-8-4-6-5-1-4	5-4-3-4-2-1-5-5-3-5-4-6	5-3-3-2-5-3-4-3-5-4-4-6	6-2-5-4-2-2-6-5-4-3-1-2	7-4-4-5-1-5-4-7-1-3-4-3	6-3-3-6-1-5-2-4-5-6-5-5
425	6	6-5-5-7-4-5-5-5-7-6-5-5	7-5-5-7-5-4-7-7-7-3-7-7	2-7-8-7-7-3-7-7-7-3-5-7	7-7-8-8-7-7-5-9-5-7-3-7	7-1-9-7-3-4-7-7-5-7-9-7	7-7-7-2-3-8-5-5-5-5-7-7	2-5-4-1-3-5-5-7-5-8-7-5	4-5-2-7-3-1-5-5-3-5-7-6	7-3-3-7-5-6-7-7-6-7-4-8	5-7-8-6-7-7-6-4-6-3-7-2	3-3-4-8-6-8-4-6-7-6-8-3	5-6-6-7-7-6-4-6-5-6-4-5
425	7	7-7-7-7-7-7-7-7-7-7-7-7	8-8-8-6-7-7-6-6-6-8-6-8	2-6-6-6-6-9-6-6-6-9-8-6	6-6-6-6-6-6-5-6-8-6-8-6	6-1-1-6-3-8-8-6-8-6-6-6	6-6-6-5-7-6-8-7-8-7-6-6	6-7-7-1-11-7-8-6-5-7-6-7	7-6-2-6-5-7-7-5-3-5-6-10	6-3-3-6-5-7-6-6-5-6-5-7	10-6-7-6-6-6-8-5-2-3-6-2	5-8-7-5-10-5-1-6-6-6-4-3	6-6-3-6-6-6-2-7-9-6-7-7
425	8	8-9-7-9-8-8-9-7-5-8-8-9	7-7-7-8-7-9-9-9-6-7-9-9	9-9-9-6-8-8-9-10-9-9-7-9	8-8-6-6-6-9-8-6-7-6-8-9	6-9-9-6-9-7-9-9-7-8-6-8	9-9-6-8-9-9-7-7-7-3-2-10	2-2-7-9-8-1-5-9-3-4-8-4	8-5-9-8-4-9-7-8-3-8-8-9	8-8-9-9-9-4-8-9-9-3-2-6	9-9-8-9-6-6-7-4-9-9-9-2	9-5-9-10-7-6-9-9-9-6-6-3	9-6-8-9-8-1-2-8-10-8-1-2
425	9	7-11-7-8-9-9-9-9-9-9-9-9	7-7-7-9-7-8-8-8-6-7-6-8	8-8-8-6-6-7-8-8-8-10-4-8	8-8-8-6-6-8-10-6-10-10-9-8	6-8-8-6-8-10-8-8-10-8-6-6	10-10-6-8-8-8-10-7-10-9-10-9	11-2-7-8-8-9-10-8-9-9-8-10	9-5-8-10-9-8-7-10-3-9-8-8	8-8-10-8-8-7-8-8-8-8-4-8	10-8-9-10-6-6-10-6-8-8-8-2	8-10-8-8-11-10-8-8-8-3-10-9	8-3-8-8-8-6-2-10-7-9-9-10
425	10	10-11-10-11-10-11-10-11-10-11-10-11	11-7-7-11-11-11-11-11-11-11-11-11	10-11-11-11-10-11-10-11-10-10-10-10	11-10-11-11-3-10-10-6-9-9-9-8	6-11-8-6-10-9-11-10-9-10-10-10	10-9-7-10-8-8-9-7-9-9-9-9	11-9-10-9-10-10-9-10-9-9-11-9	10-2-2-9-4-11-7-9-11-9-8-10	11-8-9-9-10-10-10-9-10-11-11-11	10-11-9-9-10-2-11-10-10-8-8-11	11-9-10-11-7-9-8-9-10-11-9-3	11-6-10-10-10-10-10-9-8-10-10-10
425	11	11-10-11-10-11-10-10-10-10-10-11-11	10-7-11-10-10-10-10-10-10-11-10-10	10-10-10-10-11-10-10-10-10-11-11-10	10-11-11-11-11-11-10-11-11-11-11-8	11-10-11-11-11-11-10-11-9-11-10-6	11-11-11-10-11-8-9-11-11-11-11-11	10-11-11-11-9-11-11-10-11-11-10-10	11-11-2-11-11-10-7-3-10-11-10-8	10-11-11-11-10-11-11-11-11-10-10-10	11-10-11-11-11-11-11-10-10-11-8-11	10-9-11-5-7-10-8-11-11-10-11-11	10-7-11-10-10-11-11-8-11-11-11-9
426	0	0-0-0-0-0-0-0-0-0-0-0-0	0-0-0-0-0-0-0-0-0-0-0-0	0-0-0-0-0-0-0-0-0-0-0-0	0-0-0-0-0-0-0-0-0-0-0-0	0-0-0-0-0-0-0-0-0-0-0-0	0-0-0-0-0-0-0-0-0-0-0-0	0-0-0-0-0-0-0-0-0-0-0-0	0-0-0-0-0-0-0-0-0-0-0-0	0-0-0-0-0-0-0-0-0-0-0-0	0-0-0-0-0-0-0-0-0-0-0-0	0-0-0-0-0-0-0-0-0-0-0-0	0-0-0-0-0-0-0-0-0-0-0-0
426	1	1-1-1-1-1-1-1-1-1-1-1-1	1-0-1-1-0-1-1-0-1-0-0-2	2-2-0-0-0-0-0-0-0-0-0-0	2-0-2-0-0-2-0-2-1-0-2-3	2-0-1-0-0-1-0-2-0-0-0-0	0-2-2-0-0-4-2-0-1-1-0-2	2-1-1-1-0-1-0-0-0-1-0-1	1-1-0-1-1-1-1-0-1-1-0-0	1-0-1-0-1-1-1-2-1-1-1-0	2-1-1-0-2-1-1-0-3-1-2-1	0-1-1-0-1-0-1-1-1-1-1-1	4-1-2-1-1-1-1-0-1-1-1-1
426	2	2-2-2-2-2-2-2-2-2-2-2-2	3-2-2-1-2-2-1-2-2-3-3-3	1-3-0-3-3-7-3-3-0-2-2-3	4-3-1-3-4-4-3-1-2-2-3-0	4-0-0-3-3-2-3-3-3-2-4-0	3-4-4-5-2-1-3-3-2-2-13-1	1-2-2-2-3-1-2-3-2-2-2-3	2-2-2-3-2-1-2-3-5-1-4-2	2-5-5-3-2-2-1-3-2-2-3-2	3-2-1-1-1-1-3-2-1-3-1-2	2-2-2-4-2-2-6-2-5-1-3-2	1-2-1-1-2-2-2-2-2-3-1-2
426	3	3-3-3-3-3-3-3-3-3-3-3-3	2-3-3-1-2-3-1-4-2-2-2-4	1-2-0-2-4-2-4-5-0-5-4-4	2-2-2-2-2-2-4-3-4-4-5-1	2-6-6-3-2-5-2-2-2-6-2-0	2-7-2-2-2-1-4-2-2-3-3-3	1-3-4-2-2-3-2-4-3-3-2-2	4-3-2-2-3-1-3-2-4-4-2-0	3-2-2-2-3-2-1-2-4-2-4-2	2-2-3-5-1-3-4-3-1-2-0-4	0-2-7-3-4-4-0-2-2-4-2-4	1-2-1-1-4-2-2-4-10-2-3-2
426	4	5-4-4-4-4-4-4-4-5-4-4-4	5-5-3-2-7-5-1-3-2-2-5-3	0-4-4-3-5-2-3-6-5-2-5-3	2-3-5-5-2-2-4-1-5-3-3-1	2-0-11-4-2-3-4-6-5-2-2-2	2-2-2-2-4-1-5-3-4-4-4-6	1-3-3-1-2-4-5-5-4-4-0-2	3-5-2-3-2-1-7-2-3-3-2-0	4-2-4-2-4-2-1-2-4-4-3-2	7-2-4-7-4-4-3-5-1-1-6-3	5-2-5-5-3-3-0-11-11-3-1-3	1-2-1-1-10-4-2-3-3-4-5-5
426	5	4-3-4-5-5-5-4-5-4-5-5-5	6-4-3-6-7-5-1-4-6-7-5-6	2-5-6-6-6-6-6-6-4-3-4-5	6-6-4-6-5-2-6-5-4-3-3-1	6-3-1-8-2-3-6-4-4-5-6-7	2-2-6-2-4-1-4-5-4-5-4-6	1-5-3-1-2-4-4-4-4-4-6-6	3-5-2-2-5-1-4-2-2-3-2-0	4-2-2-5-7-7-1-6-5-7-5-7	4-9-5-3-4-5-4-4-1-2-0-4	5-7-4-4-4-6-6-2-2-6-7-2	5-7-5-1-5-5-5-5-3-5-4-4
426	6	6-9-7-6-7-6-4-6-4-8-6-5	5-8-3-5-5-5-7-8-5-5-7-5	2-6-6-8-7-9-7-8-8-8-5-7	5-7-7-5-7-8-5-8-8-8-3-5	5-3-3-7-2-3-5-4-7-8-5-6	8-3-8-7-6-1-5-5-6-6-4-5	11-6-6-1-2-6-4-4-6-9-6-7	5-6-2-2-5-1-4-2-2-6-7-0	7-2-2-6-7-5-5-5-5-5-6-5	6-2-6-5-7-5-4-6-1-2-4-6	5-5-8-4-14-5-5-2-2-5-5-2	5-2-5-1-4-5-6-5-3-5-4-4
426	7	7-8-6-6-7-8-7-8-7-7-6-8	7-6-3-9-5-9-8-6-8-5-8-8	2-7-8-6-6-2-6-8-8-9-5-6	8-8-8-8-9-8-5-8-6-3-3-1	9-6-9-6-2-3-8-8-5-7-8-8	2-3-6-6-6-9-8-5-4-6-4-8	10-9-6-1-8-7-4-8-6-7-6-7	4-8-9-8-8-1-4-2-14-7-5-2	6-2-2-8-9-5-14-8-5-5-9-5	4-8-7-4-8-5-4-4-8-0-0-9	9-5-4-0-6-9-0-5-0-7-5-2	5-5-7-1-8-5-6-2-3-7-4-4
426	8	8-8-8-8-8-9-8-7-8-6-8-8	9-9-9-7-9-7-7-9-7-9-7-7	9-7-7-6-5-7-7-7-7-8-9-7	7-7-7-7-7-7-8-7-9-9-8-1	7-0-11-5-9-9-7-7-9-6-7-7	6-7-9-6-9-7-9-8-8-8-5-7	12-9-8-1-7-8-8-9-6-8-0-7	8-7-9-9-7-9-8-10-3-8-8-0	5-5-9-7-8-5-14-7-8-4-3-5	9-7-8-8-7-4-3-5-7-9-0-7	0-5-6-9-3-7-0-11-11-8-5-3	5-5-5-1-11-8-7-0-3-14-8-8
426	9	8-6-8-8-7-8-8-8-8-8-8-8	9-8-8-9-8-7-10-8-5-8-10-9	12-9-9-6-9-9-10-9-9-9-8-9	9-9-10-10-7-9-9-7-8-8-9-14	7-14-9-12-9-8-9-9-8-6-9-9	10-9-8-9-8-7-8-8-8-8-0-7	9-7-8-1-9-7-8-8-6-6-10-9	9-7-7-8-8-14-8-8-7-9-9-9	9-12-9-7-7-5-9-10-5-9-7-5	8-7-5-9-9-7-8-6-12-12-9-7	9-9-9-11-8-7-12-9-9-7-5-9	9-10-9-1-9-5-8-14-3-9-8-6
426	10	12-14-13-14-11-11-12-12-12-12-11-12	11-13-8-10-11-11-12-11-11-11-11-11	9-10-12-12-11-11-11-11-11-12-11-12	11-9-11-11-10-10-11-12-11-11-10-9	10-9-12-11-9-10-11-10-11-10-11-11	10-11-11-11-8-11-11-10-8-8-11-8	10-12-11-11-11-7-11-11-6-8-11-10	12-7-14-10-12-9-8-14-2-9-10-9	9-9-13-13-14-11-11-9-5-14-10-5	10-10-11-13-13-13-12-10-7-9-10-12	10-12-14-9-14-9-9-12-9-10-12-10	11-14-12-10-4-12-11-12-3-12-8-14
426	11	10-10-10-10-10-10-10-10-10-10-10-10	10-10-10-10-10-10-10-10-10-10-10-10	13-10-10-10-10-10-10-10-10-10-10-10	10-11-10-10-10-10-10-10-10-10-10-9	10-9-14-10-9-10-10-10-10-10-10-10	10-10-10-12-9-11-10-10-10-10-12-10	10-10-10-10-10-7-10-10-6-7-10-10	9-11-10-10-10-9-8-10-12-9-10-11	12-9-10-12-12-10-12-11-8-10-10-5	10-10-11-12-13-10-12-10-9-9-10-10	11-10-10-9-10-11-9-12-12-11-10-11	14-8-11-12-12-10-10-11-3-10-8-10
426	12	10-10-10-10-10-10-10-10-10-10-14-10	10-10-8-10-10-10-10-10-10-10-10-11	9-12-10-10-10-13-11-10-10-10-10-10	10-12-12-10-13-10-10-10-10-13-10-9	10-9-10-10-9-10-11-11-10-12-10-11	10-10-13-11-9-11-10-10-8-8-11-14	8-10-8-11-8-7-10-10-6-7-10-10	10-7-10-10-10-9-8-10-11-9-10-9	14-9-2-10-10-10-11-12-5-10-10-5	11-10-11-11-11-10-11-10-9-9-10-10	11-10-10-9-10-9-9-11-11-12-10-11	11-10-10-11-11-10-10-10-3-10-10-10
426	13	13-10-10-14-14-14-14-14-14-14-10-14	10-10-14-10-10-14-10-13-10-14-10-10	11-12-14-10-10-10-13-13-14-10-13-13	13-12-14-10-12-10-10-10-12-12-10-13	10-13-10-10-9-12-14-13-10-13-10-14	13-10-12-13-8-9-10-10-10-8-2-14	13-10-10-13-13-13-10-13-6-10-10-10	10-10-13-10-10-13-8-10-11-9-10-9	13-9-10-10-10-10-13-12-12-10-10-5	11-10-13-13-10-10-11-13-7-9-10-14	11-10-10-9-13-13-9-13-13-10-10-11	13-10-13-13-13-10-10-13-3-10-13-10
426	14	14-14-14-14-14-13-13-14-14-14-14-14	10-10-14-10-13-13-10-10-13-14-13-11	13-13-13-10-14-10-14-14-13-14-12-14	13-14-13-14-14-14-13-14-14-14-14-9	10-9-14-14-14-14-13-14-10-14-11-13	14-14-10-14-14-9-14-14-14-14-14-14	13-14-14-14-13-14-5-10-14-14-11-10	14-14-10-14-14-9-14-10-7-14-13-9	12-14-2-14-10-14-14-10-14-10-13-5	13-14-14-14-14-10-14-13-7-14-10-14	9-10-10-9-10-9-9-13-14-14-10-11	13-10-14-13-13-14-14-9-14-14-14-10
427	0	0-0-0-0-0-0-0-0-0-0-0-0	0-0-0-0-0-0-0-0-0-0-0-0	0-0-0-0-0-0-0-0-0-0-0-0	0-0-0-0-0-0-0-0-0-0-0-0	0-0-0-0-0-0-0-0-0-0-0-0	0-0-0-0-0-0-0-0-0-0-0-0	0-0-0-0-0-0-0-0-0-0-0-0	0-0-0-0-0-0-0-0-0-0-0-0	0-0-0-0-0-0-0-0-0-0-0-0	0-0-0-0-0-0-0-0-0-0-0-0	0-0-0-0-0-0-0-0-0-0-0-0	0-0-0-0-0-0-0-0-0-0-0-0
427	1	1-1-1-1-1-1-1-1-1-1-1-1	0-0-0-1-1-1-1-1-2-0-2-1	1-2-1-0-2-3-2-1-4-0-2-1	2-2-2-1-2-2-0-3-0-0-0-2	1-1-7-3-1-0-2-2-0-1-1-2	1-2-2-1-1-2-2-2-0-0-0-2	0-0-0-1-2-0-0-2-2-1-1-1	1-1-1-3-1-1-0-3-3-1-1-1	1-1-1-2-1-2-1-1-2-1-1-1	2-0-1-1-1-0-0-0-1-1-1-1	0-0-0-1-0-1-1-2-7-3-1-1	0-1-1-1-1-0-1-1-1-1-1-0
427	2	2-2-2-2-2-2-2-2-2-2-2-2	2-3-4-2-2-3-1-3-1-2-1-4	1-1-3-2-1-1-1-3-1-4-3-2	1-1-2-1-1-1-1-1-3-3-3-1	3-2-1-1-1-3-1-1-3-4-1-1	3-1-1-1-1-1-1-1-2-2-0-1	3-3-2-3-1-2-3-1-1-0-2-3	1-2-1-2-3-2-3-1-1-2-1-1	2-1-1-1-2-1-1-1-2-2-1-3	1-0-2-1-3-3-3-5-1-2-1-3	0-3-2-2-2-2-1-2-2-1-3-2	4-1-1-2-2-0-3-0-2-1-4-3
427	3	2-2-3-3-3-3-3-2-2-3-2-2	3-2-2-3-2-2-4-4-4-4-1-4	3-4-4-3-1-1-4-4-1-4-2-3	4-3-4-4-1-1-4-1-2-2-3-10	2-9-1-1-2-2-4-3-2-3-1-3	2-1-1-1-3-8-2-1-3-0-0-3	3-2-2-13-3-4-2-3-1-3-3-4	3-3-10-1-2-3-2-1-1-4-3-9	3-1-1-1-7-3-3-1-2-2-3-2	4-0-3-1-2-2-2-0-1-4-9-2	9-2-3-7-3-3-13-0-9-1-2-3	2-1-3-2-3-2-2-3-2-3-2-2
427	4	4-4-4-5-4-4-4-4-4-3-5-4	4-2-2-4-2-2-3-3-5-3-5-5	7-3-5-5-5-5-5-3-5-5-3-4	5-3-3-3-5-5-3-5-5-7-4-5	5-3-5-5-4-4-3-5-3-2-5-4	4-3-4-8-3-4-4-5-2-4-16-3	4-4-2-3-2-3-4-5-0-4-4-4	4-4-5-4-4-3-2-5-4-3-5-3	3-1-1-1-5-4-3-1-6-4-4-4	5-4-3-3-5-5-6-4-1-3-3-5	3-4-0-3-6-3-3-5-3-4-4-4	2-4-4-4-3-0-4-3-2-3-2-2
427	5	5-5-4-5-5-5-5-5-5-5-5-5	6-2-2-4-5-6-3-5-5-6-4-6	1-4-4-4-4-6-6-4-4-6-6-4	6-6-4-3-4-4-5-4-4-5-4-4	4-3-4-4-6-4-6-4-6-5-7-4	4-6-7-8-5-4-6-6-5-5-9-5	5-5-5-5-6-5-6-5-5-5-4-9	5-4-6-6-5-6-6-7-9-5-5-3	5-1-5-5-4-7-5-5-2-5-4-4	6-5-5-6-4-4-4-2-8-6-4-4	5-5-5-3-5-5-3-5-6-6-5-5	7-5-4-5-5-5-5-5-2-3-2-2
427	6	6-6-6-6-6-6-6-6-6-6-6-6	5-9-7-4-5-7-4-5-5-5-4-5	4-6-5-4-4-5-7-8-7-5-7-7	5-5-7-4-4-4-5-4-4-7-5-3	4-3-1-4-5-7-5-7-5-5-5-4	5-5-5-9-3-4-5-5-5-8-4-6	4-6-8-5-5-6-6-7-6-4-5-5	6-4-7-7-4-8-6-5-5-6-5-3	6-1-5-5-6-6-5-7-7-7-4-6	7-5-6-6-4-5-4-7-7-5-7-4	7-8-7-3-9-7-3-5-5-5-7-5	11-5-4-5-3-8-4-8-8-6-2-6
427	7	7-9-7-6-7-8-7-7-7-9-8-8	8-8-6-4-5-8-5-8-5-8-4-9	4-7-5-4-4-5-8-9-6-5-8-6	5-8-8-4-5-4-7-4-7-8-5-3	4-3-1-7-5-6-8-6-8-4-5-4	4-5-5-3-8-4-8-6-7-8-8-6	6-4-9-3-5-7-7-6-9-7-4-7	7-4-6-6-5-3-9-5-5-7-5-3	6-1-5-5-3-5-1-6-6-8-4-6	6-5-7-8-4-4-4-6-6-5-6-4	6-5-6-9-5-6-3-5-3-5-6-5	5-7-4-5-3-7-5-8-2-8-2-8
427	8	9-7-7-8-8-7-6-7-8-7-7-7	10-7-7-8-11-7-8-7-10-7-10-7	4-8-9-9-8-9-9-6-9-8-7-8	9-8-9-9-8-9-8-4-9-11-7-4	4-5-9-8-5-6-9-9-7-9-9-9	13-10-9-5-9-4-7-9-7-7-7-8	6-7-6-5-5-7-7-9-7-4-12-7	6-4-8-8-8-9-7-9-5-7-9-3	6-1-5-8-8-9-8-8-9-7-8-6	9-9-8-7-8-8-9-7-5-8-7-4	3-6-7-7-8-3-3-6-3-8-9-5	7-6-4-9-3-8-5-6-6-7-2-8
427	9	9-7-9-10-8-6-6-7-6-7-7-10	8-7-7-10-8-6-10-11-8-7-10-10	13-9-10-10-10-10-10-10-10-9-10-10	10-9-8-8-10-10-8-4-8-7-8-3	13-3-8-13-10-10-10-10-7-8-8-8	8-10-8-5-8-10-10-8-7-7-5-9	13-9-7-5-10-9-7-10-7-5-3-5	5-10-3-10-9-8-7-8-10-9-8-3	3-1-5-10-8-8-3-8-8-7-8-6	8-8-8-8-10-9-8-7-10-3-3-9	3-5-7-7-6-3-3-5-3-9-8-5	7-9-4-8-3-7-9-6-2-3-2-2
427	10	10-10-10-9-10-10-10-10-10-10-10-9	13-11-10-9-8-13-9-9-8-7-9-9	11-9-9-9-9-9-9-9-9-9-9-11	9-10-9-10-9-9-8-4-11-12-10-3	8-3-8-9-11-9-9-9-11-10-8-8	8-8-11-10-10-9-9-10-10-10-14-9	9-12-7-1-9-10-9-9-13-13-9-7	14-9-3-9-9-11-11-8-9-9-8-3	10-1-9-9-3-8-14-9-7-7-8-14	8-8-7-9-9-9-8-10-9-3-3-9	3-13-10-7-17-3-3-5-3-9-8-5	10-9-4-5-3-10-9-10-2-10-13-10
427	11	11-13-11-13-11-12-12-11-12-13-11-11	13-10-12-9-12-12-12-9-12-12-12-12	11-9-9-11-10-11-11-11-11-10-11-10	12-11-12-12-9-12-8-12-10-11-10-12	11-17-9-11-10-10-12-11-10-11-11-11	15-12-10-15-13-9-10-12-10-10-4-12	12-10-11-17-11-11-9-12-12-11-12-9	12-6-15-10-10-10-10-10-10-11-12-14	11-11-12-9-11-11-12-13-8-11-9-9	11-11-8-12-11-9-10-11-14-14-12-9	15-9-13-12-13-15-11-15-13-11-8-5	17-7-11-10-15-15-11-16-11-13-15-11
427	12	11-13-13-13-13-11-11-13-13-13-13-13	13-13-16-13-11-11-11-14-11-11-14-13	12-13-13-12-12-14-12-13-14-9-11-12	11-11-13-11-9-11-13-11-10-11-12-11	9-11-9-9-14-12-13-13-10-12-8-11	16-11-9-16-11-9-10-13-16-12-7-13	11-10-12-16-11-16-16-13-11-12-11-14	11-4-11-13-8-13-10-8-15-10-11-11	11-12-11-9-13-12-15-13-15-13-9-13	12-16-15-13-13-12-13-12-13-11-15-9	16-15-16-11-15-13-12-16-16-13-8-5	12-7-12-16-16-16-12-15-15-13-12-12
427	13	11-12-12-12-12-13-11-12-12-12-12-12	11-14-15-12-12-12-12-12-12-12-12-12	9-12-12-9-9-12-12-12-12-13-14-12	12-11-12-11-9-12-12-9-14-13-13-9	9-11-8-9-13-12-12-12-14-13-8-8	8-9-5-12-11-9-14-12-12-13-7-12	9-14-13-3-14-12-13-12-10-12-12-16	11-9-11-8-9-12-10-8-5-10-8-11	11-1-13-9-12-12-12-14-12-12-8-12	12-12-8-12-12-9-12-13-12-11-12-9	12-17-12-11-12-12-3-11-11-12-8-9	12-9-3-17-11-11-9-11-12-11-10-12
427	14	11-12-17-15-14-11-14-12-12-15-12-11	12-13-13-15-12-11-14-12-12-11-12-12	15-14-15-15-15-12-15-15-12-15-13-14	15-11-15-16-15-15-12-16-13-13-14-3	16-11-16-15-15-15-15-15-13-14-14-15	8-16-14-12-14-16-13-14-12-10-10-16	15-16-12-5-15-12-15-11-7-17-12-15	11-14-16-16-14-12-13-14-5-12-11-11	11-1-10-15-16-12-12-13-12-12-16-15	12-14-8-15-12-16-15-12-15-11-3-14	12-14-12-7-12-12-3-12-11-9-8-5	12-14-14-12-11-12-14-11-12-13-2-10
427	15	11-12-15-15-15-15-11-11-12-12-15-12	12-16-13-14-16-12-12-16-12-12-12-12	14-14-14-14-14-16-14-14-12-14-16-14	14-11-14-14-14-14-12-14-16-13-14-3	14-11-8-14-14-14-14-14-16-14-16-14	11-15-16-11-16-14-16-15-10-15-11-16	14-14-12-12-17-10-17-16-7-16-11-14	11-14-11-14-14-12-12-16-5-9-11-11	11-1-12-14-15-12-12-12-12-15-14-14	12-11-12-16-12-14-8-12-14-11-12-14	11-14-12-11-12-12-3-11-11-12-8-14	12-9-14-12-11-11-14-12-12-11-17-12
427	16	11-12-12-11-12-17-17-12-12-17-17-17	12-15-12-14-15-15-17-17-12-12-17-17	16-16-12-14-16-16-16-17-17-14-15-16	16-16-17-14-14-16-12-14-15-16-14-16	14-17-14-14-16-13-17-14-15-16-15-17	12-16-15-16-15-14-15-15-12-12-4-15	16-14-12-12-16-12-12-15-12-12-12-13	11-14-14-14-14-12-15-14-5-16-16-16	12-16-17-14-14-12-12-13-15-16-14-15	12-12-12-15-12-14-12-12-16-16-16-14	12-14-12-7-12-12-16-12-16-12-8-5	12-14-16-12-12-12-14-11-12-13-15-10
427	17	17-17-17-17-17-17-12-17-17-12-17-17	11-15-17-14-15-15-14-16-12-17-16-16	16-16-17-14-17-17-17-16-16-17-16-16	16-17-16-17-17-17-16-17-14-17-17-16	17-11-17-17-16-17-16-17-15-17-14-16	17-17-14-17-17-16-15-17-17-17-17-15	14-17-17-17-15-17-15-16-17-14-8-14	17-14-8-17-17-12-7-8-14-12-11-16	12-16-17-17-14-17-17-13-17-12-14-16	12-12-17-17-17-14-17-12-17-17-16-17	16-17-15-7-13-12-16-17-17-12-17-17	12-14-17-13-12-17-17-16-17-17-15-10
428	0	0-0-0-0-0-0-0-0-0-0-0-0	0-0-0-0-0-0-0-0-0-0-0-0	0-0-0-0-0-0-0-0-0-0-0-0	0-0-0-0-0-0-0-0-0-0-0-0	0-0-0-0-0-0-0-0-0-0-0-0	0-0-0-0-0-0-0-0-0-0-0-0	0-0-0-0-0-0-0-0-0-0-0-0	0-0-0-0-0-0-0-0-0-0-0-0	0-0-0-0-0-0-0-0-0-0-0-0	0-0-0-0-0-0-0-0-0-0-0-0	0-0-0-0-0-0-0-0-0-0-0-0	0-0-0-0-0-0-0-0-0-0-0-0
428	1	0-1-0-0-0-0-0-0-0-0-0-0	0-0-0-0-0-0-0-0-0-0-0-0	1-2-2-0-0-0-2-0-0-0-0-1	2-2-2-0-1-0-0-0-0-0-0-2	0-0-2-0-2-0-2-0-0-0-2-2	0-0-0-0-0-0-0-0-0-0-0-2	1-0-0-2-0-0-0-0-0-0-1-0	1-0-0-1-1-2-0-1-0-1-1-0	0-0-0-0-0-0-1-1-0-0-0-0	0-1-1-1-1-0-1-0-2-3-5-0	1-1-0-0-3-0-0-0-3-1-0-1	0-1-1-1-1-0-0-0-0-1-0-0
428	2	0-1-2-2-0-2-2-0-0-2-2-2	0-2-0-2-0-0-0-3-1-0-0-3	1-1-3-3-3-3-3-3-0-2-2-2	3-1-1-3-3-3-0-5-2-0-2-1	2-0-1-3-1-2-1-2-2-5-14-4	4-2-2-2-0-4-2-3-1-2-2-1	2-2-0-1-2-2-2-3-2-2-3-4	2-2-2-2-2-1-0-3-2-2-3-0	0-0-0-2-3-0-1-1-4-2-2-2	0-2-0-1-3-3-4-2-1-0-1-2	0-2-0-0-0-2-0-0-1-1-2-2	2-2-1-1-1-0-2-0-0-1-3-0
428	3	3-3-2-3-3-3-3-3-3-3-3-3	4-3-0-2-3-2-0-3-4-4-3-3	2-4-2-2-2-6-4-2-4-4-3-2	2-4-4-2-2-2-3-2-2-3-2-1	2-0-2-2-4-2-4-4-3-3-5-4	2-4-5-11-3-5-4-2-3-3-11-3	3-3-3-3-4-3-4-4-3-3-2-4	3-2-2-4-3-1-0-2-5-3-5-0	3-6-3-4-2-0-3-4-0-8-2-2	3-3-3-1-2-2-3-0-1-5-1-2	3-6-3-0-1-3-0-3-1-7-3-3	3-3-1-1-1-3-3-3-2-2-2-0
428	4	4-4-4-4-4-4-4-4-4-4-4-4	3-6-4-2-6-4-0-5-3-3-5-5	2-4-3-3-2-3-5-5-5-3-5-2	3-3-5-2-2-2-5-2-2-4-2-1	2-0-1-2-3-5-3-3-3-4-2-3	2-3-3-3-4-2-3-3-4-4-14-4	2-3-4-1-3-4-3-5-4-4-3-3	4-2-2-3-2-3-4-3-3-4-3-0	4-3-3-3-4-4-0-3-5-4-2-3	5-3-4-4-1-5-5-4-5-3-1-2	4-3-5-0-3-3-5-3-8-5-6-3	3-3-2-3-3-4-5-7-4-5-5-5
428	5	4-5-4-4-5-7-6-5-5-6-5-5	8-6-7-2-5-4-7-4-3-3-6-6	2-5-6-3-2-8-4-6-6-3-6-5	6-6-6-2-2-3-6-2-6-6-6-1	2-0-1-6-3-4-6-5-6-2-3-9	2-8-3-3-6-3-6-6-5-5-6-3	3-6-6-1-3-5-6-6-5-5-3-3	6-2-3-3-3-4-5-3-3-4-3-0	4-3-3-4-5-4-1-3-4-5-6-6	4-2-5-4-5-4-4-5-4-3-1-5	1-2-4-6-6-14-4-0-1-4-4-4	6-3-1-1-5-0-4-12-11-4-5-4
428	6	5-5-7-5-6-6-5-6-6-5-6-7	10-5-5-6-4-4-7-7-7-7-7-7	6-7-7-7-7-3-7-5-5-3-5-5	7-7-5-7-8-7-5-2-5-5-5-6	7-7-6-5-3-4-5-7-5-7-7-7	7-7-5-3-5-14-5-5-5-5-7-7	7-5-5-1-3-5-5-5-5-5-7-3	5-7-2-7-3-1-5-5-3-9-6-0	7-3-4-3-6-6-7-7-5-6-5-5	5-7-5-5-7-8-6-5-7-8-7-7	4-3-7-5-5-8-3-0-7-6-4-3	5-6-6-6-7-9-4-5-5-6-5-6
428	7	7-8-7-7-7-7-7-7-6-7-7-8	9-9-9-6-9-8-6-6-6-6-6-6	2-7-6-6-6-8-8-6-10-7-8-6	6-6-6-6-6-6-9-2-8-9-8-6	6-6-6-6-3-8-8-6-8-6-6-6	6-7-8-14-9-6-8-7-8-7-6-7	6-11-7-1-3-7-9-7-5-10-6-7	13-8-7-6-8-6-9-9-3-9-6-0	6-8-3-3-7-7-6-6-9-6-7-9	8-6-5-6-6-6-7-9-6-3-6-6	7-7-12-14-9-5-0-5-6-3-7-3	9-6-6-6-6-7-3-4-9-7-9-7
428	8	10-7-8-8-9-7-5-7-8-7-7-7	7-7-7-8-7-9-10-9-10-9-10-9	8-9-9-6-8-7-7-9-10-8-7-8	8-8-9-9-6-6-8-6-7-7-7-8	2-8-6-8-8-7-9-9-7-8-8-8	7-8-7-8-8-14-7-9-7-7-8-6	8-7-8-11-8-9-10-9-5-7-10-8	3-7-10-6-7-9-7-7-6-8-8-11	8-10-9-3-12-8-8-9-7-3-7-7	7-2-5-8-9-6-7-7-9-11-10-5	10-8-7-9-0-9-11-3-10-3-7-3	5-6-8-6-8-8-3-8-8-9-7-0
428	9	8-9-8-11-8-9-10-7-9-9-9-10	7-7-7-9-7-8-8-8-8-7-8-8	12-8-8-10-10-10-10-8-8-10-7-8	10-8-10-8-10-10-8-10-10-7-9-12	10-13-14-10-10-9-10-10-7-10-11-6	9-10-10-9-7-12-10-9-5-7-3-7	10-10-13-10-8-9-9-8-9-7-6-10	3-9-9-10-10-8-7-7-10-8-6-8	14-8-11-10-14-11-11-8-7-7-9-7	9-10-6-8-6-9-10-5-8-8-8-9	8-9-7-8-7-8-8-9-12-9-10-11	7-14-8-10-9-7-9-8-7-8-7-7
428	10	10-14-10-10-10-10-10-10-12-10-10-10	7-7-12-9-7-9-8-8-8-10-8-8	8-9-9-9-9-9-11-8-8-9-11-11	9-9-9-9-9-9-8-9-11-10-9-9	9-8-9-9-9-11-9-9-11-9-9-6	9-9-9-9-10-9-9-10-10-10-11-10	9-9-10-13-14-12-11-9-10-7-8-9	0-10-8-9-9-8-7-10-9-10-14-8	10-8-9-9-11-9-8-9-10-7-9-7	8-9-5-6-6-9-9-10-8-8-8-9	8-9-11-11-14-8-8-13-8-9-9-9	5-9-8-9-8-11-9-8-8-8-11-7
428	11	10-10-12-10-11-10-11-11-11-12-13-10	12-10-10-12-7-8-14-12-12-10-13-12	9-12-12-9-12-9-10-8-11-10-10-11	9-8-11-12-12-12-10-9-10-10-9-9	12-8-12-9-8-10-12-12-10-10-9-12	12-12-12-9-10-9-12-11-10-7-3-11	12-7-4-8-9-8-10-11-5-7-12-9	13-11-8-12-11-8-7-10-3-11-12-8	8-8-9-11-14-9-12-8-10-7-12-7	12-11-6-11-12-11-12-10-12-8-8-12	8-9-10-10-14-11-8-13-12-11-9-9	6-11-8-11-12-7-12-8-8-8-10-7
428	12	12-14-11-14-13-12-10-13-12-12-12-13	13-14-10-11-7-12-11-11-11-10-11-11	9-11-11-11-11-9-11-10-8-13-11-12	13-13-13-12-11-11-10-9-12-13-10-9	11-8-11-13-9-13-11-11-13-12-11-11	11-11-12-10-12-9-13-11-12-12-13-12	11-13-4-12-13-10-12-13-12-7-11-11	10-11-9-11-11-12-7-10-9-8-11-8	13-12-9-11-8-12-11-8-11-7-11-7	11-11-5-13-11-11-11-5-11-8-11-11	8-9-7-12-12-5-8-9-11-12-12-9	5-12-8-12-11-12-11-5-8-8-7-7
428	13	13-13-14-14-14-14-14-14-14-14-14-14	14-14-14-14-14-14-13-11-13-14-14-14	13-12-14-13-13-9-13-13-14-12-13-13	14-12-12-14-11-11-13-13-12-12-10-13	11-8-14-12-12-12-14-13-12-13-12-13	13-12-11-13-10-8-12-11-10-7-12-13	11-12-13-13-13-13-10-12-12-14-9-12	7-11-12-11-11-13-7-10-13-11-11-8	14-13-14-11-13-13-13-13-10-7-11-7	14-13-13-12-11-9-7-14-13-8-13-11	13-9-10-10-12-13-8-13-13-12-12-9	13-12-13-13-13-13-11-13-13-13-13-13
428	14	14-14-14-13-14-13-13-14-14-13-14-14	13-13-14-13-13-13-11-11-13-14-13-13	10-14-13-13-14-14-14-14-13-14-14-14	13-14-12-13-14-14-10-14-14-14-14-9	9-8-13-14-14-14-13-14-12-14-2-6	14-14-14-14-14-8-11-14-14-14-14-13	9-14-14-14-10-14-10-12-14-14-13-11	14-11-11-13-14-8-7-3-13-13-12-14	13-14-14-14-11-14-14-8-14-7-11-5	13-14-14-14-14-9-14-13-13-14-14-14	13-14-7-14-12-5-14-14-14-14-14-14	13-9-14-13-13-14-14-14-14-14-14-11
429	0	0-0-0-0-0-0-0-0-0-0-0-0	0-0-0-0-0-0-0-0-0-0-0-0	0-0-0-0-0-0-0-0-0-0-0-0	0-0-0-0-0-0-0-0-0-0-0-0	0-0-0-0-0-0-0-0-0-0-0-0	0-0-0-0-0-0-0-0-0-0-0-0	0-0-0-0-0-0-0-0-0-0-0-0	0-0-0-0-0-0-0-0-0-0-0-0	0-0-0-0-0-0-0-0-0-0-0-0	0-0-0-0-0-0-0-0-0-0-0-0	0-0-0-0-0-0-0-0-0-0-0-0	0-0-0-0-0-0-0-0-0-0-0-0
429	1	1-1-1-1-1-1-1-1-1-1-1-1	2-1-1-4-2-1-2-1-2-2-2-2	1-2-2-2-1-2-2-0-2-1-1-2	2-0-2-2-0-0-2-2-1-2-1-0	1-0-1-0-0-1-1-0-1-2-2-0	4-2-2-1-1-4-1-3-2-1-9-2	1-1-1-1-1-1-2-2-2-1-1-1	1-1-2-1-1-3-3-1-1-1-1-8	1-6-2-1-3-3-1-0-3-1-1-3	2-1-1-3-2-2-1-1-2-1-0-2	1-2-2-0-2-8-0-2-0-1-3-1	2-1-1-1-2-2-1-6-2-1-2-2
429	2	1-1-1-1-1-1-1-1-1-1-1-1	1-1-1-2-1-1-1-1-1-1-1-1	5-1-3-1-5-3-3-3-1-2-4-3	3-2-1-4-2-3-1-1-3-1-3-0	4-0-3-3-0-2-2-2-2-1-1-2	3-1-4-2-1-0-2-1-1-1-2-1	2-1-1-1-2-2-1-1-1-1-2-2	1-3-3-2-2-1-1-3-2-1-3-1	0-0-1-2-3-1-0-4-1-1-2-2	1-2-1-1-1-1-2-1-1-1-0-1	0-1-1-0-1-0-0-1-0-2-1-2	1-2-5-2-1-1-2-1-1-1-1-1
429	3	1-1-1-1-1-1-1-1-3-1-1-3	1-1-1-2-1-1-1-4-3-4-1-4	2-4-2-1-2-7-2-2-1-4-2-2	2-4-4-2-2-2-1-1-2-3-2-0	2-3-5-2-4-2-4-4-4-3-1-2	7-4-5-6-1-0-4-1-3-3-10-3	2-1-1-3-4-3-1-3-3-1-2-6	3-2-2-4-2-1-1-2-6-1-2-1	3-0-3-3-1-1-3-2-1-1-2-1	2-3-3-1-1-2-3-1-4-1-3-2	3-1-3-0-3-3-0-3-4-4-1-3	5-3-2-3-3-1-1-1-2-3-2-1
429	4	4-4-4-4-4-4-4-4-4-4-4-4	1-5-5-1-1-1-1-3-3-3-1-3	2-4-2-2-2-3-5-6-1-3-5-5	2-3-5-2-2-3-1-1-5-4-2-0	2-0-3-2-3-5-3-5-3-4-1-2	1-4-3-3-3-1-3-5-3-4-1-3	2-4-1-3-3-4-5-5-4-4-2-3	4-5-5-5-2-1-5-3-3-1-2-1	4-1-3-3-4-1-5-5-5-1-2-5	5-3-4-4-3-1-3-5-5-1-5-5	5-1-5-1-1-5-0-6-3-3-1-3	1-3-2-3-1-1-2-1-1-1-13-4
429	5	5-5-5-4-5-6-5-5-5-6-6-6	1-6-4-1-1-6-1-6-5-8-5-6	2-5-2-2-2-3-6-5-1-3-6-4	2-6-6-6-2-2-5-2-5-6-6-0	2-0-6-2-3-4-6-6-6-3-1-2	6-3-3-3-5-0-6-4-5-5-10-3	2-1-1-3-3-5-5-4-1-5-2-6	1-4-4-4-2-1-4-3-3-5-2-1	3-1-3-3-5-1-4-4-4-7-8-4	4-3-5-6-4-6-3-4-4-1-4-4	4-1-4-7-1-4-0-3-3-3-1-3	3-6-2-6-6-1-2-0-1-12-5-1
429	6	6-5-7-6-6-5-4-5-6-5-5-5	5-5-5-6-8-5-6-5-8-5-8-5	3-6-7-7-6-7-5-7-7-6-5-6	7-7-7-7-6-8-6-7-7-5-5-0	8-3-8-8-6-4-5-7-5-8-7-7	5-8-7-3-7-6-5-6-5-4-5-6	7-5-4-3-3-5-3-7-1-5-2-5	4-6-6-6-6-7-5-6-3-5-6-1	3-1-3-5-6-6-6-6-6-5-6-6	7-3-6-5-6-6-7-5-3-1-4-6	6-3-5-5-4-4-0-4-3-6-11-3	5-5-2-5-5-1-3-1-4-3-12-6
429	7	7-7-6-7-6-5-7-13-7-7-7-6	1-5-4-8-6-8-8-8-6-5-8-8	10-7-6-8-8-8-8-8-6-8-8-8	6-6-6-6-8-6-6-10-6-7-7-8	9-0-6-10-8-8-8-8-5-7-6-6	9-4-9-3-6-8-8-7-5-4-3-3	6-8-5-3-8-7-7-7-9-4-2-8	4-7-12-8-8-7-5-12-11-7-6-1	3-1-6-9-5-1-7-9-6-5-9-7	6-3-6-7-8-7-6-5-8-1-0-7	0-1-5-5-13-8-0-3-0-6-1-3	1-4-7-5-1-1-8-0-7-1-1-7
429	8	8-13-8-8-6-9-8-8-8-10-8-9	9-10-8-7-6-8-7-7-6-5-7-7	7-7-6-7-7-7-7-7-7-7-7-7	8-8-10-7-7-6-6-7-7-8-8-7	6-0-6-10-7-7-7-7-9-7-6-6	7-6-9-5-8-7-9-8-8-8-1-8	7-7-10-9-7-8-13-7-8-8-0-7	1-7-0-9-7-9-10-9-3-7-6-1	3-9-7-7-8-9-13-7-8-8-7-10	6-7-8-9-7-7-6-12-7-1-13-7	0-1-8-5-1-9-0-9-0-6-6-3	8-7-2-3-13-1-7-11-8-9-8-7
429	9	11-11-9-9-11-11-11-11-11-11-9-11	10-8-10-7-10-10-10-10-10-10-12-13	9-10-7-7-9-10-9-12-10-7-10-9	8-10-11-8-7-9-13-7-8-8-8-9	8-13-6-9-10-8-9-8-8-9-9-9	9-6-8-9-8-12-8-8-8-8-1-9	9-8-9-10-9-7-10-9-7-9-10-9	10-7-10-8-8-9-11-11-7-9-9-10	9-10-7-7-11-9-10-10-10-9-7-8	9-10-6-8-10-7-10-9-10-12-10-7	10-11-11-11-11-10-12-10-10-13-7-3	13-9-9-10-9-10-7-10-10-10-11-10
429	10	9-10-10-8-9-9-9-9-9-9-8-8	9-8-8-7-9-9-9-13-9-9-9-9	12-11-11-13-11-11-11-9-9-7-9-10	11-9-11-12-12-12-9-12-7-8-10-11	12-9-12-8-9-10-11-12-10-10-12-12	12-10-12-12-8-10-11-10-9-8-5-11	11-10-8-9-9-7-9-11-5-12-12-12	9-10-9-11-12-9-8-13-3-11-6-9	3-9-3-11-13-6-9-11-9-9-12-8	11-9-10-11-11-12-11-9-7-9-11-7	9-1-5-5-9-9-11-9-9-11-11-3	8-10-9-11-11-9-10-9-9-9-9-9
429	11	9-9-11-11-9-9-9-11-11-9-11-9	12-12-8-7-9-9-9-9-9-9-9-12	13-10-10-10-10-10-12-9-9-7-12-10	10-9-10-10-10-10-9-7-12-10-10-10	10-9-10-11-9-12-12-10-12-11-10-10	10-10-10-11-8-10-12-10-11-11-6-10	10-7-11-11-12-7-12-12-5-10-10-10	9-10-9-10-10-9-12-9-7-10-10-9	11-9-12-10-11-9-11-10-9-12-10-10	10-9-11-10-10-10-12-9-10-9-10-7	11-9-9-9-9-9-10-11-11-10-6-3	11-12-2-10-10-9-10-9-9-11-9-13
429	12	9-13-9-9-9-9-11-13-9-9-9-13	12-11-8-7-9-9-9-10-13-9-9-11	12-12-10-10-10-10-11-9-13-10-11-10	10-9-12-10-10-10-9-10-11-12-10-13	10-12-12-10-9-11-13-10-11-12-10-10	10-12-10-13-12-13-11-10-12-11-10-12	10-8-11-12-11-12-11-11-12-10-10-10	12-10-7-10-10-9-8-10-12-12-10-9	12-9-11-3-12-9-12-11-11-12-10-4	6-3-12-11-12-10-11-13-12-9-12-7	10-12-8-9-11-13-9-12-12-12-1-12	12-11-2-12-12-12-10-9-11-5-6-11
429	13	13-13-13-13-13-13-9-13-13-13-13-13	12-11-13-10-13-9-9-10-12-13-9-9	12-12-13-10-13-10-13-13-12-13-13-13	12-13-13-10-13-13-9-13-13-13-13-12	10-9-13-13-9-13-12-13-11-13-7-10	13-13-10-13-13-12-13-13-13-13-13-12	10-13-13-13-12-13-8-12-13-13-6-10	13-13-6-13-13-9-13-10-12-13-9-9	12-13-13-13-10-13-13-9-13-9-10-11	6-13-13-13-13-7-13-12-13-13-13-13	8-13-13-5-12-12-13-13-13-9-13-13	9-13-13-12-11-13-13-9-13-13-13-11
430	0	0-0-0-0-0-0-0-0-0-0-0-0	0-0-0-0-0-0-0-0-0-0-0-0	0-0-0-0-0-0-0-0-0-0-0-0	0-0-0-0-0-0-0-0-0-0-0-0	0-0-0-0-0-0-0-0-0-0-0-0	0-0-0-0-0-0-0-0-0-0-0-0	0-0-0-0-0-0-0-0-0-0-0-0	0-0-0-0-0-0-0-0-0-0-0-0	0-0-0-0-0-0-0-0-0-0-0-0	0-0-0-0-0-0-0-0-0-0-0-0	0-0-0-0-0-0-0-0-0-0-0-0	0-0-0-0-0-0-0-0-0-0-0-0
430	1	1-1-1-1-1-1-1-1-1-1-1-1	1-1-1-1-1-1-0-0-1-1-0-0	1-1-2-2-2-2-2-0-2-2-1-1	2-0-0-2-2-2-0-2-1-0-2-1	2-0-2-2-1-1-2-2-1-0-1-4	1-4-1-1-1-0-1-1-1-1-7-2	2-1-1-0-1-1-1-0-1-1-1-2	1-1-2-1-1-1-1-1-1-0-1-0	0-0-0-1-2-2-0-2-0-1-1-1	2-1-0-0-1-2-1-1-0-0-0-1	0-1-1-0-1-0-0-0-0-1-1-1	0-1-4-1-0-1-1-0-2-2-1-1
430	2	2-2-2-2-2-2-2-2-2-2-2-2	3-2-2-1-2-3-0-3-2-3-2-3	0-3-1-4-1-3-3-4-2-3-2-3	4-3-0-3-1-1-3-1-1-2-4-1	1-0-1-1-3-1-3-3-3-2-4-1	3-1-4-2-2-0-3-1-2-2-1-2	1-2-2-2-3-2-2-2-2-2-1-1	2-1-3-3-1-2-2-4-4-2-1-2	2-4-3-2-1-1-2-3-1-2-1-3	1-2-0-2-1-1-1-2-2-3-2-1	2-2-2-0-1-0-0-2-2-1-1-2	0-2-2-2-2-2-2-2-1-1-1-1
430	3	3-3-3-3-3-3-3-3-3-3-3-3	2-3-3-1-2-2-0-2-2-2-3-2	1-3-2-2-1-2-4-2-2-2-4-4	2-2-4-2-1-1-2-1-4-3-2-1	1-0-1-3-2-4-2-2-2-3-2-1	2-1-2-2-2-1-2-3-2-3-1-3	1-1-3-7-2-3-2-2-3-4-1-1	3-1-2-2-3-2-3-2-2-3-1-2	3-3-4-2-3-3-3-2-4-1-5-2	4-1-3-4-1-2-2-3-4-2-2-1	4-2-4-3-3-0-3-2-2-2-5-2	4-2-2-4-3-3-5-3-3-3-3-4
430	4	4-4-4-4-4-5-4-4-4-3-5-5	5-5-4-1-5-4-0-5-2-2-3-5	1-4-2-2-5-4-5-4-5-5-5-4	2-5-3-2-1-2-5-1-5-5-2-0	1-0-1-8-2-3-5-4-5-0-2-1	1-1-2-2-4-0-5-2-4-4-5-3	1-6-4-0-2-4-5-5-4-3-1-2	3-1-0-3-1-2-4-2-2-4-2-4	4-2-3-2-5-1-0-2-3-5-3-4	3-1-4-3-1-4-8-4-3-2-4-6	3-4-10-4-5-0-3-5-2-1-3-2	3-8-1-3-0-3-2-8-4-3-5-3
430	5	5-5-4-4-4-4-5-5-5-5-4-4	4-4-3-5-4-4-6-4-7-4-6-4	0-5-6-5-6-7-6-6-4-4-4-6	6-6-5-5-6-6-4-5-4-4-4-6	6-0-6-6-2-3-6-6-4-6-6-6	6-6-6-5-5-6-6-5-4-4-5-6	5-4-4-6-2-5-4-4-2-5-6-5	2-6-3-6-2-5-4-3-6-5-5-3	6-2-4-5-5-5-6-6-5-4-7-5	5-6-5-3-6-4-5-4-5-6-5-4	4-2-5-4-4-5-6-4-5-5-5-2	4-5-6-5-5-5-3-5-4-5-4-5
430	6	6-7-6-4-4-6-6-6-6-6-6-6	4-7-4-5-6-4-5-7-5-4-5-7	10-6-5-5-5-2-5-5-6-7-7-5	5-5-5-5-5-5-7-5-7-7-7-5	5-0-5-5-2-7-5-5-6-5-5-5	5-5-7-5-6-5-7-6-6-6-4-5	5-6-6-5-10-6-6-7-6-6-5-6	6-5-0-5-6-6-6-6-5-6-5-6	5-6-2-7-6-6-5-5-6-4-6-6	7-5-5-6-5-5-5-7-5-5-5-6	5-6-5-7-10-6-6-0-5-5-6-2	6-5-5-5-5-6-6-6-6-5-7-6
430	7	6-6-6-8-6-6-5-8-7-6-7-6	4-6-6-7-6-4-8-6-5-6-6-6	8-7-8-5-7-7-8-7-7-6-6-7	8-7-5-5-5-5-6-5-6-6-6-7	1-8-7-7-7-6-8-7-6-7-7-7	8-7-6-7-7-10-6-7-7-4-1-5	7-6-6-8-7-7-4-6-2-6-8-6	8-6-8-5-6-10-6-9-7-7-7-8	7-7-7-8-8-7-7-8-7-7-5-7	6-5-8-7-8-5-6-6-7-8-8-1	8-7-5-6-7-7-8-7-8-5-9-2	7-5-7-5-7-5-7-7-7-7-4-3
430	8	6-10-10-8-8-6-8-10-8-10-9-4	6-6-4-9-9-10-7-9-9-9-9-7	7-8-7-10-8-9-7-7-7-8-7-8	7-7-9-9-9-9-6-8-9-8-8-7	9-7-9-9-9-8-7-9-9-8-9-5	9-8-9-5-7-7-9-8-4-4-9-9	10-9-6-7-8-8-9-7-9-6-7-9	7-9-9-8-9-8-6-10-8-7-7-7	7-7-2-9-10-8-9-7-8-10-9-8	7-8-8-9-7-9-9-9-8-7-7-8	7-8-8-6-4-7-7-9-7-7-8-2	4-8-7-5-7-5-8-4-6-8-4-9
430	9	9-9-8-10-9-6-9-6-9-9-8-10	10-6-6-8-8-10-10-8-8-8-8-10	7-10-10-8-8-8-8-7-9-8-7-8	8-9-8-8-8-8-10-8-8-8-8-7	8-10-8-8-8-9-10-8-8-9-9-10	8-8-8-9-7-9-8-8-9-4-8-9	8-8-6-9-9-9-8-10-9-6-8-8	7-8-8-8-8-10-6-9-9-7-7-9	9-7-2-8-8-8-9-9-6-8-8-8	6-8-9-8-7-9-8-8-9-9-7-8	9-9-9-6-4-8-9-9-9-5-9-2	9-10-7-7-6-9-8-9-9-6-4-10
430	10	10-10-10-10-10-10-10-10-10-10-10-10	9-6-10-9-10-9-9-8-8-10-8-9	9-9-9-8-8-10-10-10-9-8-10-9	8-10-10-8-10-10-9-10-10-10-10-7	8-9-10-10-9-10-9-10-10-10-8-9	10-10-10-10-10-7-10-10-10-10-10-10	8-10-10-10-6-10-8-9-10-10-8-10	10-8-8-10-10-9-6-8-8-10-10-7	9-10-10-10-8-10-10-9-10-8-8-8	10-10-10-10-10-4-10-5-10-10-10-10	7-10-10-10-6-10-7-10-10-10-10-10	10-10-10-3-10-10-10-7-10-10-10-9
431	0	0-0-0-0-0-0-0-0-0-0-0-0	0-0-0-0-0-0-0-0-0-0-0-0	0-0-0-0-0-0-0-0-0-0-0-0	0-0-0-0-0-0-0-0-0-0-0-0	0-0-0-0-0-0-0-0-0-0-0-0	0-0-0-0-0-0-0-0-0-0-0-0	0-0-0-0-0-0-0-0-0-0-0-0	0-0-0-0-0-0-0-0-0-0-0-0	0-0-0-0-0-0-0-0-0-0-0-0	0-0-0-0-0-0-0-0-0-0-0-0	0-0-0-0-0-0-0-0-0-0-0-0	0-0-0-0-0-0-0-0-0-0-0-0
431	1	1-1-0-0-1-0-0-0-1-0-0-1	0-0-0-0-0-0-0-0-0-0-0-0	3-0-0-0-0-0-2-0-0-0-0-0	2-0-1-0-0-2-1-1-0-0-0-7	0-0-3-0-3-0-2-0-0-0-1-0	0-3-0-0-0-0-1-0-0-0-0-1	2-0-0-7-4-1-0-0-1-0-0-0	1-0-0-1-1-3-0-0-1-1-0-0	0-1-1-2-0-0-1-1-0-1-1-0	0-0-1-1-1-0-0-0-1-1-2-0	0-1-0-0-0-1-0-0-7-1-1-1	1-1-1-1-0-0-1-0-0-1-1-0
431	2	3-3-2-2-2-2-2-3-2-2-3-3	3-3-2-0-3-3-3-3-3-2-3-3	2-2-3-3-3-3-3-0-3-3-4-3	3-3-3-3-0-1-3-4-3-3-3-1	4-0-1-3-9-3-3-2-3-3-3-1	3-1-3-2-5-5-2-3-2-3-4-3	2-2-2-2-3-2-3-3-3-5-1-2	2-2-3-1-2-4-3-3-1-2-3-3	2-2-3-2-2-4-8-3-3-3-2-4	3-7-2-2-3-3-2-3-1-5-1-2	2-3-6-5-5-3-0-4-1-2-3-2	3-11-2-1-2-4-4-4-4-2-3-4
431	3	2-2-2-2-2-2-2-2-2-2-2-2	2-2-2-3-2-2-4-3-2-2-4-4	1-4-4-2-5-2-4-4-2-2-2-4	4-2-2-2-3-4-2-6-2-2-4-1	5-0-1-5-1-2-4-4-2-2-2-3	2-1-2-3-2-6-4-2-2-2-5-2	3-6-2-1-2-3-2-2-2-2-4-3	2-3-4-3-3-1-2-2-8-2-2-2	3-1-2-3-4-2-1-4-2-2-4-2	7-4-3-2-4-2-5-2-8-1-6-4	4-2-4-0-2-3-4-2-7-4-2-3	2-3-6-1-3-2-5-2-2-3-2-2
431	4	2-2-2-2-2-2-2-2-2-2-2-2	2-2-2-3-2-2-5-7-4-5-3-3	1-3-3-3-3-7-3-5-2-7-2-3	3-5-5-5-3-3-2-3-2-2-3-1	2-4-3-2-5-3-5-3-4-2-2-3	3-5-6-2-4-6-5-2-4-4-12-4	3-4-2-4-5-3-2-5-4-2-3-5	2-3-3-5-3-2-2-5-5-2-6-2	4-1-4-4-3-2-4-3-2-2-3-2	3-3-3-2-3-3-5-2-3-1-4-3	3-2-4-0-4-4-3-2-4-3-2-4	4-4-3-1-4-2-2-2-2-3-2-2
431	5	2-5-5-5-2-2-6-2-2-2-2-2	4-7-6-3-2-2-4-6-2-4-3-7	1-4-4-3-3-4-6-7-2-7-6-6	4-4-4-4-3-3-2-3-5-6-6-1	3-0-3-3-4-7-4-4-4-2-7-3	2-4-4-2-2-2-6-6-4-5-3-5	3-5-8-4-4-2-6-6-5-2-3-4	6-3-3-4-3-5-2-4-6-6-2-2	5-1-4-4-5-2-2-3-3-6-6-2	2-3-3-7-3-7-6-2-3-2-3-3	2-4-7-2-6-8-0-4-3-6-2-6	2-4-3-4-3-2-3-2-12-4-2-2
431	6	6-2-6-6-2-7-6-2-7-6-2-6	2-7-5-3-2-2-2-5-2-4-3-5	1-6-7-5-5-4-5-7-2-4-7-5	4-4-7-4-3-4-6-3-7-5-5-1	3-0-3-9-4-5-6-6-7-2-2-3	3-4-4-2-6-3-7-5-6-6-11-4	3-5-5-1-4-6-7-7-6-6-3-3	5-4-3-5-4-2-6-4-5-5-4-2	2-1-7-4-6-2-2-3-7-6-5-2	3-3-6-5-3-6-5-7-3-2-3-3	3-2-7-6-5-4-0-0-3-5-2-5	2-3-3-1-3-2-3-2-5-2-2-7
431	7	6-7-8-6-7-6-6-8-6-7-7-6	8-5-5-3-6-2-8-8-8-4-8-5	8-8-8-8-8-4-8-8-8-5-6-8	8-8-6-7-8-8-6-8-6-6-4-1	8-12-1-8-4-5-8-8-6-8-8-8	8-8-8-2-6-9-6-7-6-6-4-8	3-3-5-1-8-2-6-8-6-2-8-8	2-8-3-8-7-7-6-6-4-6-7-2	4-1-6-4-7-2-1-8-6-8-9-7	3-8-3-5-8-5-7-6-7-2-8-8	4-2-6-9-2-9-0-0-3-8-2-4	6-7-7-7-3-7-2-2-5-7-2-6
431	8	8-8-7-8-10-8-8-8-9-8-8-7	7-9-8-7-9-9-7-7-7-4-7-9	7-7-7-7-7-9-7-8-7-9-9-7	7-7-7-7-7-7-9-7-9-8-8-1	7-1-1-7-10-9-7-7-9-8-7-7	7-7-7-8-12-0-9-8-8-5-6-8	3-12-5-1-8-8-6-7-6-8-7-7	2-7-7-7-7-7-12-8-3-6-2-2	8-2-4-4-6-2-2-7-12-7-7-8	3-7-8-7-7-7-7-8-3-2-7-7	4-2-6-0-13-5-0-0-3-7-2-8	2-7-7-1-3-8-8-2-6-2-2-8
431	9	9-9-8-8-8-9-8-8-8-13-8-10	9-8-8-3-8-10-10-9-13-4-10-9	9-9-10-7-9-10-10-9-10-10-8-9	10-9-10-7-7-7-9-7-8-10-8-10	7-13-1-7-12-8-8-8-8-9-9-9	0-9-8-9-9-12-8-7-9-5-0-9	9-8-8-1-9-9-6-8-6-2-9-2	12-8-10-8-8-10-8-8-3-9-9-12	9-12-9-9-3-2-10-10-8-2-7-8	6-3-3-10-11-6-2-8-9-12-10-7	10-2-6-10-2-12-12-9-10-7-2-4	9-7-9-1-9-2-2-9-9-9-2-2
431	10	11-11-11-13-11-11-12-12-13-12-12-13	11-11-12-11-12-11-11-9-11-11-11-11	10-9-9-13-11-11-9-9-11-11-9-11	11-9-12-11-7-9-11-7-11-12-10-9	11-9-10-12-11-10-11-10-10-11-12-10	10-11-7-10-11-11-10-11-11-10-3-10	9-11-10-10-12-10-11-11-12-12-11-13	11-8-11-11-11-11-8-12-3-12-9-9	10-11-11-9-13-12-13-9-11-12-11-11	11-13-10-13-12-11-10-12-11-11-9-11	9-12-12-9-12-11-9-13-9-11-11-4	11-12-10-13-11-11-12-11-10-10-2-11
431	11	10-10-10-10-10-10-10-10-10-10-10-10	10-10-10-10-10-10-10-13-10-10-10-10	9-10-10-10-10-10-11-10-10-10-11-10	12-9-10-10-11-12-10-7-10-10-11-1	10-9-7-12-9-11-12-12-12-12-10-11	12-10-11-11-10-9-11-10-10-10-4-10	11-10-10-11-10-10-6-10-10-10-11-11	10-11-10-11-11-10-8-10-4-10-11-9	11-10-12-4-9-10-11-11-10-10-11-10	10-11-11-10-12-10-12-11-10-10-7-10	10-10-10-9-5-10-9-10-11-11-10-12	10-10-10-1-10-10-10-10-5-9-2-10
431	12	10-10-10-10-10-10-10-10-10-10-10-10	10-10-10-3-10-10-10-11-10-10-10-10	9-10-10-10-11-11-10-10-10-10-10-11	11-12-10-10-11-11-10-7-10-10-11-12	11-12-13-10-9-12-11-11-11-11-10-11	11-12-11-12-8-9-11-10-10-10-4-13	13-10-10-12-10-12-6-10-10-10-11-11	10-12-10-12-11-9-8-10-4-10-12-9	12-10-11-12-12-10-11-11-10-10-12-10	10-11-12-10-11-11-11-10-9-9-12-12	12-10-10-9-10-9-9-12-12-11-10-12	10-12-9-12-12-10-10-10-5-9-2-10
431	13	13-10-13-10-13-10-10-13-10-10-13-10	10-10-13-10-10-10-10-11-10-13-10-10	9-13-13-10-13-11-13-10-10-13-13-13	12-13-13-13-13-13-10-13-13-13-13-12	10-9-13-13-13-13-12-12-10-13-10-7	13-13-13-13-13-9-13-13-13-13-13-12	12-13-13-13-10-13-10-10-13-13-10-10	13-12-7-12-13-9-13-10-12-10-10-13	10-13-13-13-10-10-10-10-13-10-12-10	10-10-13-10-13-10-13-10-13-13-13-13	9-13-13-9-8-10-10-10-13-13-10-13	10-13-13-10-10-13-13-10-13-13-13-10
432	0	0-0-0-0-0-0-0-0-0-0-0-0	0-0-0-0-0-0-0-0-0-0-0-0	0-0-0-0-0-0-0-0-0-0-0-0	0-0-0-0-0-0-0-0-0-0-0-0	0-0-0-0-0-0-0-0-0-0-0-0	0-0-0-0-0-0-0-0-0-0-0-0	0-0-0-0-0-0-0-0-0-0-0-0	0-0-0-0-0-0-0-0-0-0-0-0	0-0-0-0-0-0-0-0-0-0-0-0	0-0-0-0-0-0-0-0-0-0-0-0	0-0-0-0-0-0-0-0-0-0-0-0	0-0-0-0-0-0-0-0-0-0-0-0
432	1	1-1-1-1-1-1-1-1-1-2-1-1	2-1-1-2-2-2-2-1-1-2-2-2	1-2-2-2-1-2-2-0-2-1-4-2	0-0-2-2-0-0-2-1-1-2-1-0	1-0-1-0-1-1-1-1-1-2-2-0	2-2-2-1-2-0-1-2-1-1-8-2	1-1-1-1-1-1-2-2-2-1-1-2	1-1-2-1-1-2-2-1-1-1-2-1	1-0-1-2-3-3-10-1-1-1-1-3	2-1-1-3-3-2-4-1-1-1-0-1	3-2-2-0-2-1-0-1-0-1-3-1	2-1-1-1-1-2-3-4-2-1-2-1
432	2	1-1-1-1-1-1-1-1-1-1-1-1	1-1-1-3-1-1-1-1-1-1-1-1	5-3-3-1-4-3-3-3-1-3-1-4	3-2-1-5-2-3-1-5-4-1-3-0	4-0-3-2-0-2-2-2-2-1-1-4	1-1-1-2-1-0-3-1-1-1-2-1	2-1-1-1-2-1-1-1-1-1-2-1	1-3-3-2-2-1-1-3-2-1-3-1	0-0-1-2-0-1-0-3-1-2-2-2	1-2-1-1-1-3-2-1-4-1-0-1	0-1-1-1-1-2-0-1-0-1-1-2	1-2-4-2-1-1-1-0-1-1-1-1
432	3	1-1-1-1-1-1-1-1-3-1-1-3	1-1-1-2-1-1-1-3-3-4-2-3	0-2-2-2-2-5-2-2-1-4-2-2	2-4-4-2-2-2-1-2-2-3-2-0	2-3-2-2-5-2-4-4-3-3-2-2	1-4-5-4-1-0-4-1-3-3-2-3	3-1-1-3-4-3-1-1-3-1-2-5	3-2-2-4-3-1-1-2-4-1-5-1	3-0-3-3-1-1-3-2-1-1-2-1	3-3-1-1-1-2-3-1-1-1-2-1	1-1-1-0-3-3-0-3-3-4-1-3	1-3-2-3-3-1-1-1-1-3-1-1
432	4	4-4-4-4-4-4-5-4-1-4-4-4	1-6-4-2-1-1-1-5-3-3-3-3	0-4-2-1-2-3-5-2-5-5-5-2	2-3-3-2-2-3-1-2-5-4-3-0	2-0-2-2-3-5-3-3-3-4-1-2	1-3-3-3-4-0-5-4-4-4-1-4	2-4-4-6-3-4-4-5-4-7-2-5	1-2-3-3-1-1-4-3-3-4-3-0	3-0-3-3-4-1-0-2-2-5-2-4	5-3-4-1-5-1-1-4-5-6-0-1	0-1-1-5-1-3-0-3-3-3-1-3	1-3-2-3-1-1-1-4-1-1-4-5
432	5	4-5-5-5-5-5-4-5-5-6-5-4	1-6-6-2-5-1-7-4-4-3-2-6	2-5-3-3-2-3-4-5-4-4-4-2	2-3-6-2-2-3-7-2-4-4-6-0	2-0-2-2-3-4-4-5-6-6-1-2	2-3-3-0-5-0-6-6-5-5-6-4	2-1-4-0-3-5-5-4-7-4-2-6	1-7-3-3-3-6-5-6-3-4-3-1	3-0-3-3-7-1-3-6-8-5-5-4	9-3-5-6-4-6-6-8-4-1-0-6	6-1-1-4-6-1-0-6-6-3-1-3	5-6-2-3-6-1-1-6-5-7-4-4
432	6	7-7-7-7-7-5-7-7-7-7-7-7	7-4-5-7-8-7-8-7-7-3-7-7	6-7-7-8-6-8-7-7-7-7-7-7	7-6-7-7-7-7-5-7-7-7-5-6	7-6-7-8-8-4-7-7-5-7-7-7	7-7-7-10-5-8-5-7-5-5-7-8	7-6-1-7-3-6-5-6-5-8-7-7	3-5-7-7-7-7-5-7-10-7-7-9	7-7-3-3-6-7-7-7-8-7-8-4	5-7-8-7-7-5-7-7-7-7-7-5	7-1-7-8-7-8-5-5-7-6-6-3	10-5-6-7-7-7-6-6-7-9-7-6
432	7	6-6-7-6-6-6-6-6-6-6-6-6	6-9-5-6-6-6-6-6-6-7-6-6	6-6-6-6-6-6-6-6-6-8-8-6	6-7-6-6-6-6-5-6-8-6-8-6	6-6-6-6-9-8-6-6-8-6-6-6	6-6-8-6-7-6-8-6-5-7-6-7	6-6-1-6-10-4-8-8-5-4-6-9	1-8-6-6-6-6-8-6-3-6-6-0	6-6-3-3-6-6-6-6-10-6-7-4	8-6-6-6-6-6-6-6-6-6-6-4	6-7-6-5-6-6-0-7-6-6-8-7	7-8-6-6-6-6-1-7-6-8-6-8
432	8	6-7-8-7-6-8-8-7-6-7-7-7	6-7-5-8-6-7-9-6-6-7-6-10	8-9-9-6-8-6-7-9-9-7-7-8	8-8-6-6-6-9-10-6-7-7-9-6	6-9-6-6-8-7-9-6-7-8-8-8	1-8-7-6-9-8-7-6-7-5-1-6	8-1-8-6-8-8-7-9-5-6-9-7	1-7-7-6-6-8-7-6-6-8-8-9	8-9-3-8-9-8-8-7-6-1-6-8	5-8-6-9-6-6-6-7-8-9-10-4	8-1-8-8-6-6-10-8-7-6-7-3	8-7-8-6-6-1-1-8-8-7-6-7
432	9	6-10-10-10-10-8-10-10-10-10-10-10	10-7-5-10-6-10-8-10-10-8-10-10	9-8-8-10-9-10-9-8-8-7-6-9	8-8-8-10-6-8-8-6-7-7-8-6	9-8-10-8-7-9-10-9-7-9-9-6	9-8-5-9-8-6-7-8-5-9-5-9	8-9-9-7-8-9-7-8-5-9-10-10	8-5-8-6-9-10-7-6-3-8-8-8	10-8-9-8-6-9-9-8-6-7-10-8	5-9-6-10-9-5-5-9-8-8-8-9	9-8-8-8-5-8-8-9-9-6-7-7	10-10-9-6-9-1-9-8-8-7-9-7
432	10	10-10-10-10-10-10-9-10-10-9-10-10	9-7-10-9-10-9-9-9-9-10-9-8	8-8-9-9-10-9-9-10-8-10-10-10	9-10-10-10-10-10-8-10-10-10-10-6	10-8-10-10-10-10-9-10-7-10-2-6	10-10-10-6-10-6-10-10-10-10-10-10	6-10-10-10-7-10-10-10-10-10-9-9	10-10-6-10-10-9-10-6-6-10-9-8	9-10-10-10-9-10-10-5-10-1-6-8	5-10-10-10-10-5-10-9-10-10-10-10	9-10-10-8-10-8-8-9-10-10-10-10	9-9-10-5-6-10-10-0-10-10-10-7
433	0	0-0-0-0-0-0-0-0-0-0-0-0	0-0-0-0-0-0-0-0-0-0-0-0	0-0-0-0-0-0-0-0-0-0-0-0	0-0-0-0-0-0-0-0-0-0-0-0	0-0-0-0-0-0-0-0-0-0-0-0	0-0-0-0-0-0-0-0-0-0-0-0	0-0-0-0-0-0-0-0-0-0-0-0	0-0-0-0-0-0-0-0-0-0-0-0	0-0-0-0-0-0-0-0-0-0-0-0	0-0-0-0-0-0-0-0-0-0-0-0	0-0-0-0-0-0-0-0-0-0-0-0	0-0-0-0-0-0-0-0-0-0-0-0
433	1	1-1-1-1-1-1-1-1-2-1-1-1	2-0-0-2-0-2-2-2-2-1-2-2	1-2-2-1-1-2-2-2-0-0-2-1	2-1-2-1-2-2-0-1-0-0-0-2	1-2-2-1-2-0-2-2-0-1-1-1	2-2-1-1-1-2-0-2-0-0-0-0	2-0-1-2-1-0-1-2-0-1-2-0	1-1-2-2-1-0-0-0-2-0-2-2	1-1-1-2-1-1-2-0-2-1-1-2	2-2-0-2-2-2-2-1-2-2-2-0	2-2-1-1-2-1-2-2-2-2-1-1	2-0-1-2-2-2-2-2-2-2-1-1
433	2	2-2-2-2-2-1-2-2-1-1-2-2	1-3-2-1-1-1-1-1-1-2-1-1	1-1-1-1-1-1-1-1-1-3-1-3	1-1-1-1-1-1-3-1-3-3-3-1	2-1-1-0-1-3-1-1-3-2-2-1	1-1-0-2-1-1-3-1-2-2-3-2	1-3-2-1-2-2-2-1-2-4-1-3	3-2-1-1-2-1-3-0-1-3-1-1	2-1-1-1-1-1-1-1-1-2-1-1	1-1-2-3-1-2-1-2-1-1-1-2	1-3-2-0-1-1-1-1-1-1-2-2	1-2-1-1-1-1-1-1-1-1-5-3
433	3	4-3-3-5-3-4-4-3-3-3-3-5	4-2-2-3-4-4-1-3-1-4-3-4	3-3-4-3-3-4-3-4-3-3-4-3	4-3-4-4-3-3-2-3-2-2-2-6	4-13-1-4-16-2-4-3-2-3-3-3	3-1-0-4-4-9-2-4-2-0-13-4	2-2-3-11-3-4-4-4-2-3-13-4	3-1-1-2-1-4-2-0-1-4-3-9	3-4-1-3-3-7-9-4-4-1-3-3	3-1-0-2-4-13-3-3-3-4-6-2	4-2-3-5-2-13-6-4-4-10-3-3	6-1-7-1-3-2-2-10-1-6-6-2
433	4	3-2-3-3-3-3-3-3-4-3-3-3	3-2-2-5-3-3-3-5-3-3-6-3	6-5-3-5-5-5-5-3-3-4-5-5	5-3-5-5-5-5-0-5-5-2-5-3	6-3-5-5-5-4-3-5-4-5-5-5	5-3-4-3-3-5-4-5-2-0-10-3	5-4-4-1-4-3-3-3-2-2-3-3	3-5-11-4-4-3-2-5-4-3-3-3	3-3-1-7-5-3-3-4-3-5-5-3	8-8-2-5-5-5-3-3-4-3-3-5	3-4-3-3-9-3-3-3-1-4-4-3	3-4-4-1-3-1-4-1-2-3-2-2
433	5	3-5-3-3-5-3-3-6-6-5-6-3	7-2-2-4-3-3-3-6-5-6-4-4	8-4-4-4-4-8-4-3-3-6-4-4	4-6-6-4-4-4-5-4-4-5-4-3	4-3-4-4-6-4-6-4-5-5-7-4	4-6-6-3-3-4-5-6-5-5-12-5	7-5-8-5-6-5-5-4-8-6-4-8	3-4-6-6-5-5-5-6-6-3-5-3	5-6-5-5-4-8-5-5-7-5-4-5	5-5-5-6-4-4-5-5-3-3-5-4	5-8-2-3-8-5-3-5-5-6-5-5	3-5-5-5-1-5-4-1-1-3-2-5
433	6	6-7-6-6-3-3-6-5-6-6-5-6	3-7-6-4-7-7-3-7-5-5-4-7	4-6-7-4-4-5-7-7-5-5-7-4	5-5-5-4-4-4-8-4-6-6-5-3	4-3-4-6-5-7-5-5-7-8-5-4	4-5-5-3-3-4-7-5-6-5-0-6	5-5-6-3-5-0-6-8-2-5-4-5	10-4-5-5-4-3-6-5-5-7-5-3	6-5-5-5-9-5-3-7-7-5-6-6	5-1-2-5-7-5-5-6-7-3-3-4	8-7-16-6-5-3-7-1-1-5-5-5	3-5-3-7-1-1-4-6-1-3-11-8
433	7	7-6-6-7-8-7-7-7-6-7-7-7	5-6-7-4-6-6-3-6-5-5-4-6	4-7-6-4-4-5-6-6-6-7-8-6	5-8-8-5-4-4-6-4-8-8-6-3	4-3-4-8-5-6-8-7-6-7-5-4	4-6-5-3-8-4-8-8-5-8-0-5	5-4-8-1-5-0-6-8-2-7-3-6	3-6-6-6-7-3-6-8-5-6-3-3	6-5-8-5-10-3-3-6-8-7-8-6	1-1-7-8-8-5-11-7-6-3-1-4	1-6-3-8-8-8-6-9-1-5-5-6	6-5-3-6-1-1-5-1-11-8-6-12
433	8	5-7-9-10-8-7-9-6-8-7-8-7	9-6-7-4-6-9-9-9-9-5-9-6	9-8-10-9-9-5-9-9-8-5-7-9	8-9-9-8-9-9-6-9-7-7-5-10	9-1-10-9-5-6-9-9-7-9-9-8	9-9-9-3-7-3-7-5-5-5-9-10	5-6-7-1-5-5-6-9-5-7-9-5	3-9-5-9-5-3-6-9-5-3-8-3	9-5-16-5-10-5-5-9-7-9-9-6	4-4-11-8-9-4-8-6-9-3-8-4	9-5-6-7-5-11-3-8-9-4-5-5	9-8-8-8-9-8-5-3-7-7-6-6
433	9	9-9-8-9-9-9-9-9-6-9-9-9	9-12-10-4-6-11-8-10-8-10-8-8	8-9-8-8-8-10-8-8-10-10-10-8	8-8-8-8-8-8-10-8-10-7-10-8	8-3-8-8-4-10-10-8-9-9-8-8	8-8-11-9-12-3-8-9-9-9-8-9	8-11-9-1-11-9-7-8-11-12-8-9	9-11-16-8-10-3-9-8-5-3-8-3	8-9-9-11-7-9-3-8-10-8-8-10	9-8-9-8-8-8-8-6-8-3-8-12	8-9-12-7-4-8-3-8-8-5-9-9	9-5-8-8-8-8-4-9-7-8-6-9
433	10	10-10-10-11-11-9-9-12-10-13-9-9	9-9-9-4-10-12-10-9-8-11-12-11	8-9-8-8-11-9-9-12-10-9-9-11	10-11-11-8-8-8-9-8-11-11-9-8	8-3-8-11-5-9-9-9-11-9-11-8	4-10-9-9-10-3-11-9-10-0-10-8	5-11-9-1-9-5-7-11-10-12-8-5	6-9-11-9-9-10-9-8-5-11-8-3	8-10-5-6-8-9-16-11-9-7-9-9	9-5-8-11-12-4-10-6-10-3-8-4	1-6-11-10-11-10-3-3-1-8-10-5	9-10-8-8-1-12-9-3-7-12-6-10
433	11	9-9-13-13-9-9-11-13-13-11-11-13	14-9-7-4-6-13-12-12-12-12-8-10	12-12-12-8-10-12-10-10-12-10-10-10	12-12-12-10-8-11-9-8-10-10-9-13	8-14-13-10-12-9-10-11-10-11-10-11	14-11-9-12-9-11-10-9-10-5-14-12	11-10-9-14-9-12-7-10-12-11-8-11	3-9-14-11-11-11-9-8-11-11-8-3	11-11-12-9-4-12-11-10-13-11-9-9	11-11-8-10-10-4-10-7-12-11-8-4	11-5-10-10-10-16-3-11-11-14-11-11	11-10-11-11-11-11-4-11-7-7-6-9
433	12	9-13-14-13-12-9-12-9-13-13-12-13	14-9-9-14-6-10-11-11-13-11-14-10	11-11-11-13-13-13-13-10-13-13-10-13	11-11-11-13-13-13-12-8-10-11-12-11	13-11-11-13-11-12-13-13-11-12-10-13	13-11-13-12-9-11-13-12-10-5-15-11	15-10-7-11-13-11-7-13-11-9-15-12	12-12-11-12-13-11-9-16-11-10-14-3	12-11-13-13-16-11-11-13-11-8-12-9	11-12-12-11-10-12-13-6-11-11-13-9	15-5-12-7-10-12-3-12-11-13-11-12	11-12-11-11-12-11-12-3-7-10-6-7
433	13	13-13-11-13-16-13-13-13-12-12-13-11	13-15-14-12-13-11-12-14-12-14-14-12	11-13-12-12-12-12-12-10-13-14-14-14	12-12-11-12-12-12-13-8-13-10-14-11	12-3-11-12-11-14-14-14-13-13-10-12	12-11-12-13-13-3-12-13-13-15-15-13	11-15-9-11-14-14-13-12-10-13-3-12	14-12-11-12-12-11-9-9-11-13-12-3	11-11-12-12-14-14-11-12-11-8-12-13	11-12-13-12-14-12-12-7-11-11-14-15	3-13-14-13-14-3-3-12-11-12-11-12	9-12-11-11-12-14-12-15-15-3-13-10
433	14	14-14-16-16-15-13-12-16-12-16-14-16	13-13-13-12-15-15-14-13-12-15-13-16	11-11-11-12-15-11-13-15-14-15-13-13	12-15-15-15-12-12-13-12-15-15-13-11	12-11-11-15-11-13-13-13-15-13-15-12	11-11-13-13-14-11-15-13-13-0-11-13	11-15-9-11-13-11-13-15-14-14-11-12	13-12-11-13-12-11-9-9-11-15-12-3	12-11-12-12-13-14-11-15-13-7-13-9	11-12-12-15-15-13-12-6-11-11-13-13	11-6-13-13-14-14-13-11-11-11-14-12	11-14-11-11-12-11-12-3-7-15-2-14
433	15	15-15-16-16-16-16-16-16-16-16-16-16	16-13-13-16-16-16-16-16-16-16-16-16	15-15-16-12-14-16-15-16-16-14-16-14	16-14-15-14-12-12-15-8-14-14-13-11	12-11-15-14-11-13-15-15-14-16-14-14	12-15-14-15-15-11-14-16-13-13-12-15	12-14-9-11-16-15-13-14-14-16-12-12	13-13-12-15-12-11-9-9-11-14-15-3	15-11-15-15-15-15-15-14-13-15-12-9	11-15-12-14-14-12-14-7-11-11-12-13	15-5-13-13-15-16-11-15-15-15-14-12	11-14-15-15-15-11-15-15-13-14-6-9
433	16	16-16-15-16-16-16-15-16-16-15-16-15	15-13-16-15-16-15-15-15-15-16-15-15	15-15-16-12-16-16-16-16-15-16-15-15	15-16-15-16-16-16-15-16-16-16-16-8	12-11-11-16-16-16-15-16-14-16-12-8	16-16-14-14-16-3-14-16-16-16-16-15	15-16-16-16-15-16-13-15-16-15-15-12	16-16-9-15-16-15-9-15-15-15-15-16	15-16-15-16-12-16-16-8-16-15-12-15	11-16-16-16-16-4-16-15-15-16-16-16	15-16-6-13-7-11-16-16-16-15-16-16	15-16-16-11-12-16-16-15-16-16-16-16
434	0	0-0-0-0-0-0-0-0-0-0-0-0	0-0-0-0-0-0-0-0-0-0-0-0	0-0-0-0-0-0-0-0-0-0-0-0	0-0-0-0-0-0-0-0-0-0-0-0	0-0-0-0-0-0-0-0-0-0-0-0	0-0-0-0-0-0-0-0-0-0-0-0	0-0-0-0-0-0-0-0-0-0-0-0	0-0-0-0-0-0-0-0-0-0-0-0	0-0-0-0-0-0-0-0-0-0-0-0	0-0-0-0-0-0-0-0-0-0-0-0	0-0-0-0-0-0-0-0-0-0-0-0	0-0-0-0-0-0-0-0-0-0-0-0
434	1	1-1-1-1-1-1-1-1-1-1-1-1	1-2-1-0-1-1-0-0-1-1-0-0	0-0-0-0-0-0-2-0-0-1-2-0	0-0-0-0-0-0-2-0-0-2-0-0	0-0-0-0-0-1-0-0-1-0-0-0	0-0-0-0-0-0-2-0-1-1-10-2	0-1-2-1-0-1-2-0-1-1-0-1	1-1-0-1-1-3-3-1-0-1-0-0	0-0-0-0-2-1-1-0-3-1-1-0	0-0-1-3-1-0-0-3-0-1-0-0	0-1-1-1-3-0-0-0-0-0-1-1	0-0-0-0-4-1-0-0-0-0-1-1
434	2	2-2-2-2-2-2-2-2-2-2-2-2	2-1-1-2-1-1-0-2-1-1-2-3	0-3-3-4-3-3-3-3-2-2-1-3	3-0-3-2-3-3-1-5-3-1-3-0	4-0-0-3-0-3-2-2-2-1-4-3	3-3-3-2-2-0-3-3-1-2-2-1	2-1-1-2-2-2-2-3-1-2-2-4	2-2-3-2-2-0-1-3-2-2-3-0	0-0-0-2-3-1-3-3-4-2-2-2	2-2-1-1-3-3-2-2-5-0-3-3	0-1-0-0-2-2-0-3-0-2-2-2	0-2-2-2-2-1-2-0-0-0-1-1
434	3	3-3-2-3-3-3-3-3-3-3-3-3	4-1-1-2-3-4-4-4-3-4-2-3	0-4-2-2-2-8-2-4-2-2-4-2	2-4-4-2-2-2-1-2-2-3-2-0	2-3-3-2-4-2-4-2-3-3-5-2	2-4-5-4-3-0-4-2-3-3-11-3	2-3-3-3-4-3-4-4-3-4-2-6	3-2-2-4-2-1-1-2-11-0-2-0	3-0-3-4-2-5-3-2-1-2-2-2	2-3-3-1-2-2-4-4-0-4-2-2	3-3-3-0-4-3-0-2-6-4-4-3	5-3-2-3-3-3-2-0-1-4-1-1
434	4	4-4-4-4-3-4-4-4-4-4-5-4	3-4-5-2-3-4-3-5-3-3-3-5	2-3-2-2-2-3-5-6-2-6-5-5	2-3-3-2-2-2-5-2-2-5-6-0	2-7-0-2-3-5-3-5-3-4-6-2	2-3-2-3-3-0-5-5-3-4-2-3	2-4-5-3-3-4-3-3-4-4-2-2	5-2-2-3-2-4-4-2-5-5-3-0	4-0-3-3-4-3-5-2-2-2-5-3	3-2-4-6-7-4-5-3-0-3-0-5	4-3-3-4-5-4-0-3-3-5-3-5	6-3-2-3-1-4-2-4-8-3-4-1
434	5	5-5-5-5-5-5-5-4-7-5-5-5	4-6-4-2-7-6-7-7-3-3-6-4	0-5-2-2-6-3-4-7-6-3-6-4	2-7-6-2-2-3-5-2-6-4-4-0	2-0-0-2-3-4-5-6-6-3-3-2	2-3-3-3-5-0-6-4-5-5-7-3	2-4-4-3-3-5-5-6-5-5-2-5	4-3-2-4-3-0-7-3-4-4-3-0	6-0-4-3-5-3-5-2-5-9-4-3	7-2-5-8-5-5-4-6-2-10-7-4	3-3-6-6-4-4-0-3-13-4-3-4	3-3-2-3-3-5-2-4-4-4-6-9
434	6	5-4-5-6-5-6-5-6-5-6-6-6	8-4-4-7-8-6-4-8-8-8-6-7	3-6-7-9-5-10-7-4-5-4-5-6	7-7-5-7-2-3-7-7-5-4-4-0	7-4-0-7-0-4-7-5-5-4-7-2	3-3-7-3-5-0-5-6-5-6-5-3	2-6-1-3-3-3-5-5-5-5-2-7	4-2-2-3-6-0-5-7-3-4-8-0	3-0-3-6-3-8-3-7-8-8-6-6	5-3-6-4-8-8-6-5-0-0-3-4	6-7-5-4-5-7-0-3-3-3-8-3	6-8-6-3-3-6-6-7-4-6-5-1
434	7	7-7-5-7-8-7-5-7-5-8-7-6	6-4-4-6-5-6-9-8-6-3-6-6	0-8-7-8-6-6-8-9-8-9-9-8	6-9-8-6-9-9-6-6-6-9-4-0	6-4-2-8-3-4-6-5-8-8-6-2	6-4-8-9-7-0-5-6-7-7-5-6	2-7-7-3-3-7-7-5-7-10-2-8	4-7-3-6-6-8-5-6-3-7-8-0	3-0-3-3-3-6-3-6-6-6-7-6	8-3-6-6-8-6-5-11-7-0-5-7	3-6-6-5-8-6-0-3-3-3-6-3	6-4-6-3-5-6-8-6-4-6-5-1
434	8	8-14-9-9-3-5-8-8-8-7-8-9	6-4-4-9-6-5-7-7-6-3-9-9	9-7-9-7-9-3-9-9-7-7-7-7	9-9-9-7-9-9-5-11-6-4-4-0	9-0-9-9-3-4-9-9-7-7-8-8	3-9-9-7-7-10-4-6-5-7-3-9	2-7-7-3-9-8-5-9-7-8-2-9	3-8-14-9-6-7-5-8-3-14-7-0	3-0-3-9-8-6-3-9-6-6-8-6	7-3-8-5-9-6-9-5-8-0-8-8	0-6-5-5-7-8-0-3-0-3-6-3	6-6-6-3-8-6-7-0-4-8-5-1
434	9	9-9-8-8-9-9-9-9-9-9-9-9	11-11-9-8-6-6-7-9-6-3-8-8	8-9-8-8-8-11-8-8-12-10-7-10	8-9-9-8-8-7-9-8-10-10-9-0	8-0-8-8-8-9-8-8-10-7-8-8	9-8-8-7-11-8-10-9-9-9-5-9	2-10-9-3-9-9-13-8-7-9-2-8	9-8-8-8-9-13-11-13-3-9-14-13	8-10-3-8-9-10-14-8-6-5-5-9	10-2-9-14-10-6-8-9-8-14-14-9	10-6-5-11-12-12-10-9-13-3-6-3	9-14-6-10-9-9-7-9-9-8-9-5
434	10	12-12-14-11-10-14-13-14-11-14-11-12	12-9-11-12-11-11-11-12-11-11-11-11	11-11-11-10-10-11-10-11-11-11-12-11	11-11-11-12-8-10-14-8-9-9-9-14	9-14-8-8-11-10-11-11-9-10-10-8	10-11-9-13-9-14-9-9-9-9-5-9	12-9-10-3-10-9-12-11-7-9-11-11	10-8-11-9-9-11-12-9-3-11-11-11	10-11-10-8-8-10-12-11-6-10-8-14	11-11-9-11-11-11-14-12-11-11-12-8	11-12-13-13-11-11-11-12-11-14-6-10	13-10-10-11-11-11-7-12-11-12-10-14
434	11	10-10-10-10-10-10-10-14-10-10-10-10	10-9-10-10-10-10-10-10-10-10-10-10	10-10-10-13-12-10-10-10-10-10-10-10	10-10-10-7-12-12-10-8-6-9-12-0	12-10-12-12-10-11-12-12-9-7-11-8	14-10-12-11-9-10-12-9-10-9-3-12	14-11-9-3-10-13-5-10-7-14-10-11	11-11-10-11-11-10-9-14-3-10-12-10	10-10-12-11-14-6-10-12-6-10-12-6	10-3-13-10-12-10-12-7-10-10-10-11	10-14-10-9-10-10-10-10-10-10-6-3	10-6-10-10-10-9-7-10-10-10-11-10
434	12	10-10-10-14-10-10-10-10-10-10-10-10	10-9-9-10-10-10-10-10-10-10-10-10	10-11-11-10-13-10-12-10-10-12-13-13	11-13-13-13-11-11-10-8-12-13-11-10	11-10-11-13-11-13-13-11-13-12-13-8	13-13-13-11-9-10-13-9-12-9-4-11	11-11-9-12-14-9-12-13-12-9-11-13	10-11-12-11-11-10-10-9-3-10-11-10	10-10-11-11-11-6-10-13-6-14-11-9	10-3-11-13-11-5-11-9-11-10-10-11	10-12-10-12-12-10-10-10-10-12-13-13	9-12-10-12-10-10-7-10-10-10-5-10
434	13	10-10-10-10-10-14-10-10-10-10-10-14	10-9-10-10-10-10-10-10-10-10-10-10	10-13-11-11-12-10-13-10-13-12-12-12	14-12-12-12-11-11-10-8-12-12-11-13	11-13-14-12-12-12-12-11-12-13-12-8	12-12-12-10-9-10-12-10-9-9-5-11	14-12-10-13-12-11-13-12-12-7-11-12	3-8-11-11-13-9-10-9-10-10-11-10	13-10-12-11-9-13-13-12-6-10-11-9	14-3-13-12-11-5-12-10-10-9-11-11	13-11-10-10-10-10-10-10-13-13-12-12	14-12-13-13-13-13-11-13-10-13-10-10
434	14	14-14-14-14-14-14-10-14-14-10-14-14	10-9-14-10-10-10-13-10-10-14-10-10	10-13-14-8-14-14-14-14-13-14-14-12	13-14-12-14-14-14-10-8-14-14-14-10	14-10-14-14-14-14-13-14-14-14-8-8	14-14-14-14-14-10-14-14-14-14-14-14	11-14-14-14-12-14-14-12-14-14-10-14	14-11-8-14-14-10-14-11-8-14-12-10	3-10-14-14-11-14-14-11-14-12-11-10	13-14-14-14-14-6-14-10-14-14-11-14	10-14-14-9-9-10-10-10-14-10-14-14	13-14-14-13-10-14-14-10-14-14-14-10
435	0	0-0-0-0-0-0-0-0-0-0-0-0	0-0-0-0-0-0-0-0-0-0-0-0	0-0-0-0-0-0-0-0-0-0-0-0	0-0-0-0-0-0-0-0-0-0-0-0	0-0-0-0-0-0-0-0-0-0-0-0	0-0-0-0-0-0-0-0-0-0-0-0	0-0-0-0-0-0-0-0-0-0-0-0	0-0-0-0-0-0-0-0-0-0-0-0	0-0-0-0-0-0-0-0-0-0-0-0	0-0-0-0-0-0-0-0-0-0-0-0	0-0-0-0-0-0-0-0-0-0-0-0	0-0-0-0-0-0-0-0-0-0-0-0
435	1	1-1-1-1-1-1-1-1-1-1-1-1	1-0-0-1-0-1-1-0-1-0-0-1	1-2-1-1-1-1-0-0-0-0-0-1	1-1-1-1-1-1-1-1-0-2-0-6	0-6-6-0-3-0-0-1-2-1-1-1	1-1-0-1-1-1-0-1-0-0-0-2	1-0-0-6-0-1-0-1-0-1-1-0	1-0-0-1-0-1-1-0-1-1-1-0	1-1-1-1-1-1-3-1-0-1-1-0	1-1-1-1-1-1-0-1-1-1-1-1	1-1-1-0-1-1-1-1-6-1-1-1	1-1-1-1-1-1-0-1-1-0-0-0
435	2	3-2-2-2-2-2-2-3-2-2-2-2	3-3-3-2-3-3-3-2-3-2-2-3	2-3-3-2-2-3-2-2-3-3-2-3	3-2-1-3-2-2-3-1-4-1-3-2	3-2-1-4-3-2-2-2-1-3-5-2	9-1-3-2-3-2-2-4-0-0-9-1	2-2-2-2-3-2-2-3-2-2-2-2	10-2-2-2-2-6-2-0-2-3-2-3	10-2-3-2-2-4-2-2-4-4-2-2	2-2-3-4-3-2-2-2-1-2-1-2	2-3-6-2-3-3-5-2-2-2-4-1	2-2-2-2-5-3-2-3-2-2-2-17
435	3	2-2-2-2-2-2-2-2-2-2-2-2	2-2-4-3-2-2-2-2-2-2-2-2	6-2-4-2-4-4-4-4-2-2-3-2	4-2-1-4-3-4-2-4-2-1-4-1	5-1-4-5-1-3-4-4-2-2-4-4	2-4-3-3-3-3-3-3-0-3-0-3	3-3-2-1-2-3-4-4-2-3-4-3	2-3-2-3-3-2-2-4-3-11-4-2	2-1-2-3-4-2-4-3-2-3-4-3	2-3-2-4-4-4-3-2-7-1-1-4	4-2-2-2-2-7-2-2-1-3-2-1	2-3-5-3-2-2-3-2-2-3-0-2
435	4	2-2-3-2-2-2-2-5-3-2-2-2	2-2-3-2-2-2-2-5-2-5-2-4	1-2-3-3-3-7-5-3-2-5-5-5	3-5-5-3-3-3-2-3-2-4-5-1	3-4-3-3-5-3-5-5-4-4-2-3	7-5-5-2-4-3-3-3-4-4-7-4	5-4-7-4-5-4-4-3-4-5-3-7	15-3-5-5-4-2-0-5-5-2-3-2	4-7-4-4-4-2-7-4-2-2-3-5	4-4-4-3-3-3-4-2-4-2-4-3	4-2-3-2-7-4-7-4-4-5-2-4	2-4-3-4-4-4-4-2-0-3-4-2
435	5	2-6-5-5-2-2-5-4-5-5-4-2	2-6-5-3-5-2-3-4-2-4-2-6	1-5-3-3-2-4-6-6-2-4-6-6	4-4-6-3-3-3-2-3-5-5-4-1	3-1-3-3-4-7-6-4-4-7-2-3	4-4-4-2-5-3-6-5-5-5-13-5	4-4-5-1-4-5-5-7-5-4-3-4	2-3-4-6-3-2-5-4-4-5-4-2	4-1-4-4-5-2-4-6-9-2-5-4	2-4-2-5-3-4-3-9-6-2-4-3	4-6-13-10-2-2-6-2-4-4-2-4	2-4-3-4-2-2-3-2-2-3-9-2
435	6	6-5-5-6-3-6-6-6-5-6-6-6	2-5-6-3-5-5-3-5-2-4-2-5	3-6-3-3-6-4-5-5-2-6-7-5	4-7-7-3-3-3-5-3-7-7-4-1	3-1-1-9-4-5-7-6-5-2-2-3	1-4-4-4-7-3-7-5-4-7-0-4	4-9-12-1-4-4-5-7-6-6-1-3	2-5-5-5-6-2-5-4-4-5-2-2	4-4-5-4-6-2-5-5-7-6-6-4	2-4-6-7-7-3-9-6-5-2-1-3	1-5-17-7-2-8-5-4-4-4-2-5	2-4-3-5-6-2-3-6-6-7-5-2
435	7	8-6-8-6-7-6-7-2-7-6-7-6	8-5-6-8-2-2-8-8-8-4-8-5	8-7-8-10-8-4-8-8-8-4-6-8	7-8-7-7-8-8-5-11-6-6-4-7	8-1-7-8-4-5-8-8-5-5-8-7	8-8-4-2-6-10-6-8-4-6-4-9	4-5-6-1-4-4-6-8-4-6-8-4	4-8-8-8-3-2-5-9-4-11-7-2	8-4-16-4-7-2-4-8-6-8-9-5	4-4-9-7-8-3-7-6-3-2-8-8	8-4-5-6-4-9-4-7-8-4-7-4	8-7-7-7-8-8-3-2-5-8-5-2
435	8	8-11-8-8-10-8-8-8-8-8-8-9	7-9-6-7-8-9-7-7-7-9-7-9	7-8-7-7-7-8-7-7-7-8-9-7	7-7-8-7-7-7-9-7-9-8-8-7	7-1-7-7-6-9-7-7-8-8-9-7	7-7-9-2-10-2-9-8-8-8-7-10	4-14-8-7-17-8-9-9-5-10-7-8	2-9-7-7-10-8-9-8-4-13-7-2	7-8-4-4-6-2-7-7-9-7-9-10	8-4-8-7-7-4-7-9-3-4-7-7	7-4-16-10-17-6-2-4-7-4-8-4	10-7-7-7-7-7-3-8-6-7-16-8
435	9	8-9-10-14-9-8-9-17-8-11-9-17	2-8-6-10-8-8-10-11-11-8-11-8	14-9-12-7-9-10-10-9-9-11-8-9	9-9-10-9-7-9-9-7-8-9-9-9	7-10-7-6-12-8-10-9-8-8-8-9	2-10-8-10-9-13-8-8-9-4-2-7	9-10-8-4-9-9-6-8-4-8-9-7	2-8-9-8-8-10-8-7-4-9-9-12	4-14-9-4-11-2-9-10-8-10-8-8	8-4-7-9-10-3-8-8-9-16-10-3	14-2-2-6-2-16-13-9-10-4-2-4	9-7-9-7-9-2-3-9-2-9-5-2
435	10	12-10-12-17-8-8-11-11-10-10-10-8	11-8-6-12-8-11-9-11-7-8-11-9	9-10-11-7-11-9-11-9-11-9-10-9	11-9-11-12-11-11-8-7-11-11-10-7	15-9-15-9-10-10-11-11-10-8-12-7	11-9-8-9-8-9-8-11-8-6-4-8	12-9-10-4-9-9-9-11-4-8-11-11	2-8-9-11-16-9-8-8-4-9-11-9	2-9-11-11-16-2-11-11-8-9-11-8	11-11-7-9-9-16-11-10-9-9-9-10	9-11-8-8-11-6-9-14-9-11-8-10	12-11-10-11-10-2-10-5-14-9-12-10
435	11	11-11-11-10-11-12-13-10-11-10-11-11	10-13-14-10-8-12-9-10-9-12-10-12	9-10-10-7-10-10-12-9-10-11-12-10	10-9-10-10-10-10-9-7-12-12-10-7	10-9-7-6-10-12-10-10-11-8-10-7	10-10-4-11-11-9-11-10-11-11-4-11	10-10-8-13-10-11-13-10-8-6-10-10	13-12-12-10-10-9-13-8-4-11-10-9	9-9-12-10-9-10-10-10-12-6-10-9	10-10-11-11-13-10-12-13-9-9-12-11	10-12-12-6-10-10-9-12-10-10-12-12	12-10-9-10-11-7-10-11-10-11-12-10
435	12	12-12-11-12-12-12-13-12-12-12-13-12	10-13-11-10-8-11-14-13-9-11-10-13	9-12-9-7-11-10-11-11-10-12-13-13	10-9-13-10-10-10-9-3-11-13-13-1	10-9-7-12-9-11-11-12-11-11-10-7	10-7-10-9-12-9-11-10-12-13-13-11	10-16-6-11-13-12-12-11-12-12-10-10	16-11-11-11-10-9-8-8-4-12-10-9	9-9-11-10-11-14-11-10-11-12-10-13	10-10-12-13-11-12-11-16-12-9-11-13	10-11-12-6-11-17-9-11-10-10-11-11	14-10-9-7-11-7-11-12-12-11-13-8
435	13	12-14-12-12-13-12-12-14-14-13-12-14	10-12-12-14-8-12-14-12-15-11-14-12	9-14-15-17-14-10-14-9-14-15-12-12	14-14-14-15-10-14-14-14-14-12-14-7	10-9-13-15-13-11-14-14-13-13-16-15	14-14-15-13-8-9-14-10-12-12-12-14	14-14-8-11-12-12-11-14-13-12-7-10	10-8-15-14-10-15-11-16-4-9-13-9	4-9-17-14-13-2-13-12-15-12-10-12	17-16-13-12-11-11-14-11-9-9-7-13	13-2-5-6-15-9-9-12-7-14-13-13	12-12-13-13-7-2-10-12-6-11-12-11
435	14	14-17-14-14-14-14-15-14-14-14-15-15	12-16-11-13-17-15-13-12-13-11-13-11	9-13-13-13-13-10-13-13-13-13-15-13	13-13-13-13-13-13-13-13-13-13-15-7	10-9-7-13-9-15-13-13-15-14-13-13	13-13-13-14-14-9-13-16-14-14-10-14	10-10-15-1-17-14-12-13-14-12-10-15	15-13-13-13-10-9-8-13-4-15-15-9	13-9-9-13-12-12-9-10-13-12-10-13	10-10-14-15-16-13-13-11-9-9-9-14	9-10-14-14-17-15-9-10-13-13-13-13	12-15-9-13-10-2-13-12-10-16-14-16
435	15	14-14-17-14-16-17-17-17-17-14-14-17	15-14-11-15-14-15-13-16-17-14-16-12	16-15-13-13-13-10-15-15-16-13-14-15	13-16-15-13-10-13-16-3-13-13-14-15	10-9-13-13-9-14-16-13-14-15-13-13	13-13-13-16-8-9-14-14-12-14-15-16	17-15-14-15-16-14-6-16-13-12-15-16	14-13-13-13-10-15-8-13-15-14-15-9	13-9-15-13-15-11-15-15-13-12-10-12	16-10-13-16-14-10-16-11-9-9-15-14	15-10-14-6-10-16-9-15-16-15-13-13	15-15-9-15-14-2-10-15-9-14-12-14
435	16	17-15-10-16-15-16-16-17-17-17-16-16	17-12-11-17-14-15-16-15-17-14-15-17	15-17-15-17-16-15-15-16-15-13-15-16	17-15-15-13-10-16-15-13-13-13-14-15	10-9-13-13-16-14-15-16-14-16-13-13	16-16-13-16-8-9-13-14-12-16-16-15	17-12-14-16-15-16-6-15-13-16-16-15	16-8-13-13-10-16-8-13-16-9-15-9	16-9-7-13-10-2-16-15-16-11-10-12	16-13-16-15-14-10-15-12-9-9-16-13	15-2-14-6-15-9-9-15-15-13-13-13	16-16-16-16-16-2-10-15-14-14-8-14
435	17	17-17-17-17-17-17-15-17-17-17-17-17	16-13-17-16-17-17-17-16-15-17-15-13	9-16-17-17-17-17-17-17-15-17-17-17	16-17-16-17-17-17-13-17-13-17-17-15	10-9-17-17-17-17-16-17-12-17-13-7	17-17-17-17-17-9-17-17-17-17-17-16	16-17-17-17-8-17-17-15-17-17-9-12	17-17-13-17-17-9-8-13-16-17-15-9	16-17-13-17-10-17-17-7-17-11-8-13	13-17-17-17-17-17-17-12-17-17-17-17	14-2-6-6-14-16-17-9-17-17-17-17	15-17-17-16-14-17-17-15-17-17-8-2
436	0	0-0-0-0-0-0-0-0-0-0-0-0	0-0-0-0-0-0-0-0-0-0-0-0	0-0-0-0-0-0-0-0-0-0-0-0	0-0-0-0-0-0-0-0-0-0-0-0	0-0-0-0-0-0-0-0-0-0-0-0	0-0-0-0-0-0-0-0-0-0-0-0	0-0-0-0-0-0-0-0-0-0-0-0	0-0-0-0-0-0-0-0-0-0-0-0	0-0-0-0-0-0-0-0-0-0-0-0	0-0-0-0-0-0-0-0-0-0-0-0	0-0-0-0-0-0-0-0-0-0-0-0	0-0-0-0-0-0-0-0-0-0-0-0
436	1	1-1-1-1-0-1-1-1-1-1-1-1	1-0-1-1-0-0-1-0-1-1-0-0	1-1-2-1-0-2-1-1-0-0-0-0	2-2-2-0-0-1-1-0-0-0-0-1	0-1-2-0-2-0-2-1-0-1-0-1	1-5-0-0-1-2-2-1-1-0-9-1	1-0-0-1-1-7-0-0-0-1-1-1	1-1-0-1-1-1-0-1-1-1-1-2	1-2-1-0-5-1-7-1-0-1-0-0	1-1-0-0-0-1-0-0-1-2-1-1	2-1-0-0-0-1-2-1-2-1-0-1	1-0-1-1-1-1-1-1-0-0-1-0
436	2	2-2-2-2-2-2-2-2-2-2-2-2	0-0-1-2-2-2-1-4-1-2-3-3	1-3-1-3-5-3-3-3-3-2-3-3	1-2-1-3-2-3-1-5-3-0-2-1	2-1-1-3-1-2-3-3-2-2-0-3	3-1-3-2-1-5-3-2-2-0-10-1	2-3-2-1-2-1-3-3-0-2-3-2	2-2-3-2-2-1-0-2-1-2-2-1	1-1-1-2-3-0-1-1-4-2-3-0	2-2-0-1-4-3-4-0-2-1-1-3	1-2-1-0-0-1-1-1-1-2-0-1	1-2-1-1-1-2-2-1-2-2-2-0
436	3	3-3-2-3-3-3-3-3-3-3-3-3	4-3-3-2-3-4-4-4-3-4-2-4	2-2-4-2-2-2-2-2-2-4-4-2	4-4-4-3-2-5-3-2-2-3-4-1	2-1-1-2-5-3-4-2-3-0-3-2	2-1-5-7-3-2-4-4-3-3-7-2	1-3-3-1-4-1-2-2-3-3-2-7	2-2-2-4-3-1-3-4-3-1-5-7	7-9-3-3-2-5-1-4-0-3-2-4	3-2-0-3-2-2-5-3-4-5-4-2	3-3-3-0-0-3-3-3-1-2-4-3	1-3-1-1-1-3-2-3-2-2-2-0
436	4	4-4-4-4-4-4-4-4-4-4-4-4	5-5-4-2-4-7-3-3-3-3-2-3	2-4-3-2-2-3-5-3-5-3-5-5	3-3-5-3-3-3-3-2-5-8-3-1	2-1-1-2-3-5-3-3-3-2-9-2	3-1-3-0-3-2-3-3-4-4-2-4	2-4-5-3-3-4-3-5-4-4-2-3	4-2-2-5-4-1-0-3-3-4-3-3	4-1-3-3-4-3-5-3-5-3-2-4	5-2-4-4-2-3-2-5-3-3-5-2	5-3-5-0-0-5-5-3-1-2-5-6	1-3-1-1-1-5-2-4-5-4-4-4
436	5	5-7-5-4-5-6-5-5-5-7-5-5	6-6-4-2-3-6-3-6-5-6-2-6	2-5-3-3-2-2-4-5-4-3-6-4	3-6-6-6-2-3-5-2-4-6-6-1	2-1-1-2-3-4-6-5-6-0-0-2	6-1-3-3-5-2-6-6-5-7-6-4	1-6-7-1-3-5-5-4-7-4-6-5	5-2-4-4-5-1-7-3-3-4-3-3	4-1-3-6-1-3-4-4-7-6-5-4	4-2-5-6-2-2-3-5-2-3-4-2	4-6-4-7-0-4-4-3-1-5-4-3	1-3-1-1-1-5-2-6-4-6-5-7
436	6	5-5-5-6-6-5-4-6-6-5-5-5	5-5-5-2-8-5-6-5-8-5-8-5	2-6-7-7-6-9-7-7-7-6-5-6	7-5-7-7-6-7-6-2-7-5-5-6	9-5-9-6-3-4-7-7-5-6-7-8	8-9-7-3-7-6-5-9-5-5-5-7	2-5-4-6-3-5-5-7-5-5-9-3	4-7-6-7-7-1-5-7-3-7-9-3	5-1-3-7-10-7-6-6-7-5-6-7	7-7-6-5-6-5-7-5-3-3-5-6	7-5-5-5-6-6-8-3-4-6-7-4	5-3-1-1-5-6-2-5-6-5-10-6
436	7	7-5-7-8-6-4-6-5-4-5-8-5	4-5-5-8-6-4-8-8-6-5-8-8	8-7-8-9-8-8-6-8-9-7-8-8	8-7-6-6-7-8-6-8-6-4-10-7	8-8-6-8-9-8-8-6-5-6-6-6	10-9-6-3-6-9-8-6-5-5-3-8	7-5-5-1-8-7-5-8-5-11-8-3	4-6-14-9-6-1-5-6-8-7-6-3	3-3-3-8-6-6-1-6-6-5-6-8	6-6-5-8-8-7-6-5-8-3-8-7	6-3-5-5-0-7-4-3-1-9-6-3	5-7-8-1-8-6-7-3-7-5-5-6
436	8	8-8-8-8-6-8-8-8-8-9-7-8	8-10-9-7-6-4-7-7-6-5-6-7	7-8-7-7-7-7-9-7-7-7-9-7	7-8-9-6-7-7-10-7-6-8-9-1	6-7-6-7-7-9-7-7-9-8-6-6	6-6-9-8-8-7-9-6-8-8-11-7	7-8-10-1-9-8-9-7-8-8-7-10	8-6-6-7-6-1-10-6-7-11-6-8	9-3-9-7-8-6-8-6-9-8-6-11	6-6-9-9-7-7-6-11-7-3-7-9	3-8-9-5-14-4-6-3-1-7-6-8	8-9-7-1-7-8-7-11-8-8-9-10
436	9	8-10-8-9-9-8-9-9-9-8-10-9	12-8-8-7-8-9-7-8-9-5-11-7	7-7-7-7-10-10-8-7-10-8-8-10	7-10-10-12-7-7-6-7-10-10-8-7	6-1-6-10-7-8-10-7-10-9-10-10	6-6-10-7-8-7-10-6-9-9-1-7	1-8-12-1-8-8-8-10-9-8-6-8	2-6-8-7-6-1-8-6-3-8-6-9	8-9-8-7-6-9-1-10-8-8-6-10	6-6-8-10-7-7-7-12-7-3-8-8	8-12-8-9-10-9-4-3-1-7-11-3	8-8-1-1-8-9-7-8-8-5-8-9
436	10	8-9-8-11-9-11-8-8-8-10-9-12	9-8-8-7-8-10-11-12-12-5-9-7	12-11-11-11-9-11-11-11-9-7-9-9	11-11-9-9-7-7-11-13-9-9-8-12	6-12-12-9-12-8-9-11-9-10-9-9	7-12-9-10-10-7-9-12-8-8-2-12	12-9-9-12-11-10-8-9-9-9-12-8	8-6-12-12-10-10-8-6-12-10-6-11	10-10-14-6-6-10-12-12-6-3-11-9	12-10-10-9-9-8-9-5-12-10-12-7	12-9-8-5-9-14-12-12-12-10-9-10	10-8-10-10-10-10-10-10-8-5-6-8
436	11	12-12-11-11-12-11-12-11-8-8-12-10	9-8-8-7-8-10-10-10-10-11-12-7	10-10-10-12-9-10-10-10-12-7-11-11	10-11-10-9-7-12-10-13-9-9-10-10	12-10-14-9-12-11-12-12-9-11-9-12	11-13-9-12-10-14-10-11-9-8-8-10	14-9-11-10-10-13-8-10-9-8-10-9	3-12-11-11-12-10-8-6-10-8-10-10	10-10-10-12-6-10-10-10-6-10-10-9	6-11-10-8-9-12-9-8-10-10-11-11	11-9-8-9-9-12-10-8-10-11-9-10	11-8-10-10-10-10-12-8-8-5-8-8
436	12	12-14-12-12-13-12-12-13-12-13-12-10	9-8-12-7-12-10-11-13-10-11-11-13	10-13-10-11-13-12-11-10-11-13-11-14	11-13-10-9-7-11-10-9-9-9-13-10	11-10-10-9-11-13-11-11-13-12-9-11	11-10-9-11-12-7-13-12-12-12-7-12	11-13-12-10-12-12-14-10-12-13-10-13	13-11-12-10-11-10-13-10-10-8-10-12	10-10-10-11-12-9-10-10-14-11-6-12	10-6-12-14-7-11-13-9-10-10-10-7	10-14-12-13-9-13-10-10-10-11-11-12	11-9-10-10-10-11-10-13-12-12-12-8
436	13	14-14-14-12-13-14-13-14-14-14-13-14	14-14-12-14-14-14-10-13-13-14-14-12	13-14-11-14-12-14-13-14-14-12-14-13	13-13-13-14-11-11-14-11-12-9-12-10	11-14-10-13-12-12-14-14-12-13-13-13	13-11-12-13-13-14-12-14-12-12-11-14	13-12-13-10-13-13-12-14-12-13-10-13	12-12-11-12-11-14-12-12-10-13-13-14	13-13-13-12-13-13-13-12-13-13-13-12	13-13-13-13-13-11-13-13-14-13-14-14	11-12-13-12-13-13-13-14-10-11-9-13	11-12-13-10-14-11-13-14-13-12-13-14
436	14	14-14-14-14-14-14-13-14-14-13-14-14	13-13-14-13-14-13-13-13-13-14-13-13	13-13-14-13-14-13-14-13-13-14-13-14	13-14-13-13-14-14-13-14-14-14-14-10	14-13-11-14-14-14-13-13-14-14-2-13	14-14-14-13-14-11-14-14-14-14-14-14	11-14-14-14-12-14-12-13-14-13-12-13	14-14-6-14-14-13-8-6-10-14-13-13	12-14-10-14-13-14-14-14-14-6-13-12	10-14-14-12-14-11-14-13-13-14-14-14	13-14-12-12-8-10-13-13-14-14-14-14	11-9-14-10-13-14-14-13-14-14-14-13
437	0	0-0-0-0-0-0-0-0-0-0-0-0	0-0-0-0-0-0-0-0-0-0-0-0	0-0-0-0-0-0-0-0-0-0-0-0	0-0-0-0-0-0-0-0-0-0-0-0	0-0-0-0-0-0-0-0-0-0-0-0	0-0-0-0-0-0-0-0-0-0-0-0	0-0-0-0-0-0-0-0-0-0-0-0	0-0-0-0-0-0-0-0-0-0-0-0	0-0-0-0-0-0-0-0-0-0-0-0	0-0-0-0-0-0-0-0-0-0-0-0	0-0-0-0-0-0-0-0-0-0-0-0	0-0-0-0-0-0-0-0-0-0-0-0
437	1	1-1-1-1-1-1-1-1-1-1-1-1	1-0-1-0-0-1-1-0-1-0-0-0	0-2-0-1-2-0-0-0-0-0-0-1	2-0-2-0-0-2-0-2-1-0-2-3	2-0-1-0-1-1-2-2-1-0-0-0	0-0-2-0-0-3-0-0-1-1-0-2	2-1-1-1-0-1-0-0-0-1-3-0	0-1-0-1-1-3-1-0-1-2-0-0	1-0-1-0-1-0-1-1-1-1-1-0	1-1-1-0-4-1-1-1-3-1-2-1	1-1-1-0-1-1-1-1-1-1-1-1	1-1-2-1-1-1-0-0-1-1-1-1
437	2	2-2-2-2-2-2-2-2-2-2-2-2	3-2-2-0-2-2-1-3-2-3-2-3	0-3-3-3-3-3-3-3-3-3-2-2	3-3-1-3-3-4-2-1-2-2-3-1	4-0-0-3-3-2-3-3-3-2-4-3	2-4-4-5-2-1-3-3-2-2-11-1	1-2-2-2-3-1-2-3-2-2-2-4	2-2-3-3-2-0-2-3-3-1-4-0	2-0-2-2-2-2-1-3-2-2-1-2	3-3-2-3-1-3-3-2-1-3-1-2	2-2-2-0-2-2-0-2-2-4-3-2	2-3-1-1-2-2-2-2-2-2-1-2
437	3	3-3-3-3-3-3-3-3-3-3-3-3	2-3-3-0-2-3-1-2-2-2-4-2	1-3-2-2-2-2-4-5-4-2-4-4	2-2-4-2-2-2-3-1-4-3-2-1	2-3-0-3-2-4-2-2-2-2-2-2	2-2-2-2-2-1-4-2-3-3-3-3	1-4-3-2-2-3-2-4-3-3-2-2	3-3-2-4-2-1-3-2-2-3-2-0	3-2-2-2-3-2-1-4-4-2-3-4	4-2-3-3-1-2-2-3-4-2-4-4	4-2-4-0-2-4-0-2-2-2-4-5	2-2-0-1-0-2-4-2-3-0-14-3
437	4	4-4-4-4-4-5-4-4-4-4-4-4	5-5-3-0-4-5-1-5-4-5-3-5	1-4-2-2-5-2-5-5-3-2-5-3	2-5-5-5-2-2-4-1-4-3-2-1	2-5-5-4-2-3-5-4-5-2-2-5	5-2-2-2-4-1-5-5-4-4-5-3	2-3-3-1-2-4-4-3-10-4-5-5	4-3-3-3-2-0-4-2-2-5-2-0	5-0-2-5-1-2-1-3-3-5-4-3	3-2-4-5-1-5-2-3-3-2-3-3	3-2-3-6-5-3-0-2-1-2-3-2	8-5-6-1-5-4-3-5-6-5-4-5
437	5	4-4-4-7-5-4-3-4-5-4-5-4	4-4-4-5-7-4-6-4-7-4-7-4	7-5-6-6-5-7-6-6-6-5-4-5	6-6-6-6-5-6-6-6-5-4-4-5	8-4-7-5-2-3-4-6-4-8-6-6	4-8-6-2-6-5-4-5-4-4-4-5	6-4-3-2-2-4-4-6-4-4-14-4	3-5-5-5-5-9-4-5-2-4-8-5	14-0-6-5-13-5-5-5-6-4-5-5	6-5-5-4-8-5-6-4-2-5-4-5	7-2-4-4-4-0-5-3-2-5-5-3	4-4-5-7-5-5-2-4-5-4-4-5
437	6	6-6-6-6-5-4-6-6-6-6-6-5	5-4-3-7-5-7-7-7-5-4-7-7	7-6-5-7-7-7-7-7-5-7-7-7	5-5-5-7-7-8-5-7-7-6-6-9	12-0-5-12-7-6-7-7-7-6-5-5	2-5-7-2-5-7-7-6-4-4-4-6	5-7-4-1-7-6-6-6-4-3-5-6	3-6-11-7-6-9-4-13-7-6-5-0	6-0-7-7-5-5-6-5-5-4-5-6	5-6-5-5-5-6-5-4-7-0-7-6	5-7-4-4-4-7-0-2-0-5-5-2	4-6-7-1-5-6-6-2-6-6-4-11
437	7	7-7-7-8-5-7-7-7-7-7-7-7	6-9-8-6-5-6-6-6-5-4-5-6	6-6-6-6-6-6-6-6-6-6-8-6	6-7-7-6-6-6-8-6-6-8-7-1	7-0-5-7-6-6-8-6-7-7-8-5	5-5-8-7-7-6-6-7-7-7-13-7	6-6-8-9-6-7-14-6-4-7-1-6	7-6-5-8-8-8-10-5-6-7-5-0	6-0-8-6-7-6-1-5-7-7-6-8	5-5-5-8-6-6-5-4-6-9-9-6	5-6-8-4-13-6-0-9-14-5-5-2	9-6-6-5-14-7-6-9-13-9-10-4
437	8	7-7-7-7-8-9-8-9-8-8-7-7	9-7-7-6-5-8-6-6-5-4-9-7	6-6-9-6-10-6-6-6-8-6-7-10	9-10-10-11-6-6-7-6-9-10-7-1	5-1-5-11-6-7-7-8-10-9-10-11	6-10-7-6-8-6-9-7-7-8-3-7	6-6-7-9-6-6-11-11-8-7-9-7	9-6-6-7-7-8-7-7-6-13-5-8	9-8-7-6-9-5-14-11-7-10-5-11	5-8-5-9-11-6-8-4-6-8-9-6	5-8-7-8-8-8-14-2-2-5-8-2	4-8-8-8-5-2-6-8-7-5-7-8
437	9	11-10-12-14-13-8-11-11-12-10-11-12	10-7-11-6-10-8-10-10-10-10-9-10	9-6-10-9-9-10-10-9-10-6-10-9	8-9-8-9-6-8-5-6-8-9-7-6	9-11-9-8-10-8-10-10-8-9-9-9	9-9-8-9-13-6-8-10-11-7-3-8	10-8-9-7-10-6-10-8-8-9-8-11	12-9-8-7-9-10-7-12-10-13-12-9	9-8-9-10-10-9-10-13-5-9-9-8	9-7-5-8-8-6-8-13-10-14-7-6	14-8-4-4-10-10-9-12-7-14-8-12	10-8-9-9-10-12-9-10-10-9-12-9
437	10	8-9-11-10-9-10-9-9-10-9-10-9	9-7-7-10-9-9-11-9-9-9-13-9	12-11-11-11-12-9-9-11-9-6-9-8	11-8-8-8-12-10-7-12-5-8-12-1	12-9-11-8-9-10-11-9-8-10-8-5	11-8-8-10-8-6-8-7-7-7-2-8	10-12-7-1-9-6-9-9-4-9-13-10	13-6-14-11-10-9-7-13-9-9-5-8	9-8-2-11-11-9-9-9-5-8-11-8	5-11-7-8-10-6-5-9-9-9-0-6	13-10-4-4-9-9-0-9-0-10-8-2	9-8-10-10-9-9-10-9-9-9-7-6
437	11	9-12-12-12-9-11-9-9-9-9-9-14	12-7-7-10-9-12-12-13-9-4-12-12	13-12-10-10-8-11-12-12-9-10-12-10	12-13-12-8-10-12-11-6-12-8-6-12	10-12-12-8-13-10-12-12-8-10-8-8	10-12-7-10-8-6-12-11-7-7-2-11	12-6-7-11-11-6-8-8-13-9-12-9	11-6-6-12-10-12-7-14-11-11-5-13	13-11-12-12-10-13-11-8-7-11-10-8	11-10-11-8-8-6-12-4-9-13-12-6	13-11-11-4-8-14-0-11-12-5-11-11	11-8-11-11-11-11-12-9-9-9-7-6
437	12	9-14-11-11-9-12-9-9-9-9-12-9	11-13-13-10-9-11-11-11-11-13-11-9	11-11-11-10-10-13-13-11-9-10-13-10	11-11-11-8-10-11-13-10-13-12-10-11	10-11-11-8-11-12-11-11-14-10-8-5	11-11-13-10-8-6-11-12-13-12-4-12	11-10-9-11-9-12-13-11-12-9-11-9	9-6-11-11-10-11-7-9-11-9-9-9	11-11-11-11-12-13-11-11-9-11-6-13	11-10-12-11-8-6-11-4-11-11-11-6	11-12-4-4-11-9-0-11-11-5-11-11	13-11-11-11-9-9-11-9-9-12-9-13
437	13	9-12-13-12-9-9-14-14-12-9-12-12	14-12-12-10-9-11-10-11-9-12-10-14	11-13-11-14-10-14-12-11-9-6-12-13	13-11-11-13-13-13-12-11-13-11-13-11	13-11-13-13-11-12-14-13-13-13-8-13	10-11-13-13-9-11-13-13-12-7-7-11	14-10-7-11-11-13-12-14-12-14-13-13	11-13-11-13-13-11-7-14-11-9-13-11	11-11-11-13-5-12-11-9-7-9-13-8	5-13-11-11-13-6-13-9-9-11-11-6	11-13-11-4-7-9-0-11-11-13-11-13	12-8-11-11-9-11-13-9-7-12-7-12
437	14	14-14-14-9-14-14-13-14-14-14-14-14	11-12-14-10-14-11-12-10-11-14-11-13	12-13-14-13-14-13-14-14-9-14-14-14	13-14-14-14-14-14-12-14-14-14-14-11	14-11-11-14-11-14-13-13-12-14-6-11	14-14-13-14-14-14-13-14-14-14-14-14	13-14-14-14-9-14-7-13-14-13-5-14	14-14-10-14-14-9-14-11-11-11-9-14	13-14-14-14-10-14-14-9-14-9-13-12	11-14-14-14-14-6-14-12-14-14-14-14	9-14-14-4-7-11-14-14-14-9-14-14	9-13-14-11-7-14-14-9-14-14-14-6
438	0	0-0-0-0-0-0-0-0-0-0-0-0	0-0-0-0-0-0-0-0-0-0-0-0	0-0-0-0-0-0-0-0-0-0-0-0	0-0-0-0-0-0-0-0-0-0-0-0	0-0-0-0-0-0-0-0-0-0-0-0	0-0-0-0-0-0-0-0-0-0-0-0	0-0-0-0-0-0-0-0-0-0-0-0	0-0-0-0-0-0-0-0-0-0-0-0	0-0-0-0-0-0-0-0-0-0-0-0	0-0-0-0-0-0-0-0-0-0-0-0	0-0-0-0-0-0-0-0-0-0-0-0	0-0-0-0-0-0-0-0-0-0-0-0
438	1	1-1-1-1-1-1-1-1-1-1-1-1	1-0-0-1-0-1-1-2-1-1-1-2	1-1-2-1-1-0-1-1-1-0-2-1	2-1-2-1-2-1-1-2-0-0-0-1	0-1-1-1-3-0-1-1-0-1-1-1	1-2-0-1-1-3-0-1-1-0-0-1	0-0-0-3-1-3-1-1-1-1-1-0	1-1-2-2-1-3-0-1-1-1-1-0	3-3-3-1-1-1-1-1-1-1-1-1	2-1-4-1-3-1-0-1-3-3-3-2	3-1-1-1-1-1-3-3-3-1-1-1	1-1-1-3-3-1-1-1-1-1-2-2
438	2	2-2-2-3-2-3-3-2-2-2-2-3	3-3-3-1-3-3-1-3-3-3-3-3	2-3-3-3-2-3-2-2-4-3-2-2	3-3-3-3-1-1-3-3-2-3-2-1	9-1-1-1-1-2-2-2-2-3-3-1	2-1-3-3-3-1-2-3-3-2-8-2	7-3-3-1-2-2-2-3-2-2-8-3	7-2-1-1-2-1-3-3-1-2-3-3	7-1-1-1-4-9-1-1-3-11-2-3	1-2-3-4-4-3-5-3-1-1-1-9	2-3-3-3-5-2-7-2-1-2-3-1	3-1-2-1-5-3-4-4-1-3-3-4
438	3	2-2-2-2-2-2-2-2-2-2-2-2	2-2-2-5-2-2-2-2-2-2-2-2	5-4-5-2-5-4-4-2-2-2-4-4	4-2-2-2-3-3-2-5-5-2-4-3	3-1-3-4-1-3-3-3-3-2-2-5	2-1-3-2-2-1-3-2-2-2-3-4	3-2-2-1-3-1-2-2-2-2-4-2	2-3-4-3-3-1-2-4-1-2-2-2	1-1-1-3-2-2-1-3-2-3-3-3	1-3-2-2-1-4-2-2-1-1-1-4	1-2-2-2-2-2-1-1-1-3-2-1	2-3-3-1-1-2-2-2-2-4-2-2
438	4	2-2-2-2-2-2-2-2-2-2-2-2	2-2-2-2-2-2-2-4-2-5-3-4	3-5-3-2-3-3-3-5-2-5-3-3	5-5-5-5-3-5-10-3-3-4-3-3	3-2-3-3-5-4-5-5-4-4-3-3	2-5-6-10-2-1-5-2-4-4-10-4	3-4-2-4-5-4-5-5-4-2-3-8	2-3-5-5-4-1-2-5-8-4-6-2	4-1-4-4-2-2-4-5-2-2-3-2	5-5-4-2-5-5-4-2-1-1-5-3	4-2-4-2-5-4-1-4-4-5-2-4	2-4-3-4-4-4-2-2-2-3-2-2
438	5	5-2-5-5-2-5-2-2-5-2-2-2	2-7-5-3-2-2-2-7-2-4-3-5	3-4-3-3-3-6-4-6-6-4-6-3	4-4-6-4-3-4-4-3-3-5-6-3	3-1-3-3-4-6-6-4-4-4-6-3	6-4-4-4-5-4-4-2-5-5-0-6	6-3-2-1-4-5-6-6-5-6-3-4	2-3-4-4-4-1-5-4-4-2-4-2	6-6-4-4-6-2-7-4-2-2-3-2	6-4-2-6-4-4-2-2-1-1-4-2	4-2-4-2-4-6-1-4-4-4-2-4	2-4-3-4-2-9-2-7-1-2-6-2
438	6	6-7-6-6-6-7-7-6-7-6-7-7	7-8-7-6-2-7-7-6-6-7-7-7	6-7-5-5-3-5-6-6-7-7-5-6	7-5-7-5-4-4-6-3-6-9-4-1	3-1-7-10-4-5-5-6-8-6-5-3	5-7-4-2-6-7-7-7-6-6-7-7	5-7-6-1-4-6-9-5-7-5-3-7	2-8-4-5-7-2-6-4-4-6-4-2	5-5-4-4-6-2-5-7-10-7-8-2	5-4-8-5-7-7-7-6-2-1-1-7	5-11-11-7-11-8-1-4-4-2-7-4	7-7-3-4-11-5-7-2-1-2-5-11
438	7	8-7-8-8-8-6-6-6-6-6-7-6	8-5-6-8-8-6-8-8-8-9-8-8	7-8-8-8-7-6-8-7-8-6-8-7	8-7-8-8-9-8-9-7-6-6-8-7	6-11-6-9-8-6-8-8-6-8-10-7	7-6-6-8-10-8-6-6-6-6-6-6	2-6-7-2-7-7-6-7-6-9-8-6	2-6-8-6-6-10-7-7-4-8-8-7	2-7-7-7-8-2-8-6-8-6-6-6	7-7-9-2-6-6-6-7-8-7-8-6	8-6-6-6-6-6-2-8-8-7-6-4	11-6-7-7-10-8-6-8-7-2-8-7
438	8	7-9-7-7-8-6-7-6-7-7-9-6	7-9-10-7-7-6-7-7-7-7-7-7	3-7-7-7-3-6-7-7-7-9-9-8	7-7-7-7-7-7-7-3-9-6-7-3	3-1-3-3-7-9-7-7-6-7-7-7	7-7-4-7-6-7-9-8-5-6-2-10	2-9-7-8-11-8-6-9-6-8-7-9	2-6-7-9-8-7-10-8-4-7-7-7	7-8-5-4-7-6-7-10-7-10-6-10	7-7-6-9-9-6-2-7-7-7-7-8	7-4-6-6-6-6-1-7-7-7-6-4	7-4-11-4-2-7-2-7-7-8-7-8
438	9	9-8-9-6-6-6-6-6-6-6-8-6	6-8-8-9-7-6-7-10-7-7-7-11	10-10-7-7-9-6-10-10-10-8-8-9	10-9-10-10-7-9-7-3-8-6-8-10	2-11-3-9-10-8-10-9-8-9-7-9	8-6-8-9-6-10-8-9-8-6-2-7	9-8-8-7-9-10-6-8-6-7-9-8	2-8-3-8-8-9-8-3-4-9-9-10	9-10-4-4-6-2-9-10-5-2-3-11	10-7-7-9-8-6-6-6-10-7-9-2	10-6-6-6-6-9-10-7-10-4-2-4	9-6-9-4-9-5-2-7-9-10-7-6
438	10	6-7-11-6-11-6-6-11-10-8-10-6	6-8-8-11-7-6-11-11-7-6-7-9	9-9-9-11-10-11-9-9-9-10-10-10	11-9-9-9-10-10-9-10-10-6-10-9	10-9-10-6-9-10-11-10-10-10-7-10	10-10-11-10-6-9-8-10-6-6-10-8	11-10-6-10-8-9-10-11-4-8-10-10	10-10-10-10-10-9-8-10-11-9-10-9	9-9-4-10-10-2-9-9-6-8-10-10	10-10-7-9-8-10-10-6-9-7-10-10	9-10-6-2-7-10-9-7-9-10-10-10	7-10-9-10-10-7-2-7-6-9-7-6
438	11	11-11-11-11-11-11-7-11-11-11-11-11	7-8-11-10-11-7-10-10-9-11-7-9	10-10-11-10-11-10-11-11-9-11-11-10	10-11-11-11-11-11-9-11-11-6-11-9	10-9-11-11-11-11-10-11-6-11-7-10	11-11-10-11-11-9-10-11-11-11-11-11	10-11-11-11-8-11-11-11-11-11-10-11	11-10-3-11-11-9-11-10-10-11-7-9	4-11-4-11-10-2-11-10-11-2-10-10	7-11-11-11-11-11-11-7-11-11-11-11	9-6-6-11-6-5-9-7-11-7-11-11	7-11-11-11-6-11-11-9-11-11-11-6
439	0	0-0-0-0-0-0-0-0-0-0-0-0	0-0-0-0-0-0-0-0-0-0-0-0	0-0-0-0-0-0-0-0-0-0-0-0	0-0-0-0-0-0-0-0-0-0-0-0	0-0-0-0-0-0-0-0-0-0-0-0	0-0-0-0-0-0-0-0-0-0-0-0	0-0-0-0-0-0-0-0-0-0-0-0	0-0-0-0-0-0-0-0-0-0-0-0	0-0-0-0-0-0-0-0-0-0-0-0	0-0-0-0-0-0-0-0-0-0-0-0	0-0-0-0-0-0-0-0-0-0-0-0	0-0-0-0-0-0-0-0-0-0-0-0
439	1	1-1-1-1-1-1-1-1-1-1-1-1	1-0-1-1-1-1-0-1-1-1-1-1	3-2-0-2-2-2-2-0-0-2-2-2	2-0-0-2-2-2-0-4-2-0-2-0	2-0-1-2-0-1-2-2-1-1-0-2	2-0-1-0-0-3-1-1-1-1-9-0	0-1-1-1-1-0-1-2-1-1-1-1	1-1-1-1-1-1-1-2-1-0-0-0	1-0-1-1-2-1-0-1-1-1-1-1	1-1-1-1-2-1-1-1-1-0-0-1	1-1-1-0-1-0-0-1-0-1-1-1	0-1-1-1-0-1-1-0-1-1-0-1
439	2	2-2-1-2-2-2-2-2-2-2-2-2	3-2-2-1-2-2-3-2-2-3-1-2	0-3-0-1-1-7-1-3-0-1-3-1	3-3-3-1-1-1-2-1-1-2-1-0	1-0-1-1-3-1-3-1-2-0-4-1	1-3-4-0-2-1-3-4-2-2-11-2	2-2-2-2-3-2-2-3-2-2-2-3	2-1-2-3-2-2-2-6-5-0-2-0	2-3-2-2-1-2-2-3-2-2-1-2	3-1-2-2-1-1-3-2-2-5-2-1	2-2-2-0-2-2-2-2-5-3-2-2	2-2-2-2-0-2-1-2-2-3-0-2
439	3	3-3-3-3-3-3-3-3-3-3-3-3	2-3-3-1-2-3-2-4-2-2-1-4	1-2-0-1-1-2-4-5-4-5-4-4	2-2-2-1-1-1-4-1-4-4-5-0	1-6-0-1-2-5-2-4-2-6-5-2	1-2-2-3-2-1-4-4-2-3-3-3	2-1-4-2-2-3-4-2-3-2-2-2	4-1-1-2-3-3-2-2-4-4-2-0	3-2-2-2-3-2-3-2-4-2-4-2	2-1-3-5-2-1-4-2-1-2-0-1	2-2-7-3-4-3-3-2-2-4-2-4	3-2-1-2-0-3-1-3-5-4-3-2
439	4	4-4-4-4-4-4-4-4-5-4-4-4	5-5-3-1-4-5-6-3-2-2-5-3	0-4-4-3-5-2-3-7-5-2-5-3	2-6-5-5-1-2-4-1-5-3-3-0	7-0-0-7-2-3-4-6-5-6-2-1	1-2-2-0-4-1-5-3-4-4-5-2	2-2-3-0-2-4-5-5-4-4-0-2	3-1-1-3-2-7-7-4-3-3-2-0	5-2-3-2-4-2-8-2-3-4-3-5	2-1-4-3-4-1-3-5-4-2-6-1	2-2-5-5-3-3-0-7-7-3-2-3	4-2-2-5-6-4-2-3-3-3-5-5
439	5	4-3-4-5-5-5-4-5-4-5-5-6	4-4-3-1-5-5-3-4-6-7-5-6	2-5-6-1-4-9-6-6-4-3-4-5	6-6-4-6-1-2-6-6-4-3-3-6	6-6-1-9-2-3-6-4-7-5-6-1	1-9-6-0-4-1-4-5-4-5-4-6	2-2-3-0-2-3-4-4-4-4-6-2	3-1-2-2-5-5-4-2-2-7-6-0	4-2-2-5-4-6-6-6-5-6-5-7	4-2-5-3-7-1-4-4-4-2-0-1	5-2-4-4-4-6-6-5-2-2-7-2	5-7-5-5-5-5-5-5-3-5-4-4
439	6	6-7-4-6-6-6-4-6-4-8-6-5	5-4-3-1-4-5-6-7-5-5-8-5	0-6-8-8-7-5-7-8-8-8-8-7	5-7-7-5-8-8-5-13-8-8-3-5	5-3-6-11-2-3-5-4-5-8-5-6	5-3-5-7-6-1-5-5-6-6-4-6	2-6-8-2-2-6-4-4-6-8-7-5	5-6-8-5-5-7-4-2-2-6-5-0	6-2-2-2-4-5-5-5-5-7-6-5	6-1-6-5-7-1-7-10-6-2-4-1	5-5-5-4-7-5-6-2-2-5-5-2	5-2-5-5-5-5-7-5-3-5-4-7
439	7	7-6-6-6-7-6-7-9-7-7-8-8	5-4-3-1-5-5-7-6-7-5-8-8	8-8-8-6-6-2-6-8-8-5-6-6	8-8-8-8-9-8-5-9-6-6-8-10	8-6-9-8-2-3-8-8-5-9-14-8	8-8-8-7-7-8-3-3-6-6-10-8	8-6-6-14-2-6-4-8-6-7-8-7	5-8-8-8-2-7-4-7-2-6-7-7	7-2-14-8-7-5-7-8-5-6-9-5	6-8-11-4-8-1-8-4-8-2-8-7	5-2-3-7-6-7-8-2-4-7-5-9	5-5-7-7-7-5-6-5-3-5-4-6
439	8	8-8-8-8-8-8-8-8-8-8-9-8	9-9-8-1-8-8-7-6-5-9-7-10	7-7-6-6-6-9-7-7-7-6-9-7	7-7-7-7-6-7-8-6-9-9-9-0	7-0-7-7-2-9-7-7-9-6-7-7	7-7-7-6-8-7-9-8-9-8-4-7	7-8-8-0-11-8-9-11-6-6-7-5	8-7-6-9-8-7-14-7-2-8-14-0	7-8-7-7-8-7-4-7-7-4-7-7	6-7-8-5-7-5-7-6-7-2-7-14	7-8-14-10-11-8-8-10-8-2-5-8	8-5-5-7-10-8-6-8-11-8-12-8
439	9	10-9-8-8-9-8-9-8-8-8-8-9	8-8-8-9-8-8-10-10-10-8-10-10	9-10-10-6-9-10-9-10-9-8-8-9	9-9-6-7-6-10-9-7-8-8-8-10	5-10-7-5-11-8-8-7-8-7-7-9	10-10-8-9-9-11-8-8-8-6-12-8	9-6-8-0-9-7-8-9-6-6-12-9	12-8-12-8-8-10-8-7-2-9-10-11	9-11-7-7-1-9-12-8-5-2-7-5	12-1-7-12-8-12-8-6-11-11-9-1	11-5-9-8-8-9-11-9-11-7-5-7	9-5-9-7-9-8-6-9-9-9-8-1
439	10	11-14-12-11-11-11-11-11-12-11-11-14	11-11-11-12-11-11-12-12-11-11-12-11	10-9-11-11-11-11-11-11-11-11-12-11	11-10-11-11-10-10-11-11-11-11-11-9	13-9-7-12-10-10-10-10-11-13-13-10	13-11-11-10-11-13-10-11-11-10-7-10	10-10-10-10-14-10-12-11-11-13-14-13	9-7-11-10-10-9-12-13-10-10-14-10	10-10-11-10-11-11-14-11-11-13-7-12	11-14-8-11-10-12-12-13-10-9-9-11	10-11-14-8-12-11-9-10-9-10-11-10	14-10-10-14-10-13-13-13-10-10-8-14
439	11	10-10-10-10-10-10-10-10-10-10-10-10	10-10-10-10-10-10-10-13-10-10-10-10	12-12-10-10-10-12-12-10-10-10-9-10	12-9-10-10-12-12-10-10-10-10-10-12	12-9-12-11-9-11-12-12-10-10-10-12	10-12-12-11-10-9-12-10-10-10-2-12	12-10-10-11-10-11-10-12-10-10-13-11	9-11-10-11-12-9-8-10-11-9-11-9	11-9-10-12-13-10-10-12-10-10-11-5	10-12-7-10-12-12-12-10-9-9-12-10	9-10-10-8-10-10-9-9-9-11-10-11	10-5-9-12-11-10-12-9-3-10-8-10
439	12	10-10-10-10-10-10-10-10-10-10-10-10	10-13-13-10-10-10-10-10-10-10-10-10	11-11-10-10-11-11-11-9-10-13-13-12	11-12-10-10-11-11-10-6-12-10-12-11	10-9-11-10-9-13-11-11-13-12-10-11	10-11-11-12-12-9-13-12-12-12-9-12	11-12-10-12-11-11-13-13-6-12-9-11	9-11-9-11-11-9-10-10-11-12-10-9	11-9-11-11-12-10-9-11-13-10-11-10	10-11-12-10-11-11-10-12-11-9-11-10	9-10-10-8-10-10-9-10-9-11-10-11	10-10-9-11-9-10-11-10-13-10-8-10
439	13	10-10-10-10-10-10-10-10-10-10-10-10	10-12-12-10-10-10-10-11-10-13-10-10	13-13-14-10-13-11-13-13-13-12-12-13	14-9-13-10-11-11-10-6-12-10-10-13	10-13-14-10-13-12-12-11-12-10-10-11	10-10-11-11-12-10-12-10-12-12-10-13	14-10-10-13-10-13-12-12-10-10-11-10	13-11-10-11-11-13-8-10-13-9-11-9	13-9-13-11-11-10-13-10-12-10-11-10	10-13-13-10-11-11-13-10-13-9-13-10	13-10-10-8-10-13-9-13-13-11-10-11	13-5-9-13-13-10-10-10-12-10-8-10
439	14	14-14-14-10-14-10-10-14-10-10-14-14	10-10-10-10-10-10-11-11-13-14-13-10	12-13-14-10-14-14-14-14-10-14-12-14	13-14-14-13-14-14-10-14-14-14-14-13	10-9-14-14-14-14-13-14-14-14-7-7	14-14-14-10-14-7-14-14-14-14-14-13	13-14-14-14-10-14-10-14-14-10-10-12	14-11-10-14-14-9-8-10-13-10-10-9	10-14-14-14-10-10-10-10-14-10-11-5	10-10-14-14-14-5-14-10-14-14-9-14	10-10-10-8-10-10-10-10-14-10-10-14	10-14-14-13-11-14-14-10-14-14-14-10
440	0	0-0-0-0-0-0-0-0-0-0-0-0	0-0-0-0-0-0-0-0-0-0-0-0	0-0-0-0-0-0-0-0-0-0-0-0	0-0-0-0-0-0-0-0-0-0-0-0	0-0-0-0-0-0-0-0-0-0-0-0	0-0-0-0-0-0-0-0-0-0-0-0	0-0-0-0-0-0-0-0-0-0-0-0	0-0-0-0-0-0-0-0-0-0-0-0	0-0-0-0-0-0-0-0-0-0-0-0	0-0-0-0-0-0-0-0-0-0-0-0	0-0-0-0-0-0-0-0-0-0-0-0	0-0-0-0-0-0-0-0-0-0-0-0
440	1	1-1-1-1-1-1-1-1-1-1-1-1	1-1-1-1-1-1-0-0-1-1-1-0	0-0-0-2-2-0-2-0-0-2-2-2	2-0-0-2-2-2-0-2-2-0-2-0	1-0-2-3-0-1-0-2-0-1-2-0	2-0-1-1-1-0-2-2-1-1-2-4	2-1-1-0-1-0-1-2-1-1-2-1	0-1-2-1-1-0-1-1-0-1-0-0	0-0-0-1-0-0-0-0-1-1-1-1	1-1-1-0-1-2-1-1-6-0-0-1	0-1-1-0-2-1-0-0-0-1-1-1	0-1-0-0-1-1-1-0-1-1-1-1
440	2	2-2-1-2-2-2-2-2-2-2-2-2	3-2-1-1-2-2-2-3-2-3-1-2	5-3-0-1-1-5-5-3-0-3-3-1	1-3-3-3-1-1-2-1-1-2-5-0	1-2-1-1-4-1-3-1-2-2-1-3	1-0-4-8-2-1-3-1-2-2-3-2	1-1-2-0-2-2-2-2-2-2-1-5	2-2-1-3-5-0-2-3-2-2-2-2	2-2-2-2-2-4-2-3-1-2-1-2	2-2-2-3-1-1-2-2-0-2-2-1	2-2-2-2-1-2-2-5-2-3-2-2	0-2-0-0-5-2-1-2-2-2-1-2
440	3	3-3-3-3-2-3-3-3-3-3-3-3	4-3-3-1-3-4-2-4-2-2-1-4	0-3-2-4-1-2-4-5-4-2-4-4	2-2-4-2-1-1-2-1-4-4-2-0	1-0-0-1-2-4-2-1-2-0-1-2	1-0-2-2-2-1-4-2-2-3-2-3	1-1-3-0-2-3-3-4-4-3-1-2	4-1-1-2-1-0-3-2-2-3-2-3	3-6-4-2-3-2-0-2-4-4-4-4	2-4-3-4-1-2-1-2-4-2-0-4	2-2-4-3-2-4-3-0-2-4-4-2	0-4-0-0-6-3-4-3-3-3-3-3
440	4	4-4-4-4-4-4-4-5-4-5-4-4	3-5-4-1-5-3-0-3-2-3-1-3	0-4-3-5-1-2-3-5-5-4-5-3	2-2-5-2-2-2-5-1-5-3-2-0	1-0-0-5-2-3-5-4-5-2-2-0	1-0-2-2-4-9-5-5-4-3-4-3	0-5-3-0-2-4-4-3-3-4-0-2	3-2-3-2-1-3-4-2-2-4-2-4	4-0-3-2-4-2-4-5-3-4-3-3	4-3-3-4-3-4-8-4-4-2-10-3	3-4-3-4-5-3-4-0-2-3-3-3	6-3-0-0-3-4-3-4-5-8-5-4
440	5	6-4-5-5-4-5-5-4-5-4-4-4	3-4-4-6-4-3-6-4-6-2-7-6	7-6-7-6-6-2-6-6-4-6-4-6	5-6-4-5-6-6-4-7-4-4-2-0	7-0-5-6-2-3-6-6-4-7-5-5	6-7-5-2-5-7-4-5-2-3-6-7	1-4-4-0-2-3-3-6-2-5-5-6	3-5-5-6-2-5-10-5-2-5-5-2	2-0-5-2-8-5-0-6-4-5-6-9	6-2-4-5-6-5-5-4-6-6-5-6	2-2-3-4-4-5-0-2-2-5-6-2	0-5-5-5-2-5-1-4-4-5-4-4
440	6	6-6-6-6-6-6-6-6-6-6-4-6	7-8-7-5-8-7-7-7-5-3-5-7	5-6-5-5-5-8-7-7-7-7-7-5	5-7-5-5-5-5-7-5-6-4-7-0	5-0-0-5-2-8-5-5-7-6-5-5	5-5-5-7-6-5-7-6-6-6-5-6	0-4-6-0-8-6-6-5-6-8-5-5	6-5-5-7-7-5-4-7-5-6-5-6	5-3-2-7-6-5-10-5-3-5-5-5	7-2-6-7-5-5-7-4-5-10-5-5	6-2-4-6-10-4-7-0-9-5-5-2	6-5-5-0-3-5-8-4-6-5-4-4
440	7	7-7-7-7-6-7-6-7-8-8-8-8	6-10-6-5-6-6-6-6-8-7-5-8	5-7-5-5-5-8-6-8-6-8-8-6	7-6-8-5-5-5-6-5-8-8-6-0	5-0-0-5-2-6-8-7-6-5-5-5	0-5-5-7-8-5-8-6-7-7-4-5	0-8-7-0-6-7-7-6-7-7-0-5	6-5-6-6-6-10-8-6-9-8-0-7	7-8-8-6-7-7-0-10-5-6-7-3	6-7-7-8-8-4-6-7-6-7-10-7	6-8-7-8-9-3-6-0-9-5-9-2	9-5-5-0-10-7-1-7-8-5-7-4
440	8	7-6-10-8-8-7-8-7-6-8-7-7	9-6-6-8-6-7-9-9-7-9-9-9	8-8-9-5-5-9-8-9-9-7-7-8	9-9-9-5-5-8-7-5-7-8-7-9	5-8-8-7-8-6-9-8-9-8-5-8	8-8-5-2-7-8-7-5-7-3-2-9	10-7-7-0-6-8-7-9-7-6-9-9	6-6-9-8-8-8-7-6-2-7-8-7	8-8-7-6-9-7-8-8-3-8-5-5	8-8-6-9-7-5-4-4-8-8-9-6	8-7-7-6-8-8-6-8-9-8-8-2	0-5-8-8-8-8-6-8-7-4-4-4
440	9	9-9-10-10-10-10-10-10-10-10-10-10	10-6-10-10-10-10-10-10-10-10-10-10	9-9-10-10-9-10-9-8-10-9-10-9	8-8-8-9-9-9-8-5-7-8-9-9	10-8-9-5-8-9-10-9-8-8-5-9	9-8-5-9-7-8-8-10-7-3-6-8	10-7-6-8-10-9-4-10-2-10-9-8	6-9-8-9-9-10-7-5-7-8-8-6	8-9-8-9-8-9-8-8-9-10-9-5	8-9-8-8-9-10-9-7-9-8-8-9	8-2-9-6-8-9-6-8-8-9-9-9	10-9-9-8-8-8-9-8-7-8-7-6
440	10	10-10-9-9-10-9-9-10-10-9-10-10	9-7-10-9-9-9-9-9-9-10-9-9	9-9-9-9-10-9-10-10-9-10-10-9	9-10-9-9-10-10-7-5-10-10-10-8	9-8-10-10-10-10-9-10-7-10-5-9	10-10-10-10-10-10-10-9-10-10-10-9	9-10-10-10-6-10-7-9-10-9-8-8	10-9-5-9-10-9-5-5-9-9-9-10	8-10-10-10-9-10-10-10-10-9-9-7	8-10-10-10-10-9-10-7-8-10-10-9	6-10-7-6-9-8-10-8-10-10-10-10	10-10-10-0-7-10-10-8-10-10-10-3
441	0	0-0-0-0-0-0-0-0-0-0-0-0	0-0-0-0-0-0-0-0-0-0-0-0	0-0-0-0-0-0-0-0-0-0-0-0	0-0-0-0-0-0-0-0-0-0-0-0	0-0-0-0-0-0-0-0-0-0-0-0	0-0-0-0-0-0-0-0-0-0-0-0	0-0-0-0-0-0-0-0-0-0-0-0	0-0-0-0-0-0-0-0-0-0-0-0	0-0-0-0-0-0-0-0-0-0-0-0	0-0-0-0-0-0-0-0-0-0-0-0	0-0-0-0-0-0-0-0-0-0-0-0	0-0-0-0-0-0-0-0-0-0-0-0
441	1	1-1-1-1-1-1-1-1-1-1-1-1	2-2-1-1-2-1-2-2-1-2-1-2	1-1-2-1-1-2-2-1-2-0-2-1	2-1-0-0-1-2-2-1-0-0-0-1	0-2-2-1-2-0-2-2-0-1-1-1	1-4-1-1-1-2-0-2-1-0-0-2	2-1-1-5-1-1-2-2-0-1-0-2	1-1-2-1-1-2-2-1-2-2-2-1	2-2-1-0-2-2-2-1-0-1-1-0	4-4-1-3-1-1-2-1-4-2-4-1	2-1-5-0-4-0-1-4-2-1-0-1	1-0-1-2-2-5-1-2-4-1-2-1
441	2	1-2-2-1-2-2-2-2-2-2-2-1	1-1-1-2-1-1-1-1-1-1-2-1	1-2-1-3-3-1-3-1-1-3-3-3	3-1-1-3-3-3-1-3-3-0-3-1	3-1-1-3-1-2-1-3-0-2-0-3	3-1-2-2-2-1-2-1-2-0-1-1	1-3-2-1-2-1-1-1-1-1-3-1	1-2-3-2-2-1-1-2-1-1-1-1	1-1-1-2-1-1-1-3-3-4-2-0	2-1-1-3-2-3-1-1-1-1-1-3	1-2-1-0-3-2-1-1-1-2-0-1	1-2-1-1-1-1-2-1-1-2-1-1
441	3	3-3-2-3-3-3-3-4-3-3-3-3	4-3-2-2-3-1-1-4-3-3-2-3	6-2-1-2-2-5-2-2-2-2-2-2	2-4-4-2-2-2-3-2-2-3-2-2	2-3-1-3-4-2-4-4-3-3-2-2	2-6-5-6-3-1-4-4-3-3-10-3	5-2-3-1-4-3-3-3-3-4-2-6	8-3-2-4-3-3-1-4-10-3-3-6	3-6-3-3-3-1-1-5-3-3-2-0	3-1-1-2-2-2-3-3-1-1-3-2	3-3-1-0-6-3-1-1-3-2-5-3	1-3-1-1-3-3-2-1-1-3-1-3
441	4	4-4-4-4-4-3-4-3-4-4-4-4	3-4-4-2-5-5-1-5-3-3-2-6	1-4-1-3-2-3-5-5-5-5-5-4	3-3-5-3-2-2-5-2-5-4-5-1	2-1-1-2-3-5-5-3-3-3-6-3	2-1-3-3-4-1-3-3-3-4-4-4	1-2-6-1-3-4-3-5-4-3-5-3	4-4-5-3-5-1-1-3-3-5-3-3	3-6-3-3-3-1-1-5-5-2-5-5	1-5-1-5-5-5-1-4-1-1-5-3	1-3-1-4-1-5-1-1-3-5-3-3	1-3-2-1-5-1-2-1-1-5-6-4
441	5	5-5-5-5-4-5-5-5-5-5-5-5	4-6-4-2-4-6-1-4-3-3-4-7	1-5-5-4-2-3-6-4-4-4-6-5	6-4-6-4-2-2-4-2-6-6-6-1	2-1-2-9-3-4-6-5-6-3-0-3	2-1-3-1-5-1-6-3-5-5-12-4	3-6-4-1-3-5-5-4-8-5-4-3	5-4-4-3-4-4-6-3-1-4-1-1	5-1-2-3-5-1-5-4-4-6-4-4	4-4-6-4-6-4-1-3-5-1-5-2	1-3-6-5-1-6-7-6-3-4-3-5	1-6-1-1-4-1-2-1-1-4-5-4
441	6	7-5-5-5-6-5-5-7-6-5-8-7	7-5-5-7-4-5-7-7-6-3-7-7	7-7-7-7-7-7-7-7-7-7-5-6	7-7-7-7-7-7-7-6-5-5-5-7	7-7-15-8-3-4-7-7-5-7-6-7	7-7-3-6-6-7-5-7-3-4-5-7	7-7-4-7-7-6-5-5-3-6-7-3	5-7-3-6-3-6-6-6-7-5-6-3	7-3-6-3-6-6-6-6-6-6-4-3	6-1-5-7-7-6-6-5-7-5-7-6	7-3-5-5-3-5-7-5-7-6-6-3	6-6-6-6-7-6-3-6-1-5-4-7
441	7	6-7-7-7-7-7-7-7-7-5-7-7	6-5-5-6-4-6-6-6-6-3-6-6	6-8-6-6-6-6-6-6-7-8-6-7	6-6-6-6-6-6-7-6-8-8-8-6	6-6-6-6-8-8-6-6-8-6-6-6	6-6-3-7-7-6-8-6-7-7-5-6	6-6-7-6-6-7-5-6-7-7-6-8	7-4-6-6-4-3-10-6-6-8-6-1	6-7-7-3-7-6-7-6-3-6-6-8	7-1-7-6-6-6-6-5-6-7-6-7	6-3-5-5-7-15-7-1-6-6-6-7	7-3-9-6-7-7-2-7-7-9-7-6
441	8	9-9-9-8-11-9-9-10-10-8-9-8	9-5-9-8-9-9-9-9-9-9-9-9	8-7-9-6-8-7-8-8-9-7-8-8	9-8-6-9-8-6-8-6-7-8-7-6	8-9-7-8-7-7-8-8-7-8-8-8	8-7-7-11-7-6-7-8-11-4-10-9	14-6-8-10-8-9-10-11-7-6-10-7	8-4-10-6-3-10-7-6-7-9-8-10	10-10-8-3-9-8-8-8-8-14-8-7	8-1-8-10-10-6-6-8-15-9-8-9	10-3-9-9-7-10-8-8-10-8-6-8	8-14-8-9-10-12-7-8-12-10-8-8
441	9	12-12-12-12-8-12-8-11-10-11-12-15	10-12-8-11-11-10-8-10-10-8-10-11	9-9-10-10-9-10-10-10-10-10-10-9	10-10-10-10-9-9-10-13-11-11-10-6	9-8-12-11-11-9-10-9-10-10-11-12	11-10-13-8-7-9-10-10-8-10-11-8	12-11-10-8-10-8-15-8-7-7-9-11	9-9-10-9-9-8-7-15-3-8-9-8	8-8-11-9-11-10-11-9-11-15-9-10	9-9-9-12-11-11-12-10-12-8-9-11	9-11-11-8-13-7-10-10-8-9-10-15	9-9-10-11-8-10-11-11-8-8-12-15
441	10	9-9-10-9-10-9-9-8-8-9-9-9	9-5-8-9-9-9-8-9-9-9-9-8	8-9-9-11-9-9-9-9-9-9-9-9	9-9-9-9-12-12-9-9-9-9-9-6	12-8-6-11-3-9-9-11-9-9-15-12	9-9-12-8-8-6-9-9-9-9-3-11	9-9-9-8-10-8-8-9-7-7-8-12	9-11-9-12-12-8-7-13-3-8-11-8	8-8-9-11-11-9-9-11-9-9-11-9	9-9-8-7-8-9-9-9-12-8-9-11	9-9-9-8-9-8-8-9-8-12-9-9	7-3-9-9-8-9-10-8-8-8-9-9
441	11	9-9-8-9-8-9-8-9-9-9-9-9	9-5-8-9-9-9-8-12-9-8-9-9	11-11-12-10-9-9-12-11-9-9-12-12	12-12-12-10-10-10-11-9-9-9-10-6	10-14-6-10-11-9-12-10-9-11-9-11	9-9-10-8-7-15-11-9-11-11-9-10	14-9-7-13-11-11-5-8-7-6-13-9	13-10-13-10-10-13-7-10-3-8-10-12	11-13-12-10-9-9-11-12-9-9-10-9	9-9-8-9-9-9-9-9-12-13-9-9	13-9-9-8-9-8-13-11-12-10-9-9	7-9-11-11-11-9-9-9-8-11-9-9
441	12	9-9-9-9-12-9-9-12-8-9-9-9	9-13-13-9-9-9-8-11-9-8-9-8	11-12-11-10-13-9-13-11-9-13-13-13	11-11-11-9-10-10-9-9-13-9-13-6	10-11-9-10-14-13-11-11-13-9-9-11	9-11-10-8-7-11-13-9-12-12-5-12	9-13-13-8-11-11-15-8-7-13-10-15	12-10-10-10-10-11-7-10-3-8-9-11	12-11-11-10-12-13-9-11-12-10-10-13	9-10-12-13-9-9-9-13-10-11-9-9	11-9-13-8-9-14-11-13-11-10-9-9	12-9-11-9-9-9-9-12-8-12-9-12
441	13	8-9-9-8-12-9-8-9-8-9-9-12	9-12-12-9-9-9-8-9-8-8-9-8	11-11-9-10-14-14-12-14-9-12-12-12	14-12-13-9-14-14-9-9-12-12-12-6	9-11-14-14-11-12-12-14-12-11-9-13	9-13-9-13-7-11-12-9-12-12-11-14	15-12-12-11-12-13-12-8-7-12-11-13	11-10-11-13-13-11-7-10-15-13-9-11	11-11-9-13-13-9-11-13-9-9-13-12	11-9-8-12-8-9-9-12-13-11-9-13	11-9-12-8-9-8-11-11-8-9-9-13	7-5-13-13-8-9-9-8-8-11-4-9
441	14	15-14-15-15-12-15-14-15-15-15-15-15	15-15-15-15-15-15-15-15-15-15-15-15	14-14-15-10-13-13-14-14-15-12-14-15	13-14-15-15-13-13-15-9-12-12-12-11	14-15-9-13-12-14-15-13-12-14-14-14	14-13-12-14-14-9-13-12-14-14-9-13	15-12-14-11-14-14-12-15-14-15-15-12	14-14-11-13-14-15-14-9-13-14-14-15	15-11-14-13-9-9-11-13-14-14-10-12	14-14-13-13-14-9-15-15-14-14-14-14	15-12-9-8-9-12-14-8-8-14-9-13	15-8-14-14-14-9-9-14-14-14-14-14
441	15	15-15-14-14-15-15-14-15-15-14-15-15	14-14-15-14-14-14-14-14-14-15-14-14	14-14-15-10-15-15-15-14-14-15-15-15	14-15-14-14-15-15-14-15-15-15-15-11	9-14-6-15-14-15-14-14-12-15-10-11	15-15-15-13-15-11-15-15-15-15-15-15	13-15-15-15-14-15-12-14-15-15-14-12	15-15-9-15-15-14-7-9-13-15-10-14	14-15-6-15-9-15-15-9-15-9-10-12	14-15-15-15-15-9-14-14-15-15-14-15	14-9-15-15-9-7-14-14-15-14-9-15	14-9-15-14-13-15-15-14-14-15-15-9
442	0	0-0-0-0-0-0-0-0-0-0-0-0	0-0-0-0-0-0-0-0-0-0-0-0	0-0-0-0-0-0-0-0-0-0-0-0	0-0-0-0-0-0-0-0-0-0-0-0	0-0-0-0-0-0-0-0-0-0-0-0	0-0-0-0-0-0-0-0-0-0-0-0	0-0-0-0-0-0-0-0-0-0-0-0	0-0-0-0-0-0-0-0-0-0-0-0	0-0-0-0-0-0-0-0-0-0-0-0	0-0-0-0-0-0-0-0-0-0-0-0	0-0-0-0-0-0-0-0-0-0-0-0	0-0-0-0-0-0-0-0-0-0-0-0
442	1	1-1-1-1-0-1-1-1-1-1-0-0	1-0-0-1-0-1-1-1-0-0-1-1	1-1-3-0-1-0-2-1-0-0-0-1	1-1-1-1-0-1-1-1-0-0-0-8	0-1-6-0-1-0-0-1-0-1-1-1	1-1-0-1-0-2-0-1-0-0-1-1	9-0-0-1-1-1-0-1-1-1-1-1	1-0-0-1-0-1-0-0-1-1-1-1	1-1-0-2-7-1-1-1-0-0-0-1	1-1-1-1-0-1-0-0-1-3-1-0	7-0-0-0-0-1-1-1-7-1-1-1	1-1-1-1-1-1-1-1-0-0-1-0
442	2	2-2-2-2-2-2-3-2-2-2-3-2	3-3-3-2-3-3-3-3-3-3-3-2	2-1-1-3-3-3-3-3-4-2-2-2	3-3-3-3-2-1-3-6-2-3-2-2	3-2-2-3-3-2-3-2-3-2-3-2	3-1-3-2-3-1-2-3-2-2-13-1	13-2-3-2-2-2-3-3-3-4-2-3	2-2-3-1-2-1-3-2-2-2-2-4	11-3-2-2-2-4-2-3-3-3-2-3	3-8-2-2-3-2-5-2-4-2-2-2	3-3-2-2-3-3-4-3-2-2-3-2	2-2-2-10-3-3-2-3-2-2-4-3
442	3	2-2-2-2-2-2-2-2-2-2-2-2	2-2-2-3-2-2-2-2-2-2-6-4	6-3-1-4-4-2-4-2-2-3-4-4	4-2-2-2-4-4-2-4-4-2-4-1	2-1-4-4-8-3-4-3-2-2-2-3	4-4-2-2-2-5-3-2-2-2-0-1	1-3-2-1-3-1-2-2-2-2-4-2	2-3-4-3-3-1-2-2-1-7-2-2	2-2-2-3-4-2-1-2-2-5-4-2	2-3-2-4-2-4-2-2-8-2-1-4	2-2-2-2-2-2-2-2-2-3-2-2	2-3-1-1-2-2-3-2-2-2-2-2
442	4	2-2-2-2-2-2-2-2-2-2-2-2	2-2-2-3-2-2-2-5-4-5-3-3	7-3-2-3-3-7-3-2-2-5-3-3	5-5-5-3-3-3-5-3-3-4-3-1	2-4-3-3-7-3-5-3-4-2-6-3	3-6-5-2-4-3-5-5-2-4-14-4	3-5-2-1-5-4-4-5-4-2-3-7	2-3-5-5-4-4-4-5-5-2-4-2	2-7-4-4-3-2-1-4-2-4-3-4	4-4-4-3-3-3-2-4-2-4-5-3	4-4-2-2-5-4-2-4-4-5-5-4	2-4-1-1-4-2-3-2-0-2-2-2
442	5	2-5-5-2-2-5-2-2-5-2-7-2	2-7-6-3-2-2-2-6-7-4-3-8	3-5-6-3-3-4-6-7-2-4-6-3	4-4-4-2-3-3-4-3-6-2-4-1	3-2-3-5-4-6-4-4-4-2-2-3	3-6-4-2-2-3-4-4-2-5-2-4	2-4-6-1-4-6-16-7-5-2-3-4	2-3-4-4-3-4-5-4-4-2-4-2	2-4-4-4-5-2-1-4-5-3-3-2	4-3-5-6-2-7-2-4-6-4-4-9	4-16-6-2-4-2-2-2-1-4-4-4	2-4-1-1-2-2-3-2-2-2-2-2
442	6	6-6-6-6-6-6-6-6-5-2-6-7	2-7-7-3-2-2-2-5-5-4-3-7	3-6-5-3-3-4-5-8-5-7-7-6	4-4-7-6-3-3-7-3-7-7-4-1	3-1-1-7-4-5-7-6-7-2-4-3	4-4-4-2-7-3-7-7-6-5-6-4	1-3-5-1-4-5-7-5-7-2-3-4	2-3-4-4-3-4-5-4-4-2-4-2	16-4-5-4-6-2-2-4-7-7-3-8	4-3-6-5-3-5-10-6-5-4-1-3	4-4-8-16-6-7-10-2-1-4-4-4	2-4-1-1-6-2-3-2-2-10-2-2
442	7	7-2-6-6-6-2-2-5-2-2-5-6	2-6-6-3-2-6-2-6-5-4-10-6	8-6-9-3-8-4-8-8-7-6-6-6	7-4-6-7-8-8-6-9-6-6-6-1	9-1-1-8-4-5-8-8-6-9-7-8	8-9-8-2-6-13-6-6-2-4-9-9	1-5-5-1-4-5-6-8-4-16-8-4	2-8-10-8-4-1-5-9-4-3-7-2	8-4-5-4-9-8-1-8-6-7-8-7	4-2-6-7-8-5-7-6-8-8-8-7	4-4-6-6-7-6-1-10-1-10-4-4	6-7-7-7-4-2-4-2-2-8-2-5
442	8	8-8-8-8-8-8-8-8-8-9-8-8	2-6-9-3-2-2-2-6-5-4-7-9	7-8-7-3-7-6-7-10-10-9-9-7	7-7-9-7-7-7-6-7-9-9-8-1	7-1-1-7-4-9-7-7-8-8-7-7	7-7-7-2-10-7-7-8-2-8-7-8	3-8-10-1-9-8-2-7-5-2-7-7	2-7-2-7-9-1-14-7-4-8-9-2	7-8-9-7-6-9-1-7-8-7-7-9	10-2-8-9-7-5-7-6-3-7-7-7	4-4-6-6-2-6-8-2-7-7-4-10	9-7-7-7-2-2-9-2-5-7-2-5
442	9	10-8-8-8-9-11-8-14-8-8-8-9	10-8-8-3-2-9-9-10-5-10-10-8	7-9-7-3-10-10-8-8-10-10-8-10	10-10-10-10-7-7-8-7-8-10-8-1	7-1-1-10-4-8-10-7-10-7-7-7	2-7-7-2-9-7-10-8-9-9-7-7	1-3-8-1-8-5-6-9-10-10-7-7	2-7-8-7-8-9-8-7-4-10-8-2	2-9-8-7-7-8-1-7-8-6-9-8	2-2-6-10-7-3-9-6-10-9-10-5	4-4-10-9-9-6-9-2-1-9-9-4	8-7-1-7-2-2-8-2-2-7-2-9
442	10	9-10-8-10-10-9-10-8-10-10-10-10	9-8-8-11-10-9-11-9-11-9-9-11	10-11-12-3-9-9-10-8-9-9-10-9	11-9-9-9-7-11-8-7-8-9-9-12	7-11-15-9-12-8-9-10-9-14-7-10	11-13-8-11-10-7-9-13-9-9-6-12	12-7-8-13-13-5-9-9-9-9-13-10	2-7-7-11-13-14-8-7-8-9-10-10	14-9-10-13-7-10-14-7-8-2-11-9	15-14-6-9-8-6-6-6-13-14-9-8	12-5-9-9-6-6-12-7-14-7-9-8	10-9-10-14-14-2-3-2-6-6-2-2
442	11	12-13-13-13-14-12-12-13-13-16-11-13	13-13-12-13-12-13-13-14-12-13-11-12	11-12-12-12-11-12-12-11-12-12-12-11	12-11-12-12-12-11-11-7-12-11-12-10	12-10-10-9-12-11-12-12-9-11-12-11	11-12-9-13-9-12-9-13-6-2-0-12	16-12-11-12-11-12-13-11-9-13-12-12	12-12-13-12-13-12-8-12-4-13-13-11	16-12-11-13-12-11-12-11-8-12-10-8	10-13-15-9-12-12-12-11-10-12-13-8	12-4-13-15-15-13-15-14-13-11-9-8	13-7-11-15-14-13-8-13-13-12-2-12
442	12	11-11-11-11-11-11-11-11-11-11-11-11	11-6-11-14-11-11-11-11-11-11-11-11	13-13-11-11-12-11-13-13-12-11-13-13	11-13-11-11-11-13-11-7-11-9-12-12	11-13-10-9-14-12-13-13-10-13-11-11	11-12-8-12-8-14-11-8-12-2-0-10	11-11-11-11-12-12-6-11-9-11-14-14	11-11-14-11-8-13-8-11-4-12-12-14	11-11-13-11-13-12-11-14-11-11-11-8	13-2-11-11-11-11-11-11-10-14-13-12	13-5-11-11-11-11-13-11-14-11-9-4	11-4-11-11-11-2-8-12-2-13-2-11
442	13	11-11-11-11-11-13-11-11-11-11-13-11	11-14-11-11-11-11-11-11-11-11-11-11	12-12-11-11-15-12-14-12-12-13-14-12	11-12-11-13-11-12-14-7-15-15-15-1	7-12-10-9-12-13-12-12-13-12-9-11	11-10-7-11-9-12-10-11-13-13-15-13	11-15-13-10-10-13-15-12-13-11-11-15	2-8-12-11-11-12-8-7-4-11-12-12	2-13-12-11-12-8-15-12-13-11-11-10	12-11-8-16-13-11-11-11-10-12-11-13	12-13-11-11-11-11-12-11-12-11-9-14	11-7-9-10-12-11-3-11-11-12-13-16
442	14	11-11-11-11-11-11-11-11-11-11-11-11	11-13-11-12-11-11-11-11-11-11-11-11	14-14-15-15-14-12-13-12-11-15-13-14	14-12-11-14-14-15-13-7-14-13-13-1	15-12-10-14-12-14-15-14-14-12-14-14	12-12-16-12-15-12-14-14-9-5-4-15	10-14-11-10-13-14-11-14-9-14-14-12	2-14-12-14-14-12-8-14-4-14-12-12	11-13-4-14-16-9-10-12-11-7-14-8	10-14-11-13-14-14-14-6-14-12-11-15	12-4-6-9-11-11-12-11-10-14-9-8	11-7-14-10-11-2-14-11-11-12-2-13
442	15	11-11-11-11-11-11-11-11-11-11-11-11	11-13-11-11-11-11-11-16-11-11-11-16	15-15-14-14-13-11-13-12-15-14-13-13	14-15-15-14-14-14-16-14-13-13-13-1	14-15-10-14-14-14-16-14-13-15-14-15	11-15-14-15-14-14-14-14-13-13-13-14	15-13-11-10-15-15-13-15-15-11-15-13	11-14-15-14-14-16-8-14-14-15-15-15	15-15-15-14-15-2-13-15-8-11-14-7	10-15-11-13-14-14-14-11-10-15-11-14	12-13-13-11-11-12-11-11-15-14-9-15	11-9-15-11-15-11-14-12-2-15-2-13
442	16	16-16-11-11-16-16-11-16-16-11-16-16	11-13-11-11-11-11-14-15-11-16-14-15	14-15-16-14-16-16-16-16-15-16-16-16	15-16-15-15-16-16-15-16-14-16-16-12	11-12-16-16-12-16-15-16-13-16-14-7	16-16-14-16-16-12-16-16-16-16-16-16	11-16-16-16-13-16-5-15-16-16-11-16	16-16-14-16-16-15-8-7-16-11-11-16	11-16-16-16-14-16-16-16-16-11-14-6	8-16-16-13-16-3-16-11-16-16-16-16	11-5-0-11-13-16-16-16-16-11-16-16	11-4-16-10-11-16-16-2-16-16-16-13
443	0	0-0-0-0-0-0-0-0-0-0-0-0	0-0-0-0-0-0-0-0-0-0-0-0	0-0-0-0-0-0-0-0-0-0-0-0	0-0-0-0-0-0-0-0-0-0-0-0	0-0-0-0-0-0-0-0-0-0-0-0	0-0-0-0-0-0-0-0-0-0-0-0	0-0-0-0-0-0-0-0-0-0-0-0	0-0-0-0-0-0-0-0-0-0-0-0	0-0-0-0-0-0-0-0-0-0-0-0	0-0-0-0-0-0-0-0-0-0-0-0	0-0-0-0-0-0-0-0-0-0-0-0	0-0-0-0-0-0-0-0-0-0-0-0
443	1	0-0-0-0-0-1-0-0-0-0-1-0	0-0-0-0-0-0-2-0-0-0-2-1	3-2-0-0-0-0-0-0-1-0-0-0	2-0-0-0-2-2-1-2-0-0-0-6	0-0-3-0-0-0-0-0-0-0-1-2	0-2-0-0-0-0-2-1-0-0-0-3	0-0-0-7-1-0-0-0-2-0-0-0	1-0-0-2-0-0-0-0-1-1-0-0	0-9-1-1-0-0-1-1-1-0-1-0	0-0-1-1-1-0-1-1-5-1-1-0	0-0-0-0-0-1-1-0-0-1-0-1	0-0-1-1-0-0-1-0-0-1-0-0
443	2	2-3-2-3-2-2-3-2-2-2-2-3	3-3-3-3-3-3-3-3-3-3-3-3	2-3-3-3-2-3-3-3-4-3-8-2	3-3-3-3-1-1-3-4-3-3-2-1	2-0-2-0-2-2-2-2-2-3-5-2	5-3-3-2-2-5-2-3-3-2-0-2	10-2-3-2-2-2-4-5-3-2-10-3	2-2-3-1-2-3-2-3-2-3-3-8	2-1-2-2-4-5-12-7-3-2-2-3	3-2-2-5-4-3-3-3-7-7-2-2	4-3-3-0-8-9-2-4-2-2-5-2	3-3-2-2-9-3-2-3-3-2-2-4
443	3	2-2-2-2-2-2-2-2-2-2-2-2	2-2-2-3-2-2-2-4-2-2-2-2	1-4-4-2-5-4-4-4-2-2-4-4	4-3-2-5-3-4-2-4-4-2-4-1	6-0-1-5-3-3-3-3-3-2-2-3	2-2-3-3-2-2-4-2-2-2-0-4	6-2-2-2-3-2-2-2-2-2-3-2	2-3-2-3-3-2-2-4-3-2-2-2	3-1-2-3-4-2-1-3-2-2-3-3	2-3-2-2-2-2-2-2-1-2-1-4	2-2-2-0-2-2-1-2-0-2-2-2	2-3-6-1-2-2-2-2-2-2-2-2
443	4	2-2-2-2-2-2-2-2-2-2-2-2	2-2-2-2-2-2-2-7-4-6-3-4	1-3-3-2-3-7-3-3-2-7-3-3	3-5-5-3-3-5-2-3-3-4-3-1	3-4-2-3-5-4-5-5-5-4-2-3	2-5-6-5-2-2-5-2-4-4-4-5	2-2-2-4-5-4-2-2-4-2-3-5	4-3-5-5-4-2-2-3-5-2-2-2	4-1-4-5-2-2-5-5-2-2-3-3	5-5-2-2-5-5-4-2-0-2-1-3	2-7-2-0-4-4-1-6-5-4-2-4	2-5-3-4-2-2-2-2-2-2-2-2
443	5	4-5-6-5-5-2-2-7-2-5-5-2	2-7-2-3-2-2-2-6-2-4-3-6	3-5-3-2-3-4-6-6-2-4-6-3	4-4-4-3-3-4-4-3-6-7-3-1	3-0-1-3-4-7-4-4-4-4-2-3	2-4-4-4-5-2-4-2-4-5-10-5	3-2-2-5-4-5-7-2-5-2-5-6	2-5-4-4-6-2-2-4-4-2-2-2	4-1-4-4-8-2-4-4-8-2-5-6	4-4-2-2-4-6-2-5-6-2-2-2	4-2-2-0-2-6-1-4-4-6-2-4	2-4-3-4-4-2-2-2-2-2-2-2
443	6	6-7-5-7-7-6-6-6-2-2-6-5	2-7-7-2-2-2-2-5-2-4-3-5	3-6-3-3-3-4-5-5-8-4-5-7	4-4-7-3-4-4-7-3-7-5-4-1	3-0-1-3-4-5-7-6-7-4-2-3	2-4-4-8-6-2-7-7-6-6-0-4	3-3-2-5-4-5-6-7-5-6-4-5	2-5-2-7-5-2-6-4-4-6-4-2	4-1-4-4-0-2-5-5-5-6-6-5	8-4-6-2-6-5-7-9-5-2-7-2	2-2-6-8-2-5-1-4-4-5-2-4	2-4-3-4-4-2-2-2-2-2-2-2
443	7	6-6-8-5-6-6-2-5-7-2-6-6	2-5-6-8-2-2-4-8-2-4-8-8	9-7-9-9-8-4-8-8-7-4-6-8	8-8-6-8-8-8-6-9-6-5-6-8	8-0-7-8-4-5-8-8-6-4-8-8	8-8-8-4-6-9-6-6-4-6-8-9	7-2-4-4-2-4-5-6-5-6-8-4	2-5-2-6-6-2-6-6-4-6-7-2	4-1-6-4-9-2-1-8-6-8-5-6	2-4-6-7-8-8-7-6-8-2-8-7	0-4-2-6-7-2-1-7-6-2-7-4	7-7-3-7-8-2-3-2-2-7-2-2
443	8	8-8-8-8-10-8-8-8-7-8-8-8	8-11-9-7-6-2-9-9-7-9-7-7	7-8-7-7-7-9-9-7-8-9-9-7	7-7-7-7-7-7-9-7-9-8-9-7	7-0-3-7-10-9-9-7-8-8-7-7	7-7-9-6-8-7-9-8-5-8-7-8	2-8-8-7-9-5-8-7-5-8-7-9	2-8-12-9-9-2-8-11-4-8-9-2	2-1-4-4-5-9-2-7-5-7-8-9	6-4-6-2-7-9-7-6-7-2-7-9	0-2-6-6-7-2-1-4-4-2-2-4	9-7-3-7-7-2-9-2-2-2-10-2
443	9	9-9-12-8-7-8-9-12-7-2-8-12	8-8-8-7-2-10-9-8-8-10-11-12	7-9-7-7-11-8-8-11-10-8-8-8	7-9-11-7-7-7-8-7-8-9-8-1	7-0-7-9-4-8-8-8-10-4-7-7	2-9-8-12-9-7-8-8-4-8-9-7	3-8-8-0-8-5-9-9-9-2-3-8	8-8-2-8-8-9-8-8-4-10-8-2	4-1-4-8-7-9-1-10-6-8-8-8	2-4-6-10-7-8-9-6-9-2-8-8	0-2-2-9-9-9-1-2-4-2-9-4	8-9-7-7-2-2-8-2-2-11-8-9
443	10	12-10-11-12-11-12-11-11-12-12-12-10	11-8-11-11-11-11-11-11-11-11-11-11	10-11-11-10-10-11-10-10-11-9-10-10	10-10-10-10-10-10-11-11-10-11-8-10	10-11-10-10-11-11-11-11-9-10-10-10	10-11-8-10-10-11-9-11-6-10-5-11	11-8-10-10-10-11-11-9-11-10-12-10	11-8-11-8-8-10-10-10-10-11-12-10	2-11-11-8-11-10-11-11-11-12-10-8	10-12-6-9-7-11-9-11-11-11-11-8	12-2-11-6-12-12-11-10-10-10-9-11	10-9-10-12-10-2-10-11-10-11-8-10
443	11	10-10-10-10-10-10-10-10-10-10-10-10	10-8-10-10-10-10-10-10-10-10-10-10	7-10-10-10-9-10-10-10-10-10-9-11	10-10-9-12-11-11-10-10-8-10-11-11	10-10-11-10-10-10-10-10-8-12-10-10	11-10-9-10-10-10-8-10-6-8-0-12	10-8-10-4-10-10-10-10-10-10-11-10	10-10-10-11-11-10-10-8-10-10-11-10	10-10-10-8-10-10-10-11-10-10-11-8	10-10-6-9-10-10-9-10-10-10-10-8	10-2-10-10-9-10-10-10-11-11-9-10	10-9-11-11-11-2-11-10-10-10-8-2
443	12	12-12-12-10-12-10-10-12-10-10-10-12	10-9-10-10-10-10-10-10-10-12-10-10	10-12-12-10-12-12-11-12-10-12-5-12	11-12-10-11-12-12-10-12-9-12-12-11	12-10-12-12-12-12-10-12-9-12-11-7	12-12-12-12-12-12-12-12-12-12-12-11	11-12-12-12-10-12-8-10-12-12-10-12	12-12-8-12-12-10-12-10-10-10-10-12	11-12-12-12-8-12-10-7-12-10-11-10	10-10-12-12-12-10-12-10-10-12-12-12	10-2-2-12-10-10-12-10-12-10-12-12	10-12-12-10-11-12-12-10-12-12-12-2
444	0	0-0-0-0-0-0-0-0-0-0-0-0	0-0-0-0-0-0-0-0-0-0-0-0	0-0-0-0-0-0-0-0-0-0-0-0	0-0-0-0-0-0-0-0-0-0-0-0	0-0-0-0-0-0-0-0-0-0-0-0	0-0-0-0-0-0-0-0-0-0-0-0	0-0-0-0-0-0-0-0-0-0-0-0	0-0-0-0-0-0-0-0-0-0-0-0	0-0-0-0-0-0-0-0-0-0-0-0	0-0-0-0-0-0-0-0-0-0-0-0	0-0-0-0-0-0-0-0-0-0-0-0	0-0-0-0-0-0-0-0-0-0-0-0
444	1	1-1-1-1-1-1-1-1-1-2-1-1	2-2-1-2-2-1-2-2-1-2-2-2	1-2-2-2-1-2-2-0-2-1-2-2	0-0-2-2-0-0-2-1-1-2-1-0	1-3-1-1-1-1-1-1-1-2-2-0	2-1-2-1-1-4-1-2-1-1-12-2	1-1-2-1-1-1-2-2-2-1-1-2	1-1-2-1-1-2-2-1-1-1-4-2	1-2-2-1-3-3-2-1-1-1-1-1	2-1-1-1-2-2-1-1-3-2-1-1	2-2-2-1-2-1-3-2-1-1-3-1	2-1-1-1-2-2-1-2-2-1-2-1
444	2	1-1-1-1-1-1-1-1-1-1-1-1	1-1-1-3-1-1-1-1-1-1-1-1	4-2-3-1-4-3-3-3-1-3-1-3	3-2-1-5-2-3-1-5-4-1-3-5	4-1-4-2-0-2-2-2-2-1-1-5	1-1-1-2-1-1-3-1-1-1-2-1	2-1-1-1-2-1-1-1-1-1-2-1	1-3-3-2-2-1-1-3-2-1-2-1	1-1-1-2-1-1-1-3-1-2-2-2	1-2-1-1-1-3-2-1-1-1-3-1	1-1-1-1-1-4-0-1-1-2-1-2	1-2-2-2-1-1-4-1-1-1-1-1
444	3	1-1-1-1-1-1-1-1-3-1-1-3	1-1-1-2-1-1-1-6-3-4-2-3	6-4-2-2-2-6-2-4-1-2-4-2	2-4-4-2-2-2-1-2-2-3-2-2	2-3-2-2-4-2-4-4-3-3-2-2	1-6-5-6-1-1-4-2-4-3-11-3	2-1-1-3-4-3-1-4-3-1-2-6	3-2-2-4-3-1-1-2-6-3-5-1	3-1-3-3-1-1-3-2-1-1-2-2	4-11-1-1-2-2-3-1-1-4-3-1	6-1-1-1-3-3-1-6-4-4-1-3	5-3-2-4-3-1-1-1-1-4-1-1
444	4	4-4-4-4-4-4-4-4-4-1-4-4	1-6-5-2-1-1-3-5-3-3-2-5	2-3-3-2-2-3-5-6-1-6-5-5	2-3-3-2-2-2-5-2-5-5-5-2	2-4-2-2-3-6-3-3-3-4-6-2	1-4-3-3-1-1-5-5-3-4-2-4	2-4-1-12-3-4-5-6-4-1-2-3	5-2-2-3-4-4-4-3-5-5-1-1	3-1-3-3-4-1-5-2-2-10-5-1	3-3-4-6-2-6-5-3-1-3-1-5	3-3-1-1-5-3-1-3-3-5-1-5	1-3-2-3-1-1-2-1-9-3-5-1
444	5	5-1-5-5-5-5-5-5-6-5-1-5	1-6-4-2-6-6-1-6-3-3-1-4	3-5-6-4-2-3-4-6-4-3-6-4	2-4-6-2-2-2-4-2-6-4-4-2	2-4-2-2-3-4-6-5-6-3-1-2	2-3-3-3-5-1-6-4-5-5-5-3	2-4-1-0-3-5-6-6-5-5-3-3	4-2-3-4-3-1-6-3-4-4-3-1	1-1-4-3-5-1-4-3-6-5-4-1	1-3-5-1-5-5-4-5-1-1-1-4	3-1-7-1-4-3-1-3-3-4-1-4	3-3-2-3-1-1-4-1-4-1-6-1
444	6	5-4-5-5-3-1-7-1-5-1-1-7	1-4-4-6-5-5-1-5-7-3-7-4	8-7-8-7-9-3-7-7-6-4-5-7	7-8-5-6-8-7-4-9-5-5-3-7	8-6-9-9-3-4-7-7-5-8-9-7	7-8-7-3-5-10-5-6-5-5-3-8	9-4-1-3-3-5-5-7-5-5-7-3	4-6-3-7-7-1-5-9-3-3-9-1	3-1-3-3-9-1-3-7-5-7-9-9	1-3-6-4-7-4-6-5-7-1-6-9	3-1-1-1-5-6-0-3-3-9-1-3	1-6-6-6-9-1-2-1-4-6-5-1
444	7	8-7-5-7-7-7-7-9-7-8-7-11	7-9-4-2-11-7-8-8-6-3-6-8	6-7-6-6-6-9-8-6-8-9-8-6	6-7-6-6-6-6-9-6-8-5-8-6	6-0-6-6-3-9-6-6-8-7-6-6	6-6-6-3-7-6-8-7-3-7-6-7	2-7-8-1-11-7-9-6-4-9-6-6	9-9-3-6-8-1-7-7-3-7-6-1	6-1-8-3-5-7-8-6-8-6-8-11	12-6-7-9-8-3-12-5-8-1-6-6	3-7-5-9-1-12-11-7-12-8-1-3	11-3-2-6-1-1-1-7-9-9-11-13
444	8	8-8-8-8-8-8-7-8-8-9-8-9	9-9-11-2-10-9-7-7-9-3-6-7	6-8-6-6-6-8-7-8-7-9-9-8	6-9-9-6-6-6-7-6-9-9-9-6	6-0-6-6-3-7-9-7-9-6-6-6	6-6-6-3-8-6-9-7-5-8-6-6	3-7-9-1-9-5-9-9-5-8-6-8	1-7-3-7-7-1-8-8-3-8-3-1	1-1-7-8-5-7-7-6-7-11-10-7	7-1-5-9-7-12-6-9-7-1-6-8	3-8-8-7-7-8-7-1-6-7-6-3	1-3-2-6-1-8-1-1-10-10-7-8
444	9	8-10-8-10-7-8-10-8-8-8-9-10	8-8-8-10-7-8-9-11-11-9-6-7	9-10-11-11-6-11-10-10-9-8-8-9	10-11-8-6-6-10-7-6-8-12-8-9	6-9-10-6-11-7-10-10-8-11-6-9	10-10-7-1-9-6-8-8-8-8-2-11	10-7-8-9-10-9-8-8-5-11-9-10	7-7-10-10-9-10-7-6-3-9-6-1	1-9-10-10-6-1-9-6-10-9-6-8	10-3-11-10-8-6-6-8-10-11-9-6	9-1-8-7-9-13-7-9-10-6-10-3	9-6-9-9-9-1-9-9-4-7-7-8
444	10	10-13-10-10-11-10-9-10-10-8-9-9	8-11-8-9-7-7-9-11-9-11-6-11	9-9-9-6-9-9-9-9-9-11-11-11	9-9-9-6-6-9-11-6-11-11-11-9	6-9-9-6-9-10-9-9-11-6-6-9	9-9-6-11-8-6-11-10-10-10-6-10	9-7-7-9-9-10-11-11-10-8-9-9	7-6-9-9-8-9-8-6-3-10-9-1	9-9-9-9-10-7-9-6-3-9-8-7	9-3-10-9-9-9-9-11-9-9-9-6	9-12-10-7-9-10-7-9-9-9-9-3	9-9-9-9-9-1-13-11-4-11-7-8
444	11	11-10-10-10-10-10-10-11-8-8-13-7	8-8-8-11-7-8-9-13-9-10-12-10	11-9-9-12-11-9-11-9-11-12-10-11	9-9-9-12-11-11-10-6-10-10-10-9	12-9-11-11-9-10-10-11-10-11-11-11	1-9-12-11-8-12-10-11-8-8-3-11	9-7-8-9-7-11-10-10-3-9-11-11	11-11-9-11-11-9-8-13-3-9-11-1	3-9-3-11-12-1-9-11-5-8-12-7	9-3-9-10-11-11-7-10-9-9-9-11	9-1-8-7-10-11-7-9-9-6-1-11	9-11-9-9-11-1-11-10-4-11-7-8
444	12	13-13-13-13-13-13-13-13-13-13-13-13	13-8-13-13-13-13-13-13-13-13-13-13	12-12-12-11-12-13-12-12-12-11-12-12	11-12-9-11-11-11-12-9-10-12-12-9	11-13-9-11-13-10-13-12-10-12-12-11	13-12-11-12-12-13-11-11-12-10-1-12	12-8-12-12-12-12-10-12-12-12-12-11	12-11-12-11-11-13-8-11-11-12-12-12	12-12-12-11-11-1-12-12-6-9-11-7	7-13-9-10-12-8-7-10-12-12-12-11	12-10-8-12-12-12-12-12-12-5-1-12	12-11-12-11-12-1-11-12-13-12-7-8
444	13	13-13-13-12-13-12-12-13-12-12-13-13	12-12-13-12-12-12-12-12-12-13-12-12	12-12-13-11-13-12-13-12-12-13-12-13	13-13-13-13-13-13-12-13-11-13-13-9	11-12-13-13-12-13-12-13-10-13-6-6	13-13-11-13-13-12-13-13-13-13-13-13	11-13-13-13-10-13-13-12-13-13-12-11	13-11-11-13-13-12-7-11-11-9-12-12	12-13-13-13-11-13-13-12-13-1-11-7	9-13-13-13-13-13-13-12-13-13-12-13	12-13-13-12-7-9-12-13-13-13-13-13	13-13-13-9-13-13-13-12-13-13-13-7
445	0	0-0-0-0-0-0-0-0-0-0-0-0	0-0-0-0-0-0-0-0-0-0-0-0	0-0-0-0-0-0-0-0-0-0-0-0	0-0-0-0-0-0-0-0-0-0-0-0	0-0-0-0-0-0-0-0-0-0-0-0	0-0-0-0-0-0-0-0-0-0-0-0	0-0-0-0-0-0-0-0-0-0-0-0	0-0-0-0-0-0-0-0-0-0-0-0	0-0-0-0-0-0-0-0-0-0-0-0	0-0-0-0-0-0-0-0-0-0-0-0	0-0-0-0-0-0-0-0-0-0-0-0	0-0-0-0-0-0-0-0-0-0-0-0
445	1	1-1-1-1-1-1-1-1-1-2-2-1	2-2-1-1-2-2-3-1-2-2-2-1	1-2-2-2-1-2-2-1-2-2-3-2	2-2-2-2-0-0-2-1-1-2-2-1	1-0-1-2-1-1-1-1-1-2-5-0	2-2-2-1-1-2-1-3-1-1-0-2	1-1-2-1-1-1-2-2-2-1-1-1	1-1-1-1-1-2-1-1-1-1-10-9	1-2-1-1-1-3-2-1-2-1-1-2	1-1-2-2-2-1-1-1-5-5-9-1	2-2-3-4-2-2-3-1-1-1-2-1	2-1-1-1-1-2-1-2-2-1-2-1
445	2	1-1-1-1-1-1-1-1-1-1-1-1	1-1-1-3-1-1-1-1-1-1-1-3	4-1-1-1-4-1-3-3-1-1-2-3	3-1-1-1-2-3-1-6-3-1-3-4	4-0-4-3-0-3-3-3-2-1-1-2	1-1-1-1-1-5-3-2-1-1-2-3	2-1-1-0-2-1-1-1-1-2-3-2	2-4-3-2-2-1-1-3-2-1-3-1	2-1-2-1-3-1-1-3-1-2-3-1	1-2-1-1-1-3-2-1-1-1-3-2	1-1-1-1-1-1-0-1-0-2-1-2	1-2-2-2-1-1-2-1-1-1-1-1
445	3	1-1-1-1-1-1-1-1-1-1-1-3	1-1-1-2-1-1-4-4-3-4-2-4	2-4-2-1-2-8-2-4-1-5-1-2	2-4-4-4-2-2-1-2-2-1-2-2	2-2-2-2-4-2-4-2-3-1-1-2	2-5-5-4-3-2-4-1-4-3-2-3	6-3-1-3-4-1-3-4-3-1-2-6	2-2-2-4-3-1-3-5-6-1-2-1	3-1-3-4-2-1-8-2-1-3-2-1	3-2-3-1-1-2-4-3-0-4-3-2	8-4-1-1-3-3-1-3-6-6-1-3	1-3-3-4-1-1-2-1-1-1-1-1
445	4	4-4-4-4-1-4-4-4-4-4-1-4	3-8-5-2-1-1-3-5-3-3-1-5	2-4-3-2-2-3-5-6-1-6-5-5	3-3-3-3-2-2-4-2-5-5-6-2	2-0-2-2-3-6-3-2-3-1-6-2	1-4-3-1-1-2-5-5-3-4-2-4	2-4-1-3-3-1-3-5-4-1-2-3	5-2-2-3-2-3-4-3-5-5-3-1	4-1-3-3-4-1-1-2-1-3-5-1	3-2-4-6-1-2-5-3-1-3-3-2	3-3-8-1-5-4-0-3-3-5-1-5	1-3-2-3-1-1-2-1-8-1-1-1
445	5	5-1-5-5-1-5-5-5-6-5-1-5	1-6-4-2-8-1-1-7-3-3-6-4	2-5-8-2-6-3-4-7-6-3-6-4	3-7-6-6-2-3-4-2-6-4-4-2	2-7-0-2-3-4-5-5-6-1-1-2	2-3-3-1-5-2-6-4-5-5-5-3	3-4-1-0-3-5-6-4-5-5-3-3	4-2-2-4-3-1-8-3-4-4-3-1	6-1-4-3-5-1-1-2-4-9-4-1	6-2-5-4-5-5-4-6-1-1-7-2	3-3-6-8-4-3-0-3-3-4-1-4	1-3-12-3-1-5-2-1-4-1-6-6
445	6	5-4-5-5-6-7-6-8-5-6-1-5	9-4-4-2-5-7-4-5-9-8-6-7	2-6-7-2-5-11-7-7-5-4-5-6	7-4-5-7-2-3-7-2-5-4-4-2	7-7-2-7-3-4-7-5-5-6-4-2	3-6-7-1-5-2-5-6-5-6-5-7	3-8-1-0-3-5-5-5-5-5-2-3	1-2-2-3-6-1-5-3-3-4-3-1	5-1-3-6-5-6-3-7-8-8-6-14	5-2-6-4-8-8-6-5-1-1-5-2	6-10-5-5-5-7-7-3-3-3-8-3	6-8-6-6-1-1-6-7-4-6-5-5
445	7	7-8-8-8-7-6-5-7-5-8-8-6	6-4-4-2-5-6-9-8-6-6-8-6	2-8-9-8-8-6-8-9-10-9-9-8	6-9-7-8-10-9-6-11-9-8-4-2	6-5-2-8-3-4-6-5-8-10-6-2	3-4-6-8-7-1-6-6-7-6-2-7	11-7-10-3-3-7-7-5-10-5-7-8	1-7-2-3-6-8-5-3-3-7-8-1	3-1-3-3-11-6-1-6-6-8-11-6	8-2-7-6-8-6-8-11-7-1-5-7	3-10-8-5-8-6-7-3-3-3-6-3	6-3-6-6-1-1-8-6-4-6-5-8
445	8	7-7-8-7-8-7-8-6-8-7-7-5	8-4-4-2-5-6-7-7-6-6-7-6	10-7-10-7-10-3-7-7-7-7-7-7	9-9-9-7-9-10-4-13-6-4-4-10	10-0-15-7-3-4-9-9-6-7-10-8	3-10-9-7-5-9-9-4-5-7-3-10	11-7-7-0-9-8-5-9-7-15-3-11	6-8-8-9-6-8-5-8-3-7-8-1	8-1-3-9-8-6-3-9-6-6-8-6	7-9-11-5-9-6-10-5-9-1-8-8	3-6-4-5-7-8-0-3-3-8-6-11	6-6-8-8-1-1-7-1-4-8-1-7
445	9	9-9-9-9-9-9-10-9-9-9-9-9	9-11-10-2-9-9-10-7-6-9-7-10	8-7-8-7-8-9-10-7-8-7-10-7	8-8-8-7-7-7-9-8-10-10-10-2	8-0-8-8-3-10-8-8-10-7-8-8	8-8-8-7-9-8-10-9-9-9-5-8	3-9-7-0-8-9-11-8-7-10-8-3	9-8-7-10-8-12-11-8-3-9-1-1	8-1-3-8-5-6-1-8-6-5-5-8	7-8-9-10-8-10-8-5-10-1-8-8	0-6-15-13-11-10-0-1-3-10-6-8	10-8-6-8-10-1-15-1-14-8-14-5
445	10	10-10-10-10-10-9-10-10-9-9-10-10	10-11-9-9-11-11-11-10-9-11-9-11	8-10-8-7-8-10-9-10-11-10-11-10	8-10-11-6-7-8-11-8-11-11-10-8	8-0-8-8-3-9-11-9-11-7-8-8	0-8-11-7-11-8-11-9-10-10-6-8	3-11-10-0-11-8-11-9-7-9-0-8	1-8-7-9-9-0-9-8-3-9-1-1	8-1-11-8-10-6-14-9-6-7-7-8	8-8-15-11-11-9-8-7-9-1-8-9	0-6-7-9-11-9-0-11-3-9-6-4	9-6-6-8-9-8-7-12-1-8-10-10
445	11	11-12-12-15-10-11-11-11-11-11-15-15	9-9-9-11-10-10-12-10-12-9-12-10	13-11-12-12-11-12-12-11-10-12-10-11	11-11-10-7-7-12-10-8-10-10-10-12	8-13-13-7-13-9-10-12-10-7-8-8	12-13-10-11-10-12-10-11-10-10-0-11	12-10-9-12-10-8-10-9-7-8-11-8	1-9-11-12-6-13-9-8-13-14-12-1	11-11-11-8-8-6-11-11-6-11-7-6	11-11-8-14-10-6-12-7-13-11-11-8	11-6-9-10-9-11-11-10-11-11-6-8	11-6-11-11-11-1-7-1-9-11-9-1
445	12	14-13-14-14-15-13-14-13-15-13-14-15	13-13-13-13-13-14-13-13-13-13-14-13	12-12-13-13-13-13-13-13-14-13-13-13	13-13-13-13-11-11-14-8-13-14-13-11	14-11-12-14-14-13-13-12-13-13-14-11	13-11-13-12-12-13-13-14-14-12-2-13	13-13-12-11-15-12-13-13-12-14-11-15	13-12-13-11-14-14-9-13-11-9-11-13	12-14-12-12-15-14-11-11-13-14-12-12	12-15-9-13-13-13-11-14-11-11-11-13	11-14-14-9-15-13-14-15-11-12-14-8	15-11-14-11-11-14-14-13-12-11-13-13
445	13	12-12-12-12-12-12-12-12-12-12-12-12	12-12-12-12-12-12-12-12-12-12-12-14	11-12-12-12-12-12-14-12-12-12-12-12	12-12-12-12-13-14-12-8-12-12-12-11	14-11-11-7-11-12-14-14-12-12-12-13	12-11-12-13-12-12-13-12-12-12-3-12	12-12-12-13-11-8-12-12-12-12-14-13	12-13-12-13-14-12-9-12-11-11-13-12	12-12-12-12-14-12-12-11-12-12-13-6	13-13-8-12-12-13-14-12-11-11-11-12	11-12-13-9-12-11-11-12-13-13-12-13	11-13-12-13-13-12-7-12-12-12-12-12
445	14	12-12-12-12-12-14-12-12-12-12-12-12	12-12-12-12-12-12-12-15-12-12-12-13	14-14-12-15-14-12-13-12-12-12-15-12	13-14-12-13-13-13-12-8-12-12-12-11	13-14-12-14-12-14-15-13-14-14-12-13	12-14-14-14-9-12-14-12-12-12-14-14	14-10-12-11-12-14-12-14-12-12-13-14	12-14-12-13-13-12-5-8-15-11-13-12	14-12-11-14-13-12-12-14-6-12-13-6	12-13-14-12-14-12-13-12-11-11-14-12	11-12-12-9-12-14-12-12-13-13-12-14	11-13-12-11-14-12-12-12-9-11-9-12
445	15	15-15-12-12-15-12-12-15-12-12-12-12	12-12-12-12-12-12-12-14-12-15-12-12	14-14-15-12-15-15-15-15-12-15-14-15	15-15-12-15-15-15-12-8-12-15-15-11	12-12-15-15-15-15-14-14-12-15-8-8	15-15-14-12-15-8-15-15-15-15-15-14	12-15-15-15-12-15-12-14-15-12-12-12	15-14-12-15-15-12-9-8-14-12-12-12	14-15-15-15-12-12-12-12-15-12-14-6	12-12-10-15-15-6-15-12-11-15-15-15	11-12-15-15-12-11-11-12-15-12-12-14	12-12-15-12-13-15-15-12-15-15-9-12
446	0	0-0-0-0-0-0-0-0-0-0-0-0	0-0-0-0-0-0-0-0-0-0-0-0	0-0-0-0-0-0-0-0-0-0-0-0	0-0-0-0-0-0-0-0-0-0-0-0	0-0-0-0-0-0-0-0-0-0-0-0	0-0-0-0-0-0-0-0-0-0-0-0	0-0-0-0-0-0-0-0-0-0-0-0	0-0-0-0-0-0-0-0-0-0-0-0	0-0-0-0-0-0-0-0-0-0-0-0	0-0-0-0-0-0-0-0-0-0-0-0	0-0-0-0-0-0-0-0-0-0-0-0	0-0-0-0-0-0-0-0-0-0-0-0
446	1	1-2-1-1-1-1-1-1-1-1-1-1	2-2-1-2-2-2-2-2-2-1-2-2	1-2-2-2-2-2-0-0-3-2-1-1	2-0-2-2-0-0-2-2-2-2-2-0	1-0-1-2-1-1-2-1-2-1-2-0	9-2-2-1-2-4-2-3-1-1-7-1	7-1-1-1-2-1-2-2-2-1-2-1	1-1-2-1-1-6-1-2-1-1-7-10	1-0-1-1-2-3-11-0-3-3-1-2	2-1-1-3-2-1-1-1-5-4-0-2	3-2-3-0-2-4-1-1-0-1-3-1	4-1-1-1-5-4-9-0-2-1-1-1
446	2	1-1-1-1-1-1-1-1-1-1-1-1	1-1-1-2-1-1-1-1-1-1-1-1	4-1-1-1-4-1-2-3-1-1-4-3	3-3-1-1-3-3-1-4-1-1-3-4	5-0-5-3-0-1-3-3-1-1-1-2	1-1-1-2-1-1-1-1-1-1-2-6	2-1-1-2-2-2-1-1-1-1-3-2	1-2-1-2-2-1-1-1-2-1-3-1	0-0-1-2-1-1-5-3-1-1-2-1	1-6-1-1-5-3-4-1-7-1-3-3	0-1-1-0-1-1-0-1-0-2-1-2	1-2-5-5-1-1-2-0-1-3-3-1
446	3	1-1-1-1-1-1-1-1-1-1-1-3	1-1-1-2-1-1-1-6-3-4-2-3	0-4-2-1-2-6-2-4-1-6-3-2	2-4-4-2-2-2-1-2-2-3-2-0	2-3-2-2-4-3-4-2-3-3-5-2	6-4-4-10-3-5-4-1-3-3-10-3	2-3-1-3-4-6-1-3-3-4-2-4	3-2-3-2-3-1-1-4-10-1-2-1	3-0-3-3-3-1-3-4-1-1-2-1	2-3-3-1-2-2-3-1-4-1-2-2	3-1-1-0-3-3-0-1-3-4-1-3	1-3-5-3-3-1-1-1-2-2-2-1
446	4	4-4-4-4-4-4-4-4-4-4-1-4	1-6-5-2-1-5-1-5-3-3-1-5	2-3-5-3-2-3-5-3-5-5-5-2	3-3-3-1-2-2-5-2-5-4-3-2	2-0-2-2-3-5-3-3-3-3-1-2	3-3-3-3-3-1-5-4-4-4-1-4	2-3-5-3-3-7-6-5-4-3-3-3	1-4-5-3-2-1-5-3-3-4-1-1	3-1-3-3-4-1-3-3-5-1-2-5	1-5-4-1-2-2-2-4-5-1-2-2	4-1-1-4-3-1-0-1-3-3-1-3	1-3-2-3-1-5-2-1-6-1-9-6
446	5	6-5-5-5-5-5-4-5-4-6-5-5	4-4-4-2-7-4-4-4-3-3-1-4	2-5-4-3-2-1-4-6-7-4-6-6	5-4-6-1-2-2-6-2-6-6-7-0	2-0-2-6-3-4-6-5-6-1-3-2	1-3-3-1-5-3-6-5-5-5-5-3	2-5-4-4-3-5-5-4-4-5-2-3	1-4-4-4-2-1-6-3-3-5-1-1	8-0-6-3-5-5-2-4-9-5-4-5	6-4-5-1-2-5-9-5-4-1-6-6	0-1-1-7-6-4-0-1-3-3-1-3	6-3-3-2-1-4-2-0-1-1-1-5
446	6	5-5-5-7-5-7-5-5-4-5-5-5	7-4-5-7-1-1-7-7-8-3-7-7	8-6-7-7-7-3-7-7-5-3-5-7	7-7-7-6-8-8-5-8-5-5-3-0	8-0-2-7-3-4-7-7-5-7-9-7	3-8-7-6-5-8-7-6-5-5-3-8	2-3-5-0-7-3-4-4-4-5-6-7	5-7-11-7-2-1-5-9-3-6-6-1	3-0-5-7-9-1-0-7-5-5-7-9	9-2-5-6-9-6-6-5-7-1-5-9	5-1-4-4-5-1-0-4-3-6-1-3	5-6-6-6-1-1-2-1-4-1-4-4
446	7	7-8-7-7-7-7-7-8-7-7-7-7	6-9-7-6-5-8-6-6-6-8-6-6	2-7-6-6-6-10-8-8-8-8-8-6	6-8-6-6-6-6-5-6-6-5-8-0	6-0-0-6-3-7-6-6-7-6-6-6	3-6-6-7-7-6-6-7-3-7-1-7	1-7-7-0-9-4-9-9-4-5-6-6	1-6-6-6-8-9-7-8-3-10-1-1	1-0-8-6-5-6-1-6-8-5-6-5	1-5-5-7-8-6-8-5-6-1-0-6	0-1-1-10-1-8-0-1-0-3-1-3	5-8-6-5-1-1-8-0-1-1-9-9
446	8	8-11-8-8-9-7-8-8-9-9-8-9	8-9-9-6-11-9-6-9-6-7-6-10	11-8-6-6-6-9-7-7-9-7-9-6	6-7-9-6-6-6-8-6-9-9-7-0	6-0-0-6-3-7-9-8-9-6-6-6	6-6-7-7-10-6-9-7-8-8-0-6	2-9-8-0-7-8-9-9-8-5-0-8	8-8-1-7-7-9-7-7-3-9-1-1	8-0-9-4-5-9-0-11-7-10-8-10	9-2-8-9-7-9-9-9-8-1-11-6	0-1-8-11-1-7-0-11-0-8-1-8	10-7-6-8-11-1-7-1-10-7-8-9
446	9	10-8-7-7-10-11-11-8-8-8-8-8	8-8-8-6-8-8-9-8-10-8-11-8	10-10-10-6-9-8-8-8-11-7-8-9	10-10-8-6-6-10-10-6-8-8-7-10	6-10-10-6-10-7-10-9-8-9-6-6	1-10-7-9-9-11-8-6-8-3-0-10	2-8-7-9-10-10-8-8-5-8-9-9	3-6-6-8-9-9-8-10-9-9-10-1	3-9-10-3-6-1-9-9-5-9-6-6	11-3-9-10-10-8-8-8-10-10-9-6	9-1-8-4-9-11-11-9-9-9-1-9	8-6-9-9-9-9-1-9-8-9-7-7
446	10	9-11-11-11-9-11-10-11-11-11-11-8	11-8-8-11-9-8-10-11-9-9-10-10	9-9-9-11-10-11-10-11-10-8-10-10	9-9-9-11-10-10-11-6-8-10-10-9	10-9-9-8-9-10-11-10-10-10-6-9	10-9-10-10-8-6-10-10-8-7-3-11	11-8-8-9-9-9-8-11-3-11-9-10	3-10-9-10-10-9-7-9-3-7-9-1	3-9-9-10-10-1-9-9-5-8-10-8	1-10-10-9-9-10-5-8-9-9-10-10	0-1-8-7-1-10-11-10-0-10-1-10	8-10-9-9-10-1-10-1-8-10-11-4
446	11	11-11-10-11-11-11-11-11-11-11-11-11	10-8-11-10-11-8-9-10-10-11-9-10	10-10-11-10-11-10-11-11-10-11-11-11	10-11-11-10-11-11-10-11-11-11-11-9	10-0-11-11-11-11-10-11-11-11-6-9	11-11-10-11-11-9-11-11-11-11-11-10	10-11-11-11-7-11-11-10-11-10-9-10	11-10-6-11-11-1-7-10-10-11-10-11	3-11-11-11-10-11-11-8-11-1-10-8	9-11-11-11-11-11-11-8-9-11-8-11	4-11-1-8-11-9-9-11-11-11-11-11	8-7-11-9-8-11-11-0-11-11-11-11
447	0	0-0-0-0-0-0-0-0-0-0-0-0	0-0-0-0-0-0-0-0-0-0-0-0	0-0-0-0-0-0-0-0-0-0-0-0	0-0-0-0-0-0-0-0-0-0-0-0	0-0-0-0-0-0-0-0-0-0-0-0	0-0-0-0-0-0-0-0-0-0-0-0	0-0-0-0-0-0-0-0-0-0-0-0	0-0-0-0-0-0-0-0-0-0-0-0	0-0-0-0-0-0-0-0-0-0-0-0	0-0-0-0-0-0-0-0-0-0-0-0	0-0-0-0-0-0-0-0-0-0-0-0	0-0-0-0-0-0-0-0-0-0-0-0
447	1	1-1-1-1-1-1-1-1-1-1-1-1	2-2-1-0-2-2-0-2-2-1-2-2	0-2-0-1-3-2-2-0-3-2-2-2	2-0-2-2-0-0-2-2-2-2-1-0	1-0-1-0-0-1-0-0-2-2-2-0	8-0-2-0-0-0-1-0-1-1-8-2	1-1-1-1-1-1-2-5-2-1-1-1	2-1-2-1-1-0-3-2-1-1-0-2	1-0-2-1-2-3-8-6-3-3-1-3	2-1-2-1-2-3-3-2-0-1-0-2	3-2-2-4-2-1-0-2-0-1-3-1	2-2-1-1-1-2-3-4-2-4-1-2
447	2	1-1-1-1-1-1-1-1-1-1-1-1	1-1-1-4-1-1-0-1-1-1-4-1	4-1-3-3-5-1-3-3-1-1-3-1	3-2-1-5-3-3-1-5-1-1-3-0	3-0-4-4-0-3-3-2-1-1-2-3	1-5-3-2-2-0-3-3-1-1-2-3	2-1-1-2-2-2-1-3-1-2-3-2	1-2-3-2-2-2-1-1-2-0-3-1	0-0-1-2-8-1-1-3-1-1-3-1	1-7-1-1-1-1-1-1-2-0-0-1	0-1-1-0-1-0-0-1-0-2-1-2	1-1-1-1-1-1-2-1-1-1-3-1
447	3	1-3-1-3-3-3-4-5-3-1-3-3	1-3-1-2-3-1-5-6-3-4-2-4	0-4-2-2-2-6-2-2-1-6-2-2	2-4-4-2-2-2-1-2-2-3-2-0	2-3-2-2-4-2-4-4-3-3-5-2	4-4-5-10-3-0-4-2-3-3-10-3	5-1-1-3-4-3-1-2-3-3-2-6	3-2-2-4-3-3-1-4-6-3-2-0	3-0-3-3-2-1-3-2-1-1-2-1	4-3-3-1-1-1-1-1-0-4-3-2	3-1-1-0-3-3-0-3-3-4-1-3	1-3-4-4-3-1-1-1-1-3-2-1
447	4	4-4-4-4-6-4-3-4-4-4-4-4	3-4-4-2-5-6-3-5-5-3-2-3	2-4-3-2-2-3-5-5-5-4-5-5	3-3-5-2-2-2-4-2-5-6-3-0	2-0-2-2-3-6-3-3-3-3-3-2	3-3-3-3-3-2-5-3-3-4-12-5	3-5-4-5-3-4-6-5-4-3-2-3	4-2-2-3-2-4-4-3-3-4-3-0	4-0-3-3-4-1-4-3-1-1-2-5	3-5-4-5-5-1-2-4-5-3-0-1	3-1-4-1-3-5-0-3-3-3-1-3	1-3-3-3-4-1-1-5-1-1-1-4
447	5	5-5-5-5-5-5-5-6-5-6-5-5	1-6-6-2-4-3-3-7-4-6-4-6	0-5-3-9-2-3-4-4-7-6-6-5	5-3-6-2-2-2-5-2-6-5-6-0	2-0-2-2-3-4-6-5-6-3-3-2	2-3-3-3-5-3-6-6-5-5-5-4	3-4-1-4-3-4-6-4-5-5-2-6	5-2-3-6-6-0-6-6-3-5-3-0	5-0-6-4-5-1-1-8-1-6-6-4	5-4-5-4-4-1-2-5-4-9-0-5	3-4-1-5-5-4-0-3-3-3-1-3	6-3-3-3-11-1-1-4-10-5-6-4
447	6	5-5-5-5-4-5-5-5-5-5-6-5	1-5-5-6-4-4-7-7-4-5-7-5	9-7-7-7-7-3-7-7-6-3-5-7	6-7-5-6-8-7-4-6-5-4-5-2	7-0-6-7-3-4-7-7-5-7-6-6	3-7-9-3-6-8-5-5-5-5-14-6	6-7-4-3-3-3-5-7-5-8-7-7	3-2-16-7-5-7-5-5-3-7-6-0	3-0-5-3-5-1-3-7-1-7-5-8	9-3-8-6-7-8-6-5-6-0-6-8	3-1-1-5-6-6-0-6-3-3-1-3	5-6-6-6-16-1-1-1-5-5-5-4
447	7	7-6-7-7-7-7-8-7-7-12-7-7	7-8-8-6-8-7-6-6-4-8-6-8	6-7-6-6-6-8-8-6-9-9-8-6	6-6-7-6-6-6-8-6-8-5-7-0	6-0-2-6-3-8-8-6-8-6-6-6	6-6-8-7-10-6-8-7-3-7-6-7	6-7-11-3-3-7-5-6-4-7-6-6	11-2-8-6-2-7-7-5-3-6-10-0	7-7-3-3-5-9-16-6-1-6-6-8	8-3-7-7-6-9-6-8-6-4-6-6	11-1-11-8-6-10-0-9-9-3-1-3	10-6-6-6-9-1-1-1-12-11-1-8
447	8	8-8-7-7-9-7-7-7-7-7-7-7	9-7-7-8-7-7-8-10-9-7-9-9	10-9-10-6-6-9-9-12-9-9-7-9	9-8-9-6-6-9-9-6-7-8-8-11	6-9-11-6-10-7-9-10-7-8-8-8	9-8-7-8-8-10-7-7-8-7-1-9	8-1-7-10-8-10-5-9-8-7-10-10	8-2-9-7-5-10-7-6-3-8-8-10	10-12-9-9-2-1-10-9-9-9-2-7	7-3-6-9-11-6-7-7-8-15-8-6	13-1-9-12-7-12-12-10-8-3-1-3	8-6-8-8-8-1-1-16-1-9-1-7
447	9	9-9-9-9-9-9-7-9-9-9-10-10	11-10-5-8-10-12-8-11-8-7-8-8	8-8-8-6-6-8-8-8-8-10-10-8	8-8-10-6-6-8-8-6-10-10-10-8	6-8-8-6-8-9-8-9-9-8-6-6	8-8-6-9-9-8-10-9-10-9-5-9	8-9-7-4-8-9-10-8-9-9-8-6	5-2-8-10-9-8-9-10-3-9-8-8	7-8-8-8-9-7-10-15-8-8-14-8	12-8-7-8-8-7-7-9-8-8-8-9	8-10-10-11-6-8-8-8-8-3-11-9	11-6-8-6-7-9-1-11-14-8-12-7
447	10	9-9-11-9-9-9-10-13-9-9-9-9	9-9-5-11-9-9-11-16-11-7-11-11	8-8-8-12-11-12-9-8-8-11-9-11	11-8-9-11-11-11-8-6-9-9-9-8	13-8-10-13-8-9-11-11-9-10-10-6	11-8-11-3-12-8-9-10-9-5-3-12	10-10-7-8-11-8-10-9-5-16-8-11	12-10-10-11-11-8-7-15-11-8-7-8	8-8-3-9-15-1-8-11-13-10-10-7	9-11-5-8-8-12-7-7-8-8-8-15	8-9-9-5-7-8-8-8-8-3-1-3	7-6-8-6-8-1-11-1-5-8-9-7
447	11	11-11-11-11-11-11-11-11-11-9-9-11	9-12-12-10-9-9-10-9-10-12-10-9	8-8-10-10-10-11-10-8-8-10-12-10	10-8-12-10-10-10-8-6-12-12-11-8	10-8-8-10-8-11-12-10-12-11-10-10	10-8-12-9-11-8-12-13-11-11-10-11	10-10-7-3-10-11-12-8-11-13-8-10	13-10-10-10-10-8-12-11-10-10-8-8	13-8-3-8-5-11-9-10-16-11-10-7	9-10-5-12-15-9-6-12-8-8-8-10	8-9-12-9-6-8-8-8-8-3-9-7	7-12-8-3-9-1-10-11-12-8-9-7
447	12	11-11-11-11-11-11-11-13-11-7-12-16	13-9-11-10-13-9-10-8-13-14-13-9	10-13-13-10-10-10-13-8-13-10-11-12	13-13-12-10-13-13-13-6-11-11-10-12	10-8-13-10-8-11-13-13-11-14-12-6	13-13-11-12-10-8-11-10-9-11-4-13	13-10-11-13-13-10-11-13-5-10-13-13	8-10-12-13-14-8-7-10-3-8-12-8	8-8-13-13-10-13-14-13-11-8-12-7	13-13-12-13-13-10-14-11-13-8-14-10	12-9-11-8-13-8-8-14-14-13-1-3	7-11-8-12-12-1-13-8-11-13-9-7
447	13	13-13-9-13-13-14-14-13-13-12-13-13	9-15-14-10-12-15-10-14-12-14-12-14	8-12-12-10-10-12-14-13-12-10-14-12	12-14-14-10-12-12-12-10-13-13-14-12	10-8-12-10-12-14-12-12-13-13-12-12	12-12-11-13-13-8-12-11-13-13-15-12	12-10-7-12-12-13-11-12-14-13-12-12	11-10-14-14-12-8-7-10-10-9-12-8	11-8-12-12-13-12-12-12-14-13-12-7	12-12-13-12-12-10-12-13-12-8-12-10	8-13-15-13-12-16-8-12-12-12-1-3	13-14-8-12-12-1-12-15-15-12-15-13
447	14	14-16-14-16-14-13-13-14-13-13-13-13	15-15-13-10-14-13-12-13-15-13-12-15	8-14-12-10-10-12-13-15-12-15-15-15	12-15-13-10-12-12-16-10-15-15-13-12	10-8-12-15-8-13-15-14-15-12-12-10	13-12-11-12-13-8-15-12-14-14-6-12	12-15-14-12-11-13-15-15-13-14-12-16	14-10-13-13-12-8-11-10-10-13-12-8	11-8-12-9-14-14-12-13-13-8-10-15	12-12-14-13-15-14-15-14-9-8-12-10	12-13-16-16-12-13-8-12-12-12-1-7	14-13-8-12-12-9-16-14-15-15-9-13
447	15	14-14-16-16-14-11-16-13-16-13-16-16	14-14-14-10-12-13-16-15-14-16-16-14	15-15-16-10-15-16-14-14-14-14-14-14	16-14-15-16-10-15-14-6-14-15-14-12	10-15-16-10-8-13-16-15-14-15-12-15	15-15-10-15-15-8-14-10-14-13-13-16	16-10-13-15-13-15-14-14-11-13-13-14	14-10-10-13-12-8-13-10-15-8-12-8	15-8-12-13-10-1-15-9-14-1-10-14	16-15-15-13-14-10-14-14-8-8-15-10	12-9-11-14-15-16-8-12-12-15-1-3	15-15-8-15-15-1-1-14-13-14-13-7
447	16	16-16-16-16-16-16-15-16-16-16-16-16	14-14-16-10-16-16-15-15-14-16-15-15	13-15-16-10-16-16-15-16-15-16-16-16	15-16-15-15-16-16-14-16-14-16-16-8	16-8-16-16-16-16-15-16-14-16-10-6	16-16-16-16-16-8-15-16-16-16-16-15	15-16-16-16-9-16-11-16-16-10-8-14	16-10-6-13-16-8-7-10-15-16-16-8	15-16-3-16-10-16-16-10-16-16-12-14	15-16-16-16-16-16-16-14-16-16-16-16	11-16-11-14-16-15-8-9-16-16-16-16	14-13-16-12-16-16-16-8-16-16-16-7
448	0	0-0-0-0-0-0-0-0-0-0-0-0	0-0-0-0-0-0-0-0-0-0-0-0	0-0-0-0-0-0-0-0-0-0-0-0	0-0-0-0-0-0-0-0-0-0-0-0	0-0-0-0-0-0-0-0-0-0-0-0	0-0-0-0-0-0-0-0-0-0-0-0	0-0-0-0-0-0-0-0-0-0-0-0	0-0-0-0-0-0-0-0-0-0-0-0	0-0-0-0-0-0-0-0-0-0-0-0	0-0-0-0-0-0-0-0-0-0-0-0	0-0-0-0-0-0-0-0-0-0-0-0	0-0-0-0-0-0-0-0-0-0-0-0
448	1	1-1-1-1-1-1-1-1-1-1-1-1	1-0-1-1-0-1-0-1-1-1-1-2	1-2-2-2-2-2-2-0-0-0-2-2	2-0-0-2-1-2-0-4-1-1-1-3	1-0-1-2-0-1-2-2-1-1-0-1	2-2-1-1-1-1-2-1-1-1-9-1	1-1-1-1-0-0-1-0-1-1-2-1	1-1-1-1-1-2-1-1-1-1-1-0	1-0-1-1-2-1-0-2-3-1-2-0	2-1-1-1-2-2-1-1-1-0-1-1	2-1-1-0-2-1-0-1-4-1-1-1	0-1-1-1-1-1-1-0-2-2-2-1
448	2	2-2-2-2-2-2-2-2-2-2-2-2	3-2-2-1-2-2-3-3-2-3-1-1	7-3-1-1-1-7-1-1-2-4-3-1	1-3-3-1-1-1-0-1-1-2-1-1	1-2-1-1-3-2-3-3-2-2-4-1	1-4-4-11-2-1-3-4-2-2-11-2	1-2-3-2-3-0-2-3-2-2-1-3	2-1-1-3-2-1-2-6-5-0-4-0	2-0-2-2-1-2-2-1-0-2-1-0	1-1-1-1-1-1-1-2-1-5-1-1	1-3-2-0-1-2-0-2-6-1-1-2	2-3-2-3-1-1-1-2-1-1-1-1
448	3	3-3-3-3-3-3-3-3-3-3-3-3	2-3-3-1-2-3-2-4-2-2-1-4	1-2-2-1-4-2-4-5-4-5-4-4	2-2-2-1-1-1-4-1-3-4-4-1	1-5-1-1-2-5-2-2-2-6-2-2	1-2-2-2-2-1-4-2-2-3-1-3	1-4-4-2-2-5-2-4-3-3-1-2	4-1-1-2-3-3-2-2-4-4-2-0	3-5-2-2-3-2-3-2-4-3-4-0	2-1-3-5-1-2-4-1-1-2-1-1	0-2-16-3-4-3-0-2-1-4-2-4	3-2-1-2-1-3-1-3-11-4-3-6
448	4	4-4-4-4-4-4-4-4-5-4-4-4	5-5-3-1-4-5-0-6-2-2-1-3	5-4-4-3-5-2-3-4-5-2-5-3	2-6-5-5-1-6-4-1-5-3-3-1	1-6-1-4-2-3-4-6-5-6-2-1	1-2-2-2-4-1-5-2-4-4-5-2	1-3-3-1-2-0-4-5-4-4-1-2	3-2-1-3-2-0-7-2-3-3-2-0	5-0-3-2-4-2-0-1-4-4-3-5	9-1-4-1-1-4-3-5-1-9-1-1	1-2-13-4-3-5-0-2-1-3-1-3	4-1-1-1-1-4-1-4-3-3-5-5
448	5	4-3-4-5-5-5-4-5-4-5-5-6	4-4-3-1-8-5-3-4-6-7-5-6	2-5-6-1-6-5-6-6-4-3-4-5	6-6-4-6-1-2-5-6-4-3-3-6	6-3-1-7-2-3-6-4-4-5-3-1	10-2-6-1-4-1-4-6-4-5-4-3	1-1-3-2-2-3-4-4-4-4-6-6	3-1-1-6-5-0-4-2-2-4-7-5	4-3-2-5-2-7-7-6-5-6-5-7	1-1-5-3-1-16-5-4-1-2-1-1	5-7-5-4-4-6-6-7-2-5-7-2	5-7-5-6-5-6-5-5-3-5-4-4
448	6	6-9-7-6-7-6-4-6-4-8-6-5	5-7-3-1-4-5-7-7-5-5-7-5	6-6-8-8-7-5-7-5-8-8-5-7	5-8-7-5-7-8-4-5-5-8-9-5	5-7-1-7-2-3-5-4-7-13-5-6	5-5-7-7-6-1-4-5-6-6-4-6	1-6-6-2-2-6-5-4-6-9-6-5	3-6-10-5-5-0-4-2-2-6-2-0	7-2-2-2-2-5-5-5-5-7-6-5	7-2-6-5-1-5-4-6-1-2-1-3	5-5-5-4-4-5-6-2-2-1-5-2	5-5-5-5-5-5-6-5-3-5-4-4
448	7	7-6-6-6-7-7-8-8-7-7-8-8	7-6-3-7-5-9-8-6-5-5-8-8	8-7-8-6-6-2-6-8-8-9-5-6	8-8-8-6-8-8-5-8-5-6-3-6	10-6-8-8-2-3-8-8-5-6-8-8	2-8-8-6-6-10-8-5-6-6-2-9	10-10-6-2-8-11-5-4-6-7-6-7	6-8-7-8-5-7-4-2-2-7-5-0	6-0-5-8-9-5-16-8-5-6-9-5	6-2-7-3-8-10-4-4-7-0-1-7	5-5-3-4-4-7-0-5-0-7-5-2	5-5-7-4-7-5-6-0-3-7-4-4
448	8	8-8-8-8-8-9-9-9-8-8-11-8	10-9-9-7-5-5-7-9-5-5-7-7	7-7-7-6-9-7-9-7-6-9-9-6	7-8-7-7-7-7-8-7-9-9-8-1	8-0-7-7-2-9-7-7-9-6-7-7	1-7-9-6-8-7-9-8-8-8-2-8	9-15-6-1-7-8-9-9-6-8-7-7	3-7-10-7-8-9-13-10-2-8-11-0	8-0-9-7-8-5-16-7-5-4-7-8	9-8-8-3-7-7-9-6-1-9-1-7	12-5-8-13-9-8-0-15-1-2-5-7	5-5-5-2-1-8-12-8-8-7-4-4
448	9	9-6-9-8-8-8-8-8-9-9-8-8	10-8-8-10-5-7-10-8-7-9-7-10	11-10-10-6-8-9-10-11-9-8-8-10	10-9-10-7-7-10-10-7-8-8-10-12	7-10-9-9-13-8-10-10-8-6-11-9	10-10-8-9-9-13-8-10-8-8-1-7	9-7-8-11-9-11-9-10-6-6-13-9	9-7-13-7-9-13-8-8-9-9-13-13	9-13-10-7-7-9-9-10-5-9-7-8	13-8-5-9-11-4-3-8-11-13-13-7	13-9-9-8-8-8-15-13-14-7-5-9	9-9-9-10-13-5-6-16-9-9-4-12
448	10	10-10-10-10-10-11-11-11-11-10-10-11	11-11-11-9-5-11-9-11-5-11-7-9	9-9-9-6-7-12-9-9-9-13-11-9	9-9-9-7-7-9-9-7-11-11-9-9	7-9-9-7-9-10-9-9-10-6-9-9	9-9-8-10-10-7-11-9-10-10-1-10	7-10-10-10-9-10-15-9-12-8-9-10	3-7-9-10-10-9-15-8-2-10-9-9	10-9-9-7-10-9-9-9-16-9-7-8	9-9-10-15-9-7-7-10-9-9-9-7	9-11-15-8-8-8-9-9-9-1-5-7	5-9-9-9-9-11-6-9-9-9-10-8
448	11	10-10-8-10-11-10-10-10-10-10-8-10	10-10-10-12-12-10-9-10-12-10-12-12	9-12-12-12-12-11-13-9-9-12-10-12	12-9-11-13-12-12-9-12-12-10-12-9	12-9-11-12-9-10-12-12-12-6-12-12	12-12-11-6-13-9-10-11-10-8-2-10	11-12-10-9-12-7-10-9-10-15-12-9	9-11-12-11-12-9-8-16-2-8-9-9	9-9-12-12-16-5-9-12-5-10-11-11	9-12-10-10-9-12-3-6-9-9-9-12	9-10-10-8-9-8-9-9-9-12-5-11	5-11-9-11-9-10-6-9-3-9-4-4
448	12	12-12-13-12-12-12-10-13-15-12-12-12	14-13-13-11-13-10-9-14-14-13-11-13	9-11-11-11-11-11-11-9-13-11-13-11	11-9-13-11-11-11-14-11-13-12-11-9	11-9-9-11-11-13-11-11-13-6-11-11	11-13-12-14-12-9-13-11-12-12-4-8	11-11-10-12-11-12-11-9-10-12-11-9	13-11-11-11-11-9-8-8-11-12-9-9	12-9-14-11-10-5-12-11-5-12-11-13	11-11-12-13-11-11-5-15-11-9-9-12	12-10-16-8-15-8-9-13-9-11-11-11	13-16-9-13-9-15-8-14-9-12-12-13
448	13	13-13-12-16-12-12-15-12-13-12-13-10	12-12-12-11-12-14-14-12-12-12-11-12	14-13-11-11-11-11-14-14-12-14-12-11	14-9-13-11-14-14-12-14-12-12-11-9	11-9-15-15-9-12-14-14-12-6-14-14	12-14-15-13-13-9-14-11-12-8-2-14	15-15-8-9-14-13-12-14-6-13-14-14	12-14-9-14-13-9-8-11-14-13-9-9	9-9-12-14-16-5-9-14-12-10-13-12	9-14-13-14-14-13-14-8-14-9-9-15	9-16-12-8-14-8-9-9-9-14-5-13	12-14-14-14-9-12-14-9-3-9-4-13
448	14	14-14-14-14-15-12-14-14-14-14-13-15	12-15-15-13-16-13-13-15-12-13-11-15	13-14-11-13-11-13-13-14-9-15-15-16	13-13-12-11-13-13-12-13-15-14-14-9	11-9-13-11-9-15-13-13-15-6-14-13	13-13-13-14-14-9-15-12-14-14-9-14	13-13-8-9-15-14-15-13-10-14-13-13	12-13-9-13-13-9-14-14-13-13-9-9	9-9-15-13-14-9-9-13-13-14-13-15	9-13-13-13-13-13-13-14-13-9-13-13	9-15-10-14-15-8-9-9-9-13-13-13	15-13-13-13-9-14-13-12-15-9-15-15
448	15	14-10-14-14-14-12-14-14-14-16-14-16	16-14-14-11-14-13-13-14-14-14-16-14	15-15-16-16-13-13-14-16-16-14-14-15	16-15-15-11-13-13-15-13-14-14-14-16	11-15-13-13-15-14-14-13-14-6-15-15	11-13-13-13-15-15-14-8-12-14-1-13	13-13-8-15-14-13-10-14-14-11-13-15	14-13-15-13-13-15-10-11-15-9-9-9	15-9-14-13-13-5-15-15-5-9-13-14	16-13-15-10-13-13-14-14-15-9-13-13	9-14-10-14-12-15-9-15-15-15-5-15	14-15-15-15-15-12-6-9-14-10-14-14
448	16	16-16-16-16-16-16-16-16-16-15-16-16	15-14-14-11-14-15-14-15-14-16-15-15	15-15-16-15-16-13-16-16-15-16-16-16	15-16-16-16-16-16-15-16-14-16-16-15	16-9-16-16-9-16-15-16-14-16-11-16	16-16-16-16-16-9-14-16-16-16-16-15	13-16-16-16-15-16-16-16-16-16-12-12	16-13-11-16-16-9-16-11-15-16-15-9	15-15-16-16-11-16-16-11-16-5-13-5	15-16-16-16-16-5-16-15-16-16-16-16	16-13-12-16-6-12-9-16-16-16-16-16	16-16-16-15-16-16-16-9-16-16-16-16
449	0	0-0-0-0-0-0-0-0-0-0-0-0	0-0-0-0-0-0-0-0-0-0-0-0	0-0-0-0-0-0-0-0-0-0-0-0	0-0-0-0-0-0-0-0-0-0-0-0	0-0-0-0-0-0-0-0-0-0-0-0	0-0-0-0-0-0-0-0-0-0-0-0	0-0-0-0-0-0-0-0-0-0-0-0	0-0-0-0-0-0-0-0-0-0-0-0	0-0-0-0-0-0-0-0-0-0-0-0	0-0-0-0-0-0-0-0-0-0-0-0	0-0-0-0-0-0-0-0-0-0-0-0	0-0-0-0-0-0-0-0-0-0-0-0
449	1	1-1-1-1-1-1-1-1-1-1-1-1	1-1-1-2-2-2-2-2-1-2-1-2	1-2-2-2-2-2-2-2-2-1-2-2	2-2-2-2-0-0-2-1-2-2-2-0	1-0-1-2-1-1-2-1-1-2-4-0	8-2-2-1-2-1-2-2-1-1-8-2	1-1-1-1-1-1-2-2-2-1-1-2	1-1-1-2-1-2-2-2-1-1-2-2	1-5-1-2-2-2-2-2-2-1-1-2	2-1-1-3-2-2-2-2-2-1-0-2	3-2-2-0-2-1-1-1-0-1-2-1	2-1-1-1-4-2-8-4-2-1-1-2
449	2	1-1-1-1-1-1-1-1-1-1-1-1	1-1-1-3-1-1-1-1-1-1-3-1	4-3-3-3-4-1-3-1-1-2-1-3	3-1-1-3-4-3-1-5-1-1-3-0	4-0-4-4-0-1-3-3-2-1-10-4	3-1-3-1-1-0-3-1-1-1-2-3	2-1-1-0-2-1-2-1-1-2-3-4	1-2-3-1-2-1-1-3-2-1-2-1	0-0-1-1-3-1-1-3-1-2-2-1	1-4-1-1-3-1-1-1-4-1-0-3	1-1-1-1-1-1-0-1-0-1-1-2	1-2-2-1-1-1-1-1-1-1-1-1
449	3	1-1-1-1-1-1-1-1-1-1-1-3	1-1-1-2-1-1-1-3-3-4-2-4	0-2-2-2-2-6-4-4-1-5-4-2	2-4-4-2-2-2-1-2-2-3-2-0	2-1-2-2-4-3-4-2-4-3-1-2	2-5-5-5-1-5-4-3-3-3-1-2	5-3-1-3-4-3-3-2-3-1-2-6	8-2-2-4-3-1-1-5-5-3-5-1	3-6-3-3-2-1-3-2-1-3-2-2	4-3-3-1-2-1-3-1-4-4-3-2	1-1-3-1-3-3-0-3-4-7-1-3	1-3-5-5-1-1-1-3-2-1-1-1
449	4	4-5-4-4-5-4-4-4-4-1-1-4	1-6-1-2-1-6-1-5-3-3-2-3	2-4-5-2-2-3-5-5-3-3-5-5	3-3-3-2-2-2-4-2-5-4-3-0	2-0-2-2-3-5-3-5-3-4-1-2	3-3-3-1-1-1-3-4-4-4-4-4	2-4-1-3-3-4-6-3-4-4-2-5	4-2-2-3-3-4-4-3-3-5-2-1	1-3-3-3-4-3-3-3-1-5-5-1	3-2-4-4-2-4-1-4-2-3-3-2	1-1-4-4-1-5-1-3-3-1-1-3	1-3-2-3-1-1-1-1-1-1-4-1
449	5	5-4-5-5-4-6-6-5-4-5-6-5	6-4-5-1-1-4-1-6-7-6-2-6	6-5-6-1-6-4-6-4-6-3-6-6	6-6-6-5-2-3-7-2-6-6-6-0	2-0-2-2-3-4-6-6-6-6-1-2	2-3-3-1-1-3-6-6-5-5-5-4	3-8-6-0-3-5-6-6-5-5-4-4	1-2-2-4-5-1-6-5-3-4-3-1	5-3-3-3-0-1-6-6-5-4-4-6	6-2-5-6-6-5-1-5-6-1-1-2	6-1-10-6-6-6-0-3-3-6-1-3	1-3-2-3-1-1-3-1-1-6-6-1
449	6	5-4-4-5-6-5-5-7-4-7-5-4	7-4-5-7-1-7-7-5-6-5-7-5	5-7-7-6-5-3-7-7-7-5-5-5	7-5-7-7-7-7-5-8-5-5-5-7	7-6-8-7-3-4-7-7-5-7-7-7	7-7-7-8-6-7-5-5-5-5-7-7	7-5-5-7-3-6-5-5-5-8-7-3	3-7-3-6-3-1-5-7-3-7-6-1	7-3-10-6-6-1-5-7-5-7-8-5	5-7-8-6-7-6-6-5-6-1-6-2	5-3-5-5-5-5-1-6-7-5-6-3	1-6-6-6-10-1-1-1-4-5-5-1
449	7	7-7-7-7-6-7-7-6-7-7-7-7	6-8-7-6-1-6-6-5-6-8-6-6	6-7-6-6-6-3-6-6-9-9-8-7	6-6-6-6-6-6-5-6-8-8-5-6	6-0-6-6-3-8-6-6-7-6-6-6	6-6-8-6-7-6-8-7-7-7-6-6	6-5-7-6-10-5-8-8-7-6-6-5	7-6-3-8-7-6-7-9-3-7-6-1	6-3-8-6-7-1-9-8-6-6-6-8	8-2-7-7-6-5-8-5-1-1-6-7	9-4-5-5-1-7-0-6-6-3-1-3	1-6-6-6-1-1-9-1-8-8-5-8
449	8	7-7-10-7-7-10-7-7-7-10-7-6	10-7-7-8-9-7-9-9-6-7-10-10	8-8-9-9-8-8-9-8-9-9-7-8	8-8-9-6-6-8-8-6-7-9-9-8	2-10-6-8-8-7-9-8-7-8-8-6	1-8-7-6-8-10-7-10-8-7-1-9	8-5-7-7-8-8-7-7-9-6-8-5	8-7-2-7-7-10-7-2-8-8-8-8	8-8-7-8-2-1-8-7-9-8-6-8	7-2-6-8-9-5-7-5-8-8-8-7	9-1-9-7-1-10-8-8-8-1-1-3	8-6-8-8-8-1-1-8-7-8-7-7
449	9	9-10-10-10-10-10-9-10-10-10-10-10	10-7-7-10-10-10-8-10-10-10-10-8	8-8-10-10-8-10-9-9-10-7-8-9	8-8-8-9-9-8-9-6-7-8-8-8	10-8-6-8-8-9-10-9-8-9-9-8	9-8-10-9-8-8-8-9-9-9-5-8	10-9-9-7-8-9-8-8-8-9-10-9	8-9-8-9-10-9-7-7-8-8-8-8	10-8-8-8-10-9-8-9-9-8-10-7	10-9-6-8-8-10-9-10-8-8-8-9	8-10-8-5-9-9-8-10-8-10-7-9	8-10-9-9-9-1-9-9-9-8-9-9
449	10	10-10-10-10-10-9-9-10-10-9-10-10	9-7-10-9-9-9-9-9-9-10-8-8	8-10-10-9-10-10-9-10-9-10-10-10	9-10-9-10-10-10-9-10-10-10-10-8	9-8-10-10-10-10-9-10-10-10-2-6	10-10-10-9-10-8-10-10-10-10-10-10	9-10-10-10-7-10-10-10-10-9-9-10	10-10-7-10-9-8-7-6-8-10-9-8	9-8-6-10-9-10-10-7-10-9-9-8	9-10-10-10-10-9-10-9-10-10-10-10	9-10-5-5-9-8-8-9-10-9-10-10	10-9-10-9-9-10-10-8-10-10-10-9
450	0	0-0-0-0-0-0-0-0-0-0-0-0	0-0-0-0-0-0-0-0-0-0-0-0	0-0-0-0-0-0-0-0-0-0-0-0	0-0-0-0-0-0-0-0-0-0-0-0	0-0-0-0-0-0-0-0-0-0-0-0	0-0-0-0-0-0-0-0-0-0-0-0	0-0-0-0-0-0-0-0-0-0-0-0	0-0-0-0-0-0-0-0-0-0-0-0	0-0-0-0-0-0-0-0-0-0-0-0	0-0-0-0-0-0-0-0-0-0-0-0	0-0-0-0-0-0-0-0-0-0-0-0	0-0-0-0-0-0-0-0-0-0-0-0
450	1	2-1-1-0-0-1-0-0-1-0-1-1	0-0-0-0-0-1-0-0-1-0-1-0	0-2-0-0-0-0-1-0-0-0-2-1	0-0-0-0-0-0-0-0-0-0-0-0	0-0-5-0-2-0-2-0-0-0-1-0	0-0-0-0-0-4-1-0-2-1-0-2	0-0-0-6-1-1-0-2-1-0-0-0	0-0-0-0-1-0-0-1-1-1-0-0	0-0-1-1-0-0-1-1-0-0-1-0	0-0-1-1-0-0-0-0-2-4-6-0	5-0-0-0-0-1-0-2-0-1-1-1	1-1-1-2-2-0-0-0-1-1-1-0
450	2	1-2-2-2-2-2-2-2-2-2-2-2	2-0-0-2-2-1-0-2-1-0-3-0	4-1-3-4-2-0-3-0-3-0-3-2	3-1-3-3-3-3-0-5-3-0-3-1	3-0-7-3-1-2-3-3-0-2-4-3	2-3-2-2-0-5-2-3-1-2-11-1	2-2-0-1-1-2-2-1-2-2-3-0	0-2-4-2-2-1-2-2-2-1-3-0	0-0-0-2-2-0-1-1-4-2-2-2	0-2-1-0-3-3-2-2-1-0-1-3	0-2-3-0-0-0-0-1-0-1-2-2	1-2-5-1-1-0-2-0-0-3-3-0
450	3	3-3-3-3-3-3-3-3-3-3-3-3	4-3-3-2-3-4-4-3-3-4-2-4	6-4-2-2-2-8-4-4-2-5-4-4	2-4-2-2-2-2-4-2-2-3-2-1	2-0-2-2-4-2-4-2-3-3-2-2	8-5-5-7-3-6-4-2-3-3-13-3	10-3-3-3-4-3-3-4-3-4-2-4	3-2-2-4-3-3-3-5-6-3-3-0	3-4-3-3-3-5-3-4-2-3-2-4	4-3-3-0-2-2-4-2-1-4-1-2	3-3-3-0-3-3-0-6-6-4-2-3	3-3-2-4-3-3-3-0-3-4-2-5
450	4	4-4-4-4-4-4-4-4-4-4-4-4	3-4-4-2-3-4-3-5-3-3-2-5	2-3-2-2-2-3-5-6-5-6-5-5	3-3-5-3-2-2-5-2-4-5-6-1	2-0-1-2-3-6-3-3-3-6-2-2	2-3-3-3-3-1-5-5-3-4-4-4	2-4-4-3-3-6-5-3-4-3-2-3	5-2-2-3-4-4-4-3-5-5-3-0	4-3-3-3-4-4-1-3-5-4-5-3	3-3-4-6-2-4-5-2-1-3-1-5	3-11-8-4-5-4-0-3-3-5-4-5	6-3-2-3-1-4-2-6-8-3-5-7
450	5	6-5-5-5-5-5-5-5-6-5-5-5	6-8-4-2-7-6-7-7-3-3-6-4	0-5-7-4-6-3-4-7-6-3-6-4	3-4-6-6-2-7-5-2-6-4-4-0	2-0-1-5-3-4-5-6-6-3-2-2	2-3-3-3-5-2-6-4-5-5-6-3	3-3-5-1-3-5-6-6-5-5-0-3	4-2-2-4-3-0-7-3-4-4-3-0	4-0-4-3-5-3-1-3-4-5-4-4	7-3-5-8-5-5-4-6-1-0-1-4	1-3-6-6-4-4-0-0-1-4-3-4	1-3-2-1-3-5-2-4-4-4-6-6
450	6	5-4-5-6-6-7-5-6-5-6-7-5	7-5-4-2-8-6-11-8-8-8-6-7	3-6-7-7-5-9-7-4-5-4-5-6	7-7-5-7-8-2-7-2-5-5-4-1	7-0-2-11-3-4-7-5-5-6-4-2	3-3-3-3-5-3-5-6-5-6-5-7	3-3-5-1-3-4-5-5-5-5-2-3	4-2-2-6-6-4-5-3-3-4-8-0	5-3-3-6-8-8-1-7-8-8-6-8	5-3-6-4-8-8-5-6-1-3-1-2	6-8-5-0-5-7-0-3-3-3-8-3	6-8-6-1-3-6-6-6-4-11-5-5
450	7	7-7-7-7-7-7-5-9-5-8-7-6	6-5-4-2-5-6-11-8-6-3-8-6	0-8-9-9-6-10-8-9-9-9-8-8	6-9-8-6-11-10-6-6-9-9-5-7	6-4-2-8-3-4-6-5-8-8-6-7	3-2-8-8-7-0-5-6-7-8-5-6	3-7-7-1-3-7-7-5-8-11-2-6	4-7-8-6-6-9-5-3-3-7-6-0	3-3-3-3-11-6-3-6-6-6-7-6	8-3-6-4-8-9-5-10-1-3-1-7	3-6-5-0-5-6-0-3-3-3-6-3	6-3-6-1-9-6-8-6-4-6-5-10
450	8	8-8-9-9-7-5-8-8-8-7-8-5	6-5-4-9-6-5-9-7-6-3-9-6	10-7-10-9-9-3-7-9-7-7-7-7	9-10-9-7-10-11-5-9-6-9-4-9	10-0-8-7-3-4-9-9-7-7-8-8	3-10-9-7-7-11-9-8-5-7-3-8	11-10-5-3-9-8-5-9-7-8-9-3	3-8-14-9-6-9-5-11-3-14-6-0	3-3-6-9-11-6-3-9-6-6-8-6	7-3-8-5-9-6-9-6-1-0-9-11	0-6-5-0-7-8-0-11-0-8-6-3	6-6-8-5-11-6-7-0-4-8-5-6
450	9	9-9-9-10-9-9-10-9-9-9-9-9	6-11-9-8-6-9-8-7-6-10-8-11	8-9-7-7-8-8-10-10-10-7-10-8	8-10-10-8-8-7-9-8-7-10-9-8	8-0-8-8-8-10-8-8-10-7-8-8	3-8-8-7-9-8-10-9-9-9-9-8	3-11-9-1-10-9-8-8-7-9-8-8	9-8-7-11-8-9-9-8-3-9-8-0	8-9-10-8-9-10-1-8-10-5-5-6	10-8-9-9-8-6-8-7-10-10-8-8	9-6-4-11-4-8-0-0-14-8-6-10	6-6-6-3-7-9-10-11-11-13-5-11
450	10	9-10-9-9-10-11-10-10-10-9-10-10	11-11-10-8-10-9-11-9-6-11-8-11	8-10-11-8-8-11-9-9-9-7-11-11	8-11-11-8-8-7-11-8-11-9-10-1	8-0-8-8-12-9-11-10-9-7-8-8	3-8-8-7-13-8-11-9-9-9-6-8	3-8-9-1-9-9-11-11-7-10-0-11	10-8-7-9-9-10-10-8-3-9-3-0	8-10-11-8-9-9-1-8-9-13-9-10	9-9-10-11-11-6-11-7-9-10-1-10	1-6-11-11-11-14-0-12-1-11-6-9	10-6-2-1-14-9-9-10-13-11-10-9
450	11	11-8-9-10-11-10-10-10-9-11-10-11	12-9-9-11-11-9-12-11-12-12-8-11	13-11-13-8-8-12-12-10-10-10-10-10	12-13-11-10-12-12-10-8-10-11-10-13	8-11-11-7-13-9-10-12-10-7-8-8	12-11-8-8-11-8-10-9-9-9-2-8	12-10-9-11-9-11-10-10-7-8-11-11	5-8-8-12-9-13-9-8-3-11-13-11	12-11-10-8-8-6-11-11-6-11-8-6	10-3-11-10-10-6-10-10-11-11-11-8	13-4-10-9-10-10-11-11-11-10-6-11	10-6-11-11-11-6-7-11-4-11-10-9
450	12	13-13-13-13-13-14-13-13-14-14-14-14	14-13-13-13-13-13-13-13-13-13-13-13	12-11-11-13-12-13-11-13-13-13-13-13	13-12-13-13-11-11-13-8-13-13-13-11	14-11-11-13-11-12-13-12-13-13-13-8	12-11-13-12-12-8-12-13-12-12-7-12	14-13-12-11-11-12-13-13-13-14-14-11	12-8-13-11-13-11-10-13-3-11-14-13	13-13-12-8-14-13-14-11-6-14-12-13	13-13-10-13-13-13-12-13-11-11-11-13	13-13-13-13-13-10-14-14-11-13-13-12	10-14-11-11-13-13-13-13-13-12-13-13
450	13	12-12-12-12-12-12-12-12-12-12-12-12	12-12-12-14-12-12-12-12-12-12-12-12	11-14-11-14-13-12-14-12-12-12-13-12	12-11-12-12-13-13-12-8-12-12-12-11	12-11-11-12-11-12-14-13-12-12-12-8	13-11-12-12-10-12-13-12-12-9-3-14	12-12-12-11-9-12-12-12-12-12-11-14	12-13-12-13-13-11-9-12-3-9-11-12	12-12-12-8-14-12-11-11-6-10-13-6	12-12-12-12-12-13-13-12-11-11-11-13	11-12-12-10-12-10-11-12-11-12-12-13	10-13-11-11-12-12-12-12-12-12-12-12
450	14	14-12-13-12-14-12-12-12-12-12-12-12	12-12-12-13-12-12-12-13-12-14-12-12	13-13-14-13-14-13-13-12-12-14-14-13	13-14-14-14-14-14-12-8-12-14-14-11	12-11-14-14-14-14-13-14-12-14-12-8	14-14-14-12-14-12-13-14-14-14-14-13	12-14-14-14-12-14-12-13-14-12-12-13	14-13-8-14-14-11-14-12-13-12-12-14	12-14-14-14-12-12-14-12-14-12-13-10	12-14-14-14-14-12-14-12-11-14-13-14	12-12-14-14-7-10-12-12-14-12-12-14	12-12-14-11-10-14-14-12-14-14-12-12
451	0	0-0-0-0-0-0-0-0-0-0-0-0	0-0-0-0-0-0-0-0-0-0-0-0	0-0-0-0-0-0-0-0-0-0-0-0	0-0-0-0-0-0-0-0-0-0-0-0	0-0-0-0-0-0-0-0-0-0-0-0	0-0-0-0-0-0-0-0-0-0-0-0	0-0-0-0-0-0-0-0-0-0-0-0	0-0-0-0-0-0-0-0-0-0-0-0	0-0-0-0-0-0-0-0-0-0-0-0	0-0-0-0-0-0-0-0-0-0-0-0	0-0-0-0-0-0-0-0-0-0-0-0	0-0-0-0-0-0-0-0-0-0-0-0
451	1	1-1-1-0-1-0-0-1-1-1-1-1	1-0-0-2-0-1-1-2-2-0-1-0	2-2-2-2-2-2-2-0-0-0-2-0	2-2-1-2-2-2-0-2-2-2-0-2	4-1-2-2-2-0-2-2-0-0-4-2	2-2-2-1-1-2-2-0-0-0-0-0	0-2-1-0-0-0-0-2-1-1-2-0	1-2-1-2-2-1-0-4-2-0-1-1	0-2-1-2-1-2-1-0-2-1-1-2	2-1-1-2-0-0-2-0-2-1-0-0	0-0-0-0-2-0-0-1-0-2-1-1	1-2-2-1-0-1-2-0-0-0-0-0
451	2	2-2-2-2-2-2-2-2-2-2-2-2	2-2-2-1-2-2-1-1-1-2-1-2	1-1-1-1-1-1-1-2-0-3-1-3	1-1-0-1-1-1-3-1-1-1-3-1	1-1-1-1-1-3-1-1-3-2-1-1	1-1-1-2-2-1-3-1-2-0-0-2	1-1-2-0-2-2-3-1-4-2-1-3	3-1-1-1-1-2-2-1-1-3-1-2	2-1-1-1-2-1-2-2-1-2-2-1	1-1-2-3-2-1-1-4-1-2-2-2	2-2-2-7-1-2-1-3-2-1-1-1	2-1-1-2-2-2-1-3-8-8-2-5
451	3	4-4-3-4-2-3-4-4-4-4-4-4	4-2-2-4-4-4-4-3-5-4-4-4	7-4-4-4-4-4-4-4-4-4-3-3	4-4-4-3-4-4-2-5-2-5-4-5	4-4-9-1-4-2-4-4-2-5-5-1	4-5-5-5-3-4-4-5-0-0-4-5	4-3-5-4-3-7-2-5-2-2-4-4	2-5-4-4-5-4-2-5-4-4-4-4	4-4-4-4-5-5-4-4-4-3-5-4	4-13-3-4-5-5-5-2-4-4-4-3	4-3-3-2-4-4-4-4-4-5-5-3	5-5-3-4-4-5-4-4-4-4-4-4
451	4	3-3-4-3-4-5-3-3-3-3-3-4	3-5-4-3-5-3-3-4-3-3-3-3	3-3-3-3-3-3-3-3-3-5-5-4	3-3-3-1-3-3-5-3-5-3-5-3	3-3-1-1-3-5-3-3-5-3-1-1	3-3-1-3-2-3-5-3-4-0-3-3	3-5-4-3-3-4-5-2-2-0-3-3	5-2-3-3-3-3-7-1-3-5-3-3	3-3-3-3-4-3-3-3-5-3-3-3	3-1-3-3-4-3-3-2-3-3-3-4	3-4-17-3-3-3-3-3-3-3-1-4	3-1-3-3-3-3-3-3-3-3-3-3
451	5	3-5-4-3-6-4-4-4-3-3-3-4	3-4-4-5-4-3-3-5-3-3-3-5	5-6-6-5-3-3-6-6-3-4-4-5	6-5-6-6-3-6-5-3-4-3-5-3	3-5-3-1-3-4-5-5-4-3-3-1	6-3-3-3-3-11-4-3-5-0-5-3	3-4-4-3-5-5-4-3-6-2-5-4	5-3-12-3-3-6-4-1-3-4-5-5	5-3-3-3-3-3-5-3-4-3-3-3	3-3-3-5-3-3-3-2-3-5-3-4	7-3-4-6-3-5-3-5-3-3-3-3	3-3-5-3-3-3-3-5-3-5-3-3
451	6	7-7-6-7-7-8-7-7-7-7-7-7	7-7-7-5-7-7-7-8-7-7-7-7	6-5-8-8-7-7-7-5-8-7-8-7	7-5-7-7-3-5-7-8-7-6-7-5	8-5-3-8-6-6-7-6-7-8-10-5	6-3-7-6-6-9-7-6-6-6-15-6	3-6-6-6-7-6-7-7-6-8-6-6	6-6-14-11-6-7-6-7-3-7-5-12	6-7-7-6-8-8-17-6-7-14-6-7	12-6-7-7-7-6-12-6-6-10-10-6	7-7-5-5-9-7-5-10-3-6-7-7	12-6-6-3-12-7-14-7-12-6-7-7
451	7	6-6-6-6-6-6-6-6-6-6-6-6	6-6-6-8-6-6-6-6-6-6-9-6	3-7-6-6-9-6-8-6-6-6-6-8	8-5-6-6-8-8-6-9-6-3-8-6	9-5-3-9-3-8-8-8-6-6-6-10	8-3-6-6-6-5-6-7-6-0-15-6	3-6-6-3-6-6-6-6-6-6-3-7	6-7-7-3-7-6-4-8-3-6-6-6	3-6-6-3-14-6-3-8-6-6-8-6	6-6-6-6-6-8-6-2-3-6-3-8	5-6-4-2-6-6-5-6-3-3-6-6	3-7-7-3-6-6-6-6-6-6-6-6
451	8	6-6-6-6-6-6-6-6-6-6-6-6	6-6-6-7-6-6-6-6-6-6-7-6	11-11-6-6-6-11-7-6-6-11-6-7	7-9-6-6-7-7-6-7-7-6-7-5	7-5-3-7-9-7-9-7-8-6-6-7	7-10-10-6-6-6-9-7-12-8-11-10	3-7-6-11-9-6-8-6-8-6-8-9	6-7-7-9-8-6-4-10-9-6-8-6	3-6-8-8-6-6-8-7-6-6-7-6	9-6-6-6-6-7-6-8-3-3-3-7	5-11-4-2-8-6-3-8-3-9-6-8	3-8-8-3-6-6-11-6-2-6-6-6
451	9	6-6-6-6-6-6-6-6-6-6-6-6	6-10-6-7-6-6-6-10-6-8-7-10	3-9-6-6-7-8-10-11-6-8-10-10	9-8-10-8-7-7-6-7-10-10-7-3	7-5-3-7-8-10-8-7-8-6-6-7	7-10-8-6-6-7-10-8-8-9-6-9	3-10-6-8-8-9-9-10-10-6-8-8	6-7-8-8-7-6-9-8-8-6-8-6	6-6-10-8-9-6-3-7-10-10-9-10	8-10-17-10-6-9-6-2-3-6-8-10	5-6-6-6-10-6-3-9-5-10-6-8	3-10-5-3-6-6-10-6-6-6-6-17
451	10	6-6-6-10-6-6-6-6-6-6-6-6	9-11-11-7-6-6-6-9-6-9-7-9	3-10-6-6-7-8-9-9-11-8-11-9	10-8-11-7-7-7-11-7-11-9-8-3	7-5-3-11-8-9-11-10-11-6-6-7	7-9-8-6-6-7-11-11-6-9-11-9	3-9-6-8-8-10-9-9-9-10-8-8	6-7-9-8-10-6-10-8-8-6-9-6	6-6-9-8-5-6-3-7-9-10-9-9	6-9-17-9-6-9-11-15-11-6-6-9	9-9-9-17-11-6-6-6-5-9-6-8	6-9-5-3-6-6-9-6-6-11-6-13
451	11	6-10-6-6-8-6-6-6-6-6-6-6	6-10-10-7-6-6-6-8-6-8-12-13	8-8-12-12-12-8-12-9-10-8-10-12	11-12-10-12-12-13-10-13-10-10-8-6	14-5-3-14-8-9-12-12-10-13-11-11	8-13-12-6-11-14-10-11-8-9-8-13	3-9-6-8-8-13-9-9-9-17-8-8	6-12-8-12-12-6-10-14-11-11-11-6	6-6-11-8-11-6-3-10-10-12-9-14	7-6-10-11-12-9-14-10-10-6-6-12	3-8-4-10-10-5-3-8-3-14-6-8	3-11-11-3-6-6-8-6-6-11-6-9
451	12	6-6-12-13-12-6-6-6-12-12-6-12	9-14-6-7-6-6-6-10-11-6-11-14	11-12-11-11-11-13-13-13-13-13-13-11	12-13-13-11-11-11-12-11-12-14-13-3	10-5-3-11-8-12-11-11-12-11-11-11	6-11-11-6-12-11-11-12-12-12-16-12	3-9-12-3-13-12-10-13-12-12-8-8	6-11-5-11-11-14-10-11-8-12-6-6	6-6-12-13-12-6-3-9-13-11-15-11	13-3-6-6-11-7-6-10-13-6-6-11	5-6-4-10-6-5-5-6-3-3-6-8	6-11-11-3-6-6-13-6-6-6-6-9
451	13	6-13-12-12-6-6-13-13-13-6-6-6	6-14-14-7-6-6-14-12-11-6-11-14	11-13-11-11-11-14-12-12-12-14-14-14	13-12-14-11-11-11-12-11-14-12-14-3	11-5-3-11-8-12-14-13-12-11-11-11	3-11-11-6-14-11-14-12-12-12-3-11	3-14-12-3-14-13-14-14-13-17-5-17	6-11-6-13-11-14-13-11-8-14-3-6	3-15-12-12-13-6-3-11-12-6-10-11	12-3-13-14-11-7-14-10-12-6-3-13	3-6-4-10-9-17-5-6-3-3-6-12	13-11-5-3-6-6-12-6-6-6-6-10
451	14	6-6-14-6-6-14-6-6-6-6-6-17	6-12-13-7-6-6-13-14-6-6-11-13	16-12-15-11-11-16-14-15-15-13-13-13	15-15-15-11-11-15-12-11-13-12-13-14	11-16-15-11-15-12-13-14-14-6-11-15	15-15-11-14-13-11-13-12-12-12-16-14	15-10-12-14-13-13-13-13-6-11-14-11	6-12-16-15-10-12-13-11-15-13-14-6	15-6-16-12-7-6-15-14-6-6-17-11	14-14-14-13-11-7-11-10-15-15-15-6	14-6-4-10-10-14-5-14-15-11-6-8	14-11-14-14-14-6-6-14-13-14-12-9
451	15	16-16-16-17-17-17-16-16-17-17-17-17	16-17-16-16-16-17-17-16-16-16-16-16	17-15-16-17-17-16-16-17-16-16-16-16	16-14-16-16-11-14-15-11-16-16-16-14	16-5-14-16-14-15-16-15-16-15-11-14	16-14-16-15-13-16-16-16-15-15-7-15	14-16-12-14-14-15-17-16-16-15-14-14	6-11-16-14-16-12-13-16-14-16-14-6	14-16-14-15-17-16-14-16-16-16-12-16	14-14-15-15-16-16-14-10-14-14-14-16	14-16-16-16-17-17-17-14-14-14-16-15	16-14-15-14-14-6-16-16-15-14-6-16
451	16	15-15-15-15-16-17-15-15-15-15-15-15	15-15-15-15-15-15-15-17-15-15-15-15	14-16-15-17-16-14-17-15-15-15-15-15	15-14-15-15-16-16-15-14-15-15-15-14	15-14-14-15-14-15-15-16-15-16-15-16	15-14-15-16-12-14-15-15-9-15-12-17	17-15-15-14-15-16-10-15-15-11-16-16	6-16-14-16-15-15-12-15-14-15-16-15	16-15-14-16-16-15-14-15-15-15-16-15	16-16-16-15-16-15-10-15-14-14-16-15	14-15-16-15-10-14-15-14-14-16-15-16	15-16-6-14-16-6-15-15-15-16-6-15
451	17	17-17-15-15-17-15-15-17-15-15-17-17	15-15-17-15-15-15-15-16-15-17-16-15	15-15-17-15-15-17-16-15-15-17-17-15	16-17-15-15-17-17-15-11-15-17-17-14	15-5-17-17-17-17-16-17-15-17-11-16	17-17-15-16-17-5-15-15-17-17-17-16	14-17-17-17-15-17-15-15-17-11-15-13	17-16-15-17-17-6-9-15-16-14-15-17	16-17-8-17-16-15-17-15-17-15-14-9	14-17-17-17-17-7-17-16-12-17-10-17	16-15-4-10-15-14-17-15-17-17-15-17	6-17-17-14-15-17-17-15-17-17-17-9
452	0	0-0-0-0-0-0-0-0-0-0-0-0	0-0-0-0-0-0-0-0-0-0-0-0	0-0-0-0-0-0-0-0-0-0-0-0	0-0-0-0-0-0-0-0-0-0-0-0	0-0-0-0-0-0-0-0-0-0-0-0	0-0-0-0-0-0-0-0-0-0-0-0	0-0-0-0-0-0-0-0-0-0-0-0	0-0-0-0-0-0-0-0-0-0-0-0	0-0-0-0-0-0-0-0-0-0-0-0	0-0-0-0-0-0-0-0-0-0-0-0	0-0-0-0-0-0-0-0-0-0-0-0	0-0-0-0-0-0-0-0-0-0-0-0
452	1	0-0-0-1-0-0-0-0-0-0-0-0	0-0-0-0-0-0-0-0-0-0-0-0	3-2-2-0-1-0-2-0-0-0-1-0	2-2-4-0-0-0-0-0-1-0-0-5	0-5-2-0-2-0-2-0-0-0-1-0	0-0-0-0-0-0-0-0-0-0-0-0	1-0-0-10-1-0-0-0-0-0-0-0	0-0-0-0-0-0-0-1-0-0-0-0	0-0-0-1-0-1-1-1-0-0-0-0	0-1-1-1-0-0-0-1-1-3-1-0	0-1-0-0-0-1-0-0-9-1-1-1	0-1-1-1-1-1-1-0-0-1-1-0
452	2	2-2-2-2-0-2-3-2-2-0-2-0	0-0-0-2-0-0-0-2-0-2-3-3	5-3-1-3-3-3-3-3-0-2-3-3	3-1-1-3-2-3-0-5-2-2-2-1	3-0-5-3-3-2-3-2-2-2-13-5	3-3-2-2-0-2-3-2-0-2-2-2	2-2-2-1-1-1-2-3-2-2-3-2	0-2-3-2-2-2-2-2-2-2-2-0	0-0-2-2-3-2-0-1-0-2-3-0	3-2-2-5-3-3-2-2-1-0-3-3	3-2-3-0-3-2-0-2-1-3-2-2	0-2-4-2-2-2-2-0-0-3-3-3
452	3	3-3-2-3-3-5-3-3-3-3-3-3	5-3-0-2-3-0-2-3-4-4-2-2	1-2-2-2-2-6-2-2-0-4-2-2	2-4-4-2-2-2-0-2-2-3-2-1	2-3-2-2-5-2-4-4-3-3-5-2	2-4-5-10-3-2-4-4-3-3-10-3	2-3-3-3-4-3-4-3-3-3-2-4	8-2-2-4-3-3-3-4-10-6-3-0	3-0-3-3-2-3-3-4-0-3-2-4	4-10-1-3-2-2-3-3-1-4-2-2	2-10-3-0-3-3-0-3-3-5-2-3	3-3-5-4-3-2-2-3-2-2-2-2
452	4	4-4-4-4-4-4-5-4-4-4-4-4	5-6-4-2-5-5-0-5-3-3-2-2	2-4-5-2-2-3-5-5-5-3-5-2	3-3-5-2-2-2-4-2-2-4-3-1	2-1-2-2-3-5-3-3-3-3-3-3	2-3-3-3-3-2-5-3-4-4-4-4	2-2-4-3-3-4-3-5-4-4-3-3	7-5-2-3-3-3-0-3-3-4-3-0	4-0-3-5-4-10-3-3-5-4-2-3	5-2-4-4-0-2-2-4-5-3-3-2	4-5-5-0-3-0-5-3-3-3-4-3	0-3-2-3-2-2-2-0-0-5-5-5
452	5	4-5-4-5-5-5-5-6-5-5-6-5	6-6-6-2-4-4-9-6-8-3-2-2	2-5-7-6-2-4-4-6-6-3-6-6	6-3-6-3-2-2-6-2-6-5-3-1	2-1-2-5-3-4-6-5-6-3-3-2	2-3-3-0-5-2-6-3-5-5-6-3	2-2-4-1-3-5-6-6-5-5-2-6	5-4-2-3-3-6-6-3-3-5-3-0	5-1-4-4-5-3-1-3-5-5-6-3	4-2-5-6-2-5-2-12-4-3-2-2	3-4-4-5-5-6-4-3-3-3-4-5	10-2-2-2-2-4-2-0-0-4-4-7
452	6	6-5-5-5-6-6-5-5-6-5-5-7	5-5-5-2-4-7-7-7-9-5-7-7	7-7-7-8-7-7-7-7-5-5-5-7	7-7-8-7-7-7-5-2-5-7-5-9	7-6-3-7-3-4-7-7-5-7-8-7	7-3-3-12-6-7-5-7-5-5-7-7	2-2-4-1-5-5-5-7-5-8-7-5	3-7-2-7-3-7-13-6-3-6-7-0	7-7-6-3-6-6-7-7-5-7-8-8	7-7-8-6-7-5-6-5-1-8-6-2	7-3-6-11-0-5-0-6-7-6-6-3	6-6-6-6-7-7-3-0-0-6-9-5
452	7	8-7-7-7-5-7-8-7-7-7-7-7	8-8-8-2-8-10-6-6-6-8-6-6	6-6-6-6-6-6-6-7-5-7-8-6	6-6-6-6-6-6-5-2-8-8-8-1	6-1-6-6-3-8-6-6-8-6-6-6	6-6-3-7-7-6-8-6-8-7-6-6	2-2-7-1-10-7-7-8-4-7-6-5	7-6-2-6-7-7-10-6-3-9-6-0	6-7-9-3-9-6-6-6-8-6-7-10	7-6-7-8-6-7-8-5-1-6-6-2	6-7-8-10-13-5-0-8-6-6-6-7	10-6-6-6-6-7-2-11-7-7-10-10
452	8	7-11-9-7-8-9-7-5-7-9-7-7	7-5-7-8-7-7-8-6-5-7-9-9	12-9-9-6-8-9-9-10-9-9-7-9	8-8-6-9-6-9-8-2-7-7-8-13	2-9-11-6-9-7-9-9-7-8-6-13	9-8-3-8-8-13-7-3-7-7-11-6	13-2-7-1-8-10-7-7-3-6-10-5	3-6-9-6-3-9-7-3-3-8-8-9	10-10-9-3-10-9-10-9-7-5-6-7	7-2-6-8-7-2-7-7-10-9-10-2	10-2-7-9-0-8-9-7-10-6-6-3	8-3-9-6-10-8-2-8-0-10-1-7
452	9	9-9-10-9-10-10-9-9-10-10-9-9	11-10-11-8-11-11-8-11-6-9-6-8	8-8-8-8-8-8-8-8-8-10-10-8	9-8-6-8-2-8-8-2-9-10-10-8	6-8-2-5-3-9-8-9-9-8-11-6	9-9-10-8-7-8-10-9-9-9-2-9	2-9-11-1-8-9-9-8-9-9-8-5	8-9-8-6-2-8-7-9-3-11-8-8	8-8-7-3-7-8-11-8-10-10-6-8	6-2-11-8-9-8-12-9-1-8-8-2	8-9-10-8-0-8-8-8-1-2-6-7	10-6-8-6-6-9-2-8-12-8-6-7
452	10	9-11-9-11-9-9-9-13-9-9-9-9	7-9-9-12-9-7-10-13-11-10-11-11	11-10-12-11-11-12-11-8-11-11-9-10	11-11-6-8-11-11-5-11-10-9-9-8	11-8-11-11-11-9-11-11-9-6-11-11	11-3-11-10-10-11-11-10-9-5-3-11	10-2-12-1-9-10-5-11-3-10-11-3	10-10-13-11-10-8-7-12-3-8-8-8	8-8-3-11-8-4-8-11-5-9-10-10	10-11-8-8-11-10-11-5-11-8-8-10	8-3-9-5-0-8-8-12-8-11-11-10	9-3-8-6-6-9-10-8-0-8-13-7
452	11	11-13-11-11-9-11-11-12-11-11-11-13	9-13-9-10-12-12-10-12-12-10-10-11	10-10-10-10-10-10-12-10-12-10-12-13	10-10-11-10-10-10-12-10-12-9-11-1	10-8-10-10-8-12-10-10-12-11-10-10	10-10-10-11-11-10-12-11-12-11-8-11	12-12-9-1-12-11-13-10-11-9-10-10	7-10-12-10-10-8-12-6-3-9-13-8	8-8-11-10-11-11-9-10-9-6-10-12	11-10-9-13-10-12-10-12-10-8-8-10	8-12-11-12-12-8-8-13-1-3-10-11	12-10-8-10-6-11-10-11-12-8-12-12
452	12	12-11-11-13-9-12-13-11-9-10-11-11	13-9-11-10-11-11-12-11-11-10-13-11	8-13-10-10-10-10-11-8-11-11-11-12	12-12-12-13-10-10-11-10-11-12-11-8	10-8-12-12-12-11-13-10-11-12-12-12	10-12-10-10-12-12-11-11-11-11-3-13	11-11-12-12-11-12-7-11-12-7-10-12	8-10-8-12-10-12-7-12-12-8-13-8	8-8-11-12-12-4-11-11-7-11-12-11	13-12-12-11-7-11-11-5-12-8-8-10	12-11-10-11-11-8-8-12-12-12-12-10	12-13-12-12-8-11-12-8-11-8-11-7
452	13	13-13-13-13-13-13-13-13-13-13-13-13	12-11-13-10-13-13-12-10-11-13-12-11	12-12-13-10-13-13-13-13-12-13-13-13	12-13-12-13-13-13-12-13-13-13-13-8	13-8-13-13-13-13-12-13-11-13-10-6	13-13-13-13-13-8-12-13-13-13-13-12	12-13-13-13-12-13-11-12-13-13-11-12	13-10-10-13-13-12-6-3-12-12-12-8	8-13-13-13-10-13-13-11-13-13-10-11	12-13-13-11-13-12-13-5-13-13-8-13	8-13-9-11-11-5-8-11-13-13-13-13	12-12-13-12-6-13-13-8-13-13-13-0
453	0	0-0-0-0-0-0-0-0-0-0-0-0	0-0-0-0-0-0-0-0-0-0-0-0	0-0-0-0-0-0-0-0-0-0-0-0	0-0-0-0-0-0-0-0-0-0-0-0	0-0-0-0-0-0-0-0-0-0-0-0	0-0-0-0-0-0-0-0-0-0-0-0	0-0-0-0-0-0-0-0-0-0-0-0	0-0-0-0-0-0-0-0-0-0-0-0	0-0-0-0-0-0-0-0-0-0-0-0	0-0-0-0-0-0-0-0-0-0-0-0	0-0-0-0-0-0-0-0-0-0-0-0	0-0-0-0-0-0-0-0-0-0-0-0
453	1	1-0-0-0-0-0-0-0-0-0-0-0	0-0-0-0-0-0-0-0-1-1-0-1	0-2-0-0-0-0-0-0-0-0-0-1	2-0-0-0-0-0-1-0-0-0-0-4	0-7-13-0-1-0-0-1-0-0-1-0	0-4-0-0-0-0-1-0-1-0-0-2	8-0-0-8-0-0-0-0-0-0-0-0	1-0-0-1-0-5-0-1-1-1-0-0	1-0-0-0-0-0-1-1-0-0-0-0	0-1-1-1-0-0-0-0-1-1-0-0	0-1-0-0-1-1-1-0-1-1-1-1	0-1-1-1-8-1-1-0-1-0-1-0
453	2	2-2-2-2-2-3-2-3-3-3-3-3	3-2-3-2-1-3-3-2-4-2-3-3	2-1-3-3-3-3-3-3-3-3-4-2	3-3-3-3-3-3-1-3-2-3-3-2	3-0-3-4-1-2-2-3-0-2-3-3	2-3-3-2-2-4-3-3-2-2-14-3	4-3-2-1-2-0-3-3-2-3-3-3	3-3-3-3-3-1-2-2-2-1-3-0	1-0-0-2-3-2-1-1-3-4-3-3	3-2-2-1-3-3-4-3-7-1-1-3	4-2-3-3-3-1-4-0-1-3-5-2	0-2-4-1-4-2-5-0-3-3-3-3
453	3	2-3-2-3-6-2-2-2-2-2-2-3	2-3-2-2-4-2-2-3-3-5-2-3	0-4-2-2-2-4-2-2-6-4-3-3	4-4-2-2-2-2-4-2-2-2-4-1	2-0-2-2-4-2-4-2-3-3-2-2	4-2-5-6-3-2-4-2-3-3-10-2	2-2-3-1-4-3-4-3-3-2-2-4	2-2-2-4-2-1-4-4-9-1-2-3	3-5-4-3-2-4-1-4-2-2-2-2	2-3-3-2-2-2-2-2-1-1-2-2	3-3-3-2-2-3-0-3-1-4-2-3	0-3-5-1-3-3-2-3-2-2-2-2
453	4	4-4-4-4-4-2-2-4-2-5-4-5	5-4-4-2-3-2-2-5-2-3-2-5	1-3-2-2-2-3-5-5-5-3-5-4	3-3-2-2-2-2-3-2-5-2-3-1	2-1-2-2-3-5-3-3-3-6-2-2	6-1-3-3-3-2-3-3-4-4-2-4	2-2-4-1-3-4-3-5-3-4-2-3	4-2-3-5-2-1-4-3-3-4-2-3	4-4-3-3-15-3-1-3-8-2-2-3	3-5-4-4-2-5-2-3-2-1-6-2	6-3-4-2-2-6-2-3-6-3-3-3	8-3-2-1-2-5-2-0-13-5-4-4
453	5	5-5-5-5-5-5-5-5-5-5-6-5	4-6-4-2-4-7-2-4-4-3-2-4	2-5-2-2-2-3-4-5-4-6-4-5	6-3-6-5-2-2-6-2-6-6-6-1	2-1-1-10-3-4-5-5-6-6-3-2	0-2-3-15-5-2-6-6-5-5-6-6	1-2-4-1-3-4-5-4-5-5-2-6	4-2-2-4-2-1-7-3-3-4-3-6	2-3-4-3-7-3-0-3-10-5-2-8	8-4-4-4-2-4-6-5-2-6-0-2	14-5-5-5-12-5-0-6-1-3-2-3	0-2-3-6-11-4-2-0-4-4-12-5
453	6	7-8-7-7-5-7-6-7-7-7-6-6	7-5-4-8-7-5-7-7-7-8-7-7	6-7-7-8-7-8-7-7-7-5-7-6	7-7-5-7-7-7-5-9-5-7-5-6	9-1-9-7-3-6-7-7-5-6-7-7	6-7-9-3-5-8-5-5-5-5-9-10	6-2-3-2-3-6-5-7-5-5-7-5	13-7-15-7-10-6-5-5-3-10-6-5	11-6-8-7-6-7-2-7-5-5-8-5	4-9-7-4-7-7-7-5-2-5-7-2	4-3-5-5-9-7-6-5-4-6-7-3	6-6-6-5-7-9-11-5-4-5-5-6
453	7	7-7-7-6-8-6-7-6-6-8-8-8	6-8-11-6-6-8-6-6-6-6-6-6	6-6-6-6-6-3-6-6-6-8-8-7	6-7-6-6-6-6-5-6-8-8-8-1	6-1-1-6-3-8-8-6-8-7-6-6	6-6-6-7-7-1-8-7-7-7-10-7	1-8-4-1-3-7-5-8-5-7-6-6	6-6-8-6-6-1-5-3-3-7-6-0	6-0-3-6-5-6-1-6-10-5-2-3	0-3-7-6-10-2-6-5-2-8-6-15	0-3-14-5-3-5-0-0-1-9-6-3	10-9-6-1-6-7-2-0-14-4-5-5
453	8	6-6-7-7-7-6-7-6-6-7-8-7	6-7-7-6-6-7-6-6-6-6-6-7	8-8-6-6-8-9-9-12-9-9-7-8	9-8-9-6-6-6-8-6-7-7-7-1	6-9-1-6-13-7-9-9-7-7-6-8	9-6-7-8-8-15-7-6-7-5-11-7	1-7-12-1-8-10-5-9-5-5-13-10	13-7-13-6-6-9-5-3-3-8-8-11	12-9-9-6-10-0-11-13-9-6-6-5	13-13-12-9-7-2-6-5-1-10-8-2	13-2-9-8-5-8-9-8-13-8-7-3	7-7-9-1-9-8-2-8-4-8-6-2
453	9	10-9-9-9-7-6-9-7-7-7-9-9	9-7-7-6-9-10-12-11-6-7-6-10	8-8-8-6-6-11-10-8-8-8-10-8	8-8-8-8-6-8-9-6-10-11-10-1	6-8-6-6-3-10-8-8-10-9-10-6	8-6-6-9-7-8-10-8-9-9-6-9	6-9-9-1-15-9-14-8-5-9-8-9	8-7-8-6-2-8-9-3-3-14-8-8	6-11-10-6-8-6-8-14-14-10-6-9	8-6-11-14-7-12-6-5-11-8-8-9	8-12-8-8-6-8-8-8-8-7-9-11	7-7-8-10-8-14-2-8-4-8-9-9
453	10	9-12-10-11-7-9-11-10-10-7-10-9	9-7-7-12-9-9-11-15-9-6-11-9	12-10-12-12-11-3-11-8-10-9-9-10	11-8-11-11-11-11-9-14-9-9-9-1	11-8-11-11-11-9-11-11-9-10-10-6	11-6-11-15-12-11-9-10-9-5-7-11	11-9-4-1-9-8-5-11-5-9-8-11	6-14-11-11-6-8-9-3-3-12-8-8	8-9-9-11-8-11-1-8-7-11-10-14	8-3-4-10-11-14-6-5-11-8-8-11	8-9-7-8-5-8-8-11-1-6-11-3	7-10-8-9-8-7-2-8-4-8-5-9
453	11	6-15-12-12-12-11-13-10-13-10-12-12	9-12-7-10-13-11-12-12-14-6-10-10	8-11-10-10-10-9-10-13-12-12-12-12	10-8-10-10-10-10-12-10-12-9-12-1	10-8-10-10-8-12-10-10-12-11-10-6	10-10-10-12-5-10-10-10-5-11-8-10	10-12-9-1-9-9-11-10-13-13-8-10	11-10-10-10-10-8-13-3-3-11-10-8	6-9-12-10-8-13-8-10-12-10-12-12	9-6-9-10-10-10-6-5-10-8-8-10	8-9-9-12-13-8-13-10-8-8-10-9	13-11-8-1-8-13-2-13-11-13-9-12
453	12	11-12-11-11-12-12-12-13-15-12-11-15	11-11-11-14-11-13-11-11-13-13-13-13	10-13-10-10-13-15-13-8-13-11-11-13	13-13-12-10-14-13-11-10-11-9-11-1	14-8-14-14-13-11-13-13-11-11-14-6	6-13-14-11-10-14-13-14-7-11-3-12	10-11-8-1-13-8-5-13-11-11-8-12	8-13-8-13-14-13-11-14-13-8-8-8	8-9-11-13-12-11-1-8-7-10-11-11	8-13-8-10-10-9-13-5-13-8-8-2	8-9-7-11-5-8-0-10-1-13-13-3	11-10-13-12-8-12-2-8-4-8-5-11
453	13	13-15-13-13-13-13-11-12-11-12-14-13	13-11-14-12-11-11-12-14-12-12-12-12	10-15-10-10-12-14-12-11-12-14-14-12	12-13-13-13-12-12-14-10-14-14-14-1	12-8-1-12-12-14-12-12-14-13-12-6	10-12-14-11-13-12-12-12-14-13-8-12	12-14-13-1-12-13-14-12-13-11-8-12	6-12-8-12-12-12-14-3-12-11-8-8	8-9-3-12-13-11-1-8-13-2-12-12	8-8-4-15-6-12-12-5-12-8-15-10	8-15-5-11-11-8-11-14-8-12-12-12	11-12-12-8-13-11-2-11-4-11-13-15
453	14	14-14-15-15-15-15-12-15-15-15-13-15	15-11-13-12-11-13-11-13-15-12-10-13	14-14-15-10-14-13-13-14-12-13-13-14	15-8-14-15-12-12-13-10-13-13-13-14	12-8-14-12-14-13-15-12-13-14-12-6	10-12-12-14-14-12-13-12-13-13-2-12	15-13-6-14-14-14-13-12-13-15-8-12	8-10-8-12-12-14-13-12-14-9-13-8	8-14-14-12-14-0-14-9-9-10-12-11	15-14-14-9-7-10-9-5-14-14-8-2	8-9-7-11-9-8-8-13-14-14-14-14	14-11-14-14-8-11-14-8-4-11-14-11
453	15	15-15-15-15-15-15-15-15-15-15-15-15	14-13-15-12-15-15-15-10-14-15-12-12	13-13-15-12-13-15-15-15-14-15-15-15	14-15-14-14-15-15-14-12-13-15-15-14	15-8-15-15-15-15-14-15-13-15-10-6	15-15-12-15-15-8-12-15-15-15-15-15	14-15-15-15-9-15-13-14-15-14-14-12	15-15-6-15-15-14-15-12-14-14-14-15	14-15-15-15-2-15-15-9-15-2-12-11	14-15-15-15-15-10-15-12-14-15-15-15	13-13-15-5-15-14-15-13-15-15-15-15	15-11-15-14-13-15-15-8-15-15-15-13
454	0	0-0-0-0-0-0-0-0-0-0-0-0	0-0-0-0-0-0-0-0-0-0-0-0	0-0-0-0-0-0-0-0-0-0-0-0	0-0-0-0-0-0-0-0-0-0-0-0	0-0-0-0-0-0-0-0-0-0-0-0	0-0-0-0-0-0-0-0-0-0-0-0	0-0-0-0-0-0-0-0-0-0-0-0	0-0-0-0-0-0-0-0-0-0-0-0	0-0-0-0-0-0-0-0-0-0-0-0	0-0-0-0-0-0-0-0-0-0-0-0	0-0-0-0-0-0-0-0-0-0-0-0	0-0-0-0-0-0-0-0-0-0-0-0
454	1	1-1-1-1-1-1-1-1-1-1-1-1	1-0-0-0-0-1-2-1-2-2-1-2	1-0-1-1-1-2-1-1-1-0-2-1	2-2-2-1-1-1-0-1-0-0-0-1	0-1-1-1-2-0-2-2-0-1-1-1	1-0-0-1-1-1-0-2-0-0-0-0	8-0-1-5-1-0-1-2-0-1-5-0	1-1-1-0-1-4-1-0-1-6-2-4	2-2-1-0-5-1-5-2-1-1-1-0	4-5-1-0-0-1-0-1-2-2-2-0	5-0-1-2-5-2-2-5-5-0-1-1	1-1-1-2-4-5-1-2-1-2-1-1
454	2	1-2-2-1-2-1-1-1-1-1-2-1	1-0-0-2-0-1-1-2-1-1-4-3	0-3-3-3-3-3-3-3-2-3-1-2	3-1-1-3-3-3-0-3-3-0-3-2	3-1-3-5-1-2-1-3-0-0-5-3	3-3-2-1-1-3-3-3-0-0-0-5	3-0-2-0-2-0-0-1-2-2-3-3	1-3-2-3-2-2-1-3-2-1-1-1	1-1-1-0-3-2-1-1-0-2-3-2	3-2-0-0-3-2-4-1-2-1-1-4	1-2-0-1-1-2-1-1-1-2-2-2	1-2-3-1-1-0-2-1-0-1-0-0
454	3	3-3-3-3-3-4-3-4-3-3-3-3	4-3-0-2-3-4-1-4-3-4-2-3	6-2-2-2-2-6-2-2-4-4-4-3	4-4-4-2-2-2-4-2-3-3-2-2	2-1-2-2-4-3-4-2-3-3-2-2	2-2-4-1-3-2-3-2-3-3-9-3	2-3-6-1-4-0-3-3-3-4-2-6	6-2-3-4-3-3-0-4-4-1-3-1	3-6-4-3-2-5-3-4-0-2-2-4	2-3-3-0-2-2-5-3-3-1-4-2	3-3-0-0-6-3-1-3-3-4-3-3	1-3-4-3-3-3-3-1-0-3-0-0
454	4	4-4-4-4-4-3-4-4-4-4-4-4	3-4-4-2-3-3-1-3-3-3-2-5	1-4-2-2-2-3-5-5-5-3-5-5	3-3-3-2-2-2-4-2-5-4-3-2	2-1-2-4-3-5-3-3-3-3-3-2	3-2-3-3-0-2-5-4-4-4-2-4	2-4-6-1-3-0-4-5-3-3-2-5	0-2-3-5-2-1-6-3-3-0-5-1	4-4-3-3-4-3-1-3-5-2-5-3	5-3-4-5-2-5-2-9-5-1-3-2	1-5-0-8-1-4-6-1-1-3-5-3	1-3-3-1-1-1-5-1-1-4-1-4
454	5	5-5-5-5-4-5-5-5-5-4-5-5	3-6-6-2-3-6-3-4-4-3-5-6	3-5-2-2-4-3-4-4-4-7-4-4	6-6-6-6-2-2-7-2-4-6-6-1	2-1-2-6-3-4-6-5-5-3-2-2	1-2-3-1-6-2-6-6-5-5-7-4	6-6-4-1-3-6-5-4-3-5-1-4	6-2-1-4-2-6-5-3-3-5-3-1	4-3-6-3-5-3-1-3-4-5-4-4	4-1-4-4-2-4-6-9-4-1-1-2	1-4-6-10-1-5-4-1-1-3-4-3	1-3-3-4-1-1-4-1-9-6-5-4
454	6	6-5-7-5-6-6-6-6-5-6-7-5	5-4-5-7-3-5-1-3-6-3-7-5	7-7-7-7-7-3-7-7-7-5-5-6	7-7-7-7-7-7-5-8-5-5-5-6	7-7-12-5-3-4-5-7-4-7-7-7	7-6-3-6-5-6-5-5-3-5-7-7	6-5-4-1-3-5-5-7-3-7-7-3	5-6-6-7-2-6-4-7-3-5-6-5	3-3-12-3-6-6-7-7-4-6-5-6	7-7-9-7-7-5-6-6-6-1-6-6	7-3-6-5-6-7-4-6-7-6-6-3	7-6-6-6-6-6-3-1-5-5-5-4
454	7	7-7-7-7-7-8-8-7-8-7-8-8	8-8-8-6-8-8-8-7-7-8-6-8	7-6-6-6-6-8-6-7-7-8-8-7	6-6-9-6-6-6-5-6-8-9-8-6	6-7-7-5-3-8-6-6-8-6-6-6	6-9-8-7-7-6-8-7-7-7-6-6	6-8-11-1-9-7-5-7-10-9-6-7	7-8-7-6-8-7-9-6-6-10-7-1	7-7-3-3-7-7-6-6-9-6-7-9	7-6-8-6-6-8-6-9-6-1-6-8	6-12-12-8-12-6-4-12-6-6-12-3	6-12-7-6-12-7-7-9-5-6-5-12
454	8	7-7-7-7-7-7-7-7-7-7-7-7	7-7-7-9-9-7-7-9-9-7-9-9	8-8-10-9-6-7-8-9-9-7-9-8	9-8-7-9-6-9-12-6-7-7-8-6	2-12-6-5-9-7-9-9-7-8-7-12	8-7-7-8-7-12-7-7-7-7-10-6	12-7-8-9-8-7-7-9-7-8-11-11	11-7-11-7-7-9-7-6-8-9-8-11	11-11-8-12-9-8-11-9-10-11-7-12	8-11-11-8-11-7-6-12-11-9-11-7	11-7-7-9-10-11-9-10-11-8-7-3	8-7-8-6-10-7-8-8-10-9-8-7
454	9	7-8-8-10-7-7-12-7-8-7-7-7	7-7-7-8-8-7-8-8-8-7-8-8	9-10-11-8-10-10-10-8-8-10-8-10	10-8-7-8-10-10-4-6-9-7-9-6	10-8-6-10-8-9-10-10-9-9-9-6	10-7-10-11-7-8-10-9-7-7-3-7	10-11-4-8-7-7-9-8-9-7-6-10	8-9-10-9-9-8-7-9-9-8-8-8	8-8-10-10-9-9-8-10-7-8-9-7	8-9-8-10-8-12-10-7-8-8-8-7	8-9-7-8-7-8-8-8-8-9-7-11	7-10-8-9-8-6-9-8-5-8-8-7
454	10	8-10-7-7-8-7-8-8-7-10-7-10	7-11-11-8-11-7-12-8-8-7-8-8	9-9-8-9-9-9-11-8-8-9-11-9	9-10-10-6-9-9-12-6-10-7-9-6	9-8-6-9-8-10-9-9-11-9-9-6	9-7-9-8-7-8-9-10-10-7-8-10	9-9-10-10-11-10-10-9-7-7-8-9	8-9-9-9-9-8-11-10-9-10-8-8	8-8-9-9-10-9-8-9-8-11-9-8	8-9-10-10-8-9-9-7-8-8-8-7	8-9-7-11-8-8-8-8-8-9-9-9	8-9-8-6-8-6-7-8-8-8-8-9
454	11	7-10-8-7-11-7-7-7-7-8-11-7	7-10-10-8-10-8-8-12-12-8-12-8	9-11-9-9-9-9-10-8-8-10-10-11	12-8-12-11-9-9-11-6-11-7-10-6	9-8-6-11-8-10-12-12-10-11-11-6	9-7-9-11-7-8-10-9-7-7-3-12	10-11-7-8-10-7-9-12-7-7-8-8	8-11-12-11-11-8-10-10-9-11-8-8	8-8-9-11-12-9-8-11-10-8-11-7	8-8-8-10-8-8-11-7-8-8-8-8	8-9-7-10-8-8-8-1-8-9-7-9	6-6-8-6-8-6-11-8-8-8-8-7
454	12	12-12-12-12-12-12-9-12-12-8-12-12	7-10-12-8-10-8-10-9-11-12-11-8	10-11-12-9-12-9-12-12-11-12-12-12	11-12-11-12-12-12-10-6-10-7-12-8	9-8-6-12-8-12-11-11-10-12-9-6	12-12-12-12-12-8-12-12-12-12-12-11	10-12-12-12-10-12-10-11-12-9-10-11	12-11-11-7-12-8-7-9-9-12-11-8	10-8-6-12-11-12-12-11-12-9-11-8	8-12-12-12-12-12-12-8-7-12-8-12	8-7-7-8-7-8-8-8-12-12-7-3	12-12-12-10-7-12-12-8-12-12-11-7
455	0	0-0-0-0-0-0-0-0-0-0-0-0	0-0-0-0-0-0-0-0-0-0-0-0	0-0-0-0-0-0-0-0-0-0-0-0	0-0-0-0-0-0-0-0-0-0-0-0	0-0-0-0-0-0-0-0-0-0-0-0	0-0-0-0-0-0-0-0-0-0-0-0	0-0-0-0-0-0-0-0-0-0-0-0	0-0-0-0-0-0-0-0-0-0-0-0	0-0-0-0-0-0-0-0-0-0-0-0	0-0-0-0-0-0-0-0-0-0-0-0	0-0-0-0-0-0-0-0-0-0-0-0	0-0-0-0-0-0-0-0-0-0-0-0
455	1	1-1-1-1-1-1-1-1-1-1-0-1	2-0-0-1-2-2-2-2-2-0-0-2	1-2-2-1-1-0-2-0-0-0-0-1	1-2-2-0-1-1-2-1-0-0-0-5	0-1-5-0-2-0-2-1-0-1-1-1	1-1-0-1-1-1-0-1-0-0-0-1	7-0-0-1-2-1-0-1-1-1-1-1	2-0-1-1-1-2-0-1-1-1-1-0	1-2-2-1-0-1-1-1-0-1-1-0	1-1-1-2-0-0-1-0-1-2-1-1	2-0-0-0-1-0-1-2-1-1-1-1	1-1-1-1-1-1-1-1-0-0-1-0
455	2	2-2-2-2-2-2-2-2-2-1-2-2	1-0-0-2-1-1-1-1-1-1-3-3	1-1-1-3-3-3-3-3-3-2-4-3	3-1-1-3-2-3-1-5-3-0-2-1	2-1-1-4-1-2-3-2-2-2-2-4	3-1-3-2-2-4-2-2-2-2-0-3	2-2-0-1-2-1-3-3-1-1-3-4	3-2-3-2-2-1-0-3-1-6-3-0	3-1-1-2-3-2-1-1-0-2-2-3	2-2-2-1-3-2-2-0-2-1-3-2	2-2-0-0-3-2-1-1-1-2-2-2	1-2-2-1-2-2-2-1-0-2-0-2
455	3	3-3-2-3-3-3-3-3-3-3-3-3	3-3-0-2-4-4-1-3-3-5-2-3	1-2-4-2-2-4-2-2-2-4-3-2	4-4-4-2-2-2-4-2-2-3-2-1	2-1-2-2-4-2-4-2-3-3-5-2	2-2-5-6-3-2-4-4-3-3-6-3	2-3-3-3-4-1-4-2-3-3-2-2	8-2-2-4-2-3-4-11-11-3-5-7	3-7-4-3-2-4-1-4-0-3-2-4	2-2-3-5-2-2-2-0-4-5-2-2	3-3-3-0-5-3-3-3-4-2-3-3	1-3-2-1-3-3-2-3-0-2-2-0
455	4	4-4-4-4-4-4-3-4-4-4-4-5	5-4-4-2-3-3-1-5-3-3-2-5	1-3-3-2-2-3-5-3-5-3-5-2	3-3-3-2-2-2-3-2-2-4-3-1	2-1-1-2-3-5-3-3-3-2-3-2	2-1-3-4-0-2-3-3-4-4-2-4	2-2-5-3-3-4-3-5-3-3-2-2	4-2-2-5-2-3-3-3-4-4-2-4	4-4-3-3-12-3-1-3-12-4-2-8	3-2-4-4-2-5-2-0-5-3-2-2	5-3-4-0-5-4-6-3-3-2-5-3	8-3-2-1-3-5-2-4-4-5-4-4
455	5	5-5-5-5-5-5-5-5-5-5-4-5	4-6-4-2-6-6-3-4-3-3-2-4	1-6-3-2-2-3-4-6-4-6-4-6	6-3-6-2-2-2-6-2-6-4-3-1	2-1-1-5-3-4-5-5-6-1-3-2	2-3-3-5-8-2-6-6-5-6-6-4	2-2-4-1-3-5-5-4-5-8-2-6	6-2-4-4-5-1-7-5-3-4-3-6	4-5-3-3-5-4-5-3-5-5-2-8	3-4-4-4-5-4-2-5-4-3-5-2	4-6-5-5-6-5-4-3-7-5-4-3	4-3-1-1-5-4-2-5-5-4-5-8
455	6	7-6-7-7-5-7-8-7-5-7-7-6	7-5-4-7-7-7-7-7-7-7-7-7	6-7-7-7-7-7-7-7-7-5-7-7	7-3-7-7-7-7-5-7-5-7-5-6	7-1-6-7-3-4-7-7-5-7-7-7	7-7-7-3-5-8-7-5-5-5-7-7	6-7-8-7-3-6-5-7-5-8-7-7	7-7-7-7-7-1-5-5-3-7-3-3	7-3-5-7-6-6-7-12-5-7-8-7	7-7-7-4-7-8-7-5-7-3-6-2	8-5-8-5-7-5-9-9-5-7-7-3	7-6-6-6-7-5-7-5-9-5-5-7
455	7	6-6-6-8-6-6-6-6-6-6-6-6	6-8-4-6-6-8-6-8-6-6-6-6	6-6-6-6-6-6-6-6-6-8-8-8	6-7-6-6-6-6-5-6-8-8-8-1	6-1-1-6-3-8-6-6-8-6-6-6	6-6-6-7-7-2-8-6-5-7-6-7	1-6-8-6-3-7-5-6-5-8-6-6	7-6-6-6-6-1-7-3-3-7-6-3	6-3-7-6-7-4-6-3-10-6-6-6	3-6-6-6-6-6-6-5-6-8-6-7	5-5-11-11-6-5-7-3-5-6-6-7	6-6-6-1-6-7-6-4-11-7-5-10
455	8	8-6-6-7-6-7-6-6-6-8-6-7	6-7-7-6-7-7-6-7-7-6-6-6	8-9-9-6-8-6-8-9-8-7-7-7	8-8-7-6-6-6-8-6-7-7-7-8	8-9-1-8-8-7-7-9-7-8-8-8	9-8-6-8-11-12-7-8-5-5-8-6	8-7-7-8-8-1-7-7-5-6-8-5	3-6-8-6-6-11-7-5-8-8-8-11	8-11-8-6-6-8-8-8-6-6-6-5	8-8-8-8-6-6-7-6-10-11-8-2	8-8-6-7-8-7-11-8-11-6-7-3	4-8-8-7-8-7-6-8-8-8-6-5
455	9	10-12-9-9-10-12-10-10-11-10-12-12	10-12-10-11-10-10-10-10-10-11-10-10	9-10-10-11-10-10-10-11-10-10-11-10	10-8-10-10-6-8-10-6-10-10-10-8	11-8-10-10-9-9-10-10-10-10-11-6	11-10-10-10-10-10-10-11-9-9-6-10	9-11-9-9-10-9-9-10-10-10-12-10	9-6-10-9-9-8-9-12-10-11-8-8	9-9-9-9-10-11-9-8-11-10-6-10	10-12-10-10-11-10-6-5-9-8-11-9	10-10-11-9-12-11-8-12-8-12-10-9	12-9-11-9-8-11-9-10-8-9-10-12
455	10	9-9-9-9-9-9-9-9-9-9-9-9	9-9-9-9-9-9-9-9-9-9-9-9	11-9-9-9-9-9-11-9-9-9-9-11	9-9-9-9-10-11-9-6-9-9-9-12	11-8-11-9-8-9-11-9-9-9-9-10	9-9-9-9-9-9-9-9-9-4-7-9	12-9-9-10-9-9-5-9-9-9-10-10	9-10-9-10-11-9-9-9-9-9-10-8	9-8-11-11-9-9-9-10-9-9-10-9	9-10-9-9-10-10-11-5-9-8-9-9	9-9-9-7-7-9-8-9-10-10-9-11	9-10-9-10-8-9-10-8-7-8-9-7
455	11	9-9-9-9-9-9-9-9-9-9-9-9	9-9-9-9-9-9-9-12-9-9-9-9	10-10-9-9-10-10-10-9-9-9-9-10	10-10-10-9-10-10-9-6-9-9-9-10	9-9-10-9-3-11-10-10-9-11-9-10	9-11-11-11-9-8-9-9-9-0-8-11	10-9-9-10-9-11-5-9-9-9-10-10	9-11-9-10-10-8-9-3-12-9-8-8	9-8-10-10-11-9-9-10-9-9-10-9	8-10-11-9-9-10-10-5-11-8-9-11	9-9-9-7-9-9-8-9-8-10-9-10	9-7-9-10-8-9-10-8-7-9-9-7
455	12	12-9-9-9-12-9-9-12-9-9-12-9	9-9-9-10-9-9-9-11-9-12-9-9	11-12-12-9-12-10-12-9-9-12-12-12	10-12-12-12-12-12-9-6-12-12-12-10	9-8-12-12-12-12-10-11-9-12-2-6	12-12-12-12-12-8-12-12-12-12-12-11	10-12-12-12-9-12-5-9-12-9-9-10	12-12-9-12-12-9-12-9-11-12-9-8	9-12-12-12-9-12-12-9-12-9-11-9	9-9-12-12-12-9-12-10-12-12-12-12	9-9-12-8-9-12-11-9-12-9-12-12	9-7-12-4-10-12-12-8-12-12-5-9
456	0	0-0-0-0-0-0-0-0-0-0-0-0	0-0-0-0-0-0-0-0-0-0-0-0	0-0-0-0-0-0-0-0-0-0-0-0	0-0-0-0-0-0-0-0-0-0-0-0	0-0-0-0-0-0-0-0-0-0-0-0	0-0-0-0-0-0-0-0-0-0-0-0	0-0-0-0-0-0-0-0-0-0-0-0	0-0-0-0-0-0-0-0-0-0-0-0	0-0-0-0-0-0-0-0-0-0-0-0	0-0-0-0-0-0-0-0-0-0-0-0	0-0-0-0-0-0-0-0-0-0-0-0	0-0-0-0-0-0-0-0-0-0-0-0
456	1	1-1-1-0-1-0-0-1-1-1-1-1	1-0-0-2-0-1-1-2-1-0-1-0	2-2-3-2-2-2-2-0-0-0-2-0	2-2-3-2-2-2-0-3-2-0-0-2	4-1-3-2-2-0-2-2-0-0-3-3	2-2-3-1-1-2-2-2-0-0-0-0	0-2-1-0-0-0-0-2-1-1-1-0	1-2-3-2-3-1-0-3-2-0-1-1	0-2-1-2-3-2-1-0-1-1-3-0	2-1-1-2-0-2-2-0-0-1-0-0	0-0-2-0-4-0-0-1-0-4-2-1	1-2-2-2-2-1-2-0-2-0-2-0
456	2	2-2-2-2-2-2-2-2-2-2-2-2	2-3-3-1-2-2-1-1-2-3-1-3	1-1-1-1-1-2-3-2-0-1-3-0	1-1-0-1-1-1-2-1-1-1-3-1	1-2-1-1-1-3-1-1-3-2-1-1	1-1-1-2-2-1-3-1-2-2-2-2	1-2-2-0-2-2-3-1-0-2-1-2	2-1-1-1-1-2-3-1-1-2-1-2	2-1-1-1-2-1-2-2-2-2-1-2	1-1-2-3-3-5-1-5-2-0-2-2	3-3-3-2-8-2-1-2-2-2-1-2	2-7-1-1-5-2-1-2-8-9-7-3
456	3	2-3-2-2-3-3-4-2-2-2-2-2	3-2-2-2-4-3-3-4-3-2-4-4	4-4-4-4-4-5-4-4-4-4-4-4	4-4-4-1-4-4-3-5-1-5-2-10	1-4-5-1-3-2-4-1-2-3-1-1	4-4-1-3-3-1-2-4-0-0-0-3	3-2-2-4-4-3-2-4-5-3-3-0	3-1-1-4-1-3-2-1-4-3-3-3	3-3-3-4-1-4-7-3-4-4-1-4	4-1-3-2-3-4-2-0-3-3-3-0	2-2-2-2-2-3-3-3-7-3-1-1	3-3-3-3-3-3-3-3-2-3-2-2
456	4	4-4-4-4-4-4-4-4-4-4-4-4	4-5-5-3-3-5-3-5-3-2-3-3	3-3-3-5-5-3-3-3-3-5-5-3	3-3-3-3-3-3-4-3-5-7-4-3	1-3-1-1-3-5-3-4-5-4-1-1	3-3-1-3-4-1-5-3-4-0-5-3	4-5-5-3-3-4-5-3-4-4-3-5	5-5-3-3-4-3-5-1-3-4-3-3	4-3-4-3-4-3-3-4-3-3-4-3	3-5-12-4-5-3-1-5-3-3-3-4	2-5-5-4-1-4-3-8-3-3-1-4	2-3-3-3-3-5-11-4-4-4-2-2
456	5	4-5-5-4-4-4-4-4-5-5-4-5	4-4-4-5-4-5-5-4-3-5-6-5	5-5-5-4-4-3-4-5-5-4-4-5	5-5-3-5-3-3-5-3-4-3-6-3	7-5-3-5-7-4-4-4-4-5-3-5	1-3-1-5-5-11-4-5-4-0-5-3	5-4-4-3-5-5-4-4-5-4-5-7	6-4-5-3-4-6-4-1-3-5-6-11	5-5-3-5-4-5-5-3-4-3-5-4	5-4-3-4-4-2-4-4-5-8-5-4	7-4-4-4-2-4-7-5-7-3-4-5	5-3-5-3-12-4-4-5-5-5-4-2
456	6	7-7-7-6-8-7-7-7-6-7-8-8	7-8-7-8-7-7-7-7-7-7-7-7	6-7-7-7-6-8-6-7-8-6-6-6	6-6-7-7-5-5-7-8-7-8-5-6	7-6-13-5-4-6-6-6-4-6-10-6	6-5-7-5-7-9-5-8-6-6-13-6	6-7-6-6-5-6-13-7-5-6-6-9	13-6-6-6-4-10-4-7-6-9-5-6	6-5-6-5-7-8-13-6-7-15-6-6	6-6-7-5-6-7-9-13-12-12-5-7	6-8-10-4-9-4-6-6-13-6-8-6	6-6-6-3-7-8-8-7-12-10-10-8
456	7	6-6-6-6-6-6-6-6-6-6-6-6	6-6-6-8-6-6-6-6-6-6-6-6	3-6-6-9-9-8-8-6-6-7-9-8	8-6-6-6-7-8-6-10-9-6-8-3	9-5-3-8-11-7-7-7-7-6-8-8	8-3-8-7-6-6-7-6-6-6-7-6	7-6-6-3-7-6-5-6-6-4-7-7	6-8-8-7-7-6-4-8-3-6-8-5	3-5-3-7-8-6-3-9-6-9-7-7	7-7-6-3-7-8-7-6-5-3-3-8	5-6-4-4-2-6-5-6-3-7-6-7	6-7-3-3-6-6-11-6-2-5-2-6
456	8	6-6-6-6-6-6-6-6-6-6-6-6	6-6-6-6-6-6-6-6-6-9-6-6	3-6-7-6-7-11-7-9-6-9-8-7	7-9-9-6-7-7-6-6-7-8-7-3	7-6-7-7-9-7-9-7-8-8-6-7	7-10-10-8-6-6-9-6-9-8-14-8	9-8-6-8-9-8-4-8-8-6-7-11	8-7-7-9-7-6-4-7-11-6-7-5	8-5-9-8-7-6-8-9-12-6-7-7	7-8-8-9-7-7-8-6-9-5-8-7	8-6-9-6-2-8-5-11-8-9-6-8	6-8-3-8-8-6-6-6-2-2-7-6
456	9	6-9-6-6-6-11-6-6-6-6-6-6	6-10-9-6-6-6-6-8-6-8-6-11	3-9-7-7-7-7-10-8-6-8-10-7	7-8-8-7-7-7-8-7-7-10-7-3	7-6-1-9-8-11-8-11-8-9-6-7	7-8-8-8-8-6-10-9-8-9-13-9	8-11-6-8-8-9-9-10-0-9-7-9	9-9-10-8-7-6-4-8-8-6-7-5	8-5-8-8-12-6-8-7-6-7-7-10	10-8-9-11-10-10-6-6-10-3-8-10	8-6-8-4-10-8-5-8-8-8-6-8	6-8-3-8-8-6-6-10-2-2-11-6
456	10	10-6-6-10-6-9-6-6-6-6-6-10	6-9-11-6-6-6-6-11-6-8-6-11	7-10-6-7-7-8-9-12-11-11-9-9	7-11-11-11-7-7-11-7-11-11-9-3	7-6-3-11-7-9-11-9-11-8-6-7	7-8-8-8-10-6-11-11-10-10-10-8	8-9-10-3-8-6-11-9-14-10-7-12	6-9-9-9-9-6-12-10-8-12-8-5	8-5-11-8-10-6-8-7-9-10-9-9	9-8-10-11-9-9-11-10-9-3-8-9	10-9-15-10-9-13-5-8-8-9-6-8	6-10-3-8-9-6-7-6-6-6-9-6
456	11	6-10-10-11-11-9-6-6-6-6-6-11	10-9-10-12-6-10-9-12-6-10-12-9	12-12-12-7-12-8-12-10-10-10-10-12	11-8-12-12-12-12-10-11-10-10-9-3	12-5-3-10-7-9-12-12-10-12-12-12	12-12-12-8-10-6-10-10-8-10-12-8	7-9-6-3-8-8-10-12-6-15-7-10	6-9-6-9-7-6-10-10-8-11-11-5	6-5-10-8-11-6-3-12-11-12-9-14	9-8-8-9-12-10-10-10-10-5-9-11	8-9-10-10-11-10-5-8-8-7-6-9	10-11-3-11-8-6-7-6-6-11-9-6
456	12	12-10-12-12-6-9-12-12-12-6-6-6	10-9-10-6-6-6-6-11-6-6-11-12	11-12-11-7-11-8-11-10-13-13-11-11	12-12-11-11-11-11-12-11-12-11-12-3	11-5-3-11-13-12-11-11-13-12-11-11	11-11-11-8-14-11-11-12-8-12-11-12	8-14-12-3-8-9-10-11-12-12-7-10	6-12-6-11-12-6-14-12-8-10-11-5	6-5-8-8-9-14-3-11-8-11-12-9	6-7-10-14-11-10-11-14-8-5-3-11	10-6-10-10-15-12-5-8-5-7-6-9	12-11-3-3-13-6-12-12-6-6-14-12
456	13	14-14-15-15-15-14-15-14-15-14-15-14	6-9-15-14-14-14-15-14-14-14-14-14	13-12-15-14-14-14-13-13-15-12-13-13	12-13-13-13-11-13-14-11-12-13-12-13	13-14-14-13-14-12-14-13-12-13-14-13	14-14-12-8-13-14-12-14-10-12-6-14	15-14-13-6-13-6-6-14-12-13-6-14	6-12-6-13-12-15-13-12-13-13-14-13	6-13-13-13-15-13-6-6-8-15-15-11	13-6-13-15-13-15-13-6-13-12-13-13	6-12-13-14-14-10-13-14-14-15-13-9	15-11-13-13-15-14-12-14-14-15-12-12
456	14	13-13-15-15-13-13-15-13-13-13-15-15	15-9-15-15-13-13-13-13-13-15-13-13	14-15-15-15-13-13-14-13-13-12-15-13	15-13-13-13-7-14-13-11-12-13-13-14	15-13-15-10-13-14-15-14-12-13-11-13	13-13-12-8-12-15-12-12-10-12-8-13	15-12-13-8-15-6-10-13-8-13-14-13	6-12-6-14-7-6-12-15-8-13-15-5	8-5-15-8-15-13-3-11-11-14-15-11	13-8-9-13-15-15-10-12-14-3-13-14	15-9-10-13-13-14-5-8-13-14-6-8	15-11-13-15-13-13-7-13-13-13-12-12
456	15	15-15-14-13-15-15-14-15-15-14-15-15	14-13-14-14-13-13-13-14-13-15-14-13	11-14-15-14-15-15-14-15-13-15-14-15	14-15-15-15-15-15-13-11-15-15-15-3	15-13-14-15-15-15-14-15-10-15-14-11	15-15-15-15-15-14-15-15-15-15-15-15	13-15-15-15-14-15-15-14-15-15-14-14	15-15-14-15-15-6-15-14-8-15-14-15	8-15-15-15-13-15-15-14-15-6-14-9	14-15-15-15-15-15-15-13-15-15-15-15	14-15-10-13-12-14-5-15-15-15-15-8	13-15-15-14-13-15-15-13-15-15-12-12
457	0	0-0-0-0-0-0-0-0-0-0-0-0	0-0-0-0-0-0-0-0-0-0-0-0	0-0-0-0-0-0-0-0-0-0-0-0	0-0-0-0-0-0-0-0-0-0-0-0	0-0-0-0-0-0-0-0-0-0-0-0	0-0-0-0-0-0-0-0-0-0-0-0	0-0-0-0-0-0-0-0-0-0-0-0	0-0-0-0-0-0-0-0-0-0-0-0	0-0-0-0-0-0-0-0-0-0-0-0	0-0-0-0-0-0-0-0-0-0-0-0	0-0-0-0-0-0-0-0-0-0-0-0	0-0-0-0-0-0-0-0-0-0-0-0
457	1	1-1-1-1-1-1-1-1-1-1-1-1	2-1-1-2-2-1-2-1-1-1-2-1	1-2-0-1-1-2-1-2-2-2-1-1	2-2-2-2-0-0-2-1-1-2-1-0	1-0-1-5-1-1-2-0-2-2-2-0	2-2-2-2-1-1-1-2-1-1-8-2	1-1-1-1-2-1-2-2-1-1-1-2	1-1-1-1-1-3-1-1-1-1-0-2	1-2-2-1-1-3-1-1-3-1-1-3	2-1-1-3-2-1-1-1-1-1-1-1	1-3-2-1-1-2-1-2-1-1-3-1	2-1-1-1-1-2-1-4-4-1-2-2
457	2	1-1-1-1-1-1-1-1-1-1-1-3	1-1-1-3-1-1-1-1-1-1-3-3	2-2-3-3-4-1-3-3-1-3-3-3	3-1-1-3-4-3-1-3-1-1-3-4	4-0-5-2-0-2-3-2-1-1-5-3	1-3-3-1-1-5-3-3-1-1-3-1	2-5-1-1-1-1-1-3-1-1-3-4	1-2-3-2-2-1-1-3-2-6-3-1	1-1-1-2-10-1-3-3-1-2-3-1	1-5-1-1-5-3-4-3-2-1-1-3	1-1-1-1-3-3-1-1-1-1-1-1	1-2-5-1-1-1-5-1-3-1-1-1
457	3	1-1-2-2-2-1-1-4-2-1-1-2	1-1-1-2-1-1-2-4-3-5-2-2	0-5-2-2-2-6-2-2-1-4-2-2	2-4-4-2-2-2-1-2-1-3-2-2	2-3-2-2-4-3-4-4-3-3-2-2	4-4-5-6-3-4-4-4-3-3-6-3	2-3-1-3-3-3-3-2-3-1-2-6	9-2-2-4-3-1-1-4-4-3-2-1	3-6-3-4-3-1-4-4-1-1-2-1	4-3-3-1-2-2-2-2-4-5-3-2	3-6-2-0-6-3-6-3-3-4-1-3	3-3-2-3-3-1-3-1-2-2-2-1
457	4	1-4-4-4-4-3-4-4-4-4-2-4	1-6-4-2-1-1-2-5-5-3-2-5	8-4-2-2-2-3-5-5-6-3-5-5	3-3-3-2-2-2-3-2-5-4-3-2	2-0-2-2-3-5-3-3-3-3-2-2	3-3-3-3-3-3-5-3-3-4-2-4	2-2-1-3-3-4-4-5-3-1-2-2	4-2-3-5-2-1-6-3-3-4-3-1	5-1-3-3-4-1-3-3-5-2-5-1	5-3-4-8-2-5-2-4-5-1-3-2	3-1-1-1-1-4-1-3-3-3-5-3	1-3-2-3-1-1-5-1-1-4-2-4
457	5	5-5-5-5-4-5-5-5-4-4-6-6	1-6-6-2-1-1-3-4-4-3-2-6	10-5-2-2-2-3-4-4-4-6-6-4	6-6-6-6-2-3-7-2-4-6-6-2	2-0-2-6-3-4-6-5-5-3-2-2	3-3-3-3-5-2-6-6-3-5-5-3	3-2-1-3-3-3-5-4-5-5-2-2	5-2-4-4-2-6-5-3-3-5-3-1	4-3-6-3-5-3-1-3-4-5-4-2	4-2-3-6-2-4-8-8-4-3-4-2	3-3-10-5-1-5-8-3-3-3-4-5	1-3-2-3-1-1-2-5-7-6-5-4
457	6	6-7-7-5-6-4-4-6-7-7-5-5	1-4-5-7-1-1-2-7-7-1-7-7	7-7-7-7-7-3-7-7-7-5-5-7	7-7-9-7-8-7-5-8-5-5-5-7	7-8-10-7-3-4-7-7-4-7-7-7	7-7-7-3-5-7-5-7-3-5-3-8	10-2-4-3-3-3-5-7-3-7-7-3	3-7-6-7-3-6-10-7-3-5-6-3	3-3-10-3-6-6-6-7-4-7-8-6	10-7-8-6-7-5-6-6-7-7-7-7	7-3-6-6-3-7-3-6-7-6-6-3	6-6-6-6-6-7-2-6-5-5-5-4
457	7	7-7-6-9-6-7-7-7-8-7-7-7	6-8-5-6-9-8-6-6-10-9-6-6	6-6-6-6-6-6-8-6-6-7-8-8	6-6-6-6-6-6-9-6-8-9-8-6	6-0-6-6-3-8-8-6-7-6-6-6	6-6-8-6-7-6-8-7-8-9-1-6	1-2-7-7-10-7-9-6-7-9-6-7	7-8-6-6-8-7-7-9-3-5-6-1	6-7-3-3-7-6-6-6-9-6-7-9	7-6-10-6-6-6-6-7-6-6-6-6	6-7-5-7-10-6-8-8-6-6-9-7	6-6-6-6-6-6-2-1-5-1-5-7
457	8	6-9-7-10-9-10-5-1-7-10-7-10	10-7-7-8-7-7-8-9-7-9-9-9	8-9-9-6-7-8-7-9-9-7-7-7	9-8-6-9-6-8-8-6-7-7-7-6	6-9-6-8-9-7-9-9-7-8-6-9	9-8-7-8-9-6-7-9-7-7-1-6	8-2-7-8-8-8-6-9-8-7-9-8	3-7-9-7-7-9-7-7-7-8-8-9	8-9-6-8-9-1-8-9-6-2-6-7	7-3-6-8-7-5-5-5-9-9-9-6	9-5-5-9-3-9-9-7-9-3-7-8	8-6-8-7-7-1-1-9-8-9-1-7
457	9	6-8-10-7-9-9-10-10-10-9-7-9	9-7-5-8-7-9-10-8-10-7-10-8	9-10-10-6-6-9-9-8-8-9-8-9	8-8-6-8-9-9-7-6-7-7-9-9	9-8-10-5-8-7-8-8-7-10-6-6	8-9-3-9-8-6-7-8-9-7-8-9	10-9-7-8-8-9-5-8-9-7-8-9	3-7-8-9-9-8-7-7-10-8-6-8	8-8-9-9-8-6-9-8-7-9-9-7	8-3-8-6-6-9-9-10-8-8-8-9	8-1-7-8-7-10-8-9-9-9-7-9	6-6-6-6-9-6-9-8-8-9-5-7
457	10	10-10-10-10-10-10-9-10-10-10-10-10	9-7-10-8-10-10-9-8-9-10-9-8	9-9-10-6-10-10-10-10-8-10-10-10	10-10-10-10-10-10-8-10-10-10-10-9	10-8-6-10-10-10-9-10-7-10-6-6	10-10-10-10-10-6-10-10-10-10-10-10	9-10-10-10-7-10-10-9-10-10-8-10	10-10-6-10-10-8-7-6-9-9-10-8	3-10-6-10-2-10-10-6-10-1-9-8	7-10-10-10-10-10-10-9-10-10-10-10	8-10-10-10-7-9-8-10-10-10-10-10	6-10-10-9-9-10-10-10-10-10-10-7
458	0	0-0-0-0-0-0-0-0-0-0-0-0	0-0-0-0-0-0-0-0-0-0-0-0	0-0-0-0-0-0-0-0-0-0-0-0	0-0-0-0-0-0-0-0-0-0-0-0	0-0-0-0-0-0-0-0-0-0-0-0	0-0-0-0-0-0-0-0-0-0-0-0	0-0-0-0-0-0-0-0-0-0-0-0	0-0-0-0-0-0-0-0-0-0-0-0	0-0-0-0-0-0-0-0-0-0-0-0	0-0-0-0-0-0-0-0-0-0-0-0	0-0-0-0-0-0-0-0-0-0-0-0	0-0-0-0-0-0-0-0-0-0-0-0
458	1	1-1-1-1-1-1-1-1-1-1-1-1	1-0-0-1-1-0-2-0-1-1-0-2	1-2-2-0-0-0-0-2-0-0-0-1	2-2-2-1-1-1-0-1-0-0-0-1	0-2-5-0-2-0-2-1-0-1-1-1	1-5-0-1-1-1-0-1-0-0-0-1	5-0-1-6-2-0-0-1-1-1-0-1	1-1-0-1-1-2-0-1-2-2-1-2	1-2-1-0-0-1-7-0-1-1-1-0	1-1-1-1-0-1-1-0-1-2-2-1	1-0-1-0-1-1-2-1-2-1-1-1	1-1-1-1-1-1-0-1-0-1-1-0
458	2	2-2-2-2-2-2-2-2-2-2-2-2	2-3-0-3-1-3-1-1-1-2-2-1	3-1-3-3-2-3-3-1-3-4-3-2	3-1-3-3-4-3-0-5-3-0-3-1	2-1-1-4-1-2-3-2-2-2-1-3	5-2-3-2-2-2-2-3-2-2-2-3	2-5-2-1-2-2-0-3-2-2-3-3	3-2-2-2-2-1-0-2-1-1-2-1	2-1-1-2-2-2-1-3-3-2-2-2	3-2-1-1-2-3-2-3-1-1-1-2	3-2-3-0-3-1-1-1-1-2-2-2	1-2-5-1-1-0-2-1-0-3-3-2
458	3	3-3-2-3-3-3-3-3-3-3-3-3	5-3-0-2-3-4-1-3-3-5-4-3	6-4-2-2-2-6-4-4-4-6-4-2	2-4-4-2-2-2-4-2-2-3-2-1	2-1-2-2-4-3-4-2-4-3-2-2	2-6-5-9-3-4-4-5-3-3-6-3	2-3-3-1-4-3-7-2-3-3-2-2	3-2-2-4-3-3-0-4-9-3-5-3	3-3-3-3-2-4-1-2-2-3-2-4	2-4-3-4-2-2-2-3-1-1-1-2	3-6-3-0-2-3-1-4-3-2-4-3	3-4-3-2-3-3-7-3-0-2-2-2
458	4	4-4-4-4-4-4-4-4-4-4-4-4	3-6-4-2-3-4-1-5-3-3-3-5	2-3-3-3-2-3-5-5-3-3-5-2	3-3-3-2-2-2-3-2-2-5-2-1	2-1-1-2-3-5-3-5-3-2-2-2	2-1-3-3-4-3-5-3-4-4-0-4	2-4-4-1-3-7-6-5-4-3-2-5	4-2-10-3-5-4-0-3-3-4-3-3	4-4-3-3-7-3-1-3-4-5-6-5	3-3-5-6-5-5-6-4-5-1-1-4	3-3-4-0-4-5-0-3-3-5-3-3	3-3-2-1-1-4-3-4-0-0-5-4
458	5	5-6-4-5-6-5-5-5-4-5-5-4	3-6-6-2-7-5-7-6-3-3-5-4	2-5-5-2-2-3-4-4-6-3-4-6	3-7-6-2-2-3-6-2-6-4-3-2	2-1-1-6-3-4-6-5-6-2-3-2	2-1-3-10-5-3-6-6-5-5-13-4	1-6-5-1-3-6-5-6-4-5-2-4	4-2-4-6-4-1-6-3-3-5-3-3	4-4-6-3-4-3-1-3-4-4-8-4	6-3-5-3-5-4-8-5-4-1-7-6	5-3-5-9-6-4-1-3-1-4-4-3	3-3-2-1-1-5-2-5-7-1-6-5
458	6	5-5-6-4-5-5-6-4-6-5-5-5	5-5-5-7-5-5-8-5-5-3-7-7	7-6-7-7-7-3-7-7-6-3-5-7	6-3-5-6-7-7-5-9-5-4-3-6	7-6-6-7-1-4-7-7-5-2-6-7	7-7-7-3-9-7-5-5-3-5-3-7	2-5-5-1-3-5-5-5-4-3-7-7	5-2-7-5-6-6-5-5-3-6-6-3	3-3-5-3-6-6-1-7-4-6-4-6	5-3-9-6-6-6-7-5-7-1-7-9	1-3-5-5-5-6-1-7-1-6-6-3	3-6-6-1-1-6-4-5-5-6-5-5
458	7	7-7-7-7-7-7-7-7-7-7-7-7	5-8-5-6-5-7-8-8-7-3-6-6	6-7-6-6-6-3-6-6-8-8-6-6	7-5-6-6-6-6-7-6-8-8-8-1	6-1-6-6-3-8-6-6-7-7-6-6	6-6-6-5-9-6-8-7-5-7-6-7	1-9-7-1-9-4-9-9-4-10-6-6	7-2-6-6-7-1-9-10-8-7-6-7	6-7-3-6-4-7-1-6-4-6-7-7	8-3-7-7-6-6-6-5-6-8-6-6	7-8-5-5-7-7-7-6-1-6-6-3	7-6-6-1-8-7-8-5-7-6-7-7
458	8	10-9-10-10-8-9-9-13-9-10-8-10	9-7-9-9-9-9-9-9-9-10-9-9	9-8-9-8-8-8-8-8-9-7-8-8	7-9-8-6-6-6-9-6-7-7-7-13	6-11-1-6-9-8-7-12-7-8-8-6	8-8-7-11-7-13-7-9-5-7-2-7	8-7-8-1-8-7-7-8-5-9-9-6	8-4-11-7-8-9-10-7-8-9-8-9	8-9-8-7-6-8-10-9-10-8-6-8	9-11-7-8-11-7-13-10-9-9-8-6	10-8-11-10-11-11-9-11-7-8-6-8	8-7-8-5-10-11-7-10-10-9-8-13
458	9	8-8-10-9-8-8-8-8-9-8-8-8	8-7-7-8-8-8-8-8-8-8-8-8	10-9-8-10-10-10-10-10-8-10-9-10	10-8-10-10-10-10-8-6-9-10-9-11	10-8-9-9-8-9-10-9-9-9-6-6	10-10-10-3-7-10-10-9-4-0-3-11	10-7-7-9-7-9-7-10-5-13-11-9	9-10-9-10-10-8-7-13-3-8-12-8	9-8-10-10-9-11-9-10-4-9-9-10	8-10-6-11-8-9-10-5-8-8-10-6	8-9-8-5-7-8-8-11-11-9-11-10	9-10-6-9-9-7-9-8-8-8-9-8
458	10	10-8-9-10-10-10-8-8-8-8-8-8	8-11-10-8-8-8-8-8-8-8-8-8	9-9-8-9-9-9-9-9-8-9-11-9	9-9-9-9-9-9-8-6-10-9-11-9	9-8-9-9-8-10-9-9-10-10-6-6	9-9-9-5-8-9-9-10-10-0-9-10	9-10-8-1-4-10-10-11-5-7-9-13	10-9-11-11-9-8-8-7-9-11-9-8	11-8-11-9-10-8-11-9-11-6-9-9	11-9-10-9-8-11-11-8-11-8-9-11	8-13-8-11-8-8-8-9-9-9-9-9	10-9-6-9-8-8-9-8-8-10-8-8
458	11	8-13-11-8-8-13-8-12-8-10-9-13	8-10-12-8-11-8-8-12-8-8-8-8	9-11-8-9-9-9-12-9-8-9-12-9	9-12-12-12-9-9-8-6-12-12-12-9	9-8-9-6-9-10-12-11-12-10-8-6	9-9-9-8-11-9-12-10-11-0-12-10	9-10-8-9-8-11-11-10-5-11-9-10	11-10-10-10-9-8-8-7-12-10-9-8	10-8-12-9-11-9-10-12-10-12-9-7	10-10-11-9-8-10-10-11-11-8-9-10	8-9-8-13-8-8-8-9-9-8-9-9	11-10-2-9-13-8-9-8-8-12-8-8
458	12	8-12-11-13-11-10-8-11-8-8-12-13	8-7-11-8-11-8-8-11-8-8-8-8	8-12-9-9-11-9-11-10-13-11-11-12	13-11-12-13-9-9-8-6-11-11-11-12	9-8-9-9-9-10-11-9-11-12-12-9	12-12-9-8-12-9-11-12-11-0-11-13	9-10-8-12-13-12-10-10-5-13-9-9	10-10-10-10-9-12-10-9-13-8-9-8	8-8-11-9-9-8-12-11-10-11-9-13	11-12-12-12-7-9-12-11-12-8-12-6	12-10-8-10-11-8-10-12-12-9-11-3	10-6-12-12-12-11-8-5-11-10-12-8
458	13	13-13-13-13-13-13-8-13-13-8-13-13	12-10-13-9-13-8-8-8-8-13-8-8	10-11-13-9-13-9-13-13-12-13-13-11	12-13-12-12-13-13-8-6-13-13-13-8	9-8-13-13-13-13-12-13-11-13-9-6	13-13-13-13-13-8-12-13-13-13-13-12	9-13-13-13-12-13-10-12-13-9-12-10	13-13-10-13-13-8-7-9-12-13-8-8	12-13-13-13-9-13-13-11-13-8-9-12	12-13-13-13-13-13-13-12-12-13-13-13	8-10-13-11-7-13-13-13-13-8-13-13	13-13-13-8-11-13-13-8-13-13-13-8
459	0	0-0-0-0-0-0-0-0-0-0-0-0	0-0-0-0-0-0-0-0-0-0-0-0	0-0-0-0-0-0-0-0-0-0-0-0	0-0-0-0-0-0-0-0-0-0-0-0	0-0-0-0-0-0-0-0-0-0-0-0	0-0-0-0-0-0-0-0-0-0-0-0	0-0-0-0-0-0-0-0-0-0-0-0	0-0-0-0-0-0-0-0-0-0-0-0	0-0-0-0-0-0-0-0-0-0-0-0	0-0-0-0-0-0-0-0-0-0-0-0	0-0-0-0-0-0-0-0-0-0-0-0	0-0-0-0-0-0-0-0-0-0-0-0
459	1	1-1-1-1-1-1-1-1-1-1-1-1	1-2-1-0-1-1-0-0-1-1-0-0	0-0-0-0-0-0-0-0-0-0-2-0	0-0-0-0-0-0-0-1-2-1-2-0	1-0-0-0-0-1-0-0-1-0-1-0	0-0-0-0-0-0-2-0-1-1-8-1	1-1-1-1-0-1-1-0-1-1-0-0	1-1-0-0-1-0-3-1-0-1-0-0	1-0-1-0-1-0-1-0-0-1-1-0	0-0-1-2-1-0-0-1-0-0-0-1	0-2-5-2-0-0-0-0-0-0-1-1	2-0-0-0-0-1-1-0-3-1-2-3
459	2	2-2-2-3-2-2-2-2-2-3-2-3	2-1-1-2-3-3-4-2-2-3-2-2	2-3-3-3-3-3-3-3-4-3-3-2	3-3-3-2-3-3-1-3-3-1-3-2	3-0-4-3-0-3-3-3-2-5-2-3	2-3-3-8-2-0-3-3-1-2-3-6	2-2-1-0-2-2-2-3-1-1-3-4	1-2-3-3-2-4-1-3-2-2-3-1	1-0-1-2-3-2-3-3-2-3-3-3	3-2-4-3-5-3-2-3-7-0-3-3	3-1-3-1-3-3-0-2-0-2-2-1	1-2-2-2-3-5-2-0-1-3-3-2
459	3	2-2-2-2-2-2-2-4-2-2-2-2	5-3-2-2-3-2-2-4-3-4-2-2	0-2-2-2-2-5-2-2-2-4-4-2	2-4-2-2-2-2-4-2-2-3-4-2	2-0-2-2-5-3-4-2-3-3-2-2	4-4-5-3-3-5-4-2-3-3-6-3	2-3-1-3-4-3-3-3-3-4-2-6	3-2-6-4-2-3-1-5-4-5-2-0	3-0-4-3-2-2-3-4-2-2-2-2	4-4-3-2-2-2-2-2-3-0-2-2	3-6-2-1-4-3-0-3-6-4-3-3	1-3-2-4-3-3-2-3-1-2-3-2
459	4	2-4-4-4-4-4-4-3-4-4-4-4	3-5-2-2-4-5-2-5-3-3-2-5	0-4-2-2-2-3-5-5-2-3-5-5	2-3-5-2-2-2-5-2-2-4-3-0	2-0-2-2-3-5-5-3-6-4-2-2	3-3-3-3-4-3-5-3-4-4-2-2	2-3-4-3-3-3-4-5-3-3-2-3	4-4-5-5-2-7-4-3-3-4-3-0	3-7-3-3-4-3-5-5-8-2-2-4	3-3-2-4-2-5-2-4-5-0-3-2	6-5-6-4-3-5-5-3-3-3-4-5	5-3-2-3-0-4-2-4-6-2-8-9
459	5	5-4-5-5-5-5-5-5-4-5-5-5	3-4-6-2-4-4-2-4-3-3-6-4	0-5-4-2-2-3-4-4-2-5-6-4	3-3-6-2-2-2-4-2-6-6-3-0	2-0-2-6-3-4-6-5-6-7-2-2	3-3-3-3-6-3-6-2-5-5-9-2	3-2-6-0-3-3-4-4-3-5-2-5	4-4-4-4-2-0-4-3-3-5-3-0	4-0-4-3-5-3-4-4-6-5-4-2	5-2-5-6-2-4-2-5-4-0-0-2	3-4-11-6-4-4-4-3-3-3-5-4	6-3-2-4-0-3-2-5-5-6-4-7
459	6	7-5-5-5-6-5-5-6-6-4-6-5	7-4-5-7-4-4-7-7-7-5-7-7	7-7-7-9-7-3-7-7-7-8-5-7	6-7-6-6-7-7-4-2-5-5-3-7	7-9-6-7-3-4-7-7-5-7-6-7	7-7-7-6-5-11-5-5-3-5-7-8	7-4-5-7-3-3-5-7-3-5-7-3	3-7-3-7-2-2-4-5-3-5-6-0	7-3-11-3-6-6-7-7-5-7-8-4	7-3-8-6-7-2-6-4-2-0-7-7	7-3-4-5-3-2-0-6-7-3-6-3	5-6-6-6-7-6-2-5-4-6-4-4
459	7	7-7-7-7-7-5-8-7-7-7-8-8	6-8-8-6-4-8-6-6-6-8-6-6	6-6-6-6-6-9-6-7-6-6-8-6	6-6-6-6-6-6-7-6-8-10-7-6	6-6-6-6-3-8-6-6-8-7-6-6	6-6-8-7-10-6-8-7-8-7-6-7	6-7-7-6-11-7-6-6-4-9-6-7	7-6-8-6-7-4-7-9-3-4-6-0	6-4-7-3-7-7-6-6-10-6-7-10	8-6-7-6-6-6-6-5-2-3-6-6	6-7-6-5-11-11-0-3-6-3-7-3	11-6-6-6-6-6-2-7-7-6-4-7
459	8	8-8-7-7-9-8-7-7-8-7-7-7	7-7-7-11-7-7-10-6-9-10-9-9	8-8-9-6-6-8-9-10-8-6-7-8	8-8-9-6-6-9-8-6-7-8-8-11	6-11-6-9-9-7-9-9-7-8-7-8	9-9-7-8-7-8-7-7-7-7-1-6	8-9-7-3-8-9-5-9-3-7-8-6	9-7-9-7-7-9-7-6-3-8-8-9	8-8-8-3-9-9-9-9-4-2-6-11	7-3-6-8-9-2-7-4-8-10-8-2	8-4-8-5-7-8-8-8-9-3-6-3	7-6-8-6-8-10-2-8-8-8-4-4
459	9	9-11-10-9-8-8-9-7-9-10-11-9	10-7-7-10-4-10-8-11-8-9-10-11	8-10-10-6-10-10-8-8-10-10-8-10	10-8-8-9-9-10-11-2-10-10-10-6	10-8-2-10-8-10-10-10-10-9-10-6	10-8-10-9-7-8-10-9-7-7-5-7	8-10-7-9-8-8-8-8-3-7-10-10	8-6-8-10-10-8-7-7-3-8-9-8	9-8-9-4-11-8-8-8-8-7-9-11	8-9-6-8-10-10-10-7-8-8-8-2	8-10-8-5-7-5-8-8-8-10-7-10	7-11-8-9-8-6-9-4-5-8-4-4
459	10	10-10-9-9-10-11-7-11-9-9-10-7	10-7-5-9-10-9-8-9-9-8-9-9	8-9-9-9-9-9-9-8-9-9-10-9	9-8-10-8-9-9-10-6-9-9-9-10	9-10-11-9-8-9-9-9-9-11-9-6	9-10-9-10-7-8-9-9-10-7-3-10	11-9-7-10-7-10-5-9-8-11-9-9	8-10-9-10-9-10-7-9-3-8-10-8	11-8-6-10-10-10-10-9-7-5-10-7	8-10-10-10-9-9-10-11-8-8-10-10	10-9-4-5-7-10-8-10-10-9-10-10	7-10-8-10-10-8-9-8-7-8-4-10
459	11	11-11-11-11-11-11-9-11-11-11-11-11	10-7-11-8-11-11-8-9-11-11-9-9	8-9-11-9-11-9-11-11-10-11-11-9	10-11-11-11-11-11-9-11-11-11-11-10	11-8-10-11-11-11-10-11-11-11-9-6	11-11-11-11-11-8-11-11-11-11-11-10	10-11-11-11-7-11-11-9-11-11-8-9	11-11-6-10-11-8-7-10-10-11-9-8	10-11-6-11-9-11-11-9-11-9-10-8	7-11-11-11-11-9-11-10-11-11-8-11	8-11-11-5-7-8-8-9-11-11-11-11	7-11-11-5-11-11-11-8-11-11-4-11
460	0	0-0-0-0-0-0-0-0-0-0-0-0	0-0-0-0-0-0-0-0-0-0-0-0	0-0-0-0-0-0-0-0-0-0-0-0	0-0-0-0-0-0-0-0-0-0-0-0	0-0-0-0-0-0-0-0-0-0-0-0	0-0-0-0-0-0-0-0-0-0-0-0	0-0-0-0-0-0-0-0-0-0-0-0	0-0-0-0-0-0-0-0-0-0-0-0	0-0-0-0-0-0-0-0-0-0-0-0	0-0-0-0-0-0-0-0-0-0-0-0	0-0-0-0-0-0-0-0-0-0-0-0	0-0-0-0-0-0-0-0-0-0-0-0
460	1	0-1-1-1-1-1-1-1-0-1-1-1	1-0-0-0-0-1-1-0-2-0-2-2	2-2-1-2-2-2-2-0-0-0-0-2	2-3-2-1-2-2-0-3-0-0-0-3	3-0-3-3-3-0-2-2-0-3-1-1	3-3-0-1-1-2-2-3-0-0-0-3	0-0-0-10-2-0-0-2-2-0-4-0	1-1-2-2-0-1-0-3-2-1-2-1	0-3-1-2-1-3-1-2-1-1-1-0	2-1-1-2-0-2-0-0-2-6-1-0	2-0-0-0-0-1-2-0-0-2-1-1	0-2-1-2-1-0-2-1-1-2-0-0
460	2	2-2-2-2-2-2-2-2-2-2-2-2	3-2-2-1-2-1-1-3-1-2-1-1	1-1-3-1-1-1-3-3-1-4-3-1	1-1-1-1-1-1-3-1-3-3-3-1	1-2-2-1-1-4-3-1-3-1-1-1	1-1-3-1-1-1-1-1-2-2-4-2	3-2-2-2-3-2-4-3-1-0-1-3	2-4-3-3-2-3-2-1-1-1-1-1	3-1-3-1-0-2-1-1-3-2-3-2	3-3-3-3-3-3-0-0-1-1-4-2	1-2-2-2-3-2-1-1-4-1-3-2	0-1-1-1-1-3-1-2-2-1-2-3
460	3	3-3-3-3-3-3-3-3-3-3-3-3	3-4-2-3-3-3-1-3-3-4-1-4	1-1-2-3-1-1-4-4-4-4-4-3	1-1-4-3-1-1-2-1-4-4-2-1	3-3-1-1-1-2-4-3-4-1-1-1	1-1-4-1-3-1-4-1-3-3-4-1	2-4-2-2-2-3-4-2-1-0-1-2	0-3-2-2-4-2-3-1-1-4-3-3	2-1-4-1-3-1-4-1-2-4-2-2	2-2-2-2-2-2-4-6-2-1-1-4	1-2-3-3-4-2-1-1-4-1-2-2	4-4-1-3-1-2-2-2-4-4-4-12
460	4	4-3-3-4-3-4-3-2-3-4-4-4	5-3-2-4-3-4-4-6-5-4-4-4	8-5-5-4-1-5-3-3-5-3-3-3	5-8-3-4-1-1-6-1-3-3-5-4	1-8-10-6-5-2-3-4-3-1-1-4	8-4-3-1-4-5-3-1-3-0-3-4	8-3-2-4-2-4-3-2-0-0-1-3	0-2-5-2-4-7-3-1-4-5-1-3	5-7-5-2-8-2-3-1-2-3-4-3	7-4-4-4-2-3-3-3-1-1-2-3	1-2-3-3-3-4-1-5-9-1-4-4	3-4-7-4-4-12-4-3-3-3-3-3
460	5	5-5-6-6-6-6-6-6-6-6-6-6	6-3-2-5-3-4-10-5-8-4-6-6	5-4-6-6-6-6-6-6-6-6-6-5	6-4-4-6-6-6-4-6-6-9-6-7	6-4-6-8-4-5-6-6-4-7-6-6	5-6-6-5-6-6-5-6-3-5-14-6	6-8-5-4-5-5-5-5-5-6-6-5	6-6-6-6-5-4-3-6-5-5-6-5	4-4-4-5-14-5-6-5-3-7-6-5	5-5-2-6-8-6-7-15-5-1-6-6	6-6-3-10-7-7-1-4-6-5-5-5	3-5-5-4-6-7-6-2-3-5-3-11
460	6	5-6-5-5-5-5-5-7-5-5-5-5	5-3-5-5-3-5-5-9-5-7-5-5	1-7-5-5-5-9-5-5-5-9-7-5	5-7-5-5-5-5-4-5-5-5-9-5	5-4-5-4-8-5-7-5-6-6-5-5	5-5-8-9-5-5-7-5-6-6-9-5	5-6-9-6-7-6-7-6-6-5-5-9	11-5-7-7-5-5-3-7-9-6-5-6	6-1-6-6-5-8-6-7-2-5-5-10	5-6-4-5-5-5-5-3-5-1-7-5	6-6-2-3-5-6-1-6-7-5-5-6	3-6-4-7-6-6-5-6-3-3-3-0
460	7	7-7-5-7-7-7-8-6-5-6-7-5	5-9-8-5-6-4-5-8-5-6-5-6	4-7-5-5-5-6-8-8-8-6-8-8	6-6-8-5-5-5-6-5-5-5-6-5	5-4-5-5-6-8-6-6-6-6-6-5	6-5-6-5-5-5-6-5-6-7-6-7	6-7-9-4-6-7-6-8-7-7-5-6	7-11-6-6-5-8-7-6-6-7-6-6	7-4-6-6-6-6-5-6-8-5-5-8	6-6-7-7-5-8-5-9-5-6-6-5	6-8-8-8-5-9-9-6-6-6-5-6	3-6-4-6-7-6-5-7-3-8-3-7
460	8	8-8-8-7-9-8-7-6-8-8-5-8	5-9-9-5-8-6-5-7-5-6-5-9	4-8-5-5-5-6-7-9-7-6-9-7	9-4-9-5-5-5-9-5-9-5-8-4	5-4-5-5-6-7-9-8-9-6-6-5	4-5-6-6-8-5-9-9-3-8-15-5	4-5-8-4-6-8-9-9-11-9-1-6	12-5-5-7-5-7-8-6-6-8-6-8	4-4-9-6-10-6-1-9-7-9-5-7	8-6-7-7-5-7-7-7-7-6-10-5	6-9-7-12-7-7-1-10-4-6-5-6	3-6-4-4-5-10-5-8-9-7-3-10
460	9	7-8-8-8-7-8-5-5-5-8-5-6	7-7-8-10-8-4-10-6-5-6-10-8	10-8-10-9-10-6-10-10-8-6-8-9	10-6-8-9-10-10-8-16-8-5-6-5	5-4-4-10-6-7-10-10-8-6-9-10	6-10-11-6-9-10-8-9-6-8-6-5	5-5-7-4-6-6-8-8-6-11-10-6	12-10-6-10-5-8-8-9-6-9-6-6	6-4-8-7-8-9-4-10-7-9-11-11	7-6-6-9-10-9-9-7-5-8-9-5	1-8-8-9-9-7-7-6-4-5-9-6	3-9-9-9-7-6-5-8-8-9-3-8
460	10	11-10-11-10-10-10-10-5-5-5-5-9	11-12-7-9-11-11-9-8-5-6-9-8	9-10-9-9-9-6-9-9-8-12-11-10	9-6-9-9-9-9-10-9-11-5-6-9	9-4-12-9-6-11-9-9-11-10-9-9	9-9-9-8-10-9-11-10-6-10-6-10	5-10-10-4-6-10-6-9-7-11-9-9	13-9-6-9-5-5-10-9-6-10-10-10	10-4-6-6-8-10-5-9-6-9-8-10	6-6-10-5-9-6-5-11-5-12-9-5	12-10-8-12-19-12-1-12-10-6-9-6	11-6-4-9-12-8-5-10-14-10-12-15
460	11	10-11-10-11-11-13-5-10-10-13-5-8	13-7-8-12-10-10-14-11-11-10-13-15	11-11-12-9-11-13-10-11-12-12-10-11	11-11-12-9-9-9-11-9-10-12-12-11	5-13-4-9-14-10-10-11-10-11-11-11	5-12-9-11-11-16-10-10-11-8-17-12	11-3-10-17-11-11-8-8-12-5-11-9	11-7-13-10-5-13-10-9-6-11-11-16	11-11-13-12-5-11-11-13-17-11-9-9	17-13-4-13-12-9-3-10-11-14-11-5	13-12-11-11-7-11-16-11-17-6-9-6	10-9-11-11-11-10-5-11-10-11-10-5
460	12	13-12-12-13-12-19-12-14-13-13-14-13	13-13-14-14-14-13-14-12-13-13-13-13	12-11-14-13-13-13-12-13-11-13-13-12	11-11-13-13-13-13-13-17-12-11-11-11	13-11-14-9-11-12-13-13-8-12-13-12	12-11-9-13-11-15-13-12-14-12-18-11	18-15-12-18-11-14-15-13-12-8-18-13	11-14-12-13-13-13-10-12-6-11-11-11	15-11-6-11-18-12-18-11-9-19-13-9	10-15-16-11-11-12-17-12-13-11-11-13	15-11-11-14-13-10-11-10-14-12-13-6	13-9-12-12-15-13-16-15-13-18-13-3
460	13	12-12-13-12-13-13-12-12-12-12-13-12	12-12-12-12-10-12-12-12-12-12-12-12	11-12-12-12-12-12-12-12-15-12-14-14	14-11-12-12-12-12-12-9-13-13-13-11	12-11-12-9-11-14-12-12-13-12-12-9	12-11-14-12-13-11-14-12-18-13-8-12	18-14-14-4-11-12-13-12-13-16-11-12	10-5-11-12-12-12-16-9-6-13-12-11	11-11-11-14-8-13-17-11-14-9-5-13	11-12-13-11-12-14-14-9-12-11-11-16	11-12-18-12-12-10-11-14-11-6-12-6	12-9-11-9-12-12-12-11-12-14-12-10
460	14	14-14-12-15-13-13-12-12-12-12-12-13	12-12-12-12-12-12-12-12-12-12-12-12	11-15-12-12-15-15-15-15-12-15-13-15	15-16-14-15-15-12-14-9-15-13-13-11	5-11-12-14-11-13-15-13-15-15-18-9	15-15-15-12-16-11-15-13-12-14-5-13	12-13-13-4-15-12-14-12-7-18-11-15	10-12-14-15-14-12-13-19-14-18-12-11	11-11-15-14-5-14-11-11-13-14-5-16	14-14-4-14-13-13-13-13-14-11-14-16	11-14-14-12-12-19-11-14-11-15-14-6	10-15-14-14-12-14-14-14-10-15-10-10
460	15	14-19-16-14-16-15-16-15-16-12-14-12	16-16-12-12-14-16-14-17-12-12-11-11	11-14-12-14-14-14-14-14-12-14-16-14	14-14-13-14-14-12-14-12-14-13-14-11	15-11-12-15-14-15-14-15-14-14-18-11	12-14-14-12-13-11-16-15-15-15-8-15	5-12-13-4-14-12-16-12-15-13-12-15	13-12-14-14-14-12-18-17-14-15-12-11	12-11-14-14-10-16-11-16-16-14-14-14	19-12-13-14-11-15-10-13-14-11-11-5	12-16-16-15-12-10-11-14-11-14-14-6	3-14-14-14-12-12-14-12-3-14-12-10
460	16	12-12-15-16-15-15-15-16-15-19-13-15	15-15-15-12-12-15-17-17-12-12-17-12	11-16-12-12-17-14-17-17-17-14-15-17	17-14-17-14-17-17-14-9-14-17-14-11	17-11-12-16-14-15-17-17-14-17-14-17	17-17-17-12-14-11-17-16-12-15-6-17	17-13-13-16-14-12-15-12-15-13-11-16	16-17-14-17-17-12-13-14-14-17-16-11	11-11-14-17-18-12-11-17-15-14-16-14	11-16-12-17-11-16-17-17-14-11-11-13	11-15-15-8-17-10-11-14-11-17-14-16	15-14-14-16-17-12-16-10-3-13-3-10
460	17	17-19-15-17-12-17-17-19-18-12-17-12	15-18-18-12-18-15-16-16-12-12-16-18	11-16-16-16-16-16-16-16-16-14-18-16	16-14-16-14-16-16-17-9-18-16-17-11	16-11-12-16-14-17-16-16-17-16-16-16	16-16-16-17-13-11-18-16-17-15-11-16	16-17-15-4-17-17-18-18-17-13-11-16	8-16-14-16-16-12-10-15-14-17-11-11	17-11-14-16-8-14-13-16-19-16-16-16	11-16-17-16-11-16-12-17-14-11-16-17	11-19-19-18-16-17-11-12-11-16-17-6	12-17-11-16-16-12-16-18-18-17-18-18
460	18	19-18-19-19-17-19-19-19-17-19-19-19	12-17-17-19-17-15-16-19-12-12-16-19	18-18-18-16-18-18-18-18-18-17-17-18	19-18-19-19-16-16-14-16-17-13-19-18	12-18-12-14-18-17-19-19-17-18-18-18	12-18-16-18-18-19-17-16-17-13-12-16	13-17-12-12-18-18-17-17-12-14-12-15	11-17-14-16-16-19-13-14-14-14-18-18	18-18-18-16-16-15-12-15-14-14-16-14	15-16-18-14-17-16-13-17-14-15-11-13	12-15-17-17-17-18-11-18-18-16-12-6	18-14-18-16-18-14-14-17-17-18-17-17
460	19	19-19-18-19-19-19-18-19-19-12-19-19	17-17-19-18-17-12-16-18-18-19-18-18	17-18-19-16-19-19-19-18-18-19-19-18	18-19-18-18-19-19-14-19-17-19-19-18	12-18-19-19-19-19-18-19-13-19-14-19	19-19-16-16-19-18-19-19-19-19-19-19	18-19-19-19-17-19-13-18-19-14-12-18	19-19-14-19-19-18-7-14-14-14-18-18	18-18-6-19-5-19-19-16-17-15-16-14	15-19-19-19-19-19-19-15-14-19-18-19	12-19-17-8-10-14-11-19-19-19-19-19	12-19-19-14-19-19-19-14-19-19-19-0
461	0	0-0-0-0-0-0-0-0-0-0-0-0	0-0-0-0-0-0-0-0-0-0-0-0	0-0-0-0-0-0-0-0-0-0-0-0	0-0-0-0-0-0-0-0-0-0-0-0	0-0-0-0-0-0-0-0-0-0-0-0	0-0-0-0-0-0-0-0-0-0-0-0	0-0-0-0-0-0-0-0-0-0-0-0	0-0-0-0-0-0-0-0-0-0-0-0	0-0-0-0-0-0-0-0-0-0-0-0	0-0-0-0-0-0-0-0-0-0-0-0	0-0-0-0-0-0-0-0-0-0-0-0	0-0-0-0-0-0-0-0-0-0-0-0
461	1	2-2-1-1-1-0-2-1-1-1-1-1	2-2-3-1-0-2-2-2-2-2-1-2	1-2-2-1-1-2-1-0-2-0-2-1	2-0-3-1-0-0-2-1-0-2-0-2	0-0-5-1-2-0-2-2-0-0-1-3	1-2-0-0-0-5-1-0-0-1-0-2	2-1-1-4-2-1-0-0-2-0-2-0	0-1-0-1-1-2-3-1-2-2-0-1	2-0-0-1-1-0-3-1-0-1-1-4	2-1-1-2-0-1-2-0-4-2-2-1	0-0-0-0-2-0-0-2-3-1-1-1	2-1-3-1-2-2-1-0-0-1-1-0
461	2	1-1-1-1-1-2-1-1-3-1-1-2	1-1-1-2-1-1-1-1-1-1-3-1	4-1-1-4-3-3-3-0-1-0-1-2	3-1-2-3-4-3-1-5-2-1-3-1	3-0-1-3-1-2-3-3-2-2-4-2	2-1-2-2-0-0-2-3-1-2-4-1	4-2-0-1-1-1-2-3-1-2-4-3	0-2-3-3-2-1-1-3-1-1-3-0	1-0-2-2-3-1-1-3-1-2-3-3	1-2-1-1-3-3-1-2-1-1-1-3	0-2-0-0-3-0-0-1-0-2-2-2	1-2-2-1-1-1-2-0-3-0-0-2
461	3	4-3-2-3-6-3-3-3-3-3-3-3	4-3-1-2-3-1-4-6-4-4-2-4	6-4-1-2-2-6-2-4-2-3-4-2	2-4-2-2-2-2-3-2-2-3-6-1	2-1-1-2-4-2-4-2-3-3-2-2	2-6-5-8-3-6-4-2-4-3-10-3	6-3-3-3-4-3-3-4-3-4-3-4	3-2-2-4-3-3-1-5-6-0-5-0	3-4-3-3-3-5-1-4-1-3-2-2	4-3-3-1-2-2-4-1-1-4-4-2	3-3-3-0-3-3-0-4-4-4-2-3	1-4-1-4-3-3-3-3-2-4-1-2
461	4	4-4-4-4-4-4-4-4-4-4-4-4	3-6-5-2-3-6-3-5-3-3-1-5	2-3-2-2-2-3-5-6-5-6-5-5	3-3-5-3-2-2-5-2-4-4-5-1	2-0-1-2-3-5-3-3-3-4-2-2	2-2-3-3-3-1-5-5-3-4-2-1	2-3-5-1-3-1-5-3-4-3-2-3	5-2-2-3-4-4-4-3-5-5-3-0	4-3-3-3-8-3-1-3-5-4-5-6	3-3-4-6-2-6-5-1-1-3-3-5	1-3-1-0-5-4-9-3-3-5-2-5	1-3-2-3-1-8-2-4-8-3-10-8
461	5	5-5-5-5-5-5-5-5-6-5-5-5	6-6-4-2-6-6-1-6-3-3-1-4	0-5-6-4-4-3-4-6-6-8-6-4	3-4-6-5-2-3-5-2-6-4-4-0	2-0-1-2-3-4-6-5-6-3-2-2	2-3-3-3-5-1-6-4-5-5-5-3	3-3-5-0-3-1-6-4-5-5-1-3	4-2-2-4-3-1-6-3-4-4-3-0	4-3-4-3-5-3-1-3-6-5-4-4	9-3-5-4-5-5-4-8-1-1-0-4	0-3-6-0-4-7-0-9-9-4-2-4	1-3-2-1-9-5-2-4-4-6-6-7
461	6	5-7-5-5-3-5-7-6-5-6-6-5	5-4-4-6-5-5-1-5-7-3-7-4	8-7-7-7-7-3-7-7-7-4-5-7	7-7-5-7-7-7-5-8-5-5-3-7	7-0-8-7-3-4-7-7-5-7-8-6	3-3-7-3-6-11-5-6-5-5-3-8	3-3-5-1-3-3-5-7-5-5-7-3	3-7-8-7-7-1-5-8-3-0-6-0	3-3-3-3-10-7-1-7-5-7-8-6	7-3-6-4-7-4-7-5-1-1-7-7	3-3-5-0-5-8-0-6-7-6-6-3	1-6-6-6-7-6-3-4-4-6-5-5
461	7	8-7-7-7-8-8-8-8-7-8-8-8	5-8-8-6-8-8-8-7-6-3-6-7	6-6-6-6-6-3-6-7-6-7-8-6	6-6-6-6-6-6-8-6-7-4-8-6	6-0-1-6-3-8-6-6-8-7-6-6	6-3-6-7-8-6-8-7-7-7-5-7	3-7-7-1-11-7-10-6-5-9-6-3	7-8-8-8-7-1-10-3-3-8-6-0	4-7-3-3-8-7-1-6-10-6-8-10	6-3-7-6-6-8-6-5-1-1-6-8	9-3-11-6-5-7-9-9-6-3-6-3	7-3-6-6-6-6-8-7-10-9-5-5
461	8	7-7-11-8-8-7-7-7-8-7-7-7	9-5-7-6-7-7-9-8-10-8-6-7	10-8-10-6-6-9-6-9-8-5-7-8	9-8-8-6-6-9-9-6-8-10-9-8	6-8-6-6-8-7-7-6-9-7-6-6	8-10-7-3-7-9-7-9-7-4-2-9	10-7-7-10-7-7-7-8-5-10-10-9	8-7-10-7-7-8-7-6-3-8-6-0	8-10-8-7-6-7-8-6-7-8-7-7	8-3-8-8-6-6-5-5-1-8-8-7	10-4-7-8-5-11-8-8-10-8-8-3	8-9-8-8-8-8-7-8-4-8-5-5
461	9	11-11-10-11-10-11-11-10-10-11-11-11	10-11-10-10-10-10-11-11-10-10-11-10	8-10-11-11-10-8-10-11-10-10-10-10	8-9-8-10-9-9-11-8-10-8-9-8	10-9-8-8-10-9-9-9-8-10-10-9	9-9-10-10-7-8-8-8-9-7-9-9	9-9-9-9-9-9-9-10-10-7-11-8	9-9-10-7-8-11-7-10-9-10-10-10	11-8-9-9-11-10-9-10-9-11-9-9	9-10-8-9-10-9-4-10-1-9-8-9	9-10-8-9-10-10-9-11-5-11-10-9	9-8-9-8-9-10-10-9-10-10-5-9
461	10	9-10-11-11-9-9-9-9-9-11-11-9	9-9-9-11-9-9-9-9-9-9-11-9	8-9-8-11-10-11-9-8-9-9-10-9	11-9-8-9-10-10-9-6-9-8-10-8	9-8-10-10-8-9-11-10-10-9-6-10	9-8-10-9-7-9-10-9-5-4-3-11	8-7-9-8-9-10-7-9-9-8-8-10	9-10-9-10-10-8-7-9-3-7-9-9	9-8-3-10-6-9-8-9-7-9-10-7	8-9-10-8-8-10-5-9-1-8-8-10	8-9-7-9-9-10-11-9-8-10-9-10	8-3-10-8-10-9-9-9-4-9-4-9
461	11	11-11-11-11-11-9-9-11-11-9-11-9	9-9-11-10-9-9-9-9-9-11-10-9	9-11-9-10-11-10-11-9-9-11-11-11	10-11-9-11-11-11-9-11-11-11-11-8	9-8-11-11-9-11-10-11-11-9-6-6	11-11-11-11-11-8-11-11-11-11-11-10	10-11-11-11-7-11-11-11-11-11-8-10	11-11-6-11-11-9-7-6-10-11-9-11	9-11-11-11-9-11-11-9-11-9-10-7	8-9-11-11-11-11-11-9-11-11-11-11	9-9-7-11-9-8-11-9-11-11-11-3	9-11-11-8-10-11-11-11-11-11-11-9
462	0	0-0-0-0-0-0-0-0-0-0-0-0	0-0-0-0-0-0-0-0-0-0-0-0	0-0-0-0-0-0-0-0-0-0-0-0	0-0-0-0-0-0-0-0-0-0-0-0	0-0-0-0-0-0-0-0-0-0-0-0	0-0-0-0-0-0-0-0-0-0-0-0	0-0-0-0-0-0-0-0-0-0-0-0	0-0-0-0-0-0-0-0-0-0-0-0	0-0-0-0-0-0-0-0-0-0-0-0	0-0-0-0-0-0-0-0-0-0-0-0	0-0-0-0-0-0-0-0-0-0-0-0	0-0-0-0-0-0-0-0-0-0-0-0
462	1	0-1-0-1-0-1-1-1-1-1-1-1	1-0-0-1-1-0-1-2-0-0-1-2	2-2-1-1-2-2-2-2-1-0-2-2	2-2-3-2-2-2-0-3-0-0-0-2	2-2-2-2-2-0-2-2-0-2-1-1	1-2-2-3-1-2-2-2-0-0-0-3	0-0-0-2-2-0-0-2-2-0-1-0	1-1-2-2-1-1-1-3-1-1-1-0	0-1-2-2-1-2-1-1-1-1-1-1	0-1-0-3-1-2-2-0-2-1-1-0	1-1-1-1-1-1-1-0-0-1-1-1	1-2-1-1-1-0-1-1-1-0-0-1
462	2	2-2-2-2-2-2-2-2-2-2-2-2	2-3-3-1-2-2-1-2-3-2-1-1	1-1-1-1-1-1-1-1-1-4-3-1	1-1-1-1-1-1-0-1-3-3-2-1	1-1-1-1-1-3-1-1-3-1-1-1	3-1-1-1-2-1-3-1-3-2-0-2	3-3-0-1-1-0-3-1-1-0-1-3	0-3-3-1-2-2-3-1-1-2-1-0	2-1-1-1-3-1-1-1-2-3-2-2	0-2-2-1-3-1-1-3-1-3-1-0	4-2-2-3-2-2-1-0-0-1-2-2	2-1-1-1-1-3-2-2-2-2-0-3
462	3	2-2-3-2-3-2-3-2-2-2-3-2	2-2-2-3-2-2-3-4-2-2-5-3	8-3-4-3-1-1-2-3-3-2-2-3	4-3-4-3-1-4-0-1-2-2-3-8	3-8-2-3-3-2-4-3-2-3-1-3	2-1-1-3-3-9-2-1-2-2-10-4	3-2-3-4-3-3-2-4-3-0-3-2	3-2-2-2-2-4-2-1-3-3-3-5	3-3-3-1-7-3-3-1-2-2-3-4	0-4-2-3-4-2-0-2-1-9-3-0	10-3-3-5-3-3-6-3-10-1-2-2	3-4-3-3-3-3-3-3-3-3-0-2
462	4	4-4-5-5-4-4-4-4-4-4-4-5	5-2-2-5-5-5-3-4-5-2-5-5	4-5-5-5-5-5-5-5-7-5-4-4	5-3-5-5-6-5-4-5-5-2-5-3	5-3-5-6-3-4-5-5-4-4-7-5	4-5-4-4-3-7-5-5-2-4-0-3	6-4-4-11-3-4-4-8-4-4-5-7	3-5-5-5-6-3-2-5-4-5-3-3	3-3-3-4-5-9-5-5-6-5-5-8	5-4-7-6-5-4-7-4-1-3-6-5	3-4-5-3-6-5-3-4-3-5-4-4	3-4-4-4-6-6-7-3-6-3-5-7
462	5	5-5-4-4-4-5-5-4-4-6-5-4	4-4-2-4-4-4-4-6-6-6-4-5	1-4-4-4-4-6-6-4-4-6-6-4	4-6-6-4-4-4-4-4-4-5-7-3	4-3-4-4-6-6-6-6-5-5-4-4	4-7-7-12-5-3-6-4-5-5-12-5	4-5-0-5-6-5-6-5-5-5-4-12	5-4-6-6-5-4-2-6-12-3-4-3	5-3-5-6-5-6-4-6-4-4-4-6	4-5-5-6-6-6-6-4-1-3-7-4	5-9-6-3-6-5-3-5-5-6-5-5	7-5-4-7-5-5-6-3-2-3-4-4
462	6	6-6-6-6-4-6-6-4-6-9-4-6	4-6-7-4-7-4-4-5-5-5-4-7	4-6-7-4-4-5-7-7-4-5-7-6	5-5-5-4-4-5-5-4-7-6-5-3	4-3-1-4-5-7-5-5-5-6-4-5	5-5-5-5-5-3-7-4-5-6-0-5	4-6-9-5-5-6-5-7-6-5-4-5	6-4-5-5-4-4-6-5-5-9-4-3	6-3-5-5-5-5-6-5-7-4-4-5	7-7-8-7-7-5-4-4-7-6-4-7	8-5-5-6-4-4-3-5-5-5-7-5	6-7-1-5-4-4-5-8-4-5-6-6
462	7	6-7-4-7-7-6-8-7-7-6-4-4	8-9-6-4-6-9-4-8-4-5-4-6	1-7-4-4-4-6-8-6-4-5-8-7	5-8-8-8-4-5-7-4-6-7-5-3	4-3-1-4-5-6-7-7-5-5-4-4	4-5-5-5-7-4-6-9-8-7-11-6	4-4-8-8-5-5-7-6-9-7-3-6	6-4-8-8-4-3-7-5-5-7-5-3	3-3-6-6-7-5-3-8-6-12-8-4	6-6-6-6-6-5-8-12-8-3-5-6	5-4-9-7-4-10-6-5-5-5-6-6	7-6-4-5-8-4-4-7-4-9-7-4
462	8	8-8-7-7-8-6-8-7-9-6-8-8	9-7-7-4-6-7-4-7-10-9-4-9	3-8-8-4-4-9-7-8-9-9-9-8	8-8-7-8-4-5-9-4-9-9-9-3	4-3-9-9-5-7-7-7-9-5-10-9	8-5-5-5-8-3-9-7-7-7-8-5	4-6-10-7-5-8-9-9-8-7-3-7	10-7-7-7-5-4-10-8-5-7-5-3	7-3-4-5-7-8-1-7-8-7-7-4	6-4-6-9-9-8-7-7-7-3-6-4	6-10-9-7-9-7-3-5-3-4-6-5	12-5-4-5-7-8-4-6-10-3-9-9
462	9	8-8-10-7-8-6-7-7-8-6-7-7	8-7-7-10-6-7-10-10-8-8-10-10	10-8-10-10-10-5-8-8-8-8-8-9	10-10-8-9-10-10-8-10-8-8-8-3	4-13-10-10-5-6-10-10-8-10-10-10	5-10-10-5-9-3-8-10-7-5-7-9	4-4-8-5-10-9-8-10-7-9-9-5	5-4-5-10-10-10-8-9-5-6-9-3	5-3-14-5-9-10-9-7-9-7-9-8	10-10-9-7-10-10-8-7-10-3-9-9	6-5-8-7-8-9-3-5-5-9-9-5	8-6-9-9-9-5-9-3-7-7-8-6
462	10	10-10-10-9-11-11-10-10-10-7-10-11	10-12-10-9-11-12-9-11-8-8-9-9	9-10-9-9-9-11-9-12-9-10-9-10	9-9-9-9-9-9-8-9-11-11-10-9	4-3-9-9-11-11-9-9-11-9-8-9	4-9-9-9-10-9-11-10-10-10-3-9	4-10-8-11-9-10-14-9-10-10-9-9	6-4-14-9-9-9-8-9-5-10-9-3	9-10-5-5-10-12-1-11-12-13-9-12	9-9-10-11-9-9-9-7-9-3-3-9	3-8-10-7-4-7-3-5-3-5-9-5	8-6-4-9-4-4-9-8-8-10-8-10
462	11	13-11-11-11-14-13-12-14-14-12-13-10	14-10-12-11-12-12-14-12-12-12-13-12	11-10-12-11-11-12-11-11-12-10-11-11	10-11-13-12-9-11-14-9-10-10-10-9	10-12-9-9-12-10-12-11-10-11-13-11	11-9-10-11-12-9-10-12-11-10-7-11	11-10-11-12-11-11-9-11-9-11-11-11	11-9-12-10-10-12-7-9-10-12-11-12	11-12-9-10-10-11-11-12-12-14-9-10	11-11-8-10-12-8-11-11-10-12-10-10	12-4-13-12-12-12-11-12-12-14-9-5	14-11-11-4-12-12-9-12-12-10-11-11
462	12	11-11-14-11-11-11-11-11-11-11-10-10	11-10-11-13-11-11-11-13-11-11-11-11	12-12-13-13-12-11-12-11-11-13-11-12	13-11-13-14-13-13-11-13-13-10-12-13	13-11-13-13-11-12-11-12-13-9-12-12	12-12-13-5-11-13-13-12-10-10-5-13	12-12-11-5-10-9-8-11-5-12-13-5	11-12-11-13-12-11-10-9-5-11-11-11	5-11-5-5-14-13-11-12-10-7-12-10	11-11-12-9-11-12-12-7-12-11-3-13	11-13-8-11-11-11-3-11-11-9-12-5	8-6-12-9-11-11-12-11-11-7-8-11
462	13	11-11-14-11-11-13-11-11-11-14-11-14	11-10-11-12-11-11-11-12-11-11-11-14	13-14-12-12-13-13-13-13-13-12-13-13	12-13-11-12-12-12-13-12-12-10-12-12	12-14-12-12-13-12-14-12-12-13-11-12	4-12-12-13-9-12-12-12-13-10-13-12	12-12-13-5-13-13-8-11-13-11-12-14	11-12-12-12-12-14-7-9-5-13-11-11	13-13-13-12-12-12-13-13-10-10-12-10	11-11-12-13-11-12-12-11-13-11-13-12	13-12-8-11-11-13-13-11-13-11-12-5	7-6-13-5-11-11-12-11-11-13-8-6
462	14	14-14-14-14-14-14-11-14-14-14-14-14	11-10-14-12-14-11-11-13-11-14-11-13	13-13-14-12-14-14-14-14-11-14-13-14	14-14-14-12-14-14-11-14-12-14-14-13	12-11-14-14-13-14-13-14-14-14-12-9	14-14-12-12-14-13-14-14-14-14-14-14	12-14-14-14-10-14-10-13-14-14-10-13	14-12-12-9-14-13-6-12-12-9-11-13	5-14-9-14-12-14-14-12-14-11-12-10	9-14-14-14-14-14-14-11-14-14-13-14	13-14-10-11-6-9-13-11-14-11-14-14	11-14-14-9-11-14-14-11-14-14-14-14
463	0	0-0-0-0-0-0-0-0-0-0-0-0	0-0-0-0-0-0-0-0-0-0-0-0	0-0-0-0-0-0-0-0-0-0-0-0	0-0-0-0-0-0-0-0-0-0-0-0	0-0-0-0-0-0-0-0-0-0-0-0	0-0-0-0-0-0-0-0-0-0-0-0	0-0-0-0-0-0-0-0-0-0-0-0	0-0-0-0-0-0-0-0-0-0-0-0	0-0-0-0-0-0-0-0-0-0-0-0	0-0-0-0-0-0-0-0-0-0-0-0	0-0-0-0-0-0-0-0-0-0-0-0	0-0-0-0-0-0-0-0-0-0-0-0
463	1	1-1-1-1-1-1-1-1-1-1-1-1	1-0-0-0-0-1-1-0-1-0-0-0	2-3-0-0-1-0-0-0-0-0-0-0	2-0-2-0-1-2-0-1-0-0-0-8	2-0-8-0-1-0-2-2-1-0-3-0	0-3-2-0-0-3-2-0-1-1-0-2	2-1-0-1-2-1-0-0-1-1-5-0	0-1-0-1-1-7-1-1-1-2-0-0	0-2-0-1-1-0-1-2-0-1-1-1	0-1-1-2-2-1-2-0-3-1-5-1	0-1-1-0-2-1-1-0-1-1-1-1	1-1-3-1-0-0-1-0-0-0-1-0
463	2	2-2-2-2-2-2-2-2-2-2-2-2	3-2-2-0-2-2-1-3-2-3-2-3	1-3-1-3-3-7-3-0-2-2-2-0	4-3-1-3-3-4-3-1-2-2-3-1	4-0-0-0-3-2-3-3-3-4-4-4	3-1-4-5-2-1-3-3-2-2-2-1	3-2-2-3-3-1-2-3-2-2-2-3	2-4-3-3-2-1-2-3-5-1-4-2	2-5-5-3-2-4-1-3-2-2-1-2	2-5-1-1-1-3-3-2-1-3-1-2	2-2-2-0-3-2-3-2-1-1-3-2	2-2-1-1-0-2-2-2-2-3-1-2
463	3	3-3-3-3-3-3-3-3-3-3-3-3	2-3-3-0-2-3-1-4-2-2-4-4	1-1-2-2-4-2-4-5-4-5-4-4	2-2-4-2-2-2-4-3-4-4-5-1	2-0-1-3-2-5-2-2-2-6-2-2	2-1-2-2-2-1-4-4-2-3-3-3	2-3-4-2-2-3-2-2-3-3-2-2	3-3-2-2-3-1-3-2-4-4-2-0	3-2-2-2-3-2-1-2-3-2-4-2	2-2-3-5-1-3-4-3-1-2-1-2	2-2-4-0-4-3-2-0-1-4-2-4	2-2-1-1-0-2-2-0-5-2-3-6
463	4	4-4-4-4-4-4-4-4-5-4-4-4	5-5-3-0-4-5-1-3-2-2-5-3	0-4-4-3-5-2-3-6-5-2-5-3	2-6-5-5-2-2-4-1-5-3-3-1	2-0-1-4-2-3-4-6-5-2-2-2	2-2-2-2-4-1-5-3-4-4-5-6	2-3-3-1-2-4-5-5-4-4-0-2	7-5-2-3-2-0-7-2-3-3-2-0	5-2-4-2-4-2-4-1-3-4-3-5	7-2-4-7-4-4-3-4-4-9-6-5	5-3-5-5-3-3-2-0-1-3-1-3	4-2-1-1-6-4-2-0-5-4-5-5
463	5	4-3-4-5-5-5-4-5-4-5-5-6	6-4-3-0-5-5-1-4-6-4-5-6	2-5-6-6-4-8-6-6-4-3-4-5	6-2-4-6-5-2-6-5-6-3-3-1	6-0-1-7-2-3-6-4-4-5-2-7	2-6-6-2-4-1-4-5-4-5-4-5	6-5-3-1-2-3-4-4-3-4-6-6	3-5-2-2-5-1-4-2-2-3-7-0	4-2-2-5-7-6-1-6-5-6-5-10	1-2-5-3-4-5-4-4-1-2-1-4	5-7-4-4-4-6-6-5-1-5-7-2	5-7-5-1-5-5-5-5-3-5-4-4
463	6	6-6-7-6-7-6-4-6-4-6-6-5	5-7-3-5-4-5-7-8-5-5-7-5	2-6-6-7-7-9-7-8-8-8-5-7	5-7-9-5-7-8-5-5-5-8-3-5	5-3-3-7-2-3-5-4-5-10-5-6	8-5-5-7-6-1-4-5-6-6-4-6	7-6-8-1-2-6-5-4-6-9-6-5	3-6-2-5-5-1-4-2-2-7-5-0	7-2-2-6-7-5-5-5-5-5-6-5	7-5-6-5-7-5-4-6-6-2-4-6	5-5-11-0-4-5-5-2-1-5-5-2	5-2-5-1-5-5-10-5-3-5-4-4
463	7	7-6-8-6-7-8-7-11-8-7-6-7	7-6-3-7-5-10-8-11-8-5-8-8	2-7-10-6-6-2-6-8-8-9-5-6	8-8-8-8-8-8-5-8-5-6-3-1	8-6-1-8-2-3-8-8-5-7-8-8	2-7-8-6-6-9-8-4-6-6-4-7	8-6-3-1-8-10-4-8-6-11-6-7	5-7-10-8-5-1-4-7-9-8-5-0	7-2-5-8-9-5-11-8-5-5-9-5	6-8-7-4-8-5-8-4-7-9-8-9	5-5-6-4-6-9-5-5-4-7-5-9	5-5-7-1-11-5-6-2-3-7-4-4
463	8	8-11-8-8-9-9-8-8-8-8-9-8	9-9-9-7-5-7-7-6-7-9-7-7	11-7-7-6-7-9-9-6-6-10-9-7	7-8-7-7-7-7-8-7-9-9-8-1	7-0-1-7-1-9-7-7-9-8-7-7	6-7-9-6-8-7-9-8-8-8-10-8	7-9-6-1-10-8-10-7-6-8-7-7	5-7-9-7-8-1-10-8-7-8-11-0	7-8-8-7-4-5-11-9-5-4-4-7	7-7-8-5-7-7-7-8-7-9-1-7	7-5-8-8-10-5-1-0-0-7-5-7	5-7-5-1-0-7-7-0-10-8-4-6
463	9	9-9-8-9-8-8-8-8-8-9-8-8	9-8-8-10-9-7-10-9-5-8-10-11	9-9-10-6-8-9-8-10-10-7-8-6	9-10-10-10-7-7-11-7-8-8-9-9	7-11-9-9-10-8-8-7-8-6-9-9	11-9-8-9-10-11-8-10-8-8-0-7	9-8-8-1-9-7-9-9-6-6-9-8	9-7-8-8-8-11-8-8-7-9-9-10	9-10-9-8-7-5-9-10-5-10-7-5	9-9-9-9-9-9-9-6-7-10-9-7	9-9-9-10-9-7-10-9-9-7-7-7	9-7-9-1-9-9-7-10-10-10-4-6
463	10	8-11-11-11-8-8-10-8-10-11-10-8	9-8-8-9-9-7-9-11-11-10-9-11	10-10-7-11-10-11-10-9-9-11-9-10	11-9-9-11-10-10-8-7-10-8-10-9	10-9-9-10-9-10-11-10-10-6-7-10	10-10-11-10-9-9-10-10-8-8-10-8	11-8-8-10-8-7-4-11-6-11-10-10	10-7-7-10-10-9-8-11-11-9-9-9	10-9-2-10-10-5-10-10-5-10-10-5	9-10-10-9-10-10-10-11-7-9-10-7	10-10-10-9-6-10-9-9-10-10-5-10	5-10-9-10-10-5-6-9-3-8-10-4
463	11	11-11-10-11-11-11-11-11-11-10-11-11	9-8-11-10-11-7-9-10-10-11-9-10	10-10-11-10-11-10-11-11-9-11-11-10	10-11-11-10-11-11-9-11-11-11-11-9	10-9-11-11-9-11-10-10-10-11-7-9	11-11-10-11-11-9-11-11-11-11-11-11	10-11-11-11-8-11-5-10-11-7-9-10	11-7-7-11-11-9-11-10-10-9-11-9	10-11-2-11-10-11-11-10-11-5-7-5	7-11-11-11-11-5-11-10-7-11-11-11	9-11-11-9-6-5-9-11-11-11-5-11	11-10-11-9-10-11-11-9-11-11-10-11
464	0	0-0-0-0-0-0-0-0-0-0-0-0	0-0-0-0-0-0-0-0-0-0-0-0	0-0-0-0-0-0-0-0-0-0-0-0	0-0-0-0-0-0-0-0-0-0-0-0	0-0-0-0-0-0-0-0-0-0-0-0	0-0-0-0-0-0-0-0-0-0-0-0	0-0-0-0-0-0-0-0-0-0-0-0	0-0-0-0-0-0-0-0-0-0-0-0	0-0-0-0-0-0-0-0-0-0-0-0	0-0-0-0-0-0-0-0-0-0-0-0	0-0-0-0-0-0-0-0-0-0-0-0	0-0-0-0-0-0-0-0-0-0-0-0
464	1	1-1-1-1-1-0-1-1-1-1-1-1	1-1-1-1-1-1-0-1-1-1-1-0	4-2-0-1-2-2-2-0-2-1-2-1	2-0-0-3-1-2-0-2-1-1-1-0	2-0-3-2-1-1-0-2-1-0-4-2	1-2-1-1-1-3-1-1-1-1-1-1	1-1-1-0-1-1-1-0-1-1-1-3	1-1-1-1-1-1-1-2-1-0-1-0	0-1-1-1-2-1-0-2-1-3-1-1	2-1-0-1-2-2-1-1-1-0-0-1	0-1-1-0-0-0-0-0-0-1-1-1	0-1-3-1-0-1-1-0-0-1-0-1
464	2	2-2-2-2-2-2-2-2-2-3-2-2	2-2-2-1-2-2-2-3-2-3-1-2	1-1-1-1-1-5-3-0-1-3-2-1	1-3-1-1-1-1-2-1-1-2-1-0	1-2-1-1-3-1-3-3-3-2-1-1	1-4-4-5-2-1-3-1-2-2-10-2	7-2-2-2-3-2-2-2-2-2-1-5	2-1-3-3-2-2-2-3-3-2-2-2	2-5-2-2-1-2-2-3-1-1-1-1	2-2-2-2-1-1-2-2-2-3-2-1	2-2-2-0-3-2-0-2-2-2-2-2	2-2-2-2-2-2-2-2-2-2-1-2
464	3	3-3-3-3-3-3-3-3-3-3-3-3	2-5-3-1-4-2-0-2-5-2-4-2	1-3-4-2-1-2-4-3-4-2-4-4	2-2-3-1-1-1-3-1-4-3-1-0	1-0-1-1-2-4-2-2-2-2-1-2	1-2-2-2-3-1-4-1-3-3-3-2	1-5-3-0-2-3-12-4-3-4-1-2	3-1-2-2-1-4-3-2-2-3-2-4	3-2-2-2-3-2-6-2-3-1-1-4	2-1-3-4-4-5-4-3-4-2-4-2	3-3-5-3-2-3-4-2-2-2-2-2	3-2-1-2-0-3-4-3-5-4-3-3
464	4	4-4-4-4-4-4-4-4-3-4-4-4	4-5-5-1-3-5-0-5-3-2-3-5	1-4-3-5-1-2-3-5-3-5-5-4	4-2-5-4-1-2-5-1-5-5-2-0	1-0-1-5-2-3-5-4-5-2-1-0	1-2-2-2-4-1-5-5-4-3-4-2	1-5-3-0-2-3-5-3-5-3-1-4	4-1-1-2-1-3-3-5-2-4-2-3	4-2-2-2-4-2-4-2-3-4-5-4	3-1-4-3-3-8-5-7-3-2-3-1	4-3-6-12-4-4-3-8-2-2-4-2	6-4-1-4-4-3-3-3-6-6-5-4
464	5	5-4-6-4-4-4-4-5-4-3-3-4	4-4-4-5-4-4-0-4-3-2-6-4	7-7-7-6-6-2-6-6-5-4-4-6	5-6-4-6-6-6-4-5-4-4-2-5	6-0-8-6-2-3-6-6-4-7-7-7	6-7-6-2-4-7-4-4-2-4-4-7	5-4-3-0-2-3-4-6-4-3-6-6	4-6-12-6-2-6-3-4-2-2-5-2	2-2-4-2-8-5-2-6-5-5-6-8	2-2-4-5-6-3-6-4-6-0-7-6	3-2-3-4-5-8-0-5-2-8-6-2	4-5-5-5-0-3-1-3-3-4-4-3
464	6	6-6-6-6-6-6-8-6-6-6-6-6	4-8-6-5-7-7-7-7-3-4-5-7	5-6-5-5-5-6-7-7-5-8-7-7	5-7-6-5-5-5-7-5-7-7-7-0	5-0-1-5-2-8-5-5-7-6-5-5	5-5-5-6-6-5-7-6-2-6-11-6	2-8-6-5-8-6-7-7-3-6-7-6	6-8-7-5-6-6-8-6-2-8-5-3	5-2-2-2-4-6-6-5-6-5-8-7	11-1-4-7-5-7-5-4-7-2-5-5	2-7-4-4-5-4-7-7-2-7-5-6	4-5-5-5-4-3-6-3-4-4-8-10
464	7	8-7-6-6-6-8-7-7-6-7-7-6	7-6-8-5-6-6-6-6-3-4-8-6	5-5-5-5-5-7-6-6-6-7-8-6	7-6-8-5-5-5-6-5-8-7-7-0	5-0-5-5-2-6-6-7-8-5-5-5	5-5-6-6-7-5-8-6-7-7-5-5	2-8-7-0-6-6-8-6-7-7-6-5	4-5-6-6-6-6-6-6-2-8-6-0	5-2-6-6-7-6-6-6-8-6-6-6	8-1-4-6-5-6-11-4-6-0-5-7	8-7-6-8-8-7-6-7-2-6-5-6	7-5-5-5-0-6-6-3-3-5-7-11
464	8	7-8-6-8-8-6-6-8-7-8-7-8	7-6-7-9-8-9-8-8-9-7-9-6	10-8-9-5-5-10-8-9-8-7-7-8	9-8-7-5-5-9-8-5-7-9-9-10	5-11-10-10-10-6-6-6-7-8-5-5	9-9-6-2-7-5-7-8-7-7-1-9	8-7-7-8-6-3-7-9-7-6-8-9	2-6-9-9-6-8-6-6-8-7-8-0	8-8-12-9-10-8-8-8-7-8-6-5	8-2-8-9-7-7-7-4-10-10-8-8	8-3-4-4-7-12-11-4-9-8-8-8	7-5-8-8-8-3-8-6-3-8-6-6
464	9	10-10-11-11-11-12-10-10-10-10-12-12	11-10-11-10-11-10-11-10-10-11-10-10	9-8-10-10-10-10-10-10-10-10-8-10	10-10-8-10-9-10-10-5-10-10-10-11	11-11-8-11-11-9-9-9-10-10-11-9	10-8-10-9-7-10-10-10-10-9-9-9	10-10-9-9-10-9-9-9-10-11-12-12	9-9-10-9-9-10-9-11-8-11-10-10	9-8-9-8-12-10-8-10-11-10-9-11	10-12-10-11-11-10-9-11-8-8-8-11	9-10-12-10-11-10-9-9-9-9-10-8	7-8-9-8-9-11-11-10-9-10-6-9
464	10	9-9-9-9-9-9-9-9-9-9-9-9	9-9-9-9-9-9-9-9-9-9-9-9	8-11-9-9-9-9-9-9-9-9-10-9	9-9-9-9-10-11-9-5-9-9-9-11	9-9-8-8-8-9-11-10-9-9-9-10	9-9-9-9-7-9-11-9-9-7-2-10	11-9-9-9-9-10-4-11-9-9-10-10	9-10-9-11-10-9-6-9-8-9-10-9	10-8-8-11-11-9-8-9-9-9-10-6	9-11-8-9-10-11-7-9-8-8-11-9	10-9-9-9-9-9-8-10-11-10-9-10	7-5-8-10-10-9-9-9-9-9-6-6
464	11	9-9-9-9-9-9-9-9-9-9-9-9	9-9-9-9-9-9-9-12-9-9-9-9	8-10-12-9-9-9-9-9-10-9-11-11	12-10-9-11-10-10-9-5-9-9-9-10	9-9-10-9-9-9-10-10-9-9-9-10	10-9-9-9-6-9-10-9-9-9-6-11	10-9-6-10-12-11-9-10-9-9-10-10	9-11-9-10-10-9-9-9-8-9-10-9	12-8-10-10-9-9-8-9-9-9-10-9	12-10-11-9-10-10-7-9-8-8-10-9	10-9-9-9-9-10-8-9-10-10-9-11	9-5-9-10-10-9-9-9-9-11-6-7
464	12	12-12-9-9-12-9-9-12-12-9-12-12	9-9-9-9-9-9-9-11-9-12-11-11	9-12-12-9-12-12-12-9-9-12-12-11	11-12-12-12-12-12-9-5-9-12-12-9	9-9-12-12-12-12-11-12-9-12-5-5	12-12-12-11-12-11-12-12-12-12-12-11	10-12-12-12-11-12-9-12-12-11-9-9	12-12-9-12-12-9-12-9-8-12-9-12	11-12-8-12-9-9-12-9-12-9-10-6	8-12-12-12-12-12-12-9-12-12-12-12	9-9-9-4-9-8-12-9-12-12-9-12	9-12-12-8-10-12-12-9-12-12-12-9
465	0	0-0-0-0-0-0-0-0-0-0-0-0	0-0-0-0-0-0-0-0-0-0-0-0	0-0-0-0-0-0-0-0-0-0-0-0	0-0-0-0-0-0-0-0-0-0-0-0	0-0-0-0-0-0-0-0-0-0-0-0	0-0-0-0-0-0-0-0-0-0-0-0	0-0-0-0-0-0-0-0-0-0-0-0	0-0-0-0-0-0-0-0-0-0-0-0	0-0-0-0-0-0-0-0-0-0-0-0	0-0-0-0-0-0-0-0-0-0-0-0	0-0-0-0-0-0-0-0-0-0-0-0	0-0-0-0-0-0-0-0-0-0-0-0
465	1	1-1-1-1-1-1-1-1-1-1-1-1	1-0-0-1-0-1-1-1-1-0-1-1	1-2-1-1-1-1-1-2-1-0-2-1	2-1-2-1-2-2-0-2-0-0-0-6	0-6-6-0-3-0-0-2-0-1-1-1	1-1-0-1-1-1-2-1-0-0-0-2	6-0-0-3-2-0-0-1-0-1-2-1	1-1-0-1-1-1-0-1-1-1-1-0	1-1-0-1-1-1-1-1-1-1-1-0	0-1-1-1-1-1-0-1-1-1-1-1	1-0-1-0-1-1-8-1-2-1-1-1	0-0-1-1-1-1-1-1-1-1-1-0
465	2	2-2-2-2-2-2-3-2-2-3-3-2	3-3-3-1-3-3-3-2-3-3-3-2	2-1-4-3-3-3-3-3-3-2-3-2	3-1-3-3-1-1-3-6-3-3-2-1	10-2-2-3-1-2-3-2-3-2-3-1	10-1-3-2-3-1-2-3-2-2-10-3	1-2-2-2-1-2-3-3-3-4-1-3	2-2-3-2-2-1-2-3-1-2-2-6	2-2-3-2-2-4-3-1-3-3-2-3	2-2-2-3-3-2-5-2-1-6-2-2	3-3-2-2-3-3-5-3-3-2-4-2	8-2-2-3-3-3-2-3-3-3-3-3
465	3	2-2-2-2-2-2-2-2-2-2-2-2	2-2-2-5-2-2-2-2-2-2-5-4	5-3-2-4-4-2-4-2-2-3-4-4	2-2-2-2-4-4-2-4-4-2-4-1	4-1-1-4-1-3-4-4-2-2-2-6	4-1-2-3-2-4-3-2-2-2-0-2	1-3-2-1-3-3-2-2-2-2-4-3	2-4-2-3-3-1-2-2-1-2-2-2	3-1-2-1-13-2-2-3-2-2-4-2	2-3-2-2-2-4-2-2-1-1-2-6	2-2-2-2-2-2-2-2-2-2-2-2	2-2-3-2-2-2-3-2-2-2-2-2
465	4	2-2-2-2-2-2-2-2-2-2-2-2	2-2-2-3-2-2-2-5-5-5-3-3	7-5-2-3-3-7-3-3-2-5-3-3	5-5-5-2-3-3-4-3-3-4-3-1	3-4-3-3-6-3-5-3-4-4-6-3	3-7-6-10-4-3-5-5-4-4-11-4	1-5-2-7-5-4-2-3-4-2-3-5	2-3-5-5-4-8-4-5-4-2-2-2	4-4-4-4-2-2-4-4-2-4-3-5	5-4-4-3-2-3-4-4-1-1-4-3	4-11-2-2-4-4-2-4-4-8-2-4	2-4-5-5-4-2-3-2-2-2-2-2
465	5	2-2-5-5-2-2-2-5-5-2-2-2	2-7-5-3-2-2-2-6-4-4-3-3	3-4-6-3-3-4-6-6-2-4-6-3	4-4-6-4-3-3-4-3-6-7-4-1	5-1-1-5-4-6-4-6-4-2-2-3	2-4-4-2-5-3-6-5-5-5-0-4	1-4-7-1-4-8-7-7-5-5-4-4	2-3-4-4-3-2-5-4-4-2-5-2	4-4-4-6-5-2-4-5-6-5-5-6	6-4-2-2-2-3-2-4-6-1-4-3	5-4-2-2-4-2-6-4-4-4-2-4	2-4-4-4-2-2-3-2-2-6-2-5
465	6	2-6-6-6-6-6-6-6-6-6-7-6	2-7-7-3-2-5-2-5-2-4-3-4	1-6-5-3-3-4-5-5-7-7-7-7	7-4-7-2-3-4-7-3-7-6-7-1	3-1-1-11-4-5-7-6-7-4-4-3	2-8-4-2-7-4-7-7-6-5-0-4	1-3-7-1-10-7-5-7-5-6-3-7	2-5-4-4-6-2-5-6-4-2-2-2	2-4-5-5-6-2-5-5-5-7-5-5	5-3-6-7-7-7-7-10-5-2-6-3	4-2-2-6-6-7-5-2-4-4-2-4	2-4-1-2-2-2-4-2-2-5-2-12
465	7	9-7-6-6-2-2-6-6-7-2-6-2	2-6-6-3-2-2-8-8-9-4-8-8	10-8-8-9-8-8-8-9-6-6-6-8	8-8-8-8-9-8-6-10-6-8-6-1	9-10-1-8-4-5-8-8-6-9-10-8	8-9-4-11-7-10-6-6-6-5-9-8	5-3-5-4-6-4-5-8-5-7-8-6	2-9-4-8-4-2-6-10-4-2-7-2	9-4-7-4-10-7-10-8-7-6-8-7	8-8-7-7-8-6-8-6-1-2-8-2	8-4-8-12-4-6-8-7-8-7-7-4	7-7-1-7-8-2-4-2-2-7-2-5
465	8	8-8-9-9-8-8-2-8-8-8-8-8	10-9-9-3-9-9-7-7-7-2-7-7	7-7-7-7-7-7-9-7-9-8-9-7	7-7-7-7-7-7-6-3-9-7-10-1	7-1-1-7-4-10-7-7-8-7-7-7	7-7-4-8-8-7-7-5-6-8-7-7	5-3-12-8-9-8-9-7-5-8-7-4	2-10-2-7-8-4-11-7-4-8-7-2	7-8-4-4-8-8-7-7-8-7-7-9	9-7-8-9-7-10-7-6-1-2-7-10	7-4-7-6-2-7-1-4-7-4-2-4	11-4-1-7-7-2-3-2-2-2-8-5
465	9	8-9-8-9-9-9-9-8-10-8-9-8	10-10-12-3-10-8-10-12-7-10-7-10	7-9-7-7-7-10-8-7-8-11-8-9	7-7-10-7-7-7-10-3-10-10-8-1	7-1-1-11-4-8-8-9-10-7-7-7	7-7-4-8-12-7-10-11-9-5-7-7	1-10-9-1-8-8-10-10-5-9-7-6	2-7-2-8-8-2-8-7-4-9-7-2	7-4-8-7-9-7-7-8-9-9-6-10	8-7-7-8-10-3-7-2-6-2-7-8	7-8-11-10-10-7-8-2-7-4-8-4	8-9-1-7-7-9-8-2-11-11-10-8
465	10	9-9-9-13-13-9-13-13-9-13-8-13	9-9-9-3-9-10-11-11-12-9-11-9	7-10-11-11-10-11-7-11-12-9-9-11	11-11-11-7-7-7-9-7-9-9-11-12	2-11-12-9-10-8-11-10-9-7-7-7	2-10-4-4-10-7-9-10-9-5-2-4	3-9-9-10-6-10-9-11-5-11-10-6	2-8-11-8-6-11-8-7-10-12-7-2	10-10-10-4-7-2-10-7-11-2-10-9	10-3-10-10-10-8-7-6-11-10-10-8	11-2-9-9-9-13-10-10-10-10-2-10	10-8-10-10-10-2-2-10-13-10-9-6
465	11	11-11-9-13-9-9-2-12-11-2-11-11	12-9-9-12-9-10-10-10-10-10-12-12	11-10-10-12-12-10-12-10-10-9-10-10	10-10-10-10-12-12-10-11-9-9-12-10	12-10-11-9-12-12-10-11-9-11-7-12	12-12-4-11-10-7-12-13-5-5-4-4	12-11-9-10-13-10-9-10-5-10-10-12	2-12-10-12-11-10-8-12-12-10-12-2	11-10-10-12-11-2-12-11-10-2-11-9	10-11-10-11-12-11-7-6-10-10-11-11	10-4-9-9-11-10-10-11-12-10-2-4	11-11-10-12-11-2-11-2-9-9-8-6
465	12	12-12-9-6-12-9-12-11-11-13-8-9	11-9-9-11-9-10-12-10-10-9-11-11	11-10-10-11-11-10-11-12-10-9-12-12	11-12-13-7-11-11-12-7-9-9-11-10	11-12-11-9-11-11-13-11-10-12-11-11	11-11-4-12-10-13-11-9-5-5-12-12	11-11-8-10-8-11-9-12-5-7-13-11	2-11-12-11-11-11-8-11-11-10-11-2	12-10-12-11-12-12-11-12-12-2-12-9	12-11-12-12-11-11-7-6-10-10-11-11	12-4-9-9-11-12-10-12-11-10-2-4	12-4-10-11-12-2-11-12-2-12-8-6
465	13	13-13-13-13-13-13-13-13-13-13-13-13	11-9-13-12-13-10-12-10-11-13-12-10	12-13-13-12-13-13-13-13-10-13-13-13	13-13-12-13-13-13-10-13-13-13-13-10	13-12-13-13-13-13-12-13-13-13-2-7	13-13-13-13-13-12-13-13-13-13-13-13	11-13-13-13-11-13-13-12-13-13-12-13	13-11-3-13-13-11-8-11-11-10-11-13	12-13-10-13-3-13-13-6-13-2-12-10	10-13-13-13-13-11-13-6-10-13-11-13	12-13-9-9-4-10-10-12-13-13-13-13	13-4-13-10-12-13-13-12-13-13-13-13
466	0	0-0-0-0-0-0-0-0-0-0-0-0	0-0-0-0-0-0-0-0-0-0-0-0	0-0-0-0-0-0-0-0-0-0-0-0	0-0-0-0-0-0-0-0-0-0-0-0	0-0-0-0-0-0-0-0-0-0-0-0	0-0-0-0-0-0-0-0-0-0-0-0	0-0-0-0-0-0-0-0-0-0-0-0	0-0-0-0-0-0-0-0-0-0-0-0	0-0-0-0-0-0-0-0-0-0-0-0	0-0-0-0-0-0-0-0-0-0-0-0	0-0-0-0-0-0-0-0-0-0-0-0	0-0-0-0-0-0-0-0-0-0-0-0
466	1	1-1-1-1-1-1-1-1-1-1-1-1	1-2-2-0-1-1-0-0-1-1-0-2	0-0-0-0-0-0-0-0-0-0-2-0	0-0-0-0-0-0-2-1-2-2-2-0	0-0-0-1-0-2-2-0-2-0-0-0	0-0-0-0-0-0-2-0-1-1-0-1	1-1-1-0-2-1-2-2-1-1-0-0	1-1-0-1-1-0-3-1-1-1-0-0	1-0-0-0-0-1-0-0-2-1-1-2	0-1-1-1-2-3-0-3-0-0-0-1	0-2-2-0-1-0-0-0-0-0-2-1	1-1-1-0-1-2-1-0-3-3-1-1
466	2	2-2-2-1-2-2-2-2-2-2-2-2	2-1-1-2-1-1-5-0-2-1-3-3	4-3-3-2-4-3-3-0-3-0-1-2	3-0-3-4-3-3-1-2-3-1-3-0	5-0-3-4-0-1-3-3-1-4-12-3	3-3-2-0-2-2-3-3-1-1-4-3	2-2-1-0-1-2-1-3-1-2-3-4	2-2-2-2-2-0-1-3-2-6-2-0	0-0-2-2-3-2-0-3-1-2-2-3	2-2-2-1-3-2-2-2-2-0-3-2	1-1-1-0-2-0-0-3-0-2-1-2	1-2-2-2-0-1-1-0-3-3-3-1
466	3	3-3-2-3-3-3-3-3-3-3-3-3	5-1-1-2-3-1-2-6-3-4-2-3	0-4-2-2-2-6-6-4-2-6-4-4	2-4-2-2-2-2-4-2-2-3-6-0	2-3-2-2-4-2-4-4-4-3-5-2	10-4-5-0-3-5-4-2-3-3-6-3	5-3-3-3-4-3-4-2-3-2-2-3	3-2-4-4-3-7-1-4-10-6-2-0	3-6-3-3-2-3-3-4-2-1-2-5	4-3-3-1-2-2-2-1-4-4-2-3	3-1-3-0-4-3-0-3-4-4-4-3	3-3-2-4-3-3-4-3-2-4-3-3
466	4	4-4-4-4-5-4-4-4-4-4-4-5	6-4-5-2-4-6-3-3-3-3-2-6	2-3-0-2-2-3-5-3-4-3-5-5	3-3-2-2-2-2-3-2-5-5-3-0	2-0-2-2-3-5-3-3-3-4-2-2	3-3-3-7-4-2-5-4-4-4-2-4	2-4-4-0-3-7-4-5-4-3-2-2	3-2-3-5-5-4-5-3-3-5-2-0	4-4-3-3-4-3-5-3-6-5-2-3	3-3-4-4-2-3-5-4-5-3-2-2	6-5-6-0-3-3-0-5-3-3-5-3	6-3-2-3-5-4-3-4-6-3-5-4
466	5	4-5-5-5-4-5-4-5-5-4-4-4	3-6-4-2-5-6-2-6-6-6-2-4	2-5-0-6-2-3-4-5-6-4-6-4	3-7-6-2-2-3-6-2-6-4-3-0	2-0-2-6-3-4-6-5-6-7-3-2	2-3-3-0-5-2-6-6-5-5-5-4	3-6-5-0-3-5-6-6-5-7-2-6	6-2-4-4-4-8-4-3-3-4-3-0	4-3-6-3-7-3-4-2-5-7-7-3	4-3-5-1-4-8-4-5-4-3-2-6	4-6-4-5-6-8-0-4-3-3-4-3	7-4-2-3-8-5-3-4-6-4-6-6
466	6	5-6-6-4-5-6-4-6-6-5-5-6	7-5-4-2-4-5-7-3-7-5-8-4	12-7-8-7-7-3-7-7-5-3-5-6	6-3-5-6-7-7-5-9-5-5-3-6	9-0-9-9-3-4-7-7-5-7-7-7	7-7-7-12-5-8-5-5-5-5-3-6	6-5-5-0-3-5-5-7-5-5-7-5	5-7-7-7-3-6-5-4-3-5-6-0	7-3-5-3-5-5-0-7-4-6-7-10	5-3-4-6-7-6-6-5-7-0-7-7	4-5-4-8-5-6-0-4-7-7-7-3	4-6-2-6-7-5-1-0-4-7-5-5
466	7	7-7-7-7-5-7-7-7-7-7-8-6	10-8-8-2-7-7-6-8-6-7-6-7	6-7-6-6-6-8-6-6-5-8-6-6	7-7-6-6-6-6-5-6-7-5-8-0	6-0-2-6-8-7-6-6-7-7-6-6	6-6-6-4-10-6-8-7-5-7-6-7	7-8-7-0-12-4-5-6-5-5-6-7	7-6-6-6-8-3-7-9-3-5-6-0	6-3-3-3-7-7-9-6-5-6-6-10	3-3-7-6-6-5-6-5-6-8-6-6	7-5-6-7-8-7-8-7-6-3-6-7	7-6-5-6-7-5-7-8-7-6-5-7
466	8	9-9-9-9-9-9-9-9-9-9-9-9	10-7-7-9-9-9-9-9-9-9-9-10	8-9-9-10-8-9-9-8-9-9-9-9	9-8-9-9-6-9-9-6-7-8-7-11	8-9-11-8-10-7-9-9-7-8-8-11	8-8-7-8-8-9-7-9-5-8-11-8	11-7-9-8-9-10-8-9-8-8-11-9	9-8-11-6-8-9-8-7-7-10-11-10	8-10-8-9-9-10-11-10-9-12-5-6	9-9-7-9-10-5-12-5-10-10-9-8	10-5-9-9-9-9-10-9-9-8-7-3	12-6-8-12-9-9-7-9-9-9-9-8
466	9	8-8-9-9-8-8-8-8-8-8-8-8	8-7-10-8-8-8-8-8-8-8-8-8	6-8-8-8-6-8-8-8-8-8-10-8	8-8-8-8-6-8-8-6-10-10-10-0	6-8-6-6-8-10-8-9-10-8-6-6	8-6-6-8-8-8-10-9-9-9-2-9	11-10-8-0-8-9-5-8-9-8-10-8	8-7-8-9-8-8-8-7-3-8-9-8	8-8-8-8-8-8-11-10-8-8-5-9	8-8-7-12-6-8-6-5-8-8-6-8	8-9-12-8-8-8-8-8-8-8-6-8	8-6-2-6-8-8-7-8-8-8-8-8
466	10	8-9-8-8-12-11-8-12-9-9-9-9	8-7-7-8-7-8-8-12-8-8-8-8	6-11-11-12-10-11-10-8-8-11-9-10	10-8-11-11-10-11-9-6-9-9-9-11	10-8-10-6-8-9-9-8-9-10-10-10	3-11-11-10-7-8-9-10-5-5-3-11	10-9-8-10-9-8-5-7-9-10-9-10	3-10-8-10-10-8-9-12-3-8-10-8	3-8-3-10-10-8-10-9-9-6-10-6	8-8-10-9-8-10-10-5-8-8-10-10	8-11-9-8-8-10-8-8-10-8-6-10	8-6-10-10-10-8-10-8-8-10-8-7
466	11	12-11-11-12-12-12-11-12-12-12-12-12	12-7-12-8-8-12-8-8-12-8-8-12	11-10-10-10-11-10-11-11-12-10-12-11	10-11-10-10-10-10-11-10-9-9-9-8	10-8-10-8-9-9-12-11-9-11-11-8	11-10-10-11-11-12-10-10-11-11-8-10	8-9-11-10-11-11-10-12-9-11-8-10	8-7-8-10-10-12-8-9-11-11-8-12	11-11-8-10-10-8-8-11-8-8-10-9	11-11-11-8-11-5-10-11-11-11-10-10	10-10-10-11-12-10-11-11-8-8-11-10	7-6-11-10-10-10-7-11-8-9-8-11
466	12	12-12-12-12-12-12-11-12-12-11-12-12	11-8-12-8-12-11-11-10-11-12-8-11	6-12-12-10-12-10-12-11-11-12-11-12	11-12-12-12-12-12-11-6-12-12-12-10	10-11-12-12-11-12-11-11-9-12-2-6	12-12-10-12-12-11-12-12-12-12-12-12	10-12-12-12-9-12-4-11-12-12-9-10	12-12-6-12-12-11-12-10-10-8-11-11	11-12-12-12-10-12-12-6-12-8-10-5	11-12-12-12-12-5-8-11-12-12-10-12	8-12-9-12-11-12-11-11-12-8-12-12	8-12-11-8-10-12-12-11-8-12-12-7
467	0	0-0-0-0-0-0-0-0-0-0-0-0	0-0-0-0-0-0-0-0-0-0-0-0	0-0-0-0-0-0-0-0-0-0-0-0	0-0-0-0-0-0-0-0-0-0-0-0	0-0-0-0-0-0-0-0-0-0-0-0	0-0-0-0-0-0-0-0-0-0-0-0	0-0-0-0-0-0-0-0-0-0-0-0	0-0-0-0-0-0-0-0-0-0-0-0	0-0-0-0-0-0-0-0-0-0-0-0	0-0-0-0-0-0-0-0-0-0-0-0	0-0-0-0-0-0-0-0-0-0-0-0	0-0-0-0-0-0-0-0-0-0-0-0
467	1	1-1-1-1-1-1-1-1-1-1-1-1	1-2-1-0-1-1-0-0-1-1-0-0	0-0-0-0-0-1-0-0-0-1-2-0	0-0-0-0-0-0-2-1-2-2-2-0	1-0-0-0-0-1-2-0-1-0-0-0	0-0-0-1-0-0-2-0-1-1-3-2	1-1-1-1-2-1-2-2-1-1-0-0	1-1-0-0-1-0-1-0-0-1-0-0	1-1-0-0-0-2-0-0-3-1-0-0	0-0-1-1-0-0-2-1-0-0-0-1	0-1-1-0-1-0-0-1-0-0-1-1	2-1-1-0-0-1-1-0-2-1-1-1
467	2	2-2-2-1-2-2-1-1-2-2-2-2	2-1-1-2-1-1-0-2-2-1-3-3	4-3-3-3-3-3-3-3-3-2-3-2	3-0-3-4-3-3-1-2-3-1-3-3	3-0-3-3-0-1-3-3-2-5-13-5	4-0-2-2-2-0-3-2-1-1-4-3	2-2-1-0-2-2-2-3-1-2-3-4	2-2-2-2-2-2-1-3-2-2-2-0	0-0-0-2-3-2-0-3-4-2-2-2	3-2-2-1-3-3-1-1-2-0-3-2	0-2-3-0-1-0-0-2-0-3-1-2	1-2-2-2-0-2-2-0-1-3-2-1
467	3	3-3-2-3-3-3-3-3-3-3-3-3	4-1-1-2-3-2-2-4-3-4-3-4	7-2-4-2-2-4-4-4-2-4-3-2	2-4-4-2-2-5-4-2-2-3-2-2	2-3-2-2-4-3-4-4-4-3-5-2	2-4-5-7-3-4-4-4-3-3-7-3	3-3-1-3-4-3-4-2-3-3-2-7	3-2-7-4-3-4-1-2-7-3-3-3	3-5-3-3-2-3-3-2-1-3-2-2	4-3-3-1-2-2-3-1-6-5-2-2	3-7-3-0-3-3-1-7-4-4-3-3	5-3-2-3-3-3-3-3-1-2-2-1
467	4	4-4-4-4-4-4-4-4-4-4-4-4	3-5-4-2-4-7-3-3-3-3-5-3	2-4-3-3-2-3-5-6-5-3-5-5	3-3-5-2-2-3-3-2-2-4-3-2	2-4-2-2-3-5-3-3-3-4-3-2	2-3-3-3-3-3-3-5-3-4-2-4	6-4-6-3-3-4-5-5-4-4-3-3	4-2-5-5-5-3-4-3-3-4-3-3	4-3-3-3-4-3-4-5-8-4-2-5	5-2-4-4-3-3-5-4-5-3-5-5	5-3-8-4-7-5-5-3-3-3-3-3	1-3-2-3-4-3-3-6-7-8-6-4
467	5	5-7-5-4-5-6-5-5-5-7-5-5	6-6-4-2-3-6-3-6-5-6-4-6	2-5-3-3-2-3-4-6-4-3-6-4	2-6-6-2-2-3-5-2-5-6-6-0	2-6-6-5-3-4-6-6-6-2-3-2	6-3-3-3-5-3-6-4-5-5-6-4	4-4-7-4-3-5-5-4-7-5-6-11	5-2-4-4-4-4-7-3-3-5-3-3	3-3-3-3-7-3-4-4-7-6-5-4	4-2-5-6-0-6-4-4-4-3-4-4	4-3-4-7-6-4-4-3-3-3-4-3	3-3-2-6-6-5-3-6-6-4-7-4
467	6	9-5-5-6-6-5-4-6-6-5-5-5	5-5-5-6-8-5-6-5-7-5-8-5	3-6-7-7-6-7-7-8-8-6-5-6	7-5-7-7-6-6-6-2-7-5-5-6	8-5-8-6-3-4-5-7-5-8-7-7	7-8-7-3-7-6-5-7-5-4-5-6	7-5-4-3-3-5-3-7-5-5-13-3	4-6-13-7-7-7-5-7-3-5-7-3	3-3-3-6-6-7-6-6-7-5-6-6	7-11-6-5-6-6-7-5-3-3-5-6	5-3-5-5-5-5-4-4-3-6-7-3	1-5-2-5-5-3-3-4-6-4-4-1
467	7	7-5-7-8-6-4-6-5-4-5-7-8	6-5-5-8-6-4-9-9-6-5-8-9	8-7-8-8-8-8-6-8-9-7-7-8	8-7-6-6-7-9-6-8-6-5-8-8	8-8-6-8-8-7-8-8-5-6-6-6	6-8-6-3-6-8-8-6-5-5-3-9	8-9-5-3-8-7-5-8-5-7-0-3	3-8-3-8-8-7-5-6-3-7-6-3	3-3-3-8-6-6-3-8-6-5-6-4	6-3-5-9-8-7-6-5-7-3-9-7	0-3-5-5-4-12-0-3-3-7-6-3	1-9-7-5-0-3-9-10-4-7-5-1
467	8	8-8-8-8-8-9-8-8-8-8-8-8	8-5-9-7-6-9-7-7-6-5-6-7	7-7-7-7-7-7-9-7-7-7-9-7	7-7-9-7-7-7-6-7-9-8-9-7	7-7-6-7-7-9-7-7-8-6-6-6	7-6-9-11-8-7-7-6-8-8-12-7	7-7-5-4-7-8-10-7-8-5-0-7	5-7-3-9-7-4-5-6-3-7-6-9	4-3-9-7-9-6-7-7-4-8-7-4	4-9-8-7-7-9-6-9-7-3-7-7	9-8-4-5-10-9-9-9-3-7-9-3	1-7-7-3-9-8-7-9-8-4-8-9
467	9	9-10-9-9-9-8-9-9-9-9-9-8	10-10-8-7-10-11-7-7-6-5-6-7	7-9-7-7-7-10-8-7-7-7-8-9	7-8-8-7-7-7-6-7-8-10-8-7	7-7-6-7-10-8-9-8-10-9-6-6	6-6-8-7-11-7-10-9-8-8-9-7	3-11-5-0-8-9-9-7-8-9-0-7	4-8-3-8-7-9-9-6-7-9-9-11	10-7-8-7-9-6-0-2-4-8-8-10	6-8-11-7-7-8-10-8-8-8-7-7	8-9-10-8-9-9-8-8-3-7-8-3	1-7-7-9-8-9-7-12-9-9-9-8
467	10	11-11-11-11-10-13-11-11-12-11-11-11	11-9-8-7-12-9-11-12-11-12-11-11	10-11-11-11-10-11-11-11-10-9-11-11	11-10-11-11-7-11-11-12-9-10-9-11	10-11-12-9-11-9-11-10-9-10-10-11	12-11-9-11-9-11-11-11-8-8-12-7	12-9-10-11-8-10-9-10-8-10-12-8	11-12-12-11-6-11-11-11-13-8-11-10	10-10-13-7-11-10-10-10-12-10-7-9	6-12-10-9-7-7-11-11-11-11-11-7	10-3-11-5-11-13-12-11-11-6-6-3	10-7-11-11-10-11-7-10-11-10-11-11
467	11	10-10-10-10-12-10-10-10-11-10-10-10	10-9-11-10-13-9-10-10-10-10-10-10	10-10-10-10-12-10-10-10-10-12-10-10	10-10-10-10-7-10-10-7-12-11-11-10	2-10-10-7-10-11-10-11-11-11-11-10	10-10-12-11-9-7-10-10-8-8-2-10	10-9-9-10-13-11-7-12-11-10-10-5	11-11-10-10-7-10-10-10-3-11-10-9	10-3-3-7-10-10-10-7-8-8-7-13	10-6-9-10-7-8-6-10-10-10-10-7	10-3-10-5-10-10-12-10-10-6-6-3	10-3-10-10-10-10-7-10-9-10-10-10
467	12	13-13-13-13-12-10-13-13-13-13-13-13	13-13-11-13-11-13-13-13-13-10-13-13	12-13-10-13-12-13-12-12-12-11-12-12	13-12-13-12-12-10-13-10-11-10-11-10	13-10-10-12-10-11-13-13-12-12-12-12	10-10-13-12-12-10-11-12-8-9-10-12	10-12-12-10-13-12-11-13-5-13-13-13	12-12-10-10-13-9-12-13-3-12-12-12	10-12-12-12-13-12-10-10-10-13-13-13	12-12-10-12-12-12-13-10-10-10-12-11	13-11-12-8-12-12-10-10-12-12-6-11	13-12-12-10-12-10-12-12-12-12-10-13
467	13	13-12-13-12-13-10-12-13-13-12-12-13	12-12-13-12-11-12-12-12-12-13-12-12	11-12-13-12-13-12-13-12-12-13-12-12	12-13-12-12-13-13-12-13-13-13-13-10	12-10-13-13-13-13-12-12-11-12-2-10	13-13-13-12-13-13-11-13-13-13-13-12	12-13-13-13-11-13-13-12-13-12-12-12	13-13-6-13-13-12-5-12-10-13-12-13	10-13-13-13-12-13-13-6-13-12-12-11	6-12-13-13-13-12-13-10-10-13-12-13	12-13-13-5-12-10-12-10-13-12-13-3	12-12-13-10-12-13-13-12-12-13-13-12
468	0	0-0-0-0-0-0-0-0-0-0-0-0	0-0-0-0-0-0-0-0-0-0-0-0	0-0-0-0-0-0-0-0-0-0-0-0	0-0-0-0-0-0-0-0-0-0-0-0	0-0-0-0-0-0-0-0-0-0-0-0	0-0-0-0-0-0-0-0-0-0-0-0	0-0-0-0-0-0-0-0-0-0-0-0	0-0-0-0-0-0-0-0-0-0-0-0	0-0-0-0-0-0-0-0-0-0-0-0	0-0-0-0-0-0-0-0-0-0-0-0	0-0-0-0-0-0-0-0-0-0-0-0	0-0-0-0-0-0-0-0-0-0-0-0
468	1	1-1-1-1-1-1-1-1-1-1-1-1	1-1-2-1-1-1-2-1-1-1-1-2	1-1-2-1-1-1-2-1-2-0-1-1	1-1-1-1-1-2-1-1-1-0-0-1	1-2-3-1-3-0-2-1-0-1-1-2	2-2-0-1-1-2-0-1-0-1-1-2	2-1-1-1-1-0-1-1-0-1-2-1	1-1-2-2-1-3-1-0-2-1-1-1	1-1-1-2-2-1-1-0-0-1-1-2	1-1-1-0-1-2-2-1-1-2-5-2	6-1-1-1-1-1-1-0-3-1-1-1	1-1-1-3-1-6-1-1-1-1-1-1
468	2	3-3-3-3-3-2-2-3-3-3-3-2	3-3-3-1-3-1-1-3-3-3-3-3	4-2-1-1-3-3-3-3-4-3-3-3	3-3-3-3-1-1-3-1-3-3-2-1	3-1-1-3-1-2-3-1-3-3-3-1	5-1-3-3-3-3-2-2-2-2-4-3	1-2-3-1-7-2-3-6-2-4-1-3	2-1-1-1-2-4-3-3-1-4-3-4	4-3-3-3-4-4-1-3-3-3-1-3	1-3-2-2-3-1-3-1-6-6-3-3	3-3-4-6-5-3-1-3-2-3-3-3	11-2-1-1-3-9-2-4-1-4-3-3
468	3	2-2-2-2-2-2-2-2-2-2-2-2	2-2-2-6-2-2-1-2-2-2-4-2	5-3-4-5-5-2-4-2-2-2-4-2	4-2-2-2-4-4-2-7-4-2-4-1	5-1-1-4-1-3-4-4-2-2-2-6	4-1-2-2-2-6-3-3-2-2-8-4	1-2-2-1-3-0-2-2-2-2-4-2	2-3-4-3-3-1-2-4-3-2-2-2	2-2-2-2-11-2-2-2-2-2-4-2	1-2-2-2-2-4-5-2-3-2-2-4	2-2-2-0-2-2-1-2-2-2-2-2	2-3-6-1-2-2-5-2-1-2-2-2
468	4	2-2-2-2-2-2-2-2-2-2-2-2	2-2-2-3-2-2-5-5-5-5-3-4	7-5-3-2-3-9-3-5-2-6-3-3	3-5-5-2-3-3-4-3-3-4-3-1	3-4-3-3-5-3-5-3-4-2-3-3	3-3-5-12-4-3-5-6-5-4-14-4	7-4-2-1-5-0-4-2-4-2-9-7	2-3-3-5-4-4-2-6-7-2-5-2	2-5-4-5-8-2-1-5-2-2-3-2	5-2-4-3-3-3-2-4-1-5-2-3	7-4-2-0-2-4-2-2-5-4-2-4	2-4-4-1-2-2-3-2-1-2-2-2
468	5	2-2-5-5-2-2-5-2-2-2-2-2	2-7-6-3-2-2-4-6-4-4-3-6	3-4-3-3-3-4-6-7-2-7-6-6	4-4-4-4-3-3-6-3-6-6-7-1	3-1-1-3-4-7-4-3-4-8-7-3	2-3-4-2-2-3-6-6-4-5-7-4	4-5-8-1-4-0-5-8-5-2-2-4	2-3-3-6-5-2-5-5-6-6-4-2	2-4-6-4-5-2-1-4-6-6-6-6	4-2-2-7-3-3-6-4-1-4-2-3	1-4-2-2-6-2-1-2-4-6-2-6	2-4-4-1-2-2-3-2-12-2-2-2
468	6	5-2-6-6-2-6-6-6-11-2-2-6	2-7-5-3-11-2-2-8-2-4-3-5	4-6-3-3-7-4-5-8-2-4-7-5	4-5-7-7-3-4-5-3-7-5-5-1	3-2-1-11-4-5-6-6-7-2-2-3	2-3-4-2-6-3-5-5-6-6-8-4	4-4-5-1-4-8-5-2-6-6-2-4	2-3-3-5-4-2-8-6-5-5-1-2	7-4-5-4-6-2-1-4-5-6-5-7	4-2-6-5-6-6-5-7-2-2-8-3	1-4-14-2-9-2-2-2-4-5-2-5	1-4-3-1-2-2-3-2-1-2-7-7
468	7	6-2-6-2-7-8-6-2-6-7-2-7	2-5-5-3-7-8-9-4-8-9-7-9	4-7-8-3-6-5-8-5-6-5-6-7	8-5-6-8-3-4-8-3-6-5-5-1	8-1-3-10-4-5-8-6-6-7-5-3	4-3-8-2-6-3-6-7-6-7-3-8	4-9-5-1-2-6-6-6-6-6-3-4	2-3-3-4-7-7-6-4-4-9-4-2	6-2-4-7-4-7-4-8-9-9-7-7	4-2-7-5-3-7-6-6-1-4-2-3	4-4-2-0-6-8-8-2-4-4-9-4	12-7-7-1-2-2-7-8-0-2-6-6
468	8	10-10-6-8-10-7-6-8-6-10-11-7	2-6-6-2-2-7-10-9-7-7-7-7	4-9-10-9-9-10-9-10-10-10-9-9	7-10-8-7-10-10-6-7-7-9-5-7	7-6-3-9-4-5-7-6-7-9-7-3	4-3-7-9-8-2-7-7-8-8-3-7	4-10-8-1-4-6-5-5-13-12-8-7	2-8-10-4-7-8-6-7-4-8-9-2	4-4-4-4-6-7-4-7-7-10-8-7	8-2-8-7-2-7-6-8-8-4-6-8	4-4-2-6-9-7-8-2-4-3-7-4	2-4-7-1-2-2-9-8-1-2-6-9
468	9	8-10-9-9-9-7-9-10-10-2-11-9	10-5-5-10-9-7-8-8-8-7-10-7	10-8-10-8-10-4-8-8-10-8-10-8	10-4-10-10-11-11-4-11-7-5-5-2	10-1-1-8-4-5-10-10-7-8-10-10	4-10-10-8-6-10-5-7-6-11-4-10	12-8-5-1-10-11-5-10-8-15-10-9	2-10-10-10-7-9-6-9-9-15-9-2	9-2-4-10-9-7-4-10-7-7-11-9	10-2-9-5-10-7-10-6-10-10-9-9	4-4-2-0-6-9-10-9-1-9-7-11	1-7-9-1-2-2-8-2-5-9-6-6
468	10	11-11-10-10-9-10-11-10-10-11-10-11	11-11-5-9-10-11-8-8-7-11-9-11	9-10-9-8-9-11-9-8-9-8-11-11	10-10-9-9-9-9-7-9-11-11-10-1	9-1-1-7-4-11-11-9-11-8-9-9	4-9-9-8-12-9-11-10-8-10-2-9	4-11-8-1-12-10-10-11-8-10-9-4	2-9-11-9-9-9-12-9-4-12-9-2	2-10-2-9-6-7-1-9-7-8-10-10	9-2-10-14-9-14-9-12-9-9-9-10	1-7-15-15-2-10-10-10-1-9-7-9	11-9-7-1-2-2-8-2-1-9-6-15
468	11	11-10-10-13-11-10-10-10-10-10-10-10	10-10-6-11-6-10-13-12-7-10-13-13	11-11-12-8-11-10-10-11-11-11-10-10	10-11-13-11-9-9-11-9-10-10-10-11	9-13-11-7-14-10-10-11-10-8-10-11	2-9-10-11-10-15-10-10-8-8-11-10	11-10-10-11-11-9-6-10-9-9-11-12	12-9-14-10-9-13-10-9-4-11-11-14	11-14-2-9-9-7-11-11-7-2-9-7	14-14-9-11-12-8-10-10-12-14-14-9	14-2-10-15-8-11-14-14-14-9-7-9	2-4-11-12-11-2-8-11-11-11-2-10
468	12	12-13-11-13-12-15-12-15-13-15-12-15	10-10-12-14-10-13-13-15-13-10-13-15	11-12-13-13-12-13-13-11-13-13-12-13	13-11-13-13-12-13-14-13-13-10-12-12	12-11-13-13-11-12-13-13-12-12-14-13	13-13-12-11-10-11-12-12-12-7-12-9	13-13-8-12-10-12-12-13-8-15-13-12	11-12-12-12-12-11-10-15-12-11-11-11	11-11-13-13-15-7-11-12-7-12-12-10	13-13-12-13-11-10-5-10-11-11-11-12	11-12-10-11-10-11-11-11-11-12-2-12	7-10-13-12-11-2-8-11-5-11-6-10
468	13	13-12-15-12-15-14-13-15-12-12-13-13	13-14-14-12-14-12-12-12-12-10-12-12	11-12-12-12-12-12-12-11-11-12-14-12	12-11-12-12-12-12-12-12-12-14-12-12	12-11-12-12-12-13-12-12-14-8-9-12	12-13-13-8-10-11-13-13-13-13-11-10	12-12-8-14-10-13-14-14-14-8-12-14	11-12-11-12-12-11-6-9-12-13-11-11	12-11-12-12-11-13-14-12-15-14-12-14	12-12-13-14-11-13-14-14-11-11-11-13	11-14-14-11-13-11-11-14-11-4-13-9	14-14-12-13-13-14-8-11-15-14-14-10
468	14	11-15-15-15-13-15-15-15-10-15-13-15	10-13-13-15-13-15-15-15-15-14-15-12	11-14-12-15-12-12-13-11-13-12-13-12	15-11-14-14-14-14-12-9-13-13-12-11	12-11-15-14-11-13-15-14-13-8-12-14	13-14-14-14-14-11-15-14-13-13-4-14	14-13-9-14-10-14-13-13-13-9-11-13	11-14-11-14-14-15-10-12-14-11-11-11	11-11-13-14-15-13-13-14-13-13-14-13	11-14-12-13-11-13-13-13-11-11-11-14	11-13-6-11-2-11-11-11-11-14-2-14	2-13-11-14-11-13-14-11-0-11-13-10
468	15	15-15-15-15-15-15-14-15-15-12-15-15	13-13-15-14-15-12-14-12-12-15-14-12	11-15-15-14-15-15-15-15-14-15-15-15	14-15-14-15-15-15-11-9-15-15-15-11	12-11-15-15-11-15-14-14-13-15-9-9	15-15-14-15-15-11-14-15-15-15-15-14	12-15-15-15-10-15-15-15-15-9-11-14	15-14-14-15-15-11-10-12-14-15-11-11	11-15-4-15-14-15-15-12-15-12-14-10	15-15-15-15-15-7-15-10-15-15-11-15	11-15-15-11-2-7-11-10-15-15-15-15	15-15-15-13-15-15-15-11-15-15-15-10
469	0	0-0-0-0-0-0-0-0-0-0-0-0	0-0-0-0-0-0-0-0-0-0-0-0	0-0-0-0-0-0-0-0-0-0-0-0	0-0-0-0-0-0-0-0-0-0-0-0	0-0-0-0-0-0-0-0-0-0-0-0	0-0-0-0-0-0-0-0-0-0-0-0	0-0-0-0-0-0-0-0-0-0-0-0	0-0-0-0-0-0-0-0-0-0-0-0	0-0-0-0-0-0-0-0-0-0-0-0	0-0-0-0-0-0-0-0-0-0-0-0	0-0-0-0-0-0-0-0-0-0-0-0	0-0-0-0-0-0-0-0-0-0-0-0
469	1	1-1-1-1-1-1-1-1-1-1-1-1	1-1-0-1-0-1-0-1-1-1-1-0	0-2-0-2-2-2-2-0-0-1-1-2	2-0-0-4-2-2-0-4-2-1-2-0	2-0-2-2-0-1-2-2-1-1-2-2	2-0-2-0-1-4-2-1-1-1-11-2	1-1-1-0-1-0-1-2-1-1-2-2	1-1-2-1-1-0-1-2-1-0-1-0	0-0-0-0-2-1-0-3-1-1-2-1	2-1-1-0-2-2-1-1-1-0-0-2	0-1-0-0-1-0-0-2-0-1-1-1	0-1-1-1-0-1-1-0-2-0-2-1
469	2	2-2-2-2-2-2-2-2-2-2-2-2	3-2-2-1-2-3-3-3-2-3-1-2	0-1-1-1-1-5-1-0-1-3-2-1	1-3-3-1-1-1-3-1-1-2-1-0	1-0-1-1-3-1-3-1-3-2-4-1	1-3-4-0-2-0-3-1-2-2-5-2	4-2-2-2-3-2-2-2-2-2-1-5	2-1-1-3-2-2-2-4-5-3-2-0	2-3-3-2-1-2-2-2-1-2-1-2	2-2-2-2-1-1-3-2-3-3-2-1	2-5-2-0-3-2-0-2-2-3-2-2	2-2-3-2-2-2-2-2-1-1-1-2
469	3	3-3-3-3-3-3-3-3-3-3-3-3	2-3-3-1-2-3-2-4-2-2-1-2	0-5-2-1-1-2-4-4-4-2-4-4	2-2-4-1-1-1-2-1-4-5-4-0	1-0-0-1-2-4-4-4-2-3-2-1	1-2-2-0-3-1-4-3-3-3-1-3	2-3-3-2-2-3-3-2-3-3-2-2	3-1-1-2-4-2-2-2-2-3-2-0	4-2-2-2-3-2-2-2-5-3-1-3	2-2-3-3-1-2-2-3-1-2-0-1	0-3-3-0-2-4-2-2-2-2-1-2	3-2-2-2-0-4-4-0-5-4-4-2
469	4	4-3-4-4-4-4-4-4-4-4-4-4	3-5-4-1-6-5-2-3-2-2-5-5	0-4-0-1-1-2-3-3-3-2-5-3	2-0-5-1-1-1-5-1-5-5-3-0	1-0-0-5-2-3-5-4-5-1-2-1	1-2-2-0-5-1-5-5-4-5-4-2	2-3-3-0-2-3-5-5-5-4-1-4	4-1-1-2-3-0-4-2-2-3-2-0	3-2-2-4-0-2-0-2-3-5-1-5	5-1-4-5-5-8-3-4-4-2-0-1	5-3-12-5-5-3-0-2-2-4-5-2	3-2-2-2-0-3-3-0-4-3-5-4
469	5	5-5-5-4-5-4-4-5-5-3-5-4	6-4-3-5-4-4-5-6-6-2-7-6	6-6-6-6-6-2-6-6-6-4-4-6	5-6-6-6-7-6-4-8-4-4-4-6	1-6-7-4-2-3-6-6-4-7-6-6	6-7-6-5-5-7-4-4-3-4-2-5	6-4-3-2-2-5-4-4-2-5-6-6	2-6-2-6-2-0-4-2-2-6-5-0	6-0-4-6-5-6-6-6-3-6-6-4	4-2-5-5-6-1-5-4-6-0-5-1	4-2-4-4-5-0-0-5-6-7-4-2	5-5-5-5-6-6-2-0-4-4-4-5
469	6	6-6-6-6-6-6-6-6-6-6-6-6	5-8-6-5-4-4-5-7-5-2-5-5	5-5-5-5-5-2-7-5-3-6-7-7	5-5-5-5-5-5-4-1-7-6-6-5	5-5-5-5-2-7-5-5-6-6-8-5	5-5-8-6-6-5-7-6-6-6-4-6	5-8-6-2-7-6-6-7-6-7-5-5	6-5-7-7-6-0-7-7-2-5-5-0	5-8-7-5-6-5-5-5-7-5-7-2	7-5-6-7-5-5-5-6-5-5-5-5	8-2-5-6-8-8-0-6-5-5-7-6	6-5-5-5-7-5-8-6-6-10-6-6
469	7	7-7-7-7-7-6-7-7-7-6-7-6	8-8-6-5-8-7-5-6-6-8-5-8	0-7-5-5-5-8-6-5-7-7-6-6	5-8-8-5-5-5-4-1-6-7-8-5	1-0-5-10-8-6-7-7-8-7-8-5	8-5-6-6-7-5-8-7-7-7-7-6	5-8-6-8-6-7-6-6-7-6-5-5	4-5-6-6-6-8-6-7-5-7-5-0	5-0-6-6-7-8-8-5-6-7-6-9	6-5-7-6-5-6-5-10-6-8-5-1	5-7-7-7-7-6-0-10-5-5-8-2	10-5-5-5-6-7-1-9-6-8-6-7
469	8	9-9-8-11-8-9-10-9-9-8-8-8	9-7-11-9-9-9-9-8-9-9-9-9	8-8-9-8-8-9-8-8-10-7-9-8	8-8-7-8-8-7-8-5-7-7-7-5	8-11-5-7-9-7-8-7-7-8-6-5	9-8-6-8-7-5-7-7-7-7-4-7	9-7-8-9-8-8-9-10-7-8-9-6	6-6-6-6-7-9-10-7-11-9-9-8	8-9-12-6-10-8-9-6-8-8-10-12	12-8-5-6-10-4-9-8-10-9-5-10	8-6-11-6-10-9-8-11-9-8-7-2	7-11-8-8-9-7-8-10-10-7-11-10
469	9	12-12-12-12-8-12-8-12-9-11-12-12	10-12-6-11-8-10-8-11-11-8-11-11	9-9-11-10-10-10-10-10-10-10-10-10	10-8-11-10-9-9-10-11-11-11-10-10	10-10-5-11-11-9-10-9-10-11-11-11	10-11-11-10-7-9-10-10-7-7-10-10	8-11-8-10-10-8-10-11-7-8-11-11	9-9-10-9-11-8-8-12-2-8-9-10	8-9-10-9-11-12-10-9-11-12-9-10	9-11-8-4-11-9-10-9-8-8-11-11	9-10-11-6-12-8-8-10-8-9-10-11	7-9-8-11-9-10-11-7-11-6-8-12
469	10	9-9-9-9-8-9-8-8-8-9-9-8	9-7-6-9-8-9-8-9-9-8-9-9	12-9-9-9-9-9-9-9-9-9-9-9	9-10-9-9-11-10-9-11-9-9-9-10	9-9-11-7-2-9-9-11-9-9-9-12	9-9-9-9-8-9-9-9-7-7-9-9	12-9-8-9-9-8-9-9-7-6-11-9	9-9-9-11-9-8-8-9-2-8-9-9	9-9-9-11-8-9-9-11-9-9-11-9	9-9-10-11-11-9-9-7-8-8-9-9	9-9-9-6-8-8-0-9-0-9-9-9	7-9-8-11-12-9-9-8-8-6-8-8
469	11	8-9-9-9-9-9-9-9-9-9-9-9	9-7-8-9-8-9-8-9-9-9-9-9	11-9-9-9-9-9-10-11-11-9-11-11	12-11-9-9-10-10-9-9-9-9-9-10	9-8-10-9-11-9-12-10-9-11-9-9	9-9-9-11-11-12-9-9-11-7-9-11	11-9-8-11-11-11-9-9-11-8-10-9	11-9-9-10-9-12-6-9-5-11-11-11	11-11-9-10-9-9-11-10-9-9-10-9	8-9-5-11-9-9-9-9-11-11-9-9	9-9-9-6-8-11-12-8-11-9-9-9	7-8-11-11-10-9-9-8-8-11-8-9
469	12	12-9-12-12-12-9-9-12-12-9-12-12	9-9-12-9-9-9-9-9-9-12-9-11	11-11-9-9-12-9-12-12-9-12-11-12	11-12-11-12-12-12-9-12-12-12-12-11	9-11-12-12-11-12-11-12-12-12-9-10	12-12-12-12-12-11-12-12-12-12-12-12	10-12-12-12-11-12-9-9-12-12-11-9	12-9-9-12-12-11-6-9-5-12-10-11	11-12-12-12-9-9-12-9-12-9-10-8	8-12-12-12-9-9-12-8-12-12-9-12	11-9-4-7-9-12-11-8-12-12-9-12	8-9-12-6-10-12-12-12-12-12-12-9
470	0	0-0-0-0-0-0-0-0-0-0-0-0	0-0-0-0-0-0-0-0-0-0-0-0	0-0-0-0-0-0-0-0-0-0-0-0	0-0-0-0-0-0-0-0-0-0-0-0	0-0-0-0-0-0-0-0-0-0-0-0	0-0-0-0-0-0-0-0-0-0-0-0	0-0-0-0-0-0-0-0-0-0-0-0	0-0-0-0-0-0-0-0-0-0-0-0	0-0-0-0-0-0-0-0-0-0-0-0	0-0-0-0-0-0-0-0-0-0-0-0	0-0-0-0-0-0-0-0-0-0-0-0	0-0-0-0-0-0-0-0-0-0-0-0
470	1	1-1-1-1-1-1-1-1-1-1-1-1	1-0-1-1-1-1-0-0-1-1-0-0	3-1-0-2-2-0-2-0-0-1-1-1	2-0-0-0-3-2-0-3-1-0-2-0	2-0-0-1-0-1-0-2-1-1-1-0	1-0-1-1-0-0-1-1-1-1-1-2	1-1-1-1-1-1-1-0-1-1-2-0	1-1-2-1-1-0-1-1-1-0-2-0	0-0-0-1-2-1-0-2-1-3-1-1	2-3-0-0-2-2-1-1-0-0-0-1	0-1-0-0-0-0-0-0-0-1-1-1	0-1-7-1-2-1-1-0-0-0-1-1
470	2	2-2-2-2-2-2-2-2-2-2-2-2	3-2-2-1-2-2-3-3-2-3-2-2	0-4-1-1-1-5-3-3-0-3-2-3	3-3-3-1-1-4-2-1-1-2-4-0	1-2-0-1-3-2-3-3-3-2-4-0	6-3-4-3-2-0-3-1-2-2-9-2	1-2-2-2-3-2-2-2-2-2-1-3	2-1-3-3-1-2-2-3-3-0-1-0	2-0-2-2-1-3-2-3-1-2-1-2	3-8-2-0-1-1-3-3-3-0-0-1	2-9-2-0-2-2-0-2-2-3-2-2	0-2-4-3-2-2-1-0-2-2-1-2
470	3	3-3-3-3-3-3-3-3-3-3-3-3	4-4-3-1-3-3-5-2-2-2-2-5	1-2-2-4-1-2-4-4-4-2-4-4	2-2-2-2-1-2-2-1-4-4-5-0	1-0-0-1-2-5-4-4-2-3-2-0	2-2-2-2-2-0-4-3-2-3-3-3	1-1-3-2-2-3-3-4-3-3-9-2	3-1-4-2-1-0-3-2-2-3-3-0	3-0-2-2-3-2-3-2-3-1-1-3	4-1-3-5-4-4-2-2-2-0-5-1	4-13-2-3-4-2-0-2-2-2-2-2	3-2-1-2-4-3-3-4-5-3-5-3
470	4	4-4-4-4-3-5-3-4-4-4-4-4	5-3-5-5-3-5-3-4-2-2-2-4	1-2-0-3-1-2-3-5-5-2-3-3	2-6-5-5-1-2-5-1-5-5-2-0	1-9-0-5-2-3-5-3-5-2-2-0	5-2-2-2-4-1-5-5-4-5-4-3	1-5-4-3-2-3-5-5-5-4-9-9	3-3-3-2-3-0-4-5-2-3-9-0	3-0-5-2-4-2-0-3-8-4-4-3	3-2-4-5-3-3-5-6-3-0-0-1	4-3-5-10-3-4-0-10-2-3-2-2	5-4-2-2-3-3-1-3-5-0-4-4
470	5	4-4-5-5-5-4-5-4-6-3-4-5	4-3-4-4-5-4-6-6-6-4-6-4	6-6-6-6-7-2-6-6-5-2-4-6	6-7-6-6-7-6-4-8-4-4-3-0	7-0-0-4-2-3-6-6-4-7-8-6	6-7-6-2-4-6-4-4-4-4-7-8	5-4-4-0-2-3-4-6-4-4-6-7	2-6-8-6-3-0-4-8-2-5-8-0	6-0-4-2-5-2-0-6-5-6-4-8	3-2-3-3-6-4-6-4-4-0-9-5	4-2-4-7-5-4-0-5-2-8-6-2	4-5-5-5-3-5-1-3-4-5-3-3
470	6	6-6-6-6-6-6-6-6-6-6-6-6	7-8-6-6-7-6-5-7-5-6-5-7	5-5-5-5-5-8-7-5-7-8-7-5	5-7-5-5-5-5-7-5-7-7-6-0	5-0-9-5-2-8-5-5-6-5-5-5	5-5-5-2-9-5-7-7-4-4-5-6	9-6-6-5-7-6-2-7-4-8-5-4	6-8-7-7-7-6-8-10-2-4-7-0	6-0-7-2-4-6-5-5-7-5-6-6	7-2-6-7-5-7-5-4-7-0-7-7	7-2-4-6-6-4-0-12-2-7-9-6	8-5-5-5-3-7-7-9-8-9-6-8
470	7	7-7-7-7-7-7-7-7-6-7-7-7	6-9-10-8-6-6-8-8-8-8-5-6	5-7-5-5-5-6-6-7-10-8-6-6	5-7-8-5-5-5-8-5-8-8-8-0	5-0-0-8-9-6-8-7-8-5-5-5	5-5-5-14-4-5-8-6-4-7-5-5	9-8-7-7-6-6-7-6-7-7-0-5	7-6-6-6-6-0-6-5-2-7-6-0	5-0-6-2-10-9-0-8-6-7-7-8	6-6-7-8-5-6-8-13-6-0-6-8	6-7-8-7-8-4-0-9-8-6-7-3	7-8-5-5-3-7-6-12-9-5-6-7
470	8	7-7-7-9-9-9-7-10-12-10-7-12	9-7-6-10-6-8-10-7-11-7-5-9	10-8-9-9-5-9-9-9-9-7-7-8	8-9-11-8-5-9-7-5-7-9-7-12	5-10-12-7-9-6-7-9-7-8-5-5	8-8-6-2-8-5-7-8-4-7-2-5	12-7-6-12-7-8-7-6-7-6-8-8	8-6-10-6-6-10-6-5-2-9-8-0	12-10-13-2-13-12-8-5-4-6-6-5	8-2-8-7-10-12-7-4-10-8-8-7	8-3-7-7-7-14-0-10-12-8-8-2	6-7-8-8-8-8-8-3-6-6-6-6
470	9	9-9-10-10-8-10-9-9-9-10-10-7	8-7-6-10-6-12-8-14-10-11-10-10	8-8-8-11-10-8-10-8-8-9-10-10	10-10-8-10-10-10-8-5-10-8-9-8	10-9-10-11-8-9-10-10-9-9-5-10	10-10-10-13-6-10-10-9-9-7-2-10	10-7-9-8-10-8-9-10-3-9-11-10	7-10-9-10-10-8-6-9-2-10-4-0	2-8-2-10-9-11-8-10-6-4-10-5	4-10-8-7-9-6-10-4-8-8-7-7	4-2-4-4-7-11-0-7-7-9-6-9	6-7-7-8-11-8-9-7-6-6-6-6
470	10	10-10-10-10-11-10-10-12-11-10-11-10	8-11-11-9-12-10-8-9-9-12-9-9	8-8-8-9-9-9-9-9-8-11-11-9	9-9-8-9-9-9-8-5-11-12-10-8	9-8-8-9-8-11-9-9-11-10-5-9	9-9-9-9-7-9-9-10-10-4-11-10	9-9-6-8-9-12-12-9-7-10-9-9	10-9-8-9-9-8-6-6-2-9-8-0	8-8-11-9-7-10-8-9-10-4-9-10	8-9-6-12-8-9-9-5-8-8-8-7	14-2-11-7-13-8-0-8-8-2-11-9	7-5-8-8-9-9-10-7-6-10-6-11
470	11	7-10-12-10-10-10-14-10-10-14-10-12	9-10-10-12-10-10-8-13-8-10-12-12	8-11-12-9-12-8-12-8-11-10-10-12	12-12-8-11-13-12-8-5-10-8-11-8	12-8-8-12-8-10-12-12-10-12-12-12	12-12-12-9-6-12-12-11-10-4-10-12	13-7-10-8-6-8-10-10-7-9-9-12	2-9-8-12-11-8-6-9-2-10-11-0	10-8-10-12-14-9-8-12-10-10-13-7	10-12-8-7-13-13-12-4-8-8-13-7	6-2-7-7-7-9-0-10-13-11-6-13	7-5-8-8-11-8-10-7-6-10-6-10
470	12	12-12-12-12-14-12-12-10-10-12-12-12	13-13-14-11-10-9-11-13-8-10-11-11	8-11-11-9-11-11-11-11-13-13-13-11	11-11-8-11-11-11-13-5-13-13-12-8	11-8-8-11-8-12-13-11-13-12-11-11	9-11-11-14-12-9-13-11-10-4-4-12	8-13-12-8-13-10-13-11-7-12-11-11	10-9-8-11-9-8-6-9-2-12-11-0	8-8-6-11-7-13-8-9-13-7-9-12	8-9-10-13-8-8-11-4-8-8-8-13	6-14-13-12-13-13-0-6-8-11-8-11	7-13-8-8-14-12-6-7-6-11-6-13
470	13	12-13-11-14-13-12-12-14-13-14-14-12	12-12-10-13-12-12-11-12-9-12-11-14	13-13-13-9-11-9-12-13-13-12-12-13	14-13-13-11-11-11-12-5-12-12-12-8	9-13-8-11-13-12-12-11-12-13-11-13	9-9-11-9-8-14-12-11-10-4-4-14	11-12-13-13-12-13-12-14-7-9-9-13	10-13-13-11-9-8-6-13-13-4-13-0	13-8-8-13-13-13-13-13-10-5-11-8	13-13-13-12-11-11-12-7-13-8-13-12	13-3-12-12-12-13-13-13-13-13-13-11	6-12-8-13-13-8-12-13-6-13-12-12
470	14	14-14-14-14-14-14-11-14-14-13-14-14	12-12-14-11-14-12-11-9-12-14-11-13	10-14-14-9-14-14-14-14-12-14-14-14	13-14-13-13-14-14-12-5-14-14-14-8	9-13-14-14-14-14-13-14-12-14-5-5	14-14-11-14-14-13-14-14-14-14-14-13	13-14-14-14-12-14-12-13-14-14-8-11	14-14-10-13-14-8-14-9-13-8-13-14	13-14-14-14-9-14-14-14-14-6-11-8	8-14-14-14-14-6-14-13-14-14-14-14	10-14-4-12-14-8-14-14-14-14-14-14	14-14-14-8-12-14-14-14-14-14-6-14
471	0	0-0-0-0-0-0-0-0-0-0-0-0	0-0-0-0-0-0-0-0-0-0-0-0	0-0-0-0-0-0-0-0-0-0-0-0	0-0-0-0-0-0-0-0-0-0-0-0	0-0-0-0-0-0-0-0-0-0-0-0	0-0-0-0-0-0-0-0-0-0-0-0	0-0-0-0-0-0-0-0-0-0-0-0	0-0-0-0-0-0-0-0-0-0-0-0	0-0-0-0-0-0-0-0-0-0-0-0	0-0-0-0-0-0-0-0-0-0-0-0	0-0-0-0-0-0-0-0-0-0-0-0	0-0-0-0-0-0-0-0-0-0-0-0
471	1	1-1-1-1-1-1-1-1-1-1-1-1	2-1-1-0-2-1-2-1-1-1-2-1	1-2-0-1-2-2-1-0-2-2-3-2	2-0-2-2-0-0-2-1-2-2-0-0	1-0-1-3-0-1-2-1-2-2-4-0	2-2-2-1-1-0-1-3-1-1-1-0	1-1-1-1-2-1-2-2-2-1-1-2	1-1-2-1-1-2-1-2-1-1-2-8	1-2-1-1-1-3-2-1-3-3-1-3	2-1-2-3-2-1-1-1-2-2-1-1	1-2-2-1-5-7-1-1-1-1-3-1	2-1-1-1-1-2-1-3-1-1-10-1
471	2	1-1-1-1-1-1-1-1-1-1-1-1	1-1-1-2-1-1-1-2-1-1-3-3	2-3-3-3-4-3-3-3-1-1-2-1	3-3-1-3-3-3-1-3-1-1-3-2	3-0-5-4-0-2-3-3-1-1-3-2	1-3-2-1-2-4-3-1-1-1-3-3	2-1-1-1-1-2-1-3-1-2-3-3	1-2-3-2-2-1-1-1-2-1-3-1	1-1-1-2-3-1-1-3-1-2-2-1	1-2-1-1-3-3-4-1-4-1-3-3	3-1-1-0-1-1-0-1-1-1-1-2	1-2-4-1-1-1-2-1-1-1-1-1
471	3	1-1-2-1-1-1-1-1-2-1-1-2	1-1-1-2-1-1-1-3-3-5-2-3	8-4-2-2-2-6-2-2-1-5-4-4	2-4-4-4-2-2-1-2-1-1-5-2	2-3-2-2-4-3-4-2-3-3-2-2	6-2-5-9-3-2-4-1-3-3-10-3	8-3-1-3-4-3-3-2-3-1-2-6	1-2-2-4-3-1-1-4-8-3-2-1	3-1-3-3-2-1-3-4-1-1-2-1	4-8-3-1-2-2-2-1-1-1-3-2	6-1-1-0-3-3-0-3-8-3-1-3	1-3-2-3-3-1-1-1-1-1-1-1
471	4	4-4-5-4-4-4-1-4-4-5-5-4	1-5-4-2-5-1-2-5-3-5-2-4	0-4-2-2-2-2-5-5-1-3-5-5	3-3-5-3-2-2-4-2-4-4-3-2	2-0-2-2-3-5-3-3-3-4-1-2	3-3-3-1-3-2-5-4-3-4-1-4	3-4-1-3-3-1-4-5-4-4-2-3	4-5-3-5-2-1-4-3-3-4-5-1	1-1-3-3-4-1-1-3-4-5-5-3	3-3-4-4-2-5-5-4-5-1-3-4	3-1-5-4-1-4-0-3-3-3-6-3	1-3-2-3-1-1-2-1-1-1-1-1
471	5	5-5-5-5-5-6-5-5-5-4-6-6	1-4-5-2-4-1-2-4-3-3-2-4	2-5-2-2-2-3-6-4-7-7-6-4	3-3-6-6-2-3-6-2-6-6-3-2	2-0-2-6-3-4-6-5-6-3-2-2	3-3-3-1-5-2-6-6-5-5-0-3	3-4-1-3-3-6-5-4-5-5-3-3	5-4-3-4-2-1-5-3-3-5-4-1	3-1-3-3-5-1-3-2-10-5-4-6	1-3-5-4-2-4-4-5-4-1-2-2	0-3-4-5-1-1-0-3-3-3-1-3	6-2-2-3-1-1-2-1-1-6-1-5
471	6	5-6-5-7-6-5-5-5-7-7-5-5	1-4-5-7-1-7-7-8-7-2-7-7	8-6-8-8-7-3-7-7-7-3-7-7	7-7-7-7-7-7-5-8-5-7-3-7	7-6-2-7-3-4-7-7-5-7-7-7	7-8-7-1-14-15-5-5-5-5-7-7	3-5-1-7-3-5-5-7-7-1-7-3	1-2-7-7-3-7-5-9-3-5-9-1	7-1-5-7-5-6-0-7-6-7-7-9	1-7-3-6-7-7-6-4-2-7-7-1	3-3-4-5-6-9-3-3-7-9-4-3	5-6-6-8-1-6-2-1-5-6-1-6
471	7	7-7-7-7-7-10-7-7-7-10-7-7	7-9-8-6-8-6-6-6-6-3-6-9	6-6-6-6-6-3-8-6-6-8-8-6	6-6-6-6-6-6-9-6-8-6-9-6	6-6-6-6-3-8-6-6-7-7-6-6	6-6-6-1-7-6-8-9-5-7-6-6	6-9-9-6-8-7-9-8-6-7-6-7	7-2-6-6-2-6-8-6-3-9-6-1	6-1-8-6-5-7-1-6-8-6-6-7	7-6-7-6-6-6-6-5-2-1-6-8	7-1-4-5-15-1-0-3-6-6-1-7	8-6-6-6-2-6-2-7-5-6-1-9
471	8	7-10-7-8-8-7-8-8-8-7-8-9	9-7-7-9-7-6-8-6-8-7-6-7	6-7-6-6-9-9-7-10-11-7-7-9	8-6-9-9-6-6-5-6-9-9-7-6	2-0-6-9-3-7-7-6-7-8-9-6	6-6-9-15-7-6-7-7-8-8-6-6	3-7-7-6-7-7-11-9-8-10-6-7	1-2-3-4-3-1-7-6-3-8-6-1	3-1-3-3-3-6-3-6-7-10-6-9	3-3-8-9-6-6-8-6-8-1-6-7	3-1-4-9-9-8-1-3-3-6-8-3	7-6-6-6-1-6-2-1-5-6-1-8
471	9	11-7-7-8-8-7-10-5-9-7-10-15	8-7-5-8-7-9-10-10-10-10-6-7	10-10-10-10-8-10-10-10-9-7-8-8	10-10-11-8-8-9-10-2-8-8-7-10	2-11-11-8-10-7-10-10-7-9-8-6	11-13-8-3-9-6-8-7-8-3-2-10	10-7-7-11-7-9-7-8-4-7-10-10	1-2-10-9-9-10-7-6-11-9-6-1	11-10-15-13-11-1-10-11-5-9-9-11	9-3-9-8-6-9-8-6-10-9-10-9	11-1-8-8-8-15-9-9-10-6-1-9	7-7-9-9-9-1-1-9-4-9-1-7
471	10	11-10-12-7-14-7-9-12-10-7-9-10	8-7-7-11-13-11-9-12-11-9-11-12	9-9-9-12-11-9-11-9-11-12-11-11	11-9-9-8-11-11-9-13-10-8-10-9	13-9-9-13-9-10-11-11-8-10-8-11	9-11-13-10-7-6-11-11-8-8-12-9	9-7-1-9-11-9-8-11-8-8-9-11	1-10-9-11-11-9-7-14-9-9-6-1	9-9-9-11-9-8-9-9-5-8-11-9	9-3-7-9-11-12-10-6-9-9-9-12	9-1-12-5-1-11-9-9-9-9-11-9	7-6-9-9-9-1-10-1-5-6-1-7
471	11	11-11-11-11-11-11-11-11-11-11-11-11	11-12-11-10-11-11-12-10-10-13-10-10	9-9-9-10-10-9-10-11-8-12-10-10	10-9-9-8-10-10-9-10-12-8-12-9	10-9-9-10-9-10-10-10-12-11-10-10	9-10-10-11-11-6-12-10-11-11-6-10	9-14-11-9-10-11-14-10-11-8-9-10	1-10-9-10-10-9-7-11-9-5-9-1	9-9-9-10-9-7-9-9-14-8-10-9	9-11-15-12-10-10-10-6-9-9-9-12	9-11-15-5-14-12-9-9-9-11-10-11	7-10-9-9-9-6-10-12-12-12-15-7
471	12	13-12-15-13-12-15-15-13-13-15-13-13	14-11-13-13-14-13-14-14-13-13-13-14	12-13-14-13-12-13-13-13-13-11-13-12	13-12-13-8-10-13-13-10-11-8-11-9	10-13-9-8-13-11-13-13-11-12-10-12	13-13-11-12-9-14-11-10-11-11-10-12	10-11-12-13-12-14-11-11-14-14-13-14	14-10-13-13-10-14-7-15-9-13-13-13	13-14-13-13-12-12-14-14-11-10-13-13	13-13-14-11-11-10-13-6-9-14-13-13	13-1-13-8-13-15-13-14-14-13-1-12	7-7-12-14-13-13-10-13-13-11-13-13
471	13	12-14-12-13-12-12-12-12-12-12-13-12	12-14-12-12-12-12-12-12-12-12-12-12	9-12-12-12-10-12-14-12-12-14-14-13	13-12-12-8-10-12-12-10-14-8-14-9	10-12-9-10-12-11-12-12-13-12-8-12	12-12-10-11-11-12-14-13-13-11-12-13	10-14-13-12-14-13-14-14-13-8-12-12	12-10-12-12-10-12-7-9-9-12-12-12	13-12-12-9-9-12-9-9-15-13-12-14	12-12-13-13-10-12-12-6-9-12-12-13	12-1-14-13-12-13-12-12-12-12-13-12	13-3-9-12-12-12-10-14-14-13-12-14
471	14	12-13-12-13-12-12-14-12-12-15-12-13	12-13-12-12-12-12-12-12-12-12-12-12	14-12-12-15-14-15-13-12-12-13-13-14	14-14-12-14-10-14-12-10-14-14-13-9	10-12-9-14-12-11-15-12-13-14-8-14	14-10-14-14-11-12-13-12-13-8-14-14	15-11-12-12-13-12-13-15-12-12-12-12	12-10-12-14-14-12-7-10-9-12-14-12	12-12-12-14-12-12-12-9-11-6-14-11	12-14-12-12-14-14-14-13-9-12-14-14	12-1-13-13-12-12-12-12-12-14-1-14	7-7-9-12-12-12-14-13-13-14-1-13
471	15	15-15-12-15-15-12-12-15-15-12-15-12	12-13-15-12-15-12-12-12-12-15-12-12	14-15-12-14-15-14-15-15-12-15-15-15	14-15-14-14-15-15-12-15-15-15-15-9	10-12-9-15-15-15-14-15-11-15-10-12	15-15-15-14-15-6-15-15-15-15-15-14	14-15-15-15-13-15-15-14-15-15-12-12	15-15-10-15-15-12-7-12-9-15-14-15	14-15-15-15-14-15-15-6-13-10-14-9	12-15-11-15-15-15-15-12-15-15-15-15	12-15-15-15-7-9-15-12-15-15-15-15	15-7-15-9-14-15-15-13-15-15-11-13
472	0	0-0-0-0-0-0-0-0-0-0-0-0	0-0-0-0-0-0-0-0-0-0-0-0	0-0-0-0-0-0-0-0-0-0-0-0	0-0-0-0-0-0-0-0-0-0-0-0	0-0-0-0-0-0-0-0-0-0-0-0	0-0-0-0-0-0-0-0-0-0-0-0	0-0-0-0-0-0-0-0-0-0-0-0	0-0-0-0-0-0-0-0-0-0-0-0	0-0-0-0-0-0-0-0-0-0-0-0	0-0-0-0-0-0-0-0-0-0-0-0	0-0-0-0-0-0-0-0-0-0-0-0	0-0-0-0-0-0-0-0-0-0-0-0
472	1	1-1-1-1-1-1-1-1-1-1-2-1	1-0-1-1-0-0-2-1-1-0-0-2	2-1-2-1-0-0-0-2-0-0-0-0	2-2-0-0-0-2-0-1-0-0-0-8	0-1-6-0-2-0-2-0-0-1-0-0	7-2-0-1-1-1-0-1-1-0-0-2	0-0-0-6-1-1-2-2-0-1-6-1	1-1-0-0-1-2-0-0-1-1-1-2	1-2-1-1-1-1-1-1-0-1-0-1	1-1-0-0-2-1-1-1-3-2-1-1	1-1-1-0-1-1-2-1-2-1-0-1	1-0-1-2-1-1-0-1-1-1-1-0
472	2	2-2-2-2-2-2-2-2-2-2-2-2	1-2-2-2-2-2-1-2-1-2-3-1	1-2-3-3-3-3-3-3-4-3-3-3	3-1-3-3-3-3-0-4-3-0-3-1	3-1-3-3-1-2-1-3-0-2-3-3	3-3-2-2-1-3-2-3-2-0-12-1	7-4-2-1-1-2-2-1-2-2-3-2	1-2-3-2-2-1-0-2-2-1-1-1	2-1-2-1-18-3-1-1-3-4-2-0	2-4-0-5-1-3-3-2-4-1-1-3	2-2-2-0-0-1-1-2-1-2-2-0	1-5-2-1-1-2-2-1-2-1-2-2
472	3	3-3-2-3-3-3-4-3-3-3-3-3	4-3-2-2-3-2-2-4-3-4-2-3	1-5-2-2-2-6-4-2-2-4-3-2	2-4-4-2-2-2-3-2-2-3-2-1	2-3-2-2-4-3-4-4-3-3-2-2	2-4-4-9-3-2-4-4-3-3-14-3	2-2-6-3-4-3-3-4-3-3-2-6	3-3-2-4-3-1-3-4-3-1-3-3	3-1-3-4-2-4-4-4-3-3-2-5	4-3-3-2-2-2-3-3-1-3-3-2	2-3-4-0-4-3-1-3-3-4-3-3	4-3-5-3-3-3-2-3-3-3-2-3
472	4	4-4-4-4-4-4-3-4-4-4-4-4	5-5-4-2-4-4-7-3-3-3-2-6	1-2-3-2-2-3-5-5-2-3-5-5	2-3-3-2-2-2-3-2-5-5-3-1	2-1-1-2-3-5-3-3-3-4-2-2	2-3-3-3-3-2-5-3-3-4-10-4	2-2-4-1-3-4-4-5-3-4-3-3	4-4-5-3-4-5-4-3-3-5-1-3	3-1-3-3-4-3-3-5-4-3-2-4	5-2-4-6-5-5-5-3-5-1-6-2	3-3-3-7-5-8-1-3-3-3-3-4	3-3-1-3-5-4-2-4-3-4-9-4
472	5	5-5-5-5-4-5-5-5-5-6-5-5	6-4-6-2-4-6-9-5-3-3-2-5	1-3-4-4-2-3-4-7-7-3-6-4	5-7-6-6-2-2-6-2-6-6-3-1	2-1-1-6-3-4-6-5-6-3-2-2	2-3-3-3-5-2-6-6-5-6-10-3	2-2-5-1-3-4-6-4-3-5-2-3	4-4-4-3-4-4-5-5-3-9-3-3	2-1-6-3-5-3-1-4-4-5-5-4	4-3-5-2-5-4-6-17-4-1-5-2	5-3-6-12-4-6-4-7-3-4-3-4	6-5-3-3-4-4-2-4-5-9-6-4
472	6	5-5-6-6-6-4-6-5-7-5-5-5	5-4-5-2-6-5-2-7-7-5-8-5	1-7-8-8-8-3-7-7-8-3-5-7	7-3-7-8-8-7-5-6-5-5-3-1	8-1-1-5-3-4-7-7-5-8-9-7	8-7-7-3-5-7-5-5-3-5-8-8	2-2-3-1-3-4-5-7-3-5-7-3	3-8-2-7-3-6-5-9-3-6-6-1	7-1-5-3-6-3-1-8-5-7-7-17	4-7-7-9-6-4-5-6-5-1-7-6	3-3-5-8-6-5-4-6-1-9-7-4	5-6-6-6-4-8-3-4-5-6-4-3
472	7	7-7-7-7-7-7-7-7-6-7-7-7	5-8-5-2-6-4-8-6-6-9-6-8	1-6-6-6-6-6-6-5-5-9-8-6	6-8-6-6-6-6-8-6-8-8-8-1	6-1-1-6-3-9-6-6-7-7-6-6	1-6-6-3-7-6-6-7-3-7-5-7	2-9-7-1-8-7-3-6-5-9-6-3	7-9-6-6-4-7-9-8-3-5-1-3	8-1-3-6-5-6-1-6-8-6-7-7	8-6-6-8-6-7-6-5-8-6-6-9	7-3-5-5-6-5-5-6-6-6-8-7	8-6-6-5-4-7-2-5-14-8-4-9
472	8	8-8-8-7-9-8-8-8-8-7-9-8	9-9-9-2-9-7-7-8-6-7-6-7	6-8-6-6-6-8-7-6-6-9-9-6	6-7-8-6-6-6-7-6-9-9-8-1	6-1-1-9-3-7-8-8-9-6-6-6	2-6-6-3-8-6-9-7-5-5-6-7	2-9-8-1-7-7-9-9-8-8-10-6	8-6-7-7-4-7-7-7-3-8-1-1	7-1-7-3-8-3-1-6-7-8-4-4	7-7-8-6-6-4-8-6-8-1-6-8	8-3-8-6-3-4-1-8-1-7-7-7	7-6-6-8-4-6-2-10-7-6-8-7
472	9	8-8-8-9-9-8-7-8-8-8-8-8	8-8-8-2-8-10-10-10-10-7-6-8	13-9-10-6-6-10-9-9-9-8-8-9	9-9-9-6-6-9-9-6-8-10-10-15	6-10-11-8-10-7-8-9-8-9-6-6	9-6-6-3-9-9-8-9-5-8-2-11	16-8-7-9-8-9-8-9-8-7-9-6	3-7-14-9-4-9-7-6-11-5-6-9	9-9-9-6-6-6-14-9-7-3-9-6	9-9-9-6-8-8-5-5-9-9-9-9	9-3-5-5-6-9-9-8-13-6-9-9	9-6-9-9-9-9-2-9-7-6-4-7
472	10	11-10-11-12-11-11-11-13-13-10-12-13	11-7-11-12-11-11-11-10-11-11-11-11	10-9-11-10-10-9-10-10-11-12-10-10	10-10-9-10-10-10-10-9-10-9-10-9	10-9-9-9-9-10-10-10-9-10-11-10	10-11-12-11-8-9-10-12-5-7-17-12	17-10-10-12-10-10-11-10-3-11-13-15	11-12-9-11-13-9-11-12-9-11-12-10	10-9-13-3-11-10-18-9-12-18-11-6	10-11-10-6-11-14-15-13-9-9-5-10	9-3-8-8-16-5-10-10-10-10-9-7	7-9-10-9-10-9-10-8-16-10-10-10
472	11	10-10-10-10-10-10-10-12-10-10-11-10	10-8-10-15-10-10-10-10-10-10-10-10	10-12-12-10-12-12-12-12-10-12-12-11	12-12-13-12-10-10-12-9-12-12-12-9	6-12-9-8-12-12-12-12-12-12-10-10	10-12-10-10-8-14-9-12-12-5-11-11	11-16-10-9-11-12-10-11-8-10-12-12	10-7-12-10-10-11-8-10-9-14-11-12	17-9-9-12-13-11-11-11-13-10-10-6	12-12-9-11-15-10-13-13-9-12-11-12	12-3-13-11-12-11-12-11-12-11-9-12	11-13-10-9-11-9-9-11-11-14-12-12
472	12	10-11-10-10-10-10-10-11-10-10-10-10	10-10-10-11-10-10-10-11-10-10-10-11	12-11-11-10-11-14-11-11-10-11-11-11	13-11-9-11-10-13-11-6-11-11-11-13	2-11-13-5-11-11-11-11-11-11-12-6	11-13-10-13-9-11-13-13-11-11-2-11	11-8-11-13-11-11-8-13-8-10-11-11	11-10-11-13-10-11-8-10-9-11-11-11	11-13-11-13-11-11-12-12-10-10-10-6	11-11-12-13-11-10-13-10-12-17-11-11	11-3-11-11-11-12-17-11-11-13-9-11	11-10-12-13-11-10-10-11-7-11-12-11
472	13	11-10-11-10-10-10-10-10-10-11-11-10	10-14-10-11-10-10-10-14-10-10-10-10	12-11-11-11-12-12-14-11-11-14-14-11	12-11-11-11-10-12-10-6-14-12-11-9	2-11-9-15-12-14-14-12-14-11-13-10	12-12-16-12-13-11-14-17-14-13-10-13	10-14-15-12-14-13-14-14-13-13-11-18	10-10-11-10-10-11-17-15-9-13-11-11	10-12-10-12-11-11-12-12-14-14-10-13	11-10-13-12-13-10-12-10-12-12-11-13	11-13-11-15-11-11-11-13-12-12-9-11	13-11-12-12-11-13-10-11-11-12-11-11
472	14	10-11-17-15-10-10-10-11-10-10-11-10	10-13-10-11-10-10-10-12-10-10-10-10	12-16-16-16-15-15-15-11-11-13-13-13	16-15-16-15-15-16-11-6-15-11-14-9	16-11-9-15-12-13-15-15-13-10-17-15	10-13-17-14-14-11-15-16-13-13-10-16	15-13-11-12-15-11-13-15-3-13-15-14	10-10-9-15-15-11-13-17-16-11-14-11	11-12-15-15-11-16-9-15-13-13-14-6	15-15-12-13-11-14-15-5-12-9-11-11	11-3-5-11-11-11-11-11-14-15-9-14	13-16-9-12-14-13-14-13-7-11-4-7
472	15	15-11-10-14-10-10-10-10-10-10-15-10	10-17-10-11-10-10-10-16-10-10-10-11	18-14-14-14-14-14-14-16-11-17-16-16	14-14-11-14-14-14-17-6-14-15-16-9	14-11-9-14-14-16-14-14-13-13-14-14	10-12-14-14-15-11-14-14-15-13-5-15	14-13-13-9-14-15-15-14-13-15-14-17	10-10-9-14-14-11-17-13-9-13-14-11	11-12-14-14-11-14-12-14-17-10-14-13	14-14-15-11-17-16-14-6-12-12-11-11	11-13-11-15-11-11-12-11-14-14-9-14	11-14-11-14-11-13-14-15-7-11-15-13
472	16	10-11-11-11-10-10-10-11-10-10-15-10	10-17-17-11-10-10-17-17-10-10-10-17	12-14-14-14-14-14-15-15-11-15-17-15	14-14-17-14-14-14-18-6-17-17-15-1	14-11-9-14-14-15-17-16-17-10-14-14	10-14-14-11-17-11-17-14-15-16-16-15	9-11-15-9-15-15-17-15-16-16-14-18	10-10-9-14-14-11-16-13-14-16-14-11	10-12-15-14-11-14-12-15-15-16-14-13	11-14-12-17-15-15-17-17-16-12-11-16	9-14-13-17-13-11-12-11-9-14-9-14	11-14-9-12-12-10-14-16-17-12-15-11
472	17	10-11-18-17-10-10-11-10-16-10-10-18	10-13-16-11-10-10-16-16-10-10-10-16	12-17-17-14-17-12-18-15-17-15-16-16	17-17-16-18-14-17-15-6-16-16-14-17	14-18-17-14-17-15-16-14-16-11-14-17	10-17-14-14-16-11-16-13-13-13-10-17	18-13-11-17-13-17-13-13-3-16-11-17	11-7-11-17-14-11-13-14-17-13-14-11	11-9-18-17-17-10-17-12-15-13-14-6	17-17-12-13-15-14-17-5-12-12-11-17	11-3-5-16-11-18-12-16-17-14-17-17	17-17-17-17-12-13-17-11-16-17-12-11
472	18	18-18-17-18-18-18-10-18-18-10-18-18	10-13-18-11-10-10-16-16-17-18-10-17	15-17-18-14-18-18-17-18-17-18-18-18	17-18-17-17-18-18-16-18-18-18-18-17	18-17-17-18-18-18-17-18-16-18-14-6	18-18-18-18-18-9-17-18-18-18-18-17	17-18-18-18-15-18-13-17-18-18-11-16	18-18-14-17-18-11-18-17-17-17-14-11	11-18-18-18-10-18-18-16-18-10-14-17	17-11-18-12-18-10-18-10-12-18-18-18	11-13-5-13-13-17-11-16-18-18-18-18	17-18-18-17-16-18-18-11-18-18-18-11
473	0	0-0-0-0-0-0-0-0-0-0-0-0	0-0-0-0-0-0-0-0-0-0-0-0	0-0-0-0-0-0-0-0-0-0-0-0	0-0-0-0-0-0-0-0-0-0-0-0	0-0-0-0-0-0-0-0-0-0-0-0	0-0-0-0-0-0-0-0-0-0-0-0	0-0-0-0-0-0-0-0-0-0-0-0	0-0-0-0-0-0-0-0-0-0-0-0	0-0-0-0-0-0-0-0-0-0-0-0	0-0-0-0-0-0-0-0-0-0-0-0	0-0-0-0-0-0-0-0-0-0-0-0	0-0-0-0-0-0-0-0-0-0-0-0
473	1	1-1-0-1-1-1-1-1-1-0-1-1	1-0-0-1-1-2-1-2-2-0-1-1	2-1-2-1-0-2-0-2-0-0-2-0	2-2-2-1-1-2-3-0-0-0-0-5	0-1-1-1-2-0-2-0-0-1-1-1	1-1-1-1-1-1-0-1-0-0-10-2	10-0-0-10-0-1-0-1-0-1-2-0	1-0-1-1-1-2-1-1-2-1-1-2	1-2-2-1-4-1-2-2-0-0-1-0	2-1-1-2-0-1-0-1-1-2-3-1	2-0-0-0-0-1-5-2-2-1-1-1	1-0-1-1-2-0-1-1-0-0-1-0
473	2	2-2-3-2-2-2-2-2-2-4-2-3	1-0-0-2-1-1-1-1-1-0-3-2	1-1-3-2-3-2-3-1-3-3-3-3	3-1-1-3-3-3-1-5-3-0-3-1	3-1-3-3-1-2-3-3-1-2-3-5	3-3-0-2-2-3-2-2-2-0-11-1	2-4-0-1-2-1-2-3-0-2-1-2	2-2-2-2-2-1-0-3-1-2-1-1	1-1-1-5-3-2-1-1-2-4-3-2	1-2-2-3-3-3-2-0-2-1-1-6	1-2-0-0-3-2-1-1-1-2-2-1	1-2-1-1-1-0-2-1-0-4-3-2
473	3	3-3-2-3-3-3-3-3-3-3-3-3	4-3-0-2-3-4-4-4-3-4-2-3	1-4-2-2-2-8-2-4-2-5-2-2	4-4-4-2-2-2-1-2-2-3-2-1	2-1-2-2-4-3-4-2-3-3-2-2	2-2-5-12-3-2-4-5-3-3-12-3	4-4-0-1-4-0-3-4-3-4-1-6	12-2-2-4-3-3-3-2-6-3-3-12	3-1-3-4-2-5-3-4-3-3-2-3	3-3-1-2-2-2-2-3-2-4-1-2	3-3-0-0-4-3-0-1-6-4-3-3	1-3-1-1-3-3-2-3-0-4-2-3
473	4	4-4-4-4-3-4-4-4-4-4-5-4	3-4-5-2-3-4-3-5-3-3-2-5	1-3-2-2-2-3-5-6-6-6-5-5	3-3-5-2-2-2-5-2-5-5-6-1	2-1-2-2-3-6-3-5-3-6-6-2	2-8-3-3-0-2-5-5-3-4-7-3	3-3-6-1-3-0-5-5-4-4-2-3	4-2-2-3-2-3-4-3-5-5-3-4	4-1-3-3-1-3-5-3-5-2-5-3	3-3-4-6-2-2-5-3-2-3-1-2	3-3-8-0-5-3-1-8-3-5-3-5	1-3-1-1-3-3-2-4-5-5-4-3
473	5	5-5-5-5-5-5-5-4-7-5-5-5	6-4-4-2-7-6-7-4-3-3-2-4	1-5-2-2-6-3-4-8-6-3-6-4	3-4-6-2-2-3-7-2-6-4-4-1	2-1-1-2-3-4-5-6-6-1-4-2	2-3-3-3-5-2-6-4-5-5-7-3	3-3-4-1-3-0-4-4-5-5-1-3	4-2-2-4-3-3-8-5-4-4-1-3	6-1-4-2-5-3-4-3-4-5-4-6	3-3-5-4-5-5-4-5-2-3-7-2	3-3-6-11-4-4-1-1-8-4-3-4	9-3-1-1-4-5-2-4-4-5-6-6
473	6	5-4-5-6-5-6-5-6-5-6-6-6	9-4-4-2-9-6-4-6-7-8-6-7	3-6-7-2-5-4-7-4-5-4-5-6	7-4-5-7-2-3-7-2-5-4-4-7	11-4-2-7-3-4-7-5-8-6-4-2	3-7-7-3-5-2-5-6-5-6-5-7	3-8-4-1-3-0-5-5-5-5-1-3	8-2-2-3-6-1-5-7-3-8-7-6	5-1-3-6-1-6-1-7-8-7-7-8	3-3-6-4-2-13-5-5-2-3-5-2	6-3-5-0-5-7-7-3-3-3-11-3	6-3-6-1-6-7-6-6-4-8-5-5
473	7	7-7-5-7-7-7-9-7-5-8-7-6	6-4-4-2-5-6-7-8-6-3-12-6	1-7-11-8-8-6-8-6-9-9-8-8	6-8-8-6-10-9-6-11-9-8-11-8	6-5-2-11-3-4-6-5-6-10-6-7	9-4-6-8-7-2-6-6-7-7-5-10	3-11-4-1-3-11-7-5-10-9-7-6	4-7-9-6-6-8-5-6-3-7-6-7	5-1-3-3-8-6-3-6-6-8-7-6	8-3-6-6-2-6-5-9-7-3-5-8	6-3-5-0-13-6-7-3-3-6-6-3	6-3-6-1-6-6-8-6-4-6-5-5
473	8	8-9-9-9-8-9-8-8-9-7-7-9	6-4-4-2-5-6-8-7-6-6-9-9	8-10-10-7-7-3-9-9-9-6-9-7	9-9-9-11-9-10-6-9-7-7-9-10	10-1-8-9-3-4-9-9-6-11-11-9	9-10-9-7-7-13-9-4-5-7-9-10	13-7-4-8-3-12-5-9-7-8-9-11	6-10-11-9-10-8-5-8-3-6-8-10	8-1-13-9-8-6-3-9-6-7-11-6	7-9-11-4-9-6-5-5-8-1-9-8	6-3-4-8-5-11-9-4-5-8-6-3	6-6-8-8-8-8-7-6-4-9-5-4
473	9	9-9-9-9-8-9-9-9-9-9-9-9	6-11-11-2-6-10-10-10-6-10-8-10	1-9-8-7-7-12-10-9-8-7-10-10	8-8-10-6-7-8-10-8-10-10-9-8	8-8-8-8-3-11-8-8-10-7-8-8	8-8-8-8-12-8-10-9-9-9-8-10	3-7-9-1-11-9-11-10-7-7-8-6	9-8-10-10-8-10-11-8-3-11-8-11	8-1-3-8-10-9-13-8-6-5-5-11	9-8-9-9-8-6-8-7-10-3-8-7	8-6-4-10-7-8-12-9-13-3-6-3	5-3-6-8-10-11-7-9-9-8-10-5
473	10	10-13-10-10-13-10-10-10-10-10-10-10	12-11-11-6-10-9-9-9-6-11-8-12	13-8-8-7-7-3-9-10-11-11-9-9	8-11-11-8-7-8-9-7-11-11-9-8	8-1-8-11-3-9-10-10-11-7-8-8	8-10-8-7-11-8-11-10-10-7-1-9	1-10-9-1-9-9-11-9-7-10-1-6	9-8-9-9-8-9-9-10-3-10-8-8	8-1-11-8-9-9-1-9-6-12-7-9	3-9-10-11-11-6-11-10-10-3-8-13	10-6-11-9-11-11-10-10-10-10-6-3	12-10-6-1-9-12-7-13-12-12-9-9
473	11	9-10-10-10-10-11-10-13-13-10-9-9	11-10-10-11-10-9-11-12-12-10-8-11	11-11-12-12-11-12-12-12-12-10-10-11	11-12-12-8-7-11-11-7-10-12-10-11	6-13-11-10-11-9-12-8-10-12-12-8	11-11-9-8-10-8-10-9-10-4-2-11	11-7-9-11-9-12-10-9-7-8-11-8	9-8-8-11-6-11-9-8-11-9-11-8	11-1-13-8-12-6-11-8-6-11-8-9	11-11-8-12-10-2-10-3-12-12-11-8	12-3-10-9-10-8-12-11-12-11-6-11	11-3-11-11-12-9-7-9-10-10-5-5
473	12	12-12-13-13-10-12-10-12-10-13-9-10	11-10-10-13-10-9-13-13-13-10-13-13	13-11-11-13-12-12-11-11-11-12-11-12	11-11-11-13-12-12-11-7-12-11-12-11	12-11-11-10-11-12-13-12-11-11-11-12	12-12-13-12-10-8-12-12-12-4-3-13	12-12-10-11-3-11-10-12-7-8-12-13	12-12-11-12-12-11-9-8-3-11-8-3	11-1-11-12-11-6-11-12-6-10-12-9	12-12-8-11-12-12-12-10-11-11-11-12	11-3-10-9-7-12-11-11-11-12-6-12	11-12-11-11-11-10-7-9-10-10-5-6
473	13	13-13-12-13-13-13-13-13-13-13-13-13	11-10-13-12-13-13-12-12-10-13-12-12	12-12-13-12-13-13-13-13-10-13-13-13	12-13-12-13-13-13-11-13-13-13-13-11	12-11-13-13-13-13-12-13-13-13-8-8	13-13-12-13-13-8-13-12-13-13-13-13	12-13-13-13-9-13-6-13-13-8-8-12	13-12-8-13-13-12-9-8-11-11-8-13	8-13-13-13-12-13-13-13-13-12-8-6	11-13-13-13-13-6-13-9-13-13-13-13	13-13-10-13-7-11-13-10-13-13-13-13	13-13-13-11-10-13-13-10-9-13-5-13
474	0	0-0-0-0-0-0-0-0-0-0-0-0	0-0-0-0-0-0-0-0-0-0-0-0	0-0-0-0-0-0-0-0-0-0-0-0	0-0-0-0-0-0-0-0-0-0-0-0	0-0-0-0-0-0-0-0-0-0-0-0	0-0-0-0-0-0-0-0-0-0-0-0	0-0-0-0-0-0-0-0-0-0-0-0	0-0-0-0-0-0-0-0-0-0-0-0	0-0-0-0-0-0-0-0-0-0-0-0	0-0-0-0-0-0-0-0-0-0-0-0	0-0-0-0-0-0-0-0-0-0-0-0	0-0-0-0-0-0-0-0-0-0-0-0
474	1	1-1-1-1-1-1-1-1-1-1-1-1	1-0-0-0-0-0-1-2-1-0-2-1	2-2-0-1-2-3-2-2-1-2-2-2	2-2-3-1-2-2-0-3-0-3-2-1	0-2-3-3-1-0-2-2-0-1-1-2	2-2-0-1-1-2-2-1-0-0-0-2	2-0-0-2-0-0-0-2-0-1-2-0	1-0-2-2-1-1-0-0-3-1-1-1	1-1-2-2-0-1-1-1-2-1-1-3	1-1-1-1-1-1-0-0-2-5-1-2	2-0-1-0-0-1-2-0-2-1-1-1	1-2-1-1-1-0-1-0-0-1-1-0
474	2	2-2-2-2-2-2-2-2-2-2-2-2	3-3-3-1-2-3-1-3-1-2-1-1	1-1-1-3-1-1-3-1-1-1-3-1	1-1-1-1-1-1-3-1-3-4-1-1	2-1-1-1-1-3-1-1-3-1-1-1	3-1-0-1-1-1-3-1-3-2-2-2	1-3-3-1-2-2-3-3-0-2-1-3	0-2-3-1-2-1-3-0-1-2-2-2	0-1-1-1-3-2-1-2-1-2-1-2	1-3-2-1-1-3-1-0-1-1-1-2	1-3-3-4-3-9-1-0-1-1-2-2	0-1-1-1-1-3-2-2-2-2-3-3
474	3	3-3-3-2-3-2-3-2-2-3-2-2	2-2-2-3-4-2-3-2-2-2-5-3	3-4-4-3-3-1-2-4-3-4-2-3	4-3-1-3-1-1-2-1-2-1-3-3	2-4-1-1-1-2-4-3-2-3-3-3	2-1-0-1-3-8-2-1-2-0-3-3	3-2-2-1-3-3-2-4-3-3-3-2	3-2-4-1-1-4-2-1-1-5-3-5	3-3-4-1-2-3-3-2-2-2-3-1	4-2-1-4-2-2-0-0-3-7-3-2	6-2-3-5-2-3-9-0-4-1-1-3	3-2-3-1-3-2-1-3-3-3-2-2
474	4	4-4-4-5-4-5-4-4-4-6-5-5	4-2-5-6-6-5-6-4-6-5-4-5	4-5-5-5-5-5-5-5-6-4-5-4	5-3-5-5-5-5-4-5-5-2-5-3	6-3-5-6-5-4-5-5-3-4-7-5	4-1-5-10-4-3-5-6-2-0-10-3	4-4-2-1-3-4-2-3-3-5-10-6	3-4-3-5-6-3-2-5-1-5-3-3	3-3-3-4-5-6-1-5-6-6-5-4	5-4-7-3-6-5-9-5-13-3-3-5	3-4-5-2-5-4-3-5-3-4-4-4	4-4-4-1-3-2-5-3-2-5-2-5
474	5	4-4-4-4-4-4-4-4-4-4-4-4	6-5-4-4-4-4-4-5-4-7-4-4	1-6-4-4-4-8-6-4-6-7-6-4	4-6-4-4-4-4-6-4-4-5-6-3	4-3-4-4-6-4-6-4-5-5-4-4	4-6-7-8-5-3-6-4-5-5-12-5	5-5-8-5-6-5-2-6-5-6-4-9	5-4-6-6-4-2-2-6-7-3-4-3	5-1-6-5-5-6-1-6-9-4-4-7	6-5-5-6-4-4-6-4-6-1-6-4	5-5-4-3-6-4-3-6-5-6-6-5	5-5-4-5-5-5-4-5-2-4-2-4
474	6	6-6-6-6-4-6-6-6-6-4-4-6	7-7-4-4-4-7-4-7-4-4-4-4	1-5-4-4-4-5-5-7-5-5-7-7	5-5-7-4-4-4-7-4-6-6-5-1	4-3-4-4-5-7-5-5-5-5-4-4	5-5-5-5-3-3-5-4-5-6-0-6	4-4-6-5-5-5-7-5-6-6-4-4	13-4-5-5-4-3-6-5-5-6-4-3	5-1-5-5-5-5-1-5-4-4-7-4	5-5-6-5-4-5-4-10-5-3-5-4	3-6-8-11-5-4-3-5-5-5-5-5	8-5-1-5-4-7-4-2-2-3-7-10
474	7	8-7-7-7-8-4-7-6-6-7-7-4	6-6-8-4-8-6-4-6-4-5-7-4	1-7-4-4-4-5-8-6-4-5-8-6	5-3-8-7-4-5-9-4-8-8-5-3	4-3-4-8-5-6-8-7-8-5-4-4	4-5-5-3-7-3-8-8-7-7-11-5	5-4-8-1-5-5-6-8-7-7-4-5	7-4-5-6-4-3-8-5-5-6-5-3	7-1-6-5-7-5-4-6-8-7-6-10	7-5-9-12-6-8-4-9-7-3-3-4	5-8-6-9-8-9-3-5-5-5-6-5	9-5-1-5-4-7-6-11-9-8-9-4
474	8	7-7-6-8-7-7-7-8-8-7-7-9	7-7-7-4-4-6-4-5-9-5-9-9	9-8-9-9-9-5-9-9-8-7-7-9	9-9-7-9-9-9-7-4-7-9-5-9	9-3-4-7-5-6-9-9-7-9-9-9	9-9-9-5-8-3-7-7-7-7-9-9	5-4-7-9-5-5-9-7-7-7-9-5	6-5-5-9-4-3-7-5-5-7-5-3	9-1-5-5-5-8-1-9-7-9-9-10	6-5-10-8-9-7-8-7-8-1-9-4	9-7-6-10-7-10-3-5-9-9-8-5	7-8-8-8-9-9-4-8-7-9-2-8
474	9	9-10-9-9-9-12-9-9-9-9-10-9	7-6-10-4-7-9-8-7-8-9-8-7	8-8-8-8-8-10-8-7-8-10-10-8	8-8-8-8-8-8-7-4-10-10-10-8	8-3-1-8-5-10-8-8-9-9-8-8	8-8-10-6-10-3-10-9-7-9-8-8	5-4-12-8-9-5-8-10-6-11-8-5	9-10-10-10-4-3-12-10-5-9-8-3	8-1-5-5-9-10-1-8-10-8-9-9	10-5-7-9-8-4-4-7-4-1-8-10	9-5-9-8-9-7-3-5-8-5-8-5	7-5-8-8-8-8-4-9-7-8-7-17
474	10	7-9-9-9-9-9-9-9-9-9-9-9	7-6-7-4-12-6-11-10-8-9-8-10	10-11-11-8-10-10-11-12-11-9-9-10	11-10-9-8-8-11-10-8-9-9-9-10	4-15-15-10-14-9-9-11-9-10-10-10	11-10-9-10-10-14-9-10-2-9-4-8	4-4-9-13-10-3-9-9-7-7-13-10	10-9-15-9-4-12-9-9-5-10-10-12	10-10-12-5-5-9-11-11-9-12-4-9	9-5-8-10-11-7-9-9-12-14-12-4	15-6-9-8-5-14-17-5-12-5-8-5	7-5-10-5-10-5-9-10-7-16-2-4
474	11	12-13-12-12-12-12-12-12-12-12-12-15	13-12-12-13-14-12-13-12-13-12-13-12	10-10-10-13-12-12-12-13-12-12-12-12	12-10-12-12-8-10-12-13-12-11-11-10	17-10-13-10-10-11-12-11-12-14-14-8	10-14-12-10-10-10-12-11-11-11-4-11	4-12-12-11-12-11-12-12-12-11-12-9	13-9-14-12-11-10-13-18-5-12-10-10	11-10-11-10-10-12-13-10-12-18-9-14	11-13-7-11-10-14-15-13-10-11-10-16	10-12-16-11-13-13-10-12-10-5-14-9	13-10-11-8-11-12-11-15-11-11-13-18
474	12	11-12-11-11-11-11-11-11-12-11-11-11	11-11-11-13-11-11-14-15-11-11-11-11	10-12-13-14-13-11-11-10-11-13-13-11	13-10-11-11-13-13-11-15-11-11-11-10	13-10-4-13-10-13-13-13-11-11-11-13	5-10-11-12-12-10-11-12-11-11-5-11	5-11-11-5-13-5-11-11-11-13-11-13	11-12-13-13-12-10-9-14-5-11-10-10	5-10-11-13-18-11-11-13-11-11-12-11	12-11-7-11-8-18-12-11-10-10-10-14	10-11-11-11-9-11-10-11-10-5-11-5	11-8-8-8-11-11-12-11-7-10-2-11
474	13	11-11-11-11-11-11-11-11-13-11-11-11	11-14-14-12-11-11-11-14-11-11-11-11	10-13-12-12-12-11-14-11-11-12-14-14	12-10-11-11-12-12-11-12-11-14-13-10	13-10-10-12-12-12-14-12-14-11-11-12	10-14-11-10-13-10-14-14-13-13-14-13	10-14-15-10-12-13-14-12-13-13-10-12	11-12-12-12-12-10-11-17-5-13-10-10	10-10-11-12-15-11-11-12-11-12-12-13	12-11-13-14-8-12-11-16-10-10-10-12	10-11-11-15-11-11-10-10-10-5-11-5	11-8-10-8-11-11-12-11-7-10-15-11
474	14	14-11-11-15-11-13-11-11-12-11-11-13	11-13-13-12-11-11-12-15-11-15-11-12	10-14-15-12-12-15-15-10-15-11-13-13	15-15-14-11-15-15-11-4-15-13-14-10	16-10-16-12-10-12-15-15-13-11-11-16	15-16-15-14-13-10-15-13-13-13-13-16	15-11-11-14-15-14-11-15-11-12-16-14	11-12-12-15-16-10-9-12-5-10-16-10	5-10-15-15-14-11-14-15-11-11-14-11	14-14-8-13-8-18-16-7-10-10-10-12	14-11-11-8-9-10-10-11-16-15-11-14	11-15-15-15-14-11-12-11-7-10-2-11
474	15	11-11-11-11-11-15-15-11-13-11-15-11	11-13-16-12-17-11-11-12-11-14-11-16	10-14-14-12-14-14-14-16-17-16-16-15	14-14-14-14-14-14-11-12-16-16-15-10	14-10-10-14-14-16-14-14-13-15-14-14	14-14-14-14-15-10-14-15-13-13-10-15	14-11-13-15-14-15-11-14-15-15-14-14	6-12-11-14-14-10-9-13-5-13-14-10	10-10-14-14-13-11-14-14-15-11-12-13	14-14-15-16-8-12-11-13-14-10-10-11	10-11-11-13-11-16-10-10-14-14-11-14	11-14-14-14-18-11-12-11-7-10-13-11
474	16	15-18-11-18-11-17-18-17-11-16-11-17	17-13-15-12-11-16-18-12-11-13-11-15	10-14-16-12-17-17-17-15-17-15-15-17	17-17-17-17-14-14-11-12-15-17-16-10	14-10-14-17-10-15-17-14-17-11-17-14	17-14-17-14-16-10-17-14-13-13-10-15	14-12-13-15-15-15-16-17-16-13-14-14	11-14-11-14-14-15-9-13-16-10-14-10	10-10-15-14-11-11-10-17-15-11-14-13	12-14-16-17-17-12-17-13-10-10-10-11	10-17-11-17-17-17-10-5-14-14-17-14	15-16-10-16-11-11-12-11-7-10-2-16
474	17	16-11-18-16-17-16-18-16-12-18-18-18	16-13-15-12-15-17-17-16-18-15-18-18	10-18-17-12-16-16-16-17-16-15-16-16	16-16-16-16-14-16-17-12-16-16-14-17	14-17-18-16-17-15-16-17-16-17-16-17	16-16-16-14-17-10-16-13-13-13-0-17	15-11-15-17-17-17-17-16-16-11-14-16	5-12-11-14-14-13-9-13-17-10-17-10	5-10-17-14-11-11-17-16-15-11-14-13	17-14-15-16-16-12-16-13-17-10-8-12	17-16-11-8-16-18-10-17-17-14-16-14	18-16-17-17-17-11-12-11-11-17-2-11
474	18	18-18-18-18-18-18-17-18-18-11-18-18	16-13-18-17-18-17-16-12-17-18-17-17	17-17-18-11-18-18-18-18-17-18-18-16	17-18-16-17-18-18-17-18-18-18-18-10	18-10-17-18-18-18-17-18-16-18-11-8	18-18-18-18-18-10-18-18-18-18-18-18	17-18-18-18-11-18-11-18-18-18-10-18	18-18-12-18-18-10-18-11-17-18-14-10	5-18-17-18-12-11-18-11-18-11-12-11	18-18-18-18-18-12-18-17-17-18-18-18	10-18-18-18-11-17-10-11-18-18-11-18	17-18-18-17-15-18-18-18-18-18-18-11
475	0	0-0-0-0-0-0-0-0-0-0-0-0	0-0-0-0-0-0-0-0-0-0-0-0	0-0-0-0-0-0-0-0-0-0-0-0	0-0-0-0-0-0-0-0-0-0-0-0	0-0-0-0-0-0-0-0-0-0-0-0	0-0-0-0-0-0-0-0-0-0-0-0	0-0-0-0-0-0-0-0-0-0-0-0	0-0-0-0-0-0-0-0-0-0-0-0	0-0-0-0-0-0-0-0-0-0-0-0	0-0-0-0-0-0-0-0-0-0-0-0	0-0-0-0-0-0-0-0-0-0-0-0	0-0-0-0-0-0-0-0-0-0-0-0
475	1	1-1-1-1-1-1-0-1-1-1-1-1	1-0-0-1-1-1-1-1-1-0-1-1	3-2-0-0-1-1-2-3-0-0-0-1	2-1-2-1-2-2-0-1-0-0-0-6	0-1-3-0-3-0-2-1-0-1-1-1	1-1-0-1-1-1-2-1-0-0-0-1	3-1-0-3-2-1-0-2-0-1-3-2	1-1-0-1-0-1-0-1-1-1-1-1	1-1-1-1-0-0-1-1-1-1-1-0	0-1-1-1-1-1-1-1-1-1-1-1	1-1-1-0-1-1-1-1-3-1-1-1	0-1-1-1-1-1-1-1-1-1-0-0
475	2	2-2-2-3-2-2-3-2-3-3-3-2	3-3-3-5-3-3-3-3-3-3-3-3	2-1-2-4-3-3-3-2-3-3-3-3	1-1-3-3-1-1-3-5-3-3-3-1	3-1-2-3-1-2-3-2-3-3-3-1	3-1-3-2-3-1-1-4-3-2-0-1	1-2-2-2-1-2-3-3-2-4-5-3	8-2-3-2-2-1-2-3-1-3-2-6	2-1-2-3-4-3-1-1-3-2-2-3	3-3-3-6-3-2-2-2-1-2-1-2	3-3-4-6-5-3-1-3-2-3-3-3	4-2-2-2-3-3-2-4-3-4-5-3
475	3	2-2-2-2-2-2-2-2-2-2-2-2	2-2-2-3-2-2-2-2-2-2-4-2	1-3-4-5-4-2-4-2-2-2-4-4	4-2-2-2-4-4-2-6-4-2-4-1	4-1-1-4-1-3-4-4-2-2-2-4	2-1-2-2-2-5-3-3-2-2-8-4	1-3-2-1-3-2-2-2-2-2-4-2	2-3-4-3-3-2-2-4-3-2-2-2	2-1-2-2-2-2-1-4-2-2-4-2	2-2-2-2-2-4-5-0-1-1-1-4	2-2-2-2-2-2-1-2-1-2-2-2	2-2-1-1-2-2-5-2-2-2-2-2
475	4	2-2-2-2-2-2-2-2-2-2-2-2	2-2-2-3-2-2-5-5-4-5-3-4	1-5-3-3-3-5-3-5-2-6-3-3	3-5-5-3-3-3-4-3-3-4-3-1	3-1-1-3-5-4-5-3-4-2-2-3	3-6-5-5-4-3-5-5-5-4-0-4	8-4-2-1-5-4-2-5-4-2-3-7	2-3-3-5-4-4-4-3-7-2-4-2	4-1-4-5-2-6-9-3-2-4-3-4	4-4-2-2-3-3-4-4-1-1-1-3	4-9-2-0-4-4-1-2-7-4-2-4	2-4-4-2-2-2-3-2-2-2-0-2
475	5	5-5-5-5-2-2-5-5-2-2-2-2	2-7-6-3-2-2-4-6-4-4-3-6	1-4-3-3-3-4-6-7-2-7-6-6	4-4-4-3-3-3-6-3-6-6-7-1	3-1-1-3-4-7-4-3-4-8-7-3	2-4-4-4-9-3-6-6-4-5-13-4	4-5-6-1-4-0-5-6-5-5-3-4	2-3-3-4-3-5-5-5-6-6-2-2	5-1-4-4-4-2-2-4-2-4-6-4	4-3-2-7-7-5-6-4-1-1-1-3	2-4-2-2-6-6-1-9-1-6-2-6	2-4-1-1-2-2-3-2-6-2-6-2
475	6	6-2-6-6-2-2-6-2-8-2-2-6	2-9-5-3-2-2-2-8-2-4-3-5	1-6-3-3-7-4-5-6-7-4-7-5	4-5-7-7-3-4-8-3-7-5-5-1	3-1-1-9-4-5-6-7-7-2-2-3	2-4-4-4-6-3-7-5-6-6-7-4	1-4-5-1-4-6-9-5-6-6-1-4	2-3-3-5-4-2-8-6-5-5-4-2	7-1-5-4-6-4-1-3-6-6-5-7	4-10-6-2-6-6-5-6-6-1-8-3	4-4-7-2-5-5-1-1-12-5-2-5	2-4-1-7-2-2-3-2-5-2-7-7
475	7	6-2-6-6-2-8-6-2-6-7-2-7	2-5-2-3-9-8-2-6-9-9-7-8	4-7-8-3-6-5-8-5-6-5-6-7	8-5-6-8-3-4-8-3-6-5-5-1	7-1-3-10-4-5-8-6-6-7-5-3	10-7-4-2-6-3-6-7-6-7-10-8	4-9-5-1-4-6-6-6-6-6-1-4	2-3-4-4-7-2-6-8-4-2-9-2	6-1-4-7-6-7-1-1-9-8-7-7	2-4-7-5-9-14-6-0-1-1-6-3	9-4-6-0-6-8-1-9-4-4-9-4	7-9-7-6-2-2-7-2-5-2-6-6
475	8	8-9-8-8-11-8-6-8-6-10-8-7	2-5-2-2-2-7-10-6-7-7-9-7	4-8-10-10-9-7-9-10-10-10-9-9	7-6-9-9-10-6-7-10-9-9-5-1	7-6-3-9-4-5-7-6-7-10-7-3	7-7-9-9-8-2-6-7-8-8-6-7	4-9-8-1-4-12-7-5-11-6-8-7	2-8-9-4-7-10-6-7-4-8-7-2	8-1-4-4-9-7-2-7-7-10-8-7	8-2-7-2-9-7-6-12-8-1-6-3	4-4-10-2-9-7-8-2-4-4-7-4	7-4-7-7-2-2-9-7-5-2-6-9
475	9	2-10-10-8-10-9-6-14-11-2-8-10	2-6-2-9-6-7-10-10-10-7-10-10	9-9-11-8-8-4-8-10-10-8-10-8	10-10-10-8-11-10-9-9-8-8-8-9	10-10-10-8-4-5-10-10-7-9-10-10	9-10-8-8-8-10-5-5-6-8-11-10	14-8-8-1-4-9-6-10-8-9-10-9	2-10-8-10-4-10-6-9-4-1-12-2	10-1-4-4-9-7-4-10-7-8-11-7	8-10-9-2-10-7-10-6-10-1-10-9	10-4-6-9-6-9-1-5-10-9-7-9	7-7-9-10-10-2-8-2-5-9-6-6
475	10	10-10-10-10-9-10-10-10-10-11-10-10	10-12-11-9-11-7-8-9-9-11-9-9	9-12-9-8-8-12-11-9-9-11-11-9	9-9-9-9-8-9-12-8-11-10-12-1	7-9-9-8-4-11-11-9-11-8-10-9	7-9-11-8-10-9-11-10-10-10-7-10	1-11-10-1-11-10-10-11-8-10-9-10	10-9-8-9-3-9-11-9-4-10-9-2	9-1-4-9-6-10-9-9-11-6-11-11	8-9-10-11-9-7-9-8-9-13-9-11	11-4-12-12-2-12-1-13-9-4-7-10	11-11-7-9-9-2-8-11-2-9-6-13
475	11	10-12-10-11-11-10-11-11-11-10-12-11	11-10-10-9-10-12-11-9-11-9-9-9	9-10-9-9-12-9-10-9-12-10-10-12	12-9-12-12-9-9-10-9-12-12-10-1	7-1-9-12-4-10-10-9-12-8-12-9	9-9-10-8-10-9-10-10-11-11-9-11	4-10-11-1-10-10-6-12-11-12-9-10	2-9-8-9-7-12-10-9-4-11-9-2	9-1-4-12-9-7-1-12-10-11-9-11	8-4-11-12-9-7-11-11-11-1-9-10	10-4-10-12-12-11-10-12-4-9-7-11	10-10-7-9-9-2-8-10-5-9-6-11
475	12	12-14-14-14-13-12-13-13-13-13-14-12	13-10-13-9-13-13-13-13-13-13-13-14	12-10-12-12-11-13-12-13-13-13-13-11	11-12-11-11-12-13-10-9-11-11-10-1	12-1-12-11-12-10-12-12-11-8-11-9	12-12-11-12-12-9-11-12-11-11-6-13	13-10-10-13-10-8-6-11-8-11-14-10	2-13-13-13-13-13-10-14-4-12-9-2	9-1-14-11-12-12-13-13-7-13-12-11	13-13-9-11-12-7-11-13-13-13-9-14	13-4-10-11-11-13-14-10-13-12-7-11	12-10-12-13-13-2-8-10-5-12-6-10
475	13	13-14-13-14-13-13-14-14-14-14-14-14	14-14-12-14-12-14-12-14-12-12-14-14	13-13-14-14-13-12-13-13-14-13-13-13	14-13-12-14-13-12-14-12-13-12-13-1	14-14-14-11-13-13-14-13-13-14-14-9	13-14-14-13-12-14-13-13-11-13-9-12	12-13-13-13-13-13-10-12-12-13-14-13	13-12-13-13-12-12-10-13-12-14-14-14	14-13-13-12-14-14-12-12-7-14-14-13	12-12-9-13-12-10-13-13-12-13-12-12	14-13-13-14-11-14-14-10-12-12-7-14	12-13-13-12-12-13-8-14-5-13-6-10
475	14	14-13-14-13-14-13-13-13-14-13-14-14	13-13-14-13-13-13-13-13-12-14-13-13	13-13-13-13-14-12-13-13-13-14-13-13	13-14-13-13-14-14-13-14-14-14-14-1	13-13-13-14-14-14-13-13-11-13-13-9	14-14-13-13-14-13-14-14-14-14-14-14	13-14-14-14-10-14-7-14-14-13-13-13	14-9-13-14-14-13-10-9-12-13-13-13	13-13-13-14-13-13-14-14-14-13-12-13	12-14-7-14-14-7-14-13-12-14-14-14	13-14-14-14-8-13-13-13-14-14-7-13	12-14-14-12-13-14-14-13-14-14-14-14
476	0	0-0-0-0-0-0-0-0-0-0-0-0	0-0-0-0-0-0-0-0-0-0-0-0	0-0-0-0-0-0-0-0-0-0-0-0	0-0-0-0-0-0-0-0-0-0-0-0	0-0-0-0-0-0-0-0-0-0-0-0	0-0-0-0-0-0-0-0-0-0-0-0	0-0-0-0-0-0-0-0-0-0-0-0	0-0-0-0-0-0-0-0-0-0-0-0	0-0-0-0-0-0-0-0-0-0-0-0	0-0-0-0-0-0-0-0-0-0-0-0	0-0-0-0-0-0-0-0-0-0-0-0	0-0-0-0-0-0-0-0-0-0-0-0
476	1	1-1-1-1-1-0-1-1-1-1-1-1	1-0-0-1-0-0-0-0-0-1-0-0	3-2-1-0-2-2-2-0-0-0-2-1	2-0-0-2-1-2-0-4-1-0-2-4	1-0-2-2-0-1-2-2-1-1-1-1	2-2-2-1-1-2-1-1-1-1-1-1	1-1-1-0-1-0-1-0-1-1-1-1	1-1-1-1-1-0-1-1-1-1-1-0	1-1-1-1-2-1-0-2-1-1-1-1	2-1-1-2-2-1-1-1-1-0-2-1	2-1-1-0-2-0-0-0-0-1-1-1	0-1-1-1-0-0-1-0-2-0-0-1
476	2	2-2-2-2-2-2-2-2-2-2-2-2	3-2-2-1-2-2-3-2-2-3-1-2	1-3-3-1-1-7-1-3-3-4-1-3	1-3-3-1-1-1-2-1-1-2-1-1	1-0-1-1-3-1-3-1-2-2-4-1	1-3-4-0-2-1-1-1-2-2-1-2	5-2-2-2-3-2-2-3-2-2-1-5	1-1-1-3-2-2-2-4-5-2-4-2	2-3-2-2-1-4-2-3-2-2-1-2	3-7-2-2-1-1-1-2-2-5-1-1	7-3-2-0-3-2-2-2-5-3-2-2	4-2-2-3-2-2-1-2-2-3-1-2
476	3	3-3-3-3-3-3-3-3-3-3-3-3	2-3-3-1-2-3-2-4-2-2-4-4	1-2-2-4-1-2-4-5-2-5-4-4	2-2-2-2-1-1-3-1-4-4-5-1	1-0-1-1-2-5-2-1-2-6-5-1	1-2-2-2-2-1-4-4-2-3-1-3	5-3-4-2-2-3-2-4-3-3-1-2	4-1-1-2-1-2-3-2-4-4-2-3	3-2-2-2-3-2-4-2-4-3-4-2	2-1-3-5-3-1-4-2-1-2-2-1	2-2-7-3-4-3-3-2-2-4-2-4	2-2-1-2-0-3-1-3-7-2-3-2
476	4	4-4-4-4-4-4-4-4-5-4-4-4	5-3-3-1-4-5-2-3-2-2-5-3	1-4-4-3-5-2-3-6-5-2-5-3	2-6-5-5-1-2-4-1-5-3-3-1	1-0-1-1-2-3-4-5-5-6-2-1	1-2-2-0-4-1-5-3-4-4-5-6	2-3-3-0-2-4-5-5-4-4-1-2	3-1-1-3-2-2-6-2-3-3-2-0	5-2-3-2-4-2-4-2-3-8-3-5	2-1-4-3-4-4-3-5-1-2-5-1	2-2-5-8-3-2-3-0-2-3-2-3	2-2-1-2-0-4-1-3-3-4-5-5
476	5	4-3-4-5-5-5-4-5-4-5-5-6	4-4-3-1-5-5-3-4-6-2-5-7	1-5-6-6-6-6-6-6-4-3-4-5	6-6-4-6-1-2-6-1-4-3-3-6	6-6-1-8-2-3-6-4-4-5-10-11	2-5-6-2-4-1-4-5-4-5-4-5	2-5-3-2-2-4-4-4-4-4-1-2	6-1-1-6-5-5-4-2-2-4-10-5	4-2-2-5-4-6-7-6-7-7-5-5	2-2-5-6-5-14-4-4-4-2-4-1	5-8-4-4-4-6-7-2-2-2-7-2	5-7-5-5-0-5-5-5-3-5-4-4
476	6	6-7-4-6-6-6-4-6-4-8-6-5	5-4-3-1-4-5-7-7-5-2-8-5	1-7-8-7-5-8-7-5-8-7-7-7	5-8-6-5-8-9-5-10-5-7-3-5	5-5-1-7-2-3-5-4-7-10-5-6	5-5-7-8-6-7-5-5-6-5-4-6	10-6-8-2-2-6-6-4-6-13-1-7	5-6-11-5-5-6-4-2-2-6-5-5	7-2-2-2-2-5-5-5-5-5-6-5	7-2-5-5-7-8-4-6-6-2-4-7	5-5-7-4-4-5-5-2-2-5-5-2	5-2-5-5-0-5-7-5-3-5-4-6
476	7	9-6-7-7-7-8-7-7-8-5-6-7	8-3-3-9-7-5-6-6-8-8-8-5	9-8-8-6-9-2-8-6-8-6-6-6	9-8-8-9-9-9-6-9-5-6-3-7	9-0-9-6-2-3-8-8-6-6-9-8	8-10-8-6-6-8-3-5-4-6-4-7	8-6-3-2-8-7-4-8-6-7-8-10	7-7-6-8-8-7-4-10-2-8-7-7	7-2-2-8-7-5-5-8-5-5-7-5	8-2-7-3-7-5-8-4-8-8-7-7	2-5-3-4-4-7-5-7-0-7-5-8	5-9-7-9-0-5-6-5-3-10-4-4
476	8	8-8-8-8-7-8-9-8-8-8-8-8	7-10-9-7-10-8-6-6-7-10-7-9	7-7-7-6-7-7-9-6-7-6-9-7	7-9-7-7-6-7-9-7-9-8-9-7	7-0-7-5-2-10-7-7-8-6-7-7	7-7-7-6-11-7-9-8-8-8-4-8	9-8-8-0-9-8-5-7-6-10-7-7	8-7-9-7-9-7-10-7-2-10-7-0	8-8-9-7-4-5-8-7-5-4-7-11	7-7-8-9-7-6-9-13-9-2-7-9	9-5-9-13-4-9-10-0-0-10-5-7	9-7-5-5-0-5-6-9-10-7-4-14
476	9	9-9-9-8-9-8-9-9-8-8-9-9	10-10-8-7-8-10-6-8-8-10-7-10	7-9-7-6-7-10-8-10-6-10-10-10	7-10-10-7-7-7-8-7-10-10-8-7	7-0-7-7-2-8-10-9-10-6-7-7	1-7-7-6-10-7-10-8-9-9-4-8	8-10-12-0-8-9-10-10-6-9-9-7	9-7-8-8-8-7-8-7-2-10-7-9	8-12-10-7-4-5-9-7-5-9-7-7	8-7-12-8-10-6-10-10-8-9-7-8	8-5-14-11-10-8-8-14-0-2-5-8	8-7-7-9-0-12-6-12-11-7-12-9
476	10	12-9-10-8-9-8-12-9-10-8-12-12	12-9-8-10-8-11-10-12-10-9-12-12	10-10-11-12-7-12-11-11-12-10-9-9	11-11-9-6-13-11-8-6-9-9-10-12	7-11-13-6-12-8-11-11-9-6-7-7	1-7-8-11-9-7-9-8-9-9-5-13	12-9-9-10-11-10-9-11-6-9-12-7	9-8-13-11-5-7-8-7-12-11-12-9	11-10-14-7-11-5-10-7-5-10-10-7	10-10-10-11-12-5-9-9-11-11-10-7	10-5-9-9-9-14-10-0-10-12-5-10	10-5-10-10-10-5-6-10-9-7-4-8
476	11	11-12-12-8-9-11-9-8-11-11-11-12	10-9-9-12-8-10-10-12-10-9-10-12	10-10-10-12-12-12-12-10-10-12-12-9	10-10-12-13-12-12-8-13-12-9-11-10	13-10-11-6-12-11-12-12-9-11-11-12	12-12-13-13-9-12-12-11-9-9-2-10	12-9-8-10-12-7-12-10-6-14-10-12	9-11-12-12-12-7-8-11-10-10-10-10	10-10-12-12-13-5-10-7-6-12-11-8	12-11-7-10-11-11-11-9-10-10-10-13	10-2-9-9-9-10-8-11-10-11-5-11	10-13-10-10-10-5-12-9-9-7-4-8
476	12	12-14-12-12-12-12-13-12-13-12-13-10	10-13-14-11-12-13-10-10-10-13-10-10	10-10-10-11-11-11-11-11-10-13-13-12	11-11-13-11-11-11-10-11-13-12-11-10	11-10-10-5-13-13-11-11-13-11-11-11	11-11-11-12-12-11-13-8-12-12-4-12	10-11-9-10-11-12-13-11-12-12-10-11	8-13-11-11-11-7-8-13-10-12-10-9	10-9-11-11-10-11-10-7-8-11-11-8	10-11-8-10-10-11-10-9-10-10-10-10	10-11-9-9-13-10-12-14-10-10-5-11	10-11-10-10-14-9-11-9-9-7-14-12
476	13	14-12-14-14-12-12-12-14-12-14-12-14	14-12-12-14-8-12-13-14-14-9-14-14	13-13-13-14-13-11-13-13-14-12-12-13	13-13-12-14-11-13-8-11-12-13-13-10	11-14-10-13-13-12-14-13-12-13-11-11	11-13-11-11-13-14-12-14-12-9-13-10	13-10-12-13-13-13-12-13-13-6-13-12	13-12-13-12-11-14-8-11-10-13-13-13	13-13-13-12-11-11-13-13-5-11-11-5	13-11-10-13-12-11-12-9-13-13-13-11	14-11-13-8-12-13-13-14-13-11-5-11	13-11-13-10-13-10-10-13-9-13-13-11
476	14	14-14-14-14-14-14-14-14-14-14-14-14	13-12-12-13-14-12-13-13-13-14-13-13	13-13-14-11-14-11-14-14-13-14-14-14	14-14-13-14-14-14-8-14-12-14-14-13	11-13-14-14-14-14-13-14-12-14-11-7	14-14-11-11-14-13-14-14-14-14-14-14	11-14-14-14-12-14-5-13-14-14-13-13	14-14-11-14-14-13-8-7-10-7-13-13	13-14-10-14-11-14-14-9-14-11-11-8	10-14-14-14-14-11-14-9-14-14-14-14	13-14-9-13-9-10-13-14-14-14-14-14	14-11-14-10-13-14-14-13-14-14-12-8
477	0	0-0-0-0-0-0-0-0-0-0-0-0	0-0-0-0-0-0-0-0-0-0-0-0	0-0-0-0-0-0-0-0-0-0-0-0	0-0-0-0-0-0-0-0-0-0-0-0	0-0-0-0-0-0-0-0-0-0-0-0	0-0-0-0-0-0-0-0-0-0-0-0	0-0-0-0-0-0-0-0-0-0-0-0	0-0-0-0-0-0-0-0-0-0-0-0	0-0-0-0-0-0-0-0-0-0-0-0	0-0-0-0-0-0-0-0-0-0-0-0	0-0-0-0-0-0-0-0-0-0-0-0	0-0-0-0-0-0-0-0-0-0-0-0
477	1	1-1-1-1-1-1-1-1-1-1-1-1	1-0-0-1-1-1-2-0-2-0-2-1	2-1-2-2-1-1-2-2-0-0-0-1	2-2-3-0-2-2-0-3-2-3-0-2	0-2-3-3-1-0-2-2-0-1-2-1	1-2-0-1-1-1-2-1-0-0-0-1	2-0-0-10-0-1-0-2-0-1-1-0	1-0-2-2-0-1-0-3-2-1-1-0	1-1-2-2-0-2-2-1-2-2-1-2	2-1-1-2-1-2-2-0-2-1-1-0	1-0-0-0-1-1-1-2-1-1-1-1	1-1-1-1-1-0-2-1-1-1-0-0
477	2	2-2-2-2-2-2-2-2-2-2-2-2	3-3-4-3-2-2-1-3-2-2-1-3	1-1-3-1-1-2-1-1-3-3-3-1	1-1-1-1-1-1-2-1-3-4-2-1	0-1-1-1-1-3-3-1-3-2-3-1	1-1-0-2-2-1-3-1-3-2-0-2	1-3-2-1-2-0-2-1-2-0-1-0	2-2-1-1-2-1-3-0-1-0-2-2	2-1-1-1-3-1-1-3-1-3-1-1	1-1-2-1-2-1-3-0-1-1-2-2	2-3-2-4-5-2-1-1-3-1-2-2	4-1-1-1-1-2-1-2-2-2-4-2
477	3	2-3-2-2-3-2-2-2-2-2-3-2	2-2-2-3-2-2-3-4-4-2-3-2	3-4-4-3-3-4-4-6-4-2-2-3	4-3-1-4-1-1-3-1-2-1-3-3	0-7-1-1-2-2-4-2-2-3-2-3	2-1-0-3-4-4-2-1-2-0-0-2	3-2-3-3-3-1-2-3-3-3-3-4	3-2-3-1-2-7-2-1-1-4-3-4	3-4-1-2-7-3-2-2-2-2-3-3	4-2-2-2-2-1-2-0-1-4-3-2	4-2-2-2-3-3-4-4-2-1-1-3	0-1-3-1-4-2-2-3-3-3-3-2
477	4	4-2-4-4-2-4-4-2-2-4-4-4	2-2-2-6-2-5-3-3-3-2-3-5	8-5-3-5-5-5-5-5-5-5-6-4	5-3-3-7-5-5-3-7-5-2-4-1	4-3-5-5-4-4-3-4-4-3-14-5	4-1-5-4-4-6-5-5-2-0-11-5	4-4-4-1-4-4-4-3-0-4-5-3	3-4-4-4-4-3-2-5-4-3-5-3	3-3-1-2-5-7-1-5-6-4-4-4	3-4-3-1-5-5-4-4-1-3-3-4	3-4-2-2-2-3-3-4-3-5-4-4	2-4-4-1-3-2-4-3-2-2-2-4
477	5	8-5-4-5-5-5-5-5-5-5-5-5	6-2-2-4-5-6-6-6-5-6-3-6	1-4-4-4-4-6-4-4-7-6-4-6	4-6-6-4-4-7-6-4-4-5-4-4	4-3-4-4-7-4-6-6-6-5-7-6	4-7-7-11-5-6-6-4-5-5-13-5	5-5-8-5-6-5-6-6-5-5-4-7	5-4-6-6-5-5-6-4-7-8-7-3	5-8-5-5-4-6-7-6-9-4-4-4	5-5-5-6-4-4-5-5-5-7-6-4	5-5-6-2-6-5-3-7-5-6-5-5	5-5-4-5-5-5-5-5-2-4-2-5
477	6	6-5-6-6-6-6-6-6-6-6-6-6	5-7-6-4-5-5-3-5-5-5-6-5	4-5-3-4-4-5-7-3-5-5-7-7	4-5-5-4-4-4-5-4-7-6-4-1	4-3-1-6-5-7-5-5-5-6-5-5	4-5-5-5-2-4-5-6-5-9-4-7	5-6-6-5-5-6-8-5-0-7-5-5	6-4-5-5-6-5-8-5-5-5-3-3	6-6-5-5-6-5-5-5-7-6-8-5	5-5-6-7-8-5-5-6-1-5-5-4	7-5-5-6-6-12-3-5-5-5-5-5	7-5-3-7-6-5-5-2-6-6-2-9
477	7	7-7-6-7-7-8-7-7-7-8-8-6	8-8-9-4-8-7-8-8-5-5-6-8	4-7-5-5-4-4-8-7-8-8-8-6	4-8-6-4-4-5-6-4-8-8-5-1	4-3-1-4-5-6-8-7-8-5-5-4	4-5-5-5-8-4-8-4-13-9-9-6	4-6-7-1-5-7-8-8-0-6-5-5	3-4-5-5-5-3-7-5-5-7-5-3	7-6-6-5-3-5-5-6-6-8-6-8	5-4-6-6-8-8-5-8-6-5-5-4	6-5-2-7-8-3-3-5-5-5-6-5	8-5-3-6-6-5-5-7-7-6-8-6
477	8	5-8-9-9-5-9-8-8-10-7-7-7	7-7-6-4-7-9-9-9-9-6-9-7	4-10-9-8-10-9-9-10-7-5-7-8	10-9-8-10-10-10-7-4-7-7-7-8	10-3-9-9-5-6-9-9-7-9-10-10	9-9-5-8-8-5-7-9-5-7-9-9	9-4-7-9-5-10-7-7-5-8-9-5	5-9-6-9-10-3-7-9-5-5-8-6	9-5-5-5-8-8-9-9-7-7-6-8	8-9-8-8-9-7-8-7-8-3-9-4	7-5-8-6-8-8-9-7-9-8-8-5	7-8-8-8-9-8-5-8-10-6-7-6
477	9	9-9-8-9-9-8-10-9-9-10-9-10	8-7-10-8-7-8-8-8-8-5-8-8	4-9-8-8-8-8-8-8-10-9-10-10	8-8-8-8-8-8-11-4-10-7-10-8	8-3-8-8-5-10-10-8-9-8-8-8	8-8-11-8-11-5-8-8-9-7-8-8	8-12-10-8-14-9-8-10-9-10-8-5	9-8-5-8-8-3-9-9-5-12-8-3	8-9-5-10-9-9-8-8-11-8-8-10	9-8-10-8-8-7-8-10-10-5-8-9	8-5-8-6-9-14-10-5-8-10-9-9	9-5-3-8-8-8-10-9-9-11-7-6
477	10	10-10-10-10-10-10-9-10-8-9-10-9	7-13-9-8-7-10-8-11-8-11-8-11	3-8-8-8-8-8-9-8-9-11-9-9	8-11-9-8-8-8-11-4-11-11-9-8	8-3-8-8-5-9-9-10-11-8-8-8	8-8-9-8-11-8-11-8-10-11-12-8	8-9-9-1-5-10-10-9-10-9-8-8	10-8-9-9-8-3-9-10-5-11-8-10	10-9-11-9-10-8-1-8-7-7-6-9	9-8-9-5-8-9-9-10-9-5-8-9	9-5-8-10-14-9-9-9-8-9-9-5	9-8-4-8-8-8-9-10-9-10-9-10
477	11	11-11-10-14-11-12-12-12-14-11-11-11	7-10-10-12-12-12-12-12-12-10-12-10	11-11-12-12-11-12-11-12-11-10-12-11	11-10-11-8-11-12-11-4-10-10-10-11	4-11-11-12-12-9-11-11-10-9-8-11	11-11-9-12-10-12-10-11-10-10-4-12	14-9-9-11-12-11-10-9-10-9-11-9	5-9-13-9-11-11-9-10-14-13-8-3	11-11-12-9-13-11-11-11-12-12-12-9	11-5-11-12-12-10-10-12-13-11-8-9	11-5-12-12-10-14-11-11-8-11-11-5	11-12-11-11-8-8-11-11-12-11-9-11
477	12	13-13-13-14-14-14-13-13-13-14-13-14	13-14-13-11-13-13-11-14-13-13-13-14	12-13-11-14-13-11-12-13-13-13-13-12	13-12-13-13-12-11-13-13-13-13-13-11	14-12-11-11-13-12-12-12-13-13-13-12	12-11-13-12-10-13-11-13-10-13-13-11	13-13-12-11-13-12-13-12-13-12-13-13	13-13-13-11-12-13-9-14-5-11-13-12	12-13-13-13-13-13-11-13-13-14-11-13	12-12-13-13-13-13-12-12-11-13-11-13	14-14-11-14-14-9-12-12-11-12-13-5	12-11-12-11-8-13-12-13-13-11-9-12
477	13	12-12-14-12-12-12-12-12-12-12-12-12	12-10-12-14-12-12-12-12-12-12-12-12	12-13-14-14-12-12-14-12-12-12-12-12	12-12-12-12-13-13-12-12-12-12-12-11	13-11-11-12-12-12-14-14-12-12-12-13	12-11-12-12-10-12-12-12-10-12-12-12	12-12-12-11-12-11-12-12-12-14-12-14	12-13-12-13-13-12-9-12-5-11-14-12	12-12-12-13-14-12-11-12-12-12-14-9	11-12-12-12-13-13-13-12-11-12-8-12	12-12-13-12-12-13-12-12-8-13-12-5	11-13-12-11-8-12-13-12-12-13-9-12
477	14	14-14-13-12-14-12-12-14-12-12-12-14	12-12-14-13-12-12-13-12-12-14-13-12	12-13-13-12-14-14-13-12-12-14-14-14	12-14-14-14-14-14-12-14-14-14-14-11	12-12-14-14-14-14-13-13-12-14-12-8	14-14-14-14-14-12-14-14-14-14-14-14	11-14-14-14-12-14-12-12-14-13-12-13	14-13-13-12-14-12-9-12-11-12-13-12	5-14-14-14-13-12-14-12-14-12-13-12	11-14-14-14-14-13-14-12-11-14-14-14	12-12-14-12-12-9-12-12-14-14-12-14	12-14-14-11-8-14-14-12-14-14-14-12
478	0	0-0-0-0-0-0-0-0-0-0-0-0	0-0-0-0-0-0-0-0-0-0-0-0	0-0-0-0-0-0-0-0-0-0-0-0	0-0-0-0-0-0-0-0-0-0-0-0	0-0-0-0-0-0-0-0-0-0-0-0	0-0-0-0-0-0-0-0-0-0-0-0	0-0-0-0-0-0-0-0-0-0-0-0	0-0-0-0-0-0-0-0-0-0-0-0	0-0-0-0-0-0-0-0-0-0-0-0	0-0-0-0-0-0-0-0-0-0-0-0	0-0-0-0-0-0-0-0-0-0-0-0	0-0-0-0-0-0-0-0-0-0-0-0
478	1	1-1-1-1-1-0-1-1-1-1-1-1	1-0-0-1-1-0-1-0-1-0-1-0	1-1-2-1-0-0-0-0-0-0-2-1	1-1-1-0-2-2-0-1-0-0-0-1	0-9-5-0-1-0-0-2-0-1-1-1	1-1-0-0-1-2-0-1-1-0-0-1	0-0-0-12-1-0-0-0-1-1-0-1	1-0-1-1-0-1-0-1-1-1-1-1	1-1-1-1-0-0-1-1-0-1-1-1	0-1-1-0-0-1-1-0-1-1-1-0	1-0-0-0-1-1-1-1-1-1-1-1	1-1-1-1-1-1-1-1-1-0-1-0
478	2	2-2-2-2-3-2-3-2-2-3-3-2	3-3-3-3-3-3-1-2-3-3-3-3	2-4-3-2-3-3-3-3-3-3-3-3	3-3-3-3-1-1-3-3-3-3-2-3	6-3-1-3-1-2-3-2-3-2-3-5	3-1-3-2-3-5-2-4-3-2-4-2	2-2-3-3-2-2-3-3-2-4-2-3	2-2-3-1-2-1-2-3-1-2-2-3	10-3-3-1-2-4-3-3-3-3-2-3	2-2-2-3-3-3-4-2-2-1-1-3	3-3-2-2-3-5-4-3-1-2-4-2	3-2-2-1-2-3-2-3-3-3-3-3
478	3	2-2-2-2-2-2-2-2-2-2-2-2	2-2-2-3-2-2-2-2-2-2-4-2	1-3-2-2-2-2-4-2-2-4-2-2	4-2-2-2-4-4-2-4-2-2-4-2	5-2-1-2-1-3-2-4-2-2-2-4	2-2-2-2-2-2-3-2-2-2-0-2	3-4-2-2-3-2-2-2-2-2-3-2	2-3-4-3-3-1-2-2-3-2-2-2	2-2-2-3-15-2-2-2-2-2-3-2	3-3-2-2-6-4-2-2-3-1-1-2	2-2-2-2-2-2-2-2-1-4-2-2	2-3-2-1-2-2-3-2-2-2-2-2
478	4	2-2-2-2-2-2-2-2-2-2-2-2	2-2-2-3-2-2-2-5-4-6-3-4	7-2-2-2-3-7-3-3-2-5-3-3	3-5-5-2-3-3-2-3-2-4-3-1	3-4-1-3-5-3-5-3-4-4-2-3	3-5-5-5-4-2-4-2-4-4-13-4	9-3-0-7-5-4-2-2-4-2-3-7	2-4-3-5-4-5-2-5-4-2-4-2	4-4-4-4-5-2-2-5-2-2-3-2	4-4-4-2-3-3-2-4-4-1-4-2	4-4-4-0-5-4-2-4-4-3-2-4	1-4-1-4-4-2-3-2-2-2-2-2
478	5	2-2-5-2-2-5-2-2-5-6-5-2	2-7-6-3-2-2-2-4-2-4-3-7	2-5-4-2-3-2-6-5-2-4-6-6	4-4-4-4-3-4-7-3-6-5-4-1	3-1-1-3-4-6-4-3-4-2-2-2	2-4-4-4-4-2-6-4-4-5-13-4	2-3-5-4-4-5-5-6-4-2-3-4	5-5-6-4-3-4-5-4-4-2-4-2	5-2-4-4-5-2-2-4-2-2-3-5	4-4-6-6-2-3-6-4-6-1-4-2	4-2-6-2-4-2-5-4-4-4-2-4	6-4-1-4-2-2-3-2-5-2-2-13
478	6	6-6-6-7-6-2-6-6-2-5-6-6	2-7-5-3-5-2-2-7-4-7-3-5	7-7-2-8-3-4-5-7-2-4-7-7	4-7-7-2-4-3-5-3-7-7-4-2	2-1-1-7-4-5-7-6-7-4-2-3	2-4-4-2-8-2-7-7-6-6-10-4	4-7-6-1-6-6-7-7-6-6-3-4	6-6-5-5-4-7-6-7-4-7-4-2	2-4-4-4-8-2-7-2-2-7-7-6	3-3-5-7-3-7-7-12-5-1-1-6	4-2-15-6-6-5-5-4-4-4-2-4	5-3-1-4-4-2-3-2-6-7-7-2
478	7	7-6-6-6-7-5-6-2-8-5-5-6	2-6-5-2-5-6-8-4-8-6-8-5	8-8-8-9-8-4-8-8-8-4-6-6	8-9-8-9-9-9-5-8-6-6-6-13	9-1-15-8-4-5-8-8-6-8-8-8	8-9-8-7-7-8-6-6-6-6-9-4	4-6-5-4-4-6-6-6-6-7-8-4	2-8-8-8-4-6-5-6-4-6-7-2	4-4-14-4-7-2-6-8-2-6-6-14	3-4-13-6-8-6-6-6-2-2-7-8	4-4-6-6-6-12-5-4-4-3-2-4	5-7-1-7-8-7-3-2-6-6-6-5
478	8	9-9-8-8-8-9-8-8-8-9-9-9	2-10-9-3-5-2-7-9-7-9-7-9	7-7-7-7-7-9-9-7-7-10-9-7	7-8-7-7-7-7-9-7-9-8-9-1	7-1-1-7-4-9-7-7-9-7-7-7	7-7-7-2-6-7-9-8-6-6-7-7	4-9-8-1-9-8-6-9-6-6-7-8	6-7-9-9-9-7-15-6-4-14-7-2	7-8-4-9-6-8-9-7-11-7-6-9	8-9-8-9-7-6-7-6-9-8-7-7	9-4-6-8-6-7-9-4-4-9-9-4	9-7-7-7-7-9-3-2-6-6-6-14
478	9	8-8-8-9-9-9-8-9-9-9-9-8	10-10-8-10-9-10-10-8-8-8-7-8	7-7-7-7-10-8-8-8-8-9-8-7	7-8-10-7-7-7-8-7-10-10-8-1	7-1-1-7-4-8-10-10-8-7-7-7	7-7-7-9-13-7-8-10-9-6-7-7	4-8-8-4-8-4-11-8-6-6-7-4	6-7-8-8-8-1-8-7-4-9-7-2	5-8-8-8-9-7-8-8-8-6-6-8	8-8-10-8-3-9-14-6-8-10-7-10	8-8-9-10-10-10-8-10-11-8-8-4	8-7-1-7-7-8-3-11-13-13-13-2
478	10	11-11-11-15-11-9-11-11-11-11-11-11	11-8-9-11-11-14-11-10-10-8-11-12	10-10-11-10-9-11-10-10-11-11-9-10	9-10-9-10-11-11-11-7-9-10-9-11	8-13-10-10-10-9-10-9-9-10-11-10	10-10-8-10-10-12-9-9-9-9-12-11	2-6-10-13-10-5-9-10-9-10-11-12	11-10-12-11-12-11-8-12-4-9-11-11	2-10-11-12-11-8-11-13-12-10-14-7	12-12-9-8-11-9-12-6-12-12-15-9	12-4-6-9-12-13-12-9-12-15-8-4	15-7-10-15-11-12-12-12-12-12-10-10
478	11	10-10-12-10-10-12-12-10-12-10-12-12	14-9-12-10-12-12-12-12-12-8-12-12	11-11-10-10-12-10-10-11-10-10-12-11	12-12-12-12-10-12-10-14-9-13-10-10	2-10-10-9-13-11-12-12-9-12-11-11	11-12-7-13-9-7-8-12-9-6-8-12	15-9-8-13-10-13-9-11-6-13-13-11	10-13-13-12-12-10-8-10-4-13-10-10	12-14-12-12-13-10-10-13-12-10-13-12	14-12-7-12-10-12-12-6-10-10-12-12	10-4-12-8-6-12-12-10-13-11-2-11	15-12-10-11-12-8-10-10-11-12-9-10
478	12	12-12-11-10-10-11-11-11-11-12-11-11	11-13-13-10-11-11-11-11-11-11-11-10	15-12-11-10-11-11-13-12-10-13-13-12	11-11-11-11-10-11-15-7-13-11-12-10	7-10-7-7-11-13-11-11-13-11-7-11	10-11-7-11-9-7-13-14-9-6-10-12	11-13-12-1-13-5-14-11-0-11-11-10	10-11-11-11-11-10-8-10-4-8-10-10	11-8-11-11-9-8-10-10-13-10-11-13	10-10-8-13-13-11-10-6-10-10-11-11	10-12-13-8-10-11-10-10-10-10-2-12	10-11-10-7-11-10-10-10-10-11-9-10
478	13	11-11-13-10-10-11-11-11-11-12-11-13	11-12-12-10-11-11-15-15-10-10-11-14	14-13-10-10-14-14-12-11-14-14-12-12	14-14-14-13-14-14-12-11-12-11-13-1	14-10-1-13-11-12-14-11-13-11-14-7	13-11-14-11-9-7-12-13-9-6-4-11	11-12-12-11-12-6-12-11-14-15-11-13	10-11-13-14-13-11-8-14-4-11-10-10	4-11-13-4-14-2-11-10-12-11-11-12	11-13-7-12-12-14-7-6-10-10-7-11	11-4-12-8-6-10-11-4-11-13-2-13	10-14-7-7-11-8-3-10-12-8-9-5
478	14	11-14-11-11-11-11-11-11-11-11-11-11	11-12-12-10-11-11-15-11-10-10-11-13	13-13-11-15-13-13-13-12-13-13-14-13	13-13-13-13-13-13-13-11-13-11-13-10	13-10-1-14-11-14-13-15-13-14-13-14	13-14-13-14-9-14-13-12-6-9-14-14	15-14-8-14-15-14-12-11-13-15-11-13	6-14-14-14-13-11-8-13-15-8-13-14	14-14-15-14-13-2-11-10-14-11-11-12	11-13-14-14-14-13-6-6-14-10-7-14	11-2-6-8-6-14-14-14-14-14-2-13	14-13-10-14-11-2-14-11-12-8-9-8
478	15	15-15-15-10-15-15-14-15-15-15-15-15	11-12-15-10-11-11-14-13-11-15-13-13	12-14-15-14-15-13-15-15-14-15-11-15	13-15-15-13-15-15-12-15-15-15-15-10	13-10-15-15-15-15-14-14-12-15-7-11	15-15-13-15-15-7-15-15-15-15-15-15	11-15-15-15-14-15-12-11-15-14-11-13	15-15-11-11-15-10-8-14-14-15-10-15	14-15-15-15-13-15-15-10-15-10-11-13	10-15-15-15-15-15-15-11-15-15-15-15	10-15-6-8-10-14-14-14-15-10-15-13	10-15-15-11-11-15-15-10-15-15-15-15
479	0	0-0-0-0-0-0-0-0-0-0-0-0	0-0-0-0-0-0-0-0-0-0-0-0	0-0-0-0-0-0-0-0-0-0-0-0	0-0-0-0-0-0-0-0-0-0-0-0	0-0-0-0-0-0-0-0-0-0-0-0	0-0-0-0-0-0-0-0-0-0-0-0	0-0-0-0-0-0-0-0-0-0-0-0	0-0-0-0-0-0-0-0-0-0-0-0	0-0-0-0-0-0-0-0-0-0-0-0	0-0-0-0-0-0-0-0-0-0-0-0	0-0-0-0-0-0-0-0-0-0-0-0	0-0-0-0-0-0-0-0-0-0-0-0
479	1	1-1-1-1-1-1-1-1-1-1-1-1	2-0-0-2-1-2-2-2-2-1-2-2	2-2-2-1-2-2-2-0-2-0-2-1	2-2-2-2-2-2-0-3-0-0-0-2	0-2-2-0-2-0-2-2-0-2-2-2	2-2-0-2-1-2-2-2-0-0-0-2	2-0-0-2-2-0-0-2-0-1-2-0	3-0-2-2-1-2-1-2-3-1-2-1	1-2-2-2-1-2-2-2-2-3-2-1	2-2-1-2-2-1-2-2-2-2-2-1	2-1-3-1-2-2-2-2-2-2-1-1	2-2-1-2-2-2-1-2-2-2-1-2
479	2	2-2-2-2-2-2-2-2-2-2-2-1	1-3-2-1-1-1-1-3-1-1-1-1	1-1-1-1-1-1-3-3-1-3-3-3	1-1-1-1-1-1-2-1-3-3-2-1	0-1-1-0-1-3-1-1-3-1-1-1	3-1-0-1-2-1-3-1-3-0-12-1	1-3-0-1-1-0-3-1-0-2-1-1	0-2-1-1-3-1-3-1-1-2-1-1	2-1-1-1-1-1-1-1-1-2-1-3	1-1-0-1-1-1-1-1-1-1-1-2	1-3-4-5-1-1-1-1-1-1-1-2	1-1-1-1-1-1-3-1-1-1-11-3
479	3	3-2-2-2-3-3-3-3-2-2-2-3	1-2-2-3-1-1-1-2-1-1-1-2	3-3-4-1-3-4-2-5-1-2-2-3	3-3-4-4-3-1-3-1-2-2-2-1	0-10-1-3-1-2-4-3-2-3-3-3	2-1-0-3-3-3-2-1-2-0-10-4	3-2-2-2-3-3-2-4-0-2-3-0	1-2-3-1-2-3-2-1-1-3-3-10	3-1-1-1-4-1-1-2-2-1-1-2	3-1-0-3-0-1-1-0-3-2-3-1	1-2-1-4-1-3-10-3-1-1-1-3	1-4-3-1-1-2-2-3-1-3-2-2
479	4	7-5-5-4-4-6-6-4-4-4-6-4	6-6-2-5-5-5-8-5-6-5-5-5	4-5-5-5-6-6-5-6-5-5-6-5	5-3-5-5-4-5-6-6-5-8-5-1	6-3-6-6-4-5-5-4-5-6-5-4	5-5-5-5-4-7-4-4-4-4-5-5	9-5-5-4-4-4-4-5-5-5-4-5	4-4-5-4-5-3-5-5-5-3-11-6	4-4-5-5-6-14-5-4-6-5-4-5	5-4-4-8-5-6-7-4-1-4-5-8	4-5-6-3-4-10-5-4-5-4-6-5	1-7-4-5-11-5-12-2-1-5-4-14
479	5	4-4-4-4-4-4-5-4-4-4-4-4	4-2-4-4-4-4-4-4-4-4-4-4	6-4-4-4-4-4-4-4-4-4-5-4	6-6-4-4-8-4-4-4-4-4-4-7	4-9-8-4-10-4-6-6-4-4-4-7	4-4-4-4-3-4-4-8-5-4-4-6	6-4-4-9-5-5-4-6-4-4-6-4	4-5-4-4-4-7-4-8-8-3-10-4	5-4-4-4-5-4-7-6-4-4-6-4	4-8-5-5-4-4-6-4-7-7-4-4	9-4-4-3-4-3-9-4-8-9-4-4	4-4-1-6-1-4-4-4-1-4-2-4
479	6	4-4-4-4-7-4-4-6-4-4-4-4	4-4-2-4-4-4-4-9-4-7-4-4	5-5-4-4-4-9-7-4-4-9-6-4	5-7-5-4-5-5-4-4-4-4-9-5	4-4-4-4-9-7-7-7-7-4-4-5	4-9-8-8-7-4-7-4-11-6-5-7	5-4-6-5-7-5-7-5-13-6-5-7	4-4-7-7-6-5-4-7-10-14-6-4	14-4-7-6-4-4-5-5-4-4-5-6	4-4-6-5-5-4-5-4-5-5-5-4	4-4-4-6-4-6-4-6-6-5-4-6	1-6-5-5-5-6-6-6-1-5-2-4
479	7	7-7-4-7-9-7-7-6-7-7-4-4	4-9-8-4-4-4-4-6-4-6-4-6	5-6-4-4-4-6-8-8-4-6-8-8	6-6-8-4-4-5-4-4-4-4-6-5	4-3-5-4-6-8-6-6-6-4-4-5	4-5-6-6-6-4-6-5-6-7-4-7	5-4-9-6-6-7-6-6-7-7-5-6	7-7-6-6-4-8-7-6-6-5-5-3	7-5-6-5-7-4-5-5-8-4-7-8	4-4-7-10-5-4-5-9-5-5-5-4	5-4-4-3-4-9-3-6-5-5-4-7	1-6-3-5-1-4-4-13-1-8-14-4
479	8	8-8-8-8-8-8-7-6-10-8-8-8	4-9-9-4-8-6-4-7-4-6-4-8	5-8-4-4-4-6-7-9-4-6-9-7	9-10-9-4-5-5-9-4-9-9-8-5	4-3-5-9-6-7-9-8-9-6-4-5	4-5-6-6-9-4-9-5-8-9-9-7	5-4-8-5-6-8-9-9-0-9-5-4	4-7-4-7-4-7-8-5-5-8-4-3	14-5-9-5-8-4-5-5-7-9-10-7	4-5-14-4-1-4-4-7-7-1-5-4	5-9-14-14-4-7-5-5-5-5-4-7	1-7-1-5-1-4-4-8-1-7-10-10
479	9	10-7-8-8-7-8-14-8-9-8-7-6	4-7-8-4-4-4-10-6-4-6-4-8	10-8-11-11-10-6-10-10-4-6-8-9	10-10-8-9-10-10-8-11-8-8-6-5	11-5-5-10-6-7-10-10-8-10-9-9	6-11-10-6-9-10-8-12-6-8-11-11	4-4-7-5-10-7-8-8-7-14-5-10	4-10-12-10-4-5-14-11-6-9-5-3	6-1-8-10-9-4-5-5-7-9-10-12	4-5-7-9-10-4-9-12-9-5-5-10	5-4-8-8-9-7-5-5-5-5-9-6	1-9-9-9-5-6-6-4-1-9-2-4
479	10	10-14-8-10-10-11-12-10-8-12-10-10	4-12-11-4-13-8-9-8-4-6-9-11	9-10-9-9-9-12-9-9-12-11-11-10	9-9-9-9-9-9-12-9-11-11-12-5	9-3-5-9-5-11-9-9-8-10-9-9	5-9-9-6-10-9-9-10-6-10-3-10	5-12-11-5-11-10-12-9-0-13-5-9	10-9-4-11-11-5-12-10-6-12-5-3	6-10-11-9-8-4-5-9-12-9-12-11	4-4-10-11-9-4-9-9-5-5-5-9	5-4-8-8-13-4-3-6-5-5-9-6	1-9-9-5-4-4-4-4-1-6-8-8
479	11	12-12-10-14-12-12-10-12-10-11-13-11	12-10-10-4-10-11-9-12-4-12-12-10	9-11-9-9-12-6-10-10-12-10-10-12	12-12-12-12-9-9-12-9-10-12-10-5	9-5-5-12-12-10-12-11-12-11-12-9	4-12-9-9-11-9-12-10-6-13-9-9	5-12-10-5-10-7-8-12-11-11-5-9	4-9-4-10-10-5-10-9-6-12-4-3	5-1-10-9-9-4-5-12-10-7-4-12	4-4-13-12-12-4-11-9-5-1-5-4	5-4-8-11-12-13-5-6-5-5-11-6	1-11-12-5-4-6-4-12-10-11-2-11
479	12	11-11-10-11-11-11-12-11-10-10-12-11	11-10-10-4-10-11-12-11-14-6-11-8	13-13-13-14-11-13-11-13-11-10-12-11	13-11-11-11-9-13-10-9-11-11-10-12	9-12-12-11-13-10-11-12-11-12-11-9	4-11-9-6-10-9-11-9-6-0-2-13	12-10-10-12-10-13-8-11-13-12-5-13	4-9-13-12-12-13-10-9-12-11-12-11	12-13-13-9-4-4-13-11-10-12-10-9	12-4-12-11-11-4-9-9-12-13-13-4	12-4-13-11-11-14-7-13-13-5-4-12	12-11-12-12-12-4-4-12-8-13-2-4
479	13	14-13-14-11-11-11-14-11-10-14-11-14	14-10-10-4-10-14-14-14-14-10-14-14	12-12-14-12-14-12-13-12-14-13-13-12	12-12-12-14-13-13-4-12-13-11-13-12	13-12-12-13-12-13-14-14-12-14-9-9	13-12-14-13-10-12-12-13-8-11-5-12	13-10-11-6-12-12-13-12-13-10-13-13	4-13-12-13-13-12-10-9-6-11-12-12	5-12-12-13-14-4-12-11-10-12-13-11	12-13-13-12-13-13-13-9-12-12-12-13	12-4-13-11-10-12-12-12-12-13-4-7	12-11-13-12-13-4-13-8-8-13-2-4
479	14	14-14-14-14-14-14-14-14-14-14-14-14	11-11-14-4-14-13-13-13-13-14-13-13	12-14-13-12-14-14-14-14-13-14-14-14	13-14-13-13-14-14-12-9-14-14-14-12	13-12-14-14-14-14-13-13-11-14-9-9	14-14-13-14-14-14-14-14-14-14-14-13	13-14-14-14-10-14-10-14-14-14-12-13	14-14-9-14-14-3-9-4-12-12-13-14	8-14-12-14-13-14-14-9-14-4-13-8	12-14-14-14-14-14-14-14-14-14-14-14	13-4-8-8-4-12-14-14-14-14-14-14	14-14-14-12-7-14-14-12-14-14-14-4
480	0	0-0-0-0-0-0-0-0-0-0-0-0	0-0-0-0-0-0-0-0-0-0-0-0	0-0-0-0-0-0-0-0-0-0-0-0	0-0-0-0-0-0-0-0-0-0-0-0	0-0-0-0-0-0-0-0-0-0-0-0	0-0-0-0-0-0-0-0-0-0-0-0	0-0-0-0-0-0-0-0-0-0-0-0	0-0-0-0-0-0-0-0-0-0-0-0	0-0-0-0-0-0-0-0-0-0-0-0	0-0-0-0-0-0-0-0-0-0-0-0	0-0-0-0-0-0-0-0-0-0-0-0	0-0-0-0-0-0-0-0-0-0-0-0
480	1	1-1-1-1-1-1-1-1-1-1-2-1	2-1-1-2-2-2-2-1-2-1-1-1	1-0-2-1-1-2-1-1-2-1-1-1	1-1-1-1-0-2-1-0-0-0-0-2	0-2-0-0-3-1-1-1-0-1-1-2	1-2-0-6-0-2-1-0-1-1-0-0	1-0-1-2-1-3-0-1-1-1-2-1	1-2-0-2-0-3-1-1-1-3-0-1	1-1-3-0-6-0-1-1-1-0-1-2	1-8-1-0-0-1-1-2-5-6-1-0	1-1-1-0-2-9-3-1-2-1-0-1	1-1-1-2-1-1-1-1-2-1-0-0
480	2	1-1-1-2-1-2-1-1-1-1-1-3	1-3-2-1-3-3-1-3-1-1-3-3	1-2-1-3-2-3-3-3-3-3-2-2	3-2-3-3-2-1-3-5-2-3-2-1	5-1-2-4-2-2-2-2-2-3-3-1	10-1-3-2-3-1-2-3-3-2-5-2	12-2-6-1-3-1-4-3-2-7-1-1	12-1-5-1-2-1-4-3-1-2-3-5	2-5-3-2-1-4-1-5-3-4-1-4	1-1-2-3-3-1-3-1-1-1-2-3	3-4-3-5-1-1-1-2-1-1-4-2	3-2-1-1-2-13-4-4-1-5-13-3
480	3	2-2-2-2-2-2-2-2-4-2-2-2	2-2-2-4-2-2-4-2-2-1-4-2	3-3-4-5-6-2-4-2-2-2-4-4	4-2-2-6-3-4-2-4-2-2-4-5	6-1-5-3-1-3-4-3-2-2-2-3	2-4-2-1-2-1-4-2-2-2-0-2	3-2-2-2-2-1-2-4-2-2-4-5	2-4-4-4-3-1-2-4-1-12-4-2	2-1-2-3-4-2-4-4-2-5-4-2	2-7-2-2-4-4-6-4-1-1-2-4	2-2-2-6-4-4-1-2-1-1-2-2	2-3-6-1-2-2-7-2-4-2-2-2
480	4	2-3-3-3-1-5-2-5-3-2-2-3	2-2-2-3-2-2-3-5-2-5-3-3	5-7-3-3-3-7-3-5-2-7-3-3	3-5-5-5-3-3-2-3-2-4-7-3	3-3-3-3-7-3-5-5-4-4-2-3	6-6-6-10-4-9-3-2-4-4-7-4	6-4-2-4-5-4-2-3-4-2-3-7	7-3-3-5-4-1-2-5-5-1-3-2	4-7-4-5-4-2-3-5-2-2-3-2	2-4-4-2-3-3-4-2-1-1-5-3	4-2-2-2-4-4-1-4-7-4-2-4	4-4-3-5-4-2-2-2-3-2-2-2
480	5	5-5-2-5-5-6-5-3-3-3-5-5	2-2-6-3-2-2-3-4-2-4-3-3	3-5-3-3-3-3-6-4-3-4-6-5	4-4-6-4-3-4-2-3-6-5-4-3	3-1-3-3-4-6-4-4-4-4-2-3	4-4-4-1-4-2-6-4-5-5-2-5	4-3-2-2-4-5-7-7-5-2-3-4	2-3-2-6-3-1-5-4-4-2-6-2	4-2-4-4-4-2-1-4-11-3-3-2	6-4-5-2-4-5-2-5-6-1-4-3	4-2-7-2-1-2-6-4-4-4-6-4	2-4-3-4-6-2-4-2-1-2-2-2
480	6	2-6-6-6-7-5-6-6-2-6-7-5	7-7-5-3-8-7-6-7-2-4-3-7	3-6-3-3-3-4-5-7-8-4-7-6	4-4-7-3-3-4-8-3-7-7-4-3	3-1-3-7-4-5-7-6-7-6-2-3	4-4-4-1-6-1-7-2-6-6-0-4	4-4-2-4-4-6-7-5-8-2-2-4	2-3-2-5-4-1-6-4-4-6-2-2	1-1-4-4-6-2-1-4-7-2-5-2	5-5-6-8-3-6-3-5-5-1-4-3	4-2-2-3-1-6-5-4-4-4-5-4	2-4-3-4-5-2-3-2-13-10-8-11
480	7	5-6-6-6-6-9-9-2-8-2-6-6	6-6-5-10-6-6-8-8-9-6-8-8	9-8-8-11-8-4-8-8-6-4-6-7	7-4-6-7-9-8-2-9-6-6-4-11	9-1-3-6-4-5-8-8-6-8-10-8	8-9-8-1-6-14-6-8-4-6-4-8	3-3-2-4-4-4-6-5-5-2-8-4	4-9-2-8-8-1-6-9-4-1-7-2	4-4-4-4-7-2-4-8-6-7-8-13	2-4-4-7-8-7-7-5-1-1-7-8	4-2-2-1-7-1-1-7-4-10-7-4	7-7-7-7-4-2-3-2-2-6-2-6
480	8	8-8-8-8-11-11-9-10-7-8-8-9	9-6-8-7-6-6-7-7-7-9-7-7	7-8-7-3-7-4-9-9-9-8-9-9	8-8-9-8-7-7-6-7-9-9-9-3	7-0-3-7-4-9-7-7-8-7-7-7	7-7-7-8-10-7-7-10-4-6-7-7	3-9-9-1-9-8-10-9-10-10-7-8	2-10-9-7-9-1-10-7-4-10-2-2	4-4-9-9-8-2-2-7-9-7-10-9	2-9-8-9-7-10-7-8-9-1-7-7	4-2-2-1-10-1-1-9-4-1-9-4	9-7-7-7-2-2-2-2-1-9-6-2
480	9	9-9-9-9-9-11-8-9-9-9-9-9	8-10-8-7-6-8-7-7-7-8-7-7	7-9-7-7-7-10-8-8-9-9-8-8	7-8-8-7-7-7-9-7-8-10-8-7	7-1-3-13-4-8-9-9-10-7-7-7	4-7-7-8-9-7-10-9-10-9-0-8	4-8-8-4-10-4-10-8-10-8-4-9	2-7-8-8-8-1-8-7-4-13-1-2	1-9-8-8-7-2-0-7-8-8-8-8	2-8-8-10-10-6-7-13-8-1-7-7	4-8-10-13-10-1-1-8-4-4-8-4	9-7-7-7-2-2-3-11-1-8-6-2
480	10	9-10-9-14-9-9-10-8-14-9-12-14	11-9-8-10-11-13-10-11-13-9-12-11	13-11-11-12-7-13-11-11-12-9-9-10	11-11-10-11-7-11-13-7-9-10-11-12	7-11-3-9-11-10-11-10-9-10-7-7	11-10-7-4-9-7-9-9-9-9-10-7	10-8-9-12-9-4-9-11-8-8-10-9	2-8-11-7-10-11-8-7-4-9-12-2	4-13-11-7-7-2-11-13-8-11-8-7	10-4-13-9-9-8-7-5-1-11-11-7	10-2-9-9-9-14-13-10-11-7-2-10	10-7-10-10-10-2-2-10-6-6-2-6
480	11	10-11-11-10-8-9-12-12-11-12-9-14	10-9-8-12-10-10-14-10-10-13-13-13	10-10-10-12-13-12-12-10-10-13-10-10	10-10-10-12-12-12-12-7-9-8-13-10	13-10-10-12-10-11-12-12-10-13-13-12	13-12-13-11-9-13-12-11-6-9-4-12	12-12-9-10-12-4-11-10-11-14-12-12	2-7-10-12-12-10-8-13-4-9-13-2	10-10-10-12-14-2-10-12-5-10-12-11	12-11-10-10-12-13-12-11-1-10-10-7	11-12-11-9-11-1-10-11-10-12-2-10	10-11-10-10-12-2-11-9-6-10-2-6
480	12	14-12-14-10-12-12-11-14-14-11-10-10	10-13-13-11-12-10-11-11-10-13-11-13	10-10-11-11-11-11-11-10-10-11-13-10	10-10-10-11-11-11-10-7-13-13-11-10	11-10-10-11-11-11-11-11-13-12-11-11	11-10-11-11-12-11-13-11-12-12-2-12	11-12-9-10-11-12-13-13-12-12-11-13	2-12-11-11-11-10-12-8-4-12-10-2	10-10-11-11-12-8-10-11-12-12-11-12	11-11-10-10-11-11-11-12-1-10-12-7	10-11-13-9-13-12-10-10-12-11-11-4	13-11-10-10-11-2-11-12-13-13-12-12
480	13	12-14-14-14-14-14-11-12-12-11-14-14	10-12-12-10-12-10-11-10-10-12-11-12	10-10-10-14-11-10-12-10-10-11-12-11	10-10-10-11-11-11-10-7-12-12-11-13	11-10-13-9-10-12-14-11-12-11-11-7	11-13-11-13-9-11-12-11-12-12-5-13	14-12-9-13-13-13-12-12-11-8-13-13	2-13-11-13-11-10-8-11-13-9-11-2	13-10-13-13-13-2-13-13-12-11-11-7	13-13-13-13-13-11-7-5-13-10-13-13	13-11-12-9-12-14-10-13-13-13-2-13	10-13-10-13-13-2-11-2-6-12-2-12
480	14	14-14-12-14-14-14-14-14-14-11-14-14	10-12-14-14-14-12-11-11-12-14-11-12	10-13-14-13-14-14-14-14-10-14-14-14	14-14-13-14-14-14-10-14-14-14-14-10	11-10-14-14-14-14-13-14-12-14-3-7	14-14-14-14-14-7-14-14-14-14-14-13	13-14-14-14-13-14-9-13-14-11-13-9	14-14-11-14-14-11-14-11-13-14-13-14	4-14-14-14-11-14-14-13-14-11-13-8	10-14-14-14-14-11-14-13-14-14-14-14	12-2-12-9-12-10-10-13-14-14-14-13	14-14-14-13-12-14-14-14-14-14-14-2
481	0	0-0-0-0-0-0-0-0-0-0-0-0	0-0-0-0-0-0-0-0-0-0-0-0	0-0-0-0-0-0-0-0-0-0-0-0	0-0-0-0-0-0-0-0-0-0-0-0	0-0-0-0-0-0-0-0-0-0-0-0	0-0-0-0-0-0-0-0-0-0-0-0	0-0-0-0-0-0-0-0-0-0-0-0	0-0-0-0-0-0-0-0-0-0-0-0	0-0-0-0-0-0-0-0-0-0-0-0	0-0-0-0-0-0-0-0-0-0-0-0	0-0-0-0-0-0-0-0-0-0-0-0	0-0-0-0-0-0-0-0-0-0-0-0
481	1	2-1-1-2-1-2-2-2-2-2-1-2	2-1-1-2-2-2-2-2-2-2-2-2	1-2-2-2-2-2-2-2-2-2-2-1	2-3-2-1-2-2-2-2-1-0-2-2	2-6-2-0-2-1-2-2-0-1-2-1	1-2-0-2-1-2-2-2-1-1-0-2	2-1-1-2-1-1-1-1-1-2-2-2	1-1-1-2-2-3-1-2-2-1-2-1	7-2-2-2-1-2-2-1-1-1-1-1	2-2-3-2-2-2-1-1-2-2-2-1	3-1-2-2-1-3-2-0-2-1-2-1	6-2-2-2-2-6-1-5-2-1-2-2
481	2	1-1-2-1-1-1-1-1-1-1-1-1	1-3-3-1-1-1-1-1-1-1-1-1	1-1-1-1-1-1-1-1-1-1-3-2	1-2-1-1-1-1-1-1-2-3-3-1	1-0-1-1-1-3-3-1-2-2-1-1	2-1-2-1-5-1-3-2-2-2-0-1	1-3-2-1-1-2-3-3-2-1-1-1	1-2-1-1-1-1-3-1-1-1-1-1	1-1-1-1-2-1-1-1-3-1-2-4	1-1-1-1-3-1-1-1-1-1-1-2	1-2-3-1-1-1-1-0-1-1-1-1	1-1-1-1-1-1-1-1-4-3-2-1
481	3	1-1-1-1-1-1-1-1-1-1-3-1	1-2-2-3-1-1-1-5-1-1-1-4	1-3-4-4-4-4-4-4-1-3-2-4	4-1-4-4-3-4-1-6-4-2-4-1	4-0-1-5-1-2-4-4-2-3-14-4	4-1-3-3-3-6-4-3-2-2-5-1	4-2-1-1-1-3-2-4-1-1-4-3	3-3-4-3-3-1-2-3-3-1-3-0	3-1-1-3-4-4-1-5-2-2-4-2	4-3-1-1-4-4-3-1-1-1-4-4	4-3-2-1-1-1-1-1-6-4-3-3	1-3-6-3-3-4-3-1-2-2-4-2
481	4	4-1-1-1-1-4-1-4-1-1-4-1	1-2-1-3-1-1-1-4-1-5-3-3	3-3-3-3-3-5-3-3-1-5-5-3	3-5-5-3-3-3-1-3-3-4-5-1	3-7-1-3-5-4-5-5-4-4-6-3	3-5-6-8-4-5-5-5-4-4-11-4	3-4-4-4-5-1-2-3-4-4-3-8	4-3-3-5-3-3-2-5-8-1-3-7	4-1-4-4-3-6-4-3-2-4-3-2	3-3-3-1-3-3-3-1-1-1-3-3	4-8-5-1-4-4-1-4-1-3-3-8	1-5-1-3-4-3-4-4-2-2-3-2
481	5	5-5-6-5-4-5-5-4-8-5-5-1	1-10-6-3-1-1-1-4-1-4-1-3	3-4-4-3-3-4-6-4-4-4-6-6	4-4-6-3-3-3-4-3-6-5-4-1	3-7-1-3-4-6-4-4-4-3-4-3	3-4-4-1-2-3-4-4-5-2-13-5	3-5-6-4-4-5-5-4-5-6-5-4	5-3-6-6-3-1-2-4-3-5-3-0	5-1-4-4-5-4-1-6-6-5-3-6	6-3-5-5-1-4-3-6-1-1-6-3	0-4-6-5-7-6-6-7-1-4-4-4	1-4-1-4-1-1-3-1-7-11-13-5
481	6	6-8-6-5-6-7-6-6-6-8-7-7	1-7-5-3-1-1-1-7-1-7-1-7	3-6-4-4-3-4-7-8-5-4-7-5	3-7-7-7-3-3-6-3-6-5-7-1	3-1-1-6-4-5-7-5-7-4-4-3	3-4-4-4-6-3-7-5-6-6-7-5	3-5-12-1-4-6-6-7-6-5-3-6	6-5-5-5-3-5-8-4-3-6-3-0	1-1-4-4-6-4-1-5-5-7-6-5	5-3-6-7-1-7-3-5-5-1-5-3	0-4-5-8-7-5-1-14-3-4-3-4	1-3-3-3-3-1-5-7-1-10-6-1
481	7	9-6-6-5-7-6-5-6-7-6-6-6	9-6-6-3-12-1-1-6-9-6-9-6	1-7-8-8-7-8-8-5-9-7-6-7	8-8-8-8-7-7-7-8-8-9-8-1	9-6-8-10-11-5-8-8-6-8-8-8	8-9-8-4-8-7-6-8-6-5-6-7	3-6-5-1-4-6-6-8-5-14-8-6	5-8-7-8-8-8-14-8-4-6-8-4	1-1-4-7-8-8-7-7-8-6-7-8	8-7-7-6-7-14-8-6-1-1-5-7	13-4-6-6-7-5-7-5-5-7-8-4	1-6-7-8-1-7-5-6-5-2-5-7
481	8	8-6-8-9-7-8-7-6-6-6-9-9	7-6-6-9-7-10-9-9-7-6-9-9	9-9-9-9-9-9-9-9-9-8-9-9	9-9-7-7-8-9-7-9-7-6-7-10	10-0-7-9-9-8-9-9-6-7-7-7	7-9-7-4-7-9-9-7-6-6-4-8	3-6-6-1-9-8-6-7-6-5-7-4	4-8-14-9-8-9-6-7-4-8-7-0	4-1-4-9-7-7-1-7-7-6-7-7	7-7-7-1-9-8-7-6-9-1-1-10	0-4-6-6-0-11-1-0-0-7-7-4	1-8-8-7-1-6-8-1-2-2-6-2
481	9	9-10-9-8-9-10-10-9-11-9-10-8	10-10-12-8-7-10-8-8-7-6-7-8	8-8-8-8-8-10-8-8-8-8-10-8	8-9-8-9-8-8-7-8-7-11-9-1	7-0-7-8-8-10-8-8-10-9-7-7	7-7-10-8-9-8-10-9-9-9-3-8	3-10-6-1-8-9-13-8-6-12-3-10	9-8-7-8-7-8-11-7-8-13-7-10	9-1-10-8-6-7-14-3-6-11-7-10	7-3-7-1-8-8-7-10-8-1-14-8	14-4-9-6-11-12-1-0-1-7-7-4	1-8-8-3-1-11-8-9-11-9-11-9
481	10	10-9-10-9-7-9-10-9-9-12-9-9	9-9-9-8-7-9-12-11-14-6-12-14	10-11-12-8-10-9-9-11-11-9-9-10	11-10-11-11-8-10-12-8-9-10-10-10	8-11-7-8-11-9-11-7-9-10-7-7	7-10-9-8-11-8-9-9-9-9-12-8	10-9-10-12-10-11-9-11-4-5-10-9	11-5-12-7-8-11-9-7-3-10-10-11	10-11-9-8-3-10-1-11-7-7-8-9	7-3-7-1-9-8-7-9-1-12-10-8	11-3-9-6-9-10-11-10-11-7-7-4	10-8-10-6-6-13-8-13-11-11-9-9
481	11	10-9-12-11-7-10-14-9-11-13-9-9	12-9-9-12-9-12-11-10-12-6-12-12	10-10-10-13-13-12-12-10-10-13-12-10	12-10-10-12-12-12-10-8-9-9-12-1	13-10-8-8-10-11-12-12-9-9-7-7	12-12-12-4-9-8-9-7-9-9-4-9	3-12-9-4-10-10-9-10-6-9-12-4	10-11-7-12-12-10-9-7-4-9-10-10	10-10-11-12-13-7-12-12-7-6-11-9	7-11-7-1-12-13-12-9-8-10-12-8	10-12-13-6-9-8-10-11-10-12-7-4	9-12-10-11-11-9-11-10-10-10-9-9
481	12	12-12-11-13-12-10-12-12-14-10-12-12	11-13-9-11-7-11-10-11-11-13-11-11	8-10-10-11-11-11-11-10-10-13-13-13	11-10-11-11-11-11-10-8-13-13-11-1	11-10-1-12-11-13-11-11-13-12-12-7	11-7-11-14-12-8-13-12-13-12-7-12	3-11-6-4-13-12-13-13-6-9-11-13	10-11-10-11-11-10-13-7-8-11-7-10	12-10-11-11-12-11-11-11-13-13-11-13	7-11-12-13-11-13-11-13-11-10-11-8	10-11-14-6-13-8-10-13-11-11-7-4	13-11-10-11-11-13-11-12-12-10-12-9
481	13	12-14-14-14-13-14-14-14-14-14-14-14	9-12-9-11-13-14-11-13-14-12-11-14	10-13-10-11-11-12-12-14-14-12-12-12	14-10-13-14-11-11-10-8-12-12-12-13	11-14-8-8-13-12-14-11-12-13-13-13	11-13-11-13-12-14-12-13-12-12-5-14	14-9-12-13-14-13-6-12-4-14-11-13	4-11-7-11-11-10-9-7-13-9-11-10	14-10-11-8-11-7-13-10-7-12-11-12	7-11-13-12-11-11-13-12-13-10-13-8	10-4-12-6-12-13-10-13-13-7-7-4	13-11-10-13-13-12-11-10-2-13-5-9
481	14	14-14-14-14-14-14-14-14-14-14-14-14	12-12-14-11-14-13-11-13-10-14-13-10	12-12-14-11-14-14-14-13-13-14-14-12	13-14-13-13-14-14-10-14-14-14-14-10	14-10-14-14-14-14-13-13-12-14-3-14	14-14-14-14-14-13-14-14-14-14-14-13	13-14-14-14-13-14-14-13-14-13-7-12	14-14-8-14-14-10-14-7-13-14-12-10	13-14-14-14-3-14-14-12-14-7-8-13	7-14-14-1-14-11-14-12-14-14-10-14	10-14-12-6-12-5-14-12-14-14-14-14	14-14-14-13-1-14-14-14-14-14-14-9
482	0	0-0-0-0-0-0-0-0-0-0-0-0	0-0-0-0-0-0-0-0-0-0-0-0	0-0-0-0-0-0-0-0-0-0-0-0	0-0-0-0-0-0-0-0-0-0-0-0	0-0-0-0-0-0-0-0-0-0-0-0	0-0-0-0-0-0-0-0-0-0-0-0	0-0-0-0-0-0-0-0-0-0-0-0	0-0-0-0-0-0-0-0-0-0-0-0	0-0-0-0-0-0-0-0-0-0-0-0	0-0-0-0-0-0-0-0-0-0-0-0	0-0-0-0-0-0-0-0-0-0-0-0	0-0-0-0-0-0-0-0-0-0-0-0
482	1	1-1-1-1-1-1-1-1-1-1-1-1	1-0-0-0-0-1-1-1-1-1-1-2	1-0-1-1-1-0-1-1-1-0-1-1	2-1-2-1-1-2-0-1-0-0-0-1	0-1-1-1-3-0-2-1-0-1-1-1	1-2-0-1-1-1-0-0-0-0-0-0	1-0-1-7-2-0-1-2-0-1-6-0	1-1-3-0-1-3-1-0-1-3-1-1	3-1-1-0-1-1-10-3-1-1-1-0	2-2-1-0-0-1-0-1-2-3-3-0	6-0-1-1-8-0-1-3-3-0-1-1	1-1-1-3-3-5-1-1-1-2-1-1
482	2	3-2-2-3-3-2-2-2-3-3-2-3	3-3-3-4-3-3-1-3-3-3-3-3	1-2-2-4-3-3-3-3-3-3-3-3	3-3-3-3-2-1-3-3-3-3-2-3	3-1-2-3-1-2-3-2-3-3-3-1	5-2-3-3-3-1-2-2-2-2-4-3	2-2-2-2-1-2-3-1-2-2-1-2	6-2-1-2-2-6-3-2-2-2-3-6	2-3-3-3-3-4-3-2-3-4-2-3	1-5-3-2-3-3-3-1-4-1-1-3	2-3-6-2-5-3-1-1-2-3-3-3	3-3-4-2-5-4-9-4-5-3-9-3
482	3	2-2-2-2-2-2-2-2-2-2-2-2	2-2-2-3-2-2-1-2-2-2-5-2	6-3-4-3-6-2-4-2-2-2-4-4	4-2-2-2-4-4-2-4-4-2-4-2	4-1-4-4-1-3-4-4-2-2-2-5	4-4-2-2-2-1-3-3-2-2-1-4	3-2-2-1-3-0-2-2-0-2-4-2	2-3-4-3-3-1-2-4-3-1-2-2	1-2-2-2-2-2-2-4-2-2-4-2	1-7-2-2-2-4-2-0-3-1-1-4	1-2-2-2-2-2-1-1-1-2-2-2	2-2-2-1-1-2-3-2-2-2-2-2
482	4	2-2-2-2-2-2-2-2-2-2-2-2	2-2-2-3-2-2-2-5-4-5-3-4	7-5-3-3-3-7-5-5-2-5-3-3	3-4-5-3-3-3-4-3-3-4-3-1	3-4-3-3-5-3-5-3-4-2-3-3	3-6-6-7-4-3-5-5-4-4-10-4	4-5-2-1-5-0-4-5-4-2-3-7	2-3-3-5-4-4-4-3-4-2-4-2	7-2-4-4-2-2-7-5-2-2-3-2	4-2-2-2-3-3-4-4-2-1-1-3	7-7-2-2-7-4-2-1-4-6-2-4	2-4-5-5-2-2-7-2-2-2-2-4
482	5	5-5-5-5-2-2-6-2-2-2-5-2	2-7-5-3-2-2-4-4-2-4-3-4	4-4-3-3-3-4-6-7-2-4-6-6	4-4-6-2-3-3-2-3-6-7-4-1	3-1-3-3-4-7-4-3-4-2-2-3	2-4-4-1-5-2-4-4-5-5-2-5	4-4-5-1-4-0-5-6-7-5-2-4	2-3-4-6-4-4-5-6-4-5-2-2	2-2-4-4-5-2-1-4-2-7-5-6	4-2-2-6-2-4-3-5-6-1-1-3	1-6-2-1-2-7-1-1-1-4-2-4	1-4-4-4-2-2-4-2-2-6-5-2
482	6	6-6-6-6-7-6-5-6-6-6-6-6	2-7-7-3-2-7-2-5-2-4-3-5	4-6-3-3-3-4-5-5-8-7-7-5	3-7-7-2-3-4-2-3-7-5-7-1	3-1-3-7-4-5-7-6-7-2-2-3	1-4-4-2-7-4-7-7-5-7-1-5	4-4-7-1-4-6-6-7-5-5-1-4	2-3-4-5-4-2-6-5-4-7-2-2	2-4-7-5-5-2-1-4-2-5-5-5	2-2-2-5-7-4-7-11-5-1-1-3	1-5-2-13-7-5-1-1-1-4-5-4	1-12-4-2-2-2-3-2-2-5-5-2
482	7	7-6-7-2-6-6-2-5-2-2-8-6	2-6-6-8-2-6-2-8-2-4-8-8	8-8-8-8-3-4-8-8-8-6-6-8	8-8-6-7-9-8-2-8-6-5-6-7	8-7-7-8-4-5-8-8-6-8-8-7	8-8-4-4-6-8-6-6-5-6-8-7	13-4-6-1-4-7-5-8-5-13-8-4	2-8-2-8-4-7-6-8-4-13-7-2	8-4-13-4-7-2-4-8-2-7-9-7	4-8-2-7-8-8-7-6-7-1-8-8	4-4-6-6-4-7-1-1-8-4-2-4	8-7-7-7-13-2-4-2-2-6-0-2
482	8	8-8-8-8-8-9-8-8-9-6-7-8	2-10-11-7-11-6-7-7-8-4-7-7	7-7-7-7-3-4-7-7-6-10-9-7	7-8-8-7-7-7-10-7-9-10-9-7	7-7-7-7-4-9-9-7-9-8-7-7	7-7-9-8-10-7-9-11-9-8-7-8	7-8-10-1-8-8-6-7-5-8-7-4	2-7-13-9-11-4-8-8-4-8-7-2	7-8-4-7-5-2-1-7-11-7-8-10	9-7-8-7-7-7-12-6-7-1-7-8	7-2-6-11-1-5-8-1-7-8-2-4	7-7-2-7-2-8-3-2-8-9-8-8
482	9	9-9-8-9-8-8-11-8-9-6-8-13	2-8-8-11-11-10-11-10-11-11-10-10	10-10-10-7-9-10-8-12-10-8-8-9	10-9-10-10-7-7-10-7-8-12-10-7	7-10-7-9-9-8-10-10-8-9-9-11	13-10-8-9-8-13-8-8-9-8-9-7	9-9-9-8-9-9-6-10-9-7-10-9	2-8-10-8-8-10-8-7-7-9-9-10	9-10-11-9-10-2-9-10-2-2-7-8	8-7-10-10-9-8-8-5-10-2-10-8	10-2-9-9-4-10-10-8-10-8-2-9	8-7-9-9-9-2-2-1-9-10-2-2
482	10	11-12-13-11-10-10-8-13-10-11-13-11	2-8-8-11-9-11-9-11-11-9-11-9	12-9-11-13-11-9-11-11-9-11-9-11	11-9-9-9-11-11-9-12-8-11-9-7	11-9-11-11-12-10-11-11-8-9-12-12	11-9-8-11-8-9-11-8-9-10-9-11	13-10-8-1-9-9-5-11-5-2-9-4	2-10-9-11-13-9-8-13-4-9-9-9	9-9-11-11-13-2-1-9-2-2-11-8	9-11-9-9-11-10-11-6-9-1-9-10	9-2-9-9-2-9-9-1-9-11-2-10	8-8-9-7-10-2-10-2-9-10-11-10
482	11	12-11-11-11-11-8-12-11-11-10-12-11	11-12-8-10-9-11-9-10-13-9-10-9	10-10-10-10-10-10-10-10-10-12-12-10	10-11-9-9-10-10-11-7-12-10-12-7	10-9-10-10-10-12-10-10-12-9-10-10	10-9-8-10-11-9-12-8-12-11-9-10	10-10-8-1-9-11-12-10-8-11-9-10	2-10-9-10-8-9-8-8-4-11-9-9	9-11-10-10-11-2-2-10-8-7-10-12	8-10-2-9-7-10-10-6-10-1-9-10	9-8-12-8-1-9-9-13-9-10-10-10	11-8-9-7-13-12-10-2-9-10-10-12
482	12	11-10-11-11-11-8-11-13-11-13-11-12	13-11-11-10-10-13-13-10-11-12-13-9	10-12-13-10-10-10-11-9-13-11-11-12	10-9-12-12-10-10-11-10-11-9-11-7	12-12-10-12-10-11-13-10-11-9-10-13	13-7-10-13-11-9-11-12-11-11-0-13	12-10-10-12-9-9-11-11-11-8-12-12	2-10-11-10-11-10-8-8-12-9-12-9	12-9-11-10-10-11-12-12-11-12-10-11	12-12-9-13-12-10-8-13-9-12-12-10	12-4-11-12-12-9-9-1-12-12-12-4	12-7-7-12-12-12-10-12-9-12-11-11
482	13	13-13-13-13-13-13-11-13-13-13-13-13	12-11-13-10-13-12-10-10-11-13-12-9	11-11-13-10-13-13-13-13-12-13-13-13	13-13-12-13-13-13-11-10-13-13-13-12	10-9-13-13-13-13-12-13-11-13-2-12	13-13-13-12-13-9-13-13-13-13-13-12	7-13-13-13-8-13-13-12-13-7-12-9	13-13-8-13-13-10-8-10-7-7-12-9	12-13-13-13-10-13-13-7-13-2-10-5	13-13-13-12-13-13-13-12-9-13-13-13	9-13-13-6-13-9-9-13-13-13-13-13	13-13-13-12-11-13-13-13-13-13-13-10
483	0	0-0-0-0-0-0-0-0-0-0-0-0	0-0-0-0-0-0-0-0-0-0-0-0	0-0-0-0-0-0-0-0-0-0-0-0	0-0-0-0-0-0-0-0-0-0-0-0	0-0-0-0-0-0-0-0-0-0-0-0	0-0-0-0-0-0-0-0-0-0-0-0	0-0-0-0-0-0-0-0-0-0-0-0	0-0-0-0-0-0-0-0-0-0-0-0	0-0-0-0-0-0-0-0-0-0-0-0	0-0-0-0-0-0-0-0-0-0-0-0	0-0-0-0-0-0-0-0-0-0-0-0	0-0-0-0-0-0-0-0-0-0-0-0
483	1	1-1-1-0-1-0-0-1-1-1-1-1	1-0-0-2-0-1-1-0-2-0-2-0	2-2-2-2-2-0-2-0-0-0-2-2	2-2-1-1-2-2-0-2-2-2-0-2	2-1-2-2-2-0-2-2-0-0-2-2	2-2-2-1-1-2-2-2-0-0-0-0	0-0-1-0-0-0-0-2-1-1-2-0	1-0-2-2-0-1-0-3-2-0-1-1	0-2-1-2-1-2-1-0-1-1-2-2	2-1-1-0-0-0-2-0-2-1-0-0	0-0-0-0-2-0-0-1-0-2-1-1	2-2-2-1-2-1-2-0-0-2-0-0
483	2	2-2-2-2-2-2-2-2-2-2-2-2	1-3-2-1-2-2-1-2-1-2-1-2	1-1-1-1-1-1-1-2-0-0-1-1	1-1-0-1-1-1-0-1-1-1-3-1	1-2-1-1-1-2-1-1-3-3-1-1	1-1-1-2-2-1-3-1-2-0-0-2	0-1-2-2-2-0-3-1-0-0-1-0	2-1-1-1-2-2-3-0-1-2-1-2	2-1-1-1-1-1-2-2-2-2-1-1	1-1-2-2-2-1-1-2-1-2-0-2	3-2-2-4-1-0-0-2-2-1-1-2	1-1-1-2-1-2-1-2-7-1-0-3
483	3	3-3-3-3-3-3-4-4-3-3-3-3	4-2-2-4-4-4-4-3-3-4-3-4	6-4-4-4-4-4-3-4-3-4-3-3	3-3-4-3-4-4-4-4-4-4-4-16	4-13-6-1-4-2-3-3-4-4-1-1	3-4-1-4-3-4-4-4-4-0-0-4	3-4-2-3-3-4-2-2-4-3-3-4	4-4-5-3-3-3-2-1-3-3-4-3	3-3-4-3-5-3-3-3-2-5-3-4	3-3-3-4-2-4-4-4-3-3-3-4	2-3-4-2-4-3-3-3-3-3-3-3	3-3-3-3-3-3-3-3-3-3-3-4
483	4	5-3-5-4-5-3-3-3-5-4-5-4	3-2-3-3-3-3-5-5-5-5-4-3	3-3-6-3-4-5-5-3-3-3-4-4	3-4-3-4-3-3-3-3-3-3-3-4	5-3-9-3-3-3-4-5-3-4-4-5	5-3-1-4-6-3-3-3-3-0-5-3	15-3-4-8-5-3-3-4-3-4-10-3	3-4-3-5-3-6-2-4-3-3-3-5	3-6-3-4-6-4-3-10-5-4-4-5	3-3-4-3-3-3-3-3-8-6-13-3	9-3-3-2-3-4-6-3-6-3-3-4	3-3-4-3-12-3-4-4-5-8-4-3
483	5	6-6-6-5-6-6-6-6-6-6-6-5	6-6-6-3-6-6-4-6-8-6-4-6	3-5-7-6-6-6-6-6-7-5-5-6	6-6-6-6-5-4-6-7-5-6-5-3	7-3-5-6-3-5-6-5-5-6-6-4	6-4-6-5-7-11-5-5-7-5-14-6	12-5-5-5-6-6-6-6-5-7-4-5	11-5-6-4-5-4-6-6-3-5-4-13	5-4-6-5-7-7-14-4-6-6-5-6	6-14-8-5-6-5-7-4-4-4-5-5	6-6-12-5-6-6-4-3-6-5-6-5	6-5-5-3-6-6-5-6-6-6-6-8
483	6	5-5-5-5-5-5-5-5-5-5-5-5	5-5-5-8-5-5-5-7-5-5-9-5	3-6-4-10-7-5-7-5-5-6-7-7	7-5-5-5-7-7-5-9-7-5-7-3	8-3-3-7-3-6-7-7-5-5-5-6	7-3-5-5-5-7-6-6-5-5-11-5	3-6-5-3-5-5-5-5-5-5-5-6	5-6-5-6-6-4-5-5-3-5-4-5	5-4-5-9-7-5-3-6-5-5-6-5	5-6-5-5-5-7-5-5-4-4-4-6	5-5-5-5-5-5-4-3-5-6-5-5	5-6-3-3-5-5-6-5-5-5-5-5
483	7	5-5-5-5-5-5-5-5-5-5-5-5	5-5-5-6-5-5-8-6-5-5-6-6	10-6-5-6-6-12-6-6-5-6-6-6	6-8-8-6-6-6-5-6-6-7-6-3	6-3-6-6-8-6-8-6-7-5-9-6	6-8-8-5-5-6-8-8-5-7-16-7	6-7-5-3-8-7-5-5-7-5-4-10	5-6-10-8-7-5-7-11-7-5-7-5	7-4-7-7-5-5-7-6-5-7-6-5	7-6-5-5-6-6-5-7-4-8-4-6	12-12-5-5-7-7-4-3-10-8-5-7	3-7-3-3-4-5-6-5-2-5-5-7
483	8	5-5-5-5-5-5-5-5-5-5-5-5	5-5-9-6-5-5-7-9-5-7-6-9	3-7-6-6-6-7-9-10-5-10-9-9	7-7-7-6-6-6-5-6-9-9-10-3	6-3-3-6-7-10-7-6-7-5-10-6	5-7-7-5-5-6-9-9-7-8-11-7	6-7-5-4-7-7-9-5-8-5-5-7	5-6-7-7-6-4-8-8-9-9-5-5	8-4-7-7-4-5-5-7-5-7-9-5	7-6-5-10-6-6-9-7-4-7-3-7	5-7-12-5-9-7-4-3-7-9-5-9	5-7-3-3-5-5-6-5-9-5-5-5
483	9	5-5-9-5-5-5-9-5-11-5-5-5	5-5-8-6-5-5-5-8-5-5-6-8	7-9-6-6-10-7-8-11-6-7-10-8	7-7-10-6-6-7-5-6-10-8-8-3	6-3-4-10-7-8-9-9-10-5-5-6	6-7-7-4-9-6-8-8-9-9-11-7	3-7-10-3-7-9-10-10-9-9-3-7	5-6-7-8-6-4-11-9-8-8-4-5	5-4-8-7-9-7-4-6-5-13-8-10	14-6-9-8-9-6-8-9-6-4-11-6	7-5-15-5-8-4-4-3-7-8-5-8	3-7-3-3-5-5-6-5-8-5-10-5
483	10	5-5-9-5-5-5-5-5-11-5-5-9	5-8-9-6-5-5-5-12-11-5-5-12	7-10-11-6-9-8-11-8-9-8-9-10	11-8-9-11-6-7-5-6-9-8-8-3	11-3-3-11-7-8-11-9-9-10-8-6	15-7-7-5-9-7-9-10-9-10-6-11	3-7-8-3-7-9-9-9-9-9-4-7	5-6-7-7-10-4-9-7-7-5-11-5	9-3-7-10-9-10-3-11-12-12-14-10	5-6-10-8-12-6-10-16-4-4-4-6	7-7-9-5-9-11-4-3-7-7-12-7	3-12-10-3-5-5-6-5-8-5-9-9
483	11	5-5-5-5-5-11-9-5-9-5-5-10	5-5-9-6-5-5-12-12-10-10-13-10	7-11-13-13-12-13-12-13-12-13-12-12	10-8-11-10-13-13-9-13-13-8-8-3	10-7-4-12-7-8-10-9-12-13-10-6	6-8-7-12-11-5-10-10-11-11-6-10	3-7-11-3-7-11-9-9-11-14-5-7	5-11-7-10-10-4-9-7-7-11-10-5	7-3-7-7-9-10-5-10-10-10-11-10	12-6-11-8-6-6-9-16-3-4-9-6	7-7-5-5-17-10-5-3-7-6-10-7	5-7-10-3-5-5-12-10-8-5-9-12
483	12	5-13-12-12-12-5-12-5-13-5-5-12	5-5-8-6-5-5-11-11-11-10-13-10	13-13-13-11-11-7-13-11-13-11-11-11	13-7-13-13-14-13-7-16-10-13-8-3	13-3-4-11-7-8-13-13-11-11-13-13	7-13-15-11-9-13-8-7-9-11-6-13	5-7-11-3-13-12-9-13-11-17-3-7	5-12-11-13-10-13-9-12-7-5-12-5	13-4-7-13-12-10-3-13-10-10-12-10	13-13-12-9-13-6-13-9-4-4-4-12	7-7-5-9-11-12-4-3-7-6-10-12	5-10-10-3-4-5-11-5-8-12-9-9
483	13	13-17-15-5-13-15-15-5-12-14-15-5	5-14-14-6-5-12-15-11-10-14-12-15	12-12-12-11-14-14-14-11-12-11-14-12	12-13-12-12-12-12-16-12-14-12-13-3	12-3-4-12-7-14-14-12-14-11-12-12	5-12-12-11-13-12-14-13-11-13-5-12	3-13-11-3-17-13-10-14-11-16-4-7	5-12-5-12-14-12-9-12-7-16-5-5	12-13-7-12-15-10-3-12-12-9-13-16	12-12-15-14-12-6-12-14-4-4-4-6	7-10-13-5-5-13-4-5-3-7-10-12	5-7-10-3-5-5-11-5-8-5-5-14
483	14	5-14-13-17-16-15-15-15-16-15-13-5	15-13-13-6-16-14-16-16-16-13-15-14	15-15-16-11-13-15-13-16-15-13-13-14	15-14-13-14-12-12-15-12-13-12-13-14	12-15-3-10-16-13-15-15-13-11-14-14	15-12-13-5-13-17-13-16-5-11-5-12	14-7-11-15-14-12-9-13-11-11-14-14	15-12-15-13-13-15-9-12-7-14-15-15	14-16-7-15-12-10-5-14-10-5-10-10	9-17-14-15-16-6-13-13-16-16-16-6	15-5-5-14-11-14-16-15-16-9-10-14	14-7-14-3-14-5-6-14-8-14-5-13
483	15	15-17-13-15-15-16-14-15-15-14-15-13	14-16-16-14-5-16-14-14-14-16-14-16	14-14-12-11-12-14-14-14-14-16-16-16	14-14-14-11-12-14-16-12-16-16-15-14	12-14-3-12-14-15-14-14-15-11-12-14	14-12-12-11-14-14-16-13-15-15-4-15	3-15-11-14-14-15-14-16-15-15-14-15	14-12-14-13-6-14-16-12-7-13-14-14	14-14-7-12-13-14-15-6-14-16-6-13	14-6-13-14-12-10-10-11-4-14-14-6	14-5-9-5-5-14-14-14-14-6-10-12	16-7-14-3-14-5-11-5-8-14-13-5
483	16	15-16-17-5-16-15-17-17-15-17-15-17	16-15-15-17-14-16-14-17-14-15-14-15	14-16-14-17-16-16-16-14-14-15-15-15	17-14-16-17-16-16-15-12-15-15-16-3	16-14-16-11-14-15-15-16-15-11-12-16	16-12-17-16-13-12-15-16-15-11-7-12	17-15-11-16-13-12-9-15-11-11-16-16	14-12-14-16-16-14-15-17-7-13-16-14	14-14-16-16-17-10-3-16-10-16-16-13	14-16-16-14-14-16-16-11-14-14-14-6	14-16-5-14-11-14-14-14-14-16-10-16	15-7-14-16-16-5-11-5-8-14-13-13
483	17	17-17-16-17-17-17-16-17-17-16-17-17	16-15-17-16-17-16-14-16-14-17-14-16	14-16-17-16-17-16-17-17-15-17-17-15	16-17-17-16-17-17-15-12-17-17-17-14	16-14-17-17-17-17-16-17-16-17-12-12	17-17-16-17-17-14-17-17-17-17-17-17	16-17-17-17-13-17-10-16-17-12-16-16	17-17-13-17-17-14-11-16-12-12-13-14	9-17-7-17-16-17-17-16-17-5-16-10	3-17-17-17-17-10-17-16-17-17-17-17	14-7-17-17-11-10-14-14-17-17-10-17	17-7-17-3-17-17-17-5-17-17-17-13
484	0	0-0-0-0-0-0-0-0-0-0-0-0	0-0-0-0-0-0-0-0-0-0-0-0	0-0-0-0-0-0-0-0-0-0-0-0	0-0-0-0-0-0-0-0-0-0-0-0	0-0-0-0-0-0-0-0-0-0-0-0	0-0-0-0-0-0-0-0-0-0-0-0	0-0-0-0-0-0-0-0-0-0-0-0	0-0-0-0-0-0-0-0-0-0-0-0	0-0-0-0-0-0-0-0-0-0-0-0	0-0-0-0-0-0-0-0-0-0-0-0	0-0-0-0-0-0-0-0-0-0-0-0	0-0-0-0-0-0-0-0-0-0-0-0
484	1	1-1-1-1-1-1-1-1-0-1-1-1	1-0-0-1-0-1-2-2-1-0-1-1	1-2-2-1-1-1-1-2-3-0-2-1	2-2-2-1-1-1-0-8-0-0-0-5	0-1-5-0-2-0-2-1-0-1-1-1	1-1-0-1-1-1-0-1-0-0-0-1	5-0-0-5-1-1-0-1-0-1-1-0	1-0-1-1-1-1-0-1-1-2-1-2	0-1-2-1-5-0-2-1-0-0-1-1	1-1-1-1-1-1-1-0-1-2-2-1	2-1-2-0-1-1-1-1-2-1-1-1	1-1-1-1-1-1-1-2-0-1-1-0
484	2	2-2-2-0-2-2-2-2-2-2-2-2	2-3-0-3-2-2-1-2-2-1-3-2	1-1-1-3-3-1-3-1-1-3-1-2	3-1-1-3-3-4-0-3-3-0-3-1	3-1-3-3-1-2-1-3-1-2-3-4	3-5-2-2-2-1-2-2-0-0-0-4	2-0-2-1-2-0-2-1-2-0-3-2	1-2-3-2-2-1-0-3-1-1-3-1	2-1-1-2-3-5-1-1-2-3-3-2	2-2-0-2-3-3-2-2-1-1-1-3	1-2-3-0-3-2-1-1-1-2-2-1	1-2-2-1-2-2-2-1-0-0-0-2
484	3	3-3-2-3-3-3-3-3-3-3-3-3	4-3-0-2-3-4-1-4-3-4-2-4	1-4-2-2-2-4-2-5-1-4-3-4	2-4-4-2-2-2-4-2-2-3-5-1	2-1-2-2-4-2-4-2-3-3-2-2	2-2-5-3-3-1-4-2-3-3-0-3	1-3-0-1-4-3-4-3-3-4-2-5	3-2-4-4-2-4-0-5-3-3-3-3	3-1-3-3-2-6-3-4-0-2-2-4	2-3-1-2-2-2-3-3-1-1-1-4	4-4-3-0-3-3-6-3-3-4-2-3	1-3-3-1-3-3-2-3-3-3-0-4
484	4	4-4-4-4-5-4-4-4-4-4-4-4	3-5-4-2-3-5-1-3-2-3-2-3	1-3-2-3-2-3-5-3-1-3-5-5	3-3-3-3-2-2-3-2-5-4-3-1	2-1-1-4-3-5-3-2-3-4-2-2	1-1-3-3-3-1-3-2-3-4-0-2	1-6-9-1-3-0-4-3-4-5-2-4	4-2-3-5-4-3-9-3-7-4-3-6	4-1-5-3-13-4-1-5-5-2-5-3	5-3-4-5-2-5-2-4-1-1-1-3	5-3-3-4-4-4-6-3-3-3-5-3	1-3-1-5-4-3-2-4-4-4-4-3
484	5	5-5-5-5-5-5-5-5-5-6-5-5	6-6-5-2-6-5-6-6-3-3-2-6	1-5-2-3-6-5-6-3-6-6-6-4	3-3-4-3-2-2-6-2-6-6-3-1	2-1-1-2-3-4-6-5-6-3-2-2	1-2-3-3-9-1-6-2-5-5-0-3	1-8-6-1-3-5-6-6-3-4-1-10	4-2-4-4-2-3-6-3-3-5-3-5	5-1-4-3-1-2-1-4-4-6-4-4	4-3-5-4-6-6-9-6-5-1-1-5	4-3-5-5-6-5-4-6-1-3-6-4	5-3-1-4-3-3-2-5-5-4-6-6
484	6	5-6-5-5-5-4-6-6-6-5-5-5	5-5-4-7-5-6-7-5-7-3-7-5	1-7-7-7-7-7-7-7-5-5-5-7	7-6-6-6-7-7-5-7-5-5-5-1	7-1-7-7-1-4-7-7-5-7-7-7	7-7-3-6-6-7-5-6-3-5-7-7	7-7-5-7-3-11-5-5-3-9-7-6	3-7-4-7-4-6-5-4-3-6-6-4	7-1-5-6-9-6-7-7-5-5-4-6	6-7-9-6-7-5-6-5-6-1-7-5	5-3-6-4-5-6-7-5-7-6-5-3	5-6-6-7-7-6-3-6-5-6-5-6
484	7	7-7-7-7-7-8-7-7-7-7-8-7	6-8-8-6-5-8-6-8-6-7-6-7	8-6-6-6-6-3-6-6-6-8-6-6	7-6-6-6-6-6-8-2-8-8-7-6	6-1-1-6-8-7-6-6-8-6-6-6	6-6-8-7-9-6-8-7-7-7-6-7	6-6-8-6-9-7-7-7-8-7-6-7	7-6-7-6-7-7-7-7-7-7-6-7	6-7-3-7-8-7-6-6-9-5-7-4	7-6-7-7-6-7-6-7-6-1-6-7	6-7-6-4-7-4-7-7-6-3-9-3	5-6-8-6-6-6-7-9-7-6-9-7
484	8	8-9-9-10-9-9-9-12-9-9-9-10	10-7-9-10-9-9-9-10-9-9-10-9	8-8-9-9-8-8-8-8-9-9-8-8	8-8-9-8-8-9-8-8-7-8-7-8	6-11-8-8-11-7-9-8-7-8-8-8	8-8-7-8-8-12-7-9-7-7-10-6	8-5-8-13-8-8-6-8-7-8-11-7	8-7-10-6-7-9-7-11-8-9-8-9	6-9-8-6-10-8-10-9-7-11-7-13	8-8-7-13-10-7-6-8-9-10-6-10	10-2-10-9-7-10-8-10-10-13-7-3	13-6-8-6-10-8-8-12-10-10-7-12
484	9	8-8-8-10-8-8-8-8-8-8-8-8	8-7-8-8-8-8-8-8-8-8-8-8	10-11-8-13-10-12-10-10-8-10-10-9	10-8-8-8-10-11-8-12-10-9-9-1	11-8-1-9-10-9-10-12-9-9-9-6	10-10-10-12-5-9-10-9-7-5-10-7	13-9-8-9-7-9-7-10-3-13-9-9	8-9-9-9-12-8-7-12-9-8-9-8	9-8-11-10-12-10-9-10-7-5-9-10	8-9-9-11-8-9-10-7-8-8-6-9	9-9-9-8-5-8-9-8-9-9-7-11	5-9-10-9-9-7-9-8-4-9-7-7
484	10	10-10-9-9-8-10-8-10-8-8-10-10	8-12-10-8-10-11-9-8-8-8-8-9	9-9-8-9-9-9-11-9-8-9-11-9	9-10-11-8-9-9-11-9-9-10-10-1	9-8-1-9-9-12-9-11-10-10-9-6	9-9-9-10-10-9-11-10-12-7-8-10	9-11-10-11-13-10-12-9-0-10-9-9	8-12-11-11-9-8-12-10-9-10-12-8	9-10-9-9-8-9-8-9-9-5-9-11	8-9-10-10-8-12-9-5-11-8-6-12	8-9-8-8-11-8-9-8-8-9-9-9	5-6-9-9-11-12-9-10-12-8-11-11
484	11	11-13-11-11-13-8-11-13-8-8-11-11	8-12-12-8-11-10-9-10-8-8-8-12	9-9-9-9-9-9-10-10-8-12-12-9	9-10-10-6-9-9-10-9-12-12-10-9	9-8-1-12-8-10-12-10-12-10-9-6	8-9-9-8-12-9-10-10-11-11-11-10	9-10-11-10-8-10-12-10-11-11-9-13	8-11-10-10-9-8-11-11-9-11-10-8	9-10-12-9-8-8-11-10-12-11-9-10	11-9-11-9-12-9-12-11-10-8-12-11	8-9-13-8-10-8-9-8-9-9-9-9	5-9-9-9-10-6-9-8-11-8-10-10
484	12	8-8-11-11-11-8-8-8-8-13-13-8	13-11-11-8-11-8-8-10-13-12-8-11	9-12-13-9-9-9-12-13-11-11-11-9	13-8-12-13-9-9-10-9-11-11-9-12	9-13-13-9-8-10-11-9-11-12-9-6	9-12-9-12-12-8-11-8-10-4-2-12	13-9-8-12-10-12-11-11-3-8-9-9	12-10-9-9-9-8-10-9-12-11-10-8	9-8-11-12-9-7-12-10-11-11-9-10	12-9-12-12-11-10-11-11-12-8-12-9	12-9-11-8-10-12-9-12-12-9-12-12	12-12-12-12-12-10-12-8-10-12-12-8
484	13	13-13-13-13-13-13-13-13-13-12-13-13	8-7-13-8-13-8-10-8-12-13-12-8	11-12-13-9-13-9-13-13-12-13-11-13	12-13-12-12-13-13-11-13-13-13-13-12	9-12-13-13-13-13-12-13-10-13-9-6	13-13-13-13-13-9-12-13-13-13-13-12	9-13-13-13-10-13-10-13-13-9-8-11	13-13-4-12-13-8-13-9-12-13-10-13	9-13-13-13-9-13-13-9-13-2-8-10	12-13-13-8-13-13-13-8-12-13-13-13	8-13-11-11-7-12-13-8-13-8-13-13	8-13-13-4-8-13-13-8-13-13-13-7
485	0	0-0-0-0-0-0-0-0-0-0-0-0	0-0-0-0-0-0-0-0-0-0-0-0	0-0-0-0-0-0-0-0-0-0-0-0	0-0-0-0-0-0-0-0-0-0-0-0	0-0-0-0-0-0-0-0-0-0-0-0	0-0-0-0-0-0-0-0-0-0-0-0	0-0-0-0-0-0-0-0-0-0-0-0	0-0-0-0-0-0-0-0-0-0-0-0	0-0-0-0-0-0-0-0-0-0-0-0	0-0-0-0-0-0-0-0-0-0-0-0	0-0-0-0-0-0-0-0-0-0-0-0	0-0-0-0-0-0-0-0-0-0-0-0
485	1	1-1-1-1-1-1-1-1-1-1-1-1	1-2-1-1-1-1-0-0-1-1-0-0	0-0-0-0-0-0-0-0-0-0-2-0	0-0-0-0-0-0-0-0-0-0-0-0	1-0-0-0-0-2-0-0-2-0-0-0	2-0-0-0-1-0-2-4-1-1-1-0	0-1-1-0-1-1-2-1-1-1-0-2	1-1-2-0-1-0-2-3-0-2-1-1	1-0-0-0-2-1-0-0-2-1-0-1	2-0-1-0-2-1-0-2-0-0-0-2	0-1-1-1-2-1-0-0-0-0-1-1	1-0-0-0-0-2-1-1-1-1-2-3
485	2	2-2-2-2-2-2-2-2-2-2-2-1	2-1-1-2-2-1-2-2-1-3-4-3	2-3-0-2-2-0-3-2-2-2-1-2	3-2-0-3-0-0-2-0-1-1-2-3	1-3-0-3-0-1-3-3-1-3-0-2	1-0-0-9-2-7-1-1-1-1-3-3	2-1-1-0-2-2-1-3-2-2-2-1	3-1-1-0-0-6-1-0-0-3-2-6	2-0-0-3-6-0-2-3-1-1-2-3	1-3-4-3-3-2-3-1-4-3-3-1	3-2-3-3-2-2-4-3-3-0-3-2	2-3-2-0-2-1-2-2-3-2-1-2
485	3	3-3-3-4-3-3-3-3-3-3-3-3	3-1-1-5-2-4-2-4-2-2-3-2	0-2-5-4-4-2-4-2-2-4-4-2	4-2-0-2-4-4-2-4-4-1-4-2	4-2-0-4-0-4-2-4-1-2-0-4	9-0-4-3-2-2-3-4-1-1-9-2	9-3-3-3-2-3-3-2-2-3-4-2	2-3-4-3-3-2-1-3-3-2-2-2	2-0-8-2-9-3-9-3-2-5-3-3	3-3-1-5-4-4-2-3-3-2-2-4	2-3-2-2-3-2-2-3-2-3-3-3	2-3-3-3-3-1-3-1-2-3-1-4
485	4	4-4-3-4-4-4-4-5-4-5-4-4	5-4-1-3-4-4-2-5-4-5-3-4	0-2-5-3-3-7-3-5-2-5-5-2	3-5-5-5-3-6-4-3-3-4-3-2	3-2-4-3-6-3-5-3-4-4-6-4	3-6-6-11-4-2-4-3-4-4-11-4	5-4-4-4-4-4-4-4-4-4-3-5	2-4-3-5-4-2-4-5-5-4-4-2	4-0-4-4-4-6-4-4-8-4-3-4	3-4-4-4-3-3-4-4-2-2-4-3	4-7-4-2-9-4-2-4-4-5-4-4	6-4-2-4-4-4-5-2-1-2-1-3
485	5	5-5-5-5-5-5-6-4-5-5-5-5	6-6-5-3-5-7-4-6-4-4-3-6	0-5-4-3-3-4-6-6-2-4-6-6	4-4-6-4-3-3-5-3-6-6-3-0	3-2-0-5-4-6-4-4-5-0-4-4	3-4-4-4-4-2-6-4-4-5-4-5	4-6-5-4-4-5-5-6-5-4-3-4	6-5-3-4-3-2-5-4-4-5-4-2	5-0-6-4-2-4-2-4-6-6-5-6	4-6-6-6-6-4-4-4-6-2-2-6	2-3-7-2-4-5-2-5-4-6-6-4	7-6-2-4-3-5-6-8-5-2-5-12
485	6	6-6-6-6-6-6-6-7-6-7-6-6	5-7-7-3-7-5-2-5-4-5-3-5	0-6-5-7-3-4-5-5-7-6-7-5	6-4-7-4-4-4-7-3-7-5-4-0	3-2-0-7-4-5-7-6-7-4-4-4	3-4-4-4-6-2-7-7-6-5-7-5	4-7-5-4-4-6-7-5-6-6-2-4	5-4-5-4-4-2-6-4-4-5-4-2	12-0-5-4-2-4-6-7-5-6-5-5	6-5-5-5-5-5-9-11-6-2-12-5	5-5-7-7-7-9-2-4-4-5-5-5	6-5-2-4-3-6-5-6-8-7-10-6
485	7	5-6-7-7-4-7-7-6-6-6-7-6	5-6-6-8-6-5-8-4-9-4-8-8	9-8-8-8-8-4-8-8-6-4-6-8	7-8-6-8-8-8-6-10-6-6-4-7	10-2-12-8-4-5-8-8-6-8-7-7	4-8-8-9-7-2-6-7-4-5-7-4	4-6-6-0-4-5-6-8-4-9-7-4	5-7-7-4-4-2-12-7-4-7-7-2	4-0-7-4-9-7-0-8-6-8-9-9	3-4-9-7-8-7-7-6-6-0-6-9	4-4-6-6-6-7-2-4-4-7-8-4	5-7-7-7-4-7-3-2-1-7-6-6
485	8	8-8-8-8-8-6-8-9-8-8-8-9	9-9-8-7-10-5-9-10-8-9-7-9	12-8-7-7-7-9-9-7-10-10-9-7	7-9-7-7-7-7-9-7-9-6-9-0	7-2-0-7-4-9-9-7-9-8-8-7	4-7-7-2-8-2-9-8-8-5-7-8	4-6-8-0-8-8-6-7-6-6-7-4	8-9-7-7-10-2-6-10-4-8-11-2	6-0-10-4-10-10-0-7-4-7-9-11	9-4-8-6-7-7-7-6-7-9-4-7	2-4-6-6-7-2-2-4-4-4-7-4	9-4-7-4-5-8-3-5-11-7-12-6
485	9	8-9-6-8-8-6-12-8-8-10-7-8	10-8-8-7-8-5-11-11-10-8-10-10	7-10-7-7-8-10-8-10-11-8-8-8	10-10-9-10-7-10-10-7-8-11-8-10	7-11-9-7-10-8-10-10-8-10-9-10	10-7-8-7-9-11-8-11-9-8-3-10	9-6-8-10-10-11-6-10-4-7-10-7	9-8-11-4-8-10-6-7-4-9-10-11	9-9-10-10-3-9-9-11-10-4-7-7	10-10-7-10-8-7-6-6-11-11-11-7	11-3-6-10-4-11-11-11-11-7-7-4	9-7-9-4-11-8-3-9-9-11-8-5
485	10	10-10-10-8-10-10-10-10-10-10-11-11	9-8-8-7-8-11-9-9-9-11-9-9	12-10-7-7-7-9-9-9-8-8-11-11	9-9-9-9-7-9-9-7-11-10-11-9	7-9-9-7-9-10-9-10-8-9-7-9	9-9-7-9-9-9-11-9-6-10-9-9	4-10-10-9-9-10-11-9-10-10-9-9	10-8-9-8-8-9-11-8-4-10-9-9	9-9-9-9-9-10-9-9-10-11-7-9	9-9-7-11-7-7-7-6-9-9-9-3	9-10-11-9-10-9-9-9-9-4-7-4	11-9-9-7-9-10-8-9-9-9-6-10
485	11	12-11-12-10-10-12-10-8-12-10-12-10	5-10-8-11-8-10-12-12-9-10-9-12	12-11-12-12-11-12-11-12-12-11-10-11	12-11-12-12-11-11-12-7-10-10-10-12	11-9-12-11-9-11-12-11-10-8-7-7	4-9-12-4-11-9-11-9-4-8-4-4	11-11-10-9-10-9-10-10-4-12-11-4	9-11-9-11-11-9-10-7-4-9-7-9	9-9-4-4-12-7-0-12-10-10-11-8	9-9-7-10-11-7-11-6-9-9-9-11	9-4-10-6-6-9-9-9-9-11-11-11	10-7-9-4-9-10-11-9-8-9-8-5
485	12	12-12-12-12-12-12-12-12-12-12-12-12	10-8-12-11-8-11-11-11-11-12-11-11	11-11-12-11-12-12-12-12-11-12-12-12	11-12-11-11-12-12-11-7-12-12-12-11	11-9-12-12-9-12-11-12-12-12-7-7	12-12-12-12-12-9-12-12-12-12-12-12	4-12-12-12-10-12-12-12-12-11-9-12	12-11-11-12-12-9-7-11-4-10-12-9	4-12-12-12-11-12-12-11-12-10-11-6	10-12-12-12-12-12-12-10-12-12-9-12	9-12-12-6-12-12-9-10-12-12-12-12	12-4-12-10-12-12-12-9-12-12-8-5
486	0	0-0-0-0-0-0-0-0-0-0-0-0	0-0-0-0-0-0-0-0-0-0-0-0	0-0-0-0-0-0-0-0-0-0-0-0	0-0-0-0-0-0-0-0-0-0-0-0	0-0-0-0-0-0-0-0-0-0-0-0	0-0-0-0-0-0-0-0-0-0-0-0	0-0-0-0-0-0-0-0-0-0-0-0	0-0-0-0-0-0-0-0-0-0-0-0	0-0-0-0-0-0-0-0-0-0-0-0	0-0-0-0-0-0-0-0-0-0-0-0	0-0-0-0-0-0-0-0-0-0-0-0	0-0-0-0-0-0-0-0-0-0-0-0
486	1	1-1-1-1-1-1-1-1-1-1-1-1	1-1-1-2-1-1-2-1-1-1-1-1	1-0-2-2-2-2-2-0-0-0-3-1	2-0-2-2-2-2-0-2-1-0-2-3	2-0-4-2-0-1-2-2-1-0-1-2	2-2-2-1-1-4-2-2-1-1-0-2	2-1-1-0-1-1-1-2-1-1-2-4	1-2-1-2-2-2-1-1-1-0-2-1	1-0-1-1-2-1-0-2-2-1-2-1	2-1-1-2-2-2-1-1-3-0-0-2	0-1-2-0-2-1-0-1-0-1-1-1	1-1-1-1-0-1-1-0-2-1-2-2
486	2	1-2-1-1-2-2-2-2-1-2-2-1	3-2-1-1-2-1-1-3-2-3-1-3	0-3-1-1-1-3-1-1-1-3-2-3	1-3-1-1-1-1-3-1-1-2-1-1	1-2-1-1-3-1-3-3-2-2-4-1	3-3-4-3-3-1-3-1-2-2-9-1	1-1-1-2-3-2-2-3-2-3-1-2	2-1-3-3-1-1-1-3-9-3-4-0	2-5-2-3-1-3-2-3-1-1-1-2	2-3-2-1-1-1-2-1-1-4-3-1	2-2-2-0-3-2-0-2-2-3-2-2	2-2-1-2-2-2-2-2-1-3-1-1
486	3	3-3-3-3-1-3-3-3-3-3-3-3	2-4-3-1-2-1-1-2-2-2-1-2	0-3-1-1-1-2-4-4-1-2-4-4	2-2-4-1-1-1-2-1-4-3-2-1	1-0-1-1-2-4-2-2-2-2-1-1	2-2-1-2-2-1-2-1-2-3-5-1	1-1-3-2-2-3-3-2-3-4-2-2	3-1-2-4-1-1-3-2-2-3-2-5	3-2-4-2-3-2-1-4-4-1-5-2	2-2-3-4-1-2-1-3-1-2-2-2	4-2-2-3-2-7-5-2-2-2-4-2	3-2-1-4-4-3-5-0-3-9-1-3
486	4	4-4-4-4-4-4-4-4-4-4-4-4	5-5-4-1-5-4-1-5-2-2-1-5	0-4-1-1-5-4-5-6-5-6-5-3	2-5-3-1-1-2-5-1-5-5-5-0	1-0-1-5-2-3-5-4-5-2-2-1	2-2-2-0-4-1-5-5-4-4-7-1	2-1-4-2-2-4-5-5-2-3-1-6	3-3-3-3-1-1-4-2-2-4-2-5	4-2-3-2-5-2-1-3-3-4-3-5	3-2-4-3-1-4-1-4-4-2-5-1	3-4-4-4-5-1-3-5-2-2-3-3	4-2-1-3-3-4-2-4-4-3-5-5
486	5	6-5-6-4-4-3-5-5-6-6-4-4	6-4-3-6-4-5-6-4-6-2-6-6	7-6-6-5-6-6-6-5-4-4-4-6	6-6-5-6-6-6-4-7-4-4-6-6	6-5-6-6-2-3-6-6-4-5-6-6	6-6-6-5-5-1-6-5-5-4-6-6	5-1-3-6-6-5-4-4-2-5-6-5	2-6-3-6-2-6-4-6-2-2-5-3	6-2-4-5-5-5-6-6-5-4-3-4	5-6-5-5-6-4-5-4-5-5-6-4	4-2-5-3-4-5-6-4-6-5-5-2	4-5-5-5-6-5-3-5-1-5-4-5
486	6	6-6-5-6-6-6-6-6-6-5-6-6	5-7-4-5-6-6-5-5-5-6-5-7	0-5-5-5-5-7-5-5-5-7-5-5	5-5-5-5-5-5-6-5-7-7-7-5	1-0-5-5-7-7-5-5-7-6-5-5	7-5-5-5-7-1-7-6-6-6-5-5	5-6-6-5-5-6-5-7-5-6-5-6	6-5-6-5-6-5-9-5-2-6-5-7	5-6-2-2-6-6-5-5-11-4-6-7	6-5-6-7-5-2-5-4-1-2-5-7	6-6-5-3-7-7-5-2-5-2-6-2	6-5-1-5-5-5-7-5-6-6-4-6
486	7	7-8-8-7-8-8-8-8-7-8-8-8	8-6-6-8-8-8-8-8-8-8-8-8	7-8-8-8-6-8-8-8-8-6-8-7	8-8-5-7-5-5-7-5-6-6-6-8	7-9-5-7-9-6-6-7-6-7-7-7	6-5-2-7-7-9-6-8-6-4-4-6	7-5-7-8-7-7-4-8-6-7-8-7	8-6-8-5-6-10-6-7-7-7-7-9	7-7-8-2-9-7-8-8-8-7-7-6	8-9-10-6-9-4-5-8-8-9-9-6	9-6-7-8-9-9-9-9-9-7-6-2	11-5-7-9-9-8-6-9-9-8-6-8
486	8	10-11-9-8-9-9-10-9-10-9-10-11	9-11-9-7-10-10-7-9-10-10-7-7	7-8-9-9-8-9-7-7-10-9-7-9	9-7-9-9-8-7-9-9-8-9-8-7	9-7-7-10-9-8-8-8-8-9-9-7	7-10-9-7-8-10-8-9-10-8-10-8	7-8-9-7-8-8-11-7-8-10-7-11	7-8-9-8-8-10-8-10-2-10-11-7	8-7-8-8-7-9-7-7-9-10-8-9	9-10-8-8-9-8-8-7-7-7-7-9	7-10-11-7-11-8-7-7-7-8-9-8	8-8-7-5-7-9-8-7-7-7-10-9
486	9	8-8-8-8-8-8-8-8-8-8-8-8	8-8-8-10-8-8-8-10-8-8-8-11	9-9-10-8-9-8-8-8-8-10-8-8	8-9-8-8-9-9-8-10-8-8-10-5	10-7-10-9-7-9-9-9-8-8-8-9	8-8-10-8-9-7-9-8-8-8-2-10	9-8-8-2-8-9-8-8-8-8-9-7	8-9-8-9-9-8-6-8-2-8-7-7	7-7-2-10-11-8-8-8-8-8-9-8	8-7-8-8-8-9-9-7-9-7-7-8	7-2-8-7-7-7-7-7-7-2-8-8	4-2-9-5-7-8-9-7-7-3-4-8
486	10	8-8-8-8-8-8-8-8-8-8-8-8	8-8-8-9-8-8-8-9-8-8-8-9	10-10-9-9-9-11-9-10-8-9-10-10	9-10-8-10-9-9-8-9-8-8-9-11	10-7-9-9-10-9-11-9-10-8-8-10	8-8-9-10-9-9-9-8-8-8-8-9	11-8-8-8-10-10-8-7-8-8-10-8	8-9-9-9-9-11-8-8-9-8-10-10	10-10-8-9-10-8-10-10-8-8-9-8	8-8-7-8-8-9-9-7-10-10-10-8	10-10-8-7-7-8-10-7-10-8-8-10	4-2-10-5-10-8-9-7-8-10-8-8
486	11	11-8-11-8-11-8-8-11-8-8-11-8	8-8-11-8-8-8-9-10-8-11-9-9	10-10-11-8-11-10-11-11-8-11-10-11	11-11-10-11-11-11-8-11-11-11-11-10	11-7-11-11-10-11-10-11-11-11-8-9	11-11-11-8-11-7-11-11-11-11-11-11	9-11-11-11-8-11-8-7-11-8-8-8	11-11-9-11-11-10-11-2-2-11-8-7	8-11-11-11-9-11-11-8-11-8-9-8	10-11-11-11-11-11-11-7-11-11-11-11	10-11-8-7-8-8-10-7-11-8-8-11	7-11-11-3-7-11-11-7-11-11-4-11
487	0	0-0-0-0-0-0-0-0-0-0-0-0	0-0-0-0-0-0-0-0-0-0-0-0	0-0-0-0-0-0-0-0-0-0-0-0	0-0-0-0-0-0-0-0-0-0-0-0	0-0-0-0-0-0-0-0-0-0-0-0	0-0-0-0-0-0-0-0-0-0-0-0	0-0-0-0-0-0-0-0-0-0-0-0	0-0-0-0-0-0-0-0-0-0-0-0	0-0-0-0-0-0-0-0-0-0-0-0	0-0-0-0-0-0-0-0-0-0-0-0	0-0-0-0-0-0-0-0-0-0-0-0	0-0-0-0-0-0-0-0-0-0-0-0
487	1	1-1-1-1-1-0-1-1-1-1-1-1	1-0-0-1-0-0-1-0-1-1-0-2	2-1-2-1-0-0-0-2-0-0-1-0	2-3-2-0-0-2-0-1-0-0-0-4	1-4-1-0-2-0-2-2-0-1-0-1	0-0-0-1-1-1-0-1-0-0-0-0	0-1-0-2-2-1-2-2-0-0-2-0	1-1-1-1-1-2-0-0-2-1-2-2	1-2-1-2-0-1-2-2-0-1-1-1	2-2-1-0-0-0-0-1-2-2-2-1	2-1-1-0-1-1-2-2-2-2-0-1	1-0-1-2-2-1-1-1-2-2-1-0
487	2	2-2-2-2-2-2-2-2-2-2-2-2	2-1-2-2-0-0-1-2-2-2-3-3	1-1-1-3-3-3-3-1-3-3-3-3	3-1-1-3-3-4-1-5-3-0-3-1	3-1-1-3-1-2-1-3-0-1-3-3	3-1-3-2-2-3-3-3-2-2-2-1	1-2-2-1-1-1-2-3-2-2-1-2	2-2-2-2-2-1-0-2-2-2-1-1	2-1-2-1-3-2-1-1-2-2-2-2	1-2-2-3-5-3-2-2-1-1-1-2	1-2-1-0-0-1-1-1-1-1-2-1	1-0-2-1-1-1-2-1-1-1-1-0
487	3	3-3-2-3-3-3-3-3-3-3-3-3	4-3-3-2-3-4-5-4-3-4-2-2	1-1-4-2-2-6-2-4-2-4-2-2	2-4-4-2-2-2-4-2-2-3-2-1	2-1-1-2-4-2-4-4-3-1-2-2	2-6-4-6-3-2-4-4-3-3-6-3	5-3-3-1-4-3-3-4-3-3-3-6	3-3-6-4-3-3-3-4-3-6-3-6	3-6-3-4-2-4-6-4-3-3-2-4	3-3-1-2-0-2-2-3-1-3-3-2	1-3-4-0-6-3-1-3-4-4-3-3	3-3-3-1-1-3-6-4-1-1-2-3
487	4	3-4-4-4-4-4-4-4-4-4-5-4	3-4-4-2-3-3-1-5-3-3-2-5	1-4-3-6-2-3-5-5-5-3-5-5	2-3-3-3-2-2-4-2-5-4-5-1	2-1-1-2-3-5-3-3-3-1-6-2	2-3-3-3-3-2-5-3-3-4-6-5	3-6-6-1-3-4-4-5-4-5-3-3	4-5-3-3-3-1-6-3-3-4-1-1	5-3-3-3-4-3-1-3-5-3-5-4	5-3-4-4-0-5-3-4-5-3-5-2	1-3-4-5-5-4-1-3-3-3-3-3	5-3-2-1-1-3-3-3-1-1-4-5
487	5	5-5-5-5-4-4-5-5-5-5-5-5	4-6-6-2-6-6-3-4-4-3-2-7	1-5-5-6-2-3-4-4-4-6-4-4	6-6-5-5-2-2-5-2-4-7-6-1	2-1-1-6-3-4-6-5-6-1-6-1	2-5-3-5-6-2-6-6-5-5-5-4	3-6-4-1-3-5-4-4-4-5-1-3	5-4-2-4-3-6-5-3-3-5-1-6	5-3-6-3-5-3-5-6-4-5-4-4	4-5-5-2-5-4-2-3-4-3-4-2	1-3-6-4-6-5-1-5-1-3-3-5	5-3-2-1-1-5-4-5-5-6-6-4
487	6	6-4-7-5-4-4-4-4-5-7-5-5	6-5-5-7-5-5-7-7-7-3-8-5	8-7-7-7-7-3-7-7-4-5-5-7	7-7-7-8-7-7-5-7-5-5-5-7	7-1-11-5-3-4-7-7-4-8-8-7	7-7-3-7-5-7-5-5-4-5-8-7	7-5-4-6-3-5-5-7-3-6-7-3	3-7-3-7-3-6-4-7-3-5-6-5	7-3-5-3-6-3-7-7-7-7-5-6	7-7-9-6-7-2-6-6-7-7-8-7	7-3-6-7-3-4-1-6-7-7-6-3	6-6-6-7-8-7-3-6-5-5-5-4
487	7	7-7-6-7-7-8-8-7-7-8-7-7	8-10-8-6-8-8-6-8-6-8-6-8	6-6-6-6-6-6-6-6-8-6-8-6	6-6-6-6-6-6-8-6-7-5-8-6	6-1-6-6-6-8-8-8-7-7-6-6	6-6-8-6-7-6-6-7-7-7-6-6	6-5-7-1-10-7-3-6-7-7-6-7	7-6-8-8-7-5-7-6-3-7-6-3	6-7-7-6-7-3-6-8-6-6-8-10	7-6-7-6-6-3-6-4-6-6-6-6	6-3-8-7-8-6-7-6-6-6-7-3	7-11-6-6-6-6-7-8-7-1-5-7
487	8	8-8-8-8-8-7-7-8-7-7-7-7	7-9-7-2-7-7-6-7-6-3-6-7	6-6-6-6-6-6-7-6-7-9-7-8	6-8-7-6-6-6-7-6-10-9-9-6	6-1-6-10-9-7-7-7-9-6-6-6	6-6-7-6-9-6-9-7-8-8-6-6	6-9-8-1-7-8-8-9-7-7-6-8	8-6-7-7-7-5-8-8-3-7-8-8	6-7-7-7-8-3-1-7-7-6-7-9	9-6-7-9-6-4-7-9-6-6-6-6	1-3-7-11-7-7-1-8-6-3-7-10	6-6-6-6-6-6-7-8-8-1-10-7
487	9	10-10-10-11-10-11-11-11-11-10-11-9	11-7-11-10-10-11-10-10-10-10-10-10	9-10-10-9-9-10-9-10-10-8-10-9	10-9-10-9-9-9-10-6-8-9-8-9	9-11-6-8-10-7-10-9-8-9-9-9	9-10-7-10-8-9-8-10-8-8-5-10	10-8-9-11-11-10-6-10-8-7-6-8	10-7-10-9-9-10-7-10-10-10-11-9	11-10-11-7-10-10-10-10-10-11-10-11	11-11-10-10-9-10-6-9-10-10-6-10	10-3-11-10-10-11-9-10-10-11-10-10	10-11-9-10-9-8-9-10-11-10-5-7
487	10	9-9-9-9-9-9-9-9-9-9-9-9	9-7-9-9-9-9-9-9-9-9-9-9	11-9-9-11-10-9-10-9-9-10-9-10	9-10-9-11-10-10-9-6-8-8-10-6	10-9-6-8-9-10-11-10-8-9-10-10	9-10-10-10-7-6-8-11-8-8-10-9	9-8-8-1-7-9-10-10-8-7-6-11	9-10-9-10-10-9-7-9-3-9-9-3	9-9-9-10-9-9-9-9-10-9-10-7	9-10-9-9-10-9-10-8-9-9-6-9	9-3-10-9-9-10-9-9-9-10-9-9	9-10-10-9-10-6-10-9-9-10-8-7
487	11	11-11-9-9-11-9-9-9-9-9-11-11	9-9-9-9-9-9-9-9-9-11-9-9	10-10-10-10-11-11-11-11-9-11-11-10	10-11-11-10-11-11-9-9-11-11-11-6	10-9-6-11-11-11-10-11-8-11-9-10	11-11-10-11-11-6-11-10-11-11-11-10	9-11-11-11-9-11-11-10-11-11-9-10	11-10-10-11-11-9-7-6-9-9-9-11	9-11-9-11-9-11-11-9-11-9-9-9	9-11-11-11-11-9-11-9-9-11-11-11	9-3-11-11-9-9-9-9-11-11-11-11	9-7-11-9-9-11-11-9-11-11-11-11
488	0	0-0-0-0-0-0-0-0-0-0-0-0	0-0-0-0-0-0-0-0-0-0-0-0	0-0-0-0-0-0-0-0-0-0-0-0	0-0-0-0-0-0-0-0-0-0-0-0	0-0-0-0-0-0-0-0-0-0-0-0	0-0-0-0-0-0-0-0-0-0-0-0	0-0-0-0-0-0-0-0-0-0-0-0	0-0-0-0-0-0-0-0-0-0-0-0	0-0-0-0-0-0-0-0-0-0-0-0	0-0-0-0-0-0-0-0-0-0-0-0	0-0-0-0-0-0-0-0-0-0-0-0	0-0-0-0-0-0-0-0-0-0-0-0
488	1	0-1-0-1-0-1-1-0-0-0-1-0	0-0-0-0-0-0-0-0-1-0-0-0	2-0-1-0-0-0-1-0-0-0-2-1	1-0-0-0-0-2-0-0-0-0-0-0	0-5-0-0-0-1-0-1-0-1-0-0	1-0-0-0-0-6-0-0-1-0-0-0	0-0-0-0-0-0-0-0-0-1-0-1	0-0-2-2-0-3-0-0-0-0-2-0	1-1-2-0-2-0-2-0-0-0-1-0	2-0-0-0-0-1-0-1-5-7-6-0	5-0-0-2-0-0-5-0-3-0-0-0	0-2-2-2-1-0-1-3-10-1-0-0
488	2	3-3-2-2-2-3-3-3-5-3-3-2	3-3-3-3-3-4-3-3-3-3-3-3	2-2-4-3-3-3-3-3-3-2-3-3	3-3-3-3-2-1-3-3-2-2-2-1	6-1-1-3-2-2-2-2-2-3-3-2	4-3-3-3-3-5-2-4-3-2-10-2	1-2-3-1-3-0-2-3-3-3-5-3	10-2-3-1-2-0-3-3-1-2-1-6	2-7-3-2-3-4-1-8-3-3-2-4	1-5-2-4-3-2-2-3-1-1-1-4	3-3-6-3-4-5-2-2-1-2-4-3	3-1-1-1-1-9-2-4-4-5-3-14
488	3	2-2-2-2-2-2-2-2-2-2-2-2	2-2-2-6-2-2-2-2-2-2-4-2	5-3-6-2-4-2-4-2-2-3-4-4	4-2-2-2-4-4-2-2-2-2-4-7	5-1-5-2-7-3-3-4-2-2-2-3	2-2-2-2-2-1-3-2-2-2-7-2	3-2-2-0-2-0-2-2-2-2-3-3	2-3-4-3-3-1-2-2-3-2-4-2	1-2-2-3-2-2-1-3-2-2-3-2	3-3-2-2-2-4-2-2-6-1-1-2	2-2-2-2-2-0-1-0-1-3-2-2	2-3-6-3-2-2-3-1-1-2-2-2
488	4	2-2-2-2-2-2-2-2-2-2-2-2	2-2-2-3-2-2-5-4-2-5-3-4	9-5-3-2-3-5-3-5-2-6-3-3	3-5-5-5-3-3-2-2-3-4-3-3	2-4-3-3-5-3-5-3-4-4-2-3	2-5-6-9-4-2-5-2-4-4-9-4	7-4-2-0-5-4-5-5-4-2-3-7	2-4-3-5-4-2-2-5-7-4-4-2	4-1-4-5-7-2-9-3-2-4-3-2	9-4-4-2-3-3-4-7-8-1-4-2	9-5-2-2-9-4-1-8-7-3-2-4	4-4-4-4-4-2-3-2-2-2-2-2
488	5	2-5-5-5-2-2-6-2-2-2-2-2	2-9-6-3-2-2-4-6-2-4-3-6	3-4-3-2-3-4-6-7-3-7-6-6	4-4-4-4-3-4-2-3-5-6-7-3	3-1-3-2-4-7-4-4-4-2-7-3	2-4-4-4-4-2-6-2-4-5-5-4	4-5-2-0-4-7-5-6-5-5-2-4	2-4-2-4-4-1-5-4-6-6-4-2	4-2-4-4-5-2-2-4-2-4-6-2	4-3-2-7-8-4-6-4-1-1-1-6	1-4-2-2-6-2-1-4-4-6-2-6	2-4-3-4-1-2-3-1-9-2-5-2
488	6	7-2-6-2-2-8-6-2-8-2-2-7	2-7-5-3-2-7-2-8-2-4-3-5	4-6-3-3-7-4-5-8-7-4-7-5	4-5-7-7-3-4-8-2-7-5-5-1	2-8-3-2-4-5-6-6-7-2-2-4	2-4-4-2-6-1-7-2-6-6-7-4	4-4-5-0-4-6-6-5-6-6-1-4	2-4-3-5-4-0-8-4-5-5-4-2	2-1-5-4-6-2-2-3-5-10-5-2	2-0-6-2-3-6-5-7-3-1-1-5	4-4-7-7-5-2-1-0-1-5-2-5	7-4-3-4-1-2-3-1-5-2-7-7
488	7	6-2-6-8-7-8-2-2-6-7-2-6	2-5-5-3-2-6-2-6-8-9-3-8	4-7-8-3-6-8-8-8-6-5-6-7	8-5-6-8-3-4-8-8-6-5-5-3	8-1-3-10-4-5-8-6-6-7-5-3	4-4-4-3-6-1-6-8-6-7-11-8	4-7-5-0-4-5-6-9-7-6-3-4	2-7-4-4-7-0-6-4-4-9-4-2	4-2-4-4-4-7-4-8-9-9-7-9	1-3-7-5-9-9-7-4-8-1-1-8	4-4-6-2-6-8-1-4-4-4-9-4	7-7-7-4-2-2-7-8-5-2-6-6
488	8	8-9-8-8-8-7-6-10-6-11-12-7	2-9-5-3-2-7-9-6-7-7-10-7	4-9-10-10-7-7-7-7-9-10-7-9	7-6-9-7-10-11-7-7-7-10-5-7	7-6-3-9-4-5-7-6-9-11-7-3	2-7-9-10-8-2-6-7-8-8-3-7	4-8-8-0-4-5-7-5-11-8-8-4	2-8-9-4-7-0-6-4-4-8-9-2	4-2-4-4-4-7-2-7-7-7-8-7	8-3-8-7-9-10-6-4-8-1-4-8	4-2-6-2-9-7-8-4-4-3-7-4	7-4-7-4-2-2-9-7-5-2-6-13
488	9	9-8-10-8-8-8-11-10-12-9-10-12	2-5-5-11-6-9-8-8-7-7-10-10	10-8-10-8-8-4-10-10-8-8-10-8	10-4-10-8-11-10-2-11-7-5-10-9	11-9-10-8-4-5-10-10-8-8-11-9	10-11-10-4-6-10-5-10-6-8-13-11	14-8-8-9-10-9-6-10-8-9-10-4	2-9-14-10-9-9-6-9-4-7-9-2	10-1-4-10-9-7-4-10-7-7-9-7	4-10-9-10-10-7-10-6-10-1-10-10	4-4-5-2-8-9-1-4-4-10-7-4	9-7-9-11-13-2-8-2-5-10-6-2
488	10	10-11-11-11-11-11-10-10-10-11-9-11	12-11-11-9-2-11-8-11-7-11-9-12	9-9-9-8-8-11-11-9-8-8-11-9	9-10-11-10-9-9-11-9-11-12-11-9	9-1-9-7-9-12-9-9-10-8-9-9	9-9-11-8-10-9-11-11-6-10-9-10	9-12-10-0-11-10-9-9-8-11-9-10	2-9-8-11-11-1-14-9-4-10-9-2	9-10-11-11-6-10-9-9-9-6-10-10	12-9-10-11-9-9-9-4-9-1-9-9	9-4-13-14-12-9-1-4-4-9-7-4	11-9-7-9-9-2-8-1-12-9-6-13
488	11	10-11-11-11-11-11-10-11-11-10-9-10	11-13-10-9-11-13-11-10-14-10-10-10	9-11-9-8-8-10-10-11-12-12-10-11	9-12-12-7-9-8-11-9-12-12-10-9	9-1-9-12-4-10-11-11-12-8-9-9	9-9-10-8-11-9-12-10-11-11-7-9	9-12-8-0-10-9-12-10-8-10-12-10	2-9-14-10-10-11-10-11-4-11-9-2	9-1-10-10-11-9-1-9-7-11-10-12	2-9-11-12-9-12-12-8-10-1-9-9	9-4-13-10-13-13-1-12-4-3-7-4	10-9-7-9-12-2-8-11-13-9-6-8
488	12	12-14-12-14-13-14-13-14-14-14-13-14	14-10-13-13-13-11-13-13-13-10-13-10	13-12-13-13-12-13-12-13-14-11-13-11	13-13-13-13-12-13-11-9-11-13-13-13	7-14-9-8-13-10-13-13-11-13-12-9	2-12-11-12-12-13-11-10-11-11-11-13	14-11-10-13-12-9-11-13-8-9-14-9	2-9-13-12-11-13-10-9-4-12-9-2	13-13-13-9-9-7-12-12-7-12-14-11	14-9-11-13-9-11-11-4-13-13-9-9	12-4-13-10-11-14-12-13-12-12-7-12	12-10-12-14-13-2-8-12-10-12-6-10
488	13	12-13-12-12-12-11-12-14-12-12-12-14	12-11-12-12-12-11-12-14-12-10-12-14	12-13-12-14-12-12-13-12-13-13-12-13	12-12-12-14-13-12-14-12-11-12-12-12	14-13-12-8-12-13-14-12-12-14-13-9	13-12-14-13-12-12-13-13-11-11-9-12	9-12-10-12-12-12-13-12-8-10-9-13	2-9-12-13-13-12-10-13-4-11-13-2	12-12-12-13-12-2-12-9-7-14-13-7	13-13-9-12-13-14-12-4-12-12-9-9	12-4-11-10-11-11-14-13-12-13-7-14	11-14-12-12-12-2-8-10-5-12-6-10
488	14	14-14-14-14-14-14-12-14-14-12-14-14	12-11-14-12-11-12-12-13-12-14-12-13	11-14-14-13-14-13-13-14-12-14-14-13	13-14-12-13-14-14-13-14-14-14-14-12	13-12-9-14-14-14-13-14-11-14-13-9	14-14-13-14-14-9-14-14-14-14-14-14	9-14-14-14-10-14-7-13-14-14-12-12	14-9-9-14-14-12-10-9-9-12-13-14	4-14-12-14-13-14-14-12-14-13-13-7	12-14-14-14-14-13-14-13-12-14-14-14	12-2-11-10-11-12-12-13-14-14-7-13	12-13-14-12-13-14-14-2-14-14-14-2
489	0	0-0-0-0-0-0-0-0-0-0-0-0	0-0-0-0-0-0-0-0-0-0-0-0	0-0-0-0-0-0-0-0-0-0-0-0	0-0-0-0-0-0-0-0-0-0-0-0	0-0-0-0-0-0-0-0-0-0-0-0	0-0-0-0-0-0-0-0-0-0-0-0	0-0-0-0-0-0-0-0-0-0-0-0	0-0-0-0-0-0-0-0-0-0-0-0	0-0-0-0-0-0-0-0-0-0-0-0	0-0-0-0-0-0-0-0-0-0-0-0	0-0-0-0-0-0-0-0-0-0-0-0	0-0-0-0-0-0-0-0-0-0-0-0
489	1	1-1-1-1-1-1-1-1-1-1-1-1	1-0-1-1-0-0-2-0-1-0-1-0	1-2-2-1-0-2-1-2-0-0-0-0	2-2-2-0-1-1-0-2-0-0-0-1	0-1-5-0-2-0-2-1-0-1-0-4	1-1-0-0-1-2-0-1-1-0-0-1	1-0-0-1-1-1-0-0-0-1-1-1	1-1-2-1-1-2-0-1-1-1-1-2	1-2-1-1-2-1-2-5-1-1-1-0	1-1-1-3-0-1-0-0-1-2-1-1	1-1-0-0-0-1-2-1-1-1-0-1	1-0-1-1-1-1-1-1-0-0-1-0
489	2	2-2-2-2-2-2-2-2-2-2-2-2	1-2-2-4-2-3-1-1-2-2-2-3	1-1-1-3-3-3-3-3-4-3-3-3	3-1-1-3-3-3-1-3-3-0-2-1	3-1-1-3-1-2-1-3-0-2-3-3	3-1-2-2-2-1-2-3-2-0-3-1	4-5-2-1-1-1-2-3-0-0-3-2	1-2-3-2-2-1-0-2-1-1-1-1	1-1-1-2-1-1-1-1-3-4-2-0	2-2-2-1-2-3-2-2-5-1-1-3	2-2-3-0-3-0-1-1-1-2-2-1	1-2-1-1-1-2-2-1-2-2-2-2
489	3	3-3-2-3-3-3-3-3-3-3-3-3	4-3-2-2-3-4-4-4-3-4-2-3	1-4-1-2-2-8-2-2-2-2-2-4	2-4-4-2-2-2-3-2-2-3-2-1	2-3-1-2-5-2-4-2-3-3-2-2	2-1-5-3-3-1-4-2-3-3-11-3	2-2-4-1-4-1-3-4-3-4-2-6	3-2-2-4-2-1-3-5-11-3-3-3	8-1-3-4-3-1-1-1-3-3-2-4	4-3-3-1-2-2-3-3-1-1-1-2	5-3-2-0-4-3-1-3-3-4-4-3	1-3-1-1-3-4-2-3-2-4-2-4
489	4	4-4-4-4-3-4-4-4-4-4-5-4	3-4-5-2-3-4-3-5-3-3-2-5	1-3-3-5-5-3-5-6-2-6-5-5	2-3-5-3-2-2-5-2-5-5-6-1	2-1-1-2-3-6-3-5-3-7-0-1	2-1-3-3-3-1-5-2-3-4-4-3	2-2-6-1-3-6-5-5-4-4-2-3	5-2-2-3-2-1-4-3-5-4-3-3	4-1-3-3-4-1-5-3-5-2-5-3	3-3-4-6-2-2-5-3-1-1-1-5	3-3-8-4-5-4-4-3-3-5-3-5	1-3-1-1-3-3-2-5-4-5-4-4
489	5	5-5-5-5-5-5-5-4-7-5-5-5	6-4-4-2-8-6-1-4-3-3-2-4	3-5-5-4-6-3-4-7-6-3-6-4	3-7-6-6-2-7-5-2-6-7-4-1	2-1-1-12-3-4-5-7-6-3-0-3	2-1-3-3-5-1-6-3-5-5-5-3	1-2-4-1-3-5-6-4-0-5-1-3	4-2-2-4-2-1-8-3-4-4-3-3	6-3-4-3-9-1-5-1-4-5-4-6	10-4-5-4-2-5-4-8-2-1-5-4	3-3-6-5-4-6-5-3-1-4-3-4	1-3-1-1-3-5-2-4-4-4-6-6
489	6	5-4-5-6-5-6-5-6-5-6-6-6	8-4-4-2-6-6-1-6-8-8-6-7	3-6-7-7-5-4-7-7-5-4-5-6	7-4-5-7-7-3-7-7-8-5-4-1	7-4-1-7-3-4-7-5-5-6-7-0	7-1-3-2-5-1-5-7-5-6-5-7	2-0-4-1-3-4-5-5-3-5-2-3	4-2-2-7-7-1-5-3-1-8-8-6	5-0-3-3-3-8-1-7-8-7-5-6	1-3-6-4-2-13-5-3-1-1-1-5	6-3-5-5-5-7-7-3-1-2-8-3	8-8-8-1-6-7-10-6-4-4-5-5
489	7	7-8-5-7-8-7-5-7-5-8-8-6	6-4-4-6-5-6-9-8-6-3-8-6	3-8-9-9-8-9-6-9-8-9-7-8	6-5-7-6-9-5-6-6-6-9-4-6	6-3-1-8-3-4-6-5-6-8-6-7	6-6-3-8-7-1-5-6-7-7-5-7	2-7-7-1-3-7-6-5-7-10-2-6	4-7-2-6-6-1-5-3-1-7-8-7	8-9-3-3-3-6-1-6-6-6-7-6	7-3-7-4-2-6-5-3-7-1-1-7	3-3-6-5-5-6-7-3-3-2-6-3	6-3-6-1-6-6-8-6-4-4-5-5
489	8	7-7-8-8-9-8-8-9-5-7-7-5	6-4-4-9-5-6-9-7-6-6-9-9	1-7-9-9-7-3-6-7-7-10-9-7	9-3-9-7-10-9-5-9-6-4-4-1	10-1-9-9-3-4-9-9-6-7-8-8	3-9-8-7-7-10-4-8-7-7-3-9	2-10-7-1-9-8-5-8-7-8-8-9	5-8-8-9-6-1-5-8-8-7-8-3	7-1-3-9-10-6-1-9-6-6-10-10	3-3-6-4-8-8-9-5-8-1-8-10	3-3-4-5-5-8-6-3-3-8-6-3	6-6-6-1-6-6-7-6-4-8-5-5
489	9	9-9-9-9-9-9-10-9-9-10-7-9	8-11-10-8-6-10-7-8-6-12-8-8	1-8-8-7-8-10-8-7-7-7-10-8	8-8-8-8-8-8-11-8-10-11-10-1	8-1-8-8-3-10-8-8-10-7-8-8	12-8-10-7-9-8-10-9-9-9-11-9	2-10-7-1-13-9-9-10-7-9-8-10	9-8-8-8-9-10-11-8-10-9-1-9	9-9-10-8-5-9-9-8-6-5-5-9	10-3-9-11-8-8-8-9-8-9-1-10	3-3-12-9-13-9-9-3-3-3-6-8	12-2-6-1-13-6-7-9-9-9-5-10
489	10	9-9-9-10-9-13-9-9-9-9-9-9	12-9-9-10-6-9-12-13-11-12-13-10	11-10-12-7-10-12-11-10-10-8-9-10	11-10-9-11-8-8-10-8-9-9-9-13	8-11-1-8-11-9-11-11-9-10-10-10	10-11-9-10-12-11-9-9-9-9-10-12	12-9-8-11-10-8-5-11-7-7-11-9	11-8-8-9-9-11-9-9-8-10-10-11	11-11-12-9-8-10-10-11-6-10-8-8	11-11-8-10-11-10-9-9-11-11-11-8	11-10-10-12-7-11-11-11-11-8-6-3	11-3-10-11-10-12-7-11-12-11-5-9
489	11	9-13-13-10-11-11-10-13-11-9-13-9	10-9-9-13-12-12-13-13-10-10-10-11	10-11-12-13-11-11-12-10-10-12-10-11	12-10-12-10-12-12-9-8-12-9-11-10	11-10-11-12-10-11-12-12-10-10-11-8	12-10-9-10-9-10-12-9-10-11-9-12	13-11-9-12-10-11-5-10-7-8-10-12	10-12-10-11-11-13-9-13-3-10-10-10	10-10-10-11-12-6-10-10-6-10-11-9	10-11-11-10-10-6-9-9-10-10-10-11	10-12-10-9-5-10-10-10-10-11-6-11	10-3-10-10-10-5-12-10-4-10-11-9
489	12	12-12-11-13-12-12-9-13-13-9-9-13	12-9-9-11-11-13-10-11-11-10-11-11	10-12-11-11-11-10-11-13-11-11-11-13	11-10-11-13-11-11-12-11-11-11-12-10	11-10-11-11-11-12-11-11-10-12-12-11	13-11-9-12-9-13-11-9-12-9-4-10	10-11-12-11-10-11-9-13-12-11-13-11	10-11-12-11-11-12-9-9-11-10-10-10	12-10-10-12-11-6-10-11-6-11-11-6	12-12-12-12-13-6-9-9-12-10-10-11	10-11-9-10-12-12-10-12-12-12-12-12	9-11-12-12-12-12-11-10-10-9-11-9
489	13	13-13-13-13-13-10-11-13-13-13-13-13	12-9-13-11-13-12-11-11-10-13-10-10	10-12-13-11-11-13-13-12-11-13-12-12	12-13-13-12-13-13-9-11-13-13-13-10	11-10-13-13-10-13-12-13-13-13-8-8	13-13-13-13-13-12-13-13-13-13-13-9	11-13-13-13-9-13-6-12-13-13-10-13	13-13-8-13-13-11-13-11-11-13-12-10	12-13-13-13-11-13-13-11-13-6-11-6	13-13-13-12-12-6-13-9-12-13-10-13	10-13-9-10-9-6-10-13-13-13-13-13	13-13-13-12-9-13-13-10-13-13-13-9
490	0	0-0-0-0-0-0-0-0-0-0-0-0	0-0-0-0-0-0-0-0-0-0-0-0	0-0-0-0-0-0-0-0-0-0-0-0	0-0-0-0-0-0-0-0-0-0-0-0	0-0-0-0-0-0-0-0-0-0-0-0	0-0-0-0-0-0-0-0-0-0-0-0	0-0-0-0-0-0-0-0-0-0-0-0	0-0-0-0-0-0-0-0-0-0-0-0	0-0-0-0-0-0-0-0-0-0-0-0	0-0-0-0-0-0-0-0-0-0-0-0	0-0-0-0-0-0-0-0-0-0-0-0	0-0-0-0-0-0-0-0-0-0-0-0
490	1	1-1-1-1-1-1-1-1-1-1-1-1	2-2-1-0-1-2-0-2-1-1-2-1	1-2-0-2-3-2-2-0-2-2-2-2	2-0-0-2-0-0-2-2-2-2-1-0	1-0-1-0-0-1-1-1-2-2-4-0	8-3-2-0-1-0-1-0-1-1-8-2	1-1-1-1-1-1-2-5-2-1-1-1	1-1-1-1-1-3-3-2-1-1-2-2	1-2-2-1-2-3-1-0-3-3-1-3	2-1-2-1-3-3-2-2-0-1-0-1	3-2-2-0-2-1-1-2-1-1-3-1	2-2-1-1-1-2-3-2-2-1-6-2
490	2	1-1-1-1-1-1-1-1-1-1-1-1	1-1-1-4-1-1-5-1-1-1-3-1	0-1-3-3-4-1-3-0-1-1-3-3	3-0-1-5-3-3-1-5-4-1-3-0	3-0-3-3-0-3-3-2-1-1-2-3	1-1-2-0-2-0-3-3-1-1-2-3	3-1-1-0-2-2-1-3-1-2-3-2	2-2-3-2-2-2-1-3-2-2-3-1	0-1-1-1-3-1-0-3-1-1-3-1	1-1-1-0-3-1-1-1-2-0-0-1	0-1-1-0-1-2-0-1-0-3-1-1	1-2-5-1-1-1-2-1-1-0-3-1
490	3	1-3-1-3-3-3-3-3-3-1-3-3	1-3-1-2-3-1-4-6-3-4-2-3	0-4-2-2-2-6-2-4-1-6-4-2	2-4-4-2-2-2-4-2-2-3-2-0	2-3-2-2-4-2-4-4-3-3-2-2	4-5-5-4-3-7-4-2-3-3-10-3	5-3-3-3-4-3-1-2-3-3-2-4	3-2-2-4-3-3-1-5-4-6-2-3	3-6-3-3-2-1-3-4-1-1-2-1	4-3-3-1-1-1-1-1-0-4-3-2	3-1-1-0-3-3-0-3-4-4-1-3	1-3-4-4-3-1-1-1-2-4-2-1
490	4	4-4-4-4-5-3-4-4-4-4-4-4	1-4-6-2-6-3-3-3-3-3-2-5	0-3-2-2-2-3-5-3-6-3-5-5	3-3-3-2-2-2-3-2-5-5-3-0	2-0-2-2-3-6-3-3-3-4-5-2	3-4-3-3-4-3-3-4-4-4-0-4	2-4-4-8-3-4-4-5-4-3-2-3	7-2-3-5-5-4-5-4-3-5-3-1	3-4-3-3-8-1-5-3-4-4-6-3	3-3-4-1-6-1-5-4-5-3-3-4	6-1-13-0-3-3-5-5-3-3-1-3	6-5-3-3-1-1-3-1-4-3-2-4
490	5	4-5-5-4-4-5-5-5-5-6-5-4	3-6-4-2-5-6-2-5-6-6-2-4	0-5-3-6-2-3-4-6-6-7-6-4	6-7-6-2-2-3-6-2-6-4-7-0	2-0-2-2-3-4-6-5-6-5-4-2	2-4-3-9-5-3-6-6-5-5-5-4	3-6-5-4-3-4-6-6-7-5-2-9	11-4-4-4-4-0-4-6-3-4-1-0	3-4-6-3-0-4-4-8-1-7-4-3	4-3-5-1-4-7-4-7-4-0-13-5	0-6-4-5-6-1-4-4-3-3-4-3	7-4-2-3-1-5-3-1-6-5-7-6
490	6	5-5-4-4-4-6-4-6-5-4-5-5	9-5-4-7-4-5-7-3-7-5-7-4	7-7-7-9-7-3-7-5-6-3-5-7	6-3-5-6-9-7-5-6-5-5-4-6	9-0-6-9-3-4-7-7-5-7-7-6	7-7-7-3-5-9-5-5-5-5-11-6	6-5-5-3-3-3-5-7-5-5-7-7	5-7-13-7-7-6-4-5-3-5-6-1	3-3-5-3-5-1-0-7-4-7-4-8	4-3-4-6-7-7-6-5-7-0-7-7	4-5-7-9-6-6-0-4-3-7-6-3	4-6-6-6-7-1-2-1-4-7-1-5
490	7	7-7-7-7-7-7-7-7-7-7-8-7	9-5-8-2-8-7-6-9-6-5-6-6	6-6-6-6-6-8-6-7-8-8-8-6	7-7-7-6-6-6-7-6-8-7-7-6	6-0-2-6-3-8-6-6-8-7-6-6	6-6-8-7-7-6-8-7-3-7-6-7	6-8-7-0-3-4-5-8-5-5-6-6	7-9-6-6-6-7-8-9-3-5-6-0	6-4-3-3-0-1-3-6-8-6-6-10	3-3-7-4-6-6-6-5-6-3-6-8	0-1-6-8-5-7-0-3-6-6-1-3	5-6-6-6-6-5-2-1-1-6-5-5
490	8	8-8-7-8-7-7-9-7-9-8-7-4	9-5-7-8-7-7-9-7-9-5-9-9	9-9-9-9-8-9-9-8-8-7-7-9	9-8-9-9-6-9-8-6-7-8-8-9	6-9-9-6-10-7-9-8-7-8-8-8	9-8-7-8-8-13-7-7-8-5-1-8	8-7-7-9-8-10-5-9-5-7-9-6	8-7-9-7-7-9-7-6-3-8-8-9	8-8-3-3-11-1-0-9-11-1-4-6	11-3-7-8-10-5-7-5-8-9-8-7	9-1-9-7-5-9-9-8-9-3-1-3	8-6-8-3-9-1-1-13-1-8-1-5
490	9	8-7-9-9-8-7-9-9-8-8-9-9	9-10-11-8-7-8-8-7-8-10-8-10	8-8-8-6-6-8-8-8-8-10-10-8	8-8-8-6-6-8-8-6-9-10-9-8	6-8-6-6-8-9-8-9-10-8-10-6	8-6-7-12-9-8-10-9-9-9-8-9	9-12-5-8-8-9-13-8-9-9-8-5	8-7-8-9-7-8-7-7-3-8-8-8	8-8-7-9-9-7-0-8-8-10-2-8	8-3-7-10-6-9-10-5-8-8-8-9	8-11-8-8-1-8-8-13-8-6-1-3	9-6-8-6-8-5-2-10-12-8-9-5
490	10	12-12-13-11-10-11-13-11-11-13-10-11	11-9-9-11-11-11-11-11-11-11-11-11	10-11-11-12-11-11-11-11-11-9-9-10	11-8-11-12-11-11-9-10-9-9-9-12	11-12-12-12-8-9-11-11-9-11-12-12	11-11-12-13-8-12-11-10-9-5-3-10	11-9-5-12-11-10-5-11-9-12-11-11	12-11-8-11-11-8-7-12-3-11-12-8	11-8-11-11-13-12-12-11-4-9-11-7	10-11-10-11-11-11-11-5-11-8-11-12	8-11-12-7-11-8-8-10-8-11-11-11	11-6-8-10-10-5-10-8-9-8-12-12
490	11	10-10-11-10-10-10-11-11-10-10-10-10	10-12-9-10-10-10-10-12-10-12-10-10	8-10-10-10-10-10-12-10-10-12-12-11	10-8-10-10-10-10-12-6-12-10-12-10	10-8-10-10-8-12-12-10-12-11-10-10	10-10-10-11-11-8-12-10-11-11-6-11	10-9-11-10-12-11-12-10-9-9-10-10	5-10-8-10-10-8-7-10-10-10-10-8	10-8-10-10-8-10-10-10-8-11-10-8	10-10-10-10-10-10-10-5-10-8-10-10	8-10-12-13-10-8-8-3-8-10-10-10	10-13-8-10-12-5-10-8-1-11-10-10
490	12	10-10-10-10-10-10-10-13-10-13-10-10	10-11-11-10-10-10-10-11-10-11-10-11	8-12-10-10-10-10-11-8-10-11-11-12	10-8-12-10-10-10-11-6-11-12-11-10	10-12-10-10-12-11-11-10-11-12-10-10	13-12-10-8-12-8-11-10-12-11-0-10	13-9-11-12-11-12-11-11-12-10-10-10	10-10-12-10-10-12-7-10-12-8-10-8	3-8-12-10-10-10-12-12-11-9-10-6	13-10-12-10-10-10-12-5-8-8-12-10	12-10-11-11-12-8-8-12-12-10-12-3	12-6-12-12-11-5-10-12-9-11-10-10
490	13	13-13-13-13-13-13-10-13-13-10-13-13	10-11-13-10-10-10-10-11-10-13-10-11	12-12-10-10-13-13-13-13-10-13-13-13	12-13-13-12-13-13-11-6-13-13-13-8	10-12-13-13-13-13-12-13-11-13-10-10	12-13-10-13-13-8-13-13-13-13-13-10	12-13-13-13-11-13-9-11-13-13-12-10	13-13-6-13-13-8-7-10-12-13-10-8	3-13-13-13-10-13-13-10-13-10-10-10	12-13-13-13-13-10-13-10-13-13-13-13	8-13-13-11-13-8-8-13-13-13-13-13	13-11-13-12-11-13-13-8-13-13-13-13
491	0	0-0-0-0-0-0-0-0-0-0-0-0	0-0-0-0-0-0-0-0-0-0-0-0	0-0-0-0-0-0-0-0-0-0-0-0	0-0-0-0-0-0-0-0-0-0-0-0	0-0-0-0-0-0-0-0-0-0-0-0	0-0-0-0-0-0-0-0-0-0-0-0	0-0-0-0-0-0-0-0-0-0-0-0	0-0-0-0-0-0-0-0-0-0-0-0	0-0-0-0-0-0-0-0-0-0-0-0	0-0-0-0-0-0-0-0-0-0-0-0	0-0-0-0-0-0-0-0-0-0-0-0	0-0-0-0-0-0-0-0-0-0-0-0
491	1	1-1-1-1-1-1-1-1-1-1-1-1	2-2-1-0-2-1-2-1-1-2-1-2	1-3-0-2-2-1-2-0-3-1-2-2	2-2-2-2-0-0-2-1-2-2-0-0	1-0-1-2-1-1-2-0-1-3-4-0	10-2-2-1-1-2-1-0-1-1-10-2	8-1-1-1-1-1-1-2-2-1-10-2	1-1-1-0-1-2-1-1-1-1-2-3	1-2-2-2-1-2-10-1-2-1-1-2	2-1-1-2-1-1-1-1-2-2-2-1	4-2-13-5-2-2-3-1-1-1-2-1	2-1-1-1-2-2-1-2-1-1-1-9
491	2	1-1-1-1-1-1-1-1-1-1-1-1	1-1-1-4-1-1-1-4-1-1-5-3	4-2-0-3-3-1-3-3-1-3-3-3	1-1-1-1-3-3-1-5-3-1-3-4	4-0-0-3-0-2-3-3-2-1-1-3	3-1-1-1-1-5-2-2-1-1-3-1	2-2-1-0-2-1-2-1-1-1-1-2	1-2-2-2-2-1-1-1-2-1-1-1	2-1-1-1-10-1-1-2-1-2-2-1	2-2-2-2-3-3-1-1-1-1-1-2	1-1-1-1-1-1-1-1-1-2-1-1	1-2-2-2-1-1-2-1-0-1-1-1
491	3	1-1-2-1-1-1-1-1-1-1-1-3	1-1-1-2-1-1-4-3-3-4-2-2	0-4-1-2-2-8-2-4-1-2-2-2	4-4-4-1-2-5-1-2-2-3-2-2	2-0-0-2-4-2-4-2-3-1-1-2	2-4-4-1-1-2-4-4-4-3-14-3	5-3-1-3-4-1-3-4-3-4-6-6	1-2-3-4-3-1-3-7-6-3-5-1	3-4-3-4-2-1-3-4-1-4-2-3	4-2-3-3-2-2-4-4-1-4-3-2	6-4-1-1-3-3-1-3-6-4-4-3	1-3-3-2-1-1-2-1-1-1-1-3
491	4	4-4-4-4-4-4-4-4-4-1-1-4	3-4-5-2-1-1-3-5-3-3-2-5	2-3-3-2-2-3-5-6-1-6-5-5	3-3-3-2-2-2-5-2-5-5-6-2	2-0-0-2-3-6-3-3-3-7-6-2	2-3-3-1-1-2-5-5-3-4-7-4	3-2-1-3-3-4-5-3-4-3-1-3	5-2-2-3-3-3-4-3-5-5-3-1	4-3-3-3-4-1-1-3-5-3-5-1	3-2-4-6-5-2-5-3-1-3-3-2	1-3-8-1-5-1-1-1-3-5-3-5	1-3-2-3-1-1-2-1-6-1-4-1
491	5	5-1-5-5-5-5-5-5-6-5-1-5	1-6-4-2-1-6-1-7-3-3-2-4	0-5-7-4-6-3-4-5-6-5-6-4	3-7-6-6-2-3-4-2-6-4-4-0	2-0-0-6-3-4-5-6-6-1-1-2	2-3-3-1-5-2-6-4-5-5-6-3	3-3-4-3-3-5-6-4-5-5-2-3	4-2-2-4-3-1-8-3-4-4-3-1	6-3-4-3-5-3-4-3-4-5-4-6	3-2-5-4-5-2-4-6-5-1-7-2	3-3-6-1-4-1-1-8-8-4-3-4	1-3-2-2-1-1-2-1-4-1-6-1
491	6	5-4-5-5-6-7-6-1-5-6-1-5	7-5-4-2-5-6-4-6-7-7-6-7	2-6-7-2-5-7-7-7-5-4-5-6	7-7-5-7-2-3-6-2-5-4-4-0	7-0-2-8-3-4-7-5-5-6-4-2	2-3-3-1-5-2-5-6-5-6-5-7	3-2-1-3-3-5-5-8-4-5-3-3	4-2-3-3-6-0-5-3-3-5-3-1	5-3-3-6-5-6-1-7-6-6-6-8	5-2-6-4-8-2-5-5-5-3-5-2	6-8-5-5-5-7-1-6-3-3-8-3	6-8-6-6-6-7-6-7-4-6-5-5
491	7	7-12-5-7-7-6-5-7-5-7-7-6	6-5-4-2-5-6-9-5-6-6-8-6	2-7-9-8-8-9-8-9-9-9-6-8	6-5-8-6-9-9-6-14-6-8-4-6	6-5-4-8-3-4-6-5-8-7-6-7	9-4-6-8-7-1-5-6-7-7-5-7	3-7-7-3-3-8-7-5-9-9-7-8	1-7-3-3-6-0-5-3-3-7-6-1	5-3-3-3-5-6-1-6-6-6-7-6	7-2-7-6-8-2-5-9-7-1-5-2	3-3-5-5-5-6-7-3-3-6-6-3	1-3-6-6-1-6-8-6-4-6-5-16
491	8	9-9-7-9-8-8-5-9-5-1-9-5	8-7-4-2-5-6-7-7-8-6-9-6	9-9-9-7-7-3-9-9-9-6-9-7	9-9-9-9-10-9-10-10-6-7-9-9	9-0-10-7-3-4-9-9-7-9-9-9	9-9-9-7-7-9-9-6-7-7-3-9	1-7-7-8-3-8-5-9-7-10-9-7	14-9-3-9-9-8-5-8-3-8-8-1	9-9-3-9-8-6-8-9-6-8-10-6	7-9-10-4-9-4-5-9-9-12-8-9	9-3-4-8-5-10-6-9-9-9-6-8	1-6-8-8-9-15-7-6-4-8-5-6
491	9	9-9-10-9-10-9-9-10-9-9-8-9	10-10-10-2-10-9-7-10-8-6-8-6	10-8-8-7-8-10-8-8-7-7-10-8	8-8-8-8-7-8-8-7-10-9-9-8	8-0-8-8-12-10-10-8-10-8-8-8	8-8-10-8-9-8-10-9-9-9-8-8	3-7-9-12-7-8-6-10-7-7-8-3	9-8-7-10-10-8-14-8-3-9-8-1	8-8-8-8-5-6-8-8-6-5-11-14	10-8-9-10-8-6-10-7-8-8-8-10	8-6-12-14-7-6-1-8-8-8-6-8	1-3-6-8-8-8-7-9-4-1-5-1
491	10	9-9-9-7-10-9-9-9-10-11-9-9	13-9-9-10-9-9-11-9-11-11-8-11	11-10-11-7-10-11-8-11-10-6-9-10	11-10-11-10-8-10-8-12-9-9-9-10	8-11-8-11-10-9-9-9-9-8-8-10	11-10-9-10-11-14-9-9-7-7-15-11	12-2-9-10-10-10-5-9-7-8-14-10	12-9-14-9-9-11-9-9-3-10-10-10	10-10-13-8-2-11-14-11-6-11-8-6	9-8-8-9-11-13-9-8-13-14-14-9	14-1-9-11-7-16-15-14-14-8-6-8	16-6-10-10-10-8-7-10-1-11-5-1
491	11	12-13-13-12-11-12-13-12-13-13-12-12	13-9-12-13-12-13-13-12-12-14-12-13	10-11-12-12-13-12-11-10-12-12-10-11	10-10-12-12-13-13-12-12-12-12-11-10	13-10-8-13-10-11-10-11-12-11-8-12	12-12-13-13-10-10-12-11-12-12-13-10	13-12-12-12-10-11-12-15-12-11-13-12	10-14-10-13-13-11-9-9-12-10-10-10	10-10-13-13-12-16-12-13-6-10-13-6	12-13-8-14-13-12-13-12-10-10-10-12	10-13-15-11-13-15-10-14-10-13-6-15	11-13-12-13-10-8-11-14-15-10-13-12
491	12	11-11-11-11-11-11-11-11-11-13-11-11	11-9-11-11-11-11-11-11-11-11-11-11	12-12-13-11-12-11-13-13-11-11-13-12	13-12-13-13-11-12-11-11-11-11-12-10	11-10-11-11-14-12-13-13-11-17-12-11	11-11-9-15-9-13-11-11-11-11-11-12	10-11-11-11-10-14-11-11-11-11-11-14	12-11-10-11-11-13-9-9-11-10-10-10	14-10-13-11-11-6-11-11-6-10-11-6	11-11-8-10-11-11-11-11-10-13-10-11	14-11-9-12-11-14-16-13-15-11-6-16	12-11-11-12-14-1-7-11-13-14-11-11
491	13	13-11-11-11-11-11-11-11-11-11-11-11	11-14-9-11-11-11-11-12-11-15-11-11	12-12-12-11-11-11-12-12-11-14-14-14	12-12-12-12-11-12-11-11-14-14-14-10	11-10-8-11-12-13-12-12-14-12-13-11	11-12-11-11-13-12-14-13-13-13-11-13	11-14-9-13-12-13-14-12-7-13-11-11	13-11-10-11-11-12-9-13-3-11-11-10	13-10-12-11-14-11-11-11-15-13-11-12	16-11-15-16-11-16-11-16-15-10-11-13	10-11-14-9-11-11-10-12-12-11-6-11	11-11-10-11-11-9-7-11-12-12-11-11
491	14	13-11-17-15-11-9-11-17-11-15-11-17	11-13-11-16-11-13-11-12-11-13-11-11	10-14-15-17-15-11-15-16-15-15-13-13	15-12-13-14-15-15-16-15-13-13-13-10	11-10-15-15-15-15-15-15-13-12-14-15	15-13-17-12-16-15-13-14-13-13-3-13	15-15-7-10-13-12-13-15-7-15-10-15	8-16-10-15-14-12-9-16-15-14-8-10	12-10-13-15-17-6-12-11-13-13-14-6	11-11-8-13-15-13-15-13-15-10-10-14	10-15-13-9-11-12-10-10-10-16-6-12	11-6-10-13-10-8-15-11-11-12-5-11
491	15	15-11-14-11-11-11-15-15-13-14-11-11	11-16-17-11-11-16-17-16-11-13-11-11	10-15-14-14-14-14-14-12-14-16-16-16	14-14-12-14-14-14-15-14-16-15-15-10	14-10-14-14-14-16-14-14-16-12-14-14	14-12-16-12-15-14-16-15-13-15-10-15	14-14-9-16-11-15-16-16-15-14-10-14	15-11-10-14-14-12-9-14-14-15-8-10	12-10-16-14-15-6-10-11-13-15-14-14	14-11-13-13-11-16-11-16-14-10-10-14	10-11-13-15-15-11-10-10-10-11-14-11	11-14-10-11-10-8-14-11-11-12-17-15
491	16	13-11-17-15-15-16-15-11-11-15-13-11	11-15-15-11-11-15-11-15-11-13-17-11	10-16-14-14-15-15-15-14-17-15-15-15	17-16-16-17-14-14-17-14-15-16-15-16	14-10-16-14-14-15-15-17-15-12-13-14	13-11-15-12-15-16-15-14-13-15-0-17	17-14-15-16-17-12-15-15-15-14-11-15	11-14-10-14-14-11-13-14-16-10-16-10	12-10-15-14-14-11-16-16-13-13-14-6	16-16-8-13-15-13-13-15-16-10-16-14	12-11-13-12-13-10-10-16-16-14-6-12	10-16-16-16-16-13-14-11-13-16-15-15
491	17	17-17-17-17-17-17-11-17-17-17-17-17	11-13-17-14-17-15-15-11-11-17-16-14	15-15-17-14-17-17-17-17-16-17-15-17	16-17-16-16-17-17-15-17-17-17-17-10	11-10-17-17-17-17-16-17-13-17-14-8	17-17-14-17-17-10-15-17-17-17-17-16	11-17-17-17-16-17-6-13-17-14-11-14	17-17-14-17-17-12-9-11-14-17-13-10	12-17-17-17-14-17-17-15-17-1-14-6	16-17-17-13-17-6-17-16-17-17-17-17	10-17-13-11-13-6-12-17-17-17-17-17	11-17-17-16-11-17-17-10-17-17-15-0
492	0	0-0-0-0-0-0-0-0-0-0-0-0	0-0-0-0-0-0-0-0-0-0-0-0	0-0-0-0-0-0-0-0-0-0-0-0	0-0-0-0-0-0-0-0-0-0-0-0	0-0-0-0-0-0-0-0-0-0-0-0	0-0-0-0-0-0-0-0-0-0-0-0	0-0-0-0-0-0-0-0-0-0-0-0	0-0-0-0-0-0-0-0-0-0-0-0	0-0-0-0-0-0-0-0-0-0-0-0	0-0-0-0-0-0-0-0-0-0-0-0	0-0-0-0-0-0-0-0-0-0-0-0	0-0-0-0-0-0-0-0-0-0-0-0
492	1	0-0-1-0-1-1-1-1-1-0-1-0	0-0-0-1-0-0-0-0-0-0-0-0	3-2-0-2-1-2-2-0-0-0-2-2	2-0-2-0-2-2-0-4-2-0-2-1	2-0-2-2-0-1-2-2-1-1-1-3	4-2-2-0-0-3-2-2-1-0-2-0	3-1-0-0-1-1-0-2-0-1-2-2	1-1-1-2-1-1-0-1-0-0-1-0	0-0-1-1-2-0-0-2-2-1-1-2	0-0-1-2-2-1-3-1-1-0-0-1	0-1-2-0-2-0-0-0-3-1-1-1	0-1-1-1-1-0-1-0-0-2-0-2
492	2	2-2-2-2-2-2-2-2-2-2-2-2	4-2-0-1-2-2-3-5-2-3-1-2	1-3-0-1-1-5-3-2-1-3-3-1	1-3-1-3-1-1-2-1-1-2-4-0	1-2-1-1-3-1-3-3-2-0-1-1	3-1-4-2-2-1-3-3-2-2-10-2	2-2-2-2-3-2-2-3-2-2-1-5	2-1-1-3-2-2-0-3-4-2-3-3	2-3-3-2-2-4-2-4-1-2-2-1	3-2-2-1-1-1-1-2-2-3-1-1	2-2-1-0-1-2-0-2-3-2-1-2	2-2-2-3-2-2-2-2-0-1-0-1
492	3	3-3-3-3-3-3-3-3-3-3-3-3	4-4-3-1-4-5-2-4-2-2-0-3	1-3-1-2-1-2-4-4-0-2-4-4	2-2-4-2-1-1-3-1-3-3-2-1	1-0-1-1-2-4-2-2-2-3-1-1	2-1-2-2-2-1-4-2-3-3-3-3	1-3-4-0-2-3-3-4-3-3-1-2	3-4-1-4-3-2-3-2-2-3-2-2	3-2-2-2-3-3-3-2-3-4-4-3	2-2-3-4-1-4-4-3-4-2-3-3	2-2-5-0-10-3-4-0-5-4-4-2	3-1-1-2-2-3-5-0-0-0-5-3
492	4	4-4-4-4-4-4-4-4-4-4-4-4	2-3-4-1-3-3-6-3-2-2-1-3	1-4-3-3-1-2-5-3-6-2-5-3	5-2-5-4-1-2-4-1-5-4-2-0	1-0-1-5-2-3-5-4-5-1-1-1	1-1-2-2-4-1-5-5-4-4-9-3	1-5-3-0-2-3-4-3-4-4-1-2	4-3-2-3-3-6-4-2-2-4-2-0	4-2-2-2-4-2-0-2-4-3-3-5	5-3-4-3-1-8-3-4-3-2-14-3	0-8-6-4-0-3-3-0-3-3-3-3	5-1-1-5-2-4-3-9-0-0-4-4
492	5	6-8-4-3-3-4-3-4-6-4-4-4	6-3-4-6-4-3-5-7-7-2-7-6	8-6-7-7-6-2-6-6-6-2-4-6	6-6-4-6-7-6-4-6-4-6-2-6	6-5-7-6-2-3-6-6-4-7-8-6	6-7-6-2-2-7-6-4-4-4-6-7	7-4-2-6-2-4-6-6-6-0-6-2	0-1-6-6-3-6-4-2-2-4-6-6	6-2-2-6-4-5-6-6-5-6-6-11	4-6-4-5-6-6-5-3-6-5-6-3	6-2-3-4-5-5-6-5-6-5-6-3	4-5-5-4-6-5-3-6-0-5-3-4
492	6	6-6-6-6-6-6-6-6-6-5-6-6	5-8-4-5-7-7-5-7-5-6-5-5	5-5-5-5-5-7-5-5-7-7-7-5	5-5-7-5-5-5-6-5-7-5-7-5	5-5-5-5-2-8-5-5-6-6-5-5	5-5-5-6-6-5-5-6-4-6-5-5	5-6-6-5-8-3-5-7-5-8-5-6	6-5-5-5-6-6-8-6-2-4-5-5	5-6-7-5-4-6-5-5-7-5-5-7	6-5-4-5-5-5-7-4-5-2-5-6	5-6-4-4-5-6-5-6-5-5-6-2	9-5-5-5-5-6-3-5-0-5-8-6
492	7	7-7-7-6-6-6-7-7-7-7-8-7	8-6-8-5-6-8-5-6-5-6-5-6	5-5-5-5-5-6-6-8-6-8-8-5	5-5-8-5-5-5-8-5-6-5-8-5	1-5-5-5-2-6-8-6-8-5-5-5	5-5-5-5-7-5-8-6-7-7-5-5	5-8-6-0-6-7-7-6-7-8-5-5	7-4-5-6-7-1-6-12-2-4-5-5	5-7-6-5-7-5-6-5-6-5-4-8	6-0-14-5-5-5-8-8-7-2-5-7	0-7-3-4-10-5-5-8-5-5-6-2	8-5-1-4-5-6-3-0-10-5-6-8
492	8	7-9-7-9-8-8-7-8-8-8-7-7	9-6-7-9-8-7-9-8-10-8-5-7	10-8-9-5-5-9-9-7-5-7-7-5	9-10-7-5-9-9-8-5-7-7-7-11	1-10-12-7-10-6-7-9-7-8-5-5	9-9-6-2-8-8-7-6-7-7-1-9	8-7-7-8-6-8-7-6-7-6-8-9	4-6-9-9-8-10-6-8-8-11-8-8	8-8-8-12-10-6-8-8-7-8-5-7	8-8-8-7-5-4-7-7-8-8-11-3	8-4-3-7-8-8-8-10-10-5-6-8	4-5-8-8-8-8-3-8-7-5-6-7
492	9	10-14-11-10-10-10-11-11-10-10-10-14	10-11-10-10-10-10-10-10-11-10-10-10	9-11-11-10-10-10-10-10-12-11-10-10	8-10-11-10-8-8-10-11-10-10-10-8	12-8-9-12-8-9-10-9-10-10-11-9	12-8-10-9-9-10-9-10-11-9-12-9	10-11-11-8-10-9-11-10-10-13-8-11	9-9-12-12-10-8-6-10-9-10-14-10	9-10-9-9-11-10-8-8-10-13-10-10	10-9-10-10-10-11-12-14-8-8-8-11	13-10-12-10-12-9-10-9-8-9-10-9	10-11-9-8-8-10-11-10-11-12-6-13
492	10	9-9-9-9-9-9-9-9-9-9-9-9	9-9-9-9-9-9-9-9-9-9-9-9	12-8-9-11-12-9-9-9-9-9-9-9	11-9-9-9-12-11-9-13-9-9-9-8	11-8-9-12-8-11-11-10-9-9-5-5	9-8-12-10-8-9-11-9-9-9-11-9	9-9-9-8-9-11-7-9-11-9-10-11	9-10-11-11-9-8-6-9-11-9-8-9	9-9-9-11-9-9-8-8-9-9-11-9	9-10-9-9-8-5-7-7-8-8-8-9	8-9-9-4-9-9-8-8-8-10-9-10	9-11-8-8-8-9-9-9-7-5-6-9
492	11	9-9-9-9-9-9-9-9-9-9-9-9	9-9-9-10-9-9-9-9-9-9-9-9	11-9-12-10-10-9-10-12-9-9-11-9	10-11-9-9-10-12-9-9-9-9-10-8	10-8-8-9-12-10-12-10-9-11-9-11	9-8-10-11-9-13-10-9-9-9-10-10	8-9-9-8-11-10-9-12-10-9-12-10	11-10-10-10-10-12-6-9-10-8-11-13	11-13-9-10-12-9-8-12-12-9-10-5	9-10-8-12-12-9-9-9-8-12-8-9	12-9-9-9-9-9-12-8-8-12-9-10	9-10-11-8-11-9-9-11-9-11-6-9
492	12	9-9-9-12-9-9-9-9-9-9-9-9	9-9-9-10-9-9-9-13-9-9-9-9	11-14-11-10-10-14-13-11-9-13-13-12	11-11-11-9-10-11-9-5-13-12-13-8	10-8-8-10-11-12-11-11-14-9-9-11	9-8-10-11-12-11-13-12-12-12-9-12	8-9-9-8-13-12-13-13-12-12-11-13	9-10-9-9-9-11-9-7-10-11-11-11	9-12-13-10-11-9-8-11-11-9-10-9	10-10-12-13-11-9-9-7-8-11-8-13	11-9-9-4-9-9-11-8-8-11-9-12	9-9-8-8-9-9-9-12-9-9-12-12
492	13	9-9-9-9-9-9-9-9-9-9-9-9	9-9-9-9-9-9-9-12-9-9-9-9	11-13-11-10-10-10-12-11-9-12-12-12	13-13-13-14-10-13-9-10-12-9-12-8	10-8-13-9-11-12-12-11-12-9-9-13	9-13-10-13-8-11-12-9-12-12-9-13	14-9-9-13-12-13-12-12-12-9-13-12	9-10-9-12-9-11-6-9-13-9-13-11	9-11-12-13-13-9-13-8-9-9-10-9	13-13-13-12-13-9-13-9-8-11-13-12	9-9-13-4-12-13-11-8-13-13-9-13	9-13-8-13-13-9-9-9-9-13-6-9
492	14	14-9-14-9-14-9-9-14-9-9-14-14	9-9-14-13-9-9-9-9-9-14-9-9	12-12-14-9-14-14-14-14-9-14-14-14	13-14-13-13-14-14-9-14-14-14-14-13	9-11-14-14-14-14-13-14-12-14-10-11	14-14-14-14-14-11-14-14-14-14-14-13	13-14-14-14-12-14-9-14-14-9-13-13	14-10-9-14-14-11-6-10-13-9-9-11	9-14-14-14-9-9-9-9-14-9-9-9	13-14-14-14-14-5-14-9-8-14-14-14	11-9-14-4-9-8-9-9-14-14-9-14	9-9-14-8-12-14-14-9-14-14-14-9
493	0	0-0-0-0-0-0-0-0-0-0-0-0	0-0-0-0-0-0-0-0-0-0-0-0	0-0-0-0-0-0-0-0-0-0-0-0	0-0-0-0-0-0-0-0-0-0-0-0	0-0-0-0-0-0-0-0-0-0-0-0	0-0-0-0-0-0-0-0-0-0-0-0	0-0-0-0-0-0-0-0-0-0-0-0	0-0-0-0-0-0-0-0-0-0-0-0	0-0-0-0-0-0-0-0-0-0-0-0	0-0-0-0-0-0-0-0-0-0-0-0	0-0-0-0-0-0-0-0-0-0-0-0	0-0-0-0-0-0-0-0-0-0-0-0
493	1	0-1-0-1-0-1-0-1-0-0-0-1	0-0-0-0-0-1-0-0-0-0-1-0	4-0-0-0-0-3-1-0-0-0-1-0	2-0-0-0-1-2-1-2-0-0-0-0	0-0-0-0-0-0-0-0-0-0-1-0	0-2-0-3-0-0-0-0-0-1-0-0	0-0-1-0-0-0-0-1-1-0-0-0	0-0-0-2-0-0-0-0-0-1-0-0	0-6-0-0-1-0-0-0-0-0-0-0	0-0-0-0-0-0-0-0-1-0-0-0	0-1-0-0-0-0-0-0-0-1-0-0	0-0-1-0-0-0-0-0-1-0-0-0
493	2	2-2-2-2-2-2-2-2-2-2-2-3	3-3-2-3-3-3-3-3-3-3-3-3	2-3-3-3-4-3-1-3-3-3-3-2	3-3-3-3-1-1-3-6-3-3-3-3	8-0-2-4-2-2-3-2-3-3-5-0	3-3-3-2-2-5-3-4-3-2-2-3	2-2-3-2-3-2-3-3-3-2-2-3	2-2-6-1-2-0-2-3-2-3-2-13	2-1-2-2-3-4-8-2-4-4-2-4	5-3-3-2-2-2-2-4-1-9-2-2	9-4-8-0-5-9-2-3-2-2-4-2	3-2-2-2-5-5-2-4-4-2-3-5
493	3	2-2-2-2-2-2-2-2-2-2-2-2	2-2-2-4-2-2-4-5-2-2-4-4	3-3-4-4-5-2-4-4-2-2-4-4	4-2-2-5-4-4-2-4-2-2-4-3	6-4-6-3-4-4-4-3-2-2-2-3	2-4-4-2-2-3-4-2-2-2-4-4	3-6-2-2-2-0-2-2-2-2-4-2	2-3-4-4-3-0-2-3-3-8-4-2	2-1-2-3-4-2-4-4-2-3-4-2	2-2-2-2-6-4-5-2-5-2-2-4	2-2-2-0-4-4-4-2-0-2-2-2	2-3-6-3-2-2-10-2-4-2-4-2
493	4	2-2-3-3-3-2-2-2-3-2-2-3	2-2-2-3-2-2-3-5-3-5-3-3	1-5-3-3-3-8-5-3-2-5-5-3	3-5-2-3-3-3-2-3-2-4-5-3	3-7-3-3-5-4-5-5-4-4-2-3	6-5-6-7-4-5-5-5-4-4-13-4	9-4-2-4-5-4-2-5-4-2-3-7	4-3-5-5-4-1-2-6-6-4-3-2	4-1-4-4-4-2-3-5-2-2-3-2	4-4-4-2-4-3-4-2-5-2-4-3	4-2-2-0-4-4-3-4-5-4-2-4	4-4-3-4-4-2-4-2-3-2-3-2
493	5	2-5-3-5-2-5-5-2-2-5-3-2	2-7-6-3-2-2-3-4-4-4-3-4	3-4-3-3-3-4-6-7-4-4-6-6	4-4-6-3-3-4-4-3-6-6-4-3	3-0-3-3-4-6-4-4-4-4-2-3	4-4-4-2-4-4-4-4-4-5-3-5	4-5-2-4-4-5-6-6-5-5-3-4	5-5-4-6-5-0-5-4-4-5-4-2	5-1-4-4-4-2-6-6-6-3-5-6	6-4-5-5-4-6-3-6-6-2-6-6	6-2-6-0-2-6-6-7-4-4-2-4	2-4-3-4-2-2-3-2-2-2-15-2
493	6	6-7-6-5-2-7-6-6-6-7-7-7	2-7-5-3-2-2-3-7-2-7-3-7	3-6-3-3-3-4-7-7-2-4-7-5	4-7-7-7-3-3-6-3-6-7-7-3	3-0-3-3-4-5-7-6-7-4-3-3	4-4-4-9-6-4-7-5-6-6-7-4	4-3-6-4-4-4-6-5-6-6-4-6	2-5-5-5-4-0-6-4-4-7-4-2	4-1-4-4-6-2-5-5-5-7-5-5	5-4-6-7-3-5-3-5-5-2-5-5	5-2-5-13-7-5-5-4-4-4-5-4	2-6-3-4-2-2-3-2-2-2-2-2
493	7	10-6-6-5-7-6-5-6-9-6-6-6	2-6-6-7-10-2-10-6-9-6-9-6	4-7-8-8-7-8-6-8-8-7-6-7	8-8-8-8-7-7-7-3-8-6-6-3	9-4-9-7-7-5-6-8-6-10-8-9	6-10-7-4-8-7-6-7-6-5-10-7	8-3-5-4-4-4-6-8-4-5-8-4	2-7-7-7-7-8-6-7-4-6-7-2	4-1-4-7-7-7-7-9-7-6-7-7	8-7-7-6-7-7-8-6-4-7-6-7	7-2-2-6-6-2-10-5-4-7-7-5	2-6-7-7-4-2-4-2-2-2-5-7
493	8	8-8-8-8-7-7-8-6-8-8-7-7	2-6-5-9-2-9-9-9-10-6-9-9	9-8-7-9-10-10-9-10-9-9-9-9	10-7-7-7-9-10-7-10-7-8-8-10	12-11-7-12-9-8-9-9-9-8-7-7	4-15-4-2-7-10-9-8-4-6-4-10	10-9-6-4-9-9-9-8-6-11-7-9	2-9-10-9-8-10-5-13-4-9-7-2	4-1-9-9-6-7-8-7-7-6-12-11	7-9-7-9-9-8-7-5-8-2-4-8	4-2-2-6-15-8-5-4-4-7-7-4	2-8-8-7-2-2-8-2-2-2-2-14
493	9	9-10-10-9-7-6-10-10-9-9-7-9	10-10-10-8-2-9-8-8-7-6-8-8	8-8-7-8-8-8-10-8-8-8-10-8	8-9-10-8-8-7-7-8-8-9-10-8	5-0-7-9-8-8-8-8-10-9-7-7	4-7-11-9-9-8-10-9-9-9-4-9	4-8-12-4-8-8-8-8-9-9-4-8	2-10-10-8-9-10-9-7-4-10-15-2	2-10-8-8-9-9-8-7-10-6-8-13	10-8-5-15-8-8-7-13-8-14-4-8	4-9-2-6-11-10-2-0-4-7-7-4	10-6-3-4-15-2-8-0-15-9-11-2
493	10	10-10-9-10-7-7-10-9-13-10-10-10	9-11-9-8-7-9-8-8-8-6-8-8	8-8-8-8-8-8-9-8-12-8-9-8	8-9-9-8-8-8-11-8-11-9-9-8	7-11-7-11-8-9-9-10-11-8-9-7	8-7-9-9-11-8-11-9-9-10-7-8	8-8-10-4-8-8-11-9-10-10-4-11	2-9-9-9-10-10-14-7-8-9-2-11	4-9-9-8-6-11-10-7-9-9-8-11	7-8-10-11-7-8-9-11-8-9-9-8	7-10-10-10-15-9-7-4-4-7-7-4	9-11-3-4-15-2-3-2-11-9-13-2
493	11	12-12-11-12-12-13-12-12-12-12-15-12	12-10-14-8-13-12-12-12-12-12-12-12	11-12-12-13-11-12-11-12-13-8-12-11	12-13-12-11-8-12-13-8-10-11-10-13	12-13-12-10-13-9-12-12-10-13-11-12	12-12-9-11-10-8-10-9-9-9-9-12	12-8-14-12-12-11-10-11-10-14-12-10	14-8-13-12-14-13-9-12-12-14-12-11	12-13-15-8-13-9-12-12-14-11-8-13	11-12-14-13-14-8-7-10-13-13-12-8	13-10-11-6-12-15-12-11-12-15-7-4	12-12-12-12-12-12-12-11-10-12-9-11
493	12	11-11-11-11-11-11-11-11-11-11-12-11	11-13-10-8-15-11-11-11-11-11-11-11	8-11-11-8-8-11-11-11-11-8-13-12	11-11-11-11-8-11-11-8-13-14-13-11	8-11-11-10-11-13-13-11-14-11-14-11	11-11-9-11-11-8-13-9-9-9-7-11	11-8-9-11-11-8-14-11-13-10-11-14	9-8-11-11-11-11-13-11-4-12-11-2	12-11-11-8-12-12-11-11-13-11-8-11	11-11-12-13-12-8-7-10-11-11-11-8	11-12-13-6-11-11-11-11-11-11-7-4	11-11-11-11-11-11-11-11-13-11-11-11
493	13	11-11-15-11-11-11-11-15-11-11-11-12	11-12-11-14-11-11-12-15-12-11-11-14	13-11-11-15-13-11-12-12-11-8-12-11	11-11-11-14-14-14-11-13-12-12-12-11	14-11-14-14-11-12-12-11-12-13-13-13	4-11-13-14-11-8-12-13-9-9-4-11	15-8-14-11-11-13-12-12-12-13-11-14	13-13-11-13-13-11-12-15-4-11-11-2	4-11-11-13-14-2-11-11-7-11-14-11	11-11-12-12-13-8-7-9-11-11-11-8	11-2-12-6-11-11-11-11-4-11-7-4	11-13-13-11-11-2-13-11-12-11-10-8
493	14	11-11-15-11-15-11-15-15-12-15-15-15	11-15-11-13-11-11-15-15-11-11-15-15	14-14-14-13-14-14-14-14-14-13-12-14	14-14-11-13-13-13-12-13-12-12-12-14	13-15-13-13-14-12-15-13-12-14-12-13	12-14-13-14-9-15-12-9-14-9-0-13	14-8-11-15-14-14-12-11-13-13-14-12	11-13-14-13-11-15-12-11-8-11-14-15	14-14-11-8-13-12-11-12-11-11-13-11	11-11-7-12-11-8-12-12-11-9-14-8	11-2-11-6-11-14-14-11-14-11-7-4	11-13-14-11-14-2-11-14-15-14-9-8
493	15	15-15-15-15-15-15-14-15-15-14-15-15	11-12-15-13-15-11-14-14-12-15-14-14	14-14-15-13-15-15-15-15-14-15-15-15	14-15-15-15-15-15-12-15-15-15-15-14	13-14-15-15-14-15-14-15-12-15-13-13	15-15-13-15-15-14-15-15-15-15-15-13	13-15-15-15-11-15-12-14-15-15-11-15	15-13-13-15-15-14-8-13-8-15-11-14	4-15-11-15-13-15-15-11-15-11-13-12	11-15-15-15-15-8-15-12-11-15-14-15	14-2-2-6-8-11-14-15-15-11-15-15	11-11-15-11-10-15-15-11-15-15-5-2
494	0	0-0-0-0-0-0-0-0-0-0-0-0	0-0-0-0-0-0-0-0-0-0-0-0	0-0-0-0-0-0-0-0-0-0-0-0	0-0-0-0-0-0-0-0-0-0-0-0	0-0-0-0-0-0-0-0-0-0-0-0	0-0-0-0-0-0-0-0-0-0-0-0	0-0-0-0-0-0-0-0-0-0-0-0	0-0-0-0-0-0-0-0-0-0-0-0	0-0-0-0-0-0-0-0-0-0-0-0	0-0-0-0-0-0-0-0-0-0-0-0	0-0-0-0-0-0-0-0-0-0-0-0	0-0-0-0-0-0-0-0-0-0-0-0
494	1	0-1-0-0-1-1-0-0-1-0-1-1	1-0-0-0-0-2-2-0-0-1-0-2	3-0-0-0-0-1-0-0-0-0-0-0	2-0-0-0-2-2-0-2-0-0-0-0	0-0-0-0-0-0-2-2-0-0-1-2	0-2-0-2-0-0-0-2-0-0-0-0	0-0-0-2-2-0-0-2-1-0-0-0	0-0-0-2-0-0-0-2-2-1-0-0	0-2-2-0-0-0-2-1-0-1-1-2	0-0-1-0-0-0-0-0-5-3-0-0	0-0-0-0-0-2-10-0-0-2-0-1	0-1-1-2-0-0-0-0-0-0-0-0
494	2	2-3-2-2-2-2-2-2-2-2-2-2	3-3-2-0-2-1-1-2-2-2-2-1	1-2-0-0-0-0-3-5-3-3-3-2	1-0-3-0-1-1-2-1-2-3-2-0	1-0-1-0-1-2-3-1-2-5-1-1	2-1-2-1-2-0-3-1-3-2-0-2	2-2-3-2-3-2-3-1-1-2-0-0	5-2-0-1-2-0-3-1-1-5-1-0	1-1-1-1-0-1-1-1-3-1-2-1	0-1-2-5-0-0-0-3-1-0-0-2	0-2-4-0-0-1-1-0-0-1-2-2	3-1-1-1-0-3-2-0-3-0-3-0
494	3	2-2-3-4-2-2-2-3-2-2-2-2	4-2-2-4-2-1-1-2-2-2-4-4	6-4-4-6-4-4-4-4-4-5-2-3	4-4-4-4-3-4-2-6-4-2-4-7	5-4-3-5-4-4-4-4-3-3-12-3	4-5-3-2-3-5-2-3-2-2-3-4	3-2-2-3-2-2-2-2-0-3-4-3	3-3-3-3-3-1-2-3-3-1-3-0	1-0-3-3-4-4-1-4-2-3-4-3	3-3-2-4-1-4-3-3-1-1-4-3	3-3-2-0-4-1-0-0-0-3-3-3	2-3-3-3-0-2-3-0-2-0-2-0
494	4	5-4-3-3-5-4-4-4-4-4-4-4	3-2-2-3-4-7-5-4-4-4-3-3	3-3-3-3-3-7-3-3-5-5-3-3	3-5-5-3-3-3-2-3-3-4-3-3	3-3-3-3-5-3-5-3-4-4-6-3	3-6-6-10-4-3-3-3-4-4-10-4	4-4-2-4-5-4-4-5-4-3-3-5	3-3-3-5-4-4-4-5-6-1-4-0	4-0-4-4-3-3-4-3-2-4-3-4	3-3-4-2-4-3-5-4-1-1-4-3	5-7-2-0-4-4-0-4-0-3-3-4	4-4-4-3-4-4-3-4-2-2-2-4
494	5	5-5-5-5-5-5-5-5-5-6-5-5	6-6-5-3-6-7-5-6-4-6-6-8	3-5-3-3-3-3-6-6-6-4-6-6	3-4-6-4-3-3-5-3-6-5-5-3	3-0-3-3-4-6-4-3-4-5-4-3	3-3-4-1-4-3-6-5-4-5-3-5	4-6-6-4-4-2-5-6-5-5-3-4	5-6-3-4-3-4-5-4-4-5-6-0	5-4-4-4-5-3-5-3-5-6-6-5	3-4-5-5-4-3-6-6-6-4-5-3	4-4-6-0-5-5-0-4-9-4-4-4	5-4-3-3-2-4-3-0-8-0-5-5
494	6	6-6-6-6-5-6-6-6-6-6-6-5	4-7-8-3-5-5-5-5-4-4-5-8	3-6-4-3-3-4-7-5-5-4-7-5	7-4-7-6-3-3-6-3-7-7-7-3	3-0-3-11-4-5-7-6-7-3-4-3	3-3-4-1-6-3-7-7-2-6-11-5	4-5-5-4-4-7-6-7-5-6-4-4	6-5-3-4-4-0-6-4-4-6-5-0	0-0-4-4-6-3-0-3-6-5-5-7	3-5-6-5-6-3-7-5-5-1-5-3	8-4-5-6-4-5-1-4-1-4-3-4	7-4-3-1-9-6-3-8-6-7-6-6
494	7	6-6-6-8-7-6-5-6-7-8-6-8	8-6-6-3-6-5-9-8-8-5-8-7	3-8-8-7-8-4-8-8-8-4-6-8	8-8-6-8-8-8-6-8-6-8-6-8	3-3-3-8-4-5-8-8-6-8-8-8	8-8-8-1-6-12-6-6-4-6-8-8	8-5-2-8-4-6-6-8-4-5-8-4	6-8-3-8-4-8-6-4-4-12-8-0	8-1-3-4-6-7-1-8-7-10-5-11	3-8-12-11-8-3-8-5-8-1-8-5	4-4-5-6-7-8-1-7-8-11-9-4	6-7-7-8-8-7-3-8-6-6-5-6
494	8	8-8-8-10-8-6-9-8-8-7-8-8	7-9-6-3-9-7-7-7-7-9-7-9	3-7-7-7-7-9-7-7-7-9-7-7	7-7-7-7-7-7-6-3-9-7-9-7	3-0-3-7-4-9-7-7-9-7-7-7	7-7-7-1-10-7-9-8-6-8-7-7	7-8-8-7-12-8-12-7-5-8-7-4	8-7-4-7-3-7-8-8-4-11-7-0	7-1-4-7-6-7-1-7-11-7-6-10	3-7-8-8-7-7-7-6-7-4-7-9	6-4-5-6-11-7-0-9-7-7-3-4	8-4-4-7-7-7-3-7-5-1-8-8
494	9	11-9-9-8-11-9-10-10-10-12-9-9	10-8-6-3-10-10-10-9-10-11-7-10	9-8-10-10-9-10-9-9-10-8-9-9	10-9-10-9-7-9-12-9-8-9-8-9	3-9-9-7-10-8-10-9-8-9-9-9	9-9-8-9-11-11-8-11-6-5-9-9	9-8-8-12-9-9-6-10-9-8-12-8	10-3-9-9-8-10-8-8-4-11-9-9	9-11-9-4-10-9-10-7-6-7-6-7	9-12-10-7-10-9-7-5-9-10-12-9	10-4-9-11-9-9-9-9-9-7-7-9	8-7-9-9-9-10-12-11-9-10-9-8
494	10	9-10-12-8-9-9-9-9-9-12-10-8	9-8-8-11-9-9-9-11-9-9-9-11	11-11-9-11-11-9-11-12-10-11-11-11	9-9-9-7-11-11-9-10-11-9-11-11	11-9-12-6-9-11-11-10-8-10-11-7	11-11-11-10-8-9-11-10-6-5-4-8	12-11-11-10-9-10-8-9-10-8-10-11	9-11-11-10-10-9-8-11-4-9-10-9	12-9-11-11-11-10-10-11-8-7-10-8	10-10-9-7-11-11-10-5-1-9-7-11	9-11-11-6-12-7-1-9-10-10-10-10	8-10-9-10-10-8-10-9-2-9-2-11
494	11	9-9-11-9-9-9-9-12-9-12-11-12	9-8-8-10-9-9-9-10-9-9-9-10	10-10-12-10-10-10-10-10-10-10-10-10	12-10-11-7-10-10-8-10-10-11-10-11	10-9-10-6-10-10-12-11-8-11-10-11	10-10-10-10-9-9-10-9-4-5-11-11	10-10-10-11-11-11-6-8-11-11-10-11	9-10-10-10-10-9-8-10-11-9-10-9	11-9-10-10-10-10-11-10-8-10-10-7	11-11-11-7-10-10-10-5-11-9-7-10	11-10-10-9-8-11-9-11-10-7-10-10	11-10-9-11-11-8-10-9-6-11-11-10
494	12	12-12-12-12-12-12-9-12-12-9-12-12	9-10-12-10-9-9-10-10-9-12-9-10	9-10-12-10-12-10-12-10-9-12-12-12	11-12-12-12-12-12-9-12-12-12-12-10	10-9-10-12-12-12-11-11-12-12-3-7	12-12-12-12-12-7-12-12-12-12-12-11	10-12-12-12-8-12-8-10-12-12-9-12	12-12-10-11-12-9-8-4-11-12-9-12	11-12-12-12-3-12-12-7-12-12-9-9	11-12-12-12-12-3-12-9-12-12-12-12	9-12-12-6-10-11-9-9-12-12-12-12	11-8-12-11-10-12-12-12-12-12-12-10
495	0	0-0-0-0-0-0-0-0-0-0-0-0	0-0-0-0-0-0-0-0-0-0-0-0	0-0-0-0-0-0-0-0-0-0-0-0	0-0-0-0-0-0-0-0-0-0-0-0	0-0-0-0-0-0-0-0-0-0-0-0	0-0-0-0-0-0-0-0-0-0-0-0	0-0-0-0-0-0-0-0-0-0-0-0	0-0-0-0-0-0-0-0-0-0-0-0	0-0-0-0-0-0-0-0-0-0-0-0	0-0-0-0-0-0-0-0-0-0-0-0	0-0-0-0-0-0-0-0-0-0-0-0	0-0-0-0-0-0-0-0-0-0-0-0
495	1	1-1-1-1-1-1-1-2-1-1-1-1	2-1-1-2-2-2-2-2-1-1-2-2	1-2-0-2-3-2-2-2-3-2-2-2	0-0-2-2-0-0-2-1-1-2-2-0	1-0-1-2-1-1-2-1-1-2-4-0	2-2-2-10-1-0-2-2-1-1-15-2	1-1-2-1-2-1-2-2-2-1-1-1	1-1-1-1-1-2-1-2-1-1-2-2	1-0-1-2-1-3-7-0-2-1-1-2	2-1-1-3-1-2-2-1-2-1-0-1	1-2-2-0-2-1-1-1-1-1-2-1	2-1-1-1-1-2-3-3-2-1-1-3
495	2	1-1-2-1-1-1-1-1-1-1-1-1	1-1-1-2-1-1-1-1-1-1-1-1	4-1-3-1-4-3-3-3-1-1-1-1	3-0-1-3-2-3-1-6-3-1-3-6	4-0-6-4-0-2-3-2-2-1-19-2	1-1-2-1-1-0-3-1-1-1-4-1	2-1-1-0-2-2-1-1-1-1-3-4	1-2-3-2-2-1-1-3-2-0-2-1	2-0-1-1-3-1-1-3-1-1-2-1	1-2-1-1-1-3-1-1-1-1-0-6	0-1-1-0-1-0-0-1-0-1-1-1	1-2-2-2-1-1-4-1-1-3-1-1
495	3	1-1-1-1-1-1-1-1-1-1-1-3	1-1-1-2-1-1-4-3-3-4-1-4	8-4-2-1-1-8-2-4-1-5-4-4	2-4-4-2-2-5-1-2-2-3-2-2	2-3-2-2-4-3-4-4-3-3-1-6	12-5-5-12-1-5-4-1-4-3-12-3	9-3-1-3-4-3-4-4-3-1-6-6	3-2-2-4-3-1-1-5-6-3-5-1	3-7-3-3-2-1-8-2-1-1-2-1	4-3-3-1-3-2-3-1-1-4-3-2	3-4-3-0-3-3-0-3-6-4-1-3	1-3-3-4-3-1-1-1-2-4-1-1
495	4	4-4-4-4-4-4-4-4-4-1-1-4	3-8-5-2-1-1-3-5-3-3-1-5	2-3-3-5-2-3-5-6-1-6-5-5	3-3-3-2-2-2-5-2-5-5-6-0	2-6-2-2-3-6-3-5-3-6-1-2	1-3-3-3-1-1-5-5-3-4-2-4	2-4-1-3-3-4-3-3-4-4-3-3	5-2-2-3-4-4-4-3-5-5-3-1	4-3-3-3-4-1-1-3-2-4-5-1	3-2-4-6-5-4-5-3-1-3-0-5	1-3-8-4-5-3-0-3-3-5-1-5	1-3-2-3-1-1-2-4-8-3-4-1
495	5	5-1-5-5-5-5-5-5-6-5-1-5	6-6-4-2-1-6-1-7-3-3-6-4	0-5-8-4-6-3-4-5-6-3-6-4	3-7-6-6-2-3-4-2-6-4-4-2	2-7-2-10-3-4-5-6-6-3-1-2	2-3-3-3-5-3-6-4-5-5-6-3	2-4-4-3-3-4-5-6-5-5-0-3	4-2-2-4-3-1-8-3-4-4-3-1	6-0-3-3-5-1-1-3-5-9-4-1	10-3-5-8-5-5-4-6-1-18-7-2	3-3-6-5-4-4-0-3-14-4-1-4	1-3-2-3-1-1-1-1-4-1-6-6
495	6	5-4-5-5-6-7-6-8-5-6-1-5	9-5-4-2-5-6-4-5-8-8-6-7	3-6-7-7-5-6-7-7-5-4-5-6	7-4-5-7-6-3-7-2-5-4-4-7	7-4-2-12-3-4-7-5-5-4-7-3	3-3-7-3-5-3-5-6-5-6-5-4	3-6-4-3-3-4-5-5-5-5-3-3	4-2-3-7-6-1-5-3-3-4-3-1	3-3-3-6-0-6-0-7-8-8-10-6	5-3-6-4-8-8-6-5-0-0-3-2	6-9-5-0-5-7-0-3-3-3-8-3	6-8-6-3-1-6-6-7-4-6-5-5
495	7	7-10-8-8-7-6-5-7-5-8-8-6	6-5-4-2-5-6-8-8-6-6-8-6	3-8-9-8-8-10-8-6-8-9-8-8	6-9-10-8-9-9-6-2-9-7-4-6	6-4-2-8-3-4-6-5-8-8-6-3	3-4-8-8-7-1-5-6-7-7-2-7	2-7-7-3-3-7-7-5-7-10-7-9	4-7-3-6-6-8-5-3-3-7-8-1	3-3-3-3-3-6-1-6-6-6-7-6	8-3-7-6-8-6-5-9-7-0-5-7	3-1-9-0-8-6-0-3-3-3-6-3	1-3-6-3-1-6-8-6-4-6-5-1
495	8	7-7-8-7-8-7-9-9-8-7-7-9	8-4-4-8-6-6-7-7-6-6-9-6	9-7-9-7-7-3-7-7-7-7-7-7	9-9-9-7-10-10-4-12-6-4-4-8	9-4-12-7-3-4-9-9-7-7-9-8	3-9-9-7-7-10-4-6-5-7-3-9	2-7-7-3-3-8-5-9-7-12-9-8	6-8-8-9-6-8-5-8-3-7-8-1	3-3-3-10-8-6-3-9-6-6-10-6	7-3-8-4-9-6-9-5-9-0-8-10	3-1-4-0-7-8-0-3-3-8-6-3	1-6-6-3-8-6-7-1-4-8-5-1
495	9	9-9-9-9-9-9-9-9-12-9-9-9	6-10-11-8-6-10-10-11-6-10-8-10	8-9-8-7-8-10-7-9-7-7-10-7	8-9-8-8-7-7-10-8-10-10-9-8	8-0-8-8-3-10-8-8-10-9-8-8	8-8-10-7-14-8-10-9-9-9-16-9	3-9-7-3-12-9-12-8-7-8-8-7	9-8-10-8-8-9-10-14-3-9-12-1	8-3-3-8-11-6-19-8-6-5-5-18	7-2-9-9-8-6-8-7-8-10-18-8	0-6-7-12-7-8-0-3-3-3-6-8	1-8-6-3-1-1-7-14-16-8-12-1
495	10	15-11-11-11-10-11-13-12-10-12-9-9	11-9-5-11-10-9-12-11-12-11-11-11	10-11-11-7-10-11-11-11-11-11-9-11	11-10-11-13-8-11-9-8-9-9-10-13	8-11-8-8-12-9-11-11-9-7-10-10	19-8-9-13-10-12-9-9-9-7-1-9	10-7-9-3-10-8-11-11-7-7-12-8	11-8-12-9-8-12-9-8-3-10-11-16	10-12-10-8-8-6-10-12-6-16-8-6	11-2-9-10-12-6-9-9-12-16-12-8	11-1-14-10-7-14-18-10-11-8-6-3	10-6-10-3-10-9-7-10-10-12-9-1
495	11	9-11-11-11-12-10-12-11-11-12-12-11	13-12-12-10-13-12-10-10-6-10-10-10	10-10-10-7-8-10-10-10-10-12-12-10	10-10-10-10-7-10-12-8-12-12-12-10	8-10-8-8-10-12-10-11-11-10-13-10	10-8-9-7-11-10-12-9-5-11-1-11	14-12-11-3-10-11-10-10-7-11-10-11	10-9-8-6-9-10-9-9-3-10-10-10	11-10-10-10-9-14-10-10-6-10-6-13	10-10-9-12-11-15-12-7-10-10-10-8	10-13-10-10-11-10-10-14-10-11-6-8	13-11-10-19-10-1-7-10-10-11-11-12
495	12	11-12-12-11-11-9-11-11-9-11-11-11	10-11-11-13-10-11-10-10-10-10-12-10	10-13-10-13-13-10-11-10-10-11-11-12	13-10-13-12-12-13-11-8-11-11-11-13	15-10-14-15-10-11-13-13-9-7-8-8	13-8-15-7-12-10-11-12-5-9-3-13	12-12-11-16-9-16-9-11-7-8-10-13	4-12-10-13-12-10-9-19-3-10-10-10	10-10-3-14-19-11-10-10-6-15-14-6	10-12-6-11-13-13-11-6-10-10-10-12	10-11-10-9-1-10-0-10-10-3-6-14	11-6-10-3-10-1-12-10-9-10-9-11
495	13	14-14-14-13-14-14-10-15-13-11-15-16	15-11-11-12-11-13-15-13-10-14-15-10	12-12-12-12-14-10-12-10-12-11-12-14	14-14-14-10-12-12-11-8-13-15-12-10	12-10-12-14-12-14-14-12-14-7-14-14	12-14-12-10-13-10-14-9-13-13-16-12	12-16-7-3-12-9-16-14-7-16-12-12	10-12-15-12-12-10-5-12-3-10-12-10	1-10-3-12-10-6-10-12-6-7-12-14	7-13-7-14-14-11-14-7-12-10-10-12	10-11-10-16-15-10-10-10-3-13-14-8	11-13-10-13-10-6-7-11-9-10-5-13
495	14	13-13-13-15-13-13-11-13-14-14-11-13	13-11-11-12-14-13-15-13-15-15-15-10	15-15-16-12-13-16-13-11-15-13-15-13	15-13-15-13-12-15-14-8-13-13-12-15	12-15-15-13-16-13-15-15-13-14-13-13	15-15-12-10-14-10-13-15-9-9-17-12	17-13-10-15-15-12-14-13-7-7-17-16	10-12-8-12-15-16-11-9-3-10-17-10	10-10-15-15-17-11-17-15-6-14-12-13	15-15-14-13-13-11-13-7-15-15-17-12	17-11-10-13-14-10-10-17-15-14-13-14	11-13-14-17-15-1-7-11-9-17-12-11
495	15	15-15-15-15-13-15-16-15-15-15-15-15	13-16-11-12-16-18-13-13-14-14-14-17	10-14-14-12-12-14-16-17-16-16-16-13	14-13-14-13-12-14-16-8-16-13-15-14	12-14-14-13-14-16-14-14-16-7-13-14	14-14-12-16-15-8-13-14-15-15-1-15	14-13-11-14-14-15-16-13-15-17-14-12	18-12-13-12-14-14-9-15-3-12-14-10	11-14-14-14-15-6-14-14-6-12-12-12	14-14-15-13-12-11-13-16-14-14-14-12	14-15-19-13-13-10-10-14-14-14-13-3	11-13-10-14-14-9-12-15-11-16-9-16
495	16	15-19-16-17-13-13-19-19-15-16-19-13	15-15-16-17-14-13-19-17-14-14-17-17	17-17-17-18-17-18-15-15-15-15-15-13	17-17-14-16-17-17-15-8-16-13-16-17	17-10-17-17-17-15-17-17-15-16-13-17	17-17-16-18-13-10-17-17-15-9-3-17	12-13-13-14-14-17-15-13-7-13-18-14	3-16-17-17-16-14-5-12-3-10-16-10	3-10-19-16-16-6-14-10-6-10-16-13	7-18-8-15-13-16-17-15-14-10-10-12	10-18-15-13-13-18-0-14-10-16-6-16	11-13-6-14-14-6-17-10-9-15-9-15
495	17	18-19-19-19-19-18-16-19-17-17-18-18	16-19-11-16-14-17-19-16-14-16-16-16	16-16-16-16-18-16-16-15-15-15-18-17	16-18-18-16-16-16-15-8-18-18-16-14	16-14-16-18-16-17-16-16-18-17-15-16	16-16-18-19-17-10-16-16-17-17-14-16	14-13-7-14-14-16-17-18-17-15-16-16	10-16-16-16-16-14-5-15-3-10-14-10	3-10-14-16-15-6-14-14-6-18-16-9	16-16-7-18-18-11-16-7-14-10-14-12	14-18-15-13-17-18-10-14-14-17-18-16	11-18-10-14-14-6-16-11-9-14-5-11
495	18	17-18-19-17-18-17-16-17-15-19-15-19	19-15-11-16-14-15-17-19-19-19-19-19	18-18-19-16-17-16-19-19-19-17-17-17	19-17-17-16-16-16-14-18-17-17-17-18	16-18-16-17-16-17-17-18-17-19-17-16	18-17-17-16-17-10-17-16-17-17-17-17	18-13-12-18-19-18-15-17-17-16-16-18	15-12-16-16-16-18-9-15-16-9-18-17	19-10-17-16-15-11-18-17-6-17-16-9	18-16-18-13-17-16-16-19-17-18-16-12	14-17-18-17-17-16-10-18-18-17-13-16	10-17-16-18-18-9-16-10-18-18-5-15
495	19	19-19-18-19-19-19-16-19-19-19-19-19	18-17-19-16-19-17-17-18-18-19-18-18	10-19-18-16-19-19-18-19-18-19-19-18	18-19-18-19-19-19-17-8-16-19-19-16	19-10-19-19-19-19-18-19-19-19-8-18	19-19-16-19-19-10-19-19-19-19-19-19	18-19-19-19-18-19-6-17-19-19-10-12	19-19-12-19-19-14-19-12-16-15-17-19	18-19-19-19-12-19-19-12-19-13-16-6	14-19-19-13-19-6-19-15-19-19-19-19	16-19-19-17-17-6-19-19-19-19-6-19	18-19-19-14-19-19-19-10-19-19-19-15
496	0	0-0-0-0-0-0-0-0-0-0-0-0	0-0-0-0-0-0-0-0-0-0-0-0	0-0-0-0-0-0-0-0-0-0-0-0	0-0-0-0-0-0-0-0-0-0-0-0	0-0-0-0-0-0-0-0-0-0-0-0	0-0-0-0-0-0-0-0-0-0-0-0	0-0-0-0-0-0-0-0-0-0-0-0	0-0-0-0-0-0-0-0-0-0-0-0	0-0-0-0-0-0-0-0-0-0-0-0	0-0-0-0-0-0-0-0-0-0-0-0	0-0-0-0-0-0-0-0-0-0-0-0	0-0-0-0-0-0-0-0-0-0-0-0
496	1	1-1-0-1-1-0-1-1-1-1-1-1	1-0-0-1-0-0-2-0-1-1-1-0	2-1-2-1-0-0-0-0-0-0-0-1	1-2-2-0-1-1-2-1-0-3-0-3	0-1-4-0-2-0-2-1-0-1-0-1	1-1-0-0-1-1-0-0-0-0-0-2	0-0-0-11-0-0-0-0-1-1-0-1	1-1-1-1-0-2-0-1-1-1-1-0	1-1-2-1-0-0-1-1-0-1-1-1	0-1-1-0-0-1-1-0-1-2-1-0	1-0-0-0-1-1-1-1-4-1-1-1	1-1-1-1-1-1-1-1-1-1-0-1
496	2	2-2-2-2-2-2-2-2-2-2-2-2	1-0-0-3-0-2-1-4-2-2-3-3	1-3-1-3-3-3-3-4-3-3-3-3	5-1-1-3-3-3-1-5-3-5-3-1	2-1-1-3-1-2-1-2-2-2-14-2	3-1-2-0-0-3-2-2-2-2-3-1	2-2-0-1-2-2-2-3-2-2-3-2	1-2-2-2-2-1-0-0-1-2-3-0	2-0-1-2-3-2-2-2-1-3-2-2	2-2-2-2-3-2-2-2-2-1-1-2	1-2-0-0-2-1-1-2-1-2-2-1	1-2-2-1-2-2-2-1-2-2-0-2
496	3	3-3-2-3-3-3-3-3-3-3-3-3	4-3-0-2-3-4-1-2-3-4-2-2	1-2-1-2-2-5-2-2-2-4-2-2	4-4-4-2-2-2-4-2-2-3-2-1	2-1-1-2-5-2-4-2-3-2-4-2	2-4-5-6-3-2-4-4-3-3-2-3	2-3-6-3-4-3-3-4-3-3-2-4	3-2-2-4-3-4-3-4-3-2-5-3	3-3-3-4-2-3-3-4-4-3-2-3	3-4-2-3-2-2-2-3-2-3-1-2	3-3-0-0-3-3-5-3-3-4-3-3	1-3-1-1-3-3-2-3-2-2-0-3
496	4	4-4-4-4-4-4-4-4-4-4-4-4	4-6-4-2-4-3-1-5-3-3-2-3	1-4-2-2-2-3-5-2-5-3-5-2	3-3-3-3-2-2-4-2-5-4-3-1	2-1-1-2-3-5-3-2-3-2-3-2	2-3-3-0-0-2-5-3-3-4-6-4	2-2-5-3-3-0-5-5-3-9-2-3	4-2-2-3-2-3-4-3-3-4-3-3	4-3-3-3-4-3-2-3-5-3-2-4	3-3-5-0-5-2-4-4-2-1-5-2	3-3-5-4-5-6-6-3-1-3-3-3	1-3-1-1-2-4-2-4-4-4-4-3
496	5	5-5-5-5-5-5-4-5-5-5-4-5	4-6-6-2-5-4-1-4-4-3-2-6	2-3-2-3-2-3-4-5-4-4-4-5	3-3-6-2-2-2-5-2-4-4-6-1	2-1-1-5-3-4-4-5-6-2-3-2	2-3-3-5-5-2-6-6-9-6-6-4	2-3-4-1-3-5-4-4-7-0-2-6	4-2-3-3-3-3-14-5-3-4-3-6	5-3-3-3-5-3-5-3-5-5-4-5	6-2-5-5-5-2-5-7-4-1-4-2	3-4-4-5-4-5-3-3-1-3-3-3	1-6-1-1-5-5-2-4-5-5-5-5
496	6	8-7-7-7-8-5-8-6-8-5-6-7	8-5-5-2-8-7-7-7-7-3-7-7	6-7-7-7-7-7-7-7-7-7-7-7	7-6-8-7-7-7-6-8-7-7-5-7	7-8-8-7-3-4-7-7-5-7-7-7	7-7-3-7-5-7-5-7-5-5-7-7	7-6-3-7-3-6-5-6-5-8-7-5	5-7-7-7-7-7-6-13-8-7-7-7	7-7-7-6-6-7-7-7-8-6-7-8	7-7-9-7-7-2-7-11-7-8-7-5	7-4-8-8-7-7-7-7-7-6-6-3	10-5-6-7-7-7-8-6-7-6-6-6
496	7	6-6-6-7-6-7-7-7-7-7-6-6	6-8-5-6-8-6-6-6-6-7-6-6	6-6-6-6-6-6-6-6-6-8-10-6	6-6-6-6-6-6-9-6-8-8-8-6	6-6-6-6-3-8-6-6-8-6-6-6	6-6-8-6-7-6-8-6-7-5-6-6	6-8-7-6-14-7-9-6-5-13-6-9	8-5-8-6-8-6-9-6-3-6-6-6	6-6-3-7-6-6-6-6-10-6-7-10	6-6-6-6-6-2-6-5-6-8-6-6	6-10-6-6-6-6-6-8-6-10-9-3	7-3-1-10-6-6-2-6-6-7-7-7
496	8	6-6-7-7-6-7-6-7-6-11-6-6	6-7-5-11-6-6-11-9-6-7-6-9	6-8-6-6-8-6-9-6-6-7-7-8	9-9-6-9-6-6-7-6-7-7-9-6	6-12-6-6-9-7-9-6-7-8-6-6	6-6-7-8-8-6-7-11-8-5-8-6	8-7-7-6-8-8-7-9-5-6-6-7	9-4-10-7-7-10-7-11-8-8-8-10	8-9-7-7-10-6-8-7-7-6-6-6	6-8-6-9-9-5-6-5-8-9-6-4	10-7-8-9-6-8-11-7-10-6-7-3	8-5-8-6-6-8-6-9-8-8-6-7
496	9	7-6-10-10-6-8-6-6-6-11-6-7	6-7-5-8-7-6-10-8-6-6-6-8	6-8-10-10-10-10-10-10-8-10-8-9	10-8-10-8-10-10-7-6-7-7-8-6	10-8-6-12-11-7-10-10-7-8-10-6	11-11-7-8-8-10-7-9-5-3-9-12	6-7-9-6-7-9-7-8-5-13-9-7	8-12-13-10-10-8-7-6-9-8-8-8	6-8-9-10-9-9-9-9-7-3-9-5	9-9-6-8-8-2-10-5-10-8-6-2	8-7-9-8-6-9-8-9-9-9-7-9	7-5-9-9-9-5-9-8-8-9-7-7
496	10	11-14-9-9-10-11-11-6-10-11-11-11	6-13-5-8-12-10-9-9-6-11-6-8	9-9-9-9-9-9-11-9-6-12-11-9	9-11-11-9-9-9-11-6-11-10-11-6	9-8-1-6-8-10-9-9-10-6-9-6	9-6-3-10-8-9-11-10-11-0-6-10	11-2-11-1-7-10-7-9-0-10-9-9	10-2-11-11-9-8-7-6-9-6-9-8	6-8-11-9-8-6-7-6-7-10-9-11	9-9-6-7-6-2-9-10-11-8-6-9	8-7-11-8-6-8-8-9-8-7-11-11	6-11-1-7-6-6-9-8-11-11-6-7
496	11	10-14-9-11-11-10-10-11-10-10-10-11	6-10-12-8-12-10-8-8-6-13-6-8	9-11-9-9-9-9-12-10-12-13-12-12	9-12-10-10-9-9-10-6-10-12-12-6	9-8-1-8-9-12-12-12-12-6-9-6	9-6-7-8-11-9-12-12-10-5-6-10	6-2-11-1-13-9-11-10-0-10-9-3	10-9-10-10-9-8-7-8-9-11-6-8	6-8-13-9-8-9-6-9-7-11-9-10	9-10-6-12-13-12-6-6-10-8-6-2	8-7-11-8-6-9-8-9-6-9-10-10	11-10-1-6-14-6-9-8-13-10-6-10
496	12	6-12-12-11-12-10-11-11-11-10-14-12	13-13-11-8-11-13-8-11-6-13-6-13	9-12-8-6-9-11-11-10-11-10-13-13	12-11-13-13-9-9-10-6-13-11-11-6	9-8-6-13-9-11-11-11-11-12-9-6	9-6-7-8-13-9-13-11-12-13-6-9	6-2-11-1-3-9-13-10-0-11-6-9	13-9-14-10-9-8-7-6-3-12-9-8	6-6-11-9-8-6-6-6-7-6-9-13	9-9-6-12-13-11-6-12-11-8-6-2	8-13-11-8-13-8-8-12-6-7-13-10	11-5-14-6-11-6-11-8-8-12-13-7
496	13	12-14-12-14-6-10-11-14-14-14-14-14	13-10-12-13-13-12-13-8-6-12-13-12	13-14-14-14-13-14-12-13-13-11-12-12	13-13-12-14-13-13-14-6-12-13-11-13	9-14-13-12-13-10-14-13-13-13-13-6	13-13-3-8-12-9-12-13-10-12-2-13	14-11-12-13-7-13-12-11-13-9-9-9	12-10-9-10-9-8-7-6-13-8-9-8	13-8-11-13-9-9-13-13-7-6-9-12	13-9-13-13-12-2-13-12-13-8-13-2	13-12-11-6-12-13-9-12-13-9-7-13	13-5-13-13-13-13-9-13-11-13-12-10
496	14	14-14-14-14-14-14-14-14-14-13-14-14	13-12-14-13-14-12-13-6-13-14-13-13	13-13-14-13-14-14-14-14-13-14-14-14	13-14-13-13-14-14-13-14-14-14-14-13	9-13-14-14-14-14-13-14-11-14-2-6	14-14-14-6-14-6-13-14-14-14-14-14	13-14-14-14-7-14-10-14-14-14-9-10	14-14-12-11-14-8-7-6-13-14-14-8	13-14-14-14-2-14-14-5-14-6-9-10	13-14-14-14-14-2-14-6-13-14-14-14	9-14-14-8-11-13-14-14-14-14-14-14	14-5-14-13-11-14-14-8-14-14-14-10
497	0	0-0-0-0-0-0-0-0-0-0-0-0	0-0-0-0-0-0-0-0-0-0-0-0	0-0-0-0-0-0-0-0-0-0-0-0	0-0-0-0-0-0-0-0-0-0-0-0	0-0-0-0-0-0-0-0-0-0-0-0	0-0-0-0-0-0-0-0-0-0-0-0	0-0-0-0-0-0-0-0-0-0-0-0	0-0-0-0-0-0-0-0-0-0-0-0	0-0-0-0-0-0-0-0-0-0-0-0	0-0-0-0-0-0-0-0-0-0-0-0	0-0-0-0-0-0-0-0-0-0-0-0	0-0-0-0-0-0-0-0-0-0-0-0
497	1	1-1-1-1-1-1-1-1-1-1-1-1	1-1-1-1-1-1-0-1-1-1-1-0	1-2-0-2-2-0-2-0-0-1-0-2	2-0-0-2-2-2-0-4-1-0-2-3	1-0-1-3-0-1-2-2-1-1-0-1	2-2-1-1-1-1-2-1-1-1-3-1	1-1-1-1-1-0-1-2-1-1-2-1	1-1-1-1-1-2-1-1-1-1-0-0	0-1-1-1-2-1-0-2-3-1-1-1	2-1-1-4-2-2-1-1-1-0-4-1	2-1-1-0-2-1-2-1-0-1-1-1	0-1-1-1-1-1-1-0-2-2-2-2
497	2	2-2-2-2-2-2-2-2-2-2-2-2	3-2-2-1-2-3-3-2-2-3-1-1	1-3-1-1-1-5-1-0-0-4-6-1	3-3-3-1-1-4-2-1-2-2-5-1	1-0-1-1-3-1-3-3-2-2-4-1	1-4-4-3-2-1-3-4-2-2-10-2	7-2-2-2-3-0-2-3-2-2-1-3	2-4-1-3-2-1-3-10-10-5-4-0	2-10-2-2-1-2-2-3-9-2-1-2	3-8-1-2-1-1-2-2-1-3-2-1	5-5-2-0-3-2-5-2-3-3-3-2	2-3-7-3-1-1-2-2-1-1-1-1
497	3	3-3-3-3-3-3-3-3-3-3-3-3	2-3-3-1-2-3-2-4-2-2-1-5	1-2-2-1-4-2-4-5-4-5-4-4	2-2-2-2-1-1-4-1-3-4-4-1	1-0-1-1-2-4-2-2-2-3-2-2	1-2-2-3-2-1-4-2-2-3-1-3	1-3-4-2-2-3-2-4-3-3-1-2	4-1-1-2-3-3-2-2-4-3-2-0	3-2-2-2-3-2-0-2-4-3-4-5	2-1-3-5-1-5-4-1-1-2-5-1	0-2-5-3-4-4-3-2-2-4-2-4	2-2-1-2-1-1-1-3-4-2-3-3
497	4	4-4-4-4-4-5-4-4-5-4-4-4	4-5-3-1-5-5-0-3-2-2-1-5	0-4-4-5-3-2-3-5-5-2-5-3	2-2-5-4-1-2-4-1-5-3-3-1	1-0-1-4-2-3-5-4-5-2-2-2	1-2-2-11-4-1-5-2-4-4-4-2	1-1-3-2-2-4-5-5-4-4-1-4	3-2-1-3-2-0-6-5-3-3-2-0	4-2-5-2-4-2-0-2-5-4-3-2	8-1-4-3-1-4-3-6-1-2-1-1	0-2-6-4-3-5-0-2-2-3-2-3	6-1-1-2-1-4-1-3-3-4-5-6
497	5	4-5-5-4-5-4-4-5-4-5-6-4	7-3-3-1-4-4-6-4-6-2-6-3	7-6-7-7-6-2-6-6-6-3-4-6	6-7-6-5-7-6-4-6-4-4-2-6	7-5-6-6-2-3-6-6-4-7-6-6	2-6-6-2-4-11-4-5-4-4-6-8	2-1-3-2-2-3-4-4-4-4-6-7	3-5-6-6-6-5-4-4-2-4-5-0	5-2-4-6-8-2-0-6-4-6-6-5	6-7-4-3-6-6-5-4-1-2-6-6	6-2-3-8-4-4-2-2-2-5-6-2	3-5-5-5-6-5-2-5-3-5-4-4
497	6	6-6-6-6-6-6-7-6-6-7-6-6	5-8-3-5-6-7-5-7-7-2-5-7	5-5-5-5-5-5-7-5-5-7-7-5	5-5-5-5-5-5-6-5-7-6-6-5	5-0-5-5-2-7-5-5-6-5-5-5	5-5-5-0-6-1-7-6-6-6-5-6	1-8-6-2-8-6-4-7-4-6-5-5	6-5-8-7-5-5-10-7-2-6-5-0	5-6-2-7-6-7-0-5-7-5-5-10	7-2-6-8-5-7-5-4-7-2-5-5	5-7-4-9-8-7-7-2-5-5-5-5	6-11-5-5-5-7-7-8-6-7-4-4
497	7	7-7-7-7-6-7-7-6-7-7-8-7	5-8-6-5-8-6-5-9-6-8-5-10	5-7-5-5-5-8-8-8-8-8-8-7	5-5-8-5-5-5-8-5-8-8-8-5	5-0-5-5-2-6-8-7-8-5-5-5	1-5-5-11-10-1-8-8-6-7-5-6	2-10-7-0-6-6-8-6-4-6-5-5	6-5-6-6-7-5-7-6-2-8-5-0	7-2-8-6-7-6-0-5-6-6-7-6	6-5-7-6-8-8-8-7-6-2-5-6	8-6-7-8-8-6-6-2-8-6-6-2	7-6-5-5-5-6-6-7-8-5-4-9
497	8	8-8-6-7-7-7-7-8-6-8-7-9	9-7-6-9-9-7-9-7-10-7-9-7	9-8-10-5-9-10-9-9-9-7-7-8	9-9-7-5-9-9-7-5-7-9-7-9	5-8-9-8-9-6-9-9-7-8-9-5	9-9-6-2-8-9-7-9-6-6-3-5	8-7-7-9-6-8-7-7-4-6-8-5	3-6-6-9-6-10-6-5-11-7-8-0	8-8-7-9-5-4-8-8-6-8-4-6	9-2-8-6-7-7-7-7-8-8-8-1	7-3-7-7-7-11-8-8-8-5-8-8	8-5-8-8-8-7-8-8-3-8-6-1
497	9	9-9-9-9-9-9-10-9-9-9-9-9	8-7-11-5-8-7-8-7-8-7-8-7	8-8-8-5-8-10-8-8-8-10-10-10	8-8-8-7-8-8-11-5-10-8-10-8	5-0-8-5-8-9-8-8-7-9-8-8	8-8-5-9-7-8-10-8-7-6-4-9	10-9-7-8-8-9-7-10-9-6-9-5	6-5-6-8-5-8-9-8-2-9-5-0	9-8-9-8-7-6-8-8-11-10-4-6	8-8-9-9-9-8-8-7-8-8-8-9	7-7-7-9-7-11-8-8-8-8-8-9	10-5-8-8-9-9-1-9-9-9-9-7
497	10	10-11-11-11-9-10-9-11-11-11-11-9	8-7-9-11-8-11-11-11-11-10-11-11	11-8-11-11-10-9-10-9-9-9-9-9	11-10-11-10-10-10-9-5-9-8-9-11	1-10-10-5-8-9-11-8-9-9-5-10	8-8-11-10-7-10-9-8-6-6-2-11	11-7-7-10-6-10-7-9-2-6-10-11	2-10-6-10-10-8-6-2-2-8-11-0	2-2-10-2-10-2-8-8-6-9-10-6	10-10-10-9-10-10-7-7-8-8-10-10	10-2-7-7-7-9-10-9-10-10-10-10	9-5-8-8-10-9-10-9-9-9-4-9
497	11	11-11-11-11-11-11-11-11-11-10-11-11	8-7-11-10-11-10-10-10-10-11-10-10	10-11-11-10-11-10-11-11-9-11-11-11	10-11-11-11-11-11-9-11-11-11-11-10	11-10-11-11-11-11-10-11-6-11-1-5	11-11-11-11-11-11-11-11-11-11-11-10	10-11-11-11-6-11-9-10-11-11-10-10	11-11-5-11-11-8-11-2-8-8-10-11	4-11-11-11-1-11-11-5-11-9-10-6	8-11-11-11-11-11-11-7-11-11-11-11	10-11-7-11-7-9-11-11-11-11-11-11	9-11-11-8-9-11-11-11-11-11-11-11
498	0	0-0-0-0-0-0-0-0-0-0-0-0	0-0-0-0-0-0-0-0-0-0-0-0	0-0-0-0-0-0-0-0-0-0-0-0	0-0-0-0-0-0-0-0-0-0-0-0	0-0-0-0-0-0-0-0-0-0-0-0	0-0-0-0-0-0-0-0-0-0-0-0	0-0-0-0-0-0-0-0-0-0-0-0	0-0-0-0-0-0-0-0-0-0-0-0	0-0-0-0-0-0-0-0-0-0-0-0	0-0-0-0-0-0-0-0-0-0-0-0	0-0-0-0-0-0-0-0-0-0-0-0	0-0-0-0-0-0-0-0-0-0-0-0
498	1	1-1-1-1-1-1-1-1-1-1-1-1	1-0-1-2-0-0-1-0-1-1-3-1	0-2-0-1-0-0-2-0-0-0-1-2	2-2-0-0-2-2-0-0-2-0-2-4	0-4-4-0-9-0-2-2-0-0-2-4	1-4-2-0-0-4-2-4-1-0-2-2	2-1-0-4-1-1-0-2-0-1-4-1	1-1-1-2-0-2-0-1-4-1-1-1	1-0-1-1-1-1-1-2-1-1-1-1	2-1-1-1-3-1-1-0-3-1-3-1	4-1-1-1-1-1-3-1-4-1-1-1	1-1-1-2-1-1-1-1-1-1-1-1
498	2	2-2-2-2-2-2-2-2-2-2-2-2	3-2-2-1-2-2-4-2-3-3-1-2	0-1-0-1-3-5-3-3-1-3-2-2	4-3-1-3-1-1-0-0-1-2-5-1	9-1-1-3-3-3-3-3-3-2-4-1	11-1-4-7-2-1-1-7-2-2-11-1	7-2-2-1-4-1-2-3-2-3-1-3	2-2-5-4-2-1-2-3-6-1-2-4	2-5-2-2-2-2-1-1-2-2-1-2	2-1-1-1-1-1-2-2-1-3-1-2	2-2-2-2-2-2-4-2-2-8-2-2	2-2-1-1-2-2-2-2-2-2-1-2
498	3	3-3-3-3-3-3-3-3-3-3-3-3	2-5-3-1-2-3-1-4-2-2-1-1	0-1-2-2-4-2-4-4-4-2-4-3	2-2-4-2-2-1-4-3-4-4-2-1	2-1-1-2-2-4-2-2-5-2-2-1	2-1-2-0-3-1-4-6-3-3-10-3	1-2-3-1-2-3-2-4-3-3-1-2	3-3-2-2-3-1-3-2-1-1-1-2	3-0-6-2-3-3-1-1-4-3-3-2	4-1-3-4-1-4-2-3-4-2-1-2	3-2-4-3-2-2-1-2-1-1-5-4	3-2-1-1-2-2-4-6-3-4-3-4
498	4	3-4-4-4-4-4-4-4-4-5-4-4	4-5-5-1-4-3-2-3-2-2-1-2	0-4-6-2-3-4-3-5-5-2-5-4	2-5-5-4-2-2-5-3-5-3-2-1	2-1-1-11-2-3-5-4-5-0-2-1	1-1-2-2-4-1-5-5-4-4-5-2	1-5-5-1-2-4-4-3-4-4-1-2	4-3-2-2-2-1-4-2-1-3-2-2	1-0-2-3-4-3-1-1-3-5-5-4	3-2-4-3-4-3-2-4-3-2-1-4	1-3-3-4-5-4-2-2-1-3-3-3	4-2-1-1-4-4-3-4-6-3-4-3
498	5	6-5-6-4-4-5-4-4-5-4-5-4	6-4-4-5-3-3-6-6-8-2-6-6	5-6-6-6-6-2-6-6-8-2-4-4	6-6-6-6-6-6-4-6-4-3-2-5	6-6-6-6-2-3-4-6-4-6-6-6	6-6-4-2-4-6-4-4-4-4-5-6	6-4-4-6-2-4-4-4-4-4-6-5	4-6-2-6-2-1-4-2-2-1-5-6	6-2-4-6-5-5-6-6-4-5-4-5	4-6-4-6-6-6-5-4-4-1-6-6	1-2-6-4-4-5-1-5-6-5-6-2	4-5-5-5-6-6-3-2-2-6-4-5
498	6	6-6-6-6-6-6-6-6-6-6-6-7	5-7-7-5-8-7-5-7-5-6-5-5	0-5-5-5-5-2-5-5-5-7-7-4	5-5-7-5-5-5-8-5-7-7-7-5	5-5-5-5-2-7-7-5-7-6-5-5	5-5-7-2-6-5-7-6-7-6-5-6	5-7-6-5-2-6-6-7-6-6-5-6	6-7-6-5-6-1-7-2-2-6-5-5	5-0-6-6-4-6-5-5-6-5-6-13	7-5-4-5-5-5-6-7-6-2-5-6	5-3-5-6-6-4-1-4-5-5-5-6	6-5-5-5-5-5-6-3-4-5-7-6
498	7	7-6-6-6-6-8-4-7-5-7-8-6	5-6-6-5-7-8-8-6-5-6-8-8	7-8-8-5-7-8-8-8-7-6-6-7	7-9-6-8-5-5-7-5-6-6-6-1	2-8-5-7-8-6-8-9-6-9-5-7	8-10-6-7-7-5-6-7-6-4-8-5	10-6-6-1-7-6-6-8-6-6-7-6	7-6-8-6-6-8-6-2-10-7-7-8	7-9-8-8-8-7-7-1-8-2-6-6	8-8-5-8-13-5-6-6-7-8-10-6	8-3-8-8-7-7-8-7-8-1-5-2	4-5-8-5-5-2-8-7-8-8-6-3
498	8	8-8-8-8-8-8-8-8-8-7-8-8	9-11-6-5-9-7-7-9-5-8-5-7	10-7-7-5-7-10-9-7-7-6-9-9	7-7-8-7-5-7-7-5-8-9-8-1	5-7-5-7-10-9-7-7-11-7-11-5	7-10-6-5-7-5-11-7-8-8-14-8	14-9-11-1-7-8-10-7-6-6-7-11	7-6-7-6-6-7-8-2-10-10-7-7	7-7-7-7-7-6-7-10-7-3-6-7	7-7-8-9-5-5-7-6-7-7-7-8	7-9-12-7-7-7-7-10-7-2-5-6	8-10-7-5-5-8-7-7-7-7-6-11
498	9	10-8-8-8-8-7-9-8-11-7-8-9	8-6-6-10-8-9-10-11-10-10-10-12	7-8-10-5-8-12-8-7-10-10-8-8	10-7-11-5-12-10-12-9-10-8-8-9	2-7-11-9-1-8-7-7-8-7-12-11	7-9-6-2-7-10-8-7-8-6-13-9	15-8-8-12-8-9-6-8-6-6-12-7	7-6-2-9-11-7-6-2-9-15-5-7	12-7-9-2-5-3-1-1-7-2-10-6	4-9-9-8-8-11-9-6-9-7-5-9	9-8-8-8-4-4-7-7-12-9-10-2	12-11-5-9-8-14-9-12-3-7-6-8
498	10	11-10-11-11-11-11-11-11-11-11-10-12	12-8-6-12-11-9-9-9-12-8-11-11	10-11-11-11-11-11-10-11-12-11-12-10	9-10-9-11-9-9-10-11-9-11-11-10	14-11-10-10-11-10-11-11-9-11-11-10	13-11-6-11-11-12-10-11-8-8-14-11	14-11-10-10-10-9-8-13-11-11-11-12	11-6-12-11-9-12-6-6-10-7-7-10	11-11-12-11-11-13-8-8-12-10-9-12	6-12-9-10-10-9-12-12-9-13-7-9	13-8-11-11-11-13-7-10-9-9-9-11	9-10-8-9-13-11-10-14-12-10-6-8
498	11	10-10-10-10-10-10-10-10-10-10-8-10	10-8-6-10-10-9-10-9-10-9-10-10	12-12-10-10-10-10-12-10-10-10-10-11	12-10-12-10-9-12-11-10-9-10-10-12	10-10-9-4-10-8-12-12-8-10-10-12	10-12-10-10-7-10-8-12-8-8-2-12	9-8-8-11-11-9-8-12-10-10-10-8	10-6-10-12-9-11-6-2-9-11-7-7	11-10-10-10-10-10-12-11-11-2-6-12	15-10-11-12-12-9-12-4-11-12-12-9	7-8-8-10-11-11-7-2-12-11-12-10	9-9-11-11-11-10-10-7-10-12-6-8
498	12	10-12-10-10-10-10-10-10-10-11-10-10	10-13-12-10-10-10-9-11-10-9-10-9	11-11-11-10-10-10-11-10-10-13-10-12	11-11-11-10-9-11-13-10-13-12-13-11	10-7-9-14-10-13-11-11-13-10-9-11	10-11-6-10-12-10-13-12-12-12-7-11	9-14-8-9-10-12-14-11-12-10-9-10	10-6-10-11-9-10-12-13-9-11-7-7	11-10-10-10-12-10-11-11-10-12-6-14	11-10-11-11-11-11-11-10-11-11-11-9	10-8-8-10-10-11-7-12-11-11-11-11	9-9-11-11-11-5-9-10-13-11-8-8
498	13	14-10-13-15-14-15-15-14-15-15-15-15	15-12-15-15-15-15-14-13-15-14-15-14	13-11-14-14-13-14-13-10-10-14-13-13	11-10-11-14-14-14-12-13-12-12-12-11	14-10-13-13-10-12-14-14-12-13-13-13	10-10-14-13-13-14-14-12-8-12-4-13	9-14-14-11-10-13-12-13-14-12-13-15	10-14-15-14-14-10-6-14-14-7-10-10	11-10-10-14-15-10-11-11-11-14-14-6	6-10-11-10-10-14-13-10-11-10-7-14	10-8-8-10-10-10-7-10-8-11-11-10	9-9-13-11-10-10-13-7-12-10-6-8
498	14	13-15-13-13-13-13-13-13-10-13-13-15	15-12-13-15-13-13-15-15-13-13-15-15	14-14-13-13-14-13-14-14-15-13-14-14	15-14-11-13-13-13-14-11-12-12-13-14	13-15-9-13-14-12-13-13-12-14-14-14	10-14-13-14-14-15-13-13-14-12-8-14	14-12-13-11-14-14-12-14-14-14-13-8	14-13-13-13-13-15-12-13-13-14-14-14	14-14-14-13-13-10-11-11-11-13-13-12	14-14-11-10-10-13-10-10-11-14-14-13	14-8-8-10-10-11-14-14-14-11-11-14	9-9-14-11-14-9-13-10-12-14-6-8
498	15	15-15-15-13-15-13-13-15-13-13-15-15	13-13-13-13-13-13-14-14-13-15-14-14	13-14-15-13-15-15-15-15-14-15-14-15	15-15-15-15-15-15-14-15-13-15-15-10	13-14-15-15-14-15-14-15-12-15-13-13	15-15-15-13-15-14-15-15-15-15-15-13	9-15-15-15-13-15-12-14-15-15-10-13	15-13-13-15-15-14-6-13-11-11-13-14	14-14-15-15-13-15-15-11-15-12-13-12	11-15-15-11-15-15-15-13-11-15-14-15	14-15-3-10-10-11-14-14-15-15-15-15	9-15-15-11-8-15-15-7-15-15-15-8
499	0	0-0-0-0-0-0-0-0-0-0-0-0	0-0-0-0-0-0-0-0-0-0-0-0	0-0-0-0-0-0-0-0-0-0-0-0	0-0-0-0-0-0-0-0-0-0-0-0	0-0-0-0-0-0-0-0-0-0-0-0	0-0-0-0-0-0-0-0-0-0-0-0	0-0-0-0-0-0-0-0-0-0-0-0	0-0-0-0-0-0-0-0-0-0-0-0	0-0-0-0-0-0-0-0-0-0-0-0	0-0-0-0-0-0-0-0-0-0-0-0	0-0-0-0-0-0-0-0-0-0-0-0	0-0-0-0-0-0-0-0-0-0-0-0
499	1	1-1-1-1-1-1-1-1-1-2-1-1	2-1-1-1-1-1-2-1-2-2-2-2	2-2-2-1-0-3-1-1-2-0-2-1	2-2-2-0-2-2-1-2-0-0-0-3	2-2-2-0-5-0-2-2-0-2-1-2	2-2-0-1-1-2-2-2-1-0-0-1	2-2-1-2-2-1-1-2-2-5-2-0	1-1-2-2-1-2-0-3-3-2-2-1	1-2-2-2-1-1-1-1-1-1-1-2	2-1-1-0-0-2-2-0-2-2-1-1	2-1-2-0-0-1-2-2-2-2-0-1	1-0-1-2-1-1-2-1-1-2-1-1
499	2	2-2-2-2-2-1-2-1-2-1-2-1	1-2-2-1-1-1-1-1-1-1-1-1	1-1-1-1-1-1-3-1-1-3-3-3	1-1-1-0-1-1-3-1-3-1-3-1	1-1-1-0-1-3-3-1-3-1-1-1	1-1-1-1-2-1-3-1-2-2-14-1	1-3-2-1-1-1-2-1-1-2-1-2	2-2-1-1-2-1-3-1-1-1-1-2	2-1-1-1-2-1-1-1-2-1-1-1	3-1-0-2-0-1-1-2-1-1-1-2	1-2-2-4-16-2-1-1-1-1-0-1	3-0-1-1-2-2-1-2-1-1-3-3
499	3	3-3-2-2-2-3-1-3-1-3-3-2	3-2-2-4-1-1-1-2-1-1-4-3	3-3-1-4-4-1-2-4-1-2-2-2	4-1-3-3-1-1-2-1-2-8-2-1	1-5-1-0-1-2-2-4-2-3-1-1	4-1-1-3-1-1-2-1-3-0-4-3	4-7-3-7-3-1-2-3-1-2-4-4	3-3-1-1-2-1-2-1-1-3-3-3	3-1-14-3-9-1-3-1-3-1-3-3	2-4-3-3-4-13-3-3-3-1-4-3	12-2-3-2-2-1-1-5-3-3-3-3	2-1-3-3-3-3-3-3-1-3-2-2
499	4	5-4-4-4-4-4-4-5-4-5-5-6	5-5-5-7-5-6-5-6-5-5-5-5	4-5-5-5-6-5-5-5-6-5-6-5	5-5-5-5-4-4-5-1-5-3-5-11	6-3-1-6-1-4-5-3-5-6-8-4	7-1-5-4-4-10-5-5-5-4-3-3	13-4-5-4-4-4-5-5-4-6-8-5	4-4-5-8-4-8-5-5-1-6-3-12	4-1-5-3-3-6-5-3-5-6-4-5	5-3-4-3-3-4-4-6-3-8-3-5	5-5-5-2-12-5-4-3-5-5-6-3	5-4-4-5-5-5-6-6-5-4-6-12
499	5	4-4-4-4-4-4-4-4-4-4-4-4	4-4-4-11-4-4-4-4-4-4-4-4	7-4-6-4-7-4-6-4-4-4-4-4	6-4-4-4-6-6-4-9-4-3-4-9	7-3-7-6-1-6-6-6-4-4-16-8	4-6-4-3-4-8-6-4-4-4-10-6	5-3-4-4-1-5-4-4-0-4-9-5	4-5-6-6-5-1-4-4-5-4-4-4	3-1-4-3-6-4-4-1-4-5-6-4	4-5-4-3-6-6-4-7-3-4-3-4	4-4-4-0-4-4-4-3-4-4-4-3	4-0-5-4-4-4-4-4-4-4-4-4
499	6	4-4-4-4-4-4-4-4-4-4-4-4	4-4-4-5-4-4-7-4-4-4-4-4	5-7-5-4-5-7-5-7-4-8-4-7	8-7-4-7-5-5-4-5-4-4-7-5	5-3-5-5-7-5-7-5-6-4-4-5	9-8-8-4-6-5-7-4-6-6-15-6	5-6-4-6-7-6-4-5-6-6-5-7	6-5-5-7-6-4-4-7-13-4-8-4	6-1-6-6-5-4-6-7-4-4-5-7	7-6-6-3-5-5-7-4-3-7-6-4	6-4-4-2-13-6-4-6-9-6-4-6	6-6-4-6-6-4-4-4-2-4-4-4
499	7	4-4-4-4-4-4-4-4-4-4-4-4	4-4-8-4-4-4-6-8-4-6-4-8	5-6-4-5-5-6-8-9-4-9-8-8	6-6-6-6-5-5-4-5-8-3-9-5	5-3-5-5-6-9-6-8-6-9-4-5	4-6-6-4-4-5-8-8-6-7-5-7	5-3-4-3-6-7-4-8-7-6-5-6	4-5-5-6-7-7-4-6-8-8-4-4	7-1-6-6-3-4-4-6-8-8-8-6	6-5-7-9-5-4-8-5-1-6-6-4	4-4-4-7-8-4-4-6-6-8-4-8	4-6-5-6-4-4-5-7-14-6-4-4
499	8	4-4-8-4-4-4-8-4-10-4-4-4	4-4-7-5-4-4-5-7-4-4-4-7	5-8-5-5-9-6-7-6-4-6-9-7	6-6-9-9-5-6-4-5-9-3-7-5	5-3-5-9-6-7-7-10-9-4-4-5	4-6-6-4-8-5-7-7-8-8-9-6	4-4-4-6-6-8-8-9-11-8-6-8	4-5-4-7-6-4-10-6-7-7-6-4	9-1-8-6-3-4-4-6-7-12-7-9	4-6-8-7-8-8-7-9-3-4-3-4	6-4-4-4-7-4-4-6-6-7-4-7	4-16-5-6-4-4-4-4-7-4-4-4
499	9	4-4-8-4-4-10-4-4-8-4-4-8	4-7-7-5-11-4-4-8-10-11-9-10	5-9-5-5-8-7-10-7-8-7-8-9	10-7-8-10-5-5-10-5-8-3-7-5	10-3-5-11-6-7-10-8-8-7-7-5	6-6-10-4-8-5-8-10-8-9-5-10	5-11-4-6-6-8-8-8-8-8-5-9	4-5-5-9-9-9-8-6-6-7-10-4	8-4-6-9-3-9-1-10-11-10-5-11	6-6-9-7-11-16-9-8-3-1-6-5	9-11-8-2-11-10-4-6-6-9-11-6	9-11-9-6-6-4-9-9-7-4-4-8
499	10	4-4-11-10-4-8-8-4-8-11-4-9	4-4-7-4-4-4-12-11-9-4-11-9	5-10-12-11-11-9-11-11-11-12-11-11	9-8-11-11-14-12-8-5-12-11-7-5	9-3-5-11-6-7-9-8-11-11-9-5	6-5-9-11-10-4-8-9-10-10-5-9	5-10-10-6-6-14-8-9-10-14-5-9	4-5-12-9-9-1-8-6-6-10-9-4	6-1-6-13-3-9-4-9-9-9-10-9	11-6-10-7-4-16-8-12-3-1-6-4	6-4-12-2-8-9-4-6-6-4-9-6	9-16-9-9-4-4-10-9-7-4-4-4
499	11	4-11-10-10-4-4-4-12-12-10-11-8	4-7-4-5-9-4-4-10-13-9-12-10	5-13-12-10-10-6-10-10-10-10-10-10	12-12-10-10-10-13-13-5-9-10-7-4	13-3-5-10-6-7-12-12-9-14-14-12	6-13-12-10-11-14-7-9-11-10-5-13	5-10-10-6-6-11-8-11-10-14-12-9	4-13-10-12-9-11-8-12-6-4-11-4	6-11-6-14-11-9-4-12-9-12-16-9	10-6-14-7-12-9-13-8-1-4-11-4	6-9-7-2-9-4-9-9-6-4-9-6	9-9-9-6-6-4-10-9-7-11-4-4
499	12	12-12-12-12-12-12-12-11-12-12-12-12	11-14-8-11-4-13-13-13-11-13-11-13	5-12-11-10-10-14-13-12-10-10-13-13	11-11-13-9-10-11-13-5-13-15-12-5	11-3-5-11-6-14-11-11-13-11-11-11	4-11-11-10-15-11-13-12-12-12-5-11	6-10-10-4-14-12-14-13-10-11-11-9	4-11-10-13-10-13-8-11-6-12-11-4	4-1-6-11-13-9-4-11-9-8-5-13	4-11-12-4-11-9-11-10-13-4-3-9	3-4-7-14-4-13-4-6-6-4-9-6	4-9-9-6-13-4-10-4-4-11-13-13
499	13	13-13-14-13-14-15-13-16-15-13-14-13	15-14-14-11-13-12-12-12-11-12-11-12	5-11-10-10-10-6-12-12-13-14-12-12	11-14-12-9-10-11-12-5-14-14-13-5	11-3-5-14-6-12-12-13-14-11-11-11	4-11-11-10-14-5-14-9-13-10-9-11	4-14-13-4-12-11-14-12-10-11-6-9	4-11-4-12-14-13-12-11-6-14-11-4	4-1-14-11-13-9-4-11-9-7-5-12	4-11-13-7-12-9-14-13-12-4-3-4	3-9-16-16-12-14-4-6-6-4-9-6	9-9-9-6-12-13-10-14-15-14-12-12
499	14	12-10-13-13-13-4-11-13-13-14-14-12	13-13-13-15-15-15-15-15-15-13-15-13	5-15-15-10-15-15-11-15-15-15-13-14	15-13-14-11-10-11-12-5-13-15-15-14	9-16-5-13-15-12-12-15-13-11-11-11	4-14-11-4-14-11-13-12-13-10-2-11	14-13-13-14-12-10-13-12-10-11-14-13	4-10-15-12-9-14-8-11-6-14-14-4	6-14-13-11-5-9-14-14-9-14-11-12	14-11-11-14-15-9-13-13-15-14-14-4	14-4-13-7-14-13-4-14-14-14-9-6	14-9-14-14-14-4-10-14-7-13-4-8
499	15	16-16-16-16-16-16-16-16-16-16-16-15	16-13-13-16-16-16-16-15-16-16-16-16	15-14-16-16-15-14-15-14-16-14-15-15	14-15-14-15-15-15-15-5-15-14-14-15	15-14-15-13-14-15-16-15-14-15-15-15	15-15-16-15-12-14-15-15-13-15-6-15	16-15-10-14-12-15-13-15-10-16-15-15	9-15-14-15-15-14-12-16-6-14-15-4	6-14-6-11-16-15-14-15-9-16-15-9	15-15-15-14-15-16-15-13-14-14-14-16	14-9-14-12-4-15-4-14-14-15-9-15	14-15-15-14-14-4-10-4-13-13-4-15
499	16	16-16-16-16-16-15-15-16-16-15-16-16	15-15-16-15-15-15-15-15-15-16-15-15	13-16-15-15-16-16-15-16-15-16-16-16	14-16-15-15-16-16-15-5-16-16-16-14	15-14-16-16-16-16-15-15-12-16-11-5	16-16-15-16-16-16-16-15-16-16-16-15	15-16-16-16-12-16-9-16-16-16-15-15	16-16-15-16-16-15-16-15-11-14-15-16	4-16-16-16-15-9-16-15-16-15-15-9	14-16-16-16-16-9-16-15-16-16-16-16	16-16-16-16-2-14-16-16-16-16-9-16	16-16-16-14-15-16-16-13-16-16-16-4
500	0	0-0-0-0-0-0-0-0-0-0-0-0	0-0-0-0-0-0-0-0-0-0-0-0	0-0-0-0-0-0-0-0-0-0-0-0	0-0-0-0-0-0-0-0-0-0-0-0	0-0-0-0-0-0-0-0-0-0-0-0	0-0-0-0-0-0-0-0-0-0-0-0	0-0-0-0-0-0-0-0-0-0-0-0	0-0-0-0-0-0-0-0-0-0-0-0	0-0-0-0-0-0-0-0-0-0-0-0	0-0-0-0-0-0-0-0-0-0-0-0	0-0-0-0-0-0-0-0-0-0-0-0	0-0-0-0-0-0-0-0-0-0-0-0
500	1	1-0-1-1-1-1-1-1-1-1-1-1	1-0-0-1-0-0-0-0-1-1-1-0	4-0-0-1-3-2-3-0-0-0-2-3	2-0-0-2-3-3-0-3-3-0-2-0	3-0-0-2-0-1-2-2-1-0-3-0	4-0-2-1-0-4-2-2-1-1-0-0	0-1-1-0-0-1-0-0-1-1-0-0	1-1-1-1-1-0-1-1-1-0-0-0	0-1-1-1-1-1-0-2-2-1-1-0	0-1-0-1-2-1-1-1-1-1-2-1	0-1-2-0-1-0-0-0-0-1-1-1	0-1-1-1-1-1-1-0-0-1-1-0
500	2	2-2-2-2-2-2-2-2-2-2-2-2	2-2-2-1-2-2-2-3-2-3-1-2	5-5-1-1-1-5-3-0-0-3-2-3	3-3-1-1-1-1-3-1-1-2-4-0	1-0-0-1-4-1-3-3-3-2-1-0	3-4-4-5-2-1-3-1-2-2-8-2	4-2-2-2-3-2-2-3-2-3-2-8	2-1-2-3-2-2-2-3-3-5-4-0	2-5-2-2-1-3-2-3-1-2-2-2	2-2-2-1-1-1-2-2-2-3-3-1	2-2-2-0-3-2-2-2-2-6-2-2	2-2-2-2-2-2-2-2-0-1-1-0
500	3	3-3-3-3-3-3-3-3-3-3-3-3	2-5-3-1-4-4-2-2-5-2-1-2	1-3-4-2-1-2-4-5-4-2-4-4	2-2-3-1-1-1-4-1-4-3-2-0	1-0-0-1-2-4-2-4-2-3-1-1	2-2-2-2-2-1-4-2-3-3-3-3	2-4-3-0-2-3-9-4-3-2-2-2	3-1-2-2-2-0-3-2-2-3-2-0	3-3-2-2-3-3-0-2-3-3-3-9	2-2-4-4-1-5-1-3-4-2-4-1	3-9-5-3-2-3-2-2-2-2-2-2	3-2-1-2-2-3-4-5-5-4-3-5
500	4	4-4-4-4-4-4-4-4-3-4-4-5	4-5-5-1-3-5-2-5-3-2-5-5	1-4-3-5-1-2-3-5-3-5-5-3	4-2-5-4-1-1-5-1-5-5-2-0	1-0-0-5-2-3-5-3-5-6-1-0	1-2-2-2-4-1-5-5-4-3-4-7	2-3-3-0-2-3-4-3-4-4-2-2	4-1-1-2-4-0-3-2-2-6-2-0	9-2-5-2-4-2-0-2-3-6-5-4	0-2-4-3-1-3-5-4-3-2-3-1	5-3-6-9-4-4-3-2-2-2-4-2	5-2-1-4-4-3-3-7-4-5-5-4
500	5	5-4-4-4-4-4-4-5-4-3-3-4	4-4-4-5-4-4-6-4-3-2-6-4	6-6-6-4-6-2-6-6-6-2-4-5	5-6-4-6-6-6-4-8-4-4-2-5	6-0-9-6-2-3-6-6-4-6-6-6	2-6-6-2-4-6-4-4-4-3-2-6	5-3-3-0-2-3-4-6-4-3-6-6	4-6-5-6-6-5-3-6-2-2-5-0	6-2-4-2-5-6-0-6-4-5-6-5	0-2-4-5-6-3-5-4-6-2-5-6	4-3-3-4-5-4-2-5-6-2-5-2	4-5-5-5-6-3-2-3-3-5-4-3
500	6	6-6-6-6-6-6-6-6-6-6-6-6	4-4-6-7-6-7-8-7-6-4-5-6	5-6-5-5-5-7-5-5-5-7-5-6	5-5-6-5-5-5-4-5-7-6-6-5	5-0-0-5-2-7-5-5-7-6-5-5	2-5-5-2-6-5-7-6-7-6-6-6	5-6-6-0-8-3-6-7-7-8-5-5	6-5-7-5-7-6-6-8-2-4-5-0	5-6-2-2-4-5-6-5-5-5-6-6	6-2-9-5-5-3-6-4-5-2-5-5	3-6-9-7-4-4-6-5-5-2-5-6	4-5-5-5-5-6-2-3-4-5-8-6
500	7	8-8-6-9-8-9-8-9-8-9-7-8	9-4-6-8-8-9-8-8-8-8-8-8	7-6-8-8-6-8-8-8-8-6-8-7	8-8-7-8-5-7-9-5-6-7-6-9	5-9-7-5-8-6-8-7-6-7-7-7	7-5-6-7-6-9-6-8-6-6-4-5	9-4-7-8-7-7-6-6-6-7-7-7	8-6-6-7-6-8-6-6-2-7-7-8	7-8-7-5-8-7-8-8-5-7-7-6	7-7-8-7-7-5-9-7-7-8-8-9	8-3-7-8-8-8-8-7-8-7-5-7	7-5-7-9-7-3-7-9-8-8-7-8
500	8	7-7-9-7-7-7-7-7-9-7-7-7	7-4-6-7-7-7-7-7-7-7-7-7	8-8-7-9-8-7-7-7-7-8-7-8	7-7-7-9-8-8-7-5-6-8-8-7	8-7-8-4-7-8-7-8-8-8-5-5	9-8-9-7-6-7-8-7-6-6-2-9	9-3-7-7-6-5-8-9-4-6-8-9	7-8-9-8-8-7-6-9-2-7-7-7	2-7-3-8-9-8-7-7-4-5-8-6	8-7-7-7-8-9-8-4-7-7-7-8	7-3-7-7-7-7-7-7-7-8-5-2	7-5-8-5-8-3-8-7-7-7-7-7
500	9	9-9-9-9-9-9-7-9-9-7-9-9	7-7-9-7-9-7-8-8-7-9-7-7	7-8-9-8-9-8-8-7-7-9-9-8	8-9-9-8-9-9-7-5-9-9-9-7	8-7-9-9-9-9-8-9-9-9-5-5	9-9-8-9-9-7-9-9-9-9-9-8	8-9-9-9-6-9-3-8-9-9-7-8	9-9-8-9-9-7-6-8-8-5-7-7	4-9-9-9-8-9-9-5-9-8-8-7	7-9-9-9-9-8-9-7-7-9-7-9	7-3-9-6-9-4-7-7-9-9-9-9	7-9-9-7-7-9-9-7-9-9-9-7
501	0	0-0-0-0-0-0-0-0-0-0-0-0	0-0-0-0-0-0-0-0-0-0-0-0	0-0-0-0-0-0-0-0-0-0-0-0	0-0-0-0-0-0-0-0-0-0-0-0	0-0-0-0-0-0-0-0-0-0-0-0	0-0-0-0-0-0-0-0-0-0-0-0	0-0-0-0-0-0-0-0-0-0-0-0	0-0-0-0-0-0-0-0-0-0-0-0	0-0-0-0-0-0-0-0-0-0-0-0	0-0-0-0-0-0-0-0-0-0-0-0	0-0-0-0-0-0-0-0-0-0-0-0	0-0-0-0-0-0-0-0-0-0-0-0
501	1	1-1-1-1-0-1-1-1-1-1-1-1	1-1-1-1-0-1-0-1-1-1-1-2	3-2-0-2-2-2-2-0-0-1-2-2	0-0-0-2-2-2-0-2-2-0-2-0	2-0-0-2-1-1-2-2-0-4-12-2	2-0-1-0-0-2-1-1-1-1-11-0	1-1-1-1-1-1-1-2-0-1-2-1	1-1-1-1-1-1-1-2-1-1-1-0	1-0-0-0-2-1-0-1-1-1-1-1	1-1-1-2-2-1-1-1-5-0-1-1	0-1-0-0-1-1-0-1-0-1-1-1	0-1-1-1-0-1-1-0-0-3-1-1
501	2	2-2-1-2-2-2-2-2-2-2-2-2	3-2-2-1-2-2-3-3-2-2-1-2	0-1-0-1-1-5-1-0-1-4-3-1	3-3-3-1-1-1-2-1-1-2-1-1	1-0-3-1-3-1-3-3-3-2-3-1	1-3-3-0-2-1-3-3-2-2-2-2	2-2-2-2-3-2-2-3-2-2-2-3	2-1-3-3-2-2-2-4-3-0-2-5	2-2-2-2-1-2-2-3-2-2-1-2	2-2-2-2-1-1-2-2-6-2-2-1	2-2-2-0-2-2-5-2-3-2-2-2	2-2-2-2-3-2-5-2-2-0-1-2
501	3	3-3-3-3-3-3-3-3-3-3-2-3	2-3-3-1-4-3-2-2-2-2-1-4	1-3-2-1-1-3-4-5-0-2-4-4	2-2-4-1-1-1-2-1-4-4-4-0	1-0-2-1-2-4-2-2-2-1-2-1	2-2-2-0-3-1-4-2-3-3-3-3	2-2-3-2-2-3-5-4-3-3-2-2	3-1-2-2-2-6-3-2-2-3-2-5	3-3-4-2-3-2-2-2-3-2-1-2	2-1-3-3-4-1-2-3-4-2-2-1	4-2-4-0-2-2-4-2-2-2-2-2	2-2-2-3-2-2-1-4-3-1-3-3
501	4	4-4-4-4-4-4-4-4-4-3-4-4	5-5-5-1-3-4-5-5-2-2-4-3	1-4-5-1-1-2-3-4-5-2-5-3	2-2-5-1-1-2-5-1-3-3-3-0	1-0-0-5-2-3-5-4-5-1-2-1	1-2-2-0-4-1-5-2-4-4-4-2	2-2-4-2-2-4-5-3-3-4-2-3	3-1-2-3-2-0-4-2-2-4-2-0	4-2-3-2-4-2-6-5-4-4-3-8	3-1-4-3-3-3-4-8-4-2-3-1	5-3-3-4-5-5-3-2-2-3-2-2	4-2-2-4-3-3-2-3-4-0-5-9
501	5	4-5-5-4-5-4-4-4-4-4-4-4	4-4-4-1-3-4-6-4-5-3-6-6	7-6-7-7-7-2-6-7-6-5-4-6	6-6-6-6-7-6-7-6-6-4-5-6	7-5-6-6-2-3-6-6-4-7-8-6	6-7-6-8-5-6-6-5-5-4-6-7	6-3-4-2-2-5-3-4-3-5-6-8	2-6-2-6-2-6-4-8-2-12-8-2	7-7-8-8-9-6-6-6-5-6-6-11	3-6-8-5-6-3-5-4-6-7-5-1	4-2-6-7-4-4-2-5-7-5-5-2	4-5-5-5-7-5-2-5-4-5-4-4
501	6	6-6-6-6-6-6-6-6-6-6-5-6	4-8-4-1-7-6-7-7-5-2-5-7	0-5-5-5-5-8-7-6-7-8-7-5	5-5-5-5-5-5-5-5-5-3-7-5	5-0-5-5-2-8-5-5-6-5-5-5	5-5-5-5-6-5-7-6-6-6-5-5	5-6-7-6-8-6-7-7-3-6-5-5	6-7-2-7-7-5-6-5-2-6-5-0	6-3-7-5-6-5-7-5-7-5-7-7	6-5-6-8-7-2-5-4-7-5-5-5	9-6-5-8-12-9-6-5-6-5-6-6	6-2-5-5-5-5-1-6-8-6-8-4
501	7	7-7-7-7-7-7-6-7-7-8-7-8	9-8-6-1-7-9-6-6-5-6-5-6	12-7-5-5-5-7-6-7-9-8-8-7	5-8-8-5-5-5-5-5-8-8-8-5	5-0-5-5-2-6-8-6-8-5-5-5	5-5-5-12-7-5-8-8-7-4-5-5	5-6-6-7-8-5-8-8-7-9-5-2	7-6-2-6-6-5-7-7-2-7-5-0	5-5-6-5-6-5-6-5-6-9-6-6	6-1-5-8-6-3-5-4-6-5-5-12	8-7-8-7-6-7-6-5-5-6-9-7	5-5-12-5-5-5-2-5-6-7-6-7
501	8	8-7-8-8-5-7-6-8-7-7-8-7	7-7-4-10-6-7-8-6-7-9-5-9	9-9-9-9-5-9-10-10-8-7-7-8	9-9-7-5-5-9-9-11-7-11-7-10	5-11-10-5-10-6-7-5-7-5-5-5	8-8-5-5-8-5-7-7-7-4-4-11	10-6-6-8-7-8-7-7-2-6-5-5	6-6-11-6-2-10-6-5-8-8-5-0	7-10-9-5-1-10-10-10-7-8-5-7	10-5-11-9-7-1-5-4-9-9-10-1	8-2-7-6-4-12-9-8-10-5-10-8	8-10-8-8-8-5-11-8-6-5-6-7
501	9	9-7-9-10-9-10-9-10-10-7-7-9	7-7-7-8-7-7-10-10-8-8-10-9	8-8-8-8-10-8-10-7-10-7-9-7	10-8-10-5-10-10-10-1-7-8-9-8	10-8-5-5-8-9-10-10-7-9-5-10	10-10-10-10-7-5-10-7-7-7-2-10	10-9-7-8-10-8-7-10-11-7-10-10	11-10-5-10-9-8-7-9-8-8-9-8	10-8-8-10-5-10-8-8-7-11-9-7	9-10-5-8-9-11-10-4-8-8-10-10	9-10-9-6-11-6-8-8-9-10-7-9	8-10-8-10-9-5-10-8-6-5-6-4
501	10	10-7-10-9-9-11-12-10-12-12-11-10	11-11-11-8-10-9-9-11-8-9-9-11	8-10-8-10-9-9-11-8-9-11-11-10	9-10-9-10-9-9-11-1-11-10-10-8	9-8-8-5-8-11-9-9-11-10-9-9	9-9-9-9-7-5-9-10-10-10-7-9	8-11-10-8-12-10-7-11-10-10-9-9	10-9-8-9-9-8-6-9-8-10-9-0	9-8-8-9-10-9-8-8-10-4-9-10	8-9-6-10-9-9-9-4-8-8-8-10	8-9-10-11-11-10-0-8-8-9-8-9	8-9-8-9-9-5-9-10-10-11-11-7
501	11	11-12-12-11-11-12-12-12-11-7-10-12	10-10-10-11-6-9-12-10-8-9-9-12	11-12-8-12-11-11-10-11-11-10-10-11	12-11-8-11-9-9-10-8-10-8-10-11	9-8-8-11-8-10-12-9-10-11-11-11	9-8-9-11-10-12-10-11-10-10-1-9	11-7-11-11-11-10-10-10-9-5-11-12	11-10-8-9-9-12-7-9-8-11-11-12	11-11-11-10-9-11-11-11-10-9-9-5	8-9-8-11-7-9-10-9-8-7-11-1	8-11-5-10-9-11-11-8-8-9-8-9	6-9-11-9-11-5-8-12-11-11-6-7
501	12	12-12-12-12-12-12-11-12-12-12-12-12	10-10-12-11-12-12-11-10-10-12-9-11	11-11-12-11-12-12-12-11-11-12-12-12	11-12-11-12-12-12-11-12-12-12-12-11	9-11-12-12-11-12-11-12-10-12-1-5	12-12-12-12-12-11-12-12-12-12-12-12	9-12-12-12-10-12-10-11-12-12-12-12	12-12-9-12-12-11-6-9-8-8-9-11	9-12-12-12-1-12-12-12-12-9-9-3	8-12-12-12-12-1-12-9-12-12-12-12	11-12-5-11-6-8-11-12-12-12-12-9	12-4-12-8-5-12-12-11-12-12-6-12
502	0	0-0-0-0-0-0-0-0-0-0-0-0	0-0-0-0-0-0-0-0-0-0-0-0	0-0-0-0-0-0-0-0-0-0-0-0	0-0-0-0-0-0-0-0-0-0-0-0	0-0-0-0-0-0-0-0-0-0-0-0	0-0-0-0-0-0-0-0-0-0-0-0	0-0-0-0-0-0-0-0-0-0-0-0	0-0-0-0-0-0-0-0-0-0-0-0	0-0-0-0-0-0-0-0-0-0-0-0	0-0-0-0-0-0-0-0-0-0-0-0	0-0-0-0-0-0-0-0-0-0-0-0	0-0-0-0-0-0-0-0-0-0-0-0
502	1	1-1-1-1-1-1-1-1-1-1-1-1	1-0-1-1-0-0-0-0-1-0-1-0	0-0-0-2-3-0-0-2-0-0-1-0	2-0-0-2-2-3-0-2-2-0-2-0	2-0-2-3-0-1-2-2-1-0-2-2	2-0-1-1-0-4-2-2-0-1-2-0	2-1-1-0-0-0-1-0-1-1-2-0	1-1-2-1-1-0-1-1-1-0-0-0	0-0-1-1-2-1-0-2-1-1-1-1	2-1-1-0-2-2-1-1-0-0-0-1	0-1-0-0-1-0-0-0-0-1-1-1	0-1-1-1-1-0-1-0-0-0-2-1
502	2	2-2-1-2-2-2-2-2-2-2-2-2	2-2-1-1-2-2-2-2-2-2-1-2	0-0-3-1-1-3-3-1-0-3-2-0	1-3-1-3-1-4-2-1-1-2-1-0	1-2-1-1-3-1-3-3-3-2-1-1	1-3-4-3-2-0-3-1-2-2-9-2	1-2-2-2-3-2-2-2-2-2-1-9	2-1-1-3-1-2-2-3-9-2-2-9	2-0-2-2-1-3-2-3-1-2-1-5	1-2-2-0-1-1-1-2-3-0-3-1	1-9-2-0-2-2-0-4-2-3-1-2	4-2-2-2-2-2-2-0-2-3-1-1
502	3	3-3-3-3-3-3-3-3-3-3-3-3	3-3-3-1-3-3-4-4-3-2-1-3	0-2-2-3-1-2-4-3-3-2-4-4	1-2-4-2-1-1-3-1-4-4-4-0	1-0-1-1-2-4-2-2-2-2-1-1	1-2-2-2-3-0-4-3-3-3-3-3	1-4-3-3-2-3-3-4-3-2-1-2	3-3-4-4-1-0-3-2-2-3-0-2	2-3-2-2-3-2-2-4-3-8-4-2	2-2-3-4-1-2-2-2-4-0-2-2	0-4-2-3-2-3-0-2-2-2-4-2	0-2-1-2-1-2-2-3-8-2-8-3
502	4	4-4-4-4-4-4-4-4-4-4-4-4	4-3-5-1-5-5-2-3-2-2-2-5	1-4-0-5-1-2-3-3-4-2-5-5	5-5-5-5-1-2-5-1-5-5-3-0	1-0-0-5-2-3-5-4-5-2-5-0	1-2-2-2-4-1-5-5-4-4-4-3	1-3-4-3-2-4-5-5-5-4-1-7	2-3-3-3-7-0-4-5-2-3-2-0	4-3-5-2-4-2-4-5-3-5-6-3	2-1-3-5-5-4-1-8-3-10-0-4	0-3-7-4-5-4-0-2-10-2-3-2	2-2-2-2-4-4-5-4-9-5-5-5
502	5	5-5-4-4-5-5-4-4-5-5-4-11	5-3-4-1-4-4-5-4-6-7-6-6	5-6-7-5-6-2-6-6-6-4-4-6	6-6-6-5-6-6-4-6-4-4-2-6	6-7-6-4-2-3-6-6-4-6-6-6	6-6-6-2-5-7-4-7-3-3-6-6	6-3-4-6-6-4-4-4-4-4-6-2	3-6-6-6-4-0-4-4-2-3-6-2	6-2-4-2-4-5-6-6-4-4-3-2	7-6-11-4-6-6-5-7-6-6-6-5	6-2-4-6-4-8-0-5-6-8-4-2	5-5-5-7-6-6-4-6-4-6-4-5
502	6	6-6-6-6-6-6-6-6-6-6-6-6	6-9-7-1-6-5-5-7-5-7-5-5	0-6-5-5-5-2-5-5-5-7-7-5	5-5-5-5-5-5-7-5-6-6-7-5	5-0-5-1-0-7-7-5-6-5-5-5	5-5-7-2-9-5-7-6-4-6-5-6	5-8-6-5-8-4-8-6-3-6-5-6	3-8-8-5-4-5-8-5-2-3-5-0	5-3-2-2-4-6-5-5-7-4-6-7	5-5-6-5-5-5-5-5-5-5-5-8	5-6-8-5-4-4-0-5-5-2-5-2	6-5-2-5-5-5-6-5-4-5-4-6
502	7	7-7-7-8-7-7-6-8-7-7-7-6	6-6-6-8-9-8-7-8-8-6-5-8	0-7-5-5-8-9-6-9-8-6-6-8	7-8-8-8-5-5-6-1-8-8-6-5	1-5-5-8-2-6-8-5-8-5-8-5	8-7-6-2-7-5-8-6-2-3-7-7	1-6-6-5-6-4-4-8-7-9-5-4	2-6-8-6-4-7-6-5-2-8-5-8	2-8-2-2-4-6-11-8-6-4-6-6	5-2-5-8-5-6-7-4-7-0-5-6	5-2-4-7-8-7-0-5-5-5-7-2	4-7-7-5-5-7-7-8-4-5-4-7
502	8	8-7-8-7-5-6-8-7-7-8-8-8	8-6-6-9-7-7-9-7-8-7-5-7	8-9-9-9-7-9-9-9-7-7-7-7	9-9-7-7-1-8-6-1-7-7-6-8	1-8-10-7-9-6-9-9-7-8-7-8	8-8-6-7-8-8-7-8-8-3-4-9	9-6-6-8-6-9-4-7-7-8-9-7	3-6-9-8-8-9-6-2-8-7-8-7	8-8-9-8-9-8-9-7-9-3-8-7	9-8-8-7-7-9-5-4-8-9-5-6	8-2-6-7-7-11-0-9-8-5-9-8	8-7-8-8-8-8-8-8-3-7-3-6
502	9	6-6-11-6-9-6-9-8-3-9-11-6	8-6-6-10-7-7-8-7-8-7-10-7	8-8-8-8-7-8-8-8-7-7-7-7	8-9-10-7-9-10-6-9-9-8-9-8	9-8-8-9-8-9-8-8-7-8-9-9	8-8-11-9-8-8-10-9-4-3-2-8	8-7-6-8-6-8-7-8-10-6-8-2	9-9-8-9-9-8-6-9-2-7-5-2	8-8-8-10-11-8-8-7-9-4-9-7	8-2-8-8-7-10-9-4-8-8-8-10	0-2-6-7-8-7-0-8-5-5-8-8	8-7-8-5-5-5-9-4-4-5-4-6
502	10	10-11-11-11-11-11-11-11-11-11-11-11	11-6-6-9-11-11-11-11-11-11-10-11	10-11-11-11-10-11-10-10-10-10-11-10	9-10-9-10-9-9-11-8-10-8-9-8	10-8-8-10-11-10-11-10-7-10-10-10	10-10-9-10-10-11-9-9-10-4-1-9	10-10-10-11-10-10-9-10-9-10-11-10	10-9-8-9-9-11-6-9-8-10-11-10	11-10-10-9-9-10-10-10-7-4-9-6	10-11-8-11-9-9-10-10-8-10-11-9	10-1-10-7-11-4-10-11-11-10-7-8	11-7-10-11-10-8-9-11-11-10-10-5
502	11	11-11-11-11-11-11-10-11-10-10-11-11	10-6-11-10-11-10-10-10-10-11-10-10	10-10-10-10-11-11-11-10-10-11-10-11	11-11-11-11-11-11-10-11-11-11-11-10	9-10-8-11-10-11-10-11-7-11-1-5	11-11-9-11-11-10-11-11-11-11-11-11	9-11-11-11-6-11-4-10-11-11-10-11	11-9-9-11-11-10-6-8-8-10-10-10	10-11-11-11-9-11-11-10-11-3-9-8	8-11-11-11-11-11-11-10-11-11-11-11	10-11-11-4-10-8-10-10-11-11-11-11	10-11-11-8-10-11-11-10-11-11-11-11
503	0	0-0-0-0-0-0-0-0-0-0-0-0	0-0-0-0-0-0-0-0-0-0-0-0	0-0-0-0-0-0-0-0-0-0-0-0	0-0-0-0-0-0-0-0-0-0-0-0	0-0-0-0-0-0-0-0-0-0-0-0	0-0-0-0-0-0-0-0-0-0-0-0	0-0-0-0-0-0-0-0-0-0-0-0	0-0-0-0-0-0-0-0-0-0-0-0	0-0-0-0-0-0-0-0-0-0-0-0	0-0-0-0-0-0-0-0-0-0-0-0	0-0-0-0-0-0-0-0-0-0-0-0	0-0-0-0-0-0-0-0-0-0-0-0
503	1	1-1-1-1-1-1-1-1-1-1-1-1	1-0-1-1-0-1-0-0-1-0-1-0	0-2-2-2-2-2-2-0-0-2-0-1	2-0-2-2-1-2-0-2-1-0-2-0	2-0-2-2-0-1-2-2-1-1-1-2	2-2-1-1-1-4-1-1-1-1-7-2	1-1-1-0-1-1-1-2-1-1-1-1	1-1-1-1-1-2-1-1-1-0-1-0	0-0-0-1-2-1-0-1-1-1-1-1	1-1-1-0-2-2-1-1-3-0-0-1	0-1-1-0-0-0-0-0-0-1-1-1	0-1-1-1-0-1-1-0-2-0-2-1
503	2	2-2-1-2-2-2-2-2-2-2-2-2	3-2-2-1-2-2-4-3-2-3-1-3	0-3-1-1-1-5-3-0-3-3-3-3	1-3-1-1-1-1-2-1-1-2-1-0	1-2-1-1-4-1-3-3-3-2-4-1	1-1-4-3-2-1-3-1-2-2-8-2	1-2-2-2-3-2-2-2-2-2-1-3	8-1-1-3-2-2-2-3-4-0-4-2	2-5-2-2-1-2-2-3-1-2-1-2	3-3-2-2-1-1-1-2-0-3-2-1	2-2-2-0-2-2-5-2-2-3-3-2	0-3-1-2-2-2-1-2-1-0-1-1
503	3	3-3-3-3-3-3-3-3-3-3-3-3	2-3-3-1-3-3-4-2-2-2-4-2	0-2-0-1-1-2-4-5-4-2-4-4	3-2-3-1-1-1-3-1-4-3-4-1	1-0-1-1-2-4-2-2-2-1-2-1	2-2-2-6-2-1-4-4-3-3-5-3	1-1-4-0-2-3-3-4-3-3-1-2	4-1-2-2-6-2-3-2-2-3-2-0	3-6-2-2-6-2-0-2-3-3-1-4	2-2-3-4-1-2-1-3-4-2-0-1	5-4-4-3-2-3-5-2-0-2-2-2	0-2-1-2-0-4-1-0-3-4-3-4
503	4	4-4-4-4-4-4-4-5-4-4-3-4	5-5-3-1-5-4-2-3-2-5-3-5	1-4-0-2-1-4-5-5-3-2-5-5	2-2-5-1-2-2-5-1-5-5-5-0	1-0-1-5-2-3-5-4-5-2-2-1	1-2-2-0-4-1-5-5-4-4-4-3	1-1-3-0-2-4-5-5-4-4-1-4	4-1-3-3-3-7-4-2-2-4-2-5	6-2-5-2-6-2-0-2-4-5-1-3	4-2-4-5-1-5-7-4-3-2-0-1	6-5-5-9-5-5-3-5-7-2-3-2	6-2-1-4-0-3-1-4-4-3-4-5
503	5	4-5-4-4-5-5-9-4-5-3-5-6	6-4-3-1-4-6-6-2-5-4-6-4	6-6-6-6-6-2-6-4-5-2-4-6	6-6-4-6-6-6-6-6-4-4-6-6	6-0-6-6-2-3-6-6-4-6-6-6	6-6-6-9-5-8-4-5-4-4-6-6	6-1-4-6-2-5-4-6-4-7-6-2	4-6-1-6-2-6-4-5-2-4-6-4	6-2-4-7-5-6-0-6-4-6-6-3	6-6-7-4-6-4-5-5-1-6-5-1	3-6-4-7-5-7-3-4-6-5-5-2	5-5-5-5-6-5-2-5-4-4-4-4
503	6	6-6-6-6-6-6-6-6-6-6-6-7	5-7-7-1-3-7-5-7-5-6-5-7	9-5-8-5-5-7-5-6-7-7-7-5	5-5-5-5-5-5-5-5-7-5-5-5	5-0-5-5-2-7-5-5-6-5-5-5	5-5-5-6-6-5-7-6-6-6-5-5	8-6-6-5-9-6-9-7-5-6-5-2	6-5-2-7-3-5-6-5-2-4-5-2	5-6-2-2-6-5-0-5-4-5-5-8	5-5-6-6-5-5-5-4-1-5-5-6	7-5-4-4-6-5-0-7-5-2-6-2	4-5-9-5-5-5-1-6-7-6-4-9
503	7	6-6-6-6-8-6-6-6-6-9-7-6	9-6-6-7-6-6-7-8-9-8-9-9	8-8-7-8-7-8-6-7-8-7-6-8	7-7-5-8-5-7-5-1-6-6-8-7	1-8-7-7-8-6-8-8-6-7-5-8	1-5-5-7-7-9-6-7-6-6-1-8	8-8-6-8-7-7-4-8-4-5-8-8	8-5-8-6-6-8-6-5-2-7-8-8	8-7-7-5-8-7-0-7-6-7-1-5	6-9-5-7-8-7-5-5-7-5-8-1	8-7-3-8-2-5-7-6-8-5-5-2	7-5-7-5-7-5-6-9-6-7-4-6
503	8	2-9-9-9-7-9-6-9-9-9-8-9	8-6-6-8-7-9-9-9-8-7-9-9	7-7-9-7-9-7-8-7-7-8-7-7	7-7-5-7-7-7-9-5-6-6-7-7	9-7-9-5-7-8-7-7-6-9-5-8	8-8-5-7-6-5-6-8-4-6-2-7	9-7-8-8-7-8-8-7-8-5-7-7	2-8-7-8-3-8-6-6-9-7-7-7	7-7-8-7-5-5-8-8-4-9-8-6	8-8-5-7-8-9-8-8-8-8-7-8	7-8-4-7-8-7-7-9-7-9-6-8	9-9-8-8-9-6-8-7-6-6-8-6
503	9	9-9-9-9-9-9-8-9-9-9-9-9	8-6-6-8-9-8-8-8-8-9-8-8	7-9-9-9-9-9-9-9-8-9-9-9	8-9-9-9-9-9-8-9-9-9-9-7	9-7-9-9-7-9-8-9-9-9-5-5	9-9-9-9-9-7-9-9-9-9-9-9	8-9-9-9-6-9-9-9-9-9-7-9	9-9-5-9-9-8-6-5-8-9-9-7	8-9-9-9-8-9-9-7-9-8-8-4	6-9-9-9-9-8-9-8-9-9-7-9	7-9-9-4-9-9-7-8-9-9-9-9	8-8-9-6-8-9-9-7-9-9-9-6
504	0	0-0-0-0-0-0-0-0-0-0-0-0	0-0-0-0-0-0-0-0-0-0-0-0	0-0-0-0-0-0-0-0-0-0-0-0	0-0-0-0-0-0-0-0-0-0-0-0	0-0-0-0-0-0-0-0-0-0-0-0	0-0-0-0-0-0-0-0-0-0-0-0	0-0-0-0-0-0-0-0-0-0-0-0	0-0-0-0-0-0-0-0-0-0-0-0	0-0-0-0-0-0-0-0-0-0-0-0	0-0-0-0-0-0-0-0-0-0-0-0	0-0-0-0-0-0-0-0-0-0-0-0	0-0-0-0-0-0-0-0-0-0-0-0
504	1	1-1-1-1-0-1-1-1-1-1-1-1	1-1-1-1-1-1-0-0-1-1-1-2	0-2-0-2-2-0-2-0-0-1-2-3	2-0-0-2-2-2-0-2-1-1-2-3	1-0-1-2-0-1-2-2-1-1-0-4	1-2-1-1-1-1-2-2-1-1-2-1	2-1-1-0-0-1-1-2-1-1-2-1	1-1-2-1-1-1-1-1-1-1-2-0	1-0-1-1-2-1-0-2-1-1-1-1	2-1-1-0-2-2-1-1-1-0-2-1	0-1-0-0-0-1-0-0-0-1-1-1	0-1-1-1-2-1-1-0-2-0-2-1
504	2	2-2-1-2-2-2-2-2-2-2-2-2	3-2-1-1-2-1-1-3-3-3-1-1	0-1-1-1-1-5-3-1-3-1-2-1	1-3-3-1-1-1-2-1-1-2-1-1	1-2-1-1-4-1-3-3-2-2-4-3	1-3-4-3-2-4-3-1-2-2-9-2	1-2-2-2-3-1-2-3-2-2-2-3	7-1-1-3-5-2-2-3-6-2-4-2	2-5-2-3-1-2-2-3-1-2-1-2	3-1-2-2-1-1-2-2-6-2-1-1	4-1-2-0-2-2-0-2-2-4-2-2	2-2-1-3-1-2-1-2-1-1-1-1
504	3	3-3-3-3-3-3-3-3-3-3-3-3	2-3-3-1-2-4-2-4-2-2-1-1	1-2-0-1-1-2-4-4-4-1-4-1	2-2-4-1-1-1-3-1-1-3-1-1	1-0-2-1-2-4-2-4-2-2-2-2	1-2-2-2-2-1-4-3-3-3-1-3	1-2-3-4-2-3-2-4-3-3-2-2	4-4-1-2-3-2-3-2-2-3-2-0	3-2-2-4-3-3-0-4-4-3-1-4	4-1-3-3-1-2-1-3-4-2-2-1	0-4-4-0-3-2-4-2-7-2-3-2	4-2-1-2-1-4-1-4-3-4-5-3
504	4	3-4-4-4-4-4-4-4-4-4-5-4	5-5-5-1-3-3-0-3-5-2-4-2	0-4-3-5-1-7-3-3-5-6-5-5	5-2-5-1-2-2-5-1-5-4-2-1	1-0-1-4-2-3-5-3-5-2-2-1	6-2-2-2-4-2-5-4-4-4-5-2	1-1-3-3-2-4-5-5-3-4-6-5	4-3-2-2-3-0-5-2-2-4-2-5	4-1-3-3-0-2-3-3-3-5-5-3	3-2-4-3-1-4-5-6-3-3-1-1	2-3-3-4-5-5-3-5-2-2-3-2	9-2-1-4-3-3-1-3-4-3-3-5
504	5	6-4-4-4-5-4-4-4-5-4-4-4	4-4-4-1-3-3-7-6-4-2-6-6	7-6-6-6-6-2-6-6-4-4-4-6	6-6-5-6-6-6-4-7-4-7-2-7	6-5-7-6-2-3-6-6-4-6-6-6	6-2-2-7-5-6-4-5-4-3-6-6	3-1-4-6-4-4-4-4-2-5-6-4	2-5-1-6-2-5-4-5-2-3-5-4	6-2-5-2-5-5-6-6-4-6-6-2	6-6-7-5-6-4-5-4-1-5-6-1	6-4-5-4-4-4-1-5-5-5-5-2	5-5-1-5-6-6-4-0-4-5-3-4
504	6	6-7-7-6-6-6-7-6-6-6-6-6	5-7-6-5-6-6-5-5-5-2-5-6	5-5-5-5-7-5-7-5-5-7-7-5	5-5-5-5-5-5-4-1-7-7-7-5	5-5-8-5-2-7-5-5-7-5-5-5	7-2-2-6-6-5-7-6-7-6-5-5	3-1-6-7-12-6-4-7-6-6-5-4	6-7-2-5-6-6-9-5-2-6-5-5	5-6-2-7-6-5-7-7-7-5-6-2	7-5-5-5-5-7-5-4-1-7-5-1	5-6-5-6-3-5-0-7-5-2-5-2	6-2-8-5-5-5-7-8-7-3-6-8
504	7	6-6-6-8-4-8-7-4-7-6-7-6	8-6-6-1-6-6-8-8-8-6-8-8	8-7-8-5-6-5-6-8-9-6-6-8	8-8-7-5-5-8-8-5-6-5-6-5	1-8-10-5-9-6-6-8-6-7-8-8	6-7-2-8-9-9-6-7-6-6-8-5	10-6-6-6-7-7-4-6-2-7-9-7	8-6-10-6-2-8-6-7-6-7-9-9	7-9-6-6-8-7-6-6-6-2-6-7	6-9-5-7-7-6-7-6-9-9-9-1	9-1-7-4-7-9-9-10-9-7-6-7	7-7-7-5-9-7-6-7-10-7-7-6
504	8	9-9-8-10-9-12-9-9-10-9-9-9	10-9-10-10-9-9-9-9-9-9-9-9	7-8-10-9-9-9-9-10-10-9-10-9	7-7-9-9-7-7-9-9-8-9-8-5	12-7-8-10-8-8-8-7-8-9-9-7	8-7-9-7-8-10-8-9-8-8-7-8	8-9-9-8-9-8-9-9-9-9-12-7	10-10-9-8-8-7-10-9-2-11-12-7	8-7-12-7-9-9-12-9-10-11-6-11	9-9-10-9-9-9-9-9-7-7-7-8	8-9-10-8-10-9-7-9-7-8-9-9	10-12-8-8-8-9-11-7-10-8-8-10
504	9	8-8-8-8-8-8-8-8-8-8-8-8	8-8-8-9-8-8-8-8-8-8-8-8	10-9-10-10-10-8-10-10-11-11-10-8	10-9-8-8-9-10-8-10-8-8-9-7	10-7-7-11-10-9-10-10-8-8-8-10	8-10-8-9-9-7-10-8-8-8-2-8	10-8-8-7-10-7-8-8-8-8-11-10	8-9-8-10-9-8-6-8-2-8-7-7	7-7-8-10-12-8-8-8-8-8-11-8	8-8-8-8-8-8-8-8-7-7-7-11	7-8-8-7-8-7-7-7-7-10-8-8	8-8-7-5-7-8-9-7-6-8-6-6
504	10	8-8-8-8-8-8-8-8-8-8-8-8	8-11-8-8-8-8-8-11-8-8-8-8	9-9-9-9-9-8-9-8-8-9-11-9	9-10-9-8-9-9-8-9-11-10-10-7	9-7-7-9-9-9-9-9-11-8-8-9	9-9-9-10-10-7-11-10-10-10-7-10	9-8-10-7-9-10-11-11-8-10-9-10	8-8-7-9-9-7-8-8-9-10-8-7	7-7-8-9-10-8-8-9-8-5-9-8	8-8-8-8-9-8-8-10-9-7-7-10	7-8-8-8-8-8-7-7-7-9-8-10	8-2-7-5-8-8-9-7-12-8-11-8
504	11	8-8-8-8-8-8-8-8-8-8-8-8	8-10-8-9-8-8-8-10-8-8-8-12	12-10-12-9-10-12-10-12-9-9-10-11	12-11-11-8-9-9-8-11-10-10-10-11	9-11-12-9-11-10-12-9-10-8-8-11	8-11-9-7-10-11-10-9-10-10-4-11	12-8-8-11-10-7-10-10-8-8-9-12	8-9-8-9-9-8-6-8-11-8-12-7	7-7-8-11-9-8-11-11-6-8-9-8	11-11-8-8-8-8-8-8-11-7-11-9	11-8-11-8-11-11-7-11-11-5-8-8	12-11-11-11-11-8-8-7-10-11-10-8
504	12	12-12-12-12-12-8-8-12-12-8-12-8	8-8-8-11-8-8-8-11-11-12-9-11	10-12-12-9-12-12-11-12-8-12-12-12	11-12-12-12-12-12-10-12-12-12-12-8	8-11-11-12-11-12-11-12-10-12-8-5	12-12-12-12-12-5-12-12-12-12-12-11	11-12-12-12-10-12-8-12-12-8-8-11	12-12-9-12-12-8-6-8-11-12-8-7	8-12-12-8-9-8-8-8-12-8-9-8	11-12-12-8-12-8-12-8-12-12-7-12	11-8-12-10-8-11-7-11-12-12-8-12	11-12-12-11-8-12-12-7-12-12-10-12
505	0	0-0-0-0-0-0-0-0-0-0-0-0	0-0-0-0-0-0-0-0-0-0-0-0	0-0-0-0-0-0-0-0-0-0-0-0	0-0-0-0-0-0-0-0-0-0-0-0	0-0-0-0-0-0-0-0-0-0-0-0	0-0-0-0-0-0-0-0-0-0-0-0	0-0-0-0-0-0-0-0-0-0-0-0	0-0-0-0-0-0-0-0-0-0-0-0	0-0-0-0-0-0-0-0-0-0-0-0	0-0-0-0-0-0-0-0-0-0-0-0	0-0-0-0-0-0-0-0-0-0-0-0	0-0-0-0-0-0-0-0-0-0-0-0
505	1	1-1-1-1-1-1-1-1-1-1-1-1	1-1-1-1-1-1-0-1-1-1-2-0	3-2-2-2-2-2-2-2-2-1-2-2	2-0-0-4-2-2-0-4-1-0-2-3	2-0-3-3-0-1-2-2-0-1-13-3	2-2-2-0-4-2-2-1-1-1-2-2	1-1-1-0-1-0-1-2-1-1-2-2	1-1-2-2-1-2-1-1-1-1-0-0	0-0-0-1-2-1-0-2-1-1-2-1	0-1-1-0-2-2-1-1-1-0-0-1	0-1-0-0-0-0-0-3-0-1-1-1	0-1-1-2-3-1-1-0-1-0-2-1
505	2	2-2-2-2-2-2-2-2-2-2-2-2	3-2-2-1-2-2-4-2-2-3-1-2	1-1-3-1-1-5-1-1-3-1-1-1	3-3-3-1-1-4-2-1-1-2-3-1	1-0-1-1-4-1-3-3-3-2-4-1	1-3-4-3-2-1-3-2-2-2-1-1	1-2-2-2-3-0-2-1-2-2-2-1	1-1-1-3-2-2-2-3-4-0-4-0	2-5-2-3-1-2-2-3-2-2-1-2	3-2-2-2-1-1-2-2-3-2-2-1	2-5-2-0-2-2-5-2-3-6-2-2	2-2-4-3-1-2-1-2-1-0-1-1
505	3	3-3-3-3-3-3-3-3-3-3-3-3	2-3-3-1-2-3-2-2-2-2-1-4	1-2-2-1-1-2-4-4-4-1-4-1	2-2-2-1-1-2-4-1-1-4-2-1	1-0-1-1-2-4-2-2-2-3-2-1	1-2-2-2-2-1-4-3-3-3-1-3	1-1-3-2-2-3-5-4-3-1-2-4	3-1-1-2-3-3-2-2-2-3-2-0	3-2-2-2-3-4-3-2-4-3-1-2	4-1-3-3-1-1-4-3-4-2-0-1	3-4-4-0-2-2-4-2-2-2-5-2	2-2-2-2-1-5-4-3-3-4-3-4
505	4	3-4-4-4-4-4-4-4-4-5-4-4	4-5-5-1-4-3-2-4-2-2-1-5	1-4-5-1-1-1-3-5-6-2-5-5	2-5-5-1-1-2-5-1-5-3-5-1	1-0-1-1-2-3-5-4-5-4-2-1	1-4-2-6-4-1-5-5-4-4-5-5	2-5-5-3-2-4-5-5-4-5-8-3	4-1-1-2-4-4-5-5-2-3-2-0	4-2-5-5-0-3-2-2-3-3-5-5	3-1-4-3-4-6-8-4-3-2-0-1	0-3-3-4-5-4-3-10-0-3-3-3	6-2-2-4-0-4-3-4-4-3-4-3
505	5	4-5-5-4-4-5-4-4-5-4-5-4	6-4-4-6-3-3-6-6-5-2-6-6	5-7-6-6-5-2-6-6-6-4-4-6	6-6-6-7-7-6-4-5-4-4-4-7	6-7-5-1-2-3-6-6-4-7-6-6	6-7-2-9-4-13-4-4-4-4-6-7	7-4-4-6-2-4-4-4-4-4-6-2	4-6-1-6-2-5-4-4-2-6-5-8	6-2-4-4-5-2-6-6-4-5-4-4	4-6-4-4-6-4-5-4-1-2-5-1	3-2-5-0-4-5-4-5-6-5-3-2	4-5-5-5-6-6-2-0-4-6-4-3
505	6	6-6-6-6-6-7-6-7-6-6-6-6	5-8-6-5-7-7-5-7-5-7-5-5	1-6-5-5-1-7-7-5-4-7-7-5	5-5-5-5-5-5-7-1-4-8-7-5	5-0-5-1-2-7-5-5-6-5-5-5	5-5-8-4-6-5-7-7-6-6-5-6	8-6-6-5-2-6-9-7-4-4-5-10	6-5-7-5-6-6-7-4-2-9-5-0	5-2-7-5-6-5-5-5-7-5-6-7	6-5-4-1-5-4-7-6-7-2-5-1	0-7-8-8-4-4-7-6-5-2-10-7	4-13-5-5-5-5-7-6-6-5-4-6
505	7	7-7-6-6-7-6-7-7-7-7-7-6	7-8-8-5-8-6-5-6-5-6-5-5	13-7-5-5-1-6-6-7-6-8-6-7	5-5-8-5-5-5-7-1-8-7-8-5	1-5-5-8-2-6-6-6-8-5-5-5	8-5-6-5-7-5-8-6-7-7-5-5	5-1-9-8-2-7-7-6-4-7-5-9	7-5-6-6-7-0-6-8-2-8-5-8	5-6-6-6-7-2-0-6-9-7-6-6	6-6-9-8-5-13-6-7-6-2-5-1	0-6-7-7-6-8-6-8-5-2-6-6	6-5-5-5-5-5-6-7-8-10-7-6
505	8	7-11-9-9-9-9-9-9-9-9-9-9	9-7-7-9-10-9-10-9-9-10-9-9	8-9-9-9-9-9-9-9-9-9-9-8	9-9-8-9-9-9-7-5-7-7-7-5	9-13-9-7-10-6-9-9-7-8-9-9	9-9-6-8-8-11-7-9-7-7-11-9	9-7-7-9-9-10-7-9-7-13-10-6	9-8-9-9-9-9-6-7-11-10-5-7	8-11-9-9-10-8-10-9-7-10-8-7	9-9-8-9-7-9-9-8-9-9-9-12	9-2-9-7-9-10-9-9-9-9-9-9	9-12-8-9-9-9-9-9-11-8-11-9
505	9	9-9-8-9-8-8-8-9-8-8-8-8	8-10-7-8-10-8-8-8-8-8-8-8	8-8-8-8-8-8-8-8-8-8-8-8	8-9-9-8-8-8-10-1-10-9-10-8	8-8-8-7-8-9-8-8-10-8-8-8	8-8-7-8-9-8-10-8-9-9-7-9	8-1-7-8-8-9-9-8-4-9-8-8	9-5-8-8-8-8-6-2-2-10-8-0	9-8-8-8-8-8-8-8-7-8-8-6	8-8-7-10-5-8-8-8-8-8-8-10	8-10-10-10-8-9-8-8-8-8-8-8	8-5-8-8-8-8-8-11-8-8-10-8
505	10	10-11-11-11-13-11-11-13-13-13-13-11	11-9-7-11-9-12-8-10-11-11-11-11	10-10-11-12-11-11-11-11-11-11-11-10	11-9-11-11-11-11-9-5-9-9-9-8	11-8-11-12-8-9-11-11-9-11-9-11	11-8-12-8-7-8-9-11-9-7-11-11	11-12-12-8-11-8-7-11-4-9-11-11	9-11-8-11-11-8-6-12-8-11-11-10	11-8-8-11-13-10-8-9-12-8-8-6	8-8-11-9-11-8-11-8-8-8-11-9	9-9-9-7-8-12-8-8-8-8-6-10	8-11-8-8-8-8-8-9-11-10-11-6
505	11	10-10-10-10-11-10-10-10-10-10-12-8	10-9-12-10-10-10-10-10-10-10-10-10	13-11-10-10-10-10-10-10-10-12-12-10	10-12-10-10-10-10-11-1-12-9-12-8	10-8-10-10-8-11-10-10-12-10-10-10	10-10-10-9-11-8-12-10-11-11-10-10	10-12-7-8-11-11-12-10-3-11-10-10	11-10-10-10-10-8-6-8-8-10-10-0	10-8-11-10-11-11-8-10-11-12-8-13	8-8-11-9-10-11-10-8-8-8-10-1	8-12-9-13-8-10-8-12-8-8-8-11	11-10-8-8-8-8-8-9-8-11-10-11
505	12	10-11-11-10-10-10-11-10-10-13-11-13	11-9-11-10-10-10-10-10-13-10-10-13	12-12-13-10-12-10-10-13-10-11-11-12	13-11-12-10-10-10-13-10-11-12-11-12	10-12-10-10-12-9-13-10-11-12-10-12	10-8-10-10-8-12-11-10-9-11-1-10	9-11-8-12-12-12-11-13-7-11-12-10	11-10-8-8-11-13-6-8-8-12-13-12	12-8-8-10-11-10-12-12-10-11-8-6	8-8-12-13-12-8-11-11-8-12-12-8	12-12-8-11-8-12-12-11-0-12-12-12	11-12-12-12-12-9-8-12-11-12-12-9
505	13	13-13-13-13-13-13-10-13-13-10-13-13	10-9-13-10-10-10-10-12-12-13-10-10	12-12-12-10-13-13-13-12-10-13-11-12	12-13-12-12-13-13-12-13-13-13-13-12	13-8-13-13-13-13-12-13-7-13-5-5	13-13-13-10-13-5-13-13-13-13-13-12	9-13-13-13-12-13-9-12-13-8-12-10	13-13-10-13-13-12-6-2-8-8-12-13	12-13-13-13-10-13-13-12-13-8-8-11	8-13-13-13-13-7-13-8-13-13-12-13	12-13-13-11-9-4-12-13-13-13-13-13	11-6-13-8-12-13-13-9-13-13-13-13
506	0	0-0-0-0-0-0-0-0-0-0-0-0	0-0-0-0-0-0-0-0-0-0-0-0	0-0-0-0-0-0-0-0-0-0-0-0	0-0-0-0-0-0-0-0-0-0-0-0	0-0-0-0-0-0-0-0-0-0-0-0	0-0-0-0-0-0-0-0-0-0-0-0	0-0-0-0-0-0-0-0-0-0-0-0	0-0-0-0-0-0-0-0-0-0-0-0	0-0-0-0-0-0-0-0-0-0-0-0	0-0-0-0-0-0-0-0-0-0-0-0	0-0-0-0-0-0-0-0-0-0-0-0	0-0-0-0-0-0-0-0-0-0-0-0
506	1	1-1-1-1-1-1-1-1-1-1-1-1	1-0-1-1-0-0-0-0-1-0-1-0	0-0-0-2-2-0-0-2-0-0-0-0	2-0-2-2-2-2-0-4-1-0-1-5	2-0-3-3-0-1-2-2-1-0-3-2	2-4-1-1-1-4-1-2-0-1-3-0	2-1-1-1-0-1-1-2-1-1-2-3	0-1-2-1-1-0-1-1-1-0-2-0	0-0-0-1-2-1-0-2-1-1-1-1	2-1-1-2-2-2-1-1-4-0-2-1	2-1-2-0-1-3-0-2-2-1-1-1	1-1-1-1-4-1-1-0-0-0-2-1
506	2	2-2-1-2-2-2-2-2-2-2-2-2	3-2-2-1-2-2-3-2-2-3-1-2	0-3-1-1-1-7-3-1-0-4-2-3	1-3-1-1-1-1-0-1-1-2-1-1	1-0-1-1-3-1-3-1-3-0-1-1	1-1-4-4-2-4-3-1-2-2-1-2	1-2-2-2-3-2-2-3-2-2-1-5	2-1-1-3-2-2-2-3-5-2-4-0	2-0-2-2-1-4-2-3-1-2-1-2	1-2-2-1-1-1-1-2-2-3-1-1	2-1-1-0-2-2-0-2-1-1-1-2	4-3-2-3-2-2-1-2-2-3-1-1
506	3	3-3-3-3-3-3-3-3-3-3-3-3	2-3-4-1-2-3-2-4-2-2-1-4	0-2-0-1-4-2-4-5-4-5-4-4	2-2-4-1-1-1-4-1-4-4-5-1	1-6-1-1-2-4-2-4-2-6-1-1	1-1-2-2-2-0-4-4-2-3-1-3	1-3-4-2-2-3-4-4-3-3-1-1	4-1-1-2-3-3-3-2-4-4-2-5	3-0-2-2-3-2-4-2-1-1-4-2	2-4-3-5-5-3-4-2-2-2-5-4	2-2-7-0-4-3-0-3-2-4-1-4	3-2-1-2-1-3-1-5-7-2-3-3
506	4	4-4-4-4-4-4-4-4-5-4-4-4	4-3-3-1-4-5-0-3-2-2-5-3	0-4-4-3-5-2-3-6-5-2-5-3	2-6-5-5-1-2-4-1-5-3-3-1	1-0-1-4-2-3-4-5-5-6-2-1	1-1-2-2-4-1-5-3-4-4-6-6	1-3-3-0-2-4-4-3-4-4-1-1	3-1-1-3-5-5-6-4-3-3-2-0	5-0-3-2-4-2-3-2-4-4-3-5	1-3-4-7-3-4-3-5-1-0-0-3	2-2-5-5-3-3-0-3-1-3-1-3	2-1-1-2-1-4-3-0-3-3-5-5
506	5	4-3-4-5-5-5-4-5-4-5-5-6	6-4-3-1-8-5-7-4-6-6-5-7	2-5-6-7-6-5-6-6-4-3-4-5	6-9-4-6-6-2-6-1-7-3-3-6	1-6-1-8-2-3-6-4-4-5-3-1	1-6-6-2-4-1-4-5-4-5-4-5	1-5-3-0-2-3-4-4-4-4-1-6	3-1-2-2-6-5-4-2-2-4-6-5	4-0-2-5-2-6-2-6-7-7-5-5	5-2-5-3-3-5-4-4-5-2-3-3	5-5-5-4-4-6-0-2-1-1-7-2	5-7-5-5-5-5-5-6-3-5-4-4
506	6	6-7-4-6-6-6-4-6-4-8-6-5	5-4-3-1-4-5-9-7-5-2-6-5	0-7-8-7-5-8-7-9-7-7-7-7	5-8-5-5-8-9-5-10-5-9-3-5	5-3-1-7-2-3-5-4-7-9-5-6	1-5-7-8-6-9-4-5-6-6-4-5	1-6-6-5-2-6-6-4-9-4-6-5	3-6-10-2-5-8-4-2-2-6-7-6	2-0-2-2-10-5-5-5-5-8-6-5	8-2-5-5-3-5-4-9-6-0-6-6	5-5-9-0-4-5-6-2-1-6-5-2	5-2-5-5-5-5-6-5-3-5-4-4
506	7	8-6-7-7-7-4-7-7-8-5-6-7	8-3-3-8-7-5-6-6-8-5-8-5	8-6-8-6-9-2-6-6-12-6-6-6	8-8-8-8-9-8-5-7-5-3-3-7	9-0-1-6-2-3-8-8-6-6-9-9	1-10-8-6-6-8-3-4-4-6-8-8	12-6-3-0-8-7-5-8-6-7-8-10	6-7-6-8-9-8-4-10-2-6-7-11	7-0-2-8-7-5-13-8-5-5-7-5	8-8-7-3-8-5-8-11-8-8-8-7	2-5-3-0-4-7-0-7-8-8-5-7	5-5-7-9-7-7-6-0-3-7-4-4
506	8	8-8-8-8-8-8-9-8-8-8-8-8	9-10-9-7-7-10-9-9-7-9-7-9	7-8-7-6-7-10-9-6-9-8-9-9	7-7-7-7-6-7-10-7-9-10-8-7	7-0-7-5-0-9-7-7-8-6-7-7	2-7-7-6-8-7-9-8-8-8-4-7	1-8-6-0-9-8-5-9-6-8-7-7	8-10-6-9-8-9-8-7-2-8-7-7	3-8-2-7-13-5-9-7-9-6-4-12	7-7-8-8-7-9-7-10-7-8-7-9	9-5-10-9-10-9-0-9-1-7-5-7	5-7-5-13-6-7-6-0-4-9-13-8
506	9	9-9-9-8-9-9-8-8-9-9-8-9	8-10-8-7-9-8-10-8-11-8-7-9	7-9-6-6-7-10-8-6-8-10-10-8	7-9-10-5-7-6-9-7-10-10-9-0	7-0-1-7-2-8-10-9-10-6-7-7	1-7-7-6-9-7-10-8-4-9-5-7	1-10-11-0-8-9-10-8-6-8-0-7	9-7-13-8-8-8-9-7-2-4-7-10	5-0-8-7-9-5-8-7-8-6-11-8	9-8-13-13-7-8-10-6-8-9-7-8	8-5-13-13-8-8-0-8-1-10-5-7	8-7-5-7-6-9-6-9-10-8-4-8
506	10	10-11-11-11-10-11-8-8-8-11-8-11	11-8-8-11-9-11-11-13-11-11-7-11	11-11-11-6-7-11-11-12-10-11-9-10	11-12-9-6-6-11-9-7-9-12-10-11	7-12-10-6-12-8-11-11-9-6-7-11	11-11-8-12-10-7-9-11-6-9-1-10	11-9-9-11-8-7-9-9-6-10-11-7	2-8-12-11-8-7-8-7-12-8-11-9	10-12-12-7-7-5-10-7-5-10-10-8	11-10-7-11-11-5-11-8-11-12-11-8	11-5-11-9-8-13-11-12-11-11-5-7	10-10-10-10-10-10-6-10-9-10-9-4
506	11	11-11-10-13-12-11-12-11-10-10-11-11	11-12-9-10-9-10-10-10-10-12-10-10	10-10-10-12-7-10-10-10-13-12-12-11	10-10-10-11-6-10-11-7-12-11-11-10	7-10-10-7-10-11-10-10-11-6-7-10	10-10-7-11-10-7-12-11-11-11-4-11	10-9-9-10-8-11-12-12-11-11-10-11	11-8-10-10-11-11-9-11-10-11-10-7	10-10-10-7-11-11-10-7-10-12-9-11	10-10-11-10-10-6-10-7-10-10-10-13	10-11-10-9-12-11-10-10-10-10-5-11	10-11-10-10-10-10-5-13-12-11-9-13
506	12	11-12-13-13-11-13-11-13-12-13-13-11	13-11-11-13-9-12-13-13-10-11-13-13	10-12-10-11-12-10-11-10-7-11-11-12	10-10-10-12-12-10-11-1-11-12-11-10	12-10-10-6-10-11-13-13-12-12-12-12	10-10-13-12-9-10-11-12-11-9-12-13	12-9-8-10-11-7-11-13-6-12-12-12	12-7-10-12-12-11-11-11-10-8-12-9	13-10-10-12-12-5-10-10-11-12-12-8	12-12-7-12-12-12-12-13-10-10-12-8	10-12-12-9-11-12-12-10-12-12-5-12	10-12-10-10-12-10-6-10-11-12-11-11
506	13	13-13-13-13-13-13-12-13-13-10-13-13	12-11-13-12-13-12-12-12-11-13-12-12	11-11-13-12-13-13-13-13-11-13-13-12	12-13-12-12-13-13-11-7-13-13-13-10	13-10-13-13-13-13-12-12-11-13-7-7	13-13-12-13-13-13-13-13-13-13-13-12	12-13-13-13-8-13-9-12-13-13-10-12	13-13-8-13-13-9-13-7-7-10-12-13	12-13-10-13-7-5-13-9-13-5-12-11	10-13-13-9-13-5-13-12-13-13-13-13	13-13-9-9-6-10-13-13-13-13-13-13	13-13-13-10-13-13-13-11-13-13-13-11
507	0	0-0-0-0-0-0-0-0-0-0-0-0	0-0-0-0-0-0-0-0-0-0-0-0	0-0-0-0-0-0-0-0-0-0-0-0	0-0-0-0-0-0-0-0-0-0-0-0	0-0-0-0-0-0-0-0-0-0-0-0	0-0-0-0-0-0-0-0-0-0-0-0	0-0-0-0-0-0-0-0-0-0-0-0	0-0-0-0-0-0-0-0-0-0-0-0	0-0-0-0-0-0-0-0-0-0-0-0	0-0-0-0-0-0-0-0-0-0-0-0	0-0-0-0-0-0-0-0-0-0-0-0	0-0-0-0-0-0-0-0-0-0-0-0
507	1	1-1-1-1-1-1-1-1-1-1-1-1	1-0-0-0-0-1-1-2-1-0-1-0	1-2-0-1-1-1-2-2-1-0-2-1	2-2-0-2-1-2-0-1-0-0-0-5	1-1-1-0-1-0-0-2-0-0-1-1	1-2-0-0-0-1-0-1-0-0-0-0	3-1-0-6-1-0-0-1-1-0-1-2	1-1-1-1-0-3-1-1-1-1-1-1	0-1-1-1-1-1-1-1-1-1-1-1	1-1-1-1-1-1-1-1-1-1-5-1	0-1-0-1-1-1-0-1-0-1-1-0	1-1-1-0-0-1-0-1-1-1-1-1
507	2	2-2-2-2-2-2-3-2-2-2-2-2	3-3-3-2-3-3-2-3-3-3-3-3	2-1-3-2-1-3-3-3-3-2-3-2	1-1-3-3-1-1-3-4-3-3-2-1	4-1-2-4-1-2-2-2-3-3-3-1	3-1-3-3-3-3-2-3-2-2-8-2	8-3-3-2-3-4-3-3-2-4-1-3	2-2-6-2-2-6-2-3-1-3-2-3	12-3-3-3-3-4-4-3-4-4-2-2	3-9-4-2-3-8-1-2-1-7-2-3	3-4-4-2-3-3-4-2-6-2-4-3	1-2-2-2-6-3-2-3-2-2-3-3
507	3	2-2-2-2-2-2-2-2-2-2-2-2	2-2-2-3-2-2-2-2-2-2-2-4	5-3-5-4-6-2-5-4-2-5-2-5	4-3-2-2-3-4-2-6-2-2-4-7	6-3-5-3-4-4-4-4-2-2-2-3	2-4-2-2-2-6-3-2-2-2-4-4	4-2-2-1-2-2-2-4-2-3-4-2	2-4-2-3-3-1-2-2-1-2-2-2	2-2-2-2-2-2-1-2-2-2-4-2	2-2-2-2-4-3-5-2-3-2-2-2	2-2-2-2-2-2-2-2-4-4-2-2	1-3-3-4-4-2-3-2-2-3-2-2
507	4	2-2-2-2-2-2-2-2-2-2-2-2	2-2-2-3-2-2-2-7-5-6-3-3	7-5-3-3-3-7-3-5-2-7-5-3	3-5-2-5-3-3-2-3-3-4-6-1	2-4-3-3-5-3-5-3-4-2-5-3	5-3-6-2-4-5-5-2-4-4-7-4	5-4-4-2-5-4-2-3-4-4-3-5	4-3-3-3-3-2-2-5-4-2-2-2	4-7-4-4-6-2-2-5-2-2-3-2	4-4-2-2-3-3-3-2-3-2-4-4	4-2-2-2-4-4-2-4-4-5-2-4	1-4-5-4-4-2-2-2-3-3-2-2
507	5	5-5-5-2-5-2-2-2-2-2-5-5	2-5-6-3-2-6-2-4-4-4-2-4	3-4-3-3-3-2-6-4-2-3-6-3	4-4-3-4-3-3-4-3-6-7-4-1	3-3-3-3-4-6-4-4-4-2-4-3	4-4-4-11-4-4-4-3-5-5-0-5	4-2-7-1-4-0-6-6-5-5-3-4	5-3-4-6-5-2-5-4-4-5-1-2	2-2-4-4-4-2-1-4-2-2-5-6	6-2-5-6-3-6-3-8-3-2-1-2	2-2-2-2-2-2-2-10-4-4-2-4	1-4-4-4-2-2-3-2-2-2-2-2
507	6	6-2-6-6-7-6-6-6-2-2-6-6	2-8-6-3-2-2-2-6-2-4-3-7	3-6-3-3-3-4-5-7-5-3-7-6	4-4-7-3-3-4-9-3-7-6-4-1	3-3-3-3-4-5-7-6-5-2-2-3	2-4-4-2-9-3-7-2-6-6-15-3	1-2-6-1-4-0-7-5-7-6-3-2	2-3-2-5-3-2-6-4-4-6-1-2	2-2-4-4-6-2-1-2-6-7-6-5	5-2-6-5-3-5-3-15-2-2-1-2	2-2-6-6-2-2-2-2-4-4-2-4	1-6-4-5-2-6-3-2-2-7-7-2
507	7	7-7-9-6-6-6-7-2-8-2-7-9	8-6-6-10-2-2-9-8-8-4-8-8	8-7-10-13-8-4-8-6-8-4-6-8	9-4-6-9-9-9-6-9-6-5-4-7	8-7-8-8-4-5-8-8-7-7-7-9	8-8-7-4-7-8-6-7-6-6-4-4	9-2-6-1-8-7-6-6-6-4-8-8	2-7-8-8-8-7-6-8-7-8-7-2	4-4-4-8-6-2-2-8-6-6-7-15	8-8-2-6-8-5-3-5-3-2-1-10	5-2-6-6-6-15-2-10-9-7-2-4	5-7-9-7-4-2-3-2-2-6-6-2
507	8	8-8-9-8-8-9-9-8-7-8-8-7	7-6-9-7-2-9-7-7-7-9-7-9	7-7-7-7-7-4-9-9-7-7-9-7	7-8-9-7-7-7-6-7-9-9-8-1	7-7-3-7-4-8-7-7-8-7-7-7	7-10-9-11-7-7-9-8-8-8-7-8	2-9-6-1-8-8-16-9-6-10-7-7	2-7-7-9-7-8-6-7-7-10-2-2	8-8-4-8-8-8-16-7-9-9-10-8	7-7-9-8-9-2-9-15-7-8-9-7	2-8-6-6-2-8-2-9-8-2-2-9	1-13-7-7-8-2-9-8-2-9-6-10
507	9	9-9-8-9-10-10-10-9-9-9-10-7	7-10-10-7-2-8-7-7-7-8-7-10	7-9-7-7-7-10-8-8-10-7-10-10	7-10-10-7-7-7-6-7-8-8-10-1	10-3-3-7-4-8-10-9-10-7-7-7	7-10-8-2-10-7-8-8-9-10-7-8	7-8-9-1-8-0-9-10-6-11-3-10	11-7-8-8-9-8-9-7-1-10-1-2	8-10-2-10-8-9-1-10-8-8-9-9	2-2-9-10-8-16-8-9-3-2-8-7	11-2-6-6-10-11-2-10-10-2-2-8	1-7-7-7-12-2-8-10-2-8-10-9
507	10	9-11-9-9-10-9-9-10-9-10-9-11	7-9-9-7-6-9-11-7-12-8-11-9	11-11-11-7-11-11-9-11-11-11-9-9	11-11-9-11-7-11-9-7-11-9-9-13	9-10-10-11-11-8-11-11-9-10-10-11	11-11-11-10-7-11-11-8-9-8-7-11	11-8-8-1-8-7-6-11-4-8-7-9	2-7-7-11-9-8-6-16-4-8-10-2	2-10-16-11-15-11-10-9-6-10-11-7	11-10-10-9-11-9-11-9-3-10-9-7	10-2-6-6-9-9-10-9-10-10-11-4	1-11-14-10-4-2-10-9-8-8-9-8
507	11	11-12-12-12-11-12-15-12-12-11-13-12	12-12-12-11-13-13-13-11-11-13-12-13	10-10-10-10-10-12-10-11-11-13-11-11	10-10-10-10-7-10-6-7-10-12-12-13	9-11-10-10-10-12-10-10-12-12-10-10	10-12-10-11-14-12-12-8-11-11-14-11	13-13-15-1-16-11-15-10-14-9-3-9	13-7-7-10-10-14-15-10-7-13-10-2	11-10-4-10-11-10-12-12-14-6-10-7	10-10-11-12-12-9-10-13-3-10-9-16	12-16-13-12-16-9-10-15-13-10-10-4	1-10-10-10-12-11-3-9-15-8-9-15
507	12	11-11-11-11-11-11-11-11-11-14-11-11	11-8-11-14-13-13-13-13-13-11-11-13	12-13-12-12-12-13-12-13-12-11-13-12	13-13-13-12-12-11-13-7-10-11-11-14	14-13-10-10-13-11-13-12-11-11-10-10	14-11-10-12-7-14-11-8-11-11-13-13	13-9-11-14-12-13-9-11-11-15-13-11	2-14-13-10-9-13-11-10-14-15-13-2	2-13-14-10-14-13-13-11-14-14-12-7	16-12-10-11-11-14-9-12-13-14-14-11	14-11-11-11-11-9-13-14-14-12-11-4	13-9-12-13-14-14-10-14-11-12-12-2
507	13	12-12-12-11-12-11-12-11-11-12-11-11	11-9-11-7-11-12-12-14-12-11-14-12	12-14-14-7-12-12-14-12-12-11-12-13	14-13-12-15-14-14-12-10-10-11-15-12	15-12-14-10-12-11-14-14-11-11-10-14	14-11-14-13-12-12-14-8-11-11-12-14	15-8-11-12-11-12-11-11-11-12-14-14	7-14-12-14-15-12-11-7-12-12-15-2	4-12-12-14-12-12-12-11-12-12-14-9	14-13-12-11-14-13-14-12-12-12-12-11	11-11-11-11-11-12-12-12-14-13-10-4	12-8-12-12-14-2-14-12-11-13-9-11
507	14	12-15-11-12-12-12-12-12-11-12-11-11	11-16-11-12-12-12-12-13-12-11-13-12	12-13-13-12-15-12-13-12-12-15-15-15	13-15-16-15-13-13-12-7-15-11-13-12	13-12-13-15-12-15-13-13-15-15-15-15	12-11-15-13-11-12-15-11-14-11-11-13	13-15-11-12-15-11-15-15-11-12-13-15	2-13-12-13-13-12-11-7-12-12-13-15	12-12-12-15-12-11-12-15-12-12-13-14	13-13-10-15-15-13-13-12-12-12-12-11	12-11-11-14-14-9-12-12-12-13-14-4	12-14-10-12-13-12-13-12-11-15-6-11
507	15	11-14-11-11-14-16-11-11-11-16-11-16	11-14-11-16-12-12-11-14-12-12-13-16	15-15-13-16-14-15-13-16-16-14-14-14	16-14-15-14-13-13-15-7-14-11-13-15	13-15-15-14-15-14-16-13-14-15-14-14	14-11-14-15-15-15-14-8-11-11-13-15	13-14-11-15-11-15-14-14-5-15-13-14	7-13-7-13-13-15-11-7-15-12-13-15	15-15-15-14-13-2-15-14-6-12-13-7	15-13-15-14-14-14-10-11-15-12-15-11	15-11-11-14-11-15-15-15-15-13-2-15	12-14-15-15-15-2-13-12-11-14-6-11
507	16	16-16-16-16-16-15-12-16-16-15-16-16	11-14-16-15-16-12-14-13-12-16-13-15	15-16-16-15-16-16-15-15-15-16-15-14	15-16-14-15-16-16-15-16-10-11-16-15	16-15-16-16-16-16-15-13-11-16-7-7	16-16-14-14-16-16-16-16-16-16-16-16	15-16-16-16-11-16-8-14-16-15-15-16	16-16-10-15-16-14-16-10-15-12-13-16	15-16-16-16-7-16-16-16-16-2-13-7	12-16-16-16-16-9-16-12-12-16-16-16	13-11-11-16-11-9-12-16-16-16-11-16	12-12-16-12-11-16-16-12-16-16-16-11
508	0	0-0-0-0-0-0-0-0-0-0-0-0	0-0-0-0-0-0-0-0-0-0-0-0	0-0-0-0-0-0-0-0-0-0-0-0	0-0-0-0-0-0-0-0-0-0-0-0	0-0-0-0-0-0-0-0-0-0-0-0	0-0-0-0-0-0-0-0-0-0-0-0	0-0-0-0-0-0-0-0-0-0-0-0	0-0-0-0-0-0-0-0-0-0-0-0	0-0-0-0-0-0-0-0-0-0-0-0	0-0-0-0-0-0-0-0-0-0-0-0	0-0-0-0-0-0-0-0-0-0-0-0	0-0-0-0-0-0-0-0-0-0-0-0
508	1	1-1-1-1-1-1-1-1-1-1-1-1	1-1-1-2-1-1-2-1-1-1-1-1	1-2-2-2-2-2-2-0-2-1-1-1	2-0-2-1-2-2-0-2-1-0-2-2	2-0-2-3-0-1-2-2-1-1-1-2	1-2-2-1-1-3-2-2-1-1-7-2	2-1-1-0-1-1-1-2-1-1-2-4	1-2-2-1-3-2-1-1-1-0-2-1	0-0-0-1-2-1-0-4-2-1-2-1	5-1-1-2-2-2-1-2-6-0-0-2	0-1-2-0-2-3-0-0-0-1-1-1	0-1-1-0-0-1-1-0-2-1-2-1
508	2	1-2-1-1-2-2-2-2-1-2-2-1	2-2-1-1-2-1-1-3-2-3-1-1	0-3-1-1-1-5-3-1-3-3-2-3	4-3-1-1-1-1-3-1-1-2-4-1	1-2-1-1-3-1-3-3-3-2-1-1	3-3-4-3-2-1-3-1-2-2-8-1	1-1-2-2-3-2-3-2-2-3-1-3	2-1-3-3-1-1-1-3-3-0-1-5	2-5-3-2-1-4-2-3-1-1-1-1	3-2-2-1-1-1-3-1-3-3-2-1	2-2-2-1-3-2-0-2-2-6-2-2	0-2-1-2-2-2-2-0-1-2-1-1
508	3	3-3-3-3-3-3-3-3-3-4-3-3	2-3-4-1-4-1-1-2-2-2-1-5	0-3-1-1-1-2-4-5-2-2-4-4	2-2-2-1-1-1-4-1-4-3-2-0	1-0-1-1-2-5-2-2-2-1-1-1	2-2-1-2-2-1-4-1-2-3-1-3	1-1-3-2-2-6-2-4-2-3-1-2	3-1-4-4-1-1-3-2-2-1-2-0	3-3-2-2-3-2-0-2-4-1-1-5	2-2-4-4-1-1-2-3-4-2-0-2	0-4-4-0-2-4-5-2-2-2-5-2	4-2-1-2-0-3-1-4-3-3-1-5
508	4	4-4-4-3-4-3-4-4-3-3-4-4	5-5-3-1-3-5-1-5-2-5-4-4	1-4-1-3-1-2-3-5-5-5-5-3	5-2-5-1-1-2-3-1-5-5-2-0	1-5-1-5-2-3-5-4-5-2-2-1	2-2-2-0-4-1-5-5-4-4-4-2	1-1-3-0-2-4-5-5-4-4-1-1	4-1-3-3-1-5-4-5-2-4-2-5	3-2-5-2-6-2-0-2-3-5-1-2	3-2-3-5-1-4-5-4-3-0-0-1	0-2-10-4-10-3-0-6-2-2-4-3	3-2-1-4-0-4-10-6-6-5-5-3
508	5	5-6-4-4-5-3-4-5-5-4-3-4	4-4-3-1-3-4-6-4-5-4-5-3	6-6-6-7-6-2-6-6-6-2-4-6	6-6-6-6-6-6-3-8-4-4-2-6	6-4-7-6-2-3-6-6-4-7-8-6	6-6-6-5-5-6-4-4-4-4-6-6	2-1-3-0-2-4-4-4-4-7-6-6	4-6-2-6-2-5-10-7-2-6-6-4	6-2-4-6-5-6-0-6-5-4-6-7	6-2-7-4-6-4-4-4-1-5-6-6	2-2-4-10-4-7-3-2-2-2-5-2	3-5-5-5-6-5-1-3-3-4-4-3
508	6	6-5-6-6-5-6-6-6-6-6-6-6	4-9-6-1-3-4-5-7-5-4-5-6	5-5-5-5-5-2-5-5-5-7-7-5	5-5-5-5-5-5-6-5-7-7-7-5	5-0-5-5-2-7-7-5-7-6-5-5	5-5-5-6-4-5-7-6-7-6-5-5	1-1-6-9-10-3-7-7-4-8-5-6	6-7-6-5-6-5-8-6-2-5-5-2	5-6-6-5-6-8-0-7-6-5-5-8	5-2-6-6-5-5-7-4-1-5-5-5	0-2-4-6-4-10-0-10-10-2-6-2	6-8-10-10-6-6-1-4-8-8-4-7
508	7	6-6-8-7-7-6-7-10-6-6-7-10	8-6-6-7-3-7-8-8-8-8-8-8	8-7-8-8-7-8-8-8-8-6-6-8	7-7-8-8-5-7-7-5-6-6-6-7	1-8-5-7-7-6-8-8-6-7-7-7	1-7-6-7-7-8-6-7-6-4-1-6	1-1-6-0-7-8-6-8-2-5-8-8	9-6-6-6-6-8-6-5-2-7-7-8	8-8-8-8-6-7-8-8-6-8-5-5	8-2-5-7-8-1-6-4-7-8-8-1	8-7-4-6-7-8-8-8-8-2-6-2	9-2-7-5-8-6-7-10-6-8-1-6
508	8	6-8-8-10-6-6-8-8-8-8-8-8	7-6-6-9-10-8-7-9-7-7-10-7	7-9-9-10-9-7-7-7-7-9-8-7	7-7-7-7-9-9-7-9-9-9-9-7	9-7-9-9-7-9-7-9-9-8-7-9	9-9-9-8-7-7-9-8-4-4-2-6	9-9-6-2-7-8-7-7-8-6-7-7	7-9-9-8-9-9-6-9-9-7-7-7	7-7-7-9-10-9-7-9-6-7-9-6	7-9-5-7-7-9-4-4-8-7-7-9	7-8-7-6-4-7-7-7-7-2-8-8	3-6-7-5-9-5-9-4-6-7-9-6
508	9	10-10-8-10-10-10-9-10-8-10-10-8	7-6-6-8-8-8-7-8-7-4-8-8	9-8-8-8-8-10-8-9-9-8-9-9	9-9-9-9-8-8-8-8-8-9-8-10	8-10-8-8-9-8-10-8-9-9-9-10	8-8-8-9-9-8-8-8-9-9-8-9	8-8-8-10-9-9-8-9-9-7-8-9	9-8-8-8-8-8-6-8-9-7-9-9	9-9-9-9-8-8-9-8-6-9-8-6	8-8-5-9-9-8-4-4-9-9-9-8	9-9-9-6-4-10-7-9-9-9-9-2	7-9-7-9-8-6-8-7-6-9-8-6
508	10	10-10-8-10-10-10-9-10-10-9-10-10	7-6-10-8-10-10-8-8-10-10-8-7	9-9-10-8-10-10-10-10-9-8-10-10	9-10-10-10-10-10-3-10-10-10-10-9	8-9-10-10-9-10-9-10-10-10-5-9	10-10-10-10-10-7-10-10-10-10-10-10	9-10-10-10-9-10-10-9-10-10-8-10	10-10-8-10-10-9-6-8-9-9-6-9	9-9-10-10-8-10-10-8-10-8-8-3	5-10-10-10-10-4-10-6-10-10-7-10	7-10-4-6-4-9-7-6-10-10-10-10	10-10-10-6-10-10-10-7-10-10-10-6
509	0	0-0-0-0-0-0-0-0-0-0-0-0	0-0-0-0-0-0-0-0-0-0-0-0	0-0-0-0-0-0-0-0-0-0-0-0	0-0-0-0-0-0-0-0-0-0-0-0	0-0-0-0-0-0-0-0-0-0-0-0	0-0-0-0-0-0-0-0-0-0-0-0	0-0-0-0-0-0-0-0-0-0-0-0	0-0-0-0-0-0-0-0-0-0-0-0	0-0-0-0-0-0-0-0-0-0-0-0	0-0-0-0-0-0-0-0-0-0-0-0	0-0-0-0-0-0-0-0-0-0-0-0	0-0-0-0-0-0-0-0-0-0-0-0
509	1	1-1-1-1-1-1-2-1-1-1-1-1	2-2-2-0-2-2-2-2-2-1-2-1	1-2-2-2-2-2-2-1-3-1-4-2	2-2-2-2-0-0-2-1-2-2-0-0	1-0-1-0-1-1-1-1-1-2-2-0	2-2-2-1-2-4-1-3-1-1-0-1	1-1-1-1-1-1-2-2-2-1-1-1	1-1-2-1-1-2-2-2-1-1-2-2	1-2-2-1-1-3-12-1-3-1-1-3	2-1-1-4-1-2-1-1-2-5-1-1	1-2-3-0-1-2-1-1-1-2-3-1	2-1-1-1-2-3-1-3-1-1-1-1
509	2	1-1-1-1-1-1-1-1-1-1-1-1	1-1-1-2-1-1-1-1-1-1-3-3	5-3-3-1-4-1-3-3-1-2-3-3	3-3-1-1-2-3-1-5-1-1-3-5	4-0-4-3-8-3-2-2-2-1-1-5	1-3-3-2-1-5-3-1-1-1-0-2	2-1-1-1-2-0-1-3-1-2-3-2	1-3-3-2-2-1-1-3-2-2-3-1	0-1-1-2-3-1-1-2-1-1-3-1	1-5-1-1-3-1-1-1-4-1-4-3	0-1-1-0-1-1-0-1-0-1-1-2	1-2-2-2-1-1-2-1-3-1-3-1
509	3	1-1-1-1-1-1-1-1-1-1-1-3	1-1-1-1-1-1-1-3-3-4-2-3	2-2-2-1-2-5-2-2-1-4-2-2	2-4-4-2-2-5-1-2-1-3-4-2	2-3-2-2-4-2-4-4-3-3-4-2	4-4-5-4-3-5-2-1-3-3-11-3	2-3-3-3-4-3-3-2-3-1-2-5	3-2-4-4-2-1-1-4-11-1-2-1	3-1-3-4-2-1-3-4-1-1-2-1	3-3-3-1-2-2-3-1-0-1-3-2	3-1-1-0-3-3-0-3-3-4-1-3	1-3-2-3-3-1-1-1-2-1-2-1
509	4	4-4-4-4-4-4-5-4-1-4-4-4	1-6-4-1-1-1-1-5-3-3-2-3	2-4-2-1-2-3-5-2-1-3-5-2	3-3-3-1-2-3-4-1-5-4-3-2	2-0-2-2-3-5-3-3-3-3-3-2	3-3-3-2-3-1-5-4-4-4-0-4	2-2-4-4-3-4-4-5-4-4-1-3	4-4-3-3-2-1-4-3-3-4-3-1	3-1-3-3-4-1-1-3-5-5-2-4	5-3-4-1-5-1-1-1-2-1-5-2	0-4-1-5-3-3-0-3-3-3-1-3	1-3-2-3-1-1-6-1-1-1-4-1
509	5	4-5-5-5-5-5-4-5-5-5-5-4	4-6-6-1-5-1-4-4-4-3-2-6	2-5-2-3-2-3-4-5-1-4-4-5	3-3-6-2-2-3-5-2-4-4-6-2	2-0-2-2-3-4-4-5-6-3-3-2	5-3-3-2-5-3-6-6-5-8-6-4	2-3-4-4-3-5-5-4-5-4-2-3	6-7-3-4-2-6-5-6-3-6-3-1	3-3-3-3-5-3-6-2-7-5-5-11	6-2-5-6-2-6-6-7-2-1-4-2	3-4-1-5-6-8-0-6-3-3-1-3	5-6-2-3-6-1-2-1-5-1-7-4
509	6	7-7-7-7-7-7-7-7-6-7-6-7	7-4-5-7-7-8-7-7-7-7-7-7	6-7-7-9-10-7-7-7-7-5-7-7	7-6-7-7-8-7-5-10-7-7-5-7	7-7-8-6-3-4-7-7-5-8-7-7	7-8-3-9-5-12-5-8-5-5-8-8	9-9-1-8-7-6-5-6-5-6-7-7	5-5-7-7-9-10-5-9-3-6-8-5	8-7-5-4-6-10-7-7-11-7-7-5	7-7-9-6-7-7-7-8-7-7-7-5	8-6-7-8-7-7-6-5-7-7-6-3	7-5-7-8-7-11-4-6-7-1-7-8
509	7	6-6-7-8-6-6-6-7-6-6-6-6	6-9-5-6-6-6-6-6-6-6-6-6	6-6-6-6-6-6-8-6-6-9-8-6	6-7-6-6-6-6-7-6-6-6-7-6	6-6-6-6-3-8-6-6-8-6-6-6	6-6-3-6-5-6-6-6-7-7-6-6	6-9-7-6-8-7-9-8-5-7-6-8	1-9-8-9-6-6-9-6-3-7-6-1	6-6-8-3-7-8-6-8-8-6-8-4	8-6-6-6-6-6-6-5-8-6-6-2	12-8-9-6-6-6-0-1-6-6-1-8	1-5-6-6-6-6-8-9-6-9-9-9
509	8	6-6-7-7-6-10-8-8-8-6-6-6	6-9-5-6-6-6-6-6-6-9-6-6	6-8-6-6-6-6-7-7-6-9-9-9	6-6-6-6-6-6-9-6-9-6-9-6	6-6-6-6-3-7-9-8-7-6-6-6	6-6-3-6-11-6-9-6-8-5-6-6	6-9-7-6-7-8-9-7-5-8-6-7	10-7-7-7-6-6-8-6-3-7-6-1	6-6-7-7-8-7-6-7-7-6-7-9	7-7-8-9-8-6-9-9-7-6-6-8	6-7-1-8-9-9-0-8-6-7-7-7	8-3-2-6-6-6-7-8-9-7-9-6
509	9	6-6-8-6-6-6-8-7-7-6-6-10	6-7-5-6-6-10-9-6-11-8-6-6	10-10-10-6-8-10-10-10-10-10-8-8	10-11-11-6-10-10-10-6-8-9-8-10	2-10-10-6-11-7-10-6-8-10-10-10	10-10-3-6-9-6-8-10-8-3-8-10	6-8-7-9-10-11-8-10-7-8-10-7	1-7-11-7-6-11-7-6-12-9-6-1	11-9-10-10-10-1-11-7-8-6-7-8	10-9-9-6-11-11-8-8-11-11-11-8	9-7-7-6-6-8-9-9-10-9-9-3	8-5-9-9-6-1-1-9-8-9-8-7
509	10	6-6-10-10-8-8-8-10-7-10-10-9	11-11-5-6-10-9-9-9-9-11-6-11	9-9-9-6-6-9-9-9-9-9-11-11	9-9-9-6-6-9-9-6-8-11-11-9	6-9-9-6-9-10-9-10-11-6-9-9	9-9-8-10-8-6-11-9-10-10-8-10	6-11-7-9-11-10-11-9-7-7-9-10	8-5-9-10-2-9-8-6-9-10-6-1	9-9-9-9-9-6-9-10-9-11-7-9	9-6-6-11-9-6-6-8-9-9-9-8	9-11-12-12-6-9-9-9-9-9-9-8	8-9-9-9-8-10-2-1-8-11-11-11
509	11	6-10-10-10-8-12-12-10-12-10-12-12	10-10-8-12-12-9-12-12-9-10-12-12	11-11-12-6-11-11-10-9-12-11-10-10	12-9-9-11-11-11-12-6-10-9-10-11	11-9-6-11-9-10-12-11-10-11-9-6	9-9-11-11-8-6-10-11-10-3-3-12	11-10-7-9-10-9-10-10-4-9-11-11	3-11-9-11-11-9-7-6-3-9-6-1	9-9-9-11-12-1-9-11-10-8-11-8	9-6-9-10-9-9-6-8-9-9-9-11	0-10-10-10-6-8-11-9-9-9-1-11	8-5-9-9-11-6-11-1-6-10-8-10
509	12	12-12-12-12-12-12-11-12-12-12-12-12	10-10-12-11-12-9-11-11-11-12-11-11	11-11-12-11-12-11-12-12-11-12-12-12	11-12-12-12-12-12-11-12-12-12-12-11	11-6-12-12-12-12-11-12-10-12-11-6	12-12-12-11-12-6-12-12-12-12-12-11	11-12-12-12-10-12-12-12-12-12-9-8	12-12-11-12-12-1-12-6-9-12-6-12	3-12-12-12-11-12-12-5-12-6-11-8	9-12-12-12-12-12-12-10-9-12-8-12	7-12-10-10-12-8-9-12-12-6-12-12	8-12-12-9-8-12-12-12-12-12-12-10
510	0	0-0-0-0-0-0-0-0-0-0-0-0	0-0-0-0-0-0-0-0-0-0-0-0	0-0-0-0-0-0-0-0-0-0-0-0	0-0-0-0-0-0-0-0-0-0-0-0	0-0-0-0-0-0-0-0-0-0-0-0	0-0-0-0-0-0-0-0-0-0-0-0	0-0-0-0-0-0-0-0-0-0-0-0	0-0-0-0-0-0-0-0-0-0-0-0	0-0-0-0-0-0-0-0-0-0-0-0	0-0-0-0-0-0-0-0-0-0-0-0	0-0-0-0-0-0-0-0-0-0-0-0	0-0-0-0-0-0-0-0-0-0-0-0
510	1	1-1-1-0-1-0-0-1-1-1-1-1	1-0-0-2-0-1-1-2-1-0-2-2	2-2-3-1-2-0-2-0-0-0-2-0	2-2-1-1-2-2-0-5-2-2-0-2	5-1-2-2-1-0-2-2-0-0-3-3	2-2-3-1-1-1-2-0-0-0-0-0	0-2-1-0-0-0-0-2-1-1-2-0	1-2-3-2-2-1-0-3-1-0-1-1	0-2-1-2-3-2-1-0-1-3-2-2	2-1-1-0-0-2-2-0-2-1-0-0	0-0-0-0-2-0-2-1-0-2-1-1	2-2-2-1-2-1-2-2-0-0-0-0
510	2	2-2-2-2-2-2-2-2-2-2-2-2	3-3-2-1-4-1-1-3-2-3-1-3	1-1-1-1-1-1-1-1-4-2-3-3	1-1-2-1-1-1-2-1-1-1-3-1	1-2-1-1-1-3-1-1-3-0-1-1	1-1-1-2-2-1-3-1-2-0-3-1	1-1-2-2-1-2-3-1-0-4-1-0	2-1-1-1-1-2-3-1-1-2-3-2	2-1-1-1-2-1-6-2-1-2-1-1	1-1-2-3-3-1-1-0-1-2-2-2	2-2-3-3-1-4-1-2-2-1-1-1	2-1-1-2-1-2-1-4-3-1-4-2
510	3	3-2-2-2-2-2-3-2-2-2-2-2	2-2-2-1-2-3-3-2-4-2-4-2	4-5-1-4-1-5-4-4-3-4-2-3	4-4-4-1-5-4-4-13-1-1-2-10	1-4-4-1-5-2-4-4-2-5-1-1	4-5-1-3-3-4-2-4-2-0-2-3	4-0-2-4-4-3-2-2-0-3-3-4	3-0-1-4-0-3-2-1-5-3-2-3	3-3-3-5-1-3-3-3-4-4-1-4	3-4-3-4-2-5-0-0-3-5-3-4	2-3-2-2-3-3-3-4-5-3-1-3	3-4-3-4-3-2-3-3-2-3-0-2
510	4	4-4-4-4-4-4-4-4-4-4-4-4	2-2-4-1-2-5-3-5-3-5-3-5	3-3-3-3-1-3-5-3-2-3-5-5	3-3-3-3-3-3-5-1-5-7-5-3	4-3-3-1-3-5-3-5-4-4-1-1	3-3-1-4-2-3-5-5-4-4-4-5	3-5-2-3-5-4-7-5-7-2-3-5	2-5-5-5-4-3-4-1-3-4-2-2	2-3-3-3-4-4-3-4-3-4-4-4	3-3-4-3-3-3-1-8-3-3-3-3	2-4-4-4-5-2-3-3-3-3-1-4	2-3-3-3-5-4-3-4-2-4-5-5
510	5	5-5-5-5-6-5-5-5-5-5-5-5	5-6-7-5-6-4-3-4-3-6-4-5	3-3-3-4-1-3-4-4-6-6-4-4	3-6-6-5-3-3-4-1-6-6-4-3	1-3-3-8-3-4-5-5-6-3-1-1	3-3-6-4-5-3-6-4-5-0-5-4	3-4-6-3-4-4-7-4-5-5-3-4	6-5-4-4-4-3-8-5-3-5-1-5	5-3-3-3-4-5-3-4-7-4-5-4	3-3-5-3-5-3-11-5-5-3-6-5	5-7-7-7-4-6-5-5-3-5-6-3	5-5-3-3-4-5-6-5-7-7-4-7
510	6	7-7-7-7-5-7-6-6-9-7-8-8	7-5-5-7-5-8-7-7-7-7-9-9	6-7-7-7-6-7-6-7-7-5-7-6	7-7-7-6-6-6-7-1-5-5-5-3	1-3-7-1-3-4-7-6-5-6-1-10	6-10-5-6-5-10-5-6-5-5-4-7	12-5-5-11-7-7-5-6-5-7-10-7	5-5-11-6-6-11-4-5-6-7-10-9	7-3-7-7-10-10-7-7-5-6-6-7	11-15-8-7-5-12-10-8-12-3-9-7	12-5-5-5-12-7-3-7-7-22-6-6	8-5-6-10-7-10-13-7-5-9-13-5
510	7	6-6-7-6-6-6-6-6-7-6-7-6	6-5-5-8-6-6-6-6-6-6-6-6	3-6-8-8-7-8-8-6-6-7-6-9	8-6-6-8-9-8-6-9-8-4-7-3	8-3-6-10-3-7-6-7-5-7-1-9	10-10-8-7-6-6-8-8-5-0-13-6	7-11-4-3-6-6-5-8-13-6-8-6	6-7-9-7-7-3-5-8-6-6-6-6	6-3-6-7-8-6-6-9-5-7-7-7	6-6-6-6-8-6-6-5-6-3-3-6	6-5-5-4-6-6-3-6-6-7-6-7	6-7-6-6-6-5-6-6-5-5-4-5
510	8	6-10-7-6-8-10-6-10-8-6-6-6	6-5-5-7-6-6-6-6-6-9-6-6	3-9-7-7-7-11-7-9-10-9-8-7	7-9-6-7-7-7-9-7-7-8-7-3	7-6-1-5-10-8-9-9-8-8-10-6	15-11-10-15-5-10-7-7-8-8-15-8	6-8-8-6-9-6-5-8-8-6-7-15	8-7-7-9-8-4-5-9-9-6-8-8	8-3-8-8-7-6-6-7-5-6-7-7	6-8-6-6-7-12-8-5-6-3-6-6	8-8-5-4-2-8-3-9-6-7-6-8	6-8-6-6-6-8-8-6-5-6-4-5
510	9	9-10-9-9-6-8-10-9-9-9-9-6	6-11-10-7-10-10-6-10-6-8-6-6	3-8-6-7-7-8-10-8-10-8-10-7	7-8-10-8-7-7-9-7-7-9-7-3	7-3-6-9-8-10-8-8-8-7-11-7	7-6-8-8-5-6-8-9-9-12-22-9	7-11-9-3-8-9-11-10-9-12-7-8	9-7-7-8-9-10-5-8-8-9-6-6	6-3-8-8-9-9-6-7-10-9-9-10	10-6-5-9-6-6-10-5-10-8-6-6	9-10-5-4-6-10-10-8-6-7-10-8	6-15-6-3-6-5-6-10-5-6-11-11
510	10	9-10-9-10-10-12-9-9-10-10-13-10	11-11-11-7-6-9-6-9-6-8-6-8	7-10-6-7-7-7-9-11-11-11-11-10	11-11-11-7-7-7-11-7-11-10-8-3	7-3-6-11-8-9-11-9-11-6-11-6	7-6-8-8-11-6-11-9-10-10-1-8	6-13-9-3-8-9-11-11-11-10-6-11	11-7-8-10-9-9-4-8-8-9-6-6	6-3-8-9-6-6-6-9-9-11-11-9	6-6-10-9-11-10-6-13-9-3-6-9	6-11-5-12-6-11-9-6-6-7-9-8	6-8-6-6-6-6-9-9-5-9-9-10
510	11	12-11-10-10-10-10-10-10-11-10-9-8	10-10-10-12-6-6-6-10-12-8-6-12	11-10-12-7-12-8-10-12-10-10-10-11	12-12-13-12-12-12-10-12-10-10-10-12	11-12-6-10-8-9-12-12-10-12-12-12	12-8-8-8-10-13-10-10-10-8-12-13	7-9-10-6-8-6-10-12-8-13-12-10	8-7-6-12-8-6-5-12-8-9-12-12	12-3-9-8-11-11-6-12-10-10-13-6	6-6-13-11-12-10-17-10-6-3-12-12	6-10-5-10-10-13-3-11-6-6-11-8	6-11-6-12-12-6-9-6-5-6-9-9
510	12	12-13-13-12-10-10-13-12-12-15-12-13	14-13-12-7-13-11-11-11-11-8-11-11	11-11-11-11-11-11-13-11-11-12-13-11	11-11-11-11-11-11-10-11-13-13-13-11	7-11-14-11-14-13-11-11-13-11-11-11	11-13-13-8-12-11-13-12-10-9-19-12	6-13-12-3-8-9-10-11-9-12-11-13	12-13-8-11-12-6-15-11-8-12-11-11	11-3-8-8-12-12-6-11-15-12-12-13	13-6-18-14-11-6-6-10-6-13-11-13	6-13-6-17-6-10-3-8-11-8-12-12	6-8-6-11-11-6-6-12-5-6-12-10
510	13	12-12-12-13-13-11-12-10-12-12-12-12	14-12-12-13-12-9-14-14-13-8-14-14	13-14-14-7-13-11-12-14-13-10-12-13	13-13-11-11-11-14-13-11-12-12-12-13	7-14-11-14-15-12-12-13-12-13-13-14	18-13-12-13-13-15-12-9-10-10-7-11	13-12-12-12-13-13-10-14-8-11-15-12	8-12-13-12-12-14-12-8-8-13-13-15	13-13-12-12-11-13-13-12-12-7-11-12	12-6-11-13-12-6-12-10-13-15-15-12	15-12-5-16-6-13-15-8-15-6-11-8	13-8-13-11-6-6-6-13-5-13-6-9
510	14	15-15-15-15-15-15-15-16-15-15-15-15	16-15-15-15-15-15-15-15-15-15-15-15	13-13-15-15-15-15-15-13-16-14-15-14	13-13-15-14-13-13-16-16-15-15-15-13	22-13-12-16-12-14-15-14-15-15-15-13	14-13-15-14-15-13-12-15-17-14-16-14	16-15-16-14-13-14-16-13-14-17-16-17	16-12-13-12-16-13-12-15-8-17-13-13	16-13-16-12-14-15-22-16-12-22-12-15	15-16-11-18-15-17-18-15-17-13-13-15	16-15-18-12-15-14-13-16-13-16-15-8	15-16-14-6-16-17-17-15-19-14-18-19
510	15	14-14-14-14-14-14-14-14-14-14-14-14	14-14-14-14-14-14-14-14-14-14-14-14	13-15-16-16-18-14-14-14-14-16-14-15	14-13-14-14-15-16-14-18-14-14-14-3	18-13-18-18-13-14-14-15-14-14-14-11	14-14-18-8-14-13-14-14-9-14-8-14	17-14-14-16-8-13-10-14-14-14-15-16	14-15-14-15-18-14-12-14-8-14-11-13	13-13-8-17-22-14-6-14-12-14-15-12	14-6-12-14-14-14-15-14-13-13-13-16	13-14-5-12-14-13-13-14-13-8-14-8	14-9-13-11-6-14-14-14-5-14-4-14
510	16	14-14-14-14-14-18-14-14-14-14-14-14	14-14-14-18-14-14-18-17-14-14-18-18	16-16-15-15-16-16-16-17-14-15-17-16	16-16-16-14-15-17-14-14-14-17-15-13	20-13-15-14-17-17-16-17-14-16-14-15	16-16-15-16-14-17-18-14-14-14-14-16	14-14-14-22-16-16-14-16-14-14-22-15	14-15-13-15-14-17-12-14-15-14-13-16	14-13-14-18-15-14-22-14-20-14-15-12	14-16-11-13-16-14-14-14-14-16-19-17	16-14-12-13-18-19-13-16-16-14-14-8	14-14-14-16-14-14-14-14-14-16-17-22
510	17	14-14-14-14-14-16-14-14-14-22-14-14	14-14-14-18-14-14-18-18-18-18-16-18	17-18-19-15-16-18-18-16-19-15-18-17	18-16-18-16-15-16-17-15-14-16-16-19	15-19-15-15-20-16-18-18-14-16-17-19	17-18-15-16-14-16-12-14-14-14-21-16	20-16-14-17-16-16-10-17-14-14-21-17	14-15-21-18-15-18-12-15-19-14-17-16	14-13-18-15-15-14-21-19-12-14-15-12	19-16-11-19-17-14-11-14-14-18-16-16	19-14-19-12-16-18-13-19-19-17-14-8	14-14-14-19-17-14-14-14-14-14-16-16
510	18	14-14-14-14-14-16-14-14-17-14-14-14	17-14-14-17-14-14-16-17-17-17-16-17	16-17-17-15-15-17-17-17-17-19-19-17	17-17-17-15-15-17-19-15-19-16-19-17	15-13-15-15-17-19-17-17-19-17-14-16	14-17-15-16-14-16-19-18-18-20-13-18	17-19-14-17-18-18-19-16-18-14-15-20	14-15-13-17-15-17-12-15-17-14-17-13	17-3-17-16-17-14-17-11-17-14-15-19	17-6-12-17-11-14-14-10-17-17-16-16	13-14-14-18-16-17-13-16-17-16-14-8	14-19-13-17-17-19-14-14-14-14-14-14
510	19	14-14-14-14-14-14-14-14-14-14-14-14	20-18-17-17-14-14-14-20-17-14-20-21	17-20-20-15-19-17-18-17-17-18-18-19	20-18-17-20-20-20-18-15-18-16-18-17	20-17-17-15-17-18-20-20-18-19-19-20	17-17-20-19-14-16-18-14-10-18-12-19	17-18-14-17-18-19-18-14-14-14-20-18	14-15-17-20-19-17-12-14-17-14-20-13	17-13-21-20-16-14-17-17-16-14-19-18	17-20-12-17-20-14-15-14-17-13-16-16	17-14-19-13-16-16-13-17-17-19-14-8	14-19-13-17-17-14-14-14-14-18-16-14
510	20	14-14-14-14-16-14-14-14-14-14-14-16	17-22-14-17-14-14-21-19-17-17-19-19	16-19-19-15-21-17-19-21-17-21-17-21	19-21-21-21-19-19-17-15-21-21-19-17	19-16-15-21-17-21-19-19-21-17-19-19	16-21-19-16-16-16-21-18-10-18-3-19	17-21-14-17-20-20-20-21-20-14-19-18	14-15-17-19-19-17-18-14-17-13-19-13	14-3-17-19-14-18-17-21-16-14-19-12	17-19-12-21-19-16-15-10-17-13-16-16	6-14-5-20-20-20-13-17-17-19-14-8	14-20-13-17-6-14-15-14-14-21-6-14
510	21	14-14-21-14-19-16-14-14-22-14-14-22	22-22-22-17-21-22-20-19-22-22-22-19	21-21-22-15-20-17-19-21-22-20-21-20	22-20-20-20-15-16-22-15-20-20-18-21	15-17-15-20-13-20-22-21-20-21-18-20	17-20-20-16-21-16-20-18-18-18-17-22	22-20-14-17-21-21-18-20-20-22-17-18	14-15-17-19-19-17-12-15-21-14-17-16	21-3-19-20-15-14-17-20-12-14-19-12	21-21-21-20-19-14-21-22-21-17-21-16	21-14-21-22-21-10-13-21-21-21-14-21	22-20-21-21-21-14-14-14-22-20-16-21
510	22	22-22-21-22-22-14-21-22-22-17-22-22	21-20-21-21-14-21-20-19-21-21-21-20	16-21-21-15-22-21-21-22-21-22-21-20	21-22-20-21-22-22-21-22-22-22-22-3	22-13-22-22-22-22-21-21-20-22-14-19	16-22-22-20-22-16-18-22-22-22-22-21	21-22-22-22-21-22-18-20-22-21-16-18	22-15-15-21-22-16-22-14-21-14-17-13	14-22-22-22-15-14-16-14-22-14-15-18	21-22-22-17-22-14-22-21-21-22-13-22	21-14-5-21-21-17-13-21-22-6-14-22	21-22-22-21-17-22-22-14-22-22-22-16
511	0	0-0-0-0-0-0-0-0-0-0-0-0	0-0-0-0-0-0-0-0-0-0-0-0	0-0-0-0-0-0-0-0-0-0-0-0	0-0-0-0-0-0-0-0-0-0-0-0	0-0-0-0-0-0-0-0-0-0-0-0	0-0-0-0-0-0-0-0-0-0-0-0	0-0-0-0-0-0-0-0-0-0-0-0	0-0-0-0-0-0-0-0-0-0-0-0	0-0-0-0-0-0-0-0-0-0-0-0	0-0-0-0-0-0-0-0-0-0-0-0	0-0-0-0-0-0-0-0-0-0-0-0	0-0-0-0-0-0-0-0-0-0-0-0
511	1	1-1-1-1-1-1-1-1-1-1-1-1	1-1-1-1-1-1-2-1-1-1-1-2	4-2-2-2-2-2-2-2-0-1-2-2	2-0-1-2-2-2-0-2-1-0-2-3	2-0-1-2-2-1-2-1-1-1-1-1	1-2-1-1-1-1-1-1-1-1-3-1	3-1-1-1-1-1-1-2-1-1-1-1	1-1-2-1-1-1-1-1-1-1-2-1	1-1-1-1-2-1-1-1-1-1-1-1	1-1-1-0-2-2-1-1-1-0-2-1	2-1-0-0-0-1-2-0-0-1-1-1	0-1-1-1-2-1-1-0-2-2-2-1
511	2	2-2-1-2-2-2-2-2-2-2-2-2	3-2-2-1-2-1-1-3-2-3-1-1	0-1-1-1-1-5-3-1-3-1-3-1	1-3-2-1-1-4-2-1-3-2-1-1	1-2-1-1-5-1-3-3-2-2-4-3	1-4-4-3-2-1-3-1-2-2-1-2	1-2-2-2-3-1-2-1-2-2-2-5	7-1-1-3-1-1-2-1-5-2-4-2	2-5-2-2-1-2-2-3-1-2-1-3	1-1-1-2-1-1-2-2-1-2-1-1	5-1-2-0-2-2-1-2-2-3-3-2	2-3-1-2-1-2-1-2-1-1-1-1
511	3	3-3-3-3-3-3-3-3-3-3-3-3	2-3-3-1-4-3-4-2-2-2-4-2	1-2-1-1-1-2-4-1-4-2-4-4	2-2-2-1-1-1-2-1-4-3-4-1	1-0-1-1-2-4-2-2-2-2-2-2	1-2-2-6-1-1-4-4-3-3-1-3	1-1-4-2-2-3-3-4-3-3-2-4	4-1-2-2-6-3-2-4-2-3-2-2	3-3-2-2-3-2-3-2-7-3-1-4	4-1-3-3-4-2-4-3-4-2-1-1	3-4-4-3-2-2-5-2-2-2-4-2	2-2-1-2-4-4-1-5-3-4-1-4
511	4	4-4-4-4-4-4-4-5-4-4-3-4	5-5-3-1-5-4-3-3-2-5-3-5	1-4-1-1-1-4-5-6-3-6-5-5	2-3-5-1-2-2-5-1-5-5-3-1	1-0-1-5-2-3-5-4-5-2-2-1	1-2-2-4-4-1-5-3-4-4-8-3	1-1-3-2-2-4-5-5-5-4-1-4	4-1-2-3-3-7-5-3-2-3-2-4	4-4-5-2-4-2-3-3-4-5-1-3	3-1-4-5-7-5-5-4-3-2-1-1	6-3-8-9-5-3-3-5-2-2-3-2	8-2-1-4-3-3-1-4-4-3-5-5
511	5	4-5-4-4-5-5-7-4-5-3-5-5	5-4-3-1-4-6-5-2-5-4-5-4	6-6-6-6-6-2-4-4-5-2-4-4	6-6-6-5-6-6-6-6-4-4-4-1	6-2-6-6-2-3-6-6-4-6-6-6	6-6-6-5-5-6-4-5-4-4-6-6	3-4-4-1-2-5-4-4-4-7-6-6	4-6-1-6-3-6-4-5-2-4-5-4	4-2-4-7-5-5-6-6-4-6-6-3	9-6-7-4-6-4-5-6-1-6-5-6	2-2-6-5-5-7-3-4-2-5-5-2	4-5-5-5-6-5-2-5-4-4-4-4
511	6	7-6-6-3-6-7-6-6-6-6-6-6	7-7-7-1-8-5-5-7-5-4-5-7	9-6-5-5-5-2-7-6-6-7-7-6	5-5-5-5-5-5-7-5-7-7-7-5	5-0-5-5-2-7-7-5-6-5-5-5	5-5-5-3-6-5-7-6-6-6-5-5	8-6-6-1-9-6-4-7-4-6-5-5	6-5-2-5-3-6-6-6-2-6-5-4	5-6-2-2-6-6-6-5-6-5-5-2	6-5-6-6-5-6-5-5-1-5-5-5	4-3-5-7-8-5-6-4-4-2-5-2	4-5-8-5-5-6-8-6-6-8-7-4
511	7	6-8-6-8-7-6-7-7-6-7-7-6	6-6-6-7-7-5-7-6-5-4-9-6	7-7-8-8-7-7-6-8-7-6-6-7	8-7-5-5-5-8-6-1-6-6-8-7	1-9-1-7-8-6-6-7-6-5-5-5	6-5-5-7-7-9-6-7-6-2-1-8	9-1-6-7-7-7-4-6-2-5-7-4	7-6-1-6-3-8-6-5-2-7-7-7	7-7-8-2-1-7-7-7-3-2-5-4	6-1-5-7-8-1-4-5-7-8-8-1	7-1-4-6-6-7-7-8-8-5-5-7	4-5-7-7-7-6-1-9-6-7-6-1
511	8	8-9-8-9-8-9-9-9-9-9-9-9	9-6-8-9-9-9-9-8-9-9-9-9	8-7-7-9-8-9-8-7-9-8-8-8	7-7-7-8-8-7-6-1-6-6-7-7	9-7-9-5-7-8-9-8-6-8-5-8	8-7-5-8-8-9-8-7-4-8-4-7	9-1-6-2-7-8-4-9-8-9-9-8	7-8-2-8-8-9-6-9-2-7-7-7	9-7-7-8-9-8-8-8-4-7-8-4	8-8-5-9-8-9-8-9-7-7-7-8	7-8-4-7-6-8-7-7-7-8-8-8	4-9-8-8-9-8-8-7-6-7-4-8
511	9	9-9-9-8-9-9-8-9-9-8-9-9	8-6-9-8-9-8-8-8-8-9-8-8	7-9-9-8-9-8-9-9-8-9-9-9	9-9-9-9-9-9-7-9-9-9-9-7	8-7-9-9-9-9-8-9-9-9-5-5	9-9-8-8-9-7-9-9-9-9-9-9	8-9-9-9-6-9-9-8-9-8-8-8	9-9-1-9-9-8-6-8-8-8-8-7	8-9-9-9-8-9-9-8-9-8-8-4	5-9-9-9-8-8-9-8-9-9-7-9	8-9-9-4-9-7-7-9-9-9-9-9	9-8-9-8-8-9-9-7-9-9-9-9
512	0	0-0-0-0-0-0-0-0-0-0-0-0	0-0-0-0-0-0-0-0-0-0-0-0	0-0-0-0-0-0-0-0-0-0-0-0	0-0-0-0-0-0-0-0-0-0-0-0	0-0-0-0-0-0-0-0-0-0-0-0	0-0-0-0-0-0-0-0-0-0-0-0	0-0-0-0-0-0-0-0-0-0-0-0	0-0-0-0-0-0-0-0-0-0-0-0	0-0-0-0-0-0-0-0-0-0-0-0	0-0-0-0-0-0-0-0-0-0-0-0	0-0-0-0-0-0-0-0-0-0-0-0	0-0-0-0-0-0-0-0-0-0-0-0
512	1	1-1-1-1-1-1-1-1-1-1-1-1	1-0-1-1-0-1-0-0-1-1-1-0	3-1-0-2-2-0-2-0-0-0-2-1	2-0-0-2-2-3-0-4-1-0-2-0	1-0-2-2-0-1-2-2-1-1-2-1	2-0-2-1-0-4-2-1-1-1-9-0	1-1-1-0-1-1-1-0-1-1-2-1	1-1-1-1-1-0-1-1-1-0-0-0	1-0-1-1-2-1-0-2-1-1-1-1	1-1-0-0-2-1-1-1-0-0-0-1	2-1-0-0-1-0-0-0-0-1-1-1	0-1-4-1-0-1-1-0-0-0-1-1
512	2	2-2-2-2-2-2-2-2-2-2-2-2	3-2-2-1-2-2-3-3-2-3-1-2	0-3-0-1-1-3-1-0-0-4-1-1	1-3-3-1-1-1-2-1-1-2-1-0	1-1-1-1-3-1-3-1-2-2-4-1	1-4-4-0-2-1-3-1-2-2-11-2	5-2-2-2-3-2-2-3-2-3-1-5	1-1-1-3-2-2-2-4-5-0-2-7	2-0-2-3-1-4-2-1-2-2-1-2	3-2-2-2-1-1-3-3-0-3-2-1	1-2-2-0-2-2-0-2-5-3-2-2	4-2-2-3-2-2-1-2-2-0-1-2
512	3	3-3-3-3-3-3-3-3-3-3-3-3	2-3-3-1-2-3-2-4-2-2-1-4	1-2-0-1-1-2-4-5-4-5-4-4	2-2-2-2-1-1-4-1-4-4-5-0	1-6-1-1-2-5-2-1-2-6-5-1	1-2-2-2-2-1-4-4-2-3-3-3	5-3-4-2-2-3-2-4-3-3-1-2	4-1-1-2-1-3-3-2-4-4-2-0	3-0-2-2-3-2-4-1-4-3-4-2	2-1-3-5-2-1-4-2-1-2-0-1	1-2-4-3-4-2-0-2-2-4-2-4	5-2-1-2-4-3-1-4-5-0-3-2
512	4	4-4-4-4-4-4-4-4-5-4-4-4	5-7-3-1-4-5-6-3-2-2-5-3	0-4-4-3-5-2-3-6-5-2-5-3	2-6-5-5-1-2-4-1-5-3-3-0	1-0-0-9-2-3-4-6-5-6-2-1	1-2-2-0-4-1-5-3-4-4-4-2	7-2-3-2-2-4-5-5-4-4-0-2	3-1-1-3-2-0-6-2-3-3-2-0	5-0-3-2-4-2-4-1-4-4-3-2	9-1-4-7-4-4-3-5-4-0-6-1	2-2-5-8-3-2-0-7-7-3-2-3	2-2-1-7-7-4-1-3-3-4-5-5
512	5	4-3-4-5-5-5-4-5-4-5-5-5	7-4-3-1-5-5-3-5-6-7-5-6	1-5-6-1-6-8-6-6-4-3-4-5	6-6-4-6-1-2-6-1-4-3-3-0	6-3-1-10-2-3-6-4-4-8-6-1	2-5-6-0-4-1-4-5-4-5-4-7	2-1-3-2-2-4-4-4-4-4-6-2	6-5-1-6-5-0-4-2-2-3-5-0	4-0-2-5-0-6-7-6-5-6-5-14	7-2-5-3-5-15-5-4-4-0-4-1	5-2-4-4-4-6-0-2-2-2-6-2	5-7-5-5-5-5-5-5-3-5-4-4
512	6	6-7-7-6-6-6-4-6-4-6-6-5	5-4-3-1-5-5-8-8-5-2-6-5	0-6-6-8-5-5-5-8-7-8-7-7	5-6-7-5-10-4-5-5-7-7-7-5	5-3-1-8-2-3-5-4-7-8-5-8	5-3-5-6-6-0-4-5-6-5-4-6	7-6-6-2-2-6-6-4-6-4-6-7	5-6-8-5-5-7-4-2-2-6-5-0	6-0-2-2-9-5-0-5-5-5-7-5	6-2-5-5-7-5-4-13-6-2-4-7	5-2-5-8-4-5-0-2-2-2-5-2	5-2-5-5-4-5-7-5-3-5-4-7
512	7	7-8-6-6-7-7-8-8-7-7-8-8	8-4-4-8-5-8-8-8-9-5-8-8	8-8-8-6-8-10-8-8-8-6-8-6	8-8-8-6-6-8-5-9-6-6-8-8	4-8-15-6-8-3-8-8-6-8-9-8	8-10-8-10-6-8-8-8-4-3-2-8	6-6-6-3-8-6-4-7-6-9-8-6	2-6-8-8-8-7-4-12-2-5-11-2	8-0-5-8-7-5-8-8-5-6-8-5	5-5-5-4-8-5-4-7-8-9-4-6	7-2-4-8-6-9-0-4-4-4-5-2	7-5-7-4-4-5-6-6-3-5-4-6
512	8	8-7-8-8-8-9-8-8-8-9-8-9	9-9-3-7-8-9-7-7-7-11-7-7	7-7-7-6-7-9-7-7-7-6-9-9	7-7-7-7-6-7-5-7-9-9-9-7	1-7-7-6-7-9-9-7-9-6-8-7	7-8-9-7-8-7-9-7-8-8-5-7	7-9-10-8-11-8-9-9-8-7-7-9	8-6-7-9-7-9-9-7-2-8-7-0	7-0-2-7-10-8-7-9-7-6-8-8	9-6-8-8-7-5-5-9-7-9-7-1	0-6-11-4-15-9-0-10-15-2-5-2	14-5-5-7-13-8-6-10-8-10-8-15
512	9	9-9-8-10-8-8-6-8-8-8-8-8	8-8-8-7-4-8-10-10-7-8-10-10	9-9-10-6-9-10-10-9-9-10-8-10	10-9-10-9-6-9-9-7-8-8-8-9	1-10-7-14-11-8-10-10-8-9-9-9	10-8-8-9-8-15-8-9-8-8-1-7	9-8-8-10-9-9-10-8-9-7-11-9	14-8-13-8-7-10-8-7-8-9-9-11	9-10-10-10-11-5-14-8-5-5-5-5	10-11-5-10-11-10-8-8-11-14-10-1	11-5-10-10-6-11-14-13-11-2-5-9	9-2-9-10-11-5-5-15-3-11-4-8
512	10	12-10-10-10-11-10-10-10-9-10-10-9	8-11-11-7-11-8-9-9-7-8-11-12	9-9-9-9-7-11-9-11-9-11-11-9	9-9-9-9-6-9-11-6-11-11-11-7	1-9-7-5-9-11-9-9-10-9-10-9	9-9-9-7-8-9-11-14-10-10-9-10	9-11-8-10-9-9-14-9-10-8-9-10	9-6-9-8-10-9-14-11-2-10-9-9	9-9-9-9-8-11-10-8-10-10-10-8	9-9-12-9-9-9-5-6-7-9-9-11	9-10-9-9-14-9-9-8-9-2-5-9	11-2-9-9-9-11-5-9-11-9-11-8
512	11	10-10-10-10-11-11-10-10-11-10-12-11	8-10-10-12-10-8-9-15-7-8-10-12	12-11-12-12-11-12-12-12-9-12-10-12	12-9-12-12-12-12-10-12-10-10-10-12	12-9-12-12-9-10-12-12-11-11-12-12	12-12-12-7-8-9-12-10-10-5-2-12	12-10-8-9-8-9-10-12-10-14-12-12	9-11-15-12-12-9-10-15-12-9-7-9	9-9-12-12-15-5-12-12-5-9-11-5	11-12-13-10-12-5-12-5-9-9-9-12	9-2-8-9-6-9-9-9-9-2-5-11	10-2-9-12-9-10-6-9-10-9-4-8
512	12	10-15-10-12-12-12-12-12-12-12-11-12	13-13-10-11-10-8-9-11-15-12-11-13	11-12-11-11-11-11-11-11-13-11-13-11	11-11-11-11-11-11-12-11-11-12-11-7	11-9-11-11-9-12-11-11-13-12-11-11	11-11-11-7-12-9-11-12-12-12-13-12	11-10-13-13-13-12-14-11-10-11-11-13	8-11-9-11-11-9-10-7-11-11-11-9	9-9-11-11-8-5-12-11-14-12-11-13	11-11-10-13-11-5-11-14-11-9-11-11	9-10-14-9-4-14-9-9-9-2-5-12	10-2-9-11-8-10-6-8-14-9-13-12
512	13	15-13-15-15-12-12-12-14-12-15-14-14	12-12-12-14-10-12-15-14-14-13-15-14	11-13-14-15-11-13-14-14-14-13-12-14	14-14-13-14-13-13-14-11-12-12-13-14	11-9-11-14-9-13-14-13-12-13-13-13	14-13-13-13-8-9-14-13-12-10-12-14	15-10-12-12-12-9-12-14-10-11-13-12	9-11-9-13-13-9-10-10-13-9-14-9	14-9-14-14-14-5-12-13-11-12-13-5	13-13-11-12-13-14-14-6-9-9-9-14	14-2-8-9-13-9-9-9-9-13-5-13	10-5-9-14-14-5-6-9-10-9-4-8
512	14	14-14-13-13-12-15-15-13-12-11-15-13	13-12-12-11-11-15-13-13-13-13-13-13	15-14-13-11-13-13-13-13-13-13-14-13	13-13-13-13-13-13-13-11-14-14-13-9	11-13-11-9-9-13-13-13-12-14-13-11	13-13-13-14-8-9-13-10-12-8-12-15	13-10-12-12-12-14-12-13-10-15-13-13	9-11-9-13-13-9-10-11-13-9-13-9	13-9-13-13-13-5-13-14-12-12-13-5	6-13-14-12-13-13-13-12-9-9-9-13	13-10-8-9-13-12-9-12-9-14-5-13	8-2-9-14-13-5-13-9-10-9-13-8
512	15	15-12-15-15-15-15-14-15-15-15-15-15	13-12-15-11-15-14-13-13-13-15-13-13	14-14-15-13-15-13-15-15-13-15-14-15	14-15-14-14-15-15-13-11-15-15-15-9	11-9-15-15-15-15-13-14-12-15-11-7	15-15-14-15-15-9-15-15-15-15-15-14	13-15-15-15-10-15-15-13-15-14-12-15	15-15-11-15-15-9-8-11-14-15-13-9	13-15-15-15-11-15-15-11-15-12-13-5	14-15-15-15-15-5-15-12-15-15-9-15	13-10-15-9-8-12-9-8-15-15-5-15	15-15-15-4-13-15-15-9-15-15-15-8
513	0	0-0-0-0-0-0-0-0-0-0-0-0	0-0-0-0-0-0-0-0-0-0-0-0	0-0-0-0-0-0-0-0-0-0-0-0	0-0-0-0-0-0-0-0-0-0-0-0	0-0-0-0-0-0-0-0-0-0-0-0	0-0-0-0-0-0-0-0-0-0-0-0	0-0-0-0-0-0-0-0-0-0-0-0	0-0-0-0-0-0-0-0-0-0-0-0	0-0-0-0-0-0-0-0-0-0-0-0	0-0-0-0-0-0-0-0-0-0-0-0	0-0-0-0-0-0-0-0-0-0-0-0	0-0-0-0-0-0-0-0-0-0-0-0
513	1	0-1-0-0-0-0-0-0-0-0-1-0	0-1-0-0-0-1-1-0-1-0-0-0	0-0-0-0-0-0-2-0-0-0-0-1	2-0-1-0-0-0-0-1-0-0-0-8	0-0-0-0-3-0-2-0-0-0-1-2	0-2-0-0-0-0-0-0-0-0-0-0	0-0-0-7-0-1-0-0-0-0-1-0	0-0-0-2-1-0-1-0-3-1-0-0	0-3-0-0-0-0-1-0-0-1-1-1	1-0-0-0-0-0-0-0-0-3-0-0	0-0-0-0-0-1-0-0-6-1-1-1	1-1-1-1-1-0-0-0-1-1-0-0
513	2	2-2-2-2-2-2-2-2-2-2-2-3	3-3-2-0-3-3-3-2-3-2-3-2	2-3-2-3-3-3-3-3-3-3-4-3	3-3-3-3-0-1-3-2-2-3-3-1	5-0-2-4-2-2-3-2-3-3-5-1	5-3-3-2-2-5-2-3-2-2-10-3	11-2-3-2-3-2-3-3-3-4-2-2	2-2-3-2-2-4-3-3-2-2-2-8	11-1-3-2-3-4-11-2-3-4-2-4	3-8-2-3-3-4-2-4-3-5-12-3	2-3-4-0-9-8-0-3-1-3-4-2	3-3-2-1-2-5-4-4-4-2-3-4
513	3	2-2-2-2-2-2-2-2-2-2-2-2	2-2-2-3-2-2-2-3-2-2-2-4	3-4-4-4-5-4-4-4-2-2-3-2	4-4-2-4-4-4-2-4-2-2-4-1	6-4-6-5-1-3-4-4-2-2-2-3	2-4-3-2-2-6-3-2-2-2-4-3	3-2-2-2-2-3-2-4-2-2-4-3	2-3-4-3-3-2-2-2-3-2-4-2	2-1-2-3-4-2-4-4-2-2-4-2	2-2-2-2-4-3-5-2-8-1-4-6	4-2-2-0-4-3-0-2-4-2-2-3	2-3-4-1-4-2-8-2-2-2-2-2
513	4	2-2-2-2-2-2-2-2-2-2-2-2	2-2-2-3-2-2-3-7-3-6-3-3	7-5-3-3-3-7-5-3-2-7-5-6	3-5-5-3-3-3-5-3-2-2-3-1	3-4-3-3-5-4-5-3-4-4-2-3	7-3-6-5-4-3-5-2-4-4-11-4	6-4-2-4-5-4-2-5-4-2-3-8	2-3-3-5-3-2-2-5-7-4-3-2	4-1-4-4-3-2-3-3-2-2-3-2	3-4-4-2-3-2-3-2-3-2-4-3	3-2-2-0-4-4-0-4-4-4-2-4	2-4-3-4-3-2-2-2-2-2-2-2
513	5	2-5-6-5-2-5-2-2-2-5-5-2	2-7-2-3-2-2-3-6-3-4-3-6	1-5-3-3-3-3-6-6-2-4-6-5	4-4-4-4-3-3-4-3-6-7-4-1	3-1-3-3-4-6-4-4-4-2-2-3	2-4-4-2-2-3-6-4-5-5-3-5	2-4-2-1-4-5-7-4-5-2-3-6	2-3-4-6-6-2-2-4-4-5-2-2	4-1-4-4-6-2-4-4-6-6-5-6	2-4-6-7-3-6-3-5-6-2-3-3	0-2-2-0-2-6-0-0-1-6-2-4	2-4-3-1-2-2-2-2-2-2-2-2
513	6	6-7-7-7-7-6-6-8-6-6-7-2	2-7-7-3-2-2-2-7-3-4-3-5	10-6-3-3-3-4-5-5-8-4-5-7	4-4-7-3-3-4-7-3-7-5-4-1	3-0-3-7-4-5-7-6-7-2-2-3	3-4-4-2-6-3-7-7-9-6-6-4	4-4-7-1-5-5-6-7-5-6-3-5	2-3-5-7-5-2-6-4-4-6-4-2	4-1-7-4-5-4-1-4-5-8-8-5	3-4-6-3-3-5-3-7-5-2-3-3	0-2-7-7-2-5-0-4-1-5-2-4	2-4-3-1-2-2-3-2-7-2-2-2
513	7	6-6-6-5-6-6-2-6-9-2-6-5	2-6-6-8-2-2-8-6-3-4-8-8	9-8-9-8-8-4-8-8-8-4-6-8	8-8-6-8-9-9-6-13-6-5-6-1	8-7-14-8-4-5-8-8-6-2-9-9	8-9-8-2-7-9-6-6-4-6-4-9	7-4-6-1-4-5-5-8-5-2-8-4	2-8-10-6-3-7-6-6-4-7-7-2	2-1-6-8-5-2-1-8-5-7-5-14	2-2-11-7-7-8-9-6-8-2-10-8	0-2-6-6-2-7-3-4-1-2-2-4	2-7-9-9-2-2-3-2-6-7-2-2
513	8	8-8-8-8-8-8-9-8-8-8-6-8	10-8-9-7-8-8-10-7-9-5-7-7	7-7-7-7-7-4-7-7-7-8-9-7	7-7-7-7-7-7-8-7-9-7-8-1	7-0-3-7-4-9-7-9-8-8-7-7	7-7-7-2-8-7-7-8-5-8-7-8	7-8-8-2-9-5-15-9-5-11-7-4	2-10-7-7-8-2-14-4-4-11-7-2	2-1-9-7-5-2-2-7-5-6-6-9	2-2-6-2-7-9-7-6-9-2-2-13	10-2-12-6-11-2-0-10-1-9-2-8	10-7-7-1-9-2-9-2-11-2-11-2
513	9	9-9-9-9-8-8-9-9-7-8-9-9	9-10-8-7-8-12-10-9-10-8-7-11	7-9-7-7-7-10-8-9-10-10-8-9	7-9-10-7-7-7-9-7-10-10-10-1	7-0-3-7-4-8-8-8-10-8-7-7	7-7-10-2-10-7-10-8-6-9-7-8	4-14-9-1-9-5-9-8-13-6-0-7	2-8-7-8-3-10-8-4-4-6-4-10	3-1-8-8-5-2-0-8-5-14-6-11	2-2-15-10-7-8-10-6-8-2-7-8	0-9-6-14-10-2-0-10-4-8-2-9	8-7-7-7-8-2-8-2-11-10-9-9
513	10	11-10-12-11-11-13-11-11-10-12-10-12	12-9-13-12-11-11-11-11-11-11-12-11	10-10-11-11-10-11-11-11-10-9-11-10	11-10-9-11-7-10-12-7-9-9-9-13	7-13-11-9-11-8-11-11-9-10-10-13	10-11-9-13-9-11-9-10-14-9-13-11	7-9-14-13-10-11-9-11-6-14-13-9	2-8-13-11-3-11-8-13-13-10-11-13	13-14-12-10-3-13-10-11-12-11-10-11	13-4-10-11-7-9-9-6-11-13-11-12	12-2-10-6-9-15-11-13-13-10-2-4	8-11-13-10-12-13-2-13-13-9-8-2
513	11	10-11-10-10-10-10-10-10-12-10-10-10	10-9-10-10-10-10-10-10-10-10-10-10	7-13-10-10-12-13-12-10-12-12-10-10	12-10-10-12-12-13-10-7-9-9-11-10	12-10-10-10-10-11-12-12-9-13-13-14	14-13-14-11-10-10-12-13-9-9-4-13	13-9-9-10-12-10-11-12-9-15-12-14	2-13-10-12-12-10-6-14-4-8-13-10	2-10-10-12-10-10-10-12-9-11-12-10	10-12-6-10-12-12-12-11-10-10-12-8	13-12-10-6-13-10-10-12-10-12-2-11	11-10-11-10-10-2-12-9-8-9-8-11
513	12	12-12-10-12-10-12-10-12-11-10-12-10	10-14-10-10-8-10-15-13-10-10-10-10	15-11-10-11-11-11-13-10-11-11-13-13	11-12-11-11-11-11-10-7-9-12-12-10	11-10-10-7-10-13-11-11-12-12-11-10	11-11-11-11-10-10-13-11-12-12-12-12	11-9-9-10-11-12-14-11-5-12-11-11	2-12-10-13-11-10-6-11-10-10-11-10	2-10-10-11-12-10-10-11-10-12-11-13	11-11-12-11-11-11-11-12-10-10-11-10	10-11-12-6-13-13-10-11-10-11-11-11	10-7-7-10-13-10-11-12-14-14-13-11
513	13	13-15-14-11-14-10-13-10-10-13-13-10	10-14-10-10-10-10-10-10-10-10-10-10	15-11-10-10-11-11-12-12-11-14-14-12	11-14-10-14-11-11-10-7-14-14-13-10	11-10-10-14-10-12-14-12-14-10-11-10	11-11-11-10-13-7-12-11-13-9-7-12	11-9-9-10-12-10-14-12-13-13-10-11	10-11-10-12-11-10-8-13-10-13-11-10	10-10-14-11-12-10-13-12-12-13-11-12	10-11-13-11-13-11-11-13-13-10-11-8	10-11-13-6-12-12-10-11-10-11-13-4	10-13-7-10-12-10-11-13-10-14-12-12
513	14	14-13-13-13-13-10-10-15-11-15-15-10	11-13-13-10-10-10-10-10-10-10-15-10	14-14-10-10-14-10-14-15-13-13-13-14	15-13-14-15-11-11-10-7-13-13-11-14	11-10-7-13-10-12-15-11-13-14-11-7	11-14-11-11-14-7-13-11-12-9-14-14	15-9-9-14-13-14-13-12-6-14-10-11	14-8-10-11-11-10-8-11-14-10-11-10	14-10-13-14-14-2-14-12-14-13-11-7	15-14-14-14-13-11-14-13-14-10-14-7	14-2-13-6-12-14-10-14-14-11-2-14	14-14-14-14-14-2-11-2-12-13-8-11
513	15	15-15-15-15-15-15-10-15-15-14-15-15	14-13-15-10-15-10-12-13-14-15-14-10	13-14-15-15-15-11-14-14-14-15-13-15	14-15-14-14-15-15-10-7-15-15-15-14	11-10-15-15-15-15-14-15-12-15-7-7	15-15-15-15-15-10-14-15-15-15-15-14	14-15-15-15-11-15-9-12-15-15-10-13	15-15-7-14-15-0-8-11-14-15-15-15	14-15-15-15-3-15-15-7-15-11-11-12	10-15-15-15-15-11-15-11-15-15-15-15	15-15-13-13-15-10-15-11-15-15-15-15	15-11-15-14-14-15-15-15-15-15-15-11
514	0	0-0-0-0-0-0-0-0-0-0-0-0	0-0-0-0-0-0-0-0-0-0-0-0	0-0-0-0-0-0-0-0-0-0-0-0	0-0-0-0-0-0-0-0-0-0-0-0	0-0-0-0-0-0-0-0-0-0-0-0	0-0-0-0-0-0-0-0-0-0-0-0	0-0-0-0-0-0-0-0-0-0-0-0	0-0-0-0-0-0-0-0-0-0-0-0	0-0-0-0-0-0-0-0-0-0-0-0	0-0-0-0-0-0-0-0-0-0-0-0	0-0-0-0-0-0-0-0-0-0-0-0	0-0-0-0-0-0-0-0-0-0-0-0
514	1	1-1-1-1-1-1-1-1-1-1-1-1	1-1-1-1-1-1-2-0-0-1-1-2	3-2-0-2-2-0-2-1-0-1-2-2	0-0-0-2-2-2-0-2-2-0-1-0	1-0-0-2-0-1-2-2-0-1-2-3	1-2-1-1-1-4-2-1-1-1-1-2	3-1-1-0-1-0-1-2-1-1-2-2	1-1-2-2-1-0-1-1-0-1-0-0	0-0-0-1-2-1-0-0-1-1-2-1	2-1-1-0-2-2-3-1-1-0-0-1	0-1-1-1-1-1-0-0-0-1-1-0	0-1-1-0-0-1-1-0-1-1-1-1
514	2	2-2-1-2-2-2-2-2-2-2-2-2	3-2-1-1-2-3-1-3-2-3-1-3	0-3-0-1-1-3-3-3-0-3-3-1	3-3-3-1-1-4-3-1-1-2-3-0	1-0-1-1-4-3-3-3-3-2-2-1	1-5-4-6-2-1-3-3-2-2-6-1	1-2-2-0-3-0-2-1-2-2-1-6	1-1-1-3-1-1-2-3-6-2-4-6	2-2-2-1-1-2-0-3-2-2-1-2	2-2-0-0-1-1-2-2-2-3-3-1	3-2-2-2-2-2-2-2-0-1-3-2	2-3-3-0-0-2-1-2-1-1-1-1
514	3	3-3-3-3-3-3-3-3-3-3-3-3	2-4-3-1-2-3-1-2-2-2-4-2	1-3-2-1-1-2-4-2-4-2-4-4	2-2-4-2-1-2-2-1-4-3-2-0	3-0-0-1-2-4-2-2-2-1-3-1	2-0-2-2-2-2-2-2-3-3-1-3	1-3-3-0-2-3-2-4-3-3-1-4	3-1-4-4-1-0-4-2-2-3-2-2	3-0-2-1-3-2-4-4-4-4-1-3	4-1-3-3-1-1-1-3-1-2-4-1	2-6-4-3-6-4-4-5-5-1-2-2	5-2-2-0-3-5-1-3-6-3-3-3
514	4	4-4-4-4-4-5-4-4-4-4-4-4	5-5-3-1-4-5-1-5-4-5-3-5	0-4-2-2-1-2-5-4-3-2-5-3	2-5-5-5-1-2-4-1-3-5-2-0	1-5-5-4-2-3-5-4-5-0-2-1	5-1-2-7-4-1-5-5-4-4-5-3	0-5-6-0-2-4-6-3-8-3-5-4	4-1-3-3-7-0-6-2-2-4-2-2	4-0-2-5-6-2-3-3-6-5-4-3	3-1-4-5-1-5-1-3-1-2-5-1	3-4-3-6-3-3-3-2-0-2-3-2	6-2-2-0-0-4-1-5-3-7-4-5
514	5	4-4-4-7-6-4-3-4-5-6-5-4	4-4-4-5-6-4-5-4-6-4-6-4	2-5-7-5-5-6-6-8-7-5-4-5	6-4-6-6-5-6-5-6-6-8-4-5	8-4-7-6-2-3-6-6-4-6-6-6	8-8-6-2-6-5-4-6-4-3-4-5	1-4-4-5-2-4-2-6-2-4-6-4	3-6-12-6-6-0-4-7-2-4-6-2	4-0-2-4-5-6-5-5-6-4-5-3	6-6-7-4-5-4-6-4-1-2-4-5	5-3-4-4-3-5-7-3-3-5-6-2	7-2-5-0-4-5-1-4-3-4-3-4
514	6	6-4-6-6-5-6-3-4-4-5-3-7	5-4-4-7-5-7-8-7-5-4-8-8	7-6-8-8-7-7-7-7-7-6-6-7	7-7-5-5-7-7-5-7-5-7-7-9	3-8-5-7-7-7-7-7-4-5-5-5	8-8-5-2-5-8-7-5-4-4-2-6	6-6-4-0-7-0-4-7-4-3-5-2	3-5-7-7-5-8-4-5-2-7-5-2	2-0-2-7-5-5-7-5-4-4-5-3	5-5-4-4-6-6-5-4-7-2-7-6	2-3-4-4-3-8-3-0-0-6-5-2	4-6-7-0-8-5-7-2-3-6-4-4
514	7	7-7-7-7-5-7-8-7-7-7-7-6	7-8-7-6-7-8-6-6-5-4-6-6	6-6-6-6-6-6-8-6-6-6-8-6	6-8-8-6-6-6-5-6-8-8-8-0	7-6-5-6-6-8-6-6-7-7-5-5	6-6-8-8-7-6-6-8-7-7-10-7	6-9-3-0-6-7-6-6-4-7-6-9	3-6-8-8-6-6-4-5-6-8-5-7	8-0-8-6-7-2-6-5-8-5-5-7	8-5-5-9-6-6-5-4-8-2-6-8	2-12-4-7-8-6-8-8-0-6-5-8	5-6-6-0-7-7-6-8-7-4-7-10
514	8	8-12-8-8-5-7-8-8-8-8-8-8	9-7-7-6-5-7-6-6-6-4-6-6	6-8-6-6-6-9-7-6-10-10-7-7	6-7-7-6-6-6-9-6-9-9-7-0	5-6-5-6-9-7-7-7-9-5-5-5	6-6-7-7-8-6-9-7-8-8-8-6	6-11-3-0-7-7-8-7-4-4-6-9	4-6-7-7-6-6-9-5-9-7-5-7	8-0-7-6-8-5-0-5-7-8-8-7	7-5-5-7-6-6-5-8-7-2-7-7	6-7-9-8-9-6-7-7-9-5-5-7	8-6-6-0-7-8-1-7-8-9-7-7
514	9	9-9-12-11-11-12-10-9-12-9-9-12	8-7-7-10-10-10-10-10-10-10-10-10	9-9-10-9-9-11-9-9-10-8-10-9	10-9-10-9-6-9-8-10-8-10-10-10	9-11-11-9-10-9-10-9-8-9-5-5	9-11-7-10-8-12-8-10-7-8-11-10	11-10-9-11-9-11-8-10-10-9-11-10	10-7-10-10-5-10-8-5-11-10-10-10	10-10-10-11-9-10-11-10-10-10-10-10	10-12-9-10-10-11-8-8-10-10-11-11	10-7-8-10-8-12-10-10-10-10-11-2	9-10-9-11-10-10-11-9-11-8-11-10
514	10	9-8-7-9-9-9-9-9-9-9-7-8	8-7-7-9-9-9-9-9-9-9-9-9	9-9-9-12-9-9-9-9-9-8-9-9	9-9-9-9-6-11-9-9-11-9-9-9	11-9-9-9-9-10-9-11-9-7-10-11	11-9-7-9-9-9-9-9-7-8-7-9	12-9-8-9-9-9-8-9-9-9-9-9	9-10-9-11-11-9-7-5-9-9-9-9	9-9-9-11-9-9-9-9-9-9-9-7	9-11-9-9-9-10-9-8-9-9-9-9	9-11-8-9-11-9-9-11-9-12-9-7	9-9-10-9-9-9-9-10-9-9-7-11
514	11	9-9-11-12-9-9-9-9-9-9-8-9	12-7-9-9-9-9-9-12-9-9-9-12	9-12-9-10-9-9-10-10-9-10-9-11	10-11-9-10-6-10-9-9-10-9-9-9	10-9-9-7-9-10-10-10-9-12-8-10	10-9-5-11-8-9-9-9-11-8-9-9	9-8-11-9-11-11-8-9-8-9-9-9	11-10-9-10-7-12-7-5-9-11-11-11	9-9-10-10-10-9-9-9-9-9-6-7	11-11-9-9-11-9-9-8-9-9-9-9	11-10-8-4-10-9-11-10-11-5-9-11	11-9-10-9-11-11-9-11-11-11-9-10
514	12	12-12-12-12-12-12-9-12-12-9-12-12	9-7-12-9-12-9-11-11-9-12-9-11	11-11-12-10-12-12-12-12-11-12-11-12	12-12-12-12-12-12-8-12-12-12-12-9	12-9-12-12-11-12-10-12-8-11-4-5	12-12-12-12-12-9-12-12-12-12-12-12	10-12-12-12-9-12-12-12-12-12-10-12	12-12-5-12-12-11-4-5-9-10-11-12	11-12-12-12-9-12-12-5-12-5-5-7	9-9-12-12-12-12-12-8-9-12-9-12	11-7-12-4-8-9-11-12-12-10-12-12	9-9-12-9-9-12-12-9-12-12-7-12
515	0	0-0-0-0-0-0-0-0-0-0-0-0	0-0-0-0-0-0-0-0-0-0-0-0	0-0-0-0-0-0-0-0-0-0-0-0	0-0-0-0-0-0-0-0-0-0-0-0	0-0-0-0-0-0-0-0-0-0-0-0	0-0-0-0-0-0-0-0-0-0-0-0	0-0-0-0-0-0-0-0-0-0-0-0	0-0-0-0-0-0-0-0-0-0-0-0	0-0-0-0-0-0-0-0-0-0-0-0	0-0-0-0-0-0-0-0-0-0-0-0	0-0-0-0-0-0-0-0-0-0-0-0	0-0-0-0-0-0-0-0-0-0-0-0
515	1	1-1-1-1-1-1-1-1-1-1-1-1	1-0-0-1-0-1-1-2-1-0-0-2	2-2-2-1-1-2-2-0-0-0-0-2	2-2-2-2-1-1-1-1-0-0-0-9	0-10-2-0-2-0-2-1-0-1-1-1	1-2-0-1-1-2-0-1-0-0-0-2	1-0-0-10-0-1-0-2-0-1-1-0	1-0-2-1-0-2-1-0-1-1-1-2	2-2-1-1-1-1-2-1-0-1-1-0	1-1-1-1-1-1-0-1-1-2-1-1	1-1-1-0-1-1-2-2-2-1-1-1	3-1-1-1-1-1-0-1-1-0-0-0
515	2	2-2-2-2-2-2-2-2-2-2-2-2	2-0-0-2-2-2-1-1-1-2-2-1	1-1-1-3-3-1-3-1-4-3-3-3	3-1-1-3-3-3-1-3-3-0-3-1	3-1-1-4-1-2-1-3-1-2-3-1	3-1-3-2-0-1-2-3-0-0-11-1	2-2-2-1-2-1-2-1-2-0-3-2	1-2-3-2-2-1-2-3-2-2-2-2	1-1-1-2-0-1-1-3-2-4-2-2	2-2-4-2-3-3-2-0-2-1-1-2	3-2-2-0-3-1-1-1-1-2-2-1	0-2-1-1-2-1-2-1-2-2-0-2
515	3	3-3-2-3-3-3-3-3-3-3-3-3	4-3-0-2-3-1-4-4-3-4-2-3	1-4-2-2-2-8-2-4-2-8-4-4	2-4-4-2-2-2-1-2-2-3-2-1	2-3-2-2-4-2-4-2-3-3-2-4	2-5-5-5-3-5-4-2-3-3-13-3	2-3-0-3-4-3-4-4-3-3-2-6	3-3-2-4-5-1-3-7-6-3-3-3	3-1-3-4-3-3-8-4-3-3-2-4	4-3-3-2-2-2-4-3-3-6-3-3	8-3-3-0-4-3-1-3-6-4-3-3	5-3-3-4-3-3-2-3-0-4-0-3
515	4	4-4-4-4-3-4-4-4-4-4-5-4	3-4-5-2-3-4-3-5-3-3-2-5	1-3-3-5-2-3-5-6-2-6-5-5	3-3-3-3-2-2-5-2-5-5-6-1	2-6-2-2-3-6-3-5-3-6-6-3	2-3-3-3-3-2-5-2-3-4-7-3	2-2-5-4-3-6-3-5-4-4-2-3	5-3-2-3-2-4-4-3-5-4-3-3	4-1-3-3-4-3-4-3-5-2-5-3	3-3-4-6-2-3-5-3-1-3-5-3	3-3-8-4-5-4-8-3-3-5-3-5	3-3-1-3-3-4-2-4-4-3-4-3
515	5	5-5-5-5-5-5-5-4-7-5-5-5	4-4-4-2-8-6-1-4-3-3-2-4	1-5-5-4-6-3-4-7-6-3-6-4	3-7-6-6-2-7-4-2-6-4-4-1	2-1-1-5-3-4-5-7-6-3-3-3	2-3-3-3-5-3-6-4-5-5-6-3	2-2-4-1-3-4-6-6-5-5-2-3	4-3-2-4-3-4-8-5-4-4-3-3	6-1-4-3-5-3-5-2-4-5-4-3	2-4-5-2-2-5-4-3-2-3-7-4	3-3-6-6-4-4-5-3-3-4-3-4	3-3-2-3-2-5-2-4-4-5-6-6
515	6	5-4-5-6-5-6-5-6-5-6-6-6	8-4-4-2-6-6-4-6-8-8-6-7	3-6-7-2-7-4-7-4-5-4-5-6	7-4-5-7-7-3-7-2-8-4-4-1	7-4-2-7-3-4-7-5-5-6-4-3	2-3-3-3-5-3-5-7-5-6-5-3	2-6-4-1-3-4-5-5-5-5-2-3	8-6-2-3-3-1-5-3-3-8-3-3	5-1-3-3-3-8-3-7-8-7-6-6	3-3-6-4-8-6-5-3-3-3-1-4	3-3-5-5-5-7-7-3-3-3-8-3	7-8-6-3-6-7-6-7-4-7-5-5
515	7	7-8-5-7-8-7-5-10-5-8-8-6	6-4-4-6-5-6-8-8-6-3-9-6	3-8-9-9-6-6-9-9-8-9-9-8	6-9-7-6-10-9-6-6-9-4-4-6	6-4-4-8-3-4-6-5-6-10-6-3	6-4-3-8-7-1-5-6-7-7-5-6	2-7-9-3-3-8-5-5-10-7-7-3	4-7-3-3-3-8-5-3-3-7-8-3	3-1-3-3-3-6-3-6-6-8-7-6	8-3-7-6-8-6-5-12-7-3-5-7	3-3-5-5-8-6-7-3-3-3-6-3	6-3-6-3-8-6-8-6-4-6-5-5
515	8	7-7-8-8-8-8-8-9-5-7-7-5	6-4-4-9-5-6-7-7-6-6-9-9	10-7-10-9-10-3-6-7-7-7-6-7	9-9-9-7-9-10-5-10-6-4-4-1	10-1-14-9-3-2-9-9-6-7-8-8	3-10-9-7-5-10-9-8-3-4-3-10	2-9-7-1-9-10-4-9-7-8-8-10	6-8-8-9-3-8-5-8-3-6-8-3	3-1-3-9-8-6-3-9-6-7-8-6	7-3-8-8-8-8-9-5-9-3-8-8	3-3-5-5-7-8-4-3-3-8-6-3	6-6-8-3-3-8-7-7-4-8-5-5
515	9	9-9-9-9-9-9-10-9-9-9-9-9	11-9-10-8-9-9-7-7-6-9-8-8	8-8-8-8-8-11-10-7-7-7-10-8	8-8-8-8-8-8-9-8-10-10-10-1	9-1-1-8-3-10-8-8-10-7-8-8	3-8-8-7-9-8-10-9-9-9-5-8	2-9-7-1-8-9-14-10-7-10-8-8	9-8-7-10-10-8-13-8-3-9-14-3	3-1-10-8-5-6-3-8-6-5-5-8	7-3-9-6-8-10-8-0-10-3-3-8	3-3-9-10-11-10-9-3-3-10-6-3	11-8-6-3-10-9-6-9-4-13-11-5
515	10	10-10-10-10-10-9-10-10-9-9-10-10	11-11-9-8-9-10-11-10-11-9-8-11	8-10-8-8-8-11-9-10-11-11-9-10	11-10-11-6-8-8-11-8-11-11-11-1	8-1-1-8-3-9-9-9-11-7-8-8	1-8-11-7-11-8-11-9-9-10-6-8	3-11-10-1-10-8-10-9-7-7-1-11	11-9-9-9-9-10-10-8-3-9-10-10	11-1-9-9-10-6-10-9-6-7-5-8	8-3-14-11-11-9-11-10-9-10-1-9	3-7-5-9-3-11-9-3-3-9-6-10	10-8-6-3-9-10-7-10-10-11-10-10
515	11	11-11-12-12-11-12-12-12-12-11-11-14	12-10-12-12-12-12-12-12-12-12-12-12	11-11-12-7-11-12-11-11-12-10-12-11	10-11-10-10-8-11-11-8-10-10-10-11	8-11-11-8-13-9-11-11-10-11-8-11	12-12-8-11-10-13-10-11-9-10-12-11	12-10-11-13-11-13-11-12-7-7-12-10	10-8-13-12-10-13-9-8-3-11-12-12	11-13-13-8-8-11-12-11-6-11-12-6	12-12-6-13-10-13-10-11-13-13-13-9	13-6-11-10-13-14-13-13-13-12-6-11	11-12-11-12-13-13-7-13-12-10-9-12
515	12	13-13-13-14-12-14-13-13-14-13-13-14	13-13-13-11-13-13-13-14-11-11-13-11	12-12-13-14-12-13-12-13-13-13-11-12	12-13-13-13-12-12-14-8-12-13-12-11	14-11-11-8-11-12-12-12-12-13-13-11	12-11-13-12-12-11-12-13-12-12-11-12	11-13-13-11-13-12-14-12-12-14-14-12	12-8-11-11-12-11-13-14-3-11-13-13	13-11-11-12-14-13-11-11-14-14-12-11	11-14-13-12-13-13-12-13-11-11-11-13	11-13-13-13-13-13-11-11-11-12-13-13	13-11-11-11-11-13-7-13-11-13-9-11
515	13	12-12-12-12-12-12-12-12-12-12-12-12	12-12-12-14-12-12-14-12-14-12-14-14	13-13-12-12-13-12-13-12-12-12-14-13	12-12-12-12-13-13-12-8-12-12-13-11	13-11-13-13-11-13-14-13-12-12-12-13	12-13-12-12-10-11-13-12-12-10-3-14	13-12-12-11-12-11-12-12-7-12-13-13	12-13-11-13-13-11-9-12-3-9-12-12	12-11-11-13-14-12-11-11-6-12-13-6	11-13-12-11-13-14-13-12-11-11-11-13	11-12-12-12-12-12-11-11-11-13-12-13	12-13-13-11-11-12-13-12-11-12-5-12
515	14	14-14-12-12-14-12-12-14-14-13-12-12	12-12-12-13-12-12-13-12-13-14-13-13	12-13-14-12-14-13-13-14-12-14-13-14	13-14-14-13-14-14-12-14-14-14-14-11	12-11-14-14-14-14-13-14-12-14-8-8	14-14-13-14-14-11-14-14-14-14-14-13	13-14-14-14-12-14-12-14-14-14-12-12	14-13-8-14-14-13-9-12-8-14-12-14	12-14-14-14-13-12-14-13-14-12-13-6	11-12-10-14-14-13-14-12-14-14-14-14	12-12-12-10-7-11-14-12-14-14-6-14	14-14-14-11-10-14-14-12-14-14-9-14
516	0	0-0-0-0-0-0-0-0-0-0-0-0	0-0-0-0-0-0-0-0-0-0-0-0	0-0-0-0-0-0-0-0-0-0-0-0	0-0-0-0-0-0-0-0-0-0-0-0	0-0-0-0-0-0-0-0-0-0-0-0	0-0-0-0-0-0-0-0-0-0-0-0	0-0-0-0-0-0-0-0-0-0-0-0	0-0-0-0-0-0-0-0-0-0-0-0	0-0-0-0-0-0-0-0-0-0-0-0	0-0-0-0-0-0-0-0-0-0-0-0	0-0-0-0-0-0-0-0-0-0-0-0	0-0-0-0-0-0-0-0-0-0-0-0
516	1	1-1-1-1-1-1-1-1-1-1-1-1	0-2-1-0-1-1-1-0-1-1-0-0	3-1-2-1-0-2-1-2-0-0-1-0	2-2-0-0-1-1-3-0-0-0-1-1	0-1-1-0-2-0-2-2-0-5-0-0	5-2-0-1-1-2-2-1-0-0-0-2	1-1-0-5-1-1-1-0-0-1-5-0	0-1-0-1-1-4-0-1-2-1-5-2	1-2-5-1-2-1-2-5-1-1-1-0	1-1-3-0-0-1-0-0-2-2-2-0	2-0-0-0-0-1-2-2-5-1-0-1	0-0-1-1-2-1-1-2-4-1-1-0
516	2	2-2-2-2-2-2-2-2-2-2-2-3	2-1-2-2-1-1-1-1-1-2-3-3	1-2-1-3-3-1-3-3-3-2-3-3	3-3-1-3-3-3-1-3-3-0-3-2	3-1-3-3-1-2-3-3-1-1-3-3	3-3-2-2-2-3-1-3-2-0-9-5	3-2-0-2-2-1-2-2-2-3-3-5	2-2-3-2-2-1-0-3-1-1-1-1	2-1-1-2-3-0-1-1-2-2-2-2	3-1-0-3-4-3-2-3-1-1-3-2	1-0-2-1-0-2-1-1-0-2-2-1	0-0-2-1-2-1-2-1-3-2-3-0
516	3	3-3-3-3-3-3-3-3-3-3-3-3	4-3-3-2-3-4-5-4-3-4-2-4	1-5-2-2-2-6-2-2-2-4-2-2	2-4-4-2-2-2-4-2-2-0-2-2	2-1-2-2-4-2-4-2-3-9-2-2	2-2-4-3-3-2-3-2-3-3-6-3	2-3-3-2-4-6-3-3-3-3-2-6	3-2-4-4-3-3-3-4-6-3-3-3	3-1-3-3-2-0-1-4-0-2-2-4	2-3-1-2-2-2-3-6-4-4-4-3	3-3-2-0-0-3-1-3-4-4-2-3	0-3-4-1-3-3-2-3-2-2-2-0
516	4	3-4-4-4-4-4-4-4-4-4-5-4	3-6-4-2-3-3-3-3-3-3-2-5	1-4-2-2-2-3-5-5-5-3-5-5	2-3-5-0-2-2-4-2-5-4-3-2	2-1-2-2-3-5-3-2-3-0-2-2	1-2-3-3-3-2-3-3-3-4-3-3	1-3-6-1-3-4-11-5-3-3-2-3	4-2-3-5-2-1-6-3-3-4-1-3	5-1-3-3-3-5-1-3-5-2-5-5	5-3-4-5-2-5-2-9-5-3-5-4	3-3-1-5-0-4-1-1-3-3-5-3	5-3-3-1-3-1-5-1-4-4-4-9
516	5	5-5-5-5-4-4-5-5-5-5-5-5	4-6-4-2-3-6-3-4-4-3-2-6	1-5-5-2-2-3-4-4-4-6-4-4	6-6-6-6-2-2-7-2-4-6-6-2	2-1-2-6-3-4-6-5-6-1-6-2	1-2-3-3-5-2-6-6-5-5-5-2	1-6-4-1-3-5-6-4-3-5-1-3	5-2-2-4-2-6-6-3-3-5-1-5	5-1-1-3-5-4-1-1-4-5-6-4	4-1-5-4-2-4-10-10-4-3-4-5	1-9-12-5-10-5-1-1-1-3-4-3	5-3-3-1-12-3-4-5-11-6-6-4
516	6	6-7-7-5-4-4-4-4-5-5-5-5	7-4-5-7-5-5-7-7-8-3-7-5	8-7-8-7-8-3-7-7-8-5-5-7	7-7-7-8-8-7-5-9-5-5-5-6	7-8-12-5-3-4-7-7-5-8-8-9	7-8-7-8-5-9-5-5-3-3-7-8	6-7-4-6-3-5-5-7-3-7-6-3	3-8-9-7-3-6-4-9-3-5-6-5	7-1-6-3-6-6-7-7-7-6-5-6	8-7-11-6-7-7-6-6-7-8-7-7	7-3-6-5-6-7-1-6-7-6-6-3	6-6-8-6-7-7-3-6-5-5-5-4
516	7	7-7-6-7-7-7-7-8-7-7-7-7	6-10-7-6-10-8-6-6-6-8-6-6	1-6-6-6-6-6-6-6-8-7-8-6	6-6-6-6-6-6-5-6-8-10-8-6	6-6-6-6-3-9-6-6-7-6-6-6	6-6-10-7-7-6-6-7-7-7-6-7	9-7-7-7-9-7-9-8-7-9-6-7	7-9-8-6-7-7-7-6-3-9-6-7	6-1-8-6-12-6-6-6-8-9-7-10	7-6-7-6-6-9-6-7-6-7-6-6	6-8-9-12-7-8-7-5-6-3-7-3	6-8-6-6-6-6-8-7-7-6-5-8
516	8	8-8-8-8-8-7-8-7-8-7-7-9	8-10-9-6-8-9-7-8-6-9-6-6	6-8-6-6-6-9-7-6-7-7-9-8	6-6-9-6-6-6-8-6-9-9-8-6	6-6-6-9-3-7-9-7-9-6-6-6	6-6-7-6-8-6-9-7-8-8-6-6	6-9-4-1-3-8-9-9-8-8-6-6	8-6-7-7-7-7-7-8-8-9-6-8	6-1-7-6-8-10-8-6-7-8-8-11	9-6-8-9-6-9-9-9-8-8-6-9	8-7-8-12-5-7-7-8-6-6-7-8	10-7-6-6-12-6-7-10-8-6-8-7
516	9	8-8-7-7-8-7-6-8-8-12-7-8	4-8-8-6-8-8-9-10-10-8-10-8	10-9-11-10-6-10-6-10-10-7-8-9	10-10-8-6-6-10-12-6-8-8-8-6	6-9-6-8-10-7-10-9-8-9-6-6	6-11-7-9-9-6-10-9-8-7-2-10	7-8-7-9-7-9-8-8-3-7-6-9	9-7-6-8-8-9-7-6-9-7-9-10	9-9-12-3-10-7-9-9-10-9-7-7	8-9-9-10-6-8-8-8-9-11-6-8	9-5-8-8-7-9-9-8-9-9-7-9	8-6-9-9-9-9-9-9-5-9-5-4
516	10	8-10-12-12-9-10-8-8-10-10-12-10	12-8-8-10-8-12-9-12-9-10-9-10	9-10-9-9-11-11-11-11-11-11-11-10	9-9-9-11-10-9-11-6-8-10-10-9	11-9-6-8-9-10-9-10-8-10-11-6	11-11-11-10-8-6-9-11-8-10-5-9	12-10-7-7-9-9-10-9-10-8-6-7	10-10-6-10-11-9-7-11-10-8-11-10	9-9-9-3-9-11-9-9-9-8-10-7	10-10-8-9-9-11-11-12-9-9-9-8	9-11-11-8-5-7-9-9-10-10-11-10	8-11-9-9-10-6-7-8-5-9-5-7
516	11	11-12-11-8-11-12-12-12-11-12-7-8	12-8-8-12-12-12-12-12-12-10-10-12	11-10-9-12-10-12-10-10-10-10-10-11	9-9-9-11-11-10-10-6-11-8-10-12	10-9-6-8-9-10-12-10-11-11-10-11	10-10-10-11-8-6-11-10-8-8-11-12	12-10-4-11-7-9-8-10-10-11-11-11	11-11-11-11-10-9-7-10-12-9-10-10	11-1-9-11-11-10-11-9-7-8-11-8	9-11-9-9-11-10-10-8-9-9-11-11	11-10-10-7-7-9-11-8-11-10-10-11	8-10-9-11-11-6-10-8-5-11-5-4
516	12	12-12-12-12-12-12-11-12-12-12-12-12	10-8-12-11-12-11-11-11-11-12-9-11	11-12-12-11-12-11-12-12-9-12-12-12	12-12-12-12-12-12-9-12-12-12-12-11	10-9-6-12-12-12-11-11-12-12-6-6	12-12-10-12-12-6-12-12-12-12-12-11	10-12-12-12-7-12-8-11-12-11-9-12	12-11-6-12-12-10-7-10-11-12-10-12	11-12-9-12-10-12-12-9-12-10-11-8	8-12-12-12-12-10-12-10-9-12-8-12	8-12-8-8-7-9-11-8-12-12-12-11	8-10-12-9-8-12-12-12-12-12-12-4
517	0	0-0-0-0-0-0-0-0-0-0-0-0	0-0-0-0-0-0-0-0-0-0-0-0	0-0-0-0-0-0-0-0-0-0-0-0	0-0-0-0-0-0-0-0-0-0-0-0	0-0-0-0-0-0-0-0-0-0-0-0	0-0-0-0-0-0-0-0-0-0-0-0	0-0-0-0-0-0-0-0-0-0-0-0	0-0-0-0-0-0-0-0-0-0-0-0	0-0-0-0-0-0-0-0-0-0-0-0	0-0-0-0-0-0-0-0-0-0-0-0	0-0-0-0-0-0-0-0-0-0-0-0	0-0-0-0-0-0-0-0-0-0-0-0
517	1	1-1-1-1-1-2-1-2-2-2-2-1	2-2-1-0-2-2-2-2-2-2-0-2	0-2-2-2-2-2-2-2-3-2-2-2	2-0-2-2-1-0-2-3-2-2-2-0	9-0-1-0-0-2-2-1-1-2-3-0	2-0-2-1-2-0-1-1-2-1-0-1	1-1-2-1-2-1-2-2-2-2-0-1	2-0-8-0-1-0-2-2-1-2-2-6	1-4-2-1-2-3-2-1-2-3-1-2	0-2-2-3-2-1-4-2-1-1-0-1	2-2-2-0-5-1-3-0-1-1-2-1	2-1-1-1-4-9-9-2-2-1-1-3
517	2	1-1-1-1-1-1-1-1-1-1-1-1	1-1-1-2-1-1-1-1-1-1-3-1	8-3-1-3-4-1-3-3-1-1-1-3	3-0-1-1-2-3-1-9-1-1-3-4	5-0-3-4-0-1-3-3-1-1-1-5	5-3-1-1-1-5-3-2-1-1-12-3	2-7-1-0-1-2-1-1-1-1-3-4	1-2-3-2-2-0-1-3-2-1-3-0	2-0-1-2-3-1-1-3-1-1-2-1	1-2-1-0-3-3-1-1-2-0-3-5	1-1-1-0-0-1-0-0-0-2-1-2	1-2-2-2-0-1-2-1-1-3-1-1
517	3	1-1-1-1-1-1-1-1-1-1-1-1	1-1-1-2-1-1-1-4-3-4-2-4	2-4-4-2-2-4-2-2-1-4-3-2	4-4-4-4-2-2-4-2-1-3-4-2	2-3-2-2-4-3-4-4-3-3-1-2	4-2-5-9-3-2-4-4-3-3-14-3	5-3-1-3-4-3-3-2-3-1-2-6	3-2-2-4-3-3-1-4-5-3-5-0	3-6-3-3-2-1-3-4-1-1-2-1	3-3-3-1-2-2-1-1-4-4-3-2	3-1-1-1-3-3-1-3-3-4-1-3	1-3-4-3-3-1-1-3-1-2-2-1
517	4	4-1-5-1-1-4-1-4-4-4-4-4	3-5-4-2-1-1-1-3-3-3-2-3	2-3-3-2-2-3-5-5-1-3-5-5	3-3-3-3-2-2-3-2-5-4-3-2	2-0-2-2-3-5-3-3-3-4-6-2	3-3-3-1-3-2-3-4-4-4-2-4	3-3-4-3-3-4-3-3-4-5-3-2	1-2-3-3-4-0-1-3-3-4-1-1	4-1-5-3-4-1-3-3-5-4-6-1	1-2-4-5-2-3-1-4-2-3-3-2	5-1-1-4-0-1-6-0-3-3-1-3	1-3-3-5-1-1-3-1-1-9-1-1
517	5	5-5-5-5-6-6-5-5-5-1-6-6	6-6-5-2-7-1-4-6-3-3-2-6	2-5-3-2-2-7-6-5-6-6-7-4	3-3-4-1-2-3-6-2-6-6-6-2	2-0-2-6-3-4-6-5-6-1-1-2	2-3-3-0-5-2-6-4-5-5-7-4	3-3-1-3-3-5-6-6-5-4-3-8	1-2-3-3-3-0-5-3-3-4-3-0	1-3-4-3-3-1-3-3-4-8-2-1	0-3-5-4-2-5-2-5-7-1-3-2	4-1-1-5-6-4-1-6-3-3-1-3	5-3-2-4-1-1-7-1-9-5-12-1
517	6	5-6-7-7-5-7-6-1-7-7-5-5	5-5-4-2-5-7-7-5-7-8-7-7	6-6-7-7-7-8-8-7-7-5-5-7	7-7-6-7-7-7-5-7-5-5-5-7	7-6-7-7-3-4-7-7-5-7-7-7	7-7-7-6-6-19-7-6-6-5-3-7	7-5-4-7-3-6-5-5-5-6-7-6	1-8-4-7-3-0-5-7-3-7-6-1	7-3-5-6-6-6-7-6-5-5-9-1	6-7-9-6-7-5-6-5-6-1-6-1	5-1-6-4-6-9-8-5-7-6-1-3	1-6-6-6-6-7-1-6-1-6-5-1
517	7	7-7-7-7-7-7-7-7-9-7-7-7	5-9-8-2-5-6-6-8-6-8-6-6	2-7-6-6-6-6-5-6-8-8-8-6	6-6-6-6-6-6-8-6-8-8-8-6	6-0-6-6-3-8-8-8-7-6-6-6	6-6-8-6-7-2-6-7-7-7-6-6	6-9-7-6-8-7-7-7-7-7-6-6	1-9-3-8-8-0-7-6-3-7-6-0	6-7-3-6-7-7-6-6-7-6-8-8	1-6-7-5-6-3-6-5-5-0-6-8	5-8-8-7-9-6-6-0-6-6-1-3	7-6-2-6-6-6-5-7-12-6-5-7
517	8	8-8-9-7-8-8-7-8-8-7-8-9	7-7-7-6-9-10-8-7-7-9-6-9	2-6-6-6-9-6-6-9-9-7-7-9	9-6-9-9-6-6-7-2-7-9-7-6	6-0-6-9-3-7-9-7-9-7-9-9	9-6-7-6-8-2-9-6-7-5-8-6	8-9-7-6-7-7-8-9-8-1-6-5	1-6-9-7-7-8-7-6-3-11-6-0	0-8-3-6-6-8-0-9-7-5-7-7	1-6-7-9-9-5-8-6-8-1-6-7	6-7-7-8-9-8-8-0-6-6-8-3	1-8-2-6-6-1-1-9-1-8-5-8
517	9	7-7-9-8-9-7-7-10-7-9-9-9	9-7-7-10-8-10-11-12-10-8-10-8	9-10-10-6-8-11-10-8-10-8-10-8	10-10-8-8-6-10-7-2-8-8-7-15	1-9-15-8-12-4-8-6-8-9-8-9	10-9-8-6-9-9-8-9-7-3-2-10	9-7-4-9-9-9-7-8-4-16-9-5	3-7-10-9-9-9-7-3-9-9-9-0	9-9-11-10-17-1-14-8-9-12-6-8	9-3-9-8-8-5-9-5-9-12-12-7	14-1-7-8-8-19-9-9-10-9-10-3	9-8-9-9-9-1-1-9-7-12-5-1
517	10	12-12-12-12-10-12-11-12-12-11-11-12	11-11-11-11-11-11-11-11-11-11-11-11	10-9-11-11-11-11-11-11-11-11-9-11	11-11-11-11-11-9-11-11-11-11-11-9	11-9-9-11-11-10-11-10-11-11-11-10	13-9-11-11-11-12-10-11-12-10-18-10	9-12-13-9-10-12-12-11-11-12-13-11	13-10-13-9-10-9-7-11-9-10-12-11	15-9-13-9-18-11-9-9-11-11-10-11	11-11-11-11-12-12-12-14-9-9-8-11	9-11-11-8-12-10-13-13-9-12-11-9	9-8-9-9-12-12-12-18-13-11-15-13
517	11	10-10-10-10-10-10-10-10-10-10-10-10	10-10-10-10-10-10-10-10-10-10-10-10	9-11-10-10-10-10-12-10-10-10-12-10	10-10-10-10-12-12-10-10-10-10-10-9	10-9-11-10-10-10-12-11-10-10-10-13	10-9-10-10-10-10-11-10-10-10-3-12	11-8-7-10-10-11-10-10-10-10-12-10	10-11-10-11-11-9-7-10-12-10-10-10	11-9-9-11-10-10-9-11-10-10-11-10	10-12-10-10-11-10-11-5-9-9-12-10	9-10-10-8-10-10-9-0-12-11-10-11	10-3-9-14-10-10-10-10-1-10-5-10
517	12	10-10-10-10-10-10-10-10-10-10-10-10	10-10-10-10-10-10-10-10-10-10-10-10	9-13-10-10-13-14-11-10-10-14-15-12	10-10-14-13-13-11-12-10-13-10-12-9	10-9-9-14-14-10-11-10-12-10-8-6	11-9-10-10-12-10-11-10-10-12-2-11	9-10-7-9-12-11-10-10-10-10-11-12	10-11-12-11-12-15-7-12-11-18-10-10	11-9-10-12-10-10-9-10-10-12-11-14	9-11-10-10-11-10-10-10-12-9-9-11	9-10-10-8-10-12-16-10-9-11-10-11	9-12-12-9-10-10-10-12-7-12-5-10
517	13	15-15-16-15-10-15-15-15-15-14-14-19	16-14-14-15-15-14-14-14-14-14-14-14	13-12-11-14-12-12-14-14-14-12-12-14	14-12-14-14-12-11-14-14-14-14-12-9	14-9-9-13-12-13-14-14-12-14-14-11	14-16-14-14-14-18-14-14-14-16-10-13	13-17-13-9-12-13-14-14-14-18-11-14	10-11-12-12-11-19-17-12-11-13-15-10	13-9-10-13-18-14-9-14-14-19-11-18	14-15-10-13-11-17-10-17-12-9-11-16	13-17-19-10-17-10-15-16-9-13-14-11	10-12-13-9-10-15-16-15-15-13-15-15
517	14	13-13-13-13-14-13-13-13-13-13-13-13	13-13-13-18-13-13-13-15-13-13-13-13	17-15-15-13-17-12-15-13-13-12-13-15	15-12-15-13-15-15-13-18-13-13-12-9	13-9-9-12-12-13-15-15-12-13-13-15	13-9-13-13-13-13-15-13-13-13-3-16	15-13-13-9-15-9-13-15-13-13-15-13	10-14-10-15-11-9-7-12-9-13-16-10	13-9-10-15-9-13-9-13-13-13-14-12	13-13-10-10-15-18-15-10-15-9-15-13	9-10-13-8-16-16-13-0-15-15-13-11	9-15-12-11-14-13-15-10-16-13-5-13
517	15	13-13-13-13-13-13-13-13-13-13-13-13	13-16-13-14-13-13-13-14-13-13-13-13	14-14-14-13-14-12-14-14-13-14-16-14	14-15-14-13-14-14-13-13-13-13-15-9	13-9-9-12-14-16-14-14-16-13-13-14	13-9-14-13-15-13-14-13-15-15-16-15	14-18-13-9-14-15-18-14-15-15-14-13	10-15-14-14-11-12-13-13-14-15-13-10	13-9-13-14-15-13-14-14-13-15-14-13	13-13-13-13-14-13-14-18-14-13-14-13	9-13-13-7-18-10-13-16-14-14-13-11	9-14-12-14-14-13-14-13-13-13-13-13
517	16	13-13-13-13-13-13-13-13-13-13-13-13	13-15-13-14-13-13-13-14-13-13-13-15	14-17-14-14-14-13-17-17-13-17-15-15	17-17-16-18-14-17-13-13-17-13-14-9	13-9-9-17-17-15-17-17-15-16-17-17	16-17-17-13-13-13-17-13-15-13-12-17	14-13-13-9-15-16-13-17-16-13-14-13	10-14-13-17-11-9-7-18-9-13-14-10	17-9-19-17-13-10-9-10-13-10-14-12	13-17-16-10-14-13-17-15-9-9-14-13	13-10-13-8-15-14-12-13-14-16-13-18	9-12-12-9-14-13-13-10-15-13-5-13
517	17	13-13-13-13-13-13-13-13-13-13-13-13	13-13-13-13-13-13-13-14-13-13-13-18	14-16-14-13-14-13-16-16-13-16-18-15	16-16-14-16-14-16-13-13-16-16-17-9	13-9-9-16-16-18-16-16-18-16-16-16	16-16-16-11-15-13-18-13-15-17-10-16	14-13-13-9-19-17-18-16-16-15-14-13	10-16-13-16-11-9-18-16-9-10-13-10	16-9-13-16-9-13-9-17-16-15-11-16	13-16-10-18-14-13-16-15-12-13-14-11	14-13-13-8-13-13-13-13-14-14-13-16	9-8-12-11-16-13-14-13-18-13-13-13
517	18	13-13-13-13-13-13-13-13-13-13-13-13	13-15-13-14-13-13-13-19-13-13-13-17	14-18-19-13-14-12-19-19-19-15-17-18	19-16-18-16-14-14-18-14-16-16-17-18	13-19-18-16-12-17-17-16-17-18-16-16	13-16-13-18-15-13-17-13-13-13-10-18	19-15-13-18-17-18-15-17-16-13-18-10	10-14-13-14-11-18-7-16-18-12-10-10	18-9-19-14-13-10-18-9-13-10-14-12	19-18-18-8-14-14-18-15-9-9-18-11	18-10-13-8-15-19-13-18-18-18-13-16	18-8-12-18-18-13-13-10-17-17-5-13
517	19	19-19-19-13-19-13-13-19-13-13-19-19	13-16-19-13-13-13-19-18-18-19-13-17	17-19-18-13-19-19-18-18-18-19-19-19	18-19-18-16-19-19-13-19-16-19-19-18	10-18-19-19-19-19-18-19-15-19-14-14	19-19-19-13-19-13-19-19-19-19-19-18	18-19-19-19-17-19-13-16-19-18-13-10	19-19-14-19-19-13-19-13-18-13-13-19	18-19-19-19-13-13-13-13-19-13-14-13	18-19-19-19-19-13-19-13-18-19-19-19	13-10-13-19-13-18-19-19-19-19-13-19	18-19-19-18-14-19-19-10-19-19-19-19
518	0	0-0-0-0-0-0-0-0-0-0-0-0	0-0-0-0-0-0-0-0-0-0-0-0	0-0-0-0-0-0-0-0-0-0-0-0	0-0-0-0-0-0-0-0-0-0-0-0	0-0-0-0-0-0-0-0-0-0-0-0	0-0-0-0-0-0-0-0-0-0-0-0	0-0-0-0-0-0-0-0-0-0-0-0	0-0-0-0-0-0-0-0-0-0-0-0	0-0-0-0-0-0-0-0-0-0-0-0	0-0-0-0-0-0-0-0-0-0-0-0	0-0-0-0-0-0-0-0-0-0-0-0	0-0-0-0-0-0-0-0-0-0-0-0
518	1	0-0-0-0-0-0-0-1-0-0-1-0	0-0-0-0-0-0-2-2-1-0-0-0	4-0-0-0-0-2-0-0-0-0-2-0	2-0-2-0-0-0-2-8-0-0-0-0	0-0-1-0-2-0-2-0-0-0-1-0	0-1-0-0-0-0-0-0-1-1-0-0	1-0-0-8-0-1-0-0-1-0-0-0	0-0-0-0-0-10-1-0-2-1-0-0	1-0-0-0-0-0-1-0-0-1-0-1	0-0-1-0-0-0-0-0-4-2-1-0	0-0-0-0-1-1-0-1-1-1-1-0	1-1-1-1-1-0-0-0-0-1-0-0
518	2	2-2-2-2-0-2-2-2-2-2-2-0	2-2-3-2-0-1-1-1-2-1-3-3	5-3-3-3-3-3-3-3-2-2-3-3	3-3-1-3-3-3-1-3-3-0-3-0	5-0-3-3-1-2-3-3-0-0-3-3	3-1-2-2-0-3-2-3-2-2-9-0	3-2-2-1-2-1-2-3-0-2-3-2	2-2-8-2-2-1-2-3-2-0-0-0	1-0-0-0-13-0-1-2-1-0-2-2	2-2-2-3-3-3-0-2-1-1-0-3	0-2-0-0-5-1-0-0-0-2-2-2	1-2-1-1-0-0-2-0-0-0-0-0
518	3	3-3-3-3-3-3-3-4-3-3-3-3	4-3-2-2-3-4-0-4-3-4-2-4	1-2-2-2-2-4-2-5-0-4-4-2	5-4-4-4-2-2-4-2-2-3-2-0	2-0-2-2-4-2-4-2-3-3-5-2	2-5-5-0-3-2-4-2-3-3-10-3	2-3-3-3-4-3-3-2-3-4-2-6	3-2-4-4-3-3-3-4-3-4-3-0	3-0-3-3-2-5-3-4-4-3-2-3	2-3-3-2-2-2-3-3-1-1-3-2	3-3-4-0-3-3-0-3-3-5-3-3	1-3-1-1-0-3-2-0-3-0-3-3
518	4	4-4-4-4-5-4-4-4-4-4-4-4	3-4-4-2-3-3-2-3-3-3-2-3	1-3-3-2-2-3-5-4-3-3-5-5	3-3-3-3-2-2-3-2-5-4-3-1	2-0-1-4-3-5-3-3-3-2-3-2	2-3-3-1-3-2-5-4-3-4-12-3	3-3-4-3-3-3-4-3-4-5-2-3	4-2-3-3-2-0-4-3-3-3-3-0	3-1-5-3-4-3-3-3-5-4-6-3	3-3-4-5-6-2-0-4-5-1-0-3	5-3-3-4-4-1-0-0-3-3-3-3	1-3-1-5-5-3-6-0-4-5-4-5
518	5	5-5-5-5-5-6-5-5-5-4-5-6	7-6-5-2-7-5-8-6-3-3-2-6	2-5-3-2-6-5-6-5-6-7-6-4	3-6-4-2-2-3-6-2-6-6-6-0	2-0-1-8-3-4-5-5-6-3-3-2	2-3-3-0-5-2-6-3-3-5-7-3	3-3-5-1-3-5-6-6-4-4-2-3	3-2-3-3-2-0-5-3-3-5-3-0	5-0-4-3-6-3-3-4-4-5-4-6	3-3-5-4-6-2-8-4-4-1-0-2	4-3-5-7-6-1-0-6-3-3-4-4	5-3-1-4-4-3-3-5-5-4-6-4
518	6	5-6-5-5-5-7-6-6-7-4-7-5	7-5-4-2-5-5-7-5-6-3-7-7	6-7-7-7-7-7-7-7-8-5-5-6	7-7-6-7-7-7-5-9-5-5-5-7	7-1-7-7-3-4-7-7-5-6-7-7	7-7-3-6-6-13-5-6-3-5-6-7	7-2-4-7-3-6-5-5-3-8-7-3	3-6-2-7-3-0-5-7-3-6-6-4	7-3-5-3-6-6-1-7-6-5-4-5	13-7-8-6-7-2-6-5-6-1-6-2	5-3-7-5-6-8-0-5-7-6-6-3	5-6-6-6-7-6-3-6-5-6-5-6
518	7	7-7-7-8-7-7-7-7-7-7-6-8	6-8-8-2-5-8-6-8-6-7-6-6	2-6-6-6-6-8-6-6-6-8-8-6	6-6-6-6-6-6-7-2-8-8-8-6	6-0-6-6-3-8-8-6-8-7-6-6	6-6-8-7-10-6-8-7-7-7-5-6	6-8-7-7-7-7-7-8-9-7-6-3	7-9-9-6-7-1-7-7-3-7-6-0	6-1-3-3-9-7-0-6-8-5-9-10	8-6-5-4-6-2-6-8-6-1-6-10	6-3-6-5-7-11-0-5-6-6-6-7	6-6-6-6-6-6-11-6-10-7-8-7
518	8	8-7-7-7-7-11-9-7-8-8-7-7	6-7-7-8-10-7-9-7-6-7-6-9	9-8-9-6-8-10-6-9-8-7-7-9	9-9-9-9-6-9-8-2-7-7-7-13	2-9-6-8-9-7-9-9-7-8-6-8	9-9-7-8-8-13-7-8-7-3-11-6	13-7-7-1-8-10-9-9-3-6-9-7	9-7-9-7-4-9-7-7-3-8-9-9	8-9-9-9-2-0-9-9-9-9-7-7	7-2-6-10-9-2-9-7-10-9-9-2	11-3-6-4-9-8-10-8-9-6-7-3	8-9-11-6-6-6-2-12-7-8-7-0
518	9	9-9-9-9-9-8-9-11-9-9-9-9	6-10-10-8-8-8-8-7-6-7-6-10	8-8-8-6-6-10-10-8-11-10-10-8	8-8-8-8-6-8-9-6-10-10-10-6	2-8-6-6-8-9-8-8-9-8-6-6	8-6-3-6-8-8-10-9-9-9-8-9	9-10-7-9-8-9-10-10-7-9-8-9	8-7-9-7-9-8-9-8-3-9-8-8	9-8-9-8-9-9-8-8-8-10-7-12	8-9-6-9-8-8-6-6-8-8-8-10	8-10-9-11-10-9-8-8-8-3-10-7	11-8-8-6-13-6-8-11-10-8-7-4
518	10	11-13-11-9-10-11-9-13-11-13-11-10	10-9-9-12-8-7-8-13-11-10-11-12	8-10-11-11-11-11-11-8-11-9-9-9	11-8-11-11-11-11-9-10-9-9-9-12	11-12-12-5-12-9-11-11-10-10-10-11	12-11-11-10-7-8-9-10-9-9-3-10	11-9-9-10-11-10-9-11-10-9-12-11	8-7-12-10-12-8-9-13-3-9-10-8	8-8-11-11-10-10-10-8-9-9-12-9	10-10-6-11-12-10-11-7-8-8-8-9	8-9-10-4-9-12-8-10-12-10-9-10	8-10-8-11-10-6-10-8-7-10-7-7
518	11	11-11-11-11-12-8-11-9-10-11-10-11	11-12-12-10-12-12-13-12-13-10-10-12	13-11-10-10-10-10-10-10-12-12-12-11	10-10-10-10-10-10-9-10-12-12-11-10	10-8-10-11-10-12-10-10-12-11-10-10	10-12-10-11-11-8-12-10-11-11-8-11	10-12-7-10-12-11-12-10-11-7-10-10	11-7-9-10-10-8-9-11-3-10-8-8	8-8-10-10-11-10-12-8-12-11-10-9	12-10-11-10-10-12-10-11-10-8-8-12	8-9-10-9-12-11-8-12-10-10-11-11	12-10-8-10-10-6-10-9-11-10-11-11
518	12	12-12-13-11-11-11-12-13-12-12-13-13	13-11-11-10-11-11-13-11-12-11-13-11	8-12-10-13-10-10-11-13-11-11-11-12	10-10-12-10-10-10-9-10-11-11-11-10	10-10-10-11-10-11-13-10-11-12-10-12	10-11-10-12-11-8-11-10-12-11-11-11	10-9-10-12-11-12-11-11-11-9-10-10	12-7-12-10-10-11-9-11-13-8-10-8	12-8-12-10-12-10-12-9-11-11-10-9	10-10-12-11-10-10-11-11-12-8-12-11	12-9-12-8-11-12-8-12-10-10-9-11	11-12-8-12-12-12-10-8-11-12-7-11
518	13	13-13-13-13-13-13-13-13-13-12-13-13	12-11-13-10-13-12-12-10-11-13-12-11	11-13-13-12-13-13-13-13-11-13-13-13	12-13-12-10-13-13-11-13-13-13-13-12	13-8-13-13-13-13-12-10-11-13-10-12	13-13-13-13-13-8-11-13-13-13-13-12	10-13-13-13-12-13-13-12-13-13-12-10	13-13-10-12-13-12-13-10-12-13-12-8	12-13-13-13-2-13-13-9-13-13-8-11	6-13-13-13-13-2-13-12-12-13-13-13	12-13-13-13-11-9-8-13-13-13-13-13	13-13-13-4-9-13-13-8-13-13-13-0
519	0	0-0-0-0-0-0-0-0-0-0-0-0	0-0-0-0-0-0-0-0-0-0-0-0	0-0-0-0-0-0-0-0-0-0-0-0	0-0-0-0-0-0-0-0-0-0-0-0	0-0-0-0-0-0-0-0-0-0-0-0	0-0-0-0-0-0-0-0-0-0-0-0	0-0-0-0-0-0-0-0-0-0-0-0	0-0-0-0-0-0-0-0-0-0-0-0	0-0-0-0-0-0-0-0-0-0-0-0	0-0-0-0-0-0-0-0-0-0-0-0	0-0-0-0-0-0-0-0-0-0-0-0	0-0-0-0-0-0-0-0-0-0-0-0
519	1	1-1-1-2-1-1-0-1-1-1-1-1	2-1-2-1-0-2-2-1-2-2-1-0	1-2-2-1-1-2-1-0-2-1-1-1	2-0-2-1-1-0-2-1-1-0-0-2	0-0-5-0-2-1-2-1-0-0-1-1	2-6-1-0-0-5-1-1-0-1-2-2	5-2-2-10-1-1-0-0-1-0-0-0	2-1-2-1-1-2-1-1-2-2-2-2	2-8-2-1-2-5-3-1-0-1-1-1	2-1-1-3-0-2-0-2-4-6-1-0	0-1-0-0-3-5-0-2-6-1-1-1	6-1-4-2-6-1-1-0-0-1-1-0
519	2	2-1-2-1-2-2-2-2-1-1-1-1	1-1-1-3-0-1-1-3-1-1-3-3	4-1-3-3-3-2-3-3-1-2-3-2	3-2-1-5-4-3-1-5-2-1-3-1	4-0-1-4-1-2-3-3-2-2-2-3	3-1-2-2-2-5-2-3-2-2-4-1	1-4-1-1-2-2-3-3-2-2-3-4	1-3-3-2-2-1-1-3-1-1-3-1	1-0-1-1-3-1-1-0-2-4-4-3	1-2-1-1-3-1-2-1-1-0-0-3	0-2-0-0-1-0-0-1-0-3-2-1	0-2-1-1-1-1-2-0-3-0-3-0
519	3	4-3-2-3-6-3-3-3-3-3-3-3	4-3-1-2-3-1-4-3-3-4-2-3	6-4-2-2-2-6-2-4-1-3-2-2	2-4-4-2-2-2-3-2-2-3-2-1	2-3-1-2-4-2-4-2-3-3-2-2	2-4-5-4-3-0-4-2-4-3-6-3	1-3-3-3-4-3-4-4-3-4-2-6	3-2-2-4-3-1-1-5-6-3-5-0	3-0-3-3-2-4-1-4-0-1-2-2	4-3-3-1-2-2-3-1-1-4-1-2	3-6-3-0-3-3-0-3-4-4-4-3	1-3-1-1-3-3-3-3-2-4-2-4
519	4	4-4-4-4-4-4-4-4-4-4-4-4	3-6-5-2-3-6-3-5-3-3-2-5	2-4-2-2-2-3-5-6-5-6-5-5	3-3-3-2-2-2-5-2-4-5-5-1	2-0-1-2-3-5-3-3-3-4-2-2	2-3-3-3-3-1-5-5-3-4-2-4	1-2-5-1-3-4-6-5-4-4-2-3	5-2-2-3-2-1-4-3-5-5-3-0	4-1-3-3-4-3-0-3-5-4-5-6	3-3-4-6-2-6-5-1-1-3-3-3	3-3-6-0-5-3-0-3-3-5-3-5	1-3-1-1-1-4-2-4-6-3-4-3
519	5	5-5-5-5-5-5-5-5-6-5-5-5	7-6-4-2-6-6-1-6-3-3-2-7	0-5-2-2-2-3-4-6-7-3-6-4	3-4-6-2-2-3-5-2-6-4-4-0	2-0-1-2-3-4-6-5-6-3-2-2	2-1-3-1-5-1-6-4-5-5-5-3	1-4-4-1-3-7-6-6-5-5-1-3	4-2-2-4-3-1-6-3-4-4-3-0	4-1-4-3-5-1-1-3-6-7-4-4	3-3-5-4-5-5-4-6-1-1-1-2	3-3-6-0-4-1-0-9-1-4-3-4	1-3-1-1-1-5-2-4-4-6-6-7
519	6	5-4-5-5-3-5-7-7-5-6-6-5	7-4-4-6-5-5-7-5-7-3-7-4	8-7-7-7-7-3-7-7-8-4-5-7	7-7-5-8-8-8-5-11-5-5-3-12	8-0-1-7-3-4-7-7-5-8-8-6	7-1-7-3-6-12-5-8-5-5-3-7	6-2-5-1-3-3-5-7-5-5-7-7	4-7-3-7-8-1-5-7-3-8-6-0	3-1-3-3-9-7-1-7-5-6-7-6	3-3-6-4-7-4-6-5-1-1-6-7	3-3-5-0-5-6-0-3-7-6-6-3	1-6-6-6-7-6-2-0-4-6-5-5
519	7	5-7-7-7-7-7-5-7-7-7-7-5	9-7-8-6-7-7-8-8-6-7-6-5	6-6-6-6-6-3-6-8-8-7-8-6	6-6-6-6-6-6-7-6-8-8-7-0	6-0-1-6-3-8-6-6-7-7-6-6	6-6-6-7-7-6-6-7-7-4-5-7	1-7-7-1-3-7-12-8-5-8-6-6	7-9-3-8-8-1-7-6-3-7-6-0	4-1-3-8-7-6-1-6-11-5-6-8	3-3-7-4-6-8-6-11-8-3-6-9	9-3-12-11-11-7-10-9-6-8-8-3	7-6-6-1-8-7-8-11-4-11-11-5
519	8	8-8-8-8-8-7-8-8-8-7-8-8	11-9-7-7-7-8-8-8-6-7-6-9	6-8-6-6-6-9-7-8-9-9-7-8	6-6-9-6-6-6-8-6-9-9-9-6	6-0-1-6-3-7-7-7-9-6-6-6	9-9-6-7-9-6-9-7-8-8-6-7	1-9-8-1-3-8-8-7-5-7-6-9	4-7-7-7-7-1-7-6-3-7-3-0	9-1-7-7-8-6-0-6-11-7-8-9	9-3-12-9-6-7-9-8-7-1-6-7	0-8-10-7-9-7-0-3-3-7-7-3	11-6-6-6-7-6-7-9-8-9-8-8
519	9	9-9-10-11-9-12-10-10-9-12-9-12	10-8-10-11-10-10-10-9-10-10-10-12	9-9-10-10-9-10-9-9-9-8-10-9	8-9-8-9-6-10-9-6-8-10-8-10	6-10-10-6-11-7-10-10-8-9-6-9	9-10-6-9-9-11-8-10-7-8-2-10	6-8-9-11-9-11-8-10-11-11-11-8	11-7-11-7-7-11-7-10-3-9-9-10	9-11-11-7-6-9-9-6-10-11-7-11	11-3-9-11-11-10-8-10-11-11-11-7	11-7-9-11-8-12-10-11-11-9-11-3	9-10-9-11-11-10-7-8-4-7-7-11
519	10	11-11-12-12-11-9-9-12-12-12-12-12	9-11-9-9-11-9-9-10-9-9-10-12	10-10-11-10-11-11-11-10-11-11-9-11	11-10-9-11-9-9-10-9-8-9-9-9	11-9-9-9-9-10-11-11-8-10-11-9	10-9-6-10-9-9-9-11-8-8-5-9	12-8-10-1-10-9-11-9-11-10-12-11	11-7-9-12-11-9-10-11-3-11-11-11	12-9-9-11-12-11-12-10-9-12-11-9	9-11-9-11-11-12-12-9-9-9-9-11	12-10-11-9-11-11-9-9-9-12-7-3	12-9-10-9-8-11-11-11-10-11-7-12
519	11	10-10-10-9-10-9-9-10-10-9-12-10	9-10-10-9-10-9-9-9-9-9-10-10	10-11-10-10-10-12-10-10-10-10-12-10	12-11-12-12-11-11-10-6-11-11-11-9	10-9-9-8-9-11-10-12-8-11-10-6	10-9-11-11-8-9-8-10-10-8-5-12	10-7-10-9-7-9-11-10-9-10-9-10	10-11-9-11-10-9-10-10-3-9-10-10	10-9-9-11-6-10-9-11-8-9-11-9	9-10-6-10-10-10-10-10-9-9-9-11	9-11-7-7-10-10-12-9-9-11-9-3	9-6-10-9-9-10-10-7-4-10-7-10
519	12	12-12-10-12-12-9-9-12-12-9-12-12	10-10-12-9-10-9-9-11-10-12-10-10	10-11-10-10-12-11-11-10-10-12-11-12	11-12-11-11-12-12-10-12-8-12-12-9	10-9-12-12-10-12-11-11-8-10-6-6	12-12-11-12-12-9-12-12-12-12-12-11	10-12-12-12-10-12-12-12-12-12-10-10	12-12-6-10-12-10-7-6-11-10-10-12	10-12-12-12-10-12-12-10-12-10-10-9	9-10-12-12-12-10-10-10-12-12-12-12	10-12-12-8-10-9-12-12-12-10-12-3	10-12-12-1-6-12-12-8-12-12-7-10
520	0	0-0-0-0-0-0-0-0-0-0-0-0	0-0-0-0-0-0-0-0-0-0-0-0	0-0-0-0-0-0-0-0-0-0-0-0	0-0-0-0-0-0-0-0-0-0-0-0	0-0-0-0-0-0-0-0-0-0-0-0	0-0-0-0-0-0-0-0-0-0-0-0	0-0-0-0-0-0-0-0-0-0-0-0	0-0-0-0-0-0-0-0-0-0-0-0	0-0-0-0-0-0-0-0-0-0-0-0	0-0-0-0-0-0-0-0-0-0-0-0	0-0-0-0-0-0-0-0-0-0-0-0	0-0-0-0-0-0-0-0-0-0-0-0
520	1	1-1-1-1-1-1-1-1-1-1-1-1	1-1-1-3-2-1-4-1-1-1-1-1	3-2-2-1-2-2-2-2-1-2-1-1	2-0-2-2-2-2-1-4-2-0-2-5	2-1-5-3-0-1-2-2-1-1-1-2	1-1-1-1-1-4-2-2-1-1-0-0	2-1-1-3-0-1-1-2-1-1-2-1	1-2-1-2-3-2-2-1-1-0-2-1	1-3-1-1-2-1-0-2-2-1-2-4	2-3-3-3-2-2-1-3-4-1-8-2	0-1-1-0-2-3-1-0-1-1-1-1	0-1-1-1-1-1-3-0-2-1-2-2
520	2	2-2-1-2-2-2-2-2-1-2-2-1	3-1-1-1-1-1-1-2-2-3-1-2	7-3-1-1-1-3-3-3-1-2-2-3	3-3-3-3-1-4-1-1-1-2-3-1	1-2-1-1-3-2-3-3-2-2-1-1	3-3-4-3-2-1-3-1-2-2-12-2	1-1-2-2-3-1-2-3-2-2-1-3	2-1-2-3-4-1-1-6-5-2-4-10	2-6-2-3-2-4-2-3-1-1-1-3	3-6-2-1-1-1-3-1-2-5-2-1	2-2-2-0-3-2-1-2-5-3-2-2	4-2-1-3-2-2-2-0-1-3-1-1
520	3	3-3-3-3-2-3-3-3-3-3-3-3	2-3-4-1-2-3-1-4-2-2-1-4	1-2-1-1-4-2-4-5-1-5-4-4	2-2-2-2-1-2-4-1-3-4-5-1	1-3-1-1-2-5-2-2-2-6-1-1	2-2-2-2-2-1-4-2-2-3-3-3	1-1-4-7-2-3-2-2-3-3-2-2	4-1-2-4-1-3-3-2-4-3-2-2	3-2-2-2-3-2-0-2-4-1-4-2	2-1-1-5-1-1-4-1-1-2-4-1	2-2-10-3-4-1-7-2-2-4-2-4	3-2-1-2-1-3-1-0-10-2-3-3
520	4	4-4-4-4-4-4-4-4-6-4-4-4	5-3-3-1-6-5-1-6-2-2-5-3	2-4-1-1-5-2-3-6-5-2-5-3	2-6-5-5-1-2-4-1-5-3-3-1	1-0-1-1-2-3-4-6-5-2-1-2	1-2-2-2-4-1-5-2-4-4-5-2	1-1-3-0-2-4-5-5-4-4-0-2	3-2-2-3-2-1-6-2-3-3-2-2	5-2-3-2-4-2-0-2-3-4-3-1	7-1-4-3-1-4-3-5-1-7-1-1	2-2-5-5-3-3-0-7-7-3-2-3	5-2-1-2-7-4-1-0-3-4-5-5
520	5	4-3-4-5-4-5-7-5-4-5-5-5	4-3-3-6-5-5-1-5-6-7-5-6	2-5-6-6-4-8-6-6-4-3-4-5	6-2-4-6-6-2-6-6-4-3-3-6	6-3-1-7-2-3-6-4-4-5-6-1	9-2-2-2-4-1-4-5-4-5-9-7	1-1-3-0-2-3-4-4-4-4-1-6	3-1-2-3-5-1-4-2-2-7-2-7	4-2-2-5-10-6-0-2-5-6-5-5	7-2-5-3-1-7-4-4-1-2-2-1	5-6-4-4-4-6-6-2-2-2-6-2	5-5-5-2-5-6-5-6-3-5-4-4
520	6	6-6-6-6-7-6-8-6-4-6-8-5	5-3-3-5-4-5-8-4-5-5-5-5	2-6-6-8-5-5-5-5-8-7-5-7	5-4-7-5-8-4-5-12-7-7-7-5	5-3-1-8-2-3-5-4-7-9-5-6	2-2-7-9-6-0-4-5-6-6-4-5	1-7-6-2-2-7-5-4-6-6-6-5	3-6-2-2-5-7-4-2-2-6-2-2	2-2-2-2-2-5-0-2-5-5-6-5	6-2-6-5-7-5-4-14-6-2-2-12	2-5-5-4-7-5-5-2-2-2-5-2	5-2-5-5-5-5-6-5-3-5-4-7
520	7	7-8-8-8-7-7-8-8-4-8-6-8	8-3-4-8-5-4-9-8-12-5-9-8	8-8-9-9-8-9-8-8-6-6-8-6	8-8-8-6-6-8-5-14-6-6-6-9	11-9-15-6-8-3-8-8-6-9-8-8	8-9-6-9-6-8-8-8-4-3-10-9	8-6-6-8-2-6-4-8-6-8-8-6	2-6-8-8-8-7-4-5-2-5-9-8	2-2-7-2-7-5-7-8-5-5-7-5	6-1-5-4-8-5-4-7-10-4-11-6	7-2-4-8-6-9-3-4-4-4-5-2	7-5-7-9-8-8-6-6-3-7-4-6
520	8	9-8-8-9-8-9-9-8-7-8-6-8	7-12-9-7-5-9-7-7-7-9-7-7	7-7-7-6-7-7-9-7-6-9-9-8	7-7-7-6-6-7-5-7-9-9-9-7	1-7-7-6-7-9-7-7-8-6-7-7	7-7-10-7-8-7-9-7-8-8-5-8	7-1-6-7-10-8-10-7-8-7-7-8	3-6-9-9-8-8-12-8-2-12-7-7	7-5-9-2-4-8-9-7-9-12-8-8	9-1-8-8-7-10-9-14-9-8-9-9	7-9-4-7-9-8-9-9-7-2-5-8	7-2-5-2-7-7-9-10-3-9-4-15
520	9	9-9-9-9-9-9-10-9-9-9-10-9	7-10-10-7-5-8-7-7-7-8-7-7	7-9-7-7-6-7-8-8-11-9-10-10	7-10-10-7-6-7-10-7-8-8-10-7	11-7-7-10-7-8-10-9-10-6-7-7	7-7-8-7-9-7-10-10-9-9-5-7	2-10-9-10-10-9-12-10-9-9-7-11	9-9-8-8-10-8-9-9-2-10-7-7	7-2-8-10-9-8-8-7-8-9-8-9	8-2-9-10-8-9-8-10-8-11-8-8	7-8-13-13-12-13-10-10-2-2-5-8	11-10-5-7-11-8-8-10-6-8-10-8
520	10	11-11-9-9-11-9-9-14-9-10-9-11	11-9-9-11-9-8-12-7-12-8-11-9	11-11-12-13-11-11-9-12-11-11-9-9	11-11-12-12-11-11-11-7-11-12-9-7	11-10-10-11-11-8-11-11-9-12-12-11	11-11-12-7-9-7-11-9-9-9-7-11	15-9-9-9-9-9-8-11-6-7-7-9	2-6-12-11-9-10-8-12-2-8-10-2	11-12-15-11-14-5-10-8-5-10-11-5	11-11-10-9-11-8-11-9-10-10-9-6	7-2-3-9-9-12-11-9-10-10-11-10	9-11-10-10-7-10-6-9-3-8-4-8
520	11	11-11-11-11-10-11-11-11-11-11-14-11	10-12-9-10-11-12-15-12-7-8-10-12	10-10-10-10-10-10-12-11-10-10-12-12	10-10-10-10-10-10-12-7-10-10-12-7	10-7-7-10-10-12-10-10-12-11-10-10	10-10-10-7-9-7-12-11-9-8-9-11	1-11-9-1-12-11-12-10-9-9-7-9	9-9-10-10-9-13-9-10-2-11-10-7	10-10-10-10-13-8-7-11-7-9-10-10	10-10-9-11-7-5-10-9-10-10-9-8	0-8-12-13-9-7-10-2-15-10-10-10	9-10-10-10-9-11-6-9-12-7-13-8
520	12	11-12-11-11-11-9-9-11-11-12-11-13	13-8-9-12-13-11-10-11-7-8-10-11	13-13-10-10-13-13-11-13-13-11-11-11	13-13-13-10-13-13-11-6-10-10-11-13	1-15-7-10-13-11-13-13-11-10-10-10	13-14-10-12-9-7-11-12-9-8-13-12	13-1-9-14-11-12-9-11-9-7-13-12	9-6-14-13-13-12-8-10-13-8-7-12	13-10-10-10-14-5-12-12-5-13-12-5	12-13-10-13-12-5-13-9-12-14-12-6	12-2-11-11-9-12-12-12-13-12-5-10	12-13-10-12-12-11-14-11-11-12-11-8
520	13	11-15-13-13-14-11-13-13-13-13-14-12	13-14-14-12-12-14-10-11-12-8-10-14	12-12-12-10-12-12-14-12-12-14-14-14	12-12-12-10-12-12-13-6-14-13-14-12	1-7-12-10-12-13-12-12-14-13-10-10	12-10-10-13-9-7-14-13-9-13-12-13	12-14-9-12-14-11-14-14-9-9-12-12	13-6-12-12-12-13-9-10-12-14-12-7	12-10-12-10-13-8-12-12-14-12-12-10	12-12-9-12-12-12-12-9-12-12-12-13	12-13-15-14-14-9-12-12-12-12-10-8	12-12-10-12-12-11-5-9-14-12-13-14
520	14	11-14-13-13-11-15-13-13-15-15-11-13	13-11-13-12-13-13-10-13-15-8-15-13	12-14-12-15-13-13-13-15-14-13-13-13	15-12-15-15-14-12-14-7-13-13-13-12	14-12-12-10-12-13-15-15-13-14-10-10	10-12-13-14-9-7-13-12-9-13-12-15	14-13-9-12-13-12-13-15-6-9-12-14	14-6-12-14-14-15-8-10-12-13-14-12	15-10-14-10-14-5-12-12-13-13-12-5	12-14-10-10-14-5-13-6-12-12-14-6	12-2-14-13-13-14-12-12-14-14-5-10	12-14-10-12-14-11-12-11-13-14-13-8
520	15	15-15-15-15-15-15-14-15-15-15-15-15	13-13-15-12-15-13-11-14-14-15-14-14	13-15-15-14-13-15-15-15-14-15-15-15	14-15-14-14-15-15-14-15-13-15-15-7	15-12-7-15-15-15-14-14-13-15-10-7	15-15-15-15-15-10-13-15-15-15-15-14	14-15-15-15-11-15-13-14-15-15-10-14	15-15-10-15-15-14-8-10-10-15-14-15	14-15-10-15-8-5-15-8-15-10-12-10	10-15-15-15-15-15-15-9-12-15-15-15	7-15-15-15-6-9-12-15-15-15-5-10	15-15-15-12-13-15-15-15-15-15-15-8