0	0	0-0-0-0-0-0-0-0-0-0-0-0	0-0-0-0-0-0-0-0-0-0-0-0	0-0-0-0-0-0-0-0-0-0-0-0	0-0-0-0-0-0-0-0-0-0-0-0	0-0-0-0-0-0-0-0-0-0-0-0	0-0-0-0-0-0-0-0-0-0-0-0	0-0-0-0-0-0-0-0-0-0-0-0	0-0-0-0-0-0-0-0-0-0-0-0	0-0-0-0-0-0-0-0-0-0-0-0	0-0-0-0-0-0-0-0-0-0-0-0	0-0-0-0-0-0-0-0-0-0-0-0	0-0-0-0-0-0-0-0-0-0-0-0
0	1	1-1-1-1-1-1-1-1-1-1-1-1	0-2-1-0-0-0-0-3-0-1-0-2	0-0-0-0-0-0-2-2-0-0-2-0	0-0-0-0-0-0-0-1-2-2-2-0	1-0-2-0-0-2-2-0-1-1-0-1	4-0-0-0-0-0-2-0-2-1-4-2	4-1-1-1-0-0-0-0-1-1-0-1	1-1-0-1-1-0-1-1-0-1-0-0	1-0-0-0-1-0-1-1-0-0-0-0	0-0-1-2-1-1-0-1-0-4-0-1	0-0-7-1-1-8-0-1-0-0-1-1	1-1-0-1-0-1-0-0-0-0-5-1
0	2	2-1-2-2-1-1-2-1-2-2-2-3	2-1-1-2-2-2-3-3-1-1-3-1	3-3-0-3-5-3-3-3-0-3-1-3	3-0-3-2-5-3-0-2-3-1-3-0	3-0-2-3-0-1-3-3-2-0-0-3	3-4-3-0-2-3-3-3-1-1-1-4	3-1-1-0-3-2-1-3-4-2-2-3	2-3-2-3-2-2-3-4-3-0-0-0	2-0-3-3-4-3-0-3-0-2-2-2	2-2-2-1-3-2-3-2-3-0-0-2	1-2-2-2-0-4-0-0-0-2-3-1	1-3-2-2-0-0-3-0-2-2-2-2
0	3	3-4-2-2-3-3-3-3-3-3-3-2	3-4-4-2-4-4-2-4-4-3-2-4	2-2-2-2-2-4-4-5-6-2-4-2	2-3-4-2-2-2-3-2-2-3-3-0	2-0-2-2-4-3-4-2-3-3-0-2	2-2-4-0-3-2-2-2-3-3-6-6	6-3-1-6-2-3-4-2-3-5-0-2	3-4-0-2-2-4-6-2-2-3-6-4	3-0-2-2-3-2-6-2-4-6-2-2	0-4-4-6-2-5-2-4-2-0-8-2	4-2-8-4-7-0-0-7-0-2-2-3	0-2-2-4-4-0-2-0-6-5-2-3
0	4	4-3-4-5-4-4-4-4-4-4-5-5	5-3-3-2-6-3-5-5-5-4-5-6	5-5-7-2-4-5-5-6-5-2-3-5	5-4-6-5-2-5-5-2-4-1-3-5	2-6-4-4-5-3-5-5-4-4-5-8	1-2-3-4-2-5-3-2-3-3-1-2	1-3-3-3-5-4-5-5-2-3-4-3	6-3-5-3-2-5-3-2-2-6-4-7	6-0-3-2-2-4-5-8-7-8-2-2	5-6-3-8-5-2-0-3-5-5-4-2	6-2-5-3-8-5-6-6-8-8-2-6	5-2-5-3-6-5-3-7-5-3-1-2
0	5	5-7-5-5-5-3-5-5-4-4-4-4	4-6-5-4-5-5-4-6-4-4-4-4	4-4-4-2-2-4-6-3-6-6-6-4	4-4-4-4-2-4-4-2-6-5-6-4	2-4-7-4-5-6-4-4-5-4-6-4	2-4-2-5-5-4-6-5-5-5-5-5	6-6-5-6-4-5-6-4-5-3-8-2	5-5-4-3-5-4-2-6-2-5-4-4	4-5-3-2-5-6-4-6-6-7-2-5	4-2-5-6-4-3-2-5-4-4-4-2	4-2-3-6-4-4-4-4-4-2-6-6	7-2-4-6-4-7-2-4-4-3-7-6
0	6	7-6-6-6-5-5-8-7-7-4-6-7	4-5-5-7-6-7-7-8-4-4-7-7	0-7-7-7-7-4-7-7-5-7-5-7	7-4-4-6-7-7-5-2-7-5-7-4	7-4-6-6-7-7-7-7-6-6-5-7	7-6-7-6-6-4-7-7-3-3-3-3	5-5-5-3-6-4-5-7-5-3-7-7	4-7-7-7-7-4-8-8-7-5-7-4	4-0-7-7-8-6-3-5-5-3-7-2	4-7-8-3-7-8-6-5-2-4-4-7	4-2-3-5-0-6-4-4-4-7-7-7	5-7-6-7-4-7-7-4-7-6-8-3
0	7	6-8-6-8-5-8-8-6-8-7-6-8	8-5-5-6-7-6-6-4-7-4-6-6	4-6-8-6-6-4-6-8-5-6-6-6	6-7-7-4-6-6-8-6-6-5-6-8	6-4-1-4-6-6-8-6-4-7-4-6	6-6-6-8-6-4-6-6-7-7-3-7	8-5-5-7-8-7-5-6-7-7-6-6	7-6-6-6-6-4-3-6-6-5-6-4	7-7-7-6-7-6-5-6-8-5-6-6	6-6-7-5-6-3-6-8-8-1-7-6	6-7-1-7-7-7-4-6-7-6-6-7	5-8-8-6-7-5-6-4-6-4-5-3
0	8	8-7-6-7-8-7-7-8-7-7-6-7	7-5-8-6-8-8-4-6-8-8-6-6	8-8-8-7-8-8-8-7-5-8-7-8	7-8-8-8-8-8-7-8-7-8-8-7	6-4-8-8-8-8-7-8-8-8-2-8	8-8-8-7-8-8-8-8-8-8-8-7	7-8-8-8-8-8-8-8-8-8-5-8	8-8-8-7-8-8-6-6-6-5-5-4	4-8-8-2-6-8-8-5-8-4-6-5	6-8-8-8-8-6-8-7-7-8-3-8	4-2-3-8-4-1-4-4-4-8-8-8	8-7-7-5-4-8-8-4-4-8-6-8
1	0	0-0-0-0-0-0-0-0-0-0-0-0	0-0-0-0-0-0-0-0-0-0-0-0	0-0-0-0-0-0-0-0-0-0-0-0	0-0-0-0-0-0-0-0-0-0-0-0	0-0-0-0-0-0-0-0-0-0-0-0	0-0-0-0-0-0-0-0-0-0-0-0	0-0-0-0-0-0-0-0-0-0-0-0	0-0-0-0-0-0-0-0-0-0-0-0	0-0-0-0-0-0-0-0-0-0-0-0	0-0-0-0-0-0-0-0-0-0-0-0	0-0-0-0-0-0-0-0-0-0-0-0	0-0-0-0-0-0-0-0-0-0-0-0
1	1	1-1-1-2-1-1-1-1-1-1-2-1	2-2-1-0-2-2-1-2-1-1-2-2	1-2-3-2-2-2-2-2-2-2-2-2	2-1-2-2-1-2-2-3-2-2-2-1	4-2-1-3-0-1-2-1-2-3-4-1	2-2-2-3-2-2-2-2-2-1-3-0	1-1-1-1-2-1-0-2-1-2-1-1	1-1-1-2-1-2-1-2-1-1-0-3	1-0-2-0-2-0-9-2-2-1-1-2	3-1-4-7-1-1-2-1-2-2-0-1	1-10-9-2-1-2-1-1-1-1-2-1	2-1-1-1-4-1-2-3-6-8-1-1
1	2	1-1-1-1-1-1-1-1-1-1-1-1	1-1-1-4-1-1-0-1-1-1-3-1	0-3-1-7-3-1-3-1-1-3-1-3	3-0-1-1-3-3-1-4-3-1-1-1	1-1-5-3-0-3-3-3-1-1-1-4	4-1-3-1-1-1-3-4-1-1-0-4	3-1-1-0-3-1-6-3-1-1-5-3	1-4-1-3-3-1-2-10-5-0-5-1	2-0-3-3-5-1-1-3-1-2-3-1	4-3-1-1-3-4-1-1-3-1-0-5	1-5-0-1-1-1-0-0-1-3-1-3	1-3-3-3-1-1-3-1-0-4-2-1
1	3	1-4-1-3-3-1-1-3-1-1-1-1	1-4-3-2-1-1-1-4-1-1-2-4	0-2-1-1-2-2-4-5-4-2-4-2	2-2-3-1-2-2-1-1-4-5-5-1	1-0-2-1-6-4-4-2-3-1-1-2	2-2-4-1-3-1-2-3-1-3-4-3	2-2-1-0-2-3-5-2-5-7-2-2	4-5-4-4-2-1-7-2-2-3-4-1	2-0-4-2-3-0-5-2-4-3-2-4	1-2-5-4-2-2-4-4-2-1-4-2	1-2-1-3-1-1-5-3-1-2-1-2	3-2-2-2-1-1-2-1-0-2-3-1
1	4	1-3-1-4-3-4-1-1-4-4-5-4	1-3-3-2-1-1-1-5-1-1-5-5	1-4-6-2-5-2-3-3-3-6-3-5	5-5-5-2-2-2-3-2-5-5-3-1	1-1-2-5-5-3-5-2-5-1-1-2	2-4-3-5-4-2-5-2-4-4-3-3	3-1-4-0-2-3-4-5-4-1-2-2	1-2-3-3-2-1-3-5-2-4-2-1	4-0-3-2-4-4-1-5-10-9-3-5	2-2-1-5-3-2-3-3-5-1-3-2	1-2-7-5-4-1-0-3-1-4-1-2	1-5-2-3-1-1-3-1-10-2-3-1
1	5	5-3-2-4-3-4-1-5-5-5-4-4	5-3-3-2-1-1-5-4-1-5-4-4	7-6-6-2-4-7-4-3-3-4-4-4	4-4-7-2-2-2-3-7-4-4-3-8	1-5-2-4-7-3-4-2-4-5-1-4	4-7-3-4-5-10-4-2-1-4-3-5	9-5-3-5-4-9-3-4-4-1-2-2	1-3-6-6-2-5-3-4-2-5-5-5	2-9-7-2-2-9-5-4-3-5-2-7	5-5-1-6-10-2-1-4-7-7-1-2	2-2-5-4-4-10-3-5-9-4-6-2	5-4-5-5-1-5-5-5-1-9-3-2
1	6	8-6-7-6-8-7-8-7-8-7-7-6	7-3-7-9-7-8-7-6-7-7-7-7	6-7-7-8-6-9-7-7-7-7-8-6	6-6-7-8-6-6-7-6-7-6-6-6	7-6-5-9-9-6-7-6-7-6-9-6	7-6-3-6-4-7-5-7-1-6-2-6	6-6-8-10-6-6-6-6-7-6-10-7	8-6-5-5-6-5-8-7-2-5-6-6	10-6-10-6-4-6-6-7-6-6-6-5	6-6-6-5-6-10-7-6-4-6-10-8	10-10-8-6-10-10-6-8-10-1-7-6	8-10-6-10-7-8-5-7-8-9-8-10
1	7	6-6-6-6-6-6-6-6-6-6-6-6	6-3-6-7-6-6-8-9-6-6-6-6	5-8-6-6-9-5-8-6-6-6-6-8	8-5-5-6-8-9-6-7-6-4-7-7	9-6-9-7-5-7-8-8-6-6-6-7	6-8-8-9-5-6-8-6-1-3-0-9	5-6-6-9-8-7-8-8-6-3-7-7	6-7-0-7-8-5-3-6-2-5-7-6	10-0-9-8-7-5-6-6-4-5-7-5	6-9-7-6-6-8-8-7-8-6-9-2	9-7-7-4-6-7-0-6-8-9-8-9	6-7-6-9-9-6-6-6-7-0-7-8
1	8	6-10-6-6-6-6-6-6-6-6-6-6	6-9-6-7-6-6-7-6-6-6-6-6	0-7-6-6-7-6-9-6-6-6-9-7	7-6-6-6-7-7-6-6-9-9-7-6	7-6-7-9-5-9-9-7-9-8-6-7	6-7-7-7-8-6-9-9-8-8-3-7	5-6-6-7-7-8-9-9-8-9-7-7	6-9-0-9-7-5-6-6-5-6-7-6	6-0-7-7-8-6-6-7-9-5-9-5	1-7-8-1-9-7-7-6-7-6-7-6	7-7-9-10-6-5-0-6-7-7-7-8	6-2-6-7-1-6-7-6-6-6-9-6
1	9	6-8-6-6-6-10-6-6-6-6-6-10	6-8-6-7-6-6-7-7-6-6-6-6	6-7-6-6-7-6-8-6-6-9-8-7	7-9-9-6-7-7-10-7-8-8-8-10	7-10-7-8-5-8-8-9-8-9-6-7	7-7-8-7-9-6-8-8-9-9-3-7	10-2-6-7-9-5-8-8-9-8-7-7	9-8-5-8-7-6-6-6-2-6-7-6	9-9-7-8-9-5-1-6-4-4-8-5	6-7-9-6-8-2-8-6-10-6-7-2	7-9-8-4-8-9-0-5-7-7-9-7	6-4-9-7-7-6-6-6-6-6-8-6
1	10	10-8-6-6-6-9-6-10-6-6-6-9	6-10-10-7-10-6-7-6-10-10-6-9	10-9-10-6-10-10-9-9-6-10-9-10	9-10-10-10-10-10-9-10-9-10-10-9	6-6-10-10-10-10-9-10-10-10-6-10	6-10-10-7-10-5-9-10-10-10-10-10	9-10-10-6-6-8-10-10-10-10-6-7	10-8-10-9-10-6-10-2-2-5-5-6	6-9-10-10-2-10-10-6-4-6-8-10	5-6-8-10-10-6-10-10-9-10-1-10	6-6-8-8-6-5-9-6-10-10-10-10	6-4-9-6-3-10-10-6-6-10-7-6
2	0	0-0-0-0-0-0-0-0-0-0-0-0	0-0-0-0-0-0-0-0-0-0-0-0	0-0-0-0-0-0-0-0-0-0-0-0	0-0-0-0-0-0-0-0-0-0-0-0	0-0-0-0-0-0-0-0-0-0-0-0	0-0-0-0-0-0-0-0-0-0-0-0	0-0-0-0-0-0-0-0-0-0-0-0	0-0-0-0-0-0-0-0-0-0-0-0	0-0-0-0-0-0-0-0-0-0-0-0	0-0-0-0-0-0-0-0-0-0-0-0	0-0-0-0-0-0-0-0-0-0-0-0	0-0-0-0-0-0-0-0-0-0-0-0
2	1	1-1-1-1-1-1-1-1-1-1-1-1	2-1-0-2-0-2-2-1-2-2-2-2	1-2-2-2-2-1-2-0-2-2-1-1	2-0-0-2-2-2-0-6-1-0-2-2	4-0-6-2-0-1-2-2-1-0-2-6	2-0-2-3-0-2-2-5-1-1-0-2	2-3-1-0-2-2-1-2-1-1-2-2	1-3-2-2-2-2-1-0-2-1-0-1	0-2-2-2-3-1-3-2-0-1-2-1	2-2-1-2-2-3-2-1-2-0-2-3	2-3-3-3-3-3-1-0-0-4-2-1	0-2-1-2-2-3-2-0-3-1-2-3
2	2	2-3-1-2-1-2-2-2-1-1-1-2	1-3-3-1-1-1-1-2-1-1-1-3	3-1-1-1-1-1-3-0-1-3-3-3	1-0-2-1-1-1-1-1-3-3-3-1	1-0-1-1-1-3-3-1-2-0-1-1	1-0-1-1-3-1-3-3-3-2-2-1	1-1-2-2-1-1-3-1-2-2-3-1	4-1-1-1-1-1-3-4-1-2-1-0	2-1-1-1-2-2-4-1-5-2-1-2	1-1-2-1-1-1-1-5-1-3-2-1	1-2-2-2-0-3-0-0-0-3-1-2	4-1-1-1-1-1-1-0-1-2-1-1
2	3	1-2-4-3-2-3-3-3-1-1-3-4	4-2-2-1-5-4-1-4-4-1-4-2	4-5-4-1-3-4-4-4-4-2-2-4	4-4-3-4-1-4-4-3-2-2-2-3	1-7-3-3-5-2-4-4-3-3-3-3	4-3-2-4-5-7-2-2-2-2-2-4	4-1-3-4-4-3-2-4-2-3-2-1	5-1-5-4-1-4-2-1-2-3-3-4	7-4-4-4-1-3-1-1-2-3-1-3	4-2-3-4-5-1-1-2-4-4-5-1	5-1-1-4-7-5-5-4-5-2-3-3	2-1-4-4-4-1-1-7-1-5-1-1
2	4	4-4-3-4-4-4-4-4-3-4-4-3	3-6-5-3-6-3-1-3-3-5-3-3	3-3-3-1-3-3-5-3-3-3-5-3	3-3-4-3-1-3-3-1-5-4-4-3	1-3-3-3-3-5-5-3-5-5-5-3	3-3-1-3-3-1-5-4-5-4-2-5	5-1-4-3-3-3-2-3-4-5-4-2	4-1-3-3-1-3-5-2-1-5-3-3	4-3-3-3-3-3-2-5-5-6-1-7	3-1-2-7-1-5-1-1-3-3-3-1	6-4-7-3-7-3-3-3-6-1-4-4	2-1-3-5-3-1-1-0-3-3-2-1
2	5	5-4-7-5-6-4-4-6-5-7-5-5	3-4-4-6-4-6-7-6-3-4-7-6	6-3-6-6-6-5-6-6-6-5-4-6	6-3-7-6-6-6-4-5-6-4-6-3	6-3-5-5-3-4-6-6-4-4-6-6	4-3-6-5-3-1-4-7-4-5-0-4	6-1-2-3-6-5-2-6-4-5-6-6	3-6-3-6-6-3-4-6-5-5-6-3	7-3-3-6-5-3-6-4-2-5-6-3	3-6-5-6-6-4-6-2-3-3-3-1	3-5-6-4-0-3-3-3-6-1-5-5	2-6-5-6-3-0-6-3-6-3-6-5
2	6	7-7-6-5-6-7-7-5-7-6-6-7	7-4-4-5-4-7-5-5-7-4-7-7	3-7-5-7-5-6-5-5-5-6-6-5	5-6-6-5-5-5-7-1-5-6-5-7	5-3-7-5-6-6-7-5-6-6-5-1	7-7-5-5-3-1-5-5-6-6-2-6	5-1-2-6-7-6-4-5-6-4-5-5	6-5-3-5-5-7-7-5-6-6-5-6	6-3-6-5-5-5-5-7-3-4-5-3	7-6-6-5-5-7-5-2-7-6-5-1	4-6-6-7-7-7-3-5-5-6-6-5	7-6-5-5-5-1-5-3-5-3-5-1
2	7	7-6-7-4-7-7-6-7-6-5-6-6	6-4-7-5-7-7-5-7-7-7-6-6	7-7-7-6-7-5-6-6-6-7-7-7	6-7-7-7-7-7-6-7-7-7-7-6	7-3-7-7-7-7-6-7-7-7-6-7	6-7-7-5-7-3-7-7-7-7-7-7	6-7-7-7-6-7-7-7-7-7-6-5	7-5-7-6-7-6-6-5-5-5-4-5	5-5-7-7-5-7-7-6-7-7-5-4	6-7-7-7-7-6-7-2-6-7-3-7	3-7-4-7-7-6-3-2-7-6-7-7	4-7-7-4-5-7-7-3-7-7-1-1
3	0	0-0-0-0-0-0-0-0-0-0-0-0	0-0-0-0-0-0-0-0-0-0-0-0	0-0-0-0-0-0-0-0-0-0-0-0	0-0-0-0-0-0-0-0-0-0-0-0	0-0-0-0-0-0-0-0-0-0-0-0	0-0-0-0-0-0-0-0-0-0-0-0	0-0-0-0-0-0-0-0-0-0-0-0	0-0-0-0-0-0-0-0-0-0-0-0	0-0-0-0-0-0-0-0-0-0-0-0	0-0-0-0-0-0-0-0-0-0-0-0	0-0-0-0-0-0-0-0-0-0-0-0	0-0-0-0-0-0-0-0-0-0-0-0
3	1	1-1-2-1-2-2-1-1-2-1-1-1	1-2-0-1-0-2-2-1-2-2-2-1	1-2-2-0-2-2-2-2-0-0-2-2	2-2-2-1-1-2-0-4-0-0-0-2	0-2-4-0-2-0-2-1-0-0-2-3	1-4-0-2-0-2-0-0-0-0-0-2	4-0-1-3-0-0-0-3-0-0-3-2	0-3-0-0-0-2-0-0-0-2-3-1	3-3-2-0-1-1-2-3-0-1-2-2	2-0-1-0-0-0-3-0-2-2-3-0	0-0-0-0-3-2-3-0-3-1-0-1	3-2-1-3-3-3-0-3-3-0-1-1
3	2	1-1-1-1-1-1-1-1-1-1-1-1	3-1-0-4-0-1-1-1-1-1-1-1	0-4-1-5-3-1-3-1-3-3-1-3	3-1-1-4-3-3-3-4-3-0-3-1	3-1-8-0-1-2-3-3-0-5-7-3	5-0-3-1-2-1-3-3-0-0-0-4	3-4-0-1-3-2-0-3-0-2-1-1	0-4-2-3-3-1-8-8-4-1-1-0	1-1-3-3-4-0-1-4-0-2-4-1	1-3-0-6-3-2-0-6-3-1-0-5	2-3-0-0-0-1-1-0-1-2-3-2	1-3-2-1-4-5-3-1-2-2-2-4
3	3	3-3-1-3-4-3-3-3-1-1-2-4	2-5-4-2-3-4-1-4-1-1-1-4	0-3-1-3-2-5-4-2-2-2-4-2	2-1-5-2-2-2-2-2-5-0-2-1	2-1-1-3-1-2-4-2-4-2-2-1	1-1-5-1-3-2-2-2-3-3-5-3	2-2-4-1-2-3-4-2-0-5-1-2	3-1-1-2-2-4-5-2-4-3-1-3	1-1-2-2-0-1-1-1-0-2-2-3	1-2-3-2-2-4-1-0-2-1-1-3	8-2-1-3-1-4-1-1-1-2-2-3	1-2-0-1-1-1-2-1-1-7-1-3
3	4	5-3-1-5-3-5-4-3-4-1-4-3	5-3-3-2-5-3-5-5-6-1-5-5	4-5-5-2-4-6-3-5-6-5-3-4	5-5-3-2-2-5-6-1-4-0-2-1	2-5-1-4-5-3-5-4-4-3-1-4	6-1-3-4-7-6-3-3-3-0-0-2	1-2-3-1-5-5-3-0-5-2-6-3	5-2-6-2-2-3-3-3-2-4-4-7	4-5-3-2-2-0-6-5-5-4-2-4	5-8-3-8-5-3-1-5-7-7-4-2	6-0-5-3-6-5-6-7-5-2-2-4	5-2-4-0-2-2-2-5-8-2-4-2
3	5	5-5-7-7-5-4-5-5-5-6-4-7	4-3-3-6-6-6-7-7-6-6-4-4	6-6-4-6-6-6-6-7-6-6-6-6	6-4-6-7-6-6-4-7-5-0-5-7	7-6-8-5-4-5-6-6-5-5-7-6	2-1-6-7-4-2-6-5-0-3-3-3	8-2-3-6-6-4-4-6-4-3-7-5	4-5-4-6-7-1-3-7-5-5-7-4	8-4-6-6-7-5-4-6-4-5-5-6	4-5-5-6-4-7-6-5-4-1-7-2	4-6-4-0-4-6-4-5-7-6-6-5	4-7-4-7-7-2-5-4-5-5-5-6
3	6	5-6-5-8-6-6-5-8-6-5-6-5	4-7-6-5-5-5-5-7-5-6-5-5	5-5-5-5-5-5-7-5-5-5-7-5	5-4-5-5-5-5-4-5-7-6-5-5	5-5-7-6-5-7-7-5-6-6-5-5	4-1-5-6-4-4-5-7-6-6-0-6	5-2-0-5-5-6-7-5-6-6-4-5	6-5-4-5-5-4-3-5-5-6-5-4	5-5-5-5-6-5-7-5-8-5-6-5	4-5-6-5-7-7-7-2-5-1-5-6	4-5-5-8-4-5-4-0-6-5-5-5	4-5-5-5-5-5-7-4-5-3-5-5
3	7	8-8-5-5-6-8-8-8-8-5-5-5	8-6-6-5-5-8-5-6-4-8-8-5	5-5-5-5-5-5-6-5-8-5-6-5	5-4-7-5-5-5-8-5-6-0-6-5	5-5-6-7-1-6-6-5-6-7-5-5	8-6-8-6-4-2-6-6-7-7-0-6	8-6-0-6-6-7-6-8-7-6-5-5	7-6-2-6-5-8-3-5-8-7-5-4	7-7-5-7-5-8-6-5-6-5-5-0	8-5-7-4-3-5-6-8-8-1-5-2	4-7-0-0-0-7-4-4-5-7-7-5	4-5-7-5-5-2-2-4-5-3-5-2
3	8	8-7-5-6-8-7-7-8-7-5-5-5	7-8-8-5-8-8-5-8-8-8-7-8	8-8-8-5-8-5-7-6-7-8-8-8	7-8-8-8-8-8-7-8-7-0-8-5	5-5-5-8-8-6-7-8-8-8-0-8	7-0-8-7-8-1-8-8-8-8-8-8	5-8-8-8-7-6-8-8-8-8-5-7	8-7-8-7-8-7-2-5-7-7-5-7	5-8-8-8-5-8-8-7-8-8-1-0	7-8-8-4-8-5-8-5-7-8-8-8	3-0-0-6-0-7-4-4-8-7-8-7	8-8-7-0-0-8-8-4-8-8-7-0
4	0	0-0-0-0-0-0-0-0-0-0-0-0	0-0-0-0-0-0-0-0-0-0-0-0	0-0-0-0-0-0-0-0-0-0-0-0	0-0-0-0-0-0-0-0-0-0-0-0	0-0-0-0-0-0-0-0-0-0-0-0	0-0-0-0-0-0-0-0-0-0-0-0	0-0-0-0-0-0-0-0-0-0-0-0	0-0-0-0-0-0-0-0-0-0-0-0	0-0-0-0-0-0-0-0-0-0-0-0	0-0-0-0-0-0-0-0-0-0-0-0	0-0-0-0-0-0-0-0-0-0-0-0	0-0-0-0-0-0-0-0-0-0-0-0
4	1	1-1-1-1-1-1-1-1-1-1-1-1	0-2-1-0-0-2-0-2-1-1-0-0	2-0-0-1-2-2-2-2-0-0-2-2	0-0-0-0-0-0-1-0-1-2-2-1	1-1-0-0-0-1-2-0-1-0-0-1	0-2-0-0-1-0-2-0-2-1-6-0	2-2-1-0-2-1-0-0-1-1-2-0	2-0-0-2-1-0-1-0-0-0-0-0	1-0-0-0-3-0-0-2-2-1-0-1	0-1-1-2-0-0-0-0-0-4-0-1	4-1-7-1-1-0-0-0-0-0-0-3	1-1-0-0-4-0-0-1-0-0-1-3
4	2	2-1-2-1-1-1-2-1-2-2-2-1	2-1-1-4-1-1-3-1-1-1-3-4	1-3-4-4-3-3-3-1-3-3-1-1	3-3-2-4-3-3-3-4-3-1-1-4	3-0-2-3-5-3-3-3-2-0-3-3	3-3-3-2-2-4-3-3-1-1-0-3	1-1-1-0-3-2-3-3-1-4-1-3	1-4-6-3-3-0-7-5-2-1-2-0	0-0-3-3-4-3-0-3-1-2-4-2	0-3-0-1-3-2-3-2-3-0-0-4	6-4-2-4-1-2-0-1-1-2-3-2	1-3-2-1-0-2-3-1-2-3-2-4
4	3	3-4-3-3-3-3-3-3-3-2-3-3	2-5-5-2-1-4-2-4-3-4-2-4	5-2-5-2-2-2-4-6-4-2-4-2	2-2-4-2-2-2-2-2-2-5-4-0	2-0-5-2-4-2-4-2-3-3-2-2	2-2-2-2-3-2-2-2-3-3-5-3	6-1-3-4-2-3-5-2-1-3-2-4	0-2-0-2-2-4-5-2-4-3-0-0	6-0-2-2-1-2-4-2-5-3-2-3	0-2-3-1-4-2-2-5-2-0-4-2	6-3-0-4-6-2-3-0-0-2-2-2	3-2-2-0-0-2-2-1-0-2-3-5
4	4	5-3-4-3-3-4-4-5-5-4-4-4	5-3-3-2-5-3-5-3-5-3-5-5	6-5-6-2-4-5-3-4-3-6-3-4	5-5-5-5-2-5-5-2-3-3-3-2	2-0-2-4-5-3-5-5-6-6-4-4	1-5-3-4-5-4-3-2-1-3-3-5	4-2-3-3-4-4-3-5-3-2-7-3	1-2-5-2-2-5-1-2-3-4-4-5	5-5-4-2-2-4-5-3-7-4-2-4	5-5-4-7-3-2-0-3-5-5-5-2	5-2-5-3-5-4-5-5-5-2-2-2	3-2-4-5-5-5-2-5-7-6-3-2
4	5	5-5-7-7-3-5-5-5-5-7-4-5	4-3-3-5-4-6-4-6-6-4-4-4	5-4-4-7-6-4-6-6-6-6-6-6	6-4-4-4-6-6-4-6-6-3-6-2	7-7-6-6-4-5-6-6-4-6-7-6	6-4-7-5-4-4-6-6-1-3-3-6	5-5-1-0-7-5-3-6-3-3-6-5	0-6-4-6-6-4-3-6-7-4-4-4	4-4-4-5-7-7-4-6-3-5-6-4	4-6-5-6-6-5-6-3-4-4-6-6	4-5-6-3-7-4-4-4-4-6-5-5	4-5-5-6-6-4-5-4-6-5-6-6
4	6	5-7-5-5-3-7-7-7-7-6-6-7	4-3-3-5-6-6-4-5-5-4-4-7	4-5-4-5-5-4-5-7-5-5-5-5	5-6-6-4-5-5-7-5-5-3-5-7	5-4-5-5-6-5-7-5-4-4-4-5	5-6-5-7-6-4-5-5-6-6-3-7	7-5-6-6-5-6-3-5-6-3-5-5	6-5-2-5-5-6-7-5-2-6-5-4	6-6-6-5-5-5-4-5-3-6-5-3	6-5-6-6-5-5-5-5-7-4-5-5	5-6-5-7-3-6-6-5-4-5-6-6	3-5-5-5-5-5-5-4-5-4-5-5
4	7	7-6-5-5-7-6-6-7-6-5-5-6	6-7-7-5-7-7-5-7-6-7-5-6	7-7-7-5-7-7-7-6-7-7-6-7	6-7-7-7-7-7-6-7-6-7-7-6	5-5-7-7-7-7-6-7-7-7-5-5	6-7-5-6-7-4-7-7-7-7-7-7	6-7-7-7-5-7-7-6-7-7-4-5	7-7-7-7-7-7-5-5-5-6-5-4	5-7-7-6-5-7-7-5-7-3-5-7	5-4-7-7-7-5-5-5-6-7-5-7	4-7-1-6-5-7-6-4-7-4-7-7	7-6-7-4-4-7-7-4-4-7-5-7
5	0	0-0-0-0-0-0-0-0-0-0-0-0	0-0-0-0-0-0-0-0-0-0-0-0	0-0-0-0-0-0-0-0-0-0-0-0	0-0-0-0-0-0-0-0-0-0-0-0	0-0-0-0-0-0-0-0-0-0-0-0	0-0-0-0-0-0-0-0-0-0-0-0	0-0-0-0-0-0-0-0-0-0-0-0	0-0-0-0-0-0-0-0-0-0-0-0	0-0-0-0-0-0-0-0-0-0-0-0	0-0-0-0-0-0-0-0-0-0-0-0	0-0-0-0-0-0-0-0-0-0-0-0	0-0-0-0-0-0-0-0-0-0-0-0
5	1	1-1-1-1-1-1-1-1-1-1-1-1	1-0-1-3-1-1-0-0-0-1-0-0	0-3-0-2-2-1-2-0-0-2-0-2	2-0-0-3-2-2-0-1-1-1-1-0	2-0-1-2-2-1-2-2-1-1-0-2	2-0-2-0-0-3-2-3-1-1-3-2	2-1-1-0-2-2-1-2-1-1-3-2	1-3-3-2-3-3-1-3-1-0-0-0	1-0-2-2-3-0-0-2-0-1-1-1	0-2-3-2-6-3-0-3-2-0-0-3	0-1-0-5-6-2-0-0-3-1-1-1	2-1-1-1-0-1-2-0-1-1-1-1
5	2	1-2-2-2-2-2-2-2-2-2-2-3	1-3-2-1-2-3-0-3-3-2-3-3	0-2-4-1-1-1-3-1-3-1-3-3	1-3-3-1-1-1-2-2-3-4-3-2	1-0-1-1-1-1-3-1-3-2-0-1	1-1-4-2-2-1-3-1-2-2-5-4	1-1-2-3-1-1-3-1-2-2-3-1	2-1-0-1-1-3-4-2-2-2-0-1	2-0-1-1-2-0-2-1-4-2-1-2	3-1-2-6-1-1-4-2-1-3-2-1	3-1-6-3-1-1-0-0-3-1-1-2	1-1-1-1-0-1-1-0-1-1-1-1
5	3	3-3-3-5-3-2-3-3-3-3-3-5	4-2-2-1-1-2-4-5-4-2-4-4	5-4-4-1-2-3-2-4-2-1-2-2	4-4-3-4-1-1-3-3-2-2-2-5	1-5-1-3-4-2-4-3-2-6-4-6	1-4-2-3-3-1-2-1-2-3-2-1	6-1-2-4-4-4-2-4-3-3-4-1	4-1-4-1-1-4-1-1-4-3-4-4	4-4-4-1-1-4-4-4-2-3-2-4	4-4-1-2-4-1-2-1-4-4-4-1	4-1-3-2-4-4-4-4-4-1-3-3	4-1-3-3-4-4-1-3-4-4-1-1
5	4	3-5-6-6-4-2-4-3-4-4-4-4	3-2-2-5-4-5-3-5-3-5-5-5	3-5-5-5-5-6-5-5-6-5-4-5	5-3-4-5-5-5-6-4-5-5-5-3	5-3-5-5-4-4-5-5-5-4-5-5	5-4-5-3-3-3-5-4-2-4-2-5	4-4-2-3-5-4-2-6-0-4-3-6	3-5-3-5-5-3-2-5-3-4-5-3	3-3-3-5-5-5-3-3-2-5-5-5	3-5-4-5-3-5-2-4-3-3-3-1	3-1-3-2-3-3-3-3-3-1-1-4	3-1-5-4-3-3-5-3-3-3-5-1
5	5	3-6-4-3-5-6-6-5-6-5-4-6	5-2-2-4-4-6-3-4-6-5-4-4	3-4-4-4-4-5-4-4-6-4-5-4	4-5-5-4-4-4-5-4-4-4-4-3	4-3-4-4-5-4-4-4-4-5-4-4	6-5-4-3-3-1-4-4-5-5-2-4	4-4-2-5-4-5-4-4-5-2-4-1	4-4-4-4-4-5-2-4-3-3-4-5	5-5-5-4-4-4-4-6-2-4-4-4	5-4-5-4-5-4-5-4-5-5-4-1	4-5-3-5-6-5-3-4-5-6-1-5	5-6-5-4-6-5-4-5-1-5-4-1
5	6	6-5-4-4-6-6-5-6-5-4-5-5	5-6-6-4-6-6-3-4-5-6-4-4	6-6-6-4-6-4-5-5-5-6-6-6	6-6-6-6-6-4-5-6-5-6-6-3	4-3-6-6-5-6-5-6-6-6-4-3	5-6-6-6-6-6-6-6-6-6-2-6	3-6-6-6-5-6-2-6-6-6-5-4	6-4-6-6-6-5-6-1-4-3-5-5	5-3-6-6-1-6-2-5-6-4-4-2	3-3-6-6-6-1-6-2-3-6-3-6	3-6-5-6-5-5-3-3-3-5-6-6	5-5-5-5-5-6-6-3-3-6-4-6
6	0	0-0-0-0-0-0-0-0-0-0-0-0	0-0-0-0-0-0-0-0-0-0-0-0	0-0-0-0-0-0-0-0-0-0-0-0	0-0-0-0-0-0-0-0-0-0-0-0	0-0-0-0-0-0-0-0-0-0-0-0	0-0-0-0-0-0-0-0-0-0-0-0	0-0-0-0-0-0-0-0-0-0-0-0	0-0-0-0-0-0-0-0-0-0-0-0	0-0-0-0-0-0-0-0-0-0-0-0	0-0-0-0-0-0-0-0-0-0-0-0	0-0-0-0-0-0-0-0-0-0-0-0	0-0-0-0-0-0-0-0-0-0-0-0
6	1	1-2-1-2-1-1-1-0-1-1-1-1	1-0-0-1-0-2-1-2-0-1-2-0	2-2-2-0-0-2-2-2-0-1-2-2	2-2-3-1-1-2-0-1-1-0-0-1	0-0-1-2-2-0-2-2-0-0-0-1	1-0-0-0-0-1-0-0-0-0-0-2	0-0-0-1-2-0-0-2-0-1-0-0	0-0-0-0-0-2-0-0-0-1-1-0	0-1-2-0-0-0-0-2-0-1-0-5	1-1-1-2-0-1-0-0-1-6-0-0	0-0-1-1-1-1-2-1-0-1-0-1	1-1-1-1-1-1-0-1-1-1-1-0
6	2	2-1-2-1-2-2-2-2-2-2-2-2	3-0-0-3-0-1-3-1-0-1-1-0	1-1-1-5-3-1-3-3-3-3-3-3	3-1-1-1-3-3-0-3-3-0-3-3	5-0-3-1-1-2-3-3-1-5-3-3	2-3-3-2-2-3-3-2-0-0-0-3	3-3-0-1-3-0-2-3-0-2-2-3	0-3-2-3-3-1-7-6-2-1-2-0	2-1-3-3-6-3-1-3-0-2-3-2	3-3-1-1-3-4-3-2-3-1-0-2	2-4-2-4-2-2-1-1-0-2-3-2	0-3-2-3-0-2-3-1-2-2-2-2
6	3	3-3-3-3-3-3-3-3-3-2-3-3	2-4-4-2-0-3-2-2-3-1-2-3	1-2-3-2-2-5-2-4-4-4-2-2	2-4-1-4-2-2-2-2-2-3-4-2	2-3-2-3-4-4-2-2-4-3-2-2	2-2-2-2-3-2-4-2-6-3-5-2	2-2-4-0-2-3-5-2-3-2-5-4	3-2-2-2-2-1-5-0-3-4-0-3	3-1-2-2-3-2-4-2-5-3-2-3	2-2-3-4-2-2-2-3-2-4-3-4	4-3-4-5-3-4-1-3-4-2-2-3	6-2-1-2-3-2-2-3-1-3-2-2
6	4	4-4-5-4-4-5-4-5-6-7-5-4	5-3-3-2-6-5-4-4-5-5-5-5	4-5-6-6-4-4-5-6-5-3-5-4	5-3-5-5-3-5-5-4-3-4-3-4	3-7-3-4-3-3-5-3-3-4-5-7	3-3-2-4-5-5-3-5-6-4-0-4	3-3-4-7-5-4-3-4-5-4-5-5	5-2-5-2-2-5-3-3-2-5-5-5	5-4-4-2-2-3-5-5-4-4-2-3	5-5-3-3-4-2-0-4-6-5-5-2	5-4-4-3-5-5-5-5-5-4-2-4	5-3-4-5-5-5-2-5-5-3-4-4
6	5	4-4-5-4-3-4-4-4-4-4-4-6	4-3-3-6-4-4-4-6-4-4-4-4	1-6-6-6-6-7-6-4-4-6-4-5	6-4-4-4-6-6-4-6-6-3-6-5	6-4-7-1-1-5-6-6-5-2-6-6	6-3-6-2-4-4-6-5-3-0-3-6	6-5-3-6-4-5-3-6-4-5-6-4	4-5-4-5-5-7-3-7-5-4-6-4	4-4-6-6-7-5-4-4-3-2-6-1	4-4-5-1-6-6-5-3-5-4-4-5	4-5-6-3-4-4-4-4-4-4-2-2	4-5-5-5-4-4-5-4-6-5-6-5
6	6	5-7-4-4-6-7-4-5-4-4-5-5	4-3-3-5-4-4-4-5-4-4-5-4	5-5-5-5-5-6-5-4-7-5-6-5	5-6-6-4-5-5-7-5-5-6-5-5	5-4-5-1-6-5-5-5-6-6-5-5	7-0-5-4-6-5-5-5-3-6-0-6	5-5-0-7-7-6-6-5-6-4-5-4	6-6-2-5-5-7-3-2-5-4-5-4	6-7-6-5-2-5-6-5-3-2-5-1	6-5-6-3-5-5-5-3-4-1-5-6	5-5-5-3-7-7-4-5-6-6-6-6	7-5-6-6-6-2-2-4-5-3-5-2
6	7	7-6-5-5-7-6-4-7-4-4-4-7	4-7-7-5-7-6-4-7-4-7-4-4	7-7-7-5-7-5-6-7-4-7-4-7	5-7-6-7-7-7-6-7-7-7-7-5	5-4-7-7-7-7-6-7-7-7-5-7	6-7-7-7-7-7-7-7-7-7-7-7	5-7-7-7-5-7-7-5-7-5-7-7	7-7-5-6-7-6-2-5-6-7-4-4	6-7-7-7-5-7-7-5-7-7-7-0	6-7-7-7-7-7-7-4-7-7-4-7	7-7-0-7-5-6-4-4-4-4-7-7	7-6-5-7-4-7-7-4-7-7-5-7
7	0	0-0-0-0-0-0-0-0-0-0-0-0	0-0-0-0-0-0-0-0-0-0-0-0	0-0-0-0-0-0-0-0-0-0-0-0	0-0-0-0-0-0-0-0-0-0-0-0	0-0-0-0-0-0-0-0-0-0-0-0	0-0-0-0-0-0-0-0-0-0-0-0	0-0-0-0-0-0-0-0-0-0-0-0	0-0-0-0-0-0-0-0-0-0-0-0	0-0-0-0-0-0-0-0-0-0-0-0	0-0-0-0-0-0-0-0-0-0-0-0	0-0-0-0-0-0-0-0-0-0-0-0	0-0-0-0-0-0-0-0-0-0-0-0
7	1	1-1-1-1-1-0-1-1-1-1-1-2	2-0-0-2-0-1-1-0-2-2-2-2	0-2-3-0-2-0-2-0-0-1-2-0	2-2-1-2-2-2-0-3-2-5-0-1	2-1-2-2-0-0-2-2-0-3-3-3	2-2-3-1-0-1-2-0-0-0-0-2	0-2-0-1-2-0-0-2-1-0-0-0	0-2-0-2-0-0-0-3-1-0-1-0	0-2-0-2-1-2-1-1-0-1-1-2	2-2-0-0-2-0-2-1-2-0-0-0	1-0-1-0-2-1-1-1-1-1-2-1	1-2-1-1-0-1-2-1-1-1-1-2
7	2	2-2-2-2-2-2-2-2-2-2-2-2	1-4-4-1-0-3-1-3-3-1-1-3	3-1-1-2-1-1-3-3-4-1-3-3	1-1-1-1-1-1-3-1-1-1-3-1	1-2-1-1-0-3-3-1-3-2-1-1	1-1-1-3-2-1-1-0-4-2-3-2	0-1-3-0-1-2-3-1-1-0-3-0	4-1-0-1-0-0-3-1-0-0-3-0	3-1-0-1-2-1-3-1-3-2-3-1	1-1-0-2-3-0-1-3-1-0-4-3	3-3-0-4-3-0-0-3-0-1-1-1	8-1-1-2-0-1-1-2-1-1-4-1
7	3	3-2-2-2-2-2-3-2-4-3-3-3	3-2-2-1-0-2-3-4-2-4-1-2	4-4-1-3-1-4-2-2-2-2-2-4	4-4-4-1-3-4-2-1-1-1-4-1	1-5-3-1-4-2-4-1-2-3-1-1	3-4-1-5-3-1-3-1-0-0-2-3	3-3-2-0-4-0-2-1-0-2-2-0	2-2-5-3-3-4-2-1-3-3-3-3	2-3-4-0-1-7-3-3-2-3-2-4	3-3-3-4-2-4-2-2-4-9-3-2	2-2-3-2-2-10-4-2-5-1-4-4	5-1-3-3-0-3-3-3-3-7-3-0
7	4	4-2-4-4-2-2-4-9-3-3-5-4	5-2-2-5-8-3-5-3-5-3-5-5	3-3-5-7-7-3-5-5-2-5-7-5	5-3-3-5-5-5-2-7-5-1-4-5	7-5-7-1-3-4-5-5-3-4-1-5	5-7-5-8-3-5-5-5-2-0-0-5	5-7-0-0-5-4-4-5-0-4-5-7	2-7-4-5-4-3-2-7-4-3-4-0	4-3-3-5-6-3-1-5-2-4-4-3	4-7-3-3-5-7-5-2-5-4-2-7	5-4-3-2-1-4-3-2-0-5-3-3	3-4-4-4-0-3-5-3-4-4-4-4
7	5	5-5-4-4-5-5-5-5-5-3-5-4	4-5-6-4-5-4-4-7-4-3-4-4	3-4-4-4-4-3-4-4-6-6-3-4	4-6-3-4-4-4-8-4-6-6-6-4	4-3-4-7-3-4-4-4-6-4-1-4	4-4-4-4-7-4-6-4-5-5-8-4	3-4-8-1-4-5-7-4-5-0-4-6	5-4-4-4-4-3-8-6-4-5-8-6	8-3-4-4-2-3-5-4-6-5-6-8	3-1-6-6-4-6-4-8-4-5-5-6	4-7-5-5-9-6-3-5-3-4-4-2	3-4-3-4-6-3-4-6-8-8-4-8
7	6	7-6-7-6-5-7-7-8-7-7-7-7	6-5-5-7-8-7-7-6-7-7-7-7	6-7-8-8-6-7-7-7-7-7-6-6	7-7-7-7-5-7-7-6-5-6-5-7	6-7-3-6-7-5-7-7-5-6-6-6	7-4-5-7-7-7-5-8-5-5-0-4	7-6-6-7-7-6-5-7-5-6-6-7	6-5-7-5-4-10-7-5-7-9-7-7	7-8-6-7-4-6-6-7-5-6-5-4	7-6-5-5-6-5-0-6-7-7-7-4	7-6-6-8-7-7-7-7-7-6-5-6	7-4-6-0-7-7-5-7-6-6-7-7
7	7	6-7-6-6-7-6-6-6-6-6-6-6	6-9-8-6-6-6-6-6-6-6-6-6	4-6-6-4-4-6-6-6-6-6-8-7	6-6-6-6-4-6-6-4-8-9-8-6	4-6-4-5-6-8-6-6-5-6-1-6	6-4-4-6-5-6-8-4-5-7-0-7	3-4-6-6-6-7-5-6-7-9-6-6	7-4-6-5-4-3-6-4-6-7-6-6	6-6-6-6-2-3-6-6-5-7-4-4	6-4-8-8-7-4-4-5-6-6-6-4	6-8-6-7-6-6-6-6-6-4-8-7	6-8-6-4-6-6-4-6-6-6-6-6
7	8	9-8-10-10-6-8-6-6-6-6-6-6	6-7-7-9-9-9-10-9-9-6-9-6	8-9-9-10-9-10-9-7-9-9-7-9	9-6-6-9-9-9-5-4-9-7-9-8	9-6-9-9-3-9-9-9-8-8-9-9	8-8-9-4-8-6-7-9-5-5-5-8	10-4-7-6-7-8-5-9-7-7-9-9	7-9-4-9-9-3-5-9-6-6-8-6	10-6-10-9-9-3-6-6-5-7-9-5	9-8-7-7-9-8-8-5-6-6-7-9	6-7-9-6-10-9-6-6-6-8-7-8	2-9-4-8-6-7-8-6-5-5-10-5
7	9	8-10-8-8-9-10-6-6-6-6-8-6	6-7-7-8-8-8-8-8-8-6-8-8	6-8-8-8-8-9-8-6-10-8-8-8	8-9-9-8-8-8-10-8-8-7-8-8	8-6-8-6-3-8-8-8-9-9-8-8	10-8-8-10-9-6-8-8-5-9-5-9	10-4-7-10-10-9-9-8-9-7-8-8	9-8-4-8-8-3-5-8-10-6-8-6	9-6-9-8-8-3-9-6-5-7-8-3	8-8-9-7-8-8-8-5-6-6-7-8	7-9-8-6-10-8-6-8-9-9-9-9	5-8-9-8-9-7-5-3-5-8-10-10
7	10	10-9-8-8-10-9-6-10-6-6-6-6	6-7-10-8-10-10-8-8-10-10-8-8	10-9-10-8-10-10-9-8-9-10-10-10	8-10-9-10-10-10-9-10-10-10-10-6	8-6-10-10-10-10-9-10-10-10-8-10	9-4-10-9-10-6-10-10-10-10-10-9	8-10-10-9-9-10-10-10-10-10-6-8	10-10-8-9-10-9-10-8-9-3-6-6	8-9-9-10-8-10-10-8-10-6-10-8	3-10-10-10-10-10-10-6-10-10-6-10	7-10-10-10-8-3-6-6-10-9-10-10	10-7-3-0-6-10-10-6-10-10-9-10
8	0	0-0-0-0-0-0-0-0-0-0-0-0	0-0-0-0-0-0-0-0-0-0-0-0	0-0-0-0-0-0-0-0-0-0-0-0	0-0-0-0-0-0-0-0-0-0-0-0	0-0-0-0-0-0-0-0-0-0-0-0	0-0-0-0-0-0-0-0-0-0-0-0	0-0-0-0-0-0-0-0-0-0-0-0	0-0-0-0-0-0-0-0-0-0-0-0	0-0-0-0-0-0-0-0-0-0-0-0	0-0-0-0-0-0-0-0-0-0-0-0	0-0-0-0-0-0-0-0-0-0-0-0	0-0-0-0-0-0-0-0-0-0-0-0
8	1	1-1-1-1-1-1-1-1-1-1-1-1	0-0-1-0-0-0-0-2-1-1-0-0	1-0-0-1-0-2-2-2-3-0-2-0	0-0-1-0-0-0-0-0-2-1-2-0	2-2-2-0-0-2-2-0-1-0-0-0	4-0-0-0-0-0-2-0-2-1-4-0	4-1-1-0-0-0-0-0-1-1-4-0	1-1-0-0-1-0-2-1-0-1-0-0	1-0-0-0-0-0-4-0-0-0-0-0	0-0-0-0-0-2-0-1-0-0-0-1	0-0-1-2-0-5-0-0-4-0-0-1	4-2-0-4-0-4-0-0-0-0-1-1
8	2	3-2-2-3-1-2-2-1-2-2-2-3	2-2-1-2-0-2-3-1-3-2-3-3	0-3-3-3-3-3-3-3-1-3-1-3	3-0-2-2-4-3-0-2-3-1-1-0	5-1-3-6-3-1-3-3-1-0-1-3	3-4-3-2-2-3-3-3-1-1-0-2	1-1-1-0-3-0-3-3-2-2-7-3	1-2-7-3-5-0-1-3-2-0-2-0	0-0-3-3-4-3-0-3-1-2-3-2	0-3-0-0-3-3-3-1-3-3-0-2	0-0-1-4-0-2-0-0-0-3-3-2	0-3-2-2-0-0-2-0-0-0-2-2
8	3	3-4-2-2-3-3-3-3-3-3-2-4	2-4-4-2-4-4-2-4-4-2-2-4	3-2-4-2-2-2-4-2-1-2-4-2	2-3-4-2-2-2-4-2-2-3-3-0	2-0-6-2-2-3-4-2-3-3-1-2	6-2-4-2-3-2-2-2-1-3-6-2	6-4-3-6-2-3-4-6-3-3-6-2	3-4-2-2-2-0-6-2-2-3-6-0	3-0-2-2-3-2-5-4-3-2-2-5	0-2-0-0-5-2-2-3-2-2-0-2	4-3-6-3-7-1-0-3-0-2-2-5	7-2-2-2-4-1-2-0-6-5-6-3
8	4	4-3-4-6-4-4-4-4-4-4-5-5	4-3-3-5-7-3-5-7-5-4-5-6	7-5-5-5-4-2-3-5-5-5-3-4	5-6-3-5-2-5-5-2-4-6-3-5	2-5-4-5-6-3-5-5-4-4-4-6	5-2-3-4-6-6-5-4-1-3-1-5	1-3-3-8-5-4-3-5-4-3-5-3	7-3-5-3-2-5-3-2-2-3-5-6	6-0-3-2-2-5-6-5-7-3-2-2	5-6-6-5-3-2-0-1-5-5-4-2	5-0-3-3-8-4-5-5-8-2-2-4	4-2-4-1-5-1-2-6-8-3-4-2
8	5	5-5-4-4-6-3-5-5-4-4-4-4	4-6-5-4-6-5-4-6-4-4-4-4	4-4-4-4-2-4-6-4-7-7-6-6	4-4-4-7-2-4-4-2-6-7-6-4	2-4-7-4-4-6-6-4-6-4-4-4	4-5-6-4-4-4-6-5-5-5-3-5	7-6-5-5-4-5-4-6-5-3-4-7	5-3-4-3-2-4-6-5-2-5-4-4	4-0-6-2-5-4-3-7-6-3-2-6	4-2-5-6-6-3-6-5-4-4-4-2	4-6-3-5-3-1-4-4-4-2-6-3	5-8-4-2-4-6-2-4-4-3-5-5
8	6	7-5-7-4-5-6-7-7-8-6-6-4	7-5-5-4-5-6-7-7-7-4-8-4	4-7-5-7-7-7-7-5-5-6-5-5	7-4-6-4-7-7-5-7-7-4-7-4	7-4-8-4-4-5-7-7-5-6-7-4	5-6-7-6-4-4-5-5-1-5-3-7	3-5-3-5-4-4-4-5-6-3-3-5	3-3-4-7-7-4-3-7-7-6-7-4	4-7-5-7-2-0-4-5-5-6-7-5	4-7-4-5-5-3-5-1-4-7-7-2	4-5-3-6-3-6-4-4-0-5-5-6	7-5-6-7-7-5-2-4-3-3-3-6
8	7	8-8-6-8-5-8-8-6-8-6-7-8	6-5-5-4-7-6-6-6-6-6-6-8	4-6-4-8-6-6-6-5-5-5-6-5	6-7-7-5-6-6-8-6-6-5-6-8	6-4-5-6-7-6-6-6-6-7-6-4	8-8-6-8-4-4-6-6-7-7-3-6	8-5-5-7-7-7-7-7-7-3-2-5	7-6-2-6-6-6-8-6-6-6-6-4	7-6-7-6-6-2-3-5-4-6-6-0	4-6-7-6-7-3-6-8-8-6-7-6	4-7-3-5-3-7-4-4-4-2-5-7	6-8-6-6-7-7-2-4-3-4-3-2
8	8	8-7-8-7-8-7-7-8-7-6-7-7	6-8-8-4-8-8-6-8-8-8-6-7	8-8-8-8-8-8-8-7-8-8-7-8	7-8-8-8-8-8-7-8-7-8-8-7	8-4-8-8-8-8-7-8-8-8-2-4	7-8-8-7-8-4-8-8-8-8-8-6	7-8-8-8-8-8-8-8-8-8-8-8	8-8-8-8-8-8-7-2-7-5-7-8	4-6-8-8-2-8-8-4-8-8-6-8	4-4-8-8-8-8-8-8-7-8-4-8	4-8-3-8-4-7-4-4-4-8-8-8	8-5-6-8-4-8-8-4-4-8-3-8
9	0	0-0-0-0-0-0-0-0-0-0-0-0	0-0-0-0-0-0-0-0-0-0-0-0	0-0-0-0-0-0-0-0-0-0-0-0	0-0-0-0-0-0-0-0-0-0-0-0	0-0-0-0-0-0-0-0-0-0-0-0	0-0-0-0-0-0-0-0-0-0-0-0	0-0-0-0-0-0-0-0-0-0-0-0	0-0-0-0-0-0-0-0-0-0-0-0	0-0-0-0-0-0-0-0-0-0-0-0	0-0-0-0-0-0-0-0-0-0-0-0	0-0-0-0-0-0-0-0-0-0-0-0	0-0-0-0-0-0-0-0-0-0-0-0
9	1	1-1-2-3-1-0-1-1-1-1-1-1	2-0-0-2-0-1-1-0-0-1-2-2	0-2-3-0-2-2-2-0-0-1-2-0	2-2-1-2-2-2-0-3-2-3-0-1	3-1-1-2-0-0-2-2-0-0-3-3	2-2-3-1-0-1-2-0-0-0-0-2	0-1-0-2-0-0-0-2-1-0-0-0	0-2-3-2-0-0-0-3-2-0-1-0	0-2-0-2-1-2-1-1-0-1-1-2	2-2-0-2-2-0-2-1-2-0-0-0	1-2-1-0-2-1-1-1-1-1-2-1	1-2-1-1-0-1-2-1-2-1-1-1
9	2	2-2-1-2-2-2-2-2-2-2-2-2	1-2-3-1-0-2-1-4-2-2-1-1	1-1-1-0-1-1-3-4-4-2-3-4	1-1-2-1-1-1-3-1-1-1-3-1	1-2-1-1-0-3-3-1-3-2-1-1	1-1-1-4-3-1-3-0-0-2-0-1	0-1-5-1-3-2-2-1-2-4-3-0	2-1-2-1-0-2-3-1-1-2-3-0	2-1-3-1-2-1-2-2-10-2-3-1	3-1-5-1-1-1-1-2-1-0-1-2	3-5-4-2-1-2-1-3-2-1-1-2	1-1-1-2-2-1-3-1-1-1-4-0
9	3	3-3-4-3-3-2-3-3-3-3-4-3	3-2-2-1-0-3-3-2-4-2-2-3	5-4-4-4-6-4-5-4-4-2-2-3	4-5-5-1-1-1-2-6-5-1-2-5	1-5-6-1-4-2-4-3-2-3-1-1	1-6-1-3-3-1-2-0-0-0-2-3	3-1-0-3-2-3-2-2-0-2-3-4	3-1-1-3-3-4-2-1-3-4-2-0	3-4-4-1-1-3-3-4-2-3-3-4	2-3-6-2-4-3-2-2-3-4-5-4	2-3-2-3-2-3-3-2-5-3-3-3	3-1-5-5-5-1-2-3-3-5-3-2
9	4	3-4-3-3-3-5-4-4-3-4-3-4	3-2-2-5-0-3-3-5-5-2-5-5	7-3-3-6-5-3-5-3-3-5-4-5	5-5-3-6-5-5-5-7-4-1-4-4	6-3-4-1-3-5-5-5-3-4-6-1	5-5-5-8-3-6-5-4-8-0-0-3	5-6-0-0-5-4-5-5-0-4-5-5	0-6-9-5-4-3-10-10-6-3-9-5	3-3-5-5-6-5-3-5-6-6-5-3	6-6-3-3-5-6-0-2-5-3-3-6	2-6-2-2-10-4-4-4-5-5-5-3	3-6-3-3-9-5-5-3-4-3-2-6
9	5	5-5-5-5-5-5-5-5-5-4-5-6	3-6-6-4-5-3-3-6-4-5-4-4	3-3-3-4-4-3-6-4-6-4-6-4	4-3-3-4-4-4-6-1-6-6-6-3	4-3-3-1-3-4-6-4-6-4-1-1	4-4-6-4-6-4-6-4-5-5-9-5	4-4-6-5-4-8-4-4-0-5-4-4	5-4-4-4-4-3-9-6-4-6-5-5	4-3-4-4-10-6-3-4-5-5-6-9	4-1-2-4-4-4-6-9-4-4-3-4	5-2-6-9-3-5-5-5-3-4-4-2	9-4-3-3-3-4-4-4-9-3-2-4
9	6	6-5-6-7-5-6-6-7-6-6-7-7	4-5-5-7-5-5-7-5-7-6-7-8	10-4-9-4-3-7-5-7-5-4-5-6	7-6-7-4-4-4-5-3-5-5-5-10	4-8-3-7-8-5-5-6-5-6-4-6	7-3-5-4-5-4-5-6-5-5-0-3	4-4-5-6-4-4-5-7-0-5-8-5	6-4-4-4-4-5-5-5-4-8-6-6	8-6-5-4-4-6-10-7-4-6-5-6	4-8-3-0-8-4-5-2-7-7-8-4	8-4-5-5-6-6-8-8-8-4-5-6	8-4-3-8-8-4-4-8-8-9-5-4
9	7	8-7-8-6-8-8-10-9-8-8-8-10	8-8-7-6-9-8-6-8-8-8-6-8	7-8-8-8-8-8-8-9-8-8-8-8	8-6-8-9-9-8-8-9-8-9-8-7	9-6-3-9-8-7-8-7-8-9-9-7	10-10-8-7-8-10-8-9-8-7-0-7	10-8-7-7-8-7-5-8-8-9-7-7	7-4-4-7-7-7-5-7-4-7-6-8	7-6-10-8-9-9-8-6-8-9-7-5	7-3-8-10-6-4-8-10-6-8-6-8	10-10-8-8-8-9-9-6-10-7-8-8	10-7-7-8-7-9-9-6-7-8-7-10
9	8	7-7-7-9-7-7-7-7-7-7-7-7	7-7-7-9-7-7-7-7-7-7-9-7	3-9-7-7-9-7-9-7-7-7-7-7	9-6-7-7-9-9-7-9-7-7-9-6	8-6-9-7-6-9-9-9-7-7-7-9	7-7-7-8-7-7-9-7-7-7-0-9	9-7-7-6-7-7-7-7-7-7-9-9	7-8-6-9-9-7-5-10-10-6-6-7	6-6-7-9-7-7-7-9-7-7-9-6	7-6-7-9-9-9-7-2-6-7-6-7	6-7-7-7-7-7-6-6-6-7-7-3	7-7-8-9-6-7-7-6-6-7-9-7
9	9	7-10-7-8-7-7-7-7-7-7-7-7	7-7-7-8-7-7-8-7-7-7-8-7	8-8-7-7-8-7-8-7-7-7-9-8	8-9-9-7-8-8-10-7-7-7-8-7	7-6-8-7-3-8-8-8-9-7-7-8	8-7-7-10-9-7-8-7-9-9-5-9	8-7-7-10-10-9-5-8-9-7-8-8	7-8-4-8-8-7-5-8-10-6-8-6	9-6-9-8-7-7-9-8-7-7-8-5	7-8-9-7-8-8-7-10-7-7-8-7	7-7-7-5-10-7-7-8-7-9-7-9	10-10-7-9-9-7-7-7-8-6-8-7
9	10	10-9-8-8-7-9-7-10-7-7-7-7	7-7-10-8-10-7-8-7-10-10-8-7	10-10-10-7-10-7-9-7-7-10-7-10	9-10-7-10-10-10-9-10-7-10-10-6	7-6-10-10-10-10-9-10-10-10-7-10	7-10-10-8-10-7-10-10-10-10-10-10	7-10-10-6-9-10-10-10-10-10-6-8	10-10-4-9-10-9-4-8-9-7-6-7	9-9-7-10-4-10-6-8-10-7-8-10	9-6-10-7-10-7-10-9-10-10-7-10	6-7-7-7-7-7-7-6-7-7-10-10	7-9-3-7-7-10-10-6-10-10-8-7
10	0	0-0-0-0-0-0-0-0-0-0-0-0	0-0-0-0-0-0-0-0-0-0-0-0	0-0-0-0-0-0-0-0-0-0-0-0	0-0-0-0-0-0-0-0-0-0-0-0	0-0-0-0-0-0-0-0-0-0-0-0	0-0-0-0-0-0-0-0-0-0-0-0	0-0-0-0-0-0-0-0-0-0-0-0	0-0-0-0-0-0-0-0-0-0-0-0	0-0-0-0-0-0-0-0-0-0-0-0	0-0-0-0-0-0-0-0-0-0-0-0	0-0-0-0-0-0-0-0-0-0-0-0	0-0-0-0-0-0-0-0-0-0-0-0
10	1	1-1-1-2-1-1-1-1-1-1-1-1	2-2-1-2-2-2-3-2-1-1-2-2	1-2-3-2-2-2-2-2-3-2-2-2	2-1-2-2-1-2-2-2-1-2-2-3	3-2-2-3-1-1-2-2-2-1-4-1	4-2-2-1-2-2-2-2-1-1-4-0	2-3-1-1-2-1-0-2-1-1-1-4	1-1-1-1-1-6-1-1-1-1-0-1	1-1-3-0-2-7-1-2-2-2-1-2	2-1-2-2-1-8-3-2-3-2-3-1	4-8-4-1-4-2-1-1-1-1-2-1	3-1-1-1-1-4-1-2-4-1-4-1
10	2	1-1-1-1-1-1-1-1-1-1-1-1	1-1-1-3-1-1-3-1-1-1-3-1	1-3-1-1-5-1-3-1-1-3-1-3	3-0-1-4-3-3-1-6-3-1-3-1	1-1-1-1-1-3-3-3-1-1-1-2	1-1-3-2-1-1-3-1-1-1-0-4	1-1-1-0-3-2-0-3-1-2-3-3	1-2-7-3-4-1-8-4-2-1-7-0	0-1-3-4-4-1-1-3-1-3-3-2	1-5-1-1-3-4-3-1-3-1-1-5	7-1-1-1-1-1-0-0-1-3-1-2	1-3-2-5-1-1-3-1-2-1-2-4
10	3	2-7-1-1-1-1-1-1-1-1-1-1	1-4-4-2-1-1-2-4-2-1-2-1	1-2-5-1-2-1-4-2-1-2-4-2	2-3-2-2-2-2-1-1-4-4-4-1	1-1-2-5-3-2-4-2-4-5-1-2	1-1-5-2-3-1-4-1-3-3-7-2	1-1-1-8-2-3-6-2-3-7-2-2	1-5-0-2-2-1-7-2-2-3-7-0	3-0-2-2-3-2-7-2-1-2-2-4	1-2-3-1-4-2-4-3-2-4-3-3	5-1-1-6-1-1-0-0-0-2-1-3	1-2-1-5-1-1-2-0-1-1-1-1
10	4	1-6-5-6-1-4-1-4-1-1-4-8	6-3-3-5-5-1-4-3-5-1-5-6	7-5-6-1-3-1-5-6-5-6-3-4	5-5-5-5-2-5-5-2-3-3-5-4	1-8-5-3-6-3-5-5-3-6-1-5	1-5-3-4-6-1-3-1-1-6-1-2	5-1-3-5-5-4-3-5-4-1-4-1	6-3-6-3-2-5-3-2-6-6-4-6	6-6-5-2-2-1-6-3-5-4-2-4	5-1-3-1-5-2-3-1-5-3-6-2	6-1-1-5-1-6-6-6-6-1-1-4	1-2-5-3-6-1-2-6-5-6-1-2
10	5	5-7-4-8-6-1-5-5-5-1-5-4	4-6-6-4-5-1-4-4-4-6-4-4	4-4-7-1-2-6-6-4-4-7-6-6	4-4-6-4-2-4-4-1-6-6-6-4	1-4-4-3-5-6-6-4-6-3-6-4	4-4-3-4-4-4-6-5-5-5-0-6	6-6-6-4-4-5-3-4-5-3-4-5	5-3-4-3-2-4-6-5-2-7-4-4	5-4-4-4-3-2-5-6-8-5-2-4	4-2-3-6-4-6-2-3-4-3-4-2	4-6-1-4-4-4-4-4-4-2-6-4	1-5-4-3-4-1-2-4-4-4-5-1
10	6	6-6-7-7-5-4-8-7-6-6-6-7	4-5-5-7-7-1-4-7-4-5-7-4	4-7-4-7-7-5-5-4-4-4-5-7	7-4-5-7-7-7-5-7-5-5-7-6	8-4-7-7-4-5-7-7-5-6-5-7	7-6-5-6-4-4-7-1-5-5-3-7	5-5-5-4-7-6-3-8-5-5-7-6	5-7-4-7-7-1-5-7-7-4-4-4	4-4-4-7-7-1-4-7-3-6-7-4	4-7-6-5-7-5-7-3-4-4-7-7	4-5-7-3-1-6-4-4-4-6-5-7	5-5-6-7-7-1-7-4-7-4-7-2
10	7	6-8-6-6-7-8-8-6-8-7-6-8	8-5-5-6-5-8-4-6-8-7-6-8	4-6-6-6-6-7-6-8-8-5-7-6	6-7-7-6-6-6-8-6-6-5-6-4	6-4-6-6-7-6-8-6-7-7-1-6	6-8-8-8-4-8-6-5-7-5-3-7	8-5-1-7-8-7-3-6-7-3-6-6	7-6-2-6-6-1-3-6-6-5-2-7	7-4-4-6-6-1-3-6-3-6-6-6	8-7-7-5-6-8-6-7-8-5-6-6	6-7-6-1-8-6-4-5-6-7-5-6	8-5-6-6-6-7-7-4-6-7-6-2
10	8	8-7-8-6-8-8-6-8-7-7-6-7	7-5-8-4-8-8-7-8-8-8-6-7	8-8-8-6-8-8-7-7-7-8-8-8	6-8-8-8-8-8-4-8-7-8-8-4	6-4-8-8-8-8-7-8-8-8-7-6	7-8-8-7-8-7-8-8-8-8-8-8	7-8-8-8-7-8-8-8-8-8-4-8	8-8-8-7-8-4-6-6-7-5-6-7	7-4-8-8-6-8-8-6-8-8-6-8	7-8-8-8-8-7-6-7-7-8-4-8	4-1-8-4-7-7-4-4-4-7-8-8	7-5-6-1-7-8-8-4-8-8-6-8
11	0	0-0-0-0-0-0-0-0-0-0-0-0	0-0-0-0-0-0-0-0-0-0-0-0	0-0-0-0-0-0-0-0-0-0-0-0	0-0-0-0-0-0-0-0-0-0-0-0	0-0-0-0-0-0-0-0-0-0-0-0	0-0-0-0-0-0-0-0-0-0-0-0	0-0-0-0-0-0-0-0-0-0-0-0	0-0-0-0-0-0-0-0-0-0-0-0	0-0-0-0-0-0-0-0-0-0-0-0	0-0-0-0-0-0-0-0-0-0-0-0	0-0-0-0-0-0-0-0-0-0-0-0	0-0-0-0-0-0-0-0-0-0-0-0
11	1	1-1-1-1-1-0-1-1-1-1-1-1	2-0-0-2-0-1-1-0-2-2-2-2	0-2-3-0-2-0-2-0-0-1-4-2	2-2-1-3-3-2-0-3-2-3-3-1	3-1-2-3-0-0-2-2-0-2-3-2	2-2-3-3-0-2-2-0-0-0-0-2	0-2-0-1-2-0-0-2-1-0-0-0	0-2-3-2-0-0-0-3-1-0-1-0	0-2-0-2-1-2-1-1-0-1-3-2	2-2-0-0-0-0-2-1-2-0-0-0	1-2-1-0-5-1-1-1-1-1-2-1	1-2-1-1-0-1-2-1-1-1-2-2
11	2	2-2-2-2-2-2-2-2-2-2-2-2	1-3-3-1-0-1-1-3-1-1-1-1	2-1-1-0-1-4-3-3-0-3-3-1	1-1-2-1-1-1-3-1-1-1-2-1	0-2-1-1-0-3-3-1-3-1-1-1	1-1-1-1-3-1-3-0-0-2-2-2	0-1-3-3-1-2-3-1-1-3-3-0	0-1-0-1-0-0-3-1-1-0-3-2	2-1-3-1-2-1-2-2-0-4-0-1	1-1-0-3-3-0-1-5-1-0-0-0	3-1-3-5-3-6-0-3-0-1-1-1	1-1-1-2-3-1-1-1-1-1-1-1
11	3	4-3-2-2-3-3-2-3-3-3-4-3	3-2-2-3-0-3-4-4-4-1-4-4	3-4-1-6-1-4-2-2-4-2-2-3	4-4-4-1-1-4-2-6-1-1-1-6	1-3-6-1-4-2-4-4-2-3-1-1	0-4-1-1-2-1-2-0-4-0-0-4	5-6-2-5-4-6-2-2-3-3-2-8	3-0-5-3-3-4-2-1-3-3-2-3	3-3-4-1-5-4-4-3-6-3-1-4	4-3-3-4-2-4-5-2-4-8-5-3	2-3-4-2-3-9-5-4-5-1-3-3	4-1-3-4-2-3-3-3-1-1-3-2
11	4	4-2-4-4-2-3-4-6-4-4-3-4	5-2-2-5-6-3-3-3-3-5-5-5	3-3-6-7-5-3-5-5-6-6-5-5	5-3-3-5-5-5-2-5-5-1-5-3	5-6-3-1-3-4-5-5-3-4-1-5	5-6-5-6-3-6-5-5-4-7-0-6	3-4-6-0-5-4-6-5-6-4-5-4	6-4-4-5-4-3-6-9-3-3-4-3	4-3-5-5-9-3-3-5-6-2-4-6	3-5-3-3-5-8-5-2-5-3-0-4	2-9-3-6-3-4-3-3-8-4-3-3	3-4-4-3-8-3-5-3-4-4-4-6
11	5	5-6-4-5-6-5-5-5-5-4-5-3	4-8-6-4-6-6-3-4-3-7-4-4	6-4-4-4-4-3-6-4-6-4-6-4	4-3-3-4-4-4-6-4-6-1-6-3	4-3-7-1-3-6-6-4-5-5-1-4	4-4-7-4-6-3-4-4-5-5-7-4	3-4-6-7-4-5-7-4-5-6-4-7	5-4-4-4-4-3-8-6-3-5-7-6	5-3-4-4-5-3-3-4-9-6-5-3	3-4-6-8-4-6-4-6-4-3-9-4	9-2-5-2-1-4-3-9-3-4-7-5	3-4-3-3-0-4-4-0-1-4-4-2
11	6	7-5-6-7-5-6-5-4-9-7-6-8	6-5-5-6-5-3-3-6-7-5-7-7	9-7-7-7-6-3-5-7-7-4-5-6	7-7-7-7-4-4-5-3-5-7-5-3	4-7-3-6-4-5-7-7-6-5-9-1	7-4-5-4-7-4-5-7-6-0-0-4	7-3-5-5-7-6-4-7-4-5-7-7	6-5-7-5-5-7-4-5-7-6-6-7	7-6-7-7-7-6-7-7-4-5-5-4	7-7-6-7-7-5-7-5-7-7-7-4	2-4-6-7-3-7-7-7-0-5-4-7	6-5-3-0-7-3-0-7-7-4-6-4
11	7	8-9-7-9-5-6-7-7-7-6-9-9	8-5-5-8-5-8-9-8-6-5-9-6	3-6-6-6-8-9-8-6-6-8-8-8	8-6-6-8-8-8-8-8-8-6-8-3	8-6-5-8-7-7-8-8-6-8-8-8	7-6-8-8-6-9-6-6-7-7-5-6	9-8-5-5-6-5-5-8-7-5-9-5	5-8-7-8-8-6-9-8-6-6-6-6	6-7-6-6-8-6-5-6-7-5-8-4	6-6-3-9-6-5-6-3-6-6-6-4	3-4-6-6-1-6-6-5-8-7-5-6	3-0-7-8-8-7-3-6-7-4-8-5
11	8	7-9-7-7-8-9-7-4-9-7-7-7	7-5-5-7-5-9-7-7-7-8-7-6	7-7-6-7-7-8-7-6-9-7-8-7	7-6-8-7-7-7-9-7-7-8-7-3	7-6-5-7-3-8-7-7-8-7-7-7	9-3-7-7-6-7-8-4-8-8-5-8	9-7-2-8-9-8-5-7-8-2-4-3	5-8-7-7-7-3-5-7-9-3-7-6	8-8-8-7-7-3-8-8-5-5-7-3	8-4-8-5-8-5-7-9-9-3-8-8	7-8-8-2-9-9-8-5-7-8-8-8	3-9-8-8-7-8-4-3-7-4-7-5
11	9	9-8-9-7-9-8-7-9-8-7-7-7	7-5-9-7-9-8-7-9-9-9-7-9	9-9-9-6-9-9-8-5-8-9-9-9	7-9-9-9-9-9-8-9-5-9-9-6	7-6-9-9-9-9-8-9-9-7-6-9	8-9-9-8-9-7-9-9-9-9-0-9	7-9-9-9-8-9-9-9-9-9-7-9	9-9-9-8-9-8-7-7-8-3-8-6	8-8-8-8-4-9-9-8-9-9-7-9	3-9-9-9-9-7-7-8-8-9-5-9	5-9-9-6-9-8-8-5-9-8-9-8	8-8-3-0-7-9-9-9-9-9-8-9
12	0	0-0-0-0-0-0-0-0-0-0-0-0	0-0-0-0-0-0-0-0-0-0-0-0	0-0-0-0-0-0-0-0-0-0-0-0	0-0-0-0-0-0-0-0-0-0-0-0	0-0-0-0-0-0-0-0-0-0-0-0	0-0-0-0-0-0-0-0-0-0-0-0	0-0-0-0-0-0-0-0-0-0-0-0	0-0-0-0-0-0-0-0-0-0-0-0	0-0-0-0-0-0-0-0-0-0-0-0	0-0-0-0-0-0-0-0-0-0-0-0	0-0-0-0-0-0-0-0-0-0-0-0	0-0-0-0-0-0-0-0-0-0-0-0
12	1	1-1-1-2-1-1-1-2-1-1-1-2	1-1-0-1-0-1-1-1-1-1-2-1	1-1-3-0-2-1-2-1-0-0-1-1	1-3-2-1-1-2-0-2-0-0-0-1	0-0-4-0-4-0-1-1-0-1-3-1	1-2-0-1-0-4-0-0-0-0-0-2	4-0-0-1-0-0-0-1-0-3-0-0	0-0-0-0-0-3-0-0-0-3-1-2	0-5-2-0-1-1-4-0-0-1-2-0	2-5-1-0-3-1-0-2-3-5-4-1	0-0-1-1-5-1-9-0-4-4-0-1	0-0-1-4-0-4-0-1-2-1-1-1
12	2	3-3-3-1-3-3-3-3-3-3-3-1	3-3-2-1-4-3-1-3-3-3-1-3	2-2-4-3-3-3-3-3-3-3-4-3	3-4-3-3-2-1-3-4-3-3-2-3	7-3-2-3-1-2-3-2-3-2-5-1	3-1-4-2-3-3-3-5-6-2-4-1	3-2-2-2-3-2-3-3-3-5-2-3	2-2-3-3-3-5-2-3-2-3-3-4	2-1-3-2-3-1-3-2-3-2-1-2	4-7-2-2-3-3-7-3-2-3-3-2	3-10-2-1-3-4-3-3-3-2-3-4	8-1-1-2-3-5-2-5-1-2-2-9
12	3	2-2-2-2-2-2-2-2-2-2-2-2	2-2-2-1-2-2-1-2-2-2-4-2	2-4-1-2-2-2-2-2-2-2-2-4	4-2-2-2-6-4-2-2-2-2-2-2	6-2-5-4-1-4-4-4-2-2-2-5	2-2-4-1-2-5-4-2-2-2-0-5	2-6-2-2-4-3-2-4-2-1-6-4	2-3-6-4-6-1-10-10-10-1-2-2	0-1-4-6-6-4-2-4-2-3-6-3	2-6-2-0-4-6-4-2-4-2-2-6	2-6-2-0-2-2-2-2-2-6-4-2	2-4-3-1-2-2-6-2-0-3-3-6
12	4	2-4-2-2-4-2-2-2-2-2-2-2	2-7-7-1-2-2-1-5-2-2-3-2	2-3-2-2-3-3-5-6-2-3-5-3	3-2-2-2-3-3-2-2-5-4-6-2	3-2-1-3-1-5-5-3-4-2-2-3	2-1-5-1-4-1-3-3-2-4-7-4	1-3-4-7-3-4-6-3-2-7-3-3	4-3-3-5-3-1-6-1-3-4-2-2	2-1-3-3-4-3-1-3-2-4-3-4	2-2-2-2-5-3-6-2-3-2-5-3	4-2-2-4-2-2-6-2-2-1-3-2	2-3-1-1-2-2-3-2-2-3-7-7
12	5	6-4-2-5-4-5-2-2-2-5-2-2	2-4-4-1-2-2-3-7-2-2-6-6	7-3-2-2-6-2-4-2-6-6-4-6	3-6-8-6-3-3-2-2-6-8-4-2	3-2-3-6-1-4-6-3-6-2-7-6	2-5-4-7-5-3-6-2-2-5-0-3	1-3-2-7-3-4-4-6-5-2-7-3	4-3-3-4-3-2-7-6-3-6-10-2	2-1-3-3-3-8-2-6-10-9-3-4	2-1-0-6-6-3-4-6-8-1-4-3	7-4-7-5-6-5-7-2-7-5-3-2	2-6-10-1-2-2-3-2-7-7-4-2
12	6	6-8-5-6-2-2-2-9-2-8-2-8	2-4-4-3-2-2-7-5-7-8-5-5	9-7-7-6-5-7-5-7-7-5-5-5	7-7-7-5-3-7-9-7-5-7-4-7	3-6-9-5-9-4-7-3-5-6-5-5	2-9-4-6-6-2-5-3-2-0-0-9	9-3-4-8-7-6-4-5-2-2-3-3	4-3-8-4-3-6-4-5-8-5-6-5	7-6-6-3-3-9-6-5-2-6-3-7	10-3-7-5-5-3-8-5-7-6-8-3	8-3-5-5-5-8-7-9-8-3-8-6	2-5-6-6-8-6-7-6-5-9-4-3
12	7	8-8-7-8-4-5-8-9-8-6-9-9	2-4-4-7-8-2-6-5-6-8-8-8	6-6-6-6-8-8-8-8-6-8-5-5	9-6-6-9-9-8-5-9-8-6-7-6	9-6-6-4-6-7-8-8-6-7-5-9	8-9-8-7-6-8-8-9-2-4-4-9	10-8-6-4-8-6-4-8-7-4-8-8	4-9-6-8-9-6-5-9-9-6-9-6	6-6-6-8-10-6-6-9-2-8-9-6	6-9-6-6-6-9-8-2-6-6-5-8	2-7-5-5-10-6-6-6-5-8-6-7	2-9-6-6-6-6-6-2-5-5-4-4
12	8	7-10-7-10-6-8-7-10-7-6-7-6	9-9-9-7-9-9-6-7-9-6-9-7	7-6-7-6-7-7-9-7-9-7-9-7	7-6-6-7-7-7-9-7-9-5-7-6	7-6-6-8-6-9-9-7-9-8-5-7	7-6-7-9-8-7-7-8-8-8-4-7	6-7-2-6-7-6-9-9-8-9-7-7	4-7-6-9-7-6-9-7-6-8-9-8	6-1-6-7-8-6-6-7-2-8-7-6	6-6-8-6-9-7-7-5-7-8-6-7	6-6-2-10-6-6-8-6-6-7-6-2	2-7-6-6-6-6-7-2-9-3-9-4
12	9	7-8-7-7-9-10-10-10-9-9-7-10	10-8-8-7-9-8-7-8-10-7-8-10	6-6-10-6-7-7-8-9-10-7-8-7	7-6-9-7-7-7-10-7-8-5-7-6	7-6-6-8-9-8-8-7-9-6-7-7	7-6-7-10-9-7-10-7-9-9-4-7	6-7-2-6-7-9-5-8-9-8-7-7	9-7-6-8-7-6-8-7-7-9-7-9	9-9-6-7-7-6-6-7-5-5-7-6	7-7-9-6-8-7-8-8-9-6-9-7	3-9-2-5-6-2-1-6-6-7-6-9	2-10-9-6-9-6-6-6-8-6-8-2
12	10	10-8-7-8-10-9-9-10-9-6-10-9	9-8-10-7-10-10-9-10-10-10-8-9	10-10-10-9-9-10-10-9-10-10-9-10	9-10-10-10-10-10-9-10-9-10-10-9	7-10-10-10-10-10-9-10-10-10-3-10	10-10-10-9-10-9-9-10-10-10-10-10	7-10-10-8-10-10-10-9-10-10-7-7	10-10-7-9-10-7-7-7-3-6-5-10	9-9-10-9-7-10-10-6-5-10-8-2	6-10-8-10-10-7-10-10-9-10-8-10	8-2-10-10-7-6-9-6-10-9-10-10	2-9-9-6-9-10-10-10-10-10-8-10
13	0	0-0-0-0-0-0-0-0-0-0-0-0	0-0-0-0-0-0-0-0-0-0-0-0	0-0-0-0-0-0-0-0-0-0-0-0	0-0-0-0-0-0-0-0-0-0-0-0	0-0-0-0-0-0-0-0-0-0-0-0	0-0-0-0-0-0-0-0-0-0-0-0	0-0-0-0-0-0-0-0-0-0-0-0	0-0-0-0-0-0-0-0-0-0-0-0	0-0-0-0-0-0-0-0-0-0-0-0	0-0-0-0-0-0-0-0-0-0-0-0	0-0-0-0-0-0-0-0-0-0-0-0	0-0-0-0-0-0-0-0-0-0-0-0
13	1	1-1-1-1-1-1-1-1-1-1-1-1	1-2-1-2-2-2-2-1-2-1-0-2	1-2-2-1-6-2-1-2-2-2-3-1	2-2-2-3-1-0-2-1-2-2-2-1	2-0-1-3-1-1-1-1-2-2-1-1	4-0-2-0-0-2-2-2-2-1-4-2	4-1-1-1-2-1-4-2-1-2-1-4	1-1-2-2-1-3-2-1-1-2-0-1	1-2-2-0-1-2-4-2-6-1-1-0	2-1-1-2-1-1-2-1-0-3-2-1	1-8-4-2-6-1-1-1-3-1-2-1	6-1-1-2-2-1-1-3-1-1-1-1
13	2	3-2-3-2-1-1-1-4-1-3-1-2	3-1-1-3-1-1-3-2-1-1-3-1	2-3-3-3-3-1-3-1-1-3-1-2	3-1-1-2-3-3-3-3-1-1-3-1	5-0-5-5-3-3-3-3-1-1-8-5	3-2-3-2-1-4-3-3-1-2-0-3	3-3-1-0-3-1-3-3-1-1-3-3	1-5-8-3-3-1-1-3-3-1-7-1	1-1-3-3-4-3-1-3-1-4-4-4	1-3-1-1-3-4-3-1-3-1-1-4	1-4-7-1-1-1-1-1-1-3-3-3	1-3-3-1-1-1-3-1-7-2-4-4
13	3	2-4-2-3-2-1-1-1-2-2-2-2	2-4-4-2-1-1-2-2-2-2-2-2	2-2-2-2-2-2-4-2-2-4-4-2	2-3-4-2-2-2-2-2-4-4-4-2	2-0-2-2-2-4-4-2-3-3-2-2	2-2-2-2-3-2-4-2-3-3-6-2	2-2-3-4-2-1-6-2-3-1-2-2	5-2-2-2-2-1-4-2-2-4-1-1	1-1-6-2-3-2-3-2-1-3-2-3	1-2-3-4-2-2-2-6-2-1-1-2	3-5-8-6-7-2-1-3-1-2-2-2	3-2-2-1-1-3-2-1-6-7-6-6
13	4	4-3-5-7-4-4-4-2-1-5-5-5	5-3-3-5-1-1-5-5-5-5-5-5	5-5-5-2-4-1-5-5-1-5-3-5	5-4-3-5-2-5-5-5-3-3-3-5	2-5-5-5-5-3-5-5-4-1-1-4	5-5-3-6-3-8-3-6-3-3-1-2	8-2-3-6-5-1-1-5-3-2-6-1	3-2-6-3-2-5-3-2-2-6-6-5	6-6-5-5-2-4-6-5-1-2-2-2	6-6-1-3-3-2-3-3-6-6-5-2	6-2-1-3-3-6-6-6-6-5-3-4	4-2-5-4-6-6-5-6-6-6-2-2
13	5	2-5-4-4-5-6-4-1-2-4-4-4	4-6-6-4-1-1-4-4-4-6-4-4	4-4-7-2-2-6-6-4-6-4-6-4	4-4-6-4-2-4-6-2-6-7-6-4	2-4-2-4-4-6-6-4-5-7-1-2	4-4-3-2-3-4-6-7-5-5-3-5	6-6-6-4-4-5-6-6-5-5-4-6	5-2-4-3-2-4-6-2-4-8-4-4	1-4-4-4-3-4-3-4-1-5-2-6	4-4-5-6-2-2-2-8-4-4-4-2	4-6-8-3-4-4-4-4-4-4-6-5	7-2-4-4-4-1-4-4-4-4-3-6
13	6	7-5-8-8-5-5-7-6-7-4-6-7	6-5-5-7-7-1-8-7-7-5-4-7	4-7-7-7-7-5-7-7-5-7-5-7	7-4-5-6-7-7-5-7-5-5-7-4	7-4-7-7-4-7-7-7-5-5-2-7	5-5-7-2-6-4-5-4-5-6-3-5	5-5-5-4-5-6-3-5-5-5-7-5	3-7-4-7-7-4-8-7-8-4-7-4	4-4-3-7-7-7-4-5-1-5-7-5	4-4-1-5-7-6-3-3-4-4-4-6	4-5-3-3-1-4-4-4-4-7-5-6	1-7-6-4-4-4-6-4-3-4-7-7
13	7	6-8-6-4-7-8-6-8-8-7-6-8	8-5-5-6-6-6-6-6-8-5-6-8	8-6-5-6-6-8-6-6-8-6-6-6	6-7-7-6-6-6-8-6-6-5-6-8	6-4-6-6-7-6-6-6-7-7-4-6	8-8-6-8-7-4-6-5-7-7-3-8	8-5-5-4-8-7-3-6-7-5-6-5	7-6-4-6-6-4-5-6-6-5-6-7	7-4-6-6-6-7-7-7-1-5-6-2	4-2-7-5-6-2-1-3-8-4-4-6	4-6-2-3-3-8-4-4-4-7-1-7	5-6-6-7-4-7-6-4-2-4-6-6
13	8	8-7-6-6-8-8-7-8-7-4-6-7	7-8-8-6-8-8-6-6-8-8-4-7	8-7-8-8-8-8-7-7-7-8-8-8	7-8-8-8-8-8-7-8-6-8-8-7	6-4-8-8-8-8-7-8-8-8-2-2	7-8-7-7-8-4-8-8-8-8-8-8	7-8-8-4-7-8-8-8-8-8-4-8	8-8-2-7-8-4-6-6-6-5-7-4	7-8-8-7-6-8-4-7-1-2-6-6	6-4-8-8-8-6-8-5-7-8-4-8	4-1-5-3-7-7-4-4-1-7-8-8	8-7-4-1-4-8-8-4-8-8-3-8
14	0	0-0-0-0-0-0-0-0-0-0-0-0	0-0-0-0-0-0-0-0-0-0-0-0	0-0-0-0-0-0-0-0-0-0-0-0	0-0-0-0-0-0-0-0-0-0-0-0	0-0-0-0-0-0-0-0-0-0-0-0	0-0-0-0-0-0-0-0-0-0-0-0	0-0-0-0-0-0-0-0-0-0-0-0	0-0-0-0-0-0-0-0-0-0-0-0	0-0-0-0-0-0-0-0-0-0-0-0	0-0-0-0-0-0-0-0-0-0-0-0	0-0-0-0-0-0-0-0-0-0-0-0	0-0-0-0-0-0-0-0-0-0-0-0
14	1	1-1-1-1-1-1-1-1-1-1-1-1	2-0-0-1-0-0-0-2-0-1-2-0	0-1-0-0-2-2-2-3-0-3-2-2	2-0-1-3-2-2-0-1-1-0-1-0	1-0-1-4-2-1-2-2-1-1-1-2	3-3-4-2-1-3-2-4-1-1-3-1	3-3-1-0-2-0-1-2-1-1-0-2	0-1-1-2-3-0-1-1-1-1-0-0	0-0-2-3-3-0-0-3-2-1-1-1	3-3-1-0-2-3-0-1-2-0-0-3	0-1-1-0-0-0-0-0-0-1-2-1	0-2-2-2-0-1-1-0-6-2-1-3
14	2	2-2-2-2-2-2-2-2-2-2-3-3	1-3-2-1-0-2-1-3-3-2-1-1	1-1-1-0-1-1-3-1-0-1-3-1	1-2-0-1-1-1-3-1-3-2-1-0	2-0-2-2-1-1-3-1-2-2-5-1	5-1-1-1-3-1-3-1-2-2-6-1	1-1-4-3-1-2-3-1-2-2-0-1	2-2-2-1-1-3-3-3-2-4-2-3	0-0-1-1-2-3-0-1-4-2-1-2	3-1-2-3-1-4-3-2-1-3-2-1	3-1-0-3-6-0-0-0-3-1-1-2	0-1-1-5-2-0-1-0-0-1-1-2
14	3	3-2-3-2-2-2-3-2-3-3-2-2	3-2-2-4-4-3-4-2-4-2-4-4	6-4-4-5-3-1-4-4-4-1-2-3	4-3-4-1-1-1-4-1-2-5-2-6	1-7-2-3-4-2-4-4-3-2-6-3	4-4-1-0-4-6-2-1-2-2-1-1	4-1-2-4-4-3-2-4-3-1-4-2	3-1-5-1-1-2-2-2-3-3-3-6	5-4-4-4-1-4-5-4-2-3-1-3	4-7-3-2-4-1-2-2-4-2-3-1	4-1-3-2-7-7-6-4-4-1-4-3	2-4-4-2-3-3-1-6-4-6-1-1
14	4	4-4-4-4-4-4-4-4-3-3-3-4	3-5-5-3-5-4-3-3-3-2-3-3	3-3-3-3-1-5-3-5-3-5-3-5	3-3-3-3-1-1-5-3-5-6-5-3	1-5-5-1-3-5-3-3-5-5-2-5	3-3-1-1-3-3-5-1-4-4-0-5	3-1-2-3-3-4-2-3-4-2-3-5	4-1-1-5-1-4-5-2-3-4-3-3	4-3-3-3-4-3-3-3-2-3-5-2	3-1-2-5-3-2-5-2-3-4-3-1	3-5-3-4-3-5-3-3-3-1-5-1	0-3-3-1-3-3-1-3-3-3-4-1
14	5	6-5-6-5-6-6-7-5-7-5-7-5	5-4-4-6-6-6-6-5-7-6-7-6	5-6-6-6-6-6-6-4-6-6-6-6	6-3-7-6-6-6-4-6-6-4-6-5	6-4-6-6-3-6-6-4-4-4-5-6	5-6-6-5-3-3-6-6-4-5-2-6	6-4-2-4-6-5-2-5-4-2-6-6	4-6-3-6-6-6-7-6-7-3-6-5	3-3-3-6-6-5-3-6-3-6-6-3	7-3-5-4-6-3-6-7-3-6-6-6	3-4-3-4-3-4-3-3-3-6-4-5	6-6-5-6-6-3-6-3-6-3-6-7
14	6	5-7-5-5-5-7-5-5-5-5-5-7	5-4-5-5-5-5-5-5-5-5-5-5	3-5-5-5-5-5-5-7-5-5-5-5	5-6-6-5-5-5-7-5-5-4-5-7	5-3-5-5-3-5-7-6-6-6-5-5	7-5-5-6-6-7-5-5-6-6-2-5	7-1-5-6-5-6-2-5-6-4-5-5	6-5-1-5-5-6-2-5-5-3-5-3	6-6-6-5-5-3-3-5-3-5-5-3	5-1-6-6-5-1-5-5-7-5-5-5	2-6-3-7-2-6-3-3-5-6-6-6	5-5-5-6-5-4-5-3-5-3-5-1
14	7	7-6-5-5-7-6-5-7-5-5-5-6	5-4-7-5-7-5-5-7-5-7-5-6	7-7-7-6-7-5-7-6-5-7-4-7	6-7-7-7-7-7-6-7-6-7-7-6	5-3-7-7-7-7-6-7-7-7-5-5	6-7-7-5-7-6-7-7-7-7-7-6	6-7-7-7-6-7-7-7-7-7-3-7	7-5-7-6-7-6-5-1-5-3-5-3	6-6-7-6-1-7-7-3-7-5-5-7	5-3-7-7-7-7-5-5-6-7-3-7	3-7-3-6-3-6-3-3-3-7-7-7	7-7-3-2-3-7-7-3-7-7-5-7
15	0	0-0-0-0-0-0-0-0-0-0-0-0	0-0-0-0-0-0-0-0-0-0-0-0	0-0-0-0-0-0-0-0-0-0-0-0	0-0-0-0-0-0-0-0-0-0-0-0	0-0-0-0-0-0-0-0-0-0-0-0	0-0-0-0-0-0-0-0-0-0-0-0	0-0-0-0-0-0-0-0-0-0-0-0	0-0-0-0-0-0-0-0-0-0-0-0	0-0-0-0-0-0-0-0-0-0-0-0	0-0-0-0-0-0-0-0-0-0-0-0	0-0-0-0-0-0-0-0-0-0-0-0	0-0-0-0-0-0-0-0-0-0-0-0
15	1	1-1-1-1-1-1-1-1-1-1-1-1	1-1-0-1-0-1-0-2-0-1-2-0	0-2-0-3-2-0-2-0-0-2-1-2	2-0-0-3-4-2-0-4-2-0-1-0	4-0-3-4-2-2-2-2-0-1-0-2	2-0-3-0-0-3-2-3-1-1-0-1	3-1-1-0-2-1-1-2-0-1-0-2	1-1-1-2-4-0-1-7-1-1-0-0	3-0-2-3-3-2-0-3-2-1-1-1	0-2-0-0-2-3-0-3-2-0-0-4	3-1-0-0-0-0-0-0-0-1-1-1	0-1-1-1-0-1-1-0-1-0-1-3
15	2	2-2-2-2-2-2-2-2-2-2-2-2	1-3-3-1-2-2-0-3-3-1-1-3	3-1-0-1-1-1-3-1-3-1-3-1	1-0-2-1-1-1-2-1-3-2-3-0	1-0-2-0-1-1-3-1-3-2-1-1	3-0-4-0-3-1-3-2-2-2-6-2	2-1-2-0-1-2-3-1-2-2-1-1	2-2-1-4-3-3-5-4-2-4-0-0	2-0-1-1-0-1-0-1-3-2-1-5	0-1-2-1-1-1-1-2-1-3-2-1	3-2-2-3-0-2-0-3-3-1-1-2	0-1-1-3-3-1-1-0-1-0-5-1
15	3	3-2-3-4-2-3-4-5-3-3-3-4	3-2-2-4-4-2-4-2-4-3-4-4	7-4-5-1-3-4-2-4-2-4-2-3	4-4-4-4-1-4-4-1-2-2-2-4	1-5-1-3-4-2-4-4-2-4-3-3	2-2-1-4-4-4-2-1-2-2-1-4	5-1-1-4-4-0-2-4-2-2-5-1	2-1-5-2-2-4-1-0-4-6-5-5	5-5-5-1-1-3-5-5-2-3-1-2	5-5-3-0-5-1-0-1-5-5-5-1	5-1-3-2-5-5-5-5-5-1-3-3	0-2-3-2-5-5-1-3-5-4-1-1
15	4	4-6-3-3-4-4-4-4-4-4-3-3	3-5-5-3-3-4-3-5-3-4-3-3	3-5-3-1-1-6-5-3-5-3-5-5	3-3-5-3-1-3-5-1-5-5-5-3	1-3-5-1-3-5-5-3-5-5-5-1	3-0-2-3-3-3-5-5-4-4-0-3	3-5-4-3-3-4-5-3-4-2-3-4	4-4-3-2-4-3-5-2-3-4-3-3	3-3-5-3-0-3-6-3-7-3-5-2	3-4-4-5-3-1-1-4-2-3-3-1	3-5-3-2-3-3-3-3-3-1-5-4	6-1-3-5-3-2-4-3-3-3-1-1
15	5	5-4-5-6-4-5-5-5-5-5-5-6	5-4-4-6-5-4-6-6-3-4-6-6	5-6-6-6-6-5-6-6-4-6-4-6	6-3-4-5-6-6-4-6-4-4-6-5	6-3-5-6-3-6-6-5-4-4-6-6	4-7-6-7-5-3-4-6-4-4-2-6	3-4-5-3-6-5-4-7-5-5-6-6	3-6-3-6-6-3-2-6-3-3-6-3	3-3-3-6-6-3-3-6-2-2-6-2	3-3-4-4-6-5-7-2-5-3-3-1	3-4-3-6-3-3-3-3-3-3-4-6	4-5-5-6-3-3-5-3-6-3-6-1
15	6	5-4-5-5-4-7-5-5-5-5-5-7	6-4-4-5-5-7-5-5-7-6-5-5	3-5-5-5-5-6-5-7-7-5-6-5	5-6-6-5-5-5-7-5-5-6-5-3	5-3-5-5-6-5-7-6-6-6-5-5	7-5-5-7-5-7-5-5-6-6-2-5	7-1-3-6-7-6-6-7-6-5-5-5	6-5-5-5-5-6-2-5-7-3-5-3	6-3-6-6-5-5-4-6-3-4-5-2	6-6-6-2-5-5-0-2-7-3-6-1	5-6-3-5-7-7-3-6-3-6-6-5	7-7-6-6-6-6-6-3-5-3-5-1
15	7	7-6-5-5-7-7-5-7-5-5-5-6	6-7-7-5-7-7-5-7-6-7-6-5	7-7-7-5-7-6-6-6-6-7-7-7	5-7-7-7-7-7-6-7-6-7-7-6	5-7-7-7-7-7-6-7-7-7-1-5	6-5-7-6-7-7-7-7-7-7-7-7	6-7-7-7-6-7-7-7-7-7-3-7	7-5-5-6-7-6-5-5-6-4-3-4	6-7-7-6-5-7-7-6-7-5-5-5	6-3-7-7-7-1-7-6-7-7-3-7	3-7-7-7-6-6-3-3-3-6-7-7	7-6-6-7-6-7-7-3-7-7-6-7
16	0	0-0-0-0-0-0-0-0-0-0-0-0	0-0-0-0-0-0-0-0-0-0-0-0	0-0-0-0-0-0-0-0-0-0-0-0	0-0-0-0-0-0-0-0-0-0-0-0	0-0-0-0-0-0-0-0-0-0-0-0	0-0-0-0-0-0-0-0-0-0-0-0	0-0-0-0-0-0-0-0-0-0-0-0	0-0-0-0-0-0-0-0-0-0-0-0	0-0-0-0-0-0-0-0-0-0-0-0	0-0-0-0-0-0-0-0-0-0-0-0	0-0-0-0-0-0-0-0-0-0-0-0	0-0-0-0-0-0-0-0-0-0-0-0
16	1	1-1-1-2-1-1-1-1-1-2-2-2	2-2-1-1-2-2-4-2-2-1-0-2	1-2-3-3-2-2-2-2-4-2-3-2	2-3-2-3-1-2-2-1-2-2-2-1	2-1-1-3-1-1-2-1-2-2-2-1	2-2-2-2-2-2-2-2-2-1-0-2	1-1-1-1-2-3-0-2-1-2-1-1	1-1-1-1-1-2-1-1-1-2-0-3	1-0-0-0-2-3-1-1-2-0-1-2	1-1-1-0-0-1-2-1-8-3-2-1	1-1-3-2-1-3-1-1-1-1-2-1	2-1-1-2-2-1-1-2-1-1-1-2
16	2	1-1-2-2-1-1-1-1-1-1-1-1	1-1-1-2-1-1-1-1-1-1-1-1	3-3-0-1-3-1-3-1-1-3-1-3	3-0-1-1-3-3-1-3-1-1-4-1	1-0-3-3-1-1-3-3-1-1-1-4	3-1-1-1-1-1-3-1-1-1-6-4	2-3-1-1-3-2-1-3-1-1-3-4	1-2-2-3-3-1-1-3-2-1-0-0	2-0-3-3-5-9-1-3-1-2-2-1	4-3-1-1-3-2-3-2-3-1-1-5	1-2-1-1-1-1-0-2-1-2-1-1	1-2-2-1-1-2-3-1-2-4-2-1
16	3	1-3-2-1-1-3-1-1-1-1-1-1	1-5-4-2-1-1-1-4-1-1-2-2	2-2-1-1-2-1-4-1-1-2-4-2	2-4-1-1-2-2-1-2-2-1-3-1	2-0-2-3-1-4-4-2-4-1-1-1	2-4-5-0-4-2-4-1-4-3-4-3	2-2-1-0-2-1-4-2-5-3-2-2	3-2-6-2-2-1-7-2-2-1-3-1	4-0-4-2-3-1-1-2-1-3-2-3	2-2-9-0-2-2-2-1-2-1-1-4	4-2-1-1-1-1-0-4-1-4-1-3	1-2-2-4-1-1-2-4-8-2-7-4
16	4	5-3-1-4-1-3-1-1-4-4-5-2	5-3-3-2-1-1-1-5-1-1-5-5	2-4-1-2-5-5-3-3-6-5-3-5	5-3-5-5-2-2-1-2-5-5-2-1	1-1-2-5-1-3-5-2-5-4-5-5	1-4-3-1-3-2-3-2-3-4-3-2	2-2-3-0-2-1-3-5-4-1-2-2	4-2-3-2-2-1-3-5-2-7-5-1	3-0-3-2-4-4-0-5-9-4-2-5	2-4-5-5-2-2-2-4-2-1-1-3	3-2-4-5-5-1-0-3-6-3-5-4	3-3-2-3-1-4-2-3-4-2-9-3
16	5	4-3-2-4-1-4-5-5-5-4-4-5	6-3-3-2-1-1-5-4-6-1-4-4	8-6-7-5-4-4-6-6-4-4-6-4	4-5-4-4-2-2-6-8-4-4-3-8	2-8-9-4-7-3-4-2-4-5-4-5	6-7-3-5-5-2-4-2-1-4-0-6	2-2-3-5-6-5-3-4-3-1-2-2	5-3-8-3-2-7-3-4-2-5-5-1	7-6-7-2-2-4-6-4-1-5-2-4	5-6-4-6-6-2-4-4-7-6-6-2	3-2-5-4-4-9-6-8-3-3-4-5	1-4-5-6-3-5-5-5-4-2-5-1
16	6	6-6-7-6-7-7-7-6-7-7-6-6	5-3-3-8-7-7-6-6-7-7-8-7	5-5-5-9-7-7-5-7-7-7-7-7	7-6-7-6-7-6-8-7-7-5-6-7	8-6-6-4-7-6-7-6-7-7-8-6	7-7-7-7-5-9-5-7-1-6-2-5	9-7-6-8-7-6-6-7-6-8-2-8	5-6-8-6-6-5-6-8-6-5-6-6	9-5-9-6-6-7-5-5-7-6-7-5	6-5-6-5-5-7-7-8-5-7-5-2	6-9-6-4-3-9-5-3-9-6-7-8	8-9-6-5-7-8-7-9-6-9-3-9
16	7	8-7-6-7-8-6-9-7-6-6-8-8	8-3-8-8-6-6-8-8-8-6-8-8	7-8-5-6-8-8-8-7-8-8-7-8	8-7-6-8-8-8-8-6-6-5-8-6	8-6-8-8-6-7-8-8-6-6-6-8	8-6-8-6-5-6-8-8-1-7-3-8	8-6-7-5-8-7-6-8-6-9-8-7	6-8-5-8-8-5-9-6-8-5-8-6	9-5-5-8-8-6-5-8-6-7-8-5	8-8-8-6-8-6-9-9-5-6-8-8	8-5-8-3-1-6-0-8-8-8-6-9	1-6-7-8-8-5-6-0-8-8-8-1
16	8	7-7-7-7-7-9-7-6-7-6-7-7	7-7-7-7-8-6-7-7-7-7-7-7	5-7-7-7-7-7-7-8-7-7-8-7	7-8-8-7-7-7-9-5-6-4-7-5	7-6-7-7-8-7-9-7-8-6-6-7	7-9-7-6-8-6-7-7-8-8-3-7	7-2-1-6-7-8-4-7-8-6-7-7	8-7-5-7-7-5-3-6-7-6-7-8	8-8-7-7-7-6-5-7-4-4-7-4	7-7-8-7-7-7-7-6-9-7-7-7	7-8-7-4-7-7-8-5-7-7-6-8	6-9-9-7-7-6-6-6-7-7-7-1
16	9	9-7-7-7-9-8-7-9-6-6-7-7	7-9-7-7-9-9-7-7-7-9-7-8	9-9-9-6-9-9-9-8-7-9-8-9	8-9-9-9-9-9-8-9-8-9-9-8	6-6-5-9-9-9-8-9-9-9-7-5	6-9-7-8-9-6-9-9-9-9-9-8	8-9-9-6-7-9-9-9-9-9-7-7	9-7-9-7-9-7-7-7-7-5-6-6	7-8-9-9-7-9-9-7-4-6-7-9	6-9-9-9-9-2-7-7-8-9-3-9	6-6-6-9-5-6-8-6-6-9-9-7	6-8-8-6-7-9-9-6-9-9-4-6
17	0	0-0-0-0-0-0-0-0-0-0-0-0	0-0-0-0-0-0-0-0-0-0-0-0	0-0-0-0-0-0-0-0-0-0-0-0	0-0-0-0-0-0-0-0-0-0-0-0	0-0-0-0-0-0-0-0-0-0-0-0	0-0-0-0-0-0-0-0-0-0-0-0	0-0-0-0-0-0-0-0-0-0-0-0	0-0-0-0-0-0-0-0-0-0-0-0	0-0-0-0-0-0-0-0-0-0-0-0	0-0-0-0-0-0-0-0-0-0-0-0	0-0-0-0-0-0-0-0-0-0-0-0	0-0-0-0-0-0-0-0-0-0-0-0
17	1	1-1-1-1-1-1-1-1-1-1-1-1	1-0-0-2-0-1-0-1-0-1-2-2	1-3-0-3-4-2-2-2-0-3-0-2	2-0-2-3-2-2-0-3-1-1-1-0	1-0-0-0-0-2-2-2-1-1-8-2	3-0-2-0-0-2-2-3-1-1-3-2	3-3-1-0-2-1-1-2-3-1-3-2	1-1-1-2-2-3-1-8-1-0-0-0	1-0-2-3-3-0-0-2-4-1-2-1	0-2-0-2-2-3-0-3-2-1-2-3	3-1-0-3-3-1-1-1-3-1-1-0	2-1-2-1-2-1-4-0-1-1-1-3
17	2	2-2-2-2-2-2-2-2-2-2-2-3	1-3-3-1-4-3-0-3-3-2-1-3	2-1-0-1-1-1-3-3-0-1-3-3	1-2-2-2-1-1-0-2-3-3-3-0	3-0-5-1-1-1-3-1-3-2-0-1	1-1-4-2-2-1-3-1-2-2-2-1	1-1-2-3-1-2-3-1-2-4-0-1	2-3-3-3-1-3-5-3-1-5-0-0	2-0-1-1-2-1-8-1-2-2-3-2	3-1-2-8-1-1-1-2-1-3-1-1	3-1-0-2-1-1-0-3-0-1-1-2	1-1-1-1-1-1-1-0-1-1-5-1
17	3	2-2-4-2-3-3-3-2-3-3-2-4	4-2-2-1-4-2-4-2-4-3-4-4	6-4-5-1-3-1-4-4-0-4-2-2	4-4-3-4-1-4-4-1-2-2-4-3	2-6-3-5-5-2-4-4-2-4-4-3	4-4-2-4-5-6-4-1-1-5-1-4	1-1-1-5-4-3-2-4-1-3-6-1	2-1-6-2-1-4-4-1-4-3-3-4	5-6-4-1-1-4-5-1-7-3-2-2	6-5-3-3-3-1-0-1-4-4-4-1	4-1-3-1-1-4-7-6-4-1-4-3	3-4-4-4-4-5-1-5-4-6-1-1
17	4	4-7-3-4-4-4-4-4-4-4-3-3	3-2-5-1-3-2-3-5-3-4-3-3	3-3-3-4-1-5-5-3-6-3-5-5	3-3-4-3-1-3-3-3-5-4-5-3	5-3-3-3-3-5-5-3-5-5-3-3	3-3-2-3-3-1-5-4-5-4-2-4	5-4-4-3-3-3-2-3-4-4-3-7	4-4-3-3-4-3-3-6-3-4-3-3	4-3-3-3-2-3-0-5-1-3-2-2	3-3-4-6-3-1-3-4-3-3-3-1	3-6-5-5-7-3-3-3-3-1-3-0	3-3-3-3-3-4-1-0-3-3-4-1
17	5	6-5-5-6-4-4-5-7-5-5-5-6	3-2-4-6-7-2-7-4-6-6-6-6	3-6-3-7-6-6-6-7-4-7-4-6	6-3-5-7-7-6-4-7-6-4-4-3	4-3-6-7-3-4-6-6-4-4-6-6	6-7-2-5-3-3-6-6-4-5-2-5	4-4-4-3-6-5-6-6-5-5-7-6	4-5-3-6-6-3-8-7-5-3-3-3	3-3-3-6-7-6-3-4-3-5-6-3	8-7-0-2-6-6-6-4-6-5-3-6	3-1-4-2-3-3-3-3-2-6-6-5	3-6-5-5-3-3-5-3-3-3-2-2
17	6	5-7-5-5-6-6-6-6-6-5-5-5	5-7-7-5-6-6-5-7-5-5-5-5	7-5-5-5-5-5-5-7-4-5-7-5	5-3-5-5-5-5-7-5-7-6-7-3	7-3-5-5-3-7-7-5-7-6-5-5	7-6-7-5-3-3-5-5-4-6-7-5	7-4-7-3-5-8-7-5-6-6-3-5	2-5-3-5-5-3-7-5-5-6-7-3	3-3-5-5-6-5-7-8-6-5-5-3	3-5-6-7-5-5-7-4-5-6-3-5	3-4-3-2-7-7-3-3-3-5-5-6	7-5-3-7-3-3-5-3-3-3-7-5
17	7	8-6-7-5-6-8-8-5-8-7-5-8	7-6-6-5-5-8-5-6-8-5-8-8	6-5-8-5-5-7-6-6-8-5-6-5	8-7-7-5-5-5-6-5-6-6-6-8	6-3-6-5-7-6-6-5-6-7-3-5	6-6-6-8-3-3-6-1-7-6-6-5	6-1-6-3-8-7-6-6-7-5-5-5	7-5-3-5-5-7-6-5-5-3-6-3	7-3-5-5-5-3-6-7-3-5-5-3	8-5-7-6-5-1-6-2-8-6-7-1	3-7-7-0-8-8-3-3-6-5-7-7	6-7-7-6-7-7-5-3-6-3-6-1
17	8	8-6-8-6-8-8-7-8-7-7-7-7	7-6-8-1-8-8-5-8-8-8-7-7	8-8-8-7-8-8-7-7-7-8-8-8	7-8-8-8-8-8-7-8-7-8-8-7	5-3-8-8-8-8-7-8-8-8-1-5	8-8-8-7-8-3-8-8-8-8-2-8	7-8-8-8-7-8-8-8-8-8-3-8	8-8-8-7-8-7-5-5-7-3-4-6	7-7-8-7-1-8-8-7-8-6-6-2	7-3-8-8-8-1-8-2-7-8-3-8	3-8-4-2-7-7-3-3-3-7-8-8	8-7-7-8-8-8-8-3-8-8-7-8
18	0	0-0-0-0-0-0-0-0-0-0-0-0	0-0-0-0-0-0-0-0-0-0-0-0	0-0-0-0-0-0-0-0-0-0-0-0	0-0-0-0-0-0-0-0-0-0-0-0	0-0-0-0-0-0-0-0-0-0-0-0	0-0-0-0-0-0-0-0-0-0-0-0	0-0-0-0-0-0-0-0-0-0-0-0	0-0-0-0-0-0-0-0-0-0-0-0	0-0-0-0-0-0-0-0-0-0-0-0	0-0-0-0-0-0-0-0-0-0-0-0	0-0-0-0-0-0-0-0-0-0-0-0	0-0-0-0-0-0-0-0-0-0-0-0
18	1	1-1-1-1-1-1-1-0-1-1-1-1	1-2-0-1-0-1-1-2-2-0-0-2	1-2-2-0-0-2-0-2-0-0-0-0	2-2-2-0-1-1-0-4-0-0-0-3	0-1-4-0-2-0-2-1-0-1-0-0	0-2-0-0-0-2-0-1-1-0-0-1	3-0-0-3-2-1-0-0-1-1-0-0	1-0-0-0-1-2-0-0-1-1-0-1	2-1-2-1-0-7-2-2-0-1-0-0	1-1-1-2-0-1-0-0-1-2-1-1	2-0-0-0-2-1-2-2-0-0-1-1	1-0-1-1-0-1-1-2-1-0-1-0
18	2	2-2-2-2-2-1-2-2-2-1-2-2	1-1-0-3-0-3-3-1-1-2-3-1	1-1-1-2-3-1-3-1-0-3-1-3	3-1-1-3-2-3-1-7-2-0-2-1	2-1-1-0-1-2-3-3-2-1-0-2	3-1-3-2-2-4-3-4-2-2-0-4	2-4-4-1-3-1-0-3-2-2-3-3	0-5-8-3-2-1-0-8-2-2-0-3	1-1-3-3-4-1-1-3-5-2-3-2	3-3-0-1-3-2-3-0-3-1-3-4	1-4-0-0-1-2-1-1-2-2-3-1	1-3-2-0-2-3-3-1-2-2-2-4
18	3	3-3-2-2-3-3-3-3-3-3-3-4	2-4-4-2-1-2-2-4-3-2-2-4	4-2-2-3-4-2-4-4-4-2-4-4	2-3-4-2-2-2-3-2-2-3-4-1	2-3-1-3-4-2-4-2-4-3-5-2	2-1-4-0-3-1-4-3-3-3-4-2	2-2-3-4-2-3-4-2-3-3-2-2	3-2-2-2-2-1-7-4-2-3-1-2	3-1-2-2-3-5-3-2-2-3-2-3	2-4-3-2-2-2-2-4-2-4-2-2	4-2-8-3-8-4-4-1-1-2-2-3	1-2-1-4-3-2-2-1-2-2-2-5
18	4	4-3-4-5-3-4-4-4-4-4-5-5	4-3-3-2-5-3-5-3-4-4-5-5	3-5-5-1-3-5-3-3-4-2-3-4	4-4-5-5-2-5-5-1-4-5-3-1	2-7-1-4-6-3-3-4-3-4-4-3	5-5-3-4-7-2-3-2-3-3-3-2	4-2-3-3-4-4-3-5-4-3-4-3	4-2-5-3-3-5-5-2-6-4-4-7	4-4-5-5-2-4-4-3-4-4-3-3	5-3-4-5-5-3-3-3-5-3-5-2	6-2-4-5-4-3-7-6-6-2-3-4	4-3-4-3-5-3-3-4-6-6-4-2
18	5	6-5-6-4-6-5-6-7-6-6-6-8	6-6-5-2-6-6-6-5-6-6-4-6	5-4-6-7-6-6-5-6-6-6-8-5	6-4-6-7-6-4-6-6-6-6-4-5	7-4-6-6-5-5-5-5-6-5-7-5	5-6-6-4-4-6-6-7-6-5-0-5	8-6-5-5-6-5-4-4-5-6-5-6	5-2-4-5-5-4-4-6-4-6-4-5	5-4-4-4-7-4-6-6-7-7-2-3	4-6-5-6-4-6-7-5-5-3-6-2	7-8-6-5-6-8-4-5-8-5-7-5	6-5-5-8-4-7-5-4-4-6-5-8
18	6	7-6-5-6-5-5-5-5-5-5-5-6	5-5-5-2-5-5-5-6-5-5-7-7	6-7-7-7-7-5-7-5-5-5-6-6	7-5-5-7-7-7-5-5-5-5-7-1	7-4-5-7-5-5-7-7-5-6-5-6	6-5-7-7-4-5-7-5-5-5-3-5	7-5-5-3-5-5-5-7-5-5-7-7	5-7-4-7-7-5-8-7-4-5-7-4	5-4-4-7-7-5-4-7-5-5-7-5	5-5-5-5-7-7-7-6-4-3-5-8	4-5-7-5-5-5-4-4-7-7-5-5	5-5-6-7-4-5-6-4-4-5-6-5
18	7	6-8-5-6-5-5-5-5-5-6-5-6	5-5-5-6-5-5-6-6-5-5-6-6	1-6-6-5-6-7-6-6-6-6-7-6	6-7-7-6-6-6-8-2-6-5-6-1	5-4-6-6-7-7-8-6-7-7-5-6	6-6-6-6-4-4-6-5-7-7-0-7	6-5-5-8-8-7-4-6-7-5-6-6	7-6-2-6-6-1-3-6-8-5-6-4	7-4-7-6-6-5-7-6-5-5-6-0	7-6-7-5-6-6-6-8-8-7-7-2	5-5-6-0-3-5-4-2-6-7-5-7	1-7-5-7-7-5-6-5-2-2-7-6
18	8	8-7-6-6-8-7-5-8-5-5-5-5	5-5-8-5-8-5-6-8-6-8-6-6	8-8-6-5-8-5-6-5-7-8-5-8	7-8-8-8-8-8-7-8-8-8-8-1	2-4-8-8-8-8-7-8-8-8-6-8	5-8-7-6-8-5-8-8-8-8-8-8	6-8-8-8-7-8-8-8-8-8-6-6	8-8-2-7-8-7-6-2-7-5-6-5	6-7-8-7-2-8-8-6-5-5-6-0	7-8-8-8-8-5-8-7-7-8-8-8	5-5-3-8-3-5-4-4-5-7-8-8	5-7-8-5-6-8-8-4-8-8-7-5
19	0	0-0-0-0-0-0-0-0-0-0-0-0	0-0-0-0-0-0-0-0-0-0-0-0	0-0-0-0-0-0-0-0-0-0-0-0	0-0-0-0-0-0-0-0-0-0-0-0	0-0-0-0-0-0-0-0-0-0-0-0	0-0-0-0-0-0-0-0-0-0-0-0	0-0-0-0-0-0-0-0-0-0-0-0	0-0-0-0-0-0-0-0-0-0-0-0	0-0-0-0-0-0-0-0-0-0-0-0	0-0-0-0-0-0-0-0-0-0-0-0	0-0-0-0-0-0-0-0-0-0-0-0	0-0-0-0-0-0-0-0-0-0-0-0
19	1	1-1-2-2-2-1-1-2-1-1-2-3	1-2-1-2-2-2-1-2-2-1-0-2	1-1-1-2-2-2-2-2-2-2-2-2	2-1-2-2-1-2-2-2-1-2-2-1	1-2-1-2-1-1-2-1-2-3-4-1	2-2-3-3-2-2-2-2-1-1-0-2	2-1-1-1-2-2-2-2-1-4-1-1	1-1-1-2-1-2-1-1-1-1-0-1	1-0-2-0-2-2-1-1-2-1-1-2	1-1-1-2-4-1-1-1-2-3-9-1	1-9-6-2-1-2-0-1-9-1-2-1	2-1-1-1-4-1-1-4-1-1-1-1
19	2	1-1-1-1-1-1-1-1-1-1-1-1	1-1-1-4-1-1-4-1-1-1-3-1	1-3-1-1-3-1-3-1-1-1-1-1	3-0-1-3-3-3-1-4-3-1-1-1	6-1-1-3-1-3-3-3-1-1-1-4	1-1-1-1-1-1-3-1-1-2-0-4	1-4-1-1-3-1-2-3-1-1-8-3	1-4-2-3-6-1-9-4-5-1-5-0	0-0-3-5-5-1-1-3-1-2-2-1	4-5-1-1-3-5-1-1-3-1-0-4	5-1-0-1-1-1-0-0-0-1-1-3	1-3-2-1-5-1-5-0-0-3-2-1
19	3	1-4-1-3-3-1-1-3-1-1-1-1	1-5-3-1-1-1-2-4-1-1-2-4	1-2-1-1-2-1-4-5-5-2-4-2	2-2-1-5-2-2-5-2-4-3-4-0	2-0-2-2-2-4-4-2-3-1-1-2	1-2-4-1-3-1-2-3-3-3-7-3	4-2-3-0-2-3-5-2-3-6-4-2	1-5-4-4-2-1-4-2-3-3-1-1	4-0-4-2-3-2-5-2-4-3-2-4	0-2-3-4-2-2-5-4-2-1-5-2	0-3-4-1-1-1-0-4-0-2-1-2	1-2-2-4-5-1-2-0-7-2-7-1
19	4	1-3-1-4-3-4-1-1-4-4-5-4	1-3-3-2-1-1-2-5-1-1-5-5	7-2-5-1-5-5-3-3-3-5-3-5	5-5-5-6-2-2-3-2-5-5-3-0	2-0-2-5-5-3-5-2-5-1-7-2	2-4-3-7-4-1-5-3-4-4-3-3	3-2-3-3-6-3-4-5-4-1-3-2	1-2-2-3-2-1-3-2-2-7-3-0	3-0-3-2-4-6-1-5-9-8-2-3	1-2-1-5-9-2-6-3-9-6-3-2	1-6-3-5-5-1-0-3-0-4-5-4	1-4-2-3-1-1-2-1-5-7-3-3
19	5	6-3-5-6-3-4-5-5-5-6-4-6	6-3-3-6-1-1-6-8-6-1-4-6	6-7-8-6-4-7-6-6-6-4-6-4	6-4-6-3-2-6-3-1-4-4-3-7	2-7-9-4-6-3-6-6-4-5-1-5	6-7-3-6-5-1-4-1-5-3-3-5	6-5-5-5-4-8-3-4-4-1-9-2	1-3-8-6-2-7-3-4-6-5-6-0	7-6-6-6-2-1-3-4-3-5-2-4	6-2-5-4-6-2-1-3-6-6-6-2	2-7-5-4-4-9-8-8-3-6-4-5	8-4-6-8-6-5-2-5-4-5-2-2
19	6	5-6-5-5-7-7-6-9-6-5-5-5	5-7-6-5-1-1-5-7-5-1-4-5	5-5-5-5-2-7-7-5-5-8-7-4	5-8-5-4-2-5-7-2-7-8-7-5	2-5-5-4-5-7-7-5-4-5-4-5	5-5-3-5-4-1-7-6-6-6-6-6	5-2-8-5-4-5-6-4-6-1-0-4	1-2-2-5-2-5-6-7-5-6-5-0	5-5-5-5-6-4-5-5-7-5-2-3	5-2-6-7-5-2-4-6-5-5-5-2	5-4-7-4-0-5-0-5-0-5-4-6	1-5-5-5-5-8-2-0-0-6-8-7
19	7	9-6-9-9-6-6-9-8-9-8-8-8	5-6-6-2-8-7-5-6-6-8-8-8	5-8-5-8-8-5-8-8-9-8-6-8	8-8-7-8-8-8-6-8-8-4-8-5	8-5-7-4-5-8-8-8-4-7-4-7	8-5-8-7-7-8-8-8-7-4-3-6	8-5-6-5-8-9-8-8-6-1-8-9	5-8-2-8-8-5-3-9-9-4-8-0	5-5-3-8-8-1-3-9-6-6-8-3	9-4-7-6-8-2-8-3-5-5-3-2	8-7-6-4-0-1-5-0-8-8-8-8	1-8-5-5-8-6-8-0-3-7-3-6
19	8	9-9-7-8-6-9-9-9-9-7-8-9	9-6-6-5-8-9-9-7-9-7-7-9	5-7-5-7-7-7-7-9-7-7-8-7	7-6-7-7-7-7-9-7-7-6-7-9	7-5-5-5-5-7-7-7-7-5-7-7	7-9-7-9-4-7-7-7-6-8-3-9	7-9-6-5-8-5-7-7-8-8-7-7	8-7-5-7-7-5-6-8-8-4-7-0	5-5-8-7-7-1-3-7-6-4-7-7	1-2-7-7-7-2-7-3-9-5-5-2	7-8-6-4-8-1-5-5-7-7-7-7	5-7-8-5-8-5-7-1-3-7-3-6
19	9	9-8-7-7-9-8-8-9-8-8-9-8	8-6-9-5-9-9-5-7-9-9-7-8	9-9-9-8-9-7-9-8-7-9-8-9	8-9-9-9-9-9-8-9-8-9-9-8	7-5-9-9-9-8-8-9-9-9-8-9	8-9-8-8-9-9-8-9-9-9-9-8	8-9-9-9-8-9-9-9-9-9-5-7	9-9-9-8-9-7-2-2-7-5-5-9	5-9-9-8-7-9-9-7-4-9-7-9	7-9-9-9-9-2-9-9-8-9-1-9	1-1-6-9-5-5-0-9-1-5-9-9	9-8-8-1-9-9-9-9-9-9-7-1
20	0	0-0-0-0-0-0-0-0-0-0-0-0	0-0-0-0-0-0-0-0-0-0-0-0	0-0-0-0-0-0-0-0-0-0-0-0	0-0-0-0-0-0-0-0-0-0-0-0	0-0-0-0-0-0-0-0-0-0-0-0	0-0-0-0-0-0-0-0-0-0-0-0	0-0-0-0-0-0-0-0-0-0-0-0	0-0-0-0-0-0-0-0-0-0-0-0	0-0-0-0-0-0-0-0-0-0-0-0	0-0-0-0-0-0-0-0-0-0-0-0	0-0-0-0-0-0-0-0-0-0-0-0	0-0-0-0-0-0-0-0-0-0-0-0
20	1	1-1-1-1-1-1-1-1-1-1-1-1	0-2-1-0-0-1-0-2-0-1-0-1	1-0-0-1-1-0-2-0-0-0-2-1	0-0-0-0-0-0-0-1-2-1-2-0	0-0-0-0-0-0-2-0-2-0-0-0	0-2-0-0-0-0-2-0-1-1-4-0	2-2-2-0-0-1-0-4-1-1-0-0	1-1-0-0-1-0-1-2-0-1-0-0	1-0-1-0-1-1-0-2-1-0-1-2	0-1-1-2-0-0-2-1-0-1-0-1	2-9-0-0-0-0-0-0-0-0-2-2	2-1-0-0-0-0-1-0-0-1-1-1
20	2	2-2-2-2-1-1-2-2-2-2-2-3	3-1-1-4-2-1-3-3-0-2-3-3	3-3-0-4-3-4-3-3-0-2-1-3	4-0-2-4-4-4-3-2-3-2-1-0	2-0-2-4-3-3-3-3-1-0-3-3	4-1-3-0-2-4-3-3-1-1-1-4	3-1-1-0-3-1-3-3-2-2-2-3	2-2-5-3-2-3-4-9-2-1-0-0	2-0-3-3-5-3-0-3-1-2-2-1	0-3-1-3-3-2-1-1-3-2-0-2	1-2-1-0-9-3-0-0-0-3-3-1	1-3-2-1-0-2-3-0-2-2-2-2
20	3	3-3-3-3-3-3-3-3-3-3-3-2	2-4-3-2-2-4-2-4-2-4-2-4	2-2-3-2-2-2-4-2-4-2-4-2	2-4-4-2-2-2-4-2-4-3-4-0	4-0-2-2-2-4-4-2-3-3-2-2	2-2-2-4-3-2-4-2-3-3-6-3	2-1-3-0-2-3-2-2-3-6-0-2	3-5-0-4-3-2-6-4-2-5-0-4	6-0-2-2-3-2-5-2-3-3-2-4	0-2-3-4-2-2-4-6-4-3-4-2	4-4-3-3-8-2-6-5-5-2-2-4	1-2-2-0-5-3-2-0-6-3-6-6
20	4	4-4-3-4-4-3-4-4-4-4-4-4	2-5-5-2-2-3-2-3-2-3-3-3	3-4-4-2-2-2-3-4-5-5-7-2	2-5-5-2-2-2-6-2-5-6-5-0	4-0-2-6-2-5-3-4-5-5-2-2	2-5-3-3-4-2-5-2-4-4-9-3	3-2-4-5-2-1-5-5-4-3-5-8	4-2-2-3-4-2-2-5-2-4-4-3	4-0-8-2-4-4-5-5-8-9-3-3	3-2-4-5-5-7-3-4-3-4-3-2	3-3-6-3-3-2-5-0-0-2-2-3	8-2-2-5-5-4-3-4-3-1-4-2
20	5	7-5-7-7-7-6-6-5-6-6-6-7	6-4-4-7-8-6-6-5-7-6-6-6	5-6-6-8-5-6-6-6-6-6-4-5	6-7-6-6-8-6-7-8-4-4-4-6	8-6-7-8-6-4-6-6-4-6-8-8	5-8-8-6-4-6-4-2-4-3-3-5	6-4-5-6-5-6-4-4-4-8-6-4	4-5-7-4-2-6-3-5-7-6-6-9	7-7-6-7-2-5-6-7-6-5-9-4	7-8-5-4-4-2-7-4-6-6-7-2	6-5-7-3-7-6-7-8-7-5-4-5	7-4-5-7-7-6-2-7-2-7-7-7
20	6	5-5-5-5-4-5-5-5-5-5-5-5	5-4-4-8-5-5-5-5-5-5-7-5	5-5-5-7-7-7-5-7-5-7-5-7	7-5-5-5-7-5-5-7-7-4-6-5	6-5-6-4-5-6-7-7-4-5-5-5	7-5-3-5-6-7-7-7-4-4-3-7	5-7-4-5-7-6-5-7-3-3-5-7	3-7-5-7-8-5-9-9-5-5-5-0	5-5-5-7-8-7-5-8-4-6-8-4	5-8-5-5-8-2-7-3-5-5-5-2	5-6-4-3-5-5-5-5-5-6-7-5	5-7-5-5-5-5-8-5-8-6-3-6
20	7	5-8-5-5-7-5-5-5-5-5-5-5	5-8-7-6-5-5-5-8-5-5-6-6	5-7-5-6-6-6-8-8-8-6-8-6	6-5-5-6-6-5-8-6-8-7-8-5	6-5-5-4-5-8-8-6-8-7-5-5	6-5-5-5-4-6-6-6-7-7-8-6	5-6-4-5-6-9-8-6-4-3-9-6	5-6-5-6-6-5-8-8-5-7-5-9	5-5-5-6-4-6-5-5-4-7-6-4	5-5-7-5-5-4-6-4-6-5-5-2	8-1-5-3-5-5-5-5-5-6-6-3	5-6-5-5-5-5-6-5-5-5-8-5
20	8	5-7-5-5-7-5-5-5-5-5-5-9	8-7-7-6-5-5-5-7-9-5-6-9	9-8-5-6-6-8-7-9-9-6-7-7	6-8-8-6-5-5-7-6-7-4-7-5	7-5-6-5-8-7-7-5-7-8-5-5	9-5-5-5-8-9-7-6-8-7-7-6	9-6-7-5-7-8-7-7-8-5-6-4	8-6-6-9-6-8-7-6-5-8-7-8	8-8-4-6-6-6-5-8-4-5-6-6	5-6-8-3-6-2-4-3-8-5-5-2	5-8-8-3-3-9-8-5-5-6-8-8	5-6-5-5-5-8-6-5-6-6-7-7
20	9	9-7-5-5-9-9-5-9-5-5-5-5	8-7-9-6-9-9-6-9-9-9-8-8	9-8-9-6-9-9-8-8-8-9-9-9	8-9-9-9-9-9-8-9-8-9-9-8	6-5-9-9-9-9-8-9-9-9-6-5	9-9-9-5-9-9-9-9-9-9-4-9	8-9-9-9-6-9-9-9-9-9-5-6	9-9-6-8-9-8-6-6-6-5-8-5	8-9-6-8-6-9-9-8-9-4-5-6	5-6-9-9-9-2-9-4-5-9-7-9	7-9-3-7-8-8-9-5-9-5-9-9	5-6-5-5-3-9-9-5-9-9-6-9
21	0	0-0-0-0-0-0-0-0-0-0-0-0	0-0-0-0-0-0-0-0-0-0-0-0	0-0-0-0-0-0-0-0-0-0-0-0	0-0-0-0-0-0-0-0-0-0-0-0	0-0-0-0-0-0-0-0-0-0-0-0	0-0-0-0-0-0-0-0-0-0-0-0	0-0-0-0-0-0-0-0-0-0-0-0	0-0-0-0-0-0-0-0-0-0-0-0	0-0-0-0-0-0-0-0-0-0-0-0	0-0-0-0-0-0-0-0-0-0-0-0	0-0-0-0-0-0-0-0-0-0-0-0	0-0-0-0-0-0-0-0-0-0-0-0
21	1	1-1-1-3-1-0-1-1-1-1-1-1	2-0-0-2-0-1-1-0-0-1-2-2	0-2-2-0-3-3-2-0-0-1-2-0	2-0-1-2-2-2-0-3-2-3-0-1	3-1-2-2-0-0-2-2-0-0-3-3	2-2-3-1-0-1-2-0-0-0-0-2	0-1-0-1-2-0-0-2-1-0-0-0	0-2-3-2-0-0-0-3-2-0-1-0	0-1-0-2-1-2-1-1-0-1-1-1	2-5-0-0-2-0-2-1-2-0-0-0	1-0-1-0-2-3-1-1-1-1-2-1	1-2-1-1-0-1-2-1-1-1-1-1
21	2	2-3-2-2-2-2-2-2-2-2-2-3	1-3-3-1-0-2-1-4-2-1-1-2	1-1-1-3-1-1-3-0-3-3-3-4	1-1-3-1-1-1-3-1-1-1-3-1	2-2-1-1-0-3-3-1-3-2-1-1	1-1-1-1-2-1-3-3-2-2-2-1	0-1-2-3-1-2-3-1-0-3-2-0	0-1-0-1-0-0-4-5-1-0-1-2	2-0-3-1-5-1-2-2-3-2-1-2	1-1-0-3-3-0-1-3-1-0-4-2	3-3-6-3-1-0-6-2-0-1-1-5	6-1-1-2-4-3-1-3-1-1-4-3
21	3	4-2-4-4-3-2-3-3-3-3-5-5	3-2-2-5-5-3-4-5-5-2-5-5	5-4-4-2-1-6-2-4-5-2-2-3	4-5-5-4-3-1-2-1-2-1-2-6	1-6-5-1-4-2-4-3-2-3-1-1	3-5-1-3-3-6-2-2-0-2-0-6	5-1-2-5-0-3-2-3-0-2-5-4	3-0-5-3-0-3-2-1-3-3-3-2	9-4-4-1-1-0-3-3-2-3-3-0	4-3-6-2-2-5-5-2-3-3-5-0	2-2-3-2-2-9-4-3-5-1-6-3	3-1-3-5-3-3-3-4-1-2-3-2
21	4	3-3-3-3-3-4-4-4-4-5-3-4	5-2-2-5-3-5-3-6-5-5-3-5	3-3-3-5-5-6-5-3-3-5-5-5	5-3-3-5-5-5-6-6-4-1-4-3	4-3-3-1-3-4-5-5-3-4-1-1	5-3-5-5-4-6-5-4-7-2-0-5	5-6-2-3-5-4-4-5-7-4-8-5	0-6-8-5-4-3-2-6-4-3-8-5	2-3-3-6-6-0-3-5-2-4-6-2	3-6-0-3-5-4-0-2-5-5-3-6	2-6-3-2-3-3-5-3-8-5-4-3	2-2-4-3-2-4-5-3-4-4-4-4
21	5	3-5-6-5-5-5-5-5-3-4-3-3	4-6-6-4-3-6-3-6-3-5-3-4	3-4-3-4-4-7-6-3-3-4-6-6	4-3-3-4-4-4-2-1-6-7-6-3	5-3-3-1-3-4-6-4-7-7-1-3	4-3-6-4-5-4-6-4-5-5-8-4	4-4-5-3-4-5-7-4-0-5-3-4	5-4-4-4-4-3-8-6-4-6-3-5	2-3-4-4-2-1-3-4-7-5-4-6	3-1-3-3-4-4-3-8-4-4-3-5	4-5-3-5-3-4-5-3-3-4-4-2	2-4-3-3-5-4-4-3-5-8-5-8
21	6	5-5-5-6-5-4-6-6-7-6-3-5	6-5-5-4-8-5-3-5-7-7-3-7	8-7-7-3-6-7-5-7-7-7-5-6	7-7-3-7-4-4-7-4-5-3-5-3	4-7-3-6-6-5-7-7-6-5-4-6	0-3-5-6-6-4-5-6-5-2-5-7	4-4-5-3-7-3-5-7-0-4-7-9	6-4-7-5-4-7-2-4-4-7-7-8	7-6-7-4-4-6-3-7-8-6-4-5	7-7-3-7-7-4-0-2-7-7-7-4	7-6-2-2-3-7-7-7-7-4-6-6	2-6-6-3-7-4-4-7-6-5-6-5
21	7	8-9-8-9-8-8-8-8-8-8-8-8	8-5-5-8-8-8-8-8-8-6-8-8	7-8-8-9-8-9-8-6-8-8-9-7	8-6-9-6-8-8-8-8-8-5-8-3	8-6-9-8-7-8-8-8-6-5-8-8	9-9-8-6-7-8-8-8-4-7-0-8	8-8-7-3-6-7-5-9-7-8-8-8	7-8-6-8-8-8-5-8-4-9-6-6	6-6-6-8-8-8-3-6-5-8-8-9	6-8-0-6-8-8-8-2-6-6-6-8	6-4-8-9-8-8-6-6-6-4-7-6	2-8-7-3-6-6-8-6-8-5-8-7
21	8	7-9-7-7-7-9-7-7-7-7-7-7	7-5-7-7-7-7-7-7-7-7-7-7	7-7-7-7-7-7-7-7-7-7-8-7	7-8-8-7-7-7-9-7-7-8-7-3	7-6-3-7-8-7-7-7-8-8-7-7	9-0-7-7-8-7-7-7-8-8-5-7	7-7-2-3-9-8-5-7-8-7-7-7	8-7-4-7-7-7-5-7-4-8-7-6	8-8-8-7-7-7-3-7-6-7-7-7	8-7-8-7-7-7-7-5-6-8-8-7	6-8-7-2-9-7-6-3-7-8-8-8	2-9-8-8-8-4-7-6-7-5-7-5
21	9	9-7-7-7-9-8-7-9-7-7-7-7	7-9-9-7-9-9-7-7-9-9-7-7	9-9-9-7-9-7-7-7-7-9-7-9	8-9-9-9-9-9-8-9-5-9-7-3	7-3-7-9-9-9-8-9-9-9-7-9	7-7-7-7-9-9-9-9-9-9-9-9	7-9-9-9-8-9-9-7-9-7-7-7	9-7-4-9-7-8-9-7-4-7-7-8	3-9-9-8-7-9-9-8-9-5-7-7	3-9-9-9-9-7-7-8-9-9-9-9	6-9-9-7-8-8-7-7-9-8-9-9	7-8-6-0-8-9-9-6-7-9-7-9
22	0	0-0-0-0-0-0-0-0-0-0-0-0	0-0-0-0-0-0-0-0-0-0-0-0	0-0-0-0-0-0-0-0-0-0-0-0	0-0-0-0-0-0-0-0-0-0-0-0	0-0-0-0-0-0-0-0-0-0-0-0	0-0-0-0-0-0-0-0-0-0-0-0	0-0-0-0-0-0-0-0-0-0-0-0	0-0-0-0-0-0-0-0-0-0-0-0	0-0-0-0-0-0-0-0-0-0-0-0	0-0-0-0-0-0-0-0-0-0-0-0	0-0-0-0-0-0-0-0-0-0-0-0	0-0-0-0-0-0-0-0-0-0-0-0
22	1	1-1-1-0-1-0-1-0-1-0-1-1	0-0-0-1-0-1-0-2-0-1-2-0	2-2-0-3-2-0-2-0-0-3-0-2	2-0-0-1-2-2-0-5-1-0-1-0	1-0-1-0-0-1-2-2-1-0-0-1	2-0-2-0-0-3-2-3-1-1-0-2	1-1-1-0-2-1-1-2-1-1-1-2	1-1-1-2-1-0-0-7-1-0-0-0	1-0-0-2-3-2-0-2-0-1-1-1	0-1-0-0-2-1-2-1-2-0-0-1	0-1-0-0-0-1-0-1-0-2-2-2	0-1-1-0-0-1-2-0-1-1-1-3
22	2	2-3-1-2-2-2-2-2-1-2-2-3	1-3-3-1-0-3-0-3-0-2-1-3	3-1-0-1-1-1-3-3-0-1-3-1	1-3-2-1-1-1-0-1-3-3-3-0	2-0-0-2-1-3-3-1-2-2-0-1	1-6-4-0-2-1-3-1-2-2-6-1	1-1-2-3-1-2-3-1-2-2-0-3	2-0-1-1-1-3-5-1-1-0-0-0	3-0-3-1-0-5-5-1-6-2-1-7	0-4-7-4-1-2-1-2-1-3-0-1	5-1-7-2-7-1-0-6-3-1-1-2	0-1-1-3-0-1-1-0-5-2-1-1
22	3	3-2-1-2-2-3-3-3-3-4-4-2	4-2-2-1-0-4-4-2-4-3-4-4	2-4-6-4-2-5-4-4-4-1-2-4	4-4-5-5-1-4-4-1-2-2-2-4	1-3-5-3-5-2-4-4-2-5-4-4	2-4-2-4-5-5-2-1-2-2-2-4	4-1-1-3-4-3-2-4-1-1-3-2	2-1-2-2-2-4-4-5-4-3-3-5	5-5-4-4-1-3-3-1-3-3-1-2	4-7-3-0-4-2-4-2-5-4-3-1	4-1-5-4-3-4-5-4-4-4-3-3	4-1-4-2-4-5-3-4-4-4-4-1
22	4	4-4-4-4-5-4-4-4-3-3-4-3	3-5-5-1-5-3-3-4-3-3-3-3	2-3-3-3-1-3-5-3-3-6-5-5	3-3-3-6-1-3-5-3-5-5-4-3	1-3-3-3-3-5-5-3-4-6-5-3	1-7-2-3-3-3-5-1-4-4-2-4	3-5-6-4-3-4-3-3-4-4-3-6	4-1-3-2-4-3-3-5-3-4-3-3	3-3-3-3-6-2-6-5-5-5-1-4	3-7-4-7-3-6-5-4-3-3-3-1	3-6-3-4-0-3-3-3-3-3-3-4	5-1-3-2-3-4-5-3-3-3-1-4
22	5	5-7-5-7-4-5-5-5-5-5-5-5	3-4-4-6-4-3-6-6-3-2-3-3	5-6-3-6-5-3-6-3-4-6-4-6	6-3-3-7-6-6-4-1-4-4-6-5	5-4-6-6-3-6-6-6-4-5-4-5	5-5-6-5-3-3-6-6-4-4-2-5	6-4-4-0-4-5-4-6-4-5-6-4	4-6-3-6-6-3-7-4-5-4-6-3	3-3-4-7-3-2-4-6-4-4-6-2	6-6-4-4-6-2-4-2-3-3-6-5	2-5-3-4-2-5-3-3-3-6-5-5	4-6-5-5-3-3-4-3-2-5-5-1
22	6	5-7-5-5-5-7-7-5-7-5-6-7	7-4-4-5-6-6-5-5-5-6-7-7	7-5-3-5-5-5-5-7-4-5-6-5	5-3-6-4-5-5-7-5-5-4-5-7	5-3-5-5-3-5-7-5-3-4-5-5	7-2-5-7-6-3-5-5-4-6-2-6	7-4-4-0-7-6-7-7-6-6-5-4	6-5-2-5-5-4-6-4-5-4-5-3	6-6-6-7-6-2-4-5-2-4-5-1	5-5-4-5-5-4-5-7-7-4-5-1	2-4-3-7-2-6-3-2-5-5-5-7	4-5-7-5-5-4-4-3-1-5-5-1
22	7	7-6-5-5-7-6-6-7-6-6-5-6	6-7-7-5-7-7-6-7-7-7-6-6	7-7-7-7-7-7-7-6-4-7-2-7	6-7-7-7-7-7-6-7-6-7-7-6	5-3-7-7-7-7-6-7-7-7-3-5	6-7-7-6-7-6-7-7-7-7-7-6	6-7-7-7-7-7-7-6-7-7-7-7	7-7-7-5-7-5-5-1-1-3-3-3	5-7-7-7-1-7-7-5-7-4-5-2	5-3-7-4-7-1-7-6-2-7-6-7	2-1-2-6-2-6-3-3-3-7-7-7	3-6-7-4-3-7-7-3-3-7-1-1
23	0	0-0-0-0-0-0-0-0-0-0-0-0	0-0-0-0-0-0-0-0-0-0-0-0	0-0-0-0-0-0-0-0-0-0-0-0	0-0-0-0-0-0-0-0-0-0-0-0	0-0-0-0-0-0-0-0-0-0-0-0	0-0-0-0-0-0-0-0-0-0-0-0	0-0-0-0-0-0-0-0-0-0-0-0	0-0-0-0-0-0-0-0-0-0-0-0	0-0-0-0-0-0-0-0-0-0-0-0	0-0-0-0-0-0-0-0-0-0-0-0	0-0-0-0-0-0-0-0-0-0-0-0	0-0-0-0-0-0-0-0-0-0-0-0
23	1	1-1-1-1-1-1-1-1-1-1-1-1	0-2-1-0-0-1-0-2-0-1-0-2	1-0-0-0-0-0-2-0-0-2-2-0	0-0-2-0-0-0-0-0-2-0-2-1	0-0-0-0-0-2-2-0-1-0-0-0	2-0-0-0-0-0-2-0-1-1-4-0	0-1-2-0-0-1-0-2-1-1-0-1	1-1-0-2-1-0-1-2-0-2-0-0	1-1-0-0-1-0-0-2-2-0-0-0	0-0-1-0-0-0-4-1-0-0-0-0	2-1-0-3-1-0-0-0-0-0-1-1	0-0-0-0-0-0-1-0-0-1-0-1
23	2	2-2-2-2-1-2-2-2-2-2-2-2	2-1-1-3-0-2-0-1-3-2-3-1	1-3-4-3-3-3-3-3-0-3-1-3	3-3-4-3-3-3-4-2-3-4-1-0	2-0-2-3-0-1-3-3-3-2-2-3	3-2-3-0-2-3-3-3-1-2-0-0	3-1-1-0-3-1-2-1-2-1-3-3	2-2-3-3-3-3-4-7-7-1-3-0	2-0-3-3-4-0-0-3-1-2-3-2	2-3-0-0-3-2-1-4-3-0-2-2	1-5-3-1-3-3-1-0-0-3-2-2	1-3-2-3-4-2-3-1-2-2-2-2
23	3	3-3-2-3-3-3-2-3-3-3-3-3	2-4-3-2-2-3-0-4-2-3-2-3	1-2-5-2-2-2-2-2-2-2-2-2	2-2-2-2-2-2-5-2-2-5-4-0	4-0-2-2-4-4-2-2-4-3-0-2	2-2-2-0-5-2-4-2-3-3-6-3	2-6-7-0-2-3-5-1-3-3-2-2	3-4-2-2-2-4-6-0-2-4-2-4	3-3-2-2-3-1-3-2-3-3-2-3	4-2-3-4-2-5-4-3-2-4-4-2	3-2-2-4-2-2-0-3-4-2-2-1	6-2-2-2-1-4-2-3-2-3-5-1
23	4	4-4-4-6-4-5-5-5-5-5-4-4	5-3-3-2-6-5-4-4-5-4-5-5	4-5-5-4-4-5-4-4-5-5-6-4	5-5-2-4-4-5-6-4-3-4-3-6	3-7-4-4-5-3-5-5-3-4-5-4	4-5-2-6-5-5-3-2-6-3-1-5	1-3-4-4-5-4-3-4-5-4-7-3	5-3-5-3-4-5-2-3-3-5-5-5	5-5-3-2-2-5-5-3-4-4-3-5	5-5-6-3-5-2-3-3-5-5-5-2	5-7-4-6-5-5-4-5-5-4-3-5	5-2-4-5-5-5-3-5-5-5-4-5
23	5	6-4-4-5-4-4-4-4-4-4-5-4	4-3-3-7-4-4-4-6-4-4-4-4	5-4-4-6-6-4-6-6-4-6-5-6	6-4-4-6-6-6-4-6-6-3-6-4	6-4-3-6-4-5-6-6-3-3-6-6	6-4-6-4-4-4-6-6-1-3-3-4	5-5-3-5-4-4-3-7-4-7-6-7	4-5-4-5-6-4-3-6-2-4-6-4	4-4-2-5-6-4-4-6-1-5-6-6	4-4-0-3-4-6-5-3-4-4-4-2	4-2-6-0-4-4-4-4-4-4-5-6	4-5-5-4-4-4-5-4-6-4-6-6
23	6	5-4-4-4-4-4-4-4-4-4-5-7	4-3-3-5-4-4-4-5-4-4-4-4	7-5-4-5-5-6-5-7-7-5-4-5	5-6-6-5-5-5-4-5-5-3-5-4	5-4-7-5-6-5-7-5-6-6-5-5	7-7-5-4-4-4-5-5-6-3-3-6	7-3-3-6-6-6-6-7-6-4-5-4	6-5-4-5-5-4-7-5-6-7-5-4	6-6-6-6-5-6-4-5-1-5-5-5	6-6-6-7-6-5-5-7-7-4-4-2	3-6-5-4-7-7-4-6-4-6-6-6	3-7-6-6-4-6-6-4-5-4-5-6
23	7	7-4-4-4-7-4-4-7-4-4-4-6	4-7-7-5-7-4-4-7-4-7-4-4	7-7-7-4-7-6-6-6-6-7-7-7	6-7-7-7-7-5-4-7-6-7-7-4	5-4-7-7-7-7-6-7-7-7-5-4	6-7-7-6-7-4-7-7-7-7-3-6	6-7-7-7-6-7-7-7-7-7-4-5	7-7-7-6-7-6-6-5-2-4-5-4	6-4-7-6-5-7-7-6-7-6-6-5	6-4-7-7-7-6-7-6-6-7-7-7	4-7-7-7-6-6-7-4-4-6-7-7	4-6-7-4-4-7-7-4-7-7-5-7
24	0	0-0-0-0-0-0-0-0-0-0-0-0	0-0-0-0-0-0-0-0-0-0-0-0	0-0-0-0-0-0-0-0-0-0-0-0	0-0-0-0-0-0-0-0-0-0-0-0	0-0-0-0-0-0-0-0-0-0-0-0	0-0-0-0-0-0-0-0-0-0-0-0	0-0-0-0-0-0-0-0-0-0-0-0	0-0-0-0-0-0-0-0-0-0-0-0	0-0-0-0-0-0-0-0-0-0-0-0	0-0-0-0-0-0-0-0-0-0-0-0	0-0-0-0-0-0-0-0-0-0-0-0	0-0-0-0-0-0-0-0-0-0-0-0
24	1	1-1-1-1-1-0-1-1-1-1-1-1	2-0-0-2-0-2-1-0-0-2-2-2	0-2-2-0-2-0-2-0-0-3-2-0	2-2-1-3-3-2-0-2-2-3-0-1	3-1-2-2-2-0-2-2-0-0-2-2	2-2-3-1-0-2-2-0-0-0-0-2	0-1-0-1-0-0-0-2-1-0-0-0	0-2-0-2-0-0-0-3-1-0-1-0	0-1-0-2-1-2-1-1-0-1-3-6	2-2-0-2-2-0-2-2-2-0-0-0	1-0-1-0-2-1-1-1-1-1-2-1	1-2-2-1-0-1-2-1-1-1-2-2
24	2	2-2-2-2-2-2-2-2-2-1-2-2	1-3-3-1-0-1-1-2-3-1-1-1	1-1-1-2-1-3-3-3-0-1-3-2	1-2-3-1-1-1-3-1-1-1-0-1	1-3-1-1-1-2-3-1-3-2-1-1	1-1-1-2-2-1-3-0-0-2-3-2	0-1-3-0-3-2-3-1-2-3-3-0	2-1-0-1-0-0-3-1-1-0-3-3	2-2-3-1-2-1-2-2-3-2-0-1	1-1-0-3-3-0-1-2-1-0-0-0	3-2-5-2-1-4-0-3-0-1-1-2	1-1-1-0-0-2-1-0-1-1-3-1
24	3	3-2-3-4-2-2-3-4-3-3-4-2	3-2-2-4-0-3-4-3-4-2-4-3	5-3-3-4-1-4-4-2-4-1-2-4	3-5-4-1-1-4-2-3-2-1-3-7	1-2-8-1-5-2-2-3-2-4-1-1	4-7-1-1-3-3-2-0-0-2-2-4	7-4-2-7-4-0-2-2-0-2-2-0	3-1-7-4-3-3-2-1-3-3-2-2	5-3-5-4-1-6-5-3-2-3-3-3	3-3-3-2-2-3-1-2-3-5-3-3	6-3-2-2-3-3-6-7-6-5-3-3	3-3-6-3-3-3-3-3-3-3-3-3
24	4	5-5-5-5-4-5-6-5-6-5-5-6	5-5-5-3-5-6-5-5-5-5-5-5	4-5-7-5-6-5-5-5-5-5-4-5	5-4-5-5-5-5-5-5-5-5-4-4	5-5-4-1-8-4-5-4-5-4-7-4	6-8-5-6-5-3-4-5-5-4-8-4	10-5-4-4-5-5-5-5-4-11-6-5	5-4-8-3-4-5-4-6-3-4-5-6	7-4-3-3-8-4-8-4-5-4-4-8	5-10-8-5-5-6-4-4-3-7-5-4	10-8-8-5-8-6-4-7-7-4-5-4	7-4-4-4-7-8-4-6-3-5-8-12
24	5	4-4-4-4-4-4-4-4-4-4-4-4	4-4-4-6-4-4-6-4-4-4-6-4	3-6-6-4-4-4-6-4-4-4-4-6	7-3-4-6-7-7-4-7-4-4-6-3	7-4-3-11-3-6-6-6-4-4-6-7	4-7-6-5-5-7-6-4-4-4-4-7	4-7-4-4-6-5-4-4-4-4-5-6	4-7-6-6-6-4-4-12-3-3-4-4	3-3-3-6-8-4-3-3-4-4-6-9	6-3-4-4-6-4-6-4-6-3-4-7	6-4-2-4-4-4-3-3-4-3-4-4	4-6-6-3-4-4-7-4-5-4-4-4
24	6	4-4-4-4-4-4-4-4-4-4-4-4	4-8-4-5-4-4-5-7-4-4-5-7	3-5-5-5-4-4-7-4-4-5-7-5	5-5-7-5-5-5-4-4-7-10-7-3	5-4-9-6-3-7-7-5-7-4-4-5	4-3-7-5-6-3-7-4-6-6-10-6	8-5-7-7-5-6-4-5-6-4-4-5	4-5-5-7-5-4-4-4-7-6-4-4	4-3-5-7-6-1-3-8-7-6-5-1	5-7-4-4-5-4-5-12-7-6-8-5	5-4-4-4-4-4-3-6-3-7-5-4	4-8-3-3-4-7-5-4-10-7-6-6
24	7	4-7-4-5-8-4-4-4-4-4-4-4	4-8-8-5-4-4-5-6-4-4-5-6	4-7-4-4-5-4-8-8-8-5-8-8	5-8-8-5-5-5-4-5-8-8-8-3	5-4-3-8-7-6-8-7-8-4-4-5	4-3-6-5-8-5-8-6-7-7-11-5	3-5-6-6-5-7-8-8-4-4-6-4	4-5-5-6-5-4-7-5-6-11-3-4	4-3-8-6-6-1-3-3-8-7-7-6	4-6-4-8-8-8-5-4-6-4-4-5	5-4-4-4-4-4-3-3-4-6-8-4	4-5-3-3-4-6-5-4-1-6-9-4
24	8	4-8-4-9-7-4-4-9-4-4-8-9	4-7-7-5-4-9-9-9-9-4-9-7	9-9-9-4-8-4-7-9-9-6-7-7	9-9-9-9-5-5-10-3-7-7-7-9	4-9-8-7-9-7-7-8-7-8-4-9	4-9-6-8-7-8-7-8-7-7-4-9	12-5-6-9-9-9-7-7-0-4-12-4	4-5-5-8-5-10-7-8-9-10-8-8	4-3-7-6-5-4-4-6-7-8-8-4	8-4-4-7-7-7-4-7-9-11-6-5	4-4-4-4-4-8-3-7-11-4-7-8	4-6-8-11-8-4-6-8-9-7-4-4
24	9	11-12-10-8-7-10-11-10-12-10-11-12	10-7-11-11-10-8-11-11-10-4-8-11	11-10-11-11-10-10-10-10-10-10-6-10	10-8-10-11-10-10-10-11-11-11-10-8	11-8-11-10-8-10-10-9-10-11-11-12	12-9-11-5-7-10-10-11-10-9-10-9	12-9-9-8-8-8-10-12-4-12-11-9	4-11-12-9-11-4-7-11-9-8-9-10	10-8-12-11-11-11-10-10-10-11-9-11	11-11-4-11-11-11-11-4-8-8-11-11	4-12-12-4-4-10-11-11-12-11-11-9	4-12-9-8-8-11-10-11-10-10-11-11
24	10	9-11-12-11-9-9-9-9-9-9-11-11	9-7-9-9-9-9-9-9-9-4-9-9	9-9-9-9-9-9-9-9-9-9-9-9	11-8-9-9-9-11-9-11-9-9-9-11	9-8-11-9-8-9-11-11-9-9-9-11	11-9-9-11-9-9-9-11-6-4-6-11	4-9-9-8-9-8-9-9-4-9-11-9	4-9-9-9-9-12-7-9-9-8-11-9	11-8-9-11-9-9-9-9-9-9-11-9	9-4-4-7-9-9-9-4-8-8-9-9	11-9-9-4-4-9-9-9-11-9-9-7	4-9-9-8-11-9-9-9-6-11-7-9
24	11	9-10-10-10-9-12-9-9-9-9-9-10	9-7-9-9-9-9-9-9-12-9-10-9	9-9-9-9-9-9-9-9-9-9-9-9	10-11-9-9-10-10-12-10-9-9-10-10	9-4-10-9-11-9-10-10-11-9-9-10	10-10-9-10-8-9-10-9-11-11-6-11	10-9-6-8-9-11-9-9-11-4-10-9	4-9-9-9-9-12-7-9-12-7-10-11	11-11-11-9-9-9-11-9-7-9-10-9	9-9-8-9-9-9-9-4-8-8-9-9	10-9-9-4-4-9-9-9-10-9-9-11	4-9-9-8-10-9-9-9-11-10-9-9
24	12	12-9-10-10-12-11-9-12-9-9-10-9	9-12-12-9-12-12-9-9-12-12-10-9	12-12-9-9-12-9-11-9-9-12-8-12	9-12-9-12-12-12-11-12-9-12-12-3	9-12-12-12-12-12-11-12-12-12-9-9	9-12-12-11-12-3-12-12-12-12-12-12	9-12-12-11-9-12-9-9-12-12-8-9	12-9-9-9-12-10-9-5-11-12-9-9	11-11-9-12-9-9-12-9-7-9-9-9	9-9-12-12-12-9-12-6-11-12-7-9	9-9-9-12-4-9-9-9-9-9-12-11	8-9-9-4-11-12-12-8-12-7-5-9
25	0	0-0-0-0-0-0-0-0-0-0-0-0	0-0-0-0-0-0-0-0-0-0-0-0	0-0-0-0-0-0-0-0-0-0-0-0	0-0-0-0-0-0-0-0-0-0-0-0	0-0-0-0-0-0-0-0-0-0-0-0	0-0-0-0-0-0-0-0-0-0-0-0	0-0-0-0-0-0-0-0-0-0-0-0	0-0-0-0-0-0-0-0-0-0-0-0	0-0-0-0-0-0-0-0-0-0-0-0	0-0-0-0-0-0-0-0-0-0-0-0	0-0-0-0-0-0-0-0-0-0-0-0	0-0-0-0-0-0-0-0-0-0-0-0
25	1	1-1-1-1-1-1-1-1-1-1-1-1	0-3-1-0-2-2-0-2-0-1-0-0	2-0-0-1-0-0-2-2-0-0-2-2	0-0-0-0-0-0-0-0-2-2-2-1	1-1-0-0-0-1-2-0-1-0-0-0	0-2-0-0-0-0-2-0-2-1-8-2	2-2-1-0-0-1-0-0-1-1-2-0	1-1-0-2-1-2-1-0-0-1-0-0	0-0-0-0-1-0-1-2-2-1-0-1	0-1-1-2-1-0-0-1-0-0-0-1	1-0-0-2-3-0-0-0-0-0-0-3	1-1-0-1-1-0-0-0-0-0-1-1
25	2	2-1-2-1-1-1-2-1-2-2-2-1	3-1-1-4-1-3-3-1-0-3-3-3	7-3-0-4-3-3-3-1-3-3-1-1	3-3-4-3-4-3-3-4-3-1-4-4	4-0-4-3-4-3-3-3-2-1-2-3	3-1-3-2-2-4-3-4-1-1-0-4	1-1-1-1-3-2-3-3-1-4-1-3	1-4-8-3-4-1-9-4-2-0-4-0	0-0-3-3-5-3-0-1-1-2-4-2	0-4-0-1-3-2-4-2-3-0-0-2	5-9-0-1-0-2-0-0-8-2-3-2	0-3-0-1-0-2-3-0-0-0-2-2
25	3	3-3-2-3-3-3-3-3-3-2-3-3	2-4-4-2-1-3-2-4-0-2-2-3	4-2-2-2-2-2-4-5-2-5-4-2	2-2-3-2-2-2-4-2-4-3-4-2	2-0-2-2-0-4-4-2-3-3-2-2	2-2-4-2-3-2-4-2-1-3-5-3	5-1-3-3-2-3-5-2-1-6-0-2	3-2-0-4-2-2-7-2-3-3-0-0	3-0-2-2-3-2-0-4-6-3-2-4	0-4-3-4-4-4-2-3-2-3-4-2	4-4-4-3-1-2-0-0-0-2-2-1	0-2-0-3-0-2-2-0-0-0-7-7
25	4	4-3-4-4-3-4-3-4-4-4-4-4	2-3-3-2-4-4-2-3-5-4-5-3	3-5-5-4-7-2-3-2-3-3-3-6	2-5-5-7-2-2-3-2-5-6-2-2	2-0-2-6-5-3-3-2-5-0-6-2	4-4-3-6-4-2-5-2-4-4-7-2	3-1-1-3-2-3-7-6-4-2-2-2	3-2-9-3-2-4-6-2-2-5-9-0	5-0-2-2-4-4-5-5-9-3-2-7	0-2-4-5-5-2-2-4-2-4-5-2	3-3-5-4-4-4-5-5-5-2-5-4	6-4-4-4-5-4-2-0-5-5-3-4
25	5	5-5-6-5-8-6-6-5-7-6-5-6	6-3-3-6-7-6-6-5-7-6-6-6	5-6-7-6-6-7-6-6-6-6-4-5	6-6-4-8-6-6-7-8-4-4-6-7	6-8-6-4-6-3-6-6-4-7-4-6	5-6-7-6-5-6-4-6-6-3-3-6	6-5-1-6-6-6-3-4-1-9-6-6	5-6-2-6-2-7-4-6-6-4-6-9	7-6-7-6-8-7-6-4-4-5-9-4	6-6-8-4-6-6-6-4-6-6-6-2	6-7-4-4-4-9-8-8-6-7-6-5	8-6-5-6-4-8-6-5-4-4-3-5
25	6	5-6-5-5-6-5-5-5-5-5-5-5	5-7-7-5-6-5-5-5-5-5-5-5	5-5-5-5-5-5-7-7-5-5-7-7	5-5-4-4-5-5-7-2-7-4-5-5	5-5-5-4-5-6-7-5-4-5-4-5	5-5-3-5-5-5-7-5-6-6-6-6	5-1-8-5-5-5-8-4-6-3-5-5	6-5-4-5-2-5-8-5-5-4-5-0	5-5-7-5-6-5-5-5-7-5-5-4	5-5-6-5-5-5-5-6-5-5-5-2	8-5-9-4-5-5-0-0-5-5-8-5	5-5-5-5-5-5-5-0-4-4-3-5
25	7	5-5-5-5-6-5-5-5-5-5-5-5	5-6-6-5-5-5-5-6-5-5-8-6	2-8-5-8-8-5-6-6-8-6-6-8	8-5-7-4-5-5-5-5-8-4-8-5	8-5-5-4-5-8-8-8-4-5-8-8	5-5-8-9-4-5-8-8-6-6-3-8	5-1-6-5-9-5-4-6-6-3-8-7	0-8-0-8-8-5-6-8-5-7-8-0	5-0-6-8-8-5-5-9-6-6-7-4	9-8-5-5-8-8-5-4-5-5-8-8	0-5-4-4-8-4-0-8-8-5-6-5	5-8-5-5-8-5-8-0-8-4-8-8
25	8	5-9-5-5-5-9-5-5-5-5-7-9	9-6-5-5-8-5-7-5-5-5-7-9	9-7-8-7-7-5-7-9-7-6-8-7	7-8-8-5-7-7-9-5-7-7-7-9	7-5-7-5-8-7-7-7-8-5-7-7	9-5-7-7-8-5-7-7-8-8-1-7	5-7-6-5-9-8-6-9-8-6-7-7	8-7-2-7-7-5-6-7-8-8-7-8	8-8-8-7-7-2-5-5-4-5-7-6	5-7-5-7-7-7-5-5-9-5-8-7	6-8-6-4-7-4-8-7-7-7-6-8	5-9-7-7-7-5-7-0-7-4-7-7
25	9	9-8-5-5-9-8-8-9-8-5-5-8	8-6-9-5-9-9-5-9-9-9-8-8	9-9-9-8-9-9-7-8-9-9-6-9	8-9-9-9-9-9-8-9-8-9-9-8	7-5-9-9-9-9-8-9-9-9-7-5	8-9-9-7-9-5-9-9-9-9-9-9	8-9-9-9-8-9-9-9-9-5-5-7	9-9-4-7-9-9-2-7-5-5-4-9	8-8-9-8-7-9-9-5-4-9-5-9	5-9-9-9-9-7-9-9-8-9-4-9	4-2-6-6-9-5-8-7-6-5-9-9	5-8-5-5-7-9-9-9-9-9-7-9
26	0	0-0-0-0-0-0-0-0-0-0-0-0	0-0-0-0-0-0-0-0-0-0-0-0	0-0-0-0-0-0-0-0-0-0-0-0	0-0-0-0-0-0-0-0-0-0-0-0	0-0-0-0-0-0-0-0-0-0-0-0	0-0-0-0-0-0-0-0-0-0-0-0	0-0-0-0-0-0-0-0-0-0-0-0	0-0-0-0-0-0-0-0-0-0-0-0	0-0-0-0-0-0-0-0-0-0-0-0	0-0-0-0-0-0-0-0-0-0-0-0	0-0-0-0-0-0-0-0-0-0-0-0	0-0-0-0-0-0-0-0-0-0-0-0
26	1	1-1-0-1-1-2-1-1-0-1-1-0	0-2-2-0-0-0-0-2-0-1-0-0	0-0-0-0-0-2-0-0-0-0-2-0	0-0-2-1-0-0-2-1-1-2-2-0	1-0-0-0-0-2-2-0-1-2-0-1	0-2-0-0-0-0-2-0-2-1-1-0	1-1-1-0-0-0-0-0-1-1-0-1	2-1-0-0-1-0-1-0-0-1-0-0	1-0-2-0-1-0-1-0-0-1-0-2	0-1-3-2-1-0-0-1-0-0-0-1	2-1-8-0-1-0-0-1-0-0-0-1	7-0-0-2-0-1-0-0-0-0-1-0
26	2	2-2-2-2-1-1-2-2-2-2-2-2	2-1-1-2-2-0-0-3-0-1-3-3	4-3-4-6-3-3-3-4-0-3-1-3	3-3-3-2-3-3-1-2-3-1-4-4	4-0-2-2-4-3-3-3-2-1-8-3	2-2-2-2-2-3-3-4-1-1-1-4	3-1-1-0-3-2-0-3-2-2-2-4	1-2-3-2-2-4-3-8-2-1-0-0	2-0-3-3-5-3-2-3-3-2-2-3	4-2-1-1-3-2-3-2-3-0-0-2	1-2-0-0-0-0-2-2-0-2-3-0	1-2-3-1-0-2-3-0-2-2-2-2
26	3	3-3-4-3-4-3-3-3-3-3-2-3	2-5-4-2-4-3-0-4-2-2-2-4	2-2-0-2-2-2-4-2-0-2-4-2	2-4-2-2-2-2-4-2-2-5-3-0	2-0-2-4-2-4-4-2-4-3-0-2	2-5-6-4-4-2-4-2-3-3-4-3	2-2-5-0-2-3-5-2-5-4-2-4	3-5-2-2-4-2-2-6-2-1-3-2	4-0-4-2-4-2-4-4-4-3-3-4	2-2-1-0-2-2-5-4-2-4-8-4	4-2-0-0-8-0-3-4-4-5-2-3	0-2-2-4-4-2-2-4-7-5-3-7
26	4	5-3-3-4-4-6-4-2-4-4-5-4	4-3-3-2-2-3-2-6-5-5-5-5	2-4-2-2-6-5-6-2-6-5-3-6	5-5-5-7-2-2-3-4-5-5-2-2	2-0-2-5-2-3-5-2-5-4-5-5	4-4-3-3-3-2-3-2-3-4-3-3	2-3-1-4-2-3-7-5-4-3-2-2	4-5-3-2-3-4-7-3-2-7-5-2	3-0-3-2-6-4-4-5-7-7-3-5	2-2-4-5-2-2-5-4-2-3-3-3	3-2-0-5-5-4-2-3-3-3-5-4	4-3-2-3-3-4-2-3-4-2-4-4
26	5	4-3-6-4-5-4-5-5-5-5-4-4	6-3-3-2-3-4-5-4-7-4-4-6	6-6-6-6-4-4-4-6-6-4-5-4	6-4-4-2-2-2-3-2-4-4-2-5	2-7-5-4-6-5-6-6-6-5-4-5	5-7-3-7-5-8-4-2-5-3-5-6	5-5-3-7-6-7-3-4-3-2-5-2	5-3-6-3-3-6-3-4-6-5-5-5	5-6-6-2-2-6-7-4-3-5-3-4	5-2-4-4-6-2-4-4-6-7-6-2	3-2-5-4-4-8-6-7-3-3-4-5	6-5-5-6-3-5-4-7-5-2-5-2
26	6	8-6-8-6-5-4-6-7-6-8-6-6	5-3-3-7-7-7-7-4-7-5-7-7	5-5-5-7-7-7-7-5-7-7-4-4	7-5-5-7-7-7-5-7-7-4-7-5	7-5-8-6-5-6-7-7-5-6-7-7	7-7-7-6-5-8-7-6-5-6-6-7	7-7-3-5-5-6-3-7-6-7-7-7	5-7-5-7-7-5-8-7-5-4-7-8	5-5-5-6-7-5-5-7-4-5-7-4	8-7-4-5-7-2-7-6-5-7-5-2	5-2-0-4-4-5-5-5-7-3-6-3	5-6-5-5-7-5-7-0-4-2-7-7
26	7	6-8-6-6-7-8-8-6-8-6-6-8	5-3-3-6-7-6-6-5-5-7-6-6	5-6-5-6-6-6-6-7-6-7-7-6	6-7-5-4-6-6-8-6-6-4-6-8	6-5-5-6-7-6-6-6-7-6-6-6	8-6-6-6-7-8-6-6-7-7-3-6	8-6-7-5-7-5-4-6-7-6-6-6	7-6-6-6-6-5-4-6-5-4-6-7	7-5-6-6-6-5-5-6-4-4-6-4	7-6-7-6-6-2-7-4-8-5-7-2	3-7-5-4-4-8-5-5-7-7-6-7	1-8-5-5-7-5-6-5-6-5-6-3
26	8	8-7-8-7-8-7-7-8-7-6-6-7	7-8-8-6-8-8-5-8-8-8-4-7	8-8-8-7-8-8-4-7-8-8-7-8	6-8-8-8-8-8-7-8-7-8-8-7	6-5-6-8-8-7-7-8-8-8-2-6	7-6-8-7-8-6-8-8-8-8-8-7	7-8-8-8-7-8-8-8-8-8-5-8	8-8-4-7-8-8-6-6-2-5-6-8	7-7-8-8-2-8-8-7-4-2-6-1	6-8-8-8-8-6-8-4-7-8-3-8	3-2-1-7-4-5-7-4-8-8-8-8	8-7-7-5-7-8-8-8-8-8-4-8
27	0	0-0-0-0-0-0-0-0-0-0-0-0	0-0-0-0-0-0-0-0-0-0-0-0	0-0-0-0-0-0-0-0-0-0-0-0	0-0-0-0-0-0-0-0-0-0-0-0	0-0-0-0-0-0-0-0-0-0-0-0	0-0-0-0-0-0-0-0-0-0-0-0	0-0-0-0-0-0-0-0-0-0-0-0	0-0-0-0-0-0-0-0-0-0-0-0	0-0-0-0-0-0-0-0-0-0-0-0	0-0-0-0-0-0-0-0-0-0-0-0	0-0-0-0-0-0-0-0-0-0-0-0	0-0-0-0-0-0-0-0-0-0-0-0
27	1	1-1-1-1-1-1-1-1-1-1-1-1	1-0-1-2-0-1-0-0-0-1-0-0	1-3-1-2-2-2-2-0-0-2-0-2	2-0-1-3-3-2-0-1-1-1-1-0	1-0-1-2-2-2-2-2-1-1-0-2	2-3-2-0-0-3-2-3-1-1-0-3	2-3-1-0-2-2-1-2-1-1-0-2	1-1-2-2-2-1-1-3-1-0-0-0	1-0-2-2-3-0-0-2-2-1-1-1	0-2-0-2-2-1-0-3-2-2-0-3	3-1-0-3-2-1-0-1-1-1-2-0	1-2-1-1-3-1-3-0-1-1-1-3
27	2	2-2-2-2-2-2-2-2-2-2-2-2	1-3-3-1-4-2-0-4-1-2-3-3	3-1-4-1-1-1-3-3-3-1-3-1	1-2-2-1-1-1-0-1-1-5-3-0	2-0-5-1-1-1-3-1-3-2-1-1	1-1-1-3-2-1-3-1-2-2-5-2	1-1-3-2-1-1-4-1-2-4-8-1	2-3-3-1-1-3-5-1-2-2-2-0	2-0-1-1-4-7-4-1-3-2-3-2	3-1-2-1-1-1-2-7-1-3-2-1	3-1-0-6-1-1-0-2-3-1-1-2	2-1-1-3-0-1-1-0-1-1-6-1
27	3	4-2-4-3-2-3-3-7-3-3-4-6	4-2-2-4-2-4-4-3-3-4-5-5	2-4-5-4-3-1-2-5-2-4-2-3	4-6-4-4-1-1-5-1-2-1-2-3	1-6-2-3-5-1-4-4-2-3-3-8	1-4-1-4-5-1-2-1-1-2-2-4	4-1-2-3-4-0-2-4-3-1-6-1	2-2-6-1-1-4-1-1-6-3-3-5	6-5-5-1-1-4-5-1-7-3-2-3	6-1-2-2-6-1-0-2-4-5-4-1	6-1-3-1-1-4-5-6-6-1-1-3	2-1-6-2-1-1-1-7-6-2-2-1
27	4	4-7-3-5-4-4-4-5-4-4-3-3	3-5-5-3-4-3-3-2-3-4-3-3	2-3-2-3-1-3-5-6-6-6-5-4	3-3-5-3-1-3-3-3-5-5-4-3	4-3-2-3-3-4-5-3-5-3-4-2	8-3-2-3-3-1-5-1-4-4-2-3	3-5-6-4-3-4-5-3-4-2-0-1	4-4-1-2-4-3-5-0-3-4-3-3	4-3-3-3-2-3-2-5-6-3-5-7	3-1-4-6-3-1-0-4-3-3-3-1	3-6-4-2-3-3-3-3-3-1-5-2	5-1-3-8-3-7-1-3-3-4-3-4
27	5	5-4-7-6-4-4-6-4-5-5-5-6	3-4-4-6-6-3-5-5-6-4-6-3	5-6-6-6-6-5-6-3-4-7-4-5	6-3-4-7-7-7-3-6-6-4-5-3	6-3-2-6-3-6-6-6-5-5-8-6	6-8-6-5-3-6-6-5-4-4-2-6	4-4-4-5-6-5-4-6-4-2-7-6	2-6-3-6-6-4-8-8-5-3-5-3	3-3-6-6-7-6-3-4-3-5-7-5	8-7-5-4-3-5-6-2-6-3-4-7	3-5-3-2-8-3-3-3-4-5-6-5	4-6-3-5-3-4-6-3-2-3-2-1
27	6	5-7-5-5-6-6-5-6-6-6-5-5	3-7-6-5-5-6-5-7-5-5-5-5	7-5-5-5-5-5-7-4-7-5-7-5	5-3-5-5-5-5-7-5-7-6-7-3	7-3-7-5-3-7-7-5-7-6-5-5	5-4-5-8-3-5-5-6-4-6-7-5	3-4-4-7-5-8-7-5-4-6-3-5	2-5-3-5-5-3-7-6-3-6-7-3	3-3-5-5-6-5-3-8-6-6-6-4	3-3-6-4-3-1-5-2-5-3-3-5	3-5-3-2-7-3-3-3-3-5-5-6	7-5-3-7-3-3-5-3-3-3-7-4
27	7	8-6-5-5-6-8-8-5-8-7-7-8	7-6-6-5-5-8-5-6-8-7-5-8	6-5-5-5-5-7-6-8-8-5-6-5	5-7-7-5-5-5-6-5-6-7-6-3	6-3-6-5-7-6-6-5-6-7-5-5	8-7-6-8-3-8-6-5-7-6-6-5	8-8-4-6-5-7-6-0-7-1-5-5	7-5-5-5-5-7-6-5-5-3-6-7	7-3-5-5-5-2-2-7-3-5-5-4	8-5-7-6-8-5-6-2-8-3-6-5	6-5-4-2-8-8-3-6-4-7-7-7	6-5-7-6-5-4-7-3-6-3-6-1
27	8	8-6-8-6-8-8-7-8-7-7-7-7	7-6-8-5-8-8-5-8-7-8-7-7	8-8-8-5-8-8-7-7-7-8-8-8	7-8-8-8-8-8-7-8-7-8-8-7	5-8-8-8-8-8-7-8-6-8-5-5	7-8-8-8-8-8-8-8-8-8-8-8	7-8-8-8-7-8-7-8-8-8-7-5	8-7-8-7-8-7-5-5-5-7-7-6	7-8-8-7-5-8-8-5-8-6-6-2	5-3-8-8-8-5-8-2-8-8-3-8	3-8-8-3-5-7-3-3-3-7-8-8	8-5-3-4-1-8-8-3-8-8-7-8
28	0	0-0-0-0-0-0-0-0-0-0-0-0	0-0-0-0-0-0-0-0-0-0-0-0	0-0-0-0-0-0-0-0-0-0-0-0	0-0-0-0-0-0-0-0-0-0-0-0	0-0-0-0-0-0-0-0-0-0-0-0	0-0-0-0-0-0-0-0-0-0-0-0	0-0-0-0-0-0-0-0-0-0-0-0	0-0-0-0-0-0-0-0-0-0-0-0	0-0-0-0-0-0-0-0-0-0-0-0	0-0-0-0-0-0-0-0-0-0-0-0	0-0-0-0-0-0-0-0-0-0-0-0	0-0-0-0-0-0-0-0-0-0-0-0
28	1	1-1-1-1-1-1-1-2-1-2-1-2	2-2-1-0-3-2-2-2-2-2-2-2	1-2-2-2-2-1-2-2-3-2-2-2	2-1-2-2-1-2-1-1-2-2-2-1	2-1-1-3-4-1-2-1-2-2-3-1	2-2-2-2-2-2-2-2-2-1-4-2	1-1-1-1-2-1-2-2-1-1-1-2	1-1-1-1-1-2-2-1-1-1-1-3	1-0-1-1-1-1-1-1-2-1-1-2	1-1-3-2-1-1-2-1-1-1-0-1	4-0-4-4-1-4-1-4-4-1-2-2	3-1-1-1-1-1-1-0-1-4-1-2
28	2	1-1-2-2-1-1-1-1-1-1-1-1	1-1-1-2-1-1-1-1-1-1-3-1	3-3-3-1-3-1-1-1-1-3-1-1	3-0-1-1-3-3-1-2-1-1-1-0	1-0-3-1-1-1-3-3-1-1-1-3	1-4-3-1-1-1-3-1-1-1-0-4	3-3-1-2-3-2-1-3-2-1-3-3	1-2-2-3-3-1-1-4-3-0-0-0	2-0-3-3-4-3-0-3-1-2-2-1	2-2-2-1-3-2-3-1-3-1-0-2	0-2-0-1-1-1-0-0-1-3-3-1	1-2-2-1-1-1-3-1-2-2-2-1
28	3	1-4-1-1-1-3-1-1-1-1-1-4	1-4-4-2-1-1-1-4-1-1-2-4	2-2-2-1-2-1-4-6-1-2-4-2	2-3-4-3-2-2-1-2-5-5-3-1	1-0-5-1-3-3-4-2-3-3-1-2	2-2-4-1-3-2-4-1-3-3-6-3	2-2-1-3-2-3-4-2-3-3-2-2	3-2-2-2-2-1-5-2-2-3-1-1	3-0-4-2-3-2-6-2-1-5-2-3	2-0-1-6-2-2-2-4-2-1-0-2	4-2-1-3-1-1-0-6-0-2-2-1	1-2-2-1-1-1-2-0-6-2-2-3
28	4	1-3-4-6-4-4-1-1-4-4-1-6	5-3-3-2-1-1-7-6-5-4-5-5	6-5-6-1-4-5-3-5-5-5-3-4	5-5-5-5-2-2-5-2-4-3-3-5	1-5-4-5-1-3-5-4-6-4-5-7	1-2-3-1-5-5-3-2-1-1-1-2	1-2-3-3-4-4-6-5-2-3-4-3	5-3-5-3-2-5-3-2-2-3-4-6	4-0-3-2-2-5-3-5-1-7-3-3	5-5-3-7-0-2-1-3-5-1-4-2	7-2-1-1-7-1-5-5-5-1-2-1	1-2-4-1-5-1-2-5-7-6-1-1
28	5	7-3-7-7-5-6-7-5-5-4-5-6	4-3-3-6-6-1-6-7-4-4-6-6	5-6-4-6-6-4-6-4-6-4-5-6	6-4-4-6-6-6-4-6-6-3-6-4	6-4-6-4-5-6-6-5-4-5-4-6	1-6-6-7-4-4-6-6-3-5-3-6	5-6-3-5-4-5-4-6-1-7-6-6	4-6-4-6-6-4-3-6-2-3-6-4	4-0-6-6-6-4-0-6-1-3-6-7	4-6-5-3-6-2-6-1-4-1-6-5	6-2-0-1-6-1-4-4-4-6-6-1	1-5-5-6-4-1-6-4-6-2-6-3
28	6	5-7-5-5-5-7-7-7-7-5-5-7	7-3-6-5-6-1-5-5-4-4-5-5	4-5-4-5-5-5-5-7-5-5-6-5	5-6-6-5-5-5-7-5-5-5-5-7	5-4-5-5-6-5-5-5-4-6-1-5	7-5-5-7-6-2-5-5-6-6-3-5	7-5-1-6-7-6-6-5-6-1-5-5	6-5-5-5-5-4-3-5-2-5-5-4	6-6-6-6-5-5-6-5-1-5-5-3	5-5-6-3-5-5-5-1-7-6-6-2	5-6-7-7-6-1-6-5-6-5-6-6	7-7-7-6-6-6-5-4-5-4-5-5
28	7	7-6-5-5-7-6-6-7-6-5-5-6	6-7-7-5-7-7-4-5-7-7-5-6	7-7-7-7-7-7-7-6-7-7-6-7	6-7-7-7-7-7-6-7-7-7-7-6	5-4-7-7-7-7-6-7-7-7-4-5	6-7-7-6-7-7-7-7-7-7-7-6	6-7-7-7-6-7-7-7-7-7-5-7	7-7-7-6-7-7-5-5-2-7-5-4	4-7-7-7-5-7-7-4-7-4-5-5	5-5-7-7-7-5-7-6-6-7-3-7	4-2-6-6-4-1-6-4-4-7-7-7	7-6-6-1-6-7-7-4-4-7-5-1
29	0	0-0-0-0-0-0-0-0-0-0-0-0	0-0-0-0-0-0-0-0-0-0-0-0	0-0-0-0-0-0-0-0-0-0-0-0	0-0-0-0-0-0-0-0-0-0-0-0	0-0-0-0-0-0-0-0-0-0-0-0	0-0-0-0-0-0-0-0-0-0-0-0	0-0-0-0-0-0-0-0-0-0-0-0	0-0-0-0-0-0-0-0-0-0-0-0	0-0-0-0-0-0-0-0-0-0-0-0	0-0-0-0-0-0-0-0-0-0-0-0	0-0-0-0-0-0-0-0-0-0-0-0	0-0-0-0-0-0-0-0-0-0-0-0
29	1	1-1-1-1-1-1-1-1-1-1-1-1	0-2-1-0-0-2-0-2-2-1-0-0	2-0-3-1-2-0-2-3-0-0-2-2	0-0-0-0-0-0-0-1-2-2-2-1	1-0-1-1-0-1-2-0-1-0-0-0	0-2-0-0-0-0-2-0-2-1-4-2	2-2-1-0-0-0-0-0-1-1-4-0	1-1-0-2-1-0-1-0-0-1-0-0	1-0-0-0-1-2-4-0-2-1-0-0	0-1-0-2-0-0-0-1-0-0-0-1	4-1-0-0-0-0-0-0-4-0-0-3	1-1-0-2-1-1-0-0-0-0-1-1
29	2	3-1-3-1-1-1-2-1-2-2-2-1	3-1-1-3-1-1-3-1-3-3-3-1	1-3-1-3-3-3-3-1-3-3-1-1	3-0-2-3-3-3-0-5-3-1-1-2	3-0-2-3-0-3-3-3-5-2-3-3	3-1-3-2-2-3-3-3-1-1-0-3	3-1-1-0-3-0-3-3-1-2-1-3	1-2-2-3-3-0-2-5-2-1-2-0	0-0-3-3-4-3-0-3-1-2-3-2	0-0-0-1-3-3-3-2-3-0-0-2	0-7-0-1-1-2-0-0-1-2-3-2	0-3-2-2-0-2-3-0-4-0-2-2
29	3	3-3-2-3-3-3-3-3-3-2-3-3	2-4-3-2-3-3-2-5-2-2-2-3	4-2-4-2-2-2-2-5-2-4-4-4	2-4-2-2-2-2-5-2-4-5-4-2	4-0-3-2-3-4-2-2-4-3-2-2	2-2-2-2-3-2-4-2-3-3-3-2	2-1-4-0-2-3-5-2-3-3-7-2	3-2-2-2-2-0-6-2-3-4-0-0	3-0-2-2-3-2-6-4-4-3-2-3	0-0-3-4-2-2-2-5-2-3-0-2	6-3-0-4-6-4-0-6-6-2-2-1	0-2-4-4-4-3-2-0-6-4-5-2
29	4	5-4-5-5-5-5-4-5-5-4-5-6	5-3-3-5-6-5-5-4-5-5-5-5	4-5-7-4-4-5-5-4-5-3-5-4	5-4-7-5-3-5-5-4-3-3-3-7	3-6-4-4-5-3-5-5-3-4-5-7	4-5-3-6-5-5-3-5-4-4-1-5	5-1-4-4-5-4-3-5-3-4-5-3	5-2-5-4-2-5-3-4-5-5-5-5	5-5-5-2-2-4-5-3-6-4-2-5	5-5-4-5-5-2-5-3-5-5-5-2	5-2-5-3-5-5-5-5-5-5-4-4	5-2-4-5-5-5-2-7-5-5-5-2
29	5	4-4-4-4-4-4-4-4-4-4-4-4	4-3-3-4-6-4-4-6-4-4-4-4	5-4-6-6-6-4-6-3-4-6-4-6	6-4-6-4-6-6-4-6-6-3-6-6	6-4-6-6-4-6-6-4-4-5-4-6	5-4-6-5-4-4-6-6-4-5-3-6	4-5-3-4-4-5-3-6-5-3-6-6	4-6-4-6-6-4-7-6-4-4-6-4	4-4-4-6-6-6-4-6-4-6-6-4	4-4-5-4-4-5-6-3-4-4-4-6	4-5-4-3-4-6-4-4-4-4-5-5	4-5-5-4-4-4-2-4-6-4-6-6
29	6	4-4-4-4-4-4-4-4-4-4-4-7	4-3-3-4-5-4-4-5-4-4-4-4	7-7-5-5-5-6-5-7-4-5-6-5	5-6-6-5-5-5-4-5-5-6-5-4	5-4-5-5-6-5-5-5-6-6-5-5	7-7-5-7-4-7-5-5-6-6-3-6	7-5-3-6-7-6-6-5-6-3-5-5	6-5-2-5-5-6-3-5-7-4-5-6	6-4-4-5-5-5-6-5-4-5-5-6	6-6-6-4-5-7-5-3-7-5-5-5	3-6-5-3-7-5-4-3-3-6-6-6	7-7-6-6-6-6-2-4-5-4-5-5
29	7	7-6-4-4-7-7-5-7-4-4-4-6	4-7-7-4-7-7-5-7-6-7-5-6	7-7-7-5-7-6-6-6-6-7-7-7	5-7-7-7-7-7-4-7-7-7-7-4	5-4-7-7-7-7-6-7-7-7-5-4	6-7-7-6-7-6-7-7-7-7-7-7	6-7-7-7-6-7-7-5-7-7-3-5	7-5-7-6-7-4-5-5-6-4-4-4	6-4-7-6-5-7-7-6-7-3-5-7	5-4-7-7-7-6-5-6-7-7-5-7	4-7-7-4-6-6-4-4-4-6-7-6	6-6-4-1-6-7-7-4-7-7-5-7
30	0	0-0-0-0-0-0-0-0-0-0-0-0	0-0-0-0-0-0-0-0-0-0-0-0	0-0-0-0-0-0-0-0-0-0-0-0	0-0-0-0-0-0-0-0-0-0-0-0	0-0-0-0-0-0-0-0-0-0-0-0	0-0-0-0-0-0-0-0-0-0-0-0	0-0-0-0-0-0-0-0-0-0-0-0	0-0-0-0-0-0-0-0-0-0-0-0	0-0-0-0-0-0-0-0-0-0-0-0	0-0-0-0-0-0-0-0-0-0-0-0	0-0-0-0-0-0-0-0-0-0-0-0	0-0-0-0-0-0-0-0-0-0-0-0
30	1	1-1-1-1-1-0-1-1-1-1-1-2	2-0-0-2-0-1-1-0-2-2-2-2	0-2-3-0-2-0-2-0-0-1-2-0	2-2-1-2-2-2-0-3-2-3-0-1	2-1-2-2-0-0-2-2-0-3-3-3	2-2-3-1-0-1-2-0-0-0-0-2	0-2-0-1-2-0-0-2-1-0-0-0	0-2-0-2-0-0-0-3-1-0-1-0	0-2-0-2-1-2-1-1-0-1-1-2	2-2-0-0-2-0-2-1-2-0-0-0	1-0-1-0-2-1-1-1-1-1-2-1	1-2-1-1-0-1-2-1-1-1-1-2
30	2	2-2-2-2-2-2-2-2-2-2-2-2	1-4-4-1-0-3-1-3-3-1-1-3	3-1-1-2-1-1-3-3-4-1-3-3	1-1-1-1-1-1-3-1-1-1-3-1	1-2-1-1-0-3-3-1-3-2-1-1	1-1-1-3-2-1-1-0-4-2-3-2	0-1-3-0-1-2-3-1-1-0-3-0	4-1-0-1-0-0-3-1-0-0-3-0	3-1-0-1-2-1-3-1-3-2-3-1	1-1-0-2-3-0-1-3-1-0-4-3	3-3-0-4-3-0-0-3-0-1-1-1	1-1-1-2-0-1-1-2-1-1-4-1
30	3	3-2-2-6-2-2-3-2-4-3-3-3	3-2-2-1-0-2-3-4-2-4-1-2	4-4-1-3-1-4-2-2-2-2-2-4	4-4-4-1-3-4-2-1-1-1-4-7	1-6-3-1-4-2-4-1-2-3-1-1	3-4-1-6-3-5-3-1-0-0-2-3	3-3-2-0-4-6-2-1-0-2-2-0	2-2-8-3-3-4-2-1-3-3-3-3	2-3-4-0-1-8-3-3-2-3-2-4	3-3-3-4-8-5-2-2-4-3-3-2	2-2-3-2-2-10-5-2-5-1-4-4	4-1-3-3-0-3-3-3-3-2-3-0
30	4	4-2-4-4-2-2-4-8-3-3-5-4	6-2-2-6-8-3-5-3-5-3-5-6	3-3-5-7-5-3-5-5-2-5-5-5	5-3-3-6-6-6-2-8-5-1-4-6	6-6-6-1-3-4-5-5-3-4-1-6	5-6-5-4-3-6-5-5-2-0-0-6	5-6-0-0-5-4-5-5-0-4-6-4	2-6-4-5-4-3-2-6-4-3-4-0	4-3-3-5-7-3-1-5-2-6-4-3	4-6-3-3-5-4-6-2-5-4-2-4	4-4-3-7-1-4-3-2-0-5-3-3	3-4-4-4-0-3-5-3-7-4-4-4
30	5	5-5-4-5-5-5-5-5-5-4-6-4	4-6-5-4-4-6-4-6-4-3-4-6	4-3-4-4-4-3-6-6-6-4-6-6	4-6-6-4-4-4-5-4-6-1-6-1	4-4-4-1-3-6-6-4-5-4-1-4	4-4-4-4-5-3-4-4-5-5-8-4	7-4-5-5-6-5-6-4-5-5-4-5	5-4-6-6-4-3-8-4-5-6-7-7	5-3-6-4-5-3-5-4-7-6-4-3	5-6-0-7-4-7-4-6-4-5-6-5	8-2-3-5-1-4-3-6-3-4-4-1	6-4-3-6-5-3-4-3-8-8-8-6
30	6	4-9-4-3-6-6-6-5-6-6-5-4	4-8-7-4-4-6-4-5-6-3-4-4	3-7-7-4-4-3-5-5-7-7-5-5	7-5-5-4-4-4-8-4-5-7-5-4	4-4-4-7-3-5-5-6-7-4-1-4	4-4-5-3-6-4-7-4-6-6-5-4	3-4-7-5-5-6-6-7-6-5-4-7	7-4-5-5-4-3-9-4-4-9-7-7	6-3-5-4-6-3-7-4-9-5-5-4	3-5-6-7-7-7-4-5-5-5-8-7	5-6-6-5-7-7-7-5-3-4-4-4	8-7-3-6-8-6-4-7-8-4-4-5
30	7	8-7-8-7-9-8-9-7-10-8-7-10	8-6-6-7-8-8-7-7-8-9-8-8	7-8-8-8-8-8-7-9-8-6-7-6	8-8-8-7-9-8-8-4-9-8-8-9	4-10-9-9-8-5-8-8-6-7-7-7	7-4-9-7-6-10-6-4-6-6-0-8	5-4-6-5-8-8-6-8-6-9-7-6	6-7-4-5-4-10-6-4-8-8-8-6	7-8-5-4-10-7-6-9-6-7-8-3	7-8-9-6-6-6-6-6-8-7-8-6	5-8-5-4-6-8-8-5-8-8-6-7	10-6-7-8-8-3-8-8-4-5-7-7
30	8	7-7-10-9-7-7-7-7-7-7-7-9	7-6-6-9-9-7-7-9-7-7-7-7	9-9-7-10-7-7-9-7-7-9-5-8	7-7-7-7-7-7-7-4-6-7-7-9	9-7-10-9-7-9-9-7-8-10-9-9	9-10-9-8-6-1-9-9-5-8-5-9	10-4-6-5-9-8-6-9-5-10-9-9	5-9-10-9-9-3-6-10-7-7-9-0	6-7-3-9-9-3-6-7-6-9-9-3	10-10-7-7-9-9-9-5-7-7-6-9	5-9-8-6-7-9-7-9-7-7-3-8	6-8-9-7-9-6-8-7-9-5-9-9
30	9	7-10-7-8-7-7-7-7-7-7-7-7	7-6-7-8-8-7-7-8-8-7-7-7	8-8-7-8-8-9-8-7-10-8-9-8	8-9-9-7-7-8-10-8-7-7-8-8	8-7-8-7-3-8-8-8-9-9-8-8	10-9-8-8-9-10-8-8-6-9-6-8	10-4-6-10-8-9-6-8-9-7-8-8	9-8-4-8-8-3-6-8-10-6-8-9	9-9-3-8-8-8-9-7-6-8-8-3	9-8-7-7-8-8-8-5-7-9-8-8	5-9-8-8-10-8-7-8-7-9-9-9	10-4-8-7-8-6-8-3-8-5-8-5
30	10	10-9-8-8-10-9-7-10-7-7-7-7	7-10-10-8-10-10-7-8-10-10-8-8	10-10-10-8-10-10-9-10-9-10-6-10	8-10-9-10-10-10-9-10-10-10-10-7	8-10-10-10-10-10-9-10-10-10-8-8	9-10-10-4-10-7-10-10-10-10-10-10	9-10-10-10-8-10-10-8-10-8-8-8	10-8-8-8-10-9-8-8-9-7-8-9	9-9-10-10-8-10-10-9-6-0-7-10	8-8-10-7-10-7-10-6-7-10-10-10	5-10-10-10-9-9-9-8-10-9-10-10	9-6-3-10-9-10-10-10-10-5-8-10
31	0	0-0-0-0-0-0-0-0-0-0-0-0	0-0-0-0-0-0-0-0-0-0-0-0	0-0-0-0-0-0-0-0-0-0-0-0	0-0-0-0-0-0-0-0-0-0-0-0	0-0-0-0-0-0-0-0-0-0-0-0	0-0-0-0-0-0-0-0-0-0-0-0	0-0-0-0-0-0-0-0-0-0-0-0	0-0-0-0-0-0-0-0-0-0-0-0	0-0-0-0-0-0-0-0-0-0-0-0	0-0-0-0-0-0-0-0-0-0-0-0	0-0-0-0-0-0-0-0-0-0-0-0	0-0-0-0-0-0-0-0-0-0-0-0
31	1	1-1-1-2-1-1-1-1-1-1-2-2	1-2-1-2-2-2-2-2-2-1-2-2	1-2-3-2-2-2-2-2-2-2-3-2	2-0-2-2-1-2-2-2-2-2-1-1	2-2-1-5-1-1-2-1-1-3-4-1	1-2-2-0-1-2-1-2-2-1-5-2	1-2-1-1-2-1-2-4-1-1-1-4	1-1-1-1-1-2-2-1-1-1-2-4	1-0-0-1-2-2-2-2-2-1-1-2	1-1-1-2-1-1-1-1-8-3-0-1	1-2-4-1-1-1-1-1-1-1-2-1	2-1-1-1-1-1-1-3-0-1-1-1
31	2	1-1-1-1-1-1-1-1-1-1-1-1	3-1-1-4-1-1-3-1-1-1-3-1	1-3-5-1-1-1-3-1-1-1-1-3	3-0-1-3-3-4-1-4-1-1-1-4	1-1-5-3-4-3-3-3-1-1-1-4	1-1-3-2-2-4-3-3-1-2-0-5	2-4-1-0-3-2-1-3-1-1-2-3	1-4-3-3-3-1-1-2-2-1-1-0	2-0-1-3-5-1-1-3-1-1-3-1	3-5-1-1-3-1-3-1-3-1-1-4	0-1-1-0-1-1-0-0-1-2-1-1	1-3-4-1-5-1-3-0-5-2-2-5
31	3	1-3-1-1-3-1-3-3-1-1-1-1	2-3-3-2-1-1-2-4-1-1-2-3	1-2-1-1-2-1-4-1-4-5-4-2	2-2-4-2-2-2-4-1-4-4-4-2	2-0-2-2-0-4-4-2-4-1-1-2	1-1-4-2-3-2-2-4-1-3-4-3	4-2-3-3-2-3-5-2-1-1-5-2	1-2-2-4-2-1-3-3-3-4-1-1	1-1-4-2-3-2-4-2-4-3-2-4	2-4-3-4-5-4-2-5-4-1-4-2	0-2-1-4-1-1-4-3-5-2-1-1	3-2-2-3-4-2-2-7-4-6-3-3
31	4	1-4-2-2-5-1-1-1-1-1-1-2	1-5-4-2-1-1-2-5-1-1-2-4	5-4-1-1-1-1-5-5-3-2-5-5	2-5-5-2-2-2-5-2-5-3-3-2	2-0-2-4-2-3-5-4-5-1-1-2	1-2-3-2-4-2-5-3-4-4-8-2	3-2-1-3-5-4-5-5-1-3-2-1	1-2-2-3-2-1-4-4-4-3-5-5	1-0-5-5-4-5-3-5-5-1-6-3	0-3-4-5-3-5-5-4-3-1-3-2	5-4-1-3-5-6-3-4-5-3-5-1	3-5-2-3-3-2-2-1-2-6-3-1
31	5	5-4-2-5-4-5-6-1-6-1-5-9	5-4-4-2-1-1-6-4-1-6-6-6	5-6-6-2-5-6-4-6-6-3-4-4	6-4-6-2-2-6-4-7-4-6-3-8	1-7-5-1-6-3-4-5-5-5-1-2	6-6-3-5-5-2-4-6-1-4-1-2	3-2-4-8-6-3-4-4-1-1-3-1	5-2-2-3-2-5-4-4-4-7-5-5	8-0-4-2-2-4-3-7-4-5-4-3	0-2-8-4-3-4-4-3-6-7-8-2	4-4-5-3-3-5-8-8-8-5-4-1	5-4-5-8-6-5-4-5-9-0-2-2
31	6	7-6-7-8-8-7-7-8-7-7-7-9	7-7-6-2-7-8-7-6-7-7-7-7	6-5-7-9-7-7-6-7-7-7-7-6	7-6-5-6-7-5-7-7-6-6-7-7	8-5-6-9-5-6-6-6-7-6-8-6	9-5-7-6-5-7-7-7-6-6-4-6	9-7-6-5-5-6-4-7-6-8-9-9	6-6-6-6-6-8-6-4-8-6-6-6	6-6-6-6-7-6-6-5-8-6-4-3	8-6-6-4-5-8-7-4-5-5-5-2	6-9-7-7-7-5-6-7-7-6-7-7	8-7-6-5-8-7-6-6-6-7-7-9
31	7	8-7-9-7-8-6-6-7-6-6-8-7	6-6-6-8-6-6-8-8-8-6-8-8	7-8-8-6-8-8-8-6-8-6-6-8	8-6-6-8-8-8-6-8-8-6-8-6	8-5-8-8-5-8-8-8-6-6-8-8	7-8-8-6-5-9-8-8-4-7-4-8	8-7-6-5-9-7-4-8-6-8-8-7	6-8-8-8-8-6-9-8-6-5-8-6	9-6-8-8-6-6-6-8-6-8-8-2	9-8-6-5-8-9-8-4-9-5-5-8	6-6-6-6-6-5-6-6-6-8-6-6	6-8-8-5-6-6-8-3-8-6-9-8
31	8	7-7-7-7-7-9-6-6-6-6-7-9	6-6-7-7-7-6-7-7-7-6-7-7	9-7-7-6-7-7-7-6-7-7-8-7	7-8-8-7-7-7-9-7-7-6-7-5	7-5-7-7-8-7-9-7-8-6-7-7	7-7-7-9-8-7-7-7-8-8-4-8	7-7-6-5-8-8-4-7-8-6-7-7	6-7-2-7-7-6-4-7-6-6-7-0	6-8-7-7-7-7-6-7-6-6-7-2	6-7-5-3-7-6-7-6-9-5-5-7	4-8-9-6-8-5-9-5-5-7-4-9	6-7-8-5-6-6-7-6-6-0-3-7
31	9	9-6-7-7-6-8-6-9-6-6-6-8	6-9-7-7-9-6-8-7-7-9-7-8	9-8-7-6-9-6-7-6-6-9-8-9	8-9-6-7-9-9-8-9-6-9-9-8	6-6-9-9-9-9-8-9-9-9-7-7	6-9-9-8-9-7-9-9-9-9-9-8	7-9-9-6-7-9-9-8-9-9-7-6	9-7-2-8-9-9-7-7-2-9-6-6	7-9-9-9-6-9-9-7-4-6-7-9	7-9-6-9-9-7-9-6-7-9-6-9	9-6-8-9-6-5-8-6-6-9-9-9	6-8-5-6-6-9-9-9-9-9-7-6
32	0	0-0-0-0-0-0-0-0-0-0-0-0	0-0-0-0-0-0-0-0-0-0-0-0	0-0-0-0-0-0-0-0-0-0-0-0	0-0-0-0-0-0-0-0-0-0-0-0	0-0-0-0-0-0-0-0-0-0-0-0	0-0-0-0-0-0-0-0-0-0-0-0	0-0-0-0-0-0-0-0-0-0-0-0	0-0-0-0-0-0-0-0-0-0-0-0	0-0-0-0-0-0-0-0-0-0-0-0	0-0-0-0-0-0-0-0-0-0-0-0	0-0-0-0-0-0-0-0-0-0-0-0	0-0-0-0-0-0-0-0-0-0-0-0
32	1	1-1-1-1-1-1-1-1-1-1-1-1	1-0-0-2-0-0-2-2-0-1-0-2	2-3-0-4-2-2-2-0-0-4-2-1	2-0-0-3-3-2-0-1-1-1-1-0	4-0-1-0-0-1-2-2-1-3-0-0	3-0-2-0-0-3-2-2-1-1-0-3	2-1-1-0-2-3-1-2-1-1-1-2	1-1-1-2-4-0-3-4-1-0-0-0	1-0-2-2-4-1-0-2-1-1-4-1	0-2-1-2-2-1-2-1-2-0-0-4	1-1-0-0-1-1-0-1-0-2-1-1	0-1-1-2-1-1-2-0-1-1-1-1
32	2	2-2-2-2-2-2-2-2-2-2-2-1	3-4-2-1-0-2-1-3-3-2-1-1	1-1-1-1-1-1-3-2-3-1-3-3	1-3-2-1-1-1-3-1-3-2-3-0	2-0-0-2-1-4-3-1-2-2-0-1	1-2-3-0-2-1-3-1-2-2-7-2	1-1-2-4-1-1-1-1-2-2-4-1	2-3-1-3-3-2-4-0-2-3-0-2	3-0-3-1-2-4-8-1-3-2-3-3	3-1-2-3-1-1-3-2-3-0-2-1	3-3-0-2-4-3-0-2-4-1-1-2	0-1-1-1-3-1-1-0-1-1-1-3
32	3	3-4-3-3-4-3-3-3-3-3-3-3	2-4-4-1-3-3-1-2-4-2-0-5	2-3-5-3-1-1-2-7-4-1-4-2	1-2-4-4-1-1-4-1-4-4-2-0	3-0-4-4-1-2-4-3-4-1-1-1	1-0-2-4-4-1-4-1-3-3-8-1	4-1-4-4-1-1-4-4-3-2-4-4	3-2-1-2-2-8-1-3-2-2-4-1	3-0-4-1-3-4-2-4-7-6-2-4	2-1-3-2-4-1-2-3-2-2-0-1	2-2-3-5-4-5-0-3-4-4-1-2	3-1-1-4-4-7-1-0-1-0-2-5
32	4	4-3-5-5-3-3-5-6-4-5-5-5	4-3-3-5-5-3-4-4-5-5-5-5	4-5-6-7-5-6-5-5-3-5-3-4	5-6-5-3-5-5-3-6-3-7-3-4	1-5-3-3-6-2-5-5-3-5-4-5	5-5-3-5-3-1-5-1-6-2-3-4	8-6-3-5-5-4-3-3-3-1-3-3	3-2-6-5-1-4-2-6-6-4-3-0	6-6-3-5-1-3-6-3-3-4-1-3	4-4-6-5-5-1-5-3-5-6-5-1	6-1-4-3-6-8-6-5-5-5-5-4	4-5-4-5-3-4-5-6-4-8-5-1
32	5	5-5-4-4-5-5-5-5-4-4-5-4	4-6-6-4-4-6-4-4-4-4-4-4	4-4-4-4-4-4-6-4-6-6-6-5	4-5-4-4-4-4-6-4-6-6-5-4	1-4-7-3-4-5-6-4-6-4-4-4	4-4-3-6-4-1-6-4-5-5-3-4	7-4-3-4-4-5-6-6-5-2-4-6	5-1-4-4-5-4-5-7-4-4-8-8	5-4-7-4-3-4-4-1-4-5-4-2	4-8-3-4-4-4-4-5-4-4-4-1	6-1-8-3-6-4-4-4-4-4-4-5	4-4-4-4-2-5-4-4-5-7-5-7
32	6	6-5-8-8-5-5-6-6-6-6-6-6	6-5-5-7-6-5-7-8-7-7-7-7	4-7-4-7-7-8-7-4-7-6-5-7	7-4-4-6-7-7-5-4-5-5-7-4	7-4-5-7-4-7-7-7-5-6-6-7	6-4-7-6-3-8-7-7-5-6-3-7	7-4-5-4-4-4-5-7-6-5-7-6	5-7-4-7-7-4-8-4-4-4-6-8	8-4-5-7-7-4-4-7-8-3-7-8	4-1-4-5-7-4-7-6-8-4-7-8	5-2-7-5-5-4-4-4-4-7-7-6	4-6-4-7-8-4-4-4-1-6-8-5
32	7	6-8-6-6-5-8-8-6-7-6-6-8	8-5-5-6-8-8-6-6-6-7-6-8	8-6-4-4-6-6-6-8-6-7-6-6	6-7-7-6-6-6-8-6-6-4-6-4	6-4-5-6-7-6-8-6-7-5-6-6	8-7-6-7-7-4-6-6-7-7-2-6	6-4-3-7-8-7-5-6-7-5-6-6	7-6-4-6-6-8-7-7-4-5-6-0	4-4-5-6-6-4-4-6-3-7-6-3	7-7-3-6-6-1-6-8-7-7-6-1	5-7-6-8-5-4-7-4-7-6-6-7	4-8-4-4-3-3-3-4-4-5-7-5
32	8	8-7-6-6-8-7-7-8-7-6-6-7	7-5-8-6-8-8-6-8-8-8-6-7	8-8-8-7-8-8-6-7-5-8-7-8	6-8-8-8-8-8-7-8-7-8-8-7	6-8-8-8-8-8-7-8-8-8-1-6	7-4-8-7-8-6-8-8-8-8-3-7	4-8-8-5-7-8-8-7-8-8-6-6	8-8-5-7-8-3-6-4-1-4-6-8	6-8-8-8-1-8-8-6-8-7-6-6	4-5-3-8-8-1-8-8-6-8-5-8	5-4-5-7-5-4-8-4-8-8-8-8	4-7-4-5-6-8-8-8-8-8-6-8
33	0	0-0-0-0-0-0-0-0-0-0-0-0	0-0-0-0-0-0-0-0-0-0-0-0	0-0-0-0-0-0-0-0-0-0-0-0	0-0-0-0-0-0-0-0-0-0-0-0	0-0-0-0-0-0-0-0-0-0-0-0	0-0-0-0-0-0-0-0-0-0-0-0	0-0-0-0-0-0-0-0-0-0-0-0	0-0-0-0-0-0-0-0-0-0-0-0	0-0-0-0-0-0-0-0-0-0-0-0	0-0-0-0-0-0-0-0-0-0-0-0	0-0-0-0-0-0-0-0-0-0-0-0	0-0-0-0-0-0-0-0-0-0-0-0
33	1	1-1-1-3-1-2-1-1-1-1-2-1	3-2-1-0-2-2-3-2-1-2-2-2	1-2-0-1-2-2-2-2-2-2-2-2	2-1-2-3-1-2-2-2-1-2-1-1	2-1-2-2-1-1-2-1-1-2-3-1	4-2-2-1-2-2-1-2-2-1-2-2	1-2-1-1-0-1-0-2-1-2-1-4	1-3-0-0-1-2-1-5-1-1-2-1	1-3-3-0-1-2-2-1-2-1-1-2	2-1-4-2-2-0-2-1-0-3-2-1	1-7-4-1-4-2-1-1-1-1-2-1	1-1-1-1-1-1-1-0-0-1-1-1
33	2	1-1-1-2-1-1-1-1-1-1-1-1	1-1-1-2-4-1-2-1-1-1-1-1	3-3-5-4-1-1-3-1-1-1-1-1	3-0-1-2-3-3-1-1-1-1-3-1	1-0-1-1-3-3-3-3-1-1-1-3	3-3-1-1-1-1-3-1-1-1-1-4	3-4-1-0-3-0-0-1-1-1-2-3	1-2-4-2-2-1-7-7-2-0-1-0	2-0-3-3-4-1-1-3-1-2-4-1	3-2-1-1-3-4-3-1-3-1-1-4	0-4-1-4-1-1-1-2-0-3-1-1	1-2-2-1-0-1-3-0-2-2-2-4
33	3	1-6-1-1-1-1-1-1-1-1-1-4	1-4-4-2-1-1-1-1-1-1-1-1	1-2-1-1-2-1-4-1-4-2-4-1	2-3-4-1-2-2-4-1-4-5-4-1	1-0-1-1-2-2-4-2-4-3-1-2	2-2-4-7-3-2-4-6-3-3-5-3	2-2-3-4-2-3-6-2-3-3-2-2	3-1-2-2-2-1-5-2-2-6-1-1	3-1-1-2-3-1-3-2-1-3-2-3	2-2-3-6-2-2-2-6-2-4-1-2	0-3-1-5-7-1-1-3-6-2-2-1	5-2-2-5-6-5-2-0-5-2-2-1
33	4	5-3-1-5-1-1-4-6-5-1-6-7	4-3-3-4-2-1-6-5-5-1-5-5	6-5-6-2-4-5-3-5-5-5-3-4	5-4-3-6-2-2-5-2-3-3-3-5	1-5-4-6-5-3-5-4-3-4-5-7	1-5-3-4-5-2-3-2-3-3-1-2	7-2-3-5-4-5-3-4-1-2-5-1	1-2-2-2-2-1-3-2-5-4-5-4	5-5-5-2-2-1-5-2-7-4-2-3	5-5-1-3-5-2-3-3-5-5-5-2	5-2-5-3-1-5-5-5-5-4-1-1	1-2-4-3-5-5-2-6-1-5-2-2
33	5	6-7-5-7-3-1-5-5-5-5-5-5	4-3-3-5-4-1-7-6-4-6-4-4	4-4-6-6-6-4-6-4-4-6-3-6	6-4-4-6-6-6-4-5-6-3-6-4	6-4-4-6-4-6-6-6-5-5-4-6	6-4-3-5-4-1-6-6-5-5-3-6	4-6-3-4-4-5-5-6-1-5-6-5	1-6-6-6-6-1-3-6-4-4-6-4	4-4-4-6-6-1-4-6-1-6-6-3	4-4-3-3-4-6-6-3-4-4-4-2	4-5-4-3-1-4-4-4-4-6-1-4	3-5-5-3-4-3-5-4-3-5-6-6
33	6	5-7-5-5-6-7-7-7-5-6-5-7	6-3-3-5-5-1-4-5-7-5-5-7	4-5-4-5-5-6-5-7-7-5-6-5	5-6-6-5-5-5-7-5-5-6-5-4	5-4-6-4-6-5-7-6-6-6-4-5	7-1-7-7-4-4-5-5-6-3-3-6	7-5-3-6-6-6-3-5-6-5-5-6	6-5-5-5-5-6-3-5-5-4-5-6	6-4-4-5-5-6-3-5-1-5-5-6	6-5-6-3-5-5-5-3-7-6-4-2	5-5-4-3-7-7-4-4-3-5-6-6	3-7-5-6-5-6-5-4-5-2-5-5
33	7	7-6-5-5-7-7-6-7-6-4-5-6	6-7-7-5-7-7-5-5-6-7-5-6	7-6-7-5-7-7-6-6-6-7-7-7	6-7-7-7-7-7-6-7-6-7-7-4	5-4-7-7-6-7-6-7-7-7-6-5	6-7-6-6-7-7-7-7-7-7-7-7	6-7-7-7-6-7-7-7-7-5-5-6	7-7-5-6-7-6-6-2-5-4-6-6	4-4-7-6-5-7-3-6-7-2-5-7	5-4-7-7-7-6-7-3-6-7-4-7	4-1-7-7-3-6-4-4-4-6-7-7	7-6-7-1-7-7-7-4-7-7-2-7
34	0	0-0-0-0-0-0-0-0-0-0-0-0	0-0-0-0-0-0-0-0-0-0-0-0	0-0-0-0-0-0-0-0-0-0-0-0	0-0-0-0-0-0-0-0-0-0-0-0	0-0-0-0-0-0-0-0-0-0-0-0	0-0-0-0-0-0-0-0-0-0-0-0	0-0-0-0-0-0-0-0-0-0-0-0	0-0-0-0-0-0-0-0-0-0-0-0	0-0-0-0-0-0-0-0-0-0-0-0	0-0-0-0-0-0-0-0-0-0-0-0	0-0-0-0-0-0-0-0-0-0-0-0	0-0-0-0-0-0-0-0-0-0-0-0
34	1	1-1-1-1-1-0-1-0-1-0-1-1	0-0-0-1-0-0-0-2-0-0-0-0	2-2-0-2-2-0-2-0-0-4-0-2	3-0-0-3-3-3-0-1-1-0-1-0	1-0-1-0-0-1-2-2-1-0-0-2	2-0-2-0-1-3-2-4-1-1-0-3	1-3-1-0-2-0-1-0-1-1-1-2	0-1-1-2-1-0-2-1-1-0-0-0	1-0-0-2-4-2-0-2-0-1-1-1	1-1-0-0-2-1-2-1-2-0-0-4	0-1-0-0-0-1-0-1-0-1-3-0	0-3-1-0-0-1-2-0-1-1-1-1
34	2	1-2-1-2-2-2-2-2-2-2-2-1	1-3-2-1-0-3-0-3-3-2-0-3	1-1-4-1-1-4-3-3-3-1-3-1	1-2-2-1-1-1-4-1-3-2-3-0	1-0-0-0-0-3-3-1-2-2-0-1	1-4-3-3-2-1-3-2-2-2-2-2	4-1-2-2-1-2-2-1-2-2-4-1	2-0-1-3-1-0-5-0-1-3-0-0	3-0-3-1-3-1-0-3-3-2-3-1	0-3-2-4-1-1-3-2-3-0-0-1	6-3-7-2-4-1-3-0-4-3-1-3	0-1-1-0-2-1-1-0-0-0-0-1
34	3	3-3-3-3-4-3-3-3-3-2-3-4	0-4-4-1-0-2-1-2-2-3-2-2	2-3-0-1-1-6-4-2-2-5-4-4	1-4-4-1-1-1-4-1-4-4-4-0	3-0-0-4-3-2-4-3-2-2-0-1	4-2-4-3-4-1-4-3-2-3-4-1	5-1-3-2-1-3-4-4-3-2-4-4	4-4-1-4-3-3-6-1-1-4-4-3	3-0-4-1-3-4-6-4-6-3-2-1	0-3-3-0-4-1-2-3-2-5-7-1	2-2-0-3-4-0-2-7-0-2-1-2	3-1-1-3-3-1-1-0-0-4-3-6
34	4	4-4-4-4-3-3-5-4-4-4-4-3	4-3-3-1-0-2-4-5-6-3-7-5	4-5-5-1-1-2-3-5-5-1-3-4	4-5-5-5-1-5-2-6-3-4-3-6	1-5-7-3-5-2-3-4-4-4-5-4	3-2-3-4-3-1-3-1-2-3-2-4	7-1-3-2-5-6-3-3-3-4-3-3	3-3-6-3-3-6-7-4-1-5-4-7	4-0-3-1-1-3-4-3-2-4-1-5	4-4-3-5-3-1-4-3-7-5-3-1	4-1-0-3-3-4-4-3-6-4-5-4	4-1-4-4-4-4-5-4-1-3-1-1
34	5	6-7-6-7-6-6-7-6-7-7-7-6	7-3-3-6-6-6-6-5-6-6-6-6	5-4-6-6-6-6-6-6-6-6-6-6	6-4-4-6-6-6-2-6-6-4-6-4	6-4-6-6-4-6-6-6-4-5-6-6	5-5-6-5-3-7-6-7-2-3-2-6	6-5-5-2-7-5-3-6-5-7-6-4	5-6-7-6-6-4-7-6-7-4-6-7	6-0-6-6-6-3-4-6-3-5-6-3	7-6-5-4-6-6-6-6-7-4-6-1	6-2-6-3-0-6-0-6-6-4-4-5	4-5-5-4-6-6-6-4-6-3-6-6
34	6	5-7-5-5-5-7-5-5-5-5-5-5	5-3-5-5-6-5-5-5-5-5-5-7	7-5-5-5-5-5-5-7-5-5-5-5	5-6-6-5-5-5-7-5-5-4-5-7	5-4-4-5-6-5-7-5-6-6-5-5	7-5-5-5-6-7-5-5-6-6-2-5	5-5-6-6-5-6-3-5-6-6-5-4	6-5-4-5-5-4-3-5-1-3-5-6	6-6-6-5-5-5-3-5-3-5-5-3	6-5-5-4-5-5-5-5-7-5-5-1	2-6-5-3-5-5-6-3-4-5-6-6	4-7-6-4-5-5-5-0-5-4-5-3
34	7	7-6-5-5-7-6-5-7-5-5-5-6	5-7-7-5-7-5-5-7-5-7-5-6	7-7-7-5-7-7-5-6-7-7-6-7	6-7-7-7-7-7-6-7-3-7-7-6	5-4-7-7-7-7-6-7-7-7-5-4	5-7-7-6-7-6-7-7-7-7-7-6	6-7-7-7-5-7-3-6-7-5-5-5	7-7-5-5-7-5-4-5-1-4-5-7	0-7-7-7-1-7-7-5-7-5-5-2	5-7-7-7-7-5-7-3-5-7-3-7	5-1-2-5-2-4-6-3-0-7-7-7	4-6-7-3-3-7-7-7-7-7-5-7
35	0	0-0-0-0-0-0-0-0-0-0-0-0	0-0-0-0-0-0-0-0-0-0-0-0	0-0-0-0-0-0-0-0-0-0-0-0	0-0-0-0-0-0-0-0-0-0-0-0	0-0-0-0-0-0-0-0-0-0-0-0	0-0-0-0-0-0-0-0-0-0-0-0	0-0-0-0-0-0-0-0-0-0-0-0	0-0-0-0-0-0-0-0-0-0-0-0	0-0-0-0-0-0-0-0-0-0-0-0	0-0-0-0-0-0-0-0-0-0-0-0	0-0-0-0-0-0-0-0-0-0-0-0	0-0-0-0-0-0-0-0-0-0-0-0
35	1	1-1-1-2-1-1-1-2-1-1-1-2	2-2-1-1-2-2-1-2-2-2-2-2	1-2-3-2-2-2-2-2-2-2-3-2	2-0-2-3-1-0-2-1-2-2-2-1	2-1-1-3-1-2-2-1-2-2-2-1	2-2-2-1-2-2-2-2-1-1-4-2	2-1-1-1-2-1-2-2-1-4-1-2	1-1-2-1-1-2-2-1-1-1-2-1	1-0-4-0-1-2-4-2-2-1-1-2	3-1-1-1-1-1-2-1-1-3-4-1	2-7-4-0-1-7-1-1-4-4-2-3	2-1-1-1-2-1-1-6-3-1-1-2
35	2	1-1-2-2-1-1-1-1-1-1-1-1	1-1-1-2-1-1-1-1-1-1-3-1	3-4-3-1-3-1-3-1-1-3-1-3	3-0-1-1-3-3-1-2-1-1-1-1	1-1-4-0-1-1-3-3-1-1-1-3	1-4-3-0-1-4-3-1-1-1-1-4	3-1-1-1-3-2-1-3-2-1-6-3	1-2-1-3-3-1-1-4-2-1-1-0	2-0-3-3-4-3-1-3-1-2-2-1	1-3-2-1-3-2-3-1-3-0-1-4	1-2-1-1-1-1-1-1-1-3-1-1	1-2-2-1-1-1-3-1-2-2-2-1
35	3	1-4-1-3-1-1-1-1-1-1-1-1	1-4-3-2-1-1-1-2-1-1-2-1	2-2-1-1-2-1-4-2-1-2-4-2	2-3-4-1-2-2-1-1-4-6-3-0	1-1-1-1-0-3-4-2-3-3-1-2	2-2-4-0-3-2-2-2-3-3-6-3	2-2-1-7-2-3-4-2-3-1-2-2	3-2-4-2-2-1-3-2-2-1-1-1	1-0-2-2-3-2-0-2-1-4-2-4	1-2-1-3-2-2-2-4-2-1-0-2	6-2-7-3-4-1-0-1-1-2-2-1	1-2-2-0-0-1-2-0-1-4-7-1
35	4	5-3-4-6-4-5-1-4-1-4-4-7	4-3-3-2-1-1-5-6-1-1-5-5	6-5-6-1-4-5-3-5-1-5-3-4	5-4-3-6-2-5-4-5-3-5-5-4	1-5-2-4-5-3-3-5-5-1-1-5	1-2-3-4-4-2-3-2-1-1-1-2	5-2-2-5-4-4-3-0-2-1-5-1	1-3-2-3-2-1-1-2-2-5-5-6	4-4-1-2-2-5-1-7-1-3-3-3	5-4-1-5-3-2-0-3-5-5-4-2	7-2-1-3-3-5-6-1-1-1-2-4	1-2-4-1-1-1-2-5-7-3-1-1
35	5	6-5-7-7-6-6-6-6-6-6-6-5	6-3-3-6-6-6-6-5-6-6-6-6	5-6-7-6-6-6-6-6-6-6-6-6	6-4-6-6-6-6-6-6-6-4-6-4	6-4-6-6-4-6-6-6-4-5-6-6	6-4-6-7-3-7-6-6-6-3-3-6	6-6-3-4-7-6-3-6-5-1-6-6	5-6-7-6-6-5-7-6-5-4-4-4	7-0-7-6-6-6-4-6-1-3-6-7	6-6-5-4-6-6-6-5-4-4-6-6	6-5-4-6-7-4-4-7-1-6-6-4	7-6-5-6-7-5-6-4-7-2-6-6
35	6	5-7-5-5-5-7-5-5-5-5-5-5	5-3-5-5-5-5-5-5-5-5-5-5	4-5-5-5-5-5-5-5-5-5-7-5	5-4-6-5-5-5-7-5-5-3-5-7	5-4-5-5-6-5-7-5-4-5-5-5	7-6-5-7-6-5-5-5-5-6-3-7	5-5-1-7-7-5-3-5-6-6-5-5	6-5-5-5-5-5-5-5-2-7-5-4	6-6-6-5-5-5-6-5-1-6-5-5	5-5-6-3-5-5-5-7-7-6-5-5	5-6-4-5-3-1-4-5-6-5-5-4	1-7-7-5-6-5-5-5-5-0-5-5
35	7	7-5-5-5-7-6-5-7-5-5-5-6	5-7-7-5-7-5-5-5-5-7-5-5	7-7-5-7-7-7-5-6-5-7-6-7	5-7-7-7-7-7-6-7-6-7-7-6	5-4-7-7-7-6-6-7-7-7-5-7	6-7-6-6-7-5-7-7-7-7-7-6	6-7-7-5-5-7-7-6-7-7-5-6	7-5-5-6-7-5-5-5-2-6-5-4	5-7-7-6-5-7-7-4-7-6-5-5	2-4-7-7-5-5-5-5-6-7-6-7	4-1-3-6-5-1-4-5-4-7-7-7	5-6-6-5-5-7-7-5-4-7-5-1
36	0	0-0-0-0-0-0-0-0-0-0-0-0	0-0-0-0-0-0-0-0-0-0-0-0	0-0-0-0-0-0-0-0-0-0-0-0	0-0-0-0-0-0-0-0-0-0-0-0	0-0-0-0-0-0-0-0-0-0-0-0	0-0-0-0-0-0-0-0-0-0-0-0	0-0-0-0-0-0-0-0-0-0-0-0	0-0-0-0-0-0-0-0-0-0-0-0	0-0-0-0-0-0-0-0-0-0-0-0	0-0-0-0-0-0-0-0-0-0-0-0	0-0-0-0-0-0-0-0-0-0-0-0	0-0-0-0-0-0-0-0-0-0-0-0
36	1	1-1-1-1-1-1-1-1-1-1-1-1	0-1-1-0-0-1-0-2-2-1-0-2	1-0-0-1-0-0-2-2-0-1-2-2	0-0-2-0-0-0-1-0-1-2-2-1	1-2-1-1-0-2-2-0-2-0-0-1	2-2-2-0-0-0-2-0-2-1-4-0	2-1-1-0-0-1-0-2-0-1-0-1	1-1-0-0-1-0-1-2-1-1-0-0	1-1-0-0-3-1-0-0-1-0-0-1	0-0-3-2-0-0-0-1-0-0-0-1	1-0-8-0-0-0-0-4-0-0-0-1	2-1-0-0-0-1-0-0-0-0-0-0
36	2	2-2-2-2-1-1-2-1-2-2-2-2	2-1-1-2-0-1-3-3-1-2-3-1	0-2-0-3-3-4-3-4-0-3-1-3	3-3-3-3-3-3-3-6-3-1-1-2	3-1-2-5-3-1-3-3-1-2-8-3	3-3-3-0-2-3-3-3-1-2-0-3	1-1-1-0-3-0-3-3-2-1-3-3	1-2-2-3-2-0-2-8-2-1-2-0	2-0-3-3-4-3-0-3-3-2-3-2	2-5-0-1-0-4-5-2-3-0-0-2	5-6-0-4-0-2-0-1-0-2-3-2	1-3-2-5-0-0-2-0-0-3-2-4
36	3	3-3-3-3-3-3-3-3-3-3-3-3	2-4-4-2-3-3-2-4-3-2-2-4	4-2-5-2-2-2-4-5-4-4-4-4	2-2-2-2-2-2-6-2-2-3-4-3	2-0-2-2-2-3-4-2-3-3-1-2	2-2-5-0-4-2-2-2-3-3-7-5	3-4-3-8-2-3-6-2-3-5-2-2	3-4-2-2-2-4-7-5-3-5-4-3	3-0-2-2-3-2-3-2-4-2-2-3	0-2-3-3-2-2-2-4-2-0-3-2	3-0-0-4-4-4-0-1-0-2-2-1	7-2-2-2-2-5-2-3-0-2-3-1
36	4	5-3-4-6-3-4-4-3-5-4-4-3	5-3-3-2-7-5-5-3-5-5-6-5	7-5-6-2-3-2-3-5-5-3-3-3	5-5-5-5-2-5-5-2-3-3-3-5	3-8-2-4-6-3-5-5-4-4-4-5	5-2-3-5-6-5-5-2-1-1-1-4	6-3-3-5-5-4-3-5-4-3-6-1	7-3-2-3-2-5-2-4-5-4-5-6	6-6-5-2-2-4-6-2-3-4-2-4	5-6-1-5-5-2-5-3-5-5-6-2	6-0-4-3-4-6-6-6-5-2-2-4	6-2-5-4-6-3-2-4-5-6-5-2
36	5	5-5-5-5-5-5-4-5-5-4-4-4	4-6-6-4-5-4-4-6-4-5-4-4	4-4-4-4-2-7-6-4-4-5-6-4	4-4-4-4-2-4-4-2-6-7-6-4	2-6-2-2-4-5-6-4-6-7-5-2	4-7-3-4-3-4-6-5-6-5-3-3	4-6-3-4-4-4-3-4-5-3-4-7	5-3-2-3-5-4-6-6-4-5-4-4	4-4-4-2-8-2-0-4-3-4-2-5	4-2-6-6-4-2-2-5-4-4-4-2	2-5-4-5-7-4-4-4-4-2-5-4	7-2-4-2-0-3-2-4-4-5-4-2
36	6	7-5-7-7-5-5-6-6-8-6-6-7	6-5-5-6-5-7-7-5-7-5-8-4	6-7-4-7-7-6-7-4-7-7-5-6	7-4-6-7-7-7-5-7-7-5-7-4	7-5-8-7-4-7-7-7-5-6-7-7	5-3-7-6-4-4-5-7-5-5-3-7	4-5-5-4-5-4-3-5-5-5-7-5	4-7-4-7-7-4-8-7-6-6-7-4	4-4-8-6-2-4-7-7-3-6-7-5	8-7-5-5-4-6-7-6-6-7-4-2	4-2-4-6-8-4-4-4-7-6-2-6	4-5-6-7-7-0-2-4-7-4-7-7
36	7	6-8-6-6-5-8-6-6-8-6-6-8	7-5-5-6-5-7-6-6-6-7-8-8	4-6-4-6-6-7-6-8-8-7-7-7	6-7-7-6-6-6-5-6-6-5-6-4	6-4-6-6-7-6-8-6-7-7-6-6	8-5-6-7-7-8-6-6-7-5-3-7	8-5-3-7-7-7-5-8-7-3-6-5	4-6-2-6-6-7-3-6-6-5-6-4	7-4-7-7-2-2-7-6-3-6-6-2	7-7-7-6-7-8-6-7-8-6-7-2	5-7-7-3-8-7-4-4-6-7-7-7	5-8-6-6-7-7-2-4-6-4-6-6
36	8	8-7-8-6-8-8-7-8-6-6-6-7	7-8-8-6-8-8-4-8-7-8-6-7	8-8-8-8-8-8-7-7-7-8-8-8	8-8-8-8-8-8-4-8-7-8-8-4	6-4-6-8-8-8-7-8-8-8-2-6	7-7-8-7-8-7-8-8-8-8-8-7	7-8-8-8-7-8-8-8-8-8-4-8	8-8-8-7-8-7-6-6-7-6-4-8	7-4-8-7-2-8-8-7-8-3-6-8	6-4-8-8-8-7-6-7-7-8-8-8	0-8-8-8-7-7-4-4-8-7-8-8	5-7-7-3-0-8-8-4-8-8-7-8
37	0	0-0-0-0-0-0-0-0-0-0-0-0	0-0-0-0-0-0-0-0-0-0-0-0	0-0-0-0-0-0-0-0-0-0-0-0	0-0-0-0-0-0-0-0-0-0-0-0	0-0-0-0-0-0-0-0-0-0-0-0	0-0-0-0-0-0-0-0-0-0-0-0	0-0-0-0-0-0-0-0-0-0-0-0	0-0-0-0-0-0-0-0-0-0-0-0	0-0-0-0-0-0-0-0-0-0-0-0	0-0-0-0-0-0-0-0-0-0-0-0	0-0-0-0-0-0-0-0-0-0-0-0	0-0-0-0-0-0-0-0-0-0-0-0
37	1	1-2-1-1-1-1-1-0-1-1-1-2	0-0-0-1-0-0-0-0-0-0-0-0	0-4-0-5-2-2-1-0-0-2-0-2	2-0-0-3-3-3-0-1-1-1-1-0	1-0-1-0-0-1-2-2-1-3-0-2	3-0-2-0-0-4-2-1-1-1-0-3	1-1-1-0-2-0-1-0-1-1-1-3	0-1-3-2-1-0-0-7-7-0-0-0	1-0-3-2-4-1-0-2-0-1-4-1	0-2-0-5-2-1-0-0-2-0-0-1	1-1-0-0-0-2-4-0-0-2-1-2	0-1-3-0-2-1-3-0-1-1-1-4
37	2	2-2-1-2-2-2-2-2-2-2-1-1	0-2-2-1-0-2-0-3-0-2-0-3	2-1-0-1-1-1-3-1-0-1-3-1	1-0-3-1-1-1-0-1-3-2-3-0	2-0-1-0-0-1-3-1-3-2-0-1	1-2-3-0-2-1-3-1-2-2-7-2	1-1-2-3-1-0-5-1-2-3-0-1	2-1-3-3-2-0-5-3-1-2-0-0	0-0-1-1-5-1-7-1-3-2-3-3	0-1-2-3-3-1-3-2-3-0-3-1	7-1-0-2-7-1-3-2-0-3-1-1	3-1-1-2-2-1-1-0-1-4-2-5
37	3	3-3-3-3-3-2-3-3-3-3-3-3	0-2-4-1-3-4-0-2-4-4-0-2	1-3-0-4-1-5-4-4-7-1-4-1	1-4-4-1-1-1-5-1-4-4-4-0	3-0-1-4-1-2-4-3-4-1-0-1	1-0-2-0-3-1-4-1-3-3-5-1	4-1-2-2-1-0-4-4-3-2-7-1	4-3-1-2-4-4-5-2-3-3-0-0	3-0-4-1-3-4-3-1-6-6-2-2	4-2-7-4-4-1-3-3-2-0-4-1	3-1-7-3-4-7-2-4-4-2-6-3	2-1-1-3-2-1-1-0-1-3-2-1
37	4	4-4-4-5-5-5-4-6-4-4-5-7	4-3-3-4-3-5-5-5-5-5-6-5	5-5-6-6-4-5-5-5-5-1-3-5	5-5-5-5-1-1-3-5-3-6-3-4	1-5-4-3-5-2-5-4-4-6-5-5	1-5-2-4-4-1-3-1-3-3-0-5	3-1-1-4-5-5-3-3-4-7-3-1	3-1-5-2-3-5-3-5-5-5-4-7	3-6-3-1-1-3-5-7-2-4-1-3	4-1-3-3-3-1-2-3-5-4-3-1	5-1-4-2-3-5-1-6-3-3-3-4	0-2-4-5-4-1-1-4-1-2-1-1
37	5	5-7-7-7-4-5-5-6-5-5-5-5	5-3-3-6-5-4-4-6-6-6-7-4	4-6-4-4-6-4-6-4-6-6-6-6	6-4-4-6-6-6-3-4-6-4-6-4	7-4-4-6-4-5-6-6-5-5-4-6	5-4-6-5-3-1-6-5-2-5-3-4	2-6-1-4-4-4-3-4-5-5-6-5	0-6-4-6-6-4-3-6-4-4-4-0	5-0-6-5-6-7-4-4-0-4-6-3	4-6-3-1-6-4-6-5-4-4-5-1	4-1-5-3-6-4-4-4-0-1-1-5	0-5-4-6-4-2-5-0-5-5-6-6
37	6	5-7-5-5-5-7-7-5-7-6-5-7	5-3-3-5-6-7-5-5-5-5-4-5	7-5-4-4-5-4-5-7-5-5-6-5	5-6-6-5-5-5-7-4-5-4-5-7	5-4-4-5-6-5-7-5-6-6-5-5	7-5-5-7-6-7-5-5-6-6-2-6	7-5-6-4-5-6-6-7-6-5-5-5	6-5-6-5-5-6-7-5-7-4-5-6	7-6-5-5-5-6-4-6-3-3-5-3	6-6-6-6-5-5-5-5-7-6-6-1	2-6-5-7-2-7-6-4-6-7-3-6	7-5-6-5-5-1-5-4-1-4-5-5
37	7	7-6-5-5-7-6-6-7-6-5-4-6	5-7-7-5-7-7-5-7-5-7-5-6	7-7-7-4-7-7-7-6-7-7-6-7	6-7-7-7-7-7-6-7-7-7-7-6	5-4-7-7-7-7-6-7-7-7-5-5	6-7-7-6-7-6-7-7-7-7-7-7	6-7-7-4-6-7-7-6-7-7-7-5	7-7-7-7-7-7-6-1-1-6-4-4	6-7-7-7-5-5-7-4-7-3-5-2	5-7-3-7-7-1-7-2-6-7-6-7	2-7-3-6-2-4-6-3-7-7-7-7	7-6-4-2-5-7-7-7-7-7-5-7
38	0	0-0-0-0-0-0-0-0-0-0-0-0	0-0-0-0-0-0-0-0-0-0-0-0	0-0-0-0-0-0-0-0-0-0-0-0	0-0-0-0-0-0-0-0-0-0-0-0	0-0-0-0-0-0-0-0-0-0-0-0	0-0-0-0-0-0-0-0-0-0-0-0	0-0-0-0-0-0-0-0-0-0-0-0	0-0-0-0-0-0-0-0-0-0-0-0	0-0-0-0-0-0-0-0-0-0-0-0	0-0-0-0-0-0-0-0-0-0-0-0	0-0-0-0-0-0-0-0-0-0-0-0	0-0-0-0-0-0-0-0-0-0-0-0
38	1	1-2-1-2-1-1-1-1-1-1-2-2	1-2-1-1-2-2-2-2-2-1-2-2	1-1-0-2-2-2-2-2-2-2-3-2	2-1-2-2-1-0-2-2-1-2-1-1	2-2-1-2-1-1-2-1-1-2-4-2	4-1-2-0-2-2-1-2-2-1-4-2	1-2-2-1-2-1-2-2-1-1-4-1	1-3-1-1-1-2-2-1-1-1-0-3	1-0-2-1-2-3-1-1-2-2-1-1	4-1-1-2-1-1-1-1-4-1-2-1	1-2-1-5-8-2-4-1-2-1-2-2	2-1-0-1-1-4-1-0-4-4-4-1
38	2	1-1-1-1-1-1-1-1-1-1-1-1	1-1-1-3-1-1-3-1-1-1-3-1	1-3-0-1-1-1-3-1-1-1-1-3	3-0-1-3-3-3-1-3-1-1-2-4	3-1-3-3-0-2-3-3-1-1-2-3	1-4-3-2-2-3-3-1-1-2-0-4	3-1-1-0-3-1-1-3-1-1-2-3	1-4-4-3-5-1-1-2-2-1-0-0	2-0-1-3-4-2-0-3-1-2-3-7	1-5-2-1-3-4-3-1-3-1-1-5	4-1-1-1-1-1-0-0-1-3-1-1	1-3-3-3-3-1-3-0-6-6-1-4
38	3	3-3-2-1-3-1-1-3-1-1-1-2	1-4-3-2-1-1-2-4-4-1-2-1	1-2-0-1-4-1-4-1-1-4-4-2	2-3-1-2-2-2-4-2-4-4-4-2	2-1-2-2-6-4-4-2-4-3-1-2	1-3-4-2-3-2-4-2-1-3-3-2	2-2-4-4-2-3-4-2-1-1-2-2	1-2-2-2-2-1-3-4-2-4-0-1	3-0-4-2-3-1-3-2-1-3-2-2	0-2-3-1-2-1-2-4-2-4-2-2	3-1-3-4-7-1-0-7-4-2-4-3	1-2-2-2-2-2-5-0-7-3-3-3
38	4	1-4-1-5-1-5-1-4-1-1-5-5	5-3-3-2-1-1-5-5-5-5-5-5	7-5-7-5-4-5-3-5-5-3-3-4	5-5-5-5-2-5-5-2-3-3-3-2	1-5-2-4-5-3-5-5-4-4-1-8	1-5-3-4-4-2-3-4-1-1-1-2	5-3-3-5-5-4-3-5-4-1-5-1	1-2-2-3-2-5-3-3-5-4-5-5	4-4-5-2-2-5-5-5-1-4-2-5	5-2-7-3-5-2-3-3-5-5-5-2	5-1-1-3-5-4-5-5-5-2-3-4	1-2-5-4-5-1-2-7-5-1-1-2
38	5	5-8-5-8-5-5-5-1-1-4-4-4	4-6-5-2-1-1-4-4-4-4-4-4	4-4-6-4-6-4-4-6-4-6-6-5	4-4-4-4-2-4-6-2-6-6-6-4	2-4-3-3-4-6-4-4-6-5-1-2	6-6-3-4-4-2-6-7-5-5-3-5	4-5-5-5-4-5-6-4-5-5-4-5	5-2-2-5-2-4-7-6-4-7-4-4	5-0-4-4-3-4-4-6-7-7-2-4	4-2-5-6-5-1-2-5-4-4-4-2	4-6-6-1-4-4-4-4-4-3-7-5	6-5-4-5-4-5-3-4-4-1-5-3
38	6	7-6-7-7-7-7-7-7-8-7-7-7	7-5-5-7-7-7-7-6-7-7-7-7	6-7-7-7-7-7-7-7-7-5-7-6	7-4-7-7-7-7-7-7-5-5-7-6	7-8-7-7-4-7-7-7-5-6-6-7	6-7-7-7-4-8-7-7-5-5-3-7	7-5-6-5-4-8-5-7-6-7-7-7	5-7-6-7-7-8-8-8-8-5-7-4	8-0-5-7-7-6-4-7-8-6-7-2	6-7-7-5-7-8-7-5-8-4-7-7	4-5-5-8-1-4-6-4-4-7-5-5	5-7-6-7-7-5-5-4-6-7-8-2
38	7	6-5-6-6-6-6-6-6-6-6-6-8	6-3-6-6-6-6-6-6-6-6-6-6	4-6-6-6-6-6-6-6-6-6-6-6	6-6-7-6-6-6-6-6-6-5-6-8	6-4-6-6-7-6-8-6-6-7-6-6	6-6-6-8-7-6-6-6-7-7-3-6	6-5-7-5-6-7-5-6-7-6-6-6	7-6-2-6-6-1-3-6-8-5-6-4	6-7-7-6-6-6-5-6-5-5-6-2	8-7-4-5-6-1-6-1-8-4-6-6	4-7-7-7-3-7-7-7-4-6-5-7	1-8-6-6-6-5-2-4-6-6-6-5
38	8	8-5-6-6-8-7-6-8-6-6-6-7	6-8-8-6-8-6-6-6-6-8-6-7	8-8-8-6-8-8-6-6-6-8-7-8	6-8-8-6-8-8-7-8-7-8-8-7	8-6-8-8-8-8-7-8-8-8-6-6	6-8-8-7-8-6-8-8-8-8-8-7	7-8-8-8-5-8-8-8-8-8-6-6	8-6-8-6-8-8-6-6-7-5-6-6	6-7-8-7-2-8-8-6-6-6-6-6	7-8-8-8-8-8-8-5-6-8-7-8	1-1-8-3-1-4-7-4-1-8-8-8	8-7-7-6-6-8-8-4-8-8-6-1
39	0	0-0-0-0-0-0-0-0-0-0-0-0	0-0-0-0-0-0-0-0-0-0-0-0	0-0-0-0-0-0-0-0-0-0-0-0	0-0-0-0-0-0-0-0-0-0-0-0	0-0-0-0-0-0-0-0-0-0-0-0	0-0-0-0-0-0-0-0-0-0-0-0	0-0-0-0-0-0-0-0-0-0-0-0	0-0-0-0-0-0-0-0-0-0-0-0	0-0-0-0-0-0-0-0-0-0-0-0	0-0-0-0-0-0-0-0-0-0-0-0	0-0-0-0-0-0-0-0-0-0-0-0	0-0-0-0-0-0-0-0-0-0-0-0
39	1	1-1-1-1-1-1-1-1-1-1-1-1	1-0-0-1-0-2-1-2-0-1-2-2	2-2-2-1-1-2-2-2-0-0-2-1	2-3-2-1-1-0-0-4-0-0-0-4	0-1-1-0-2-0-2-1-0-0-0-1	1-1-0-1-0-1-2-0-0-0-0-2	0-0-0-1-0-0-0-1-0-1-1-2	1-0-0-0-0-2-0-0-2-1-3-0	1-2-5-0-0-0-1-2-0-0-1-0	2-1-1-2-0-1-0-0-1-2-0-1	0-0-1-0-1-1-2-1-0-1-0-1	1-0-1-1-0-1-1-1-1-1-1-1
39	2	2-2-2-2-3-2-2-6-2-1-3-2	1-0-0-3-0-1-1-3-3-1-3-3	1-1-1-4-3-1-3-1-0-3-3-3	3-1-1-3-3-3-0-3-3-0-2-2	2-4-3-0-1-2-3-3-1-2-0-3	3-4-3-2-0-3-3-3-2-0-0-3	3-4-0-1-3-2-3-3-4-2-2-3	2-2-2-3-2-1-4-4-3-1-2-0	2-1-1-3-4-3-1-3-0-2-2-2	1-2-1-1-3-4-3-0-3-1-0-2	2-4-1-4-2-2-1-2-0-3-3-1	2-3-2-2-2-2-2-1-2-2-2-2
39	3	3-3-3-3-3-3-3-3-3-2-2-4	1-4-4-2-1-4-1-4-2-3-2-2	4-3-3-3-2-6-4-2-0-6-4-4	2-1-1-2-2-2-5-2-5-5-4-2	2-1-2-3-1-4-4-2-3-4-3-2	2-2-4-3-5-2-4-2-3-3-0-2	2-2-3-1-2-3-4-2-3-3-4-5	3-4-2-2-2-1-5-0-2-3-1-3	3-1-4-2-3-2-5-2-5-3-2-2	3-4-3-0-2-3-2-4-2-3-3-2	2-0-0-3-4-2-1-3-5-2-2-3	6-2-2-4-3-6-2-3-5-5-3-5
39	4	4-3-3-4-3-3-4-4-3-4-4-3	5-3-3-2-6-3-1-3-5-5-2-5	6-5-5-2-4-5-5-6-5-5-3-4	5-4-5-5-2-5-5-1-3-6-3-1	2-6-1-4-4-3-5-5-5-4-4-2	0-2-3-4-5-5-3-5-3-3-0-2	3-2-3-7-5-4-5-0-2-2-3-5	4-3-5-3-2-5-2-2-2-3-4-5	5-4-3-2-2-4-5-5-6-4-3-2	5-5-5-7-0-2-0-3-5-5-5-2	5-2-5-2-3-5-5-5-5-4-2-4	3-2-4-3-5-5-3-5-1-3-4-3
39	5	5-5-5-7-3-5-7-6-5-5-5-5	4-3-3-6-4-3-6-6-4-4-4-4	1-4-6-6-6-4-6-4-4-4-4-5	6-4-4-4-6-6-3-6-6-3-6-5	6-4-7-4-1-6-6-6-4-5-6-6	6-5-6-5-3-4-6-6-3-5-0-5	7-5-4-4-4-5-4-7-3-5-6-3	3-6-4-6-6-4-7-6-5-3-6-4	4-1-1-6-6-2-3-4-3-3-5-2	4-6-4-4-6-4-6-3-4-4-4-5	4-5-6-3-3-4-4-4-4-5-5-4	3-5-5-3-4-4-5-4-3-3-6-3
39	6	5-7-5-5-6-7-7-5-7-5-5-5	4-3-3-5-4-7-7-5-5-4-7-4	4-4-5-5-5-6-5-4-7-3-6-6	5-4-6-4-5-5-7-5-5-6-5-4	5-4-5-4-6-5-5-5-6-6-5-5	5-3-5-7-6-4-5-5-6-6-0-6	7-5-0-6-7-6-3-5-6-5-5-4	6-5-2-5-5-7-3-5-7-3-5-4	6-1-6-5-5-2-6-4-4-5-5-2	6-5-6-2-5-5-5-3-7-4-6-2	5-6-5-3-3-7-4-3-6-6-6-6	3-5-5-6-6-3-6-4-5-3-5-2
39	7	7-6-5-5-7-6-6-7-6-5-5-7	6-7-7-5-7-6-6-7-7-7-6-7	7-7-7-7-7-7-6-6-6-7-7-7	7-7-7-7-7-7-6-7-3-7-7-5	5-5-7-7-7-7-6-7-7-7-5-7	7-2-7-6-7-7-7-7-7-7-7-7	5-7-7-7-7-7-7-7-7-7-7-7	7-7-7-7-7-6-5-2-6-7-3-7	4-7-6-7-5-7-7-4-7-3-7-7	4-7-7-7-7-6-7-6-7-7-7-7	4-7-0-7-6-6-7-4-7-6-7-7	7-6-1-3-0-7-7-4-7-7-5-7
40	0	0-0-0-0-0-0-0-0-0-0-0-0	0-0-0-0-0-0-0-0-0-0-0-0	0-0-0-0-0-0-0-0-0-0-0-0	0-0-0-0-0-0-0-0-0-0-0-0	0-0-0-0-0-0-0-0-0-0-0-0	0-0-0-0-0-0-0-0-0-0-0-0	0-0-0-0-0-0-0-0-0-0-0-0	0-0-0-0-0-0-0-0-0-0-0-0	0-0-0-0-0-0-0-0-0-0-0-0	0-0-0-0-0-0-0-0-0-0-0-0	0-0-0-0-0-0-0-0-0-0-0-0	0-0-0-0-0-0-0-0-0-0-0-0
40	1	1-1-1-1-0-0-1-0-1-0-1-1	2-0-0-1-0-0-0-0-0-0-0-0	0-2-0-4-2-2-0-0-0-2-0-2	3-0-0-3-3-2-0-1-1-1-1-0	2-0-0-3-0-2-2-2-1-1-8-2	2-0-2-0-0-4-2-3-1-1-0-2	3-1-1-0-2-0-1-2-1-1-0-3	0-1-4-2-1-0-0-8-8-1-0-0	1-0-2-2-4-1-0-2-0-1-4-1	0-2-0-3-2-1-0-0-2-0-0-1	0-1-0-0-0-0-1-0-0-1-1-0	0-2-1-1-1-1-1-0-1-1-1-1
40	2	2-2-3-2-2-2-2-2-2-2-2-2	1-4-2-1-0-2-0-3-0-2-0-3	0-1-0-1-1-1-3-4-0-1-3-1	1-3-0-1-1-1-3-1-1-1-2-0	1-0-0-1-1-1-3-1-2-2-0-1	1-0-1-0-3-1-3-1-3-2-7-2	5-1-4-2-1-3-6-1-2-2-6-1	4-2-1-1-2-1-6-3-1-3-2-3	3-2-1-1-2-1-0-1-3-2-0-3	0-1-0-1-1-1-1-2-1-3-1-3	3-1-0-0-0-0-2-3-3-3-1-2	3-1-1-2-3-2-1-3-7-1-2-3
40	3	3-2-2-3-3-2-3-3-3-3-3-3	4-2-2-1-1-3-0-2-0-3-4-4	1-3-4-1-4-4-2-1-4-4-2-4	4-2-4-4-1-1-3-4-4-4-1-0	1-0-0-4-1-2-4-1-4-3-4-4	1-4-4-3-2-1-4-1-2-3-2-3	1-1-2-0-1-2-2-4-3-2-0-1	3-0-4-1-2-1-4-2-1-3-8-2	2-4-2-1-2-3-0-4-8-7-2-4	0-3-3-4-4-1-4-4-1-2-1-2	2-1-6-4-4-3-4-2-2-2-4-3	2-4-1-6-2-3-1-2-6-1-8-2
40	4	4-4-4-3-4-3-4-4-4-4-4-4	4-2-2-1-5-2-5-4-0-5-3-5	4-5-5-1-3-3-5-5-3-3-3-5	3-4-3-3-1-5-5-3-3-3-5-4	1-4-8-3-4-2-3-4-3-4-3-4	4-4-3-4-4-1-3-4-3-3-4-5	4-1-2-4-5-2-4-3-2-1-0-1	2-3-7-5-2-4-3-0-4-4-4-4	6-4-4-1-1-3-4-5-4-4-1-3	4-4-3-5-3-1-3-3-5-4-5-1	4-1-4-3-3-8-4-4-5-2-5-4	4-3-4-4-4-4-5-4-4-3-4-2
40	5	5-7-6-7-6-6-5-5-6-6-5-8	6-2-2-7-6-6-4-5-6-6-6-6	5-4-4-6-6-6-4-4-6-6-6-4	5-5-5-7-6-5-6-5-6-6-6-4	5-5-5-3-5-6-6-6-6-6-7-5	8-5-6-6-4-8-6-6-2-5-2-4	8-5-6-5-4-8-5-4-6-7-5-6	5-5-5-6-5-4-5-5-4-4-5-6	8-4-8-5-7-5-4-4-7-4-5-3	4-4-3-4-5-1-6-7-4-4-4-5	5-8-4-6-3-8-5-4-7-5-6-5	4-4-5-4-5-5-6-8-5-1-5-6
40	6	7-8-8-8-7-5-8-7-8-8-7-7	5-7-7-7-7-5-7-7-7-5-7-7	6-7-4-7-7-5-7-4-7-7-5-6	7-4-5-7-7-7-5-7-5-3-7-6	7-5-7-7-5-5-7-7-5-5-7-7	6-7-7-5-4-5-7-7-2-6-2-7	7-5-5-4-7-6-2-7-5-7-7-7	5-7-4-7-7-4-8-7-7-4-7-5	8-4-4-7-7-6-4-7-5-7-7-3	8-7-7-4-7-6-7-7-8-5-7-7	4-5-5-3-7-5-4-4-5-7-5-7	4-7-5-4-7-4-5-4-7-1-7-5
40	7	6-8-6-6-6-8-6-6-6-6-6-6	6-6-6-6-6-5-6-6-6-5-6-6	6-6-4-6-6-6-6-5-6-6-7-6	6-7-7-6-6-6-8-6-5-3-6-6	6-4-6-6-7-6-8-6-7-5-6-6	6-6-6-5-7-8-6-6-7-7-2-6	8-5-7-7-6-7-5-6-7-6-6-6	7-6-4-6-6-6-2-6-6-4-6-7	8-7-4-6-6-6-4-6-5-3-6-6	6-7-7-7-6-1-6-5-8-5-6-1	4-7-5-3-6-6-7-4-5-7-7-7	0-8-7-4-7-5-5-4-6-3-6-2
40	8	8-6-6-6-8-7-6-8-6-6-6-7	6-8-8-6-8-5-6-6-6-8-6-7	8-8-6-5-8-8-8-7-6-8-7-8	6-8-8-8-8-6-7-6-7-8-8-4	6-4-6-8-8-8-7-8-8-8-1-6	5-6-6-7-8-5-8-8-8-8-8-7	7-8-8-8-7-8-8-8-8-6-6-6	8-6-8-7-8-8-6-6-6-4-5-5	7-8-5-8-1-8-8-6-3-6-6-6	6-8-8-8-8-6-8-6-7-8-8-8	6-5-5-8-3-5-7-4-8-8-8-8	8-7-8-5-5-8-8-5-8-8-3-8
41	0	0-0-0-0-0-0-0-0-0-0-0-0	0-0-0-0-0-0-0-0-0-0-0-0	0-0-0-0-0-0-0-0-0-0-0-0	0-0-0-0-0-0-0-0-0-0-0-0	0-0-0-0-0-0-0-0-0-0-0-0	0-0-0-0-0-0-0-0-0-0-0-0	0-0-0-0-0-0-0-0-0-0-0-0	0-0-0-0-0-0-0-0-0-0-0-0	0-0-0-0-0-0-0-0-0-0-0-0	0-0-0-0-0-0-0-0-0-0-0-0	0-0-0-0-0-0-0-0-0-0-0-0	0-0-0-0-0-0-0-0-0-0-0-0
41	1	1-1-1-1-1-1-1-1-1-1-2-2	2-2-1-0-3-2-1-2-2-1-2-2	1-2-1-3-2-2-2-2-3-2-3-2	2-1-2-3-1-1-2-2-1-2-1-1	2-0-1-3-1-1-2-1-2-1-4-1	2-2-2-2-2-2-1-2-2-1-0-2	1-2-1-1-2-1-0-2-1-3-1-1	1-1-1-1-1-2-2-1-1-3-0-1	1-1-1-0-1-1-1-1-2-1-1-0	1-1-1-2-1-1-2-1-0-3-2-1	1-1-3-1-3-1-1-1-1-1-2-2	2-1-1-1-1-1-1-1-1-1-1-1
41	2	1-1-1-2-1-1-1-1-1-1-1-1	1-1-1-4-1-1-4-1-1-1-1-1	1-3-3-1-3-1-3-1-1-1-1-3	3-0-1-1-4-3-1-1-1-1-2-1	1-0-3-1-4-2-3-3-1-1-1-4	1-1-3-1-1-4-3-1-1-1-0-1	3-1-1-1-3-2-1-3-1-1-3-3	1-2-3-3-3-1-1-4-2-1-4-0	2-0-3-3-2-2-1-3-1-2-2-1	4-3-1-1-3-2-3-1-3-1-1-4	3-2-1-0-1-1-0-0-1-3-1-1	1-3-2-1-1-2-3-1-2-2-2-2
41	3	1-3-1-3-1-3-1-1-1-1-1-1	1-4-4-2-1-1-2-4-1-1-2-1	0-2-2-1-2-1-4-3-1-5-4-2	2-4-3-1-2-2-1-1-4-3-4-1	2-0-2-6-2-4-4-2-4-3-1-2	1-2-4-1-3-2-4-3-1-3-7-3	2-1-3-3-2-1-4-2-6-1-2-2	3-5-2-2-2-1-4-2-2-8-4-1	4-0-4-2-3-2-0-2-2-3-2-3	2-4-6-4-2-2-2-4-2-1-4-2	4-4-4-3-8-1-0-4-0-2-2-1	1-2-2-3-1-1-2-1-1-2-3-1
41	4	4-3-1-4-3-4-1-1-4-4-1-4	1-3-3-2-1-1-2-3-1-1-5-5	2-5-5-2-5-6-3-6-5-3-3-2	2-5-5-5-2-2-1-1-5-6-3-1	2-0-2-5-5-3-3-4-5-0-6-2	1-4-3-1-4-2-5-1-1-4-4-4	4-9-1-4-2-3-3-5-4-1-2-2	3-3-6-3-2-1-7-2-2-5-2-0	3-0-3-2-4-4-6-5-8-3-3-3	2-3-6-5-5-2-2-3-2-1-3-2	3-3-5-4-5-4-5-3-6-2-5-4	4-4-2-4-5-4-2-1-6-8-3-4
41	5	6-5-6-6-8-6-6-6-6-6-5-6	6-3-3-6-6-6-6-5-6-6-6-6	5-4-6-6-5-6-6-5-6-6-6-5	6-6-4-5-5-6-6-5-4-4-3-8	5-6-6-4-6-3-5-5-4-5-4-5	5-4-3-5-4-6-4-5-1-3-3-5	8-7-1-8-5-8-7-4-4-9-6-8	3-3-7-4-2-7-3-5-2-7-5-9	7-6-6-5-7-5-7-4-6-5-5-6	9-5-8-4-4-3-3-4-7-6-5-2	7-7-6-4-4-9-7-8-5-5-6-5	5-7-5-6-6-5-5-5-4-4-3-5
41	6	5-9-5-5-5-5-5-5-5-5-5-5	7-3-3-7-5-8-5-7-8-5-8-7	7-7-5-7-7-7-7-7-7-7-7-7	7-5-7-7-7-7-7-7-7-8-7-5	8-5-5-4-5-7-7-6-7-8-8-9	6-5-7-5-5-7-7-7-1-3-7-6	7-8-7-5-7-5-9-7-6-9-5-7	6-7-8-7-6-5-4-8-2-5-6-7	5-9-7-6-5-5-7-7-7-5-6-5	7-6-5-7-7-6-7-6-5-5-6-2	6-8-5-6-9-5-5-5-5-9-7-6	7-9-6-5-5-8-5-7-4-7-8-9
41	7	5-5-6-9-6-6-5-6-5-6-5-5	6-3-6-6-6-6-6-6-6-8-6-6	6-6-6-6-6-6-6-6-6-6-6-6	6-8-6-6-6-8-6-6-6-6-6-5	6-5-5-8-5-6-8-8-6-6-6-8	6-6-8-7-3-6-8-8-1-3-6-8	6-6-6-5-6-7-5-6-6-1-5-6	6-8-6-8-8-5-9-6-2-5-8-6	5-0-6-8-8-5-5-6-6-8-8-5	6-6-5-6-8-8-8-6-5-6-6-8	5-6-6-4-6-6-5-8-8-6-6-6	6-5-7-5-8-6-5-6-4-6-8-1
41	8	5-9-6-5-5-9-6-5-6-6-6-5	6-6-5-6-5-6-6-7-6-7-6-6	6-7-6-6-6-6-7-6-6-6-8-6	7-7-6-6-7-7-9-6-6-6-6-5	6-5-5-7-8-7-7-7-8-6-6-7	6-9-7-7-8-9-7-7-8-8-3-7	5-6-8-5-5-8-4-9-8-6-2-7	8-7-6-7-7-5-3-6-2-8-7-8	8-8-8-7-7-5-8-7-4-7-7-5	6-6-5-7-7-7-7-6-9-5-8-7	7-6-8-4-3-8-8-5-7-8-6-8	5-5-5-5-7-6-6-6-7-4-7-6
41	9	9-6-5-7-9-8-6-9-6-6-6-5	6-9-9-6-9-9-6-6-9-9-6-8	9-9-9-6-9-6-9-6-6-9-8-9	6-9-6-9-9-9-8-9-6-9-9-8	6-5-9-9-9-9-8-9-9-9-7-7	6-9-6-7-9-6-9-9-9-9-9-8	8-9-9-5-6-9-9-6-9-5-8-6	9-9-6-6-9-9-7-2-2-5-6-6	8-8-9-8-7-9-9-8-4-3-7-6	6-6-9-9-9-6-9-8-8-9-6-9	6-6-6-9-6-5-8-5-9-6-9-9	5-6-5-5-6-9-9-6-9-9-4-6
42	0	0-0-0-0-0-0-0-0-0-0-0-0	0-0-0-0-0-0-0-0-0-0-0-0	0-0-0-0-0-0-0-0-0-0-0-0	0-0-0-0-0-0-0-0-0-0-0-0	0-0-0-0-0-0-0-0-0-0-0-0	0-0-0-0-0-0-0-0-0-0-0-0	0-0-0-0-0-0-0-0-0-0-0-0	0-0-0-0-0-0-0-0-0-0-0-0	0-0-0-0-0-0-0-0-0-0-0-0	0-0-0-0-0-0-0-0-0-0-0-0	0-0-0-0-0-0-0-0-0-0-0-0	0-0-0-0-0-0-0-0-0-0-0-0
42	1	1-1-1-1-1-1-1-1-1-1-1-1	2-0-0-1-0-1-2-2-0-1-2-0	0-3-0-3-2-2-2-0-0-2-2-2	2-0-0-2-2-2-0-2-1-0-1-0	1-0-1-4-0-1-2-2-1-0-0-2	2-0-2-0-1-3-2-3-1-1-0-3	2-1-1-0-2-1-1-2-1-1-1-2	1-1-1-1-1-1-0-3-1-0-0-0	1-0-0-2-3-0-0-2-0-1-1-1	0-3-0-0-2-1-0-1-2-0-0-3	0-1-0-2-0-1-0-0-0-1-2-2	0-1-1-0-3-1-4-0-1-0-1-3
42	2	2-2-2-2-2-2-2-2-2-2-2-3	1-3-2-1-0-2-1-1-3-2-1-1	0-1-0-1-1-1-3-2-0-1-3-1	1-1-3-1-1-1-2-1-3-4-3-0	2-2-6-3-3-1-3-1-3-2-1-1	3-0-4-0-2-1-3-1-2-2-5-2	5-1-2-2-1-2-3-1-2-4-5-3	2-1-3-3-3-3-6-2-1-2-5-1	2-0-4-1-4-5-0-1-4-2-2-3	0-1-3-3-1-1-1-3-1-3-0-1	0-1-5-3-0-3-0-0-0-1-1-1	5-1-1-3-0-0-1-0-5-0-5-5
42	3	3-2-3-2-2-3-3-2-3-3-3-4	3-2-2-1-5-4-4-1-4-2-4-4	4-4-7-1-3-4-4-5-4-1-2-4	4-4-2-1-1-1-4-1-2-2-2-3	1-5-2-3-5-2-4-4-2-7-3-3	2-1-2-4-4-5-4-1-2-2-2-4	4-1-1-5-4-3-5-4-2-2-4-2	2-3-6-2-2-4-4-1-1-3-4-4	5-4-5-4-1-4-5-4-2-3-1-2	4-8-2-2-8-4-2-2-4-5-4-1	5-1-4-2-4-4-5-4-5-4-4-5	4-1-4-2-5-5-1-3-6-4-1-1
42	4	4-4-4-4-5-4-4-4-3-3-3-3	3-5-4-3-5-3-3-5-3-5-3-3	7-3-5-6-1-5-5-5-3-5-5-5	3-3-6-4-1-1-3-1-5-5-5-0	1-3-3-3-3-4-5-3-4-5-5-1	5-5-2-3-3-1-5-1-4-4-7-5	5-5-4-3-3-4-3-3-4-2-3-4	4-1-1-2-4-3-5-2-3-3-3-3	3-3-7-3-4-6-3-3-2-4-1-4	3-3-4-7-3-3-0-2-3-3-3-1	3-2-3-5-3-3-3-3-3-3-5-6	3-1-3-2-3-3-1-3-3-3-4-1
42	5	6-4-8-8-4-4-5-4-5-5-5-6	6-4-4-6-4-4-6-4-3-6-6-6	4-6-6-7-7-6-4-6-6-6-4-4	6-7-5-6-7-6-6-7-5-4-6-3	6-3-8-7-3-6-6-6-5-4-7-7	4-4-6-5-5-3-6-6-4-4-2-7	4-4-4-3-6-5-3-6-4-5-2-6	2-7-7-6-7-3-8-7-7-3-3-3	3-0-8-7-7-7-3-4-2-6-7-2	3-7-2-6-0-6-6-2-6-3-3-7	3-1-2-4-4-3-3-3-3-5-5-5	2-6-1-7-3-3-7-3-3-3-8-6
42	6	5-8-5-8-5-6-6-6-6-5-5-5	5-7-7-5-7-7-5-4-3-5-5-5	0-5-5-5-5-5-7-5-5-5-7-5	5-3-5-5-5-5-5-5-7-7-7-5	6-3-2-7-6-7-7-5-7-5-5-5	5-4-7-7-5-3-7-5-6-6-2-6	4-4-6-3-5-6-7-7-6-6-3-5	4-5-3-7-5-3-5-5-5-6-4-3	6-0-5-5-6-4-3-3-7-5-5-2	3-3-6-5-7-5-5-6-5-3-3-5	3-1-7-4-3-3-3-3-3-5-5-4	7-5-3-3-3-3-5-3-3-3-4-5
42	7	8-6-5-7-4-8-8-8-8-7-7-8	5-6-6-5-7-6-5-6-8-5-6-8	8-5-8-5-5-5-6-8-5-5-6-5	5-7-6-5-5-5-8-5-6-6-6-8	5-3-8-6-7-6-8-7-6-7-5-5	8-6-6-8-7-3-6-5-7-7-6-5	8-4-4-3-5-7-6-6-7-7-1-4	7-5-5-6-5-3-7-5-5-3-3-3	7-7-6-5-5-5-3-3-8-4-5-6	3-5-6-4-6-5-6-6-8-6-3-5	6-7-6-7-7-8-7-3-3-5-7-7	6-8-8-5-6-7-5-3-3-3-4-5
42	8	8-6-8-5-8-7-7-8-7-7-5-7	7-6-8-5-8-8-5-8-8-8-7-7	8-8-8-5-8-8-8-7-8-8-7-8	7-8-8-8-8-8-7-8-7-8-8-7	1-3-8-8-8-8-7-8-8-8-5-8	8-8-8-7-8-3-7-8-8-8-8-8	7-8-8-8-8-8-8-7-8-5-3-8	8-6-8-7-8-8-5-5-1-6-3-8	5-7-5-5-5-8-3-3-7-6-6-5	3-3-6-7-3-5-8-6-7-8-7-8	3-1-2-7-5-7-3-3-3-3-8-8	8-7-7-6-6-8-8-3-3-8-5-5
43	0	0-0-0-0-0-0-0-0-0-0-0-0	0-0-0-0-0-0-0-0-0-0-0-0	0-0-0-0-0-0-0-0-0-0-0-0	0-0-0-0-0-0-0-0-0-0-0-0	0-0-0-0-0-0-0-0-0-0-0-0	0-0-0-0-0-0-0-0-0-0-0-0	0-0-0-0-0-0-0-0-0-0-0-0	0-0-0-0-0-0-0-0-0-0-0-0	0-0-0-0-0-0-0-0-0-0-0-0	0-0-0-0-0-0-0-0-0-0-0-0	0-0-0-0-0-0-0-0-0-0-0-0	0-0-0-0-0-0-0-0-0-0-0-0
43	1	1-1-1-1-1-0-1-0-1-1-1-2	1-0-0-2-0-1-1-0-2-1-2-2	3-2-3-2-1-1-2-1-0-0-2-0	2-2-2-2-1-2-0-1-0-0-0-3	0-0-0-3-3-0-2-2-0-0-2-2	2-2-0-2-3-2-0-2-0-0-0-0	0-0-0-0-2-0-0-2-0-0-4-0	1-0-1-2-0-2-2-3-1-3-3-3	0-3-2-2-1-1-3-2-1-1-1-1	2-3-1-2-1-2-2-0-2-3-1-1	3-2-1-0-0-1-2-0-0-0-0-1	0-1-1-1-3-7-1-3-1-2-1-0
43	2	2-3-2-3-2-2-2-2-2-2-2-3	1-3-3-1-0-3-1-3-1-2-1-1	2-1-1-1-0-1-3-3-3-2-3-1	1-1-3-1-2-1-3-1-3-3-3-1	3-3-0-1-1-2-3-1-3-1-1-1	1-1-0-1-1-1-3-1-3-2-0-3	3-2-0-0-1-0-2-1-2-3-2-3	2-0-2-2-2-1-3-1-1-2-1-1	5-1-1-1-2-2-5-1-2-2-2-1	1-5-0-3-2-1-3-3-1-1-1-2	5-1-3-2-2-2-1-0-2-2-1-3	3-2-6-2-2-2-0-1-1-1-1-0
43	3	3-2-3-2-3-3-3-3-3-3-4-4	4-2-2-4-0-2-4-4-4-2-4-4	1-5-4-5-4-3-4-2-4-4-2-4	4-1-4-4-4-4-2-5-3-2-4-5	4-2-5-8-1-2-4-4-2-3-4-4	4-5-4-3-3-4-4-4-2-3-0-5	4-4-0-3-4-3-2-4-2-3-7-4	2-5-3-4-3-1-2-1-4-2-1-1	3-1-2-4-5-0-1-5-2-5-4-4	4-3-3-2-4-5-4-2-4-1-4-5	1-3-2-5-0-3-1-3-2-3-4-2	2-4-3-6-4-5-4-1-5-3-3-3
43	4	4-5-4-4-4-4-4-4-4-4-3-5	3-5-5-3-4-5-3-5-3-3-3-3	5-3-3-3-3-5-3-5-5-5-5-3	3-3-3-3-3-3-7-3-5-5-5-3	3-3-6-3-4-3-5-3-5-4-3-3	3-4-5-3-4-3-5-3-4-4-6-3	3-3-4-5-3-4-5-3-4-4-1-3	4-3-3-3-3-5-7-5-3-6-1-4	4-1-2-3-4-4-2-3-4-4-3-3	3-4-4-6-3-3-3-4-3-4-4-4	1-4-7-2-8-3-1-4-4-3-3-4	6-3-3-4-3-4-3-1-1-6-7-7
43	5	5-4-5-6-4-4-5-5-5-5-6-4	5-4-4-5-6-4-6-4-6-2-6-6	7-3-8-3-5-6-4-6-4-4-4-5	5-5-6-3-3-6-7-3-4-4-4-7	3-8-4-3-7-4-4-5-4-5-5-4	6-3-4-5-5-8-4-5-2-4-0-3	5-3-5-4-6-5-4-6-2-4-9-4	5-3-3-3-3-6-4-4-3-5-6-7	7-7-7-3-3-1-2-3-4-5-3-6	7-7-3-6-7-3-4-2-6-7-7-3	7-3-5-3-5-7-7-7-7-3-4-5	5-3-3-2-7-3-3-6-7-7-4-3
43	6	7-9-7-5-7-7-7-7-7-7-7-7	7-7-7-5-7-7-5-7-8-7-7-7	6-5-7-7-7-7-7-7-7-7-7-7	7-5-7-8-3-5-7-8-7-8-7-5	8-8-4-3-6-6-7-6-7-7-8-6	6-7-7-6-5-7-7-8-7-6-4-6	9-7-6-6-7-7-4-7-7-7-9-6	6-3-6-6-3-7-4-7-6-4-5-5	6-5-9-3-8-8-7-6-7-6-3-5	6-6-8-8-4-6-4-8-5-5-5-7	9-9-6-8-7-9-5-5-5-6-7-7	7-6-8-9-5-6-7-8-5-4-4-9
43	7	6-6-6-9-6-6-6-6-6-6-6-6	6-6-6-8-6-6-9-6-6-6-8-6	5-8-6-6-6-6-8-6-6-6-8-6	6-5-6-6-8-8-6-8-6-6-8-5	8-6-8-3-5-8-8-8-6-6-6-8	8-6-8-3-5-6-8-6-6-4-0-6	8-8-6-6-6-6-4-6-6-6-8-7	6-8-3-8-8-6-9-9-9-5-8-5	5-5-8-8-9-6-6-8-6-8-8-4	9-5-6-6-8-8-6-6-5-5-5-6	5-6-4-6-6-6-5-5-5-6-6-5	6-7-6-8-5-6-6-5-5-5-8-6
43	8	6-6-6-7-6-6-6-6-6-6-6-9	6-6-6-7-6-6-6-7-6-6-7-6	5-7-5-6-7-6-7-6-6-6-7-6	7-8-8-6-7-7-6-7-6-6-7-5	7-6-7-3-8-7-9-7-8-6-6-7	7-6-7-6-5-5-7-6-6-6-0-8	7-7-6-8-8-8-4-6-8-6-7-6	6-7-3-7-7-6-4-7-8-5-7-8	8-5-7-8-6-6-8-8-6-7-7-4	8-7-6-6-7-7-6-6-9-5-5-6	7-6-6-6-9-6-5-5-5-8-6-8	4-9-6-7-5-8-6-6-7-4-7-6
43	9	9-6-7-7-6-6-6-9-6-6-6-8	6-6-9-5-9-6-7-7-9-9-7-7	9-8-9-6-9-7-8-8-8-9-6-9	8-9-6-9-9-9-8-9-8-9-9-5	7-5-9-9-9-9-8-9-9-6-7-7	6-9-9-7-9-6-9-9-9-9-9-9	6-9-9-9-6-9-9-9-9-9-6-6	9-9-3-8-9-8-7-7-7-6-6-6	8-6-6-8-7-9-9-8-9-6-7-0	7-5-9-9-9-8-9-6-8-9-6-9	6-6-9-9-8-6-5-5-6-8-9-8	6-8-6-6-5-9-9-6-9-9-4-6
44	0	0-0-0-0-0-0-0-0-0-0-0-0	0-0-0-0-0-0-0-0-0-0-0-0	0-0-0-0-0-0-0-0-0-0-0-0	0-0-0-0-0-0-0-0-0-0-0-0	0-0-0-0-0-0-0-0-0-0-0-0	0-0-0-0-0-0-0-0-0-0-0-0	0-0-0-0-0-0-0-0-0-0-0-0	0-0-0-0-0-0-0-0-0-0-0-0	0-0-0-0-0-0-0-0-0-0-0-0	0-0-0-0-0-0-0-0-0-0-0-0	0-0-0-0-0-0-0-0-0-0-0-0	0-0-0-0-0-0-0-0-0-0-0-0
44	1	1-1-1-1-1-1-1-1-1-0-1-1	0-2-1-0-0-1-0-2-0-0-0-0	1-0-0-1-1-0-2-0-2-0-2-1	0-0-0-0-0-0-0-0-2-1-2-1	1-0-0-0-0-1-2-0-1-0-0-0	0-0-0-0-0-0-2-0-4-1-1-0	2-2-1-0-2-1-0-0-1-1-0-0	1-1-0-0-1-0-0-2-0-1-0-0	1-0-0-0-0-2-0-2-2-0-1-9	0-1-1-0-0-0-2-1-0-0-0-1	2-0-0-0-2-0-0-0-0-0-1-1	2-1-0-1-3-1-0-0-0-0-0-0
44	2	2-1-2-2-1-1-2-2-2-2-2-3	3-1-1-2-2-1-3-3-0-2-0-3	3-3-0-3-3-3-3-0-1-3-1-3	3-0-2-3-3-3-1-4-1-2-4-3	3-0-2-6-3-3-3-3-1-0-9-3	2-4-3-2-2-3-3-3-1-1-0-3	3-1-1-0-3-0-3-3-4-4-2-3	0-4-4-3-4-3-0-9-2-1-2-0	2-0-3-3-4-1-0-3-1-2-2-2	0-3-1-3-3-2-1-1-3-0-0-2	1-2-0-0-1-2-0-0-1-3-3-2	1-3-2-1-1-2-4-0-2-0-2-2
44	3	2-3-3-3-4-3-3-3-3-3-3-2	2-4-4-2-2-4-2-2-4-3-0-2	2-2-0-2-2-2-4-4-4-2-4-4	2-3-2-2-2-2-2-2-4-4-3-2	4-0-2-2-2-2-4-2-3-3-2-2	2-2-4-0-3-2-4-2-3-3-3-3	2-2-4-0-2-3-4-2-3-3-2-2	7-2-2-2-2-4-6-2-2-5-0-0	3-0-2-2-3-2-3-2-4-2-4-3	4-2-3-2-2-2-4-4-2-4-2-2	3-4-0-0-9-2-3-4-1-2-2-1	0-2-2-3-1-5-2-0-2-4-5-2
44	4	5-3-3-4-3-3-4-4-5-4-2-5	4-3-3-2-2-3-5-3-5-4-5-5	8-5-5-2-4-5-3-5-5-2-3-5	4-6-5-2-2-5-7-2-3-3-3-6	3-6-2-2-6-3-3-5-4-4-8-4	3-2-3-4-4-9-3-2-1-3-3-2	4-1-3-7-5-4-3-5-3-2-6-3	3-2-6-3-2-7-5-2-3-4-4-8	4-6-3-2-2-4-4-5-3-4-3-3	6-2-1-5-6-2-3-3-6-6-4-2	6-3-0-0-1-2-7-6-5-2-2-4	0-2-4-3-7-3-2-6-9-8-3-2
44	5	7-6-6-7-6-6-7-6-6-9-6-7	7-6-5-4-6-7-4-6-6-6-6-6	6-6-7-7-6-6-5-6-7-6-7-6	6-5-6-7-2-4-6-6-6-6-5-6	9-5-5-7-5-5-6-5-6-6-8-5	5-6-6-6-6-6-6-6-6-5-1-5	9-7-6-5-6-6-8-6-5-8-9-5	5-2-4-5-5-8-7-6-2-5-6-4	5-4-6-6-5-6-8-4-6-5-2-5	4-9-5-6-5-2-6-8-4-8-4-2	9-6-5-7-9-9-4-4-6-9-6-5	7-6-6-6-6-8-6-4-9-5-5-9
44	6	5-5-5-5-5-5-5-5-5-5-5-5	5-5-5-8-5-5-7-5-5-5-5-5	5-8-5-5-8-5-7-5-5-5-5-5	8-4-5-5-8-8-5-8-5-5-6-5	8-5-7-2-4-6-7-7-5-5-5-8	5-7-8-7-5-5-7-5-5-3-0-7	7-5-5-5-7-5-5-5-5-5-4-7	5-6-4-7-8-5-9-8-2-5-5-4	4-4-5-7-6-5-4-7-5-7-6-3	4-8-6-5-6-7-7-5-4-4-8-2	4-5-4-5-5-5-4-4-5-8-5-8	5-5-7-8-5-5-7-4-6-7-6-5
44	7	5-9-5-5-5-5-5-5-5-5-5-5	5-8-8-6-5-5-6-5-5-5-6-5	4-6-5-5-6-5-8-5-5-5-8-6	6-5-5-5-6-6-8-2-8-5-8-5	6-5-6-8-4-8-8-6-8-7-5-6	5-6-6-6-4-5-6-6-5-7-3-6	6-5-5-4-6-7-8-8-5-8-4-6	5-7-4-8-6-4-8-6-2-7-8-4	7-4-5-8-7-5-8-6-5-6-6-7	4-6-7-5-8-6-8-6-8-4-4-2	8-6-8-5-5-5-4-4-5-6-6-7	5-6-6-6-5-5-6-4-5-6-8-5
44	8	5-9-5-5-5-9-5-5-5-5-5-9	5-7-7-6-5-5-6-7-5-5-7-9	4-6-9-5-6-5-7-5-5-8-7-6	6-6-8-5-6-6-9-6-7-5-7-9	6-4-8-7-4-7-7-6-7-8-5-6	5-6-6-6-8-5-7-6-8-8-3-6	9-5-5-8-9-8-7-7-5-7-6-6	8-7-4-7-6-5-7-6-2-5-7-4	8-8-7-7-8-5-5-7-9-8-6-3	4-6-7-5-7-6-7-5-9-5-6-2	7-8-7-9-8-5-4-5-8-6-8-6	7-6-8-6-7-5-5-4-6-4-7-5
44	9	9-7-5-7-9-8-5-9-5-5-5-8	5-5-9-6-9-5-6-9-9-9-7-8	9-9-9-5-9-6-9-5-5-9-8-9	7-9-9-9-9-9-8-9-8-9-9-8	5-5-9-9-9-9-8-9-9-9-2-9	5-9-9-8-9-4-8-9-9-9-3-6	8-9-9-9-5-7-9-8-9-9-5-8	9-7-9-8-9-5-9-2-2-9-5-5	8-8-9-9-2-9-9-6-8-5-7-1	4-5-7-5-9-2-9-5-8-9-5-9	5-5-7-7-5-5-4-4-5-5-9-9	5-5-8-5-5-9-9-5-9-9-5-5
45	0	0-0-0-0-0-0-0-0-0-0-0-0	0-0-0-0-0-0-0-0-0-0-0-0	0-0-0-0-0-0-0-0-0-0-0-0	0-0-0-0-0-0-0-0-0-0-0-0	0-0-0-0-0-0-0-0-0-0-0-0	0-0-0-0-0-0-0-0-0-0-0-0	0-0-0-0-0-0-0-0-0-0-0-0	0-0-0-0-0-0-0-0-0-0-0-0	0-0-0-0-0-0-0-0-0-0-0-0	0-0-0-0-0-0-0-0-0-0-0-0	0-0-0-0-0-0-0-0-0-0-0-0	0-0-0-0-0-0-0-0-0-0-0-0
45	1	1-1-1-1-1-1-1-1-1-1-1-1	0-0-1-0-0-0-0-2-1-1-0-0	1-0-0-1-1-0-2-0-2-0-2-2	0-0-1-0-0-0-2-1-2-1-2-0	2-0-0-0-0-2-2-0-1-0-4-0	0-2-0-0-0-0-2-0-2-1-0-0	2-2-1-0-0-1-0-0-1-1-0-0	1-1-1-0-1-0-2-0-0-1-0-0	1-0-0-0-0-0-1-0-2-1-0-0	0-0-1-0-0-2-0-1-0-0-0-1	0-0-0-1-0-0-0-0-0-0-0-1	0-0-0-1-0-1-0-0-0-0-1-1
45	2	2-2-2-1-1-2-2-1-2-2-2-3	3-3-1-4-0-3-3-1-4-3-3-3	4-3-0-3-3-3-3-3-1-3-1-3	3-3-2-3-3-3-3-2-3-1-1-4	4-1-3-3-3-1-3-3-2-1-8-4	3-3-3-2-2-4-3-4-1-2-0-4	1-1-2-0-3-0-3-3-2-2-7-3	1-4-2-3-3-1-3-8-2-0-2-0	0-0-3-3-8-3-0-3-1-2-2-2	0-4-0-0-3-4-3-1-3-0-0-2	0-3-0-1-0-2-0-0-0-2-3-2	0-3-2-2-0-4-2-0-0-3-2-2
45	3	3-3-3-3-3-3-3-3-3-2-3-2	2-4-3-2-3-3-2-4-2-2-2-4	1-2-3-2-2-2-4-4-4-2-4-2	2-2-2-2-2-2-4-2-4-5-4-0	2-0-2-3-2-4-4-2-3-3-2-2	2-2-4-2-3-2-2-3-1-3-7-3	5-1-3-3-2-3-3-2-3-3-4-2	3-2-4-4-2-0-6-2-2-3-5-0	4-0-4-2-3-2-7-2-4-2-2-4	0-0-3-4-4-2-2-1-2-3-4-2	0-4-0-3-5-2-3-0-0-2-2-2	7-2-2-4-4-5-2-0-5-2-7-4
45	4	4-3-2-4-3-4-3-4-4-4-4-4	2-3-3-2-4-4-2-3-2-2-5-3	2-5-5-4-2-2-3-5-3-5-3-4	5-5-5-2-2-2-3-2-5-7-3-2	2-0-2-5-5-3-3-4-6-4-5-2	2-4-3-2-4-2-5-2-6-4-3-2	3-1-3-4-2-3-4-5-4-3-3-2	4-2-3-3-2-4-3-2-4-5-2-0	4-0-3-2-4-4-6-5-7-7-2-3	3-4-0-5-3-2-5-5-2-0-3-2	5-4-4-7-5-5-3-0-3-4-5-4	0-4-4-3-3-4-2-0-4-5-3-3
45	5	6-5-6-8-6-6-6-5-6-6-5-8	6-3-3-6-6-6-6-5-6-6-4-6	5-4-6-6-5-6-5-5-6-4-5-5	6-6-6-5-5-6-6-7-4-3-6-5	5-6-6-4-4-3-6-5-4-5-5-5	5-4-4-7-4-8-4-8-1-3-3-6	3-5-3-5-5-5-3-4-4-3-4-6	5-5-1-3-2-7-6-5-6-6-5-0	0-7-5-2-7-5-3-7-4-5-8-4	8-2-7-4-4-8-4-4-7-6-7-2	4-6-6-4-6-6-7-6-7-4-4-5	8-4-5-7-7-4-5-4-3-4-3-6
45	6	5-6-5-7-7-5-8-5-8-5-5-7	5-3-7-5-5-5-5-6-7-5-7-7	6-7-7-7-7-5-7-6-7-7-8-7	7-7-5-7-7-7-7-7-7-5-7-6	7-5-7-7-5-7-7-7-4-5-7-7	7-6-7-5-4-5-7-7-4-6-3-7	5-7-6-3-6-8-4-7-6-8-7-5	4-7-8-7-7-5-3-7-7-5-7-8	8-5-5-6-7-6-3-4-4-5-7-4	8-7-5-5-7-7-7-5-5-5-3-7	7-5-5-5-5-5-6-5-7-7-6-6	7-7-6-5-7-4-7-7-7-4-3-7
45	7	6-6-5-6-6-6-5-5-6-6-6-6	6-3-6-5-5-6-6-5-6-6-6-6	8-6-6-6-6-7-6-6-6-6-6-6	6-6-7-6-6-6-6-6-6-4-6-6	6-5-6-6-7-6-8-6-7-7-6-6	6-6-6-5-4-8-6-6-7-7-3-6	8-6-3-7-7-7-4-6-7-6-6-6	7-6-2-6-6-5-8-6-7-5-6-7	7-5-7-7-6-6-3-5-4-4-6-4	7-6-5-5-6-8-6-8-5-5-5-6	6-7-7-4-6-8-5-5-5-6-7-7	3-6-5-5-5-7-6-6-6-4-3-6
45	8	8-7-5-5-8-6-6-8-6-6-6-5	5-8-8-5-8-6-5-6-6-8-6-6	8-8-6-6-8-7-6-7-6-8-6-8	7-8-8-8-8-8-7-8-8-8-8-6	6-5-8-8-8-8-7-8-8-8-6-6	6-8-8-7-8-5-8-8-8-8-8-8	7-8-8-8-7-8-8-8-8-6-6-7	8-8-8-7-8-5-7-2-7-5-7-6	7-8-8-7-6-8-8-7-4-8-5-8	6-8-8-8-8-7-6-8-5-8-3-8	8-8-8-8-7-7-8-5-8-7-8-8	5-4-4-3-3-8-8-8-8-8-5-8
46	0	0-0-0-0-0-0-0-0-0-0-0-0	0-0-0-0-0-0-0-0-0-0-0-0	0-0-0-0-0-0-0-0-0-0-0-0	0-0-0-0-0-0-0-0-0-0-0-0	0-0-0-0-0-0-0-0-0-0-0-0	0-0-0-0-0-0-0-0-0-0-0-0	0-0-0-0-0-0-0-0-0-0-0-0	0-0-0-0-0-0-0-0-0-0-0-0	0-0-0-0-0-0-0-0-0-0-0-0	0-0-0-0-0-0-0-0-0-0-0-0	0-0-0-0-0-0-0-0-0-0-0-0	0-0-0-0-0-0-0-0-0-0-0-0
46	1	1-1-1-1-1-1-1-1-1-1-1-1	0-0-0-1-0-1-2-2-0-1-0-2	0-0-0-4-2-0-2-2-0-2-1-2	2-0-0-2-2-2-0-2-1-0-1-1	1-0-1-2-0-1-2-2-0-0-2-2	2-2-2-1-1-3-2-1-0-1-0-0	2-2-1-0-2-0-2-2-1-1-5-2	0-3-5-2-1-0-2-2-1-0-0-0	1-0-0-2-3-1-0-3-0-1-1-2	2-2-0-0-2-1-1-0-2-0-1-1	5-3-0-0-6-1-0-1-5-1-2-0	2-1-1-0-1-1-2-0-1-1-1-3
46	2	2-3-2-2-2-2-2-2-2-2-2-3	0-3-3-1-0-2-1-3-3-3-1-1	3-1-1-2-1-4-3-3-0-1-3-3	1-3-3-1-1-1-0-1-3-2-3-2	1-0-0-1-1-1-3-1-2-2-1-1	1-1-3-0-4-1-3-2-2-2-3-2	1-1-2-3-1-2-3-1-2-2-3-1	2-0-2-1-1-3-5-1-2-3-0-2	2-0-3-1-0-1-2-1-4-2-1-2	3-3-2-3-1-3-4-3-1-3-6-2	3-1-2-4-3-1-0-5-3-1-3-2	3-1-1-3-5-1-1-2-1-1-4-1
46	3	4-2-3-3-2-2-3-3-3-3-2-5	3-2-2-1-0-3-3-2-4-2-3-4	5-3-5-0-3-4-2-2-4-3-2-2	4-3-4-4-1-1-4-0-2-2-2-6	1-4-0-4-4-3-4-3-2-3-3-3	2-4-2-3-2-6-2-1-2-2-2-1	2-1-2-2-3-3-4-4-2-2-4-2	4-1-4-1-1-4-4-2-4-4-4-4	4-4-3-1-1-3-4-4-6-3-1-4	4-4-2-2-4-2-2-2-4-2-4-1	4-1-4-6-4-4-4-4-4-1-2-3	4-4-3-2-4-4-3-4-4-4-1-1
46	4	4-5-6-6-4-2-4-4-4-4-4-4	3-2-2-5-4-5-3-5-3-5-5-5	5-5-6-5-5-6-5-5-6-5-4-5	5-3-3-5-5-5-6-5-5-5-5-1	5-3-5-5-3-4-5-5-4-4-6-5	5-4-5-4-2-3-5-4-2-4-4-5	4-5-5-3-4-4-3-6-4-6-3-4	3-5-3-5-5-3-3-5-3-3-3-3	3-3-3-5-5-5-3-5-2-5-5-3	3-5-4-6-3-5-5-4-3-3-3-5	3-5-3-2-3-3-3-3-3-1-4-4	3-3-3-4-3-3-5-3-3-3-2-4
46	5	4-6-4-4-5-6-6-6-6-5-4-3	3-3-2-4-4-6-3-4-6-4-4-4	3-4-3-4-4-5-4-4-6-4-5-4	4-5-5-4-4-4-6-4-4-4-4-3	4-3-4-4-5-4-4-4-5-5-4-4	4-5-4-4-3-1-4-4-5-5-0-5	6-4-5-6-6-4-3-4-5-4-4-4	5-4-1-4-4-5-2-4-6-5-4-5	5-5-5-4-4-4-5-4-5-4-4-4	6-4-5-2-5-4-4-6-0-5-3-4	1-5-3-6-6-6-3-2-6-1-2-5	5-6-5-5-2-5-4-5-5-1-4-1
46	6	6-5-4-4-6-5-5-6-5-4-5-6	3-6-6-3-6-5-4-4-6-6-4-4	6-6-6-4-6-6-5-6-5-6-6-6	6-6-6-6-6-4-5-6-6-6-6-3	4-3-6-6-6-6-5-6-6-6-4-3	5-6-6-6-6-3-6-6-6-6-6-6	5-6-6-6-5-6-6-4-6-6-6-4	6-4-1-5-6-5-6-1-5-3-5-5	5-5-6-6-4-6-6-5-6-4-4-6	5-3-6-6-6-4-6-5-6-6-6-6	3-1-2-6-1-5-3-3-3-5-6-6	5-5-3-2-3-6-6-3-6-6-5-6
47	0	0-0-0-0-0-0-0-0-0-0-0-0	0-0-0-0-0-0-0-0-0-0-0-0	0-0-0-0-0-0-0-0-0-0-0-0	0-0-0-0-0-0-0-0-0-0-0-0	0-0-0-0-0-0-0-0-0-0-0-0	0-0-0-0-0-0-0-0-0-0-0-0	0-0-0-0-0-0-0-0-0-0-0-0	0-0-0-0-0-0-0-0-0-0-0-0	0-0-0-0-0-0-0-0-0-0-0-0	0-0-0-0-0-0-0-0-0-0-0-0	0-0-0-0-0-0-0-0-0-0-0-0	0-0-0-0-0-0-0-0-0-0-0-0
47	1	1-1-1-1-1-1-1-1-1-1-0-1	1-2-0-1-0-1-0-2-0-1-2-2	0-3-0-5-2-2-2-0-0-2-2-2	2-0-0-2-2-2-0-1-2-1-1-0	1-0-1-4-2-2-2-2-1-0-0-2	2-0-2-0-0-3-2-3-1-1-3-0	3-3-3-0-2-1-0-2-1-1-0-2	1-3-1-2-3-1-1-8-1-0-0-0	1-0-2-2-3-0-0-3-1-1-4-1	0-2-0-0-1-1-0-3-2-0-2-3	0-1-0-1-2-1-0-1-1-4-1-0	1-1-1-1-0-1-2-0-1-2-1-1
47	2	3-1-1-2-2-2-2-2-2-2-2-3	1-3-2-1-0-3-0-3-3-1-1-1	4-1-2-2-1-1-3-1-0-1-3-1	1-2-3-1-1-1-3-1-3-3-3-2	1-2-2-3-1-1-3-1-3-2-0-1	1-5-4-0-2-1-3-0-2-2-5-2	1-1-2-2-1-2-5-1-2-2-0-1	2-5-1-4-1-3-1-6-2-2-5-0	2-0-1-1-2-2-4-1-5-2-2-3	3-1-2-7-3-1-3-7-1-3-1-1	5-1-0-3-1-1-3-0-3-1-1-2	7-1-1-3-2-1-1-0-1-1-1-1
47	3	4-3-4-3-3-3-3-2-3-3-3-4	3-2-2-1-3-2-4-2-2-4-4-5	5-4-5-1-3-2-4-4-4-4-2-4	4-4-4-1-1-4-4-1-2-2-4-4	3-4-3-5-5-1-4-5-2-5-3-4	1-4-2-4-5-1-4-1-1-2-1-4	1-1-1-4-4-3-2-4-3-2-3-1	3-1-6-2-1-4-1-1-1-3-3-6	5-5-4-4-1-3-6-1-7-3-2-2	6-1-2-2-2-1-2-1-4-5-6-1	4-1-3-2-3-2-5-6-6-1-1-3	5-1-4-2-4-1-1-7-4-6-1-1
47	4	3-5-3-8-5-4-4-4-4-4-3-3	3-5-5-3-6-5-3-5-5-5-3-3	2-3-5-4-1-5-5-3-5-3-5-3	3-3-5-1-1-3-3-1-5-4-3-3	5-3-7-1-3-4-5-3-5-2-5-3	8-3-2-3-3-1-5-7-5-4-2-3	3-5-6-3-3-4-2-3-4-4-3-7	4-1-3-2-1-3-7-2-1-4-3-3	2-3-3-3-2-4-2-3-3-7-1-4	3-1-4-5-2-1-2-3-3-3-3-1	3-6-4-3-5-0-3-4-3-1-6-2	4-1-3-8-3-7-5-3-3-3-2-1
47	5	6-4-5-6-4-4-5-7-5-5-6-6	6-4-4-6-4-4-3-4-6-6-3-3	3-6-3-7-7-6-6-6-4-6-4-6	6-3-6-7-7-6-3-7-4-4-6-3	7-3-6-7-3-4-6-6-4-3-7-6	4-6-6-5-3-1-6-6-4-2-2-6	7-4-4-3-6-5-2-4-4-2-7-6	4-6-3-6-6-3-8-7-5-3-5-3	3-3-6-6-7-5-3-8-2-4-7-3	3-7-2-4-6-6-0-2-6-3-7-1	2-6-0-1-4-3-3-5-7-6-4-3	8-6-3-7-3-4-4-3-1-3-1-1
47	6	5-8-5-5-6-6-6-6-6-6-5-5	5-7-6-5-4-6-5-7-5-5-5-5	7-5-5-6-5-5-7-7-7-5-7-5	5-3-5-5-5-5-7-5-7-4-7-3	5-3-5-3-3-7-7-5-6-6-5-5	7-7-5-5-3-3-5-6-6-6-7-5	7-4-7-3-5-8-7-5-4-6-3-5	3-5-3-5-5-3-4-5-5-6-3-3	3-3-5-5-6-4-3-6-3-5-5-3	3-5-6-7-5-5-5-1-5-6-3-1	7-5-8-6-8-1-3-3-3-5-4-6	7-5-3-7-3-3-5-3-7-3-7-5
47	7	8-6-5-5-6-8-8-5-8-7-7-8	8-6-6-5-7-8-3-6-8-7-8-8	6-7-3-5-5-7-6-6-8-7-6-5	5-7-7-5-5-5-6-5-6-4-6-3	5-3-6-5-7-6-6-5-7-7-5-5	6-6-6-7-3-8-6-4-7-6-6-5	6-4-6-3-8-7-6-8-7-8-5-4	7-7-3-5-5-7-4-5-5-3-6-7	7-3-5-5-5-4-3-7-3-4-5-2	8-7-7-2-6-1-2-2-8-6-6-1	6-7-7-4-8-8-3-3-6-7-7-7	6-5-7-6-3-7-4-3-6-3-6-1
47	8	8-6-8-4-8-8-7-8-7-7-7-7	7-6-8-3-8-8-7-8-7-8-7-7	8-8-8-7-8-8-7-7-7-8-8-8	7-8-8-8-8-8-7-8-7-8-8-7	5-8-8-8-8-8-7-8-8-8-1-8	7-8-8-7-8-3-8-8-8-8-8-8	7-8-8-8-7-8-8-8-8-8-3-8	8-7-8-7-8-3-5-1-7-7-8-6	7-3-8-7-1-8-8-7-8-6-6-8	7-3-2-8-8-7-8-7-7-8-6-8	6-8-8-3-7-7-3-3-3-7-8-8	8-7-7-4-3-8-8-3-8-8-7-8
48	0	0-0-0-0-0-0-0-0-0-0-0-0	0-0-0-0-0-0-0-0-0-0-0-0	0-0-0-0-0-0-0-0-0-0-0-0	0-0-0-0-0-0-0-0-0-0-0-0	0-0-0-0-0-0-0-0-0-0-0-0	0-0-0-0-0-0-0-0-0-0-0-0	0-0-0-0-0-0-0-0-0-0-0-0	0-0-0-0-0-0-0-0-0-0-0-0	0-0-0-0-0-0-0-0-0-0-0-0	0-0-0-0-0-0-0-0-0-0-0-0	0-0-0-0-0-0-0-0-0-0-0-0	0-0-0-0-0-0-0-0-0-0-0-0
48	1	1-1-1-1-1-1-1-1-1-1-1-1	2-1-1-1-0-0-0-1-0-1-0-0	2-3-0-2-2-3-2-1-0-2-0-2	2-0-1-3-2-2-0-3-1-0-1-0	1-0-1-0-2-1-2-2-0-1-1-2	3-0-2-0-1-2-2-3-1-1-0-2	3-3-1-0-2-0-1-2-1-1-0-2	1-3-3-2-3-0-1-3-1-1-0-0	0-0-2-3-3-0-0-3-2-1-3-1	3-3-0-2-2-3-2-1-2-1-0-3	0-3-0-1-0-1-0-0-0-2-1-1	0-1-1-0-0-1-3-0-1-1-1-3
48	2	2-3-2-2-2-2-2-2-2-2-2-2	1-3-2-1-0-3-0-3-3-2-3-3	3-2-4-1-1-1-3-3-3-1-3-3	1-2-3-1-1-1-0-1-3-3-1-0	2-0-4-2-1-1-3-1-3-2-1-1	1-0-1-0-0-1-3-1-2-2-4-1	5-1-2-5-1-2-3-1-2-2-3-1	2-3-0-1-2-3-4-3-2-2-0-2	4-0-1-1-2-0-5-1-3-2-2-2	0-1-2-3-1-2-1-2-1-3-0-1	3-1-6-2-6-1-0-3-0-1-1-1	0-1-1-4-0-1-1-0-5-1-2-1
48	3	3-2-3-2-3-3-3-3-3-3-3-2	3-2-2-1-4-2-4-2-2-3-2-4	5-4-4-1-3-1-2-5-2-1-2-3	4-3-4-1-1-1-0-1-2-2-4-3	1-6-3-3-5-2-2-3-2-2-3-1	1-4-1-0-3-1-2-1-2-2-2-3	1-1-2-3-4-3-2-4-3-1-2-1	3-1-4-2-1-2-2-1-4-3-4-3	4-5-4-1-1-4-4-1-2-3-1-3	4-1-3-4-3-1-0-2-4-4-5-1	4-1-3-2-3-5-5-4-6-1-4-3	0-1-6-3-4-3-1-5-1-5-2-1
48	4	5-4-5-5-5-5-6-5-6-5-5-4	4-2-2-5-5-5-3-4-5-5-5-5	4-5-5-5-5-5-5-4-5-5-4-5	5-3-3-5-5-5-5-5-5-3-5-4	5-3-5-5-4-5-5-5-3-4-5-5	5-3-5-5-3-5-5-5-2-4-2-3	2-4-4-6-3-0-5-3-4-5-5-5	1-5-3-5-5-4-2-5-3-3-5-3	3-3-3-4-5-3-3-5-2-3-5-3	5-5-4-3-5-4-4-5-3-3-3-5	3-5-3-2-5-3-3-3-3-5-4-4	6-5-4-2-3-3-4-3-2-3-2-6
48	5	4-4-4-4-4-4-4-4-4-4-4-4	4-2-2-4-4-4-4-4-4-4-4-4	3-4-4-4-4-5-4-6-4-4-4-4	4-4-5-4-4-4-4-4-4-4-4-4	4-3-4-4-5-4-6-4-5-5-4-4	4-5-4-4-3-6-4-4-5-5-2-5	2-1-2-2-6-5-4-6-5-4-4-4	5-4-1-4-4-6-6-4-6-3-4-3	5-3-5-5-4-3-2-6-3-4-4-3	5-4-5-4-4-1-4-6-6-5-3-4	3-4-3-2-4-3-3-3-0-6-5-5	4-4-6-5-3-5-4-3-2-3-4-1
48	6	6-5-4-4-6-6-4-6-4-4-4-5	4-6-6-4-6-4-3-6-4-6-4-5	3-6-6-4-6-5-4-5-5-6-4-6	5-6-6-6-6-6-5-6-6-6-6-3	4-3-6-6-6-6-5-6-6-6-4-4	4-6-4-5-6-6-6-6-6-6-6-5	5-6-6-6-5-6-6-6-6-6-4-4	6-4-6-5-6-5-5-1-5-3-4-4	5-3-6-5-4-6-2-5-6-2-5-1	5-3-6-6-6-5-4-5-6-6-3-6	3-6-4-4-2-3-3-3-3-5-6-6	6-5-3-2-0-6-6-3-6-6-2-4
49	0	0-0-0-0-0-0-0-0-0-0-0-0	0-0-0-0-0-0-0-0-0-0-0-0	0-0-0-0-0-0-0-0-0-0-0-0	0-0-0-0-0-0-0-0-0-0-0-0	0-0-0-0-0-0-0-0-0-0-0-0	0-0-0-0-0-0-0-0-0-0-0-0	0-0-0-0-0-0-0-0-0-0-0-0	0-0-0-0-0-0-0-0-0-0-0-0	0-0-0-0-0-0-0-0-0-0-0-0	0-0-0-0-0-0-0-0-0-0-0-0	0-0-0-0-0-0-0-0-0-0-0-0	0-0-0-0-0-0-0-0-0-0-0-0
49	1	1-2-2-2-1-1-1-2-1-1-1-1	1-2-1-0-3-2-2-2-2-2-2-1	1-2-1-2-2-2-2-2-0-2-2-2	2-0-2-2-1-0-2-2-2-2-1-2	2-2-1-4-1-1-2-1-1-5-3-1	2-2-2-1-0-2-1-0-2-1-4-2	4-2-3-1-2-1-0-3-1-1-4-4	1-0-3-2-1-2-1-2-1-1-2-3	1-1-7-1-2-8-2-2-2-1-1-4	3-1-2-7-1-2-4-1-2-1-2-1	4-9-4-2-2-2-1-1-1-1-8-1	1-1-2-1-1-1-1-1-4-1-4-1
49	2	1-1-1-1-1-1-1-1-1-1-1-1	1-1-1-2-1-1-1-1-1-1-3-1	1-3-1-6-5-1-1-1-3-1-1-1	3-0-1-1-3-3-1-1-3-1-4-1	1-1-9-6-0-3-3-3-1-1-1-5	1-1-6-2-2-1-3-2-1-1-5-4	5-4-1-0-3-2-2-3-1-2-5-3	1-4-4-3-5-1-9-6-2-1-1-0	4-0-3-4-4-5-1-3-1-2-5-1	1-5-1-1-3-4-3-1-3-1-1-4	0-4-1-1-1-1-1-0-4-2-4-2	1-4-1-5-0-2-4-0-2-2-2-4
49	3	1-4-1-1-1-3-1-3-1-1-1-1	2-4-4-2-1-1-2-4-1-1-2-1	2-2-1-1-4-1-4-5-2-2-4-4	2-3-4-1-2-2-1-1-4-5-4-1	3-1-2-1-3-4-4-2-5-1-1-2	1-1-4-2-3-2-4-3-3-3-3-2	1-2-1-9-2-3-5-2-0-3-0-2	1-2-1-2-2-1-6-0-2-1-1-1	1-0-2-2-3-1-1-4-1-3-2-3	1-2-1-2-2-2-5-4-2-4-1-2	0-1-0-4-0-1-1-0-1-2-1-1	1-2-1-5-1-5-2-1-2-7-5-2
49	4	5-3-5-8-1-5-1-4-4-4-1-1	5-3-3-5-1-1-5-6-5-5-5-5	6-5-6-2-3-1-3-5-5-7-3-4	5-5-6-5-2-2-5-2-3-3-3-8	2-6-1-5-6-3-5-5-4-4-1-9	5-5-3-5-8-7-3-2-1-1-1-2	1-2-3-5-5-4-3-5-4-2-7-1	1-2-6-2-2-5-2-2-6-4-5-6	6-6-5-2-2-7-6-5-1-4-2-7	5-9-1-3-5-2-1-3-5-5-7-2	6-2-6-3-7-6-6-7-7-2-2-4	7-2-5-4-5-6-2-5-7-5-1-2
49	5	4-5-4-5-6-4-5-5-1-4-5-1	4-3-3-4-7-1-4-4-4-4-4-4	4-4-4-1-2-4-6-4-7-8-6-6	4-4-4-4-2-2-4-1-6-7-6-4	2-4-5-4-4-6-6-4-6-1-1-2	6-4-2-4-4-2-6-8-3-5-2-5	8-5-6-4-4-5-3-4-5-5-2-1	1-2-2-6-2-4-8-2-4-5-4-4	5-4-6-4-3-2-4-4-6-4-2-4	4-2-5-6-4-2-3-1-4-4-4-2	4-7-4-8-4-4-4-4-4-2-1-5	4-5-4-6-4-3-2-4-4-4-3-2
49	6	8-4-7-7-5-4-7-8-8-6-6-7	7-5-5-7-5-7-7-4-4-7-4-7	4-8-8-2-7-9-7-8-7-7-5-7	7-4-4-8-7-8-4-8-5-5-7-4	8-4-7-2-4-5-7-7-5-7-7-6	7-7-7-8-4-4-7-7-5-5-0-8	7-6-5-4-7-6-3-7-5-5-4-8	6-2-4-7-7-4-3-8-6-4-6-4	4-4-5-7-8-4-4-9-5-6-6-5	4-8-1-5-6-6-8-9-7-4-4-2	4-6-4-3-6-4-4-4-4-7-7-7	4-7-6-8-4-4-2-4-8-4-2-2
49	7	4-8-6-6-7-7-7-6-4-6-6-6	6-8-7-6-5-6-4-8-4-6-4-6	8-6-6-6-6-6-8-8-8-6-8-8	6-4-4-6-6-6-8-6-8-5-8-4	6-4-6-4-4-8-8-6-7-7-6-6	6-6-6-6-4-4-6-7-7-7-8-7	8-6-8-8-6-9-8-6-7-7-4-6	7-7-4-6-6-4-5-2-6-5-6-4	7-4-5-6-7-4-8-4-9-6-6-4	4-6-7-1-4-8-8-2-6-4-4-2	4-6-4-9-4-4-4-4-4-6-6-6	4-6-4-6-4-4-2-4-4-4-8-8
49	8	9-7-6-6-7-9-8-6-9-8-8-9	9-7-7-6-5-9-6-7-9-8-4-9	9-6-6-9-6-8-7-7-9-8-7-7	6-8-8-6-6-6-7-6-7-5-7-4	6-4-7-1-4-7-7-6-8-8-6-8	9-6-6-6-4-9-7-5-8-7-7-6	9-2-7-7-7-8-7-7-8-5-6-6	8-7-4-9-6-8-5-6-9-4-7-4	8-4-5-8-6-1-7-8-1-6-7-0	9-6-8-5-9-6-7-3-9-6-8-2	4-8-4-3-5-1-4-4-4-8-1-8	7-6-8-6-8-8-2-4-7-4-7-2
49	9	9-7-9-6-9-9-8-9-8-8-8-8	8-7-9-6-9-9-6-9-9-9-8-8	9-8-9-9-9-6-8-8-8-9-9-9	8-9-9-9-9-9-8-9-8-9-9-8	9-4-9-9-9-9-8-9-9-9-6-4	9-9-9-6-9-9-9-9-9-9-9-9	8-9-9-9-8-7-9-9-9-9-8-6	9-7-9-8-9-9-2-2-8-4-5-4	8-4-9-8-2-9-9-8-7-9-9-9	8-4-9-9-8-8-9-6-8-9-4-9	4-1-9-7-1-1-4-4-4-8-9-8	9-8-8-5-4-9-9-4-9-9-8-1
50	0	0-0-0-0-0-0-0-0-0-0-0-0	0-0-0-0-0-0-0-0-0-0-0-0	0-0-0-0-0-0-0-0-0-0-0-0	0-0-0-0-0-0-0-0-0-0-0-0	0-0-0-0-0-0-0-0-0-0-0-0	0-0-0-0-0-0-0-0-0-0-0-0	0-0-0-0-0-0-0-0-0-0-0-0	0-0-0-0-0-0-0-0-0-0-0-0	0-0-0-0-0-0-0-0-0-0-0-0	0-0-0-0-0-0-0-0-0-0-0-0	0-0-0-0-0-0-0-0-0-0-0-0	0-0-0-0-0-0-0-0-0-0-0-0
50	1	1-1-1-2-1-1-1-0-1-1-1-1	1-0-0-1-0-1-1-2-2-1-0-2	1-2-2-0-2-1-2-0-0-0-0-1	2-2-2-0-0-2-0-4-0-0-0-4	0-1-4-0-8-0-2-2-0-0-0-1	0-4-0-1-0-1-0-0-0-0-0-2	3-0-0-2-0-4-0-0-0-1-0-0	0-0-0-0-2-2-0-0-3-1-3-1	0-1-2-0-0-0-2-3-0-1-0-1	0-0-1-2-0-0-1-0-2-8-0-1	3-0-2-0-1-1-2-3-0-1-0-1	1-0-1-3-0-1-1-1-1-1-1-1
50	2	2-2-2-2-2-2-2-4-2-1-1-2	2-0-0-2-0-3-1-1-1-2-3-1	1-4-1-3-3-3-1-3-0-3-2-3	3-1-1-3-3-3-0-3-3-0-2-1	6-1-1-3-1-2-3-3-1-2-0-3	3-3-4-3-0-3-3-5-2-0-0-3	1-5-0-1-3-0-4-3-0-2-3-3	2-5-2-3-5-1-4-8-1-1-1-0	0-1-3-3-4-7-1-4-3-2-5-2	3-5-0-7-3-2-3-4-3-1-0-5	5-4-1-4-1-1-1-1-0-2-3-2	1-3-2-5-2-3-2-1-2-2-2-4
50	3	3-3-3-3-6-3-3-3-3-3-3-3	2-4-4-2-0-4-1-5-4-3-2-3	4-2-4-2-2-2-4-4-4-2-4-2	2-3-1-2-2-2-0-2-5-3-4-1	2-1-1-3-2-2-4-2-4-2-0-2	2-2-5-2-5-2-2-2-3-3-8-2	1-2-4-4-2-3-5-2-3-0-2-2	3-4-2-2-2-4-6-4-4-3-8-4	0-1-2-2-3-2-1-5-2-3-2-3	2-2-3-5-2-3-2-3-2-3-9-2	6-2-3-3-2-2-1-1-0-2-2-3	1-2-1-1-6-4-2-3-2-2-3-5
50	4	4-3-5-4-4-4-4-6-4-4-3-5	4-3-3-5-4-3-5-4-6-5-5-5	6-5-5-2-4-5-5-5-5-5-3-4	5-5-5-5-2-5-5-1-3-5-5-9	2-5-1-4-6-3-5-5-3-4-5-5	5-1-2-4-6-9-3-2-3-0-0-2	7-2-3-3-5-5-2-5-4-4-7-3	4-2-7-3-2-5-2-3-5-4-7-5	7-6-5-2-2-4-7-6-2-5-2-2	7-7-3-0-6-2-3-2-5-5-7-2	7-2-7-5-7-5-6-7-7-7-2-6	4-2-1-0-7-7-2-7-7-5-3-2
50	5	4-6-4-9-5-5-5-5-5-4-4-6	4-6-6-4-4-6-4-6-4-4-4-4	4-4-4-4-2-4-6-7-4-4-6-6	4-4-6-4-2-4-4-1-6-7-4-1	2-4-6-4-5-5-6-4-6-4-4-4	4-1-6-4-3-4-6-2-5-5-0-5	6-2-5-4-4-5-3-4-5-5-3-5	5-2-2-3-2-4-2-0-4-5-4-4	0-4-4-2-5-5-4-4-5-4-2-3	4-2-5-6-2-3-6-5-4-4-4-2	6-6-8-7-4-4-4-4-4-2-2-5	5-2-4-2-3-3-2-4-2-4-3-3
50	6	7-5-6-6-5-6-6-6-6-6-5-7	4-5-5-7-7-5-8-7-4-7-8-7	4-8-7-7-8-7-5-4-5-7-5-7	7-4-7-8-8-7-4-6-5-6-6-1	2-4-5-7-4-5-7-7-5-6-8-6	7-7-7-6-4-4-7-8-5-6-3-7	5-2-7-6-7-6-3-7-6-5-8-7	5-8-9-7-7-5-9-9-6-4-6-4	4-4-9-7-8-7-4-4-3-6-8-6	9-8-6-5-7-8-7-3-7-4-4-8	3-6-5-5-4-6-4-4-4-6-7-6	5-6-7-7-8-8-7-4-6-6-3-2
50	7	6-7-6-9-8-7-7-7-7-4-7-6	6-8-7-6-6-5-4-8-6-7-6-6	6-6-6-6-6-6-8-5-8-6-8-6	6-7-6-6-6-6-8-6-8-9-8-4	8-4-1-6-6-8-8-6-7-7-6-6	6-6-6-4-7-4-6-6-8-7-8-6	4-6-8-9-6-7-8-6-7-7-4-6	5-6-4-6-6-4-8-6-1-4-8-4	4-4-6-6-4-6-4-6-7-6-6-6	4-6-7-8-8-6-6-3-6-6-4-6	4-6-4-5-4-4-4-4-4-4-6-7	5-6-6-6-4-4-6-4-4-8-8-8
50	8	9-9-9-6-7-9-9-6-9-8-8-9	9-5-7-6-6-9-6-7-9-8-9-7	4-6-4-6-6-8-7-5-9-6-7-8	6-4-8-6-6-6-9-6-7-7-7-1	7-4-7-6-1-7-7-6-7-8-6-6	9-6-8-7-8-4-7-6-7-7-3-6	9-2-7-9-9-8-7-9-8-5-6-6	8-6-6-9-6-8-7-6-6-8-7-4	8-4-6-6-6-0-7-6-7-6-6-6	7-6-8-7-7-6-6-3-8-1-6-6	7-6-5-7-9-9-4-4-6-8-8-8	5-6-8-6-6-8-8-4-3-7-7-2
50	9	9-8-6-5-9-8-8-9-8-8-9-9	8-5-9-6-9-9-8-9-9-9-8-9	9-9-9-6-9-9-8-8-8-9-5-9	8-9-9-9-9-9-8-9-7-9-9-4	6-4-9-9-9-9-8-9-9-9-6-6	8-6-9-6-9-4-9-9-9-9-9-9	8-9-9-7-8-9-7-9-9-9-8-6	9-9-6-8-9-8-6-6-6-1-8-8	4-8-6-6-6-9-9-6-9-9-6-9	6-6-7-5-9-6-9-9-8-9-9-9	4-8-7-7-8-8-4-4-4-8-9-9	9-6-1-9-7-9-9-4-9-9-8-9
51	0	0-0-0-0-0-0-0-0-0-0-0-0	0-0-0-0-0-0-0-0-0-0-0-0	0-0-0-0-0-0-0-0-0-0-0-0	0-0-0-0-0-0-0-0-0-0-0-0	0-0-0-0-0-0-0-0-0-0-0-0	0-0-0-0-0-0-0-0-0-0-0-0	0-0-0-0-0-0-0-0-0-0-0-0	0-0-0-0-0-0-0-0-0-0-0-0	0-0-0-0-0-0-0-0-0-0-0-0	0-0-0-0-0-0-0-0-0-0-0-0	0-0-0-0-0-0-0-0-0-0-0-0	0-0-0-0-0-0-0-0-0-0-0-0
51	1	1-1-1-2-1-1-1-1-1-1-1-1	1-2-0-1-0-1-1-0-1-1-0-2	1-2-2-0-0-2-0-2-0-0-0-0	2-3-3-0-1-1-0-4-0-0-0-4	0-1-1-0-2-0-2-1-2-1-0-2	0-5-0-0-2-2-2-1-1-0-0-1	1-0-0-1-2-1-0-0-1-1-3-1	1-0-3-1-1-2-0-0-1-1-1-1	0-2-2-1-2-4-1-2-0-1-0-2	1-1-0-2-0-0-0-0-0-1-1-1	0-0-1-0-0-1-1-2-0-0-4-2	1-1-1-1-0-1-1-2-1-0-1-0
51	2	1-2-1-1-2-2-2-2-2-2-2-2	3-1-2-3-0-2-1-3-3-2-3-3	1-1-1-4-3-1-3-1-0-4-3-3	3-1-1-4-6-3-0-2-2-0-2-1	6-1-1-0-1-2-3-3-1-2-4-1	3-1-6-4-2-1-3-2-2-2-0-1	4-3-0-2-3-1-4-3-2-2-4-3	1-2-4-3-7-1-0-8-2-2-7-1	2-1-3-3-4-0-1-3-2-6-5-2	3-0-0-1-3-4-0-0-3-1-1-5	3-4-1-2-8-2-1-2-3-2-3-1	1-3-1-0-2-2-5-1-2-2-2-2
51	3	3-3-3-4-3-3-3-3-3-3-3-4	2-4-4-2-1-4-1-4-2-4-2-2	1-1-1-4-2-3-4-2-4-4-4-2	2-1-4-4-2-2-4-0-4-4-4-1	2-1-1-2-3-2-4-2-4-3-0-4	2-1-5-2-3-1-4-2-4-3-7-3	2-2-3-4-2-3-6-2-3-5-4-2	3-2-2-2-2-1-6-5-2-3-6-3	3-1-2-2-3-1-3-2-5-3-2-3	2-2-3-4-2-2-2-3-2-4-1-2	7-5-5-5-8-2-3-3-2-2-2-3	7-2-1-5-3-5-2-3-3-2-3-5
51	4	4-3-5-3-4-3-4-3-4-5-5-5	4-3-3-4-5-5-5-5-5-5-5-5	8-5-6-5-4-5-5-5-5-3-3-4	5-6-3-6-2-5-3-1-3-3-3-8	2-5-1-4-6-3-5-5-3-4-2-4	5-1-2-4-6-6-3-2-3-3-3-4	2-2-3-3-5-4-3-5-4-4-5-2	4-2-5-2-2-3-3-3-5-4-4-6	6-4-5-2-2-1-3-5-3-4-2-3	5-5-0-3-2-2-5-3-5-3-6-2	5-2-4-3-0-5-5-6-5-2-1-5	3-3-4-3-5-2-1-6-5-5-3-0
51	5	5-7-4-4-8-5-4-5-4-4-4-4	4-6-6-4-4-4-4-7-4-4-4-4	6-4-4-4-6-6-6-7-4-7-6-6	4-4-6-4-2-4-7-1-6-7-6-1	2-4-6-0-4-6-6-4-6-7-4-4	4-1-3-7-4-4-6-7-5-5-0-5	6-2-3-5-4-4-3-4-5-3-4-2	5-2-4-3-2-1-6-3-4-5-4-4	4-4-4-5-5-0-3-6-3-4-2-3	4-4-5-6-2-2-6-7-4-4-4-2	4-6-5-3-6-4-4-4-4-2-6-4	3-2-1-3-4-3-2-4-7-4-5-3
51	6	6-6-7-7-5-5-6-7-8-6-7-7	8-5-5-4-5-7-7-5-7-6-8-7	5-7-7-8-7-5-5-5-7-5-5-5	7-4-6-7-7-7-5-7-5-5-7-8	7-4-5-7-4-5-7-7-5-8-6-7	5-5-7-6-4-4-5-2-3-4-3-7	5-2-5-6-7-6-3-5-6-6-7-7	5-2-2-7-2-1-8-7-7-6-7-4	8-4-8-7-7-6-6-5-4-6-7-3	8-4-6-5-7-2-5-3-8-6-7-7	4-5-6-8-5-6-4-4-4-2-5-6	8-6-6-6-6-5-7-4-7-4-5-6
51	7	6-8-6-6-5-8-8-6-8-6-6-6	6-5-5-4-5-8-8-5-6-5-8-6	8-6-6-6-6-7-6-5-6-5-7-7	6-6-7-6-6-6-5-6-6-5-6-1	6-4-6-6-7-7-6-6-7-7-6-6	8-5-7-8-7-4-7-5-7-7-3-6	8-2-3-8-8-7-7-8-7-3-6-6	7-2-2-6-2-1-5-6-8-6-6-4	7-8-4-7-6-8-7-7-0-6-6-6	7-7-7-5-7-2-6-7-6-6-6-7	3-7-7-0-5-7-4-4-3-7-7-7	3-8-6-6-6-7-7-4-8-4-8-3
51	8	8-7-8-6-8-7-7-8-6-6-6-4	6-5-8-4-8-7-7-8-8-8-7-8	8-8-8-8-8-8-7-5-7-8-8-8	6-8-8-8-8-8-7-8-8-8-8-4	2-4-8-8-8-8-7-8-8-8-6-6	7-8-7-7-8-7-8-8-8-8-8-8	7-8-8-8-7-8-8-8-8-8-6-8	8-8-2-8-8-7-6-2-7-6-6-7	6-7-6-7-2-8-8-7-8-6-6-6	6-6-8-8-8-2-8-8-6-8-8-8	4-8-8-8-2-7-4-4-8-7-8-6	6-7-8-8-7-8-8-8-8-8-7-8
52	0	0-0-0-0-0-0-0-0-0-0-0-0	0-0-0-0-0-0-0-0-0-0-0-0	0-0-0-0-0-0-0-0-0-0-0-0	0-0-0-0-0-0-0-0-0-0-0-0	0-0-0-0-0-0-0-0-0-0-0-0	0-0-0-0-0-0-0-0-0-0-0-0	0-0-0-0-0-0-0-0-0-0-0-0	0-0-0-0-0-0-0-0-0-0-0-0	0-0-0-0-0-0-0-0-0-0-0-0	0-0-0-0-0-0-0-0-0-0-0-0	0-0-0-0-0-0-0-0-0-0-0-0	0-0-0-0-0-0-0-0-0-0-0-0
52	1	1-1-1-1-1-1-1-0-1-1-1-1	1-0-0-1-0-1-1-0-2-1-1-2	3-1-2-0-1-2-2-2-0-1-2-2	2-1-2-2-1-0-0-0-0-0-0-3	0-1-2-2-2-0-2-1-0-1-0-1	1-0-0-1-0-1-0-1-0-0-0-2	0-0-0-1-1-0-0-0-0-0-1-2	1-0-0-0-0-2-0-0-0-2-3-0	0-2-2-0-0-0-2-2-8-1-1-0	0-0-0-0-0-0-0-1-1-2-1-0	0-0-1-0-1-1-3-1-3-1-0-1	1-0-1-3-1-1-0-1-1-1-1-1
52	2	2-2-1-1-2-2-2-4-2-2-2-2	3-0-0-3-0-1-1-4-3-2-3-3	1-3-1-4-3-1-1-1-1-3-2-3	3-1-1-4-3-3-0-4-2-0-2-1	3-1-3-1-1-3-3-3-1-1-4-1	3-0-3-2-0-3-3-3-0-2-0-1	2-3-0-1-3-3-2-3-0-2-2-3	0-4-4-3-2-1-2-0-2-1-1-3	2-1-3-3-4-2-1-3-2-0-3-2	3-3-0-6-3-3-0-0-3-1-0-4	3-4-1-2-2-2-1-2-0-2-3-2	2-3-2-1-2-2-3-3-2-3-2-4
52	3	3-3-3-3-3-3-3-3-3-3-4-4	2-4-4-2-0-4-1-4-2-2-2-2	1-2-1-2-2-2-4-4-6-2-4-4	2-4-1-2-2-2-1-2-4-3-4-1	2-3-4-3-3-2-4-2-4-1-2-1	2-3-4-3-3-2-4-2-4-3-5-3	3-2-4-4-2-3-4-2-3-6-4-2	3-2-2-2-2-1-7-4-2-3-1-3	4-1-2-2-3-3-4-2-4-3-2-3	2-2-0-2-2-2-0-7-2-2-4-2	2-8-7-3-5-1-1-3-1-2-2-3	5-2-1-4-2-2-2-3-5-2-5-3
52	4	4-3-4-5-4-4-4-4-4-4-3-4	4-3-3-2-5-3-4-3-6-5-2-4	4-5-5-8-3-5-3-5-5-2-3-3	5-5-5-5-2-2-6-2-3-4-3-5	2-7-3-4-4-3-3-4-4-4-2-3	6-1-3-4-7-8-3-3-3-3-0-5	2-2-3-3-5-4-3-5-4-3-3-3	5-2-6-3-2-6-3-3-2-4-5-7	5-4-5-2-2-0-6-2-3-4-2-3	6-8-0-5-3-2-0-3-5-5-6-2	6-2-6-3-1-5-6-5-6-2-5-4	4-2-6-3-5-2-2-7-2-6-3-2
52	5	6-8-6-6-6-6-6-7-6-6-6-6	6-3-3-6-4-6-6-6-5-6-6-6	5-6-6-4-6-6-5-4-7-6-5-5	6-4-6-7-6-7-7-6-5-7-5-4	6-4-6-6-6-6-6-6-3-5-7-7	8-6-7-5-5-6-6-6-7-5-3-6	6-6-5-8-6-6-3-4-0-7-8-6	5-6-4-6-7-7-3-6-6-4-4-4	4-4-4-6-7-7-4-6-3-7-7-4	8-6-5-4-6-8-6-3-6-6-4-6	4-6-4-3-6-4-4-4-7-7-6-5	8-6-7-6-4-6-6-4-6-3-6-6
52	6	5-6-5-5-5-5-5-5-5-5-5-5	5-7-6-5-4-5-5-7-5-5-5-5	5-5-5-4-5-5-7-6-5-5-7-5	5-5-5-5-5-5-5-5-7-5-7-4	5-4-5-5-5-7-7-5-6-5-5-5	5-5-5-5-4-5-5-5-5-6-0-5	5-5-7-8-5-5-7-5-6-6-4-5	6-5-4-5-5-5-3-5-5-4-5-4	4-4-4-5-4-5-4-5-7-5-5-4	7-5-6-7-5-5-5-6-5-5-4-5	4-5-4-8-5-4-4-4-4-5-5-6	7-5-4-5-4-5-5-4-5-5-7-5
52	7	5-8-5-5-5-5-5-5-5-5-5-5	5-6-6-5-4-5-5-6-5-5-5-5	5-8-4-4-5-7-6-5-5-7-6-5	5-5-7-5-5-5-5-5-6-5-6-4	5-4-5-5-5-6-6-5-7-5-5-5	5-5-5-5-4-5-7-8-5-7-3-5	5-5-6-8-6-5-6-8-7-5-3-6	7-5-4-5-5-5-3-5-5-4-5-4	7-4-4-5-5-5-6-5-6-5-5-4	6-5-7-6-6-5-6-3-7-5-4-5	4-7-4-3-3-8-4-4-5-5-7-7	6-7-7-5-4-5-5-4-5-5-6-5
52	8	8-7-5-5-8-7-5-8-5-5-5-5	5-8-8-5-8-7-7-8-8-8-7-8	8-8-8-4-8-5-7-5-5-8-8-8	7-8-8-8-8-8-7-8-7-8-8-4	5-4-8-8-8-6-7-8-8-8-5-8	5-5-8-7-8-4-8-8-8-8-8-8	5-8-8-5-7-8-8-8-8-8-5-7	8-8-8-7-8-5-8-5-7-5-5-5	4-7-8-8-5-8-8-5-8-6-5-0	5-4-8-8-8-5-8-3-7-8-6-8	4-7-6-6-5-7-4-4-4-7-8-7	5-7-7-3-6-8-8-4-8-8-7-8
53	0	0-0-0-0-0-0-0-0-0-0-0-0	0-0-0-0-0-0-0-0-0-0-0-0	0-0-0-0-0-0-0-0-0-0-0-0	0-0-0-0-0-0-0-0-0-0-0-0	0-0-0-0-0-0-0-0-0-0-0-0	0-0-0-0-0-0-0-0-0-0-0-0	0-0-0-0-0-0-0-0-0-0-0-0	0-0-0-0-0-0-0-0-0-0-0-0	0-0-0-0-0-0-0-0-0-0-0-0	0-0-0-0-0-0-0-0-0-0-0-0	0-0-0-0-0-0-0-0-0-0-0-0	0-0-0-0-0-0-0-0-0-0-0-0
53	1	1-1-1-1-1-1-1-1-1-1-1-1	0-0-1-0-0-0-0-2-2-1-0-2	1-0-0-1-0-0-2-0-1-0-2-2	0-0-1-0-0-0-0-1-2-1-2-0	2-0-0-0-0-2-2-0-1-2-2-0	4-0-1-0-0-0-2-0-2-1-4-0	2-2-1-0-0-0-0-0-1-1-0-0	1-1-0-0-1-0-2-1-0-1-0-0	1-0-0-0-0-0-4-2-0-1-0-0	0-0-1-0-0-2-0-1-0-0-0-1	0-0-1-1-1-0-0-0-0-0-0-3	1-2-0-1-0-1-0-0-0-1-1-3
53	2	3-2-2-3-1-2-2-1-2-2-2-2	3-3-1-3-0-3-3-1-3-3-3-3	3-3-4-3-3-3-3-3-1-3-1-3	3-3-2-2-3-3-1-2-3-1-1-0	3-0-3-4-3-1-3-3-2-1-1-3	3-2-3-2-2-4-3-3-1-1-0-2	1-1-2-0-3-0-3-3-2-1-7-3	1-3-4-3-4-0-1-4-2-0-2-0	0-0-3-4-4-0-0-3-1-2-4-2	0-3-0-0-3-4-0-1-3-3-0-2	0-3-0-2-0-2-0-0-0-2-3-2	0-3-2-2-0-1-4-0-0-0-2-4
53	3	3-4-2-3-4-3-3-3-3-3-3-3	2-4-4-2-3-4-2-4-2-2-2-2	4-2-5-3-2-2-4-2-4-2-4-2	2-2-3-2-2-2-2-2-4-4-4-3	2-0-2-2-4-3-4-2-4-3-1-2	2-5-2-2-3-2-4-2-3-3-5-2	5-1-3-5-2-3-4-2-3-3-2-2	3-4-0-2-2-4-6-2-2-3-0-0	4-0-2-2-3-0-5-4-3-3-2-4	0-2-3-4-2-2-2-1-2-4-0-2	0-4-0-4-5-2-0-4-0-2-2-1	0-6-2-4-0-4-2-0-7-4-5-1
53	4	4-3-4-4-3-3-4-3-3-4-4-3	4-3-3-2-5-3-5-3-5-4-5-6	7-5-7-5-4-5-3-4-3-2-3-4	2-5-4-6-2-2-4-2-3-3-3-5	2-0-2-2-6-3-3-5-6-4-4-0	1-0-2-0-4-2-3-3-1-3-1-2	1-1-3-3-5-4-3-5-4-3-1-2	1-3-6-3-2-5-3-2-2-4-5-7	6-5-6-2-2-6-5-3-4-4-2-6	6-6-4-5-6-2-4-1-6-6-6-2	6-5-7-4-8-4-6-6-6-2-4-4	5-2-4-3-6-6-2-6-8-7-3-2
53	5	6-6-6-6-6-6-6-7-6-6-6-6	6-5-5-4-6-7-6-6-6-7-7-6	5-6-5-6-6-6-6-6-6-6-6-6	6-5-6-7-2-6-6-7-6-6-6-5	7-6-6-7-6-5-6-5-6-6-7-7	5-6-6-6-4-6-6-6-6-5-3-6	6-6-5-3-4-6-6-6-6-7-5-6	5-5-5-3-5-6-5-7-2-7-4-4	5-4-8-2-6-7-6-4-7-5-2-6	5-5-6-7-4-5-6-5-4-7-4-2	5-7-4-7-6-7-4-4-8-5-6-4	8-5-5-8-4-7-6-4-5-4-3-8
53	6	5-5-5-8-5-5-5-5-5-5-5-5	5-5-5-7-5-5-7-5-5-5-7-5	4-7-5-5-7-5-7-5-5-5-5-7	7-4-5-4-7-7-5-6-5-5-7-5	6-5-8-7-4-6-7-7-5-5-5-6	7-5-7-6-4-5-7-5-5-3-3-5	7-7-5-6-3-5-5-5-5-6-7-6	5-7-7-7-7-5-3-5-7-5-7-4	4-0-4-7-8-5-7-7-5-5-7-4	4-7-5-5-7-7-5-5-4-4-7-7	7-5-4-5-5-5-4-7-7-5-5-4	7-7-6-7-4-5-5-4-4-4-7-5
53	7	5-5-5-5-5-8-5-5-5-5-5-8	6-5-5-6-5-5-6-6-5-5-6-6	4-6-4-5-6-5-6-5-5-6-8-6	6-7-7-5-6-6-8-5-6-5-6-8	5-5-6-6-7-6-8-6-7-5-5-5	6-6-6-8-7-5-6-6-7-7-7-8	6-6-5-7-8-7-5-6-7-5-6-5	7-6-6-6-6-5-3-5-6-5-6-4	7-7-7-6-6-5-6-6-5-5-6-4	5-6-7-5-6-6-5-5-8-5-6-6	6-5-4-5-6-5-4-6-6-6-5-4	6-8-6-6-7-5-6-4-3-4-6-5
53	8	8-6-6-6-8-7-5-8-5-5-5-7	5-5-8-6-8-5-6-6-8-8-6-6	8-8-8-5-8-5-8-5-5-8-7-8	7-8-8-8-8-8-7-8-8-8-8-7	6-5-6-8-8-8-7-8-8-8-5-6	5-8-8-7-8-5-8-8-8-8-8-7	7-8-8-8-7-8-8-8-8-8-5-5	8-8-6-6-8-5-8-2-6-5-5-4	7-7-8-8-6-8-8-5-8-5-6-8	6-4-8-8-8-6-8-5-7-8-5-8	4-5-7-8-4-5-4-4-5-5-8-8	8-7-6-5-7-8-8-8-8-8-6-5
54	0	0-0-0-0-0-0-0-0-0-0-0-0	0-0-0-0-0-0-0-0-0-0-0-0	0-0-0-0-0-0-0-0-0-0-0-0	0-0-0-0-0-0-0-0-0-0-0-0	0-0-0-0-0-0-0-0-0-0-0-0	0-0-0-0-0-0-0-0-0-0-0-0	0-0-0-0-0-0-0-0-0-0-0-0	0-0-0-0-0-0-0-0-0-0-0-0	0-0-0-0-0-0-0-0-0-0-0-0	0-0-0-0-0-0-0-0-0-0-0-0	0-0-0-0-0-0-0-0-0-0-0-0	0-0-0-0-0-0-0-0-0-0-0-0
54	1	1-1-1-1-1-1-1-1-1-1-1-1	1-2-1-0-2-2-4-2-2-2-0-2	1-2-2-2-2-2-2-2-3-2-2-2	2-1-2-2-1-0-2-1-1-2-2-1	1-0-1-2-1-1-2-1-1-2-3-1	1-2-2-2-2-2-2-2-1-1-0-0	0-1-1-1-2-1-2-2-1-2-1-1	1-1-2-1-1-2-1-1-1-1-0-1	1-0-2-1-2-3-2-2-2-1-1-2	3-1-4-2-1-1-3-1-2-1-0-1	2-9-3-2-3-2-1-1-2-1-2-1	3-1-1-1-2-2-1-2-1-1-1-2
54	2	1-1-1-1-1-1-1-1-1-1-1-1	1-1-1-4-1-1-0-1-1-1-3-1	1-4-1-1-1-1-3-1-1-3-1-1	3-0-1-1-3-3-1-2-3-1-3-1	1-0-3-3-3-3-3-3-1-1-1-3	1-1-3-1-1-1-3-1-1-1-4-4	4-1-1-0-3-2-2-3-1-1-4-3	1-2-1-3-3-1-2-3-4-1-4-1	6-0-1-3-4-5-1-3-1-2-3-1	1-3-1-3-3-3-1-1-3-1-0-3	1-2-1-1-1-1-0-1-1-1-3-1	1-3-2-1-1-1-3-1-4-5-2-1
54	3	1-3-1-1-1-3-1-1-1-1-1-1	1-4-4-2-1-1-1-5-1-1-2-1	1-3-1-2-1-2-4-1-1-2-4-2	2-3-4-2-2-2-6-2-2-2-3-0	3-0-2-2-2-2-4-2-4-4-1-2	1-3-2-1-3-2-4-3-1-3-6-3	2-4-4-0-2-3-4-2-3-6-4-2	1-2-4-2-2-1-6-2-2-5-0-5	4-0-2-2-3-7-3-2-1-3-2-3	1-2-1-4-2-2-1-6-2-1-9-2	8-2-9-4-1-1-0-4-6-2-2-1	1-2-2-1-1-1-2-1-6-1-6-1
54	4	5-3-5-6-1-3-1-6-4-5-5-5	5-3-3-2-1-1-5-6-5-1-5-5	8-5-6-2-2-8-5-6-6-2-3-5	5-4-5-5-2-5-3-2-3-5-4-6	2-8-9-5-5-2-5-5-3-8-8-5	5-5-5-8-4-9-3-5-1-3-3-5	2-3-3-5-5-3-3-5-3-4-5-2	4-2-8-5-2-6-2-3-2-4-7-9	3-5-5-5-2-8-6-5-1-5-4-4	5-5-1-5-5-2-5-1-5-5-5-2	5-2-4-2-9-7-8-8-5-5-5-4	5-5-4-4-5-4-2-4-2-2-3-2
54	5	4-5-4-5-6-3-5-7-1-4-4-4	4-6-6-4-1-1-4-7-4-4-4-4	4-4-4-4-2-2-4-6-4-4-6-4	4-4-4-4-2-4-6-2-6-7-6-4	5-0-2-5-4-5-6-4-6-4-4-4	4-4-4-6-3-4-4-4-5-5-5-4	4-5-5-4-4-5-6-4-5-5-4-2	5-2-4-4-5-4-6-1-4-5-4-5	5-4-4-4-5-6-4-4-1-4-2-2	4-4-5-4-4-2-4-7-4-4-4-5	4-1-6-5-4-4-4-4-4-4-4-5	1-4-1-4-4-4-2-9-5-2-5-6
54	6	7-7-6-7-5-3-7-4-6-6-6-7	7-5-5-8-6-1-6-7-7-5-8-7	4-8-4-9-7-7-7-7-4-7-5-7	7-4-6-8-8-8-3-7-7-5-5-4	7-4-6-8-4-7-7-7-7-4-4-7	7-4-7-5-7-4-7-7-6-3-3-8	8-8-5-4-7-6-5-7-5-3-8-7	4-7-4-7-8-4-9-9-7-3-4-4	6-4-4-7-9-8-4-8-1-6-8-6	9-8-1-4-6-6-7-3-7-4-4-8	3-6-5-6-9-4-4-4-3-7-7-4	1-7-6-6-1-4-7-1-3-7-3-5
54	7	6-9-6-9-5-7-6-9-7-6-4-6	8-8-8-6-8-8-6-6-6-8-6-6	4-6-6-6-6-6-8-6-8-6-8-6	6-4-9-6-6-6-8-6-8-5-8-4	7-6-6-8-4-8-8-6-8-7-4-6	6-4-6-5-7-4-6-6-7-7-3-6	4-6-8-9-6-7-3-6-7-7-0-6	1-6-4-8-6-6-6-6-6-7-4-0	4-0-6-6-7-3-4-4-8-7-6-6	1-4-7-6-8-6-8-5-6-9-4-6	4-6-5-7-8-4-0-4-4-6-6-7	1-6-6-4-1-4-6-1-8-6-8-6
54	8	9-7-6-6-5-9-9-9-9-8-6-9	9-7-7-6-9-7-6-7-9-7-6-9	4-6-9-6-6-4-7-8-9-6-7-6	6-8-4-6-6-6-9-6-7-7-7-4	7-4-6-7-8-7-9-6-7-4-4-6	6-6-7-9-8-4-9-6-8-8-3-6	9-6-7-4-6-8-7-7-8-7-6-6	8-6-4-7-6-1-7-6-2-8-4-8	8-8-5-6-6-6-4-6-9-8-6-6	1-6-7-9-7-2-7-7-9-4-4-6	3-8-1-8-7-9-4-4-4-6-6-8	4-9-9-6-8-4-6-1-7-6-7-7
54	9	9-7-6-7-9-8-8-9-8-8-9-8	8-7-9-6-9-9-6-9-9-9-6-8	9-9-9-6-8-9-9-8-9-9-8-9	8-9-9-9-9-9-8-9-8-9-9-8	6-9-9-9-8-8-8-9-9-9-2-9	9-9-9-8-9-4-8-6-9-9-9-8	8-9-9-7-9-9-9-9-9-7-4-9	9-9-6-8-9-6-6-6-2-4-4-4	4-8-6-9-6-9-4-8-8-7-7-3	6-9-7-8-9-6-9-8-8-9-8-9	7-9-3-7-4-8-7-4-9-9-9-9	9-8-8-1-8-9-9-9-9-9-6-9
55	0	0-0-0-0-0-0-0-0-0-0-0-0	0-0-0-0-0-0-0-0-0-0-0-0	0-0-0-0-0-0-0-0-0-0-0-0	0-0-0-0-0-0-0-0-0-0-0-0	0-0-0-0-0-0-0-0-0-0-0-0	0-0-0-0-0-0-0-0-0-0-0-0	0-0-0-0-0-0-0-0-0-0-0-0	0-0-0-0-0-0-0-0-0-0-0-0	0-0-0-0-0-0-0-0-0-0-0-0	0-0-0-0-0-0-0-0-0-0-0-0	0-0-0-0-0-0-0-0-0-0-0-0	0-0-0-0-0-0-0-0-0-0-0-0
55	1	1-2-1-1-1-0-1-1-1-1-1-1	0-0-0-1-0-1-0-0-0-1-0-0	2-3-1-1-2-2-2-2-0-2-0-2	2-0-0-2-2-2-0-1-1-0-1-1	1-0-1-1-0-1-2-2-1-0-0-2	2-0-2-0-0-2-2-2-1-1-1-0	1-1-1-1-2-1-0-2-1-1-1-2	1-1-1-2-1-2-3-6-1-0-0-0	1-0-2-2-3-2-1-2-0-1-1-1	2-1-1-2-2-1-2-1-2-0-1-1	1-1-0-3-2-1-1-1-1-2-1-0	2-1-1-1-3-1-2-0-1-1-1-1
55	2	2-2-1-2-2-2-2-2-2-2-2-1	0-3-2-1-0-2-0-2-0-2-0-3	2-1-0-1-1-1-3-4-3-3-3-1	1-3-2-1-1-1-4-1-3-4-3-0	3-3-1-1-3-1-1-1-3-2-0-1	1-5-4-0-2-1-3-1-4-2-4-2	3-1-2-2-1-2-4-1-2-2-3-1	2-0-1-1-2-3-4-3-1-0-5-0	0-1-1-1-4-1-3-3-0-2-1-2	3-1-2-3-1-1-1-2-1-3-3-1	3-1-0-4-5-3-3-2-3-1-1-2	1-1-1-3-2-3-1-3-1-1-1-2
55	3	3-3-5-3-4-3-3-4-3-3-3-4	3-2-2-1-5-4-3-3-4-4-4-4	3-4-5-3-2-4-4-3-4-4-4-3	4-4-4-3-2-4-4-3-2-3-2-5	2-6-4-5-4-2-4-3-2-3-4-6	3-4-2-3-4-4-2-4-0-2-2-4	2-1-3-4-4-3-5-4-4-3-4-1	4-3-4-2-4-4-1-2-3-4-4-4	4-4-4-2-1-3-4-4-5-3-4-4	4-4-3-2-4-1-4-3-5-4-4-1	4-1-6-3-4-4-4-4-4-2-3-3	4-2-3-4-4-2-2-5-1-2-3-1
55	4	4-3-3-4-3-3-3-3-3-3-4-3	3-2-2-5-3-3-3-5-3-3-3-3	4-5-3-4-5-3-5-3-3-5-3-5	5-3-3-5-5-5-3-4-5-2-5-3	5-3-3-5-3-4-5-4-4-4-3-5	2-3-5-3-3-3-5-3-2-2-2-3	3-5-2-3-3-4-3-6-3-4-5-4	3-4-3-5-5-3-2-5-6-3-3-3	3-3-3-5-6-4-3-3-3-4-5-3	3-5-3-3-5-4-3-2-3-3-3-1	3-1-3-2-3-3-3-3-3-5-4-5	3-4-4-3-3-2-4-3-5-4-5-2
55	5	4-6-3-3-5-6-3-3-6-3-3-6	3-2-2-4-3-3-3-4-3-5-4-3	3-4-3-4-4-3-4-6-6-4-5-4	4-5-5-4-4-4-3-4-4-5-4-3	4-3-3-3-5-4-4-4-5-5-3-4	6-6-4-3-3-6-4-2-5-5-2-5	6-4-2-3-6-5-3-6-5-4-4-4	5-5-4-4-4-3-6-4-1-3-4-3	5-3-5-5-5-4-5-5-3-4-4-5	5-4-5-3-4-1-4-5-6-3-3-1	4-5-3-2-6-6-3-5-3-5-5-5	3-6-5-5-3-5-5-3-4-2-4-4
55	6	6-5-4-3-6-6-4-6-3-3-3-5	3-6-6-4-6-6-4-4-3-6-4-5	6-6-6-4-6-6-3-5-3-6-6-6	5-6-3-6-6-6-5-6-5-6-6-3	4-3-3-6-5-6-5-6-6-6-4-3	5-6-5-3-6-6-6-6-6-6-6-5	5-6-6-6-5-6-6-6-6-4-3-4	6-5-6-5-4-5-5-4-4-3-3-3	3-3-6-5-4-6-6-5-3-2-4-4	4-4-6-6-5-1-4-2-5-6-3-6	2-1-3-3-5-3-3-3-3-5-6-6	3-5-3-3-3-6-6-3-3-6-4-6
56	0	0-0-0-0-0-0-0-0-0-0-0-0	0-0-0-0-0-0-0-0-0-0-0-0	0-0-0-0-0-0-0-0-0-0-0-0	0-0-0-0-0-0-0-0-0-0-0-0	0-0-0-0-0-0-0-0-0-0-0-0	0-0-0-0-0-0-0-0-0-0-0-0	0-0-0-0-0-0-0-0-0-0-0-0	0-0-0-0-0-0-0-0-0-0-0-0	0-0-0-0-0-0-0-0-0-0-0-0	0-0-0-0-0-0-0-0-0-0-0-0	0-0-0-0-0-0-0-0-0-0-0-0	0-0-0-0-0-0-0-0-0-0-0-0
56	1	1-2-2-3-1-2-1-3-1-2-2-2	2-2-2-0-0-2-0-2-0-2-0-2	1-2-1-2-2-2-2-2-2-2-2-2	2-1-2-3-1-0-2-2-2-2-1-3	2-0-1-2-0-1-2-1-1-2-2-0	2-2-2-2-2-0-1-2-2-1-0-1	0-1-1-3-1-3-2-4-1-2-0-1	1-1-8-1-1-2-2-1-0-1-2-3	4-1-3-1-1-3-2-0-2-1-1-1	2-1-2-2-1-1-2-2-1-2-2-1	2-11-1-0-4-1-2-1-4-1-2-1	4-1-1-1-3-1-1-2-1-1-1-1
56	2	1-1-1-3-1-1-1-1-1-1-1-1	1-1-1-2-1-1-2-1-0-1-1-1	1-3-1-5-3-1-3-1-1-1-1-1	3-3-1-4-3-4-1-6-1-1-2-1	1-0-2-1-4-3-3-3-1-1-1-4	3-4-3-2-1-1-3-1-1-1-0-4	3-4-1-2-3-1-1-1-1-1-6-5	1-2-4-3-3-1-1-4-2-1-1-1	2-0-1-3-11-4-1-3-1-2-3-1	6-3-1-1-3-2-3-1-3-1-1-4	1-2-0-0-1-5-1-0-1-3-1-1	1-2-4-1-1-1-3-1-5-2-2-1
56	3	1-3-1-1-1-1-1-1-1-1-1-1	1-4-3-2-1-1-2-4-4-1-0-4	4-2-1-1-2-1-4-4-1-2-4-2	2-4-1-1-2-2-1-1-4-4-4-1	1-0-5-1-2-4-4-2-3-3-1-2	2-3-4-2-3-0-4-4-3-3-9-3	2-1-1-1-2-5-4-2-3-5-2-2	3-2-2-4-2-1-5-2-2-1-0-1	1-1-1-2-3-1-4-2-4-3-2-3	5-2-3-1-2-6-4-7-4-1-1-2	6-4-0-5-5-1-1-5-1-2-1-3	5-2-2-4-1-4-4-1-0-5-0-5
56	4	1-4-1-4-5-4-1-4-1-1-1-1	1-5-5-2-2-1-2-5-3-1-2-3	3-4-2-1-2-2-5-3-6-5-5-5	2-3-5-2-2-2-5-1-3-3-5-1	4-0-2-4-2-3-5-4-3-1-1-2	2-2-3-2-4-0-5-3-3-4-5-2	2-2-4-6-2-4-5-1-4-1-2-1	5-2-5-3-5-1-6-2-2-7-5-5	1-5-5-2-6-2-3-2-10-10-3-5	0-5-4-5-1-4-3-4-3-1-1-2	0-3-8-8-1-1-1-5-1-3-3-3	1-2-2-3-1-3-3-1-0-4-9-4
56	5	6-3-6-7-4-4-1-9-7-5-5-6	6-4-4-6-2-1-6-4-6-6-7-6	6-6-7-2-7-7-4-6-7-6-4-4	6-6-4-7-2-6-4-8-7-7-4-6	8-2-10-6-6-3-6-6-5-9-9-9	2-6-7-5-4-9-6-2-4-4-4-6	4-6-4-5-2-3-4-6-5-3-2-2	4-6-4-6-4-1-3-8-2-4-4-4	3-8-4-6-5-6-5-7-4-5-2-4	7-8-1-4-2-4-6-3-6-5-4-2	1-6-1-3-6-3-10-4-5-6-6-7	3-7-5-5-3-6-8-1-2-3-2-3
56	6	5-7-5-6-7-7-6-6-6-6-6-5	5-9-7-5-8-1-5-7-7-5-5-5	5-5-5-5-2-8-7-8-5-5-7-7	5-5-4-5-2-5-7-2-5-5-7-5	1-0-2-5-5-7-7-5-7-5-5-5	2-5-5-6-4-5-7-2-6-6-3-6	2-5-7-4-9-6-7-5-5-7-2-5	4-5-1-5-2-1-4-5-2-3-4-6	1-5-4-5-4-5-3-2-11-6-2-5	2-2-4-7-7-3-5-4-5-1-1-2	7-5-7-7-7-1-5-4-1-5-5-5	1-5-2-5-1-5-2-1-7-5-11-0
56	7	7-7-8-8-6-6-7-10-7-7-8-8	7-6-6-8-6-8-8-6-6-8-5-8	7-8-5-10-8-9-8-9-5-8-6-5	8-8-8-5-2-8-8-9-5-5-6-8	1-9-7-5-9-6-8-8-6-7-5-5	8-8-5-7-3-10-6-8-6-4-6-8	8-5-6-10-8-7-4-8-4-11-2-10	7-5-9-8-4-8-3-5-2-7-7-11	9-8-4-8-9-4-7-8-1-7-2-4	11-8-4-6-6-4-6-3-8-8-8-2	8-2-6-6-6-11-9-7-9-5-8-5	7-5-7-8-9-7-5-7-6-3-6-3
56	8	5-8-7-7-8-9-8-11-5-7-7-7	7-10-9-5-6-7-7-6-9-9-7-9	7-7-7-7-7-9-9-7-9-7-9-7	7-7-7-5-7-7-9-5-9-5-8-7	1-7-2-5-7-8-9-7-8-8-5-5	7-7-5-9-7-7-9-8-8-8-8-7	7-5-9-7-7-8-6-7-8-6-2-8	8-2-1-7-2-7-9-5-2-4-7-11	7-5-9-7-4-2-7-7-1-7-2-5	0-5-8-9-8-3-5-4-7-7-7-2	7-3-11-9-10-11-7-7-7-5-7-8	10-5-7-7-10-8-5-8-10-5-0-10
56	9	11-8-11-11-8-8-10-9-5-10-9-10	10-8-8-10-10-10-10-10-10-8-10-10	7-10-10-7-10-8-10-7-10-10-8-10	10-7-7-10-10-10-8-10-8-5-10-7	10-7-7-5-7-10-10-10-9-5-5-10	9-5-10-5-9-5-10-8-8-9-3-8	10-10-8-7-7-9-6-10-8-8-10-9	4-10-10-10-10-7-11-10-10-7-10-11	7-7-10-10-10-9-7-7-4-8-10-4	1-5-1-8-10-11-5-4-5-7-7-10	10-3-8-8-5-7-7-7-7-10-10-3	7-10-7-7-7-5-10-1-10-2-10-3
56	10	9-11-9-9-9-11-9-11-11-9-9-11	11-8-9-9-9-9-9-9-9-8-9-11	9-9-9-7-9-9-9-9-9-9-9-9	9-10-7-9-9-9-11-9-9-7-9-11	9-7-5-9-10-9-9-9-10-7-5-9	9-9-9-9-10-7-9-10-10-10-3-11	11-9-4-7-10-10-10-9-10-8-9-7	10-9-9-9-9-7-8-9-9-8-9-10	11-10-9-9-10-9-10-10-4-8-9-5	9-9-10-8-9-9-5-8-11-7-7-9	9-10-11-10-8-0-10-7-10-5-10-10	8-9-10-7-10-5-9-7-8-7-9-8
56	11	11-10-9-9-11-10-10-11-10-10-9-10	10-11-11-9-11-11-9-9-11-11-10-10	11-10-11-10-11-11-9-10-10-11-10-11	10-11-11-11-11-11-10-11-9-11-11-10	9-7-11-11-11-11-10-11-11-11-5-5	10-11-11-10-11-7-10-11-11-11-11-10	10-11-11-7-11-11-11-11-11-7-10-11	11-11-9-10-11-11-9-2-9-11-10-7	10-11-11-11-2-11-11-5-6-11-9-11	7-11-8-11-11-9-11-8-10-11-4-11	11-1-8-11-1-7-10-11-1-11-11-11	11-10-7-11-10-11-11-11-11-11-9-11
57	0	0-0-0-0-0-0-0-0-0-0-0-0	0-0-0-0-0-0-0-0-0-0-0-0	0-0-0-0-0-0-0-0-0-0-0-0	0-0-0-0-0-0-0-0-0-0-0-0	0-0-0-0-0-0-0-0-0-0-0-0	0-0-0-0-0-0-0-0-0-0-0-0	0-0-0-0-0-0-0-0-0-0-0-0	0-0-0-0-0-0-0-0-0-0-0-0	0-0-0-0-0-0-0-0-0-0-0-0	0-0-0-0-0-0-0-0-0-0-0-0	0-0-0-0-0-0-0-0-0-0-0-0	0-0-0-0-0-0-0-0-0-0-0-0
57	1	1-1-1-1-1-1-1-1-1-1-0-1	2-0-0-2-0-1-0-0-0-1-2-2	0-3-0-3-1-0-2-0-0-2-2-1	2-0-0-1-3-2-0-2-1-0-2-0	2-0-2-0-0-1-2-2-1-1-0-2	2-3-2-3-0-2-2-3-1-1-3-2	3-3-1-0-2-0-0-2-0-0-3-0	1-2-3-2-2-0-1-2-2-0-0-0	1-0-2-2-1-2-0-2-0-1-2-2	0-3-0-0-2-1-2-3-2-0-0-1	3-1-0-2-0-1-0-0-0-1-1-0	0-1-1-3-3-2-2-0-0-2-1-3
57	2	2-2-2-2-2-2-2-2-2-2-2-2	1-3-2-1-0-3-1-2-3-2-1-3	0-1-1-2-1-3-3-3-3-1-3-3	1-3-3-2-1-1-2-1-3-3-3-0	1-0-1-1-3-3-3-1-3-2-3-1	3-1-3-0-2-1-3-1-2-2-6-1	5-1-2-0-1-2-3-1-3-2-1-4	2-3-1-1-1-3-3-1-1-2-0-0	2-0-1-1-2-4-2-1-3-2-1-1	3-1-2-6-1-1-3-3-1-2-0-1	2-0-2-3-0-1-3-0-0-1-1-2	0-1-1-4-0-1-1-0-0-1-5-0
57	3	4-2-1-3-3-3-3-2-2-3-3-4	3-2-2-4-4-2-3-2-4-3-4-4	6-4-5-1-3-4-4-4-2-1-2-3	4-3-4-4-1-1-2-1-2-2-2-4	2-3-3-3-5-2-2-3-2-3-3-3	2-1-2-1-4-5-2-1-2-2-1-1	7-1-2-4-4-0-2-4-2-2-1-2	2-2-1-2-1-2-2-2-4-3-4-6	5-3-2-2-1-3-4-4-2-3-2-2	4-1-3-4-4-1-2-1-4-4-4-1	5-1-3-2-4-4-6-5-4-4-4-3	3-1-3-2-5-4-2-3-4-6-1-1
57	4	4-4-6-3-4-4-4-5-4-4-5-3	5-5-4-3-5-5-3-4-3-5-3-5	4-5-4-3-5-5-3-5-5-5-5-4	4-4-5-3-1-3-4-1-5-5-4-3	1-4-4-3-4-5-4-4-5-4-5-4	3-4-2-3-3-3-5-1-4-4-2-4	2-5-4-4-3-4-5-5-4-4-4-5	4-4-5-4-1-3-4-5-3-4-3-3	4-3-5-3-5-4-6-3-6-6-4-4	4-3-6-5-3-5-5-4-3-3-3-4	3-5-3-5-7-7-3-5-3-3-5-5	3-4-4-4-4-6-5-3-3-3-4-7
57	5	6-5-6-5-6-4-7-5-7-7-6-5	4-4-4-6-4-6-6-5-6-6-6-6	5-6-7-7-6-4-6-4-6-4-6-6	6-3-4-6-6-6-6-6-6-4-6-6	6-7-6-6-3-4-6-6-4-4-6-6	5-6-6-7-5-3-6-6-4-5-2-6	6-4-4-3-7-5-4-6-4-4-6-6	2-6-4-6-6-5-7-6-6-3-6-5	7-4-4-6-7-5-2-6-4-4-6-6	7-6-4-4-6-4-6-4-3-3-6-6	3-4-6-4-6-6-3-3-4-6-4-4	3-6-5-6-6-4-6-3-6-5-7-4
57	6	5-7-5-5-5-7-5-5-5-5-5-7	5-4-4-5-6-5-5-5-5-5-5-5	3-5-5-5-5-5-5-5-5-5-5-5	5-6-6-5-5-5-7-5-5-4-5-5	5-5-5-5-6-5-7-5-6-6-5-5	5-5-5-7-6-3-5-5-6-6-2-5	5-1-4-6-7-6-6-5-6-4-5-5	6-5-4-5-5-6-2-5-5-6-5-3	6-6-6-5-6-5-4-5-4-4-5-5	6-5-4-6-5-4-5-4-7-4-5-5	5-6-5-7-5-5-3-6-6-5-6-6	3-5-6-6-6-4-5-3-5-3-5-5
57	7	7-6-5-5-7-6-5-7-5-5-5-6	6-4-7-5-7-5-5-7-5-7-5-6	7-7-5-5-7-5-5-4-5-7-6-7	5-7-7-7-7-7-6-7-7-7-7-6	5-5-7-7-7-7-6-7-7-7-5-5	7-7-7-6-7-6-7-7-7-7-7-6	3-7-7-7-5-7-7-7-7-7-4-7	7-5-7-6-7-5-5-5-6-6-3-3	5-7-7-7-5-7-7-5-4-4-5-5	5-3-7-7-7-5-5-5-6-7-3-7	3-4-4-6-4-4-3-3-0-6-7-7	3-6-7-4-4-7-7-3-7-7-5-4
58	0	0-0-0-0-0-0-0-0-0-0-0-0	0-0-0-0-0-0-0-0-0-0-0-0	0-0-0-0-0-0-0-0-0-0-0-0	0-0-0-0-0-0-0-0-0-0-0-0	0-0-0-0-0-0-0-0-0-0-0-0	0-0-0-0-0-0-0-0-0-0-0-0	0-0-0-0-0-0-0-0-0-0-0-0	0-0-0-0-0-0-0-0-0-0-0-0	0-0-0-0-0-0-0-0-0-0-0-0	0-0-0-0-0-0-0-0-0-0-0-0	0-0-0-0-0-0-0-0-0-0-0-0	0-0-0-0-0-0-0-0-0-0-0-0
58	1	1-1-1-1-1-1-1-2-1-1-1-2	3-2-1-0-2-2-1-2-1-1-2-2	1-0-2-2-2-2-2-2-2-1-2-2	2-1-2-2-1-2-2-2-1-2-1-1	2-1-1-2-1-1-2-1-1-2-2-1	4-2-2-2-2-2-1-3-1-1-1-2	1-2-1-1-0-1-1-2-1-2-1-1	1-1-1-1-1-2-1-2-1-1-0-1	1-1-2-1-2-2-1-2-2-2-1-2	0-1-2-2-1-1-0-2-0-1-0-1	1-4-4-1-4-2-0-1-1-1-2-1	8-1-1-1-1-2-1-0-0-1-1-1
58	2	1-1-1-2-1-1-1-1-1-1-1-1	1-1-1-4-1-1-2-1-1-1-1-1	5-3-1-1-1-4-3-1-1-4-1-3	3-3-1-4-3-3-1-1-1-1-2-1	1-0-1-1-3-3-3-3-1-1-1-5	1-1-3-1-1-1-3-2-1-1-0-4	1-1-1-1-3-2-2-3-1-2-0-3	1-4-4-3-3-1-2-4-2-0-4-0	0-0-1-4-4-1-0-4-1-1-4-1	1-4-1-1-3-4-1-1-3-0-0-4	0-2-0-1-1-1-0-0-0-3-1-3	0-3-2-0-0-1-3-0-0-0-2-4
58	3	1-3-1-1-4-1-1-1-1-1-1-1	1-4-4-2-2-1-1-4-1-1-2-2	1-2-1-1-2-2-4-5-1-2-4-4	2-2-4-2-2-2-1-1-4-3-4-0	1-0-1-1-2-4-4-2-3-3-1-2	1-0-5-8-3-1-4-1-4-3-6-3	2-1-1-4-2-1-4-2-1-5-0-2	3-2-0-2-2-1-6-2-2-4-0-1	0-0-4-2-3-1-0-2-6-3-2-3	0-2-1-3-2-2-4-4-2-4-0-2	0-2-8-6-1-1-0-0-0-2-2-2	0-2-2-4-0-7-2-0-3-0-6-1
58	4	4-4-1-6-3-1-4-7-4-5-4-5	5-3-3-2-2-1-5-2-5-1-5-6	7-5-6-2-4-2-5-5-5-2-3-3	5-4-5-2-2-2-5-5-3-3-3-5	1-5-5-4-6-3-5-5-4-5-4-4	5-5-2-5-4-7-3-2-3-3-3-4	8-2-4-5-5-4-3-5-4-2-5-2	1-2-6-2-2-5-3-2-2-6-2-6	6-5-6-2-2-5-5-8-1-4-2-6	5-5-1-3-5-2-3-3-5-5-5-2	5-1-1-1-1-6-5-6-5-2-4-4	0-2-8-3-5-6-2-6-5-5-3-2
58	5	5-5-1-8-5-5-5-4-4-4-4-4	4-6-5-2-4-5-4-4-4-5-4-4	2-4-4-4-6-8-6-6-4-6-6-6	4-4-4-4-2-4-4-4-5-7-5-4	5-4-4-5-4-5-6-4-6-4-7-2	4-4-3-4-3-4-6-5-6-5-1-5	4-6-5-4-4-5-3-4-5-6-4-6	1-2-4-4-2-4-3-6-2-5-0-4	4-4-7-6-6-6-4-2-7-5-2-4	4-4-5-6-4-2-0-5-4-4-4-2	4-6-1-3-1-4-4-4-4-2-2-4	0-2-4-4-4-4-2-4-4-4-7-7
58	6	7-6-8-8-5-7-7-6-6-6-6-8	4-5-5-7-7-7-7-7-7-7-7-8	3-7-4-8-7-8-5-7-5-7-5-7	7-4-4-7-7-7-5-7-7-5-7-6	7-4-7-7-4-7-7-6-5-6-7-7	1-7-7-6-6-4-7-7-5-5-3-8	7-5-5-4-5-6-3-7-4-5-7-5	1-7-4-7-7-4-3-7-7-4-7-4	4-0-4-7-5-5-4-4-3-5-7-4	7-7-1-5-7-5-7-5-4-4-7-7	7-5-0-3-1-4-0-4-4-7-7-7	0-7-6-7-7-4-7-4-7-4-3-3
58	7	6-8-6-6-6-8-8-8-8-6-6-6	8-5-5-6-7-6-8-6-8-6-6-8	4-6-6-6-6-4-6-6-5-6-7-6	6-4-7-6-6-6-8-6-6-5-6-8	6-4-6-6-7-6-6-7-7-7-6-6	8-6-6-8-7-4-6-6-7-7-3-7	6-2-5-4-7-7-7-6-7-5-6-5	7-6-6-6-6-1-3-6-6-7-6-4	7-7-7-6-6-4-5-6-5-5-6-3	6-6-7-3-6-2-6-3-8-7-4-6	6-7-1-7-7-8-4-4-4-6-6-7	0-6-8-7-6-3-6-4-6-4-5-5
58	8	8-5-6-6-8-7-7-8-7-4-6-6	7-8-8-2-8-8-7-8-8-8-6-7	8-8-8-6-8-8-8-7-8-8-7-8	7-8-8-8-8-8-7-8-8-8-8-6	6-4-8-8-4-8-7-8-8-8-6-6	8-8-8-7-8-4-8-8-8-8-8-6	4-8-8-8-8-8-8-8-8-8-4-8	8-8-6-7-8-6-6-2-2-8-4-4	4-8-8-7-2-8-4-4-8-5-6-8	4-0-8-8-8-2-8-8-7-8-4-8	4-1-3-8-4-7-0-4-4-8-8-8	8-7-4-5-0-8-8-4-8-8-6-1
59	0	0-0-0-0-0-0-0-0-0-0-0-0	0-0-0-0-0-0-0-0-0-0-0-0	0-0-0-0-0-0-0-0-0-0-0-0	0-0-0-0-0-0-0-0-0-0-0-0	0-0-0-0-0-0-0-0-0-0-0-0	0-0-0-0-0-0-0-0-0-0-0-0	0-0-0-0-0-0-0-0-0-0-0-0	0-0-0-0-0-0-0-0-0-0-0-0	0-0-0-0-0-0-0-0-0-0-0-0	0-0-0-0-0-0-0-0-0-0-0-0	0-0-0-0-0-0-0-0-0-0-0-0	0-0-0-0-0-0-0-0-0-0-0-0
59	1	1-1-1-2-1-1-1-1-1-1-2-2	2-2-1-1-3-2-2-2-2-1-2-1	1-2-0-2-2-2-2-2-2-2-2-2	2-1-2-2-1-2-2-1-2-2-1-2	2-2-1-2-4-1-2-1-1-1-3-2	4-4-2-1-1-2-1-2-2-1-4-2	4-1-1-1-2-3-2-2-1-1-1-4	1-1-1-1-1-2-2-1-1-1-3-3	1-3-2-1-2-1-1-1-2-2-1-1	1-1-1-2-1-1-1-1-4-1-2-1	1-2-4-1-3-2-1-1-1-1-2-2	2-1-1-1-1-3-1-2-4-1-4-1
59	2	1-1-1-1-1-1-1-1-1-1-1-1	1-1-1-3-1-1-3-1-1-1-3-1	0-3-3-1-1-1-3-1-1-1-3-3	3-0-1-3-3-3-1-1-1-1-2-4	3-1-3-7-1-2-3-3-1-1-2-3	2-2-3-2-2-1-3-1-1-2-5-4	3-3-1-0-3-1-1-3-1-1-2-3	1-4-3-3-4-1-1-8-3-1-1-1	0-0-3-3-4-2-1-3-1-2-3-3	3-4-4-1-3-4-3-1-3-0-1-4	4-1-1-0-1-1-0-0-0-3-3-1	1-2-2-1-3-1-3-1-3-0-2-4
59	3	3-4-1-1-1-1-1-1-1-1-2-1	1-4-4-2-1-1-2-2-1-1-2-4	5-2-2-2-1-1-4-4-2-4-4-2	2-4-4-2-2-2-4-2-4-4-4-2	2-1-2-3-3-2-4-2-4-3-1-2	1-3-4-2-3-2-4-0-4-3-8-3	2-2-4-4-2-1-4-2-3-3-2-2	1-2-2-2-2-1-6-4-2-3-1-1	2-1-4-2-3-3-0-2-1-3-2-3	2-2-3-1-2-2-2-3-2-4-1-2	3-0-1-6-1-1-0-4-1-2-4-3	1-2-2-3-2-1-2-1-2-1-3-6
59	4	4-3-1-5-1-4-1-1-4-1-4-5	4-3-3-4-1-1-5-4-5-1-5-5	6-5-6-2-4-1-3-3-1-3-3-4	4-4-3-5-2-2-3-1-3-3-3-2	2-7-2-6-6-3-3-5-3-1-1-2	1-1-3-4-4-7-3-1-3-3-3-2	1-2-3-3-5-1-3-5-4-1-6-1	1-2-6-2-2-1-3-3-6-4-4-4	6-4-3-2-2-3-6-5-1-4-2-4	6-2-2-5-3-2-3-3-6-5-6-2	6-1-1-3-1-1-6-6-6-3-3-4	1-2-4-4-6-6-2-6-5-5-1-2
59	5	6-8-6-6-6-6-8-6-6-6-6-6	6-7-5-4-7-7-4-6-6-6-6-6	5-6-6-7-6-6-6-6-6-6-6-6	6-5-6-6-5-5-6-7-6-7-5-5	7-5-6-8-6-5-6-5-6-5-7-5	5-7-3-5-6-8-5-7-6-5-2-5	7-6-5-5-4-5-6-6-5-7-8-5	5-2-4-5-2-6-3-6-4-5-5-6	5-4-7-5-7-7-7-4-6-5-2-7	4-5-5-5-5-6-6-3-4-4-4-2	7-6-5-3-8-8-4-4-4-5-6-5	7-8-7-8-4-7-6-4-5-4-5-8
59	6	5-5-5-5-5-5-5-5-5-5-5-5	5-5-5-8-5-5-8-7-5-5-5-5	4-7-5-5-7-5-7-5-5-5-5-5	7-4-5-5-7-7-5-6-5-5-7-4	7-5-5-7-4-6-7-7-5-5-5-7	5-5-7-6-4-4-7-6-5-6-3-7	6-5-5-7-7-5-5-7-5-5-4-6	5-6-4-7-7-5-3-7-7-5-7-5	4-4-4-6-7-5-4-7-5-5-6-4	4-7-6-7-7-5-5-3-4-5-4-7	4-5-8-3-5-5-4-4-7-5-5-6	5-5-5-7-7-4-5-4-7-6-7-3
59	7	5-5-5-4-5-5-5-5-5-5-5-8	5-5-5-6-5-5-6-6-5-5-5-5	5-6-6-5-6-5-6-5-6-5-7-5	6-7-7-5-6-6-8-6-5-5-6-4	6-4-6-6-7-6-8-6-7-7-5-6	5-5-6-6-4-8-6-6-7-7-3-7	6-6-3-7-8-7-5-6-7-5-6-6	5-6-4-6-6-5-3-6-6-5-6-7	7-4-5-6-6-5-5-6-5-5-6-5	7-7-7-6-6-5-7-3-8-5-6-6	5-5-6-3-6-8-4-5-6-7-5-7	5-5-5-6-6-5-5-4-6-4-6-6
59	8	8-5-5-5-8-5-5-8-5-5-5-7	5-5-8-6-8-5-6-8-8-8-7-7	8-7-8-5-8-6-7-7-7-8-5-8	7-8-5-8-8-8-7-8-7-8-8-4	8-4-8-8-8-8-7-8-8-8-6-8	5-8-8-6-8-7-8-8-8-8-3-8	7-8-8-5-7-8-8-6-8-8-5-6	8-6-2-7-8-7-8-2-6-5-5-5	7-8-8-8-2-8-8-6-5-5-6-5	6-4-8-8-8-7-6-5-7-8-5-8	5-5-6-3-5-5-4-4-5-7-8-8	5-5-4-5-6-8-8-4-8-8-6-5
60	0	0-0-0-0-0-0-0-0-0-0-0-0	0-0-0-0-0-0-0-0-0-0-0-0	0-0-0-0-0-0-0-0-0-0-0-0	0-0-0-0-0-0-0-0-0-0-0-0	0-0-0-0-0-0-0-0-0-0-0-0	0-0-0-0-0-0-0-0-0-0-0-0	0-0-0-0-0-0-0-0-0-0-0-0	0-0-0-0-0-0-0-0-0-0-0-0	0-0-0-0-0-0-0-0-0-0-0-0	0-0-0-0-0-0-0-0-0-0-0-0	0-0-0-0-0-0-0-0-0-0-0-0	0-0-0-0-0-0-0-0-0-0-0-0
60	1	3-1-2-2-1-1-1-1-2-1-2-2	2-2-1-0-2-2-0-2-2-2-0-1	2-2-4-2-2-2-2-2-3-2-3-2	2-1-2-2-1-2-2-2-2-2-1-0	3-0-1-2-4-1-2-1-1-2-3-1	2-4-3-2-2-2-1-2-1-1-0-2	1-1-1-1-2-3-2-2-2-3-0-2	1-1-2-1-1-3-1-2-0-1-3-3	1-3-2-1-1-2-2-1-2-1-1-3	2-1-1-2-1-1-1-1-2-3-2-1	1-3-0-1-1-2-4-1-3-1-2-1	2-1-1-1-2-1-1-3-0-1-2-1
60	2	1-1-1-1-1-1-1-1-1-1-1-1	1-1-1-4-1-1-0-1-1-1-3-1	1-3-0-1-1-1-1-1-1-1-1-1	3-3-1-1-3-3-1-7-1-1-1-1	7-0-1-1-1-3-3-3-1-1-1-1	1-1-1-1-1-4-3-1-1-1-0-1	2-1-1-0-3-2-1-3-1-2-0-3	1-2-1-3-3-1-2-1-7-1-1-4	0-1-1-3-4-2-1-3-1-2-3-1	1-7-1-1-3-3-1-1-3-1-1-3	1-1-0-1-1-1-1-1-1-2-1-1	1-3-2-1-1-2-3-0-0-1-1-2
60	3	1-3-1-1-3-1-1-1-1-1-1-1	1-4-3-2-1-1-0-4-2-1-2-2	1-2-1-1-4-1-4-3-1-2-4-4	2-4-4-1-2-2-1-1-4-4-4-1	1-0-5-6-1-2-4-2-4-3-1-1	1-3-7-2-3-2-2-1-1-3-5-3	2-4-1-0-2-3-6-2-1-1-0-2	1-2-4-2-2-1-3-4-2-1-1-1	0-1-1-2-6-1-1-2-1-3-2-4	1-1-3-1-2-2-5-4-2-1-8-6	7-1-0-5-1-1-1-7-1-2-1-6	1-2-0-3-1-1-2-1-0-1-1-1
60	4	1-3-1-5-3-4-4-3-5-1-1-1	4-3-3-2-1-1-5-5-1-1-5-5	7-5-7-5-4-5-3-4-5-5-3-5	5-7-5-5-2-5-1-2-4-3-3-0	1-5-4-4-6-3-3-5-4-1-1-8	1-1-3-4-4-2-3-7-1-1-4-1	4-3-3-0-5-4-3-5-1-1-4-1	1-2-3-2-2-6-3-6-2-4-4-7	0-6-1-3-2-1-4-2-3-4-3-3	5-2-3-5-1-2-3-3-5-6-5-2	1-2-0-1-1-6-6-6-6-0-2-3	1-2-4-1-1-1-2-7-8-7-1-1
60	5	6-6-7-6-6-6-6-6-6-6-6-6	6-6-5-6-6-6-6-6-6-6-4-6	5-6-6-6-6-7-6-6-6-6-6-6	6-5-6-6-7-7-7-6-5-7-5-5	7-6-5-7-5-6-6-5-5-6-7-5	8-7-6-6-7-7-6-7-6-5-3-5	8-5-5-5-6-7-3-6-5-5-8-5	7-2-7-6-5-7-5-6-2-7-6-5	5-7-6-6-8-7-7-6-6-5-6-6	7-8-5-6-5-6-6-8-6-4-7-2	8-8-6-6-8-8-4-8-8-5-6-7	8-6-6-6-6-6-7-4-7-6-6-8
60	6	5-8-5-5-5-5-5-5-5-5-5-5	5-5-5-5-5-5-5-5-5-5-5-5	5-5-5-5-5-5-7-5-5-5-7-5	5-4-5-5-2-5-5-5-7-5-7-5	5-5-5-7-4-5-7-5-7-5-5-5	5-5-5-5-5-5-7-5-5-6-7-5	4-5-7-5-5-6-7-5-6-5-5-7	5-6-5-7-7-5-7-7-2-5-7-4	5-4-7-5-3-5-4-5-7-5-7-5	5-5-6-5-7-5-7-6-5-4-5-3	5-5-7-5-5-5-4-4-4-5-5-5	7-5-5-5-5-5-5-4-4-5-7-5
60	7	5-6-5-5-5-8-5-5-5-5-5-8	5-6-6-5-5-5-5-4-5-5-5-5	8-5-4-5-5-5-6-5-5-5-6-5	5-4-5-5-5-5-8-2-6-5-6-8	5-4-5-6-4-6-6-7-6-5-5-5	5-5-3-8-7-5-6-5-7-7-7-8	8-5-6-5-7-5-7-5-7-5-5-6	5-2-5-6-6-5-6-6-2-5-6-4	5-7-6-6-7-5-5-8-6-5-6-5	5-6-6-5-6-2-6-6-8-5-7-2	5-7-6-5-7-5-4-4-4-5-5-5	6-5-8-5-7-5-5-4-4-4-6-5
60	8	8-6-5-6-5-7-5-8-5-5-5-7	5-5-8-5-8-5-7-5-8-8-5-7	8-8-8-5-5-5-7-5-5-8-5-8	7-8-5-8-8-8-7-8-7-8-8-7	5-5-8-8-5-8-7-8-8-5-7-8	5-8-8-7-8-5-7-5-8-8-8-7	7-8-8-8-5-8-7-8-8-8-5-7	8-8-8-7-8-5-7-2-2-5-5-5	7-7-8-8-5-8-8-7-7-5-6-5	5-5-6-7-8-5-8-5-7-8-7-8	5-5-7-8-5-5-4-5-5-5-8-8	5-5-7-5-5-8-8-5-4-8-5-5
61	0	0-0-0-0-0-0-0-0-0-0-0-0	0-0-0-0-0-0-0-0-0-0-0-0	0-0-0-0-0-0-0-0-0-0-0-0	0-0-0-0-0-0-0-0-0-0-0-0	0-0-0-0-0-0-0-0-0-0-0-0	0-0-0-0-0-0-0-0-0-0-0-0	0-0-0-0-0-0-0-0-0-0-0-0	0-0-0-0-0-0-0-0-0-0-0-0	0-0-0-0-0-0-0-0-0-0-0-0	0-0-0-0-0-0-0-0-0-0-0-0	0-0-0-0-0-0-0-0-0-0-0-0	0-0-0-0-0-0-0-0-0-0-0-0
61	1	1-1-1-1-1-1-1-1-1-1-1-1	2-0-0-1-0-0-0-2-0-1-0-0	0-2-0-1-2-0-0-3-0-2-2-2	2-2-0-3-2-2-0-1-1-0-2-0	2-0-0-0-0-1-2-2-0-2-3-2	2-0-2-1-1-2-2-2-1-1-0-3	1-2-0-0-2-0-1-2-0-1-2-2	1-3-1-2-4-0-1-6-0-0-1-0	1-0-2-2-3-0-0-3-0-1-4-1	0-4-0-0-2-4-2-1-2-0-0-1	1-3-0-0-0-1-0-0-1-2-2-1	0-2-1-0-7-1-4-0-1-1-1-4
61	2	2-2-1-2-2-2-2-2-2-2-2-2	1-3-2-1-3-3-1-3-2-2-0-2	3-1-0-2-1-1-3-4-3-3-3-1	1-1-3-1-1-1-3-2-3-2-1-2	1-0-0-3-2-3-3-1-2-1-1-1	1-0-1-1-2-1-3-1-2-2-2-1	5-1-2-0-1-2-3-1-2-2-1-1	2-1-1-4-1-3-6-3-3-2-6-3	2-0-1-1-0-4-0-1-2-3-1-2	0-1-2-1-1-1-1-3-1-3-3-1	3-1-0-2-0-0-0-2-3-1-1-2	0-1-0-3-0-1-3-0-1-5-1-2
61	3	3-3-4-5-2-3-3-2-3-4-4-4	3-2-2-3-2-4-4-4-4-2-4-4	2-4-4-4-3-5-4-4-2-2-2-3	4-4-4-4-1-4-2-0-2-2-2-7	1-4-0-2-4-2-4-4-3-3-1-3	4-0-1-3-3-4-2-1-2-3-0-4	0-1-2-3-4-3-4-4-3-1-4-2	4-1-1-2-1-4-1-2-3-3-3-4	3-4-1-1-1-3-3-4-6-2-1-4	4-5-0-4-1-1-2-2-4-4-2-1	4-1-4-2-0-4-4-4-4-1-1-4	3-2-4-2-4-1-2-3-4-1-0-1
61	4	4-4-4-4-5-3-4-4-3-3-3-3	3-5-4-3-4-3-3-3-3-3-3-3	5-3-3-1-1-6-3-5-5-5-3-4	3-3-3-3-1-3-5-0-5-4-5-0	1-3-0-2-3-5-3-3-5-5-4-3	3-0-1-3-3-3-5-1-4-4-0-4	0-5-4-4-3-3-3-3-4-4-3-5	3-1-5-5-1-3-4-3-5-4-3-3	4-3-4-1-4-2-3-5-5-6-1-2	3-5-4-5-2-5-5-4-3-3-5-5	3-5-3-4-7-3-3-3-3-1-5-5	6-1-3-0-3-1-1-3-3-1-1-1
61	5	6-6-6-7-6-6-7-6-6-5-6-6	6-6-6-7-6-5-6-6-6-6-6-6	5-6-6-6-6-6-6-6-6-6-5-5	6-6-5-6-6-6-6-6-6-6-6-7	6-3-7-6-4-4-6-6-4-4-7-6	5-4-6-7-5-3-4-6-4-5-5-6	7-4-5-4-4-5-6-7-5-6-6-6	5-6-4-6-6-4-5-7-7-6-6-3	5-4-4-6-6-2-3-4-4-5-6-6	5-6-5-4-6-6-6-7-4-3-6-6	3-4-3-2-7-6-3-3-6-6-4-4	7-6-5-6-6-5-6-3-6-2-6-5
61	6	5-5-5-5-5-5-5-5-5-5-5-5	5-5-5-5-5-7-5-5-5-5-7-5	5-5-5-5-5-5-5-5-5-5-6-5	5-6-6-5-5-5-7-5-5-5-5-0	5-3-0-5-6-5-5-5-6-6-5-5	7-0-5-5-6-3-5-5-6-6-2-6	7-1-4-7-7-6-5-7-6-5-5-5	6-5-1-5-1-6-2-1-7-6-5-3	6-6-6-5-5-6-6-5-4-4-5-5	6-5-6-4-6-5-5-4-7-6-5-5	5-6-6-2-7-7-6-6-5-5-6-6	4-5-6-5-5-6-5-3-5-5-5-7
61	7	7-6-5-5-7-6-5-7-5-5-5-7	5-5-7-5-7-6-6-7-7-7-6-7	7-7-7-5-7-5-5-5-6-7-5-7	5-7-7-5-7-7-6-7-7-7-7-3	5-3-7-7-7-7-6-7-7-7-5-7	6-7-6-5-7-6-7-7-7-7-7-7	5-7-7-7-6-7-7-7-7-5-6-5	7-7-5-6-7-6-7-5-5-0-5-7	5-7-6-6-5-7-7-6-7-4-5-5	5-7-7-7-7-5-5-5-7-7-7-7	4-5-4-4-4-6-6-3-7-6-7-7	6-6-6-7-1-7-7-3-7-7-6-7
62	0	0-0-0-0-0-0-0-0-0-0-0-0	0-0-0-0-0-0-0-0-0-0-0-0	0-0-0-0-0-0-0-0-0-0-0-0	0-0-0-0-0-0-0-0-0-0-0-0	0-0-0-0-0-0-0-0-0-0-0-0	0-0-0-0-0-0-0-0-0-0-0-0	0-0-0-0-0-0-0-0-0-0-0-0	0-0-0-0-0-0-0-0-0-0-0-0	0-0-0-0-0-0-0-0-0-0-0-0	0-0-0-0-0-0-0-0-0-0-0-0	0-0-0-0-0-0-0-0-0-0-0-0	0-0-0-0-0-0-0-0-0-0-0-0
62	1	1-1-1-1-0-1-1-1-1-0-0-1	1-0-0-2-0-0-0-0-0-0-0-0	2-3-0-4-2-4-2-0-0-2-1-2	2-0-0-3-2-2-0-1-1-1-1-0	1-0-1-0-2-2-2-2-1-1-0-2	2-3-2-0-0-3-2-3-1-1-0-2	2-2-1-0-2-2-1-0-1-1-0-2	1-1-1-2-0-3-1-6-1-0-0-0	1-0-2-2-3-1-0-2-0-1-1-1	0-1-1-2-2-1-0-3-2-0-0-3	2-1-0-3-3-2-0-1-2-1-1-1	1-2-1-1-3-1-2-0-1-1-1-1
62	2	2-2-2-2-3-2-2-2-2-2-2-3	1-3-2-1-0-2-0-3-3-3-0-3	1-2-4-1-1-1-3-3-3-1-3-1	1-2-2-1-1-1-4-1-3-4-3-0	2-0-1-2-1-1-3-1-3-2-0-1	1-2-4-0-2-1-3-1-2-2-5-1	1-1-2-3-1-1-4-1-2-2-0-1	3-3-0-1-2-3-4-4-2-0-0-3	3-0-1-1-4-2-2-1-4-2-0-3	0-1-2-6-1-1-6-2-1-3-0-1	3-1-0-4-0-1-3-3-3-1-1-0	1-1-1-2-2-1-1-0-1-1-1-6
62	3	2-2-1-4-2-4-3-2-3-3-3-2	4-2-2-1-4-4-4-2-4-2-4-4	5-4-5-1-2-1-2-2-4-1-2-2	4-4-4-4-1-1-4-1-2-2-2-3	5-4-3-3-4-1-4-3-4-4-4-6	1-1-2-3-4-1-2-1-2-2-0-4	4-1-3-4-4-0-3-3-1-5-4-3	2-2-4-1-3-4-3-0-3-4-4-4	4-4-4-1-1-3-4-4-6-3-0-2	4-1-2-6-0-1-2-3-4-4-5-1	4-1-4-2-1-3-2-4-4-1-1-3	4-1-3-3-4-4-1-4-1-5-0-1
62	4	4-4-4-6-2-3-4-4-3-4-3-4	3-2-2-5-3-3-3-3-3-5-3-3	4-5-5-5-5-6-5-5-3-5-5-4	5-3-3-3-5-5-2-1-5-2-5-3	4-3-5-3-3-5-5-5-3-3-6-5	5-5-5-4-3-1-5-5-2-2-2-5	4-2-2-3-3-4-2-5-4-2-5-4	2-4-3-5-5-3-2-5-4-3-5-3	3-3-3-5-6-3-3-5-2-2-5-2	3-5-4-5-5-1-5-2-4-3-5-1	3-4-3-2-6-4-4-3-3-5-4-5	3-5-4-4-3-4-4-3-5-4-5-4
62	5	4-6-4-5-5-6-6-4-6-5-5-6	6-2-2-4-5-6-4-3-6-5-4-6	6-4-4-4-4-4-4-6-4-4-6-4	4-5-5-3-4-4-6-4-4-3-4-6	4-3-4-4-3-4-6-4-5-3-3-4	6-5-4-6-5-1-4-4-5-5-2-5	6-1-2-3-6-5-3-6-5-3-4-4	5-5-4-4-4-3-2-4-4-3-4-3	5-5-4-4-5-3-2-4-3-3-4-5	3-4-5-4-4-1-4-6-5-3-4-1	4-5-3-5-0-6-5-5-5-4-4-5	3-4-6-5-5-4-4-3-4-4-4-1
62	6	6-5-4-4-6-5-5-6-5-5-4-5	5-6-6-4-6-6-5-6-5-6-3-5	6-6-6-4-6-4-6-5-6-6-5-6	5-6-6-6-6-6-5-6-5-6-6-5	4-3-6-6-5-6-5-6-6-6-4-3	5-6-6-6-6-6-6-6-6-6-6-5	5-6-6-6-5-6-2-5-6-4-6-6	6-6-4-5-6-5-4-4-4-3-5-3	5-6-6-6-4-6-6-4-3-3-6-2	5-4-6-3-6-1-6-5-5-6-3-6	2-6-2-5-4-6-5-3-3-5-6-6	6-5-5-4-5-6-6-3-4-6-4-6
63	0	0-0-0-0-0-0-0-0-0-0-0-0	0-0-0-0-0-0-0-0-0-0-0-0	0-0-0-0-0-0-0-0-0-0-0-0	0-0-0-0-0-0-0-0-0-0-0-0	0-0-0-0-0-0-0-0-0-0-0-0	0-0-0-0-0-0-0-0-0-0-0-0	0-0-0-0-0-0-0-0-0-0-0-0	0-0-0-0-0-0-0-0-0-0-0-0	0-0-0-0-0-0-0-0-0-0-0-0	0-0-0-0-0-0-0-0-0-0-0-0	0-0-0-0-0-0-0-0-0-0-0-0	0-0-0-0-0-0-0-0-0-0-0-0
63	1	1-1-1-1-1-0-1-2-1-1-1-1	1-0-0-1-0-2-1-0-2-1-2-2	2-1-2-0-0-2-0-1-0-0-2-0	2-2-2-2-1-2-0-2-0-0-0-1	0-0-0-0-2-0-2-1-0-1-1-1	1-0-0-2-2-1-0-0-0-0-0-2	0-0-0-4-0-0-0-0-0-1-0-2	0-0-0-0-0-2-0-0-0-2-0-0	1-1-1-1-1-0-1-2-0-1-1-1	0-1-1-0-0-0-0-0-1-2-4-0	0-0-1-1-1-1-2-3-0-1-0-1	0-0-1-1-5-1-1-1-1-1-1-1
63	2	2-3-2-2-2-2-2-2-2-2-2-2	1-0-0-2-2-2-3-3-1-2-3-3	1-3-1-5-3-1-3-4-0-3-1-3	3-1-1-4-4-3-1-4-3-0-2-2	5-1-0-3-1-2-3-3-2-1-1-4	3-0-3-1-1-4-3-5-0-2-0-4	3-4-2-2-3-2-3-3-2-5-3-3	0-2-5-3-3-1-3-4-2-1-0-3	2-1-3-3-5-3-0-3-0-2-2-3	3-5-1-0-3-2-0-0-3-1-3-5	0-2-1-0-0-3-1-2-0-3-4-1	0-2-4-1-4-2-3-1-2-2-2-2
63	3	3-3-2-3-3-3-3-3-3-3-3-2	1-3-3-2-4-4-2-4-2-3-2-4	1-2-1-2-2-2-4-5-5-2-4-2	2-2-4-2-2-2-4-2-4-3-4-2	3-3-4-2-1-2-4-2-4-3-2-2	2-4-4-4-3-2-2-2-3-3-4-3	5-2-3-3-2-4-2-2-3-3-2-2	3-3-2-4-2-1-7-2-2-0-5-2	0-3-2-2-0-2-3-2-3-3-4-2	4-4-0-0-2-4-4-8-4-5-2-2	4-2-4-3-4-2-6-4-5-4-2-5	8-2-2-4-1-4-2-1-3-3-3-2
63	4	4-4-2-4-3-4-4-4-3-4-3-5	1-3-5-2-3-4-2-3-5-5-2-3	5-2-1-2-2-5-5-2-5-2-5-5	2-5-5-2-2-2-3-2-5-5-3-2	2-1-3-5-1-3-5-4-3-1-2-2	2-3-3-3-5-2-5-2-4-4-9-2	3-2-4-1-2-3-5-5-4-3-2-2	5-5-2-3-2-4-8-2-2-4-3-4	5-1-3-2-4-2-9-2-5-4-3-2	3-3-4-5-5-3-3-5-3-6-5-2	3-2-4-4-5-2-3-3-3-3-2-4	6-2-2-3-4-4-2-1-1-3-7-3
63	5	5-4-4-6-3-4-5-6-5-5-5-6	5-4-4-2-3-5-6-7-6-4-6-4	7-6-8-2-2-6-4-3-4-2-4-4	5-7-4-2-2-2-4-2-4-4-6-8	2-5-7-4-7-3-4-5-4-3-2-5	2-7-3-6-4-2-4-2-3-4-4-6	7-2-4-7-6-5-4-4-4-2-3-4	5-4-2-3-2-7-4-4-7-5-7-5	4-5-5-2-2-6-5-6-4-5-3-7	5-2-4-4-7-7-4-4-7-8-6-2	7-2-5-4-4-9-3-7-6-5-6-3	5-2-5-5-6-5-7-5-6-3-2-2
63	6	7-9-7-5-7-7-8-7-7-7-7-7	7-7-7-2-8-7-5-7-7-7-7-7	6-7-7-8-7-7-7-7-7-7-7-7	7-6-7-7-7-7-7-8-7-8-6-6	8-7-7-7-5-6-7-6-7-7-8-6	7-5-7-7-5-7-6-7-7-6-0-6	9-7-6-5-6-7-8-7-6-8-6-8	6-6-7-5-7-5-6-7-2-5-9-7	6-9-9-7-8-8-7-5-7-5-6-6	7-7-7-9-5-6-7-6-5-7-7-2	9-8-7-8-7-7-8-3-9-6-7-3	7-8-5-5-7-8-8-8-6-7-6-9
63	7	6-6-6-8-6-6-6-6-6-6-6-6	6-6-6-8-6-6-6-6-6-6-7-6	5-8-6-6-8-6-6-6-6-6-6-6	8-5-6-6-8-8-6-6-6-6-8-5	7-6-8-6-5-8-8-7-6-6-6-8	6-5-6-6-5-6-8-6-6-6-0-7	8-6-6-5-6-7-6-6-6-7-8-7	6-8-6-8-8-5-3-8-9-5-8-6	6-1-6-8-6-6-6-8-6-6-8-5	6-8-6-8-8-5-6-6-5-6-6-2	5-2-6-3-6-6-6-5-6-6-6-7	6-7-5-5-6-6-5-6-8-6-8-6
63	8	6-6-7-7-6-6-6-6-6-6-6-9	6-6-6-7-6-6-6-6-6-6-7-6	6-7-5-6-7-6-7-6-6-7-8-6	7-8-8-6-7-7-6-6-6-6-7-5	6-6-7-6-8-7-9-7-8-6-6-7	9-6-6-6-8-9-7-6-8-8-3-8	7-6-4-5-9-8-6-7-8-6-7-7	8-7-2-7-7-8-4-7-7-6-7-8	8-6-5-9-6-6-6-7-4-6-7-5	6-7-8-6-7-9-6-6-9-5-7-2	6-6-8-3-7-6-6-5-7-8-6-8	6-9-5-5-8-6-6-6-7-6-7-6
63	9	9-6-7-7-6-6-6-9-6-6-6-8	6-6-9-7-9-6-7-9-9-9-7-8	9-9-9-6-9-6-8-8-8-9-6-9	9-9-9-9-9-9-8-9-6-9-9-5	6-5-9-9-9-9-8-9-9-9-6-9	6-9-9-7-9-6-9-9-9-9-4-9	6-9-9-6-8-9-9-9-9-9-6-7	9-9-6-8-9-8-8-7-7-5-6-6	8-9-9-8-2-9-9-7-9-6-7-5	8-9-9-9-9-8-9-8-8-9-6-9	6-6-4-9-6-5-6-6-6-6-9-9	6-8-5-5-6-9-9-6-9-9-7-6
64	0	0-0-0-0-0-0-0-0-0-0-0-0	0-0-0-0-0-0-0-0-0-0-0-0	0-0-0-0-0-0-0-0-0-0-0-0	0-0-0-0-0-0-0-0-0-0-0-0	0-0-0-0-0-0-0-0-0-0-0-0	0-0-0-0-0-0-0-0-0-0-0-0	0-0-0-0-0-0-0-0-0-0-0-0	0-0-0-0-0-0-0-0-0-0-0-0	0-0-0-0-0-0-0-0-0-0-0-0	0-0-0-0-0-0-0-0-0-0-0-0	0-0-0-0-0-0-0-0-0-0-0-0	0-0-0-0-0-0-0-0-0-0-0-0
64	1	1-1-0-1-1-1-1-1-0-1-1-1	0-2-1-0-0-0-0-2-0-1-0-0	2-1-0-0-0-0-2-3-0-0-2-2	0-0-0-0-0-0-0-0-2-2-2-0	1-0-0-0-0-2-2-0-1-0-0-0	0-2-0-0-0-0-2-0-2-1-0-0	1-2-1-0-2-0-0-0-4-1-0-2	2-0-0-0-1-0-1-0-0-1-0-0	1-0-1-0-1-0-1-2-0-1-0-0	0-1-3-0-0-0-0-0-0-0-0-1	0-0-0-1-2-0-0-0-0-0-0-3	1-1-1-0-1-0-0-0-0-0-1-1
64	2	2-1-2-1-1-1-2-1-2-2-2-2	3-1-1-2-1-1-0-1-0-3-3-0	1-3-3-4-3-3-3-1-0-2-1-1	3-1-2-4-3-3-0-8-3-1-3-0	5-0-2-3-0-3-3-3-2-2-4-3	3-1-3-2-2-4-3-4-1-1-7-3	1-4-1-0-3-0-3-3-1-2-1-5	1-4-2-3-3-0-2-9-2-0-3-0	0-0-3-3-4-5-0-3-2-2-5-2	0-3-0-1-3-3-3-2-3-0-1-4	0-2-2-1-1-0-1-0-1-5-3-2	1-3-2-5-0-2-4-0-2-3-2-4
64	3	3-4-0-3-3-3-3-3-3-3-3-3	2-4-4-2-4-4-2-4-4-3-4-4	2-3-2-2-2-2-4-5-5-4-4-4	2-3-3-2-2-2-3-2-4-3-4-0	2-0-2-2-3-4-4-2-5-3-2-2	2-2-4-0-4-4-4-3-3-3-3-3	5-5-3-0-2-3-5-2-3-3-0-2	1-5-0-2-2-4-4-5-3-6-2-0	3-0-2-2-5-2-3-4-5-7-2-3	0-2-5-6-5-2-2-3-2-4-0-2	0-3-3-4-0-6-0-0-0-2-2-1	8-2-2-0-0-5-2-0-0-3-4-1
64	4	4-3-4-4-3-4-4-4-4-5-5-5	5-3-3-5-3-5-4-3-5-5-5-5	7-5-5-2-4-2-5-6-5-3-3-3	5-5-5-5-2-6-5-4-3-3-3-7	4-9-4-4-5-3-5-5-4-4-2-9	5-5-3-5-8-9-3-2-1-3-3-5	4-2-4-5-5-4-3-5-1-2-7-4	7-3-7-5-3-7-3-2-4-4-5-5	7-5-5-2-2-4-7-3-8-5-2-4	5-4-4-9-5-2-0-3-5-5-5-2	7-0-0-3-5-0-7-7-7-2-0-4	3-2-5-0-7-3-2-8-5-5-3-1
64	5	5-5-5-5-5-5-5-5-5-4-4-4	4-6-6-4-7-4-4-3-4-4-4-4	4-4-4-2-2-7-4-4-6-6-6-6	4-4-4-4-2-4-4-2-6-8-6-6	2-6-6-4-4-6-4-6-6-6-4-2	4-4-3-4-4-4-6-4-5-5-0-4	3-3-3-4-4-5-3-4-5-3-6-8	5-3-4-6-2-4-3-3-2-5-4-4	5-4-4-4-3-4-5-7-3-4-6-5	4-3-3-6-3-2-2-4-4-4-4-2	8-7-8-5-4-6-4-4-7-2-6-1	3-5-4-2-5-3-2-0-4-5-5-8
64	6	7-6-7-6-5-7-7-8-7-7-7-7	7-5-5-7-7-7-7-6-7-7-7-7	6-7-8-7-6-8-6-9-7-7-6-6	7-6-7-7-8-8-7-6-5-6-5-5	8-5-5-7-5-5-7-7-5-6-8-7	6-7-7-7-8-7-5-8-7-6-3-7	8-7-6-5-7-6-7-7-6-6-5-7	6-7-4-7-8-9-9-8-6-6-8-6	6-4-4-7-8-8-4-5-8-8-8-8	6-8-7-3-7-8-7-6-7-7-7-8	6-5-7-6-7-5-6-4-8-7-7-8	7-7-6-7-7-7-7-7-7-6-7-6
64	7	6-9-6-6-7-6-6-6-6-6-6-6	6-8-7-6-6-6-6-8-6-6-6-6	4-6-6-6-2-6-8-8-6-6-8-8	6-4-6-6-6-6-6-2-8-6-8-4	6-4-4-6-4-8-8-6-8-6-6-6	6-6-6-6-4-4-8-6-5-7-2-6	9-6-8-4-6-9-8-6-5-3-4-6	4-6-4-6-6-4-6-6-2-5-6-4	4-4-5-6-7-6-4-9-9-9-6-6	4-6-6-8-6-2-8-6-6-6-4-9	4-5-6-4-6-9-4-4-4-6-6-7	6-6-4-6-6-6-6-6-6-4-6-7
64	8	6-7-6-6-7-6-6-6-6-6-6-9	6-7-7-6-6-6-6-7-6-6-6-6	4-8-6-6-6-8-7-7-6-8-7-7	6-8-8-6-6-6-6-2-7-5-7-4	6-4-7-6-4-7-7-6-7-8-6-6	9-6-7-9-6-9-7-6-8-7-0-9	9-7-7-4-7-8-7-7-8-6-9-6	4-6-2-6-6-8-6-6-9-4-6-8	8-8-5-6-6-6-7-8-6-6-6-6	9-6-8-7-6-9-7-3-9-8-8-6	5-8-5-5-7-8-4-4-6-8-8-8	7-6-8-7-8-8-2-4-6-4-8-8
64	9	9-7-6-6-9-9-6-9-6-6-6-8	6-7-9-6-9-6-6-9-6-9-6-6	9-8-9-6-9-9-8-6-8-9-5-9	8-9-9-9-9-9-4-9-8-9-9-4	9-4-9-9-9-9-8-9-9-9-6-9	8-9-9-8-9-8-9-9-9-9-9-9	8-9-9-9-8-9-9-9-9-9-7-6	9-9-9-8-9-6-6-2-8-9-6-6	8-9-9-8-6-9-9-8-9-7-6-6	8-6-9-9-9-8-9-6-8-9-7-9	4-5-7-7-7-8-4-5-4-8-9-9	6-8-8-6-8-9-9-4-9-9-3-9
65	0	0-0-0-0-0-0-0-0-0-0-0-0	0-0-0-0-0-0-0-0-0-0-0-0	0-0-0-0-0-0-0-0-0-0-0-0	0-0-0-0-0-0-0-0-0-0-0-0	0-0-0-0-0-0-0-0-0-0-0-0	0-0-0-0-0-0-0-0-0-0-0-0	0-0-0-0-0-0-0-0-0-0-0-0	0-0-0-0-0-0-0-0-0-0-0-0	0-0-0-0-0-0-0-0-0-0-0-0	0-0-0-0-0-0-0-0-0-0-0-0	0-0-0-0-0-0-0-0-0-0-0-0	0-0-0-0-0-0-0-0-0-0-0-0
65	1	0-1-0-2-0-1-1-1-1-0-1-2	0-2-1-0-0-2-0-1-0-1-0-0	1-0-0-0-0-0-2-0-0-0-2-0	0-0-2-0-0-0-0-1-2-2-2-0	0-0-0-0-0-2-2-0-1-0-0-0	0-0-0-0-0-0-2-0-2-1-1-0	0-1-1-0-2-1-2-0-1-3-0-1	2-1-0-0-1-0-2-0-0-1-0-0	0-0-2-0-0-0-0-0-2-2-0-1	0-0-1-2-2-0-2-1-0-0-0-1	3-2-0-0-1-0-0-1-0-1-0-1	0-0-0-2-1-1-0-0-0-0-0-0
65	2	2-1-2-1-2-2-2-2-2-2-3-3	3-1-1-3-0-1-4-4-3-3-3-3	4-3-5-3-3-3-3-0-0-3-1-3	3-3-3-3-3-4-1-3-2-1-1-5	4-0-4-3-0-1-3-3-1-3-3-5	5-4-3-2-2-5-3-3-1-1-0-3	3-1-1-0-3-0-1-3-1-2-2-3	1-4-5-3-3-0-1-2-5-1-5-0	2-0-3-3-5-3-0-3-3-1-3-6	3-5-2-1-3-2-3-1-3-0-0-5	3-5-2-0-1-3-2-0-1-2-4-1	2-3-5-1-5-2-3-0-2-2-2-5
65	3	2-3-2-3-3-2-3-3-3-3-3-2	2-5-3-2-3-4-2-4-2-2-2-2	4-2-2-2-2-2-4-4-2-2-4-2	2-2-2-2-2-2-4-2-4-3-4-2	2-0-2-2-0-4-4-2-4-2-2-2	2-3-4-0-3-0-4-2-3-3-6-2	2-2-5-2-2-0-4-2-1-1-2-2	3-2-2-4-2-0-6-2-0-3-5-0	3-0-2-2-3-2-3-2-4-3-4-4	4-4-0-4-2-2-2-3-4-3-4-2	4-2-4-3-5-2-2-3-0-2-5-4	7-2-2-3-4-3-2-0-6-0-3-0
65	4	3-5-2-4-3-4-4-4-4-4-4-2	2-6-5-2-4-4-2-5-0-2-2-5	3-2-2-2-2-5-5-3-7-2-5-5	2-5-5-2-2-2-7-2-5-6-3-2	2-0-2-5-0-3-5-4-3-4-2-2	5-7-3-0-4-2-5-2-4-4-7-2	7-2-7-0-5-4-5-5-4-3-2-5	5-2-2-3-2-0-7-5-4-5-6-0	4-0-5-2-3-2-6-3-3-7-3-3	3-3-4-5-2-6-2-5-3-0-3-2	3-0-3-6-8-0-2-3-0-2-2-3	7-2-2-5-3-2-2-0-6-5-5-7
65	5	6-4-5-5-3-4-5-6-4-5-5-7	6-4-4-2-4-4-8-6-7-5-6-4	7-6-6-6-4-6-4-6-8-6-4-4	6-6-4-2-5-2-6-2-4-4-3-2	2-7-8-4-6-3-6-6-5-6-2-8	7-6-4-5-5-2-4-5-3-4-4-6	4-2-3-6-6-5-4-4-4-5-6-4	4-2-2-3-4-6-3-5-2-6-4-0	5-7-6-3-2-0-6-6-4-5-3-2	8-2-7-4-3-2-3-4-6-6-5-2	6-2-5-4-3-5-7-7-7-6-6-5	4-4-2-5-2-5-2-5-5-4-4-2
65	6	7-8-8-8-6-5-6-7-6-6-7-8	5-4-4-7-7-7-7-7-7-6-7-7	6-7-5-8-7-5-7-7-7-7-7-7	7-5-5-7-7-7-5-7-7-4-7-7	7-5-5-4-5-6-7-7-5-5-7-6	5-5-7-7-5-8-7-7-4-6-3-5	4-1-6-5-5-6-4-7-6-6-7-7	4-6-2-7-7-5-3-8-6-5-7-0	5-5-5-7-8-7-5-5-4-6-6-2	8-7-5-7-7-4-7-4-5-5-7-2	5-6-5-4-0-6-5-5-7-5-5-6	4-7-6-7-7-5-7-0-7-4-7-6
65	7	6-8-6-6-6-8-8-6-8-6-6-8	5-4-4-6-7-7-6-6-5-6-6-6	5-6-6-6-6-6-6-6-6-6-7-6	6-6-7-6-6-6-8-6-6-4-6-6	6-5-5-5-5-6-6-6-7-5-6-6	5-4-6-6-5-8-6-6-7-7-4-7	4-6-4-5-8-7-4-8-7-6-6-6	7-6-2-6-6-5-4-6-6-7-6-8	7-5-6-6-7-6-5-5-4-7-6-2	6-6-5-6-6-7-6-4-8-5-6-2	6-7-5-7-6-7-5-5-5-6-7-7	4-6-6-6-6-5-6-5-6-5-6-4
65	8	8-6-6-6-8-7-7-8-7-6-6-7	7-8-8-6-8-8-5-6-8-8-6-6	8-8-8-6-8-8-6-7-5-8-7-8	6-8-8-6-8-8-7-8-7-8-8-7	6-6-8-8-8-8-7-8-8-8-7-5	7-8-7-6-8-5-8-8-8-8-8-7	7-8-8-8-6-8-8-8-8-6-6-8	8-8-8-8-8-8-8-6-6-6-5-8	7-8-8-8-6-8-8-5-8-8-6-1	6-8-8-8-8-8-4-4-5-8-6-8	8-8-8-8-4-5-5-5-8-5-8-8	8-7-5-4-4-8-8-5-8-8-6-8
66	0	0-0-0-0-0-0-0-0-0-0-0-0	0-0-0-0-0-0-0-0-0-0-0-0	0-0-0-0-0-0-0-0-0-0-0-0	0-0-0-0-0-0-0-0-0-0-0-0	0-0-0-0-0-0-0-0-0-0-0-0	0-0-0-0-0-0-0-0-0-0-0-0	0-0-0-0-0-0-0-0-0-0-0-0	0-0-0-0-0-0-0-0-0-0-0-0	0-0-0-0-0-0-0-0-0-0-0-0	0-0-0-0-0-0-0-0-0-0-0-0	0-0-0-0-0-0-0-0-0-0-0-0	0-0-0-0-0-0-0-0-0-0-0-0
66	1	1-1-1-1-1-1-1-1-1-1-1-1	0-2-1-0-2-2-0-2-0-1-0-0	2-0-0-1-2-2-2-2-0-0-2-2	0-0-0-0-0-0-0-1-2-0-2-1	1-0-1-0-0-1-2-0-1-0-0-0	0-2-0-0-0-0-2-0-2-1-4-0	0-3-1-0-0-1-0-0-1-1-0-4	1-0-0-0-1-0-1-1-0-0-0-0	1-1-0-0-3-0-4-0-1-0-0-1	0-1-1-2-0-0-0-1-0-0-0-1	0-0-0-2-0-0-0-1-2-1-0-3	1-1-0-1-1-1-0-0-0-0-1-1
66	2	3-1-2-1-1-1-2-1-2-2-2-1	3-1-1-3-1-1-3-1-1-1-3-3	1-3-0-3-3-1-3-1-3-3-1-1	3-0-4-2-3-3-3-5-3-1-3-3	3-0-3-3-3-3-3-3-1-0-3-3	3-3-3-2-2-7-3-3-1-1-0-3	3-1-1-2-3-0-3-3-1-2-3-3	1-3-2-3-3-0-8-3-2-0-2-0	0-0-3-3-4-3-0-3-0-2-3-2	0-3-0-1-3-4-3-2-3-0-0-2	0-2-0-1-0-2-0-0-1-2-2-2	1-3-2-3-0-2-2-0-4-3-2-2
66	3	3-3-3-3-3-3-3-3-3-2-3-3	2-4-3-2-1-3-2-3-2-3-2-4	2-2-4-2-2-2-2-4-2-2-4-4	2-4-5-2-2-2-5-3-2-5-4-2	2-0-2-2-2-4-2-2-4-3-2-2	2-2-4-3-5-0-4-2-3-3-3-2	2-1-3-0-2-3-4-2-3-3-2-2	3-2-2-2-2-0-7-2-2-4-2-0	3-0-2-2-1-2-3-4-5-2-4-3	0-2-3-4-2-2-2-3-2-3-0-3	3-8-3-3-8-2-0-4-1-2-2-1	1-2-2-2-1-4-2-3-2-4-3-2
66	4	5-4-5-4-5-5-5-5-4-5-5-6	4-3-3-4-7-5-5-4-5-6-5-5	4-5-5-6-4-4-4-5-5-5-4-4	5-4-2-4-2-5-5-4-3-3-3-7	4-6-4-5-5-3-5-4-3-4-4-4	4-2-3-4-7-5-3-4-1-3-1-5	1-1-4-8-4-4-3-4-1-4-6-1	4-3-7-3-2-5-3-3-2-7-5-6	4-5-5-2-2-4-5-5-7-2-3-3	4-8-4-5-5-2-3-3-5-5-5-2	5-3-6-3-5-5-5-5-5-2-3-4	6-3-5-4-5-3-2-7-8-6-6-6
66	5	4-4-4-4-4-4-4-4-4-4-4-4	5-3-3-5-4-4-4-4-4-4-6-4	6-6-7-5-6-8-6-7-4-4-6-5	6-4-6-5-6-6-4-5-5-6-5-4	7-4-5-4-4-5-6-6-5-6-8-6	6-6-6-5-4-4-6-5-1-3-0-6	6-6-4-6-6-5-5-6-3-3-5-5	5-5-4-5-6-4-3-7-5-5-7-4	8-4-6-6-5-0-7-8-3-6-5-3	4-7-5-4-4-7-5-4-4-4-4-2	4-5-5-4-4-4-4-4-4-2-6-5	4-6-4-5-7-3-5-4-7-4-7-6
66	6	4-6-4-4-8-6-4-4-4-4-4-4	4-7-6-5-4-5-4-7-4-4-5-5	5-5-4-4-5-5-7-5-7-4-7-5	5-4-5-6-5-5-4-5-7-5-5-4	5-4-5-6-4-7-7-5-6-6-4-5	5-5-5-5-6-4-5-6-6-6-7-5	5-5-7-5-5-7-7-5-6-3-5-5	6-7-4-7-5-4-7-5-5-6-5-4	4-4-5-5-6-4-7-5-5-5-5-3	4-5-6-5-4-7-7-4-5-4-4-2	4-5-4-8-4-4-4-4-5-2-5-5	4-5-4-5-4-3-5-4-4-4-4-7
66	7	4-6-4-4-6-8-4-4-4-7-4-8	8-6-6-5-4-4-4-6-8-4-5-8	4-5-5-5-5-7-6-5-8-7-6-6	5-7-7-5-5-5-6-5-6-7-6-4	5-4-5-2-4-6-6-5-6-7-4-7	8-5-6-5-4-8-6-6-7-6-6-5	8-8-6-5-6-7-6-0-7-3-5-5	7-6-4-6-5-4-3-5-5-4-5-4	7-4-5-5-5-0-6-7-4-5-5-3	4-5-7-4-8-5-6-3-8-4-5-6	6-7-5-4-3-7-4-5-5-7-7-5	6-5-7-5-5-7-7-4-5-6-5-6
66	8	8-6-5-6-8-8-4-8-4-5-4-7	7-6-8-5-8-8-5-8-4-8-5-7	8-8-8-4-8-5-7-7-7-8-8-8	7-8-8-8-8-8-7-8-7-8-8-4	5-4-8-8-8-8-7-8-8-8-5-8	7-8-8-7-8-8-8-8-8-8-8-8	7-8-8-4-7-8-8-8-8-8-8-5	8-6-8-7-8-4-2-2-5-8-4-4	7-8-8-8-5-8-8-5-8-3-6-3	7-4-8-4-8-2-8-8-7-8-4-8	4-3-8-6-3-7-4-4-8-7-8-8	8-5-4-4-4-8-8-4-4-8-4-8
67	0	0-0-0-0-0-0-0-0-0-0-0-0	0-0-0-0-0-0-0-0-0-0-0-0	0-0-0-0-0-0-0-0-0-0-0-0	0-0-0-0-0-0-0-0-0-0-0-0	0-0-0-0-0-0-0-0-0-0-0-0	0-0-0-0-0-0-0-0-0-0-0-0	0-0-0-0-0-0-0-0-0-0-0-0	0-0-0-0-0-0-0-0-0-0-0-0	0-0-0-0-0-0-0-0-0-0-0-0	0-0-0-0-0-0-0-0-0-0-0-0	0-0-0-0-0-0-0-0-0-0-0-0	0-0-0-0-0-0-0-0-0-0-0-0
67	1	1-1-0-1-1-1-1-1-1-1-1-0	0-2-1-0-0-2-0-2-0-0-0-1	1-0-0-0-1-0-2-3-0-0-2-1	0-0-0-0-0-0-2-0-1-1-2-0	1-0-0-0-0-1-2-0-1-1-0-1	0-2-0-0-0-0-2-0-1-1-4-0	1-1-1-0-0-1-0-0-1-1-0-1	0-1-0-0-1-0-0-0-0-1-0-0	1-0-1-0-1-0-0-0-1-0-1-0	0-1-1-0-0-0-0-1-0-0-0-1	2-0-0-0-0-0-0-0-0-0-0-1	2-1-0-2-0-1-0-0-0-1-4-0
67	2	2-1-2-2-1-1-2-2-2-2-2-3	2-1-1-2-3-1-3-3-0-4-3-3	3-3-0-4-3-3-3-3-0-2-1-3	3-3-2-4-3-3-1-2-3-2-1-0	2-0-2-2-3-3-3-3-1-2-0-2	2-1-3-0-2-4-3-3-5-1-0-3	3-1-1-0-3-2-3-3-4-1-2-3	2-4-4-3-2-3-2-7-2-1-0-0	2-0-3-3-4-0-0-3-1-2-4-2	0-3-1-0-2-2-1-2-3-0-0-2	1-2-0-0-7-2-0-2-0-3-3-0	1-3-2-1-0-2-3-0-2-2-2-2
67	3	2-3-0-3-4-3-3-3-3-2-2-3	2-5-4-2-2-4-2-4-4-3-2-4	2-2-5-2-2-2-4-5-0-2-4-4	2-4-2-2-2-2-5-2-4-4-4-0	6-0-0-2-2-4-4-2-3-3-0-2	2-2-4-0-3-2-4-2-3-3-6-2	2-4-4-0-2-3-5-2-3-3-0-4	3-2-3-2-4-4-5-5-3-4-0-7	3-0-2-2-5-3-6-2-5-2-2-6	0-2-1-7-4-2-5-5-2-4-7-2	6-2-0-4-7-4-4-0-0-2-2-7	0-2-0-4-0-6-2-0-2-2-3-5
67	4	3-3-4-7-3-5-4-4-5-4-4-3	4-3-3-2-2-3-4-3-5-2-5-5	2-5-6-2-4-5-3-6-5-2-3-3	5-6-5-2-2-2-5-2-3-3-3-0	3-6-4-4-5-3-5-4-5-6-4-4	3-2-3-4-5-2-3-2-3-1-1-2	5-3-3-0-4-5-3-0-2-2-5-3	5-2-2-3-3-5-3-3-3-4-5-6	5-5-5-3-2-0-5-7-6-4-2-5	5-5-1-6-3-2-3-6-2-3-5-2	5-2-5-3-4-5-5-5-5-2-2-0	5-2-4-3-5-4-2-6-4-6-1-2
67	5	6-7-7-7-5-6-7-5-7-5-5-5	4-3-3-6-6-4-6-7-4-4-6-6	5-6-4-7-6-7-6-6-6-6-6-5	6-4-4-4-6-6-4-2-6-3-6-0	5-7-6-4-4-5-6-5-4-5-7-6	6-7-6-4-4-6-6-6-2-5-3-6	4-6-3-0-5-5-3-7-3-5-6-6	7-6-6-6-6-4-3-6-4-5-4-4	4-4-6-6-7-5-4-6-3-6-6-4	4-6-1-4-6-5-6-3-2-4-4-2	4-2-4-5-6-4-4-4-4-6-5-6	4-6-6-6-4-4-5-4-6-4-6-6
67	6	5-7-5-5-5-7-7-7-7-5-5-7	4-3-3-5-7-7-5-5-4-6-5-5	7-5-4-5-5-5-5-7-5-5-6-5	5-4-6-4-5-5-7-5-5-5-5-7	5-4-5-4-6-5-7-5-4-6-5-5	7-5-5-7-6-5-5-5-6-6-3-5	7-5-3-6-7-6-3-7-6-5-5-5	6-6-5-5-5-6-3-5-6-6-5-4	6-6-5-6-5-5-6-5-7-5-5-3	7-5-6-4-5-5-5-4-6-6-6-2	5-6-0-7-7-7-4-6-6-6-6-5	7-7-6-6-6-5-5-4-5-4-5-5
67	7	7-6-5-5-7-6-6-7-6-5-5-6	6-7-7-5-7-7-5-5-7-7-5-5	7-7-7-5-7-7-7-6-7-7-6-7	6-7-7-7-7-7-6-7-6-7-5-6	5-7-7-7-6-6-6-7-7-7-5-5	6-5-7-6-7-7-7-7-7-7-7-6	6-7-7-7-6-7-7-7-7-7-7-5	7-6-5-6-5-6-5-5-2-5-5-7	4-4-7-7-5-7-7-4-6-3-5-5	4-4-1-3-7-5-7-6-6-7-3-7	4-7-6-6-3-6-4-4-6-7-7-7	7-6-6-1-6-7-7-4-5-7-5-7
68	0	0-0-0-0-0-0-0-0-0-0-0-0	0-0-0-0-0-0-0-0-0-0-0-0	0-0-0-0-0-0-0-0-0-0-0-0	0-0-0-0-0-0-0-0-0-0-0-0	0-0-0-0-0-0-0-0-0-0-0-0	0-0-0-0-0-0-0-0-0-0-0-0	0-0-0-0-0-0-0-0-0-0-0-0	0-0-0-0-0-0-0-0-0-0-0-0	0-0-0-0-0-0-0-0-0-0-0-0	0-0-0-0-0-0-0-0-0-0-0-0	0-0-0-0-0-0-0-0-0-0-0-0	0-0-0-0-0-0-0-0-0-0-0-0
68	1	1-1-0-1-1-1-1-1-1-0-1-1	0-2-1-0-0-0-0-2-0-0-0-1	1-0-0-0-1-0-2-3-0-0-2-1	0-0-0-0-0-0-0-0-1-1-2-1	0-0-0-0-0-2-2-0-1-0-0-0	0-0-0-0-0-0-2-0-2-1-2-0	2-1-2-0-2-1-0-4-1-1-0-0	0-1-0-0-1-0-0-2-0-1-0-0	1-0-0-0-3-1-0-2-2-0-1-1	0-0-1-0-1-1-2-1-0-0-0-1	2-0-0-0-1-0-0-0-0-0-1-1	2-1-0-1-0-0-1-0-0-0-0-0
68	2	2-1-2-2-1-1-2-2-2-2-2-3	2-1-1-4-2-1-4-3-0-3-3-3	3-2-0-4-3-3-3-4-0-2-1-3	4-4-2-4-4-4-3-5-3-2-1-3	5-0-3-2-3-3-3-3-1-4-9-3	4-4-3-0-2-3-3-4-2-1-1-4	3-1-1-0-3-0-3-1-0-5-2-3	0-5-5-3-2-4-3-9-2-1-5-0	2-0-3-3-5-4-0-3-1-2-2-2	0-3-1-0-3-2-1-1-3-0-0-2	1-2-0-3-1-2-0-0-0-3-4-2	1-3-4-3-0-2-3-0-0-0-2-2
68	3	3-3-3-3-3-3-3-3-3-2-2-2	2-3-1-2-2-3-2-4-4-4-2-2	2-2-2-2-2-2-4-5-4-2-4-2	2-3-4-2-2-2-4-2-4-3-3-2	3-0-2-2-2-2-4-2-3-3-0-2	2-2-4-0-3-2-4-2-7-3-8-3	5-9-3-9-2-0-2-2-1-2-2-2	0-0-2-4-2-2-2-0-2-5-5-0	3-0-2-2-1-5-9-2-4-2-4-3	0-2-3-3-2-2-0-3-4-0-0-2	1-2-0-3-5-2-0-0-0-2-2-1	1-2-2-4-0-2-4-0-7-5-4-4
68	4	4-4-4-4-5-5-4-5-4-4-4-2	2-5-4-2-2-3-2-5-3-3-2-5	2-4-6-2-2-2-5-2-3-2-5-5	2-5-5-2-2-2-3-2-5-5-3-2	4-0-2-4-2-4-5-4-5-2-2-2	2-2-3-0-4-2-5-2-4-4-5-2	3-2-4-4-2-0-5-5-4-3-6-2	0-4-2-3-4-2-7-5-2-4-5-0	4-0-5-2-4-3-0-3-3-4-3-3	0-2-4-5-5-2-5-5-3-5-5-2	8-2-9-4-0-2-4-8-5-2-2-1	1-2-2-3-0-4-3-0-0-5-4-3
68	5	4-4-5-6-4-4-5-6-6-5-4-6	5-4-4-2-4-6-6-4-6-4-6-4	8-7-6-2-4-5-4-6-6-6-4-4	6-8-4-2-2-6-4-2-4-4-4-8	2-8-2-7-7-3-4-2-4-5-5-9	4-7-3-5-5-7-4-6-4-3-4-5	3-3-4-8-6-5-4-4-4-9-9-7	0-2-2-3-2-7-4-7-2-7-9-7	8-7-7-2-2-3-0-8-1-5-5-5	9-5-5-7-4-2-4-4-7-7-4-2	1-2-5-4-3-9-5-0-4-5-6-5	1-5-5-5-5-5-7-5-9-4-3-2
68	6	7-9-8-8-8-7-7-8-8-7-7-9	7-7-7-2-7-8-7-7-7-7-5-7	6-8-7-7-7-8-7-7-7-7-7-7	7-5-7-7-6-7-7-8-7-7-6-5	8-6-7-8-6-7-7-6-7-6-8-6	7-5-7-7-7-7-7-7-8-6-4-6	6-7-6-6-5-7-7-7-7-8-6-8	7-6-7-7-6-5-6-8-5-9-6-9	6-5-9-7-7-7-6-5-7-5-2-6	6-6-4-6-7-7-8-9-5-5-6-6	7-9-6-7-7-6-5-9-9-6-7-8	8-5-6-9-7-7-5-7-8-6-6-9
68	7	6-6-7-7-6-6-6-6-6-6-6-7	6-6-6-8-6-6-8-6-6-6-6-6	5-5-6-6-8-6-8-6-6-6-6-6	8-5-6-6-8-8-6-8-6-6-8-5	7-6-8-5-5-8-8-8-6-7-6-8	6-5-8-7-5-5-8-6-6-3-3-8	8-6-6-6-5-7-4-8-6-7-8-5	6-8-6-8-8-5-9-5-8-5-8-5	6-5-5-8-6-6-6-5-6-6-8-5	8-8-5-5-8-6-8-6-5-5-8-8	6-7-6-6-6-7-5-6-8-8-6-5	6-8-7-8-6-6-5-6-3-8-8-6
68	8	6-9-6-6-6-9-6-6-6-6-6-9	6-6-6-7-6-6-7-7-6-6-6-9	5-6-7-6-7-6-7-6-6-6-8-6	7-5-8-6-7-7-6-7-7-6-7-5	6-6-7-6-5-7-7-7-8-6-6-7	6-8-7-9-8-9-7-6-6-8-3-7	9-6-6-5-9-8-8-7-8-6-7-6	8-7-6-7-7-5-6-6-7-6-7-8	8-8-8-7-6-6-8-5-6-5-7-6	7-7-5-5-7-2-7-6-9-5-7-2	7-8-6-4-6-8-5-4-7-7-6-8	6-7-9-7-7-6-7-6-6-8-7-3
68	9	9-6-7-7-9-8-6-9-6-6-6-8	6-6-9-7-9-6-8-9-9-9-8-8	9-9-9-6-6-6-6-6-6-9-6-9	8-9-6-9-9-9-8-9-6-9-9-8	6-6-9-9-9-9-8-9-9-9-6-5	6-9-9-8-9-8-9-9-9-9-9-8	8-9-9-9-8-9-9-8-9-9-6-6	9-9-9-8-9-5-7-2-2-6-6-6	7-9-9-9-2-9-3-5-6-6-7-1	6-9-9-6-9-2-9-6-8-9-6-9	6-6-4-6-6-5-6-6-6-6-9-9	6-8-8-6-6-9-9-6-9-9-7-9
69	0	0-0-0-0-0-0-0-0-0-0-0-0	0-0-0-0-0-0-0-0-0-0-0-0	0-0-0-0-0-0-0-0-0-0-0-0	0-0-0-0-0-0-0-0-0-0-0-0	0-0-0-0-0-0-0-0-0-0-0-0	0-0-0-0-0-0-0-0-0-0-0-0	0-0-0-0-0-0-0-0-0-0-0-0	0-0-0-0-0-0-0-0-0-0-0-0	0-0-0-0-0-0-0-0-0-0-0-0	0-0-0-0-0-0-0-0-0-0-0-0	0-0-0-0-0-0-0-0-0-0-0-0	0-0-0-0-0-0-0-0-0-0-0-0
69	1	1-1-1-1-1-1-1-1-1-1-1-1	0-1-0-1-0-0-0-2-0-1-0-0	2-3-0-3-2-1-2-0-0-3-0-2	2-0-2-3-2-2-0-3-1-0-1-0	1-0-1-5-2-1-2-2-1-1-0-2	2-0-2-0-1-2-2-3-1-3-3-2	3-3-1-0-2-0-1-2-0-1-0-2	1-3-1-2-3-0-7-3-1-1-0-0	0-0-2-3-3-5-0-2-2-1-3-1	0-3-0-2-2-3-0-1-2-3-0-3	0-3-1-0-0-1-0-0-0-1-2-1	0-1-1-2-3-2-3-0-2-1-1-3
69	2	2-2-2-2-2-2-2-2-2-2-2-2	0-3-3-1-2-2-0-3-3-1-1-3	3-3-0-2-1-1-3-1-3-4-3-1	1-2-1-1-1-1-0-1-1-2-1-1	2-0-2-1-2-1-3-1-3-2-0-1	1-4-1-2-3-1-3-1-2-2-6-1	4-1-2-4-1-2-3-1-3-2-4-1	2-2-1-1-1-3-2-2-2-5-0-1	0-1-1-1-2-1-0-1-3-2-1-2	0-1-2-1-1-1-4-2-1-3-2-1	3-2-2-3-0-2-0-3-3-1-1-2	0-1-1-3-1-1-1-0-1-1-5-1
69	3	3-2-3-2-2-3-4-4-3-3-3-2	3-2-2-1-6-2-3-2-4-3-4-2	7-4-4-1-1-1-2-4-2-1-2-3	4-4-4-5-1-1-4-1-2-2-2-6	1-6-2-1-5-2-2-1-2-3-3-7	2-2-1-3-6-1-2-1-2-2-1-4	1-1-2-4-4-3-2-4-2-1-5-1	2-1-1-1-1-2-2-1-3-3-4-5	5-3-4-1-1-3-4-1-2-3-1-4	5-1-3-4-4-1-2-2-2-4-5-1	5-1-3-2-5-5-5-5-5-1-4-3	5-1-3-2-4-3-1-6-5-5-1-1
69	4	5-5-5-5-5-5-4-6-4-5-5-5	5-2-2-6-6-5-5-4-5-5-5-5	4-5-6-6-6-5-5-4-5-5-5-5	5-3-3-4-6-5-6-5-5-6-5-3	6-4-2-6-5-5-5-5-2-4-5-6	5-5-6-5-4-5-5-5-5-4-2-5	5-5-4-3-5-5-2-5-5-6-3-5	4-5-1-5-6-6-2-6-5-3-6-3	3-3-5-5-6-6-3-5-2-5-5-3	4-3-4-5-5-4-5-2-5-5-3-6	3-5-3-4-7-3-3-3-3-5-5-4	7-5-4-6-3-3-5-3-7-3-1-5
69	5	4-6-4-4-4-4-4-4-4-4-4-4	4-6-5-4-4-4-4-6-4-4-4-4	3-4-4-4-4-4-6-6-4-4-6-4	4-4-3-3-4-4-4-4-6-4-6-3	4-3-6-4-4-6-6-4-5-5-4-4	4-4-4-4-3-4-4-4-4-5-7-4	4-4-6-3-4-4-6-4-5-2-3-4	5-4-3-4-4-3-6-4-4-5-4-3	3-3-6-4-5-4-6-4-7-4-4-3	3-1-5-4-4-4-4-2-4-4-3-1	3-4-3-2-3-3-3-3-3-4-4-5	6-4-3-4-3-4-4-0-3-3-6-4
69	6	4-5-4-4-5-4-4-4-4-4-4-7	4-5-5-4-4-4-4-5-4-4-4-7	3-6-4-4-4-6-5-5-7-6-5-5	4-6-6-4-4-4-4-1-5-4-5-3	4-3-5-4-6-5-5-4-6-6-4-4	4-4-4-4-3-4-6-4-6-5-2-4	4-4-5-4-5-4-5-7-6-4-4-4	5-4-1-4-4-4-5-4-4-3-4-6	6-3-5-4-4-4-3-4-5-5-4-3	7-6-6-5-4-4-5-2-7-5-3-4	3-6-3-2-2-7-3-3-3-4-6-6	5-7-6-4-4-6-4-3-1-3-5-1
69	7	7-5-4-4-7-4-4-7-4-4-4-6	4-5-7-4-7-7-6-7-6-7-4-6	7-6-7-6-7-4-6-6-6-7-7-7	6-7-7-7-7-7-6-7-6-7-7-6	4-3-7-7-4-7-6-7-7-7-4-3	4-7-7-6-7-7-7-7-7-7-7-7	6-7-7-4-6-7-7-7-7-7-4-4	7-7-7-6-7-4-6-1-6-4-3-4	6-3-7-7-4-7-7-4-5-5-5-5	6-3-7-7-7-4-7-6-6-7-5-7	3-7-7-5-4-6-3-3-3-6-7-7	7-6-6-4-1-7-7-3-7-7-6-7
70	0	0-0-0-0-0-0-0-0-0-0-0-0	0-0-0-0-0-0-0-0-0-0-0-0	0-0-0-0-0-0-0-0-0-0-0-0	0-0-0-0-0-0-0-0-0-0-0-0	0-0-0-0-0-0-0-0-0-0-0-0	0-0-0-0-0-0-0-0-0-0-0-0	0-0-0-0-0-0-0-0-0-0-0-0	0-0-0-0-0-0-0-0-0-0-0-0	0-0-0-0-0-0-0-0-0-0-0-0	0-0-0-0-0-0-0-0-0-0-0-0	0-0-0-0-0-0-0-0-0-0-0-0	0-0-0-0-0-0-0-0-0-0-0-0
70	1	1-1-1-1-1-0-1-1-1-1-1-1	0-1-0-1-0-0-0-1-0-1-0-0	0-1-0-1-2-2-0-0-0-1-2-2	2-0-2-2-3-2-0-1-1-1-1-0	1-0-1-2-0-1-2-2-1-1-2-2	2-3-2-0-1-3-2-2-1-1-3-3	2-3-1-0-2-0-1-2-1-1-0-1	3-3-3-2-3-0-1-1-1-1-0-0	0-0-2-3-3-0-0-2-1-1-3-1	0-3-0-2-2-3-0-1-2-0-0-3	0-1-0-1-0-1-0-0-0-1-1-1	0-2-1-2-3-1-2-0-0-2-1-1
70	2	2-3-1-2-2-2-2-2-2-2-2-1	0-3-3-1-2-2-1-2-3-3-3-3	3-2-4-2-1-1-3-3-3-1-3-4	1-2-3-1-1-1-4-1-3-4-3-0	2-0-4-1-3-3-3-1-2-2-1-1	1-0-4-0-2-1-3-1-2-2-4-1	1-1-2-4-1-2-3-1-2-2-0-1	2-3-1-1-1-3-4-3-2-2-0-2	2-0-1-1-2-2-5-1-4-2-1-2	0-1-2-1-1-6-0-3-1-3-0-1	2-1-2-4-3-1-0-2-3-1-1-2	2-1-1-2-1-4-1-0-0-3-4-4
70	3	3-2-3-4-3-2-3-2-3-3-4-3	4-2-2-5-2-4-3-2-4-4-4-4	5-4-5-1-3-1-2-4-2-3-2-3	4-3-4-4-1-1-4-1-2-2-2-6	1-4-1-4-2-2-4-3-3-3-3-1	1-1-2-3-3-5-2-1-4-2-1-1	4-1-2-0-4-3-2-4-2-1-4-4	1-1-1-1-1-2-2-2-4-3-3-5	4-3-4-1-1-5-4-4-5-3-1-4	4-4-3-0-4-4-2-2-4-2-4-1	4-1-4-2-6-4-4-4-4-1-3-3	3-2-3-3-4-3-1-5-4-5-2-1
70	4	4-6-5-6-4-4-4-5-3-4-3-5	3-2-2-3-5-5-5-5-5-3-3-5	3-5-5-5-5-5-5-3-5-5-5-5	5-3-3-5-5-5-3-5-5-2-5-5	5-3-2-3-3-5-5-5-3-4-5-5	5-5-5-5-3-3-5-4-3-4-2-4	3-4-2-2-3-3-2-5-4-2-5-3	3-5-1-5-5-3-2-5-3-3-5-3	3-0-5-5-5-3-3-5-2-3-5-3	3-3-4-0-5-3-5-4-3-3-3-1	3-1-3-2-3-3-3-3-3-5-4-3	0-2-4-5-3-2-5-3-5-3-2-2
70	5	4-6-4-4-4-6-6-4-6-4-4-6	4-2-2-3-5-4-4-4-4-5-4-4	3-4-3-4-4-4-4-5-4-5-5-4	4-5-5-4-4-4-6-4-4-2-4-6	4-3-5-4-5-4-4-4-5-4-4-4	6-6-4-6-3-3-4-4-5-5-2-5	6-4-4-5-5-5-2-4-5-4-4-4	5-4-1-4-4-5-2-4-6-3-4-3	5-5-5-4-4-3-2-4-3-3-4-3	4-4-5-2-4-1-4-6-6-4-5-1	2-5-3-2-4-5-3-3-4-4-5-5	0-6-5-5-4-5-4-3-4-3-4-1
70	6	6-5-4-4-6-5-5-6-5-4-4-5	5-6-6-4-6-6-4-6-5-6-4-5	6-6-6-5-6-4-6-5-6-6-5-6	5-6-6-6-6-6-5-6-6-6-6-5	4-3-6-6-6-6-5-6-6-6-4-4	6-6-6-5-6-5-6-6-6-6-6-5	5-6-6-6-6-6-6-6-6-6-4-6	6-5-6-6-6-5-4-1-5-3-4-3	4-5-6-6-4-6-6-3-6-6-4-6	4-3-6-6-6-2-6-5-6-6-6-6	3-6-3-5-3-3-3-3-3-5-6-6	6-5-6-2-3-6-6-3-6-6-4-1
71	0	0-0-0-0-0-0-0-0-0-0-0-0	0-0-0-0-0-0-0-0-0-0-0-0	0-0-0-0-0-0-0-0-0-0-0-0	0-0-0-0-0-0-0-0-0-0-0-0	0-0-0-0-0-0-0-0-0-0-0-0	0-0-0-0-0-0-0-0-0-0-0-0	0-0-0-0-0-0-0-0-0-0-0-0	0-0-0-0-0-0-0-0-0-0-0-0	0-0-0-0-0-0-0-0-0-0-0-0	0-0-0-0-0-0-0-0-0-0-0-0	0-0-0-0-0-0-0-0-0-0-0-0	0-0-0-0-0-0-0-0-0-0-0-0
71	1	1-1-1-1-1-1-1-0-1-1-1-1	2-0-0-2-0-1-0-0-0-2-2-0	2-3-0-3-2-0-2-1-0-1-2-2	2-0-0-2-3-2-0-2-2-0-2-0	2-0-2-0-0-1-2-2-1-1-0-2	2-0-2-0-0-2-2-2-1-1-0-3	3-1-1-0-2-0-0-2-0-1-2-2	1-3-1-2-2-0-6-6-2-0-0-0	3-0-2-3-3-1-0-2-0-1-2-1	0-3-0-0-2-3-2-1-2-0-0-3	0-1-0-3-0-1-0-0-0-1-2-1	0-1-1-0-3-3-2-0-1-1-3-3
71	2	2-2-2-2-2-2-2-2-2-2-2-2	1-3-2-1-2-2-0-2-3-2-1-3	1-2-4-2-1-4-3-3-3-3-3-1	1-0-2-1-1-1-4-1-3-4-3-0	1-0-5-3-1-1-3-1-3-3-3-1	1-4-3-0-2-1-3-1-2-2-4-1	5-1-3-3-1-2-3-1-3-2-1-3	3-1-6-1-1-3-4-4-1-2-2-0	2-0-1-1-2-2-2-1-4-2-1-2	3-1-3-2-1-1-4-3-1-3-0-1	3-1-6-4-5-1-0-5-3-1-1-2	0-1-1-3-3-1-1-0-3-5-2-4
71	3	3-4-3-3-3-3-3-3-3-3-3-6	3-2-2-3-2-2-4-3-4-3-4-4	5-4-4-4-3-4-2-3-4-2-2-3	4-3-4-4-1-1-4-3-2-2-2-6	1-4-2-4-3-2-4-3-2-2-2-2	1-1-2-3-3-4-2-1-2-2-0-1	1-1-2-4-4-3-2-4-2-2-4-2	2-1-1-2-1-4-2-2-3-3-4-4	4-4-4-1-1-3-4-1-5-3-1-3	4-1-2-2-1-1-2-2-4-4-4-1	4-4-4-2-4-1-4-4-4-4-1-3	5-1-3-2-4-4-2-5-4-4-1-1
71	4	5-6-5-6-4-4-4-5-4-4-3-4	3-2-2-5-5-5-3-5-3-4-3-5	4-4-5-6-5-5-5-5-5-5-2-5	5-3-3-5-5-5-3-5-5-2-5-5	5-3-4-5-3-4-5-4-3-4-4-4	1-2-5-4-2-3-5-4-2-2-2-2	4-2-4-3-3-4-3-3-4-6-5-4	2-4-2-4-4-3-2-5-5-3-3-3	3-3-3-4-5-2-3-5-3-2-4-2	3-5-4-5-5-2-2-2-3-4-3-1	3-4-3-2-3-4-3-3-5-3-4-4	3-2-4-5-3-3-4-3-5-3-5-2
71	5	4-6-4-4-5-6-4-4-6-4-6-6	3-2-2-4-4-6-4-4-6-5-4-4	3-4-4-4-4-5-4-4-4-4-5-4	4-5-5-4-4-4-5-4-4-5-4-4	4-3-2-4-5-4-6-4-5-5-4-4	6-5-4-6-3-6-4-4-5-5-2-5	4-1-4-5-6-5-3-6-5-4-4-4	5-5-2-4-4-5-2-4-4-3-4-3	5-3-5-4-4-5-5-5-3-2-4-3	2-4-5-4-4-6-2-2-6-5-4-1	2-4-4-2-6-6-3-2-4-6-5-5	3-6-4-4-5-5-5-3-4-2-4-1
71	6	6-4-4-4-6-6-4-6-5-4-5-5	3-6-6-4-6-6-3-6-5-6-5-4	6-6-6-4-6-6-5-5-5-6-6-6	6-6-6-6-6-6-5-6-6-6-6-3	4-6-6-6-6-6-5-6-6-6-4-4	5-6-5-4-6-6-6-6-6-6-6-6	5-6-6-6-5-6-6-6-6-4-5-6	6-6-6-5-6-5-6-4-4-3-5-3	5-6-6-5-4-6-3-5-6-6-4-3	4-6-6-6-6-5-6-5-5-6-3-6	2-1-6-2-5-5-3-3-6-5-6-6	6-5-6-5-2-6-6-3-6-6-4-6
72	0	0-0-0-0-0-0-0-0-0-0-0-0	0-0-0-0-0-0-0-0-0-0-0-0	0-0-0-0-0-0-0-0-0-0-0-0	0-0-0-0-0-0-0-0-0-0-0-0	0-0-0-0-0-0-0-0-0-0-0-0	0-0-0-0-0-0-0-0-0-0-0-0	0-0-0-0-0-0-0-0-0-0-0-0	0-0-0-0-0-0-0-0-0-0-0-0	0-0-0-0-0-0-0-0-0-0-0-0	0-0-0-0-0-0-0-0-0-0-0-0	0-0-0-0-0-0-0-0-0-0-0-0	0-0-0-0-0-0-0-0-0-0-0-0
72	1	1-1-1-1-1-1-1-1-1-1-1-1	0-2-1-0-0-0-0-2-1-1-0-2	3-0-0-1-2-0-2-0-0-2-2-2	0-0-0-0-0-0-0-1-2-1-2-1	1-0-0-0-1-1-2-0-2-0-0-0	0-0-0-0-0-0-2-0-2-1-1-0	0-2-2-0-0-0-0-0-1-1-0-1	1-0-0-0-1-0-2-0-0-1-0-0	1-1-1-0-0-0-2-0-1-1-0-0	0-1-3-0-0-0-0-2-0-0-0-1	0-1-1-0-2-0-0-1-0-1-0-1	2-1-0-1-0-1-0-0-0-1-2-1
72	2	2-2-1-1-1-1-2-1-2-2-2-2	3-1-1-4-0-2-3-1-3-3-3-1	0-3-3-3-6-3-3-4-3-3-1-3	4-0-2-4-4-4-0-4-1-1-5-0	6-0-3-4-4-3-3-3-1-0-0-0	3-1-3-2-0-4-3-2-1-1-0-4	4-5-1-0-3-2-3-3-0-2-0-4	2-2-3-3-2-2-4-9-2-1-0-0	1-0-3-3-5-4-1-1-2-2-2-2	3-3-1-0-3-2-0-1-3-3-0-2	2-2-3-0-4-2-2-0-1-2-3-2	1-4-2-3-4-2-4-4-4-3-3-2
72	3	3-3-4-3-3-3-3-3-3-2-3-3	2-4-3-2-4-2-2-3-2-2-2-4	1-2-4-3-2-2-4-7-4-2-4-2	2-3-3-2-2-2-4-2-4-3-4-3	3-0-2-2-2-2-4-2-1-3-1-0	2-2-4-4-3-2-4-3-4-3-8-3	5-2-3-0-2-3-2-6-3-3-0-2	3-6-2-4-3-2-8-4-2-1-0-3	3-3-2-2-3-2-3-4-3-3-5-6	2-2-1-4-4-2-4-3-2-2-0-4	6-4-2-7-0-2-4-4-0-2-2-3	1-2-2-2-2-2-2-3-2-2-5-2
72	4	3-4-4-4-4-3-4-4-4-4-4-4	2-5-5-2-4-2-2-5-2-4-2-5	6-2-3-3-2-5-5-6-3-4-5-3	2-5-5-2-2-2-4-2-5-4-3-5	4-0-5-6-2-3-5-4-5-0-6-5	0-0-3-3-7-2-5-0-3-4-5-2	2-2-6-4-2-3-5-5-4-3-6-2	4-5-7-3-5-5-8-5-4-5-4-4	6-4-5-2-4-5-4-3-8-4-3-2	0-6-4-5-3-2-5-5-3-2-4-3	3-4-0-9-9-2-3-3-5-2-2-4	4-2-2-2-7-3-2-2-2-4-7-4
72	5	6-3-5-5-4-4-5-7-4-6-5-6	6-4-4-2-8-6-6-5-6-4-6-6	7-6-7-7-5-6-6-6-7-6-4-6	6-6-6-2-5-6-6-5-4-4-4-9	4-7-4-4-7-3-6-6-4-5-8-9	6-6-3-6-4-2-6-6-2-4-4-6	3-2-4-6-6-4-4-4-4-9-9-2	5-5-8-3-4-6-3-4-8-4-6-4	5-6-4-6-2-4-7-6-3-5-3-5	9-4-5-8-6-2-4-4-6-6-5-2	4-2-5-4-4-5-5-8-6-6-6-5	1-5-5-6-6-5-2-5-5-7-3-2
72	6	5-6-5-6-7-6-6-6-6-5-6-5	5-8-7-5-8-5-5-7-5-7-5-5	5-5-5-5-2-5-7-5-5-7-7-5	5-5-5-8-2-5-7-5-7-8-6-5	7-7-8-4-5-6-7-5-7-7-4-5	5-5-3-5-4-2-7-7-7-6-4-5	4-7-4-5-5-6-6-5-6-8-6-8	6-3-2-6-6-5-6-5-5-6-5-4	6-5-5-5-7-8-4-5-7-5-2-3	0-4-4-5-5-7-4-6-5-5-5-2	3-7-9-4-0-5-5-3-5-5-5-6	4-5-5-5-5-6-2-8-5-4-4-2
72	7	8-6-9-8-6-7-7-8-7-7-7-7	5-6-6-8-8-6-5-8-8-6-8-8	5-5-5-5-8-5-6-8-5-8-6-8	8-5-5-7-8-8-6-7-6-7-8-5	8-9-7-8-5-8-8-7-6-7-5-7	8-5-8-7-4-2-8-6-6-6-0-8	8-6-4-7-5-9-7-6-6-6-8-7	5-8-8-7-8-5-3-8-9-4-8-4	9-5-5-7-8-6-8-7-6-5-8-3	7-8-5-6-8-8-7-7-5-5-8-3	6-6-8-3-7-7-5-7-8-7-6-7	6-8-7-8-8-7-7-0-8-5-8-7
72	8	7-9-7-7-6-9-9-7-9-7-7-9	5-6-6-7-6-9-5-7-9-8-9-9	6-7-5-7-7-8-7-7-9-7-8-7	7-8-8-6-7-7-9-7-7-6-7-9	7-5-6-7-5-7-7-8-8-8-5-7	9-7-7-8-8-9-7-6-8-6-3-7	7-2-4-5-9-8-4-0-8-6-7-6	8-7-5-7-7-5-4-7-5-6-7-8	8-5-9-7-7-6-7-5-4-5-7-3	8-7-8-5-7-7-7-3-9-5-7-2	7-8-8-3-9-8-5-5-7-8-8-8	9-7-8-8-7-7-7-5-7-5-7-8
72	9	9-8-7-7-9-9-8-9-8-7-8-8	8-6-9-7-9-9-8-9-9-9-8-8	9-9-9-7-9-9-8-8-8-9-9-9	7-9-9-7-9-9-8-9-8-9-9-5	9-7-9-9-5-9-8-9-9-9-1-7	8-9-9-8-9-8-9-9-9-9-9-9	8-9-9-9-9-9-9-9-9-5-9-7	9-9-9-9-9-9-8-2-7-6-5-9	8-9-8-9-2-9-9-7-9-6-9-2	8-9-9-9-9-2-9-4-8-9-9-9	9-9-9-4-4-5-5-7-8-8-9-9	8-7-5-4-7-9-9-9-9-9-7-9
73	0	0-0-0-0-0-0-0-0-0-0-0-0	0-0-0-0-0-0-0-0-0-0-0-0	0-0-0-0-0-0-0-0-0-0-0-0	0-0-0-0-0-0-0-0-0-0-0-0	0-0-0-0-0-0-0-0-0-0-0-0	0-0-0-0-0-0-0-0-0-0-0-0	0-0-0-0-0-0-0-0-0-0-0-0	0-0-0-0-0-0-0-0-0-0-0-0	0-0-0-0-0-0-0-0-0-0-0-0	0-0-0-0-0-0-0-0-0-0-0-0	0-0-0-0-0-0-0-0-0-0-0-0	0-0-0-0-0-0-0-0-0-0-0-0
73	1	2-1-1-1-1-1-2-1-2-2-2-1	2-1-0-2-0-0-2-2-0-2-2-2	1-2-2-0-1-0-2-0-0-2-1-1	2-0-0-2-2-2-0-2-1-0-2-1	2-0-2-2-2-1-2-2-1-0-2-2	2-2-2-0-0-2-2-2-0-1-0-2	2-2-1-0-2-0-1-2-1-1-2-2	0-1-6-2-2-0-0-2-1-0-0-1	0-0-2-2-3-5-0-2-0-1-2-1	0-2-1-2-2-3-2-0-2-0-2-2	0-1-0-1-0-0-1-0-0-2-2-2	0-2-2-2-0-0-2-0-2-1-6-1
73	2	1-2-1-2-2-2-1-2-1-1-1-2	1-4-2-1-2-1-1-1-1-1-1-1	0-3-1-0-3-3-1-4-1-3-1-2	1-3-4-1-1-1-1-1-3-4-3-0	1-0-1-1-3-3-1-1-3-3-1-1	1-5-1-0-2-1-3-1-3-2-4-1	1-1-2-3-1-2-4-1-2-2-1-1	2-2-1-3-1-3-4-1-2-2-1-3	0-0-1-1-2-1-2-3-3-2-1-4	0-1-2-3-1-1-3-4-1-0-1-1	3-4-2-4-5-3-0-3-3-1-3-2	1-5-1-1-1-5-1-0-1-0-2-4
73	3	4-4-5-6-2-4-4-4-4-4-4-3	4-2-2-1-5-4-4-3-5-4-4-4	5-2-4-1-3-3-3-3-4-2-3-3	4-4-4-4-2-4-4-1-2-2-2-3	1-5-4-3-2-2-4-4-2-3-3-3	3-3-2-3-4-4-2-1-2-2-2-2	3-1-3-2-4-3-2-3-4-2-6-5	4-1-4-2-1-4-2-2-3-3-4-4	4-5-4-2-1-4-3-2-4-3-1-4	3-1-4-2-4-1-2-6-4-4-4-1	2-1-4-3-4-2-4-6-4-2-4-3	4-2-3-6-3-4-3-6-4-4-3-1
73	4	3-3-5-5-3-3-4-3-3-4-3-6	3-2-3-6-3-3-6-5-3-3-6-5	4-5-3-5-5-4-5-5-5-5-4-5	5-3-3-5-5-5-3-4-5-2-5-3	5-3-6-5-3-4-5-5-2-4-5-4	4-6-5-4-3-3-4-4-2-4-2-5	6-1-4-0-3-4-2-5-4-2-5-3	3-5-3-5-5-3-2-5-4-4-5-3	3-3-3-5-5-3-3-3-3-4-5-3	3-5-3-0-5-5-5-2-3-3-5-1	5-6-3-2-6-3-3-5-5-3-3-4	3-2-3-5-5-3-5-3-5-3-5-5
73	5	4-3-4-4-5-3-3-3-3-4-3-6	3-2-3-4-3-3-4-4-3-3-3-4	4-4-4-4-4-5-4-4-4-4-4-4	4-5-5-4-4-4-6-4-4-5-4-6	4-3-1-4-5-5-6-4-5-5-3-4	6-6-4-6-3-6-4-4-5-5-2-5	6-1-2-5-5-5-2-4-5-2-4-3	5-4-1-4-4-6-2-4-6-3-4-5	5-3-5-4-4-3-5-6-3-2-4-3	6-4-5-3-4-4-4-6-6-3-4-1	4-5-5-2-6-6-3-4-4-5-5-5	6-2-4-4-5-2-5-3-4-3-4-4
73	6	6-5-4-4-6-6-3-6-3-4-3-5	3-6-6-4-6-3-4-4-3-6-4-5	6-6-6-6-6-6-5-5-4-6-6-6	5-6-6-6-6-6-5-6-6-6-6-5	4-3-6-6-6-6-5-6-6-6-5-3	5-6-4-5-6-5-6-6-6-6-6-6	5-6-6-6-5-6-6-6-6-6-4-3	6-6-6-5-4-5-4-4-5-3-3-3	5-4-6-5-4-6-6-5-6-2-4-3	5-6-6-3-6-5-6-3-5-6-4-6	3-4-6-5-5-5-3-3-6-5-6-5	5-2-3-3-3-6-6-3-6-6-1-6
74	0	0-0-0-0-0-0-0-0-0-0-0-0	0-0-0-0-0-0-0-0-0-0-0-0	0-0-0-0-0-0-0-0-0-0-0-0	0-0-0-0-0-0-0-0-0-0-0-0	0-0-0-0-0-0-0-0-0-0-0-0	0-0-0-0-0-0-0-0-0-0-0-0	0-0-0-0-0-0-0-0-0-0-0-0	0-0-0-0-0-0-0-0-0-0-0-0	0-0-0-0-0-0-0-0-0-0-0-0	0-0-0-0-0-0-0-0-0-0-0-0	0-0-0-0-0-0-0-0-0-0-0-0	0-0-0-0-0-0-0-0-0-0-0-0
74	1	1-0-1-1-1-1-1-1-1-1-1-3	1-1-0-1-3-1-1-2-3-1-2-2	2-2-2-0-0-2-2-2-0-0-2-1	2-2-2-2-1-0-0-1-1-0-0-3	0-2-3-2-2-0-2-1-2-2-2-1	1-1-0-1-1-2-0-0-0-0-0-0	0-0-0-3-0-0-0-1-0-1-0-0	0-0-0-1-1-2-0-0-0-1-1-0	1-2-2-0-0-0-1-1-0-1-1-0	2-1-4-2-0-1-0-0-1-1-3-0	2-0-1-0-1-1-1-1-3-1-0-1	1-0-1-1-1-0-0-2-1-0-1-0
74	2	2-2-2-2-2-1-2-2-2-2-2-2	2-1-0-2-1-2-1-3-1-2-1-1	1-1-1-4-3-3-1-1-1-3-1-3	3-1-1-1-3-3-0-3-2-1-2-1	2-1-1-1-1-2-3-3-1-1-1-2	3-1-3-2-2-3-3-0-0-0-0-4	3-4-4-1-3-0-2-3-0-2-3-3	0-2-7-3-2-1-0-7-2-1-1-3	0-1-1-3-4-2-1-3-4-2-3-3	1-3-0-1-3-4-3-0-3-1-0-2	1-4-1-0-0-2-1-1-0-2-3-1	0-3-2-1-2-2-3-1-2-3-2-4
74	3	3-3-2-3-3-3-3-3-3-3-2-4	2-4-4-2-1-2-1-4-1-4-1-3	4-2-2-2-2-2-4-4-5-2-4-4	2-3-4-2-2-2-5-2-5-3-4-1	2-3-5-1-3-2-4-2-3-5-2-2	2-1-4-3-5-2-4-3-3-3-5-3	2-6-5-1-2-3-4-2-0-5-2-2	0-7-2-2-2-1-5-0-2-4-1-4	0-1-1-2-3-3-1-2-3-3-2-5	1-4-0-2-2-2-2-4-2-3-1-2	6-0-1-3-7-2-0-1-1-2-4-3	0-2-2-1-1-2-2-3-2-2-5-3
74	4	4-3-7-6-3-4-4-4-4-4-4-5	4-3-3-4-6-5-5-6-5-3-5-5	4-5-6-2-3-5-3-3-5-2-3-3	5-5-5-5-2-2-7-2-3-3-4-7	2-7-1-6-5-3-5-5-4-4-4-7	3-2-3-4-6-7-3-5-3-0-3-2	2-2-2-3-5-4-5-5-4-2-5-3	5-2-5-3-3-5-4-0-5-5-5-5	5-5-5-2-2-4-4-5-5-4-4-3	5-5-1-7-5-2-5-3-5-5-5-2	5-2-4-7-4-5-5-5-5-5-3-1	0-3-4-4-5-5-4-5-2-5-3-2
74	5	6-3-4-5-3-5-5-4-6-5-5-5	4-3-3-4-4-4-4-4-4-5-6-4	6-6-6-6-6-4-6-4-4-6-4-6	4-4-4-4-6-6-4-6-6-3-6-1	6-4-3-5-4-6-6-6-4-3-6-6	6-3-6-5-3-4-6-4-3-5-3-6	6-5-3-1-4-0-4-7-5-6-6-5	4-5-4-6-6-4-3-6-4-4-4-4	4-4-4-6-6-4-4-6-4-4-6-3	4-4-5-4-4-6-4-0-4-4-4-5	4-5-6-4-4-4-4-4-4-4-5-5	0-5-5-6-4-4-5-4-6-4-6-6
74	6	5-7-4-4-6-7-7-7-7-5-5-7	4-3-3-4-4-7-7-4-4-6-5-4	5-5-5-5-5-6-5-3-7-5-6-5	5-6-6-5-5-5-7-5-5-6-5-1	5-4-3-4-6-5-5-5-6-3-5-5	5-0-5-7-6-4-5-5-6-6-0-6	5-3-0-7-7-6-3-5-6-5-5-5	6-5-2-5-5-6-3-5-7-4-5-4	6-4-7-5-5-3-6-5-4-4-5-3	6-5-6-4-5-5-6-7-7-4-4-6	5-6-5-0-4-5-4-4-6-6-6-6	7-7-6-6-6-6-6-4-5-4-5-6
74	7	7-6-4-6-7-6-6-7-6-4-5-7	4-7-7-5-7-6-6-5-4-7-6-7	7-7-7-7-7-7-7-7-6-7-7-7	7-7-7-7-7-7-6-7-7-7-7-4	5-4-7-7-7-7-6-7-7-7-5-5	6-7-7-6-7-4-7-7-7-7-7-7	6-7-7-7-6-7-7-5-7-7-5-7	7-6-2-5-7-6-6-5-6-6-5-4	5-7-6-6-5-7-4-5-7-3-5-0	6-4-7-7-7-6-7-6-6-7-4-7	4-7-7-4-3-6-4-4-7-6-7-7	7-6-7-3-4-7-7-7-7-7-6-7
75	0	0-0-0-0-0-0-0-0-0-0-0-0	0-0-0-0-0-0-0-0-0-0-0-0	0-0-0-0-0-0-0-0-0-0-0-0	0-0-0-0-0-0-0-0-0-0-0-0	0-0-0-0-0-0-0-0-0-0-0-0	0-0-0-0-0-0-0-0-0-0-0-0	0-0-0-0-0-0-0-0-0-0-0-0	0-0-0-0-0-0-0-0-0-0-0-0	0-0-0-0-0-0-0-0-0-0-0-0	0-0-0-0-0-0-0-0-0-0-0-0	0-0-0-0-0-0-0-0-0-0-0-0	0-0-0-0-0-0-0-0-0-0-0-0
75	1	1-1-1-2-1-1-1-1-1-2-2-2	3-2-1-0-3-2-2-2-2-1-2-2	1-2-1-2-2-2-2-2-3-2-2-2	2-1-2-3-1-2-2-3-2-2-2-1	2-1-1-3-1-1-2-1-2-2-4-1	2-2-2-2-2-2-2-2-2-1-1-2	0-1-1-1-2-2-2-2-1-2-1-1	1-1-2-1-1-2-1-2-1-1-3-1	1-3-1-0-2-2-2-1-2-1-1-2	1-1-1-0-1-1-2-1-0-3-4-1	1-1-1-2-3-2-1-0-3-1-2-1	2-1-1-1-4-1-1-4-1-1-1-1
75	2	1-1-2-2-1-1-1-1-1-1-1-1	1-1-1-4-1-1-1-1-1-1-1-1	4-1-1-1-3-1-3-1-1-1-1-1	3-3-1-1-3-3-1-2-1-1-2-1	1-0-3-1-1-1-3-3-1-1-1-3	4-3-3-1-1-1-3-1-1-1-6-4	3-1-1-2-3-2-1-3-1-1-3-3	1-2-1-3-3-1-1-3-2-1-4-0	2-0-3-3-5-1-1-3-1-2-2-1	1-3-1-1-3-2-3-1-3-1-1-5	1-2-0-1-1-1-1-0-1-3-1-1	1-2-3-1-1-1-3-1-2-2-2-1
75	3	1-4-1-3-3-1-1-3-1-1-1-1	1-5-3-2-1-1-1-4-1-1-2-4	1-3-1-2-2-1-4-5-5-2-4-2	2-2-3-1-2-2-5-1-4-3-4-1	2-0-2-1-1-4-4-2-3-1-1-2	2-2-4-1-3-1-4-3-1-3-9-3	2-2-4-3-2-3-5-2-1-6-2-2	1-5-4-4-2-1-7-2-2-3-1-1	6-1-4-2-3-2-3-2-4-3-2-3	0-2-3-3-2-2-2-4-2-1-1-2	5-2-1-3-1-1-4-0-1-2-2-3	3-2-2-3-1-1-2-1-7-2-3-1
75	4	1-3-2-4-3-5-1-1-4-4-5-5	1-3-3-2-1-1-1-5-1-1-5-3	2-4-2-2-5-5-3-3-3-5-3-5	2-5-5-1-2-2-3-2-5-6-3-1	1-1-2-5-5-3-5-4-5-1-6-5	2-4-3-2-4-2-5-2-4-4-3-6	3-1-3-4-2-3-4-5-4-1-2-2	4-2-3-3-2-4-3-5-2-5-2-0	1-4-3-2-4-4-1-5-9-9-3-3	1-4-1-5-9-2-2-5-6-1-1-2	1-2-5-5-4-1-3-0-1-4-2-4	3-5-2-3-1-4-2-1-7-2-3-1
75	5	5-7-6-6-3-4-5-6-5-5-5-4	5-3-3-2-1-1-5-5-6-1-6-4	7-5-6-7-4-7-4-6-3-4-4-4	5-7-6-4-2-2-3-1-4-4-3-8	2-7-8-4-7-3-4-5-4-5-1-4	6-7-3-5-5-6-4-2-1-3-3-5	7-5-3-5-4-5-3-4-5-1-2-2	5-3-7-4-2-7-3-4-2-4-7-0	5-5-3-2-2-4-5-4-1-5-2-6	10-2-5-4-2-2-5-4-7-7-7-2	7-2-4-4-10-10-6-9-8-5-6-5	5-4-5-5-6-5-5-5-4-8-3-1
75	6	8-10-7-8-7-7-8-7-7-8-7-8	7-3-3-8-7-8-7-7-7-7-8-7	7-5-7-8-7-8-5-7-7-7-8-7	7-5-7-8-7-6-7-9-7-8-7-5	9-5-5-9-5-6-7-6-7-7-9-6	9-5-7-10-4-8-7-7-6-6-7-4	6-6-7-5-7-5-9-7-6-3-6-6	7-7-5-6-6-5-8-9-2-5-6-10	3-6-8-6-9-9-1-7-6-7-6-9	6-6-6-7-8-6-8-6-5-5-6-2	6-9-8-6-7-5-5-5-5-7-9-7	8-6-6-5-10-7-9-5-8-8-6-10
75	7	6-6-6-10-6-6-6-6-6-6-6-6	6-3-6-6-6-6-6-6-6-6-6-6	5-9-6-6-9-6-8-6-6-6-6-6	8-5-6-6-8-8-6-6-6-6-6-5	6-5-5-4-5-6-8-8-6-6-6-8	8-8-8-8-4-6-8-6-1-3-6-9	5-6-6-5-8-7-6-6-6-3-7-8	6-8-5-8-9-5-3-6-2-5-6-0	10-5-6-8-9-6-5-8-4-6-8-6	6-9-7-6-7-6-8-5-8-5-9-7	5-6-4-4-6-6-5-5-5-6-6-6	5-6-6-5-7-6-6-5-9-7-3-6
75	8	6-9-6-6-10-8-6-6-6-6-6-6	7-9-9-6-6-6-7-9-6-7-6-7	5-7-6-6-7-6-9-9-6-6-9-7	7-5-6-6-7-7-9-6-9-6-9-5	6-5-5-8-5-9-9-7-6-7-7-7	7-7-7-7-8-6-7-6-8-8-6-8	5-6-6-5-7-10-6-7-4-3-0-7	0-9-5-7-7-5-9-6-2-8-6-0	1-5-6-7-8-4-9-7-1-8-7-6	10-6-8-6-6-6-7-6-7-9-7-2	9-7-10-10-1-6-1-0-5-7-7-7	6-7-5-5-1-6-2-6-6-6-4-1
75	9	6-8-6-7-8-6-6-7-6-6-6-10	6-8-8-6-6-6-7-8-10-9-6-10	10-7-6-6-7-9-8-10-10-6-8-8	7-9-9-6-7-7-8-6-8-6-8-5	6-0-5-6-5-8-8-7-9-9-6-7	6-7-7-7-9-10-8-7-9-9-3-7	10-6-8-5-8-9-6-6-9-6-10-7	1-8-5-8-7-5-10-6-5-4-6-9	9-5-6-7-6-6-8-9-4-4-7-6	6-7-9-6-4-6-7-4-10-5-7-2	6-6-6-4-5-6-6-5-5-7-6-9	5-4-5-5-9-6-6-5-7-6-7-1
75	10	10-6-6-7-8-10-6-10-6-6-6-9	6-8-10-6-10-10-6-6-10-10-9-9	10-9-10-6-10-10-9-9-9-10-10-10	9-10-10-10-10-10-9-10-9-10-10-5	6-5-10-10-10-10-9-10-10-10-6-6	6-10-7-7-10-9-10-10-10-10-10-7	9-10-10-10-6-8-10-6-10-10-6-7	10-8-6-9-10-10-10-2-2-5-6-6	9-10-10-10-6-10-10-9-4-8-8-6	5-6-10-10-10-6-10-9-9-10-1-10	6-6-8-8-5-5-6-5-1-6-10-10	10-6-9-5-6-10-10-1-10-10-7-6
76	0	0-0-0-0-0-0-0-0-0-0-0-0	0-0-0-0-0-0-0-0-0-0-0-0	0-0-0-0-0-0-0-0-0-0-0-0	0-0-0-0-0-0-0-0-0-0-0-0	0-0-0-0-0-0-0-0-0-0-0-0	0-0-0-0-0-0-0-0-0-0-0-0	0-0-0-0-0-0-0-0-0-0-0-0	0-0-0-0-0-0-0-0-0-0-0-0	0-0-0-0-0-0-0-0-0-0-0-0	0-0-0-0-0-0-0-0-0-0-0-0	0-0-0-0-0-0-0-0-0-0-0-0	0-0-0-0-0-0-0-0-0-0-0-0
76	1	1-1-1-1-1-1-1-1-1-0-1-1	2-1-0-1-0-1-0-2-0-1-1-0	0-3-0-2-2-2-0-0-0-2-0-2	2-0-0-3-2-2-0-1-1-0-1-0	2-0-1-2-2-2-2-2-0-1-8-2	2-0-2-0-0-2-2-3-1-1-0-3	3-2-1-0-2-0-0-2-1-1-0-2	1-3-3-2-3-0-1-8-0-0-0-0	0-0-2-3-3-0-0-2-0-1-3-1	0-2-1-0-2-3-0-1-2-0-0-3	0-3-0-0-0-1-0-0-0-1-2-1	0-2-1-1-0-2-2-0-2-0-1-3
76	2	2-2-3-2-2-2-2-2-2-2-2-2	1-3-3-1-3-3-0-3-0-2-1-3	3-1-3-1-3-1-3-3-3-1-3-3	1-3-0-1-1-1-4-1-3-2-3-0	1-0-5-1-1-1-3-1-2-2-1-1	1-5-3-0-2-1-3-1-2-2-5-1	5-1-2-0-1-2-3-1-2-2-5-3	2-1-0-1-1-3-5-3-2-4-5-0	2-0-1-1-0-0-0-1-3-2-1-4	0-1-2-3-1-1-3-2-1-3-3-1	3-1-0-3-1-3-0-0-0-1-1-2	1-1-0-3-0-1-1-2-1-3-5-1
76	3	2-2-2-2-2-2-3-2-3-3-4-2	3-2-2-1-2-3-3-2-4-3-4-4	7-4-4-3-2-4-2-4-2-2-2-4	4-5-3-4-3-4-3-4-2-2-2-4	1-4-1-3-6-2-2-4-3-3-3-0	2-3-2-4-5-7-2-1-3-2-0-1	4-1-2-3-4-0-2-4-3-3-2-2	5-1-6-2-1-4-1-2-4-3-4-7	3-5-4-1-1-0-5-1-3-3-1-3	4-5-3-2-2-1-2-1-4-4-6-1	5-1-3-2-6-4-6-5-4-1-1-3	3-2-6-2-5-5-1-6-6-7-1-1
76	4	5-5-7-6-4-5-5-5-5-5-5-6	3-5-4-5-5-5-5-6-5-5-3-5	4-5-6-6-5-5-5-5-6-5-4-5	5-3-5-6-1-3-6-6-5-5-4-5	7-5-5-6-3-4-5-4-5-7-5-5	4-6-5-4-3-3-5-5-4-4-2-4	5-6-4-5-5-4-2-3-4-4-8-7	4-1-7-5-4-7-5-7-3-4-4-3	4-3-7-4-5-5-7-5-7-7-1-5	3-4-5-5-5-6-5-4-3-7-5-1	3-6-6-2-5-8-3-3-3-8-5-4	8-8-4-8-6-7-5-3-5-5-4-8
76	5	4-4-4-4-4-4-4-4-4-4-4-4	6-4-4-4-4-4-4-4-4-4-4-4	4-6-4-4-4-4-6-4-4-4-4-4	6-3-4-4-7-7-4-7-4-4-4-4	7-4-4-7-3-4-6-6-4-5-4-7	4-7-6-6-3-3-6-6-4-5-2-7	4-4-4-4-6-5-3-6-4-5-7-4	4-5-4-6-7-4-8-7-7-3-7-3	8-3-4-6-4-4-3-4-4-4-7-4	8-7-4-4-4-4-4-4-6-4-4-1	3-4-4-2-4-4-3-3-4-7-4-7	4-7-4-7-3-3-4-3-4-4-2-1
76	6	4-8-4-8-4-4-4-4-4-4-4-4	5-7-7-4-4-4-4-4-4-4-7-4	4-5-4-4-5-4-7-4-4-4-7-4	5-3-4-4-5-5-4-4-7-4-7-4	5-4-4-4-3-7-7-5-4-4-4-5	4-4-5-5-6-3-7-5-4-6-2-5	4-4-4-8-5-6-7-7-6-6-5-5	4-5-3-7-5-4-7-4-6-6-7-3	3-0-4-5-6-3-3-7-4-3-5-4	3-3-6-4-7-4-5-4-5-3-3-1	7-4-7-2-3-3-3-3-3-5-4-6	4-4-4-4-3-3-7-3-3-4-7-4
76	7	4-6-4-4-4-8-4-4-4-4-4-8	5-6-6-4-4-4-8-6-4-4-6-8	3-5-8-4-5-4-6-4-4-7-6-7	5-3-4-4-5-5-8-5-6-4-6-8	5-3-5-5-3-6-6-5-7-4-4-5	4-5-5-5-7-3-6-5-7-7-2-5	8-4-4-4-7-7-6-6-7-6-5-4	7-5-4-6-5-4-6-4-5-4-5-3	7-7-4-5-4-4-4-6-4-4-5-4	8-5-7-4-6-4-6-4-8-4-7-1	6-7-6-2-4-7-3-3-3-5-4-7	4-5-4-7-5-4-4-3-4-4-6-1
76	8	8-6-8-6-8-7-4-8-4-4-4-7	4-6-8-4-8-4-7-8-8-8-7-7	8-8-8-4-8-8-8-4-8-8-7-8	7-8-8-8-8-8-7-8-7-8-8-7	4-4-8-8-8-8-7-8-8-8-1-4	4-8-8-7-8-3-7-8-8-8-2-7	7-8-8-8-8-8-8-8-8-8-4-8	8-6-8-7-8-8-5-1-5-4-5-4	5-7-8-7-4-8-8-4-7-4-6-8	5-3-8-8-8-4-8-4-7-8-7-8	6-4-4-8-4-4-3-3-3-4-8-8	4-4-4-4-4-8-8-3-8-8-6-4
77	0	0-0-0-0-0-0-0-0-0-0-0-0	0-0-0-0-0-0-0-0-0-0-0-0	0-0-0-0-0-0-0-0-0-0-0-0	0-0-0-0-0-0-0-0-0-0-0-0	0-0-0-0-0-0-0-0-0-0-0-0	0-0-0-0-0-0-0-0-0-0-0-0	0-0-0-0-0-0-0-0-0-0-0-0	0-0-0-0-0-0-0-0-0-0-0-0	0-0-0-0-0-0-0-0-0-0-0-0	0-0-0-0-0-0-0-0-0-0-0-0	0-0-0-0-0-0-0-0-0-0-0-0	0-0-0-0-0-0-0-0-0-0-0-0
77	1	1-1-1-1-1-1-1-1-1-1-1-1	1-1-0-1-1-1-2-2-0-2-2-0	0-2-0-1-2-2-2-0-0-1-2-2	2-0-0-3-3-3-0-3-1-1-1-0	1-0-1-0-0-1-2-2-1-0-3-3	2-0-2-0-0-3-2-1-1-1-0-3	2-3-1-0-2-1-1-0-1-1-1-2	1-1-2-2-1-1-2-7-1-0-0-0	1-0-0-2-4-2-0-2-0-1-1-1	0-2-0-0-2-1-0-1-2-0-0-4	0-1-0-0-0-1-0-1-0-1-2-4	0-1-1-1-0-1-3-0-1-1-1-1
77	2	2-2-1-2-2-2-2-2-2-2-2-2	1-5-2-1-4-3-1-3-3-1-1-3	2-1-1-1-1-1-3-4-4-1-3-1	1-3-3-1-1-1-2-1-3-2-3-0	2-0-6-1-2-3-3-1-3-2-5-1	1-0-3-0-2-1-3-1-2-2-6-2	4-1-2-2-1-2-3-1-0-2-4-1	2-2-1-3-1-0-1-3-1-0-0-0	2-0-3-1-2-1-0-1-3-2-1-3	0-1-2-3-1-1-4-2-3-3-0-1	6-1-3-2-6-6-4-4-4-4-1-3	3-1-1-3-4-1-1-0-1-1-2-1
77	3	3-3-3-3-3-2-3-3-3-2-2-3	1-4-4-1-2-2-1-2-2-3-1-4	2-3-0-1-1-1-4-5-4-4-4-2	1-4-4-1-1-1-3-1-2-5-4-3	1-0-6-4-3-2-4-3-2-1-1-1	1-0-2-2-3-1-4-1-3-3-2-1	2-1-3-3-1-3-6-4-3-2-4-4	4-3-4-2-3-4-5-4-1-3-3-0	2-0-4-1-3-4-6-1-6-6-4-5	0-1-3-4-4-1-2-5-2-2-4-1	2-1-2-2-1-4-0-0-4-1-4-2	2-4-1-3-2-6-1-2-0-2-1-5
77	4	4-3-4-4-3-4-4-3-4-4-6-7	4-3-3-1-2-5-5-5-5-3-5-5	4-5-6-6-4-5-5-5-5-3-3-4	5-4-5-5-1-5-5-5-3-4-3-5	1-4-7-3-5-2-5-4-3-4-5-4	4-5-3-7-4-1-3-1-3-3-3-5	2-1-3-4-5-5-3-3-3-1-3-3	3-3-3-2-3-5-3-3-5-5-4-7	3-0-3-1-1-3-5-4-2-4-3-3	4-1-6-3-3-2-2-3-5-5-3-1	4-1-4-3-4-7-2-2-3-4-3-1	4-3-4-5-2-4-4-4-1-4-1-1
77	5	6-5-7-7-3-5-7-5-5-5-5-5	5-3-3-6-6-4-4-6-6-6-7-4	5-4-4-6-6-4-6-4-4-6-6-6	6-4-4-6-6-6-4-6-6-3-6-4	6-4-4-6-4-5-6-6-3-5-6-6	5-4-6-5-3-1-6-5-2-5-2-5	2-5-5-4-6-4-3-6-3-5-6-4	3-6-4-6-6-4-3-6-4-4-6-7	2-0-4-5-6-3-4-4-3-4-6-3	7-6-4-2-6-3-2-3-4-4-6-1	4-1-6-6-0-6-0-6-4-4-4-6	5-5-1-4-6-6-5-0-5-1-6-3
77	6	5-7-5-5-6-7-6-5-5-6-5-7	6-3-3-5-5-7-4-5-5-6-5-7	7-5-4-4-5-6-5-7-7-5-6-5	5-6-6-5-5-5-4-5-5-4-5-7	5-4-2-5-6-5-7-5-6-6-5-5	7-7-5-5-6-7-5-2-6-6-2-6	7-7-3-6-7-6-3-5-6-5-5-5	6-5-1-5-5-6-7-5-7-4-5-6	6-6-7-6-5-3-6-6-3-3-5-3	7-6-4-2-6-7-5-6-4-6-5-1	2-6-5-4-7-5-6-6-4-6-6-6	7-7-6-4-5-6-6-0-1-1-5-1
77	7	7-6-5-5-7-7-6-7-6-5-6-6	6-3-7-5-7-7-5-7-5-7-5-6	7-7-7-5-7-7-6-6-6-7-7-7	7-7-7-7-7-7-6-7-6-7-7-6	5-4-4-7-6-7-6-7-7-7-5-5	6-7-7-6-7-6-7-7-7-7-7-7	6-7-7-7-6-7-7-7-7-7-6-5	7-7-1-6-7-6-6-1-6-4-5-7	6-7-7-7-1-7-7-6-7-1-5-2	6-7-7-7-7-6-5-6-7-7-3-7	5-1-7-7-6-4-7-5-7-6-7-7	6-3-4-4-2-7-7-7-7-7-6-7
78	0	0-0-0-0-0-0-0-0-0-0-0-0	0-0-0-0-0-0-0-0-0-0-0-0	0-0-0-0-0-0-0-0-0-0-0-0	0-0-0-0-0-0-0-0-0-0-0-0	0-0-0-0-0-0-0-0-0-0-0-0	0-0-0-0-0-0-0-0-0-0-0-0	0-0-0-0-0-0-0-0-0-0-0-0	0-0-0-0-0-0-0-0-0-0-0-0	0-0-0-0-0-0-0-0-0-0-0-0	0-0-0-0-0-0-0-0-0-0-0-0	0-0-0-0-0-0-0-0-0-0-0-0	0-0-0-0-0-0-0-0-0-0-0-0
78	1	1-2-1-2-1-1-1-1-1-1-2-2	2-2-1-0-3-2-2-2-2-1-2-2	1-2-1-2-2-2-2-2-2-2-2-2	2-1-2-3-1-2-2-6-1-2-1-1	2-2-1-0-1-1-2-1-1-2-3-2	4-2-2-0-2-2-1-2-2-1-6-2	1-2-1-1-2-1-1-2-1-2-1-2	1-1-2-1-1-2-2-1-1-2-3-3	1-1-2-1-2-0-2-1-2-1-1-4	3-1-1-2-1-1-2-1-4-1-0-1	1-2-4-1-2-1-1-1-4-1-2-2	2-1-1-1-1-1-1-2-1-3-1-1
78	2	1-1-1-1-1-1-1-1-1-1-1-1	1-1-1-3-1-1-1-1-1-1-3-1	1-3-3-1-1-1-3-1-1-1-1-1	3-0-1-4-3-3-1-3-1-1-3-5	1-1-4-3-1-5-3-3-1-1-1-3	1-1-3-5-2-1-3-1-1-1-0-3	2-1-1-1-3-1-1-3-1-1-2-3	1-4-3-3-3-1-1-5-3-1-1-0	0-0-1-3-4-3-1-3-1-1-3-2	1-3-2-1-3-2-3-1-3-1-1-3	3-1-1-4-1-1-3-0-0-2-1-1	1-3-3-1-0-3-3-1-2-2-2-1
78	3	3-3-2-3-1-1-1-1-1-1-1-2	2-5-4-2-1-1-2-2-1-1-2-4	1-2-2-1-2-1-4-1-1-2-5-2	2-3-3-2-2-2-5-2-4-5-2-2	2-1-2-3-1-2-4-2-3-4-1-2	1-1-2-2-3-2-4-2-3-3-3-3	2-1-1-3-2-3-5-4-3-3-2-4	1-2-2-2-2-1-5-2-2-1-1-1	3-0-4-2-3-2-3-4-1-3-2-6	1-3-3-4-2-2-2-5-2-1-3-2	2-3-7-3-1-1-2-3-0-2-2-3	5-2-2-3-7-2-2-1-2-4-4-1
78	4	1-3-1-7-1-1-1-3-1-4-1-1	5-3-3-2-1-1-2-6-1-5-5-5	6-5-6-1-4-1-3-5-5-5-3-4	5-6-5-6-2-2-3-2-3-3-5-2	2-1-2-4-5-4-5-5-4-3-1-2	1-1-2-1-5-2-3-6-1-3-3-5	5-1-3-3-5-1-6-3-1-3-5-3	1-2-5-2-2-5-3-2-4-5-6-5	5-4-3-5-2-0-5-3-1-4-2-5	5-5-5-3-2-4-3-3-5-5-4-4	5-1-1-3-1-4-6-5-5-4-2-5	4-3-2-5-5-1-2-6-1-3-3-1
78	5	5-5-7-5-1-5-7-5-5-5-5-6	4-3-3-6-6-1-6-7-6-4-6-6	5-4-4-5-6-3-6-6-4-6-3-5	6-4-4-5-6-6-3-5-6-3-6-2	7-7-6-6-4-6-6-4-5-1-7-6	6-7-6-2-4-7-6-6-3-3-3-6	6-6-3-3-4-5-3-7-1-3-6-6	1-6-6-6-6-4-3-7-7-4-4-4	4-0-3-6-7-5-4-6-1-5-6-4	7-6-5-3-6-5-6-3-5-4-6-6	6-5-1-6-7-4-4-4-4-6-5-4	3-5-5-6-6-6-5-4-5-5-5-5
78	6	5-7-5-5-1-7-7-7-7-5-5-7	4-3-3-5-6-1-5-5-5-4-5-5	4-5-4-7-5-4-5-6-4-5-6-5	5-4-6-4-5-5-7-5-5-6-5-7	5-5-5-5-6-5-7-4-6-6-4-5	5-5-5-7-6-5-5-4-6-6-3-7	5-5-1-7-4-6-4-5-6-1-5-5	6-5-2-5-5-1-3-5-5-3-4-4	6-6-6-5-6-5-3-5-1-6-5-3	4-5-6-6-5-5-5-1-7-4-5-5	5-6-1-6-3-7-4-4-4-5-6-6	3-5-5-5-5-5-5-4-5-5-5-5
78	7	7-6-5-6-7-6-6-7-6-5-5-6	4-7-7-5-7-7-5-5-7-7-5-6	7-7-7-5-7-7-7-6-7-7-6-7	6-7-7-7-7-7-6-7-6-7-7-6	5-7-7-7-7-7-6-7-7-7-5-5	6-7-7-6-7-5-7-7-7-7-7-6	6-7-7-7-6-7-7-5-7-7-5-7	7-7-7-6-7-5-5-5-5-4-1-4	4-7-7-6-5-7-7-5-7-1-5-3	5-5-7-7-5-5-5-3-6-7-6-7	4-1-3-7-1-6-4-4-4-7-7-7	7-6-6-5-3-7-7-4-7-7-5-7
79	0	0-0-0-0-0-0-0-0-0-0-0-0	0-0-0-0-0-0-0-0-0-0-0-0	0-0-0-0-0-0-0-0-0-0-0-0	0-0-0-0-0-0-0-0-0-0-0-0	0-0-0-0-0-0-0-0-0-0-0-0	0-0-0-0-0-0-0-0-0-0-0-0	0-0-0-0-0-0-0-0-0-0-0-0	0-0-0-0-0-0-0-0-0-0-0-0	0-0-0-0-0-0-0-0-0-0-0-0	0-0-0-0-0-0-0-0-0-0-0-0	0-0-0-0-0-0-0-0-0-0-0-0	0-0-0-0-0-0-0-0-0-0-0-0
79	1	1-0-1-1-1-1-1-0-1-1-1-1	1-0-0-1-0-2-1-2-2-1-2-2	2-1-2-0-0-1-2-2-2-1-2-0	2-2-2-2-1-2-0-1-0-0-0-3	0-7-3-2-2-0-2-1-1-1-1-2	0-0-0-1-2-1-0-0-0-0-0-2	0-0-0-3-2-0-0-0-0-0-0-0	2-0-0-0-0-0-0-0-0-2-1-2	0-2-2-0-1-0-0-2-0-1-0-2	0-1-1-0-0-0-1-1-1-0-0-0	0-0-1-1-1-1-2-2-0-0-1-1	2-0-1-0-0-1-0-2-1-2-1-1
79	2	2-2-2-2-2-2-2-2-2-2-2-2	1-0-0-2-0-1-1-3-1-1-1-1	1-3-1-5-3-3-3-1-1-3-3-2	3-1-1-3-3-3-0-6-3-0-2-1	2-1-0-3-1-2-3-3-2-1-8-1	3-3-3-3-1-3-3-2-2-0-0-1	2-3-0-1-3-2-2-3-2-2-3-3	1-3-3-3-3-2-4-3-2-1-1-3	2-1-3-3-8-0-2-3-1-0-3-1	3-3-0-3-3-3-0-2-3-1-0-2	3-2-3-2-2-2-1-1-3-2-3-1	1-3-3-0-3-2-3-1-2-1-2-4
79	3	3-3-3-3-3-3-3-3-3-3-3-2	1-4-4-2-3-3-1-2-1-1-1-2	1-2-4-2-2-2-2-5-4-2-2-2	2-4-1-2-2-2-5-0-4-5-4-1	4-1-1-2-4-2-2-2-4-3-1-2	2-2-2-2-3-2-2-2-3-3-0-3	4-2-3-1-2-3-2-2-3-5-2-2	3-2-2-2-2-4-3-2-2-0-6-2	3-1-2-2-3-2-3-2-6-3-2-3	2-2-4-2-2-2-2-3-2-3-3-2	2-2-2-3-8-4-1-6-2-2-2-1	1-2-1-0-2-2-2-2-1-2-3-2
79	4	5-4-5-5-4-5-5-5-5-4-4-4	5-3-3-4-5-5-5-4-5-5-5-5	4-5-5-5-4-6-4-4-5-2-4-4	5-5-4-2-3-5-4-4-3-3-3-4	3-5-4-4-5-3-5-4-3-4-5-4	4-5-3-5-6-2-3-2-6-3-0-5	3-3-4-5-4-5-2-5-0-4-3-2	5-4-4-2-4-5-2-4-4-6-8-4	4-4-5-2-2-4-5-2-4-4-6-5	4-4-3-3-2-2-0-4-3-5-6-3	5-2-4-4-3-3-4-4-5-2-3-5	6-5-4-5-6-3-2-6-8-5-2-2
79	5	4-8-4-4-4-4-6-4-4-6-6-4	6-3-3-7-6-4-4-6-4-4-4-6	6-6-4-6-6-6-6-6-6-6-6-6	6-4-6-6-6-6-4-6-6-7-6-6	7-4-7-7-4-6-6-6-6-7-7-5	6-5-6-4-4-2-6-5-4-3-0-4	8-7-6-6-6-4-8-6-6-3-5-6	6-6-8-6-7-4-3-7-5-4-5-4	4-4-6-6-6-6-4-5-5-5-5-6	7-5-5-6-7-8-6-7-2-4-5-2	5-8-6-4-8-5-4-8-4-6-6-5	4-8-5-7-4-6-7-4-4-6-7-8
79	6	4-4-5-8-4-5-5-5-5-5-5-4	5-3-3-5-5-7-5-5-4-4-4-5	5-5-5-5-5-5-5-5-5-5-5-5	7-7-5-7-5-7-5-7-5-5-5-8	5-4-7-7-4-5-7-7-5-5-5-7	5-3-7-6-4-5-7-5-4-3-0-7	5-5-5-5-5-4-3-5-5-5-7-5	5-7-4-7-5-4-8-5-2-4-7-5	5-4-5-7-5-5-5-7-5-5-7-5	5-7-7-5-7-5-7-8-8-4-5-2	5-5-5-4-5-5-1-3-7-5-5-6	4-7-6-5-4-5-5-4-6-5-6-5
79	7	4-8-5-5-4-8-5-4-5-5-5-8	5-3-4-5-7-5-5-5-4-4-5-5	5-6-5-5-6-5-6-5-5-5-7-6	6-6-7-6-6-6-8-6-5-5-5-8	5-4-6-6-7-6-6-6-7-5-5-6	5-7-6-7-7-8-6-5-7-7-0-6	8-5-3-7-6-7-7-8-7-7-6-5	7-6-5-6-5-4-3-5-2-7-6-7	7-7-7-6-6-5-4-6-5-7-6-5	5-6-6-7-6-2-6-5-8-4-6-2	5-7-7-8-5-5-1-3-6-7-5-7	4-6-6-5-6-5-5-4-6-7-5-0
79	8	8-5-5-6-8-7-5-8-5-5-5-7	5-8-8-5-8-8-5-5-8-8-6-7	8-8-8-5-8-5-6-5-5-8-7-8	6-8-8-8-8-5-7-8-5-8-8-6	5-4-8-8-8-8-7-8-8-8-5-6	5-7-7-7-8-7-8-8-8-8-8-7	5-8-8-8-5-8-8-7-8-8-7-5	8-8-8-8-8-6-6-5-2-7-5-4	4-7-8-8-5-8-8-5-8-5-6-0	5-8-8-8-8-5-8-6-7-8-5-8	5-5-3-7-5-5-1-5-8-5-8-8	4-5-7-5-5-8-8-4-8-8-5-5
80	0	0-0-0-0-0-0-0-0-0-0-0-0	0-0-0-0-0-0-0-0-0-0-0-0	0-0-0-0-0-0-0-0-0-0-0-0	0-0-0-0-0-0-0-0-0-0-0-0	0-0-0-0-0-0-0-0-0-0-0-0	0-0-0-0-0-0-0-0-0-0-0-0	0-0-0-0-0-0-0-0-0-0-0-0	0-0-0-0-0-0-0-0-0-0-0-0	0-0-0-0-0-0-0-0-0-0-0-0	0-0-0-0-0-0-0-0-0-0-0-0	0-0-0-0-0-0-0-0-0-0-0-0	0-0-0-0-0-0-0-0-0-0-0-0
80	1	1-1-1-2-1-1-1-1-1-1-1-1	1-2-1-2-2-2-1-2-2-1-2-2	1-2-1-2-2-2-2-2-2-2-1-1	2-0-2-2-2-2-2-2-2-2-2-1	4-2-1-3-1-1-2-1-2-4-4-1	3-2-2-0-0-2-2-3-1-1-0-0	2-3-1-1-1-1-0-2-1-4-1-2	1-1-1-2-1-3-2-1-1-1-3-1	1-0-2-0-2-2-1-4-2-1-1-0	4-1-1-2-1-1-5-1-5-3-0-1	1-9-2-2-3-1-1-1-5-1-2-1	2-1-1-2-4-2-1-4-1-1-1-1
80	2	1-1-1-1-1-1-1-1-1-1-1-1	1-1-1-4-1-1-3-1-1-1-3-1	1-3-1-1-3-1-3-1-1-1-1-3	3-3-1-3-3-3-1-1-1-1-1-1	1-1-1-1-1-3-3-3-1-1-1-4	1-1-3-3-1-1-3-1-1-1-6-4	1-1-1-1-3-1-0-1-1-1-4-3	1-4-4-3-3-1-1-2-2-1-2-1	9-0-3-3-1-3-0-3-1-2-2-1	1-1-1-1-3-3-0-1-3-1-1-4	1-1-1-1-1-1-0-0-0-3-1-3	1-3-1-1-0-1-3-0-0-0-2-1
80	3	1-4-1-3-3-1-1-3-1-1-1-1	1-5-3-2-1-1-2-4-1-1-2-4	5-2-1-1-2-2-4-5-1-2-4-2	2-2-3-2-2-2-1-1-4-4-4-0	5-1-5-3-3-4-4-2-3-3-1-2	1-1-4-2-3-1-2-4-3-3-4-3	4-1-5-5-2-3-7-2-1-3-5-2	3-2-4-4-2-1-7-5-2-1-1-1	1-0-4-2-3-2-5-2-1-3-2-3	1-5-3-4-4-2-1-4-2-1-4-2	0-1-4-3-1-1-4-4-1-2-1-2	1-2-1-3-9-1-2-1-7-1-7-1
80	4	4-3-1-4-3-4-1-1-4-4-5-4	1-3-3-2-1-1-2-3-2-1-5-3	1-2-5-1-5-5-3-3-1-5-3-4	5-5-5-5-2-2-1-1-3-6-3-0	1-1-3-7-5-3-5-4-5-1-1-2	2-4-3-2-4-1-5-3-4-4-3-2	3-1-5-0-2-3-4-5-4-1-5-5	1-2-2-3-2-1-3-2-2-7-2-5	1-0-3-2-4-4-5-7-1-7-2-3	1-4-1-5-7-1-7-3-1-1-3-2	1-1-3-7-5-5-3-3-0-4-5-4	1-4-7-5-3-1-2-1-7-5-3-1
80	5	5-6-6-6-3-4-5-6-1-1-6-6	5-3-3-6-1-1-6-6-6-1-6-4	6-6-7-6-4-4-6-6-6-4-4-6	4-4-5-4-2-6-1-7-6-4-3-6	3-7-3-4-7-3-4-5-4-5-1-6	6-6-3-7-4-1-4-6-4-3-3-7	7-1-3-5-4-5-4-4-1-1-4-4	1-5-6-6-5-7-4-3-6-4-6-6	1-8-4-6-1-5-3-5-3-5-6-1	6-6-1-4-1-1-1-6-6-6-6-1	1-1-5-5-4-4-1-8-8-6-4-6	9-4-5-6-6-1-5-1-3-4-1-1
80	6	7-6-8-8-6-7-8-8-8-7-7-5	7-7-6-5-7-8-5-7-5-7-5-7	6-7-6-8-7-8-7-7-7-7-7-7	6-6-7-7-6-5-7-8-7-7-7-5	8-5-6-8-6-6-7-6-6-7-7-5	7-5-8-5-7-7-7-7-7-6-3-6	9-7-6-6-6-6-7-7-7-7-9-6	6-9-9-5-6-7-6-6-5-6-5-5	7-9-7-5-7-7-6-5-7-6-5-6	5-5-7-6-6-8-6-5-5-5-5-6	6-6-6-6-9-7-1-5-5-5-7-8	9-4-6-5-5-7-6-8-6-5-3-7
80	7	6-7-9-9-6-6-6-6-6-6-6-6	6-6-6-8-6-6-9-9-8-6-8-8	7-8-8-9-8-6-8-6-6-8-6-8	8-8-6-6-8-8-6-5-6-6-8-7	8-5-8-4-5-8-8-8-6-6-6-8	6-7-6-5-4-6-8-8-6-7-3-8	5-6-6-5-8-7-6-8-6-6-8-8	6-8-6-8-8-6-3-8-8-4-8-6	6-0-6-8-6-6-6-8-6-4-8-7	8-7-6-4-8-6-8-3-5-5-8-8	6-6-6-4-6-6-6-5-5-8-6-4	1-4-7-8-5-6-8-6-7-7-3-6
80	8	6-6-6-7-6-9-6-6-6-6-6-9	6-6-6-7-6-6-7-6-7-6-7-7	9-7-7-7-7-6-7-6-6-7-8-7	7-8-8-6-7-7-9-6-7-6-7-9	7-5-7-6-8-7-9-7-8-8-6-7	7-7-6-5-8-9-7-7-8-8-3-7	9-9-6-5-7-8-8-7-8-6-7-7	8-7-7-7-7-6-6-7-7-1-7-8	8-8-8-7-6-6-6-7-6-6-7-7	7-8-6-6-7-6-7-6-9-6-7-7	6-8-6-6-8-6-8-5-5-7-7-6	6-9-7-7-5-6-7-6-3-7-3-6
80	9	9-6-7-7-6-8-6-9-6-6-6-8	6-9-9-7-9-6-7-7-9-9-7-7	9-8-9-7-9-9-9-6-6-9-8-9	7-9-9-9-9-9-8-9-6-9-9-8	7-7-9-9-9-9-8-9-9-9-7-9	6-9-9-8-9-9-9-9-9-9-9-8	8-9-9-6-8-9-9-9-9-9-6-6	9-9-6-8-9-9-7-2-2-9-6-6	7-9-9-9-6-9-9-7-6-1-7-9	7-9-9-9-9-9-9-6-8-9-1-9	6-1-8-9-6-6-6-1-1-7-9-9	5-8-4-1-3-9-9-9-9-9-7-6
81	0	0-0-0-0-0-0-0-0-0-0-0-0	0-0-0-0-0-0-0-0-0-0-0-0	0-0-0-0-0-0-0-0-0-0-0-0	0-0-0-0-0-0-0-0-0-0-0-0	0-0-0-0-0-0-0-0-0-0-0-0	0-0-0-0-0-0-0-0-0-0-0-0	0-0-0-0-0-0-0-0-0-0-0-0	0-0-0-0-0-0-0-0-0-0-0-0	0-0-0-0-0-0-0-0-0-0-0-0	0-0-0-0-0-0-0-0-0-0-0-0	0-0-0-0-0-0-0-0-0-0-0-0	0-0-0-0-0-0-0-0-0-0-0-0
81	1	1-1-1-1-1-1-1-1-1-1-1-1	1-0-0-3-0-1-0-2-0-1-0-2	2-2-0-2-2-2-2-0-0-2-0-1	2-0-0-2-3-2-0-1-2-1-1-0	1-0-1-2-2-2-2-2-1-1-7-0	2-0-2-0-0-2-2-6-1-1-3-2	2-1-1-0-2-0-1-0-1-1-0-2	1-1-3-2-0-2-1-3-1-0-0-0	1-0-2-3-3-0-0-2-1-1-1-1	0-3-0-0-2-1-2-1-2-1-2-1	1-1-0-0-2-5-3-1-2-1-2-0	1-1-1-1-3-1-1-0-1-1-1-3
81	2	2-3-2-3-2-2-2-2-2-2-2-3	1-3-2-1-1-2-0-2-3-2-1-1	1-1-2-1-1-1-3-5-0-1-3-1	1-2-3-1-1-1-4-2-1-4-3-2	2-0-4-1-1-1-3-1-2-2-0-1	1-4-3-0-2-1-3-1-2-2-4-4	4-1-2-2-1-2-2-1-2-4-3-1	2-3-1-1-2-3-4-1-1-2-3-0	2-2-1-1-2-1-3-1-2-2-2-2	0-1-7-2-1-1-3-6-1-2-7-1	3-1-5-3-4-1-0-2-4-1-1-2	4-1-1-3-3-2-1-0-4-3-1-2
81	3	4-2-3-4-3-2-3-2-3-3-3-5	4-2-2-1-1-2-3-4-2-2-4-4	5-4-4-4-3-4-2-4-4-5-2-3	4-4-2-4-1-1-3-3-2-1-2-5	1-5-3-3-4-1-4-3-3-3-6-7	3-6-2-2-3-4-2-1-2-2-1-4	2-1-3-3-4-3-3-4-4-2-5-2	5-2-5-2-3-5-1-1-3-3-4-4	4-6-4-1-1-3-2-5-6-3-3-4	5-1-3-4-4-1-2-2-4-4-3-1	5-1-7-2-7-7-4-5-2-3-4-5	2-3-5-2-2-6-1-3-1-2-3-1
81	4	5-4-4-5-4-4-4-6-4-3-4-5	4-2-2-1-4-5-3-3-5-5-3-3	3-5-5-5-6-3-5-3-5-1-5-6	5-3-2-3-6-5-3-5-5-2-5-3	6-3-2-3-3-4-5-5-3-4-5-5	5-2-6-4-3-3-5-5-4-4-2-5	2-5-4-2-3-4-4-5-3-2-6-5	4-5-3-5-5-3-7-6-6-3-3-3	3-3-3-5-6-3-3-6-2-3-6-3	3-6-4-3-5-6-0-2-5-3-6-6	3-5-2-2-2-1-3-3-6-4-5-4	2-5-3-6-2-3-5-3-2-2-4-1
81	5	4-5-3-4-5-5-5-5-5-3-5-3	4-6-5-1-5-4-4-6-4-4-4-4	6-4-4-5-4-3-6-6-6-3-6-4	4-3-5-3-4-4-6-4-6-5-4-3	4-3-6-3-3-6-6-4-3-5-4-4	4-5-6-4-3-3-4-4-5-5-6-4	2-4-6-5-3-7-6-4-5-5-3-4	5-4-3-4-4-3-6-5-4-3-6-3	3-4-5-4-5-3-3-3-5-5-4-3	3-4-7-6-4-4-6-2-4-3-6-4	3-4-2-5-6-1-3-3-2-4-4-3	6-4-3-5-3-5-4-3-6-2-6-6
81	6	7-5-3-3-5-7-7-4-7-6-6-7	7-5-5-1-6-7-3-5-7-4-7-7	5-7-4-7-4-6-5-5-7-6-5-4	4-6-6-4-4-4-5-4-5-4-5-3	4-3-5-3-3-5-5-4-6-6-4-4	5-3-4-4-3-7-5-1-6-5-5-4	2-4-5-5-5-6-5-5-6-5-4-4	5-4-3-4-4-3-5-4-4-3-5-6	6-3-5-4-4-3-2-4-3-2-4-3	3-4-6-5-5-4-5-2-7-3-5-4	5-6-2-5-2-7-3-3-4-6-6-6	5-4-6-4-6-3-6-3-5-5-5-5
81	7	7-5-7-5-7-7-6-7-6-6-6-6	6-5-7-1-7-7-3-7-6-7-6-6	7-7-7-6-7-7-6-6-6-7-7-7	6-7-7-7-7-7-6-7-6-7-7-3	4-3-7-7-7-7-6-7-7-7-1-3	7-7-7-6-7-7-7-7-7-7-7-7	4-7-7-5-7-7-7-7-7-7-4-7	7-7-7-7-7-6-4-1-6-3-3-5	3-7-7-6-4-7-2-6-7-5-5-2	3-7-5-7-6-4-7-6-6-7-2-7	5-7-3-7-3-6-7-3-7-6-7-7	7-4-6-2-2-7-7-3-7-7-5-7
82	0	0-0-0-0-0-0-0-0-0-0-0-0	0-0-0-0-0-0-0-0-0-0-0-0	0-0-0-0-0-0-0-0-0-0-0-0	0-0-0-0-0-0-0-0-0-0-0-0	0-0-0-0-0-0-0-0-0-0-0-0	0-0-0-0-0-0-0-0-0-0-0-0	0-0-0-0-0-0-0-0-0-0-0-0	0-0-0-0-0-0-0-0-0-0-0-0	0-0-0-0-0-0-0-0-0-0-0-0	0-0-0-0-0-0-0-0-0-0-0-0	0-0-0-0-0-0-0-0-0-0-0-0	0-0-0-0-0-0-0-0-0-0-0-0
82	1	1-1-1-1-1-1-1-1-1-1-1-1	0-2-1-0-0-1-0-1-2-1-0-2	1-0-0-1-0-0-2-0-0-1-2-2	0-0-2-0-1-0-0-0-1-2-2-0	1-0-1-0-1-2-2-0-2-1-2-1	2-0-0-0-0-0-2-0-5-1-0-0	2-2-1-0-0-1-0-2-3-1-2-1	1-1-0-2-1-0-1-2-0-1-0-0	0-1-0-0-0-1-0-0-1-0-1-0	0-0-3-2-0-0-5-1-0-0-0-0	0-2-2-0-0-0-0-3-0-0-0-1	2-1-6-0-0-1-1-0-0-0-0-0
82	2	2-2-2-2-1-1-2-1-2-2-2-2	3-1-1-4-0-1-4-1-1-2-3-1	1-4-0-5-3-3-3-4-0-3-1-3	3-3-4-3-4-3-0-4-3-1-1-0	3-1-4-3-4-1-3-3-1-2-10-3	3-3-3-0-2-4-3-4-1-2-0-4	1-1-1-0-3-0-3-3-2-1-1-3	1-2-2-3-5-3-1-4-5-1-4-0	0-0-3-3-5-3-0-3-1-2-2-2	3-5-0-1-0-4-0-2-3-0-0-2	0-4-1-1-0-3-0-1-0-2-3-2	1-3-2-2-0-0-2-0-0-2-2-2
82	3	3-3-4-3-3-3-3-3-3-3-3-3	2-4-4-2-3-2-2-4-1-2-2-4	3-2-3-2-2-2-4-5-4-2-4-2	2-2-2-2-2-2-4-2-2-3-4-0	2-0-2-2-0-4-4-2-2-3-2-2	2-2-4-0-5-2-4-2-1-3-7-3	3-5-3-7-2-3-2-2-5-4-2-2	3-2-2-2-2-2-1-0-3-1-5-0	4-0-2-2-0-2-0-2-1-3-2-3	2-4-3-3-4-2-2-3-2-2-4-2	4-2-0-3-0-2-0-3-0-2-2-2	1-2-2-3-0-4-2-0-0-2-3-2
82	4	4-3-4-4-3-4-3-5-4-4-4-4	2-3-3-2-4-4-2-3-5-5-5-3	3-2-5-2-5-5-3-2-3-5-3-5	5-5-5-5-2-2-3-2-5-8-3-0	2-0-2-5-8-3-5-4-5-4-5-2	2-4-3-4-4-2-5-2-1-4-3-4	4-10-3-0-2-3-9-5-4-3-2-2	3-2-2-3-2-4-1-2-4-5-10-0	3-0-2-2-2-4-5-5-5-3-2-5	4-2-4-5-5-2-6-5-8-4-5-2	5-2-4-5-5-4-0-7-6-2-4-4	1-5-4-4-0-4-2-0-7-6-3-4
82	5	5-5-6-4-3-4-5-6-5-5-5-6	5-3-3-6-5-5-5-4-6-4-4-5	7-6-7-2-4-4-6-7-4-4-4-4	4-6-4-4-2-6-5-4-4-4-3-9	2-5-10-7-7-3-4-6-4-5-4-6	6-6-3-5-5-4-4-2-1-3-3-5	4-3-3-5-6-5-3-4-4-10-10-2	5-3-2-3-2-7-1-4-8-4-6-0	7-6-7-2-2-4-6-4-4-5-2-4	5-2-7-4-4-2-1-4-5-5-4-2	4-2-4-4-4-5-5-9-5-2-4-5	5-4-5-5-5-5-2-5-4-4-5-2
82	6	8-6-7-8-7-7-8-8-8-8-7-8	7-7-6-5-8-8-8-8-7-8-7-7	6-7-8-8-7-6-5-8-7-7-7-6	7-5-7-7-5-7-7-9-7-7-6-6	7-7-7-7-5-6-7-7-6-9-9-5	6-5-7-6-7-7-6-7-6-6-3-7	6-6-6-5-7-10-7-7-7-7-6-7	6-6-8-6-6-5-7-7-5-6-5-10	6-5-10-6-7-7-7-7-7-7-2-4	7-6-6-6-7-7-8-7-5-9-10-2	7-10-8-6-10-10-6-7-10-6-7-7	10-4-5-5-7-7-9-9-6-7-3-10
82	7	8-6-6-10-6-6-6-6-6-6-6-6	6-6-6-9-6-6-9-10-6-6-8-6	5-8-9-6-8-8-8-6-6-9-6-8	8-8-6-9-9-9-6-6-8-6-8-5	9-6-9-6-5-7-8-8-7-6-9-9	8-9-8-7-6-6-8-6-6-3-3-9	7-6-6-7-8-7-6-8-6-6-7-7	6-8-2-8-9-5-10-6-9-4-7-6	10-5-9-9-6-6-6-8-6-6-9-4	6-9-5-6-6-6-8-6-8-6-9-2	6-6-4-4-6-5-5-6-6-9-6-7	6-9-5-9-6-6-9-6-4-6-3-6
82	8	7-10-6-6-6-6-6-6-6-6-6-6	6-9-9-7-6-6-6-6-7-6-7-7	5-7-6-6-7-7-9-6-7-7-9-7	7-7-7-7-7-7-6-6-7-4-7-5	7-6-7-6-4-9-9-7-9-8-6-7	7-5-7-7-8-6-7-6-8-8-9-8	7-6-6-5-7-8-4-7-8-9-7-7	6-7-6-7-7-5-9-6-5-8-7-10	5-0-5-7-6-4-9-7-6-6-7-4	6-0-8-6-9-6-9-6-7-9-8-2	9-7-9-4-6-5-10-0-0-7-6-8	6-4-5-5-6-6-6-0-9-6-9-6
82	9	6-8-6-7-6-10-6-6-6-6-6-10	6-8-8-7-6-6-7-7-6-6-7-10	5-7-7-6-7-7-8-6-6-7-8-7	7-9-9-7-7-7-10-6-8-4-8-5	7-5-7-8-5-8-8-7-9-6-6-7	7-7-7-10-9-10-10-8-9-9-8-7	10-4-6-5-9-9-9-8-9-8-7-7	9-7-6-8-7-5-8-7-7-6-7-9	9-9-7-7-7-6-6-9-10-6-7-4	6-7-9-6-8-6-8-6-10-6-9-2	8-9-8-4-6-5-9-5-0-7-6-7	6-7-9-5-9-6-7-6-8-4-8-6
82	10	10-8-7-7-6-9-6-10-6-6-6-9	6-8-10-7-10-6-7-7-10-10-7-9	10-10-10-6-10-10-10-9-6-10-9-10	9-10-10-10-10-10-9-10-9-10-10-9	6-6-10-10-10-9-9-10-10-10-2-5	6-10-10-9-10-9-9-10-10-10-10-9	9-10-10-7-10-10-9-9-10-10-5-6	10-8-6-9-10-10-7-7-7-5-5-6	7-9-6-9-2-10-10-9-9-10-8-10	5-10-10-10-10-2-10-6-9-10-6-10	6-6-6-10-6-5-8-6-6-6-10-10	6-9-10-6-6-10-10-10-10-10-4-10
83	0	0-0-0-0-0-0-0-0-0-0-0-0	0-0-0-0-0-0-0-0-0-0-0-0	0-0-0-0-0-0-0-0-0-0-0-0	0-0-0-0-0-0-0-0-0-0-0-0	0-0-0-0-0-0-0-0-0-0-0-0	0-0-0-0-0-0-0-0-0-0-0-0	0-0-0-0-0-0-0-0-0-0-0-0	0-0-0-0-0-0-0-0-0-0-0-0	0-0-0-0-0-0-0-0-0-0-0-0	0-0-0-0-0-0-0-0-0-0-0-0	0-0-0-0-0-0-0-0-0-0-0-0	0-0-0-0-0-0-0-0-0-0-0-0
83	1	1-2-1-1-1-1-1-1-1-1-1-1	1-0-0-1-0-1-1-0-0-1-0-1	5-2-2-1-1-2-2-2-0-0-3-0	2-2-2-0-1-2-0-4-0-2-2-4	0-2-4-0-2-0-2-2-2-1-1-1	1-1-0-1-1-1-0-0-0-0-0-2	0-0-0-1-0-0-0-0-0-1-3-2	1-0-0-0-0-2-0-0-0-1-2-0	1-2-2-0-0-0-2-2-0-1-1-2	0-3-1-2-2-0-0-0-1-2-1-0	1-0-1-0-1-1-2-0-0-1-0-1	1-2-1-1-0-1-0-1-1-1-1-1
83	2	2-1-2-1-2-2-2-4-2-2-2-2	3-1-0-3-0-2-1-3-1-2-3-3	1-1-4-2-3-1-3-1-3-3-2-3	3-1-1-3-3-3-3-6-3-1-3-3	4-1-2-5-1-3-3-3-1-6-4-3	3-0-6-2-1-3-3-5-0-0-0-4	4-4-0-1-3-0-2-3-0-2-4-3	1-4-4-3-4-1-2-8-4-1-1-0	1-1-3-4-4-3-1-4-0-2-4-2	4-2-0-1-3-4-0-2-3-1-0-4	7-4-1-4-8-1-1-0-3-4-3-2	0-4-1-1-4-2-3-1-4-1-7-4
83	3	3-4-2-3-3-3-3-3-3-2-3-4	2-4-4-2-5-4-1-4-4-4-2-3	1-4-1-3-2-4-4-3-5-4-4-4	2-2-2-2-2-2-2-2-4-4-2-2	2-6-7-3-1-2-4-2-4-3-2-2	2-6-2-2-3-2-4-2-3-3-0-2	5-2-4-1-2-3-6-2-3-5-1-2	3-3-2-2-3-4-4-0-3-0-7-3	3-1-2-2-3-2-1-2-6-3-2-3	2-1-8-5-2-4-3-5-2-4-7-2	3-0-4-3-8-3-1-1-2-2-2-2	0-2-1-1-0-3-2-0-7-3-3-2
83	4	4-3-5-7-4-3-4-4-5-4-4-5	5-3-3-4-6-5-5-5-5-3-5-5	8-5-6-5-3-5-5-5-3-5-3-5	5-5-6-5-2-5-5-2-3-3-3-8	2-5-1-4-6-3-5-5-3-4-2-8	2-5-2-4-6-7-3-2-5-3-0-2	2-2-3-3-5-4-3-5-4-2-5-3	4-2-2-2-2-5-2-2-2-4-5-5	6-4-5-5-2-4-4-5-8-4-2-7	5-8-1-3-5-2-0-3-5-5-5-2	5-2-5-3-6-5-5-5-5-2-2-4	5-2-4-3-5-6-2-5-5-5-2-2
83	5	5-5-4-5-7-5-5-5-4-4-5-4	4-6-6-4-3-4-4-4-4-6-4-4	1-4-4-4-2-4-6-4-3-4-6-4	4-4-5-4-2-4-4-2-6-5-6-4	2-4-2-2-4-6-6-4-6-5-6-2	6-4-2-4-3-4-6-2-5-5-0-5	3-6-6-5-4-5-4-6-5-5-6-6	6-2-2-3-2-4-6-2-4-5-4-4	4-4-4-4-5-4-4-6-3-5-2-4	4-4-5-6-4-6-0-3-4-4-4-2	4-6-8-5-0-4-4-4-4-2-6-5	4-4-4-1-4-4-2-4-4-4-5-2
83	6	6-6-6-7-5-6-8-7-8-6-7-7	4-5-5-4-6-5-7-7-8-5-8-7	7-7-4-7-7-4-7-4-7-5-5-7	7-4-6-7-7-7-4-7-5-5-7-4	7-5-3-7-4-5-7-7-5-2-7-7	5-5-7-6-4-4-5-2-5-6-0-7	3-5-5-6-5-6-3-5-5-6-5-7	5-2-2-7-2-4-5-6-6-6-6-4	4-4-5-2-7-4-4-5-3-6-7-6	6-4-6-7-6-7-0-3-8-6-7-7	4-5-5-3-4-4-4-4-7-2-5-6	8-7-6-6-6-4-2-4-3-6-3-2
83	7	8-8-6-6-5-8-8-6-8-7-6-6	4-5-5-4-6-8-6-6-6-5-6-6	6-6-4-6-6-7-6-4-6-7-7-6	6-7-7-6-6-6-4-6-6-5-6-4	6-4-3-6-7-6-6-6-7-7-6-6	8-8-6-6-3-4-7-2-7-7-0-6	8-5-0-8-8-7-3-8-7-5-6-6	7-2-2-6-2-8-5-2-8-6-6-4	7-4-7-6-6-7-7-7-3-6-6-4	8-7-7-6-7-8-0-3-8-6-6-6	2-7-4-3-0-7-4-5-6-7-7-7	0-7-6-6-2-4-2-4-3-4-8-2
83	8	8-7-6-6-8-7-6-8-7-6-6-4	4-8-8-4-8-7-6-8-6-8-6-8	8-8-8-8-8-8-7-7-7-8-4-8	6-8-8-6-8-8-4-8-8-8-8-4	8-4-8-8-8-8-7-8-8-8-6-8	7-8-7-7-8-4-8-8-8-8-0-8	7-8-8-8-7-8-8-8-8-8-8-8	8-8-8-8-8-7-6-2-7-6-4-7	7-4-7-8-2-8-8-7-8-5-6-8	7-4-8-8-8-7-0-3-6-8-8-8	4-2-5-5-3-7-4-4-8-8-8-7	6-7-1-0-0-8-8-4-8-8-7-2
84	0	0-0-0-0-0-0-0-0-0-0-0-0	0-0-0-0-0-0-0-0-0-0-0-0	0-0-0-0-0-0-0-0-0-0-0-0	0-0-0-0-0-0-0-0-0-0-0-0	0-0-0-0-0-0-0-0-0-0-0-0	0-0-0-0-0-0-0-0-0-0-0-0	0-0-0-0-0-0-0-0-0-0-0-0	0-0-0-0-0-0-0-0-0-0-0-0	0-0-0-0-0-0-0-0-0-0-0-0	0-0-0-0-0-0-0-0-0-0-0-0	0-0-0-0-0-0-0-0-0-0-0-0	0-0-0-0-0-0-0-0-0-0-0-0
84	1	1-1-1-1-1-0-1-1-1-1-1-1	2-0-0-2-0-1-1-0-2-1-2-2	0-2-3-0-2-2-2-0-0-1-0-2	2-2-1-2-2-2-0-2-2-3-0-1	0-1-2-2-0-0-2-2-0-3-2-2	2-2-3-1-0-2-2-0-0-0-0-2	0-2-0-1-0-0-0-2-1-0-0-0	0-2-0-2-0-0-0-3-2-0-1-0	0-1-0-2-1-2-1-2-0-1-1-2	2-2-0-0-0-0-2-1-2-0-0-0	1-0-1-0-2-1-1-1-1-1-2-1	1-2-1-1-0-1-2-1-1-1-2-1
84	2	2-2-2-2-2-2-2-2-2-2-2-2	1-3-3-1-0-1-1-4-1-2-1-3	4-1-2-2-1-1-3-4-4-4-3-4	1-1-2-1-1-1-1-1-1-1-3-1	0-2-1-1-1-3-3-1-3-2-1-1	1-1-1-0-0-1-1-0-0-2-5-2	0-1-2-0-1-0-3-1-1-4-3-0	2-1-0-1-0-0-3-0-1-0-3-2	2-1-0-1-4-1-2-1-9-2-0-1	1-1-0-2-3-3-1-3-1-0-0-2	3-2-3-5-3-1-0-2-0-1-1-5	0-1-1-1-0-1-1-0-1-2-4-1
84	3	3-3-2-3-3-3-3-2-3-3-3-4	3-2-2-3-0-3-4-4-4-2-1-4	5-4-4-6-6-4-2-2-4-2-2-3	4-4-3-1-1-4-2-6-1-1-4-5	0-4-6-1-4-2-4-1-2-1-1-1	4-5-1-3-3-1-3-6-0-2-2-3	3-1-2-5-3-3-2-1-0-2-5-4	3-5-5-3-3-3-2-1-3-3-2-3	3-3-4-1-3-0-4-5-0-6-3-6	3-3-3-4-3-2-5-2-3-4-5-3	5-3-2-2-2-9-4-3-5-1-7-4	3-1-3-5-5-1-3-3-3-3-3-0
84	4	3-4-3-6-3-5-4-7-4-3-3-4	5-2-2-5-0-5-3-6-5-3-5-6	3-3-3-7-5-3-5-5-3-5-5-5	5-3-3-5-6-5-6-4-5-1-3-3	7-3-3-1-3-4-5-5-3-9-1-1	5-6-5-5-4-6-5-4-7-0-0-3	5-4-4-3-5-3-4-5-0-2-4-5	0-6-4-5-4-3-9-9-4-4-8-5	3-3-3-6-6-5-3-6-5-2-6-6	3-1-1-3-5-4-0-2-5-3-3-6	3-3-2-2-9-5-3-3-0-4-5-3	1-5-3-3-3-4-5-3-1-4-2-4
84	5	5-5-3-5-5-5-5-5-5-3-4-3	4-6-6-4-8-4-3-4-4-5-4-6	3-5-3-3-4-7-4-4-6-4-6-4	4-3-7-4-4-4-7-4-6-8-6-3	4-3-3-3-5-4-6-4-6-5-1-1	4-3-7-4-6-4-6-5-8-5-8-5	4-4-5-3-4-5-7-4-5-5-3-4	6-3-4-4-4-3-7-5-4-5-7-9	5-3-4-4-5-5-9-3-5-7-5-5	4-3-6-8-4-4-3-8-4-4-3-6	3-5-6-2-3-4-3-3-3-4-4-2	8-4-3-3-3-4-4-3-5-6-7-5
84	6	6-5-6-6-5-4-6-7-6-6-6-8	7-5-5-6-7-7-6-4-5-5-8-7	9-6-7-3-6-3-7-7-7-5-5-6	7-6-6-4-4-4-7-3-5-6-5-3	4-7-3-6-7-4-7-4-5-6-6-9	0-4-4-6-7-7-5-5-5-5-0-3	4-4-0-3-7-6-5-7-5-0-7-4	5-4-4-4-5-5-5-5-4-7-7-7	7-6-7-4-4-6-7-7-8-3-4-6	7-7-3-9-7-4-0-2-7-8-6-4	7-4-7-9-7-7-7-7-7-4-4-6	5-4-6-3-7-7-4-7-7-5-6-2
84	7	8-9-8-9-7-7-9-6-6-7-6-9	6-5-5-8-8-8-8-8-7-8-8-8	7-8-8-9-8-9-8-6-8-8-5-8	8-6-5-8-8-8-5-8-8-6-8-3	8-6-9-8-6-7-8-8-6-7-9-8	4-3-8-7-6-6-8-7-5-7-5-5	9-8-7-3-9-7-5-8-7-7-8-8	3-7-4-7-7-3-5-8-7-6-6-6	6-6-3-7-8-9-6-6-5-5-7-6	7-8-7-8-8-8-8-2-6-6-8-7	6-7-6-2-6-6-6-6-6-7-7-7	5-7-7-8-6-6-7-6-6-6-7-8
84	8	7-9-7-7-7-9-9-6-9-7-7-7	6-5-5-7-7-9-7-7-6-8-7-7	7-7-7-7-7-8-7-6-7-7-8-7	7-8-8-7-7-7-9-7-7-8-7-7	7-6-3-7-3-8-7-7-8-8-7-7	9-0-7-7-8-6-7-7-5-8-5-8	9-7-2-8-9-8-6-7-8-7-7-7	8-8-4-7-7-9-5-7-7-6-4-6	8-6-8-7-7-9-8-6-6-5-7-6	3-7-8-5-7-7-8-5-9-6-7-8	7-8-7-2-9-8-6-3-7-7-8-8	5-8-7-7-7-4-8-6-7-2-7-7
84	9	9-7-7-7-9-8-7-9-8-7-7-7	6-9-9-7-9-9-8-7-9-9-8-7	9-9-9-7-9-9-8-7-8-9-9-9	7-9-8-7-9-9-8-9-7-9-9-3	4-6-9-9-9-9-8-9-9-9-7-9	8-9-7-7-9-6-7-9-9-9-9-9	7-9-9-9-7-9-9-9-9-7-7-9	9-9-4-8-9-8-4-7-8-6-6-6	8-9-9-9-7-9-9-8-2-9-9-0	3-6-9-9-9-8-9-8-9-9-9-9	9-9-2-6-4-3-6-6-6-8-9-9	9-8-3-0-0-9-9-6-9-9-7-9
85	0	0-0-0-0-0-0-0-0-0-0-0-0	0-0-0-0-0-0-0-0-0-0-0-0	0-0-0-0-0-0-0-0-0-0-0-0	0-0-0-0-0-0-0-0-0-0-0-0	0-0-0-0-0-0-0-0-0-0-0-0	0-0-0-0-0-0-0-0-0-0-0-0	0-0-0-0-0-0-0-0-0-0-0-0	0-0-0-0-0-0-0-0-0-0-0-0	0-0-0-0-0-0-0-0-0-0-0-0	0-0-0-0-0-0-0-0-0-0-0-0	0-0-0-0-0-0-0-0-0-0-0-0	0-0-0-0-0-0-0-0-0-0-0-0
85	1	1-1-1-1-1-0-1-1-1-0-1-1	1-0-0-1-0-1-0-1-0-0-2-2	0-2-0-3-2-0-2-2-0-3-0-2	2-0-0-2-2-2-0-4-1-0-1-1	1-0-1-0-0-1-2-2-1-0-0-1	1-0-2-0-1-3-1-2-0-1-0-3	1-3-1-0-2-0-0-2-3-1-1-2	1-1-1-2-1-0-2-1-1-0-0-0	1-0-2-2-3-1-0-2-0-1-1-2	0-2-0-2-6-1-0-3-2-0-0-3	1-1-0-0-0-1-0-1-0-1-2-0	0-1-1-0-0-1-1-0-1-1-1-3
85	2	2-3-1-2-3-2-2-2-2-2-2-2	1-3-3-1-0-3-0-3-3-0-1-3	3-1-0-1-1-1-3-1-0-1-3-3	1-3-3-1-1-1-4-1-4-4-3-1	2-0-2-2-3-1-3-1-2-2-4-1	3-0-3-0-2-1-3-1-3-2-5-1	3-1-5-3-1-2-3-1-2-2-0-3	2-0-1-3-2-3-4-3-1-3-4-0	3-0-1-1-4-4-5-1-4-2-1-1	0-1-2-2-3-3-1-2-1-3-0-1	6-1-6-3-5-3-0-5-0-1-1-2	0-1-1-3-0-1-2-0-1-0-1-1
85	3	2-2-3-4-2-3-3-3-3-3-3-2	4-2-2-1-4-2-3-2-4-0-4-4	2-4-5-1-3-5-2-5-4-4-2-2	4-4-4-4-1-1-4-3-2-2-2-1	1-5-3-3-4-2-4-3-4-2-3-6	2-3-2-3-4-1-2-1-2-2-2-1	2-1-2-3-4-4-2-0-1-2-2-2	2-3-4-2-2-4-1-2-1-2-4-4	4-3-4-1-1-3-4-6-6-3-1-4	4-1-3-2-2-4-0-5-4-2-3-1	4-1-4-2-4-4-4-4-4-2-1-3	4-1-3-2-3-3-3-4-3-3-1-1
85	4	5-4-4-6-4-5-4-4-4-4-4-4	3-2-2-5-5-5-5-5-3-0-3-3	1-3-5-5-4-5-5-3-3-3-2-4	5-3-3-3-5-5-3-1-5-2-5-4	4-4-5-5-3-5-5-5-3-4-2-5	5-0-5-4-3-1-5-5-2-4-2-4	3-5-2-3-3-3-3-5-2-4-5-5	2-5-2-5-5-3-6-2-4-4-5-3	3-0-5-5-2-2-3-5-2-2-5-3	5-5-3-2-5-3-5-2-3-4-5-4	3-1-3-0-3-3-3-3-3-5-3-4	3-5-4-5-3-3-5-3-3-4-5-4
85	5	4-6-4-4-4-6-6-4-6-5-5-6	3-2-2-4-5-5-4-4-4-5-4-6	6-3-3-4-4-4-4-6-4-4-5-4	4-3-5-3-4-4-6-4-4-2-4-6	4-3-4-4-3-4-6-4-3-5-4-4	4-6-4-6-5-6-4-4-5-5-2-5	6-4-2-5-6-5-5-6-5-5-4-4	5-4-1-4-4-3-5-2-4-5-4-3	5-5-5-4-4-1-5-4-3-5-4-2	4-4-3-5-4-3-4-3-6-2-4-4	4-5-5-5-2-6-5-4-4-4-2-5	3-4-6-5-5-3-4-3-1-4-4-2
85	6	6-5-4-4-6-5-5-6-5-5-4-5	5-6-6-4-6-6-5-6-5-6-4-5	6-6-6-1-6-6-6-5-6-6-5-6	5-6-6-6-6-6-5-6-5-6-6-5	4-4-6-6-5-6-5-6-6-6-1-3	5-6-6-5-6-6-6-6-6-6-6-5	5-6-6-6-6-6-6-6-6-6-6-6	6-6-6-5-6-4-4-1-4-5-0-6	3-6-6-6-1-6-6-3-6-2-4-2	3-6-6-6-6-1-6-5-5-6-3-6	2-6-2-5-2-5-3-3-6-6-6-5	6-5-6-0-3-6-6-3-6-6-4-6
86	0	0-0-0-0-0-0-0-0-0-0-0-0	0-0-0-0-0-0-0-0-0-0-0-0	0-0-0-0-0-0-0-0-0-0-0-0	0-0-0-0-0-0-0-0-0-0-0-0	0-0-0-0-0-0-0-0-0-0-0-0	0-0-0-0-0-0-0-0-0-0-0-0	0-0-0-0-0-0-0-0-0-0-0-0	0-0-0-0-0-0-0-0-0-0-0-0	0-0-0-0-0-0-0-0-0-0-0-0	0-0-0-0-0-0-0-0-0-0-0-0	0-0-0-0-0-0-0-0-0-0-0-0	0-0-0-0-0-0-0-0-0-0-0-0
86	1	1-1-1-1-1-1-1-1-1-1-1-1	2-2-1-0-2-2-3-2-1-1-2-2	1-2-1-1-2-2-2-2-3-2-2-2	2-1-2-2-1-0-2-2-2-2-2-1	2-3-1-4-4-1-2-1-2-2-2-1	4-2-2-2-2-2-2-2-2-1-4-2	1-1-1-1-2-3-0-2-1-1-1-1	2-1-1-1-1-2-1-1-1-1-3-1	1-1-1-1-1-2-6-0-2-1-1-2	1-1-1-2-1-1-1-1-2-3-3-1	1-1-4-2-1-2-1-1-3-1-2-1	3-1-1-1-3-1-1-2-1-1-3-1
86	2	1-1-2-2-1-1-1-1-1-1-1-1	1-1-1-2-1-1-1-1-1-1-1-1	1-4-1-1-3-1-3-1-1-4-1-1	3-0-1-1-4-3-1-4-1-1-1-1	1-0-3-3-1-1-3-3-1-1-1-3	3-1-3-1-1-4-3-1-1-1-5-4	3-3-1-1-3-2-3-3-4-1-3-3	1-2-4-3-3-1-1-4-2-1-0-1	2-0-3-3-4-3-1-3-1-2-3-1	1-2-1-1-3-2-3-1-3-1-1-4	1-2-1-1-1-1-1-0-1-3-1-1	1-2-2-1-1-3-3-1-2-2-2-1
86	3	1-4-1-3-3-1-1-1-1-1-1-4	1-4-4-2-1-1-1-2-1-1-2-4	1-2-1-1-2-1-4-4-1-5-4-2	2-3-3-1-2-2-1-2-4-3-4-1	1-1-2-2-1-3-4-2-3-1-1-2	2-2-4-1-3-2-4-3-3-3-6-3	2-2-1-3-2-1-4-2-1-3-2-2	3-4-9-2-2-4-8-2-2-1-1-1	1-3-4-2-3-2-3-2-1-3-2-3	1-2-1-4-2-2-4-3-2-1-1-2	3-2-1-3-1-1-4-5-1-2-5-1	1-2-2-1-1-2-2-1-6-4-6-1
86	4	4-3-5-5-3-4-4-5-4-4-1-5	4-3-3-5-1-1-5-3-5-1-5-3	7-5-6-2-4-1-3-5-1-2-3-4	5-4-5-5-2-2-7-2-3-3-3-4	2-9-2-5-7-3-3-4-3-3-1-4	1-2-3-5-3-2-3-3-1-3-1-2	9-3-2-9-5-4-3-4-2-1-6-1	1-3-6-3-2-3-3-2-2-4-4-4	7-6-3-2-2-0-9-2-1-2-2-4	6-9-1-3-2-2-3-1-5-6-7-2	6-2-1-1-4-1-6-6-6-3-2-4	3-2-7-6-6-6-2-6-9-5-2-1
86	5	7-6-6-4-6-6-6-6-6-7-7-6	7-6-5-4-6-7-4-6-6-6-6-6	5-6-7-7-6-6-6-6-6-6-7-6	6-5-6-6-5-5-6-6-6-6-5-4	8-4-6-6-6-5-6-5-6-5-8-5	8-8-7-5-6-6-5-8-6-5-3-6	6-6-5-5-6-6-6-6-5-5-2-8	6-5-5-5-5-6-6-6-6-5-7-7	5-4-5-5-6-8-7-6-6-5-5-6	5-6-9-8-5-5-8-5-5-7-4-2	5-8-8-5-9-6-4-4-5-6-7-7	7-9-5-5-8-5-6-4-5-7-5-9
86	6	5-5-5-9-5-5-5-5-5-5-5-5	5-5-5-7-5-5-5-5-5-5-7-5	5-7-5-5-8-5-5-5-5-5-5-5	7-4-5-5-7-8-5-8-5-5-7-5	5-4-9-5-4-7-7-7-5-5-5-8	5-5-7-6-6-5-7-5-5-6-3-5	5-8-5-4-7-5-5-7-5-6-4-5	5-6-8-7-8-5-9-8-5-5-8-5	4-4-7-8-8-7-5-5-5-6-8-5	4-8-5-5-7-8-5-5-7-5-4-7	4-5-5-3-4-5-4-4-4-8-5-5	5-7-2-4-4-4-8-4-4-4-3-8
86	7	5-8-5-6-5-5-5-5-5-5-5-5	5-8-5-6-5-5-6-8-5-5-6-5	4-6-5-5-6-5-8-5-5-6-8-6	6-4-5-5-6-6-5-6-6-5-8-4	7-4-5-7-4-6-8-6-8-7-5-6	5-5-8-6-7-5-6-5-5-7-8-7	5-5-5-4-6-9-8-6-5-3-4-6	5-6-4-6-6-5-8-6-2-5-8-5	4-4-6-6-7-6-8-9-5-7-6-5	4-4-7-5-6-6-5-5-6-5-4-6	4-5-5-5-1-5-4-4-4-5-5-5	5-6-4-8-5-4-6-4-4-5-8-1
86	8	5-7-5-6-5-5-5-5-5-5-5-9	5-7-5-6-5-5-9-7-9-5-9-9	9-8-5-6-6-8-7-5-9-6-7-7	6-8-8-5-6-6-9-6-7-5-7-4	7-4-5-5-8-7-7-7-7-5-5-6	5-5-7-6-8-5-7-5-8-7-7-9	9-6-5-5-7-8-7-6-8-6-2-5	5-6-6-8-6-5-7-6-8-5-6-8	8-4-8-6-6-5-7-8-5-6-6-5	9-6-8-5-6-6-5-5-9-7-7-6	4-5-5-3-3-5-4-4-7-6-5-8	5-8-9-7-5-8-6-4-3-6-7-6
86	9	9-6-6-6-7-5-5-9-5-5-5-8	5-7-9-6-9-5-6-9-9-9-8-8	9-8-9-6-9-9-8-8-8-9-5-9	8-9-9-9-9-9-8-9-8-9-9-4	5-4-6-9-9-9-8-9-9-9-5-9	5-9-9-8-9-5-9-9-9-9-9-9	4-9-9-4-8-7-9-9-9-9-4-5	9-7-9-8-9-5-6-6-2-5-4-5	8-9-9-8-6-9-4-8-9-7-7-6	8-4-5-9-9-2-9-5-9-9-7-9	4-5-5-9-5-5-4-4-4-5-9-9	5-5-8-5-6-9-9-4-4-9-5-5
87	0	0-0-0-0-0-0-0-0-0-0-0-0	0-0-0-0-0-0-0-0-0-0-0-0	0-0-0-0-0-0-0-0-0-0-0-0	0-0-0-0-0-0-0-0-0-0-0-0	0-0-0-0-0-0-0-0-0-0-0-0	0-0-0-0-0-0-0-0-0-0-0-0	0-0-0-0-0-0-0-0-0-0-0-0	0-0-0-0-0-0-0-0-0-0-0-0	0-0-0-0-0-0-0-0-0-0-0-0	0-0-0-0-0-0-0-0-0-0-0-0	0-0-0-0-0-0-0-0-0-0-0-0	0-0-0-0-0-0-0-0-0-0-0-0
87	1	1-1-1-1-1-1-1-1-1-1-1-1	0-2-1-0-0-2-0-2-0-1-0-0	1-0-0-1-2-0-2-2-0-0-2-2	0-0-0-0-0-0-0-1-2-2-2-1	0-0-1-0-0-1-2-0-1-0-0-0	0-2-0-0-0-0-2-0-2-1-1-0	2-3-1-0-0-1-0-0-1-1-0-0	2-1-0-2-1-0-1-0-0-2-0-0	1-0-0-0-1-0-1-2-2-0-0-0	0-1-0-2-0-0-0-1-0-0-0-1	0-0-0-2-2-0-0-2-2-0-0-3	1-1-1-1-1-1-0-0-0-0-1-1
87	2	2-1-3-1-1-1-2-1-2-2-2-1	3-1-1-3-1-1-4-1-0-1-4-3	1-4-5-5-3-3-3-1-3-3-1-1	4-3-2-4-4-3-3-5-3-1-5-2	4-0-3-4-0-3-3-3-1-4-4-3	3-4-3-2-2-4-3-3-1-1-0-4	3-1-1-0-3-2-3-3-0-2-6-4	1-4-5-3-5-0-2-2-2-1-2-0	0-0-3-3-5-4-0-3-1-2-5-2	2-4-0-3-3-2-3-2-3-0-0-5	2-5-0-1-1-2-0-1-1-2-3-2	1-3-2-3-0-2-5-0-2-2-2-5
87	3	3-3-2-3-5-3-3-3-3-2-3-3	2-5-3-2-4-3-2-4-4-4-2-4	2-2-2-2-2-2-4-5-2-2-4-4	2-2-4-2-2-2-2-3-4-3-4-2	2-0-2-2-3-4-4-2-4-3-2-2	2-2-4-3-3-2-4-2-1-3-0-3	4-1-3-5-2-3-2-2-3-3-0-2	3-5-4-4-2-0-3-2-2-3-2-0	3-0-2-2-3-2-4-4-4-3-2-4	4-0-3-4-2-2-2-3-4-4-4-2	4-4-4-3-1-4-4-4-5-2-2-1	3-2-0-2-4-2-2-0-9-4-7-3
87	4	4-5-2-4-3-4-4-4-4-4-2-3	2-5-5-2-3-3-2-3-5-3-2-3	6-2-4-2-2-2-5-6-5-2-5-3	2-5-5-2-2-2-2-2-5-5-3-2	2-3-2-5-3-3-5-4-5-2-2-2	2-2-3-3-4-2-5-2-4-4-6-2	5-1-5-5-5-3-5-5-4-3-5-2	4-2-3-3-4-0-9-2-2-4-2-0	4-0-3-2-4-2-3-3-3-3-2-3	3-2-4-3-3-3-2-5-3-4-5-2	3-4-3-5-5-3-3-4-0-2-2-4	3-2-0-5-3-2-3-0-7-3-4-2
87	5	5-4-5-6-3-4-5-6-5-5-6-6	5-4-4-6-9-3-6-4-6-4-6-4	5-6-9-2-5-5-4-3-6-3-4-5	5-8-4-2-2-6-4-2-4-4-2-9	2-10-6-4-8-3-4-6-4-5-2-2	6-6-3-2-5-5-4-2-1-4-4-5	8-5-4-4-6-5-4-4-4-2-4-2	4-3-8-3-2-7-4-2-5-5-5-5	7-5-7-2-2-5-8-6-4-5-2-5	6-6-5-5-6-2-6-4-6-5-6-2	4-2-4-4-4-5-7-9-6-2-6-5	5-6-5-9-5-5-2-5-5-8-5-2
87	6	8-6-7-5-7-7-8-8-7-7-7-8	8-7-7-5-8-8-5-7-7-7-7-7	6-5-8-8-7-6-7-7-7-7-8-7	7-5-7-7-6-7-8-9-7-9-6-5	9-7-7-9-5-6-7-6-7-7-9-9	6-5-7-7-5-7-6-6-7-6-4-7	7-8-6-5-5-6-7-7-6-9-6-7	6-6-10-5-6-5-4-7-5-5-5-10	6-5-9-6-9-9-5-5-9-7-2-9	5-5-7-7-7-2-7-7-5-5-5-2	10-9-9-4-10-9-8-5-10-6-9-8	5-7-7-5-7-7-9-9-5-8-6-8
87	7	6-6-6-9-6-6-6-6-6-6-6-6	6-6-6-8-6-6-6-6-6-6-6-6	5-6-6-6-9-8-8-6-6-8-6-6	8-5-6-6-8-9-6-6-6-6-7-5	8-6-6-6-5-8-8-8-6-6-6-8	8-5-9-9-4-6-8-8-6-6-7-9	10-6-4-5-8-7-6-8-7-6-7-8	6-8-5-8-8-5-10-9-5-6-9-6	5-5-8-8-7-6-5-8-6-6-7-6	7-9-6-6-8-9-8-6-8-5-6-7	4-6-6-4-6-6-5-5-6-7-6-7	5-8-6-8-6-6-7-6-5-6-7-6
87	8	6-9-6-7-6-6-6-6-6-6-6-6	6-9-6-7-6-6-6-9-6-6-6-7	5-8-6-6-7-7-9-6-6-7-9-7	7-5-6-6-7-7-6-6-9-6-9-5	7-6-9-8-5-9-7-7-6-6-6-7	7-7-7-7-5-6-7-7-8-8-9-8	5-6-4-6-7-8-9-7-8-8-7-7	6-7-5-7-7-5-6-6-5-6-7-6	8-5-7-7-8-6-5-7-6-7-7-6	7-7-6-6-7-7-7-6-7-5-9-9	7-6-6-4-6-6-5-5-6-7-6-7	5-7-6-7-6-6-7-6-9-6-9-6
87	9	6-8-6-7-6-6-6-6-6-6-6-10	6-8-6-7-6-6-6-8-10-6-6-10	5-9-5-6-7-9-8-8-10-7-8-8	7-9-9-6-7-7-8-6-8-6-8-5	6-6-8-6-9-8-8-7-8-6-6-6	7-8-7-7-4-10-8-7-9-8-8-7	6-6-4-10-10-9-8-8-9-6-7-7	6-7-6-10-7-9-4-7-5-6-7-9	9-5-7-9-6-6-8-9-6-6-7-6	9-9-9-8-7-7-8-4-10-5-8-8	8-6-6-4-6-6-5-5-8-10-6-9	5-7-6-5-9-6-7-6-8-6-8-6
87	10	10-7-7-7-8-6-6-10-6-6-6-9	6-8-10-7-10-6-9-10-10-10-9-9	10-9-10-6-10-6-9-9-9-10-6-10	9-10-10-10-10-10-9-10-9-10-10-5	6-5-10-10-10-10-9-10-10-10-8-6	6-10-10-6-10-6-10-10-10-10-10-10	7-10-10-6-9-8-6-10-10-10-6-6	10-10-6-9-10-9-7-7-9-5-6-6	9-10-10-9-6-10-10-9-6-6-8-10	9-9-10-10-10-7-10-4-9-10-6-10	6-6-6-4-6-6-6-6-6-9-10-10	6-9-6-4-9-10-10-6-10-10-9-10
88	0	0-0-0-0-0-0-0-0-0-0-0-0	0-0-0-0-0-0-0-0-0-0-0-0	0-0-0-0-0-0-0-0-0-0-0-0	0-0-0-0-0-0-0-0-0-0-0-0	0-0-0-0-0-0-0-0-0-0-0-0	0-0-0-0-0-0-0-0-0-0-0-0	0-0-0-0-0-0-0-0-0-0-0-0	0-0-0-0-0-0-0-0-0-0-0-0	0-0-0-0-0-0-0-0-0-0-0-0	0-0-0-0-0-0-0-0-0-0-0-0	0-0-0-0-0-0-0-0-0-0-0-0	0-0-0-0-0-0-0-0-0-0-0-0
88	1	1-1-3-3-1-2-1-2-1-2-2-2	2-2-1-0-2-2-0-2-2-2-2-2	5-2-3-2-2-2-2-2-2-2-3-2	2-1-2-2-1-0-2-2-1-2-1-2	2-0-1-2-1-1-2-1-1-2-4-1	2-2-2-2-2-2-1-2-2-1-1-2	1-3-1-1-1-0-1-2-1-2-1-1	2-3-2-1-1-4-1-2-1-1-2-4	1-1-2-1-1-2-2-1-2-2-1-2	2-1-2-2-1-1-2-2-0-3-2-1	2-9-2-1-7-1-1-1-1-1-2-2	2-1-1-1-4-2-1-3-3-1-3-1
88	2	1-1-1-2-1-1-1-1-1-1-1-1	1-1-1-2-1-1-3-1-1-1-1-1	1-3-1-1-4-1-3-1-1-3-1-3	3-3-1-4-4-4-1-1-1-1-2-1	1-0-2-1-3-2-3-3-1-1-1-4	4-4-3-2-1-4-3-1-1-1-1-5	3-1-1-0-3-2-3-3-1-1-3-3	1-6-1-2-2-1-1-9-2-0-1-0	2-0-1-3-5-1-1-4-1-2-2-1	1-3-1-1-3-2-1-1-3-0-1-4	1-2-1-1-1-1-1-1-1-3-1-1	1-2-2-1-1-1-3-1-2-2-2-1
88	3	1-3-1-1-1-1-1-3-1-1-1-1	1-3-3-2-2-1-2-1-1-1-4-4	1-2-1-2-2-1-4-5-1-2-4-2	2-2-4-1-2-2-5-1-4-3-4-0	1-0-2-1-2-4-4-2-3-3-1-2	2-2-4-4-3-1-4-4-3-3-7-3	2-1-1-3-2-3-3-2-3-1-2-2	3-1-4-4-2-1-7-2-2-1-4-1	3-0-4-2-3-1-3-2-1-3-2-7	1-4-3-1-2-8-4-5-4-1-2-2	4-4-0-3-1-0-4-3-8-2-2-3	1-2-2-0-1-1-2-1-1-2-1-3
88	4	4-4-1-4-4-1-1-4-1-1-4-1	1-5-5-2-6-1-2-6-5-1-3-3	9-2-1-1-2-1-5-6-6-2-5-2	2-6-3-5-2-2-3-2-5-6-6-0	1-0-2-6-2-3-5-4-5-1-1-2	2-5-3-3-7-2-5-3-5-4-3-3	2-2-5-3-2-3-8-5-4-1-2-5	4-2-5-3-2-1-8-2-2-5-3-1	3-0-5-5-4-1-8-2-8-3-3-4	1-3-6-5-2-3-5-4-3-5-5-2	3-3-9-5-1-6-3-3-5-5-5-6	4-2-2-5-1-6-2-1-5-5-4-1
88	5	7-4-6-9-4-4-5-7-5-1-6-6	5-4-4-6-4-1-6-4-6-6-6-7	1-6-7-6-4-7-4-7-6-6-4-6	6-7-7-6-6-6-3-6-4-6-4-6	1-7-5-6-7-4-6-6-4-5-6-6	6-6-4-6-4-5-6-6-4-3-0-6	5-2-4-5-6-4-4-6-4-1-2-4	4-2-4-6-2-4-4-6-6-7-5-5	5-1-4-6-2-4-5-6-4-6-3-4	5-6-5-4-6-6-6-4-6-6-4-2	4-2-5-4-1-5-6-8-6-6-6-5	4-4-5-4-5-5-2-5-4-4-2-5
88	6	5-8-5-9-6-6-6-6-5-6-5-7	5-7-6-5-4-1-5-7-5-5-5-5	2-5-5-5-2-5-7-8-5-7-7-7	5-5-5-5-5-5-7-5-7-5-4-5	1-5-2-4-5-7-7-5-6-6-5-5	5-5-4-5-4-5-5-5-7-6-3-6	5-2-7-0-5-6-7-5-1-6-2-4	6-2-5-5-2-1-4-5-5-6-5-0	1-1-6-5-4-6-5-5-6-5-2-2	5-5-4-6-4-5-5-6-5-5-5-4	8-6-1-4-1-5-5-6-5-5-5-4	8-2-5-5-5-4-2-1-1-4-1-1
88	7	8-7-9-9-6-7-8-7-7-9-8-8	5-6-6-8-8-1-9-8-5-5-8-8	8-8-8-9-8-5-8-5-8-8-6-8	8-5-5-7-8-8-6-8-8-5-8-5	8-5-5-8-5-8-8-8-7-5-8-8	7-5-8-7-4-9-8-8-6-6-3-8	9-7-6-3-8-7-6-8-4-6-8-7	1-8-9-8-8-1-9-8-5-5-8-0	6-0-6-8-8-8-5-8-6-7-8-4	9-8-7-6-8-9-8-7-5-5-8-2	8-7-0-9-1-5-1-5-5-8-7-7	4-2-2-8-1-3-7-1-7-2-7-7
88	8	7-9-7-7-6-9-9-9-9-8-7-9	9-6-6-7-9-9-7-7-7-5-7-9	7-7-7-7-7-7-7-6-7-7-8-7	7-8-7-7-7-7-9-7-7-5-7-9	7-5-7-7-8-7-9-7-8-8-7-7	9-8-7-9-8-9-7-7-8-8-3-7	9-9-6-5-7-8-4-7-8-6-7-7	8-7-7-7-7-8-4-7-2-5-7-8	8-8-4-7-7-7-4-7-6-7-7-4	8-7-8-8-7-3-7-9-9-8-8-2	7-8-1-8-8-9-8-5-8-7-8-8	6-9-1-7-7-6-7-0-7-4-7-7
88	9	9-8-7-6-9-8-8-9-8-7-7-8	8-6-9-7-9-9-7-9-9-9-7-8	9-9-9-7-9-9-9-8-7-9-8-9	7-9-7-7-9-9-8-9-7-9-7-8	7-5-9-9-9-9-8-9-9-9-7-7	8-9-9-8-9-8-9-9-9-9-9-8	8-9-9-9-8-9-9-7-9-9-8-7	9-9-7-8-9-9-7-7-2-5-5-5	8-9-9-8-7-9-9-7-9-1-7-1	7-9-9-9-9-7-9-8-8-9-4-9	9-1-4-7-3-8-8-9-9-9-9-9	8-8-4-9-5-9-9-9-9-9-7-9
89	0	0-0-0-0-0-0-0-0-0-0-0-0	0-0-0-0-0-0-0-0-0-0-0-0	0-0-0-0-0-0-0-0-0-0-0-0	0-0-0-0-0-0-0-0-0-0-0-0	0-0-0-0-0-0-0-0-0-0-0-0	0-0-0-0-0-0-0-0-0-0-0-0	0-0-0-0-0-0-0-0-0-0-0-0	0-0-0-0-0-0-0-0-0-0-0-0	0-0-0-0-0-0-0-0-0-0-0-0	0-0-0-0-0-0-0-0-0-0-0-0	0-0-0-0-0-0-0-0-0-0-0-0	0-0-0-0-0-0-0-0-0-0-0-0
89	1	1-1-2-1-1-1-1-1-1-1-1-1	1-0-0-1-0-1-1-0-0-1-0-1	3-2-3-2-1-2-2-1-0-0-0-0	2-3-2-0-1-2-0-4-0-0-0-4	0-3-5-0-2-0-2-1-0-1-1-1	1-1-0-1-1-1-0-0-0-0-0-2	0-0-0-1-0-0-0-0-0-1-1-2	1-0-0-0-0-2-0-0-0-1-2-0	1-2-2-0-2-0-2-2-0-1-1-2	0-0-1-0-5-0-0-2-1-2-1-0	1-0-1-0-1-1-3-0-0-1-0-1	1-1-1-3-0-1-0-1-1-1-1-1
89	2	2-2-1-1-2-2-2-4-2-2-2-2	3-3-0-3-0-3-1-3-3-2-3-3	0-3-1-5-3-3-3-4-0-3-2-3	3-1-1-4-4-3-0-3-3-0-3-0	4-1-1-3-1-2-3-3-1-7-2-1	3-0-3-3-1-4-3-2-5-0-0-3	2-4-0-1-3-0-2-3-2-2-2-3	1-4-4-3-2-1-3-6-4-1-6-0	2-1-1-3-4-3-1-4-2-6-4-2	3-3-0-3-3-4-0-1-3-1-0-4	4-4-1-2-7-3-1-2-0-4-2-2	0-3-1-1-0-2-3-1-3-2-0-2
89	3	3-4-3-3-3-3-3-3-3-3-3-4	2-4-4-2-5-2-1-4-2-3-2-4	1-2-1-3-2-2-4-5-0-4-4-4	2-1-5-2-2-2-3-2-5-4-4-1	2-1-1-3-1-2-4-2-4-3-2-1	2-0-4-2-5-2-4-2-4-3-6-2	2-2-3-1-2-3-4-2-4-5-2-2	3-2-2-2-2-1-5-0-2-0-1-3	4-1-2-2-3-2-1-2-4-3-2-3	2-2-0-2-2-2-2-6-2-1-1-2	6-2-1-3-4-2-1-3-0-2-2-3	3-2-1-1-0-2-2-3-2-4-3-3
89	4	4-3-5-4-3-4-4-4-4-4-4-7	4-3-3-2-5-3-4-3-3-4-5-5	4-5-6-6-4-6-3-6-0-5-3-4	5-4-5-5-2-2-7-1-3-3-3-1	2-5-1-4-5-3-5-4-3-4-5-4	2-4-3-4-3-5-3-2-3-3-0-4	2-2-3-7-5-4-3-3-4-3-5-2	5-2-5-3-2-5-3-2-2-4-4-5	5-4-5-2-2-5-5-6-3-4-2-5	5-5-1-0-5-2-5-2-5-6-5-2	5-2-4-3-3-4-5-5-5-2-3-4	0-2-4-4-4-2-2-5-7-5-3-2
89	5	5-3-6-7-5-4-7-6-6-5-5-4	6-3-3-6-6-4-4-6-4-4-6-4	4-4-3-5-6-7-6-6-6-4-3-6	6-4-7-4-6-6-3-6-6-6-6-1	6-4-1-4-4-6-6-6-5-5-7-6	5-5-6-5-3-4-6-5-2-3-0-6	7-6-3-1-4-4-3-6-4-3-4-5	4-5-4-6-5-4-3-6-7-4-4-4	4-4-4-5-6-4-4-3-3-3-6-4	4-4-5-6-6-6-4-5-4-1-4-6	4-6-6-3-4-4-4-4-4-1-5-5	0-6-5-5-6-4-5-4-6-4-6-5
89	6	5-7-5-4-5-7-7-5-7-6-5-4	5-3-3-5-5-7-4-5-7-6-5-5	4-5-4-5-5-6-5-5-5-5-6-5	5-6-6-5-5-5-7-5-5-6-5-4	5-4-3-4-1-5-5-5-6-6-4-5	7-1-5-6-6-4-5-5-6-6-3-6	5-5-0-6-7-6-5-5-6-2-5-5	6-5-2-5-5-7-3-5-2-4-5-4	6-4-4-5-5-7-6-4-3-2-5-4	6-6-6-5-5-5-6-7-7-4-5-5	3-6-5-3-7-7-4-5-6-6-6-6	7-6-6-6-6-2-3-4-5-4-5-5
89	7	7-6-5-5-7-6-6-7-6-6-5-4	5-7-7-5-7-6-5-7-7-7-6-7	7-7-7-7-7-7-6-7-6-7-7-7	5-7-6-7-7-7-6-7-7-7-7-4	5-4-7-7-7-7-6-7-7-7-5-4	6-7-7-7-7-4-5-7-7-7-0-7	5-7-7-7-5-7-3-5-7-5-4-5	7-7-7-5-7-6-2-5-5-4-6-6	4-6-6-7-5-7-7-4-3-3-5-0	6-4-7-7-7-6-7-6-6-7-7-7	4-7-5-4-6-6-4-4-4-6-7-7	6-6-1-0-0-7-7-4-7-7-5-7
90	0	0-0-0-0-0-0-0-0-0-0-0-0	0-0-0-0-0-0-0-0-0-0-0-0	0-0-0-0-0-0-0-0-0-0-0-0	0-0-0-0-0-0-0-0-0-0-0-0	0-0-0-0-0-0-0-0-0-0-0-0	0-0-0-0-0-0-0-0-0-0-0-0	0-0-0-0-0-0-0-0-0-0-0-0	0-0-0-0-0-0-0-0-0-0-0-0	0-0-0-0-0-0-0-0-0-0-0-0	0-0-0-0-0-0-0-0-0-0-0-0	0-0-0-0-0-0-0-0-0-0-0-0	0-0-0-0-0-0-0-0-0-0-0-0
90	1	1-1-1-0-1-0-1-0-1-1-1-1	0-0-0-3-0-0-0-0-0-1-0-0	3-2-0-5-2-2-2-0-0-2-0-1	2-0-0-2-2-2-0-1-1-0-1-3	1-0-1-3-2-1-2-2-1-0-2-2	1-0-4-0-1-3-2-4-1-1-0-2	1-1-1-0-2-0-0-2-0-1-0-3	0-1-4-2-1-0-0-7-1-0-0-0	0-0-2-4-4-0-0-2-0-1-4-1	0-4-0-0-2-4-0-0-2-0-0-1	0-4-0-0-0-0-0-0-0-4-1-1	0-2-1-0-0-0-4-0-0-0-1-1
90	2	2-2-3-2-2-2-2-2-2-2-2-2	0-4-4-1-0-2-0-3-3-1-0-3	1-1-0-1-1-1-3-3-0-1-3-1	1-3-0-1-1-1-0-1-1-2-1-1	2-0-1-2-1-1-3-1-2-2-1-1	0-3-3-0-3-1-3-1-3-2-3-1	0-1-3-4-1-2-4-1-2-2-4-1	0-4-0-1-1-0-3-2-2-2-0-0	0-0-1-1-2-0-2-1-4-2-2-3	0-1-0-7-1-3-3-2-1-3-4-1	3-1-0-2-0-0-4-3-3-0-1-2	3-3-1-2-3-0-1-0-0-0-2-5
90	3	3-2-2-3-3-2-3-3-3-3-3-3	4-2-2-1-0-3-0-4-4-4-4-4	1-3-0-1-4-1-2-4-5-4-2-4	4-2-4-5-1-1-0-1-4-5-1-1	1-0-0-4-1-1-4-1-4-3-4-4	0-3-2-3-2-1-4-1-2-3-2-1	0-1-2-0-4-2-2-4-3-1-2-1	0-1-7-1-3-0-6-4-2-5-7-0	0-0-2-2-3-3-3-4-7-1-1-2	7-1-3-4-4-7-4-4-1-2-2-2	2-1-5-4-4-3-0-2-2-2-4-3	2-4-1-2-2-0-1-0-4-0-7-3
90	4	4-4-5-5-4-4-5-6-3-4-5-4	3-2-2-1-5-5-5-5-5-3-3-3	5-5-5-6-3-4-5-5-3-3-3-3	5-5-5-3-1-5-5-1-3-3-1-5	1-6-5-3-5-2-5-5-3-4-3-3	0-5-1-6-5-4-3-1-4-2-2-4	4-4-2-4-5-4-2-3-4-1-2-1	4-2-6-1-1-5-2-5-4-4-4-4	5-4-5-1-1-5-5-3-2-4-1-5	4-1-6-5-4-1-3-3-5-4-2-1	2-1-6-3-3-7-6-6-2-1-5-4	5-3-4-4-2-4-1-4-4-6-1-1
90	5	6-7-7-7-4-6-7-6-5-5-4-4	5-2-2-6-6-4-4-4-4-6-7-6	4-4-6-7-6-6-6-6-3-6-6-3	6-4-4-3-6-6-6-1-6-3-6-4	6-4-4-2-4-5-6-6-3-5-3-5	6-4-6-5-4-4-6-6-5-5-2-6	6-5-0-5-4-5-2-7-5-7-6-6	0-6-4-6-5-4-3-6-4-3-6-0	4-0-4-6-3-4-4-7-3-4-6-4	7-6-3-4-6-4-4-3-4-4-6-1	2-1-3-3-7-5-4-4-6-6-4-5	4-5-4-5-6-4-1-4-6-5-5-2
90	6	5-7-5-5-5-7-7-7-7-5-4-7	7-2-2-5-5-7-4-5-7-5-5-7	4-5-5-7-5-5-5-5-5-5-7-3	5-6-4-3-5-5-7-1-5-3-5-4	5-4-4-3-6-5-7-5-6-5-4-5	5-4-5-4-6-7-5-5-6-6-2-5	5-1-0-7-7-6-3-5-6-6-5-5	6-5-4-5-5-6-3-5-4-3-5-6	7-6-4-5-1-4-4-5-3-4-5-4	4-5-6-4-5-1-4-3-7-4-5-1	2-6-4-3-5-3-6-4-5-5-4-6	4-7-4-5-5-4-1-4-5-5-5-3
90	7	7-6-5-5-7-6-6-7-6-5-5-6	6-7-7-5-7-7-4-7-7-7-5-6	7-7-7-6-7-5-7-6-5-7-6-7	7-7-7-7-7-7-6-7-7-7-7-6	5-4-4-7-6-7-6-7-7-7-1-3	7-7-7-5-7-7-7-7-7-7-7-6	6-7-7-7-6-7-7-5-7-5-4-7	7-7-7-7-7-6-7-1-1-4-3-7	6-7-7-7-1-7-7-5-3-7-5-4	4-7-7-7-7-3-7-7-6-7-0-7	2-7-6-6-3-4-6-4-3-4-7-7	4-6-4-2-6-7-7-4-7-7-5-7
91	0	0-0-0-0-0-0-0-0-0-0-0-0	0-0-0-0-0-0-0-0-0-0-0-0	0-0-0-0-0-0-0-0-0-0-0-0	0-0-0-0-0-0-0-0-0-0-0-0	0-0-0-0-0-0-0-0-0-0-0-0	0-0-0-0-0-0-0-0-0-0-0-0	0-0-0-0-0-0-0-0-0-0-0-0	0-0-0-0-0-0-0-0-0-0-0-0	0-0-0-0-0-0-0-0-0-0-0-0	0-0-0-0-0-0-0-0-0-0-0-0	0-0-0-0-0-0-0-0-0-0-0-0	0-0-0-0-0-0-0-0-0-0-0-0
91	1	1-1-1-1-1-1-1-1-1-1-1-2	2-2-1-0-2-2-4-2-1-1-2-2	1-2-2-2-2-2-2-2-2-1-2-2	2-1-2-2-1-0-2-2-2-2-1-1	2-2-1-2-1-1-2-1-1-1-3-1	3-2-2-2-2-2-1-2-2-1-0-2	2-2-1-1-1-1-0-2-1-1-1-1	1-1-0-1-1-2-1-2-1-1-0-1	1-4-2-0-2-8-1-1-2-1-1-2	2-1-2-2-1-1-5-2-0-1-0-1	1-9-8-2-2-2-1-1-1-1-2-1	1-1-1-1-1-1-1-2-3-1-5-1
91	2	1-1-1-2-1-1-1-1-1-1-1-1	1-1-1-5-4-1-2-1-1-1-1-1	4-3-1-1-1-1-3-1-1-3-1-3	4-0-1-1-4-4-1-1-1-1-2-1	1-1-3-4-3-3-3-3-1-1-1-4	5-1-3-1-1-3-3-3-1-1-0-2	4-4-1-1-3-2-3-3-1-1-4-3	1-7-5-3-3-1-2-9-2-0-5-0	2-0-3-3-5-1-1-3-1-1-2-1	1-3-1-1-3-8-3-1-3-1-1-5	0-2-1-1-1-1-1-0-1-3-4-3	1-2-2-1-0-1-3-1-2-2-2-5
91	3	3-3-1-1-1-1-1-3-1-1-1-1	1-1-3-2-2-1-2-2-1-1-2-4	2-2-1-1-2-1-4-5-1-2-4-4	2-4-4-1-2-2-3-1-4-4-4-1	1-0-2-2-2-4-4-2-3-3-1-2	1-3-2-2-3-2-2-2-3-3-6-3	2-2-3-3-2-3-2-2-1-7-2-2	1-2-4-4-2-1-5-1-2-4-1-1	3-9-4-2-3-1-3-2-4-3-2-1	1-2-1-4-2-2-2-3-2-4-4-2	4-1-9-7-1-1-0-4-0-2-2-2	1-2-2-3-0-3-2-0-1-5-6-4
91	4	1-5-1-1-6-4-4-6-1-4-1-5	1-6-5-2-2-1-1-3-5-1-5-3	2-4-1-1-6-5-5-3-5-6-5-6	2-3-5-2-2-2-6-2-3-6-3-1	1-0-2-6-2-3-5-4-5-1-6-2	2-2-3-2-4-2-5-5-4-4-3-3	2-2-4-3-2-3-5-3-4-3-6-2	5-5-3-3-2-1-8-2-2-4-1-1	6-1-3-2-4-5-4-2-8-4-2-4	2-2-4-5-5-2-6-8-3-1-5-2	3-4-1-5-9-1-9-3-6-2-2-4	5-5-2-3-5-4-2-4-7-3-2-3
91	5	6-4-6-8-5-4-5-8-5-7-5-9	1-4-4-2-7-1-6-6-6-1-6-6	6-7-6-6-6-6-6-6-6-2-4-5	6-7-4-6-2-2-4-6-4-6-6-7	1-6-6-8-7-3-6-5-6-5-7-6	2-6-3-5-5-9-4-2-4-4-4-3	7-2-4-7-6-5-4-6-4-2-4-4	4-4-2-3-2-7-3-2-2-5-5-0	4-7-6-2-2-6-5-2-4-5-2-4	7-2-4-6-4-2-7-4-5-5-7-2	3-2-6-4-6-9-6-5-7-2-7-5	4-4-7-5-5-6-5-5-1-3-1-2
91	6	5-5-5-5-4-6-5-8-5-5-6-5	7-4-4-5-5-1-5-5-5-4-5-5	5-7-5-8-8-7-5-5-5-7-5-7	7-5-5-5-8-8-4-5-4-5-5-5	8-5-5-5-5-6-7-7-5-7-4-7	7-5-8-7-5-7-7-7-4-6-3-7	9-7-4-5-7-7-4-5-6-3-8-4	4-6-5-7-6-5-4-8-2-5-8-9	4-5-5-7-8-6-5-5-3-5-7-4	5-5-4-5-7-2-7-4-7-7-5-2	8-5-5-3-5-5-5-5-4-6-1-5	7-7-6-5-6-5-6-4-2-7-3-3
91	7	5-8-5-5-7-7-7-9-5-5-6-5	6-8-7-5-5-7-5-8-5-7-5-5	5-6-5-5-6-6-8-8-5-6-8-8	6-5-5-5-6-6-8-2-8-7-8-5	6-5-8-5-5-6-8-6-8-6-4-6	6-5-6-6-5-6-6-6-7-7-3-6	5-6-4-5-8-9-8-8-7-3-0-6	0-6-0-6-6-5-4-6-2-5-5-9	9-5-5-6-4-6-5-5-7-5-6-4	5-5-4-5-6-2-6-4-6-6-5-2	8-4-6-3-5-5-5-5-5-2-5-5	6-6-5-5-6-7-2-1-4-6-8-3
91	8	5-7-5-5-7-9-8-5-9-8-6-9	9-7-7-5-5-9-5-7-9-8-5-9	9-9-5-6-6-8-7-7-9-8-7-7	6-8-8-8-6-6-7-2-7-5-7-5	6-5-7-5-8-7-7-6-8-8-1-6	8-5-6-6-5-5-7-7-8-7-3-6	9-6-4-5-7-8-7-7-8-7-6-4	1-6-8-6-6-8-4-6-5-5-6-8	8-8-5-7-6-1-5-9-4-6-6-5	5-8-8-5-8-2-7-4-9-5-5-2	7-8-8-4-9-8-8-5-5-8-1-8	6-4-9-5-6-8-7-5-7-3-8-3
91	9	9-7-5-5-9-9-8-9-8-5-8-5	8-7-9-2-9-9-5-9-9-9-8-8	9-8-9-8-9-9-8-8-8-9-9-9	8-9-9-9-9-9-8-9-8-9-9-5	6-5-9-9-9-9-8-9-9-9-2-9	8-9-9-6-9-5-9-9-9-9-4-9	6-9-9-9-8-7-9-9-9-9-8-9	9-9-9-8-9-8-8-2-2-5-5-6	8-9-9-9-2-9-9-8-9-7-7-9	5-9-9-9-9-2-9-4-8-9-4-9	7-1-9-7-5-5-9-5-9-8-9-9	6-4-8-5-6-9-9-9-9-9-8-9
92	0	0-0-0-0-0-0-0-0-0-0-0-0	0-0-0-0-0-0-0-0-0-0-0-0	0-0-0-0-0-0-0-0-0-0-0-0	0-0-0-0-0-0-0-0-0-0-0-0	0-0-0-0-0-0-0-0-0-0-0-0	0-0-0-0-0-0-0-0-0-0-0-0	0-0-0-0-0-0-0-0-0-0-0-0	0-0-0-0-0-0-0-0-0-0-0-0	0-0-0-0-0-0-0-0-0-0-0-0	0-0-0-0-0-0-0-0-0-0-0-0	0-0-0-0-0-0-0-0-0-0-0-0	0-0-0-0-0-0-0-0-0-0-0-0
92	1	1-1-1-3-1-1-1-1-1-2-2-2	2-2-1-0-3-2-2-2-2-2-2-2	1-2-3-2-2-2-2-2-2-1-2-2	2-1-2-2-1-0-2-2-1-2-1-1	2-1-1-2-1-1-2-1-1-1-2-1	2-2-2-2-2-2-1-2-2-1-6-2	1-2-1-1-2-1-2-2-1-1-1-1	1-1-2-1-1-2-1-1-1-1-2-3	1-0-0-1-2-3-1-2-2-1-1-2	1-1-2-2-1-1-2-2-0-3-0-1	1-7-3-1-1-7-1-1-4-1-2-1	1-1-1-1-1-4-1-1-3-1-4-4
92	2	1-1-1-2-1-1-1-1-1-1-1-1	1-1-1-2-1-1-3-1-1-1-1-1	1-3-3-1-3-1-3-1-1-1-1-1	3-0-1-1-3-3-1-6-1-1-2-1	1-0-3-3-0-2-3-3-1-1-1-2	1-1-3-1-1-1-3-1-1-1-0-3	2-1-1-0-3-2-1-3-1-1-3-3	1-2-1-3-3-1-1-2-2-1-1-0	2-0-3-3-4-1-0-3-1-2-3-1	3-3-1-1-3-2-3-1-3-1-0-4	3-3-1-1-1-1-0-0-1-3-1-1	1-3-2-3-0-1-3-1-2-2-2-1
92	3	1-4-1-1-1-1-1-1-1-1-1-1	1-4-4-2-1-1-2-1-1-1-2-4	4-2-1-1-4-1-2-4-4-4-1-4	2-4-4-4-2-2-1-2-4-4-4-1	2-0-2-2-4-2-2-2-3-3-1-2	2-3-2-2-3-1-4-3-3-3-3-2	2-2-4-0-2-3-4-2-3-1-2-2	1-2-4-2-2-1-6-2-2-1-1-4	3-0-2-2-3-1-3-2-1-1-2-3	2-2-3-4-2-2-2-3-2-1-7-3	2-2-1-3-4-4-4-3-2-2-1-1	1-2-2-4-1-6-2-4-1-3-3-1
92	4	5-4-5-4-5-5-5-5-5-5-4-5	4-3-3-5-5-1-5-4-5-1-5-5	3-5-6-5-3-1-4-5-5-3-6-3	5-5-5-4-3-5-6-4-3-4-3-4	4-7-4-4-5-3-5-5-3-4-4-4	4-5-3-5-5-6-3-1-1-1-3-5	1-1-4-4-4-4-3-5-1-1-4-1	1-3-5-3-4-6-3-5-4-6-5-6	5-4-4-2-2-4-4-3-1-4-3-1	5-5-1-7-5-3-1-3-5-3-5-2	5-1-4-4-5-5-6-5-7-5-5-1	5-2-4-5-5-5-1-6-7-4-1-1
92	5	6-5-6-5-6-6-7-4-4-4-6-6	6-3-6-6-4-6-6-6-6-6-6-6	5-6-6-6-6-6-6-4-6-6-5-6	6-4-4-6-6-6-6-4-6-5-6-4	6-4-5-6-4-5-6-6-3-5-5-6	5-4-6-4-4-4-6-6-1-1-3-5	6-6-5-6-6-5-3-6-1-1-7-6	1-6-4-6-6-4-7-6-5-7-6-4	7-7-5-6-6-5-6-6-1-4-6-3	4-6-1-4-6-6-6-7-4-6-6-6	4-1-4-3-4-4-4-4-4-6-4-7	4-3-5-6-4-4-6-4-4-4-6-5
92	6	5-7-5-5-5-7-5-5-4-5-5-5	5-5-5-5-4-5-5-5-5-5-5-5	7-5-4-5-5-5-5-6-5-5-6-5	5-6-6-5-5-5-7-2-5-6-5-7	5-4-5-5-6-5-7-5-6-6-5-5	5-7-5-7-4-4-5-5-6-6-6-6	7-5-1-5-5-5-7-5-6-1-2-5	6-5-4-5-5-4-3-5-2-4-5-4	6-6-6-5-5-5-5-5-1-6-5-3	5-5-6-5-5-5-5-1-7-5-5-5	4-6-4-3-3-4-6-5-4-5-1-6	4-7-7-5-5-3-5-4-5-5-5-5
92	7	7-5-5-5-7-6-5-7-4-5-5-5	5-7-7-5-7-7-5-5-5-7-5-5	7-7-7-5-7-7-7-6-5-7-6-7	6-7-6-7-7-7-6-7-6-7-7-6	5-4-7-7-7-7-6-7-7-7-5-7	5-7-5-6-7-4-7-5-7-7-7-6	6-7-7-7-5-7-7-7-7-7-5-5	7-5-7-5-7-5-5-2-2-5-5-4	5-6-7-5-5-7-7-5-7-5-5-1	2-4-7-4-7-5-7-5-6-7-3-7	4-1-1-7-5-1-4-4-4-7-7-5	5-6-6-4-5-7-7-4-4-7-5-5
93	0	0-0-0-0-0-0-0-0-0-0-0-0	0-0-0-0-0-0-0-0-0-0-0-0	0-0-0-0-0-0-0-0-0-0-0-0	0-0-0-0-0-0-0-0-0-0-0-0	0-0-0-0-0-0-0-0-0-0-0-0	0-0-0-0-0-0-0-0-0-0-0-0	0-0-0-0-0-0-0-0-0-0-0-0	0-0-0-0-0-0-0-0-0-0-0-0	0-0-0-0-0-0-0-0-0-0-0-0	0-0-0-0-0-0-0-0-0-0-0-0	0-0-0-0-0-0-0-0-0-0-0-0	0-0-0-0-0-0-0-0-0-0-0-0
93	1	1-1-1-1-1-1-1-1-1-1-1-1	1-2-1-0-0-2-0-1-2-1-0-2	1-0-0-1-2-1-2-0-0-2-2-2	2-2-2-0-1-0-0-0-2-2-2-0	1-0-1-0-0-2-2-0-2-2-0-0	5-0-0-0-0-0-2-0-1-1-0-2	6-1-1-0-0-1-0-0-1-1-2-1	2-1-0-0-1-0-2-1-0-1-0-0	1-0-0-0-0-0-7-0-3-1-1-0	0-0-1-0-1-0-0-1-0-0-0-0	2-1-1-0-1-0-0-1-0-0-2-1	0-1-0-1-0-1-0-0-0-1-0-4
93	2	2-2-3-2-3-1-2-2-3-2-2-3	3-1-1-4-3-3-3-2-3-3-3-3	2-3-5-3-3-3-3-3-3-3-3-3	4-3-3-3-4-4-3-4-1-1-3-2	4-1-5-3-0-1-3-3-1-4-4-4	4-4-3-2-2-4-3-3-1-2-0-4	3-4-1-0-3-0-3-3-2-2-7-3	1-4-4-3-3-2-1-5-4-3-4-1	0-0-3-3-5-2-1-3-3-4-3-3	3-3-2-2-3-8-3-2-3-0-4-5	1-3-8-2-4-4-2-0-1-3-3-5	1-3-3-2-2-3-3-1-0-0-5-2
93	3	2-3-2-3-2-3-3-3-2-2-2-2	2-5-3-2-4-4-2-4-2-2-2-2	3-3-2-2-2-2-4-5-2-2-4-4	2-2-2-2-2-2-2-2-4-3-4-2	2-0-2-2-0-4-4-2-3-3-2-2	2-2-4-4-3-2-4-2-3-3-4-2	2-1-1-0-2-3-2-2-1-3-5-2	3-3-2-4-2-2-3-2-2-2-0-0	3-0-4-2-3-0-0-2-4-3-2-4	2-2-3-0-2-2-4-3-4-6-2-2	7-2-4-4-5-0-0-0-4-2-2-4	4-2-2-2-4-3-2-4-0-4-3-1
93	4	2-4-2-4-6-3-3-4-2-2-2-2	2-6-6-2-4-3-2-3-2-2-2-3	2-4-2-2-2-2-5-6-2-5-5-3	2-2-5-2-2-2-2-2-5-5-3-2	2-0-2-2-2-3-5-4-3-2-2-2	2-2-3-3-4-2-5-2-4-4-3-2	2-2-4-4-5-4-5-5-4-3-6-2	4-2-6-3-2-0-6-2-2-5-5-0	3-0-5-2-4-2-7-2-7-6-2-3	0-2-4-5-5-5-3-6-3-3-5-2	5-4-3-3-2-2-0-0-5-2-5-3	3-2-2-4-3-5-2-3-0-3-3-7
93	5	2-4-2-5-4-3-5-4-2-2-2-2	5-4-4-2-4-7-6-6-6-5-6-6	5-6-6-2-5-6-4-3-6-4-4-6	6-5-6-2-2-2-6-5-4-5-5-7	2-6-2-4-6-3-6-5-4-5-2-2	1-2-3-6-4-2-4-2-1-4-5-6	4-2-4-7-4-7-4-4-4-2-3-2	5-3-4-3-2-5-4-2-2-4-5-8	0-7-4-2-2-2-5-8-4-4-2-4	2-2-5-4-4-4-5-4-6-6-4-2	4-6-5-4-3-8-0-7-4-5-4-2	5-4-5-7-5-4-2-5-7-7-2-2
93	6	7-8-8-8-4-7-6-7-8-6-7-7	7-4-4-7-7-5-7-7-7-5-7-7	8-5-5-7-7-7-7-7-5-7-7-7	5-5-5-7-7-7-5-6-7-7-7-7	7-5-2-7-5-6-7-7-4-6-6-6	7-2-7-7-5-8-7-7-1-3-3-5	8-7-6-5-4-5-6-7-6-8-8-7	4-7-7-7-7-3-4-8-8-6-7-0	3-0-7-7-7-7-3-7-4-4-7-3	7-7-5-7-7-7-7-4-5-7-7-7	7-8-6-4-7-5-0-7-0-7-6-6	3-4-6-5-7-7-7-0-7-6-7-6
93	7	6-8-6-6-4-8-8-6-8-6-6-8	6-4-4-6-7-5-6-6-6-5-6-6	8-6-5-6-6-6-6-7-6-6-7-6	6-7-5-6-6-6-8-6-6-6-6-8	6-5-2-6-7-6-8-6-7-6-6-2	6-7-6-6-4-8-6-6-7-7-4-6	8-6-7-5-7-5-6-6-7-7-2-6	7-6-6-6-6-7-4-6-2-7-6-7	7-7-7-6-6-6-1-6-4-4-6-3	6-6-5-7-6-6-6-6-8-6-5-6	4-7-1-8-3-5-0-5-5-6-6-7	3-8-8-5-6-6-6-0-6-5-6-6
93	8	8-7-6-6-8-7-7-8-7-6-6-7	6-4-8-6-8-8-6-6-8-8-6-7	8-8-8-7-8-8-6-7-5-8-7-8	7-8-8-8-8-8-7-8-7-8-8-7	6-5-8-8-8-8-7-8-8-8-6-2	6-8-8-6-8-6-7-8-8-8-8-8	7-8-8-5-8-8-8-6-8-6-6-8	8-8-8-8-8-2-8-6-6-8-6-8	7-8-8-8-6-8-8-5-4-8-6-8	6-8-8-8-8-2-8-5-7-8-4-8	4-6-4-7-8-5-7-3-0-8-8-8	8-7-7-3-6-8-8-8-8-8-6-6
94	0	0-0-0-0-0-0-0-0-0-0-0-0	0-0-0-0-0-0-0-0-0-0-0-0	0-0-0-0-0-0-0-0-0-0-0-0	0-0-0-0-0-0-0-0-0-0-0-0	0-0-0-0-0-0-0-0-0-0-0-0	0-0-0-0-0-0-0-0-0-0-0-0	0-0-0-0-0-0-0-0-0-0-0-0	0-0-0-0-0-0-0-0-0-0-0-0	0-0-0-0-0-0-0-0-0-0-0-0	0-0-0-0-0-0-0-0-0-0-0-0	0-0-0-0-0-0-0-0-0-0-0-0	0-0-0-0-0-0-0-0-0-0-0-0
94	1	2-2-2-3-1-1-1-2-1-1-2-2	2-2-1-0-3-2-0-2-2-2-0-2	2-1-3-0-2-2-2-2-0-2-3-2	2-1-2-2-1-0-2-3-2-2-1-0	2-0-1-3-4-1-2-1-1-1-3-1	2-2-2-4-2-1-2-2-2-1-4-2	2-2-1-1-2-1-2-2-2-1-1-1	2-1-0-2-1-2-1-1-0-1-2-1	1-1-1-2-1-5-1-2-2-1-0-1	1-4-1-2-1-1-2-2-4-0-2-1	1-8-4-3-2-4-2-0-1-1-2-1	3-1-1-1-1-4-1-1-4-2-3-1
94	2	1-1-1-1-1-1-1-1-1-1-1-1	3-1-1-4-1-1-1-1-1-1-1-1	1-3-0-5-1-1-1-1-1-1-1-1	3-1-1-1-3-3-1-5-1-1-3-1	1-0-8-1-0-3-3-3-1-1-1-3	1-1-3-3-2-3-3-1-1-1-0-3	1-1-1-0-3-1-1-3-1-2-0-1	1-2-5-3-3-1-8-8-2-0-1-0	0-0-3-3-4-3-1-3-1-2-3-2	1-3-1-1-3-3-1-1-3-0-1-3	0-1-0-1-1-1-1-0-0-3-3-1	1-3-1-1-0-1-3-0-0-1-2-1
94	3	1-5-1-1-1-1-1-1-1-1-1-1	2-5-5-2-1-1-2-1-1-1-2-4	4-2-1-1-1-1-2-4-1-2-5-2	2-4-5-2-2-2-1-1-2-5-4-1	3-0-4-1-3-4-2-2-4-3-1-2	1-3-5-2-3-2-4-1-3-3-3-3	3-2-3-3-2-3-5-2-1-5-0-2	1-2-0-2-2-1-3-2-3-4-1-4	1-0-2-2-3-2-1-4-5-2-2-3	1-2-4-4-2-2-1-1-2-4-1-2	0-1-0-1-3-1-0-0-0-2-2-1	1-2-1-4-0-6-2-0-5-8-1-1
94	4	5-8-4-6-6-5-5-5-5-5-5-6	5-3-3-2-5-5-5-4-5-6-5-5	5-5-5-6-4-5-4-5-5-5-6-4	5-4-6-6-2-5-5-4-3-4-4-6	3-5-3-4-5-3-5-5-5-4-4-4	4-4-3-5-5-5-3-1-5-4-1-3	5-1-4-8-5-5-3-5-1-4-4-1	6-2-6-3-2-6-4-3-5-5-5-5	6-5-1-3-2-1-6-3-7-4-2-4	4-1-3-3-5-2-1-1-5-5-5-2	6-1-5-6-6-6-5-6-5-8-2-5	6-2-5-5-6-1-3-5-6-6-1-2
94	5	4-3-5-7-4-4-4-4-4-4-4-6	4-3-3-6-6-4-4-4-4-4-4-4	4-4-4-6-7-4-6-4-4-7-3-6	6-4-4-7-6-6-4-7-6-6-6-4	6-4-6-5-4-6-6-6-4-5-5-6	6-6-6-4-4-4-6-6-4-4-0-7	6-6-1-0-6-4-3-6-1-3-7-6	1-7-8-6-6-4-3-7-8-4-7-4	5-4-7-6-7-1-4-6-3-6-5-5	8-7-1-1-6-5-6-5-6-4-4-5	4-5-4-4-1-5-4-4-4-6-6-6	4-6-6-5-4-4-6-4-3-4-3-5
94	6	4-7-5-5-8-6-4-4-4-4-4-4	4-7-6-5-5-4-4-7-4-4-4-4	4-4-4-5-5-4-7-7-7-5-7-7	5-4-4-4-5-5-7-5-7-5-5-4	5-4-5-6-4-5-7-5-7-6-5-5	5-5-7-8-6-4-5-5-7-6-7-6	5-5-7-0-5-4-7-5-6-6-5-5	4-5-4-5-5-4-7-2-5-6-5-4	4-4-5-5-6-2-4-5-3-5-5-6	4-5-8-7-5-5-7-5-5-4-4-5	4-5-4-4-4-4-4-4-4-5-5-6	4-5-5-6-4-3-5-4-4-4-7-1
94	7	5-6-5-5-6-8-4-8-4-4-4-8	4-6-6-5-5-4-4-6-4-4-8-8	4-7-4-8-5-7-6-6-8-5-6-6	5-7-7-5-5-5-8-5-6-5-6-8	5-4-5-5-7-6-6-5-6-7-5-5	5-4-6-8-4-4-6-5-7-6-6-8	8-8-6-4-8-7-6-4-7-5-5-6	1-5-4-8-5-8-6-5-5-4-5-4	7-4-5-7-5-6-4-5-4-5-5-6	8-5-7-6-5-5-6-3-8-4-5-5	4-7-7-4-6-8-4-4-4-7-5-7	6-5-7-7-4-7-7-4-3-4-6-5
94	8	8-4-8-5-6-8-4-8-4-4-7-7	7-6-8-5-8-8-5-8-8-8-4-7	8-7-8-8-8-8-7-7-7-8-4-8	7-8-8-8-8-8-7-8-7-8-8-4	5-4-8-8-8-8-7-8-6-8-5-5	8-8-8-7-8-4-8-8-8-8-8-8	7-8-8-4-7-6-8-8-8-8-5-7	8-8-5-7-8-4-5-5-5-8-7-4	5-4-8-5-5-8-8-5-8-6-5-5	5-4-6-8-8-5-8-8-5-8-4-8	1-1-8-4-1-7-4-4-4-7-8-8	8-5-7-1-4-8-8-4-8-8-6-1
95	0	0-0-0-0-0-0-0-0-0-0-0-0	0-0-0-0-0-0-0-0-0-0-0-0	0-0-0-0-0-0-0-0-0-0-0-0	0-0-0-0-0-0-0-0-0-0-0-0	0-0-0-0-0-0-0-0-0-0-0-0	0-0-0-0-0-0-0-0-0-0-0-0	0-0-0-0-0-0-0-0-0-0-0-0	0-0-0-0-0-0-0-0-0-0-0-0	0-0-0-0-0-0-0-0-0-0-0-0	0-0-0-0-0-0-0-0-0-0-0-0	0-0-0-0-0-0-0-0-0-0-0-0	0-0-0-0-0-0-0-0-0-0-0-0
95	1	1-1-1-1-1-1-1-0-1-1-1-1	2-0-0-2-0-2-2-1-2-1-2-2	4-2-3-1-1-3-2-2-2-2-4-2	2-3-2-0-2-2-0-6-2-3-0-6	1-5-1-2-3-0-2-2-0-2-1-3	2-2-0-2-1-3-2-2-0-0-0-2	2-0-0-2-2-1-0-0-0-0-2-0	1-0-0-2-1-3-2-2-0-1-2-0	3-4-2-2-0-1-4-2-0-1-1-0	2-2-1-2-2-1-0-0-2-3-4-0	0-0-1-1-1-1-3-0-0-2-0-1	1-2-1-2-0-1-2-1-1-2-1-1
95	2	2-2-2-2-2-2-2-2-2-2-2-2	1-3-3-1-0-3-1-3-1-2-1-3	1-1-1-4-1-1-3-4-1-1-3-3	1-1-1-2-1-1-0-1-3-1-3-1	2-1-1-1-1-2-3-1-2-1-2-1	1-1-0-1-0-1-1-2-2-2-0-1	1-3-2-1-1-2-3-1-0-0-1-0	3-0-3-1-0-1-5-1-0-3-8-0	0-1-1-1-4-3-1-1-0-1-3-1	1-1-0-1-1-1-1-2-1-1-1-0	3-2-3-3-1-0-0-3-3-1-0-2	2-1-1-1-5-2-1-3-1-1-5-1
95	3	4-2-3-2-2-2-3-2-3-3-3-4	4-2-2-4-2-2-1-2-1-2-4-4	1-5-1-6-4-5-4-2-2-4-2-4	4-1-1-5-4-4-4-4-4-1-2-1	3-1-3-8-1-4-4-4-3-2-3-4	4-1-4-3-3-6-4-3-2-2-0-5	4-2-0-1-4-3-4-4-0-8-4-4	2-4-3-4-4-1-9-9-3-2-3-0	1-1-4-4-5-2-1-4-0-3-4-3	1-4-0-7-4-5-4-7-4-1-0-5	2-5-2-2-9-3-1-2-2-4-4-3	1-4-1-1-0-3-4-1-3-3-3-3
95	4	4-4-4-4-4-4-4-4-4-3-4-3	3-5-5-3-0-5-3-3-5-4-3-4	1-3-2-3-3-3-5-2-5-3-5-3	3-1-5-3-3-3-3-3-3-4-5-3	3-1-6-4-4-5-5-3-4-4-3-3	3-1-6-4-6-3-3-3-4-4-0-4	3-3-5-1-3-0-5-3-4-6-1-3	4-3-3-3-3-1-6-0-3-6-0-5	6-1-3-3-2-3-1-3-9-5-3-5	1-3-0-4-3-3-3-4-3-5-1-4	2-4-4-6-8-3-4-1-0-3-3-7	9-3-1-1-0-3-3-4-4-4-9-3
95	5	5-4-5-8-5-6-5-5-6-5-5-9	3-4-4-6-6-7-6-6-7-7-6-6	4-6-8-3-5-3-4-6-6-6-4-6	6-6-7-6-3-6-7-3-4-4-4-7	3-6-1-5-6-4-6-3-7-5-6-8	2-1-3-5-8-3-4-3-2-0-0-3	7-3-4-5-6-6-4-0-4-3-7-5	6-3-6-4-3-7-2-0-3-5-5-8	5-5-3-3-3-6-5-6-8-4-3-4	6-5-6-8-0-3-7-4-6-8-5-3	9-3-5-4-6-6-7-6-6-7-5-5	5-4-5-0-7-5-3-5-9-8-5-3
95	6	6-6-8-8-6-5-6-5-7-6-5-8	7-4-4-8-7-7-5-5-7-7-7-5	1-7-5-9-7-9-7-8-7-5-7-8	7-5-7-5-7-8-4-8-4-7-6-1	8-5-6-7-7-6-7-7-5-6-8-7	6-7-7-7-4-6-7-6-2-4-0-7	8-7-4-6-7-6-4-7-4-4-8-6	5-7-5-7-8-6-4-8-6-4-7-5	9-5-7-7-8-5-5-7-0-6-6-7	5-7-6-7-7-7-7-9-7-5-7-3	5-6-7-4-5-6-5-5-8-6-7-6	2-7-5-7-8-5-6-5-6-6-6-7
95	7	6-7-6-9-7-7-9-7-6-5-5-5	6-8-7-6-6-6-5-8-6-5-6-5	6-6-6-6-6-6-8-6-6-5-8-6	6-5-6-6-6-6-5-6-8-8-8-5	6-5-1-6-6-8-8-6-8-7-6-6	6-6-6-6-7-6-6-8-7-7-0-7	5-6-8-6-6-7-8-6-7-7-6-6	7-8-5-6-6-5-8-0-6-7-6-5	7-1-6-6-7-6-7-6-9-4-6-6	5-6-7-6-8-7-6-7-6-5-6-7	5-6-6-4-5-6-5-5-6-5-6-4	5-6-1-6-5-5-3-5-5-6-6-6
95	8	9-9-6-6-7-9-9-8-9-8-5-5	6-7-7-6-6-9-6-7-9-8-6-6	6-6-5-6-6-8-7-6-9-8-7-6	6-5-8-6-6-6-9-6-7-7-7-1	6-5-6-8-5-7-7-6-7-8-6-6	9-7-8-6-5-3-8-7-8-8-2-8	9-6-7-6-9-8-7-0-8-3-6-6	8-7-3-9-6-9-7-6-9-8-6-5	8-8-6-6-6-0-7-5-5-6-6-9	9-6-8-5-8-7-8-4-9-5-6-8	5-8-8-4-4-8-5-5-6-8-8-8	9-8-8-6-6-2-3-5-6-5-8-3
95	9	9-8-6-7-9-8-8-9-8-6-9-5	6-9-9-6-9-9-6-9-9-9-8-9	9-9-9-6-9-6-8-8-8-9-9-9	8-9-9-9-9-9-8-9-7-9-9-1	6-5-9-9-9-9-8-9-9-9-6-9	8-9-9-8-9-9-9-9-9-9-9-9	8-9-9-6-8-9-9-9-9-9-6-6	9-9-9-8-9-8-3-3-8-9-6-5	6-8-9-9-6-9-9-6-9-9-9-9	8-5-9-9-9-3-9-6-8-9-9-9	5-9-2-7-3-8-5-5-9-8-9-9	9-9-1-9-5-9-9-9-9-9-8-9
96	0	0-0-0-0-0-0-0-0-0-0-0-0	0-0-0-0-0-0-0-0-0-0-0-0	0-0-0-0-0-0-0-0-0-0-0-0	0-0-0-0-0-0-0-0-0-0-0-0	0-0-0-0-0-0-0-0-0-0-0-0	0-0-0-0-0-0-0-0-0-0-0-0	0-0-0-0-0-0-0-0-0-0-0-0	0-0-0-0-0-0-0-0-0-0-0-0	0-0-0-0-0-0-0-0-0-0-0-0	0-0-0-0-0-0-0-0-0-0-0-0	0-0-0-0-0-0-0-0-0-0-0-0	0-0-0-0-0-0-0-0-0-0-0-0
96	1	1-1-1-1-1-1-1-1-1-1-1-1	0-2-1-0-1-1-0-1-0-1-0-0	1-0-0-3-0-1-2-2-0-0-2-1	0-0-2-0-0-0-2-0-1-2-2-1	1-0-1-0-0-1-2-0-1-0-0-0	2-0-0-0-0-0-2-0-2-1-1-2	1-2-1-0-0-0-0-4-1-1-0-1	1-1-0-0-1-0-0-2-0-1-0-0	1-0-2-0-1-0-1-2-1-0-0-1	0-1-0-2-0-0-2-1-0-0-0-0	0-0-9-0-1-0-0-1-0-0-2-1	1-0-0-2-0-1-0-0-0-0-5-1
96	2	2-1-2-2-2-1-2-2-2-2-2-1	3-1-1-3-1-2-4-3-1-2-4-3	2-3-5-5-3-4-3-1-0-3-3-3	3-0-3-3-4-4-1-4-2-1-1-2	4-0-3-3-0-3-3-3-1-1-3-3	1-3-3-2-2-4-3-5-1-1-0-4	2-1-1-0-3-2-2-3-2-2-8-3	1-2-2-3-2-0-5-9-2-2-0-0	0-0-3-3-5-3-0-3-2-2-2-1	3-4-0-1-3-2-3-1-3-3-0-2	0-2-0-0-0-2-0-0-0-2-3-1	0-3-2-3-0-0-3-0-2-2-2-2
96	3	3-3-2-3-3-3-3-3-3-3-3-3	2-3-3-2-1-2-2-4-4-2-0-4	3-2-5-1-2-5-4-5-4-2-4-5	2-4-4-2-2-2-4-2-4-4-4-2	2-0-2-2-5-2-4-2-3-3-2-2	2-2-4-4-3-2-4-4-3-3-7-3	3-2-1-3-2-3-2-2-3-3-0-2	3-9-5-4-2-5-4-5-2-5-3-2	3-0-2-2-3-2-9-2-4-3-4-3	2-4-4-0-2-4-2-3-4-2-4-2	4-2-3-3-2-0-0-8-0-2-2-4	3-2-2-4-4-3-2-0-4-4-3-4
96	4	3-4-2-4-3-4-4-4-4-4-4-4	2-5-5-2-4-4-2-5-3-4-5-3	5-4-6-3-2-2-5-5-3-2-5-5	2-5-5-2-2-2-3-2-3-5-5-0	2-0-2-5-2-4-5-4-5-4-2-2	5-2-3-3-4-2-5-3-4-4-4-2	3-2-4-3-2-4-5-5-4-2-0-5	5-2-3-3-3-5-3-5-2-4-5-4	4-0-5-5-4-5-4-3-3-5-3-3	0-3-3-5-9-3-3-7-3-4-3-2	6-2-4-4-9-4-0-6-5-3-2-3	4-2-2-3-3-5-2-5-3-3-3-7
96	5	5-4-2-5-4-4-5-4-5-5-5-6	5-4-4-2-5-4-5-4-6-5-6-6	7-6-7-2-6-6-4-4-7-3-4-6	6-6-4-4-2-6-4-2-4-4-4-8	2-8-7-4-7-4-4-5-5-5-5-6	6-6-4-5-5-2-4-2-1-1-1-6	3-2-4-8-6-4-4-4-4-2-9-4	4-5-7-3-4-3-2-4-6-7-6-7	3-7-4-4-2-4-5-7-6-5-3-3	6-7-5-4-6-3-4-5-7-6-6-2	7-2-5-4-4-5-7-3-6-6-4-5	6-2-5-4-5-5-5-9-5-4-1-5
96	6	7-6-7-7-8-7-9-7-7-7-7-7	5-7-6-2-7-7-7-7-7-7-5-7	6-5-6-8-7-7-7-8-7-7-7-7	7-5-7-7-5-5-7-8-6-8-6-5	7-9-7-8-5-6-7-6-7-7-8-6	7-5-7-7-5-9-6-7-7-6-4-7	9-7-6-5-5-6-7-7-7-6-9-8	7-2-7-6-6-7-6-7-5-5-7-9	6-5-8-6-8-8-7-5-8-6-2-8	6-6-7-6-7-6-7-6-5-7-6-2	4-7-7-7-7-9-5-6-9-6-7-7	8-9-9-7-6-8-8-8-6-6-6-9
96	7	6-6-6-9-6-6-6-6-6-6-6-9	6-6-6-7-6-6-6-8-6-6-8-6	5-8-5-9-8-6-8-6-6-6-6-6	8-5-6-6-8-8-6-8-8-6-8-5	6-6-6-8-5-7-8-7-6-6-6-8	6-6-8-7-5-6-7-6-6-6-3-6	7-6-6-5-5-7-6-6-6-9-8-6	6-8-6-7-8-6-4-8-8-5-6-5	6-5-6-8-9-6-6-5-6-4-8-6	6-8-6-6-8-6-6-6-5-6-8-2	8-6-6-6-6-5-5-8-8-7-6-6	6-7-6-6-8-6-6-5-8-7-3-4
96	8	6-6-6-7-6-6-6-6-6-6-6-9	6-6-6-7-6-6-7-7-6-6-7-6	5-7-6-6-7-6-7-6-6-6-8-7	7-8-8-6-7-7-6-7-7-6-7-5	7-5-9-7-8-7-7-7-8-8-6-7	6-6-7-6-5-6-7-6-8-6-4-8	9-6-4-5-8-8-4-7-8-6-7-6	6-7-7-7-7-6-9-7-7-5-7-5	8-5-6-8-6-6-6-8-6-6-7-6	8-7-8-6-7-6-6-6-9-6-7-2	7-7-6-7-6-6-5-8-6-7-6-8	6-8-6-8-6-6-6-6-6-7-7-7
96	9	9-6-7-7-6-6-6-9-6-6-6-8	6-6-9-7-9-6-7-9-9-9-7-8	9-8-9-7-9-6-8-8-6-9-6-9	7-9-6-9-9-9-6-9-6-9-9-5	6-5-9-9-9-9-8-9-9-9-6-6	6-9-8-8-9-6-9-9-9-9-9-9	8-9-9-6-7-9-9-9-9-7-6-6	9-9-7-8-9-8-8-7-7-6-6-6	8-5-9-8-7-9-9-5-6-6-8-1	8-9-9-9-9-4-9-6-8-6-4-9	6-6-1-6-4-6-5-3-6-8-9-9	6-6-6-6-6-9-9-5-9-9-2-6
97	0	0-0-0-0-0-0-0-0-0-0-0-0	0-0-0-0-0-0-0-0-0-0-0-0	0-0-0-0-0-0-0-0-0-0-0-0	0-0-0-0-0-0-0-0-0-0-0-0	0-0-0-0-0-0-0-0-0-0-0-0	0-0-0-0-0-0-0-0-0-0-0-0	0-0-0-0-0-0-0-0-0-0-0-0	0-0-0-0-0-0-0-0-0-0-0-0	0-0-0-0-0-0-0-0-0-0-0-0	0-0-0-0-0-0-0-0-0-0-0-0	0-0-0-0-0-0-0-0-0-0-0-0	0-0-0-0-0-0-0-0-0-0-0-0
97	1	1-1-1-1-1-1-1-1-1-1-1-1	0-0-1-0-0-0-0-2-0-1-0-0	1-0-0-1-0-2-2-0-0-0-2-0	0-0-1-0-0-0-0-0-2-1-2-0	2-0-2-0-0-2-2-0-1-2-0-0	4-0-1-0-0-0-2-0-2-1-4-0	2-1-1-0-0-0-0-0-1-1-0-1	1-1-0-1-1-0-2-1-0-1-0-0	1-0-0-0-0-0-0-0-2-1-1-0	0-0-1-0-0-2-0-1-0-0-0-0	0-0-8-0-1-0-0-0-0-0-0-1	1-1-0-1-0-1-0-0-0-1-1-1
97	2	2-2-2-1-1-2-2-1-2-2-2-3	2-3-1-3-0-3-3-3-3-3-3-3	1-3-0-4-3-4-3-3-0-3-1-3	3-3-3-3-3-3-3-2-3-1-1-0	3-1-3-4-0-1-3-3-2-1-4-3	3-4-3-2-2-3-3-3-1-1-0-4	1-1-1-0-3-0-1-3-1-1-3-3	1-2-4-3-3-0-1-4-2-0-2-0	0-0-3-4-4-3-0-0-1-2-2-2	0-0-0-0-3-4-3-1-3-2-0-2	0-3-0-4-0-2-0-0-0-3-3-2	0-4-2-2-0-0-3-0-0-0-2-4
97	3	3-3-2-3-4-3-3-3-3-2-3-2	2-4-4-2-3-4-2-2-2-2-2-3	4-2-5-3-2-2-4-5-1-2-4-2	2-4-4-2-2-2-4-2-3-3-4-0	2-0-2-2-3-3-4-2-3-3-2-2	2-3-4-2-3-2-2-2-3-3-3-3	3-1-4-0-2-3-3-2-1-3-2-2	3-2-8-2-2-4-6-2-3-3-0-0	3-0-2-2-3-2-5-4-0-2-2-3	0-4-4-7-2-4-4-1-2-4-8-2	7-2-8-3-0-3-0-0-4-2-2-3	0-2-5-4-0-0-2-0-0-4-3-3
97	4	3-3-4-4-3-3-4-4-4-4-2-4	4-3-3-2-4-3-5-5-5-4-5-5	7-5-7-2-4-2-3-4-6-2-3-4	5-5-4-2-2-5-4-2-4-3-3-0	2-6-2-2-5-3-3-4-4-4-2-5	3-4-3-4-4-4-3-2-1-1-1-2	1-1-3-0-4-4-3-5-4-3-0-3	6-3-2-3-2-5-3-2-3-4-5-7	4-8-5-2-2-0-6-3-4-4-2-4	0-6-3-0-3-2-3-1-6-5-5-2	6-2-6-2-4-6-6-6-3-2-2-2	4-2-4-3-6-6-2-6-6-7-3-2
97	5	6-5-6-6-5-6-6-7-6-6-6-6	6-6-5-6-6-7-6-6-6-6-4-6	5-4-6-6-6-6-6-6-6-6-6-6	6-4-6-6-2-6-6-6-6-6-6-5	6-6-5-6-4-5-6-5-6-6-6-6	6-6-6-6-4-6-6-5-6-5-3-6	6-6-5-6-4-5-6-6-5-3-8-7	6-2-7-5-5-7-5-7-2-5-6-4	5-4-6-6-6-6-6-5-6-5-2-6	8-5-7-5-6-5-6-6-4-7-4-6	4-7-7-5-7-8-4-4-8-5-6-7	8-8-6-5-5-7-5-4-5-5-5-8
97	6	5-5-5-8-5-5-5-5-5-5-5-5	5-5-5-7-5-5-5-5-7-5-7-5	5-7-5-5-7-5-7-7-5-5-5-7	7-7-5-5-7-7-5-5-5-5-7-5	7-5-7-5-4-7-7-7-5-5-5-7	7-5-7-5-5-5-7-6-5-3-3-5	5-5-5-5-4-6-5-5-5-3-7-6	5-6-5-7-7-5-3-5-2-4-7-4	5-4-5-7-5-5-5-7-5-5-7-5	7-7-5-5-7-5-8-5-4-5-7-5	4-5-4-5-5-4-4-4-7-7-5-5	5-7-5-7-7-5-7-4-4-5-7-5
97	7	5-8-5-5-5-8-5-5-5-5-5-8	6-5-5-6-5-5-6-6-6-5-6-5	4-6-6-5-6-5-6-6-6-5-6-6	6-6-7-6-6-6-8-5-6-5-6-8	6-5-6-5-7-6-8-6-4-5-5-6	6-5-6-8-7-8-6-6-7-7-3-7	8-5-5-5-7-7-7-6-7-7-6-5	7-6-5-6-6-5-8-5-2-5-6-4	7-7-6-6-5-5-5-6-5-5-6-5	6-6-5-3-6-5-6-5-4-5-6-5	4-5-5-5-5-5-4-7-6-6-5-5	5-6-5-6-6-5-6-4-5-4-6-5
97	8	8-5-6-6-5-7-5-8-5-5-5-7	5-5-8-6-8-5-6-8-6-8-6-7	8-6-8-5-8-5-8-5-6-8-7-8	7-8-8-8-8-8-7-8-5-8-8-7	6-5-8-8-8-8-7-8-8-8-6-5	5-8-8-7-8-5-8-8-8-8-8-7	7-8-8-8-6-8-8-8-8-8-6-5	8-8-8-7-8-6-7-2-2-5-5-4	4-4-8-7-2-8-8-4-5-5-6-8	5-4-8-8-8-5-6-5-7-8-3-8	4-5-3-5-5-5-4-4-5-6-8-8	5-5-5-5-5-8-8-4-4-8-6-5
98	0	0-0-0-0-0-0-0-0-0-0-0-0	0-0-0-0-0-0-0-0-0-0-0-0	0-0-0-0-0-0-0-0-0-0-0-0	0-0-0-0-0-0-0-0-0-0-0-0	0-0-0-0-0-0-0-0-0-0-0-0	0-0-0-0-0-0-0-0-0-0-0-0	0-0-0-0-0-0-0-0-0-0-0-0	0-0-0-0-0-0-0-0-0-0-0-0	0-0-0-0-0-0-0-0-0-0-0-0	0-0-0-0-0-0-0-0-0-0-0-0	0-0-0-0-0-0-0-0-0-0-0-0	0-0-0-0-0-0-0-0-0-0-0-0
98	1	1-1-1-1-1-1-1-1-1-0-1-1	1-0-1-1-0-2-0-2-0-1-2-0	0-2-0-0-2-0-2-0-0-3-1-2	2-0-0-3-3-2-0-3-1-0-1-0	3-0-1-3-2-1-2-2-1-1-0-3	3-2-2-0-0-3-2-1-1-1-0-1	2-2-1-0-2-1-1-2-1-1-0-1	0-1-1-2-2-0-1-8-1-0-0-0	0-0-2-2-8-3-0-2-2-0-1-1	0-2-0-0-2-1-2-1-2-0-0-1	0-1-0-0-0-1-0-0-0-1-2-0	0-2-1-1-0-0-2-0-0-2-1-1
98	2	2-2-2-2-2-2-2-2-2-2-2-2	1-4-2-1-0-1-0-3-2-1-1-3	3-1-0-3-1-1-3-2-0-4-3-1	1-1-3-0-1-1-2-1-3-3-3-0	1-0-0-2-1-1-3-1-2-1-0-1	1-1-3-0-2-1-3-1-2-2-2-2	3-1-2-2-1-2-2-1-2-1-0-1	2-2-1-3-1-3-6-0-3-2-3-0	2-0-1-1-2-1-3-1-3-2-2-2	0-3-2-3-1-2-1-2-3-3-3-1	3-1-8-2-0-3-3-0-0-3-3-0	0-1-0-3-3-2-1-0-1-2-3-1
98	3	3-3-3-2-4-3-3-3-3-3-3-3	4-4-4-1-0-3-0-4-3-3-1-4	2-4-2-2-1-4-2-5-4-4-2-4	4-4-2-1-1-1-3-1-4-4-2-0	1-0-5-1-1-4-2-3-4-4-1-1	1-4-2-0-3-1-4-1-3-3-3-2	2-1-3-3-1-2-3-1-3-1-4-4	3-3-4-2-3-3-7-3-2-3-3-4	4-0-4-1-3-1-2-2-7-2-1-3	4-2-3-4-4-2-4-3-2-2-4-1	2-3-3-2-0-2-4-4-4-2-2-3	0-1-0-3-2-3-1-0-1-6-3-1
98	4	5-6-5-5-3-4-4-5-4-4-5-5	5-3-3-5-5-5-5-5-5-5-5-5	4-5-5-5-4-5-4-5-5-3-3-4	4-6-5-5-5-5-5-5-3-3-3-5	4-4-4-4-5-3-4-4-3-5-4-4	4-5-3-5-6-8-3-4-2-3-3-5	4-1-3-4-4-4-3-4-3-4-3-3	3-4-3-5-5-5-4-5-5-3-5-4	4-4-3-5-1-4-4-4-3-5-1-3	4-3-4-3-3-1-3-4-4-5-4-1	4-4-5-4-5-4-3-3-4-4-3-4	4-5-4-6-5-4-4-4-5-5-4-5
98	5	4-5-4-4-6-6-7-4-7-6-4-4	6-6-5-4-6-7-4-4-4-6-4-6	5-4-4-4-5-4-5-6-6-6-5-5	6-5-4-4-4-4-6-4-6-7-5-4	8-4-5-4-4-5-5-5-5-6-7-4	6-4-6-6-4-4-5-6-2-5-3-5	8-5-5-4-5-5-6-5-5-5-5-8	5-1-6-4-5-7-5-4-4-5-4-5	5-8-8-5-5-6-4-5-6-4-1-7	5-6-5-5-4-6-6-5-4-4-4-1	7-8-4-5-6-8-5-5-8-8-6-5	6-5-5-4-4-5-6-8-5-5-2-5
98	6	7-8-7-8-5-5-5-4-5-5-7-4	5-5-5-7-7-5-7-7-5-5-7-7	6-7-5-5-7-5-7-5-7-5-7-7	7-4-5-7-7-7-5-7-5-5-7-4	7-4-7-7-4-7-7-7-5-5-5-7	5-6-7-5-4-4-7-5-5-5-3-7	7-1-5-4-5-6-3-7-5-5-7-6	5-7-5-7-7-5-8-8-7-5-7-4	5-0-5-7-7-5-5-7-5-6-7-8	8-7-5-5-7-5-7-7-6-5-7-1	4-5-3-5-5-6-0-0-7-7-5-6	5-7-6-4-7-4-7-5-7-6-7-7
98	7	6-5-6-6-5-8-5-5-5-5-6-8	5-5-6-6-6-5-6-6-6-6-6-6	8-6-4-5-6-5-6-6-6-6-6-6	6-7-7-6-6-6-8-6-6-5-6-4	6-4-6-6-7-6-8-6-7-5-5-6	6-6-6-5-7-4-6-5-7-7-3-7	6-1-5-4-6-7-3-6-7-5-6-6	7-6-5-6-6-5-3-5-6-5-6-0	5-7-5-6-6-5-5-6-5-6-6-5	6-6-5-4-6-1-6-6-8-5-6-1	5-7-0-6-6-6-7-6-6-6-7-7	5-6-8-7-6-5-6-5-6-0-6-6
98	8	8-6-6-6-8-7-5-8-5-5-6-7	5-8-8-6-8-5-6-6-6-8-6-7	8-8-8-5-8-8-6-5-5-8-5-8	7-8-5-8-8-8-7-8-5-8-8-7	5-4-8-8-8-8-7-8-8-8-6-4	5-8-8-4-8-4-7-8-8-8-8-7	5-8-8-8-7-8-3-6-8-5-6-5	8-6-6-7-8-6-6-6-6-5-5-5	6-7-5-7-1-8-8-6-5-5-6-6	6-8-5-5-8-6-6-5-7-8-5-8	6-5-2-7-5-5-7-5-5-5-8-8	5-7-7-5-6-8-8-5-8-8-6-5
99	0	0-0-0-0-0-0-0-0-0-0-0-0	0-0-0-0-0-0-0-0-0-0-0-0	0-0-0-0-0-0-0-0-0-0-0-0	0-0-0-0-0-0-0-0-0-0-0-0	0-0-0-0-0-0-0-0-0-0-0-0	0-0-0-0-0-0-0-0-0-0-0-0	0-0-0-0-0-0-0-0-0-0-0-0	0-0-0-0-0-0-0-0-0-0-0-0	0-0-0-0-0-0-0-0-0-0-0-0	0-0-0-0-0-0-0-0-0-0-0-0	0-0-0-0-0-0-0-0-0-0-0-0	0-0-0-0-0-0-0-0-0-0-0-0
99	1	1-1-0-1-1-1-1-1-1-1-1-2	0-2-2-0-0-2-0-1-0-1-0-0	3-0-0-1-0-0-2-0-0-1-2-0	0-0-2-0-0-0-2-0-1-1-2-0	2-0-0-0-0-1-2-0-1-0-0-0	0-0-0-0-0-0-2-0-2-1-1-0	1-1-1-0-2-0-0-0-1-1-0-1	2-1-0-0-1-0-2-0-0-1-0-0	1-0-2-0-0-0-1-0-2-2-0-1	0-1-1-2-2-0-2-1-7-0-0-0	1-0-0-0-1-0-0-0-0-1-0-2	0-0-0-2-0-1-0-0-0-0-0-0
99	2	3-1-2-1-2-2-2-2-2-2-3-3	3-1-1-4-0-1-4-5-0-1-4-3	0-3-5-3-3-5-3-3-3-3-1-3	3-3-1-3-4-4-1-4-2-1-1-4	4-0-3-3-0-3-3-3-1-4-4-3	2-2-3-2-2-4-3-3-1-1-0-4	4-4-1-0-3-0-3-3-0-2-2-3	1-4-5-3-2-0-1-2-2-1-0-0	0-0-1-3-5-2-0-3-1-1-3-4	2-0-2-1-3-3-3-1-3-0-0-5	4-2-0-0-0-5-0-0-0-2-3-1	1-3-2-1-4-3-3-0-4-3-2-2
99	3	2-3-2-3-4-3-3-3-3-2-2-2	2-4-4-2-0-3-2-4-2-2-0-4	4-2-4-2-2-2-4-5-5-2-4-2	2-4-4-2-2-2-4-2-4-4-4-2	2-0-2-2-0-4-4-2-4-6-2-2	2-3-4-2-3-2-4-2-3-3-6-3	3-2-1-4-2-3-2-2-0-4-4-2	3-2-2-4-2-0-4-4-3-4-0-0	3-0-4-2-3-0-3-4-4-3-2-2	0-4-3-4-2-2-2-3-4-3-5-4	2-4-4-4-8-0-4-3-0-2-4-3	4-2-3-3-0-2-2-0-0-2-6-6
99	4	4-4-2-4-3-4-4-4-4-2-2-5	2-5-5-2-4-4-2-3-5-3-2-3	3-2-2-2-2-2-5-6-5-5-5-2	2-3-5-2-2-2-3-2-5-6-3-2	2-0-2-5-6-3-5-4-5-2-2-2	5-5-3-0-5-2-5-4-4-4-4-2	3-2-4-3-2-8-5-5-5-3-3-5	4-2-2-3-4-5-7-5-3-5-0-0	4-0-3-2-4-5-4-6-7-4-2-2	0-3-8-3-5-6-5-5-3-4-6-3	2-6-3-5-7-4-3-7-6-2-3-4	4-2-2-8-2-7-2-0-2-0-8-3
99	5	5-4-4-5-4-4-5-7-5-5-5-8	5-4-4-2-7-6-8-4-6-4-6-6	6-2-7-2-2-2-4-7-4-4-4-3	6-6-4-6-2-2-6-2-4-3-4-5	2-7-8-4-6-3-4-5-4-5-6-5	5-4-3-5-4-2-4-2-4-4-4-6	3-3-4-5-6-6-4-4-4-2-5-6	4-2-2-5-2-6-3-5-5-6-5-8	4-0-6-3-2-4-5-4-4-5-2-2	5-5-7-6-4-2-4-4-5-5-5-2	6-4-5-4-4-8-5-3-7-5-3-5	5-5-5-5-5-5-5-5-5-0-5-5
99	6	7-8-7-8-7-7-7-7-8-8-7-7	7-4-4-7-7-7-7-6-7-7-7-7	6-7-5-7-7-7-7-4-7-7-7-7	7-5-5-7-7-7-5-7-4-4-7-5	7-5-7-7-5-7-7-7-5-5-5-7	6-6-7-7-4-8-7-2-4-6-3-7	7-7-6-8-5-6-4-7-4-8-7-5	6-7-5-7-7-5-3-7-5-5-7-5	7-0-5-7-7-7-5-7-4-5-7-2	5-7-6-5-7-8-7-7-5-5-7-7	7-4-7-4-8-5-0-7-7-7-3-6	5-7-6-5-7-7-7-0-7-3-7-3
99	7	6-8-6-6-6-8-6-6-6-6-6-6	6-4-6-6-6-6-6-6-6-6-6-6	8-6-5-6-6-6-6-6-6-6-6-6	6-5-7-6-6-6-8-6-6-4-6-5	6-5-6-6-7-6-8-6-7-5-6-6	8-7-6-6-7-8-6-6-7-7-4-6	6-6-7-5-6-7-4-6-7-3-6-5	7-6-2-6-6-5-4-6-5-4-6-7	7-7-7-6-6-6-7-6-4-4-6-2	5-6-7-6-6-6-6-6-1-2-6-6	6-7-6-6-4-6-7-4-6-6-3-7	5-6-6-5-6-7-6-5-6-0-6-3
99	8	8-6-6-6-8-7-6-8-6-6-6-7	6-8-8-6-8-6-6-8-6-8-6-7	8-8-8-6-8-6-6-7-8-8-7-8	7-8-8-8-8-8-7-8-6-8-8-5	6-5-5-8-8-8-7-8-8-8-6-5	7-8-8-7-8-7-8-8-8-8-8-7	7-8-8-6-6-8-8-8-8-6-6-6	8-8-2-6-8-8-5-6-6-5-6-5	7-8-8-8-6-8-8-6-4-3-6-2	6-8-8-8-8-6-4-6-5-8-4-8	6-2-8-4-3-5-7-4-8-7-8-8	5-7-5-4-4-8-8-5-8-8-6-8
100	0	0-0-0-0-0-0-0-0-0-0-0-0	0-0-0-0-0-0-0-0-0-0-0-0	0-0-0-0-0-0-0-0-0-0-0-0	0-0-0-0-0-0-0-0-0-0-0-0	0-0-0-0-0-0-0-0-0-0-0-0	0-0-0-0-0-0-0-0-0-0-0-0	0-0-0-0-0-0-0-0-0-0-0-0	0-0-0-0-0-0-0-0-0-0-0-0	0-0-0-0-0-0-0-0-0-0-0-0	0-0-0-0-0-0-0-0-0-0-0-0	0-0-0-0-0-0-0-0-0-0-0-0	0-0-0-0-0-0-0-0-0-0-0-0
100	1	1-1-1-2-1-1-1-0-1-1-1-1	1-0-0-1-0-1-2-2-2-1-2-0	2-2-2-1-1-2-2-2-0-1-3-1	2-2-3-0-1-2-0-4-0-2-0-4	1-3-1-0-2-0-2-2-0-0-1-2	1-1-0-1-1-2-0-0-0-0-0-2	1-0-0-3-1-1-0-0-0-0-3-0	1-0-0-0-1-2-1-0-0-1-1-0	1-2-2-0-0-1-1-2-0-1-1-0	2-1-1-0-2-1-0-0-1-2-3-0	0-0-1-1-1-1-2-3-0-1-0-1	1-2-1-2-0-1-0-1-1-1-1-1
100	2	1-1-2-1-2-2-2-2-2-2-2-2	3-0-0-3-0-2-1-1-1-2-1-3	1-1-1-2-3-1-3-1-3-3-2-3	3-1-1-3-3-3-3-2-3-1-3-2	4-1-2-5-1-2-3-3-2-6-3-3	3-3-3-2-2-4-3-3-0-2-0-4	3-3-0-1-3-2-4-3-0-2-1-3	0-4-5-3-5-1-9-8-2-2-2-0	1-1-3-4-4-3-1-4-0-2-5-2	1-3-0-7-3-4-3-0-3-1-0-4	2-4-1-0-2-2-1-0-0-3-3-2	1-3-1-1-0-2-3-1-2-2-2-4
100	3	3-3-4-3-4-3-3-3-3-3-3-3	2-4-4-2-0-4-1-4-1-3-1-4	4-1-2-2-2-2-4-4-2-2-4-4	2-1-1-2-2-2-2-1-2-3-2-1	2-1-2-3-3-5-4-2-4-3-2-2	2-2-6-3-5-2-4-2-3-3-0-3	2-2-4-4-2-3-5-2-0-5-1-2	3-2-2-5-3-4-6-5-3-3-8-3	3-1-2-2-0-2-1-2-0-3-2-3	1-2-0-1-2-5-2-3-2-3-1-3	3-5-9-3-9-4-1-4-5-2-2-3	6-2-1-6-0-5-2-3-6-4-6-3
100	4	4-3-3-3-3-3-3-6-5-4-4-5	5-3-3-5-0-3-4-6-5-5-5-5	3-5-6-2-4-6-3-5-6-2-3-5	5-5-3-5-2-5-7-1-3-1-3-1	2-9-1-2-5-3-5-5-3-4-5-8	5-2-2-4-6-9-3-3-3-3-0-2	7-2-3-7-5-4-5-5-4-3-7-3	4-2-7-3-2-5-5-0-5-4-4-6	7-4-5-2-2-4-6-5-0-4-2-3	5-9-0-5-5-2-5-3-5-6-7-2	7-2-6-5-4-5-6-5-7-2-4-4	5-3-5-0-7-7-2-5-7-5-1-2
100	5	5-5-4-5-5-5-5-5-4-4-4-4	4-6-6-4-7-6-4-7-4-4-4-4	1-4-4-4-2-4-6-4-6-4-6-4	4-4-6-4-2-4-4-1-6-5-5-1	2-4-1-2-4-3-6-4-6-6-4-2	4-1-3-4-4-4-6-2-6-5-0-3	4-6-7-3-4-4-3-4-5-3-4-5	5-2-2-3-2-4-4-3-4-5-4-4	5-4-4-4-5-5-4-4-3-5-2-3	4-5-5-4-4-3-6-3-4-4-4-2	4-2-4-4-3-4-4-4-4-2-6-4	4-6-4-6-4-3-2-4-4-4-3-2
100	6	7-5-6-8-5-5-7-6-6-6-6-7	4-5-5-8-6-5-6-7-7-7-7-5	7-8-4-6-7-7-5-8-5-7-5-7	7-4-7-8-7-7-7-8-5-5-6-1	2-4-9-6-7-7-7-7-5-2-9-8	2-9-3-2-4-7-7-8-5-3-3-7	6-5-5-4-7-6-3-7-5-8-8-7	4-7-6-7-7-1-9-9-6-4-3-4	6-4-9-7-8-7-4-4-0-7-8-3	4-7-0-5-7-8-5-3-7-4-4-6	4-7-4-3-3-4-4-4-4-7-5-6	5-7-7-7-4-4-7-4-4-4-3-2
100	7	6-7-6-9-8-7-9-7-7-6-7-6	6-8-8-6-6-5-6-8-4-6-6-6	6-7-6-6-6-6-8-8-4-6-8-6	6-4-6-6-6-6-8-6-8-8-7-4	7-4-1-7-6-8-8-6-8-7-6-4	6-6-8-8-7-6-6-6-8-7-8-6	4-6-8-4-6-9-8-6-7-7-4-6	4-6-4-6-6-4-8-6-6-4-4-4	4-1-4-6-7-2-4-4-7-6-6-3	4-6-9-8-6-6-6-3-6-4-4-6	4-6-4-4-4-4-4-4-4-6-6-7	4-6-4-6-4-4-6-4-4-4-8-3
100	8	9-9-9-6-7-9-9-9-9-6-8-9	9-7-7-6-6-9-6-7-9-8-9-9	7-6-4-6-6-8-7-7-9-6-7-8	9-4-8-6-6-6-9-6-7-7-6-1	7-4-3-8-8-7-7-6-7-8-6-6	9-1-8-9-8-4-7-6-5-7-7-8	9-5-7-4-9-8-7-9-8-6-6-6	8-8-2-9-2-8-7-2-8-4-3-4	8-8-6-6-6-8-7-4-0-5-6-8	7-6-8-7-7-6-0-3-9-4-4-8	4-8-4-7-3-9-4-4-3-6-8-8	9-8-8-8-4-8-6-4-6-4-7-2
100	9	9-8-9-7-9-8-8-9-8-8-9-9	8-9-9-6-9-9-6-9-9-9-8-9	9-9-9-6-9-9-8-8-8-9-9-9	8-9-9-9-9-9-8-9-7-9-9-4	6-4-9-9-9-9-8-9-7-9-6-9	8-6-9-8-9-4-9-9-9-9-9-9	8-9-9-9-8-9-9-9-9-9-8-9	9-9-8-8-9-8-6-6-6-5-8-7	6-8-6-6-6-9-9-6-9-9-6-9	5-4-7-9-9-6-9-3-8-9-9-9	4-9-7-7-3-8-4-4-9-8-9-9	9-8-1-9-7-9-9-4-9-9-8-9
101	0	0-0-0-0-0-0-0-0-0-0-0-0	0-0-0-0-0-0-0-0-0-0-0-0	0-0-0-0-0-0-0-0-0-0-0-0	0-0-0-0-0-0-0-0-0-0-0-0	0-0-0-0-0-0-0-0-0-0-0-0	0-0-0-0-0-0-0-0-0-0-0-0	0-0-0-0-0-0-0-0-0-0-0-0	0-0-0-0-0-0-0-0-0-0-0-0	0-0-0-0-0-0-0-0-0-0-0-0	0-0-0-0-0-0-0-0-0-0-0-0	0-0-0-0-0-0-0-0-0-0-0-0	0-0-0-0-0-0-0-0-0-0-0-0
101	1	1-1-1-1-1-1-1-1-1-1-1-1	1-0-1-1-0-1-0-2-0-1-3-2	0-3-0-4-2-2-0-0-0-2-0-2	2-0-0-3-2-2-0-1-2-1-1-0	1-0-0-0-2-2-2-2-1-1-6-2	2-0-2-0-0-2-2-1-1-1-1-2	3-1-4-0-2-3-1-0-3-1-0-2	3-1-1-2-6-1-1-6-1-0-0-0	1-0-2-3-3-0-1-2-0-1-3-1	0-3-0-2-2-1-0-1-2-0-0-3	1-1-0-1-1-4-0-3-1-1-1-1	1-1-1-1-1-1-2-0-1-1-1-3
101	2	2-2-2-2-2-2-2-2-2-2-2-3	1-3-2-1-2-3-0-1-2-2-1-1	0-1-0-1-1-1-3-4-3-1-3-1	1-2-3-2-1-1-4-2-1-4-2-0	2-0-0-1-1-1-3-1-3-2-4-1	1-2-4-0-4-1-3-1-2-2-5-2	5-1-2-0-1-2-3-1-2-2-0-1	2-3-3-1-2-3-4-4-2-2-0-0	5-0-1-1-4-1-2-1-3-2-2-2	0-1-6-1-1-1-1-2-1-0-1-1	0-1-2-2-1-0-0-0-3-1-1-2	5-1-1-3-0-1-1-2-1-1-4-1
101	3	3-3-3-5-2-2-3-5-3-3-3-6	3-2-2-1-4-3-5-4-4-2-1-4	4-4-5-1-2-2-2-4-4-1-2-3	4-4-2-4-1-4-5-5-2-1-2-3	1-6-3-3-4-1-4-3-4-3-3-3	1-4-2-3-3-6-4-1-2-2-2-4	6-4-3-3-4-1-2-3-1-1-3-1	1-2-4-2-3-4-3-1-1-4-4-4	4-4-4-1-1-4-4-4-6-3-1-2	4-1-3-6-4-1-2-2-4-4-0-1	4-1-3-3-4-6-4-4-4-3-4-3	2-1-4-4-4-4-2-4-3-4-2-1
101	4	4-4-6-5-2-4-6-5-4-4-6-3	3-2-2-5-3-5-5-5-3-2-6-3	5-5-3-6-5-6-5-5-3-5-5-5	5-3-3-5-5-5-2-5-5-2-5-3	5-3-3-3-3-4-5-5-3-5-2-5	4-3-5-4-3-3-5-5-2-4-2-3	4-3-2-3-3-4-3-5-4-5-5-4	4-5-3-5-5-3-6-5-4-3-5-3	3-3-3-4-5-3-3-3-3-3-5-2	3-5-3-5-5-5-5-2-3-3-5-1	3-4-5-5-3-1-3-3-3-4-3-4	2-4-3-5-5-3-4-3-5-3-5-4
101	5	4-6-4-4-5-6-6-4-6-5-5-6	5-2-2-4-5-4-3-4-4-5-4-3	4-4-3-4-4-5-4-4-6-5-4-4	4-5-5-4-4-4-5-3-4-5-4-3	4-3-3-3-5-4-6-4-5-5-4-4	4-3-4-4-5-1-4-4-5-5-2-5	4-1-2-3-4-5-2-4-5-4-4-4	5-4-3-4-4-3-5-4-4-3-4-3	5-3-6-4-4-3-5-3-3-3-4-2	3-4-5-4-4-4-4-6-3-3-4-1	4-5-4-4-6-5-5-5-4-5-5-5	2-4-5-4-4-5-5-3-4-4-4-1
101	6	6-5-4-4-6-6-5-6-5-4-4-5	5-6-6-4-6-6-4-6-4-6-4-3	6-6-6-4-6-4-5-5-5-6-6-6	6-6-6-6-6-6-5-6-5-6-6-3	4-3-6-6-5-6-5-6-6-6-1-4	5-6-6-5-6-3-6-6-6-6-2-6	3-6-6-3-4-6-6-4-6-6-6-4	6-6-6-6-6-5-4-1-1-3-3-4	3-6-6-6-4-6-3-3-6-2-4-2	3-6-6-6-1-1-4-5-6-6-4-6	3-6-6-6-5-3-6-3-6-5-6-6	6-5-3-3-4-6-6-3-6-6-2-6
102	0	0-0-0-0-0-0-0-0-0-0-0-0	0-0-0-0-0-0-0-0-0-0-0-0	0-0-0-0-0-0-0-0-0-0-0-0	0-0-0-0-0-0-0-0-0-0-0-0	0-0-0-0-0-0-0-0-0-0-0-0	0-0-0-0-0-0-0-0-0-0-0-0	0-0-0-0-0-0-0-0-0-0-0-0	0-0-0-0-0-0-0-0-0-0-0-0	0-0-0-0-0-0-0-0-0-0-0-0	0-0-0-0-0-0-0-0-0-0-0-0	0-0-0-0-0-0-0-0-0-0-0-0	0-0-0-0-0-0-0-0-0-0-0-0
102	1	1-0-1-1-1-1-1-1-1-1-1-1	0-0-1-1-1-1-0-2-0-1-0-0	0-0-0-5-2-2-2-0-0-2-0-2	2-0-0-2-2-2-0-1-1-1-1-0	1-0-1-0-0-1-2-2-1-1-0-2	1-0-2-0-1-2-2-3-1-1-1-2	1-1-1-0-2-1-0-2-3-1-1-2	1-1-1-2-3-2-1-8-1-0-0-0	1-0-2-2-3-1-0-3-0-1-1-1	1-3-0-6-2-1-2-1-2-0-3-3	1-1-0-0-2-0-0-1-1-2-1-3	2-1-1-2-0-1-2-0-1-1-1-1
102	2	2-2-2-2-2-2-2-2-2-2-2-3	1-3-2-1-2-3-0-3-3-2-0-3	3-2-3-1-1-1-3-1-3-3-3-3	1-3-2-1-1-1-2-1-3-2-3-0	1-0-4-0-3-3-3-1-2-2-4-1	3-0-3-0-2-1-3-1-2-2-6-2	3-3-3-2-1-2-3-1-2-2-1-1	2-0-1-3-1-3-5-3-1-4-2-3	2-0-3-1-0-1-3-1-3-2-1-2	3-1-2-3-1-1-1-2-1-3-0-1	3-1-2-3-1-0-0-5-3-1-3-2	2-1-1-3-3-3-1-0-1-1-1-2
102	3	3-2-2-2-2-2-3-2-3-3-3-4	3-2-2-1-2-2-3-2-2-3-4-2	2-3-7-1-2-3-2-3-2-2-2-2	3-4-3-3-1-4-4-1-2-2-2-3	1-5-3-3-6-2-2-3-3-3-3-3	2-1-2-3-3-1-2-1-2-2-2-1	2-2-2-0-4-3-2-4-1-3-1-2	3-1-1-2-1-2-3-4-1-3-3-7	2-0-2-1-1-7-2-1-2-3-1-3	2-1-2-2-1-1-0-3-1-5-4-1	5-1-3-2-3-5-7-8-4-2-2-1	3-1-3-2-4-2-1-3-8-4-1-1
102	4	6-4-7-6-5-5-6-6-5-5-5-5	5-5-4-1-5-5-6-5-6-5-5-5	4-5-6-6-5-5-5-5-6-5-5-5	5-3-5-5-1-5-5-7-5-5-4-4	7-5-4-5-5-4-5-4-4-5-7-7	5-5-5-5-5-5-4-5-5-4-4-4	5-5-5-4-5-4-4-5-5-7-8-4	4-4-4-4-4-7-6-5-5-5-4-3	4-0-5-4-5-4-4-5-5-4-1-5	5-4-4-4-4-5-5-4-4-7-3-1	4-5-7-5-8-8-5-8-5-4-5-4	5-4-4-8-5-4-4-3-4-3-4-8
102	5	4-4-4-4-4-4-4-4-4-4-4-4	4-4-4-7-4-4-4-4-4-4-6-4	1-7-4-1-7-4-6-4-4-4-4-6	6-3-4-4-7-7-4-4-4-4-6-0	7-4-4-4-4-5-6-6-4-4-4-5	4-4-7-7-4-1-6-4-4-4-2-6	6-4-4-5-4-4-4-4-4-4-7-5	4-6-4-6-7-4-2-4-4-4-4-3	2-0-4-6-4-4-4-6-4-4-5-4	4-7-5-4-5-6-4-6-6-4-7-1	3-5-3-4-5-3-3-2-4-7-4-7	4-7-5-7-4-4-6-3-5-4-5-6
102	6	4-8-4-8-4-4-4-4-4-4-4-4	4-7-7-5-4-4-4-4-4-4-5-5	0-5-4-4-5-4-7-5-4-5-7-5	5-3-4-4-5-5-7-1-7-5-7-0	4-4-4-4-3-7-7-5-7-6-4-5	5-5-5-5-3-1-5-4-6-6-2-5	5-4-4-0-5-6-6-7-4-6-0-5	4-7-3-7-5-4-4-4-1-6-7-3	6-0-4-5-6-4-7-5-4-6-5-4	4-5-6-8-7-5-7-5-7-4-5-1	7-5-4-0-5-4-3-7-3-5-5-6	4-5-5-5-7-4-5-3-3-4-4-5
102	7	4-6-4-4-4-8-4-4-4-4-4-8	4-6-6-5-4-4-8-6-4-4-6-8	3-5-3-4-5-4-6-5-4-5-6-5	5-7-4-5-5-5-8-4-6-4-6-8	5-8-7-4-3-6-6-7-6-4-4-4	4-5-5-5-4-8-6-4-7-7-2-7	8-4-4-7-4-7-7-6-4-4-5-5	7-6-4-6-5-4-4-5-1-4-6-3	7-7-4-6-7-4-6-6-8-7-5-4	8-5-6-8-6-1-6-4-6-4-7-1	6-7-4-8-7-4-3-7-7-5-4-5	6-8-7-5-7-4-5-4-5-3-5-4
102	8	8-6-5-6-8-7-4-8-4-4-4-7	4-6-8-5-8-4-7-8-8-8-7-7	8-8-8-4-7-5-8-7-4-8-7-8	7-8-8-8-8-8-7-8-7-8-8-7	4-4-8-8-4-8-7-8-8-8-4-4	4-8-8-7-8-7-7-8-8-8-8-7	7-8-8-8-4-8-8-7-8-8-4-7	8-6-8-7-8-4-4-1-5-4-4-4	7-7-8-8-1-8-8-5-7-7-6-2	7-8-6-6-8-1-8-4-7-8-4-8	3-1-4-7-4-4-3-3-4-4-8-8	4-7-7-4-6-8-8-3-3-8-5-4
103	0	0-0-0-0-0-0-0-0-0-0-0-0	0-0-0-0-0-0-0-0-0-0-0-0	0-0-0-0-0-0-0-0-0-0-0-0	0-0-0-0-0-0-0-0-0-0-0-0	0-0-0-0-0-0-0-0-0-0-0-0	0-0-0-0-0-0-0-0-0-0-0-0	0-0-0-0-0-0-0-0-0-0-0-0	0-0-0-0-0-0-0-0-0-0-0-0	0-0-0-0-0-0-0-0-0-0-0-0	0-0-0-0-0-0-0-0-0-0-0-0	0-0-0-0-0-0-0-0-0-0-0-0	0-0-0-0-0-0-0-0-0-0-0-0
103	1	1-1-1-1-1-0-1-1-1-1-1-1	1-0-0-1-0-0-0-2-0-0-0-0	0-2-0-4-2-4-2-3-0-2-2-2	2-0-0-3-3-2-0-4-1-0-1-0	1-0-0-0-0-1-2-2-1-0-0-0	1-0-2-0-0-3-2-1-1-0-0-0	2-1-3-0-2-1-2-0-0-1-0-2	0-3-1-2-1-0-0-6-1-0-0-0	1-0-2-2-3-1-0-3-0-1-3-1	2-2-0-0-2-3-0-3-2-0-0-3	2-1-0-0-0-1-0-1-0-2-1-2	0-2-1-2-0-1-3-0-1-0-1-3
103	2	2-2-1-2-3-2-2-2-2-2-2-3	1-3-3-1-2-2-1-1-0-2-0-1	3-1-4-1-1-1-1-4-0-1-3-1	1-2-2-1-1-1-0-0-3-4-3-0	2-0-0-0-1-1-3-1-3-2-0-0	1-0-4-0-2-1-3-1-2-2-6-2	1-1-2-0-1-1-3-1-2-2-6-1	2-4-3-1-1-3-4-3-1-4-0-1	2-0-1-1-4-3-6-1-4-2-1-2	1-1-6-6-1-1-3-2-1-3-0-1	3-1-0-4-6-0-2-2-3-1-1-2	2-1-1-3-2-1-1-2-1-0-4-0
103	3	4-2-3-4-2-2-3-4-3-3-4-2	4-2-2-3-4-4-4-5-4-3-4-4	5-4-4-0-2-1-2-4-4-1-2-3	4-4-5-4-1-1-4-3-3-2-2-4	1-4-1-3-4-2-4-3-2-5-0-6	1-0-2-3-4-1-2-1-1-2-2-1	6-1-1-4-4-0-2-3-0-2-4-2	3-1-2-1-1-4-2-2-1-3-4-4	4-4-4-1-1-2-4-1-2-3-1-4	4-4-2-0-2-1-2-1-4-4-4-1	4-1-4-3-4-4-4-4-4-1-1-3	0-1-3-2-4-4-1-4-6-5-1-1
103	4	5-6-6-6-4-2-6-3-4-4-4-3	3-2-2-4-3-3-3-3-3-5-3-3	3-5-5-5-5-6-5-5-3-5-3-5	5-3-3-3-5-5-3-5-5-2-5-3	5-3-5-5-5-4-5-4-4-4-0-5	5-0-5-4-3-1-5-5-4-2-2-4	4-4-1-3-3-4-4-5-2-4-5-5	0-5-4-5-5-3-2-5-4-4-3-3	3-3-3-5-6-3-3-5-2-2-5-3	3-3-2-0-5-1-0-2-3-3-3-4	3-4-3-2-6-3-3-3-3-5-4-5	3-5-4-5-3-3-5-3-3-3-5-0
103	5	4-6-4-4-4-6-6-6-6-5-5-6	6-2-2-4-5-5-3-3-6-4-4-6	3-4-4-4-4-4-4-4-3-4-6-4	4-5-3-3-4-4-6-4-4-4-4-6	4-3-4-4-4-4-6-4-5-5-6-4	4-6-4-4-3-3-4-4-5-5-2-6	6-1-5-5-3-5-3-4-5-4-4-6	5-4-4-4-4-3-5-4-4-5-4-3	5-5-5-4-4-3-3-4-2-5-4-1	4-4-5-0-4-1-4-2-6-4-5-1	4-5-3-5-0-6-3-3-3-4-5-5	0-4-6-5-5-1-4-3-3-3-4-1
103	6	6-5-4-4-6-5-5-6-5-5-6-5	5-6-6-4-6-6-4-6-6-6-4-5	6-6-6-4-6-4-6-5-6-6-5-6	5-6-6-6-6-6-5-6-4-6-6-5	4-3-6-6-5-6-5-6-6-6-5-6	5-6-6-4-6-6-5-6-6-6-2-5	3-6-6-6-4-6-6-6-6-4-2-5	6-6-4-5-1-5-4-1-4-5-5-4	5-6-6-5-4-6-2-3-6-2-4-2	4-3-6-6-6-1-6-5-5-6-5-6	3-6-6-5-2-5-3-3-3-6-6-6	6-5-5-2-3-6-6-3-3-6-4-1
104	0	0-0-0-0-0-0-0-0-0-0-0-0	0-0-0-0-0-0-0-0-0-0-0-0	0-0-0-0-0-0-0-0-0-0-0-0	0-0-0-0-0-0-0-0-0-0-0-0	0-0-0-0-0-0-0-0-0-0-0-0	0-0-0-0-0-0-0-0-0-0-0-0	0-0-0-0-0-0-0-0-0-0-0-0	0-0-0-0-0-0-0-0-0-0-0-0	0-0-0-0-0-0-0-0-0-0-0-0	0-0-0-0-0-0-0-0-0-0-0-0	0-0-0-0-0-0-0-0-0-0-0-0	0-0-0-0-0-0-0-0-0-0-0-0
104	1	1-1-1-2-1-1-1-0-1-1-1-1	1-0-0-1-0-1-1-0-0-1-2-0	0-2-2-2-0-2-2-2-0-1-3-0	2-3-2-1-1-2-0-1-3-0-0-3	0-1-1-2-2-0-2-1-0-0-1-4	0-1-0-1-0-1-0-0-0-0-0-2	1-0-0-1-0-0-0-0-0-1-0-0	1-0-0-0-0-2-0-0-0-1-3-0	1-2-2-0-0-0-3-2-0-0-1-0	0-0-1-0-0-1-0-0-1-2-1-0	0-0-1-1-3-1-1-1-0-1-0-1	1-2-4-1-0-1-1-1-1-1-1-1
104	2	2-2-2-1-2-2-2-2-2-2-2-2	3-0-0-3-0-1-3-3-4-2-3-3	2-1-1-6-3-1-1-1-1-5-2-3	3-2-1-3-4-3-0-4-1-0-2-2	4-1-1-4-1-2-3-3-1-2-4-3	3-0-3-5-0-4-3-2-0-0-0-4	2-5-2-0-3-0-2-3-0-2-2-3	0-5-2-3-2-1-2-9-2-1-1-3	2-1-1-3-5-3-1-4-2-3-3-2	2-2-1-0-3-2-3-1-3-3-0-5	8-5-2-2-9-5-1-2-0-2-3-1	1-4-1-1-3-2-3-1-2-2-2-2
104	3	3-3-3-3-3-3-3-3-3-2-3-3	2-5-3-2-4-2-2-4-2-3-2-2	3-1-2-3-2-2-4-2-4-5-4-4	2-4-4-2-2-2-1-2-4-3-4-1	2-5-1-3-3-4-4-2-3-3-2-3	2-3-4-2-3-2-4-2-3-3-0-3	2-2-3-1-2-3-2-2-3-3-1-2	3-0-2-4-2-1-8-0-2-3-1-3	5-1-1-2-0-3-1-2-4-3-4-4	2-1-3-8-2-2-4-3-4-2-3-3	4-3-3-3-1-2-1-3-6-2-2-3	3-2-1-1-2-2-2-2-3-9-3-3
104	4	4-6-4-3-4-4-4-5-4-4-3-4	2-5-5-2-4-5-2-3-2-4-2-5	5-5-2-4-5-1-5-5-3-5-5-3	2-5-5-5-2-2-5-2-5-5-5-1	2-1-1-5-2-3-5-3-5-2-2-4	2-3-3-2-5-2-5-2-4-4-9-2	2-2-4-5-2-4-5-5-4-3-0-5	5-5-2-3-4-3-2-5-2-5-1-5	6-1-5-3-4-5-5-5-8-3-3-3	2-6-6-5-5-2-3-5-3-1-5-4	3-4-3-5-9-2-1-3-0-2-5-4	4-2-1-4-4-3-2-4-2-4-6-7
104	5	7-5-5-6-4-5-5-6-5-5-5-8	6-4-4-2-3-6-6-6-6-4-6-6	7-6-7-7-4-1-4-4-6-4-4-4	6-6-4-4-2-6-4-5-4-4-4-7	2-9-9-4-6-4-4-5-4-5-5-5	4-6-3-6-5-5-4-2-3-4-0-5	5-2-4-7-6-6-4-4-4-2-5-4	4-4-2-3-2-6-7-4-6-6-5-4	3-1-4-3-2-4-6-4-4-5-3-4	5-5-4-6-4-2-4-4-6-6-5-2	5-2-4-4-4-2-1-5-0-5-4-5	5-4-5-5-5-5-3-5-9-5-5-4
104	6	7-9-7-5-7-7-7-7-7-7-8-7	7-4-4-8-8-8-5-7-5-8-7-8	8-7-6-8-7-7-7-8-7-7-7-6	7-5-7-8-7-7-7-8-8-7-7-5	8-5-7-7-5-7-7-6-7-8-8-7	7-5-7-7-5-7-7-7-6-6-3-6	9-6-7-9-5-6-8-7-6-7-8-7	7-7-9-7-8-5-3-8-5-5-6-7	7-7-6-6-8-8-5-6-6-5-6-3	6-6-4-7-8-9-8-4-5-5-6-8	8-8-6-4-7-7-7-5-9-7-7-6	5-9-6-5-5-8-7-8-6-6-4-8
104	7	6-6-6-6-6-6-6-6-6-6-6-6	6-4-4-6-6-6-7-6-8-6-6-6	5-8-5-6-8-6-8-6-6-6-6-6	8-8-6-7-8-8-6-6-6-6-6-5	6-6-6-6-5-6-8-8-6-6-6-8	6-6-6-8-3-6-6-6-3-4-0-8	6-6-6-5-6-7-6-6-7-6-8-6	6-8-6-8-6-8-9-6-6-5-8-6	9-6-6-6-6-6-5-6-4-6-8-6	6-6-6-6-6-6-6-6-5-5-6-8	5-6-7-7-6-6-6-6-0-6-6-5	5-6-7-5-8-6-6-5-2-8-3-6
104	8	6-9-6-7-6-9-6-6-6-6-6-7	6-4-6-6-6-6-6-6-7-6-7-6	6-7-7-6-7-8-7-6-6-6-8-6	7-7-8-6-7-7-9-6-6-6-7-5	6-6-6-6-8-6-7-7-8-6-6-7	6-6-7-7-5-6-8-7-8-8-3-7	6-6-8-9-9-8-6-6-8-6-7-6	6-7-6-7-6-9-3-6-9-5-7-8	8-8-8-6-6-6-8-7-4-6-7-6	6-6-8-7-6-6-6-3-9-8-6-6	6-6-8-4-6-6-8-5-6-6-6-8	5-6-6-5-7-6-8-6-8-7-8-6
104	9	9-6-6-6-9-8-6-9-6-6-6-6	6-9-9-6-9-9-6-6-9-9-8-6	9-9-9-6-9-6-8-6-6-9-9-9	8-9-6-9-9-9-8-9-6-9-9-5	6-5-9-9-9-9-8-9-9-9-6-6	6-9-9-7-9-8-9-9-9-9-9-9	6-9-9-8-8-9-6-6-9-9-8-6	9-9-6-7-9-4-7-6-8-5-6-6	8-8-6-9-6-9-9-6-4-6-7-0	6-6-9-9-9-6-9-8-5-9-6-9	6-6-6-9-6-6-6-5-9-6-9-8	7-6-6-9-8-9-9-9-9-9-8-9
105	0	0-0-0-0-0-0-0-0-0-0-0-0	0-0-0-0-0-0-0-0-0-0-0-0	0-0-0-0-0-0-0-0-0-0-0-0	0-0-0-0-0-0-0-0-0-0-0-0	0-0-0-0-0-0-0-0-0-0-0-0	0-0-0-0-0-0-0-0-0-0-0-0	0-0-0-0-0-0-0-0-0-0-0-0	0-0-0-0-0-0-0-0-0-0-0-0	0-0-0-0-0-0-0-0-0-0-0-0	0-0-0-0-0-0-0-0-0-0-0-0	0-0-0-0-0-0-0-0-0-0-0-0	0-0-0-0-0-0-0-0-0-0-0-0
105	1	1-1-1-1-1-1-1-1-1-1-1-1	1-0-0-1-0-1-1-2-0-2-2-0	1-2-2-1-1-2-2-2-0-0-2-1	2-2-2-1-1-2-0-2-0-2-2-4	0-2-3-0-2-0-2-1-0-0-0-1	1-1-0-0-0-1-0-1-0-0-0-2	4-0-0-3-0-0-0-0-0-0-3-0	0-0-0-0-0-2-0-0-0-2-1-0	0-2-2-0-3-0-4-1-0-1-2-2	1-1-1-2-0-0-0-0-2-2-3-0	4-0-1-0-2-1-2-4-3-1-0-1	0-0-1-3-1-1-2-1-1-2-1-1
105	2	2-1-2-2-2-2-2-2-2-2-2-2	3-0-0-3-0-2-1-5-3-1-3-3	5-3-1-4-3-1-1-1-3-3-3-3	3-1-1-3-4-4-3-4-3-1-7-1	4-1-2-0-1-2-3-3-1-2-3-4	4-1-3-2-2-3-3-3-0-0-0-4	3-4-2-1-3-0-2-3-0-2-5-3	0-4-8-3-3-1-2-9-2-1-1-0	0-1-3-3-6-3-1-3-2-2-6-1	2-3-1-1-3-8-3-0-3-1-0-2	9-6-1-0-1-1-1-1-0-2-4-2	0-3-2-1-2-2-3-1-2-2-2-8
105	3	3-3-3-3-3-3-3-3-3-2-3-3	2-7-7-2-0-3-2-4-4-3-2-4	4-2-2-2-2-2-4-4-5-2-4-2	2-1-3-2-2-2-4-2-2-3-2-1	2-1-1-3-3-4-4-2-3-3-2-2	2-1-4-4-3-2-2-2-3-3-0-3	2-2-5-1-2-4-2-2-0-4-7-2	0-0-2-4-2-1-7-0-2-3-1-5	7-1-2-2-1-2-1-2-4-3-3-4	4-2-3-3-4-2-2-5-2-2-1-2	7-2-4-3-1-2-3-1-1-2-2-3	3-2-1-1-4-2-2-4-6-2-3-6
105	4	4-3-2-4-3-4-3-4-4-4-4-4	2-3-3-2-5-6-1-3-3-3-5-3	3-2-5-2-5-6-3-3-3-6-3-7	5-5-7-7-2-2-3-2-6-8-3-1	2-3-1-6-7-3-5-4-5-2-7-2	2-4-3-3-4-2-5-2-4-4-0-3	1-2-3-1-2-3-4-5-4-3-3-6	4-2-2-3-2-1-3-6-2-8-9-4	3-1-3-2-4-5-1-7-9-8-3-3	3-1-5-5-6-2-6-3-2-1-3-2	1-2-4-4-5-4-3-1-1-4-5-4	0-5-1-1-3-4-3-3-7-8-3-2
105	5	5-3-6-6-3-4-3-5-5-5-4-4	5-3-3-2-5-4-6-6-7-5-4-6	6-6-6-7-4-2-6-6-6-4-6-6	6-6-6-4-2-2-2-6-4-4-3-1	2-5-1-4-4-3-6-6-4-9-6-6	4-4-4-5-4-2-4-2-3-3-0-4	8-2-3-1-6-3-3-4-5-0-2-7	3-2-2-3-2-7-3-0-2-4-5-4	3-7-6-2-4-4-1-4-3-5-2-3	9-5-4-4-7-0-4-3-7-3-0-2	6-4-5-4-4-6-3-1-0-6-4-3	7-4-4-1-5-5-3-5-5-7-3-2
105	6	5-6-8-5-3-7-6-4-7-5-7-9	6-3-3-2-5-4-6-5-7-5-4-7	5-7-5-6-5-4-5-5-7-4-7-5	5-5-5-4-8-8-7-5-4-4-3-1	2-6-1-4-6-3-7-5-4-6-5-5	2-4-4-7-7-7-4-2-3-3-0-7	7-2-3-6-5-7-3-5-4-9-2-7	6-2-2-3-2-5-3-4-6-6-7-4	7-4-5-2-2-6-7-5-3-6-2-4	6-7-7-9-4-7-4-5-6-7-6-6	6-2-5-4-4-5-6-6-7-4-4-6	0-4-6-7-7-5-2-6-3-4-3-3
105	7	7-7-9-8-3-6-9-7-6-7-7-8	6-3-3-8-8-4-6-8-8-5-6-6	7-6-5-8-8-9-8-8-6-8-6-4	8-8-4-8-7-8-6-8-8-4-8-7	9-5-8-8-4-8-8-8-4-8-9-7	8-5-8-6-6-6-8-2-5-7-0-6	6-7-3-6-6-6-3-8-7-9-8-8	7-8-2-8-8-5-9-8-2-4-8-4	9-5-9-8-8-4-6-4-3-4-8-4	9-8-6-4-8-7-8-3-5-6-8-8	8-8-5-4-4-7-3-1-6-2-4-8	5-4-7-6-6-5-7-6-8-7-8-8
105	8	7-9-7-7-8-9-9-7-9-8-7-7	6-3-3-7-7-9-6-7-7-8-9-9	7-6-5-7-7-8-7-7-9-7-8-8	7-8-8-7-6-7-9-7-7-4-7-7	7-6-7-7-8-7-7-7-8-8-7-7	9-8-7-6-8-6-7-2-8-8-0-8	9-7-3-9-9-8-4-7-8-6-7-7	8-7-2-7-7-5-3-7-9-4-7-8	8-8-9-7-7-4-8-4-4-4-7-4	8-7-8-6-7-9-7-3-9-6-7-7	7-7-7-4-9-9-8-1-3-8-8-8	9-4-8-6-7-7-7-5-7-4-7-2
105	9	9-8-7-7-9-8-8-9-8-7-7-9	6-9-9-7-9-8-8-9-9-9-8-9	9-9-9-7-9-9-9-9-8-9-9-9	9-9-9-9-9-9-8-9-9-9-9-7	7-6-9-9-9-9-8-9-9-9-7-7	8-9-9-9-9-9-9-9-9-9-9-9	8-9-9-8-8-9-9-7-9-9-8-7	9-9-2-9-9-8-7-7-8-5-8-8	8-9-9-9-7-9-9-8-4-3-6-1	7-7-9-6-9-8-9-6-7-9-9-9	9-9-4-9-8-8-8-1-9-9-9-9	8-4-6-9-3-9-9-9-9-9-7-9
106	0	0-0-0-0-0-0-0-0-0-0-0-0	0-0-0-0-0-0-0-0-0-0-0-0	0-0-0-0-0-0-0-0-0-0-0-0	0-0-0-0-0-0-0-0-0-0-0-0	0-0-0-0-0-0-0-0-0-0-0-0	0-0-0-0-0-0-0-0-0-0-0-0	0-0-0-0-0-0-0-0-0-0-0-0	0-0-0-0-0-0-0-0-0-0-0-0	0-0-0-0-0-0-0-0-0-0-0-0	0-0-0-0-0-0-0-0-0-0-0-0	0-0-0-0-0-0-0-0-0-0-0-0	0-0-0-0-0-0-0-0-0-0-0-0
106	1	1-1-1-1-1-1-1-1-1-1-0-1	1-0-0-3-0-1-0-2-0-1-2-2	0-3-0-2-2-2-2-0-0-2-0-2	2-0-0-2-3-2-0-3-1-0-2-0	3-0-2-0-2-1-2-2-0-0-0-3	3-2-2-0-0-3-2-2-1-1-0-3	0-3-1-0-2-0-0-2-1-1-1-2	1-3-1-2-2-0-0-3-3-0-0-0	3-0-2-2-0-1-0-2-1-1-1-1	0-2-0-0-2-1-2-1-2-0-0-3	4-1-0-0-0-2-0-0-0-2-1-0	0-1-1-0-1-1-2-0-0-2-1-1
106	2	2-2-2-2-2-2-2-2-2-2-2-2	1-5-2-1-0-2-1-3-3-2-1-3	3-2-0-1-1-1-3-4-3-1-3-1	1-0-3-1-1-1-3-1-2-2-3-0	1-0-1-2-1-3-3-1-2-2-4-1	1-1-3-0-2-1-3-1-2-2-6-1	4-1-2-5-1-2-4-1-2-2-1-1	2-1-1-3-1-0-5-4-2-3-0-0	4-0-3-1-2-0-4-1-3-2-3-3	0-1-0-3-1-4-3-3-1-0-0-1	1-1-0-2-2-1-5-0-0-1-3-2	2-1-1-2-0-1-1-0-4-1-2-2
106	3	3-2-2-3-2-3-3-3-3-3-3-3	3-2-2-1-4-4-1-2-4-2-4-5	1-3-4-3-4-4-2-5-2-4-2-5	4-3-4-4-1-1-2-1-5-5-2-0	1-0-1-5-1-2-4-3-4-0-5-1	4-4-2-0-3-1-4-1-3-3-5-1	2-1-3-5-1-2-5-4-3-2-2-3	3-1-7-2-1-3-2-1-1-5-1-0	1-0-2-4-4-5-0-4-7-6-2-4	0-3-0-4-2-1-2-2-1-0-2-1	1-1-3-4-4-0-2-0-0-4-4-3	2-4-1-2-2-3-1-0-5-5-2-2
106	4	4-3-4-4-4-3-4-6-3-4-3-4	4-2-2-4-6-3-5-5-5-4-3-2	5-5-5-6-3-3-3-5-5-3-3-3	5-4-5-3-4-4-2-4-3-5-2-6	4-4-5-3-5-2-5-5-3-4-6-1	3-3-2-5-5-1-3-0-2-2-2-5	2-1-2-4-5-2-2-3-2-2-3-3	3-4-3-3-1-5-2-2-5-4-4-7	5-0-5-3-3-3-2-3-2-4-1-3	4-4-6-3-5-5-4-2-5-5-5-1	4-1-0-3-3-5-2-4-5-3-3-4	4-3-4-4-4-4-4-4-2-3-1-4
106	5	6-5-5-7-4-3-5-5-7-5-6-7	5-2-2-6-5-3-4-4-4-4-3-6	4-6-4-7-6-6-6-6-6-6-6-6	6-4-4-6-6-6-2-1-6-4-6-6	6-4-6-3-4-5-6-6-3-5-3-6	6-6-6-4-4-4-6-6-3-5-2-4	6-6-5-6-6-5-3-4-2-7-6-6	5-6-7-6-5-4-2-6-4-3-6-0	4-0-4-5-6-5-4-6-2-3-6-3	7-6-4-4-4-4-4-2-4-4-6-1	6-5-0-3-6-4-6-6-4-5-4-5	4-6-5-4-6-6-5-0-6-3-6-6
106	6	5-7-5-7-5-7-7-7-7-5-5-7	7-2-2-5-5-6-4-5-7-4-5-5	7-5-6-7-5-5-5-5-5-5-7-5	5-6-6-5-5-5-7-5-5-4-5-7	5-4-5-5-6-5-7-5-6-5-5-5	5-5-5-6-3-7-5-5-6-6-2-5	5-1-2-5-5-6-6-5-6-6-5-5	6-5-4-5-5-6-3-5-4-4-5-6	6-6-4-5-5-5-5-5-3-3-5-3	5-5-4-4-5-5-4-2-6-3-5-1	5-6-6-3-5-4-6-5-4-6-4-6	4-5-6-5-6-5-5-4-5-6-5-5
106	7	7-6-5-5-7-6-6-7-6-5-5-6	6-7-7-5-7-7-4-7-6-7-5-6	7-7-7-5-7-5-5-6-7-7-6-7	7-7-7-7-7-7-6-7-7-7-7-6	5-7-7-7-6-7-6-7-7-7-6-7	6-7-7-7-7-6-7-5-7-7-7-6	6-7-7-7-6-7-7-7-7-7-5-5	7-5-7-6-5-6-7-5-5-4-6-7	6-7-7-6-5-7-7-5-3-7-5-7	5-7-7-4-7-1-7-7-7-7-6-7	6-1-0-6-5-4-6-5-6-6-7-7	7-6-7-2-6-7-7-7-7-7-5-7
107	0	0-0-0-0-0-0-0-0-0-0-0-0	0-0-0-0-0-0-0-0-0-0-0-0	0-0-0-0-0-0-0-0-0-0-0-0	0-0-0-0-0-0-0-0-0-0-0-0	0-0-0-0-0-0-0-0-0-0-0-0	0-0-0-0-0-0-0-0-0-0-0-0	0-0-0-0-0-0-0-0-0-0-0-0	0-0-0-0-0-0-0-0-0-0-0-0	0-0-0-0-0-0-0-0-0-0-0-0	0-0-0-0-0-0-0-0-0-0-0-0	0-0-0-0-0-0-0-0-0-0-0-0	0-0-0-0-0-0-0-0-0-0-0-0
107	1	1-1-1-1-1-1-1-1-1-1-1-1	2-0-0-1-1-1-2-2-0-1-2-2	0-2-2-2-2-1-2-2-0-2-4-2	2-0-0-2-3-2-0-3-1-1-1-0	1-0-1-2-0-1-2-2-1-0-0-2	3-0-2-0-1-2-2-3-1-1-0-0	1-3-1-0-2-1-1-2-1-1-1-1	1-1-1-1-1-1-2-1-1-0-0-0	1-0-2-2-5-1-0-2-0-0-1-1	8-6-0-0-2-1-0-1-2-0-0-1	0-1-0-1-0-2-0-0-0-1-2-0	0-2-2-0-0-0-2-0-1-0-1-1
107	2	2-2-2-2-2-2-2-2-2-2-2-2	1-4-2-1-0-1-1-3-2-2-1-3	2-1-1-1-1-1-3-5-3-1-3-1	1-1-2-1-1-1-3-2-3-2-3-0	1-0-4-1-2-3-3-1-2-2-1-1	1-0-3-0-2-1-3-1-2-2-3-2	3-2-2-4-1-2-5-1-2-2-3-1	2-0-1-3-3-2-3-4-1-2-0-1	0-0-3-1-2-0-4-1-3-2-3-3	0-4-2-3-1-1-3-2-1-2-0-1	0-1-0-2-10-1-0-0-4-1-1-2	2-1-1-3-0-0-1-0-5-0-2-2
107	3	3-2-1-3-2-3-3-3-3-3-4-3	3-2-2-1-1-3-1-2-2-2-4-4	2-3-0-1-4-4-2-2-2-4-2-7	4-6-4-5-1-1-2-1-2-2-2-0	1-0-0-6-8-2-4-3-4-0-6-10	1-5-2-5-3-1-4-1-3-3-2-3	2-1-2-2-1-2-3-4-3-2-2-6	3-0-1-2-2-3-6-2-1-3-4-4	3-0-2-1-3-3-0-1-2-2-2-2	0-3-3-4-4-1-4-2-1-0-0-1	7-1-5-9-4-3-0-0-4-3-4-2	2-4-4-3-4-3-2-0-8-6-2-3
107	4	6-2-4-4-2-3-4-2-3-4-3-3	4-2-2-6-5-3-4-5-6-4-3-7	5-5-5-1-3-3-5-5-5-3-3-4	5-5-5-3-1-1-5-4-3-2-2-6	1-5-2-4-6-1-5-5-3-9-5-5	5-6-3-7-3-3-3-1-6-2-2-5	2-5-2-2-6-4-2-3-3-4-3-3	4-4-5-3-2-7-3-2-1-2-3-3	2-0-6-0-3-4-6-5-1-2-7-5	1-2-2-3-3-2-5-4-5-6-2-1	4-1-3-3-3-9-2-9-3-5-3-2	4-3-4-4-3-1-2-4-3-4-3-2
107	5	6-5-6-6-2-5-5-6-5-5-5-6	5-2-2-6-6-3-6-6-6-6-6-6	4-6-6-9-3-6-4-6-6-6-6-4	6-4-4-3-6-6-6-7-3-6-1-4	1-4-2-3-7-1-6-4-3-5-9-6	6-6-1-3-3-6-3-1-5-2-2-6	7-9-2-2-6-5-2-3-5-0-2-3	5-4-6-6-2-6-3-6-6-7-2-5	0-0-4-6-1-6-2-4-2-6-2-4	6-3-5-3-10-6-4-3-6-6-0-5	9-1-3-3-3-7-6-0-3-4-3-5	4-6-3-4-0-5-5-0-2-6-8-2
107	6	5-6-5-5-7-6-6-8-6-5-4-5	5-7-7-5-5-6-5-5-7-5-5-5	10-5-5-5-3-5-7-10-5-8-7-8	5-8-7-3-5-5-7-5-6-5-8-4	1-4-6-3-4-6-7-5-6-6-3-5	5-5-3-4-6-5-5-1-6-6-6-5	2-5-8-7-5-6-7-3-6-9-0-3	8-1-5-5-1-5-3-5-5-3-4-10	6-0-4-5-6-5-4-5-9-5-1-5	5-1-2-2-1-5-5-6-5-4-0-5	4-1-3-3-9-5-5-10-0-5-3-8	4-5-1-4-0-3-1-0-3-8-5-9
107	7	8-10-7-7-6-6-7-9-7-8-9-8	5-6-6-9-5-6-5-5-8-5-5-8	5-5-5-5-9-8-6-8-5-8-6-9	8-8-9-8-9-8-6-5-8-8-7-4	8-4-8-9-5-8-8-8-8-8-9-8	8-8-8-9-7-5-8-8-7-6-7-9	8-8-6-6-8-7-6-8-7-6-7-8	6-9-7-8-8-4-10-8-7-5-7-0	0-0-8-8-7-9-4-8-6-8-8-4	8-7-5-8-5-8-8-6-8-5-0-7	9-7-8-3-10-8-0-6-3-7-8-9	4-8-3-4-9-7-8-0-3-3-2-7
107	8	7-10-7-10-6-8-8-6-7-7-7-7	5-9-9-7-5-9-5-9-7-7-5-7	6-7-5-5-7-7-9-7-5-7-9-7	7-7-7-7-7-7-9-5-9-6-9-4	7-4-7-7-7-9-9-7-9-7-7-7	7-7-7-10-8-5-7-7-8-8-2-7	7-7-9-10-7-8-9-7-8-8-7-7	6-7-7-9-7-5-9-7-5-8-7-0	8-0-7-7-8-7-0-7-6-7-7-7	7-7-10-7-9-7-7-4-7-0-0-7	9-7-7-8-9-7-0-0-8-7-7-8	5-7-2-8-9-7-7-0-3-6-9-7
107	9	10-8-7-7-6-10-10-7-10-9-7-10	10-8-8-7-10-8-10-8-7-9-8-10	10-10-5-5-7-7-8-9-5-7-8-7	7-9-7-7-7-7-10-7-8-5-8-10	7-4-7-7-9-8-10-7-8-4-7-7	7-7-7-7-9-5-8-7-9-9-2-7	10-5-8-4-5-9-8-8-9-8-7-7	9-7-7-8-7-4-8-7-7-3-7-0	9-9-7-8-7-7-4-5-6-9-8-7	10-7-9-10-8-7-8-6-10-4-9-7	7-9-8-3-8-10-10-4-9-7-3-9	4-10-10-4-9-7-7-5-8-6-8-8
107	10	10-8-10-8-10-9-9-10-9-7-7-9	9-8-10-7-10-10-9-10-10-10-9-9	10-10-10-9-9-10-10-6-5-10-9-10	9-10-10-10-10-10-9-10-9-10-10-9	7-10-10-10-10-10-9-10-10-10-7-10	10-5-10-9-10-10-9-10-10-10-10-10	9-10-10-10-10-10-9-10-10-10-9-7	10-9-8-9-10-5-7-7-1-5-7-10	9-10-10-9-1-10-10-7-9-8-8-10	5-10-8-4-10-7-10-10-9-10-2-10	8-6-9-9-7-9-9-6-10-10-10-10	5-9-9-6-8-10-10-10-10-10-6-10
108	0	0-0-0-0-0-0-0-0-0-0-0-0	0-0-0-0-0-0-0-0-0-0-0-0	0-0-0-0-0-0-0-0-0-0-0-0	0-0-0-0-0-0-0-0-0-0-0-0	0-0-0-0-0-0-0-0-0-0-0-0	0-0-0-0-0-0-0-0-0-0-0-0	0-0-0-0-0-0-0-0-0-0-0-0	0-0-0-0-0-0-0-0-0-0-0-0	0-0-0-0-0-0-0-0-0-0-0-0	0-0-0-0-0-0-0-0-0-0-0-0	0-0-0-0-0-0-0-0-0-0-0-0	0-0-0-0-0-0-0-0-0-0-0-0
108	1	1-1-1-1-1-1-1-1-1-1-1-1	1-2-0-1-0-1-1-2-2-1-0-0	1-2-2-0-0-2-2-2-0-0-2-0	2-3-2-0-0-2-0-2-0-0-0-1	0-1-2-0-2-0-2-1-2-1-0-0	0-1-0-0-1-2-1-1-0-0-0-1	1-0-0-2-1-1-0-0-0-1-0-1	1-0-0-0-1-1-0-0-1-1-1-0	2-2-0-0-0-0-1-0-0-1-0-0	8-1-0-2-0-0-0-0-1-1-0-1	0-0-1-0-3-8-0-1-3-0-0-1	1-0-1-1-1-1-1-1-0-0-1-0
108	2	2-2-2-2-2-1-2-2-2-1-2-2	3-1-0-2-0-2-3-3-1-3-3-1	1-4-1-4-3-1-3-3-0-3-3-3	3-1-1-3-3-3-0-7-2-0-2-1	2-1-1-0-1-2-3-3-1-0-0-2	3-1-3-0-2-4-3-2-0-0-0-4	2-4-4-1-3-1-0-3-0-2-3-3	0-2-3-3-3-1-0-8-2-2-0-0	1-1-3-3-4-0-1-3-1-2-3-0	2-3-0-3-3-4-3-0-3-2-3-4	3-4-0-0-1-2-2-1-1-3-2-1	1-3-2-1-2-2-3-1-3-2-2-4
108	3	4-4-2-2-2-3-3-3-3-3-3-4	2-5-5-2-3-4-2-4-4-2-2-3	1-2-2-3-2-2-4-2-4-2-4-2	2-1-4-2-2-2-4-2-4-4-4-1	2-1-1-4-3-2-4-2-4-3-0-2	2-2-4-0-3-2-4-2-3-3-5-3	2-2-3-1-2-3-4-2-0-6-2-4	3-2-2-2-2-1-5-4-2-3-7-0	3-3-3-2-3-0-0-2-2-3-2-4	2-2-3-2-2-3-4-7-2-4-2-2	2-2-7-4-1-3-3-1-1-2-4-3	3-2-1-1-3-3-2-1-2-2-5-2
108	4	4-4-4-4-4-4-4-3-4-4-4-8	5-3-3-4-4-5-4-3-5-5-5-5	4-5-7-2-3-5-3-5-5-6-3-4	5-4-5-5-2-1-5-4-3-3-3-6	2-8-1-3-5-3-5-4-3-4-4-4	0-1-3-4-5-8-3-2-3-0-3-2	4-2-2-5-4-4-3-5-4-2-4-3	4-2-6-3-2-6-5-3-2-4-4-5	3-5-5-2-2-4-4-2-5-4-3-3	5-4-4-3-3-2-3-3-5-5-4-2	6-2-1-3-4-6-7-5-5-2-3-4	3-2-4-4-5-4-2-4-6-5-6-2
108	5	5-3-5-8-5-4-6-7-5-4-5-5	4-3-3-6-7-4-4-6-4-4-4-4	4-4-4-2-6-4-6-4-4-7-8-6	6-4-4-7-7-6-4-7-5-6-6-1	7-4-7-5-4-6-6-6-5-8-8-6	6-1-3-4-4-5-6-6-3-3-3-7	7-7-3-4-6-1-4-6-5-7-5-6	3-6-8-6-6-4-3-8-5-4-6-4	8-4-4-7-5-6-4-6-4-5-5-3	6-6-3-6-6-5-6-6-4-4-7-5	4-5-6-0-8-6-4-4-7-5-6-8	8-6-5-6-4-6-5-4-7-4-3-5
108	6	5-6-5-8-7-6-6-6-6-5-6-4	4-7-6-5-5-6-4-7-4-6-4-5	5-4-4-2-5-8-7-7-4-5-7-5	5-4-7-5-5-5-4-5-7-8-5-4	5-1-1-6-4-5-7-5-7-6-5-5	5-7-7-4-6-5-5-5-7-6-7-3	4-2-7-6-5-8-7-5-6-6-5-5	6-5-4-5-5-4-7-5-5-4-5-4	7-4-5-5-3-5-4-5-4-5-5-5	5-5-6-5-5-5-5-5-5-4-5-5	4-5-8-8-5-5-4-4-5-5-5-6	6-5-4-5-4-5-2-4-4-2-7-6
108	7	8-8-5-5-6-8-8-8-8-7-5-8	4-6-6-5-5-8-4-6-8-7-8-6	8-8-4-5-5-7-6-6-8-5-6-7	5-5-7-5-5-5-8-5-6-6-5-1	5-4-5-7-7-6-8-5-6-7-5-5	8-6-8-4-4-5-6-5-6-6-6-8	8-7-6-4-8-6-6-8-7-6-5-6	7-5-4-6-5-8-8-5-7-4-3-7	7-4-7-5-5-7-4-5-4-7-5-3	5-5-6-6-7-5-5-3-7-4-5-5	4-5-7-0-8-7-4-4-5-5-7-7	1-5-7-5-4-7-7-4-5-4-3-5
108	8	8-7-8-5-8-7-7-8-7-7-7-4	4-6-8-5-8-7-7-8-8-8-7-8	8-8-8-8-8-8-7-7-7-8-8-8	7-8-8-8-8-8-7-8-6-8-8-4	5-4-8-8-8-8-7-8-8-8-5-5	7-8-8-8-8-4-6-8-8-8-8-8	7-8-8-8-7-8-7-8-8-8-5-7	8-7-5-7-8-7-7-5-5-7-7-7	4-7-8-5-2-8-8-5-8-6-5-5	1-8-6-8-8-5-8-6-7-8-4-8	4-8-6-6-5-7-4-4-4-7-8-8	8-5-7-1-6-8-8-4-8-8-2-8
109	0	0-0-0-0-0-0-0-0-0-0-0-0	0-0-0-0-0-0-0-0-0-0-0-0	0-0-0-0-0-0-0-0-0-0-0-0	0-0-0-0-0-0-0-0-0-0-0-0	0-0-0-0-0-0-0-0-0-0-0-0	0-0-0-0-0-0-0-0-0-0-0-0	0-0-0-0-0-0-0-0-0-0-0-0	0-0-0-0-0-0-0-0-0-0-0-0	0-0-0-0-0-0-0-0-0-0-0-0	0-0-0-0-0-0-0-0-0-0-0-0	0-0-0-0-0-0-0-0-0-0-0-0	0-0-0-0-0-0-0-0-0-0-0-0
109	1	1-1-1-1-1-1-1-1-1-1-1-1	0-0-1-1-0-0-0-2-0-1-2-2	0-1-0-1-5-2-2-0-0-2-2-2	2-0-0-2-4-2-0-1-1-0-1-0	1-0-1-4-2-1-2-2-1-1-0-2	5-0-2-1-1-2-2-4-1-1-0-1	0-3-1-0-2-0-1-2-1-1-3-2	3-1-4-2-3-0-1-7-1-0-0-0	0-0-2-3-3-0-0-3-2-1-1-1	0-3-1-3-0-3-0-1-2-0-0-3	0-3-0-1-0-1-0-0-0-1-2-1	0-2-1-0-3-1-2-0-1-0-1-3
109	2	2-2-2-2-2-2-2-2-2-1-2-3	1-3-2-1-0-2-0-3-3-1-1-1	3-2-0-1-1-1-3-4-3-3-3-1	1-2-3-1-1-1-0-2-3-2-3-0	2-0-4-1-3-1-3-1-3-2-1-1	3-5-5-0-2-1-3-1-2-2-6-1	5-1-3-7-1-2-4-1-2-1-0-1	2-3-3-1-1-3-3-4-1-4-5-2	2-0-1-1-4-0-4-1-3-2-2-2	0-1-2-2-1-4-1-2-1-3-0-1	0-1-2-3-0-0-0-0-0-1-1-1	0-1-1-3-0-1-1-0-1-0-4-2
109	3	3-3-2-4-2-4-3-2-3-3-4-4	3-2-2-1-0-2-4-2-4-3-5-4	2-3-6-4-3-1-4-4-5-2-2-3	4-5-5-1-1-4-4-1-2-2-2-0	1-5-1-3-5-2-4-4-3-3-4-7	2-1-2-3-5-4-2-1-1-2-1-1	4-1-2-4-4-3-2-4-3-1-5-2	2-1-5-2-1-4-2-1-3-3-5-4	5-7-4-4-1-0-5-1-3-3-1-6	5-5-5-4-4-1-0-2-5-5-5-1	5-1-5-2-5-5-5-5-5-1-4-5	4-1-4-3-5-5-1-5-5-6-1-1
109	4	4-4-5-4-4-3-4-4-3-4-3-3	3-5-4-1-2-3-3-5-3-4-3-3	2-3-3-3-1-2-5-6-3-3-5-3	3-3-5-3-1-3-5-1-5-4-5-0	1-3-2-1-4-5-5-3-4-4-5-1	5-5-2-6-3-3-5-1-4-4-2-5	3-5-4-3-3-4-2-3-4-4-4-4	4-1-1-2-1-3-5-2-3-2-3-3	4-0-3-3-3-3-3-5-5-6-4-5	3-1-4-5-3-2-0-7-3-3-3-1	3-4-3-5-3-3-3-3-3-1-3-1	3-1-3-5-3-3-1-3-3-3-2-1
109	5	6-4-7-7-4-4-6-5-5-6-5-6	6-4-4-6-6-6-6-6-3-4-3-6	7-6-3-6-6-1-6-6-6-6-4-6	6-3-4-6-6-6-4-6-4-2-6-0	6-3-2-6-3-6-6-6-4-5-7-6	7-6-6-6-3-3-6-7-4-5-2-4	2-4-4-2-3-5-2-6-4-1-6-4	3-6-3-6-6-3-7-6-6-3-6-3	3-0-6-6-6-4-3-6-2-4-6-4	3-3-5-4-6-7-0-2-3-3-3-6	3-5-3-4-3-3-3-3-3-6-4-3	3-6-5-6-3-3-6-3-3-3-7-1
109	6	5-7-5-5-5-7-7-7-7-6-5-7	5-4-4-5-6-5-5-5-7-4-5-7	3-5-3-5-5-5-5-5-5-5-5-5	7-6-6-5-5-5-7-5-5-4-5-7	5-3-6-5-6-5-7-5-6-6-5-5	7-5-5-7-6-3-5-6-6-6-2-7	7-5-2-3-3-6-3-5-6-1-5-4	6-5-1-5-5-7-4-5-5-4-5-3	6-6-5-5-6-3-6-5-3-4-5-3	3-5-6-4-5-5-0-2-7-5-6-5	3-6-3-2-4-3-3-3-3-5-6-6	4-5-5-5-5-1-5-3-5-3-5-1
109	7	7-6-5-5-7-6-6-7-6-6-5-6	6-4-7-5-7-7-5-5-6-7-5-6	7-7-7-6-7-7-5-6-7-7-6-7	6-7-7-7-7-7-6-7-7-7-7-6	5-3-7-7-7-7-6-7-7-7-5-5	7-7-6-6-7-3-6-7-7-7-7-6	6-7-7-7-7-7-7-7-7-7-7-7	7-7-7-6-7-7-5-5-5-3-6-3	7-6-7-7-5-7-7-3-7-7-5-7	5-3-7-7-7-5-7-4-6-7-6-7	3-5-4-6-3-3-3-3-3-7-7-7	7-6-6-0-1-7-7-3-7-7-5-1
110	0	0-0-0-0-0-0-0-0-0-0-0-0	0-0-0-0-0-0-0-0-0-0-0-0	0-0-0-0-0-0-0-0-0-0-0-0	0-0-0-0-0-0-0-0-0-0-0-0	0-0-0-0-0-0-0-0-0-0-0-0	0-0-0-0-0-0-0-0-0-0-0-0	0-0-0-0-0-0-0-0-0-0-0-0	0-0-0-0-0-0-0-0-0-0-0-0	0-0-0-0-0-0-0-0-0-0-0-0	0-0-0-0-0-0-0-0-0-0-0-0	0-0-0-0-0-0-0-0-0-0-0-0	0-0-0-0-0-0-0-0-0-0-0-0
110	1	1-2-1-2-1-1-1-0-1-1-1-1	1-0-0-1-0-2-1-0-0-1-2-0	3-2-2-0-0-2-2-2-0-1-3-0	2-3-2-1-1-2-0-1-0-2-2-0	0-1-1-2-2-0-2-1-0-0-1-1	0-3-0-1-0-1-0-0-0-0-0-2	1-0-0-1-0-0-0-2-0-1-0-0	1-0-0-0-0-2-0-0-2-1-0-0	1-2-2-0-0-0-1-0-0-0-1-0	0-0-1-0-0-1-0-0-2-2-1-0	0-0-2-1-1-1-2-1-0-1-0-1	1-2-3-1-0-1-1-1-1-1-1-1
110	2	3-1-2-1-2-2-2-4-2-2-2-2	3-0-0-3-0-1-3-3-3-3-1-3	1-1-1-2-3-1-3-1-3-3-2-3	3-1-1-3-3-3-3-3-3-1-3-2	4-1-7-1-1-2-3-3-1-2-3-3	3-3-3-2-0-3-3-3-0-0-0-4	3-4-0-1-3-0-2-3-0-4-2-3	0-4-6-3-4-1-7-5-4-1-2-0	2-1-1-4-4-3-1-4-1-2-4-2	3-2-1-3-3-4-3-4-3-1-0-2	6-4-1-0-7-2-1-2-6-2-3-2	0-3-2-1-3-2-3-1-2-2-2-4
110	3	3-3-3-3-3-3-3-3-3-2-3-4	2-5-4-2-0-1-2-2-4-3-1-4	4-1-1-2-2-2-4-4-4-2-4-4	2-1-3-2-2-2-4-2-2-5-2-2	3-1-5-3-3-2-4-2-3-3-2-2	2-1-2-3-5-2-2-2-3-3-5-3	2-2-5-5-2-3-5-2-4-3-2-5	3-2-2-2-2-4-6-4-3-3-1-3	2-1-2-2-0-2-0-2-3-3-2-3	2-0-3-2-2-2-2-3-2-4-7-2	3-3-4-6-4-2-1-3-0-2-2-2	6-2-1-1-2-3-2-1-3-6-3-2
110	4	5-3-5-5-4-4-4-5-5-4-4-7	5-3-3-2-3-5-4-3-5-5-6-5	5-5-6-2-4-5-3-5-5-2-3-5	5-5-1-5-2-5-5-1-3-3-3-5	2-7-1-4-5-3-5-5-4-4-2-7	0-5-3-4-6-6-3-3-3-3-0-2	4-2-3-3-5-4-3-5-3-2-5-5	5-2-5-3-2-5-3-2-2-4-4-5	5-5-5-2-2-5-5-7-5-4-2-5	5-5-1-6-5-2-5-2-5-5-5-2	5-2-5-5-5-5-5-5-5-2-2-4	3-2-4-3-5-5-2-5-5-5-2-2
110	5	5-5-6-6-3-4-5-5-4-6-5-6	4-3-3-6-6-6-6-6-4-4-6-4	4-4-4-6-6-7-6-6-4-6-6-6	4-4-4-6-6-6-4-6-6-3-6-4	6-4-3-6-4-6-6-6-4-6-6-6	7-4-6-6-3-4-5-5-5-5-3-5	4-2-3-3-4-4-3-7-5-6-6-3	4-6-4-5-6-4-3-6-6-4-6-4	4-4-4-6-6-4-4-6-3-4-6-4	4-4-1-0-4-6-4-3-4-4-4-5	4-6-4-4-4-4-4-4-4-5-2-4	3-6-4-6-4-4-2-4-4-4-6-2
110	6	5-6-5-5-6-7-5-5-7-5-5-5	5-3-3-5-5-7-4-5-5-6-5-5	3-4-4-5-5-6-5-5-5-5-6-5	5-4-6-5-5-5-7-5-5-6-5-4	5-4-5-5-6-5-5-5-6-6-5-5	7-0-5-5-6-4-6-5-6-6-0-6	7-2-0-6-7-6-3-5-6-5-5-5	6-5-2-5-5-7-3-5-7-4-5-4	6-4-6-5-5-4-6-5-3-2-5-4	6-5-6-4-5-5-5-6-7-4-6-4	2-6-5-3-2-6-4-4-2-2-6-6	3-7-6-6-5-6-2-4-5-4-5-2
110	7	7-6-4-5-7-6-6-7-6-5-5-4	5-7-7-5-7-6-4-7-7-7-5-5	7-7-7-2-7-5-5-6-6-7-7-7	7-7-7-7-7-7-6-7-7-7-7-4	7-4-7-7-7-7-6-7-7-7-5-5	7-7-7-5-7-4-7-7-7-7-7-7	6-7-7-7-6-7-7-7-7-2-4-7	7-6-7-7-7-6-2-5-6-4-5-6	4-6-7-7-5-7-7-4-7-7-5-0	6-4-7-7-7-5-7-6-7-7-7-7	4-2-4-4-4-6-4-4-4-6-7-7	7-6-1-0-2-7-0-4-7-7-6-2
111	0	0-0-0-0-0-0-0-0-0-0-0-0	0-0-0-0-0-0-0-0-0-0-0-0	0-0-0-0-0-0-0-0-0-0-0-0	0-0-0-0-0-0-0-0-0-0-0-0	0-0-0-0-0-0-0-0-0-0-0-0	0-0-0-0-0-0-0-0-0-0-0-0	0-0-0-0-0-0-0-0-0-0-0-0	0-0-0-0-0-0-0-0-0-0-0-0	0-0-0-0-0-0-0-0-0-0-0-0	0-0-0-0-0-0-0-0-0-0-0-0	0-0-0-0-0-0-0-0-0-0-0-0	0-0-0-0-0-0-0-0-0-0-0-0
111	1	1-1-1-1-1-1-1-1-1-1-1-1	0-2-1-0-0-1-0-1-1-1-0-1	1-0-0-0-2-0-2-0-0-2-2-2	2-2-2-0-2-0-0-0-2-2-2-1	0-0-0-0-0-2-0-0-2-0-0-0	4-0-0-0-0-0-2-0-1-1-4-0	4-4-1-0-0-1-0-2-1-0-4-4	3-1-0-0-1-0-3-1-0-1-0-0	1-0-0-0-0-0-4-2-2-0-1-0	0-0-0-0-2-3-0-1-0-0-0-1	2-1-3-0-1-0-0-0-2-0-0-1	0-1-1-0-0-1-0-0-0-1-4-3
111	2	2-2-4-2-2-1-2-2-3-2-2-3	3-1-1-3-3-1-3-2-3-3-3-3	2-3-4-4-3-4-3-2-3-3-3-3	3-1-1-3-3-3-3-5-1-1-3-2	3-0-3-3-5-1-3-3-2-1-3-3	2-3-3-2-2-4-3-3-1-2-0-3	3-3-1-5-3-0-2-3-4-4-5-3	1-3-4-3-5-4-1-3-3-3-2-1	3-0-3-3-4-2-1-1-1-3-3-3	1-3-2-1-3-8-3-7-3-0-3-4	1-2-0-4-0-3-2-7-1-3-3-2	3-3-3-5-1-3-3-0-0-1-3-4
111	3	2-3-2-3-4-3-2-3-2-2-2-2	2-4-4-2-2-4-2-4-2-2-2-2	2-2-2-2-2-2-4-5-2-5-4-4	2-3-3-2-2-2-2-2-4-5-4-2	2-0-2-2-4-4-4-2-3-3-2-2	2-2-5-2-3-2-4-2-3-3-3-2	2-2-4-6-2-3-4-2-3-3-2-2	5-4-4-2-2-2-6-2-2-5-6-4	3-0-2-2-3-3-3-2-4-2-2-4	0-2-3-6-2-5-2-6-2-3-8-2	7-3-1-6-7-2-0-0-4-2-2-3	2-2-2-3-0-7-2-0-6-0-6-6
111	4	3-3-2-4-3-3-2-2-4-2-2-2	5-3-3-2-2-3-2-3-2-4-2-5	7-5-6-2-5-5-5-4-3-5-3-5	5-5-4-6-2-2-3-2-3-3-3-2	2-5-2-5-5-3-5-5-3-4-2-5	5-5-3-5-5-2-3-2-3-3-1-2	4-2-3-4-5-4-5-5-2-2-1-3	3-3-2-3-2-5-5-2-2-6-5-7	6-5-5-2-2-4-1-5-3-5-2-3	5-6-3-0-6-2-3-3-5-5-5-2	6-2-1-2-1-6-5-6-7-4-3-2	4-2-5-3-6-4-3-7-5-7-1-2
111	5	5-5-2-4-6-5-5-5-4-5-2-2	4-6-6-2-4-3-2-6-4-4-4-4	4-4-4-4-6-4-6-7-6-3-6-6	4-4-4-7-2-4-2-2-6-6-6-2	2-4-2-4-5-6-6-4-6-5-2-4	4-4-3-4-4-2-6-5-5-5-1-5	6-2-6-5-4-5-6-4-5-5-8-6	5-3-2-3-2-4-7-2-2-6-4-4	4-4-6-3-5-5-7-6-6-6-2-5	4-2-5-6-6-3-2-5-4-4-4-2	4-3-6-6-8-4-4-4-4-4-6-6	7-2-4-3-0-7-2-4-4-5-2-5
111	6	2-5-2-8-5-5-8-6-8-6-8-8	4-5-5-2-2-8-7-7-7-7-7-7	7-7-4-6-7-7-7-7-7-7-5-7	4-4-6-7-7-7-7-7-7-5-7-2	2-4-8-7-4-5-7-7-5-8-2-2	5-7-7-7-6-8-7-6-5-5-3-6	5-2-3-3-5-6-5-7-5-8-7-5	5-7-7-7-7-5-8-6-8-5-7-4	8-0-5-7-6-6-4-5-5-5-7-5	4-7-6-5-7-6-3-3-4-4-7-6	4-6-5-5-1-4-4-4-0-7-5-6	0-7-2-3-7-7-7-4-4-4-3-3
111	7	8-8-2-7-5-8-8-8-8-8-7-8	6-5-5-6-7-7-6-6-8-6-6-8	4-6-4-6-6-6-6-7-6-6-6-6	8-6-7-6-6-6-8-2-6-5-6-8	5-4-2-6-7-6-8-6-7-7-6-2	8-6-6-6-7-8-6-2-7-7-7-8	8-2-3-7-7-7-7-6-7-5-6-6	7-6-6-6-6-5-8-6-6-5-6-4	6-7-6-6-6-6-5-6-5-5-6-5	4-6-7-7-6-6-3-3-8-4-6-6	4-7-5-7-3-8-4-4-4-6-7-6	5-6-7-6-6-5-6-4-4-4-3-3
111	8	8-7-8-6-8-7-7-8-7-7-6-7	7-8-8-2-8-8-6-6-8-8-6-7	8-8-8-8-8-8-8-7-8-8-7-8	7-8-8-6-8-8-7-8-6-8-8-7	8-4-8-8-8-8-7-8-8-6-6-2	8-8-8-7-8-8-7-8-8-8-8-7	7-8-8-8-5-8-8-8-8-6-5-8	8-8-8-7-8-8-6-6-6-5-7-8	6-7-8-6-6-8-8-4-8-5-6-8	4-4-8-5-8-2-3-6-7-8-3-8	4-6-5-8-5-8-4-4-0-6-8-8	8-7-8-3-8-8-8-8-8-8-2-8
112	0	0-0-0-0-0-0-0-0-0-0-0-0	0-0-0-0-0-0-0-0-0-0-0-0	0-0-0-0-0-0-0-0-0-0-0-0	0-0-0-0-0-0-0-0-0-0-0-0	0-0-0-0-0-0-0-0-0-0-0-0	0-0-0-0-0-0-0-0-0-0-0-0	0-0-0-0-0-0-0-0-0-0-0-0	0-0-0-0-0-0-0-0-0-0-0-0	0-0-0-0-0-0-0-0-0-0-0-0	0-0-0-0-0-0-0-0-0-0-0-0	0-0-0-0-0-0-0-0-0-0-0-0	0-0-0-0-0-0-0-0-0-0-0-0
112	1	1-1-1-1-2-1-1-1-1-1-1-1	1-1-0-1-0-2-1-2-2-2-2-2	2-2-2-0-1-2-2-2-0-0-2-2	2-2-2-2-1-2-1-2-0-0-2-2	0-2-2-2-2-0-2-2-2-1-0-1	1-0-0-1-1-2-0-0-0-0-0-2	4-0-0-2-2-0-0-2-0-1-2-2	2-0-3-2-1-2-0-0-4-2-2-2	2-2-2-0-0-1-2-2-0-1-2-2	3-1-6-2-2-1-0-1-2-2-0-0	0-0-4-2-4-2-2-3-3-1-0-4	1-0-1-1-2-1-0-2-1-1-1-0
112	2	1-1-1-1-1-1-1-1-1-1-1-1	2-1-0-3-0-1-1-1-1-1-1-4	1-3-1-4-3-1-1-1-3-3-1-1	3-1-1-4-3-3-4-1-3-1-3-1	5-1-1-1-1-2-3-3-1-5-4-1	2-3-3-2-2-1-3-3-0-2-0-4	2-4-0-1-3-2-3-1-1-3-1-1	1-5-6-3-2-1-2-7-2-1-1-1	1-1-3-3-4-1-1-1-1-2-1-2	1-3-1-1-1-4-3-2-3-1-0-2	2-0-2-1-1-2-1-1-1-3-3-2	0-3-2-3-1-2-2-1-2-2-2-4
112	3	3-7-4-4-3-3-4-3-4-3-4-4	4-4-4-2-5-4-1-3-3-4-1-4	3-2-1-3-2-4-4-6-4-6-4-4	2-1-1-2-2-2-0-3-5-5-4-1	2-1-4-3-4-4-4-2-4-4-5-2	3-7-4-3-5-1-4-2-4-5-6-3	2-2-4-1-2-3-5-2-3-4-1-4	4-2-1-2-3-1-6-4-2-5-3-4	3-1-2-2-5-6-1-4-5-3-4-3	1-3-0-7-4-2-2-3-2-1-0-4	3-7-7-6-7-4-3-1-1-2-4-1	3-2-3-2-1-3-2-1-6-3-3-6
112	4	3-3-3-5-3-3-3-3-3-3-3-3	3-3-3-2-3-3-1-3-3-3-5-5	3-5-5-2-3-3-3-5-3-3-3-3	5-5-4-5-2-5-7-4-3-3-3-1	2-1-3-6-5-3-5-5-3-3-2-7	6-2-3-4-3-2-3-5-3-3-0-2	1-2-3-1-3-5-5-0-0-3-5-3	2-2-5-2-3-5-3-3-5-3-5-5	5-5-3-2-2-4-5-5-7-4-3-3	5-5-0-3-3-2-3-3-5-5-5-2	5-3-5-7-5-5-5-5-5-2-3-1	5-3-4-5-5-5-2-5-5-6-1-2
112	5	6-5-5-6-5-5-3-5-5-5-5-5	3-3-3-6-6-3-4-6-6-3-4-4	2-6-6-6-6-4-6-3-4-3-3-3	4-4-3-4-6-6-4-6-6-3-6-1	6-1-7-4-4-6-6-6-3-5-3-6	6-3-6-5-3-1-6-6-3-3-0-5	7-5-3-1-3-5-3-6-0-5-6-6	0-6-4-6-6-1-7-6-4-3-6-4	4-4-4-6-3-3-4-4-3-6-6-3	4-4-1-0-6-6-6-3-4-4-4-5	4-5-4-3-4-4-4-4-4-5-5-5	4-5-5-4-4-4-5-4-4-5-6-3
112	6	5-7-5-5-6-7-7-5-7-3-5-5	3-3-3-5-5-7-7-5-5-3-7-7	6-5-5-5-5-6-5-3-7-3-6-6	5-4-6-4-5-5-7-5-5-3-5-4	5-1-5-4-6-5-5-5-6-6-5-5	7-3-5-7-3-3-5-5-3-3-3-6	7-2-3-7-7-6-3-5-6-3-5-5	6-5-2-5-5-1-3-5-7-3-5-4	6-4-6-5-2-3-6-4-4-5-5-3	5-5-6-3-5-5-5-3-7-4-4-2	5-3-3-3-3-7-4-6-5-5-3-6	1-5-3-6-4-3-2-4-5-5-5-3
112	7	7-6-5-5-7-6-6-7-6-3-5-7	3-7-7-5-7-6-6-7-7-7-6-7	7-7-7-2-7-7-6-6-6-7-3-7	7-7-7-7-7-7-6-7-7-3-7-4	5-1-5-7-7-7-6-7-7-7-5-4	6-3-6-6-7-1-7-7-7-7-7-7	6-7-7-7-6-7-3-5-7-7-6-7	7-7-2-3-7-6-5-2-6-1-3-7	6-7-6-6-2-7-4-6-4-3-5-0	6-4-7-7-7-2-7-6-7-7-7-7	4-3-3-4-3-6-4-4-7-6-7-7	7-6-3-7-4-7-7-4-7-7-3-3
113	0	0-0-0-0-0-0-0-0-0-0-0-0	0-0-0-0-0-0-0-0-0-0-0-0	0-0-0-0-0-0-0-0-0-0-0-0	0-0-0-0-0-0-0-0-0-0-0-0	0-0-0-0-0-0-0-0-0-0-0-0	0-0-0-0-0-0-0-0-0-0-0-0	0-0-0-0-0-0-0-0-0-0-0-0	0-0-0-0-0-0-0-0-0-0-0-0	0-0-0-0-0-0-0-0-0-0-0-0	0-0-0-0-0-0-0-0-0-0-0-0	0-0-0-0-0-0-0-0-0-0-0-0	0-0-0-0-0-0-0-0-0-0-0-0
113	1	1-1-1-2-1-1-1-2-1-1-2-2	2-2-1-0-2-2-2-2-2-1-2-2	1-2-1-2-2-2-2-2-2-2-1-2	2-0-2-2-1-0-2-3-2-2-1-2	2-2-1-2-4-1-2-1-1-2-3-1	3-2-2-0-4-2-1-2-2-1-4-2	1-1-2-1-2-1-0-2-1-1-4-1	1-1-1-1-1-3-2-2-1-1-2-1	1-1-2-1-2-6-2-1-2-2-1-1	1-1-2-2-1-3-2-2-1-7-2-1	1-2-3-2-2-1-1-1-4-1-2-1	2-1-1-1-1-1-1-1-4-1-1-1
113	2	1-1-1-1-1-1-1-1-1-1-1-1	1-1-1-3-1-1-3-1-1-1-3-1	1-3-5-1-1-1-3-1-1-3-1-3	3-0-1-3-3-3-1-3-1-1-3-5	1-1-3-3-0-3-3-3-1-1-3-3	1-1-3-5-2-3-3-3-1-2-1-1	2-1-1-0-3-2-3-3-1-1-2-3	1-2-2-3-3-1-1-7-2-1-1-0	0-0-1-3-4-1-1-3-1-1-3-1	3-0-1-1-3-1-3-1-3-0-1-3	4-1-1-1-1-1-1-0-0-2-1-1	1-3-1-1-1-3-3-0-6-2-2-2
113	3	1-1-1-1-1-1-1-1-1-1-1-2	2-4-3-2-1-1-2-2-1-1-2-4	1-2-1-2-4-1-2-5-1-2-5-2	2-4-2-2-2-2-1-1-4-5-4-1	2-1-2-2-4-2-2-2-4-1-2-2	1-3-5-2-3-2-4-2-3-3-5-3	6-2-4-3-2-3-5-2-1-5-2-2	1-2-2-2-2-1-5-1-2-3-1-0	1-0-1-2-3-1-1-4-5-3-2-2	2-1-1-4-2-1-2-5-2-0-7-2	2-1-1-4-3-4-4-4-0-2-1-1	1-2-2-3-1-2-2-1-0-3-5-1
113	4	5-5-6-4-1-5-5-5-5-5-5-5	5-3-3-2-6-5-5-4-5-5-5-5	4-5-6-5-4-4-4-4-5-3-4-4	5-4-5-4-2-3-5-4-3-4-3-4	4-6-4-4-5-3-5-4-3-4-4-4	4-5-3-4-5-5-3-6-1-1-1-4	5-2-4-5-5-4-5-5-1-4-1-3	5-2-5-2-2-5-3-3-5-5-5-5	5-5-5-3-5-4-5-3-3-4-2-1	4-1-1-3-5-2-5-4-5-5-5-2	5-5-5-7-5-5-5-5-6-1-3-4	5-2-4-6-5-1-5-5-1-5-1-2
113	5	4-4-5-7-1-4-4-4-4-4-4-4	4-3-3-5-4-4-4-6-4-4-4-4	5-6-4-6-6-5-6-6-4-6-3-6	6-4-4-6-6-6-4-6-6-3-6-2	6-4-2-6-4-6-6-6-5-5-7-6	1-4-3-2-4-4-5-6-3-5-3-3	4-1-5-4-4-5-4-4-3-5-6-7	4-6-7-5-6-4-3-6-7-4-6-4	4-4-4-6-7-1-4-6-3-1-6-2	4-6-1-6-6-6-4-3-4-4-4-5	6-5-4-4-4-4-4-4-4-6-1-5	4-6-6-4-4-0-5-4-0-4-3-5
113	6	5-4-5-5-6-4-4-4-4-4-4-7	4-3-4-5-4-4-4-5-4-4-4-5	4-5-4-5-5-6-5-5-4-5-6-5	5-6-6-5-5-5-4-5-5-3-5-7	5-4-7-5-6-5-7-5-6-6-4-5	7-6-7-4-4-4-5-5-6-6-3-6	7-5-1-7-7-6-6-5-6-5-5-6	6-5-5-7-5-7-3-5-5-4-5-4	6-4-4-5-6-1-4-5-3-4-5-1	4-5-6-7-5-5-4-3-7-1-4-5	5-5-4-6-3-4-4-6-4-5-1-6	4-5-1-4-4-1-6-4-2-5-5-5
113	7	7-6-5-5-7-7-4-7-4-4-4-6	6-7-7-5-7-7-5-5-4-7-4-5	7-7-7-5-7-5-6-6-4-7-5-7	6-7-7-7-7-7-6-7-5-7-5-6	5-4-7-7-6-7-6-7-7-7-5-7	6-7-6-5-7-4-7-7-7-7-7-7	6-7-7-7-6-7-7-7-7-5-6-6	7-7-5-6-5-6-6-5-5-4-4-4	4-4-4-6-5-7-7-6-7-1-5-1	5-0-7-7-7-2-7-4-6-1-3-7	5-1-7-1-4-6-4-5-4-6-7-7	4-1-7-3-1-7-7-4-7-7-2-1
114	0	0-0-0-0-0-0-0-0-0-0-0-0	0-0-0-0-0-0-0-0-0-0-0-0	0-0-0-0-0-0-0-0-0-0-0-0	0-0-0-0-0-0-0-0-0-0-0-0	0-0-0-0-0-0-0-0-0-0-0-0	0-0-0-0-0-0-0-0-0-0-0-0	0-0-0-0-0-0-0-0-0-0-0-0	0-0-0-0-0-0-0-0-0-0-0-0	0-0-0-0-0-0-0-0-0-0-0-0	0-0-0-0-0-0-0-0-0-0-0-0	0-0-0-0-0-0-0-0-0-0-0-0	0-0-0-0-0-0-0-0-0-0-0-0
114	1	1-1-1-1-1-1-1-0-1-1-1-1	2-0-0-4-0-0-0-2-0-1-2-0	4-2-0-0-2-0-2-3-0-2-2-2	2-0-0-3-3-3-0-4-1-0-2-4	3-0-3-0-0-1-2-2-1-1-0-2	2-3-2-0-0-3-2-2-1-1-0-3	0-5-1-0-2-0-0-2-1-1-2-2	1-1-1-2-2-0-1-7-1-0-0-0	0-0-2-2-4-1-0-2-0-1-1-4	0-3-0-0-2-1-2-1-2-0-0-4	0-1-0-0-0-1-0-0-0-1-2-2	0-2-1-3-0-0-2-0-0-0-1-1
114	2	2-2-2-2-2-2-2-2-2-2-2-2	1-3-2-1-0-2-0-3-1-2-1-3	1-1-0-2-1-3-3-4-0-3-3-1	1-2-2-6-1-1-4-1-3-2-3-0	1-0-1-2-1-3-3-1-2-2-5-1	1-1-3-0-2-1-3-1-2-2-6-1	4-1-2-2-1-2-3-3-2-2-1-1	2-1-1-3-1-0-5-0-2-2-0-0	2-0-1-1-2-1-2-1-3-2-1-3	0-1-0-2-3-2-3-2-3-2-3-1	3-4-0-2-6-3-0-0-0-1-1-3	3-3-1-1-3-3-3-0-2-2-2-1
114	3	3-3-2-3-4-3-3-2-3-3-3-4	1-4-4-1-0-3-0-2-4-4-1-4	2-3-0-3-1-5-4-5-4-4-4-4	1-4-4-1-1-1-4-1-4-3-2-0	1-0-1-4-1-2-4-2-4-1-5-1	1-1-2-0-4-1-4-1-3-3-4-1	4-1-3-2-4-0-4-4-3-3-4-5	3-1-1-2-1-0-5-5-5-4-4-0	2-0-4-1-3-4-3-5-2-3-2-2	6-1-3-4-4-4-2-2-2-2-4-1	2-1-7-2-2-2-0-7-0-1-6-2	4-2-1-1-2-2-2-0-0-1-3-1
114	4	4-4-4-4-3-3-3-3-4-4-4-7	4-3-3-1-0-3-4-3-5-3-5-3	4-5-5-5-1-4-3-5-5-5-3-3	5-5-5-5-6-1-5-1-3-5-3-1	1-6-7-3-5-2-5-5-3-4-5-4	1-5-3-1-3-1-5-1-3-3-3-5	2-1-3-4-3-6-3-3-2-4-3-3	3-2-1-2-1-5-7-1-4-5-4-0	4-6-3-3-1-3-4-7-7-4-4-1	4-1-4-3-3-3-3-2-5-5-3-1	4-2-4-4-7-5-0-6-4-4-3-4	3-3-4-4-4-4-4-4-4-4-1-1
114	5	5-3-5-7-3-4-5-5-5-5-7-6	5-3-3-5-0-3-4-6-4-3-7-6	5-6-4-4-6-6-6-6-4-6-6-5	6-4-4-6-6-6-4-1-3-4-6-5	6-4-5-3-4-5-6-4-3-5-6-6	5-4-6-5-3-4-6-6-3-5-2-4	2-1-5-4-4-5-3-6-5-5-6-3	5-6-6-6-6-4-2-6-4-4-6-0	7-0-6-6-6-3-4-3-0-6-6-2	7-5-4-6-6-6-6-2-4-4-6-1	6-2-5-2-6-4-6-0-6-5-5-5	3-5-4-4-6-6-6-0-6-0-6-5
114	6	5-7-5-5-3-7-7-7-7-6-5-7	5-2-3-5-6-6-7-5-7-3-5-7	5-5-5-7-5-5-5-5-4-5-7-5	5-6-6-5-5-5-7-5-5-4-5-7	5-4-4-5-6-5-7-5-6-6-5-5	7-6-5-5-6-7-5-5-3-6-2-5	7-1-6-4-5-4-5-5-6-5-5-5	6-5-4-5-5-4-3-5-4-4-5-6	6-6-5-5-5-5-6-5-3-5-5-1	3-5-4-5-5-5-5-6-7-4-5-1	5-6-5-2-2-4-6-4-4-7-3-6	4-5-5-4-5-5-5-0-5-4-5-5
114	7	7-6-5-5-7-6-6-7-6-5-5-4	5-7-7-5-7-7-6-7-7-7-5-6	7-7-7-6-7-7-7-6-4-7-6-7	7-7-7-7-7-7-6-7-7-7-7-6	5-6-7-7-7-7-6-7-7-7-5-7	6-7-7-6-7-6-7-7-7-7-7-7	6-7-7-7-7-7-7-7-7-7-7-5	7-7-7-7-7-7-4-5-5-4-5-7	6-7-7-7-1-7-7-4-7-3-5-7	5-5-7-7-7-5-7-7-6-7-3-7	5-7-3-6-4-4-6-3-7-6-7-7	7-6-5-7-5-7-7-7-7-7-5-7
115	0	0-0-0-0-0-0-0-0-0-0-0-0	0-0-0-0-0-0-0-0-0-0-0-0	0-0-0-0-0-0-0-0-0-0-0-0	0-0-0-0-0-0-0-0-0-0-0-0	0-0-0-0-0-0-0-0-0-0-0-0	0-0-0-0-0-0-0-0-0-0-0-0	0-0-0-0-0-0-0-0-0-0-0-0	0-0-0-0-0-0-0-0-0-0-0-0	0-0-0-0-0-0-0-0-0-0-0-0	0-0-0-0-0-0-0-0-0-0-0-0	0-0-0-0-0-0-0-0-0-0-0-0	0-0-0-0-0-0-0-0-0-0-0-0
115	1	1-1-1-1-1-1-1-1-1-1-1-1	2-0-0-1-0-1-0-2-0-1-0-0	0-3-0-4-2-2-2-0-0-2-0-1	2-0-0-2-2-2-0-3-1-0-1-1	1-0-1-0-0-1-2-2-1-0-0-2	2-3-2-0-0-3-2-3-1-1-3-2	2-3-3-0-2-1-0-2-1-1-2-2	1-1-1-2-2-1-0-6-1-0-0-0	1-0-2-2-3-2-0-2-0-1-1-1	0-2-0-0-2-1-2-3-2-2-2-3	2-1-0-0-3-2-0-1-1-2-2-1	0-1-1-2-2-1-2-0-1-1-1-1
115	2	2-2-1-2-2-2-2-2-2-2-2-3	1-3-2-1-0-3-0-3-3-2-0-3	2-1-0-1-1-1-3-4-3-1-3-4	1-2-3-1-1-1-2-2-3-4-3-2	2-0-4-1-1-1-3-1-2-2-0-1	1-1-4-0-2-1-3-2-2-2-4-1	1-1-2-6-1-2-3-1-2-2-1-1	2-4-1-3-1-3-4-4-1-2-0-2	2-0-1-1-4-1-2-1-5-2-1-2	3-1-3-3-1-2-1-4-1-3-1-1	1-1-6-2-2-1-0-3-1-1-1-4	2-1-1-3-1-1-1-2-1-1-1-1
115	3	4-2-3-2-2-3-3-3-3-3-2-2	3-2-2-3-4-2-3-4-4-2-4-4	4-4-5-4-4-3-2-4-4-2-2-3	4-4-2-4-1-4-5-1-2-2-2-3	1-6-2-4-4-2-4-4-3-3-4-3	2-4-2-3-5-1-4-1-2-2-1-4	1-1-1-3-4-3-2-0-1-1-4-2	2-1-4-2-1-4-3-1-1-3-4-4	4-4-4-4-1-4-4-1-6-3-2-2	4-6-2-2-4-1-2-1-4-4-4-1	4-1-4-4-4-4-4-4-4-2-1-3	5-1-3-2-4-1-1-4-1-5-1-1
115	4	3-2-4-6-2-4-4-4-5-4-3-3	4-2-2-5-4-4-3-5-3-4-5-3	3-3-3-3-5-4-5-5-3-5-5-5	5-3-4-5-5-5-3-1-5-2-5-3	5-3-2-3-3-5-5-3-3-4-5-5	5-3-5-4-3-4-5-5-4-4-2-4	2-5-2-3-3-4-5-6-4-4-5-2	3-5-5-5-5-3-6-5-4-3-5-3	3-3-3-5-6-3-3-5-2-3-5-3	3-5-0-3-5-5-5-2-3-3-3-1	3-1-3-3-3-3-3-3-3-5-4-2	6-5-4-2-3-4-4-3-3-3-4-5
115	5	5-6-4-4-5-6-4-5-6-5-6-6	5-2-2-4-4-6-3-4-6-5-4-6	2-4-3-4-4-4-4-4-6-4-4-4	4-5-5-4-4-4-6-1-4-2-4-3	4-3-6-3-5-4-4-5-5-5-4-4	4-5-4-6-3-4-4-4-5-5-2-5	6-4-2-5-6-5-4-0-5-2-4-6	5-4-4-4-4-5-6-4-4-3-4-3	5-3-5-4-4-5-5-4-2-3-4-4	3-4-5-4-4-4-4-2-6-5-3-1	4-1-5-2-2-6-3-5-3-4-5-5	5-5-5-5-4-5-4-5-4-3-4-4
115	6	6-5-4-4-6-6-5-6-5-3-5-5	4-6-6-3-6-6-3-6-5-6-4-5	6-6-6-5-6-5-5-5-5-6-6-6	5-6-6-6-6-6-5-6-5-6-6-3	4-3-6-6-5-6-5-6-6-4-4-4	4-6-5-5-6-6-6-6-6-6-6-6	5-6-6-6-5-6-6-6-6-6-5-6	6-6-1-5-6-5-5-1-4-3-5-6	3-6-6-6-4-6-6-5-6-2-4-4	5-3-6-6-1-1-6-6-6-6-3-6	3-1-2-3-2-5-3-3-3-5-6-6	6-5-5-2-4-6-6-3-6-6-2-6
116	0	0-0-0-0-0-0-0-0-0-0-0-0	0-0-0-0-0-0-0-0-0-0-0-0	0-0-0-0-0-0-0-0-0-0-0-0	0-0-0-0-0-0-0-0-0-0-0-0	0-0-0-0-0-0-0-0-0-0-0-0	0-0-0-0-0-0-0-0-0-0-0-0	0-0-0-0-0-0-0-0-0-0-0-0	0-0-0-0-0-0-0-0-0-0-0-0	0-0-0-0-0-0-0-0-0-0-0-0	0-0-0-0-0-0-0-0-0-0-0-0	0-0-0-0-0-0-0-0-0-0-0-0	0-0-0-0-0-0-0-0-0-0-0-0
116	1	1-1-1-1-1-1-1-1-1-1-0-1	1-0-0-1-0-1-0-0-0-1-0-0	0-3-0-3-2-2-0-0-0-3-2-2	2-0-0-3-2-2-0-5-2-1-1-0	1-0-1-2-2-1-2-2-1-1-0-2	2-3-2-0-0-2-2-1-1-1-0-0	2-3-3-0-2-1-1-2-1-1-3-2	1-1-2-2-7-2-1-7-1-0-0-0	1-0-2-2-3-0-0-2-0-1-3-1	0-2-1-2-2-3-0-3-2-0-0-3	3-1-0-3-2-1-1-1-1-2-1-0	0-1-1-2-1-1-2-0-1-1-1-1
116	2	2-3-2-3-2-2-2-2-2-2-2-3	1-3-3-1-0-3-0-3-3-3-3-3	1-1-0-1-1-1-3-0-3-3-3-1	1-2-3-1-1-1-3-2-1-3-3-0	3-0-1-1-1-1-3-1-3-2-0-1	1-6-4-0-2-1-3-6-2-2-6-2	1-1-2-3-1-2-5-1-2-4-0-1	2-3-3-1-3-3-5-4-2-4-5-2	3-0-1-1-4-2-2-1-3-2-1-2	3-1-2-5-1-1-6-6-1-3-3-1	3-1-0-5-1-0-2-2-3-1-1-2	2-1-1-3-2-2-1-2-1-1-4-1
116	3	4-2-4-2-3-3-3-2-3-3-4-4	3-2-2-4-4-4-4-5-4-2-4-4	4-4-4-4-3-1-4-5-2-4-2-4	4-5-2-1-1-4-4-1-2-2-2-6	2-7-3-3-5-2-4-4-2-3-4-4	1-1-1-3-5-1-2-1-1-2-1-4	7-1-2-2-4-3-2-4-1-2-5-1	2-2-2-2-2-4-1-2-4-3-3-4	5-5-4-4-1-4-5-4-6-3-1-2	5-5-0-4-5-1-4-1-4-5-5-1	5-1-3-1-1-5-5-5-5-4-1-3	4-1-3-2-5-1-1-6-4-4-1-1
116	4	4-4-3-4-4-4-4-4-3-3-3-3	3-5-5-3-3-3-3-3-3-4-3-3	3-3-6-3-3-5-5-3-3-3-5-3	3-3-5-4-1-3-3-1-5-5-5-3	1-3-6-3-3-5-5-3-4-6-3-3	5-5-2-4-3-1-5-1-4-4-2-5	5-5-5-4-3-4-2-3-4-2-4-6	4-4-1-2-4-3-5-2-3-4-3-3	2-3-3-3-2-5-2-3-2-3-4-5	3-1-2-3-3-1-3-4-3-3-3-1	3-4-7-2-1-3-3-3-3-1-5-3	3-1-3-4-3-3-1-0-3-3-4-1
116	5	6-4-6-6-4-4-6-5-5-5-5-4	5-4-4-7-6-6-6-6-4-4-6-3	3-6-4-6-6-4-6-6-4-6-4-6	6-3-4-6-6-6-6-6-4-4-6-3	6-3-6-6-3-6-6-6-5-5-4-6	4-4-6-6-3-3-6-7-4-2-2-4	4-4-4-2-3-5-2-4-5-4-6-4	4-6-7-6-6-3-7-6-5-3-6-3	3-3-3-6-6-4-3-4-2-3-6-4	3-3-2-2-6-7-0-2-7-3-3-6	3-6-3-2-3-3-3-3-3-5-5-5	3-6-5-6-3-2-5-3-2-3-6-1
116	6	5-7-5-5-6-7-5-5-7-6-5-7	6-4-4-5-5-7-5-5-7-4-7-7	3-7-4-5-5-6-5-5-7-5-5-5	5-6-6-5-5-5-7-5-5-4-5-3	5-3-5-5-6-5-7-5-6-6-3-5	7-4-5-7-6-7-5-2-6-6-2-6	7-1-2-4-7-6-2-5-6-4-5-4	6-5-5-5-5-4-2-5-5-3-5-3	6-3-3-5-6-6-6-6-3-4-5-4	6-3-6-2-5-1-7-2-7-6-6-5	5-5-3-2-7-7-3-3-2-7-6-6	4-5-5-6-5-2-6-3-5-3-5-1
116	7	7-6-5-5-7-7-6-7-6-3-5-6	6-4-7-5-7-7-5-5-6-7-6-6	7-7-7-6-7-7-6-6-6-7-7-7	6-7-7-7-7-7-6-7-5-7-7-3	5-3-7-7-6-7-6-7-7-7-5-5	6-7-6-6-7-6-7-7-7-7-2-7	3-7-7-7-6-7-7-7-7-7-5-7	7-7-7-6-7-6-5-5-5-3-6-5	6-3-7-6-1-7-2-6-7-5-5-2	6-3-7-7-7-5-7-2-6-7-3-7	3-5-4-7-6-6-3-3-3-6-7-7	7-6-7-2-5-7-7-3-7-7-5-1
117	0	0-0-0-0-0-0-0-0-0-0-0-0	0-0-0-0-0-0-0-0-0-0-0-0	0-0-0-0-0-0-0-0-0-0-0-0	0-0-0-0-0-0-0-0-0-0-0-0	0-0-0-0-0-0-0-0-0-0-0-0	0-0-0-0-0-0-0-0-0-0-0-0	0-0-0-0-0-0-0-0-0-0-0-0	0-0-0-0-0-0-0-0-0-0-0-0	0-0-0-0-0-0-0-0-0-0-0-0	0-0-0-0-0-0-0-0-0-0-0-0	0-0-0-0-0-0-0-0-0-0-0-0	0-0-0-0-0-0-0-0-0-0-0-0
117	1	1-1-2-1-1-1-1-1-1-1-1-1	1-0-0-1-0-1-1-1-2-2-2-3	1-2-2-1-1-1-2-2-0-0-3-1	2-2-2-2-1-2-0-1-0-0-2-1	0-2-1-4-2-0-2-2-0-1-0-1	1-2-0-2-0-2-0-0-3-0-0-2	0-0-1-1-2-1-0-2-0-0-3-0	2-0-3-0-0-2-1-0-0-2-2-2	2-3-2-2-2-1-2-2-2-1-2-0	2-6-1-2-0-0-0-0-1-3-3-2	2-0-2-2-3-3-3-3-3-1-2-1	6-1-1-0-3-0-0-3-3-4-1-1
117	2	1-1-1-1-1-2-1-1-1-1-1-1	3-1-0-3-0-1-1-4-1-1-3-1	3-4-1-1-3-1-3-4-3-3-2-3	3-1-1-3-4-3-1-4-3-1-1-1	4-1-2-1-1-3-3-3-0-2-4-1	2-1-3-1-1-1-3-3-4-0-0-3	3-4-0-0-3-0-2-3-0-2-1-3	1-4-4-3-4-1-2-4-2-1-1-1	3-1-3-3-4-2-1-3-1-3-4-2	1-3-0-3-3-3-0-4-3-1-1-4	1-4-1-1-1-2-1-1-1-3-3-1	1-3-2-3-1-4-3-1-2-2-1-2
117	3	2-3-3-3-3-3-3-3-1-1-3-1	2-4-4-2-0-2-1-3-2-1-2-1	4-2-1-2-2-3-4-3-4-2-4-2	2-3-3-2-2-2-1-2-4-4-4-1	2-1-5-3-1-2-4-2-4-3-2-1	2-5-4-1-3-1-4-2-1-3-7-2	2-2-4-1-2-3-4-2-0-3-1-2	1-2-1-2-2-1-6-4-2-1-1-1	2-1-2-2-3-3-1-2-1-2-2-3	1-2-0-2-2-2-1-0-2-1-1-2	1-2-8-3-1-1-1-1-1-2-2-0	1-2-1-2-1-2-2-1-1-6-3-7
117	4	6-3-5-5-4-4-4-5-4-4-4-5	4-3-3-5-0-5-5-2-1-4-5-6	3-5-7-2-4-2-3-5-3-2-3-4	5-4-3-5-2-5-5-2-3-3-3-6	2-8-8-5-6-3-3-4-3-3-2-1	2-4-3-4-4-2-3-0-2-0-0-4	2-2-3-1-5-4-3-5-0-2-6-3	1-2-6-2-2-5-3-3-2-4-4-7	6-6-6-2-2-4-6-5-3-4-2-4	6-8-0-5-2-2-0-2-5-5-6-2	6-2-6-5-1-6-6-6-6-2-4-4	1-3-4-6-1-2-2-5-6-1-1-2
117	5	6-6-6-4-6-6-6-7-6-6-6-8	6-6-5-4-7-6-4-6-6-6-4-6	5-5-6-6-6-6-6-7-6-5-6-6	6-4-6-7-5-6-6-7-6-6-6-4	7-7-3-7-4-5-6-5-6-6-7-6	6-6-6-6-4-6-6-6-6-5-3-5	8-6-5-5-4-6-6-6-6-7-5-6	5-2-2-5-5-6-5-6-2-5-4-4	5-4-8-5-7-7-6-6-6-7-2-6	5-4-5-5-6-2-7-5-5-6-4-2	8-8-5-7-8-8-4-4-4-5-6-4	8-8-7-5-7-7-7-7-5-6-5-8
117	6	5-5-8-8-5-5-5-5-5-5-5-5	5-5-5-7-5-5-8-7-5-5-4-5	7-7-5-5-7-5-7-5-5-7-5-5	5-4-5-5-7-7-5-6-5-5-7-4	7-4-7-5-4-7-7-7-5-5-5-7	5-5-7-6-4-5-7-5-5-5-0-7	7-5-5-3-5-5-5-7-5-3-7-5	5-6-4-7-7-5-8-8-8-4-7-4	4-4-5-7-8-5-4-7-5-5-7-5	7-7-6-3-7-5-5-0-6-5-4-6	7-5-5-5-1-4-4-4-4-7-5-6	1-6-6-4-1-5-6-4-4-7-7-5
117	7	6-8-6-6-5-5-5-5-5-5-5-5	5-5-5-6-5-5-6-6-5-5-8-5	5-6-4-5-6-5-6-5-5-6-7-6	6-7-7-5-6-6-8-5-5-5-6-4	6-5-6-5-4-6-6-6-7-5-5-6	5-5-6-6-4-5-6-5-7-7-3-7	6-6-5-1-3-7-4-6-7-5-6-5	7-6-6-6-6-5-8-6-7-4-6-4	7-4-7-6-5-5-7-6-5-5-6-4	6-6-7-5-6-5-5-5-8-5-4-6	6-7-5-5-5-5-4-7-6-6-5-7	5-7-5-7-7-5-6-5-6-6-6-5
117	8	8-7-6-6-5-5-5-8-5-5-5-5	5-5-8-6-8-5-6-8-8-8-7-5	8-7-8-5-8-6-7-5-5-8-5-8	7-8-7-8-8-8-7-8-8-8-8-4	5-4-8-8-8-8-7-8-8-8-5-8	5-8-8-6-8-5-8-8-8-8-3-8	7-8-8-7-6-8-8-6-8-8-5-5	8-8-6-6-8-5-6-6-6-5-5-5	5-8-5-7-6-8-8-6-8-5-6-3	6-4-8-8-8-5-8-7-7-8-5-8	5-5-3-1-5-5-4-4-5-5-8-8	5-7-8-5-5-8-3-5-8-8-7-5
118	0	0-0-0-0-0-0-0-0-0-0-0-0	0-0-0-0-0-0-0-0-0-0-0-0	0-0-0-0-0-0-0-0-0-0-0-0	0-0-0-0-0-0-0-0-0-0-0-0	0-0-0-0-0-0-0-0-0-0-0-0	0-0-0-0-0-0-0-0-0-0-0-0	0-0-0-0-0-0-0-0-0-0-0-0	0-0-0-0-0-0-0-0-0-0-0-0	0-0-0-0-0-0-0-0-0-0-0-0	0-0-0-0-0-0-0-0-0-0-0-0	0-0-0-0-0-0-0-0-0-0-0-0	0-0-0-0-0-0-0-0-0-0-0-0
118	1	1-1-1-1-1-1-1-1-1-1-1-1	1-0-0-1-0-1-1-1-0-2-0-0	1-2-2-4-1-2-2-0-0-0-0-1	2-1-2-1-1-2-0-3-0-0-0-4	0-3-3-0-2-0-2-1-0-0-0-1	1-4-0-0-0-1-0-1-0-0-0-0	5-0-0-3-0-0-0-0-0-0-0-0	0-0-0-0-0-2-0-0-0-1-1-0	0-2-2-0-2-0-4-1-0-1-2-3	1-1-1-0-0-0-0-0-1-2-3-0	0-0-3-0-4-1-2-3-4-1-0-1	4-0-1-3-1-1-2-1-1-3-1-1
118	2	2-2-1-2-2-2-2-2-2-2-2-2	3-0-0-3-0-3-1-4-3-3-3-3	1-3-1-0-3-3-3-3-0-3-2-3	4-1-1-4-4-4-0-7-2-0-3-1	2-1-2-4-4-2-3-3-2-2-4-3	3-1-3-5-0-4-3-2-0-0-0-4	4-5-2-1-3-0-2-3-0-2-3-4	0-5-3-3-2-1-4-0-2-1-1-0	0-1-1-5-5-4-1-3-2-2-1-2	3-3-1-2-3-5-0-0-3-1-0-2	1-5-1-2-1-2-1-1-2-2-3-1	0-4-2-1-2-2-4-1-2-2-3-5
118	3	3-3-4-3-3-3-3-3-3-2-3-3	2-6-3-2-3-2-1-4-2-2-2-4	1-2-4-3-2-2-4-2-4-2-4-2	2-1-4-2-2-2-4-1-4-3-4-1	2-1-1-3-2-2-4-2-4-3-0-3	2-1-4-4-3-2-4-3-3-3-0-3	2-2-3-1-2-3-2-2-0-0-2-2	0-4-2-2-2-1-2-0-2-3-1-3	0-1-2-2-4-2-1-2-4-3-5-5	2-2-3-0-2-2-4-4-2-2-1-4	7-0-1-4-1-4-4-1-1-2-2-3	1-2-1-1-2-2-2-3-3-2-5-2
118	4	3-4-4-4-4-3-4-4-4-4-4-4	2-5-5-2-4-2-1-5-2-4-5-5	5-4-3-1-2-2-5-5-5-6-5-3	2-1-5-2-2-2-4-2-5-8-3-1	2-1-1-5-2-3-5-4-5-2-2-5	2-1-3-3-5-2-5-2-4-4-0-2	2-2-5-1-2-3-5-5-4-3-5-2	0-3-2-3-5-5-7-5-2-5-1-4	6-1-5-2-4-5-1-3-7-7-3-3	4-1-4-5-3-2-5-5-2-2-1-2	5-4-4-8-1-2-3-1-1-2-5-4	1-2-1-1-4-3-2-6-5-2-5-4
118	5	5-3-5-5-4-4-5-5-4-5-5-8	5-4-4-2-6-6-5-7-6-4-6-4	7-6-6-6-5-6-4-6-6-6-4-5	6-6-4-6-2-2-4-6-4-6-6-8	2-7-8-4-7-3-4-5-4-5-2-8	2-6-3-5-5-8-4-2-3-4-0-6	8-2-4-6-6-4-4-4-4-5-8-6	5-5-2-3-4-5-2-4-2-4-5-4	5-7-4-2-2-4-1-7-4-5-3-3	8-5-4-6-4-2-4-4-6-6-5-2	4-2-5-4-4-5-5-1-1-6-6-5	0-5-5-1-5-2-2-5-5-6-3-2
118	6	7-6-8-7-7-7-7-7-7-7-7-7	7-4-4-7-7-7-5-6-7-7-7-7	6-5-7-7-7-5-7-7-7-7-7-7	7-7-8-7-7-7-8-7-7-5-7-6	7-8-7-6-5-7-7-7-5-7-7-7	7-8-7-7-5-5-7-7-3-6-0-5	7-7-6-5-5-6-7-8-6-6-7-7	7-7-8-7-7-8-8-7-6-5-7-6	8-5-8-7-7-7-4-5-4-5-7-3	6-7-4-5-7-7-7-8-5-5-7-7	7-7-6-7-6-6-5-8-7-6-5-7	8-7-6-7-7-7-7-5-7-5-7-7
118	7	6-8-6-6-6-6-6-6-6-6-6-6	6-4-4-6-6-6-6-6-6-6-6-6	5-6-6-6-6-7-6-6-6-6-6-6	6-7-7-6-6-6-8-6-6-4-6-5	6-5-6-5-5-6-6-6-7-7-6-6	6-6-6-6-7-5-6-6-7-7-0-7	6-6-4-5-7-7-6-6-7-6-6-6	7-6-2-6-6-5-4-6-8-4-6-7	7-5-7-6-6-6-7-5-4-4-6-3	6-6-4-5-6-6-6-7-8-5-6-6	6-6-6-6-6-5-5-1-6-7-7-7	6-6-7-6-6-6-6-5-6-6-6-6
118	8	8-7-6-6-8-7-6-8-6-6-6-6	6-8-8-6-8-6-6-6-6-8-6-6	8-8-6-6-8-6-6-6-6-8-8-8	6-8-6-8-8-8-7-8-4-8-8-5	6-6-5-8-5-8-7-8-8-8-6-5	7-8-7-6-8-5-8-8-8-8-0-8	6-8-8-8-6-8-4-6-8-8-6-6	8-8-2-8-8-6-6-6-7-5-6-8	6-8-8-8-6-8-8-5-8-3-6-1	5-8-8-8-8-6-8-6-6-8-8-8	6-8-8-4-2-5-5-6-8-7-8-8	6-6-8-3-4-8-8-8-8-8-7-8
119	0	0-0-0-0-0-0-0-0-0-0-0-0	0-0-0-0-0-0-0-0-0-0-0-0	0-0-0-0-0-0-0-0-0-0-0-0	0-0-0-0-0-0-0-0-0-0-0-0	0-0-0-0-0-0-0-0-0-0-0-0	0-0-0-0-0-0-0-0-0-0-0-0	0-0-0-0-0-0-0-0-0-0-0-0	0-0-0-0-0-0-0-0-0-0-0-0	0-0-0-0-0-0-0-0-0-0-0-0	0-0-0-0-0-0-0-0-0-0-0-0	0-0-0-0-0-0-0-0-0-0-0-0	0-0-0-0-0-0-0-0-0-0-0-0
119	1	1-1-1-1-2-1-1-1-1-1-1-1	1-1-0-1-0-2-1-2-1-1-2-2	2-1-1-7-2-2-2-2-2-1-2-1	2-2-2-1-2-2-2-2-0-2-2-1	1-3-6-2-2-0-2-2-0-2-1-1	3-5-1-1-0-2-0-0-0-0-0-2	2-0-0-2-0-0-0-2-0-1-3-0	4-3-3-0-4-2-0-2-2-2-2-0	2-2-2-0-3-0-2-2-0-1-1-2	2-6-1-2-0-2-5-1-4-2-3-0	2-4-4-1-3-1-3-2-3-1-2-2	2-1-1-2-2-1-4-2-1-2-1-1
119	2	1-1-1-1-2-1-1-2-1-1-1-2	3-1-0-3-0-1-1-3-1-1-3-3	1-4-3-8-7-1-3-3-1-3-1-3	3-1-1-3-3-3-1-1-2-1-2-1	2-1-1-5-1-2-3-3-1-8-2-1	2-1-3-2-2-5-3-3-0-2-0-4	1-2-0-1-3-2-2-1-0-2-2-3	1-6-7-3-7-1-0-8-1-1-1-0	1-1-3-3-8-6-1-1-4-2-7-1	1-7-1-1-3-7-3-0-3-1-1-7	1-0-1-1-1-2-2-1-1-2-3-1	1-3-1-1-1-2-3-1-2-1-2-7
119	3	2-3-3-3-3-3-3-3-1-1-2-1	2-4-3-2-0-4-2-2-2-1-2-2	1-2-2-2-1-1-4-2-2-2-4-2	2-1-4-2-2-2-5-1-4-5-4-1	2-1-1-3-1-2-4-2-4-3-2-2	1-1-5-2-3-1-4-2-3-3-0-2	2-2-3-1-2-3-4-2-3-5-1-2	0-1-2-2-2-1-3-5-1-4-1-4	0-1-2-2-1-5-1-1-5-3-2-6	1-1-0-0-2-2-2-7-2-4-1-2	1-3-1-3-7-1-1-3-1-2-2-5	1-2-1-1-1-5-2-1-3-1-8-1
119	4	7-3-4-7-4-4-4-4-1-4-4-8	5-3-3-6-5-5-5-5-5-5-5-5	5-5-7-5-4-6-5-5-5-5-3-5	5-5-6-5-2-5-6-1-3-3-3-5	2-5-1-4-5-3-5-5-6-5-5-1	5-1-3-4-4-1-3-5-0-3-0-2	5-2-1-6-5-1-3-5-0-3-5-3	1-2-0-2-2-5-1-6-5-3-5-5	8-4-3-2-2-5-5-5-2-5-2-3	5-4-0-5-6-2-1-3-5-5-5-2	8-1-1-3-3-5-5-4-5-3-5-8	1-2-5-0-5-4-1-4-5-1-4-2
119	5	5-5-4-5-5-5-5-5-5-4-4-4	4-6-5-2-5-4-4-6-4-4-4-4	4-4-4-4-2-4-6-4-4-4-6-4	4-4-4-4-2-4-6-1-6-6-5-4	2-4-1-2-4-6-6-4-5-3-2-2	4-1-3-4-4-2-6-4-5-5-0-5	4-2-5-4-4-5-6-4-3-3-4-5	5-2-2-6-2-4-3-4-4-5-4-4	5-4-6-6-5-4-4-4-6-4-2-3	4-5-5-4-5-2-1-5-6-4-4-2	4-7-4-5-8-4-4-4-8-6-6-3	1-2-4-1-6-3-2-4-4-1-5-5
119	6	5-6-4-8-6-5-6-6-6-4-4-4	4-5-6-2-5-5-4-7-4-4-4-4	7-6-4-4-8-4-7-7-7-4-7-6	4-4-7-7-2-2-5-1-7-7-7-4	2-4-1-7-4-7-7-6-7-7-2-1	7-1-3-4-6-2-7-7-7-6-0-7	4-2-7-4-3-6-6-5-6-3-4-7	0-2-2-5-2-4-7-4-4-5-1-4	1-4-5-5-7-2-4-4-7-5-2-3	4-1-8-7-7-2-7-6-5-4-1-2	4-7-4-8-7-4-4-1-5-5-5-6	6-2-1-1-5-2-2-4-4-1-4-6
119	7	8-8-8-4-6-8-8-8-8-7-4-8	8-6-6-2-5-8-8-6-8-7-8-4	6-7-4-1-2-7-6-6-8-5-6-7	7-4-6-6-2-2-8-1-6-6-6-4	2-4-7-7-7-6-8-7-7-7-2-8	8-6-3-8-7-2-6-6-6-7-0-8	8-2-6-4-8-7-6-0-7-3-8-6	7-2-2-8-2-8-6-7-8-5-8-4	7-7-7-2-7-7-2-8-6-7-2-2	8-2-7-7-7-2-6-3-8-4-7-2	5-6-7-3-3-7-7-7-1-2-7-7	1-7-7-7-1-7-2-7-7-1-8-2
119	8	8-7-8-6-8-7-7-8-7-7-8-4	7-5-8-2-8-8-7-8-8-8-7-8	8-8-8-2-8-8-7-7-7-8-5-8	7-8-8-8-8-8-7-8-7-8-8-1	2-4-8-8-8-8-7-8-6-8-6-8	7-8-8-7-8-1-8-8-8-8-8-8	7-8-8-8-7-6-7-8-8-8-5-7	8-8-2-7-8-7-7-2-7-7-7-7	4-8-7-8-2-8-8-7-6-4-2-0	7-8-6-8-8-2-8-6-7-8-4-8	4-8-0-6-3-7-7-4-5-7-8-8	1-7-7-7-6-8-8-7-8-8-3-8
120	0	0-0-0-0-0-0-0-0-0-0-0-0	0-0-0-0-0-0-0-0-0-0-0-0	0-0-0-0-0-0-0-0-0-0-0-0	0-0-0-0-0-0-0-0-0-0-0-0	0-0-0-0-0-0-0-0-0-0-0-0	0-0-0-0-0-0-0-0-0-0-0-0	0-0-0-0-0-0-0-0-0-0-0-0	0-0-0-0-0-0-0-0-0-0-0-0	0-0-0-0-0-0-0-0-0-0-0-0	0-0-0-0-0-0-0-0-0-0-0-0	0-0-0-0-0-0-0-0-0-0-0-0	0-0-0-0-0-0-0-0-0-0-0-0
120	1	1-1-1-1-2-2-1-1-1-1-1-1	1-0-0-1-0-2-1-2-2-1-2-2	2-1-2-2-2-2-1-2-0-1-2-2	2-2-2-2-2-2-0-2-0-2-2-1	0-5-0-2-2-0-2-2-2-0-1-1	1-5-0-3-1-2-0-0-3-1-0-2	2-0-1-8-2-1-0-2-0-2-0-0	0-0-0-0-0-2-1-0-0-2-2-2	2-2-1-0-1-1-2-3-0-2-2-0	2-0-1-0-0-0-0-1-2-2-2-1	2-5-3-2-3-2-3-3-0-1-0-1	1-0-3-0-2-0-0-2-3-1-1-0
120	2	2-1-3-1-1-1-2-1-1-1-1-3	3-3-0-3-0-1-1-1-1-1-3-1	1-3-1-1-3-1-3-1-1-3-3-3	3-1-3-3-3-3-1-6-2-1-1-1	3-1-2-5-1-3-3-3-1-8-3-3	2-2-3-2-2-5-3-3-1-2-0-1	4-3-0-1-3-0-2-1-0-1-3-3	2-6-7-3-3-1-0-8-3-1-1-1	1-1-3-3-4-3-1-4-4-1-3-1	3-7-0-1-3-3-3-0-3-1-1-4	3-8-1-1-1-1-1-1-0-3-3-0	1-3-1-0-3-2-3-1-1-2-1-7
120	3	3-3-2-3-1-3-3-3-3-3-2-1	2-4-4-2-0-3-1-4-1-1-2-4	1-2-2-2-2-5-4-4-1-4-4-2	2-3-4-2-2-2-1-2-4-4-4-1	2-1-3-3-1-2-4-2-3-4-2-2	2-3-5-1-3-2-4-2-1-3-3-3	6-2-3-5-2-3-4-2-0-6-2-2	0-2-2-2-2-1-3-5-2-5-1-1	3-1-7-2-3-2-5-2-4-2-2-4	2-4-3-7-2-2-2-3-2-3-1-2	2-2-1-4-1-1-1-1-3-2-2-3	2-2-1-0-2-5-2-1-1-1-5-2
120	4	7-3-6-7-3-3-4-4-6-5-5-7	5-3-3-4-7-3-1-5-5-1-5-5	7-5-7-2-3-2-5-5-6-3-3-5	5-5-5-5-2-5-5-1-3-3-3-5	2-1-5-4-6-3-5-5-3-6-6-7	5-3-3-4-5-1-3-5-4-3-0-2	2-2-3-1-5-6-5-5-0-3-6-1	3-2-4-3-2-5-3-6-5-3-5-5	6-6-3-2-2-4-5-5-5-4-2-3	5-3-3-8-0-2-3-3-5-5-5-2	8-2-5-3-8-6-5-4-8-2-2-5	1-3-5-0-5-3-2-5-5-5-1-2
120	5	5-5-4-5-5-5-5-5-4-4-4-4	4-6-5-4-7-6-4-6-4-3-4-4	1-4-4-2-2-3-6-4-6-7-6-6	4-4-4-5-2-4-6-2-6-6-6-4	2-1-4-6-4-6-6-4-5-4-5-2	4-1-3-4-4-2-6-7-5-5-0-5	7-5-5-3-4-4-4-6-5-3-5-5	5-2-2-6-6-4-5-4-4-3-4-4	5-4-6-4-5-4-4-6-6-7-2-1	4-5-5-3-5-6-2-3-6-4-4-2	4-7-8-3-1-1-4-4-7-6-6-5	1-4-4-6-6-3-2-4-4-4-3-5
120	6	5-6-4-8-7-5-6-6-4-4-6-4	4-5-6-4-5-5-2-7-4-6-4-4	7-6-4-2-2-8-7-5-5-4-7-6	4-4-7-7-2-4-5-2-7-7-7-1	2-1-1-6-4-5-7-6-7-4-7-2	6-3-3-4-6-2-7-5-7-6-6-7	3-2-7-1-7-8-6-5-6-3-5-7	7-7-2-5-5-4-7-4-4-3-7-4	8-4-5-5-4-2-4-5-7-5-2-5	4-5-8-2-5-5-7-6-5-1-4-2	4-7-1-8-1-1-4-4-4-5-5-6	1-8-4-5-5-3-2-4-4-4-6-6
120	7	8-8-8-4-6-8-8-8-8-7-7-8	8-6-6-4-5-8-8-6-8-7-8-8	4-7-4-2-2-7-6-5-8-5-6-7	7-4-6-6-2-2-8-2-6-6-6-1	2-4-7-7-7-6-8-7-7-7-6-4	8-6-3-8-7-1-6-5-6-7-6-8	8-2-6-7-8-7-6-8-7-3-5-6	7-6-2-8-2-4-6-7-8-8-8-4	7-7-3-7-7-7-2-5-6-5-2-7	6-7-7-3-7-2-6-3-8-4-7-7	5-7-7-3-6-8-7-5-5-2-7-7	7-7-7-7-5-7-7-1-7-4-8-2
120	8	8-7-8-6-8-7-7-8-7-7-4-8	7-5-8-4-8-8-7-8-8-8-7-8	8-8-8-2-8-8-7-6-7-8-5-8	7-8-7-8-8-8-7-8-7-8-8-4	8-1-8-8-8-8-7-8-6-8-6-8	7-8-8-7-8-4-6-8-8-8-8-8	7-8-8-8-7-8-7-8-8-7-5-7	8-8-2-7-8-7-8-7-7-7-7-7	6-8-8-8-2-8-8-7-8-8-2-7	7-8-6-4-8-2-8-8-7-8-4-8	4-2-5-6-4-7-4-5-4-7-8-8	8-7-7-7-6-8-8-4-8-8-7-8
121	0	0-0-0-0-0-0-0-0-0-0-0-0	0-0-0-0-0-0-0-0-0-0-0-0	0-0-0-0-0-0-0-0-0-0-0-0	0-0-0-0-0-0-0-0-0-0-0-0	0-0-0-0-0-0-0-0-0-0-0-0	0-0-0-0-0-0-0-0-0-0-0-0	0-0-0-0-0-0-0-0-0-0-0-0	0-0-0-0-0-0-0-0-0-0-0-0	0-0-0-0-0-0-0-0-0-0-0-0	0-0-0-0-0-0-0-0-0-0-0-0	0-0-0-0-0-0-0-0-0-0-0-0	0-0-0-0-0-0-0-0-0-0-0-0
121	1	1-1-1-1-1-1-1-1-1-1-1-1	1-2-1-2-2-2-2-1-2-1-0-2	1-2-2-3-2-2-2-2-2-2-2-1	2-2-2-0-1-0-2-1-1-2-1-1	2-1-1-3-1-1-1-1-1-2-2-1	4-1-2-0-2-2-2-2-2-1-4-2	1-1-1-1-2-1-1-2-1-2-1-4	1-1-2-1-1-4-1-1-1-2-0-1	1-0-2-0-2-3-1-2-3-2-1-4	2-1-2-2-1-1-2-1-0-2-0-1	1-4-4-1-1-2-1-1-2-1-2-1	2-1-1-1-1-4-4-0-4-1-4-7
121	2	3-2-3-2-1-1-1-2-1-3-3-2	3-1-1-4-1-1-4-2-1-1-4-1	2-1-3-4-3-1-3-1-3-3-3-3	3-3-1-2-3-3-3-3-1-1-3-2	3-1-5-2-5-3-3-3-1-1-1-3	2-3-3-3-1-4-3-1-1-2-0-3	3-4-1-0-3-0-3-3-1-1-3-3	1-4-7-3-3-1-7-4-4-1-6-2	0-0-1-3-4-1-1-3-1-2-3-4	1-3-1-1-3-4-3-1-3-1-0-4	1-3-1-4-1-1-1-1-1-3-1-2	1-3-3-3-1-1-3-1-2-1-1-2
121	3	2-4-2-3-5-1-2-1-2-2-2-2	2-4-4-2-1-1-2-4-2-2-2-2	1-3-2-1-2-1-4-1-2-2-4-2	2-3-4-2-2-2-2-2-4-5-2-0	2-1-2-2-2-4-4-2-3-3-1-2	2-2-4-2-3-2-4-2-3-3-5-2	2-2-3-0-2-3-5-2-1-3-2-2	3-3-4-2-2-1-5-2-2-4-5-1	3-0-4-2-3-1-6-2-4-3-2-3	2-2-1-4-2-2-2-5-2-3-7-2	0-2-7-3-1-4-2-3-0-2-2-3	4-2-2-4-3-1-2-0-3-5-3-1
121	4	2-3-2-4-3-1-5-1-1-2-2-2	2-3-3-2-5-1-2-5-5-4-2-5	6-4-6-2-4-5-3-5-5-5-3-4	5-4-5-5-2-2-5-2-3-1-3-0	2-0-2-6-5-3-5-5-6-3-2-0	1-2-3-4-5-2-3-2-1-3-1-2	2-2-1-0-5-4-3-3-4-2-2-1	1-2-3-3-2-1-3-2-2-3-0-5	5-4-3-2-2-1-5-5-3-2-2-5	5-5-5-3-3-2-3-3-5-5-3-2	7-1-1-2-1-5-5-5-5-4-1-4	3-2-4-3-1-1-1-6-1-6-1-2
121	5	5-7-5-7-3-1-4-5-5-2-6-2	4-3-3-6-4-1-5-4-4-4-6-4	5-6-5-6-6-7-6-4-4-6-6-5	6-4-4-4-6-6-4-5-6-3-6-5	6-7-2-4-6-6-6-6-4-5-7-6	6-7-6-5-4-7-6-6-1-5-3-5	5-6-3-6-4-5-3-6-2-5-6-6	1-5-4-6-6-1-3-6-5-4-6-4	4-0-6-6-7-5-4-6-1-3-6-4	4-6-4-1-6-4-6-3-4-4-6-5	6-5-1-3-7-4-4-4-6-6-1-4	3-6-5-6-6-6-6-4-6-3-6-3
121	6	5-7-5-5-2-7-7-7-7-6-5-7	7-3-3-5-6-1-7-4-7-4-5-7	4-5-5-5-5-5-5-4-5-5-6-5	5-4-6-4-5-5-7-2-5-5-5-7	5-5-2-4-5-5-5-5-4-4-7-5	5-6-5-7-6-5-5-5-6-6-3-7	7-5-1-5-7-6-3-5-6-6-5-5	6-5-5-5-5-1-3-5-5-6-5-4	6-6-5-5-6-5-3-5-1-6-5-3	4-5-6-1-5-2-5-1-7-1-5-2	5-6-1-6-5-7-4-5-5-5-6-6	3-5-7-5-6-5-5-4-5-4-5-5
121	7	7-6-5-5-7-6-6-7-6-5-5-6	6-7-7-5-7-7-6-7-7-7-5-6	7-7-7-5-7-5-7-6-7-7-6-7	5-7-7-7-7-7-6-7-3-7-7-6	5-5-7-7-7-7-6-7-7-7-5-5	6-7-7-7-7-5-6-7-7-7-7-6	6-7-7-7-5-7-7-5-7-5-6-7	7-7-2-6-7-5-5-5-5-7-6-7	4-7-7-7-5-7-7-4-7-3-5-0	5-4-7-7-7-2-5-3-6-7-3-7	4-1-3-7-5-6-4-4-4-7-7-7	7-6-6-1-7-7-7-4-7-7-5-1
122	0	0-0-0-0-0-0-0-0-0-0-0-0	0-0-0-0-0-0-0-0-0-0-0-0	0-0-0-0-0-0-0-0-0-0-0-0	0-0-0-0-0-0-0-0-0-0-0-0	0-0-0-0-0-0-0-0-0-0-0-0	0-0-0-0-0-0-0-0-0-0-0-0	0-0-0-0-0-0-0-0-0-0-0-0	0-0-0-0-0-0-0-0-0-0-0-0	0-0-0-0-0-0-0-0-0-0-0-0	0-0-0-0-0-0-0-0-0-0-0-0	0-0-0-0-0-0-0-0-0-0-0-0	0-0-0-0-0-0-0-0-0-0-0-0
122	1	1-1-1-1-1-1-1-1-1-1-1-1	1-2-1-0-0-1-0-1-0-1-0-1	1-0-0-1-1-0-2-3-0-0-2-1	0-0-0-0-1-0-0-1-1-1-2-0	1-0-0-0-0-1-2-0-1-1-0-1	0-2-0-0-0-0-2-0-1-1-3-0	0-2-2-0-0-1-0-4-1-1-0-1	1-1-1-0-0-0-0-2-0-1-0-0	6-0-2-0-1-0-0-0-1-0-1-0	0-0-1-2-0-0-2-1-0-0-0-1	0-0-0-0-0-0-0-0-0-0-2-3	2-1-0-0-0-1-0-0-0-1-3-1
122	2	2-2-2-2-1-1-2-2-2-2-2-3	3-1-1-4-3-1-3-3-3-2-3-3	4-3-0-7-4-3-3-0-0-2-3-3	4-3-2-4-4-4-3-2-3-2-3-0	2-0-3-2-4-3-3-3-1-4-7-3	3-3-3-2-2-3-3-3-1-1-1-4	3-1-1-0-3-0-2-3-2-2-0-3	2-2-3-3-2-3-2-9-2-1-0-0	2-0-3-3-9-4-0-3-3-2-2-2	3-4-1-3-3-2-4-1-3-3-0-2	0-2-0-2-3-2-0-2-0-3-3-1	1-3-4-4-0-2-3-0-5-4-2-2
122	3	3-3-3-3-3-3-3-3-3-3-3-2	2-4-3-2-2-3-2-2-2-2-2-2	2-2-3-2-2-2-4-4-4-2-4-2	2-2-4-2-2-2-4-2-4-4-2-0	3-0-2-2-2-4-4-2-4-3-6-2	2-2-4-3-3-2-4-2-3-3-8-3	2-1-3-6-2-3-4-2-3-3-5-2	3-4-2-4-2-2-8-5-2-1-0-2	0-0-2-2-3-4-9-2-2-3-4-4	2-2-1-4-2-2-2-3-4-5-0-2	5-2-9-4-5-2-0-5-0-4-2-1	0-2-2-0-4-4-2-0-0-5-1-2
122	4	3-4-4-4-4-4-4-4-4-3-4-4	2-3-5-2-2-3-2-3-5-4-3-5	2-2-5-2-2-2-3-4-3-5-3-2	2-5-5-2-2-2-3-2-3-5-5-0	4-0-6-7-2-5-3-4-5-2-2-2	2-3-5-3-4-2-5-2-4-4-4-3	2-2-4-5-2-4-3-3-4-3-5-5	5-5-3-3-3-2-7-3-2-8-0-5	4-0-3-2-6-3-4-5-9-3-3-3	0-2-4-5-3-2-5-4-3-3-5-2	3-2-5-3-5-5-5-3-0-3-2-3	7-2-2-4-3-3-2-5-2-6-4-2
122	5	5-5-6-5-8-6-6-8-6-5-5-5	6-3-4-6-7-6-6-5-6-6-5-6	5-6-7-6-5-6-5-5-6-4-6-5	5-5-4-6-2-2-5-6-4-4-4-5	6-8-7-9-7-4-6-4-4-5-5-5	5-7-4-5-5-9-4-4-1-4-4-6	7-6-4-7-5-6-7-6-4-2-7-4	7-4-7-6-6-7-6-7-5-5-7-4	7-7-7-2-2-5-5-8-4-5-4-6	5-6-5-6-7-7-4-3-7-7-5-2	3-7-5-5-7-7-4-7-7-5-6-5	9-7-5-7-7-5-6-8-2-4-6-7
122	6	5-7-5-6-7-5-7-7-5-7-8-5	7-3-4-5-7-7-5-8-5-5-8-7	7-7-9-9-7-7-7-7-7-7-7-7	7-6-5-8-6-7-7-5-7-6-6-5	7-5-5-5-5-6-7-7-5-7-8-6	7-6-7-7-5-5-5-7-4-4-4-5	6-6-7-5-7-5-6-7-6-8-5-7	6-6-5-6-6-6-6-8-5-5-6-6	9-5-5-7-4-5-5-5-8-5-6-6	6-5-4-5-5-5-7-8-5-6-6-2	7-9-7-6-7-5-6-5-5-2-7-1	5-5-6-5-5-7-5-6-6-4-5-6
122	7	5-6-6-6-6-5-6-6-5-6-6-5	6-4-4-8-5-6-6-6-5-5-6-6	6-6-5-6-8-6-8-6-6-6-6-6	6-6-6-6-8-8-6-5-8-8-8-5	8-5-5-8-5-6-8-8-6-6-8-8	6-5-8-6-4-5-8-6-1-7-4-6	5-5-6-5-6-7-5-8-4-6-5-6	5-8-5-8-8-5-9-6-5-5-8-6	9-5-5-8-8-5-5-5-6-7-8-5	5-8-7-5-8-5-6-6-5-5-8-2	5-4-6-5-6-5-6-5-5-8-6-7	5-8-6-5-5-6-8-5-8-8-8-6
122	8	5-9-6-5-6-9-6-5-5-6-6-9	6-6-5-7-6-6-7-6-5-5-6-9	6-7-6-6-7-6-7-6-6-6-9-7	7-6-5-6-7-7-9-5-7-6-7-5	7-5-7-7-6-7-7-7-8-8-6-7	6-9-7-7-3-2-7-7-8-8-4-8	9-2-8-5-6-8-8-7-8-6-7-6	8-7-5-7-7-5-3-6-8-4-7-5	8-8-7-7-7-6-8-5-6-8-7-6	5-7-8-7-7-2-6-6-9-5-8-2	3-8-8-5-7-5-8-5-5-7-8-8	5-7-8-8-7-5-7-5-7-7-7-6
122	9	9-8-6-5-9-8-6-9-5-6-6-8	6-9-9-7-9-6-7-6-5-9-6-6	9-9-6-6-9-7-7-6-6-9-8-9	8-9-9-9-9-9-8-9-9-9-9-8	6-5-9-9-9-9-8-9-9-9-2-5	6-9-9-8-9-5-9-9-9-9-9-9	8-9-9-9-7-9-9-9-9-9-5-7	9-9-9-8-9-9-9-2-2-5-5-6	7-5-9-9-2-9-9-5-9-6-7-5	5-7-4-5-9-2-9-6-9-9-9-9	6-6-3-4-1-5-8-5-6-7-9-9	5-8-8-5-4-9-9-5-9-9-7-9
123	0	0-0-0-0-0-0-0-0-0-0-0-0	0-0-0-0-0-0-0-0-0-0-0-0	0-0-0-0-0-0-0-0-0-0-0-0	0-0-0-0-0-0-0-0-0-0-0-0	0-0-0-0-0-0-0-0-0-0-0-0	0-0-0-0-0-0-0-0-0-0-0-0	0-0-0-0-0-0-0-0-0-0-0-0	0-0-0-0-0-0-0-0-0-0-0-0	0-0-0-0-0-0-0-0-0-0-0-0	0-0-0-0-0-0-0-0-0-0-0-0	0-0-0-0-0-0-0-0-0-0-0-0	0-0-0-0-0-0-0-0-0-0-0-0
123	1	1-1-1-1-1-1-1-1-1-1-1-1	2-0-0-3-0-0-0-2-0-1-0-0	0-3-0-2-2-2-2-0-0-3-1-1	2-0-0-3-3-2-0-1-1-3-1-0	1-0-1-0-0-1-2-2-0-1-6-0	2-0-2-0-0-2-2-3-1-0-3-3	2-2-1-0-2-3-2-2-3-1-0-2	3-1-3-2-2-2-1-0-3-0-0-0	1-0-2-3-3-0-0-2-0-1-3-1	0-3-1-0-2-1-0-1-2-0-0-3	0-1-0-1-6-2-0-0-0-2-2-1	2-2-1-1-0-1-2-0-2-1-1-3
123	2	3-3-2-2-2-2-2-2-2-2-2-3	1-3-3-1-0-3-0-3-3-2-0-3	2-1-0-1-1-1-3-4-3-1-3-3	1-2-3-1-1-1-0-1-3-2-3-0	2-0-0-2-1-1-3-1-3-2-0-1	1-0-3-0-0-1-3-1-2-2-5-2	1-1-4-0-1-1-1-1-0-2-0-1	2-3-1-1-1-3-4-0-1-2-0-3	2-0-1-1-4-0-5-1-4-2-2-2	0-1-2-5-1-1-0-2-1-3-1-1	2-1-6-4-0-1-0-0-0-1-1-3	1-1-1-3-0-1-1-0-1-2-4-1
123	3	2-2-3-2-3-4-3-3-3-3-3-3	3-2-2-1-4-3-3-2-4-2-4-4	5-4-4-1-3-4-2-2-2-1-2-3	4-3-4-4-1-1-4-1-2-4-2-3	1-5-3-3-4-1-4-3-4-3-3-6	1-4-2-3-4-1-2-1-2-2-1-4	4-1-2-4-1-1-5-0-3-1-4-1	3-2-4-2-1-4-2-2-1-3-4-5	4-6-2-1-1-3-4-4-5-3-1-3	4-1-4-0-3-1-0-2-4-4-4-1	4-1-4-2-3-4-4-6-4-1-1-4	3-1-1-2-4-4-1-3-6-5-2-1
123	4	5-4-5-4-4-3-4-5-4-4-4-4	5-5-2-6-3-3-5-4-5-5-5-3	4-5-3-5-5-3-5-2-5-1-5-5	5-3-3-5-5-5-3-5-5-3-5-3	5-4-5-3-3-5-5-5-3-4-5-4	5-3-5-0-3-3-5-4-1-4-2-5	5-1-2-3-1-4-4-5-4-4-5-4	3-5-3-5-5-3-2-5-1-3-5-3	3-3-2-5-5-3-3-5-2-3-5-6	5-5-3-0-5-3-5-2-3-3-5-1	3-1-3-2-5-3-3-0-3-5-1-3	3-5-4-5-3-3-5-3-5-2-5-2
123	5	4-6-4-6-4-6-6-4-6-5-5-6	6-4-2-4-5-5-4-4-6-4-4-6	3-4-3-4-4-4-4-6-4-3-5-4	4-3-3-4-4-4-6-4-4-2-4-6	4-3-4-4-5-4-6-4-3-3-4-4	4-4-4-6-3-6-4-4-5-5-2-4	6-1-4-3-5-5-5-4-5-5-4-1	5-4-4-4-4-5-2-4-5-3-4-3	5-5-5-4-4-3-2-4-3-5-4-3	4-4-5-2-4-1-4-6-6-4-5-1	4-5-3-6-4-6-5-5-5-4-5-5	3-4-6-5-5-5-4-3-4-3-4-4
123	6	6-5-6-5-6-5-5-6-5-5-4-5	5-6-6-4-6-6-4-6-5-6-5-5	6-6-6-5-6-6-6-5-4-6-5-6	5-6-6-6-6-6-5-6-5-6-6-5	4-6-6-6-5-6-5-6-6-6-1-3	5-6-6-5-6-6-6-6-6-6-6-6	5-6-6-6-6-6-6-6-6-4-6-6	6-6-6-6-6-6-4-4-1-4-4-3	4-6-6-6-4-6-2-3-6-4-4-4	4-3-6-6-6-1-6-6-5-6-5-6	3-6-2-5-3-5-5-3-6-5-6-6	6-5-5-2-3-6-6-3-6-6-4-6
124	0	0-0-0-0-0-0-0-0-0-0-0-0	0-0-0-0-0-0-0-0-0-0-0-0	0-0-0-0-0-0-0-0-0-0-0-0	0-0-0-0-0-0-0-0-0-0-0-0	0-0-0-0-0-0-0-0-0-0-0-0	0-0-0-0-0-0-0-0-0-0-0-0	0-0-0-0-0-0-0-0-0-0-0-0	0-0-0-0-0-0-0-0-0-0-0-0	0-0-0-0-0-0-0-0-0-0-0-0	0-0-0-0-0-0-0-0-0-0-0-0	0-0-0-0-0-0-0-0-0-0-0-0	0-0-0-0-0-0-0-0-0-0-0-0
124	1	1-0-1-1-1-1-1-0-1-1-1-1	1-0-0-1-0-2-1-0-2-1-2-2	8-1-2-0-0-1-2-2-2-1-0-0	2-2-2-1-1-2-0-1-0-0-0-3	0-8-1-0-2-0-2-1-1-1-1-1	0-0-0-1-2-1-0-0-0-0-0-0	0-0-0-8-2-0-0-0-0-0-0-0	2-0-0-0-0-2-0-0-0-2-2-2	0-7-2-0-1-0-0-2-2-1-0-2	0-1-2-0-0-0-1-1-2-0-0-0	2-0-1-1-1-1-2-2-0-0-1-1	2-0-1-0-0-1-0-2-1-2-1-1
124	2	2-2-2-2-2-1-2-2-2-2-2-2	1-0-0-2-0-1-3-2-1-2-1-1	4-1-1-5-3-5-1-1-1-3-3-2	4-1-1-4-4-4-0-5-3-0-2-1	7-1-0-4-1-2-3-3-2-4-4-4	3-0-3-2-1-4-3-3-0-2-0-5	2-3-0-0-3-0-2-4-2-5-0-3	1-6-5-3-5-1-0-7-2-1-1-1	2-1-3-3-5-3-2-3-1-2-5-5	2-3-1-0-3-5-4-0-3-3-3-5	3-4-2-2-0-1-1-1-2-2-3-1	1-4-2-0-5-2-4-1-2-3-2-2
124	3	3-3-2-3-3-3-3-3-3-3-2-2	1-5-3-2-0-3-1-4-5-2-1-4	3-1-6-2-2-2-4-2-4-2-4-2	2-2-4-2-2-2-4-2-4-3-2-1	2-1-2-2-2-2-4-2-4-3-2-2	2-2-2-4-3-2-4-2-5-3-0-4	5-2-3-4-2-3-4-2-3-4-4-2	3-2-2-4-2-3-3-0-2-3-0-4	4-1-2-2-3-2-4-2-4-2-2-3	2-2-3-0-2-2-2-3-4-4-4-2	2-2-5-7-5-1-1-3-9-2-2-1	4-2-2-4-4-2-2-4-1-2-3-2
124	4	4-4-2-4-4-4-4-4-4-2-4-5	1-3-5-2-6-5-1-3-5-4-2-3	2-4-3-4-2-2-5-6-1-2-5-5	2-5-5-2-2-2-5-2-5-6-6-1	2-3-4-5-2-3-5-4-5-2-2-2	2-5-5-2-4-2-5-2-4-4-0-3	2-2-4-3-2-4-5-2-5-3-3-2	4-5-2-3-2-4-5-6-2-4-1-3	3-1-5-3-4-5-3-5-8-7-3-3	2-2-4-7-3-2-5-5-3-3-3-2	3-2-9-4-9-0-1-8-5-2-2-1	3-2-2-3-3-3-2-4-1-4-4-0
124	5	5-5-5-5-4-3-5-7-5-5-6-6	5-3-4-6-6-4-5-5-6-6-6-6	1-6-8-2-2-2-6-4-6-2-4-4	6-7-4-6-2-6-6-2-4-8-2-6	2-1-6-4-7-3-6-6-4-5-8-6	6-6-4-2-5-5-6-2-4-4-0-6	6-2-4-5-6-8-4-6-4-2-4-7	3-4-2-6-2-5-4-6-7-5-6-9	7-1-7-6-2-4-7-6-4-5-2-2	6-2-7-4-6-2-6-4-6-6-5-2	5-2-5-3-6-9-1-5-6-5-6-5	5-6-5-6-6-5-2-5-9-6-2-2
124	6	6-6-5-9-6-6-6-6-5-5-5-5	7-7-7-5-5-6-5-7-7-7-5-5	2-5-5-4-2-5-5-7-7-7-7-6	5-5-5-5-5-5-7-2-7-7-7-5	2-1-5-2-5-6-5-5-4-6-2-5	5-5-4-5-5-2-7-2-6-6-0-6	5-2-8-5-5-6-7-5-6-8-4-4	3-2-2-5-2-5-4-5-5-6-5-6	6-1-8-5-4-4-5-5-9-5-2-3	5-5-9-5-5-8-5-6-5-5-5-2	5-9-5-4-5-5-1-5-5-5-5-5	5-5-5-5-5-2-2-1-1-5-3-8
124	7	8-6-9-7-6-8-9-7-7-7-7-8	8-6-6-8-8-6-8-8-6-6-8-8	7-8-5-8-8-8-8-6-8-8-6-8	8-5-8-7-8-8-6-8-6-6-8-5	8-1-6-8-5-8-8-8-6-7-8-8	7-8-8-7-7-2-8-8-7-4-3-8	5-2-3-5-5-7-6-8-6-6-8-7	3-7-2-8-8-5-4-8-5-5-8-1	5-1-5-8-8-0-5-8-4-4-8-4	5-7-7-4-8-7-8-6-5-5-5-8	5-2-4-3-8-5-1-5-5-7-5-7	5-8-5-5-5-5-7-5-8-7-9-2
124	8	7-9-7-7-7-9-9-7-9-7-7-9	9-6-6-7-9-6-7-7-9-6-7-7	1-7-5-7-7-7-7-8-7-7-8-7	7-8-7-7-7-7-9-7-7-5-7-9	7-1-6-7-5-7-9-7-8-8-5-7	9-7-7-8-8-2-7-7-8-8-0-7	9-9-6-5-8-8-8-7-8-6-7-7	8-7-5-7-7-8-4-7-5-6-7-8	8-8-7-7-7-0-5-8-4-4-7-0	7-7-8-4-7-7-7-6-9-5-8-2	6-8-9-3-7-8-1-4-5-7-8-8	5-7-8-5-7-5-4-5-7-7-7-6
124	9	9-8-7-7-9-8-8-9-8-7-7-8	8-9-9-7-9-9-8-7-9-9-7-8	9-9-9-8-9-9-9-8-9-9-8-9	7-9-9-9-9-9-8-9-8-9-9-8	7-9-9-9-9-8-8-9-9-9-2-7	8-9-9-8-9-9-8-9-9-9-9-8	8-9-9-5-8-9-9-8-9-6-8-7	9-8-7-8-9-9-8-7-2-5-7-5	8-9-9-9-2-9-9-7-4-9-7-0	5-7-9-9-9-4-9-3-8-9-6-9	6-9-4-4-5-5-1-7-9-8-9-9	5-8-5-5-7-9-9-5-9-9-7-9
125	0	0-0-0-0-0-0-0-0-0-0-0-0	0-0-0-0-0-0-0-0-0-0-0-0	0-0-0-0-0-0-0-0-0-0-0-0	0-0-0-0-0-0-0-0-0-0-0-0	0-0-0-0-0-0-0-0-0-0-0-0	0-0-0-0-0-0-0-0-0-0-0-0	0-0-0-0-0-0-0-0-0-0-0-0	0-0-0-0-0-0-0-0-0-0-0-0	0-0-0-0-0-0-0-0-0-0-0-0	0-0-0-0-0-0-0-0-0-0-0-0	0-0-0-0-0-0-0-0-0-0-0-0	0-0-0-0-0-0-0-0-0-0-0-0
125	1	1-1-1-1-1-0-1-0-1-1-1-1	0-0-0-1-0-0-0-0-0-0-0-0	2-2-0-2-2-2-2-0-0-3-0-2	2-0-0-3-3-3-0-3-1-0-1-0	1-0-0-0-3-1-2-2-1-3-9-1	1-0-2-0-0-3-2-1-1-0-0-4	4-3-1-0-2-0-1-0-0-1-0-2	1-1-4-2-1-0-3-9-1-0-0-0	0-0-2-2-4-0-0-2-0-1-2-3	0-4-0-2-2-1-0-1-2-0-0-3	0-4-0-0-0-0-0-0-0-2-1-0	0-1-0-0-0-1-3-0-1-0-1-1
125	2	2-2-1-2-2-2-2-2-2-2-2-1	1-4-2-1-3-2-0-2-0-0-0-3	1-1-0-1-1-1-3-3-0-1-3-1	1-3-3-1-1-1-3-0-3-2-3-0	2-0-5-2-1-1-3-1-3-2-0-1	1-2-3-0-2-0-3-1-2-2-9-2	1-1-2-0-1-2-1-3-2-5-0-1	2-2-1-3-1-0-6-0-1-2-0-0	0-0-1-1-2-0-0-1-4-2-1-2	4-1-2-3-1-1-3-2-3-0-0-1	2-1-0-2-9-0-0-4-0-1-1-2	0-1-0-2-0-3-1-0-8-3-2-8
125	3	2-3-3-3-4-3-3-3-3-3-3-4	4-4-4-1-2-4-0-4-4-0-4-4	4-3-0-1-1-1-4-2-0-1-4-4	1-4-4-1-1-1-3-1-4-4-2-0	1-0-6-4-1-2-4-3-4-1-0-4	1-2-2-3-3-1-4-1-3-3-5-1	1-1-4-0-1-3-4-2-3-0-0-4	2-3-1-2-4-4-6-4-3-4-0-0	3-0-4-1-3-5-0-4-8-3-2-1	0-1-3-2-2-1-4-3-2-4-4-1	3-5-3-2-4-0-0-0-4-4-1-3	4-1-0-3-0-2-1-0-1-2-3-3
125	4	4-3-4-5-3-3-4-5-4-4-5-5	4-3-3-1-6-3-5-5-5-0-5-3	8-5-5-1-4-5-3-5-5-2-3-5	4-6-3-5-1-5-5-6-3-3-3-6	3-0-4-8-6-4-3-4-3-4-4-9	6-6-2-4-4-9-3-1-2-3-3-1	1-2-3-7-5-0-3-3-3-1-9-3	2-3-1-2-3-7-4-6-4-6-4-8	7-5-5-5-1-6-7-8-3-4-4-4	9-1-4-3-5-1-3-3-6-6-5-1	8-1-4-2-3-4-4-9-5-7-5-4	3-4-1-4-0-4-4-8-7-8-3-1
125	5	7-6-6-7-5-6-7-8-6-7-7-6	6-6-6-7-7-6-7-6-6-6-6-6	5-6-7-7-6-6-6-6-6-6-6-6	6-4-6-6-5-5-6-8-6-6-5-4	6-5-5-4-4-5-6-5-5-5-8-5	5-7-6-5-4-4-5-5-6-5-3-6	6-7-5-5-4-5-6-6-6-8-5-8	5-5-8-5-5-4-5-8-4-5-5-9	5-4-4-5-8-5-5-4-6-5-5-5	5-5-5-5-5-6-6-5-4-8-4-1	5-6-5-2-9-9-4-5-4-5-6-5	9-9-9-5-5-8-5-5-5-7-5-7
125	6	5-5-5-5-5-5-5-5-5-5-5-5	5-5-5-8-5-5-7-5-5-5-7-5	5-7-5-5-8-5-7-5-5-5-5-5	7-4-5-5-7-8-5-8-5-5-6-8	8-5-8-4-4-6-7-7-5-5-5-7	5-7-7-8-4-4-7-6-5-5-0-7	8-5-5-8-7-6-5-7-5-5-8-6	5-6-0-6-6-4-3-4-6-4-7-4	9-4-7-7-6-4-5-4-5-5-6-4	4-8-6-7-0-7-5-5-7-4-8-1	4-5-5-2-5-5-4-8-8-8-5-8	5-5-5-8-8-5-8-4-6-6-6-7
125	7	5-9-5-5-5-5-5-5-5-5-5-5	5-8-8-6-5-5-6-5-5-5-6-5	5-6-5-5-6-5-8-5-5-5-8-5	6-4-5-5-6-6-5-5-8-8-8-6	6-5-6-4-4-8-8-6-8-7-5-6	5-6-6-6-4-4-8-8-7-7-2-6	6-5-5-6-6-7-8-8-7-5-6-6	5-8-0-8-6-4-5-4-4-7-6-4	6-0-6-8-7-5-4-4-5-5-8-4	0-6-7-6-8-6-8-5-6-4-6-1	4-5-8-2-5-4-4-0-6-6-6-7	5-8-5-6-0-4-6-0-4-6-7-5
125	8	5-7-5-5-5-9-5-5-5-5-5-9	5-7-7-6-5-5-6-6-5-5-7-9	4-6-6-5-6-5-7-5-5-7-7-8	6-8-8-5-6-6-9-6-7-7-7-9	6-0-6-4-4-7-7-8-7-8-5-5	5-5-7-6-4-4-7-7-8-8-2-6	9-5-5-6-4-8-7-7-8-5-6-6	5-7-4-7-6-4-2-4-6-5-5-4	6-8-6-7-5-4-5-4-7-5-7-4	5-6-8-5-7-1-7-5-9-5-6-1	4-8-7-2-5-8-4-6-6-6-5-6	7-6-9-6-6-5-6-4-6-6-7-2
125	9	9-7-6-7-5-8-5-9-5-5-5-8	5-7-9-6-9-5-6-9-9-9-8-8	9-9-9-5-9-5-8-5-5-9-8-9	7-9-9-9-9-9-8-9-8-9-9-8	5-5-9-9-9-9-8-9-9-9-1-4	5-5-9-8-9-4-9-9-9-9-2-8	8-9-9-9-7-9-9-9-9-9-4-5	9-7-9-8-9-9-9-1-1-5-4-5	6-8-9-9-1-9-9-4-8-5-5-9	4-4-7-9-9-1-9-3-8-9-8-9	4-5-7-7-5-5-4-4-5-5-9-9	5-5-8-5-3-9-9-9-9-9-3-2
126	0	0-0-0-0-0-0-0-0-0-0-0-0	0-0-0-0-0-0-0-0-0-0-0-0	0-0-0-0-0-0-0-0-0-0-0-0	0-0-0-0-0-0-0-0-0-0-0-0	0-0-0-0-0-0-0-0-0-0-0-0	0-0-0-0-0-0-0-0-0-0-0-0	0-0-0-0-0-0-0-0-0-0-0-0	0-0-0-0-0-0-0-0-0-0-0-0	0-0-0-0-0-0-0-0-0-0-0-0	0-0-0-0-0-0-0-0-0-0-0-0	0-0-0-0-0-0-0-0-0-0-0-0	0-0-0-0-0-0-0-0-0-0-0-0
126	1	2-1-1-1-1-0-1-1-1-1-1-2	1-2-0-0-0-1-1-2-1-1-0-0	2-2-3-0-0-2-2-2-0-0-2-0	2-2-2-0-1-2-0-1-0-0-1-1	1-0-5-1-4-0-2-2-0-2-2-2	2-2-0-2-0-2-2-2-0-0-0-3	2-1-0-2-2-1-0-2-0-1-0-0	1-1-0-2-1-2-0-2-2-0-2-3	0-2-2-0-0-0-3-3-0-1-0-1	0-4-0-2-2-1-0-1-2-4-1-1	3-0-1-2-1-1-2-3-0-2-0-1	0-0-1-3-3-2-0-3-0-1-0-2
126	2	2-2-2-2-2-2-2-2-2-2-2-3	1-3-2-1-0-3-1-4-1-2-0-2	4-1-1-0-0-1-3-3-0-2-3-0	1-1-3-0-1-1-3-0-0-0-3-1	2-3-1-0-1-3-3-1-3-1-1-1	1-1-0-1-0-1-3-1-3-2-0-1	1-2-2-1-1-2-1-1-2-0-1-2	2-0-0-1-2-1-3-1-1-2-1-1	5-1-3-1-2-2-5-1-6-2-0-2	1-0-0-3-1-1-3-5-1-1-1-1	1-2-5-2-2-3-1-0-2-1-0-3	3-0-1-1-1-1-0-1-0-0-5-1
126	3	3-2-3-2-3-3-3-3-3-3-4-4	4-2-2-4-0-2-4-4-4-4-4-4	1-4-4-4-4-5-4-4-5-4-2-4	4-4-4-4-4-4-2-4-3-0-4-3	4-2-4-4-1-2-4-4-2-1-1-4	4-5-4-6-3-4-4-4-2-3-0-5	4-5-5-1-4-3-0-4-2-2-3-4	2-5-4-4-3-1-2-3-4-2-1-1	3-1-2-4-5-0-1-1-2-5-3-4	4-5-0-2-4-5-4-2-4-1-1-3	4-5-4-0-4-1-3-1-7-1-4-5	4-5-5-1-4-3-4-1-5-3-3-3
126	4	4-7-3-4-6-4-4-4-3-3-3-3	3-6-5-3-4-5-3-3-5-3-3-3	2-3-3-3-3-3-5-6-3-3-5-3	3-3-3-3-3-3-5-3-6-5-3-3	3-1-3-3-1-5-5-3-5-4-3-3	3-3-6-3-4-3-3-3-4-4-6-6	3-3-4-6-3-4-5-3-4-6-3-5	5-3-3-3-3-1-6-5-3-4-1-8	4-1-3-3-4-0-4-5-6-4-3-3	3-1-4-3-3-3-5-4-3-1-3-3	3-4-3-5-6-8-5-4-7-5-3-4	3-3-3-8-3-6-3-1-6-0-6-4
126	5	5-4-5-7-6-5-4-5-5-5-5-8	6-4-4-5-6-4-5-7-6-3-7-6	7-3-7-3-4-6-4-6-6-6-4-5	6-6-6-6-3-3-6-3-4-4-4-7	3-8-1-5-6-4-6-5-4-6-5-3	0-3-4-5-6-3-4-6-4-4-4-3	3-3-3-6-5-6-4-6-4-4-6-4	4-3-3-4-3-6-4-5-5-6-5-6	6-6-6-3-3-5-6-4-4-5-4-5	6-6-3-7-6-3-4-2-6-6-6-3	6-3-6-4-4-6-6-6-6-4-3-3	7-3-5-4-6-3-3-6-3-6-4-3
126	6	7-4-6-7-5-4-7-7-6-5-6-5	5-4-4-6-5-4-5-7-5-5-5-5	7-7-5-7-7-5-7-7-5-7-7-7	5-5-5-7-7-7-5-7-7-7-7-5	6-5-8-7-5-6-7-6-4-6-8-7	7-8-7-3-5-6-7-7-4-6-4-4	8-6-2-5-8-6-7-7-6-6-7-4	4-7-3-7-7-5-4-7-6-5-5-5	5-5-5-7-7-0-5-7-4-5-7-6	5-5-8-5-7-7-4-4-6-5-5-6	5-6-5-8-4-5-5-5-5-7-6-6	4-6-6-1-5-4-7-5-7-5-7-7
126	7	5-4-6-6-5-8-6-6-8-7-6-8	7-4-4-6-5-8-5-6-8-7-5-5	5-6-5-6-6-7-6-6-5-6-6-6	6-7-7-6-6-6-8-6-6-7-6-5	6-5-6-6-7-6-6-6-7-7-6-6	6-7-6-8-7-8-6-6-7-7-4-7	8-6-6-7-7-7-6-6-7-6-6-7	7-6-3-6-6-8-4-6-6-5-6-7	7-5-5-6-6-0-5-7-4-6-6-0	5-6-7-8-6-6-4-4-8-5-6-6	6-6-7-0-8-8-5-5-5-7-7-7	8-6-6-7-5-7-7-5-6-5-6-6
126	8	8-7-6-6-8-8-6-8-7-5-6-7	7-8-8-6-8-8-6-8-7-8-6-7	8-8-8-6-8-8-7-7-7-8-8-8	7-8-8-8-8-8-7-8-7-8-6-5	6-5-8-8-8-8-7-8-8-8-6-8	7-8-7-7-8-8-8-8-8-8-8-8	6-8-8-8-6-8-8-8-8-8-8-8	8-8-3-7-8-7-6-6-6-5-7-5	7-5-8-7-6-8-8-7-8-8-6-0	6-5-8-8-8-7-8-7-7-8-6-8	6-8-8-8-7-7-5-5-8-7-8-8	8-7-6-4-3-8-8-5-8-8-6-8
127	0	0-0-0-0-0-0-0-0-0-0-0-0	0-0-0-0-0-0-0-0-0-0-0-0	0-0-0-0-0-0-0-0-0-0-0-0	0-0-0-0-0-0-0-0-0-0-0-0	0-0-0-0-0-0-0-0-0-0-0-0	0-0-0-0-0-0-0-0-0-0-0-0	0-0-0-0-0-0-0-0-0-0-0-0	0-0-0-0-0-0-0-0-0-0-0-0	0-0-0-0-0-0-0-0-0-0-0-0	0-0-0-0-0-0-0-0-0-0-0-0	0-0-0-0-0-0-0-0-0-0-0-0	0-0-0-0-0-0-0-0-0-0-0-0
127	1	2-2-2-2-2-1-2-2-1-2-2-3	2-2-1-2-3-2-2-2-2-2-0-2	2-1-1-2-2-2-2-2-4-2-5-2	2-3-2-2-1-2-2-2-1-2-2-2	4-2-1-2-4-1-2-1-1-3-3-1	2-1-3-3-2-2-2-2-4-1-4-0	2-1-1-2-1-2-2-2-2-2-1-1	2-1-1-2-1-2-1-2-0-1-0-3	1-0-2-0-2-4-2-1-2-2-1-1	3-0-1-1-1-1-1-5-2-2-2-1	2-1-4-2-1-2-2-4-2-1-1-1	3-1-1-1-3-3-1-0-0-2-4-1
127	2	1-1-1-1-1-1-1-1-1-1-1-1	1-1-1-2-1-1-1-1-1-1-3-1	1-4-0-1-3-1-3-1-1-1-1-1	3-0-1-3-3-3-1-6-3-1-1-1	6-1-2-5-0-3-3-3-1-1-1-3	1-3-3-1-1-1-3-1-1-1-0-4	1-5-1-1-3-1-1-3-1-1-3-3	1-5-7-3-5-1-8-6-8-1-2-1	1-0-3-4-6-1-1-3-1-2-2-2	1-5-1-1-4-4-5-1-3-1-1-5	1-1-1-1-1-1-1-0-1-4-4-3	1-3-2-1-0-1-3-0-0-1-2-1
127	3	1-4-1-1-3-1-1-3-1-1-1-1	1-4-4-2-1-1-2-4-1-1-2-3	1-2-1-1-2-1-4-5-5-4-4-5	2-1-4-2-2-2-1-2-4-4-3-1	2-1-2-2-2-4-4-2-4-1-1-2	1-2-5-1-3-1-4-3-3-3-7-3	5-2-3-4-2-3-6-2-3-5-2-2	5-2-2-5-2-1-6-0-3-3-1-1	1-0-2-2-5-2-3-2-1-4-2-4	1-2-3-3-6-2-5-1-2-1-4-2	1-1-1-6-1-1-1-5-1-2-1-2	1-2-2-3-1-1-2-0-0-2-3-1
127	4	4-3-5-5-3-1-4-4-4-5-4-5	5-3-3-5-1-1-5-7-5-1-5-5	7-5-7-2-4-1-3-6-1-5-3-3	5-6-5-5-2-5-1-4-3-3-3-6	2-6-5-6-5-3-5-5-3-1-1-4	5-2-3-4-3-8-3-3-1-1-1-3	1-3-4-4-5-1-3-5-1-1-6-3	1-2-6-3-2-6-1-2-4-4-4-4	6-6-5-2-2-1-6-2-1-3-2-3	6-6-1-0-2-2-3-1-5-5-6-2	6-1-1-1-1-5-6-6-6-2-2-2	1-2-5-6-6-6-2-7-0-7-1-1
127	5	5-7-4-8-5-5-5-6-1-4-4-4	4-6-6-4-6-5-4-3-4-1-4-4	4-4-3-2-2-1-6-3-3-4-6-3	4-4-6-4-2-4-6-4-6-3-4-4	2-4-4-2-4-5-6-4-6-5-1-2	4-6-3-0-4-4-6-2-5-5-3-5	3-2-8-5-4-5-3-4-5-3-4-7	5-2-2-3-2-1-7-0-4-5-4-4	1-4-4-6-3-5-4-2-1-5-2-3	4-2-5-3-4-6-2-1-4-4-4-2	4-6-8-3-1-4-4-4-4-4-6-5	7-2-4-1-4-7-2-4-1-2-5-1
127	6	7-6-8-6-3-5-7-5-8-6-6-8	7-5-5-7-5-1-8-7-1-7-4-7	4-7-4-8-7-8-7-4-7-7-5-7	7-4-6-7-7-7-5-7-7-7-7-4	7-4-6-7-4-7-7-7-5-6-1-7	6-7-7-6-1-4-7-7-5-6-0-7	7-7-1-7-5-7-3-7-5-3-4-7	1-7-4-7-7-4-3-2-7-4-7-4	4-4-7-7-2-1-4-7-3-6-7-8	4-4-6-7-7-5-8-1-4-4-7-2	4-5-1-3-1-4-4-4-4-7-5-6	1-7-6-7-4-4-7-4-7-6-7-7
127	7	6-8-6-4-6-8-8-8-8-6-6-8	6-5-5-6-7-8-6-4-8-6-4-8	4-6-4-6-6-6-6-7-6-7-6-6	6-7-7-6-6-6-8-6-6-6-6-8	6-4-6-6-7-6-8-6-7-7-1-6	6-8-6-6-7-4-6-6-7-7-3-7	6-6-7-6-8-7-7-7-7-1-6-6	7-6-2-6-6-1-5-6-6-5-6-4	7-7-6-6-6-1-1-6-3-5-6-0	1-6-7-6-6-5-6-1-8-1-6-2	4-7-7-1-6-7-4-6-6-6-5-7	5-6-6-6-6-5-6-4-6-4-6-6
127	8	8-7-6-5-8-7-7-8-7-4-8-7	6-5-8-6-8-8-6-8-8-8-6-7	8-8-8-6-8-6-8-6-6-8-7-8	6-8-8-8-8-8-7-8-7-8-8-7	8-4-8-8-8-8-7-8-8-8-7-8	7-8-8-6-8-4-6-8-8-8-8-7	7-8-8-4-7-8-8-8-8-8-4-6	8-8-8-7-8-8-2-2-2-5-7-7	7-8-8-8-6-8-8-6-8-8-6-6	6-4-8-8-8-2-6-8-7-8-4-8	4-1-5-8-1-1-7-4-1-8-8-8	8-7-7-1-4-8-8-0-8-8-6-1
128	0	0-0-0-0-0-0-0-0-0-0-0-0	0-0-0-0-0-0-0-0-0-0-0-0	0-0-0-0-0-0-0-0-0-0-0-0	0-0-0-0-0-0-0-0-0-0-0-0	0-0-0-0-0-0-0-0-0-0-0-0	0-0-0-0-0-0-0-0-0-0-0-0	0-0-0-0-0-0-0-0-0-0-0-0	0-0-0-0-0-0-0-0-0-0-0-0	0-0-0-0-0-0-0-0-0-0-0-0	0-0-0-0-0-0-0-0-0-0-0-0	0-0-0-0-0-0-0-0-0-0-0-0	0-0-0-0-0-0-0-0-0-0-0-0
128	1	1-1-1-1-1-0-1-0-1-0-1-1	0-0-0-3-0-0-0-0-0-0-0-0	2-3-0-3-2-0-2-0-0-2-0-1	2-0-0-2-2-2-0-1-1-0-1-1	1-0-1-0-0-1-2-2-1-0-0-1	2-3-2-0-0-3-2-1-1-0-3-2	2-1-0-0-2-1-0-2-3-1-1-2	3-1-1-2-1-0-0-7-1-0-0-0	1-0-2-2-3-2-0-3-0-1-1-2	0-1-0-2-2-1-0-1-2-0-0-1	0-1-0-3-0-0-0-1-0-1-2-0	0-1-1-0-0-1-3-0-1-1-1-1
128	2	2-2-1-2-2-2-2-2-2-2-2-1	0-3-2-1-0-3-0-2-3-3-1-3	1-1-4-1-1-0-3-3-0-1-3-3	1-2-2-1-1-1-0-1-3-2-3-0	2-0-1-3-1-3-3-1-2-2-0-1	1-1-3-0-2-1-3-2-2-2-5-1	1-1-2-4-1-2-3-1-0-2-1-1	2-0-3-3-2-3-4-3-1-0-2-0	0-0-1-1-2-1-2-1-2-2-1-1	3-1-2-3-1-1-3-2-1-3-3-1	3-1-2-2-0-0-0-3-0-0-1-2	0-1-1-3-0-3-1-0-4-1-2-1
128	3	3-2-3-2-2-3-3-3-3-3-3-7	3-2-2-1-5-2-4-3-4-3-4-3	6-4-6-1-3-4-2-2-5-1-2-3	4-5-4-3-1-1-5-1-2-2-4-6	1-4-1-3-6-2-2-3-2-6-3-3	1-1-2-3-6-1-2-1-2-2-1-4	6-1-2-3-4-3-2-4-1-1-2-2	1-1-5-2-1-6-0-2-1-3-3-6	4-0-4-4-1-5-5-1-6-3-1-3	4-7-0-4-4-1-2-2-6-2-5-1	5-1-6-1-5-5-6-5-5-2-4-3	4-1-5-2-5-2-1-5-1-6-2-1
128	4	5-4-5-4-5-5-5-6-5-5-4-4	5-2-2-6-5-5-5-6-5-5-6-5	4-5-5-5-4-5-5-5-5-5-5-4	5-3-5-5-6-6-5-6-4-2-5-4	5-3-6-6-3-4-5-5-2-4-6-5	4-6-5-6-3-6-5-5-5-2-2-6	2-5-5-2-5-6-4-5-4-4-6-5	1-6-6-5-6-4-7-6-5-3-3-3	3-0-3-5-7-6-3-5-2-4-5-6	3-6-4-3-3-5-5-7-5-3-3-6	3-4-3-6-7-3-3-3-3-6-5-6	3-5-4-2-3-3-5-3-2-3-2-5
128	5	4-7-4-4-4-4-4-4-4-4-4-4	4-6-6-4-4-4-4-4-4-4-4-4	3-4-4-4-4-4-6-4-4-4-6-4	4-3-4-4-4-4-4-4-6-6-6-4	4-4-4-4-5-6-6-4-6-4-4-4	6-4-4-7-5-4-6-4-4-5-2-4	3-4-6-2-4-4-6-6-5-5-4-4	2-4-3-6-4-4-4-6-4-5-3-3	3-0-6-4-5-3-3-4-6-2-4-4	3-3-5-7-6-4-4-2-4-6-3-4	3-1-6-4-3-3-3-3-3-0-4-5	6-4-4-6-3-0-4-3-3-1-6-4
128	6	4-5-4-4-4-7-4-4-4-4-4-7	7-5-5-4-6-5-4-4-4-4-4-4	3-4-4-4-4-4-5-6-4-4-5-6	4-3-6-4-4-4-7-4-5-5-5-7	4-3-4-4-6-5-7-3-5-4-4-4	7-4-4-7-6-4-5-4-6-6-2-4	3-4-5-6-7-4-5-5-6-5-4-5	6-4-4-5-4-3-7-4-1-6-4-3	3-6-5-4-4-4-3-4-7-6-4-4	3-4-5-7-5-1-4-4-7-5-6-4	5-6-3-4-0-7-3-6-6-4-6-4	5-7-7-6-6-6-4-3-3-3-5-4
128	7	7-5-4-4-7-6-6-7-4-4-4-6	4-5-7-4-7-7-4-4-4-7-4-6	7-7-7-4-7-7-7-6-4-7-4-7	6-7-7-7-7-4-6-7-6-7-7-6	4-3-7-7-7-7-6-7-7-7-1-4	6-7-7-6-7-4-6-7-7-7-7-6	6-7-7-7-4-7-7-7-7-7-7-7	7-5-4-6-4-4-6-1-4-5-6-7	4-6-7-7-4-7-7-4-6-5-5-4	4-3-5-6-7-1-7-4-6-7-6-7	3-1-6-6-4-6-3-3-3-0-7-7	7-6-6-7-3-7-7-3-7-7-2-7
129	0	0-0-0-0-0-0-0-0-0-0-0-0	0-0-0-0-0-0-0-0-0-0-0-0	0-0-0-0-0-0-0-0-0-0-0-0	0-0-0-0-0-0-0-0-0-0-0-0	0-0-0-0-0-0-0-0-0-0-0-0	0-0-0-0-0-0-0-0-0-0-0-0	0-0-0-0-0-0-0-0-0-0-0-0	0-0-0-0-0-0-0-0-0-0-0-0	0-0-0-0-0-0-0-0-0-0-0-0	0-0-0-0-0-0-0-0-0-0-0-0	0-0-0-0-0-0-0-0-0-0-0-0	0-0-0-0-0-0-0-0-0-0-0-0
129	1	1-1-1-1-1-0-1-1-1-1-1-1	0-0-0-1-0-0-0-2-0-1-0-0	0-3-0-2-2-3-2-3-0-2-0-2	2-0-1-3-3-2-0-3-1-0-1-0	1-0-1-0-0-1-2-2-1-1-6-0	3-3-2-0-0-3-2-2-1-1-3-0	3-2-1-0-2-3-1-0-1-1-3-2	3-1-3-2-1-0-1-6-1-0-0-0	1-0-2-2-3-1-0-2-1-1-1-1	0-3-0-2-2-3-2-0-2-0-0-1	0-1-0-1-0-0-0-0-0-1-1-1	0-2-1-0-3-1-2-0-1-1-1-3
129	2	2-2-2-2-2-2-2-2-2-2-2-2	1-3-2-1-3-3-0-1-0-2-0-1	2-1-3-1-1-1-3-4-0-1-3-1	1-2-3-1-1-1-4-2-4-4-1-0	2-0-2-0-0-1-3-1-3-2-0-1	1-1-3-0-2-1-3-1-2-2-2-2	5-1-2-0-1-1-3-1-2-4-1-1	2-3-6-1-1-3-4-3-1-0-2-1	3-0-1-1-0-1-0-1-4-2-1-2	3-1-2-1-1-1-3-3-1-3-0-1	3-1-0-4-2-0-0-3-3-1-1-1	0-1-1-3-0-0-1-0-1-3-2-2
129	3	3-2-4-2-2-4-3-3-4-3-4-4	3-2-2-4-4-2-3-4-4-2-4-4	5-4-5-1-1-1-2-4-6-4-2-3	4-4-4-1-1-4-4-1-2-2-2-4	1-0-3-3-4-1-4-3-3-5-5-6	1-4-2-3-4-1-2-1-1-2-1-3	1-1-2-3-4-1-4-4-4-1-1-1	1-2-1-2-1-2-3-2-1-3-3-4	4-3-3-1-1-3-4-1-2-3-1-4	4-4-2-1-4-1-2-2-4-4-4-1	4-1-5-2-6-4-4-6-4-1-3-3	3-1-1-2-4-3-2-5-6-5-3-1
129	4	4-3-3-6-2-3-4-5-3-4-3-5	4-2-2-6-4-5-5-5-3-4-6-3	3-5-3-5-5-6-5-5-5-5-3-5	5-3-3-5-5-5-5-4-5-2-5-3	5-0-4-5-3-4-5-5-4-4-3-5	5-4-5-5-3-1-5-5-4-4-2-5	6-1-2-3-6-4-3-5-3-2-5-5	4-5-3-5-5-3-2-4-4-5-3-3	3-6-5-5-4-3-3-5-2-4-5-3	3-5-4-5-5-1-4-2-3-3-5-1	3-4-3-2-3-3-3-5-3-5-4-4	3-2-4-4-5-3-5-3-5-4-5-4
129	5	6-6-4-6-5-6-6-6-6-5-5-6	4-2-2-4-5-5-4-4-3-4-4-6	3-4-3-4-4-3-4-4-4-4-6-4	4-5-5-4-4-4-6-4-4-4-4-6	4-0-4-4-5-4-4-4-5-5-3-4	6-6-4-6-3-6-4-4-5-5-2-5	6-1-2-5-4-5-5-6-5-2-4-4	5-4-2-4-4-5-2-4-5-4-4-3	5-5-5-4-4-3-3-4-3-5-4-3	4-4-4-4-4-1-4-2-3-4-5-1	3-5-3-2-2-6-3-4-4-4-5-5	3-2-4-4-4-4-4-3-4-3-4-4
129	6	6-5-6-4-6-5-5-6-5-5-5-5	4-6-6-4-6-6-4-6-6-6-4-5	6-6-6-4-6-4-6-5-4-6-5-6	5-6-6-6-6-6-5-6-6-6-6-5	4-6-6-6-6-6-5-6-6-6-1-3	6-5-4-5-6-6-6-6-6-6-2-5	5-6-6-6-4-6-6-6-6-6-4-6	6-6-2-4-6-5-6-1-1-4-3-4	4-4-6-6-4-6-6-4-6-6-4-2	4-6-6-6-6-1-6-2-5-6-4-6	3-6-3-5-3-3-3-3-3-4-6-6	6-6-5-2-4-6-6-3-6-6-4-1
130	0	0-0-0-0-0-0-0-0-0-0-0-0	0-0-0-0-0-0-0-0-0-0-0-0	0-0-0-0-0-0-0-0-0-0-0-0	0-0-0-0-0-0-0-0-0-0-0-0	0-0-0-0-0-0-0-0-0-0-0-0	0-0-0-0-0-0-0-0-0-0-0-0	0-0-0-0-0-0-0-0-0-0-0-0	0-0-0-0-0-0-0-0-0-0-0-0	0-0-0-0-0-0-0-0-0-0-0-0	0-0-0-0-0-0-0-0-0-0-0-0	0-0-0-0-0-0-0-0-0-0-0-0	0-0-0-0-0-0-0-0-0-0-0-0
130	1	1-1-1-2-1-1-1-1-1-1-1-2	2-2-1-1-2-2-1-2-1-1-2-2	1-2-2-2-2-2-2-2-3-2-2-2	2-1-2-2-1-2-2-2-1-2-1-1	2-1-2-2-1-1-2-1-2-2-2-0	4-0-2-0-2-2-2-2-1-1-4-2	1-1-2-1-1-1-0-2-1-2-1-1	1-1-0-1-1-3-1-2-1-1-0-3	1-0-0-0-2-3-5-1-2-2-1-2	2-1-2-2-1-1-1-1-0-3-2-1	1-7-4-4-2-2-1-1-3-1-2-2	3-1-1-7-3-1-1-2-1-1-4-1
130	2	2-1-1-2-1-1-1-1-1-1-1-1	1-1-1-2-1-1-3-1-1-1-3-1	1-2-1-1-3-1-3-1-1-3-1-3	3-3-1-4-3-3-1-4-1-1-3-1	1-1-1-1-3-3-3-3-1-1-1-3	1-7-3-3-1-1-3-3-1-1-0-2	3-4-1-0-3-2-2-3-1-1-3-3	1-4-4-3-3-1-7-7-5-1-6-0	2-0-3-3-4-1-1-4-1-3-3-1	1-3-1-1-3-2-3-1-3-1-1-4	1-3-1-1-1-1-0-0-0-3-1-1	1-3-3-1-1-1-3-1-0-2-2-4
130	3	1-4-1-1-4-1-1-1-1-1-1-2	1-5-3-2-2-1-2-2-1-1-2-2	7-3-1-1-2-2-4-5-1-2-4-4	2-2-4-1-2-2-1-1-5-5-4-0	3-0-2-5-2-2-4-2-4-3-1-2	1-0-2-2-3-2-4-2-3-3-6-3	2-1-4-0-2-3-4-2-0-3-2-2	3-2-2-2-2-1-5-1-2-3-0-1	3-0-2-2-3-1-1-2-1-5-2-3	1-2-1-6-2-5-2-1-2-1-7-2	6-2-7-3-1-1-0-0-1-2-1-1	1-2-2-1-1-1-2-1-0-1-5-1
130	4	1-3-1-7-3-1-1-1-1-4-1-1	5-3-3-2-1-1-4-5-1-4-5-5	6-5-6-1-4-2-3-6-5-5-3-4	5-5-3-5-2-2-5-2-4-3-3-0	1-5-0-4-5-4-5-4-5-6-1-7	1-4-3-1-5-2-3-2-3-3-1-2	4-2-3-0-4-1-3-5-4-1-0-3	1-2-5-3-2-5-3-2-2-4-4-6	7-7-5-2-2-1-1-7-1-4-2-4	1-2-3-0-5-2-0-1-5-1-1-2	7-2-1-1-1-1-5-7-1-7-2-1	1-2-4-1-1-1-2-5-7-6-1-2
130	5	7-7-7-5-5-6-7-5-5-5-5-6	4-3-3-6-2-1-6-7-6-4-6-4	5-6-4-6-6-6-6-3-6-6-4-6	6-4-4-6-6-6-4-6-6-6-6-0	6-4-6-5-4-6-6-6-4-5-6-6	6-6-6-5-4-1-6-6-1-3-3-6	5-5-3-5-4-5-3-6-4-5-6-2	4-5-4-6-6-4-3-6-2-4-6-4	4-4-6-6-6-1-1-6-1-3-6-4	7-6-1-3-6-3-6-1-4-1-1-6	6-1-4-3-1-4-4-0-6-6-1-1	1-6-5-6-7-1-6-4-6-6-6-6
130	6	5-7-5-5-5-7-7-7-7-5-5-7	7-3-3-5-7-1-5-5-7-4-5-5	4-5-4-5-5-5-5-6-5-5-6-5	5-6-6-5-5-5-7-5-5-5-5-7	5-4-5-5-6-5-5-5-4-6-1-5	7-5-5-7-6-2-5-5-6-6-3-5	7-5-1-6-7-6-3-5-6-1-5-5	6-5-5-5-5-1-3-5-2-3-5-4	6-6-5-5-5-1-6-5-1-5-5-3	5-5-6-3-5-5-5-7-7-1-6-5	5-6-4-7-5-6-4-6-6-5-5-6	1-7-7-6-6-1-5-4-5-4-5-5
130	7	7-6-5-5-7-6-6-7-6-5-5-6	6-7-7-5-7-7-4-5-7-7-5-5	7-7-7-7-7-7-7-6-7-7-6-7	6-7-7-7-7-7-6-7-7-7-7-6	5-7-7-7-7-7-6-7-7-7-1-5	6-7-7-6-7-7-7-7-7-7-7-6	6-7-7-7-6-7-7-7-7-7-5-7	7-7-7-6-7-7-5-2-2-4-5-4	4-4-7-7-5-7-7-4-7-1-5-5	5-5-7-7-7-5-7-6-6-7-1-7	3-1-3-6-1-1-6-4-1-7-7-7	7-6-6-1-6-7-7-7-7-7-5-7
131	0	0-0-0-0-0-0-0-0-0-0-0-0	0-0-0-0-0-0-0-0-0-0-0-0	0-0-0-0-0-0-0-0-0-0-0-0	0-0-0-0-0-0-0-0-0-0-0-0	0-0-0-0-0-0-0-0-0-0-0-0	0-0-0-0-0-0-0-0-0-0-0-0	0-0-0-0-0-0-0-0-0-0-0-0	0-0-0-0-0-0-0-0-0-0-0-0	0-0-0-0-0-0-0-0-0-0-0-0	0-0-0-0-0-0-0-0-0-0-0-0	0-0-0-0-0-0-0-0-0-0-0-0	0-0-0-0-0-0-0-0-0-0-0-0
131	1	1-1-1-1-1-1-1-1-1-1-1-1	0-2-1-0-0-2-0-2-1-1-0-0	2-0-0-1-2-0-2-2-0-0-2-2	0-0-0-0-0-0-0-1-2-2-2-1	0-0-1-0-0-1-2-0-1-0-0-0	4-2-0-0-0-0-2-0-2-1-0-0	0-2-1-0-0-1-0-0-1-1-0-0	1-0-0-0-1-0-1-0-0-0-4-0	1-0-0-0-1-0-1-0-2-0-0-1	0-1-0-2-0-0-0-0-0-0-1-1	0-0-0-2-2-0-0-0-2-0-0-3	1-1-1-1-1-0-4-0-0-0-1-1
131	2	2-1-3-1-1-1-2-1-2-2-2-3	3-1-1-3-1-1-3-1-3-1-3-3	1-3-0-4-3-4-3-1-3-3-1-1	3-0-2-3-3-3-3-5-3-1-3-2	3-0-3-3-3-3-3-3-2-0-2-3	3-1-3-2-2-0-3-3-1-0-0-3	3-1-1-0-3-0-3-3-0-2-2-3	1-2-2-3-2-0-7-2-2-0-2-0	2-0-3-3-4-3-0-3-1-2-2-2	0-3-0-1-3-2-3-2-3-0-0-2	0-2-0-1-1-2-0-0-1-2-3-2	0-3-2-2-0-2-3-0-4-2-2-3
131	3	3-3-2-3-3-3-3-3-3-2-3-2	2-5-3-2-1-3-2-4-2-3-2-4	0-3-5-2-2-2-2-5-2-4-2-4	2-4-3-2-2-2-2-2-2-4-4-2	4-0-2-2-4-4-2-2-4-3-2-2	2-2-2-3-3-4-4-2-1-3-6-2	4-1-3-4-2-3-5-2-3-6-0-2	3-2-2-2-2-4-5-2-3-3-0-0	3-0-2-2-3-2-4-4-3-2-2-3	0-2-3-4-2-2-2-3-2-3-4-2	6-2-7-4-1-4-0-3-0-2-2-1	0-2-2-2-1-3-2-0-0-4-3-2
131	4	5-4-5-5-5-5-5-5-5-4-4-4	4-3-3-2-6-5-6-4-5-5-5-5	4-5-6-2-3-4-5-5-5-3-5-4	5-5-5-5-2-2-5-4-3-4-3-5	3-5-5-6-5-3-5-5-3-4-4-7	1-5-6-4-3-5-3-2-5-4-3-5	5-1-4-5-4-5-3-5-4-3-5-5	5-2-5-3-5-5-5-2-5-6-5-5	5-5-6-2-2-2-5-5-6-4-5-5	4-2-4-3-5-2-5-3-5-5-5-2	5-2-5-5-5-5-5-3-5-5-4-5	5-2-4-5-5-5-2-7-5-5-5-5
131	5	4-4-5-6-4-4-4-4-4-4-4-4	4-3-3-6-6-4-4-6-4-4-6-4	6-6-4-6-6-4-6-6-4-6-4-5	4-4-4-4-6-6-4-6-6-3-6-4	5-4-4-6-4-5-6-4-3-5-6-6	2-7-7-4-5-4-6-6-4-5-3-5	4-5-3-4-5-5-3-7-4-3-6-6	4-6-4-6-6-4-4-6-4-5-6-4	4-4-4-5-7-6-4-4-4-6-6-4	7-6-3-4-6-5-4-3-4-4-4-6	4-5-4-4-4-4-4-6-4-4-5-6	4-5-5-4-4-4-5-4-6-4-6-4
131	6	5-7-5-5-4-4-4-4-4-4-4-7	7-3-3-5-5-4-4-5-4-4-5-5	7-5-4-5-5-6-5-7-7-5-6-5	5-6-6-4-5-5-7-5-5-6-5-4	5-4-4-4-6-5-7-6-6-6-5-5	7-6-5-7-6-5-5-5-6-6-3-6	7-5-4-6-7-6-3-7-6-3-5-5	6-5-5-5-5-6-4-5-6-4-5-4	6-6-4-6-5-5-6-6-4-5-5-4	6-5-6-5-5-5-6-3-4-4-6-5	5-6-5-4-7-5-4-6-6-7-6-5	7-7-6-6-6-6-6-4-5-4-5-5
131	7	7-6-5-5-7-7-4-7-4-4-4-6	6-7-7-5-7-4-4-5-7-7-5-5	7-6-7-5-7-6-6-6-6-7-4-7	6-7-7-7-7-7-6-7-6-7-7-6	5-4-7-7-6-7-6-7-7-7-5-5	6-5-7-4-7-4-7-7-7-7-7-7	6-7-7-7-6-7-7-5-7-7-4-5	7-5-5-6-5-6-2-5-6-4-5-4	4-7-2-6-5-7-7-6-4-3-5-5	6-5-7-7-7-6-7-6-7-7-5-7	5-7-7-7-6-4-7-5-7-6-7-7	6-6-7-6-6-7-7-4-7-7-5-7
132	0	0-0-0-0-0-0-0-0-0-0-0-0	0-0-0-0-0-0-0-0-0-0-0-0	0-0-0-0-0-0-0-0-0-0-0-0	0-0-0-0-0-0-0-0-0-0-0-0	0-0-0-0-0-0-0-0-0-0-0-0	0-0-0-0-0-0-0-0-0-0-0-0	0-0-0-0-0-0-0-0-0-0-0-0	0-0-0-0-0-0-0-0-0-0-0-0	0-0-0-0-0-0-0-0-0-0-0-0	0-0-0-0-0-0-0-0-0-0-0-0	0-0-0-0-0-0-0-0-0-0-0-0	0-0-0-0-0-0-0-0-0-0-0-0
132	1	1-0-1-1-1-1-1-0-1-1-1-1	1-0-0-1-0-1-1-2-0-1-2-0	2-2-2-0-2-2-2-2-0-1-2-2	2-2-2-1-1-1-0-4-1-0-0-1	0-2-4-2-2-0-2-1-0-2-0-1	1-6-0-0-0-2-0-0-0-0-0-2	0-0-0-1-2-0-0-0-0-1-0-0	0-0-0-0-0-2-0-0-0-1-1-0	0-1-2-0-0-0-0-2-0-1-0-2	1-1-1-2-0-1-0-0-1-2-0-0	0-0-1-1-1-1-2-2-0-1-0-1	1-1-1-2-1-1-0-1-1-1-1-0
132	2	2-2-2-2-2-2-2-2-2-2-2-2	3-0-0-2-0-2-3-3-3-1-3-3	1-1-3-4-3-1-3-3-0-4-3-3	3-1-1-3-3-3-0-3-2-0-2-3	4-1-1-3-1-2-3-3-2-1-3-3	3-3-3-2-2-4-3-3-0-0-0-4	3-4-2-1-3-0-0-3-0-2-3-3	0-4-3-3-2-1-0-8-2-1-0-0	2-1-1-3-4-3-1-4-0-2-4-1	3-3-2-1-3-2-3-0-3-1-3-4	3-4-1-0-0-2-1-1-0-2-3-1	0-3-2-1-2-2-3-1-2-2-2-4
132	3	3-4-2-3-4-3-3-3-3-3-3-3	2-4-4-2-0-2-2-4-4-1-2-4	1-1-2-2-2-1-4-2-4-2-4-2	2-3-3-3-2-2-7-2-4-4-4-2	2-3-1-2-2-4-4-2-3-3-2-2	2-2-4-3-3-2-4-3-3-3-6-3	2-2-3-6-2-3-4-2-3-4-2-2	3-2-2-2-2-4-6-4-2-0-8-4	4-1-1-2-3-3-3-2-3-3-2-4	2-2-4-6-2-2-2-4-2-4-2-3	2-2-1-6-7-2-3-3-1-2-2-0	3-2-1-4-0-3-2-1-6-4-6-2
132	4	4-3-4-5-3-3-4-3-3-4-4-3	4-3-3-2-5-2-5-3-5-1-5-6	4-5-6-2-4-5-3-4-3-2-3-4	5-6-5-5-2-2-4-2-3-3-3-2	2-6-1-4-6-3-3-5-3-4-4-2	3-2-3-4-7-2-3-3-3-3-0-3	3-2-3-3-5-4-3-5-3-2-6-4	3-2-6-3-3-3-4-2-2-4-5-7	4-4-5-2-2-4-6-2-3-4-2-4	6-8-3-3-5-3-0-3-6-6-5-2	6-2-4-5-3-6-6-6-5-2-4-4	0-2-2-3-6-3-2-4-6-3-3-2
132	5	6-5-6-6-7-6-6-7-6-6-6-6	6-6-6-2-7-6-4-6-6-6-6-6	5-4-6-6-6-6-6-6-6-6-8-6	6-5-6-7-2-6-6-6-6-7-5-6	7-7-6-6-5-5-6-5-6-6-7-5	6-6-6-5-4-6-5-7-6-5-0-5	6-6-5-3-5-5-6-6-5-7-8-6	5-2-4-5-5-6-5-7-5-7-6-5	6-6-4-5-7-7-6-6-7-5-2-7	4-6-6-5-4-8-6-5-4-6-6-2	4-6-6-5-6-8-4-4-6-8-6-5	6-8-5-8-6-7-7-4-5-3-5-8
132	6	5-5-5-8-5-5-5-5-5-5-5-5	5-5-5-7-7-5-7-7-5-5-8-5	1-7-5-5-7-5-7-5-5-7-5-5	5-4-5-5-7-7-5-5-5-5-7-5	7-4-5-7-4-7-7-7-5-5-5-7	5-5-5-6-4-5-7-5-5-5-3-6	5-5-5-3-8-5-5-7-5-6-7-5	5-7-4-6-7-5-3-7-6-4-7-4	5-4-1-7-5-5-5-5-5-5-6-5	4-7-5-5-7-5-5-5-4-4-5-6	4-5-5-4-5-5-4-4-5-7-5-5	5-6-6-5-5-5-6-4-7-4-3-5
132	7	6-8-5-6-5-5-5-5-5-5-5-5	5-5-5-6-6-5-6-6-5-5-6-5	5-6-5-5-6-7-6-5-5-6-7-6	6-7-7-5-6-6-8-5-5-5-6-5	6-5-5-6-7-6-6-6-7-7-5-6	5-5-7-6-4-5-6-5-7-7-0-7	7-5-5-3-8-7-7-6-7-5-6-5	7-7-6-6-6-5-3-6-7-5-6-4	7-5-7-6-5-5-7-7-5-5-6-5	7-6-7-5-6-5-5-5-8-4-5-7	6-7-5-5-3-5-4-7-7-6-5-7	5-7-6-7-5-5-5-4-6-6-6-5
132	8	8-7-6-6-8-7-5-8-5-5-5-5	5-5-8-6-8-5-6-6-5-8-6-5	8-8-8-5-8-5-7-5-5-8-5-8	7-8-5-8-8-8-7-8-8-8-8-5	5-5-8-8-8-8-7-8-8-8-6-6	5-8-8-6-8-4-8-8-8-8-8-8	5-8-8-8-6-8-8-8-8-6-5-5	8-8-6-7-8-5-6-6-6-5-5-4	5-8-8-8-2-8-8-5-5-5-7-3	7-4-8-8-8-5-8-5-8-8-5-8	4-5-5-5-5-5-4-4-5-5-8-8	8-5-5-5-5-8-8-5-8-8-6-5
133	0	0-0-0-0-0-0-0-0-0-0-0-0	0-0-0-0-0-0-0-0-0-0-0-0	0-0-0-0-0-0-0-0-0-0-0-0	0-0-0-0-0-0-0-0-0-0-0-0	0-0-0-0-0-0-0-0-0-0-0-0	0-0-0-0-0-0-0-0-0-0-0-0	0-0-0-0-0-0-0-0-0-0-0-0	0-0-0-0-0-0-0-0-0-0-0-0	0-0-0-0-0-0-0-0-0-0-0-0	0-0-0-0-0-0-0-0-0-0-0-0	0-0-0-0-0-0-0-0-0-0-0-0	0-0-0-0-0-0-0-0-0-0-0-0
133	1	1-1-1-1-1-1-1-0-1-1-1-1	1-0-0-1-0-1-1-0-0-0-0-2	1-1-2-0-1-2-2-1-0-0-2-1	1-2-2-1-1-2-0-1-0-2-0-1	0-3-1-0-8-0-2-2-2-0-0-1	0-3-0-1-0-1-0-1-0-0-0-2	0-0-0-1-0-0-0-0-0-1-1-0	4-0-0-0-1-2-0-0-1-1-2-1	1-2-2-0-0-0-2-2-0-1-1-0	2-1-1-2-0-0-0-0-1-2-3-0	2-0-1-0-4-1-1-3-3-1-0-1	1-1-1-1-1-1-1-1-1-1-1-0
133	2	2-1-3-4-2-2-2-2-2-2-3-2	2-3-0-3-0-1-3-3-0-2-3-3	1-3-3-3-3-1-3-3-4-3-1-3	3-1-3-3-3-3-0-8-3-1-3-1	6-1-0-3-1-2-3-3-1-6-3-3	2-4-6-2-2-6-3-3-0-2-0-4	3-4-4-1-3-0-2-3-0-2-2-3	2-4-8-3-2-1-0-6-2-1-8-0	1-1-1-3-4-2-1-3-0-2-4-2	1-2-0-1-3-4-3-0-3-1-2-4	3-4-1-0-0-2-1-1-0-2-3-4	1-3-1-1-2-2-3-1-2-2-3-4
133	3	3-3-2-3-3-3-3-3-3-2-2-2	2-4-4-2-5-4-2-2-4-2-2-2	4-2-2-2-2-2-4-4-0-2-4-2	2-2-2-2-2-2-4-2-2-4-2-1	2-1-1-2-3-2-4-2-4-0-2-2	2-1-4-2-3-2-4-2-3-3-3-2	2-2-3-4-2-3-4-2-3-3-4-2	3-2-2-2-2-1-4-7-2-4-1-3	0-1-2-2-3-5-1-2-6-3-2-4	2-4-3-2-2-3-2-5-2-4-4-2	8-0-3-3-1-2-3-1-1-2-2-3	7-2-1-4-3-2-2-3-1-3-2-3
133	4	4-6-5-8-3-4-5-4-4-4-4-6	5-3-3-5-5-3-5-4-5-5-5-5	4-5-5-2-4-5-5-5-5-5-3-5	5-5-6-2-2-5-3-1-3-3-3-9	2-5-3-8-5-3-5-5-3-4-5-9	5-1-3-4-6-2-3-4-3-3-3-2	3-2-3-3-5-4-3-5-4-3-5-1	1-2-6-3-2-5-3-3-6-4-4-6	5-6-4-2-2-4-5-5-3-4-2-3	5-5-3-3-6-2-3-3-5-6-7-2	9-2-5-9-1-5-6-5-5-2-3-4	3-2-5-3-7-6-2-5-7-8-7-2
133	5	4-5-4-5-6-5-5-5-5-4-4-4	4-7-6-4-7-5-4-3-4-4-4-4	4-4-4-2-2-4-6-4-7-4-6-4	4-4-5-4-2-4-4-2-6-5-6-1	2-4-3-2-4-6-6-4-6-4-4-2	6-1-3-4-4-4-6-8-6-5-3-5	4-7-6-5-4-5-2-4-5-8-4-5	0-2-2-6-2-4-7-5-2-6-4-4	5-4-4-4-3-3-4-4-6-4-2-3	4-4-3-6-4-6-8-3-4-4-4-2	4-6-4-3-4-4-4-4-4-5-3-5	3-5-4-1-4-3-2-4-4-4-5-3
133	6	4-4-6-7-5-5-6-8-6-6-6-7	7-5-5-8-4-7-7-6-7-7-8-4	4-8-4-8-7-9-7-8-7-4-5-7	7-4-7-8-7-8-5-6-5-6-8-1	2-4-1-2-4-5-7-7-5-6-8-6	7-7-7-2-4-2-7-7-5-5-0-8	7-5-5-6-7-6-4-7-3-5-6-7	6-7-4-7-7-7-3-8-6-5-6-4	4-4-5-7-6-7-4-5-5-7-6-3	4-8-6-5-4-8-5-3-7-4-8-6	4-6-4-0-1-4-4-4-4-7-7-6	3-7-7-6-4-4-2-4-2-4-2-3
133	7	6-7-4-9-7-5-9-7-7-6-7-6	6-8-7-4-5-6-6-8-4-7-6-4	4-6-6-6-6-4-8-6-8-5-8-6	6-4-8-6-6-6-8-6-8-8-8-1	2-4-1-4-4-8-8-6-7-7-6-6	6-6-6-8-7-2-6-6-7-7-0-7	6-5-8-9-6-9-7-6-7-7-4-6	7-8-4-6-6-6-5-6-6-5-6-4	4-4-4-6-7-2-8-4-7-6-6-3	4-6-7-6-8-6-6-7-6-4-4-5	4-6-9-9-8-4-4-4-4-6-6-7	3-6-6-6-4-4-6-4-4-6-8-8
133	8	9-9-9-4-7-9-9-6-9-8-6-9	6-7-7-4-5-9-6-7-9-8-9-6	4-6-6-6-6-8-7-6-9-8-7-6	6-4-8-6-6-6-7-6-7-7-6-1	2-4-1-4-1-7-7-6-8-8-6-6	9-7-6-6-8-4-7-5-8-8-0-6	9-2-7-9-9-8-7-0-8-5-6-6	8-7-2-7-6-9-3-6-9-8-2-4	8-4-9-6-6-9-7-5-7-6-6-0	9-6-8-7-7-6-5-3-8-4-6-2	3-8-7-0-9-9-4-1-6-8-8-8	9-6-8-6-8-8-2-4-7-4-7-7
133	9	9-8-9-7-9-8-8-9-8-8-9-9	6-7-9-4-9-8-6-9-9-9-8-9	9-9-9-2-9-6-8-8-8-9-9-9	8-9-9-9-9-9-8-9-7-9-9-4	9-4-9-9-9-9-8-9-9-9-6-9	8-9-9-6-9-4-9-9-9-9-9-9	8-9-9-7-8-9-9-9-9-9-5-8	9-9-2-8-9-4-9-2-8-5-8-4	8-8-8-9-2-9-9-6-9-5-2-8	8-4-9-9-9-2-9-6-8-9-9-9	4-9-7-7-8-8-4-4-4-8-9-8	8-8-8-3-7-9-9-4-9-9-8-9
134	0	0-0-0-0-0-0-0-0-0-0-0-0	0-0-0-0-0-0-0-0-0-0-0-0	0-0-0-0-0-0-0-0-0-0-0-0	0-0-0-0-0-0-0-0-0-0-0-0	0-0-0-0-0-0-0-0-0-0-0-0	0-0-0-0-0-0-0-0-0-0-0-0	0-0-0-0-0-0-0-0-0-0-0-0	0-0-0-0-0-0-0-0-0-0-0-0	0-0-0-0-0-0-0-0-0-0-0-0	0-0-0-0-0-0-0-0-0-0-0-0	0-0-0-0-0-0-0-0-0-0-0-0	0-0-0-0-0-0-0-0-0-0-0-0
134	1	1-1-1-1-1-1-1-1-1-0-1-1	0-2-1-0-0-2-0-2-0-0-0-1	0-0-0-0-1-0-2-0-0-0-2-1	0-0-0-0-0-0-0-0-2-1-2-0	0-0-0-0-0-1-2-0-1-0-0-0	0-0-0-0-0-0-2-0-1-1-1-0	1-2-1-0-2-1-4-0-1-1-0-1	0-1-0-0-1-0-0-0-0-2-0-0	1-0-0-0-0-0-4-2-2-0-1-1	0-0-4-0-0-0-0-1-0-0-0-1	2-0-0-1-1-0-0-0-0-0-1-1	0-1-1-2-0-0-7-0-0-1-1-1
134	2	2-1-2-2-1-1-2-2-2-2-2-3	3-1-1-2-4-1-2-3-0-2-0-4	3-2-0-5-3-3-3-4-0-4-1-3	3-0-3-4-4-3-1-4-3-2-3-0	2-0-2-4-3-3-3-3-1-0-8-2	3-8-3-0-0-4-3-3-1-1-0-4	3-1-1-0-3-0-3-3-2-4-2-3	0-4-4-3-3-0-3-8-4-1-0-0	2-0-3-3-4-0-0-3-1-2-3-2	0-4-1-0-3-2-1-2-3-0-0-4	1-2-0-0-0-2-0-0-0-3-3-3	1-3-2-1-1-2-3-0-2-2-2-4
134	3	2-3-3-2-4-3-3-3-3-3-2-2	2-4-4-2-2-3-2-2-4-3-0-4	5-2-5-2-2-2-4-8-4-2-4-2	2-4-4-2-2-2-0-2-4-4-2-0	4-0-5-2-2-2-4-2-4-3-2-2	2-5-4-0-3-2-4-2-3-3-5-3	2-4-8-5-2-3-4-2-4-3-5-2	4-5-5-2-2-4-5-0-2-0-0-0	5-0-2-2-3-2-5-2-4-2-2-3	0-2-1-0-2-2-4-3-2-4-0-2	2-2-0-0-0-0-0-0-0-2-2-1	0-2-2-4-5-3-2-0-5-2-8-5
134	4	5-6-4-5-3-4-4-4-4-4-4-6	4-3-3-2-2-3-5-3-6-6-5-5	7-5-5-2-2-2-5-5-5-2-3-5	5-5-5-2-2-2-5-2-3-5-2-5	3-7-2-2-6-3-5-4-3-3-4-2	0-0-3-4-5-6-3-3-3-3-1-5	8-3-1-6-5-3-3-5-3-3-6-3	3-2-6-3-2-7-3-2-2-4-4-6	6-6-5-2-2-4-6-2-6-4-2-4	6-8-1-5-5-2-3-5-5-5-6-2	6-2-5-7-8-6-5-6-6-2-5-4	0-2-6-6-6-4-2-4-8-7-2-2
134	5	6-5-5-6-3-4-5-7-4-2-8-5	6-3-3-6-4-3-7-8-6-6-6-6	6-6-7-2-6-6-6-4-7-7-6-6	6-4-6-7-7-7-4-7-6-4-5-4	7-4-7-5-5-5-6-6-4-7-7-7	6-6-6-7-4-2-6-6-1-3-3-7	3-6-3-3-6-0-3-6-3-8-7-5	5-6-3-6-6-0-8-7-5-4-5-4	4-4-4-6-7-4-4-6-4-5-5-3	4-7-1-4-4-4-6-5-6-4-4-2	4-6-4-1-4-4-4-4-4-7-4-5	0-7-4-7-7-4-5-4-4-4-2-2
134	6	5-8-5-8-5-6-6-6-6-4-5-4	5-7-7-5-7-7-5-5-5-5-5-5	5-5-5-5-5-5-7-5-5-5-7-5	5-5-5-5-5-5-7-5-5-6-5-4	5-0-5-7-4-7-7-5-7-5-5-5	5-5-5-5-7-4-5-5-6-6-3-5	4-4-7-4-5-6-7-5-6-6-4-5	4-5-4-5-5-8-7-5-6-6-4-4	4-4-7-5-3-6-4-5-7-5-5-6	4-4-6-0-7-4-5-6-5-7-4-2	4-5-7-1-0-4-4-4-4-5-5-6	0-5-4-7-4-4-7-4-4-4-7-7
134	7	5-8-5-8-7-8-8-5-8-7-7-8	8-6-6-5-7-6-5-5-8-5-8-8	4-5-5-5-5-5-6-7-5-5-6-5	5-5-7-5-5-5-8-5-6-6-5-8	5-4-5-5-4-6-6-5-7-5-5-5	8-7-5-5-7-4-8-5-7-7-3-5	8-1-6-7-7-7-6-8-7-6-5-5	7-6-4-6-5-4-8-5-5-6-5-4	4-7-6-7-5-4-4-8-8-7-5-3	4-5-7-6-6-2-5-3-8-6-4-2	4-7-6-8-3-8-4-4-4-5-7-7	6-5-4-7-5-4-6-4-4-4-6-6
134	8	8-6-8-6-8-7-7-8-7-7-5-7	7-6-8-5-8-8-5-5-8-8-7-7	8-8-8-5-8-8-8-7-8-8-7-8	7-8-8-8-8-8-7-8-7-8-8-7	5-4-8-8-8-6-7-8-8-5-2-5	7-8-8-7-8-4-7-8-8-8-8-7	4-8-8-8-5-8-8-7-8-8-5-8	8-6-8-7-8-6-7-2-2-6-7-6	5-7-8-7-2-8-4-7-7-8-5-3	4-4-8-8-8-2-8-8-7-8-4-8	4-8-6-8-4-7-4-4-4-7-8-8	8-7-4-1-4-8-8-4-4-8-3-2
135	0	0-0-0-0-0-0-0-0-0-0-0-0	0-0-0-0-0-0-0-0-0-0-0-0	0-0-0-0-0-0-0-0-0-0-0-0	0-0-0-0-0-0-0-0-0-0-0-0	0-0-0-0-0-0-0-0-0-0-0-0	0-0-0-0-0-0-0-0-0-0-0-0	0-0-0-0-0-0-0-0-0-0-0-0	0-0-0-0-0-0-0-0-0-0-0-0	0-0-0-0-0-0-0-0-0-0-0-0	0-0-0-0-0-0-0-0-0-0-0-0	0-0-0-0-0-0-0-0-0-0-0-0	0-0-0-0-0-0-0-0-0-0-0-0
135	1	1-1-1-1-1-0-1-1-1-1-1-1	1-1-0-1-0-1-1-2-0-1-0-0	1-2-1-0-0-0-2-0-0-0-0-0	2-0-0-2-1-1-0-1-0-0-1-1	0-1-1-0-1-0-0-1-0-1-0-1	0-6-0-0-0-1-2-0-0-0-0-2	4-2-0-4-0-0-0-0-0-1-0-0	1-0-0-0-1-3-0-0-1-1-1-1	0-1-1-2-4-0-3-1-0-1-1-0	1-1-0-2-0-1-1-0-1-1-1-1	1-0-1-0-2-1-1-4-1-1-1-1	1-1-1-1-1-1-1-1-0-1-1-0
135	2	2-2-4-4-2-3-3-2-3-2-3-2	2-3-2-3-3-3-4-3-3-2-3-3	4-3-4-3-3-3-3-3-3-3-3-3	3-2-4-3-3-3-2-2-3-1-2-1	3-3-1-3-3-2-3-3-3-4-8-2	3-3-3-3-0-4-1-3-3-2-0-3	0-2-2-7-2-3-2-2-3-3-5-3	4-2-4-3-2-3-2-6-2-3-2-3	2-5-3-3-3-5-1-3-3-2-2-4	3-2-4-4-2-2-4-2-4-3-6-2	2-9-3-4-1-4-4-5-3-6-3-2	1-3-2-3-3-5-1-4-4-2-2-2
135	3	2-2-2-2-2-2-2-2-2-2-2-2	4-2-2-2-2-2-2-2-2-2-2-2	1-4-2-2-4-2-4-2-2-4-2-4	4-4-2-4-4-4-2-2-4-0-4-1	2-2-1-4-2-4-4-4-2-2-2-6	4-2-2-2-1-2-4-6-3-3-0-4	2-3-5-2-4-2-2-4-2-2-4-4	1-3-3-4-6-1-9-7-9-1-2-2	1-1-4-4-5-0-1-2-2-3-3-4	2-2-0-1-4-5-2-3-4-2-2-5	2-2-2-0-1-2-2-2-2-3-2-3	1-4-3-2-2-2-4-2-3-3-3-5
135	4	2-5-2-2-2-4-4-4-2-2-2-2	3-5-5-2-6-2-2-4-2-2-3-2	2-3-2-2-3-2-5-5-5-3-5-3	3-4-2-3-3-3-5-3-5-6-5-1	4-2-1-3-2-3-5-3-6-2-2-3	3-1-5-2-4-2-5-4-4-4-8-3	1-3-5-1-3-4-6-3-4-6-3-3	4-2-2-3-3-5-8-5-4-4-2-2	1-2-3-3-1-5-8-5-4-4-3-3	2-2-2-2-3-3-2-7-3-2-1-4	3-4-2-2-5-2-2-1-2-3-3-3	2-3-3-2-2-7-3-2-7-3-7-7
135	5	5-4-2-8-5-4-5-2-6-2-6-6	5-4-4-6-4-2-6-4-6-4-6-6	4-6-6-2-5-7-4-6-6-5-4-6	6-6-6-6-3-6-6-1-4-4-4-1	2-6-1-5-2-4-6-6-5-5-2-6	6-1-4-2-5-2-4-3-4-4-6-3	5-3-4-8-6-2-4-6-3-4-6-3	7-4-7-4-4-6-4-4-4-5-6-6	7-6-1-6-3-6-7-7-6-5-3-5	7-7-5-6-7-3-4-4-6-7-7-3	7-2-6-6-7-7-7-7-7-3-3-5	5-3-5-2-7-2-4-6-7-8-4-3
135	6	6-7-2-5-6-6-6-6-5-5-5-5	5-7-6-5-4-2-5-7-5-6-5-5	5-5-5-3-3-5-7-5-5-8-7-5	5-5-5-5-3-5-5-3-7-8-7-1	3-5-1-5-6-7-7-5-7-7-5-3	5-1-7-2-5-2-7-3-6-6-5-6	5-7-6-2-5-6-4-5-4-4-5-7	6-6-5-6-3-5-7-2-5-9-5-5	5-5-7-5-6-5-5-5-7-6-3-4	5-5-6-7-6-5-2-9-5-2-2-3	5-7-5-9-6-5-5-5-2-2-7-3	7-3-5-2-5-6-3-5-5-6-4-7
135	7	7-6-9-8-6-7-7-7-7-7-7-8	5-4-6-8-7-6-8-8-8-6-8-8	8-8-8-9-8-7-8-5-8-8-6-8	8-5-7-7-8-8-6-8-6-8-8-1	8-5-8-8-2-8-8-8-6-9-2-8	2-9-8-2-7-2-6-8-6-7-4-8	8-6-4-2-6-7-4-8-4-7-8-8	5-8-5-8-8-5-4-9-7-5-8-5	5-1-6-8-8-0-5-5-6-7-8-9	5-5-7-6-5-8-9-4-5-2-5-8	5-6-5-0-8-5-5-5-5-6-6-7	6-7-7-8-5-4-4-5-8-5-8-4
135	8	7-9-7-7-6-9-9-9-7-7-7-7	7-4-6-7-7-9-7-7-7-8-7-7	7-7-7-7-7-8-7-6-7-7-8-7	7-8-8-7-7-7-9-7-7-8-7-1	7-5-7-7-8-7-7-7-8-8-2-7	9-7-7-2-8-2-7-7-6-8-4-7	9-3-6-9-9-8-8-7-8-7-7-7	8-7-7-7-7-8-4-7-8-5-7-5	8-9-8-7-7-0-8-7-6-0-7-9	8-7-8-7-7-7-8-4-5-2-8-7	7-8-7-0-9-9-5-8-8-8-2-8	9-8-8-8-5-2-4-5-7-5-7-8
135	9	9-8-7-7-9-8-7-9-7-7-7-9	8-9-9-7-9-9-7-7-9-9-8-7	9-8-9-7-9-8-8-8-8-9-9-9	8-9-8-9-9-9-8-9-9-9-9-5	7-2-9-9-9-9-8-9-9-9-7-7	8-7-9-7-9-2-9-9-9-9-9-9	8-9-9-8-8-9-9-9-9-9-1-9	9-7-7-8-9-8-3-7-8-6-2-5	8-9-9-9-7-9-9-7-9-9-9-7	8-9-9-9-9-7-9-8-9-9-9-9	9-2-9-6-8-8-6-5-5-9-9-8	8-8-8-9-2-9-9-5-9-9-7-9
136	0	0-0-0-0-0-0-0-0-0-0-0-0	0-0-0-0-0-0-0-0-0-0-0-0	0-0-0-0-0-0-0-0-0-0-0-0	0-0-0-0-0-0-0-0-0-0-0-0	0-0-0-0-0-0-0-0-0-0-0-0	0-0-0-0-0-0-0-0-0-0-0-0	0-0-0-0-0-0-0-0-0-0-0-0	0-0-0-0-0-0-0-0-0-0-0-0	0-0-0-0-0-0-0-0-0-0-0-0	0-0-0-0-0-0-0-0-0-0-0-0	0-0-0-0-0-0-0-0-0-0-0-0	0-0-0-0-0-0-0-0-0-0-0-0
136	1	1-1-2-1-1-1-1-1-1-1-2-1	1-1-0-2-0-1-2-1-2-2-2-2	1-0-2-2-2-2-2-3-2-2-2-1	2-0-0-2-2-2-2-2-1-0-1-1	2-0-3-2-4-1-2-2-1-0-2-2	2-2-2-2-0-3-2-2-1-1-0-2	2-2-1-0-2-0-1-2-1-1-0-2	1-2-2-2-2-3-0-2-4-0-0-1	0-0-2-2-3-1-0-2-0-2-2-2	0-2-1-0-2-1-2-2-2-0-0-3	0-2-3-3-2-1-1-0-0-2-2-1	1-2-1-1-2-3-2-0-1-0-3-3
136	2	2-2-1-2-3-2-2-2-1-1-1-1	1-4-2-1-2-3-1-3-1-1-1-1	0-2-1-1-1-1-3-4-1-1-3-2	1-0-3-1-1-1-1-1-2-4-3-0	1-0-1-1-0-3-3-1-2-4-1-1	1-1-1-1-2-1-3-1-2-2-3-1	1-1-2-0-1-2-2-1-2-2-3-3	2-1-1-1-1-0-4-1-1-2-0-3	2-0-1-1-2-4-2-3-5-1-1-4	3-1-2-3-1-1-1-1-1-3-6-1	3-1-6-2-1-2-3-3-3-1-1-2	4-1-1-2-3-1-1-2-1-0-2-1
136	3	1-2-1-3-2-4-3-2-3-1-3-2	3-2-2-1-3-2-1-4-4-1-4-4	5-3-5-1-3-5-2-5-4-4-2-3	4-3-4-4-1-1-4-1-3-2-2-0	1-4-1-3-3-2-4-4-2-0-3-0	1-1-2-3-4-1-2-2-2-2-2-1	1-1-2-0-4-3-2-2-2-2-2-2	4-1-4-1-1-4-2-1-1-4-3-5	4-4-4-2-1-0-2-2-4-3-1-3	4-4-2-2-4-1-2-5-4-4-4-1	4-1-5-1-4-4-4-4-4-4-2-4	3-1-3-2-4-1-1-4-4-5-1-1
136	4	6-6-4-6-4-4-6-4-4-4-5-5	5-2-2-5-5-2-5-6-3-1-5-3	4-5-3-5-4-6-5-5-5-5-5-4	5-5-3-5-5-5-3-5-5-2-5-0	5-3-1-4-1-5-5-5-3-4-6-5	5-2-5-1-3-5-5-4-2-2-2-4	6-4-2-0-3-4-2-5-2-4-5-5	3-5-5-5-5-3-2-6-1-3-5-3	3-3-6-5-5-2-3-5-3-4-5-2	6-5-2-2-5-4-5-3-3-3-3-4	3-4-3-3-3-3-3-3-3-5-4-3	2-4-4-5-3-5-1-3-3-4-6-4
136	5	4-6-4-4-4-6-6-6-6-5-4-6	4-2-2-4-4-5-4-4-6-1-4-3	3-4-3-4-4-4-4-6-4-4-5-4	4-5-5-4-4-4-6-4-4-4-4-6	4-6-1-4-5-4-6-4-5-5-1-4	4-6-4-6-5-4-4-4-5-5-2-5	6-4-2-5-5-5-2-4-5-5-4-4	5-4-4-4-4-5-2-4-5-2-4-3	5-5-5-5-4-5-5-4-6-5-4-5	4-4-5-2-5-4-4-6-6-5-5-4	4-5-3-6-5-6-3-5-5-4-5-5	6-6-6-5-5-5-4-3-4-3-1-4
136	6	6-4-4-4-6-5-5-6-5-4-4-5	5-6-6-4-6-6-4-4-6-6-4-5	6-6-6-6-6-6-6-5-6-6-5-6	5-6-6-6-6-6-5-6-5-6-6-5	4-6-6-6-6-6-5-6-6-6-4-4	5-6-6-5-6-6-5-6-6-6-6-5	5-6-6-6-4-6-6-6-6-6-4-6	6-6-4-5-6-4-4-4-4-1-4-6	4-3-6-5-4-6-6-4-5-3-4-4	4-6-6-3-4-4-6-5-5-6-2-6	4-6-5-5-4-5-5-4-6-6-6-6	5-5-5-6-4-6-6-6-6-6-4-1
137	0	0-0-0-0-0-0-0-0-0-0-0-0	0-0-0-0-0-0-0-0-0-0-0-0	0-0-0-0-0-0-0-0-0-0-0-0	0-0-0-0-0-0-0-0-0-0-0-0	0-0-0-0-0-0-0-0-0-0-0-0	0-0-0-0-0-0-0-0-0-0-0-0	0-0-0-0-0-0-0-0-0-0-0-0	0-0-0-0-0-0-0-0-0-0-0-0	0-0-0-0-0-0-0-0-0-0-0-0	0-0-0-0-0-0-0-0-0-0-0-0	0-0-0-0-0-0-0-0-0-0-0-0	0-0-0-0-0-0-0-0-0-0-0-0
137	1	1-1-1-1-1-1-1-1-1-1-1-2	2-2-1-1-2-2-2-2-1-2-2-2	1-2-3-1-2-2-3-2-0-2-2-2	2-1-2-3-1-2-2-3-2-2-2-3	5-2-1-3-2-1-2-1-2-2-4-1	1-2-2-2-2-2-2-2-2-1-0-2	1-1-1-1-2-1-1-2-1-5-0-2	1-1-3-1-1-2-1-0-1-0-1-1	1-6-1-0-1-1-1-2-2-1-1-2	4-1-1-2-1-1-2-1-2-3-2-1	1-8-1-1-1-2-1-1-2-1-2-2	2-0-1-1-2-1-1-3-1-1-1-1
137	2	1-1-2-2-1-1-1-1-1-1-1-1	1-1-1-2-1-1-1-1-1-1-4-1	3-3-0-5-3-1-1-1-1-5-1-3	3-0-1-1-3-3-1-4-1-1-3-1	1-1-3-0-1-3-3-3-1-1-1-3	4-4-3-1-1-5-3-1-1-1-0-3	4-3-1-0-3-2-1-3-2-1-3-3	1-2-4-3-3-1-1-8-2-0-1-0	2-0-3-3-5-4-1-3-1-2-3-1	1-3-1-1-3-2-4-1-3-1-1-5	1-2-0-0-1-1-1-2-1-3-4-1	1-2-2-1-1-2-3-1-2-2-2-2
137	3	1-3-1-3-3-1-1-3-1-1-1-1	1-3-3-2-1-1-1-4-1-1-2-4	2-2-1-2-2-1-4-5-1-2-4-2	2-3-1-1-2-2-6-1-4-3-4-1	2-1-2-1-3-4-4-2-3-1-1-2	2-2-4-1-3-2-4-3-3-3-7-3	2-2-1-0-2-3-3-2-3-4-2-2	3-2-1-4-2-1-7-2-2-1-4-1	1-1-4-2-3-2-3-2-1-3-2-4	1-2-3-3-2-2-2-3-4-1-1-2	4-3-4-3-4-1-6-3-5-2-2-1	1-2-2-4-1-2-4-1-2-4-8-3
137	4	4-5-1-5-5-1-4-1-1-1-1-5	1-5-5-2-1-1-1-3-1-1-2-3	1-4-1-2-2-1-5-6-5-6-5-3	2-5-5-5-2-2-5-2-5-6-5-1	4-1-2-6-3-3-5-4-5-1-1-2	2-2-3-1-4-2-5-1-4-4-6-3	2-2-6-0-2-1-7-5-4-3-2-2	3-5-2-3-2-1-5-2-2-4-3-1	5-1-5-2-4-2-4-2-1-4-3-3	1-2-8-5-5-2-5-5-3-4-1-2	4-1-8-3-3-1-0-5-5-2-2-1	1-5-2-4-1-4-3-5-4-3-5-6
137	5	5-4-6-7-4-1-5-7-5-6-5-8	1-4-4-5-7-1-7-6-4-6-7-6	6-6-7-8-2-8-6-6-4-2-4-5	6-6-6-4-2-2-4-6-4-4-4-6	1-7-5-4-6-3-6-5-4-7-6-5	5-5-3-5-5-2-4-1-1-5-4-6	4-2-4-5-6-6-4-4-5-1-2-6	4-4-7-3-2-6-4-2-5-6-5-5	6-6-6-2-2-6-6-5-1-5-2-4	5-5-1-6-4-2-4-4-6-5-5-2	6-2-5-3-4-5-1-7-7-5-6-5	5-4-5-7-5-5-5-5-2-5-2-5
137	6	7-6-8-8-6-8-7-7-8-6-6-6	6-4-4-7-1-1-5-7-7-5-7-8	5-7-5-5-7-4-7-5-7-7-5-7	5-5-5-7-7-7-3-5-7-4-7-5	7-5-5-4-5-6-7-6-6-6-5-7	6-5-7-6-5-2-7-1-6-6-4-7	4-2-4-5-5-5-4-7-6-8-7-6	3-6-5-7-6-5-3-5-5-5-5-0	5-5-5-6-7-5-5-5-1-5-7-4	5-6-6-5-6-5-7-4-5-5-5-2	5-2-6-4-6-6-2-5-5-6-1-6	1-6-6-5-5-6-6-5-6-6-6-4
137	7	6-8-6-6-7-6-6-6-8-6-6-8	7-4-4-6-5-8-5-6-8-7-6-8	8-6-5-5-6-7-6-8-8-6-7-6	6-7-7-6-6-6-7-5-6-7-6-5	6-5-8-5-7-6-8-7-7-7-5-6	8-7-8-8-4-8-6-1-7-7-3-6	8-2-4-5-8-5-4-6-7-6-6-7	7-6-5-6-6-8-8-2-2-5-5-7	7-7-7-7-6-6-5-7-1-5-6-4	5-6-7-5-6-4-6-8-8-5-7-2	6-7-6-3-3-6-7-5-5-7-1-7	5-8-6-5-6-7-7-1-6-6-6-7
137	8	8-7-6-6-8-6-6-8-6-6-7-7	7-8-8-6-8-8-5-8-8-8-6-6	8-7-8-5-8-8-7-7-7-8-8-8	8-8-8-8-8-8-7-8-7-8-8-5	6-5-8-8-8-8-7-8-8-8-7-8	7-8-7-7-8-7-8-8-8-8-8-8	7-8-8-5-7-8-8-7-8-6-7-6	8-8-8-7-8-7-7-2-2-5-5-5	7-8-8-8-2-8-8-7-8-2-7-6	5-8-8-8-8-2-6-7-7-8-8-8	8-1-4-8-4-5-8-4-8-7-8-8	7-7-6-5-6-8-8-8-8-8-7-8
138	0	0-0-0-0-0-0-0-0-0-0-0-0	0-0-0-0-0-0-0-0-0-0-0-0	0-0-0-0-0-0-0-0-0-0-0-0	0-0-0-0-0-0-0-0-0-0-0-0	0-0-0-0-0-0-0-0-0-0-0-0	0-0-0-0-0-0-0-0-0-0-0-0	0-0-0-0-0-0-0-0-0-0-0-0	0-0-0-0-0-0-0-0-0-0-0-0	0-0-0-0-0-0-0-0-0-0-0-0	0-0-0-0-0-0-0-0-0-0-0-0	0-0-0-0-0-0-0-0-0-0-0-0	0-0-0-0-0-0-0-0-0-0-0-0
138	1	1-1-1-1-1-1-1-1-1-1-1-1	0-2-1-0-1-0-0-1-0-1-0-0	1-0-0-1-2-0-2-0-0-2-2-2	0-2-2-0-0-0-0-0-2-2-2-1	0-0-0-0-0-2-0-0-1-0-0-0	0-0-0-0-0-0-2-0-2-1-1-0	0-1-1-0-0-0-0-2-1-1-2-0	1-0-2-0-0-0-2-0-0-1-0-0	1-1-0-0-0-0-0-0-3-6-0-0	0-2-0-1-1-0-0-1-0-0-2-1	2-1-1-0-1-0-0-1-2-0-0-1	2-0-0-1-0-1-0-0-0-1-0-3
138	2	3-2-3-2-2-1-3-4-3-2-3-3	3-1-1-3-3-3-3-2-3-3-3-3	2-3-3-3-3-3-3-4-3-3-3-3	3-3-1-3-5-3-3-6-1-1-3-2	5-2-3-5-6-1-3-3-2-0-6-3	2-3-3-6-2-3-3-3-1-1-0-3	3-3-1-0-3-0-3-3-4-1-4-3	1-4-8-3-3-4-1-3-7-3-2-2	1-3-3-3-8-2-1-3-4-5-4-4	1-3-2-3-3-8-3-6-3-0-3-7	1-4-8-3-3-4-1-1-1-3-3-2	3-3-3-3-1-4-3-3-7-0-5-4
138	3	2-3-2-3-2-3-2-3-2-2-2-2	2-4-3-2-3-4-2-4-2-2-2-2	4-2-2-2-2-2-4-6-2-2-4-2	2-2-3-2-2-2-2-2-4-4-4-2	2-2-2-2-2-2-4-2-4-3-2-2	2-2-2-2-3-2-4-2-3-3-4-2	2-2-4-0-2-3-2-2-3-5-2-2	5-2-4-2-2-2-7-2-2-4-0-0	3-2-2-2-3-3-4-2-5-3-2-3	0-2-4-6-2-4-2-4-2-3-2-2	0-2-0-8-8-0-2-3-0-2-2-3	4-2-2-2-0-2-2-2-2-0-6-1
138	4	2-3-2-5-2-4-2-2-4-2-4-8	5-3-3-5-3-3-2-6-5-4-5-6	7-5-6-2-4-6-5-5-5-5-3-5	5-4-6-4-2-2-5-2-3-3-3-2	2-5-2-2-6-3-5-5-3-4-2-2	5-2-3-5-4-6-3-2-3-3-3-5	4-2-3-6-5-4-3-5-2-2-5-3	1-2-5-2-2-5-3-2-2-4-4-5	6-6-3-2-2-4-6-5-2-4-2-2	6-6-3-5-2-6-3-3-5-6-4-2	6-2-5-2-5-5-6-6-6-6-3-2	3-2-2-2-1-6-2-5-6-7-2-2
138	5	4-6-2-4-6-6-5-5-4-5-4-4	4-6-6-4-3-5-4-6-6-4-4-4	4-4-4-4-5-4-6-4-8-6-6-4	4-4-6-4-2-4-6-2-6-6-6-4	2-4-2-2-4-6-6-4-5-4-2-2	4-2-3-2-4-4-6-7-5-5-3-5	4-6-6-4-4-5-6-6-5-5-4-2	3-2-4-3-2-4-6-2-2-7-4-4	4-4-6-2-3-4-5-4-3-2-2-5	4-3-5-4-2-6-3-5-4-4-4-2	4-5-4-6-4-4-4-4-4-4-3-3	5-2-4-2-0-4-2-4-4-4-2-2
138	6	6-5-7-6-5-5-8-7-8-6-6-7	7-5-5-7-7-7-7-5-5-7-7-4	8-7-4-7-7-8-7-4-7-5-5-7	7-4-5-7-7-7-5-2-5-5-7-2	7-4-2-2-4-7-7-7-6-6-2-7	7-6-7-2-4-4-7-5-5-5-1-8	3-5-5-4-4-8-5-5-5-5-7-7	1-7-7-7-7-4-8-2-8-5-7-4	4-4-5-2-7-6-4-4-8-1-7-5	4-4-6-5-6-4-3-2-4-4-7-2	4-6-4-5-7-6-4-4-4-4-6-6	3-6-6-6-7-4-2-4-4-4-3-1
138	7	6-8-6-4-4-8-8-6-8-6-6-8	8-5-5-6-7-6-6-4-8-6-6-8	4-6-4-6-6-6-6-6-6-6-7-6	6-4-7-6-6-6-8-2-6-5-6-8	6-4-2-6-7-6-6-6-7-6-2-6	6-7-6-8-7-4-6-5-5-7-3-7	8-2-5-7-4-7-5-6-7-5-6-6	7-6-6-6-6-5-8-2-2-5-6-4	7-7-7-8-7-6-5-4-6-7-6-3	6-6-7-6-6-7-3-2-8-4-6-2	6-7-4-6-6-6-4-3-4-4-7-7	3-8-6-7-7-4-2-4-2-4-6-2
138	8	8-7-8-5-8-7-7-8-7-6-6-7	7-5-8-6-8-8-7-8-8-8-6-7	8-8-8-8-8-8-8-7-5-8-7-8	6-8-8-8-8-8-7-8-7-8-8-7	6-4-8-8-8-8-7-8-8-8-2-2	8-8-8-7-8-4-8-8-8-8-8-7	7-8-8-8-7-8-8-6-8-8-6-8	8-8-8-7-8-8-6-2-6-4-6-4	6-7-8-8-2-8-8-4-6-2-8-8	6-4-8-4-8-8-8-5-7-8-7-8	4-8-4-3-3-7-4-4-8-8-8-8	8-7-7-8-8-8-8-8-8-8-2-8
139	0	0-0-0-0-0-0-0-0-0-0-0-0	0-0-0-0-0-0-0-0-0-0-0-0	0-0-0-0-0-0-0-0-0-0-0-0	0-0-0-0-0-0-0-0-0-0-0-0	0-0-0-0-0-0-0-0-0-0-0-0	0-0-0-0-0-0-0-0-0-0-0-0	0-0-0-0-0-0-0-0-0-0-0-0	0-0-0-0-0-0-0-0-0-0-0-0	0-0-0-0-0-0-0-0-0-0-0-0	0-0-0-0-0-0-0-0-0-0-0-0	0-0-0-0-0-0-0-0-0-0-0-0	0-0-0-0-0-0-0-0-0-0-0-0
139	1	1-1-1-1-1-1-1-1-1-1-1-1	0-0-0-1-1-1-0-2-0-1-0-0	0-2-3-1-2-1-2-0-0-2-2-1	2-0-0-2-2-2-0-1-1-1-1-0	1-0-1-0-2-1-2-2-1-0-0-2	2-3-2-0-1-3-2-3-1-1-1-2	1-1-1-0-2-1-0-2-3-1-1-2	1-1-1-2-1-1-2-6-1-0-0-0	1-0-2-2-3-1-0-2-0-1-1-1	0-1-1-2-2-1-2-1-2-0-0-3	0-1-0-3-0-1-0-1-0-1-1-0	1-1-1-1-0-1-1-0-1-1-1-3
139	2	2-3-1-2-2-2-2-2-2-2-2-3	2-3-2-1-2-3-0-3-3-2-3-3	3-1-1-2-1-1-3-3-3-1-3-1	1-2-3-1-1-1-4-1-3-4-3-0	2-0-1-0-1-1-3-1-3-2-1-1	1-5-3-0-4-1-3-2-2-2-4-4	1-1-2-2-1-2-4-1-2-2-1-1	2-0-1-3-2-3-4-3-1-5-2-0	2-0-1-1-4-1-5-1-4-2-1-1	3-1-2-3-1-4-1-2-1-3-0-1	3-1-2-4-5-5-0-3-3-1-1-0	2-1-1-3-0-1-3-0-1-1-2-1
139	3	3-2-3-2-3-3-3-3-3-3-3-2	3-2-2-1-4-2-4-2-2-3-4-4	5-4-5-1-3-3-2-5-4-1-2-3	4-3-4-4-1-1-4-1-2-2-2-3	1-6-3-3-4-2-4-3-2-2-4-2	1-3-2-3-3-1-2-1-2-2-1-3	3-1-2-3-4-3-2-0-1-1-1-2	3-1-4-2-2-2-0-2-1-2-4-4	4-4-4-1-1-0-4-2-2-3-1-4	4-4-0-2-4-1-2-1-3-2-4-1	4-1-4-1-3-4-4-4-4-2-1-3	5-1-3-2-4-1-1-4-1-2-2-1
139	4	5-2-5-6-2-4-6-4-4-4-5-4	3-2-2-5-5-4-3-4-5-3-5-3	3-5-3-5-5-6-5-3-3-5-3-4	5-3-3-5-5-5-3-5-5-2-5-4	5-3-4-4-3-5-5-5-2-4-3-5	5-6-5-4-3-3-5-5-2-2-2-2	4-4-2-3-3-3-2-5-3-6-5-4	3-4-3-5-5-4-6-5-4-2-5-3	3-3-3-5-5-4-3-5-2-5-5-3	3-5-2-5-3-5-4-2-1-3-3-5	5-5-3-5-6-3-3-3-3-4-1-5	4-4-4-5-3-5-4-3-5-1-5-4
139	5	4-6-4-4-5-6-6-4-6-5-4-6	5-2-2-4-4-6-3-4-4-5-4-4	3-4-3-4-4-5-4-6-6-4-5-4	4-5-5-4-4-4-6-4-4-5-4-3	4-3-4-3-5-4-6-4-5-5-4-4	4-2-4-6-3-6-4-4-5-5-2-6	6-4-2-5-6-5-2-4-5-1-4-5	5-5-4-4-4-5-6-4-4-2-4-3	5-3-6-4-4-5-2-5-2-4-4-5	5-5-2-4-4-6-4-2-6-3-3-4	4-4-5-4-6-6-3-4-5-5-5-4	6-6-4-5-5-5-5-5-4-4-4-4
139	6	6-5-4-4-6-6-4-6-5-5-5-5	5-6-6-4-6-6-4-6-5-6-4-5	3-6-6-5-6-6-5-5-5-6-6-6	5-6-6-6-6-6-5-6-5-6-6-3	4-3-6-6-5-5-5-6-6-6-4-6	5-6-6-5-6-6-6-6-6-6-2-5	5-6-6-6-5-6-6-4-6-6-5-5	6-6-6-5-6-5-4-4-4-3-5-3	4-3-6-6-4-6-6-5-6-2-4-5	5-3-6-6-1-5-6-5-5-6-3-6	3-1-6-3-4-6-3-4-3-5-6-6	5-5-6-5-4-6-6-6-6-6-4-6
140	0	0-0-0-0-0-0-0-0-0-0-0-0	0-0-0-0-0-0-0-0-0-0-0-0	0-0-0-0-0-0-0-0-0-0-0-0	0-0-0-0-0-0-0-0-0-0-0-0	0-0-0-0-0-0-0-0-0-0-0-0	0-0-0-0-0-0-0-0-0-0-0-0	0-0-0-0-0-0-0-0-0-0-0-0	0-0-0-0-0-0-0-0-0-0-0-0	0-0-0-0-0-0-0-0-0-0-0-0	0-0-0-0-0-0-0-0-0-0-0-0	0-0-0-0-0-0-0-0-0-0-0-0	0-0-0-0-0-0-0-0-0-0-0-0
140	1	1-1-1-1-2-2-1-1-1-1-1-3	1-0-0-1-0-2-1-2-2-1-2-2	2-1-2-2-2-2-1-2-0-1-3-2	2-2-2-2-2-2-0-2-0-2-2-1	0-3-0-2-2-0-2-2-2-0-1-1	1-0-0-1-1-2-0-0-1-1-0-2	2-0-1-5-2-4-0-2-0-2-0-0	0-0-0-0-0-2-1-0-0-2-2-3	2-2-1-0-1-1-2-3-0-2-2-0	2-0-1-0-0-0-0-1-2-2-2-1	2-4-1-2-4-2-4-3-0-1-0-1	1-0-2-0-4-0-0-2-3-1-1-3
140	2	2-1-3-1-1-1-2-1-1-1-1-2	3-1-0-3-0-1-1-1-1-1-3-1	1-3-1-1-3-1-1-1-1-3-1-3	3-1-1-3-3-3-1-1-2-1-3-1	3-1-3-1-1-3-3-3-1-7-3-3	2-2-3-5-2-1-3-3-1-2-0-1	3-3-0-1-3-0-2-1-0-7-3-3	2-4-3-3-3-1-0-5-3-1-1-1	1-1-3-3-4-3-1-4-4-1-3-1	3-2-0-1-3-7-3-0-3-1-1-4	3-7-1-1-1-1-1-1-0-2-3-4	1-3-1-0-3-2-3-1-4-2-1-4
140	3	3-4-2-3-3-3-3-3-1-1-2-4	2-4-4-2-0-1-1-4-4-1-2-4	1-2-2-2-2-2-4-6-4-4-4-2	2-4-5-2-2-2-5-2-4-4-4-1	2-1-2-3-1-2-4-2-4-4-2-2	2-3-4-2-3-2-4-2-1-3-7-3	2-2-3-1-2-2-5-2-0-3-2-2	0-4-2-2-2-1-3-4-2-3-1-1	0-1-2-2-3-2-7-1-5-3-2-3	2-3-3-5-2-4-2-3-2-1-1-2	2-2-1-4-3-1-1-1-0-2-2-3	1-2-1-4-2-3-2-1-1-3-1-5
140	4	5-3-7-6-3-3-3-3-4-1-4-3	4-3-3-4-0-3-1-3-3-1-7-5	6-5-5-2-4-5-3-5-6-3-3-4	5-5-5-5-2-2-3-1-3-3-3-6	2-1-2-5-5-3-5-5-5-7-2-7	2-4-3-4-5-2-3-5-4-0-0-5	7-2-3-4-5-5-3-3-4-3-5-3	3-2-2-2-2-5-3-3-5-4-4-5	5-5-5-2-2-4-5-6-3-4-2-4	5-7-5-7-5-2-3-3-5-5-5-2	5-2-4-3-5-5-5-5-5-3-2-2	4-2-4-3-5-2-2-5-2-5-1-2
140	5	6-3-7-7-6-5-7-6-5-7-5-6	5-3-3-6-6-3-7-6-6-6-7-4	4-6-4-6-6-4-6-4-6-6-4-6	6-4-3-6-6-6-3-6-6-3-6-4	6-4-7-6-4-6-6-6-4-4-6-6	5-5-6-5-4-2-6-6-1-5-0-6	6-5-3-1-7-5-3-6-0-6-6-6	1-6-2-6-6-4-3-7-4-4-4-4	4-4-4-6-6-7-4-4-3-5-6-4	4-7-5-3-6-5-7-5-4-4-6-6	4-5-5-3-4-6-4-4-4-5-2-5	5-3-5-6-6-4-3-4-6-4-5-3
140	6	5-7-5-4-6-7-7-7-7-5-5-4	5-3-3-5-5-7-5-5-5-5-5-5	4-5-4-5-5-6-5-3-7-5-6-5	5-6-6-5-5-5-3-5-5-6-5-4	5-1-5-5-6-5-5-5-6-6-5-5	7-6-5-7-6-7-5-5-6-6-0-6	5-5-3-6-7-6-6-5-6-5-5-5	6-5-2-5-5-7-3-5-7-4-5-4	6-4-6-5-5-7-6-4-0-5-5-6	6-6-6-5-5-7-6-7-7-4-5-5	5-5-5-5-7-5-4-5-7-6-6-5	7-7-5-6-5-5-6-4-5-4-5-2
140	7	7-6-5-5-7-6-6-7-6-5-5-7	5-7-7-5-7-6-5-7-5-7-5-7	7-7-7-5-7-7-6-7-6-7-7-7	6-7-6-7-7-7-3-7-7-7-7-4	5-4-7-7-7-7-6-7-7-7-5-5	6-7-5-7-7-6-7-7-7-7-3-7	4-7-7-6-6-7-7-5-7-7-5-7	7-7-7-7-7-6-7-5-6-6-5-6	4-7-7-7-5-7-7-6-7-3-5-0	5-4-7-7-7-2-5-6-6-7-5-7	5-7-7-4-6-6-4-4-7-6-7-7	6-6-7-1-5-7-7-4-7-7-5-7
141	0	0-0-0-0-0-0-0-0-0-0-0-0	0-0-0-0-0-0-0-0-0-0-0-0	0-0-0-0-0-0-0-0-0-0-0-0	0-0-0-0-0-0-0-0-0-0-0-0	0-0-0-0-0-0-0-0-0-0-0-0	0-0-0-0-0-0-0-0-0-0-0-0	0-0-0-0-0-0-0-0-0-0-0-0	0-0-0-0-0-0-0-0-0-0-0-0	0-0-0-0-0-0-0-0-0-0-0-0	0-0-0-0-0-0-0-0-0-0-0-0	0-0-0-0-0-0-0-0-0-0-0-0	0-0-0-0-0-0-0-0-0-0-0-0
141	1	1-1-1-1-1-1-1-1-1-1-1-1	0-1-1-0-0-1-0-2-2-1-0-2	1-0-0-0-0-1-2-0-0-1-2-2	0-0-2-0-0-0-0-0-1-2-2-1	1-2-1-0-0-2-2-0-2-0-0-0	2-0-2-0-0-0-2-0-2-1-4-0	2-2-1-0-0-0-0-2-0-1-2-1	1-1-0-2-1-0-2-2-0-2-0-0	1-1-0-0-0-1-0-0-1-0-0-0	0-0-3-2-0-0-2-1-0-0-0-1	4-2-2-0-0-0-0-0-1-0-0-1	2-1-0-1-0-1-0-0-0-0-4-0
141	2	2-2-2-2-1-1-2-1-2-2-2-2	2-1-1-4-0-1-0-1-1-2-4-1	0-4-0-3-3-4-3-4-0-3-1-3	3-0-3-3-3-3-0-3-3-1-1-1	2-1-2-3-0-1-3-3-1-2-0-3	3-3-3-0-2-3-3-3-1-2-0-3	1-1-1-0-3-0-2-3-2-1-1-3	1-2-2-3-2-0-3-1-7-1-2-0	2-0-3-3-4-3-0-3-3-3-3-2	0-3-2-1-0-4-1-2-3-0-0-2	0-5-1-4-0-2-0-0-0-2-3-2	1-3-2-3-0-0-2-0-0-0-3-4
141	3	3-3-3-3-3-3-3-3-3-3-3-3	2-4-4-2-3-3-0-2-4-2-2-3	4-2-4-2-2-2-4-5-4-4-4-4	2-2-2-2-2-2-5-2-2-5-4-3	2-0-5-2-0-3-4-2-5-3-2-2	2-2-4-0-4-2-2-2-3-3-6-3	3-4-3-7-2-3-4-2-3-1-2-2	3-2-2-2-2-4-5-2-3-3-4-3	3-0-2-2-3-2-6-2-4-2-2-3	3-2-3-3-4-2-2-6-2-0-3-2	6-0-3-4-6-1-0-0-0-2-2-1	3-2-2-7-2-4-2-1-0-0-3-2
141	4	4-3-4-3-3-4-4-3-4-4-4-3	4-3-3-2-6-5-6-3-5-3-5-5	6-5-6-6-3-2-3-6-5-3-3-3	5-4-5-5-2-2-5-2-3-3-3-5	2-7-4-4-4-3-5-5-5-4-4-0	1-2-3-4-5-4-3-2-1-1-1-4	5-3-3-5-4-4-3-4-4-3-5-5	5-3-5-3-2-5-3-4-5-4-5-5	5-5-5-2-2-5-5-2-5-4-2-4	5-5-4-6-5-2-3-3-5-6-5-2	1-0-4-2-5-5-4-5-7-2-3-4	4-2-4-4-1-3-2-4-7-5-1-2
141	5	6-7-7-7-5-6-7-5-6-5-5-5	4-3-3-6-6-4-7-6-6-4-6-7	5-6-4-6-6-5-6-4-6-6-6-5	4-0-4-6-6-6-4-6-6-3-6-4	5-4-3-6-4-5-6-6-4-5-4-6	6-7-6-4-4-5-6-5-6-3-3-5	4-5-3-4-7-4-3-7-5-5-6-6	4-6-4-6-6-4-7-6-4-4-6-4	4-4-4-6-7-4-4-6-4-6-6-2	4-6-5-7-4-6-7-3-4-4-6-6	7-2-6-7-6-4-4-6-6-2-2-6	1-5-5-6-7-6-5-4-6-4-6-6
141	6	5-7-5-5-6-7-5-5-7-5-5-7	6-3-3-5-5-7-4-5-5-6-5-5	4-5-4-7-5-6-5-7-7-5-5-5	5-6-6-5-5-5-7-5-5-6-5-4	5-4-3-7-6-5-7-6-6-6-5-5	7-7-5-7-6-5-5-5-6-6-3-6	7-5-3-6-6-6-2-5-6-5-5-5	4-5-6-5-5-6-7-5-6-0-5-4	6-4-4-6-5-6-6-5-4-5-5-6	6-5-6-5-6-5-5-7-7-4-6-5	5-6-5-4-7-6-4-6-5-6-6-5	7-7-6-6-6-6-6-4-5-0-5-5
141	7	7-6-5-5-7-7-5-7-6-5-5-6	6-7-7-5-7-7-5-5-6-7-5-5	7-7-7-6-7-7-6-6-6-7-5-7	6-7-7-7-7-5-6-7-6-7-5-4	5-4-7-7-7-6-6-7-7-7-5-5	6-6-7-6-7-7-7-7-7-7-7-7	6-7-7-7-6-7-7-5-7-7-6-7	7-7-5-6-7-6-5-5-6-4-5-7	5-4-7-6-5-7-7-6-7-3-5-5	6-5-7-7-6-6-7-6-6-7-5-7	5-7-7-7-6-4-4-5-7-6-7-7	6-6-7-7-5-7-7-4-5-7-6-7
142	0	0-0-0-0-0-0-0-0-0-0-0-0	0-0-0-0-0-0-0-0-0-0-0-0	0-0-0-0-0-0-0-0-0-0-0-0	0-0-0-0-0-0-0-0-0-0-0-0	0-0-0-0-0-0-0-0-0-0-0-0	0-0-0-0-0-0-0-0-0-0-0-0	0-0-0-0-0-0-0-0-0-0-0-0	0-0-0-0-0-0-0-0-0-0-0-0	0-0-0-0-0-0-0-0-0-0-0-0	0-0-0-0-0-0-0-0-0-0-0-0	0-0-0-0-0-0-0-0-0-0-0-0	0-0-0-0-0-0-0-0-0-0-0-0
142	1	1-0-1-1-1-0-1-0-1-0-1-1	0-0-0-1-1-1-0-2-0-0-2-0	2-3-0-2-2-2-2-0-0-2-2-1	3-2-0-3-3-3-0-1-1-1-1-0	1-0-1-0-0-1-2-2-1-1-0-1	1-0-2-0-0-3-2-4-1-1-0-3	1-3-1-0-2-0-0-2-1-1-1-2	0-1-1-1-1-0-0-1-1-0-0-0	1-0-2-2-4-1-0-2-0-1-1-3	0-2-0-0-2-4-0-1-2-0-0-4	1-1-0-0-0-1-0-1-0-1-2-0	0-2-1-0-0-1-2-0-1-1-1-1
142	2	2-2-0-2-2-2-2-2-2-2-2-1	1-4-2-0-3-3-0-3-0-0-1-3	1-1-1-1-1-1-3-1-3-1-3-1	1-3-3-1-1-1-3-1-3-2-3-0	2-0-0-2-0-3-3-1-2-2-1-1	1-0-3-0-2-1-3-1-2-2-6-2	2-1-2-0-1-2-2-1-2-3-5-1	2-0-1-3-1-0-6-0-1-3-0-0	2-0-1-1-3-1-0-1-2-2-3-2	0-3-2-3-1-1-4-2-3-1-0-1	4-1-0-2-0-0-0-0-0-3-1-2	0-1-1-2-3-2-1-0-6-3-4-6
142	3	3-3-3-3-3-3-3-3-3-3-2-3	0-6-4-0-4-4-1-2-4-3-4-2	1-1-0-1-1-6-4-4-2-4-4-1	1-2-4-1-1-1-2-1-4-4-4-0	3-0-5-4-4-2-4-3-2-0-1-4	1-0-2-2-3-1-4-1-4-3-3-1	5-1-3-0-4-0-4-4-4-2-5-4	2-4-1-2-3-3-7-4-1-7-0-3	2-0-2-1-3-5-5-2-4-6-2-1	0-2-3-4-0-1-2-4-2-0-4-1	2-1-8-7-4-0-0-5-0-2-1-3	5-1-1-3-2-1-1-0-0-2-3-0
142	4	4-0-8-4-3-5-4-5-4-4-4-4	4-2-3-4-3-6-4-6-5-5-5-5	7-5-5-1-5-5-3-3-5-3-3-4	5-6-3-3-1-1-3-1-3-3-3-4	1-4-7-5-6-2-3-3-5-4-5-3	4-6-3-0-4-1-3-1-3-3-2-5	4-1-3-4-3-4-3-3-3-4-2-3	5-3-7-2-1-6-3-3-6-4-3-4	4-0-6-1-1-7-6-2-3-4-1-6	4-4-4-5-4-1-2-3-6-6-3-1	2-1-4-3-3-8-7-7-4-4-5-2	6-1-4-4-3-4-4-4-0-2-2-1
142	5	7-8-6-7-7-6-6-5-6-6-6-8	6-3-3-7-6-7-5-6-6-4-7-6	4-6-6-6-6-6-6-6-6-6-6-6	6-4-4-6-6-6-7-7-6-7-6-4	6-5-8-4-5-5-6-5-4-5-6-5	6-8-6-6-4-6-6-6-3-5-2-4	8-6-5-5-6-0-5-6-6-2-8-7	4-5-4-5-5-4-5-7-5-4-7-5	8-8-4-6-6-6-4-5-3-5-6-4	6-5-5-4-6-6-7-7-4-5-5-6	5-8-7-5-3-5-0-8-6-5-6-5	3-8-5-4-6-6-4-7-5-5-3-8
142	6	5-8-5-5-5-5-5-5-5-5-5-7	5-3-3-5-5-5-5-5-5-5-5-5	4-7-7-5-7-5-5-5-7-5-5-7	7-4-5-5-7-7-5-7-5-5-7-4	5-5-4-4-4-7-7-5-5-7-5-7	5-4-7-5-4-5-7-5-2-5-2-7	4-5-3-6-5-6-5-7-5-6-7-5	2-7-4-7-7-4-8-5-4-4-5-5	4-0-4-5-5-5-4-5-3-3-7-4	8-7-6-4-5-5-5-3-4-5-7-5	7-5-5-3-0-6-0-4-5-7-5-7	4-7-4-4-5-5-4-5-2-6-7-5
142	7	5-8-5-5-5-8-5-5-5-5-5-8	5-3-5-5-7-5-8-5-5-5-5-8	4-6-6-6-6-5-6-5-6-5-7-6	6-7-7-5-6-6-8-5-5-5-6-4	5-4-4-5-7-6-6-6-7-6-5-6	6-4-6-8-7-5-6-7-7-7-2-8	8-5-7-5-8-7-5-6-7-7-6-5	7-6-4-6-6-4-3-5-1-3-5-5	4-7-4-6-7-4-4-6-3-3-6-4	6-6-7-5-6-1-5-5-8-5-6-1	6-7-5-3-0-7-4-4-6-6-5-7	4-8-8-4-6-5-6-5-2-5-6-6
142	8	8-7-5-5-8-7-7-8-5-5-5-7	5-8-8-5-8-5-7-5-8-8-5-7	8-8-8-5-8-8-8-5-8-8-7-8	7-8-8-8-8-8-7-8-3-8-8-5	5-5-8-8-8-8-7-8-8-8-5-5	5-8-7-7-8-5-8-8-8-8-8-7	5-8-8-5-5-8-8-7-8-8-5-5	8-8-8-7-8-5-6-5-6-4-5-5	7-5-8-8-1-4-8-5-8-5-6-4	6-8-2-8-8-5-8-5-7-8-3-8	5-5-5-7-4-4-5-5-5-8-8-8	8-7-7-3-5-8-8-8-8-8-6-5
143	0	0-0-0-0-0-0-0-0-0-0-0-0	0-0-0-0-0-0-0-0-0-0-0-0	0-0-0-0-0-0-0-0-0-0-0-0	0-0-0-0-0-0-0-0-0-0-0-0	0-0-0-0-0-0-0-0-0-0-0-0	0-0-0-0-0-0-0-0-0-0-0-0	0-0-0-0-0-0-0-0-0-0-0-0	0-0-0-0-0-0-0-0-0-0-0-0	0-0-0-0-0-0-0-0-0-0-0-0	0-0-0-0-0-0-0-0-0-0-0-0	0-0-0-0-0-0-0-0-0-0-0-0	0-0-0-0-0-0-0-0-0-0-0-0
143	1	1-1-1-1-2-1-1-1-1-1-1-1	1-1-0-1-0-2-1-2-2-2-2-3	2-2-2-0-1-2-2-2-0-0-2-2	2-2-2-2-1-2-1-2-0-0-2-2	0-2-2-2-2-0-2-2-2-3-0-1	1-0-0-1-1-2-0-0-0-0-0-2	2-0-0-3-2-4-0-2-0-1-3-2	2-0-3-2-1-2-0-0-4-2-2-2	2-2-2-0-0-1-2-2-0-1-2-2	3-1-4-2-2-1-0-1-2-2-0-0	0-0-1-2-3-3-2-2-3-1-0-1	1-0-3-1-3-1-0-2-1-1-1-0
143	2	1-1-1-1-1-1-1-1-1-1-1-1	3-1-0-3-0-1-1-1-1-1-1-1	1-3-1-4-3-1-3-1-3-3-1-3	3-1-1-4-3-3-0-1-3-1-3-1	6-1-1-1-1-3-3-3-1-6-3-1	5-4-3-2-2-1-3-3-0-2-5-1	3-3-3-1-3-2-2-3-1-5-1-1	1-6-5-3-8-1-2-8-2-1-5-1	1-1-3-5-4-6-1-1-1-2-6-2	1-5-1-1-1-5-3-2-3-1-0-3	5-5-2-1-1-2-1-1-1-3-3-2	0-3-2-5-1-2-5-1-5-2-2-5
143	3	3-3-3-3-5-1-3-4-1-3-2-1	2-5-4-2-4-4-1-3-1-1-2-1	7-2-1-2-2-1-4-1-2-2-4-2	2-1-1-1-2-2-5-1-2-4-4-1	2-1-1-5-3-2-4-2-5-4-2-2	2-7-2-2-4-1-4-2-8-3-7-3	2-2-4-1-2-3-5-2-0-3-1-2	3-2-1-2-3-1-8-4-2-3-7-4	3-1-2-2-3-2-1-2-7-3-2-3	1-2-0-4-5-2-2-3-2-1-3-2	3-4-1-4-5-4-3-1-1-2-2-1	3-2-1-2-1-3-4-1-7-7-3-3
143	4	4-4-6-4-3-1-4-3-1-4-4-6	6-3-3-6-3-3-5-5-3-1-6-5	5-4-8-2-4-5-5-5-6-4-3-5	5-5-6-5-2-6-3-1-3-3-3-5	4-1-6-4-3-3-5-5-3-3-5-5	6-2-3-5-3-2-3-4-3-3-0-2	6-3-3-1-6-1-6-5-0-2-4-2	1-2-2-3-3-3-3-4-7-4-4-5	9-1-2-2-2-4-7-4-9-4-2-4	7-7-1-3-3-2-0-3-7-5-7-2	7-2-4-3-7-3-6-1-0-2-3-4	6-2-4-0-4-4-3-4-1-2-1-2
143	5	4-3-4-6-3-5-5-5-5-4-5-6	4-3-3-7-3-6-6-4-6-1-7-4	4-6-7-2-2-4-6-4-4-6-4-4	6-4-4-4-2-2-8-4-3-3-3-6	2-6-6-3-6-6-6-6-3-9-6-4	2-6-3-4-3-7-3-2-5-3-2-5	9-2-5-7-4-7-3-4-5-2-6-7	0-2-2-2-2-6-9-3-6-5-4-7	5-5-6-2-2-2-6-6-3-5-2-6	6-2-1-9-3-2-0-3-6-7-6-2	7-2-5-3-6-6-8-7-6-2-3-5	9-6-6-7-6-7-2-8-6-6-2-2
143	6	6-6-4-5-7-6-6-7-6-4-5-5	4-7-7-4-8-6-5-8-5-5-4-4	5-5-4-2-2-7-7-8-8-7-7-6	5-4-7-4-2-4-5-2-7-8-6-5	2-5-5-3-5-5-7-5-7-2-5-2	4-5-3-4-3-5-7-2-6-6-6-5	7-7-7-5-7-5-4-7-6-6-5-6	0-2-2-3-2-5-7-4-5-5-4-4	5-6-5-5-6-7-5-5-6-5-2-5	5-2-6-7-1-2-2-8-5-5-5-2	5-9-7-6-5-5-4-5-5-5-7-5	8-5-5-5-5-5-2-5-5-5-7-6
143	7	8-7-9-9-6-7-7-8-7-4-7-9	7-6-6-8-8-6-8-8-6-8-5-4	8-8-8-8-8-6-8-8-8-8-6-7	8-4-6-8-8-8-8-8-8-8-8-5	8-6-5-8-5-7-8-8-6-7-8-8	7-3-8-7-3-5-8-2-6-7-3-8	6-6-6-5-6-5-7-6-0-7-8-7	7-2-9-8-7-5-6-8-5-7-8-5	4-5-5-8-2-8-4-5-3-7-8-8	5-8-5-6-8-7-6-3-5-5-5-7	5-6-6-3-4-5-5-5-5-8-6-5	6-7-7-5-5-5-7-5-8-3-6-8
143	8	9-9-9-7-6-9-9-9-9-7-7-7	7-6-6-7-7-9-7-7-5-7-9-7	7-7-4-7-7-8-7-7-7-7-7-7	7-8-8-7-7-7-9-7-7-6-7-5	7-5-5-7-8-7-9-7-8-8-7-7	9-9-7-7-8-5-7-2-3-8-3-7	8-6-6-5-7-5-8-7-8-6-7-7	8-2-2-7-2-9-6-7-9-5-7-5	8-8-8-7-7-8-8-5-4-7-7-7	7-7-8-8-8-7-8-6-5-8-5-7	7-6-6-3-5-5-5-8-5-7-8-8	6-7-8-8-5-5-7-5-7-8-6-7
143	9	9-8-9-7-9-8-8-9-8-7-7-7	7-6-9-7-9-9-7-9-9-9-8-9	9-8-9-7-9-9-7-8-8-9-9-9	8-9-9-9-9-9-8-9-8-9-9-5	7-5-9-9-9-9-8-9-9-9-7-9	8-9-8-7-9-9-9-7-9-9-9-9	5-9-9-7-7-9-9-9-9-9-5-9	9-9-7-8-9-8-7-7-8-7-5-4	4-9-9-8-2-9-5-5-4-9-7-0	7-9-9-5-9-7-9-9-9-9-9-9	9-6-6-6-7-5-9-5-9-7-9-9	9-8-8-9-5-9-9-5-9-9-3-9
144	0	0-0-0-0-0-0-0-0-0-0-0-0	0-0-0-0-0-0-0-0-0-0-0-0	0-0-0-0-0-0-0-0-0-0-0-0	0-0-0-0-0-0-0-0-0-0-0-0	0-0-0-0-0-0-0-0-0-0-0-0	0-0-0-0-0-0-0-0-0-0-0-0	0-0-0-0-0-0-0-0-0-0-0-0	0-0-0-0-0-0-0-0-0-0-0-0	0-0-0-0-0-0-0-0-0-0-0-0	0-0-0-0-0-0-0-0-0-0-0-0	0-0-0-0-0-0-0-0-0-0-0-0	0-0-0-0-0-0-0-0-0-0-0-0
144	1	1-1-1-3-1-2-1-1-1-1-2-2	2-2-1-1-2-2-1-2-2-1-2-2	1-2-4-2-2-2-2-2-3-2-2-2	2-1-2-2-1-2-2-2-1-2-1-1	2-1-1-2-1-1-2-1-1-2-2-1	4-1-2-2-2-2-1-2-2-1-4-2	1-1-3-1-0-1-0-2-1-2-0-4	1-1-1-1-1-2-1-1-1-1-5-3	1-1-2-1-1-2-2-1-2-1-1-2	2-1-1-2-1-1-2-2-0-3-2-1	1-7-4-2-1-7-2-1-1-1-2-1	3-1-1-1-1-1-1-2-1-1-0-1
144	2	1-1-1-2-1-1-1-1-1-1-1-1	1-1-1-2-3-1-2-1-1-1-1-1	1-3-1-3-3-1-3-1-1-3-1-3	3-0-1-2-3-3-1-1-1-1-2-1	1-0-4-1-3-3-3-3-1-1-1-3	1-1-3-2-1-1-3-1-1-1-1-4	2-1-1-2-3-2-2-3-1-1-3-3	1-2-4-2-3-1-7-7-2-1-1-0	2-0-1-3-4-1-1-4-1-2-2-1	1-2-1-1-3-2-3-1-3-1-1-4	1-4-0-1-1-1-1-2-1-3-1-1	1-3-2-0-1-1-3-1-2-2-2-4
144	3	1-3-1-1-1-1-1-1-1-1-1-1	1-4-4-2-2-1-1-2-1-1-2-4	4-3-2-2-2-1-4-4-4-2-4-2	2-3-4-1-2-2-5-1-4-5-4-1	1-0-3-5-2-2-4-2-3-3-1-2	2-2-4-7-3-2-4-3-3-3-6-3	2-1-1-1-2-3-4-2-1-1-2-2	3-2-2-2-2-1-6-2-2-4-3-1	3-1-4-2-5-1-6-2-1-3-2-3	2-2-1-0-2-2-4-4-2-1-7-2	1-2-0-5-6-1-0-3-0-2-2-3	1-2-2-4-1-3-2-1-6-4-5-1
144	4	5-5-1-7-3-5-4-1-1-4-1-7	4-3-3-4-1-1-4-6-4-1-5-5	5-5-5-2-4-1-3-5-3-2-3-4	5-5-5-2-2-2-5-2-3-1-3-4	1-6-2-1-5-4-5-4-3-4-1-7	1-2-3-4-6-2-3-2-1-3-3-2	5-2-3-4-5-4-3-5-4-1-5-1	3-2-5-2-2-1-3-2-2-5-5-4	5-5-5-2-2-5-5-2-6-4-2-5	5-5-1-1-5-2-3-3-5-1-5-2	5-2-4-1-1-5-5-5-5-1-2-4	1-2-5-3-5-1-1-5-5-5-3-2
144	5	4-4-4-7-3-4-7-6-4-7-1-5	4-3-3-4-2-4-6-4-4-1-4-4	4-6-6-6-6-7-6-4-6-6-6-6	6-4-4-6-6-6-4-1-6-3-6-4	6-4-7-5-4-5-6-5-5-5-5-6	6-4-6-5-4-4-6-5-1-5-3-6	6-6-1-5-4-5-4-6-5-5-6-6	3-6-4-6-6-1-3-6-5-4-6-4	4-4-4-4-6-4-4-6-4-5-6-4	4-4-1-6-6-6-6-3-4-4-4-2	4-3-4-3-1-4-4-4-4-6-5-5	3-1-4-6-4-4-1-4-4-4-6-6
144	6	4-7-4-4-6-7-6-5-7-6-6-7	4-3-3-5-1-7-5-4-7-6-7-4	4-5-5-5-5-6-5-7-7-6-6-5	5-6-6-5-5-5-5-1-5-6-5-4	5-4-3-2-6-5-5-5-6-6-1-5	7-7-5-5-4-7-5-5-6-6-3-5	7-5-1-5-6-6-6-5-6-1-5-5	3-5-4-5-5-7-3-2-5-4-5-6	6-4-6-6-5-1-3-5-4-6-5-4	7-6-6-5-5-5-6-7-7-1-6-2	5-1-6-1-3-6-4-5-5-6-6-6	3-2-4-5-6-6-6-4-5-4-5-5
144	7	7-6-7-5-7-7-5-7-6-5-6-6	4-3-7-4-7-7-6-7-7-7-6-6	7-7-7-5-7-7-6-6-6-7-7-7	5-7-7-7-7-7-6-7-6-7-7-4	5-4-7-7-7-6-6-7-7-7-6-4	6-7-7-5-7-6-7-7-7-7-7-7	6-7-7-7-6-7-7-7-7-7-6-5	7-7-7-6-5-6-7-2-6-7-6-6	6-5-7-6-5-7-7-6-7-7-5-1	6-4-7-7-7-6-7-6-6-7-4-7	4-1-7-7-3-6-4-4-4-6-7-6	6-6-4-1-6-7-7-4-4-7-3-1
145	0	0-0-0-0-0-0-0-0-0-0-0-0	0-0-0-0-0-0-0-0-0-0-0-0	0-0-0-0-0-0-0-0-0-0-0-0	0-0-0-0-0-0-0-0-0-0-0-0	0-0-0-0-0-0-0-0-0-0-0-0	0-0-0-0-0-0-0-0-0-0-0-0	0-0-0-0-0-0-0-0-0-0-0-0	0-0-0-0-0-0-0-0-0-0-0-0	0-0-0-0-0-0-0-0-0-0-0-0	0-0-0-0-0-0-0-0-0-0-0-0	0-0-0-0-0-0-0-0-0-0-0-0	0-0-0-0-0-0-0-0-0-0-0-0
145	1	1-1-1-1-1-1-1-1-1-1-1-2	1-2-1-0-0-2-0-2-1-1-0-2	1-2-2-1-2-2-2-2-2-2-2-2	2-0-2-2-1-0-2-2-2-2-2-2	2-1-1-3-1-1-2-1-2-2-2-1	4-2-2-0-2-0-1-0-2-1-1-0	4-2-1-1-0-1-0-2-1-1-1-1	1-1-1-0-1-0-2-6-1-1-2-1	1-0-0-0-1-1-4-0-2-0-1-2	0-1-3-2-1-0-0-1-0-4-0-1	4-0-4-2-8-3-3-1-4-1-2-1	1-1-1-1-1-4-1-0-4-0-4-1
145	2	2-1-2-1-1-1-1-1-1-1-1-1	1-1-1-2-1-1-3-1-1-2-4-1	0-3-3-1-1-1-3-1-1-4-1-3	3-0-1-1-3-3-1-3-1-1-1-1	3-0-3-1-0-2-3-3-1-1-1-2	1-4-3-2-2-4-3-4-1-1-0-4	3-1-1-0-3-2-3-3-1-2-3-2	1-2-4-2-2-1-1-3-2-1-1-0	0-0-0-3-4-1-0-3-1-2-2-1	3-3-1-1-3-2-3-1-3-0-3-4	0-2-0-1-0-2-0-0-0-3-1-1	1-2-2-2-0-0-3-0-2-2-2-4
145	3	3-3-2-3-3-1-3-3-3-1-3-3	1-4-3-2-3-3-2-4-3-3-2-3	1-2-2-3-2-3-4-4-4-2-4-2	2-4-4-1-2-2-3-2-4-4-4-1	2-3-2-1-3-3-4-2-4-1-1-2	1-2-4-2-3-2-4-2-3-3-6-3	2-1-3-3-2-3-4-2-3-1-2-4	3-3-4-4-2-4-7-2-2-3-3-2	3-1-4-2-6-2-0-2-1-1-2-3	2-2-1-1-2-4-2-4-2-0-2-2	0-2-1-3-8-4-1-3-0-2-1-1	1-2-2-2-0-1-2-0-1-0-3-3
145	4	4-3-4-5-2-1-4-2-4-4-4-8	4-3-3-2-3-1-5-3-3-3-5-5	7-5-6-5-4-5-3-6-6-2-3-4	4-4-5-4-2-2-8-5-3-3-3-4	2-8-3-4-6-3-3-4-4-4-1-2	1-2-3-4-6-2-3-2-1-3-3-2	1-1-3-8-4-4-3-4-4-1-6-3	4-2-6-3-2-3-5-2-2-4-6-7	6-4-6-2-2-4-8-2-4-4-2-6	6-8-1-4-6-3-3-3-6-5-5-2	8-2-5-1-5-6-6-6-1-2-4-4	1-2-8-4-0-1-1-4-5-6-1-2
145	5	6-7-6-8-6-6-8-7-7-6-6-6	6-6-6-2-7-6-4-6-6-6-6-6	5-4-6-7-6-6-6-7-6-6-6-6	6-5-6-7-5-5-6-7-6-7-5-4	7-4-6-7-4-5-6-5-6-5-7-5	6-6-6-5-4-6-5-6-6-5-3-5	6-7-5-5-4-3-6-6-5-7-2-6	5-2-7-5-5-6-5-6-2-5-8-8	5-4-4-5-8-7-5-5-7-5-6-7	7-5-6-5-4-6-6-5-5-6-6-6	7-7-8-5-6-8-4-4-6-8-7-6	8-6-7-5-6-7-7-4-4-6-5-8
145	6	8-5-5-7-5-5-5-5-5-5-5-5	5-5-5-8-5-5-7-5-5-5-5-5	6-7-5-5-7-5-7-5-5-5-5-5	5-4-5-5-7-7-5-6-5-5-7-4	7-5-7-7-4-7-7-7-5-5-5-7	5-5-7-6-4-5-7-7-5-5-3-6	5-5-5-4-5-3-5-7-5-6-7-5	5-7-4-7-7-5-5-7-5-4-7-4	5-4-4-6-7-5-5-7-5-7-7-4	8-7-5-7-4-5-5-5-4-5-5-5	7-5-7-6-7-4-4-4-5-5-5-5	5-5-6-7-7-5-5-4-7-5-7-7
145	7	5-5-5-6-5-5-5-5-5-5-5-8	5-5-5-6-5-5-6-6-5-5-5-5	4-6-5-5-6-5-6-5-5-5-7-5	6-7-7-5-6-6-5-6-5-5-6-4	6-4-6-6-7-6-6-6-7-5-5-6	5-5-6-6-4-8-6-6-7-5-3-6	8-5-5-7-8-7-5-6-7-5-6-5	5-6-5-6-6-5-8-6-2-4-6-4	7-4-7-7-6-5-7-6-5-6-6-5	7-6-7-6-7-5-5-7-8-5-7-5	6-5-6-5-6-5-4-4-6-7-5-7	5-8-5-6-7-5-5-4-6-2-6-6
145	8	8-5-6-5-5-5-5-8-5-5-5-7	5-5-8-6-8-5-4-8-8-8-7-7	8-8-8-5-8-5-7-5-7-8-5-8	8-8-8-8-8-8-5-8-5-8-8-4	6-4-8-8-8-8-7-8-8-8-5-6	7-5-6-6-8-7-8-8-8-8-8-8	7-8-8-4-7-8-8-8-8-8-5-5	8-3-8-8-8-5-7-6-2-5-5-5	7-5-8-7-6-8-4-7-8-5-6-4	7-4-8-8-8-5-6-5-7-8-6-8	4-5-5-8-3-5-4-4-5-5-8-8	5-7-4-5-7-8-8-4-8-8-7-5
146	0	0-0-0-0-0-0-0-0-0-0-0-0	0-0-0-0-0-0-0-0-0-0-0-0	0-0-0-0-0-0-0-0-0-0-0-0	0-0-0-0-0-0-0-0-0-0-0-0	0-0-0-0-0-0-0-0-0-0-0-0	0-0-0-0-0-0-0-0-0-0-0-0	0-0-0-0-0-0-0-0-0-0-0-0	0-0-0-0-0-0-0-0-0-0-0-0	0-0-0-0-0-0-0-0-0-0-0-0	0-0-0-0-0-0-0-0-0-0-0-0	0-0-0-0-0-0-0-0-0-0-0-0	0-0-0-0-0-0-0-0-0-0-0-0
146	1	1-1-1-1-1-1-1-1-1-1-1-1	2-1-1-1-0-1-0-0-0-1-2-0	0-2-0-2-2-0-2-0-0-3-1-2	2-0-0-3-3-2-0-3-1-0-1-0	1-0-1-0-3-2-2-2-0-1-3-3	2-3-2-0-0-3-2-3-1-1-0-1	1-1-1-0-2-0-1-2-1-1-0-2	1-1-1-2-4-0-1-8-1-1-0-0	0-0-2-2-4-2-0-2-2-1-1-1	0-2-1-0-2-1-3-1-2-1-0-2	2-3-0-0-0-1-0-0-0-2-2-0	0-1-1-2-0-2-3-0-2-2-1-1
146	2	2-2-2-2-2-2-2-2-2-2-2-2	1-3-2-1-0-2-0-3-2-1-1-3	2-1-0-1-1-1-3-1-0-1-3-1	1-1-2-1-1-1-3-1-3-2-3-0	1-2-2-2-1-1-3-1-3-2-1-1	1-2-3-3-2-1-3-1-2-2-2-2	2-1-2-2-1-2-6-1-2-2-4-1	2-1-1-3-2-0-6-3-2-2-4-0	2-0-1-1-2-1-0-1-3-2-3-3	4-1-2-0-1-1-1-2-3-2-3-1	1-1-0-6-4-1-0-2-0-1-1-0	3-1-1-4-0-1-1-0-1-1-6-1
146	3	3-3-2-3-4-3-3-3-3-3-3-3	1-2-4-1-0-4-1-2-3-3-1-4	8-3-0-3-1-4-2-1-1-4-2-4	1-4-4-1-1-1-2-1-4-4-4-3	1-0-3-3-1-4-2-3-4-0-1-1	1-1-2-2-3-1-4-1-3-3-4-2	4-1-3-2-1-3-4-4-3-2-2-4	3-1-1-2-2-3-7-2-3-3-4-4	3-0-1-2-3-3-3-4-7-3-2-2	0-1-3-4-4-1-1-4-2-2-2-1	7-6-8-8-0-3-0-4-4-1-1-0	2-1-1-3-3-2-1-5-1-3-3-1
146	4	5-4-5-4-3-5-5-7-5-5-5-5	5-3-3-5-7-3-5-4-5-5-5-5	6-5-6-7-5-6-5-6-5-5-5-4	5-5-5-4-5-5-6-5-3-3-3-6	7-6-6-5-6-3-5-5-3-6-6-5	5-5-4-6-4-6-3-1-3-3-3-5	5-5-2-5-6-6-3-3-3-4-8-3	2-5-6-5-5-6-2-4-5-8-5-8	6-6-6-5-1-7-6-5-3-4-6-7	5-5-7-6-5-6-5-3-5-5-5-1	6-5-5-2-5-8-6-7-5-5-5-4	6-5-4-5-5-5-5-7-1-5-1-1
146	5	4-5-4-4-5-4-4-4-4-4-4-4	4-6-6-4-6-4-4-4-4-4-4-4	4-4-4-4-4-4-4-6-4-7-6-4	4-4-4-4-4-4-4-4-6-7-5-4	1-4-4-4-4-5-6-4-5-5-4-4	4-4-3-4-3-4-4-7-6-5-5-4	4-4-5-4-4-5-5-4-5-7-4-6	2-4-4-4-5-4-3-4-4-4-4-8	5-4-4-4-5-4-4-4-6-4-1-4	4-4-5-4-4-1-4-5-4-4-4-1	4-4-4-3-4-4-0-4-4-4-4-4	4-4-4-4-4-4-4-3-4-4-4-4
146	6	4-5-4-7-5-4-7-6-4-4-6-4	4-5-5-7-6-4-7-7-5-4-7-7	4-7-4-4-7-4-7-7-7-7-5-7	7-4-4-7-7-7-4-4-7-5-7-4	7-4-4-7-4-6-7-6-6-4-4-7	4-4-7-4-6-4-7-6-5-3-2-7	4-5-5-4-4-4-4-1-6-6-7-5	2-7-4-7-6-4-8-7-4-4-4-0	4-4-4-6-5-4-4-4-3-5-7-4	4-7-5-4-7-4-6-5-4-4-4-1	4-3-4-2-7-4-4-4-4-4-5-4	4-7-6-4-4-4-6-4-7-4-8-1
146	7	4-8-6-6-5-4-6-4-4-4-6-8	7-5-5-6-4-8-4-6-8-4-6-6	8-6-6-4-6-7-6-6-8-5-7-6	6-7-7-6-6-6-7-4-6-5-6-4	6-4-7-6-7-7-8-7-7-7-4-6	8-4-6-4-6-4-6-6-7-7-2-6	4-1-2-4-7-7-3-0-7-6-6-3	7-6-4-6-6-4-3-6-4-4-4-7	7-4-7-6-6-4-4-7-3-4-6-4	4-6-7-4-6-1-4-5-8-4-7-1	4-7-7-2-6-7-7-7-4-4-5-7	4-6-4-4-4-7-4-4-6-6-6-1
146	8	8-7-4-6-8-8-4-8-4-4-4-7	7-5-8-6-8-8-6-8-8-8-6-6	8-7-8-7-8-8-7-7-7-8-5-8	6-8-8-8-8-8-7-8-7-8-8-4	8-4-8-8-8-8-7-8-8-8-6-8	7-8-8-4-8-4-8-8-8-8-8-8	4-8-8-8-7-8-8-8-8-6-4-8	8-8-6-7-8-7-6-6-6-4-4-4	6-8-4-7-6-8-8-4-3-6-6-1	4-7-8-4-8-6-8-2-4-8-3-8	2-8-3-3-7-4-8-4-8-4-8-8	4-7-7-4-7-8-8-4-8-8-6-8
147	0	0-0-0-0-0-0-0-0-0-0-0-0	0-0-0-0-0-0-0-0-0-0-0-0	0-0-0-0-0-0-0-0-0-0-0-0	0-0-0-0-0-0-0-0-0-0-0-0	0-0-0-0-0-0-0-0-0-0-0-0	0-0-0-0-0-0-0-0-0-0-0-0	0-0-0-0-0-0-0-0-0-0-0-0	0-0-0-0-0-0-0-0-0-0-0-0	0-0-0-0-0-0-0-0-0-0-0-0	0-0-0-0-0-0-0-0-0-0-0-0	0-0-0-0-0-0-0-0-0-0-0-0	0-0-0-0-0-0-0-0-0-0-0-0
147	1	1-2-1-2-1-1-1-1-1-1-2-2	1-2-1-0-5-2-2-2-2-1-2-2	1-1-1-2-2-2-2-2-2-2-3-2	2-1-2-1-1-2-2-2-2-2-1-1	2-2-1-5-1-1-2-1-1-2-4-1	1-3-2-0-2-2-1-2-2-1-9-2	1-2-1-1-1-1-0-4-1-3-1-4	1-1-1-1-1-2-2-1-1-1-4-4	1-1-2-0-1-1-1-1-2-1-1-0	1-1-1-2-1-1-2-1-0-3-0-1	1-2-7-1-3-1-1-1-5-1-2-1	2-1-1-1-1-1-1-1-1-1-1-1
147	2	1-1-1-1-1-1-1-1-1-1-1-1	1-1-1-4-1-1-4-1-1-1-3-1	1-4-5-1-1-1-3-1-1-3-1-3	3-0-1-3-3-4-1-3-1-1-2-1	3-1-6-3-1-3-3-3-1-1-3-3	1-4-3-2-1-4-3-1-1-1-0-4	3-4-1-0-3-1-3-3-1-1-2-3	1-4-6-3-6-1-1-6-3-1-7-0	0-0-1-3-6-6-1-7-1-1-3-4	0-6-2-1-3-3-3-1-3-1-0-6	3-1-1-1-1-1-0-0-0-2-3-6	1-3-2-1-0-1-3-0-0-0-2-1
147	3	1-3-2-1-3-1-1-1-1-1-2-2	1-4-3-2-1-1-2-4-1-1-2-4	1-2-1-1-2-1-4-5-4-2-4-2	2-4-4-2-2-2-1-2-4-4-4-1	2-0-2-2-3-4-4-2-3-1-1-2	1-1-4-2-3-2-4-2-3-3-4-3	4-2-1-0-2-3-4-2-1-4-0-2	1-2-2-4-2-1-6-2-2-5-0-1	4-0-4-2-3-3-0-2-1-1-2-4	0-2-3-1-5-4-2-1-4-1-4-2	2-4-1-3-4-1-0-0-0-4-2-3	3-2-0-4-2-2-2-0-0-6-4-8
147	4	4-4-2-4-5-4-4-1-1-1-1-2	1-3-5-2-1-1-2-3-5-1-2-3	1-2-1-2-1-1-3-3-5-6-5-5	2-6-5-2-2-2-4-2-5-6-3-2	2-0-2-6-3-3-5-4-6-1-1-2	1-2-3-10-4-2-5-1-4-4-5-2	3-2-7-10-3-3-6-5-4-3-0-1	1-2-2-3-2-1-3-4-2-6-1-1	3-0-3-2-4-5-4-5-1-1-3-3	1-3-4-5-6-3-2-6-3-1-5-2	2-3-10-7-3-1-0-0-6-3-2-4	4-6-8-3-2-1-2-1-0-1-3-1
147	5	7-5-7-6-4-4-6-4-7-1-7-10	2-4-4-2-6-7-7-6-7-4-7-6	6-5-7-1-5-7-6-3-6-4-4-6	6-6-4-6-2-2-6-5-4-4-4-6	1-10-5-4-8-3-6-5-4-9-6-6	6-5-4-7-4-1-4-0-4-4-4-6	3-4-4-5-6-5-4-4-4-1-5-1	5-2-2-3-2-5-3-2-5-3-5-4	5-0-6-2-2-4-5-4-10-5-4-4	5-5-5-6-3-3-6-2-2-7-5-2	5-3-1-3-5-5-1-5-1-6-2-2	5-4-5-7-6-7-1-5-0-5-2-1
147	6	5-6-5-5-4-4-6-8-5-7-6-5	7-4-4-2-5-1-7-5-7-7-7-7	5-7-8-1-7-7-5-7-7-4-5-5	7-5-5-5-2-7-9-5-4-6-4-5	2-9-2-4-7-3-7-7-4-6-5-5	7-7-4-9-6-7-4-0-1-6-6-6	4-4-4-7-5-6-4-4-3-6-5-1	6-2-2-7-2-6-3-7-2-4-5-0	6-0-5-2-2-2-6-5-1-6-2-4	5-2-6-7-4-2-5-4-7-7-7-2	5-1-1-3-10-10-2-6-7-5-7-6	6-7-5-9-5-6-2-1-1-3-2-3
147	7	5-7-5-7-8-7-7-7-5-6-6-5	6-8-7-5-7-6-6-6-5-6-6-6	5-6-6-1-8-6-6-8-6-8-8-8	6-8-6-7-2-6-8-2-8-9-8-5	2-5-8-4-6-7-6-6-8-7-10-2	8-6-3-5-4-2-8-10-7-7-1-7	2-7-8-6-8-6-8-8-7-8-0-8	7-2-2-6-2-6-3-6-6-7-2-1	7-7-3-6-7-1-5-2-8-6-2-3	10-2-7-6-6-3-6-4-6-6-6-2	8-8-1-4-1-6-8-6-6-1-6-7	6-6-6-6-5-5-2-1-9-9-4-1
147	8	8-8-10-8-9-9-10-8-10-10-10-8	10-7-9-9-9-10-9-8-9-9-9-9	8-9-9-9-9-9-9-7-9-9-7-9	9-7-10-9-9-9-7-9-9-7-9-8	9-5-9-9-5-9-9-9-7-7-8-9	8-8-9-8-4-10-9-9-7-8-4-9	10-8-7-7-9-6-7-9-8-7-9-9	8-9-9-9-9-10-10-9-9-8-8-10	9-0-3-9-9-9-7-9-7-9-9-10	10-9-6-7-9-10-9-10-10-6-9-9	9-7-9-3-9-9-7-10-9-9-9-8	6-9-9-6-9-9-8-0-9-7-9-3
147	9	8-10-8-8-8-10-8-8-8-8-8-8	8-7-8-8-8-8-8-8-8-8-8-8	10-8-8-8-8-8-8-7-8-8-8-8	8-9-9-8-8-8-10-8-8-7-8-10	8-6-8-8-9-8-10-8-9-7-8-8	10-8-8-9-9-10-8-8-9-9-1-8	10-10-7-6-8-9-7-8-9-7-8-8	9-8-2-8-8-9-3-8-8-9-8-9	8-9-6-8-8-8-5-8-7-8-8-8	8-8-9-9-8-3-8-8-10-5-8-8	8-9-8-10-8-9-9-6-6-9-9-9	6-8-8-6-8-8-8-0-8-7-8-8
147	10	10-8-8-8-8-9-8-10-8-8-8-9	8-10-10-8-10-10-9-8-8-10-8-8	10-9-8-8-10-8-10-9-8-10-9-10	8-10-8-10-10-10-9-10-9-10-10-9	8-5-10-10-10-10-9-10-10-10-7-8	9-10-10-8-10-9-10-8-10-10-10-9	9-10-10-9-9-10-9-8-10-10-9-8	10-8-2-8-10-10-8-8-8-9-8-10	8-9-10-9-8-10-10-8-5-8-8-8	8-10-10-10-10-8-8-8-9-10-9-10	9-1-4-8-6-6-9-8-1-10-10-10	6-9-6-7-8-10-10-10-10-10-8-1
148	0	0-0-0-0-0-0-0-0-0-0-0-0	0-0-0-0-0-0-0-0-0-0-0-0	0-0-0-0-0-0-0-0-0-0-0-0	0-0-0-0-0-0-0-0-0-0-0-0	0-0-0-0-0-0-0-0-0-0-0-0	0-0-0-0-0-0-0-0-0-0-0-0	0-0-0-0-0-0-0-0-0-0-0-0	0-0-0-0-0-0-0-0-0-0-0-0	0-0-0-0-0-0-0-0-0-0-0-0	0-0-0-0-0-0-0-0-0-0-0-0	0-0-0-0-0-0-0-0-0-0-0-0	0-0-0-0-0-0-0-0-0-0-0-0
148	1	1-1-0-1-1-1-1-1-1-0-1-1	0-2-1-0-0-0-0-2-0-0-0-2	2-0-0-0-1-0-2-0-0-2-2-1	0-0-0-0-0-0-0-0-2-2-2-0	0-0-0-0-0-2-2-0-1-1-0-0	2-0-0-0-0-0-2-0-0-1-1-0	1-1-2-0-2-1-1-2-1-1-0-1	0-1-0-2-1-0-0-0-0-1-1-0	1-0-0-0-1-0-1-2-2-2-1-1	0-0-1-2-1-0-2-1-0-0-0-0	2-1-1-0-2-0-0-0-0-0-1-1	2-1-0-1-2-1-1-0-0-2-0-1
148	2	2-1-2-2-1-2-2-2-2-2-2-2	2-1-1-4-2-0-3-1-0-2-3-1	1-4-0-3-3-4-3-1-4-3-1-3	3-3-3-2-4-3-3-2-3-1-1-2	3-0-2-3-0-1-3-3-2-2-8-2	3-4-3-0-2-3-3-3-1-0-0-3	1-4-1-0-3-0-3-1-2-1-1-3	0-2-3-3-3-4-3-8-2-1-3-0	2-0-3-3-4-7-0-3-1-2-3-2	0-3-1-3-2-2-1-1-3-0-0-2	1-2-0-0-1-3-1-0-0-3-3-2	1-3-2-1-1-2-3-0-2-1-3-1
148	3	3-4-3-3-3-3-3-3-3-3-3-4	2-4-4-2-2-4-2-4-3-3-2-4	4-2-0-2-2-2-4-4-2-2-4-2	2-2-2-2-2-2-2-2-2-4-4-0	2-0-2-2-0-3-4-2-3-3-0-2	2-2-4-0-3-2-4-2-3-3-7-3	3-3-1-0-2-3-6-0-1-3-6-2	3-4-2-2-2-4-6-0-4-3-2-0	3-0-2-2-3-4-7-2-0-3-2-3	0-2-3-2-0-2-1-4-2-4-0-2	7-2-8-4-0-2-4-0-4-2-2-1	3-2-2-1-1-7-2-0-2-5-2-1
148	4	3-3-4-5-3-4-4-3-5-4-4-5	4-3-3-2-5-3-4-5-5-5-5-6	7-5-6-2-4-2-3-5-2-2-3-4	2-6-4-2-2-5-1-2-3-3-3-4	4-5-2-4-6-3-3-4-4-3-4-4	5-2-3-4-6-8-3-2-1-3-3-5	4-2-3-0-2-0-2-5-2-3-5-2	4-3-6-3-3-5-2-5-3-6-4-7	6-6-4-2-2-4-3-6-6-4-3-3	5-6-4-5-6-3-1-3-6-3-5-2	6-5-7-6-4-6-6-8-6-0-0-4	4-2-4-1-6-4-2-6-4-7-4-2
148	5	7-8-7-7-6-6-6-7-7-6-6-6	6-6-5-2-7-7-6-6-6-6-4-6	5-6-6-7-6-7-6-6-6-6-6-6	6-4-6-7-2-4-6-7-6-7-5-6	7-4-6-7-4-5-6-5-6-6-6-5	5-6-6-7-6-6-6-6-6-5-3-5	6-6-5-5-6-5-3-6-5-6-8-7	5-5-4-5-6-6-5-6-5-8-4-5	5-6-7-6-6-5-6-4-7-4-6-6	6-5-6-5-6-6-6-7-4-6-6-2	5-8-5-5-5-8-4-5-6-5-6-6	6-5-5-5-5-6-5-4-5-6-5-8
148	6	5-5-8-8-5-5-5-5-5-5-5-5	5-5-5-7-5-5-7-7-5-5-7-5	6-7-5-5-7-5-7-5-7-5-5-7	7-4-5-7-7-7-5-7-5-5-7-5	6-5-7-7-4-7-7-7-5-5-7-7	5-5-7-6-4-5-7-5-5-5-3-7	5-5-5-5-7-5-3-7-5-8-7-6	5-7-4-7-7-5-8-7-7-4-7-4	4-4-3-6-7-5-5-7-5-6-7-5	5-7-5-5-7-5-7-5-4-5-7-2	4-2-4-4-7-4-4-4-4-7-5-6	5-7-6-7-4-5-7-4-7-6-6-1
148	7	5-8-5-5-5-5-5-5-5-5-5-8	5-5-5-6-5-5-6-6-5-5-6-5	4-6-6-5-6-5-6-5-6-6-7-6	6-7-7-5-6-6-8-5-6-5-6-8	5-5-6-6-7-6-8-6-7-7-6-6	8-7-6-8-7-5-6-5-7-7-3-7	8-5-5-7-6-7-7-6-5-5-6-5	7-6-4-6-6-5-3-6-6-5-6-4	8-7-5-7-6-8-3-6-5-6-6-3	5-6-7-5-7-6-6-5-8-5-6-2	3-7-4-7-7-5-7-7-7-6-7-7	5-8-7-7-6-5-6-4-6-6-6-1
148	8	8-5-6-6-8-7-5-8-5-5-5-7	5-5-8-6-8-5-6-6-8-8-6-7	8-8-8-6-8-5-8-5-5-8-7-8	6-8-8-8-8-8-7-8-6-8-8-7	6-0-8-8-8-8-7-8-8-8-6-6	7-8-8-7-8-4-8-8-8-8-8-7	7-8-8-8-7-8-8-7-8-8-5-5	8-8-8-7-8-5-6-6-2-5-5-5	7-8-8-7-6-8-8-6-5-5-6-3	6-8-8-8-8-2-6-5-7-8-6-8	5-5-8-8-6-5-7-5-5-5-8-8	5-7-8-5-7-8-8-4-8-8-6-8
149	0	0-0-0-0-0-0-0-0-0-0-0-0	0-0-0-0-0-0-0-0-0-0-0-0	0-0-0-0-0-0-0-0-0-0-0-0	0-0-0-0-0-0-0-0-0-0-0-0	0-0-0-0-0-0-0-0-0-0-0-0	0-0-0-0-0-0-0-0-0-0-0-0	0-0-0-0-0-0-0-0-0-0-0-0	0-0-0-0-0-0-0-0-0-0-0-0	0-0-0-0-0-0-0-0-0-0-0-0	0-0-0-0-0-0-0-0-0-0-0-0	0-0-0-0-0-0-0-0-0-0-0-0	0-0-0-0-0-0-0-0-0-0-0-0
149	1	1-1-1-1-1-1-1-1-1-1-1-1	1-1-0-2-0-1-1-0-2-1-0-0	1-2-2-0-0-0-2-2-0-0-0-0	2-1-0-0-2-2-0-3-0-0-0-1	0-1-2-0-5-0-2-2-0-1-0-2	2-2-0-0-0-1-2-2-0-0-0-2	5-0-0-4-0-1-0-0-0-1-0-0	0-0-0-2-0-3-0-0-0-1-0-0	1-1-2-2-0-0-3-2-2-1-0-0	4-1-0-0-2-0-0-0-2-2-1-0	0-0-0-0-3-1-4-4-4-1-0-1	1-0-2-1-2-1-1-1-2-0-1-0
149	2	2-2-2-2-2-2-2-2-2-1-2-1	1-3-2-1-2-2-1-3-1-2-0-3	1-1-1-0-0-1-3-3-0-3-3-0	1-1-3-0-1-1-3-1-3-0-3-1	2-1-1-0-1-2-3-1-3-1-0-1	1-1-0-0-0-1-3-1-3-2-0-1	1-0-3-1-0-2-2-5-2-3-0-2	2-2-3-3-2-1-2-3-1-3-2-0	2-1-1-1-2-0-1-1-3-1-2-0	1-1-2-3-1-2-3-2-1-1-2-2	3-4-2-8-2-1-1-1-2-0-0-1	3-0-1-1-1-1-1-3-1-3-3-2
149	3	3-2-3-3-2-3-3-3-3-3-3-4	4-2-2-6-4-1-1-2-4-3-4-4	1-3-1-6-4-5-4-5-5-4-2-4	4-4-2-5-5-5-4-8-4-0-2-1	5-1-3-5-1-2-4-4-3-3-0-4	4-1-4-0-3-5-4-5-2-0-0-5	4-9-2-1-4-3-4-4-3-2-3-5	3-3-4-4-3-1-4-10-5-2-5-1	3-1-4-5-10-0-1-1-2-4-5-3	3-4-0-4-4-3-4-2-4-1-2-3	4-3-2-2-5-6-2-1-2-3-3-3	2-5-3-3-2-4-5-3-3-3-3-2
149	4	4-4-3-4-4-4-3-4-4-3-4-3	3-6-4-3-5-4-1-5-5-5-3-3	2-4-1-3-3-3-5-8-3-3-5-5	3-3-5-3-3-3-6-1-3-0-5-1	3-1-3-3-1-5-5-3-3-4-0-3	3-1-5-0-4-3-3-3-4-4-5-4	6-3-4-1-3-4-10-3-0-8-10-3	4-3-3-5-3-1-9-0-3-5-6-5	5-2-3-3-8-6-10-1-5-4-3-5	1-3-4-3-5-3-3-5-3-1-2-3	3-2-5-2-3-1-8-1-1-3-3-3	1-3-1-1-1-3-3-5-3-5-3-7
149	5	4-6-3-4-5-5-5-4-5-5-5-3	3-6-6-3-9-5-1-6-4-6-3-6	6-5-1-3-6-3-6-6-7-3-6-6	3-6-6-3-3-3-10-3-6-6-4-1	3-1-1-3-1-4-6-5-6-3-0-3	3-1-4-0-6-3-6-3-5-5-7-4	1-3-5-1-3-4-6-6-6-4-8-3	4-5-3-4-5-1-9-5-3-7-6-5	5-1-3-3-5-0-5-1-4-2-3-4	5-3-5-6-6-6-6-7-4-1-6-3	4-6-4-2-3-7-4-6-1-3-6-3	5-3-1-1-1-4-3-4-5-8-8-4
149	6	7-5-7-9-4-5-6-9-5-6-7-7	7-5-5-3-4-7-7-5-7-5-7-5	9-7-7-3-5-7-7-5-8-3-5-7	7-7-8-3-7-7-7-3-5-5-5-9	3-1-10-3-7-4-7-7-5-7-6-10	7-8-4-6-5-10-5-3-5-5-0-7	4-3-5-7-7-6-5-5-5-6-7-3	4-6-3-7-5-7-2-7-8-8-7-10	8-8-7-7-3-4-7-7-10-7-3-3	9-8-6-9-5-5-5-5-7-7-7-3	8-8-8-6-6-3-7-7-7-7-5-6	7-7-6-7-8-8-3-8-7-4-5-2
149	7	6-10-6-7-7-7-7-7-5-7-6-6	6-8-8-3-5-6-6-8-6-8-6-6	6-6-6-3-3-6-8-5-5-8-8-8	6-6-6-3-6-6-9-6-8-5-8-6	3-1-6-5-6-7-8-6-8-8-6-6	6-6-4-7-6-6-8-7-7-7-5-6	6-3-8-6-6-7-5-8-7-9-6-9	7-3-3-6-5-6-8-6-6-5-6-6	6-6-6-6-7-3-6-6-8-6-3-7	6-6-7-6-6-3-6-5-6-6-6-3	10-7-4-7-10-5-6-6-6-6-6-7	8-6-6-6-6-6-3-6-6-5-7-4
149	8	9-8-8-10-7-7-8-8-8-8-8-9	8-7-7-8-5-6-9-9-7-8-6-6	1-9-9-10-9-3-9-7-9-9-7-9	9-6-6-9-9-9-6-9-9-7-9-6	9-6-6-9-6-9-9-8-7-7-10-9	9-6-9-10-6-3-7-3-7-8-5-8	9-3-7-6-6-8-5-9-7-10-9-8	7-9-9-8-9-1-7-6-6-6-9-0	6-6-6-9-9-3-6-6-7-7-8-4	8-9-6-6-9-9-5-8-6-6-6-9	6-6-8-2-7-6-6-1-6-9-7-7	7-9-8-6-6-6-8-6-9-8-5-8
149	9	10-10-8-8-9-10-10-6-10-8-8-8	8-7-7-8-5-10-8-8-10-8-8-10	6-8-8-8-8-9-8-6-10-8-9-8	8-9-9-8-8-8-9-8-8-9-8-6	8-1-1-8-6-8-8-9-9-9-8-8	8-6-8-9-9-6-8-7-9-9-4-9	10-3-5-6-9-9-9-8-9-9-8-7	9-9-8-9-8-10-4-8-6-5-8-10	9-6-6-8-8-0-9-6-7-9-8-0	9-8-6-6-8-8-10-5-6-6-6-8	8-9-9-0-7-9-9-9-6-8-9-9	7-8-9-9-6-6-8-6-8-8-9-4
149	10	10-7-8-8-10-9-9-10-9-8-8-10	8-7-10-8-10-10-9-10-10-10-8-10	10-10-10-8-10-10-8-9-9-10-7-10	8-10-10-8-10-10-9-10-10-10-8-6	3-1-10-10-10-10-9-10-10-10-8-10	10-10-10-8-10-6-10-10-10-10-10-10	9-10-10-10-10-10-4-10-10-10-9-8	10-10-10-9-10-9-10-3-9-7-6-10	8-10-10-10-3-10-10-9-6-4-10-10	6-10-10-10-10-5-10-10-10-10-10-10	10-10-10-10-7-9-9-10-10-9-10-10	10-5-6-4-6-10-10-6-10-10-10-10
150	0	0-0-0-0-0-0-0-0-0-0-0-0	0-0-0-0-0-0-0-0-0-0-0-0	0-0-0-0-0-0-0-0-0-0-0-0	0-0-0-0-0-0-0-0-0-0-0-0	0-0-0-0-0-0-0-0-0-0-0-0	0-0-0-0-0-0-0-0-0-0-0-0	0-0-0-0-0-0-0-0-0-0-0-0	0-0-0-0-0-0-0-0-0-0-0-0	0-0-0-0-0-0-0-0-0-0-0-0	0-0-0-0-0-0-0-0-0-0-0-0	0-0-0-0-0-0-0-0-0-0-0-0	0-0-0-0-0-0-0-0-0-0-0-0
150	1	1-1-1-1-1-1-1-1-1-1-1-1	0-2-1-0-3-0-0-2-1-1-0-2	0-0-0-1-2-0-2-0-0-0-2-0	0-0-0-0-0-0-0-0-2-3-2-0	1-1-0-0-0-1-2-0-2-0-1-0	0-0-0-0-0-0-0-0-1-1-3-0	0-1-2-2-0-1-1-0-1-1-0-0	1-0-0-0-1-1-1-5-0-1-0-1	1-1-0-0-1-2-0-0-1-2-0-1	0-0-3-2-0-0-0-1-0-0-0-1	2-0-3-1-0-0-2-2-0-0-0-1	6-2-0-2-0-0-0-0-0-2-2-5
150	2	2-2-1-1-1-1-2-1-2-2-2-2	2-1-1-3-1-3-3-1-3-1-3-3	0-3-3-3-3-3-3-3-0-3-3-3	3-0-3-3-3-3-3-2-3-0-3-0	2-1-7-3-0-3-3-3-2-0-0-0	0-0-3-1-2-0-3-2-1-1-0-3	2-3-1-1-3-2-2-3-2-2-3-3	0-3-4-3-2-0-7-7-2-0-1-3	2-0-3-3-4-1-1-3-1-1-3-2	3-3-1-1-3-2-1-1-3-0-1-4	1-2-2-4-2-2-1-1-1-3-3-2	1-3-3-1-3-2-3-0-2-1-1-2
150	3	3-4-3-3-3-3-3-3-3-3-2-4	2-5-4-2-1-2-2-4-2-2-2-2	4-2-2-2-4-2-4-4-4-4-4-4	2-3-3-2-2-2-6-2-2-5-4-0	3-3-5-3-3-2-4-2-4-3-5-5	2-5-5-0-3-0-4-3-3-3-6-3	2-2-4-0-2-3-4-2-3-5-2-2	3-4-2-2-2-4-6-0-2-3-0-3	5-0-2-2-3-3-4-2-6-7-4-3	2-2-1-7-2-2-4-4-2-4-4-3	2-3-7-3-7-4-3-0-5-2-2-3	5-2-2-4-5-2-2-3-2-3-3-3
150	4	4-3-4-5-3-5-4-4-4-4-5-3	5-3-3-2-5-3-7-3-5-5-6-5	3-5-6-7-3-2-3-3-5-3-3-3	5-4-4-5-2-2-7-2-3-5-3-4	3-7-0-5-4-3-5-4-3-4-2-7	3-4-3-4-4-6-3-2-3-1-1-5	4-4-3-4-4-2-3-5-4-3-4-2	4-3-2-2-2-5-3-2-2-4-4-5	4-4-3-2-2-4-7-3-3-4-3-4	5-7-1-5-7-2-5-3-5-5-5-2	3-2-4-2-4-6-5-5-5-2-3-4	4-2-4-3-5-2-3-5-5-4-3-2
150	5	5-5-7-7-5-4-7-5-5-5-5-6	4-3-3-4-6-5-6-6-6-4-6-4	6-4-6-7-6-7-6-4-4-6-5-6	6-4-4-6-6-6-4-2-6-4-6-4	6-4-1-4-4-5-6-6-4-7-6-6	6-3-6-5-4-4-6-6-5-5-1-3	7-6-1-5-4-3-4-4-5-3-6-6	4-6-4-6-6-4-3-6-5-3-6-4	4-4-4-6-7-4-0-4-3-6-6-4	4-6-5-6-6-6-6-1-4-4-4-5	6-2-3-3-5-4-4-4-6-2-5-5	3-3-4-6-4-2-5-4-4-4-5-6
150	6	5-7-5-5-6-7-7-7-7-6-5-5	4-3-3-2-5-7-5-5-5-6-7-5	5-5-5-5-5-6-5-4-4-6-6-5	5-5-6-5-5-5-3-2-5-6-5-4	5-4-0-4-4-6-5-5-6-6-5-5	5-1-5-6-4-4-5-5-6-6-3-6	7-5-1-5-7-6-4-0-6-6-5-5	6-5-3-5-5-7-3-5-7-4-5-4	6-4-6-5-5-7-6-7-3-5-5-4	5-6-6-5-5-2-5-7-7-4-6-6	5-6-6-3-3-4-4-4-5-6-6-6	1-6-4-5-6-2-6-4-5-6-5-5
150	7	7-6-5-5-7-6-5-7-6-5-5-5	4-7-7-2-7-6-4-7-7-7-6-7	7-7-7-7-7-7-6-7-6-7-7-7	7-7-7-7-7-7-4-7-7-7-7-4	5-4-7-7-4-6-6-7-7-7-5-7	7-7-5-5-7-4-7-7-7-7-7-7	6-7-7-7-6-7-7-7-7-7-5-5	7-7-7-7-5-6-2-2-6-7-6-6	6-6-7-7-5-7-4-6-7-3-5-7	6-4-7-7-7-2-7-6-7-7-4-7	7-7-3-7-3-3-4-4-7-6-7-6	7-6-7-1-3-7-7-4-4-7-5-7
151	0	0-0-0-0-0-0-0-0-0-0-0-0	0-0-0-0-0-0-0-0-0-0-0-0	0-0-0-0-0-0-0-0-0-0-0-0	0-0-0-0-0-0-0-0-0-0-0-0	0-0-0-0-0-0-0-0-0-0-0-0	0-0-0-0-0-0-0-0-0-0-0-0	0-0-0-0-0-0-0-0-0-0-0-0	0-0-0-0-0-0-0-0-0-0-0-0	0-0-0-0-0-0-0-0-0-0-0-0	0-0-0-0-0-0-0-0-0-0-0-0	0-0-0-0-0-0-0-0-0-0-0-0	0-0-0-0-0-0-0-0-0-0-0-0
151	1	1-1-1-1-1-1-1-1-1-1-1-1	0-2-1-0-0-2-0-2-2-1-0-1	1-0-0-1-1-0-2-1-0-0-2-0	0-0-0-0-0-0-0-1-2-1-2-1	1-0-0-0-0-1-2-0-2-0-0-0	0-0-2-0-0-0-2-0-1-1-1-0	2-2-2-0-0-1-0-4-1-1-0-1	1-1-1-1-1-0-1-2-0-1-0-0	1-0-0-0-1-0-1-2-1-0-1-2	0-1-1-2-0-0-2-1-0-0-0-1	0-0-0-1-0-0-0-0-0-0-2-4	2-1-0-0-3-0-0-0-0-1-1-1
151	2	2-2-2-2-1-1-2-2-2-2-2-3	3-1-1-4-2-1-3-3-3-3-3-3	0-3-0-5-3-4-3-3-1-2-1-2	4-0-3-4-4-4-1-5-3-2-3-0	5-0-3-3-3-3-3-3-1-4-9-4	2-4-3-2-2-4-3-4-1-1-0-4	4-1-1-0-3-4-3-3-2-5-2-3	1-5-3-3-4-3-2-9-2-1-5-0	0-0-3-5-5-4-0-1-3-2-2-1	5-4-1-3-3-2-1-1-3-3-0-5	5-2-0-2-0-2-0-0-0-3-3-2	1-3-4-1-1-2-3-0-0-0-2-2
151	3	3-3-2-3-3-3-3-3-3-3-3-2	2-4-3-2-2-3-2-4-2-2-2-2	1-2-4-2-2-2-4-2-3-2-4-2	2-3-4-2-2-2-4-4-4-4-4-0	3-0-2-2-2-4-4-2-3-3-2-2	2-0-2-0-4-2-4-2-3-3-3-3	5-1-3-3-2-3-2-2-1-7-7-2	3-3-2-4-2-2-2-0-2-1-5-3	5-0-2-2-3-5-0-4-4-2-4-3	4-2-3-2-2-2-0-3-2-3-0-2	4-4-0-4-5-2-0-4-0-4-2-3	8-2-2-4-4-4-2-0-0-5-2-5
151	4	3-4-4-4-4-4-4-4-4-4-4-2	2-3-5-2-2-5-2-3-5-4-2-5	2-4-3-2-5-2-5-5-5-2-5-5	2-5-5-2-2-2-5-2-5-5-3-0	4-0-0-2-2-3-5-4-5-2-2-2	2-2-5-2-4-2-5-2-4-4-7-2	2-1-5-0-5-2-6-5-4-3-6-2	4-3-3-3-2-2-8-5-2-4-5-2	5-0-2-2-4-2-4-3-5-4-3-4	3-2-4-5-0-2-5-5-3-4-4-2	3-3-9-3-9-2-0-3-7-3-2-1	4-2-2-4-3-3-2-0-0-9-6-2
151	5	5-3-6-6-5-4-5-6-5-5-6-6	5-4-4-2-2-6-5-4-4-5-6-4	8-6-8-2-4-7-4-6-6-2-4-4	6-6-4-2-2-2-4-2-4-4-4-8	2-5-5-4-5-3-4-5-4-6-5-5	4-6-4-5-5-7-4-2-4-3-4-6	6-5-4-5-4-5-4-4-4-2-2-4	4-2-8-3-2-6-4-4-2-5-4-5	8-6-7-2-2-3-5-8-4-5-2-5	5-2-5-7-6-2-4-4-7-7-5-2	4-2-6-3-3-9-8-8-6-5-6-5	5-6-5-5-6-5-6-5-6-3-5-2
151	6	7-6-7-8-7-7-7-8-7-7-7-7	7-7-7-2-7-7-7-7-7-7-7-7	6-5-7-9-7-7-5-7-7-7-7-6	7-6-7-6-7-6-7-7-7-6-7-6	7-7-7-8-5-6-6-6-7-6-8-6	6-5-7-6-5-7-6-7-7-6-4-7	5-7-6-6-6-6-4-7-6-3-6-7	6-6-7-5-6-5-6-7-2-8-6-6	6-7-5-5-4-6-5-7-8-7-6-7	7-7-8-6-7-2-7-6-5-8-9-2	7-9-7-6-7-5-6-6-5-9-7-7	6-5-6-5-8-5-5-8-6-8-8-7
151	7	8-9-6-9-6-6-6-6-9-6-6-8	6-6-6-8-6-6-6-7-6-6-8-8	7-8-8-8-8-6-8-8-6-8-6-8	8-8-6-8-8-8-6-8-8-6-8-6	8-6-8-8-5-8-8-8-6-6-8-8	7-8-8-7-5-5-8-6-6-7-4-8	8-6-6-5-6-7-9-8-6-9-8-6	6-8-5-8-8-6-9-8-5-5-8-6	5-6-5-8-4-6-5-7-6-6-8-6	6-8-6-5-8-6-8-6-5-6-8-8	6-6-6-6-6-6-6-6-4-8-6-6	6-8-7-5-6-5-8-5-8-4-8-6
151	8	7-6-6-7-7-9-6-6-7-6-7-7	6-6-7-7-7-6-7-7-7-6-7-7	5-7-7-7-7-6-7-7-7-7-8-7	7-7-8-7-7-7-9-7-7-6-7-9	7-6-7-7-8-7-9-7-8-8-7-7	7-7-7-7-8-7-7-7-8-8-4-8	7-6-4-5-8-8-8-7-6-6-7-6	6-7-5-7-7-6-4-7-2-6-7-6	5-8-5-7-4-6-5-7-6-6-7-4	7-7-6-4-7-2-7-6-9-6-8-7	7-8-6-8-7-8-5-5-6-7-8-8	6-7-9-8-6-3-7-5-7-6-7-7
151	9	9-7-7-7-6-8-6-9-7-7-7-7	6-9-9-7-9-6-8-7-7-9-7-8	9-9-7-6-9-6-7-7-6-9-8-9	8-9-9-9-9-9-8-9-6-9-9-8	6-6-9-9-9-9-8-9-9-9-2-7	7-9-9-8-9-5-9-9-9-9-9-8	8-9-9-9-9-9-9-9-9-9-7-6	9-9-9-8-9-6-7-2-2-6-7-6	7-8-9-9-2-9-9-7-4-6-7-9	6-9-6-9-9-2-9-4-8-6-6-9	7-6-9-6-4-5-0-5-9-6-9-9	6-6-8-6-6-9-9-9-9-9-7-9
152	0	0-0-0-0-0-0-0-0-0-0-0-0	0-0-0-0-0-0-0-0-0-0-0-0	0-0-0-0-0-0-0-0-0-0-0-0	0-0-0-0-0-0-0-0-0-0-0-0	0-0-0-0-0-0-0-0-0-0-0-0	0-0-0-0-0-0-0-0-0-0-0-0	0-0-0-0-0-0-0-0-0-0-0-0	0-0-0-0-0-0-0-0-0-0-0-0	0-0-0-0-0-0-0-0-0-0-0-0	0-0-0-0-0-0-0-0-0-0-0-0	0-0-0-0-0-0-0-0-0-0-0-0	0-0-0-0-0-0-0-0-0-0-0-0
152	1	1-1-1-1-1-1-1-1-1-1-1-2	0-2-1-0-0-2-0-1-1-1-0-1	1-0-0-0-0-0-2-0-2-1-2-0	0-0-2-0-1-0-2-0-2-2-2-0	2-2-0-0-0-1-2-0-1-2-0-0	0-0-2-0-0-0-2-0-2-1-0-0	0-1-1-0-2-1-0-0-1-1-0-1	1-1-0-1-1-0-2-1-1-2-0-0	1-0-0-0-0-0-1-0-2-1-1-0	0-0-1-2-1-0-2-1-0-0-0-0	0-0-4-0-1-0-0-0-0-1-1-2	2-1-1-2-0-1-0-0-0-0-2-1
152	2	2-1-2-1-2-2-2-1-2-2-3-3	3-1-1-4-0-1-3-3-3-3-3-3	0-3-4-3-3-2-3-5-1-3-1-3	3-3-3-3-3-4-1-3-2-1-1-5	3-1-3-3-0-3-3-3-1-5-4-3	3-4-3-5-2-3-3-3-1-2-0-4	4-1-1-0-3-4-3-3-1-2-7-3	1-4-3-3-2-0-1-4-2-1-0-0	0-0-3-3-5-4-0-3-1-1-3-3	7-3-2-1-3-2-3-1-3-0-0-3	5-2-1-0-1-0-0-5-0-2-3-1	1-3-4-1-0-0-3-0-0-0-5-2
152	3	3-3-2-3-3-3-3-3-3-2-3-2	2-4-3-2-4-4-2-4-2-2-2-4	4-2-2-2-2-5-4-4-1-2-4-2	2-2-2-2-2-2-4-2-4-4-4-2	2-0-2-2-0-4-4-2-4-3-2-2	2-3-4-2-3-2-4-2-3-3-4-3	4-2-3-6-2-3-7-4-3-3-5-2	3-2-2-4-2-0-3-2-2-3-0-0	3-0-4-2-3-2-5-2-4-3-2-2	4-4-3-2-2-2-2-5-4-3-3-2	5-4-8-4-8-0-0-3-0-2-2-4	3-2-2-4-7-3-2-0-5-0-2-3
152	4	4-4-2-4-4-5-4-4-4-4-4-2	2-3-3-2-3-3-2-5-5-2-2-5	3-4-2-2-2-2-5-3-5-6-5-5	2-6-5-2-2-2-3-2-5-5-3-2	2-0-2-5-2-3-5-4-5-6-2-2	5-2-3-8-4-2-5-2-4-4-3-2	3-2-6-3-5-4-4-5-5-4-2-5	4-2-2-3-2-0-7-5-2-4-4-5	4-0-5-5-3-2-4-2-7-4-3-2	3-3-4-5-5-5-5-4-3-3-5-2	3-3-3-4-5-5-0-7-5-3-2-4	7-2-2-3-5-7-3-0-7-5-5-3
152	5	6-2-2-2-4-4-5-4-5-5-5-5	5-4-3-2-3-5-5-4-4-6-2-4	5-6-6-6-5-6-4-3-4-6-4-4	6-5-4-2-5-0-4-6-4-6-4-2	2-6-5-4-6-3-4-6-5-5-6-2	4-5-4-2-4-7-4-5-1-4-3-6	4-4-4-8-4-5-4-4-4-3-3-4	4-2-2-4-2-5-4-4-5-6-5-4	4-0-4-4-2-2-3-5-4-5-2-0	4-4-5-4-6-6-4-3-6-5-4-2	3-2-6-6-4-7-5-7-4-5-6-5	4-4-5-7-4-5-2-5-5-4-2-3
152	6	7-6-8-6-7-7-7-7-8-7-7-6	7-3-4-7-7-7-7-6-7-7-7-7	6-7-7-5-7-7-7-7-7-7-6-7	7-7-5-7-7-7-7-7-7-5-7-6	7-5-7-7-5-7-7-7-4-7-7-7	7-7-7-8-6-7-7-7-4-6-4-7	7-7-6-3-7-6-6-7-6-8-7-7	3-7-7-7-7-5-8-7-7-5-7-8	8-0-5-7-7-7-3-7-4-6-7-8	8-7-6-5-7-8-7-4-5-5-7-7	7-8-7-5-8-5-6-4-7-7-5-6	4-7-5-5-7-8-7-8-7-4-7-8
152	7	6-8-6-6-6-6-6-6-6-6-6-8	6-6-6-6-6-6-6-6-6-6-6-6	8-6-6-6-6-6-6-6-6-6-7-6	6-6-7-6-6-6-8-6-6-5-6-8	6-5-6-6-7-6-8-6-7-7-6-6	6-6-6-8-7-8-6-6-4-7-4-6	6-6-4-6-6-7-8-6-7-7-6-6	7-6-6-6-6-6-4-6-6-6-6-7	7-7-4-6-6-6-4-6-4-6-6-2	6-6-5-5-6-6-6-4-8-5-7-6	6-7-6-0-6-5-7-5-4-6-7-7	4-8-7-5-6-7-6-0-6-0-6-6
152	8	8-6-6-6-8-7-6-8-6-6-6-7	6-8-8-6-8-6-6-6-6-8-6-6	8-8-6-6-8-6-6-7-6-8-7-8	6-8-6-8-8-8-7-8-7-8-8-7	6-5-8-8-8-8-7-8-8-8-6-6	6-8-6-7-8-7-8-8-8-8-8-7	6-8-8-5-6-8-7-7-8-6-6-8	8-6-6-7-6-6-8-6-6-5-6-8	6-8-8-7-6-8-8-6-4-6-6-6	6-8-8-8-6-6-6-8-7-8-3-8	8-6-3-6-6-5-7-5-8-7-8-8	4-7-5-4-6-8-8-8-8-8-6-6
153	0	0-0-0-0-0-0-0-0-0-0-0-0	0-0-0-0-0-0-0-0-0-0-0-0	0-0-0-0-0-0-0-0-0-0-0-0	0-0-0-0-0-0-0-0-0-0-0-0	0-0-0-0-0-0-0-0-0-0-0-0	0-0-0-0-0-0-0-0-0-0-0-0	0-0-0-0-0-0-0-0-0-0-0-0	0-0-0-0-0-0-0-0-0-0-0-0	0-0-0-0-0-0-0-0-0-0-0-0	0-0-0-0-0-0-0-0-0-0-0-0	0-0-0-0-0-0-0-0-0-0-0-0	0-0-0-0-0-0-0-0-0-0-0-0
153	1	1-1-1-3-1-1-1-2-1-1-2-2	2-2-1-0-2-2-3-2-3-2-2-2	1-2-3-3-2-2-2-2-3-2-5-2	2-1-2-1-1-2-2-2-2-2-2-1	2-1-1-2-1-1-2-1-2-1-3-1	4-2-2-3-2-2-2-2-3-1-4-2	2-1-1-1-2-1-2-2-1-1-1-4	1-1-1-1-1-3-2-1-1-1-2-1	1-0-3-1-2-1-1-1-2-1-1-1	4-1-2-7-1-1-2-2-4-1-0-1	1-4-3-3-3-4-0-1-1-4-2-2	2-1-1-1-1-1-1-0-0-0-1-2
153	2	1-1-1-1-1-1-1-1-1-1-1-1	1-1-1-3-1-1-0-1-1-1-3-1	3-3-0-1-1-1-3-1-1-1-1-1	3-0-1-3-3-3-1-3-1-1-3-1	5-1-3-1-1-3-3-3-1-1-1-3	1-1-3-1-1-3-3-1-1-1-0-3	1-5-1-0-3-2-1-3-1-1-0-1	1-2-2-3-5-1-1-4-2-1-1-0	0-0-0-4-4-2-0-3-1-2-3-2	0-4-1-1-3-4-3-1-3-0-0-4	0-2-1-1-1-1-0-0-0-1-1-1	1-3-2-5-0-1-3-0-0-0-2-1
153	3	1-1-1-1-3-3-1-3-1-1-1-4	1-4-3-2-1-1-1-1-1-1-2-1	2-3-1-1-2-1-4-1-1-2-4-2	2-3-2-2-2-2-5-2-4-5-4-1	2-0-2-5-2-3-4-2-4-3-1-2	2-6-5-1-3-2-4-2-1-3-8-2	1-2-3-6-2-3-4-2-1-1-0-1	3-4-4-5-2-1-6-4-2-5-0-1	5-0-4-2-3-3-0-2-1-3-2-6	4-5-3-4-4-1-4-3-2-3-4-2	0-3-1-1-1-1-0-6-4-1-5-1	1-2-2-4-0-1-2-0-6-4-6-2
153	4	4-5-4-4-4-1-1-1-1-5-4-5	5-3-3-6-1-1-5-4-5-5-5-5	8-5-6-5-4-5-3-5-3-2-3-4	5-5-5-5-2-2-5-2-3-1-3-6	2-5-4-4-5-1-5-5-3-4-1-5	1-5-3-1-6-9-3-2-1-3-1-2	1-2-3-4-5-1-3-5-1-3-7-1	1-3-7-3-2-5-3-2-5-3-4-8	7-0-3-2-2-4-7-6-1-4-2-3	5-2-4-3-3-2-3-1-5-7-7-2	5-1-1-3-7-5-6-7-7-1-1-4	4-2-5-3-6-7-2-8-7-3-3-2
153	5	5-5-4-5-6-3-5-7-1-4-6-4	4-6-6-4-6-1-4-7-4-4-4-4	4-4-4-4-2-4-6-4-6-6-6-4	4-4-4-4-2-4-4-2-6-3-5-4	2-4-4-3-4-5-6-4-6-5-1-2	4-9-3-4-4-2-6-5-6-5-1-6	3-2-5-4-4-5-3-4-5-5-4-1	3-3-4-3-2-4-3-5-4-3-4-4	3-0-6-2-3-5-8-4-1-5-2-5	4-2-5-6-5-1-3-5-4-4-4-2	4-6-5-7-4-4-4-4-4-6-3-7	1-2-4-3-4-1-2-4-4-4-3-6
153	6	7-7-7-9-5-6-7-6-6-6-5-6	4-5-5-4-5-1-7-8-7-7-7-4	8-7-7-8-8-7-7-4-7-7-5-8	7-4-7-8-8-8-7-8-5-8-8-4	8-4-9-8-4-5-7-7-5-6-8-8	7-7-8-6-4-1-7-7-5-3-3-8	7-7-3-4-7-5-3-7-1-3-8-7	5-7-8-7-8-4-3-8-8-5-8-4	4-0-5-7-8-2-4-4-1-7-8-3	4-8-6-5-3-7-7-3-7-4-8-2	4-6-4-1-4-1-4-8-4-8-5-6	6-8-6-8-4-4-7-4-3-4-3-5
153	7	6-9-6-9-6-7-6-9-6-4-6-4	4-8-8-4-5-8-6-6-4-6-6-8	0-6-6-6-6-6-6-6-6-8-8-6	6-4-6-4-6-6-8-6-8-6-8-4	1-5-6-8-4-8-8-6-8-7-6-6	6-6-5-8-4-2-6-6-5-7-3-7	6-6-5-4-6-9-8-8-7-7-4-6	5-8-4-6-6-4-3-6-6-7-8-4	4-0-8-6-7-7-4-4-8-6-6-5	4-4-7-1-8-6-8-8-6-8-4-7	4-6-8-5-4-4-4-4-4-6-5-7	8-6-6-6-4-4-6-4-4-4-3-5
153	8	9-7-6-8-8-9-9-9-9-6-8-9	9-7-7-4-8-7-6-6-9-6-7-9	4-6-4-9-6-6-7-8-6-7-7-6	6-4-8-6-6-6-9-6-7-6-7-9	6-4-6-7-4-7-7-6-7-8-6-6	9-6-6-6-8-1-6-6-8-8-3-6	9-6-1-4-8-8-7-7-8-7-6-6	8-7-6-7-6-1-3-6-6-4-7-4	8-8-7-8-6-2-5-4-9-6-6-3	4-6-8-5-7-6-7-7-9-7-8-2	7-8-7-4-7-9-4-6-4-6-8-8	7-6-9-6-8-1-7-4-7-4-7-2
153	9	9-7-9-7-9-8-8-9-8-8-9-8	8-7-9-4-9-9-6-9-9-9-6-8	9-9-9-9-9-9-9-8-9-9-8-9	8-9-9-9-9-9-8-9-8-9-9-8	9-4-9-9-9-8-8-9-9-9-1-9	8-9-9-8-9-4-8-9-9-9-9-9	8-9-9-9-9-9-9-9-9-9-6-9	9-7-9-8-9-9-6-2-6-5-4-7	8-8-9-8-2-9-9-4-8-9-7-9	4-9-9-5-9-9-9-5-8-9-4-9	4-9-7-9-1-8-4-4-4-9-9-9	6-8-8-1-4-9-9-4-4-9-3-1
154	0	0-0-0-0-0-0-0-0-0-0-0-0	0-0-0-0-0-0-0-0-0-0-0-0	0-0-0-0-0-0-0-0-0-0-0-0	0-0-0-0-0-0-0-0-0-0-0-0	0-0-0-0-0-0-0-0-0-0-0-0	0-0-0-0-0-0-0-0-0-0-0-0	0-0-0-0-0-0-0-0-0-0-0-0	0-0-0-0-0-0-0-0-0-0-0-0	0-0-0-0-0-0-0-0-0-0-0-0	0-0-0-0-0-0-0-0-0-0-0-0	0-0-0-0-0-0-0-0-0-0-0-0	0-0-0-0-0-0-0-0-0-0-0-0
154	1	1-1-1-1-1-0-1-1-1-1-1-1	2-0-0-2-0-1-1-0-0-2-2-2	0-2-3-0-2-2-2-2-0-3-2-0	2-2-1-3-3-2-0-3-2-3-3-1	3-1-2-3-0-0-2-2-0-2-2-3	2-2-3-1-0-2-2-0-0-0-0-2	0-1-0-1-2-0-0-2-1-0-0-0	0-2-0-2-0-0-0-3-1-0-1-0	0-2-0-2-1-2-1-2-0-1-3-2	2-2-0-2-2-0-2-1-2-0-0-0	1-2-1-0-2-1-1-1-1-1-2-1	1-2-1-1-0-1-2-1-1-1-2-2
154	2	2-2-2-2-2-2-2-2-2-2-2-2	1-3-3-1-0-3-1-3-3-1-1-1	2-1-1-2-1-1-3-3-0-1-3-2	1-1-1-1-1-1-4-1-1-1-3-1	0-0-1-1-0-3-3-1-3-1-1-1	1-1-1-2-2-1-3-0-4-2-5-2	0-1-2-0-1-2-6-1-2-3-3-0	2-1-0-1-0-2-4-2-1-0-3-2	2-1-2-1-5-1-2-1-0-2-0-1	1-1-0-3-3-0-1-2-1-6-4-2	3-2-4-2-1-2-0-3-3-1-1-2	1-1-1-2-3-1-1-0-1-2-1-4
154	3	3-3-3-3-2-2-3-2-4-3-3-5	3-2-2-3-0-2-3-4-4-2-5-4	4-4-1-6-4-4-4-4-4-1-2-3	4-4-5-1-1-1-2-6-1-1-1-3	1-5-3-1-4-2-4-3-2-3-1-1	3-1-1-3-3-1-2-0-0-0-0-4	8-1-2-5-4-3-2-3-0-2-2-4	3-2-5-3-3-4-2-1-3-3-2-2	3-3-4-1-5-0-3-4-6-3-3-4	10-3-6-4-4-4-1-7-3-3-5-4	2-3-2-2-3-3-4-5-5-3-4-4	3-1-3-3-4-3-3-3-1-7-3-0
154	4	3-2-4-4-4-2-4-4-3-3-4-3	3-2-2-5-0-5-3-3-5-4-3-3	3-3-3-6-5-3-3-3-0-6-5-5	5-3-4-5-5-5-2-7-4-1-4-3	7-3-3-1-3-4-5-5-3-1-1-5	5-6-5-8-4-6-5-6-2-0-0-5	5-6-6-3-5-4-5-5-0-4-5-5	0-7-5-5-5-3-2-10-5-4-2-5	3-3-5-5-6-5-3-3-7-4-4-3	4-5-0-3-5-4-5-2-5-5-3-6	3-6-2-2-2-4-3-3-3-5-3-3	3-6-4-3-3-1-5-3-4-4-5-6
154	5	5-6-4-6-5-5-5-5-3-3-6-3	3-6-6-4-7-4-4-6-4-6-3-4	3-3-4-4-4-3-6-4-6-4-6-4	4-3-3-4-4-4-5-4-6-6-6-3	4-3-7-1-3-4-6-4-5-6-1-4	4-4-7-4-5-3-4-5-5-5-8-4	4-4-5-3-4-5-6-4-5-7-4-4	6-4-4-4-4-3-8-4-4-7-8-5	4-3-4-4-3-4-3-4-8-5-4-5	4-4-6-8-4-7-4-6-4-4-3-5	9-5-10-8-10-4-4-3-3-4-1-5	8-4-3-3-4-7-4-3-4-4-8-7
154	6	8-5-6-7-5-6-6-4-7-6-5-7	6-5-5-6-8-5-7-5-7-5-7-8	8-7-8-4-6-7-5-8-8-7-5-7	7-7-8-7-4-4-7-3-5-5-5-7	4-10-3-6-7-5-7-7-6-7-7-6	7-4-5-6-8-4-5-4-5-0-5-4	4-4-5-5-7-3-5-7-6-4-8-5	5-4-8-5-4-7-7-4-4-6-6-8	8-8-7-4-4-7-8-4-3-6-5-3	8-8-3-5-7-5-7-5-8-8-8-4	8-4-8-10-8-8-8-8-8-4-4-6	3-4-6-6-8-8-4-8-7-8-3-4
154	7	6-10-6-6-7-7-7-7-6-6-6-6	6-9-8-6-5-7-6-8-6-7-6-6	6-6-6-4-4-6-8-9-6-6-8-6	6-6-8-6-4-4-8-4-5-9-6-6	4-6-5-4-6-7-8-6-8-6-6-4	6-4-5-6-6-6-6-6-8-7-0-7	6-8-5-3-6-5-8-6-7-5-4-8	7-4-4-5-4-6-6-5-4-7-6-6	7-6-6-6-7-6-6-8-5-9-5-7	6-6-7-8-6-5-6-9-6-6-6-4	6-7-6-8-10-6-6-6-6-4-8-6	5-4-6-3-6-6-4-6-6-5-7-10
154	8	9-10-10-10-7-7-10-9-10-8-8-9	6-7-7-9-9-5-9-9-6-9-9-6	6-9-6-10-9-3-9-6-9-9-7-9	9-6-8-9-9-9-7-9-9-7-9-6	9-6-5-9-3-9-9-8-7-10-6-9	7-10-5-9-8-6-9-9-7-8-5-7	7-7-5-6-6-8-7-6-7-8-6-7	6-9-6-8-8-3-5-9-8-6-6-6	6-6-6-9-9-7-6-7-5-7-8-3	6-6-0-7-9-9-7-7-6-6-6-8	6-8-6-5-6-6-6-6-6-8-8-8	5-8-9-3-6-6-8-6-6-6-5-9
154	9	10-10-8-8-7-10-10-8-8-8-8-8	8-7-7-8-9-10-8-8-10-8-8-6	6-8-6-8-8-9-8-7-8-8-9-8	8-9-9-8-8-8-10-8-8-7-8-6	8-6-3-8-9-8-8-8-9-9-8-8	10-9-9-8-9-6-8-8-9-9-2-9	10-7-7-9-10-9-9-8-9-8-8-9	9-8-8-9-8-10-5-8-9-7-10-6	9-6-9-8-8-9-9-9-5-7-8-3	9-8-9-9-9-5-7-7-10-9-6-9	8-8-6-5-2-10-6-6-9-8-9-9	10-9-8-9-6-1-8-7-8-6-5-8
154	10	10-9-8-8-10-9-8-10-8-8-8-8	6-10-10-8-10-10-9-8-10-10-8-10	10-10-10-8-10-10-9-8-9-10-10-10	8-10-10-10-10-10-9-10-8-10-10-6	4-6-10-10-10-10-9-10-10-10-6-10	9-10-9-10-10-10-10-10-10-10-10-10	9-10-10-10-9-10-10-10-10-10-6-10	10-10-8-9-10-9-10-4-8-6-7-10	6-9-10-9-8-4-10-9-10-7-8-0	3-6-10-10-10-4-10-10-9-10-6-10	6-8-5-5-7-9-6-6-6-9-10-10	10-9-3-0-6-10-10-7-10-10-4-8
155	0	0-0-0-0-0-0-0-0-0-0-0-0	0-0-0-0-0-0-0-0-0-0-0-0	0-0-0-0-0-0-0-0-0-0-0-0	0-0-0-0-0-0-0-0-0-0-0-0	0-0-0-0-0-0-0-0-0-0-0-0	0-0-0-0-0-0-0-0-0-0-0-0	0-0-0-0-0-0-0-0-0-0-0-0	0-0-0-0-0-0-0-0-0-0-0-0	0-0-0-0-0-0-0-0-0-0-0-0	0-0-0-0-0-0-0-0-0-0-0-0	0-0-0-0-0-0-0-0-0-0-0-0	0-0-0-0-0-0-0-0-0-0-0-0
155	1	1-1-1-2-1-1-1-1-1-1-2-2	2-2-1-1-2-2-1-2-1-1-2-2	1-0-0-2-2-2-2-2-2-1-2-2	2-1-2-2-1-2-2-2-1-2-1-1	2-1-1-2-1-1-2-1-1-5-3-1	6-2-2-2-2-2-1-2-2-1-0-2	1-2-1-1-0-1-1-2-1-1-1-1	1-1-1-1-1-2-1-2-1-1-0-1	1-1-0-0-2-5-1-1-2-2-1-2	2-1-2-2-4-1-2-2-1-1-0-1	1-8-3-5-2-2-1-1-1-1-2-5	4-1-1-1-1-2-1-0-0-1-3-1
155	2	1-1-1-2-1-1-1-1-1-1-1-1	1-1-1-5-3-1-4-1-1-1-1-1	0-3-1-1-3-1-1-1-1-3-1-3	3-0-1-4-3-4-1-1-3-1-2-1	1-0-1-1-4-3-3-3-1-1-1-4	1-1-3-1-1-4-3-1-1-1-0-4	3-5-1-1-3-2-2-3-1-1-7-3	1-5-5-3-3-1-2-5-4-0-4-0	0-0-3-3-5-1-1-4-1-3-5-1	1-4-1-1-3-2-3-1-3-1-0-5	3-5-0-0-1-1-0-0-0-3-1-2	1-3-3-1-1-1-3-0-0-1-2-2
155	3	1-3-1-3-3-1-1-1-1-1-1-1	1-4-3-2-2-1-2-2-1-1-2-4	1-2-1-1-2-5-4-6-1-2-4-2	2-3-4-2-2-2-1-1-4-4-3-0	3-0-1-4-2-4-4-2-6-3-1-2	1-3-2-4-3-2-2-2-3-3-7-3	2-2-1-3-2-3-6-2-1-1-2-2	1-2-0-4-2-1-6-1-2-4-6-1	0-0-2-2-3-1-4-2-4-8-2-4	1-2-3-2-2-2-2-6-2-1-0-2	2-1-1-3-1-1-0-0-0-2-2-3	1-2-2-0-1-1-2-0-6-3-6-1
155	4	4-4-1-4-3-4-4-1-1-4-4-1	1-3-5-2-2-4-2-3-1-4-5-5	2-4-5-2-2-2-5-7-5-2-5-2	2-3-5-2-2-2-6-2-5-3-3-0	4-0-4-5-2-3-5-4-5-2-1-2	2-5-3-1-4-2-5-2-4-4-5-2	3-2-6-0-2-4-5-5-4-4-5-2	5-2-2-3-2-1-5-2-2-4-2-1	4-0-5-2-4-2-4-2-8-7-3-3	1-2-4-5-5-2-5-4-8-4-0-2	5-2-1-3-1-1-0-0-0-2-2-4	1-2-2-2-1-1-2-1-0-6-4-2
155	5	6-4-5-5-3-4-5-7-5-5-7-5	5-3-4-2-2-4-6-6-6-7-7-4	6-6-6-7-5-7-4-6-4-2-4-5	6-6-6-7-2-2-4-5-4-7-4-6	4-6-5-4-6-3-6-5-4-1-1-5	5-4-3-1-5-2-4-2-1-4-4-6	6-2-4-5-4-5-4-4-4-1-2-2	4-2-7-3-2-6-4-2-2-5-5-8	6-0-6-2-2-1-5-2-4-5-2-4	5-2-4-4-4-2-4-3-6-6-7-2	5-2-5-1-8-6-7-7-7-5-6-5	5-5-5-5-5-5-2-5-3-7-4-5
155	6	7-8-8-8-6-7-8-5-8-6-6-6	6-4-4-7-7-1-5-5-7-1-7-8	5-7-5-8-7-7-7-5-7-7-5-6	7-5-5-6-7-7-4-7-7-5-7-5	6-5-5-4-5-6-7-6-4-6-7-7	7-7-7-6-5-7-7-7-4-6-3-7	5-6-4-5-7-6-3-7-6-6-7-6	1-7-5-7-7-5-4-7-5-6-7-0	5-0-5-7-8-6-5-7-5-4-7-3	8-7-4-5-7-7-7-3-5-5-5-7	7-6-1-3-7-5-0-0-5-7-7-7	5-7-5-5-7-7-6-0-7-6-8-7
155	7	6-8-6-6-6-8-8-8-8-6-6-8	8-3-4-6-8-1-6-6-6-5-6-6	8-6-8-6-6-5-6-8-6-6-7-6	6-7-5-5-6-6-8-6-6-5-6-8	6-5-5-6-7-6-8-6-7-7-6-6	8-6-6-8-7-6-6-6-7-7-3-6	8-8-1-5-8-7-7-8-7-6-6-6	7-6-5-6-6-5-4-6-2-7-6-7	7-7-5-6-6-6-5-7-4-4-6-4	8-6-4-5-6-6-6-8-7-7-5-6	5-7-1-8-6-5-8-5-5-6-7-7	5-8-7-5-7-7-6-5-6-5-6-6
155	8	8-7-6-6-8-7-7-8-7-6-6-7	7-8-8-6-8-8-6-6-8-8-6-6	8-8-8-6-8-8-8-7-8-8-7-8	7-8-8-8-8-8-7-8-7-8-6-7	6-8-8-8-7-7-7-8-8-8-6-6	7-6-8-7-8-8-7-6-8-8-8-7	7-8-8-5-7-8-4-8-8-8-1-6	8-6-6-7-6-7-2-6-2-6-6-8	7-8-8-8-6-8-8-7-4-3-8-6	6-6-8-8-8-6-8-7-4-8-8-8	6-1-8-7-5-5-7-8-1-8-8-8	8-7-5-6-7-8-8-5-8-8-6-1
156	0	0-0-0-0-0-0-0-0-0-0-0-0	0-0-0-0-0-0-0-0-0-0-0-0	0-0-0-0-0-0-0-0-0-0-0-0	0-0-0-0-0-0-0-0-0-0-0-0	0-0-0-0-0-0-0-0-0-0-0-0	0-0-0-0-0-0-0-0-0-0-0-0	0-0-0-0-0-0-0-0-0-0-0-0	0-0-0-0-0-0-0-0-0-0-0-0	0-0-0-0-0-0-0-0-0-0-0-0	0-0-0-0-0-0-0-0-0-0-0-0	0-0-0-0-0-0-0-0-0-0-0-0	0-0-0-0-0-0-0-0-0-0-0-0
156	1	1-1-1-1-1-1-1-1-1-1-1-1	0-2-1-0-1-1-0-2-0-1-0-2	1-0-0-0-0-0-2-2-0-2-2-0	0-0-2-0-0-0-0-0-2-2-2-1	0-0-1-0-0-1-2-0-1-0-1-0	4-2-0-0-0-0-2-0-4-1-4-0	0-1-3-0-0-1-0-0-1-1-4-1	1-1-0-2-1-0-1-2-0-1-0-0	0-0-0-0-0-0-0-2-2-1-1-0	0-0-1-0-0-0-0-1-0-4-0-0	0-0-0-3-1-0-0-0-0-0-1-1	0-1-0-1-0-0-0-0-0-0-0-1
156	2	2-2-2-2-1-2-2-2-2-2-2-2	2-1-1-2-2-2-0-1-3-2-3-3	3-2-0-6-3-3-3-1-0-4-1-3	3-3-3-2-3-3-3-2-3-1-1-0	3-0-3-3-3-1-3-3-2-2-8-3	3-4-3-0-2-4-3-3-1-2-1-1	3-1-1-0-3-0-3-3-4-1-1-3	4-2-4-3-4-2-2-8-8-1-0-0	2-0-3-4-4-0-0-3-1-3-3-2	0-3-0-3-3-2-0-4-3-0-0-2	0-2-0-1-0-4-0-0-0-2-3-2	1-3-2-0-0-0-3-0-0-0-2-4
156	3	3-3-3-3-4-3-3-3-3-3-3-4	2-4-4-2-1-4-0-4-4-3-2-2	2-2-3-2-2-2-4-4-4-2-4-2	2-2-2-2-2-2-6-2-2-3-3-0	2-0-2-2-2-3-4-2-4-3-0-2	2-2-2-0-3-2-4-2-3-3-7-3	7-1-1-4-2-3-6-2-3-3-0-2	3-2-8-2-2-4-6-2-2-3-0-0	3-0-2-2-3-2-0-2-2-2-2-3	0-2-3-2-2-2-5-3-2-0-0-2	4-2-8-1-8-4-0-4-4-2-2-1	0-2-2-5-0-7-4-0-7-0-4-3
156	4	4-3-4-5-3-4-4-4-4-4-4-5	4-3-3-2-5-3-5-3-3-4-5-3	7-5-7-2-4-5-3-6-3-2-3-5	2-6-5-2-2-5-5-5-3-3-2-5	2-6-2-4-6-3-3-5-3-4-4-4	1-2-2-4-4-2-3-2-1-1-1-3	5-1-3-4-7-4-3-5-2-3-1-2	1-2-6-3-2-5-3-2-2-6-5-7	6-8-6-2-2-4-6-2-2-4-2-3	5-2-1-5-2-2-1-3-6-5-5-2	6-2-6-5-4-6-6-6-3-2-2-2	4-2-4-1-6-6-3-7-5-7-3-2
156	5	5-5-7-7-6-6-7-7-7-6-6-4	6-6-6-2-6-7-6-6-7-6-4-6	5-6-6-6-6-7-6-6-7-6-6-6	6-4-6-7-2-4-6-7-6-7-5-4	7-4-6-7-4-5-6-5-6-6-6-5	6-6-6-6-6-6-5-6-6-5-3-5	8-6-5-5-6-5-6-6-5-7-8-8	5-5-2-5-5-6-5-6-2-3-8-5	5-4-8-5-6-5-5-5-7-7-2-5	5-5-5-8-5-6-6-5-4-7-4-2	5-8-7-4-6-8-4-5-8-5-6-6	6-5-5-8-5-5-7-4-5-4-5-8
156	6	6-5-6-6-5-5-5-5-5-5-5-5	5-5-5-7-5-5-5-5-5-5-7-5	4-7-5-7-7-5-7-5-5-5-5-5	7-4-5-5-7-7-5-2-5-5-7-7	5-4-6-2-4-7-7-7-5-5-5-7	5-5-7-6-5-5-7-5-5-3-3-7	7-5-5-6-5-6-3-7-5-6-7-6	5-6-4-7-7-5-8-7-7-4-7-4	4-0-7-7-7-5-4-7-5-5-7-4	7-7-6-5-7-5-7-5-4-5-7-7	4-6-4-6-5-5-4-4-7-7-5-5	5-7-6-7-4-4-5-4-7-6-7-5
156	7	5-5-5-5-5-5-5-5-5-5-5-8	5-5-5-6-5-5-5-5-5-5-6-5	4-6-6-6-6-5-6-5-5-5-7-6	6-4-7-5-6-6-8-5-6-5-6-8	5-4-6-5-4-6-6-6-7-5-5-6	8-6-6-8-7-5-6-5-7-7-3-7	6-6-5-6-4-7-7-6-7-5-6-6	7-6-3-6-6-5-3-6-6-4-6-4	7-7-6-6-7-5-5-6-5-5-6-5	6-6-7-5-6-5-6-5-8-5-6-6	6-7-5-7-5-5-4-6-6-6-7-7	5-6-8-6-7-5-5-4-6-4-6-5
156	8	8-7-6-6-8-7-5-8-5-5-5-7	5-5-8-6-8-5-7-8-8-8-6-7	8-8-8-6-8-5-8-5-5-8-7-8	6-8-5-8-8-8-7-8-5-8-8-7	5-4-8-8-8-8-7-8-8-8-2-8	5-8-8-7-8-8-8-8-8-8-8-7	7-8-8-8-6-8-8-8-8-8-5-5	8-8-3-6-8-5-6-6-2-5-5-4	7-4-8-8-6-8-8-6-8-5-6-8	6-4-8-8-8-5-8-5-7-8-5-8	4-5-5-7-3-5-4-5-5-5-8-8	5-7-7-5-5-8-8-4-8-8-6-5
157	0	0-0-0-0-0-0-0-0-0-0-0-0	0-0-0-0-0-0-0-0-0-0-0-0	0-0-0-0-0-0-0-0-0-0-0-0	0-0-0-0-0-0-0-0-0-0-0-0	0-0-0-0-0-0-0-0-0-0-0-0	0-0-0-0-0-0-0-0-0-0-0-0	0-0-0-0-0-0-0-0-0-0-0-0	0-0-0-0-0-0-0-0-0-0-0-0	0-0-0-0-0-0-0-0-0-0-0-0	0-0-0-0-0-0-0-0-0-0-0-0	0-0-0-0-0-0-0-0-0-0-0-0	0-0-0-0-0-0-0-0-0-0-0-0
157	1	1-1-1-1-1-0-1-1-1-1-1-1	1-2-0-1-0-1-1-0-2-1-0-2	1-2-2-0-0-2-3-2-0-0-3-0	2-3-0-0-1-1-0-1-0-0-1-4	0-4-2-0-2-0-2-1-0-2-0-1	3-2-0-0-0-2-1-0-0-0-0-2	0-2-0-0-0-0-0-0-0-1-0-0	1-0-0-0-1-2-0-0-1-1-1-1	0-2-2-0-0-0-2-2-0-1-1-0	1-1-0-2-2-1-1-0-2-2-1-1	1-0-1-0-2-1-1-4-1-5-2-1	1-1-1-1-1-1-1-2-0-1-1-0
157	2	2-2-2-2-2-2-2-2-2-1-2-2	3-1-0-3-0-3-3-3-3-2-3-1	1-1-1-5-3-1-3-1-0-3-0-3	3-1-1-3-3-3-1-6-3-0-2-1	2-1-1-0-1-2-3-3-2-1-0-2	1-1-3-5-2-1-3-2-2-2-0-4	3-4-2-0-3-2-3-3-2-2-3-3	1-3-2-3-3-1-7-7-2-1-6-3	2-1-1-3-4-0-1-4-0-2-2-4	3-4-0-1-3-2-3-1-3-1-3-4	3-4-1-0-1-2-1-2-3-2-1-1	1-2-2-1-4-1-3-1-2-2-2-2
157	3	3-4-2-3-3-3-3-3-3-3-3-4	2-4-3-2-3-2-2-4-2-2-2-3	1-2-2-2-2-4-4-3-4-2-4-2	2-1-4-2-2-2-3-1-4-5-4-1	2-1-1-3-4-2-4-2-4-3-0-2	1-1-4-2-3-1-4-2-3-3-3-3	2-2-3-4-2-3-4-2-4-5-2-2	4-2-4-2-2-1-5-4-2-6-4-2	1-1-1-2-3-0-4-2-5-3-2-3	2-2-4-2-2-4-2-4-2-4-2-3	2-3-3-5-7-2-1-1-2-2-2-3	1-2-2-4-0-1-2-1-2-2-3-5
157	4	4-3-4-7-4-4-4-2-4-5-5-7	4-3-3-2-3-3-5-3-5-4-5-5	5-5-5-2-4-5-3-5-5-4-3-4	5-5-5-4-2-5-5-1-3-3-3-1	2-5-1-4-5-3-5-4-3-4-1-7	5-2-3-4-5-5-3-3-3-3-3-2	2-2-3-5-5-3-3-5-3-3-5-3	3-2-5-3-2-5-3-3-2-4-5-5	5-5-3-2-2-4-5-5-5-4-2-5	5-5-3-3-5-5-3-3-5-5-5-2	5-2-4-2-5-5-5-5-5-2-2-3	3-2-4-4-5-5-2-5-5-5-3-2
157	5	4-4-4-7-4-3-5-5-4-5-4-4	5-3-3-7-6-5-7-6-4-6-7-4	4-4-4-2-6-7-6-6-7-6-3-6	4-4-4-6-6-6-4-2-6-3-6-1	6-4-1-6-4-5-6-6-5-5-6-2	6-1-6-2-4-4-6-6-5-5-3-6	7-5-3-4-4-5-5-6-5-3-4-6	5-5-4-5-6-4-3-6-5-4-4-4	4-4-1-6-6-4-4-4-4-5-5-3	4-4-5-1-4-6-6-5-4-4-6-6	4-5-5-3-4-4-4-4-4-6-1-5	1-4-5-6-4-4-6-4-4-4-6-3
157	6	7-7-4-5-6-7-7-7-7-6-5-4	5-3-3-5-5-7-5-5-7-5-5-5	5-4-4-5-5-6-5-5-5-5-6-5	5-6-6-5-5-5-7-2-5-6-5-1	5-4-1-5-6-6-5-5-6-5-5-5	7-1-5-7-4-1-5-5-6-6-0-6	7-5-3-6-5-6-6-5-6-2-5-5	6-5-2-5-5-7-3-5-7-3-5-4	6-7-6-5-5-0-6-4-4-6-5-3	6-5-6-5-5-5-5-7-4-6-5-5	5-6-6-0-7-7-4-2-5-5-6-6	4-6-6-6-5-1-5-4-5-4-5-6
157	7	7-6-5-5-7-6-6-7-6-4-7-4	5-7-7-5-7-6-5-7-7-7-5-7	7-7-7-7-7-5-6-7-5-7-7-7	7-7-7-7-7-7-6-7-7-7-7-1	5-4-1-7-7-7-6-7-7-7-5-7	7-7-5-6-7-4-7-7-7-7-7-7	6-7-7-7-5-7-7-7-7-7-1-6	7-7-2-6-7-6-2-2-6-4-6-4	5-6-7-7-5-7-7-4-7-3-5-7	6-4-7-7-7-5-7-6-7-7-5-7	4-7-4-3-6-6-4-4-7-5-7-7	7-7-5-7-5-7-7-4-7-7-5-7
158	0	0-0-0-0-0-0-0-0-0-0-0-0	0-0-0-0-0-0-0-0-0-0-0-0	0-0-0-0-0-0-0-0-0-0-0-0	0-0-0-0-0-0-0-0-0-0-0-0	0-0-0-0-0-0-0-0-0-0-0-0	0-0-0-0-0-0-0-0-0-0-0-0	0-0-0-0-0-0-0-0-0-0-0-0	0-0-0-0-0-0-0-0-0-0-0-0	0-0-0-0-0-0-0-0-0-0-0-0	0-0-0-0-0-0-0-0-0-0-0-0	0-0-0-0-0-0-0-0-0-0-0-0	0-0-0-0-0-0-0-0-0-0-0-0
158	1	1-1-1-1-1-1-1-1-1-1-1-1	1-0-0-1-0-1-1-1-2-1-0-0	6-1-1-1-1-2-2-0-0-0-2-1	1-3-2-0-1-2-0-1-0-0-0-1	0-0-0-0-3-0-2-1-0-1-1-1	2-2-0-1-0-4-2-0-0-0-0-0	0-0-0-4-2-0-0-2-0-1-0-0	1-1-0-0-0-3-0-0-0-6-0-0	1-1-3-2-1-0-1-1-0-1-1-1	0-1-1-0-1-0-0-0-1-4-1-1	0-0-1-1-1-1-1-1-0-2-2-1	0-1-1-1-1-1-0-1-1-1-1-1
158	2	2-2-3-4-2-2-2-2-2-2-2-2	1-3-2-3-3-5-1-3-3-3-3-3	3-1-3-3-3-3-3-3-3-3-3-3	3-2-2-3-3-1-2-4-3-3-3-2	5-2-2-4-2-2-3-2-3-2-3-4	3-1-3-1-0-1-3-1-3-2-0-2	3-3-2-2-1-0-5-1-3-5-2-2	2-2-3-2-2-1-3-6-2-3-3-2	2-1-1-1-5-6-3-2-3-3-2-3	2-2-0-3-2-2-0-2-1-7-2-3	2-8-5-5-6-4-3-3-3-2-3-2	4-3-2-2-3-2-7-3-5-3-5-2
158	3	2-2-2-2-2-2-2-2-2-2-2-2	4-2-2-4-2-2-4-2-4-2-4-4	2-4-2-2-2-2-2-2-2-4-2-2	4-1-1-2-4-4-2-2-2-2-2-2	2-2-2-2-1-4-4-4-2-2-2-2	2-4-2-4-2-2-4-3-2-2-0-3	4-2-2-2-4-3-0-4-2-2-4-4	2-4-4-4-4-1-8-5-5-2-4-4	3-1-1-4-5-2-2-4-2-2-4-2	4-4-0-2-4-4-4-2-4-1-0-5	3-5-2-2-3-2-2-2-2-4-4-3	2-4-3-4-5-3-4-2-3-2-4-5
158	4	2-5-2-2-2-4-2-2-2-2-2-2	3-5-6-3-2-2-3-5-3-4-3-3	1-3-3-2-3-5-5-2-2-3-5-3	3-4-5-4-3-3-6-2-5-6-4-2	2-2-6-2-4-3-5-3-4-4-2-2	2-3-5-3-4-1-5-4-4-4-7-4	3-2-4-1-3-4-5-3-2-5-3-3	4-3-3-3-3-1-6-2-3-4-3-3	4-1-1-3-4-2-5-3-6-7-3-4	3-3-1-4-3-3-3-5-3-1-4-4	8-4-2-4-5-2-1-4-3-3-3-4	2-3-1-3-3-3-3-2-6-4-3-4
158	5	5-4-5-6-5-4-5-5-4-5-5-8	6-4-4-3-2-2-5-7-6-6-6-6	7-7-6-2-5-6-4-6-8-4-4-5	6-5-7-6-3-3-5-5-4-4-4-5	2-7-5-5-6-4-6-5-5-5-3-5	5-6-4-7-5-5-4-5-4-2-0-5	4-4-5-5-5-5-5-4-5-2-5-8	2-3-6-3-3-6-4-3-3-5-6-7	5-5-6-3-3-5-4-8-2-5-3-6	6-6-5-8-6-3-0-4-6-5-6-6	6-3-2-2-8-6-6-6-6-3-2-5	4-5-1-6-6-3-3-6-2-7-2-3
158	6	6-8-6-7-7-4-6-6-8-6-6-8	5-2-4-7-6-2-5-7-5-5-5-7	1-7-5-8-7-7-7-7-7-7-6-7	7-5-5-7-7-7-4-3-7-7-7-5	7-5-7-7-5-6-7-7-5-6-2-7	7-5-7-6-5-5-7-7-2-6-0-4	7-7-4-6-5-6-7-7-5-8-8-7	5-7-5-7-7-5-4-7-8-5-5-5	5-1-5-7-8-5-5-7-4-4-7-5	5-7-1-7-7-7-6-2-5-7-5-7	5-3-2-2-4-5-5-5-5-3-7-6	2-5-6-7-5-5-7-5-4-5-7-4
158	7	6-8-6-6-6-8-8-6-8-6-6-8	8-4-4-6-6-7-5-5-8-6-6-6	5-6-5-8-6-6-6-6-6-6-7-6	6-7-5-6-6-6-8-2-6-6-6-5	6-5-6-6-7-6-6-6-7-7-8-6	6-8-6-7-7-5-6-6-7-7-4-7	6-6-7-6-6-7-7-6-7-7-6-6	7-6-5-6-6-7-4-6-3-5-6-5	5-7-7-6-6-6-5-6-4-4-6-6	5-6-7-6-6-6-7-2-7-6-6-6	6-7-4-2-4-7-7-5-6-7-7-7	4-8-7-6-7-5-6-5-2-5-6-6
158	8	8-7-6-6-8-7-7-8-6-6-6-7	7-8-8-6-8-8-5-8-8-8-5-7	8-8-8-6-8-6-6-7-8-8-7-8	7-8-8-8-8-8-7-8-8-8-6-5	6-5-8-8-8-8-7-8-8-8-7-8	8-8-8-6-8-5-8-6-8-8-8-7	6-8-8-8-7-8-8-6-8-6-6-6	8-6-8-8-6-7-3-6-3-5-8-7	5-7-5-7-6-8-8-6-8-8-6-6	3-8-8-8-8-8-8-8-5-8-7-8	8-2-2-8-5-5-7-5-2-3-8-8	8-7-5-2-7-8-8-5-8-8-6-0
159	0	0-0-0-0-0-0-0-0-0-0-0-0	0-0-0-0-0-0-0-0-0-0-0-0	0-0-0-0-0-0-0-0-0-0-0-0	0-0-0-0-0-0-0-0-0-0-0-0	0-0-0-0-0-0-0-0-0-0-0-0	0-0-0-0-0-0-0-0-0-0-0-0	0-0-0-0-0-0-0-0-0-0-0-0	0-0-0-0-0-0-0-0-0-0-0-0	0-0-0-0-0-0-0-0-0-0-0-0	0-0-0-0-0-0-0-0-0-0-0-0	0-0-0-0-0-0-0-0-0-0-0-0	0-0-0-0-0-0-0-0-0-0-0-0
159	1	1-0-1-1-1-0-1-1-1-1-2-1	1-0-0-1-0-1-2-2-0-1-0-1	2-2-2-0-1-2-2-0-3-0-0-3	2-2-2-2-0-2-0-1-0-0-2-4	0-4-4-2-2-0-2-2-0-0-1-1	0-3-0-0-1-2-2-0-0-0-0-2	0-0-0-1-2-0-0-2-0-0-3-0	0-0-0-2-1-2-1-0-0-2-1-0	2-2-2-0-0-0-2-2-0-1-1-2	1-1-1-0-0-1-0-0-1-2-3-1	1-3-1-0-1-1-1-0-0-1-1-1	3-1-3-1-1-1-0-1-1-1-1-1
159	2	2-1-2-3-2-2-2-4-2-2-2-2	3-0-0-3-0-2-3-3-3-2-3-3	1-4-1-5-3-3-3-0-3-3-3-3	3-1-1-4-4-3-3-1-3-1-3-1	4-1-1-1-1-2-3-3-1-1-4-1	3-0-3-2-2-1-3-3-0-2-0-4	0-3-0-1-3-2-2-3-0-2-4-3	1-4-4-3-3-1-2-7-2-1-2-0	4-1-1-4-4-3-1-3-0-2-4-1	4-3-0-6-3-4-3-2-3-1-0-4	2-4-2-2-2-1-1-0-3-3-3-2	1-4-1-1-0-4-4-1-4-2-2-4
159	3	3-4-3-3-3-3-3-3-3-3-3-2	2-4-4-2-0-4-2-4-4-3-4-3	4-2-1-2-2-2-4-6-1-2-4-4	2-1-4-2-2-2-2-2-4-5-2-1	2-1-1-3-1-2-4-2-3-3-1-2	2-1-2-2-3-1-4-2-3-3-5-2	1-2-4-5-2-3-4-2-3-5-5-2	3-2-2-2-2-4-5-0-3-0-5-3	3-1-2-2-3-2-1-2-3-2-2-3	1-1-0-3-2-2-2-3-2-4-1-3	1-3-5-3-1-2-1-4-2-2-2-3	1-2-1-1-1-2-2-1-5-5-5-2
159	4	4-3-4-4-3-3-4-4-4-4-4-6	5-3-3-4-6-5-6-5-6-6-6-5	3-5-7-2-2-2-3-5-5-5-3-5	5-4-6-5-2-2-6-1-3-3-3-6	2-6-1-3-5-3-5-5-3-4-2-8	3-3-2-4-5-6-3-2-3-3-2-2	6-2-3-3-5-3-3-5-4-2-6-6	6-2-2-2-2-6-2-2-5-4-6-5	5-4-7-2-2-4-5-5-5-4-2-6	6-6-0-3-5-2-0-3-5-6-6-2	6-2-6-6-6-6-6-5-6-2-2-4	6-2-6-0-5-2-2-5-6-5-3-2
159	5	4-3-5-7-3-3-6-7-4-4-7-6	4-3-3-5-4-4-4-4-4-5-6-4	7-7-6-2-7-6-6-7-4-6-5-6	6-7-4-4-6-7-4-7-6-6-7-1	8-1-8-4-4-5-6-6-5-5-7-6	6-6-6-2-4-4-6-2-3-3-3-6	8-6-3-3-6-5-3-6-5-2-7-6	3-6-7-6-7-4-3-8-4-4-3-4	4-4-4-6-7-0-4-4-4-6-7-4	4-7-0-3-6-7-6-3-4-4-4-5	4-6-3-3-4-4-4-4-7-2-2-5	3-5-6-6-4-2-6-4-3-4-3-2
159	6	5-6-5-5-6-3-6-6-6-5-6-4	4-7-7-5-4-6-4-7-4-5-5-5	7-5-5-5-5-5-7-3-4-5-7-5	5-4-4-5-5-5-4-5-7-7-5-4	7-4-6-6-5-7-7-5-6-6-1-5	5-7-5-7-6-4-5-7-6-6-7-5	4-5-7-8-5-6-7-5-6-6-5-5	4-5-4-5-5-4-7-5-4-4-4-4	4-4-1-5-4-2-7-4-3-5-5-4	4-5-8-7-7-5-5-3-4-4-4-5	4-5-4-3-4-4-4-4-4-4-2-6	4-5-4-5-4-4-5-4-6-7-6-3
159	7	8-8-5-4-6-8-8-5-8-7-5-8	8-6-6-5-4-8-8-6-4-5-8-6	5-5-4-7-5-7-6-6-8-5-6-5	5-5-7-5-5-5-6-5-6-6-5-4	6-8-6-7-1-6-6-5-7-7-5-5	8-6-5-8-7-4-5-6-7-6-6-7	8-5-6-6-8-7-6-5-7-6-5-5	7-7-5-6-5-7-6-5-8-4-6-4	7-4-4-5-5-0-7-8-4-6-5-7	6-5-7-6-6-5-7-3-8-1-7-7	2-7-3-6-8-8-4-4-5-7-7-7	8-5-7-7-4-2-2-4-3-6-6-2
159	8	8-7-5-6-8-7-7-8-7-5-5-8	7-6-8-5-8-7-7-8-8-8-7-8	8-8-8-2-8-8-7-6-7-8-8-8	7-8-8-8-8-8-7-8-7-8-8-4	5-8-8-8-8-8-7-8-8-8-8-8	7-8-8-7-8-1-8-8-8-8-8-8	5-8-8-6-7-8-8-8-8-8-5-8	8-8-8-8-8-7-5-5-7-8-7-7	7-7-8-8-5-8-8-7-8-8-8-8	7-8-8-8-8-5-8-7-8-8-8-8	4-7-0-6-7-7-4-4-8-7-8-7	8-5-7-8-6-8-8-8-8-8-7-8
160	0	0-0-0-0-0-0-0-0-0-0-0-0	0-0-0-0-0-0-0-0-0-0-0-0	0-0-0-0-0-0-0-0-0-0-0-0	0-0-0-0-0-0-0-0-0-0-0-0	0-0-0-0-0-0-0-0-0-0-0-0	0-0-0-0-0-0-0-0-0-0-0-0	0-0-0-0-0-0-0-0-0-0-0-0	0-0-0-0-0-0-0-0-0-0-0-0	0-0-0-0-0-0-0-0-0-0-0-0	0-0-0-0-0-0-0-0-0-0-0-0	0-0-0-0-0-0-0-0-0-0-0-0	0-0-0-0-0-0-0-0-0-0-0-0
160	1	1-1-1-1-1-1-1-1-1-1-1-1	0-2-1-0-0-1-0-2-0-1-0-0	1-0-0-0-0-0-2-1-0-2-2-1	0-0-2-0-0-0-2-0-2-2-2-0	0-0-0-0-0-2-2-0-1-0-1-0	2-0-0-0-0-0-2-0-2-1-1-0	0-1-1-0-0-1-1-2-1-1-0-1	1-1-0-2-1-0-1-2-0-1-0-0	1-0-0-0-0-0-0-2-2-1-1-0	0-0-1-0-1-1-4-1-0-0-0-1	2-1-1-3-1-0-0-2-0-0-1-1	2-1-0-0-0-1-0-0-0-0-0-1
160	2	2-2-2-2-1-2-2-2-2-2-2-2	2-1-1-4-2-2-0-1-3-2-4-3	3-3-0-4-3-3-3-4-4-3-1-3	3-3-3-2-3-3-3-2-3-4-1-0	3-0-2-3-0-1-3-3-3-2-8-3	3-3-3-0-2-4-3-3-1-2-1-4	4-3-1-0-3-0-3-1-2-1-3-3	2-2-3-3-4-3-3-8-8-1-0-0	2-0-3-3-4-3-0-3-1-2-4-2	0-3-1-3-3-2-1-4-3-0-0-4	1-2-2-1-3-2-1-2-3-2-3-1	1-2-2-3-1-2-3-0-2-2-2-4
160	3	3-4-3-2-3-3-3-3-3-3-3-2	2-4-4-2-2-3-2-4-4-3-4-2	2-2-2-2-2-2-4-5-4-2-4-2	2-2-2-2-2-2-3-2-2-4-4-0	2-0-2-2-0-4-4-2-2-3-2-2	2-2-4-0-3-2-4-2-3-3-7-3	2-2-3-0-2-3-8-2-4-5-4-2	3-4-2-2-2-2-7-5-3-3-0-4	3-0-2-2-3-4-3-2-4-2-2-3	0-2-3-4-2-2-3-4-2-0-4-2	4-2-0-4-2-2-5-3-4-2-2-1	4-2-2-2-1-4-2-3-2-2-2-2
160	4	5-3-4-5-4-3-4-4-4-4-4-5	4-3-3-2-5-3-4-2-5-3-5-5	6-5-6-2-2-2-3-2-3-2-3-4	2-4-5-4-2-2-3-4-3-2-5-6	2-7-7-4-6-3-3-4-3-4-4-4	5-4-3-4-4-2-3-3-3-3-0-5	7-2-3-6-2-4-3-5-3-3-3-2	3-3-7-5-2-4-3-2-6-4-4-3	6-6-6-2-2-3-4-4-3-4-2-3	4-2-3-6-6-2-1-3-6-4-3-2	6-2-4-3-8-8-6-7-6-4-5-4	3-5-4-4-6-4-2-7-2-2-4-2
160	5	6-5-6-6-6-5-6-6-6-6-6-6	6-5-5-2-6-6-4-6-6-6-4-6	5-6-6-6-6-6-5-6-6-6-5-5	5-4-6-6-7-6-6-7-6-6-6-5	6-6-5-4-4-5-5-6-5-6-6-5	6-4-6-6-6-6-4-6-5-5-6-4	4-6-5-4-6-5-6-6-5-3-6-6	6-5-6-4-5-4-6-6-4-7-8-5	5-5-5-6-5-6-4-4-6-4-5-5	5-4-5-5-6-2-6-5-4-4-8-2	5-8-6-5-6-5-3-4-4-8-6-5	8-8-6-4-4-6-5-6-5-6-7-8
160	6	5-8-5-8-5-7-5-5-5-5-5-5	5-7-6-7-5-5-7-7-5-5-7-5	5-7-5-5-5-5-7-5-5-7-6-7	7-4-5-5-7-7-5-2-7-7-7-4	5-5-4-6-4-7-7-7-6-5-5-7	5-4-5-5-5-5-7-5-6-6-6-7	7-5-5-4-5-6-6-5-6-8-7-5	5-7-5-7-7-4-8-7-4-4-7-5	4-4-7-7-7-5-4-4-5-5-7-3	4-7-5-4-7-2-7-6-4-4-7-2	7-5-5-5-5-5-4-4-4-7-5-6	5-7-5-4-4-5-6-5-7-6-7-5
160	7	6-6-5-6-5-6-5-5-5-5-5-8	5-6-6-6-6-5-6-6-5-6-6-8	6-6-6-6-6-5-6-6-5-6-6-6	6-6-7-5-6-6-8-5-6-6-6-4	5-4-4-4-7-6-6-6-7-5-5-6	5-4-6-6-7-4-6-3-7-7-3-6	8-2-6-4-6-7-5-8-5-6-6-5	7-6-4-6-6-4-6-6-6-5-6-0	7-7-6-6-6-5-4-6-6-5-6-3	5-6-6-5-6-2-6-5-8-5-6-2	6-7-6-5-5-7-7-4-6-6-6-7	3-6-8-4-6-6-6-4-6-6-6-3
160	8	8-6-6-6-8-7-5-8-5-5-5-7	5-6-8-6-8-5-6-8-8-8-6-7	8-8-8-5-8-6-6-5-5-8-6-8	7-8-5-8-8-8-7-8-5-8-8-7	5-5-8-8-8-8-7-8-8-6-2-8	5-8-8-6-8-4-8-8-8-8-3-7	7-8-8-8-6-8-8-8-8-6-6-5	8-8-8-7-8-5-6-2-2-4-6-5	7-8-8-8-2-8-3-6-8-5-6-3	4-8-5-8-8-2-8-6-7-5-5-8	6-5-7-5-4-4-5-4-8-5-8-1	5-5-7-4-6-8-8-5-8-8-6-8
161	0	0-0-0-0-0-0-0-0-0-0-0-0	0-0-0-0-0-0-0-0-0-0-0-0	0-0-0-0-0-0-0-0-0-0-0-0	0-0-0-0-0-0-0-0-0-0-0-0	0-0-0-0-0-0-0-0-0-0-0-0	0-0-0-0-0-0-0-0-0-0-0-0	0-0-0-0-0-0-0-0-0-0-0-0	0-0-0-0-0-0-0-0-0-0-0-0	0-0-0-0-0-0-0-0-0-0-0-0	0-0-0-0-0-0-0-0-0-0-0-0	0-0-0-0-0-0-0-0-0-0-0-0	0-0-0-0-0-0-0-0-0-0-0-0
161	1	1-1-1-1-1-1-1-1-1-1-1-2	1-2-2-0-0-2-0-1-1-2-0-2	1-0-0-1-1-2-2-1-0-2-2-2	0-0-2-0-0-0-0-1-2-2-2-0	0-2-1-0-0-2-2-0-2-0-4-0	0-8-0-0-0-0-2-0-1-1-0-0	2-2-2-0-0-1-2-0-1-1-0-0	2-1-0-2-1-0-2-0-1-2-0-0	1-0-2-0-1-1-1-2-2-1-0-0	0-1-1-2-2-0-0-1-2-2-0-1	0-9-9-3-9-1-5-0-0-1-2-1	2-1-1-1-2-1-2-0-1-0-1-3
161	2	2-1-2-5-1-1-1-1-1-1-1-1	1-1-1-4-1-1-3-2-3-1-4-3	5-2-4-3-3-4-3-3-1-1-1-3	3-0-3-2-4-3-0-4-1-1-1-4	4-1-3-3-0-1-3-3-1-2-1-4	4-3-3-0-2-4-3-4-1-1-0-4	1-6-1-0-3-1-1-3-2-2-8-3	1-3-2-3-2-3-1-4-4-1-4-0	2-0-3-3-9-2-1-3-1-2-2-2	0-2-1-1-3-2-3-1-3-1-2-4	2-1-1-1-1-3-1-5-1-3-1-1	1-3-2-3-1-2-3-1-2-3-2-1
161	3	3-3-1-3-5-1-3-3-1-1-3-2	2-4-3-2-2-3-2-4-2-1-2-4	5-2-6-2-2-0-4-5-4-1-4-2	2-5-3-2-2-2-4-2-4-1-4-0	2-0-2-2-0-4-4-2-3-3-1-2	2-2-4-0-3-2-2-2-3-3-7-3	4-3-3-0-2-4-3-2-1-3-0-2	3-2-4-4-2-2-7-7-2-3-4-5	4-5-4-2-1-2-8-2-4-3-4-4	0-2-3-4-2-2-4-4-2-3-4-2	8-2-1-1-3-2-4-0-0-2-4-2	3-2-2-2-0-3-2-0-5-2-7-1
161	4	4-3-2-4-3-4-3-5-4-4-5-5	4-3-3-2-5-4-2-3-3-1-5-3	2-2-2-2-5-5-3-5-3-5-3-7	5-7-5-6-2-2-3-2-3-1-3-2	2-0-2-6-0-3-5-2-5-2-8-2	2-2-3-0-4-2-5-2-4-4-3-2	3-3-3-0-2-3-8-5-4-3-5-4	1-2-2-3-2-4-3-2-2-7-3-5	3-0-3-2-4-8-0-6-8-8-3-3	0-4-1-5-7-6-3-4-2-8-3-2	1-2-4-8-4-4-3-0-6-5-5-4	3-5-2-3-5-4-3-0-6-0-3-3
161	5	6-5-6-2-3-6-5-3-5-5-6-9	6-3-3-6-6-6-6-3-6-3-4-6	6-6-7-8-4-7-6-6-6-4-4-6	6-6-7-8-6-6-6-5-3-1-3-7	5-5-9-4-6-3-6-6-4-7-7-6	6-6-3-7-7-2-6-6-3-3-0-6	3-1-6-6-6-0-5-4-4-3-4-4	5-5-0-6-6-6-6-6-6-5-6-3	6-3-6-6-4-2-6-7-0-5-6-4	0-6-5-4-6-6-5-6-6-6-7-2	5-5-6-4-1-8-6-2-7-7-4-6	9-4-5-6-6-2-5-5-2-5-6-4
161	6	6-6-5-6-7-7-6-6-5-6-5-5	5-7-7-5-5-5-5-5-5-1-5-5	5-5-5-4-4-5-7-5-5-8-7-5	5-5-5-4-5-5-8-2-7-1-7-5	2-0-2-4-5-7-5-5-4-5-5-5	5-5-4-6-4-2-7-5-7-6-3-5	3-2-7-5-5-6-7-4-6-3-0-4	6-2-1-5-5-5-5-5-5-6-5-4	5-1-5-5-6-4-5-4-7-6-5-6	0-5-3-5-3-4-5-8-5-5-5-2	5-1-6-4-3-5-5-0-4-5-4-5	8-4-5-5-5-6-7-9-4-6-5-3
161	7	8-6-7-7-6-7-7-8-8-7-7-7	5-6-6-7-6-5-5-8-6-1-9-8	7-8-5-8-8-5-6-8-5-8-6-8	8-4-5-7-5-8-6-8-6-1-8-5	8-5-7-4-5-6-8-8-7-5-5-8	7-5-8-5-5-9-8-5-6-4-3-5	8-7-6-5-5-7-6-5-6-3-8-8	3-8-9-8-7-5-3-8-9-4-8-0	9-0-5-7-8-4-5-8-6-4-8-8	9-5-7-7-4-7-7-3-5-5-8-7	5-1-8-4-1-8-9-0-5-5-7-8	6-7-7-5-8-7-7-0-7-7-3-1
161	8	7-9-7-7-6-9-9-7-7-7-7-9	9-6-6-7-5-9-5-7-9-8-7-9	9-7-5-7-7-8-7-9-9-7-7-7	7-8-8-5-5-7-6-7-7-1-7-9	7-5-7-7-8-7-7-7-8-5-7-7	9-1-7-5-8-9-7-3-8-1-3-8	9-4-6-9-9-8-4-9-8-6-7-8	8-7-8-7-7-8-9-7-8-4-7-8	8-8-9-8-7-4-3-7-4-4-7-4	8-8-8-7-4-9-7-6-9-8-7-2	3-8-4-4-1-7-8-8-1-8-7-8	6-9-7-7-8-8-8-8-7-7-8-1
161	9	9-8-7-7-9-9-8-9-8-8-7-8	8-9-9-7-9-9-7-7-9-9-7-8	9-9-9-9-9-9-8-8-8-9-9-9	9-9-9-9-9-9-8-9-8-1-9-8	7-9-9-9-9-9-8-9-9-9-7-9	8-1-9-8-9-9-9-9-9-9-9-9	8-9-9-8-8-9-9-7-9-9-8-7	9-9-9-8-9-8-8-7-7-9-4-9	7-9-8-8-7-9-9-7-4-3-7-8	8-9-9-9-9-8-9-8-8-9-9-9	9-1-1-9-1-8-9-9-9-8-9-9	8-8-7-9-8-9-9-9-9-9-7-9
162	0	0-0-0-0-0-0-0-0-0-0-0-0	0-0-0-0-0-0-0-0-0-0-0-0	0-0-0-0-0-0-0-0-0-0-0-0	0-0-0-0-0-0-0-0-0-0-0-0	0-0-0-0-0-0-0-0-0-0-0-0	0-0-0-0-0-0-0-0-0-0-0-0	0-0-0-0-0-0-0-0-0-0-0-0	0-0-0-0-0-0-0-0-0-0-0-0	0-0-0-0-0-0-0-0-0-0-0-0	0-0-0-0-0-0-0-0-0-0-0-0	0-0-0-0-0-0-0-0-0-0-0-0	0-0-0-0-0-0-0-0-0-0-0-0
162	1	1-1-2-1-2-1-1-1-1-1-1-2	1-0-0-1-0-2-1-2-2-2-2-2	2-2-2-2-2-2-1-1-0-1-2-2	2-3-2-1-1-2-0-1-0-0-2-2	0-2-0-3-2-0-2-2-2-0-2-1	1-4-0-3-2-2-0-0-2-1-0-2	0-0-1-3-0-1-0-2-0-1-5-0	4-0-0-0-0-2-1-0-0-2-2-2	4-3-2-0-3-1-2-2-0-1-2-2	3-2-1-0-0-0-0-1-4-2-2-1	2-0-2-2-4-3-2-2-2-1-2-1	3-0-3-0-3-0-0-2-1-1-1-0
162	2	1-1-1-1-1-1-2-1-1-1-1-1	3-1-0-3-0-1-1-3-1-1-3-1	1-1-1-1-3-1-1-1-0-3-2-3	3-2-1-4-3-3-0-1-3-0-5-1	2-1-1-1-1-3-3-3-1-7-1-3	3-4-3-1-1-1-3-3-1-2-0-3	3-2-0-1-3-5-2-1-0-2-3-3	1-4-3-3-2-1-2-0-2-1-1-1	1-1-3-3-4-2-1-4-0-5-3-1	3-3-0-1-3-2-3-4-3-1-1-4	1-5-1-1-7-1-1-2-1-3-3-1	1-3-1-1-4-2-3-1-2-2-4-4
162	3	3-3-1-1-5-1-3-3-1-1-1-1	2-4-5-2-3-1-1-2-2-3-2-1	4-2-1-1-2-6-4-4-4-2-4-4	2-1-4-1-2-2-1-1-4-5-4-1	2-1-1-1-1-2-4-2-0-3-2-2	2-2-4-1-3-2-4-2-5-3-3-2	2-2-3-1-2-2-5-2-0-3-3-2	6-4-2-2-2-4-6-5-2-0-1-1	1-1-2-2-1-1-1-2-4-7-2-5	2-2-0-6-2-2-2-4-2-1-1-2	4-2-1-4-1-1-1-3-2-2-2-0	1-2-1-4-1-2-2-1-2-3-3-3
162	4	4-7-5-4-4-5-4-3-5-7-4-6	2-3-3-6-6-5-5-5-5-3-5-5	5-5-5-5-2-5-3-6-3-5-3-3	5-5-5-5-2-5-7-1-3-3-3-4	2-1-4-4-5-3-5-4-4-4-2-7	4-1-3-4-5-6-3-4-3-2-0-4	7-2-3-1-5-4-3-3-0-2-5-3	1-2-3-3-2-3-2-3-2-5-5-6	5-5-5-2-2-5-5-5-3-4-3-5	5-5-0-5-5-2-3-3-5-1-5-2	5-2-4-3-1-5-5-5-5-2-2-4	1-2-4-5-5-5-2-6-5-5-2-2
162	5	6-5-7-6-3-4-7-6-5-5-5-6	6-3-3-6-4-4-4-6-4-3-4-4	4-4-4-6-6-4-6-6-6-6-4-5	6-4-4-6-6-6-4-6-6-3-6-5	6-7-6-6-4-6-6-6-4-5-6-6	5-7-6-5-4-4-6-6-3-5-3-6	2-5-3-1-4-5-3-6-5-7-6-5	4-6-3-6-5-1-7-6-2-4-6-4	4-4-4-6-6-4-4-6-3-6-6-3	4-4-5-4-4-5-6-3-4-1-4-6	4-6-4-3-4-4-4-4-4-2-5-5	1-5-4-6-4-4-2-4-6-4-6-6
162	6	5-7-5-5-6-7-7-5-7-6-5-7	5-3-3-5-4-7-5-5-5-6-7-7	5-5-5-5-5-6-5-5-7-5-4-6	5-4-6-5-5-5-7-5-6-6-5-4	5-1-5-5-6-5-5-5-6-6-5-5	7-5-5-5-6-4-5-5-6-6-3-6	2-5-0-6-7-6-6-5-6-3-5-5	6-5-6-5-5-7-3-5-7-4-5-4	6-4-7-5-5-7-6-5-3-5-5-3	6-5-6-3-5-2-5-7-7-1-5-5	5-5-5-3-7-7-4-4-0-6-6-6	7-7-6-6-6-6-6-4-5-4-5-5
162	7	7-6-7-6-7-6-6-7-6-4-5-7	5-7-7-5-7-6-6-7-7-7-6-7	7-7-7-5-7-5-6-7-6-7-7-7	5-7-7-7-7-7-6-7-7-7-7-4	5-5-5-7-7-7-6-7-7-7-5-5	6-7-6-7-7-4-7-7-7-7-7-7	4-7-7-7-6-7-7-5-7-7-6-5	7-5-3-7-5-6-5-5-6-4-5-6	6-6-7-7-5-7-7-6-7-3-5-3	6-4-7-7-7-2-7-6-7-7-5-7	4-7-0-5-6-6-4-4-4-6-7-7	6-6-7-1-6-7-7-4-7-7-5-2
163	0	0-0-0-0-0-0-0-0-0-0-0-0	0-0-0-0-0-0-0-0-0-0-0-0	0-0-0-0-0-0-0-0-0-0-0-0	0-0-0-0-0-0-0-0-0-0-0-0	0-0-0-0-0-0-0-0-0-0-0-0	0-0-0-0-0-0-0-0-0-0-0-0	0-0-0-0-0-0-0-0-0-0-0-0	0-0-0-0-0-0-0-0-0-0-0-0	0-0-0-0-0-0-0-0-0-0-0-0	0-0-0-0-0-0-0-0-0-0-0-0	0-0-0-0-0-0-0-0-0-0-0-0	0-0-0-0-0-0-0-0-0-0-0-0
163	1	1-1-1-1-1-1-1-1-1-1-1-1	0-1-0-2-0-0-0-2-0-1-2-0	0-1-0-1-1-2-2-2-0-2-2-2	2-0-0-2-2-2-0-1-1-0-1-0	1-0-1-2-2-1-2-2-1-0-6-1	2-3-2-2-0-3-2-3-1-1-3-1	3-3-1-0-2-0-1-2-1-1-0-1	1-1-3-2-3-0-2-1-1-1-0-0	0-0-2-3-3-2-0-3-2-1-1-1	0-3-0-5-2-3-0-1-2-1-3-1	3-1-1-3-0-2-0-0-0-1-1-1	0-2-1-3-3-1-2-0-3-2-1-1
163	2	3-2-1-2-3-2-2-2-2-2-2-3	2-3-2-1-3-2-1-3-3-1-1-3	0-3-0-2-1-1-3-4-0-3-3-3	1-0-4-1-1-1-4-1-3-4-1-0	2-2-2-3-2-1-3-1-3-0-0-1	1-2-4-1-2-1-3-1-2-2-6-4	4-1-1-0-1-2-3-1-2-4-0-3	2-2-7-1-1-3-4-2-2-2-0-0	4-0-1-4-2-2-0-1-3-1-1-3	0-1-2-3-3-0-3-2-1-3-1-1	3-1-0-3-0-1-0-0-3-1-1-2	0-1-1-3-0-1-1-0-1-1-1-1
163	3	3-3-3-4-3-2-3-2-3-3-2-2	3-2-2-1-2-4-3-4-2-2-3-4	2-4-4-1-3-1-2-4-5-2-2-2	4-4-4-1-1-1-5-1-2-2-2-3	1-6-1-2-4-1-4-1-2-0-1-3	1-1-1-3-4-1-2-1-2-2-5-1	5-1-2-5-4-0-2-3-3-1-5-2	5-1-5-1-1-2-5-1-1-3-5-6	5-3-1-1-1-4-5-4-2-3-1-2	5-1-2-2-2-1-2-2-4-5-5-1	5-1-4-2-5-5-4-5-5-1-2-3	3-1-3-2-5-5-1-3-5-6-1-1
163	4	5-4-5-3-4-3-4-6-4-7-4-5	4-2-2-4-3-3-5-5-5-5-5-3	0-6-3-6-6-5-5-6-3-5-5-4	5-3-3-6-6-6-2-6-5-2-4-4	6-3-4-4-3-4-5-5-2-4-5-4	1-5-5-6-3-1-5-5-2-4-2-6	2-1-2-6-3-7-3-5-2-2-6-5	4-4-2-5-6-3-2-6-6-3-6-3	7-3-6-5-4-3-3-7-3-4-4-2	3-6-4-2-3-5-5-5-5-3-3-1	3-4-3-2-3-3-3-3-3-6-4-4	3-4-3-4-6-3-4-3-6-3-6-1
163	5	4-7-4-7-4-5-5-5-5-4-4-4	6-6-5-4-6-4-4-4-4-4-4-4	0-4-4-5-4-4-6-4-3-6-6-4	4-3-7-4-4-4-6-4-6-6-6-3	4-3-4-6-3-6-6-4-5-5-4-4	1-4-4-6-3-3-6-4-5-5-3-5	3-6-6-3-4-5-6-6-5-6-3-4	3-6-3-6-4-3-6-5-4-5-3-3	3-6-4-4-5-3-3-4-6-4-6-5	3-3-5-1-6-4-6-4-6-6-3-5	6-4-6-7-3-3-3-3-3-4-4-4	6-1-3-4-3-3-6-3-3-3-5-3
163	6	4-5-4-6-6-7-7-7-7-6-6-7	7-5-5-4-6-5-4-5-7-6-4-7	7-4-6-7-4-4-5-4-4-5-5-4	4-6-6-4-4-4-7-4-5-5-5-7	4-3-4-5-3-5-5-6-5-6-1-5	7-4-5-4-6-7-5-4-6-6-5-7	7-7-5-4-5-5-5-5-6-5-4-4	6-5-1-5-4-3-6-4-4-6-4-3	5-6-4-5-4-3-5-3-7-6-5-3	7-4-4-7-5-3-5-7-5-5-6-1	5-6-5-6-6-7-3-4-4-4-6-4	5-4-6-4-4-1-5-3-4-3-4-1
163	7	7-5-4-5-7-6-6-7-6-4-7-6	6-5-7-4-7-7-4-7-6-7-6-6	7-7-7-6-7-7-7-6-7-7-6-7	6-7-7-7-7-7-6-7-6-7-7-6	4-3-7-7-7-5-6-7-7-7-6-7	7-7-7-7-7-6-6-7-7-7-7-6	6-7-7-7-7-5-7-7-7-7-3-6	7-5-7-6-7-4-6-1-5-5-3-5	4-6-7-7-1-7-3-4-6-7-5-7	6-3-7-6-7-7-7-4-6-7-6-7	5-7-5-6-3-6-3-3-3-7-7-7	7-4-6-3-1-7-7-3-3-7-4-1
164	0	0-0-0-0-0-0-0-0-0-0-0-0	0-0-0-0-0-0-0-0-0-0-0-0	0-0-0-0-0-0-0-0-0-0-0-0	0-0-0-0-0-0-0-0-0-0-0-0	0-0-0-0-0-0-0-0-0-0-0-0	0-0-0-0-0-0-0-0-0-0-0-0	0-0-0-0-0-0-0-0-0-0-0-0	0-0-0-0-0-0-0-0-0-0-0-0	0-0-0-0-0-0-0-0-0-0-0-0	0-0-0-0-0-0-0-0-0-0-0-0	0-0-0-0-0-0-0-0-0-0-0-0	0-0-0-0-0-0-0-0-0-0-0-0
164	1	1-1-1-1-1-1-1-0-1-1-1-1	2-1-0-1-0-1-1-2-1-0-0-2	6-1-2-0-0-3-2-2-0-0-2-2	2-2-2-0-2-2-0-0-0-0-0-6	0-5-6-0-3-0-2-2-0-1-0-2	2-3-0-0-0-3-2-2-1-0-0-1	5-0-0-5-2-1-0-0-1-1-4-0	1-0-4-2-1-3-0-0-1-1-0-1	1-3-3-2-0-9-3-2-0-1-2-0	2-2-1-0-0-1-2-0-2-3-4-1	0-0-0-0-0-1-1-1-4-0-2-1	1-2-2-1-0-1-1-1-1-0-1-0
164	2	2-2-2-2-2-2-2-2-2-2-2-1	1-3-2-1-4-1-1-3-2-2-0-1	1-1-1-1-0-1-3-1-0-3-3-1	1-1-1-0-1-1-3-0-3-0-3-1	2-2-1-0-1-2-3-1-3-1-0-1	1-1-0-0-2-1-3-1-2-2-0-1	1-2-0-1-1-1-2-0-2-5-1-2	2-2-1-1-2-1-0-3-1-2-0-2	2-1-1-1-2-1-2-1-2-3-3-0	1-1-5-3-1-1-1-2-1-1-1-0	3-2-2-0-0-0-1-1-0-0-1-5	1-1-1-1-3-2-1-2-0-2-1-0
164	3	4-2-2-2-2-2-3-2-3-3-3-3	5-2-2-5-2-4-5-2-4-2-4-4	1-4-1-6-5-5-4-4-1-4-2-4	5-1-3-5-5-5-4-7-4-0-2-1	5-1-1-5-1-4-4-4-3-3-0-1	4-1-4-6-3-5-4-6-3-3-0-1	4-5-0-2-4-3-4-4-2-3-5-4	2-6-5-4-6-1-0-6-3-3-9-5	2-1-4-4-6-4-1-4-3-2-6-3	3-4-0-4-4-5-4-2-4-1-0-3	5-6-3-0-5-3-1-3-7-3-4-1	1-5-1-0-4-3-4-1-3-4-3-3
164	4	4-4-4-4-5-4-4-4-4-3-3-3	3-5-4-3-2-3-1-5-3-5-3-3	1-3-5-3-3-3-5-6-5-3-5-3	3-1-5-3-3-3-3-3-3-4-5-1	4-1-1-4-4-3-5-3-4-4-0-3	3-1-5-5-4-1-5-8-4-4-7-4	3-3-10-6-3-1-6-3-2-7-6-3	4-3-1-5-3-1-7-5-3-4-1-5	6-1-3-3-4-3-4-3-5-4-3-7	1-3-2-5-3-3-3-0-5-3-1-5	10-5-5-0-1-3-5-4-1-3-3-4	1-3-1-0-6-3-3-4-4-3-5-7
164	5	5-5-5-5-4-5-5-5-5-3-5-5	3-7-4-3-8-5-3-4-3-4-3-6	1-5-4-5-3-3-6-8-6-6-6-6	3-6-6-3-3-3-4-3-6-6-6-1	3-1-1-6-5-3-6-5-6-3-0-1	6-1-4-4-5-3-6-5-5-5-6-4	1-3-5-1-3-1-6-6-5-4-4-3	5-3-3-4-5-1-9-4-3-6-6-10	5-1-6-3-5-1-7-6-9-8-4-3	3-3-6-4-6-3-6-9-4-5-6-4	7-5-4-10-6-3-4-1-6-3-4-4	1-3-1-6-6-8-3-4-3-3-4-4
164	6	8-6-6-7-4-6-7-7-6-6-6-6	7-5-5-3-5-8-8-7-7-4-8-7	1-7-7-7-6-7-5-7-7-5-5-5	7-8-5-3-3-7-8-3-5-5-5-1	3-6-1-5-7-4-7-7-5-7-6-9	5-1-4-6-6-1-5-3-6-6-5-7	8-6-5-4-7-6-5-5-6-4-4-3	7-3-8-4-3-1-4-3-8-5-5-7	4-8-10-3-3-1-6-5-5-6-3-3	4-3-7-5-5-3-5-5-7-8-5-3	5-3-5-0-5-7-8-9-8-3-4-6	8-5-6-8-9-3-3-6-6-3-7-4
164	7	7-7-7-8-4-5-6-9-7-7-6-8	6-5-5-8-7-6-8-8-8-8-8-9	9-6-8-6-8-6-6-6-6-8-8-7	8-9-6-8-8-8-6-8-8-5-7-1	8-6-5-9-6-7-8-8-7-7-9-8	8-8-8-7-6-8-8-3-3-4-4-8	10-8-5-7-8-7-5-8-7-4-9-8	6-8-4-8-8-1-10-9-3-6-8-6	10-1-6-8-9-1-6-8-5-7-9-4	8-9-7-6-8-7-8-5-8-6-8-4	5-7-4-0-5-6-1-6-7-3-8-7	6-7-6-7-6-7-8-6-7-8-7-4
164	8	7-8-7-7-8-5-8-8-8-7-8-7	6-9-8-7-5-6-7-9-7-8-7-7	7-7-7-7-7-6-9-9-7-7-9-7	7-6-7-7-7-7-6-7-9-10-8-1	7-6-6-8-6-9-9-7-8-8-7-7	7-7-7-9-6-7-7-9-8-8-9-7	6-7-9-10-7-8-9-7-8-8-7-7	4-7-6-7-7-6-9-7-6-8-7-8	7-6-6-7-5-7-6-7-8-5-7-4	9-7-8-9-9-6-7-5-7-6-8-8	8-7-10-10-6-6-6-6-6-3-7-8	6-7-6-6-9-5-3-6-4-9-9-4
164	9	10-10-7-7-8-10-10-7-10-9-6-7	6-8-8-7-7-10-7-8-10-9-10-7	7-7-7-6-7-9-8-8-10-9-8-7	7-7-9-7-7-7-8-7-8-8-8-1	7-9-4-7-1-8-8-7-9-9-7-7	10-8-7-10-6-10-9-8-9-8-8-7	3-7-8-10-10-9-8-7-9-9-7-7	9-7-3-8-7-1-5-7-6-5-3-9	9-1-6-7-7-1-9-7-5-5-7-10	8-7-9-8-8-3-7-5-10-6-9-9	5-9-4-0-5-9-9-6-6-9-9-9	6-7-6-6-6-9-9-6-10-8-10-4
164	10	10-9-7-8-10-9-9-10-9-7-10-10	9-10-10-7-10-10-7-10-10-10-9-7	10-10-10-10-10-10-9-9-9-10-10-10	9-10-10-10-10-10-9-10-8-10-10-6	7-10-10-10-10-8-9-10-10-10-7-10	9-10-10-9-10-10-10-10-10-10-10-10	7-10-10-8-9-10-8-7-10-10-9-7	10-8-3-9-10-9-7-7-9-6-7-10	9-10-6-9-7-10-10-7-10-4-10-9	9-10-10-10-10-7-10-10-9-10-10-10	10-10-8-5-6-6-9-5-10-9-10-10	6-7-1-10-9-10-10-6-10-10-9-10
165	0	0-0-0-0-0-0-0-0-0-0-0-0	0-0-0-0-0-0-0-0-0-0-0-0	0-0-0-0-0-0-0-0-0-0-0-0	0-0-0-0-0-0-0-0-0-0-0-0	0-0-0-0-0-0-0-0-0-0-0-0	0-0-0-0-0-0-0-0-0-0-0-0	0-0-0-0-0-0-0-0-0-0-0-0	0-0-0-0-0-0-0-0-0-0-0-0	0-0-0-0-0-0-0-0-0-0-0-0	0-0-0-0-0-0-0-0-0-0-0-0	0-0-0-0-0-0-0-0-0-0-0-0	0-0-0-0-0-0-0-0-0-0-0-0
165	1	1-1-1-1-1-1-1-1-1-1-1-1	0-0-0-1-1-1-0-2-0-1-0-0	0-3-0-4-2-1-1-0-0-2-0-1	2-0-0-3-2-2-0-1-1-1-1-0	1-0-1-2-2-1-2-2-1-0-0-2	2-0-2-0-1-3-2-1-1-1-1-3	1-1-1-1-2-1-1-2-3-1-1-2	1-1-1-1-1-1-2-1-1-0-0-0	1-0-2-2-3-2-0-2-0-1-1-1	1-1-1-2-2-1-2-1-2-2-0-3	0-1-0-1-2-2-0-3-3-1-1-0	0-1-1-1-0-1-2-0-1-1-1-1
165	2	2-3-2-2-2-2-2-2-2-2-2-3	0-3-2-1-0-3-0-3-3-2-1-2	2-2-1-1-1-3-3-4-3-1-3-1	1-1-3-1-1-1-2-1-3-4-3-0	1-0-4-1-3-1-3-1-2-2-1-1	1-0-3-0-2-1-3-1-2-2-5-2	4-6-2-2-1-2-3-1-2-2-3-3	2-3-5-3-1-3-4-3-1-2-0-0	0-0-1-1-4-1-3-1-3-2-3-2	1-1-2-5-1-1-1-2-1-3-6-1	3-1-6-2-1-1-0-0-0-1-1-2	2-1-1-3-5-1-1-0-1-3-2-2
165	3	2-2-3-2-2-2-3-2-3-3-3-3	4-2-2-1-4-2-3-2-4-4-4-4	5-4-5-1-3-4-2-3-4-5-2-3	4-3-4-4-1-1-5-1-2-2-2-0	3-4-0-3-4-2-4-4-5-3-3-6	1-1-2-0-4-4-4-1-2-2-1-1	3-1-1-2-4-3-2-0-1-1-6-2	1-3-2-2-1-4-4-2-2-3-3-4	3-6-3-1-1-4-3-4-2-3-2-2	3-1-3-0-2-1-0-1-1-2-4-1	4-1-5-2-1-3-4-4-4-1-2-4	3-1-3-2-4-4-1-4-4-2-2-1
165	4	4-4-4-6-2-4-4-4-4-4-4-4	3-2-2-5-3-3-3-5-5-3-3-3	1-3-5-1-5-3-5-3-3-4-5-5	5-3-3-3-5-5-3-5-5-2-5-4	4-3-5-5-3-5-5-5-3-4-4-5	4-4-5-4-3-3-5-5-2-4-2-4	2-5-2-2-3-1-2-5-2-4-5-5	2-5-2-5-5-3-6-2-4-4-5-3	3-0-5-5-2-3-3-5-2-2-5-1	5-5-3-0-5-1-5-2-3-3-5-5	3-1-3-2-3-3-3-3-3-5-4-3	2-5-1-5-3-3-5-3-3-4-5-4
165	5	4-6-4-6-4-6-6-4-5-5-5-6	3-2-2-4-5-5-3-4-4-3-4-6	3-4-3-4-4-3-4-6-4-4-5-4	4-3-5-3-4-4-6-4-4-2-4-6	4-4-4-4-5-4-6-4-3-5-3-4	4-5-4-6-5-3-4-4-5-5-2-5	2-4-2-5-6-5-5-6-5-5-4-4	5-4-2-4-4-3-5-2-1-5-4-3	5-5-5-4-5-1-3-4-2-5-4-2	4-4-3-2-4-1-4-2-6-3-5-4	4-5-3-5-2-6-3-4-5-4-2-6	2-4-6-5-5-2-4-3-2-0-4-4
165	6	6-5-4-4-6-5-5-6-5-5-4-5	5-6-6-4-6-6-5-6-5-6-5-5	6-6-6-5-6-6-6-5-6-6-5-6	5-6-6-6-6-6-5-6-5-6-6-5	4-3-6-6-5-6-5-6-6-6-1-4	5-6-5-5-6-3-6-6-6-6-6-5	5-6-6-6-6-6-6-6-6-6-3-6	6-6-6-5-6-4-4-1-1-4-4-6	0-6-6-6-1-6-6-3-6-2-4-2	4-3-6-6-6-1-6-5-5-6-5-6	3-1-6-5-1-5-3-3-6-6-6-6	6-5-5-2-2-6-6-3-3-6-4-1
166	0	0-0-0-0-0-0-0-0-0-0-0-0	0-0-0-0-0-0-0-0-0-0-0-0	0-0-0-0-0-0-0-0-0-0-0-0	0-0-0-0-0-0-0-0-0-0-0-0	0-0-0-0-0-0-0-0-0-0-0-0	0-0-0-0-0-0-0-0-0-0-0-0	0-0-0-0-0-0-0-0-0-0-0-0	0-0-0-0-0-0-0-0-0-0-0-0	0-0-0-0-0-0-0-0-0-0-0-0	0-0-0-0-0-0-0-0-0-0-0-0	0-0-0-0-0-0-0-0-0-0-0-0	0-0-0-0-0-0-0-0-0-0-0-0
166	1	1-1-2-2-1-1-1-1-1-1-2-3	2-2-1-0-2-2-2-2-2-1-2-2	1-2-2-2-2-2-2-2-3-2-2-2	2-0-2-2-1-2-2-2-2-2-1-1	3-1-1-2-1-1-2-1-1-1-4-2	3-2-2-0-2-2-1-2-1-1-0-2	0-3-1-1-2-1-0-2-1-4-1-2	1-1-2-1-1-4-1-1-1-3-3-1	1-1-1-2-2-2-1-1-2-1-1-0	2-1-1-2-1-1-2-3-7-2-2-1	1-8-4-2-2-3-1-1-1-1-5-1	3-1-1-1-1-1-1-3-3-3-3-1
166	2	1-1-1-1-1-1-1-1-1-1-1-1	1-1-1-3-1-1-1-1-1-1-3-1	1-3-1-1-1-1-1-1-1-1-1-3	3-0-1-1-4-4-1-4-1-1-1-1	4-1-1-4-3-2-3-3-1-1-1-1	1-1-3-4-1-4-3-1-1-1-0-1	2-1-1-1-3-2-2-3-1-1-7-3	1-2-4-3-3-1-3-5-2-1-5-0	2-0-3-3-5-2-1-4-1-2-3-2	1-0-1-3-3-2-1-1-3-1-1-4	2-1-2-1-1-1-1-0-1-3-2-2	1-4-3-1-1-2-3-0-0-2-2-1
166	3	1-3-1-1-1-1-1-3-1-1-1-1	2-3-3-2-1-1-1-1-1-1-2-2	0-2-1-1-1-1-4-4-1-2-4-2	2-0-4-1-2-2-1-1-4-4-4-0	1-1-2-3-2-4-4-2-3-1-1-1	1-3-4-4-3-2-4-3-1-3-7-3	2-1-1-5-2-1-4-2-1-1-5-2	3-2-4-4-2-1-2-2-2-1-1-3	7-0-4-2-3-2-1-2-5-2-2-3	1-4-1-2-2-2-4-5-4-1-1-2	4-1-2-4-5-1-4-0-5-2-2-3	1-2-2-1-7-1-2-1-1-1-1-1
166	4	4-4-1-4-4-4-1-4-1-1-4-1	1-6-4-2-4-1-1-3-2-1-2-5	8-2-1-1-1-5-5-3-5-6-5-4	2-5-3-5-2-2-1-2-5-3-3-0	2-1-2-5-2-3-5-4-5-1-1-1	1-2-3-3-4-2-5-1-7-4-7-3	3-1-4-6-2-1-5-5-4-1-5-2	4-2-5-3-2-1-7-0-2-5-5-3	3-0-5-5-4-5-6-2-7-4-3-4	2-3-4-5-5-2-5-5-3-1-5-2	5-5-1-5-8-1-3-5-5-5-2-4	4-2-4-4-1-7-2-1-1-6-4-1
166	5	5-3-5-5-4-4-5-6-5-5-5-5	5-4-4-7-6-1-6-5-5-1-6-4	5-6-6-7-7-3-4-6-4-6-4-5	6-6-6-5-2-2-6-2-4-7-6-8	1-5-8-4-6-3-4-5-4-7-5-5	1-1-4-5-5-7-4-1-1-3-4-5	8-1-3-3-4-7-4-4-4-1-7-6	5-2-7-3-2-5-4-2-7-6-2-5	7-0-4-4-2-4-5-8-4-5-5-4	8-5-5-6-4-5-4-4-6-5-4-6	7-4-6-4-6-8-3-7-7-5-6-5	5-5-5-5-4-2-5-5-5-5-6-4
166	6	7-6-7-6-7-7-7-7-8-7-7-7	7-4-7-7-7-7-7-6-7-7-7-7	6-5-7-8-6-7-6-6-7-7-7-6	7-6-5-7-7-7-7-7-7-6-7-6	7-5-7-7-5-7-7-7-5-6-7-7	6-6-7-8-4-8-7-7-1-6-4-5	7-7-6-8-6-8-7-6-6-8-8-7	4-7-8-7-7-8-4-7-5-5-7-6	8-6-6-7-7-8-4-5-6-5-7-7	7-7-6-5-7-7-7-6-5-5-7-7	4-4-8-8-7-6-6-6-8-7-7-7	7-7-6-7-7-7-7-6-7-5-7-7
166	7	6-8-6-6-6-8-6-6-6-6-6-6	6-6-6-6-6-6-6-6-6-6-6-6	8-5-6-6-5-6-6-6-6-6-6-8	6-7-5-6-6-6-6-6-6-5-6-8	6-5-6-6-7-6-8-6-7-6-6-6	6-6-6-6-7-5-6-6-4-7-4-6	6-6-4-0-6-5-6-6-7-6-5-6	7-6-5-6-6-1-4-6-5-7-6-7	7-7-7-6-6-6-5-7-4-7-6-6	6-6-5-6-6-6-6-6-7-1-7-6	5-7-6-8-6-8-7-5-5-6-6-6	5-6-7-5-6-4-6-5-6-5-6-6
166	8	8-6-6-6-6-7-6-8-6-6-6-6	6-8-8-6-8-6-6-6-6-8-6-6	8-7-6-6-8-6-6-6-6-8-6-8	6-8-6-8-8-8-7-8-7-8-8-7	6-5-8-8-8-8-7-8-8-8-6-6	7-8-6-6-8-6-8-6-8-8-8-8	5-8-8-6-6-8-8-7-8-6-6-6	8-6-6-8-6-6-4-6-2-6-6-6	6-8-8-8-6-8-8-5-4-3-6-6	5-8-8-8-8-6-6-6-5-8-7-8	6-1-6-6-4-5-7-8-6-8-8-5	5-7-7-6-6-8-8-8-8-8-6-8
167	0	0-0-0-0-0-0-0-0-0-0-0-0	0-0-0-0-0-0-0-0-0-0-0-0	0-0-0-0-0-0-0-0-0-0-0-0	0-0-0-0-0-0-0-0-0-0-0-0	0-0-0-0-0-0-0-0-0-0-0-0	0-0-0-0-0-0-0-0-0-0-0-0	0-0-0-0-0-0-0-0-0-0-0-0	0-0-0-0-0-0-0-0-0-0-0-0	0-0-0-0-0-0-0-0-0-0-0-0	0-0-0-0-0-0-0-0-0-0-0-0	0-0-0-0-0-0-0-0-0-0-0-0	0-0-0-0-0-0-0-0-0-0-0-0
167	1	1-1-1-1-1-1-1-1-1-1-1-1	1-0-0-1-0-1-1-1-0-1-2-0	3-1-3-1-1-2-2-0-0-0-2-1	1-3-2-1-1-2-0-1-1-0-2-4	0-1-4-1-1-0-2-1-2-0-0-0	1-1-0-0-0-1-2-0-0-0-0-2	0-0-0-1-0-1-0-0-0-1-4-0	1-0-0-1-1-1-0-0-5-2-1-1	1-5-2-0-0-0-5-2-0-1-0-3	1-1-1-2-0-0-0-0-1-5-4-1	5-1-2-0-10-1-0-5-4-1-0-1	1-0-1-1-1-1-1-1-1-1-1-0
167	2	2-3-2-2-2-3-2-2-2-2-3-2	3-3-0-4-3-3-2-3-3-3-3-3	4-1-4-3-3-3-3-3-3-3-3-3	3-2-4-4-3-3-4-4-3-4-3-3	3-2-3-4-3-3-3-3-3-3-5-2	3-4-3-3-0-4-3-3-3-2-0-1	0-2-2-2-3-0-3-3-2-6-0-4	2-6-4-3-8-1-2-8-2-1-3-3	6-1-1-4-3-5-2-3-3-2-3-6	4-6-3-1-4-2-3-2-1-3-6-3	2-10-6-2-2-2-5-6-5-2-3-2	6-2-2-1-5-6-5-3-2-2-2-10
167	3	2-2-2-2-2-2-2-2-2-2-2-3	4-2-0-2-2-2-2-2-2-2-5-4	1-4-5-2-4-2-4-2-2-2-2-4	4-1-2-4-5-4-0-5-2-2-6-2	2-2-7-1-2-2-4-4-2-2-2-5	5-5-4-2-0-7-4-6-2-2-0-5	4-5-2-1-4-3-2-2-2-0-5-2	0-5-3-4-4-1-0-5-1-2-2-2	3-1-1-4-2-4-1-4-2-2-2-3	3-5-2-1-3-10-2-0-4-2-0-5	9-2-2-0-2-3-2-1-0-3-2-1	0-3-3-1-2-2-2-2-3-5-3-3
167	4	2-5-2-4-6-2-4-4-2-2-2-2	3-6-4-2-2-2-2-5-2-2-3-3	2-3-2-2-3-2-5-5-5-3-5-3	3-6-2-3-3-3-8-2-5-5-5-1	2-2-3-2-2-5-5-3-4-2-2-3	3-3-5-2-4-2-3-3-4-4-8-3	3-3-6-1-3-4-4-3-6-4-3-2	7-3-3-5-3-2-8-3-3-4-2-2	2-1-5-3-4-3-1-3-5-4-5-4	1-1-4-8-5-8-2-9-3-2-9-2	1-4-2-7-8-3-4-1-1-3-2-4	7-3-1-1-1-2-3-2-8-3-8-2
167	5	2-4-2-5-4-6-4-2-5-5-6-5	2-4-4-2-2-2-2-6-2-2-6-6	3-6-3-2-6-6-4-6-4-6-4-8	6-7-6-6-3-3-4-3-4-9-4-1	2-2-3-6-1-4-6-3-6-2-2-3	3-3-4-2-5-2-6-4-5-5-0-3	3-3-6-1-3-4-8-6-5-4-3-6	4-3-3-4-2-1-4-3-1-8-2-2	4-1-4-3-5-8-1-8-4-5-4-6	1-3-2-6-6-0-4-4-3-1-1-3	1-7-9-5-6-6-2-1-2-5-6-5	4-6-3-1-2-2-2-5-8-3-4-4
167	6	8-6-7-9-4-5-6-8-2-2-6-7	7-4-4-7-7-7-7-5-7-5-5-7	6-7-7-2-5-7-7-7-7-5-5-5	7-6-7-5-7-7-6-2-7-5-7-8	2-10-10-5-7-3-7-7-5-7-8-7	7-7-9-6-5-2-5-7-5-4-0-7	7-3-4-9-7-8-5-5-4-10-7-5	1-2-2-7-2-0-4-7-9-5-7-2	2-1-7-7-5-6-7-2-3-6-7-5	7-7-6-5-5-7-7-4-7-7-7-2	7-2-7-5-5-3-7-7-7-5-5-5	10-5-6-6-7-2-7-6-6-7-7-6
167	7	6-7-6-6-7-7-7-10-2-2-6-6	6-8-8-6-6-6-6-8-6-8-6-6	6-6-6-2-5-6-8-8-6-9-8-5	6-5-6-6-6-6-8-3-8-8-6-6	2-6-3-5-6-7-8-6-7-6-6-6	6-6-3-2-7-3-8-8-7-7-0-6	6-3-7-1-6-7-8-5-7-7-6-2	4-3-3-6-2-1-4-6-6-9-6-2	8-1-6-6-7-3-6-5-4-9-6-3	6-6-4-7-5-6-6-4-6-6-6-3	6-5-6-4-9-3-6-6-6-5-5-7	4-5-5-6-6-6-6-6-6-6-7-7
167	8	9-7-10-10-7-8-10-6-8-10-6-9	6-7-7-9-8-5-9-9-9-9-9-10	9-9-6-10-9-6-9-7-6-9-7-9	6-9-6-9-6-9-7-9-9-7-9-6	2-2-3-9-2-7-9-6-8-6-6-9	3-6-9-6-8-2-9-7-5-8-4-6	10-3-7-6-9-8-5-10-7-7-9-9	7-9-9-9-9-1-4-10-6-5-6-2	10-1-7-9-9-5-6-5-5-8-9-5	9-9-6-9-9-4-9-4-6-6-9-9	9-8-2-5-4-8-6-1-6-8-2-8	4-5-1-6-6-2-9-2-5-6-4-4
167	9	8-10-8-8-7-10-10-6-10-9-8-6	6-7-7-8-8-10-8-8-8-8-8-8	8-8-6-8-8-9-8-8-10-8-9-8	9-9-9-8-6-8-10-8-8-5-8-1	8-6-7-8-9-8-8-8-9-9-2-8	8-1-8-6-9-2-8-8-9-9-4-8	6-3-7-6-8-4-5-8-9-7-8-8	9-8-8-8-8-10-4-9-10-5-6-10	9-9-9-8-8-5-9-5-7-7-8-9	9-8-9-8-8-10-8-4-6-9-8-8	3-2-5-5-7-8-9-8-6-8-2-9	4-5-9-6-8-2-8-2-3-6-8-8
167	10	10-9-8-8-10-9-8-10-9-8-8-6	9-7-10-8-10-10-8-8-10-10-8-8	10-10-10-8-10-10-9-9-9-10-7-10	9-10-9-10-10-10-9-10-10-10-10-6	8-6-10-10-10-10-9-10-10-10-5-10	10-10-10-6-10-2-10-10-10-10-10-10	8-10-10-9-8-10-10-8-10-10-6-8	10-10-8-9-10-9-8-8-9-7-2-9	8-10-9-10-8-10-10-8-5-2-6-1	8-8-10-10-10-9-10-6-10-10-4-10	10-2-7-10-1-9-9-8-10-10-10-10	6-5-5-10-6-10-10-10-10-10-3-10
168	0	0-0-0-0-0-0-0-0-0-0-0-0	0-0-0-0-0-0-0-0-0-0-0-0	0-0-0-0-0-0-0-0-0-0-0-0	0-0-0-0-0-0-0-0-0-0-0-0	0-0-0-0-0-0-0-0-0-0-0-0	0-0-0-0-0-0-0-0-0-0-0-0	0-0-0-0-0-0-0-0-0-0-0-0	0-0-0-0-0-0-0-0-0-0-0-0	0-0-0-0-0-0-0-0-0-0-0-0	0-0-0-0-0-0-0-0-0-0-0-0	0-0-0-0-0-0-0-0-0-0-0-0	0-0-0-0-0-0-0-0-0-0-0-0
168	1	1-0-1-1-1-1-1-1-2-1-0-2	2-2-2-0-0-0-0-1-1-2-0-2	1-0-0-1-1-0-2-1-0-2-2-1	0-0-2-0-0-0-0-1-2-2-2-0	0-0-0-0-0-2-2-0-1-0-2-0	0-11-0-0-0-0-2-0-1-1-1-0	2-2-2-0-2-1-2-2-1-5-0-2	2-1-1-2-0-0-2-0-0-2-1-0	1-0-0-0-3-5-2-2-2-0-1-0	0-1-1-2-2-0-0-1-7-0-0-1	3-11-11-1-11-1-0-1-2-0-2-1	2-1-1-1-3-1-2-0-0-0-1-10
168	2	3-1-2-7-1-1-1-1-1-1-1-1	3-1-1-3-3-0-3-3-0-1-3-3	4-4-0-5-3-0-3-5-0-4-1-3	3-3-3-4-4-4-0-7-1-1-1-7	4-1-6-0-0-1-3-3-1-3-1-2	4-4-3-2-2-4-3-3-1-1-0-4	6-7-1-0-3-0-1-3-0-1-5-3	1-4-2-3-3-0-1-11-4-1-3-0	2-0-3-3-11-3-1-3-1-2-2-3	6-2-1-1-2-2-3-1-3-0-2-2	1-2-1-3-1-5-0-2-1-2-1-1	1-3-2-3-1-1-3-0-5-5-5-1
168	3	3-3-2-3-5-1-3-3-1-1-3-2	2-4-3-2-2-4-2-4-4-1-2-2	5-2-2-2-2-2-4-4-1-1-4-2	2-4-2-2-2-2-5-2-4-1-4-2	2-0-2-2-0-4-4-2-1-2-1-2	2-2-4-0-3-2-4-2-3-3-3-2	10-2-3-4-2-5-4-4-3-5-2-2	3-2-2-4-2-9-5-0-2-1-2-5	3-0-2-2-1-2-4-2-4-3-4-2	0-2-3-3-2-8-4-7-4-3-4-2	1-1-0-2-1-3-0-3-1-2-4-4	4-2-2-2-1-4-4-0-10-5-0-1
168	4	4-6-2-4-5-5-5-4-1-1-3-2	2-5-5-2-4-5-2-3-3-1-2-5	2-2-2-2-2-5-5-6-5-2-5-5	2-3-7-2-2-2-5-2-3-1-5-2	2-1-2-4-0-3-5-4-5-2-2-2	2-2-3-0-4-2-5-2-4-4-8-2	5-4-4-3-7-4-5-5-4-1-9-6	5-2-2-3-2-0-6-8-2-7-5-5	3-0-5-2-6-2-3-2-10-10-3-3	0-5-4-5-5-4-3-4-3-1-3-2	3-6-1-4-3-11-0-1-1-2-3-3	4-2-2-5-1-5-3-0-8-4-8-4
168	5	6-4-6-7-4-4-4-5-6-5-6-7	6-4-4-6-4-4-6-4-6-6-6-6	2-6-7-2-6-4-4-2-7-4-4-4	6-6-4-7-2-6-6-2-6-8-4-6	2-5-2-7-6-3-6-6-5-6-8-6	2-6-7-5-4-5-6-2-4-4-4-6	4-6-4-5-2-3-4-6-5-3-2-4	4-6-7-6-2-1-3-7-5-1-4-4	3-0-4-6-7-8-5-6-4-4-2-8	6-4-5-4-6-2-6-5-6-5-4-2	1-1-1-4-8-2-7-4-2-5-6-5	6-6-5-5-1-7-6-4-2-3-2-2
168	6	6-6-5-6-7-7-6-6-5-5-5-6	5-4-6-5-7-8-5-7-5-5-5-5	2-5-5-5-5-7-7-4-7-4-7-6	5-5-4-5-9-5-7-2-5-5-4-5	2-0-2-5-5-7-7-5-7-5-5-5	2-5-5-6-6-5-7-2-6-6-6-6	2-5-7-9-4-6-6-5-6-1-2-4	3-5-4-5-4-9-8-7-5-1-4-7	3-0-4-5-6-5-3-5-7-4-2-5	5-2-4-7-7-4-5-6-5-3-5-4	7-4-9-6-5-9-0-0-2-5-5-3	5-5-5-2-4-5-5-0-5-7-7-1
168	7	8-6-8-8-6-6-6-10-7-8-5-8	5-4-6-5-6-8-7-8-8-8-8-8	8-8-5-8-5-9-8-8-5-8-6-5	8-8-8-5-5-8-6-2-5-5-5-8	5-10-11-5-8-6-8-8-6-7-5-5	8-8-5-6-8-5-6-2-4-4-7-8	8-2-6-7-8-10-4-6-4-11-2-6	3-5-5-8-4-7-6-5-8-4-8-6	8-8-8-8-5-5-8-7-4-7-7-5	8-7-7-6-6-3-8-3-8-8-8-4	6-1-1-3-8-11-1-10-8-8-8-7	7-8-8-8-8-5-7-10-1-6-7-4
168	8	7-8-7-7-8-8-8-11-5-7-5-7	5-9-9-5-9-6-7-7-7-7-7-7	7-7-7-7-5-7-7-9-9-9-11-8	7-7-7-5-2-7-9-2-9-5-9-7	2-7-2-5-7-8-7-7-9-9-5-5	7-7-5-9-7-5-9-8-8-8-4-7	7-5-9-7-7-8-9-5-8-10-2-9	3-8-7-7-2-7-6-5-7-9-7-6	7-7-7-7-7-5-7-7-11-7-9-5	7-2-7-9-7-3-5-4-7-7-7-8	10-9-9-8-7-9-9-7-7-7-7-7	4-5-7-7-7-10-7-7-4-6-4-1
168	9	10-9-11-9-10-10-11-9-11-11-11-9	11-8-10-10-10-11-10-9-11-10-11-10	9-10-10-10-10-11-10-8-10-10-10-10	10-7-11-10-10-10-10-10-10-5-10-9	10-7-9-10-7-8-10-10-8-8-10-10	9-10-10-9-7-11-10-10-8-9-4-10	10-10-8-7-10-9-8-10-4-10-10-10	4-10-10-10-10-7-11-10-11-8-10-9	7-0-11-10-10-9-7-10-8-4-10-5	11-10-7-8-10-4-10-10-11-7-10-10	1-8-10-11-1-10-9-7-7-10-8-9	5-10-9-7-10-5-10-7-10-9-11-9
168	10	9-11-9-9-9-11-9-9-9-9-9-11	9-8-9-9-9-9-9-9-9-9-9-9	9-9-9-9-9-9-9-8-9-9-9-9	9-10-10-9-9-9-11-9-9-8-9-11	9-7-9-9-10-9-9-10-10-7-9-9	11-9-9-9-10-5-9-9-10-10-4-9	11-10-8-7-9-10-9-9-10-8-9-9	10-9-9-9-9-10-8-9-7-10-9-10	10-10-10-9-9-9-7-10-4-4-9-4	10-10-10-10-9-9-9-9-11-5-10-9	8-10-9-11-1-10-10-7-7-9-10-10	8-9-10-7-9-8-9-7-9-9-9-1
168	11	11-9-9-9-9-10-9-11-9-9-9-10	9-11-11-9-11-9-10-9-9-11-9-9	11-11-9-11-11-9-11-10-9-11-8-11	10-11-9-11-11-11-10-11-10-1-11-10	9-7-11-11-11-11-10-11-11-11-5-9	10-1-11-9-11-9-11-9-11-11-11-10	10-11-11-10-10-11-11-10-11-11-10-9	11-11-5-10-11-11-9-9-9-9-9-11	9-10-11-10-9-11-11-9-11-9-9-11	9-11-11-11-11-4-9-9-10-11-11-11	1-1-1-10-1-7-10-7-1-11-11-10	7-10-9-4-9-11-11-11-11-11-9-11
169	0	0-0-0-0-0-0-0-0-0-0-0-0	0-0-0-0-0-0-0-0-0-0-0-0	0-0-0-0-0-0-0-0-0-0-0-0	0-0-0-0-0-0-0-0-0-0-0-0	0-0-0-0-0-0-0-0-0-0-0-0	0-0-0-0-0-0-0-0-0-0-0-0	0-0-0-0-0-0-0-0-0-0-0-0	0-0-0-0-0-0-0-0-0-0-0-0	0-0-0-0-0-0-0-0-0-0-0-0	0-0-0-0-0-0-0-0-0-0-0-0	0-0-0-0-0-0-0-0-0-0-0-0	0-0-0-0-0-0-0-0-0-0-0-0
169	1	1-1-1-1-1-0-1-1-1-1-1-1	0-0-0-1-0-0-0-2-0-1-0-2	2-1-2-1-2-1-2-0-0-2-0-2	2-0-0-2-5-2-0-1-1-0-1-2	1-0-1-4-2-1-2-2-1-1-1-4	1-0-2-0-1-2-2-3-1-1-0-1	3-3-1-0-2-0-1-2-0-1-3-2	0-3-3-2-3-0-3-7-1-1-0-0	0-0-2-3-3-0-0-3-0-1-3-1	3-3-0-0-2-3-0-1-2-2-0-3	3-3-0-3-0-1-0-0-3-3-1-1	0-1-1-2-3-1-2-0-3-1-1-3
169	2	2-2-2-2-2-2-2-2-2-1-2-3	1-3-2-1-4-3-1-4-3-3-0-2	1-3-1-2-1-1-3-2-4-3-3-3	1-2-2-1-1-1-1-1-3-3-1-1	1-0-6-2-1-1-3-1-3-2-1-1	1-2-1-0-2-1-3-1-2-2-5-1	5-1-4-2-1-2-3-1-2-4-3-1	4-2-5-1-2-3-5-0-2-4-0-0	2-0-1-1-2-0-2-1-5-1-1-2	0-1-2-3-1-1-3-2-1-3-2-1	2-4-0-2-7-0-0-0-0-1-1-2	0-1-1-1-1-1-1-0-6-4-5-1
169	3	3-2-4-2-3-2-3-3-4-4-4-4	4-2-2-4-2-4-4-4-4-2-4-4	7-4-5-1-2-1-4-4-5-2-2-2	4-5-3-1-1-4-4-1-2-2-2-7	1-3-2-3-4-1-4-4-2-3-1-7	1-4-1-4-5-5-2-1-4-2-2-1	1-1-2-2-4-3-2-4-3-1-5-1	3-1-1-1-1-5-2-1-5-3-3-3	5-6-4-4-1-3-5-1-6-3-1-6	4-5-3-2-5-1-2-2-4-5-5-1	5-1-5-1-5-5-5-5-4-1-4-3	5-1-4-3-5-5-4-6-5-5-1-1
169	4	4-4-3-4-4-4-4-4-3-3-3-3	3-5-5-3-5-3-3-5-3-3-3-3	5-3-3-5-1-6-5-3-5-6-5-6	3-3-3-4-1-3-3-1-5-6-4-3	1-5-4-1-3-5-5-3-5-1-5-1	5-5-1-3-3-3-5-4-5-4-2-5	2-5-2-5-3-2-3-3-4-2-4-5	4-1-1-5-1-3-4-5-3-4-3-3	3-3-3-3-4-3-3-3-2-4-4-3	3-1-2-5-3-1-2-2-3-4-3-1	3-5-3-7-3-3-3-3-3-1-5-3	3-1-3-3-3-3-3-3-3-3-1-1
169	5	6-3-7-7-4-5-5-6-5-5-5-5	3-4-4-6-4-4-5-6-4-6-3-3	4-6-3-6-6-1-6-3-3-3-4-3	6-3-5-6-6-6-4-6-6-4-6-3	6-4-2-6-3-6-6-6-4-5-6-6	4-4-6-5-3-3-4-6-4-5-2-4	2-4-5-4-4-2-2-4-4-1-6-4	4-6-3-6-6-3-7-6-3-5-6-3	3-3-3-6-6-3-3-4-2-4-6-3	3-6-3-4-6-6-6-2-3-3-3-6	3-4-3-2-3-3-3-3-6-0-4-5	3-6-3-6-3-3-5-3-3-3-6-1
169	6	5-7-5-5-6-7-6-5-7-6-5-7	6-4-4-5-5-7-5-5-7-5-7-7	4-5-5-5-5-6-5-7-7-6-5-4	5-6-6-5-5-5-3-5-5-4-5-3	5-3-2-5-6-5-7-5-6-6-5-5	7-7-5-5-3-3-5-5-6-6-2-6	2-1-4-4-7-6-2-7-6-6-5-5	6-5-1-5-5-7-4-5-7-3-5-3	6-3-6-5-5-3-6-6-3-4-5-3	6-5-6-5-5-5-7-6-7-6-3-5	3-1-3-2-3-6-3-5-5-6-4-6	3-7-6-5-6-3-5-3-2-3-5-1
169	7	7-6-7-5-7-7-6-7-6-5-5-6	3-4-7-5-7-7-3-7-6-7-6-6	7-7-7-7-7-7-6-6-6-7-4-7	7-7-7-7-7-7-3-7-7-7-7-3	1-7-7-7-7-7-6-7-7-7-6-3	7-7-6-5-7-3-7-7-7-7-2-7	6-7-7-7-6-7-7-7-7-7-7-5	7-7-7-6-7-6-5-1-6-3-3-6	6-3-7-6-1-7-7-6-7-4-5-2	6-3-7-7-7-6-6-6-7-7-3-7	3-7-3-4-2-6-3-3-3-6-7-7	7-6-3-2-1-7-7-3-7-7-5-7
170	0	0-0-0-0-0-0-0-0-0-0-0-0	0-0-0-0-0-0-0-0-0-0-0-0	0-0-0-0-0-0-0-0-0-0-0-0	0-0-0-0-0-0-0-0-0-0-0-0	0-0-0-0-0-0-0-0-0-0-0-0	0-0-0-0-0-0-0-0-0-0-0-0	0-0-0-0-0-0-0-0-0-0-0-0	0-0-0-0-0-0-0-0-0-0-0-0	0-0-0-0-0-0-0-0-0-0-0-0	0-0-0-0-0-0-0-0-0-0-0-0	0-0-0-0-0-0-0-0-0-0-0-0	0-0-0-0-0-0-0-0-0-0-0-0
170	1	1-1-1-1-1-1-1-1-1-1-1-1	0-2-1-0-0-1-0-2-0-1-0-1	1-0-0-1-0-0-2-0-0-0-2-0	0-0-0-0-0-0-0-0-2-1-2-1	0-0-2-0-0-1-2-0-1-1-0-0	4-2-0-0-0-0-2-0-1-1-4-0	1-1-1-0-0-1-0-2-1-1-0-1	1-0-0-0-1-0-1-2-0-1-0-0	0-0-1-0-3-1-0-0-1-0-0-0	0-1-3-2-0-0-2-1-0-0-0-1	0-0-0-0-0-0-0-0-0-0-2-1	0-1-0-0-0-1-0-0-0-0-1-1
170	2	2-2-2-2-1-1-2-2-2-2-2-2	3-1-1-4-2-1-4-1-3-2-3-3	3-3-0-7-3-3-3-3-0-2-1-3	3-3-3-3-3-3-3-4-3-2-3-0	5-0-3-2-3-3-3-3-1-0-8-3	3-1-3-2-2-4-3-3-1-1-1-2	3-1-1-0-3-3-3-3-2-4-4-3	2-5-4-3-4-3-2-8-2-1-0-0	2-0-3-4-4-3-0-4-1-2-4-2	0-3-1-3-3-2-3-1-3-0-0-2	1-2-0-4-2-2-0-2-0-3-2-2	1-2-2-1-4-2-4-0-0-0-2-2
170	3	3-4-3-3-3-3-3-3-3-3-3-2	2-4-4-2-2-4-2-4-2-3-2-2	2-2-5-2-2-2-4-5-2-2-4-2	2-2-2-2-2-2-3-2-4-4-4-2	4-0-4-2-4-2-4-2-4-3-3-2	2-3-5-2-3-2-4-2-3-3-6-3	2-1-4-6-2-3-4-2-1-5-2-2	3-2-4-2-2-2-7-4-2-5-6-2	0-0-2-2-5-3-8-2-4-3-2-3	0-2-1-8-2-2-2-4-2-4-0-2	0-2-0-6-7-0-0-0-0-2-6-3	0-2-2-4-4-5-2-0-0-4-7-3
170	4	4-3-5-7-4-4-4-4-5-5-4-5	4-3-3-2-2-3-5-3-5-6-5-5	7-5-7-5-4-6-5-6-5-2-3-4	5-5-5-2-2-5-5-2-3-3-3-5	3-5-3-4-6-3-5-5-3-4-5-5	5-5-3-5-5-2-3-3-1-1-1-3	5-1-3-5-5-4-3-5-2-2-6-3	6-2-6-3-2-5-3-2-2-4-4-5	6-6-5-2-2-4-6-5-3-4-2-6	5-2-1-3-5-2-3-3-6-5-0-2	6-2-7-4-5-6-7-6-6-2-2-3	0-2-5-4-5-6-2-7-5-7-3-2
170	5	5-6-4-8-5-4-5-5-4-4-4-4	4-6-6-2-2-5-4-6-4-4-4-4	2-4-4-4-6-2-6-7-6-7-6-6	4-4-4-4-2-4-4-2-6-7-6-4	2-4-3-4-4-5-6-4-6-5-6-2	6-4-3-4-4-4-6-5-5-5-2-5	2-5-6-4-4-5-5-4-5-3-4-6	5-2-3-5-5-4-2-6-2-5-6-4	4-4-6-4-5-5-4-4-7-4-2-4	4-2-5-6-4-2-6-5-4-4-5-2	4-6-4-6-4-4-4-4-4-2-3-5	5-2-4-5-4-4-2-4-4-4-2-5
170	6	7-5-4-8-5-6-6-7-8-6-7-7	7-5-5-7-2-7-6-5-7-4-7-7	4-7-4-2-7-7-7-4-5-8-5-5	7-4-6-7-7-7-7-2-5-5-7-4	7-5-7-7-4-7-7-7-5-6-7-7	5-5-7-6-4-4-7-7-5-6-3-5	8-5-5-3-7-6-5-7-6-8-7-7	5-6-4-7-7-4-8-7-7-5-7-4	4-8-5-7-7-6-7-7-5-7-7-4	8-7-6-5-7-2-7-3-4-7-7-2	4-5-4-5-7-8-4-4-7-7-3-6	5-7-6-7-7-4-7-4-4-4-3-3
170	7	6-8-6-4-5-8-8-8-8-7-6-8	6-5-5-6-7-6-6-6-6-7-6-8	4-6-4-2-6-6-6-5-6-5-7-6	6-6-7-6-6-6-8-2-6-5-6-6	6-4-6-6-4-6-6-6-7-7-6-6	6-6-6-7-4-2-6-6-7-7-3-7	8-5-1-7-6-7-5-7-7-5-6-6	7-6-2-6-6-4-3-6-6-5-6-4	7-7-7-6-6-6-6-6-5-6-6-3	7-6-7-5-6-2-6-5-8-6-6-2	6-7-4-5-6-8-4-6-6-6-7-7	5-8-6-6-6-4-6-4-3-4-3-3
170	8	8-7-8-5-8-7-7-8-7-6-6-7	6-5-8-2-8-8-7-8-8-8-6-7	8-8-8-8-8-8-6-7-8-8-7-8	6-8-8-8-8-8-7-8-8-8-8-6	8-4-8-8-8-8-7-8-8-8-2-6	8-8-7-7-8-4-8-8-8-8-3-7	7-8-8-8-8-8-8-8-8-8-6-8	8-8-8-7-8-7-6-2-2-6-3-6	6-6-8-7-2-8-8-4-8-6-6-2	4-4-8-8-8-2-8-7-7-8-6-8	4-8-4-3-4-7-4-4-4-6-8-6	8-7-7-1-0-8-8-8-8-8-6-2
171	0	0-0-0-0-0-0-0-0-0-0-0-0	0-0-0-0-0-0-0-0-0-0-0-0	0-0-0-0-0-0-0-0-0-0-0-0	0-0-0-0-0-0-0-0-0-0-0-0	0-0-0-0-0-0-0-0-0-0-0-0	0-0-0-0-0-0-0-0-0-0-0-0	0-0-0-0-0-0-0-0-0-0-0-0	0-0-0-0-0-0-0-0-0-0-0-0	0-0-0-0-0-0-0-0-0-0-0-0	0-0-0-0-0-0-0-0-0-0-0-0	0-0-0-0-0-0-0-0-0-0-0-0	0-0-0-0-0-0-0-0-0-0-0-0
171	1	1-2-1-2-1-1-1-2-1-2-2-2	2-2-1-2-2-2-3-2-1-1-0-2	1-1-2-2-2-2-2-2-2-2-2-2	2-1-2-2-1-0-2-1-1-2-1-1	2-2-1-2-4-1-2-1-1-2-3-4	4-2-2-2-2-2-2-2-2-1-4-2	1-1-1-1-2-1-1-2-1-2-4-1	1-3-2-2-1-2-1-2-1-3-0-3	1-0-2-0-2-3-2-1-2-1-1-2	3-1-2-2-0-1-1-1-2-2-3-1	1-1-4-2-1-2-1-1-3-1-1-1	3-1-1-1-3-4-1-0-1-1-4-1
171	2	1-1-1-1-1-1-1-1-1-1-1-1	1-1-1-4-1-1-1-1-1-1-3-1	1-3-1-1-3-1-1-1-1-3-1-3	3-3-1-1-3-3-1-3-3-1-2-1	1-1-3-1-0-3-3-3-1-1-1-3	1-4-3-1-1-1-3-1-1-1-0-1	3-1-1-0-3-1-2-3-1-1-3-3	1-4-1-3-3-1-7-1-4-1-0-0	2-0-3-3-4-1-1-4-1-2-3-1	1-3-1-1-3-4-1-1-3-1-1-4	1-2-1-1-1-1-1-0-1-2-3-1	1-3-2-1-1-1-4-0-2-2-2-4
171	3	1-3-1-3-4-1-1-1-1-1-1-1	1-4-4-2-1-1-1-4-4-1-2-2	1-2-4-1-4-2-4-5-1-2-4-4	2-3-4-1-2-2-1-2-2-5-3-1	3-1-5-5-0-4-4-2-3-3-1-2	1-2-2-0-3-1-2-2-1-3-6-3	6-1-1-0-2-1-5-2-3-5-2-2	1-1-1-2-2-4-5-1-2-1-0-1	2-0-2-2-5-1-3-2-1-3-2-4	1-2-3-6-2-3-1-1-2-1-1-3	4-2-1-4-1-1-1-3-1-2-2-3	1-2-2-3-1-1-2-0-0-1-5-1
171	4	4-3-1-4-3-1-1-5-1-1-1-7	4-3-3-2-1-1-5-6-5-1-5-5	6-5-6-5-3-5-3-6-3-2-3-3	5-4-5-5-2-2-5-2-3-3-4-5	1-5-2-4-5-3-5-5-4-4-1-1	1-2-3-5-5-6-3-3-1-1-1-3	5-2-3-5-5-1-3-4-1-1-5-2	1-2-5-2-2-5-3-4-2-4-5-6	5-0-5-2-2-1-5-2-1-2-2-3	5-2-4-3-3-2-1-1-5-5-5-2	5-2-1-3-1-5-5-5-1-4-2-5	1-2-4-3-1-1-2-6-7-6-1-2
171	5	5-7-5-5-5-5-5-5-7-5-5-5	4-3-3-7-6-1-6-6-4-1-6-6	5-6-4-1-6-4-6-3-6-4-3-6	4-4-4-4-6-6-4-6-6-3-6-4	5-4-3-4-4-5-6-6-4-5-6-6	1-7-6-5-4-4-6-5-6-3-3-6	4-5-5-4-4-5-3-6-5-5-6-2	1-6-4-6-6-4-7-6-2-4-6-4	4-0-4-6-7-1-4-6-1-6-6-7	4-6-3-7-6-6-6-1-4-4-4-6	4-2-1-3-7-4-4-4-6-6-2-4	1-6-2-6-1-0-5-4-6-3-6-6
171	6	5-7-5-5-5-7-7-7-7-5-5-7	7-3-3-5-7-1-5-5-4-1-5-7	4-5-4-7-5-4-5-4-5-4-6-5	5-4-6-5-5-5-7-5-5-3-5-7	5-4-3-4-6-5-7-5-6-6-5-5	7-7-5-7-6-4-5-5-6-6-3-7	3-5-3-6-7-6-3-5-6-6-5-2	6-5-5-5-5-6-6-5-2-4-5-4	6-6-4-6-5-5-3-5-7-5-5-3	7-5-6-3-5-5-5-7-6-6-5-5	5-6-4-7-7-7-4-6-6-6-6-6	7-7-6-6-6-6-5-4-5-4-5-5
171	7	7-6-5-5-7-6-6-7-6-5-5-6	6-7-7-5-7-7-5-5-7-7-5-6	7-7-7-6-7-7-7-6-7-7-6-7	6-7-7-7-7-7-6-7-7-7-7-6	5-4-7-7-6-7-6-7-7-7-5-5	6-7-5-6-7-7-7-7-7-7-7-6	6-7-7-7-6-7-7-5-7-7-5-7	7-5-7-6-5-6-5-5-2-5-5-4	4-7-7-6-5-7-7-4-7-5-5-5	5-6-7-7-7-5-7-6-6-7-5-7	5-7-7-7-6-6-4-4-1-7-7-7	7-6-7-1-5-7-7-7-4-7-5-3
172	0	0-0-0-0-0-0-0-0-0-0-0-0	0-0-0-0-0-0-0-0-0-0-0-0	0-0-0-0-0-0-0-0-0-0-0-0	0-0-0-0-0-0-0-0-0-0-0-0	0-0-0-0-0-0-0-0-0-0-0-0	0-0-0-0-0-0-0-0-0-0-0-0	0-0-0-0-0-0-0-0-0-0-0-0	0-0-0-0-0-0-0-0-0-0-0-0	0-0-0-0-0-0-0-0-0-0-0-0	0-0-0-0-0-0-0-0-0-0-0-0	0-0-0-0-0-0-0-0-0-0-0-0	0-0-0-0-0-0-0-0-0-0-0-0
172	1	1-1-2-2-1-1-1-2-1-1-2-2	1-1-1-2-3-2-2-2-2-1-0-2	1-1-1-2-2-2-2-2-4-2-2-2	2-0-2-2-1-2-2-1-2-2-2-2	4-2-1-0-4-1-2-1-2-3-3-1	4-2-2-3-2-2-2-2-1-1-4-2	4-1-2-1-2-2-0-2-2-5-4-1	1-1-2-2-1-2-1-2-1-2-0-3	1-2-1-0-2-2-4-2-2-2-1-2	3-1-1-2-2-2-2-1-2-2-3-1	4-8-4-2-1-2-2-4-4-1-3-1	2-1-1-1-3-1-1-7-1-1-4-1
172	2	1-1-1-1-1-1-1-1-1-1-1-1	3-1-1-3-1-1-1-1-1-1-3-1	1-3-0-1-3-1-3-1-1-1-1-3	3-0-1-3-3-3-1-4-3-1-1-1	5-1-1-5-3-3-3-3-1-1-1-2	1-1-3-1-1-1-3-2-1-1-0-2	1-5-1-0-3-1-2-3-1-1-5-3	1-2-5-3-4-1-1-8-2-1-7-0	1-1-3-4-4-1-1-4-1-2-3-2	1-3-1-1-3-4-3-1-3-1-1-5	0-4-1-1-1-1-1-0-1-3-1-1	1-4-2-1-1-1-4-1-7-2-2-4
172	3	3-4-1-3-1-1-1-1-1-1-4-1	2-4-4-2-1-1-1-4-1-1-2-1	1-2-1-1-2-1-4-4-1-2-4-2	2-3-1-2-2-2-1-2-4-4-3-1	2-1-6-2-2-2-4-2-4-1-1-2	1-2-5-1-3-1-2-3-1-3-6-3	5-1-3-4-2-1-5-2-3-3-0-2	3-5-2-5-2-1-7-1-3-3-6-1	3-1-2-2-3-2-3-2-1-3-2-4	1-2-3-4-2-5-2-3-2-1-1-2	5-1-6-6-1-1-1-4-1-2-1-3	1-2-2-1-1-1-2-1-1-1-6-1
172	4	4-3-1-6-3-1-4-1-4-5-3-8	4-3-3-4-1-1-5-6-1-1-5-5	6-5-7-2-4-5-5-5-5-5-3-5	5-5-5-5-2-5-7-2-3-5-5-4	1-8-1-4-5-3-5-5-4-4-1-4	1-5-3-7-7-6-3-5-1-1-1-2	1-2-3-5-5-4-3-5-1-1-1-1	1-2-6-3-2-5-3-2-6-6-5-6	6-6-5-2-2-5-6-2-1-4-2-3	6-8-1-3-6-2-5-1-6-6-6-2	6-2-1-1-1-6-6-6-6-2-2-4	1-2-4-1-6-1-2-6-5-7-1-2
172	5	4-7-4-8-6-5-5-5-5-4-4-4	4-6-6-4-1-5-4-6-4-1-4-4	4-4-4-4-2-4-6-7-6-4-6-4	4-4-6-4-2-4-4-2-6-6-6-4	2-4-3-2-5-6-6-4-6-1-6-2	4-6-3-4-4-4-6-4-6-5-3-5	3-2-3-5-4-5-3-4-5-1-2-2	5-3-2-3-2-4-6-3-2-5-4-4	4-4-4-4-6-4-3-6-3-5-2-4	4-2-5-6-2-3-2-1-4-4-4-2	3-6-5-3-4-5-4-4-4-2-6-3	7-2-4-6-1-3-2-0-4-5-2-1
172	6	7-5-7-8-5-6-8-6-4-6-6-6	4-5-5-4-7-1-8-8-5-7-7-4	4-7-4-7-7-6-7-4-5-7-5-7	7-7-5-7-7-7-4-7-5-5-7-4	7-4-3-4-0-7-7-7-5-6-8-7	7-5-7-8-4-8-7-7-5-3-3-5	7-2-5-4-5-1-3-8-6-1-7-6	4-7-8-7-7-8-5-8-8-4-7-4	4-4-8-7-7-5-4-7-3-7-7-7	4-4-8-5-7-7-1-1-4-4-4-7	4-5-4-3-4-4-4-4-4-6-5-7	1-6-2-7-4-1-6-4-4-4-3-2
172	7	6-5-6-6-7-8-7-6-8-6-6-8	7-5-5-6-6-8-6-6-8-6-6-6	4-6-4-6-6-7-6-5-8-6-6-6	6-7-7-6-6-6-8-6-6-5-6-4	6-4-3-4-7-6-8-6-7-7-6-6	6-8-6-8-7-4-6-6-7-7-3-7	6-2-3-7-7-7-8-8-7-1-6-7	7-6-2-6-6-7-5-6-7-4-6-7	7-4-7-7-6-7-4-7-1-6-6-7	7-6-7-5-6-8-8-8-8-4-4-6	3-7-4-3-8-8-4-4-4-7-6-7	1-8-2-6-4-7-7-1-2-4-6-2
172	8	8-7-6-6-8-8-6-8-7-4-7-7	7-8-8-4-8-8-6-6-8-8-6-6	8-7-8-7-8-6-7-7-7-8-8-8	6-8-8-8-8-8-7-8-7-8-8-4	6-4-8-8-8-8-7-8-8-8-6-6	7-8-7-7-8-8-8-8-8-8-8-8	7-8-8-8-7-8-8-8-8-8-8-7	8-8-6-7-8-6-6-6-6-4-7-4	6-4-8-7-6-8-8-7-8-3-6-6	7-4-8-8-8-7-8-7-7-8-4-8	4-1-8-3-7-7-4-4-4-7-8-8	8-7-8-8-1-8-8-1-8-8-6-1
173	0	0-0-0-0-0-0-0-0-0-0-0-0	0-0-0-0-0-0-0-0-0-0-0-0	0-0-0-0-0-0-0-0-0-0-0-0	0-0-0-0-0-0-0-0-0-0-0-0	0-0-0-0-0-0-0-0-0-0-0-0	0-0-0-0-0-0-0-0-0-0-0-0	0-0-0-0-0-0-0-0-0-0-0-0	0-0-0-0-0-0-0-0-0-0-0-0	0-0-0-0-0-0-0-0-0-0-0-0	0-0-0-0-0-0-0-0-0-0-0-0	0-0-0-0-0-0-0-0-0-0-0-0	0-0-0-0-0-0-0-0-0-0-0-0
173	1	1-1-1-1-1-0-1-0-1-1-1-1	0-0-0-1-0-0-0-0-0-0-0-0	0-2-0-4-2-2-2-2-0-2-2-2	3-0-0-3-3-3-0-1-1-1-1-0	1-0-4-0-0-1-2-2-1-3-0-4	2-0-2-0-0-3-2-2-1-1-0-3	1-3-1-0-2-0-2-0-1-1-0-2	0-1-3-2-1-0-1-4-1-1-0-0	1-0-2-2-4-1-0-2-0-1-1-1	0-2-0-2-2-1-0-1-2-2-0-1	0-1-0-0-0-2-0-0-0-2-1-1	0-1-2-0-0-1-2-0-1-2-1-1
173	2	2-2-2-2-2-2-2-2-2-1-2-1	0-2-2-1-0-2-1-3-0-2-0-4	2-1-0-1-1-1-3-1-3-1-3-1	1-0-3-1-1-1-3-1-3-2-3-0	2-0-0-0-2-1-3-1-2-2-0-0	1-0-3-0-2-1-1-1-2-2-7-2	4-1-2-0-1-2-5-1-0-5-0-1	0-0-0-3-4-3-6-2-2-2-0-0	0-0-3-1-2-1-3-1-3-2-3-2	0-1-2-3-1-3-0-2-3-1-3-1	2-1-0-2-4-1-3-0-0-1-1-1	2-1-1-2-8-1-1-0-1-1-3-1
173	3	3-3-3-3-4-3-3-3-3-3-3-3	0-4-3-1-4-3-0-4-0-2-0-3	4-3-0-1-1-1-4-1-2-1-4-4	1-4-4-1-1-1-4-1-4-2-2-0	3-0-0-4-1-2-4-3-4-1-0-0	1-0-2-0-3-1-4-1-3-3-8-1	2-1-5-0-1-0-4-4-3-2-0-7	3-3-1-2-3-2-4-5-3-3-0-4	4-4-4-1-3-4-3-4-2-2-2-2	0-3-7-4-4-2-4-3-2-3-2-1	4-3-3-2-0-1-2-0-4-3-4-0	3-1-1-3-0-1-1-0-2-3-2-1
173	4	5-4-4-4-3-4-5-7-5-4-5-8	5-3-3-1-3-5-5-3-5-5-5-5	5-5-6-7-5-5-5-6-5-2-3-3	5-5-5-1-5-5-3-4-3-5-5-7	5-6-1-3-5-2-5-5-3-4-5-5	5-5-2-5-4-8-5-5-0-3-3-1	2-1-3-6-5-0-3-3-5-2-0-1	4-3-6-2-2-6-3-1-6-4-4-8	3-6-3-5-1-3-6-5-5-4-2-3	0-1-6-3-5-6-3-2-5-6-6-1	3-1-4-4-5-6-6-7-6-4-5-0	4-1-4-6-6-4-4-4-5-3-5-1
173	5	4-6-5-4-6-5-6-5-4-5-4-4	4-6-3-4-5-6-4-7-6-4-4-4	4-4-4-1-4-4-4-7-4-8-6-5	4-4-4-4-4-4-6-4-6-4-6-4	4-4-1-1-4-5-4-4-5-5-4-4	4-4-2-4-4-1-4-4-5-5-5-5	2-4-3-4-4-5-3-4-5-7-5-7	5-1-5-4-5-4-4-3-5-5-5-5	5-5-3-4-3-3-5-4-4-4-6-2	0-3-5-3-4-1-3-3-4-4-3-1	5-6-6-6-4-4-0-7-4-4-4-6	4-1-4-4-7-5-1-5-4-7-4-8
173	6	6-8-8-8-5-6-6-6-6-6-6-7	7-5-5-7-7-5-7-7-7-4-7-7	6-7-4-6-7-5-7-7-7-7-5-7	7-4-4-6-7-7-5-6-5-7-7-4	7-4-8-7-4-7-7-4-6-4-7-7	7-7-7-0-4-7-7-6-3-6-3-7	2-6-3-4-6-6-3-8-6-6-7-6	0-6-4-7-7-4-8-7-4-4-7-0	3-4-4-6-7-7-4-4-5-6-7-3	8-7-4-4-7-7-7-3-1-4-4-7	7-5-4-2-7-4-4-4-4-7-6-7	4-7-4-4-4-6-6-4-6-6-8-7
173	7	6-8-6-6-5-8-8-8-8-6-6-8	6-5-5-6-6-5-6-6-6-4-6-6	8-6-6-4-6-6-6-8-6-6-8-6	6-7-4-6-6-6-8-6-6-6-6-4	6-4-7-6-7-6-8-7-7-7-6-6	8-6-6-8-7-6-6-6-7-7-3-6	8-8-3-4-7-7-3-8-7-6-6-3	7-6-6-6-6-7-7-6-7-4-6-7	7-7-4-6-6-6-7-6-3-7-6-2	8-6-3-2-6-6-6-8-7-7-4-6	6-7-4-8-6-4-4-4-4-6-7-7	5-6-7-4-5-6-6-4-6-5-7-6
173	8	8-6-6-6-8-7-7-8-6-6-6-7	7-5-8-6-8-8-6-6-8-8-6-7	8-8-8-6-8-8-8-7-6-8-7-8	6-8-8-8-8-8-7-8-7-8-6-7	6-4-8-8-8-8-7-8-8-8-6-6	7-8-8-7-8-4-7-8-8-8-8-8	7-8-8-8-7-8-8-7-8-8-8-8	8-7-6-7-8-7-6-6-1-8-6-8	7-8-8-8-6-8-8-7-3-6-6-6	6-8-8-4-8-6-8-7-7-8-7-8	8-8-7-8-5-4-4-7-8-7-8-8	8-7-4-5-2-8-8-8-6-8-6-5
174	0	0-0-0-0-0-0-0-0-0-0-0-0	0-0-0-0-0-0-0-0-0-0-0-0	0-0-0-0-0-0-0-0-0-0-0-0	0-0-0-0-0-0-0-0-0-0-0-0	0-0-0-0-0-0-0-0-0-0-0-0	0-0-0-0-0-0-0-0-0-0-0-0	0-0-0-0-0-0-0-0-0-0-0-0	0-0-0-0-0-0-0-0-0-0-0-0	0-0-0-0-0-0-0-0-0-0-0-0	0-0-0-0-0-0-0-0-0-0-0-0	0-0-0-0-0-0-0-0-0-0-0-0	0-0-0-0-0-0-0-0-0-0-0-0
174	1	1-1-1-1-1-1-1-1-1-1-1-1	1-1-0-1-0-1-2-0-2-1-0-2	2-2-2-0-0-2-2-1-0-0-2-0	2-2-2-0-2-2-1-5-0-0-1-2	0-5-1-0-9-0-2-2-0-1-0-2	2-2-0-0-1-4-2-2-1-0-0-3	2-0-0-2-1-5-2-0-0-1-1-0	1-0-0-2-0-2-0-0-2-0-2-0	3-2-2-2-0-0-2-0-0-1-1-0	2-2-1-2-2-1-0-0-2-2-1-0	4-1-1-0-0-1-2-2-2-2-0-1	1-2-2-2-2-1-2-1-2-2-1-0
174	2	2-2-2-2-2-2-2-2-2-2-2-1	1-3-3-1-0-3-1-2-3-2-0-3	1-1-1-2-3-1-1-3-0-3-3-3	1-3-3-0-1-1-1-0-3-0-3-1	2-1-1-0-1-3-1-1-3-3-0-1	1-1-0-1-2-1-3-2-2-2-0-1	1-0-3-1-1-1-1-3-2-4-3-1	2-2-0-1-2-1-3-1-1-3-1-3	2-1-1-1-3-0-1-3-2-1-2-0	1-1-2-3-1-3-0-2-1-1-2-0	3-2-2-0-0-1-1-1-1-1-3-2	0-1-1-1-1-2-1-1-1-1-1-0
174	3	3-3-4-3-4-2-4-5-4-3-4-4	4-2-2-4-5-2-4-3-4-4-4-4	3-4-4-5-4-4-4-4-4-4-2-3	4-4-4-4-4-4-4-9-2-2-4-3	4-3-4-5-1-2-4-4-3-2-5-4	4-4-4-3-3-5-4-4-2-3-0-4	4-5-2-2-4-1-3-4-5-5-4-4	2-5-4-4-4-1-2-4-4-4-3-2	1-1-4-4-10-3-2-4-2-4-5-4	4-4-2-4-4-5-4-5-4-1-4-5	2-5-9-0-0-4-1-2-0-4-4-3	4-4-4-5-4-2-4-4-9-4-5-3
174	4	3-4-3-3-3-4-3-4-3-3-3-3	3-5-5-3-3-5-3-4-3-3-3-3	1-3-3-3-3-3-5-3-3-3-5-5	3-3-5-3-3-3-3-3-5-5-3-3	3-1-3-3-1-4-5-3-5-4-3-3	3-3-3-3-4-3-5-3-4-4-7-3	3-3-4-1-3-4-5-3-4-4-3-3	5-3-3-3-3-1-7-3-3-4-3-4	0-1-3-3-4-0-3-3-6-4-3-3	3-3-5-3-3-3-3-9-3-5-3-3	3-3-10-6-6-3-1-1-1-3-3-4	3-3-3-5-3-4-3-3-7-7-3-4
174	5	5-4-3-6-3-5-3-3-3-3-3-6	5-4-4-6-6-4-6-5-7-3-6-5	7-6-7-3-5-6-4-5-3-3-4-5	5-5-6-3-3-3-4-6-4-4-4-8	3-9-1-3-7-4-4-6-4-4-3-6	8-1-4-5-4-3-4-3-4-4-4-3	5-3-4-6-5-1-4-5-3-3-5-3	7-3-7-3-3-6-2-3-3-5-5-7	10-5-6-3-5-5-5-5-0-5-3-5	7-10-4-9-4-3-4-3-7-6-7-3	8-3-6-4-4-7-7-7-7-4-4-5	5-3-8-4-6-5-4-5-3-5-3-3
174	6	8-6-7-8-7-7-8-8-8-7-8-10	8-7-7-5-8-8-5-7-7-7-5-7	6-5-8-8-6-8-7-7-7-7-7-6	7-6-7-8-3-6-7-3-7-7-6-5	9-5-6-8-6-6-7-6-7-7-9-6	7-9-7-6-7-9-6-7-7-6-0-6	10-7-6-6-6-6-4-7-7-7-3-6	6-3-8-6-6-5-8-9-5-6-5-6	7-5-7-3-9-9-7-7-9-10-3-8	6-3-7-6-7-7-7-6-6-7-5-3	7-9-8-4-8-8-5-6-5-6-9-6	8-6-6-10-8-9-9-5-8-8-6-10
174	7	6-6-6-6-6-6-6-6-6-6-6-6	6-6-6-8-6-6-9-9-6-6-8-6	5-8-9-6-9-6-8-6-6-6-6-8	8-5-6-6-8-8-6-3-6-6-7-7	6-5-3-7-6-7-8-8-6-6-6-8	6-8-8-7-6-6-8-6-6-6-4-9	6-6-6-8-8-7-5-6-6-6-9-7	6-8-5-8-7-1-4-6-5-6-8-5	6-5-8-8-9-6-6-6-6-6-7-4	5-7-7-8-6-6-8-7-8-6-9-3	5-7-8-4-6-6-5-5-5-7-6-7	6-4-7-8-6-6-7-5-5-4-7-6
174	8	6-6-6-6-6-6-6-6-6-6-6-6	6-9-6-7-6-6-7-9-7-6-7-6	7-7-6-6-7-6-9-6-6-6-9-7	7-8-7-6-7-7-6-3-9-9-7-5	7-5-3-6-6-9-9-7-8-8-6-7	7-7-7-7-8-6-7-6-8-8-9-7	6-6-6-7-7-7-9-7-8-8-7-7	6-9-5-7-7-5-6-3-5-6-7-5	6-6-7-7-8-6-9-6-6-7-7-6	5-7-8-7-9-8-7-8-7-6-5-6	5-7-7-10-6-6-5-5-7-7-7-8	6-7-5-7-6-6-7-5-6-6-8-6
174	9	10-10-6-7-6-6-6-6-6-6-6-10	6-8-6-7-6-6-7-8-6-6-10-6	7-7-7-6-7-9-8-6-10-9-8-7	7-9-9-6-7-7-6-3-8-8-8-5	6-5-3-6-1-8-8-7-8-9-6-7	6-6-7-7-9-6-8-6-9-9-8-7	10-6-6-7-8-9-8-8-9-6-7-7	9-8-5-7-7-1-4-6-10-6-7-5	9-10-6-7-7-6-8-6-6-0-7-0	9-7-9-6-8-7-6-4-10-5-7-3	6-6-3-0-4-10-5-5-7-9-6-9	6-7-9-7-7-6-6-6-3-6-7-6
174	10	10-9-7-8-10-9-6-10-6-6-6-6	6-10-10-7-10-6-7-10-10-10-9-10	10-10-10-6-10-10-9-6-9-10-6-10	9-10-10-10-10-10-9-10-8-10-10-5	6-5-10-10-10-10-9-10-10-10-6-3	6-10-10-7-10-6-10-10-10-10-10-10	6-10-10-9-9-10-10-10-10-10-9-7	10-10-10-9-10-5-10-3-9-6-6-6	9-9-10-10-3-10-10-6-6-6-10-10	9-5-10-6-10-6-10-6-9-10-10-10	6-6-4-8-6-9-5-5-6-6-10-10	6-6-9-6-8-10-10-6-10-10-3-6
175	0	0-0-0-0-0-0-0-0-0-0-0-0	0-0-0-0-0-0-0-0-0-0-0-0	0-0-0-0-0-0-0-0-0-0-0-0	0-0-0-0-0-0-0-0-0-0-0-0	0-0-0-0-0-0-0-0-0-0-0-0	0-0-0-0-0-0-0-0-0-0-0-0	0-0-0-0-0-0-0-0-0-0-0-0	0-0-0-0-0-0-0-0-0-0-0-0	0-0-0-0-0-0-0-0-0-0-0-0	0-0-0-0-0-0-0-0-0-0-0-0	0-0-0-0-0-0-0-0-0-0-0-0	0-0-0-0-0-0-0-0-0-0-0-0
175	1	1-1-1-1-1-1-1-1-1-1-1-1	1-1-0-1-3-1-1-2-2-1-0-2	1-2-2-0-0-2-1-2-0-0-0-0	2-1-2-0-1-1-0-4-0-0-0-1	0-1-4-0-2-0-2-2-0-1-0-1	0-4-0-0-0-2-2-0-0-0-0-2	3-0-0-2-0-1-0-0-0-1-3-0	0-0-3-0-0-2-0-0-0-1-3-0	2-2-2-0-0-0-3-2-0-1-0-0	3-1-0-0-0-3-0-0-2-0-1-0	0-0-4-0-3-1-2-3-3-1-0-1	1-0-1-1-1-1-1-1-1-0-1-0
175	2	2-1-2-1-2-2-2-2-2-2-2-2	3-2-2-2-1-1-1-1-1-2-3-1	1-4-1-7-3-3-3-1-3-3-0-3	3-0-1-4-3-3-3-1-3-1-3-1	2-1-1-3-1-2-3-3-1-2-0-1	3-7-3-0-0-4-3-3-0-2-0-4	1-2-0-1-3-0-4-3-0-2-0-1	0-2-4-3-2-1-2-7-2-1-6-0	1-1-3-4-4-0-1-1-4-2-2-3	1-3-0-2-3-4-3-4-3-4-0-4	2-4-2-0-1-1-1-1-0-2-3-1	1-2-2-4-1-2-3-2-2-2-2-4
175	3	3-4-3-3-3-3-3-3-3-2-3-3	2-5-3-2-1-4-2-4-4-4-2-4	1-2-1-2-2-2-4-5-4-2-4-2	2-1-4-2-2-2-2-2-2-4-2-1	2-1-1-2-3-2-4-2-4-1-0-5	2-1-2-0-3-2-2-2-4-3-5-3	1-2-3-1-2-3-5-2-0-3-1-2	3-2-1-2-2-1-5-4-4-3-1-3	1-1-2-2-3-0-1-4-5-3-3-3	1-2-3-2-4-1-2-3-2-3-4-2	4-3-0-3-1-1-4-1-1-2-2-0	3-2-1-4-1-2-2-2-2-2-3-1
175	4	3-3-4-3-3-4-4-4-3-4-4-4	4-3-3-2-5-3-4-3-4-3-5-5	4-5-6-2-5-5-3-4-5-5-3-4	5-5-5-6-2-5-5-1-4-5-5-1	2-1-1-4-5-3-3-5-4-4-4-4	0-1-3-4-5-2-3-2-3-0-3-2	4-2-3-1-4-4-3-5-0-2-7-5	1-2-2-3-4-5-2-3-3-4-4-5	5-5-5-2-2-4-4-5-3-4-2-4	5-5-4-5-3-2-2-2-5-5-5-2	5-2-1-5-5-5-5-5-5-2-2-2	4-2-4-3-5-5-2-4-5-3-3-2
175	5	6-5-6-6-6-5-7-6-7-7-7-6	4-3-3-7-6-7-6-5-6-6-7-7	5-4-7-6-6-6-6-6-6-6-6-5	4-4-4-5-6-6-4-6-6-4-6-5	6-4-5-6-4-6-6-6-4-7-6-6	5-7-6-5-4-7-6-6-4-3-3-5	7-6-3-1-7-5-3-6-5-3-6-6	5-6-4-6-6-4-7-6-6-6-4-4	7-4-4-6-6-5-4-6-3-6-6-4	4-6-5-4-6-6-6-7-4-4-6-6	4-2-6-7-4-4-4-4-4-2-5-5	5-6-5-6-6-4-2-4-6-5-6-2
175	6	5-7-5-5-5-7-5-5-5-5-5-5	4-3-3-5-5-5-5-5-5-5-5-5	7-5-5-5-5-5-5-5-5-5-6-6	5-6-6-5-5-5-7-5-5-4-5-1	5-1-5-5-6-5-5-5-6-6-5-5	7-6-5-7-6-5-5-5-6-6-0-6	7-5-3-7-5-5-6-5-6-5-5-5	6-5-2-5-5-7-3-5-7-5-5-4	6-6-6-5-5-0-6-5-0-5-5-0	5-5-6-3-5-5-5-7-7-6-5-5	5-6-5-0-7-6-6-6-5-6-6-6	3-5-5-5-6-2-2-4-5-2-5-2
175	7	7-6-5-5-7-6-5-7-5-5-5-5	5-7-7-5-7-5-5-7-5-7-5-5	7-7-5-5-7-5-6-7-5-7-7-7	7-7-7-7-7-7-6-7-7-7-7-1	5-5-7-7-7-7-6-7-7-7-5-5	6-7-7-6-7-5-7-7-7-7-7-7	6-7-7-6-5-7-7-5-7-7-4-7	7-7-7-7-7-5-5-5-6-5-5-6	5-7-7-6-5-7-7-6-7-5-5-0	5-7-7-7-7-5-5-5-7-7-5-7	5-7-7-5-6-6-6-5-5-6-7-7	7-6-1-2-4-7-7-4-7-7-5-7
176	0	0-0-0-0-0-0-0-0-0-0-0-0	0-0-0-0-0-0-0-0-0-0-0-0	0-0-0-0-0-0-0-0-0-0-0-0	0-0-0-0-0-0-0-0-0-0-0-0	0-0-0-0-0-0-0-0-0-0-0-0	0-0-0-0-0-0-0-0-0-0-0-0	0-0-0-0-0-0-0-0-0-0-0-0	0-0-0-0-0-0-0-0-0-0-0-0	0-0-0-0-0-0-0-0-0-0-0-0	0-0-0-0-0-0-0-0-0-0-0-0	0-0-0-0-0-0-0-0-0-0-0-0	0-0-0-0-0-0-0-0-0-0-0-0
176	1	1-1-1-2-1-1-1-1-1-1-1-1	1-2-0-1-0-1-1-0-1-1-0-2	1-2-2-0-0-2-0-2-0-0-0-0	2-3-3-0-1-1-0-6-0-0-0-6	0-1-1-0-8-0-2-1-2-1-0-2	0-2-0-0-2-2-2-1-1-0-0-1	1-0-0-1-2-1-0-0-1-1-0-1	1-0-0-1-1-2-0-0-1-1-1-1	0-2-2-1-3-1-1-2-0-1-0-2	1-1-0-2-0-0-0-0-6-1-1-1	0-0-1-0-0-1-1-3-0-0-1-2	1-1-3-1-0-1-1-2-1-0-1-0
176	2	1-2-1-1-2-2-2-2-2-2-2-2	3-1-2-4-0-2-1-3-3-2-0-1	1-1-1-3-3-1-3-1-0-3-2-3	3-1-1-2-3-3-0-2-2-0-2-1	3-1-1-0-1-2-3-3-1-2-0-1	3-1-3-2-2-1-3-2-2-2-0-1	3-3-0-2-3-1-2-3-2-2-3-3	1-2-2-3-2-1-0-9-2-2-8-1	2-1-3-3-9-0-1-1-4-2-2-2	3-0-0-3-3-3-0-0-3-1-1-2	3-4-1-2-9-2-1-2-3-2-3-1	1-3-1-3-2-2-3-1-2-2-2-2
176	3	3-3-1-3-3-3-3-3-3-3-3-3	2-4-3-2-3-3-1-4-2-2-2-4	1-4-2-2-4-2-2-4-0-4-4-4	2-4-1-4-2-2-2-1-4-4-4-1	2-1-1-3-4-4-2-2-4-4-0-4	2-1-5-2-3-4-4-3-3-3-5-3	4-2-3-4-2-3-4-2-3-3-2-2	4-2-9-2-2-1-6-4-2-4-1-4	4-1-2-2-1-4-3-4-4-3-2-3	2-0-0-4-2-2-4-8-2-1-1-2	2-2-9-3-0-4-3-1-3-2-2-4	1-2-1-2-3-2-2-4-2-2-3-0
176	4	5-4-5-5-3-4-4-5-4-4-5-5	5-3-3-2-5-4-5-4-5-5-5-5	4-5-5-5-4-5-5-5-5-3-5-4	4-4-5-5-3-5-4-4-4-3-3-5	4-9-1-4-4-3-4-4-3-4-5-5	5-3-3-5-6-3-3-4-3-4-0-3	3-3-4-3-5-4-3-5-3-4-3-3	6-2-6-3-2-5-5-3-3-8-5-8	6-5-5-3-2-5-4-3-5-4-3-3	5-5-4-3-4-2-3-4-5-7-6-2	6-2-4-6-7-3-7-7-5-4-3-3	4-4-4-4-7-2-2-9-4-5-4-5
176	5	7-4-6-4-6-6-7-7-6-7-7-6	4-6-6-2-7-7-6-6-4-6-4-6	5-6-4-7-6-6-4-6-6-6-6-6	6-4-6-6-6-4-8-7-6-5-5-4	8-4-5-8-4-5-6-5-6-6-8-4	5-7-8-5-7-7-5-8-6-5-3-6	6-5-5-5-6-5-6-4-6-8-3-5	4-2-4-5-5-4-6-7-6-7-5-4	5-4-4-6-8-8-6-9-6-6-9-7	6-4-5-5-7-6-6-4-4-4-4-5	4-9-5-4-6-9-4-4-4-5-8-3	5-5-6-6-6-8-8-7-4-4-5-4
176	6	5-5-5-8-5-5-5-5-5-5-5-5	5-5-5-8-5-5-5-5-5-5-7-5	8-7-7-9-8-5-7-5-5-5-7-5	7-5-5-5-7-8-5-8-5-5-6-1	7-4-6-5-1-6-7-7-5-5-5-7	5-7-7-7-5-6-7-5-5-4-0-7	8-5-5-6-5-6-5-7-5-5-8-8	4-7-4-7-8-1-5-8-6-4-7-4	9-4-7-7-8-5-5-7-5-5-6-5	5-8-6-7-7-7-5-5-7-5-7-2	4-5-6-4-5-6-4-4-8-5-5-6	5-5-5-7-5-5-6-4-6-6-6-7
176	7	5-5-6-5-5-5-5-5-5-5-5-5	5-5-5-6-5-5-5-8-5-5-6-5	5-6-6-5-6-5-8-5-6-5-8-6	6-7-8-5-6-6-5-5-8-8-8-1	6-4-1-5-4-7-8-6-7-7-5-6	5-6-6-6-5-5-6-6-7-7-3-6	6-2-5-6-6-7-8-6-7-7-6-6	4-6-4-6-6-4-5-5-6-5-6-4	7-1-6-6-7-1-8-6-5-5-6-5	5-6-7-6-8-7-6-7-6-4-6-7	4-6-5-9-4-6-4-4-4-4-6-7	5-5-1-6-6-5-6-5-4-6-7-6
176	8	5-9-6-6-5-9-5-5-5-5-5-9	5-7-5-6-5-5-6-7-5-5-6-5	6-6-6-5-6-8-7-6-9-5-7-6	6-8-8-5-6-6-5-6-7-7-7-1	5-4-6-5-1-7-7-6-8-8-5-6	5-1-5-6-5-2-7-5-8-8-0-6	6-2-5-6-9-8-7-5-8-5-6-6	4-7-3-7-6-1-3-6-9-4-6-4	8-8-8-6-8-5-8-8-5-5-6-9	8-6-8-5-7-2-7-3-9-4-6-8	5-5-5-0-5-8-4-4-6-8-5-8	5-8-8-8-6-5-8-4-6-7-6-5
176	9	9-8-6-7-9-8-5-9-5-5-5-5	5-9-9-6-9-5-6-9-9-9-8-9	9-9-9-6-9-6-8-5-8-9-5-9	8-9-5-9-9-9-8-9-7-9-9-5	5-4-9-9-9-9-8-9-9-9-5-9	5-9-9-8-9-9-9-9-9-9-9-9	8-9-9-7-8-9-9-9-9-9-8-6	9-9-3-8-9-8-9-2-8-5-5-4	8-8-9-9-2-9-9-8-9-5-5-5	8-9-9-9-9-5-9-4-8-9-4-9	4-5-3-7-5-8-4-5-5-8-9-9	5-8-5-5-4-9-9-4-9-9-8-9
177	0	0-0-0-0-0-0-0-0-0-0-0-0	0-0-0-0-0-0-0-0-0-0-0-0	0-0-0-0-0-0-0-0-0-0-0-0	0-0-0-0-0-0-0-0-0-0-0-0	0-0-0-0-0-0-0-0-0-0-0-0	0-0-0-0-0-0-0-0-0-0-0-0	0-0-0-0-0-0-0-0-0-0-0-0	0-0-0-0-0-0-0-0-0-0-0-0	0-0-0-0-0-0-0-0-0-0-0-0	0-0-0-0-0-0-0-0-0-0-0-0	0-0-0-0-0-0-0-0-0-0-0-0	0-0-0-0-0-0-0-0-0-0-0-0
177	1	1-1-1-1-1-1-1-1-1-1-1-1	1-0-1-3-0-1-0-2-0-1-0-0	0-3-0-0-2-2-2-0-0-3-0-2	2-0-0-3-2-2-0-1-1-3-1-0	1-0-1-2-2-2-2-2-1-1-7-2	3-3-2-0-0-3-2-3-1-1-3-3	3-2-2-0-2-1-0-2-1-1-0-2	1-1-3-2-2-1-1-7-3-0-0-0	1-0-2-2-3-0-0-2-0-1-1-1	0-3-1-2-2-1-0-1-2-0-0-3	0-1-0-1-2-2-0-0-3-2-2-1	2-2-1-1-0-2-2-0-3-1-1-3
177	2	3-3-2-2-2-2-2-2-2-2-2-3	1-3-2-1-0-3-0-3-3-2-0-3	0-2-0-1-1-1-3-3-3-3-3-3	1-3-3-0-1-1-3-2-3-2-3-0	2-0-4-1-1-1-3-1-3-2-0-1	1-0-3-0-3-1-3-1-2-2-6-2	1-1-3-2-1-2-3-1-2-2-0-1	2-3-0-3-1-3-2-3-1-2-0-3	0-0-3-1-2-0-7-1-2-2-2-2	3-1-2-3-1-1-0-2-1-3-3-1	0-1-7-3-1-1-0-3-3-1-1-3	1-1-1-3-6-1-1-0-0-2-3-1
177	3	2-2-3-2-3-3-3-3-3-3-3-3	3-2-2-1-4-3-3-2-4-3-4-4	6-4-4-4-3-1-2-2-2-2-2-3	3-3-2-1-1-4-3-1-2-2-2-3	1-4-3-3-3-1-2-3-3-3-3-0	1-1-2-3-3-1-2-1-1-2-1-1	1-1-2-3-4-1-2-4-1-2-1-2	3-2-5-2-1-4-2-2-1-3-3-6	5-7-2-1-1-3-0-7-3-3-2-3	4-1-3-2-3-1-2-2-4-4-4-1	5-1-3-2-3-3-6-7-5-1-3-3	3-1-3-2-3-3-1-3-7-2-2-1
177	4	5-4-5-5-5-5-4-5-5-5-5-5	5-4-4-1-5-5-5-4-5-5-5-5	4-3-5-7-5-5-4-4-5-5-5-4	5-4-5-4-5-3-6-5-4-4-5-5	6-4-4-6-3-4-4-4-5-4-6-4	4-5-2-4-3-1-4-5-4-4-2-5	4-5-4-5-3-4-2-5-4-6-4-5	4-4-6-4-4-6-4-5-1-4-3-4	4-5-5-4-6-5-5-3-6-5-4-5	5-4-6-5-5-5-5-5-5-6-3-5	5-7-6-4-7-7-5-4-7-4-5-6	6-5-4-7-4-4-5-3-3-4-2-5
177	5	6-7-4-7-4-4-4-4-4-4-4-6	4-4-4-6-4-4-4-5-4-4-6-6	5-6-6-6-6-4-6-5-6-4-4-6	6-6-4-6-6-6-4-6-6-4-6-4	6-4-6-6-3-6-6-4-4-5-6-6	5-6-6-5-3-4-6-4-4-5-2-4	6-4-4-4-4-5-7-6-4-5-6-4	4-6-3-6-6-4-7-6-6-4-6-3	7-4-4-6-4-4-4-6-4-4-6-4	6-6-4-4-6-4-6-4-4-4-4-6	3-4-4-4-6-4-4-4-3-6-4-4	4-6-5-2-4-4-6-3-3-4-6-4
177	6	5-4-4-5-5-7-4-4-4-4-5-5	4-4-4-5-4-4-5-5-5-4-5-5	3-5-5-5-5-4-5-5-5-5-6-5	5-5-6-5-5-5-7-5-5-4-5-7	5-3-5-5-6-5-7-6-6-6-5-5	5-5-5-7-6-5-5-4-6-6-2-6	5-4-4-3-6-6-3-5-6-4-5-4	6-5-4-5-5-4-2-5-5-4-5-3	6-6-6-5-6-4-6-5-4-4-5-4	5-5-4-2-5-1-5-4-7-4-6-5	5-6-4-6-5-4-3-6-6-5-4-6	4-5-7-6-2-4-5-3-5-3-5-5
177	7	7-5-5-5-7-6-4-7-5-4-5-5	4-4-7-5-7-4-6-7-5-7-5-6	7-7-5-5-7-4-5-4-5-7-6-7	6-7-7-7-7-7-6-7-6-7-7-6	4-4-7-7-7-7-6-7-7-7-1-5	5-7-5-6-7-3-6-7-7-7-7-6	6-7-7-7-7-7-7-7-7-7-4-4	7-5-5-6-7-5-5-5-5-3-5-5	5-6-7-7-1-7-2-3-7-4-5-4	5-3-7-7-7-1-7-7-6-7-4-7	3-4-2-6-4-4-3-3-4-4-7-7	7-4-6-4-4-7-7-3-3-7-5-4
178	0	0-0-0-0-0-0-0-0-0-0-0-0	0-0-0-0-0-0-0-0-0-0-0-0	0-0-0-0-0-0-0-0-0-0-0-0	0-0-0-0-0-0-0-0-0-0-0-0	0-0-0-0-0-0-0-0-0-0-0-0	0-0-0-0-0-0-0-0-0-0-0-0	0-0-0-0-0-0-0-0-0-0-0-0	0-0-0-0-0-0-0-0-0-0-0-0	0-0-0-0-0-0-0-0-0-0-0-0	0-0-0-0-0-0-0-0-0-0-0-0	0-0-0-0-0-0-0-0-0-0-0-0	0-0-0-0-0-0-0-0-0-0-0-0
178	1	1-1-1-1-1-1-1-1-1-1-1-1	0-2-1-0-0-1-0-2-0-1-0-0	1-0-0-1-1-0-2-0-0-0-2-1	0-0-0-0-1-0-0-0-2-1-2-0	1-0-0-0-0-1-2-0-2-0-0-0	0-0-0-0-0-0-2-0-1-1-4-0	2-2-2-0-0-1-0-2-1-1-0-1	1-1-0-0-1-0-0-2-0-1-0-0	1-0-0-0-3-0-0-2-0-0-1-2	0-1-1-2-0-0-2-1-0-0-0-0	4-0-0-1-0-0-0-0-0-0-2-1	2-1-0-2-0-1-0-0-0-0-1-1
178	2	2-2-2-2-1-1-2-2-2-2-2-3	3-1-1-2-2-1-2-4-0-2-3-3	0-2-4-4-3-4-3-4-4-2-3-3	3-0-3-4-3-3-3-2-3-2-5-0	5-0-3-5-3-3-3-3-1-0-2-3	3-4-3-2-2-3-3-5-1-1-0-4	3-1-1-0-3-0-3-3-4-4-5-3	2-5-5-3-2-3-2-5-5-0-0-4	2-0-3-5-4-0-0-3-1-2-5-1	4-5-1-1-3-5-1-4-3-0-0-2	5-2-0-2-0-3-0-0-5-3-3-2	1-3-2-1-4-3-2-0-0-3-2-4
178	3	3-3-3-3-3-3-3-4-3-3-3-2	2-5-4-2-4-4-0-2-4-2-2-2	3-2-3-2-2-2-2-4-2-2-4-2	2-2-2-2-2-2-7-2-2-4-4-0	3-0-2-2-2-2-4-2-5-3-2-2	2-5-2-0-5-2-4-2-3-3-8-3	2-1-1-0-2-3-2-2-3-3-5-2	3-3-4-2-4-4-5-4-2-6-3-4	3-0-2-2-1-3-3-2-5-3-3-3	0-2-1-4-2-2-2-3-2-4-0-2	0-2-9-3-5-2-0-4-4-2-4-2	1-2-2-3-0-3-2-0-3-2-3-7
178	4	4-4-4-3-3-3-4-3-4-4-4-6	4-3-3-2-2-3-5-5-3-2-6-5	8-4-5-2-4-2-5-5-5-2-3-5	5-5-5-2-2-2-2-5-3-3-3-4	4-4-4-4-7-3-5-4-3-3-4-5	1-2-2-5-3-2-3-2-3-3-1-2	7-3-3-7-2-0-2-5-2-2-2-2	1-2-2-2-3-3-3-4-2-4-4-9	7-9-0-2-2-0-7-2-5-4-2-4	2-2-4-5-3-2-3-2-2-3-3-2	7-2-4-5-4-3-4-3-3-2-3-4	4-2-4-4-2-4-2-4-9-4-2-2
178	5	5-3-5-5-3-5-5-5-5-4-5-6	5-3-3-2-2-3-6-4-6-5-6-4	4-6-4-4-2-4-4-6-4-2-4-4	4-4-4-4-2-2-3-4-3-3-2-7	2-7-5-2-7-5-4-4-3-9-4-4	2-6-3-4-3-7-3-2-5-3-1-5	9-5-5-7-6-5-3-4-5-2-7-3	1-2-7-2-2-5-3-2-2-5-4-7	7-9-7-2-2-3-7-7-4-5-2-6	7-7-1-6-3-2-0-3-7-7-7-2	7-2-5-4-6-5-5-7-7-2-3-5	4-5-7-7-5-5-2-4-6-6-2-2
178	6	6-7-8-8-8-7-8-8-8-7-7-8	7-7-6-5-7-7-5-7-7-7-5-7	6-7-7-7-7-7-7-7-7-7-7-7	7-6-7-7-6-6-7-8-7-8-6-6	8-5-7-8-6-6-7-6-6-6-8-6	6-7-7-7-7-7-6-6-8-6-3-7	6-7-6-6-6-7-6-7-6-8-9-7	6-2-6-6-6-5-8-6-2-6-9-6	6-6-9-6-7-7-8-5-8-8-6-5	6-2-8-7-7-2-7-6-5-8-9-7	6-9-7-6-9-9-6-6-5-9-7-7	7-9-6-9-5-6-8-8-8-5-8-9
178	7	6-6-6-9-6-6-6-6-6-6-6-9	6-6-6-2-6-6-8-6-6-6-8-6	6-8-6-6-6-6-8-6-6-6-6-6	8-8-6-6-8-8-6-7-6-6-8-5	6-5-6-6-4-7-8-8-7-6-6-8	6-6-8-6-7-8-8-8-6-7-0-7	4-6-6-5-2-6-7-8-7-6-8-6	6-8-5-8-8-5-9-8-9-4-8-5	5-0-5-8-9-6-4-5-6-6-8-8	5-8-6-6-8-7-6-6-5-5-5-8	5-6-6-6-6-6-5-5-5-8-6-6	6-8-7-5-5-5-6-4-8-7-8-8
178	8	6-9-6-7-6-6-6-6-6-6-6-9	6-6-6-7-6-6-7-7-6-6-7-7	4-7-4-6-7-6-7-6-6-6-8-7	7-8-8-6-7-7-9-6-6-6-7-5	6-5-6-6-8-7-7-7-8-6-6-7	7-6-7-9-8-7-7-7-8-8-3-8	9-7-6-5-8-8-7-7-8-6-7-6	8-7-7-7-7-5-6-7-8-6-7-5	5-8-6-7-7-6-6-5-6-6-7-7	6-7-6-6-7-7-7-6-9-6-8-7	7-6-6-8-6-6-5-5-5-7-6-8	6-7-9-8-7-6-6-6-6-7-7-7
178	9	9-8-7-7-6-8-6-9-6-6-6-7	6-9-9-7-9-6-7-9-9-9-7-8	9-9-9-6-9-6-6-6-6-9-8-9	8-9-6-9-9-9-8-9-9-9-9-8	6-5-9-9-9-9-8-9-9-9-6-6	6-9-7-8-9-6-9-9-9-9-9-8	5-9-9-9-6-9-9-9-9-9-5-6	9-9-7-8-9-6-7-7-2-6-6-6	4-4-6-9-7-9-5-5-6-7-7-7	5-9-9-6-9-7-9-8-8-9-6-9	4-6-6-8-6-6-6-5-6-6-9-9	6-8-8-6-6-9-9-6-9-9-7-6
179	0	0-0-0-0-0-0-0-0-0-0-0-0	0-0-0-0-0-0-0-0-0-0-0-0	0-0-0-0-0-0-0-0-0-0-0-0	0-0-0-0-0-0-0-0-0-0-0-0	0-0-0-0-0-0-0-0-0-0-0-0	0-0-0-0-0-0-0-0-0-0-0-0	0-0-0-0-0-0-0-0-0-0-0-0	0-0-0-0-0-0-0-0-0-0-0-0	0-0-0-0-0-0-0-0-0-0-0-0	0-0-0-0-0-0-0-0-0-0-0-0	0-0-0-0-0-0-0-0-0-0-0-0	0-0-0-0-0-0-0-0-0-0-0-0
179	1	1-1-1-1-1-1-1-1-1-1-1-1	2-0-0-1-0-1-2-2-2-1-2-0	3-2-3-0-2-2-2-2-0-2-2-1	1-3-2-1-2-3-0-5-2-0-2-5	0-4-2-0-2-0-2-2-0-1-3-2	2-2-0-1-0-1-2-2-0-0-0-2	2-0-0-4-2-0-0-2-1-1-1-0	1-0-0-2-1-2-0-0-0-1-1-0	0-2-0-2-0-2-3-2-0-2-0-0	4-2-0-0-2-0-0-0-2-3-3-1	0-0-1-0-2-1-0-3-0-1-0-1	1-2-2-3-2-1-0-1-1-1-1-1
179	2	2-2-2-2-2-2-2-2-2-1-2-2	1-3-3-1-0-2-1-3-1-1-1-3	5-1-1-2-1-1-3-4-0-3-3-5	1-1-1-1-1-1-1-0-3-2-3-1	2-1-1-0-1-2-3-1-3-2-2-1	1-1-0-0-1-1-3-1-2-0-8-2	1-2-3-1-1-2-6-1-1-3-3-0	2-0-3-3-2-1-2-1-0-3-1-0	2-1-3-1-2-1-4-1-3-1-0-1	1-1-2-1-1-1-0-2-1-1-1-2	2-0-2-3-1-1-1-1-0-1-0-2	3-1-1-1-3-0-0-3-1-1-6-2
179	3	3-2-3-3-2-3-3-3-3-3-3-3	4-2-2-4-3-3-1-2-4-3-4-4	1-4-1-5-4-5-2-4-5-5-2-4	4-4-4-4-4-4-4-3-4-4-2-1	4-1-3-7-1-2-4-4-4-3-1-4	4-5-4-0-5-4-4-4-2-0-0-5	4-5-2-1-4-0-4-4-3-2-4-4	1-3-4-4-4-1-5-9-9-2-3-0	3-1-4-4-9-7-1-4-2-2-4-3	3-4-0-2-3-5-0-0-4-1-1-3	2-7-4-5-2-4-1-1-0-4-3-3	2-4-1-1-4-3-4-3-4-3-4-5
179	4	4-4-3-4-4-4-3-4-3-4-4-5	3-5-5-3-3-4-3-5-5-5-3-3	5-3-3-3-3-3-5-5-0-3-5-3	3-5-3-3-3-3-3-3-3-5-4-1	4-1-1-3-1-5-5-3-3-4-0-3	3-3-3-0-7-3-5-3-4-4-8-4	3-6-7-1-3-4-3-3-4-0-3-3	5-3-3-3-3-5-3-0-3-7-3-4	2-2-3-3-4-4-6-3-7-4-3-5	3-3-0-1-1-5-0-8-3-1-1-3	0-0-3-5-0-3-0-1-0-3-3-3	1-3-1-1-3-3-3-4-3-3-3-0
179	5	5-6-6-6-4-5-5-5-5-6-6-6	5-4-4-3-3-5-5-4-6-4-6-6	6-3-8-3-4-3-4-6-7-3-4-2	3-4-5-3-3-3-3-1-4-4-4-1	3-5-1-5-5-4-4-6-5-6-5-9	3-3-4-5-8-3-4-3-0-0-0-4	5-3-2-4-3-1-3-6-3-0-5-3	5-5-3-4-3-6-3-5-3-5-5-8	5-5-5-3-3-5-5-3-4-5-4-4	5-5-2-6-5-4-0-4-3-6-5-3	7-5-5-6-5-6-7-5-0-3-3-5	5-3-5-5-5-5-3-6-5-5-7-3
179	6	7-5-7-7-7-7-7-8-7-7-7-8	7-4-4-7-8-7-7-6-7-7-7-7	5-7-7-6-8-9-7-8-8-7-7-7	7-7-7-8-7-8-7-7-6-8-7-5	8-5-8-8-7-4-7-7-4-6-8-8	6-7-8-7-6-8-7-7-8-6-2-7	8-7-6-9-7-7-3-5-0-8-7-7	6-8-3-7-8-8-9-7-7-9-5-5	9-7-7-7-6-8-4-8-4-8-8-5	6-7-6-5-7-6-7-9-7-7-7-7	7-7-5-5-7-7-7-5-8-7-7-6	9-6-6-1-7-6-6-5-7-7-7-6
179	7	6-7-6-6-6-6-6-6-6-6-6-6	6-8-7-6-7-6-6-8-6-6-6-6	6-6-6-3-6-6-8-7-6-6-8-6	6-6-6-5-6-6-6-6-8-6-8-1	6-5-1-3-6-8-8-6-7-6-6-6	6-6-6-6-4-6-6-6-8-7-0-6	6-6-4-1-8-6-8-6-7-7-6-6	0-3-3-6-6-6-8-6-6-4-6-5	6-1-6-6-7-6-8-6-8-6-6-3	6-6-9-8-6-6-6-9-6-6-6-6	8-8-9-9-6-6-6-9-6-6-6-7	8-3-1-1-6-6-3-6-6-6-5-6
179	8	6-9-6-6-6-6-6-6-6-6-6-6	6-7-7-3-6-6-6-7-6-6-6-6	6-6-5-6-6-8-7-6-6-8-7-6	6-6-8-6-6-6-6-6-7-6-7-1	6-5-6-3-6-7-7-6-8-8-6-6	6-6-6-9-8-6-8-7-8-8-2-6	6-6-7-1-7-8-7-6-8-6-6-7	8-6-3-6-6-6-7-6-6-5-6-5	8-8-8-8-3-6-7-6-7-6-6-4	7-8-8-7-8-6-6-4-8-6-8-8	7-8-5-7-6-9-8-1-6-6-8-8	8-8-8-6-6-7-8-5-8-8-8-8
179	9	9-8-6-6-9-8-6-9-6-6-6-6	6-9-9-6-9-9-8-9-9-9-8-9	9-9-9-6-9-6-8-6-6-9-4-9	8-9-8-9-9-9-6-9-8-9-9-5	6-5-9-9-6-7-8-9-9-9-6-5	6-6-9-9-9-6-9-9-9-9-9-9	6-9-9-6-6-9-7-9-9-9-6-9	9-9-3-8-9-6-8-3-3-6-6-5	8-9-9-9-3-8-9-6-7-7-6-4	6-5-7-9-9-6-9-6-8-9-9-8	9-9-7-7-6-8-6-7-9-5-9-8	6-8-8-6-7-9-9-5-9-9-4-9
180	0	0-0-0-0-0-0-0-0-0-0-0-0	0-0-0-0-0-0-0-0-0-0-0-0	0-0-0-0-0-0-0-0-0-0-0-0	0-0-0-0-0-0-0-0-0-0-0-0	0-0-0-0-0-0-0-0-0-0-0-0	0-0-0-0-0-0-0-0-0-0-0-0	0-0-0-0-0-0-0-0-0-0-0-0	0-0-0-0-0-0-0-0-0-0-0-0	0-0-0-0-0-0-0-0-0-0-0-0	0-0-0-0-0-0-0-0-0-0-0-0	0-0-0-0-0-0-0-0-0-0-0-0	0-0-0-0-0-0-0-0-0-0-0-0
180	1	1-1-1-2-1-1-1-2-1-1-2-2	2-2-1-0-2-2-2-2-2-1-2-2	1-2-1-2-2-2-2-2-2-2-2-2	2-0-2-2-1-2-2-2-1-2-1-1	2-2-1-2-1-1-2-1-1-2-4-1	1-2-2-1-1-2-1-1-2-1-4-2	1-2-1-1-2-1-2-2-1-1-1-1	1-1-1-1-1-2-2-1-1-1-2-1	1-0-2-1-2-2-1-4-2-4-1-2	0-1-1-2-1-2-1-1-1-3-0-1	1-5-5-1-3-2-6-1-1-1-2-1	2-1-1-1-1-1-1-0-0-1-1-1
180	2	1-1-1-1-1-1-1-1-1-1-1-1	1-1-1-4-1-1-3-1-1-1-3-1	1-3-4-1-1-1-3-1-1-1-1-3	3-0-1-3-3-3-1-4-1-1-5-1	4-1-5-3-0-3-3-3-1-1-1-4	1-1-3-2-2-4-3-5-1-2-6-1	2-1-1-0-3-2-1-3-1-1-8-2	1-4-5-3-3-1-1-1-2-1-4-0	0-0-1-3-5-1-1-3-1-1-5-8	4-5-1-1-3-5-3-1-3-1-0-5	5-1-1-0-1-1-0-0-0-2-1-1	1-2-4-1-0-1-3-0-5-5-2-1
180	3	1-4-1-1-3-1-3-3-1-1-1-1	2-4-3-2-1-1-2-4-1-1-2-4	1-2-1-1-2-1-4-4-5-2-4-2	2-2-3-2-2-2-5-1-4-4-4-0	2-0-2-2-3-4-4-2-3-1-1-2	1-1-4-2-3-2-4-4-1-3-7-3	3-2-3-3-2-3-5-2-1-1-4-2	1-2-2-4-2-1-5-1-4-3-1-1	4-0-4-2-3-1-5-2-1-3-2-4	2-2-1-4-2-2-2-4-2-1-4-2	4-2-1-3-1-1-4-0-5-2-1-1	3-3-2-4-0-1-2-7-0-2-3-1
180	4	1-3-2-4-3-4-1-1-4-4-1-4	1-3-3-2-1-1-2-3-1-1-5-3	1-2-2-2-5-5-3-3-3-5-3-5	2-5-5-5-2-2-3-2-5-5-3-0	2-0-2-5-6-3-5-4-5-1-1-2	1-5-3-2-4-2-5-3-4-4-1-3	3-2-1-3-2-3-8-5-4-1-3-3	1-2-2-3-2-1-3-5-3-4-2-5	3-0-3-2-4-5-1-5-9-8-3-3	2-4-1-5-5-1-2-3-3-1-3-2	2-2-5-5-5-1-3-3-0-4-6-4	3-5-2-3-3-4-2-1-0-0-3-3
180	5	5-5-5-5-3-5-5-6-6-5-5-9	5-3-3-6-1-1-6-2-1-6-4-6	5-5-6-7-4-4-4-6-6-4-4-4	5-4-4-4-2-6-3-7-4-4-3-8	2-5-9-4-7-3-4-5-4-5-1-2	6-4-3-5-5-7-4-2-1-4-0-5	8-2-3-5-6-5-3-4-1-1-2-3	5-2-8-6-2-8-3-4-2-5-5-4	5-0-8-2-2-4-5-4-1-5-2-3	9-2-8-4-6-7-3-3-6-6-8-2	2-1-1-4-4-5-5-5-6-4-7-4	5-4-5-5-6-5-2-5-9-2-2-2
180	6	8-6-8-8-7-7-7-8-7-7-7-7	7-7-6-5-7-8-7-6-7-7-7-7	6-7-7-9-7-7-7-7-7-7-7-7	7-6-7-7-7-5-7-7-6-7-7-7	7-5-6-4-5-6-6-6-7-6-8-6	9-5-7-7-5-5-7-7-7-6-2-6	9-6-6-5-7-6-6-7-8-8-9-7	6-2-7-6-6-5-8-7-7-6-9-6	6-6-7-6-7-7-6-5-8-6-2-3	9-6-9-7-5-6-7-7-5-5-5-7	8-7-7-6-9-5-7-7-5-6-7-7	7-4-5-5-9-8-2-8-6-7-9-9
180	7	8-7-9-7-6-8-6-6-6-6-6-7	6-6-6-8-6-6-8-7-6-6-8-8	7-8-8-5-8-6-8-6-8-6-7-8	8-8-6-8-8-8-8-8-8-6-8-6	8-6-8-8-5-8-8-8-6-6-8-8	7-8-8-6-5-5-8-8-6-7-3-8	8-8-7-5-6-7-6-8-6-6-8-8	6-8-5-8-8-5-9-8-5-6-8-6	6-6-6-8-8-6-6-8-6-6-8-9	9-8-6-6-8-8-8-6-6-5-5-8	6-6-7-6-6-5-6-6-6-8-6-6	6-4-6-5-9-6-7-3-8-6-6-8
180	8	7-7-6-7-6-9-7-6-6-6-7-9	7-6-6-7-6-6-7-7-7-6-7-7	9-7-7-6-7-7-7-6-7-7-8-7	7-7-5-7-7-7-9-7-7-6-7-5	7-5-7-7-8-7-7-7-8-6-7-7	7-7-7-6-8-7-7-7-8-8-3-7	7-7-6-5-8-8-4-7-6-6-7-7	8-7-5-7-7-5-6-7-8-6-7-8	6-8-7-7-7-6-5-7-6-4-7-2	6-7-5-3-7-7-7-6-9-5-5-7	6-8-6-4-8-5-5-5-5-7-6-8	5-4-8-5-6-6-7-6-6-0-6-7
180	9	9-7-7-7-6-8-6-9-7-6-6-8	6-6-9-7-9-6-8-7-7-9-7-7	9-8-7-6-9-6-7-6-7-9-7-9	7-9-6-7-9-9-8-9-6-9-9-5	6-5-9-9-9-9-8-9-9-9-7-7	6-9-7-8-9-7-9-6-9-9-9-8	6-9-9-6-8-9-9-7-9-9-7-6	9-7-2-8-9-7-7-7-2-5-6-6	8-9-6-8-7-9-9-8-4-7-7-7	6-8-9-6-9-7-7-9-8-9-6-9	6-6-1-9-6-5-8-6-6-6-9-9	6-6-8-6-6-9-9-9-9-9-6-6
181	0	0-0-0-0-0-0-0-0-0-0-0-0	0-0-0-0-0-0-0-0-0-0-0-0	0-0-0-0-0-0-0-0-0-0-0-0	0-0-0-0-0-0-0-0-0-0-0-0	0-0-0-0-0-0-0-0-0-0-0-0	0-0-0-0-0-0-0-0-0-0-0-0	0-0-0-0-0-0-0-0-0-0-0-0	0-0-0-0-0-0-0-0-0-0-0-0	0-0-0-0-0-0-0-0-0-0-0-0	0-0-0-0-0-0-0-0-0-0-0-0	0-0-0-0-0-0-0-0-0-0-0-0	0-0-0-0-0-0-0-0-0-0-0-0
181	1	0-1-0-1-1-1-1-1-1-0-1-1	0-2-2-0-0-0-0-1-0-0-0-0	0-1-0-0-0-0-2-2-0-0-2-0	0-0-0-0-0-0-2-0-1-2-2-0	1-0-1-0-0-2-2-0-1-2-2-0	0-0-0-0-0-0-2-0-1-1-1-2	1-2-2-0-2-0-0-0-1-0-0-2	2-1-0-1-1-0-2-2-0-1-0-0	1-0-2-0-1-0-1-2-4-0-0-1	0-1-1-2-1-0-0-1-0-0-1-0	4-0-9-1-0-0-0-0-0-0-1-1	1-1-0-0-0-1-0-0-0-0-0-0
181	2	2-1-2-2-2-1-2-2-2-2-2-2	3-1-1-4-0-3-4-3-0-3-3-3	2-3-3-4-3-0-3-1-0-3-1-3	3-3-3-3-4-3-1-8-2-1-1-4	4-0-3-3-0-3-3-3-1-1-3-3	3-3-3-0-2-4-3-4-1-1-1-3	3-1-1-0-3-0-3-3-2-2-3-1	1-2-3-3-2-0-1-9-2-1-0-0	2-0-3-3-9-3-0-3-3-2-2-1	3-3-1-1-3-2-3-1-3-3-3-2	3-2-1-1-0-2-0-0-3-3-3-0	0-2-2-0-0-2-3-0-2-2-2-2
181	3	3-3-2-3-3-3-3-3-2-2-3-3	2-5-4-2-1-2-2-4-0-2-2-2	4-2-2-2-2-4-4-5-4-4-4-2	2-4-4-2-2-2-4-2-4-3-4-0	2-0-2-2-0-4-4-2-4-3-2-2	2-2-4-0-3-2-4-3-6-3-3-2	2-2-3-3-2-0-4-2-1-3-2-2	3-4-2-4-2-2-8-0-2-1-0-0	3-0-2-2-3-2-3-2-4-3-4-4	2-4-9-4-2-2-2-4-2-2-4-2	3-4-4-3-8-2-4-4-2-2-2-3	0-2-2-3-0-3-2-0-2-2-3-3
181	4	4-3-4-4-3-4-3-5-4-4-4-4	4-3-3-2-5-4-2-3-0-4-5-5	3-5-5-2-2-3-3-4-3-5-3-4	2-4-5-5-2-2-3-2-5-5-3-2	2-0-2-4-6-3-3-4-5-4-5-2	4-4-3-0-4-2-5-2-3-4-3-2	4-9-1-4-2-0-8-4-4-3-2-2	3-3-4-3-2-5-5-2-2-5-3-0	3-5-3-2-4-4-9-5-9-8-3-3	2-4-5-5-5-2-3-3-3-4-3-2	3-3-4-4-5-4-4-3-0-4-5-4	4-5-2-4-0-4-2-5-4-8-3-4
181	5	6-5-6-5-5-4-5-6-6-5-6-6	5-3-3-6-6-6-6-5-6-6-5-5	5-6-6-6-4-6-5-6-6-4-6-5	5-5-4-4-2-6-6-7-4-4-6-5	5-5-7-4-7-3-5-5-4-5-4-5	5-4-3-8-4-6-4-2-1-3-3-5	5-3-1-8-5-5-3-4-3-9-5-8	3-5-8-6-6-4-4-4-7-4-5-6	5-4-7-6-2-5-8-4-6-6-2-4	5-7-8-6-4-7-3-4-7-7-6-2	7-3-6-4-4-9-5-8-6-6-6-5	5-6-5-6-7-5-6-5-4-4-5-5
181	6	7-6-7-7-7-7-7-8-7-7-7-6	7-3-7-5-7-8-7-6-7-7-6-7	6-7-7-9-6-7-7-7-7-7-7-6	7-6-7-6-6-6-7-6-8-7-7-5	8-5-5-8-8-6-6-6-7-8-8-6	7-7-7-5-4-5-7-7-1-6-3-7	7-7-6-5-7-6-7-7-7-6-9-7	7-5-7-5-6-8-6-8-5-8-6-6	7-6-9-6-8-8-7-7-8-5-6-4	6-5-6-5-7-9-7-6-5-7-5-7	5-9-5-6-7-5-6-6-5-6-7-6	6-5-6-5-5-7-5-9-5-4-7-6
181	7	6-6-6-6-6-6-6-6-6-6-6-6	6-6-6-5-6-6-6-7-6-6-6-6	7-8-6-6-8-6-8-6-6-6-6-7	8-6-6-8-8-8-6-5-6-6-8-5	8-5-5-8-5-6-8-8-6-6-6-8	6-6-8-7-4-6-8-7-1-7-3-8	8-6-6-5-6-6-6-8-6-6-8-6	6-8-6-8-8-6-9-8-5-5-8-6	6-6-6-8-8-6-5-6-6-5-8-4	6-8-7-5-8-8-8-7-5-5-8-7	8-6-8-6-6-5-6-6-8-8-6-7	6-8-6-5-5-8-8-6-5-4-8-8
181	8	6-9-6-6-6-9-6-6-6-6-6-9	6-6-6-5-6-6-7-6-6-7-6-6	6-7-7-6-7-7-7-6-6-7-8-7	7-8-8-7-7-7-9-2-6-4-7-5	7-5-7-7-8-7-9-7-8-6-6-7	7-6-7-5-8-5-7-7-8-8-8-8	9-4-8-5-7-8-4-7-8-6-7-7	8-7-6-7-7-6-3-6-5-6-7-8	8-8-8-7-7-6-5-7-6-6-7-4	5-7-5-5-7-7-7-7-9-5-8-2	7-8-8-4-3-5-8-5-5-7-6-8	7-7-9-5-5-7-7-6-7-4-7-7
181	9	9-8-6-6-6-8-6-9-6-6-6-8	6-9-9-5-9-6-7-6-7-9-6-7	9-8-7-6-9-9-7-8-6-9-8-9	8-9-6-9-9-9-8-9-8-9-9-5	6-5-9-9-9-9-8-9-9-9-6-9	6-9-9-8-9-6-9-9-9-9-9-8	8-9-9-5-6-9-9-8-9-9-7-6	9-9-4-8-9-9-7-2-8-6-5-6	7-8-9-8-2-9-9-7-9-6-7-1	5-9-9-9-9-6-9-8-8-9-4-9	6-6-1-9-6-5-8-6-9-9-9-9	6-8-8-5-7-9-9-6-9-9-4-9
182	0	0-0-0-0-0-0-0-0-0-0-0-0	0-0-0-0-0-0-0-0-0-0-0-0	0-0-0-0-0-0-0-0-0-0-0-0	0-0-0-0-0-0-0-0-0-0-0-0	0-0-0-0-0-0-0-0-0-0-0-0	0-0-0-0-0-0-0-0-0-0-0-0	0-0-0-0-0-0-0-0-0-0-0-0	0-0-0-0-0-0-0-0-0-0-0-0	0-0-0-0-0-0-0-0-0-0-0-0	0-0-0-0-0-0-0-0-0-0-0-0	0-0-0-0-0-0-0-0-0-0-0-0	0-0-0-0-0-0-0-0-0-0-0-0
182	1	1-1-1-1-1-1-1-1-1-1-1-1	0-2-1-0-0-1-0-1-0-1-0-2	1-1-0-0-0-1-2-2-0-0-2-3	0-0-0-0-1-0-0-0-1-2-2-1	1-0-1-0-0-1-2-0-1-2-2-1	4-2-0-0-0-0-2-0-2-1-4-2	2-2-1-0-0-0-1-0-1-1-0-1	1-1-0-1-1-0-1-2-0-1-0-0	1-0-0-0-1-0-1-2-0-5-1-2	0-1-4-2-1-0-2-1-0-0-1-1	1-0-7-3-1-0-0-0-0-0-1-1	1-1-0-2-0-1-1-0-0-0-1-2
182	2	2-1-2-2-2-1-2-2-2-2-2-1	3-1-1-2-0-2-3-5-0-3-3-3	5-3-5-5-3-3-3-1-0-3-3-2	3-3-3-3-3-3-1-5-3-1-1-5	3-0-3-3-0-1-3-3-1-1-3-3	1-4-3-2-2-4-3-4-1-1-0-4	1-1-1-0-3-2-2-3-2-2-6-3	1-4-6-3-2-0-7-7-2-1-0-0	0-0-0-3-4-2-0-3-1-2-4-3	7-4-0-1-3-2-1-1-3-3-3-4	0-2-1-1-0-2-0-0-6-3-3-1	0-3-2-1-0-0-3-0-0-2-2-2
182	3	3-4-2-1-3-3-3-1-3-3-4-4	2-4-4-2-4-4-2-4-4-4-4-4	2-2-5-3-2-3-4-4-4-2-4-1	2-2-4-2-2-2-5-2-4-1-4-0	2-0-2-2-4-3-4-2-3-3-2-2	1-2-4-0-3-2-4-3-3-3-5-2	2-1-4-3-2-3-4-2-3-3-2-2	3-7-7-2-2-4-5-4-2-3-0-3	3-0-5-2-3-3-3-2-4-3-2-2	0-3-1-4-2-2-4-4-2-4-2-2	6-2-3-5-4-2-0-6-4-2-2-1	4-2-2-3-3-6-2-0-0-2-3-3
182	4	4-3-4-5-4-3-4-4-4-5-4-4	4-3-3-2-3-3-2-3-5-5-5-5	6-5-6-2-4-5-3-5-3-2-3-4	5-4-5-5-2-2-4-2-3-1-3-7	2-5-2-4-5-3-5-4-3-4-5-2	1-2-3-4-5-2-3-2-1-1-1-2	5-2-3-5-5-4-3-6-2-2-5-3	5-2-5-3-3-5-3-2-5-4-5-6	5-7-3-2-2-3-5-3-5-4-2-5	5-5-5-7-5-5-3-3-5-3-4-2	5-2-6-3-3-5-4-5-5-5-3-4	5-2-4-3-5-4-3-6-5-3-1-2
182	5	6-5-5-4-6-6-7-5-5-5-5-6	4-3-3-7-6-6-6-6-4-4-7-4	2-6-2-2-5-6-6-4-3-6-5-6	6-4-4-4-6-6-3-2-6-6-6-2	5-4-6-2-4-5-6-5-3-5-4-6	6-5-6-5-4-2-6-6-1-5-3-6	6-6-3-4-4-3-5-6-3-3-4-7	4-6-4-6-6-4-3-6-6-4-4-4	4-0-6-6-6-4-4-6-4-1-6-4	4-6-4-3-6-6-7-3-4-5-6-2	4-2-4-3-6-4-4-4-4-6-3-5	4-3-6-6-4-4-3-4-6-2-6-5
182	6	5-7-5-5-6-7-7-7-7-6-5-7	7-3-3-5-6-7-5-5-4-6-5-7	4-5-4-5-5-5-5-7-4-5-7-5	5-4-6-4-5-5-7-2-5-5-5-7	5-4-5-4-6-5-7-5-3-6-4-5	5-5-5-7-6-2-5-5-6-6-1-5	5-5-6-6-7-6-4-7-6-3-5-5	6-5-2-5-5-6-3-5-5-4-5-4	6-6-5-5-5-4-5-5-4-6-5-3	4-5-6-7-5-5-3-7-7-5-5-2	3-6-4-3-3-4-4-5-6-6-6-6	7-7-5-5-6-3-3-4-5-4-5-5
182	7	7-6-5-6-7-6-6-7-6-6-4-6	6-7-7-5-7-7-6-7-6-7-5-6	7-7-7-6-7-5-7-6-7-7-6-7	6-7-7-7-7-7-6-7-6-7-5-6	5-4-7-7-6-7-6-7-7-7-6-7	6-7-7-7-7-7-7-7-7-7-7-6	6-7-7-7-6-7-7-7-7-7-1-5	7-7-7-6-7-4-2-5-5-4-6-4	0-6-7-6-5-7-7-5-7-4-5-1	2-4-7-7-7-5-7-6-6-7-5-7	4-2-1-6-3-4-4-4-4-6-7-7	7-6-6-3-4-7-7-4-7-7-5-7
183	0	0-0-0-0-0-0-0-0-0-0-0-0	0-0-0-0-0-0-0-0-0-0-0-0	0-0-0-0-0-0-0-0-0-0-0-0	0-0-0-0-0-0-0-0-0-0-0-0	0-0-0-0-0-0-0-0-0-0-0-0	0-0-0-0-0-0-0-0-0-0-0-0	0-0-0-0-0-0-0-0-0-0-0-0	0-0-0-0-0-0-0-0-0-0-0-0	0-0-0-0-0-0-0-0-0-0-0-0	0-0-0-0-0-0-0-0-0-0-0-0	0-0-0-0-0-0-0-0-0-0-0-0	0-0-0-0-0-0-0-0-0-0-0-0
183	1	1-1-1-2-1-1-1-1-1-1-1-2	2-2-1-0-2-2-0-2-0-0-0-2	2-2-1-3-2-2-2-2-0-2-2-2	2-0-2-2-0-0-2-2-1-2-2-2	3-0-1-3-0-1-2-1-1-2-3-1	4-0-0-0-0-0-1-0-2-1-1-1	2-2-1-1-2-1-0-0-1-5-1-0	0-0-0-1-1-0-2-0-0-1-0-1	4-0-0-0-1-2-0-2-2-0-1-1	1-4-3-2-1-1-2-3-0-4-0-1	2-2-8-0-8-1-1-1-4-1-2-1	1-1-1-1-1-4-1-0-0-0-1-1
183	2	2-1-2-3-1-1-1-1-1-1-1-1	1-1-1-2-1-1-3-1-0-2-0-1	1-3-1-5-1-1-3-1-1-1-1-1	3-0-1-1-3-3-1-7-1-1-1-1	3-0-3-5-0-2-3-3-1-1-1-3	3-4-3-2-2-4-3-4-1-1-0-3	3-1-1-2-3-0-3-3-0-1-3-3	0-2-0-3-3-0-1-8-2-1-0-0	2-0-0-3-4-1-3-3-1-2-3-1	3-0-2-1-3-2-3-1-3-0-3-4	4-4-1-0-0-4-2-0-1-3-1-1	0-2-2-3-0-0-3-0-5-2-2-1
183	3	3-3-2-2-5-3-3-6-1-1-2-3	2-3-3-2-4-1-2-4-1-3-2-4	1-2-1-1-2-1-4-6-1-2-4-2	2-3-4-3-2-2-4-1-4-3-4-1	1-0-2-5-0-3-4-2-3-3-1-2	2-2-4-0-3-2-4-5-3-3-6-3	2-4-3-5-2-3-4-2-3-1-2-4	5-4-4-2-2-4-5-1-2-5-0-0	3-0-0-2-5-5-2-2-4-3-2-5	4-5-3-1-2-5-2-4-2-4-4-2	5-3-1-3-8-2-3-0-5-2-4-3	1-2-2-2-0-0-4-0-0-5-3-3
183	4	5-5-8-5-3-4-4-7-4-4-6-6	4-3-3-4-3-6-5-3-6-4-5-5	7-5-5-2-4-7-3-5-6-6-3-4	5-5-5-5-2-2-3-2-3-5-3-7	1-4-2-3-6-3-5-4-4-4-1-4	1-2-3-4-5-7-3-2-3-3-3-2	4-3-3-4-5-4-3-5-3-1-2-3	1-3-6-3-2-6-3-2-2-4-4-7	6-0-5-2-2-4-6-2-3-4-3-3	4-8-5-5-2-3-3-3-5-5-3-2	5-2-5-3-6-6-5-6-6-3-3-4	4-2-6-4-6-1-3-4-8-7-3-3
183	5	6-5-5-6-3-4-5-7-5-4-8-6	6-3-3-6-7-4-7-7-6-6-4-4	6-4-4-2-6-6-6-4-7-6-6-6	6-4-6-7-7-7-4-7-6-4-5-6	7-4-3-7-5-5-6-6-5-7-7-7	6-6-6-7-4-8-6-6-3-5-3-7	3-5-3-3-6-0-3-6-1-1-7-7	3-6-3-6-6-4-3-7-7-3-7-4	4-0-4-6-7-6-4-6-4-6-5-3	4-7-4-4-6-3-6-8-6-4-6-5	4-6-4-3-4-4-4-4-1-7-6-5	1-7-4-5-7-5-5-4-2-3-3-3
183	6	5-8-5-8-7-6-6-8-6-4-5-5	5-7-7-5-7-7-5-5-5-5-5-5	5-5-5-5-5-5-7-4-5-5-7-5	5-4-5-5-5-5-7-2-5-7-5-5	5-5-3-7-4-7-7-5-7-5-5-5	5-5-5-5-6-5-5-5-6-6-3-5	7-5-7-8-5-4-7-7-6-6-5-5	3-5-4-5-5-4-7-5-2-6-5-4	4-0-7-5-6-6-4-5-7-5-5-3	4-5-6-8-7-4-5-7-5-7-5-5	7-5-7-6-4-4-4-4-4-5-5-6	7-5-4-5-4-0-2-4-7-3-7-7
183	7	5-8-5-5-7-8-8-8-8-7-7-8	8-6-6-5-7-6-5-5-8-5-4-8	4-5-4-8-5-5-6-4-5-7-6-5	5-4-7-5-5-5-8-5-6-6-5-8	5-4-5-6-7-6-6-5-6-5-5-5	8-7-5-5-7-4-8-5-7-7-3-5	8-8-6-7-8-7-6-6-7-6-5-5	7-6-5-6-5-4-8-5-5-6-5-4	4-7-6-7-5-5-4-8-8-7-5-3	4-5-7-0-6-3-5-6-8-6-7-5	6-7-6-3-0-8-4-4-4-5-7-7	6-5-7-7-5-5-3-4-4-4-6-3
183	8	8-6-8-6-8-7-7-8-7-7-5-7	7-6-8-5-8-8-5-5-8-8-7-7	8-8-8-5-8-8-8-7-8-8-7-8	7-8-8-8-8-8-7-8-7-8-8-7	5-4-8-8-8-6-7-8-8-5-1-5	7-8-8-7-8-5-7-8-8-8-8-7	7-8-8-8-5-8-7-7-8-8-5-7	8-6-8-7-8-8-7-2-2-6-7-8	5-7-8-7-5-8-8-7-7-8-5-8	5-4-8-8-8-8-8-8-7-8-7-8	6-8-1-8-3-7-4-4-4-7-8-8	8-5-7-6-2-8-8-4-4-8-2-8
184	0	0-0-0-0-0-0-0-0-0-0-0-0	0-0-0-0-0-0-0-0-0-0-0-0	0-0-0-0-0-0-0-0-0-0-0-0	0-0-0-0-0-0-0-0-0-0-0-0	0-0-0-0-0-0-0-0-0-0-0-0	0-0-0-0-0-0-0-0-0-0-0-0	0-0-0-0-0-0-0-0-0-0-0-0	0-0-0-0-0-0-0-0-0-0-0-0	0-0-0-0-0-0-0-0-0-0-0-0	0-0-0-0-0-0-0-0-0-0-0-0	0-0-0-0-0-0-0-0-0-0-0-0	0-0-0-0-0-0-0-0-0-0-0-0
184	1	1-1-1-1-1-1-1-1-1-1-1-1	0-2-2-0-0-1-0-1-0-1-0-2	0-0-0-1-0-0-2-0-0-0-2-0	0-0-2-0-0-0-2-1-2-2-2-0	0-0-0-0-0-2-2-0-1-0-0-0	2-0-0-0-0-0-2-0-1-1-1-0	0-1-1-0-0-1-2-2-1-1-0-0	1-0-0-0-1-0-1-0-0-1-0-0	1-1-2-0-0-0-4-0-3-0-0-1	0-0-1-2-1-0-0-3-0-4-0-1	2-0-0-2-1-2-0-1-1-0-1-1	2-1-0-0-1-1-0-0-0-1-0-1
184	2	2-1-2-2-1-1-2-1-2-2-2-3	0-1-1-2-2-2-0-3-0-3-3-1	3-3-3-2-2-3-3-1-0-3-1-3	3-0-3-2-3-3-1-2-3-1-3-2	3-0-0-2-0-1-3-3-2-0-0-3	3-3-3-0-2-3-3-3-1-1-2-3	2-2-1-0-3-2-1-3-2-2-2-3	2-2-2-3-2-3-1-9-3-0-0-0	2-0-3-3-9-2-0-3-1-2-5-2	0-2-2-1-3-2-3-1-3-0-2-2	1-2-2-1-3-1-2-2-1-2-3-1	1-2-2-2-0-2-2-1-2-2-2-2
184	3	2-3-2-3-3-3-3-3-3-3-3-2	0-4-3-2-3-3-2-4-3-3-2-4	2-2-2-2-2-2-2-4-4-2-2-2	2-4-3-2-2-2-3-2-4-4-4-0	2-0-0-2-4-3-2-2-3-3-0-4	2-2-2-0-3-2-4-2-3-3-6-2	6-2-1-0-2-3-8-2-2-3-2-2	3-2-4-4-2-2-8-2-2-3-4-4	3-3-2-2-3-2-9-2-1-3-3-3	3-2-3-4-2-6-2-1-2-4-4-3	5-2-4-4-2-4-4-5-6-2-2-3	4-2-2-4-3-3-2-4-6-6-6-6
184	4	5-5-5-5-5-4-4-5-5-4-5-5	5-3-3-5-5-5-5-4-5-5-5-5	4-5-6-5-4-5-4-5-5-3-4-5	5-5-6-4-3-5-4-4-3-3-3-5	4-9-7-4-7-3-4-4-3-4-5-9	4-5-3-4-8-7-3-2-3-3-3-4	7-2-4-4-5-4-3-5-2-4-7-2	3-3-7-3-2-7-5-5-7-8-7-6	7-6-5-2-2-4-7-3-2-4-4-5	5-7-4-3-5-2-5-5-5-5-7-3	7-2-7-3-7-3-7-7-5-7-4-3	7-2-5-3-6-7-4-7-7-5-7-7
184	5	7-4-6-4-6-6-6-7-6-6-6-4	4-6-5-4-6-6-4-6-4-4-4-6	8-4-6-7-6-6-6-6-6-6-7-6	6-4-7-6-2-4-7-8-6-6-5-4	8-4-8-8-4-6-6-5-6-5-8-6	7-8-6-5-8-4-6-8-5-5-3-6	6-6-5-6-6-5-9-4-5-8-9-8	5-2-8-6-5-6-4-8-7-5-4-4	5-4-7-5-6-8-6-6-8-6-2-8	7-5-6-7-6-7-6-8-4-7-4-2	6-8-8-4-9-9-4-5-4-6-6-7	9-6-8-9-7-8-6-6-5-7-5-4
184	6	5-5-5-5-5-5-5-5-5-5-5-4	5-5-5-4-5-5-5-5-5-5-4-5	7-7-5-2-5-5-5-5-5-5-4-5	7-4-5-5-8-7-5-5-5-5-5-5	7-5-5-7-4-5-7-7-5-6-5-8	5-7-7-7-4-4-7-7-5-3-3-7	5-5-5-5-7-6-6-7-5-5-8-7	5-7-5-7-8-5-9-8-6-4-8-4	9-4-5-7-8-5-5-5-5-5-7-5	5-8-5-5-7-5-5-5-7-5-5-5	5-5-5-3-4-5-4-4-3-8-5-7	5-5-5-8-8-5-5-5-5-3-3-3
184	7	5-8-5-5-5-5-5-5-5-5-5-5	5-8-5-4-5-5-4-8-4-5-4-5	6-6-5-5-6-5-8-8-5-5-8-6	6-6-5-5-6-6-5-2-8-5-8-4	6-4-4-6-4-8-8-6-8-6-6-6	5-6-6-6-7-4-6-6-7-7-8-6	4-5-8-4-6-9-8-6-7-7-4-6	8-6-4-6-6-4-8-5-5-7-4-4	4-4-5-6-7-2-4-7-5-7-6-5	5-4-5-5-6-5-6-5-6-5-4-2	4-5-4-5-4-5-4-4-5-4-5-7	4-5-5-8-5-4-6-4-4-5-4-4
184	8	5-7-5-4-5-5-5-5-5-5-5-9	5-7-7-4-5-5-9-7-4-5-4-9	5-6-5-5-6-8-7-7-9-5-7-7	6-8-8-5-6-6-7-5-7-5-7-9	5-4-5-5-8-7-7-6-7-8-5-6	5-5-6-6-5-9-7-5-8-7-7-6	9-5-7-5-9-8-7-7-8-5-6-5	7-6-5-6-6-4-7-5-9-4-6-4	8-4-5-6-6-5-7-8-5-5-6-5	8-8-8-6-6-5-6-5-9-5-8-2	7-5-5-3-5-5-4-5-4-6-5-8	5-5-5-7-6-5-5-4-3-5-7-3
184	9	9-7-9-7-5-5-5-9-5-5-5-8	5-7-9-4-9-5-8-9-9-9-4-8	9-8-9-5-9-9-8-8-8-9-5-9	8-9-9-9-9-9-8-9-8-9-9-4	5-4-9-9-9-9-8-9-9-9-5-4	5-5-9-6-9-8-9-9-9-9-9-9	8-5-9-9-8-7-5-9-9-9-6-5	9-7-2-8-9-4-6-2-8-5-5-4	8-4-9-8-2-2-9-8-5-5-7-3	8-4-9-5-9-5-9-5-8-5-4-9	4-5-5-4-5-5-4-5-5-5-9-9	5-5-5-5-5-9-9-4-9-9-2-5
185	0	0-0-0-0-0-0-0-0-0-0-0-0	0-0-0-0-0-0-0-0-0-0-0-0	0-0-0-0-0-0-0-0-0-0-0-0	0-0-0-0-0-0-0-0-0-0-0-0	0-0-0-0-0-0-0-0-0-0-0-0	0-0-0-0-0-0-0-0-0-0-0-0	0-0-0-0-0-0-0-0-0-0-0-0	0-0-0-0-0-0-0-0-0-0-0-0	0-0-0-0-0-0-0-0-0-0-0-0	0-0-0-0-0-0-0-0-0-0-0-0	0-0-0-0-0-0-0-0-0-0-0-0	0-0-0-0-0-0-0-0-0-0-0-0
185	1	1-1-1-1-1-2-1-1-1-1-2-1	2-2-1-1-2-2-1-2-2-2-2-2	1-2-0-2-2-2-1-2-3-1-3-2	2-1-2-4-1-2-2-2-2-2-1-1	2-1-1-3-1-1-2-1-1-1-4-1	4-2-2-0-0-2-1-2-2-1-0-2	1-2-1-1-1-1-0-2-1-2-1-1	1-1-0-1-1-2-1-1-1-1-0-1	1-1-3-1-2-2-1-1-2-4-1-2	6-1-1-2-0-1-2-1-0-3-2-1	1-8-7-1-1-1-1-1-1-1-2-1	3-1-1-1-1-1-1-3-0-1-1-1
185	2	1-1-1-2-1-1-1-1-1-1-1-1	1-1-1-2-5-1-4-1-1-1-1-1	4-3-0-1-3-1-3-1-1-3-1-3	3-0-1-2-4-3-1-1-1-1-2-1	1-0-5-1-4-3-3-3-1-1-1-3	1-5-3-2-1-1-3-1-1-1-0-2	2-1-1-0-3-2-0-3-1-1-7-4	1-2-3-2-3-1-1-8-2-1-5-0	2-0-1-3-5-1-1-3-1-2-2-1	4-5-1-1-3-2-3-1-3-1-1-5	1-2-1-1-1-1-0-2-0-3-1-1	1-2-3-0-1-1-3-0-2-5-2-5
185	3	1-3-1-3-6-1-1-1-1-1-1-1	1-5-4-2-1-1-2-4-1-1-2-1	4-2-2-1-2-5-4-3-1-2-4-2	2-4-4-1-2-2-1-1-4-3-4-1	1-0-2-6-2-4-4-2-4-3-1-2	1-2-4-0-3-2-4-3-1-3-6-3	2-2-1-5-2-3-5-2-1-3-2-2	3-2-2-4-2-1-4-2-2-7-6-1	4-0-4-2-3-1-0-2-1-3-2-3	2-4-1-4-2-2-5-4-2-1-4-2	4-2-1-3-1-1-0-4-5-2-2-3	1-2-2-3-0-1-2-1-6-2-6-6
185	4	4-3-1-4-3-4-1-1-4-4-1-4	1-3-3-2-2-1-2-6-1-1-5-5	6-4-6-2-5-3-3-6-5-5-3-5	5-5-5-5-2-2-3-1-5-5-3-2	1-6-2-5-6-3-5-4-5-4-6-5	1-4-3-8-4-2-5-2-1-4-4-4	4-1-1-4-2-2-7-5-4-1-2-2	3-2-5-3-2-1-6-5-2-4-8-0	3-0-3-2-4-4-0-5-8-7-3-5	2-6-1-5-5-2-3-5-3-1-3-2	3-2-6-4-5-4-0-3-0-4-1-4	4-5-2-3-1-4-2-1-6-7-3-4
185	5	6-5-4-8-5-4-1-7-6-6-6-5	4-3-3-2-2-1-6-6-6-1-6-4	5-6-7-7-4-6-4-6-7-4-4-4	6-4-7-4-2-6-1-1-4-4-3-6	1-5-8-4-6-3-6-5-5-5-4-5	1-6-3-5-5-7-4-2-5-3-3-5	7-5-1-6-6-5-3-4-5-2-2-2	3-2-4-3-2-6-4-4-6-5-4-5	6-5-6-2-2-7-6-4-4-5-2-6	8-2-5-4-4-2-3-4-6-5-4-2	6-2-4-4-4-8-7-7-3-8-5-5	5-4-5-7-5-5-5-5-4-2-3-2
185	6	7-6-8-6-3-4-8-7-5-5-6-5	7-3-3-7-7-1-5-5-7-7-7-7	5-7-5-8-7-7-7-7-4-7-7-7	5-5-5-7-7-7-7-7-7-4-7-5	7-5-5-7-5-6-7-7-6-6-4-7	7-5-7-6-5-8-7-7-6-6-3-6	5-7-3-5-5-6-4-7-6-8-2-6	3-7-7-7-7-5-4-7-5-5-7-0	5-0-5-7-7-5-5-7-1-4-7-5	5-4-5-5-7-7-5-4-5-7-1-7	5-5-4-4-8-5-5-5-0-7-5-6	5-2-5-5-7-5-7-5-4-4-3-3
185	7	6-8-6-6-5-8-8-8-8-7-5-8	6-3-7-6-8-1-6-5-8-6-6-6	5-6-7-8-6-6-6-6-5-6-7-6	8-7-5-6-6-6-8-6-6-5-6-5	6-5-5-6-7-6-8-6-7-5-5-6	6-6-6-8-7-5-6-6-7-7-7-6	5-6-1-7-7-7-4-6-7-6-2-6	7-6-6-6-6-5-4-6-5-4-6-7	7-7-6-6-6-5-5-6-4-5-6-5	6-6-7-3-6-2-5-1-8-5-7-6	7-7-1-4-4-4-5-5-7-6-5-7	5-8-5-5-7-5-6-5-3-4-3-3
185	8	8-7-6-5-8-7-7-8-7-5-6-7	7-8-8-6-8-8-6-6-8-8-6-7	8-8-8-7-8-8-8-7-8-8-7-8	7-8-8-8-8-8-7-8-6-8-8-7	6-5-5-8-8-8-7-8-8-8-2-4	8-8-8-7-8-8-8-8-8-8-8-7	5-8-8-8-7-8-8-6-8-6-5-8	8-8-6-7-8-8-6-2-2-5-4-8	7-7-8-8-6-8-8-6-4-2-6-4	5-8-8-8-2-6-8-8-7-8-8-8	4-1-8-8-5-5-8-5-8-5-8-8	5-7-5-8-5-8-8-5-8-8-4-8
186	0	0-0-0-0-0-0-0-0-0-0-0-0	0-0-0-0-0-0-0-0-0-0-0-0	0-0-0-0-0-0-0-0-0-0-0-0	0-0-0-0-0-0-0-0-0-0-0-0	0-0-0-0-0-0-0-0-0-0-0-0	0-0-0-0-0-0-0-0-0-0-0-0	0-0-0-0-0-0-0-0-0-0-0-0	0-0-0-0-0-0-0-0-0-0-0-0	0-0-0-0-0-0-0-0-0-0-0-0	0-0-0-0-0-0-0-0-0-0-0-0	0-0-0-0-0-0-0-0-0-0-0-0	0-0-0-0-0-0-0-0-0-0-0-0
186	1	1-1-1-1-1-1-1-1-1-1-1-1	0-2-1-0-0-2-0-2-1-1-0-0	2-1-0-1-2-0-2-2-0-0-2-2	0-0-0-0-0-0-0-2-2-2-2-1	0-0-1-0-0-1-2-0-1-0-0-1	0-2-0-0-0-0-2-0-2-1-0-0	2-2-1-0-0-1-0-0-1-1-0-0	2-1-0-0-1-0-1-0-0-1-0-0	1-0-0-0-3-0-1-0-0-1-0-0	0-1-0-0-0-0-0-1-0-0-0-1	0-1-0-1-1-0-0-0-2-0-0-3	1-1-0-1-1-1-0-0-0-0-1-1
186	2	2-1-3-1-1-1-2-1-2-2-2-1	3-1-1-4-0-3-4-1-1-3-3-3	1-3-5-5-3-3-3-1-3-3-1-1	3-3-4-3-4-3-3-4-3-1-4-4	4-0-3-3-4-3-3-3-2-2-3-3	3-1-3-2-2-4-3-4-1-1-0-4	1-1-1-0-3-0-3-3-1-4-4-3	1-4-2-3-5-0-2-4-2-0-4-0	0-0-3-3-5-3-0-3-1-2-4-2	0-4-0-1-3-3-3-2-3-0-0-2	0-5-0-1-1-2-0-0-1-2-3-2	1-3-2-2-0-2-3-0-2-2-2-2
186	3	3-5-2-3-5-3-3-3-3-2-3-3	2-5-4-2-1-3-2-4-2-2-2-3	3-2-2-2-2-2-4-5-2-2-4-2	2-2-2-2-2-2-4-2-4-3-4-2	2-0-2-4-2-4-4-2-3-3-2-2	2-2-4-2-3-2-4-2-1-3-8-3	4-5-3-0-2-4-4-2-4-3-0-2	3-2-0-2-2-2-8-2-2-3-5-0	4-0-2-2-1-2-0-4-4-3-2-4	0-4-6-4-2-2-2-3-2-3-4-2	4-4-4-3-1-2-0-6-0-2-2-1	1-2-2-3-0-2-2-0-5-0-3-5
186	4	4-3-4-4-3-4-3-5-4-4-4-4	2-3-3-2-5-4-2-5-5-5-5-5	3-2-5-2-5-2-3-5-5-5-3-5	5-5-6-5-2-2-5-2-5-5-3-2	2-0-2-5-2-3-5-2-5-0-6-2	4-4-3-5-4-2-5-2-1-4-3-2	3-1-3-0-2-3-3-5-4-2-2-2	3-2-2-3-2-6-6-2-2-5-9-0	3-5-2-2-4-4-6-5-9-3-2-6	0-3-6-3-5-2-2-5-2-4-5-2	3-3-5-4-5-4-3-5-6-2-2-4	4-5-4-4-0-4-2-0-5-5-3-4
186	5	5-3-5-5-3-4-5-6-6-4-5-6	5-3-3-5-4-4-6-4-6-4-6-4	6-6-6-6-4-6-6-6-4-6-6-4	4-6-4-4-6-6-6-8-4-4-6-7	2-5-5-4-6-3-4-5-4-5-5-5	6-6-3-5-5-5-4-2-4-3-0-5	5-3-3-5-6-5-3-4-3-2-2-4	3-2-2-4-2-4-4-2-8-6-5-5	5-4-6-2-2-5-6-4-4-5-2-4	5-5-5-6-4-5-8-4-5-5-4-5	3-2-4-4-4-5-5-4-5-2-5-5	5-4-5-5-5-4-2-5-4-4-3-5
186	6	6-3-7-7-7-7-7-6-6-7-7-9	7-3-3-7-7-7-5-7-7-7-7-7	6-7-7-7-7-7-5-7-7-7-5-6	7-6-7-8-7-7-7-7-8-7-7-9	8-9-7-5-5-7-7-7-5-8-8-6	7-5-7-6-3-7-7-8-3-6-3-6	3-6-6-6-7-5-8-7-6-8-7-7	7-7-2-7-6-6-4-8-6-5-8-6	5-4-9-7-8-5-5-7-8-6-6-4	5-6-6-7-4-8-7-9-5-8-4-6	6-9-5-3-9-6-5-3-4-2-8-6	9-4-6-5-5-8-8-9-4-4-3-6
186	7	8-8-9-9-6-8-9-8-9-9-6-8	6-8-8-6-8-6-8-8-8-8-8-8	7-6-8-8-8-6-8-6-8-6-8-7	8-8-6-8-8-8-8-6-6-6-8-8	9-6-9-8-8-8-8-8-8-6-7-8	8-8-8-8-4-6-8-8-6-7-8-8	8-8-7-8-8-7-8-6-6-8-8-8	7-8-6-8-8-7-9-6-5-5-8-6	7-7-6-8-8-6-8-8-6-8-8-4	6-8-6-6-8-6-6-8-6-6-8-8	8-6-4-4-7-8-7-3-8-9-6-7	7-8-7-8-8-6-6-8-8-7-8-6
186	8	7-7-7-7-7-7-7-7-7-7-7-9	7-7-7-7-7-7-7-7-7-7-7-7	7-7-7-7-7-8-7-9-7-6-7-6	7-8-8-7-7-7-7-5-6-7-7-7	6-7-7-7-8-7-7-7-8-6-6-7	7-7-7-7-8-9-7-7-8-7-3-7	7-7-7-7-7-8-7-7-8-7-7-7	7-7-2-7-7-8-7-6-9-4-6-8	8-8-6-7-7-6-7-9-6-7-7-4	8-7-8-6-4-6-6-7-9-6-7-7	7-6-6-4-9-7-8-5-7-8-6-8	7-9-6-7-7-6-6-7-7-4-7-5
186	9	9-7-7-7-9-7-7-9-7-7-7-8	7-9-9-7-9-7-7-7-7-9-7-7	9-9-9-7-9-9-8-8-7-9-7-9	7-9-7-7-9-9-7-9-8-9-9-6	7-6-7-9-9-9-8-9-9-9-7-7	8-9-9-7-9-8-9-9-9-9-9-7	8-9-9-9-8-9-9-7-9-6-8-7	9-7-9-8-9-8-7-7-8-5-4-6	8-9-6-9-7-9-9-8-9-7-7-7	6-7-9-9-9-6-9-7-9-9-9-9	9-6-9-9-8-7-9-9-9-7-9-9	7-8-4-9-7-9-9-6-9-9-7-9
187	0	0-0-0-0-0-0-0-0-0-0-0-0	0-0-0-0-0-0-0-0-0-0-0-0	0-0-0-0-0-0-0-0-0-0-0-0	0-0-0-0-0-0-0-0-0-0-0-0	0-0-0-0-0-0-0-0-0-0-0-0	0-0-0-0-0-0-0-0-0-0-0-0	0-0-0-0-0-0-0-0-0-0-0-0	0-0-0-0-0-0-0-0-0-0-0-0	0-0-0-0-0-0-0-0-0-0-0-0	0-0-0-0-0-0-0-0-0-0-0-0	0-0-0-0-0-0-0-0-0-0-0-0	0-0-0-0-0-0-0-0-0-0-0-0
187	1	2-1-2-0-1-0-1-1-1-1-2-1	2-1-0-2-0-2-2-1-0-2-0-2	1-2-2-4-2-2-2-2-2-3-2-1	2-2-0-2-2-2-1-5-1-0-1-0	5-0-3-4-3-1-2-2-1-0-2-3	2-3-2-0-0-3-2-2-1-1-0-2	5-2-0-0-2-0-1-2-0-1-2-2	0-2-4-2-5-0-0-2-5-0-0-1	0-0-2-2-4-4-0-2-0-1-2-1	1-4-0-2-2-2-2-0-2-0-0-4	4-3-0-0-0-0-1-0-4-2-2-5	0-2-1-1-3-3-2-0-3-0-4-3
187	2	1-2-1-2-1-2-1-2-1-1-1-1	1-3-3-1-3-2-1-1-1-1-1-1	0-1-1-1-1-1-3-1-1-4-3-2	1-1-2-1-1-1-4-1-4-2-4-0	1-0-1-1-1-3-3-1-3-2-1-1	1-1-1-0-2-1-3-1-2-2-5-1	1-1-3-1-1-0-4-3-3-2-1-1	2-4-3-1-1-0-4-1-1-5-5-0	2-0-1-1-2-1-2-1-2-7-1-4	3-1-2-3-1-1-3-3-1-3-0-1	2-6-0-2-0-0-3-0-3-1-3-2	0-1-0-2-0-0-1-0-0-0-6-0
187	3	3-4-4-4-3-3-3-6-3-3-3-5	3-2-2-5-2-2-1-4-5-1-5-5	4-3-7-1-4-1-4-4-5-1-4-4	4-4-4-5-1-1-2-1-2-3-2-3	1-4-1-1-1-2-4-3-2-5-5-1	4-1-1-4-4-1-2-1-3-2-0-4	8-1-2-7-4-0-2-4-2-2-6-1	2-2-6-1-1-5-8-1-1-3-4-3	5-0-2-5-1-3-6-2-2-1-1-2	6-1-3-2-4-1-2-2-5-6-6-1	5-1-4-3-0-5-2-6-6-3-2-3	3-2-3-3-6-1-1-3-1-5-3-1
187	4	3-5-3-3-4-4-3-1-4-3-3-8	5-2-2-1-0-3-5-3-3-5-3-3	3-5-5-1-5-5-3-3-5-2-3-3	3-3-3-3-1-5-2-3-2-5-2-7	1-3-1-1-1-2-5-5-2-4-3-5	5-5-1-3-3-1-5-5-4-2-0-5	8-1-2-5-3-5-2-3-4-2-1-1	2-2-5-5-1-6-2-3-1-4-3-3	6-0-6-1-1-1-4-5-5-4-1-2	3-1-4-2-5-1-2-4-3-7-7-1	1-1-3-5-0-3-7-7-5-3-5-4	4-1-4-3-3-1-1-3-4-5-1-1
187	5	4-5-3-3-5-5-5-5-5-3-4-3	4-6-6-3-7-6-4-4-3-4-3-3	4-4-3-1-4-4-6-8-3-6-6-4	4-3-3-3-1-4-6-1-6-4-6-4	1-3-1-1-0-5-6-4-5-5-3-4	4-4-1-4-5-1-4-4-4-5-2-4	6-6-6-4-3-4-2-3-5-7-8-1	5-5-5-4-1-3-6-1-1-7-2-8	3-0-4-3-5-3-3-4-6-5-1-2	3-1-2-2-4-1-4-5-3-5-8-1	8-1-8-8-8-3-2-3-4-3-4-5	7-1-4-3-3-0-8-3-4-7-3-1
187	6	7-5-8-8-6-5-8-7-8-6-6-6	6-5-5-7-7-5-7-7-7-4-7-7	6-7-6-8-7-7-7-7-7-7-5-6	7-7-7-6-7-7-5-6-7-5-7-4	8-3-6-7-0-7-7-6-6-6-6-6	7-8-7-6-6-7-7-7-2-6-2-7	5-5-6-3-7-4-2-8-0-6-7-7	2-6-7-7-7-6-5-8-1-5-7-0	3-0-8-7-8-6-3-7-5-7-7-8	8-7-5-4-7-7-7-6-6-4-3-7	7-2-0-7-7-3-0-3-3-3-5-7	8-7-4-3-3-7-6-0-7-6-7-7
187	7	6-8-6-6-6-8-8-8-8-6-6-8	8-5-5-6-8-7-6-6-8-4-6-6	8-6-3-6-6-6-6-8-6-6-6-6	6-7-6-6-6-6-8-6-6-5-6-8	6-3-6-6-7-6-8-7-7-7-8-6	8-6-6-8-7-6-6-6-7-7-2-6	5-8-8-3-8-7-8-6-7-5-6-6	7-6-6-6-6-7-5-6-7-5-6-7	7-7-6-7-6-6-3-6-5-6-6-2	8-6-7-7-6-6-6-8-7-4-4-6	5-7-8-6-6-3-7-4-3-7-7-6	8-8-7-3-6-6-6-3-6-5-6-6
187	8	8-7-6-6-8-7-7-8-7-6-6-7	7-8-8-6-8-8-6-6-8-8-6-6	8-7-8-6-6-8-8-7-6-8-7-7	7-8-8-8-8-8-7-8-7-8-6-7	6-3-8-8-8-7-7-8-8-7-6-6	7-6-8-7-8-8-7-6-8-8-8-7	3-8-8-8-7-8-8-6-8-8-5-6	8-6-6-7-6-7-8-6-1-3-3-3	5-8-8-7-6-6-8-4-3-6-6-6	6-8-8-4-8-6-6-7-7-8-5-8	5-8-5-7-7-4-7-5-7-8-8-8	7-7-4-5-3-8-8-8-8-8-6-8
188	0	0-0-0-0-0-0-0-0-0-0-0-0	0-0-0-0-0-0-0-0-0-0-0-0	0-0-0-0-0-0-0-0-0-0-0-0	0-0-0-0-0-0-0-0-0-0-0-0	0-0-0-0-0-0-0-0-0-0-0-0	0-0-0-0-0-0-0-0-0-0-0-0	0-0-0-0-0-0-0-0-0-0-0-0	0-0-0-0-0-0-0-0-0-0-0-0	0-0-0-0-0-0-0-0-0-0-0-0	0-0-0-0-0-0-0-0-0-0-0-0	0-0-0-0-0-0-0-0-0-0-0-0	0-0-0-0-0-0-0-0-0-0-0-0
188	1	1-1-1-1-1-1-1-1-1-1-1-1	0-2-1-0-3-1-0-1-0-1-0-2	1-0-0-1-2-0-2-0-0-1-2-2	0-0-2-0-0-0-0-0-2-2-2-0	1-2-1-0-0-2-2-0-2-0-0-0	4-0-2-0-1-0-2-0-4-1-4-0	2-1-1-0-0-0-0-2-1-1-2-1	1-1-0-2-1-4-2-2-0-1-0-0	0-1-0-0-1-1-4-2-1-0-1-0	0-0-1-0-0-1-0-1-0-0-0-0	0-1-6-0-0-0-0-4-4-0-0-1	4-1-0-0-0-1-0-0-0-0-4-3
188	2	3-2-2-2-1-1-2-1-2-2-2-2	3-1-1-3-1-1-0-1-1-2-3-1	1-3-0-3-3-3-3-3-0-3-1-3	3-3-4-4-4-3-3-3-3-1-1-0	5-1-2-3-0-1-3-3-1-2-8-3	3-4-3-2-2-3-3-3-1-2-0-2	1-4-1-0-3-0-2-3-4-1-1-3	4-2-4-3-4-0-1-8-4-0-0-0	0-0-3-4-4-5-0-3-1-2-4-2	0-5-0-1-3-4-0-2-3-0-0-2	0-2-1-0-0-2-0-0-0-2-3-2	1-4-2-5-0-0-3-0-0-0-3-4
188	3	3-4-4-4-3-3-3-3-3-3-3-4	2-4-4-2-1-4-2-4-4-2-2-4	4-2-5-2-2-5-4-5-5-2-4-4	2-4-3-2-2-2-2-2-2-4-4-0	2-0-2-2-2-4-4-2-2-3-0-2	2-2-5-0-3-2-2-2-3-3-7-3	5-2-3-8-2-3-5-2-3-3-2-2	3-3-2-2-2-4-3-2-2-5-6-0	5-0-2-2-3-0-3-2-3-3-2-3	0-2-3-4-4-3-4-6-2-4-0-2	4-2-1-7-5-4-0-0-0-2-2-1	0-2-2-2-0-5-2-0-0-3-2-1
188	4	6-3-5-3-3-3-3-6-4-4-4-5	2-3-3-5-6-3-5-7-5-5-5-3	7-2-6-8-4-4-3-4-6-2-3-3	5-5-5-5-2-5-4-2-3-3-3-8	2-5-2-6-6-3-5-5-7-4-4-5	5-2-3-5-6-8-3-2-1-1-1-2	5-2-3-5-5-0-2-5-2-3-1-2	6-2-2-2-2-5-1-5-2-4-5-6	6-8-4-2-2-0-5-5-2-4-2-4	6-2-4-3-6-2-3-3-5-6-6-2	6-1-5-3-5-6-4-8-6-2-2-4	1-2-4-2-5-4-2-4-5-5-1-2
188	5	5-5-4-5-5-5-5-5-5-5-4-4	2-6-6-4-4-5-4-6-4-4-4-6	4-5-4-4-6-6-6-3-4-6-6-6	4-4-4-4-2-4-6-2-6-7-6-4	2-4-3-4-4-6-6-4-6-5-0-2	4-2-3-4-4-4-6-2-5-5-3-5	6-6-3-4-4-5-3-4-5-5-8-6	5-2-2-3-2-4-6-5-2-5-4-4	4-0-4-2-5-6-4-4-7-5-2-3	4-2-6-6-5-2-6-5-4-5-8-2	4-6-4-5-3-4-4-7-4-2-6-2	7-2-4-2-4-3-2-4-4-4-5-2
188	6	4-5-7-8-5-5-7-6-6-8-7-8	6-5-5-4-4-7-7-8-7-7-7-7	4-7-7-7-7-6-5-7-7-7-5-7	7-7-8-7-7-7-5-7-7-5-7-6	6-4-7-7-4-7-7-7-5-6-7-7	5-7-7-6-4-4-7-7-5-5-3-7	5-5-3-4-5-6-3-7-5-5-7-5	4-7-4-7-7-4-5-6-6-4-7-4	4-8-2-7-6-5-4-7-5-5-7-2	4-7-6-5-7-6-7-3-4-4-7-2	4-5-1-5-4-4-4-4-4-7-5-6	5-7-6-7-7-7-7-4-7-4-8-7
188	7	6-8-6-7-6-8-8-8-8-6-6-8	8-5-5-4-7-6-6-6-6-6-6-8	4-6-6-8-6-4-6-6-6-6-7-6	6-6-7-6-6-6-8-6-6-5-6-8	6-4-6-6-7-6-8-6-7-7-6-6	8-6-6-8-7-8-6-7-7-7-3-7	6-5-3-7-7-7-7-6-7-5-6-5	7-6-2-6-6-5-5-6-6-5-6-4	7-7-7-6-7-0-4-6-5-5-6-2	6-6-7-5-6-2-6-8-8-5-6-2	6-7-4-3-7-4-4-7-4-6-5-7	5-6-6-6-6-6-6-4-6-4-6-6
188	8	8-7-8-6-8-7-7-8-7-6-6-7	7-8-8-4-8-8-7-8-8-8-6-7	8-8-8-7-8-8-8-7-8-8-7-8	6-8-8-8-8-8-7-8-6-8-8-7	6-4-8-8-8-8-7-8-8-8-2-6	8-8-8-7-8-4-8-8-8-8-8-7	7-8-8-8-8-8-8-8-8-8-5-5	8-8-8-7-8-8-6-2-6-5-5-8	0-6-8-7-2-8-8-6-8-8-6-6	6-0-8-8-8-2-8-8-7-8-5-8	4-8-0-8-1-5-4-4-4-5-8-8	8-7-7-8-8-8-8-4-8-8-6-8
189	0	0-0-0-0-0-0-0-0-0-0-0-0	0-0-0-0-0-0-0-0-0-0-0-0	0-0-0-0-0-0-0-0-0-0-0-0	0-0-0-0-0-0-0-0-0-0-0-0	0-0-0-0-0-0-0-0-0-0-0-0	0-0-0-0-0-0-0-0-0-0-0-0	0-0-0-0-0-0-0-0-0-0-0-0	0-0-0-0-0-0-0-0-0-0-0-0	0-0-0-0-0-0-0-0-0-0-0-0	0-0-0-0-0-0-0-0-0-0-0-0	0-0-0-0-0-0-0-0-0-0-0-0	0-0-0-0-0-0-0-0-0-0-0-0
189	1	1-0-1-1-1-1-1-1-1-1-1-2	1-1-0-1-0-1-1-0-2-1-2-0	4-2-1-0-0-0-2-0-0-0-0-1	1-1-2-1-1-2-0-1-1-0-2-4	0-1-5-1-3-0-0-1-0-0-0-1	1-1-0-1-1-0-2-0-0-0-0-0	0-0-0-4-0-0-0-1-0-1-0-0	0-0-0-2-1-1-0-0-0-1-1-0	1-1-0-0-0-0-1-1-0-1-1-0	1-1-1-0-0-2-0-0-1-1-4-0	4-0-1-0-1-1-1-1-0-1-2-1	1-0-1-4-1-0-0-1-1-0-1-0
189	2	2-2-2-2-2-2-2-2-2-2-2-4	2-3-3-1-3-3-3-2-3-2-3-3	2-3-3-4-4-3-2-3-3-3-3-2	3-3-3-2-3-3-3-1-3-3-3-2	3-3-2-5-5-2-2-2-3-3-7-2	2-1-3-3-3-3-3-3-3-2-0-3	5-2-2-2-3-0-3-3-6-7-3-3	2-2-3-1-2-6-3-0-0-3-3-3	2-5-2-2-3-2-1-3-3-2-2-4	2-2-2-2-3-2-3-2-2-3-2-2	2-8-5-2-2-2-3-2-2-2-7-2	2-2-2-1-1-7-5-2-2-2-2-2
189	3	3-3-2-3-2-2-2-3-4-5-2-3	4-2-2-4-2-2-4-3-2-2-4-2	3-4-4-5-3-2-4-2-2-4-2-3	4-2-2-4-4-4-4-4-2-2-4-1	2-2-4-3-4-4-4-4-2-2-8-4	4-4-4-4-2-5-4-4-2-0-0-4	4-4-6-1-4-0-2-4-5-5-4-2	2-5-8-4-4-2-2-8-4-2-7-2	2-2-4-5-5-2-1-4-2-2-5-3	2-4-2-2-4-5-4-2-4-2-2-5	2-2-7-2-2-2-2-2-2-4-4-2	2-4-4-1-4-2-4-2-7-3-4-5
189	4	2-4-3-3-3-2-2-2-3-3-3-2	3-5-5-3-2-2-3-4-3-3-3-3	1-3-3-2-2-2-5-3-3-3-5-5	3-3-5-3-3-3-3-3-5-5-5-1	2-2-3-2-3-5-5-3-5-2-2-3	3-3-5-3-4-3-5-3-4-4-6-3	3-3-5-1-3-4-6-3-4-0-3-2	6-5-2-3-3-1-6-3-3-0-3-2	0-1-3-3-4-2-1-3-2-4-3-2	2-3-0-2-3-2-3-5-3-2-1-3	1-3-6-2-8-3-3-1-1-3-3-4	2-3-3-1-3-4-3-2-2-5-3-6
189	5	3-4-3-6-2-4-3-2-3-3-3-7	3-4-4-3-2-2-3-6-2-3-3-6	6-6-6-3-5-2-4-6-3-6-4-6	6-5-4-6-3-3-6-5-4-4-4-1	2-5-1-6-6-4-6-6-6-5-2-3	2-3-4-5-6-3-4-3-4-0-0-6	2-3-4-7-6-6-4-6-2-3-6-2	6-4-6-3-3-6-2-3-6-2-6-7	6-2-2-3-3-2-6-6-7-4-3-4	6-6-5-8-6-3-4-4-6-6-6-3	6-2-2-2-4-6-6-6-6-6-5-6	6-3-3-5-6-6-2-6-6-6-3-3
189	6	6-8-8-3-2-4-6-6-6-6-7-3	6-4-4-7-2-2-7-7-2-7-8-5	6-5-5-3-7-6-7-5-5-7-5-7	5-5-5-5-3-7-5-3-7-4-7-1	7-5-2-5-5-6-7-7-5-5-7-7	7-5-7-6-5-3-7-3-4-6-4-7	8-3-3-5-5-6-4-5-2-8-7-6	5-7-5-7-7-2-8-7-5-2-5-5	5-2-7-7-7-5-5-5-5-7-7-4	5-7-2-7-5-7-7-4-5-5-5-6	5-6-4-0-2-5-5-5-5-5-5-5	5-4-5-7-7-5-7-5-5-5-7-4
189	7	6-8-6-3-7-8-6-8-8-3-6-8	6-4-4-6-2-8-8-6-8-6-8-6	6-6-5-2-6-7-6-6-8-6-7-6	6-7-7-6-6-6-4-3-6-7-6-1	6-5-3-5-7-6-6-6-7-7-2-6	6-0-6-6-7-3-6-3-7-7-0-6	8-3-0-8-6-7-4-6-7-2-6-2	7-6-5-6-6-8-4-6-8-2-6-5	7-7-7-6-6-3-7-5-5-6-6-0	5-6-2-5-6-6-6-4-8-5-5-3	6-2-3-2-4-8-5-1-6-7-2-5	8-7-6-6-6-2-6-2-3-5-6-2
189	8	8-7-6-6-8-7-6-8-7-6-6-7	6-8-8-6-8-8-7-8-8-8-6-8	8-8-8-8-8-8-7-8-7-8-8-8	7-8-7-8-8-8-4-8-8-8-8-5	2-5-8-8-8-8-7-8-8-8-3-3	8-8-8-7-8-7-8-8-8-8-8-8	7-8-8-7-6-8-8-8-8-8-6-6	8-8-3-8-8-7-6-3-7-8-3-5	7-8-7-8-6-8-8-5-8-4-6-0	5-8-8-8-8-3-8-7-8-8-5-8	5-2-4-8-4-7-5-5-8-5-8-8	7-4-3-2-7-8-8-2-8-8-3-8
190	0	0-0-0-0-0-0-0-0-0-0-0-0	0-0-0-0-0-0-0-0-0-0-0-0	0-0-0-0-0-0-0-0-0-0-0-0	0-0-0-0-0-0-0-0-0-0-0-0	0-0-0-0-0-0-0-0-0-0-0-0	0-0-0-0-0-0-0-0-0-0-0-0	0-0-0-0-0-0-0-0-0-0-0-0	0-0-0-0-0-0-0-0-0-0-0-0	0-0-0-0-0-0-0-0-0-0-0-0	0-0-0-0-0-0-0-0-0-0-0-0	0-0-0-0-0-0-0-0-0-0-0-0	0-0-0-0-0-0-0-0-0-0-0-0
190	1	1-1-2-2-1-1-1-2-1-1-2-2	2-2-1-0-0-2-0-2-0-2-0-3	1-2-0-1-2-2-2-3-2-2-3-2	2-1-2-2-1-0-2-2-1-1-2-1	2-2-1-2-1-1-2-1-1-2-2-0	4-0-2-0-2-0-1-0-1-1-0-1	2-1-1-1-2-1-0-2-1-1-1-1	1-1-0-2-1-0-2-3-1-1-2-1	1-0-2-0-1-1-4-2-2-0-1-1	4-4-2-2-1-0-2-2-0-0-0-1	1-2-0-2-0-1-1-1-2-1-1-1	2-1-1-1-1-1-1-3-4-4-1-1
190	2	1-1-1-1-1-1-2-1-1-1-1-2	3-1-1-3-1-1-3-1-1-1-3-1	1-3-0-4-1-1-1-1-1-1-1-1	3-0-1-1-3-3-1-1-3-1-4-0	3-1-4-1-0-3-3-3-1-1-1-3	3-0-3-2-2-0-3-2-1-1-0-4	1-4-1-0-3-2-3-3-1-2-5-2	1-4-4-3-3-0-8-2-2-0-1-0	2-0-3-4-4-3-1-3-1-2-4-1	2-4-1-1-4-2-3-1-3-0-0-2	1-2-1-1-2-2-1-1-1-2-2-2	1-3-2-2-0-2-3-1-2-2-2-4
190	3	4-4-3-2-4-3-3-3-1-1-4-4	2-4-4-2-1-1-2-4-0-3-4-4	4-2-1-2-2-2-4-1-1-2-4-4	2-3-4-1-2-2-4-1-4-3-2-2	2-0-6-3-2-2-4-2-3-3-1-2	2-3-2-2-3-0-4-2-3-3-4-2	1-1-4-0-2-3-4-2-1-1-0-2	1-2-0-2-2-4-7-4-3-1-0-0	3-0-2-2-3-2-5-2-6-2-2-3	0-2-3-5-2-4-2-3-2-4-3-2	1-2-5-3-4-1-1-1-2-2-2-2	1-2-2-4-1-3-2-1-7-5-4-3
190	4	4-3-4-3-3-3-4-5-4-4-4-3	4-3-3-2-5-5-5-5-5-5-5-3	7-5-5-2-4-5-3-5-1-1-3-3	5-6-5-5-2-2-3-2-3-3-2-8	2-7-2-6-6-3-3-5-3-3-1-4	1-5-2-0-6-8-3-2-1-3-3-2	1-2-3-3-6-3-3-3-1-1-6-2	1-2-2-2-2-3-2-3-4-6-4-7	6-4-4-2-2-4-6-6-1-4-2-4	5-2-4-3-2-3-3-3-6-5-4-2	6-2-7-3-3-4-7-6-6-2-2-4	1-2-4-3-1-4-2-6-1-7-3-2
190	5	6-5-7-7-6-6-8-7-6-6-6-8	6-5-5-6-6-7-6-5-6-6-4-6	5-6-6-6-6-6-5-6-6-6-5-5	6-5-6-5-5-5-6-6-6-6-5-5	7-6-6-7-5-5-5-5-6-5-7-5	6-7-6-5-5-6-6-6-6-5-3-5	7-6-7-5-4-5-6-6-5-1-8-6	6-5-6-5-5-7-6-5-5-5-6-6	6-5-4-5-6-6-5-4-7-5-2-5	6-6-5-6-6-5-6-6-4-6-6-5	5-8-7-5-6-6-4-5-8-6-6-4	8-6-7-8-6-7-7-4-4-6-5-8
190	6	7-6-5-8-5-5-5-5-5-5-8-6	5-5-5-7-5-5-7-7-7-5-8-7	6-7-7-7-7-5-7-5-7-5-7-6	7-4-5-7-7-7-5-7-5-5-7-6	7-5-7-7-4-7-7-7-5-5-7-7	5-7-7-6-4-5-7-7-5-6-0-7	7-5-5-5-7-6-3-7-5-8-7-7	5-7-5-7-7-5-8-7-7-4-7-4	5-5-5-7-7-5-4-7-5-5-7-4	5-7-7-5-7-5-7-5-4-5-7-7	7-5-5-5-5-7-4-4-7-7-5-6	7-7-7-7-7-5-5-4-7-5-7-5
190	7	6-5-5-6-6-8-5-5-5-5-6-8	5-5-5-6-5-5-6-6-6-5-6-6	4-6-6-6-6-5-6-5-6-6-6-6	6-7-7-6-6-6-8-6-6-5-6-8	6-5-6-6-4-6-6-6-7-7-6-6	5-6-6-8-7-4-6-6-7-7-3-6	8-6-5-7-6-7-7-6-7-5-6-6	5-6-5-6-6-5-3-6-6-4-6-4	7-7-7-6-6-4-7-6-5-5-6-4	5-6-6-5-6-2-6-5-8-5-6-6	6-7-5-5-5-7-4-7-6-6-5-7	6-6-8-7-6-5-5-4-6-4-6-2
190	8	8-6-6-6-8-7-5-8-6-6-6-7	6-8-8-6-8-5-6-6-6-8-6-6	8-8-8-5-8-5-6-5-6-8-7-8	7-8-8-8-8-6-7-8-8-8-8-7	5-5-8-8-8-8-7-8-8-8-6-6	5-8-8-7-8-4-8-8-8-8-8-7	7-8-8-5-6-8-8-8-8-8-5-5	8-6-8-6-8-6-6-6-6-8-6-5	6-7-8-7-6-8-8-6-8-5-6-8	6-8-8-8-8-6-6-3-7-8-7-8	4-5-5-7-5-5-4-4-5-5-8-6	5-5-7-5-5-8-8-4-8-8-6-5
191	0	0-0-0-0-0-0-0-0-0-0-0-0	0-0-0-0-0-0-0-0-0-0-0-0	0-0-0-0-0-0-0-0-0-0-0-0	0-0-0-0-0-0-0-0-0-0-0-0	0-0-0-0-0-0-0-0-0-0-0-0	0-0-0-0-0-0-0-0-0-0-0-0	0-0-0-0-0-0-0-0-0-0-0-0	0-0-0-0-0-0-0-0-0-0-0-0	0-0-0-0-0-0-0-0-0-0-0-0	0-0-0-0-0-0-0-0-0-0-0-0	0-0-0-0-0-0-0-0-0-0-0-0	0-0-0-0-0-0-0-0-0-0-0-0
191	1	1-1-1-1-1-1-1-1-1-1-1-1	1-0-0-1-0-1-1-2-0-2-2-0	1-2-2-1-1-2-2-2-0-0-2-1	2-2-2-1-1-2-0-2-0-2-2-4	0-2-3-0-2-0-2-1-0-0-0-1	1-1-0-0-0-1-0-1-0-0-0-2	3-0-0-3-0-0-0-0-0-0-0-0	0-0-0-0-0-2-0-0-0-2-1-0	0-2-2-0-2-0-3-1-0-1-2-2	1-1-1-2-0-0-0-0-2-2-0-0	0-0-1-0-3-1-2-3-3-1-0-1	0-0-1-3-1-1-2-1-1-2-1-1
191	2	2-1-2-2-2-2-2-2-2-2-2-2	3-0-0-3-0-2-1-4-3-1-1-3	1-4-1-4-3-1-3-4-0-3-1-3	3-1-1-4-3-3-3-4-3-1-3-1	4-1-2-0-1-2-3-3-1-2-4-3	3-4-3-2-2-2-3-3-0-0-0-4	3-3-2-1-3-0-2-3-0-2-4-3	0-4-2-3-4-1-2-2-2-1-1-0	4-1-3-4-4-3-1-3-2-2-4-1	2-3-1-1-3-4-3-0-3-1-0-4	2-4-1-4-1-1-1-1-0-3-3-2	0-4-2-1-4-2-3-1-2-2-2-4
191	3	3-3-3-3-4-3-3-3-3-3-3-3	2-4-4-2-0-4-2-4-2-3-4-4	4-1-2-2-2-2-4-2-4-2-4-4	2-1-4-2-2-2-2-2-4-3-2-2	2-1-1-3-3-4-4-2-3-3-2-2	2-1-2-3-3-2-4-2-3-3-0-3	2-2-4-1-2-3-4-2-0-3-2-4	3-4-2-2-2-4-7-0-2-3-1-3	4-1-2-2-1-2-1-2-4-3-2-3	1-2-0-0-2-2-2-4-2-3-1-2	4-0-8-3-1-5-1-1-1-2-2-0	0-2-1-1-1-4-2-3-2-2-6-3
191	4	4-3-5-5-3-4-4-4-4-4-4-5	4-3-3-2-5-3-4-3-4-3-5-3	7-5-5-5-2-5-3-5-5-2-3-4	5-5-5-5-2-2-2-2-3-5-5-8	2-8-1-5-6-3-3-4-4-4-2-5	5-1-2-4-4-8-3-3-3-3-0-2	4-2-3-5-5-4-3-4-4-2-4-3	4-2-6-3-2-3-3-3-4-4-4-4	6-4-6-2-2-4-6-6-3-4-2-3	5-8-1-7-6-2-0-3-6-5-5-2	6-2-4-5-6-4-4-6-5-2-2-4	4-2-4-4-6-2-2-4-6-7-3-2
191	5	5-5-6-4-6-5-5-7-6-6-6-8	4-6-5-4-6-6-6-5-6-6-6-6	5-4-6-7-5-6-5-6-6-6-5-5	6-4-6-5-6-5-6-7-5-6-6-4	7-4-6-6-4-5-5-5-6-5-7-5	5-6-6-6-4-6-6-6-6-5-0-5	8-6-5-5-6-5-3-5-6-6-4-6	5-2-2-5-5-6-6-8-5-5-4-5	5-4-4-2-6-7-5-8-7-5-5-6	4-4-6-6-6-6-6-5-5-6-4-6	4-7-4-5-6-8-4-4-4-8-7-5	6-5-5-8-4-7-6-4-4-5-5-8
191	6	7-6-5-6-5-5-5-5-5-5-5-6	8-5-5-7-5-5-7-7-7-5-8-8	6-7-7-5-7-5-7-5-7-5-6-6	7-4-5-7-7-7-5-7-5-5-7-4	7-4-8-7-4-7-7-7-5-5-6-7	6-6-7-7-4-5-7-7-5-6-0-7	5-5-5-1-7-6-3-7-5-7-7-7	5-7-4-7-7-5-8-7-7-4-7-4	5-4-4-7-7-6-4-7-5-5-7-5	4-4-5-5-7-7-5-5-4-5-4-7	4-5-4-5-5-5-4-4-4-5-5-6	5-7-6-7-4-5-5-4-7-4-7-5
191	7	6-6-6-6-5-5-5-5-5-5-6-6	5-5-5-6-5-5-6-6-6-5-6-6	4-6-6-5-6-7-6-5-6-6-7-6	6-7-7-6-6-6-8-6-5-5-6-4	6-4-6-6-7-6-6-6-7-7-5-6	5-6-6-6-7-4-6-6-7-7-0-7	8-5-5-8-6-7-5-6-7-6-6-6	7-6-2-6-6-5-3-6-6-4-6-4	7-4-7-6-6-5-7-6-5-5-6-3	7-7-7-5-6-6-5-3-8-5-6-6	5-5-4-5-8-5-4-1-6-7-5-7	5-7-5-7-7-5-5-4-6-4-6-2
191	8	8-6-6-6-8-7-5-8-6-6-6-5	6-5-8-6-8-5-6-6-6-8-6-6	8-8-8-5-8-5-6-5-6-8-5-8	7-8-8-8-8-6-7-8-8-8-8-4	2-4-6-8-8-8-7-8-8-8-6-6	5-8-8-6-8-4-8-8-8-8-8-8	5-8-8-8-6-8-8-8-8-6-5-5	8-8-2-8-8-7-6-6-7-5-5-7	7-5-8-7-6-8-8-5-5-5-6-1	7-4-8-5-8-6-6-3-8-8-8-8	4-5-4-5-3-5-4-4-5-5-8-8	7-7-4-5-4-8-8-4-8-8-7-5
192	0	0-0-0-0-0-0-0-0-0-0-0-0	0-0-0-0-0-0-0-0-0-0-0-0	0-0-0-0-0-0-0-0-0-0-0-0	0-0-0-0-0-0-0-0-0-0-0-0	0-0-0-0-0-0-0-0-0-0-0-0	0-0-0-0-0-0-0-0-0-0-0-0	0-0-0-0-0-0-0-0-0-0-0-0	0-0-0-0-0-0-0-0-0-0-0-0	0-0-0-0-0-0-0-0-0-0-0-0	0-0-0-0-0-0-0-0-0-0-0-0	0-0-0-0-0-0-0-0-0-0-0-0	0-0-0-0-0-0-0-0-0-0-0-0
192	1	1-1-1-1-1-1-1-1-1-1-1-2	0-2-1-0-0-2-0-1-1-1-0-1	0-0-0-0-0-0-2-2-0-0-2-0	0-0-2-0-0-0-2-1-2-1-2-0	2-0-0-0-0-1-2-0-2-0-0-0	0-0-0-0-0-0-2-0-2-1-0-0	0-2-1-0-2-1-0-0-1-1-0-1	1-1-0-0-1-0-2-0-0-2-0-0	0-0-2-0-1-1-4-0-2-0-0-1	0-4-1-2-2-0-2-1-0-0-0-0	4-0-1-1-1-0-0-0-4-4-0-2	0-0-1-0-0-1-0-0-0-1-0-1
192	2	2-1-3-1-2-2-2-1-2-2-2-3	3-1-1-3-0-1-3-3-3-1-3-3	0-3-3-3-3-2-3-3-4-3-1-3	3-0-3-3-3-3-1-3-2-1-4-2	5-1-3-3-0-1-3-3-1-1-3-5	2-4-3-2-2-3-3-0-1-2-0-4	3-1-4-2-3-3-1-3-0-2-2-3	1-4-3-3-4-3-1-2-3-1-0-0	2-0-1-3-4-3-0-2-1-0-3-3	3-3-2-1-3-2-3-5-3-4-3-2	3-2-1-1-1-0-2-3-0-2-3-1	2-2-3-2-3-2-3-0-7-2-6-7
192	3	3-3-2-3-4-3-3-3-3-3-3-3	2-4-4-2-3-3-2-2-4-4-2-2	4-2-2-2-2-6-4-4-2-2-4-2	2-2-4-2-2-2-4-2-4-4-4-2	2-0-4-2-4-4-4-2-4-3-2-2	2-2-5-0-3-2-4-4-6-3-5-2	4-4-3-4-2-3-4-2-3-3-0-2	1-2-2-2-2-4-7-3-2-4-0-0	5-0-3-2-5-2-8-4-2-3-2-2	2-3-3-4-2-3-2-3-2-4-2-3	7-3-8-4-8-6-2-2-3-2-4-3	2-4-2-3-2-7-2-0-0-3-1-3
192	4	4-3-5-7-3-3-4-7-4-4-4-5	5-3-3-5-3-3-5-5-5-3-5-5	5-5-5-2-3-5-3-5-2-5-3-5	5-5-3-5-2-5-5-2-3-3-3-7	1-8-3-5-5-3-5-5-3-6-4-5	5-5-3-5-5-5-3-3-3-3-3-2	5-3-2-3-5-4-3-5-1-4-5-3	6-2-6-2-2-5-1-5-5-4-4-5	6-7-5-2-2-0-6-5-7-5-2-2	5-8-2-3-3-2-3-3-5-5-5-3	5-3-6-3-7-5-5-5-5-3-3-4	2-3-5-3-5-2-2-7-5-6-1-3
192	5	4-7-4-4-6-5-5-5-5-4-4-4	4-6-5-4-7-5-4-4-4-6-4-6	4-4-6-2-6-4-4-4-6-4-6-4	4-4-6-6-2-4-5-4-6-6-6-4	2-4-6-4-4-6-4-4-6-5-5-2	4-4-3-4-4-4-6-5-5-5-3-5	4-6-6-5-4-5-3-4-5-3-4-6	5-2-2-3-2-4-5-4-4-5-4-4	4-4-4-4-3-2-4-4-5-4-2-2	4-5-5-6-4-5-4-2-4-4-4-3	4-6-6-4-0-4-4-4-4-3-6-5	5-3-4-3-4-5-2-4-4-4-5-5
192	6	7-6-7-6-7-7-8-7-8-7-7-7	7-3-5-8-7-7-7-6-7-7-7-7	6-7-7-7-7-7-7-6-7-7-7-7	7-6-5-7-7-7-7-4-5-5-7-8	7-4-7-7-4-7-7-7-5-6-7-7	6-6-7-8-4-5-7-7-3-5-0-7	7-5-5-5-7-6-7-7-5-3-7-5	4-7-4-7-7-8-8-7-7-4-7-6	4-4-8-7-7-7-4-7-5-7-7-7	7-7-7-5-7-7-8-8-4-6-7-7	4-5-7-3-8-7-4-4-7-6-5-6	8-7-6-7-7-3-7-4-7-4-7-8
192	7	6-6-6-6-6-6-6-6-6-6-6-6	6-5-6-6-6-6-6-6-6-6-6-6	4-6-6-6-6-7-6-6-6-6-6-6	6-7-7-6-6-6-8-2-6-5-6-4	6-4-6-6-7-6-8-6-7-7-6-6	8-8-6-8-4-8-6-6-7-7-3-7	8-6-5-5-6-7-3-6-7-3-6-6	7-6-2-6-6-8-3-6-6-5-6-7	7-4-7-6-6-6-7-6-4-6-6-6	6-6-7-6-6-6-6-6-8-7-6-6	6-7-6-6-8-7-4-6-6-7-5-7	8-8-6-6-6-3-6-4-6-4-6-6
192	8	8-6-6-6-8-8-6-8-6-6-6-7	6-8-8-6-8-8-6-6-6-8-6-6	8-7-8-6-8-6-7-7-6-8-6-8	7-8-8-8-8-8-7-8-7-8-8-6	6-4-8-8-8-8-7-8-8-8-6-6	7-8-7-7-8-7-8-6-8-8-8-8	7-8-8-8-6-8-8-8-8-8-6-6	8-8-8-6-8-7-6-6-7-5-6-6	6-6-8-7-6-8-8-7-8-5-6-6	6-4-8-8-8-6-6-6-7-8-4-8	4-2-8-3-7-4-4-4-4-7-8-7	6-7-4-6-6-8-8-4-8-8-6-8
193	0	0-0-0-0-0-0-0-0-0-0-0-0	0-0-0-0-0-0-0-0-0-0-0-0	0-0-0-0-0-0-0-0-0-0-0-0	0-0-0-0-0-0-0-0-0-0-0-0	0-0-0-0-0-0-0-0-0-0-0-0	0-0-0-0-0-0-0-0-0-0-0-0	0-0-0-0-0-0-0-0-0-0-0-0	0-0-0-0-0-0-0-0-0-0-0-0	0-0-0-0-0-0-0-0-0-0-0-0	0-0-0-0-0-0-0-0-0-0-0-0	0-0-0-0-0-0-0-0-0-0-0-0	0-0-0-0-0-0-0-0-0-0-0-0
193	1	1-1-1-1-1-1-1-1-1-1-1-1	1-1-0-2-0-0-0-1-0-1-0-2	0-3-0-5-2-2-2-0-0-2-0-2	2-0-1-2-2-2-0-5-1-1-1-0	4-0-1-4-2-2-2-2-1-1-8-2	2-0-2-0-0-2-2-1-1-1-2-2	2-1-1-0-2-1-0-2-1-1-0-1	1-1-1-2-8-1-1-8-1-0-0-0	1-0-2-2-8-6-0-2-3-1-4-1	0-2-0-0-2-1-0-1-2-2-2-7	0-1-0-1-1-1-0-1-0-1-1-0	1-1-2-1-1-1-2-1-1-2-1-1
193	2	2-2-2-2-2-2-2-2-2-2-2-2	1-3-2-1-0-2-0-3-1-2-1-3	2-1-2-1-1-1-3-3-3-3-3-1	1-3-2-1-1-1-2-1-1-2-3-0	2-0-3-1-1-1-1-1-3-2-3-1	1-0-1-0-2-1-3-1-2-2-5-2	3-1-2-2-1-2-4-1-2-6-0-1	2-0-1-1-3-1-5-2-2-2-0-3	3-2-1-1-2-1-8-1-5-2-2-2	0-1-2-3-1-1-1-7-1-3-1-1	2-1-0-2-1-1-8-2-3-1-1-5	2-1-1-2-8-1-1-3-1-1-2-2
193	3	3-3-4-3-3-3-4-7-4-3-3-3	4-2-2-1-5-4-4-3-4-4-4-4	3-4-5-6-3-3-3-4-4-2-3-3	4-4-5-6-1-4-4-3-2-2-2-5	3-8-4-7-5-1-4-4-3-3-4-8	3-4-2-4-5-5-4-1-2-2-2-4	4-1-3-4-4-4-4-4-1-2-8-3	1-3-4-2-2-4-3-4-6-7-4-6	5-6-4-4-1-3-5-4-7-3-1-3	4-1-3-8-4-1-3-3-4-4-4-1	4-4-3-3-4-6-7-4-4-4-2-3	2-1-3-4-4-5-1-4-4-5-6-4
193	4	3-4-3-3-5-4-3-4-3-3-3-3	3-5-5-3-3-3-3-3-3-3-3-3	3-3-3-3-1-3-5-6-3-7-5-4	3-3-3-3-1-3-3-3-5-6-5-3	1-3-3-1-3-4-5-3-4-3-3-3	5-3-5-3-3-1-3-4-4-4-2-3	3-4-4-3-3-3-3-3-4-2-3-7	4-4-3-3-4-3-6-3-1-4-3-3	4-3-3-3-2-5-3-3-3-7-1-6	3-1-4-6-3-1-3-2-3-3-3-1	3-6-3-3-3-3-3-5-3-3-5-2	6-8-3-3-3-3-1-3-3-6-4-3
193	5	3-3-3-3-4-4-3-3-3-3-5-3	3-4-4-6-3-3-3-6-3-3-6-3	6-6-3-1-6-6-6-7-3-6-4-5	6-3-3-3-6-7-8-1-6-2-6-3	6-3-3-3-3-5-6-6-5-5-3-3	6-6-6-8-3-3-6-6-4-2-2-6	6-4-4-3-6-5-3-6-4-2-7-6	4-6-1-6-6-3-8-7-5-3-5-3	3-3-7-6-7-4-3-8-3-4-7-4	4-5-3-4-3-7-6-2-6-3-3-1	3-6-3-2-8-3-3-4-3-5-6-6	4-6-6-6-3-3-6-3-1-3-2-6
193	6	3-8-3-8-6-6-6-3-3-3-3-3	3-7-6-5-6-3-3-7-3-3-5-5	7-5-5-3-5-5-7-7-5-5-7-6	5-3-3-3-5-5-7-5-7-4-7-3	5-3-3-3-3-7-7-5-6-6-3-3	5-5-5-5-3-1-5-5-6-6-7-6	5-4-4-3-5-8-7-5-6-2-5-5	4-5-3-5-5-3-4-5-3-3-7-3	3-3-5-5-6-1-3-3-4-5-5-4	3-5-6-4-3-1-5-2-5-3-3-1	3-4-3-2-7-3-3-3-7-5-5-5	4-5-3-5-3-3-5-3-3-4-7-7
193	7	8-6-3-3-6-8-8-3-8-7-7-8	7-6-6-5-3-3-3-6-8-7-5-8	8-5-5-5-5-7-6-6-8-5-6-6	5-7-7-5-5-5-6-1-6-5-6-3	5-3-5-3-5-6-6-5-7-7-3-5	8-3-5-7-3-1-6-5-7-6-6-7	8-1-6-3-6-7-6-8-7-3-5-4	7-5-1-6-5-3-4-5-3-3-6-3	7-3-5-7-5-4-3-7-3-4-5-4	8-7-7-6-5-5-6-2-8-3-7-1	3-7-7-4-6-8-3-7-6-5-7-7	6-5-7-5-7-7-7-3-1-7-6-6
193	8	8-6-8-5-8-8-7-8-7-7-7-7	7-6-8-5-8-8-7-8-8-8-7-7	8-7-8-7-8-5-7-7-7-8-8-8	7-8-8-8-8-8-7-8-7-8-8-3	5-3-8-8-8-8-7-8-8-8-1-3	7-8-8-5-8-8-8-8-8-8-2-8	7-8-8-8-7-8-7-8-8-8-3-8	8-8-8-7-8-3-5-1-1-3-3-3	7-8-5-7-1-8-8-5-8-6-6-6	7-8-8-3-8-1-8-7-8-8-6-8	6-8-6-3-5-7-8-4-3-7-8-8	8-4-7-4-2-8-8-3-8-8-7-8
194	0	0-0-0-0-0-0-0-0-0-0-0-0	0-0-0-0-0-0-0-0-0-0-0-0	0-0-0-0-0-0-0-0-0-0-0-0	0-0-0-0-0-0-0-0-0-0-0-0	0-0-0-0-0-0-0-0-0-0-0-0	0-0-0-0-0-0-0-0-0-0-0-0	0-0-0-0-0-0-0-0-0-0-0-0	0-0-0-0-0-0-0-0-0-0-0-0	0-0-0-0-0-0-0-0-0-0-0-0	0-0-0-0-0-0-0-0-0-0-0-0	0-0-0-0-0-0-0-0-0-0-0-0	0-0-0-0-0-0-0-0-0-0-0-0
194	1	1-1-1-1-1-1-1-1-1-1-1-1	0-2-1-0-1-0-0-2-0-1-0-2	1-0-0-0-0-1-2-2-0-2-2-0	0-0-2-0-0-0-0-0-2-2-2-1	0-0-0-0-0-1-2-0-1-0-1-0	2-0-0-0-0-0-2-0-1-1-1-0	0-1-1-0-0-0-1-2-1-1-0-1	1-1-0-2-1-0-1-2-0-1-1-0	1-0-0-0-0-0-0-2-2-1-0-8	0-0-1-0-1-1-2-1-2-0-0-1	2-1-1-2-1-0-0-0-1-0-0-1	2-1-0-1-2-1-0-0-0-0-0-1
194	2	2-2-2-2-1-2-2-2-2-2-2-2	3-1-1-3-2-2-0-1-3-2-3-3	3-4-0-3-3-3-3-1-3-3-1-3	3-3-4-2-3-3-3-2-3-1-1-4	3-0-2-3-0-1-3-3-2-0-8-3	3-3-3-0-2-3-3-2-1-1-3-4	3-4-1-0-3-0-3-3-4-1-3-3	2-2-3-3-3-3-3-8-8-1-3-0	2-0-3-3-4-7-0-3-1-2-2-2	0-3-1-1-3-3-1-4-3-0-0-2	1-2-2-1-3-3-0-2-2-2-3-4	1-3-2-0-1-2-3-2-2-3-3-4
194	3	3-3-2-3-3-3-3-3-3-3-3-4	2-4-4-2-2-4-0-2-2-3-2-2	6-2-3-2-2-2-4-5-4-2-4-2	2-4-2-2-2-2-5-2-2-5-4-0	2-0-2-2-0-3-4-2-2-3-4-2	2-5-2-0-3-2-4-2-3-3-5-3	2-2-8-5-2-3-2-2-3-5-2-2	3-2-2-2-3-2-2-1-3-5-5-3	4-0-2-2-0-6-4-2-4-2-4-5	0-2-3-7-2-2-4-3-2-4-3-2	4-2-2-6-2-2-0-3-4-2-2-1	7-2-2-4-3-4-2-3-2-4-5-3
194	4	5-3-3-5-3-3-4-3-4-4-5-3	5-3-3-2-3-5-4-7-6-4-6-5	7-2-5-4-3-2-3-3-5-2-3-5	5-5-5-5-2-5-6-2-3-3-3-5	2-4-4-4-5-3-5-5-4-3-4-8	1-4-3-5-5-7-3-2-4-3-0-5	4-2-3-4-5-5-3-5-2-2-5-2	3-3-6-3-2-5-2-2-2-4-5-7	4-6-5-2-2-5-5-2-5-4-3-4	5-8-5-3-5-2-3-2-5-6-6-2	5-2-5-3-6-6-5-6-6-2-2-4	4-2-6-3-5-5-3-6-6-7-4-2
194	5	6-5-6-4-3-5-5-7-5-5-5-4	4-3-3-2-6-6-6-4-4-6-6-4	4-6-4-2-7-2-6-7-6-6-6-7	6-4-4-4-7-6-3-6-3-3-6-4	7-4-6-4-4-5-6-6-4-5-7-7	6-7-6-7-4-6-6-6-5-5-3-7	6-6-2-3-6-5-5-6-5-3-6-6	2-7-3-6-7-4-8-7-6-4-7-4	4-0-6-6-8-4-4-6-4-4-7-3	4-7-4-3-6-7-6-3-6-4-6-7	4-6-4-3-4-4-4-4-4-7-6-5	4-6-4-7-4-4-6-4-4-4-7-6
194	6	5-8-5-8-3-6-6-6-6-7-5-5	4-7-7-5-5-7-5-5-4-5-4-7	3-5-4-5-5-8-7-5-5-5-7-5	5-4-8-4-5-5-4-5-7-3-7-4	5-4-5-7-4-7-7-5-7-6-5-5	5-5-5-5-4-5-5-5-5-6-3-5	5-5-7-8-5-6-7-5-6-6-5-5	3-5-4-7-5-4-2-7-5-6-7-4	4-4-5-5-6-3-4-5-7-5-5-6	4-5-6-8-7-5-7-6-5-7-5-5	4-5-7-3-4-4-4-4-4-5-5-1	4-5-4-5-4-4-5-4-4-4-7-5
194	7	8-6-5-7-6-8-8-5-8-7-7-8	4-6-6-2-7-6-5-4-8-5-4-8	4-5-4-8-5-6-6-5-5-6-6-5	5-4-7-4-5-5-8-5-6-5-6-8	5-4-5-6-4-6-6-5-6-7-5-5	6-5-5-5-7-4-6-5-7-7-3-5	8-5-6-7-8-7-6-6-7-6-5-5	7-5-3-6-5-4-7-5-5-7-5-4	7-7-6-7-5-2-4-5-8-7-5-3	4-5-7-8-6-5-6-3-7-6-7-5	6-7-6-8-4-8-4-4-4-5-7-7	3-8-7-5-7-7-5-4-4-4-5-5
194	8	8-6-8-6-8-7-7-8-7-7-7-7	4-6-8-2-8-8-7-8-8-8-5-7	8-8-8-7-8-8-8-7-8-8-7-8	7-8-8-8-8-8-7-8-7-8-8-7	5-4-8-8-8-8-7-8-8-8-2-4	8-8-8-7-8-4-7-8-8-8-8-7	7-8-8-8-8-8-8-8-8-6-5-8	8-6-8-7-8-7-7-2-2-7-7-6	4-7-8-7-5-8-8-5-7-7-5-1	4-4-6-8-8-5-8-8-7-8-7-8	4-8-6-7-5-7-4-4-4-8-8-8	8-7-7-3-4-8-8-4-8-8-6-8
195	0	0-0-0-0-0-0-0-0-0-0-0-0	0-0-0-0-0-0-0-0-0-0-0-0	0-0-0-0-0-0-0-0-0-0-0-0	0-0-0-0-0-0-0-0-0-0-0-0	0-0-0-0-0-0-0-0-0-0-0-0	0-0-0-0-0-0-0-0-0-0-0-0	0-0-0-0-0-0-0-0-0-0-0-0	0-0-0-0-0-0-0-0-0-0-0-0	0-0-0-0-0-0-0-0-0-0-0-0	0-0-0-0-0-0-0-0-0-0-0-0	0-0-0-0-0-0-0-0-0-0-0-0	0-0-0-0-0-0-0-0-0-0-0-0
195	1	1-1-1-1-1-1-1-1-1-1-1-1	0-2-1-0-2-2-0-2-0-1-0-0	2-0-0-1-0-2-2-2-0-0-2-2	0-0-0-0-0-0-0-0-2-2-2-1	1-0-1-0-0-1-2-0-1-0-0-0	5-2-0-0-0-0-2-0-2-1-0-2	2-2-1-0-0-0-0-0-1-1-0-1	1-1-0-0-1-0-1-0-0-1-0-0	0-0-0-0-1-0-1-0-2-0-1-1	0-0-0-2-0-0-0-0-0-0-0-1	0-1-0-1-2-0-0-0-0-0-0-0	0-1-0-2-1-1-0-0-0-0-1-1
195	2	2-1-2-1-1-1-2-1-2-2-2-1	3-1-1-3-1-1-4-1-0-1-3-3	5-3-0-5-3-1-3-1-4-3-1-3	3-0-2-4-3-4-1-4-3-1-4-5	4-0-2-4-0-3-3-3-2-2-4-4	3-1-3-2-2-4-3-4-1-1-0-1	1-1-1-0-3-2-3-3-1-2-6-3	1-2-5-3-5-0-2-2-2-0-2-0	0-0-3-5-5-3-0-3-1-2-5-2	0-5-0-1-3-5-3-2-3-0-0-2	5-5-0-1-1-2-0-0-5-2-3-5	0-3-0-1-5-2-3-0-0-3-5-2
195	3	3-3-2-3-3-3-3-3-3-2-3-3	2-6-3-2-0-4-2-4-4-3-2-4	3-2-4-1-2-2-4-2-2-2-4-2	2-4-4-2-2-2-5-2-4-3-4-2	2-0-2-2-3-4-4-2-3-3-2-2	2-5-4-3-3-0-4-2-3-3-7-3	6-1-3-6-2-3-4-2-3-2-0-2	3-2-4-4-2-4-7-2-3-4-5-4	4-0-2-2-3-2-4-4-4-3-2-4	0-4-3-4-2-4-4-3-4-4-4-2	4-2-9-3-7-2-0-0-5-2-2-4	0-4-8-4-0-2-2-5-8-2-3-2
195	4	4-4-2-4-5-4-4-4-4-2-4-4	2-5-5-2-4-3-2-3-3-4-5-5	6-2-3-2-2-2-5-1-5-5-5-5	2-5-5-5-2-2-5-2-5-3-5-0	2-0-4-5-3-3-5-4-5-0-2-2	2-2-3-3-5-2-5-2-4-4-4-3	3-2-4-0-3-2-5-5-4-2-2-2	4-5-3-3-2-3-3-5-2-6-4-3	3-0-5-2-4-2-4-3-5-4-3-3	0-3-4-5-3-3-3-5-3-3-3-2	3-4-3-4-9-0-0-5-5-2-2-3	0-3-0-3-5-2-2-0-0-6-3-4
195	5	5-5-5-5-3-4-5-8-5-5-5-5	5-4-4-5-5-6-7-7-6-4-6-6	2-6-6-2-6-6-6-6-4-4-4-4	6-6-4-6-2-6-4-2-4-6-6-5	2-5-5-4-5-4-4-5-4-5-2-5	1-6-4-2-4-8-4-2-4-4-4-6	3-1-4-5-4-5-4-4-4-2-3-2	4-4-2-3-2-5-3-4-7-5-6-6	6-0-6-2-2-2-5-3-4-5-2-4	6-2-7-6-3-2-4-4-6-5-4-2	3-2-5-4-9-5-5-4-4-2-3-2	5-4-5-5-6-5-2-8-3-5-2-2
195	6	6-7-8-6-8-8-7-7-7-7-7-6	7-3-4-8-7-7-5-7-6-7-7-7	6-7-5-7-7-7-7-7-7-7-7-7	7-5-7-7-7-7-7-8-7-5-7-9	7-6-7-4-7-7-7-7-7-7-8-6	7-5-7-7-5-9-7-7-4-6-3-6	9-8-6-7-7-6-8-7-6-9-2-9	6-6-2-7-6-6-3-8-5-5-6-6	5-8-9-6-7-7-5-6-8-6-2-4	5-6-7-5-6-7-4-3-5-7-4-2	6-9-6-6-6-5-5-4-7-5-7-6	5-4-6-5-6-7-7-5-6-4-3-6
195	7	6-6-9-9-6-6-6-6-6-6-6-6	6-4-4-8-6-6-5-8-6-6-6-6	8-8-6-6-6-6-8-6-6-6-6-8	8-5-6-8-8-8-6-6-6-6-8-6	6-6-6-8-6-6-8-6-7-6-6-8	6-6-8-6-5-6-8-6-1-7-3-8	6-8-4-6-8-7-3-8-6-6-8-8	5-8-8-8-8-6-9-9-5-5-8-6	9-0-6-8-6-6-5-6-4-7-8-4	9-8-5-6-8-6-8-4-9-6-8-8	8-6-6-4-7-5-0-0-6-2-6-7	5-4-6-5-6-6-6-0-3-7-7-8
195	8	6-9-6-7-6-9-6-6-6-6-6-9	6-4-6-6-8-6-7-7-6-6-6-9	9-7-6-6-7-6-7-6-7-7-9-7	7-8-8-7-7-7-9-6-6-5-7-9	6-5-6-7-8-6-9-7-8-6-6-7	9-8-7-6-8-6-7-8-8-8-3-7	9-7-8-5-7-5-6-7-8-6-7-7	8-7-7-7-7-8-3-6-5-6-7-8	8-8-6-7-7-7-5-7-6-7-7-6	6-7-8-8-7-6-7-7-9-6-9-7	7-8-9-4-7-8-9-5-6-9-6-8	5-9-3-5-7-6-6-5-3-4-3-7
195	9	9-8-7-7-9-8-6-9-6-6-6-8	6-9-9-7-9-6-8-7-9-9-7-8	9-9-9-6-9-9-9-6-6-9-8-9	8-9-9-9-9-9-8-9-9-9-9-8	6-6-9-9-9-9-8-9-9-9-6-7	6-9-9-8-9-6-9-9-9-9-9-9	6-9-9-5-8-9-8-9-9-9-9-6	9-9-7-8-9-9-7-7-7-5-6-6	7-9-6-9-2-9-9-6-4-6-7-9	7-7-9-9-9-2-9-4-9-9-8-9	7-6-3-9-4-5-8-6-6-9-9-9	5-8-5-9-6-9-9-6-9-9-7-6
196	0	0-0-0-0-0-0-0-0-0-0-0-0	0-0-0-0-0-0-0-0-0-0-0-0	0-0-0-0-0-0-0-0-0-0-0-0	0-0-0-0-0-0-0-0-0-0-0-0	0-0-0-0-0-0-0-0-0-0-0-0	0-0-0-0-0-0-0-0-0-0-0-0	0-0-0-0-0-0-0-0-0-0-0-0	0-0-0-0-0-0-0-0-0-0-0-0	0-0-0-0-0-0-0-0-0-0-0-0	0-0-0-0-0-0-0-0-0-0-0-0	0-0-0-0-0-0-0-0-0-0-0-0	0-0-0-0-0-0-0-0-0-0-0-0
196	1	1-1-1-1-1-1-1-1-1-1-1-1	1-0-0-1-0-0-0-2-0-1-0-2	0-1-0-1-2-2-2-0-0-2-1-2	2-0-2-3-3-3-0-1-1-1-1-0	1-0-1-2-3-1-2-2-1-1-3-3	1-2-2-0-1-4-2-1-1-1-0-1	0-1-1-0-2-0-1-0-1-1-0-2	0-4-4-2-4-0-1-1-1-1-0-0	0-0-2-2-4-0-0-2-1-1-4-0	0-2-1-0-2-1-0-1-2-2-0-4	0-1-0-1-0-1-0-0-0-1-2-1	0-2-1-1-0-3-4-0-4-2-1-1
196	2	2-2-2-2-2-2-2-2-2-2-3-2	2-3-2-1-3-2-0-3-3-2-1-3	3-2-0-1-1-1-3-4-3-1-3-1	1-2-2-1-1-1-3-1-3-2-3-0	2-0-1-2-2-1-3-1-3-2-1-1	1-1-3-3-2-1-3-1-2-2-2-2	3-1-2-3-1-2-3-1-2-3-4-1	2-2-0-3-1-2-5-1-2-3-0-2	4-0-3-1-2-0-2-1-2-3-1-2	0-1-2-3-3-1-3-2-3-1-3-1	4-1-3-2-7-0-0-3-0-1-1-2	0-1-1-2-0-1-1-0-0-4-3-1
196	3	3-3-3-3-4-3-3-3-3-3-3-3	4-4-5-1-4-3-1-4-2-3-4-2	2-3-3-1-1-1-4-5-5-3-4-2	1-3-4-1-1-1-3-1-4-5-2-0	1-0-5-4-1-3-4-3-4-1-1-1	4-4-2-2-3-1-4-1-3-3-3-1	4-1-3-4-1-3-4-4-3-2-4-3	3-3-1-2-3-4-6-3-3-3-4-4	2-0-2-1-3-4-3-4-6-6-2-3	0-1-3-4-2-4-4-3-2-4-4-1	6-5-2-7-4-0-2-2-0-1-1-2	4-7-1-4-4-1-1-0-2-2-2-1
196	4	4-4-4-4-3-3-3-4-7-4-4-4	4-3-3-1-3-4-5-5-3-5-5-5	4-5-5-5-1-5-5-5-5-1-3-4	5-5-5-1-1-1-5-1-3-6-3-5	1-4-4-3-5-2-5-4-3-4-3-7	3-5-1-1-4-1-3-1-3-2-3-5	3-4-3-5-5-6-3-3-4-1-2-3	3-1-5-2-1-5-2-1-5-4-4-7	2-0-5-1-1-4-4-7-7-4-1-5	1-1-4-3-2-5-3-3-5-5-3-1	2-1-4-3-3-7-0-4-6-4-5-4	4-3-4-5-3-4-1-4-1-2-2-1
196	5	6-7-5-7-3-5-5-5-5-5-5-5	6-3-3-6-5-4-6-6-6-4-7-4	5-6-4-4-6-6-6-4-4-6-6-6	4-4-4-6-6-6-4-6-6-3-6-4	6-4-6-6-4-5-6-5-4-5-6-6	5-4-6-5-4-4-6-5-3-5-3-4	7-5-3-4-4-0-2-6-5-2-7-3	2-6-4-6-6-4-7-6-4-4-6-0	4-0-4-6-6-5-4-6-4-4-6-4	7-6-4-3-6-4-2-3-4-4-0-1	4-3-4-3-6-4-0-0-4-1-4-4	4-3-4-4-6-1-1-0-6-0-2-1
196	6	5-7-5-5-6-7-7-4-7-5-5-7	5-3-3-5-6-5-5-5-5-4-5-7	2-5-4-4-5-5-5-6-5-5-5-5	5-6-4-5-5-5-7-5-5-4-5-7	5-4-5-5-4-5-5-5-6-5-5-5	7-5-5-5-6-7-5-5-6-6-3-6	7-5-6-6-6-6-4-7-6-6-5-4	6-5-1-5-5-6-3-5-6-3-5-0	6-6-5-5-5-0-3-7-3-3-5-4	6-5-6-4-6-1-6-4-7-4-6-1	3-6-4-4-5-4-7-4-4-7-6-6	4-3-4-4-5-6-1-0-5-4-5-1
196	7	7-6-7-5-7-6-6-7-6-5-5-6	5-7-7-5-7-7-5-7-6-7-5-6	7-7-7-6-7-7-7-6-7-7-6-7	6-7-7-7-7-7-6-7-6-7-7-6	5-4-4-7-7-7-6-7-7-7-5-4	6-7-7-6-7-6-7-7-7-7-7-7	6-7-7-7-6-7-7-7-7-7-5-7	7-7-7-7-7-6-5-5-1-4-5-4	6-6-7-7-1-7-7-6-4-7-5-7	5-1-7-4-7-7-7-7-7-7-7-7	2-7-2-3-3-4-6-4-7-7-7-7	7-3-4-3-1-7-7-7-7-7-5-1
197	0	0-0-0-0-0-0-0-0-0-0-0-0	0-0-0-0-0-0-0-0-0-0-0-0	0-0-0-0-0-0-0-0-0-0-0-0	0-0-0-0-0-0-0-0-0-0-0-0	0-0-0-0-0-0-0-0-0-0-0-0	0-0-0-0-0-0-0-0-0-0-0-0	0-0-0-0-0-0-0-0-0-0-0-0	0-0-0-0-0-0-0-0-0-0-0-0	0-0-0-0-0-0-0-0-0-0-0-0	0-0-0-0-0-0-0-0-0-0-0-0	0-0-0-0-0-0-0-0-0-0-0-0	0-0-0-0-0-0-0-0-0-0-0-0
197	1	1-1-1-2-1-1-1-2-1-1-1-2	2-2-1-0-2-2-0-2-1-1-0-2	1-0-4-2-2-2-2-2-2-1-2-2	2-1-2-2-1-0-2-2-1-2-1-2	2-1-2-2-1-1-2-1-1-2-3-1	4-2-2-4-2-2-1-2-1-1-4-5	1-2-1-1-2-1-1-2-1-2-1-1	1-1-1-1-1-2-1-2-1-1-0-3	1-0-2-1-2-3-1-1-2-2-1-2	2-1-2-2-1-1-2-2-4-1-0-1	1-8-4-5-4-2-1-1-1-1-2-1	1-1-1-1-1-2-1-0-1-1-4-1
197	2	1-1-1-2-1-1-1-1-1-1-1-1	1-1-1-4-1-1-2-1-1-1-3-1	3-3-1-1-1-1-3-1-1-3-1-3	3-3-1-3-3-3-1-1-3-1-2-1	1-0-3-1-3-3-3-3-1-1-1-3	1-1-3-1-1-1-3-1-1-1-0-2	3-1-1-1-3-2-3-3-1-1-5-3	1-5-4-3-3-1-2-4-5-1-5-0	2-0-3-3-4-1-1-3-1-1-4-1	1-5-1-1-3-4-1-1-3-1-1-4	4-2-1-1-1-1-0-0-1-3-1-2	1-3-2-3-1-1-5-0-2-2-2-4
197	3	3-3-1-1-3-1-1-1-1-1-1-1	1-4-3-2-2-1-2-2-4-1-2-2	4-2-4-1-2-2-4-5-1-2-4-2	2-3-3-2-2-2-1-1-2-4-3-1	3-0-2-1-2-2-4-2-3-3-1-2	4-3-5-0-3-1-4-1-1-3-7-3	2-4-4-8-2-3-4-2-1-5-2-2	1-2-4-2-2-1-6-2-2-5-6-1	5-0-2-2-3-1-0-2-1-3-2-3	1-2-3-3-2-2-1-6-2-4-2-2	0-5-1-4-7-1-0-0-0-2-1-2	1-2-2-4-1-1-2-0-7-4-6-3
197	4	1-3-5-6-3-5-1-4-5-1-4-5	5-3-3-5-1-1-5-6-5-5-5-5	7-5-7-1-4-5-5-5-5-5-3-5	5-4-5-5-2-5-5-2-3-3-3-4	1-8-4-4-5-4-5-5-4-4-5-7	1-5-3-1-6-7-3-2-1-3-1-2	2-3-3-6-5-5-3-5-4-1-6-1	1-2-2-2-2-5-3-2-2-4-4-7	6-4-6-2-2-1-5-8-3-4-2-5	5-2-1-4-5-2-1-3-5-6-4-2	6-2-1-3-1-5-6-6-6-2-5-4	4-2-5-5-6-6-2-7-8-7-1-2
197	5	5-7-4-8-5-4-5-1-4-4-4-6	4-3-6-4-2-1-4-4-4-4-4-4	2-4-4-2-2-7-6-7-6-7-6-7	4-4-4-4-2-4-4-2-6-7-6-4	5-4-4-4-5-6-6-4-6-1-6-2	6-7-3-2-4-4-6-5-5-5-3-1	6-7-6-0-4-4-3-6-5-1-2-7	3-2-2-3-2-4-6-5-2-5-2-4	5-4-7-2-3-1-4-4-6-5-2-4	4-2-8-6-4-2-6-3-4-4-4-2	4-6-1-1-1-4-4-4-4-2-4-4	7-6-4-4-4-1-2-4-4-4-3-3
197	6	8-6-7-6-5-4-6-7-4-8-6-5	4-3-5-2-2-1-7-4-7-5-4-4	1-7-4-2-7-5-5-4-7-4-5-4	7-4-5-7-7-7-4-7-7-5-7-4	7-4-7-6-6-5-7-7-5-6-7-7	5-5-7-6-4-4-7-7-5-3-3-7	5-5-5-4-5-4-3-5-7-6-7-5	1-7-4-7-7-4-8-7-2-4-7-4	4-0-8-7-7-5-4-7-5-6-7-3	4-7-6-5-7-2-7-3-8-4-7-2	4-5-1-3-8-4-4-4-4-7-7-6	4-7-6-7-4-4-7-4-4-6-3-2
197	7	6-8-6-8-6-8-8-8-8-7-6-8	8-3-5-4-7-1-6-4-8-5-6-8	4-6-4-8-6-5-6-5-6-7-7-5	6-5-7-6-6-6-8-6-6-5-6-8	6-4-6-6-7-6-6-6-7-7-6-4	8-8-6-8-7-4-6-6-5-7-3-6	8-5-1-7-7-4-7-6-7-5-6-5	7-6-2-6-6-1-3-6-2-4-6-4	7-7-5-6-6-6-7-6-1-4-6-0	4-7-7-1-6-2-6-3-8-6-7-2	4-7-1-7-3-4-4-4-4-6-6-7	5-6-8-6-7-3-6-4-6-4-3-2
197	8	8-7-6-5-8-7-7-8-7-6-6-7	7-8-8-4-8-8-6-8-8-8-6-7	8-8-8-7-8-8-8-7-8-8-7-8	7-8-8-8-8-8-7-8-7-8-8-7	6-4-8-8-8-8-7-8-8-8-6-4	7-8-8-7-8-4-8-8-8-8-8-7	7-8-8-8-7-8-8-7-8-8-5-8	8-8-8-8-8-7-6-2-2-4-6-4	6-7-6-7-2-8-8-4-8-6-6-8	6-8-8-8-8-2-8-8-6-8-4-8	4-8-1-8-6-4-4-4-4-6-8-8	8-7-7-1-2-8-8-8-4-8-6-1
198	0	0-0-0-0-0-0-0-0-0-0-0-0	0-0-0-0-0-0-0-0-0-0-0-0	0-0-0-0-0-0-0-0-0-0-0-0	0-0-0-0-0-0-0-0-0-0-0-0	0-0-0-0-0-0-0-0-0-0-0-0	0-0-0-0-0-0-0-0-0-0-0-0	0-0-0-0-0-0-0-0-0-0-0-0	0-0-0-0-0-0-0-0-0-0-0-0	0-0-0-0-0-0-0-0-0-0-0-0	0-0-0-0-0-0-0-0-0-0-0-0	0-0-0-0-0-0-0-0-0-0-0-0	0-0-0-0-0-0-0-0-0-0-0-0
198	1	1-1-1-1-1-1-1-1-1-1-1-1	1-0-0-1-1-1-2-2-0-1-1-2	0-2-0-2-2-1-2-2-0-2-2-1	2-0-0-1-2-2-0-1-1-0-1-1	1-0-1-0-0-1-2-2-1-0-0-1	2-0-2-0-1-1-1-1-1-1-0-2	1-2-1-0-2-1-1-0-1-1-1-2	1-1-1-2-1-1-0-1-1-0-0-0	1-0-2-2-3-2-0-2-0-1-1-1	0-1-0-0-2-1-0-1-2-0-0-1	0-1-0-1-2-1-0-1-0-1-2-0	0-1-1-0-0-1-2-0-1-1-1-1
198	2	2-2-1-2-2-2-2-2-2-2-2-2	1-3-2-1-1-2-1-1-1-1-1-3	1-1-1-1-1-1-1-1-0-3-1-3	1-3-2-1-1-1-4-1-4-4-3-2	2-0-3-2-3-3-1-1-3-2-0-3	3-0-4-0-2-1-3-1-2-2-4-4	5-1-2-2-1-2-2-1-2-2-3-3	2-0-1-1-2-3-4-4-1-2-2-3	2-1-1-1-2-1-2-3-5-2-2-4	0-1-2-3-1-1-3-2-1-5-0-1	3-1-6-4-1-3-0-2-3-1-1-3	5-1-1-3-3-2-1-0-5-3-4-1
198	3	4-3-3-4-2-3-3-4-3-3-3-3	4-2-2-1-5-4-5-3-4-4-4-4	3-4-5-3-3-5-3-5-4-2-5-3	4-3-4-3-2-4-4-3-3-2-2-4	2-6-2-3-4-2-4-3-2-3-4-2	3-0-2-4-4-4-2-4-2-2-2-1	2-1-3-2-4-3-4-4-2-3-2-4	4-3-4-2-2-4-3-2-2-3-4-4	4-4-4-1-1-4-4-2-6-3-2-1	4-4-3-2-3-1-2-3-4-4-4-1	4-1-3-3-4-2-4-4-6-3-2-2	4-1-3-6-4-4-1-4-3-2-3-3
198	4	3-3-4-3-4-3-4-3-3-3-4-3	3-2-2-4-3-3-4-5-3-3-3-3	5-5-3-5-5-4-5-3-3-5-3-5	5-3-3-4-5-5-3-5-5-2-5-3	6-3-6-5-3-4-5-4-4-4-3-5	4-6-2-3-3-3-4-5-2-2-2-2	2-5-4-2-4-4-4-3-2-6-5-4	3-4-6-4-4-3-6-5-4-3-5-3	3-3-3-5-5-3-3-5-3-4-4-2	3-3-2-2-5-5-0-3-4-3-3-4	3-4-3-2-3-3-3-3-3-5-4-2	3-4-1-3-3-3-4-3-2-3-2-5
198	5	4-6-4-4-5-3-4-3-3-3-3-6	3-2-2-4-3-3-3-4-3-3-3-4	6-4-3-4-4-3-4-3-6-4-3-4	4-5-5-4-4-4-6-4-4-5-4-6	4-3-6-4-5-4-6-5-5-5-3-4	6-5-4-3-3-6-4-4-5-2-2-6	2-4-2-2-5-5-5-4-5-4-4-4	3-5-4-4-4-3-6-4-4-3-4-3	3-3-5-4-4-5-3-4-2-4-4-5	3-2-5-2-4-4-2-3-6-2-3-4	3-4-3-2-3-2-3-3-3-4-5-5	3-4-4-5-3-5-5-3-2-3-2-4
198	6	6-5-6-4-6-6-3-6-5-3-3-5	3-6-6-4-6-6-4-6-3-6-3-3	6-6-6-4-6-4-5-5-5-6-3-6	5-6-6-6-6-6-5-6-5-6-6-5	4-3-6-6-5-6-5-6-6-6-4-5	5-6-6-6-6-6-6-6-6-6-6-6	5-6-6-6-4-6-6-6-6-4-4-6	6-6-4-5-6-5-5-4-4-4-3-3	3-3-6-5-4-6-6-4-6-6-4-2	4-3-6-6-6-1-6-3-5-6-3-6	3-1-2-3-3-5-3-3-3-5-6-6	3-4-3-3-3-6-6-3-6-6-1-6
199	0	0-0-0-0-0-0-0-0-0-0-0-0	0-0-0-0-0-0-0-0-0-0-0-0	0-0-0-0-0-0-0-0-0-0-0-0	0-0-0-0-0-0-0-0-0-0-0-0	0-0-0-0-0-0-0-0-0-0-0-0	0-0-0-0-0-0-0-0-0-0-0-0	0-0-0-0-0-0-0-0-0-0-0-0	0-0-0-0-0-0-0-0-0-0-0-0	0-0-0-0-0-0-0-0-0-0-0-0	0-0-0-0-0-0-0-0-0-0-0-0	0-0-0-0-0-0-0-0-0-0-0-0	0-0-0-0-0-0-0-0-0-0-0-0
199	1	1-1-1-1-0-1-1-1-1-1-1-1	1-0-0-1-0-1-1-2-0-1-0-2	2-1-2-2-1-2-2-2-1-0-2-1	1-2-2-1-1-0-0-2-4-4-0-1	0-3-4-0-2-0-2-1-4-0-1-1	0-1-0-0-0-0-0-1-1-0-0-1	0-0-0-3-0-1-0-0-0-1-1-0	0-0-0-0-0-2-0-0-0-1-0-0	0-2-0-0-3-0-2-2-0-0-0-0	0-0-1-0-0-1-0-0-1-2-5-0	0-0-2-0-3-1-2-3-3-1-0-1	1-0-1-3-1-1-1-1-1-1-1-1
199	2	2-2-2-2-2-2-2-2-2-1-2-2	3-0-0-2-0-1-3-3-1-2-3-1	1-3-1-5-3-3-1-1-0-4-3-3	3-1-1-4-3-3-0-7-2-0-2-1	2-1-8-5-3-2-3-3-1-0-3-5	0-8-3-6-2-5-3-4-0-0-0-3	2-5-0-1-3-2-2-0-0-2-3-3	0-5-2-3-2-1-8-8-2-1-0-3	2-1-0-3-4-3-1-3-5-2-4-3	3-3-0-3-3-7-3-0-3-1-0-2	0-4-1-0-1-1-1-1-1-3-3-1	1-2-2-1-1-3-3-1-2-2-2-4
199	3	3-4-2-3-3-3-3-3-3-1-4-3	2-4-4-2-5-4-2-4-4-2-2-4	1-2-5-2-2-2-4-5-4-5-4-4	2-4-1-3-2-2-8-2-3-3-4-1	2-1-2-2-2-2-4-2-3-3-2-2	0-2-5-3-3-2-4-3-3-3-4-3	2-2-3-1-2-3-4-0-5-5-2-2	3-2-2-2-4-4-6-3-2-4-6-3	0-3-2-2-3-2-8-4-4-3-2-4	2-2-0-6-4-4-2-3-2-4-8-2	7-2-3-3-1-1-1-1-1-2-2-3	1-2-2-1-1-2-2-3-2-2-3-2
199	4	3-3-5-2-3-3-5-4-4-4-3-5	5-3-3-2-6-5-5-3-5-5-5-5	3-5-7-2-4-5-5-6-5-2-3-5	5-5-6-5-2-2-7-1-3-3-3-1	2-1-1-6-5-5-5-5-5-5-4-8	5-2-3-4-6-2-3-5-3-3-3-2	5-2-3-1-5-4-3-5-3-0-0-3	0-4-2-3-3-5-3-5-2-3-4-6	6-6-5-2-2-4-6-5-5-4-2-3	5-4-6-5-3-2-3-3-5-6-6-2	6-2-4-3-1-5-6-4-6-8-5-1	4-2-5-3-6-4-4-6-4-4-5-2
199	5	5-7-4-5-5-5-4-5-5-4-4-4	4-3-6-2-3-4-4-4-4-6-4-4	6-4-4-2-2-4-6-4-4-3-6-4	4-4-4-4-2-4-6-2-6-7-6-1	2-1-1-2-4-4-6-4-6-5-4-2	6-1-3-4-4-2-6-4-5-5-0-5	6-6-6-1-4-4-4-4-3-3-8-6	5-2-3-3-5-4-2-6-4-5-4-4	0-4-6-4-3-5-8-6-4-5-2-5	4-5-5-4-6-2-2-5-4-5-6-2	3-6-8-5-1-4-4-4-4-2-4-6	7-2-4-8-4-4-2-4-4-4-5-6
199	6	7-5-8-7-5-5-6-6-6-8-7-7	4-3-5-7-4-7-4-7-7-5-8-4	5-4-4-2-7-6-7-4-5-4-5-7	7-4-4-7-7-7-5-2-5-5-7-7	7-1-7-7-4-7-7-7-5-8-7-7	6-5-7-6-4-2-5-6-5-3-3-7	5-5-5-1-5-4-3-7-6-2-7-7	6-7-2-7-6-4-8-7-6-5-7-4	4-4-5-7-7-7-4-5-3-6-7-3	4-7-6-7-7-4-7-7-4-4-7-2	4-5-7-5-8-4-4-4-4-6-3-5	4-7-6-7-4-4-6-4-7-6-7-5
199	7	8-8-6-6-7-8-8-6-8-7-6-6	4-5-5-6-7-6-8-6-6-7-8-4	7-6-4-6-6-7-6-4-8-6-7-6	6-7-7-6-6-6-4-2-6-5-6-6	6-1-6-6-7-6-6-6-7-7-6-6	8-0-6-8-7-8-7-5-7-7-0-7	8-5-3-7-8-7-7-6-7-2-6-6	7-6-2-6-6-8-3-6-8-3-6-4	7-7-7-6-6-6-7-5-4-6-6-3	7-6-7-6-6-2-6-8-8-7-6-2	3-7-6-8-8-6-7-7-7-7-7-7	8-6-6-6-6-6-6-4-6-6-6-2
199	8	8-7-6-6-8-7-7-8-7-6-6-8	6-8-8-6-8-7-7-8-8-8-6-8	8-8-8-2-8-8-7-7-7-8-5-8	7-8-8-8-8-8-7-8-8-8-8-1	6-1-8-8-8-8-7-8-8-8-7-6	7-8-7-7-8-8-8-8-8-8-8-8	7-8-8-8-7-8-8-8-8-8-5-8	8-8-2-8-8-7-6-2-7-5-6-7	7-8-8-7-2-6-8-7-8-2-6-0	6-6-8-8-8-6-8-7-7-8-6-8	3-8-5-5-7-7-7-4-5-7-8-8	8-5-1-5-7-8-8-4-8-8-6-8
200	0	0-0-0-0-0-0-0-0-0-0-0-0	0-0-0-0-0-0-0-0-0-0-0-0	0-0-0-0-0-0-0-0-0-0-0-0	0-0-0-0-0-0-0-0-0-0-0-0	0-0-0-0-0-0-0-0-0-0-0-0	0-0-0-0-0-0-0-0-0-0-0-0	0-0-0-0-0-0-0-0-0-0-0-0	0-0-0-0-0-0-0-0-0-0-0-0	0-0-0-0-0-0-0-0-0-0-0-0	0-0-0-0-0-0-0-0-0-0-0-0	0-0-0-0-0-0-0-0-0-0-0-0	0-0-0-0-0-0-0-0-0-0-0-0
200	1	1-1-1-1-1-1-1-1-1-1-1-1	2-1-0-1-0-2-0-1-0-1-2-0	0-2-0-3-2-2-2-0-0-1-2-1	2-0-0-2-2-2-0-2-1-0-1-0	1-0-2-0-2-2-2-2-1-1-2-2	2-3-3-0-0-2-2-3-1-1-0-2	3-1-1-0-2-1-1-2-1-1-3-3	1-1-1-2-3-0-1-7-1-1-0-0	0-0-2-3-3-2-0-3-0-1-3-1	0-2-0-0-2-3-2-3-2-0-0-1	0-2-0-0-0-1-0-0-0-1-1-0	0-1-1-2-0-3-1-0-3-1-3-3
200	2	2-3-2-2-2-2-2-2-2-2-2-3	1-3-2-1-0-3-0-3-3-2-1-3	2-1-3-2-1-1-3-3-0-3-3-1	1-0-4-1-1-1-2-1-3-2-3-0	1-0-1-2-1-1-3-1-3-2-1-1	1-1-3-0-2-1-3-1-2-2-2-4	4-1-2-2-1-2-3-1-3-2-0-1	2-3-0-1-2-3-4-0-2-2-0-0	3-0-1-1-2-1-2-0-3-2-2-2	0-1-2-0-1-1-1-2-1-2-0-1	3-1-0-2-3-0-0-0-0-1-1-0	4-2-1-1-0-4-1-0-0-1-2-1
200	3	3-2-3-3-3-3-3-3-3-3-3-2	3-2-2-1-0-2-3-2-2-3-1-2	4-3-4-1-3-3-2-4-0-2-2-3	3-3-3-1-1-1-5-3-2-2-2-3	1-7-3-3-4-1-4-1-2-0-3-3	1-4-2-3-3-5-2-1-2-2-2-3	1-1-2-3-3-3-2-0-4-1-5-1	4-2-5-2-1-5-5-3-3-3-3-4	5-3-4-1-1-3-4-1-6-3-1-6	5-7-3-1-4-1-2-1-4-4-4-1	5-1-3-2-2-7-4-4-5-1-3-3	5-1-3-3-1-2-1-6-1-5-1-1
200	4	5-4-5-6-4-3-4-4-4-5-3-5	3-2-2-5-5-5-6-5-5-3-5-5	5-5-6-5-5-7-5-5-5-5-2-5	5-3-5-6-5-5-3-6-4-2-4-4	6-3-7-4-3-4-5-5-4-4-6-5	1-5-5-5-3-1-5-4-2-2-2-5	2-1-2-4-5-4-4-5-3-4-6-4	3-4-3-5-6-3-2-6-3-3-6-3	7-3-5-4-4-6-3-5-3-4-4-3	3-6-4-5-3-4-5-7-5-3-3-1	3-4-3-2-3-3-3-3-3-4-5-4	2-5-4-6-6-2-5-3-4-4-4-1
200	5	4-6-4-4-7-5-4-5-5-4-4-4	3-6-5-4-4-4-4-6-4-3-4-4	4-4-4-4-4-4-6-4-4-4-6-4	4-3-4-4-4-4-6-4-6-5-6-4	4-3-6-3-3-6-6-4-5-5-4-4	4-4-4-5-5-3-4-5-5-5-2-5	2-1-6-6-6-6-6-4-5-5-3-4	5-6-3-6-4-3-6-5-4-5-3-3	3-3-4-4-5-3-3-4-5-4-6-3	3-4-4-4-6-6-6-1-4-6-3-1	3-4-3-2-3-0-3-3-3-4-4-4	6-4-3-5-0-0-4-0-3-3-4-3
200	6	4-5-4-4-5-7-7-7-7-6-6-7	6-5-5-4-4-7-4-5-7-6-7-7	5-6-4-4-4-4-5-4-7-6-5-4	4-6-6-4-4-4-5-4-5-6-5-3	4-3-5-3-3-5-5-4-5-6-4-6	7-5-5-4-6-7-5-5-6-5-2-5	7-1-5-5-7-5-5-0-6-5-4-4	6-5-3-5-4-6-2-4-7-3-4-6	6-3-3-5-4-4-5-7-3-4-5-3	7-4-6-4-6-5-5-6-7-6-4-1	3-6-3-2-7-6-3-4-4-6-6-4	7-7-6-4-4-2-6-3-4-6-4-1
200	7	7-5-4-5-7-7-6-7-6-4-6-6	6-5-7-4-7-7-4-7-6-7-6-6	7-7-7-4-7-4-6-6-6-7-7-7	6-7-7-7-7-7-6-7-6-7-7-3	4-3-7-7-7-7-6-7-7-7-5-3	7-7-7-7-7-3-7-7-7-7-2-7	6-7-7-7-6-7-7-7-7-7-3-4	7-5-7-6-7-7-6-1-6-6-4-5	4-5-7-7-4-7-7-6-7-5-5-7	6-3-7-7-7-1-7-4-6-7-3-7	3-7-7-3-5-6-3-3-3-6-7-7	6-7-6-7-0-7-7-7-7-7-6-7
201	0	0-0-0-0-0-0-0-0-0-0-0-0	0-0-0-0-0-0-0-0-0-0-0-0	0-0-0-0-0-0-0-0-0-0-0-0	0-0-0-0-0-0-0-0-0-0-0-0	0-0-0-0-0-0-0-0-0-0-0-0	0-0-0-0-0-0-0-0-0-0-0-0	0-0-0-0-0-0-0-0-0-0-0-0	0-0-0-0-0-0-0-0-0-0-0-0	0-0-0-0-0-0-0-0-0-0-0-0	0-0-0-0-0-0-0-0-0-0-0-0	0-0-0-0-0-0-0-0-0-0-0-0	0-0-0-0-0-0-0-0-0-0-0-0
201	1	1-1-1-1-1-1-1-1-1-1-1-1	0-0-1-0-0-0-0-2-1-1-0-0	1-0-0-1-1-0-2-0-3-0-2-2	0-0-1-0-0-0-2-1-2-1-2-0	2-0-0-0-0-2-2-0-1-0-0-0	0-2-0-0-0-0-2-0-2-1-4-0	2-3-1-0-0-1-0-0-1-1-0-0	1-1-1-0-1-4-2-0-0-1-0-0	1-0-0-0-0-0-4-0-2-1-0-0	0-0-1-0-0-2-0-1-0-0-0-1	0-0-0-6-0-0-0-0-4-0-0-1	0-0-0-1-0-1-0-0-0-0-1-1
201	2	2-2-2-3-1-2-2-1-2-2-2-3	2-2-1-3-0-3-3-1-3-2-3-3	1-3-0-4-3-3-3-3-1-3-1-3	3-0-2-2-5-3-1-2-3-1-1-2	6-1-3-3-3-1-3-3-2-1-8-5	3-4-3-2-2-0-3-0-1-2-5-2	1-1-2-0-3-0-3-3-2-2-5-3	1-3-2-3-3-1-8-8-2-6-2-0	0-0-3-4-4-3-0-3-1-2-2-2	0-5-0-0-3-4-3-1-3-0-0-2	0-5-0-4-0-2-0-0-0-3-2-2	0-3-2-2-0-0-2-0-0-3-2-4
201	3	3-4-3-4-3-3-3-3-3-2-3-4	2-3-4-2-3-3-2-5-2-3-2-2	5-2-3-2-2-2-4-4-4-4-4-2	2-3-2-2-2-2-3-2-4-4-4-0	2-0-4-2-4-4-4-2-3-3-1-2	2-3-5-5-6-2-4-3-3-3-7-2	6-1-3-0-2-3-5-2-3-3-0-2	3-4-8-2-2-4-4-0-2-3-0-0	0-0-2-2-3-2-7-4-5-2-2-3	0-2-5-4-2-2-2-6-2-4-3-2	4-5-3-3-7-0-3-4-4-2-2-3	0-2-0-4-0-5-2-0-7-2-6-7
201	4	5-3-5-7-4-4-4-6-4-4-5-5	5-3-3-5-5-5-5-7-5-3-5-5	7-6-6-6-3-4-5-5-5-5-3-5	5-5-6-5-2-5-5-2-3-3-3-5	5-8-3-2-6-3-5-5-4-4-5-2	5-2-3-4-7-5-3-5-1-1-1-2	8-1-4-4-5-5-3-5-4-2-4-2	4-3-6-2-2-5-3-2-5-4-6-6	6-7-5-2-2-5-6-5-3-4-2-5	5-6-0-7-3-2-5-1-5-5-5-2	5-8-4-2-8-6-6-5-5-5-5-4	6-2-5-6-6-6-2-6-5-5-3-2
201	5	4-7-4-5-5-5-5-5-4-4-4-4	4-6-6-4-4-4-4-6-4-6-4-4	3-4-4-4-2-6-6-6-6-4-6-6	4-4-5-4-2-4-4-2-6-7-6-4	5-4-3-2-4-6-6-4-6-6-6-2	4-6-3-3-4-4-6-5-5-5-2-5	2-5-6-4-4-5-3-4-5-5-2-2	5-3-3-3-2-4-7-5-4-5-2-4	5-4-3-4-4-4-4-4-3-4-2-4	4-2-5-6-3-7-4-5-4-4-4-2	4-6-8-6-4-4-4-4-4-2-4-5	4-4-4-4-4-3-2-4-4-4-3-3
201	6	7-6-6-7-6-7-7-7-7-6-7-7	4-5-5-6-7-7-7-7-4-5-4-4	4-7-4-4-7-5-7-7-5-6-5-7	7-4-4-7-7-7-5-6-5-5-7-4	7-4-7-6-4-5-7-7-5-5-5-7	7-5-7-6-4-4-7-7-5-5-3-6	3-1-5-6-5-6-3-5-5-5-7-5	5-7-4-7-7-4-5-2-4-4-7-4	4-4-7-7-7-2-4-5-5-4-7-4	4-4-0-5-7-7-8-3-4-4-4-2	4-6-3-5-4-4-4-4-4-6-4-2	4-7-6-7-4-4-6-4-3-4-7-3
201	7	6-8-6-6-7-8-6-6-6-7-6-8	4-3-5-6-6-6-6-6-8-5-6-8	4-6-6-6-6-7-6-6-8-7-7-6	6-7-7-6-6-6-7-6-6-5-6-4	6-4-6-6-7-6-6-6-7-7-4-6	6-5-6-7-4-8-6-5-7-7-3-7	3-5-3-6-8-7-3-8-7-5-6-5	7-6-3-6-6-8-5-2-8-4-6-4	7-4-6-6-6-4-3-8-4-4-6-3	4-7-7-4-6-6-6-8-8-5-4-2	3-7-7-7-3-7-4-4-6-7-4-7	8-6-7-7-6-5-2-4-3-4-6-3
201	8	8-7-6-6-8-8-7-8-6-4-6-7	4-8-8-6-8-8-4-8-7-8-4-7	8-8-8-4-8-7-7-5-7-8-8-8	8-8-8-8-8-8-7-8-7-8-8-4	8-4-8-8-8-8-7-8-8-8-2-6	8-8-8-7-8-7-8-8-8-8-8-8	4-8-8-8-7-8-8-8-8-8-4-8	8-8-3-7-8-7-2-2-7-4-4-6	4-8-7-7-2-8-4-7-8-8-6-8	4-4-8-8-8-7-6-7-7-8-4-8	4-4-5-5-4-4-4-4-4-7-8-8	7-7-8-3-4-8-8-4-8-8-7-8
202	0	0-0-0-0-0-0-0-0-0-0-0-0	0-0-0-0-0-0-0-0-0-0-0-0	0-0-0-0-0-0-0-0-0-0-0-0	0-0-0-0-0-0-0-0-0-0-0-0	0-0-0-0-0-0-0-0-0-0-0-0	0-0-0-0-0-0-0-0-0-0-0-0	0-0-0-0-0-0-0-0-0-0-0-0	0-0-0-0-0-0-0-0-0-0-0-0	0-0-0-0-0-0-0-0-0-0-0-0	0-0-0-0-0-0-0-0-0-0-0-0	0-0-0-0-0-0-0-0-0-0-0-0	0-0-0-0-0-0-0-0-0-0-0-0
202	1	1-2-2-2-2-1-1-2-1-2-2-2	2-2-1-0-3-2-0-2-3-2-0-2	1-1-2-2-2-2-2-2-2-2-2-2	2-1-2-2-1-0-2-3-2-2-2-1	4-0-2-2-4-1-2-1-1-2-3-1	4-0-3-0-2-2-2-2-1-1-1-2	1-2-1-2-2-3-4-2-2-2-0-1	2-1-2-2-1-2-1-2-1-1-0-1	1-0-2-0-1-2-2-1-2-0-1-1	3-1-2-2-1-1-2-1-2-2-2-1	1-7-4-2-4-2-1-4-7-1-2-1	2-1-1-4-3-2-1-2-1-1-4-1
202	2	1-1-1-1-1-1-1-1-1-1-1-1	1-1-1-4-1-1-1-1-1-1-3-3	3-3-1-1-3-3-3-1-1-4-3-1	3-3-1-1-3-3-1-2-3-1-1-1	1-0-4-5-3-3-3-3-1-1-1-3	3-4-4-0-1-1-3-3-1-1-1-1	3-4-1-1-3-2-2-3-1-1-3-3	1-2-1-3-4-1-2-7-2-1-0-0	2-0-3-3-4-1-1-3-1-2-3-1	1-3-1-1-3-3-1-1-3-1-1-4	1-2-0-1-1-1-1-0-0-1-3-2	1-3-2-1-1-1-3-1-1-2-2-1
202	3	1-4-1-1-4-1-1-1-1-1-1-1	1-4-4-2-1-1-1-4-1-1-2-2	1-2-1-1-2-2-4-3-1-2-4-2	2-3-3-1-2-2-1-1-4-3-3-0	1-0-2-2-2-3-4-2-3-3-1-2	2-0-5-3-3-2-4-2-3-3-6-3	2-2-1-4-2-1-5-2-0-5-2-2	1-2-7-2-2-1-6-0-2-3-0-0	1-0-2-2-1-1-1-2-1-2-2-3	1-2-1-0-2-2-3-3-2-1-1-2	3-2-0-1-1-1-1-4-1-0-2-2	1-2-2-1-1-1-2-1-1-1-5-1
202	4	4-3-1-6-3-4-4-4-4-1-1-5	4-3-3-5-1-1-5-6-5-1-5-5	6-5-6-1-4-1-3-6-1-2-3-4	5-5-5-4-2-5-5-4-3-3-5-5	1-5-2-4-6-3-3-2-4-1-1-1	1-2-2-4-5-5-3-2-1-1-1-2	0-2-3-4-5-6-5-5-1-1-5-2	1-2-5-3-2-5-3-2-2-4-4-6	5-7-3-2-2-4-4-2-1-4-2-3	5-7-1-0-2-2-1-1-5-5-5-2	5-2-6-5-1-5-5-5-5-0-2-2	1-2-2-1-5-1-2-5-5-6-1-2
202	5	6-7-6-7-6-6-7-6-6-6-6-6	6-6-5-4-6-6-4-6-6-6-6-6	5-6-6-6-6-6-6-6-6-6-5-6	6-4-6-6-6-6-6-6-6-6-6-4	6-4-6-6-4-6-6-6-5-5-6-6	6-6-6-6-4-4-6-6-5-5-3-6	6-5-5-7-4-7-3-6-5-7-6-6	1-6-4-6-6-4-7-5-6-5-6-4	4-4-3-6-7-7-4-6-6-5-6-3	6-6-5-7-6-2-6-7-4-4-6-6	4-5-4-4-7-4-4-6-6-6-6-5	6-6-6-6-4-6-6-4-6-4-6-1
202	6	5-5-5-5-5-7-5-5-5-5-5-7	5-5-5-4-5-5-7-4-5-5-5-7	4-5-4-5-5-5-5-5-5-5-5-5	5-4-5-5-5-5-5-5-5-5-5-7	5-4-5-5-4-5-5-5-6-6-5-5	7-5-5-7-5-5-5-5-5-6-3-6	5-5-5-4-4-6-6-5-6-5-5-5	6-5-4-5-5-5-3-5-5-5-5-4	6-6-6-5-6-5-3-5-1-6-5-3	5-5-1-5-5-2-5-1-7-5-5-5	5-6-4-7-1-1-4-5-5-5-5-6	5-5-6-6-5-5-5-4-5-4-5-1
202	7	7-5-5-5-7-6-5-7-5-5-5-6	6-5-7-4-7-7-6-5-7-7-5-6	7-7-7-6-7-7-5-5-5-7-5-7	6-7-7-7-7-7-6-7-5-7-7-6	5-4-7-7-7-6-6-7-7-7-5-5	6-7-6-6-7-5-7-7-7-7-7-6	6-7-7-5-5-7-7-7-7-5-5-5	7-7-7-6-7-5-5-2-2-5-5-4	5-4-7-6-5-7-7-5-7-5-5-1	5-4-7-7-5-5-7-5-6-7-6-7	4-1-3-6-5-1-4-5-1-5-7-7	7-6-6-5-1-7-7-4-7-7-5-1
203	0	0-0-0-0-0-0-0-0-0-0-0-0	0-0-0-0-0-0-0-0-0-0-0-0	0-0-0-0-0-0-0-0-0-0-0-0	0-0-0-0-0-0-0-0-0-0-0-0	0-0-0-0-0-0-0-0-0-0-0-0	0-0-0-0-0-0-0-0-0-0-0-0	0-0-0-0-0-0-0-0-0-0-0-0	0-0-0-0-0-0-0-0-0-0-0-0	0-0-0-0-0-0-0-0-0-0-0-0	0-0-0-0-0-0-0-0-0-0-0-0	0-0-0-0-0-0-0-0-0-0-0-0	0-0-0-0-0-0-0-0-0-0-0-0
203	1	1-1-1-1-1-0-1-2-1-1-1-1	1-0-0-1-0-1-1-0-1-1-2-0	3-1-3-0-0-2-2-1-0-0-0-0	1-3-2-2-1-2-0-1-0-0-0-1	0-0-0-0-4-0-0-1-0-1-1-1	1-0-0-1-3-1-0-0-0-0-0-0	0-0-0-6-2-0-0-0-0-1-0-0	0-0-0-0-0-0-0-3-3-0-4-0	1-1-1-2-1-0-1-3-0-1-1-1	0-4-1-0-0-0-0-0-1-3-1-0	4-0-1-1-1-1-1-1-0-1-0-1	0-0-1-1-3-1-1-1-1-1-1-1
203	2	2-2-3-4-3-3-2-3-2-2-3-3	3-3-3-3-3-3-2-3-3-3-3-3	2-2-4-3-3-3-3-3-4-3-3-3	3-2-3-3-3-3-3-3-3-3-3-2	3-3-3-4-5-2-3-2-3-3-4-1	3-3-3-3-5-3-3-3-3-2-0-3	3-2-2-2-3-4-3-3-3-0-2-4	2-2-4-2-2-3-3-0-5-3-3-3	2-1-3-2-3-4-3-1-3-2-2-2	4-2-1-2-0-2-0-3-6-6-3-3	3-2-2-2-3-1-2-2-2-2-3-3	4-2-2-5-4-3-2-3-2-4-2-2
203	3	2-2-2-2-2-2-2-2-2-2-2-2	2-2-2-4-2-2-2-2-2-2-4-2	6-3-2-2-2-2-4-2-2-4-2-2	4-1-2-4-4-4-2-4-2-2-4-2	6-2-4-2-1-4-4-4-2-2-2-4	4-4-4-2-1-2-4-2-2-2-0-4	2-3-2-2-4-3-2-2-2-3-4-2	2-3-3-4-4-2-2-9-4-2-2-2	2-1-2-4-2-9-2-4-2-2-3-3	2-4-1-2-4-3-0-2-4-1-2-6	2-2-2-2-2-3-2-2-2-1-2-1	2-4-4-1-2-2-4-2-5-2-3-2
203	4	2-4-2-2-2-4-2-2-2-2-2-2	2-5-4-3-2-2-2-3-2-2-3-3	2-5-5-2-5-2-3-6-2-3-3-5	3-4-2-3-3-3-2-3-5-5-5-2	3-2-3-2-1-3-3-3-4-8-2-3	3-3-6-2-4-2-3-3-2-4-7-3	5-6-2-9-3-2-7-3-4-7-3-5	2-3-2-3-3-2-7-3-3-2-1-2	4-1-3-3-4-2-2-3-2-2-3-7	2-3-6-2-3-3-3-2-3-2-9-3	4-2-9-5-2-5-2-4-2-3-2-4	2-3-3-1-2-8-3-2-8-2-7-2
203	5	5-5-5-5-6-5-6-5-6-6-7-5	6-4-4-6-2-6-6-6-6-6-6-6	5-6-7-7-5-7-6-5-6-6-5-5	6-7-6-6-4-6-8-5-4-5-4-6	5-6-4-5-6-4-6-6-4-5-6-5	6-6-4-6-7-7-4-6-5-4-0-6	6-4-5-2-6-5-6-6-4-5-6-4	2-4-6-4-5-6-6-6-5-7-6-7	6-7-5-6-6-5-9-4-2-5-5-7	6-9-2-9-6-4-6-5-6-7-6-9	9-5-2-6-7-4-7-7-7-5-2-5	6-3-5-5-7-6-5-6-6-8-6-6
203	6	5-6-5-5-5-6-5-5-5-5-5-5	5-7-7-5-5-5-5-5-5-5-5-5	3-5-5-5-7-5-7-8-5-7-7-7	5-5-5-5-3-5-7-3-6-8-7-5	3-5-3-3-5-7-7-5-4-5-5-5	5-5-4-5-5-5-7-5-6-6-0-5	5-7-7-1-5-5-5-5-6-8-5-7	5-3-5-4-3-5-7-5-5-6-5-5	5-5-2-5-5-5-5-5-2-6-3-3	5-3-4-7-5-8-5-5-2-5-5-3	8-7-6-5-5-5-5-8-2-2-2-5	5-3-5-7-5-5-7-5-5-2-5-5
203	7	8-7-8-8-6-8-5-8-5-5-7-9	5-6-6-8-8-2-5-8-5-5-5-5	2-8-5-9-8-5-6-5-5-6-6-8	8-5-5-8-8-8-6-8-8-6-8-7	8-5-9-8-5-8-8-8-6-7-8-8	5-8-8-5-7-5-8-8-6-4-4-9	7-6-6-2-6-7-9-8-4-6-8-6	5-8-5-7-7-5-4-8-8-2-8-5	5-5-4-7-8-3-2-8-2-6-7-4	7-8-1-6-8-9-7-2-1-5-5-7	8-8-4-6-5-7-5-5-5-7-7-7	5-8-7-8-5-5-7-5-8-5-8-6
203	8	7-6-7-7-6-9-5-7-7-5-7-7	5-6-6-7-7-7-5-7-5-5-5-5	9-7-7-7-7-8-7-9-9-7-8-7	7-8-8-7-7-7-5-7-7-6-7-7	7-5-7-7-8-7-7-8-8-8-7-7	5-9-7-5-8-5-7-7-8-8-0-8	9-4-6-8-8-8-5-7-8-6-7-6	8-7-2-7-7-9-4-7-7-5-7-5	8-5-8-8-7-2-2-8-2-6-7-0	9-7-8-2-7-6-0-2-9-5-8-7	7-7-7-2-4-9-5-8-2-7-2-8	2-7-7-8-7-4-8-5-4-5-7-6
203	9	9-6-7-7-9-9-5-9-5-5-7-7	5-9-9-7-9-9-5-9-9-9-7-8	9-8-9-7-9-8-8-8-8-9-6-9	7-9-9-9-9-9-8-9-8-9-9-7	7-5-9-9-9-9-8-9-9-9-7-9	9-9-9-8-9-5-9-9-9-9-9-7	8-9-9-4-6-9-7-9-9-9-4-2	9-9-7-8-9-8-7-3-7-2-5-5	8-9-9-8-9-9-5-8-9-6-7-4	8-5-9-6-9-7-9-9-8-9-4-9	5-2-4-5-2-8-5-5-5-8-9-8	5-8-8-2-5-9-9-5-9-9-5-9
204	0	0-0-0-0-0-0-0-0-0-0-0-0	0-0-0-0-0-0-0-0-0-0-0-0	0-0-0-0-0-0-0-0-0-0-0-0	0-0-0-0-0-0-0-0-0-0-0-0	0-0-0-0-0-0-0-0-0-0-0-0	0-0-0-0-0-0-0-0-0-0-0-0	0-0-0-0-0-0-0-0-0-0-0-0	0-0-0-0-0-0-0-0-0-0-0-0	0-0-0-0-0-0-0-0-0-0-0-0	0-0-0-0-0-0-0-0-0-0-0-0	0-0-0-0-0-0-0-0-0-0-0-0	0-0-0-0-0-0-0-0-0-0-0-0
204	1	1-1-1-3-1-1-1-1-1-1-2-2	2-2-1-0-2-2-4-2-1-2-2-2	1-2-3-2-2-2-2-2-3-1-3-2	2-1-2-3-1-0-2-2-1-2-1-1	2-1-1-2-4-1-2-1-1-1-4-1	4-1-2-3-2-2-1-2-2-1-4-2	1-2-1-1-0-1-0-2-1-3-1-4	1-1-1-1-1-2-2-1-1-1-0-1	1-0-2-0-1-2-1-1-3-1-1-2	2-1-1-2-1-1-2-1-0-1-0-1	1-0-3-1-1-2-0-1-1-1-2-1	3-1-1-1-1-4-1-2-0-1-1-1
204	2	1-1-1-2-1-1-1-1-1-1-1-1	1-1-1-2-1-1-1-1-1-1-1-1	0-3-3-3-3-1-3-1-1-3-1-1	3-0-1-2-3-3-1-1-1-1-3-1	1-1-2-1-3-3-3-3-1-1-1-3	3-3-3-2-1-1-3-1-1-1-5-4	3-4-1-1-3-2-1-3-1-1-3-3	1-2-4-2-3-1-1-4-2-1-0-0	2-0-3-3-4-1-0-4-1-2-2-1	3-4-1-1-3-2-3-1-3-0-0-2	1-2-1-1-1-1-0-2-1-3-1-1	1-2-2-0-1-1-3-1-0-4-2-1
204	3	1-4-1-1-3-3-1-3-1-1-1-4	1-4-4-2-1-1-1-4-1-1-1-1	1-2-1-2-2-1-4-1-1-2-4-2	2-3-4-1-2-2-1-1-4-3-4-1	1-1-5-3-2-2-4-2-3-3-1-2	2-2-4-1-3-1-4-1-3-3-6-3	2-1-4-6-2-3-4-2-1-1-2-2	3-2-4-2-2-1-4-1-2-4-0-1	5-0-4-2-3-3-0-2-1-3-2-4	2-2-1-4-2-2-4-3-2-4-0-2	5-2-1-1-1-1-0-3-4-2-2-1	1-2-2-4-1-1-2-1-7-5-7-1
204	4	4-3-1-4-3-1-1-4-1-4-1-3	4-3-3-2-2-1-5-3-1-1-5-5	7-5-7-2-4-3-3-5-1-2-3-4	5-4-5-4-2-5-4-2-3-5-3-7	1-4-3-5-6-3-3-5-3-3-1-5	1-1-3-0-4-8-3-2-1-3-1-2	4-2-3-7-5-4-3-4-1-1-2-1	1-2-3-3-2-6-3-2-2-4-4-7	6-0-3-2-2-1-6-2-4-4-2-3	5-6-1-3-2-2-3-3-7-6-6-2	6-2-1-1-1-1-4-6-6-2-3-4	4-2-4-3-6-1-2-6-8-2-3-2
204	5	6-5-6-7-6-6-6-6-6-6-6-6	6-5-5-6-6-6-6-6-6-6-6-6	5-6-6-6-6-6-5-6-6-6-5-5	6-5-6-6-2-6-6-7-5-6-5-4	6-4-3-7-5-6-6-5-5-6-6-6	6-6-6-6-4-6-5-7-5-5-2-5	8-6-5-5-6-5-3-6-5-5-2-6	5-2-4-6-5-6-6-7-2-5-6-4	5-8-6-6-5-6-7-6-7-7-2-6	6-2-7-5-6-6-6-5-6-7-4-2	5-6-4-5-8-8-4-4-4-6-6-6	7-6-5-8-4-5-6-4-5-3-3-8
204	6	5-8-5-8-5-7-5-5-5-5-5-5	5-7-7-7-5-5-7-5-5-5-7-5	5-7-5-5-5-5-7-5-5-7-6-7	7-7-5-5-7-7-5-5-7-7-7-4	7-4-5-6-4-7-7-7-5-5-5-7	5-5-7-7-4-5-7-6-6-6-3-7	7-5-5-5-5-6-6-5-6-8-7-6	5-7-7-7-7-5-7-7-8-5-7-4	5-5-5-7-7-5-5-7-5-5-7-5	8-7-5-5-7-5-7-6-4-4-7-7	4-5-4-5-7-5-4-4-4-7-5-5	5-7-7-7-4-7-7-4-4-5-3-7
204	7	6-6-5-6-5-8-5-5-5-5-5-8	5-6-6-6-6-5-6-6-6-6-6-8	4-6-6-6-6-5-6-6-5-6-6-6	6-6-7-5-6-6-8-5-6-6-6-4	6-4-5-6-7-6-6-6-7-3-5-6	5-6-6-6-7-4-6-6-7-7-3-6	6-5-5-4-6-7-6-6-7-5-6-6	7-6-6-6-6-5-6-6-2-5-6-4	5-7-4-6-6-5-5-6-5-5-6-5	6-6-5-3-6-5-6-5-4-5-6-6	6-7-1-5-6-5-4-4-6-6-5-7	5-6-6-7-7-6-6-5-3-4-3-6
204	8	8-6-6-6-6-7-5-8-5-5-5-7	5-6-8-6-8-5-6-8-8-8-6-7	8-8-8-6-8-5-6-5-6-8-5-8	7-8-5-6-8-8-7-8-8-8-8-7	5-4-8-8-8-8-7-8-8-8-5-8	5-8-8-6-8-4-8-8-8-8-8-7	5-8-8-8-6-8-8-8-8-6-6-6	8-8-6-7-8-5-6-6-6-5-5-4	6-5-8-7-6-8-8-6-5-5-6-8	6-4-8-5-4-5-6-5-7-8-7-8	4-5-1-5-5-5-4-4-4-5-8-8	5-7-7-5-6-8-8-5-8-8-3-5
205	0	0-0-0-0-0-0-0-0-0-0-0-0	0-0-0-0-0-0-0-0-0-0-0-0	0-0-0-0-0-0-0-0-0-0-0-0	0-0-0-0-0-0-0-0-0-0-0-0	0-0-0-0-0-0-0-0-0-0-0-0	0-0-0-0-0-0-0-0-0-0-0-0	0-0-0-0-0-0-0-0-0-0-0-0	0-0-0-0-0-0-0-0-0-0-0-0	0-0-0-0-0-0-0-0-0-0-0-0	0-0-0-0-0-0-0-0-0-0-0-0	0-0-0-0-0-0-0-0-0-0-0-0	0-0-0-0-0-0-0-0-0-0-0-0
205	1	1-2-2-3-2-2-1-2-1-1-2-3	2-2-1-2-2-2-0-2-2-2-0-2	1-2-0-2-2-2-2-2-2-2-2-2	2-2-2-4-1-0-2-2-2-2-1-2	2-0-1-3-1-1-2-1-2-2-3-1	2-2-0-5-2-0-2-2-2-1-0-1	2-1-1-1-2-0-2-4-1-1-1-2	1-1-0-1-1-3-2-1-1-2-2-1	1-0-2-0-2-0-2-2-2-1-1-1	2-1-1-2-1-6-2-2-0-3-0-1	1-2-1-0-2-1-1-0-3-1-2-3	2-1-1-1-1-1-1-3-1-1-1-2
205	2	1-1-1-1-1-1-1-1-1-1-1-1	1-1-1-4-1-1-1-1-1-1-3-1	5-3-0-1-1-1-3-1-1-1-1-1	3-1-1-3-4-3-1-4-1-1-3-1	4-0-6-1-0-1-3-3-1-1-1-3	3-4-3-0-1-4-3-1-1-1-0-4	1-3-1-0-3-2-1-3-2-2-3-1	1-2-2-3-2-1-1-9-3-1-1-0	2-0-3-3-1-2-1-3-1-2-3-2	1-3-1-1-3-2-3-1-3-0-0-3	1-2-1-0-1-2-0-0-1-3-1-1	1-3-2-1-1-1-3-1-4-2-2-1
205	3	3-3-1-1-5-1-1-3-1-1-1-1	2-4-3-2-1-1-0-4-1-1-2-2	1-2-1-1-2-5-4-1-5-1-4-2	2-3-4-2-2-2-1-2-4-3-4-0	2-0-2-1-0-4-4-2-3-3-1-2	2-2-4-0-3-0-4-2-3-3-3-2	4-5-1-0-2-3-3-6-1-4-2-1	1-2-2-4-2-1-5-2-2-1-1-0	3-0-2-2-3-3-3-2-1-3-2-4	1-4-3-5-4-1-2-3-4-1-3-2	3-6-3-3-8-1-0-5-1-4-3-4	1-2-2-1-4-3-2-1-1-1-3-8
205	4	4-4-2-4-4-4-4-5-4-1-1-1	1-5-5-2-6-1-2-3-1-3-2-3	1-2-1-1-2-5-5-6-1-6-5-5	2-4-5-1-2-2-6-2-5-5-5-0	2-0-2-6-0-3-5-4-5-1-1-2	5-2-3-0-6-2-5-1-7-4-8-2	3-5-4-0-3-3-5-5-4-3-5-1	4-2-2-3-2-1-6-5-2-4-7-1	3-0-5-2-4-3-3-2-1-4-3-3	0-3-4-5-3-1-3-4-3-1-5-2	5-4-4-4-8-1-0-0-1-3-5-3	3-2-2-4-5-4-3-4-4-1-7-4
205	5	6-5-6-5-4-4-5-4-5-5-6-9	6-4-4-6-1-1-6-4-6-4-6-6	7-6-6-2-2-6-4-4-3-2-4-4	6-5-7-6-6-6-6-7-4-4-4-6	2-5-8-4-7-3-6-6-4-5-6-6	6-6-4-7-5-7-6-6-3-4-4-6	4-3-4-9-3-7-4-4-4-3-4-1	4-3-8-6-2-1-9-7-7-7-7-0	9-0-4-6-4-3-8-6-1-5-6-4	9-6-7-3-4-1-6-4-6-6-8-2	6-1-7-3-1-6-6-3-8-6-6-5	5-6-5-6-4-5-6-5-5-6-2-5
205	6	5-6-5-6-6-6-6-7-5-5-5-5	5-7-6-5-7-5-5-7-5-6-5-5	2-5-5-5-7-5-7-8-5-7-7-7	5-7-5-5-5-5-7-2-7-7-7-5	1-5-2-4-5-6-7-5-6-6-5-5	5-5-4-5-4-5-7-5-4-6-4-6	7-7-7-0-3-3-4-7-6-6-5-1	4-3-2-5-2-1-4-5-5-6-5-0	6-0-8-5-4-2-5-5-7-6-5-9	5-5-6-7-3-1-5-4-5-5-5-4	5-9-9-6-9-5-5-9-1-5-5-4	1-2-5-5-5-7-5-0-8-5-8-1
205	7	9-7-9-9-6-7-8-6-9-9-5-9	8-6-6-8-6-8-9-8-8-6-8-8	5-8-8-8-8-8-8-8-8-8-6-8	8-8-5-8-8-8-6-5-8-6-8-8	8-5-8-4-5-8-8-8-7-7-7-5	8-5-8-5-4-5-8-8-4-6-0-8	9-3-4-0-9-7-7-9-4-6-8-7	7-8-5-8-8-9-3-5-5-5-8-0	6-0-8-8-9-6-8-8-6-7-8-6	8-8-5-6-8-8-8-4-5-5-5-2	8-7-7-4-0-2-8-0-8-8-6-9	1-8-2-5-8-6-7-0-7-5-8-3
205	8	9-9-7-7-6-9-9-9-9-8-8-9	7-6-8-7-9-7-7-7-7-9-7-7	9-7-7-7-7-7-7-7-7-7-7-7	7-7-8-7-7-7-9-5-7-6-7-9	7-5-7-7-8-7-7-7-8-6-7-7	7-5-7-9-8-5-7-7-8-8-4-9	9-3-1-5-8-8-8-9-8-6-7-9	8-7-5-7-7-1-4-4-5-6-7-0	8-8-7-7-7-6-7-7-4-8-7-3	7-7-4-6-7-7-7-9-9-1-5-2	7-8-8-4-4-9-7-6-5-7-6-8	3-7-9-5-7-6-7-5-6-5-6-3
205	9	9-8-7-7-9-8-8-9-8-7-5-8	7-6-9-7-9-9-7-9-9-9-7-8	9-7-9-9-9-9-8-8-7-9-8-9	7-9-9-9-9-9-8-9-8-9-9-8	7-5-9-9-9-9-8-9-9-9-7-9	7-9-9-8-9-8-9-9-9-9-9-8	8-9-9-5-7-9-9-9-9-6-7-8	9-9-9-8-9-7-5-2-5-9-5-5	5-9-9-9-7-9-9-6-9-1-7-6	5-9-4-6-9-9-7-8-8-9-8-9	2-6-6-9-6-5-7-6-9-7-9-9	1-4-8-1-5-9-9-9-9-9-7-9
206	0	0-0-0-0-0-0-0-0-0-0-0-0	0-0-0-0-0-0-0-0-0-0-0-0	0-0-0-0-0-0-0-0-0-0-0-0	0-0-0-0-0-0-0-0-0-0-0-0	0-0-0-0-0-0-0-0-0-0-0-0	0-0-0-0-0-0-0-0-0-0-0-0	0-0-0-0-0-0-0-0-0-0-0-0	0-0-0-0-0-0-0-0-0-0-0-0	0-0-0-0-0-0-0-0-0-0-0-0	0-0-0-0-0-0-0-0-0-0-0-0	0-0-0-0-0-0-0-0-0-0-0-0	0-0-0-0-0-0-0-0-0-0-0-0
206	1	1-1-0-1-1-1-1-1-1-0-1-1	0-2-1-0-0-0-0-2-0-0-0-0	0-1-0-0-0-0-2-3-0-0-2-1	0-0-2-0-0-0-0-0-2-1-2-0	0-0-0-0-0-2-2-0-1-1-0-0	0-0-0-0-0-0-2-0-1-1-1-0	0-1-2-0-2-1-0-2-1-1-0-1	1-1-0-2-1-0-1-0-0-1-1-0	1-0-0-0-0-0-4-2-2-1-1-1	0-0-1-0-1-0-1-1-0-0-0-1	2-1-1-2-4-0-0-0-0-0-0-3	2-1-0-1-6-0-1-0-0-0-0-1
206	2	2-1-2-2-1-2-2-2-2-2-2-2	3-1-1-3-2-0-0-1-0-2-3-1	3-3-0-3-3-5-3-3-0-3-1-3	3-3-3-3-3-3-4-2-3-1-1-2	3-0-2-3-0-1-3-3-2-2-7-2	3-3-3-0-2-3-3-3-1-2-0-3	2-2-1-0-3-0-3-1-2-1-0-3	2-2-3-3-3-3-3-7-7-1-2-0	2-0-3-3-0-2-0-3-1-2-2-2	0-3-1-1-2-2-1-1-3-0-0-2	1-2-0-1-4-2-0-0-0-3-3-2	1-2-2-3-0-2-3-0-2-6-2-2
206	3	3-3-3-3-5-3-3-3-3-3-3-2	2-5-3-2-2-3-0-4-3-3-2-4	4-2-0-2-2-2-2-4-4-4-5-2	2-2-2-2-2-2-5-2-5-5-4-0	2-0-2-2-4-3-2-2-4-3-0-2	2-2-5-0-5-2-4-2-3-3-6-3	4-3-1-0-2-3-5-0-1-3-0-2	4-2-2-2-2-2-2-0-3-3-4-0	3-0-2-2-3-2-6-2-0-3-4-3	0-2-3-4-0-2-4-3-2-4-0-2	3-2-7-5-0-4-0-6-4-2-2-1	4-2-2-2-0-6-2-0-2-2-2-6
206	4	4-4-4-4-6-5-7-5-5-5-4-4	5-3-3-2-5-5-5-4-5-5-5-5	4-5-5-4-4-6-4-4-5-3-7-4	5-4-5-6-4-5-5-4-4-4-3-4	4-6-6-4-5-3-5-4-3-4-5-5	4-5-4-5-3-3-3-5-6-4-3-5	3-4-4-5-4-5-4-5-4-4-7-2	5-4-5-3-4-6-5-6-4-5-5-5	4-5-4-5-4-4-5-6-5-4-7-5	5-5-4-7-5-2-4-4-5-5-5-2	5-4-5-3-5-3-4-4-5-4-4-5	7-2-4-5-5-2-2-5-5-5-5-4
206	5	6-3-5-7-3-5-4-4-4-4-5-4	4-3-3-6-4-4-6-5-4-4-6-6	5-6-4-6-6-2-6-4-6-6-3-6	6-4-4-2-6-6-4-6-6-3-6-5	6-4-6-2-4-6-6-6-5-4-4-4	6-4-6-4-3-2-6-6-3-3-3-4	7-5-4-4-5-4-3-6-4-7-6-2	4-5-6-6-6-4-7-7-6-4-6-4	4-4-4-6-7-5-4-4-4-6-6-4	4-6-4-0-6-6-5-4-4-4-6-6	6-7-4-3-7-4-4-7-4-6-2-6	4-6-5-4-4-5-6-4-6-4-6-6
206	6	5-7-5-5-4-7-7-4-4-4-5-7	4-4-4-5-6-4-5-5-4-4-5-5	7-5-4-5-5-4-5-7-5-5-6-5	5-6-6-4-5-5-7-5-5-3-5-7	5-4-4-4-6-5-7-5-6-6-4-4	5-5-5-7-6-2-5-5-6-6-3-6	7-5-1-6-7-6-6-5-6-4-5-7	6-5-5-5-5-4-4-5-5-4-5-4	6-4-6-5-5-5-3-4-7-6-5-4	4-5-4-0-5-5-5-7-7-4-5-5	5-6-7-6-6-7-6-5-6-5-5-5	7-5-7-6-1-3-5-4-5-5-5-5
206	7	7-6-5-5-7-6-6-7-6-4-4-6	4-7-7-5-7-4-5-5-4-7-5-6	7-7-7-4-7-7-7-6-7-7-6-7	6-7-7-7-7-7-6-7-6-7-7-6	5-0-7-7-6-6-6-7-7-7-2-4	5-7-7-6-7-7-6-7-7-7-3-6	6-7-7-7-6-7-7-6-7-7-6-7	7-7-7-6-7-4-5-5-2-4-4-4	4-7-7-6-5-7-7-2-6-6-5-3	4-7-7-7-7-5-7-6-6-7-5-7	5-7-6-6-5-6-6-5-7-7-7-7	4-6-6-4-4-7-7-4-7-7-5-7
207	0	0-0-0-0-0-0-0-0-0-0-0-0	0-0-0-0-0-0-0-0-0-0-0-0	0-0-0-0-0-0-0-0-0-0-0-0	0-0-0-0-0-0-0-0-0-0-0-0	0-0-0-0-0-0-0-0-0-0-0-0	0-0-0-0-0-0-0-0-0-0-0-0	0-0-0-0-0-0-0-0-0-0-0-0	0-0-0-0-0-0-0-0-0-0-0-0	0-0-0-0-0-0-0-0-0-0-0-0	0-0-0-0-0-0-0-0-0-0-0-0	0-0-0-0-0-0-0-0-0-0-0-0	0-0-0-0-0-0-0-0-0-0-0-0
207	1	1-1-1-2-1-1-1-1-1-1-1-1	2-2-1-0-2-2-2-2-2-2-2-2	1-2-5-1-2-2-2-2-4-2-3-2	2-1-2-2-1-0-2-1-2-2-2-1	2-3-1-3-1-1-2-1-2-2-2-1	2-2-5-2-2-2-2-2-2-1-4-2	1-1-1-1-2-1-0-2-1-2-6-2	1-1-2-1-1-2-1-1-1-0-3-1	1-1-1-1-1-1-2-0-2-1-1-2	4-1-1-2-1-1-2-1-2-4-4-1	2-9-4-2-1-1-1-1-3-1-2-2	2-1-1-1-3-1-1-2-1-1-1-3
207	2	1-1-2-2-1-1-1-1-1-1-1-1	1-1-1-5-1-1-1-1-1-1-1-1	0-3-0-5-4-1-3-1-1-1-1-1	3-0-1-1-3-4-1-2-1-1-3-1	1-1-3-3-4-3-3-3-1-1-1-4	3-4-3-1-1-3-3-1-1-1-0-4	3-4-1-2-3-2-0-3-2-1-4-3	1-2-1-3-3-1-1-9-2-0-3-0	2-0-3-3-9-4-1-4-1-2-3-1	1-3-1-1-3-2-3-1-3-1-1-4	1-2-0-1-1-1-1-2-1-3-4-1	1-2-2-1-1-2-3-1-2-2-2-1
207	3	3-3-1-3-3-1-1-1-1-1-3-2	1-4-3-2-1-1-1-4-1-1-2-4	1-2-1-1-2-1-4-5-1-2-4-5	2-3-4-1-2-2-4-2-4-4-4-1	2-1-2-2-6-4-4-2-3-1-1-2	2-2-2-1-3-2-2-2-3-3-8-3	2-2-3-6-2-3-4-2-3-1-2-2	3-5-4-4-2-1-7-2-2-4-1-3	3-0-2-2-3-2-3-2-4-3-2-3	1-2-3-1-2-2-2-3-4-1-1-2	4-2-5-3-9-1-0-5-1-2-2-3	1-2-2-5-1-3-4-1-2-2-2-1
207	4	4-4-1-4-4-4-4-1-1-1-3-1	1-5-5-2-1-1-1-3-1-3-2-5	3-4-6-1-2-5-5-5-1-6-5-5	2-5-5-5-2-2-3-2-5-4-3-1	2-1-2-5-2-3-5-4-5-1-1-2	2-2-3-1-4-2-5-1-4-4-6-2	5-2-4-4-2-3-5-5-4-1-2-2	4-2-2-3-2-1-8-2-2-4-4-1	3-6-3-2-4-2-3-2-8-4-4-4	1-2-5-5-2-2-5-5-3-1-1-2	3-2-1-5-4-1-0-3-1-3-2-3	1-2-2-4-1-1-3-1-1-2-4-1
207	5	5-4-5-5-4-4-5-6-1-5-6-5	5-4-4-2-1-1-5-4-1-5-6-4	5-5-6-2-5-6-4-4-4-4-4-3	5-7-4-4-6-6-1-8-4-6-6-5	2-5-6-4-7-3-4-5-4-1-1-5	1-7-6-5-5-6-4-2-1-4-0-5	4-2-4-7-5-7-4-4-4-1-3-1	1-3-8-6-4-1-4-2-8-7-5-0	2-0-5-2-2-8-5-2-1-5-6-4	5-8-4-4-5-3-4-4-7-8-4-2	7-2-3-4-6-6-7-3-8-9-3-5	5-4-4-7-6-4-6-1-2-6-2-2
207	6	7-7-7-6-7-7-8-7-9-7-7-6	7-4-8-7-7-7-7-6-7-7-6-7	6-7-7-7-6-7-6-7-7-7-7-6	6-6-7-6-6-5-7-6-7-7-5-6	8-6-5-5-7-6-6-6-7-8-8-6	7-6-7-8-4-7-5-8-7-4-4-6	7-6-7-7-6-6-7-6-7-6-9-7	7-6-7-5-5-7-8-7-5-5-9-7	7-7-7-6-8-8-7-7-7-5-5-8	6-7-6-7-7-2-8-6-5-7-7-2	9-9-8-8-7-9-8-7-7-1-7-6	7-9-6-5-5-7-7-7-7-5-7-9
207	7	6-6-6-6-6-6-6-6-6-6-6-6	6-4-8-8-6-6-6-7-6-8-6-6	7-8-6-6-8-6-8-6-6-6-6-7	8-5-6-7-8-8-6-8-6-6-8-6	8-6-8-8-5-8-8-8-6-6-6-8	6-7-8-6-4-6-8-8-6-7-4-5	8-7-6-6-6-5-8-8-6-9-8-6	6-8-6-8-8-6-9-8-5-5-8-6	6-6-6-8-8-6-6-8-6-5-8-5	6-8-7-6-8-2-8-4-5-6-8-8	8-2-8-9-6-8-6-6-8-8-6-1	6-8-6-5-6-6-6-6-6-5-8-6
207	8	7-6-6-7-6-6-6-6-6-6-6-9	6-7-6-7-6-6-6-7-6-7-6-6	9-7-7-6-7-8-7-6-6-7-7-7	7-8-8-7-7-7-9-7-6-6-7-6	7-6-7-7-8-7-7-7-8-6-6-7	6-6-7-6-5-9-7-7-8-8-3-8	9-6-6-8-8-8-7-7-8-6-7-6	8-7-5-7-7-6-4-7-5-6-7-6	8-6-8-7-7-6-8-7-4-5-7-6	8-7-8-6-7-2-7-6-9-5-8-2	7-6-7-6-9-7-6-8-7-8-6-8	6-9-6-8-5-6-6-6-7-5-7-6
207	9	9-7-6-7-6-6-6-9-6-6-6-8	6-9-9-6-9-6-7-6-6-9-6-6	9-8-9-6-9-9-7-8-6-9-6-9	7-9-9-9-9-9-8-9-8-9-9-6	7-6-9-9-9-9-8-9-9-9-7-9	6-9-9-7-9-6-9-9-9-9-9-9	8-9-9-6-8-9-9-9-9-9-6-6	9-9-7-8-9-6-7-2-2-5-7-6	8-9-9-8-2-9-9-8-9-6-7-3	7-9-9-9-9-2-9-6-8-9-4-9	6-6-6-7-8-6-6-6-6-9-9-9	6-8-6-6-8-9-9-6-6-9-7-6
208	0	0-0-0-0-0-0-0-0-0-0-0-0	0-0-0-0-0-0-0-0-0-0-0-0	0-0-0-0-0-0-0-0-0-0-0-0	0-0-0-0-0-0-0-0-0-0-0-0	0-0-0-0-0-0-0-0-0-0-0-0	0-0-0-0-0-0-0-0-0-0-0-0	0-0-0-0-0-0-0-0-0-0-0-0	0-0-0-0-0-0-0-0-0-0-0-0	0-0-0-0-0-0-0-0-0-0-0-0	0-0-0-0-0-0-0-0-0-0-0-0	0-0-0-0-0-0-0-0-0-0-0-0	0-0-0-0-0-0-0-0-0-0-0-0
208	1	1-1-1-1-1-1-1-1-1-1-1-1	1-2-2-1-2-2-0-2-1-1-2-2	2-2-2-2-2-2-3-2-2-2-3-2	2-0-2-3-1-2-2-2-2-2-2-0	2-2-4-2-0-1-2-2-2-2-2-1	2-2-2-0-0-4-1-1-2-1-1-0	1-3-1-1-2-1-1-3-1-1-1-1	1-2-1-1-4-2-2-3-1-0-3-1	1-0-2-2-0-5-1-1-2-1-1-2	1-1-1-2-2-1-3-1-0-0-1-3	1-2-4-1-1-1-1-1-1-1-2-1	1-2-1-2-1-1-2-2-1-4-1-2
208	2	1-1-2-2-2-1-1-1-1-1-1-1	1-1-1-1-1-1-3-1-1-2-1-1	1-3-1-1-1-1-1-1-1-1-1-1	3-0-1-1-4-3-1-1-1-1-1-0	1-1-3-1-0-1-3-1-1-1-1-3	1-1-1-4-2-4-3-1-1-1-0-3	1-1-1-1-3-2-0-3-2-2-3-3	1-1-3-3-3-1-7-4-3-0-1-3	3-0-1-3-4-2-1-3-1-2-4-1	1-1-0-1-3-4-1-1-3-0-1-4	6-1-1-4-2-2-1-3-3-3-1-1	2-3-3-2-6-1-3-1-2-2-2-1
208	3	3-3-2-3-3-3-3-3-3-1-1-1	2-4-3-1-1-1-2-4-1-3-2-1	1-2-4-1-1-1-4-5-1-2-4-4	2-4-4-1-2-2-5-2-4-1-4-0	1-0-5-1-3-2-4-2-4-1-1-2	1-2-2-2-3-1-4-1-3-3-6-2	1-1-3-4-2-3-4-4-3-3-2-2	3-2-4-2-2-0-5-1-2-6-1-2	2-0-5-2-3-1-3-2-6-3-2-3	2-1-3-4-2-5-1-5-2-0-1-1	1-1-1-3-4-0-0-2-2-2-1-3	3-2-2-4-0-2-2-3-2-2-3-1
208	4	5-3-2-5-3-4-5-5-4-4-4-7	5-3-3-2-1-5-5-5-5-5-5-5	5-5-6-1-4-1-5-5-1-5-3-3	5-5-3-1-2-2-5-2-3-3-3-0	1-5-1-1-5-4-5-4-3-4-5-2	3-5-2-2-5-1-3-2-5-3-1-2	1-1-3-5-5-5-3-3-3-3-2-5	3-2-3-2-1-4-3-2-4-5-5-5	7-4-3-2-2-1-5-5-5-4-2-1	1-5-4-3-3-2-3-3-5-5-3-4	1-1-1-3-3-5-5-5-3-3-1-4	4-2-4-4-4-1-4-5-7-2-1-1
208	5	5-7-7-7-5-4-6-4-5-5-5-5	4-3-3-6-6-6-6-4-6-4-4-6	2-4-4-6-6-1-6-6-6-6-4-6	6-4-6-6-6-6-4-5-6-6-6-7	6-4-3-6-4-5-6-6-4-5-4-2	6-5-6-5-4-7-6-6-4-5-3-6	7-6-3-5-4-5-3-6-5-7-6-5	5-6-6-6-6-4-3-7-4-4-6-4	4-0-3-6-6-1-4-6-4-1-6-7	1-6-4-4-6-6-6-3-4-4-6-6	6-5-5-3-7-4-4-6-4-6-1-5	5-5-5-6-6-1-6-4-5-2-6-5
208	6	5-7-5-5-5-7-7-7-7-6-5-7	4-3-3-5-5-5-5-4-5-4-5-7	7-5-4-5-5-3-5-5-5-5-7-5	5-4-5-5-5-5-7-2-5-5-5-7	5-7-3-5-6-5-7-5-6-6-5-2	5-5-5-6-6-7-5-5-6-6-3-5	5-5-6-6-4-6-7-5-6-6-5-5	6-5-5-5-5-6-3-5-5-6-5-4	6-6-6-5-5-1-6-5-3-6-5-1	1-5-6-6-5-5-5-3-7-6-6-5	5-6-7-3-3-7-4-5-2-5-3-5	5-7-7-5-2-1-5-4-5-2-5-5
208	7	7-5-5-5-7-6-6-7-6-6-5-6	4-7-7-5-7-7-5-5-7-7-4-6	7-7-7-6-7-7-7-6-7-7-6-7	6-7-7-7-7-7-6-7-7-7-5-6	5-6-7-7-6-7-6-7-7-7-1-5	5-7-7-7-7-7-7-7-7-7-7-7	5-7-7-7-6-7-7-7-7-5-7-7	7-7-5-5-7-6-2-5-5-4-1-4	4-7-7-7-5-7-7-5-7-3-5-5	2-4-7-7-7-5-5-7-6-7-3-7	6-1-6-6-5-6-6-4-7-7-7-7	5-6-6-7-6-7-7-7-7-7-5-1
209	0	0-0-0-0-0-0-0-0-0-0-0-0	0-0-0-0-0-0-0-0-0-0-0-0	0-0-0-0-0-0-0-0-0-0-0-0	0-0-0-0-0-0-0-0-0-0-0-0	0-0-0-0-0-0-0-0-0-0-0-0	0-0-0-0-0-0-0-0-0-0-0-0	0-0-0-0-0-0-0-0-0-0-0-0	0-0-0-0-0-0-0-0-0-0-0-0	0-0-0-0-0-0-0-0-0-0-0-0	0-0-0-0-0-0-0-0-0-0-0-0	0-0-0-0-0-0-0-0-0-0-0-0	0-0-0-0-0-0-0-0-0-0-0-0
209	1	1-1-2-1-1-1-1-1-1-1-1-2	2-2-0-2-0-1-2-1-2-2-2-2	1-2-2-2-2-2-2-2-2-2-2-1	2-2-2-2-2-2-0-2-2-0-2-2	2-2-2-0-3-0-2-2-0-2-2-2	2-2-2-2-0-2-2-2-0-0-0-2	2-0-0-2-2-1-0-2-0-1-2-3	0-2-2-2-0-2-0-2-2-0-2-0	4-3-2-2-3-1-3-2-2-1-1-0	2-2-1-2-2-4-2-1-2-2-2-0	2-5-2-0-4-2-2-4-2-2-0-1	1-2-1-2-4-4-2-4-4-2-1-1
209	2	1-2-1-2-1-1-1-2-1-1-1-1	1-3-3-1-4-1-1-3-1-1-1-1	1-1-1-1-1-1-3-3-1-1-3-3	1-1-1-1-1-1-2-1-3-0-3-1	1-1-1-2-1-2-3-1-2-3-1-1	1-1-1-1-0-1-1-1-2-2-0-1	1-2-3-1-1-2-3-1-3-3-1-1	3-1-1-1-2-1-3-1-1-3-1-3	2-1-1-1-2-3-1-1-1-2-1-2	1-1-0-1-1-1-1-1-1-1-1-0	5-0-9-3-3-1-1-3-1-1-3-2	3-1-1-1-1-1-1-1-1-1-3-1
209	3	1-2-1-1-2-1-3-2-1-3-1-3	4-2-2-5-2-1-1-2-1-1-1-4	4-4-5-5-4-4-4-2-4-4-2-2	4-4-3-5-4-4-4-5-4-1-4-4	4-1-9-4-1-4-4-4-3-2-1-1	4-4-4-1-3-1-4-4-2-2-0-4	4-5-2-1-4-3-4-4-2-2-4-4	2-3-3-4-4-1-2-9-3-2-1-0	1-1-4-5-5-4-1-2-2-3-4-3	1-3-1-4-4-3-4-2-4-1-2-5	4-4-2-2-2-3-1-2-2-3-4-3	2-4-1-1-1-3-4-1-3-3-2-5
209	4	1-5-1-4-4-4-3-4-1-4-3-1	3-5-5-3-2-5-1-5-5-5-1-3	3-3-3-3-3-3-5-5-3-3-5-5	3-5-2-3-3-3-3-3-5-5-3-3	3-1-3-3-4-3-5-3-5-4-3-3	3-3-5-1-4-1-5-3-4-4-7-3	3-3-5-1-3-4-5-3-4-4-3-3	4-3-3-3-3-5-8-5-3-4-1-4	1-1-3-3-2-3-1-5-4-3-3-4	1-1-4-3-3-5-3-7-3-6-5-4	6-4-1-4-6-1-4-5-1-3-3-4	6-8-1-1-1-1-3-1-8-3-7-8
209	5	4-4-5-6-4-5-5-1-5-5-5-6	5-4-4-3-6-4-5-4-4-4-6-6	5-3-8-3-4-3-4-3-6-3-4-4	5-6-5-3-3-6-6-3-4-4-6-8	3-8-3-5-7-4-4-5-4-5-3-5	6-5-4-5-7-8-4-5-2-0-0-3	3-3-4-7-5-5-4-6-0-3-7-0	7-3-7-4-3-6-4-4-3-5-6-8	7-5-6-3-3-5-7-6-4-5-4-5	7-7-0-6-7-4-4-4-6-0-7-3	7-1-5-4-5-5-7-7-7-3-5-5	6-3-5-1-7-4-4-7-7-7-4-3
209	6	7-6-7-5-7-7-7-8-7-7-7-5	5-8-6-5-8-7-7-7-7-7-7-7	6-6-7-8-7-7-6-7-7-7-6-6	7-5-7-8-3-5-7-8-7-7-6-5	8-5-7-5-5-6-6-6-7-7-8-6	6-7-7-7-5-7-7-7-7-6-0-6	9-7-6-6-7-7-4-5-6-8-9-7	6-3-5-4-3-8-6-7-3-8-5-5	6-5-7-3-8-8-7-7-8-6-3-7	6-5-7-7-7-7-7-8-8-7-5-7	9-9-7-4-7-9-5-5-9-7-8-8	7-7-6-1-7-8-7-5-5-5-4-9
209	7	8-7-6-8-6-6-6-7-6-6-8-8	8-4-6-8-6-6-8-8-8-6-8-6	7-8-6-6-8-6-8-6-6-8-7-7	8-5-6-7-8-8-6-6-6-6-8-5	8-5-8-8-5-7-8-8-6-6-9-8	7-6-8-7-5-6-8-8-6-7-4-6	8-6-6-5-6-6-4-8-6-4-8-7	6-8-5-8-8-6-9-8-7-5-8-5	5-5-6-8-9-6-6-8-6-6-8-6	5-5-6-6-8-8-6-4-6-6-5-8	5-6-6-4-6-6-5-5-5-6-6-9	6-4-7-8-8-1-6-5-5-5-4-6
209	8	7-7-7-7-6-6-6-6-6-6-7-7	7-6-7-7-6-6-7-7-7-6-7-7	5-7-5-6-7-8-7-7-7-7-8-7	7-8-8-6-7-7-6-6-6-6-7-5	7-5-7-7-8-7-7-7-8-6-6-7	7-6-7-7-5-5-7-7-8-8-0-8	7-7-6-1-9-8-6-7-8-6-7-6	5-7-3-7-7-6-4-7-9-6-7-5	8-5-8-7-7-6-8-7-6-7-7-0	8-7-8-6-7-7-6-6-6-7-7-7	4-6-7-4-6-6-5-7-7-8-6-8	9-9-6-7-7-6-6-6-4-5-7-6
209	9	9-8-7-7-6-8-6-9-6-6-7-7	7-9-7-7-9-6-7-7-7-9-7-7	9-9-9-6-9-6-8-6-7-9-6-9	8-9-8-9-9-9-8-9-9-9-9-5	7-5-9-9-9-9-8-9-9-9-7-9	6-9-8-7-9-5-9-9-9-9-9-9	6-9-9-5-7-9-9-9-9-9-7-7	9-7-7-7-9-8-7-7-8-6-6-6	7-8-9-8-7-9-9-7-9-6-7-0	8-5-9-9-9-7-7-7-8-9-6-9	6-6-2-9-6-6-5-5-6-6-9-7	6-8-6-6-7-9-9-6-9-9-4-6
210	0	0-0-0-0-0-0-0-0-0-0-0-0	0-0-0-0-0-0-0-0-0-0-0-0	0-0-0-0-0-0-0-0-0-0-0-0	0-0-0-0-0-0-0-0-0-0-0-0	0-0-0-0-0-0-0-0-0-0-0-0	0-0-0-0-0-0-0-0-0-0-0-0	0-0-0-0-0-0-0-0-0-0-0-0	0-0-0-0-0-0-0-0-0-0-0-0	0-0-0-0-0-0-0-0-0-0-0-0	0-0-0-0-0-0-0-0-0-0-0-0	0-0-0-0-0-0-0-0-0-0-0-0	0-0-0-0-0-0-0-0-0-0-0-0
210	1	1-1-1-1-1-1-1-2-1-1-1-1	2-1-0-1-0-2-2-1-2-2-2-2	1-2-2-0-1-1-2-1-0-0-1-1	2-2-2-1-1-2-0-2-0-0-0-2	0-2-4-0-2-0-2-1-0-1-2-3	1-4-0-2-0-2-0-0-0-0-0-2	3-0-0-1-0-0-0-1-0-2-0-0	0-3-0-0-0-2-0-0-0-2-1-0	0-2-1-0-2-1-0-2-0-1-1-0	0-1-7-0-0-1-0-1-2-2-3-1	0-0-1-1-1-2-3-0-3-3-0-1	0-0-2-3-0-0-0-2-1-1-1-1
210	2	1-1-2-2-1-1-1-1-1-1-1-3	1-1-0-2-1-1-1-1-1-1-1-1	3-4-1-6-4-2-3-3-0-3-1-2	3-1-1-4-4-3-0-1-3-3-2-1	2-1-1-3-1-3-3-3-2-2-1-1	3-1-3-1-1-4-3-3-2-0-0-1	4-2-4-1-3-4-3-3-0-1-2-3	2-4-4-3-3-1-3-8-4-1-1-4	0-1-3-3-4-3-0-3-5-2-4-1	3-3-0-0-3-4-0-0-3-1-1-4	0-4-0-0-1-2-2-2-1-2-3-1	0-3-1-1-0-2-4-1-2-2-2-4
210	3	1-3-1-1-4-1-3-3-1-3-1-2	1-4-4-1-1-1-1-2-1-1-1-4	4-2-1-2-2-2-4-2-4-2-4-2	2-4-3-2-2-2-1-1-4-4-4-1	2-1-1-2-1-2-4-2-4-2-1-1	2-3-4-1-3-1-4-2-3-3-7-3	2-2-3-3-2-3-2-2-4-3-0-2	4-1-2-2-2-4-6-0-2-0-0-3	0-1-2-2-3-2-5-2-5-3-2-3	2-2-3-2-2-2-4-3-2-1-1-2	2-2-1-3-1-2-1-3-1-1-2-3	0-2-1-1-0-0-2-1-1-7-3-2
210	4	5-3-4-4-3-1-4-1-4-4-4-5	4-3-3-5-5-1-5-3-5-1-5-3	7-5-7-5-2-2-3-2-3-2-3-3	5-6-3-2-2-5-5-5-3-3-3-6	2-8-1-5-6-3-3-4-3-2-1-4	2-1-3-4-6-6-3-2-3-3-3-2	8-2-2-7-5-3-3-5-3-3-6-2	6-2-6-3-2-3-3-2-2-4-4-6	6-6-6-2-2-4-6-2-6-4-2-4	6-6-0-5-6-2-3-2-6-2-6-2	6-2-4-5-1-6-6-6-6-2-4-4	0-2-4-6-6-6-2-4-8-7-2-2
210	5	6-7-7-6-6-6-6-7-7-6-6-6	6-6-5-4-6-7-6-6-6-6-6-6	5-6-6-7-6-7-4-6-6-6-6-6	6-5-6-6-2-4-6-7-6-6-6-4	7-6-6-7-4-5-6-5-6-5-6-5	5-6-6-5-6-7-6-6-6-5-0-5	7-6-5-5-6-5-3-6-5-7-8-7	5-2-2-6-6-6-5-6-2-5-7-8	5-4-7-5-6-6-5-5-6-5-6-6	5-4-5-5-4-6-7-7-5-6-4-2	5-8-4-8-6-8-4-4-8-5-6-5	6-5-5-8-6-7-7-7-4-4-5-8
210	6	5-5-8-8-5-5-5-5-5-5-5-5	5-5-5-7-5-5-5-7-5-5-7-5	7-7-7-2-7-5-7-5-5-5-5-7	7-4-5-5-7-7-5-7-5-5-7-4	8-5-7-7-4-7-7-7-5-5-5-7	5-5-7-6-5-4-7-5-5-3-3-7	2-5-5-5-7-6-3-7-6-3-4-6	5-7-4-7-5-5-8-7-7-4-7-4	4-4-4-7-7-5-4-7-5-6-7-5	8-4-5-3-4-5-7-5-4-5-4-2	4-2-4-8-5-4-4-4-4-5-5-6	5-6-4-7-4-4-5-4-7-6-6-2
210	7	5-5-5-5-5-5-5-5-5-5-5-8	5-5-5-6-5-5-6-6-5-5-6-8	6-6-6-5-6-5-6-5-6-6-7-6	6-7-7-5-6-6-8-5-6-5-6-8	6-5-6-6-7-6-8-6-7-7-5-6	5-8-6-8-7-4-6-5-5-7-3-7	5-5-5-4-6-7-7-6-7-5-6-5	7-6-4-6-2-5-5-6-6-4-5-4	7-7-5-7-6-5-4-6-5-6-6-5	7-6-1-5-7-5-6-5-8-5-6-2	5-7-4-7-7-5-4-3-6-7-5-7	5-8-5-6-6-5-5-5-6-4-6-2
210	8	8-5-6-6-8-7-5-8-5-5-5-7	5-5-8-6-8-5-6-6-8-8-6-7	8-8-8-6-8-5-8-5-5-8-7-8	6-8-5-8-8-6-7-8-5-8-8-7	6-4-8-8-8-8-7-8-8-8-5-6	5-8-8-7-8-4-8-8-8-8-8-7	4-8-8-4-7-8-8-7-8-8-5-5	8-8-2-7-2-5-6-6-2-5-5-5	7-4-8-7-2-8-4-6-5-5-6-3	6-4-5-8-7-5-8-5-7-8-4-8	4-5-5-5-5-5-4-4-5-5-8-8	5-7-4-5-5-8-8-4-4-8-6-5
211	0	0-0-0-0-0-0-0-0-0-0-0-0	0-0-0-0-0-0-0-0-0-0-0-0	0-0-0-0-0-0-0-0-0-0-0-0	0-0-0-0-0-0-0-0-0-0-0-0	0-0-0-0-0-0-0-0-0-0-0-0	0-0-0-0-0-0-0-0-0-0-0-0	0-0-0-0-0-0-0-0-0-0-0-0	0-0-0-0-0-0-0-0-0-0-0-0	0-0-0-0-0-0-0-0-0-0-0-0	0-0-0-0-0-0-0-0-0-0-0-0	0-0-0-0-0-0-0-0-0-0-0-0	0-0-0-0-0-0-0-0-0-0-0-0
211	1	1-1-1-1-1-0-1-1-1-1-1-1	1-0-0-1-0-0-0-2-0-1-0-0	0-3-0-2-2-1-0-0-0-2-0-2	2-0-0-3-3-2-0-1-1-1-1-0	1-0-4-0-2-1-2-2-1-1-2-2	3-0-2-0-1-3-2-1-1-1-0-1	2-2-1-0-2-0-1-2-1-1-0-2	1-3-1-2-4-0-1-1-1-1-4-0	0-0-2-4-4-0-0-2-1-1-4-1	0-2-1-0-2-4-3-1-2-1-0-4	0-4-1-0-0-1-0-0-0-1-1-4	0-1-2-2-0-1-2-0-5-1-1-4
211	2	2-2-2-2-2-2-2-2-2-1-2-2	1-5-2-1-0-2-0-3-3-2-0-3	2-4-1-1-1-1-3-4-3-1-3-1	1-0-2-1-1-1-3-2-3-2-3-0	2-0-3-2-2-3-3-1-2-2-1-1	1-5-3-3-2-1-3-1-2-2-5-5	3-1-2-5-1-2-1-1-2-2-5-1	2-4-3-3-3-2-4-2-2-2-5-2	3-0-3-1-2-0-7-1-4-2-2-2	0-1-2-3-1-1-4-5-1-2-3-1	0-1-3-2-2-3-2-0-0-1-1-2	2-1-1-3-0-1-1-0-1-1-6-1
211	3	3-2-2-3-2-3-3-3-3-3-4-3	3-2-2-1-3-3-1-4-2-2-4-2	5-3-1-1-4-1-2-5-2-1-2-4	4-4-4-1-1-1-2-1-4-4-2-0	1-0-2-3-3-2-4-3-4-0-5-8	1-3-2-2-3-1-4-1-3-3-2-1	2-1-2-2-1-2-5-4-3-1-2-3	3-1-1-2-2-3-2-4-3-4-2-3	2-0-2-1-3-3-0-4-7-7-2-4	1-3-3-4-7-1-2-4-1-2-2-1	5-1-3-7-3-3-2-0-0-3-1-3	2-3-1-2-2-3-1-0-6-1-2-1
211	4	4-3-5-4-4-3-4-4-4-4-3-4	5-2-2-1-5-5-5-3-5-4-3-4	6-5-5-5-3-5-3-6-5-5-5-3	5-6-6-1-1-1-7-1-3-3-1-6	1-5-6-3-5-2-5-5-3-4-3-3	6-7-2-4-4-1-3-1-2-2-2-4	6-1-2-6-2-4-3-3-3-1-2-1	4-2-1-1-1-5-2-3-4-3-1-3	4-4-4-1-1-3-4-3-2-4-1-5	4-1-4-5-4-1-2-3-5-5-4-1	1-1-4-3-8-8-5-7-4-1-5-4	2-3-4-4-1-4-1-4-1-6-1-1
211	5	6-5-6-7-5-5-5-5-4-5-6-6	4-2-2-5-4-6-4-8-6-4-6-6	4-4-7-6-7-4-6-3-4-6-4-6	6-4-4-6-6-7-4-5-6-2-6-6	6-4-4-7-4-5-6-6-6-5-7-6	6-6-6-5-3-3-6-6-3-2-2-6	8-6-2-2-6-5-3-6-5-2-7-6	4-5-5-6-6-4-8-7-6-4-7-5	5-4-7-6-7-7-4-7-3-3-5-4	5-1-5-4-7-6-6-2-6-4-7-1	7-7-3-3-4-4-4-4-7-7-6-5	2-6-5-4-7-3-6-4-1-5-1-1
211	6	5-7-5-5-8-6-6-6-6-5-5-5	4-8-6-5-6-5-4-7-5-4-5-5	4-4-5-5-5-5-7-7-7-5-7-5	5-4-4-5-5-5-7-5-5-3-5-5	5-4-4-6-4-7-7-5-5-6-5-5	5-5-5-4-4-7-5-5-6-6-7-5	4-5-7-4-5-6-7-1-6-2-0-5	6-5-4-5-5-4-7-5-5-6-7-8	4-4-4-5-6-5-4-5-3-6-8-4	4-1-6-4-5-5-7-2-5-4-4-7	7-5-7-3-7-7-4-0-0-1-5-5	7-5-4-5-0-0-5-0-7-4-7-2
211	7	5-6-5-5-6-8-7-5-8-7-5-8	4-6-6-5-7-5-4-6-8-7-5-5	6-7-5-5-5-7-6-6-8-7-6-5	5-7-7-5-5-5-6-5-6-3-6-8	5-0-6-5-7-6-6-5-7-7-5-5	5-6-5-4-3-8-5-6-7-6-2-8	5-1-6-8-6-7-6-8-7-6-5-5	7-5-1-5-5-7-6-5-5-3-6-7	7-4-8-5-5-5-2-5-3-3-6-3	7-1-7-4-5-1-6-2-8-4-5-6	6-5-3-3-6-7-4-4-5-8-7-5	6-5-4-4-7-7-1-4-6-6-6-1
211	8	8-6-8-5-8-8-7-8-7-5-7-7	7-6-8-5-8-8-4-8-8-8-5-7	8-8-8-5-8-8-7-7-7-8-8-8	7-8-8-8-8-8-7-8-7-8-8-7	5-4-8-8-8-8-7-8-8-8-1-8	8-8-8-7-8-7-8-8-8-8-8-8	5-8-8-8-8-8-8-8-8-8-8-8	8-6-8-7-8-7-7-5-7-4-3-8	7-8-8-7-5-8-8-7-3-8-6-6	7-1-8-8-8-5-8-8-7-8-6-8	0-8-8-3-4-4-8-4-8-7-8-8	8-5-4-8-7-8-8-4-8-8-6-8
212	0	0-0-0-0-0-0-0-0-0-0-0-0	0-0-0-0-0-0-0-0-0-0-0-0	0-0-0-0-0-0-0-0-0-0-0-0	0-0-0-0-0-0-0-0-0-0-0-0	0-0-0-0-0-0-0-0-0-0-0-0	0-0-0-0-0-0-0-0-0-0-0-0	0-0-0-0-0-0-0-0-0-0-0-0	0-0-0-0-0-0-0-0-0-0-0-0	0-0-0-0-0-0-0-0-0-0-0-0	0-0-0-0-0-0-0-0-0-0-0-0	0-0-0-0-0-0-0-0-0-0-0-0	0-0-0-0-0-0-0-0-0-0-0-0
212	1	1-1-1-2-1-1-1-2-1-1-2-2	3-2-1-0-2-2-5-2-1-1-2-2	1-0-2-2-2-2-2-2-2-1-2-2	2-0-2-2-1-0-2-2-1-2-1-1	2-1-1-2-1-1-2-1-1-2-4-0	5-1-2-2-2-2-1-2-2-1-5-2	1-2-2-1-0-1-1-2-1-1-1-1	1-1-1-1-1-2-1-2-1-1-0-3	1-0-2-0-2-2-1-1-2-1-1-2	2-1-2-2-1-1-1-2-0-1-0-1	1-8-7-5-1-2-0-1-1-1-2-5	3-1-1-1-1-1-1-0-5-1-5-1
212	2	1-1-1-2-1-1-1-1-1-1-1-1	1-1-1-5-3-1-4-1-1-1-1-3	1-3-1-1-1-3-3-1-1-2-1-3	3-0-1-4-3-3-1-1-1-1-2-1	1-1-1-1-3-3-3-3-1-1-1-4	1-1-3-1-1-4-3-3-1-1-0-1	5-1-1-0-3-2-2-3-1-1-7-3	1-4-5-3-3-1-2-8-5-1-5-0	0-0-1-3-5-1-1-3-1-1-2-1	1-5-1-1-3-2-0-1-3-4-0-4	0-2-1-1-1-1-0-0-5-3-1-4	0-3-4-1-5-1-3-0-0-2-2-5
212	3	2-3-1-3-3-1-1-1-1-1-1-1	1-3-3-2-2-1-1-2-1-1-2-2	1-2-1-1-1-2-4-5-1-2-4-2	2-4-4-2-2-2-1-1-4-6-4-1	1-0-2-3-2-4-4-2-4-3-1-2	2-3-6-4-3-1-4-2-3-3-6-3	2-1-5-5-2-3-4-2-1-6-2-2	3-2-4-4-2-1-6-1-2-1-0-1	0-0-5-2-3-1-3-2-4-3-4-4	4-2-1-4-2-2-0-3-2-3-4-2	0-2-1-3-1-1-0-0-0-2-1-4	1-2-2-3-4-4-2-0-0-0-3-1
212	4	1-5-1-8-3-4-4-4-4-1-4-1	1-7-5-2-2-1-2-5-1-1-4-5	2-4-1-1-5-5-5-6-7-2-5-5	2-5-5-2-2-2-6-1-5-3-3-0	4-0-2-6-2-3-5-4-5-1-1-2	1-4-3-3-4-2-5-2-4-4-8-2	2-2-7-0-2-4-5-5-4-3-0-2	3-2-6-3-2-1-7-5-2-5-5-0	4-0-5-2-4-1-7-2-7-6-3-3	3-2-4-5-5-2-5-5-3-4-5-2	5-6-8-3-8-1-0-7-0-2-1-2	5-5-2-4-3-3-2-0-0-4-3-1
212	5	5-4-1-6-3-4-5-6-1-1-6-7	7-4-4-2-2-1-5-6-6-1-6-4	7-6-7-2-4-4-4-7-8-6-4-4	6-6-6-6-2-6-6-2-4-4-3-6	4-7-8-6-6-3-6-5-4-5-5-8	1-6-4-5-5-8-4-2-1-4-1-6	2-2-3-7-4-5-4-4-4-1-2-2	1-2-2-3-2-7-4-2-2-6-2-8	7-7-6-2-2-1-4-7-4-5-3-5	4-2-7-4-8-2-4-4-6-6-5-2	4-2-5-1-4-5-7-7-2-5-1-5	4-4-5-5-5-1-2-5-8-4-1-2
212	6	6-8-6-8-4-4-6-6-6-6-7-7	5-4-4-7-2-1-7-8-5-7-5-7	5-5-5-7-7-5-7-7-5-7-7-7	7-5-5-5-7-7-5-6-7-3-7-5	7-5-5-5-5-6-7-6-4-5-5-7	7-5-7-6-5-1-7-6-6-6-3-6	5-7-6-5-5-5-6-7-1-8-7-7	1-7-7-7-7-5-3-7-7-5-7-0	0-0-5-7-8-1-0-5-4-4-7-6	7-7-5-4-7-7-7-4-5-5-7-7	7-6-4-4-8-5-0-0-7-7-1-5	0-7-6-5-7-0-7-0-7-4-7-6
212	7	6-8-6-6-6-8-8-8-8-6-6-8	5-4-4-6-7-1-6-6-8-6-6-8	5-6-5-6-6-4-6-7-4-6-7-6	6-7-7-4-6-6-8-6-6-3-6-8	6-5-5-5-5-6-8-6-7-5-5-6	6-8-6-6-5-2-6-6-7-7-3-7	8-6-4-5-7-7-4-6-7-7-6-6	7-6-6-6-6-5-4-6-6-5-6-0	7-5-5-6-7-7-4-5-4-7-6-6	6-6-5-5-6-2-6-4-8-5-5-6	6-7-1-8-6-5-5-5-6-6-6-7	3-6-7-7-6-5-6-5-6-5-6-2
212	8	8-7-6-6-8-7-7-8-7-7-6-7	7-8-8-6-8-8-6-6-8-8-6-7	8-8-8-6-8-8-8-7-5-8-7-8	7-8-8-8-8-8-7-8-8-8-8-7	6-8-8-8-5-8-7-8-8-8-7-5	6-8-8-6-8-5-8-6-8-8-8-7	7-8-8-8-8-8-8-8-8-6-6-8	8-8-6-7-8-5-6-2-2-8-5-8	7-5-8-8-6-8-8-5-4-3-6-8	6-8-4-8-8-2-8-4-7-8-4-8	6-8-8-8-4-5-8-5-8-8-8-8	8-7-7-4-5-8-8-8-8-8-6-1
213	0	0-0-0-0-0-0-0-0-0-0-0-0	0-0-0-0-0-0-0-0-0-0-0-0	0-0-0-0-0-0-0-0-0-0-0-0	0-0-0-0-0-0-0-0-0-0-0-0	0-0-0-0-0-0-0-0-0-0-0-0	0-0-0-0-0-0-0-0-0-0-0-0	0-0-0-0-0-0-0-0-0-0-0-0	0-0-0-0-0-0-0-0-0-0-0-0	0-0-0-0-0-0-0-0-0-0-0-0	0-0-0-0-0-0-0-0-0-0-0-0	0-0-0-0-0-0-0-0-0-0-0-0	0-0-0-0-0-0-0-0-0-0-0-0
213	1	1-1-0-2-1-1-1-1-0-0-1-0	0-0-2-0-0-0-0-1-0-1-0-0	0-0-0-0-0-0-2-0-0-0-2-0	0-0-2-0-0-0-0-0-2-1-2-0	2-0-0-0-0-2-2-0-1-2-0-0	0-0-0-0-0-0-2-0-2-1-0-0	0-1-1-0-2-0-0-0-1-1-0-1	1-1-0-0-1-0-2-0-0-1-0-0	0-0-2-0-0-0-3-0-2-1-1-0	0-1-1-2-2-0-2-1-0-0-0-0	0-2-0-0-1-0-0-0-0-1-2-1	0-1-0-2-0-1-0-0-0-0-4-1
213	2	2-1-3-1-2-2-2-2-2-2-3-3	3-1-1-4-0-1-3-3-0-3-3-3	4-3-3-4-3-0-3-3-3-3-1-3	3-3-3-3-3-3-1-4-2-1-1-4	3-0-4-3-0-1-3-3-1-1-3-3	2-4-3-2-2-3-3-3-1-1-0-4	3-1-1-2-3-0-1-3-1-2-2-3	1-4-2-3-2-0-1-2-2-1-0-0	2-0-1-3-4-2-2-0-4-3-3-3	3-0-2-1-3-2-3-0-3-0-0-3	0-3-0-0-0-0-2-0-0-3-3-1	2-3-3-1-0-2-3-0-2-0-2-4
213	3	3-3-2-3-4-3-3-3-3-2-2-2	2-4-4-2-3-4-2-4-0-2-2-4	0-2-2-2-2-0-4-2-2-2-4-2	2-2-2-2-2-2-3-2-3-4-4-2	2-0-2-2-5-4-4-2-4-3-2-2	4-3-4-2-3-2-4-2-3-3-5-3	2-2-4-0-2-3-4-2-4-3-4-4	3-2-2-2-2-4-6-4-4-3-0-4	3-0-4-2-3-4-1-4-0-3-2-2	2-3-4-6-2-4-2-4-2-0-8-2	4-2-8-3-8-3-4-3-0-2-2-3	3-2-2-3-4-2-2-3-0-5-3-4
213	4	4-3-2-4-3-4-4-4-4-4-4-2	4-3-3-2-5-3-2-3-5-4-5-5	7-5-7-2-4-5-3-5-2-4-3-4	4-5-3-6-2-5-5-2-4-3-3-2	2-5-2-4-6-3-3-4-3-4-4-2	3-4-3-4-6-2-3-3-3-3-3-2	3-2-3-4-7-4-3-5-3-3-3-3	3-2-2-3-3-5-3-5-2-4-4-7	4-6-3-3-2-4-5-3-2-4-2-4	6-3-3-5-6-3-3-3-6-6-5-3	6-2-6-7-4-6-6-6-6-6-2-4	5-2-4-3-3-3-2-6-6-7-1-3
213	5	6-6-6-6-6-6-6-7-6-8-6-6	6-7-5-2-6-7-6-6-6-7-4-6	5-4-6-6-6-6-6-6-6-6-7-6	6-4-6-7-5-4-6-7-6-7-6-5	7-4-5-2-5-5-6-5-6-6-7-5	5-7-6-5-4-6-5-6-6-5-3-5	6-5-5-5-4-5-6-6-6-7-8-8	5-2-5-5-5-6-5-4-5-7-4-5	5-4-8-4-4-6-6-6-7-4-2-5	5-5-3-8-5-5-6-5-7-7-6-5	5-8-5-6-6-8-4-5-6-5-6-5	5-5-5-8-6-6-5-4-5-3-5-8
213	6	5-5-5-8-5-5-5-5-5-5-5-5	5-5-5-7-5-5-7-5-5-5-7-5	6-7-5-5-7-5-7-5-5-5-5-7	5-4-5-5-7-7-5-6-5-5-7-8	7-0-8-7-4-7-7-7-5-5-5-6	7-6-7-5-4-5-7-5-5-3-3-7	7-7-5-6-4-6-5-5-5-6-7-6	5-7-7-7-7-5-3-8-7-4-7-4	7-4-7-7-8-5-7-7-5-4-7-4	4-7-6-5-7-7-7-5-4-4-7-6	7-5-4-5-5-5-4-4-7-7-5-6	7-6-6-7-5-5-6-4-4-6-7-5
213	7	5-5-5-5-5-5-5-5-5-5-5-8	6-5-5-6-5-5-6-6-5-5-6-6	4-6-4-5-6-5-6-5-5-5-7-6	6-7-6-5-6-6-8-5-6-5-6-8	6-5-6-6-7-6-8-6-7-5-5-6	6-6-6-8-7-5-6-6-7-7-7-7	6-6-5-7-4-7-5-5-7-5-6-6	7-6-2-6-6-5-3-6-6-3-6-4	7-7-7-6-6-5-6-6-5-4-6-4	5-6-7-5-6-6-6-5-8-5-6-6	6-5-7-5-6-5-4-6-6-6-5-7	6-6-6-6-7-5-6-4-6-6-6-6
213	8	8-6-6-6-8-7-5-8-5-5-5-7	5-5-8-6-8-5-6-6-8-8-6-6	8-8-8-5-8-5-8-5-5-8-7-8	7-8-5-8-8-8-7-8-8-8-8-7	6-0-6-8-8-8-7-8-8-5-5-8	6-8-7-7-8-6-8-8-8-8-8-7	7-8-8-8-5-8-8-8-8-6-5-5	8-8-6-6-8-5-6-6-6-5-5-4	7-8-8-8-6-8-8-4-5-4-6-1	6-6-8-5-8-6-8-5-7-8-3-8	7-5-3-8-6-5-7-4-5-5-8-8	5-7-7-5-7-8-8-4-8-8-6-5
214	0	0-0-0-0-0-0-0-0-0-0-0-0	0-0-0-0-0-0-0-0-0-0-0-0	0-0-0-0-0-0-0-0-0-0-0-0	0-0-0-0-0-0-0-0-0-0-0-0	0-0-0-0-0-0-0-0-0-0-0-0	0-0-0-0-0-0-0-0-0-0-0-0	0-0-0-0-0-0-0-0-0-0-0-0	0-0-0-0-0-0-0-0-0-0-0-0	0-0-0-0-0-0-0-0-0-0-0-0	0-0-0-0-0-0-0-0-0-0-0-0	0-0-0-0-0-0-0-0-0-0-0-0	0-0-0-0-0-0-0-0-0-0-0-0
214	1	1-1-1-1-1-1-1-0-1-1-0-1	2-0-0-3-0-1-0-0-0-1-2-2	0-3-0-0-2-0-2-0-0-2-2-2	2-0-0-3-2-2-0-6-2-0-3-4	2-0-2-0-3-2-2-2-1-1-0-2	1-0-2-0-0-2-2-2-1-1-0-2	2-1-1-0-2-0-0-2-0-1-3-0	1-2-1-2-2-0-1-9-2-0-0-0	1-0-2-2-9-1-0-2-0-1-1-5	3-2-0-0-2-4-2-0-2-0-0-8	1-1-0-0-0-1-0-1-0-1-2-4	0-1-1-1-1-1-3-0-1-2-1-1
214	2	2-2-2-2-2-2-2-2-2-2-2-2	1-4-2-1-0-2-1-3-1-2-1-1	0-1-2-2-1-0-3-3-0-1-3-1	1-0-3-1-1-1-3-1-2-2-2-1	1-0-1-3-1-4-3-1-2-2-0-1	1-2-4-0-3-1-3-1-3-2-2-1	1-1-2-0-1-3-3-3-4-2-1-2	2-4-1-1-1-0-4-1-1-2-2-0	2-0-3-1-2-1-2-1-3-2-1-3	0-1-5-3-1-3-1-5-1-2-3-3	4-1-5-2-2-1-2-3-3-1-1-2	3-3-1-3-3-1-1-3-1-1-2-1
214	3	3-2-2-3-3-2-3-3-3-3-4-3	3-2-2-1-2-3-1-4-4-4-4-6	1-3-0-1-4-6-2-3-5-4-2-4	1-4-4-7-1-1-7-1-4-8-1-1	1-1-1-5-1-1-4-1-4-3-6-4	1-3-2-2-2-1-2-1-2-3-2-1	1-1-2-0-2-2-2-4-3-2-1-4	3-1-1-1-1-1-8-4-1-4-9-0	2-0-2-1-2-3-0-4-2-8-1-2	1-1-3-4-1-2-1-4-1-2-2-2	2-1-0-4-4-3-0-2-2-1-3-3	5-2-1-2-2-3-1-4-3-1-5-3
214	4	4-4-5-8-5-4-4-3-4-5-5-5	5-2-2-5-6-4-5-3-5-5-3-5	5-5-6-5-3-5-5-5-5-3-2-3	5-6-3-5-5-5-2-1-3-3-1-6	1-5-5-3-6-2-5-5-3-4-3-5	5-5-2-5-4-1-5-5-2-3-0-5	5-1-4-5-5-4-2-3-2-2-1-5	2-2-1-5-1-6-3-5-4-3-4-0	4-6-5-5-1-7-6-5-2-4-1-4	4-5-3-4-5-1-5-3-5-6-2-1	7-6-4-3-3-9-4-8-7-5-5-3	4-5-5-5-5-4-5-4-4-5-4-1
214	5	4-5-4-5-6-4-5-5-4-4-4-4	4-6-6-4-7-4-4-4-4-4-3-4	4-4-4-4-3-4-6-6-4-6-6-6	4-4-6-3-4-4-7-1-6-6-6-4	1-4-4-3-4-5-6-4-5-3-3-4	4-4-3-4-4-1-6-4-5-5-2-5	4-1-7-4-4-5-5-3-6-6-1-4	5-1-6-4-5-4-6-6-4-5-8-9	5-4-5-4-5-4-4-6-6-5-5-1	4-4-3-5-4-6-4-5-4-4-6-1	6-5-6-2-4-4-4-4-5-4-4-3	3-4-4-4-4-8-4-3-8-4-3-3
214	6	7-6-7-4-5-6-7-6-6-4-6-4	3-5-5-7-5-7-4-7-7-5-8-7	4-4-4-4-7-9-7-8-7-7-5-7	7-4-5-8-7-8-5-1-5-5-7-4	8-4-4-4-4-5-7-7-6-7-3-6	7-4-7-8-6-1-7-8-5-5-6-8	7-6-3-4-7-6-6-7-5-5-6-7	5-7-5-7-8-4-5-8-9-3-4-0	2-4-7-7-8-4-4-5-5-6-6-4	6-7-6-4-6-8-7-9-4-4-7-1	5-7-5-3-7-7-4-4-7-6-7-7	2-7-4-4-6-5-7-4-6-5-1-7
214	7	6-8-6-4-7-7-7-6-7-4-7-4	6-9-7-6-5-6-6-8-6-5-6-6	4-6-4-4-6-6-8-6-8-6-8-6	6-4-8-6-6-6-8-4-8-5-8-4	6-4-4-4-4-8-8-6-8-6-3-6	6-4-6-6-7-1-6-7-7-7-8-7	6-1-8-4-6-9-8-6-7-7-6-6	7-8-5-8-6-4-5-7-4-7-6-9	7-4-6-6-7-4-8-4-7-6-8-6	4-6-7-4-8-6-8-5-6-4-6-1	4-6-5-2-6-6-4-4-4-6-6-6	8-6-4-4-4-2-6-7-6-4-3-6
214	8	9-7-6-4-7-9-8-9-9-8-8-9	8-7-7-6-5-9-9-7-9-8-9-9	9-8-4-9-6-6-7-9-9-8-7-7	6-8-8-6-6-6-7-1-7-3-7-4	6-9-4-6-4-7-7-6-8-8-3-3	9-4-6-6-8-9-7-6-8-7-7-6	9-1-7-4-7-8-5-9-8-5-6-6	8-7-4-7-6-4-3-6-4-8-5-8	8-4-4-8-6-4-7-8-5-3-7-3	9-6-8-4-8-6-7-3-9-4-8-1	4-8-5-3-3-8-8-4-4-8-8-8	7-9-4-4-6-5-8-4-6-5-9-1
214	9	9-7-6-7-9-9-8-9-8-8-8-8	8-7-9-6-9-9-8-9-9-9-8-8	9-9-9-9-9-6-8-8-8-9-9-9	8-9-9-9-9-9-8-9-8-9-9-8	6-4-9-9-9-9-8-9-9-9-6-9	8-9-9-6-9-8-9-9-9-9-9-9	8-9-9-9-9-7-9-9-9-9-8-6	9-9-9-7-9-9-9-1-6-4-6-9	8-9-9-9-1-9-9-4-5-7-7-9	4-9-9-9-9-8-9-6-8-9-5-9	5-9-5-9-4-4-9-4-9-8-9-9	9-8-8-4-6-9-9-4-9-9-8-9
215	0	0-0-0-0-0-0-0-0-0-0-0-0	0-0-0-0-0-0-0-0-0-0-0-0	0-0-0-0-0-0-0-0-0-0-0-0	0-0-0-0-0-0-0-0-0-0-0-0	0-0-0-0-0-0-0-0-0-0-0-0	0-0-0-0-0-0-0-0-0-0-0-0	0-0-0-0-0-0-0-0-0-0-0-0	0-0-0-0-0-0-0-0-0-0-0-0	0-0-0-0-0-0-0-0-0-0-0-0	0-0-0-0-0-0-0-0-0-0-0-0	0-0-0-0-0-0-0-0-0-0-0-0	0-0-0-0-0-0-0-0-0-0-0-0
215	1	1-1-1-1-1-1-1-1-1-1-1-2	1-2-1-0-0-2-0-1-0-1-0-1	1-0-0-1-1-0-2-0-0-1-2-0	0-0-2-0-1-0-2-1-2-1-2-1	2-2-1-0-0-2-2-0-2-0-1-1	0-0-0-0-0-0-2-0-2-1-0-0	2-2-1-0-2-0-0-0-1-1-0-1	2-1-1-0-1-0-2-0-0-1-0-0	1-0-2-0-0-0-4-0-2-1-0-0	0-0-1-2-4-0-2-1-0-0-0-1	4-0-1-1-1-0-0-0-2-0-2-2	0-1-0-2-0-1-0-0-0-0-1-1
215	2	2-1-2-1-2-2-2-1-2-2-2-3	3-1-1-3-0-1-3-1-3-3-3-3	0-3-3-3-5-2-3-3-3-3-1-3	3-3-3-3-4-3-1-5-2-1-3-3	5-1-2-3-0-3-3-3-1-9-5-5	3-4-3-2-2-3-3-3-1-1-0-4	3-1-1-0-3-0-3-3-1-2-2-3	1-4-2-3-2-0-1-0-2-1-0-0	2-0-1-3-4-2-0-3-4-1-3-6	3-3-2-1-3-4-3-1-3-0-0-5	4-5-0-4-1-0-2-0-1-2-3-1	2-3-2-3-0-2-3-0-2-2-2-4
215	3	3-4-2-2-2-3-3-3-3-3-3-2	2-4-4-2-3-3-2-4-4-2-2-4	1-2-4-2-2-2-4-2-2-2-4-2	2-2-4-2-2-2-3-2-4-4-4-2	2-0-4-2-5-2-4-2-4-4-2-2	2-6-4-2-3-2-4-5-3-3-6-2	2-2-1-4-2-5-2-2-3-3-4-2	4-2-2-2-2-4-6-4-2-5-0-3	3-3-4-2-7-2-3-2-2-3-2-2	2-3-3-4-2-2-2-4-2-3-3-3	3-3-3-3-6-0-2-0-4-2-2-1	7-2-2-9-3-2-2-0-6-3-7-5
215	4	4-3-5-8-4-4-3-3-4-5-5-5	5-3-3-5-5-5-5-3-5-4-5-5	8-5-6-2-4-7-5-5-3-5-3-5	5-5-3-5-2-2-5-2-3-3-3-7	1-5-3-4-8-3-5-5-3-3-5-2	5-5-3-4-6-9-3-4-3-3-6-2	5-1-4-5-5-0-6-5-3-3-5-3	3-2-7-3-2-3-3-5-5-4-5-5	7-7-5-2-2-5-6-5-8-4-2-2	7-6-2-3-5-2-4-3-5-5-5-2	5-2-8-7-7-6-7-7-7-2-5-4	2-2-5-3-5-6-2-6-5-6-4-2
215	5	5-5-4-5-5-5-5-5-4-4-4-4	4-3-5-4-4-4-4-6-4-5-4-4	4-4-4-4-2-6-6-4-6-4-6-4	4-4-5-4-2-4-4-2-6-5-6-4	2-4-2-2-4-6-6-4-6-6-6-2	4-4-3-4-4-2-6-8-6-5-0-5	6-5-7-4-4-3-6-4-5-5-4-5	5-2-4-6-2-3-6-4-4-5-4-4	4-4-4-2-3-4-4-4-7-5-2-2	4-4-5-7-4-6-3-5-4-4-4-2	4-7-6-4-3-4-4-4-4-4-4-5	3-6-4-3-4-3-2-4-4-4-5-3
215	6	7-6-6-7-5-5-6-8-6-6-6-7	7-3-5-7-4-7-8-5-4-7-7-7	4-7-4-8-7-7-7-8-5-7-5-7	7-4-6-8-8-7-5-6-7-3-5-2	8-4-7-8-7-5-7-7-5-5-7-7	7-7-7-6-4-4-7-7-3-4-3-7	5-5-5-4-7-0-5-7-6-6-8-7	5-8-8-7-7-4-9-8-8-1-4-4	4-4-7-7-8-7-4-5-4-7-8-2	4-8-0-3-4-7-3-5-7-4-4-7	4-5-5-5-3-4-4-4-4-7-7-6	3-7-6-6-4-4-8-4-4-4-6-5
215	7	6-7-6-6-7-7-7-6-7-6-6-6	6-8-8-4-4-7-6-8-6-6-6-6	8-6-6-6-6-6-8-8-8-6-8-6	6-4-6-6-6-6-8-6-8-7-8-4	8-4-6-6-6-8-8-6-9-7-6-6	8-8-8-6-4-2-6-6-7-7-8-6	8-5-8-4-6-9-8-6-7-5-4-6	8-6-4-6-6-3-8-7-6-7-8-4	4-4-6-6-7-6-4-4-7-6-6-5	4-6-7-8-4-6-8-5-6-4-4-6	4-5-4-4-9-4-4-4-4-6-6-6	3-6-4-8-4-3-6-4-8-4-8-8
215	8	9-7-8-4-7-9-9-6-9-8-6-9	8-7-7-6-4-9-6-7-9-6-9-9	4-6-9-6-6-8-7-7-9-6-7-6	6-8-8-6-6-6-7-6-7-5-7-4	7-4-7-6-4-7-7-6-8-8-6-6	7-7-7-9-4-9-7-5-8-7-7-6	7-5-7-4-7-8-7-7-8-6-6-6	5-6-6-9-6-9-7-6-6-8-7-8	8-4-6-6-6-6-7-8-4-4-6-7	9-6-8-7-6-6-7-5-9-4-4-2	3-8-8-4-9-9-4-4-7-6-8-8	7-8-8-7-8-8-6-4-7-4-7-2
215	9	9-7-9-7-9-9-8-9-8-4-8-8	8-7-9-4-9-9-6-9-8-9-8-8	9-8-9-8-9-9-8-8-8-9-9-9	8-9-9-9-9-9-8-9-8-9-9-4	9-4-9-9-9-9-8-9-7-9-6-9	8-9-9-8-9-4-9-9-9-9-9-9	8-9-9-9-8-9-8-9-9-9-8-9	9-9-9-8-9-8-6-6-8-9-5-7	8-8-6-8-6-9-9-8-9-7-7-9	4-4-9-9-9-8-3-3-8-9-4-9	4-2-5-4-7-8-4-4-4-8-9-9	9-8-8-3-4-9-9-4-9-9-8-9
216	0	0-0-0-0-0-0-0-0-0-0-0-0	0-0-0-0-0-0-0-0-0-0-0-0	0-0-0-0-0-0-0-0-0-0-0-0	0-0-0-0-0-0-0-0-0-0-0-0	0-0-0-0-0-0-0-0-0-0-0-0	0-0-0-0-0-0-0-0-0-0-0-0	0-0-0-0-0-0-0-0-0-0-0-0	0-0-0-0-0-0-0-0-0-0-0-0	0-0-0-0-0-0-0-0-0-0-0-0	0-0-0-0-0-0-0-0-0-0-0-0	0-0-0-0-0-0-0-0-0-0-0-0	0-0-0-0-0-0-0-0-0-0-0-0
216	1	1-1-1-1-1-1-1-1-1-1-1-1	1-1-0-1-0-1-1-0-1-1-0-1	4-2-0-0-0-1-2-1-0-0-0-0	2-2-1-0-1-2-0-5-0-0-1-1	1-1-1-0-9-0-0-1-0-1-0-0	0-2-0-1-1-0-0-1-1-0-0-1	1-0-0-4-2-1-0-0-0-1-1-0	1-0-0-2-1-1-0-0-1-0-0-0	1-1-2-2-0-0-1-0-0-1-1-0	0-1-1-0-0-0-0-0-1-1-4-0	0-0-1-0-0-1-1-1-0-1-0-1	1-2-1-1-1-1-1-1-1-1-1-0
216	2	3-2-3-3-2-3-2-3-4-3-2-4	3-3-2-3-4-3-3-3-3-3-3-3	2-1-4-3-3-3-3-3-3-3-3-3	3-2-3-3-2-1-3-2-3-4-2-3	3-3-2-3-5-2-3-2-3-3-4-3	2-3-3-3-3-3-3-3-2-2-0-3	2-2-3-2-3-2-2-3-7-3-2-3	3-2-3-2-2-1-4-8-1-3-3-3	2-1-3-1-3-4-3-3-3-3-2-3	3-2-3-3-3-2-2-3-1-3-3-3	2-4-4-0-3-3-2-3-3-2-4-2	5-3-2-1-3-9-2-3-2-2-5-2
216	3	2-2-2-2-2-2-2-2-2-2-2-2	2-2-2-4-2-2-2-2-2-2-4-2	2-4-5-2-2-2-2-2-2-2-2-2	4-0-2-2-4-4-2-2-2-2-2-2	2-2-2-2-1-4-4-4-2-2-2-2	4-2-2-2-2-4-4-2-2-2-6-4	4-4-2-2-4-3-0-4-2-2-4-4	2-3-2-4-4-1-10-9-5-2-2-2	2-1-2-5-5-2-2-5-2-3-3-2	2-2-2-5-4-4-2-2-4-2-2-5	3-5-2-0-2-2-2-2-2-4-2-3	2-4-4-5-2-2-5-2-0-2-3-5
216	4	2-2-2-2-2-2-2-2-2-2-2-2	2-5-5-3-2-2-3-3-3-2-3-3	1-3-2-2-2-2-5-2-2-5-5-2	3-4-5-2-3-3-2-2-5-5-5-2	4-2-1-4-4-3-5-3-5-2-2-3	3-2-7-3-4-3-5-4-4-4-4-4	3-3-2-1-3-4-5-3-0-7-3-3	2-3-2-3-3-2-7-0-3-2-2-2	2-1-3-3-4-2-2-3-2-4-4-4	3-0-2-3-3-3-5-2-3-2-1-4	4-2-2-4-2-2-4-2-2-3-2-2	2-3-3-1-2-8-3-2-4-2-6-3
216	5	5-4-2-6-2-2-2-2-2-2-6-6	6-4-4-6-2-2-6-6-6-2-6-7	2-6-2-2-5-6-4-6-2-4-4-5	6-7-6-6-3-3-2-1-4-4-4-6	2-8-1-6-7-3-4-6-5-2-6-10	6-2-4-5-6-10-4-5-2-2-0-5	10-2-4-6-6-5-4-5-2-2-10-2	2-3-7-3-3-6-4-3-3-5-5-7	5-5-6-3-3-8-5-7-2-3-3-5	7-10-2-3-3-3-2-2-6-9-7-3	7-3-2-6-7-7-7-7-7-3-2-5	2-4-5-5-7-7-3-7-10-5-2-3
216	6	8-6-7-5-7-7-7-8-8-7-7-5	8-7-7-5-9-8-5-8-7-7-5-7	6-7-7-7-7-7-7-7-7-7-7-7	7-6-7-8-6-7-7-3-7-7-6-5	9-5-6-9-6-6-7-6-7-6-9-6	7-6-4-6-7-7-6-7-7-6-3-6	7-7-6-6-5-6-4-7-7-9-10-7	6-3-5-6-6-5-6-7-3-6-5-5	6-5-6-6-10-9-6-8-8-7-3-5	5-6-6-7-8-7-7-2-5-7-5-7	5-9-6-6-10-10-5-6-5-6-9-6	10-10-6-10-6-8-9-5-8-8-8-9
216	7	6-6-6-9-6-6-6-6-6-6-6-6	6-6-6-8-6-6-9-9-6-6-8-6	9-8-9-6-9-6-6-6-6-6-6-6	8-5-6-6-8-9-6-7-6-6-8-7	6-5-7-7-5-7-8-8-6-6-6-8	6-8-8-7-6-6-8-6-6-2-0-9	6-6-6-8-8-7-7-8-6-6-9-9	6-8-5-8-7-5-4-6-6-6-8-5	6-5-8-8-7-6-9-5-6-6-7-4	5-7-7-8-8-6-8-7-8-6-9-6	5-7-7-6-5-5-5-5-5-7-8-7	6-6-7-8-5-5-7-5-7-5-7-6
216	8	6-6-6-6-6-6-6-6-6-6-6-6	6-6-6-7-6-6-7-9-6-6-7-6	1-7-6-6-7-6-9-6-6-6-9-7	7-8-7-6-7-7-6-6-9-9-7-7	7-5-7-8-5-9-9-7-8-8-6-7	7-7-7-7-8-5-7-7-8-8-9-7	6-6-6-7-7-8-9-7-8-8-7-7	6-9-5-7-7-5-6-6-6-6-7-5	6-1-7-7-8-5-9-6-6-6-7-6	5-7-8-7-6-7-7-2-7-6-7-8	5-7-7-10-6-6-5-5-5-7-7-8	6-7-5-7-2-4-7-5-6-6-8-6
216	9	6-10-6-7-6-6-6-6-6-6-6-5	6-8-6-7-6-6-7-7-6-6-7-6	6-7-7-6-7-9-8-6-10-6-8-7	7-9-9-6-7-7-6-7-8-8-8-7	6-5-6-6-1-8-8-7-8-9-6-7	6-8-7-7-9-5-8-6-9-9-8-7	10-6-6-7-8-9-8-8-9-6-7-7	6-8-5-7-7-1-4-3-10-6-7-5	9-5-9-7-6-6-8-5-2-6-7-0	9-7-9-6-8-7-6-6-10-5-7-6	6-6-6-0-5-10-5-9-7-9-6-9	6-6-6-7-7-2-6-5-7-5-7-6
216	10	10-9-7-8-10-9-6-10-6-6-6-6	6-10-10-7-10-6-7-10-10-10-9-10	10-10-10-6-10-6-9-6-9-10-6-10	9-10-10-10-10-10-9-10-9-10-10-5	6-5-10-10-10-8-9-10-10-10-6-10	6-10-10-7-10-5-10-10-10-10-10-10	5-10-10-6-9-8-10-10-10-10-5-7	10-10-10-9-10-10-3-3-9-6-6-5	9-9-10-10-6-10-10-6-10-6-4-10	9-5-10-10-10-6-10-10-9-10-6-10	5-6-6-8-6-9-5-5-6-6-10-10	6-6-6-6-6-10-10-5-5-10-7-6
217	0	0-0-0-0-0-0-0-0-0-0-0-0	0-0-0-0-0-0-0-0-0-0-0-0	0-0-0-0-0-0-0-0-0-0-0-0	0-0-0-0-0-0-0-0-0-0-0-0	0-0-0-0-0-0-0-0-0-0-0-0	0-0-0-0-0-0-0-0-0-0-0-0	0-0-0-0-0-0-0-0-0-0-0-0	0-0-0-0-0-0-0-0-0-0-0-0	0-0-0-0-0-0-0-0-0-0-0-0	0-0-0-0-0-0-0-0-0-0-0-0	0-0-0-0-0-0-0-0-0-0-0-0	0-0-0-0-0-0-0-0-0-0-0-0
217	1	1-1-1-1-1-1-1-1-1-1-1-1	2-1-0-1-0-0-0-1-0-1-0-0	0-2-0-0-2-2-2-0-0-2-1-2	2-0-0-2-2-2-0-4-1-0-1-0	2-0-2-0-2-2-2-2-0-0-6-2	2-2-2-0-0-2-2-3-0-1-0-2	0-1-3-0-2-1-1-2-0-1-1-2	3-1-1-2-1-0-1-6-0-1-0-0	0-0-2-2-3-0-0-2-2-1-1-1	0-1-1-0-2-3-2-1-2-0-0-1	3-1-1-3-0-1-1-0-0-1-2-1	0-1-1-1-0-1-1-0-1-1-1-3
217	2	2-2-2-2-2-2-2-2-2-2-2-2	1-3-2-1-0-3-0-2-2-1-1-3	2-1-0-1-1-3-3-5-3-3-3-1	1-1-2-1-1-1-4-1-3-2-3-2	1-0-1-1-1-1-3-1-3-2-1-1	1-1-4-0-3-1-3-1-2-2-5-1	4-1-2-2-1-2-4-1-2-4-0-3	2-1-1-1-3-1-4-0-2-0-0-0	2-2-1-1-2-1-0-1-1-2-1-2	0-1-2-1-1-1-1-2-1-3-0-1	3-1-0-2-5-0-3-0-0-1-1-2	0-1-1-6-0-3-1-0-1-1-2-4
217	3	3-4-3-3-2-2-3-3-3-3-3-4	3-2-2-4-4-4-4-4-4-4-4-4	5-4-4-4-3-2-2-4-2-2-2-3	4-4-4-4-1-4-4-3-2-2-2-5	1-4-3-4-4-1-4-4-2-0-5-3	2-1-2-3-4-4-2-1-2-2-2-1	2-1-1-3-3-0-2-3-3-2-4-2	2-1-1-2-2-4-1-2-3-3-4-4	4-4-4-1-1-3-4-4-5-3-2-4	4-4-2-0-4-1-2-1-4-4-4-1	2-0-4-2-3-4-4-4-6-4-1-0	4-1-3-2-4-4-1-6-4-4-1-1
217	4	3-3-3-6-2-2-6-5-4-4-3-4	4-2-2-5-5-4-5-3-3-4-3-3	3-5-5-5-5-3-4-3-5-3-5-5	5-3-3-5-5-5-5-1-5-2-5-3	5-3-4-3-3-4-5-5-4-0-4-5	4-6-5-4-3-3-5-4-4-2-2-5	2-5-4-4-3-4-2-6-4-2-5-5	2-5-1-5-5-3-2-5-5-4-5-3	3-3-3-4-5-3-3-5-2-4-5-3	3-3-4-5-5-1-0-4-3-3-3-1	5-6-3-2-5-3-3-5-5-4-4-4	3-4-3-5-3-3-1-3-5-3-5-5
217	5	3-6-3-3-5-6-5-4-6-5-5-6	5-2-2-4-4-4-4-3-6-5-3-3	6-4-4-4-4-5-4-6-6-5-5-4	4-5-5-4-4-4-6-4-4-5-4-3	4-3-6-3-5-4-4-4-5-5-4-4	6-5-4-5-5-6-4-4-5-5-2-4	6-4-2-5-5-5-6-4-5-2-4-4	5-4-1-4-4-6-2-4-6-3-4-5	5-3-5-5-4-3-3-5-3-4-4-1	6-5-5-4-4-1-6-5-6-3-5-1	4-5-5-6-6-6-3-4-4-5-5-5	6-5-5-4-5-5-5-3-4-3-4-4
217	6	6-5-6-4-6-6-4-6-5-4-5-5	5-6-6-4-6-6-5-6-5-6-3-3	6-6-6-4-6-5-5-5-5-6-6-6	6-6-6-6-6-6-5-6-5-6-6-3	4-3-6-6-6-6-5-6-6-6-1-6	5-6-6-5-6-5-6-6-6-6-2-6	5-6-6-6-5-6-6-6-6-6-4-4	6-6-6-5-4-5-6-1-5-3-3-6	5-6-6-5-4-6-6-5-6-6-4-1	5-3-6-6-6-1-6-5-5-6-5-6	3-6-6-6-5-5-3-6-6-5-6-5	6-5-6-2-5-6-6-3-6-6-5-6
218	0	0-0-0-0-0-0-0-0-0-0-0-0	0-0-0-0-0-0-0-0-0-0-0-0	0-0-0-0-0-0-0-0-0-0-0-0	0-0-0-0-0-0-0-0-0-0-0-0	0-0-0-0-0-0-0-0-0-0-0-0	0-0-0-0-0-0-0-0-0-0-0-0	0-0-0-0-0-0-0-0-0-0-0-0	0-0-0-0-0-0-0-0-0-0-0-0	0-0-0-0-0-0-0-0-0-0-0-0	0-0-0-0-0-0-0-0-0-0-0-0	0-0-0-0-0-0-0-0-0-0-0-0	0-0-0-0-0-0-0-0-0-0-0-0
218	1	1-0-1-1-1-1-1-1-1-1-1-1	1-0-0-2-0-1-0-2-0-1-2-2	0-0-0-6-2-0-2-0-0-3-0-2	2-0-0-2-2-2-0-4-1-0-2-0	5-0-2-0-2-1-2-2-1-1-0-2	2-3-2-0-0-3-2-2-1-1-0-2	2-3-1-0-2-0-0-2-0-1-2-2	1-1-1-2-1-0-0-7-1-0-0-0	1-0-2-2-7-2-0-3-0-1-1-3	0-2-1-0-2-1-2-1-2-0-0-3	3-1-0-0-0-1-0-0-0-2-2-2	2-2-1-2-0-2-2-0-6-2-1-3
218	2	2-2-2-2-2-2-2-2-1-2-2-3	1-3-3-1-0-3-0-3-3-2-1-1	3-3-1-1-1-2-3-4-0-3-3-1	1-3-2-1-1-1-0-1-3-3-3-0	2-0-4-4-1-3-3-1-3-2-1-1	1-5-4-0-2-1-3-1-2-2-6-1	1-1-2-3-1-2-3-1-2-2-1-3	2-3-3-1-1-3-5-0-1-4-0-0	1-0-1-1-2-1-2-1-6-2-1-7	0-1-0-1-1-2-1-2-1-3-0-1	2-0-0-3-7-7-0-6-0-1-1-1	1-1-1-3-1-1-1-0-1-1-1-1
218	3	3-2-1-2-2-3-3-3-3-3-4-2	3-2-2-4-0-4-4-2-4-2-4-4	6-4-6-4-2-4-2-5-4-1-2-4	4-4-5-5-1-4-4-1-2-2-2-4	1-4-2-5-5-2-4-4-2-2-4-4	4-1-2-4-5-5-2-1-2-2-0-4	4-1-2-2-4-0-2-4-3-2-5-2	2-2-5-2-1-5-4-5-4-3-4-5	5-4-4-4-1-3-3-1-6-3-1-1	4-5-3-0-4-1-0-2-4-4-4-1	5-1-4-2-5-4-4-5-4-7-4-3	5-1-4-2-5-5-3-5-5-5-4-1
218	4	3-4-5-4-5-4-4-4-4-4-4-3	3-5-4-3-5-3-3-5-3-4-3-3	1-3-3-3-1-5-5-7-3-6-5-5	3-3-6-3-1-3-6-1-5-6-5-3	1-3-2-3-3-4-5-3-5-2-3-3	3-3-2-3-3-3-5-1-4-4-2-3	3-1-4-7-3-4-5-3-4-2-1-5	4-1-3-2-1-3-6-3-3-4-3-3	3-3-5-3-4-3-3-3-5-4-2-1	3-1-4-5-3-5-1-2-3-3-3-1	3-5-3-2-7-3-3-3-3-3-5-4	3-1-3-3-3-3-1-3-3-3-3-4
218	5	6-5-7-7-4-4-5-6-5-5-6-7	6-4-4-6-6-3-6-6-3-6-6-6	0-6-3-1-6-6-6-6-3-6-4-4	6-3-3-6-6-6-4-1-6-4-6-3	6-3-6-6-3-6-6-6-4-5-5-6	6-2-6-5-3-3-6-6-4-5-2-6	6-1-4-4-4-5-4-6-4-7-6-5	4-6-3-6-6-3-2-3-6-3-3-3	3-7-6-6-6-3-6-6-4-4-6-3	3-3-5-4-6-6-2-2-5-3-3-1	3-6-3-2-6-3-3-3-3-6-6-5	3-6-7-6-3-3-6-3-3-3-5-5
218	6	5-7-5-6-5-7-7-5-7-6-5-7	5-2-4-5-6-6-5-5-7-5-5-7	7-5-3-7-5-5-5-6-7-5-5-5	5-6-6-5-5-5-7-5-5-4-5-7	5-3-5-5-6-5-7-5-6-2-5-5	5-5-5-6-6-3-5-5-4-6-2-6	5-1-4-0-7-6-6-5-6-4-5-5	6-5-1-5-5-6-4-5-5-6-5-3	6-6-5-5-5-3-5-5-3-4-5-3	3-5-6-5-5-5-7-2-6-5-5-1	5-6-3-7-5-7-3-2-7-5-5-6	3-5-6-5-6-4-5-3-1-6-5-1
218	7	7-6-5-5-7-6-6-7-6-6-5-6	5-7-7-5-7-7-5-7-7-7-5-6	7-7-7-6-7-7-7-4-7-7-2-7	6-7-7-7-7-7-6-7-6-7-7-6	1-3-7-7-6-7-6-7-7-7-6-7	7-7-7-7-7-7-6-5-7-7-7-6	6-7-7-7-6-7-7-7-7-7-6-7	7-7-7-6-7-6-7-1-5-3-3-3	6-6-7-6-1-3-7-6-7-4-5-2	5-3-7-7-7-1-7-7-6-7-6-7	6-1-7-6-2-6-3-3-6-3-7-7	7-2-5-7-6-7-7-3-7-7-1-7
219	0	0-0-0-0-0-0-0-0-0-0-0-0	0-0-0-0-0-0-0-0-0-0-0-0	0-0-0-0-0-0-0-0-0-0-0-0	0-0-0-0-0-0-0-0-0-0-0-0	0-0-0-0-0-0-0-0-0-0-0-0	0-0-0-0-0-0-0-0-0-0-0-0	0-0-0-0-0-0-0-0-0-0-0-0	0-0-0-0-0-0-0-0-0-0-0-0	0-0-0-0-0-0-0-0-0-0-0-0	0-0-0-0-0-0-0-0-0-0-0-0	0-0-0-0-0-0-0-0-0-0-0-0	0-0-0-0-0-0-0-0-0-0-0-0
219	1	1-1-1-1-1-1-1-0-1-1-1-1	1-0-0-1-0-2-1-0-2-1-2-2	5-1-2-0-1-0-2-2-0-0-3-1	2-4-2-1-1-2-0-1-1-0-0-4	0-4-1-0-2-0-2-1-1-1-3-2	0-1-0-1-1-1-0-0-0-0-0-2	0-0-0-2-1-0-0-0-0-1-5-1	1-0-1-0-0-2-0-0-1-1-4-0	1-4-2-0-2-0-0-1-0-1-1-1	0-1-1-0-0-0-0-0-1-2-1-0	0-0-1-1-1-1-1-1-0-1-1-1	1-1-1-1-1-1-1-1-1-1-1-1
219	2	2-3-2-2-2-2-2-2-2-2-2-2	1-0-0-2-0-1-1-3-1-2-1-3	1-5-1-4-3-2-3-4-0-5-3-2	3-1-1-4-3-4-0-4-3-0-2-0	5-1-1-3-1-2-3-3-2-4-2-1	2-3-3-2-1-4-3-5-2-2-0-1	3-5-2-1-3-2-3-3-2-5-3-3	2-5-5-3-5-1-3-0-4-1-1-3	2-1-1-3-5-0-0-3-0-2-5-2	2-3-0-8-3-4-0-0-3-1-0-5	3-2-2-0-2-3-1-2-3-2-3-1	0-3-1-0-0-2-3-1-2-4-2-2
219	3	3-4-3-3-3-3-3-3-3-2-3-2	1-5-3-2-0-3-2-4-4-3-2-4	3-2-2-2-2-2-4-5-3-2-4-2	2-1-3-2-2-2-5-0-4-5-4-1	3-0-1-2-1-4-4-2-3-3-1-2	2-2-4-1-3-2-4-2-3-3-8-3	2-2-3-1-2-4-2-2-0-6-2-2	3-5-2-4-4-1-5-0-2-3-1-2	4-1-4-2-3-2-0-2-4-3-4-4	2-2-0-4-2-2-0-4-2-2-4-2	3-2-4-3-3-2-1-4-2-2-2-7	3-2-1-1-4-2-2-4-2-2-3-4
219	4	4-3-2-4-3-4-3-5-4-4-5-4	1-3-3-2-0-4-2-5-3-3-5-3	1-6-1-2-5-2-3-2-5-2-3-5	2-5-5-2-2-2-3-2-5-5-3-1	2-1-0-5-1-3-5-4-5-2-7-9	2-4-3-5-4-2-5-2-4-4-0-3	3-2-4-1-2-3-7-5-4-2-2-2	4-3-3-3-3-1-3-5-2-4-1-5	3-1-3-2-4-5-1-5-9-7-3-5	2-4-6-5-3-2-0-5-9-1-3-2	2-2-5-5-5-4-1-3-4-4-2-7	3-5-2-4-3-2-2-4-4-5-3-3
219	5	5-5-5-6-3-5-5-6-5-5-4-5	4-3-3-5-0-4-5-4-6-5-4-4	1-6-1-8-4-8-3-3-6-2-3-4	5-4-4-2-2-6-3-7-4-4-3-8	2-5-5-4-7-3-4-5-4-2-4-5	6-7-3-4-5-8-4-2-4-3-0-5	8-2-3-5-5-8-2-4-0-2-1-4	5-2-8-6-2-5-3-4-2-5-5-4	7-1-6-2-2-4-5-6-3-5-2-4	5-5-3-4-2-7-6-4-6-5-6-2	5-2-4-4-4-9-1-5-5-4-6-1	5-4-5-5-6-5-5-5-6-4-3-2
219	6	7-6-8-8-7-7-8-8-8-7-7-8	7-7-7-5-7-7-5-7-7-7-7-7	6-7-6-7-7-8-7-8-7-7-7-6	7-6-7-7-6-7-7-8-7-7-6-7	7-5-5-8-5-6-7-6-7-7-8-6	7-5-7-7-5-5-7-7-7-6-0-7	9-7-6-6-9-8-7-7-7-3-9-7	6-6-7-5-6-5-6-7-2-8-9-7	8-9-6-6-7-7-7-5-7-6-9-3	5-9-9-6-7-7-7-6-5-5-9-2	9-9-8-6-7-9-5-6-9-6-7-3	7-9-6-5-7-7-5-7-6-6-6-9
219	7	6-6-7-7-6-6-6-6-6-6-6-7	6-6-6-8-6-6-8-6-6-6-6-6	1-8-8-6-8-6-8-6-6-6-6-6	8-5-6-6-8-8-6-5-6-6-8-6	6-5-8-4-5-8-8-8-6-6-4-8	6-5-8-6-5-5-8-6-6-6-0-8	6-6-6-6-6-7-6-8-6-7-8-6	6-7-6-8-8-5-9-6-2-5-8-6	6-1-8-8-6-6-6-1-6-6-8-4	8-8-6-5-8-5-8-6-1-5-6-8	8-6-6-4-6-7-1-6-6-8-6-4	6-8-5-5-6-6-8-6-6-7-9-6
219	8	7-6-6-6-6-6-6-6-6-6-6-9	6-6-6-7-6-6-7-7-6-6-6-6	9-7-7-6-7-6-7-6-6-6-6-7	7-8-8-6-7-7-6-6-7-6-7-5	6-5-7-6-8-7-7-7-8-6-6-7	7-8-7-9-8-5-7-6-8-8-3-7	5-6-6-5-8-5-4-7-6-6-7-7	8-7-5-7-7-5-6-6-2-6-7-8	6-1-7-7-4-6-5-1-6-6-7-5	7-7-6-2-7-5-7-6-8-6-6-7	7-8-6-4-6-6-1-5-5-7-7-8	6-7-9-5-6-6-7-6-6-7-7-6
219	9	9-6-7-7-6-8-6-9-6-6-6-8	6-6-9-7-9-6-8-9-9-9-7-8	9-9-9-6-9-6-9-6-6-9-8-9	8-9-6-9-9-9-8-9-6-9-9-8	6-6-9-9-9-9-8-9-9-9-6-6	6-9-9-8-9-5-9-6-9-9-9-8	6-9-9-5-9-9-9-8-9-9-6-6	9-9-6-8-9-9-7-7-2-6-6-6	6-9-9-9-2-9-5-4-4-6-9-5	5-9-6-9-9-6-9-6-4-9-6-9	6-6-6-6-6-5-6-6-6-6-9-9	6-6-8-6-6-9-9-6-9-9-7-6
220	0	0-0-0-0-0-0-0-0-0-0-0-0	0-0-0-0-0-0-0-0-0-0-0-0	0-0-0-0-0-0-0-0-0-0-0-0	0-0-0-0-0-0-0-0-0-0-0-0	0-0-0-0-0-0-0-0-0-0-0-0	0-0-0-0-0-0-0-0-0-0-0-0	0-0-0-0-0-0-0-0-0-0-0-0	0-0-0-0-0-0-0-0-0-0-0-0	0-0-0-0-0-0-0-0-0-0-0-0	0-0-0-0-0-0-0-0-0-0-0-0	0-0-0-0-0-0-0-0-0-0-0-0	0-0-0-0-0-0-0-0-0-0-0-0
220	1	1-1-1-1-1-1-1-1-1-1-1-2	1-2-0-2-0-2-1-1-2-1-0-2	1-2-3-0-0-2-2-1-0-2-2-0	2-2-0-0-2-2-1-5-0-0-0-5	0-1-5-0-2-0-2-2-0-1-0-2	2-2-0-4-0-2-2-2-1-0-0-2	4-0-0-4-2-1-0-0-0-1-2-0	1-1-4-2-0-3-0-0-1-0-1-4	0-1-2-2-2-0-2-2-0-1-0-1	2-0-0-2-2-1-2-1-2-3-2-0	0-0-1-0-4-1-1-2-0-0-0-1	3-0-2-0-0-1-0-1-1-0-1-0
220	2	1-2-2-2-2-2-2-2-2-2-1-1	1-3-2-1-1-1-1-3-1-2-0-1	1-1-1-0-0-3-1-4-0-1-3-3	1-1-2-0-1-1-3-1-3-3-3-1	3-1-1-0-1-3-3-1-3-3-1-1	1-1-0-3-0-1-3-1-2-2-7-1	1-4-4-1-1-1-0-0-3-0-1-0	2-2-1-1-0-1-3-2-1-2-3-0	0-1-1-1-1-0-1-1-6-2-2-4	1-1-0-4-1-2-1-2-1-1-1-0	0-2-2-2-0-0-1-1-0-0-2-2	1-3-1-3-0-2-0-2-1-2-2-4
220	3	4-3-3-4-2-2-3-3-3-3-3-4	4-2-2-4-2-2-4-6-4-4-4-4	1-4-1-7-4-4-4-4-0-4-2-4	4-4-3-3-4-4-4-3-4-2-2-1	4-1-6-5-1-2-4-4-3-2-5-4	4-1-4-3-3-1-4-4-2-2-0-4	2-2-5-2-4-3-4-4-3-5-4-4	2-4-5-4-4-1-8-4-3-0-3-1	7-1-4-4-5-0-1-1-0-4-3-4	3-4-0-2-4-4-2-2-4-1-0-4	4-3-2-5-1-3-1-1-7-4-4-3	1-4-1-3-8-3-4-1-0-3-3-5
220	4	3-4-3-5-4-4-4-4-4-3-3-3	3-5-4-3-4-5-3-5-3-3-3-5	5-3-3-4-3-3-5-2-5-3-5-5	3-5-3-3-3-3-6-3-3-5-5-1	3-1-3-3-5-5-5-3-6-4-0-3	3-1-6-3-4-1-3-3-4-4-6-3	1-2-7-1-3-4-6-3-6-6-3-3	4-3-1-3-3-1-6-2-1-4-3-5	4-1-3-3-4-0-1-5-6-4-3-2	4-3-0-2-3-3-5-2-3-5-4-3	3-2-3-4-8-0-5-5-7-3-3-5	1-3-3-5-4-4-3-1-4-3-6-6
220	5	7-4-3-6-4-5-5-4-5-6-6-4	6-4-4-3-6-4-3-7-6-3-6-6	7-6-7-3-5-7-4-6-6-6-4-4	6-7-6-6-3-6-6-3-4-4-4-1	3-6-1-5-4-4-6-3-5-7-3-7	8-5-4-5-6-1-5-6-5-4-0-3	5-2-4-4-7-5-4-4-3-3-5-3	5-4-3-3-3-6-3-5-5-5-5-7	6-5-4-4-3-0-6-4-0-4-3-4	6-6-0-8-6-3-5-2-7-6-6-3	6-3-7-3-6-6-6-6-6-8-3-6	5-4-5-4-6-6-3-6-6-6-5-3
220	6	7-5-6-8-7-6-6-6-8-6-8-7	5-4-4-8-7-7-7-8-5-3-5-7	1-7-5-8-7-5-7-7-5-7-7-6	7-5-5-7-7-7-4-7-7-7-7-1	6-5-3-7-1-6-7-6-6-6-8-7	7-8-7-5-5-7-7-7-4-6-4-7	8-7-4-1-5-6-4-7-6-6-7-7	5-7-8-7-7-5-4-7-7-5-7-5	5-1-7-7-8-6-5-7-4-8-7-6	5-7-0-4-7-7-7-2-6-5-5-7	5-6-5-0-5-5-5-5-5-7-6-5	1-6-6-7-5-5-7-5-5-5-4-4
220	7	6-8-6-6-6-8-8-8-8-7-7-8	5-4-4-6-6-7-6-5-8-6-6-6	5-6-5-6-6-5-6-6-6-6-8-6	6-5-7-6-6-6-8-6-6-6-6-1	6-1-6-6-7-6-8-6-7-7-6-6	6-6-6-8-7-6-6-6-7-7-4-6	8-6-4-7-5-7-4-6-7-6-6-6	7-6-6-6-6-1-4-6-6-7-6-5	7-7-6-6-7-0-2-6-8-6-6-6	6-6-7-4-6-6-6-8-8-5-7-6	6-7-7-7-7-5-5-4-7-6-7-7	1-8-7-6-7-7-6-5-6-5-6-6
220	8	8-7-6-6-8-7-7-8-6-6-6-7	7-8-8-6-8-8-6-6-8-8-6-6	8-8-8-6-8-8-8-7-8-8-7-8	7-8-8-8-8-8-7-8-8-8-8-7	6-8-8-8-8-8-7-8-8-8-6-8	8-8-8-7-8-8-7-8-8-8-8-8	6-8-8-8-8-8-8-8-8-6-8-8	8-8-6-7-8-8-6-6-6-8-7-8	5-8-8-6-6-8-8-7-8-6-6-0	6-8-8-8-8-6-8-8-7-8-7-8	8-8-7-8-6-7-5-6-8-8-8-8	8-7-7-8-8-8-8-8-8-8-6-8
221	0	0-0-0-0-0-0-0-0-0-0-0-0	0-0-0-0-0-0-0-0-0-0-0-0	0-0-0-0-0-0-0-0-0-0-0-0	0-0-0-0-0-0-0-0-0-0-0-0	0-0-0-0-0-0-0-0-0-0-0-0	0-0-0-0-0-0-0-0-0-0-0-0	0-0-0-0-0-0-0-0-0-0-0-0	0-0-0-0-0-0-0-0-0-0-0-0	0-0-0-0-0-0-0-0-0-0-0-0	0-0-0-0-0-0-0-0-0-0-0-0	0-0-0-0-0-0-0-0-0-0-0-0	0-0-0-0-0-0-0-0-0-0-0-0
221	1	1-1-1-1-1-1-1-1-1-1-1-1	0-2-1-0-0-1-0-2-0-1-0-2	1-0-0-0-0-0-2-2-0-2-2-0	0-0-2-0-0-0-0-0-2-2-2-1	0-0-1-0-0-2-2-0-1-0-1-1	2-0-0-0-0-0-2-0-1-1-4-0	0-1-1-1-0-1-0-2-1-1-4-1	1-1-0-2-1-0-1-2-0-1-0-0	1-0-0-0-1-1-4-2-2-1-1-2	0-0-1-0-1-0-0-1-0-0-0-1	4-0-0-0-1-0-0-0-0-0-1-1	0-1-0-1-0-0-0-0-0-0-0-1
221	2	2-2-2-2-1-2-2-2-2-2-2-2	2-1-1-3-2-2-0-1-3-2-3-3	1-3-0-3-3-3-3-1-0-3-3-3	3-3-3-3-3-3-4-2-3-1-1-0	3-0-2-3-0-1-3-3-3-2-8-3	3-4-3-0-0-3-3-3-1-2-1-4	3-3-1-0-3-0-3-1-2-1-1-3	1-2-3-3-3-3-3-8-2-1-2-0	2-0-3-3-4-8-0-3-1-2-5-2	0-3-1-1-3-2-1-2-3-0-0-2	0-2-0-0-3-3-1-0-0-2-3-1	0-3-2-0-1-2-3-0-2-3-2-4
221	3	3-3-3-3-3-3-3-3-3-2-3-3	2-4-3-2-2-3-2-2-2-3-2-2	3-2-4-2-2-2-2-4-3-2-2-2	2-4-2-2-2-2-3-2-2-3-3-0	2-0-2-2-4-3-2-2-4-3-2-2	2-0-2-0-3-2-2-2-3-3-7-3	7-8-1-0-2-3-5-4-1-6-0-2	3-1-2-2-4-2-2-0-2-3-0-4	2-3-2-2-3-2-7-2-4-3-3-3	0-2-3-4-2-2-3-3-2-3-4-2	0-2-0-3-2-2-3-4-0-2-2-1	3-2-2-2-0-4-2-4-2-2-6-2
221	4	4-4-5-5-4-4-4-5-5-4-4-5	4-3-3-2-5-5-5-4-5-5-5-5	4-5-7-5-4-5-5-4-5-3-5-4	3-4-5-5-4-5-5-4-3-3-3-6	4-8-3-4-6-3-4-4-3-4-5-4	5-5-3-5-7-5-3-2-1-1-1-5	3-3-4-8-4-4-3-5-4-4-1-3	6-4-5-3-3-6-2-5-5-6-5-6	6-6-4-2-2-4-6-5-8-4-4-3	4-6-4-3-5-2-4-4-5-5-6-2	6-2-4-5-6-6-6-6-6-4-4-6	6-2-4-6-6-3-2-6-8-5-2-2
221	5	6-6-7-4-6-6-8-6-6-6-6-4	6-7-5-4-6-6-4-6-4-6-4-6	5-6-6-6-6-6-6-7-6-6-6-6	6-4-6-7-2-4-6-7-6-6-6-4	7-4-6-6-4-5-6-5-6-6-7-4	6-6-6-6-6-6-6-6-6-5-3-5	3-6-5-5-5-6-6-6-6-8-8-6	5-5-6-5-5-6-5-6-4-5-4-4	5-4-8-5-7-7-6-4-7-7-2-6	5-2-7-7-4-2-6-6-4-4-4-2	8-8-8-4-8-8-4-5-8-5-6-6	8-5-4-6-6-5-6-7-4-4-5-8
221	6	5-5-6-8-5-5-5-5-5-5-5-5	5-5-5-6-5-5-5-5-5-5-4-5	0-7-5-7-7-5-7-5-5-5-5-5	5-4-5-5-7-7-5-6-5-5-7-4	7-4-8-7-4-7-7-7-5-5-5-7	5-5-5-5-5-5-7-5-5-3-3-6	7-5-5-5-8-6-5-5-5-3-7-5	5-6-5-7-7-5-8-5-7-4-7-4	4-4-5-7-8-5-5-7-5-5-7-5	7-7-5-3-7-5-5-5-6-4-4-7	7-6-4-5-4-5-4-4-4-7-5-4	4-6-6-5-5-4-5-4-7-7-7-5
221	7	5-5-5-6-5-5-5-5-5-5-5-8	5-5-5-6-5-5-5-6-5-5-4-5	8-6-5-6-6-5-6-5-5-6-7-5	6-7-7-5-6-6-8-5-5-5-6-8	6-4-6-6-7-6-8-6-7-5-5-6	6-5-6-5-4-5-6-5-7-5-3-7	6-5-5-4-7-7-3-5-7-4-6-5	7-6-5-6-6-5-8-5-6-5-6-4	7-4-7-6-5-5-7-7-5-5-6-5	6-6-5-5-6-5-5-5-8-5-4-6	6-6-5-5-4-5-4-7-5-6-5-7	4-6-6-7-5-5-7-5-6-6-6-6
221	8	8-5-6-6-5-5-5-8-5-5-5-7	5-5-8-6-8-5-6-8-8-8-4-7	8-7-8-6-8-5-7-5-7-8-4-8	7-8-8-8-8-8-7-8-7-8-8-7	6-4-6-8-7-8-7-8-8-8-5-4	5-8-8-6-8-8-8-8-8-8-8-8	7-8-8-4-6-8-3-8-8-8-5-5	8-5-5-7-8-7-7-6-6-5-4-5	4-8-5-7-6-8-8-6-8-5-6-5	6-4-8-8-8-5-8-7-7-8-4-8	5-5-5-8-5-5-4-4-5-5-8-8	4-7-8-5-5-8-8-4-8-8-6-5
222	0	0-0-0-0-0-0-0-0-0-0-0-0	0-0-0-0-0-0-0-0-0-0-0-0	0-0-0-0-0-0-0-0-0-0-0-0	0-0-0-0-0-0-0-0-0-0-0-0	0-0-0-0-0-0-0-0-0-0-0-0	0-0-0-0-0-0-0-0-0-0-0-0	0-0-0-0-0-0-0-0-0-0-0-0	0-0-0-0-0-0-0-0-0-0-0-0	0-0-0-0-0-0-0-0-0-0-0-0	0-0-0-0-0-0-0-0-0-0-0-0	0-0-0-0-0-0-0-0-0-0-0-0	0-0-0-0-0-0-0-0-0-0-0-0
222	1	1-1-1-1-1-1-1-1-1-1-1-2	0-2-1-0-0-2-0-1-1-1-0-0	1-0-0-1-0-0-2-0-2-1-2-0	0-0-2-0-1-0-2-1-2-2-2-1	2-2-1-0-0-1-2-0-2-2-1-0	0-0-0-0-0-0-2-0-2-1-1-0	1-1-1-0-2-0-0-0-1-1-0-1	1-1-0-0-1-0-2-0-1-1-0-0	1-0-2-0-0-1-1-0-2-2-0-1	0-0-1-2-1-0-2-1-0-0-0-1	1-0-3-2-1-0-0-0-0-0-2-2	0-0-0-0-0-1-0-0-0-0-3-1
222	2	2-1-2-1-2-2-2-1-2-2-2-3	3-1-1-3-0-1-3-3-3-1-3-3	5-3-3-3-3-2-3-3-1-3-1-3	3-3-3-3-3-3-1-5-3-1-3-6	5-1-3-3-0-3-3-3-1-1-3-3	2-2-3-2-2-3-3-3-1-2-0-4	3-1-1-0-3-0-3-3-1-2-3-3	1-5-2-3-2-0-1-2-2-1-0-0	0-0-3-3-4-3-0-3-1-1-3-3	3-3-2-1-3-2-3-1-3-0-3-2	4-2-1-1-1-2-0-0-0-2-3-1	3-3-2-3-0-3-3-0-4-2-2-2
222	3	3-3-2-3-2-3-3-3-3-3-2-2	2-4-3-2-4-3-2-4-2-2-2-4	4-2-2-2-2-2-2-2-1-2-2-2	2-4-2-2-2-2-3-2-4-4-4-2	2-3-2-2-4-5-2-2-4-3-2-2	4-3-5-2-3-2-4-2-3-3-6-3	3-1-4-3-2-3-2-2-3-5-2-2	3-2-2-2-2-4-6-4-2-3-3-4	3-0-2-6-3-3-3-4-6-3-2-2	4-4-4-8-2-5-2-6-2-0-9-2	4-2-1-3-3-4-4-4-0-2-4-3	2-2-2-2-0-2-2-0-6-3-1-6
222	4	5-4-5-4-5-5-5-6-5-4-5-5	5-3-3-2-5-5-5-4-5-5-5-5	4-5-5-5-4-5-5-4-6-5-4-4	5-4-5-4-2-5-5-2-3-3-3-4	4-7-5-4-5-3-5-5-3-4-5-4	5-5-3-5-6-5-3-6-3-1-1-5	3-1-4-5-5-4-4-5-3-4-5-3	7-2-7-5-2-5-5-5-5-6-5-5	7-6-5-3-6-5-5-5-3-4-2-7	7-5-6-5-5-2-5-4-5-5-5-2	7-6-5-4-7-5-6-7-5-5-5-4	7-5-4-5-7-3-2-7-7-7-7-5
222	5	4-5-4-5-5-4-4-5-4-4-4-4	4-6-6-2-4-4-4-4-4-4-4-4	4-5-4-3-2-4-4-4-4-4-6-6	4-4-4-2-2-4-4-2-6-6-5-4	2-4-4-2-4-3-6-4-3-6-4-2	4-4-3-4-4-4-6-8-3-5-0-4	3-6-6-4-4-3-6-4-5-3-8-6	5-2-4-4-2-4-4-4-4-5-4-4	4-4-4-4-3-3-4-6-5-4-2-2	4-4-7-4-4-3-4-5-4-4-4-2	4-7-4-5-4-4-4-5-4-4-4-5	8-6-4-4-4-3-3-4-4-4-4-4
222	6	6-5-6-7-5-4-7-4-6-6-6-7	4-5-5-6-4-4-6-7-4-4-4-7	7-7-4-7-7-7-7-8-4-7-5-7	7-7-7-8-8-7-4-8-7-5-6-2	9-4-6-7-4-7-7-7-5-5-7-8	5-9-7-2-4-4-7-6-3-3-3-7	6-7-5-6-7-6-5-4-5-3-8-7	4-7-8-7-8-4-9-8-8-4-4-4	6-4-9-7-8-7-4-5-3-6-8-7	4-8-4-7-8-6-4-3-7-4-4-6	8-8-4-5-4-4-4-5-4-6-7-6	5-7-6-4-4-3-7-4-3-5-2-3
222	7	6-9-6-6-7-7-6-4-4-6-4-6	4-8-7-6-4-4-4-8-4-4-4-6	6-6-6-6-6-6-8-6-8-6-8-6	6-4-6-6-6-6-4-6-8-7-8-4	8-4-4-6-4-6-8-6-8-7-6-6	6-8-8-4-6-4-6-6-7-7-8-7	8-6-5-4-6-6-8-6-5-7-4-6	4-6-4-6-6-4-8-6-6-7-4-4	4-4-6-6-4-6-4-4-8-7-9-6	4-4-5-6-6-6-4-3-6-4-4-6	4-5-4-5-4-4-4-4-4-6-6-5	4-6-4-4-4-4-6-4-4-4-8-3
222	8	9-7-6-6-7-9-6-4-9-6-4-9	8-7-7-6-4-4-6-7-4-4-4-9	9-6-4-6-6-8-7-9-9-6-7-6	6-8-8-6-6-6-9-6-7-7-7-9	7-4-4-6-8-7-7-6-7-8-4-2	9-8-7-9-4-4-7-6-8-7-7-7	7-9-5-6-6-8-7-4-8-7-6-6	4-6-6-9-6-4-7-6-6-4-7-4	8-4-4-6-6-6-4-8-7-6-6-6	9-6-8-3-6-6-4-3-8-4-4-6	7-6-8-5-9-4-4-4-4-6-3-8	5-8-8-4-4-8-8-4-7-5-7-7
222	9	9-7-9-7-9-9-6-9-8-4-4-8	8-7-9-6-9-9-6-9-9-9-8-8	9-8-9-6-9-9-8-8-8-9-9-9	8-9-9-9-9-9-8-9-8-9-9-8	6-4-9-9-9-9-8-9-9-9-6-4	8-9-9-8-9-4-9-9-9-9-9-9	8-9-9-9-6-9-8-9-9-9-8-9	9-7-9-8-9-8-6-6-6-4-4-4	8-4-6-8-6-9-9-8-9-6-7-6	8-6-9-9-9-8-9-9-8-9-3-9	7-9-9-5-8-8-4-5-4-8-9-9	9-6-8-3-4-9-9-4-9-9-7-9
223	0	0-0-0-0-0-0-0-0-0-0-0-0	0-0-0-0-0-0-0-0-0-0-0-0	0-0-0-0-0-0-0-0-0-0-0-0	0-0-0-0-0-0-0-0-0-0-0-0	0-0-0-0-0-0-0-0-0-0-0-0	0-0-0-0-0-0-0-0-0-0-0-0	0-0-0-0-0-0-0-0-0-0-0-0	0-0-0-0-0-0-0-0-0-0-0-0	0-0-0-0-0-0-0-0-0-0-0-0	0-0-0-0-0-0-0-0-0-0-0-0	0-0-0-0-0-0-0-0-0-0-0-0	0-0-0-0-0-0-0-0-0-0-0-0
223	1	1-1-1-2-1-1-1-2-1-1-1-1	1-2-1-1-3-2-2-2-2-2-2-2	1-2-1-2-2-2-2-2-2-2-3-2	2-0-2-3-1-0-2-2-1-2-1-2	2-1-1-2-1-1-2-1-1-2-4-1	2-2-2-1-0-2-1-2-2-1-4-2	1-2-1-1-1-1-0-2-1-1-4-1	2-1-1-2-1-2-1-2-1-1-2-1	1-1-2-1-2-6-2-1-2-1-1-2	1-1-2-2-0-1-5-1-0-3-0-1	1-5-7-1-2-7-1-1-0-1-6-1	2-2-2-1-1-1-1-1-4-1-1-1
223	2	1-1-1-1-1-1-1-1-1-1-1-1	3-1-1-3-1-1-1-1-1-1-1-1	1-3-1-1-3-1-1-1-1-1-1-1	3-0-1-1-3-3-1-1-1-1-3-1	1-1-7-1-1-3-3-3-1-1-1-3	1-1-3-2-2-1-3-4-1-1-0-4	1-4-1-0-3-2-2-3-1-2-0-3	1-4-4-3-3-1-7-6-2-1-1-0	0-0-3-4-4-1-1-3-1-2-4-1	0-4-1-1-3-4-1-1-3-1-0-4	0-1-0-1-1-1-0-0-0-2-1-2	1-4-1-1-0-1-4-0-6-2-2-4
223	3	1-4-1-3-4-3-1-1-1-1-1-1	2-4-4-2-1-1-1-3-1-1-2-1	1-2-1-1-2-4-4-5-4-4-4-2	2-3-4-1-2-2-5-1-4-5-4-1	2-0-5-3-3-2-4-2-4-1-1-2	1-1-4-2-3-2-4-3-1-3-6-3	6-1-4-3-2-3-5-2-1-3-0-2	3-2-2-2-2-4-5-2-3-5-0-1	0-1-2-2-3-2-6-4-1-3-2-3	4-0-1-4-2-1-1-4-2-1-0-2	3-1-1-4-1-1-0-3-0-1-1-1	1-2-1-4-1-4-2-1-0-2-3-5
223	4	4-3-1-5-3-3-4-1-4-4-1-7	5-3-3-4-1-1-5-3-1-1-6-5	4-5-6-5-2-5-3-6-5-3-3-4	5-4-3-5-2-2-5-4-3-1-3-6	1-7-1-5-5-3-5-4-3-1-1-7	1-1-3-4-3-7-3-2-1-3-1-2	7-2-3-6-5-4-3-3-1-2-4-1	1-2-5-2-2-5-3-2-5-6-4-4	5-4-5-2-2-1-1-3-1-4-2-5	5-2-1-3-5-2-1-3-1-6-5-2	5-2-1-3-1-5-5-5-5-2-2-4	1-2-4-4-5-3-2-6-1-2-1-2
223	5	6-5-7-6-3-5-6-5-4-7-6-6	4-3-3-5-6-1-7-6-5-1-6-4	6-4-7-7-6-7-6-3-4-6-6-6	6-4-6-6-6-6-3-6-6-3-6-4	6-4-6-6-4-6-6-6-4-1-6-6	5-5-6-5-3-4-6-5-1-3-3-5	5-5-3-4-4-5-3-7-1-7-6-5	1-6-4-6-6-4-3-6-4-4-6-4	4-4-4-6-6-4-1-6-1-6-6-4	7-6-1-3-6-1-6-3-0-1-4-2	4-1-6-3-7-4-4-4-4-2-1-5	1-5-1-6-4-4-5-0-6-5-6-3
223	6	5-7-5-5-6-7-7-5-4-6-5-7	6-3-3-5-5-1-4-5-7-6-5-7	5-5-4-5-5-6-5-4-5-5-6-5	5-6-6-5-5-5-7-5-5-6-5-4	5-4-5-5-6-5-5-5-6-6-5-5	7-7-5-7-6-7-5-5-6-3-3-6	7-5-3-4-5-6-3-5-6-2-5-5	6-5-2-5-5-6-3-5-6-4-5-6	6-4-4-7-5-1-3-6-1-5-5-1	6-5-6-3-7-7-5-7-7-4-5-2	5-6-5-3-7-5-4-4-3-6-1-6	7-6-1-6-6-6-2-4-5-2-5-2
223	7	7-6-5-5-7-7-6-7-6-5-5-6	6-7-7-5-7-7-5-7-7-7-5-6	7-7-7-5-7-7-6-6-6-7-7-7	7-7-7-7-7-7-6-7-6-7-7-4	5-4-7-7-7-7-6-7-7-7-5-5	6-7-7-6-7-4-7-7-7-7-7-7	4-7-7-4-6-7-7-5-7-7-7-5	7-7-7-6-7-6-2-2-6-4-4-4	6-4-7-6-5-7-7-6-1-1-5-1	5-4-7-7-6-6-7-6-6-7-5-7	4-1-7-5-6-1-4-4-4-6-7-6	6-6-1-7-6-7-7-4-7-7-5-7
224	0	0-0-0-0-0-0-0-0-0-0-0-0	0-0-0-0-0-0-0-0-0-0-0-0	0-0-0-0-0-0-0-0-0-0-0-0	0-0-0-0-0-0-0-0-0-0-0-0	0-0-0-0-0-0-0-0-0-0-0-0	0-0-0-0-0-0-0-0-0-0-0-0	0-0-0-0-0-0-0-0-0-0-0-0	0-0-0-0-0-0-0-0-0-0-0-0	0-0-0-0-0-0-0-0-0-0-0-0	0-0-0-0-0-0-0-0-0-0-0-0	0-0-0-0-0-0-0-0-0-0-0-0	0-0-0-0-0-0-0-0-0-0-0-0
224	1	1-1-1-1-1-0-1-1-1-1-1-1	2-0-0-2-0-1-1-0-0-1-2-2	0-2-3-0-2-2-2-0-0-2-2-2	2-0-1-2-2-2-0-2-2-2-0-1	0-1-2-2-0-0-2-2-0-2-4-2	2-2-2-1-0-1-2-0-0-0-0-2	0-1-0-1-2-0-0-2-1-0-0-0	0-2-0-2-0-0-0-3-1-0-1-0	0-1-0-2-1-2-1-1-0-1-1-6	2-1-0-0-0-0-2-1-2-0-0-0	1-2-1-0-2-2-1-1-1-1-2-1	1-2-1-1-0-1-2-1-1-1-1-1
224	2	2-2-2-2-2-2-2-2-2-2-2-2	1-3-3-1-0-1-1-1-1-1-1-1	1-1-2-1-1-1-1-5-0-3-1-1	1-3-3-1-1-1-3-1-1-1-3-1	0-2-1-1-0-2-3-1-3-1-1-1	1-1-1-2-2-1-3-0-2-2-4-2	0-1-2-3-1-0-3-1-1-5-2-0	2-1-0-1-0-2-3-2-1-0-0-2	2-0-3-1-6-1-3-3-5-2-3-2	1-2-0-3-3-3-1-2-1-0-0-3	3-1-3-2-1-1-3-2-0-1-1-2	1-1-1-2-2-1-1-3-1-1-2-1
224	3	4-3-4-3-4-4-4-3-4-4-3-4	4-2-2-4-5-4-4-3-4-4-4-4	4-4-4-4-4-4-4-4-5-4-4-4	4-4-4-4-4-4-4-9-2-1-4-4	5-4-4-1-4-2-4-4-2-5-1-6	4-4-6-4-0-4-2-4-0-2-0-4	4-3-2-4-4-5-2-6-0-3-6-5	2-3-6-4-4-4-2-4-4-5-5-2	5-5-2-4-5-3-5-4-2-3-4-5	4-4-7-2-4-4-4-4-4-5-4-5	4-5-4-5-8-4-4-4-4-3-4-3	4-4-4-4-4-6-4-6-4-6-3-4
224	4	3-4-3-3-3-3-3-3-3-3-3-3	3-5-4-3-6-3-3-3-3-3-3-3	3-4-3-3-3-3-5-6-3-3-5-3	3-3-3-3-3-3-4-3-5-1-3-3	3-3-3-1-3-4-5-3-5-4-1-3	3-3-3-3-4-3-3-4-4-4-2-3	3-4-5-3-3-4-4-3-4-7-3-3	4-4-3-3-3-3-2-3-3-5-3-4	4-3-4-3-2-5-3-3-4-3-3-4	3-3-6-3-3-3-3-2-3-3-3-0	5-3-3-0-1-3-3-3-3-1-3-4	3-3-3-3-3-3-3-3-3-5-5-3
224	5	3-3-3-3-3-6-3-3-3-3-3-3	6-4-4-6-3-3-3-4-6-3-6-6	3-6-3-3-6-3-4-6-3-6-4-6	6-3-7-7-6-6-6-7-6-8-7-3	8-3-5-1-3-6-6-6-4-3-7-3	3-3-7-3-5-1-6-5-5-0-0-6	6-5-4-3-6-5-6-6-0-5-3-6	4-8-10-6-6-3-11-11-7-4-3-6	3-3-5-7-7-4-3-6-2-4-7-7	3-7-3-4-6-7-0-2-6-3-3-8	4-7-3-3-3-6-4-4-3-5-6-3	4-7-3-3-3-5-6-3-5-4-4-5
224	6	3-6-3-3-7-3-3-6-3-3-3-3	5-7-7-5-3-3-3-5-5-3-5-5	3-5-3-3-5-3-7-8-7-5-7-7	5-5-5-5-5-5-5-5-7-7-7-3	6-3-3-6-3-5-7-5-7-6-1-3	3-3-8-3-8-3-7-6-6-6-10-6	5-7-11-3-5-5-7-7-0-9-3-5	6-7-3-5-5-3-9-8-5-9-3-6	3-3-5-5-2-3-3-5-7-6-5-7	3-3-4-7-5-5-3-2-5-3-3-7	7-3-7-11-11-5-3-6-3-5-7-4	3-5-3-3-3-5-5-6-9-7-9-10
224	7	3-6-7-3-6-3-3-3-3-3-7-8	8-6-6-5-3-8-8-7-8-6-8-8	9-8-9-3-8-3-8-9-6-5-6-6	8-8-5-5-5-9-8-5-6-6-8-10	6-8-10-7-8-6-8-8-6-7-9-8	8-8-6-3-6-11-6-8-6-0-8-8	5-6-6-8-8-7-6-6-0-6-8-5	7-5-9-5-5-8-6-8-5-7-9-9	9-9-8-5-5-8-9-8-6-7-5-8	8-11-3-11-6-5-8-2-8-9-8-5	9-5-6-5-7-9-9-9-9-5-6-7	3-5-8-3-9-5-6-9-8-9-6-6
224	8	3-6-3-3-8-8-7-8-7-3-7-3	7-10-9-5-3-7-7-9-7-10-7-7	7-7-7-3-7-9-9-6-9-7-9-7	7-7-9-7-5-7-9-3-9-10-8-7	5-7-3-7-7-9-9-7-8-9-9-7	7-7-6-8-6-7-9-7-9-8-6-7	3-9-9-3-7-8-6-7-8-9-7-5	8-5-5-7-5-7-6-7-5-10-7-7	7-7-9-7-6-7-3-9-10-7-5-7	7-3-4-9-7-5-9-11-7-7-3-5	7-9-11-11-3-7-7-7-7-5-9-7	9-5-7-3-7-5-5-3-7-7-6-6
224	9	10-9-9-10-8-9-9-3-7-9-10-10	7-8-8-10-10-7-10-10-7-10-10-10	7-10-10-11-10-8-10-10-10-9-8-10	10-7-8-10-10-10-8-3-8-8-10-7	10-7-11-10-7-10-10-10-8-7-8-10	11-3-10-11-9-7-8-10-8-8-0-11	11-8-8-7-7-7-8-10-8-8-10-9	6-10-7-10-9-7-6-10-5-7-7-7	7-7-8-10-11-6-3-8-7-8-10-7	7-10-3-8-10-10-8-4-7-7-10-9	7-8-10-6-3-7-7-7-7-9-8-3	8-9-3-3-7-7-9-7-7-7-6-6
224	10	9-11-9-9-8-11-9-3-11-9-9-9	7-8-8-9-9-11-9-9-11-8-9-11	9-9-9-9-9-10-9-9-11-9-10-9	9-10-10-9-9-9-11-9-9-8-9-7	9-7-7-9-10-9-9-9-10-10-7-9	9-9-9-11-10-7-9-9-10-10-6-10	11-6-6-11-11-10-9-9-10-8-9-9	10-9-5-9-9-11-6-9-5-8-9-7	10-7-10-9-9-4-10-7-8-8-9-6	10-9-3-8-9-9-8-4-11-10-9-9	9-10-6-8-11-11-7-9-9-11-10-10	8-9-10-10-7-5-9-7-9-7-6-6
224	11	11-10-9-9-11-10-10-11-10-7-9-7	7-11-11-9-11-11-10-11-11-11-10-11	11-10-11-9-11-11-10-8-10-11-11-11	10-11-10-9-11-11-10-11-5-11-11-7	9-7-11-11-11-11-10-11-11-11-9-11	9-11-11-10-11-7-11-11-11-11-11-11	9-11-11-10-10-11-11-11-11-11-7-9	11-11-5-11-11-10-5-9-9-8-6-7	7-10-10-11-9-11-11-7-11-6-9-6	3-7-11-11-11-9-11-8-10-11-11-11	7-10-8-6-10-10-7-9-11-10-11-11	8-10-10-0-9-11-11-7-11-11-9-11
225	0	0-0-0-0-0-0-0-0-0-0-0-0	0-0-0-0-0-0-0-0-0-0-0-0	0-0-0-0-0-0-0-0-0-0-0-0	0-0-0-0-0-0-0-0-0-0-0-0	0-0-0-0-0-0-0-0-0-0-0-0	0-0-0-0-0-0-0-0-0-0-0-0	0-0-0-0-0-0-0-0-0-0-0-0	0-0-0-0-0-0-0-0-0-0-0-0	0-0-0-0-0-0-0-0-0-0-0-0	0-0-0-0-0-0-0-0-0-0-0-0	0-0-0-0-0-0-0-0-0-0-0-0	0-0-0-0-0-0-0-0-0-0-0-0
225	1	1-1-1-2-1-1-1-1-1-1-2-2	2-2-1-2-2-2-1-2-1-1-2-2	1-2-4-2-2-2-2-2-3-2-2-2	2-1-2-4-1-2-2-2-2-2-2-2	2-2-1-3-1-1-2-1-2-5-4-1	3-2-2-0-0-2-2-2-2-1-0-2	2-3-1-1-2-1-0-2-1-0-2-4	1-1-3-2-1-4-1-2-1-2-3-4	1-2-2-1-2-7-1-2-2-8-1-7	2-1-2-2-1-2-2-2-0-2-2-1	1-8-1-1-1-2-2-1-1-1-2-1	2-1-1-1-1-1-1-5-1-1-3-8
225	2	1-1-1-1-1-1-1-1-1-1-1-1	1-1-1-3-1-1-4-1-3-1-3-1	1-2-1-1-4-1-3-1-1-3-1-3	3-3-1-1-3-3-1-1-1-1-3-1	1-1-1-1-4-3-3-3-1-1-1-4	1-1-1-2-1-1-3-1-1-1-0-3	1-1-1-1-3-2-2-3-1-5-3-3	1-4-5-3-3-1-8-5-2-1-2-0	8-1-3-3-5-3-1-4-1-3-3-2	1-5-1-1-3-4-1-1-3-1-1-4	1-1-1-1-1-1-1-0-1-4-1-4	1-3-3-1-1-1-3-1-2-1-2-5
225	3	1-3-1-3-6-1-1-1-1-1-3-2	1-5-3-2-1-1-2-4-2-1-2-4	1-3-1-1-2-1-4-4-1-2-4-2	2-3-4-1-2-2-6-1-4-1-4-1	3-1-2-1-3-4-4-2-3-3-1-2	1-4-5-2-3-1-4-3-3-3-7-2	4-1-3-1-2-3-4-2-1-7-2-2	1-2-1-4-2-1-7-2-3-1-1-1	3-1-2-2-3-2-3-5-1-3-2-3	1-4-1-4-4-2-4-3-4-3-5-2	5-4-8-3-1-1-1-3-5-2-1-1	1-2-2-0-1-4-2-0-5-4-5-1
225	4	4-4-4-4-6-1-3-4-1-1-4-1	1-3-3-2-1-1-2-3-1-1-2-3	2-4-4-1-2-7-5-5-5-5-5-2	2-3-5-7-2-2-1-1-5-5-5-1	2-1-1-6-2-5-5-4-5-1-1-2	1-3-7-0-4-1-5-4-4-4-7-2	3-1-1-1-2-3-3-3-4-3-2-1	1-2-2-3-2-1-5-0-3-7-2-1	3-1-3-3-3-2-4-2-8-6-2-4	1-3-4-3-3-2-3-6-3-1-3-2	1-3-8-6-7-1-1-3-3-2-3-2	4-2-2-3-1-3-2-0-4-3-8-1
225	5	7-5-7-7-5-5-5-7-5-6-5-8	6-3-4-6-1-1-6-6-1-6-6-6	6-6-6-5-5-6-4-6-6-4-4-5	6-6-6-6-2-6-7-2-4-4-4-6	1-5-5-7-6-4-6-4-4-1-6-2	1-6-4-7-5-8-4-1-6-4-4-2	3-5-1-7-6-6-3-3-4-3-2-1	5-3-6-5-2-5-4-2-5-8-2-8	5-7-5-2-2-1-5-3-4-5-2-6	8-5-6-5-3-4-6-4-6-5-6-2	3-6-7-4-8-8-5-7-7-5-1-5	5-6-5-5-5-1-6-1-5-7-3-2
225	6	6-6-8-6-4-1-8-6-7-5-6-5	6-3-4-7-1-1-5-5-7-5-7-5	5-5-5-7-7-8-7-7-5-7-3-5	7-5-5-4-7-7-4-1-7-6-7-5	7-8-7-5-5-6-7-6-4-6-5-7	6-5-7-6-5-7-7-8-6-6-3-6	7-7-4-5-5-5-3-8-1-3-7-8	0-6-5-7-7-5-3-7-5-5-7-0	5-5-5-7-4-1-7-7-1-4-7-5	5-7-5-5-7-7-5-4-5-1-5-7	0-5-7-4-1-6-5-5-7-6-1-6	1-6-6-5-7-1-5-0-7-5-7-6
225	7	5-8-6-5-7-8-7-6-6-5-6-8	7-4-4-6-6-8-5-5-8-7-6-8	8-6-5-6-6-7-6-6-8-6-7-6	6-7-7-4-6-6-8-1-6-7-6-5	6-5-6-5-7-6-6-7-7-7-1-6	6-6-4-6-5-8-6-1-7-7-4-6	6-6-1-5-8-5-3-8-7-3-6-8	7-6-2-6-6-7-3-6-5-4-6-7	7-5-5-6-1-1-6-6-4-5-6-1	5-6-7-5-6-6-5-4-8-5-6-2	6-1-7-1-4-5-7-5-6-7-1-7	7-8-8-5-6-7-2-1-6-5-6-6
225	8	8-7-6-5-8-8-6-8-7-5-7-7	7-8-8-6-8-8-6-8-8-8-6-7	8-8-8-7-8-6-7-7-7-8-8-8	8-8-8-8-8-8-7-8-4-8-8-5	6-5-8-8-8-8-7-8-8-8-1-8	7-8-8-6-8-7-8-8-8-8-8-8	7-8-8-7-7-8-8-8-8-8-7-7	8-8-8-7-8-7-2-2-6-5-7-7	7-8-8-7-1-8-8-7-4-1-8-8	5-6-8-8-8-7-8-8-8-8-8-8	8-1-4-8-5-5-7-5-1-5-8-8	8-7-5-5-6-8-8-8-8-8-6-1
226	0	0-0-0-0-0-0-0-0-0-0-0-0	0-0-0-0-0-0-0-0-0-0-0-0	0-0-0-0-0-0-0-0-0-0-0-0	0-0-0-0-0-0-0-0-0-0-0-0	0-0-0-0-0-0-0-0-0-0-0-0	0-0-0-0-0-0-0-0-0-0-0-0	0-0-0-0-0-0-0-0-0-0-0-0	0-0-0-0-0-0-0-0-0-0-0-0	0-0-0-0-0-0-0-0-0-0-0-0	0-0-0-0-0-0-0-0-0-0-0-0	0-0-0-0-0-0-0-0-0-0-0-0	0-0-0-0-0-0-0-0-0-0-0-0
226	1	1-1-1-1-1-0-0-0-1-0-0-1	2-0-0-3-0-0-0-2-0-0-2-0	3-3-0-0-2-0-2-0-0-3-2-2	2-0-0-3-3-2-0-2-1-0-1-2	3-0-3-0-4-1-2-2-1-1-0-2	2-3-2-0-0-3-2-2-0-0-0-3	2-9-1-0-2-0-1-2-0-1-5-2	0-1-1-2-1-0-1-10-1-0-0-0	1-0-2-2-10-1-0-2-0-1-1-1	0-2-0-0-2-1-2-1-2-0-0-1	2-1-0-0-0-1-0-0-0-1-2-0	0-1-1-2-0-1-2-0-4-0-1-4
226	2	2-2-1-2-3-2-2-2-2-2-2-2	1-3-2-1-0-3-0-3-0-3-1-3	4-2-0-0-1-1-3-3-0-4-3-1	1-3-2-1-1-1-0-1-3-3-3-1	1-0-1-0-1-3-3-1-2-2-0-1	1-2-3-0-2-1-3-1-2-2-3-1	1-1-2-0-1-2-3-1-2-2-0-1	2-0-1-3-1-2-4-0-2-2-0-0	2-0-1-1-2-1-3-1-3-2-1-3	4-1-2-4-1-2-3-4-3-2-3-1	2-1-5-3-0-3-0-2-0-1-3-3	4-1-1-3-4-3-3-0-0-4-5-0
226	3	3-3-1-3-4-3-3-3-3-2-2-3	1-4-4-1-3-4-0-2-4-3-1-4	1-3-0-1-1-5-4-5-4-4-4-4	1-4-4-1-1-1-4-1-2-2-4-0	1-0-1-3-1-2-4-3-4-1-1-1	1-1-2-0-3-1-4-1-3-3-4-1	4-1-3-4-1-3-4-4-3-2-0-7	3-1-4-2-3-0-5-2-2-4-4-4	2-0-4-1-5-4-2-1-4-5-2-7	0-4-3-4-4-3-2-3-2-0-2-1	2-2-5-2-6-2-5-2-6-2-2-2	3-1-1-4-5-4-2-0-0-3-5-3
226	4	5-3-5-5-3-3-3-4-4-4-5-4	5-3-3-5-3-3-0-3-5-5-5-5	2-5-5-4-5-6-3-5-5-5-3-3	5-5-4-5-1-5-3-1-5-5-3-4	1-0-9-5-5-1-5-5-4-9-7-4	5-5-5-4-3-4-5-1-3-3-3-5	3-5-3-3-1-2-3-5-4-2-1-4	3-5-10-5-3-0-2-7-5-3-3-3	2-5-3-5-4-5-4-5-3-3-1-5	2-1-3-5-1-3-5-2-5-4-3-1	1-5-0-2-5-2-5-2-3-5-5-4	2-5-5-4-2-5-5-0-1-2-1-1
226	5	4-5-4-5-6-5-5-5-4-4-4-3	4-6-6-4-6-5-4-3-5-4-4-4	4-4-4-4-4-6-4-4-4-6-4-6	4-4-4-4-4-4-4-1-4-4-6-4	6-0-1-4-4-5-4-4-6-5-4-4	4-4-4-4-5-4-6-1-5-5-3-5	3-4-9-4-3-5-5-4-5-2-1-3	3-4-1-4-1-0-3-9-4-3-3-0	2-4-3-4-5-4-2-1-3-3-1-5	4-1-3-4-6-4-4-7-4-4-3-1	5-2-6-5-4-4-6-6-0-4-4-5	4-4-4-4-3-4-4-6-4-6-3-7
226	6	7-6-7-6-7-7-7-9-7-7-7-7	7-5-5-7-7-7-7-6-7-7-7-7	6-7-7-10-6-7-7-6-7-7-7-6	7-7-7-6-6-7-8-8-5-4-5-6	8-7-8-4-7-5-7-7-5-6-9-6	6-7-8-8-8-9-5-8-7-3-3-6	8-8-6-7-6-8-7-6-3-6-10-9	8-6-8-7-6-7-8-6-7-8-7-6	8-7-8-7-6-6-8-7-7-6-7-8	7-7-9-10-7-8-9-6-7-7-7-6	7-8-7-5-8-7-6-7-7-4-5-7	7-5-7-7-7-8-7-7-8-7-7-6
226	7	6-7-6-6-6-6-6-6-6-6-6-6	6-8-6-6-6-6-6-6-6-6-6-6	6-6-6-6-8-6-6-6-6-6-6-6	6-8-6-6-8-6-6-1-8-4-7-6	1-6-6-4-6-8-6-6-8-8-4-4	6-4-4-6-3-6-8-7-6-7-2-7	6-1-8-6-6-7-6-6-5-9-6-8	6-7-6-6-1-6-9-4-6-3-6-6	6-6-7-6-7-6-6-6-6-7-6-3	6-6-7-8-6-6-4-6-6-6-6-1	6-7-6-5-9-6-6-6-6-4-8-6	6-9-6-6-6-4-6-6-6-6-6-9
226	8	6-8-6-6-9-9-6-6-6-6-6-8	6-7-6-6-9-6-6-8-6-6-6-9	8-9-9-10-9-9-9-8-9-9-9-9	9-7-7-9-9-9-6-6-7-7-9-6	9-6-6-9-6-7-9-7-7-7-8-9	8-9-9-6-8-6-9-9-7-7-2-8	9-6-8-6-10-8-9-9-5-7-9-7	6-9-6-9-9-6-7-9-6-6-9-8	6-6-8-9-9-6-6-9-7-7-9-6	8-9-6-7-9-6-10-8-6-6-8-10	6-10-9-5-10-6-6-6-9-9-7-6	8-7-8-6-6-6-9-6-6-6-6-10
226	9	6-10-6-6-8-10-6-6-6-8-8-10	8-7-6-6-8-8-8-8-8-6-8-8	8-8-8-8-8-8-8-8-8-8-8-8	8-8-9-8-8-8-10-1-8-7-8-10	8-6-8-8-6-8-8-9-9-7-8-8	8-8-8-6-9-6-8-8-9-9-3-9	8-1-5-6-8-9-8-8-9-7-8-6	9-8-6-8-8-6-7-5-6-3-8-9	10-9-9-8-8-6-6-8-3-7-8-4	6-8-6-8-8-8-8-7-10-6-9-1	6-9-8-5-7-9-9-6-8-8-7-9	7-7-10-9-6-7-8-6-6-7-8-7
226	10	10-9-8-8-6-9-8-10-6-6-6-9	6-10-10-6-10-8-8-10-8-10-8-8	10-10-8-8-10-8-8-8-8-10-8-10	9-10-10-10-10-10-9-10-9-10-10-9	10-6-10-10-10-10-9-10-10-10-4-10	9-10-10-9-10-6-10-10-10-10-10-9	9-10-10-6-8-10-10-9-10-7-6-8	10-10-10-9-10-8-10-1-8-8-8-6	8-10-10-9-1-10-10-8-3-6-8-8	6-10-10-6-10-3-8-8-9-10-9-8	6-8-10-10-8-6-9-6-6-10-10-10	8-10-9-8-6-10-10-6-10-10-8-8
227	0	0-0-0-0-0-0-0-0-0-0-0-0	0-0-0-0-0-0-0-0-0-0-0-0	0-0-0-0-0-0-0-0-0-0-0-0	0-0-0-0-0-0-0-0-0-0-0-0	0-0-0-0-0-0-0-0-0-0-0-0	0-0-0-0-0-0-0-0-0-0-0-0	0-0-0-0-0-0-0-0-0-0-0-0	0-0-0-0-0-0-0-0-0-0-0-0	0-0-0-0-0-0-0-0-0-0-0-0	0-0-0-0-0-0-0-0-0-0-0-0	0-0-0-0-0-0-0-0-0-0-0-0	0-0-0-0-0-0-0-0-0-0-0-0
227	1	1-1-1-1-1-1-1-1-1-1-1-1	2-0-0-1-1-1-0-1-0-1-3-0	0-3-0-3-2-2-2-0-0-2-2-1	2-0-0-2-2-2-0-2-1-0-1-0	1-0-1-2-0-1-2-2-1-0-0-2	1-0-2-0-1-3-2-1-1-1-0-3	1-3-1-0-2-1-2-2-1-1-2-2	1-1-3-2-1-0-0-1-1-0-0-0	1-0-0-2-3-0-0-2-0-1-1-2	0-3-0-0-2-1-0-1-2-0-0-3	0-1-0-2-0-1-0-0-0-1-2-0	0-2-1-0-0-1-3-0-1-1-1-1
227	2	3-2-2-2-2-2-2-2-2-2-2-3	1-4-2-1-2-3-0-3-3-1-1-2	2-1-1-1-1-1-3-4-3-1-3-1	1-2-2-1-1-1-4-1-4-4-3-0	1-0-2-1-1-1-3-1-3-2-1-4	3-0-3-0-2-1-3-1-2-2-5-2	5-1-1-3-1-2-4-1-2-2-1-3	2-3-1-1-1-3-4-4-1-3-4-0	2-0-0-1-4-0-5-1-3-2-1-1	0-1-2-4-1-1-3-4-1-3-0-1	5-1-0-3-5-1-0-5-3-1-1-2	5-1-1-3-0-5-1-0-1-3-3-1
227	3	3-2-4-3-2-2-3-3-3-3-4-2	3-2-2-3-4-2-3-4-4-3-4-4	5-4-5-1-3-4-4-4-2-1-2-4	4-4-3-4-1-1-4-3-2-2-2-3	1-4-1-3-4-2-4-4-2-3-4-6	2-1-2-0-4-1-2-1-2-2-2-4	3-1-2-2-4-0-4-0-1-1-3-2	2-2-4-2-1-2-2-1-1-3-3-4	4-6-4-1-1-4-6-6-5-3-1-4	4-6-2-2-4-1-2-2-4-4-3-1	4-1-3-2-4-4-5-4-4-3-4-2	3-1-3-2-4-2-1-4-6-2-2-1
227	4	4-4-6-4-2-4-4-5-3-4-6-5	3-2-2-5-3-4-6-5-5-5-6-3	3-5-5-6-5-6-5-2-3-5-5-5	5-3-3-5-5-5-3-5-5-2-5-5	5-3-6-3-3-5-5-5-4-6-3-5	5-4-5-5-3-1-5-5-2-4-2-3	2-4-2-5-6-4-3-5-4-2-5-5	2-5-3-5-5-3-6-5-5-3-5-3	3-0-3-5-5-3-3-5-3-5-5-3	3-5-4-5-5-3-5-2-3-3-5-1	3-4-5-2-3-3-3-3-5-5-3-4	2-5-3-5-5-3-5-3-4-4-5-4
227	5	4-6-4-6-4-6-6-4-5-5-5-6	3-2-2-4-5-5-3-4-4-4-4-3	3-4-4-4-4-4-4-6-4-4-6-4	4-5-5-4-4-4-6-4-4-2-4-4	4-3-4-3-5-4-6-4-3-5-4-4	6-6-4-4-5-6-4-4-5-5-2-5	2-4-5-4-4-2-5-4-5-5-4-4	5-4-3-4-4-4-2-4-4-5-4-3	5-5-5-4-4-0-2-4-3-5-4-2	3-4-5-4-4-2-4-3-6-3-4-1	4-5-4-2-2-5-3-3-4-4-5-5	2-4-3-4-4-2-4-3-4-3-4-4
227	6	6-5-4-5-6-5-5-6-5-5-4-5	5-6-6-4-6-6-3-6-4-6-4-5	6-6-6-4-6-4-6-5-6-6-5-6	4-6-6-6-6-6-5-6-5-6-6-5	4-3-6-6-6-5-5-6-6-6-1-4	5-6-6-5-6-6-6-6-6-6-6-5	5-6-6-6-4-6-6-6-6-6-4-6	6-6-6-6-6-4-4-1-1-4-3-6	0-6-6-5-4-6-3-3-6-2-4-2	3-3-6-6-6-1-4-4-5-6-4-6	3-1-2-5-2-5-3-3-3-6-6-6	6-6-6-2-4-6-6-6-3-6-2-6
228	0	0-0-0-0-0-0-0-0-0-0-0-0	0-0-0-0-0-0-0-0-0-0-0-0	0-0-0-0-0-0-0-0-0-0-0-0	0-0-0-0-0-0-0-0-0-0-0-0	0-0-0-0-0-0-0-0-0-0-0-0	0-0-0-0-0-0-0-0-0-0-0-0	0-0-0-0-0-0-0-0-0-0-0-0	0-0-0-0-0-0-0-0-0-0-0-0	0-0-0-0-0-0-0-0-0-0-0-0	0-0-0-0-0-0-0-0-0-0-0-0	0-0-0-0-0-0-0-0-0-0-0-0	0-0-0-0-0-0-0-0-0-0-0-0
228	1	1-0-2-2-1-1-1-1-1-1-1-2	1-1-0-2-0-1-2-0-2-1-2-2	2-2-1-0-0-2-2-2-2-0-2-2	2-2-2-1-2-2-0-6-1-0-2-4	0-1-2-2-4-0-2-2-0-2-2-2	2-2-0-1-1-2-2-0-0-0-0-2	2-0-0-2-2-0-0-2-0-1-0-0	0-0-0-2-1-2-0-0-0-1-1-0	1-4-2-2-0-0-1-2-0-2-1-2	2-2-1-2-0-4-0-0-2-2-0-0	2-0-1-0-1-1-2-1-4-2-2-1	1-2-2-2-2-0-2-1-1-2-2-0
228	2	2-2-1-2-2-2-2-2-2-2-1-1	2-3-3-1-1-3-1-3-1-2-1-1	1-1-1-2-3-1-1-1-1-3-3-3	1-1-1-1-1-1-0-1-3-3-3-1	2-1-1-1-1-2-1-1-3-3-1-1	1-1-0-1-0-1-3-0-2-2-0-1	1-2-0-1-1-2-2-1-0-2-3-3	2-0-2-1-2-1-2-0-0-2-1-0	0-2-1-1-0-0-1-1-0-3-0-1	1-1-2-3-0-2-1-0-1-1-1-0	3-2-4-0-7-3-1-1-1-1-1-2	0-1-1-1-1-2-1-2-1-1-1-2
228	3	4-5-5-5-4-2-4-3-4-3-3-4	4-2-2-4-4-2-4-3-4-4-4-4	3-4-4-4-4-4-4-4-4-4-2-4	4-2-2-4-4-4-4-4-2-2-2-1	4-1-7-4-1-2-4-4-3-2-4-4	4-4-4-3-3-4-4-4-2-0-0-4	4-4-2-1-4-0-3-4-5-7-4-4	7-4-4-4-4-1-8-4-4-2-7-2	0-1-4-4-8-3-1-4-4-4-4-3	4-7-0-2-4-8-4-6-4-1-4-4	2-3-7-5-4-4-4-1-7-4-4-2	4-4-4-1-4-4-4-4-7-3-3-3
228	4	3-4-3-4-5-2-3-4-3-3-3-3	3-5-5-3-3-5-3-3-3-3-3-3	3-3-3-3-3-3-3-3-3-3-3-3	3-5-6-3-3-3-3-3-4-6-5-1	3-1-3-3-5-5-3-3-5-5-3-3	3-3-3-3-4-3-5-3-4-4-4-3	3-3-0-1-3-7-6-3-0-3-3-5	4-3-3-3-3-1-4-3-3-5-1-5	4-1-3-3-4-3-1-3-3-8-3-5	3-3-5-5-3-5-3-7-3-4-3-3	7-6-2-4-8-3-3-1-1-3-5-2	3-3-3-1-3-3-3-3-3-3-4-2
228	5	3-3-3-3-4-6-6-5-6-6-3-8	6-4-4-6-7-6-5-5-6-6-6-6	5-6-6-6-5-6-5-7-6-6-5-5	6-6-6-6-4-6-7-5-4-5-4-5	4-8-4-3-6-4-6-6-4-6-5-5	5-3-4-5-6-6-4-6-6-5-0-6	8-5-5-4-6-5-5-5-3-7-6-6	6-3-6-4-3-6-6-0-6-6-8-6	6-6-4-3-5-5-6-6-6-5-3-6	6-6-6-7-6-6-6-3-6-6-6-6	6-5-6-6-6-6-6-6-6-5-4-6	5-4-5-5-6-6-3-6-5-6-5-7
228	6	7-8-8-8-5-5-5-6-5-5-6-7	5-4-4-7-6-5-5-7-5-5-8-5	7-5-5-8-7-5-7-5-5-5-5-7	7-5-8-7-7-7-5-7-7-4-7-1	7-5-8-3-5-6-7-5-4-8-7-7	6-5-7-6-5-5-7-5-5-6-4-5	5-6-2-1-5-5-4-7-5-8-7-5	5-7-5-7-7-5-5-7-8-5-7-5	5-5-5-7-7-5-5-5-5-7-7-5	5-5-5-5-7-5-7-3-5-5-5-7	5-7-5-5-5-5-5-5-5-5-6-6	5-6-3-1-5-5-6-5-6-5-7-7
228	7	6-8-6-6-5-8-5-6-5-5-6-6	5-4-4-6-6-5-5-6-5-5-6-5	6-6-5-6-6-7-6-5-5-6-7-6	6-7-7-6-6-6-5-3-6-7-6-1	6-5-3-3-7-6-6-6-7-7-6-6	8-8-6-6-7-8-6-5-7-7-0-6	3-6-0-8-8-7-5-6-7-5-6-6	7-6-7-6-6-7-8-6-8-5-6-5	7-7-8-6-6-6-7-6-4-6-6-5	7-3-7-5-6-3-6-4-8-5-5-6	3-6-3-5-8-8-7-6-5-7-7-7	8-8-7-7-7-7-7-5-3-5-6-5
228	8	8-7-6-6-8-7-6-8-5-5-5-5	5-8-8-6-8-8-6-6-5-8-6-6	8-8-8-6-8-8-7-5-5-8-8-8	6-8-7-8-8-8-5-8-8-8-8-1	6-5-8-8-8-8-7-8-8-8-6-6	7-8-6-3-8-5-8-3-8-8-8-8	5-8-8-7-7-8-8-6-8-8-6-6	8-6-8-6-8-7-6-6-7-7-5-5	7-8-8-8-6-8-8-7-8-4-6-0	7-5-8-8-8-3-8-7-8-8-8-8	6-8-8-5-7-7-7-6-8-8-8-8	5-7-8-8-5-8-8-5-8-8-6-8
229	0	0-0-0-0-0-0-0-0-0-0-0-0	0-0-0-0-0-0-0-0-0-0-0-0	0-0-0-0-0-0-0-0-0-0-0-0	0-0-0-0-0-0-0-0-0-0-0-0	0-0-0-0-0-0-0-0-0-0-0-0	0-0-0-0-0-0-0-0-0-0-0-0	0-0-0-0-0-0-0-0-0-0-0-0	0-0-0-0-0-0-0-0-0-0-0-0	0-0-0-0-0-0-0-0-0-0-0-0	0-0-0-0-0-0-0-0-0-0-0-0	0-0-0-0-0-0-0-0-0-0-0-0	0-0-0-0-0-0-0-0-0-0-0-0
229	1	1-1-1-1-1-1-1-1-1-1-1-1	2-0-0-2-0-0-0-2-0-1-2-2	0-1-0-3-2-2-2-2-0-2-2-2	2-0-0-3-2-2-0-1-1-0-1-0	1-0-0-0-0-1-2-2-1-1-1-2	1-0-1-0-1-3-2-1-1-1-3-2	3-3-1-0-2-0-1-2-1-1-0-2	1-3-3-2-3-0-1-3-3-1-3-0	0-0-2-3-3-1-0-3-2-1-3-1	3-3-0-2-2-3-0-1-2-0-3-3	0-3-1-1-0-1-0-3-0-1-1-1	0-2-1-3-3-1-3-0-1-0-1-3
229	2	2-2-2-2-2-2-2-2-2-2-2-3	1-3-2-1-2-3-0-3-3-3-1-1	1-2-4-2-1-1-3-4-0-1-3-1	1-2-2-1-1-1-2-1-3-3-3-0	2-0-4-1-3-1-3-1-2-2-3-1	3-2-4-0-2-1-3-1-2-2-4-1	4-1-4-4-1-2-3-1-2-2-0-4	2-0-1-1-2-3-4-0-2-0-4-2	0-0-1-1-2-1-3-1-3-4-2-2	0-1-2-6-1-1-0-2-1-3-0-1	3-1-6-3-6-0-0-0-5-1-1-2	0-1-1-0-0-1-1-0-0-0-4-1
229	3	3-2-3-3-3-2-3-4-3-3-3-2	3-2-2-1-3-4-5-4-4-2-4-4	5-4-5-1-3-1-2-2-4-3-2-3	4-4-4-4-1-1-4-1-2-2-2-4	1-4-2-3-4-3-4-3-3-5-3-0	2-1-2-3-4-1-2-1-3-2-1-1	1-1-2-2-4-3-2-2-3-1-4-2	4-1-4-2-1-4-2-1-1-3-1-5	4-3-4-1-1-4-4-4-2-3-1-4	4-4-3-1-4-1-0-2-4-4-4-1	4-1-5-2-6-4-3-4-6-1-1-3	3-1-3-1-4-3-1-3-1-5-1-1
229	4	5-2-4-5-3-2-5-5-4-5-4-5	3-2-2-4-3-3-6-3-3-5-3-3	3-5-3-5-5-4-5-6-3-5-5-5	5-3-3-5-5-5-3-5-5-2-5-3	6-3-2-5-3-5-5-5-4-4-6-5	5-5-5-5-3-5-5-4-4-4-2-4	2-5-2-2-3-4-2-5-4-6-5-5	3-5-3-5-5-3-6-5-5-3-5-3	3-3-3-5-6-3-3-5-2-2-5-3	3-3-6-2-5-5-0-2-3-3-3-4	3-4-3-2-3-3-3-3-3-5-4-3	0-4-4-5-3-3-5-3-3-3-5-1
229	5	4-5-4-6-5-6-6-4-5-5-4-6	6-2-2-4-5-5-3-4-6-4-4-6	3-4-3-4-4-4-4-4-4-4-6-4	4-3-5-4-4-4-6-4-4-2-4-6	4-6-2-4-5-4-6-4-5-5-3-4	4-4-4-6-5-6-4-4-5-5-2-6	6-4-2-5-3-5-3-4-5-5-4-4	5-4-1-4-4-5-2-4-4-3-4-3	3-5-4-4-4-3-2-4-3-5-4-3	3-4-5-2-4-4-0-6-6-5-3-4	3-5-3-5-0-3-3-3-2-4-5-5	0-6-4-5-5-3-4-3-2-3-4-1
229	6	6-5-4-5-6-5-5-6-5-3-4-5	5-6-6-4-6-6-4-6-6-6-4-5	6-6-6-4-6-6-6-4-6-6-5-6	5-6-6-6-6-6-5-6-6-6-4-5	4-5-6-6-5-6-5-6-6-6-4-4	6-6-6-5-6-6-6-6-6-6-6-5	5-6-6-6-4-6-6-6-6-4-6-6	6-6-6-5-6-5-4-4-4-3-5-3	3-5-6-6-4-6-6-3-6-6-4-2	4-3-6-6-6-4-6-2-5-6-5-6	3-4-2-5-3-3-3-3-3-5-6-6	6-5-5-2-3-6-6-3-6-6-4-1
230	0	0-0-0-0-0-0-0-0-0-0-0-0	0-0-0-0-0-0-0-0-0-0-0-0	0-0-0-0-0-0-0-0-0-0-0-0	0-0-0-0-0-0-0-0-0-0-0-0	0-0-0-0-0-0-0-0-0-0-0-0	0-0-0-0-0-0-0-0-0-0-0-0	0-0-0-0-0-0-0-0-0-0-0-0	0-0-0-0-0-0-0-0-0-0-0-0	0-0-0-0-0-0-0-0-0-0-0-0	0-0-0-0-0-0-0-0-0-0-0-0	0-0-0-0-0-0-0-0-0-0-0-0	0-0-0-0-0-0-0-0-0-0-0-0
230	1	1-0-1-1-0-0-1-0-0-0-1-1	0-0-0-1-0-0-0-0-0-0-0-0	2-2-0-1-2-0-2-0-0-3-0-2	2-0-0-2-2-2-0-1-1-3-1-0	1-0-2-0-0-1-2-2-1-0-0-2	1-0-2-0-0-3-2-3-0-1-3-2	2-3-1-0-2-0-0-2-1-1-1-2	1-1-1-2-1-0-0-0-1-0-0-0	1-0-2-2-3-1-0-3-0-1-1-2	0-1-0-0-2-1-2-1-2-0-0-3	0-1-0-0-2-0-0-0-0-2-1-0	0-2-1-0-0-1-2-0-1-1-1-1
230	2	2-2-1-2-3-2-2-2-2-2-3-3	0-3-2-1-2-0-0-3-0-2-0-1	1-1-1-1-1-4-1-1-0-1-3-1	1-2-2-1-1-1-3-1-3-2-3-0	3-0-4-2-1-1-3-1-2-2-4-1	1-1-3-0-3-1-3-1-3-2-4-2	1-1-2-4-1-2-3-1-2-2-1-1	2-0-2-1-3-3-1-3-1-2-2-3	3-0-1-1-2-1-4-1-2-2-3-1	3-1-2-3-1-1-3-2-1-3-0-1	4-1-0-2-1-0-0-0-3-1-3-0	0-1-1-4-2-4-1-0-1-1-4-7
230	3	3-2-1-2-2-3-3-3-3-3-2-2	3-2-2-3-5-3-4-6-4-2-4-4	6-4-4-1-4-1-4-4-6-5-2-3	4-3-6-3-1-1-4-1-2-4-2-6	2-7-3-3-5-1-2-3-3-2-3-3	2-4-2-0-5-1-2-1-2-2-1-4	3-1-2-3-4-3-2-4-1-2-3-1	0-1-5-2-2-2-3-2-3-3-3-6	4-5-4-1-1-3-5-4-2-3-2-3	5-7-2-2-3-1-2-2-4-2-3-1	5-1-7-4-5-5-5-5-5-1-2-1	3-1-5-2-3-5-1-6-1-6-2-1
230	4	5-4-5-4-5-5-5-6-5-5-4-4	5-2-2-6-5-5-5-5-5-5-5-5	4-5-5-5-4-5-5-4-5-5-5-4	5-3-5-6-6-6-5-6-4-3-5-4	5-3-2-5-3-4-5-5-3-4-6-5	4-3-5-6-3-5-5-5-5-4-2-6	2-5-5-2-5-6-4-5-4-2-5-5	1-6-6-5-6-7-7-6-3-3-6-4	3-3-3-5-7-3-3-5-2-3-5-6	5-6-4-3-3-5-5-5-5-4-3-5	3-5-5-3-3-4-3-3-4-6-5-6	5-5-4-2-3-3-5-3-1-3-5-5
230	5	4-7-4-4-4-4-4-4-4-4-4-4	4-6-6-4-4-4-4-4-4-4-4-4	3-4-4-4-4-4-6-4-4-4-6-4	4-3-3-4-4-4-4-4-6-6-6-3	4-4-4-4-3-6-6-4-6-4-4-4	4-4-4-7-5-4-6-4-4-5-2-4	3-4-6-3-4-4-6-6-5-5-4-4	2-4-3-6-4-4-4-5-4-6-4-3	5-3-6-4-5-3-3-4-6-5-4-4	3-3-5-7-6-4-4-4-4-6-3-4	3-4-6-4-3-3-3-3-3-4-4-5	6-4-3-5-3-3-4-3-3-3-6-4
230	6	4-5-4-4-4-7-4-4-4-4-4-7	7-5-5-4-6-5-4-4-4-4-4-4	3-7-4-4-4-4-5-6-4-4-5-6	4-3-3-4-4-4-7-4-5-5-5-7	4-0-4-4-3-5-7-6-5-4-4-4	7-4-4-7-6-4-5-4-6-6-5-4	7-4-5-3-5-4-5-5-6-6-4-5	6-4-4-5-4-3-7-4-1-5-4-3	6-6-5-4-4-4-3-4-7-6-4-4	3-4-2-7-5-1-4-4-6-5-3-4	5-6-5-6-2-7-3-3-6-4-6-4	5-7-7-6-6-6-4-3-3-3-5-4
230	7	7-5-4-4-7-6-6-7-4-4-4-6	4-5-7-4-7-7-4-4-4-7-4-6	7-7-7-4-7-7-7-6-4-7-4-7	6-7-7-7-7-4-6-7-6-7-7-6	4-3-7-7-7-7-6-7-7-7-1-3	6-7-7-6-7-4-6-7-7-7-7-7	6-7-7-7-7-7-7-7-7-7-4-7	7-4-4-6-7-4-6-4-4-5-6-7	4-6-7-4-4-7-7-4-6-5-4-4	4-3-5-6-7-1-7-2-6-7-3-7	3-1-3-6-3-6-3-3-3-7-7-7	4-6-6-5-3-7-7-4-7-7-2-2
231	0	0-0-0-0-0-0-0-0-0-0-0-0	0-0-0-0-0-0-0-0-0-0-0-0	0-0-0-0-0-0-0-0-0-0-0-0	0-0-0-0-0-0-0-0-0-0-0-0	0-0-0-0-0-0-0-0-0-0-0-0	0-0-0-0-0-0-0-0-0-0-0-0	0-0-0-0-0-0-0-0-0-0-0-0	0-0-0-0-0-0-0-0-0-0-0-0	0-0-0-0-0-0-0-0-0-0-0-0	0-0-0-0-0-0-0-0-0-0-0-0	0-0-0-0-0-0-0-0-0-0-0-0	0-0-0-0-0-0-0-0-0-0-0-0
231	1	1-1-1-1-1-1-1-1-1-1-1-1	0-0-0-1-0-0-2-0-0-1-0-2	0-2-0-2-4-3-2-1-0-2-0-2	2-0-1-3-3-2-0-3-1-1-1-0	1-0-0-0-2-1-2-2-1-1-7-0	3-0-2-0-0-2-2-3-1-1-3-2	3-3-1-0-2-1-1-2-1-1-0-2	1-1-3-2-3-0-1-3-1-0-0-0	1-0-2-3-3-0-0-3-1-1-1-1	0-3-0-0-2-3-0-3-2-0-0-3	0-3-0-0-0-1-0-0-0-1-2-1	0-1-1-0-0-2-2-0-1-1-1-3
231	2	2-3-1-1-2-2-2-2-2-2-2-3	1-3-3-1-2-3-1-3-3-2-1-2	1-1-0-1-1-1-3-3-4-1-3-1	1-2-3-1-1-1-0-2-3-3-2-0	2-0-3-0-1-1-3-1-3-2-0-0	1-0-1-0-2-1-3-1-2-2-6-1	1-1-2-0-1-2-5-1-2-4-3-1	2-2-1-1-2-3-1-2-2-2-5-2	2-0-1-1-2-7-2-1-3-2-2-2	0-1-2-5-1-1-5-5-1-3-2-1	2-1-7-2-0-1-0-0-0-7-1-2	5-1-1-7-2-1-1-0-1-3-1-1
231	3	3-2-3-5-3-2-3-2-3-4-3-4	4-2-2-4-0-3-4-2-4-3-4-4	5-4-5-1-1-1-4-5-4-4-2-4	4-4-4-4-1-4-5-1-2-2-2-4	1-7-4-6-4-1-4-4-3-2-4-7	1-4-2-3-5-1-2-1-1-2-1-4	1-1-2-5-4-3-4-4-3-2-2-1	3-1-5-2-1-4-4-1-1-3-4-4	5-3-4-4-1-3-4-1-6-3-1-5	5-7-3-2-4-1-2-2-5-2-4-1	5-1-3-4-3-5-5-5-7-4-4-3	6-4-4-2-4-5-3-6-4-2-1-1
231	4	4-4-4-4-4-2-4-4-4-3-3-3	3-5-5-3-6-5-3-5-3-3-3-5	3-3-3-3-1-1-5-5-3-6-5-3	3-3-3-3-1-3-7-1-5-6-4-3	1-3-4-3-3-4-5-3-5-3-3-1	5-5-2-4-3-1-5-1-4-4-0-3	6-5-4-3-3-4-6-5-4-2-6-4	4-4-1-5-4-3-6-4-4-3-3-3	4-3-3-3-4-3-3-5-2-3-4-3	3-3-4-5-3-1-2-4-3-3-3-1	3-5-3-7-3-3-3-3-3-3-3-3	2-3-3-3-3-2-3-0-3-3-4-1
231	5	5-5-5-6-4-4-5-6-5-3-5-6	3-4-4-6-4-4-6-4-3-5-6-4	3-6-6-6-5-7-6-6-6-3-4-6	6-3-5-6-6-6-4-6-6-6-6-3	6-3-5-3-3-6-6-6-4-3-6-6	4-4-6-5-3-3-4-1-4-5-0-6	3-4-2-3-2-0-2-4-4-2-6-6	5-6-3-6-6-3-7-6-5-3-6-3	3-3-4-6-1-5-3-4-2-5-6-3	3-3-2-2-3-1-2-2-3-5-3-1	3-1-3-4-6-3-3-3-3-3-3-3	2-5-5-6-3-3-5-3-6-3-7-1
231	6	7-7-5-5-6-7-6-5-7-6-5-7	6-4-4-5-4-7-5-5-7-6-5-7	3-5-5-5-5-6-5-7-7-6-6-5	5-6-6-5-5-5-6-5-5-5-5-3	5-3-5-3-6-5-7-5-6-6-5-5	7-5-5-6-3-1-5-1-6-6-2-5	4-4-4-7-7-0-4-7-6-2-4-5	6-5-3-5-5-2-4-5-5-3-5-6	6-3-6-6-1-3-6-6-3-4-5-3	6-6-6-5-6-1-2-7-3-5-3-1	3-6-3-4-5-6-3-5-4-6-4-6	7-6-5-5-3-6-6-3-5-3-5-1
231	7	7-6-5-5-7-7-6-7-6-6-6-6	6-4-7-3-7-7-6-7-6-7-6-6	7-7-7-6-7-5-6-6-6-7-4-7	7-7-7-7-7-7-6-7-6-7-7-3	1-3-7-7-7-7-6-7-7-7-1-3	6-7-7-5-7-7-7-7-7-7-7-7	6-7-7-7-6-7-7-7-7-7-2-7	7-7-7-6-7-6-5-5-6-3-3-5	6-3-7-6-1-7-3-6-7-4-7-1	6-3-7-7-7-1-2-6-7-7-3-7	3-7-4-4-6-6-3-3-3-2-7-7	7-6-6-2-3-7-7-3-7-7-5-1
232	0	0-0-0-0-0-0-0-0-0-0-0-0	0-0-0-0-0-0-0-0-0-0-0-0	0-0-0-0-0-0-0-0-0-0-0-0	0-0-0-0-0-0-0-0-0-0-0-0	0-0-0-0-0-0-0-0-0-0-0-0	0-0-0-0-0-0-0-0-0-0-0-0	0-0-0-0-0-0-0-0-0-0-0-0	0-0-0-0-0-0-0-0-0-0-0-0	0-0-0-0-0-0-0-0-0-0-0-0	0-0-0-0-0-0-0-0-0-0-0-0	0-0-0-0-0-0-0-0-0-0-0-0	0-0-0-0-0-0-0-0-0-0-0-0
232	1	1-1-1-1-1-2-1-1-1-1-1-1	1-1-0-1-0-1-1-2-2-1-2-2	2-1-2-0-1-2-2-2-0-1-2-1	2-2-2-1-1-2-0-2-0-0-0-2	1-2-2-4-2-0-2-1-0-4-3-1	1-4-1-2-0-2-0-0-0-0-0-2	4-0-0-2-0-0-0-0-0-1-4-2	0-3-4-0-1-2-0-2-4-2-2-0	0-2-2-0-3-0-2-2-2-1-1-2	3-3-7-2-2-1-4-4-1-5-3-0	4-0-1-1-2-1-4-1-4-1-2-2	4-1-1-2-4-1-1-2-1-6-1-1
232	2	1-1-1-1-2-1-2-1-1-1-1-1	1-1-0-3-0-2-1-1-1-1-1-3	1-3-1-5-3-1-3-1-1-4-1-3	3-1-1-3-4-3-1-1-2-0-2-1	2-1-1-0-1-2-3-3-2-1-4-3	2-1-5-1-2-1-3-5-0-2-0-4	2-4-0-1-3-2-2-0-0-2-1-3	0-5-8-3-5-1-8-8-2-1-1-0	1-1-1-3-5-3-1-3-1-2-3-1	1-1-0-1-3-5-3-0-3-1-1-5	1-5-1-0-1-2-1-1-1-3-3-1	1-3-4-1-1-2-4-1-2-2-8-5
232	3	3-3-1-2-2-3-3-3-1-1-1-1	1-4-3-2-0-2-1-4-4-1-1-4	1-2-2-1-2-1-4-6-4-5-4-2	2-4-4-2-2-2-4-1-4-3-4-1	2-3-1-3-1-2-4-2-4-3-2-2	6-3-4-1-3-1-4-3-3-3-6-3	1-2-7-5-2-3-0-0-6-0-0-2	3-1-2-4-4-1-6-4-2-0-6-0	6-1-2-2-4-2-1-2-4-3-4-3	1-1-3-0-2-2-2-3-4-3-1-2	8-4-0-3-5-2-1-3-1-4-2-3	1-2-1-1-1-4-2-1-1-4-4-6
232	4	3-4-1-2-4-3-4-4-1-4-1-1	1-6-5-2-5-5-1-3-3-1-1-3	1-4-1-2-2-6-5-5-5-2-5-5	2-1-5-5-2-2-3-1-5-5-5-1	2-1-1-5-4-3-5-4-5-1-2-2	1-1-3-8-5-2-5-3-4-4-0-2	1-2-3-1-5-4-5-5-0-0-1-5	0-1-1-3-3-1-6-2-1-5-6-4	6-1-5-3-3-5-1-5-5-6-3-2	1-1-6-5-5-7-1-5-3-5-1-2	1-3-4-4-5-5-1-5-1-5-5-4	1-2-2-1-1-3-2-1-6-3-3-7
232	5	7-5-8-7-4-5-6-7-5-5-5-8	5-4-4-2-4-5-6-6-4-6-6-6	1-6-6-2-2-6-4-4-6-3-4-4	6-6-4-4-2-6-6-6-4-6-4-5	2-8-8-5-6-3-6-6-5-5-5-8	3-5-2-5-4-2-6-2-3-5-0-5	8-2-3-3-6-7-4-4-5-2-4-6	3-2-6-4-2-1-4-2-5-6-5-4	1-6-4-2-2-4-5-6-4-5-2-5	5-5-5-6-4-2-5-4-6-6-3-2	6-2-5-3-4-8-5-4-6-4-4-6	6-5-5-5-6-5-5-5-5-4-2-2
232	6	7-5-8-8-4-5-8-6-6-8-7-6	5-4-4-7-7-5-8-7-7-7-7-7	6-7-5-8-7-5-7-7-5-7-6-7	7-7-6-7-7-7-5-5-7-5-7-5	7-5-3-7-5-7-7-7-4-7-7-7	8-3-7-7-5-1-5-7-3-6-3-7	7-7-5-3-5-5-7-8-3-2-7-5	3-7-7-7-7-1-4-7-5-5-7-4	8-5-5-7-7-3-5-5-6-7-6-4	5-6-4-5-7-8-6-6-5-5-6-7	5-7-7-3-1-5-5-5-5-1-6-5	5-6-6-5-5-4-6-5-4-1-7-7
232	7	8-8-6-5-7-8-8-5-8-7-6-5	5-4-4-6-6-8-6-6-6-7-6-6	7-6-5-6-6-7-6-6-5-6-7-6	6-7-7-6-6-6-8-6-6-7-6-5	6-5-5-6-7-6-6-6-7-7-6-6	8-5-6-6-7-8-6-6-7-7-0-6	8-6-3-7-8-7-6-8-7-7-6-6	7-6-6-6-6-8-4-6-5-4-6-7	7-7-7-6-6-2-7-7-4-6-6-1	7-6-7-4-6-4-6-4-0-7-6-6	5-7-6-3-3-8-7-7-8-7-7-7	5-8-3-5-7-4-5-5-2-7-6-6
232	8	8-7-6-6-8-7-7-8-7-6-6-5	5-8-8-6-8-8-6-8-8-8-6-8	8-8-8-6-8-8-7-7-7-8-8-8	6-8-7-8-8-8-7-8-3-8-8-5	2-5-5-8-8-8-7-8-8-8-6-5	7-8-7-5-8-7-8-8-8-8-8-8	5-8-8-8-7-8-8-6-8-8-6-6	8-8-2-7-8-7-6-2-7-5-7-7	6-8-8-5-2-8-8-7-8-3-8-0	7-8-8-8-8-6-8-3-8-8-3-6	3-5-0-4-3-5-7-5-8-7-8-8	7-6-5-5-4-8-8-5-8-8-2-8
233	0	0-0-0-0-0-0-0-0-0-0-0-0	0-0-0-0-0-0-0-0-0-0-0-0	0-0-0-0-0-0-0-0-0-0-0-0	0-0-0-0-0-0-0-0-0-0-0-0	0-0-0-0-0-0-0-0-0-0-0-0	0-0-0-0-0-0-0-0-0-0-0-0	0-0-0-0-0-0-0-0-0-0-0-0	0-0-0-0-0-0-0-0-0-0-0-0	0-0-0-0-0-0-0-0-0-0-0-0	0-0-0-0-0-0-0-0-0-0-0-0	0-0-0-0-0-0-0-0-0-0-0-0	0-0-0-0-0-0-0-0-0-0-0-0
233	1	1-1-1-2-1-1-1-2-1-1-1-2	2-2-1-0-2-2-4-2-1-1-2-2	1-2-2-2-2-2-2-2-2-2-2-1	2-1-2-2-1-2-2-2-1-2-1-2	2-1-2-2-1-1-2-1-1-2-2-1	2-2-2-2-2-2-1-0-1-1-0-2	1-1-2-1-1-1-0-2-1-1-1-1	2-1-1-1-1-2-1-2-1-1-0-3	1-3-2-1-2-3-1-1-2-1-1-2	2-1-2-2-1-1-2-1-2-1-2-1	1-3-4-2-1-3-1-1-1-1-2-2	3-1-1-1-1-4-1-2-1-1-1-1
233	2	2-1-1-2-1-1-1-1-1-1-1-1	1-1-1-3-1-1-3-1-1-1-3-1	1-3-1-1-3-1-1-1-1-3-1-3	3-3-1-1-3-3-1-1-1-1-2-1	1-0-1-1-3-3-3-3-1-1-1-2	1-1-3-1-1-1-3-2-1-1-0-2	3-1-1-1-3-2-2-3-1-1-2-3	1-4-3-3-3-1-2-7-2-1-6-0	2-0-3-3-4-1-1-3-1-2-3-1	1-3-1-1-3-2-1-1-3-1-1-2	1-2-0-1-1-1-0-0-0-2-1-1	1-3-3-1-0-1-3-1-0-2-2-1
233	3	3-3-1-3-3-1-1-1-1-1-1-1	1-4-3-2-2-1-2-2-1-1-2-4	1-2-1-1-4-2-2-4-1-2-4-2	2-4-3-2-2-2-5-1-4-3-4-0	4-0-2-3-4-4-2-2-4-3-1-2	4-4-2-2-3-1-4-3-1-3-6-3	2-1-1-4-2-3-5-2-1-2-0-2	1-2-2-2-2-1-5-1-2-4-1-1	1-1-2-2-3-1-6-2-1-3-2-3	1-2-3-4-2-2-2-3-2-4-0-2	0-1-0-4-1-4-0-0-1-2-2-1	1-2-2-2-1-1-2-0-0-6-1-1
233	4	4-4-5-4-5-5-4-4-5-5-4-4	5-3-3-2-1-5-5-4-5-5-5-5	4-5-5-5-4-5-4-5-5-3-5-4	5-4-5-4-3-5-7-4-3-3-3-4	3-7-3-4-5-3-5-3-3-4-1-4	3-3-3-5-5-2-3-5-1-4-3-5	5-3-4-3-5-4-3-5-5-4-3-5	5-2-5-3-2-5-3-2-2-5-5-5	5-6-5-2-2-5-1-3-5-4-3-3	4-5-1-5-5-2-3-4-5-3-5-2	5-5-7-5-5-3-6-5-7-4-1-1	5-2-4-1-5-5-2-5-5-5-4-4
233	5	6-5-6-7-6-6-7-6-4-7-6-6	7-3-6-6-6-6-6-6-6-4-7-7	5-6-6-6-6-6-6-4-6-6-6-5	6-4-4-6-6-6-6-6-6-3-6-6	6-4-7-6-4-5-6-6-3-7-6-6	5-5-6-4-4-6-6-6-1-3-3-5	6-6-3-6-7-5-3-6-4-7-6-6	4-6-4-6-6-4-7-6-6-4-6-4	4-4-4-6-6-6-0-6-4-4-6-3	4-4-5-4-6-7-7-3-4-4-6-6	6-4-4-4-7-1-4-4-6-4-5-5	4-6-5-6-4-4-5-4-6-4-6-6
233	6	5-5-5-5-5-5-5-5-4-5-5-7	5-3-5-5-5-5-5-5-5-4-5-5	7-5-5-5-5-5-5-7-5-5-5-5	5-6-6-5-5-5-7-5-5-6-5-5	5-4-5-5-6-5-7-5-6-6-5-5	7-7-5-4-6-7-5-5-6-6-3-6	5-5-3-6-5-6-3-5-6-5-5-5	4-5-4-5-5-7-3-5-5-4-5-4	6-4-6-5-5-5-6-5-1-5-5-3	7-5-6-4-5-2-5-3-7-5-5-5	5-6-5-4-7-1-4-6-5-6-1-6	5-7-7-5-6-5-5-4-5-3-5-5
233	7	7-5-5-5-7-5-5-7-5-5-5-6	5-7-7-5-7-5-5-5-5-7-5-5	7-7-7-7-7-5-6-6-5-7-5-7	5-7-5-7-7-5-6-7-6-7-7-6	5-4-5-7-7-7-6-7-7-7-5-5	6-6-5-5-7-6-7-7-7-7-7-6	6-7-7-7-5-7-7-5-7-7-6-5	7-5-4-5-5-6-5-5-2-5-5-4	6-4-7-6-5-7-7-6-7-1-5-3	6-7-7-7-7-6-5-4-6-7-4-7	5-1-4-7-6-1-4-4-4-7-7-6	4-6-6-1-4-7-7-4-4-7-5-7
234	0	0-0-0-0-0-0-0-0-0-0-0-0	0-0-0-0-0-0-0-0-0-0-0-0	0-0-0-0-0-0-0-0-0-0-0-0	0-0-0-0-0-0-0-0-0-0-0-0	0-0-0-0-0-0-0-0-0-0-0-0	0-0-0-0-0-0-0-0-0-0-0-0	0-0-0-0-0-0-0-0-0-0-0-0	0-0-0-0-0-0-0-0-0-0-0-0	0-0-0-0-0-0-0-0-0-0-0-0	0-0-0-0-0-0-0-0-0-0-0-0	0-0-0-0-0-0-0-0-0-0-0-0	0-0-0-0-0-0-0-0-0-0-0-0
234	1	1-1-1-1-1-0-1-2-1-1-1-1	1-0-0-1-0-2-1-0-2-1-2-2	2-2-2-0-0-2-0-1-0-0-3-0	2-2-3-2-1-2-0-1-0-0-0-3	0-0-0-0-2-0-2-1-0-1-2-1	1-0-0-2-2-1-0-0-0-0-0-2	0-0-0-3-0-0-0-0-0-1-0-0	0-0-0-0-0-2-0-0-0-0-0-0	1-1-1-1-1-0-1-2-7-1-1-1	0-1-1-0-0-0-0-0-1-2-3-0	0-0-1-1-1-1-2-3-0-1-0-1	0-0-1-1-2-1-1-1-1-1-1-1
234	2	2-2-2-2-2-2-2-1-2-2-2-2	1-1-0-2-0-1-1-3-1-1-1-3	1-1-1-4-3-1-3-1-0-3-1-2	3-1-1-3-3-3-0-2-3-0-2-2	2-1-4-3-1-2-3-3-2-1-1-3	3-4-3-1-1-4-3-3-0-0-0-3	3-4-4-1-3-2-0-3-2-2-3-3	2-4-3-3-3-1-3-4-2-1-0-1	2-1-3-3-4-3-0-4-0-2-3-3	2-3-0-3-3-2-0-4-3-1-0-2	3-2-1-4-4-1-1-2-2-3-3-1	0-2-2-1-1-2-3-1-2-2-2-4
234	3	3-3-2-3-3-3-3-3-3-3-4-4	1-4-4-2-6-4-1-4-4-4-1-4	4-1-1-2-2-2-4-4-4-2-4-2	2-1-1-2-2-2-5-2-4-4-2-1	2-3-5-2-1-2-4-2-4-6-2-2	2-2-4-1-0-2-2-2-3-3-5-2	2-2-3-7-2-3-4-2-3-0-2-2	3-3-2-4-2-4-5-0-2-3-5-3	3-1-2-2-3-2-6-2-5-3-2-3	2-2-0-4-2-3-0-5-2-1-1-2	3-2-7-3-3-1-1-4-2-2-2-3	0-2-2-4-3-2-2-3-2-3-5-2
234	4	5-3-4-5-3-4-4-5-4-4-3-3	4-3-3-2-6-3-5-5-5-3-5-5	5-5-6-2-4-5-3-5-5-5-3-4	5-5-5-5-2-2-5-2-3-3-3-5	2-5-2-6-4-3-5-5-4-7-5-4	2-2-3-4-5-2-5-2-5-3-0-2	4-2-2-5-5-4-3-5-2-2-5-2	3-2-5-3-2-5-2-2-2-5-5-5	5-5-5-5-2-5-5-2-3-4-3-5	5-5-0-3-5-2-0-2-5-5-5-2	5-2-5-7-5-5-5-5-5-3-2-4	5-2-4-3-5-5-2-5-5-6-2-2
234	5	6-7-6-6-6-5-7-5-5-5-6-5	4-3-3-6-6-3-4-6-6-3-6-4	4-6-4-6-6-4-6-4-4-6-6-5	6-4-4-6-6-6-4-6-6-3-6-4	5-4-3-4-1-6-6-5-4-5-7-6	6-4-6-1-4-4-6-6-5-3-3-5	6-5-3-4-4-5-3-7-5-5-6-6	4-6-4-6-6-4-7-6-2-4-6-4	4-4-4-4-6-4-4-6-3-3-6-4	4-4-1-4-4-6-0-3-4-4-4-2	4-2-4-3-4-4-4-4-4-2-5-4	4-5-5-6-4-4-6-4-6-4-6-6
234	6	5-7-5-5-5-7-6-5-7-5-5-7	6-3-3-5-5-7-4-5-7-6-5-7	4-5-4-5-5-6-5-7-7-5-5-5	5-6-6-5-5-5-7-5-5-6-5-4	5-4-3-4-6-5-7-6-6-6-4-5	7-7-5-7-4-7-5-5-6-3-3-6	7-5-0-6-6-6-3-5-6-5-5-6	6-5-5-5-5-6-7-5-6-4-5-6	6-4-6-6-5-6-3-5-0-5-5-6	6-5-1-3-5-5-0-6-7-6-4-2	5-6-4-3-7-7-4-6-5-6-6-6	7-7-6-6-6-6-5-4-5-4-5-5
234	7	7-5-5-5-7-7-5-7-6-4-5-6	6-7-7-5-7-7-5-5-6-7-6-6	7-7-7-6-7-7-6-6-6-7-7-7	7-7-7-7-7-7-6-7-6-7-7-4	5-4-7-7-6-7-6-7-7-7-5-5	6-7-7-6-7-7-7-7-7-7-7-7	6-7-7-7-6-7-7-5-7-7-6-7	7-7-2-6-7-6-5-5-6-4-5-7	4-7-7-6-2-7-7-6-7-3-5-0	5-4-7-7-2-6-7-6-6-7-4-7	4-2-3-4-6-6-4-4-4-6-7-7	7-6-1-3-3-7-7-7-7-7-5-7
235	0	0-0-0-0-0-0-0-0-0-0-0-0	0-0-0-0-0-0-0-0-0-0-0-0	0-0-0-0-0-0-0-0-0-0-0-0	0-0-0-0-0-0-0-0-0-0-0-0	0-0-0-0-0-0-0-0-0-0-0-0	0-0-0-0-0-0-0-0-0-0-0-0	0-0-0-0-0-0-0-0-0-0-0-0	0-0-0-0-0-0-0-0-0-0-0-0	0-0-0-0-0-0-0-0-0-0-0-0	0-0-0-0-0-0-0-0-0-0-0-0	0-0-0-0-0-0-0-0-0-0-0-0	0-0-0-0-0-0-0-0-0-0-0-0
235	1	1-3-1-3-2-2-1-3-1-2-2-2	3-2-1-0-2-2-0-2-2-2-0-2	1-2-1-2-2-3-2-2-4-1-2-2	2-1-2-2-1-0-2-3-2-2-2-2	2-0-1-3-4-2-2-1-1-2-2-1	1-2-2-2-2-2-2-2-2-1-0-2	1-1-1-1-2-5-2-2-1-2-1-1	1-1-1-1-1-2-2-1-0-1-3-1	1-1-1-1-2-2-2-1-2-1-1-1	3-1-5-1-1-1-2-1-2-4-3-1	2-3-4-2-1-2-1-1-3-1-2-1	2-1-1-4-1-1-1-2-1-5-4-2
235	2	1-1-2-2-1-1-1-1-1-1-1-1	1-1-1-2-1-1-1-1-1-1-3-1	6-4-4-4-3-1-3-1-1-3-1-1	3-3-1-1-3-3-1-2-1-1-1-1	5-0-3-5-1-1-3-3-1-1-1-3	3-3-6-1-1-5-3-1-1-1-0-3	3-3-1-0-3-2-1-3-4-1-3-5	1-3-2-3-3-1-1-3-3-1-1-0	2-0-3-3-4-1-1-3-1-2-5-1	2-3-1-1-3-2-3-1-3-1-1-4	1-2-1-1-1-1-1-1-1-3-1-3	1-2-2-1-1-1-3-1-2-2-2-1
235	3	1-4-1-1-4-3-1-1-1-1-1-1	1-4-4-2-1-1-1-4-1-1-2-4	1-3-5-1-2-1-4-5-4-2-4-2	2-3-3-1-2-2-1-2-4-1-4-1	2-0-2-5-0-3-4-2-5-3-1-2	2-2-5-1-5-1-4-3-3-3-7-2	6-2-4-0-2-3-6-2-0-1-2-2	6-2-0-2-2-1-6-2-2-1-6-1	1-1-2-2-3-1-3-2-6-3-2-7	1-2-1-7-2-4-2-1-2-1-1-2	3-1-1-4-1-1-2-1-1-2-1-2	1-2-2-3-1-7-6-0-7-6-3-6
235	4	1-3-1-5-3-3-4-1-1-5-5-5	5-3-3-5-1-1-5-7-5-1-5-5	7-5-7-2-3-5-3-6-5-2-3-5	5-5-6-5-2-5-5-2-3-1-3-5	1-5-2-1-5-3-5-5-4-1-1-5	1-2-3-2-5-2-3-3-1-3-3-2	5-2-3-0-5-1-3-5-2-1-5-2	1-2-6-3-2-6-5-2-2-4-4-7	6-6-5-2-2-1-8-2-3-1-2-5	5-8-7-0-2-3-1-1-5-6-5-2	5-2-7-3-6-5-6-6-7-5-2-2	1-2-5-1-5-1-3-5-5-7-1-1
235	5	5-8-5-8-5-5-5-6-5-4-4-4	4-3-3-4-5-1-4-3-4-1-4-4	4-4-4-2-2-4-6-7-6-7-6-4	4-4-4-7-2-4-4-2-6-5-6-4	2-4-2-3-4-5-6-4-6-7-1-4	6-6-3-0-3-2-6-5-5-3-3-5	4-6-6-0-4-1-3-6-5-3-4-2	5-2-4-3-2-1-6-5-2-7-6-4	4-4-6-2-4-2-4-6-3-5-2-4	4-4-8-6-3-2-2-6-4-7-4-2	4-6-1-6-7-4-4-4-4-4-7-2	7-2-4-5-4-0-3-4-4-4-3-0
235	6	8-6-5-6-5-5-6-5-8-6-6-7	4-3-5-7-1-1-7-8-7-7-7-7	2-7-7-7-7-1-5-4-5-7-5-5	7-4-4-4-7-7-5-6-7-1-7-1	7-4-8-7-4-7-7-7-5-6-6-7	7-5-7-6-1-7-7-7-5-3-3-7	3-5-5-6-5-6-3-5-5-6-7-7	3-7-4-7-7-4-8-6-6-5-7-4	4-4-8-7-2-6-1-7-3-6-7-3	8-7-6-5-7-7-7-5-8-4-4-7	4-5-4-5-4-4-4-4-4-7-5-6	1-7-6-7-4-1-7-4-7-3-3-1
235	7	8-8-6-8-5-8-8-8-8-6-7-8	4-5-6-6-7-8-6-4-8-6-6-8	4-6-6-6-6-4-6-5-5-5-7-5	6-5-7-5-6-6-8-6-6-5-6-8	5-4-7-6-7-6-8-6-7-5-6-6	8-8-6-8-7-6-6-6-5-7-3-6	8-5-1-7-6-6-5-8-7-7-6-5	7-6-6-6-6-1-5-6-6-5-6-4	7-7-7-6-7-6-6-6-1-5-6-3	2-6-4-5-6-6-6-1-6-5-4-6	6-7-4-7-5-4-4-5-4-6-5-7	5-8-6-6-1-1-6-4-6-4-5-1
235	8	8-5-8-5-8-7-7-8-7-7-6-7	7-8-8-6-8-8-6-8-8-8-6-7	8-8-8-7-8-8-5-7-8-8-7-8	6-8-8-8-8-8-7-8-7-8-8-7	2-4-8-8-8-8-7-8-8-8-7-8	7-8-7-7-8-6-8-8-8-8-8-8	7-8-8-8-6-8-8-8-8-8-4-7	8-8-8-7-8-8-6-6-6-5-7-6	4-7-8-6-2-8-8-5-8-6-6-1	6-4-5-8-8-6-8-8-6-8-4-8	4-6-7-5-4-1-4-4-1-1-8-8	8-7-7-1-4-8-3-4-8-8-3-1
236	0	0-0-0-0-0-0-0-0-0-0-0-0	0-0-0-0-0-0-0-0-0-0-0-0	0-0-0-0-0-0-0-0-0-0-0-0	0-0-0-0-0-0-0-0-0-0-0-0	0-0-0-0-0-0-0-0-0-0-0-0	0-0-0-0-0-0-0-0-0-0-0-0	0-0-0-0-0-0-0-0-0-0-0-0	0-0-0-0-0-0-0-0-0-0-0-0	0-0-0-0-0-0-0-0-0-0-0-0	0-0-0-0-0-0-0-0-0-0-0-0	0-0-0-0-0-0-0-0-0-0-0-0	0-0-0-0-0-0-0-0-0-0-0-0
236	1	1-1-2-2-1-1-1-2-1-1-2-2	2-2-1-0-3-2-1-2-2-1-2-2	1-2-1-2-2-2-2-2-3-2-2-2	2-1-2-2-1-0-2-2-1-2-2-1	1-2-1-2-4-1-2-1-2-2-3-1	4-1-2-2-2-2-2-2-1-1-4-2	2-1-1-1-2-1-0-2-2-4-1-1	1-1-3-2-1-2-1-2-1-1-0-1	1-0-2-0-2-2-1-2-2-1-1-2	3-1-1-7-7-1-6-1-2-2-3-1	1-2-4-2-1-2-4-1-4-1-1-1	2-1-1-1-3-1-1-2-1-7-4-1
236	2	1-1-1-1-1-1-1-1-1-1-1-1	1-1-1-4-1-1-3-1-1-1-3-1	1-3-1-1-3-1-1-1-1-1-1-3	3-0-1-1-3-3-1-5-3-1-1-1	5-1-1-5-1-3-3-3-1-1-1-3	1-1-3-1-1-1-3-3-1-1-0-2	1-5-1-1-3-1-2-3-1-1-0-3	1-2-5-3-5-1-9-9-5-1-2-0	0-0-3-3-4-1-1-4-1-2-2-2	1-3-1-1-3-4-1-1-3-1-1-5	1-1-1-1-1-1-0-0-1-2-4-2	1-3-2-1-0-1-5-1-0-2-2-1
236	3	1-3-1-3-4-1-1-1-1-1-1-1	1-4-4-2-1-1-2-4-4-1-2-1	1-2-1-1-2-1-4-4-5-2-4-4	2-3-4-1-2-2-1-2-4-4-3-0	3-1-4-3-5-4-4-2-3-3-1-2	1-5-5-1-3-1-4-2-1-3-5-3	6-1-4-0-2-3-4-2-3-3-0-2	1-2-1-5-2-1-6-3-3-1-1-1	1-0-2-2-0-2-3-2-1-3-2-5	1-2-3-4-5-3-1-1-2-1-1-3	4-3-1-1-1-1-0-0-1-1-2-3	1-2-2-3-1-1-2-1-1-1-1-1
236	4	4-3-1-4-3-1-1-1-1-1-5-5	4-3-3-5-1-1-5-3-5-1-6-5	8-5-6-1-3-5-5-5-5-5-3-5	5-5-5-5-2-5-5-2-3-7-3-5	2-6-3-4-6-3-5-5-4-4-1-5	5-2-3-5-3-7-3-3-1-1-1-2	4-1-3-5-5-4-3-5-1-1-6-1	1-2-7-3-2-5-2-4-2-4-4-8	4-0-5-2-2-1-6-2-1-5-2-3	5-9-4-3-3-2-1-1-5-5-5-2	5-5-6-1-1-5-5-6-5-4-2-4	1-2-4-1-5-1-2-4-9-8-1-1
236	5	4-6-4-6-5-5-5-1-5-1-4-4	4-6-6-4-6-1-4-7-4-1-4-5	4-4-4-1-1-4-6-6-7-4-6-4	4-4-6-4-2-4-4-2-6-6-5-4	2-4-2-2-5-5-6-4-6-5-1-4	4-1-3-4-4-4-6-8-5-5-3-5	8-6-8-5-4-5-3-4-5-5-2-6	1-2-2-3-2-1-5-6-2-5-4-4	1-0-4-2-5-2-4-8-6-6-2-3	4-2-5-1-3-2-4-1-4-4-4-2	4-4-1-5-9-4-4-4-4-2-1-4	1-9-5-5-4-1-2-4-4-4-5-1
236	6	6-5-9-7-7-5-6-6-6-9-6-7	6-5-5-6-5-1-7-6-7-7-7-7	4-7-4-2-8-8-7-7-7-7-5-6	7-4-7-8-8-8-5-8-5-5-6-6	8-4-6-6-4-6-7-7-5-6-8-6	7-7-7-6-6-4-7-7-5-3-0-8	3-5-5-8-7-6-4-7-5-5-8-8	1-6-4-7-7-1-3-8-6-5-8-4	9-8-7-7-6-1-4-7-5-7-6-3	4-8-6-5-3-7-7-6-7-4-8-2	4-6-4-1-1-4-4-4-8-8-7-6	4-5-6-8-8-1-6-4-4-4-6-1
236	7	6-9-6-9-6-7-7-9-6-6-6-6	8-8-8-6-8-8-6-8-6-6-6-6	0-6-6-7-6-6-8-6-5-8-8-6	6-4-6-6-6-6-8-6-8-8-8-4	6-4-6-8-4-8-8-6-8-7-6-6	6-6-8-6-7-4-8-6-7-7-7-7	5-5-5-6-6-6-8-8-7-7-6-6	5-8-4-8-6-4-8-6-6-7-6-4	7-0-6-6-7-4-4-6-8-6-6-7	1-6-7-1-8-6-6-1-6-8-6-2	8-6-8-5-4-4-4-0-4-6-6-6	8-5-4-6-1-0-6-4-4-1-7-1
236	8	6-7-7-6-8-9-9-9-9-8-8-9	9-7-7-6-8-7-6-6-9-6-7-9	4-6-4-9-6-6-7-8-9-7-7-6	6-4-8-6-6-6-9-6-7-7-7-9	6-4-6-7-4-7-9-8-7-8-6-6	9-6-7-6-8-4-7-7-8-8-3-6	9-9-5-6-4-8-7-7-8-7-6-6	8-7-4-7-6-1-8-6-6-8-6-4	8-8-6-7-6-1-1-5-9-8-7-3	9-6-8-9-7-8-7-1-9-7-6-2	7-8-7-8-1-8-4-6-8-6-8-6	7-7-8-6-6-1-6-4-7-4-6-2
236	9	9-7-6-7-9-8-8-9-8-6-6-8	8-7-9-6-9-9-6-9-9-9-6-8	9-9-9-9-8-9-9-8-9-9-8-9	8-9-9-9-9-9-8-9-8-9-9-8	9-4-9-9-9-9-8-9-9-9-6-9	8-9-9-6-9-8-8-9-9-9-9-8	8-9-9-9-9-9-9-9-9-9-8-8	9-7-9-8-9-4-2-2-2-9-8-4	6-8-9-9-2-9-9-6-8-9-7-9	8-4-7-8-9-9-9-9-8-9-8-9	4-9-7-8-1-8-4-4-1-9-9-9	9-5-8-1-9-9-9-4-4-9-6-1
237	0	0-0-0-0-0-0-0-0-0-0-0-0	0-0-0-0-0-0-0-0-0-0-0-0	0-0-0-0-0-0-0-0-0-0-0-0	0-0-0-0-0-0-0-0-0-0-0-0	0-0-0-0-0-0-0-0-0-0-0-0	0-0-0-0-0-0-0-0-0-0-0-0	0-0-0-0-0-0-0-0-0-0-0-0	0-0-0-0-0-0-0-0-0-0-0-0	0-0-0-0-0-0-0-0-0-0-0-0	0-0-0-0-0-0-0-0-0-0-0-0	0-0-0-0-0-0-0-0-0-0-0-0	0-0-0-0-0-0-0-0-0-0-0-0
237	1	1-1-1-1-1-1-1-1-1-1-1-1	1-0-1-2-0-0-0-2-0-1-2-2	0-0-0-3-2-0-2-0-0-2-0-2	2-0-0-2-4-2-0-4-1-0-2-0	4-0-2-0-0-2-2-2-1-1-0-5	2-0-2-0-0-2-2-2-1-1-0-2	0-1-1-0-2-0-0-2-1-0-2-0	1-4-1-2-4-0-2-8-1-0-0-0	1-0-2-2-8-1-0-2-0-1-4-4	0-2-0-0-2-1-2-1-2-0-0-1	3-1-0-0-0-1-1-0-0-1-2-0	0-1-1-0-1-1-2-0-3-2-1-1
237	2	2-2-2-2-2-2-2-2-2-2-2-2	1-3-2-1-1-2-1-3-1-2-1-1	2-2-0-1-1-1-1-3-3-3-0-3	1-3-3-1-1-1-2-1-2-3-3-0	1-0-3-2-3-1-1-1-3-3-3-3	1-1-4-0-2-1-3-1-2-2-5-1	4-1-2-2-1-2-2-1-2-2-3-3	3-1-1-1-1-3-5-3-2-2-0-3	0-0-1-1-2-2-0-1-2-2-1-2	0-1-4-3-1-4-1-2-1-2-2-1	1-1-0-2-2-1-2-3-0-1-1-2	2-1-1-2-3-1-1-3-6-1-2-6
237	3	3-3-4-4-4-4-3-3-4-4-3-4	4-4-2-4-4-4-5-3-4-4-5-4	3-4-4-4-3-4-4-3-4-4-3-3	4-3-4-4-2-4-4-3-2-2-2-3	3-8-2-3-4-2-4-4-2-3-4-8	4-4-2-4-7-4-2-1-2-2-2-4	2-3-3-4-4-3-4-4-3-3-2-4	2-3-4-4-2-4-4-4-4-7-4-4	4-5-4-4-3-3-5-4-5-3-3-6	3-2-3-2-4-1-2-3-4-4-4-1	4-4-3-3-6-5-5-4-4-3-4-5	6-1-3-4-4-5-3-5-4-6-3-3
237	4	3-4-3-3-5-3-3-3-3-3-3-3	3-5-4-3-3-3-3-3-3-3-3-3	3-3-3-3-1-3-5-6-3-3-5-4	3-4-3-3-1-3-3-1-4-5-5-3	1-3-1-4-3-4-5-3-2-5-3-4	3-5-2-3-3-3-5-7-4-4-2-5	2-5-4-3-5-4-5-3-4-7-0-3	7-1-1-3-1-3-6-3-3-2-3-3	3-3-3-3-2-3-3-3-7-4-1-1	3-1-4-2-3-1-1-4-3-3-3-1	3-6-7-3-3-3-3-3-3-3-3-4	3-1-3-3-3-3-1-3-3-3-2-3
237	5	6-8-6-7-4-4-3-3-6-3-7-6	3-4-4-6-3-3-3-6-3-3-3-3	6-6-3-7-7-6-6-3-3-6-4-6	6-6-6-5-6-6-3-5-5-4-5-7	7-3-6-5-3-6-6-6-6-5-7-6	6-6-6-7-3-3-6-6-4-2-2-4	8-4-4-4-6-5-5-6-5-4-5-6	2-7-5-6-6-3-8-7-5-4-5-3	3-3-6-6-7-7-3-6-3-6-5-5	3-5-3-2-6-7-6-2-6-3-3-6	3-5-0-3-8-3-3-5-3-5-6-6	3-6-1-4-3-3-5-3-5-3-7-1
237	6	5-7-5-5-6-6-3-5-5-3-5-5	3-8-7-5-3-3-3-7-3-5-3-5	5-5-3-3-5-5-7-7-7-5-7-5	5-5-5-5-5-5-7-5-7-5-7-5	5-3-5-5-3-7-7-5-7-6-5-5	5-5-5-5-6-3-5-5-6-6-7-6	5-5-4-3-5-8-7-5-6-6-5-5	7-5-5-5-5-3-7-6-5-2-5-3	3-3-5-5-6-5-7-5-4-5-5-5	3-5-8-7-5-5-5-6-5-3-3-5	8-5-0-3-3-3-3-0-3-5-5-5	3-5-3-6-3-6-5-3-7-3-7-2
237	7	8-6-5-5-6-8-8-5-8-3-5-8	7-6-6-5-3-3-8-6-8-7-3-8	8-7-3-5-5-7-6-6-8-5-6-6	5-7-7-5-5-5-6-5-6-5-6-5	5-3-6-5-7-6-8-5-6-7-5-5	5-6-5-5-3-8-6-5-7-6-6-8	8-4-6-8-8-7-6-6-7-4-5-5	7-5-1-6-5-7-6-5-8-3-5-7	7-3-5-7-5-5-6-7-3-5-5-5	8-7-7-6-5-5-6-3-8-3-7-5	5-7-4-0-8-8-3-4-5-5-4-7	2-5-7-7-7-7-5-3-6-3-6-1
237	8	8-6-8-6-8-8-7-8-7-3-7-7	7-6-8-5-8-8-7-8-7-8-7-7	8-7-8-7-8-8-7-7-7-8-3-8	7-8-8-8-8-8-7-8-7-8-8-5	5-3-8-8-8-8-7-8-6-8-5-3	5-8-8-7-8-7-8-8-8-8-8-8	5-8-8-8-7-6-8-8-8-8-7-5	8-7-8-7-8-7-5-5-7-8-3-3	7-8-8-7-5-8-8-7-3-6-6-8	7-8-8-3-8-5-8-7-7-8-3-8	6-8-8-6-5-7-3-3-3-7-8-8	3-7-7-3-2-8-8-3-8-8-7-8
238	0	0-0-0-0-0-0-0-0-0-0-0-0	0-0-0-0-0-0-0-0-0-0-0-0	0-0-0-0-0-0-0-0-0-0-0-0	0-0-0-0-0-0-0-0-0-0-0-0	0-0-0-0-0-0-0-0-0-0-0-0	0-0-0-0-0-0-0-0-0-0-0-0	0-0-0-0-0-0-0-0-0-0-0-0	0-0-0-0-0-0-0-0-0-0-0-0	0-0-0-0-0-0-0-0-0-0-0-0	0-0-0-0-0-0-0-0-0-0-0-0	0-0-0-0-0-0-0-0-0-0-0-0	0-0-0-0-0-0-0-0-0-0-0-0
238	1	1-1-1-1-0-0-1-0-1-1-1-1	1-0-0-1-0-1-1-0-0-1-0-0	1-1-3-2-1-2-2-1-0-0-0-0	1-3-2-0-0-2-0-1-0-0-1-5	0-1-5-0-3-0-0-1-0-0-1-1	0-2-0-0-0-1-2-1-0-0-0-2	0-0-0-4-0-1-0-0-0-0-0-0	1-0-0-2-0-3-0-0-0-1-0-1	1-1-0-0-0-0-1-1-0-1-1-2	0-1-1-0-0-0-0-0-1-3-4-0	1-0-0-0-1-1-1-4-4-1-0-1	1-0-1-4-1-1-1-1-1-1-1-0
238	2	2-2-5-2-2-3-2-3-2-3-3-3	3-3-2-1-3-3-2-3-4-3-3-3	3-1-3-3-3-3-3-3-3-2-4-3	3-2-3-3-2-3-3-3-3-3-2-3	3-3-3-3-5-2-3-2-3-2-3-2	3-5-3-3-3-3-1-3-3-2-0-3	3-3-2-2-3-5-0-3-2-3-2-5	2-2-3-2-2-6-2-3-2-2-4-4	2-2-3-2-3-5-3-2-3-3-2-3	3-3-3-2-0-2-4-3-1-5-3-3	3-4-7-3-3-4-2-3-3-2-3-2	3-2-2-2-3-3-2-3-5-3-6-2
238	3	2-2-2-3-2-2-2-2-2-2-2-2	2-2-2-4-2-2-4-2-2-2-2-2	2-4-2-2-2-2-2-2-2-4-2-4	4-1-2-5-4-4-2-2-4-2-3-2	2-2-2-2-4-4-4-4-2-2-2-4	2-2-4-2-2-5-4-2-2-2-0-5	5-5-2-2-4-3-4-4-2-2-4-4	2-5-2-4-4-1-8-8-3-2-7-2	3-1-2-4-5-2-2-5-2-2-3-2	2-4-2-2-4-5-4-2-4-1-2-5	2-2-2-2-2-2-2-2-2-4-2-1	2-4-1-1-2-2-4-2-4-2-2-5
238	4	2-4-2-2-5-2-2-2-2-2-2-2	2-5-5-3-3-2-3-3-2-2-3-3	2-3-2-2-3-3-5-2-2-3-5-3	3-4-5-2-3-3-2-2-5-6-4-1	2-2-3-2-3-3-5-3-5-4-2-3	3-2-6-3-4-3-5-3-7-4-4-4	3-2-4-1-3-4-5-3-2-6-3-3	2-3-5-3-3-2-6-2-3-6-2-2	3-1-3-3-4-2-1-3-2-4-5-5	2-3-0-8-3-3-2-6-3-2-1-3	2-2-2-4-2-2-1-1-1-3-2-4	2-3-1-1-7-2-3-2-3-6-4-4
238	5	6-4-2-6-4-2-2-6-2-2-2-2	6-4-4-3-2-2-2-6-6-2-6-6	7-3-7-3-4-2-4-6-6-3-4-5	6-6-7-3-3-3-5-5-4-4-4-1	2-6-1-3-6-4-6-6-4-7-2-6	2-2-4-5-6-3-4-5-5-4-0-4	8-3-4-7-5-3-4-5-5-4-6-3	2-3-4-3-3-6-4-3-3-5-5-6	6-6-7-3-3-2-6-3-2-5-4-4	6-6-1-0-3-3-0-2-6-6-6-3	6-2-2-2-2-6-6-6-6-3-3-6	2-3-1-4-6-2-3-5-8-7-2-3
238	6	5-6-6-8-4-2-7-5-2-6-6-8	5-4-4-6-3-2-8-5-5-2-5-5	2-7-7-8-7-7-7-7-5-7-7-7	7-5-5-7-7-7-5-7-7-4-7-5	7-5-8-7-5-6-7-7-6-8-7-7	7-8-4-6-5-3-7-7-6-6-4-6	5-7-2-5-8-6-4-5-4-4-7-7	2-7-8-7-7-2-4-8-7-6-5-5	5-5-7-7-8-2-5-7-4-6-7-6	7-5-4-0-7-3-0-4-6-5-5-6	5-6-5-4-2-5-5-5-5-7-6-8	2-6-6-5-5-2-7-5-5-5-7-2
238	7	6-8-2-6-2-8-8-8-8-2-6-8	8-4-4-6-7-2-6-5-5-2-5-8	5-6-5-6-6-6-6-6-6-6-6-6	6-8-7-6-6-6-8-6-6-4-6-8	6-5-6-6-7-6-6-6-5-7-6-6	6-8-6-8-5-5-6-6-7-7-4-7	8-6-2-5-6-7-5-6-7-4-6-6	7-6-6-6-6-7-7-6-6-6-6-5	7-7-7-6-4-7-5-6-8-7-6-6	6-6-0-8-6-3-7-4-8-2-5-6	5-6-2-7-2-5-5-5-1-6-6-4	2-8-6-1-4-2-6-5-5-5-7-2
238	8	8-7-8-6-8-7-7-8-7-2-2-7	7-8-8-6-8-8-6-8-8-8-6-7	8-6-8-6-8-6-8-7-8-8-7-8	7-8-8-8-8-8-7-8-8-8-8-7	6-5-8-8-7-8-7-8-8-6-6-8	8-8-8-7-8-8-7-8-8-8-8-7	5-8-8-8-6-8-8-8-8-6-6-8	8-8-6-7-8-7-3-3-6-6-7-5	5-7-8-6-6-8-5-6-8-4-6-6	6-5-8-8-8-3-8-2-7-8-5-8	5-6-2-2-2-5-5-5-5-8-8-8	2-7-8-2-5-8-8-5-5-8-6-2
239	0	0-0-0-0-0-0-0-0-0-0-0-0	0-0-0-0-0-0-0-0-0-0-0-0	0-0-0-0-0-0-0-0-0-0-0-0	0-0-0-0-0-0-0-0-0-0-0-0	0-0-0-0-0-0-0-0-0-0-0-0	0-0-0-0-0-0-0-0-0-0-0-0	0-0-0-0-0-0-0-0-0-0-0-0	0-0-0-0-0-0-0-0-0-0-0-0	0-0-0-0-0-0-0-0-0-0-0-0	0-0-0-0-0-0-0-0-0-0-0-0	0-0-0-0-0-0-0-0-0-0-0-0	0-0-0-0-0-0-0-0-0-0-0-0
239	1	1-1-1-1-1-1-1-1-1-1-1-1	1-2-1-0-0-0-0-1-1-1-0-1	1-0-0-0-2-0-2-0-0-2-2-2	0-2-2-0-1-0-0-0-2-1-2-1	1-0-0-0-0-2-0-2-1-1-0-0	4-0-0-0-0-0-2-0-1-1-1-2	4-1-1-0-0-1-0-2-1-1-2-4	2-1-0-0-1-0-0-1-0-1-0-0	1-0-2-0-0-0-0-0-0-1-0-0	0-1-0-2-1-0-0-1-0-0-0-1	1-0-3-0-1-0-0-2-2-0-2-1	7-0-0-1-2-1-7-0-0-1-4-1
239	2	2-2-3-2-2-1-2-6-2-2-2-3	3-1-1-4-4-3-3-2-3-3-3-3	2-3-4-4-3-3-3-4-3-3-1-3	3-3-1-3-3-3-2-5-1-1-1-6	5-0-3-3-3-1-3-3-1-1-3-3	3-3-3-2-2-4-3-3-1-2-0-3	3-4-1-0-3-0-3-3-2-4-7-3	1-5-3-3-5-0-8-3-3-2-5-1	1-0-3-3-4-2-7-3-4-3-3-3	3-3-8-1-3-4-3-3-3-2-3-3	1-3-7-3-1-3-3-1-1-3-3-1	1-3-3-5-1-3-3-1-7-2-3-2
239	3	2-3-2-3-2-2-2-3-2-2-2-2	2-4-3-2-3-3-2-3-2-2-2-3	0-2-2-2-2-2-4-2-2-2-4-2	2-4-4-2-2-2-3-2-4-4-4-2	2-0-2-2-2-3-4-2-3-3-2-2	2-2-4-2-3-2-4-2-3-3-3-3	2-2-3-3-2-3-2-2-3-3-2-5	3-2-4-4-2-4-6-2-2-3-3-0	2-1-4-2-3-0-7-2-3-2-2-2	0-2-3-2-2-5-2-4-2-3-2-2	3-2-1-2-8-4-2-3-0-2-5-2	5-2-2-3-2-2-2-0-6-5-3-2
239	4	2-3-2-2-2-2-2-2-2-2-5-8	4-3-3-2-3-3-5-5-5-2-5-5	7-5-2-2-4-6-5-7-6-5-3-5	5-5-6-5-2-2-5-4-3-3-3-5	2-5-2-4-5-3-5-5-3-4-2-2	5-2-3-4-5-2-3-2-3-3-1-2	5-2-3-5-5-4-5-5-4-2-5-3	4-2-5-3-2-5-5-2-2-4-6-5	5-6-5-2-2-4-6-6-8-2-2-2	6-6-4-4-6-2-3-3-5-6-6-2	5-2-1-6-1-6-5-6-5-2-3-4	0-2-5-1-6-1-2-4-5-6-1-2
239	5	5-5-2-5-5-5-5-5-5-2-4-4	4-6-6-2-7-6-4-6-4-2-4-4	4-4-4-2-2-6-4-4-4-4-6-4	4-4-5-4-2-2-7-2-6-7-6-4	2-4-2-2-4-5-6-4-5-5-2-2	4-4-3-5-4-2-6-5-5-5-3-5	6-6-3-4-4-5-7-4-5-5-4-3	5-2-4-3-2-4-6-2-2-7-8-4	8-4-4-4-5-4-0-4-6-2-2-3	4-2-5-6-5-3-2-5-4-4-4-2	4-5-1-5-2-4-4-5-4-5-6-6	3-2-4-2-7-2-2-4-4-3-5-1
239	6	7-5-8-7-6-5-8-2-8-6-6-6	4-5-5-7-7-5-6-7-7-2-7-7	6-7-4-7-7-8-7-7-7-7-5-6	7-7-4-6-7-7-5-6-7-5-7-2	6-4-2-6-2-7-7-4-4-6-7-6	3-8-7-2-6-4-5-7-5-6-3-7	5-5-6-4-5-6-5-5-5-5-7-7	4-6-4-7-7-7-5-8-2-5-4-4	6-4-8-8-7-7-4-4-5-7-7-6	4-7-6-5-4-6-6-7-4-4-4-6	4-6-7-7-7-4-4-7-7-6-5-7	3-6-2-7-7-7-6-4-7-6-7-6
239	7	6-8-6-6-7-8-8-6-8-6-6-8	7-5-5-6-6-8-4-6-8-7-6-6	4-6-4-6-6-7-6-4-8-6-7-6	6-7-7-6-6-6-8-6-6-5-6-4	6-4-2-4-7-6-8-7-7-7-6-6	8-6-6-8-4-8-7-6-5-5-3-6	8-7-8-3-8-7-5-8-7-5-6-6	7-6-6-6-6-7-4-6-8-5-6-4	7-4-4-7-6-6-7-7-5-6-6-7	8-6-7-6-7-6-6-6-8-4-7-6	3-7-6-6-8-7-4-5-5-7-7-6	8-8-7-6-6-6-7-4-6-5-6-6
239	8	8-7-6-6-8-8-6-8-7-6-7-7	7-8-8-6-8-8-4-6-8-8-6-6	8-7-8-6-8-8-7-7-7-8-8-8	7-8-8-8-8-8-7-8-7-8-8-7	6-4-8-8-8-8-7-8-8-8-2-2	7-6-8-7-8-8-8-6-8-8-8-8	7-8-8-8-7-8-8-6-8-8-5-8	8-8-6-7-8-7-8-6-7-7-5-5	5-8-8-7-6-8-8-7-8-3-6-6	7-8-8-8-8-7-8-7-8-8-8-8	4-8-3-8-3-8-4-3-8-7-8-8	7-7-8-8-0-8-8-4-8-8-6-8
240	0	0-0-0-0-0-0-0-0-0-0-0-0	0-0-0-0-0-0-0-0-0-0-0-0	0-0-0-0-0-0-0-0-0-0-0-0	0-0-0-0-0-0-0-0-0-0-0-0	0-0-0-0-0-0-0-0-0-0-0-0	0-0-0-0-0-0-0-0-0-0-0-0	0-0-0-0-0-0-0-0-0-0-0-0	0-0-0-0-0-0-0-0-0-0-0-0	0-0-0-0-0-0-0-0-0-0-0-0	0-0-0-0-0-0-0-0-0-0-0-0	0-0-0-0-0-0-0-0-0-0-0-0	0-0-0-0-0-0-0-0-0-0-0-0
240	1	1-2-2-2-2-1-1-2-1-2-2-2	2-2-1-2-2-2-0-2-0-2-0-2	1-1-1-2-2-2-2-2-2-2-2-2	2-1-2-2-1-0-2-3-2-2-2-1	2-0-1-2-0-1-2-1-1-2-2-1	2-0-2-1-2-2-2-2-1-1-1-1	1-1-1-1-1-0-1-2-1-2-1-1	2-1-2-0-1-2-1-2-1-1-0-2	4-1-2-1-2-2-2-1-2-1-1-1	2-1-2-1-1-1-2-2-2-2-2-1	2-1-4-5-2-2-2-1-2-1-1-1	3-1-1-1-3-2-1-2-0-4-4-1
240	2	1-1-1-1-1-1-1-1-1-1-1-1	1-1-1-4-1-1-1-1-0-1-3-1	1-3-3-1-3-1-3-1-1-1-1-1	3-1-1-1-4-3-1-2-1-1-1-1	3-0-3-1-3-1-3-3-1-1-1-3	3-4-3-1-1-1-3-1-1-1-0-4	3-3-1-1-3-1-1-1-1-1-3-3	1-2-1-3-3-1-1-7-3-1-2-1	3-1-3-3-4-1-1-3-1-2-2-2	1-3-1-1-3-3-1-1-3-1-1-2	1-2-1-1-1-1-1-1-1-1-3-3	1-2-2-1-1-1-3-1-0-2-2-1
240	3	3-7-4-7-3-4-5-3-5-3-4-4	4-5-4-2-1-1-4-3-3-4-2-4	3-2-1-3-2-2-4-5-1-5-4-3	2-3-5-6-3-2-3-3-4-5-4-1	6-0-2-1-2-4-4-2-3-5-5-2	2-7-5-3-3-5-4-6-4-3-5-3	2-2-1-2-2-3-5-3-3-5-2-2	1-4-7-2-2-4-5-4-2-5-3-1	3-3-2-2-3-3-3-2-5-3-4-3	1-2-7-3-2-2-1-3-3-1-1-4	1-7-7-4-7-1-1-1-1-2-5-2	1-2-3-5-7-3-2-1-6-2-5-6
240	4	3-3-3-5-3-3-3-3-3-3-3-3	4-3-3-2-1-1-3-6-5-3-5-3	3-5-6-2-4-1-3-3-5-3-3-5	5-5-5-5-2-5-7-2-3-3-3-1	2-5-2-5-5-3-5-2-3-3-3-7	3-2-3-4-5-3-3-2-3-3-3-2	2-2-3-5-5-3-3-5-1-3-5-2	1-3-5-3-2-5-3-4-2-4-5-6	5-5-5-5-2-4-7-2-6-4-3-3	5-5-3-3-5-2-1-1-5-5-5-2	5-3-1-3-1-1-5-5-5-5-3-5	0-2-4-1-5-5-2-4-0-5-1-1
240	5	7-3-3-7-3-4-3-6-3-5-5-6	4-3-3-6-6-1-6-7-4-3-4-6	6-6-4-6-6-6-6-3-6-3-6-6	6-4-4-4-6-6-4-6-6-3-6-1	5-4-3-4-4-5-6-6-3-3-7-6	6-3-6-5-4-3-6-4-5-3-3-3	6-6-1-4-4-3-3-6-5-7-4-2	1-6-4-6-6-4-7-6-5-3-4-4	4-4-6-6-7-4-1-6-3-5-6-3	4-6-6-3-6-6-6-3-4-4-4-6	4-5-3-1-0-1-4-4-4-6-3-4	0-6-5-6-4-3-6-4-6-4-6-3
240	6	5-6-3-5-3-7-7-7-7-3-5-7	4-3-3-5-7-1-5-5-7-3-5-5	5-5-4-5-5-5-5-6-5-5-6-5	5-4-6-4-5-5-7-5-5-3-5-7	5-4-3-5-6-5-7-5-6-3-5-5	5-6-5-7-6-5-5-3-6-3-3-7	5-5-1-6-4-6-3-5-6-6-5-2	6-5-4-5-5-4-3-5-5-3-5-4	4-6-5-5-5-3-6-5-4-6-5-3	4-5-6-3-5-5-5-1-7-4-5-5	5-6-1-7-3-7-4-6-5-5-3-6	1-7-7-5-6-3-5-4-5-4-5-3
240	7	7-3-5-5-7-6-6-7-6-3-5-6	4-7-7-5-7-7-5-5-7-7-4-6	7-7-7-6-7-5-7-6-7-7-6-7	5-7-7-7-7-7-6-7-6-3-7-6	5-4-7-7-7-7-6-7-7-7-5-5	5-3-5-6-7-7-7-7-7-7-7-6	6-7-7-7-5-3-7-7-7-5-5-7	7-7-3-6-7-5-5-5-2-5-3-4	4-7-7-5-5-7-7-5-7-3-5-1	5-7-7-7-7-5-7-6-6-7-4-7	4-3-3-7-3-6-4-7-7-7-7-7	7-6-6-1-3-7-7-7-7-7-3-3
241	0	0-0-0-0-0-0-0-0-0-0-0-0	0-0-0-0-0-0-0-0-0-0-0-0	0-0-0-0-0-0-0-0-0-0-0-0	0-0-0-0-0-0-0-0-0-0-0-0	0-0-0-0-0-0-0-0-0-0-0-0	0-0-0-0-0-0-0-0-0-0-0-0	0-0-0-0-0-0-0-0-0-0-0-0	0-0-0-0-0-0-0-0-0-0-0-0	0-0-0-0-0-0-0-0-0-0-0-0	0-0-0-0-0-0-0-0-0-0-0-0	0-0-0-0-0-0-0-0-0-0-0-0	0-0-0-0-0-0-0-0-0-0-0-0
241	1	1-1-1-1-1-1-1-0-1-1-1-1	2-0-0-2-0-1-2-1-2-1-2-2	4-2-3-1-1-0-2-3-0-2-2-2	2-2-2-2-2-2-0-1-2-7-0-5	1-4-2-0-3-0-2-2-0-0-1-2	2-2-0-1-1-2-2-2-0-0-0-2	2-0-0-2-2-3-0-2-0-0-4-0	1-0-0-2-1-2-2-0-0-1-2-0	1-2-2-2-0-2-1-2-0-2-1-2	2-2-1-2-2-1-0-0-2-3-2-0	0-0-1-1-2-1-1-4-4-2-2-1	1-2-2-2-0-1-0-1-1-1-1-1
241	2	2-2-1-2-2-2-2-2-2-2-2-2	1-3-3-1-0-1-1-3-1-2-1-3	1-1-1-4-1-1-3-4-3-1-3-2	1-1-1-1-1-1-3-1-3-2-3-1	2-1-1-0-1-2-3-1-3-2-2-1	1-1-0-1-0-1-3-2-2-2-0-1	1-3-3-1-1-2-2-1-2-0-3-2	2-2-0-1-3-1-2-1-0-2-1-0	2-1-1-1-0-1-1-1-3-1-2-1	1-1-2-1-1-2-0-4-1-1-1-0	2-1-2-3-1-0-3-0-0-1-1-2	1-1-1-1-0-2-0-4-1-1-0-2
241	3	3-2-3-3-2-3-3-3-3-3-3-4	4-2-2-4-4-4-1-2-4-3-4-4	1-4-1-7-6-6-2-1-5-4-2-4	4-4-5-3-4-4-5-3-4-1-2-1	4-1-3-4-1-2-4-4-3-3-3-1	4-10-4-1-5-5-4-4-2-0-0-5	4-5-5-1-4-1-4-0-5-0-2-4	3-3-4-4-5-4-6-10-6-2-3-0	3-1-4-5-5-4-1-4-0-2-6-3	3-4-0-4-3-5-0-5-4-1-1-5	2-3-4-2-4-3-2-3-3-3-4-5	4-4-1-1-3-3-5-2-3-3-3-5
241	4	3-4-3-4-2-4-4-4-4-4-5-3	3-5-5-3-3-5-1-5-3-5-3-3	1-3-3-3-3-3-5-2-5-3-5-5	3-3-3-3-3-3-3-3-5-5-5-1	3-1-1-3-1-5-5-3-5-4-4-1	3-3-6-1-4-3-5-3-4-4-7-4	3-5-4-1-3-4-6-6-0-0-1-3	4-5-3-3-4-3-7-0-3-6-10-4	4-1-3-3-4-3-7-5-0-5-4-5	1-3-2-3-1-3-0-10-3-1-1-3	5-0-5-5-3-3-2-1-1-3-3-2	1-3-1-1-3-4-3-2-3-3-6-3
241	5	5-7-6-9-2-5-5-5-6-5-6-6	6-4-4-6-6-4-6-7-6-4-6-7	10-6-6-6-4-3-6-5-6-3-4-4	6-5-8-6-3-6-8-1-4-4-4-10	4-10-1-5-7-4-6-6-4-5-6-10	3-3-4-6-9-3-4-3-3-0-0-3	8-3-3-6-6-5-4-6-3-0-6-3	7-4-3-4-3-6-3-5-3-5-5-7	7-7-6-3-3-5-6-6-0-5-3-4	6-10-2-3-6-3-0-3-6-6-6-3	6-3-5-4-1-8-6-7-6-3-3-5	8-3-6-4-6-4-3-6-6-7-4-3
241	6	5-6-5-5-7-5-6-6-5-5-5-5	5-7-7-5-5-8-5-4-5-4-5-5	10-5-5-5-3-3-7-10-5-5-7-7	5-5-7-5-3-5-5-1-3-9-6-5	3-5-9-3-5-6-7-5-6-6-5-5	3-1-4-5-4-3-7-6-6-6-0-6	3-7-9-6-5-6-4-5-6-6-5-3	8-6-3-4-6-5-3-5-3-6-5-5	5-1-5-3-0-3-5-5-6-9-3-4	5-3-6-4-5-3-9-6-5-5-5-3	5-10-9-6-1-5-5-5-5-3-3-6	5-3-5-9-5-9-3-5-5-5-4-3
241	7	8-10-7-9-6-6-7-9-8-8-9-8	5-6-6-8-8-6-8-5-8-8-8-5	9-6-5-3-9-8-8-6-8-8-6-8	8-8-8-9-9-9-5-7-7-8-8-9	9-8-10-7-5-7-8-8-6-7-9-9	8-8-8-7-5-3-8-8-7-4-4-9	10-8-6-7-8-7-4-8-7-10-7-8	5-7-3-8-9-5-10-9-7-6-7-5	5-5-8-8-9-8-4-8-0-8-7-4	8-8-0-8-5-9-8-4-8-5-5-7	9-7-5-3-10-5-5-5-8-7-8-7	5-8-1-8-5-7-7-5-5-5-7-7
241	8	7-8-7-10-6-8-10-7-7-7-7-7	7-6-8-7-5-6-5-9-7-7-7-7	7-8-5-7-7-7-9-8-7-7-9-7	7-7-7-7-7-7-5-7-9-9-9-5	7-5-7-7-5-9-9-7-9-8-7-7	7-7-7-9-8-7-7-7-8-8-9-8	5-7-9-8-7-8-8-7-8-8-7-7	6-7-5-7-7-5-9-9-7-0-7-5	5-5-7-7-8-7-1-7-8-7-7-4	7-7-10-7-9-7-7-8-7-5-5-7	5-7-5-10-5-5-5-5-7-7-7-8	5-7-5-7-5-8-7-5-5-5-8-8
241	9	10-10-7-7-8-10-10-7-10-9-7-7	5-6-8-7-5-10-5-8-7-9-10-7	7-10-5-7-7-9-8-6-10-7-8-9	7-7-9-7-7-7-10-7-8-8-8-7	7-5-7-5-9-8-8-7-8-9-7-7	7-8-7-7-5-7-9-7-9-9-4-10	10-6-6-10-10-9-8-10-9-8-7-7	9-7-3-8-7-5-8-7-7-5-7-5	9-5-7-7-7-7-9-5-6-6-7-4	10-7-9-8-8-7-7-4-10-5-9-7	7-7-6-2-4-10-5-5-7-7-9-9	10-7-9-9-9-9-7-5-4-5-10-4
241	10	10-9-10-8-10-9-9-10-9-7-7-10	9-10-10-7-10-10-9-10-10-10-9-10	10-9-10-10-10-10-9-6-9-10-10-10	9-10-10-10-10-10-9-10-8-10-7-5	7-5-10-10-10-8-9-10-8-10-3-10	7-10-10-10-10-10-10-10-10-10-10-10	7-10-10-10-9-10-10-10-10-10-5-7	10-10-3-9-10-9-7-3-9-6-7-5	9-9-10-10-3-10-10-7-10-4-10-10	9-5-8-10-10-7-10-4-9-10-5-10	8-10-8-8-7-9-5-5-5-9-10-10	10-7-1-10-8-10-10-5-10-10-9-10
242	0	0-0-0-0-0-0-0-0-0-0-0-0	0-0-0-0-0-0-0-0-0-0-0-0	0-0-0-0-0-0-0-0-0-0-0-0	0-0-0-0-0-0-0-0-0-0-0-0	0-0-0-0-0-0-0-0-0-0-0-0	0-0-0-0-0-0-0-0-0-0-0-0	0-0-0-0-0-0-0-0-0-0-0-0	0-0-0-0-0-0-0-0-0-0-0-0	0-0-0-0-0-0-0-0-0-0-0-0	0-0-0-0-0-0-0-0-0-0-0-0	0-0-0-0-0-0-0-0-0-0-0-0	0-0-0-0-0-0-0-0-0-0-0-0
242	1	1-1-1-1-1-1-1-0-1-1-1-1	1-0-0-1-0-1-1-0-0-0-0-2	1-1-2-0-1-2-2-1-0-0-2-1	1-2-2-1-1-2-0-4-0-2-0-1	0-3-1-0-2-0-2-2-2-0-0-1	3-3-0-1-0-1-0-1-0-0-0-2	0-0-0-1-0-0-0-0-0-1-1-0	1-0-3-0-1-2-0-0-1-1-2-1	1-2-2-0-0-0-2-2-0-1-1-0	2-1-1-2-0-0-0-0-1-2-3-0	2-6-1-0-1-1-1-3-3-1-0-1	1-1-1-1-1-1-1-1-1-1-1-0
242	2	2-1-2-2-2-2-2-2-2-2-2-2	3-0-0-3-0-1-3-3-3-3-3-3	1-3-4-3-3-1-3-3-3-3-3-3	3-3-3-3-3-3-0-3-2-1-3-1	5-1-0-3-1-3-3-3-1-0-3-3	2-4-3-2-2-3-3-3-5-2-0-1	3-4-0-1-3-0-2-3-0-2-2-3	2-2-2-3-2-1-4-7-2-1-1-0	1-1-3-2-4-2-1-4-0-4-3-2	1-2-0-1-3-4-3-0-3-1-3-4	3-4-1-0-0-3-1-1-0-2-3-1	1-3-1-1-3-2-3-1-2-2-2-4
242	3	3-3-2-3-5-3-3-3-3-2-3-4	2-5-4-2-4-4-2-2-2-2-2-2	1-2-1-2-2-2-4-4-2-2-4-2	2-2-2-2-2-2-4-2-4-5-4-1	2-1-4-3-2-2-4-2-3-4-2-2	2-1-4-2-3-2-4-2-3-3-0-5	2-2-3-1-2-5-5-2-4-3-4-2	3-2-2-2-2-4-7-4-2-3-5-3	3-1-2-2-3-1-1-2-3-3-2-5	2-3-4-2-2-3-2-7-2-3-2-2	2-0-3-3-1-2-2-1-1-2-2-3	5-2-1-1-2-3-2-1-5-2-3-3
242	4	5-3-6-7-4-4-4-4-5-4-4-8	5-3-3-7-3-3-6-5-6-4-5-5	8-6-7-2-4-6-3-5-5-5-3-3	5-4-6-5-2-2-6-1-3-3-3-7	2-8-3-4-5-3-5-4-4-4-5-8	0-6-3-4-5-5-3-2-3-5-0-2	4-2-7-3-5-4-3-5-3-2-6-3	6-2-6-3-2-6-3-3-2-4-4-5	5-5-3-2-2-4-5-5-5-2-2-6	5-5-3-7-5-2-0-3-7-5-5-2	6-2-6-8-6-6-5-5-5-2-3-4	3-2-4-3-5-6-3-5-6-5-2-2
242	5	4-5-6-4-3-4-6-5-4-4-5-6	4-3-3-5-5-4-4-4-4-4-6-4	1-4-6-2-6-6-6-4-4-6-5-6	6-4-4-4-6-6-3-7-6-3-7-1	2-4-8-6-6-5-6-6-4-5-7-6	6-6-6-2-4-4-6-2-3-3-3-6	3-6-2-3-6-4-3-6-5-3-7-6	5-6-4-6-6-4-3-8-7-4-4-4	4-4-1-6-7-4-4-4-4-3-6-3	4-7-4-6-6-7-6-3-6-4-4-5	4-5-4-3-8-4-4-4-4-5-3-5	3-5-1-5-4-4-6-4-3-4-5-3
242	6	5-7-5-8-6-6-6-6-6-4-6-4	4-7-6-2-7-6-4-7-4-6-5-4	7-4-5-5-5-5-7-4-4-5-7-5	5-4-4-5-5-5-4-5-7-7-5-4	6-4-7-6-5-7-7-5-6-6-4-5	5-4-5-7-6-4-5-2-6-6-7-5	4-5-7-8-5-6-7-5-6-6-5-5	4-5-4-5-5-4-3-5-5-4-4-4	4-4-1-5-3-4-7-4-4-6-5-4	4-4-6-5-5-5-2-6-5-4-4-5	4-5-4-4-4-4-4-4-4-5-5-6	3-5-4-5-4-4-2-4-4-5-6-4
242	7	8-8-5-4-6-8-8-8-8-7-5-4	4-6-6-5-5-8-4-6-8-5-8-4	5-4-4-7-5-7-6-6-8-5-6-5	5-5-7-5-5-5-6-5-6-6-5-4	6-4-6-4-7-6-6-5-7-7-5-2	8-6-8-8-7-4-5-5-7-7-6-7	8-5-6-8-8-7-6-0-7-6-5-6	7-2-2-6-2-7-3-5-5-4-6-4	7-4-7-5-5-0-6-5-4-2-5-4	6-5-7-6-5-5-0-3-8-4-5-5	5-7-4-3-8-8-4-4-5-7-7-7	3-5-1-1-7-7-2-4-3-4-6-2
242	8	8-7-4-6-8-7-7-8-7-4-5-4	7-8-8-5-8-7-4-8-8-8-7-8	8-8-8-2-8-8-7-7-7-8-8-8	7-8-8-8-8-8-7-8-7-8-8-4	5-4-8-8-8-6-7-8-8-8-5-4	7-8-8-7-8-4-8-8-8-8-8-8	4-8-8-6-7-8-6-8-8-8-4-8	8-8-2-7-8-7-7-5-5-4-7-7	4-7-8-7-2-8-8-7-8-6-2-0	7-4-8-8-8-5-8-7-7-8-4-8	4-7-4-4-5-7-4-4-4-7-8-8	7-5-7-1-6-8-8-4-8-8-7-8
243	0	0-0-0-0-0-0-0-0-0-0-0-0	0-0-0-0-0-0-0-0-0-0-0-0	0-0-0-0-0-0-0-0-0-0-0-0	0-0-0-0-0-0-0-0-0-0-0-0	0-0-0-0-0-0-0-0-0-0-0-0	0-0-0-0-0-0-0-0-0-0-0-0	0-0-0-0-0-0-0-0-0-0-0-0	0-0-0-0-0-0-0-0-0-0-0-0	0-0-0-0-0-0-0-0-0-0-0-0	0-0-0-0-0-0-0-0-0-0-0-0	0-0-0-0-0-0-0-0-0-0-0-0	0-0-0-0-0-0-0-0-0-0-0-0
243	1	1-1-1-1-1-1-1-2-1-1-1-1	2-2-1-2-2-2-0-2-2-1-0-2	1-2-3-1-2-2-2-2-2-2-1-2	2-2-2-2-2-2-2-2-1-2-2-2	1-2-1-8-4-1-2-1-1-3-3-1	2-2-2-3-2-2-2-2-1-1-6-0	2-1-1-2-0-1-2-2-1-1-1-1	1-1-6-2-2-2-1-2-1-1-3-3	1-3-2-1-2-2-2-2-2-1-1-8	1-4-1-2-1-1-2-2-0-2-6-1	1-8-4-2-3-2-1-1-2-1-1-1	2-1-1-1-2-2-1-2-1-2-1-1
243	2	1-1-1-1-1-1-1-1-1-1-1-1	3-1-1-2-1-1-1-1-1-1-3-1	1-4-1-4-3-1-3-1-1-1-1-1	3-1-1-3-3-3-1-5-3-1-1-1	3-1-2-6-1-3-3-3-1-1-1-3	1-1-1-1-1-1-3-1-1-1-0-4	1-5-1-1-3-2-1-3-1-1-3-3	1-4-1-3-5-1-8-8-8-1-1-1	1-0-3-3-4-1-1-3-1-1-4-2	1-3-1-1-3-4-1-1-3-1-1-4	1-1-1-1-1-1-1-1-1-4-4-3	1-3-2-1-1-1-4-1-2-3-2-1
243	3	1-4-1-3-3-1-1-3-1-1-1-1	2-4-4-2-1-1-2-4-1-1-2-3	1-2-1-1-2-1-4-5-1-4-4-4	2-1-4-2-2-2-1-1-4-4-4-1	2-0-2-2-1-2-4-2-3-1-1-2	1-2-4-1-3-1-4-3-3-3-7-3	7-2-1-4-2-3-6-2-1-5-2-2	3-2-4-5-2-1-6-1-3-5-1-1	0-1-2-2-5-1-3-2-1-3-2-4	1-2-3-3-2-2-1-3-2-1-4-2	3-1-6-7-1-1-3-3-1-2-1-2	1-2-2-3-4-1-2-1-7-2-3-1
243	4	4-3-1-6-3-1-4-4-4-5-5-6	1-3-3-5-1-1-6-7-1-1-5-6	7-5-6-2-6-1-3-3-1-3-3-5	5-5-3-5-2-5-3-6-3-3-3-5	1-5-1-4-5-3-5-5-4-1-1-4	5-1-3-4-3-7-3-2-3-1-1-2	5-2-4-4-5-1-3-5-1-1-8-3	1-2-2-2-2-6-3-2-4-4-4-4	4-5-5-2-2-1-4-5-1-4-2-3	5-8-0-3-2-2-1-3-5-5-3-2	5-1-1-1-5-5-5-6-5-2-2-2	1-2-5-4-4-1-2-4-8-1-1-1
243	5	4-7-1-8-5-5-5-3-1-4-4-4	4-7-6-4-6-1-4-5-5-4-4-6	1-4-4-5-2-4-6-7-6-4-6-4	4-4-4-4-2-4-7-2-6-7-7-4	2-4-2-2-5-5-6-4-6-5-1-2	6-6-3-4-3-4-6-5-5-5-3-5	4-6-6-4-4-5-3-4-5-7-4-2	5-2-4-3-2-4-7-6-2-5-1-4	1-4-6-6-3-5-4-6-1-5-2-3	4-2-5-6-6-2-6-1-4-4-4-2	4-6-5-5-4-4-4-4-4-8-6-6	1-8-4-8-4-7-7-4-4-2-7-1
243	6	8-4-8-8-5-5-8-7-6-4-4-8	6-5-5-4-5-1-4-5-7-6-4-7	4-7-7-1-7-7-5-7-7-7-5-7	7-4-6-7-7-7-6-4-5-5-6-4	7-1-2-2-5-7-7-7-5-8-1-7	5-5-7-7-4-4-5-7-5-5-1-7	3-5-5-6-5-7-3-5-5-5-7-7	5-7-1-7-7-4-5-5-6-6-7-4	8-4-7-7-8-5-4-5-8-6-7-1	7-7-6-7-7-2-7-1-7-4-1-2	7-5-7-5-4-4-4-4-7-2-5-5	1-7-2-6-7-1-2-4-8-6-3-1
243	7	8-8-6-7-5-8-8-8-8-7-7-8	6-5-5-4-7-8-6-4-8-6-4-8	4-6-6-2-6-6-6-5-6-6-8-6	6-7-7-6-6-6-8-1-5-5-5-4	6-4-6-6-7-6-6-6-5-7-1-6	8-8-6-6-7-4-6-6-7-7-3-6	8-5-7-6-7-6-7-7-7-7-6-6	7-6-1-6-6-6-5-5-7-5-6-7	7-7-6-6-7-1-4-2-1-5-6-1	6-6-7-6-6-2-6-8-8-6-8-2	6-7-7-3-5-8-4-6-6-7-7-7	5-6-8-6-6-5-5-1-3-6-5-1
243	8	8-7-8-6-8-7-7-8-7-4-6-7	7-5-8-4-8-8-6-8-8-8-7-7	8-8-8-8-8-8-8-5-6-8-7-8	7-8-8-8-8-8-7-8-7-8-8-4	8-4-8-8-8-7-7-8-8-8-7-8	7-8-7-6-8-4-8-8-8-8-8-7	7-8-8-6-8-8-8-8-8-8-4-6	8-8-8-7-8-4-2-2-2-6-7-6	6-7-8-7-6-8-8-5-8-7-6-1	6-4-8-8-8-2-8-8-7-8-7-8	4-1-8-7-1-7-4-4-4-8-8-8	6-5-7-5-6-8-8-4-8-8-3-1
244	0	0-0-0-0-0-0-0-0-0-0-0-0	0-0-0-0-0-0-0-0-0-0-0-0	0-0-0-0-0-0-0-0-0-0-0-0	0-0-0-0-0-0-0-0-0-0-0-0	0-0-0-0-0-0-0-0-0-0-0-0	0-0-0-0-0-0-0-0-0-0-0-0	0-0-0-0-0-0-0-0-0-0-0-0	0-0-0-0-0-0-0-0-0-0-0-0	0-0-0-0-0-0-0-0-0-0-0-0	0-0-0-0-0-0-0-0-0-0-0-0	0-0-0-0-0-0-0-0-0-0-0-0	0-0-0-0-0-0-0-0-0-0-0-0
244	1	1-1-2-2-1-1-1-1-2-1-1-1	1-2-1-0-0-1-0-2-0-0-0-2	2-2-2-2-2-2-2-2-3-2-2-2	2-1-2-2-0-0-1-0-2-1-2-1	0-0-1-0-1-1-2-1-1-1-3-2	2-0-2-0-2-0-1-0-1-1-1-1	1-4-1-1-2-0-0-2-1-1-1-1	1-1-0-1-1-0-2-2-1-1-3-1	1-0-2-0-2-1-0-2-2-2-1-2	0-4-3-2-1-0-0-2-0-0-0-0	4-0-4-4-0-4-0-0-4-1-3-1	1-1-1-1-1-1-1-0-4-4-1-1
244	2	1-1-1-1-1-1-1-1-1-1-1-5	3-1-1-3-1-1-0-1-3-0-3-3	1-4-1-1-1-1-1-1-1-1-1-1	3-0-1-1-3-3-1-4-1-1-1-1	4-0-3-3-0-3-3-3-1-1-1-3	1-1-3-3-1-0-3-2-1-1-0-4	2-1-1-0-3-2-1-3-0-2-5-3	0-4-0-3-3-0-8-4-4-0-2-0	0-0-3-4-4-1-0-3-1-1-4-1	4-5-1-1-3-2-1-1-3-0-0-4	0-4-0-0-0-1-0-0-0-3-1-2	1-3-2-1-0-2-4-0-0-0-2-4
244	3	3-3-1-1-4-3-3-3-3-1-4-4	2-4-3-2-1-4-0-4-2-0-2-2	4-2-5-1-1-1-4-2-1-2-4-3	2-3-3-4-2-2-7-2-4-4-4-0	2-0-2-2-4-2-4-2-4-3-1-2	1-3-4-2-4-0-4-3-3-3-7-3	2-1-4-0-2-3-4-2-1-1-0-2	0-2-0-2-2-0-4-1-2-3-1-0	1-0-4-2-0-2-0-2-4-3-2-3	2-0-1-2-2-2-4-4-2-4-0-3	0-0-1-0-0-0-0-0-0-2-1-2	1-2-0-3-7-2-2-0-0-4-3-7
244	4	3-3-4-4-3-4-4-4-4-4-3-3	4-3-3-2-3-3-4-3-6-5-5-5	7-5-7-1-4-5-3-5-1-5-3-4	4-4-4-5-2-5-5-2-3-3-3-6	2-5-4-4-6-3-3-4-4-4-1-0	1-7-3-5-6-8-3-3-1-1-0-2	6-1-3-4-4-4-3-5-4-1-0-1	5-2-2-2-2-5-3-2-2-4-4-7	6-8-3-2-2-1-6-6-3-4-2-4	2-6-0-3-2-2-3-3-6-5-5-2	6-2-7-1-4-4-6-6-1-2-2-4	4-2-4-4-5-6-2-4-6-1-3-2
244	5	6-5-6-7-7-6-7-7-7-6-6-6	6-5-5-2-6-7-6-6-7-6-6-6	5-4-6-6-5-6-5-6-6-6-6-5	6-5-6-7-2-4-6-7-5-7-5-6	6-4-6-7-5-5-6-5-4-6-7-5	6-6-6-5-4-8-5-6-6-5-2-5	8-6-5-5-5-5-3-6-5-7-8-6	5-2-7-5-5-6-5-5-2-5-6-5	5-5-8-5-7-6-7-4-7-5-2-7	6-2-7-5-6-2-6-5-7-7-8-2	5-6-5-5-6-6-4-4-8-5-6-6	6-5-5-8-4-7-5-4-5-5-3-8
244	6	5-5-5-8-5-5-5-5-5-5-5-5	5-5-5-7-5-5-7-7-5-5-7-5	6-7-5-5-7-5-7-5-5-5-5-7	7-4-5-5-7-7-5-5-7-7-7-5	7-0-8-7-5-7-7-7-6-5-5-7	7-6-7-6-4-5-7-7-5-6-3-7	7-5-5-6-6-5-3-7-5-8-7-5	5-6-8-7-7-5-3-7-7-4-7-4	4-0-5-7-8-5-4-4-5-5-7-5	5-7-5-5-7-7-7-3-4-5-7-7	4-5-1-5-5-5-4-4-7-7-5-5	5-7-6-7-7-5-7-4-4-6-7-5
244	7	5-5-5-6-5-8-5-5-5-5-5-8	5-5-5-6-5-5-6-6-5-5-6-6	4-6-6-5-6-5-6-6-5-6-7-6	6-7-7-5-6-6-8-5-6-5-6-8	6-0-6-6-7-6-6-6-7-7-5-6	6-6-6-8-7-5-6-6-7-7-3-7	6-5-5-7-7-7-3-6-7-5-6-5	7-6-6-6-6-5-3-6-6-5-6-4	5-7-5-6-5-5-5-4-5-5-6-5	6-6-5-5-6-6-6-8-8-5-6-6	6-7-4-7-5-5-4-6-7-6-5-7	5-6-8-6-7-5-6-4-6-4-6-6
244	8	8-7-6-6-8-7-5-8-5-5-5-7	5-5-8-6-8-5-6-6-8-8-6-7	8-8-8-5-8-5-8-5-5-8-5-8	7-8-5-8-8-8-7-8-8-8-6-7	5-0-8-8-8-8-7-8-8-8-6-8	5-8-8-7-8-5-8-8-8-8-8-7	5-8-8-8-5-8-8-8-8-6-5-5	8-8-8-7-8-5-2-6-6-5-5-5	5-4-5-8-6-8-8-4-5-5-6-6	6-4-8-8-8-6-8-7-7-8-5-8	4-5-1-0-5-5-4-4-5-5-8-8	5-7-7-5-5-8-8-4-8-8-6-5
245	0	0-0-0-0-0-0-0-0-0-0-0-0	0-0-0-0-0-0-0-0-0-0-0-0	0-0-0-0-0-0-0-0-0-0-0-0	0-0-0-0-0-0-0-0-0-0-0-0	0-0-0-0-0-0-0-0-0-0-0-0	0-0-0-0-0-0-0-0-0-0-0-0	0-0-0-0-0-0-0-0-0-0-0-0	0-0-0-0-0-0-0-0-0-0-0-0	0-0-0-0-0-0-0-0-0-0-0-0	0-0-0-0-0-0-0-0-0-0-0-0	0-0-0-0-0-0-0-0-0-0-0-0	0-0-0-0-0-0-0-0-0-0-0-0
245	1	1-1-1-1-1-1-1-1-1-1-1-1	0-2-2-0-0-1-0-2-0-1-0-1	1-0-2-1-0-2-2-0-0-0-2-1	0-0-2-0-1-0-0-0-1-2-2-0	1-0-0-0-1-2-2-0-1-2-2-0	0-2-0-0-0-0-2-0-2-1-1-0	1-1-1-1-0-0-0-0-1-1-0-1	1-0-0-1-1-0-1-1-0-1-2-0	1-0-2-0-0-1-1-0-0-1-0-2	0-1-2-2-1-0-0-1-0-0-0-1	0-1-0-2-1-0-0-1-0-0-0-1	2-0-0-2-0-1-0-0-0-0-1-1
245	2	2-2-2-2-1-1-2-1-2-2-2-2	3-1-1-5-0-2-3-1-3-1-3-3	3-3-1-5-3-3-3-3-0-3-1-3	3-3-1-2-4-4-3-4-1-1-5-2	4-0-2-2-4-3-3-3-2-1-1-2	3-1-3-5-2-4-3-3-1-1-1-2	3-1-1-0-3-0-3-3-2-5-2-3	1-2-2-2-2-3-4-9-2-1-1-0	2-0-3-3-5-3-2-3-1-2-2-1	0-2-1-1-3-2-3-2-3-0-0-2	0-2-0-1-0-3-0-2-0-3-3-1	1-2-2-1-0-0-3-0-2-2-2-2
245	3	3-3-3-3-3-3-3-3-3-3-3-3	4-4-3-2-2-4-2-4-4-4-2-4	2-2-3-2-2-2-4-2-4-2-4-2	2-3-3-2-2-2-4-2-4-3-3-2	3-0-2-3-2-4-4-2-3-3-6-2	2-0-4-4-3-2-4-2-3-3-4-3	4-5-1-3-2-3-4-2-3-3-2-2	3-2-4-4-2-2-7-0-2-5-3-0	3-0-4-2-4-2-3-2-4-2-2-4	0-2-1-3-4-2-4-3-2-5-4-2	5-2-0-3-8-4-5-3-0-2-2-4	1-4-2-0-0-4-4-0-7-3-7-7
245	4	4-4-3-4-5-5-4-3-4-4-4-2	4-3-5-2-2-4-2-3-5-5-5-5	3-4-5-2-2-2-5-6-5-3-5-5	2-5-5-2-2-2-4-2-5-4-3-2	2-0-2-5-2-3-5-4-5-3-1-2	2-5-3-5-5-2-5-3-4-4-3-3	3-3-5-4-2-3-5-5-4-3-5-5	4-5-3-3-2-4-8-5-4-5-0-4	1-0-5-2-4-5-4-3-3-8-3-3	7-2-4-5-5-2-3-4-3-4-5-2	8-2-4-3-0-3-3-5-0-2-2-3	4-3-2-4-5-3-3-0-0-2-4-3
245	5	5-5-6-6-4-4-5-7-5-5-5-6	5-4-4-2-2-4-6-4-6-4-6-4	5-6-7-2-2-7-4-6-7-2-4-4	6-7-4-2-2-2-4-5-4-4-2-7	4-5-9-4-7-3-4-5-4-5-5-5	5-6-4-5-4-5-4-2-4-4-4-7	3-3-4-5-4-5-4-4-4-2-4-4	4-5-7-6-5-7-4-7-7-7-5-0	5-8-4-6-2-4-5-7-8-5-2-4	5-5-5-4-4-4-4-3-7-7-4-2	5-2-5-3-5-9-3-5-7-5-4-5	6-4-5-7-5-5-5-5-5-5-2-2
245	6	6-7-8-9-7-7-9-7-7-7-7-5	7-6-7-7-8-7-7-7-7-7-5-7	6-7-8-7-7-7-5-7-7-7-6-7	7-6-7-8-6-6-7-8-7-8-7-8	7-5-7-4-5-7-7-6-7-6-8-6	7-5-7-8-4-7-7-7-7-6-4-6	9-7-7-7-7-6-7-7-7-8-9-7	7-6-7-5-6-5-6-5-5-6-7-6	6-6-6-6-7-7-5-5-7-5-9-6	7-6-6-7-7-6-7-6-5-5-8-2	6-9-7-6-9-9-6-8-9-6-7-6	9-6-6-5-5-8-8-8-6-3-6-6
245	7	8-6-9-8-6-6-6-6-6-6-6-7	6-6-6-8-6-6-6-6-6-6-6-6	7-6-5-6-8-6-8-6-6-6-8-6	8-5-6-7-8-8-6-8-6-6-8-5	6-5-6-8-5-6-8-6-6-6-6-8	6-6-8-7-4-6-6-6-6-6-3-8	6-6-6-6-6-7-6-6-6-6-8-6	6-8-5-8-8-5-9-8-5-5-8-6	9-5-6-7-8-6-5-8-6-7-8-3	6-7-7-6-8-4-6-3-5-5-6-2	4-6-4-3-6-7-6-5-5-7-6-7	6-7-7-5-5-6-6-5-8-7-8-3
245	8	7-6-6-7-6-6-6-6-6-6-6-9	6-6-6-7-6-6-7-7-6-6-6-6	7-7-6-6-7-8-7-6-6-6-7-7	7-8-8-6-7-7-6-6-6-6-7-6	6-5-6-7-8-7-7-8-8-8-6-7	6-6-7-6-3-9-7-6-8-6-3-9	9-6-6-5-9-8-6-9-8-6-7-8	8-7-6-7-7-8-4-7-9-5-7-8	8-5-9-7-7-6-5-8-6-4-7-6	8-8-8-6-7-9-6-3-9-5-6-2	6-6-6-6-9-6-8-6-6-8-6-8	9-9-6-8-7-8-6-6-7-7-7-3
245	9	9-6-7-7-9-6-6-9-6-6-6-8	6-6-9-7-9-6-8-9-9-9-7-7	9-9-9-6-9-6-8-6-8-9-6-9	8-9-6-9-9-9-6-9-6-9-9-5	6-6-5-9-9-9-8-9-9-9-2-9	6-9-9-8-9-8-9-9-9-9-9-8	6-9-9-5-8-9-9-9-9-9-6-6	9-7-7-8-9-8-7-7-8-5-6-6	8-9-9-8-6-9-9-8-9-6-8-1	8-8-9-9-9-6-9-8-8-9-4-9	9-6-4-4-6-6-6-6-6-6-9-8	6-8-5-6-7-9-9-6-9-9-3-6
246	0	0-0-0-0-0-0-0-0-0-0-0-0	0-0-0-0-0-0-0-0-0-0-0-0	0-0-0-0-0-0-0-0-0-0-0-0	0-0-0-0-0-0-0-0-0-0-0-0	0-0-0-0-0-0-0-0-0-0-0-0	0-0-0-0-0-0-0-0-0-0-0-0	0-0-0-0-0-0-0-0-0-0-0-0	0-0-0-0-0-0-0-0-0-0-0-0	0-0-0-0-0-0-0-0-0-0-0-0	0-0-0-0-0-0-0-0-0-0-0-0	0-0-0-0-0-0-0-0-0-0-0-0	0-0-0-0-0-0-0-0-0-0-0-0
246	1	1-1-1-1-1-1-1-0-1-1-1-1	1-0-0-1-0-1-1-2-0-1-0-2	2-2-2-1-1-1-2-2-0-0-3-2	2-2-2-1-0-0-0-4-0-0-0-3	0-2-4-0-2-0-2-1-2-0-0-1	0-5-0-1-0-1-0-0-0-0-0-2	0-0-0-3-0-1-0-0-0-1-0-0	1-0-0-0-0-2-0-0-0-1-0-0	1-2-2-0-0-0-2-0-0-1-1-2	1-1-1-0-2-1-0-0-1-1-1-1	2-0-1-0-1-1-1-1-3-1-1-1	1-0-1-3-1-1-1-1-1-1-1-1
246	2	2-2-2-2-2-2-2-4-2-2-2-2	2-0-0-3-0-1-1-1-3-2-3-3	1-3-3-5-3-1-1-1-0-3-1-3	3-1-1-3-3-3-0-7-2-0-2-1	2-1-8-5-1-2-3-3-1-0-2-2	3-4-3-2-2-4-3-4-0-2-0-3	4-3-0-1-3-2-2-3-4-2-2-3	1-2-2-3-2-1-8-8-2-2-0-3	0-1-1-3-4-2-1-3-0-2-4-3	3-4-1-0-3-4-3-0-3-2-3-4	1-4-1-0-1-2-2-2-2-3-3-1	1-3-2-1-1-2-3-1-2-2-2-4
246	3	3-3-3-3-3-3-3-3-3-2-2-3	2-4-4-2-4-2-2-2-2-3-2-4	4-2-2-2-2-5-4-4-0-2-4-4	2-3-1-2-2-2-5-2-4-5-4-1	2-1-1-3-2-2-4-2-4-3-2-2	2-2-4-3-3-2-4-3-3-3-6-5	2-2-3-1-2-3-4-2-5-3-3-2	3-3-2-2-2-4-5-2-2-4-7-3	0-3-4-2-3-2-3-2-5-3-2-3	2-2-3-0-2-2-2-3-2-3-8-2	1-2-1-3-1-2-3-3-1-2-4-3	3-2-1-4-3-8-2-3-3-5-3-3
246	4	5-3-4-5-3-3-4-4-4-4-4-5	4-3-3-4-5-5-4-4-5-6-5-5	4-5-7-2-4-7-3-5-5-2-3-3	5-4-6-5-2-2-6-1-3-4-3-1	2-5-1-7-5-3-5-4-3-3-4-8	0-2-3-4-7-2-3-2-3-3-0-4	2-2-2-1-4-5-3-0-3-2-6-3	3-2-6-3-3-6-4-3-5-3-4-5	5-5-5-2-2-4-4-5-7-4-2-4	6-8-5-0-3-2-0-3-5-5-5-2	5-2-6-3-6-6-5-5-5-2-3-4	3-2-6-3-6-4-2-5-6-3-6-2
246	5	6-5-4-4-3-5-4-5-5-4-4-4	4-3-3-6-4-6-8-6-4-4-4-4	4-6-6-2-6-8-6-7-4-6-6-6	6-4-6-7-6-7-4-7-3-6-5-1	7-4-1-5-4-2-6-6-5-5-7-2	6-6-6-5-4-2-6-7-3-3-0-3	6-5-3-1-6-4-5-6-3-3-6-6	5-6-4-6-7-4-3-7-4-3-8-4	4-4-6-6-7-4-4-6-3-5-5-6	4-6-4-6-4-7-6-3-4-4-7-2	4-5-4-3-8-4-4-4-4-5-6-5	1-7-4-7-4-4-5-4-7-3-5-6
246	6	5-6-5-8-6-6-6-6-6-4-6-4	4-7-6-5-5-5-4-7-4-4-5-4	7-5-5-2-5-5-7-5-4-5-7-5	5-6-4-5-5-5-4-2-7-7-5-4	6-4-1-4-4-7-7-5-6-6-5-5	5-5-5-5-4-2-5-6-6-6-7-6	5-5-7-1-5-8-7-5-6-6-4-5	6-7-4-7-6-4-3-0-6-6-7-8	6-4-5-5-6-4-4-5-3-3-5-3	4-5-6-8-7-5-5-5-5-4-5-3	6-5-4-3-4-4-4-4-4-5-5-6	6-5-4-5-4-4-5-4-6-5-6-7
246	7	8-8-5-8-6-8-8-8-8-7-4-4	8-6-6-5-6-8-8-6-4-7-8-4	4-5-4-5-5-5-6-5-8-7-6-5	5-5-7-5-5-5-8-2-6-6-6-1	5-4-7-4-1-6-6-5-6-7-5-7	8-6-5-5-4-2-6-6-7-7-6-7	8-5-6-1-8-7-6-8-7-6-8-5	7-7-2-6-5-8-3-5-8-3-6-4	7-7-7-7-5-8-4-4-4-5-5-4	8-5-7-6-7-5-7-3-8-4-5-2	4-7-4-3-8-8-4-3-7-7-7-7	1-5-7-5-7-6-7-4-5-2-5-6
246	8	8-7-8-6-8-7-7-8-7-4-7-4	7-8-8-5-8-7-7-8-8-8-7-8	8-8-8-8-8-5-7-6-7-8-8-8	7-8-7-8-8-8-7-8-3-8-8-4	5-4-8-8-8-6-7-8-8-8-5-8	7-8-8-5-8-8-8-8-8-8-8-8	7-8-8-8-7-8-8-8-8-8-7-7	8-7-2-7-8-7-7-2-7-7-3-6	7-7-8-8-2-7-8-4-8-3-5-0	7-4-8-8-8-5-8-7-7-8-3-8	4-8-6-6-7-7-4-4-4-7-8-8	8-5-7-3-6-8-8-4-8-8-2-8
247	0	0-0-0-0-0-0-0-0-0-0-0-0	0-0-0-0-0-0-0-0-0-0-0-0	0-0-0-0-0-0-0-0-0-0-0-0	0-0-0-0-0-0-0-0-0-0-0-0	0-0-0-0-0-0-0-0-0-0-0-0	0-0-0-0-0-0-0-0-0-0-0-0	0-0-0-0-0-0-0-0-0-0-0-0	0-0-0-0-0-0-0-0-0-0-0-0	0-0-0-0-0-0-0-0-0-0-0-0	0-0-0-0-0-0-0-0-0-0-0-0	0-0-0-0-0-0-0-0-0-0-0-0	0-0-0-0-0-0-0-0-0-0-0-0
247	1	1-1-1-1-1-1-1-2-1-1-1-1	2-2-1-0-2-2-3-2-1-2-0-2	1-2-2-2-2-2-2-2-2-2-2-2	2-1-2-2-1-2-2-1-1-2-1-2	2-1-1-2-1-1-2-1-2-2-3-1	2-2-2-2-2-2-2-2-1-1-1-2	1-1-1-1-2-1-1-2-2-1-1-1	1-1-2-1-1-2-1-2-1-1-5-1	1-3-2-1-1-1-2-2-2-1-1-2	3-1-2-2-1-1-2-1-2-2-2-1	2-8-3-2-2-2-2-1-2-1-2-2	2-1-1-1-1-2-1-2-3-1-1-1
247	2	1-1-1-1-1-1-1-1-1-1-1-1	1-1-1-5-1-1-1-1-1-1-3-1	1-4-1-1-1-1-1-1-1-3-1-3	3-0-1-1-3-3-1-2-3-1-2-1	1-1-3-1-1-3-3-3-1-1-1-4	1-1-3-1-1-1-3-1-1-1-0-1	3-1-1-1-3-1-2-3-1-1-0-3	1-2-1-3-3-1-8-8-3-1-5-0	2-0-1-3-5-1-1-3-1-2-3-1	1-3-1-1-3-2-1-1-3-1-1-2	1-2-0-1-1-1-1-1-1-1-3-1	1-3-2-1-1-1-3-1-2-2-2-1
247	3	1-3-1-1-6-1-1-1-1-1-1-1	1-5-3-2-1-1-1-2-1-1-2-2	1-2-4-1-2-2-4-4-1-2-4-2	2-4-3-1-2-2-1-2-2-2-4-1	3-1-2-2-2-4-4-2-4-1-1-2	4-1-2-1-3-2-2-2-3-3-5-3	4-2-1-4-2-3-4-2-1-4-5-2	4-2-4-2-2-1-6-1-2-4-0-1	1-1-2-2-3-1-4-2-1-4-2-3	1-2-1-4-2-2-2-1-2-1-1-4	1-2-8-4-1-1-1-3-4-1-2-1	1-2-2-1-1-1-2-0-1-4-6-3
247	4	4-8-5-4-4-5-5-4-5-4-5-6	5-3-5-2-1-1-4-4-4-5-2-5	4-5-3-4-5-5-4-5-5-5-3-4	5-3-5-6-2-2-4-4-5-5-5-1	2-5-5-6-5-5-3-5-5-5-1-2	3-8-3-3-4-2-5-7-4-4-7-3	3-2-4-3-2-3-7-3-4-3-5-2	5-4-3-3-2-1-7-4-4-7-4-5	4-1-5-2-6-7-4-5-7-3-3-7	5-2-8-5-5-2-5-4-3-1-5-3	5-8-8-5-8-5-5-5-1-1-5-1	1-2-4-6-5-1-2-5-1-3-3-6
247	5	5-5-6-5-4-6-8-5-6-6-5-5	4-3-4-2-6-7-6-6-6-4-6-6	5-6-6-7-7-6-6-7-6-4-4-6	6-6-6-7-5-6-6-7-4-4-4-6	2-7-6-7-6-4-6-4-4-4-6-5	5-6-7-7-6-8-4-1-6-4-3-5	6-4-4-7-5-6-4-5-4-8-5-7	4-4-6-4-2-6-8-2-6-8-6-8	6-5-6-2-7-5-5-4-4-5-8-6	4-2-7-4-4-6-4-6-6-5-6-2	4-2-4-4-4-6-5-7-6-8-4-5	7-8-8-7-4-6-6-4-2-3-2-5
247	6	5-5-8-7-3-5-5-5-5-5-5-4	5-3-4-7-5-5-5-5-5-5-5-5	5-7-5-7-7-8-7-5-5-7-4-5	7-5-5-5-7-7-5-2-7-4-7-5	7-5-7-4-5-6-7-6-4-6-5-7	7-5-3-5-5-5-7-8-5-4-3-6	7-7-3-5-5-5-7-5-1-6-7-5	5-7-5-7-7-5-3-7-7-6-7-5	5-5-5-7-8-5-7-7-1-7-7-5	8-7-5-5-7-5-5-5-5-5-5-2	5-2-4-8-7-5-5-7-5-5-2-7	5-5-6-5-1-5-5-0-7-5-7-7
247	7	5-5-6-5-7-5-5-5-5-5-5-8	4-6-5-6-5-5-5-5-5-5-5-5	8-6-5-6-6-7-6-5-8-6-7-6	6-7-7-5-6-6-8-5-6-4-6-8	6-5-6-5-7-6-8-6-7-7-1-6	8-4-5-5-7-5-6-4-7-7-3-6	6-6-3-5-8-7-4-5-7-7-6-5	7-6-6-6-6-7-4-6-6-4-6-7	7-7-5-6-5-6-6-6-4-6-6-4	7-7-7-6-6-2-7-5-1-5-6-2	5-7-4-4-4-8-7-6-5-7-1-7	5-8-7-7-7-1-7-1-6-2-6-6
247	8	8-4-6-5-8-8-5-8-7-5-5-7	4-8-8-6-8-8-5-8-8-8-6-7	8-7-8-7-8-6-7-7-7-8-4-8	7-8-5-8-8-8-7-8-7-4-6-7	6-5-8-8-7-8-7-8-8-8-5-5	7-4-8-5-8-5-6-8-8-8-8-8	7-8-8-8-7-8-8-8-8-8-5-6	8-8-4-7-8-7-5-2-2-5-6-5	7-8-5-7-6-8-8-7-4-6-5-3	6-6-8-8-8-2-8-7-5-8-6-8	8-1-3-6-4-5-7-6-5-5-8-8	5-5-5-7-7-8-8-8-8-8-6-8
248	0	0-0-0-0-0-0-0-0-0-0-0-0	0-0-0-0-0-0-0-0-0-0-0-0	0-0-0-0-0-0-0-0-0-0-0-0	0-0-0-0-0-0-0-0-0-0-0-0	0-0-0-0-0-0-0-0-0-0-0-0	0-0-0-0-0-0-0-0-0-0-0-0	0-0-0-0-0-0-0-0-0-0-0-0	0-0-0-0-0-0-0-0-0-0-0-0	0-0-0-0-0-0-0-0-0-0-0-0	0-0-0-0-0-0-0-0-0-0-0-0	0-0-0-0-0-0-0-0-0-0-0-0	0-0-0-0-0-0-0-0-0-0-0-0
248	1	1-1-0-1-1-1-1-1-1-0-1-1	0-2-1-0-0-0-0-2-0-0-0-1	1-0-0-0-1-0-2-0-0-0-2-1	0-0-0-0-0-0-0-0-2-1-2-0	0-0-0-0-0-2-2-0-2-0-0-0	0-0-0-0-0-0-2-0-2-1-2-0	2-1-2-0-2-1-0-2-1-5-0-0	0-1-0-0-1-0-0-0-0-1-0-0	0-0-0-0-3-0-0-2-1-0-1-1	0-0-2-0-0-0-0-1-0-0-0-1	2-0-0-0-1-0-0-0-0-0-1-1	0-1-0-0-0-0-0-0-0-0-3-0
248	2	2-1-2-3-1-1-2-2-2-2-2-3	3-1-1-3-3-1-3-4-0-3-0-3	3-3-0-4-3-3-3-3-0-4-1-3	3-3-2-2-4-3-3-6-3-2-4-3	5-0-2-3-3-3-3-3-1-0-0-3	2-3-4-5-3-5-3-3-1-1-4-3	3-1-1-0-3-0-2-3-0-4-5-3	0-5-4-3-3-0-5-4-4-1-4-0	2-0-3-4-4-0-0-3-1-3-4-2	2-4-1-0-3-2-1-1-3-0-0-4	1-2-0-0-0-2-0-0-4-3-3-2	0-4-2-0-0-2-3-0-2-2-2-4
248	3	2-3-4-2-3-3-3-3-3-3-2-2	2-4-4-2-2-3-2-3-0-2-2-5	2-2-0-2-2-2-2-5-5-2-4-4	2-2-4-2-2-2-6-2-4-4-3-2	2-0-2-2-2-2-4-2-3-3-0-2	2-2-5-0-5-2-4-2-4-3-8-3	2-2-4-8-2-3-2-2-3-5-2-2	5-4-0-2-2-0-6-2-2-5-0-0	4-0-2-2-3-0-8-2-4-2-5-3	0-2-1-3-2-2-0-4-2-4-4-2	1-2-8-3-4-2-0-0-2-2-2-1	0-2-2-0-0-5-2-0-0-4-6-6
248	4	5-3-5-6-3-3-4-6-5-5-4-5	5-3-3-2-2-5-5-2-5-5-5-6	7-5-6-2-2-5-5-3-3-2-3-3	5-5-5-2-2-5-3-4-3-3-2-5	2-6-5-7-5-2-5-5-3-4-6-5	5-5-2-8-3-4-5-2-1-3-2-5	5-4-3-5-5-4-3-5-3-2-8-2	4-2-5-5-2-5-3-2-2-4-6-4	6-0-5-5-2-5-4-5-3-5-2-4	4-2-1-5-5-2-5-3-5-5-5-2	5-2-4-3-3-8-7-7-5-2-5-4	4-5-5-5-4-4-5-4-5-7-3-2
248	5	5-5-4-5-5-5-5-5-4-4-5-4	4-6-5-2-5-4-4-6-4-4-4-5	4-4-4-4-2-4-6-3-6-6-6-5	4-4-4-2-2-4-6-4-6-6-6-4	5-4-4-2-4-5-6-4-3-6-4-4	4-4-3-6-3-2-6-5-5-5-3-4	4-5-5-4-4-5-6-4-6-3-2-5	5-2-4-4-5-4-2-6-2-4-4-0	5-4-4-4-5-6-4-4-6-4-3-4	4-2-5-4-4-2-4-6-4-4-4-2	4-3-4-3-8-4-4-0-4-2-4-6	7-4-4-4-0-4-4-0-0-4-5-7
248	6	6-8-8-6-5-7-8-4-8-6-6-6	6-5-5-7-7-4-7-7-7-5-7-8	6-7-4-2-7-8-7-5-7-7-5-6	7-4-5-6-7-7-5-7-7-5-7-4	6-4-5-7-4-7-7-6-6-6-7-7	7-8-7-5-6-7-7-7-5-5-3-7	7-6-5-4-7-6-5-7-5-3-7-6	5-7-4-7-7-4-8-8-2-6-7-0	8-0-4-7-7-6-0-7-5-7-7-4	8-7-5-3-4-7-7-5-4-0-4-2	8-2-0-3-7-4-4-0-4-7-4-6	0-7-4-4-7-7-7-0-7-6-8-3
248	7	6-8-6-6-5-8-8-8-8-6-6-8	8-5-5-6-6-8-6-6-6-5-6-6	4-6-8-8-6-6-6-7-6-6-6-6	6-7-4-6-6-6-8-6-6-6-6-4	6-4-4-4-7-6-8-6-7-7-6-6	8-7-6-8-7-6-6-6-7-7-3-6	8-8-3-4-8-7-8-6-7-7-6-6	7-6-4-6-6-7-3-6-7-5-6-7	7-7-5-7-6-7-7-6-5-6-6-4	7-6-7-0-7-6-6-8-7-7-7-2	4-7-3-3-6-4-4-4-7-7-7-7	8-8-7-4-7-7-6-4-6-4-6-6
248	8	8-7-6-6-8-7-7-8-7-6-6-7	7-5-8-6-8-8-6-6-8-8-6-6	8-8-8-7-7-8-8-7-6-8-7-8	6-8-8-8-8-8-7-8-7-8-6-7	6-4-8-8-8-7-7-8-8-8-6-6	7-8-8-7-8-8-7-8-8-8-8-7	7-8-8-8-7-8-7-6-8-8-4-8	8-8-6-7-8-7-6-6-2-5-6-8	6-8-8-7-6-8-8-7-8-6-6-6	6-8-8-8-8-6-8-7-7-8-7-8	6-8-3-7-5-4-7-7-5-8-8-8	7-7-4-4-7-8-8-0-8-8-6-8
249	0	0-0-0-0-0-0-0-0-0-0-0-0	0-0-0-0-0-0-0-0-0-0-0-0	0-0-0-0-0-0-0-0-0-0-0-0	0-0-0-0-0-0-0-0-0-0-0-0	0-0-0-0-0-0-0-0-0-0-0-0	0-0-0-0-0-0-0-0-0-0-0-0	0-0-0-0-0-0-0-0-0-0-0-0	0-0-0-0-0-0-0-0-0-0-0-0	0-0-0-0-0-0-0-0-0-0-0-0	0-0-0-0-0-0-0-0-0-0-0-0	0-0-0-0-0-0-0-0-0-0-0-0	0-0-0-0-0-0-0-0-0-0-0-0
249	1	1-1-1-1-1-1-1-1-1-1-1-1	1-0-1-2-0-0-0-2-0-1-2-0	0-2-0-3-2-0-2-0-0-2-2-2	2-0-0-2-2-2-0-1-2-0-1-0	1-0-2-0-2-2-2-2-1-1-2-2	2-3-2-0-0-5-2-3-1-1-3-3	3-1-1-0-2-1-1-2-1-3-0-2	3-4-1-2-3-0-1-8-1-0-0-0	0-0-2-3-3-2-0-2-2-1-3-1	0-3-1-0-2-3-2-1-2-0-0-3	3-3-0-0-0-1-0-0-0-1-1-1	0-2-1-4-0-3-1-0-3-2-1-3
249	2	2-2-2-2-2-2-2-2-2-2-2-2	1-3-2-1-0-3-0-3-3-1-1-3	3-2-3-1-1-1-3-0-3-3-3-1	1-0-2-1-1-1-2-1-1-2-3-0	2-0-4-1-1-1-3-1-2-2-1-1	1-1-4-0-2-1-3-2-2-2-2-2	4-1-3-2-1-2-4-1-2-2-0-1	2-3-3-1-2-3-5-3-2-4-2-3	2-0-1-1-4-1-0-1-3-2-2-2	0-1-2-2-3-1-1-2-1-3-0-1	0-4-2-3-7-0-0-0-0-1-1-2	0-1-0-3-0-7-1-0-1-5-1-2
249	3	4-3-4-4-2-3-3-3-3-3-3-4	4-2-2-4-2-2-4-2-4-4-4-4	5-4-5-1-3-4-4-5-2-4-2-4	4-4-4-4-1-4-4-1-2-4-2-3	1-5-3-3-6-3-4-4-3-5-4-8	2-1-2-3-5-1-4-1-2-2-1-1	1-1-2-4-4-3-1-4-3-1-4-1	5-1-2-2-2-4-1-2-4-3-4-6	4-5-2-1-1-7-4-4-2-3-1-2	4-1-3-2-4-1-2-2-4-5-3-1	4-1-4-2-2-4-4-4-4-1-2-4	3-4-4-2-4-4-1-7-6-4-1-1
249	4	4-5-3-3-2-4-4-4-3-4-3-3	3-5-5-3-3-3-3-5-3-3-3-3	2-3-3-3-5-3-5-3-6-3-5-3	3-3-3-3-1-3-3-1-5-3-5-3	1-3-2-3-3-5-5-3-5-1-3-2	5-3-2-3-3-3-5-1-4-4-2-4	2-5-7-3-3-4-2-3-4-2-3-1	4-1-1-3-4-3-6-5-3-2-3-3	4-0-3-3-2-4-3-7-6-4-1-4	3-1-4-3-3-1-5-4-3-3-3-1	3-2-3-5-8-3-3-3-3-2-3-3	3-3-3-8-3-3-1-3-3-3-4-6
249	5	5-4-6-5-5-4-5-5-5-5-5-6	5-4-4-7-6-6-6-7-6-6-6-6	3-6-6-8-6-8-6-6-6-6-4-4	6-3-6-6-7-7-6-7-4-6-5-3	7-3-5-5-7-5-6-6-5-5-6-6	6-6-6-7-3-1-6-6-4-2-2-6	6-4-4-5-6-7-5-6-4-4-7-5	3-5-3-6-7-3-2-7-6-6-7-3	8-7-7-6-5-3-3-6-6-6-5-6	3-5-5-6-0-6-6-2-6-3-6-1	3-5-6-4-3-5-3-3-0-7-6-7	3-7-6-7-7-3-6-3-5-6-5-6
249	6	5-8-5-8-5-6-5-4-6-5-7-5	5-4-7-5-5-7-5-5-5-5-5-5	0-5-5-6-5-5-7-5-5-7-7-5	5-3-5-5-5-5-5-1-7-7-7-5	5-3-5-7-5-7-7-5-7-6-5-5	5-5-7-7-6-1-7-5-6-6-2-5	5-4-4-5-5-6-7-7-6-7-5-5	6-7-8-7-5-3-4-6-5-6-5-3	6-3-5-7-6-3-7-5-7-5-7-5	3-5-6-5-7-5-7-2-5-7-5-1	3-5-7-6-0-3-0-3-5-5-5-6	7-7-3-5-0-0-5-3-3-5-6-4
249	7	5-6-5-7-6-8-8-8-8-7-7-8	8-6-6-5-7-6-5-5-8-7-5-8	3-5-8-8-5-5-6-5-5-6-6-8	5-7-5-5-5-5-8-5-6-6-6-8	5-3-5-6-5-6-6-7-6-7-5-3	8-5-6-5-7-8-6-5-7-7-2-5	8-1-4-5-5-7-6-6-7-6-5-5	7-6-3-6-5-3-8-5-5-6-5-3	5-7-5-6-7-3-7-4-8-7-6-1	3-5-5-8-6-5-6-6-6-6-7-1	3-7-6-2-2-7-3-5-0-5-7-5	6-5-8-5-5-2-5-3-5-3-5-6
249	8	8-6-5-6-8-7-7-8-7-5-7-7	7-6-8-5-8-8-5-8-8-8-5-7	8-8-8-5-8-5-8-7-8-8-7-8	7-8-8-8-8-8-7-8-7-8-8-7	8-3-8-8-8-6-7-8-8-8-1-8	7-8-8-7-8-7-7-8-8-8-8-7	7-8-8-8-8-8-8-8-8-8-5-5	8-6-6-7-8-8-7-1-5-6-5-8	5-7-8-8-5-8-8-5-7-7-6-2	3-5-6-7-8-1-8-5-7-8-3-8	3-8-6-6-4-3-3-3-3-8-8-8	8-4-7-4-0-8-8-8-3-8-5-8
250	0	0-0-0-0-0-0-0-0-0-0-0-0	0-0-0-0-0-0-0-0-0-0-0-0	0-0-0-0-0-0-0-0-0-0-0-0	0-0-0-0-0-0-0-0-0-0-0-0	0-0-0-0-0-0-0-0-0-0-0-0	0-0-0-0-0-0-0-0-0-0-0-0	0-0-0-0-0-0-0-0-0-0-0-0	0-0-0-0-0-0-0-0-0-0-0-0	0-0-0-0-0-0-0-0-0-0-0-0	0-0-0-0-0-0-0-0-0-0-0-0	0-0-0-0-0-0-0-0-0-0-0-0	0-0-0-0-0-0-0-0-0-0-0-0
250	1	1-0-1-1-1-1-1-0-1-1-1-1	2-0-0-2-0-0-0-2-2-1-2-0	0-3-0-0-2-0-2-2-0-2-2-2	2-0-0-3-3-2-0-5-1-0-2-0	3-0-2-0-0-1-2-2-0-3-0-2	2-3-2-0-0-2-2-2-1-0-0-3	2-1-1-0-2-0-1-2-0-1-2-2	0-1-1-2-2-0-1-7-2-0-0-0	4-0-2-2-4-2-0-2-0-1-1-3	0-2-0-0-2-1-2-1-2-0-0-4	2-1-0-0-0-1-0-0-0-1-2-4	1-1-1-2-0-2-2-0-4-2-1-1
250	2	2-2-2-2-2-2-2-2-2-2-2-2	1-2-2-1-0-2-0-2-1-2-1-3	4-1-2-3-1-1-3-4-3-1-3-1	1-0-2-1-1-1-3-1-3-2-3-0	1-0-1-0-1-3-3-1-3-2-5-1	1-1-3-0-2-1-1-1-2-2-5-1	4-1-2-0-1-2-2-1-2-2-1-1	2-1-1-3-1-0-5-1-1-3-0-0	2-0-3-1-2-1-3-1-3-2-1-3	0-1-2-3-1-3-1-4-3-2-0-1	1-1-3-2-3-1-0-0-0-1-1-2	1-1-1-1-3-4-1-0-5-1-5-5
250	3	3-4-4-3-3-3-3-2-3-3-3-3	1-4-4-1-4-3-0-4-3-3-1-4	4-3-5-2-4-5-4-5-4-4-4-4	1-4-4-1-1-1-5-1-4-4-2-0	1-0-1-5-1-2-4-3-4-1-0-1	1-1-2-0-5-1-4-1-3-3-3-1	2-1-3-0-4-2-4-4-3-2-4-3	0-1-1-2-1-7-4-4-1-2-0-0	2-0-2-1-5-2-2-7-2-3-3-2	0-1-3-2-4-2-4-3-2-0-4-1	1-3-2-3-2-1-0-2-0-1-4-3	5-1-1-1-2-6-1-0-0-5-3-0
250	4	4-3-3-5-3-3-3-5-4-4-3-4	4-3-3-1-3-4-5-3-3-5-5-5	3-5-5-1-3-4-3-5-3-5-3-3	5-5-3-5-1-1-5-1-3-3-3-4	1-5-7-3-5-2-5-4-4-4-5-7	3-5-2-0-3-1-5-1-2-3-3-5	2-1-3-4-5-5-3-3-3-7-3-5	5-2-1-2-1-5-2-3-4-2-4-0	5-6-5-2-1-1-5-5-3-4-1-1	4-1-6-3-3-2-3-3-5-5-3-1	4-1-4-3-5-7-5-4-4-1-3-5	7-1-4-4-4-2-2-6-1-2-1-1
250	5	5-5-7-7-5-5-5-5-5-7-5-5	4-3-3-6-6-6-6-7-6-4-4-6	5-6-6-7-6-4-6-6-6-6-6-6	6-6-4-6-6-6-3-1-6-4-6-5	6-4-5-3-4-5-6-6-3-5-7-6	5-5-6-5-3-4-6-6-2-3-2-4	5-5-3-4-4-4-3-6-5-5-5-6	4-6-5-6-6-4-2-6-4-5-6-0	4-0-4-6-7-5-4-6-4-3-6-6	6-5-4-4-6-7-6-5-4-4-6-6	6-5-6-6-7-5-4-4-4-6-6-6	3-6-1-4-6-6-5-0-5-3-6-2
250	6	5-7-5-5-5-7-7-5-7-6-6-7	4-3-3-5-6-5-5-5-5-4-5-5	7-5-5-5-5-4-5-5-5-5-5-5	5-6-6-5-5-5-7-5-5-3-5-7	5-4-5-5-6-5-7-5-6-6-5-5	5-5-5-7-6-7-5-5-6-6-2-5	7-5-3-4-5-6-6-5-6-6-5-5	6-5-5-5-5-6-2-5-5-6-5-6	6-4-4-5-5-5-6-5-7-6-5-5	5-5-4-7-5-2-5-7-6-6-5-5	5-6-5-6-6-6-6-4-4-5-5-5	3-5-5-6-6-3-5-4-5-6-5-5
250	7	7-6-5-5-7-6-6-7-6-5-5-6	4-7-7-5-7-5-5-5-5-7-5-6	7-7-7-5-7-7-7-6-7-7-6-7	5-7-7-7-7-7-6-7-7-7-7-6	5-5-4-7-7-7-6-7-7-7-5-7	6-7-7-6-7-6-7-7-7-7-7-6	6-7-7-7-7-7-7-7-7-7-7-5	7-7-5-6-7-5-5-5-6-6-5-7	5-7-7-7-5-7-7-3-7-6-5-5	5-5-4-7-7-5-5-6-6-7-6-7	7-5-6-3-5-4-6-5-7-7-7-7	7-6-7-3-6-7-7-7-7-7-5-7
251	0	0-0-0-0-0-0-0-0-0-0-0-0	0-0-0-0-0-0-0-0-0-0-0-0	0-0-0-0-0-0-0-0-0-0-0-0	0-0-0-0-0-0-0-0-0-0-0-0	0-0-0-0-0-0-0-0-0-0-0-0	0-0-0-0-0-0-0-0-0-0-0-0	0-0-0-0-0-0-0-0-0-0-0-0	0-0-0-0-0-0-0-0-0-0-0-0	0-0-0-0-0-0-0-0-0-0-0-0	0-0-0-0-0-0-0-0-0-0-0-0	0-0-0-0-0-0-0-0-0-0-0-0	0-0-0-0-0-0-0-0-0-0-0-0
251	1	1-1-1-1-1-1-1-1-1-1-1-1	0-2-1-0-2-2-0-2-0-1-0-0	0-0-0-1-0-2-2-3-0-0-2-2	0-0-0-0-0-0-0-0-2-2-2-1	1-0-1-0-0-1-2-0-1-0-0-0	4-2-0-0-0-0-2-0-2-1-4-2	2-2-1-0-0-1-0-0-1-1-2-0	4-1-0-2-1-0-1-0-0-1-0-0	1-0-0-0-1-0-1-2-0-1-0-1	0-1-0-0-0-0-0-1-0-0-0-1	4-0-0-2-3-0-0-0-4-0-0-1	1-1-0-1-0-0-0-0-0-0-1-1
251	2	2-1-3-1-1-1-2-1-2-2-2-1	3-1-1-2-1-1-3-1-0-3-3-3	0-3-3-4-3-3-3-1-3-3-3-1	3-0-2-4-3-3-3-4-3-1-4-3	3-0-2-3-0-3-3-3-2-2-4-3	3-3-3-2-2-3-3-4-1-1-0-3	1-1-1-0-3-0-3-3-1-4-6-3	1-4-2-3-2-0-7-2-2-0-2-0	0-0-3-4-4-3-0-3-4-2-4-2	0-3-0-1-3-4-3-2-3-0-0-4	0-2-0-1-1-2-0-0-6-2-3-2	0-3-2-3-0-2-4-0-4-0-2-4
251	3	3-3-2-3-3-3-3-3-3-3-4-4	2-6-4-2-1-3-2-4-4-2-4-2	4-2-5-2-2-2-4-1-4-2-4-2	2-3-4-2-2-2-5-2-4-5-2-2	2-0-4-2-3-2-4-2-3-3-2-2	2-2-5-2-3-2-4-3-3-3-6-3	6-2-3-4-2-3-4-2-3-5-0-2	3-2-4-2-2-4-5-2-2-0-2-0	3-0-2-2-3-2-6-4-5-5-2-3	0-2-5-3-2-2-2-3-2-4-0-2	0-3-7-4-1-4-0-0-0-2-2-3	1-2-0-2-0-3-2-0-6-4-5-5
251	4	4-3-5-6-4-4-4-6-5-7-3-7	4-3-3-5-5-3-5-5-5-4-5-5	5-5-6-2-2-4-3-4-3-5-3-4	5-4-3-5-2-2-5-2-3-1-2-7	2-6-3-6-4-3-5-5-4-4-6-2	1-5-3-6-4-5-3-2-1-3-1-6	5-1-3-5-4-4-3-4-4-2-5-5	4-2-5-3-2-5-3-2-5-4-5-5	5-5-6-2-2-5-5-5-3-4-2-4	5-5-3-3-5-2-0-2-5-5-5-2	5-2-4-3-5-5-5-5-5-2-4-4	0-2-4-5-5-4-2-4-7-5-3-2
251	5	6-4-6-7-3-5-7-6-4-5-4-5	5-3-3-4-4-6-4-4-4-6-4-4	4-6-6-6-6-6-6-6-6-6-6-6	4-4-4-4-6-6-4-2-6-6-6-4	6-4-4-4-4-5-6-6-4-5-2-6	6-4-3-4-5-6-6-6-5-5-3-5	4-6-6-4-4-5-4-6-5-3-4-6	6-5-4-6-6-4-3-6-4-4-6-4	4-4-4-6-7-4-4-4-3-6-6-5	4-4-7-6-6-6-0-3-4-4-4-6	4-6-4-3-4-4-4-4-4-5-6-4	0-6-4-6-4-6-5-4-3-4-6-6
251	6	5-7-5-4-6-7-5-4-7-6-6-7	5-3-3-4-4-7-4-5-7-6-5-7	4-5-4-5-5-6-5-7-7-5-5-5	6-6-6-4-5-5-4-5-5-6-5-4	5-4-5-4-6-6-7-6-6-6-4-5	5-7-7-7-6-5-5-5-6-6-3-7	7-5-5-6-6-6-5-5-6-3-5-5	6-5-4-5-5-6-3-5-6-4-5-4	6-4-4-5-5-6-4-6-4-5-5-6	7-5-3-5-5-7-0-7-7-4-4-5	4-5-4-3-7-7-4-6-6-7-5-4	7-7-6-5-6-6-2-6-3-4-5-5
251	7	7-6-5-5-7-7-5-7-6-4-6-6	5-7-7-4-7-7-4-7-6-7-5-6	4-7-7-5-7-6-6-6-6-7-7-7	6-7-7-7-7-7-4-7-6-7-5-4	5-4-7-7-6-7-6-7-7-7-6-7	6-7-7-6-7-7-7-7-7-7-7-7	6-7-7-7-5-7-7-7-7-7-4-7	7-7-5-6-7-6-2-5-5-4-6-4	4-4-2-7-5-7-4-6-7-5-5-5	4-4-7-7-7-6-7-6-6-7-4-7	4-7-3-7-6-6-4-4-4-6-7-7	7-6-7-7-6-7-7-7-7-7-5-7
252	0	0-0-0-0-0-0-0-0-0-0-0-0	0-0-0-0-0-0-0-0-0-0-0-0	0-0-0-0-0-0-0-0-0-0-0-0	0-0-0-0-0-0-0-0-0-0-0-0	0-0-0-0-0-0-0-0-0-0-0-0	0-0-0-0-0-0-0-0-0-0-0-0	0-0-0-0-0-0-0-0-0-0-0-0	0-0-0-0-0-0-0-0-0-0-0-0	0-0-0-0-0-0-0-0-0-0-0-0	0-0-0-0-0-0-0-0-0-0-0-0	0-0-0-0-0-0-0-0-0-0-0-0	0-0-0-0-0-0-0-0-0-0-0-0
252	1	1-1-1-1-1-1-1-1-1-0-1-1	1-0-0-1-0-1-0-2-0-1-1-0	0-3-0-0-2-2-2-0-0-3-1-2	2-0-0-2-3-2-0-2-2-0-1-0	5-0-1-0-2-2-2-2-1-1-0-2	2-0-2-0-0-3-2-4-1-1-3-1	3-1-1-0-2-0-1-2-1-1-0-2	3-3-3-2-3-0-1-8-1-0-0-0	0-0-2-3-3-0-0-3-4-1-1-1	0-3-1-0-2-3-0-1-2-3-0-3	3-1-0-0-0-0-0-0-0-1-1-3	0-2-1-3-0-0-3-0-3-0-1-3
252	2	2-2-2-2-2-2-2-2-2-2-2-3	1-3-3-1-2-3-0-3-3-2-1-3	4-1-2-2-1-1-3-4-4-4-3-1	1-0-3-1-1-1-3-1-1-2-3-0	2-0-3-3-1-1-3-1-3-2-0-1	3-0-4-0-3-1-3-1-2-2-5-5	5-1-2-5-1-2-2-1-2-2-5-1	2-2-8-4-4-3-2-3-2-0-5-0	4-0-1-5-2-5-5-1-3-2-1-2	0-1-2-1-1-1-2-5-1-2-0-1	3-1-8-3-5-0-0-3-3-1-1-2	0-1-0-3-0-3-2-0-5-4-1-1
252	3	5-2-4-2-4-3-3-2-3-3-4-2	1-2-2-1-4-2-4-2-4-3-4-5	3-4-7-1-3-4-4-5-4-4-2-4	4-3-4-4-1-1-2-3-2-2-4-4	1-4-2-2-4-2-4-4-2-2-4-3	4-0-2-3-4-1-2-1-2-2-1-1	4-1-2-0-4-0-4-4-3-1-1-2	6-1-1-2-1-4-2-2-2-3-3-4	3-8-5-1-1-4-3-4-5-3-1-2	6-1-2-4-4-1-2-2-4-4-4-1	4-1-3-2-6-4-5-2-4-4-2-4	3-1-3-4-4-5-1-3-6-7-1-1
252	4	4-5-3-4-3-4-4-4-4-4-4-3	4-5-5-3-3-5-3-5-3-4-3-3	2-3-3-1-1-3-3-2-3-6-5-3	3-3-3-3-1-3-5-3-5-7-3-3	1-3-3-3-3-2-5-3-3-5-5-1	3-0-2-3-3-1-5-1-4-4-2-4	3-1-2-4-3-4-3-3-4-2-8-2	4-4-1-2-2-3-3-2-2-4-4-3	4-0-7-3-4-5-3-3-1-3-5-2	3-1-2-3-3-1-6-4-3-3-3-1	3-1-6-6-2-3-3-2-3-3-6-6	3-5-3-5-3-7-4-3-3-3-4-1
252	5	6-4-6-8-5-4-5-7-5-5-5-6	5-4-4-7-5-4-7-6-6-6-6-6	0-6-6-7-7-7-6-6-7-6-4-7	6-7-6-7-7-7-4-5-6-4-6-0	7-3-6-7-3-7-6-6-5-5-6-7	6-6-7-5-3-3-6-5-4-2-2-7	2-6-2-5-6-5-3-6-4-2-7-6	5-6-7-6-7-3-8-7-7-3-7-3	3-0-8-6-7-4-2-4-3-4-7-2	7-7-4-6-6-8-6-2-6-3-7-1	7-5-0-2-8-3-3-3-7-7-2-5	6-6-5-7-3-3-6-3-5-3-5-1
252	6	5-8-5-5-5-6-6-6-5-5-5-5	5-7-7-5-5-7-5-5-5-5-5-5	0-5-5-5-5-5-5-5-5-5-7-5	5-3-5-5-5-5-7-5-5-4-5-3	5-6-5-7-3-6-7-5-7-6-5-5	5-5-5-7-3-1-5-5-6-6-6-6	5-5-6-8-5-6-6-7-6-6-5-5	3-5-8-5-5-3-2-5-5-6-7-3	3-0-5-5-6-6-7-5-7-6-5-3	3-5-6-5-7-5-5-7-5-7-5-1	7-1-4-2-3-3-3-0-3-5-4-6	7-5-3-5-7-3-5-3-3-3-7-5
252	7	5-6-5-7-5-8-8-8-7-7-5-8	8-6-6-5-7-6-5-5-5-5-5-5	3-5-3-5-5-5-6-8-5-7-6-5	5-7-5-5-5-5-8-5-5-4-5-8	5-7-5-6-5-6-8-5-6-7-5-5	5-5-5-8-7-8-8-5-7-7-2-8	8-8-6-7-5-7-6-8-7-6-5-5	7-5-5-6-5-3-2-5-5-3-5-3	7-7-4-5-5-4-6-1-8-7-5-3	5-5-6-8-6-7-5-6-8-6-7-1	5-7-6-2-7-3-3-2-5-5-4-7	6-8-7-5-7-4-5-3-6-3-6-1
252	8	8-6-5-5-8-7-7-8-7-7-5-7	7-6-8-5-8-8-5-5-8-8-5-7	8-8-8-7-8-8-4-7-8-8-7-8	7-8-8-8-8-8-7-8-7-8-8-7	5-8-8-8-8-7-7-8-8-8-5-8	5-8-8-7-8-7-7-8-8-8-8-7	7-8-8-8-4-8-8-7-8-8-4-8	8-6-8-6-8-3-5-5-5-3-3-8	7-7-8-7-5-8-8-3-7-8-5-8	5-3-6-7-8-5-8-7-7-8-3-8	6-8-2-7-5-7-7-3-3-8-8-8	8-7-7-6-6-8-8-3-8-8-5-8
253	0	0-0-0-0-0-0-0-0-0-0-0-0	0-0-0-0-0-0-0-0-0-0-0-0	0-0-0-0-0-0-0-0-0-0-0-0	0-0-0-0-0-0-0-0-0-0-0-0	0-0-0-0-0-0-0-0-0-0-0-0	0-0-0-0-0-0-0-0-0-0-0-0	0-0-0-0-0-0-0-0-0-0-0-0	0-0-0-0-0-0-0-0-0-0-0-0	0-0-0-0-0-0-0-0-0-0-0-0	0-0-0-0-0-0-0-0-0-0-0-0	0-0-0-0-0-0-0-0-0-0-0-0	0-0-0-0-0-0-0-0-0-0-0-0
253	1	1-1-1-1-1-1-1-1-1-1-1-1	1-2-1-0-0-2-0-1-1-1-0-1	1-0-0-1-2-0-2-3-0-2-2-2	2-2-2-0-1-0-0-1-2-2-2-0	1-0-0-0-1-2-0-0-2-2-1-0	0-0-0-0-0-0-2-0-2-1-0-2	0-1-1-0-0-1-0-4-1-1-2-1	1-1-0-0-1-0-6-1-0-1-0-0	0-0-0-0-0-0-0-5-3-5-1-0	0-0-0-0-1-0-0-1-0-0-0-1	2-1-4-0-1-0-0-1-2-0-2-1	0-1-0-0-2-1-1-0-0-1-0-1
253	2	2-2-3-2-2-1-2-2-3-2-2-3	3-1-1-3-3-3-3-2-3-3-4-3	2-3-3-4-3-3-3-2-3-3-3-3	4-3-1-3-4-3-3-4-1-1-3-2	3-0-3-3-4-1-3-3-2-1-4-3	2-4-3-2-2-3-3-3-1-2-0-4	3-4-1-0-3-0-3-3-2-3-8-3	5-4-5-3-3-2-1-5-3-2-3-1	0-0-3-3-5-2-0-3-1-4-5-3	1-5-9-1-3-5-3-2-3-3-3-5	1-2-0-2-3-3-1-1-1-3-3-2	1-3-4-3-3-0-3-0-8-5-2-2
253	3	3-3-2-3-3-2-2-3-2-2-2-2	2-3-3-2-4-4-2-4-2-2-2-2	4-2-2-2-2-2-4-6-2-2-4-2	2-2-2-2-2-2-2-2-4-3-4-0	2-0-2-2-2-4-4-2-3-3-2-2	2-2-2-2-3-2-4-2-1-3-7-2	2-1-3-0-2-3-2-2-3-3-5-2	3-2-2-4-2-2-7-2-2-4-2-3	3-0-4-2-3-6-0-2-4-3-2-2	0-2-3-0-2-2-2-3-4-3-2-2	4-2-3-2-8-2-0-5-0-2-2-1	1-2-2-4-2-5-4-0-6-2-3-4
253	4	2-4-2-4-5-5-4-4-2-2-4-2	2-5-4-2-3-3-2-3-2-2-2-4	3-4-2-2-2-2-3-5-3-5-5-5	2-5-5-2-2-2-2-2-5-5-3-0	2-0-2-2-2-3-5-4-4-4-2-2	5-2-3-2-5-2-5-2-4-4-6-2	2-2-4-0-5-4-5-5-4-2-5-2	4-2-2-3-2-5-5-2-2-5-3-0	4-0-5-3-4-5-0-2-5-2-2-2	0-2-4-0-5-6-5-5-3-4-5-2	3-2-9-6-9-2-0-8-5-3-2-2	0-2-2-3-5-4-3-0-2-2-3-3
253	5	2-2-2-5-4-4-5-8-6-2-4-9	2-4-4-6-7-6-6-7-6-7-6-6	6-6-8-6-6-6-6-6-6-6-4-5	6-5-4-6-2-6-7-2-4-4-4-6	2-5-2-5-0-4-6-6-4-5-2-6	6-6-3-2-4-2-4-2-1-4-4-6	6-3-4-6-6-7-4-4-4-2-4-7	2-4-7-6-2-7-4-2-6-9-6-0	6-0-4-6-2-6-5-6-4-6-2-6	6-6-5-6-4-2-4-4-6-7-4-2	1-2-6-3-3-9-5-8-6-5-6-5	5-6-5-6-6-5-5-8-5-5-5-6
253	6	6-6-2-4-7-6-6-4-5-6-6-5	5-7-7-5-6-5-5-7-5-5-5-5	5-5-5-5-5-5-7-8-5-8-7-5	5-5-5-5-6-5-7-2-7-7-7-5	2-5-2-2-0-6-7-5-7-6-2-5	5-5-4-8-4-2-7-7-6-6-4-5	5-2-7-5-5-6-7-5-6-6-2-5	6-2-5-5-2-5-7-5-5-6-5-0	6-0-5-5-6-5-5-7-6-2-9-3	5-5-4-5-5-4-5-4-5-5-5-2	8-3-5-4-5-5-0-0-5-5-8-5	5-5-5-5-5-8-8-0-3-5-5-8
253	7	7-6-9-8-4-6-9-7-7-7-7-8	7-6-6-8-8-5-8-8-8-5-9-5	7-5-5-5-7-5-6-4-8-8-6-6	8-5-6-7-7-8-5-7-6-6-8-7	9-9-8-8-0-8-8-8-6-7-8-7	7-5-8-7-4-9-8-8-6-6-3-8	9-8-6-5-8-5-6-8-6-6-8-8	6-8-8-8-8-8-9-9-5-5-8-0	9-0-8-8-8-7-5-8-4-8-8-2	9-8-7-8-8-5-8-7-5-5-8-7	9-7-8-6-9-7-9-5-5-5-7-7	7-7-5-5-8-8-7-0-7-7-8-7
253	8	7-9-7-7-6-9-9-7-9-8-7-9	9-6-6-7-7-8-7-7-9-5-5-9	7-5-5-9-7-7-7-6-7-7-7-7	7-6-6-7-7-7-9-7-6-6-7-9	7-5-7-7-8-7-9-7-8-8-7-7	9-8-7-6-8-9-7-7-8-8-3-7	9-7-6-9-7-8-6-7-8-6-7-7	8-7-7-7-7-7-4-7-5-5-7-8	8-8-8-7-7-7-5-7-4-7-7-8	8-7-8-8-7-2-7-7-9-5-7-7	6-8-7-6-3-7-8-5-5-8-6-8	5-9-9-7-7-6-6-5-7-5-7-7
253	9	9-8-7-7-9-8-8-9-8-7-7-5	8-6-9-7-9-9-7-9-9-9-7-8	9-9-9-9-9-7-6-8-9-9-8-9	7-9-9-9-9-9-8-9-8-9-7-8	7-7-9-9-9-9-8-9-9-9-7-7	8-9-9-8-9-8-9-9-9-9-9-8	8-9-9-8-9-5-9-7-9-6-8-7	9-9-9-7-9-9-7-7-7-5-7-9	7-9-9-8-7-9-9-7-9-4-7-9	5-7-9-9-9-2-9-9-8-9-4-9	7-9-9-4-7-5-8-7-9-9-9-9	5-8-5-9-7-9-9-9-9-9-7-9
254	0	0-0-0-0-0-0-0-0-0-0-0-0	0-0-0-0-0-0-0-0-0-0-0-0	0-0-0-0-0-0-0-0-0-0-0-0	0-0-0-0-0-0-0-0-0-0-0-0	0-0-0-0-0-0-0-0-0-0-0-0	0-0-0-0-0-0-0-0-0-0-0-0	0-0-0-0-0-0-0-0-0-0-0-0	0-0-0-0-0-0-0-0-0-0-0-0	0-0-0-0-0-0-0-0-0-0-0-0	0-0-0-0-0-0-0-0-0-0-0-0	0-0-0-0-0-0-0-0-0-0-0-0	0-0-0-0-0-0-0-0-0-0-0-0
254	1	1-1-1-2-1-1-1-2-1-1-1-1	1-2-1-1-2-2-4-2-2-2-2-2	1-2-2-2-2-2-2-2-2-2-2-2	2-0-2-2-1-0-2-3-2-2-2-1	2-1-1-0-1-1-2-1-1-2-5-1	4-2-2-3-2-2-2-2-1-1-4-5	4-1-1-1-2-1-4-2-1-4-1-2	1-1-2-1-1-2-1-2-1-1-2-1	1-0-2-0-2-2-1-2-2-1-1-0	3-1-2-2-1-1-3-1-2-3-0-1	4-7-4-0-1-2-2-1-4-2-1-1	2-1-1-7-2-2-6-2-4-1-1-2
254	2	1-1-1-1-1-1-1-1-1-1-1-1	1-1-1-4-1-1-0-1-1-1-3-1	1-3-1-5-3-5-1-1-1-3-1-3	3-0-1-4-3-3-1-5-3-1-1-1	1-1-3-3-1-3-3-3-1-1-1-3	1-1-3-0-1-1-3-1-1-1-0-4	3-4-1-1-3-2-1-3-1-1-3-3	1-2-3-3-3-1-7-4-4-0-1-1	0-0-1-4-4-1-1-3-1-2-2-1	1-3-1-1-3-4-0-1-3-1-0-4	1-2-1-0-1-1-1-1-1-1-3-1	1-3-2-3-1-1-3-1-0-2-2-1
254	3	1-3-1-3-3-1-1-1-1-1-1-1	1-4-4-2-1-1-1-2-1-1-2-2	7-2-1-1-4-2-4-1-1-2-4-4	2-4-3-1-2-2-1-1-2-5-4-0	2-0-2-2-0-2-4-2-3-1-1-2	2-1-5-1-3-2-4-3-3-3-6-3	2-1-1-7-2-3-5-2-3-1-2-2	3-2-2-2-2-1-5-0-2-1-0-1	1-0-4-2-5-1-0-2-5-5-2-5	1-2-3-4-4-2-4-5-2-4-0-2	0-2-1-4-1-1-0-1-0-1-2-1	1-2-2-4-1-1-2-0-1-4-5-3
254	4	4-3-1-5-3-1-1-1-4-4-1-5	5-3-3-2-1-1-4-6-5-5-5-5	6-5-5-4-3-1-3-1-5-2-3-3	5-5-5-5-4-2-5-2-3-3-3-5	1-6-2-4-5-3-5-5-4-1-1-7	1-4-3-0-5-6-3-2-1-1-1-2	1-2-3-5-5-1-3-5-1-1-5-2	1-2-5-3-2-1-3-2-2-4-5-6	5-4-5-2-2-1-5-2-3-6-2-3	5-5-1-3-3-2-3-2-5-3-4-2	5-2-5-3-4-5-5-5-5-1-2-4	1-2-5-3-5-5-2-5-5-6-1-2
254	5	6-5-5-7-3-1-5-5-7-5-5-7	4-3-3-6-5-1-4-4-4-4-4-6	5-6-4-2-6-6-6-6-4-6-5-6	6-4-4-4-6-6-4-2-6-6-6-4	5-7-6-6-4-5-6-6-4-5-1-6	6-6-6-5-4-4-6-6-5-5-3-6	6-6-3-6-4-5-3-6-1-7-6-6	1-6-4-6-6-1-3-6-5-4-6-4	4-7-4-6-6-6-4-6-3-4-6-3	4-6-1-6-6-6-0-3-4-6-6-6	4-6-4-3-6-4-4-4-4-6-6-5	0-2-4-6-4-4-5-4-6-4-6-6
254	6	5-7-5-5-5-7-7-7-7-5-5-7	4-3-3-5-5-1-4-4-4-4-4-5	4-5-4-5-5-5-5-5-5-5-6-5	5-6-6-5-5-5-7-5-5-5-5-7	5-4-5-5-6-5-7-5-6-6-1-5	5-7-5-6-6-4-5-5-6-6-3-6	5-5-3-5-7-6-6-5-6-6-5-5	6-5-1-5-5-6-3-5-5-5-5-4	7-6-6-5-5-5-5-5-1-4-5-3	1-5-6-5-5-5-7-3-6-5-6-5	5-6-4-7-7-4-4-5-7-6-6-6	3-7-6-5-6-1-6-4-5-4-5-5
254	7	7-6-5-5-7-6-6-7-6-5-5-6	4-7-7-5-7-7-6-7-7-7-4-6	7-7-7-5-7-5-5-5-7-7-6-7	6-7-7-7-7-7-6-7-7-7-5-6	5-5-7-7-7-7-6-7-7-7-6-4	7-7-7-5-7-4-7-5-7-7-7-6	6-7-7-7-6-7-7-7-7-7-5-5	7-5-7-5-5-6-2-5-2-5-1-6	6-5-7-6-5-7-7-5-7-7-5-1	2-4-7-7-7-2-7-7-7-7-6-7	4-1-7-6-6-1-4-4-4-6-7-7	1-6-4-1-6-7-7-4-7-7-5-1
255	0	0-0-0-0-0-0-0-0-0-0-0-0	0-0-0-0-0-0-0-0-0-0-0-0	0-0-0-0-0-0-0-0-0-0-0-0	0-0-0-0-0-0-0-0-0-0-0-0	0-0-0-0-0-0-0-0-0-0-0-0	0-0-0-0-0-0-0-0-0-0-0-0	0-0-0-0-0-0-0-0-0-0-0-0	0-0-0-0-0-0-0-0-0-0-0-0	0-0-0-0-0-0-0-0-0-0-0-0	0-0-0-0-0-0-0-0-0-0-0-0	0-0-0-0-0-0-0-0-0-0-0-0	0-0-0-0-0-0-0-0-0-0-0-0
255	1	1-1-1-1-1-1-1-5-1-1-1-1	1-0-0-1-0-1-1-1-1-2-2-2	2-1-2-1-2-1-2-2-2-0-2-1	2-2-2-2-1-2-2-1-0-0-2-1	0-4-1-2-4-0-2-2-0-1-0-1	1-0-0-4-2-2-0-0-0-0-0-2	2-0-1-4-2-1-0-2-0-2-4-0	2-0-1-0-0-2-1-0-0-2-2-2	2-2-2-1-1-1-2-2-3-1-2-0	5-2-1-2-0-0-0-0-2-4-2-2	2-0-3-2-4-4-2-4-4-1-2-1	1-2-4-0-2-4-0-4-3-4-1-3
255	2	2-1-2-1-1-2-1-2-1-1-2-1	3-3-0-3-0-1-1-3-1-1-1-1	1-3-1-3-3-1-3-1-4-3-1-3	3-1-3-3-3-4-1-4-2-1-3-1	3-1-4-1-1-3-3-3-0-5-4-3	2-4-3-1-1-4-3-3-5-0-0-4	4-4-0-2-3-4-2-1-0-2-3-1	1-4-5-3-3-1-0-7-3-1-1-1	1-1-3-3-5-4-1-4-1-2-3-0	1-1-1-1-3-4-4-0-3-1-1-9	3-5-2-1-1-1-1-1-1-3-4-5	1-3-3-4-1-2-3-1-1-0-1-5
255	3	3-3-2-3-3-3-3-3-1-1-2-2	2-4-3-2-0-1-2-4-1-2-2-4	1-2-2-2-2-3-4-5-2-2-4-2	2-4-4-2-2-2-4-2-4-4-4-1	2-1-1-3-1-4-4-2-3-6-2-2	1-3-4-2-3-1-4-2-3-3-0-3	3-2-4-1-2-2-4-2-0-4-2-2	6-2-2-4-2-1-5-4-2-4-0-1	1-1-3-2-3-2-1-2-4-3-2-4	2-3-0-0-2-2-2-3-4-1-1-5	2-4-1-1-1-1-1-1-1-2-5-3	2-2-2-3-1-3-2-1-1-1-1-1
255	4	4-4-2-4-4-4-4-4-4-1-5-2	2-5-5-2-5-3-2-3-1-6-2-3	1-4-1-2-2-2-3-5-5-5-5-4	2-5-5-2-2-2-3-2-5-3-3-1	2-1-2-5-1-3-5-4-5-4-2-2	2-2-3-1-4-2-5-3-4-4-5-2	2-2-3-1-5-2-5-5-0-3-2-6	6-2-2-3-2-1-9-5-2-3-6-1	1-1-5-5-3-2-1-2-5-9-3-3	1-3-4-6-5-2-2-5-3-1-7-6	1-4-10-1-10-1-1-1-1-2-2-3	4-2-1-2-1-1-2-1-1-1-4-7
255	5	5-5-5-6-4-5-5-5-5-5-6-10	5-4-4-6-9-4-6-5-6-4-6-6	7-6-7-7-5-6-6-4-4-4-4-5	5-7-4-2-2-6-4-7-4-4-4-9	2-1-8-4-9-3-4-6-4-5-2-5	6-7-4-1-5-7-4-5-2-4-4-6	10-3-3-6-6-5-4-4-0-5-3-4	5-2-2-6-2-5-3-10-5-5-5-1	2-5-6-6-2-0-6-9-4-5-2-5	1-2-5-6-4-2-4-4-7-9-5-3	1-2-6-4-5-10-7-9-8-2-6-2	4-5-5-7-1-5-5-1-5-6-5-2
255	6	8-6-7-8-7-7-7-8-8-8-5-5	5-7-7-5-7-8-5-7-7-8-7-7	5-5-8-8-7-7-5-7-7-7-5-7	7-5-7-8-4-5-8-8-7-7-6-5	9-6-9-9-6-6-7-5-7-7-9-9	7-5-7-10-5-5-6-6-7-6-0-6	5-7-6-6-5-6-4-5-7-9-6-4	6-2-2-5-2-5-8-8-5-9-10-6	6-5-5-5-10-6-5-5-7-7-3-6	6-7-3-5-5-10-5-8-5-5-5-4	6-10-8-3-10-4-5-1-10-8-7-6	8-7-6-5-1-9-7-9-8-5-6-8
255	7	6-6-6-9-6-6-6-6-6-6-6-9	8-6-6-8-6-6-8-6-8-8-8-6	5-8-9-5-9-6-8-6-6-6-8-6	8-5-6-6-8-9-6-9-6-6-7-5	8-5-6-5-5-7-8-8-6-6-6-8	6-8-8-9-6-5-8-7-6-6-0-9	5-6-6-7-8-7-4-8-6-6-9-7	6-7-2-8-9-5-4-9-9-6-9-5	10-5-8-8-9-6-9-8-6-6-7-6	8-8-7-5-8-9-8-4-8-5-8-3	1-7-6-4-1-7-5-7-9-7-6-7	4-8-5-8-9-6-8-6-9-8-7-6
255	8	6-8-7-10-9-6-6-6-6-6-6-5	7-6-8-7-6-6-7-9-7-7-7-6	5-7-6-6-7-6-9-6-7-6-9-7	7-8-7-6-7-7-6-7-9-9-7-5	7-1-5-6-5-9-9-7-8-8-6-7	6-7-7-7-5-5-7-7-8-8-9-8	5-6-3-7-7-8-9-7-8-8-7-7	6-9-5-7-7-5-6-6-5-9-7-1	1-5-7-7-8-5-9-7-10-4-7-6	9-7-8-2-9-8-7-6-7-5-7-8	1-7-6-10-1-1-5-1-5-6-7-8	6-7-5-7-1-6-7-6-6-9-8-6
255	9	10-10-6-7-8-10-6-10-10-6-5-7	7-8-6-7-6-6-7-8-10-10-7-10	5-7-7-6-7-9-8-6-7-9-8-7	7-9-9-6-7-7-6-7-8-8-7-5	6-1-6-6-5-8-8-7-8-9-6-7	6-8-7-7-5-5-8-7-9-9-8-7	7-8-8-7-8-9-8-8-9-6-7-7	9-8-2-8-7-5-4-7-10-9-7-5	9-5-10-9-7-6-8-5-6-4-7-6	10-7-9-5-8-7-7-4-10-5-9-9	8-9-7-6-8-9-5-5-7-9-6-9	4-7-5-7-7-6-6-6-7-8-9-8
255	10	10-9-7-8-10-9-6-10-9-6-6-5	6-10-10-7-10-10-9-10-10-10-9-10	10-9-10-6-10-10-9-6-9-10-10-10	9-10-10-10-10-10-9-10-8-10-10-5	10-1-10-10-10-8-9-10-10-10-7-10	10-10-10-7-10-1-10-10-10-10-10-10	5-10-10-9-9-8-4-10-10-10-9-6	10-10-2-9-10-9-7-5-9-5-6-6	7-9-10-10-7-10-10-5-10-10-7-10	9-10-10-5-10-6-10-4-9-10-4-10	10-6-8-8-4-9-5-6-10-7-10-9	6-7-5-3-8-10-10-10-10-10-9-10
256	0	0-0-0-0-0-0-0-0-0-0-0-0	0-0-0-0-0-0-0-0-0-0-0-0	0-0-0-0-0-0-0-0-0-0-0-0	0-0-0-0-0-0-0-0-0-0-0-0	0-0-0-0-0-0-0-0-0-0-0-0	0-0-0-0-0-0-0-0-0-0-0-0	0-0-0-0-0-0-0-0-0-0-0-0	0-0-0-0-0-0-0-0-0-0-0-0	0-0-0-0-0-0-0-0-0-0-0-0	0-0-0-0-0-0-0-0-0-0-0-0	0-0-0-0-0-0-0-0-0-0-0-0	0-0-0-0-0-0-0-0-0-0-0-0
256	1	1-1-1-3-1-1-1-1-1-1-1-2	2-2-1-1-2-2-2-2-2-1-2-2	1-2-3-2-2-2-2-2-3-2-2-2	2-1-2-2-1-1-2-2-1-2-1-2	2-3-1-2-1-1-2-1-1-2-2-0	2-2-2-4-2-2-1-2-2-1-1-2	1-2-1-1-2-4-0-2-1-1-0-4	1-1-1-1-1-2-1-1-1-1-3-1	1-3-1-0-1-2-1-1-2-6-1-2	1-1-1-2-1-1-1-1-0-1-2-1	1-7-1-2-1-2-1-1-1-1-2-2	3-1-1-1-1-1-1-2-1-1-4-1
256	2	1-1-1-1-1-1-1-1-1-1-1-1	1-1-1-3-1-1-3-1-1-1-3-1	1-3-1-1-1-1-3-1-1-1-1-1	3-0-1-1-3-3-1-3-1-1-2-1	1-1-7-3-1-2-3-3-1-1-1-2	1-1-3-0-1-4-3-1-1-1-0-4	3-4-1-0-3-1-3-1-1-1-3-3	1-2-3-3-2-1-7-7-2-1-1-0	2-1-1-3-4-1-1-3-1-2-4-1	3-4-1-1-3-2-3-1-3-1-1-4	3-3-0-1-0-1-1-0-1-3-1-1	1-2-3-1-0-2-3-1-2-2-2-1
256	3	1-4-1-1-1-1-1-1-1-1-1-1	1-4-4-2-1-1-2-4-1-1-2-4	4-2-1-1-2-1-4-4-1-1-4-4	2-3-4-1-2-2-1-2-4-1-4-1	2-1-2-2-4-2-4-2-3-3-1-2	1-2-4-1-3-2-4-3-3-3-6-3	2-2-4-4-2-3-4-2-3-1-2-2	3-4-4-2-2-1-4-2-2-1-1-1	3-1-4-2-3-2-1-2-1-3-2-3	2-2-3-1-2-2-2-3-2-1-1-2	2-2-0-6-6-1-0-6-1-2-1-1	1-2-2-4-1-1-2-1-6-2-5-6
256	4	5-3-1-4-4-3-4-4-4-1-1-4	1-3-3-5-5-1-5-3-5-1-5-5	6-5-5-2-2-1-3-5-5-2-3-3	5-5-5-4-2-2-5-2-3-1-3-7	1-7-2-4-5-3-3-5-4-3-5-2	1-2-3-4-6-7-3-1-1-3-3-2	7-2-3-4-5-1-5-5-4-1-5-1	1-3-5-2-2-1-3-2-2-5-5-4	5-5-5-2-2-1-5-2-1-4-2-3	5-7-4-1-2-3-3-3-5-5-5-2	5-2-7-3-7-5-5-5-5-5-5-4	5-2-4-4-5-5-4-5-5-3-1-2
256	5	6-6-7-7-6-6-7-6-6-6-6-6	6-6-5-4-6-6-4-6-6-6-6-4	5-6-6-6-6-6-6-6-6-6-5-6	6-4-4-6-6-6-6-6-6-6-6-4	6-4-6-6-5-5-6-6-5-5-6-6	5-6-6-6-4-4-6-6-5-5-3-5	6-5-5-4-5-5-4-4-5-6-7-6	3-6-4-6-6-1-3-6-6-5-6-4	4-4-4-6-6-6-4-7-5-5-6-5	6-6-5-6-6-2-6-3-4-4-4-6	4-6-7-5-7-4-4-4-4-6-5-5	4-6-6-6-4-6-6-4-4-2-6-3
256	6	5-5-5-5-5-5-5-5-5-5-5-7	6-5-5-2-5-5-5-5-5-5-5-7	5-5-5-5-5-6-5-5-7-5-6-5	5-6-6-5-5-5-5-5-5-5-5-4	5-4-5-5-6-5-5-5-6-6-5-5	7-5-5-5-4-4-5-5-6-6-3-6	5-5-3-4-7-6-5-5-6-5-2-5	6-5-4-5-5-7-5-5-5-5-5-4	6-4-6-5-5-5-4-7-1-5-5-5	5-5-6-5-5-5-5-3-7-5-4-5	5-5-4-5-5-7-4-3-5-5-5-6	4-5-5-5-5-5-5-4-2-2-5-3
256	7	7-5-5-5-7-5-5-7-5-5-5-6	6-5-7-4-7-7-6-7-7-7-5-6	7-6-7-6-7-7-5-6-6-7-5-7	5-7-7-7-7-7-5-7-6-7-7-4	5-4-7-7-7-7-6-7-7-7-5-7	6-7-7-6-7-4-7-7-7-7-7-7	4-7-7-4-6-7-7-7-7-5-5-5	7-7-7-6-7-6-5-2-5-5-5-5	4-4-7-6-2-5-4-6-7-5-5-5	5-4-7-7-2-6-7-3-7-7-4-7	4-1-4-5-5-6-4-4-4-5-7-7	7-5-6-1-2-7-7-4-4-7-3-1
257	0	0-0-0-0-0-0-0-0-0-0-0-0	0-0-0-0-0-0-0-0-0-0-0-0	0-0-0-0-0-0-0-0-0-0-0-0	0-0-0-0-0-0-0-0-0-0-0-0	0-0-0-0-0-0-0-0-0-0-0-0	0-0-0-0-0-0-0-0-0-0-0-0	0-0-0-0-0-0-0-0-0-0-0-0	0-0-0-0-0-0-0-0-0-0-0-0	0-0-0-0-0-0-0-0-0-0-0-0	0-0-0-0-0-0-0-0-0-0-0-0	0-0-0-0-0-0-0-0-0-0-0-0	0-0-0-0-0-0-0-0-0-0-0-0
257	1	1-1-1-1-1-1-1-1-1-1-1-2	2-2-2-0-0-2-0-1-1-2-0-2	1-0-0-1-1-2-2-0-0-2-2-1	0-0-2-0-0-0-1-1-2-2-2-1	1-2-1-0-0-2-2-0-1-0-2-0	4-7-2-1-1-0-2-0-1-1-4-5	4-2-2-0-0-0-2-1-1-3-2-2	1-0-1-1-1-4-2-0-1-1-0-0	1-0-0-0-3-1-1-2-2-1-0-0	0-1-1-2-2-0-0-1-4-2-0-1	4-4-4-2-7-1-0-0-0-0-2-1	2-1-1-1-0-1-0-0-4-0-1-1
257	2	3-1-2-3-1-1-1-1-1-1-1-1	1-1-1-3-3-1-0-5-0-1-3-1	0-3-0-6-3-1-3-3-1-1-1-3	3-0-3-2-3-3-1-5-3-1-3-3	3-1-4-0-0-1-3-3-1-2-1-3	3-4-3-2-2-4-3-4-1-1-0-3	1-1-1-0-3-0-1-3-2-1-3-3	1-2-2-3-4-1-1-7-4-1-2-0	1-0-3-3-4-2-0-3-1-1-2-3	0-2-1-1-3-2-3-1-3-1-0-2	6-2-1-1-1-2-0-0-0-2-1-3	1-2-2-2-1-0-3-0-0-0-2-1
257	3	2-3-1-4-3-1-3-4-3-1-3-2	2-4-3-2-3-3-2-4-4-1-2-2	4-2-5-1-2-2-4-5-4-1-4-4	2-4-2-2-2-2-5-2-5-1-4-2	2-1-2-5-0-3-4-2-1-3-1-2	2-2-4-0-5-2-2-2-3-3-6-3	5-4-3-0-2-3-5-2-1-1-2-5	3-4-6-2-2-1-5-4-2-3-2-0	0-0-2-2-1-2-6-2-5-3-4-4	0-2-3-1-2-2-4-4-2-4-7-2	6-1-0-5-6-4-0-6-0-2-1-2	1-2-2-3-0-3-2-0-3-0-5-1
257	4	5-3-1-3-3-4-4-3-4-4-5-3	5-3-3-4-3-3-4-6-5-1-5-5	6-5-5-2-3-5-3-6-3-5-3-5	5-6-5-5-2-5-4-2-4-1-3-5	2-6-2-4-5-3-5-4-4-6-4-7	1-2-3-4-5-2-3-5-1-3-1-2	1-3-3-0-5-5-5-0-2-4-7-2	4-3-2-3-2-5-3-3-2-4-5-5	5-0-5-3-2-1-5-7-3-4-3-3	5-5-6-7-5-2-3-3-5-5-0-2	5-1-1-2-5-5-5-5-5-7-5-5	4-2-4-3-5-4-3-5-5-0-4-1
257	5	6-4-5-7-3-5-7-5-5-5-5-5	4-3-3-6-6-6-6-4-6-1-4-4	2-4-4-6-6-4-6-4-3-4-4-4	6-4-4-4-6-6-3-2-6-1-6-4	6-5-7-4-4-5-6-6-4-5-1-6	6-3-6-5-4-4-6-4-1-3-3-5	3-6-1-5-4-4-3-6-3-5-6-6	3-6-7-6-6-4-7-6-6-4-6-4	4-7-3-6-7-2-4-6-3-4-6-4	6-6-4-6-6-3-6-3-4-4-6-6	4-5-4-3-4-4-4-4-6-6-5-4	4-6-2-6-4-0-6-4-4-0-6-1
257	6	5-7-5-5-5-7-7-7-7-5-6-7	4-3-3-5-6-6-5-4-5-1-4-7	4-4-4-5-5-4-5-7-3-5-4-4	5-4-6-5-5-5-7-5-5-1-5-7	5-5-5-5-4-5-7-5-4-6-4-5	5-6-5-7-6-7-5-5-3-3-3-6	7-5-1-0-4-4-6-5-6-6-5-5	6-5-3-5-5-4-3-5-5-1-5-4	6-6-6-5-6-2-3-5-1-6-5-4	5-5-4-5-5-5-5-7-7-4-5-5	5-6-4-6-3-6-4-5-5-5-5-6	3-5-7-5-6-4-5-4-4-0-5-1
257	7	7-6-5-5-7-6-6-7-6-6-5-6	6-7-7-5-7-7-6-7-7-7-4-6	7-7-7-7-7-7-7-6-7-7-6-7	6-7-7-7-7-7-6-7-6-1-7-6	5-4-7-7-7-7-6-7-7-7-1-4	6-1-7-6-7-6-7-7-7-7-7-6	6-7-7-7-7-7-4-7-7-7-3-7	7-7-7-6-7-5-5-2-5-1-5-7	5-7-7-7-5-7-7-4-7-3-5-7	5-7-7-7-7-7-7-6-6-7-6-7	5-7-1-6-1-6-4-4-4-7-7-7	7-6-6-1-1-7-7-7-7-7-5-7
258	0	0-0-0-0-0-0-0-0-0-0-0-0	0-0-0-0-0-0-0-0-0-0-0-0	0-0-0-0-0-0-0-0-0-0-0-0	0-0-0-0-0-0-0-0-0-0-0-0	0-0-0-0-0-0-0-0-0-0-0-0	0-0-0-0-0-0-0-0-0-0-0-0	0-0-0-0-0-0-0-0-0-0-0-0	0-0-0-0-0-0-0-0-0-0-0-0	0-0-0-0-0-0-0-0-0-0-0-0	0-0-0-0-0-0-0-0-0-0-0-0	0-0-0-0-0-0-0-0-0-0-0-0	0-0-0-0-0-0-0-0-0-0-0-0
258	1	1-1-1-1-1-1-1-1-1-1-1-2	2-2-2-0-0-2-0-1-1-2-0-2	1-0-0-0-1-0-2-1-0-2-2-2	0-0-2-0-0-0-0-1-2-2-2-0	0-2-2-0-0-2-2-0-2-0-2-0	4-7-0-0-0-0-2-0-1-1-4-0	4-2-1-0-0-1-2-0-1-1-0-0	1-1-0-2-1-4-3-0-0-1-0-0	1-0-2-0-1-0-1-2-2-0-0-0	0-1-1-2-2-0-0-1-0-0-0-1	4-4-4-1-1-1-0-1-2-0-1-1	2-1-1-1-1-1-2-0-4-0-1-4
258	2	2-1-2-1-1-1-1-1-1-1-1-1	1-1-1-3-3-1-0-2-3-1-3-3	0-3-0-4-3-0-3-4-0-4-1-3	3-0-3-2-4-3-0-3-1-1-1-0	3-1-3-3-0-1-3-3-1-2-1-2	3-4-3-2-2-3-3-3-1-1-0-3	1-1-1-0-3-0-1-3-4-1-3-3	1-3-2-3-3-0-1-4-2-1-2-0	2-0-1-4-4-2-0-3-1-2-2-4	1-2-1-1-3-2-3-1-3-0-3-2	2-2-1-1-1-2-0-2-1-3-3-3	1-2-2-2-1-2-1-1-2-2-2-1
258	3	3-3-3-2-4-3-3-3-3-1-3-2	2-4-4-2-2-3-2-4-3-1-2-2	2-2-4-2-2-5-4-2-4-2-4-2	2-2-5-2-2-2-5-2-4-1-4-0	2-0-2-2-0-3-4-2-4-3-1-2	2-2-4-0-3-2-4-2-6-3-6-2	5-1-3-0-2-3-3-2-1-3-2-2	3-4-2-2-2-4-5-2-4-1-0-0	3-0-2-2-1-2-6-2-5-3-2-2	0-2-3-3-2-2-2-4-2-4-2-2	0-5-7-1-6-2-0-3-1-2-2-3	3-2-2-2-2-6-4-0-0-4-5-1
258	4	3-3-1-4-3-3-4-3-4-5-4-7	5-3-3-4-5-3-5-5-6-1-5-5	6-2-5-2-4-5-3-5-5-2-3-4	5-4-4-5-2-2-7-4-3-1-3-4	2-6-2-5-6-3-5-4-6-6-4-7	1-2-3-4-3-7-3-3-1-1-1-2	1-4-3-4-5-1-3-5-2-3-5-2	1-3-5-3-2-5-3-2-3-4-5-6	5-4-5-2-2-4-4-5-2-4-2-2	5-5-5-0-3-2-3-3-5-5-5-2	5-1-1-1-1-5-5-5-5-3-3-2	1-2-2-2-5-5-3-5-5-3-3-1
258	5	6-3-5-7-3-6-6-5-5-5-7-5	5-3-3-6-6-4-6-6-6-1-7-4	4-6-4-6-6-6-6-6-6-6-5-6	6-4-3-6-6-6-3-6-6-1-6-6	6-4-7-6-6-5-6-6-4-5-5-6	6-3-6-5-4-4-6-6-1-5-3-6	7-6-1-6-4-5-3-4-1-7-6-6	3-6-4-6-6-4-3-5-6-7-6-4	4-0-4-6-6-6-0-4-3-3-6-2	4-6-5-0-6-6-6-3-4-4-6-6	4-5-6-1-4-4-4-4-6-6-5-6	3-6-4-5-4-5-6-4-4-0-6-5
258	6	5-7-5-7-5-7-7-7-7-6-6-7	5-3-3-5-6-6-5-5-5-1-7-7	4-5-4-7-5-5-5-5-5-5-6-5	5-5-6-5-5-5-7-5-5-1-5-7	5-4-5-5-6-5-7-5-4-6-5-5	5-6-5-5-3-4-5-5-3-6-3-6	7-5-1-6-6-6-6-7-6-6-5-5	6-5-2-5-5-6-3-6-5-6-5-4	6-6-6-5-5-5-3-4-3-6-5-0	4-5-6-5-5-5-5-3-7-6-5-5	5-1-5-1-3-7-5-5-5-5-5-5	6-5-7-5-5-3-5-4-4-0-5-3
258	7	7-6-7-5-7-6-6-7-6-4-5-6	6-7-7-5-7-7-5-7-7-7-5-6	7-7-7-6-7-7-7-6-7-7-6-7	6-7-7-7-7-7-6-7-6-1-7-6	5-4-7-7-7-7-6-7-7-7-5-7	7-7-7-6-7-4-7-7-7-7-7-7	6-7-7-7-7-7-7-7-7-7-5-7	7-7-7-7-5-7-5-2-5-5-6-4	6-7-7-6-5-7-7-4-7-7-5-7	4-4-7-7-7-5-7-3-6-7-4-7	4-7-1-7-1-6-4-4-7-6-7-7	7-2-6-5-1-7-7-4-7-7-5-1
259	0	0-0-0-0-0-0-0-0-0-0-0-0	0-0-0-0-0-0-0-0-0-0-0-0	0-0-0-0-0-0-0-0-0-0-0-0	0-0-0-0-0-0-0-0-0-0-0-0	0-0-0-0-0-0-0-0-0-0-0-0	0-0-0-0-0-0-0-0-0-0-0-0	0-0-0-0-0-0-0-0-0-0-0-0	0-0-0-0-0-0-0-0-0-0-0-0	0-0-0-0-0-0-0-0-0-0-0-0	0-0-0-0-0-0-0-0-0-0-0-0	0-0-0-0-0-0-0-0-0-0-0-0	0-0-0-0-0-0-0-0-0-0-0-0
259	1	1-1-1-1-1-1-1-1-1-1-1-1	2-1-1-3-0-1-2-0-0-1-2-2	0-3-0-1-2-2-0-1-0-1-0-2	2-0-0-3-2-2-2-1-2-0-2-1	3-0-0-0-0-2-2-2-0-1-2-2	2-0-2-1-1-2-2-2-1-1-0-3	0-2-1-0-2-0-1-2-0-3-2-2	3-4-3-2-2-0-1-2-1-1-0-0	0-0-2-2-3-0-0-2-0-1-3-0	1-1-0-2-2-1-2-1-2-0-0-3	1-3-0-1-0-1-2-0-1-2-2-1	0-2-1-0-2-1-2-0-1-1-1-1
259	2	3-3-2-2-2-2-2-2-2-2-2-2	1-3-2-1-0-3-1-3-0-2-1-3	3-1-1-1-1-1-3-3-3-3-3-3	1-3-3-1-1-1-1-1-3-2-3-0	1-2-0-2-2-1-3-1-2-2-1-1	1-0-3-1-3-1-3-1-2-2-2-2	0-1-2-0-1-2-4-1-2-2-1-1	2-1-1-1-1-3-2-3-0-2-0-2	0-0-1-1-2-1-0-3-2-2-2-0	0-0-2-1-1-3-1-2-1-3-0-1	0-1-7-2-0-2-1-0-0-1-1-2	0-1-0-0-1-1-1-0-1-1-2-2
259	3	2-2-3-2-3-3-3-3-3-3-3-3	3-2-2-1-3-3-4-2-4-3-4-4	2-4-4-4-3-4-2-2-2-2-2-4	4-3-2-4-1-4-3-1-2-4-2-3	1-4-0-3-3-2-2-3-3-3-1-3	4-1-2-3-2-5-2-1-2-2-1-1	3-1-2-4-3-0-5-4-3-1-3-2	3-1-5-2-2-2-3-2-3-3-3-6	5-3-2-1-1-3-3-4-2-3-1-3	4-3-3-2-3-2-2-2-5-5-4-1	5-1-3-2-3-3-5-5-5-1-3-3	3-1-3-2-5-3-1-3-5-2-3-1
259	4	5-4-5-5-4-5-7-5-5-5-6-5	5-5-5-5-6-5-5-5-5-5-5-5	4-5-4-6-5-5-5-5-6-5-5-5	5-3-5-6-1-3-5-6-6-6-4-4	6-5-5-6-3-4-5-4-4-6-6-4	4-4-5-4-5-6-5-5-5-4-2-5	7-5-5-4-5-4-7-5-4-6-7-5	5-1-1-4-4-4-5-5-4-6-3-3	4-4-5-4-5-6-5-3-6-5-1-5	4-4-4-5-4-5-5-6-6-5-3-5	3-5-4-4-5-7-3-4-7-4-5-4	6-5-6-7-7-6-5-3-4-5-4-7
259	5	4-5-4-6-4-4-4-4-4-4-4-7	4-4-4-5-4-4-4-6-4-4-4-4	6-6-6-4-6-4-6-4-4-4-4-4	6-6-4-4-6-6-4-4-4-4-6-6	4-4-4-5-3-4-6-6-4-4-4-6	4-4-6-6-4-3-6-4-4-4-2-4	5-4-4-4-4-5-3-6-4-4-6-4	4-6-3-6-6-4-4-4-5-3-6-3	7-4-4-5-4-4-4-6-4-4-6-4	4-6-4-4-6-4-6-4-3-3-6-4	3-4-4-2-4-5-3-3-6-5-4-4	4-4-4-5-6-4-4-3-3-6-6-4
259	6	4-7-4-5-4-4-4-4-4-4-4-5	4-4-4-5-4-4-7-5-4-4-7-4	5-5-5-4-5-4-5-4-4-4-6-4	5-6-6-4-5-5-4-4-4-4-5-5	4-4-5-4-6-6-5-5-6-6-4-5	7-4-5-5-3-4-5-5-6-6-2-6	5-4-4-4-7-6-4-5-6-4-5-5	6-5-1-5-5-7-4-4-7-4-5-3	6-6-6-5-4-4-6-5-4-4-5-4	5-5-6-4-5-4-5-4-7-3-5-4	5-4-4-4-4-6-6-5-5-5-4-6	4-6-4-5-5-4-6-3-5-5-5-4
259	7	7-6-5-5-4-6-4-7-4-4-4-5	4-4-7-5-7-4-6-7-7-7-6-7	7-7-7-4-7-4-6-4-4-7-4-7	7-7-7-7-7-7-4-7-4-7-7-5	4-4-7-7-7-7-6-7-7-7-5-5	4-7-7-5-7-6-7-7-7-7-7-7	4-7-7-7-7-7-4-7-7-7-4-4	7-7-7-6-7-6-7-4-6-4-4-3	6-6-7-7-4-7-7-4-4-4-5-0	6-7-7-7-7-4-5-4-6-7-5-7	3-4-4-4-4-4-7-3-4-6-7-7	4-4-4-4-4-7-7-3-7-7-5-4
260	0	0-0-0-0-0-0-0-0-0-0-0-0	0-0-0-0-0-0-0-0-0-0-0-0	0-0-0-0-0-0-0-0-0-0-0-0	0-0-0-0-0-0-0-0-0-0-0-0	0-0-0-0-0-0-0-0-0-0-0-0	0-0-0-0-0-0-0-0-0-0-0-0	0-0-0-0-0-0-0-0-0-0-0-0	0-0-0-0-0-0-0-0-0-0-0-0	0-0-0-0-0-0-0-0-0-0-0-0	0-0-0-0-0-0-0-0-0-0-0-0	0-0-0-0-0-0-0-0-0-0-0-0	0-0-0-0-0-0-0-0-0-0-0-0
260	1	1-1-1-1-1-1-1-1-1-1-1-1	0-2-2-0-0-1-0-2-2-1-0-1	1-0-0-1-1-0-0-2-0-0-2-0	0-0-2-0-1-0-2-1-1-2-2-0	1-0-1-0-0-2-2-0-1-2-0-0	4-0-0-0-0-0-2-0-2-1-4-0	2-2-1-0-0-0-0-0-1-1-0-1	1-1-0-1-1-0-1-0-0-1-0-0	1-1-0-0-0-1-1-0-0-1-1-2	0-1-3-2-0-0-0-1-0-0-0-1	4-1-0-2-1-0-0-0-0-0-0-1	7-1-0-2-0-1-0-0-0-0-1-1
260	2	2-2-2-2-1-1-2-1-2-2-2-2	2-1-1-2-2-2-3-1-1-1-3-3	0-3-0-4-3-3-3-1-0-3-1-3	3-0-1-2-3-3-1-4-1-1-3-2	2-0-2-2-0-3-3-3-2-1-8-3	3-1-3-2-2-4-3-3-1-1-0-3	2-1-1-0-3-0-2-3-2-2-3-3	1-4-8-2-2-1-1-4-2-0-0-0	2-0-3-3-4-1-0-3-5-2-2-1	4-4-0-1-3-2-0-1-3-0-2-2	0-2-0-3-3-4-0-0-0-2-3-2	0-2-2-1-0-0-2-0-2-2-2-4
260	3	3-3-2-3-3-3-3-3-3-3-4-4	3-4-4-2-2-3-2-4-4-1-4-2	2-2-2-2-2-2-4-2-4-2-4-2	2-3-4-2-2-2-3-2-4-4-4-3	3-0-4-3-2-4-4-2-3-3-0-2	2-0-4-0-3-2-4-2-3-3-6-3	3-1-3-3-2-3-4-2-3-3-2-2	3-3-4-2-2-4-7-6-2-5-3-0	3-0-2-2-3-2-6-2-4-2-2-3	0-3-4-3-2-2-4-3-2-4-8-2	0-2-0-2-2-5-0-0-4-2-2-3	0-2-2-4-0-3-2-0-7-4-3-2
260	4	4-3-4-5-4-4-4-4-4-4-3-5	4-3-3-5-5-3-5-3-5-4-5-4	8-5-4-2-4-4-3-4-3-4-3-4	4-4-3-2-2-2-4-2-3-3-3-8	3-8-3-4-6-3-3-4-4-4-4-3	1-4-3-4-7-5-3-2-1-3-1-4	3-1-2-3-4-4-3-5-2-2-2-1	1-2-3-3-2-3-3-2-2-7-4-4	6-7-6-2-2-4-7-5-3-4-2-4	6-2-3-3-3-2-3-3-6-6-5-2	8-2-4-3-5-2-7-7-5-2-4-4	1-2-4-3-6-4-2-7-8-7-1-2
260	5	5-5-6-4-5-6-6-7-6-6-6-6	6-6-6-4-7-6-6-6-6-6-6-6	5-4-6-6-6-6-4-6-6-6-6-5	6-5-6-5-6-5-6-4-6-6-5-5	6-5-5-4-4-6-5-5-6-6-7-5	5-5-6-6-6-6-6-6-6-5-3-5	5-6-5-5-6-5-7-6-6-6-8-6	5-5-3-5-5-7-5-5-2-5-5-5	5-4-8-4-7-7-5-6-7-5-3-6	6-5-5-6-6-6-6-5-4-5-4-6	4-7-4-5-6-8-4-5-4-5-7-6	8-5-6-8-4-7-6-5-6-6-6-8
260	6	7-6-5-7-5-5-5-7-5-5-7-7	5-5-5-7-5-5-5-7-7-5-7-5	6-7-7-5-7-5-7-5-5-5-5-6	7-4-5-7-7-7-5-7-7-5-7-4	5-5-7-7-4-7-7-5-5-5-7-7	5-8-7-7-4-5-7-5-5-6-3-6	7-5-5-4-5-8-5-6-5-7-7-7	5-7-4-7-7-5-8-7-2-5-7-6	8-4-5-7-5-6-4-7-5-5-7-7	8-4-5-5-7-8-7-5-4-4-4-5	4-5-7-5-5-5-4-5-4-7-5-5	5-7-5-5-4-5-5-5-7-5-5-5
260	7	6-5-6-6-5-5-5-6-5-5-6-6	5-5-5-6-5-5-6-6-6-5-6-6	4-6-6-5-6-7-6-5-6-6-6-6	6-7-7-6-6-6-5-6-6-5-6-4	5-4-6-6-7-6-6-7-7-7-6-6	5-6-6-6-4-6-6-5-7-7-3-7	6-6-5-7-8-7-5-6-7-6-6-6	5-6-4-6-6-5-3-6-2-4-6-4	7-4-7-6-5-5-4-6-5-5-6-6	7-7-7-5-6-6-6-5-8-5-4-2	4-5-6-5-5-5-4-4-6-7-5-7	1-6-7-7-7-5-5-4-3-4-6-5
260	8	8-5-6-6-8-5-5-8-5-6-6-7	5-5-8-6-8-5-6-6-6-8-6-7	4-8-6-5-8-5-7-7-7-8-5-8	7-8-8-8-8-8-7-6-8-8-8-4	5-4-8-8-8-8-7-8-8-8-6-6	5-6-8-7-8-4-8-8-8-8-8-8	5-8-8-8-7-8-8-8-8-8-6-5	8-8-3-8-8-7-6-6-2-4-6-5	6-4-5-7-5-8-4-7-8-5-6-3	6-4-8-8-8-6-6-7-7-8-4-8	4-5-1-6-5-5-4-4-4-5-8-8	5-7-7-5-7-8-8-8-8-8-7-5
261	0	0-0-0-0-0-0-0-0-0-0-0-0	0-0-0-0-0-0-0-0-0-0-0-0	0-0-0-0-0-0-0-0-0-0-0-0	0-0-0-0-0-0-0-0-0-0-0-0	0-0-0-0-0-0-0-0-0-0-0-0	0-0-0-0-0-0-0-0-0-0-0-0	0-0-0-0-0-0-0-0-0-0-0-0	0-0-0-0-0-0-0-0-0-0-0-0	0-0-0-0-0-0-0-0-0-0-0-0	0-0-0-0-0-0-0-0-0-0-0-0	0-0-0-0-0-0-0-0-0-0-0-0	0-0-0-0-0-0-0-0-0-0-0-0
261	1	1-1-1-2-1-1-1-0-1-1-1-1	1-0-0-1-0-1-1-0-0-1-2-0	0-2-2-2-0-2-2-2-0-1-3-0	2-0-2-1-1-2-0-1-3-0-0-0	0-1-1-2-2-0-2-1-0-0-1-3	0-1-0-1-0-1-0-0-0-0-0-2	1-0-0-1-0-0-0-0-0-1-0-0	1-0-0-0-0-2-0-0-0-1-3-0	1-2-2-0-0-0-1-2-0-0-1-0	0-0-1-0-0-1-0-0-1-2-1-0	0-0-1-1-4-1-1-1-0-1-0-1	1-2-1-1-0-1-1-1-1-1-1-1
261	2	2-2-2-4-2-2-2-2-2-2-2-2	3-0-0-3-0-1-3-4-3-2-3-3	2-1-1-1-3-1-1-1-1-3-2-3	3-2-1-4-4-3-0-4-1-0-2-2	4-1-1-3-1-2-3-3-1-2-2-2	3-0-3-2-0-3-3-2-0-0-0-3	3-4-2-0-3-0-2-3-0-2-2-3	0-4-7-3-4-1-2-8-2-1-1-3	2-1-1-4-4-0-1-4-2-2-4-2	3-4-1-0-3-4-3-1-3-1-0-4	2-4-2-2-8-2-1-2-0-2-3-1	1-3-1-1-0-2-3-1-3-2-2-2
261	3	3-4-3-3-3-3-3-4-3-3-3-4	2-4-4-2-3-1-2-2-2-3-2-4	4-4-4-3-2-2-4-4-4-2-4-2	2-3-4-2-2-2-1-2-4-4-4-1	2-1-4-2-2-2-4-2-4-4-2-1	2-1-4-2-3-2-4-3-4-3-0-3	2-2-3-1-2-3-4-2-3-0-2-2	0-0-2-2-2-1-7-0-2-0-1-3	0-1-1-2-6-5-1-2-4-3-2-3	2-3-3-7-2-2-3-4-2-2-3-3	3-3-3-3-2-2-1-3-1-2-2-0	3-2-1-4-3-2-2-3-2-4-6-3
261	4	4-3-5-5-4-4-3-5-4-4-4-5	4-3-3-5-5-3-5-5-5-4-5-3	7-5-3-4-4-3-3-4-3-2-3-4	2-4-5-5-2-2-0-2-3-3-3-4	2-8-3-4-7-2-3-5-4-3-2-4	5-5-3-4-5-8-3-4-3-3-0-3	2-2-4-8-5-3-3-5-3-7-4-2	4-2-6-2-2-5-3-2-2-4-6-4	6-4-5-2-2-4-6-5-3-4-2-3	5-8-1-6-5-2-3-3-5-5-5-2	6-2-4-6-6-5-7-8-5-2-4-4	4-2-4-4-4-2-2-4-5-7-3-2
261	5	6-5-6-4-6-6-6-7-6-6-6-4	6-5-5-4-6-6-6-6-6-6-6-6	5-4-6-7-6-6-6-7-6-6-6-6	6-5-6-5-6-5-7-6-5-6-6-6	7-4-6-6-4-5-5-5-6-5-7-5	5-6-6-5-4-4-5-6-5-5-0-5	8-6-5-6-4-5-6-6-5-5-8-6	5-2-4-5-5-6-5-5-2-5-6-4	5-4-8-5-7-7-5-4-7-5-5-6	4-6-5-6-4-6-7-6-4-6-4-6	4-8-5-5-6-6-4-4-4-5-7-6	8-8-7-8-4-7-7-7-4-4-5-7
261	6	7-8-5-8-5-5-5-7-5-5-5-7	5-5-5-7-5-5-5-7-5-5-7-5	6-7-7-7-7-5-7-6-7-5-5-7	7-7-5-7-7-7-5-7-7-5-7-5	7-4-7-7-4-7-7-7-5-6-7-7	6-5-7-6-5-5-7-5-5-6-0-5	7-5-5-5-4-6-7-6-5-6-7-5	5-7-4-7-7-5-8-7-7-5-7-4	4-4-5-7-7-5-4-7-5-5-7-5	7-7-5-5-7-7-6-5-4-5-4-7	4-5-5-4-5-5-4-4-4-7-5-5	3-5-5-7-4-5-6-4-7-4-7-5
261	7	6-6-6-6-6-5-5-5-5-5-6-6	5-5-5-6-5-5-6-6-6-5-6-6	4-6-6-5-6-7-6-6-6-6-7-6	6-7-7-6-6-6-5-6-6-5-6-4	6-4-6-6-4-6-6-6-7-7-5-6	6-5-6-6-7-4-6-5-7-7-0-7	6-5-5-8-8-7-6-6-7-6-6-5	7-6-2-6-6-5-3-6-8-5-6-4	7-4-7-6-5-5-7-6-5-5-6-5	7-6-7-3-6-6-5-5-8-5-4-6	6-5-6-5-6-5-4-4-6-6-5-7	5-7-5-7-5-5-5-5-6-4-6-5
261	8	8-6-6-6-8-5-5-8-6-5-6-6	5-5-8-6-8-5-7-6-6-8-6-6	8-8-6-6-8-5-6-5-6-8-5-8	6-8-8-8-8-8-5-8-8-8-8-4	5-4-8-8-8-8-7-8-8-8-5-6	8-8-6-6-8-4-8-8-8-8-8-8	5-8-8-8-7-8-8-8-8-8-5-5	8-6-8-7-8-7-6-6-7-5-6-4	6-7-8-8-6-8-4-5-8-5-6-0	4-4-8-8-8-5-3-7-7-8-4-8	4-5-5-4-5-5-4-4-4-7-8-8	8-5-5-5-4-8-0-4-8-8-6-5
262	0	0-0-0-0-0-0-0-0-0-0-0-0	0-0-0-0-0-0-0-0-0-0-0-0	0-0-0-0-0-0-0-0-0-0-0-0	0-0-0-0-0-0-0-0-0-0-0-0	0-0-0-0-0-0-0-0-0-0-0-0	0-0-0-0-0-0-0-0-0-0-0-0	0-0-0-0-0-0-0-0-0-0-0-0	0-0-0-0-0-0-0-0-0-0-0-0	0-0-0-0-0-0-0-0-0-0-0-0	0-0-0-0-0-0-0-0-0-0-0-0	0-0-0-0-0-0-0-0-0-0-0-0	0-0-0-0-0-0-0-0-0-0-0-0
262	1	1-1-1-1-1-1-1-1-1-1-1-1	2-2-1-0-3-2-2-2-1-2-2-2	1-2-0-1-2-1-2-2-4-2-2-2	2-1-2-3-1-2-2-1-2-2-2-1	2-1-1-3-1-1-2-1-2-2-3-1	4-2-2-2-2-2-2-2-2-1-4-2	4-1-1-1-2-1-2-2-1-1-1-2	1-1-2-1-1-2-1-1-1-0-0-1	1-1-1-0-1-1-1-2-2-1-1-2	2-1-2-2-1-1-2-1-0-6-2-1	1-8-4-1-3-2-1-1-4-4-2-2	2-1-1-1-1-1-4-2-3-1-1-2
262	2	1-1-2-2-1-1-1-1-1-1-1-1	1-1-1-2-1-1-1-1-1-1-3-1	3-3-3-1-5-1-3-1-1-3-1-1	3-0-1-1-4-3-1-2-1-1-1-1	1-0-3-3-1-2-3-3-1-1-1-3	3-4-3-1-1-4-3-1-1-1-5-4	3-3-4-1-3-2-1-3-2-1-2-3	1-2-2-3-3-1-1-8-2-0-0-0	2-0-3-3-4-3-1-3-1-2-2-1	1-3-1-1-3-2-3-1-3-1-1-4	1-2-1-4-1-1-0-0-1-3-1-1	1-2-2-1-1-2-3-1-2-2-2-1
262	3	3-3-1-1-1-1-1-3-1-1-1-1	1-4-4-2-1-1-1-4-1-1-2-3	2-2-2-1-2-1-4-4-1-2-4-2	2-3-4-1-2-2-4-2-4-4-4-1	2-0-2-1-2-3-4-2-3-3-1-2	2-2-4-1-3-2-2-2-3-3-6-3	2-2-3-3-2-3-4-2-3-3-2-2	1-2-0-2-2-4-7-2-2-5-1-0	3-0-4-2-3-2-3-2-1-3-2-4	1-2-1-4-2-2-2-7-2-4-1-2	7-2-8-3-1-1-0-0-1-2-2-1	1-2-2-4-1-1-2-0-1-7-6-7
262	4	4-3-1-6-1-1-4-4-4-5-4-5	4-3-3-5-1-1-5-3-5-5-5-5	7-5-6-2-4-5-3-5-5-2-3-4	5-4-3-5-2-2-3-2-3-3-3-8	1-6-2-5-6-3-3-4-3-4-5-4	1-2-3-5-5-2-3-2-3-1-1-2	1-2-2-8-5-4-3-5-2-1-6-2	1-2-6-3-2-3-3-2-2-4-6-6	6-6-3-2-2-4-6-2-1-4-2-4	6-6-1-3-2-2-1-1-6-3-6-2	6-2-1-2-1-6-7-6-1-1-2-1	1-2-4-3-6-1-1-7-2-6-1-3
262	5	4-5-6-4-7-5-8-8-8-4-6-4	6-6-5-4-7-7-4-6-6-4-4-6	4-4-5-8-6-6-6-7-6-6-6-6	6-4-6-6-2-5-6-7-6-6-5-4	7-4-5-7-4-5-6-5-6-6-7-8	7-6-6-4-6-2-5-7-6-5-2-5	6-6-5-5-4-5-6-4-5-5-2-2	5-5-2-5-6-4-6-6-2-5-8-4	5-4-6-5-5-7-3-5-7-5-5-5	5-4-6-6-4-3-6-5-4-5-4-5	7-6-6-6-8-8-4-4-7-8-6-6	6-5-5-8-4-7-7-7-5-3-5-8
262	6	7-8-8-7-5-5-5-6-6-5-6-7	5-5-5-7-6-5-7-7-5-5-7-7	6-7-5-5-7-5-7-5-5-5-5-5	7-4-5-5-7-7-5-5-5-5-7-4	7-4-7-7-4-6-7-7-5-5-5-7	5-8-7-6-5-4-7-7-5-5-3-7	7-5-5-7-7-6-5-7-5-6-7-7	4-7-4-7-7-1-5-7-2-4-7-4	4-4-5-6-7-5-4-7-5-7-7-5	4-4-5-5-7-7-5-3-4-1-4-2	4-5-5-5-7-7-4-4-7-1-5-7	5-6-6-7-4-4-5-4-7-4-7-7
262	7	6-5-6-6-5-5-5-6-5-5-6-8	5-5-5-6-6-5-6-6-8-7-6-6	4-6-6-5-6-7-6-5-8-5-7-5	6-7-7-5-6-6-8-5-5-5-6-4	5-4-8-6-7-6-8-6-7-7-5-6	8-8-6-8-7-8-6-6-7-5-3-7	8-5-4-7-8-7-5-6-7-5-6-6	7-6-4-6-6-7-5-6-2-4-6-4	7-4-7-7-6-5-4-7-5-6-6-5	8-7-7-6-6-6-5-3-8-4-4-2	5-7-6-5-6-6-4-4-6-7-5-7	8-8-8-7-7-7-5-4-6-3-6-3
262	8	8-6-6-6-8-8-5-8-5-5-5-7	5-5-8-6-8-8-6-8-8-8-7-7	8-7-8-5-8-8-7-7-7-8-8-8	7-8-8-8-8-8-7-8-7-8-8-4	5-4-8-8-8-8-7-8-8-8-6-6	7-8-8-7-8-8-8-8-8-8-8-8	7-8-8-8-7-8-8-8-8-8-4-6	8-6-6-7-8-7-8-6-2-5-5-5	7-4-8-7-6-8-8-7-8-5-5-6	6-4-8-8-8-2-8-7-8-8-4-8	4-5-5-8-5-5-4-4-4-7-8-8	7-7-7-5-5-8-8-4-8-8-6-5
263	0	0-0-0-0-0-0-0-0-0-0-0-0	0-0-0-0-0-0-0-0-0-0-0-0	0-0-0-0-0-0-0-0-0-0-0-0	0-0-0-0-0-0-0-0-0-0-0-0	0-0-0-0-0-0-0-0-0-0-0-0	0-0-0-0-0-0-0-0-0-0-0-0	0-0-0-0-0-0-0-0-0-0-0-0	0-0-0-0-0-0-0-0-0-0-0-0	0-0-0-0-0-0-0-0-0-0-0-0	0-0-0-0-0-0-0-0-0-0-0-0	0-0-0-0-0-0-0-0-0-0-0-0	0-0-0-0-0-0-0-0-0-0-0-0
263	1	1-1-1-1-1-1-1-1-1-1-1-1	0-2-1-0-0-0-0-2-0-0-0-0	0-0-0-0-2-0-2-0-0-0-2-2	0-1-0-0-0-0-0-1-2-2-2-0	1-0-0-0-0-0-2-0-1-0-0-0	0-0-0-0-0-0-2-0-2-1-1-2	0-1-2-0-0-1-0-2-1-1-0-1	1-1-0-0-1-0-0-0-0-1-0-0	1-0-0-2-0-0-0-0-0-1-0-1	0-1-2-0-1-0-0-1-0-0-0-0	1-3-0-0-2-0-0-1-0-0-0-1	2-1-0-1-0-1-1-0-0-1-2-0
263	2	2-1-0-1-1-1-3-0-2-2-2-2	3-1-1-4-0-2-0-1-3-1-3-3	1-3-0-3-3-0-3-0-0-3-1-3	3-3-3-4-3-3-0-2-3-1-1-0	6-0-2-4-0-3-3-3-1-2-2-0	5-0-0-2-2-5-3-2-2-1-0-3	4-4-1-0-3-2-3-3-0-2-0-3	2-2-4-3-3-0-0-10-5-1-0-0	0-0-3-3-5-3-0-3-0-3-3-2	3-6-1-1-3-3-3-1-3-0-0-5	1-2-2-0-1-2-1-2-0-2-2-1	1-3-2-1-2-2-4-2-3-2-1-2
263	3	3-3-3-3-3-2-2-3-3-3-3-3	2-3-3-2-4-4-0-4-2-2-2-4	4-2-4-2-2-2-4-5-0-2-4-2	2-4-4-2-2-2-4-2-4-3-4-0	3-0-0-3-2-2-4-2-3-3-1-0	2-3-4-4-3-0-4-3-3-3-7-3	5-2-5-0-2-3-4-2-0-3-0-2	3-5-0-4-2-0-7-3-2-1-5-0	3-0-2-2-3-2-0-2-4-2-4-4	4-2-1-4-2-2-2-3-2-0-4-2	4-1-4-3-0-2-0-3-0-2-2-1	0-2-0-10-4-2-2-0-7-0-3-0
263	4	3-5-4-4-3-4-4-4-4-4-4-5	2-6-5-2-6-5-2-3-2-4-2-5	3-4-6-2-5-5-5-6-5-6-5-5	2-5-5-2-2-2-3-2-5-4-3-0	4-0-0-5-2-3-5-4-5-0-6-0	0-5-3-3-4-2-5-0-4-4-6-2	6-2-6-0-2-4-5-5-4-3-0-2	5-6-2-3-5-5-7-5-2-5-5-0	4-0-5-2-4-6-0-4-3-4-3-3	3-5-4-5-3-2-5-5-3-0-3-2	7-10-7-6-10-2-2-7-0-2-5-3	9-2-5-5-3-2-2-0-7-7-5-0
263	5	6-4-5-5-3-4-5-7-6-6-5-6	6-4-4-2-4-4-6-6-6-6-6-4	9-6-7-6-4-7-4-5-6-6-4-4	7-6-6-6-2-6-6-2-4-4-3-9	2-9-9-7-6-2-6-6-4-9-9-7	6-6-3-5-7-10-6-6-3-4-4-6	7-2-3-9-6-5-4-6-4-2-10-4	4-3-2-3-4-9-4-4-2-4-4-0	7-6-6-6-2-8-9-9-3-5-3-3	9-2-5-4-6-2-4-4-6-7-6-2	4-2-5-4-4-5-9-9-9-6-6-5	4-6-6-6-7-2-2-5-5-4-4-2
263	6	6-6-6-6-7-6-6-8-5-5-5-5	5-4-7-2-8-7-5-7-5-8-5-7	5-5-5-5-5-5-7-4-7-4-7-7	5-5-5-5-2-5-5-5-7-8-6-5	9-5-5-4-5-6-7-5-7-5-5-5	5-5-3-7-5-2-5-6-7-6-4-6	4-7-4-5-5-5-7-5-6-3-6-4	6-4-2-6-6-5-8-4-4-6-6-0	6-5-5-5-4-4-5-5-6-5-3-3	5-2-6-5-5-2-4-6-5-5-5-2	5-6-7-4-6-10-5-5-5-5-5-3	7-7-5-5-5-3-2-0-6-7-0-0
263	7	8-8-7-8-6-6-7-7-7-7-7-8	5-6-6-9-7-6-7-9-5-8-8-9	5-5-5-8-8-5-6-9-6-7-6-6	9-5-8-9-9-9-8-8-6-6-7-5	9-0-5-5-5-6-8-8-6-5-5-5	8-5-8-6-5-0-8-8-6-6-3-9	8-6-4-5-8-7-6-8-6-7-9-8	6-9-9-8-9-5-10-10-8-4-9-0	7-5-10-8-10-9-5-5-4-8-7-3	7-9-5-6-7-8-8-4-8-5-4-9	4-7-6-4-0-5-5-7-9-9-8-7	6-8-7-7-5-2-7-5-3-4-7-7
263	8	7-10-7-7-7-8-8-10-7-7-9-7	9-9-9-7-7-9-7-9-5-6-9-7	5-5-5-7-7-7-9-6-7-7-9-6	7-6-7-7-7-7-9-7-9-6-9-5	9-0-5-9-5-9-9-7-9-8-7-7	7-5-9-7-8-5-9-7-8-8-9-8	7-7-9-5-7-5-9-9-8-9-7-7	6-7-10-9-7-5-6-7-7-8-9-10	6-5-7-7-8-5-5-5-9-7-7-9	5-7-8-9-9-7-9-6-7-5-5-7	9-7-9-4-9-5-5-5-5-7-7-8	9-7-5-5-5-2-7-0-9-4-9-9
263	9	7-10-8-7-6-10-10-10-10-7-9-10	10-8-8-7-7-8-7-8-10-8-8-10	5-10-5-7-7-7-8-7-10-7-8-10	7-9-7-7-7-7-10-7-8-8-8-5	8-5-5-8-5-8-8-9-8-5-5-5	5-5-8-10-9-10-8-7-9-9-8-10	10-2-8-5-5-9-8-8-9-8-7-7	9-7-7-8-7-5-8-7-7-6-7-10	9-5-8-7-7-7-5-5-10-6-7-8	5-7-5-10-8-2-8-8-10-8-5-7	8-9-8-9-8-10-5-5-5-7-9-9	6-7-10-7-9-9-7-5-8-4-8-8
263	10	10-8-10-8-10-9-9-10-9-7-10-9	9-8-10-7-10-10-7-10-10-10-8-9	10-10-10-7-10-10-10-9-10-10-9-10	9-10-10-10-10-10-9-10-9-10-10-9	10-0-5-10-5-10-9-10-10-10-1-5	10-10-10-9-10-5-9-10-10-10-10-9	9-10-10-10-10-10-10-10-10-8-10-10	10-8-10-9-10-10-7-7-7-6-5-10	9-9-7-7-7-10-10-5-9-10-8-10	6-10-8-9-10-2-10-4-9-10-9-10	8-10-8-8-4-5-8-5-10-10-10-10	10-9-9-4-4-10-10-10-10-10-7-10
264	0	0-0-0-0-0-0-0-0-0-0-0-0	0-0-0-0-0-0-0-0-0-0-0-0	0-0-0-0-0-0-0-0-0-0-0-0	0-0-0-0-0-0-0-0-0-0-0-0	0-0-0-0-0-0-0-0-0-0-0-0	0-0-0-0-0-0-0-0-0-0-0-0	0-0-0-0-0-0-0-0-0-0-0-0	0-0-0-0-0-0-0-0-0-0-0-0	0-0-0-0-0-0-0-0-0-0-0-0	0-0-0-0-0-0-0-0-0-0-0-0	0-0-0-0-0-0-0-0-0-0-0-0	0-0-0-0-0-0-0-0-0-0-0-0
264	1	1-1-1-1-1-1-1-1-1-1-1-1	0-2-2-0-0-1-0-2-0-1-0-0	1-0-0-1-0-0-0-0-0-0-2-0	0-0-2-0-1-0-2-0-1-2-2-0	1-0-0-0-0-2-2-0-1-2-0-0	0-2-0-0-0-0-2-0-2-1-4-0	2-1-1-0-0-0-0-2-1-1-0-1	1-0-0-1-1-0-2-0-0-1-0-0	4-1-0-0-3-0-4-0-0-1-0-0	0-1-3-2-1-0-0-1-0-0-0-1	0-1-8-2-1-0-0-0-0-0-0-2	0-0-0-2-0-1-0-0-4-0-1-0
264	2	2-2-2-2-1-1-2-1-2-2-2-2	2-1-1-2-2-2-2-1-3-1-3-3	5-3-3-6-3-3-3-3-0-3-1-3	3-0-1-2-4-3-1-4-3-1-3-3	5-0-2-6-3-3-3-3-2-1-8-3	3-4-3-6-2-3-3-4-1-1-1-4	3-1-1-0-3-0-0-3-2-2-2-3	1-5-2-2-2-3-3-8-2-0-1-0	2-0-3-4-4-2-0-3-4-2-2-2	3-2-0-1-3-2-3-2-3-0-0-2	0-2-0-4-0-2-2-2-0-3-2-1	0-2-2-1-0-0-3-0-2-2-2-2
264	3	3-4-3-3-3-3-3-3-3-3-3-2	3-4-4-2-2-3-2-4-4-5-4-3	5-3-5-2-2-2-4-5-4-2-4-5	2-3-4-2-2-2-6-2-4-3-4-2	2-0-5-2-2-2-4-2-3-3-0-2	2-5-5-0-3-2-4-2-3-3-3-3	2-1-4-5-2-3-4-2-3-3-2-4	3-4-2-2-2-4-2-6-2-4-0-4	3-0-2-2-1-5-7-2-5-2-2-7	2-2-8-3-2-2-2-3-2-4-8-2	0-2-3-3-4-0-2-4-0-2-2-3	0-2-2-4-0-3-2-0-2-4-3-3
264	4	5-3-4-7-3-3-4-4-4-4-4-5	4-3-3-5-5-3-5-3-5-5-5-6	7-5-7-2-4-5-5-6-6-5-3-6	5-5-6-5-2-5-5-2-3-3-3-6	2-7-2-5-6-3-5-5-3-3-4-8	1-2-3-7-6-6-3-2-3-3-1-2	5-1-3-6-5-5-3-5-2-2-2-3	6-2-6-2-2-5-1-2-6-4-5-5	1-6-5-5-2-0-6-5-8-4-2-6	6-2-1-5-5-2-3-2-5-3-5-2	6-2-6-2-3-5-6-5-5-5-5-4	0-2-5-3-5-4-2-6-5-3-1-2
264	5	4-7-4-8-6-5-5-5-5-5-4-4	4-6-6-4-4-5-4-6-4-4-4-4	7-4-6-4-2-4-4-3-4-6-6-3	4-4-6-4-2-4-4-4-3-7-6-4	2-4-3-2-4-6-6-4-6-3-6-2	4-4-3-4-4-4-6-5-6-5-3-5	4-6-6-3-4-5-6-4-5-5-6-3	5-2-2-3-2-4-6-3-4-5-4-4	5-4-4-4-5-3-4-4-6-4-2-5	4-2-5-6-4-2-3-5-4-4-4-2	4-5-4-7-4-4-4-4-4-4-5-4	8-8-4-2-4-5-2-4-4-4-3-3
264	6	7-6-8-8-5-5-8-7-6-6-7-7	6-5-5-7-7-4-4-7-4-7-7-4	6-7-7-2-7-8-7-7-4-7-5-7	7-4-4-7-7-7-5-2-7-6-7-4	7-4-6-2-4-5-7-7-5-6-5-7	7-6-7-6-4-4-7-7-5-6-3-7	7-5-5-4-7-6-5-7-5-5-7-7	4-6-4-7-7-4-5-7-4-4-7-4	4-4-7-7-7-6-4-7-4-5-7-4	4-7-6-7-7-7-8-3-6-6-7-2	4-2-4-5-8-4-4-4-4-6-6-6	0-5-6-7-7-3-7-4-6-6-7-6
264	7	6-5-6-6-7-8-7-6-8-6-6-8	7-5-5-6-6-8-8-6-8-7-6-8	5-6-6-6-6-7-6-8-8-6-6-6	6-7-7-6-6-6-8-2-6-5-6-4	6-4-6-2-7-6-6-6-6-7-8-6	6-8-6-4-4-8-6-6-7-7-3-7	6-7-5-4-8-7-6-6-7-7-6-6	7-6-4-6-6-7-8-6-4-4-6-7	7-4-6-6-6-7-6-6-4-5-6-4	8-6-7-6-6-6-8-3-7-3-6-2	6-2-4-5-8-8-4-2-4-6-6-7	8-8-6-6-7-3-6-4-2-7-6-7
264	8	8-7-6-6-8-8-6-8-7-6-6-7	7-8-8-6-8-8-7-8-7-8-6-7	8-8-8-6-8-6-7-7-7-8-5-8	6-8-8-8-8-8-7-8-8-8-8-4	6-8-8-8-8-8-7-8-8-8-7-8	7-8-8-6-8-8-8-6-8-8-8-8	6-8-8-8-7-8-8-6-8-8-6-6	8-8-2-7-8-7-8-2-2-4-7-7	0-4-8-7-2-8-8-6-8-2-6-1	7-4-8-8-6-2-8-8-4-8-3-8	4-2-1-8-7-7-4-4-4-7-8-8	7-5-6-3-7-8-8-8-8-8-2-7
265	0	0-0-0-0-0-0-0-0-0-0-0-0	0-0-0-0-0-0-0-0-0-0-0-0	0-0-0-0-0-0-0-0-0-0-0-0	0-0-0-0-0-0-0-0-0-0-0-0	0-0-0-0-0-0-0-0-0-0-0-0	0-0-0-0-0-0-0-0-0-0-0-0	0-0-0-0-0-0-0-0-0-0-0-0	0-0-0-0-0-0-0-0-0-0-0-0	0-0-0-0-0-0-0-0-0-0-0-0	0-0-0-0-0-0-0-0-0-0-0-0	0-0-0-0-0-0-0-0-0-0-0-0	0-0-0-0-0-0-0-0-0-0-0-0
265	1	1-1-1-1-1-1-1-1-1-1-1-1	1-0-1-3-1-1-0-0-0-1-3-2	0-3-0-4-2-2-2-0-0-2-2-1	2-0-0-3-2-2-0-4-1-1-1-0	1-0-1-2-2-2-2-2-1-1-0-1	2-3-2-0-0-3-2-3-1-1-3-3	2-1-3-0-2-0-0-2-1-1-3-2	1-1-1-2-6-3-2-6-1-0-0-0	1-0-2-3-3-1-0-2-1-1-0-1	0-1-1-2-2-1-2-1-2-0-0-1	0-1-0-1-2-2-0-1-0-1-1-1	0-1-1-1-0-1-2-0-1-1-1-1
265	2	2-3-2-2-2-2-2-2-2-2-2-3	1-4-3-1-0-3-0-3-3-3-1-1	2-1-0-1-1-1-3-4-3-1-3-1	1-2-3-1-1-1-4-1-3-4-3-0	2-0-4-1-1-1-3-1-2-2-0-1	1-0-4-0-2-1-1-1-2-2-5-2	5-1-2-4-1-2-3-1-2-4-0-1	0-4-5-3-2-3-4-4-1-2-0-0	0-0-1-1-2-1-0-1-4-2-3-2	3-1-2-4-1-1-1-2-1-3-6-1	0-1-0-2-1-1-0-0-0-3-1-4	2-1-1-2-0-1-1-2-1-1-2-2
265	3	3-2-2-4-2-4-3-3-3-3-3-2	4-2-2-6-5-2-4-2-4-2-4-4	4-4-4-1-3-1-2-4-4-1-2-3	4-4-4-4-1-1-4-1-2-1-2-4	1-6-2-3-4-1-4-3-3-3-3-0	1-4-2-3-4-1-3-1-2-2-1-3	6-1-2-2-3-3-2-0-1-1-4-1	4-1-4-2-2-4-1-2-3-3-3-4	4-5-4-1-1-3-6-2-2-3-2-2	4-4-3-2-3-1-0-1-1-4-4-1	4-1-3-2-1-4-4-4-4-2-1-3	2-1-3-2-4-1-1-4-1-4-2-1
265	4	5-3-4-6-2-3-6-3-3-3-4-4	3-2-2-4-5-3-6-5-3-4-5-3	3-5-3-5-5-1-5-5-3-5-5-5	5-3-3-5-5-5-3-5-5-2-5-3	4-0-2-5-3-4-5-4-3-4-5-5	4-3-5-5-3-1-5-4-4-4-2-2	2-5-2-2-4-3-5-6-4-6-5-4	3-5-3-5-5-3-6-5-4-3-5-3	3-3-3-5-5-3-3-5-2-5-5-4	3-5-4-2-3-1-0-2-4-3-3-5	3-5-3-2-6-5-3-3-3-4-4-2	2-4-4-2-3-0-5-3-5-1-5-4
265	5	4-6-4-4-5-6-6-4-6-5-4-6	5-2-2-4-3-6-3-4-6-5-4-6	4-4-3-4-4-5-4-4-6-4-4-4	4-5-5-4-4-4-6-4-4-2-4-3	4-0-2-4-5-4-4-4-5-5-4-4	4-5-4-4-3-6-4-4-5-5-2-5	2-4-2-5-5-5-4-4-5-2-4-4	5-4-3-4-4-5-6-4-4-3-4-3	5-3-3-4-4-5-5-5-2-4-4-4	5-4-5-2-5-4-5-2-6-3-3-4	4-4-5-2-6-6-3-3-0-5-5-5	2-4-4-5-2-5-5-3-4-1-4-1
265	6	6-5-4-4-6-6-5-6-5-3-4-5	3-6-6-4-6-6-4-6-5-6-4-5	6-6-6-4-6-6-5-5-5-6-6-6	4-6-6-6-6-6-5-6-5-6-4-3	4-6-6-6-5-6-5-6-6-6-4-4	5-6-5-5-6-6-6-6-6-6-2-6	3-6-6-6-4-6-6-6-6-4-6-6	6-6-4-5-6-5-4-4-4-3-4-4	0-3-6-5-4-6-6-5-6-2-4-2	4-3-6-6-6-1-6-5-5-6-3-6	3-6-6-3-5-5-3-3-3-5-6-6	6-5-6-2-2-6-6-3-6-6-4-6
266	0	0-0-0-0-0-0-0-0-0-0-0-0	0-0-0-0-0-0-0-0-0-0-0-0	0-0-0-0-0-0-0-0-0-0-0-0	0-0-0-0-0-0-0-0-0-0-0-0	0-0-0-0-0-0-0-0-0-0-0-0	0-0-0-0-0-0-0-0-0-0-0-0	0-0-0-0-0-0-0-0-0-0-0-0	0-0-0-0-0-0-0-0-0-0-0-0	0-0-0-0-0-0-0-0-0-0-0-0	0-0-0-0-0-0-0-0-0-0-0-0	0-0-0-0-0-0-0-0-0-0-0-0	0-0-0-0-0-0-0-0-0-0-0-0
266	1	1-1-1-1-1-1-1-1-1-1-1-1	0-0-0-1-0-1-0-2-0-1-0-0	0-2-0-5-2-1-2-0-0-3-0-2	2-0-0-3-2-2-0-1-1-1-1-0	1-0-1-4-2-1-2-2-1-0-0-1	2-0-2-0-0-2-2-4-1-1-1-3	1-3-3-0-2-4-0-2-3-1-1-1	1-4-1-2-1-1-2-0-1-0-0-0	1-0-2-2-3-2-0-2-0-1-1-1	2-1-1-0-2-1-0-1-2-0-0-1	0-1-0-0-2-2-1-1-1-4-1-0	0-1-1-0-0-1-1-0-1-1-1-1
266	2	2-2-2-2-2-2-2-2-2-2-2-3	1-3-2-1-0-3-0-1-3-2-1-3	2-1-2-1-1-1-3-2-0-1-3-1	1-2-3-1-1-1-7-1-3-3-2-0	1-0-1-1-1-1-3-1-2-2-0-1	1-0-4-0-2-1-3-1-2-2-6-2	3-1-2-2-1-2-3-1-2-2-3-2	2-7-1-3-2-3-5-2-1-0-2-0	2-0-1-1-2-1-6-3-2-2-3-2	1-1-2-5-1-1-6-5-1-3-0-1	3-1-0-2-1-1-0-0-0-1-1-2	6-1-1-3-2-3-1-0-1-1-2-1
266	3	3-2-3-2-2-3-3-3-3-3-4-4	3-2-2-4-0-2-3-6-4-4-4-5	3-4-4-1-3-4-2-4-4-4-2-4	4-4-4-4-1-4-5-1-2-2-2-4	1-5-1-3-5-2-4-4-2-4-3-3	2-4-2-3-5-1-2-1-2-2-2-1	7-1-1-3-4-3-2-4-1-1-2-2	5-1-5-2-1-2-4-2-1-6-3-5	5-5-2-1-1-3-5-2-2-3-2-4	4-7-2-4-5-1-4-1-4-4-5-1	2-1-0-2-4-5-5-4-5-1-1-3	4-1-4-2-5-5-1-5-1-4-1-1
266	4	4-7-3-4-2-4-4-4-4-4-3-3	3-6-4-3-4-4-3-4-4-4-3-3	6-3-6-4-1-4-5-3-4-6-5-3	3-3-5-3-1-3-4-1-5-6-5-3	1-3-4-1-3-4-5-3-5-3-5-1	5-3-2-3-3-1-5-1-5-4-2-4	3-5-2-4-3-4-2-3-4-2-1-5	4-1-1-2-4-3-3-5-1-4-3-3	3-3-4-5-2-5-0-5-6-4-4-5	3-1-4-7-1-1-3-2-3-3-3-1	3-1-0-4-3-3-3-3-3-1-5-3	5-4-3-4-3-3-1-3-1-3-4-4
266	5	5-5-5-6-2-3-7-6-6-3-5-4	5-4-4-6-6-4-3-3-6-4-7-3	6-6-6-6-6-7-6-6-4-5-4-5	6-3-4-5-6-6-4-5-4-4-6-3	6-3-5-6-3-6-6-5-4-5-4-6	4-5-6-5-3-1-6-5-4-2-2-6	6-4-5-2-6-5-5-7-4-2-6-6	5-5-3-6-6-4-4-6-6-3-6-3	3-3-6-6-6-6-3-6-4-4-6-4	3-6-4-6-3-1-0-2-3-5-3-1	3-1-6-7-6-3-3-3-3-6-4-5	4-5-5-6-3-3-5-3-6-3-6-5
266	6	7-7-5-5-6-7-7-5-7-6-5-7	6-4-4-5-4-7-3-3-7-6-5-7	5-5-5-5-5-6-5-5-7-5-6-5	5-6-6-5-5-5-7-5-5-4-5-3	5-3-5-5-6-5-7-5-6-6-3-5	7-7-5-7-6-1-5-5-6-6-2-5	5-4-3-6-7-6-6-7-6-6-5-5	6-6-3-5-5-6-7-5-5-3-5-6	6-3-7-5-5-5-6-5-4-5-5-4	6-6-6-5-6-1-6-7-7-2-6-1	2-1-7-7-7-7-3-5-6-6-6-5	7-7-6-5-6-6-6-3-5-3-5-5
266	7	7-4-5-5-7-7-6-7-6-6-6-6	6-4-7-5-7-7-6-7-6-7-5-6	7-7-7-6-7-5-6-6-6-7-7-7	6-7-5-7-7-7-6-7-5-7-7-3	5-3-7-7-6-7-6-7-7-7-4-5	6-7-7-7-7-7-5-5-7-7-7-7	3-7-7-7-6-7-7-7-7-7-5-5	7-7-7-6-7-6-6-5-5-3-5-7	6-7-6-6-1-7-7-5-7-2-5-4	6-3-7-7-6-1-7-6-7-7-3-7	3-1-6-5-6-6-3-3-3-6-7-7	6-6-6-2-6-7-7-7-7-7-5-7
267	0	0-0-0-0-0-0-0-0-0-0-0-0	0-0-0-0-0-0-0-0-0-0-0-0	0-0-0-0-0-0-0-0-0-0-0-0	0-0-0-0-0-0-0-0-0-0-0-0	0-0-0-0-0-0-0-0-0-0-0-0	0-0-0-0-0-0-0-0-0-0-0-0	0-0-0-0-0-0-0-0-0-0-0-0	0-0-0-0-0-0-0-0-0-0-0-0	0-0-0-0-0-0-0-0-0-0-0-0	0-0-0-0-0-0-0-0-0-0-0-0	0-0-0-0-0-0-0-0-0-0-0-0	0-0-0-0-0-0-0-0-0-0-0-0
267	1	1-1-1-1-1-1-1-1-1-1-1-1	1-2-0-2-2-1-2-1-2-2-1-1	1-2-3-2-2-2-2-2-2-2-1-1	2-0-0-1-2-2-2-5-1-0-1-1	2-0-6-2-3-1-2-2-1-0-2-2	2-1-2-5-0-2-2-2-1-1-0-2	2-3-1-0-2-0-1-2-1-1-6-2	0-2-3-2-2-3-0-2-2-0-0-1	0-0-2-2-3-1-0-3-0-1-2-2	0-2-1-0-2-3-2-2-2-1-2-2	0-3-0-3-0-3-1-0-0-2-2-1	0-2-1-2-0-3-2-0-0-0-5-1
267	2	1-2-1-2-1-2-1-2-2-1-1-1	1-3-2-1-2-1-1-1-1-1-1-1	4-1-1-1-1-1-3-4-1-1-3-2	1-0-2-1-1-1-1-1-3-3-3-0	1-0-4-1-0-3-3-1-2-2-1-1	1-1-1-1-2-1-3-1-3-2-2-1	6-1-2-0-1-2-2-1-2-2-0-1	2-1-3-1-1-0-2-1-1-4-0-0	2-0-1-1-2-2-0-1-3-2-1-2	1-1-3-3-1-1-5-3-1-2-1-1	0-1-4-7-0-0-0-0-0-1-1-2	2-1-1-1-0-4-1-0-0-0-2-1
267	3	4-2-1-4-3-2-3-3-1-4-1-4	3-2-2-5-3-4-1-6-4-1-4-4	6-4-6-1-4-4-4-4-4-4-2-4	4-4-4-5-1-1-4-1-2-2-2-4	1-6-1-4-5-2-4-4-3-3-4-4	4-4-2-4-5-7-2-1-2-2-2-4	1-1-2-0-4-3-2-4-1-2-4-2	2-1-1-1-1-4-2-1-1-3-4-4	5-4-4-1-1-5-4-4-2-3-1-2	4-1-2-4-1-1-2-2-4-5-3-1	7-1-1-1-7-4-4-4-4-4-2-3	3-1-3-2-4-1-1-4-4-6-1-1
267	4	3-6-3-7-4-4-4-4-4-3-3-3	3-6-5-3-4-3-3-4-3-1-3-3	3-3-3-4-3-3-5-6-3-3-5-3	3-3-3-4-1-3-3-1-5-6-6-3	1-3-2-3-4-4-5-3-5-3-5-3	5-3-5-3-3-3-5-1-4-4-2-4	5-5-5-4-3-4-5-3-4-4-3-1	2-2-5-2-1-3-5-2-1-4-3-3	3-3-5-4-2-4-3-3-4-6-1-2	3-2-2-3-5-5-2-6-3-3-3-1	3-5-4-5-3-3-3-3-3-5-5-5	4-7-3-7-3-6-6-3-3-3-6-1
267	5	7-4-3-7-4-4-7-6-5-4-6-7	5-4-4-3-4-6-1-3-6-5-6-6	3-6-6-1-6-3-4-6-6-6-4-6	6-3-5-6-6-6-4-1-4-4-5-3	6-3-1-3-3-6-6-6-4-3-5-6	4-2-6-6-3-3-6-1-4-4-2-6	2-4-4-5-4-5-4-4-4-4-6-6	4-6-3-6-6-3-4-5-5-4-6-3	3-7-4-6-5-3-4-4-7-5-6-2	3-6-5-6-6-4-2-7-3-3-3-1	6-4-6-4-3-3-3-3-6-4-4-5	7-6-1-6-5-3-5-3-3-5-1-4
267	6	5-7-5-6-4-7-7-7-7-6-6-7	5-4-4-3-6-5-3-3-5-5-7-7	3-5-5-7-5-3-5-4-5-5-7-5	5-4-6-5-5-5-7-1-5-4-4-7	5-3-1-3-6-5-5-5-4-3-5-5	1-7-5-5-2-3-5-1-6-6-2-5	7-4-2-5-6-5-6-6-6-6-5-5	6-5-3-5-5-5-4-2-5-4-5-3	3-6-6-7-6-1-3-3-3-5-5-2	3-5-6-5-5-1-2-4-7-5-6-1	5-6-5-4-4-3-3-3-5-7-6-6	4-5-7-5-5-4-4-3-1-3-4-1
267	7	7-6-7-5-7-6-6-7-6-3-5-6	6-4-7-3-7-7-5-7-7-7-6-6	7-7-7-6-7-7-7-6-5-7-6-7	6-7-7-7-7-7-6-7-7-7-7-6	7-3-7-7-7-7-6-7-7-7-6-7	1-7-7-6-7-3-7-7-7-7-7-7	6-7-7-7-6-7-7-7-7-7-7-5	7-7-7-6-7-7-5-1-5-3-6-5	5-5-7-6-1-7-7-3-5-2-5-5	5-0-7-3-7-1-7-7-6-7-3-7	3-7-0-2-3-6-3-3-3-6-7-7	7-4-6-4-0-7-7-3-3-7-1-1
268	0	0-0-0-0-0-0-0-0-0-0-0-0	0-0-0-0-0-0-0-0-0-0-0-0	0-0-0-0-0-0-0-0-0-0-0-0	0-0-0-0-0-0-0-0-0-0-0-0	0-0-0-0-0-0-0-0-0-0-0-0	0-0-0-0-0-0-0-0-0-0-0-0	0-0-0-0-0-0-0-0-0-0-0-0	0-0-0-0-0-0-0-0-0-0-0-0	0-0-0-0-0-0-0-0-0-0-0-0	0-0-0-0-0-0-0-0-0-0-0-0	0-0-0-0-0-0-0-0-0-0-0-0	0-0-0-0-0-0-0-0-0-0-0-0
268	1	1-1-2-1-1-1-1-1-1-1-2-2	2-2-1-0-2-2-1-2-2-2-2-2	1-2-3-2-2-4-2-2-3-2-2-2	2-0-2-3-1-2-2-2-1-2-0-1	2-0-1-2-1-1-2-1-2-2-4-2	2-2-2-0-2-2-1-2-2-1-0-0	0-2-1-1-2-1-0-2-1-4-1-4	1-1-2-1-1-2-2-1-1-2-0-1	1-0-0-1-1-2-2-0-2-6-1-2	2-1-1-2-1-1-0-1-4-3-2-1	1-7-4-0-4-1-1-4-1-4-2-2	2-1-1-1-1-1-1-0-1-1-4-1
268	2	1-1-1-1-1-1-1-1-1-1-1-1	1-1-1-2-1-1-3-1-1-1-1-1	0-4-1-5-3-1-3-1-1-3-1-3	3-0-1-2-3-3-1-4-1-1-2-1	1-0-2-1-3-3-3-3-1-1-1-3	1-3-3-2-1-1-3-3-1-1-0-4	3-1-1-0-3-1-3-1-1-5-2-3	1-2-4-2-3-1-1-7-2-1-6-0	2-0-0-3-4-3-1-3-1-2-2-1	2-3-1-1-3-2-3-1-3-1-1-4	0-2-0-0-1-1-1-0-1-3-1-1	1-2-2-1-0-1-3-1-2-2-2-1
268	3	1-4-1-3-1-1-1-1-1-1-1-1	1-5-3-2-1-1-2-2-1-1-2-1	0-2-1-2-2-1-4-2-1-2-4-2	2-3-4-6-2-2-1-1-4-5-4-0	3-0-3-3-2-2-4-2-3-3-1-2	1-2-4-0-3-1-4-2-3-3-6-3	2-1-1-7-2-1-5-2-3-3-2-2	3-2-4-2-2-1-5-0-2-3-5-4	1-0-3-2-3-2-6-2-1-5-2-3	2-2-1-1-2-2-2-5-2-1-0-2	6-2-7-4-6-1-1-6-1-2-2-1	1-2-2-1-0-1-2-0-3-4-5-1
268	4	6-5-5-5-5-5-5-4-1-4-4-7	5-3-3-2-5-1-5-6-5-1-5-5	6-5-6-2-4-1-3-5-5-2-3-4	5-4-3-5-2-2-5-2-3-3-3-4	1-5-2-4-5-2-5-4-3-6-1-3	1-2-3-0-5-2-3-2-1-1-3-2	5-1-2-5-4-6-3-4-1-1-1-3	1-3-2-3-2-1-3-2-2-5-5-6	5-4-5-2-2-1-5-5-3-4-3-3	5-4-1-1-3-2-3-3-5-3-4-2	5-2-6-3-1-1-5-5-5-1-1-5	1-2-4-4-5-1-2-6-7-6-1-2
268	5	5-4-7-7-4-4-4-5-4-4-4-5	4-3-3-6-4-1-4-5-4-1-6-4	5-6-6-6-6-7-6-6-4-6-4-5	6-4-4-4-6-6-4-5-6-3-6-4	6-4-6-6-4-6-6-6-5-5-4-6	6-5-6-5-4-6-6-6-1-5-3-6	4-6-3-4-7-5-3-6-5-5-6-5	1-5-5-6-5-1-3-6-5-4-6-4	4-0-6-6-7-5-4-6-1-3-6-3	4-6-5-3-6-3-6-3-5-4-6-6	6-5-4-3-7-4-4-4-4-6-6-4	1-5-5-6-4-5-6-4-6-5-6-6
268	6	5-7-5-7-4-7-7-7-7-6-4-7	4-3-3-5-7-1-4-4-7-4-5-4	4-5-4-5-5-5-5-5-5-5-6-5	5-6-6-4-5-5-7-5-5-3-5-7	5-4-5-5-6-5-5-5-6-6-7-5	5-6-5-7-6-5-5-5-6-6-3-7	7-5-3-5-7-6-3-5-6-1-2-5	6-6-2-5-5-1-3-5-5-6-5-4	6-6-5-5-6-5-3-5-1-1-5-3	5-5-6-7-5-3-5-3-7-1-5-5	5-6-4-6-3-7-4-5-6-5-6-6	1-5-7-5-6-5-5-4-5-4-5-5
268	7	7-6-5-5-7-6-6-7-6-4-5-6	6-7-7-5-7-7-4-7-7-7-5-6	7-7-7-5-7-7-7-6-7-7-6-7	5-7-7-7-7-7-6-7-6-7-7-6	5-4-7-7-7-7-6-7-7-7-5-7	6-7-7-6-7-7-7-7-7-7-7-6	6-7-7-7-5-7-7-7-7-7-7-7	7-7-7-6-7-5-5-2-2-7-6-7	4-7-7-6-5-7-7-4-7-7-5-7	5-4-7-7-7-2-7-6-6-7-5-7	4-1-3-6-5-6-4-4-1-7-7-7	7-6-6-5-6-7-7-7-4-7-5-7
269	0	0-0-0-0-0-0-0-0-0-0-0-0	0-0-0-0-0-0-0-0-0-0-0-0	0-0-0-0-0-0-0-0-0-0-0-0	0-0-0-0-0-0-0-0-0-0-0-0	0-0-0-0-0-0-0-0-0-0-0-0	0-0-0-0-0-0-0-0-0-0-0-0	0-0-0-0-0-0-0-0-0-0-0-0	0-0-0-0-0-0-0-0-0-0-0-0	0-0-0-0-0-0-0-0-0-0-0-0	0-0-0-0-0-0-0-0-0-0-0-0	0-0-0-0-0-0-0-0-0-0-0-0	0-0-0-0-0-0-0-0-0-0-0-0
269	1	1-1-1-2-1-1-1-0-1-1-1-1	0-1-0-1-0-1-1-0-2-1-0-2	1-1-2-2-0-2-0-2-0-0-0-0	2-1-2-0-0-2-0-0-0-0-0-1	0-1-1-0-1-0-2-2-1-1-0-1	1-4-0-0-0-2-2-1-1-0-0-1	3-0-0-3-1-1-0-0-0-1-3-0	0-1-0-1-1-2-0-0-1-1-3-2	1-1-2-0-0-0-2-2-1-1-0-0	4-1-0-0-0-0-0-0-2-1-1-0	0-0-0-0-0-1-2-2-4-1-0-1	4-0-1-1-2-1-1-1-1-0-1-0
269	2	2-2-2-2-2-2-2-2-2-1-2-2	3-2-2-1-0-1-1-3-1-2-3-1	1-3-1-1-6-1-3-1-0-3-0-3	4-1-1-4-4-4-0-5-3-0-2-1	4-1-2-4-3-2-3-3-0-2-9-6	4-9-3-5-2-4-3-4-2-0-0-4	1-7-0-1-3-2-2-4-0-7-6-4	0-2-2-3-6-1-9-7-2-2-8-1	1-1-3-3-5-0-1-1-3-4-5-2	2-6-0-3-3-8-3-0-3-2-1-6	5-5-2-0-0-1-1-1-0-2-4-1	0-2-1-2-1-2-2-3-3-2-2-8
269	3	3-3-3-3-3-3-3-3-3-3-3-3	2-4-3-2-3-4-1-4-4-2-2-4	1-2-1-2-2-2-4-4-0-2-4-2	2-1-1-2-2-2-4-2-4-0-4-1	2-1-1-2-2-2-4-2-4-0-0-2	2-2-4-0-3-2-2-2-3-3-6-2	1-2-4-1-2-3-4-2-0-6-2-2	3-2-2-2-3-1-7-4-3-3-1-3	4-1-2-2-3-0-3-1-4-3-2-3	4-2-0-2-2-4-2-3-2-3-1-2	3-4-4-3-4-1-4-1-1-2-2-3	0-2-1-2-7-4-2-4-2-2-3-7
269	4	3-4-4-4-4-4-3-3-3-3-5-4	2-5-3-1-6-3-2-3-3-3-2-3	1-4-1-3-2-2-5-3-6-6-5-5	2-5-5-2-2-2-6-2-5-0-3-1	2-1-1-2-2-4-5-4-6-1-0-2	2-1-5-0-7-2-5-2-4-4-4-2	1-2-5-1-2-3-5-5-4-3-2-6	3-2-2-3-2-1-8-3-3-5-4-3	3-1-4-2-4-5-3-3-7-2-2-4	1-3-4-3-5-5-5-4-3-4-5-2	1-3-3-3-3-1-3-1-1-2-2-4	1-2-1-2-1-3-2-3-0-3-2-4
269	5	5-5-5-6-4-4-5-3-5-5-4-6	6-4-4-6-4-6-6-5-6-7-6-6	5-6-7-7-5-6-6-3-6-7-4-6	6-6-6-6-2-7-6-2-4-7-4-6	2-7-5-5-7-4-6-6-5-5-7-5	6-7-4-5-4-9-6-2-4-4-0-2	6-2-4-5-6-3-4-4-0-2-2-4	3-5-7-6-4-6-3-6-7-7-6-4	4-1-7-6-2-4-5-6-4-6-2-3	6-2-7-6-4-4-4-0-6-6-4-2	2-2-5-3-6-9-4-7-7-2-3-5	8-6-5-6-5-5-2-7-2-6-6-3
269	6	5-7-5-5-6-6-6-5-6-6-4-5	5-7-7-5-4-5-5-4-5-5-5-5	7-5-5-5-2-5-7-8-5-8-7-7	5-5-5-5-2-5-7-2-7-8-6-5	2-5-1-2-5-6-7-5-7-7-0-2	5-5-4-8-5-2-7-4-4-6-3-6	5-2-7-5-5-6-7-4-6-3-2-4	3-2-2-5-2-5-7-5-5-6-5-3	6-5-5-5-4-0-5-5-6-5-2-4	5-2-6-5-5-7-5-8-5-5-5-2	0-5-9-6-5-6-3-5-5-2-2-5	0-5-1-5-5-3-2-5-2-5-5-5
269	7	8-6-9-8-6-6-7-7-5-9-7-8	7-6-6-7-4-8-5-8-8-5-9-9	6-5-5-8-8-7-8-6-6-8-6-8	8-5-5-8-8-8-6-8-8-5-8-5	8-5-8-8-5-8-8-8-6-9-8-8	7-5-8-7-4-2-6-7-6-7-0-7	5-2-6-5-5-7-6-2-0-2-8-7	7-7-5-8-8-1-6-2-5-5-8-3	9-1-5-8-8-9-5-1-4-4-8-3	8-8-5-3-8-6-8-3-5-5-5-2	5-5-7-3-7-7-4-5-5-7-7-7	0-7-7-5-8-7-7-5-7-7-8-3
269	8	9-9-7-7-8-9-9-7-9-7-7-7	7-6-6-7-8-7-9-7-7-8-9-9	8-7-7-7-7-8-7-6-9-6-8-7	7-8-8-7-7-7-9-7-7-6-7-7	7-5-7-7-8-7-7-7-8-8-7-7	9-8-7-6-8-5-7-8-8-8-0-8	9-2-3-8-9-8-6-7-8-8-7-7	8-7-2-7-7-9-4-2-9-4-7-8	8-8-8-7-7-0-5-8-4-4-7-0	7-7-8-3-7-2-7-6-9-5-8-2	7-8-7-3-0-8-8-5-5-8-8-8	9-7-7-5-7-8-7-5-7-7-7-2
269	9	9-8-7-7-9-8-8-9-8-7-7-9	7-9-9-7-9-9-8-9-9-9-7-9	9-9-9-9-9-9-8-8-8-9-6-9	9-9-9-9-9-9-8-9-7-9-9-5	7-1-9-9-9-9-8-9-9-9-2-9	8-2-9-8-9-5-9-9-9-9-9-7	5-9-9-9-8-9-9-9-9-9-3-7	9-9-9-9-9-8-9-2-8-9-8-9	8-9-9-9-2-9-9-8-4-9-9-9	7-7-9-9-9-2-9-4-9-9-7-9	9-9-9-9-5-8-8-9-9-8-9-9	8-8-1-4-8-9-9-9-9-9-7-9
270	0	0-0-0-0-0-0-0-0-0-0-0-0	0-0-0-0-0-0-0-0-0-0-0-0	0-0-0-0-0-0-0-0-0-0-0-0	0-0-0-0-0-0-0-0-0-0-0-0	0-0-0-0-0-0-0-0-0-0-0-0	0-0-0-0-0-0-0-0-0-0-0-0	0-0-0-0-0-0-0-0-0-0-0-0	0-0-0-0-0-0-0-0-0-0-0-0	0-0-0-0-0-0-0-0-0-0-0-0	0-0-0-0-0-0-0-0-0-0-0-0	0-0-0-0-0-0-0-0-0-0-0-0	0-0-0-0-0-0-0-0-0-0-0-0
270	1	1-1-1-1-1-0-1-1-1-1-1-1	2-0-0-2-0-1-1-0-0-1-2-2	0-2-3-2-2-2-2-0-0-3-2-0	2-0-1-3-3-2-0-2-2-3-3-1	2-1-2-2-0-0-2-2-0-4-3-3	2-2-3-1-0-1-2-0-0-0-0-2	0-1-0-1-0-0-0-2-1-0-0-0	0-2-3-2-0-0-0-3-2-0-1-0	0-1-0-2-1-2-1-2-0-1-1-2	2-1-0-2-0-0-2-1-2-4-0-0	1-0-1-0-2-1-1-1-1-1-2-1	1-2-1-1-0-1-2-1-2-1-2-1
270	2	2-2-3-2-2-2-2-2-2-2-2-2	1-4-3-1-0-2-1-2-3-1-1-2	3-1-1-1-1-1-3-3-3-5-3-3	1-1-2-1-1-1-3-1-1-1-0-1	1-2-1-1-0-3-3-1-3-2-1-1	1-1-1-0-3-1-3-0-2-2-0-2	0-1-2-0-1-0-4-1-1-0-3-0	0-1-0-1-0-0-3-1-1-0-3-3	0-0-0-1-5-1-0-1-3-2-1-1	1-2-0-3-3-0-1-5-1-0-4-2	3-2-4-3-1-2-0-4-0-1-1-2	1-1-1-2-2-2-1-0-1-2-1-2
270	3	3-2-2-4-2-2-3-2-3-3-3-5	3-2-2-3-0-4-4-4-4-3-1-2	8-4-4-3-1-4-4-4-2-1-2-4	4-4-4-1-1-1-2-6-1-1-4-5	1-5-5-1-4-2-4-4-2-6-1-1	1-1-1-5-2-1-2-0-0-0-0-4	5-1-2-5-4-3-2-2-0-10-5-4	3-1-5-3-3-4-2-1-3-3-5-2	3-4-3-1-8-0-4-3-4-3-3-4	3-3-3-2-2-5-2-2-4-3-5-3	5-3-3-2-3-3-4-5-5-1-4-3	3-1-3-3-4-1-3-3-1-3-3-2
270	4	3-3-4-5-5-2-4-2-4-4-4-4	5-2-2-5-0-3-3-3-3-5-5-5	3-6-3-6-7-5-5-3-5-6-7-5	5-3-3-5-5-5-5-7-5-1-5-3	8-3-10-1-3-4-5-5-3-1-1-1	5-6-5-4-4-5-5-7-4-4-0-3	5-6-6-3-5-4-2-5-0-4-3-5	6-7-7-5-7-3-10-10-4-4-3-5	3-3-5-5-6-5-3-6-7-4-7-3	3-7-3-3-5-6-5-2-5-5-2-7	3-6-2-2-10-3-3-2-9-4-5-4	3-6-3-3-3-5-5-3-2-5-4-6
270	5	5-9-4-4-7-5-5-5-5-4-4-3	4-6-6-4-7-3-3-6-6-4-4-4	3-4-4-4-4-4-6-7-6-4-6-4	4-3-6-4-4-4-4-4-6-6-6-3	4-3-3-1-5-4-6-4-6-4-1-4	4-4-4-3-5-4-6-5-5-5-8-5	3-4-6-3-4-5-6-4-6-7-3-4	5-4-4-7-6-3-8-7-5-5-3-5	3-5-4-4-5-4-3-4-7-5-4-6	3-3-7-9-4-3-4-2-4-6-3-4	3-5-5-6-1-3-6-3-3-4-4-5	0-4-3-3-3-4-4-5-9-4-8-8
270	6	8-5-4-6-6-6-4-9-5-4-6-7	4-5-5-4-7-5-7-7-7-6-7-7	6-4-8-4-4-4-5-8-7-7-5-6	7-8-8-7-4-4-7-3-5-5-5-3	5-8-3-6-7-4-7-7-5-6-4-10	7-4-4-6-7-9-5-5-5-5-0-5	10-4-5-3-7-5-7-7-5-5-10-10	8-4-8-5-5-8-5-5-7-8-6-7	8-8-8-4-4-6-8-8-5-6-4-3	8-10-6-10-8-4-5-2-7-8-8-4	8-4-6-10-8-8-8-8-8-8-7-6	8-4-3-6-8-8-4-8-8-7-5-4
270	7	7-7-4-7-7-7-7-7-5-4-6-6	4-8-8-4-9-5-6-6-6-6-6-6	3-6-6-4-4-6-8-6-6-6-8-7	6-6-6-6-4-6-6-4-8-9-7-3	4-6-3-4-6-7-8-6-7-7-9-3	6-3-4-7-6-6-7-4-8-7-7-7	10-4-7-3-6-7-6-6-7-5-10-8	7-4-4-5-4-6-8-5-6-7-3-6	7-6-8-4-5-4-5-6-5-9-4-7	6-4-7-10-6-4-4-2-6-6-6-4	6-8-6-7-6-7-6-3-6-4-6-4	6-6-6-3-6-4-4-6-6-6-7-4
270	8	8-7-8-9-7-8-9-8-8-8-8-9	9-7-7-9-7-3-9-9-6-6-9-10	3-9-9-10-8-8-9-9-9-9-7-9	9-6-10-9-9-9-7-9-9-7-9-3	4-6-3-9-6-8-9-8-8-8-10-9	9-3-9-3-8-6-8-8-7-8-5-9	8-7-2-3-6-8-5-9-7-8-9-7	6-4-6-8-8-6-5-9-9-6-9-6	6-6-7-8-10-4-6-6-5-7-9-3	6-9-10-7-9-9-8-2-6-6-6-8	6-7-6-2-6-6-6-6-6-9-7-4	6-9-8-3-6-6-8-6-6-6-10-4
270	9	10-10-8-8-9-10-8-8-10-8-8-8	8-7-7-8-7-10-8-8-6-9-8-8	8-8-8-6-8-9-8-8-8-8-9-8	8-9-9-8-8-8-10-8-8-7-8-3	8-6-3-8-6-9-8-8-9-9-7-8	6-8-8-10-9-6-8-8-9-9-0-9	9-4-2-10-9-9-6-8-9-8-8-7	9-8-4-8-8-10-5-8-8-7-5-6	9-9-9-8-8-4-9-8-5-7-8-3	9-8-9-5-8-8-9-10-10-9-6-9	6-9-6-5-10-8-6-6-6-8-9-9	6-8-3-9-9-4-4-6-8-8-8-4
270	10	10-9-8-8-10-9-9-10-9-8-8-10	8-7-10-8-10-10-8-10-10-10-8-8	10-10-10-8-10-10-9-9-9-10-7-10	8-10-10-10-10-10-9-10-10-10-10-3	4-6-10-10-10-10-9-10-10-10-8-10	10-10-10-10-10-6-10-10-10-10-10-10	6-10-10-9-9-10-10-10-10-10-7-10	10-10-4-9-10-9-4-4-9-6-6-6	9-9-10-9-8-10-10-6-10-7-8-0	3-6-10-10-10-8-0-9-10-10-6-10	6-4-6-6-4-3-5-6-6-9-10-9	6-8-6-0-0-10-10-6-10-10-8-10
271	0	0-0-0-0-0-0-0-0-0-0-0-0	0-0-0-0-0-0-0-0-0-0-0-0	0-0-0-0-0-0-0-0-0-0-0-0	0-0-0-0-0-0-0-0-0-0-0-0	0-0-0-0-0-0-0-0-0-0-0-0	0-0-0-0-0-0-0-0-0-0-0-0	0-0-0-0-0-0-0-0-0-0-0-0	0-0-0-0-0-0-0-0-0-0-0-0	0-0-0-0-0-0-0-0-0-0-0-0	0-0-0-0-0-0-0-0-0-0-0-0	0-0-0-0-0-0-0-0-0-0-0-0	0-0-0-0-0-0-0-0-0-0-0-0
271	1	1-1-1-1-1-1-1-1-1-1-2-1	1-2-0-1-0-1-1-1-2-1-0-2	1-2-2-0-0-2-1-2-0-0-2-0	2-0-3-0-1-2-1-4-0-0-0-7	0-1-4-0-2-0-2-2-0-1-0-1	0-0-0-2-0-2-2-0-1-0-0-2	3-0-0-3-0-1-0-0-0-1-0-0	1-1-0-0-0-2-0-0-1-0-2-2	0-2-1-2-3-0-2-2-0-1-0-1	0-0-0-2-0-1-0-1-2-2-1-0	0-0-1-0-2-1-1-3-3-0-0-1	2-0-1-0-0-1-0-1-1-0-1-0
271	2	2-2-2-2-2-2-2-2-2-1-1-1	2-2-0-3-0-2-1-1-1-2-3-1	1-1-1-0-3-3-3-1-0-3-1-3	3-1-1-4-3-3-4-6-3-0-2-1	3-1-2-3-1-3-3-3-0-2-0-3	3-0-3-4-2-3-3-2-2-2-0-1	1-2-4-1-3-2-0-3-2-4-3-3	1-4-3-3-4-1-2-8-8-2-1-1	2-1-3-4-8-0-1-1-3-2-4-2	2-3-0-1-3-3-3-4-3-1-1-2	2-4-2-4-1-2-1-1-0-2-3-2	1-2-2-0-0-2-4-3-2-2-2-2
271	3	3-3-2-3-3-3-3-3-3-3-3-3	2-4-4-2-3-4-1-4-4-3-2-3	1-1-1-2-2-2-4-4-0-4-4-4	2-3-1-2-2-2-1-2-2-4-2-1	2-1-5-2-4-2-4-2-4-2-4-2	4-1-5-1-3-2-4-3-3-3-7-3	1-2-3-1-2-3-6-2-3-5-2-2	3-3-2-2-2-4-6-4-3-3-1-1	3-1-2-2-1-2-3-2-2-3-2-2	2-2-3-5-2-2-5-7-2-4-1-2	4-2-1-5-3-0-1-1-1-2-2-3	1-2-1-0-0-4-2-2-2-0-3-3
271	4	5-3-5-5-3-3-4-3-5-4-5-5	4-3-3-4-5-3-4-5-5-3-5-6	1-5-5-2-3-5-3-5-5-3-3-4	5-4-4-5-2-5-5-1-3-5-3-1	2-4-1-4-6-3-3-5-3-4-3-4	3-1-3-4-6-3-3-2-4-3-0-2	2-2-3-3-4-4-3-5-0-3-4-2	6-2-6-3-2-3-2-3-4-6-5-7	6-1-4-2-2-4-4-5-6-4-2-2	6-5-0-8-5-2-3-2-5-3-5-2	6-2-6-2-8-0-6-4-8-2-2-4	1-6-4-0-6-3-2-6-4-5-2-2
271	5	7-5-7-4-6-6-6-6-7-6-6-4	6-6-5-4-6-7-6-6-6-6-4-6	5-6-6-6-6-7-4-6-7-6-6-6	6-4-6-6-2-6-6-7-6-7-5-5	7-4-5-7-5-5-6-5-6-5-7-5	5-6-6-5-6-6-6-5-6-5-0-5	8-2-5-3-4-5-3-6-5-7-8-6	4-2-4-5-5-6-7-7-5-7-4-5	5-4-8-5-7-6-4-4-6-6-2-5	4-6-5-3-6-6-6-5-5-6-4-2	7-8-6-3-6-8-5-4-4-5-6-5	5-8-5-6-4-7-5-7-6-6-5-8
271	6	5-5-5-8-5-5-5-5-5-5-5-5	5-5-5-7-5-5-5-7-5-5-7-5	1-7-5-5-7-7-7-5-5-5-5-5	7-4-5-5-7-7-5-2-5-5-7-1	7-4-7-5-4-7-7-7-5-5-5-7	7-5-7-6-4-5-7-7-5-6-3-7	6-2-5-1-7-6-3-7-5-5-7-6	4-7-4-7-7-5-5-7-6-4-7-4	4-1-5-7-5-5-4-7-5-5-7-5	4-7-5-7-7-5-5-3-6-6-7-2	4-5-5-3-7-5-4-4-5-7-5-6	5-4-6-5-4-5-5-4-5-5-6-5
271	7	5-5-5-5-5-5-5-5-5-5-5-8	5-5-5-6-5-5-6-6-5-5-6-8	8-6-6-5-6-6-6-6-5-6-8-6	6-7-7-5-6-6-8-5-6-5-6-8	6-5-6-5-7-6-6-6-7-5-5-6	6-5-6-5-5-5-6-6-7-7-3-7	6-2-5-1-8-7-7-6-7-7-6-6	4-6-4-6-6-7-5-6-6-5-6-4	8-7-7-6-2-5-6-6-5-5-6-5	5-6-7-6-6-5-5-3-7-5-6-2	5-5-7-8-6-5-7-4-6-6-5-7	5-8-7-6-7-5-5-5-6-7-6-5
271	8	8-7-6-6-8-7-5-8-5-5-5-7	5-5-8-6-8-5-7-8-8-8-6-7	8-8-8-5-8-6-8-5-5-8-7-8	7-8-5-8-8-8-7-8-5-8-8-7	5-5-8-8-8-8-7-8-8-5-5-8	5-8-8-6-8-8-8-8-8-8-8-7	6-8-8-8-7-8-8-6-8-8-5-6	8-8-2-7-8-5-5-2-6-5-5-4	7-8-8-7-2-8-8-6-8-5-6-2	6-8-8-4-8-5-8-8-7-8-5-8	4-5-5-8-4-5-5-5-4-5-8-8	5-5-7-5-7-8-8-5-8-8-6-5
272	0	0-0-0-0-0-0-0-0-0-0-0-0	0-0-0-0-0-0-0-0-0-0-0-0	0-0-0-0-0-0-0-0-0-0-0-0	0-0-0-0-0-0-0-0-0-0-0-0	0-0-0-0-0-0-0-0-0-0-0-0	0-0-0-0-0-0-0-0-0-0-0-0	0-0-0-0-0-0-0-0-0-0-0-0	0-0-0-0-0-0-0-0-0-0-0-0	0-0-0-0-0-0-0-0-0-0-0-0	0-0-0-0-0-0-0-0-0-0-0-0	0-0-0-0-0-0-0-0-0-0-0-0	0-0-0-0-0-0-0-0-0-0-0-0
272	1	1-1-1-2-1-1-1-1-1-1-2-2	2-2-1-0-2-2-2-2-2-1-2-2	1-2-3-2-2-2-2-2-2-2-3-2	2-1-2-2-1-2-2-2-2-2-2-1	2-2-1-2-1-1-2-1-1-1-4-2	1-2-2-0-0-2-1-2-2-1-1-2	1-2-2-1-2-4-0-2-1-1-1-1	1-1-1-1-1-2-2-1-1-1-0-3	1-0-2-0-2-1-1-2-2-2-1-3	1-1-1-2-6-1-1-1-5-1-0-1	1-2-2-1-3-2-1-1-4-1-2-2	2-1-1-1-1-1-1-3-1-4-3-1
272	2	1-1-1-1-1-1-1-1-1-1-1-1	1-1-1-3-1-1-4-1-1-1-3-1	0-4-3-1-3-1-3-1-1-1-1-3	4-0-1-3-4-4-1-4-1-1-3-1	4-1-1-3-0-2-3-3-1-1-5-3	4-4-3-2-2-4-3-1-1-2-0-4	4-4-1-0-3-1-1-3-1-1-5-3	1-4-5-3-5-1-1-8-8-1-5-0	0-0-3-3-5-5-0-3-1-2-3-2	3-5-1-1-3-5-4-1-3-0-0-4	5-1-1-0-1-1-0-0-0-2-1-1	1-3-4-1-3-1-3-1-3-2-1-1
272	3	1-3-1-3-3-1-1-3-1-1-2-1	2-3-3-2-1-1-2-4-1-1-2-4	1-2-2-1-2-1-4-5-6-2-4-2	2-4-4-2-2-2-5-2-4-1-4-2	2-1-6-2-3-4-4-2-1-1-2-2	1-3-4-2-3-1-4-4-3-3-6-2	2-2-1-0-2-3-6-2-3-4-2-2	1-2-2-4-2-1-6-5-3-4-4-1	1-0-2-2-1-2-0-2-1-3-2-4	2-4-3-1-2-2-5-3-4-3-8-2	2-6-4-4-4-1-0-5-5-2-1-3	1-2-2-4-2-2-4-1-2-4-1-6
272	4	4-4-1-4-6-4-4-1-1-1-1-2	1-5-5-2-1-1-2-3-1-1-2-3	1-2-1-2-1-6-5-5-5-5-5-3	2-5-5-2-2-2-5-2-5-6-3-1	2-1-6-5-3-3-5-4-5-1-1-2	2-2-3-2-4-2-5-3-4-4-5-2	2-2-5-5-5-1-5-5-4-3-0-5	1-2-2-3-2-1-4-3-3-4-3-1	1-0-5-3-4-2-0-2-7-7-2-3	1-3-8-1-5-2-2-5-3-4-5-2	5-1-3-3-3-3-0-5-1-2-1-4	1-3-2-3-2-1-3-1-7-3-1-1
272	5	5-5-6-6-4-6-1-5-6-5-6-5	5-4-4-2-7-1-6-6-7-1-6-6	6-6-7-1-5-6-4-4-6-4-4-5	6-6-6-6-2-2-4-6-4-7-4-6	1-5-7-4-6-3-6-6-5-8-2-5	1-7-3-2-6-1-4-1-4-5-4-2	8-5-4-5-4-5-4-4-4-1-2-6	1-2-2-3-2-6-4-3-5-5-2-0	5-5-6-2-2-6-6-8-4-5-2-6	5-2-5-6-4-2-3-4-6-7-6-2	4-1-7-3-8-8-7-7-3-5-6-5	6-3-5-6-5-5-6-5-5-7-1-2
272	6	8-4-8-8-4-5-6-7-8-6-6-7	7-4-4-7-1-1-5-5-7-1-7-7	5-7-5-7-7-5-7-7-5-7-7-7	5-5-5-7-7-7-4-7-7-4-7-5	7-5-8-7-5-7-7-7-6-7-7-7	7-7-7-2-5-8-7-7-3-6-3-7	6-6-4-5-5-6-3-7-6-8-7-5	1-7-5-7-7-5-3-7-5-5-7-0	0-5-5-7-7-5-5-7-1-4-7-5	5-7-5-5-7-8-5-3-5-5-5-7	7-3-0-3-7-1-0-5-7-1-5-6	5-7-5-5-7-5-5-0-7-8-7-3
272	7	6-8-6-7-3-8-8-8-8-7-6-8	6-4-4-6-7-8-5-5-8-7-6-8	5-6-5-8-6-6-6-7-5-6-6-6	6-7-5-6-6-6-8-6-6-4-6-5	6-8-5-6-5-6-6-6-7-6-5-6	6-6-6-8-7-8-6-6-7-7-4-7	5-6-4-7-8-7-7-6-7-1-6-6	7-6-2-6-6-5-4-6-5-5-6-0	7-7-5-6-7-5-5-7-4-4-6-5	8-6-5-5-6-2-5-8-8-5-7-2	6-7-8-8-5-1-8-5-6-7-5-7	5-8-5-5-7-7-2-5-6-5-6-2
272	8	8-7-8-6-8-7-7-8-7-6-6-7	6-8-8-6-8-8-5-6-8-8-6-7	8-8-8-7-8-8-8-7-8-8-7-8	7-8-8-8-8-8-7-8-7-8-8-7	6-7-8-8-8-8-7-8-8-5-2-6	7-8-8-7-8-7-8-8-8-8-8-7	5-8-8-8-7-8-8-8-8-8-6-8	8-8-2-7-8-8-8-2-2-5-6-8	7-7-5-8-2-8-8-5-8-8-6-8	5-8-8-8-8-6-8-8-7-8-4-8	6-1-4-7-5-5-7-5-8-8-8-7	5-7-5-1-7-8-8-5-8-8-6-1
273	0	0-0-0-0-0-0-0-0-0-0-0-0	0-0-0-0-0-0-0-0-0-0-0-0	0-0-0-0-0-0-0-0-0-0-0-0	0-0-0-0-0-0-0-0-0-0-0-0	0-0-0-0-0-0-0-0-0-0-0-0	0-0-0-0-0-0-0-0-0-0-0-0	0-0-0-0-0-0-0-0-0-0-0-0	0-0-0-0-0-0-0-0-0-0-0-0	0-0-0-0-0-0-0-0-0-0-0-0	0-0-0-0-0-0-0-0-0-0-0-0	0-0-0-0-0-0-0-0-0-0-0-0	0-0-0-0-0-0-0-0-0-0-0-0
273	1	1-1-1-1-2-2-1-1-1-1-1-1	1-0-0-1-0-2-1-2-2-1-2-2	2-1-2-2-2-2-1-2-0-1-2-2	2-2-2-2-2-2-0-2-0-2-2-1	0-3-0-4-2-0-2-2-2-0-1-1	1-4-0-3-1-2-0-0-3-1-0-2	2-0-1-4-2-4-0-2-0-2-0-0	0-0-0-0-0-2-1-0-5-2-2-2	2-2-3-0-1-1-5-3-0-2-2-0	2-5-1-0-0-0-0-1-2-2-2-1	2-0-1-3-5-2-2-2-0-1-0-1	4-0-3-0-3-0-0-2-3-3-1-0
273	2	3-1-3-1-1-1-2-1-1-1-3-3	3-3-0-3-0-1-1-3-1-1-3-1	1-3-1-1-3-1-3-1-1-3-1-3	3-1-1-3-3-3-1-1-2-1-1-1	3-1-2-1-1-3-3-3-1-7-3-3	2-2-3-5-2-1-3-3-1-2-0-1	2-3-0-1-3-4-2-1-0-1-2-3	2-3-3-3-3-1-0-3-3-1-1-1	1-1-1-3-4-3-1-4-4-1-3-1	3-3-0-1-3-4-3-0-3-1-1-4	4-7-1-1-1-1-1-1-6-3-3-0	1-3-1-0-6-4-3-1-1-2-1-4
273	3	2-4-2-2-4-1-3-3-1-3-2-4	2-4-4-2-0-4-1-4-1-1-2-4	1-2-1-2-2-6-4-7-2-2-4-2	2-1-5-2-2-2-3-1-4-4-4-1	2-1-4-3-1-2-4-2-5-6-2-2	2-3-4-1-3-1-4-2-1-3-4-5	2-4-3-4-2-3-5-2-4-3-4-4	4-2-2-2-2-1-5-2-2-5-1-1	2-1-4-2-3-2-1-1-4-3-2-3	2-2-3-0-2-2-2-3-2-1-1-2	2-5-5-1-1-1-3-3-1-2-2-0	1-2-1-4-1-3-2-1-1-1-7-5
273	4	4-3-2-4-3-5-5-1-4-4-4-3	4-3-3-2-5-3-1-3-5-5-5-5	7-5-5-2-4-5-3-5-5-5-3-4	5-5-5-5-2-5-5-2-3-3-3-1	2-1-3-5-5-4-5-5-3-5-2-7	3-1-3-4-5-1-3-3-3-3-3-2	5-3-0-1-5-2-3-5-3-3-5-3	3-3-3-3-2-5-3-4-2-5-5-5	5-4-5-3-2-5-2-5-6-4-2-4	5-5-1-3-5-2-3-3-5-5-5-2	5-2-1-7-1-1-5-5-5-2-2-5	1-2-4-3-5-2-2-5-4-5-1-2
273	5	6-7-5-7-5-4-5-6-5-5-4-7	6-3-3-5-4-1-6-6-4-5-6-4	6-6-6-6-6-4-6-6-4-6-3-5	4-4-3-6-5-6-4-6-6-6-6-1	6-1-3-6-4-6-6-6-3-5-6-5	5-7-3-5-4-1-6-6-5-5-3-6	7-6-3-1-4-5-3-4-3-3-6-6	5-6-2-6-6-4-7-7-7-4-4-4	4-4-4-6-7-4-1-4-4-4-6-5	4-6-0-6-6-6-6-3-4-4-4-5	4-6-3-1-1-4-4-4-4-2-5-5	1-5-5-3-4-4-5-4-6-4-6-6
273	6	7-7-5-5-6-7-7-7-7-5-5-5	5-3-3-5-5-7-5-5-7-5-7-5	5-5-5-5-5-6-5-5-7-5-5-5	5-6-6-5-5-5-7-5-5-3-5-1	5-1-6-5-6-6-7-5-6-6-5-2	7-7-7-5-6-7-5-5-5-6-0-6	7-5-3-6-7-6-6-5-6-3-5-5	6-5-2-5-5-7-3-6-6-6-5-4	6-4-6-5-5-6-6-7-4-6-5-6	5-5-6-5-5-5-6-3-7-6-5-5	5-6-6-1-7-7-4-6-2-6-6-6	7-6-6-6-2-3-5-4-5-4-5-5
273	7	7-6-5-5-7-6-6-7-6-4-5-5	5-7-7-5-7-6-5-7-7-7-6-7	7-7-7-5-7-7-6-3-6-7-7-7	7-7-7-7-7-7-6-7-7-7-7-1	5-1-7-7-6-7-6-7-7-7-5-7	6-7-6-5-7-7-7-7-7-7-7-7	6-7-7-7-5-7-7-5-7-5-5-7	7-7-5-6-5-6-5-5-6-5-6-6	5-7-7-6-5-7-7-6-7-4-5-5	5-4-7-7-7-2-7-7-7-7-4-7	5-7-7-4-6-6-4-4-7-7-7-7	7-6-6-3-0-7-7-7-7-7-3-2
274	0	0-0-0-0-0-0-0-0-0-0-0-0	0-0-0-0-0-0-0-0-0-0-0-0	0-0-0-0-0-0-0-0-0-0-0-0	0-0-0-0-0-0-0-0-0-0-0-0	0-0-0-0-0-0-0-0-0-0-0-0	0-0-0-0-0-0-0-0-0-0-0-0	0-0-0-0-0-0-0-0-0-0-0-0	0-0-0-0-0-0-0-0-0-0-0-0	0-0-0-0-0-0-0-0-0-0-0-0	0-0-0-0-0-0-0-0-0-0-0-0	0-0-0-0-0-0-0-0-0-0-0-0	0-0-0-0-0-0-0-0-0-0-0-0
274	1	1-1-1-2-1-1-1-1-1-1-1-2	1-2-1-2-2-2-2-2-2-1-2-1	1-2-1-2-2-2-2-2-2-2-3-2	2-1-2-2-1-0-2-2-2-2-2-2	2-2-1-2-1-1-2-1-1-2-3-1	1-2-2-0-1-2-1-2-2-1-5-2	4-2-1-1-2-4-2-2-1-1-4-1	1-1-1-1-1-2-2-1-1-1-0-1	1-0-2-0-2-7-4-0-2-2-1-0	1-1-1-2-1-1-1-1-4-1-0-1	4-2-4-4-1-2-1-1-3-1-2-2	2-1-1-1-1-1-1-0-4-1-4-1
274	2	1-1-1-1-1-1-1-1-1-1-1-1	1-1-1-3-1-1-1-1-1-1-3-1	1-3-3-1-1-1-3-1-1-3-1-3	3-0-1-3-3-3-1-6-1-1-2-1	5-1-3-5-0-2-3-3-1-1-2-3	2-2-3-2-2-1-3-1-1-2-0-1	3-3-1-0-3-1-1-3-1-2-2-3	1-5-2-3-2-1-1-7-5-1-7-0	0-0-1-3-8-5-1-3-1-7-3-6	0-3-2-1-3-5-3-1-3-0-0-3	3-1-1-1-1-1-0-0-1-2-1-1	1-2-3-1-0-3-3-1-7-0-3-2
274	3	1-3-2-3-1-1-1-3-1-1-1-1	1-4-3-2-1-1-2-2-1-1-2-2	1-2-2-2-2-1-2-5-1-2-1-2	2-4-4-2-2-2-4-2-4-4-4-2	2-1-2-2-4-2-2-2-4-3-1-2	4-4-5-2-3-1-2-2-3-3-3-3	2-2-1-4-2-3-4-2-3-3-2-4	3-2-2-2-2-1-3-5-2-3-3-1	3-1-4-2-3-2-3-4-1-3-2-3	0-2-3-4-2-3-2-3-2-4-5-2	2-1-1-3-7-4-4-3-1-2-4-1	1-2-2-3-4-2-2-4-2-4-2-6
274	4	5-4-5-6-5-5-5-4-5-5-4-5	6-3-3-6-4-5-5-6-5-5-5-5	4-5-6-5-4-5-5-5-5-5-5-4	5-6-5-5-5-5-6-2-4-3-5-8	5-5-3-4-5-3-5-5-3-6-5-4	5-5-6-6-6-6-3-5-3-4-3-3	3-5-4-3-5-1-5-5-6-3-1-5	6-2-6-3-4-5-5-4-4-3-6-6	5-7-5-5-2-4-1-5-3-4-4-5	4-1-1-3-3-3-3-4-5-6-6-3	5-1-5-6-5-3-5-3-5-5-3-6	5-3-4-3-6-6-3-6-5-5-5-1
274	5	4-7-4-4-4-4-4-4-4-4-4-4	4-6-6-4-4-4-4-4-4-4-4-4	0-4-4-4-4-4-6-7-4-4-6-4	4-4-4-4-4-4-4-2-6-6-4-4	2-4-2-2-4-6-6-4-5-4-6-4	4-4-3-4-4-4-6-4-5-5-1-5	3-6-5-0-4-5-4-4-5-5-4-4	4-2-2-3-2-4-6-4-2-5-4-4	4-4-6-2-5-2-4-4-1-5-2-3	4-2-5-6-3-2-2-1-4-4-3-2	4-6-4-3-4-4-4-3-4-4-6-4	4-2-4-2-4-4-2-0-4-4-4-1
274	6	4-5-8-7-4-4-4-7-4-4-6-4	4-5-5-4-4-1-4-7-4-4-7-4	4-7-7-7-7-4-5-4-5-4-5-7	7-4-6-6-7-7-4-6-5-5-7-6	7-6-6-6-4-7-7-4-4-4-5-7	4-6-4-4-4-4-5-7-1-5-0-6	7-5-4-7-5-4-4-7-4-5-7-7	4-2-4-7-2-1-5-2-6-5-4-4	8-4-5-7-7-5-7-4-1-5-6-2	8-7-2-5-7-7-4-3-4-4-4-6	7-5-7-4-4-1-4-7-4-4-5-4	4-3-6-6-4-4-6-4-7-4-7-3
274	7	4-5-6-6-5-8-4-6-8-6-6-8	8-5-5-4-4-4-6-6-8-4-6-8	4-6-6-6-6-7-6-5-8-7-6-6	6-7-7-6-6-6-4-2-6-5-6-8	6-0-6-2-7-6-6-7-7-7-1-6	8-8-8-7-4-4-6-6-7-5-4-7	8-2-4-7-8-7-4-6-7-5-6-6	7-6-2-6-2-1-5-2-6-5-4-4	7-4-6-7-6-1-6-7-1-2-6-2	8-7-7-6-6-6-7-3-8-4-7-2	6-7-7-4-8-8-7-6-6-7-1-7	8-7-7-6-6-7-7-4-6-0-6-2
274	8	8-7-6-4-8-8-4-8-7-4-7-7	7-8-8-4-8-8-4-8-8-8-4-4	8-7-8-4-8-8-7-7-7-8-8-8	6-8-8-6-8-8-7-8-7-8-8-7	8-4-8-8-8-8-7-8-8-8-6-8	7-8-8-4-8-4-8-8-8-8-8-7	7-8-8-8-5-8-8-8-8-8-7-6	8-8-8-7-8-4-8-2-7-8-4-4	7-8-8-7-2-8-8-6-8-8-6-2	7-8-8-8-8-2-8-7-7-8-7-8	4-1-8-8-7-7-5-8-4-4-8-7	7-7-7-3-4-8-8-4-8-8-6-8
275	0	0-0-0-0-0-0-0-0-0-0-0-0	0-0-0-0-0-0-0-0-0-0-0-0	0-0-0-0-0-0-0-0-0-0-0-0	0-0-0-0-0-0-0-0-0-0-0-0	0-0-0-0-0-0-0-0-0-0-0-0	0-0-0-0-0-0-0-0-0-0-0-0	0-0-0-0-0-0-0-0-0-0-0-0	0-0-0-0-0-0-0-0-0-0-0-0	0-0-0-0-0-0-0-0-0-0-0-0	0-0-0-0-0-0-0-0-0-0-0-0	0-0-0-0-0-0-0-0-0-0-0-0	0-0-0-0-0-0-0-0-0-0-0-0
275	1	1-1-1-1-1-1-1-1-1-1-1-1	0-0-1-0-0-0-0-2-0-1-0-0	1-0-0-1-0-0-2-0-0-0-2-2	0-0-0-0-0-0-0-1-2-1-2-0	2-0-0-0-0-2-2-0-1-0-0-0	0-0-0-0-0-0-2-0-2-1-0-0	2-1-2-0-0-0-0-0-1-1-0-0	1-1-0-0-1-0-2-0-0-1-0-0	1-0-0-0-0-1-1-0-2-1-0-0	0-0-1-0-0-0-0-1-4-0-0-0	0-2-1-1-1-0-0-0-0-0-0-1	2-1-0-1-0-1-0-0-0-1-1-1
275	2	2-2-2-1-1-2-2-1-2-2-2-3	3-2-1-3-1-3-3-1-3-3-3-3	5-3-0-4-4-3-3-1-0-3-1-3	3-0-2-2-4-3-0-2-3-1-1-2	4-0-3-4-3-1-3-3-3-0-4-3	3-2-3-2-3-4-3-3-1-2-0-2	1-1-1-0-3-0-3-3-2-5-3-3	1-4-2-3-4-2-1-5-2-0-2-0	0-0-3-3-5-4-0-3-1-2-3-2	0-4-0-0-3-4-3-1-3-2-0-2	0-1-1-1-0-2-0-0-0-3-3-2	1-3-2-2-0-0-2-0-2-0-2-4
275	3	3-3-2-3-3-3-3-3-3-2-3-2	2-4-3-2-4-3-2-4-2-2-2-4	4-2-6-2-2-2-4-5-4-2-4-2	2-3-2-2-2-2-4-2-4-3-4-0	2-0-2-2-2-5-4-2-3-3-0-2	2-2-4-2-2-2-2-2-1-3-8-3	4-1-3-0-2-3-6-4-3-3-2-2	3-2-2-4-2-0-5-0-2-3-5-3	3-0-2-2-3-2-5-4-4-2-2-4	0-0-3-4-2-2-2-1-2-3-3-2	4-4-8-3-4-0-4-5-0-2-2-4	0-2-2-0-0-5-4-0-5-0-2-2
275	4	4-4-2-4-3-4-4-4-4-4-4-2	2-3-5-2-5-4-2-3-6-4-5-5	8-2-5-4-2-2-5-6-5-5-5-3	2-5-5-2-2-2-3-2-5-3-3-0	2-0-4-5-2-3-5-4-5-0-2-2	2-2-3-2-4-2-5-4-6-4-3-2	3-1-4-4-5-6-4-5-4-3-5-2	4-2-2-3-2-9-8-7-2-4-5-9	4-0-5-2-4-2-3-3-8-7-2-3	0-2-6-5-5-2-5-4-9-4-4-2	3-3-3-4-5-0-3-3-0-2-2-4	4-5-2-2-4-4-3-0-2-5-7-2
275	5	4-4-5-6-3-4-5-8-5-5-6-6	5-3-4-6-4-4-6-7-4-6-6-4	6-6-7-8-5-8-4-7-4-4-4-5	6-6-7-2-2-6-3-5-4-7-3-7	4-5-7-4-6-3-6-6-4-7-6-2	6-6-3-2-5-2-6-6-1-4-4-2	6-1-4-7-6-5-4-4-5-2-4-6	2-3-8-6-2-6-4-2-7-7-3-9	7-0-6-6-2-2-7-6-4-2-2-4	9-2-5-4-6-7-6-4-6-6-7-2	5-5-6-3-6-9-7-8-6-6-6-5	6-4-5-6-5-3-2-5-3-6-3-5
275	6	5-7-5-5-6-6-6-6-6-6-5-5	5-7-8-5-4-7-5-8-4-5-5-7	5-5-8-5-5-7-5-8-7-5-7-6	5-5-5-4-2-5-8-2-7-4-7-5	2-5-5-4-5-6-5-5-6-7-5-2	5-5-4-8-5-2-5-8-4-6-3-6	5-7-4-5-5-6-4-4-6-6-8-5	6-2-0-5-2-5-7-5-5-6-9-9	9-6-5-5-4-2-5-5-7-6-2-3	0-2-4-5-5-5-5-4-5-5-5-2	8-7-5-7-5-5-8-5-5-5-5-5	5-2-5-5-6-6-2-0-5-5-5-7
275	7	7-9-9-8-6-7-8-7-7-8-7-8	7-6-6-8-8-6-9-8-8-6-8-8	8-8-8-7-8-6-8-8-8-8-6-8	8-7-5-7-8-8-6-7-8-5-8-5	8-5-5-8-2-8-8-7-7-7-8-8	9-9-8-7-7-7-8-8-4-7-3-8	5-7-4-5-7-7-6-9-7-7-8-8	6-7-9-8-8-5-9-8-5-7-8-0	5-0-5-7-8-7-5-8-6-8-8-9	9-8-5-5-8-8-7-4-5-5-5-8	8-6-8-8-8-5-5-9-5-7-5-8	5-8-5-5-9-8-7-0-8-7-8-8
275	8	7-9-7-7-6-9-7-5-9-7-7-9	8-6-6-7-7-9-7-7-7-8-7-7	9-7-7-5-7-8-7-9-7-7-7-7	7-8-8-7-7-7-6-7-7-5-7-9	7-5-9-7-8-7-9-8-8-8-7-7	9-9-7-9-8-9-7-7-8-4-3-7	9-8-4-5-9-8-8-9-8-7-7-7	6-7-5-7-7-8-4-7-8-0-7-8	8-8-5-8-7-7-8-8-4-7-7-7	9-7-5-5-7-7-7-9-9-5-7-7	7-8-7-7-6-5-8-8-6-9-7-9	6-7-5-5-8-7-8-0-7-7-7-7
275	9	9-7-7-7-9-9-8-9-7-7-7-8	8-6-9-7-9-9-7-7-8-9-7-7	9-8-9-8-9-8-8-8-8-9-7-9	7-9-9-9-9-9-8-9-8-9-7-8	7-9-9-9-9-9-8-9-9-9-7-7	8-9-9-9-9-9-9-9-9-9-9-9	8-9-9-5-8-9-9-9-9-9-9-9	9-9-7-8-9-8-7-7-5-9-6-6	6-9-9-8-7-9-9-5-4-7-7-7	7-9-9-9-9-7-9-8-8-9-9-9	7-9-6-4-6-5-9-7-9-8-9-8	8-8-5-6-7-9-9-9-9-9-7-9
276	0	0-0-0-0-0-0-0-0-0-0-0-0	0-0-0-0-0-0-0-0-0-0-0-0	0-0-0-0-0-0-0-0-0-0-0-0	0-0-0-0-0-0-0-0-0-0-0-0	0-0-0-0-0-0-0-0-0-0-0-0	0-0-0-0-0-0-0-0-0-0-0-0	0-0-0-0-0-0-0-0-0-0-0-0	0-0-0-0-0-0-0-0-0-0-0-0	0-0-0-0-0-0-0-0-0-0-0-0	0-0-0-0-0-0-0-0-0-0-0-0	0-0-0-0-0-0-0-0-0-0-0-0	0-0-0-0-0-0-0-0-0-0-0-0
276	1	1-1-1-1-1-0-1-0-1-0-1-1	2-0-0-1-1-1-0-2-0-1-0-0	0-2-0-4-2-1-2-0-0-4-0-2	3-0-0-2-2-2-0-3-2-0-1-0	1-0-1-0-3-1-2-2-1-0-0-1	2-0-2-0-0-3-2-1-1-1-0-3	2-4-1-0-2-1-0-2-1-1-2-2	1-1-1-2-1-0-0-4-1-0-0-0	1-0-2-2-4-1-0-2-0-1-1-1	0-3-0-0-2-1-0-1-2-0-0-4	0-1-0-0-0-1-0-1-0-1-1-4	0-1-1-0-0-1-2-0-1-1-1-1
276	2	2-2-1-2-2-2-2-2-2-2-2-2	1-4-2-0-3-1-0-1-0-2-0-3	1-1-0-1-1-4-3-4-0-1-3-1	1-2-3-1-1-1-0-1-3-2-3-0	2-0-0-2-2-3-3-1-2-2-0-1	1-0-3-0-2-1-1-1-2-2-2-2	3-1-2-2-1-2-1-1-2-2-1-1	2-4-1-3-2-0-5-0-1-0-2-1	0-0-1-1-2-1-0-1-4-2-1-2	0-1-2-0-1-2-3-2-1-0-0-1	1-1-0-2-7-0-0-2-0-1-1-2	0-1-1-3-3-1-3-0-5-1-5-2
276	3	3-3-1-3-2-3-3-3-3-3-3-3	3-2-4-1-2-3-0-2-5-3-1-4	4-3-4-1-1-1-4-4-4-5-4-2	1-4-4-4-1-1-5-1-4-5-2-0	1-0-3-5-1-2-4-3-4-1-1-1	1-0-2-0-3-1-4-1-3-3-3-2	2-1-3-3-1-3-4-4-3-3-4-3	4-3-1-2-4-7-5-0-1-3-3-4	3-0-4-1-3-4-6-1-7-6-2-2	4-1-6-4-4-2-4-3-7-4-0-1	5-1-7-7-4-1-0-2-0-1-1-3	3-1-1-2-3-6-2-0-0-3-3-0
276	4	3-3-4-4-5-3-4-6-4-4-4-4	4-2-3-5-5-3-5-5-3-6-6-3	5-5-5-6-1-6-3-5-3-1-3-4	5-5-5-3-1-1-5-5-3-6-6-0	3-5-5-3-5-2-5-4-3-5-5-4	7-5-2-0-4-1-3-1-2-2-3-5	2-1-3-4-4-2-3-3-3-1-3-3	3-2-6-2-3-5-3-1-5-4-4-7	5-6-5-1-1-3-4-5-2-4-1-3	5-1-3-3-3-1-3-3-5-5-4-1	4-1-4-0-5-7-5-6-5-4-5-4	4-1-4-4-5-4-4-4-1-6-1-4
276	5	6-7-5-7-6-5-5-5-7-5-5-6	4-2-3-7-5-3-4-4-3-5-6-6	4-6-4-6-6-5-6-6-6-6-6-5	6-4-4-5-6-6-3-6-6-3-5-0	6-4-4-3-4-5-6-5-5-5-7-6	6-6-6-5-3-4-6-5-3-2-2-6	5-6-3-4-5-5-5-6-5-5-5-5	0-5-4-6-6-4-7-6-6-4-4-0	4-0-4-5-7-5-4-4-3-3-6-2	4-6-3-3-6-2-5-3-4-4-4-1	6-5-4-3-4-4-4-4-4-6-4-3	4-5-4-4-6-5-5-4-6-5-6-6
276	6	5-7-5-5-5-7-7-7-7-6-6-7	7-2-3-5-5-7-5-5-6-4-5-5	7-5-5-5-5-4-5-5-5-5-7-5	5-4-4-5-5-5-7-5-5-4-5-7	5-4-4-5-6-5-7-5-6-6-5-5	7-5-5-6-6-4-5-5-6-2-2-7	5-5-3-4-5-6-5-7-6-6-1-5	6-5-4-5-5-4-3-5-5-6-5-0	6-6-4-5-3-5-3-4-3-3-5-2	5-5-3-7-5-1-5-7-6-0-4-1	5-6-3-6-6-4-6-4-4-5-5-5	4-7-7-4-5-5-5-4-5-4-5-5
276	7	7-6-5-5-7-6-6-7-5-5-5-6	6-7-7-5-7-7-5-5-7-7-5-5	7-7-7-5-7-7-7-6-7-7-6-7	6-7-7-7-7-7-6-7-6-7-7-6	5-4-7-7-6-7-6-7-7-7-5-7	6-7-7-7-7-7-6-7-7-7-7-6	6-7-7-4-7-7-7-7-7-5-7-7	7-7-5-6-7-3-5-5-1-7-4-7	6-7-7-7-1-7-7-4-3-5-5-4	5-7-7-7-1-5-7-6-6-7-2-7	0-1-3-3-2-4-6-6-4-7-7-7	7-6-4-4-5-7-7-4-7-7-5-7
277	0	0-0-0-0-0-0-0-0-0-0-0-0	0-0-0-0-0-0-0-0-0-0-0-0	0-0-0-0-0-0-0-0-0-0-0-0	0-0-0-0-0-0-0-0-0-0-0-0	0-0-0-0-0-0-0-0-0-0-0-0	0-0-0-0-0-0-0-0-0-0-0-0	0-0-0-0-0-0-0-0-0-0-0-0	0-0-0-0-0-0-0-0-0-0-0-0	0-0-0-0-0-0-0-0-0-0-0-0	0-0-0-0-0-0-0-0-0-0-0-0	0-0-0-0-0-0-0-0-0-0-0-0	0-0-0-0-0-0-0-0-0-0-0-0
277	1	1-1-1-1-1-1-1-1-1-1-2-1	2-1-1-2-0-1-2-1-2-2-2-2	1-0-2-2-1-2-2-1-0-2-1-1	2-0-0-2-2-2-3-5-1-0-2-1	2-2-2-2-3-1-2-2-1-0-2-2	2-2-2-2-0-3-2-2-1-1-0-2	2-3-1-0-2-0-1-2-1-1-0-2	1-2-1-2-2-3-1-2-2-0-0-1	3-0-2-2-3-1-3-2-0-2-2-1	2-2-1-2-2-3-2-1-2-0-5-3	3-3-2-3-2-1-1-0-3-2-2-1	0-2-1-1-0-3-2-0-5-0-2-3
277	2	1-3-1-2-4-2-2-2-1-1-1-3	1-3-2-1-1-3-1-3-1-1-1-3	2-2-1-1-1-1-3-6-0-3-3-2	1-2-2-1-1-1-1-1-3-3-3-1	1-1-1-1-1-3-3-1-2-3-1-1	1-1-3-1-2-1-3-1-2-2-4-4	1-1-2-2-1-2-4-1-2-2-1-1	3-3-3-1-1-1-4-1-4-2-0-2	2-0-1-1-2-1-2-1-5-2-1-3	1-1-2-2-1-1-3-2-1-2-1-1	0-1-1-4-1-0-1-5-5-1-1-2	5-1-1-3-0-2-1-1-1-1-1-1
277	3	3-2-1-3-2-3-3-4-4-3-3-2	4-2-2-1-4-2-1-2-4-4-4-4	5-3-4-1-3-1-2-3-4-3-2-3	4-4-3-4-1-1-4-1-2-2-2-4	1-4-1-4-4-2-4-4-2-2-1-0	2-1-2-1-4-1-2-1-2-2-2-2	3-1-1-2-4-1-2-4-2-2-4-2	2-2-2-2-1-4-2-1-2-4-4-4	4-3-4-2-1-3-4-1-4-3-1-4	4-4-3-2-4-1-2-2-4-4-4-1	4-1-5-1-6-4-4-4-4-1-3-3	4-1-3-2-4-1-1-4-4-5-1-1
277	4	4-4-4-6-2-5-4-3-3-3-3-4	3-2-2-5-4-2-6-5-3-3-5-3	3-5-3-6-5-6-5-5-5-5-3-5	5-3-4-5-5-5-3-4-5-5-5-3	4-3-5-5-3-4-5-5-3-4-5-5	5-5-5-4-3-1-5-5-4-4-2-2	6-5-2-3-5-4-2-5-2-2-5-6	4-5-5-5-5-3-2-5-2-3-3-3	3-6-3-5-5-5-5-5-3-5-5-3	3-5-4-6-3-5-2-1-3-3-3-1	3-5-3-2-0-3-3-3-3-3-4-4	3-2-3-5-3-5-5-3-3-3-1-1
277	5	4-6-4-4-4-6-6-6-6-5-5-6	6-2-2-4-5-5-3-4-6-1-4-4	3-4-3-6-4-4-4-4-4-4-5-4	4-5-5-4-4-4-6-1-4-4-4-6	4-6-4-4-5-4-6-4-5-5-4-4	4-6-4-5-3-6-4-4-5-5-2-5	6-4-2-5-4-5-6-4-5-2-4-4	5-4-4-4-4-5-2-4-1-5-4-3	5-5-5-4-4-4-4-4-2-4-4-3	5-4-5-4-5-4-4-1-5-5-1-1	1-5-3-5-6-6-3-2-6-1-3-5	2-6-5-4-5-5-4-3-1-3-1-1
277	6	6-5-4-4-6-5-5-6-5-5-6-5	5-6-6-4-6-6-4-6-5-6-4-5	6-6-6-4-6-4-4-4-6-6-5-6	5-6-6-6-6-4-5-6-6-6-6-5	4-5-6-6-5-6-5-6-6-6-4-6	6-6-6-6-6-5-6-6-6-6-6-6	4-6-6-6-4-6-6-6-6-6-4-4	6-4-6-6-6-5-6-4-4-4-6-6	3-4-6-5-4-6-6-4-6-6-4-2	1-3-6-6-6-1-6-6-5-6-3-6	3-6-5-5-3-5-3-3-3-6-6-6	6-5-6-2-6-6-6-3-3-6-1-1
278	0	0-0-0-0-0-0-0-0-0-0-0-0	0-0-0-0-0-0-0-0-0-0-0-0	0-0-0-0-0-0-0-0-0-0-0-0	0-0-0-0-0-0-0-0-0-0-0-0	0-0-0-0-0-0-0-0-0-0-0-0	0-0-0-0-0-0-0-0-0-0-0-0	0-0-0-0-0-0-0-0-0-0-0-0	0-0-0-0-0-0-0-0-0-0-0-0	0-0-0-0-0-0-0-0-0-0-0-0	0-0-0-0-0-0-0-0-0-0-0-0	0-0-0-0-0-0-0-0-0-0-0-0	0-0-0-0-0-0-0-0-0-0-0-0
278	1	1-1-1-1-1-1-1-1-1-0-1-1	1-0-0-1-0-1-0-0-0-1-1-0	0-2-0-3-4-0-0-0-0-0-1-1	2-0-0-2-4-2-0-1-1-0-1-0	4-0-1-0-2-1-2-2-1-1-0-4	2-3-2-0-0-3-2-4-1-1-0-3	3-1-1-0-2-0-3-2-1-1-3-3	3-1-4-2-1-0-1-7-1-0-0-0	1-0-2-3-3-0-0-2-0-1-4-1	0-3-1-0-2-3-2-1-2-0-0-4	0-1-0-0-0-1-0-0-0-1-1-1	0-1-1-2-0-1-1-0-3-0-1-3
278	2	2-2-3-3-2-2-2-2-4-2-3-3	3-3-3-1-0-3-3-2-2-3-1-3	2-1-4-2-1-3-3-2-3-3-3-3	1-2-4-1-1-1-2-2-3-3-3-2	1-0-4-2-1-1-3-1-3-4-3-1	1-7-4-2-3-5-3-3-2-2-5-5	4-1-2-0-1-7-5-1-2-4-0-3	3-2-7-1-2-3-5-3-2-4-2-0	3-0-1-1-4-2-2-3-3-2-3-2	3-1-7-3-3-1-3-2-1-3-0-1	3-4-7-3-7-3-0-0-0-1-3-4	2-1-2-1-0-2-1-0-3-3-2-6
278	3	3-2-2-2-2-2-2-2-2-2-2-2	2-2-2-4-0-2-4-2-2-2-4-2	2-4-6-1-2-2-2-4-2-2-2-2	4-3-3-4-1-4-4-3-2-2-2-6	1-3-2-5-4-2-4-4-2-2-3-7	1-1-2-4-5-1-2-1-2-2-1-1	1-1-2-3-4-2-4-4-2-2-4-2	2-3-5-4-2-4-2-2-4-3-5-4	5-5-4-4-1-3-5-4-7-3-2-3	2-5-3-2-4-1-2-2-4-5-5-1	5-1-3-2-5-5-4-5-5-5-2-3	5-4-4-3-5-5-1-5-5-4-1-1
278	4	4-4-2-4-2-2-4-5-2-2-2-2	3-6-4-3-4-2-3-5-3-2-3-3	2-3-3-2-5-6-5-6-6-2-5-6	3-3-3-3-1-3-3-2-5-2-5-3	1-2-5-3-3-3-5-3-5-2-5-1	5-2-2-3-2-1-5-1-4-4-2-4	5-1-5-3-3-4-3-3-4-2-3-6	4-1-1-3-4-3-3-6-3-4-3-3	4-3-3-3-2-2-3-3-5-5-1-2	3-1-4-2-3-1-3-4-3-3-3-1	3-2-3-5-3-3-3-3-3-3-3-2	3-5-3-3-3-2-1-3-3-3-4-4
278	5	6-5-2-7-2-4-5-4-5-7-5-2	6-4-4-6-6-6-6-4-6-2-7-6	3-6-3-5-6-4-6-3-6-6-4-6	6-3-5-6-6-6-4-6-6-2-6-3	6-3-4-6-3-5-6-6-4-2-6-6	6-2-6-5-3-2-6-6-4-2-2-7	6-1-4-3-4-5-2-4-4-4-6-4	4-6-3-6-6-3-2-5-5-7-3-3	3-3-6-6-5-2-3-4-3-4-6-3	3-6-6-6-6-4-6-2-5-3-3-1	6-5-2-4-3-3-3-3-6-3-4-5	5-4-5-6-3-3-6-3-3-3-7-2
278	6	7-7-2-6-5-7-7-7-7-6-6-7	5-4-4-5-6-5-5-5-5-2-5-7	7-5-3-1-5-4-5-4-5-5-6-5	5-6-6-5-5-5-7-5-5-2-5-7	5-3-5-5-6-5-5-5-6-6-5-5	5-6-5-5-6-7-5-5-6-6-2-6	7-1-4-6-6-6-6-6-6-2-5-4	6-5-2-5-5-3-2-4-5-4-5-3	6-6-5-5-5-2-5-3-2-4-5-3	0-5-5-5-5-1-5-2-7-3-3-1	5-6-3-4-2-7-3-5-5-5-2-6	5-7-7-5-5-2-5-3-1-3-5-2
278	7	7-6-7-5-7-6-6-7-6-5-5-6	5-4-7-5-7-7-5-7-7-7-5-6	7-7-7-6-7-7-5-6-7-7-6-7	6-7-7-7-7-7-6-7-4-2-7-6	1-3-7-7-7-7-6-7-7-7-1-3	5-2-7-5-7-7-7-7-7-7-2-5	6-7-7-7-4-7-2-7-7-7-5-7	7-7-2-7-7-7-5-1-5-5-2-7	5-6-7-5-1-7-3-3-3-7-5-7	5-3-7-7-7-1-7-5-6-7-3-7	3-7-2-6-2-6-3-3-3-3-7-7	7-6-6-4-3-7-7-3-3-7-5-2
279	0	0-0-0-0-0-0-0-0-0-0-0-0	0-0-0-0-0-0-0-0-0-0-0-0	0-0-0-0-0-0-0-0-0-0-0-0	0-0-0-0-0-0-0-0-0-0-0-0	0-0-0-0-0-0-0-0-0-0-0-0	0-0-0-0-0-0-0-0-0-0-0-0	0-0-0-0-0-0-0-0-0-0-0-0	0-0-0-0-0-0-0-0-0-0-0-0	0-0-0-0-0-0-0-0-0-0-0-0	0-0-0-0-0-0-0-0-0-0-0-0	0-0-0-0-0-0-0-0-0-0-0-0	0-0-0-0-0-0-0-0-0-0-0-0
279	1	1-1-1-1-1-1-1-1-1-1-1-1	1-0-0-3-0-1-0-0-0-0-2-0	0-0-0-0-1-0-2-0-0-2-0-0	2-0-0-3-3-3-0-6-1-0-2-0	3-0-3-0-2-2-2-2-1-0-0-3	2-3-2-1-0-3-2-2-0-1-0-3	3-7-1-1-2-0-0-2-0-1-3-3	1-3-1-2-1-0-0-8-1-0-3-0	1-0-2-2-8-2-0-2-0-1-2-3	0-2-1-0-2-7-2-1-2-0-0-1	2-1-0-0-0-1-0-0-0-1-2-0	2-1-3-1-1-1-1-0-4-1-1-2
279	2	2-2-2-2-2-2-2-2-2-2-2-2	1-4-2-1-0-2-0-3-3-2-1-3	1-1-1-2-1-0-3-3-0-1-3-3	1-3-3-1-1-1-2-2-3-0-3-0	1-0-1-0-1-3-3-1-2-1-0-1	1-2-3-0-2-1-3-1-2-2-3-1	4-1-2-2-3-0-3-3-2-2-1-0	2-1-3-3-1-0-3-2-2-2-4-0	2-0-3-1-2-1-2-1-3-2-1-0	0-1-2-3-1-0-1-3-3-3-3-1	3-1-2-2-4-1-2-3-0-1-1-0	2-1-1-2-1-1-1-0-1-2-6-1
279	3	3-3-3-2-3-3-3-2-3-3-2-3	1-4-3-1-0-3-1-2-3-2-1-2	1-4-4-2-3-3-2-2-4-4-2-4	4-4-2-1-1-1-3-1-4-4-4-0	1-0-1-5-4-2-2-3-4-4-4-1	4-1-2-0-3-1-4-1-3-3-2-1	1-1-3-0-2-0-6-2-3-2-1-4	3-1-2-2-1-0-7-4-1-3-4-4	3-2-2-1-3-2-3-1-7-6-2-1	0-1-3-4-4-4-1-2-2-2-6-1	2-3-3-5-4-4-4-2-0-1-4-3	6-1-1-2-4-3-1-4-1-1-3-1
279	4	5-4-5-5-5-5-6-6-5-5-4-8	5-3-3-5-5-5-5-4-5-5-5-5	4-5-5-5-5-5-4-4-5-3-4-5	5-5-5-4-5-5-5-7-3-6-5-5	1-8-6-7-6-3-5-5-3-4-5-5	4-5-5-5-3-5-5-5-2-3-5-5	5-1-3-5-6-4-3-4-3-2-5-6	3-4-6-5-5-5-5-5-5-8-5-3	5-6-5-5-6-4-5-5-3-5-5-3	8-5-7-3-5-3-5-3-5-5-5-3	5-5-5-3-5-3-6-5-5-5-5-4	8-5-4-5-5-5-5-5-5-2-4-1
279	5	4-7-4-4-4-4-4-5-4-4-4-4	4-6-6-4-4-4-4-4-4-4-4-4	4-4-4-4-4-4-6-4-4-6-6-4	4-4-4-4-4-4-6-4-6-7-6-4	1-0-4-3-4-6-4-4-6-5-4-4	4-4-4-4-3-4-6-7-5-5-4-4	4-1-7-4-6-5-6-6-5-5-4-4	5-1-1-4-4-4-4-4-4-6-4-8	4-4-4-4-5-4-4-4-6-4-4-5	0-4-3-6-4-4-4-2-4-4-4-1	4-6-6-3-4-4-4-4-4-4-4-4	7-4-4-4-4-4-4-7-4-2-3-2
279	6	4-5-4-4-5-4-4-4-4-4-6-6	4-5-5-6-7-4-4-7-4-4-4-7	4-7-4-7-7-4-7-7-5-5-5-7	7-4-7-6-4-4-5-7-5-4-7-7	7-8-6-3-4-5-7-4-5-4-5-7	6-4-7-4-6-4-7-7-5-5-2-7	6-1-2-4-4-6-5-5-2-5-7-7	4-7-4-7-7-4-8-7-6-5-7-0	6-4-7-7-7-7-4-7-3-3-7-7	8-7-4-5-7-4-4-4-4-4-7-1	0-5-5-3-4-6-4-0-5-4-4-6	3-6-6-7-7-4-7-0-7-2-7-3
279	7	6-8-4-4-7-4-4-4-8-4-4-8	7-5-5-6-6-4-4-6-8-4-4-6	8-6-6-6-6-7-6-8-8-6-6-6	6-7-7-6-6-6-8-6-6-5-6-8	6-0-6-4-7-6-6-6-7-6-6-6	8-4-6-4-7-8-6-5-7-5-3-6	8-1-5-7-8-7-5-6-7-5-6-6	7-6-1-6-6-7-3-6-8-5-6-7	7-4-8-7-6-6-7-6-3-4-6-6	7-6-7-4-6-1-6-3-4-4-6-1	2-7-7-3-7-7-4-6-4-7-4-7	5-6-7-6-6-7-6-5-6-2-6-7
279	8	8-7-4-4-8-8-4-8-4-4-4-4	4-8-8-6-8-8-4-8-8-8-7-6	8-8-8-7-8-8-7-7-7-8-5-8	6-8-8-8-8-8-7-8-8-8-8-7	6-6-8-8-8-8-7-8-8-8-6-6	7-8-8-7-8-7-8-8-8-8-8-8	7-8-8-8-7-8-8-6-8-8-7-6	8-8-8-8-8-7-6-6-7-4-6-8	7-8-7-7-1-8-8-6-8-8-4-8	7-8-8-8-8-8-8-3-4-8-8-8	8-8-8-8-7-7-8-8-8-7-8-8	4-7-6-2-7-8-8-8-8-8-6-8
280	0	0-0-0-0-0-0-0-0-0-0-0-0	0-0-0-0-0-0-0-0-0-0-0-0	0-0-0-0-0-0-0-0-0-0-0-0	0-0-0-0-0-0-0-0-0-0-0-0	0-0-0-0-0-0-0-0-0-0-0-0	0-0-0-0-0-0-0-0-0-0-0-0	0-0-0-0-0-0-0-0-0-0-0-0	0-0-0-0-0-0-0-0-0-0-0-0	0-0-0-0-0-0-0-0-0-0-0-0	0-0-0-0-0-0-0-0-0-0-0-0	0-0-0-0-0-0-0-0-0-0-0-0	0-0-0-0-0-0-0-0-0-0-0-0
280	1	1-1-1-2-2-1-1-2-1-1-2-1	2-2-1-0-2-2-1-2-2-2-2-1	1-2-1-1-2-2-2-2-2-2-1-2	2-1-2-5-1-0-2-2-2-2-2-1	2-0-1-3-2-1-2-1-2-2-4-1	2-2-2-3-2-2-2-2-1-1-0-2	2-2-1-1-2-4-2-2-1-1-1-1	1-1-0-0-1-2-1-1-1-1-2-1	1-0-1-1-2-6-2-2-2-4-1-0	7-1-2-0-1-1-2-1-2-6-2-1	1-8-4-2-2-1-1-1-1-1-2-2	2-1-1-1-4-1-2-2-1-1-1-1
280	2	1-1-1-1-1-1-1-1-1-1-1-1	1-1-1-4-1-1-3-1-1-1-3-3	0-3-1-6-3-1-3-1-1-1-1-1	3-0-1-4-4-3-1-4-1-1-1-1	4-0-3-1-1-3-3-3-1-1-1-4	1-4-3-2-1-4-3-1-1-1-0-5	1-1-1-0-3-2-1-1-1-2-7-1	1-2-2-3-3-1-8-8-2-1-1-0	0-0-3-3-5-3-1-3-1-2-3-2	1-3-1-1-3-2-3-1-3-1-1-4	1-3-1-1-1-2-0-0-1-3-1-1	1-2-4-1-1-1-3-1-0-1-2-1
280	3	1-3-1-3-3-1-1-3-1-1-1-1	1-6-3-2-1-1-2-4-1-1-2-2	0-2-1-1-2-1-4-2-4-5-4-2	2-2-4-2-2-2-1-2-4-4-4-0	2-0-2-1-0-4-4-2-3-1-1-2	1-2-4-1-3-1-4-1-1-3-6-2	5-1-1-4-2-3-3-1-1-3-2-1	3-2-0-4-2-1-6-2-5-3-1-1	1-0-4-2-3-2-4-2-4-3-2-4	1-2-3-4-2-4-2-5-4-3-4-2	2-2-1-4-1-1-0-3-1-2-3-1	3-2-2-3-1-1-2-1-0-1-3-1
280	4	1-4-2-4-5-4-1-1-1-1-1-1	1-5-4-2-1-1-1-5-2-1-2-4	2-4-1-1-2-1-5-5-3-7-5-5	2-5-5-2-2-2-6-2-5-7-3-0	2-0-2-7-0-3-5-4-5-1-1-2	2-2-3-1-4-2-5-2-4-4-7-2	3-1-1-3-5-1-5-5-4-3-2-1	4-2-2-3-2-1-7-2-2-3-5-5	5-0-5-5-4-2-3-2-7-6-3-3	1-2-4-5-5-3-5-4-3-1-3-2	5-5-1-3-1-1-0-5-5-3-5-4	3-2-2-3-1-2-5-1-1-1-3-1
280	5	6-4-2-5-4-5-6-1-6-6-6-8	6-4-4-2-1-1-6-4-1-6-6-6	7-6-6-7-5-6-4-6-6-3-4-4	6-6-6-7-2-2-4-2-4-6-3-7	2-6-2-1-6-3-6-5-5-5-1-2	1-2-3-7-5-2-4-1-1-4-1-2	3-1-1-7-4-6-4-4-1-3-0-1	5-4-0-3-2-1-4-2-3-5-5-8	4-0-4-4-2-1-4-6-4-5-4-3	1-2-7-4-6-4-4-3-1-6-6-2	4-4-5-5-3-6-1-4-6-5-4-5	5-4-5-6-6-7-4-5-8-0-2-2
280	6	8-6-8-8-4-7-8-7-8-8-7-7	5-4-4-7-7-1-5-7-7-5-8-7	6-5-5-2-7-7-7-7-7-7-7-7	7-5-5-6-7-7-4-2-7-5-7-5	7-5-7-4-5-6-7-7-4-6-7-7	7-6-7-6-5-5-7-7-1-6-3-7	6-6-1-5-7-6-4-7-1-8-7-7	4-6-8-7-7-6-3-7-6-6-7-0	0-0-5-7-7-6-7-7-5-4-7-4	8-7-5-7-7-7-5-3-6-7-5-7	7-7-5-3-7-5-0-7-5-6-8-6	1-6-6-5-7-7-6-0-7-1-7-7
280	7	6-8-6-6-4-8-8-8-8-6-6-8	8-4-4-6-6-8-6-6-8-5-6-8	8-6-5-8-6-6-6-6-6-6-8-6	6-7-5-6-6-6-8-1-6-4-6-5	6-5-6-4-7-6-6-6-7-6-6-6	6-6-6-5-5-2-6-6-7-7-4-7	6-6-7-5-6-7-7-6-7-7-2-6	7-6-2-6-6-7-4-6-6-5-6-7	7-7-5-6-6-6-6-6-4-4-6-4	1-6-5-6-6-6-6-4-7-6-5-6	6-7-5-1-6-5-7-6-5-6-6-7	5-6-7-5-7-5-6-1-6-7-6-6
280	8	8-7-6-6-8-7-7-8-7-6-6-7	7-8-8-6-8-8-7-8-8-8-6-7	8-8-8-7-8-6-8-7-6-8-7-8	7-8-8-8-8-8-7-8-4-8-8-7	6-8-8-8-7-8-7-8-8-8-7-8	6-8-8-5-8-8-8-6-8-8-8-7	6-8-8-8-7-8-8-6-8-8-6-6	8-6-6-6-8-7-2-2-6-8-5-5	7-8-8-7-6-8-8-6-4-3-6-1	6-8-8-5-8-6-8-8-8-8-7-8	1-1-4-8-6-5-7-4-7-8-8-8	8-7-5-8-7-8-8-1-8-8-6-8
281	0	0-0-0-0-0-0-0-0-0-0-0-0	0-0-0-0-0-0-0-0-0-0-0-0	0-0-0-0-0-0-0-0-0-0-0-0	0-0-0-0-0-0-0-0-0-0-0-0	0-0-0-0-0-0-0-0-0-0-0-0	0-0-0-0-0-0-0-0-0-0-0-0	0-0-0-0-0-0-0-0-0-0-0-0	0-0-0-0-0-0-0-0-0-0-0-0	0-0-0-0-0-0-0-0-0-0-0-0	0-0-0-0-0-0-0-0-0-0-0-0	0-0-0-0-0-0-0-0-0-0-0-0	0-0-0-0-0-0-0-0-0-0-0-0
281	1	1-1-1-1-1-1-1-1-1-1-1-1	0-0-0-1-1-0-0-2-0-1-0-0	2-0-2-2-2-1-2-2-0-2-2-2	2-0-0-2-3-2-0-1-1-0-1-0	1-0-1-2-0-1-2-2-1-0-0-2	1-3-2-0-1-3-2-1-1-1-1-2	2-1-1-0-2-1-0-2-1-1-1-2	1-1-1-2-2-2-2-1-1-0-0-0	1-0-2-2-3-2-0-2-0-1-1-1	0-3-0-0-2-1-2-1-2-0-0-1	1-1-1-0-1-0-0-1-1-1-2-0	0-1-1-0-0-1-2-0-1-1-1-1
281	2	2-2-2-3-2-2-2-2-2-2-2-3	0-3-2-1-2-2-0-3-3-2-1-3	3-4-1-1-1-1-3-3-3-1-3-1	1-3-2-1-1-1-3-1-3-4-3-0	2-0-5-4-1-1-3-1-2-2-3-1	1-1-3-0-2-1-3-1-2-2-4-1	4-1-2-4-1-2-3-1-2-2-3-3	2-3-3-3-1-3-5-4-1-2-2-1	2-0-1-1-0-3-3-1-4-2-3-2	0-1-2-6-1-1-1-2-1-3-3-1	3-1-7-5-3-0-3-3-3-1-1-0	2-1-4-3-3-3-1-0-1-1-1-4
281	3	2-2-3-2-2-2-3-2-3-3-3-2	3-2-2-1-4-2-4-4-5-2-4-4	6-3-4-1-3-3-2-2-4-4-2-4	4-4-4-5-1-4-5-1-2-2-2-4	1-3-1-3-4-1-4-3-3-6-3-7	1-6-2-3-4-1-2-1-3-2-2-4	3-1-1-3-4-3-2-4-1-2-4-2	2-2-5-2-2-6-1-1-3-3-3-5	4-5-4-1-1-2-5-1-2-3-2-4	4-1-3-3-4-1-4-2-4-5-5-1	4-1-4-2-5-5-4-5-5-2-4-4	5-1-5-2-4-2-1-4-1-6-1-1
281	4	5-4-5-5-2-4-4-6-4-4-4-4	4-2-2-1-3-5-3-5-3-5-5-3	3-5-3-1-6-2-5-6-3-5-5-6	5-3-3-3-6-5-6-1-2-6-6-3	6-3-5-2-3-4-5-5-4-4-6-5	5-3-5-6-3-5-5-6-4-4-2-6	5-5-5-2-5-4-4-5-4-2-5-5	2-6-2-5-6-3-7-6-5-3-6-3	3-3-3-5-7-4-3-5-2-4-6-3	3-6-0-2-3-5-5-4-5-3-3-5	3-1-3-2-7-3-3-3-3-6-5-3	3-5-4-6-3-2-5-3-1-3-4-5
281	5	4-7-4-7-3-5-5-5-5-6-4-4	4-6-6-3-6-6-4-6-3-4-4-3	3-4-4-4-4-6-6-2-4-4-6-3	4-3-3-3-4-4-3-4-6-6-6-3	4-5-4-6-4-6-6-4-6-5-4-4	4-3-4-4-3-4-4-4-4-5-2-4	4-4-6-7-4-5-6-4-5-6-4-4	2-4-3-6-4-3-6-5-4-5-6-3	3-3-4-4-3-2-3-4-6-5-4-4	3-4-5-7-6-4-4-5-4-6-3-4	6-1-6-2-3-3-3-3-3-4-4-5	3-4-3-4-6-3-4-3-3-3-6-4
281	6	7-7-4-6-6-7-7-7-7-6-6-7	7-5-5-3-6-5-3-5-7-4-5-7	3-4-7-1-4-5-5-7-4-5-5-4	4-3-6-4-4-4-7-4-5-4-5-7	4-3-4-5-6-5-7-4-5-3-4-4	7-3-4-7-6-7-5-4-6-6-2-4	7-4-5-6-4-6-5-5-6-5-4-4	6-4-3-5-4-3-6-4-1-3-4-3	6-6-5-4-6-1-3-4-7-6-4-1	3-4-5-7-5-1-5-5-7-5-6-1	5-6-5-6-2-7-6-4-4-4-6-6	5-7-6-4-5-6-4-3-1-3-5-4
281	7	7-5-7-5-7-6-6-7-6-6-7-6	6-5-7-3-7-7-3-7-6-7-6-6	7-7-7-6-7-7-7-6-7-7-6-7	6-7-7-7-7-7-6-7-6-7-7-6	4-3-7-7-6-7-6-7-7-7-6-7	7-7-7-6-7-3-6-7-7-7-7-7	6-7-7-7-7-7-7-6-7-5-4-6	7-5-7-6-4-6-4-1-1-6-6-7	3-6-7-6-4-7-7-6-6-6-4-2	3-3-5-7-1-1-7-2-6-7-6-7	5-1-6-6-4-6-6-3-3-7-7-7	7-6-6-5-2-7-7-7-7-7-1-7
282	0	0-0-0-0-0-0-0-0-0-0-0-0	0-0-0-0-0-0-0-0-0-0-0-0	0-0-0-0-0-0-0-0-0-0-0-0	0-0-0-0-0-0-0-0-0-0-0-0	0-0-0-0-0-0-0-0-0-0-0-0	0-0-0-0-0-0-0-0-0-0-0-0	0-0-0-0-0-0-0-0-0-0-0-0	0-0-0-0-0-0-0-0-0-0-0-0	0-0-0-0-0-0-0-0-0-0-0-0	0-0-0-0-0-0-0-0-0-0-0-0	0-0-0-0-0-0-0-0-0-0-0-0	0-0-0-0-0-0-0-0-0-0-0-0
282	1	1-1-1-1-1-1-1-1-1-1-1-1	0-2-1-0-0-0-0-2-0-1-0-2	1-0-1-0-1-0-2-1-0-2-2-1	0-0-2-0-1-0-0-0-2-2-2-1	1-0-0-0-0-2-2-0-1-1-1-0	2-0-0-0-1-0-2-0-2-1-1-2	1-1-2-0-0-0-0-2-1-1-0-1	1-1-0-2-1-0-1-2-0-1-1-0	1-0-2-0-1-0-0-2-2-1-0-0	0-0-1-2-1-0-2-1-0-0-0-1	0-1-1-2-1-0-0-0-0-0-1-1	2-1-0-1-0-1-0-0-0-0-0-1
282	2	2-2-2-2-1-2-2-2-2-2-2-2	2-1-1-4-4-2-0-1-3-2-3-3	1-3-0-4-3-4-3-4-0-3-1-3	3-3-3-2-4-3-1-2-3-1-1-5	2-0-2-3-0-1-3-3-3-2-9-3	4-1-3-0-2-4-3-4-1-1-1-4	3-8-1-0-3-0-3-1-2-1-0-3	5-2-6-3-3-3-3-4-4-1-2-0	2-0-3-3-4-3-0-3-1-2-6-2	0-3-1-1-3-2-1-2-3-0-0-2	0-2-0-1-5-3-0-0-0-2-3-2	1-3-2-0-0-2-3-0-2-3-2-2
282	3	3-4-3-3-3-3-3-3-3-2-3-3	2-5-3-2-2-3-2-4-4-3-2-4	4-2-2-2-2-2-4-4-3-2-4-2	2-2-2-2-2-2-4-2-2-3-4-0	2-0-2-2-0-4-4-2-2-3-1-2	2-2-4-4-3-2-2-2-3-3-8-3	4-9-1-0-2-3-6-1-1-1-4-2	3-4-2-4-4-2-7-0-2-6-4-3	4-0-4-2-3-2-0-2-4-3-4-4	4-2-6-4-2-2-4-4-2-2-4-2	0-2-0-3-9-2-3-0-0-2-2-1	3-2-2-4-0-2-2-4-0-2-7-1
282	4	4-3-2-4-3-4-3-4-4-4-4-4	2-3-3-2-2-4-2-3-3-3-5-3	7-5-5-2-7-5-3-3-3-5-3-7	2-4-2-2-2-2-3-2-3-7-3-0	2-0-0-7-5-3-3-4-7-2-6-2	2-7-3-3-4-2-5-2-4-4-3-4	3-6-1-0-2-3-8-4-4-3-3-6	1-4-3-3-3-4-6-2-2-4-3-0	3-7-3-2-2-4-0-6-9-7-3-3	3-4-4-5-7-2-7-3-2-4-3-2	4-2-4-7-4-4-3-0-0-4-5-1	4-6-2-3-0-4-3-3-4-2-3-2
282	5	6-5-6-5-6-6-6-7-6-6-6-5	6-3-3-6-6-6-6-5-6-6-6-7	5-6-6-5-5-7-6-5-6-4-6-5	6-5-7-5-5-6-6-5-4-5-6-7	5-9-6-8-6-6-6-6-4-5-6-9	5-6-5-6-7-7-4-6-8-5-1-6	7-3-5-6-6-6-8-6-4-5-1-8	2-5-2-6-1-7-5-6-6-4-6-5	6-6-5-6-4-5-6-4-7-6-5-4	6-7-5-4-4-2-6-5-6-6-7-7	7-2-6-4-6-5-5-8-6-9-4-6	9-4-5-6-6-8-6-8-6-6-6-5
282	6	5-6-5-5-5-5-5-5-5-5-5-5	5-7-7-5-5-5-5-5-5-5-5-5	4-5-5-5-4-5-7-8-5-5-7-5	5-5-5-5-5-5-5-5-7-4-7-5	5-5-5-4-5-7-5-5-4-6-5-5	5-5-3-5-4-2-7-5-6-6-3-5	4-4-7-5-5-5-7-5-6-7-6-4	6-6-2-5-6-5-6-5-5-4-5-5	5-5-5-5-3-5-5-4-6-5-2-4	5-5-3-5-5-2-5-6-5-5-5-2	5-6-5-4-5-4-5-8-5-5-4-5	5-4-5-5-5-5-5-5-5-5-5-5
282	7	7-6-5-5-6-8-5-5-5-5-5-7	5-6-6-8-5-5-8-8-5-5-5-5	7-5-5-8-8-5-6-8-5-5-6-8	8-4-5-7-8-8-5-7-6-4-8-5	8-5-7-4-5-8-8-5-4-7-7-7	7-4-8-7-4-5-8-8-6-3-3-8	5-6-6-5-5-5-6-8-6-6-8-7	6-8-9-8-7-5-9-9-5-4-7-5	7-4-9-7-8-6-5-9-4-4-8-2	5-5-5-6-8-7-8-3-5-5-5-8	5-7-5-4-5-9-5-8-5-8-4-7	5-8-7-5-5-5-7-5-7-7-3-6
282	8	5-9-5-5-5-9-5-5-5-5-5-9	5-6-5-7-5-5-7-7-5-5-5-5	9-7-5-7-7-5-7-7-5-8-9-7	7-8-8-7-7-7-9-7-7-7-7-9	7-5-7-7-8-7-9-8-8-8-7-5	9-4-7-9-8-9-7-7-8-8-3-7	9-2-6-5-9-8-5-9-8-6-7-5	8-7-7-7-7-5-8-5-5-9-7-0	5-5-8-7-7-5-5-7-4-4-7-4	5-5-5-9-7-7-7-9-9-5-5-7	5-8-5-4-5-5-5-5-5-7-7-8	5-7-5-5-5-5-7-5-7-7-3-6
282	9	9-8-7-5-9-8-5-9-5-5-5-8	5-6-9-5-9-9-8-9-9-9-5-8	9-9-9-9-9-9-9-7-5-9-8-9	8-9-9-9-9-9-8-9-8-9-9-8	7-5-9-9-5-9-8-9-9-9-2-5	8-9-9-8-9-8-9-9-9-9-9-8	8-9-9-9-8-5-9-9-9-9-8-7	9-7-7-8-9-9-7-7-7-8-5-5	7-9-9-8-7-9-9-7-4-3-7-7	7-5-9-9-4-2-9-8-8-9-8-9	9-9-9-9-6-7-9-5-5-5-9-9	5-8-8-5-5-9-9-5-9-9-7-9
283	0	0-0-0-0-0-0-0-0-0-0-0-0	0-0-0-0-0-0-0-0-0-0-0-0	0-0-0-0-0-0-0-0-0-0-0-0	0-0-0-0-0-0-0-0-0-0-0-0	0-0-0-0-0-0-0-0-0-0-0-0	0-0-0-0-0-0-0-0-0-0-0-0	0-0-0-0-0-0-0-0-0-0-0-0	0-0-0-0-0-0-0-0-0-0-0-0	0-0-0-0-0-0-0-0-0-0-0-0	0-0-0-0-0-0-0-0-0-0-0-0	0-0-0-0-0-0-0-0-0-0-0-0	0-0-0-0-0-0-0-0-0-0-0-0
283	1	1-1-1-2-1-1-1-1-1-1-1-1	1-1-0-1-0-1-1-2-2-2-0-0	1-2-2-0-0-2-3-2-4-0-0-0	2-1-2-0-1-2-0-2-0-2-0-1	0-1-1-0-2-0-2-2-1-1-0-1	0-3-0-0-0-2-2-1-0-0-0-2	3-0-0-3-1-1-0-0-0-1-3-2	0-0-3-1-1-2-0-0-1-1-3-2	1-1-2-0-0-0-3-2-1-1-0-0	2-1-0-0-0-3-0-0-2-0-3-0	0-0-0-0-3-1-2-3-3-1-0-1	1-0-1-1-1-1-1-1-0-0-1-0
283	2	2-1-2-1-2-2-2-2-2-2-2-2	3-3-2-3-0-1-1-1-1-3-3-3	1-3-1-4-3-3-3-1-3-3-3-3	3-3-1-4-3-3-3-1-3-1-2-1	3-1-2-3-1-2-3-3-1-0-4-3	3-7-3-5-2-3-3-3-0-2-0-3	1-4-0-1-3-0-3-3-0-2-0-3	0-2-4-3-2-1-7-7-2-1-0-1	1-1-3-3-4-0-1-1-3-2-3-0	1-3-0-3-3-4-3-0-3-3-0-2	3-4-0-4-7-1-1-1-6-2-3-1	0-4-2-3-1-2-3-1-2-2-2-6
283	3	3-3-2-3-4-3-3-3-3-2-3-3	2-4-3-2-1-4-2-4-4-2-2-4	4-2-1-2-4-2-4-3-2-2-4-2	2-4-4-2-2-2-2-2-4-5-4-1	2-1-2-2-3-4-4-2-4-1-2-2	2-1-2-0-3-2-4-2-6-3-5-2	1-2-4-1-2-3-5-2-0-5-4-2	3-2-1-2-2-1-5-4-2-3-1-3	4-1-2-2-3-0-1-1-3-3-2-3	2-2-4-2-2-3-2-6-2-4-1-2	6-4-1-4-1-1-2-1-1-2-2-3	6-2-1-2-1-2-2-3-5-2-4-4
283	4	5-3-4-6-3-4-4-4-4-7-4-3	4-3-3-2-6-3-5-5-5-5-5-5	3-5-6-2-3-5-3-6-5-5-3-4	5-4-5-6-2-2-5-1-3-1-3-7	2-5-3-4-5-3-5-4-4-5-2-7	7-1-2-4-5-7-3-5-3-3-3-2	3-2-3-3-4-3-3-5-0-3-5-3	5-2-2-3-2-5-2-3-2-3-5-5	3-5-5-2-2-4-5-2-5-4-2-4	5-5-3-7-2-2-3-3-5-5-5-2	5-2-5-3-1-3-5-5-5-2-3-4	4-2-4-5-5-5-2-5-4-5-3-2
283	5	6-3-5-7-3-5-7-5-5-5-4-6	4-3-3-6-6-4-4-6-4-4-6-4	1-6-4-6-6-4-6-4-4-6-5-5	4-4-4-4-6-6-4-6-6-3-6-4	6-4-7-6-4-6-6-6-4-7-0-6	5-7-3-2-4-4-6-4-3-3-3-6	7-6-3-1-7-5-3-4-5-3-6-5	4-2-6-5-5-7-3-7-5-3-4-4	4-4-4-6-7-5-4-7-4-5-5-5	6-6-0-4-5-6-4-3-5-4-4-5	4-5-4-3-7-5-4-4-4-5-5-4	4-5-6-4-4-4-5-4-6-4-6-2
283	6	5-7-5-4-6-7-7-7-7-6-5-5	4-3-3-5-5-7-7-5-7-4-7-4	7-5-4-5-5-6-5-4-7-5-6-5	5-6-6-4-5-5-7-5-5-6-5-4	5-4-5-5-6-5-5-5-6-6-7-5	5-3-7-7-4-4-5-6-3-6-3-6	5-5-3-7-6-6-6-5-6-3-5-7	6-6-5-6-5-7-3-2-5-3-5-4	6-4-4-5-6-6-6-5-4-6-5-6	5-5-6-5-5-5-4-3-7-6-5-6	5-5-4-0-7-7-4-5-2-5-6-6	3-5-5-6-4-4-5-4-5-3-5-2
283	7	7-6-5-5-7-6-5-7-6-5-5-7	4-7-7-5-7-6-6-7-7-7-6-4	7-7-7-5-7-7-6-6-6-7-7-7	7-7-7-7-7-7-6-7-7-7-7-4	5-4-7-7-6-7-6-7-7-7-6-7	6-7-6-7-7-4-7-7-7-7-7-7	5-7-7-7-5-7-7-7-7-7-4-7	7-7-5-6-7-5-2-5-5-4-6-6	4-7-7-5-5-7-7-5-7-7-5-0	5-4-7-7-7-6-7-7-7-7-5-7	5-7-4-7-5-5-4-4-7-6-7-7	7-6-7-2-2-7-7-4-7-7-2-2
284	0	0-0-0-0-0-0-0-0-0-0-0-0	0-0-0-0-0-0-0-0-0-0-0-0	0-0-0-0-0-0-0-0-0-0-0-0	0-0-0-0-0-0-0-0-0-0-0-0	0-0-0-0-0-0-0-0-0-0-0-0	0-0-0-0-0-0-0-0-0-0-0-0	0-0-0-0-0-0-0-0-0-0-0-0	0-0-0-0-0-0-0-0-0-0-0-0	0-0-0-0-0-0-0-0-0-0-0-0	0-0-0-0-0-0-0-0-0-0-0-0	0-0-0-0-0-0-0-0-0-0-0-0	0-0-0-0-0-0-0-0-0-0-0-0
284	1	1-1-1-1-2-0-1-1-1-0-1-1	0-2-1-0-0-0-0-2-0-0-0-0	2-0-0-0-2-0-2-2-0-0-2-2	0-0-0-0-0-0-0-0-2-2-2-1	0-0-0-0-0-1-2-0-1-0-0-1	4-2-0-0-0-0-2-0-4-1-0-2	1-2-1-0-2-0-0-0-1-1-2-1	0-1-0-2-1-0-1-0-0-2-7-0	0-0-0-0-1-7-1-2-2-0-0-0	0-1-0-2-0-0-0-0-0-0-0-1	4-0-0-5-2-0-0-0-4-0-0-7	0-1-0-1-1-0-0-0-0-0-3-1
284	2	3-1-2-1-1-1-2-1-2-2-2-3	3-1-1-4-1-0-0-1-0-3-0-0	1-3-4-3-3-3-3-1-3-3-1-3	3-3-2-2-4-3-3-4-3-1-1-2	5-0-2-3-0-3-3-3-2-1-8-3	3-1-3-2-2-0-3-3-1-1-5-4	1-1-1-0-3-0-3-3-0-4-1-5	1-2-2-3-3-0-9-7-2-1-2-0	0-0-3-4-4-3-0-3-1-2-5-2	0-5-0-1-3-4-3-2-3-0-0-6	0-4-0-0-1-0-0-0-1-3-3-2	0-3-2-3-0-2-3-0-2-3-2-4
284	3	4-3-2-3-4-3-3-3-3-2-2-4	2-4-4-2-1-4-0-3-0-2-0-4	4-2-5-2-2-2-4-6-5-2-4-2	2-2-3-2-2-2-2-2-2-4-4-0	2-0-2-2-2-4-4-2-3-3-2-2	2-2-4-3-3-0-4-2-3-3-3-3	6-1-3-0-2-0-5-2-3-3-0-2	0-5-2-2-2-0-6-2-2-1-0-0	3-0-2-2-1-2-0-2-5-2-2-3	0-0-3-4-2-2-2-4-2-4-0-2	0-2-6-4-8-0-0-0-0-2-2-1	0-2-0-4-0-3-2-0-0-2-4-2
284	4	5-3-5-6-3-3-4-3-5-4-4-5	5-3-3-5-4-5-5-6-5-5-5-5	8-5-6-2-4-5-5-6-3-5-5-5	5-5-5-5-2-5-5-2-3-3-3-5	2-7-5-5-5-3-5-5-3-4-2-5	5-5-3-5-6-7-5-2-1-1-0-5	5-1-3-5-5-0-3-5-1-2-7-2	1-3-6-2-2-5-1-2-5-4-5-6	6-5-2-5-2-5-5-5-6-4-2-5	5-1-4-3-5-2-2-3-5-5-5-2	6-2-0-3-7-7-5-7-6-2-5-4	9-2-5-5-5-7-2-8-7-5-3-2
284	5	4-5-4-5-6-5-5-7-5-4-4-4	4-6-6-4-5-4-4-7-4-4-4-4	2-4-4-4-2-6-4-4-3-7-6-6	4-4-4-4-2-4-4-2-6-5-5-4	2-4-4-4-4-3-4-4-6-4-2-4	6-4-3-4-4-4-6-5-5-5-2-4	7-7-3-4-4-5-3-4-6-6-4-2	5-3-2-3-2-4-7-2-4-5-4-4	4-4-5-4-5-4-4-4-3-5-2-4	4-5-4-6-6-6-6-5-4-4-4-5	4-5-6-1-4-4-4-4-4-4-6-5	6-6-4-4-4-8-2-4-4-4-5-2
284	6	7-5-7-7-5-5-6-6-6-9-6-6	6-5-5-7-5-7-7-4-7-7-7-7	7-7-4-8-7-7-7-7-7-7-5-8	7-4-7-7-8-8-5-8-5-7-6-4	8-4-6-4-4-6-7-7-5-6-7-7	5-7-7-6-4-4-7-6-7-5-0-8	3-5-1-8-7-8-6-4-5-5-8-7	8-6-4-7-8-0-3-8-7-6-6-4	4-8-7-7-6-2-5-5-7-7-6-0	4-7-6-5-5-7-7-7-7-6-8-2	4-6-7-3-3-4-4-4-4-2-7-6	5-5-6-6-8-4-2-4-4-4-6-7
284	7	6-9-6-9-5-7-6-9-6-6-6-4	6-8-8-6-5-6-6-8-6-6-6-6	6-6-6-6-6-6-8-6-6-5-8-6	6-6-6-6-6-6-8-6-8-8-8-6	6-4-6-8-4-8-8-6-8-7-6-6	6-6-8-6-7-4-8-8-7-7-8-6	5-5-5-4-6-6-8-8-7-8-4-6	7-7-4-8-6-0-5-6-6-7-6-4	7-0-6-6-7-1-4-6-8-6-6-7	4-6-7-6-8-6-6-3-6-8-4-2	4-6-8-9-4-4-4-4-4-2-6-1	8-5-4-6-4-4-8-4-4-4-8-6
284	8	9-7-6-8-8-9-9-9-9-8-8-9	9-7-7-6-8-7-6-7-9-6-6-9	4-6-4-6-6-6-7-8-6-7-7-6	6-4-8-6-6-6-9-6-7-7-7-9	6-4-8-7-4-7-7-8-7-8-6-4	9-6-7-6-8-9-7-7-8-8-7-6	9-5-5-6-4-6-7-7-8-7-6-6	8-7-4-7-6-0-3-6-6-5-6-4	4-6-6-6-6-2-1-5-9-5-6-0	4-6-6-9-7-5-7-2-7-7-8-2	5-8-7-8-3-9-4-4-7-6-8-6	7-5-9-6-6-5-7-4-4-4-7-2
284	9	9-7-9-7-9-8-8-9-8-6-9-8	8-7-9-6-9-9-8-9-9-9-7-8	9-9-9-9-9-9-9-8-6-9-8-9	7-9-7-6-9-9-8-9-8-9-9-8	9-4-9-9-9-7-8-9-9-9-6-9	8-9-9-6-9-8-8-9-9-9-9-6	8-9-9-7-9-6-9-8-9-9-8-9	9-7-9-8-9-9-2-2-6-9-8-8	6-8-9-9-2-9-9-6-8-9-6-9	4-9-7-5-9-2-9-6-8-9-5-9	4-9-7-7-3-8-4-4-4-8-9-9	9-5-8-1-5-9-9-4-4-9-6-9
285	0	0-0-0-0-0-0-0-0-0-0-0-0	0-0-0-0-0-0-0-0-0-0-0-0	0-0-0-0-0-0-0-0-0-0-0-0	0-0-0-0-0-0-0-0-0-0-0-0	0-0-0-0-0-0-0-0-0-0-0-0	0-0-0-0-0-0-0-0-0-0-0-0	0-0-0-0-0-0-0-0-0-0-0-0	0-0-0-0-0-0-0-0-0-0-0-0	0-0-0-0-0-0-0-0-0-0-0-0	0-0-0-0-0-0-0-0-0-0-0-0	0-0-0-0-0-0-0-0-0-0-0-0	0-0-0-0-0-0-0-0-0-0-0-0
285	1	1-1-1-1-1-1-1-1-1-1-1-1	0-2-1-0-0-2-0-2-0-1-0-0	1-0-0-1-2-0-2-2-0-0-2-2	0-0-0-0-0-0-0-1-2-2-2-1	0-0-1-0-0-1-2-0-1-0-0-0	0-2-0-0-0-0-2-0-2-1-7-0	2-4-1-0-0-1-0-0-5-1-0-0	2-1-0-2-1-0-1-0-0-2-0-0	1-0-0-0-1-0-1-2-2-0-0-0	0-1-0-2-0-0-0-1-0-0-0-1	0-0-0-2-3-0-0-2-2-0-0-3	1-1-1-1-1-1-0-0-0-0-1-1
285	2	2-1-3-1-1-1-2-1-2-2-2-1	3-1-1-4-1-1-3-1-0-3-3-3	1-3-0-6-3-3-3-1-3-3-1-1	3-3-2-3-4-3-3-4-3-1-5-4	4-0-3-3-4-3-3-3-1-2-3-3	3-1-3-2-2-4-3-4-1-1-0-4	1-1-1-0-3-2-3-3-0-5-4-3	1-4-2-3-4-0-2-4-2-1-4-0	0-0-3-3-5-3-0-3-1-2-5-2	4-5-0-1-3-2-3-2-3-0-0-5	2-6-0-1-1-2-0-1-1-2-3-2	1-3-2-2-0-2-3-0-2-2-2-2
285	3	3-3-2-3-3-3-3-3-3-2-3-3	2-5-4-2-1-3-2-4-5-2-2-3	4-2-2-2-2-2-4-7-2-2-4-2	2-3-2-2-2-2-4-2-4-3-4-2	2-0-2-2-3-4-4-2-3-3-2-2	2-2-4-3-3-2-4-3-1-3-6-3	5-1-3-3-2-3-5-2-1-3-0-2	3-2-2-2-2-0-7-2-3-3-6-0	4-0-2-2-6-2-3-4-5-2-2-4	0-4-3-4-2-2-2-3-2-3-4-2	4-4-4-3-1-2-5-4-0-2-2-1	0-2-2-3-0-2-2-0-0-2-6-6
285	4	4-3-4-4-3-4-3-5-4-4-4-4	2-3-3-2-4-4-2-3-5-5-5-5	3-2-2-2-5-2-3-6-3-5-3-5	2-5-5-6-2-2-3-2-5-6-3-2	2-0-2-5-5-3-5-2-5-0-5-5	4-4-3-4-4-2-5-2-1-4-4-2	4-1-3-0-2-3-6-5-4-2-2-2	3-2-4-3-2-0-6-5-4-5-5-0	3-0-2-2-4-4-4-5-7-7-2-5	3-6-5-5-5-3-2-5-2-4-5-2	3-3-5-7-5-4-3-3-8-2-2-4	4-5-4-4-5-4-2-0-6-7-3-4
285	5	5-3-5-4-3-4-6-4-5-4-6-8	6-3-3-2-7-4-5-6-7-4-4-6	6-6-7-7-4-6-6-6-6-4-4-4	6-6-6-4-2-6-7-4-4-4-2-5	2-5-5-4-6-3-6-6-4-5-4-4	0-5-3-5-5-5-4-2-1-3-0-5	6-3-3-6-6-5-3-4-1-2-6-3	5-2-6-3-2-6-4-4-7-4-4-0	5-6-6-2-2-7-6-6-3-5-2-4	5-2-5-6-6-6-6-4-6-5-6-2	6-3-4-4-4-8-6-6-6-2-5-5	6-4-5-6-6-5-2-5-4-4-3-2
285	6	7-3-5-6-5-4-6-7-6-6-6-6	5-3-3-7-7-7-5-7-7-4-7-8	5-5-5-7-7-5-7-5-7-7-7-7	5-5-5-7-7-7-7-7-7-4-7-5	7-5-5-7-5-6-7-5-5-7-4-7	6-8-7-6-5-6-7-7-6-3-3-7	5-6-3-5-8-5-4-7-6-7-7-7	4-7-5-7-7-5-4-7-5-4-7-0	5-5-5-6-7-5-5-5-4-3-7-4	5-7-5-5-5-7-6-3-5-7-5-6	5-2-4-4-4-5-5-5-5-2-6-6	5-6-5-5-5-4-6-5-7-4-7-7
285	7	6-8-5-6-7-8-7-6-8-7-6-8	7-3-3-6-6-8-5-6-8-7-5-6	5-5-5-6-6-7-6-8-8-6-6-6	6-7-7-6-6-6-7-6-6-4-6-5	6-8-3-6-7-6-6-6-7-6-6-6	8-6-6-6-7-8-6-6-7-7-1-6	8-6-3-5-8-7-4-6-7-6-6-6	7-6-2-6-6-5-4-6-5-4-6-7	7-5-7-7-6-5-5-7-4-4-6-4	7-6-7-5-4-6-7-4-8-5-7-6	3-7-4-4-4-7-7-5-7-8-7-7	5-8-5-5-7-7-6-5-6-4-6-6
285	8	8-7-5-4-8-8-7-8-7-6-6-7	7-8-8-6-8-8-5-8-7-8-7-6	8-8-8-7-8-8-7-7-7-8-8-8	8-8-8-8-8-8-7-8-7-8-8-5	6-5-5-8-8-8-7-8-8-8-2-6	7-8-8-6-8-7-8-8-8-8-8-8	7-8-8-7-7-8-8-6-8-8-6-8	8-8-8-7-8-7-6-6-7-5-6-8	7-8-7-7-6-8-8-7-4-8-6-8	5-8-8-8-8-6-8-7-8-8-8-8	8-8-8-8-5-5-8-5-8-7-8-7	7-7-5-5-6-8-8-5-8-8-6-8
286	0	0-0-0-0-0-0-0-0-0-0-0-0	0-0-0-0-0-0-0-0-0-0-0-0	0-0-0-0-0-0-0-0-0-0-0-0	0-0-0-0-0-0-0-0-0-0-0-0	0-0-0-0-0-0-0-0-0-0-0-0	0-0-0-0-0-0-0-0-0-0-0-0	0-0-0-0-0-0-0-0-0-0-0-0	0-0-0-0-0-0-0-0-0-0-0-0	0-0-0-0-0-0-0-0-0-0-0-0	0-0-0-0-0-0-0-0-0-0-0-0	0-0-0-0-0-0-0-0-0-0-0-0	0-0-0-0-0-0-0-0-0-0-0-0
286	1	1-1-1-1-1-0-1-1-1-1-1-1	1-1-0-1-0-0-0-1-0-1-0-0	5-3-0-5-2-3-2-1-0-3-2-2	2-0-1-3-4-2-0-5-1-1-1-2	1-0-1-4-2-1-2-2-1-1-1-4	2-0-2-0-1-3-2-3-1-1-0-1	1-7-1-0-2-0-1-2-1-1-0-2	1-1-1-2-3-0-1-8-1-1-0-0	0-0-2-3-3-2-0-2-0-1-3-1	3-4-1-2-0-3-2-1-2-1-0-3	0-1-0-1-0-1-0-0-0-1-1-1	0-1-1-1-0-2-3-0-1-2-1-1
286	2	2-2-2-3-2-2-2-2-2-2-2-3	1-3-2-1-3-3-0-3-3-1-1-3	3-2-2-2-1-1-3-3-3-1-3-3	1-2-3-1-1-1-3-1-3-2-3-1	2-3-3-2-2-1-3-1-2-2-1-1	3-1-1-0-6-1-1-1-2-2-7-2	3-1-2-3-1-2-4-1-2-2-3-3	2-3-1-4-2-3-5-4-2-2-2-3	3-0-1-1-2-1-0-1-3-2-1-2	0-1-2-4-1-1-1-7-1-3-2-1	0-1-0-2-2-1-0-3-0-1-1-2	0-1-0-3-0-1-1-0-1-1-1-1
286	3	3-2-5-2-2-3-3-3-3-3-3-5	4-2-2-4-2-2-4-4-4-3-4-5	2-4-7-6-1-1-4-2-4-1-2-4	4-3-6-1-1-4-4-1-2-2-2-7	1-5-2-3-6-2-4-4-3-2-4-8	2-1-1-4-4-4-4-1-2-1-1-1	2-1-2-2-4-0-2-4-2-1-2-2	1-2-6-2-1-2-3-2-5-3-3-6	6-5-2-4-1-5-5-4-2-3-1-7	6-8-3-2-4-1-5-2-4-5-4-1	4-1-3-2-6-4-5-6-4-2-4-3	0-1-4-4-5-1-1-7-4-4-1-1
286	4	3-4-3-4-5-3-4-4-3-3-3-3	3-5-5-3-6-5-3-5-3-3-3-3	3-3-3-1-1-1-5-5-3-3-5-5	3-3-3-3-1-3-3-1-5-5-5-3	1-4-5-4-3-5-5-3-4-4-5-1	5-4-5-3-3-3-5-1-5-4-2-4	7-4-6-4-3-4-2-3-4-5-4-4	4-4-1-2-4-3-7-4-4-4-3-3	4-3-4-3-4-7-3-5-5-3-4-2	3-1-4-5-3-5-3-1-3-3-5-1	3-4-3-5-3-3-3-3-3-3-5-4	4-8-3-4-3-1-1-3-3-3-1-1
286	5	6-3-6-3-4-3-5-5-5-5-5-3	3-4-4-6-6-6-3-5-6-4-6-6	1-6-7-1-7-8-6-7-3-6-4-6	6-6-3-7-6-7-3-1-4-4-6-3	7-3-4-5-3-4-6-6-4-5-7-5	6-6-6-7-3-3-6-7-4-2-5-7	6-4-4-5-6-5-2-6-4-4-5-6	4-6-3-6-6-3-4-7-3-3-5-3	3-3-2-6-7-3-3-4-4-5-5-1	0-7-5-4-3-7-7-8-6-3-4-1	3-5-4-4-3-3-3-3-3-5-6-6	4-6-6-7-7-2-5-3-1-3-1-1
286	6	5-7-5-8-6-6-6-5-6-5-6-5	3-8-6-5-4-5-3-7-5-4-5-5	7-5-5-3-5-5-7-5-7-5-7-5	5-5-3-5-5-5-7-1-7-5-7-3	5-3-7-3-3-7-7-5-6-6-5-5	5-5-5-5-2-3-5-6-6-6-7-6	5-4-7-7-5-8-7-5-4-6-7-5	6-6-3-7-5-3-4-6-6-3-5-3	3-3-4-5-6-3-3-5-6-5-5-3	3-5-6-5-7-7-7-5-5-3-3-1	3-5-3-2-3-3-3-3-3-5-5-5	7-5-3-5-3-2-5-3-3-3-2-5
286	7	8-6-5-3-6-8-7-8-8-7-7-8	7-6-6-5-4-8-3-6-8-7-8-8	6-7-5-8-5-5-6-8-8-7-6-6	5-7-7-5-5-5-6-1-6-4-6-3	5-3-6-5-3-6-6-7-7-7-5-7	8-6-5-5-7-1-6-6-7-6-6-5	8-1-6-6-6-7-6-8-7-4-8-5	7-7-1-6-5-7-4-5-8-3-4-7	7-3-8-7-5-4-6-7-4-5-5-3	8-5-7-6-6-5-6-2-8-3-4-1	3-7-3-2-8-8-3-3-4-5-7-7	6-5-7-5-7-7-1-3-1-3-1-1
286	8	8-6-8-6-8-8-7-8-7-7-7-7	7-6-8-5-8-8-7-8-7-8-7-7	8-8-8-7-8-5-7-7-7-8-8-8	7-8-8-8-8-8-7-8-7-8-8-7	1-3-8-8-8-8-7-8-8-8-5-8	8-8-8-5-8-8-8-8-8-8-8-8	7-8-8-8-7-6-8-8-8-8-3-7	8-7-8-7-8-8-8-1-7-3-5-7	7-8-8-8-1-8-8-5-8-8-6-8	7-3-8-8-8-7-8-5-7-8-4-8	3-8-8-6-7-7-3-3-3-7-8-8	8-7-7-2-0-8-8-3-8-8-7-1
287	0	0-0-0-0-0-0-0-0-0-0-0-0	0-0-0-0-0-0-0-0-0-0-0-0	0-0-0-0-0-0-0-0-0-0-0-0	0-0-0-0-0-0-0-0-0-0-0-0	0-0-0-0-0-0-0-0-0-0-0-0	0-0-0-0-0-0-0-0-0-0-0-0	0-0-0-0-0-0-0-0-0-0-0-0	0-0-0-0-0-0-0-0-0-0-0-0	0-0-0-0-0-0-0-0-0-0-0-0	0-0-0-0-0-0-0-0-0-0-0-0	0-0-0-0-0-0-0-0-0-0-0-0	0-0-0-0-0-0-0-0-0-0-0-0
287	1	1-1-1-1-1-1-1-1-1-1-1-1	0-2-1-0-0-2-0-1-0-1-0-1	1-0-0-1-0-0-2-2-0-1-2-0	0-0-2-0-0-0-2-0-2-2-2-0	2-0-0-0-0-1-2-0-2-0-0-0	0-0-0-0-0-0-2-0-2-1-0-0	0-1-2-0-2-1-0-0-1-1-0-1	1-1-0-0-1-0-2-0-0-2-0-0	0-0-2-0-1-1-4-0-2-2-0-1	0-0-1-2-2-1-2-1-0-0-0-1	4-0-3-2-1-0-0-0-0-0-2-2	2-1-4-0-0-1-0-0-0-0-2-1
287	2	2-1-3-1-2-2-2-1-2-2-3-3	3-1-1-3-0-1-3-3-0-1-3-3	0-3-3-3-3-2-3-1-3-3-1-3	3-3-3-3-3-3-1-4-3-1-3-3	3-1-3-3-0-3-3-3-1-1-3-3	2-0-3-2-2-3-3-3-1-2-0-3	3-1-1-0-3-2-3-3-0-2-2-3	1-2-3-3-2-0-1-2-3-1-0-0	0-0-3-3-4-2-0-3-1-1-3-3	0-3-2-1-3-2-3-1-3-0-0-2	3-2-1-1-1-2-0-0-0-2-3-1	3-3-3-0-0-3-2-0-4-0-3-2
287	3	3-3-2-3-3-3-3-3-3-2-2-2	2-4-4-2-3-3-2-2-3-2-2-2	2-2-2-2-2-2-2-4-2-2-0-2	2-2-4-2-2-2-4-2-2-4-4-2	2-4-2-2-4-4-2-2-4-3-2-2	4-4-2-2-3-2-2-2-3-3-3-2	2-2-3-4-2-3-6-2-3-4-4-4	3-2-2-2-2-4-6-4-2-3-0-4	4-0-6-2-3-3-3-4-4-3-2-6	4-4-3-4-2-3-2-6-2-4-8-2	2-0-1-3-0-4-4-3-0-2-4-3	3-2-2-4-4-3-2-4-6-4-2-3
287	4	4-4-5-5-3-4-4-4-5-4-4-5	5-3-3-2-4-4-5-5-5-5-5-5	4-5-5-5-2-5-5-5-5-5-4-4	4-6-5-4-5-5-4-2-4-4-3-5	5-5-3-5-6-3-4-4-3-4-5-4	5-4-6-4-7-8-3-5-3-4-5-3	3-5-4-3-5-4-4-5-4-3-5-3	5-2-5-3-4-6-3-4-4-3-5-6	6-6-5-3-2-5-5-6-3-4-4-2	5-5-3-3-6-3-3-4-5-6-5-3	5-0-4-3-5-3-6-5-6-6-3-7	4-4-5-3-6-6-6-6-5-3-4-4
287	5	6-6-6-6-6-6-6-6-6-8-6-4	6-6-5-4-4-6-4-6-4-6-4-6	5-6-7-6-6-6-4-6-6-6-6-6	6-4-4-6-4-4-6-7-6-7-5-4	7-4-6-4-4-6-6-5-6-5-7-4	4-7-6-4-4-6-6-6-7-5-4-6	4-5-5-5-6-5-4-4-6-6-4-5	4-2-4-5-5-6-5-4-5-3-4-4	5-4-5-4-6-7-4-4-7-8-2-5	6-4-3-5-6-5-3-3-4-4-4-2	4-8-5-4-6-8-4-4-4-5-6-4	8-5-4-8-5-7-3-7-4-5-5-7
287	6	5-5-5-8-5-5-5-5-5-5-5-4	5-5-5-4-4-5-5-5-5-5-7-5	5-7-5-5-5-5-7-5-5-5-5-7	7-4-4-5-7-7-5-8-5-5-7-5	7-5-5-2-4-7-7-7-5-5-5-6	5-5-4-6-4-5-7-5-5-5-3-7	7-7-5-8-5-5-3-7-5-5-7-8	5-7-2-7-7-5-3-8-6-3-4-4	5-4-7-7-7-5-5-7-5-6-6-3	5-5-6-5-7-6-5-3-5-4-5-7	8-6-5-7-5-5-4-0-4-4-5-6	5-7-5-7-4-4-7-4-3-7-7-5
287	7	5-5-5-4-5-5-5-5-5-5-5-8	5-5-5-4-5-5-5-6-5-5-6-5	5-6-5-5-6-5-6-5-5-5-6-6	6-7-7-5-6-6-5-5-5-5-6-8	5-4-5-2-7-6-6-6-7-5-5-6	8-5-8-5-4-5-6-5-5-5-7-7	8-6-5-7-7-5-8-6-7-5-6-7	5-6-2-6-6-8-8-7-7-3-4-4	7-4-6-6-6-5-7-7-5-6-6-7	7-7-6-4-6-8-3-3-8-5-5-6	4-5-7-6-5-5-4-3-5-5-5-4	5-8-5-7-5-7-7-5-5-6-6-5
287	8	8-5-6-6-8-5-5-8-5-5-5-7	5-5-8-4-8-5-5-6-8-8-6-7	8-7-8-5-8-6-7-7-6-8-5-8	8-8-5-8-8-8-7-8-5-8-8-7	5-4-8-8-8-8-7-8-8-8-5-8	7-8-8-4-8-4-8-8-8-8-8-8	7-8-8-6-7-8-8-8-8-8-5-5	8-8-2-7-8-7-7-6-6-5-5-4	7-8-8-7-2-8-8-7-8-5-6-2	6-8-8-8-8-7-8-3-7-5-5-8	4-5-8-8-5-5-5-5-5-4-8-8	5-7-8-5-5-8-8-5-8-8-5-8
288	0	0-0-0-0-0-0-0-0-0-0-0-0	0-0-0-0-0-0-0-0-0-0-0-0	0-0-0-0-0-0-0-0-0-0-0-0	0-0-0-0-0-0-0-0-0-0-0-0	0-0-0-0-0-0-0-0-0-0-0-0	0-0-0-0-0-0-0-0-0-0-0-0	0-0-0-0-0-0-0-0-0-0-0-0	0-0-0-0-0-0-0-0-0-0-0-0	0-0-0-0-0-0-0-0-0-0-0-0	0-0-0-0-0-0-0-0-0-0-0-0	0-0-0-0-0-0-0-0-0-0-0-0	0-0-0-0-0-0-0-0-0-0-0-0
288	1	1-1-1-1-1-1-1-0-1-1-1-1	2-0-0-3-0-0-2-0-2-1-3-2	0-3-0-2-2-0-2-2-0-0-0-2	2-0-0-2-3-2-0-3-0-0-2-3	3-0-2-0-0-2-2-2-1-1-0-0	3-0-2-0-0-2-2-2-1-1-0-3	0-1-1-0-2-0-0-2-1-1-2-0	1-3-1-2-2-2-1-7-2-0-0-0	1-0-2-2-7-1-0-2-0-1-1-1	0-1-0-0-2-1-0-1-2-0-0-3	1-4-0-0-0-2-4-0-0-1-0-0	0-1-1-1-1-1-2-0-4-2-1-4
288	2	2-2-2-2-2-2-2-2-2-2-2-2	1-5-2-1-0-2-1-3-1-2-1-3	0-4-0-1-1-1-3-4-4-1-3-1	1-0-2-1-1-1-3-1-3-4-3-0	1-0-1-2-1-3-3-1-2-2-0-0	1-0-3-0-2-1-3-1-2-2-6-1	3-4-2-2-1-3-4-1-2-2-1-3	4-1-1-3-1-1-5-1-1-2-3-0	3-0-3-1-2-4-0-1-3-2-3-3	3-1-0-3-1-0-3-3-1-2-2-1	1-5-0-2-2-1-3-2-0-1-2-2	2-1-1-2-3-1-1-0-0-1-2-5
288	3	3-2-2-3-2-3-3-3-3-3-4-3	4-2-2-1-4-4-1-4-2-4-4-2	1-3-1-1-4-4-2-2-2-4-2-4	4-4-4-4-1-1-2-1-4-4-2-1	1-1-1-4-1-2-4-3-4-3-5-1	1-3-2-0-3-1-4-1-3-3-2-1	2-1-2-2-4-2-5-4-3-2-4-3	3-1-2-2-1-3-2-1-3-5-2-4	2-0-2-1-3-6-0-4-6-6-2-2	2-3-0-4-4-4-2-4-1-6-2-1	4-1-3-4-4-3-2-2-0-3-3-3	2-4-4-2-2-3-1-0-3-1-2-2
288	4	4-4-7-6-4-3-4-6-4-7-5-7	3-2-2-3-5-3-4-5-5-3-3-6	7-5-6-5-3-5-5-5-5-3-2-3	5-5-5-5-1-1-2-5-3-3-2-7	1-6-5-3-5-2-5-5-3-5-3-4	3-4-2-4-5-1-5-1-3-2-0-5	5-2-2-5-5-4-2-3-2-2-3-3	2-2-6-1-1-5-2-5-4-4-4-3	5-6-5-1-3-3-4-3-2-4-1-5	4-4-6-5-3-5-0-3-5-4-2-1	5-1-3-3-3-7-2-4-5-4-5-4	5-3-3-4-4-4-4-6-1-3-4-1
288	5	5-5-7-6-2-5-6-5-4-5-4-4	5-2-2-5-4-6-4-6-4-6-7-4	6-6-4-7-6-4-6-4-4-6-2-6	6-4-4-6-6-6-2-4-6-3-6-4	6-4-4-3-4-5-6-6-3-4-3-6	5-4-6-5-4-4-6-6-4-5-2-6	4-2-3-4-4-5-3-6-5-2-6-6	5-6-4-6-6-4-7-6-4-4-6-0	4-4-4-5-6-3-4-6-3-3-6-4	4-6-4-4-6-4-6-2-4-4-6-1	4-2-6-3-7-5-4-4-6-6-4-4	4-6-1-4-6-4-5-4-6-5-6-2
288	6	5-7-5-5-6-7-6-4-7-6-4-7	6-2-2-5-4-5-4-5-4-6-5-7	5-5-4-5-5-6-5-7-4-5-5-5	5-6-6-5-5-5-7-5-5-3-5-4	5-4-4-4-6-5-7-5-6-6-4-5	5-4-7-5-3-7-5-5-6-6-2-6	7-1-2-4-5-4-3-5-6-5-5-5	6-5-4-5-5-4-2-5-4-3-5-6	6-4-7-5-5-3-4-6-3-3-5-3	4-5-6-5-5-7-5-3-4-4-5-1	5-6-5-3-7-6-6-4-5-6-6-6	7-5-3-4-5-6-4-4-5-5-5-1
288	7	7-6-5-4-7-7-6-7-6-4-5-4	6-7-7-5-7-7-4-7-5-7-5-6	7-7-7-5-7-7-6-6-6-7-7-7	7-7-7-7-7-7-6-7-6-7-7-4	5-4-7-7-7-7-6-7-7-7-3-7	6-7-7-5-7-6-7-7-7-7-7-7	6-7-7-7-7-7-7-5-7-7-6-7	7-7-7-6-7-6-5-1-6-4-6-7	4-7-6-6-5-7-7-6-3-2-5-7	4-5-7-7-7-6-7-6-4-7-2-7	7-7-7-7-5-4-7-4-7-6-7-7	6-6-3-4-5-7-7-4-7-7-5-7
289	0	0-0-0-0-0-0-0-0-0-0-0-0	0-0-0-0-0-0-0-0-0-0-0-0	0-0-0-0-0-0-0-0-0-0-0-0	0-0-0-0-0-0-0-0-0-0-0-0	0-0-0-0-0-0-0-0-0-0-0-0	0-0-0-0-0-0-0-0-0-0-0-0	0-0-0-0-0-0-0-0-0-0-0-0	0-0-0-0-0-0-0-0-0-0-0-0	0-0-0-0-0-0-0-0-0-0-0-0	0-0-0-0-0-0-0-0-0-0-0-0	0-0-0-0-0-0-0-0-0-0-0-0	0-0-0-0-0-0-0-0-0-0-0-0
289	1	1-1-1-1-1-1-1-1-1-1-1-1	1-1-0-3-0-0-0-0-0-1-1-0	0-1-0-2-2-0-2-0-0-2-1-2	2-0-0-2-3-2-0-2-1-0-2-0	4-0-1-2-2-2-2-2-0-1-9-3	3-0-2-0-0-3-2-3-1-1-0-3	0-1-1-0-2-0-1-2-0-1-0-2	1-5-4-2-1-0-1-9-1-1-0-0	0-0-2-4-4-2-0-2-0-1-1-1	0-2-1-0-2-1-2-1-2-0-0-3	4-4-0-0-0-1-0-0-0-1-1-1	0-2-1-1-0-0-1-0-4-2-1-4
289	2	2-2-2-2-2-2-2-2-2-2-2-2	1-4-2-1-0-2-1-3-3-2-1-3	2-4-1-1-1-1-3-4-4-1-3-1	1-0-0-1-1-1-3-1-3-2-3-0	1-0-1-1-1-3-3-1-2-2-1-1	1-1-3-0-2-1-3-1-2-2-6-2	3-1-2-2-1-2-4-1-2-5-4-1	5-1-0-3-3-0-4-2-2-2-3-0	4-0-3-1-3-4-0-1-3-2-2-3	0-1-2-3-1-1-3-6-1-2-3-1	0-1-0-2-0-1-4-0-0-1-1-2	2-1-1-3-0-0-1-0-0-1-2-2
289	3	3-2-4-3-2-3-3-3-3-3-4-3	4-2-2-1-4-4-1-4-2-4-4-2	6-3-0-5-4-4-2-6-2-4-2-4	1-4-4-4-1-1-2-1-4-4-2-0	1-0-0-4-7-2-4-3-4-1-5-1	1-3-2-2-3-1-4-1-3-3-2-1	2-1-2-2-5-2-6-4-3-2-2-3	3-1-1-2-2-3-2-4-3-6-2-4	2-0-2-1-3-5-0-5-6-8-2-2	2-3-3-4-2-1-2-4-7-0-2-1	6-1-3-4-4-3-2-0-6-3-1-3	2-4-4-2-0-3-2-0-5-5-2-1
289	4	4-4-5-7-4-3-4-8-4-5-5-5	3-2-2-5-5-3-5-3-5-3-5-5	5-5-5-5-3-6-5-5-5-3-2-3	5-7-5-5-5-5-2-1-3-3-2-7	1-4-8-3-6-2-5-5-3-5-3-5	5-5-2-4-4-1-5-1-2-2-2-5	5-1-2-7-3-4-2-3-2-4-2-2	4-1-8-5-1-5-2-3-4-4-5-3	5-5-5-1-1-3-4-3-2-4-1-3	5-5-6-5-5-1-5-3-5-5-7-1	5-1-4-3-3-7-2-8-5-1-5-4	4-3-5-5-5-4-7-4-3-3-5-1
289	5	4-6-4-4-5-5-5-7-5-4-4-4	3-6-6-4-4-5-4-6-4-5-4-4	4-4-4-3-3-4-6-4-4-4-6-4	4-4-4-4-4-4-5-1-6-3-5-4	1-4-4-3-4-5-6-4-5-4-3-4	4-4-2-4-3-1-4-6-5-5-2-5	4-1-7-4-3-5-6-3-5-2-1-1	2-1-1-4-5-4-6-4-4-4-4-9	4-4-4-1-5-3-4-3-2-4-1-2	4-4-5-4-4-1-4-5-4-4-4-1	4-4-6-3-6-4-2-4-4-1-4-4	4-3-4-4-4-4-4-4-3-3-4-1
289	6	7-5-7-6-6-6-6-6-6-6-8-7	6-5-5-6-4-6-8-7-7-7-7-8	3-7-7-9-8-7-7-7-7-7-5-7	7-4-4-8-8-8-7-6-7-3-7-4	8-4-4-8-4-5-7-7-6-6-8-8	8-7-7-6-6-4-7-7-5-2-2-8	6-1-5-4-7-6-3-7-5-2-8-6	2-8-6-7-8-4-5-8-8-3-4-0	6-0-9-8-6-3-4-7-3-3-8-2	6-8-6-4-6-7-7-2-7-4-8-1	8-6-5-3-5-4-0-4-4-8-5-6	4-8-6-4-6-4-8-4-6-6-6-1
289	7	6-9-6-9-6-7-7-7-7-6-6-6	8-8-8-6-4-6-4-6-6-6-6-6	6-6-6-6-6-6-8-6-5-6-8-6	6-4-4-6-6-6-8-6-6-3-6-4	6-4-4-7-4-8-8-6-8-7-6-6	1-6-6-4-7-1-6-6-7-7-2-6	4-6-8-4-6-7-8-8-7-8-6-6	2-6-9-6-6-4-8-6-6-7-4-0	4-0-8-6-7-3-4-6-7-6-6-4	4-4-5-4-8-6-6-8-6-8-4-8	8-6-5-7-8-4-9-4-4-6-8-7	8-6-6-4-4-0-8-0-8-6-8-8
289	8	6-7-6-6-5-9-9-4-8-8-6-9	7-7-7-6-8-7-6-6-9-8-6-6	9-6-6-6-6-7-7-8-9-8-7-6	6-8-8-6-6-6-9-6-7-7-6-4	6-4-4-6-8-7-7-6-7-8-6-6	6-4-6-9-8-9-7-6-8-8-2-6	4-9-7-4-8-8-7-7-8-7-6-6	8-6-4-7-6-4-9-6-6-7-6-0	8-8-5-6-8-3-4-6-3-3-6-2	6-6-5-9-7-6-6-7-9-7-6-7	7-8-5-3-7-8-8-4-4-6-7-6	7-6-6-4-9-4-7-4-7-4-7-7
289	9	9-7-6-7-9-8-8-9-8-6-6-8	8-7-9-6-9-9-4-9-9-9-6-8	9-9-9-6-9-9-9-8-9-9-8-9	8-9-9-9-9-9-8-9-8-9-9-8	6-9-9-9-9-9-8-9-9-9-1-9	9-9-9-8-9-8-9-9-9-9-9-9	8-9-9-9-9-9-8-8-9-9-9-9	9-7-7-8-9-9-8-6-6-7-4-9	8-9-9-8-6-9-9-6-3-7-7-9	4-9-7-8-9-6-9-9-8-9-7-9	7-9-8-8-6-4-7-4-7-9-9-9	9-8-8-9-8-9-9-9-9-9-6-9
290	0	0-0-0-0-0-0-0-0-0-0-0-0	0-0-0-0-0-0-0-0-0-0-0-0	0-0-0-0-0-0-0-0-0-0-0-0	0-0-0-0-0-0-0-0-0-0-0-0	0-0-0-0-0-0-0-0-0-0-0-0	0-0-0-0-0-0-0-0-0-0-0-0	0-0-0-0-0-0-0-0-0-0-0-0	0-0-0-0-0-0-0-0-0-0-0-0	0-0-0-0-0-0-0-0-0-0-0-0	0-0-0-0-0-0-0-0-0-0-0-0	0-0-0-0-0-0-0-0-0-0-0-0	0-0-0-0-0-0-0-0-0-0-0-0
290	1	1-1-1-1-1-2-1-1-1-1-2-2	2-2-1-0-2-2-4-2-1-2-2-2	1-2-2-2-2-2-2-2-3-2-2-2	2-1-2-2-1-2-2-2-1-2-1-2	2-1-1-2-1-1-2-1-1-1-2-1	5-2-2-1-2-2-1-2-2-1-4-2	1-2-1-1-1-1-0-2-1-2-1-1	2-1-2-1-1-2-1-1-1-1-2-3	1-1-3-1-1-2-4-1-2-1-1-2	5-1-2-2-1-1-2-2-1-2-2-1	1-7-3-1-1-7-1-1-4-1-2-1	3-1-1-1-3-1-1-2-4-1-3-1
290	2	1-1-1-2-1-1-1-1-1-1-1-1	1-1-1-2-1-1-3-1-1-1-1-1	0-3-1-5-3-1-3-1-1-1-1-3	3-3-1-2-3-3-1-1-1-1-5-1	1-1-2-6-3-3-3-3-1-1-1-3	1-1-3-2-1-1-3-1-1-1-1-2	3-1-1-1-3-2-1-3-1-1-2-3	1-2-3-2-3-1-1-5-2-1-1-0	2-0-1-3-4-1-1-3-1-2-2-1	3-3-1-1-3-2-3-1-3-1-1-2	1-2-1-1-1-1-0-2-1-3-1-1	1-2-3-1-1-1-3-1-2-2-2-1
290	3	3-3-1-3-3-1-1-1-1-1-1-1	1-5-3-2-1-1-2-2-1-1-1-4	1-2-1-1-4-1-2-1-1-4-4-2	2-4-3-4-2-2-1-1-5-5-4-1	1-1-2-5-2-2-2-2-5-3-1-2	4-3-5-1-3-2-4-1-3-3-6-3	2-4-5-4-2-3-5-2-1-1-2-2	3-2-2-2-2-1-5-2-2-4-3-1	3-1-1-2-3-1-7-2-1-3-2-3	2-2-3-4-2-2-2-1-2-4-4-2	0-2-1-4-1-4-1-3-0-2-2-1	1-2-2-4-1-1-2-0-0-6-1-1
290	4	5-4-5-4-5-5-5-5-6-7-4-4	5-3-3-5-1-5-5-4-5-6-5-5	4-5-5-5-4-5-4-4-5-3-5-4	5-5-5-5-3-3-7-4-3-4-3-4	3-7-3-4-5-3-5-4-3-4-1-7	3-1-3-4-5-2-3-2-1-4-1-4	5-3-4-3-5-4-3-4-1-4-5-5	5-2-5-3-2-5-6-2-2-6-5-5	5-6-5-2-2-5-5-3-5-4-5-5	4-5-1-5-5-2-3-4-5-5-5-2	5-2-5-3-5-3-5-5-5-5-3-4	5-2-4-5-5-5-4-5-5-5-5-5
290	5	4-4-4-6-3-4-5-4-4-4-5-6	4-3-3-6-6-4-6-4-4-4-4-4	5-6-4-6-6-4-6-4-4-5-4-5	6-4-4-4-6-6-4-6-6-3-6-5	6-4-7-3-4-5-6-6-3-5-5-6	1-7-6-5-4-6-6-6-1-4-3-6	4-5-3-6-4-5-3-4-5-1-6-6	4-6-4-6-6-4-3-2-5-4-6-4	4-4-4-6-6-6-4-6-4-6-6-4	7-4-1-4-6-6-6-1-4-4-4-6	4-5-4-4-6-4-4-4-4-4-1-5	4-5-4-6-4-4-5-4-4-4-6-6
290	6	4-4-4-5-6-7-4-5-4-4-5-7	4-3-3-5-5-4-5-5-4-4-4-4	7-5-4-5-5-6-5-4-4-6-6-6	5-6-6-4-5-5-4-5-5-6-5-5	5-4-5-2-6-5-5-5-6-6-5-5	7-5-5-5-4-7-5-5-6-6-3-5	7-5-1-5-6-6-3-5-6-4-5-5	4-5-3-5-5-4-3-2-5-4-5-4	6-4-6-6-5-5-5-5-4-5-5-3	7-6-6-4-2-5-5-7-7-1-5-5	1-6-5-3-5-1-4-5-4-6-1-6	4-7-1-5-4-6-1-4-5-3-5-5
290	7	7-6-4-5-7-7-4-7-4-4-4-6	4-7-7-5-7-7-5-7-4-7-4-4	7-7-7-6-7-7-6-6-4-7-4-7	7-7-7-7-7-7-4-7-6-7-7-5	5-4-5-7-7-7-6-7-7-7-2-4	6-5-7-6-7-6-7-7-7-7-7-7	6-7-7-7-6-7-7-7-7-7-6-5	7-5-7-6-5-4-7-5-2-4-4-4	6-4-7-6-5-7-7-6-7-7-6-4	6-7-7-7-7-6-5-6-6-7-4-7	4-1-4-7-6-1-4-4-4-4-7-6	4-6-4-1-4-7-7-4-4-7-6-7
291	0	0-0-0-0-0-0-0-0-0-0-0-0	0-0-0-0-0-0-0-0-0-0-0-0	0-0-0-0-0-0-0-0-0-0-0-0	0-0-0-0-0-0-0-0-0-0-0-0	0-0-0-0-0-0-0-0-0-0-0-0	0-0-0-0-0-0-0-0-0-0-0-0	0-0-0-0-0-0-0-0-0-0-0-0	0-0-0-0-0-0-0-0-0-0-0-0	0-0-0-0-0-0-0-0-0-0-0-0	0-0-0-0-0-0-0-0-0-0-0-0	0-0-0-0-0-0-0-0-0-0-0-0	0-0-0-0-0-0-0-0-0-0-0-0
291	1	1-1-1-1-1-1-1-1-1-1-1-1	2-1-1-1-0-0-0-2-0-1-2-2	0-3-0-1-2-2-2-1-0-1-2-2	2-0-1-3-4-2-0-1-1-0-1-0	1-0-1-4-0-1-2-2-1-1-1-4	1-0-2-0-1-3-2-4-1-1-0-1	0-3-1-0-2-0-1-2-1-1-0-1	0-3-3-2-4-0-0-1-1-1-0-0	0-0-2-3-3-0-0-3-0-1-1-1	0-3-0-0-2-3-0-1-2-0-0-3	0-1-0-3-0-0-0-0-0-1-1-1	0-2-1-2-0-3-3-0-1-1-1-3
291	2	2-3-1-2-2-2-2-2-2-1-2-3	1-3-3-1-2-3-1-1-3-2-1-1	2-1-0-0-1-3-3-3-0-3-3-3	1-2-3-1-1-1-0-1-1-3-3-0	2-0-2-1-2-1-3-1-3-2-1-1	3-5-4-2-3-1-3-1-2-2-2-2	0-1-2-0-1-0-3-1-2-2-0-1	2-2-3-1-1-3-5-2-1-4-5-0	0-0-1-1-2-3-0-1-5-2-1-2	0-1-2-5-1-0-3-2-1-3-2-1	3-1-0-2-5-3-0-0-3-1-1-2	0-1-0-3-2-1-1-0-5-1-2-2
291	3	4-2-3-3-3-2-3-3-3-4-3-2	4-2-2-1-2-2-4-2-4-4-5-4	6-1-4-1-2-2-2-4-4-4-2-2	4-4-2-4-1-4-4-1-2-2-2-7	1-8-2-3-4-2-4-4-2-3-4-8	2-4-2-3-5-4-2-1-2-2-2-1	6-1-1-6-4-3-2-2-3-1-6-1	6-1-6-1-1-4-2-1-4-3-6-5	6-7-5-1-1-4-6-1-2-3-1-3	6-6-2-0-4-1-2-2-4-2-6-1	8-1-4-1-3-5-5-6-2-1-1-3	0-1-6-2-6-6-1-7-6-6-1-1
291	4	3-5-4-4-4-4-4-4-4-3-3-3	3-5-5-1-6-4-3-4-3-6-3-3	3-4-3-4-1-5-5-3-3-3-5-5	3-3-3-3-1-3-3-1-5-4-4-3	4-0-2-1-3-4-5-3-5-4-5-1	5-5-2-7-3-3-5-1-4-4-1-5	4-5-6-4-3-4-2-3-4-2-4-5	4-4-3-4-1-3-6-4-3-2-3-3	4-3-3-3-2-3-3-5-4-3-1-2	0-1-4-0-3-1-0-2-3-4-3-1	3-6-3-5-0-3-3-3-3-1-1-2	5-5-3-3-3-7-1-3-1-3-4-8
291	5	6-4-5-6-4-4-6-5-5-5-5-6	3-4-4-7-6-6-5-6-3-4-6-6	6-6-6-6-7-6-6-6-5-6-4-6	6-3-5-7-7-6-4-7-6-4-6-8	1-3-5-7-3-6-6-6-4-4-7-7	4-4-6-5-3-3-6-5-4-4-2-4	5-4-4-5-6-5-2-6-4-2-7-6	3-7-3-6-7-4-8-7-7-3-2-3	3-3-8-6-7-5-3-4-2-5-7-3	5-7-5-2-7-5-8-2-6-5-3-6	3-5-3-4-2-3-3-3-2-6-6-5	4-6-3-5-3-3-6-3-2-3-1-1
291	6	5-7-5-5-6-6-5-6-5-5-5-5	3-8-6-5-5-5-5-7-6-4-5-5	3-5-5-5-5-5-7-5-7-5-7-5	5-3-5-5-5-5-7-5-7-6-7-3	7-3-7-5-3-7-7-5-7-6-5-5	7-6-7-8-5-5-5-5-7-6-7-6	7-5-7-3-5-5-7-1-4-2-3-5	3-5-3-5-5-3-7-5-5-6-3-3	3-3-3-5-6-3-3-3-7-6-5-3	3-3-6-7-5-5-7-2-5-7-3-5	3-5-3-4-8-3-3-3-3-5-5-5	7-5-3-7-3-3-5-3-3-3-7-7
291	7	8-6-5-5-6-8-8-5-8-5-7-8	7-6-6-5-5-8-5-6-8-7-8-8	6-7-5-5-5-7-6-8-8-5-6-6	5-7-7-5-5-5-6-5-6-7-6-8	6-0-6-5-7-6-6-5-6-7-5-5	8-7-6-8-3-8-6-5-7-6-6-5	6-8-6-5-6-7-6-0-7-1-5-5	7-5-1-5-5-7-6-5-5-3-6-3	7-3-3-5-5-3-6-5-6-5-5-3	8-5-7-6-5-5-6-2-8-6-3-5	6-5-7-4-2-8-3-3-6-8-7-7	4-5-7-5-5-7-7-3-6-3-6-6
291	8	8-6-8-6-8-8-7-8-7-7-7-7	7-6-8-5-8-8-5-8-7-8-7-7	8-8-8-5-8-8-7-7-7-8-8-8	7-8-8-8-8-8-7-8-7-8-8-7	5-8-8-8-8-8-7-8-8-8-6-3	8-8-8-7-8-8-8-8-8-8-8-8	7-8-8-8-5-8-7-8-8-8-8-8	8-6-8-7-8-7-5-5-5-7-7-6	7-3-5-7-5-8-8-7-8-6-6-5	7-3-8-8-8-5-8-8-7-8-6-8	3-8-8-4-6-7-3-3-3-7-8-8	8-5-7-2-1-8-8-3-8-8-6-4
292	0	0-0-0-0-0-0-0-0-0-0-0-0	0-0-0-0-0-0-0-0-0-0-0-0	0-0-0-0-0-0-0-0-0-0-0-0	0-0-0-0-0-0-0-0-0-0-0-0	0-0-0-0-0-0-0-0-0-0-0-0	0-0-0-0-0-0-0-0-0-0-0-0	0-0-0-0-0-0-0-0-0-0-0-0	0-0-0-0-0-0-0-0-0-0-0-0	0-0-0-0-0-0-0-0-0-0-0-0	0-0-0-0-0-0-0-0-0-0-0-0	0-0-0-0-0-0-0-0-0-0-0-0	0-0-0-0-0-0-0-0-0-0-0-0
292	1	1-1-1-1-1-1-1-1-1-1-1-1	1-1-1-1-0-0-0-3-0-1-0-0	0-1-0-5-2-2-2-0-0-3-2-1	2-0-1-2-2-2-0-1-1-0-1-0	1-0-1-2-2-1-2-2-1-1-0-1	1-0-2-0-1-2-2-1-1-1-0-2	3-3-1-0-2-0-1-2-1-1-0-2	1-3-1-2-3-0-0-8-1-1-0-0	0-0-2-3-3-0-0-2-1-1-1-1	0-2-1-2-2-3-2-1-2-0-0-3	3-1-0-1-0-1-0-3-0-1-1-1	0-2-1-2-3-1-3-0-2-1-1-3
292	2	2-2-2-2-2-2-2-2-2-2-2-2	1-3-2-1-0-2-0-2-3-2-3-3	4-2-1-0-1-1-1-4-0-1-3-1	1-2-3-1-1-1-2-1-3-2-1-0	2-0-2-1-2-1-3-1-3-2-1-1	3-2-1-0-3-1-3-3-2-2-2-1	4-1-2-2-1-0-3-1-2-2-3-1	2-2-3-1-2-3-5-2-2-4-0-0	2-0-1-1-2-0-4-1-3-2-2-2	3-1-2-3-1-1-1-2-1-3-5-1	3-2-2-6-3-0-0-0-3-1-1-2	3-1-1-3-1-1-1-0-1-3-1-1
292	3	3-2-3-3-2-2-3-2-3-3-3-2	3-2-2-4-4-3-3-4-2-2-4-4	2-4-7-1-3-1-4-4-4-1-2-3	3-3-3-1-1-1-2-1-2-4-2-5	1-5-2-3-5-1-2-4-2-3-3-8	2-1-1-3-3-1-2-2-2-2-2-1	1-1-2-6-4-3-2-4-2-1-2-1	2-1-6-1-1-6-2-2-5-3-4-7	6-3-4-1-1-3-5-4-2-3-1-3	6-6-3-2-5-1-0-2-6-5-6-1	5-1-5-4-6-6-5-6-6-1-4-3	2-1-3-2-6-6-1-5-6-7-1-1
292	4	6-4-7-6-5-5-6-6-6-5-5-5	5-5-4-3-5-5-6-5-6-5-3-5	4-3-6-6-5-5-5-5-6-5-5-5	5-3-5-6-1-5-5-6-5-5-4-4	7-4-4-7-3-4-5-4-5-5-7-4	4-6-5-4-5-5-5-5-5-4-2-5	5-5-4-4-5-4-2-5-5-7-8-4	4-4-1-4-4-7-6-6-5-4-4-4	4-3-6-4-5-4-7-5-5-4-1-4	5-1-4-4-4-5-5-4-4-7-3-1	3-8-3-5-5-8-3-3-8-4-5-4	6-8-4-8-5-4-5-3-4-6-4-8
292	5	4-4-4-3-4-4-4-4-4-4-4-4	4-4-4-7-4-4-4-4-4-4-6-4	4-7-4-1-7-4-6-7-4-4-4-7	6-3-4-4-7-7-4-7-4-4-6-3	7-3-4-1-3-4-6-6-4-4-4-5	6-7-7-6-4-4-6-4-4-2-2-6	4-4-4-5-6-4-4-4-4-4-7-6	4-6-3-6-7-4-2-7-3-3-5-3	3-3-4-6-4-3-3-6-4-5-5-4	4-7-5-4-3-6-4-6-6-3-7-1	3-5-3-4-4-3-3-3-3-7-4-7	4-7-3-7-7-3-6-3-7-3-7-1
292	6	4-8-4-8-4-4-4-4-4-4-4-4	4-7-7-3-4-4-4-4-4-4-5-5	0-5-4-4-5-4-7-5-4-5-7-5	5-3-4-4-5-5-4-4-7-5-7-3	4-3-2-7-3-7-7-5-7-6-4-5	5-5-5-5-3-3-5-4-4-6-7-5	4-4-4-3-5-6-7-7-4-6-3-5	4-7-3-7-5-3-4-4-3-6-7-3	6-3-4-5-6-4-3-5-4-5-5-4	3-3-6-1-7-5-7-5-7-3-3-6	3-5-8-2-3-3-3-3-3-5-5-5	4-1-3-5-3-3-5-3-3-4-4-4
292	7	4-6-4-4-4-8-4-4-4-4-4-8	4-6-6-5-4-4-8-6-4-4-6-8	8-5-8-4-5-5-6-5-4-5-6-5	5-7-7-5-5-5-8-5-6-4-6-8	4-8-7-6-3-6-6-7-6-4-4-4	5-5-5-5-4-8-6-4-7-7-2-5	8-4-4-7-8-7-6-6-4-4-5-5	7-6-1-6-5-4-4-5-5-3-6-3	7-7-4-6-7-3-3-4-8-7-5-4	4-5-6-8-6-5-6-4-8-4-7-1	6-7-3-8-7-7-3-3-3-5-4-5	4-5-7-5-7-4-5-3-5-3-5-4
292	8	8-6-5-6-8-7-4-8-4-4-4-7	4-6-8-5-8-4-7-8-8-8-7-7	8-8-8-4-8-5-8-4-8-8-7-8	7-8-8-8-8-8-7-8-7-8-8-7	4-3-8-8-8-8-7-8-8-8-4-8	4-8-8-5-8-7-7-8-8-8-8-7	7-8-8-8-8-8-8-8-8-8-4-7	8-6-8-7-8-4-8-1-5-4-4-4	7-7-8-8-1-8-8-5-7-4-6-4	7-3-6-4-8-4-8-4-7-8-4-8	3-4-6-7-4-4-3-3-3-4-8-8	4-7-7-4-1-8-8-3-8-8-5-4
293	0	0-0-0-0-0-0-0-0-0-0-0-0	0-0-0-0-0-0-0-0-0-0-0-0	0-0-0-0-0-0-0-0-0-0-0-0	0-0-0-0-0-0-0-0-0-0-0-0	0-0-0-0-0-0-0-0-0-0-0-0	0-0-0-0-0-0-0-0-0-0-0-0	0-0-0-0-0-0-0-0-0-0-0-0	0-0-0-0-0-0-0-0-0-0-0-0	0-0-0-0-0-0-0-0-0-0-0-0	0-0-0-0-0-0-0-0-0-0-0-0	0-0-0-0-0-0-0-0-0-0-0-0	0-0-0-0-0-0-0-0-0-0-0-0
293	1	1-1-1-1-1-1-1-1-1-1-2-1	2-1-0-2-0-1-3-2-2-2-1-2	1-2-2-2-2-2-2-0-0-0-0-1	2-0-0-1-2-2-2-3-1-0-3-0	2-0-2-2-3-2-2-2-1-1-2-3	2-2-2-3-0-2-2-2-1-1-0-2	2-2-1-0-2-2-1-2-1-1-2-2	1-2-1-2-2-1-1-2-2-0-0-1	0-0-2-2-8-1-0-2-2-1-3-2	3-2-1-0-2-2-2-1-2-0-3-2	0-3-0-1-0-0-1-0-0-2-2-0	0-2-3-1-0-4-3-0-4-3-3-1
293	2	2-2-1-2-1-2-2-2-1-1-1-1	1-4-2-1-2-2-1-3-1-1-1-1	0-1-1-1-1-1-3-3-1-0-3-2	1-0-1-1-1-1-1-1-2-3-2-0	1-0-1-1-1-1-3-1-3-2-1-1	1-1-1-0-3-1-3-1-3-2-2-1	1-1-3-0-1-1-3-1-2-2-1-1	2-1-1-1-1-0-6-1-1-3-1-2	3-0-3-1-2-3-4-1-3-2-1-6	1-1-2-3-1-1-1-1-1-2-2-3	3-1-0-2-1-1-2-3-3-1-1-2	3-1-1-2-3-1-1-0-1-2-1-3
293	3	3-2-2-3-3-2-3-1-3-3-3-3	1-2-2-1-2-3-1-2-1-1-1-1	0-3-4-3-5-4-2-2-1-4-2-3	1-2-4-5-1-1-1-1-3-3-1-0	1-0-1-5-1-1-2-1-4-3-1-1	1-3-1-3-2-1-2-1-2-3-2-1	1-1-2-0-2-2-2-2-3-2-1-1	3-1-2-1-1-1-3-1-2-2-3-2	2-0-2-1-3-3-0-1-7-7-1-4	1-1-3-4-1-2-5-3-2-2-1-2	2-1-0-7-7-3-2-2-4-1-4-3	2-2-1-2-2-3-1-4-3-1-1-2
293	4	5-5-5-5-5-5-5-5-5-5-5-5	4-2-2-5-5-5-5-4-5-5-5-5	4-5-5-4-4-5-4-4-5-3-4-4	4-4-5-4-4-4-5-6-3-4-2-4	4-8-4-4-6-2-4-4-3-4-4-4	4-5-4-5-5-6-4-5-4-4-2-6	5-1-4-4-4-4-2-4-4-4-5-4	2-5-6-5-1-6-4-5-5-6-5-4	4-5-4-5-5-4-5-4-5-4-5-3	5-5-4-3-5-6-6-4-5-5-5-1	4-1-4-5-5-4-4-5-4-4-3-6	5-5-4-4-4-1-4-3-4-5-5-4
293	5	4-6-4-4-5-6-4-4-4-4-4-4	6-7-5-4-6-4-4-4-4-6-4-6	5-6-4-6-6-6-4-6-6-6-4-6	6-5-6-6-6-4-6-6-6-6-6-4	7-6-6-8-5-5-6-6-6-6-7-4	6-4-6-4-6-6-6-7-6-5-2-5	8-5-5-4-6-4-6-6-5-7-4-5	5-5-7-5-5-4-5-4-4-5-8-4	5-4-6-4-4-4-7-5-6-4-5-3	4-5-5-5-4-6-6-6-4-4-4-5	7-8-5-6-5-8-4-7-5-5-7-6	7-4-4-8-4-7-7-5-4-5-4-6
293	6	8-5-5-7-5-5-5-4-4-5-5-5	5-5-5-7-5-4-4-7-4-5-4-5	8-5-5-5-7-5-7-5-5-5-5-5	7-5-5-5-7-7-5-7-5-5-7-7	5-5-8-7-4-7-7-7-5-5-7-7	5-7-7-6-5-5-5-5-5-5-2-5	1-1-5-5-5-4-5-5-5-5-7-5	5-7-5-7-7-4-8-7-7-4-7-5	4-4-5-6-7-5-0-7-5-7-7-2	5-0-5-5-7-5-4-5-6-4-7-5	0-5-7-5-7-5-0-0-7-4-5-5	5-5-6-7-4-5-5-0-7-5-2-5
293	7	6-4-5-6-5-5-5-4-5-4-4-8	5-5-4-6-5-5-8-6-4-5-4-5	5-8-6-5-6-7-6-5-5-5-6-5	6-7-7-5-6-6-5-6-5-5-6-6	5-4-6-6-7-6-6-6-7-5-5-6	5-6-6-6-7-8-7-5-7-7-2-7	8-1-5-7-8-7-3-6-7-5-6-6	5-6-5-6-6-7-8-6-8-5-6-7	7-7-7-7-6-5-5-6-3-3-6-0	8-7-7-5-6-5-6-5-8-4-6-6	5-7-6-5-8-5-7-5-6-7-5-7	5-8-8-6-4-5-5-5-6-0-1-5
293	8	8-5-6-4-5-5-5-8-4-4-4-4	5-5-8-6-8-5-7-5-8-8-4-7	8-7-8-5-8-5-7-7-5-8-5-8	7-8-5-8-8-6-5-8-5-8-8-4	5-4-8-8-8-8-7-8-8-8-6-4	5-8-8-4-8-7-8-8-8-8-8-8	7-8-8-7-7-4-8-8-8-5-7-5	8-7-8-7-8-7-6-6-7-4-5-4	7-8-8-7-1-8-8-7-3-8-6-0	7-8-8-8-8-7-6-5-7-8-6-8	6-5-8-8-7-5-8-5-5-7-8-8	5-7-8-5-7-8-8-8-8-8-7-1
294	0	0-0-0-0-0-0-0-0-0-0-0-0	0-0-0-0-0-0-0-0-0-0-0-0	0-0-0-0-0-0-0-0-0-0-0-0	0-0-0-0-0-0-0-0-0-0-0-0	0-0-0-0-0-0-0-0-0-0-0-0	0-0-0-0-0-0-0-0-0-0-0-0	0-0-0-0-0-0-0-0-0-0-0-0	0-0-0-0-0-0-0-0-0-0-0-0	0-0-0-0-0-0-0-0-0-0-0-0	0-0-0-0-0-0-0-0-0-0-0-0	0-0-0-0-0-0-0-0-0-0-0-0	0-0-0-0-0-0-0-0-0-0-0-0
294	1	0-1-0-1-1-1-1-1-1-1-1-0	0-2-2-0-0-0-0-1-0-1-0-0	1-0-0-0-0-0-2-0-0-1-2-0	0-0-2-0-0-0-0-0-1-1-2-0	0-0-0-0-0-2-2-0-1-0-0-0	0-0-0-0-0-0-2-0-2-1-0-0	1-2-1-0-2-0-0-0-1-1-0-1	1-1-0-0-1-0-2-0-0-1-0-0	0-0-0-0-0-0-0-0-0-4-0-0	0-0-1-2-2-0-2-2-0-0-0-0	0-0-0-0-1-0-0-0-0-1-1-2	0-0-1-2-0-1-0-0-0-0-0-0
294	2	2-1-2-5-2-2-2-2-2-2-3-5	3-1-1-3-0-1-3-5-3-3-4-0	5-3-4-3-3-2-3-4-3-3-1-3	3-3-3-3-3-3-0-3-2-1-1-4	4-0-3-3-0-1-3-3-1-0-3-3	2-0-3-2-2-4-3-4-1-0-0-4	3-1-0-0-3-0-3-3-0-2-3-3	1-5-2-3-2-0-1-2-2-0-0-0	0-0-3-3-5-3-0-3-1-1-5-2	4-5-2-1-3-2-3-1-3-0-0-5	3-2-0-0-0-0-0-0-1-5-3-1	3-3-2-3-4-0-3-0-0-0-2-5
294	3	2-3-2-3-3-3-3-3-3-2-3-2	2-5-4-2-0-3-2-4-2-2-2-4	4-2-2-2-2-4-4-5-2-2-4-2	2-2-2-2-2-2-4-2-4-3-4-2	2-0-2-2-0-4-4-2-4-3-2-2	2-0-4-2-3-2-4-2-6-3-3-2	3-5-3-3-2-0-5-2-3-4-2-2	3-2-2-4-2-0-4-3-2-3-0-0	3-0-2-2-3-2-4-4-4-3-2-4	2-4-3-4-2-4-2-8-2-3-4-2	2-5-4-8-0-0-5-3-0-0-2-3	2-2-2-3-0-3-2-0-0-0-3-7
294	4	4-3-4-4-3-4-3-5-4-4-5-4	5-3-3-2-4-5-2-3-5-4-5-5	3-2-2-2-5-3-3-6-5-5-3-5	2-5-5-7-2-2-3-5-5-7-3-2	2-0-2-5-8-3-5-2-5-4-5-9	5-4-3-2-4-2-5-2-3-4-4-2	4-1-3-4-2-0-3-5-4-3-4-2	0-2-2-3-2-0-3-5-4-5-10-0	0-0-3-2-4-4-4-5-7-7-3-3	2-4-0-5-5-3-2-5-2-0-3-2	3-3-5-4-0-4-0-4-6-4-2-4	2-4-2-3-2-4-2-0-5-6-3-4
294	5	5-8-2-2-3-4-5-5-5-5-5-2	4-3-3-2-6-4-6-4-6-6-4-4	7-6-6-5-4-6-4-3-4-4-4-4	5-8-5-4-2-6-3-7-4-6-3-7	2-5-8-4-9-3-4-5-5-5-4-5	6-7-3-5-5-2-4-2-1-3-0-6	9-3-3-5-6-5-3-4-0-3-4-3	3-2-2-3-2-9-3-4-5-4-5-0	5-9-6-2-2-9-5-4-3-5-2-6	10-5-6-6-4-2-3-4-7-9-4-2	8-3-4-4-8-10-3-9-9-4-6-5	5-4-5-5-5-5-5-5-4-4-3-2
294	6	8-8-7-8-8-7-7-9-7-7-7-6	7-3-3-7-8-7-7-7-7-8-7-7	8-5-5-8-7-7-5-7-7-7-8-7	7-6-7-8-6-7-9-9-7-5-6-5	7-7-5-4-7-6-7-6-5-7-9-6	7-9-7-7-4-10-7-7-8-6-3-5	5-6-8-3-8-0-6-7-7-3-10-6	6-7-5-6-7-5-4-9-6-4-6-6	5-7-10-6-10-6-5-8-7-6-6-5	7-6-5-5-7-10-7-3-8-5-4-2	6-10-7-3-10-6-9-5-6-6-7-4	8-10-6-5-6-6-9-7-4-4-3-8
294	7	6-7-6-6-6-6-6-6-6-6-6-6	6-3-6-7-6-6-10-9-8-6-8-6	5-8-6-6-9-8-8-8-6-8-3-8	8-5-6-4-8-9-6-5-6-4-7-5	6-6-5-2-6-6-8-8-7-6-4-7	9-5-8-9-4-6-8-8-6-3-0-8	5-6-3-9-8-7-8-6-6-6-7-7	6-7-6-8-9-5-10-6-10-8-9-6	10-6-8-8-7-5-5-10-8-4-7-8	6-7-7-8-6-8-6-7-5-5-9-2	5-7-7-4-10-7-6-5-5-9-6-7	4-7-7-9-9-6-7-6-7-4-7-8
294	8	6-10-6-6-6-6-6-6-6-6-6-6	6-9-9-6-6-6-6-7-7-6-7-7	6-7-6-6-7-7-9-7-6-7-9-7	7-5-7-6-7-7-9-6-9-9-7-5	7-6-5-9-6-9-9-7-9-6-4-7	7-7-7-6-8-6-9-9-8-8-9-7	5-6-6-5-6-7-9-9-8-9-7-7	8-9-5-9-7-5-9-6-5-8-7-6	8-0-7-7-8-4-5-6-9-5-7-8	6-7-8-2-9-7-6-3-9-6-7-2	5-7-7-3-5-6-0-5-5-7-7-7	9-5-6-5-6-0-7-6-9-4-9-6
294	9	6-8-6-6-6-10-6-6-6-6-6-10	8-8-8-7-9-6-7-7-10-6-6-10	7-7-7-6-7-7-8-7-6-9-8-7	7-5-9-6-7-7-10-7-8-8-8-5	6-6-5-8-5-8-8-9-8-6-6-6	7-7-8-7-9-6-8-8-9-9-8-7	5-10-6-7-9-7-8-8-9-8-7-7	9-8-5-8-7-5-8-6-5-9-7-9	10-5-7-7-7-5-5-6-8-9-7-2	6-7-9-10-8-6-6-6-8-5-7-2	5-9-8-4-0-9-6-5-5-7-6-7	8-6-5-7-7-6-6-5-7-5-8-8
294	10	10-8-7-8-10-9-9-10-6-6-6-9	6-8-10-7-10-10-7-10-10-10-7-9	10-9-10-6-9-7-9-9-10-10-9-10	9-10-10-10-10-10-9-10-9-10-10-9	6-6-10-10-10-8-9-10-10-10-6-10	6-10-10-9-10-6-9-10-10-10-10-7	9-10-10-9-6-7-10-10-10-10-9-9	10-8-10-9-10-6-10-6-7-5-6-6	7-10-6-10-6-10-10-7-9-10-7-10	5-10-8-10-10-6-10-7-9-10-9-10	6-6-10-9-6-5-6-5-6-7-10-10	10-6-5-5-6-10-10-10-10-10-7-10
295	0	0-0-0-0-0-0-0-0-0-0-0-0	0-0-0-0-0-0-0-0-0-0-0-0	0-0-0-0-0-0-0-0-0-0-0-0	0-0-0-0-0-0-0-0-0-0-0-0	0-0-0-0-0-0-0-0-0-0-0-0	0-0-0-0-0-0-0-0-0-0-0-0	0-0-0-0-0-0-0-0-0-0-0-0	0-0-0-0-0-0-0-0-0-0-0-0	0-0-0-0-0-0-0-0-0-0-0-0	0-0-0-0-0-0-0-0-0-0-0-0	0-0-0-0-0-0-0-0-0-0-0-0	0-0-0-0-0-0-0-0-0-0-0-0
295	1	1-2-1-1-1-1-1-1-1-1-1-1	1-0-0-1-0-1-1-2-1-1-2-0	1-2-2-0-1-2-2-2-0-0-2-1	1-2-2-1-1-2-0-1-1-0-2-4	0-2-3-0-2-0-2-2-2-1-0-0	1-1-0-1-0-1-0-0-0-0-0-2	0-0-0-4-0-0-0-0-1-1-1-0	1-0-0-2-1-2-0-0-0-1-1-0	2-2-0-0-0-0-2-2-0-1-0-0	3-1-2-2-2-0-0-0-2-2-4-1	0-0-1-0-1-2-2-4-0-1-0-1	1-2-4-4-0-1-0-1-1-1-1-1
295	2	2-1-2-1-2-2-2-5-2-2-2-2	3-0-0-3-0-1-3-3-1-1-3-3	1-1-1-5-3-4-3-3-3-3-3-3	3-1-1-3-3-4-3-4-3-1-3-2	4-1-8-4-1-2-3-3-1-5-4-3	3-4-3-2-2-4-3-4-0-0-0-4	3-3-0-1-3-0-2-3-0-2-4-4	0-5-5-3-5-1-2-8-2-1-2-0	5-1-3-3-5-4-1-1-0-2-5-2	1-5-1-1-3-5-4-0-3-1-3-2	3-5-2-0-0-1-1-1-0-3-3-2	0-4-2-1-3-2-3-1-2-2-2-5
295	3	3-3-3-3-3-3-3-3-2-3-3-3	2-4-3-2-0-4-2-4-3-3-2-4	4-2-2-2-2-2-4-5-2-2-4-2	2-3-4-2-2-2-4-3-2-4-4-1	2-1-1-3-3-4-4-2-3-3-2-2	2-2-2-3-3-2-4-2-3-3-3-3	2-2-3-1-2-3-6-2-0-7-2-2	3-2-2-2-2-1-7-4-2-3-1-3	0-1-2-2-3-6-1-1-6-4-4-4	1-2-0-8-4-4-2-3-4-4-2-2	2-4-7-3-7-4-1-3-3-2-2-3	0-2-1-1-3-3-2-4-6-2-6-1
295	4	4-4-3-4-4-4-4-4-4-2-3-4	2-5-5-2-7-3-2-3-5-4-5-3	3-6-2-2-2-2-3-5-5-6-5-6	2-5-5-2-2-2-3-2-5-5-3-1	2-1-1-5-2-3-5-4-5-4-2-2	2-2-5-3-4-2-5-2-4-4-5-2	2-2-3-1-2-3-5-5-4-3-2-2	3-2-2-3-4-1-7-5-4-4-5-4	2-1-5-2-4-2-5-3-7-8-3-3	3-1-0-5-3-5-2-5-3-3-1-3	5-3-8-8-8-4-1-1-6-2-2-3	6-2-1-1-3-4-2-3-6-4-4-4
295	5	5-8-5-5-4-5-5-5-5-5-7-8	5-4-4-5-7-4-6-5-7-4-6-7	5-6-7-6-5-6-6-6-6-4-4-5	6-4-4-5-2-6-4-6-4-6-6-6	2-8-6-4-6-3-6-6-4-5-2-5	2-6-4-2-5-6-4-2-4-4-4-6	8-2-3-8-4-5-4-6-4-8-4-6	6-2-6-3-2-5-4-2-5-6-6-6	2-6-6-2-2-6-6-7-4-5-2-5	6-2-5-6-4-4-4-4-6-6-6-2	4-2-6-4-5-5-5-6-6-5-6-5	5-5-6-5-5-5-2-5-5-5-4-2
295	6	7-7-7-7-4-7-6-7-7-5-5-7	5-4-4-7-5-6-5-7-6-7-7-8	5-5-7-5-7-5-7-5-5-4-5-4	7-7-8-7-7-7-5-5-7-5-7-5	7-5-7-7-5-7-7-7-5-6-7-7	7-5-7-6-5-5-7-7-4-6-3-5	7-7-4-5-5-6-3-7-6-2-7-7	5-6-5-7-7-5-3-7-6-5-7-5	8-5-5-7-8-3-5-5-3-7-6-5	5-6-5-5-7-7-6-4-5-5-7-6	7-5-6-4-5-6-5-5-7-6-5-6	4-6-5-5-6-3-6-5-3-7-3-6
295	7	6-8-6-6-7-8-8-5-6-6-5-6	6-4-4-6-5-8-5-5-6-6-6-5	5-6-5-5-6-7-6-6-8-7-7-7	6-7-7-6-6-6-8-6-6-5-6-5	6-5-6-6-5-6-6-6-7-7-6-6	6-0-6-6-5-5-6-6-7-7-7-7	6-6-0-5-8-7-4-6-7-3-6-6	7-6-2-6-6-5-4-6-8-3-6-5	7-5-7-6-6-7-7-5-4-6-6-5	7-7-5-7-7-6-0-4-5-5-6-7	6-7-6-4-4-7-5-5-7-6-7-7	8-6-5-7-7-3-7-5-3-7-7-6
295	8	8-7-6-6-8-7-7-8-7-6-5-5	6-8-8-6-8-7-5-8-8-8-6-6	8-8-8-2-8-8-7-6-7-8-8-8	8-8-6-8-8-8-7-8-8-8-8-5	6-5-8-8-8-8-7-8-8-8-6-8	6-8-7-7-8-5-8-8-8-8-8-8	5-8-8-5-7-8-4-6-8-8-6-6	8-8-2-7-8-7-8-2-7-5-5-8	6-5-7-8-6-8-8-5-8-4-6-1	5-8-8-5-8-7-6-4-5-8-8-8	8-8-4-4-4-5-5-8-8-6-8-8	7-6-5-8-8-8-8-5-8-8-2-8
296	0	0-0-0-0-0-0-0-0-0-0-0-0	0-0-0-0-0-0-0-0-0-0-0-0	0-0-0-0-0-0-0-0-0-0-0-0	0-0-0-0-0-0-0-0-0-0-0-0	0-0-0-0-0-0-0-0-0-0-0-0	0-0-0-0-0-0-0-0-0-0-0-0	0-0-0-0-0-0-0-0-0-0-0-0	0-0-0-0-0-0-0-0-0-0-0-0	0-0-0-0-0-0-0-0-0-0-0-0	0-0-0-0-0-0-0-0-0-0-0-0	0-0-0-0-0-0-0-0-0-0-0-0	0-0-0-0-0-0-0-0-0-0-0-0
296	1	1-1-1-1-1-1-1-1-1-1-1-1	0-0-0-1-1-1-0-2-0-1-0-0	0-2-0-2-2-2-2-0-0-2-2-2	2-0-0-1-2-2-0-2-1-0-1-0	1-0-1-0-0-1-2-2-1-0-0-2	2-0-2-0-1-2-2-4-0-1-0-3	2-3-1-0-2-1-1-2-1-1-1-2	1-3-1-2-1-0-2-7-1-0-0-0	1-0-0-3-3-2-0-3-0-1-1-1	2-1-0-0-2-1-0-1-2-0-0-3	0-1-1-1-0-1-0-1-0-1-2-0	0-1-1-0-0-1-2-0-1-1-1-1
296	2	2-2-1-2-2-2-2-2-2-2-2-3	1-3-2-1-4-3-0-1-3-2-0-3	3-1-3-1-1-1-3-4-3-1-3-3	1-3-2-1-1-1-1-1-3-3-3-0	1-0-4-0-1-1-3-1-2-2-4-1	1-0-3-0-2-1-3-1-2-2-6-2	1-1-2-5-1-2-3-1-2-2-5-3	2-7-1-3-2-3-1-3-1-2-0-1	2-0-0-1-4-1-5-1-3-2-2-5	1-1-2-0-1-3-3-2-1-3-3-1	3-1-2-2-7-3-0-0-0-1-1-2	0-1-1-3-6-4-1-0-6-3-1-2
296	3	2-2-2-2-2-2-3-2-3-3-4-2	4-2-2-1-2-4-4-6-4-4-4-4	6-4-4-1-2-4-2-4-2-4-2-4	4-4-3-4-1-4-4-5-2-2-2-4	1-4-0-3-6-2-4-4-3-4-2-7	4-3-2-4-3-6-2-1-3-2-2-4	4-1-2-4-4-3-2-4-3-1-4-2	2-1-5-2-2-4-4-2-1-3-4-6	3-0-4-1-1-0-4-1-2-3-1-3	4-1-2-0-2-2-2-2-4-2-4-1	4-1-3-2-4-4-4-3-4-7-4-3	3-1-4-2-5-5-1-4-4-6-3-1
296	4	3-6-3-2-4-4-4-4-4-4-5-3	3-5-5-1-4-3-3-4-3-3-3-5	1-3-3-4-5-3-3-6-5-5-5-3	3-5-3-3-1-3-3-3-5-5-5-3	5-3-2-3-4-4-3-3-5-5-4-1	3-3-2-3-3-3-5-1-4-4-0-4	3-5-5-3-3-4-4-3-4-2-3-6	4-1-3-2-1-3-6-2-1-4-3-3	3-0-3-3-2-5-3-5-2-4-1-4	3-4-4-5-3-5-0-5-3-6-3-1	3-5-4-5-3-3-3-3-3-1-5-5	4-7-3-3-3-6-5-3-3-3-4-5
296	5	6-7-6-7-6-6-6-6-7-7-6-6	3-4-4-6-6-6-6-5-6-6-6-6	5-6-7-6-6-5-6-5-6-6-5-6	6-6-7-6-6-6-6-6-6-4-6-5	6-3-6-6-4-6-6-4-4-5-6-6	6-6-6-5-3-3-6-6-4-5-2-5	6-4-4-3-4-5-6-6-4-5-6-4	4-6-3-6-6-7-7-6-7-4-6-7	4-7-4-6-6-4-3-4-2-3-6-4	6-6-5-4-6-4-5-4-3-3-6-5	3-4-3-4-3-4-3-3-3-6-4-4	7-6-5-2-3-3-6-3-3-5-2-7
296	6	5-7-5-5-5-7-5-5-5-5-5-5	5-4-4-5-5-5-5-5-5-5-5-5	3-5-5-5-5-5-5-5-5-5-6-5	5-5-6-5-5-5-7-5-5-4-5-7	5-3-5-5-6-5-7-6-6-6-5-5	5-5-5-7-6-3-5-5-6-6-2-6	7-4-2-6-7-6-5-5-6-5-5-4	6-5-1-5-5-7-7-5-1-4-5-3	3-6-6-5-6-4-3-5-2-3-5-1	5-5-3-2-5-1-5-7-7-4-6-1	3-6-3-6-5-7-3-3-3-5-6-6	5-7-7-6-2-3-5-3-2-3-4-1
296	7	7-5-5-5-7-6-6-7-5-5-5-6	5-4-7-5-7-5-5-7-5-7-5-6	7-7-5-5-7-7-5-5-5-7-6-7	5-7-7-7-7-7-6-7-7-7-7-6	1-3-7-7-7-7-6-7-7-7-1-5	7-7-5-6-7-3-7-7-7-7-7-6	6-7-7-7-7-7-7-7-7-7-4-3	7-7-7-6-7-5-6-1-5-6-5-5	5-7-7-6-1-7-7-5-7-3-5-2	3-3-7-7-7-1-7-6-6-7-3-7	3-1-5-6-2-6-3-3-3-5-7-7	5-4-6-4-3-7-7-3-7-7-5-5
297	0	0-0-0-0-0-0-0-0-0-0-0-0	0-0-0-0-0-0-0-0-0-0-0-0	0-0-0-0-0-0-0-0-0-0-0-0	0-0-0-0-0-0-0-0-0-0-0-0	0-0-0-0-0-0-0-0-0-0-0-0	0-0-0-0-0-0-0-0-0-0-0-0	0-0-0-0-0-0-0-0-0-0-0-0	0-0-0-0-0-0-0-0-0-0-0-0	0-0-0-0-0-0-0-0-0-0-0-0	0-0-0-0-0-0-0-0-0-0-0-0	0-0-0-0-0-0-0-0-0-0-0-0	0-0-0-0-0-0-0-0-0-0-0-0
297	1	0-1-1-1-1-1-1-1-1-0-1-0	0-2-1-0-0-2-0-2-0-0-0-0	1-0-0-0-1-0-2-4-0-0-2-1	0-1-0-0-0-0-0-0-2-1-2-0	1-0-0-0-0-2-2-0-1-0-0-0	0-0-0-0-0-0-2-0-1-1-0-0	0-1-2-0-2-1-0-2-0-1-0-0	1-1-0-0-1-0-0-0-0-1-0-0	0-0-2-0-3-0-0-2-2-0-1-0	4-0-1-0-1-0-0-1-0-0-0-1	2-3-0-0-0-0-0-0-0-0-1-1	2-0-0-0-0-0-0-0-0-0-0-0
297	2	2-1-2-2-1-1-2-2-2-2-2-3	3-1-1-3-2-1-2-3-0-0-0-3	3-3-3-4-3-3-3-0-0-3-1-3	3-3-3-2-4-3-1-2-1-2-4-0	3-0-2-3-3-3-3-3-1-0-7-3	3-3-3-2-2-4-3-3-2-1-0-4	3-3-1-0-3-2-3-3-4-4-6-3	1-2-4-3-3-0-7-7-2-1-2-0	2-0-3-3-4-1-0-3-1-2-2-2	6-4-1-1-3-2-3-1-3-0-0-2	1-2-0-0-0-2-0-2-3-3-3-2	1-3-3-1-1-2-2-0-2-2-2-2
297	3	2-3-3-2-4-3-3-3-3-2-2-4	2-4-4-2-2-4-2-2-2-3-2-2	2-2-5-2-2-2-4-5-4-2-4-2	2-3-4-2-2-2-5-2-5-5-4-0	2-0-2-2-2-2-4-2-4-3-0-2	2-2-5-0-3-2-4-2-6-3-3-3	2-4-7-0-2-0-2-4-4-5-2-2	3-4-5-2-2-4-5-4-2-1-3-0	6-0-2-2-1-5-0-2-5-2-4-3	4-2-1-2-2-2-2-5-2-4-0-2	1-1-0-4-0-0-0-0-2-2-2-2	0-2-2-4-6-0-2-0-0-4-5-6
297	4	4-3-4-5-3-4-4-4-5-4-5-5	4-3-3-2-2-3-6-5-5-3-5-5	6-5-5-2-4-6-3-5-5-2-3-4	5-5-5-2-2-5-5-2-4-3-2-5	3-0-0-4-5-3-5-4-4-6-6-7	1-0-3-4-5-6-3-2-3-1-0-2	7-3-3-0-5-0-6-5-3-2-5-2	2-3-2-3-2-5-4-3-2-4-5-6	5-7-5-2-2-4-5-2-3-4-3-5	5-2-1-0-5-2-0-3-5-5-5-2	5-2-5-3-7-5-5-5-5-2-3-4	4-2-2-3-4-4-2-6-1-3-4-2
297	5	6-7-5-7-5-4-5-6-5-5-5-7	6-3-3-6-2-6-5-4-4-5-6-4	4-6-4-6-6-3-6-4-4-6-6-6	6-4-4-6-6-6-6-6-6-6-6-4	6-5-3-6-4-5-6-6-5-5-6-6	5-0-6-5-4-4-6-6-5-5-3-6	3-6-3-4-4-5-5-6-4-7-6-6	1-6-3-6-6-4-7-7-2-4-6-4	4-0-4-6-6-4-4-6-3-4-6-4	4-6-1-6-6-2-6-3-4-4-4-6	4-5-4-3-0-4-4-4-6-6-5-5	0-6-5-0-4-6-6-4-6-3-6-6
297	6	5-7-5-6-5-7-7-5-7-6-5-7	5-3-3-5-6-6-5-4-4-5-5-5	4-5-4-5-5-4-5-5-4-5-7-5	5-5-6-5-5-5-7-5-5-5-5-7	5-6-6-5-6-5-7-5-6-6-5-5	7-7-5-5-4-4-5-5-3-6-3-5	7-5-1-6-7-6-4-5-6-6-5-5	6-5-5-5-5-6-3-6-2-6-5-4	6-6-6-5-5-6-4-5-3-6-5-5	5-5-6-6-5-2-5-7-7-5-6-5	5-6-4-3-0-7-6-6-5-5-6-6	6-5-7-6-6-6-5-4-5-4-5-5
297	7	7-5-5-5-7-6-6-7-6-4-5-5	6-7-7-5-7-7-5-7-7-7-4-6	7-7-7-5-7-7-7-6-4-7-6-7	6-7-7-7-7-7-6-7-7-7-7-6	5-0-7-7-6-7-6-7-7-7-6-4	7-7-7-5-7-7-7-7-7-7-3-7	6-7-7-7-5-7-7-7-7-5-5-7	7-7-3-7-7-6-5-2-2-5-6-7	7-7-7-6-5-7-7-5-7-3-5-3	5-7-7-7-7-2-7-6-6-7-6-7	4-7-1-6-4-6-6-4-7-7-7-7	7-6-6-1-3-7-7-4-7-7-5-0
298	0	0-0-0-0-0-0-0-0-0-0-0-0	0-0-0-0-0-0-0-0-0-0-0-0	0-0-0-0-0-0-0-0-0-0-0-0	0-0-0-0-0-0-0-0-0-0-0-0	0-0-0-0-0-0-0-0-0-0-0-0	0-0-0-0-0-0-0-0-0-0-0-0	0-0-0-0-0-0-0-0-0-0-0-0	0-0-0-0-0-0-0-0-0-0-0-0	0-0-0-0-0-0-0-0-0-0-0-0	0-0-0-0-0-0-0-0-0-0-0-0	0-0-0-0-0-0-0-0-0-0-0-0	0-0-0-0-0-0-0-0-0-0-0-0
298	1	1-1-1-1-1-1-1-1-1-1-1-1	0-2-1-0-0-1-0-2-2-1-0-0	1-1-0-1-0-0-2-0-0-1-2-0	0-0-0-0-0-0-0-1-2-2-0-0	1-0-0-0-0-1-2-0-2-1-1-0	2-2-0-0-0-0-2-0-1-1-2-2	2-1-2-2-0-0-0-0-1-1-0-1	1-1-1-0-1-0-1-2-0-1-0-0	1-0-0-2-1-0-0-0-1-2-1-2	0-0-2-2-0-0-0-1-0-0-0-0	0-0-0-0-0-0-0-0-0-0-2-1	2-1-0-2-0-1-1-0-0-1-2-1
298	2	2-2-1-1-1-1-2-1-2-2-2-2	3-1-1-3-0-2-4-1-3-1-3-3	0-3-0-4-3-4-3-0-1-3-1-3	3-0-3-4-4-4-3-2-3-1-0-0	6-0-2-4-3-3-3-3-1-2-4-0	3-1-3-2-2-4-3-3-1-1-1-4	2-1-1-1-3-4-3-3-2-2-0-3	0-4-5-3-2-3-1-1-2-1-0-0	0-0-3-3-5-3-0-3-2-3-3-2	0-3-1-1-3-4-1-1-3-0-0-6	0-2-0-2-1-3-1-0-0-3-1-2	1-3-2-1-0-2-3-0-0-1-1-2
298	3	3-3-3-3-3-3-3-3-3-3-3-3	2-4-3-2-0-2-2-4-2-4-2-2	4-2-5-2-2-4-4-5-4-4-4-2	2-4-4-2-2-2-4-2-4-3-4-0	2-0-5-2-2-4-4-2-3-3-2-0	2-3-4-2-3-2-2-2-1-3-8-2	5-1-3-3-2-3-8-2-3-3-0-2	5-2-4-4-2-2-3-1-2-5-0-4	8-0-4-2-3-2-5-2-3-3-2-4	4-2-1-4-2-2-4-3-4-4-4-2	4-4-9-3-8-2-5-5-0-2-1-4	1-2-0-0-5-2-2-5-3-3-3-3
298	4	4-4-3-4-4-3-4-4-4-4-4-4	2-5-5-2-4-4-2-3-2-3-2-3	3-5-4-2-2-2-3-5-5-5-3-4	2-5-5-2-2-2-5-2-5-5-5-0	2-5-5-6-5-5-3-4-5-5-2-0	5-4-3-2-4-2-5-2-4-4-6-2	3-1-4-5-2-2-5-5-4-3-5-5	4-2-3-3-4-0-6-6-2-4-4-3	4-0-5-2-4-4-5-5-4-4-3-3	3-4-4-5-5-2-3-4-3-4-3-2	3-3-5-3-9-2-5-8-0-2-5-3	4-2-0-5-5-4-3-5-3-3-4-6
298	5	6-5-6-7-6-6-6-5-6-6-5-6	6-4-4-6-7-6-6-5-6-6-6-6	5-6-7-6-6-6-6-6-6-6-6-5	6-6-6-6-6-6-6-6-4-4-4-6	8-9-6-8-7-4-6-6-4-6-8-6	6-6-8-6-5-6-4-7-4-4-3-6	6-4-5-6-6-8-4-6-4-5-5-4	4-5-8-6-6-6-6-6-6-7-6-4	7-6-6-6-9-5-7-6-6-6-9-4	6-6-5-4-6-7-6-8-6-7-6-2	6-6-4-3-6-6-6-8-6-5-6-5	8-6-7-6-6-6-8-8-6-6-3-6
298	6	5-5-5-5-5-5-5-5-5-5-5-5	5-7-7-5-6-5-5-5-5-5-5-5	5-5-5-5-5-5-7-5-5-5-7-7	5-5-5-5-5-5-5-5-7-8-7-5	5-5-5-4-5-6-7-5-4-8-5-5	5-5-3-5-4-5-7-5-7-6-4-5	5-7-6-5-5-6-7-5-6-8-5-2	6-5-5-5-5-5-5-5-5-6-5-3	5-5-5-5-4-7-5-5-7-5-2-4	5-5-6-5-5-2-5-6-5-5-5-2	5-5-6-3-5-5-5-5-5-5-5-6	5-5-5-5-5-5-2-5-5-5-5-5
298	7	5-5-5-5-4-5-5-5-5-5-5-7	5-6-6-8-5-5-5-5-8-5-5-5	5-8-5-5-8-5-8-5-6-7-6-6	8-5-5-7-8-5-6-5-6-6-8-7	7-5-8-5-5-8-8-8-7-7-5-8	5-5-8-7-4-9-8-8-6-6-4-8	5-6-6-5-5-7-6-8-6-6-8-8	6-8-5-8-7-5-9-5-5-5-8-0	9-5-5-7-7-6-5-9-6-6-8-4	8-7-7-8-8-5-6-5-5-5-5-8	8-7-7-3-3-7-5-5-8-7-8-7	5-8-5-5-8-5-5-5-7-8-7-7
298	8	5-9-5-5-5-9-5-5-5-5-5-5	9-6-6-7-5-5-5-7-7-5-7-9	9-7-7-5-7-5-7-5-6-6-8-7	7-5-8-5-7-7-9-7-7-6-7-9	7-5-7-5-8-7-7-7-8-6-5-7	5-9-7-9-8-5-7-7-6-8-3-7	9-6-8-5-9-5-8-7-8-6-7-7	8-7-5-7-7-5-4-6-5-6-7-9	5-8-8-7-5-5-5-5-6-5-7-3	7-7-5-7-7-2-7-5-9-5-5-7	7-8-8-3-3-5-5-5-7-7-7-8	5-7-5-5-7-5-5-5-5-7-7-5
298	9	9-8-5-5-9-8-8-9-5-5-5-5	8-9-9-7-9-9-5-9-9-9-8-8	9-9-9-9-9-9-9-6-6-9-8-9	7-9-9-9-9-9-8-9-8-9-9-8	7-5-9-9-9-9-8-9-9-9-1-5	8-9-9-8-9-7-9-9-9-9-9-8	8-9-9-5-9-9-9-8-9-9-8-7	9-9-9-7-9-9-7-7-2-5-7-9	7-9-9-9-5-9-9-7-6-4-5-9	7-9-9-9-9-6-9-4-8-9-8-9	8-9-3-4-4-5-8-7-9-7-9-9	5-4-8-5-4-9-9-9-9-9-7-9
299	0	0-0-0-0-0-0-0-0-0-0-0-0	0-0-0-0-0-0-0-0-0-0-0-0	0-0-0-0-0-0-0-0-0-0-0-0	0-0-0-0-0-0-0-0-0-0-0-0	0-0-0-0-0-0-0-0-0-0-0-0	0-0-0-0-0-0-0-0-0-0-0-0	0-0-0-0-0-0-0-0-0-0-0-0	0-0-0-0-0-0-0-0-0-0-0-0	0-0-0-0-0-0-0-0-0-0-0-0	0-0-0-0-0-0-0-0-0-0-0-0	0-0-0-0-0-0-0-0-0-0-0-0	0-0-0-0-0-0-0-0-0-0-0-0
299	1	1-1-1-1-1-1-1-1-1-1-1-1	2-1-0-1-0-1-1-0-2-1-0-0	1-2-2-0-0-2-0-2-0-0-0-0	2-2-2-1-0-1-0-0-0-0-1-1	0-1-1-0-2-0-2-1-1-1-0-0	1-1-0-0-1-2-1-0-0-0-0-1	1-0-0-1-0-1-0-0-0-1-0-2	1-0-0-1-1-1-0-0-1-1-1-1	0-2-0-0-0-0-1-2-0-1-0-2	1-1-0-2-1-0-0-0-1-1-1-1	0-0-1-0-0-0-2-3-0-1-0-0	1-1-1-1-0-1-0-1-1-0-1-0
299	2	2-2-2-2-2-2-2-2-2-1-2-2	1-1-1-2-0-2-3-3-1-2-3-3	1-1-1-3-3-1-3-1-0-3-0-3	3-1-1-3-3-3-0-7-2-0-2-2	2-1-1-3-1-2-3-3-2-0-0-2	3-3-3-2-2-3-3-2-0-0-0-3	3-3-2-2-3-2-0-3-2-2-3-3	0-2-3-3-2-1-8-8-2-1-3-3	2-1-3-3-8-3-1-3-3-2-3-2	2-7-0-1-3-2-3-0-3-1-3-4	3-6-0-0-0-2-1-2-2-2-0-1	0-3-2-1-2-2-3-1-2-2-2-2
299	3	3-3-3-3-3-3-3-3-3-3-3-3	1-4-3-2-4-2-2-4-2-2-2-2	4-2-4-2-4-5-4-3-0-2-4-4	2-4-2-2-2-2-5-2-4-4-4-1	2-1-2-3-2-4-2-2-4-3-0-2	2-2-4-0-3-2-4-3-3-3-6-2	2-2-4-4-2-3-5-2-3-3-2-2	3-2-2-2-2-4-6-2-2-3-3-3	3-1-2-2-3-2-3-2-5-3-4-3	2-5-3-2-2-3-4-5-2-3-2-3	5-3-3-3-8-4-1-6-5-2-4-3	5-2-5-1-3-3-2-3-2-5-5-5
299	4	5-5-5-5-4-5-5-5-4-5-4-5	4-3-3-5-5-5-4-4-5-5-6-5	4-5-5-5-4-5-4-5-5-7-6-4	5-5-6-5-3-5-5-4-3-3-3-8	3-8-1-4-4-3-5-4-3-4-4-4	4-1-3-4-7-2-3-4-4-3-3-5	4-2-4-6-4-4-4-5-3-4-4-3	4-4-6-3-2-3-3-3-2-7-4-6	4-4-5-2-2-4-4-3-3-1-3-3	4-3-3-5-3-3-3-3-3-5-6-2	6-3-6-6-5-6-4-4-6-4-3-4	6-2-4-1-6-3-3-4-6-4-6-6
299	5	6-4-6-4-6-6-4-7-6-6-6-4	6-3-3-4-4-6-4-6-4-6-6-6	4-6-6-4-7-6-6-4-7-6-4-5	6-4-4-4-6-6-6-6-5-7-6-4	7-4-1-7-6-5-6-6-3-7-6-4	6-6-7-6-5-7-6-6-3-3-3-6	6-7-5-8-6-6-3-4-0-7-8-6	5-7-6-6-5-7-3-6-6-8-6-4	5-1-6-6-2-5-4-6-3-7-5-3	5-6-5-8-6-6-6-3-6-6-5-5	3-5-4-5-6-4-6-3-3-5-6-5	8-5-3-6-5-6-5-6-2-3-3-3
299	6	5-6-5-5-5-5-5-5-5-5-5-5	5-7-6-4-4-5-4-7-4-5-5-5	5-5-5-4-5-5-7-6-5-5-7-5	5-5-4-5-5-5-5-5-7-5-7-4	2-4-1-5-5-7-7-5-6-5-5-2	5-5-5-5-5-5-5-5-6-6-3-5	5-5-7-4-5-5-7-5-0-6-2-5	4-5-2-5-2-5-7-5-5-5-5-4	5-1-5-5-6-5-7-5-7-5-5-3	5-5-8-7-5-5-5-3-5-5-4-5	7-7-4-8-5-4-5-8-4-5-5-6	4-8-4-5-4-5-2-5-4-2-4-7
299	7	8-8-5-4-5-8-5-5-5-5-5-4	5-6-6-4-4-5-5-6-5-5-5-5	4-5-4-4-5-7-6-4-5-7-6-5	5-5-7-5-5-5-5-2-6-5-6-4	5-4-1-5-5-6-8-5-7-5-5-5	8-5-8-8-4-5-7-6-6-7-6-5	5-5-6-4-8-7-6-5-7-5-2-6	7-5-2-6-5-5-6-5-5-4-5-4	7-1-3-5-2-8-6-5-6-5-5-6	5-2-7-6-7-5-6-3-7-5-4-7	3-6-3-6-5-8-5-6-5-5-7-7	4-7-5-5-6-6-5-4-2-2-7-6
299	8	8-7-5-5-8-7-5-8-5-5-5-4	5-8-8-4-8-8-7-8-8-8-7-8	8-8-8-4-8-5-7-5-5-8-8-8	7-8-8-8-8-8-7-8-7-8-8-4	5-4-1-8-5-6-7-8-8-8-5-8	5-5-7-7-8-8-8-8-8-8-8-8	7-8-8-5-5-8-6-8-8-8-5-8	8-8-2-7-8-5-2-2-5-5-4-4	7-8-8-8-2-7-8-5-6-5-5-6	5-8-6-5-8-5-8-5-7-8-4-7	8-8-6-6-5-7-6-6-8-5-8-8	8-6-8-8-6-8-8-4-8-8-2-8
300	0	0-0-0-0-0-0-0-0-0-0-0-0	0-0-0-0-0-0-0-0-0-0-0-0	0-0-0-0-0-0-0-0-0-0-0-0	0-0-0-0-0-0-0-0-0-0-0-0	0-0-0-0-0-0-0-0-0-0-0-0	0-0-0-0-0-0-0-0-0-0-0-0	0-0-0-0-0-0-0-0-0-0-0-0	0-0-0-0-0-0-0-0-0-0-0-0	0-0-0-0-0-0-0-0-0-0-0-0	0-0-0-0-0-0-0-0-0-0-0-0	0-0-0-0-0-0-0-0-0-0-0-0	0-0-0-0-0-0-0-0-0-0-0-0
300	1	1-1-1-1-1-1-1-1-1-1-1-1	2-1-0-2-0-2-2-1-2-2-1-2	1-0-2-2-1-1-2-0-2-0-2-1	2-0-0-1-2-2-2-2-1-0-2-4	2-0-2-0-0-1-2-2-0-1-2-2	1-2-2-2-0-2-2-1-4-1-0-2	2-2-1-0-2-1-1-2-1-1-3-2	1-2-2-2-2-3-1-2-2-1-3-1	3-0-2-2-3-2-0-2-2-1-2-0	2-2-1-0-2-3-2-1-2-2-2-3	3-3-4-0-2-2-1-3-0-2-2-2	5-2-1-1-2-3-2-2-4-1-4-3
300	2	1-2-1-2-3-2-2-2-1-1-2-3	1-3-4-1-1-1-1-3-1-1-1-1	4-1-1-1-3-1-3-4-1-3-3-2	1-0-4-1-1-1-1-1-3-4-3-0	1-0-1-1-0-3-3-1-3-4-1-1	1-1-1-1-2-1-3-4-2-2-2-1	1-1-2-2-1-1-3-1-2-5-1-1	2-1-1-1-1-1-3-4-1-2-0-3	2-0-1-1-2-1-2-3-3-2-1-2	3-1-2-3-1-1-3-3-1-2-1-1	1-1-2-3-1-1-1-2-3-1-1-1	1-1-1-2-1-2-1-1-1-1-1-5
300	3	3-2-1-3-2-2-3-1-3-3-1-7	3-2-2-5-5-4-1-2-1-1-4-4	3-3-6-1-3-2-2-5-4-2-2-3	4-3-5-4-1-1-5-3-2-2-2-7	1-7-1-3-1-2-4-3-2-3-1-3	1-1-1-5-2-1-2-1-1-2-2-1	7-1-2-5-4-4-2-2-2-2-1-1	2-2-5-1-1-5-2-1-1-6-5-4	4-5-4-1-1-3-5-2-2-1-1-3	5-1-3-7-1-1-2-2-4-4-4-1	1-1-3-2-1-3-4-5-5-1-5-3	2-1-5-3-5-1-1-3-1-5-1-1
300	4	6-2-5-5-2-2-5-6-3-3-4-5	3-2-2-4-6-3-3-4-5-1-5-3	4-3-5-4-5-5-5-2-3-5-5-4	5-5-2-6-5-5-1-6-5-2-5-1	5-3-4-6-6-4-5-5-4-2-6-4	5-5-5-6-2-3-5-6-1-2-2-5	2-5-2-3-5-3-2-5-4-2-6-5	2-5-4-5-5-3-7-6-6-3-4-3	3-3-3-5-6-5-3-6-2-3-6-2	3-6-3-2-5-5-5-2-5-3-3-4	3-1-3-2-7-4-3-3-2-4-3-6	2-5-2-3-3-2-5-3-1-1-1-1
300	5	3-6-4-4-5-5-5-7-5-3-4-3	3-6-5-3-5-5-3-6-4-4-4-4	6-4-4-4-4-4-6-3-6-4-6-4	4-4-3-4-4-4-6-4-6-5-4-3	4-3-4-4-4-6-6-4-5-5-4-4	4-4-4-3-5-3-4-5-5-5-6-4	6-4-2-6-4-5-6-4-5-2-4-4	6-4-3-4-4-3-6-4-3-3-6-3	3-3-4-4-2-4-6-3-2-6-4-2	3-4-3-4-4-4-4-2-4-3-3-4	6-2-1-3-7-3-3-3-3-4-3-3	6-4-3-5-3-1-4-0-6-3-6-2
300	6	7-5-4-4-5-7-7-4-7-6-6-7	6-5-5-3-4-6-3-5-7-6-7-7	5-7-3-7-4-6-5-7-7-4-5-4	4-6-6-4-4-4-5-4-5-6-4-7	4-3-1-4-6-5-5-4-6-6-4-4	4-6-4-7-6-7-5-4-6-5-5-6	5-4-5-5-7-6-5-4-6-5-4-4	6-4-4-4-4-6-5-4-7-3-5-6	6-6-3-6-4-4-5-6-2-5-4-6	3-4-6-5-4-4-5-2-7-3-3-1	5-6-6-0-7-7-3-5-5-6-6-6	5-7-6-5-3-6-6-3-5-5-5-1
300	7	7-5-4-4-7-7-6-7-6-6-6-6	6-5-7-4-7-7-6-7-7-7-6-6	7-7-7-6-7-7-6-6-6-7-7-7	6-7-7-7-7-7-6-7-6-7-7-3	4-3-7-7-7-7-6-7-7-7-1-7	6-7-7-6-7-7-7-7-7-7-7-7	3-7-7-7-6-7-7-7-7-7-7-4	7-7-7-6-7-6-6-4-6-3-6-3	6-3-7-6-4-7-7-6-7-2-5-7	6-7-7-3-6-4-7-6-6-7-5-7	5-7-7-3-6-6-7-3-7-6-7-7	7-6-3-2-6-7-7-7-7-7-5-1
301	0	0-0-0-0-0-0-0-0-0-0-0-0	0-0-0-0-0-0-0-0-0-0-0-0	0-0-0-0-0-0-0-0-0-0-0-0	0-0-0-0-0-0-0-0-0-0-0-0	0-0-0-0-0-0-0-0-0-0-0-0	0-0-0-0-0-0-0-0-0-0-0-0	0-0-0-0-0-0-0-0-0-0-0-0	0-0-0-0-0-0-0-0-0-0-0-0	0-0-0-0-0-0-0-0-0-0-0-0	0-0-0-0-0-0-0-0-0-0-0-0	0-0-0-0-0-0-0-0-0-0-0-0	0-0-0-0-0-0-0-0-0-0-0-0
301	1	1-1-1-1-1-1-1-1-1-1-1-1	2-0-0-1-0-1-0-2-2-1-2-0	0-0-0-2-2-0-2-2-0-2-1-2	2-0-0-2-2-2-0-0-1-0-2-0	5-0-0-2-0-2-2-2-0-1-1-0	2-0-2-2-0-0-2-1-1-1-4-0	3-2-1-0-2-0-1-2-1-1-3-2	0-4-2-2-2-0-1-7-4-0-4-2	1-0-2-2-3-1-0-2-1-1-4-1	2-2-0-6-2-2-1-1-2-2-0-3	1-3-0-1-8-1-0-1-1-1-2-0	0-2-1-0-1-1-4-0-1-1-0-1
301	2	3-2-2-2-2-2-2-2-2-2-2-2	1-3-3-1-4-3-1-4-1-2-1-3	3-1-0-1-1-1-3-5-3-1-3-3	1-0-3-1-1-1-1-0-3-3-3-0	1-0-5-1-2-1-3-1-3-2-1-0	1-0-4-1-2-0-3-6-2-2-5-2	5-1-2-0-1-2-1-1-2-2-1-1	2-1-3-1-1-3-5-3-1-2-2-1	2-0-3-1-4-1-3-1-4-2-3-2	1-1-2-4-1-1-3-3-1-3-0-1	4-1-0-6-0-4-2-2-3-1-1-2	3-1-0-3-2-1-1-1-5-3-5-2
301	3	4-2-4-3-2-3-3-3-3-3-4-4	3-2-2-3-2-4-4-3-4-3-5-5	2-4-7-4-3-5-2-2-2-2-2-3	4-4-4-4-1-1-4-0-2-2-2-0	1-4-0-3-5-2-4-4-2-3-1-8	1-0-2-4-5-5-2-1-2-2-2-2	1-1-2-2-4-3-2-4-3-1-6-1	3-1-6-1-1-4-2-2-1-3-3-5	5-5-2-4-1-4-5-5-5-3-2-3	6-6-0-4-5-1-4-2-4-5-6-1	6-1-3-2-6-4-5-6-2-1-2-3	2-1-6-2-5-1-1-6-6-2-2-1
301	4	3-5-3-8-5-3-4-4-3-3-3-5	3-5-5-3-2-3-3-5-3-4-3-3	3-3-6-6-8-6-5-6-5-3-5-5	3-3-5-3-1-3-3-0-5-6-2-0	1-3-2-3-3-4-5-3-5-3-4-2	1-0-2-3-3-3-5-1-4-4-1-4	1-5-4-4-3-4-5-3-4-4-1-1	4-1-1-4-4-3-2-1-1-4-1-3	4-3-3-3-4-3-4-3-7-3-1-2	3-3-4-5-3-1-5-4-3-3-5-1	5-5-7-6-0-3-3-3-5-1-5-4	4-1-3-0-3-1-1-3-3-4-3-1
301	5	6-4-5-5-4-3-5-5-5-5-4-4	3-4-4-6-6-4-7-6-6-4-6-3	7-6-6-6-6-6-6-2-4-6-4-6	6-3-4-7-6-6-4-5-4-5-5-0	1-3-2-5-6-4-6-6-4-5-5-5	6-6-6-5-3-6-6-7-4-4-2-6	2-4-4-5-6-5-4-6-4-2-7-6	2-6-8-6-7-8-8-6-5-3-5-3	3-3-8-6-7-6-3-8-3-5-7-5	8-7-5-4-3-5-6-2-6-3-7-5	4-5-3-4-8-5-3-3-4-5-6-5	4-5-5-6-3-1-6-3-2-3-2-5
301	6	5-6-5-5-7-6-6-6-6-3-6-5	5-7-6-5-5-4-3-7-5-6-5-5	7-5-5-5-5-5-7-4-7-5-7-5	5-3-5-5-5-5-7-5-7-7-7-3	7-0-7-5-5-7-7-5-6-6-5-5	5-5-5-7-3-5-5-5-6-6-7-5	3-5-7-8-5-6-7-5-6-6-5-5	4-5-3-5-5-3-7-5-5-6-7-3	3-3-5-5-4-5-7-5-6-5-5-5	3-3-6-7-7-5-5-6-5-3-3-5	3-5-8-8-3-5-3-3-3-5-5-6	4-5-3-5-8-3-5-3-3-7-7-7
301	7	8-8-7-5-6-8-8-5-8-7-7-8	8-4-6-5-5-8-5-6-8-7-8-8	5-5-3-5-5-7-6-4-8-5-6-7	5-3-7-5-5-5-8-5-6-6-6-0	6-4-6-5-7-6-6-5-6-7-5-5	8-5-7-6-3-8-7-5-6-6-6-5	8-8-6-6-8-7-6-0-7-4-5-5	3-5-5-6-5-7-8-5-7-7-6-3	7-3-5-5-5-0-6-5-4-5-5-7	6-5-7-4-6-5-5-2-8-3-5-5	6-5-4-6-8-8-3-3-5-7-7-7	4-5-7-7-5-7-7-3-2-6-6-6
301	8	8-7-8-4-8-7-7-8-7-7-7-8	7-8-8-5-8-7-7-8-8-8-7-8	8-8-8-5-8-8-7-6-7-8-8-8	7-8-8-8-8-8-7-8-6-8-8-3	5-8-8-8-8-6-7-8-6-8-5-5	7-5-8-5-8-8-8-8-8-8-8-8	7-8-8-8-7-8-7-8-8-8-7-8	8-6-5-7-8-5-5-5-5-4-7-6	7-7-5-5-5-8-8-5-8-8-5-8	7-5-6-8-8-5-8-8-7-8-8-8	3-8-6-6-1-7-3-3-8-7-8-8	8-5-8-8-6-8-8-8-8-8-7-8
302	0	0-0-0-0-0-0-0-0-0-0-0-0	0-0-0-0-0-0-0-0-0-0-0-0	0-0-0-0-0-0-0-0-0-0-0-0	0-0-0-0-0-0-0-0-0-0-0-0	0-0-0-0-0-0-0-0-0-0-0-0	0-0-0-0-0-0-0-0-0-0-0-0	0-0-0-0-0-0-0-0-0-0-0-0	0-0-0-0-0-0-0-0-0-0-0-0	0-0-0-0-0-0-0-0-0-0-0-0	0-0-0-0-0-0-0-0-0-0-0-0	0-0-0-0-0-0-0-0-0-0-0-0	0-0-0-0-0-0-0-0-0-0-0-0
302	1	1-1-1-1-1-0-1-1-1-1-1-1	0-0-0-1-0-0-0-0-0-1-0-0	0-2-0-2-2-3-2-1-0-2-0-2	2-0-1-3-3-2-0-3-1-0-1-0	1-0-1-0-0-1-2-2-1-3-8-0	3-0-2-0-0-3-2-1-1-1-0-3	4-3-1-0-2-2-1-2-1-1-1-2	1-1-4-2-4-0-1-4-1-0-0-0	1-0-2-4-4-1-0-2-2-1-1-1	0-2-0-2-2-4-0-0-2-0-0-1	0-1-0-1-3-0-0-0-0-2-1-1	0-2-1-0-0-1-2-0-1-1-1-1
302	2	2-2-2-2-2-2-2-2-2-2-2-2	0-3-2-1-2-3-0-3-0-3-0-3	2-1-0-1-1-4-3-3-0-1-3-1	1-3-2-1-1-1-4-2-3-2-3-2	2-0-2-1-0-4-3-1-2-2-0-0	1-1-3-0-2-1-3-1-2-2-3-2	5-1-2-3-1-1-3-1-2-5-0-1	2-2-1-3-1-0-4-0-1-2-0-1	3-0-3-1-2-2-3-1-3-2-3-3	0-1-2-1-1-1-1-2-3-3-0-1	3-3-8-2-4-0-0-0-0-1-1-1	0-1-1-3-2-2-3-0-6-4-6-2
302	3	3-5-2-3-3-3-3-3-3-3-3-3	0-5-4-1-3-3-1-2-4-3-4-4	2-3-0-3-1-1-4-6-0-3-4-4	1-2-4-4-1-1-2-1-4-2-2-0	3-0-5-4-1-2-4-3-4-1-1-0	1-0-2-4-3-1-4-1-3-3-4-1	5-1-3-2-4-0-5-4-3-3-5-1	3-4-1-2-1-0-6-4-1-3-3-3	4-0-4-1-3-5-2-4-4-3-2-4	5-1-3-4-4-1-4-4-2-2-4-1	4-2-3-3-5-0-0-5-4-2-1-1	3-1-1-3-4-1-2-0-2-3-3-3
302	4	4-3-4-4-3-3-4-4-4-4-4-7	4-3-3-4-2-4-6-3-3-5-5-3	4-5-6-7-5-2-3-5-5-5-3-3	4-6-3-5-1-1-2-4-3-5-2-6	1-6-4-3-5-2-3-4-3-4-5-4	1-4-2-4-4-1-3-1-3-3-3-5	2-1-3-4-5-4-3-3-3-8-2-5	4-3-7-2-1-4-2-1-6-4-4-8	6-0-5-1-1-3-4-3-3-4-1-3	4-1-3-5-6-1-3-3-6-4-4-1	3-1-5-3-8-8-0-4-5-4-5-4	4-5-4-4-4-4-1-4-4-2-2-1
302	5	5-6-6-6-7-6-6-6-6-6-6-5	6-3-3-6-6-6-5-6-6-6-6-6	6-6-7-6-6-7-6-7-6-6-6-6	6-4-4-7-6-6-7-7-7-4-6-8	6-5-6-7-4-6-6-5-6-6-7-5	6-6-6-6-4-8-6-6-3-2-3-5	8-6-3-6-4-6-3-6-5-6-3-8	5-5-4-6-6-4-5-5-5-4-5-5	7-8-4-3-6-6-4-6-6-5-6-3	4-5-3-4-6-1-3-7-6-7-4-1	5-8-4-5-5-5-5-3-4-4-6-5	4-8-5-4-6-5-6-4-5-5-2-5
302	6	5-5-5-8-5-5-5-5-5-5-5-5	5-3-3-5-5-5-4-5-5-5-5-5	5-7-5-5-7-7-7-3-5-5-5-7	5-4-4-5-7-7-5-6-7-2-7-4	5-5-5-3-4-5-7-7-5-5-5-6	7-7-7-5-4-5-7-7-2-3-2-6	6-6-5-5-4-6-3-7-6-5-7-5	5-6-6-7-7-4-8-7-7-4-7-5	4-0-7-7-5-5-4-5-5-2-7-3	4-7-6-5-7-8-5-3-4-5-4-7	7-5-6-3-5-5-0-0-5-7-5-7	4-7-4-4-5-5-5-4-7-6-8-1
302	7	5-8-5-5-5-8-5-5-5-5-5-8	6-2-3-5-7-5-6-5-5-5-5-8	8-6-5-6-6-6-6-5-6-6-8-6	6-7-7-5-6-6-8-5-5-6-6-8	5-5-5-5-7-6-8-6-7-5-5-6	6-6-6-8-4-6-6-6-3-7-3-7	8-1-3-4-7-7-7-6-7-5-6-8	7-6-4-6-6-4-8-6-7-5-6-0	7-7-6-6-5-5-4-7-5-3-6-6	8-6-5-7-6-1-5-5-7-5-4-6	7-7-5-7-5-4-0-4-7-6-5-6	4-6-5-4-5-5-6-4-6-6-6-1
302	8	8-7-5-6-8-7-7-8-5-5-5-7	5-8-8-5-8-5-6-5-8-8-6-7	8-8-8-5-8-8-8-7-6-8-7-8	7-8-8-8-8-8-7-8-3-8-8-7	5-5-8-8-7-8-7-8-8-8-1-5	5-8-8-7-8-5-7-8-8-8-3-7	7-8-8-8-8-8-3-8-8-4-6-5	8-8-6-7-8-8-6-6-1-5-5-5	5-8-8-8-6-8-8-3-3-5-8-4	5-8-8-8-8-6-8-7-7-8-8-8	8-5-5-8-4-4-5-5-8-8-8-8	8-7-4-5-5-8-8-5-8-8-6-8
303	0	0-0-0-0-0-0-0-0-0-0-0-0	0-0-0-0-0-0-0-0-0-0-0-0	0-0-0-0-0-0-0-0-0-0-0-0	0-0-0-0-0-0-0-0-0-0-0-0	0-0-0-0-0-0-0-0-0-0-0-0	0-0-0-0-0-0-0-0-0-0-0-0	0-0-0-0-0-0-0-0-0-0-0-0	0-0-0-0-0-0-0-0-0-0-0-0	0-0-0-0-0-0-0-0-0-0-0-0	0-0-0-0-0-0-0-0-0-0-0-0	0-0-0-0-0-0-0-0-0-0-0-0	0-0-0-0-0-0-0-0-0-0-0-0
303	1	1-1-1-1-1-1-1-1-1-1-1-1	2-1-0-1-0-2-0-2-0-1-2-0	0-0-0-0-3-2-2-0-0-2-2-2	2-0-0-3-3-2-0-6-1-0-1-0	4-0-2-3-2-2-2-2-1-1-3-2	2-0-2-0-1-3-2-4-1-1-0-1	2-1-1-0-2-0-1-2-1-1-0-2	1-4-4-2-4-0-1-8-1-1-0-0	0-0-2-4-4-3-0-2-0-1-4-1	0-2-1-0-2-4-2-1-2-0-0-4	0-1-0-1-0-1-0-0-0-2-1-4	0-1-1-0-0-0-4-0-4-2-1-1
303	2	2-2-2-2-2-2-2-2-2-2-2-2	1-2-2-1-3-3-0-3-3-1-1-3	3-2-0-1-1-1-3-0-3-1-3-1	1-0-3-1-1-1-3-1-3-2-3-0	1-0-1-1-1-1-3-1-2-2-1-1	1-0-3-0-2-1-3-2-2-2-7-2	3-1-2-2-1-2-0-1-2-2-0-1	2-0-1-3-2-0-6-0-2-3-2-0	2-0-3-1-0-1-8-1-3-2-3-2	0-1-2-3-1-1-1-2-3-2-0-1	3-1-2-4-7-4-0-4-0-3-1-2	0-1-1-3-0-1-3-0-7-1-3-3
303	3	3-3-3-3-4-2-3-3-3-3-3-3	1-4-3-1-2-2-0-2-2-3-1-3	2-3-4-1-1-1-2-4-2-4-4-4	1-4-4-1-1-1-2-1-4-4-2-0	1-0-1-4-1-4-4-3-4-1-1-1	4-1-2-4-4-1-4-1-3-3-4-1	2-1-3-3-1-2-4-4-3-2-4-1	3-3-1-2-3-4-7-5-3-3-3-2	3-0-4-2-3-1-3-2-7-6-2-6	0-1-4-2-4-1-4-4-2-3-4-1	2-6-3-2-4-4-3-3-0-2-1-2	3-4-1-2-3-3-2-0-1-1-2-2
303	4	4-4-4-4-3-3-4-7-4-4-3-5	5-3-3-5-6-5-5-3-5-5-5-5	6-5-7-5-4-6-5-6-5-5-3-5	5-4-3-5-1-5-5-1-3-3-3-5	1-5-5-3-6-3-5-5-3-4-5-4	3-5-2-7-3-1-5-1-3-3-3-4	5-1-3-5-6-4-3-3-3-1-3-1	1-1-1-5-1-5-5-4-4-6-5-4	6-6-3-5-1-4-5-5-3-4-1-3	5-5-3-5-5-1-3-3-5-5-3-1	6-1-4-2-5-8-6-7-5-5-5-6	4-5-5-5-5-4-1-4-4-5-5-1
303	5	5-7-4-5-6-5-5-5-4-4-5-4	4-6-5-4-4-4-4-6-4-4-4-4	4-4-4-4-1-4-6-6-4-7-6-4	4-4-5-4-1-4-6-1-6-7-5-4	1-4-4-3-4-5-4-4-5-5-4-4	1-4-2-5-3-1-6-5-5-5-2-5	4-1-5-4-4-5-6-6-5-5-6-1	5-1-4-4-5-4-7-3-4-3-4-0	5-4-4-4-5-4-4-4-5-4-1-5	4-4-3-4-4-1-6-5-4-4-4-1	7-6-4-2-4-6-4-5-4-4-4-4	4-4-4-4-4-6-2-4-4-4-4-2
303	6	7-5-7-7-5-7-5-6-6-6-7-6	6-5-5-7-4-7-6-5-7-4-8-5	7-4-4-7-7-4-7-7-7-4-5-7	7-4-4-6-7-7-5-7-5-5-7-6	7-4-7-7-4-5-7-4-5-6-6-7	7-4-7-6-3-1-7-7-5-6-3-7	5-6-5-4-4-4-5-8-6-5-7-8	6-7-8-7-6-4-8-6-4-4-7-8	4-4-4-6-7-6-4-7-3-3-7-3	4-6-6-7-7-6-7-2-6-4-7-1	4-5-4-6-5-6-4-3-7-6-7-4	4-7-6-4-5-6-6-4-6-6-7-2
303	7	6-5-6-6-5-8-7-4-6-7-6-8	7-5-5-6-5-8-4-5-8-7-6-8	8-8-4-6-6-7-6-6-8-5-6-6	6-7-7-6-6-6-8-6-5-5-6-8	6-4-6-6-7-6-8-7-7-7-6-6	8-4-6-4-7-8-6-6-7-7-2-6	5-1-2-4-8-4-5-8-7-5-6-6	7-6-4-6-6-7-3-6-4-4-6-7	7-4-8-6-6-6-4-6-3-3-6-3	4-7-7-6-6-1-6-3-8-7-6-1	5-7-6-6-2-7-7-4-4-7-6-7	8-6-6-4-6-6-7-4-2-6-6-1
303	8	8-7-6-5-8-8-6-8-7-7-7-7	7-5-8-6-8-8-6-8-7-8-6-7	8-8-8-7-8-6-6-7-7-8-8-8	8-8-8-8-8-8-7-8-7-8-8-7	6-4-4-8-8-8-7-8-8-8-6-6	7-8-8-7-8-8-8-8-8-8-2-8	4-8-8-4-7-8-8-6-8-8-8-6	8-8-6-7-8-7-6-6-7-4-4-6	7-8-8-7-1-8-8-6-8-3-6-6	4-8-8-8-8-1-8-3-7-8-7-8	8-8-5-3-4-4-7-5-8-7-8-8	7-7-4-8-6-8-8-4-8-8-7-8
304	0	0-0-0-0-0-0-0-0-0-0-0-0	0-0-0-0-0-0-0-0-0-0-0-0	0-0-0-0-0-0-0-0-0-0-0-0	0-0-0-0-0-0-0-0-0-0-0-0	0-0-0-0-0-0-0-0-0-0-0-0	0-0-0-0-0-0-0-0-0-0-0-0	0-0-0-0-0-0-0-0-0-0-0-0	0-0-0-0-0-0-0-0-0-0-0-0	0-0-0-0-0-0-0-0-0-0-0-0	0-0-0-0-0-0-0-0-0-0-0-0	0-0-0-0-0-0-0-0-0-0-0-0	0-0-0-0-0-0-0-0-0-0-0-0
304	1	1-1-1-1-1-1-1-1-1-1-1-1	1-0-0-1-0-1-1-2-1-0-0-2	2-1-2-2-1-2-2-2-0-2-2-1	1-2-2-1-1-1-0-4-0-0-0-4	0-3-4-0-7-0-2-1-2-1-1-1	0-4-0-1-0-2-0-1-0-0-0-2	0-4-0-0-0-0-0-2-1-0-0-0	1-0-1-0-1-2-0-0-1-1-2-1	0-2-2-0-1-0-2-2-0-2-0-1	0-0-1-2-0-0-0-0-2-2-0-1	0-0-1-0-6-1-2-2-0-1-0-1	1-0-1-6-0-1-0-1-1-0-1-0
304	2	2-1-2-2-2-2-2-2-2-2-2-2	2-3-0-3-0-1-3-3-3-3-3-3	1-4-3-3-3-1-3-1-3-3-1-3	3-1-3-3-3-3-0-7-2-1-3-1	3-4-0-5-1-3-3-3-1-2-3-3	3-1-3-2-2-1-3-3-2-2-0-1	3-3-0-0-3-0-4-3-0-2-2-3	1-5-7-3-5-1-4-7-5-1-1-0	2-1-3-3-4-2-1-4-0-4-3-3	3-3-0-1-3-4-3-0-3-1-0-7	3-4-2-0-0-2-1-1-0-2-3-0	1-3-1-0-3-2-3-1-2-2-2-4
304	3	3-4-3-3-3-3-3-3-3-3-3-4	2-4-4-2-3-4-2-4-2-2-2-2	1-2-2-2-2-2-4-4-4-4-4-2	2-1-2-2-2-2-3-2-4-4-2-1	2-1-3-3-3-2-4-2-4-4-2-2	2-1-5-2-3-2-4-2-3-3-0-2	5-2-3-4-2-3-5-2-4-5-2-2	3-2-2-2-2-4-6-0-3-4-1-0	3-1-2-2-3-3-3-2-6-3-2-2	2-3-3-4-2-2-2-3-2-3-3-2	7-3-3-8-1-2-2-3-0-2-2-3	1-2-1-3-2-3-2-2-1-4-3-5
304	4	4-3-6-7-3-3-4-4-5-4-4-8	5-3-3-4-5-3-5-3-5-5-5-5	8-5-5-2-4-6-3-5-5-5-3-5	5-5-6-5-2-5-5-1-3-3-5-1	2-5-1-5-5-3-5-5-3-4-4-5	5-1-3-4-6-8-3-5-3-3-0-2	4-1-4-3-5-4-3-5-4-0-3-2	4-2-6-2-2-5-2-0-5-3-4-6	7-6-3-5-2-4-6-5-6-2-2-5	6-8-3-4-6-2-4-3-5-6-5-2	5-2-6-5-5-5-6-5-5-2-3-4	4-2-1-0-5-6-2-6-5-3-1-2
304	5	4-7-4-8-5-5-5-5-5-5-5-4	4-6-6-4-4-6-4-6-4-6-4-4	4-4-4-2-2-4-6-4-7-4-6-6	4-4-6-4-2-4-4-1-6-7-6-1	2-4-3-4-4-6-6-4-6-6-6-4	4-1-3-4-4-2-6-6-6-5-0-4	3-6-6-4-4-5-3-4-5-6-5-6	0-2-2-3-2-4-3-5-2-7-4-4	4-4-3-4-3-4-4-6-6-2-2-4	4-4-5-6-2-2-2-5-4-5-4-2	4-6-4-6-8-4-4-4-4-2-2-4	3-2-1-3-4-3-2-4-4-5-3-3
304	6	6-5-4-4-5-6-5-4-6-8-7-4	4-5-5-4-7-5-8-7-4-7-8-7	4-7-5-7-7-4-7-7-5-7-5-7	7-4-8-7-7-7-4-6-5-5-7-1	7-4-6-7-5-5-7-7-5-7-5-7	2-1-7-8-4-2-5-5-5-6-0-7	7-5-5-6-4-6-3-7-5-5-7-7	4-7-4-6-6-4-3-7-6-6-7-4	8-4-7-7-7-1-7-5-5-6-6-3	4-7-6-7-7-7-3-6-4-4-7-2	4-5-4-5-1-4-4-4-4-2-6-6	1-7-6-1-7-4-6-4-7-7-7-6
304	7	8-8-4-4-5-8-8-8-8-7-6-4	4-5-5-4-6-8-6-6-8-6-8-6	4-6-4-6-6-7-6-6-8-6-7-6	6-7-7-6-6-6-8-2-6-5-6-1	6-4-6-6-1-7-6-6-7-7-6-6	8-1-6-8-4-4-7-2-7-7-0-7	6-2-0-8-8-7-3-6-7-5-6-6	7-6-2-6-2-8-3-6-8-5-6-4	7-7-7-6-6-0-6-5-5-2-6-2	7-6-7-6-6-6-6-3-4-7-6-2	3-7-7-0-8-8-4-2-6-7-7-7	8-7-7-7-6-7-6-4-6-6-6-2
304	8	8-7-6-5-8-7-7-8-7-6-6-4	4-5-8-4-8-7-6-8-8-8-7-8	8-8-8-2-8-6-7-5-7-8-8-8	7-8-6-6-8-8-7-8-8-8-8-1	8-4-8-8-8-8-7-8-8-8-6-6	7-8-6-6-8-4-8-8-8-8-8-8	7-8-8-8-7-8-8-8-8-8-5-6	8-8-2-7-8-7-8-6-6-1-6-8	6-7-8-8-2-8-8-6-8-8-2-0	7-8-8-8-8-2-8-8-7-8-6-8	4-2-5-8-5-7-4-4-4-7-8-8	8-8-8-0-6-8-8-8-8-8-6-8
305	0	0-0-0-0-0-0-0-0-0-0-0-0	0-0-0-0-0-0-0-0-0-0-0-0	0-0-0-0-0-0-0-0-0-0-0-0	0-0-0-0-0-0-0-0-0-0-0-0	0-0-0-0-0-0-0-0-0-0-0-0	0-0-0-0-0-0-0-0-0-0-0-0	0-0-0-0-0-0-0-0-0-0-0-0	0-0-0-0-0-0-0-0-0-0-0-0	0-0-0-0-0-0-0-0-0-0-0-0	0-0-0-0-0-0-0-0-0-0-0-0	0-0-0-0-0-0-0-0-0-0-0-0	0-0-0-0-0-0-0-0-0-0-0-0
305	1	1-1-1-1-1-1-1-1-1-1-1-1	1-1-0-1-0-0-0-1-0-1-2-1	0-1-0-1-2-1-2-1-0-2-0-2	2-2-0-3-2-2-0-1-1-0-1-0	1-0-2-2-2-1-2-2-1-1-2-2	2-3-2-0-1-2-2-3-1-1-3-1	3-2-1-0-2-1-1-2-1-1-0-2	4-3-3-2-3-0-1-3-1-1-0-0	0-0-2-3-3-2-0-3-2-1-3-1	0-2-0-0-0-3-2-1-2-3-0-3	0-3-0-1-0-0-0-0-0-3-1-1	0-2-1-0-0-3-3-0-3-0-1-3
305	2	2-2-2-2-2-2-2-2-2-2-1-2	1-3-2-1-0-3-0-1-3-1-1-2	3-2-2-2-1-3-3-2-3-3-3-1	1-1-2-1-1-1-5-1-3-3-3-2	1-2-4-2-1-3-3-1-2-2-1-1	1-5-3-2-2-1-3-1-2-2-5-1	1-1-2-3-1-2-3-1-2-2-0-3	2-3-1-1-2-3-5-2-2-2-0-0	2-0-1-1-2-1-4-1-3-2-1-3	0-1-2-3-1-1-3-2-1-3-0-1	3-1-0-2-6-0-0-0-5-1-1-0	0-1-0-3-0-1-1-0-1-3-2-1
305	3	3-3-3-6-2-2-3-2-3-3-3-3	3-2-2-1-3-2-4-5-4-3-4-4	5-4-4-1-3-2-2-3-2-2-2-3	4-3-4-1-1-1-2-1-2-2-4-3	1-5-2-3-4-2-2-1-4-3-1-3	1-1-2-4-3-1-2-1-2-2-1-4	1-1-2-2-4-3-2-4-3-1-4-2	3-1-1-2-1-2-2-1-2-3-4-4	4-5-5-1-1-4-4-1-2-3-1-2	1-1-0-4-1-1-2-2-4-4-5-1	4-1-3-4-3-6-5-5-2-1-4-3	0-1-3-2-4-1-1-5-1-5-2-1
305	4	5-5-5-5-5-5-5-5-5-5-5-5	4-2-2-5-5-5-5-4-5-5-5-5	4-5-5-5-5-5-5-5-5-5-4-4	5-4-3-5-5-5-5-5-5-5-5-3	5-3-5-5-3-5-5-4-3-4-5-5	5-4-5-3-3-6-5-5-2-4-2-3	5-4-4-2-3-4-5-6-4-5-5-5	1-5-3-5-5-5-2-5-5-3-5-3	3-3-3-4-5-4-3-5-2-3-5-2	6-3-4-3-5-6-6-2-3-3-3-5	3-5-3-3-3-3-3-3-2-6-3-4	6-2-4-2-3-5-5-3-3-3-5-6
305	5	4-4-4-4-4-4-4-4-4-4-4-6	4-4-2-4-4-4-4-4-4-4-4-4	3-4-4-4-4-5-4-4-4-4-5-4	4-5-5-4-4-4-4-4-4-4-4-3	4-3-4-4-5-4-6-4-5-5-4-4	4-4-4-4-3-6-4-4-5-5-2-5	4-4-4-2-5-5-4-4-5-4-4-4	5-4-1-4-4-4-2-4-4-3-4-5	5-3-3-5-4-4-3-4-2-4-4-2	5-1-5-4-4-1-4-2-6-4-3-4	2-4-5-2-6-6-3-3-2-5-5-5	0-6-5-5-5-5-4-3-1-3-4-1
305	6	6-4-4-4-6-4-4-6-4-4-4-5	4-6-6-4-6-4-4-6-4-6-4-4	6-6-6-4-6-4-5-5-5-6-4-6	5-6-6-6-6-6-5-6-6-6-6-3	4-3-6-6-5-5-5-6-6-6-4-4	4-6-4-4-6-4-6-6-6-6-6-5	4-6-6-6-5-6-6-6-6-4-4-6	6-4-6-5-4-5-6-1-5-3-4-4	4-3-6-5-4-6-3-5-6-4-4-4	4-3-6-6-6-4-4-2-5-6-3-6	3-4-6-4-2-3-3-3-3-5-6-6	4-5-3-2-0-6-6-3-6-6-2-4
306	0	0-0-0-0-0-0-0-0-0-0-0-0	0-0-0-0-0-0-0-0-0-0-0-0	0-0-0-0-0-0-0-0-0-0-0-0	0-0-0-0-0-0-0-0-0-0-0-0	0-0-0-0-0-0-0-0-0-0-0-0	0-0-0-0-0-0-0-0-0-0-0-0	0-0-0-0-0-0-0-0-0-0-0-0	0-0-0-0-0-0-0-0-0-0-0-0	0-0-0-0-0-0-0-0-0-0-0-0	0-0-0-0-0-0-0-0-0-0-0-0	0-0-0-0-0-0-0-0-0-0-0-0	0-0-0-0-0-0-0-0-0-0-0-0
306	1	1-1-1-3-1-1-1-2-1-1-2-1	2-2-1-0-2-2-3-2-1-1-0-2	1-2-2-2-2-2-2-2-2-2-2-2	2-1-2-2-1-0-2-2-2-2-2-1	1-2-1-2-2-1-2-1-2-2-3-1	4-2-2-3-2-2-2-2-2-1-0-2	4-1-2-1-1-2-0-2-1-2-4-1	2-3-2-0-1-2-1-2-1-1-0-1	1-3-2-0-2-3-2-2-2-1-1-2	2-1-1-7-0-1-1-1-2-3-3-1	1-1-4-2-4-2-2-1-2-1-2-1	2-1-1-1-3-2-1-2-1-1-4-1
306	2	1-1-1-1-1-1-1-1-1-1-1-1	1-1-1-4-1-1-1-1-1-1-3-1	3-4-1-1-1-1-3-1-1-1-1-1	3-0-1-1-3-3-1-4-3-1-3-1	1-1-3-3-1-1-3-3-1-1-1-3	1-4-4-1-1-1-3-1-1-1-5-2	3-4-1-0-3-1-2-3-1-1-5-3	1-2-4-3-3-1-9-9-3-0-2-1	2-0-3-3-4-1-1-3-1-2-3-1	1-4-1-1-3-4-0-1-3-1-1-6	1-2-1-1-1-1-1-0-1-3-4-1	1-3-2-1-1-1-3-1-2-2-2-1
306	3	1-1-1-1-1-1-1-1-1-1-1-4	1-4-4-2-1-1-1-4-4-1-2-2	2-2-1-1-2-2-4-1-1-2-4-1	2-3-4-1-2-2-4-1-4-4-4-1	4-1-2-2-2-3-4-2-4-1-1-2	2-2-2-1-3-2-2-7-1-3-8-3	2-2-3-4-2-1-4-2-0-3-2-2	3-2-4-2-2-1-6-2-2-3-1-1	3-1-2-2-3-1-3-2-1-2-2-3	1-2-3-4-2-2-5-8-2-1-1-2	0-2-1-5-1-1-1-3-1-2-2-1	8-2-2-4-1-3-2-3-6-1-3-1
306	4	4-3-1-5-1-1-4-5-4-1-5-3	4-3-3-5-5-1-5-4-3-1-5-6	6-5-6-5-4-2-3-5-3-2-3-4	4-4-3-2-2-2-3-2-3-5-3-4	3-6-4-5-6-3-3-4-3-4-5-9	1-2-2-4-4-7-3-2-1-3-1-4	1-2-3-3-4-1-3-5-1-3-7-2	1-2-7-2-2-1-3-2-2-4-4-4	4-4-4-2-2-7-3-2-3-4-2-3	6-2-1-3-2-2-1-2-5-3-6-2	6-2-6-2-1-1-6-6-6-4-2-4	3-2-4-3-5-1-2-8-1-1-1-2
306	5	7-5-6-6-6-6-6-7-7-7-6-7	7-6-6-4-7-7-6-6-6-6-7-6	5-4-6-7-5-6-6-6-6-6-6-5	5-5-6-7-2-5-6-8-6-8-5-4	8-4-5-7-4-5-6-5-6-6-8-9	6-6-6-5-6-7-5-6-6-5-2-5	6-6-5-5-5-5-3-5-6-8-2-6	5-2-2-5-5-6-7-8-2-5-9-5	5-4-6-5-6-8-3-6-8-8-2-8	5-2-5-5-5-8-6-5-5-6-4-8	8-8-9-3-9-9-4-4-4-5-6-5	6-9-5-9-6-8-8-4-5-7-5-9
306	6	5-5-5-8-5-5-5-5-5-5-5-5	5-5-5-7-5-5-8-8-5-5-7-7	4-7-8-2-7-5-7-5-5-5-5-7	7-4-5-5-7-8-5-6-5-5-7-4	5-4-6-6-4-7-7-7-5-5-5-6	5-7-7-6-5-5-7-6-5-5-8-8	5-5-5-7-7-6-7-7-5-5-8-8	5-6-4-7-7-5-3-5-5-5-8-4	5-4-7-7-8-5-4-5-5-5-6-5	4-8-6-5-7-5-7-6-7-5-8-2	4-6-4-3-5-5-4-4-4-6-7-6	5-7-6-6-8-5-7-4-8-4-6-1
306	7	5-9-5-6-9-5-5-5-5-5-5-5	5-8-5-6-5-5-6-8-5-5-6-6	4-6-5-5-6-5-8-8-5-5-8-6	6-4-6-5-6-6-5-5-8-5-6-4	5-4-6-5-4-8-8-6-8-7-5-6	6-6-8-6-7-5-6-6-7-7-8-7	5-5-5-6-8-9-8-6-7-5-6-6	5-8-4-6-6-5-5-5-5-5-6-4	5-4-6-6-7-5-8-5-5-6-6-5	5-6-7-5-6-5-6-5-6-5-8-2	4-6-4-9-5-5-4-4-6-6-6-6	5-6-6-6-1-3-6-0-4-5-6-1
306	8	5-7-5-6-7-5-5-5-5-5-5-9	5-7-7-6-5-5-6-7-9-5-6-9	4-8-6-5-6-8-7-7-9-8-7-7	6-8-8-5-6-6-7-5-7-5-7-4	5-4-7-5-4-7-7-6-7-8-5-8	5-5-7-6-8-5-7-5-8-7-3-6	9-5-3-6-7-8-7-7-5-5-6-6	5-7-4-7-6-5-3-5-8-5-6-8	8-4-5-8-6-5-7-8-5-5-6-5	9-6-8-3-2-5-7-3-9-5-6-5	5-5-5-3-5-5-4-4-6-8-5-8	3-6-8-6-6-5-5-4-6-5-6-5
306	9	9-7-6-6-7-5-5-9-5-5-5-8	5-7-9-6-9-5-6-9-9-9-6-8	9-8-9-5-9-9-8-8-8-9-5-9	8-9-5-9-9-9-8-9-8-9-9-4	5-4-9-9-9-9-8-9-9-9-5-5	5-9-9-6-9-5-9-9-9-9-3-9	8-9-9-9-8-7-9-9-9-9-8-6	9-7-9-8-9-4-9-2-2-5-5-5	8-5-9-9-2-9-9-8-5-5-9-3	8-4-9-9-9-2-9-3-8-9-5-9	4-5-5-7-5-5-4-4-4-5-9-9	5-5-5-5-5-9-9-4-9-9-6-5
307	0	0-0-0-0-0-0-0-0-0-0-0-0	0-0-0-0-0-0-0-0-0-0-0-0	0-0-0-0-0-0-0-0-0-0-0-0	0-0-0-0-0-0-0-0-0-0-0-0	0-0-0-0-0-0-0-0-0-0-0-0	0-0-0-0-0-0-0-0-0-0-0-0	0-0-0-0-0-0-0-0-0-0-0-0	0-0-0-0-0-0-0-0-0-0-0-0	0-0-0-0-0-0-0-0-0-0-0-0	0-0-0-0-0-0-0-0-0-0-0-0	0-0-0-0-0-0-0-0-0-0-0-0	0-0-0-0-0-0-0-0-0-0-0-0
307	1	1-1-1-1-1-1-1-1-1-1-1-1	2-0-1-2-0-0-0-0-0-1-2-0	0-0-0-3-2-0-2-0-0-2-2-2	2-0-0-2-3-2-0-2-1-0-1-0	2-0-2-0-2-1-2-2-1-1-0-2	2-0-2-1-0-2-2-2-1-1-0-3	2-1-1-0-2-0-3-2-0-1-2-2	1-1-1-2-1-0-3-3-2-0-0-0	0-0-2-2-3-1-0-2-0-1-1-3	0-2-0-0-2-3-2-1-2-0-0-3	0-1-0-0-0-1-0-0-0-1-2-3	0-1-1-2-0-2-1-0-3-1-1-3
307	2	2-2-2-2-2-2-2-2-2-2-2-3	1-3-2-1-4-3-0-2-3-2-1-3	3-1-0-1-1-4-3-6-3-3-3-1	1-0-2-1-1-1-2-1-4-2-3-0	1-0-4-0-1-1-3-1-2-2-2-1	1-4-3-0-2-1-3-1-2-2-5-1	1-1-2-6-1-2-3-1-2-2-1-1	2-3-3-3-1-3-4-4-1-2-0-3	2-0-3-1-4-0-2-1-3-2-1-2	0-1-2-2-1-2-1-2-1-3-3-1	2-4-2-3-5-1-0-5-3-1-3-2	2-1-1-1-3-5-1-0-1-1-4-2
307	3	3-3-3-2-2-3-3-3-3-3-3-3	3-2-2-5-4-2-3-5-2-3-4-4	5-4-5-1-3-4-2-4-2-2-2-3	4-4-4-4-1-1-4-1-2-2-2-3	1-4-1-3-4-2-4-4-5-3-4-6	2-1-2-3-4-4-2-1-2-2-0-1	1-1-2-2-4-5-4-3-3-1-4-6	4-2-4-2-2-4-1-1-4-4-4-4	4-6-4-1-1-0-4-4-5-3-1-1	4-4-3-4-2-1-2-2-4-4-4-1	4-1-4-2-4-4-4-4-4-4-2-4	4-1-1-2-4-4-2-4-4-4-1-1
307	4	6-2-6-4-4-4-4-4-4-4-4-4	3-2-2-4-2-2-3-6-3-3-5-3	4-5-3-5-5-5-5-3-3-5-2-4	5-3-3-5-5-5-3-5-5-2-5-3	5-3-2-5-3-5-5-5-3-2-6-5	5-2-5-4-3-3-5-5-2-4-2-5	5-4-2-0-3-3-3-5-4-4-5-4	3-4-3-5-5-3-2-5-3-3-5-3	3-0-3-5-5-0-3-5-3-3-5-2	3-3-0-3-5-2-5-2-3-3-3-1	3-2-5-2-3-3-3-3-3-5-4-4	3-5-4-5-3-3-5-3-3-3-5-2
307	5	4-6-4-6-4-6-6-6-5-5-4-6	6-2-2-4-5-5-3-3-6-4-4-6	3-4-3-4-4-4-4-4-3-4-5-4	4-5-5-4-4-4-6-4-4-2-4-6	4-3-4-3-5-4-6-4-3-5-4-4	4-5-4-6-5-3-4-4-5-5-2-5	4-4-2-5-6-3-2-4-5-5-4-4	5-4-1-4-4-3-6-4-3-3-4-3	5-5-5-6-4-0-3-4-6-5-4-1	5-4-5-6-4-1-4-6-6-4-5-1	4-5-4-5-4-3-3-2-3-4-5-5	3-6-6-4-5-2-4-3-4-3-4-1
307	6	6-5-4-5-6-5-5-6-5-5-4-5	5-6-6-4-6-6-3-6-6-6-4-5	6-6-6-5-6-6-6-5-6-6-5-6	5-6-6-6-6-6-5-6-5-6-6-5	4-3-6-6-6-6-5-6-6-6-4-3	5-6-6-5-6-6-6-6-6-6-6-5	5-6-6-6-5-6-6-6-6-6-4-6	6-5-6-5-6-6-5-4-4-3-4-3	4-6-6-5-4-6-6-3-6-2-4-4	3-6-6-6-6-3-6-5-5-6-3-6	3-6-6-6-6-3-5-3-3-6-6-6	6-5-5-6-3-6-6-6-6-6-4-6
308	0	0-0-0-0-0-0-0-0-0-0-0-0	0-0-0-0-0-0-0-0-0-0-0-0	0-0-0-0-0-0-0-0-0-0-0-0	0-0-0-0-0-0-0-0-0-0-0-0	0-0-0-0-0-0-0-0-0-0-0-0	0-0-0-0-0-0-0-0-0-0-0-0	0-0-0-0-0-0-0-0-0-0-0-0	0-0-0-0-0-0-0-0-0-0-0-0	0-0-0-0-0-0-0-0-0-0-0-0	0-0-0-0-0-0-0-0-0-0-0-0	0-0-0-0-0-0-0-0-0-0-0-0	0-0-0-0-0-0-0-0-0-0-0-0
308	1	1-1-1-1-1-1-1-2-1-1-1-1	1-0-0-1-0-2-1-2-2-1-0-2	2-1-2-1-1-2-2-2-0-0-2-1	2-2-2-0-1-2-0-4-0-0-0-4	0-0-0-0-2-0-2-1-0-1-1-5	1-6-0-1-2-1-2-0-0-0-0-2	0-0-0-3-2-4-0-0-0-1-0-2	1-1-0-0-0-2-0-0-0-2-3-0	1-2-2-0-1-0-1-2-0-1-1-1	0-1-1-2-1-0-0-0-1-2-1-1	0-0-1-1-1-1-1-1-0-1-1-1	0-1-1-1-1-1-0-1-1-1-1-1
308	2	2-2-2-2-2-2-2-4-2-2-3-2	1-0-0-3-0-1-1-3-3-1-3-3	1-1-1-4-3-1-3-1-1-3-1-3	3-1-1-3-3-3-0-3-3-4-2-3	3-0-3-0-1-2-3-3-2-2-0-3	3-4-3-2-1-3-3-3-2-2-0-3	0-5-2-2-3-4-4-3-3-2-3-3	1-6-2-3-3-1-4-3-2-1-2-1	2-1-1-3-4-2-2-3-0-2-2-3	2-2-0-1-3-2-3-0-3-1-0-2	2-2-1-0-0-2-1-2-0-3-3-1	0-3-2-2-0-2-3-1-2-3-2-2
308	3	3-4-3-3-6-3-3-3-3-2-2-4	1-4-4-2-0-4-1-4-2-3-2-2	4-3-1-3-2-3-4-4-2-2-4-4	2-1-2-2-2-2-6-2-5-3-4-1	2-2-5-5-1-4-4-2-4-3-3-2	2-2-5-1-3-2-4-2-3-3-6-2	6-2-3-1-2-3-6-2-2-5-4-2	3-2-2-5-2-4-7-2-2-3-1-4	3-1-1-2-3-2-4-2-5-3-2-2	3-2-0-0-5-3-2-3-2-3-3-2	2-5-3-3-4-2-1-3-8-2-2-3	3-2-2-4-3-5-2-1-6-4-3-7
308	4	4-3-5-4-3-4-4-4-4-4-5-5	4-3-3-4-4-5-5-6-5-4-5-6	7-5-7-2-4-5-3-5-6-5-3-5	5-5-6-5-2-5-5-1-3-5-3-5	2-6-3-4-4-3-5-5-7-3-1-3	5-2-3-5-6-2-3-5-4-3-0-5	5-2-0-6-5-1-5-5-2-1-5-3	4-2-5-3-2-5-2-2-3-4-5-6	6-4-5-5-2-5-6-5-5-3-2-2	5-6-0-0-5-5-3-3-5-5-6-2	6-2-6-5-8-5-5-6-6-5-2-4	4-2-5-3-6-6-1-5-6-3-3-0
308	5	4-6-4-8-5-5-5-3-5-5-4-4	4-6-6-4-5-4-4-5-4-4-4-4	3-5-4-5-3-4-6-7-6-4-6-4	4-4-6-4-2-4-4-2-6-7-4-4	2-4-3-4-5-5-4-4-6-5-6-1	6-2-3-4-4-4-6-4-6-5-3-4	4-6-6-1-4-5-4-4-5-5-4-6	5-3-4-3-2-4-6-2-2-5-4-4	4-1-4-4-4-5-7-4-3-7-2-2	4-5-0-8-3-4-3-6-4-4-4-2	4-4-7-4-6-4-4-3-4-2-6-6	5-2-4-2-4-6-6-4-4-3-7-6
308	6	7-5-6-8-3-5-7-6-6-6-8-6	6-5-5-6-7-5-7-7-7-7-8-7	4-7-7-7-7-8-7-7-5-7-5-7	7-4-4-6-7-7-7-6-7-5-7-4	7-4-7-7-1-7-7-7-5-5-8-7	5-1-7-2-4-4-7-7-5-6-3-6	7-5-5-4-4-6-7-7-5-6-7-5	4-7-4-6-7-4-5-8-8-5-7-4	4-1-1-7-8-5-4-5-3-5-7-2	4-7-1-5-7-5-7-5-4-4-4-7	4-6-4-3-5-4-4-4-4-7-6-7	4-7-6-7-4-4-7-4-3-3-7-5
308	7	6-8-6-6-5-8-8-8-8-6-7-8	6-5-5-6-6-8-6-6-8-6-6-8	4-6-8-6-6-4-6-5-6-6-8-6	6-7-7-6-6-6-8-6-6-5-6-8	6-4-7-6-7-6-8-6-4-7-6-6	2-6-6-8-4-4-6-6-7-7-3-8	8-5-7-1-7-7-6-6-7-6-6-5	7-6-2-6-6-7-5-6-6-7-6-4	4-8-1-6-7-2-5-6-5-5-6-2	6-6-1-8-6-6-6-5-4-5-6-6	6-7-5-3-5-8-4-3-4-6-7-7	4-6-6-7-3-4-6-4-3-4-6-3
308	8	8-7-6-6-8-7-7-8-7-6-6-7	7-5-8-6-8-8-6-8-8-8-6-7	8-8-8-6-8-8-8-7-8-8-7-8	7-8-8-8-8-8-7-8-8-8-6-7	6-4-8-8-8-8-7-8-8-8-6-6	8-8-8-8-8-8-7-8-8-8-8-7	7-8-8-8-7-8-8-8-8-6-8-8	8-8-8-7-8-7-6-6-6-8-8-8	2-7-8-6-6-8-8-4-8-8-6-0	6-8-8-8-8-2-8-8-7-8-7-8	4-6-3-4-4-7-4-3-8-8-8-8	8-7-7-0-0-8-8-4-8-8-6-0
309	0	0-0-0-0-0-0-0-0-0-0-0-0	0-0-0-0-0-0-0-0-0-0-0-0	0-0-0-0-0-0-0-0-0-0-0-0	0-0-0-0-0-0-0-0-0-0-0-0	0-0-0-0-0-0-0-0-0-0-0-0	0-0-0-0-0-0-0-0-0-0-0-0	0-0-0-0-0-0-0-0-0-0-0-0	0-0-0-0-0-0-0-0-0-0-0-0	0-0-0-0-0-0-0-0-0-0-0-0	0-0-0-0-0-0-0-0-0-0-0-0	0-0-0-0-0-0-0-0-0-0-0-0	0-0-0-0-0-0-0-0-0-0-0-0
309	1	1-1-1-1-1-1-1-1-1-1-1-1	2-2-1-2-2-2-1-2-1-1-2-2	1-2-0-2-2-2-2-2-4-2-2-2	2-1-2-2-1-2-2-2-2-2-2-3	2-2-1-2-4-1-2-2-2-1-3-1	2-2-2-2-4-2-2-2-2-1-4-0	4-2-1-1-2-1-0-2-1-1-4-2	1-1-3-1-1-3-1-2-1-1-4-1	1-1-2-1-2-1-3-2-2-2-1-1	2-1-1-2-4-0-2-1-0-3-2-1	4-4-3-4-1-2-1-1-2-1-2-1	2-1-1-1-1-1-1-2-3-3-4-3
309	2	1-1-1-1-1-1-1-1-1-1-1-1	1-1-1-3-1-1-3-1-1-1-1-1	1-3-0-1-1-1-3-1-1-3-1-3	3-0-1-3-3-3-1-6-3-1-3-1	1-1-3-1-1-2-3-3-1-1-1-2	1-1-1-3-0-1-3-1-1-1-0-2	1-1-1-0-3-2-0-3-1-1-3-3	1-3-2-3-3-1-1-6-2-1-2-0	2-0-3-3-4-3-1-3-1-2-2-2	1-3-1-1-3-3-1-1-3-1-1-2	1-1-1-1-1-1-1-0-1-3-1-2	1-3-2-1-1-1-3-1-7-1-2-1
309	3	3-3-1-1-4-1-3-1-1-1-1-2	1-4-3-2-1-1-2-1-1-1-2-4	1-2-1-1-4-1-2-4-1-2-1-4	2-4-3-2-2-2-1-1-3-4-4-1	1-1-2-3-4-4-2-2-4-3-1-2	1-3-2-2-0-2-4-3-1-3-3-3	6-1-3-4-2-3-6-2-3-3-2-2	1-2-1-2-2-1-6-2-2-1-2-1	3-3-3-2-3-2-1-2-3-2-2-3	1-3-3-6-2-2-2-3-2-1-3-2	1-3-8-2-1-1-0-3-1-2-2-3	1-2-2-3-1-1-2-0-7-1-3-7
309	4	5-5-5-5-3-1-5-5-5-4-5-5	5-3-3-5-5-1-5-5-5-5-5-5	4-5-5-5-4-5-5-4-5-5-5-5	5-5-5-4-4-5-5-5-4-4-3-5	4-6-4-4-6-3-5-5-3-4-4-4	5-5-3-5-7-8-3-4-1-4-1-4	1-1-4-3-5-4-3-5-1-4-1-1	6-3-6-3-2-6-3-5-6-6-5-6	6-6-5-2-2-4-6-3-1-4-2-5	5-6-1-3-3-2-4-4-6-6-6-7	6-1-4-7-6-6-6-6-6-5-4-6	6-3-4-6-6-6-3-6-6-7-1-5
309	5	4-4-6-4-6-6-8-6-6-7-6-4	6-6-5-4-6-6-4-4-6-6-4-6	4-5-7-7-6-6-4-6-6-6-4-6	6-4-6-5-5-4-6-4-6-6-5-4	7-4-6-7-4-5-6-5-6-6-7-4	4-6-6-4-6-6-6-7-5-5-1-5	6-6-5-5-6-5-6-6-5-6-6-6	5-5-4-5-2-4-5-4-4-7-8-4	5-4-4-6-6-6-5-6-7-6-2-7	4-4-5-5-6-6-6-4-4-6-6-5	7-6-7-5-8-6-4-7-6-6-6-4	4-6-4-8-6-7-6-5-4-4-3-8
309	6	5-5-5-8-5-5-5-5-5-5-5-5	5-5-5-6-5-5-5-5-5-5-5-5	5-5-5-5-7-5-7-5-5-5-5-5	7-4-5-7-7-7-5-2-5-5-7-4	5-4-5-7-4-5-7-7-5-5-5-7	5-5-7-6-5-4-5-5-5-5-3-6	5-5-5-5-5-5-3-7-5-5-7-5	4-7-4-7-7-4-3-7-4-4-7-4	4-4-7-7-7-5-4-5-5-5-7-5	8-4-6-5-7-5-7-5-4-5-7-4	4-5-4-5-4-5-4-4-4-5-5-4	4-7-6-7-7-4-6-4-4-4-7-4
309	7	5-5-5-6-5-5-5-5-5-5-5-8	5-5-5-6-5-5-8-6-5-5-5-5	5-6-5-5-6-7-6-5-8-5-4-6	6-7-7-6-6-6-5-6-5-5-6-4	5-4-8-5-7-6-6-6-7-5-5-6	8-8-6-8-5-8-6-5-7-5-3-7	8-5-5-7-8-7-3-6-7-5-6-6	5-6-4-6-6-4-3-6-4-5-6-4	7-4-7-7-6-5-7-7-5-5-6-5	8-6-7-5-6-5-6-7-8-5-6-4	6-5-5-4-5-7-4-5-6-7-7-8	4-8-8-6-6-7-6-4-3-4-6-3
309	8	8-5-6-6-5-5-5-8-5-5-5-7	5-8-8-6-8-5-7-5-8-8-6-7	8-7-8-5-8-5-7-5-7-8-5-8	7-8-8-8-8-8-7-8-8-8-8-4	8-4-8-8-8-8-7-8-8-8-7-8	7-8-8-7-8-4-8-8-8-8-8-8	7-8-8-8-7-8-8-8-8-8-7-5	8-8-8-7-8-4-6-2-7-5-5-4	7-4-8-7-6-8-8-7-8-5-6-5	7-4-8-8-8-7-6-5-7-8-4-8	4-5-3-8-5-5-4-4-4-7-8-7	5-7-7-5-4-8-8-4-4-8-6-5
310	0	0-0-0-0-0-0-0-0-0-0-0-0	0-0-0-0-0-0-0-0-0-0-0-0	0-0-0-0-0-0-0-0-0-0-0-0	0-0-0-0-0-0-0-0-0-0-0-0	0-0-0-0-0-0-0-0-0-0-0-0	0-0-0-0-0-0-0-0-0-0-0-0	0-0-0-0-0-0-0-0-0-0-0-0	0-0-0-0-0-0-0-0-0-0-0-0	0-0-0-0-0-0-0-0-0-0-0-0	0-0-0-0-0-0-0-0-0-0-0-0	0-0-0-0-0-0-0-0-0-0-0-0	0-0-0-0-0-0-0-0-0-0-0-0
310	1	1-1-1-1-1-1-1-1-1-0-1-1	0-2-1-0-0-1-0-1-0-1-0-2	0-0-0-0-0-1-2-2-0-0-2-0	0-0-0-0-0-0-2-0-2-2-2-0	1-0-1-0-0-1-2-0-1-3-0-0	2-2-0-0-0-0-2-0-2-1-1-0	2-2-1-0-0-0-0-0-1-1-4-1	1-1-0-1-1-0-2-2-0-1-0-0	1-0-0-0-0-0-1-0-0-0-1-2	0-1-4-2-0-0-2-1-0-0-0-1	3-0-0-2-0-0-0-0-0-0-2-1	0-0-0-0-0-4-0-0-0-0-1-1
310	2	2-1-2-2-2-1-2-2-2-2-2-1	3-1-1-2-0-3-3-3-3-1-3-1	0-3-3-0-3-4-3-1-0-3-1-2	3-0-3-3-3-3-1-7-3-1-3-0	3-0-1-3-0-3-3-3-1-0-3-2	1-1-3-2-2-0-3-2-1-1-1-3	1-1-1-0-3-2-2-3-1-2-3-3	1-2-0-3-2-0-1-1-2-0-0-0	0-0-0-3-4-3-0-3-4-2-2-1	0-7-0-1-3-2-1-1-3-0-0-2	3-3-0-1-0-2-0-0-0-3-3-1	0-3-2-3-0-0-3-0-4-2-2-2
310	3	3-4-2-2-3-3-3-3-3-3-3-3	2-4-4-2-3-2-2-3-2-3-2-3	4-4-2-3-2-2-2-4-4-4-2-4	2-4-2-2-2-2-3-2-4-4-4-0	2-0-4-2-4-3-2-2-3-3-2-2	2-3-2-0-3-4-4-3-3-3-3-2	4-1-4-3-2-3-4-2-3-2-2-2	3-4-0-2-2-4-4-4-2-5-3-4	3-0-2-2-3-2-3-2-7-3-4-3	4-4-3-4-2-4-2-3-2-4-8-2	4-2-3-3-8-4-4-4-4-2-4-1	4-2-2-4-0-3-2-4-3-2-3-3
310	4	5-4-5-5-4-4-5-5-5-4-4-5	4-3-3-5-5-4-5-5-4-3-5-5	5-5-5-5-4-5-5-4-5-3-5-3	4-4-3-4-3-5-5-4-3-3-3-4	4-5-4-4-5-3-4-4-3-4-4-4	4-5-3-4-5-7-3-2-1-1-1-2	5-1-3-4-4-4-3-5-3-7-4-3	1-4-5-3-4-5-3-6-4-7-5-5	5-4-5-2-2-4-3-7-3-4-3-3	5-3-1-3-3-3-3-5-5-3-3-2	8-2-5-4-5-5-3-5-8-5-3-4	5-3-4-5-5-5-3-7-8-1-5-5
310	5	4-5-6-4-6-6-8-4-6-6-4-4	4-5-5-4-6-7-6-6-4-6-4-5	4-6-6-4-6-6-6-6-6-6-6-5	5-5-6-6-6-6-7-4-6-7-5-4	7-4-6-7-4-5-6-5-6-5-7-4	6-5-6-5-4-6-6-6-5-5-3-5	6-7-7-5-4-5-6-4-6-6-8-6	6-5-4-6-5-7-5-5-2-5-4-4	6-4-6-5-6-6-5-6-7-5-3-5	6-6-6-6-6-8-6-4-4-5-6-2	4-8-7-5-4-8-6-4-4-6-6-6	4-5-5-4-6-7-6-4-4-5-7-8
310	6	8-6-8-8-7-5-5-7-5-5-5-6	7-5-5-7-7-5-7-7-7-5-7-7	6-7-7-7-7-5-7-5-7-5-5-7	7-7-5-7-7-7-5-4-5-5-7-4	5-4-5-5-4-7-7-7-5-5-7-7	5-7-7-8-3-5-5-5-5-3-3-7	5-5-5-4-7-8-5-6-5-5-5-7	5-7-5-7-7-5-8-7-2-5-7-5	5-4-8-7-7-5-4-8-8-5-8-3	5-5-5-5-7-5-7-7-8-5-7-5	5-5-5-5-7-5-5-4-5-5-5-5	8-7-6-7-5-5-5-4-2-2-3-5
310	7	6-5-6-6-6-6-5-6-5-5-6-6	6-5-6-6-6-5-6-6-6-5-6-6	8-6-6-6-6-6-6-6-6-6-6-6	6-6-7-6-6-6-8-2-5-5-6-8	5-4-2-5-7-6-8-6-7-5-6-6	8-6-6-8-7-4-6-5-7-7-1-6	8-5-5-0-6-8-3-8-7-7-2-6	7-6-6-6-6-5-6-6-2-5-6-4	7-7-7-6-6-6-5-4-5-5-2-6	4-2-5-5-6-5-6-6-7-4-6-2	4-7-5-5-6-4-0-4-4-6-5-5	6-6-8-6-5-5-5-4-2-0-5-5
310	8	8-6-6-6-8-7-5-8-6-5-6-6	5-5-8-6-8-5-6-6-6-8-6-7	8-7-6-5-8-5-6-5-6-8-7-8	6-8-6-8-8-8-7-8-7-8-8-7	5-4-8-8-8-8-7-8-8-8-6-6	7-8-8-7-8-6-8-8-8-8-8-7	7-8-8-4-6-8-8-7-8-8-5-6	8-8-8-6-8-6-6-6-2-7-6-5	6-7-6-6-5-8-8-6-8-5-6-8	6-4-8-5-8-5-8-6-6-8-3-8	4-5-1-7-3-5-4-4-4-5-8-8	6-6-7-5-6-8-8-4-4-8-6-5
311	0	0-0-0-0-0-0-0-0-0-0-0-0	0-0-0-0-0-0-0-0-0-0-0-0	0-0-0-0-0-0-0-0-0-0-0-0	0-0-0-0-0-0-0-0-0-0-0-0	0-0-0-0-0-0-0-0-0-0-0-0	0-0-0-0-0-0-0-0-0-0-0-0	0-0-0-0-0-0-0-0-0-0-0-0	0-0-0-0-0-0-0-0-0-0-0-0	0-0-0-0-0-0-0-0-0-0-0-0	0-0-0-0-0-0-0-0-0-0-0-0	0-0-0-0-0-0-0-0-0-0-0-0	0-0-0-0-0-0-0-0-0-0-0-0
311	1	1-2-1-2-1-1-1-2-1-1-1-2	2-2-1-1-2-2-2-2-2-1-0-2	1-2-1-3-2-2-2-2-2-2-2-2	2-0-2-4-2-0-2-2-2-2-1-2	2-2-1-2-1-1-2-1-1-4-5-0	3-2-2-0-2-2-1-2-2-1-0-2	1-2-3-1-1-0-2-4-2-1-5-4	1-0-2-2-1-2-1-2-0-1-2-4	1-0-0-0-2-5-2-1-2-9-1-2	2-1-2-2-1-1-2-2-0-2-0-1	1-2-2-2-2-2-0-1-1-1-2-1	3-2-3-1-1-1-1-1-5-1-1-1
311	2	1-1-1-1-1-1-1-1-1-1-1-1	3-1-1-3-1-1-1-1-1-1-1-1	1-4-0-1-4-1-3-1-1-1-1-1	3-3-1-1-4-4-3-4-1-1-3-1	4-1-5-1-4-3-3-3-1-1-1-4	1-1-3-2-2-1-3-5-1-1-6-4	4-4-1-0-3-2-2-3-1-2-6-3	1-2-5-3-5-1-9-7-5-1-1-0	0-0-3-5-5-3-1-3-1-2-5-1	1-5-1-1-3-8-3-1-3-1-0-4	5-1-1-1-1-1-0-0-0-2-1-2	1-4-1-1-4-1-4-1-0-2-2-5
311	3	1-3-1-3-3-1-1-1-1-1-1-1	2-3-3-2-4-1-1-4-1-1-2-4	1-2-1-1-2-1-4-5-5-2-4-2	2-2-3-1-2-2-4-2-4-3-4-1	3-0-2-3-3-2-4-2-4-1-1-2	1-4-2-4-3-2-4-3-3-3-4-3	4-2-1-0-2-4-4-2-1-3-0-2	1-2-1-4-2-1-7-0-3-1-1-1	4-0-2-2-3-2-1-2-1-2-2-4	1-4-1-4-2-5-4-3-2-1-0-2	4-1-4-7-1-1-0-6-1-2-2-2	1-2-1-4-0-4-2-0-0-6-3-2
311	4	5-6-1-4-1-4-4-1-1-1-1-1	2-6-4-2-3-1-2-3-1-1-5-3	6-2-1-2-2-5-5-5-5-6-5-5	2-5-5-1-2-2-7-2-5-6-3-1	2-1-6-5-3-3-5-4-5-1-1-2	1-3-6-3-5-1-5-2-4-4-7-3	3-2-5-0-2-3-5-2-4-3-2-1	5-2-2-3-2-1-3-5-2-4-1-1	3-0-2-2-1-2-1-3-9-7-3-3	1-2-4-5-5-3-3-5-3-1-5-2	3-3-9-5-5-1-0-3-0-2-1-2	1-7-1-3-1-1-2-0-0-5-6-3
311	5	5-4-1-7-3-4-1-4-5-5-5-8	5-3-4-2-1-5-5-7-7-5-6-6	7-6-7-2-2-6-4-3-4-4-4-4	5-5-4-6-2-2-4-7-4-6-6-8	1-8-7-8-5-3-4-2-6-1-1-5	1-4-2-6-7-1-4-2-3-4-4-6	7-6-4-7-6-5-4-3-4-2-9-1	5-2-2-6-2-5-3-2-7-5-5-5	7-9-5-2-2-1-5-6-4-5-2-7	5-2-5-6-4-2-4-4-7-5-6-2	8-2-6-3-4-6-5-8-6-2-6-5	5-3-5-5-5-5-2-5-1-8-4-2
311	6	7-4-7-7-7-7-7-7-7-7-7-9	7-4-4-6-7-7-7-7-6-7-8-7	4-5-5-7-7-7-7-7-7-7-7-7	7-6-7-8-2-7-8-8-7-5-6-5	8-6-9-8-7-6-7-6-5-7-8-6	7-7-7-7-5-7-7-7-7-6-2-5	9-7-6-6-6-7-4-6-7-8-2-7	7-7-7-5-6-5-3-8-6-5-8-6	9-6-5-7-8-6-5-7-4-5-2-5	5-2-5-5-7-7-8-9-5-7-5-2	6-9-5-3-4-5-6-9-9-5-7-6	1-9-6-5-7-8-8-9-9-8-4-9
311	7	6-6-6-6-6-6-6-6-6-6-6-6	6-4-6-9-6-6-8-8-8-6-6-6	5-8-5-6-8-8-8-6-6-6-6-6	8-6-6-6-8-8-4-5-6-6-8-5	6-6-5-5-6-8-8-8-6-6-6-8	6-6-8-6-5-6-8-7-6-7-4-8	8-6-4-5-6-7-3-8-6-6-8-6	6-8-6-8-8-5-3-2-9-6-6-6	5-6-5-8-8-6-5-6-4-4-8-5	9-8-5-8-8-6-6-7-5-6-8-2	8-6-7-3-1-5-5-0-6-8-6-6	1-4-5-5-6-0-6-0-8-6-8-2
311	8	6-9-6-6-6-9-6-6-6-6-6-9	6-4-6-7-6-6-7-7-7-6-6-9	5-7-6-6-7-7-7-6-6-7-9-7	7-8-8-6-7-7-9-6-6-6-7-5	6-5-5-5-6-7-9-7-8-6-6-7	7-9-7-8-8-6-7-7-8-8-4-9	9-6-4-5-7-8-8-7-8-6-7-6	8-7-5-7-7-5-3-6-7-6-6-8	8-8-7-7-7-1-5-7-1-6-7-5	6-7-8-8-7-2-6-9-9-6-8-2	5-8-5-9-4-8-8-5-6-7-6-8	1-8-5-5-8-6-6-6-7-5-7-2
311	9	9-8-7-6-9-8-6-9-6-6-6-8	6-9-9-7-9-6-7-6-9-9-6-8	9-9-9-6-9-7-9-8-7-9-8-9	8-9-9-9-9-9-8-9-8-9-9-8	6-6-9-9-9-9-8-9-9-9-6-9	6-9-9-8-9-6-9-9-9-9-9-8	8-9-9-6-6-9-9-9-9-9-5-7	9-9-9-8-9-6-2-2-7-5-6-6	8-8-9-9-7-9-9-5-4-1-7-9	5-9-9-9-9-6-9-6-8-9-8-9	6-6-9-8-6-5-8-6-6-8-9-9	9-6-5-5-6-9-9-6-9-9-7-6
312	0	0-0-0-0-0-0-0-0-0-0-0-0	0-0-0-0-0-0-0-0-0-0-0-0	0-0-0-0-0-0-0-0-0-0-0-0	0-0-0-0-0-0-0-0-0-0-0-0	0-0-0-0-0-0-0-0-0-0-0-0	0-0-0-0-0-0-0-0-0-0-0-0	0-0-0-0-0-0-0-0-0-0-0-0	0-0-0-0-0-0-0-0-0-0-0-0	0-0-0-0-0-0-0-0-0-0-0-0	0-0-0-0-0-0-0-0-0-0-0-0	0-0-0-0-0-0-0-0-0-0-0-0	0-0-0-0-0-0-0-0-0-0-0-0
312	1	1-1-1-3-2-1-1-2-1-1-2-1	2-2-1-2-2-2-3-2-1-2-2-2	1-0-1-1-2-2-2-2-2-2-3-2	2-1-2-4-1-0-2-2-2-2-2-1	5-2-2-3-2-1-2-1-2-2-4-1	2-2-2-2-2-2-2-2-2-1-0-2	2-2-2-1-2-4-2-4-2-4-0-1	1-3-1-0-1-2-2-2-1-2-2-4	1-4-1-1-2-2-1-1-2-2-1-1	1-1-1-2-6-1-1-1-2-2-2-1	1-8-1-2-2-3-1-0-1-1-2-1	2-1-1-1-4-5-1-8-1-1-1-1
312	2	1-1-1-1-1-1-1-1-1-1-1-1	1-1-1-3-1-1-1-1-1-1-3-1	0-4-1-1-1-1-3-1-1-4-1-1	3-0-1-3-4-3-1-5-1-1-3-1	4-1-4-1-1-3-3-3-1-1-1-4	3-4-3-1-1-4-3-1-1-1-0-4	1-1-1-0-3-1-1-3-1-2-7-1	1-2-2-3-3-1-1-4-4-1-1-0	0-0-3-3-5-5-0-3-1-2-3-4	0-4-1-1-3-5-4-1-3-1-1-4	5-1-1-1-1-2-1-0-0-2-1-1	1-3-4-1-1-1-3-0-0-1-2-1
312	3	3-1-1-1-1-1-1-1-1-1-1-1	1-5-3-2-1-1-1-4-1-1-2-2	1-2-1-1-1-1-4-6-4-2-4-4	2-0-4-2-2-2-1-2-4-4-4-1	2-0-2-1-2-4-4-2-4-3-1-2	2-3-4-1-3-1-2-2-3-3-3-2	4-2-3-0-2-3-5-2-3-3-0-1	1-2-0-4-2-1-3-2-2-3-3-0	4-0-4-2-4-1-3-2-3-3-2-2	0-2-3-3-2-4-2-1-4-1-8-2	4-6-1-6-3-1-0-0-1-5-3-1	1-2-2-4-1-1-2-0-6-4-6-1
312	4	3-7-1-1-5-4-4-1-1-1-1-1	1-5-5-2-1-1-1-3-5-1-2-5	2-2-1-1-2-1-5-5-5-2-5-3	2-5-5-5-2-2-5-2-5-3-3-1	2-0-2-5-2-3-5-4-5-2-1-2	2-2-3-3-5-2-5-2-4-4-7-2	3-2-1-0-5-1-6-5-4-1-0-1	4-2-2-3-2-1-3-2-2-4-0-1	3-1-3-2-3-4-4-2-8-4-3-2	0-2-4-5-5-6-2-5-3-3-5-2	3-4-8-3-1-2-3-0-1-2-1-4	4-2-2-3-1-1-2-0-1-6-6-6
312	5	7-4-8-7-4-5-5-5-5-5-6-8	6-4-4-5-6-1-6-6-4-1-6-6	5-6-6-6-5-6-4-6-6-6-4-5	6-6-4-6-2-6-4-2-4-6-4-6	1-6-5-4-6-3-6-6-4-5-6-5	5-5-3-5-4-2-4-2-4-4-4-6	6-2-4-5-4-6-4-4-4-8-8-6	5-2-2-5-2-1-3-5-6-4-5-8	6-6-5-3-2-2-5-2-4-5-2-2	5-5-7-6-3-2-4-4-6-5-6-2	5-1-5-1-3-5-5-7-7-3-3-5	5-5-5-5-5-1-7-1-5-5-2-1
312	6	7-7-8-8-6-6-6-7-6-8-5-6	5-4-4-7-5-7-8-7-7-1-7-7	6-7-5-8-7-8-7-5-5-7-7-7	7-5-5-7-7-7-7-2-7-5-7-6	7-5-6-4-5-6-7-7-6-6-7-7	6-6-7-6-4-1-7-7-4-4-3-6	5-6-4-5-6-5-4-7-1-7-7-7	3-6-8-7-7-1-3-7-5-5-7-0	5-5-5-6-7-7-5-6-1-4-7-8	8-6-4-5-7-6-6-4-5-5-7-7	7-6-7-3-8-7-5-7-5-6-7-7	1-6-2-6-5-7-6-0-7-4-7-4
312	7	6-6-6-6-7-8-6-6-8-6-5-8	7-4-4-6-5-6-6-6-6-7-6-6	8-6-6-6-6-7-6-8-8-6-6-6	6-7-7-6-6-6-8-6-6-7-6-8	6-5-6-6-7-6-6-6-7-7-6-6	6-7-6-6-7-8-6-6-7-4-4-7	5-6-4-5-8-7-6-6-7-6-6-6	7-6-6-6-6-8-3-6-5-4-6-7	7-5-7-6-6-6-5-7-4-4-6-6	8-6-5-4-6-6-6-6-8-5-6-6	6-7-6-1-8-6-7-7-5-6-6-7	5-6-6-6-7-7-5-1-6-6-6-1
312	8	8-7-6-6-8-8-6-8-6-6-7-7	7-8-8-6-8-8-6-6-6-8-6-6	8-7-8-6-8-8-7-7-7-8-8-8	8-8-8-8-8-8-7-8-7-8-8-7	6-5-8-8-8-8-7-8-8-8-6-8	7-6-8-7-8-7-8-8-8-8-8-8	5-8-8-5-7-8-8-8-8-8-5-6	8-8-6-7-8-7-7-2-7-5-6-5	6-8-8-8-6-8-8-7-8-1-6-6	7-6-4-8-8-6-8-7-8-8-3-8	1-1-8-8-6-5-8-8-1-8-8-8	5-7-4-1-5-8-8-8-8-8-4-8
313	0	0-0-0-0-0-0-0-0-0-0-0-0	0-0-0-0-0-0-0-0-0-0-0-0	0-0-0-0-0-0-0-0-0-0-0-0	0-0-0-0-0-0-0-0-0-0-0-0	0-0-0-0-0-0-0-0-0-0-0-0	0-0-0-0-0-0-0-0-0-0-0-0	0-0-0-0-0-0-0-0-0-0-0-0	0-0-0-0-0-0-0-0-0-0-0-0	0-0-0-0-0-0-0-0-0-0-0-0	0-0-0-0-0-0-0-0-0-0-0-0	0-0-0-0-0-0-0-0-0-0-0-0	0-0-0-0-0-0-0-0-0-0-0-0
313	1	1-1-1-1-2-1-1-1-1-1-1-2	1-0-0-2-0-2-2-2-2-2-2-2	3-2-2-1-2-1-2-2-0-2-2-2	2-2-2-2-2-2-2-2-0-0-2-2	0-2-2-3-2-0-2-2-0-0-2-2	2-2-0-2-3-2-0-0-2-1-0-2	0-0-1-2-2-1-0-0-0-1-0-0	0-0-0-2-0-2-1-0-2-3-4-2	3-3-2-2-1-1-3-2-2-1-2-2	4-3-1-0-4-2-2-1-2-2-2-1	3-0-2-2-3-2-3-4-2-2-2-1	3-2-2-2-3-0-0-4-2-2-1-2
313	2	2-1-1-2-1-1-2-2-1-1-1-1	1-3-2-1-0-1-1-3-1-1-1-1	1-1-1-1-1-1-3-1-4-1-3-1	1-1-1-1-1-1-1-1-3-2-3-1	5-1-1-0-1-2-3-1-3-3-1-1	1-1-0-1-1-1-3-3-1-2-0-1	3-5-2-1-1-0-3-1-0-2-0-3	3-2-5-1-2-1-3-0-1-2-1-1	1-1-1-1-1-1-1-1-1-2-1-1	1-1-4-0-1-1-1-3-1-1-1-0	1-0-1-1-1-1-1-2-1-1-1-2	1-1-1-1-1-0-0-1-1-1-1-7
313	3	1-1-4-1-2-3-3-1-1-3-3-1	4-2-2-1-0-1-4-4-4-4-4-1	1-4-1-5-4-5-4-2-2-4-2-4	4-4-5-3-5-4-4-3-2-2-2-1	4-1-4-5-6-2-4-4-3-2-5-4	4-4-4-3-1-1-4-2-2-0-0-4	2-2-2-1-4-0-4-4-0-2-4-4	2-4-7-4-4-1-8-3-3-1-3-1	1-1-4-4-5-4-1-4-2-3-4-3	1-4-0-0-4-4-4-2-4-1-1-3	1-4-2-1-1-1-1-1-1-3-4-3	1-4-3-1-1-1-3-1-3-3-3-5
313	4	4-4-3-4-4-4-4-4-4-4-3-1	3-5-5-1-5-4-3-5-3-3-3-5	1-3-3-3-3-3-5-2-5-3-5-3	3-3-3-3-3-3-5-3-5-6-4-1	3-1-3-4-3-4-5-3-4-4-3-3	3-4-5-4-4-1-5-4-5-4-7-4	7-2-5-1-3-4-6-5-4-4-3-3	7-3-3-3-3-1-7-3-5-4-1-1	1-1-3-3-4-3-7-5-7-4-3-4	1-3-2-0-3-3-3-7-3-1-1-3	1-3-1-4-7-1-4-1-1-3-3-0	1-3-1-3-1-1-3-1-1-7-6-3
313	5	5-4-5-5-4-5-5-5-5-5-5-7	5-4-4-5-4-6-6-4-6-6-6-6	5-6-6-3-3-3-4-6-4-3-4-5	5-5-6-6-3-3-4-3-4-7-6-5	2-6-3-3-5-4-6-6-6-6-3-4	0-1-4-6-5-1-4-3-4-4-4-6	8-2-4-6-6-5-4-6-4-2-6-3	2-4-6-4-3-6-3-3-6-5-6-7	6-6-5-3-3-5-6-6-4-5-3-4	6-6-0-6-6-3-0-4-6-4-6-3	6-8-1-6-6-6-7-6-6-3-3-3	1-3-5-6-6-6-3-7-6-7-3-3
313	6	7-6-7-8-7-7-8-6-7-7-7-7	7-4-4-7-7-7-7-7-7-7-7-7	6-7-7-8-7-7-7-5-7-7-8-6	7-5-8-7-7-7-7-7-7-4-7-8	7-5-8-7-3-7-7-7-5-5-7-7	6-8-7-5-6-7-7-7-2-7-0-7	7-7-4-5-5-6-4-8-6-7-5-7	5-7-5-7-7-7-4-7-5-8-5-5	5-5-5-7-7-7-5-7-4-7-7-7	5-7-6-5-7-7-6-4-6-1-5-7	5-7-7-5-5-7-5-5-5-6-6-7	1-7-6-5-5-5-6-5-7-5-7-7
313	7	6-8-6-6-6-8-6-6-6-6-6-6	6-4-6-6-6-6-6-6-6-6-6-6	6-6-6-6-6-6-6-5-6-6-7-6	6-7-7-6-6-6-8-6-6-4-6-5	6-5-6-6-7-6-6-6-7-7-6-6	6-8-6-6-7-6-6-6-7-7-4-6	6-6-4-7-8-7-4-6-7-6-3-6	7-6-3-6-6-7-4-6-7-7-6-5	7-7-7-6-6-6-7-6-4-6-6-6	7-6-7-6-6-6-6-8-6-7-5-6	3-7-6-4-8-6-5-6-6-7-7-7	8-8-7-7-7-7-3-5-6-5-6-6
313	8	8-6-6-6-8-7-6-8-6-6-6-6	6-8-8-6-8-8-6-6-6-8-6-6	8-8-8-6-8-6-7-6-6-8-6-8	7-8-7-8-8-8-7-8-6-8-6-5	6-5-8-8-8-8-7-8-8-8-6-3	6-8-7-6-8-6-8-8-8-8-8-8	6-8-8-8-7-8-4-6-8-6-6-6	8-6-6-7-6-7-3-6-7-6-6-7	6-8-8-7-6-8-8-7-8-6-6-6	6-8-8-6-8-6-6-7-6-8-5-8	6-5-2-5-7-7-5-5-5-7-8-8	7-7-6-6-5-8-8-5-8-8-6-8
314	0	0-0-0-0-0-0-0-0-0-0-0-0	0-0-0-0-0-0-0-0-0-0-0-0	0-0-0-0-0-0-0-0-0-0-0-0	0-0-0-0-0-0-0-0-0-0-0-0	0-0-0-0-0-0-0-0-0-0-0-0	0-0-0-0-0-0-0-0-0-0-0-0	0-0-0-0-0-0-0-0-0-0-0-0	0-0-0-0-0-0-0-0-0-0-0-0	0-0-0-0-0-0-0-0-0-0-0-0	0-0-0-0-0-0-0-0-0-0-0-0	0-0-0-0-0-0-0-0-0-0-0-0	0-0-0-0-0-0-0-0-0-0-0-0
314	1	1-1-1-1-1-1-1-1-1-1-1-1	0-2-1-0-1-1-0-1-0-1-0-2	1-1-0-0-0-0-2-2-0-0-2-0	0-0-0-0-0-0-0-1-0-2-2-1	1-0-1-0-0-1-2-0-1-0-0-0	4-0-0-0-0-0-2-0-1-1-4-2	1-2-2-0-0-0-0-0-1-1-0-1	1-0-0-0-1-0-1-0-0-1-0-0	1-0-0-0-3-0-0-0-0-0-0-2	0-1-4-2-0-0-0-1-0-0-1-0	4-0-0-1-1-0-0-1-0-0-2-1	1-0-0-2-0-1-1-0-0-0-4-1
314	2	2-1-2-2-2-1-2-2-2-2-2-1	3-1-1-4-0-2-3-3-3-3-3-3	0-4-3-4-3-3-3-1-0-4-1-3	3-0-3-3-3-3-3-4-2-1-1-2	3-0-3-3-0-3-3-3-1-0-1-3	1-4-3-0-2-3-3-4-1-1-0-4	3-1-1-0-3-2-2-3-2-2-3-3	1-2-3-3-2-3-7-7-2-1-0-0	2-0-3-4-4-3-0-4-0-2-4-1	3-4-0-1-3-2-3-4-3-0-0-4	1-2-0-4-0-2-2-0-0-3-3-1	0-3-2-3-0-3-3-0-2-3-2-4
314	3	3-3-2-3-3-3-3-3-3-3-3-3	2-4-4-2-3-2-2-2-4-2-4-4	4-2-2-2-2-2-4-1-4-2-4-2	2-3-4-2-2-2-2-2-4-3-4-2	2-0-2-2-4-2-4-2-3-3-4-2	5-6-4-0-3-2-4-3-3-3-5-2	2-2-3-3-2-3-4-2-3-3-2-4	3-4-2-2-3-4-6-4-2-3-4-0	3-0-2-2-1-2-5-2-6-3-3-3	2-2-3-6-2-4-2-3-2-4-3-2	6-2-3-3-7-0-0-0-0-2-2-3	0-2-2-4-0-2-2-0-2-2-2-3
314	4	3-3-4-4-3-5-4-4-4-4-4-3	4-3-3-2-3-3-4-4-3-4-5-3	6-5-5-2-4-5-3-4-3-2-3-3	4-4-5-4-2-2-7-2-3-3-3-4	2-4-3-4-5-3-3-4-5-4-4-2	1-2-3-4-3-7-3-2-1-3-1-2	4-2-3-3-4-4-3-4-4-2-4-3	5-2-5-2-2-5-3-2-5-4-5-4	5-6-5-2-2-5-5-2-3-4-2-5	5-7-1-5-2-3-3-3-5-3-5-2	7-2-5-3-3-5-6-5-7-5-5-4	5-2-2-3-5-4-2-6-5-5-1-2
314	5	6-5-6-6-6-6-6-6-6-6-6-6	4-3-3-6-6-6-6-6-6-6-6-6	5-6-6-6-6-7-6-6-6-6-5-6	6-4-4-6-6-6-6-6-6-6-6-6	6-7-6-6-4-5-6-6-4-5-6-6	5-5-6-7-4-4-6-6-3-5-3-6	6-6-3-3-4-5-6-6-5-6-6-6	4-6-4-6-6-4-3-6-4-4-6-4	4-4-4-5-6-6-4-6-3-4-6-4	6-6-5-4-6-6-6-3-4-6-6-6	4-5-4-3-6-4-4-4-6-6-5-5	6-1-4-6-4-4-5-4-4-4-6-6
314	6	5-5-5-5-5-5-5-5-5-5-5-5	5-3-3-5-5-5-5-5-5-5-5-5	4-5-5-5-5-6-5-5-7-5-5-5	5-6-6-5-5-5-5-5-5-6-5-5	5-4-5-5-6-5-7-5-6-6-5-5	5-5-5-5-3-5-5-5-6-6-3-6	5-5-3-6-6-6-5-5-6-5-5-5	6-5-4-5-5-6-3-5-7-4-5-4	6-4-6-6-5-5-6-5-3-5-5-4	5-5-6-5-5-5-5-3-7-5-5-5	3-6-4-3-5-6-4-5-5-6-6-6	7-7-6-6-6-6-6-4-5-4-5-5
314	7	7-5-5-5-7-7-5-7-5-5-5-6	5-7-7-5-7-5-5-5-5-7-5-5	7-7-5-5-7-5-6-6-6-7-5-7	5-7-7-7-7-7-4-5-7-7-7-4	5-5-7-7-7-7-6-7-7-7-5-5	5-7-5-5-7-4-7-7-7-7-7-7	6-7-7-7-6-7-7-7-7-5-5-7	7-5-7-6-5-6-2-2-6-4-5-5	6-4-7-6-5-7-4-6-7-5-5-1	5-4-7-7-2-6-5-6-6-7-4-7	4-2-4-4-3-6-4-4-4-6-7-6	7-6-6-3-0-7-7-4-7-7-2-5
315	0	0-0-0-0-0-0-0-0-0-0-0-0	0-0-0-0-0-0-0-0-0-0-0-0	0-0-0-0-0-0-0-0-0-0-0-0	0-0-0-0-0-0-0-0-0-0-0-0	0-0-0-0-0-0-0-0-0-0-0-0	0-0-0-0-0-0-0-0-0-0-0-0	0-0-0-0-0-0-0-0-0-0-0-0	0-0-0-0-0-0-0-0-0-0-0-0	0-0-0-0-0-0-0-0-0-0-0-0	0-0-0-0-0-0-0-0-0-0-0-0	0-0-0-0-0-0-0-0-0-0-0-0	0-0-0-0-0-0-0-0-0-0-0-0
315	1	1-1-1-0-1-0-1-0-1-1-1-1	0-0-0-1-0-0-0-2-0-0-0-0	2-1-0-0-2-2-2-0-0-2-0-2	2-0-0-3-2-2-0-3-1-1-1-1	1-0-1-2-2-1-2-2-1-1-0-1	0-0-2-0-1-0-2-1-0-1-0-1	2-1-1-0-2-0-1-2-1-1-0-2	0-3-3-2-4-0-1-7-1-1-0-0	0-0-2-3-3-0-0-2-2-1-3-1	0-3-0-0-2-1-0-3-2-0-0-3	3-1-0-0-0-0-0-0-0-3-1-0	0-2-1-2-3-1-2-0-1-0-1-3
315	2	2-2-1-2-2-2-2-2-2-1-2-3	0-3-3-1-0-3-0-1-0-2-0-3	3-2-0-1-1-1-3-2-0-1-3-3	1-3-2-1-1-1-0-1-3-3-3-0	3-0-4-1-1-1-3-1-2-2-0-1	3-2-1-0-2-1-3-1-2-2-6-1	1-1-2-3-1-2-3-1-2-2-4-3	2-0-1-1-2-3-5-0-2-3-0-0	2-0-1-0-2-1-4-1-5-2-2-2	0-1-2-0-1-3-3-2-1-3-2-1	0-1-0-5-0-3-0-0-0-1-1-2	0-1-1-3-0-1-1-0-0-0-5-2
315	3	3-2-3-2-2-3-3-2-3-3-4-2	4-2-2-1-4-2-4-6-4-3-4-4	6-4-6-1-2-4-2-5-4-2-2-2	3-4-3-1-1-4-4-1-2-2-2-5	2-5-2-1-5-2-2-1-3-0-3-0	2-2-1-0-3-6-2-1-2-2-0-1	4-1-2-2-4-3-2-2-2-1-2-2	2-1-5-1-2-5-2-1-2-3-3-6	5-3-5-1-1-3-5-1-2-3-1-5	5-5-0-2-4-1-2-1-5-4-5-1	5-1-5-4-3-5-5-5-5-1-3-3	3-1-7-2-5-5-1-5-5-4-1-1
315	4	5-7-5-5-5-5-5-5-5-5-5-5	5-5-4-1-5-5-3-5-5-5-5-5	4-5-5-6-5-5-5-6-5-5-5-5	5-3-5-5-4-4-5-5-5-4-4-3	6-4-5-6-4-4-5-4-5-5-6-4	4-6-5-4-5-3-4-1-5-4-2-4	3-5-4-4-3-4-5-5-4-6-4-6	5-4-1-4-4-6-4-6-5-4-3-3	4-3-7-4-6-5-6-4-6-4-4-5	3-4-4-4-4-5-5-4-3-5-3-1	6-7-7-3-4-7-3-3-3-4-5-4	7-7-4-4-3-6-6-3-3-3-4-7
315	5	4-4-4-4-4-4-4-4-4-4-4-4	4-4-4-6-4-4-7-4-4-4-4-4	4-6-4-4-6-4-6-4-6-4-4-4	6-3-4-4-6-6-4-6-4-6-6-3	6-3-4-6-3-6-6-6-4-4-4-6	4-4-6-5-4-3-6-6-4-2-2-6	6-4-4-6-6-5-4-6-4-4-0-5	4-6-3-6-6-3-2-4-6-3-6-3	3-3-3-5-6-4-3-6-2-4-6-4	3-3-5-6-6-4-4-2-3-4-6-1	3-4-3-2-6-4-3-3-6-6-4-5	0-6-5-6-6-3-4-3-3-3-6-6
315	6	4-7-4-4-4-7-4-4-4-4-4-7	5-4-4-5-4-4-5-3-4-4-4-7	3-5-4-4-5-4-5-4-5-4-5-5	5-6-6-4-5-5-7-5-4-5-5-7	5-3-4-4-3-5-7-5-6-4-4-5	4-4-5-5-6-3-5-5-6-6-2-6	7-4-4-6-5-6-6-5-4-4-4-4	4-5-1-5-5-4-4-4-5-4-5-3	6-6-5-5-5-4-4-5-4-4-5-4	4-4-6-5-5-4-4-4-7-4-5-1	4-6-3-2-5-4-3-3-5-5-4-6	4-5-5-5-5-4-4-3-5-3-5-5
315	7	7-6-4-4-7-6-4-7-4-4-4-6	4-4-7-5-7-4-5-7-7-7-5-6	7-7-7-4-7-5-7-4-5-7-6-7	5-7-7-7-7-7-6-7-7-7-7-6	4-3-7-7-7-7-6-7-7-7-4-7	4-7-7-5-7-6-7-7-7-7-7-6	6-7-7-7-6-7-7-6-7-7-4-4	7-7-7-6-7-4-7-1-5-4-0-4	6-6-7-7-1-7-7-5-7-7-5-0	5-3-7-4-7-4-5-4-6-7-7-7	3-4-4-6-3-4-3-3-4-4-7-7	4-4-3-4-5-7-7-3-7-7-5-4
316	0	0-0-0-0-0-0-0-0-0-0-0-0	0-0-0-0-0-0-0-0-0-0-0-0	0-0-0-0-0-0-0-0-0-0-0-0	0-0-0-0-0-0-0-0-0-0-0-0	0-0-0-0-0-0-0-0-0-0-0-0	0-0-0-0-0-0-0-0-0-0-0-0	0-0-0-0-0-0-0-0-0-0-0-0	0-0-0-0-0-0-0-0-0-0-0-0	0-0-0-0-0-0-0-0-0-0-0-0	0-0-0-0-0-0-0-0-0-0-0-0	0-0-0-0-0-0-0-0-0-0-0-0	0-0-0-0-0-0-0-0-0-0-0-0
316	1	1-2-1-2-1-1-1-2-1-2-2-2	2-2-1-4-1-2-3-2-2-2-0-2	1-2-1-3-2-2-2-2-2-2-2-2	2-1-2-2-1-0-2-6-2-2-2-1	4-1-1-4-1-1-2-1-2-2-4-1	2-2-2-1-2-2-2-2-2-1-0-2	2-1-1-1-2-1-2-1-1-2-1-1	1-1-2-1-1-2-2-1-1-1-0-1	1-0-0-0-1-2-1-1-2-1-1-2	3-1-1-1-1-1-2-2-1-7-0-1	2-4-4-2-1-2-0-1-8-1-2-1	2-1-1-1-1-1-1-2-1-1-1-2
316	2	1-1-2-2-1-1-1-1-1-1-1-1	1-1-1-5-1-1-1-1-1-1-5-1	0-3-1-5-3-1-3-1-1-1-1-1	3-0-1-1-4-3-1-2-1-1-1-0	3-0-3-2-1-1-3-3-1-1-1-4	3-4-3-1-1-4-3-3-1-1-0-4	4-4-1-2-3-2-1-3-2-1-2-3	1-2-1-3-3-1-1-3-2-1-0-0	2-0-3-3-5-4-1-3-1-2-3-1	2-4-1-1-3-2-3-1-3-0-0-2	1-2-0-1-0-1-0-2-1-3-3-1	1-2-4-1-1-1-3-1-2-2-2-1
316	3	1-3-2-1-4-1-1-4-1-1-1-1	1-6-3-2-1-1-1-4-1-1-2-4	4-2-1-1-2-1-4-1-1-2-4-4	2-4-4-1-2-2-3-2-4-3-4-0	2-0-2-1-2-4-4-2-3-1-1-2	2-2-4-0-3-2-2-2-3-3-7-2	6-2-1-4-2-3-5-2-3-1-6-2	3-2-4-4-2-1-3-2-2-6-6-1	6-0-4-2-3-2-6-2-1-2-4-3	1-2-1-3-4-2-2-1-4-1-0-2	0-2-1-3-1-1-0-5-0-2-2-1	1-2-2-1-1-4-2-0-5-1-3-1
316	4	1-7-2-4-3-4-4-4-1-1-1-1	1-3-4-2-1-1-1-3-1-4-2-5	3-4-5-1-2-1-5-8-5-2-5-5	2-3-5-5-2-2-6-2-5-4-3-0	1-0-2-5-0-3-5-4-5-1-1-2	2-2-3-1-5-2-5-2-4-4-4-2	5-2-5-3-2-4-6-5-4-1-2-2	4-2-3-3-2-1-7-2-2-5-6-1	7-0-3-2-4-2-6-2-6-4-3-6	1-2-4-3-3-5-3-4-3-1-5-2	3-1-8-4-8-5-0-3-1-2-7-1	1-2-2-4-1-3-2-1-0-2-3-3
316	5	5-6-6-8-4-1-1-1-5-1-5-7	5-3-4-2-1-1-6-6-1-4-6-4	2-6-6-2-6-7-4-6-6-6-4-4	6-6-4-4-6-2-4-2-4-6-6-7	1-1-7-6-6-3-6-6-4-5-6-8	6-2-7-5-5-2-4-7-4-4-4-5	4-2-4-5-6-6-4-4-4-5-2-7	1-3-7-3-2-8-4-2-2-6-7-0	3-7-6-2-2-2-4-4-4-5-5-4	8-2-1-6-4-4-3-4-8-1-4-2	7-2-3-3-8-6-1-7-7-5-4-5	5-4-5-5-7-5-2-5-3-7-3-1
316	6	7-4-8-8-3-6-8-7-6-6-6-6	5-3-4-7-1-5-7-7-7-4-7-7	6-7-5-2-7-8-7-5-5-7-6-7	7-7-7-7-7-7-7-1-4-5-7-5	7-8-1-7-5-7-7-7-4-6-7-7	6-7-7-6-5-8-7-7-1-6-3-7	3-2-4-6-5-6-4-5-4-6-3-5	4-7-7-7-7-1-4-7-2-5-4-0	3-0-5-7-7-2-4-7-4-6-7-4	8-7-1-5-7-4-7-4-8-0-7-2	1-2-3-3-4-5-0-7-1-6-4-6	1-4-7-6-1-5-6-0-2-6-6-6
316	7	8-8-6-7-3-8-8-8-8-7-6-8	5-3-4-6-7-8-6-6-6-4-6-8	8-6-6-6-6-5-6-7-5-6-7-6	6-6-7-6-6-6-8-2-6-3-6-8	6-8-5-6-7-6-6-6-7-7-6-6	8-6-5-8-7-8-6-6-7-7-3-6	8-8-7-7-8-7-4-8-7-1-6-5	7-6-6-6-6-5-4-6-2-5-5-7	4-7-7-6-6-2-4-6-4-7-6-4	7-6-1-7-7-2-6-6-8-1-7-2	5-7-3-3-4-1-7-6-7-5-4-7	1-8-6-5-5-3-6-5-3-5-6-3
316	8	8-7-6-6-8-7-7-8-7-6-6-7	7-8-8-6-8-8-6-8-8-8-6-7	8-8-8-6-8-8-8-7-5-8-7-8	6-8-8-8-8-8-7-8-7-8-8-7	6-6-8-8-8-8-7-8-8-8-6-6	7-8-8-7-8-7-8-8-8-8-8-7	7-8-8-8-7-8-4-7-8-8-8-8	8-3-8-7-8-5-7-2-2-5-7-8	7-7-8-8-2-8-8-6-8-4-6-8	6-6-8-8-8-2-8-4-5-8-7-8	8-8-4-8-5-1-7-8-1-7-8-8	8-7-5-1-7-8-8-8-8-8-2-8
317	0	0-0-0-0-0-0-0-0-0-0-0-0	0-0-0-0-0-0-0-0-0-0-0-0	0-0-0-0-0-0-0-0-0-0-0-0	0-0-0-0-0-0-0-0-0-0-0-0	0-0-0-0-0-0-0-0-0-0-0-0	0-0-0-0-0-0-0-0-0-0-0-0	0-0-0-0-0-0-0-0-0-0-0-0	0-0-0-0-0-0-0-0-0-0-0-0	0-0-0-0-0-0-0-0-0-0-0-0	0-0-0-0-0-0-0-0-0-0-0-0	0-0-0-0-0-0-0-0-0-0-0-0	0-0-0-0-0-0-0-0-0-0-0-0
317	1	1-1-2-1-1-1-1-1-1-1-1-1	2-1-1-3-0-1-2-1-2-2-1-2	1-2-2-2-2-2-2-2-0-2-1-1	2-0-0-2-2-3-2-3-1-0-2-1	2-0-2-2-0-1-2-2-1-0-2-2	3-2-2-4-0-3-2-2-1-1-0-2	3-3-1-0-2-0-1-2-1-1-3-2	1-3-8-2-2-1-0-2-2-0-0-1	4-0-2-2-8-2-0-2-0-1-2-2	0-2-1-0-2-4-2-1-2-0-2-2	2-1-0-1-0-1-0-0-0-2-2-1	2-2-3-2-0-2-2-0-7-0-3-1
317	2	2-2-1-2-1-2-2-2-1-1-1-1	1-3-2-1-0-1-1-3-1-1-1-3	0-1-1-1-1-1-3-4-1-4-3-2	1-1-2-1-1-1-1-1-3-2-3-0	1-0-1-1-0-3-3-1-3-0-1-1	1-1-1-1-2-1-3-1-2-2-6-1	4-1-2-2-1-1-1-1-2-3-1-1	2-1-3-3-1-1-2-1-1-4-0-3	2-0-1-1-2-5-0-1-3-2-1-3	0-3-2-3-1-3-1-1-3-2-3-1	1-1-0-2-4-5-0-2-0-3-1-1	3-1-1-8-1-1-1-0-6-0-1-1
317	3	3-3-3-3-3-2-3-3-3-1-1-1	1-5-4-1-3-3-1-2-1-1-1-2	0-3-1-1-5-1-4-5-4-6-4-4	1-4-4-3-1-1-5-1-4-4-2-0	1-0-1-4-1-2-4-3-4-0-1-1	1-1-4-1-3-1-4-1-3-3-5-1	4-1-5-0-1-0-4-4-3-2-6-1	3-1-2-2-1-0-5-1-1-3-4-2	3-0-4-2-5-2-3-4-7-3-2-2	0-2-3-4-4-2-4-3-2-2-2-1	2-1-8-3-4-3-0-4-4-2-4-3	2-1-1-4-3-1-1-0-1-4-1-1
317	4	5-4-5-4-3-2-4-4-5-4-5-5	5-3-3-1-3-5-5-7-5-1-5-5	5-5-5-5-4-5-5-5-3-5-3-5	5-5-4-4-5-5-3-4-3-3-3-6	1-6-4-3-5-5-5-5-3-5-5-8	5-5-2-5-3-1-3-1-3-3-2-5	3-1-3-6-5-5-3-3-3-4-5-3	2-1-3-5-1-5-3-5-5-6-5-2	5-7-6-5-1-4-4-3-8-5-8-6	4-5-3-3-3-1-3-3-5-5-5-1	2-6-5-1-3-8-0-4-5-5-5-4	4-5-4-3-5-5-1-4-1-4-1-1
317	5	4-6-4-5-6-5-5-5-4-4-4-4	4-7-6-1-3-4-4-3-4-6-4-4	7-4-4-4-6-4-4-6-8-7-6-6	4-4-4-4-4-4-3-1-6-7-6-4	1-6-4-3-4-6-6-4-6-7-4-5	4-4-2-4-3-1-6-1-5-5-3-4	6-1-3-4-4-4-6-6-5-5-4-6	5-8-7-4-1-4-6-4-4-6-4-2	4-0-4-4-3-6-4-4-5-4-4-6	4-4-3-6-6-6-1-3-4-4-4-1	7-6-4-3-8-2-0-6-4-4-4-5	7-4-4-4-4-4-1-8-7-6-5-7
317	6	7-5-8-8-5-6-6-6-8-8-7-7	4-5-5-6-7-7-1-4-7-5-8-7	6-7-7-7-7-4-7-5-4-5-5-5	7-5-4-7-7-7-5-7-5-5-5-7	7-4-4-7-4-7-7-7-5-5-7-7	7-4-7-7-3-7-7-6-3-5-2-5	5-1-2-4-5-4-5-5-5-5-7-5	6-7-7-7-7-5-5-4-4-4-7-6	5-4-4-7-6-5-5-5-3-5-7-5	4-7-4-5-7-5-7-6-4-4-7-1	5-4-7-3-3-6-7-7-7-7-5-5	5-7-7-7-7-4-7-4-2-6-7-5
317	7	8-8-6-6-5-8-8-8-8-7-6-8	4-5-5-6-7-6-6-4-6-6-6-8	8-8-6-8-6-4-6-5-5-5-7-6	6-4-7-6-6-6-8-6-6-5-6-6	6-4-6-6-4-6-6-6-6-5-6-6	6-8-6-8-7-8-6-6-3-7-3-7	8-1-3-4-8-7-3-8-7-5-6-6	7-6-6-6-6-4-3-3-4-5-6-0	7-7-7-6-6-0-4-6-3-3-6-5	4-6-4-6-6-1-6-7-8-0-6-1	5-7-6-3-3-7-7-4-6-6-3-7	5-6-7-6-6-5-6-5-1-7-6-5
317	8	8-7-6-6-8-7-7-8-7-6-6-7	6-5-8-6-8-8-6-8-8-8-6-7	8-8-8-8-8-8-8-7-8-8-7-8	6-8-8-8-8-8-7-8-7-8-8-4	1-4-8-8-8-8-7-8-8-8-7-4	7-8-8-7-8-7-8-8-8-8-8-7	7-8-8-8-8-8-8-8-8-5-4-8	8-8-1-8-8-8-8-1-4-4-5-8	4-8-8-7-1-8-8-3-8-5-6-5	4-8-8-8-8-1-8-7-7-8-3-8	2-8-3-3-5-7-0-3-8-7-8-8	5-8-8-2-6-8-8-8-8-8-1-8
318	0	0-0-0-0-0-0-0-0-0-0-0-0	0-0-0-0-0-0-0-0-0-0-0-0	0-0-0-0-0-0-0-0-0-0-0-0	0-0-0-0-0-0-0-0-0-0-0-0	0-0-0-0-0-0-0-0-0-0-0-0	0-0-0-0-0-0-0-0-0-0-0-0	0-0-0-0-0-0-0-0-0-0-0-0	0-0-0-0-0-0-0-0-0-0-0-0	0-0-0-0-0-0-0-0-0-0-0-0	0-0-0-0-0-0-0-0-0-0-0-0	0-0-0-0-0-0-0-0-0-0-0-0	0-0-0-0-0-0-0-0-0-0-0-0
318	1	1-1-1-1-1-1-1-1-1-1-1-1	2-1-0-2-0-0-0-2-0-1-1-0	0-1-0-2-3-0-2-0-0-2-2-2	2-0-0-3-3-2-0-4-1-0-1-0	4-0-1-0-2-2-2-2-1-1-3-2	2-0-2-4-0-3-2-3-1-1-0-4	2-1-1-0-2-1-1-2-1-1-0-2	1-1-4-2-4-0-1-8-1-0-0-0	0-0-2-2-4-3-0-2-2-1-1-1	0-2-0-0-2-4-2-1-2-0-0-4	0-4-0-0-0-1-0-0-0-1-1-1	0-2-1-2-0-1-1-0-3-2-1-4
318	2	2-2-2-2-2-2-2-2-2-2-2-2	1-2-2-1-3-3-0-3-3-1-1-3	3-1-0-1-1-1-3-0-3-4-3-1	1-2-3-1-1-1-3-1-3-2-3-0	1-0-1-1-1-1-3-1-2-2-1-1	1-0-3-0-2-1-3-1-2-2-2-2	4-1-2-5-1-2-0-1-2-2-5-1	2-2-5-3-2-0-1-3-2-3-4-0	2-0-1-1-0-0-5-1-3-2-1-2	0-1-2-2-1-1-1-2-3-2-0-1	3-1-2-7-4-2-0-0-0-1-1-2	0-1-1-3-0-2-3-0-1-1-3-3
318	3	3-3-3-3-5-4-3-3-3-3-3-3	1-5-3-1-2-2-0-4-2-3-1-4	2-3-0-1-1-1-4-0-2-4-4-4	1-4-4-1-1-1-2-1-4-5-2-0	1-0-1-3-1-1-4-3-4-1-1-1	1-1-2-0-3-1-4-1-3-3-5-2	2-1-3-3-4-2-4-4-3-2-5-1	3-3-1-2-3-4-1-4-3-3-3-0	3-0-4-1-3-1-3-1-7-3-1-3	0-1-3-4-4-1-4-3-2-3-4-1	2-1-8-8-0-0-0-7-4-2-1-1	5-5-1-2-0-3-2-0-1-4-2-2
318	4	3-5-3-3-3-3-4-3-3-5-3-3	4-3-3-1-3-5-5-3-2-4-5-3	7-5-5-1-3-5-3-5-5-4-3-3	5-5-3-4-1-1-6-1-3-3-3-6	1-7-5-4-5-1-3-4-3-4-4-8	7-4-3-4-4-6-3-1-3-3-2-1	2-1-3-6-3-4-3-3-3-4-8-4	3-1-1-4-1-7-1-3-4-4-2-0	4-4-3-1-1-4-7-4-3-4-1-4	8-6-4-5-3-1-3-3-4-5-3-1	7-1-4-5-2-8-7-7-7-8-4-4	3-4-8-6-0-4-4-0-4-3-1-1
318	5	6-5-6-6-6-6-5-7-6-6-6-6	6-3-3-7-6-6-6-5-6-6-6-7	5-6-6-6-7-4-6-7-7-6-6-7	6-4-6-7-7-7-7-7-6-3-6-4	7-4-6-7-4-5-6-6-3-5-6-6	5-7-6-8-4-4-6-6-3-5-2-6	7-6-2-4-6-5-4-7-3-2-7-6	3-7-7-6-7-4-8-7-7-4-7-5	8-0-4-6-5-5-2-6-3-6-7-3	8-7-4-4-8-8-6-3-6-4-7-5	2-5-6-4-8-4-5-2-5-7-4-4	3-7-5-8-7-4-6-0-2-5-8-1
318	6	5-8-5-5-5-6-5-6-5-5-5-5	5-7-7-5-5-5-5-5-5-5-5-5	0-5-5-5-5-4-7-5-5-5-7-5	5-4-5-5-5-5-7-5-5-7-5-4	5-5-5-5-4-7-7-5-7-6-5-5	5-5-5-8-6-4-7-5-6-6-2-5	5-5-7-4-5-6-7-7-6-6-5-5	3-5-0-5-5-4-7-5-5-6-5-8	2-0-7-5-6-5-7-5-6-5-5-5	7-4-8-8-7-5-5-3-5-7-8-1	7-5-7-6-8-4-8-0-8-4-4-6	7-5-4-4-7-4-7-0-7-5-7-1
318	7	5-8-5-5-5-8-5-5-5-5-5-5	8-6-6-5-7-5-5-5-5-5-5-5	4-5-5-5-5-4-6-5-5-6-6-5	5-4-7-5-5-5-8-5-6-6-6-8	5-4-5-5-4-6-8-5-6-7-5-5	5-5-5-8-7-8-6-5-7-7-2-5	8-1-6-4-6-7-6-6-7-6-5-5	7-5-5-6-5-4-8-5-5-6-5-0	4-7-6-5-7-5-6-5-8-3-5-3	5-1-4-8-6-5-5-2-8-6-7-1	6-7-6-7-2-7-4-4-4-5-6-7	6-8-8-7-7-7-6-0-6-5-6-1
318	8	8-6-5-5-8-7-7-8-5-5-5-7	5-6-8-5-8-8-5-8-8-8-5-7	8-8-8-5-8-8-8-7-5-8-7-8	7-8-8-8-8-5-7-8-7-8-8-7	5-5-8-8-8-6-7-8-8-8-5-5	8-5-5-7-8-7-8-8-8-8-2-8	7-8-8-8-8-8-8-8-8-8-5-8	8-6-8-7-8-5-7-5-5-6-4-8	7-8-8-8-5-8-8-4-7-5-8-3	5-8-6-7-8-5-8-3-7-8-7-8	6-8-5-3-5-4-6-8-6-4-8-8	8-7-7-5-6-8-8-8-8-8-5-1
319	0	0-0-0-0-0-0-0-0-0-0-0-0	0-0-0-0-0-0-0-0-0-0-0-0	0-0-0-0-0-0-0-0-0-0-0-0	0-0-0-0-0-0-0-0-0-0-0-0	0-0-0-0-0-0-0-0-0-0-0-0	0-0-0-0-0-0-0-0-0-0-0-0	0-0-0-0-0-0-0-0-0-0-0-0	0-0-0-0-0-0-0-0-0-0-0-0	0-0-0-0-0-0-0-0-0-0-0-0	0-0-0-0-0-0-0-0-0-0-0-0	0-0-0-0-0-0-0-0-0-0-0-0	0-0-0-0-0-0-0-0-0-0-0-0
319	1	1-1-1-1-1-1-1-1-1-1-1-2	0-2-2-0-0-2-0-1-1-1-0-0	1-0-0-0-0-0-2-0-0-1-2-0	0-0-2-0-0-0-0-1-2-1-2-1	2-0-0-0-0-1-2-0-2-0-0-0	0-0-0-0-0-0-2-0-2-1-0-0	0-1-1-0-0-1-0-0-1-3-0-0	1-0-0-0-1-0-2-0-0-0-0-0	1-0-2-0-0-0-3-0-2-0-0-0	0-0-1-0-0-0-2-1-0-0-0-1	0-0-1-1-1-1-0-0-2-1-0-2	0-0-1-1-0-1-0-0-0-1-0-0
319	2	2-1-2-1-2-2-2-1-2-2-2-3	3-1-1-3-0-1-4-3-3-3-3-3	0-3-0-3-3-2-3-3-3-3-1-3	3-0-3-3-4-4-1-3-2-1-1-2	4-1-3-3-0-1-3-3-1-3-4-3	3-4-3-2-2-4-3-0-1-2-0-4	4-4-1-2-3-4-2-3-0-2-2-3	1-4-3-3-3-3-1-0-2-0-0-0	2-0-3-3-2-4-0-3-1-0-3-3	3-2-2-3-3-2-3-1-3-0-3-3	3-2-6-0-4-2-2-0-3-2-3-1	2-3-4-4-3-2-2-0-5-2-2-2
319	3	3-3-2-3-3-3-3-3-2-2-3-2	2-5-3-2-4-4-2-4-2-2-2-4	4-2-4-2-2-2-4-2-4-2-4-2	2-4-2-2-2-2-4-2-4-3-4-2	2-0-2-2-0-4-4-2-4-0-2-2	2-2-4-2-3-2-4-4-3-3-3-2	2-2-3-2-2-2-8-2-3-4-5-2	3-2-2-4-2-2-3-5-3-4-4-5	2-2-4-2-4-2-1-2-4-3-2-2	2-4-3-7-2-2-2-4-4-3-4-2	4-3-4-4-9-2-0-4-2-2-2-4	4-2-2-3-2-4-2-2-2-4-3-1
319	4	4-4-2-4-4-3-4-4-4-4-3-2	2-5-5-2-3-4-2-3-3-2-2-5	3-2-3-2-2-5-3-6-3-5-3-5	2-3-5-2-2-2-4-2-5-5-5-2	2-0-2-4-2-3-3-4-5-5-2-2	5-5-3-2-4-2-5-3-6-4-5-2	2-2-4-6-3-2-4-2-4-3-6-5	3-2-2-3-2-0-8-7-7-3-4-0	4-0-3-2-3-6-6-5-8-8-3-3	2-3-6-5-5-5-5-4-3-0-5-2	3-3-4-3-5-5-2-3-0-2-2-3	3-2-2-3-5-3-3-5-2-5-3-4
319	5	7-5-6-6-5-5-5-6-6-6-6-6	6-4-4-6-6-5-6-5-6-6-6-6	5-6-6-5-5-6-6-5-6-6-7-5	6-5-4-6-2-6-6-5-4-4-4-5	5-9-5-4-7-4-6-6-4-5-5-5	5-6-3-5-8-9-4-4-4-4-4-6	6-6-5-5-5-5-4-5-4-3-9-4	3-4-5-4-2-6-4-6-6-7-6-6	6-7-7-6-4-7-7-6-4-6-4-2	7-6-5-4-4-4-4-4-7-7-7-4	7-7-6-9-6-6-7-6-7-5-4-5	6-6-5-7-7-6-2-9-6-4-6-5
319	6	5-6-7-5-7-8-8-5-5-5-5-5	5-7-6-5-7-5-5-7-5-5-5-5	8-5-7-9-7-7-5-7-7-7-5-7	7-6-7-7-7-5-5-2-7-7-7-5	8-5-7-4-5-7-7-6-7-7-8-5	5-5-7-5-5-5-7-7-7-6-4-6	7-5-7-5-7-6-8-7-6-8-7-4	6-2-5-7-7-5-4-7-5-8-5-5	5-5-6-5-7-7-5-5-5-5-6-6	5-5-4-6-5-7-5-6-5-5-5-6	5-9-9-3-5-5-6-5-5-6-7-6	5-5-7-5-5-5-8-8-5-5-5-6
319	7	5-6-6-9-6-6-6-5-5-6-6-5	5-6-6-8-6-5-8-6-5-5-5-5	7-8-6-8-8-6-8-6-6-6-5-6	8-5-6-8-8-8-6-8-6-6-8-5	8-5-6-8-5-6-8-8-6-6-6-8	6-5-6-2-5-5-6-6-6-6-0-8	6-6-6-5-6-7-6-6-6-6-8-7	6-8-6-8-8-5-9-8-5-5-8-5	6-5-6-8-8-6-5-8-6-4-8-2	5-9-5-6-8-6-6-4-5-5-5-6	5-7-6-6-5-6-5-5-5-7-6-7	5-5-6-8-5-5-6-6-8-7-7-4
319	8	5-6-6-5-6-6-6-5-5-5-5-9	6-6-6-7-6-5-7-7-5-5-7-9	6-7-7-7-7-8-7-6-6-6-8-6	7-8-8-7-7-7-5-7-6-6-7-5	6-5-9-7-8-7-7-7-8-8-6-7	9-9-7-9-5-5-8-6-8-6-4-8	9-6-6-8-9-8-6-9-8-6-7-4	6-7-2-7-7-9-4-7-9-6-7-8	8-5-6-8-7-6-5-8-4-4-7-0	8-8-5-3-7-6-6-8-9-5-5-8	4-8-8-6-9-8-8-8-6-8-6-8	3-9-6-8-8-8-6-6-7-8-7-8
319	9	9-8-7-7-9-9-6-9-5-6-6-8	8-6-9-7-9-6-7-9-9-9-7-8	9-8-9-6-9-8-8-6-8-9-9-9	7-9-9-9-9-9-8-9-6-9-9-5	7-5-9-9-9-9-8-9-9-9-6-7	8-9-9-8-9-5-9-9-9-9-9-9	8-9-9-5-8-9-9-9-9-9-5-6	9-9-9-8-9-8-8-7-8-6-6-5	8-9-9-8-7-9-9-8-9-6-7-7	8-7-9-9-9-6-9-4-8-9-5-9	3-6-9-5-6-6-6-5-9-8-9-8	5-8-5-6-5-9-9-5-9-9-8-9
320	0	0-0-0-0-0-0-0-0-0-0-0-0	0-0-0-0-0-0-0-0-0-0-0-0	0-0-0-0-0-0-0-0-0-0-0-0	0-0-0-0-0-0-0-0-0-0-0-0	0-0-0-0-0-0-0-0-0-0-0-0	0-0-0-0-0-0-0-0-0-0-0-0	0-0-0-0-0-0-0-0-0-0-0-0	0-0-0-0-0-0-0-0-0-0-0-0	0-0-0-0-0-0-0-0-0-0-0-0	0-0-0-0-0-0-0-0-0-0-0-0	0-0-0-0-0-0-0-0-0-0-0-0	0-0-0-0-0-0-0-0-0-0-0-0
320	1	1-1-1-1-1-1-1-1-1-1-1-2	0-2-1-0-0-2-0-1-1-1-0-0	0-0-0-0-0-0-2-3-0-0-2-0	0-0-2-0-1-0-2-1-2-1-2-1	2-0-1-0-0-1-2-0-2-2-0-0	0-2-0-0-0-0-2-0-2-1-4-0	2-1-1-0-2-1-0-0-1-1-4-1	4-1-1-0-1-0-2-1-0-1-0-0	0-0-4-0-0-1-1-0-2-2-0-0	0-0-1-2-1-0-2-1-0-0-0-0	4-0-0-0-1-0-4-0-4-0-2-2	0-1-0-2-0-1-0-0-0-0-1-1
320	2	2-1-3-1-2-2-2-1-2-2-3-3	3-1-1-3-0-1-3-3-3-1-3-3	0-3-4-4-3-4-3-4-0-3-1-3	3-3-3-3-3-3-1-3-2-1-1-4	3-1-4-3-0-3-3-3-1-1-3-3	3-1-3-2-2-3-3-3-1-1-1-4	3-1-1-0-3-0-3-3-1-2-6-3	1-4-2-3-2-0-1-2-4-1-0-0	0-0-3-3-4-3-0-3-1-1-3-6	0-3-2-1-3-4-3-1-3-0-0-3	3-2-0-1-1-0-0-6-0-2-3-1	2-3-3-3-0-3-3-0-0-0-2-4
320	3	3-3-2-3-3-3-3-3-3-2-2-2	2-4-4-2-4-4-2-4-4-2-2-2	2-2-2-2-2-2-4-1-4-5-4-2	2-4-2-2-2-2-4-2-4-4-4-2	2-5-5-2-4-2-4-2-3-3-2-2	2-3-4-2-3-2-4-2-5-3-5-2	2-1-3-3-2-3-4-2-3-3-2-4	3-2-2-4-2-0-3-4-3-3-3-0	3-0-2-2-3-2-5-4-6-3-2-5	0-2-3-5-2-2-4-3-2-4-4-2	2-2-1-4-7-4-0-0-0-2-2-3	5-2-2-2-6-2-2-3-0-4-6-3
320	4	3-3-2-3-3-3-4-3-4-4-5-3	4-3-3-2-3-4-5-6-4-4-5-5	6-2-5-2-3-2-3-5-3-5-3-3	5-5-5-2-4-5-4-5-3-5-3-2	1-6-2-4-6-3-3-4-4-4-3-7	3-5-3-0-4-6-3-2-4-3-3-2	4-2-3-4-5-0-3-5-3-4-1-3	1-2-5-3-2-5-3-3-2-4-5-6	6-4-5-2-2-5-5-3-3-4-2-4	5-5-6-5-3-2-3-1-5-5-5-2	5-2-5-3-5-7-6-5-5-7-2-4	4-2-6-5-5-5-2-6-5-6-4-2
320	5	6-5-6-5-6-6-7-6-7-6-5-6	4-3-3-6-6-6-4-5-6-6-6-6	5-6-4-6-6-6-6-6-6-6-5-6	6-4-4-6-6-6-6-6-6-4-6-5	6-4-6-6-5-6-6-6-4-5-6-6	6-4-6-6-4-7-6-6-3-5-3-6	6-5-5-7-4-5-6-6-3-7-6-6	5-6-4-6-6-4-3-5-5-4-4-4	4-7-4-6-7-5-4-6-3-4-6-3	6-6-5-4-6-5-6-3-4-4-4-6	4-5-4-3-6-4-4-4-4-6-6-5	3-6-5-6-4-4-6-4-6-4-3-7
320	6	5-7-5-5-5-7-5-5-5-5-5-7	4-3-5-5-6-5-5-4-5-5-5-5	4-5-5-5-5-5-5-5-5-5-6-5	5-5-6-5-5-5-5-5-5-3-5-7	5-4-5-5-6-5-7-5-6-6-5-5	5-6-5-7-4-4-5-5-6-6-3-5	7-5-3-6-6-6-6-5-6-5-5-5	6-5-2-5-5-6-3-5-7-6-5-4	4-6-6-5-6-5-4-5-3-4-5-2	5-5-4-7-5-5-5-3-7-4-6-5	5-6-4-6-5-4-4-4-4-5-6-6	3-5-7-6-3-4-5-4-5-4-3-5
320	7	7-6-5-5-7-6-5-7-5-5-5-6	4-7-7-5-7-5-5-7-5-7-5-6	7-7-5-5-7-7-5-5-5-7-5-7	6-7-7-7-7-7-6-7-6-7-7-6	5-4-7-7-7-7-6-7-7-7-2-4	5-7-6-6-7-5-6-7-7-7-7-6	6-7-7-5-5-7-7-7-7-5-5-7	7-5-7-6-7-5-6-5-6-5-5-5	5-6-7-6-5-7-7-4-7-4-5-2	5-4-7-7-7-7-5-5-6-7-4-7	4-2-0-4-3-4-4-4-4-6-7-7	7-6-6-3-0-7-7-4-7-7-5-5
321	0	0-0-0-0-0-0-0-0-0-0-0-0	0-0-0-0-0-0-0-0-0-0-0-0	0-0-0-0-0-0-0-0-0-0-0-0	0-0-0-0-0-0-0-0-0-0-0-0	0-0-0-0-0-0-0-0-0-0-0-0	0-0-0-0-0-0-0-0-0-0-0-0	0-0-0-0-0-0-0-0-0-0-0-0	0-0-0-0-0-0-0-0-0-0-0-0	0-0-0-0-0-0-0-0-0-0-0-0	0-0-0-0-0-0-0-0-0-0-0-0	0-0-0-0-0-0-0-0-0-0-0-0	0-0-0-0-0-0-0-0-0-0-0-0
321	1	1-1-1-1-1-1-1-1-1-1-1-1	2-0-0-1-0-0-0-2-0-1-0-2	0-2-0-2-3-2-2-0-0-2-1-2	3-0-1-3-3-3-0-8-1-0-1-0	1-0-0-0-0-1-2-2-1-3-5-0	2-0-2-0-0-3-2-1-1-1-0-3	3-3-1-0-2-1-1-2-1-1-0-2	1-1-3-2-1-1-2-9-1-0-0-2	1-0-2-2-4-0-0-2-0-1-1-1	4-2-0-2-2-4-2-2-2-0-0-4	3-1-0-0-1-1-0-0-0-1-2-2	0-1-1-1-3-1-1-0-2-1-1-1
321	2	2-2-2-2-2-2-2-2-2-2-2-2	1-2-2-1-0-2-0-3-3-1-0-1	3-1-0-1-1-1-3-3-0-1-3-3	1-2-3-1-1-1-4-2-3-2-3-0	2-0-0-1-1-3-3-1-2-1-0-0	1-0-3-3-2-1-3-1-2-2-3-2	3-1-2-4-1-1-1-1-2-2-4-1	2-2-1-3-2-4-1-1-3-2-3-1	3-0-3-1-2-1-2-1-3-2-3-5	0-1-2-3-1-1-4-2-3-2-3-1	4-5-3-3-3-1-0-2-4-1-1-1	0-1-1-2-3-1-3-0-1-3-4-8
321	3	3-3-2-3-2-3-3-3-3-3-3-3	3-4-4-1-4-4-1-2-3-3-0-3	2-3-0-1-1-1-2-4-0-1-4-6	1-0-4-1-1-1-5-1-4-3-2-0	3-0-3-4-1-2-4-3-4-1-1-1	1-0-2-2-3-1-4-1-3-3-5-1	1-1-3-2-1-5-4-4-3-3-4-4	2-4-1-2-2-4-8-3-2-3-3-0	2-0-2-1-3-4-3-4-8-3-2-4	0-1-3-2-2-1-4-8-2-3-9-1	2-1-2-2-2-1-3-3-2-2-1-1	3-1-1-2-1-1-2-3-1-2-5-1
321	4	5-3-5-7-2-3-4-3-4-4-5-5	5-3-3-5-5-3-5-4-5-4-5-5	6-5-5-6-5-5-5-5-5-5-3-5	5-7-5-5-1-5-3-6-3-6-5-6	1-5-5-3-6-2-5-5-3-5-8-5	5-5-4-5-4-1-5-1-2-3-3-5	5-5-1-5-5-4-3-3-3-1-2-3	4-3-7-5-4-5-3-6-8-4-5-4	3-5-5-5-1-5-5-5-3-4-1-4	5-5-3-5-5-1-2-3-5-5-4-1	5-1-4-2-5-4-5-4-5-4-5-4	5-5-4-4-5-5-1-4-5-5-2-1
321	5	4-6-4-4-6-5-5-5-3-5-4-4	4-6-6-4-4-4-4-6-4-4-4-4	4-4-4-4-4-4-6-4-7-4-6-5	4-4-4-4-4-4-3-1-6-4-6-4	1-4-4-3-4-5-6-4-6-4-1-4	4-4-3-4-4-1-4-5-5-5-3-4	4-4-5-4-4-5-5-4-5-2-4-5	5-3-4-4-5-4-5-6-4-5-4-3	5-4-4-4-3-4-4-4-7-4-1-2	4-4-5-4-4-1-2-5-4-4-4-1	4-2-8-8-8-4-4-3-4-4-4-2	4-4-4-4-4-4-2-9-4-8-3-4
321	6	8-5-7-8-6-5-6-6-7-6-6-7	6-5-5-7-7-7-9-4-7-7-7-7	4-7-8-4-7-9-7-8-7-7-5-7	7-4-4-7-7-8-5-4-5-4-6-4	8-4-4-3-4-5-7-7-6-7-8-7	7-4-7-6-4-1-7-6-5-5-3-7	7-1-5-6-7-6-5-7-5-2-8-7	4-6-4-6-7-4-3-8-6-3-8-0	6-4-7-7-8-6-4-7-3-5-6-7	4-8-6-4-3-6-2-9-7-4-8-1	4-6-6-5-7-7-4-6-8-6-7-6	2-7-7-8-8-1-6-7-6-6-6-7
321	7	6-9-6-9-7-7-6-7-6-6-7-6	6-9-8-6-6-6-4-8-6-6-6-6	4-6-6-4-6-6-8-8-6-6-8-6	6-4-4-6-6-6-8-4-8-6-8-4	6-0-4-3-4-8-8-6-7-6-4-6	6-6-6-6-4-1-6-7-7-7-8-6	6-4-5-6-6-7-8-6-7-7-6-6	5-8-4-8-6-4-5-6-6-3-6-0	7-4-6-6-7-6-8-6-5-3-7-6	9-6-7-6-8-6-8-3-6-4-5-1	8-6-6-9-9-6-9-6-4-4-6-6	8-6-4-6-6-0-6-6-6-8-6-6
321	8	6-7-6-6-7-9-9-4-9-8-8-9	8-7-7-6-6-9-4-7-9-8-6-9	7-8-6-9-6-8-7-9-9-8-7-7	6-8-8-6-6-6-7-6-7-4-7-4	6-0-5-4-4-7-7-6-7-8-4-8	9-4-7-6-4-9-7-7-8-7-7-7	9-1-5-6-9-8-7-0-8-9-6-6	8-7-4-7-6-8-3-6-4-3-6-8	8-4-6-6-6-6-7-8-3-4-7-4	9-6-8-2-4-1-7-3-9-4-6-1	2-8-5-5-5-8-8-4-6-8-8-8	7-6-4-6-6-8-8-4-6-5-6-2
321	9	9-7-6-7-9-9-8-9-8-6-8-8	8-7-9-6-9-9-6-9-9-9-6-8	9-8-9-6-9-6-8-8-8-9-9-9	8-9-9-9-9-9-8-9-8-9-9-4	9-9-9-9-9-9-8-9-9-9-1-9	8-9-9-8-9-8-9-9-9-9-3-9	8-9-9-9-8-9-9-9-9-9-8-6	9-9-9-8-9-9-8-1-8-4-5-8	8-9-9-9-1-9-9-8-9-9-7-9	8-9-9-9-9-1-9-6-8-9-3-9	9-9-9-7-4-8-9-9-9-8-9-9	9-3-4-5-6-9-9-9-9-9-8-9
322	0	0-0-0-0-0-0-0-0-0-0-0-0	0-0-0-0-0-0-0-0-0-0-0-0	0-0-0-0-0-0-0-0-0-0-0-0	0-0-0-0-0-0-0-0-0-0-0-0	0-0-0-0-0-0-0-0-0-0-0-0	0-0-0-0-0-0-0-0-0-0-0-0	0-0-0-0-0-0-0-0-0-0-0-0	0-0-0-0-0-0-0-0-0-0-0-0	0-0-0-0-0-0-0-0-0-0-0-0	0-0-0-0-0-0-0-0-0-0-0-0	0-0-0-0-0-0-0-0-0-0-0-0	0-0-0-0-0-0-0-0-0-0-0-0
322	1	1-1-1-2-1-1-1-1-1-2-1-2	2-2-1-1-3-2-2-2-2-2-2-2	1-2-3-3-2-2-2-2-2-2-2-2	2-1-2-3-1-0-2-1-2-2-2-1	2-3-1-3-1-1-2-1-2-2-4-1	4-2-2-2-2-2-2-2-2-1-4-2	1-1-1-1-2-1-0-2-1-1-1-4	1-1-2-1-1-2-2-1-1-1-1-3	1-1-1-1-1-2-1-1-2-1-1-2	3-1-1-2-1-1-2-1-2-1-3-1	1-7-4-2-1-7-2-1-2-1-2-2	2-1-1-1-1-1-1-2-1-1-1-2
322	2	1-1-2-2-1-1-1-1-1-1-1-1	1-1-1-2-1-1-1-1-1-1-1-1	1-3-1-4-3-1-3-1-1-1-1-1	3-0-1-1-3-3-1-2-1-1-1-1	1-0-4-3-1-1-3-3-1-1-1-3	1-4-3-1-1-4-3-1-1-1-0-1	3-4-1-2-3-2-1-1-2-1-3-3	1-2-2-3-3-1-1-7-3-1-1-0	2-0-3-3-4-7-1-3-1-2-2-1	1-2-1-1-3-2-3-1-3-1-1-4	1-2-0-1-1-1-1-1-1-3-1-1	1-2-3-1-1-1-3-1-2-2-2-1
322	3	1-4-1-1-1-1-1-1-1-1-1-2	1-4-3-2-1-1-1-3-1-1-2-1	2-2-1-1-2-1-4-2-1-5-4-4	2-4-3-1-2-2-6-2-3-3-4-1	2-1-5-1-2-3-4-2-3-1-1-2	2-2-4-0-3-2-4-1-3-3-6-3	2-2-3-5-2-3-4-2-3-1-2-2	1-2-2-2-2-1-6-2-2-1-1-1	1-3-2-2-3-1-3-2-1-3-2-4	1-2-3-1-2-2-2-1-2-4-1-2	1-2-7-3-6-1-0-0-1-2-2-1	1-2-2-1-1-3-2-0-6-3-6-6
322	4	4-3-7-6-4-4-1-5-1-1-4-6	4-3-3-5-1-1-4-6-1-1-5-4	7-5-5-2-5-1-3-4-5-2-3-3	4-4-5-4-2-2-7-2-3-3-5-4	2-6-2-4-5-3-3-4-6-1-1-1	1-2-3-4-1-2-3-2-1-1-1-5	4-2-3-7-5-1-3-5-2-1-4-1	1-3-6-3-2-5-3-2-2-4-5-4	7-6-5-2-2-1-7-2-1-4-2-3	5-7-3-5-3-2-1-1-5-3-5-2	1-2-5-5-5-1-6-6-7-1-5-4	1-2-4-1-4-1-3-5-5-3-2-2
322	5	6-5-6-6-6-6-7-6-7-7-6-6	4-3-6-4-6-6-4-6-6-6-6-6	5-6-6-6-6-6-6-6-6-6-4-5	6-5-4-6-6-6-6-6-6-5-6-5	6-4-6-6-6-6-6-6-4-6-6-6	5-5-6-6-5-7-6-6-6-5-3-4	6-6-5-3-4-5-3-4-5-5-6-7	4-6-4-6-6-7-7-6-4-4-6-7	4-4-4-5-6-6-4-6-1-6-6-4	4-6-5-4-6-1-6-1-4-6-4-2	6-6-4-4-7-1-4-4-6-1-4-5	1-3-5-6-6-1-5-4-4-6-6-1
322	6	5-5-5-5-5-5-5-5-5-5-5-5	5-3-5-5-5-5-5-5-5-5-5-5	4-5-5-5-5-5-5-5-7-5-6-5	5-6-6-5-5-5-6-5-5-6-5-4	5-4-5-5-6-5-5-5-4-5-5-5	5-5-5-7-4-7-5-5-6-6-3-6	7-5-3-6-7-6-3-5-6-5-5-6	6-5-4-5-5-7-3-5-4-4-5-4	6-4-6-6-5-5-6-6-1-5-5-5	6-6-6-6-6-2-5-1-7-6-5-2	5-6-4-3-3-1-4-4-5-6-6-6	1-7-6-6-6-1-6-4-3-5-5-3
322	7	7-5-5-5-7-5-5-7-5-5-5-6	5-7-7-4-7-5-4-7-5-7-5-5	7-7-7-5-7-5-6-6-6-7-5-7	5-7-7-7-7-7-6-7-7-7-7-4	5-4-7-7-7-7-6-7-7-7-5-7	6-7-5-6-7-6-7-7-7-7-3-7	6-7-7-7-6-7-3-7-7-7-5-5	7-3-7-6-5-5-6-2-2-4-5-5	6-4-7-6-2-7-7-6-7-3-5-5	5-4-7-7-7-2-7-5-6-7-5-7	5-1-3-7-5-1-4-4-4-6-7-7	7-6-6-1-6-7-7-4-7-7-2-7
323	0	0-0-0-0-0-0-0-0-0-0-0-0	0-0-0-0-0-0-0-0-0-0-0-0	0-0-0-0-0-0-0-0-0-0-0-0	0-0-0-0-0-0-0-0-0-0-0-0	0-0-0-0-0-0-0-0-0-0-0-0	0-0-0-0-0-0-0-0-0-0-0-0	0-0-0-0-0-0-0-0-0-0-0-0	0-0-0-0-0-0-0-0-0-0-0-0	0-0-0-0-0-0-0-0-0-0-0-0	0-0-0-0-0-0-0-0-0-0-0-0	0-0-0-0-0-0-0-0-0-0-0-0	0-0-0-0-0-0-0-0-0-0-0-0
323	1	1-1-1-1-1-1-1-2-1-1-2-1	1-2-1-2-2-2-2-2-2-2-2-2	1-2-2-1-2-2-2-2-2-2-3-2	2-1-2-4-1-0-2-1-2-2-2-2	2-2-1-2-1-1-2-1-2-1-4-1	2-2-2-2-2-2-2-2-2-1-3-0	3-1-1-1-2-4-0-4-2-1-3-4	1-1-3-1-1-2-2-1-1-2-3-3	3-0-2-0-2-0-1-0-2-1-1-1	3-1-2-2-1-3-2-1-2-2-2-1	3-2-3-0-2-1-1-3-3-1-2-2	2-1-1-2-3-1-1-2-3-1-1-3
323	2	1-1-1-1-1-1-1-1-1-1-1-1	1-1-1-3-1-1-3-1-1-1-3-1	0-3-1-1-3-1-1-1-1-1-1-3	3-3-1-4-4-3-1-4-1-1-1-1	4-1-4-1-1-3-3-3-1-1-1-4	1-4-3-1-1-4-3-1-1-1-0-4	1-4-1-0-3-2-1-1-1-2-4-1	1-4-2-3-2-1-1-9-2-1-1-0	2-0-3-4-9-2-1-3-1-2-3-2	1-4-1-1-3-2-3-1-3-1-1-4	4-1-1-0-1-2-0-0-1-2-1-1	1-2-2-1-1-1-3-1-5-4-2-1
323	3	1-3-1-1-1-1-1-3-1-1-1-1	1-3-3-2-1-1-2-4-1-1-2-2	1-2-2-1-2-1-4-2-1-2-4-2	2-2-3-2-2-2-1-2-4-3-4-1	2-1-2-1-2-4-4-2-4-3-1-2	2-2-4-0-3-2-2-2-3-3-7-2	1-1-1-1-2-3-4-2-1-3-1-1	1-1-1-4-2-1-3-1-2-4-1-1	1-1-2-2-3-2-1-2-1-3-2-3	1-2-3-4-2-1-4-3-2-1-0-2	1-4-1-4-1-1-1-1-1-5-1-4	4-2-2-1-1-1-2-1-1-3-3-1
323	4	3-4-1-4-4-1-1-4-1-1-1-1	1-5-4-2-1-1-1-3-1-1-2-3	1-4-1-1-2-1-3-4-1-5-3-5	2-5-3-1-2-2-1-2-3-5-5-1	2-1-2-7-2-3-3-4-5-1-1-2	5-2-3-0-4-2-5-1-4-4-6-2	3-2-4-0-3-1-7-1-4-1-2-5	8-2-2-3-2-1-7-5-2-4-1-5	1-0-3-2-3-2-8-2-8-4-3-3	0-2-4-5-5-7-3-6-3-1-5-2	3-4-7-5-1-5-0-3-1-2-5-3	3-2-2-4-1-3-2-5-2-3-2-4
323	5	6-5-6-6-6-6-6-6-6-6-6-6	6-4-6-5-6-6-6-5-6-6-6-6	5-6-7-5-5-6-5-5-6-4-6-5	5-5-6-5-5-6-6-5-5-5-4-5	5-9-5-4-7-4-5-5-4-5-5-5	5-6-3-5-8-7-4-7-7-3-4-7	7-6-5-6-5-7-4-6-5-5-5-4	4-5-6-6-5-6-5-6-6-7-6-5	5-7-5-6-4-5-7-4-4-6-5-4	5-2-5-4-4-5-6-5-6-7-6-2	4-6-5-6-6-6-5-1-6-3-4-1	8-4-5-6-6-6-5-4-2-6-5-6
323	6	5-7-5-5-5-7-8-5-5-5-7-5	5-7-7-5-8-9-5-7-5-5-5-7	6-5-7-7-7-7-7-7-7-7-9-7	7-6-7-6-7-5-7-5-7-8-7-5	8-5-7-8-5-6-7-6-7-7-8-5	7-7-7-5-7-5-7-7-7-6-4-5	9-7-6-5-7-6-7-7-7-7-2-7	6-6-5-5-7-5-5-8-5-8-5-5	6-5-7-6-7-5-5-6-7-7-5-6	7-2-7-7-7-8-5-5-5-5-7-7	6-7-5-5-9-9-5-6-5-6-7-7	8-6-6-5-5-7-7-7-6-5-5-7
323	7	5-6-6-8-6-6-6-5-5-6-6-6	6-6-6-8-6-6-6-6-5-6-5-6	7-8-6-6-8-6-8-6-6-6-5-6	8-6-6-8-8-8-6-8-6-6-8-6	8-5-9-4-5-8-8-8-6-6-6-8	6-6-8-7-5-5-6-6-6-6-3-8	5-6-6-5-6-5-4-6-6-6-8-6	6-8-6-8-8-5-9-9-5-5-8-6	9-5-6-7-6-2-5-8-6-6-8-9	6-7-6-6-8-8-8-4-9-5-8-8	6-6-4-5-6-7-5-8-5-7-6-6	6-7-7-7-8-6-6-6-8-7-7-6
323	8	5-6-6-7-6-6-6-5-5-6-6-9	6-6-5-7-6-6-7-7-7-5-5-6	9-7-6-6-7-8-7-6-6-6-7-6	7-8-8-7-7-7-6-7-6-6-7-7	7-5-7-7-8-7-7-7-8-8-6-7	6-6-7-6-5-5-8-8-8-8-3-8	7-6-6-8-9-8-4-7-8-6-7-8	8-7-6-7-7-5-4-6-9-6-7-8	8-5-8-8-6-6-8-7-6-6-7-6	8-8-6-6-7-9-7-6-9-5-7-7	7-6-8-6-6-6-8-8-5-8-6-8	6-9-7-8-7-8-8-6-7-7-8-8
323	9	9-6-7-7-6-6-6-9-5-5-6-8	6-9-9-7-9-6-7-6-5-9-7-8	9-8-9-6-9-6-8-6-6-9-6-9	7-9-6-9-9-9-6-9-8-9-9-5	6-5-9-9-9-9-8-9-9-6-7-7	6-9-9-8-9-5-9-9-9-9-9-8	6-9-9-5-8-9-9-9-9-9-8-6	9-9-9-8-9-5-7-7-8-6-6-5	7-9-9-8-2-9-9-7-6-6-7-7	8-9-6-9-9-8-9-5-7-9-6-9	7-6-9-9-6-6-8-6-6-6-9-8	6-8-6-6-7-9-9-6-9-9-7-9
324	0	0-0-0-0-0-0-0-0-0-0-0-0	0-0-0-0-0-0-0-0-0-0-0-0	0-0-0-0-0-0-0-0-0-0-0-0	0-0-0-0-0-0-0-0-0-0-0-0	0-0-0-0-0-0-0-0-0-0-0-0	0-0-0-0-0-0-0-0-0-0-0-0	0-0-0-0-0-0-0-0-0-0-0-0	0-0-0-0-0-0-0-0-0-0-0-0	0-0-0-0-0-0-0-0-0-0-0-0	0-0-0-0-0-0-0-0-0-0-0-0	0-0-0-0-0-0-0-0-0-0-0-0	0-0-0-0-0-0-0-0-0-0-0-0
324	1	1-1-1-1-1-1-1-1-1-1-1-1	0-2-1-0-1-1-0-1-0-1-0-0	1-0-0-1-0-1-2-2-0-0-2-1	0-1-0-0-0-0-2-0-1-2-2-0	1-0-1-0-0-1-2-0-1-1-2-0	4-2-0-0-0-0-2-0-2-1-4-0	1-2-1-0-0-0-0-0-1-2-0-1	1-0-1-0-1-0-2-2-0-1-0-0	1-0-0-0-1-0-0-0-0-1-0-0	0-0-4-2-0-0-2-1-0-0-0-1	3-0-8-0-1-0-0-1-3-0-2-1	0-0-0-0-0-1-1-0-0-0-4-1
324	2	2-1-2-2-2-1-2-2-2-2-2-1	3-1-1-2-0-2-3-3-3-3-3-3	4-4-3-4-3-2-3-4-0-3-1-3	3-0-3-3-3-3-1-2-2-1-1-0	3-0-3-3-0-3-3-3-2-1-3-3	3-4-3-0-2-3-3-4-1-1-0-4	2-1-1-0-3-0-2-3-2-2-2-3	1-4-3-3-2-0-1-4-2-1-0-0	0-0-1-3-4-2-0-0-0-2-2-3	3-3-0-1-3-2-3-1-3-0-3-4	0-3-1-1-0-0-0-0-0-3-3-1	0-3-2-0-0-0-3-0-6-2-2-2
324	3	3-3-2-3-4-3-3-3-3-3-3-3	2-4-4-2-3-4-2-4-3-2-2-4	0-2-2-3-2-4-4-5-0-2-4-2	2-4-4-2-2-2-4-2-4-3-4-0	2-3-2-2-0-4-4-2-3-3-2-2	2-2-4-0-3-2-4-3-3-3-6-3	2-2-4-0-2-3-4-2-3-3-2-4	3-0-2-2-4-4-7-3-2-3-0-4	3-0-4-2-3-4-3-4-0-3-2-3	2-2-1-7-2-4-2-4-2-0-2-2	7-2-0-3-8-3-0-3-1-2-2-3	7-2-2-4-0-0-2-0-0-2-3-3
324	4	3-3-4-4-3-3-4-4-4-4-5-4	4-3-3-2-4-3-5-3-3-4-5-5	7-5-5-2-4-5-3-5-5-5-3-4	4-4-4-2-2-5-5-2-3-5-3-0	2-5-2-4-6-3-3-5-4-3-4-2	1-2-3-0-6-2-3-2-3-1-3-2	4-2-3-0-4-4-3-5-4-3-5-3	7-2-6-3-3-3-3-2-2-4-4-7	4-5-3-2-2-3-6-8-4-4-2-4	5-3-1-0-6-3-3-3-6-6-5-2	5-2-7-3-4-6-7-6-8-4-2-4	4-2-4-3-0-1-2-7-6-7-1-2
324	5	5-5-7-7-6-6-7-7-6-6-6-7	6-6-5-2-6-7-6-5-6-6-4-6	5-4-6-8-5-6-5-6-6-6-5-5	6-4-6-6-6-4-6-6-5-6-6-5	6-4-6-2-5-5-5-5-6-5-7-5	5-6-6-6-4-6-6-6-6-5-3-5	8-7-5-5-4-5-6-6-5-6-8-6	6-5-6-5-5-7-6-6-5-5-4-4	5-4-6-5-6-6-7-6-7-5-2-4	6-5-5-6-6-5-6-5-4-6-6-2	4-6-5-5-8-6-4-4-8-5-6-6	6-5-5-8-5-5-7-4-5-5-5-8
324	6	7-6-5-6-5-5-5-5-5-5-5-6	5-5-5-7-5-5-7-7-7-5-7-7	6-7-7-7-7-5-7-5-7-5-7-6	7-4-5-7-7-7-5-7-5-5-7-6	7-4-7-7-4-7-7-7-5-5-7-7	5-7-7-6-4-5-7-7-5-6-3-7	7-5-5-5-7-5-5-7-5-8-7-7	5-7-5-7-7-5-8-7-7-4-7-4	5-5-5-7-7-5-5-7-5-5-7-4	5-7-5-5-7-8-7-5-4-5-7-7	4-5-1-5-5-5-4-4-7-7-5-8	5-7-6-7-7-5-5-4-7-5-7-5
324	7	6-5-5-6-5-8-5-5-5-5-6-8	6-5-5-6-5-5-6-6-6-5-6-6	4-6-6-6-6-6-6-5-6-6-6-6	6-7-7-6-6-6-8-6-6-5-6-8	6-4-6-6-7-6-8-6-7-7-6-6	5-6-6-8-7-6-6-6-7-7-3-7	8-5-5-7-6-7-4-6-7-6-6-6	7-6-5-6-6-5-3-6-6-5-6-4	5-7-7-6-6-5-5-6-5-5-6-4	5-6-5-3-6-6-6-5-8-5-6-6	5-7-4-6-6-5-4-7-6-6-5-7	6-6-8-7-7-5-5-4-6-4-6-6
324	8	8-6-6-6-8-7-5-8-6-6-6-7	6-5-8-6-8-5-6-6-6-8-6-6	8-8-8-5-8-5-6-5-6-8-5-8	7-8-8-8-8-6-7-8-8-8-8-7	6-5-6-8-8-8-7-8-8-8-6-6	5-8-8-7-8-5-8-8-8-8-8-7	7-8-8-8-6-8-8-7-8-8-5-5	8-6-8-6-8-6-6-6-2-6-6-4	6-7-8-7-6-8-8-4-5-5-6-1	6-5-8-5-8-6-6-5-7-8-7-8	4-5-1-5-5-5-4-4-5-5-8-8	5-7-7-5-0-8-8-4-8-8-6-5
325	0	0-0-0-0-0-0-0-0-0-0-0-0	0-0-0-0-0-0-0-0-0-0-0-0	0-0-0-0-0-0-0-0-0-0-0-0	0-0-0-0-0-0-0-0-0-0-0-0	0-0-0-0-0-0-0-0-0-0-0-0	0-0-0-0-0-0-0-0-0-0-0-0	0-0-0-0-0-0-0-0-0-0-0-0	0-0-0-0-0-0-0-0-0-0-0-0	0-0-0-0-0-0-0-0-0-0-0-0	0-0-0-0-0-0-0-0-0-0-0-0	0-0-0-0-0-0-0-0-0-0-0-0	0-0-0-0-0-0-0-0-0-0-0-0
325	1	1-1-1-1-1-1-1-1-1-1-1-1	1-0-0-1-0-1-1-1-0-1-0-0	3-2-3-1-1-0-2-0-0-0-2-1	1-3-2-1-1-1-0-2-1-0-2-4	0-1-4-3-3-0-2-1-2-0-0-0	1-1-0-0-0-2-2-0-0-0-0-2	0-0-0-4-0-1-0-0-0-1-0-0	1-0-3-1-1-1-0-0-0-2-1-1	1-5-3-0-0-0-5-1-0-1-0-1	1-1-1-2-0-0-0-0-1-8-0-1	5-1-2-0-2-1-0-5-0-1-0-1	1-0-1-1-1-1-1-1-1-1-1-0
325	2	2-2-5-2-2-3-2-3-2-3-2-2	2-3-0-1-4-3-1-3-3-2-3-3	5-3-4-3-3-3-3-3-3-3-3-3	3-2-1-3-2-3-3-5-2-2-2-3	3-3-3-2-6-2-3-2-1-3-5-2	3-2-3-3-0-3-2-7-3-2-0-1	4-2-2-2-3-0-7-3-2-2-2-3	2-2-0-2-5-2-2-3-2-1-3-3	10-2-2-3-2-2-4-3-2-2-3-2	2-6-2-2-3-2-4-2-1-2-2-3	2-10-1-2-4-3-2-0-0-2-3-0	2-2-2-2-2-2-3-3-5-2-2-2
325	3	3-2-3-6-2-2-2-2-2-2-2-2	2-2-0-5-2-2-4-2-2-2-2-2	1-4-4-2-4-2-4-2-2-2-2-2	4-1-2-2-5-4-2-7-3-0-3-1	2-2-10-1-1-3-4-4-3-2-2-3	2-5-4-2-3-5-4-2-2-0-0-5	4-2-3-1-4-3-2-2-3-3-4-2	0-7-7-4-4-1-10-10-4-1-2-4	3-1-1-4-10-4-1-4-6-3-3-7	4-4-3-2-4-3-4-0-4-1-4-5	4-5-9-6-2-4-2-1-7-3-2-1	2-3-3-1-1-3-4-2-3-3-3-9
325	4	2-5-2-4-4-2-4-4-2-2-2-2	2-6-4-3-2-2-3-5-2-5-2-5	1-3-3-3-3-2-5-6-5-5-5-6	3-6-4-6-3-3-5-2-5-5-5-1	2-1-1-4-4-5-5-3-4-4-2-3	2-3-5-2-4-3-5-5-4-4-8-4	3-6-4-1-3-4-9-3-4-4-3-2	4-10-3-5-3-1-8-3-3-4-2-3	6-1-5-3-4-3-4-3-5-4-5-5	3-3-4-8-3-6-6-8-3-2-6-3	3-4-5-4-2-3-2-1-3-3-2-4	8-3-1-6-1-9-3-2-8-3-4-5
325	5	5-4-2-5-4-5-4-2-5-5-5-5	2-4-4-3-2-2-3-3-3-4-6-4	2-6-2-3-3-2-4-6-7-6-4-6	6-6-6-7-3-3-4-2-4-9-4-1	2-1-1-7-7-4-6-5-6-5-8-7	3-3-4-2-5-3-6-4-5-5-7-4	3-2-7-1-3-4-5-6-5-2-3-6	2-3-4-4-3-1-4-3-3-5-2-6	4-1-4-3-5-7-1-7-4-9-4-4	3-3-2-6-7-0-7-4-4-1-3-3	1-3-4-5-2-3-2-1-7-6-6-5	4-7-7-1-1-2-3-2-2-3-4-4
325	6	6-6-7-3-4-5-6-7-2-6-5-10	7-4-4-3-2-7-7-5-7-7-7-7	6-7-7-3-5-7-6-4-7-5-5-5	7-7-7-4-7-7-7-6-5-4-4-7	2-6-10-5-7-4-7-6-5-7-8-3	7-7-5-7-5-3-7-2-4-4-0-7	4-2-4-7-7-6-2-5-5-6-7-7	6-3-4-7-6-4-4-7-7-6-7-5	8-1-7-7-5-6-8-5-3-7-10-2	7-7-6-5-5-4-4-6-7-7-4-3	7-3-7-3-7-3-2-8-7-5-5-5	2-5-6-7-7-6-4-10-4-8-3-4
325	7	6-7-6-7-7-5-7-7-7-6-5-6	6-8-7-3-7-6-6-6-6-6-6-6	6-6-6-2-5-6-8-8-6-8-8-5	6-6-6-5-6-6-6-3-8-5-8-6	2-9-6-5-6-8-6-6-5-6-5-5	2-6-4-6-5-3-8-2-7-7-5-6	2-3-9-6-6-7-8-5-8-9-3-6	7-3-3-6-3-1-4-6-6-7-6-5	7-1-4-6-7-5-6-5-8-6-4-4	6-6-7-6-5-4-5-7-6-6-9-3	9-7-6-5-9-3-2-9-5-3-5-7	9-5-5-6-6-9-3-9-3-6-2-7
325	8	9-8-10-10-9-8-8-9-8-10-8-9	9-7-7-9-9-9-9-9-9-6-9-9	8-9-9-10-9-10-9-7-9-9-7-9	9-6-6-9-9-9-7-9-9-5-9-8	9-10-8-5-6-9-9-9-8-8-9-9	9-8-9-6-5-3-9-9-7-8-4-6	10-8-7-6-6-8-7-9-7-7-9-9	7-8-8-9-9-1-4-9-6-5-9-5	6-1-10-9-9-9-6-5-7-5-9-4	6-8-7-4-5-4-8-4-6-1-9-9	6-8-9-5-10-9-2-9-9-8-7-8	4-5-8-8-6-4-8-2-4-6-4-4
325	9	8-10-8-8-9-10-10-10-10-8-8-8	8-7-7-8-8-8-8-8-8-9-8-8	10-8-8-8-8-9-8-7-8-8-8-8	8-9-9-8-8-8-10-8-8-5-8-1	8-8-8-8-9-8-8-8-9-9-8-8	8-8-9-10-9-3-8-8-9-9-0-9	10-4-7-6-10-9-9-8-9-7-8-8	9-8-3-8-8-10-5-8-6-5-8-5	9-9-10-8-8-8-9-5-5-5-8-8	8-8-9-6-8-10-8-8-5-1-8-8	7-9-8-5-7-8-9-8-9-9-7-9	7-8-9-6-6-7-4-5-4-8-10-3
325	10	10-9-8-8-10-9-9-10-9-8-8-6	9-7-10-8-10-10-8-8-10-10-8-8	10-9-10-8-10-10-9-8-9-10-10-10	9-10-9-10-10-10-9-10-10-10-10-8	8-8-6-10-10-10-9-10-10-10-8-10	10-10-10-9-10-10-10-10-10-10-10-10	8-10-10-9-9-10-10-10-10-10-8-8	10-10-8-10-10-9-3-8-9-10-5-10	6-10-9-10-8-10-10-8-10-5-8-8	9-10-10-10-10-10-10-10-10-10-10-10	10-2-0-10-8-1-10-10-10-8-10-10	10-9-5-4-9-10-10-6-10-10-9-10
326	0	0-0-0-0-0-0-0-0-0-0-0-0	0-0-0-0-0-0-0-0-0-0-0-0	0-0-0-0-0-0-0-0-0-0-0-0	0-0-0-0-0-0-0-0-0-0-0-0	0-0-0-0-0-0-0-0-0-0-0-0	0-0-0-0-0-0-0-0-0-0-0-0	0-0-0-0-0-0-0-0-0-0-0-0	0-0-0-0-0-0-0-0-0-0-0-0	0-0-0-0-0-0-0-0-0-0-0-0	0-0-0-0-0-0-0-0-0-0-0-0	0-0-0-0-0-0-0-0-0-0-0-0	0-0-0-0-0-0-0-0-0-0-0-0
326	1	1-1-1-1-1-1-1-1-1-1-1-1	0-1-1-0-0-1-0-2-2-1-0-2	0-0-0-0-0-1-2-0-0-1-2-2	0-0-0-0-0-0-0-0-2-2-2-1	1-2-5-0-0-2-2-0-2-0-0-0	4-0-2-0-0-0-2-0-1-1-4-0	2-1-1-0-0-0-0-0-0-1-0-4	1-1-0-0-1-0-1-0-0-2-0-0	4-1-0-0-0-1-0-0-1-1-1-0	0-1-4-2-0-0-0-1-0-0-0-1	4-1-0-0-1-0-0-4-1-0-0-1	0-1-0-1-0-1-1-0-0-0-0-2
326	2	2-2-2-2-1-1-2-1-2-2-2-2	2-1-1-2-0-1-0-3-1-2-3-1	0-2-3-4-3-3-3-3-3-3-1-3	3-3-4-3-4-3-3-4-3-1-4-3	3-1-3-3-0-1-3-3-1-2-7-3	3-4-1-0-2-3-3-4-1-2-0-4	1-4-1-0-3-0-2-3-0-1-1-3	1-2-2-3-2-0-2-1-2-1-2-0	3-0-3-3-4-2-0-3-3-2-2-2	2-3-0-1-3-4-0-4-3-0-0-2	6-2-3-1-0-7-0-0-0-2-3-2	1-2-2-2-0-2-2-0-2-3-2-4
326	3	3-4-3-3-3-3-3-3-3-3-3-3	2-4-4-2-3-4-2-4-4-2-2-4	4-2-4-3-2-2-4-5-4-4-4-4	2-2-2-2-2-2-5-2-4-5-2-2	2-0-2-2-0-3-4-2-4-3-3-2	2-2-4-0-3-2-4-2-3-3-6-3	5-2-5-5-2-3-5-2-3-5-5-2	3-2-2-2-2-4-5-0-3-3-2-0	3-3-2-2-1-3-6-2-5-3-2-6	2-2-3-6-2-2-4-3-2-4-3-2	6-5-2-7-6-0-0-6-0-2-2-3	0-2-2-7-0-3-2-0-6-2-3-2
326	4	5-3-7-6-4-3-4-6-5-4-3-3	4-3-3-5-5-3-5-5-5-4-5-5	7-5-5-2-2-3-3-5-3-3-3-3	5-4-5-5-2-2-3-2-3-3-2-4	2-7-3-6-5-3-5-5-3-3-6-7	1-2-3-5-5-7-3-2-1-3-1-5	7-2-1-5-5-4-3-5-4-3-1-1	5-2-5-3-2-5-2-4-5-6-4-5	5-5-5-2-2-5-5-2-3-4-2-3	5-5-1-3-5-2-3-2-5-3-5-2	5-4-4-4-3-5-5-5-7-2-2-4	0-2-4-3-5-5-2-6-5-5-3-2
326	5	6-7-6-7-3-6-5-6-6-5-6-6	5-3-3-6-6-3-6-6-6-6-4-4	4-4-6-6-6-2-6-6-3-6-3-6	4-4-4-6-6-6-3-6-6-6-6-6	6-4-1-5-4-5-6-6-5-5-5-6	6-0-6-4-4-4-6-5-1-3-3-6	3-6-3-3-4-5-3-7-5-7-6-6	4-6-4-5-6-4-3-6-4-4-6-4	4-4-4-6-6-4-4-6-3-6-6-3	4-4-5-7-4-6-7-2-4-5-4-2	4-6-4-4-4-4-4-4-4-2-2-5	0-3-5-6-4-3-5-4-4-4-6-6
326	6	5-7-5-5-6-7-7-5-7-5-5-7	5-3-3-5-5-7-5-5-7-6-4-5	4-5-5-5-5-6-5-7-7-5-4-5	5-6-6-5-5-5-6-5-5-5-5-5	5-4-1-4-6-5-5-5-6-6-4-5	5-7-5-5-4-7-5-5-6-6-3-5	7-5-3-6-6-6-3-5-6-3-5-5	6-5-2-5-5-6-7-5-7-4-5-6	6-4-6-6-5-2-6-5-3-5-5-3	5-5-6-3-6-5-5-6-7-5-6-2	5-5-6-6-7-6-4-5-3-6-6-6	7-7-6-5-6-6-2-4-5-4-5-5
326	7	7-6-5-5-7-7-6-7-6-5-6-6	5-7-7-5-7-7-5-7-6-7-4-6	4-7-7-6-7-6-6-6-6-7-7-7	7-7-7-7-7-7-6-7-6-7-7-4	5-4-7-7-7-7-6-7-7-7-5-5	6-7-5-5-7-6-7-7-7-7-7-7	6-7-7-7-6-7-3-5-7-7-5-7	7-7-7-6-5-6-6-5-6-4-4-4	6-4-2-6-5-7-4-6-7-7-5-3	5-4-7-7-7-2-5-6-6-7-5-7	4-7-7-3-6-6-4-4-4-6-7-7	7-6-6-3-6-7-7-4-7-7-3-7
327	0	0-0-0-0-0-0-0-0-0-0-0-0	0-0-0-0-0-0-0-0-0-0-0-0	0-0-0-0-0-0-0-0-0-0-0-0	0-0-0-0-0-0-0-0-0-0-0-0	0-0-0-0-0-0-0-0-0-0-0-0	0-0-0-0-0-0-0-0-0-0-0-0	0-0-0-0-0-0-0-0-0-0-0-0	0-0-0-0-0-0-0-0-0-0-0-0	0-0-0-0-0-0-0-0-0-0-0-0	0-0-0-0-0-0-0-0-0-0-0-0	0-0-0-0-0-0-0-0-0-0-0-0	0-0-0-0-0-0-0-0-0-0-0-0
327	1	1-2-2-2-1-1-1-2-2-1-2-3	2-2-1-0-2-2-0-2-2-2-0-2	2-2-3-3-2-2-2-2-2-2-1-2	2-0-2-2-1-0-2-2-2-2-1-2	4-0-2-2-2-1-2-1-1-2-0-0	4-0-2-2-2-2-1-2-4-1-0-2	1-2-3-1-2-4-2-0-1-2-0-2	1-1-2-0-0-3-1-2-1-3-2-3	1-1-2-0-2-4-2-2-2-2-1-2	2-2-2-2-0-1-1-1-4-2-2-1	4-2-4-0-4-2-4-1-2-0-2-2	4-2-1-3-2-1-1-2-4-4-4-2
327	2	1-1-1-1-1-1-1-1-1-1-1-1	1-1-1-3-1-1-1-1-3-1-3-1	1-3-1-1-1-1-3-1-1-1-3-1	3-3-1-1-4-3-1-4-1-1-1-1	1-1-1-1-1-2-3-3-1-1-1-1	1-0-3-1-1-1-3-1-1-1-0-1	3-4-1-0-3-2-1-3-0-1-3-3	1-2-4-3-3-1-8-1-3-1-1-1	2-0-1-3-4-2-1-3-1-3-3-1	1-1-1-1-3-2-1-1-3-1-1-3	3-1-1-0-1-1-1-1-1-3-1-1	1-4-2-1-1-2-3-1-0-1-1-1
327	3	1-4-1-4-1-4-1-1-1-1-1-4	2-4-4-2-1-1-1-4-2-1-2-2	1-2-1-1-2-1-4-4-1-5-4-4	2-4-4-1-2-2-7-2-4-4-4-1	1-1-0-1-2-2-4-2-4-1-1-2	1-6-4-0-6-1-4-1-3-3-7-3	2-2-1-0-2-3-6-2-3-3-2-2	1-2-0-2-2-1-7-2-2-1-1-1	0-1-1-2-1-1-0-2-3-2-2-3	1-2-0-4-2-2-1-1-2-1-1-2	2-1-8-3-7-1-0-1-1-2-2-1	1-2-2-1-1-1-2-1-7-3-6-7
327	4	4-3-5-5-1-3-1-5-4-1-4-3	2-3-3-5-5-1-5-7-1-1-5-3	7-5-6-0-4-1-3-6-5-5-3-3	5-4-5-5-2-2-4-2-3-3-3-6	1-8-1-6-6-3-3-5-3-4-1-4	1-1-3-1-6-1-3-1-1-1-0-2	4-2-3-4-4-1-3-5-1-1-5-1	1-2-2-2-2-6-3-1-2-4-4-7	4-4-5-2-2-1-7-7-6-4-2-4	5-6-4-3-2-2-0-1-1-5-5-2	1-2-1-0-1-1-7-8-5-0-1-4	1-2-4-1-5-2-3-4-1-1-1-1
327	5	7-8-7-7-6-6-6-6-7-7-6-8	6-6-5-4-6-7-6-6-6-6-7-6	6-6-6-8-6-6-6-6-6-6-6-5	6-5-6-5-6-5-6-7-6-6-5-5	7-4-5-7-5-5-6-5-6-7-6-5	6-6-6-5-6-7-6-6-6-5-3-5	7-6-5-5-6-6-3-4-5-6-8-6	6-2-6-6-5-7-5-6-2-5-7-5	5-4-6-6-6-7-6-4-7-5-2-6	6-8-5-6-6-6-6-7-7-6-6-6	8-8-6-5-8-8-4-6-6-5-6-5	6-6-7-8-6-6-7-4-5-6-5-8
327	6	5-5-5-8-5-5-5-5-5-5-5-7	5-5-5-4-5-5-5-7-5-5-8-5	5-7-7-5-7-5-7-5-5-5-5-7	7-7-5-7-7-7-5-7-5-5-7-4	7-5-8-7-4-7-7-7-5-5-5-7	5-5-7-6-5-5-7-5-5-5-0-7	5-5-5-4-5-5-3-7-5-5-7-7	5-7-5-7-7-5-3-7-2-8-7-4	4-6-5-7-5-5-4-5-5-6-7-4	5-5-5-5-7-5-7-5-5-7-5-5	5-5-5-5-5-5-4-5-5-7-5-4	5-5-6-7-5-5-5-4-3-5-5-5
327	7	5-8-5-5-5-8-5-5-5-5-5-8	5-5-5-4-5-5-8-6-6-5-5-8	4-6-6-5-6-5-6-5-6-5-7-6	6-7-7-6-6-6-5-6-5-5-6-8	6-4-5-5-7-6-6-6-7-5-5-6	5-8-6-7-7-5-6-5-7-7-3-6	8-5-7-7-7-7-7-6-7-5-6-6	5-6-5-6-6-5-3-6-2-5-6-7	7-7-7-7-6-5-4-4-5-6-6-5	5-7-7-6-6-5-6-5-8-6-7-5	6-5-7-5-5-7-4-5-6-7-5-7	5-5-6-6-5-5-5-4-3-6-5-5
327	8	8-7-5-6-5-7-5-8-5-5-5-7	5-5-8-4-8-5-6-8-6-8-6-7	8-8-8-5-8-5-8-5-5-8-7-8	7-8-5-8-8-8-7-8-5-8-8-7	5-4-8-8-8-8-7-8-8-8-6-5	5-8-7-7-8-5-8-8-8-8-8-7	7-8-8-5-7-8-8-7-8-8-5-5	8-8-8-7-8-5-2-2-2-6-5-5	7-7-8-7-5-8-8-4-8-5-6-8	6-5-8-8-8-5-8-5-7-8-5-8	5-5-3-8-5-5-4-4-5-5-8-8	5-5-7-5-5-8-8-5-8-8-5-5
328	0	0-0-0-0-0-0-0-0-0-0-0-0	0-0-0-0-0-0-0-0-0-0-0-0	0-0-0-0-0-0-0-0-0-0-0-0	0-0-0-0-0-0-0-0-0-0-0-0	0-0-0-0-0-0-0-0-0-0-0-0	0-0-0-0-0-0-0-0-0-0-0-0	0-0-0-0-0-0-0-0-0-0-0-0	0-0-0-0-0-0-0-0-0-0-0-0	0-0-0-0-0-0-0-0-0-0-0-0	0-0-0-0-0-0-0-0-0-0-0-0	0-0-0-0-0-0-0-0-0-0-0-0	0-0-0-0-0-0-0-0-0-0-0-0
328	1	1-1-1-2-1-1-1-1-1-1-1-1	1-2-1-2-3-2-0-2-1-1-2-2	1-2-1-2-2-2-2-2-4-2-3-1	2-1-2-4-2-2-2-2-1-2-2-4	2-2-2-0-1-1-2-1-2-4-3-1	3-2-2-2-2-2-1-3-1-1-1-0	2-2-1-1-2-4-0-2-1-3-0-1	1-1-1-2-1-4-2-2-1-1-0-1	1-4-1-0-2-5-1-2-2-1-1-5	3-1-2-2-1-2-2-1-5-4-4-1	1-9-5-5-1-3-1-1-3-1-2-1	2-1-1-1-1-3-1-9-1-1-1-1
328	2	1-1-1-1-1-1-1-1-1-1-1-1	1-1-1-3-1-1-4-1-1-1-3-1	1-3-1-1-4-1-3-1-1-1-1-3	3-0-1-1-4-4-1-1-1-1-3-1	1-1-1-3-4-3-3-3-1-1-1-4	1-1-3-2-1-1-3-2-1-1-0-5	1-1-1-0-3-1-2-1-1-1-4-3	1-4-5-3-3-1-1-5-2-1-2-1	0-1-3-3-5-1-0-3-1-2-5-1	1-5-1-1-3-3-1-1-3-1-1-4	0-1-1-1-1-1-5-0-0-3-1-1	1-3-2-1-0-1-4-1-0-3-2-1
328	3	1-3-1-1-3-1-1-1-1-1-1-1	1-4-3-2-1-1-2-1-1-1-2-1	4-2-1-1-2-1-4-2-1-2-4-2	2-3-3-2-2-2-1-1-4-4-4-1	3-0-1-3-2-4-4-2-4-3-1-2	1-1-4-2-3-1-4-1-3-3-8-3	3-1-1-0-2-1-4-4-1-1-5-2	3-2-1-4-2-1-5-1-3-1-0-1	1-1-4-2-3-1-5-2-1-2-2-3	1-4-1-1-4-2-4-1-4-1-4-2	5-4-4-1-1-1-4-0-1-2-1-1	1-2-1-4-1-1-2-0-3-5-4-1
328	4	3-4-1-4-5-4-4-4-1-1-1-1	1-5-5-2-1-1-2-5-1-1-2-5	3-4-1-1-2-1-5-5-1-4-5-3	2-3-5-5-2-2-1-2-5-3-5-1	2-0-1-5-2-3-5-4-5-1-1-2	1-5-3-3-4-1-5-4-4-4-4-2	5-1-4-5-5-1-5-5-4-1-2-2	5-2-2-3-2-1-7-2-4-4-5-1	1-1-3-2-4-1-4-2-1-4-2-4	1-3-4-5-3-5-3-4-3-1-5-2	8-3-3-4-5-1-3-3-1-2-1-3	1-5-2-5-5-1-2-0-4-3-3-2
328	5	5-5-1-2-4-4-4-5-6-5-5-5	5-4-4-2-1-1-6-4-4-4-6-6	7-6-7-1-2-6-4-6-6-6-4-5	5-5-5-6-2-6-4-8-4-5-4-8	4-5-5-4-7-3-4-6-4-5-1-2	4-7-4-2-5-2-4-1-4-4-4-6	4-1-4-7-4-1-4-4-5-1-4-1	4-2-2-6-2-5-3-2-7-5-5-9	3-5-5-2-2-1-3-6-4-5-2-7	9-5-5-4-6-4-4-4-7-6-4-2	5-1-1-1-4-7-7-5-6-5-6-5	5-4-5-7-4-1-2-5-5-3-3-2
328	6	7-6-7-7-7-7-8-7-7-7-7-9	7-8-7-7-8-8-7-7-7-7-7-7	6-5-8-8-7-7-7-8-7-7-7-7	7-6-5-7-7-7-7-8-7-7-7-7	8-9-7-4-5-6-7-6-7-6-8-6	8-5-7-8-5-7-7-7-7-6-4-6	7-7-6-6-7-6-7-7-7-8-7-9	6-2-7-5-7-7-6-6-5-5-7-9	6-9-7-5-8-7-7-7-7-6-2-7	7-7-7-6-5-7-7-6-5-5-7-2	8-8-8-7-7-9-8-5-5-6-7-8	8-7-5-5-8-8-7-8-6-7-6-7
328	7	6-6-6-9-6-6-6-6-6-6-6-6	6-6-6-8-6-6-6-6-6-6-8-6	5-8-5-6-8-6-8-6-6-6-6-6	8-6-6-8-8-8-6-6-6-6-8-5	8-5-5-8-5-8-8-8-6-6-6-8	6-5-8-6-5-6-6-6-6-6-4-6	6-6-6-5-6-6-6-6-6-6-8-7	6-8-6-8-8-5-6-8-5-5-8-0	6-5-6-7-8-6-6-8-6-8-8-5	6-8-6-5-8-6-6-4-5-6-8-5	0-6-6-6-6-5-5-0-6-6-6-6	6-7-5-5-6-0-6-0-8-7-8-6
328	8	6-6-6-7-6-6-6-6-6-6-6-9	6-6-6-7-6-6-7-7-6-6-7-6	6-7-6-6-7-6-7-6-9-6-8-7	7-8-8-7-7-7-6-6-6-6-7-5	7-6-5-7-8-7-7-7-8-6-6-7	6-8-7-6-8-9-8-6-8-6-3-8	6-6-6-5-9-8-8-7-8-6-7-8	8-7-6-7-7-9-6-7-9-6-7-8	8-5-6-8-6-6-4-8-6-7-7-6	8-8-6-5-7-6-8-6-9-6-8-0	4-6-6-7-4-5-8-8-6-8-6-9	6-8-6-5-8-6-6-6-7-6-7-6
328	9	9-6-7-7-6-6-6-9-6-6-6-8	6-6-9-7-9-6-7-7-9-9-7-8	9-8-9-6-9-6-8-8-8-9-6-9	7-9-6-9-9-9-8-9-6-9-9-6	7-6-5-9-9-9-8-9-9-9-8-9	8-9-9-8-9-8-9-9-9-9-9-9	8-9-9-6-8-9-9-8-9-9-6-6	9-9-6-8-9-8-7-7-8-6-6-6	8-9-9-8-6-9-9-5-6-6-7-9	7-9-9-9-9-6-9-6-8-9-6-9	9-1-9-4-4-5-6-6-1-6-9-8	9-4-5-6-8-9-9-6-9-9-8-1
329	0	0-0-0-0-0-0-0-0-0-0-0-0	0-0-0-0-0-0-0-0-0-0-0-0	0-0-0-0-0-0-0-0-0-0-0-0	0-0-0-0-0-0-0-0-0-0-0-0	0-0-0-0-0-0-0-0-0-0-0-0	0-0-0-0-0-0-0-0-0-0-0-0	0-0-0-0-0-0-0-0-0-0-0-0	0-0-0-0-0-0-0-0-0-0-0-0	0-0-0-0-0-0-0-0-0-0-0-0	0-0-0-0-0-0-0-0-0-0-0-0	0-0-0-0-0-0-0-0-0-0-0-0	0-0-0-0-0-0-0-0-0-0-0-0
329	1	1-1-1-1-1-1-1-1-1-1-1-1	0-2-1-0-0-1-0-2-0-1-0-0	2-0-0-1-0-2-2-2-0-0-2-2	0-0-1-0-0-0-0-2-2-2-2-0	0-0-0-0-0-1-2-0-1-0-0-1	0-2-0-0-0-0-2-0-2-1-0-0	2-2-1-0-0-1-0-0-1-1-2-1	2-1-0-2-1-0-1-0-0-1-0-0	0-0-0-0-0-0-0-4-2-1-0-1	0-0-0-0-1-0-0-1-0-0-0-0	0-1-0-2-0-0-0-0-0-0-0-1	0-1-0-0-0-0-0-0-0-0-1-0
329	2	3-1-2-1-1-1-2-1-2-2-2-1	3-1-1-4-1-3-3-1-1-1-3-3	1-4-4-5-3-3-3-1-4-3-1-1	3-3-2-3-3-3-3-4-3-1-5-0	4-0-2-3-4-3-3-3-2-2-3-4	3-1-3-2-2-4-3-3-1-1-0-4	1-1-1-0-3-2-3-3-1-2-1-4	1-4-5-3-5-0-2-2-2-2-4-0	0-0-3-5-5-3-0-3-1-2-5-2	0-5-2-1-3-3-3-2-3-0-0-5	0-8-1-1-0-0-0-0-7-2-3-2	0-3-2-2-0-2-5-0-0-0-2-5
329	3	3-3-3-3-3-3-3-3-3-2-3-3	2-5-5-2-1-3-2-4-4-3-2-4	4-2-2-2-2-2-4-5-5-2-4-2	2-2-2-2-2-2-4-2-4-3-4-0	2-0-0-2-3-4-4-2-3-3-2-2	2-2-4-2-3-2-2-2-3-3-4-3	4-1-3-5-2-3-5-2-1-3-0-2	0-2-4-2-2-0-6-2-2-3-4-0	0-0-2-2-0-2-5-2-4-2-2-4	0-0-3-4-2-2-2-4-2-3-5-2	5-2-4-3-0-3-5-0-0-2-2-2	3-2-2-4-0-2-2-0-0-0-3-3
329	4	4-3-2-4-3-4-3-4-4-4-5-4	2-3-3-2-5-4-2-3-3-3-5-3	4-2-6-2-5-5-5-6-3-5-3-5	5-5-5-5-2-2-3-2-5-5-3-0	2-0-0-5-5-3-5-2-5-2-5-2	4-4-3-2-4-2-5-2-3-4-3-2	3-1-3-4-2-3-6-5-4-3-5-2	4-2-3-3-2-4-5-2-2-5-2-0	4-0-3-2-4-4-0-5-8-7-2-5	0-4-4-5-5-2-2-5-2-0-3-2	5-4-4-5-5-4-3-0-0-4-2-6	3-5-4-3-3-4-2-0-4-6-3-3
329	5	5-5-5-7-3-6-5-7-5-5-4-8	5-3-3-5-7-4-6-7-6-3-4-4	5-6-6-6-4-4-4-3-3-4-4-4	6-4-7-4-2-6-3-6-4-4-2-7	2-7-8-4-6-3-4-5-4-5-4-5	4-6-3-7-5-8-4-2-5-3-3-5	7-5-3-3-4-5-4-4-5-2-4-6	5-2-2-3-2-6-4-4-6-5-5-0	6-5-6-2-2-5-6-4-3-5-2-6	8-2-5-6-4-2-3-4-6-5-3-2	6-2-5-4-4-8-7-7-2-4-6-5	5-4-5-6-5-5-2-5-5-4-5-2
329	6	7-6-7-8-7-7-7-7-8-7-7-7	6-3-7-7-7-7-5-6-7-7-7-7	6-5-5-5-7-7-7-7-7-7-7-7	7-5-5-7-7-7-3-7-7-4-7-5	7-5-7-7-5-6-7-7-4-6-7-7	6-5-7-6-5-8-7-7-4-6-3-7	5-6-3-8-7-6-4-7-6-3-7-6	5-7-8-7-7-5-3-7-8-5-7-0	5-5-5-7-7-5-5-7-4-4-7-5	7-7-6-5-7-8-7-3-5-5-7-7	7-7-7-4-7-5-5-7-7-2-5-7	5-7-6-5-7-5-7-0-7-4-7-4
329	7	6-8-6-6-6-8-6-6-6-6-6-8	6-6-6-6-8-6-5-5-6-6-6-8	5-5-5-6-6-6-6-7-6-6-6-6	6-7-5-6-6-6-8-6-6-4-6-5	6-5-6-6-7-6-8-6-7-5-6-6	8-6-6-8-7-5-6-6-7-7-3-6	5-6-3-8-6-7-4-6-7-3-6-6	7-6-5-6-6-5-4-6-5-5-6-0	7-7-6-6-6-5-5-6-4-4-6-5	6-6-7-5-6-2-6-3-8-5-6-6	6-7-6-4-6-6-5-5-2-6-5-7	5-8-7-5-6-5-6-5-6-4-6-3
329	8	8-7-6-6-8-7-6-8-6-6-6-7	6-8-8-5-8-6-6-8-6-8-6-7	8-8-8-6-8-8-6-7-8-8-7-8	7-8-8-8-8-8-7-8-7-8-8-5	6-5-8-8-8-8-7-8-8-8-6-8	7-8-8-7-8-5-8-8-8-8-8-8	5-8-8-6-6-8-8-8-8-8-6-8	8-8-6-6-8-6-6-6-6-5-6-8	6-8-8-8-6-8-8-6-4-3-6-8	5-0-8-8-4-6-6-8-8-8-8-8	8-2-4-7-5-5-7-5-0-8-8-8	5-7-5-3-5-8-8-5-8-8-6-8
330	0	0-0-0-0-0-0-0-0-0-0-0-0	0-0-0-0-0-0-0-0-0-0-0-0	0-0-0-0-0-0-0-0-0-0-0-0	0-0-0-0-0-0-0-0-0-0-0-0	0-0-0-0-0-0-0-0-0-0-0-0	0-0-0-0-0-0-0-0-0-0-0-0	0-0-0-0-0-0-0-0-0-0-0-0	0-0-0-0-0-0-0-0-0-0-0-0	0-0-0-0-0-0-0-0-0-0-0-0	0-0-0-0-0-0-0-0-0-0-0-0	0-0-0-0-0-0-0-0-0-0-0-0	0-0-0-0-0-0-0-0-0-0-0-0
330	1	1-1-1-1-1-1-1-1-1-1-1-1	0-2-1-0-2-0-0-2-0-1-0-0	2-0-0-1-2-0-2-3-0-0-2-2	0-0-0-0-0-0-2-0-1-2-2-1	1-0-1-1-0-1-2-0-1-2-3-0	0-2-0-0-1-0-2-0-2-1-4-2	2-1-1-0-2-1-0-2-1-1-2-2	2-1-0-0-1-0-1-0-0-1-0-0	0-1-1-0-1-2-0-0-0-1-0-1	0-4-1-2-1-0-0-1-0-0-0-1	4-1-0-0-1-0-0-0-0-0-0-1	1-1-0-2-1-0-0-0-0-0-1-1
330	2	3-1-3-1-1-1-2-1-2-2-2-1	3-1-1-3-1-1-3-1-3-3-0-3	5-3-4-3-3-3-3-1-3-3-1-3	3-1-3-3-3-3-1-5-3-1-1-2	5-0-2-3-0-3-3-3-2-1-3-3	3-1-3-2-2-0-3-3-1-1-0-3	1-1-1-0-3-0-3-3-1-2-1-3	1-5-2-3-5-0-8-2-2-1-2-0	0-0-3-3-4-3-0-3-4-2-5-2	0-5-0-1-3-3-3-2-3-0-0-5	0-8-2-0-1-0-1-0-1-3-3-2	1-3-2-1-0-2-3-1-2-2-2-4
330	3	3-3-2-3-3-3-3-3-3-2-3-3	2-4-3-2-5-3-2-1-2-2-2-3	4-2-4-2-2-2-2-4-4-4-4-2	2-4-2-2-2-2-2-2-4-4-4-2	2-0-4-2-3-4-2-2-4-3-2-2	2-2-5-2-3-4-4-3-3-3-3-3	3-1-1-0-2-3-5-2-3-3-8-2	3-2-2-2-2-0-5-2-3-4-0-0	3-0-2-2-1-2-0-4-4-3-2-3	0-2-3-4-2-2-2-3-2-4-0-2	4-3-0-4-7-4-3-4-0-2-2-1	1-2-2-0-4-3-2-0-7-4-3-2
330	4	5-4-5-4-5-5-4-4-5-4-4-6	5-3-3-5-5-5-5-4-5-5-5-5	4-5-5-5-3-5-5-4-5-3-5-4	5-5-5-5-2-5-5-6-3-3-3-5	3-8-4-4-5-3-5-5-3-4-5-8	5-5-3-5-7-5-3-5-4-4-1-5	5-1-4-4-5-4-3-5-1-4-6-3	6-2-5-4-2-5-5-5-5-7-5-5	5-7-5-2-2-4-5-5-3-4-2-5	5-6-5-5-5-2-5-3-5-5-5-2	5-2-7-3-5-5-5-6-5-6-5-4	5-2-5-5-5-6-2-7-5-5-5-5
330	5	4-5-4-4-4-4-5-4-4-4-4-4	4-6-5-4-4-4-4-4-4-4-4-4	2-4-4-4-6-4-4-7-4-6-4-6	4-4-4-4-2-4-4-2-6-6-6-4	2-4-2-2-4-6-4-4-6-5-4-4	4-4-3-4-4-4-6-4-5-5-5-5	4-5-5-7-4-4-6-4-5-3-4-6	4-2-4-3-2-4-7-4-4-5-4-4	4-4-4-5-6-4-4-4-7-5-2-4	4-2-5-6-4-6-4-5-4-4-4-2	7-6-4-4-4-6-4-4-4-2-6-4	4-2-4-4-4-4-6-4-4-4-4-4
330	6	7-6-4-8-7-7-8-7-8-8-7-4	8-5-5-4-7-8-7-7-7-7-8-8	6-7-7-7-7-8-7-7-7-7-7-6	7-5-8-7-7-7-7-7-7-5-7-4	7-4-8-7-4-5-7-5-5-6-7-7	4-7-7-6-4-4-7-7-5-6-3-7	4-6-5-4-7-6-7-6-5-5-7-5	4-7-4-7-7-4-8-7-7-4-7-4	4-4-4-7-7-6-4-7-5-6-7-7	4-4-7-5-7-7-7-8-4-7-7-7	4-5-4-7-4-5-4-4-7-4-5-7	7-7-6-7-7-4-5-4-4-4-7-4
330	7	6-6-6-6-6-6-6-6-6-6-6-8	6-5-5-4-6-6-6-6-6-6-6-6	8-6-6-6-6-7-6-8-6-6-6-6	6-7-7-6-6-6-6-6-6-5-6-4	6-4-6-6-7-7-8-7-7-7-6-6	8-6-6-8-4-8-6-6-7-7-3-7	8-1-5-5-6-7-6-6-7-5-6-6	7-6-2-6-6-6-5-6-6-4-6-4	7-4-4-6-6-6-7-6-5-5-6-6	8-7-7-6-6-2-6-7-8-6-6-6	5-7-4-3-8-8-4-7-6-7-7-7	6-8-6-6-6-2-2-4-3-4-6-5
330	8	8-6-6-6-8-6-6-8-6-6-6-7	6-8-8-4-8-6-6-6-6-8-6-6	8-8-8-8-8-6-6-7-6-8-6-8	6-8-8-8-8-8-7-8-7-8-8-4	8-4-8-8-8-8-7-8-8-8-6-4	7-8-8-7-8-4-8-8-8-8-8-8	7-8-8-8-7-8-8-8-8-8-7-8	8-8-8-7-8-7-6-6-7-4-6-4	6-4-8-7-6-8-8-7-8-8-6-8	7-4-8-8-8-6-6-7-7-8-7-8	4-8-8-4-7-7-4-4-4-7-8-6	4-7-7-5-0-8-8-4-8-8-7-8
331	0	0-0-0-0-0-0-0-0-0-0-0-0	0-0-0-0-0-0-0-0-0-0-0-0	0-0-0-0-0-0-0-0-0-0-0-0	0-0-0-0-0-0-0-0-0-0-0-0	0-0-0-0-0-0-0-0-0-0-0-0	0-0-0-0-0-0-0-0-0-0-0-0	0-0-0-0-0-0-0-0-0-0-0-0	0-0-0-0-0-0-0-0-0-0-0-0	0-0-0-0-0-0-0-0-0-0-0-0	0-0-0-0-0-0-0-0-0-0-0-0	0-0-0-0-0-0-0-0-0-0-0-0	0-0-0-0-0-0-0-0-0-0-0-0
331	1	1-1-1-1-1-1-1-1-1-1-1-1	1-0-0-2-0-1-1-1-0-1-2-1	3-2-3-1-1-3-2-3-0-2-2-2	2-3-2-1-1-2-2-1-0-0-0-2	0-0-5-0-4-0-2-2-0-1-1-2	2-2-0-1-1-1-0-0-0-0-0-3	0-0-0-2-2-0-0-2-0-1-2-0	1-0-0-2-0-4-0-0-3-1-2-0	1-4-1-0-0-0-4-3-0-1-1-0	0-2-1-1-2-0-0-0-1-3-2-0	0-1-1-0-1-1-3-0-0-2-1-1	1-1-1-2-0-1-0-1-1-1-1-1
331	2	2-2-2-2-2-2-2-2-3-2-3-3	3-3-3-1-0-3-1-2-2-3-1-3	2-1-1-2-2-1-3-2-0-3-3-3	1-1-1-1-1-1-1-2-3-3-3-1	0-3-2-0-1-3-3-1-3-1-1-1	1-9-0-1-0-3-3-1-2-2-2-2	3-0-3-1-3-2-3-1-0-2-1-0	2-0-5-3-0-1-3-0-0-3-2-3	2-1-1-1-4-2-1-1-3-3-0-2	3-1-2-3-1-1-0-2-1-1-1-0	3-9-3-3-9-2-1-3-4-1-2-3	1-1-1-1-1-2-0-1-2-1-2-2
331	3	3-2-2-3-2-2-2-2-2-2-2-2	2-2-2-4-7-2-4-3-4-2-4-2	1-3-5-5-4-1-4-4-2-2-2-4	4-1-4-3-5-4-4-6-4-2-2-5	4-2-4-4-1-2-4-4-2-3-4-3	4-5-4-3-1-4-4-4-2-2-0-5	4-6-2-1-4-3-2-4-0-2-4-4	2-4-3-4-4-1-2-9-4-2-3-2	3-1-9-4-5-4-2-4-2-2-3-5	3-3-2-2-4-3-4-2-4-1-0-3	2-5-2-2-2-3-1-2-2-4-0-4	4-4-3-1-3-3-4-1-3-3-3-5
331	4	3-5-2-4-2-2-4-4-2-2-4-2	3-5-5-3-0-2-3-5-3-2-3-3	3-3-3-2-3-2-3-3-5-3-5-3	3-1-3-3-3-3-4-3-5-2-5-1	3-2-3-3-1-4-5-3-4-4-3-3	3-3-5-1-5-3-5-3-5-4-0-3	3-0-4-1-3-2-7-3-4-2-3-3	7-3-3-3-3-1-4-3-3-4-3-0	4-1-3-3-2-3-7-3-2-5-5-4	3-3-7-4-3-5-3-5-3-2-0-3	4-2-2-5-7-3-1-4-2-3-5-3	4-3-3-1-3-5-3-4-2-3-4-3
331	5	5-4-6-8-5-5-5-5-2-6-6-8	6-4-4-6-3-2-6-6-6-2-6-6	6-6-7-3-5-7-6-6-4-6-4-6	6-5-4-6-3-6-6-3-4-2-4-6	3-6-1-8-6-4-6-6-5-4-6-7	6-3-4-6-4-6-4-7-4-0-6-3	6-5-3-6-6-1-4-6-4-2-6-3	4-4-6-4-3-6-4-3-6-5-6-6	6-5-6-6-3-5-6-6-3-4-4-3	6-6-1-0-6-3-6-4-6-6-6-3	6-3-6-4-6-7-6-6-6-6-6-5	6-3-6-5-6-6-1-6-6-6-6-3
331	6	6-6-5-6-5-6-6-6-2-5-5-5	5-7-7-5-8-2-5-5-5-2-5-5	5-5-5-3-3-8-7-5-7-8-7-5	5-5-6-5-3-5-5-3-7-7-7-5	3-5-2-5-5-6-7-5-7-6-5-3	5-3-4-5-4-5-7-8-6-6-5-6	5-8-6-5-5-6-7-7-6-7-5-7	7-3-5-7-3-5-7-3-5-6-5-5	5-5-7-5-2-3-5-5-6-6-3-5	5-5-6-7-5-6-5-8-5-5-5-3	5-8-5-6-5-5-5-5-5-3-5-6	8-3-5-1-5-5-7-5-5-5-6-6
331	7	8-8-5-8-6-7-7-6-7-5-7-8	7-6-6-5-3-8-7-8-8-2-8-8	3-8-8-3-8-6-8-5-6-6-6-8	8-5-7-8-8-8-6-3-6-6-6-5	8-5-0-5-5-6-8-8-6-6-8-8	7-2-8-7-4-5-6-5-6-6-0-8	6-6-6-5-6-8-4-6-6-2-8-6	4-8-4-8-8-5-9-7-7-8-8-5	9-5-6-8-7-3-4-6-2-7-8-3	9-8-8-8-6-7-8-9-9-7-7-7	4-6-6-7-2-5-5-6-5-7-6-7	9-3-7-7-8-7-7-5-7-5-7-3
331	8	9-9-5-5-8-9-9-9-9-5-7-5	7-6-6-5-8-9-7-7-7-2-7-9	5-7-7-7-7-8-7-6-9-6-8-7	7-8-8-7-7-7-9-3-7-2-7-5	7-5-7-5-5-7-7-7-8-6-7-7	9-2-7-8-8-5-7-6-8-8-4-7	9-6-2-9-9-7-8-9-8-2-7-7	4-7-3-7-7-1-4-8-9-6-7-5	8-5-8-7-7-9-8-8-2-4-7-4	8-8-8-7-8-9-7-8-9-8-5-7	4-6-8-4-2-8-5-5-8-8-4-8	9-9-8-7-7-8-8-5-7-5-8-6
331	9	9-8-5-5-9-8-8-9-8-5-7-5	7-6-9-5-9-9-8-9-9-9-8-9	9-9-9-9-9-9-8-6-8-9-9-9	8-9-9-9-9-9-8-9-6-2-9-5	9-5-9-9-9-9-8-9-9-9-7-9	8-2-8-8-9-5-9-9-9-9-9-7	5-9-9-5-8-9-9-9-9-9-5-7	9-9-9-7-9-5-7-3-8-6-7-5	7-8-8-7-7-8-5-6-9-4-7-9	8-5-9-9-9-8-7-9-7-9-5-9	5-2-2-9-2-7-5-5-9-8-9-8	7-8-9-9-5-9-9-5-9-9-8-9
332	0	0-0-0-0-0-0-0-0-0-0-0-0	0-0-0-0-0-0-0-0-0-0-0-0	0-0-0-0-0-0-0-0-0-0-0-0	0-0-0-0-0-0-0-0-0-0-0-0	0-0-0-0-0-0-0-0-0-0-0-0	0-0-0-0-0-0-0-0-0-0-0-0	0-0-0-0-0-0-0-0-0-0-0-0	0-0-0-0-0-0-0-0-0-0-0-0	0-0-0-0-0-0-0-0-0-0-0-0	0-0-0-0-0-0-0-0-0-0-0-0	0-0-0-0-0-0-0-0-0-0-0-0	0-0-0-0-0-0-0-0-0-0-0-0
332	1	1-1-1-1-1-1-1-1-1-1-1-1	1-2-1-0-0-1-0-2-1-1-0-1	1-0-0-1-1-0-2-1-0-0-2-1	0-0-0-0-1-0-2-0-1-1-2-1	0-0-0-0-0-1-2-0-2-0-0-0	0-2-0-0-0-0-2-0-1-1-1-0	2-2-1-0-0-1-0-1-1-1-0-1	1-1-0-0-1-0-1-2-0-1-0-0	1-0-0-0-1-1-0-2-1-0-1-2	0-1-1-2-0-0-0-1-0-0-0-1	0-0-0-1-0-0-0-0-0-1-2-3	0-1-0-0-0-1-1-0-0-1-1-1
332	2	2-2-2-2-1-1-2-2-2-2-2-3	3-1-1-2-2-1-4-3-3-2-3-4	4-2-0-4-3-3-3-4-1-2-1-3	3-3-2-4-4-3-1-2-3-2-1-0	3-0-3-3-3-3-3-3-1-2-9-3	4-1-3-4-2-3-3-4-1-1-0-4	3-1-1-0-3-2-3-3-2-2-4-3	1-6-8-3-2-3-3-1-2-1-0-0	7-0-3-3-5-1-0-3-1-2-6-1	4-5-1-1-3-4-3-1-3-3-0-4	0-2-0-2-3-3-0-0-0-2-3-2	0-3-2-1-5-2-3-0-2-3-2-2
332	3	3-3-3-3-3-3-3-3-3-3-3-3	2-4-4-2-2-3-2-4-2-2-2-4	4-2-5-2-2-2-4-2-4-2-4-2	2-4-2-2-2-2-4-2-4-3-5-0	2-0-2-2-2-4-4-2-4-3-4-2	2-0-4-0-3-2-4-2-1-3-8-3	7-1-3-3-2-4-4-2-1-6-0-2	3-4-0-2-2-2-4-1-2-0-0-0	4-0-2-2-6-0-8-2-4-3-4-3	0-2-6-4-2-2-5-4-2-2-4-2	8-6-0-3-2-2-0-0-0-2-2-5	0-2-2-4-0-3-2-0-0-2-7-7
332	4	4-3-4-4-3-4-3-4-4-4-5-4	4-3-3-2-2-4-2-3-4-5-5-5	2-2-5-6-5-2-3-2-3-5-3-5	5-5-5-2-2-2-3-2-5-6-3-0	4-0-3-6-2-3-5-4-4-4-6-4	2-4-3-2-4-2-5-2-1-4-3-2	4-1-1-3-2-3-8-6-4-2-2-2	3-3-7-3-2-4-5-6-2-5-9-0	3-7-2-2-2-4-0-5-8-8-3-3	2-2-5-5-8-2-6-3-3-4-3-2	3-2-4-4-5-4-0-0-5-5-5-4	0-5-2-4-5-4-2-0-4-8-3-4
332	5	5-5-6-5-3-6-6-5-5-5-4-8	6-3-3-6-6-6-5-7-6-6-4-7	5-7-7-7-4-7-6-6-7-4-4-4	6-6-4-4-6-6-6-5-4-4-3-6	2-7-9-4-6-5-6-6-5-6-6-6	6-6-3-6-4-7-4-6-3-3-1-4	7-6-7-6-6-5-7-4-4-8-9-3	3-2-4-6-2-6-4-4-2-4-5-5	7-8-6-6-2-4-5-7-4-5-2-4	6-6-3-4-6-2-6-4-6-6-6-2	7-2-5-4-4-9-6-7-6-4-4-5	5-4-6-6-6-5-5-5-4-6-3-5
332	6	5-6-5-5-8-6-6-6-6-4-5-5	5-8-7-5-5-5-5-8-5-6-5-5	5-5-7-4-4-5-7-5-5-8-7-5	5-5-4-4-5-5-5-4-7-4-7-5	2-5-5-4-5-7-5-5-6-5-4-5	5-5-4-5-5-2-7-5-6-6-6-6	5-5-6-5-5-5-7-4-6-8-0-4	6-2-2-5-6-5-6-4-2-6-5-5	5-5-6-5-3-4-5-4-7-6-2-4	5-5-3-4-5-2-4-3-5-5-5-2	5-7-5-4-4-5-5-5-5-5-5-4	5-4-5-5-5-5-8-5-4-5-3-6
332	7	8-6-7-8-6-8-8-7-7-9-7-7	5-6-6-8-8-5-5-8-5-6-9-8	7-5-5-8-8-5-8-8-5-8-6-8	8-5-5-7-8-8-5-7-8-4-8-5	8-5-7-4-5-6-8-7-7-7-8-8	8-4-8-7-5-5-6-8-6-3-3-8	5-6-6-5-2-7-6-7-6-6-8-7	6-8-4-8-7-5-9-8-2-4-8-5	9-4-8-8-8-7-5-5-4-4-8-4	5-5-7-8-8-2-8-3-9-5-8-7	5-6-5-4-4-8-5-5-5-7-4-7	5-8-7-5-5-5-7-5-8-7-3-3
332	8	7-6-7-7-6-7-7-7-7-7-7-9	8-6-6-7-7-9-7-7-9-8-9-7	7-9-7-7-7-8-7-7-9-8-7-7	7-8-8-7-7-7-6-7-7-4-7-9	7-5-7-7-8-7-7-8-8-8-7-7	9-7-7-9-8-9-7-7-8-3-3-7	9-2-3-5-9-8-4-9-8-5-7-8	8-7-2-7-7-9-9-7-2-4-7-8	8-5-9-8-7-6-5-7-4-4-7-4	8-8-8-7-7-2-7-9-9-5-7-7	3-8-4-4-4-7-5-7-6-8-7-8	5-7-7-5-7-4-6-5-7-7-7-2
332	9	9-8-7-7-9-9-7-9-8-7-7-8	8-6-9-7-9-9-8-9-9-9-8-7	9-9-9-8-9-9-8-8-8-9-9-9	7-9-9-9-9-9-8-9-8-9-9-8	7-5-9-9-9-9-8-9-9-9-2-7	8-9-9-8-9-9-9-9-9-9-9-8	8-9-9-9-8-9-9-9-9-9-5-7	9-7-2-8-9-8-7-7-2-8-4-5	8-9-8-8-2-9-9-8-4-3-7-8	5-9-9-9-9-8-9-8-9-9-9-9	9-9-9-9-8-5-9-7-9-5-9-9	8-8-4-5-7-9-9-9-9-9-7-9
333	0	0-0-0-0-0-0-0-0-0-0-0-0	0-0-0-0-0-0-0-0-0-0-0-0	0-0-0-0-0-0-0-0-0-0-0-0	0-0-0-0-0-0-0-0-0-0-0-0	0-0-0-0-0-0-0-0-0-0-0-0	0-0-0-0-0-0-0-0-0-0-0-0	0-0-0-0-0-0-0-0-0-0-0-0	0-0-0-0-0-0-0-0-0-0-0-0	0-0-0-0-0-0-0-0-0-0-0-0	0-0-0-0-0-0-0-0-0-0-0-0	0-0-0-0-0-0-0-0-0-0-0-0	0-0-0-0-0-0-0-0-0-0-0-0
333	1	1-0-1-0-0-0-0-0-0-1-0-1	2-0-0-0-0-0-0-1-0-0-2-0	0-2-0-0-2-0-2-0-0-2-0-2	2-0-0-3-2-2-0-2-1-0-2-0	3-0-2-0-0-1-2-2-1-1-0-2	2-0-2-0-0-3-2-3-0-1-0-2	2-2-0-0-2-0-1-2-0-1-2-3	1-1-1-2-1-0-0-0-0-0-0-0	0-0-2-2-8-1-0-3-0-1-1-1	0-2-0-0-2-7-2-1-2-0-0-1	0-1-0-0-0-0-0-0-0-1-2-0	0-1-1-0-0-1-1-0-1-1-1-1
333	2	2-2-0-2-2-2-2-2-2-2-2-2	1-4-2-0-0-2-0-3-3-2-1-3	2-2-3-0-1-0-3-1-0-4-3-1	1-3-2-1-1-1-0-1-3-2-3-0	1-0-1-2-1-3-3-1-3-2-0-1	1-0-3-0-2-1-3-1-2-2-2-1	3-1-2-2-1-2-0-1-2-2-1-1	2-0-1-3-1-0-1-0-1-2-2-0	2-0-1-1-2-1-2-4-3-2-1-6	0-1-2-3-1-3-1-2-3-3-3-1	2-1-3-3-2-0-0-0-0-1-1-2	2-1-1-2-4-1-1-0-1-4-2-1
333	3	2-3-3-3-3-3-3-3-3-3-3-1	1-4-3-0-3-3-0-2-2-3-1-4	2-3-2-1-1-4-2-4-4-4-2-4	4-4-4-1-1-1-3-1-2-4-4-0	1-0-1-3-4-2-2-4-4-4-1-1	4-1-2-0-3-1-4-1-3-2-4-1	4-1-3-0-2-2-3-2-3-2-4-4	4-1-1-2-1-0-7-5-3-3-0-4	4-0-2-4-3-2-3-1-7-2-4-3	0-1-3-4-2-2-2-3-2-2-2-2	3-3-8-2-3-4-4-4-0-1-4-3	4-4-1-3-4-3-1-4-1-2-2-0
333	4	5-4-5-5-4-4-5-5-5-5-5-5	4-3-3-5-5-5-5-4-5-5-5-5	4-5-5-5-5-5-5-5-5-3-5-4	5-5-5-4-5-5-4-5-3-4-3-5	3-6-5-4-5-3-4-4-3-4-5-5	5-5-2-5-3-6-3-1-3-3-3-5	3-5-4-6-5-4-3-5-4-2-8-3	3-4-5-5-4-4-5-5-6-6-5-5	5-6-4-5-3-5-6-5-3-4-5-5	5-5-3-3-3-3-5-3-5-5-5-3	5-5-3-4-3-3-5-5-5-4-3-4	7-3-4-5-5-5-5-3-5-2-5-5
333	5	4-5-6-4-6-6-8-6-6-6-6-4	6-6-5-4-6-4-6-6-6-6-4-6	5-4-6-8-6-6-4-6-6-6-6-5	6-4-6-6-6-4-6-7-6-6-6-4	6-4-6-6-6-5-5-5-6-6-7-4	5-4-6-7-6-8-6-6-6-5-2-5	8-4-5-5-4-6-7-6-5-6-5-6	5-4-6-4-5-7-4-5-4-3-4-4	5-8-4-4-6-4-4-6-6-5-4-4	4-4-3-5-5-5-5-7-4-4-6-5	5-8-5-6-8-4-4-6-4-4-7-5	6-5-4-4-4-4-4-7-5-4-4-7
333	6	7-7-8-8-5-5-5-7-5-5-7-7	5-5-5-7-5-4-5-7-7-5-7-8	6-7-8-7-7-5-7-5-5-7-5-6	7-5-5-5-7-7-5-7-5-5-7-5	7-4-7-5-5-5-7-7-5-5-5-7	5-5-7-5-5-5-7-7-5-3-2-7	7-7-5-4-8-5-5-5-5-5-7-6	5-7-5-7-7-5-8-7-4-4-7-5	5-4-4-6-7-7-4-7-5-5-7-8	4-7-5-5-7-7-7-5-4-4-5-8	7-5-7-5-5-4-4-5-5-5-5-4	5-7-6-4-5-4-6-5-7-6-7-5
333	7	6-6-6-6-5-6-5-6-5-5-6-6	5-5-6-6-5-5-6-6-6-5-6-6	8-6-6-6-6-7-6-5-6-6-6-6	6-7-7-5-6-6-5-6-5-5-6-6	6-6-6-5-7-6-8-6-7-5-5-6	8-5-6-5-5-8-6-6-7-7-2-6	6-1-5-7-7-5-5-6-7-5-6-7	7-6-5-6-6-5-8-6-8-5-6-7	7-7-7-7-6-6-7-8-3-6-6-6	5-7-7-5-6-8-6-5-8-4-6-1	6-5-6-5-6-6-7-2-7-7-5-7	5-8-5-7-5-7-7-5-6-6-6-5
333	8	8-6-6-6-5-5-5-8-5-5-6-7	5-5-8-6-8-5-6-6-6-8-6-6	8-7-6-5-8-6-7-7-6-8-5-8	6-8-6-8-8-8-7-8-5-8-8-6	6-4-8-8-8-8-7-8-8-8-6-6	5-8-7-6-8-5-8-8-8-8-3-8	7-8-8-7-7-8-8-6-8-8-5-7	8-6-6-7-8-7-6-6-7-4-5-4	7-8-8-7-1-8-8-7-8-5-6-6	7-8-8-5-8-7-6-3-7-8-5-8	5-5-3-3-5-4-8-5-5-4-8-8	6-7-6-5-6-8-8-5-8-8-6-5
334	0	0-0-0-0-0-0-0-0-0-0-0-0	0-0-0-0-0-0-0-0-0-0-0-0	0-0-0-0-0-0-0-0-0-0-0-0	0-0-0-0-0-0-0-0-0-0-0-0	0-0-0-0-0-0-0-0-0-0-0-0	0-0-0-0-0-0-0-0-0-0-0-0	0-0-0-0-0-0-0-0-0-0-0-0	0-0-0-0-0-0-0-0-0-0-0-0	0-0-0-0-0-0-0-0-0-0-0-0	0-0-0-0-0-0-0-0-0-0-0-0	0-0-0-0-0-0-0-0-0-0-0-0	0-0-0-0-0-0-0-0-0-0-0-0
334	1	1-1-1-1-1-1-1-1-1-1-1-1	1-2-1-0-0-2-0-1-2-1-0-1	1-0-0-0-2-0-2-0-0-2-2-2	0-2-2-0-2-0-0-0-2-2-2-1	0-0-0-0-0-2-0-0-2-0-1-0	4-0-0-0-0-0-2-0-1-1-4-2	1-1-1-0-0-1-0-2-1-1-0-1	4-1-0-0-1-0-0-1-0-1-0-0	1-0-1-0-0-0-4-2-0-1-0-0	0-1-0-2-1-0-0-1-0-0-2-1	4-0-7-0-1-0-0-1-2-0-2-1	0-1-0-0-0-1-0-0-0-1-0-1
334	2	3-2-2-2-2-1-3-4-3-2-2-3	3-1-1-3-3-1-3-2-3-3-3-3	2-3-3-3-3-3-3-2-3-3-3-3	3-3-1-3-4-3-3-8-1-1-3-2	5-2-3-5-5-1-3-3-1-1-4-3	3-3-3-2-2-4-3-3-1-2-0-3	3-3-1-0-3-0-3-3-2-2-5-3	1-3-4-3-3-6-1-3-4-3-3-1	1-0-3-3-4-2-1-3-4-5-3-3	4-4-0-1-3-9-3-4-3-0-3-4	1-3-1-2-1-3-2-1-1-3-3-3	0-3-4-3-1-4-3-0-8-0-4-4
334	3	2-3-2-3-3-2-2-3-2-2-2-2	2-4-4-2-5-4-2-2-2-2-2-2	2-2-2-2-2-2-4-5-2-2-4-2	2-2-4-2-2-2-2-2-4-3-4-2	2-0-2-2-2-4-4-2-5-3-2-2	2-2-4-5-3-2-4-2-4-3-6-3	2-2-4-6-2-0-4-2-3-3-0-2	3-2-2-2-2-4-4-2-2-4-6-0	0-0-4-2-3-2-0-2-3-3-2-2	0-3-0-4-2-2-4-3-2-3-4-2	3-2-1-8-8-2-0-3-4-2-2-2	6-2-2-4-0-5-2-0-6-4-7-1
334	4	4-5-2-8-3-4-2-2-2-2-2-5	2-3-3-5-5-5-5-3-5-2-5-6	5-5-6-2-4-2-3-6-2-5-3-4	5-6-6-5-2-2-7-2-3-3-3-7	2-8-2-2-5-3-5-5-3-3-2-2	5-2-3-4-3-2-3-2-3-3-1-2	9-1-3-9-5-5-3-4-2-2-6-1	7-2-2-2-2-5-5-2-2-3-4-4	7-7-3-2-7-5-6-5-8-2-2-5	7-9-4-3-3-2-3-2-5-5-7-2	6-2-6-3-4-4-6-7-7-5-3-1	9-2-5-6-6-6-2-4-9-7-2-2
334	5	2-8-4-4-5-4-5-5-2-2-4-4	4-3-5-4-3-4-4-6-4-5-4-4	4-4-4-2-2-8-6-7-6-6-6-6	4-4-5-4-2-2-6-2-6-5-6-4	2-4-2-2-4-6-6-4-6-6-2-2	4-2-3-6-4-2-6-2-6-5-3-5	6-8-7-4-4-4-6-3-5-5-2-2	5-2-6-2-2-4-6-2-4-5-4-4	5-4-5-2-3-4-4-4-6-2-2-2	4-4-0-4-2-2-3-6-4-4-4-2	4-7-9-5-4-4-4-4-4-2-7-1	3-2-4-3-4-3-2-4-0-4-3-1
334	6	7-4-4-7-3-4-6-8-6-2-6-7	7-3-5-4-8-4-8-5-4-7-7-4	6-7-4-8-7-7-7-4-5-7-5-7	7-4-7-8-8-7-5-6-7-5-5-2	9-4-7-8-7-5-7-7-5-5-7-7	7-8-7-5-6-2-7-7-5-6-3-8	5-5-6-4-7-4-5-7-6-6-8-8	5-8-8-7-8-2-5-8-8-6-3-4	4-4-7-7-8-7-4-4-5-7-7-3	9-4-4-7-7-7-2-5-7-4-4-7	4-5-5-3-9-4-4-4-4-7-7-6	3-7-6-4-4-4-8-4-3-4-3-8
334	7	6-8-4-6-7-7-7-6-7-6-6-6	6-9-7-4-7-7-6-8-4-6-6-6	8-6-6-6-6-6-6-8-8-6-8-6	6-4-6-6-6-6-8-2-8-7-8-4	8-4-2-6-6-8-8-6-9-7-6-6	8-8-8-9-6-6-6-6-7-7-8-6	5-5-8-4-6-7-8-8-5-5-4-6	4-6-4-6-6-4-8-2-6-7-8-4	4-4-6-6-4-6-8-4-7-6-6-4	4-4-7-8-6-6-8-5-6-4-4-6	4-5-1-7-9-4-4-4-4-6-6-5	8-6-4-8-4-4-6-4-8-4-8-1
334	8	9-7-4-4-7-9-8-6-9-8-6-9	8-7-7-4-6-9-6-7-9-6-9-9	7-6-4-6-6-8-7-7-9-6-7-6	6-8-8-6-6-6-7-2-7-5-7-9	7-4-2-6-8-7-7-6-7-8-2-2	7-7-7-9-8-9-7-6-8-7-7-6	7-5-7-4-7-8-7-7-8-6-6-6	7-6-6-9-6-8-7-6-6-8-7-4	8-4-8-6-6-6-7-8-4-6-6-2	9-6-8-7-9-6-3-5-9-7-4-2	4-8-8-3-9-9-4-4-4-6-8-8	3-6-8-7-8-8-6-4-7-4-7-6
334	9	9-7-4-7-9-9-8-9-8-6-8-8	8-7-9-4-9-9-6-9-9-9-8-8	9-8-9-8-9-9-8-8-8-9-9-9	8-9-9-9-9-9-8-9-8-9-9-8	6-4-9-9-9-9-8-9-7-9-6-2	9-9-9-8-9-9-9-9-9-9-9-9	4-9-9-4-8-9-9-9-9-9-4-9	9-9-9-8-9-4-8-6-8-9-4-5	8-4-6-8-6-9-4-4-9-2-7-9	8-4-9-9-9-2-9-9-8-9-4-9	4-6-5-5-7-8-4-4-4-8-9-9	9-7-8-7-4-9-9-4-9-9-2-1
335	0	0-0-0-0-0-0-0-0-0-0-0-0	0-0-0-0-0-0-0-0-0-0-0-0	0-0-0-0-0-0-0-0-0-0-0-0	0-0-0-0-0-0-0-0-0-0-0-0	0-0-0-0-0-0-0-0-0-0-0-0	0-0-0-0-0-0-0-0-0-0-0-0	0-0-0-0-0-0-0-0-0-0-0-0	0-0-0-0-0-0-0-0-0-0-0-0	0-0-0-0-0-0-0-0-0-0-0-0	0-0-0-0-0-0-0-0-0-0-0-0	0-0-0-0-0-0-0-0-0-0-0-0	0-0-0-0-0-0-0-0-0-0-0-0
335	1	1-1-1-1-1-1-1-1-1-1-1-1	1-0-0-1-0-0-0-2-0-1-2-0	2-0-0-1-2-1-2-0-0-2-0-2	2-0-3-2-2-2-0-1-1-0-1-0	1-0-1-0-0-1-2-2-1-0-0-2	2-0-2-0-0-2-2-1-1-1-1-2	2-2-1-0-2-1-1-2-1-1-2-2	1-1-1-2-2-1-1-4-1-0-0-0	1-0-2-2-3-1-0-2-0-1-1-2	0-1-0-0-2-1-2-1-2-0-0-1	0-1-0-3-0-1-0-3-0-1-2-0	0-1-1-0-0-1-2-0-1-1-1-1
335	2	2-2-1-2-2-2-2-2-2-2-2-1	2-3-2-1-3-2-0-1-3-2-1-3	1-2-0-1-1-2-1-4-0-3-3-3	1-3-2-2-1-1-4-1-4-4-3-0	2-3-4-4-3-1-1-1-3-2-0-3	1-6-1-0-2-1-3-2-2-2-5-1	1-1-2-3-1-2-5-1-2-2-1-1	2-1-1-1-1-3-4-0-1-2-0-2	2-2-1-1-2-2-0-1-4-2-1-1	0-1-3-3-1-1-1-2-1-0-0-1	3-1-6-4-5-3-0-3-3-1-1-3	3-1-1-2-0-2-1-0-0-1-1-1
335	3	3-3-4-3-3-2-3-3-3-3-3-3	4-2-2-1-5-4-3-3-4-4-4-4	3-4-4-3-3-3-3-3-4-5-4-3	4-4-4-4-2-3-4-3-2-3-2-3	3-6-2-5-4-2-4-3-2-3-4-6	3-0-2-4-4-4-2-1-4-2-2-1	4-3-3-4-1-3-4-4-1-3-4-4	4-3-4-2-3-4-3-1-3-3-4-4	4-5-4-1-1-4-4-4-5-3-4-5	4-4-2-6-4-1-2-3-3-4-4-1	4-1-4-3-4-4-4-4-4-4-4-4	4-1-3-4-4-4-2-4-4-4-4-4
335	4	3-3-3-5-3-3-3-3-3-3-3-3	3-2-2-6-5-3-5-3-3-3-3-3	4-3-3-5-5-3-5-3-3-3-3-4	5-3-3-3-5-5-3-4-5-2-5-3	5-3-6-3-3-4-5-5-2-4-3-5	2-6-5-3-3-3-4-5-3-2-2-5	3-4-2-5-5-5-3-6-4-2-3-5	3-5-3-5-5-3-2-5-4-4-5-3	3-3-3-5-5-3-3-5-2-4-5-3	3-3-3-6-3-1-5-3-0-3-3-1	3-5-3-2-3-3-3-3-3-3-3-3	3-4-1-5-3-3-1-3-3-3-5-5
335	5	3-6-3-4-5-6-3-3-3-3-3-6	3-2-2-3-4-3-4-4-3-3-3-6	3-4-3-4-4-5-4-6-6-3-3-5	4-5-5-3-4-4-3-4-4-5-4-3	4-3-4-3-5-5-6-4-5-5-3-4	6-2-4-6-3-6-4-4-5-5-2-4	2-1-2-4-5-5-3-6-5-3-4-4	5-4-2-4-4-2-2-4-4-3-4-3	5-3-5-5-4-3-4-4-3-4-4-3	6-4-5-2-1-1-4-6-6-4-3-1	4-5-3-2-4-6-3-4-2-5-5-5	3-6-6-4-5-5-5-3-4-3-4-4
335	6	6-5-6-3-6-6-3-6-3-3-3-5	3-6-6-4-6-6-4-6-3-6-3-5	6-6-6-3-6-6-5-5-5-6-3-6	6-6-6-6-6-6-3-6-5-6-6-3	4-3-4-6-6-5-5-6-6-6-4-3	5-4-6-5-6-5-6-6-6-6-2-6	3-6-6-6-5-6-6-6-6-6-3-6	6-6-6-5-4-2-5-4-5-4-3-3	3-4-6-5-1-6-6-5-6-3-4-3	5-3-6-6-1-1-6-5-5-6-3-6	3-1-2-6-5-5-3-3-3-5-6-5	3-5-3-3-3-6-6-3-6-6-4-6
336	0	0-0-0-0-0-0-0-0-0-0-0-0	0-0-0-0-0-0-0-0-0-0-0-0	0-0-0-0-0-0-0-0-0-0-0-0	0-0-0-0-0-0-0-0-0-0-0-0	0-0-0-0-0-0-0-0-0-0-0-0	0-0-0-0-0-0-0-0-0-0-0-0	0-0-0-0-0-0-0-0-0-0-0-0	0-0-0-0-0-0-0-0-0-0-0-0	0-0-0-0-0-0-0-0-0-0-0-0	0-0-0-0-0-0-0-0-0-0-0-0	0-0-0-0-0-0-0-0-0-0-0-0	0-0-0-0-0-0-0-0-0-0-0-0
336	1	1-1-1-1-1-1-1-1-1-0-1-1	0-2-1-0-3-1-0-1-0-1-0-0	1-0-0-0-0-1-2-0-0-0-2-1	0-0-0-0-0-0-0-1-1-4-2-1	1-0-1-0-0-1-2-0-1-0-0-0	4-0-0-0-0-0-2-0-2-1-4-0	0-2-2-0-2-0-4-0-1-1-0-1	1-0-0-0-1-0-2-2-0-1-0-0	1-0-2-0-1-0-1-2-0-0-0-2	0-1-1-2-0-0-0-1-0-0-0-0	4-0-2-0-1-0-0-0-0-0-2-1	1-0-0-0-0-1-0-0-0-0-4-1
336	2	2-1-2-2-2-1-2-4-2-2-2-1	3-1-1-3-0-3-3-3-3-2-3-3	2-3-0-4-3-4-3-4-0-3-1-3	3-3-3-3-3-3-1-5-3-1-1-2	3-0-3-5-0-3-3-3-1-0-3-3	1-5-3-2-2-3-3-4-1-1-0-3	3-4-1-0-3-2-2-3-2-2-3-5	1-5-4-3-2-3-1-9-2-1-0-0	0-0-3-3-4-3-0-3-3-2-2-1	3-5-0-1-3-4-3-1-3-0-0-4	3-2-1-0-0-2-3-0-0-2-3-1	1-2-2-5-0-2-3-0-2-2-2-2
336	3	3-4-2-3-3-3-3-3-3-3-3-3	2-4-4-2-1-2-2-4-2-2-2-4	3-2-5-2-2-4-4-6-4-4-4-2	2-4-2-2-2-2-6-2-4-3-4-2	2-0-6-2-4-2-4-2-4-3-2-2	2-2-5-0-3-2-4-3-3-3-6-2	2-2-3-3-2-3-4-2-5-5-2-2	3-4-2-2-4-4-6-2-2-5-6-3	3-3-2-2-5-2-3-2-6-3-4-3	2-2-5-4-2-2-2-4-2-4-0-2	3-3-3-4-8-2-2-3-0-2-2-3	6-2-2-3-1-5-2-0-6-2-6-6
336	4	4-3-4-4-3-3-4-4-4-4-4-5	5-3-3-2-5-5-5-3-5-5-5-5	6-5-6-2-4-3-5-5-3-5-3-4	5-5-5-5-2-2-5-2-3-1-3-5	2-4-5-4-6-3-5-5-3-4-5-9	5-5-3-4-6-7-3-2-1-3-1-2	7-2-3-5-5-3-3-5-4-2-7-3	3-2-7-3-3-5-5-5-5-4-7-6	7-6-5-2-2-5-6-5-6-4-3-4	5-6-1-3-7-2-3-3-5-5-5-2	7-2-4-3-1-6-6-7-5-3-3-4	7-2-5-3-5-6-2-8-7-7-1-2
336	5	4-8-4-5-5-5-5-5-5-4-4-4	4-3-6-4-6-4-4-6-4-5-4-4	3-4-3-4-2-6-4-4-7-4-6-6	4-4-5-4-2-4-6-2-6-5-6-4	2-4-4-2-4-6-6-4-6-6-4-2	4-2-3-6-4-4-6-8-6-5-3-5	6-7-7-4-4-5-6-6-5-3-2-2	5-2-4-5-5-4-4-6-4-5-4-4	5-4-4-4-3-4-4-4-6-5-2-3	4-2-3-7-4-2-6-5-4-4-4-2	4-7-6-3-3-4-4-4-4-2-5-5	8-6-4-5-4-3-2-4-4-4-5-3
336	6	7-4-7-7-5-5-6-8-6-6-6-7	7-3-5-2-8-4-8-5-4-7-4-4	4-7-4-8-7-7-7-4-5-7-5-7	7-7-6-8-8-7-5-2-7-5-5-4	2-4-7-8-4-5-7-7-5-5-5-7	5-7-6-6-4-4-7-5-5-6-3-6	5-5-5-4-7-4-5-7-5-6-8-8	5-8-4-7-8-4-5-8-6-4-3-4	4-4-9-8-8-7-4-5-5-5-6-8	4-4-3-3-7-7-5-5-7-4-4-7	4-5-5-3-3-4-4-4-4-6-7-6	4-5-6-4-4-4-6-4-3-4-3-3
336	7	6-8-6-6-7-7-7-6-7-4-6-6	6-8-7-6-7-7-6-8-4-6-6-6	8-6-4-6-6-6-6-8-8-6-8-6	6-6-6-6-6-6-8-2-8-8-8-4	8-4-6-6-4-8-8-6-9-7-6-6	8-6-8-6-6-4-6-7-7-7-8-6	8-5-5-4-6-9-8-6-5-3-4-6	3-6-4-6-6-4-8-7-4-7-8-4	4-4-6-6-3-4-4-4-7-6-6-3	4-4-7-9-6-6-8-3-6-4-4-6	4-5-4-3-9-4-4-4-4-6-6-7	8-6-4-8-4-4-6-4-4-4-8-3
336	8	9-7-4-4-7-9-9-6-9-8-6-9	8-7-7-6-6-9-6-7-9-6-9-9	7-6-7-6-6-8-7-7-9-6-7-6	6-8-8-6-6-6-7-2-7-8-7-4	7-4-7-6-8-7-7-6-8-8-6-6	7-6-7-9-8-4-7-5-8-7-7-6	7-5-7-4-7-8-7-7-8-5-6-6	8-8-6-6-6-4-7-6-6-4-7-4	8-4-4-6-6-4-7-8-7-5-6-6	9-6-8-7-6-6-7-3-9-7-4-6	7-8-8-3-3-9-4-4-7-8-8-8	7-8-9-7-8-5-6-4-2-4-7-7
336	9	9-7-9-7-9-9-8-9-8-6-8-8	8-7-9-6-9-9-6-9-9-9-8-8	9-8-9-8-9-9-8-8-8-9-9-9	8-9-9-9-9-9-8-9-8-9-9-8	9-4-9-9-9-9-8-9-7-9-6-9	8-9-9-8-9-4-9-9-9-9-9-9	8-9-9-9-8-9-9-9-9-9-9-9	9-9-9-8-9-8-6-6-8-4-5-7	8-4-6-6-6-9-9-8-9-9-7-1	8-4-9-9-9-8-9-9-8-9-7-9	4-2-5-5-8-8-4-4-4-8-9-9	9-8-8-3-4-9-9-4-9-9-2-9
337	0	0-0-0-0-0-0-0-0-0-0-0-0	0-0-0-0-0-0-0-0-0-0-0-0	0-0-0-0-0-0-0-0-0-0-0-0	0-0-0-0-0-0-0-0-0-0-0-0	0-0-0-0-0-0-0-0-0-0-0-0	0-0-0-0-0-0-0-0-0-0-0-0	0-0-0-0-0-0-0-0-0-0-0-0	0-0-0-0-0-0-0-0-0-0-0-0	0-0-0-0-0-0-0-0-0-0-0-0	0-0-0-0-0-0-0-0-0-0-0-0	0-0-0-0-0-0-0-0-0-0-0-0	0-0-0-0-0-0-0-0-0-0-0-0
337	1	0-1-1-1-1-0-0-0-1-0-1-1	2-0-0-1-0-0-0-2-0-0-0-0	0-2-0-0-2-0-2-0-0-2-1-2	2-0-0-0-3-2-0-3-1-0-1-0	3-0-1-3-2-1-2-2-0-1-7-2	2-0-2-0-0-0-2-2-1-1-0-3	0-1-1-0-2-0-1-2-0-1-0-2	0-1-2-2-1-0-1-7-1-1-0-0	0-0-2-2-1-3-0-0-0-1-1-1	0-3-0-1-2-1-2-1-2-1-0-1	3-1-1-0-0-0-0-0-0-1-1-0	0-2-1-0-0-1-1-0-4-1-1-0
337	2	2-2-2-2-2-2-2-2-2-2-2-2	1-5-2-1-3-0-0-3-0-2-1-3	0-1-0-1-1-1-3-2-0-3-3-1	1-3-3-1-1-1-0-0-3-2-3-0	2-0-0-1-1-1-3-1-2-2-0-1	1-1-3-2-2-1-3-2-2-2-2-2	4-1-2-2-1-2-3-1-2-2-0-1	2-1-1-3-2-0-5-0-2-2-0-0	2-2-1-1-2-1-2-5-5-2-1-2	0-1-2-3-3-1-1-2-1-0-2-1	1-2-0-2-0-0-2-4-0-1-1-3	2-1-1-0-2-3-1-3-6-1-2-2
337	3	3-3-0-3-3-3-3-3-2-3-3-3	1-3-3-1-2-3-0-2-0-3-1-3	1-3-0-0-1-5-2-5-0-4-2-2	1-2-2-1-1-1-3-1-5-4-2-0	1-0-0-5-4-4-2-3-4-1-0-1	1-1-5-3-3-1-4-5-3-3-4-1	4-1-3-2-1-3-5-2-3-2-4-4	3-1-4-2-3-4-5-2-2-3-0-2	2-3-2-1-3-1-0-5-6-5-1-6	0-1-3-4-2-2-1-2-2-3-3-1	4-3-7-3-4-4-2-3-0-1-1-2	0-1-1-7-4-2-1-2-0-4-0-0
337	4	5-5-6-5-6-5-6-6-5-5-5-7	5-3-3-5-5-5-5-4-5-5-6-5	4-5-5-5-4-7-4-4-5-5-4-4	5-4-5-4-6-4-6-4-4-5-3-6	6-6-4-4-5-3-5-5-3-4-6-4	4-5-6-4-5-7-3-6-5-3-3-5	5-4-4-6-5-5-6-4-3-5-5-3	4-4-5-4-3-5-4-6-5-5-4-5	5-5-4-1-1-4-5-4-1-4-4-4	4-5-5-6-5-5-5-4-5-5-4-4	5-5-4-6-3-5-4-5-6-7-5-5	7-4-4-5-5-5-4-6-4-6-4-5
337	5	4-4-4-4-4-4-4-4-4-4-4-4	4-3-3-4-4-4-4-4-4-4-4-4	5-6-4-4-6-4-6-6-4-6-4-6	6-4-4-6-6-6-4-6-6-4-6-5	6-4-5-6-4-5-6-6-3-5-6-6	5-4-6-5-4-1-6-3-4-5-2-4	4-1-4-4-4-4-3-6-4-4-6-7	2-6-4-6-6-4-2-6-4-4-6-4	4-4-6-6-6-4-4-2-2-5-6-3	7-4-4-6-6-6-6-2-4-4-6-1	4-4-5-4-4-4-4-4-4-4-4-4	4-6-4-4-4-4-6-4-6-4-6-4
337	6	4-7-4-4-4-7-4-4-4-4-4-4	4-3-4-4-4-4-4-5-4-4-4-4	5-5-5-4-5-4-5-5-4-5-7-5	5-6-6-5-4-5-4-5-5-6-5-7	5-4-4-5-6-5-5-5-6-5-5-5	7-6-5-5-6-7-5-5-6-6-2-5	7-1-6-4-5-4-4-5-6-4-5-5	6-5-1-5-5-4-7-5-4-4-5-6	7-4-5-5-5-4-4-4-3-5-5-3	4-5-6-4-5-5-5-4-7-6-6-1	4-6-5-4-3-7-6-5-4-6-6-6	4-5-6-4-5-4-5-4-2-4-5-4
337	7	7-6-4-4-7-6-4-7-4-4-4-4	4-7-7-4-7-4-4-7-4-7-4-6	7-7-7-4-7-4-7-6-4-7-6-7	6-7-7-7-7-7-6-7-7-7-7-6	5-4-7-7-4-7-6-7-7-7-1-7	6-7-7-6-7-6-7-7-7-7-2-7	6-7-7-4-4-7-7-7-7-7-6-5	7-7-7-6-7-7-5-1-6-4-4-4	6-6-7-7-5-7-7-4-7-4-5-3	5-7-7-7-7-5-7-3-6-7-6-7	4-7-3-7-2-6-6-7-6-4-7-7	4-6-4-4-4-7-7-4-7-7-5-7
338	0	0-0-0-0-0-0-0-0-0-0-0-0	0-0-0-0-0-0-0-0-0-0-0-0	0-0-0-0-0-0-0-0-0-0-0-0	0-0-0-0-0-0-0-0-0-0-0-0	0-0-0-0-0-0-0-0-0-0-0-0	0-0-0-0-0-0-0-0-0-0-0-0	0-0-0-0-0-0-0-0-0-0-0-0	0-0-0-0-0-0-0-0-0-0-0-0	0-0-0-0-0-0-0-0-0-0-0-0	0-0-0-0-0-0-0-0-0-0-0-0	0-0-0-0-0-0-0-0-0-0-0-0	0-0-0-0-0-0-0-0-0-0-0-0
338	1	1-1-1-1-1-1-1-1-1-1-1-1	1-2-1-0-0-1-0-2-0-1-0-1	1-0-0-1-1-0-2-0-0-0-2-0	0-0-0-0-0-0-0-1-2-1-2-1	1-0-0-0-0-1-2-0-2-0-0-0	0-0-0-0-0-0-2-0-1-1-0-0	0-2-2-0-0-1-0-4-1-1-0-0	1-1-0-0-0-0-0-2-0-1-0-0	1-0-2-0-0-0-0-2-0-0-0-0	0-1-1-2-0-0-0-1-0-0-0-1	3-0-0-0-0-0-0-0-0-0-2-1	2-0-0-2-0-0-0-0-0-1-0-1
338	2	2-2-2-2-1-1-2-2-2-2-2-3	2-1-1-4-3-1-5-5-3-2-3-3	5-2-3-3-3-4-3-3-0-4-1-3	4-0-2-4-4-4-3-5-3-2-1-6	2-0-2-4-4-3-3-3-1-4-4-4	2-3-3-5-2-4-3-3-1-1-0-5	3-1-1-0-3-2-3-1-0-3-2-3	2-2-5-3-3-4-4-5-2-1-0-4	2-0-3-3-5-0-0-3-1-2-3-2	0-3-1-3-3-2-3-1-3-3-3-2	4-5-3-4-1-2-4-0-0-3-3-2	1-3-2-4-0-3-3-0-4-3-2-2
338	3	3-3-3-3-6-3-3-3-3-3-2-2	2-4-3-2-2-3-2-4-2-3-2-2	4-2-4-2-2-2-4-6-4-2-4-2	2-4-4-2-2-2-2-2-4-4-4-0	3-0-2-2-2-2-4-2-4-3-0-2	2-2-4-4-3-2-4-2-3-3-7-3	5-1-8-5-2-2-2-2-1-4-5-2	3-5-4-4-2-2-5-4-2-0-0-4	5-0-2-2-3-0-3-2-5-3-2-3	6-2-1-4-4-2-2-3-4-2-2-4	4-4-7-3-8-2-4-6-5-2-2-4	7-2-2-3-5-2-2-0-2-6-4-7
338	4	4-4-4-4-3-4-4-4-4-3-4-4	2-6-6-2-2-4-2-3-3-3-5-5	3-2-3-4-2-2-5-7-6-2-5-6	2-5-5-2-2-2-3-2-5-3-3-0	4-0-6-5-2-4-5-4-5-2-2-2	5-5-3-3-4-2-5-2-4-4-5-3	3-5-4-0-2-4-5-5-4-3-3-2	4-4-3-3-4-2-2-3-2-5-5-3	6-0-5-2-4-4-6-3-8-4-3-2	6-3-5-3-5-2-5-5-3-6-5-3	3-3-5-5-7-2-3-4-5-2-3-3	4-2-2-4-8-2-2-0-2-2-3-2
338	5	5-8-5-5-3-5-5-5-5-5-5-5	6-4-4-2-2-7-5-6-6-3-6-6	6-6-6-2-6-6-4-7-7-2-4-4	6-6-4-2-2-2-6-2-4-6-6-5	2-5-5-4-6-3-6-5-4-5-5-2	4-5-7-5-5-6-6-2-5-4-4-6	8-6-4-3-4-5-4-4-5-3-3-6	6-4-6-6-2-7-3-2-5-4-4-6	3-5-6-6-2-5-5-4-3-5-2-5	5-2-6-6-4-2-4-4-6-5-4-2	1-2-4-4-4-8-5-7-4-4-6-5	5-5-5-5-5-5-2-5-5-3-5-2
338	6	6-6-8-7-3-7-8-7-8-6-7-7	5-4-4-2-7-5-5-5-5-7-7-5	5-5-7-2-7-5-7-5-7-2-5-7	7-5-7-7-7-7-5-7-5-5-7-7	7-5-8-7-5-7-7-7-6-7-7-7	6-5-7-6-5-5-5-7-3-3-0-5	3-5-3-3-5-5-7-7-6-3-7-5	5-7-7-7-7-5-8-7-5-5-7-5	8-5-5-5-7-6-5-7-4-5-7-5	8-4-5-5-7-4-7-6-5-4-7-5	7-5-5-3-5-2-6-3-7-2-5-6	5-6-6-7-7-6-5-5-2-3-6-3
338	7	6-8-6-6-7-8-8-6-8-7-6-8	7-4-3-6-6-8-6-6-8-7-6-8	6-8-6-6-6-7-6-8-8-7-6-6	6-7-7-6-6-6-7-6-5-5-6-6	6-0-3-6-7-6-6-6-7-6-6-6	6-7-6-6-5-8-6-6-7-4-3-7	3-3-4-7-8-7-6-6-7-3-6-5	7-6-6-6-6-5-8-6-5-4-6-7	7-7-7-7-6-5-7-7-4-4-6-5	8-7-7-5-6-2-6-7-8-7-6-2	6-7-7-3-4-5-7-5-7-7-7-7	3-7-5-7-7-7-7-5-2-7-7-3
338	8	8-7-6-6-8-8-6-8-7-6-7-7	7-8-8-2-8-8-5-8-7-8-6-7	8-7-8-7-8-8-7-7-7-8-8-8	6-8-8-8-8-8-7-8-4-8-8-6	6-8-8-8-8-8-7-8-8-8-6-6	7-8-8-7-8-7-8-8-8-8-8-8	5-8-3-8-7-8-8-7-8-8-8-8	8-8-8-8-8-5-6-2-2-5-6-8	7-8-5-8-2-8-8-7-4-8-6-5	7-8-8-5-8-2-8-7-8-8-4-8	8-8-8-4-5-5-7-5-8-7-8-7	6-7-5-4-7-8-8-5-8-8-7-8
339	0	0-0-0-0-0-0-0-0-0-0-0-0	0-0-0-0-0-0-0-0-0-0-0-0	0-0-0-0-0-0-0-0-0-0-0-0	0-0-0-0-0-0-0-0-0-0-0-0	0-0-0-0-0-0-0-0-0-0-0-0	0-0-0-0-0-0-0-0-0-0-0-0	0-0-0-0-0-0-0-0-0-0-0-0	0-0-0-0-0-0-0-0-0-0-0-0	0-0-0-0-0-0-0-0-0-0-0-0	0-0-0-0-0-0-0-0-0-0-0-0	0-0-0-0-0-0-0-0-0-0-0-0	0-0-0-0-0-0-0-0-0-0-0-0
339	1	1-1-1-1-1-1-1-1-1-1-1-1	0-2-1-0-0-1-0-2-2-1-0-2	1-0-0-0-2-0-2-0-0-2-2-0	0-0-0-0-0-0-0-1-2-1-0-1	0-0-0-0-0-1-2-0-2-0-3-0	0-0-0-0-0-0-2-0-1-1-4-0	0-2-2-0-0-1-0-0-1-1-0-0	1-0-0-0-1-0-1-0-0-1-0-0	1-0-2-0-3-0-1-0-0-0-0-0	0-1-2-0-0-0-0-1-0-0-0-0	0-1-1-0-2-0-2-0-0-1-1-1	2-1-0-0-0-1-1-0-0-1-0-0
339	2	2-2-1-1-1-1-2-1-2-2-2-2	3-1-1-3-0-2-3-1-3-1-3-3	0-3-0-3-3-3-3-0-3-3-1-3	3-0-3-3-3-3-3-6-3-1-3-0	0-0-2-3-3-3-3-3-1-0-0-0	3-3-3-3-0-3-3-3-1-1-0-3	3-2-1-0-3-2-3-3-2-2-0-3	2-2-3-3-2-2-1-2-2-1-0-0	1-0-1-3-2-3-0-3-3-2-2-2	0-4-1-3-3-2-3-1-3-3-0-2	2-2-0-4-1-3-1-0-1-3-3-2	1-3-2-2-3-2-3-3-3-2-1-2
339	3	3-3-3-3-3-3-2-3-3-3-3-3	2-4-3-2-0-3-2-2-2-3-2-2	4-2-4-2-2-2-2-4-2-4-9-2	2-4-2-2-2-2-2-1-2-4-4-0	3-0-4-2-2-4-2-2-4-3-1-0	2-3-5-2-3-2-4-3-3-3-6-2	2-1-3-4-2-2-8-2-3-3-0-4	3-5-2-2-2-2-6-4-3-6-0-0	3-0-2-2-3-3-3-4-7-3-2-9	0-5-2-4-2-2-2-8-2-4-0-2	3-1-3-5-3-2-0-3-4-2-2-3	2-2-2-3-3-2-2-4-2-3-3-6
339	4	4-4-5-5-3-4-5-6-4-4-4-5	4-3-3-5-5-5-5-4-5-5-5-5	4-5-5-5-4-5-5-4-5-3-5-4	4-5-5-4-4-5-7-4-3-3-3-8	4-5-3-6-6-3-4-4-6-4-4-4	5-5-3-6-8-9-3-5-7-3-1-5	5-4-4-4-5-4-3-5-6-3-5-3	5-3-5-3-4-5-4-5-5-7-5-7	7-6-4-3-7-4-5-3-3-4-4-3	5-7-4-3-3-2-3-4-6-6-7-4	7-5-5-2-7-6-6-5-5-4-3-4	7-4-4-5-5-7-3-7-7-7-5-4
339	5	7-6-6-4-6-6-6-7-6-7-6-4	4-6-6-4-7-7-4-6-4-6-4-6	5-6-4-7-6-6-6-6-6-6-4-6	6-4-6-6-2-4-7-8-6-6-5-4	8-4-5-8-4-5-6-5-5-6-8-4	4-6-6-5-4-6-5-8-7-5-4-6	6-5-5-5-6-5-6-4-6-8-4-8	6-5-4-5-5-6-5-4-5-5-4-4	5-4-7-6-8-8-6-5-8-6-6-8	4-6-6-6-6-2-6-5-4-7-4-2	5-9-4-3-6-9-4-4-4-5-6-4	6-5-4-9-4-8-6-8-5-7-5-7
339	6	5-5-5-8-5-5-5-5-5-5-5-5	4-5-5-6-5-5-5-5-5-5-7-5	4-5-7-5-7-5-7-5-5-5-5-5	7-7-5-5-7-8-5-8-5-5-7-4	5-4-7-4-4-6-7-7-4-5-5-7	7-5-5-4-4-5-7-5-5-3-3-7	5-5-5-5-7-6-5-7-5-3-8-7	5-7-4-7-8-5-9-8-8-5-8-4	6-4-5-7-8-5-5-7-5-5-7-5	4-8-5-5-7-8-5-3-7-4-4-2	4-5-3-0-5-4-4-4-4-5-5-6	5-7-5-8-4-5-7-5-3-6-6-5
339	7	5-8-6-6-7-5-5-5-5-5-5-5	5-8-7-6-5-5-5-8-5-5-6-6	5-6-6-5-6-6-8-8-5-6-8-6	6-6-5-5-6-6-5-6-8-5-6-4	5-4-6-7-4-8-8-6-7-7-5-6	6-5-6-5-3-4-6-7-5-7-8-7	5-6-5-8-6-7-8-6-5-3-6-6	5-6-4-6-6-5-5-6-6-5-5-4	4-4-5-6-7-5-8-6-5-7-6-5	4-4-5-5-6-6-8-5-6-5-9-8	4-5-4-3-4-2-4-4-4-4-5-4	5-6-6-8-4-4-6-4-8-4-8-8
339	8	5-7-5-6-5-5-5-5-5-5-5-9	5-7-7-6-5-5-9-7-5-5-9-9	5-8-5-5-6-5-7-7-9-5-7-6	6-8-8-5-6-6-5-6-7-5-6-4	5-4-6-5-8-7-7-6-8-8-5-6	5-4-5-5-4-9-7-5-8-7-7-8	6-6-5-9-7-8-7-7-8-5-6-5	5-7-8-6-6-5-9-6-6-5-6-4	8-8-5-8-6-5-7-8-5-5-6-5	9-6-8-5-6-6-7-3-9-4-8-7	3-5-5-0-5-5-4-4-4-8-5-8	5-9-5-8-4-5-8-5-7-7-7-7
339	9	9-7-6-6-7-5-5-9-5-5-5-8	5-7-9-6-9-5-8-9-9-9-8-8	9-8-9-5-9-5-8-8-8-9-3-9	8-9-5-9-9-9-8-9-8-9-9-4	5-4-9-9-9-9-8-9-9-9-4-4	8-9-9-8-9-8-9-9-9-9-9-9	8-9-9-9-8-8-9-9-9-9-5-5	9-7-9-8-9-8-6-6-8-5-5-5	8-9-9-8-6-9-9-8-9-5-7-3	8-9-9-9-8-6-9-8-8-9-7-9	4-5-9-9-8-5-4-4-5-8-9-9	5-8-8-5-8-9-9-5-9-9-7-9
340	0	0-0-0-0-0-0-0-0-0-0-0-0	0-0-0-0-0-0-0-0-0-0-0-0	0-0-0-0-0-0-0-0-0-0-0-0	0-0-0-0-0-0-0-0-0-0-0-0	0-0-0-0-0-0-0-0-0-0-0-0	0-0-0-0-0-0-0-0-0-0-0-0	0-0-0-0-0-0-0-0-0-0-0-0	0-0-0-0-0-0-0-0-0-0-0-0	0-0-0-0-0-0-0-0-0-0-0-0	0-0-0-0-0-0-0-0-0-0-0-0	0-0-0-0-0-0-0-0-0-0-0-0	0-0-0-0-0-0-0-0-0-0-0-0
340	1	1-1-1-1-1-1-1-1-1-1-1-1	0-0-0-3-0-0-0-2-0-1-0-0	2-3-0-2-2-1-2-0-0-3-2-2	2-0-1-3-3-2-0-1-1-3-1-0	1-0-3-0-0-1-2-2-1-0-0-1	1-0-2-0-0-3-2-1-1-1-0-0	3-1-1-0-2-2-1-0-1-1-2-2	1-1-1-2-1-0-1-3-1-0-0-2	0-0-2-3-3-0-0-2-0-1-3-1	3-3-0-2-2-3-0-3-2-0-0-3	0-1-0-1-1-1-0-0-0-2-1-1	0-1-1-0-0-1-2-0-1-0-1-1
340	2	2-3-2-2-2-2-2-2-2-2-2-3	0-3-2-1-0-3-1-3-2-2-0-3	1-1-0-1-1-1-3-2-3-1-3-1	1-3-3-1-1-1-2-2-3-2-3-0	2-0-1-3-1-1-3-1-3-2-4-1	1-1-3-0-2-1-3-1-2-2-7-2	1-1-2-2-1-1-3-1-2-2-1-1	2-3-3-1-1-3-5-2-2-2-0-1	2-0-1-1-4-0-3-1-3-2-2-2	0-1-2-1-3-1-4-2-1-3-0-1	3-2-0-3-3-3-0-3-3-1-1-6	3-1-0-3-3-1-1-0-1-6-3-1
340	3	3-2-3-3-2-3-3-2-3-3-3-2	4-2-2-1-5-2-3-2-4-2-4-2	5-4-4-1-3-1-2-4-2-1-2-3	4-5-3-1-1-1-4-1-2-1-2-4	1-7-1-4-5-1-2-3-2-2-3-3	1-1-2-3-3-8-2-1-2-2-2-3	1-1-1-3-4-1-2-4-1-2-6-2	2-2-5-2-1-7-2-1-1-3-5-7	5-0-5-1-1-6-8-5-2-3-1-2	5-1-3-8-2-1-2-1-5-2-5-1	5-1-3-2-2-6-3-5-5-1-1-3	3-1-6-2-2-3-1-3-3-7-2-1
340	4	5-5-5-6-6-5-5-6-6-4-6-6	6-5-4-3-6-5-6-5-5-5-5-5	4-3-5-6-5-5-5-5-5-5-5-5	5-4-5-6-1-5-5-7-5-5-4-4	7-3-4-6-4-4-5-4-5-5-7-8	5-8-5-4-3-1-5-5-5-4-2-4	6-6-7-4-3-4-7-5-5-7-8-7	4-4-8-4-4-5-4-5-1-4-4-4	4-7-8-4-5-5-2-8-7-5-4-4	8-1-4-4-4-8-5-7-5-5-8-1	7-5-7-4-5-8-4-4-8-4-5-4	8-8-4-8-4-5-5-3-3-4-8-8
340	5	4-4-4-4-4-4-4-4-4-4-4-4	4-4-4-7-4-4-6-5-4-4-6-4	5-6-4-4-6-4-6-4-4-4-4-6	6-3-4-4-6-7-4-4-4-4-6-5	4-3-6-5-3-5-6-6-4-4-4-5	4-6-6-5-3-1-6-4-4-4-0-7	7-4-4-7-6-5-2-4-4-4-7-5	4-5-3-6-6-4-2-4-6-4-7-3	3-0-7-5-4-4-3-6-4-4-5-4	3-7-5-6-7-3-4-5-6-4-7-1	3-4-3-4-4-5-3-7-7-7-6-5	4-4-4-7-7-4-6-3-3-5-5-5
340	6	5-8-4-8-4-4-4-4-4-4-4-4	4-7-7-5-4-4-4-4-5-4-5-4	4-5-4-4-5-4-7-5-4-4-7-5	5-6-5-4-5-5-4-4-7-7-5-5	4-3-5-7-3-7-7-5-7-6-4-5	4-5-7-5-6-3-5-5-6-6-2-5	4-4-4-5-5-5-7-5-6-4-3-5	4-7-3-7-5-4-7-4-5-6-5-3	3-0-5-5-6-4-3-5-4-5-5-4	3-5-6-5-7-5-7-4-5-7-5-1	3-5-4-4-4-3-3-3-5-5-5-5	4-5-3-5-4-4-5-3-3-4-6-4
340	7	4-6-4-4-4-8-4-4-4-4-4-8	4-6-6-5-4-4-5-6-4-4-6-8	5-5-5-4-5-4-6-5-4-7-6-5	5-7-7-4-5-5-8-4-6-6-6-8	4-3-5-6-3-6-6-7-6-7-4-6	4-5-6-5-7-1-6-6-7-7-2-5	8-4-4-5-4-5-6-8-7-4-5-4	7-6-3-6-5-4-8-4-5-4-5-3	7-7-5-6-7-4-6-6-8-4-5-4	5-5-7-4-6-4-6-4-8-4-5-1	4-7-4-4-2-7-3-5-5-5-7-5	6-8-3-5-5-4-4-3-4-3-5-4
340	8	8-6-5-6-8-7-4-8-4-4-4-7	4-6-8-5-8-4-5-8-8-8-5-7	8-8-8-4-8-8-8-4-8-8-7-8	7-8-8-8-8-8-7-8-7-8-8-7	4-3-8-8-8-8-7-8-8-8-4-8	7-4-8-7-8-3-7-8-8-8-8-7	7-8-8-8-8-5-8-8-8-8-4-7	8-6-6-7-8-4-7-1-1-4-4-6	7-7-8-8-1-8-3-4-7-4-6-2	4-3-6-3-8-4-8-2-7-8-4-8	3-4-4-6-4-4-3-3-4-4-8-8	4-4-7-4-2-8-8-3-3-8-4-4
341	0	0-0-0-0-0-0-0-0-0-0-0-0	0-0-0-0-0-0-0-0-0-0-0-0	0-0-0-0-0-0-0-0-0-0-0-0	0-0-0-0-0-0-0-0-0-0-0-0	0-0-0-0-0-0-0-0-0-0-0-0	0-0-0-0-0-0-0-0-0-0-0-0	0-0-0-0-0-0-0-0-0-0-0-0	0-0-0-0-0-0-0-0-0-0-0-0	0-0-0-0-0-0-0-0-0-0-0-0	0-0-0-0-0-0-0-0-0-0-0-0	0-0-0-0-0-0-0-0-0-0-0-0	0-0-0-0-0-0-0-0-0-0-0-0
341	1	1-1-1-1-1-1-1-1-1-1-1-1	1-2-0-1-2-1-1-0-2-1-0-2	3-2-2-0-0-2-2-2-0-0-0-0	2-3-3-0-1-1-2-4-0-0-1-4	0-1-1-0-2-0-2-1-0-1-0-0	0-0-0-1-0-2-0-0-0-0-0-2	0-0-0-1-0-1-0-0-0-1-0-0	1-0-0-0-1-2-0-0-1-1-0-0	1-2-2-0-0-0-1-2-0-1-1-0	1-1-1-2-0-1-0-0-1-2-1-0	0-0-1-0-2-1-2-1-3-0-0-1	1-0-8-1-0-1-1-1-1-0-1-0
341	2	2-2-2-2-2-1-2-4-2-1-2-2	1-1-0-3-1-1-1-3-3-3-1-3	1-1-1-4-3-1-3-1-0-4-0-3	3-0-1-3-3-3-1-3-2-0-2-2	2-1-3-5-1-2-3-3-0-0-0-2	3-8-3-4-2-4-3-5-0-2-0-3	3-4-4-1-3-2-8-3-2-2-3-3	0-4-2-3-2-1-3-8-2-1-0-3	2-1-1-3-4-3-1-3-0-2-2-2	2-0-0-1-3-2-2-0-3-1-3-4	2-4-1-0-1-3-1-2-0-2-3-1	0-3-2-5-2-2-3-1-2-2-2-2
341	3	3-3-3-3-3-3-3-3-3-3-3-3	1-4-4-2-1-2-2-4-2-2-2-2	1-2-1-2-2-1-4-3-4-2-4-2	2-1-1-2-2-2-4-2-4-4-2-3	2-1-2-3-2-2-4-2-4-0-0-2	2-2-5-1-5-2-4-2-3-3-4-3	5-2-3-1-2-3-4-2-3-3-5-2	3-2-2-5-2-1-7-2-2-3-3-3	3-1-4-2-5-2-3-2-3-3-4-3	2-4-4-2-2-2-4-5-2-4-2-2	4-2-3-3-8-2-1-1-1-2-2-3	7-2-2-4-3-2-2-3-3-5-5-2
341	4	4-3-5-5-3-4-4-2-4-4-5-5	4-3-3-5-1-3-5-5-5-5-5-5	4-5-5-4-4-5-3-5-5-5-3-4	5-5-5-5-2-5-3-1-3-3-5-8	2-5-1-4-5-3-5-5-3-5-4-4	5-5-3-4-5-6-3-2-3-3-3-2	8-2-2-4-5-4-3-5-3-2-8-8	1-2-5-3-2-5-5-2-2-4-4-5	4-4-5-2-2-4-5-5-5-4-3-5	5-8-3-5-5-2-3-2-5-3-4-2	5-2-5-8-5-5-5-5-5-2-3-4	4-2-5-3-5-6-2-5-2-5-3-2
341	5	4-5-4-4-3-5-5-5-4-4-4-4	4-6-5-4-3-5-4-4-4-5-4-4	4-4-4-4-6-6-4-7-4-6-6-4	4-4-6-4-2-4-7-4-6-5-4-4	2-4-3-2-4-6-4-4-6-4-4-4	4-4-3-4-4-2-6-2-5-5-3-5	3-2-3-3-4-5-3-4-5-6-3-6	5-2-4-3-5-4-4-5-2-5-4-4	5-4-4-4-3-5-4-4-4-5-6-4	4-3-5-4-4-2-5-5-5-3-4-2	4-6-4-5-4-4-4-4-4-2-6-5	3-2-4-5-4-5-2-4-2-2-3-5
341	6	7-6-7-6-7-7-8-7-8-8-7-7	8-5-5-7-7-7-7-6-7-7-7-7	6-7-7-8-7-7-7-6-7-7-5-6	7-5-5-7-7-7-7-7-7-5-7-6	7-8-7-7-4-5-7-7-5-6-7-7	6-6-7-8-6-4-7-7-3-6-3-7	6-5-2-6-7-6-7-6-6-7-7-7	5-7-4-7-7-8-8-7-7-5-7-4	8-1-7-7-7-6-4-6-8-6-7-3	8-7-5-5-7-8-7-7-2-5-7-5	5-5-7-5-4-7-4-4-4-7-6-3	0-7-6-7-4-4-6-4-7-7-8-6
341	7	6-8-6-6-6-8-6-6-6-6-6-6	6-5-5-6-6-6-6-6-6-6-6-6	4-6-6-6-6-7-6-6-6-6-6-6	6-7-7-6-6-6-8-6-6-7-6-6	6-4-6-6-7-7-6-6-7-7-6-6	6-6-6-8-7-4-6-6-7-7-0-7	6-5-6-8-8-7-6-6-7-6-6-6	7-6-2-6-6-1-6-6-6-5-6-4	7-8-7-6-6-6-7-6-6-6-6-0	7-7-7-5-6-3-6-6-8-4-6-6	3-7-6-0-6-7-4-7-7-7-7-7	3-6-7-7-7-7-6-4-6-6-2-2
341	8	8-7-6-6-8-7-6-8-6-6-6-6	6-8-8-6-8-6-7-8-6-8-6-6	8-8-6-6-8-6-6-5-6-8-8-8	6-8-8-6-8-8-7-8-8-8-8-4	6-4-6-8-8-8-7-8-8-8-6-6	7-8-7-7-8-4-8-8-8-8-8-8	4-8-8-8-7-8-8-8-8-8-4-6	8-8-2-8-8-7-6-2-7-5-6-7	6-8-8-8-2-8-8-6-8-6-6-6	7-4-8-8-8-6-6-7-8-8-4-8	4-8-6-4-3-7-4-4-4-7-8-8	8-6-1-3-3-8-8-4-8-8-6-8
342	0	0-0-0-0-0-0-0-0-0-0-0-0	0-0-0-0-0-0-0-0-0-0-0-0	0-0-0-0-0-0-0-0-0-0-0-0	0-0-0-0-0-0-0-0-0-0-0-0	0-0-0-0-0-0-0-0-0-0-0-0	0-0-0-0-0-0-0-0-0-0-0-0	0-0-0-0-0-0-0-0-0-0-0-0	0-0-0-0-0-0-0-0-0-0-0-0	0-0-0-0-0-0-0-0-0-0-0-0	0-0-0-0-0-0-0-0-0-0-0-0	0-0-0-0-0-0-0-0-0-0-0-0	0-0-0-0-0-0-0-0-0-0-0-0
342	1	1-1-1-1-0-0-1-0-1-1-1-2	1-0-0-1-0-1-1-0-0-1-2-0	1-1-3-0-1-3-2-1-0-0-2-0	2-3-2-2-2-2-0-1-0-0-2-5	0-4-5-0-3-0-2-2-0-0-2-1	2-2-0-0-0-2-0-2-0-0-0-2	0-0-0-4-2-1-0-0-0-0-2-2	1-0-0-2-0-3-0-2-0-1-4-1	1-3-2-2-2-0-2-2-0-1-1-0	2-1-1-0-0-0-2-0-2-3-4-0	4-0-0-0-2-1-2-4-4-2-2-1	1-2-1-2-2-1-1-1-1-2-1-0
342	2	2-2-2-2-2-2-2-2-2-2-2-1	1-3-2-1-0-3-1-3-1-2-1-2	2-1-1-2-1-0-3-4-4-2-3-2	1-1-2-1-1-1-0-2-3-4-3-1	0-1-2-0-1-2-3-1-3-2-1-1	1-1-0-3-1-1-3-1-3-3-2-1	3-3-0-1-1-0-0-1-2-7-1-1	2-2-0-1-0-2-0-3-1-3-1-0	0-1-1-1-2-2-1-1-2-3-2-3	1-0-10-0-2-1-1-2-1-1-3-0	3-0-0-7-1-1-1-1-1-1-3-2	3-1-1-1-1-2-1-2-1-1-2-5
342	3	3-2-3-4-2-2-3-3-3-3-3-4	4-2-2-3-3-2-4-4-4-3-4-4	1-3-1-7-4-4-4-4-2-4-2-4	4-1-4-3-5-4-0-3-4-3-5-1	5-1-4-4-4-4-4-4-3-3-3-4	3-4-4-4-3-4-4-4-3-2-0-4	4-2-5-1-4-3-4-4-3-5-3-4	2-5-5-4-4-1-4-10-3-2-3-4	3-1-4-5-5-0-3-4-0-4-5-3	3-5-1-4-4-3-4-2-4-1-5-5	2-3-4-3-2-4-1-1-1-4-4-1	2-4-1-1-2-3-4-4-3-3-3-5
342	4	4-4-4-3-4-4-4-4-4-3-3-3	3-4-5-3-3-5-3-3-3-4-3-3	3-3-3-3-3-3-5-3-2-3-5-3	3-3-5-3-3-3-5-3-3-5-4-1	6-1-8-3-3-3-5-3-5-4-6-3	3-4-5-3-5-3-5-3-4-5-0-4	3-2-4-1-3-4-5-3-4-2-1-3	4-4-3-3-3-5-7-7-3-4-1-3	3-1-3-3-4-5-1-3-5-3-6-5	3-3-2-3-3-3-3-5-3-1-1-3	2-3-4-4-1-3-1-1-1-3-3-2	1-3-1-1-2-3-3-4-7-3-7-3
342	5	5-7-5-6-4-4-5-6-5-5-5-6	5-4-4-3-3-5-6-6-6-4-6-7	9-6-9-3-5-6-6-6-6-3-4-5	6-8-6-3-3-6-4-3-4-4-3-7	3-9-1-5-7-4-4-5-4-5-5-1	3-5-4-5-4-10-4-5-4-4-0-3	10-5-5-9-6-5-4-6-4-3-5-3	2-3-8-4-3-8-4-3-3-5-9-8	10-7-0-3-3-8-7-6-4-5-3-4	7-3-1-7-6-3-2-4-7-5-7-3	7-3-0-2-1-3-5-7-8-3-6-5	2-3-8-1-8-8-4-5-5-9-2-3
342	6	8-6-7-5-7-7-8-7-7-7-7-5	8-8-7-5-7-7-5-7-7-7-7-7	6-7-8-8-7-7-5-7-7-7-8-7	7-5-7-8-3-5-9-7-7-7-6-5	10-5-6-5-5-6-7-6-7-6-9-6	7-7-4-6-7-7-7-7-7-6-0-6	6-7-9-5-7-6-9-7-6-9-6-6	6-3-6-4-6-5-8-8-3-6-6-10	6-6-8-3-7-7-5-5-7-6-4-7	6-6-6-6-5-3-7-6-5-5-10-3	5-10-8-6-7-6-7-6-10-10-7-7	8-6-6-10-7-7-6-6-8-8-6-6
342	7	6-6-6-5-6-6-6-6-6-6-6-6	6-6-6-9-6-6-8-6-6-6-6-6	5-9-5-6-9-6-8-6-6-6-6-6	9-5-6-6-9-9-6-9-6-6-7-5	9-5-1-5-5-7-8-8-6-6-6-9	6-9-8-8-6-5-8-9-6-7-0-8	8-6-6-5-8-7-6-6-6-2-9-7	6-8-5-8-9-5-4-9-3-5-8-5	5-5-6-8-7-6-5-5-6-8-7-6	5-9-7-6-7-8-6-4-8-6-9-3	5-6-0-2-6-6-6-5-5-9-6-9	2-9-5-5-5-6-8-5-4-8-7-8
342	8	6-10-6-6-6-6-6-6-6-6-6-6	6-9-9-7-6-6-7-6-6-6-6-6	6-7-6-6-7-6-9-6-6-6-9-7	7-5-6-6-7-7-9-3-9-6-9-5	7-5-4-9-5-9-9-7-9-8-6-7	6-6-7-7-4-5-7-9-8-8-0-8	7-6-6-5-7-8-9-9-6-9-5-7	6-9-5-9-7-5-6-6-3-8-7-5	8-5-6-7-8-5-5-7-9-7-7-7	5-7-8-10-9-7-9-7-7-6-7-3	5-7-9-10-6-3-8-5-5-7-6-8	6-7-5-1-5-5-7-5-6-6-9-6
342	9	6-10-6-6-6-10-6-6-6-6-6-10	6-8-8-7-6-6-7-8-6-6-6-10	5-7-5-6-7-6-8-6-6-9-8-7	7-5-9-6-7-7-10-7-8-6-8-1	7-5-10-8-5-8-8-7-8-9-6-7	6-7-7-7-6-5-8-7-9-9-0-7	10-6-6-5-10-9-8-8-6-6-7-7	6-8-5-8-7-5-8-7-3-6-5-5	6-9-6-8-9-6-6-5-10-9-7-4	5-7-9-10-8-7-8-6-10-6-9-3	5-9-8-9-9-6-10-1-1-7-6-7	2-7-5-9-7-6-7-5-6-5-8-2
342	10	10-8-6-8-6-9-6-10-6-6-6-9	6-6-10-7-10-6-7-10-10-10-8-9	10-10-10-6-9-6-10-6-6-10-9-10	9-10-10-10-10-10-9-10-9-10-10-5	6-5-10-10-10-10-9-10-10-10-6-10	6-6-10-9-10-5-10-10-10-10-10-9	9-10-10-5-10-8-10-10-10-10-9-7	10-10-3-9-10-10-10-3-3-6-5-6	5-9-10-10-3-10-10-5-9-6-8-2	5-10-8-10-10-3-10-10-9-6-9-10	5-6-8-8-6-6-8-5-6-6-10-10	10-9-9-6-5-10-10-6-10-10-4-10
343	0	0-0-0-0-0-0-0-0-0-0-0-0	0-0-0-0-0-0-0-0-0-0-0-0	0-0-0-0-0-0-0-0-0-0-0-0	0-0-0-0-0-0-0-0-0-0-0-0	0-0-0-0-0-0-0-0-0-0-0-0	0-0-0-0-0-0-0-0-0-0-0-0	0-0-0-0-0-0-0-0-0-0-0-0	0-0-0-0-0-0-0-0-0-0-0-0	0-0-0-0-0-0-0-0-0-0-0-0	0-0-0-0-0-0-0-0-0-0-0-0	0-0-0-0-0-0-0-0-0-0-0-0	0-0-0-0-0-0-0-0-0-0-0-0
343	1	1-2-1-1-1-1-1-1-1-1-1-1	1-0-0-1-0-1-1-0-0-1-0-1	3-2-2-1-1-2-2-2-0-0-0-0	2-2-2-0-1-2-0-4-0-2-2-4	0-2-4-0-2-0-2-2-2-1-1-1	1-1-0-1-1-1-0-0-0-0-0-2	0-0-0-1-0-4-0-0-0-1-1-2	1-0-0-0-0-2-0-0-0-1-2-0	1-2-2-0-0-0-2-2-0-1-1-2	0-0-1-2-2-0-0-0-1-2-3-0	1-0-1-0-1-1-2-0-0-1-0-1	1-2-1-1-0-1-0-1-1-1-1-1
343	2	2-1-2-1-2-2-2-4-2-2-2-2	3-1-0-3-0-2-1-3-1-2-3-3	1-1-1-4-3-1-3-1-3-4-2-3	3-1-1-4-3-3-0-4-3-1-3-3	4-1-2-3-1-2-3-3-1-5-4-3	3-3-3-2-1-3-3-3-0-0-0-4	4-4-0-1-3-0-2-3-0-2-3-3	1-4-4-3-3-1-2-4-4-1-1-0	1-1-3-3-4-3-1-3-0-2-3-2	0-2-0-1-3-4-3-2-3-1-0-4	2-4-1-0-7-1-1-0-0-3-3-2	0-4-1-1-0-2-3-1-0-1-3-4
343	3	3-3-2-3-3-3-3-3-3-2-3-4	2-4-5-2-4-4-1-4-4-4-2-4	1-1-1-2-2-2-4-4-2-2-4-4	2-1-1-2-2-2-5-2-2-5-2-1	2-1-5-3-1-4-4-2-4-2-2-2	2-2-4-2-3-2-4-2-4-3-0-2	2-2-5-1-2-3-5-2-3-5-2-2	1-2-2-2-2-1-6-2-2-4-1-3	1-1-2-2-3-2-1-2-5-3-2-3	4-3-0-6-2-3-2-4-2-2-1-3	4-3-4-4-0-1-1-4-0-2-2-3	0-2-1-1-0-2-2-1-3-3-5-2
343	4	3-3-2-4-3-3-4-4-4-4-3-3	4-3-3-2-3-3-4-3-5-3-5-5	4-5-5-5-4-4-3-5-5-5-3-3	5-4-6-5-2-2-6-2-3-3-3-1	2-6-1-4-4-3-3-5-4-4-2-4	2-2-3-2-5-2-3-2-3-3-2-5	2-2-3-3-4-1-2-5-4-2-5-5	5-2-5-2-2-5-3-2-5-3-5-6	5-4-6-2-2-4-5-5-3-4-2-5	5-5-1-5-4-2-0-3-5-5-4-2	5-2-5-3-4-5-5-5-5-2-2-4	0-2-4-0-5-5-2-5-5-5-3-2
343	5	6-5-6-6-6-6-6-6-6-6-6-6	6-3-3-6-6-6-6-6-6-6-6-6	5-6-6-7-6-6-6-4-6-6-3-5	6-4-7-6-6-6-6-6-6-3-6-7	6-4-7-6-5-6-6-6-4-7-6-6	5-7-6-6-4-6-6-6-5-3-0-6	6-6-3-7-4-5-3-7-5-6-4-6	5-6-4-6-6-5-7-7-4-7-4-4	4-1-4-6-7-6-4-4-3-6-6-4	4-6-5-7-6-6-6-6-4-4-6-6	4-2-6-3-6-4-4-4-6-7-2-4	7-6-5-6-4-4-5-4-6-4-6-5
343	6	5-7-5-5-5-7-5-5-5-5-5-5	5-3-3-5-5-7-5-5-5-5-5-5	5-5-5-5-5-5-5-5-5-5-6-5	5-6-6-5-5-5-7-5-5-3-5-5	5-4-5-5-6-5-5-5-6-6-5-5	7-0-5-5-6-5-5-5-6-6-0-5	5-5-5-7-7-6-6-5-6-5-5-5	6-5-2-5-5-7-3-5-6-4-5-4	6-1-6-5-5-5-6-5-3-5-5-5	6-5-6-3-5-5-5-7-5-6-6-5	3-6-5-5-7-5-4-6-5-6-6-6	7-7-6-6-6-6-2-4-5-4-5-2
343	7	7-6-5-5-7-6-5-7-5-5-5-5	5-7-7-5-7-6-5-7-5-7-6-5	7-7-7-5-7-5-5-6-5-7-5-7	7-7-7-7-7-5-6-7-7-7-5-1	5-4-5-7-7-7-6-7-7-7-5-7	6-5-5-5-7-6-7-7-7-7-7-7	5-7-7-7-6-7-6-5-7-7-5-5	7-5-5-7-5-6-2-5-6-5-5-4	2-7-7-6-5-7-7-4-7-3-5-5	5-4-7-5-7-5-5-6-5-7-7-7	4-7-5-5-6-6-4-4-7-6-7-7	5-6-1-0-6-7-7-4-7-7-5-7
344	0	0-0-0-0-0-0-0-0-0-0-0-0	0-0-0-0-0-0-0-0-0-0-0-0	0-0-0-0-0-0-0-0-0-0-0-0	0-0-0-0-0-0-0-0-0-0-0-0	0-0-0-0-0-0-0-0-0-0-0-0	0-0-0-0-0-0-0-0-0-0-0-0	0-0-0-0-0-0-0-0-0-0-0-0	0-0-0-0-0-0-0-0-0-0-0-0	0-0-0-0-0-0-0-0-0-0-0-0	0-0-0-0-0-0-0-0-0-0-0-0	0-0-0-0-0-0-0-0-0-0-0-0	0-0-0-0-0-0-0-0-0-0-0-0
344	1	1-1-1-1-1-1-1-1-2-1-1-1	2-1-1-3-0-1-2-1-2-2-3-2	1-2-2-2-1-2-2-2-2-2-1-1	2-0-0-1-2-2-3-2-1-0-2-1	3-0-2-2-2-1-2-2-1-1-3-1	3-2-2-0-0-2-2-3-1-1-0-2	3-2-1-0-2-1-1-2-1-1-3-2	1-5-2-2-3-1-1-2-2-0-0-1	0-0-2-2-4-2-0-2-2-1-2-1	3-2-1-0-2-4-2-1-2-0-2-3	2-1-1-0-2-2-1-0-0-2-2-1	0-2-1-1-2-2-2-2-7-1-4-1
344	2	1-2-1-2-1-2-2-2-1-1-2-1	1-3-3-1-1-1-1-3-1-1-1-1	3-1-1-1-1-1-3-5-1-3-3-2	1-0-2-1-1-1-1-1-3-2-3-0	1-0-1-1-1-3-3-1-3-0-1-1	1-1-1-0-2-1-3-1-2-2-2-1	1-1-2-2-1-1-3-1-2-2-1-1	2-4-1-1-1-1-2-6-1-2-3-0	2-1-1-1-2-1-3-1-3-2-1-3	1-1-5-3-1-1-4-3-1-2-3-1	1-3-2-5-1-1-1-2-3-1-1-1	1-1-1-2-1-1-1-1-1-1-6-1
344	3	3-2-1-3-2-3-1-1-3-3-1-3	1-2-2-1-3-3-1-4-1-1-4-5	5-3-1-3-4-4-2-6-4-4-2-4	4-4-4-4-1-1-1-4-4-6-2-0	1-0-1-5-1-2-4-1-5-0-5-3	1-3-2-3-3-1-4-1-3-3-2-3	1-1-2-3-5-1-2-4-3-2-1-5	2-2-1-2-1-4-5-4-6-4-3-0	2-0-2-1-3-3-2-4-2-7-1-2	1-1-2-4-7-1-1-4-2-3-2-1	2-2-3-3-7-3-1-2-2-3-3-3	3-4-1-2-1-3-1-0-1-5-1-3
344	4	5-4-5-3-1-3-4-3-4-5-4-5	4-2-2-5-5-5-6-3-5-1-3-6	5-5-6-5-3-3-5-6-5-3-3-3	5-3-3-3-5-5-4-3-3-3-2-6	1-4-5-3-6-2-5-5-3-6-3-5	5-5-1-5-6-1-5-5-4-2-2-5	5-1-2-6-6-6-2-3-2-7-5-3	2-2-3-5-1-6-3-5-5-3-5-0	6-6-5-5-1-3-6-3-3-5-1-3	5-5-4-3-5-1-2-3-5-6-4-1	6-2-3-3-3-8-6-6-4-5-5-4	4-3-5-6-6-6-5-4-1-3-1-1
344	5	4-7-4-8-6-6-5-5-5-4-4-4	4-6-6-4-4-4-4-6-4-6-4-6	4-4-4-3-3-4-6-4-8-6-6-4	4-5-6-3-4-4-6-1-6-3-6-4	1-4-4-3-4-6-6-4-3-4-3-4	4-4-3-4-5-1-6-4-5-5-2-4	4-1-5-4-3-4-6-4-5-5-4-3	2-1-0-4-1-4-6-4-4-7-4-8	5-4-4-4-5-3-5-3-5-4-1-2	4-4-2-6-4-1-3-5-4-4-6-1	0-2-5-6-6-4-4-5-4-4-4-5	6-3-4-4-4-5-4-8-1-3-1-6
344	6	8-5-8-7-5-5-6-7-6-6-6-6	4-5-5-7-7-4-4-7-5-5-7-7	4-7-4-7-7-8-5-4-7-5-5-7	7-3-5-7-7-7-5-6-7-3-7-4	7-4-6-3-4-5-7-4-3-4-3-6	6-4-7-6-6-8-7-7-5-5-5-7	6-1-5-4-4-4-5-7-5-5-7-7	3-6-7-7-7-4-5-7-8-5-7-0	5-4-4-7-7-7-4-7-3-2-7-3	8-7-4-5-7-4-0-1-4-4-7-6	4-2-7-5-3-7-4-4-4-4-4-6	5-6-6-4-4-4-6-0-7-6-7-5
344	7	6-8-6-6-7-8-8-6-8-7-6-8	7-5-5-6-6-4-4-6-8-7-8-6	8-6-4-6-6-7-6-8-8-6-6-6	6-7-7-6-6-6-8-6-6-3-6-4	6-4-6-4-7-6-6-7-7-7-3-6	8-8-6-4-7-8-6-5-7-7-2-6	8-1-5-4-8-7-5-6-7-5-6-6	7-6-6-6-6-4-8-6-8-5-6-7	7-4-8-7-6-6-7-6-3-3-6-3	7-6-7-4-3-1-2-3-8-4-7-1	6-7-7-3-3-7-4-4-5-7-7-7	5-8-4-4-6-7-4-5-1-3-6-7
344	8	8-7-8-5-8-8-7-8-7-6-6-7	7-8-8-6-8-8-4-8-8-8-7-6	8-8-8-7-8-8-7-7-7-8-5-8	6-8-8-8-8-8-7-8-7-8-8-4	6-4-4-8-8-8-7-8-8-8-6-6	7-8-8-7-8-7-8-8-8-8-8-6	7-8-8-8-7-8-8-6-8-8-4-6	8-8-8-8-8-7-7-6-6-4-6-8	7-8-7-7-1-8-8-7-8-2-7-3	7-8-8-8-8-7-8-7-7-8-8-8	8-8-8-8-7-4-8-8-8-7-8-8	7-7-6-2-7-8-8-8-8-8-6-8
345	0	0-0-0-0-0-0-0-0-0-0-0-0	0-0-0-0-0-0-0-0-0-0-0-0	0-0-0-0-0-0-0-0-0-0-0-0	0-0-0-0-0-0-0-0-0-0-0-0	0-0-0-0-0-0-0-0-0-0-0-0	0-0-0-0-0-0-0-0-0-0-0-0	0-0-0-0-0-0-0-0-0-0-0-0	0-0-0-0-0-0-0-0-0-0-0-0	0-0-0-0-0-0-0-0-0-0-0-0	0-0-0-0-0-0-0-0-0-0-0-0	0-0-0-0-0-0-0-0-0-0-0-0	0-0-0-0-0-0-0-0-0-0-0-0
345	1	1-1-1-1-1-1-1-1-1-0-1-1	0-2-1-0-1-1-0-1-0-1-0-2	1-0-0-0-0-1-2-2-0-0-2-1	0-1-0-0-0-0-3-0-1-2-2-0	1-0-1-0-0-2-2-0-1-3-2-1	2-2-0-0-0-0-2-0-1-1-1-2	1-2-1-0-0-0-0-4-1-2-0-1	1-1-1-1-1-0-2-2-0-1-0-0	1-0-0-0-1-0-0-2-0-1-0-2	0-1-1-2-1-0-0-1-0-0-0-0	2-0-10-2-1-0-0-1-0-0-2-1	1-0-0-0-0-1-0-0-0-0-1-1
345	2	2-1-2-2-2-1-2-2-2-2-2-1	3-1-1-2-0-2-5-3-3-3-3-1	2-3-4-5-3-4-3-1-0-4-1-3	3-3-3-4-3-4-1-3-2-1-1-5	4-0-4-3-0-3-3-3-1-1-4-3	3-4-3-2-2-4-3-5-1-1-0-4	2-1-1-0-3-0-2-3-2-2-5-3	1-2-3-3-2-0-1-4-2-1-0-0	0-0-3-3-10-3-0-3-7-2-5-1	0-3-1-1-3-2-3-1-3-0-0-4	1-2-0-1-0-5-0-0-0-3-3-1	0-3-2-1-0-3-3-0-5-2-2-2
345	3	3-3-2-3-3-1-3-3-3-3-3-3	2-4-3-2-3-3-2-4-4-2-2-4	5-2-2-2-2-2-4-6-2-5-4-2	2-4-4-2-2-2-1-2-4-4-4-2	2-0-2-2-2-4-4-2-3-1-2-2	2-2-4-4-3-2-4-3-3-3-3-2	2-2-1-4-2-3-4-2-3-3-2-2	3-0-2-4-2-3-5-6-2-4-3-6	3-0-2-2-3-2-4-2-4-3-4-3	5-4-3-8-2-3-4-5-4-3-4-2	3-2-4-5-5-5-0-3-0-2-4-4	5-2-2-4-5-4-2-0-3-5-3-6
345	4	4-4-2-4-5-5-5-4-4-3-3-4	2-5-5-2-4-3-2-5-5-4-2-5	6-4-2-2-2-2-5-6-5-2-5-5	2-5-5-2-2-2-5-2-3-3-5-0	2-6-2-2-6-3-5-4-3-0-2-2	5-2-3-3-4-2-5-3-4-4-5-2	5-2-4-5-2-4-5-5-4-3-2-5	4-4-5-3-5-0-6-2-2-4-5-5	3-0-5-2-4-5-3-2-9-9-3-5	0-5-4-5-0-4-3-4-3-7-5-2	3-3-3-4-7-10-0-4-5-3-3-3	4-5-2-5-6-5-3-4-4-4-2-4
345	5	6-3-6-6-4-4-4-5-6-5-5-6	6-4-4-2-4-4-2-4-4-6-6-6	3-6-7-2-6-6-4-3-4-6-4-4	6-4-4-6-2-6-6-2-6-6-4-5	2-5-9-6-8-3-6-6-5-6-6-10	6-6-6-5-4-5-6-2-4-3-4-2	4-6-4-4-2-3-4-6-5-3-2-4	4-6-4-6-4-5-3-8-5-4-4-4	3-0-4-6-5-6-3-10-4-4-2-4	3-4-5-4-2-4-6-4-6-9-4-2	3-8-0-3-6-3-0-3-4-6-6-5	6-6-5-5-3-4-5-9-6-2-6-3
345	6	5-6-5-6-6-6-6-6-5-6-6-5	5-8-6-5-8-4-5-7-5-5-5-5	4-5-5-5-7-5-5-3-7-7-5-7	5-7-5-5-7-5-6-2-5-5-7-5	2-5-2-5-4-7-5-5-7-5-5-5	5-5-5-6-6-5-7-6-6-6-3-6	2-5-4-4-8-6-8-5-6-10-2-7	4-5-4-5-4-7-6-7-5-4-4-7	7-0-7-5-4-5-4-6-10-6-2-6	7-7-4-5-7-3-5-7-5-5-10-2	7-2-7-8-5-7-7-7-7-5-5-6	5-5-5-6-4-5-2-0-5-0-5-3
345	7	9-7-8-7-9-7-8-9-8-8-9-8	8-6-6-8-9-8-8-7-8-8-8-8	7-8-8-8-8-8-8-7-8-8-8-7	8-8-8-7-6-8-8-8-9-6-6-7	9-10-8-5-8-6-8-8-6-7-7-7	8-8-5-8-6-9-6-8-4-3-4-8	10-8-7-8-6-8-6-6-4-7-10-9	8-7-8-7-7-8-8-9-8-8-9-10	8-9-7-6-10-8-8-9-4-7-10-6	7-8-7-10-6-8-10-6-8-8-7-7	8-7-6-7-8-8-7-8-8-7-8-7	9-4-7-8-8-8-7-8-8-3-6-7
345	8	7-7-10-10-7-7-7-7-7-7-7-7	7-6-6-7-7-7-7-7-7-7-7-7	7-7-7-7-9-7-7-7-7-9-9-9	9-7-7-9-9-9-7-7-9-5-9-7	9-7-5-5-5-8-9-9-7-5-5-9	8-7-9-8-4-5-9-9-6-6-3-9	3-7-7-7-6-7-6-9-6-2-9-9	7-9-7-9-9-7-7-9-7-7-9-0	7-0-8-9-9-7-7-9-6-7-9-5	10-7-4-7-9-7-9-9-7-7-9-10	7-2-6-6-7-7-7-7-7-7-7-5	7-5-8-7-9-7-9-7-7-2-8-4
345	9	7-10-7-7-7-10-7-7-7-7-7-10	7-6-7-8-7-7-7-7-8-7-7-7	10-8-7-7-8-7-8-9-7-8-8-8	8-9-9-8-8-8-10-2-7-5-8-10	8-7-5-7-9-8-8-8-9-5-8-8	10-9-8-7-9-10-8-8-9-9-4-8	10-7-6-9-10-9-9-8-9-9-8-8	9-8-7-8-8-7-10-8-7-4-8-9	9-9-9-8-8-7-4-7-4-9-8-4	8-8-9-9-8-4-8-8-10-5-9-2	7-9-8-10-7-10-9-9-9-8-9-9	7-10-10-9-8-5-8-7-2-2-8-2
345	10	10-9-8-8-10-9-7-10-7-8-7-9	7-10-10-7-10-7-7-10-10-10-8-9	10-10-10-10-10-10-10-9-7-10-9-10	9-10-10-10-10-10-9-10-10-10-10-9	8-7-10-10-10-10-9-10-10-10-5-5	9-10-10-9-10-9-10-10-10-10-10-8	9-10-10-10-8-10-10-9-10-10-7-8	10-10-10-9-10-10-8-2-2-7-8-7	9-9-10-9-8-8-10-5-6-4-8-5	8-7-10-7-10-7-8-8-9-10-6-10	7-2-1-9-10-9-9-7-7-7-10-10	7-9-9-4-7-10-10-7-10-10-2-10
346	0	0-0-0-0-0-0-0-0-0-0-0-0	0-0-0-0-0-0-0-0-0-0-0-0	0-0-0-0-0-0-0-0-0-0-0-0	0-0-0-0-0-0-0-0-0-0-0-0	0-0-0-0-0-0-0-0-0-0-0-0	0-0-0-0-0-0-0-0-0-0-0-0	0-0-0-0-0-0-0-0-0-0-0-0	0-0-0-0-0-0-0-0-0-0-0-0	0-0-0-0-0-0-0-0-0-0-0-0	0-0-0-0-0-0-0-0-0-0-0-0	0-0-0-0-0-0-0-0-0-0-0-0	0-0-0-0-0-0-0-0-0-0-0-0
346	1	1-1-2-2-1-1-1-1-1-1-1-2	0-2-1-0-0-2-0-2-0-2-0-0	3-2-1-3-2-2-2-3-2-2-3-2	2-0-2-3-1-0-1-2-2-2-2-0	1-0-1-0-1-1-2-1-2-2-3-1	0-0-0-0-0-0-1-0-1-1-0-2	2-2-1-1-2-0-0-2-1-1-0-1	5-1-0-2-1-0-2-0-1-1-0-1	1-0-2-0-1-5-7-2-2-0-1-1	0-1-2-2-1-0-5-1-0-0-0-1	4-0-8-6-8-1-0-0-4-1-2-1	1-1-1-1-1-1-1-0-4-3-4-1
346	2	1-1-1-1-1-1-2-1-1-1-1-2	3-1-1-3-1-1-3-1-1-3-3-3	1-3-1-1-3-1-1-1-1-3-1-3	3-0-1-4-4-3-1-4-3-1-4-0	5-0-6-7-0-3-3-3-1-1-1-7	0-0-4-4-2-0-3-2-1-1-1-4	1-4-1-0-3-2-3-3-1-2-0-3	1-4-5-3-3-0-8-8-2-1-5-0	2-0-3-4-4-3-0-3-1-2-4-3	0-0-1-1-3-4-3-1-3-0-0-2	5-2-0-1-0-1-0-0-0-3-3-2	0-3-2-2-0-5-3-0-5-2-2-4
346	3	3-3-2-3-3-3-3-3-3-1-2-2	2-4-3-2-3-1-2-4-1-3-2-2	1-2-4-1-2-1-4-1-1-2-4-2	2-3-4-1-2-2-1-2-4-4-3-0	3-0-5-3-3-3-4-2-4-3-1-2	4-4-2-3-3-0-4-2-3-3-3-3	5-4-3-0-2-3-4-2-1-3-5-2	0-2-4-2-2-0-5-4-2-5-1-0	3-0-2-2-3-2-3-4-6-3-2-3	0-1-3-4-2-2-2-5-2-4-4-2	5-3-1-5-5-0-0-0-0-2-2-3	0-2-2-4-0-0-2-0-5-5-3-3
346	4	3-3-4-5-3-4-4-4-4-5-4-6	6-3-3-2-3-3-5-7-6-4-8-5	7-5-5-5-4-6-3-5-5-5-3-5	4-5-3-5-2-5-6-2-3-3-2-5	3-7-3-3-5-4-5-4-3-4-1-5	3-7-2-2-4-6-3-2-1-1-0-5	4-3-3-5-5-0-3-5-0-0-4-1	2-2-2-2-2-6-3-3-5-4-4-5	8-5-3-2-2-6-5-5-5-4-2-4	5-8-4-5-5-2-1-3-6-5-5-2	6-2-5-3-4-6-6-5-6-2-2-4	4-2-6-4-4-6-2-4-6-7-1-2
346	5	6-6-6-6-3-4-5-7-5-4-5-8	4-3-3-2-6-6-7-7-6-6-7-4	4-6-4-4-6-6-3-4-7-6-3-4	6-4-4-7-7-7-4-7-6-7-6-4	7-4-3-3-4-5-6-6-5-5-7-4	6-6-6-5-2-6-6-6-5-5-3-6	6-6-3-4-6-5-3-6-5-1-7-6	1-6-2-6-7-4-3-2-4-4-7-4	5-4-7-6-5-1-4-4-4-6-5-4	4-5-5-4-4-6-6-3-4-4-4-2	3-6-6-3-5-4-4-4-4-6-6-6	8-5-4-7-7-7-2-4-3-3-5-2
346	6	5-8-5-8-7-6-6-6-6-7-7-5	4-7-7-2-5-7-5-7-4-5-5-5	4-5-5-5-5-5-7-4-5-5-7-5	5-4-6-5-5-5-7-1-7-7-5-0	5-4-2-7-4-7-7-5-7-6-5-2	5-6-5-5-3-4-5-5-6-6-1-5	5-5-1-4-5-5-7-5-6-6-5-5	1-7-4-7-5-4-7-2-4-6-7-4	6-4-5-5-6-6-4-7-7-5-5-6	4-5-6-5-7-5-5-3-7-4-5-5	7-5-7-1-7-4-4-4-4-5-5-6	7-5-4-5-5-4-5-4-4-6-7-7
346	7	8-6-5-7-7-8-8-8-8-7-7-8	4-6-6-2-7-6-5-4-8-5-5-8	8-5-7-8-8-5-6-7-5-7-6-7	5-7-7-5-5-5-8-2-6-5-6-8	5-4-5-6-4-6-6-5-6-5-5-2	5-6-5-5-7-8-6-5-7-7-7-5	5-8-6-4-7-5-6-6-7-6-5-5	7-6-2-6-5-0-6-2-4-6-5-4	5-7-5-5-5-1-1-6-8-7-6-8	8-5-7-8-6-5-7-3-8-6-7-2	6-7-6-3-3-4-4-4-4-5-7-7	6-5-7-5-5-5-6-4-4-4-6-2
346	8	8-6-8-6-8-7-7-8-7-7-8-7	4-6-8-2-8-8-5-8-8-8-4-7	8-8-8-7-8-8-8-7-8-8-7-8	7-8-8-8-8-8-7-8-7-8-8-7	5-4-8-8-8-8-7-8-8-8-0-8	8-8-8-5-8-7-7-8-8-8-8-8	7-8-8-6-5-8-7-8-8-6-7-7	8-6-8-7-8-8-5-2-7-8-8-4	4-7-8-7-2-8-8-5-7-8-6-8	7-4-6-8-8-8-8-8-7-8-7-8	4-8-1-7-5-7-4-4-4-8-8-8	8-5-7-1-4-8-8-4-4-8-5-8
347	0	0-0-0-0-0-0-0-0-0-0-0-0	0-0-0-0-0-0-0-0-0-0-0-0	0-0-0-0-0-0-0-0-0-0-0-0	0-0-0-0-0-0-0-0-0-0-0-0	0-0-0-0-0-0-0-0-0-0-0-0	0-0-0-0-0-0-0-0-0-0-0-0	0-0-0-0-0-0-0-0-0-0-0-0	0-0-0-0-0-0-0-0-0-0-0-0	0-0-0-0-0-0-0-0-0-0-0-0	0-0-0-0-0-0-0-0-0-0-0-0	0-0-0-0-0-0-0-0-0-0-0-0	0-0-0-0-0-0-0-0-0-0-0-0
347	1	1-1-1-0-1-1-1-0-1-1-1-1	1-0-0-1-0-1-1-2-2-1-2-2	1-2-2-0-2-2-2-2-0-0-0-1	2-2-2-0-0-1-0-1-0-0-0-7	0-4-7-0-8-0-2-1-0-0-0-1	0-6-0-1-0-2-0-0-0-0-0-2	7-0-0-2-0-0-0-0-0-1-0-0	0-0-0-0-1-2-0-0-1-1-0-1	0-2-2-0-2-0-2-2-0-1-0-1	2-0-1-0-0-0-1-0-4-2-0-1	2-0-1-0-1-1-2-3-0-1-0-1	1-0-1-2-0-1-1-2-1-1-1-1
347	2	2-2-2-3-2-1-2-2-2-2-2-3	2-0-0-3-0-2-3-1-1-2-1-1	1-3-1-6-3-1-2-1-0-3-2-2	3-1-1-3-3-3-0-7-2-0-2-1	2-1-1-6-1-2-3-3-2-0-2-2	3-1-3-2-2-4-3-3-2-0-0-4	2-4-4-1-3-0-2-3-4-2-3-1	0-5-2-3-2-1-0-9-2-1-0-3	2-1-1-3-4-2-1-3-5-2-2-2	3-3-0-3-3-2-3-0-3-1-0-4	1-4-1-0-1-2-1-2-0-2-3-1	1-2-2-1-2-2-2-1-2-2-2-4
347	3	3-3-4-2-3-3-3-3-4-3-4-4	4-4-4-2-0-4-2-4-3-4-4-4	3-2-2-3-2-4-4-3-4-2-4-4	2-3-1-2-2-2-3-3-4-4-4-1	2-3-5-3-4-4-4-2-3-4-5-2	3-9-4-3-4-2-4-2-4-3-0-3	2-2-3-4-2-3-4-2-3-4-2-4	4-4-8-2-2-4-6-4-2-4-3-2	0-1-2-2-5-3-1-4-4-3-4-3	2-3-0-3-2-2-2-3-2-4-2-2	8-9-8-8-9-2-3-1-1-2-4-4	1-2-3-6-0-3-2-1-3-2-3-8
347	4	3-3-3-5-3-3-3-3-3-3-3-3	3-3-3-2-3-3-5-3-3-3-5-3	3-5-5-2-3-3-3-5-3-3-3-3	5-6-4-5-2-5-4-1-3-3-3-1	2-8-1-3-6-3-3-4-3-3-4-9	5-7-3-5-6-2-3-7-3-3-0-2	2-2-2-7-5-3-5-5-3-3-7-3	3-2-6-3-3-3-3-3-6-4-5-6	6-6-7-2-2-4-4-3-8-4-3-3	6-9-4-5-3-2-3-3-6-8-6-2	6-2-6-3-4-6-6-6-6-3-3-3	3-2-4-4-5-3-3-6-9-5-3-2
347	5	7-5-6-7-6-6-7-6-6-6-7-7	6-6-5-2-6-7-4-6-6-6-6-6	5-4-7-7-6-6-6-6-6-6-7-6	6-5-6-6-5-4-6-6-6-3-5-4	8-6-5-7-5-5-6-5-6-5-8-5	6-7-3-5-8-6-6-8-6-5-0-5	5-6-6-5-6-5-4-6-5-8-4-5	5-2-3-5-5-6-8-7-5-5-4-4	5-4-9-5-6-8-7-5-6-6-5-6	5-5-5-6-6-5-6-5-5-4-4-5	4-9-7-5-7-8-4-4-4-5-6-6	5-6-5-7-4-7-5-4-7-4-5-9
347	6	5-5-5-9-5-5-5-5-5-5-5-5	5-5-5-7-5-5-7-5-5-5-5-5	5-8-5-5-8-5-7-5-5-5-5-5	7-4-5-5-7-8-5-5-5-3-8-1	2-5-5-5-4-6-7-7-5-5-5-8	5-7-7-8-4-5-7-5-5-3-0-7	8-5-5-5-7-6-5-5-5-5-4-7	5-7-4-7-8-5-3-8-4-5-5-4	4-4-4-7-8-5-4-5-5-5-6-5	4-7-6-5-5-8-7-5-7-4-4-5	4-6-4-5-7-4-4-4-4-7-5-5	1-7-7-3-8-3-6-4-8-6-6-3
347	7	5-5-5-5-5-5-5-5-5-5-5-5	5-8-5-6-5-5-6-8-5-5-5-5	5-6-5-5-6-5-8-5-5-5-8-6	6-7-5-5-6-6-5-2-8-3-6-1	2-4-1-5-4-8-8-6-7-7-5-6	5-6-6-6-7-5-6-6-7-7-0-6	6-2-5-4-6-9-8-6-5-7-4-6	5-8-4-6-6-5-5-5-4-5-8-4	5-4-5-6-3-3-8-6-9-6-6-5	5-6-7-9-8-7-6-7-6-4-4-7	4-6-5-5-6-5-4-4-4-6-7-7	5-6-4-5-4-5-2-4-5-6-7-5
347	8	5-9-5-9-5-9-5-5-5-5-5-9	5-7-5-6-5-5-6-7-5-5-9-5	5-6-5-5-6-8-7-5-9-5-7-6	6-4-8-5-6-6-7-6-7-3-6-1	5-4-1-5-1-7-7-6-8-8-5-6	5-3-6-6-5-5-8-5-8-8-0-6	9-6-5-9-7-8-7-9-8-5-9-6	5-7-3-7-6-5-5-6-9-4-7-4	8-4-9-6-6-5-7-5-4-5-6-4	9-6-8-5-7-6-8-3-9-4-8-9	3-8-3-3-3-5-4-5-8-8-5-8	9-6-8-8-8-5-8-4-6-7-6-3
347	9	9-8-5-7-5-8-5-9-5-5-5-5	5-9-9-6-9-5-6-9-9-9-8-9	9-8-9-5-9-6-8-5-8-9-5-9	8-9-9-9-9-9-8-9-7-3-9-4	2-4-9-9-9-9-8-9-9-9-5-4	5-3-6-6-9-5-9-9-9-9-9-9	8-9-9-9-8-9-9-9-9-9-8-8	9-9-2-8-9-5-9-2-8-5-5-5	8-8-5-8-2-9-9-6-7-5-6-8	8-4-9-7-9-6-9-7-8-9-4-9	4-3-3-7-3-8-4-4-5-8-9-8	5-6-8-5-7-9-9-4-9-9-2-5
348	0	0-0-0-0-0-0-0-0-0-0-0-0	0-0-0-0-0-0-0-0-0-0-0-0	0-0-0-0-0-0-0-0-0-0-0-0	0-0-0-0-0-0-0-0-0-0-0-0	0-0-0-0-0-0-0-0-0-0-0-0	0-0-0-0-0-0-0-0-0-0-0-0	0-0-0-0-0-0-0-0-0-0-0-0	0-0-0-0-0-0-0-0-0-0-0-0	0-0-0-0-0-0-0-0-0-0-0-0	0-0-0-0-0-0-0-0-0-0-0-0	0-0-0-0-0-0-0-0-0-0-0-0	0-0-0-0-0-0-0-0-0-0-0-0
348	1	0-1-0-0-0-0-1-1-1-0-0-1	2-0-0-2-0-0-0-2-0-0-2-0	0-3-0-0-2-0-2-0-0-2-2-2	2-0-0-2-2-2-0-3-1-0-1-0	1-0-1-2-0-1-2-2-0-1-3-0	2-0-2-0-1-2-2-1-1-1-0-0	3-1-1-0-2-3-1-2-1-1-0-2	0-3-3-2-2-0-1-0-1-0-0-0	2-0-2-3-3-2-0-2-1-0-3-1	0-3-0-0-2-1-0-1-2-0-0-3	0-1-0-0-0-0-0-1-0-2-1-0	0-1-0-0-0-1-3-0-1-0-1-1
348	2	2-2-0-2-2-2-2-2-2-1-2-3	1-3-2-1-3-3-0-3-1-3-1-3	2-2-0-1-1-0-3-3-0-1-3-3	1-0-0-1-1-1-0-0-3-3-3-0	1-0-4-2-1-1-3-1-3-2-0-0	1-0-3-0-2-1-3-2-2-2-3-2	1-1-2-0-1-2-3-1-2-2-0-1	2-0-1-1-1-3-5-3-1-3-0-2	1-2-3-1-0-1-0-3-2-2-1-2	0-0-2-7-1-1-3-3-1-0-0-1	3-2-8-2-8-0-0-4-0-1-1-2	0-1-0-0-0-1-1-0-1-4-1-2
348	3	2-2-3-3-2-2-3-3-3-3-2-2	3-2-2-3-2-2-4-2-4-2-4-2	8-4-5-4-3-3-2-2-0-4-2-2	3-5-3-4-1-4-6-1-2-2-4-0	1-7-0-3-5-2-2-3-3-3-1-0	2-1-2-3-3-8-2-3-2-2-2-3	1-1-2-3-3-2-2-4-3-2-3-2	2-1-6-2-2-6-2-2-1-2-3-5	3-3-2-1-1-3-0-5-2-3-1-7	6-8-0-0-3-1-2-2-7-7-4-1	5-1-5-3-0-3-6-8-4-0-2-0	3-1-6-0-5-5-1-5-6-0-3-1
348	4	6-4-5-6-5-5-5-6-6-5-5-5	6-5-5-3-6-6-5-5-5-5-6-5	4-3-6-6-4-5-5-5-5-5-5-4	4-4-5-6-4-3-5-7-5-5-4-8	7-6-7-6-4-4-5-4-5-5-7-4	5-6-2-4-5-7-4-5-5-4-2-4	5-4-4-4-4-4-7-5-5-7-4-5	4-4-5-4-4-5-6-5-1-4-3-4	4-5-5-4-5-7-6-4-5-7-4-7	4-4-4-4-5-5-5-4-3-3-5-7	4-7-6-4-5-4-3-4-5-4-7-4	5-8-4-8-6-7-7-3-6-6-4-8
348	5	4-4-4-7-4-4-4-4-4-4-4-4	4-4-4-6-4-4-4-4-4-4-6-4	6-6-7-4-7-4-6-4-4-4-4-6	6-3-4-4-6-7-4-5-4-4-5-6	6-4-5-5-3-5-6-6-4-4-4-6	4-6-6-5-4-4-6-4-4-4-0-7	4-4-4-6-6-5-3-4-4-4-7-6	4-6-3-6-5-4-2-4-4-4-7-3	4-4-6-6-7-3-7-6-4-4-5-4	3-7-5-6-4-7-6-5-6-3-7-1	3-5-5-2-4-4-3-5-4-5-6-5	4-7-5-6-3-4-5-3-7-4-5-4
348	6	4-4-4-4-4-4-4-4-4-4-4-4	4-4-6-5-4-4-5-7-4-4-5-5	5-5-4-4-5-4-7-4-4-4-7-5	5-6-7-4-5-5-4-4-7-7-5-5	5-4-5-4-3-7-7-5-6-6-4-5	4-5-5-5-6-4-5-5-6-6-7-5	4-4-4-5-5-8-7-5-6-6-5-5	6-7-3-5-5-3-4-4-8-4-5-3	4-4-5-5-6-4-7-5-4-4-5-4	3-5-6-5-7-6-5-4-5-3-5-6	4-5-5-8-4-4-3-4-5-5-5-6	4-5-3-5-4-4-5-3-4-4-6-4
348	7	8-8-4-5-4-8-4-4-4-4-4-8	4-6-6-5-4-4-5-6-4-4-8-4	4-5-5-4-5-7-6-4-8-7-6-5	5-7-7-4-5-5-8-5-6-6-6-5	4-3-4-4-3-6-6-5-6-7-4-5	4-6-5-5-7-4-6-4-7-6-6-5	8-4-4-5-6-7-6-6-7-4-5-5	7-6-1-6-5-4-4-4-8-4-5-3	7-7-4-5-5-4-6-7-4-4-5-4	8-5-7-2-6-5-4-4-8-3-5-4	4-4-5-2-6-8-3-7-5-5-4-7	4-5-7-5-5-4-4-3-5-6-5-4
348	8	8-7-5-6-8-7-4-8-4-4-4-4	4-8-8-5-8-4-5-8-8-8-7-8	8-8-8-4-8-8-7-4-7-8-4-8	7-8-8-8-8-8-7-8-7-8-8-4	1-4-8-8-8-8-7-8-8-8-5-8	4-8-8-5-8-3-8-8-8-8-8-8	7-8-8-8-7-6-8-8-8-8-4-7	8-8-8-7-8-8-8-1-7-4-4-4	7-7-8-8-1-8-8-7-4-4-8-8	7-8-6-8-8-4-8-4-7-8-4-8	3-4-8-6-4-7-4-3-4-4-8-8	4-4-7-4-6-8-8-4-8-8-5-4
349	0	0-0-0-0-0-0-0-0-0-0-0-0	0-0-0-0-0-0-0-0-0-0-0-0	0-0-0-0-0-0-0-0-0-0-0-0	0-0-0-0-0-0-0-0-0-0-0-0	0-0-0-0-0-0-0-0-0-0-0-0	0-0-0-0-0-0-0-0-0-0-0-0	0-0-0-0-0-0-0-0-0-0-0-0	0-0-0-0-0-0-0-0-0-0-0-0	0-0-0-0-0-0-0-0-0-0-0-0	0-0-0-0-0-0-0-0-0-0-0-0	0-0-0-0-0-0-0-0-0-0-0-0	0-0-0-0-0-0-0-0-0-0-0-0
349	1	1-1-1-1-1-1-1-1-1-1-1-1	2-0-0-3-0-1-0-0-0-1-3-0	0-3-0-0-2-2-0-0-0-3-0-2	2-0-0-2-2-2-0-1-1-1-1-0	1-0-0-0-2-2-2-2-1-1-0-2	2-3-2-0-0-3-2-1-1-1-3-3	2-2-1-0-2-1-1-2-1-1-3-2	1-1-3-2-3-3-1-6-1-0-0-0	1-0-2-2-3-2-0-2-1-1-1-1	0-2-1-0-2-1-0-3-2-2-0-3	3-1-0-0-3-1-0-0-3-2-1-0	1-1-1-2-3-1-2-0-3-2-1-3
349	2	2-3-2-2-2-2-2-2-2-2-3-3	1-3-2-1-0-3-0-3-3-2-0-3	2-1-2-1-1-1-3-4-0-1-3-3	1-3-2-1-1-1-4-2-3-1-3-0	2-0-3-2-1-1-3-1-2-2-0-3	1-5-4-2-2-1-3-1-2-2-5-2	5-1-2-2-1-1-3-1-2-2-3-1	2-3-1-3-2-1-4-3-1-2-0-0	0-0-1-1-2-1-6-1-4-2-1-3	3-1-2-1-1-1-3-2-1-3-3-1	3-1-1-4-5-1-3-3-0-1-1-0	1-1-1-6-1-1-1-0-1-1-2-6
349	3	4-2-3-4-3-2-4-3-4-3-2-4	3-2-2-1-5-2-3-4-4-4-4-4	3-4-5-6-2-1-2-4-4-1-2-2	4-4-4-4-1-4-4-3-2-1-2-4	2-5-2-4-4-1-4-3-3-3-4-6	1-1-2-3-4-1-2-1-1-2-1-3	4-1-2-4-4-3-5-0-4-2-4-2	4-3-4-2-2-4-2-2-4-5-4-4	4-4-4-1-1-4-4-1-5-3-1-5	4-6-2-6-2-1-4-1-4-5-4-1	4-1-3-2-4-4-4-4-1-1-2-3	4-1-6-4-4-4-4-5-1-1-1-1
349	4	4-4-6-5-4-3-6-5-3-6-4-4	4-2-2-5-5-5-3-5-5-3-6-3	3-5-5-5-5-6-5-5-5-5-3-5	5-3-3-5-5-5-3-1-5-2-5-3	5-3-4-3-3-4-5-5-4-4-3-5	3-4-5-4-3-3-4-4-1-2-2-4	3-3-2-3-4-4-3-6-3-4-5-5	3-4-3-4-5-3-2-5-5-3-5-3	3-3-3-5-5-3-3-5-2-3-5-3	3-5-4-5-5-5-3-2-3-3-3-1	3-1-5-2-3-3-3-3-5-4-4-4	3-2-4-5-3-3-3-3-5-1-5-5
349	5	4-6-4-4-5-6-6-4-6-5-5-6	5-2-2-4-4-4-3-4-4-5-4-6	6-4-4-4-4-2-4-6-6-4-5-4	4-5-5-4-4-4-3-5-4-5-4-3	4-3-2-3-5-4-4-4-5-5-3-4	6-6-4-5-3-6-4-4-5-5-2-5	6-1-2-5-6-5-3-6-5-4-4-4	5-5-3-4-4-5-2-4-4-3-4-5	5-3-4-5-4-3-5-4-3-3-4-3	6-5-5-4-4-4-5-2-6-3-5-1	4-5-4-2-6-6-3-4-4-5-5-4	6-6-5-4-5-4-5-3-4-0-4-4
349	6	6-5-4-4-6-6-4-6-5-4-5-5	5-6-6-4-6-6-3-6-5-6-4-5	6-6-6-3-6-4-5-5-5-6-3-6	5-6-6-6-6-6-5-6-5-6-6-3	4-3-6-6-6-6-5-6-6-6-4-3	5-6-6-5-6-3-6-6-6-6-2-5	5-6-2-6-5-6-6-6-6-6-5-4	6-6-6-5-6-5-6-4-4-3-3-6	5-6-6-6-4-6-6-5-6-2-6-2	5-3-6-6-6-1-6-2-5-6-2-6	2-6-6-3-5-5-3-3-3-5-6-5	5-5-3-2-2-6-6-3-6-6-5-6
350	0	0-0-0-0-0-0-0-0-0-0-0-0	0-0-0-0-0-0-0-0-0-0-0-0	0-0-0-0-0-0-0-0-0-0-0-0	0-0-0-0-0-0-0-0-0-0-0-0	0-0-0-0-0-0-0-0-0-0-0-0	0-0-0-0-0-0-0-0-0-0-0-0	0-0-0-0-0-0-0-0-0-0-0-0	0-0-0-0-0-0-0-0-0-0-0-0	0-0-0-0-0-0-0-0-0-0-0-0	0-0-0-0-0-0-0-0-0-0-0-0	0-0-0-0-0-0-0-0-0-0-0-0	0-0-0-0-0-0-0-0-0-0-0-0
350	1	1-1-2-2-2-1-1-2-2-1-1-2	2-1-1-0-0-2-0-2-4-2-2-2	1-2-0-2-2-2-2-2-2-2-2-1	2-1-2-2-2-0-2-5-1-2-2-2	2-0-2-0-1-1-2-2-2-1-4-1	4-2-2-1-2-0-2-2-1-1-1-2	2-3-1-1-1-1-0-2-1-1-1-4	1-1-0-1-1-4-1-2-1-1-0-1	1-0-2-0-2-4-1-2-2-2-1-4	4-1-2-2-1-2-3-2-0-8-0-1	4-4-4-3-3-2-1-1-4-1-5-1	3-2-1-1-1-2-1-0-4-4-4-8
350	2	1-1-1-1-1-1-1-1-1-1-1-1	1-1-1-3-1-1-3-1-1-1-3-1	1-3-1-1-3-1-3-1-1-1-1-3	3-0-1-1-3-3-1-1-3-1-1-1	1-0-1-7-0-3-3-3-1-1-1-2	1-1-1-3-1-1-3-1-1-1-0-3	1-1-1-1-3-2-0-3-1-1-3-3	1-2-4-3-3-1-8-4-2-0-2-0	0-0-3-4-4-1-0-1-1-2-4-1	1-0-1-1-3-4-1-1-3-0-0-3	0-1-1-1-1-1-0-0-0-3-1-2	1-1-1-1-0-1-4-0-0-0-2-4
350	3	1-3-1-1-4-1-1-1-1-1-1-4	1-4-4-2-1-1-2-2-1-1-2-1	2-2-1-1-2-1-4-1-1-2-4-2	2-3-3-2-2-2-5-1-4-3-3-1	1-0-2-3-4-4-4-2-3-3-1-2	1-1-4-2-3-0-2-4-4-3-0-2	5-1-4-0-2-3-4-2-3-5-2-2	1-2-0-2-2-1-5-2-3-1-5-4	0-0-2-2-3-1-0-4-1-3-2-3	4-1-3-4-2-2-4-3-2-4-0-2	7-3-1-1-1-1-0-0-0-2-1-3	1-4-0-4-0-1-2-1-5-1-5-1
350	4	5-3-1-5-3-1-5-1-4-1-1-3	5-3-3-5-6-1-5-7-5-1-5-5	7-5-5-4-4-1-3-5-5-6-3-4	5-4-7-6-2-2-3-2-3-1-3-5	1-6-4-4-7-3-5-5-4-3-1-6	1-1-3-1-5-7-3-3-3-3-0-2	5-2-3-5-4-4-3-5-1-3-6-1	1-2-6-2-2-1-3-2-5-4-0-5	5-0-5-2-2-1-6-3-1-4-2-1	6-8-4-3-5-2-3-3-5-3-4-2	5-1-5-1-1-5-6-6-6-1-1-4	1-3-7-4-4-6-2-5-1-7-1-2
350	5	5-6-5-4-5-1-4-5-4-5-5-5	4-3-3-7-4-1-7-6-4-6-4-4	4-7-4-2-7-6-6-7-4-6-6-5	7-4-4-7-7-7-3-7-5-7-5-4	7-4-7-5-4-5-6-6-4-5-7-5	6-6-6-7-4-6-6-7-5-3-0-6	6-5-3-4-6-4-3-6-1-3-7-5	5-5-4-6-7-1-3-7-4-4-2-4	4-0-7-6-5-1-0-6-3-5-5-6	4-7-5-6-4-6-6-6-6-4-4-5	4-5-4-1-1-4-4-4-4-7-6-7	0-6-4-7-4-1-6-4-7-4-3-5
350	6	5-8-5-8-5-6-6-8-6-5-5-5	7-7-7-5-7-7-5-5-4-5-4-5	4-5-5-5-5-5-7-5-4-4-7-5	5-4-4-4-5-5-7-5-7-7-7-4	5-4-5-7-4-7-7-5-6-6-5-4	5-5-5-5-4-4-7-5-6-6-0-6	5-5-7-4-5-4-7-7-6-7-4-5	1-6-4-7-5-6-7-7-5-6-7-0	4-0-7-5-6-4-4-5-7-5-5-5	4-7-6-5-7-5-7-5-7-7-4-6	4-5-7-1-4-4-4-4-4-5-5-5	7-5-4-5-4-4-5-4-4-4-7-1
350	7	8-6-5-4-5-8-8-8-8-7-7-8	8-6-6-5-7-6-5-4-4-8-4-8	4-5-5-8-5-5-6-5-4-7-6-5	5-4-7-5-5-5-8-5-6-5-6-8	5-4-5-6-4-6-8-5-6-7-5-5	5-5-5-5-7-4-6-5-7-7-3-7	8-8-6-7-6-7-6-6-7-6-5-5	7-6-4-6-5-1-6-5-5-6-6-4	6-7-5-6-7-1-1-6-8-7-5-5	8-5-7-8-6-2-6-2-6-6-7-6	3-7-6-7-1-7-4-4-7-5-7-5	6-6-4-5-7-1-6-4-5-4-6-3
350	8	8-6-8-6-8-7-7-8-7-7-8-7	7-6-8-5-8-8-5-8-8-8-4-7	8-8-8-7-8-5-7-7-8-8-7-8	7-8-8-8-8-8-7-8-7-8-8-7	5-4-8-8-8-8-7-8-8-8-7-8	8-8-8-7-8-7-7-8-8-8-8-7	7-8-8-8-8-8-8-7-8-6-5-7	8-6-8-7-8-8-2-2-7-4-5-4	4-7-8-8-5-8-8-5-7-8-6-5	7-4-8-7-8-5-8-8-7-8-7-8	4-1-6-7-1-7-4-4-4-1-8-8	8-1-4-1-4-8-8-4-8-8-3-1
351	0	0-0-0-0-0-0-0-0-0-0-0-0	0-0-0-0-0-0-0-0-0-0-0-0	0-0-0-0-0-0-0-0-0-0-0-0	0-0-0-0-0-0-0-0-0-0-0-0	0-0-0-0-0-0-0-0-0-0-0-0	0-0-0-0-0-0-0-0-0-0-0-0	0-0-0-0-0-0-0-0-0-0-0-0	0-0-0-0-0-0-0-0-0-0-0-0	0-0-0-0-0-0-0-0-0-0-0-0	0-0-0-0-0-0-0-0-0-0-0-0	0-0-0-0-0-0-0-0-0-0-0-0	0-0-0-0-0-0-0-0-0-0-0-0
351	1	1-1-1-2-1-1-1-1-1-1-2-1	1-1-0-1-0-1-1-2-2-1-0-2	2-1-3-0-0-2-3-2-0-0-0-0	2-3-2-0-1-2-0-4-0-0-0-1	0-1-1-0-2-0-2-2-0-1-0-0	0-3-0-1-0-2-0-0-0-0-0-1	3-0-0-1-0-4-0-0-0-1-0-0	1-0-0-0-0-2-0-0-1-1-3-0	1-3-0-0-0-0-2-2-0-1-0-0	2-1-0-2-2-3-0-0-1-1-3-0	3-1-1-0-1-2-2-3-3-1-0-1	1-0-1-1-1-1-1-1-0-1-1-0
351	2	2-2-2-2-2-2-2-2-2-1-2-2	3-2-0-4-0-1-1-1-1-2-3-1	1-1-1-3-3-1-1-1-0-3-2-3	3-3-1-3-3-3-3-3-3-0-2-1	3-1-1-3-3-2-3-3-0-2-0-3	3-8-3-4-0-3-3-2-2-2-0-4	3-2-0-1-3-2-4-3-0-2-3-4	1-2-2-3-3-1-2-8-2-2-2-0	1-1-3-3-4-3-1-3-3-2-2-2	2-2-0-1-3-2-3-4-3-2-0-2	1-4-2-0-1-1-1-1-1-2-3-5	1-2-1-1-1-2-3-1-2-2-2-7
351	3	3-3-3-4-3-3-3-3-3-3-3-4	2-4-4-2-3-4-1-4-3-3-2-4	4-1-1-2-2-2-4-3-4-2-4-2	2-1-1-2-2-2-4-2-2-0-4-1	2-1-1-4-2-2-4-2-3-6-0-2	2-1-4-2-6-2-4-3-3-3-7-3	2-2-3-1-2-3-6-2-3-4-2-2	3-2-2-2-2-4-3-4-4-3-3-3	3-1-2-2-3-2-4-2-2-3-4-3	1-2-3-2-2-5-5-4-2-4-1-2	1-3-8-3-1-4-4-1-1-2-2-3	7-2-1-4-8-3-2-1-2-2-8-7
351	4	3-3-4-5-3-3-4-3-5-4-4-5	4-3-3-2-5-3-5-3-5-4-5-3	8-5-6-5-4-5-3-5-3-5-3-4	5-4-5-5-2-5-3-1-3-5-3-1	4-5-1-4-5-3-3-5-4-4-4-4	5-2-3-4-4-8-3-5-3-3-3-2	4-2-0-1-4-1-2-5-4-3-5-2	2-3-5-3-3-5-2-3-3-4-4-7	6-4-5-2-2-4-3-5-2-1-3-4	5-2-4-5-5-2-3-3-5-3-5-2	3-5-4-3-3-4-5-3-5-3-2-4	4-2-4-4-3-3-2-4-2-2-4-2
351	5	6-6-6-6-6-6-6-6-6-6-6-6	6-6-5-6-7-6-6-6-6-6-4-6	5-4-5-7-6-6-6-7-7-6-6-6	6-6-6-7-6-4-6-7-7-6-6-6	7-6-5-7-5-5-6-5-6-5-7-6	5-6-3-5-7-6-6-7-7-5-3-6	8-5-5-5-5-5-6-4-5-7-8-6	5-2-4-5-5-6-5-5-6-5-4-4	5-5-5-5-5-5-6-5-8-6-5-5	6-5-6-5-6-5-6-5-4-5-6-2	8-8-5-5-6-5-4-5-8-5-7-5	4-6-5-5-6-5-2-4-2-6-5-8
351	6	5-5-5-5-5-5-5-5-5-5-5-5	5-5-5-5-5-5-5-5-7-5-7-5	4-7-7-5-7-5-7-5-5-5-5-5	7-5-5-7-7-7-5-5-5-5-7-5	7-5-5-7-4-5-7-7-5-5-6-7	5-5-7-7-5-5-5-5-5-3-0-7	5-2-5-5-5-5-3-5-5-0-7-5	5-7-5-7-7-5-8-6-5-5-7-4	8-5-5-7-7-6-5-5-5-7-7-5	5-5-5-5-5-6-7-5-8-4-5-2	5-5-5-5-5-5-5-5-5-5-5-4	4-5-6-5-7-5-2-4-2-6-2-5
351	7	5-8-5-6-5-5-5-5-5-5-5-5	5-5-5-5-5-5-6-6-6-5-6-5	5-6-6-5-6-7-6-5-5-5-7-5	6-7-7-6-6-6-5-5-5-5-6-5	6-5-5-6-7-7-6-6-7-5-6-6	8-5-6-6-5-5-7-5-5-7-3-7	8-2-5-1-8-7-5-8-7-5-6-5	7-6-2-6-6-5-3-6-8-5-6-4	7-7-7-6-6-8-7-7-5-6-6-0	5-7-7-5-7-6-6-5-8-7-7-2	5-5-7-0-3-5-4-7-7-7-5-7	3-8-7-7-6-7-7-4-2-7-7-2
351	8	8-7-5-6-8-7-5-8-5-5-5-5	5-8-8-5-8-5-7-8-8-8-7-5	8-8-8-5-8-5-5-5-5-8-5-8	8-8-8-8-8-8-5-8-5-8-8-5	5-4-1-8-8-8-7-8-8-8-6-5	7-8-7-6-8-4-8-8-8-8-8-8	7-8-8-7-7-8-8-8-8-8-5-5	8-8-2-8-8-5-6-2-7-5-5-4	6-8-8-7-6-8-8-7-5-5-6-3	7-8-8-8-8-2-8-3-7-8-8-8	5-5-3-8-5-5-8-5-5-5-8-7	5-7-1-5-7-8-8-4-8-8-3-5
352	0	0-0-0-0-0-0-0-0-0-0-0-0	0-0-0-0-0-0-0-0-0-0-0-0	0-0-0-0-0-0-0-0-0-0-0-0	0-0-0-0-0-0-0-0-0-0-0-0	0-0-0-0-0-0-0-0-0-0-0-0	0-0-0-0-0-0-0-0-0-0-0-0	0-0-0-0-0-0-0-0-0-0-0-0	0-0-0-0-0-0-0-0-0-0-0-0	0-0-0-0-0-0-0-0-0-0-0-0	0-0-0-0-0-0-0-0-0-0-0-0	0-0-0-0-0-0-0-0-0-0-0-0	0-0-0-0-0-0-0-0-0-0-0-0
352	1	1-1-2-2-1-1-1-2-1-1-1-2	1-2-1-0-2-2-1-2-2-2-2-2	1-1-2-2-2-2-2-2-3-2-3-2	2-1-2-4-2-2-1-3-1-2-2-1	1-1-1-0-1-1-2-1-2-1-4-1	2-2-2-2-2-2-2-2-1-1-1-2	1-1-1-1-2-1-0-2-1-1-1-1	1-1-0-2-1-2-2-2-1-1-0-1	1-0-2-1-2-1-1-2-2-1-1-2	3-1-2-2-1-1-2-1-2-2-0-1	1-9-4-2-1-2-5-1-1-1-4-2	1-1-1-1-3-3-1-5-1-1-1-1
352	2	1-1-1-1-1-1-1-1-1-1-1-1	1-1-1-5-1-1-4-1-1-1-3-1	1-3-1-1-1-1-1-1-1-1-1-3	4-3-1-3-4-3-1-4-1-1-3-1	4-1-2-4-1-3-3-3-1-1-1-4	1-1-1-1-1-4-3-4-1-1-0-1	4-4-1-1-3-1-1-3-1-1-4-3	1-2-4-3-3-1-1-9-2-0-5-0	0-0-3-3-5-3-0-3-1-2-3-2	1-4-1-1-3-4-4-1-3-1-0-4	3-4-0-1-1-1-0-0-0-3-1-1	1-4-2-1-1-1-4-0-0-2-2-5
352	3	1-3-1-1-1-1-1-1-1-1-1-1	1-4-3-2-1-1-1-4-1-1-2-4	1-2-1-1-2-1-4-5-1-2-4-2	2-2-4-2-2-2-1-2-4-3-4-0	2-1-2-2-2-4-4-2-3-1-1-2	1-3-4-1-3-1-4-2-1-3-3-4	3-2-3-4-2-3-4-2-3-1-5-2	3-2-2-4-2-1-3-1-3-4-5-1	4-0-2-2-3-2-5-2-1-3-2-3	1-2-3-1-2-2-4-9-4-3-4-2	5-2-1-5-5-1-0-3-0-2-1-1	4-2-1-4-1-1-2-0-5-1-3-1
352	4	3-4-1-4-5-4-4-4-1-1-1-1	1-3-5-1-1-1-2-3-1-1-2-3	1-4-1-2-2-2-3-6-1-5-3-5	2-5-5-1-2-2-1-2-5-5-3-0	2-0-2-2-5-3-3-4-5-1-1-2	1-4-3-1-4-2-5-2-4-4-5-3	3-2-1-3-2-1-5-5-4-1-2-2	4-2-2-3-2-1-8-2-4-4-0-0	3-0-2-3-4-2-0-2-9-4-2-3	1-2-4-5-3-2-3-5-3-3-3-2	3-2-9-4-0-5-0-3-1-2-1-1	3-2-2-3-1-1-2-0-1-4-4-4
352	5	6-5-6-6-4-6-6-6-6-5-5-6	6-4-4-6-6-1-6-5-6-6-6-6	5-5-6-6-5-6-6-6-6-6-4-5	6-4-6-5-6-6-6-8-4-4-4-6	6-6-7-6-6-4-5-5-4-5-6-5	1-6-6-5-5-9-4-1-4-4-4-6	8-6-3-8-5-5-4-4-4-1-3-4	3-6-8-6-2-6-3-5-6-7-6-4	5-0-9-6-2-8-5-6-4-5-2-5	6-6-8-4-6-7-6-4-6-6-3-2	3-4-6-3-5-9-1-5-6-6-6-5	8-6-5-6-6-5-6-5-3-6-3-2
352	6	7-6-7-5-7-7-7-5-5-7-5-5	7-7-6-5-7-7-5-7-7-5-5-7	6-7-7-7-7-7-5-7-7-7-7-6	7-7-7-6-7-7-7-8-8-7-7-7	9-5-5-5-5-6-6-6-7-6-8-5	6-5-7-5-6-5-7-7-4-6-4-5	5-8-6-5-6-7-6-6-6-6-7-7	6-5-5-5-6-7-6-5-5-8-7-6	5-7-7-5-5-8-5-5-8-6-5-5	5-5-9-6-5-5-5-6-5-5-7-2	7-7-7-7-5-5-7-7-5-5-7-5	5-5-9-5-5-8-5-7-7-5-9-9
352	7	6-7-6-9-6-6-6-6-6-6-8-6	6-6-8-9-6-6-8-7-6-8-8-8	7-8-8-6-8-6-8-8-6-8-8-7	8-8-6-8-8-8-6-5-6-8-8-6	8-9-9-8-8-8-8-8-6-7-7-8	8-8-8-8-6-5-8-8-8-6-4-8	5-6-7-5-8-7-6-8-6-8-6-8	6-8-6-8-8-6-7-8-5-5-8-6	9-6-8-8-8-6-2-6-6-6-8-5	6-8-6-6-8-5-8-8-5-6-6-8	9-6-6-6-8-6-6-6-8-7-6-5	9-8-7-8-9-7-8-6-9-5-8-7
352	8	7-6-6-7-6-9-6-6-7-6-7-9	6-6-7-7-7-7-7-7-6-7-7-7	9-7-7-6-7-6-7-7-6-7-7-7	7-7-6-7-7-7-9-5-6-7-7-9	7-7-5-7-7-7-7-7-8-6-6-7	7-5-7-7-8-7-7-7-8-8-4-7	5-6-7-5-7-8-4-7-6-7-5-7	8-7-5-7-7-6-7-7-5-6-7-0	5-8-7-7-7-6-8-6-6-8-7-5	7-7-5-7-7-2-7-7-9-6-8-7	5-8-8-3-7-5-8-5-5-7-6-8	5-7-8-7-7-6-7-6-7-5-7-7
352	9	9-8-7-7-6-8-6-9-6-6-6-8	6-9-7-7-9-6-8-7-9-9-7-7	9-8-9-6-9-9-7-7-6-9-8-9	7-9-6-7-9-9-8-9-6-9-9-8	6-7-9-9-9-9-8-9-9-7-7-6	7-9-9-7-9-5-9-9-9-9-9-8	5-9-9-5-7-9-9-8-9-9-5-6	9-7-9-7-9-6-7-2-2-5-7-6	7-8-9-7-7-9-9-5-4-7-7-7	5-0-6-9-9-6-7-3-8-6-6-9	7-6-4-6-6-5-8-0-7-7-9-8	7-8-6-6-7-9-9-6-9-9-6-6
353	0	0-0-0-0-0-0-0-0-0-0-0-0	0-0-0-0-0-0-0-0-0-0-0-0	0-0-0-0-0-0-0-0-0-0-0-0	0-0-0-0-0-0-0-0-0-0-0-0	0-0-0-0-0-0-0-0-0-0-0-0	0-0-0-0-0-0-0-0-0-0-0-0	0-0-0-0-0-0-0-0-0-0-0-0	0-0-0-0-0-0-0-0-0-0-0-0	0-0-0-0-0-0-0-0-0-0-0-0	0-0-0-0-0-0-0-0-0-0-0-0	0-0-0-0-0-0-0-0-0-0-0-0	0-0-0-0-0-0-0-0-0-0-0-0
353	1	1-1-1-1-1-1-1-1-1-1-1-1	1-2-1-0-0-1-0-1-1-1-0-1	1-0-0-0-2-0-2-0-0-2-2-0	0-2-2-0-2-0-0-1-2-0-2-1	0-0-1-0-0-2-0-0-2-1-0-0	4-0-0-0-0-0-2-0-1-1-4-2	4-1-1-0-0-1-0-0-1-0-4-0	1-1-0-0-0-0-3-0-0-0-0-0	4-0-0-0-0-0-4-2-0-0-1-0	0-4-0-0-0-0-0-1-0-0-0-0	4-0-4-0-4-0-0-1-2-0-0-1	1-0-1-0-2-1-0-3-4-1-4-3
353	2	2-2-3-2-2-1-3-2-3-2-2-3	3-1-1-3-3-3-3-2-3-3-3-3	2-3-3-3-3-3-3-2-3-3-1-2	3-1-3-3-5-3-3-5-3-1-3-2	5-2-3-5-0-1-3-3-2-0-2-5	3-3-3-2-2-4-3-4-1-2-0-3	3-4-1-0-3-0-3-3-2-2-3-3	1-5-4-3-5-3-8-5-5-3-5-2	5-0-3-3-4-2-0-3-3-3-4-4	0-3-4-3-3-4-3-3-3-0-3-4	1-4-0-4-1-3-3-3-1-3-3-3	0-3-4-3-3-3-3-1-7-2-3-4
353	3	2-3-2-2-2-3-2-3-2-2-2-2	2-4-4-2-2-4-2-4-2-2-2-2	0-2-2-2-4-2-4-2-2-2-5-4	2-3-4-2-2-2-2-2-4-4-4-2	2-0-2-2-4-4-4-2-3-0-2-2	2-2-4-2-3-2-4-2-3-3-3-2	2-2-1-0-2-0-6-2-3-3-2-2	3-2-2-2-2-2-4-2-2-5-6-0	3-0-2-2-3-2-7-2-5-2-2-3	0-2-3-2-2-0-2-4-2-3-2-2	7-2-3-3-5-2-2-2-4-2-2-5	0-2-2-2-2-2-2-1-0-5-2-1
353	4	2-3-2-6-2-5-2-6-2-2-2-5	5-3-3-5-2-3-5-6-5-5-5-6	6-5-2-2-3-5-3-5-2-5-3-5	5-5-3-5-2-2-2-2-3-3-3-7	2-6-2-2-5-3-5-5-4-4-2-2	5-5-3-5-7-5-3-2-1-3-1-2	1-2-3-4-5-0-3-5-4-3-6-5	6-2-6-2-2-5-3-2-2-6-1-6	1-5-5-2-2-5-6-5-6-4-2-5	6-8-2-3-3-2-3-3-5-5-6-2	6-2-1-2-1-6-6-6-5-5-3-6	6-2-2-4-6-6-2-5-5-4-1-2
353	5	4-5-2-8-6-4-5-5-4-5-5-4	4-6-5-4-7-4-4-3-4-4-4-4	4-4-2-2-2-4-6-4-6-6-6-4	4-4-6-4-2-2-4-2-6-6-6-4	2-4-2-2-4-6-6-4-5-4-2-2	7-4-6-4-4-4-6-2-5-5-3-5	8-5-5-5-4-5-7-6-5-5-2-4	3-2-4-3-2-4-6-2-2-3-8-4	8-4-4-4-3-4-2-4-3-4-2-4	4-2-3-0-5-6-3-3-4-4-4-2	4-8-8-3-3-4-4-4-4-4-6-3	4-2-4-2-4-4-7-4-4-4-2-5
353	6	7-4-7-7-5-4-8-7-4-8-6-6	4-5-5-7-7-7-4-7-4-4-8-4	4-7-7-7-7-8-7-7-5-7-5-6	7-4-5-7-7-7-4-2-7-5-7-4	7-4-6-2-4-7-7-7-5-6-7-6	5-6-5-6-6-4-7-7-5-6-3-7	5-5-3-6-5-6-3-5-5-5-7-7	6-6-4-7-7-4-5-7-8-4-7-4	4-4-7-7-7-7-4-7-4-7-7-0	4-7-6-7-7-7-7-3-0-4-4-2	4-6-7-5-8-4-4-4-4-6-5-7	4-6-2-7-4-4-6-4-7-4-7-6
353	7	6-8-6-6-5-8-6-6-8-7-7-8	8-5-5-6-6-8-4-6-6-7-6-8	8-6-6-6-6-7-6-6-6-6-7-6	6-7-7-6-6-6-8-2-6-5-6-8	6-4-2-2-7-6-8-6-7-7-6-2	8-8-8-7-4-8-6-6-7-7-5-6	8-5-5-7-8-7-5-8-7-5-6-6	7-7-4-6-6-8-5-6-6-4-6-4	7-4-6-6-6-6-7-6-4-6-6-0	8-6-7-4-7-6-6-8-8-4-7-2	5-7-6-2-8-4-4-6-6-7-7-7	8-8-7-6-6-7-5-4-2-4-6-7
353	8	8-7-6-6-8-8-6-8-7-6-7-7	7-8-8-6-8-8-6-8-8-8-6-7	8-8-8-6-8-6-7-7-7-8-8-8	7-8-8-8-8-8-7-8-7-8-8-7	6-4-8-8-8-8-7-8-8-8-2-2	7-8-8-7-8-7-8-6-8-8-8-7	7-8-8-8-7-8-7-8-8-8-7-6	8-8-8-7-8-7-8-6-6-4-5-4	7-8-8-7-6-8-8-6-8-8-6-8	7-4-8-8-8-7-6-7-7-8-3-8	4-5-5-8-7-4-4-4-4-7-8-7	7-7-8-3-4-8-8-4-8-8-6-8
354	0	0-0-0-0-0-0-0-0-0-0-0-0	0-0-0-0-0-0-0-0-0-0-0-0	0-0-0-0-0-0-0-0-0-0-0-0	0-0-0-0-0-0-0-0-0-0-0-0	0-0-0-0-0-0-0-0-0-0-0-0	0-0-0-0-0-0-0-0-0-0-0-0	0-0-0-0-0-0-0-0-0-0-0-0	0-0-0-0-0-0-0-0-0-0-0-0	0-0-0-0-0-0-0-0-0-0-0-0	0-0-0-0-0-0-0-0-0-0-0-0	0-0-0-0-0-0-0-0-0-0-0-0	0-0-0-0-0-0-0-0-0-0-0-0
354	1	1-1-1-1-1-1-1-1-1-1-1-1	1-2-1-0-3-2-0-2-2-1-0-2	2-2-0-1-2-2-2-2-3-2-2-2	2-1-2-4-1-1-2-2-1-2-2-1	6-1-2-2-1-1-2-1-1-1-2-1	2-2-2-0-2-0-1-0-1-1-1-2	1-2-1-1-2-1-0-2-1-1-1-1	1-1-1-1-1-0-2-1-1-1-2-1	1-0-2-1-1-8-0-2-2-1-1-2	1-1-4-2-1-1-2-2-0-0-0-1	1-9-4-2-1-1-1-0-5-1-2-1	1-1-1-1-1-1-5-8-0-1-1-1
354	2	2-1-2-1-1-1-1-1-1-1-1-1	1-1-1-2-0-1-4-1-1-2-3-1	1-3-5-5-4-1-3-1-1-5-1-1	3-0-1-1-3-3-1-1-1-1-1-1	4-0-4-1-4-2-3-3-1-1-1-2	1-1-3-5-2-4-3-5-1-1-1-4	3-1-1-2-3-2-0-3-1-2-3-3	1-2-9-3-3-0-1-9-2-1-1-0	0-0-1-3-5-1-1-3-1-2-2-1	4-4-1-1-3-2-3-1-3-0-6-5	1-5-1-1-0-3-0-6-0-4-1-1	1-2-3-1-0-2-4-1-2-2-2-1
354	3	3-3-2-2-3-1-3-3-3-1-3-3	1-4-3-2-1-2-2-4-1-2-2-4	1-2-2-1-2-1-4-5-1-2-4-4	2-3-3-1-2-2-4-2-4-3-4-0	2-0-2-1-3-4-4-2-4-3-1-2	1-2-5-0-3-2-4-3-3-3-6-3	2-1-3-4-2-3-8-2-3-1-2-2	3-2-4-4-2-3-7-2-2-6-1-4	1-0-4-2-4-1-6-2-1-3-2-4	2-2-3-4-2-6-2-3-4-3-6-3	6-2-1-4-5-2-0-4-0-2-1-1	1-2-2-3-4-7-2-0-6-2-4-4
354	4	4-4-2-2-5-4-4-4-4-4-2-6	1-3-5-2-1-7-2-5-5-4-5-3	3-4-5-1-2-5-5-7-6-5-5-5	2-5-5-1-2-2-5-1-5-3-3-0	2-0-2-5-4-3-5-4-5-1-1-2	2-6-3-0-4-2-5-3-4-4-4-2	3-5-4-4-8-4-5-5-4-1-2-2	4-5-3-3-2-4-8-2-2-4-5-4	4-5-5-2-3-1-4-2-8-8-3-6	2-2-1-5-5-2-5-4-3-4-6-2	4-7-8-3-5-0-5-8-0-2-2-4	1-2-2-4-3-4-2-6-7-7-3-3
354	5	5-5-5-5-4-5-5-8-5-5-7-7	5-3-4-5-6-4-7-4-4-5-7-5	5-6-6-2-5-8-4-6-6-4-4-4	5-7-4-5-2-2-4-7-4-6-4-5	1-6-5-4-7-3-6-5-4-5-8-2	1-5-3-2-4-6-4-2-1-4-3-5	7-4-4-5-5-6-4-4-4-1-2-1	5-4-7-3-2-5-6-2-5-5-5-9	6-7-4-2-2-1-5-4-4-5-4-1	7-2-6-4-4-3-4-3-6-8-5-2	1-2-0-1-4-9-7-5-7-5-7-5	5-2-5-7-6-5-1-5-2-3-2-5
354	6	8-9-7-9-4-5-7-8-6-5-7-7	6-4-4-7-7-7-9-9-7-7-7-7	5-7-5-8-8-7-7-5-8-7-7-7	7-5-5-7-7-8-6-2-7-5-6-5	7-5-7-4-5-6-7-7-6-5-7-7	7-7-7-6-5-5-7-7-3-3-3-7	5-7-4-5-7-5-4-7-4-9-8-7	6-7-8-7-8-5-9-8-6-3-7-0	4-0-7-7-8-1-3-9-3-4-6-4	6-6-5-7-7-8-7-4-7-5-8-6	3-4-4-1-9-5-0-4-8-8-7-6	5-7-5-8-5-6-7-1-2-2-2-4
354	7	6-9-6-6-7-7-7-9-6-5-6-5	6-8-8-6-6-7-5-8-6-6-6-6	8-6-6-7-6-6-8-8-8-6-8-6	6-5-5-6-6-6-8-5-8-4-6-5	6-5-8-4-5-8-8-6-7-7-6-6	6-6-6-6-4-5-6-7-7-7-8-6	5-6-4-5-6-7-7-6-7-7-6-6	8-6-5-6-6-5-4-6-6-3-6-0	0-5-6-6-7-1-5-6-4-7-6-6	5-6-5-6-6-6-6-3-6-0-8-8	8-4-1-9-8-5-5-4-5-6-6-6	5-6-5-5-5-3-6-1-4-4-8-8
354	8	6-7-6-6-7-9-8-6-9-8-6-9	8-7-7-6-5-9-6-7-9-8-6-9	9-9-5-9-6-8-7-7-9-6-7-6	6-8-8-6-6-6-7-2-7-5-6-5	6-5-7-5-8-7-7-6-8-8-5-6	6-6-6-6-4-9-6-7-8-4-7-8	9-6-3-5-9-8-7-9-8-7-6-6	7-8-8-6-6-8-4-6-6-3-6-8	8-8-8-6-6-1-7-8-4-4-6-4	8-8-8-7-6-6-6-3-9-5-7-8	7-8-4-1-4-5-8-4-6-6-1-8	5-6-5-5-8-8-8-1-3-2-7-7
354	9	9-7-6-6-9-9-8-9-6-8-8-8	8-7-9-6-9-9-6-6-9-9-6-8	9-8-9-8-9-9-8-8-8-9-9-9	8-9-9-9-9-9-8-9-8-9-9-8	6-5-9-9-9-9-8-9-9-9-6-9	6-9-9-8-9-8-9-9-9-9-9-9	6-9-9-5-8-9-9-9-9-9-8-9	9-9-9-8-9-8-6-2-2-5-8-5	8-9-9-8-6-9-9-8-9-7-9-5	8-9-9-9-9-6-9-8-8-9-7-9	7-1-9-9-6-5-8-4-9-8-9-9	5-8-5-5-8-9-9-9-9-9-3-9
355	0	0-0-0-0-0-0-0-0-0-0-0-0	0-0-0-0-0-0-0-0-0-0-0-0	0-0-0-0-0-0-0-0-0-0-0-0	0-0-0-0-0-0-0-0-0-0-0-0	0-0-0-0-0-0-0-0-0-0-0-0	0-0-0-0-0-0-0-0-0-0-0-0	0-0-0-0-0-0-0-0-0-0-0-0	0-0-0-0-0-0-0-0-0-0-0-0	0-0-0-0-0-0-0-0-0-0-0-0	0-0-0-0-0-0-0-0-0-0-0-0	0-0-0-0-0-0-0-0-0-0-0-0	0-0-0-0-0-0-0-0-0-0-0-0
355	1	1-1-1-3-2-1-1-2-1-1-2-2	2-2-1-2-2-2-1-2-1-2-2-1	1-1-1-2-2-2-2-2-2-2-1-2	2-1-2-3-1-2-2-2-2-2-2-1	2-0-1-4-4-1-2-1-2-1-2-1	2-2-2-3-2-2-2-2-2-1-4-2	2-1-1-1-2-5-4-2-1-1-1-1	1-1-1-1-1-2-2-2-1-1-3-1	1-0-3-1-2-2-1-2-2-1-1-0	4-1-1-2-1-1-1-1-2-3-0-1	4-2-4-2-1-4-1-1-1-1-2-2	1-1-1-1-5-1-2-0-1-3-4-1
355	2	1-1-1-1-1-1-1-1-1-1-1-1	1-1-1-1-1-1-3-1-1-1-3-1	5-2-1-1-1-1-3-1-1-1-1-1	3-0-1-1-5-3-1-3-1-1-3-1	1-0-3-1-1-1-3-3-1-1-1-3	1-1-3-2-1-1-3-1-1-1-0-4	1-1-1-0-3-2-1-1-1-2-5-1	1-2-2-3-3-1-1-8-3-1-1-0	2-0-3-3-4-1-0-3-1-2-4-4	1-3-1-1-3-4-3-1-3-1-0-4	0-1-1-1-1-2-0-0-0-3-1-1	0-3-2-1-1-1-3-1-6-0-2-1
355	3	1-4-1-1-1-4-1-1-1-1-1-1	1-4-3-2-1-1-2-4-1-1-2-4	1-3-1-1-2-1-4-2-5-1-4-1	2-3-5-1-2-2-1-2-5-4-4-1	2-0-2-1-6-4-4-2-3-1-1-2	1-2-5-1-3-2-4-1-3-3-3-2	6-1-3-6-2-1-5-1-3-3-2-2	6-2-1-2-2-1-4-1-2-5-1-6	0-1-2-2-3-3-6-2-1-3-2-3	1-2-3-4-2-4-2-4-2-1-0-3	6-1-8-4-1-1-0-7-0-2-1-3	1-2-1-1-1-7-4-0-7-1-5-1
355	4	2-3-1-1-1-3-1-1-1-1-1-1	5-3-3-6-1-1-5-5-5-1-5-5	7-5-5-5-4-1-5-5-3-5-3-5	5-4-4-5-2-5-5-2-3-6-3-5	1-5-3-5-7-3-5-5-4-5-1-1	5-5-3-5-4-1-3-2-1-3-1-2	5-1-3-5-5-1-3-5-4-3-5-1	1-2-5-2-2-1-3-2-5-4-5-7	6-5-5-5-4-1-6-2-1-4-2-4	5-8-1-3-5-2-5-3-6-5-5-2	5-2-7-3-1-5-7-5-5-5-1-4	0-2-5-4-4-6-3-7-8-7-1-1
355	5	5-5-1-5-5-5-5-1-1-1-5-4	4-6-5-2-1-5-4-4-4-1-4-4	2-4-4-4-6-5-4-4-3-6-6-4	4-4-6-4-2-4-4-2-6-7-6-4	2-4-6-4-4-6-4-4-6-4-1-6	4-4-3-4-4-4-6-2-5-5-3-5	4-8-7-4-4-1-3-4-5-7-4-6	6-2-4-3-2-1-7-5-4-3-4-4	4-4-4-4-5-3-0-6-3-7-2-3	4-5-3-6-4-6-4-5-4-4-4-2	4-6-4-3-4-6-4-4-4-4-6-4	1-2-4-5-1-5-6-4-4-4-5-1
355	6	7-6-7-6-7-7-8-6-8-8-8-6	8-5-5-7-7-7-7-7-7-7-8-7	6-7-7-7-7-7-7-6-7-7-7-6	7-5-8-7-7-7-7-7-7-5-7-6	7-4-7-7-4-5-7-7-5-4-7-7	6-7-7-8-6-7-7-7-5-6-3-7	7-1-3-4-8-6-5-6-5-5-7-7	5-7-4-7-7-7-8-7-7-5-7-4	4-6-5-7-7-6-3-7-8-6-7-8	5-7-7-5-7-8-7-8-8-4-7-7	3-5-5-6-4-5-6-4-7-7-5-8	7-7-6-7-7-4-5-4-4-4-7-1
355	7	6-8-6-6-6-8-6-6-6-6-6-8	6-5-6-6-6-6-6-6-6-6-6-6	4-6-6-6-6-6-6-6-6-6-6-6	6-4-7-6-6-6-8-6-6-5-6-8	6-4-6-6-4-6-8-6-7-7-6-6	8-6-6-8-7-6-6-6-7-7-3-6	8-8-5-7-6-7-7-6-7-5-6-6	7-6-4-6-6-6-5-6-6-4-6-4	4-7-7-6-6-2-1-6-1-5-6-6	1-6-6-5-6-6-6-1-8-6-6-6	5-7-4-6-8-8-4-3-6-7-5-7	6-6-8-6-6-3-5-4-6-4-6-1
355	8	8-6-6-6-8-7-6-8-6-6-6-7	6-8-8-6-8-6-6-8-6-8-6-6	8-8-8-8-8-6-6-7-6-8-7-8	6-8-8-8-8-8-7-8-7-8-8-7	6-4-8-8-8-8-7-8-8-8-6-6	7-8-8-7-8-7-8-8-8-8-8-7	7-8-8-5-6-8-8-8-8-8-5-8	8-6-8-6-8-6-6-6-6-6-6-4	6-7-8-7-6-8-8-6-8-6-6-6	4-4-8-5-8-6-6-6-6-8-7-8	4-1-3-8-4-7-4-4-4-8-8-6	6-6-7-1-4-8-8-4-4-8-6-1
356	0	0-0-0-0-0-0-0-0-0-0-0-0	0-0-0-0-0-0-0-0-0-0-0-0	0-0-0-0-0-0-0-0-0-0-0-0	0-0-0-0-0-0-0-0-0-0-0-0	0-0-0-0-0-0-0-0-0-0-0-0	0-0-0-0-0-0-0-0-0-0-0-0	0-0-0-0-0-0-0-0-0-0-0-0	0-0-0-0-0-0-0-0-0-0-0-0	0-0-0-0-0-0-0-0-0-0-0-0	0-0-0-0-0-0-0-0-0-0-0-0	0-0-0-0-0-0-0-0-0-0-0-0	0-0-0-0-0-0-0-0-0-0-0-0
356	1	1-1-1-1-1-1-1-1-1-1-1-1	0-0-1-0-0-0-0-2-2-1-0-2	1-0-0-1-0-0-2-0-0-0-2-0	0-0-0-0-0-0-0-0-2-1-0-0	1-0-0-0-0-1-2-0-2-0-4-0	2-0-0-0-0-0-2-0-1-1-0-0	0-2-2-1-0-1-2-0-1-1-0-1	1-1-1-0-1-0-1-1-1-1-0-0	1-0-0-0-0-0-1-0-1-0-1-0	0-0-3-2-0-0-0-2-0-0-0-0	0-1-0-0-0-0-0-0-0-0-2-1	2-1-0-2-0-1-1-0-5-1-1-1
356	2	2-2-1-1-1-1-2-1-2-2-2-2	3-1-1-3-1-3-3-1-3-1-3-4	0-4-0-4-3-3-1-3-0-3-1-3	3-0-3-3-3-3-1-7-1-1-1-0	6-0-2-3-0-3-3-3-1-0-2-0	1-1-3-2-2-3-3-4-1-1-0-4	3-1-1-1-3-2-3-3-2-2-0-3	0-6-6-3-2-3-9-4-2-0-0-0	0-0-3-3-5-2-0-3-2-2-2-2	4-0-1-1-3-2-0-1-3-3-0-2	0-2-0-0-3-3-0-0-0-2-3-3	1-3-4-1-0-2-2-0-0-0-2-2
356	3	3-3-3-3-3-3-3-3-3-2-3-3	2-4-4-2-1-2-2-4-2-2-2-4	4-2-2-2-2-2-4-5-4-2-4-2	2-4-4-2-2-2-4-2-4-5-4-0	2-0-4-4-4-4-4-2-4-3-1-0	1-0-4-0-3-2-4-3-1-3-3-3	2-1-3-3-2-2-4-2-5-6-0-2	3-4-5-4-4-2-7-2-2-3-4-0	4-0-2-2-3-5-4-4-4-3-4-3	0-4-5-4-2-2-4-6-2-2-4-2	4-9-4-3-8-2-5-4-5-2-2-2	1-2-2-3-0-2-2-0-0-2-3-7
356	4	4-3-4-4-3-4-3-5-4-4-5-4	5-3-3-2-5-4-2-5-5-5-5-3	3-2-5-6-5-5-3-6-3-5-3-5	2-5-5-5-2-2-3-5-5-7-3-0	2-0-3-6-4-3-5-4-6-0-6-4	4-4-3-4-4-2-5-2-2-4-3-2	4-5-3-4-2-3-7-6-4-2-0-2	3-3-5-3-3-4-3-5-2-4-9-6	3-0-2-2-4-4-9-5-9-8-3-3	2-4-3-5-5-2-3-5-3-4-3-2	3-2-4-4-5-4-0-3-0-4-4-4	6-5-2-4-0-4-2-0-6-7-3-4
356	5	5-3-6-4-5-3-5-8-5-6-6-6	4-3-3-6-6-4-5-4-6-4-6-6	6-6-7-8-4-4-6-6-6-4-4-4	6-6-6-4-2-6-3-4-4-4-3-7	2-5-8-8-6-3-6-6-5-7-4-6	6-6-3-5-5-9-6-6-3-3-0-6	7-4-3-7-6-5-6-4-3-2-5-2	5-2-7-6-5-6-3-4-5-5-6-4	6-6-6-2-2-4-5-4-3-5-2-4	6-6-3-6-6-2-3-4-6-6-6-2	6-2-6-4-4-9-3-5-6-2-6-5	7-4-6-6-6-5-6-8-1-4-6-2
356	6	5-6-5-6-7-6-6-5-5-5-5-5	5-7-7-5-5-6-5-5-5-4-5-5	5-5-5-5-4-8-7-5-5-5-7-5	5-5-5-4-2-5-7-4-7-6-6-5	2-5-5-4-5-6-7-5-4-6-4-5	5-5-3-7-5-2-5-5-6-6-6-6	5-6-7-5-5-5-6-4-6-3-0-2	3-2-2-5-6-5-4-5-5-5-5-9	5-5-5-5-3-4-5-5-7-5-3-4	5-5-6-5-5-2-5-3-5-5-5-2	5-6-5-3-9-5-0-5-5-2-5-5	5-5-5-5-5-5-5-5-4-4-5-6
356	7	8-9-9-9-6-8-7-7-5-7-7-7	7-6-6-8-7-8-8-8-5-7-8-8	5-8-5-7-8-6-8-8-8-8-6-8	8-5-5-7-8-8-6-2-8-8-8-5	8-5-5-8-5-8-8-7-7-5-5-8	8-5-8-5-7-5-8-8-6-3-3-8	5-1-6-5-7-5-4-8-6-7-8-2	3-8-5-8-8-5-3-8-8-4-5-0	5-5-5-8-9-4-5-5-6-6-8-4	5-8-6-5-8-2-7-3-7-5-8-8	8-2-5-4-9-7-0-5-5-8-3-8	5-8-7-5-5-5-8-5-8-4-3-3
356	8	7-9-7-7-6-9-9-5-9-7-7-9	9-6-6-7-5-8-7-7-5-8-7-9	5-7-5-9-7-6-7-7-7-7-8-7	7-8-8-7-7-7-9-7-7-7-7-5	7-5-5-7-8-7-9-8-8-5-5-7	7-5-7-5-8-5-7-7-8-8-3-7	5-4-6-5-8-8-4-7-8-7-7-2	8-7-5-7-7-5-3-7-7-8-5-0	8-8-8-7-4-5-5-5-6-6-7-4	7-7-8-8-7-2-7-9-8-5-7-7	7-8-9-4-4-9-0-5-5-7-3-8	5-7-9-5-6-5-7-5-7-0-7-7
356	9	9-8-7-7-9-8-8-9-8-7-7-5	8-6-9-7-9-9-5-7-9-9-7-8	9-9-9-8-9-9-9-8-9-9-8-9	7-9-9-9-9-9-8-9-9-9-7-8	9-5-5-9-9-9-8-9-9-9-1-9	9-9-9-8-9-9-9-9-9-9-9-8	8-9-9-9-5-9-9-9-9-7-9-9	9-9-7-8-9-9-2-7-7-6-4-9	5-9-9-9-2-9-9-5-4-7-7-7	5-9-9-9-9-2-9-8-8-9-9-9	9-3-8-8-5-5-9-7-9-9-9-9	9-8-8-5-6-9-9-5-9-9-7-9
357	0	0-0-0-0-0-0-0-0-0-0-0-0	0-0-0-0-0-0-0-0-0-0-0-0	0-0-0-0-0-0-0-0-0-0-0-0	0-0-0-0-0-0-0-0-0-0-0-0	0-0-0-0-0-0-0-0-0-0-0-0	0-0-0-0-0-0-0-0-0-0-0-0	0-0-0-0-0-0-0-0-0-0-0-0	0-0-0-0-0-0-0-0-0-0-0-0	0-0-0-0-0-0-0-0-0-0-0-0	0-0-0-0-0-0-0-0-0-0-0-0	0-0-0-0-0-0-0-0-0-0-0-0	0-0-0-0-0-0-0-0-0-0-0-0
357	1	1-1-1-1-1-1-1-1-1-1-1-1	0-2-1-0-0-1-0-2-2-1-0-2	0-0-0-1-0-0-2-0-0-1-2-2	0-0-0-0-0-0-0-0-2-2-2-1	1-0-6-0-0-2-2-0-2-0-0-0	2-0-2-0-1-0-2-0-2-1-1-0	2-2-1-0-0-1-0-2-0-1-2-0	1-1-0-2-1-0-2-2-0-1-0-0	1-0-0-0-1-1-0-0-1-0-1-0	0-1-0-0-0-0-4-1-0-0-0-1	1-4-2-0-0-0-0-2-4-0-0-1	2-1-0-0-0-1-1-0-0-0-0-0
357	2	2-2-2-2-1-1-2-1-2-2-2-2	2-1-1-2-0-1-3-3-1-2-3-1	0-4-0-5-3-3-3-4-0-3-1-3	3-0-2-4-4-3-0-4-3-1-1-1	4-1-2-3-0-1-3-3-1-2-0-3	3-3-3-2-2-3-3-3-1-2-0-4	1-1-1-2-3-0-2-3-2-1-1-3	2-2-2-3-2-0-1-8-2-1-2-0	0-0-3-4-4-3-0-3-4-2-3-2	0-4-5-0-3-4-3-2-3-0-0-2	0-2-1-4-0-2-0-1-0-2-3-2	1-3-2-3-0-4-2-0-4-3-3-4
357	3	3-4-2-4-3-3-3-3-3-3-3-4	2-4-4-2-3-3-2-4-4-3-2-4	5-2-4-2-2-2-4-5-2-2-4-2	2-2-4-2-2-2-5-2-2-5-4-1	2-0-2-2-0-3-4-2-4-3-0-2	2-2-4-3-3-2-4-2-3-3-3-3	3-4-3-8-2-3-4-2-3-4-4-2	3-4-2-2-2-4-5-2-2-3-4-0	3-0-2-2-1-2-4-2-4-3-2-4	0-2-8-5-4-2-2-4-2-0-0-2	4-3-3-4-4-2-0-4-6-2-2-2	4-2-2-2-0-4-2-0-6-4-2-3
357	4	4-3-4-5-4-3-4-3-3-4-4-5	4-3-3-2-6-3-4-3-3-5-5-5	6-5-7-5-4-3-3-5-4-3-3-4	5-4-3-5-2-2-4-2-3-6-3-4	2-7-4-5-5-3-3-4-5-4-4-2	5-2-3-5-4-4-3-2-1-3-1-4	3-3-4-5-4-4-3-4-4-3-4-2	3-3-2-3-2-5-3-4-2-4-3-7	4-6-2-2-2-4-3-8-7-4-2-3	4-2-7-4-3-2-1-3-6-4-4-2	3-1-1-3-8-8-5-7-1-2-5-4	3-2-2-2-5-4-2-4-2-7-2-2
357	5	7-8-7-7-6-7-7-6-6-6-6-7	5-3-3-7-6-7-4-6-6-6-7-6	3-4-6-8-6-6-6-6-6-6-6-6	6-4-6-6-6-5-6-7-6-7-6-4	7-4-7-7-4-6-6-5-6-6-7-5	6-5-6-8-4-4-6-6-3-5-8-3	7-6-5-4-6-5-8-6-6-3-6-6	6-7-6-6-7-4-6-7-5-4-5-6	4-6-6-6-6-5-5-5-5-6-7-8	7-5-5-6-7-6-6-5-4-4-5-2	5-6-6-5-6-7-4-4-4-7-6-6	8-8-5-5-8-6-7-4-6-6-7-5
357	6	5-5-5-8-5-5-5-5-5-5-5-5	5-3-3-5-5-5-7-7-5-5-5-5	4-7-5-5-5-5-7-5-5-5-5-5	7-7-5-7-7-7-4-5-5-5-7-4	5-4-1-5-4-5-7-7-5-5-5-7	5-6-5-7-4-4-7-5-1-6-3-7	5-5-5-7-5-7-5-5-5-5-7-5	5-5-5-7-5-4-5-5-7-3-5-6	4-5-5-7-5-5-7-5-5-5-5-5	5-5-6-5-5-5-7-5-4-4-5-4	7-5-5-5-5-5-4-4-7-5-5-5	3-4-4-7-7-5-5-4-3-5-6-5
357	7	5-8-5-5-5-8-5-5-5-5-5-8	5-3-7-5-7-5-5-6-8-6-5-8	4-6-5-5-6-5-6-5-5-5-6-6	6-6-7-6-6-6-8-5-5-5-6-6	5-4-5-5-7-5-6-6-7-5-5-6	5-7-5-6-7-4-6-5-7-7-3-6	5-5-3-6-4-6-7-6-7-7-6-6	7-5-5-6-5-4-7-5-6-3-5-4	7-7-5-6-5-5-6-5-4-5-5-5	5-6-4-5-5-5-6-5-4-0-5-2	6-5-5-3-5-5-7-4-6-5-5-7	5-5-8-6-6-5-5-4-6-7-5-2
357	8	8-7-5-6-8-7-5-8-5-5-5-7	5-8-8-5-8-8-5-5-8-8-5-7	8-8-8-5-8-5-8-5-5-8-7-8	6-8-8-8-8-8-7-8-5-8-8-4	5-4-8-8-8-8-7-8-8-8-5-5	5-8-5-7-8-4-8-8-8-8-8-7	5-8-8-5-5-8-8-8-8-8-5-5	8-8-5-8-8-8-8-2-7-8-5-5	7-7-5-8-5-8-8-4-8-5-5-5	5-8-8-8-8-5-8-5-7-8-5-8	5-5-8-8-4-4-7-4-8-5-8-8	8-5-7-8-5-8-8-4-8-8-5-8
358	0	0-0-0-0-0-0-0-0-0-0-0-0	0-0-0-0-0-0-0-0-0-0-0-0	0-0-0-0-0-0-0-0-0-0-0-0	0-0-0-0-0-0-0-0-0-0-0-0	0-0-0-0-0-0-0-0-0-0-0-0	0-0-0-0-0-0-0-0-0-0-0-0	0-0-0-0-0-0-0-0-0-0-0-0	0-0-0-0-0-0-0-0-0-0-0-0	0-0-0-0-0-0-0-0-0-0-0-0	0-0-0-0-0-0-0-0-0-0-0-0	0-0-0-0-0-0-0-0-0-0-0-0	0-0-0-0-0-0-0-0-0-0-0-0
358	1	0-1-0-1-1-1-1-1-1-0-1-1	0-2-1-0-0-0-0-2-0-0-0-0	1-0-0-0-1-0-2-0-0-0-2-1	0-0-0-0-0-0-0-0-2-1-2-0	0-0-0-0-0-1-2-0-2-0-0-0	0-0-0-0-0-0-2-0-1-1-1-0	1-2-1-0-0-1-0-1-1-1-0-1	0-1-0-0-1-0-0-2-0-1-0-0	0-0-2-0-3-0-0-2-1-0-0-2	0-1-1-2-0-0-2-1-0-0-0-1	2-0-0-0-0-0-0-0-0-0-2-3	2-1-0-2-0-0-1-0-0-0-0-1
358	2	2-1-2-2-1-0-2-2-2-2-2-3	3-1-1-2-3-0-6-3-0-3-0-4	3-2-0-3-3-4-3-3-0-3-1-3	3-3-3-4-4-4-1-2-3-2-1-0	5-0-2-3-4-3-3-3-1-4-10-4	2-4-3-0-2-4-3-3-1-1-1-4	4-1-1-0-3-0-3-3-2-7-5-3	1-2-4-3-2-0-4-10-4-1-0-0	2-0-3-3-10-4-0-3-1-2-5-2	6-3-1-3-6-2-1-1-3-0-0-5	4-2-0-0-1-2-0-0-5-2-3-2	1-3-2-3-5-2-3-0-2-6-2-2
358	3	3-3-3-3-3-0-3-3-3-3-3-2	2-4-3-2-2-4-0-4-0-2-2-4	5-2-2-2-2-2-4-4-0-2-4-2	2-4-2-2-2-2-5-2-4-4-4-0	2-0-2-2-2-2-4-2-3-3-2-2	2-5-2-4-3-2-2-2-4-3-8-3	2-1-10-0-2-6-4-5-1-5-5-2	5-5-4-4-2-7-5-4-2-9-0-6	8-0-2-2-3-3-4-2-4-3-2-3	0-2-1-3-4-2-4-8-4-2-4-2	5-2-0-3-5-5-0-5-2-2-2-4	5-2-2-2-7-4-4-0-0-5-3-10
358	4	4-4-3-4-5-4-5-4-4-2-5-2	2-5-5-2-2-3-0-3-3-4-2-3	2-4-5-2-2-2-5-3-6-2-5-5	2-5-5-2-2-2-5-2-3-3-5-0	4-0-2-2-2-4-5-4-5-2-2-2	2-2-5-3-4-2-5-2-4-4-5-2	2-2-4-5-2-6-5-5-4-3-5-2	5-4-2-3-7-0-2-5-2-4-4-0	6-0-5-2-4-5-3-2-3-10-4-5	0-2-4-5-3-2-3-4-3-5-3-2	2-3-4-4-5-10-0-3-8-2-3-3	4-2-2-10-8-2-3-0-0-4-6-4
358	5	6-4-6-7-4-4-4-5-6-5-5-6	6-4-4-2-2-4-0-4-8-6-6-6	3-6-6-2-6-4-4-3-6-7-4-4	6-4-6-7-2-6-4-6-6-7-4-5	2-0-6-6-6-3-6-6-5-7-6-7	2-6-7-5-4-5-6-2-4-3-4-2	4-7-4-4-2-3-4-6-5-3-2-2	4-6-2-6-4-0-3-7-5-4-4-3	4-0-4-6-2-6-4-6-4-5-2-4	7-6-7-6-6-2-6-4-6-5-4-2	3-2-5-3-6-3-7-3-2-5-6-5	10-6-6-5-6-6-2-9-6-3-3-2
358	6	5-6-5-6-7-6-6-6-5-5-7-5	5-7-7-2-6-5-2-6-7-5-5-5	2-5-5-2-5-7-7-9-5-2-7-8	5-6-7-5-5-5-7-5-5-5-6-5	4-8-8-5-5-6-7-5-7-9-5-5	2-5-5-6-6-5-7-3-6-6-6-6	2-7-7-3-2-3-7-5-6-3-8-2	8-5-7-5-4-0-7-7-2-4-7-3	4-0-7-5-4-8-3-5-7-6-2-5	2-5-4-5-7-4-5-6-5-5-4-2	8-6-8-8-5-4-0-7-0-5-5-6	5-5-5-5-5-5-2-0-5-5-7-8
358	7	7-6-7-8-9-6-7-9-5-7-8-9	5-6-6-2-8-9-9-8-9-5-5-9	9-8-9-8-8-8-6-8-8-9-6-6	8-7-9-5-2-8-6-2-5-5-8-8	5-10-10-5-8-6-8-7-6-5-5-5	8-5-5-5-7-10-6-2-4-6-6-8	9-6-6-7-8-3-6-6-6-2-6-8	8-5-9-5-4-8-6-8-7-4-6-10	10-7-8-5-2-6-8-7-4-7-2-8	10-7-7-8-8-2-5-4-8-9-7-8	7-8-6-6-6-10-7-9-7-5-8-7	9-5-7-7-3-7-8-7-6-3-6-2
358	8	9-8-10-7-6-8-8-9-10-10-7-9	10-6-6-9-7-9-7-7-8-9-10-9	7-7-7-2-9-7-9-7-7-9-7-6	9-7-7-9-9-9-6-5-9-7-9-7	9-6-6-9-7-8-9-9-6-8-5-9	9-7-9-8-7-7-9-9-6-6-3-10	3-9-8-8-7-8-8-9-6-3-9-8	7-9-7-9-9-7-10-9-8-7-9-10	7-7-7-9-4-6-7-7-6-9-9-7	9-9-4-7-9-7-5-3-7-7-9-7	6-7-6-6-5-8-7-7-9-9-7-7	7-9-7-9-9-7-7-5-8-8-9-8
358	9	8-10-8-7-7-10-10-7-10-7-7-10	7-6-8-8-9-7-10-8-8-8-8-10	7-10-7-10-8-7-8-6-7-8-9-10	8-8-7-8-8-8-10-7-8-7-8-7	8-7-7-8-7-8-8-8-9-7-5-8	8-7-8-8-9-7-8-8-9-9-3-9	10-8-9-9-10-9-9-8-9-9-8-8	9-8-7-8-8-7-10-8-8-4-8-9	9-9-7-8-4-7-7-7-4-5-8-5	8-8-4-8-8-2-5-9-10-7-8-10	10-9-6-9-3-7-7-7-9-8-7-9	7-8-7-8-8-7-8-5-8-7-8-3
358	10	10-9-8-8-10-9-9-10-9-8-8-9	8-10-10-8-10-10-9-7-10-10-8-9	10-10-10-10-10-10-7-8-10-10-9-10	9-10-10-10-10-10-9-10-9-10-10-7	8-7-7-10-10-10-9-10-10-10-5-5	9-9-9-9-10-7-9-10-10-10-10-9	9-10-10-10-9-10-10-9-10-10-7-8	10-10-10-9-10-9-10-2-2-10-7-9	7-9-10-10-2-10-4-7-4-10-8-5	7-10-4-10-10-2-10-4-9-10-10-10	9-10-6-9-7-7-9-10-10-8-10-10	7-9-9-4-4-10-10-10-10-10-6-10
359	0	0-0-0-0-0-0-0-0-0-0-0-0	0-0-0-0-0-0-0-0-0-0-0-0	0-0-0-0-0-0-0-0-0-0-0-0	0-0-0-0-0-0-0-0-0-0-0-0	0-0-0-0-0-0-0-0-0-0-0-0	0-0-0-0-0-0-0-0-0-0-0-0	0-0-0-0-0-0-0-0-0-0-0-0	0-0-0-0-0-0-0-0-0-0-0-0	0-0-0-0-0-0-0-0-0-0-0-0	0-0-0-0-0-0-0-0-0-0-0-0	0-0-0-0-0-0-0-0-0-0-0-0	0-0-0-0-0-0-0-0-0-0-0-0
359	1	1-1-1-1-1-1-1-1-1-1-0-1	2-0-0-3-0-1-0-0-2-1-2-0	0-3-0-4-2-2-2-0-0-2-0-2	2-0-0-2-3-2-0-1-1-1-1-0	1-0-1-2-2-2-2-2-1-1-7-2	3-7-2-0-0-2-2-3-1-1-0-3	2-1-1-0-2-1-0-2-1-1-0-2	1-1-1-2-7-2-2-3-1-0-0-0	1-0-2-2-4-2-0-2-1-1-4-1	3-2-1-2-2-1-2-1-2-0-0-3	1-1-0-1-2-1-0-1-1-1-2-1	2-1-1-1-1-1-1-1-1-2-1-1
359	2	2-2-2-2-2-2-2-2-2-2-2-2	1-4-2-1-1-2-0-3-1-2-1-2	2-1-2-1-1-1-3-2-0-1-3-1	1-3-2-1-1-1-3-2-1-4-3-2	1-0-1-1-1-1-3-1-3-2-0-1	1-0-3-0-2-1-3-1-2-2-6-2	1-1-2-2-1-1-3-1-4-2-4-1	2-4-1-3-2-1-3-0-1-0-3-0	3-0-1-1-2-1-7-3-3-2-3-3	1-1-2-3-3-1-4-2-1-1-3-1	3-1-0-2-1-1-4-2-0-1-1-2	1-1-1-1-1-2-1-2-1-1-2-1
359	3	3-2-3-3-2-3-3-3-3-3-3-3	3-2-2-1-3-3-1-4-3-3-4-4	2-4-4-1-4-1-2-5-4-1-2-4	4-4-4-4-1-1-4-1-4-4-2-0	3-0-0-3-1-2-4-3-4-0-5-7	1-3-2-3-3-1-4-1-5-3-2-1	3-1-2-0-1-2-2-4-3-2-4-1	2-2-1-2-2-3-2-1-1-3-2-0	2-4-1-1-1-3-2-2-7-6-2-4	7-1-3-4-4-1-2-4-2-3-2-1	2-1-3-3-4-3-0-3-1-3-3-3	3-4-1-3-0-3-1-3-3-1-2-1
359	4	4-4-4-4-4-4-4-4-4-4-4-7	4-2-2-1-4-3-5-3-5-3-5-3	4-5-5-1-3-1-3-5-3-5-2-3	5-4-3-3-6-5-5-6-3-3-5-4	6-4-7-4-5-5-3-4-5-4-4-4	4-3-2-4-4-5-3-1-2-2-2-4	5-2-2-4-5-7-2-3-3-1-4-3	2-2-5-3-1-5-3-5-4-7-4-4	5-3-5-1-1-6-4-4-3-4-1-3	4-4-2-5-3-1-2-3-5-4-4-1	4-1-4-3-3-7-4-6-4-4-5-4	4-3-4-4-4-4-4-4-3-3-2-1
359	5	6-5-6-7-6-6-7-6-6-7-6-5	6-6-6-6-6-6-4-6-6-6-6-6	6-4-6-7-6-6-6-6-6-6-5-5	6-6-6-6-6-6-6-4-6-3-6-6	6-4-6-6-4-6-6-6-6-6-6-6	5-4-6-5-3-4-6-6-2-2-2-6	6-6-5-4-6-4-6-6-5-6-6-6	5-6-4-6-6-4-7-6-4-4-6-5	6-7-4-6-6-4-4-6-3-4-6-3	4-6-5-4-6-5-6-5-4-5-6-1	4-1-5-5-5-6-5-7-6-5-4-5	5-6-6-4-6-3-5-5-6-5-6-6
359	6	5-7-5-5-5-5-5-5-5-5-5-7	5-5-5-5-5-5-5-5-5-5-5-5	5-5-5-5-5-5-5-7-5-5-6-5	5-5-5-5-5-5-5-4-5-3-5-7	5-5-5-5-6-5-7-5-5-5-5-5	7-4-5-4-6-7-5-5-6-6-2-5	5-5-5-4-5-6-5-5-6-5-5-5	6-5-4-5-5-4-2-5-4-4-5-6	5-6-6-5-5-4-4-5-3-5-5-3	6-5-6-5-5-1-5-5-7-6-5-1	5-6-5-3-5-7-6-4-4-6-6-6	5-5-5-4-5-3-4-4-5-3-5-5
359	7	7-6-5-5-7-6-5-7-5-5-5-4	5-7-7-5-7-5-5-5-5-7-5-5	7-7-7-5-7-7-7-6-5-7-5-7	5-7-5-5-7-7-6-7-6-7-7-6	5-5-4-7-6-7-6-7-7-7-5-5	6-1-7-5-7-6-7-7-7-7-2-6	6-7-7-7-6-7-7-5-7-5-5-5	7-5-3-7-7-5-7-5-1-4-5-7	5-7-7-7-5-7-7-6-3-5-5-5	4-5-7-7-7-1-7-5-6-7-5-7	5-7-7-6-5-4-6-5-7-5-7-7	4-6-6-5-5-7-7-5-5-7-5-7
360	0	0-0-0-0-0-0-0-0-0-0-0-0	0-0-0-0-0-0-0-0-0-0-0-0	0-0-0-0-0-0-0-0-0-0-0-0	0-0-0-0-0-0-0-0-0-0-0-0	0-0-0-0-0-0-0-0-0-0-0-0	0-0-0-0-0-0-0-0-0-0-0-0	0-0-0-0-0-0-0-0-0-0-0-0	0-0-0-0-0-0-0-0-0-0-0-0	0-0-0-0-0-0-0-0-0-0-0-0	0-0-0-0-0-0-0-0-0-0-0-0	0-0-0-0-0-0-0-0-0-0-0-0	0-0-0-0-0-0-0-0-0-0-0-0
360	1	1-1-1-2-1-1-1-2-1-1-2-1	1-2-1-0-3-2-2-2-2-1-2-2	1-2-2-2-2-2-2-2-4-2-3-2	2-0-2-2-1-2-2-2-1-2-2-1	1-2-1-3-4-1-2-1-2-1-2-1	2-2-2-3-2-2-2-2-1-1-4-2	4-3-1-1-2-2-0-2-2-1-1-1	1-3-1-2-1-2-1-2-1-1-0-3	1-0-1-0-2-2-1-2-2-3-1-2	3-1-1-2-1-1-0-1-2-2-0-1	4-8-4-2-3-2-1-1-1-1-1-1	3-1-1-1-3-2-1-2-4-3-3-1
360	2	1-1-1-1-1-1-1-1-1-1-1-1	1-1-1-3-1-1-1-1-1-1-3-1	1-4-1-1-3-1-1-1-1-1-1-1	3-0-1-1-5-3-1-1-3-1-1-1	5-1-1-5-3-3-3-3-1-1-1-3	1-1-1-1-1-1-3-1-1-1-0-4	1-5-1-1-3-1-3-3-1-1-0-3	1-5-4-3-5-1-2-8-8-1-2-1	0-0-3-3-1-5-1-3-1-2-3-1	1-5-1-1-3-3-3-2-3-1-1-2	1-4-0-1-1-1-0-1-1-4-4-1	1-4-4-1-1-1-4-1-2-1-2-1
360	3	1-4-1-3-1-3-1-1-1-1-1-1	1-4-4-2-1-1-1-4-1-1-2-4	4-2-5-1-2-2-4-1-1-2-4-4	2-3-4-1-2-2-1-1-4-5-3-1	2-1-5-1-2-2-4-2-3-3-1-2	1-3-2-1-3-1-4-2-3-3-7-3	0-1-4-4-2-3-4-4-3-4-0-2	1-1-1-2-2-4-7-4-3-4-0-1	3-0-2-2-3-2-0-2-5-3-2-3	1-2-3-4-2-2-2-3-2-4-0-2	0-1-1-3-4-1-0-0-1-1-2-3	1-2-1-4-1-1-2-1-1-1-6-1
360	4	4-3-1-1-3-3-4-1-1-1-5-5	5-3-3-5-5-1-5-3-5-1-5-5	7-5-5-1-4-1-5-5-1-5-3-3	5-5-6-5-2-5-5-4-3-1-2-5	3-7-2-2-5-3-5-5-4-3-1-1	5-5-2-0-5-5-3-5-1-3-1-2	1-1-3-3-5-1-3-5-1-3-1-2	1-2-2-2-2-3-2-3-4-4-5-7	6-0-4-2-2-4-5-5-1-4-2-4	1-2-4-3-5-2-3-3-5-6-5-2	5-2-5-1-3-1-7-1-1-2-2-4	3-2-5-4-1-6-2-4-5-7-3-1
360	5	4-5-4-5-6-3-5-5-5-1-4-4	4-6-6-4-5-1-4-4-4-1-4-4	3-4-4-2-2-6-4-4-7-6-6-6	4-4-4-4-2-4-4-2-6-7-5-4	2-6-6-2-4-6-4-4-6-6-1-2	4-4-6-5-4-4-6-5-1-5-7-5	7-2-3-6-4-5-3-4-5-5-0-7	5-2-6-5-2-1-5-4-2-5-4-4	7-4-5-4-4-2-7-4-7-4-2-6	4-2-4-6-4-2-3-5-4-4-8-2	4-6-7-6-3-6-4-0-5-4-6-6	1-2-4-5-1-4-2-4-4-6-2-1
360	6	7-6-8-6-7-7-7-7-8-8-7-7	7-5-5-7-7-7-7-7-7-7-7-7	6-7-7-7-7-7-7-7-7-7-5-7	7-4-4-7-7-7-7-7-7-5-7-7	7-8-7-7-4-7-7-5-5-5-7-7	6-7-7-8-4-7-7-7-1-3-3-7	7-7-6-5-8-6-5-7-5-8-7-7	5-7-8-7-7-8-8-7-7-5-7-6	4-4-4-7-7-6-5-7-5-6-7-7	7-7-8-5-7-8-7-3-4-4-7-7	4-5-5-5-1-5-4-7-7-7-7-7	1-7-6-7-7-4-7-4-3-5-3-1
360	7	6-8-6-6-6-8-6-6-6-6-6-8	6-5-6-6-6-6-6-6-6-6-6-6	4-6-6-6-6-6-6-6-6-6-7-6	6-7-7-6-6-6-8-6-6-5-6-8	6-4-6-6-4-6-8-7-7-7-6-6	6-6-6-8-7-4-6-6-7-7-3-6	6-6-5-8-4-7-5-6-7-5-6-5	7-6-6-6-6-1-3-6-6-5-6-4	4-7-4-6-6-6-7-6-5-7-6-6	6-6-4-5-6-6-6-3-8-7-7-6	5-7-5-1-7-8-4-7-5-6-6-6	8-6-7-7-6-7-6-1-3-4-3-3
360	8	8-7-6-6-8-7-6-8-6-6-6-7	6-5-8-6-8-8-7-6-6-8-6-7	8-8-6-6-8-6-6-6-6-8-7-8	7-8-8-8-8-8-7-8-8-8-8-7	6-6-8-8-8-8-7-8-8-8-6-6	6-6-8-7-8-4-7-8-8-8-8-7	7-8-8-8-6-8-8-8-8-8-6-8	8-8-6-7-8-6-6-6-2-5-6-4	6-7-8-8-6-8-8-6-8-6-6-6	6-4-8-5-8-6-6-3-7-8-5-8	4-1-5-5-1-7-4-4-1-8-8-8	8-7-7-1-3-8-8-4-8-8-6-1
361	0	0-0-0-0-0-0-0-0-0-0-0-0	0-0-0-0-0-0-0-0-0-0-0-0	0-0-0-0-0-0-0-0-0-0-0-0	0-0-0-0-0-0-0-0-0-0-0-0	0-0-0-0-0-0-0-0-0-0-0-0	0-0-0-0-0-0-0-0-0-0-0-0	0-0-0-0-0-0-0-0-0-0-0-0	0-0-0-0-0-0-0-0-0-0-0-0	0-0-0-0-0-0-0-0-0-0-0-0	0-0-0-0-0-0-0-0-0-0-0-0	0-0-0-0-0-0-0-0-0-0-0-0	0-0-0-0-0-0-0-0-0-0-0-0
361	1	1-1-1-1-1-1-1-1-1-1-1-2	2-2-1-0-2-2-1-2-1-1-2-2	1-2-2-2-2-2-2-2-2-2-2-2	2-1-2-2-1-2-2-2-1-2-0-2	2-2-2-2-1-1-2-1-2-2-3-1	2-2-2-2-2-2-1-2-2-1-4-0	4-2-2-1-1-1-4-2-1-5-4-1	1-1-1-1-1-2-1-2-1-1-0-3	1-0-2-0-2-3-4-2-2-1-1-2	3-1-2-2-1-1-2-1-0-1-6-1	1-5-4-2-2-1-4-1-4-1-2-2	2-1-1-1-3-1-1-2-1-1-1-1
361	2	2-1-1-2-1-1-1-1-1-1-1-1	1-1-1-3-1-1-2-1-1-1-3-1	6-3-1-1-3-1-3-1-1-3-1-3	3-0-1-4-3-3-1-1-3-1-2-1	1-1-1-6-3-3-3-3-1-1-1-3	1-1-3-1-1-1-3-2-1-1-0-2	3-1-1-1-3-2-3-3-1-1-3-3	1-6-5-3-3-1-2-9-5-1-0-4	3-0-3-3-4-1-1-3-1-3-5-1	4-5-1-1-3-5-1-1-3-1-1-8	5-2-0-1-1-1-0-0-5-3-3-1	1-3-2-1-1-1-3-1-0-0-2-4
361	3	1-3-1-1-5-1-1-1-1-1-1-1	1-5-4-2-1-1-1-2-1-1-2-2	1-2-1-1-2-1-2-1-1-2-4-2	2-4-4-2-2-2-1-1-4-4-4-1	3-0-2-5-2-2-4-2-5-4-1-2	1-4-6-2-4-1-5-2-3-3-8-3	2-1-1-0-2-1-5-2-6-3-2-2	3-4-4-2-2-1-5-2-2-3-0-1	2-0-2-2-3-1-1-2-1-3-2-3	1-2-3-3-2-2-1-3-2-4-1-2	1-2-9-3-5-1-0-0-0-2-2-2	1-2-2-1-1-2-2-0-8-1-3-1
361	4	4-4-5-7-3-1-4-1-1-4-4-6	5-3-3-2-1-1-5-5-3-1-6-5	8-4-5-2-4-2-5-5-6-2-3-5	5-5-5-5-2-2-6-5-3-3-3-4	4-4-4-8-7-3-5-5-3-3-4-5	1-3-2-5-3-1-3-4-1-3-1-2	7-1-3-4-6-1-1-5-1-1-1-1	1-3-2-2-3-1-3-6-2-4-4-7	9-9-5-2-2-1-7-2-9-4-2-5	2-2-1-5-2-2-3-1-2-6-4-2	9-2-1-3-1-6-1-7-1-2-3-1	1-2-2-4-2-1-2-7-7-6-1-2
361	5	6-3-4-7-3-5-5-5-5-4-5-6	4-3-3-2-6-1-4-4-6-1-8-4	4-6-4-4-2-6-6-6-4-2-4-4	6-4-4-4-2-2-6-8-3-3-2-8	1-6-6-3-7-6-6-6-3-9-1-4	6-6-3-4-3-6-3-2-1-3-0-5	5-7-5-6-7-5-3-4-5-1-6-2	1-2-2-2-2-6-3-2-2-5-4-7	5-6-6-6-2-1-6-6-4-5-2-6	6-7-5-6-3-2-1-3-6-4-5-2	6-1-5-1-3-6-5-5-6-2-6-5	4-5-6-5-6-7-2-4-5-6-2-2
361	6	5-8-5-9-7-7-6-6-6-4-5-5	4-8-7-4-5-1-5-5-5-5-4-4	2-5-4-1-9-5-7-5-7-7-7-4	5-6-6-8-2-6-7-2-7-8-7-4	8-5-5-2-5-7-7-5-7-6-7-2	6-5-3-4-6-5-7-7-1-6-3-6	5-7-6-5-4-5-3-7-6-8-5-7	6-2-2-6-2-5-7-8-2-6-7-6	5-5-7-5-6-7-5-5-1-4-2-5	5-2-6-5-6-2-7-1-5-4-7-2	5-6-8-6-9-5-0-5-5-5-5-5	8-5-5-5-5-6-5-4-5-5-3-8
361	7	9-7-7-7-6-6-7-8-7-9-7-9	5-6-6-8-1-8-8-4-8-8-4-8	5-8-8-8-8-8-8-8-8-8-6-8	8-4-7-8-8-8-6-7-8-6-8-5	8-5-8-7-5-8-8-8-6-9-6-8	8-7-8-7-4-5-8-8-7-6-0-8	4-6-6-5-9-9-8-6-6-6-8-7	6-8-5-8-8-5-6-6-7-4-8-4	5-0-6-8-8-6-4-5-4-7-8-6	5-8-7-8-8-2-8-3-5-7-6-2	8-6-0-6-1-5-0-5-5-2-1-7	9-8-7-7-8-5-8-4-7-8-7-7
361	8	7-9-7-7-8-9-9-9-9-7-7-9	9-6-6-7-9-7-7-7-7-7-5-9	4-7-4-9-7-7-7-7-7-7-8-7	7-8-8-7-7-7-9-5-7-6-7-5	7-5-7-7-8-7-7-7-8-8-6-7	7-9-7-7-8-5-7-7-8-8-3-8	9-6-6-5-8-5-8-9-8-6-7-7	8-7-3-7-7-5-3-6-7-6-7-8	8-8-8-7-7-6-4-5-4-7-7-6	5-7-6-7-7-2-7-3-9-7-8-2	7-8-8-6-3-5-5-5-5-8-8-8	6-7-9-7-8-6-7-4-3-5-7-6
361	9	9-8-4-6-9-8-8-9-8-7-7-8	8-6-9-7-9-9-7-9-9-9-8-8	9-9-9-9-9-9-9-8-7-9-8-9	8-9-9-9-9-9-8-9-8-9-9-8	7-5-9-9-9-9-8-9-9-9-8-9	8-9-9-8-9-9-9-9-9-9-9-8	5-9-9-9-9-7-9-9-9-9-9-7	9-9-9-8-9-7-9-2-2-9-5-8	4-8-9-9-2-9-9-5-4-9-7-9	5-9-9-6-9-2-9-9-8-9-8-9	4-6-9-8-6-5-8-4-5-9-9-9	9-6-8-1-8-9-9-4-9-9-7-9
362	0	0-0-0-0-0-0-0-0-0-0-0-0	0-0-0-0-0-0-0-0-0-0-0-0	0-0-0-0-0-0-0-0-0-0-0-0	0-0-0-0-0-0-0-0-0-0-0-0	0-0-0-0-0-0-0-0-0-0-0-0	0-0-0-0-0-0-0-0-0-0-0-0	0-0-0-0-0-0-0-0-0-0-0-0	0-0-0-0-0-0-0-0-0-0-0-0	0-0-0-0-0-0-0-0-0-0-0-0	0-0-0-0-0-0-0-0-0-0-0-0	0-0-0-0-0-0-0-0-0-0-0-0	0-0-0-0-0-0-0-0-0-0-0-0
362	1	1-0-1-1-1-1-1-0-1-1-1-1	1-0-0-1-0-1-1-0-1-1-2-1	8-1-3-0-0-1-2-0-0-1-0-0	2-3-2-1-1-2-0-1-0-0-0-9	0-9-1-0-3-0-0-1-1-1-1-1	0-2-0-1-3-1-0-2-0-0-0-2	0-0-0-9-2-0-0-0-0-0-0-0	0-0-0-0-0-0-0-0-0-1-1-3	0-3-0-0-1-0-0-1-0-1-0-0	0-1-1-0-0-0-1-1-3-0-0-0	0-0-1-1-1-1-4-1-0-0-1-1	1-0-1-0-0-1-0-1-1-1-1-1
362	2	2-2-3-3-2-3-2-3-3-2-3-3	3-3-3-1-3-3-3-3-3-3-3-3	2-3-4-3-3-3-3-3-3-3-4-3	3-2-3-3-2-1-3-3-3-3-3-2	7-3-2-4-2-2-3-2-3-2-4-2	4-6-3-2-5-3-2-3-3-2-0-3	3-2-2-2-1-2-5-3-0-2-2-3	2-2-4-2-2-3-2-0-2-3-3-4	2-2-2-1-2-2-3-2-3-2-2-6	4-3-2-2-3-2-2-2-5-3-3-2	3-4-3-2-3-2-2-2-3-2-2-2	8-3-2-2-4-2-2-4-2-5-5-2
362	3	2-2-2-2-2-2-2-2-2-2-2-2	2-2-2-4-2-2-2-2-2-2-2-2	2-4-1-2-2-2-4-2-2-2-2-2	4-1-2-2-6-4-2-5-4-2-5-2	6-2-4-6-1-4-4-4-2-6-4-4	2-2-4-3-1-2-4-2-2-2-0-5	4-5-2-1-4-2-2-4-0-5-4-4	2-6-5-4-6-2-10-5-3-2-7-1	9-1-4-5-5-6-2-4-2-3-5-2	2-6-1-2-4-5-6-2-4-2-2-5	2-5-2-2-2-2-1-2-2-4-3-2	2-4-3-6-2-3-4-2-3-6-3-5
362	4	2-4-2-2-2-2-2-2-2-2-2-2	3-5-5-3-2-2-3-2-2-2-3-2	2-3-2-2-3-2-5-2-5-3-5-3	3-1-2-3-3-3-2-2-5-5-4-1	4-2-3-2-3-3-5-3-4-4-2-3	2-4-6-3-4-2-5-2-8-4-7-3	3-3-2-1-3-4-5-3-6-7-3-3	2-3-2-3-3-2-4-0-3-5-7-2	2-1-3-3-2-3-2-3-2-7-3-6	2-3-4-0-3-6-3-4-3-6-2-3	2-2-2-9-7-2-1-2-2-3-3-2	2-3-1-2-2-3-3-2-7-2-7-7
362	5	2-4-2-7-4-6-2-5-2-2-6-6	6-4-4-6-2-2-6-6-7-6-6-6	9-6-9-3-3-6-6-7-7-6-4-6	6-6-6-6-3-3-7-3-4-4-3-1	3-6-1-5-7-5-6-6-5-5-2-10	6-2-4-6-6-6-4-3-4-2-0-3	2-3-4-8-6-7-4-6-5-3-6-2	2-3-8-3-3-6-2-3-7-5-5-7	7-5-4-3-3-0-7-6-2-9-3-6	6-10-7-6-7-3-2-2-6-7-8-3	7-3-2-4-2-8-7-8-6-3-3-7	2-3-6-7-7-8-3-7-8-9-2-3
362	6	2-7-2-5-7-5-2-2-5-5-5-5	5-7-7-5-2-2-5-5-5-5-5-5	5-5-5-2-3-5-5-7-5-5-7-5	5-5-7-5-3-5-5-3-7-8-7-1	3-5-4-3-5-5-7-5-5-10-7-3	5-2-4-5-5-5-7-3-7-6-0-6	7-7-2-1-5-6-7-5-6-9-5-7	6-3-3-4-3-5-7-3-5-6-5-5	6-1-9-3-5-3-5-5-2-6-3-2	5-3-6-5-5-3-3-2-5-4-5-3	5-7-9-2-4-5-1-5-5-3-7-5	2-3-5-3-5-2-3-5-1-5-6-3
362	7	8-6-7-8-6-5-8-9-5-5-9-9	5-6-6-7-8-2-9-8-5-8-5-5	5-8-8-8-8-8-8-6-5-8-6-8	9-5-8-9-9-9-5-9-8-6-6-1	9-5-9-9-5-7-8-8-5-7-9-9	8-9-8-3-5-5-8-9-6-4-4-8	8-6-4-4-8-5-6-8-4-4-9-8	5-8-3-8-9-5-6-9-9-5-9-5	5-1-6-8-9-9-5-6-2-4-9-7	5-9-6-6-5-10-8-4-8-5-9-9	5-8-2-4-4-5-5-5-5-3-6-7	2-9-1-9-5-5-9-5-4-5-4-4
362	8	7-10-7-10-6-8-7-10-7-2-7-5	5-9-9-5-7-9-5-7-5-7-9-7	1-7-7-7-7-7-9-7-6-7-9-7	7-5-7-7-7-7-9-7-9-6-6-1	7-5-7-8-5-9-9-7-9-8-7-7	7-7-7-9-5-5-7-7-8-8-8-8	7-7-2-10-7-5-9-7-8-9-7-7	2-7-5-9-7-5-2-7-7-8-2-5	5-1-7-7-8-8-5-7-2-7-7-7	5-5-8-9-9-7-9-2-7-9-5-7	5-7-9-4-2-5-5-5-5-7-6-2	2-7-5-7-2-5-7-5-5-5-9-3
362	9	7-8-7-7-6-10-10-10-10-9-7-10	10-8-8-7-10-8-7-5-10-7-8-10	5-7-5-10-7-7-8-7-10-7-8-7	7-7-9-7-7-7-10-7-8-8-7-10	7-5-7-7-1-8-10-7-8-9-7-7	7-7-7-10-9-5-10-7-9-9-0-9	10-6-8-1-7-9-8-8-9-8-7-7	9-7-7-8-7-5-4-7-7-5-7-5	9-9-6-7-7-7-9-7-10-5-7-0	5-7-9-8-8-7-8-8-10-8-7-7	8-9-8-4-4-2-1-5-3-7-6-9	2-7-9-7-9-3-7-5-8-5-8-3
362	10	10-8-7-8-10-9-9-10-9-7-7-9	9-8-10-5-10-10-9-10-10-10-8-9	10-10-10-9-9-10-9-9-10-10-9-10	9-10-10-10-10-10-9-10-9-10-10-9	7-5-10-10-10-9-9-10-10-10-5-5	10-10-10-9-10-5-9-10-10-10-10-9	9-10-10-8-6-10-10-9-10-10-7-10	10-10-10-9-10-10-3-7-7-5-9-5	3-9-10-9-7-10-10-5-9-10-8-0	5-5-10-10-10-7-10-10-9-10-9-10	5-3-0-10-2-5-5-5-5-9-10-10	2-9-9-2-3-10-10-10-10-10-8-10
363	0	0-0-0-0-0-0-0-0-0-0-0-0	0-0-0-0-0-0-0-0-0-0-0-0	0-0-0-0-0-0-0-0-0-0-0-0	0-0-0-0-0-0-0-0-0-0-0-0	0-0-0-0-0-0-0-0-0-0-0-0	0-0-0-0-0-0-0-0-0-0-0-0	0-0-0-0-0-0-0-0-0-0-0-0	0-0-0-0-0-0-0-0-0-0-0-0	0-0-0-0-0-0-0-0-0-0-0-0	0-0-0-0-0-0-0-0-0-0-0-0	0-0-0-0-0-0-0-0-0-0-0-0	0-0-0-0-0-0-0-0-0-0-0-0
363	1	1-1-1-1-1-1-1-0-1-1-1-1	1-0-0-1-0-1-2-0-2-0-0-2	1-1-2-0-1-1-2-2-0-0-3-1	2-1-2-1-1-2-0-1-0-1-0-4	0-2-4-0-2-0-2-1-0-0-0-1	0-4-0-1-0-1-0-1-0-0-0-2	0-0-0-1-0-0-0-0-0-1-1-0	1-0-0-0-1-2-0-0-1-1-3-1	1-2-2-0-0-0-6-1-0-1-1-0	2-1-1-0-0-0-0-0-1-2-3-0	3-0-1-0-2-1-1-3-3-1-0-1	1-1-1-3-1-1-1-1-1-1-1-0
363	2	2-2-2-2-2-2-2-2-2-2-2-2	3-0-0-4-2-1-1-3-3-2-3-1	1-4-1-3-3-3-1-3-0-4-1-3	3-1-1-3-3-3-0-3-3-3-2-1	3-1-2-3-1-2-3-3-2-2-0-3	3-3-3-0-0-3-3-3-2-0-0-4	3-4-0-1-3-2-2-3-2-0-3-3	2-2-2-3-3-1-2-8-2-1-1-0	2-1-1-3-4-0-1-3-3-0-3-2	1-3-0-3-3-2-0-4-3-1-0-2	2-2-1-4-1-2-1-1-1-2-3-1	1-3-1-1-2-2-3-1-2-2-2-2
363	3	3-4-2-3-3-3-3-3-2-3-3-4	2-4-4-2-4-4-1-4-2-3-2-2	1-2-4-2-2-2-4-2-4-2-4-2	2-3-4-2-2-2-6-2-2-3-2-1	2-1-1-2-1-2-4-2-3-2-0-2	2-2-4-0-4-2-4-2-3-3-0-3	2-2-3-1-2-3-8-2-0-4-2-2	3-2-2-2-2-2-7-0-2-5-1-0	2-1-2-2-3-4-1-2-2-4-2-3	1-2-0-7-2-2-1-3-2-4-4-2	4-2-1-6-1-2-1-1-1-2-2-3	1-2-1-1-1-4-2-1-2-4-3-2
363	4	3-3-5-5-3-3-4-4-4-4-3-5	4-3-3-2-5-3-5-3-5-4-5-5	6-5-7-2-4-2-3-5-3-2-3-4	5-4-5-4-2-5-5-1-3-5-3-1	4-8-1-4-6-3-3-4-4-4-4-8	2-2-3-4-6-8-3-2-4-3-0-2	4-2-3-1-2-4-2-5-2-3-6-3	4-2-2-3-2-5-3-2-2-4-4-6	6-4-3-2-2-3-8-7-5-4-2-3	6-3-4-5-4-2-0-3-7-3-3-2	6-2-4-8-1-6-6-8-6-2-4-4	5-2-1-3-6-3-2-4-5-6-4-2
363	5	6-5-7-5-6-6-8-6-6-6-6-8	6-7-6-2-6-6-4-6-6-6-6-6	5-6-6-7-6-6-6-6-6-6-8-6	6-5-6-7-2-4-7-7-6-7-5-5	7-4-6-7-5-5-6-5-6-5-7-5	5-5-6-5-5-6-5-6-6-5-0-5	8-6-5-5-4-5-3-6-5-7-8-6	6-5-4-5-5-6-5-7-2-3-4-5	5-5-5-5-7-6-5-6-6-7-5-6	4-5-5-6-6-6-6-5-4-5-8-5	5-8-6-5-6-7-4-5-8-5-6-5	8-8-5-8-6-7-7-7-5-5-3-5
363	6	5-5-6-7-5-5-5-5-5-5-5-7	5-5-5-7-5-5-5-7-5-5-5-5	1-7-5-5-7-5-7-5-5-5-5-7	7-4-5-5-7-7-5-5-5-5-7-1	5-4-5-7-4-7-7-7-5-5-5-7	5-5-5-6-4-5-6-5-5-6-0-7	7-5-5-1-8-6-6-5-5-5-7-5	5-7-7-6-6-5-8-7-7-4-7-4	4-1-1-6-5-5-1-5-5-5-6-5	4-7-5-5-7-5-5-5-2-1-7-2	7-5-7-3-5-4-4-1-7-6-5-5	5-6-6-1-7-5-6-4-7-7-6-5
363	7	6-5-5-6-5-5-5-5-5-5-5-6	5-5-5-6-5-5-6-6-5-5-6-5	5-6-4-5-6-5-6-5-5-5-7-6	6-7-7-5-6-6-5-5-5-5-6-1	5-5-6-6-7-6-6-6-7-7-5-6	8-5-7-6-7-4-7-5-7-7-3-7	6-2-5-8-8-7-3-6-7-5-6-5	7-6-6-6-6-8-3-6-6-7-6-4	7-8-7-6-5-5-7-4-5-5-6-5	7-6-7-3-6-2-5-8-8-7-6-2	6-5-6-3-8-8-4-1-6-7-5-7	5-6-7-7-6-5-7-5-6-6-6-2
363	8	8-7-6-6-8-5-5-8-5-5-5-5	5-5-8-6-8-5-7-8-8-8-7-5	8-8-8-6-8-5-7-5-5-8-5-8	8-8-5-8-8-8-7-8-8-8-8-1	5-4-8-8-8-8-7-8-8-8-5-4	5-8-7-6-8-4-8-8-8-8-8-8	6-8-8-8-6-8-3-8-8-8-5-5	8-8-6-8-8-7-6-2-6-7-5-4	7-7-8-8-2-8-8-5-8-5-6-0	7-8-8-8-8-2-8-7-7-8-5-8	6-5-3-4-5-7-5-4-5-5-8-8	5-5-6-5-6-8-8-4-8-8-6-5
364	0	0-0-0-0-0-0-0-0-0-0-0-0	0-0-0-0-0-0-0-0-0-0-0-0	0-0-0-0-0-0-0-0-0-0-0-0	0-0-0-0-0-0-0-0-0-0-0-0	0-0-0-0-0-0-0-0-0-0-0-0	0-0-0-0-0-0-0-0-0-0-0-0	0-0-0-0-0-0-0-0-0-0-0-0	0-0-0-0-0-0-0-0-0-0-0-0	0-0-0-0-0-0-0-0-0-0-0-0	0-0-0-0-0-0-0-0-0-0-0-0	0-0-0-0-0-0-0-0-0-0-0-0	0-0-0-0-0-0-0-0-0-0-0-0
364	1	1-1-1-2-1-0-1-0-1-1-0-2	2-0-0-1-0-2-1-0-2-1-2-2	2-1-2-0-0-1-2-1-0-1-3-0	2-2-2-1-1-2-0-4-0-0-0-3	0-1-2-0-2-0-2-1-0-1-1-2	1-0-0-1-1-1-0-0-0-0-0-2	0-0-0-1-0-0-0-0-0-1-0-1	0-0-1-0-1-2-0-0-0-0-3-2	1-2-2-0-1-0-0-2-0-1-1-1	0-2-1-0-0-0-0-0-1-2-1-1	0-0-3-0-1-1-1-0-0-1-1-1	3-1-1-3-1-1-1-2-1-3-1-1
364	2	2-3-2-2-2-2-2-2-2-2-2-2	1-0-0-2-0-1-2-3-1-2-1-3	1-4-1-4-3-4-3-3-0-3-1-2	3-1-1-3-3-3-0-1-3-0-2-1	2-1-1-3-1-2-3-3-3-2-3-1	2-0-3-2-0-3-3-3-2-0-0-3	3-4-2-1-3-2-3-3-2-2-3-3	0-4-4-3-4-1-3-0-4-0-1-1	2-1-1-4-4-0-4-4-2-0-2-1	2-4-1-3-3-4-0-0-3-1-0-4	0-4-0-0-2-1-1-1-3-3-2-1	0-3-2-1-0-2-3-1-3-2-2-2
364	3	3-4-3-3-3-3-2-3-3-3-3-2	1-6-4-2-0-4-2-4-4-4-1-2	2-2-2-2-2-2-4-4-4-2-4-4	2-4-4-2-2-2-5-1-5-4-2-1	3-5-6-2-3-2-4-2-4-3-2-1	2-5-4-2-3-2-2-2-3-3-5-2	2-2-4-6-2-3-2-2-3-5-2-2	3-7-2-2-2-4-5-4-2-3-1-3	6-1-2-2-5-3-3-2-5-5-4-3	3-2-7-2-2-2-4-6-2-1-4-3	4-2-1-5-6-2-3-4-2-2-2-3	5-7-1-5-3-2-2-3-5-4-5-3
364	4	5-3-4-6-3-4-4-4-4-4-4-4	4-3-3-2-6-3-4-5-5-3-5-5	5-2-6-2-2-2-3-3-5-2-3-3	5-5-5-5-2-5-5-1-3-3-3-4	2-4-1-4-5-2-5-4-3-4-4-4	0-4-3-4-5-2-3-2-0-3-0-4	2-2-3-5-5-4-3-5-5-2-5-2	5-2-5-2-2-5-3-3-2-5-5-5	5-4-5-2-2-4-5-2-3-4-3-6	5-5-1-0-5-2-3-3-5-3-5-2	5-2-5-3-4-5-5-5-5-1-4-4	6-2-4-3-5-5-2-5-7-5-3-2
364	5	6-7-5-7-5-4-5-6-5-5-5-5	4-3-3-5-6-4-6-5-4-5-4-4	4-6-4-6-6-2-6-6-4-6-3-6	6-4-4-6-6-6-4-6-6-6-6-4	6-3-1-6-4-5-6-6-5-5-6-6	6-7-6-5-4-4-6-6-5-5-3-5	3-6-3-4-4-5-5-6-4-5-6-5	4-6-4-6-6-4-3-7-2-4-4-4	4-4-4-6-7-4-4-1-3-4-6-4	4-4-3-6-6-6-6-3-4-1-4-6	4-6-4-3-4-4-4-4-4-1-5-3	3-3-5-3-4-4-5-4-3-4-3-6
364	6	5-7-5-5-6-7-5-5-7-6-5-7	4-3-3-5-5-7-5-5-7-5-5-7	4-5-4-5-5-6-5-5-7-5-5-5	5-6-6-5-5-5-7-5-5-6-5-4	5-4-7-5-6-5-5-5-6-6-5-5	7-7-5-5-4-4-5-5-6-6-3-6	7-5-3-6-7-6-3-5-6-5-5-5	6-5-4-5-5-7-3-6-2-4-5-4	6-4-6-5-5-6-6-6-3-4-5-4	6-5-1-5-5-5-5-3-7-6-4-5	5-6-4-3-3-7-4-3-5-7-6-3	4-6-6-6-4-6-6-4-5-4-3-5
364	7	7-5-5-5-7-7-5-7-6-4-6-5	4-3-7-5-7-7-5-7-6-7-5-6	7-7-7-5-7-6-6-6-6-7-7-7	6-7-7-7-7-7-6-7-7-7-7-4	5-4-7-7-6-7-6-7-7-7-5-7	7-6-6-5-7-4-7-7-7-7-7-7	4-7-7-7-6-7-7-7-7-5-4-7	7-7-7-6-7-6-2-5-2-4-4-7	4-4-7-6-5-7-4-6-7-7-5-0	6-4-7-7-7-2-7-7-7-7-3-7	4-7-7-7-3-6-4-4-7-6-7-7	7-3-6-6-0-7-7-4-7-7-5-7
365	0	0-0-0-0-0-0-0-0-0-0-0-0	0-0-0-0-0-0-0-0-0-0-0-0	0-0-0-0-0-0-0-0-0-0-0-0	0-0-0-0-0-0-0-0-0-0-0-0	0-0-0-0-0-0-0-0-0-0-0-0	0-0-0-0-0-0-0-0-0-0-0-0	0-0-0-0-0-0-0-0-0-0-0-0	0-0-0-0-0-0-0-0-0-0-0-0	0-0-0-0-0-0-0-0-0-0-0-0	0-0-0-0-0-0-0-0-0-0-0-0	0-0-0-0-0-0-0-0-0-0-0-0	0-0-0-0-0-0-0-0-0-0-0-0
365	1	3-2-2-2-1-2-1-3-2-2-2-4	2-2-1-0-2-2-0-2-2-2-0-2	2-1-1-2-2-2-2-2-2-2-2-2	2-1-2-2-1-0-2-0-2-2-1-1	2-0-2-0-1-1-2-1-1-2-4-1	4-6-0-0-2-0-1-2-1-1-4-1	1-3-1-1-2-1-0-2-1-2-1-1	4-1-5-1-1-1-2-5-1-3-0-1	1-1-2-2-1-3-2-1-3-1-1-1	2-1-2-2-4-5-3-1-6-2-2-1	1-7-1-1-7-1-1-1-5-1-3-1	1-1-0-1-1-1-1-1-4-1-1-4
365	2	1-1-1-1-1-1-1-1-1-1-1-1	1-1-1-3-1-1-0-1-3-1-3-1	1-3-1-1-1-1-3-1-1-1-1-1	3-1-1-1-3-3-1-4-3-1-1-1	1-0-3-1-3-2-3-3-1-1-1-3	1-1-3-1-1-4-3-1-1-1-0-3	3-1-1-1-3-0-0-3-1-1-3-3	1-2-4-3-3-1-7-7-4-1-0-0	1-0-1-3-4-1-1-3-1-2-4-2	1-3-1-1-3-3-1-1-3-1-1-4	1-4-0-1-1-1-0-0-0-3-2-2	1-3-2-1-1-2-3-1-0-1-2-4
365	3	1-3-1-1-1-1-1-1-1-1-1-1	2-4-4-2-3-1-2-5-2-1-2-2	4-2-4-1-5-1-4-1-1-5-4-4	2-4-3-2-2-2-1-2-5-3-4-0	5-0-5-3-3-2-4-2-3-3-1-2	1-3-4-0-3-1-4-3-1-3-5-3	2-1-4-7-2-3-4-2-1-1-2-2	0-2-1-2-2-0-4-4-2-4-2-0	0-0-4-2-3-1-1-2-6-5-2-3	1-2-3-0-2-2-1-3-2-1-1-2	6-1-1-6-1-1-0-0-0-2-4-1	0-2-2-5-1-2-2-0-6-5-5-6
365	4	5-3-1-1-3-1-4-1-1-1-5-1	5-3-3-2-3-1-6-6-6-5-6-7	6-5-6-1-3-5-5-5-5-6-3-3	5-5-5-1-2-2-5-2-3-3-5-4	1-5-4-4-6-3-5-5-5-4-1-5	1-5-3-4-6-2-3-3-1-1-1-5	2-1-3-0-5-0-3-5-1-1-4-1	1-2-2-3-2-5-3-3-2-3-4-5	4-0-5-2-2-5-6-2-3-4-2-3	5-2-6-5-1-2-6-3-5-5-1-2	5-2-5-5-1-5-5-5-6-2-3-4	0-3-4-4-1-2-2-5-7-7-7-2
365	5	6-5-7-7-1-5-7-5-7-7-4-6	4-3-3-6-5-1-4-4-4-4-7-6	4-4-6-6-6-6-6-4-4-3-4-4	6-4-6-6-6-6-4-4-6-4-6-7	6-4-3-6-4-6-6-6-4-5-3-6	6-4-6-5-4-4-6-6-5-1-3-4	7-6-3-6-4-5-3-6-4-1-6-6	1-6-1-6-6-4-7-6-2-3-6-4	1-0-4-6-7-4-1-4-0-3-6-4	6-6-5-4-6-1-7-5-4-4-6-2	6-4-4-4-0-4-4-4-7-6-4-3	7-6-5-6-5-5-6-4-5-5-6-5
365	6	5-7-5-7-3-7-7-7-7-6-4-7	4-3-5-5-6-1-7-4-4-1-5-5	4-5-4-7-5-5-5-4-4-4-6-6	5-5-6-5-5-5-7-5-5-3-5-7	5-4-3-5-4-5-7-5-4-6-7-5	5-7-5-7-4-7-5-5-6-6-3-6	7-5-3-5-7-6-6-5-6-1-5-5	6-5-1-5-5-1-3-5-2-3-5-4	6-6-6-6-6-6-4-5-3-6-5-0	5-5-6-5-5-2-4-1-7-4-6-2	5-6-1-6-3-4-4-6-4-5-3-6	1-5-7-6-6-2-5-4-3-4-5-3
365	7	7-6-5-5-7-6-6-7-6-5-5-6	5-7-7-5-7-7-6-7-7-7-5-6	7-7-7-7-7-7-7-5-7-7-6-7	6-7-7-7-7-7-6-7-7-7-7-6	5-4-7-7-7-7-6-7-7-7-6-4	7-7-6-6-7-6-7-7-7-7-7-6	6-7-7-7-6-7-7-6-7-7-5-5	7-7-7-6-7-5-2-2-2-7-5-4	5-7-7-6-5-7-7-4-7-7-5-1	2-5-7-7-7-7-5-7-6-7-6-7	4-1-7-7-1-7-4-4-7-5-7-7	5-6-6-7-7-7-7-4-7-7-4-7
366	0	0-0-0-0-0-0-0-0-0-0-0-0	0-0-0-0-0-0-0-0-0-0-0-0	0-0-0-0-0-0-0-0-0-0-0-0	0-0-0-0-0-0-0-0-0-0-0-0	0-0-0-0-0-0-0-0-0-0-0-0	0-0-0-0-0-0-0-0-0-0-0-0	0-0-0-0-0-0-0-0-0-0-0-0	0-0-0-0-0-0-0-0-0-0-0-0	0-0-0-0-0-0-0-0-0-0-0-0	0-0-0-0-0-0-0-0-0-0-0-0	0-0-0-0-0-0-0-0-0-0-0-0	0-0-0-0-0-0-0-0-0-0-0-0
366	1	1-1-1-1-1-1-1-1-1-1-1-1	1-1-1-2-0-1-2-1-2-2-1-2	1-0-2-2-2-1-2-2-0-0-2-1	2-0-0-2-2-2-2-2-1-0-2-1	2-0-3-2-0-1-2-2-1-0-2-2	2-2-2-2-0-3-2-2-1-1-0-2	2-3-1-0-2-0-1-2-1-1-3-2	3-3-3-2-2-3-1-2-2-0-0-1	1-0-2-2-3-1-0-2-0-1-2-2	0-3-1-0-2-3-2-1-2-0-0-3	0-3-0-3-0-3-1-0-0-2-2-1	0-2-1-1-0-0-2-0-0-0-3-1
366	2	1-3-2-2-2-2-1-2-1-1-2-3	1-3-2-1-3-3-1-3-1-1-1-3	3-2-1-1-3-1-3-1-1-2-3-3	1-3-1-1-1-1-1-1-3-3-3-0	1-0-4-1-0-3-3-1-2-3-1-1	1-1-1-1-2-1-3-1-2-2-3-1	1-1-2-4-1-2-3-1-2-2-1-1	2-1-3-1-1-3-5-1-1-4-0-0	2-0-1-1-2-2-3-1-3-2-1-3	0-1-2-3-1-1-3-2-1-2-2-1	0-2-5-2-1-0-0-0-3-3-3-2	2-1-1-2-2-2-1-0-0-3-5-1
366	3	3-2-1-2-2-2-1-3-1-3-1-2	3-2-2-1-3-2-1-2-4-1-4-4	6-4-4-1-2-4-2-4-2-2-2-2	4-5-3-3-1-4-2-1-2-2-4-4	1-6-1-3-5-2-2-3-2-4-1-0	1-4-1-4-3-1-2-1-2-2-2-1	1-1-2-0-2-3-2-2-3-2-1-1	1-1-5-2-1-4-2-1-2-3-5-5	5-5-3-1-1-0-5-1-2-3-1-3	5-5-3-2-1-1-2-2-5-5-5-1	5-1-6-1-3-3-6-5-5-5-2-3	3-1-3-5-5-5-2-5-5-2-1-1
366	4	5-5-6-6-6-5-4-6-6-5-5-5	5-5-4-1-6-6-5-5-6-5-3-5	4-5-3-5-4-5-5-5-5-5-5-5	5-4-5-6-4-4-5-5-5-6-5-4	5-3-5-6-4-4-5-4-5-5-5-4	4-5-5-3-3-5-4-5-5-4-2-4	7-5-4-4-4-4-5-5-4-6-7-5	5-4-6-4-4-5-4-5-4-6-7-4	4-3-7-4-4-5-6-4-5-6-4-5	4-4-5-5-4-5-5-4-3-3-3-1	4-7-5-4-5-7-3-4-7-7-5-6	5-4-4-7-5-4-6-3-4-4-2-5
366	5	4-4-4-7-4-4-4-4-4-4-4-4	4-4-4-5-5-4-6-4-4-4-6-4	5-6-4-4-6-4-6-4-4-4-4-6	6-3-4-4-6-6-4-4-4-4-6-4	6-3-7-6-3-6-6-4-4-4-4-6	5-7-6-4-3-4-6-4-4-2-2-6	5-4-4-5-6-4-4-6-4-4-6-4	4-5-3-6-6-4-7-6-6-4-6-3	3-3-6-6-6-4-3-3-4-4-6-4	3-3-4-4-6-6-6-4-3-3-3-6	3-4-2-4-4-4-3-3-3-6-4-4	4-6-5-3-6-4-6-3-3-0-2-4
366	6	4-7-4-5-4-7-4-4-4-4-5-7	4-4-4-5-4-4-5-5-4-4-5-5	3-5-5-4-5-5-5-5-4-5-5-5	5-6-6-4-5-5-7-5-4-4-5-7	5-3-5-5-6-5-7-6-6-6-4-5	5-5-5-7-6-5-5-5-6-2-2-5	7-4-4-6-5-6-2-5-6-4-5-4	6-5-4-5-5-4-2-5-5-4-5-3	3-6-5-5-5-4-4-3-4-4-5-4	3-5-4-4-5-5-5-4-7-4-3-5	5-6-3-6-4-4-3-3-5-5-4-4	4-5-7-6-5-4-5-3-5-0-2-5
366	7	7-6-5-5-7-6-4-7-4-4-4-6	4-4-7-5-7-4-5-7-7-7-5-5	7-7-7-4-5-7-7-4-4-7-4-7	6-7-4-7-7-7-6-7-7-7-7-6	4-3-7-7-7-7-6-7-7-7-5-7	4-5-7-6-7-4-6-7-7-7-7-6	4-7-7-7-4-7-7-7-7-7-4-4	7-7-5-6-7-4-5-5-5-4-4-4	3-4-7-6-1-7-7-4-4-4-5-5	5-7-7-4-7-1-7-6-6-7-3-7	3-4-4-7-4-4-3-3-4-4-7-7	4-6-6-4-5-7-7-3-7-7-5-1
367	0	0-0-0-0-0-0-0-0-0-0-0-0	0-0-0-0-0-0-0-0-0-0-0-0	0-0-0-0-0-0-0-0-0-0-0-0	0-0-0-0-0-0-0-0-0-0-0-0	0-0-0-0-0-0-0-0-0-0-0-0	0-0-0-0-0-0-0-0-0-0-0-0	0-0-0-0-0-0-0-0-0-0-0-0	0-0-0-0-0-0-0-0-0-0-0-0	0-0-0-0-0-0-0-0-0-0-0-0	0-0-0-0-0-0-0-0-0-0-0-0	0-0-0-0-0-0-0-0-0-0-0-0	0-0-0-0-0-0-0-0-0-0-0-0
367	1	1-1-1-2-1-1-1-1-1-1-1-2	1-2-1-2-2-2-1-2-1-1-2-2	1-2-2-2-2-2-2-2-2-2-2-1	2-0-2-2-2-2-2-2-1-2-2-1	4-2-2-3-1-1-2-1-2-1-4-1	2-2-2-1-0-2-2-2-2-1-6-0	6-2-1-1-0-1-0-2-1-4-6-1	1-1-0-1-1-3-1-1-1-1-0-1	1-0-0-1-2-0-1-2-2-4-1-2	2-1-1-2-0-1-1-2-4-1-0-1	1-9-5-2-2-1-1-1-2-1-2-1	2-1-1-1-1-1-1-4-5-1-1-3
367	2	1-1-1-1-1-1-1-1-1-1-1-1	1-1-1-4-1-1-3-1-1-1-3-1	1-3-1-1-3-1-3-1-1-1-1-3	3-3-1-3-3-3-1-1-1-1-1-1	1-1-3-1-3-3-3-3-1-2-1-4	1-1-1-4-1-1-3-1-1-1-0-4	1-1-1-0-3-2-0-3-1-1-4-3	1-4-8-3-3-1-9-9-2-1-4-0	0-0-3-3-1-3-1-3-1-2-2-1	1-4-1-1-3-3-0-1-3-1-1-4	0-1-1-1-1-1-0-0-1-3-1-3	1-3-3-1-0-1-3-1-0-4-2-1
367	3	1-4-1-3-3-1-1-3-1-1-1-1	1-5-3-2-1-1-2-4-1-1-2-4	1-5-1-1-2-2-4-5-4-2-4-2	2-2-3-5-2-2-4-1-4-4-4-0	1-0-2-3-3-4-4-2-3-3-1-2	1-2-4-2-3-1-4-4-3-3-5-3	4-5-1-5-2-3-5-2-1-3-4-2	1-2-1-4-2-1-7-5-2-5-4-1	4-0-4-2-3-2-5-2-4-2-2-4	1-5-3-4-4-2-4-4-2-1-4-2	4-3-1-3-1-1-4-5-4-2-2-2	5-2-2-4-4-1-2-1-8-5-7-1
367	4	1-3-1-4-3-4-1-1-4-4-5-5	1-3-3-2-1-1-2-3-2-1-5-3	1-2-5-1-7-5-3-3-3-5-3-4	5-5-5-2-2-2-1-1-5-5-3-1	1-1-2-7-5-3-5-4-5-5-1-2	1-4-3-2-4-2-5-3-4-4-3-2	3-3-5-5-5-3-4-5-4-3-2-2	1-2-2-3-2-1-3-2-2-7-2-5	3-0-3-2-4-6-0-5-9-8-3-5	1-4-1-5-5-2-7-3-3-1-3-2	1-7-3-4-5-4-3-3-3-4-5-4	3-5-4-3-3-4-3-1-4-5-3-3
367	5	5-5-6-6-3-4-5-6-1-1-6-6	6-3-3-6-6-1-6-6-6-1-6-6	8-3-7-1-5-6-4-6-1-4-4-6	4-4-4-3-4-4-7-5-4-4-3-6	3-8-7-4-7-4-4-5-4-7-7-6	8-6-3-7-7-7-4-1-1-3-3-3	3-3-4-6-7-5-3-4-4-1-7-4	1-5-2-3-3-7-4-7-5-7-7-7	7-6-7-6-4-6-7-7-4-5-2-5	6-7-5-4-4-1-6-5-7-7-3-6	7-1-1-4-4-7-7-3-7-4-4-5	7-4-1-5-3-7-2-7-1-8-3-1
367	6	8-6-8-8-7-7-9-8-8-8-7-9	7-6-6-7-7-8-7-7-7-7-5-7	6-7-7-7-6-7-7-7-7-7-7-7	7-6-7-8-6-7-7-8-7-8-6-6	8-6-6-4-6-6-7-6-6-7-8-6	7-5-7-6-6-5-7-7-7-6-1-7	9-7-6-5-5-6-7-7-7-3-9-7	7-6-7-6-6-7-6-8-5-8-5-5	6-5-7-5-7-7-5-5-8-6-6-6	5-1-6-7-6-7-7-7-5-5-7-6	5-7-6-6-9-9-5-5-5-6-7-7	8-9-6-5-7-8-7-5-6-6-3-9
367	7	6-6-6-9-6-6-6-6-6-6-6-6	6-6-6-8-6-6-8-8-6-6-8-6	7-8-8-6-8-6-8-6-6-6-6-8	8-5-6-6-8-8-6-6-6-6-8-7	6-5-7-8-5-8-8-8-4-6-6-8	6-8-8-7-5-5-8-6-6-7-3-8	8-6-6-7-5-7-6-8-6-9-8-7	6-8-5-8-8-5-3-6-8-4-5-5	9-5-6-8-6-6-5-5-6-4-8-6	9-8-7-6-8-6-8-6-5-5-8-8	8-7-6-4-6-8-5-8-8-8-6-6	5-8-7-8-8-5-8-5-8-7-3-1
367	8	6-6-6-7-6-6-6-6-6-6-6-9	6-6-6-7-6-6-7-7-6-6-7-9	5-7-7-6-7-6-7-6-6-6-8-7	7-8-8-6-7-7-9-6-6-6-7-9	6-5-7-7-8-7-7-7-8-8-6-7	6-7-7-9-8-5-7-7-8-8-3-7	9-6-6-5-5-8-4-7-8-6-7-6	6-7-2-7-7-5-6-6-7-6-7-5	8-8-7-7-7-6-5-5-6-4-7-0	7-7-8-8-7-6-7-6-9-5-7-7	7-8-6-6-6-7-8-7-7-7-6-8	6-7-7-7-8-6-7-5-7-7-3-6
367	9	9-6-6-7-6-8-6-9-6-6-6-8	6-6-9-7-9-6-8-9-9-9-7-8	9-9-9-7-9-6-9-6-6-9-6-9	8-9-6-9-9-9-8-9-6-9-9-8	6-6-9-9-9-9-8-9-9-9-6-9	6-9-9-7-9-5-9-9-9-9-9-7	8-9-9-9-6-9-9-9-9-9-6-6	9-9-9-8-9-9-9-2-7-6-5-5	7-8-9-9-6-9-9-7-4-6-7-1	7-9-9-9-9-6-9-9-8-9-6-9	8-6-1-9-6-6-8-6-6-6-9-9	6-6-7-6-3-9-9-5-9-9-7-6
368	0	0-0-0-0-0-0-0-0-0-0-0-0	0-0-0-0-0-0-0-0-0-0-0-0	0-0-0-0-0-0-0-0-0-0-0-0	0-0-0-0-0-0-0-0-0-0-0-0	0-0-0-0-0-0-0-0-0-0-0-0	0-0-0-0-0-0-0-0-0-0-0-0	0-0-0-0-0-0-0-0-0-0-0-0	0-0-0-0-0-0-0-0-0-0-0-0	0-0-0-0-0-0-0-0-0-0-0-0	0-0-0-0-0-0-0-0-0-0-0-0	0-0-0-0-0-0-0-0-0-0-0-0	0-0-0-0-0-0-0-0-0-0-0-0
368	1	1-2-1-2-2-2-1-2-1-1-2-2	2-2-1-0-2-2-0-2-2-2-2-2	1-2-3-0-2-2-2-2-2-2-2-2	2-1-2-2-2-0-2-2-2-2-1-0	2-0-1-3-2-1-2-1-2-2-2-1	2-2-0-4-2-0-2-2-3-1-4-2	2-1-1-1-2-1-2-3-2-1-0-2	3-1-1-1-1-2-2-2-1-2-2-1	1-2-2-1-1-0-2-1-2-1-1-1	2-1-2-2-1-3-2-2-2-2-2-1	1-9-4-0-1-1-4-4-3-1-2-2	2-1-1-2-1-3-1-0-0-1-1-2
368	2	1-1-1-1-1-1-1-1-1-1-1-1	1-1-1-3-1-1-0-1-1-1-3-3	1-3-0-1-5-1-1-1-1-3-1-1	3-1-1-1-5-3-1-8-1-1-1-0	5-0-4-1-1-3-3-3-1-1-1-3	1-4-3-1-1-3-3-1-1-1-0-3	1-5-1-0-3-2-1-3-1-1-8-1	1-2-2-3-2-1-9-9-2-1-1-0	2-1-1-3-4-6-1-3-1-2-3-2	1-3-1-1-3-6-3-1-3-1-1-6	8-3-0-1-1-2-1-6-1-3-1-1	1-2-2-1-1-1-3-1-6-3-2-1
368	3	1-1-1-1-1-3-1-1-1-1-1-1	1-4-4-2-1-1-1-4-1-1-2-4	1-2-1-1-2-1-4-2-1-2-4-2	2-3-3-1-2-2-1-2-4-1-4-0	1-0-2-5-3-2-4-2-4-1-1-2	2-2-5-0-3-2-4-1-1-3-8-2	1-1-1-0-2-3-6-2-3-3-2-4	1-4-2-2-2-4-6-4-3-3-0-1	3-0-1-2-3-3-6-2-1-3-2-4	4-2-3-1-4-1-4-6-2-4-1-2	1-2-0-4-0-1-3-1-1-2-2-1	1-2-2-6-1-1-2-1-0-2-9-1
368	4	4-4-5-4-1-4-1-1-1-4-1-5	1-3-3-8-1-1-5-6-5-1-6-6	8-5-5-2-4-5-5-6-5-5-3-4	5-5-5-6-2-2-1-2-3-1-3-5	1-5-2-3-5-5-5-5-3-1-1-4	5-2-3-1-3-2-3-2-1-1-7-2	5-2-4-7-5-1-5-5-1-1-7-1	1-3-2-2-2-5-5-3-3-4-7-5	7-7-3-5-2-4-7-5-6-4-2-3	3-7-3-0-3-2-3-1-5-5-7-2	7-1-6-3-7-7-7-7-5-9-3-4	1-2-5-1-5-7-1-7-7-6-7-1
368	5	4-9-4-5-5-5-5-6-1-5-1-4	1-6-5-4-4-4-4-6-4-1-2-4	4-4-4-1-2-4-6-4-4-6-6-4	4-4-4-4-2-2-6-2-6-5-6-4	2-7-2-3-4-6-6-4-6-1-7-2	6-6-3-1-3-2-6-8-5-5-5-5	4-2-5-4-4-5-4-6-3-5-4-5	6-2-2-6-2-4-7-5-4-5-4-4	1-4-6-4-3-3-8-4-6-5-2-2	4-2-5-6-6-2-3-5-8-4-0-2	6-5-8-5-9-4-4-4-4-1-5-7	1-2-4-5-4-4-8-4-4-9-8-8
368	6	4-5-7-7-5-5-1-5-6-6-6-4	7-5-5-4-1-1-8-7-4-1-4-4	4-7-8-8-8-7-7-4-8-7-5-7	7-4-7-8-8-8-5-7-7-8-5-8	8-5-9-8-7-5-7-7-5-8-8-8	7-7-8-8-6-7-7-8-5-1-3-8	7-7-5-7-7-8-3-7-6-6-2-7	5-8-2-7-2-4-9-7-8-5-8-4	9-4-7-7-8-8-5-7-5-7-2-3	6-2-6-7-5-7-7-3-7-6-1-2	5-7-4-0-5-9-4-2-5-8-7-6	6-7-9-8-6-4-7-4-2-8-5-5
368	7	4-9-6-9-5-7-8-9-7-8-6-4	6-8-8-4-8-8-9-8-4-7-8-8	4-6-6-6-5-6-8-4-6-6-8-6	6-4-6-6-2-6-8-2-6-6-8-6	1-5-6-8-6-8-8-6-6-6-6-6	6-6-2-6-7-6-6-8-5-7-4-6	6-6-8-6-6-7-8-6-7-8-4-6	1-8-9-6-2-4-8-6-6-5-4-4	4-4-6-6-7-6-4-6-8-6-8-7	6-4-9-6-8-6-6-7-6-4-4-6	4-6-9-5-4-4-4-4-4-6-6-7	1-6-6-6-4-4-6-4-4-6-4-8
368	8	9-7-9-9-8-9-9-9-9-8-6-9	6-7-7-4-8-7-9-7-9-9-7-9	9-6-6-6-6-6-7-8-6-6-7-6	6-6-8-6-6-6-9-2-9-6-7-9	6-4-6-6-6-7-7-6-8-6-6-6	9-6-6-6-8-6-7-5-8-8-3-6	6-2-7-6-8-6-7-7-8-7-2-6	8-7-2-7-2-4-7-6-6-5-6-4	9-8-6-6-8-6-5-7-7-6-7-7	1-2-8-9-7-6-6-9-9-4-8-2	5-8-5-9-8-9-4-4-8-6-8-8	6-9-9-6-8-1-5-4-4-6-5-5
368	9	9-7-9-7-9-8-8-9-8-8-9-8	8-7-9-4-9-9-8-9-9-9-7-8	9-8-9-9-8-9-8-8-9-9-8-9	8-9-9-9-9-9-8-9-8-9-8-8	9-9-9-9-9-8-8-9-9-9-8-9	8-9-9-8-9-8-8-9-9-9-9-6	6-9-9-9-5-7-9-8-9-7-8-8	9-7-9-8-9-9-6-8-2-5-4-6	6-8-9-8-2-9-9-6-8-1-7-9	6-4-7-8-9-9-9-8-8-9-8-9	4-1-5-3-1-6-4-4-9-9-9-9	6-8-8-1-8-9-9-4-4-9-3-9
369	0	0-0-0-0-0-0-0-0-0-0-0-0	0-0-0-0-0-0-0-0-0-0-0-0	0-0-0-0-0-0-0-0-0-0-0-0	0-0-0-0-0-0-0-0-0-0-0-0	0-0-0-0-0-0-0-0-0-0-0-0	0-0-0-0-0-0-0-0-0-0-0-0	0-0-0-0-0-0-0-0-0-0-0-0	0-0-0-0-0-0-0-0-0-0-0-0	0-0-0-0-0-0-0-0-0-0-0-0	0-0-0-0-0-0-0-0-0-0-0-0	0-0-0-0-0-0-0-0-0-0-0-0	0-0-0-0-0-0-0-0-0-0-0-0
369	1	1-1-1-1-1-1-1-1-1-0-1-1	0-2-1-0-0-1-0-1-0-1-0-2	1-0-0-0-0-1-2-2-0-0-2-0	0-0-0-0-0-0-0-0-1-2-2-1	1-0-1-0-0-1-2-0-1-0-0-0	2-0-0-0-0-0-2-0-1-1-4-0	4-2-2-0-0-0-0-0-1-1-4-0	3-1-0-1-1-0-1-2-0-2-0-0	1-0-0-0-1-0-1-2-1-0-1-1	0-0-1-2-1-0-2-1-0-0-0-0	3-0-8-2-1-0-0-0-0-0-2-1	1-0-0-0-0-1-0-0-0-0-1-0
369	2	2-1-2-2-2-1-2-2-2-2-2-1	3-1-1-4-0-2-3-4-3-3-4-1	0-3-4-4-3-0-3-1-0-4-1-3	3-3-3-4-4-3-3-6-2-1-4-0	5-0-4-5-0-3-3-3-1-0-5-3	1-3-4-2-2-5-3-4-1-1-0-3	3-1-1-0-3-2-2-0-2-2-7-5	1-5-4-3-2-0-1-4-2-1-0-5	0-0-0-4-4-2-0-3-1-2-4-1	7-4-0-1-3-2-3-1-3-0-7-4	0-2-1-1-0-4-0-0-0-3-3-1	0-3-2-3-0-0-3-0-4-6-2-2
369	3	3-3-2-3-3-3-3-3-3-3-3-3	2-4-4-2-1-3-2-3-2-2-2-4	2-2-2-2-2-4-4-4-4-5-4-4	2-2-4-2-2-2-4-2-4-4-2-0	2-0-6-2-2-2-4-2-3-3-2-2	1-2-5-0-4-2-4-3-3-3-6-3	2-1-3-0-2-3-4-4-3-3-2-2	5-4-2-2-2-3-3-2-2-1-4-3	3-0-0-2-3-2-3-2-5-3-3-3	0-3-3-4-2-4-4-4-2-3-8-2	4-2-7-4-8-2-0-4-4-2-2-3	0-2-2-2-0-3-2-0-6-2-6-6
369	4	5-3-3-5-3-3-4-3-4-4-4-5	4-3-3-2-5-5-5-6-5-5-2-5	7-5-6-2-2-5-5-5-3-2-3-4	5-5-5-2-2-5-3-4-3-3-5-5	2-6-5-2-4-2-5-5-6-4-2-5	5-5-2-5-3-2-3-2-1-3-1-5	5-4-3-5-5-6-3-5-3-2-1-2	4-3-7-5-2-5-3-2-2-4-5-8	6-0-4-2-2-5-7-5-3-4-2-4	4-2-4-3-2-5-5-3-5-5-3-2	5-2-5-3-5-8-7-7-7-6-5-2	4-2-4-5-4-4-4-7-5-5-5-2
369	5	4-6-5-4-6-5-5-5-5-4-4-4	4-6-6-2-4-4-4-6-4-4-4-4	4-4-4-5-3-4-6-7-6-3-6-4	4-4-4-7-2-4-6-2-6-6-6-4	2-4-4-2-4-5-6-4-3-4-2-4	4-4-3-4-3-2-6-2-5-5-3-4	6-5-6-4-4-5-6-4-5-5-2-2	5-2-4-4-5-4-6-3-2-7-4-2	7-0-4-2-5-4-4-4-7-4-2-4	4-4-5-8-4-4-4-3-4-4-3-2	7-7-4-3-4-4-8-4-4-2-4-5	7-2-4-4-4-3-2-0-4-4-4-7
369	6	7-5-7-8-5-7-8-6-5-6-6-7	7-5-5-7-7-4-7-8-7-7-7-7	7-7-4-7-7-7-7-5-5-7-5-7	7-7-4-6-7-7-5-7-5-7-7-4	7-4-7-7-4-7-7-7-4-6-7-7	7-4-7-6-6-7-7-7-5-5-3-7	7-7-5-4-7-4-5-7-1-5-7-7	5-7-8-7-7-4-5-8-8-2-7-0	4-0-4-8-7-5-4-7-5-5-7-4	7-7-5-1-7-7-7-3-4-4-7-7	8-6-3-3-0-4-4-0-0-6-4-7	4-7-4-4-4-3-3-4-3-2-8-3
369	7	6-8-6-6-5-8-8-6-7-6-6-8	8-5-5-6-7-5-6-6-7-6-6-8	4-6-8-8-6-6-6-8-5-6-8-6	6-6-4-6-6-6-8-6-6-6-6-4	6-4-6-4-7-6-8-6-7-7-6-6	6-7-6-8-7-6-6-6-7-7-3-8	6-6-3-4-6-7-8-6-7-7-2-6	7-6-4-6-6-4-5-7-2-5-6-7	7-7-5-2-6-7-4-6-5-7-6-6	6-2-5-3-6-6-6-8-8-4-6-6	5-7-3-7-5-8-4-4-4-2-7-7	5-8-8-4-7-3-5-4-2-4-6-5
369	8	8-7-8-6-8-7-7-8-7-7-6-7	7-5-8-6-8-8-6-6-8-8-6-7	8-8-8-7-8-8-8-7-8-8-7-8	6-8-8-8-8-8-7-8-7-8-8-7	6-4-8-8-8-8-7-8-8-8-6-8	7-8-7-7-8-6-8-8-8-8-8-7	7-8-8-8-7-8-7-8-8-8-4-7	8-8-6-7-8-6-6-6-6-4-7-8	0-8-8-6-6-8-8-4-8-3-6-6	6-8-8-8-8-6-8-7-7-8-3-8	6-2-1-7-4-4-5-4-8-8-8-8	8-7-7-4-8-8-8-8-8-8-6-8
370	0	0-0-0-0-0-0-0-0-0-0-0-0	0-0-0-0-0-0-0-0-0-0-0-0	0-0-0-0-0-0-0-0-0-0-0-0	0-0-0-0-0-0-0-0-0-0-0-0	0-0-0-0-0-0-0-0-0-0-0-0	0-0-0-0-0-0-0-0-0-0-0-0	0-0-0-0-0-0-0-0-0-0-0-0	0-0-0-0-0-0-0-0-0-0-0-0	0-0-0-0-0-0-0-0-0-0-0-0	0-0-0-0-0-0-0-0-0-0-0-0	0-0-0-0-0-0-0-0-0-0-0-0	0-0-0-0-0-0-0-0-0-0-0-0
370	1	1-1-1-1-1-1-1-1-1-1-1-1	1-0-0-1-0-1-1-0-0-1-0-1	4-2-0-1-1-2-2-1-0-0-0-1	1-1-2-1-1-0-0-5-0-0-2-0	0-0-1-0-2-0-2-1-0-1-1-1	0-1-0-1-1-1-0-0-0-0-0-2	1-0-0-4-0-0-0-0-0-1-1-0	1-0-0-0-0-1-0-0-0-0-1-0	1-1-0-0-0-0-1-2-0-0-0-0	0-2-1-2-0-1-0-0-1-1-4-0	1-1-1-1-1-1-1-4-4-1-1-1	1-1-1-2-1-1-0-1-1-1-1-1
370	2	2-3-2-2-2-3-2-2-2-2-2-2	4-3-0-2-3-3-2-3-4-3-3-3	3-1-3-3-3-5-3-3-3-3-3-3	3-2-4-3-3-3-0-2-3-5-3-3	3-3-3-4-3-3-3-3-1-3-4-3	5-4-3-3-1-4-3-0-0-0-0-3	5-2-2-2-3-3-4-3-2-3-2-0	2-0-4-2-2-4-0-4-2-3-3-3	5-1-3-0-3-5-5-3-3-2-2-0	4-1-2-4-0-2-0-6-1-3-1-4	2-5-3-2-2-2-4-5-3-1-3-2	2-2-2-1-4-2-3-3-2-1-2-2
370	3	2-2-2-3-2-2-2-2-2-2-2-3	2-2-0-3-2-2-1-2-2-2-2-2	1-5-2-2-2-4-4-2-2-5-2-2	4-2-2-2-4-4-0-4-2-0-4-2	2-2-4-4-2-2-4-4-0-2-2-2	4-5-4-2-0-2-4-3-0-0-6-2	4-5-2-2-4-3-4-4-5-2-4-4	1-3-3-4-4-2-0-9-4-2-2-2	3-1-4-4-5-4-2-4-2-3-4-5	3-3-1-0-4-3-4-0-4-2-0-5	0-3-2-0-6-2-2-3-3-4-2-1	0-3-3-1-2-2-4-2-3-3-3-3
370	4	2-4-2-4-5-2-2-4-2-2-2-5	2-5-5-2-4-2-2-3-2-2-2-2	1-3-2-2-3-3-5-2-2-3-5-5	3-2-2-2-3-3-6-3-5-4-5-2	2-2-3-4-2-3-5-3-4-2-2-2	3-2-6-2-4-2-3-4-4-4-7-4	3-3-5-1-3-9-7-3-0-0-3-3	4-3-3-3-3-5-7-2-3-0-8-2	2-1-5-3-4-3-9-3-4-3-3-4	2-3-4-2-3-3-4-4-3-2-1-3	4-3-5-8-5-3-2-1-1-3-2-2	8-3-1-1-2-2-3-2-8-8-6-2
370	5	6-5-6-6-4-5-5-2-5-5-6-6	5-4-4-3-5-2-6-5-6-6-6-7	5-6-8-3-5-6-4-6-7-3-4-5	5-5-6-6-3-3-5-1-4-4-4-5	2-7-1-5-2-5-4-6-5-2-2-2	2-3-4-2-7-8-4-3-4-4-5-3	2-3-5-5-5-5-4-6-3-2-9-3	2-4-7-4-3-4-4-3-3-7-5-7	7-5-4-3-3-5-7-7-7-5-4-3	7-7-2-6-7-3-0-2-3-6-5-3	7-2-2-4-7-5-7-7-7-5-3-5	2-3-5-0-7-5-2-7-5-4-2-2
370	6	7-6-7-5-8-7-9-7-7-9-7-9	7-6-6-5-8-7-5-7-7-7-5-7	6-7-7-8-9-7-7-8-7-7-7-7	7-6-7-8-6-5-7-7-7-7-6-7	8-5-7-7-6-6-7-6-7-6-8-6	6-7-7-6-7-7-6-7-7-6-3-6	9-7-6-6-7-6-7-5-6-8-9-7	7-6-5-4-6-7-6-7-3-6-5-6	6-7-6-6-8-7-9-5-8-8-4-7	5-6-6-7-7-9-7-8-5-6-5-3	8-7-7-6-7-6-5-5-5-6-7-7	9-9-6-9-7-7-8-5-7-4-6-9
370	7	6-6-6-7-6-6-6-6-6-6-6-6	6-6-6-8-6-6-8-8-6-6-6-6	1-8-8-6-8-6-8-6-6-6-6-6	8-5-6-6-8-8-6-6-8-6-8-6	2-5-6-8-5-7-8-8-6-6-6-8	6-6-8-7-6-5-8-6-6-6-4-8	8-6-6-1-6-7-6-6-6-7-8-7	6-8-5-7-8-6-9-8-8-5-8-5	5-6-4-8-8-6-5-8-6-7-8-6	5-5-6-6-8-3-6-6-7-2-5-7	5-6-8-4-6-6-5-5-5-7-6-5	6-7-7-8-6-6-6-5-8-4-8-6
370	8	6-6-6-7-6-6-6-6-6-6-6-7	6-6-6-7-6-6-7-7-7-6-7-6	6-7-5-6-7-8-7-6-6-6-8-6	7-8-8-6-7-7-6-6-7-6-7-5	6-6-6-7-8-7-7-7-8-8-6-7	6-7-7-2-8-5-7-6-8-8-4-8	7-6-6-9-9-8-8-7-8-7-7-7	6-7-8-7-7-6-4-7-9-6-7-5	8-8-8-7-6-6-8-7-6-6-7-6	8-7-8-6-7-4-6-6-9-5-5-7	6-8-7-4-5-6-8-5-6-8-6-8	4-7-6-8-6-6-6-6-4-4-7-6
370	9	9-6-6-6-9-6-6-9-6-6-6-6	6-6-9-7-9-6-7-9-9-9-8-6	9-9-9-6-9-6-8-6-6-9-6-9	8-9-6-9-9-9-6-9-6-9-9-5	6-5-9-9-9-9-8-9-9-9-7-6	6-7-8-7-9-2-9-9-9-9-9-9	6-9-9-6-8-9-9-9-9-9-5-6	9-7-9-8-9-8-7-7-8-9-2-6	2-8-9-8-6-9-9-5-9-6-9-0	8-5-9-9-9-6-9-8-8-9-6-9	5-6-6-9-6-6-6-5-6-6-9-9	6-6-1-6-6-9-9-6-9-9-7-6
371	0	0-0-0-0-0-0-0-0-0-0-0-0	0-0-0-0-0-0-0-0-0-0-0-0	0-0-0-0-0-0-0-0-0-0-0-0	0-0-0-0-0-0-0-0-0-0-0-0	0-0-0-0-0-0-0-0-0-0-0-0	0-0-0-0-0-0-0-0-0-0-0-0	0-0-0-0-0-0-0-0-0-0-0-0	0-0-0-0-0-0-0-0-0-0-0-0	0-0-0-0-0-0-0-0-0-0-0-0	0-0-0-0-0-0-0-0-0-0-0-0	0-0-0-0-0-0-0-0-0-0-0-0	0-0-0-0-0-0-0-0-0-0-0-0
371	1	1-2-1-2-1-1-1-1-1-1-2-2	2-2-1-0-3-2-2-2-2-1-2-2	1-2-1-2-2-2-2-2-2-2-2-2	2-1-2-1-1-2-2-6-1-2-1-1	2-2-1-4-4-1-2-1-1-2-3-2	4-5-2-4-2-2-1-2-2-1-4-2	2-2-1-1-2-1-0-0-1-1-1-1	1-1-2-1-1-2-2-1-1-1-3-3	1-1-2-0-2-1-1-1-2-1-1-0	0-1-1-2-1-1-2-2-4-3-0-1	1-2-4-5-8-4-1-1-1-1-2-1	2-1-1-2-1-2-1-0-4-1-4-1
371	2	1-1-1-1-1-1-1-1-1-1-1-1	1-1-1-3-1-1-3-1-1-1-3-1	0-3-4-1-1-1-3-1-1-1-1-3	3-0-1-3-3-3-1-3-1-1-3-3	5-1-1-5-0-3-3-3-1-1-1-3	2-1-3-6-2-5-3-1-1-2-0-4	3-1-1-0-3-1-1-3-1-1-2-3	1-5-3-3-3-1-1-2-5-1-1-0	0-0-1-3-4-2-1-3-1-1-3-5	0-5-2-1-3-4-3-1-3-0-0-5	0-1-1-1-1-1-0-0-0-3-1-1	1-3-2-1-3-1-3-0-0-2-2-1
371	3	3-4-1-1-1-1-1-3-1-1-2-1	2-4-4-2-1-1-2-4-1-1-2-1	1-2-1-2-2-1-4-1-5-2-4-2	2-0-4-2-2-2-1-2-5-3-4-2	2-0-5-3-3-2-4-2-4-1-1-2	1-1-4-2-3-1-4-4-3-3-3-3	2-1-4-3-2-3-4-2-1-5-2-4	1-3-2-4-2-1-6-4-3-4-1-1	7-0-4-2-3-3-3-2-1-3-2-3	0-3-1-1-2-5-2-4-2-1-3-2	0-1-3-4-7-1-0-0-7-2-4-1	5-2-2-3-2-3-2-0-6-4-3-3
371	4	4-3-1-4-1-4-1-1-5-5-1-5	5-3-3-5-5-1-8-3-5-5-6-6	7-5-5-2-4-6-5-5-1-5-3-5	5-4-6-5-2-5-5-2-4-3-3-0	1-8-4-4-5-3-5-5-3-4-1-2	5-2-3-1-6-2-3-5-3-1-1-2	1-2-3-0-5-1-6-5-1-3-5-3	1-2-2-3-2-5-3-5-2-6-5-5	6-4-3-5-2-4-6-5-8-4-2-4	5-4-4-8-5-2-3-3-6-6-4-2	6-1-1-3-5-6-6-5-6-3-3-4	3-2-4-6-5-6-2-5-5-7-5-2
371	5	5-6-4-5-6-5-5-5-4-4-5-4	4-7-6-4-4-1-2-6-4-4-4-4	4-4-4-2-1-6-4-4-3-4-6-6	4-4-5-4-2-4-6-2-6-7-6-4	2-4-3-2-4-5-6-4-6-4-1-2	4-1-3-2-4-2-6-5-6-5-3-5	8-6-6-4-4-5-4-4-5-3-5-6	1-2-2-3-2-4-3-4-2-5-4-4	4-4-6-4-3-5-4-4-1-5-2-3	4-2-5-6-4-3-2-3-4-4-4-2	4-1-1-3-4-4-4-4-4-2-4-5	3-2-4-4-4-3-2-4-4-4-7-5
371	6	6-5-6-6-5-6-6-6-6-6-6-6	4-5-5-6-7-1-7-7-4-4-4-4	4-7-7-7-7-5-7-5-5-7-5-7	7-4-4-6-7-7-5-7-7-5-7-6	7-4-7-7-6-7-7-7-5-8-8-7	7-8-7-2-4-2-7-7-5-3-3-6	7-1-5-4-8-6-4-7-5-8-7-5	1-7-8-7-7-8-3-7-7-4-7-4	4-0-5-7-7-5-4-5-1-5-7-3	7-7-1-5-7-7-1-3-4-4-7-7	4-6-0-3-3-4-4-4-4-7-1-6	3-7-6-4-4-4-6-4-4-4-5-3
371	7	6-8-6-6-6-8-8-8-8-6-6-8	8-5-5-6-6-1-6-6-8-4-4-8	4-6-4-6-6-5-6-6-6-6-6-6	6-7-7-6-6-6-8-6-6-5-6-8	6-4-6-6-7-6-8-6-7-7-6-6	6-8-6-8-7-7-6-6-5-7-1-7	6-1-5-0-7-7-7-6-7-1-6-5	7-6-6-6-6-8-3-6-6-7-6-4	3-7-5-6-6-7-4-4-1-5-6-2	6-6-4-7-6-6-2-3-8-4-6-6	6-7-1-7-3-4-4-4-4-6-7-7	3-6-6-7-4-3-6-4-4-4-5-3
371	8	8-7-8-6-8-7-7-8-7-6-6-7	7-5-8-6-8-8-7-8-8-8-7-7	8-8-8-6-8-8-8-7-8-8-7-8	7-8-8-6-8-8-7-8-7-8-6-7	6-4-6-8-8-8-7-8-8-8-6-8	8-6-8-7-8-8-7-8-8-8-8-7	7-8-8-8-6-8-8-8-8-6-6-8	8-8-6-7-8-6-6-6-6-5-7-4	6-7-8-6-2-8-4-6-8-1-6-1	6-4-8-8-8-8-8-3-7-8-7-8	4-1-5-5-1-4-4-4-4-8-8-8	8-7-7-1-4-8-8-4-8-8-6-1
372	0	0-0-0-0-0-0-0-0-0-0-0-0	0-0-0-0-0-0-0-0-0-0-0-0	0-0-0-0-0-0-0-0-0-0-0-0	0-0-0-0-0-0-0-0-0-0-0-0	0-0-0-0-0-0-0-0-0-0-0-0	0-0-0-0-0-0-0-0-0-0-0-0	0-0-0-0-0-0-0-0-0-0-0-0	0-0-0-0-0-0-0-0-0-0-0-0	0-0-0-0-0-0-0-0-0-0-0-0	0-0-0-0-0-0-0-0-0-0-0-0	0-0-0-0-0-0-0-0-0-0-0-0	0-0-0-0-0-0-0-0-0-0-0-0
372	1	1-2-1-2-1-1-1-1-1-1-2-2	2-2-1-1-3-2-2-2-2-1-0-1	1-2-3-2-2-2-2-2-2-2-1-2	2-1-2-0-1-1-2-2-2-2-1-2	2-2-1-2-2-1-2-1-1-2-4-2	4-2-2-1-4-2-1-2-2-1-4-2	1-1-2-1-2-1-2-2-1-4-1-4	1-1-1-1-1-2-2-1-1-1-2-1	1-0-2-1-1-2-4-1-2-1-1-7	4-1-1-2-1-1-1-1-4-2-2-1	1-7-4-1-7-1-1-4-7-1-2-2	2-1-1-1-3-4-1-1-1-4-3-3
372	2	1-1-1-1-1-1-1-1-1-1-1-1	1-1-1-3-1-1-1-1-1-1-3-1	1-3-1-1-1-1-3-1-1-1-1-3	3-0-1-3-3-3-1-1-1-1-3-1	1-1-4-3-1-2-3-3-1-1-5-3	2-4-3-2-2-1-3-1-1-2-0-4	3-1-1-0-3-1-3-3-1-1-2-3	1-2-4-3-2-1-1-2-4-1-1-0	0-0-1-3-4-1-1-3-1-2-3-6	1-6-1-1-3-6-3-1-3-1-1-6	6-1-1-1-0-1-0-0-1-2-3-1	1-3-2-1-1-1-3-0-6-0-1-6
372	3	2-5-1-1-1-1-1-1-1-1-1-1	1-5-4-2-1-1-2-1-4-1-2-4	1-2-1-1-2-1-4-4-1-2-4-2	2-3-4-2-2-2-5-1-4-2-4-1	2-1-1-4-3-2-4-2-4-1-2-2	1-1-5-2-3-2-4-2-3-3-5-3	2-2-1-0-2-3-5-2-3-1-2-2	1-2-2-2-2-4-5-4-3-3-0-4	0-0-4-2-3-3-0-2-1-3-2-2	4-4-3-4-2-3-2-3-2-4-1-4	2-1-1-5-1-1-0-0-1-2-2-1	1-2-2-3-1-1-2-0-0-4-1-1
372	4	5-4-4-5-1-5-1-1-1-4-1-6	5-3-3-5-1-5-4-5-5-1-5-5	6-5-5-1-4-1-5-5-5-5-3-4	5-5-5-5-2-2-5-2-3-5-3-6	1-6-2-3-5-2-5-5-3-4-1-4	1-6-3-4-5-2-3-1-3-1-1-2	7-2-4-5-5-1-3-5-3-1-7-3	1-2-2-2-2-5-4-3-2-5-5-6	1-5-3-2-2-4-7-5-6-4-2-3	1-5-3-3-3-1-3-1-5-6-4-3	5-1-5-3-5-5-5-7-5-7-3-4	1-2-2-3-5-5-2-5-5-5-3-1
372	5	5-7-7-7-6-4-5-5-4-7-6-6	4-3-3-4-6-4-6-6-6-4-4-4	5-6-4-6-6-6-6-4-6-6-4-6	6-4-4-6-6-6-4-6-6-4-6-6	6-4-7-6-4-6-6-6-5-6-6-6	6-6-3-2-3-7-5-6-4-5-3-6	5-5-1-5-4-3-3-6-5-7-6-3	1-6-2-6-6-4-3-6-6-4-6-4	7-4-6-6-6-4-4-4-1-6-6-2	7-6-3-7-6-2-3-3-4-4-6-2	4-1-4-3-4-4-4-4-6-6-1-1	1-6-5-6-4-4-6-4-4-4-6-6
372	6	5-7-5-5-5-7-7-7-7-5-5-7	5-3-3-4-5-5-5-5-5-1-4-5	4-5-4-5-5-5-5-6-5-5-3-5	5-4-6-5-5-5-7-5-5-6-5-5	5-4-5-5-6-5-5-5-6-5-5-5	7-7-5-7-6-7-5-5-6-6-6-6	7-5-4-6-6-6-3-5-6-1-5-3	6-5-2-5-5-4-3-5-5-4-5-4	6-6-5-5-5-4-4-5-4-5-5-2	5-5-6-6-5-2-3-3-7-4-6-2	5-6-6-7-0-7-6-4-5-5-1-6	1-7-7-5-5-6-5-4-5-4-5-5
372	7	7-6-5-5-7-6-6-7-6-5-5-6	6-7-7-4-7-7-5-7-7-7-5-6	7-7-7-2-7-5-5-6-7-7-6-7	6-7-7-7-7-7-6-7-6-7-7-6	5-5-5-7-7-7-6-7-7-5-5-5	6-7-7-6-7-6-7-7-7-7-7-6	4-7-7-7-5-7-7-7-7-5-5-7	7-7-2-6-7-4-5-5-2-4-4-4	6-6-7-7-5-7-4-6-7-7-5-1	5-4-7-7-7-2-7-7-6-7-6-7	5-1-1-7-1-6-6-4-1-4-7-7	7-6-6-1-4-7-7-4-7-7-2-7
373	0	0-0-0-0-0-0-0-0-0-0-0-0	0-0-0-0-0-0-0-0-0-0-0-0	0-0-0-0-0-0-0-0-0-0-0-0	0-0-0-0-0-0-0-0-0-0-0-0	0-0-0-0-0-0-0-0-0-0-0-0	0-0-0-0-0-0-0-0-0-0-0-0	0-0-0-0-0-0-0-0-0-0-0-0	0-0-0-0-0-0-0-0-0-0-0-0	0-0-0-0-0-0-0-0-0-0-0-0	0-0-0-0-0-0-0-0-0-0-0-0	0-0-0-0-0-0-0-0-0-0-0-0	0-0-0-0-0-0-0-0-0-0-0-0
373	1	1-1-1-1-1-0-1-0-1-1-1-1	2-0-0-3-0-0-0-2-0-0-0-0	3-2-0-3-2-2-2-0-0-2-2-2	2-0-1-2-2-2-0-1-1-1-1-0	1-0-1-0-3-1-2-2-1-1-0-1	1-0-0-0-0-2-2-1-1-1-0-0	1-1-1-0-2-1-0-2-1-1-0-2	0-1-1-2-8-0-1-8-1-0-0-0	1-0-2-2-4-0-0-2-2-1-1-1	3-2-0-0-2-1-0-0-2-0-0-4	0-1-0-0-0-0-0-1-0-1-1-0	0-1-2-0-0-1-4-0-1-1-1-1
373	2	2-2-3-2-2-2-2-2-2-2-2-1	1-4-2-1-2-2-0-3-0-2-0-3	1-1-0-1-1-1-3-1-0-1-3-1	1-3-2-1-1-1-4-1-1-2-2-0	2-0-1-2-1-1-3-1-3-2-0-1	1-2-3-0-3-1-3-1-3-2-3-2	1-1-2-0-1-3-4-3-2-2-0-1	2-4-1-1-2-2-4-3-2-0-2-1	3-0-1-1-3-1-0-1-3-2-3-3	0-1-7-1-1-1-4-2-1-3-0-3	3-1-0-0-8-0-2-3-3-3-1-2	4-1-1-3-3-1-8-0-0-4-6-1
373	3	4-2-2-3-3-2-3-3-3-3-4-3	3-2-2-1-2-3-0-4-4-4-4-4	1-1-0-1-4-4-4-1-4-4-2-4	4-2-4-4-1-1-2-3-4-6-1-0	3-0-0-4-1-2-4-3-4-3-4-4	1-6-4-2-2-1-4-1-2-3-2-3	1-1-2-0-1-2-7-4-3-2-0-1	0-4-2-1-2-3-2-2-0-3-4-1	2-3-2-1-2-3-8-4-8-7-2-4	1-3-3-4-1-1-4-4-1-2-0-2	2-1-8-4-4-5-0-2-2-2-4-3	3-1-1-2-2-3-1-2-3-1-8-3
373	4	3-2-4-3-4-3-4-4-4-4-3-4	4-2-2-1-4-3-4-3-5-3-3-3	7-5-6-4-3-3-3-6-3-3-4-3	3-3-3-3-1-5-2-7-3-3-5-4	1-7-4-3-4-2-3-4-5-4-3-8	4-6-3-4-4-6-3-1-4-2-2-4	4-1-1-4-6-4-2-3-2-8-4-1	4-3-6-5-4-6-2-3-4-4-4-4	6-4-4-1-1-3-4-3-2-4-1-3	4-3-3-3-4-1-2-3-4-6-4-1	2-1-4-3-3-8-7-7-2-3-3-2	2-4-4-4-2-4-5-4-3-1-4-1
373	5	6-5-7-5-6-6-7-7-8-6-6-5	6-2-7-7-6-6-7-5-6-6-6-6	5-6-6-8-5-6-6-6-6-6-6-6	5-5-6-7-5-5-6-5-6-5-5-5	6-5-4-6-6-5-6-5-4-6-6-5	6-5-6-6-5-8-4-6-6-5-2-5	5-5-5-4-5-5-5-6-6-5-8-6	6-5-4-5-5-7-7-7-5-7-5-6	5-4-6-6-5-5-7-6-6-4-5-5	5-5-5-4-6-1-6-5-4-5-4-1	8-8-7-5-6-7-5-5-8-5-6-7	5-4-5-4-6-6-4-6-6-7-5-5
373	6	5-5-5-5-5-5-5-5-5-5-5-5	5-2-5-6-5-5-7-7-5-5-5-5	4-7-5-7-7-5-7-5-5-7-5-5	7-7-5-6-7-7-5-7-5-3-7-4	7-5-8-7-5-7-7-7-5-5-5-7	5-8-7-5-4-5-7-5-5-2-2-6	7-5-5-4-5-6-5-5-5-6-7-5	5-7-7-7-7-5-8-5-7-4-7-5	4-4-5-7-5-5-4-5-5-5-6-3	6-7-3-4-7-1-5-5-6-4-7-7	7-6-5-3-5-6-4-5-7-7-5-5	5-7-4-4-7-5-7-5-5-6-7-5
373	7	5-8-5-5-5-8-5-5-5-5-5-8	5-5-5-5-5-5-5-6-5-5-5-5	4-6-5-6-6-5-6-5-5-6-5-6	6-7-7-5-6-6-8-4-5-3-6-4	6-4-4-6-7-6-6-6-7-5-5-6	5-6-6-6-7-5-6-6-7-7-2-7	6-1-5-4-7-7-7-6-7-7-6-5	7-6-6-6-6-5-7-5-6-5-6-5	7-4-5-6-7-3-5-5-5-5-6-5	6-6-2-7-6-1-7-5-8-5-6-6	6-7-5-3-7-5-4-4-6-6-7-5	5-6-8-4-7-5-6-5-5-6-6-1
373	8	8-7-5-5-8-7-5-8-5-5-5-7	5-8-8-6-8-5-7-5-5-8-5-5	8-8-5-5-8-8-5-5-5-8-7-8	7-8-8-8-8-8-7-8-7-8-8-7	5-5-4-8-7-8-7-8-8-8-5-4	5-6-7-7-8-5-7-8-8-8-2-7	7-8-8-5-5-8-8-8-8-6-4-8	8-8-6-7-8-5-6-6-6-4-4-5	5-7-8-6-1-8-8-5-3-5-6-3	6-8-8-8-8-1-8-8-7-5-7-8	5-5-5-7-2-4-5-5-5-8-8-2	5-7-7-4-5-8-8-5-8-8-3-1
374	0	0-0-0-0-0-0-0-0-0-0-0-0	0-0-0-0-0-0-0-0-0-0-0-0	0-0-0-0-0-0-0-0-0-0-0-0	0-0-0-0-0-0-0-0-0-0-0-0	0-0-0-0-0-0-0-0-0-0-0-0	0-0-0-0-0-0-0-0-0-0-0-0	0-0-0-0-0-0-0-0-0-0-0-0	0-0-0-0-0-0-0-0-0-0-0-0	0-0-0-0-0-0-0-0-0-0-0-0	0-0-0-0-0-0-0-0-0-0-0-0	0-0-0-0-0-0-0-0-0-0-0-0	0-0-0-0-0-0-0-0-0-0-0-0
374	1	1-1-1-1-1-1-1-1-1-1-1-1	1-0-0-3-0-0-0-2-0-1-2-0	0-1-0-4-2-2-2-0-0-3-0-2	2-0-0-3-3-2-0-3-2-1-1-0	1-0-1-3-2-2-2-2-1-3-0-2	3-0-2-0-0-3-2-3-1-1-0-4	2-2-1-0-3-1-1-2-1-1-0-2	1-1-3-2-4-4-1-4-1-0-0-0	1-0-2-2-4-0-0-2-0-1-4-1	0-2-1-0-2-1-0-1-2-0-0-3	0-1-0-0-2-1-0-0-0-1-1-0	0-2-1-1-0-1-4-0-2-1-3-1
374	2	2-2-2-2-2-2-2-2-2-2-2-2	1-2-2-1-3-2-0-3-3-2-1-3	2-1-0-1-1-1-3-1-0-1-3-1	1-2-2-1-1-1-0-2-1-2-3-0	2-0-0-0-1-1-3-1-0-2-0-1	1-0-3-0-2-1-3-1-2-2-7-2	1-1-2-0-1-2-7-1-2-2-5-1	2-2-1-3-1-0-2-0-1-0-0-0	0-0-1-1-2-1-0-1-3-2-1-3	0-1-2-2-1-1-4-2-1-0-0-1	4-1-3-3-3-1-0-0-0-1-1-2	0-1-1-1-0-1-3-0-1-1-2-1
374	3	3-3-3-3-3-3-3-3-3-2-3-3	1-4-4-1-2-3-0-2-2-3-1-2	2-3-5-1-1-1-4-4-4-5-4-2	1-4-4-1-1-1-4-1-4-4-4-0	3-0-0-4-1-2-4-3-4-1-0-1	1-4-2-0-3-1-4-1-4-3-5-2	4-1-3-0-1-1-4-4-3-2-0-4	2-4-1-2-1-1-7-1-1-3-0-0	3-0-4-1-3-7-3-1-7-3-1-2	0-1-3-4-4-1-4-3-2-3-4-1	2-1-2-2-2-8-0-4-4-1-1-5	3-1-1-4-5-3-2-0-3-2-1-3
374	4	4-4-4-7-3-3-4-5-4-4-4-4	4-3-3-5-3-3-5-4-5-4-5-4	4-5-5-1-4-5-3-5-5-1-3-4	1-4-3-4-1-1-3-4-3-3-3-4	3-4-5-3-4-2-3-4-3-4-4-4	1-4-2-4-4-1-3-0-3-3-3-5	3-1-3-4-5-6-3-5-3-2-2-3	3-3-1-2-1-1-3-1-4-7-4-4	4-0-3-1-1-4-4-5-8-4-1-3	4-4-7-5-3-1-3-3-6-4-4-1	2-1-4-2-3-4-4-4-4-1-5-4	4-1-4-4-4-2-1-4-5-5-2-1
374	5	6-5-6-5-6-6-6-6-8-6-6-5	6-3-3-4-6-6-6-6-6-6-5-6	5-6-6-6-6-6-6-6-6-6-6-5	6-5-6-6-6-5-6-4-7-6-6-6	8-5-4-7-6-6-6-5-6-7-7-5	5-5-6-4-4-6-6-5-3-5-2-4	5-6-5-5-6-5-6-6-5-5-6-6	6-6-6-6-6-7-6-6-5-3-4-5	5-5-6-6-6-7-5-6-6-5-5-5	5-5-5-6-6-1-6-5-4-5-6-6	6-8-6-6-6-6-5-5-6-5-6-5	5-6-5-6-4-6-6-6-5-5-5-5
374	6	5-7-5-5-5-5-5-5-5-5-5-5	5-3-5-7-5-5-7-7-5-5-5-5	5-7-5-5-7-5-7-5-5-5-7-7	7-5-5-7-7-7-7-7-5-5-7-5	7-4-8-7-5-5-7-7-5-6-6-7	5-7-7-7-4-8-5-7-5-2-2-7	7-5-5-5-5-5-7-5-5-7-7-5	5-7-5-7-7-7-8-7-5-4-7-5	8-6-5-7-7-5-4-5-5-7-7-8	5-5-5-5-7-7-7-6-8-5-6-5	5-5-5-5-7-4-6-5-7-6-5-5	5-5-5-7-4-5-5-5-5-6-6-5
374	7	6-6-5-5-5-6-5-5-5-5-5-8	5-3-5-6-5-5-6-6-5-5-6-6	6-6-6-5-6-7-6-8-6-5-6-6	6-7-7-6-6-6-6-6-5-6-6-5	6-4-6-6-7-6-6-6-7-5-5-6	6-6-6-6-7-8-7-6-7-3-2-7	6-1-6-7-6-7-6-6-7-6-6-6	7-7-5-6-6-5-8-6-7-4-6-7	6-7-7-6-6-5-4-7-3-6-6-3	5-7-7-6-7-6-6-8-8-7-7-1	6-7-7-6-6-7-7-4-6-7-6-7	4-8-6-7-7-7-7-5-2-6-7-7
374	8	8-6-6-5-8-6-6-8-5-5-5-7	5-8-8-6-8-5-6-6-5-8-5-6	8-7-8-5-8-7-6-7-6-8-6-8	6-8-6-6-8-8-6-8-3-8-8-5	5-4-6-8-8-8-7-8-8-8-6-5	7-8-8-6-8-6-8-8-8-8-8-8	7-8-8-5-6-8-2-7-8-6-6-5	8-8-8-7-8-7-6-7-7-4-6-5	6-8-8-8-1-8-8-7-8-5-6-6	6-8-8-8-8-1-8-7-6-5-7-8	6-5-8-8-7-7-5-4-8-6-8-7	5-7-4-5-4-8-8-5-5-8-6-8
375	0	0-0-0-0-0-0-0-0-0-0-0-0	0-0-0-0-0-0-0-0-0-0-0-0	0-0-0-0-0-0-0-0-0-0-0-0	0-0-0-0-0-0-0-0-0-0-0-0	0-0-0-0-0-0-0-0-0-0-0-0	0-0-0-0-0-0-0-0-0-0-0-0	0-0-0-0-0-0-0-0-0-0-0-0	0-0-0-0-0-0-0-0-0-0-0-0	0-0-0-0-0-0-0-0-0-0-0-0	0-0-0-0-0-0-0-0-0-0-0-0	0-0-0-0-0-0-0-0-0-0-0-0	0-0-0-0-0-0-0-0-0-0-0-0
375	1	1-1-1-1-1-1-1-1-1-1-1-1	0-2-2-0-1-1-0-1-2-1-0-2	1-0-0-1-0-1-2-2-0-0-2-0	0-0-0-0-0-0-2-0-1-4-2-1	1-0-1-0-0-1-2-0-2-0-2-0	4-0-1-0-0-0-2-0-2-1-4-2	1-2-2-0-0-0-0-0-1-1-0-1	1-1-1-0-1-0-2-2-0-1-0-0	4-0-0-0-1-0-1-2-0-0-0-8	0-0-4-2-0-0-2-1-0-0-0-0	0-0-8-0-1-0-0-1-0-0-2-1	1-0-0-0-4-1-0-0-0-0-4-1
375	2	2-1-2-2-2-1-2-2-2-2-2-1	3-1-1-2-1-2-3-3-1-3-3-3	2-3-3-6-5-1-3-1-0-3-1-2	3-0-4-3-3-3-1-6-2-1-3-2	5-0-3-5-0-3-3-3-1-0-3-2	1-3-3-2-2-4-3-4-1-1-0-4	3-1-1-0-3-2-3-3-1-2-7-3	1-5-8-3-2-0-8-1-2-1-0-0	0-0-0-4-4-2-0-1-3-2-2-3	0-5-0-1-3-2-3-1-3-0-5-4	0-2-0-3-0-2-0-0-0-5-3-2	0-5-2-5-0-0-5-0-0-3-2-2
375	3	3-4-2-3-3-3-3-3-3-3-4-3	2-4-3-2-1-4-2-4-4-2-2-4	4-2-2-3-2-3-4-6-4-2-4-2	2-3-3-2-2-2-6-2-4-5-4-2	2-0-2-2-4-4-4-2-3-3-2-2	2-2-4-0-3-2-4-3-3-3-6-2	2-1-4-3-2-3-4-2-3-3-2-2	3-8-4-5-2-4-6-4-2-4-0-4	0-0-4-2-5-2-4-4-6-3-2-2	4-4-3-4-2-3-4-4-2-4-0-2	0-2-0-4-8-2-0-0-0-2-2-2	3-2-2-4-3-0-2-0-0-2-3-2
375	4	3-3-4-4-3-6-4-4-4-4-3-5	4-3-3-2-5-3-5-3-5-4-5-5	7-5-6-2-4-4-5-5-3-5-3-4	5-5-5-5-2-5-5-2-3-3-3-5	2-5-2-4-6-3-5-5-7-4-7-2	1-5-3-5-6-2-3-2-3-1-3-2	3-1-3-4-5-4-3-5-6-2-6-3	6-2-6-3-3-5-3-3-2-3-6-7	6-8-3-2-2-4-3-3-7-4-2-5	6-6-1-3-5-3-3-3-6-5-4-2	6-2-5-3-4-6-6-6-6-8-3-0	4-2-5-4-6-6-2-6-5-3-3-2
375	5	5-5-4-5-5-5-5-6-5-5-6-4	4-3-6-2-6-6-4-6-4-5-4-4	4-4-4-5-2-4-6-8-6-6-6-4	4-4-5-4-2-4-4-2-6-7-6-4	2-4-6-2-5-6-4-4-5-6-2-2	6-4-6-4-4-2-6-5-5-5-3-5	3-6-5-5-4-5-4-4-5-5-2-2	5-2-4-3-2-4-7-5-2-5-4-4	5-0-6-4-3-4-4-6-7-4-2-4	4-2-5-7-4-3-2-5-4-4-4-2	4-2-4-5-4-4-4-4-4-2-5-5	4-2-4-3-4-7-2-4-4-5-5-2
375	6	7-6-8-8-7-5-6-5-6-6-7-6	7-3-5-7-7-5-7-7-7-7-7-7	4-7-4-7-7-6-7-7-7-7-5-7	4-4-6-6-7-7-3-2-5-5-7-4	7-4-8-7-6-7-7-7-4-5-6-7	5-7-7-6-4-2-7-7-5-5-3-5	7-5-5-7-4-6-7-4-5-8-7-6	4-7-4-7-7-4-3-7-7-3-7-4	4-0-5-7-7-4-7-5-3-4-7-4	4-7-6-7-7-7-7-3-4-4-7-7	4-6-0-5-7-4-4-7-7-7-5-6	6-7-7-7-7-4-7-4-4-7-3-6
375	7	6-8-6-7-6-8-8-8-8-7-7-8	6-5-5-6-6-5-6-6-6-6-6-8	4-6-4-6-6-4-6-6-6-6-7-6	6-7-7-6-6-6-8-2-6-5-6-8	6-8-5-6-7-6-8-6-4-7-6-6	8-6-6-8-7-4-6-6-7-7-7-7	8-5-5-6-4-7-6-4-7-5-6-5	7-6-6-6-6-4-5-6-6-5-6-4	7-7-7-6-6-0-6-6-4-4-6-4	6-6-7-5-6-6-6-3-8-5-6-6	6-7-4-5-6-8-4-6-6-6-5-7	6-6-8-6-6-7-6-4-6-6-6-6
375	8	8-7-6-6-8-7-7-8-7-7-6-7	7-5-8-6-8-8-6-8-8-8-7-7	8-8-8-7-8-8-5-7-8-8-7-8	7-8-8-6-8-8-7-8-7-8-8-7	6-7-6-8-8-8-7-8-8-8-6-6	8-8-8-7-8-4-8-8-8-8-8-7	7-8-8-8-8-8-8-8-8-6-4-8	8-8-8-8-8-8-6-6-2-5-4-8	7-7-8-6-6-8-8-4-8-3-6-1	4-4-8-8-8-6-8-8-7-8-6-8	4-2-1-5-3-7-4-4-4-8-8-8	8-7-7-5-6-8-8-4-4-8-3-6
376	0	0-0-0-0-0-0-0-0-0-0-0-0	0-0-0-0-0-0-0-0-0-0-0-0	0-0-0-0-0-0-0-0-0-0-0-0	0-0-0-0-0-0-0-0-0-0-0-0	0-0-0-0-0-0-0-0-0-0-0-0	0-0-0-0-0-0-0-0-0-0-0-0	0-0-0-0-0-0-0-0-0-0-0-0	0-0-0-0-0-0-0-0-0-0-0-0	0-0-0-0-0-0-0-0-0-0-0-0	0-0-0-0-0-0-0-0-0-0-0-0	0-0-0-0-0-0-0-0-0-0-0-0	0-0-0-0-0-0-0-0-0-0-0-0
376	1	1-1-1-1-1-1-1-1-1-1-1-1	1-2-1-0-0-1-0-1-1-1-0-1	1-0-0-1-2-0-2-0-0-2-2-0	2-2-2-0-1-0-0-1-2-0-2-1	1-0-0-0-1-2-0-0-2-0-0-0	4-0-0-0-0-0-2-0-1-1-4-0	4-2-2-0-0-1-0-0-1-1-0-0	1-1-0-0-0-0-2-0-0-0-0-0	1-1-1-0-0-0-4-0-0-0-0-0	0-1-0-0-0-0-0-1-0-0-0-0	4-0-3-0-1-0-0-0-2-0-0-1	0-1-0-0-2-1-0-0-0-1-0-3
376	2	3-2-3-2-2-1-2-2-3-2-2-3	3-1-1-3-4-3-3-2-3-3-3-3	2-3-3-3-3-3-3-3-3-3-1-2	3-1-1-3-3-3-3-5-1-1-3-2	5-0-3-5-6-3-3-3-2-1-2-3	3-3-3-2-2-4-3-4-1-2-0-3	3-3-1-0-3-0-3-3-2-2-5-3	1-4-4-3-3-6-1-3-3-3-5-2	0-0-3-3-4-2-3-3-3-2-4-3	0-4-0-3-3-4-3-4-3-0-3-4	7-4-0-4-1-2-2-7-1-3-3-2	0-3-3-3-3-7-3-1-7-3-3-4
376	3	2-3-2-3-2-2-2-3-2-2-2-2	2-4-4-2-2-3-2-4-4-2-2-2	4-2-2-2-2-2-4-2-2-4-4-3	2-3-4-2-2-2-2-2-4-4-2-2	2-0-2-2-2-2-4-2-3-3-2-2	2-2-4-2-3-2-4-2-3-3-5-7	2-2-3-0-2-3-2-2-3-3-2-5	5-2-2-2-2-4-4-2-2-3-2-8	3-0-2-2-3-3-2-2-3-3-2-2	0-2-4-2-2-2-2-6-2-3-3-2	3-3-1-3-8-0-0-3-4-2-2-1	7-2-2-2-2-3-2-2-6-2-2-1
376	4	2-2-2-7-4-5-3-2-6-2-2-5	4-3-3-5-5-3-5-7-5-2-5-5	5-5-6-5-4-5-5-5-5-5-3-5	5-4-5-2-2-2-3-2-3-3-3-6	2-5-2-2-5-3-5-5-3-4-2-2	1-2-3-4-3-2-3-2-3-3-1-2	8-2-3-6-5-0-4-5-4-2-6-2	3-2-6-2-2-5-3-2-6-4-4-5	6-6-5-2-2-5-6-5-3-4-2-2	6-6-3-5-3-2-3-2-5-5-5-2	6-2-4-2-6-6-6-6-3-4-2-4	0-2-5-2-6-6-2-6-5-6-2-2
376	5	5-7-4-4-6-4-5-8-4-4-4-4	4-6-6-4-4-3-4-4-4-2-4-4	4-4-4-4-2-4-4-4-4-4-6-4	4-4-4-5-2-4-6-2-5-7-6-4	2-4-2-2-4-6-6-4-6-5-2-2	6-2-3-5-3-4-6-5-5-5-3-5	2-6-3-4-4-5-6-4-5-5-6-3	5-2-4-2-2-4-6-2-4-5-2-4	4-4-4-4-5-4-4-4-6-8-5-3	4-5-5-6-2-2-2-5-4-4-4-2	4-5-4-4-4-4-4-4-4-2-5-2	1-2-4-5-4-4-2-4-4-5-5-6
376	6	4-8-6-8-5-5-8-4-4-6-6-2	4-5-5-6-4-7-4-7-4-7-4-4	4-7-7-7-7-8-7-4-4-7-5-6	7-7-5-7-7-7-5-2-7-5-7-4	7-4-2-2-7-7-7-7-5-5-8-2	7-2-7-6-4-4-7-6-5-6-3-8	7-5-5-4-8-6-5-8-5-8-7-7	5-6-4-7-6-4-5-8-8-4-7-4	4-4-4-7-7-7-4-7-5-5-7-4	4-4-7-5-7-5-3-3-8-4-4-2	4-6-4-3-4-4-4-4-4-6-5-6	1-7-7-6-4-4-6-4-3-4-7-5
376	7	6-8-6-6-5-8-6-6-8-6-7-8	7-5-5-6-4-8-4-6-8-7-6-8	4-6-6-6-6-7-6-4-8-6-6-6	6-7-7-6-6-6-8-2-6-5-6-4	6-4-2-2-7-6-6-6-7-7-2-2	6-8-6-8-4-4-6-6-7-7-6-3	8-5-5-4-7-7-6-6-7-6-6-7	7-6-6-7-6-8-8-7-4-5-6-7	7-4-4-6-6-7-5-6-5-7-6-2	7-6-7-6-6-8-3-2-8-7-5-2	6-6-4-7-3-8-4-4-3-6-5-7	3-6-6-7-6-2-6-4-2-3-6-5
376	8	8-7-6-6-8-8-6-8-4-4-7-7	7-8-8-6-8-8-6-8-8-8-6-7	8-7-8-6-8-6-7-5-7-8-8-8	6-8-8-8-8-8-7-8-6-8-8-4	6-4-8-8-8-8-7-8-8-8-6-2	7-8-8-7-8-8-6-6-8-8-8-8	4-8-8-8-6-8-8-8-8-8-7-7	8-8-8-7-8-7-7-6-6-8-7-6	7-8-8-6-6-8-8-6-8-8-6-8	6-4-8-8-8-7-8-7-7-8-5-8	4-8-3-3-3-4-4-4-4-7-8-8	8-7-8-2-0-8-8-4-8-8-2-8
377	0	0-0-0-0-0-0-0-0-0-0-0-0	0-0-0-0-0-0-0-0-0-0-0-0	0-0-0-0-0-0-0-0-0-0-0-0	0-0-0-0-0-0-0-0-0-0-0-0	0-0-0-0-0-0-0-0-0-0-0-0	0-0-0-0-0-0-0-0-0-0-0-0	0-0-0-0-0-0-0-0-0-0-0-0	0-0-0-0-0-0-0-0-0-0-0-0	0-0-0-0-0-0-0-0-0-0-0-0	0-0-0-0-0-0-0-0-0-0-0-0	0-0-0-0-0-0-0-0-0-0-0-0	0-0-0-0-0-0-0-0-0-0-0-0
377	1	1-1-1-1-1-1-1-2-1-1-1-2	1-0-0-1-0-1-1-0-0-1-2-1	6-1-3-0-1-0-2-1-0-0-4-1	1-3-2-1-1-2-0-1-1-0-0-6	0-0-6-0-3-0-0-1-1-1-0-1	0-2-0-1-1-1-0-0-0-0-0-0	0-0-0-4-2-0-0-2-0-1-0-2	1-0-1-0-0-1-0-0-1-1-0-0	1-1-4-0-1-0-0-1-0-1-1-1	0-1-1-0-0-0-0-0-1-0-1-0	0-0-1-1-1-1-1-1-0-1-1-1	1-1-1-1-1-1-1-1-1-1-1-1
377	2	3-2-3-3-3-3-3-3-3-3-3-3	5-3-3-3-4-3-1-3-3-3-3-3	2-3-2-3-3-3-3-3-3-3-2-3	3-1-3-3-3-3-3-4-3-3-3-4	5-3-2-4-5-2-3-2-3-3-4-2	4-1-4-3-3-3-3-3-6-2-0-2	3-4-2-3-1-5-3-3-3-3-2-3	2-4-4-2-3-4-2-3-2-2-4-4	2-1-2-2-3-3-3-3-4-2-2-3	2-2-3-2-4-2-6-3-1-3-3-2	2-5-3-5-8-1-2-3-3-2-6-2	4-2-2-4-3-3-2-3-2-3-2-6
377	3	2-2-2-2-2-2-2-2-2-2-2-2	4-2-2-3-2-2-4-2-2-2-4-2	1-4-1-2-2-2-4-2-2-2-2-2	4-1-2-2-5-4-2-2-4-2-2-2	4-2-4-4-1-4-4-4-2-2-2-4	2-4-2-2-2-2-4-2-2-2-0-5	2-3-2-2-4-3-2-4-2-2-4-4	2-3-5-4-4-1-8-8-5-2-3-2	2-1-2-5-5-2-2-4-2-3-5-3	2-4-2-2-4-5-0-2-4-2-2-7	2-2-2-2-2-3-1-2-2-3-4-3	2-4-3-5-2-2-4-2-3-2-3-5
377	4	2-5-2-2-5-2-2-2-2-2-2-2	3-5-5-3-2-2-3-5-2-2-3-5	2-3-2-2-3-2-5-6-2-2-5-3	3-1-2-2-3-3-6-2-5-2-5-2	3-2-3-3-1-3-5-3-5-2-2-3	2-3-6-2-4-2-5-4-4-4-7-4	3-2-2-1-3-6-6-3-4-6-3-3	4-5-2-3-3-2-6-3-4-2-2-2	2-1-3-3-4-2-2-3-2-4-3-5	2-3-0-4-3-4-2-2-3-2-2-3	2-4-2-2-2-2-1-2-3-3-3-4	2-3-1-2-2-2-3-2-2-2-3-2
377	5	6-4-2-6-4-2-2-2-2-2-5-6	2-4-4-7-6-2-5-7-6-2-6-6	7-6-7-2-5-2-4-7-6-6-4-5	6-6-6-6-3-3-2-3-4-5-4-1	2-6-1-3-6-4-6-3-4-2-2-5	7-2-4-2-4-8-4-2-4-4-4-3	8-2-4-8-5-2-4-5-0-2-6-3	2-4-6-4-3-6-4-3-3-5-6-5	6-6-4-3-3-0-5-6-4-3-3-4	6-8-1-4-4-3-4-2-1-6-6-3	6-2-6-2-4-6-6-6-6-3-3-3	2-3-5-5-6-2-3-6-8-7-2-3
377	6	5-8-8-5-4-7-8-2-2-2-5-5	7-4-4-5-2-2-7-7-5-2-5-5	1-5-4-3-7-8-7-7-5-7-7-7	7-5-5-7-7-7-4-3-7-7-7-1	7-5-8-7-7-6-7-7-4-7-2-7	7-8-4-8-4-6-7-7-2-6-4-7	7-7-2-2-5-8-4-7-0-4-7-7	2-7-5-7-7-5-4-7-6-2-5-5	5-5-7-7-8-6-2-5-4-6-7-4	5-5-6-2-7-7-2-2-1-2-5-6	5-4-5-2-2-5-5-5-5-7-2-6	2-7-5-5-5-2-7-5-6-6-7-2
377	7	8-8-2-5-2-8-8-8-8-2-7-8	6-4-4-5-7-6-6-6-5-2-5-6	5-5-5-3-6-6-6-6-5-6-6-6	6-7-7-6-6-6-8-3-6-6-6-8	6-5-6-6-6-6-6-6-7-6-8-6	5-8-6-8-7-3-6-6-7-7-4-7	6-6-2-7-6-6-7-6-0-4-6-6	7-6-3-6-6-5-4-6-7-4-6-5	7-1-6-6-6-6-2-6-2-7-6-5	6-6-7-2-6-6-2-2-8-2-6-3	3-7-5-8-4-5-1-1-6-6-2-6	2-8-8-7-6-4-6-5-6-5-6-3
377	8	8-7-6-6-8-7-7-8-7-2-2-7	7-8-8-5-8-8-6-8-8-8-6-7	8-8-8-7-8-6-8-7-8-8-7-8	7-8-8-8-8-8-7-8-8-8-6-7	6-5-8-8-8-8-7-8-8-8-7-8	8-8-6-7-8-5-8-8-8-8-8-8	7-8-8-8-8-6-8-8-8-8-5-6	8-8-8-6-8-5-3-3-3-2-2-5	7-8-8-8-6-8-5-6-4-2-8-0	6-5-8-8-8-3-8-4-7-8-6-8	2-2-4-7-2-4-5-5-5-2-8-8	8-7-7-2-6-8-8-5-8-8-6-2
378	0	0-0-0-0-0-0-0-0-0-0-0-0	0-0-0-0-0-0-0-0-0-0-0-0	0-0-0-0-0-0-0-0-0-0-0-0	0-0-0-0-0-0-0-0-0-0-0-0	0-0-0-0-0-0-0-0-0-0-0-0	0-0-0-0-0-0-0-0-0-0-0-0	0-0-0-0-0-0-0-0-0-0-0-0	0-0-0-0-0-0-0-0-0-0-0-0	0-0-0-0-0-0-0-0-0-0-0-0	0-0-0-0-0-0-0-0-0-0-0-0	0-0-0-0-0-0-0-0-0-0-0-0	0-0-0-0-0-0-0-0-0-0-0-0
378	1	1-1-1-3-1-1-1-2-1-1-2-1	1-2-1-3-3-2-3-2-2-1-2-2	1-2-1-3-2-2-2-2-3-2-2-2	2-1-2-2-1-2-2-2-1-2-2-2	1-2-1-4-2-1-2-1-2-2-2-1	2-2-2-3-2-2-2-2-1-1-1-2	1-1-2-1-2-3-0-2-2-1-1-1	1-1-1-1-1-2-2-2-1-1-3-1	1-3-1-1-2-2-2-1-2-1-1-1	1-1-1-2-1-1-2-1-2-3-2-1	1-2-4-2-1-2-1-1-1-1-2-1	2-1-1-1-1-1-1-2-1-3-1-1
378	2	1-1-1-1-1-1-1-1-1-1-1-1	1-1-1-2-1-1-1-1-1-1-3-1	1-2-1-1-1-1-3-1-1-1-1-3	3-0-1-4-3-3-1-4-3-1-1-1	2-1-2-3-1-3-3-3-1-1-1-3	1-1-4-1-1-1-3-1-1-1-5-1	1-7-1-1-3-1-2-3-1-1-3-3	1-2-2-3-3-1-1-8-2-1-1-1	1-1-3-4-4-1-1-3-1-2-2-2	1-3-1-1-3-4-1-1-3-1-1-2	0-1-0-1-1-1-0-0-0-2-3-1	1-3-2-1-1-1-3-1-7-2-2-4
378	3	1-4-1-1-1-4-1-1-1-1-1-1	2-4-3-1-1-1-1-4-1-1-2-1	1-3-1-1-2-1-4-1-1-2-4-2	2-3-1-1-2-2-1-2-2-1-3-1	3-0-5-2-3-4-4-2-4-1-1-2	1-3-5-1-3-1-4-1-3-3-6-3	5-2-4-1-2-3-4-2-3-3-2-2	3-2-2-2-2-1-7-1-4-3-1-1	3-1-2-2-3-2-7-2-1-3-2-3	1-2-3-3-2-2-2-3-2-1-1-2	3-1-1-6-1-0-0-4-0-2-2-3	1-2-2-1-1-3-2-1-6-7-1-1
378	4	4-3-1-5-1-3-4-5-4-4-1-5	4-3-3-5-5-1-5-4-5-1-5-5	4-5-7-1-4-5-5-5-1-5-3-4	5-4-5-6-2-5-5-2-4-5-3-6	1-8-4-1-6-3-3-5-3-1-1-5	1-5-2-5-3-1-3-2-1-3-3-2	4-2-3-0-5-4-3-5-1-3-6-1	1-2-6-3-2-1-1-2-3-6-4-4	6-6-6-2-2-1-5-5-3-4-2-3	1-8-3-3-6-2-1-1-6-3-6-2	8-1-1-5-1-6-6-6-0-3-4-4	1-2-4-0-6-1-2-6-6-6-1-2
378	5	6-8-6-4-6-6-7-6-6-6-6-4	6-6-5-4-6-7-4-6-6-6-4-6	5-4-6-7-6-6-6-6-6-6-6-6	6-4-6-7-5-6-6-7-6-7-6-5	7-4-5-7-5-5-6-5-6-5-7-5	6-6-6-6-7-6-6-6-6-5-2-5	8-6-5-5-6-5-6-6-6-7-6-6	6-5-6-5-2-6-5-6-4-6-8-5	5-4-6-6-7-7-6-4-7-5-2-7	6-6-6-5-5-6-6-7-5-6-4-2	7-7-6-1-8-8-4-8-8-5-6-6	6-2-5-8-6-6-7-7-7-6-5-8
378	6	8-5-5-8-5-5-5-5-5-5-5-5	5-5-5-7-5-5-5-7-5-5-7-5	4-5-5-5-7-5-7-5-5-5-5-5	7-4-5-5-7-7-5-7-5-5-7-7	7-4-6-7-4-7-7-7-5-5-5-7	5-5-7-5-5-5-7-5-5-5-3-6	6-5-5-5-5-5-3-5-5-5-7-5	5-7-5-7-7-5-3-7-4-5-7-4	4-4-5-6-7-5-5-7-5-5-7-4	5-7-5-5-4-5-5-5-5-5-4-2	7-5-7-3-5-4-4-4-7-5-5-5	5-7-6-7-5-5-5-4-4-5-7-1
378	7	6-5-5-6-5-5-5-5-5-5-5-8	5-5-5-6-5-5-4-6-5-5-6-5	5-6-5-5-6-5-6-5-5-5-6-6	6-7-7-5-6-6-5-6-5-5-6-6	6-4-6-6-7-6-6-6-7-5-5-6	5-8-6-5-5-8-6-5-7-5-3-7	8-2-3-7-8-7-3-6-7-5-6-5	7-6-5-6-6-5-3-6-7-5-6-7	7-4-7-7-5-5-7-6-5-7-6-5	7-7-7-5-7-5-5-5-8-5-7-7	5-5-6-1-8-5-4-4-5-7-5-7	5-8-5-7-7-7-5-5-2-3-6-1
378	8	8-5-5-6-8-5-5-8-5-5-5-7	5-5-8-6-8-5-7-6-5-8-6-7	8-8-8-5-8-5-7-7-7-8-5-8	6-8-8-8-8-8-7-8-7-8-8-6	6-4-8-8-8-8-7-8-8-8-5-6	7-8-8-7-8-7-8-8-8-8-8-7	7-8-8-8-7-8-8-8-8-8-7-5	8-7-8-7-8-4-7-2-2-5-5-5	7-8-8-7-8-8-8-7-8-5-6-5	7-4-8-8-8-6-8-5-7-8-5-8	4-5-8-8-5-5-4-5-5-5-8-7	5-7-8-5-7-8-8-5-8-8-7-5
379	0	0-0-0-0-0-0-0-0-0-0-0-0	0-0-0-0-0-0-0-0-0-0-0-0	0-0-0-0-0-0-0-0-0-0-0-0	0-0-0-0-0-0-0-0-0-0-0-0	0-0-0-0-0-0-0-0-0-0-0-0	0-0-0-0-0-0-0-0-0-0-0-0	0-0-0-0-0-0-0-0-0-0-0-0	0-0-0-0-0-0-0-0-0-0-0-0	0-0-0-0-0-0-0-0-0-0-0-0	0-0-0-0-0-0-0-0-0-0-0-0	0-0-0-0-0-0-0-0-0-0-0-0	0-0-0-0-0-0-0-0-0-0-0-0
379	1	1-1-1-1-0-1-1-1-1-0-0-1	1-0-0-4-0-0-0-2-0-0-0-0	1-2-0-2-2-2-2-0-0-4-0-2	3-0-0-3-3-2-0-1-1-1-1-0	1-0-1-0-3-2-2-2-1-1-9-2	2-0-2-0-0-3-2-4-1-1-0-3	2-1-1-0-2-0-1-0-1-1-0-2	0-1-4-2-4-3-1-4-3-0-0-0	1-0-2-2-4-3-0-2-0-1-4-1	0-4-0-2-2-1-2-1-2-0-0-4	2-1-0-0-0-0-0-0-2-0-2-4	2-1-1-3-0-1-2-0-1-1-1-1
379	2	2-2-0-2-2-2-2-2-2-2-2-2	1-4-2-1-0-2-0-3-1-2-0-3	1-1-0-1-1-4-3-2-0-1-3-1	1-3-2-1-1-1-2-2-3-2-3-0	2-0-0-0-1-1-3-1-2-2-0-1	1-1-1-0-2-1-1-1-2-2-6-2	3-1-2-6-1-2-2-1-2-3-0-1	2-3-0-3-1-1-5-0-1-2-0-0	0-0-1-1-2-1-5-1-3-2-1-2	0-1-2-1-1-1-1-4-1-0-0-1	1-1-0-2-4-0-0-0-1-0-1-2	1-1-1-1-0-1-1-0-1-5-6-0
379	3	3-3-4-3-2-3-3-3-3-3-3-3	1-2-4-1-2-3-0-2-4-3-0-4	4-3-4-1-1-1-4-4-4-1-4-2	1-4-4-4-1-1-5-1-4-5-2-0	4-0-6-4-1-1-4-3-4-1-1-1	1-0-2-0-3-1-4-1-3-3-0-1	2-1-3-0-1-0-4-4-3-2-6-1	4-2-1-2-3-1-8-5-1-3-0-0	5-0-4-1-3-5-4-1-2-5-2-2	0-1-3-4-4-1-4-3-2-0-3-1	0-1-9-2-4-0-0-0-1-2-1-2	1-1-1-1-6-4-2-0-0-1-7-0
379	4	3-3-4-4-4-3-4-5-4-4-4-4	4-2-3-1-3-3-4-5-5-5-6-3	5-5-5-6-4-2-3-5-3-1-3-4	5-4-3-3-1-1-5-1-3-4-3-5	3-4-5-3-5-2-3-4-3-4-5-4	4-5-2-0-4-1-3-1-2-2-0-6	7-1-3-4-1-0-3-3-4-0-3-1	4-2-5-2-1-8-3-1-7-4-4-0	3-0-5-1-1-7-3-4-7-4-1-3	4-1-3-3-2-1-3-2-6-5-4-1	4-1-5-0-5-7-5-8-7-4-7-4	4-4-4-4-5-4-1-4-4-3-9-1
379	5	7-7-6-7-7-6-6-6-6-6-6-6	6-2-3-8-7-6-4-6-6-4-6-6	6-6-6-6-6-6-6-6-6-6-6-5	6-4-7-7-6-6-6-8-6-7-5-4	8-4-4-6-4-6-6-5-6-7-8-5	8-5-6-9-4-7-6-5-2-2-0-6	5-7-5-4-6-5-5-6-5-5-5-6	5-5-8-6-5-4-9-8-5-4-5-6	3-6-7-6-3-8-6-6-6-3-5-6	5-5-3-6-6-5-6-5-7-4-6-7	5-9-7-5-7-6-6-4-4-5-6-5	4-5-4-4-5-7-5-4-7-6-5-9
379	6	5-5-5-5-5-5-5-5-5-5-5-5	5-2-3-5-5-5-4-5-5-7-5-5	5-7-5-5-5-5-7-5-5-5-5-8	7-8-5-5-8-7-6-5-5-5-5-4	5-4-4-5-4-5-7-7-5-6-8-8	5-7-8-8-5-5-7-7-5-3-2-8	5-5-5-2-7-6-5-5-5-5-7-7	5-8-8-7-8-4-9-8-8-4-5-5	7-5-5-7-5-5-5-5-5-5-8-5	5-5-3-5-6-6-7-5-7-4-5-5	6-5-5-5-4-5-5-5-5-8-5-8	4-5-4-8-8-5-5-4-5-5-2-5
379	7	5-9-5-5-5-7-5-9-5-5-5-5	5-8-8-5-5-5-6-5-6-6-5-5	5-6-5-5-5-5-8-5-5-5-8-6	6-6-5-5-6-6-6-5-8-5-8-4	5-4-6-5-4-8-8-6-5-5-6-6	5-6-5-6-4-5-6-6-7-7-2-6	4-5-5-0-6-7-5-8-7-7-6-6	7-6-5-6-6-4-8-6-6-7-5-0	6-0-5-6-3-4-4-5-4-3-6-5	5-5-7-5-8-5-6-8-6-4-5-5	6-5-8-9-5-4-9-4-4-6-5-7	5-5-4-4-5-5-5-5-5-1-8-5
379	8	5-7-5-5-5-9-5-9-5-5-5-9	9-7-7-5-9-5-6-6-9-5-5-9	5-6-5-5-6-5-7-5-5-5-7-6	6-6-5-5-6-6-9-5-7-5-6-9	5-4-6-6-8-7-7-6-8-5-6-6	5-6-6-6-8-1-6-6-8-8-2-6	9-5-8-8-7-8-5-7-8-7-6-5	8-6-5-7-6-4-3-6-6-7-5-8	8-8-5-6-8-5-8-8-9-5-6-5	5-5-7-4-7-6-6-7-9-4-5-1	7-8-7-9-5-4-9-4-4-6-5-6	4-5-4-6-6-5-5-4-5-5-7-5
379	9	9-7-5-7-9-8-8-9-5-5-5-8	8-7-9-5-9-9-6-9-9-9-6-8	9-9-9-5-9-9-9-8-5-9-8-9	8-9-9-9-9-5-8-9-8-9-9-8	5-4-9-9-9-9-8-9-9-9-5-5	5-9-5-8-9-5-8-9-9-9-9-8	8-9-9-9-5-9-9-8-9-7-8-5	9-5-5-8-9-9-5-5-1-8-5-5	6-9-5-9-5-9-9-5-8-5-6-5	5-5-7-9-9-5-9-2-8-9-5-9	7-5-5-7-5-4-7-5-5-5-9-9	9-5-8-9-5-9-9-4-9-9-7-5
380	0	0-0-0-0-0-0-0-0-0-0-0-0	0-0-0-0-0-0-0-0-0-0-0-0	0-0-0-0-0-0-0-0-0-0-0-0	0-0-0-0-0-0-0-0-0-0-0-0	0-0-0-0-0-0-0-0-0-0-0-0	0-0-0-0-0-0-0-0-0-0-0-0	0-0-0-0-0-0-0-0-0-0-0-0	0-0-0-0-0-0-0-0-0-0-0-0	0-0-0-0-0-0-0-0-0-0-0-0	0-0-0-0-0-0-0-0-0-0-0-0	0-0-0-0-0-0-0-0-0-0-0-0	0-0-0-0-0-0-0-0-0-0-0-0
380	1	1-1-1-1-1-1-1-1-1-1-1-1	1-0-0-1-0-1-1-0-2-1-0-0	1-2-0-0-0-0-2-1-0-0-0-0	0-0-1-0-1-2-1-5-0-0-1-1	0-1-1-0-3-0-0-1-0-1-0-1	1-5-0-0-1-3-0-0-0-0-0-3	0-0-0-1-0-1-0-0-0-1-1-0	1-0-0-0-0-7-0-0-1-3-1-0	3-4-1-0-0-0-3-0-0-1-1-0	0-1-0-3-0-1-0-0-1-3-1-0	0-1-1-0-1-1-1-1-4-0-0-1	1-2-1-1-0-1-2-1-1-1-1-0
380	2	2-2-3-2-2-2-2-2-3-2-2-2	3-3-2-3-3-3-3-2-3-2-3-3	2-3-3-3-4-3-3-3-3-3-4-2	3-3-5-2-3-3-2-3-3-3-2-2	5-3-1-0-5-2-2-2-3-2-3-2	2-1-3-5-3-1-3-3-3-2-2-5	2-2-2-1-2-2-3-2-3-2-2-3	2-2-4-2-2-1-3-2-1-3-3-4	2-3-2-1-3-2-2-3-4-2-2-2	4-2-2-2-3-2-2-2-1-2-2-2	5-2-4-2-4-3-2-3-2-2-3-2	2-1-2-1-1-5-1-2-4-5-2-2
380	3	3-3-2-3-2-2-2-3-2-5-2-3	4-2-2-4-2-2-4-3-2-2-4-2	3-2-4-4-2-2-4-2-2-2-2-3	4-2-2-4-4-4-2-4-2-2-4-2	4-2-8-4-4-4-4-4-2-2-5-4	4-4-4-7-2-5-4-4-2-3-6-4	4-5-2-9-4-3-2-4-2-3-8-2	2-5-5-4-4-1-2-4-4-2-2-2	8-2-4-4-5-3-6-4-2-4-4-5	2-4-2-4-4-5-4-2-4-2-2-5	6-5-2-5-2-2-2-2-8-4-4-4	2-5-5-1-4-2-4-2-8-7-3-5
380	4	3-5-3-2-2-4-2-4-3-3-3-2	3-5-5-3-2-2-3-3-3-3-3-3	1-4-3-3-2-2-5-3-3-5-5-4	3-2-2-3-3-3-3-3-5-5-3-2	3-1-3-3-3-3-5-3-4-4-3-3	3-3-5-3-4-3-5-3-4-4-7-3	3-3-4-1-3-4-5-3-2-4-3-3	2-3-5-3-3-1-7-3-3-5-2-2	4-1-5-3-4-4-4-3-2-4-3-3	2-3-4-5-3-3-3-4-3-2-8-3	4-4-7-9-2-2-1-4-1-5-3-4	7-3-3-4-4-4-3-2-7-6-7-6
380	5	3-4-3-6-2-4-5-3-3-3-3-9	5-4-4-5-2-2-3-7-2-3-6-6	7-6-8-3-5-6-4-7-6-4-4-5	5-5-6-5-3-3-3-1-4-4-6-7	2-7-1-5-6-4-4-6-4-5-3-3	2-1-4-2-7-3-4-3-5-4-4-3	5-3-4-7-5-5-4-6-2-3-3-2	5-3-7-3-3-6-2-3-3-5-5-5	7-7-4-3-3-5-7-6-0-7-3-3	7-7-1-4-3-3-4-3-6-6-7-3	7-3-2-3-2-6-7-7-7-4-5-5	2-3-3-5-7-7-3-6-7-4-3-3
380	6	7-9-7-3-7-7-7-7-7-7-7-9	7-7-6-5-7-7-5-7-7-7-8-7	6-5-7-7-7-7-7-8-7-7-7-7	7-5-7-8-6-7-7-3-7-6-7-5	8-5-4-8-7-6-7-6-7-7-8-6	7-6-7-7-5-7-7-7-7-6-3-6	3-7-6-6-7-7-7-7-6-8-3-6	6-9-6-6-3-6-6-6-3-8-5-5	6-5-7-3-8-8-7-7-8-8-3-7	6-3-2-8-7-7-4-8-5-7-5-3	9-9-6-7-9-8-5-5-5-6-7-5	9-7-6-9-5-8-6-8-4-4-4-9
380	7	6-6-9-9-6-6-6-6-6-6-6-6	6-6-6-8-6-6-9-6-6-6-8-6	5-8-6-6-8-6-8-6-6-8-6-6	6-5-6-6-8-8-6-3-8-6-8-5	8-5-3-6-6-8-8-8-6-6-6-3	6-6-8-9-5-5-8-6-6-4-4-6	9-6-6-6-6-6-6-6-6-6-8-7	6-7-5-8-8-1-4-6-9-6-8-5	5-5-6-8-8-6-5-6-6-6-7-6	5-5-2-6-8-8-6-7-5-6-5-8	5-6-4-6-5-6-5-5-5-8-6-6	6-6-7-1-5-6-8-5-5-6-4-6
380	8	6-9-7-5-6-6-6-6-6-6-6-6	6-6-6-7-6-6-7-6-6-6-7-6	5-7-6-6-7-8-7-6-6-7-8-6	7-8-8-6-7-7-9-3-7-6-7-5	7-6-3-6-8-7-7-7-8-6-6-3	7-3-7-6-5-5-7-6-8-8-8-8	9-7-6-8-8-8-6-7-8-6-7-8	8-8-7-7-7-9-4-3-3-6-7-5	8-8-8-7-7-6-8-7-6-6-7-6	8-7-8-6-7-7-6-6-6-8-4-7	7-8-7-0-2-6-5-4-7-7-6-8	6-8-6-8-5-6-7-6-3-6-7-6
380	9	9-6-7-7-6-6-6-9-6-6-6-6	6-9-9-7-9-6-7-9-9-9-8-6	9-9-9-6-9-6-8-6-6-9-6-9	8-9-6-9-9-9-8-9-9-9-9-5	7-5-9-9-9-9-8-9-9-9-3-3	6-9-8-7-9-5-9-9-9-9-9-9	7-9-9-6-6-9-9-9-9-9-6-7	9-6-3-8-9-8-7-3-7-6-6-6	6-6-9-9-7-9-9-7-6-6-7-0	8-5-9-9-9-8-9-6-8-9-6-9	6-6-6-9-6-6-5-5-6-8-9-9	6-8-6-6-5-9-9-6-9-9-4-6
381	0	0-0-0-0-0-0-0-0-0-0-0-0	0-0-0-0-0-0-0-0-0-0-0-0	0-0-0-0-0-0-0-0-0-0-0-0	0-0-0-0-0-0-0-0-0-0-0-0	0-0-0-0-0-0-0-0-0-0-0-0	0-0-0-0-0-0-0-0-0-0-0-0	0-0-0-0-0-0-0-0-0-0-0-0	0-0-0-0-0-0-0-0-0-0-0-0	0-0-0-0-0-0-0-0-0-0-0-0	0-0-0-0-0-0-0-0-0-0-0-0	0-0-0-0-0-0-0-0-0-0-0-0	0-0-0-0-0-0-0-0-0-0-0-0
381	1	1-1-1-3-1-1-1-1-1-1-1-1	1-1-0-1-0-1-1-0-2-1-0-0	1-2-2-0-0-2-0-2-0-0-0-0	2-2-2-0-1-2-0-0-0-0-1-1	0-1-5-0-2-0-2-1-1-1-0-0	0-1-0-0-1-2-1-0-0-0-0-1	1-0-0-1-0-1-0-0-0-1-0-0	1-0-0-0-1-2-0-0-0-1-0-0	1-2-0-0-0-0-2-2-0-1-0-0	1-1-0-2-0-0-0-0-1-3-0-0	0-1-0-0-2-0-2-3-3-1-0-0	1-0-1-1-0-1-1-1-0-0-1-0
381	2	2-3-2-2-2-2-2-2-2-1-2-2	1-1-0-3-0-3-3-3-1-3-3-3	1-1-1-6-5-1-3-1-0-3-3-3	3-1-1-3-5-3-1-5-2-0-2-2	2-1-1-5-3-2-3-3-1-0-0-2	3-4-3-6-2-4-3-5-0-2-0-2	3-5-2-0-3-2-0-3-2-2-3-2	0-5-3-3-2-1-0-9-2-2-0-3	2-1-3-3-9-2-1-1-4-2-2-5	2-3-0-1-3-2-2-0-3-1-3-3	3-2-0-0-1-2-1-1-2-2-0-1	0-3-2-1-2-2-3-1-2-2-2-2
381	3	3-3-2-3-3-3-3-3-3-3-3-4	2-4-3-2-3-2-2-4-3-3-2-4	4-4-4-3-4-2-2-2-0-4-1-4	2-4-5-2-2-2-3-2-4-4-4-1	2-1-1-3-4-2-2-2-4-3-4-2	4-3-5-0-3-2-4-3-3-3-6-3	2-2-3-6-2-3-8-2-6-6-2-4	3-2-2-2-2-1-8-4-2-3-3-3	4-1-5-2-3-4-3-4-3-3-2-3	2-4-4-4-2-2-2-8-2-1-9-2	4-2-0-3-9-4-4-1-1-2-4-3	0-2-2-1-2-2-2-1-6-4-2-6
381	4	5-4-5-4-5-5-5-6-5-6-5-5	5-3-3-2-5-5-5-4-5-5-6-6	4-5-5-5-4-5-5-4-6-3-5-5	5-5-6-5-2-5-5-4-3-4-3-5	3-5-8-4-5-3-5-5-3-4-4-9	5-5-3-5-6-6-3-7-4-4-0-5	5-2-5-7-5-4-6-5-3-4-5-5	5-4-7-5-4-5-5-3-6-6-5-5	5-5-5-5-7-4-5-5-5-4-3-6	5-9-6-5-5-3-6-4-5-5-7-2	7-5-5-7-7-5-5-5-5-4-3-3	4-2-4-7-7-7-6-7-7-3-4-5
381	5	4-6-4-5-6-4-4-5-4-4-4-4	4-6-6-2-4-4-4-4-4-4-4-4	9-4-4-4-2-4-4-7-4-8-6-6	4-4-4-4-2-4-4-2-6-5-6-4	2-4-1-2-4-3-6-4-3-4-4-2	4-4-3-4-4-4-6-2-5-5-3-4	4-2-4-1-4-3-4-4-5-4-4-4	4-2-4-4-2-4-6-4-4-5-4-4	4-4-4-4-4-4-4-4-4-6-2-3	4-4-5-4-4-2-4-4-4-4-4-2	4-6-4-4-4-4-4-4-4-4-4-5	4-2-4-4-4-4-2-4-4-2-5-4
381	6	4-5-6-7-5-4-4-4-4-4-6-4	4-5-5-7-4-4-4-7-4-4-4-4	8-7-7-2-7-7-7-5-4-7-5-7	7-8-4-6-8-8-4-2-5-7-8-9	9-4-1-8-4-7-7-7-6-5-8-7	7-7-8-2-4-4-7-7-3-3-3-7	7-5-5-3-7-6-4-7-3-3-8-7	4-7-4-7-7-4-5-8-4-4-6-4	4-4-9-7-8-4-4-5-3-5-7-3	4-8-4-3-7-8-7-3-4-4-4-7	4-5-5-0-4-4-4-4-4-7-7-6	5-8-2-4-4-4-4-4-2-2-2-3
381	7	4-7-6-9-5-4-4-4-4-4-4-4	4-5-7-6-4-4-4-8-4-4-6-6	9-6-6-4-6-6-8-5-8-6-8-6	6-6-4-6-6-6-4-6-8-9-7-4	6-4-1-7-4-8-8-6-8-7-0-6	6-6-6-8-7-4-6-8-7-7-8-6	6-6-8-4-6-7-8-6-7-7-6-6	4-6-4-6-6-4-5-6-2-4-4-4	4-4-4-6-4-4-8-4-3-7-6-7	4-6-7-8-6-6-6-4-6-4-4-7	4-5-4-4-4-4-4-4-4-4-6-7	4-2-4-4-4-4-2-4-4-8-8-4
381	8	9-9-6-4-7-9-9-9-9-4-6-4	9-5-7-6-4-9-9-7-4-4-9-7	6-6-4-4-6-8-7-5-9-6-7-6	6-6-8-6-6-6-9-2-7-7-6-4	6-4-4-6-1-7-7-6-8-8-6-6	9-7-6-9-8-4-6-7-8-7-7-8	9-5-5-4-9-8-7-9-8-7-6-6	8-8-8-7-6-9-9-6-8-4-6-4	8-8-9-8-6-9-8-4-4-5-6-0	4-6-8-7-7-6-5-3-4-4-8-8	5-8-5-0-9-4-4-1-4-8-8-8	5-8-8-4-4-8-8-4-2-7-7-5
381	9	9-8-6-7-9-8-8-9-8-4-4-9	8-9-9-6-9-9-8-9-9-9-8-9	9-9-9-4-9-9-8-8-8-9-9-9	8-9-9-9-9-9-8-9-7-9-9-6	6-4-9-9-9-9-8-9-9-9-8-4	8-9-9-8-9-4-9-9-9-9-9-9	8-9-9-9-8-9-7-8-9-9-6-9	9-8-2-8-9-8-6-6-8-4-4-4	8-9-9-8-2-9-9-8-9-7-6-8	8-9-9-9-9-6-9-8-9-9-9-9	3-9-7-7-3-8-8-3-9-8-9-9	9-8-1-3-4-9-9-4-9-9-2-9
382	0	0-0-0-0-0-0-0-0-0-0-0-0	0-0-0-0-0-0-0-0-0-0-0-0	0-0-0-0-0-0-0-0-0-0-0-0	0-0-0-0-0-0-0-0-0-0-0-0	0-0-0-0-0-0-0-0-0-0-0-0	0-0-0-0-0-0-0-0-0-0-0-0	0-0-0-0-0-0-0-0-0-0-0-0	0-0-0-0-0-0-0-0-0-0-0-0	0-0-0-0-0-0-0-0-0-0-0-0	0-0-0-0-0-0-0-0-0-0-0-0	0-0-0-0-0-0-0-0-0-0-0-0	0-0-0-0-0-0-0-0-0-0-0-0
382	1	1-1-1-1-1-1-2-1-1-1-2-2	2-1-0-2-0-0-2-1-0-2-2-2	1-2-0-2-1-2-2-0-0-1-1-1	2-0-0-2-2-2-2-2-1-0-2-3	2-0-2-2-3-2-2-2-1-0-2-2	1-2-2-2-0-3-2-2-0-1-0-2	2-2-1-0-2-0-1-2-0-1-2-2	0-3-6-2-2-3-0-2-2-0-2-1	0-0-2-2-3-2-0-2-0-1-2-2	6-2-0-0-2-3-2-4-2-0-2-2	5-1-0-3-0-0-1-5-0-2-2-1	0-2-1-1-0-3-2-0-5-0-3-3
382	2	2-2-1-1-3-2-1-3-1-1-1-1	1-4-2-1-0-2-1-3-1-1-1-1	0-1-1-1-1-1-3-3-1-3-3-2	1-0-2-1-1-1-3-1-3-4-3-1	1-0-1-1-0-1-3-1-2-2-1-1	1-1-1-1-2-1-3-1-2-2-4-4	1-1-2-2-1-2-3-1-2-2-1-1	3-1-1-3-1-0-4-1-1-2-1-0	2-0-1-1-2-1-5-1-3-2-1-3	0-1-2-1-1-2-3-3-1-3-1-1	2-2-0-4-3-0-3-3-0-1-1-2	2-1-1-2-0-1-1-0-0-0-1-1
382	3	1-2-1-4-2-2-3-2-1-3-1-2	3-2-2-5-4-2-5-4-5-1-4-4	5-3-4-1-3-4-2-4-4-2-2-3	4-4-3-4-1-1-2-1-2-2-2-1	1-4-1-1-1-2-4-4-4-3-2-1	1-5-2-4-4-1-2-2-3-2-2-1	4-1-1-4-4-4-2-2-3-2-4-2	2-1-4-2-1-4-2-1-4-3-4-4	4-3-4-1-1-2-4-1-2-4-1-2	4-4-1-0-4-1-2-2-4-4-4-1	4-2-4-1-2-4-4-4-4-4-2-3	4-1-1-2-4-4-1-4-4-5-1-1
382	4	4-4-4-6-2-5-4-4-4-4-3-4	4-2-2-5-3-3-6-5-3-1-5-3	3-5-3-6-5-6-5-5-5-5-6-4	5-3-4-5-5-5-6-4-5-5-5-3	4-3-5-5-5-4-5-5-3-4-5-5	5-3-5-4-3-3-5-5-4-4-2-2	5-4-2-3-5-4-3-6-4-2-3-2	0-5-3-5-5-3-2-5-3-4-3-3	3-6-3-5-5-5-3-5-2-5-5-3	3-5-4-5-3-5-3-1-3-3-3-1	3-5-3-2-3-3-3-3-3-3-4-4	3-1-4-4-3-3-5-3-3-3-2-1
382	5	4-6-4-4-4-6-6-6-6-5-5-6	6-2-2-3-5-5-3-4-3-1-4-4	3-4-3-6-4-4-4-4-4-4-5-4	4-5-5-4-4-4-6-4-4-4-4-6	4-3-4-4-5-4-6-4-3-5-4-4	6-3-4-6-3-6-4-4-5-5-2-5	6-4-2-5-4-5-3-4-5-2-4-4	5-4-4-4-4-5-2-4-3-5-4-3	5-5-5-4-4-4-2-4-2-4-4-5	5-4-5-4-5-4-2-1-5-5-5-1	1-5-3-5-2-6-3-4-1-1-5-5	3-6-5-4-5-5-4-3-1-3-1-1
382	6	6-5-4-4-6-5-5-6-5-5-5-5	5-6-6-4-6-6-4-6-6-6-4-5	6-6-6-4-6-4-4-4-4-6-5-6	5-6-6-4-6-4-5-6-6-6-6-5	4-5-6-6-5-6-5-6-6-6-4-1	5-6-6-6-6-3-6-6-6-6-6-6	5-6-6-6-4-6-6-6-6-6-4-4	6-4-1-6-6-5-6-4-4-4-2-3	3-4-6-5-1-6-6-4-6-6-4-6	1-3-6-6-6-1-6-2-5-6-5-6	3-6-5-6-1-5-3-3-3-6-6-6	3-5-6-6-3-6-6-3-6-6-1-1
383	0	0-0-0-0-0-0-0-0-0-0-0-0	0-0-0-0-0-0-0-0-0-0-0-0	0-0-0-0-0-0-0-0-0-0-0-0	0-0-0-0-0-0-0-0-0-0-0-0	0-0-0-0-0-0-0-0-0-0-0-0	0-0-0-0-0-0-0-0-0-0-0-0	0-0-0-0-0-0-0-0-0-0-0-0	0-0-0-0-0-0-0-0-0-0-0-0	0-0-0-0-0-0-0-0-0-0-0-0	0-0-0-0-0-0-0-0-0-0-0-0	0-0-0-0-0-0-0-0-0-0-0-0	0-0-0-0-0-0-0-0-0-0-0-0
383	1	1-1-1-1-1-1-1-1-1-1-1-1	1-1-0-3-1-0-0-2-0-1-3-2	0-2-0-2-2-1-2-0-0-2-1-2	2-0-0-3-4-2-0-1-2-1-1-0	1-0-1-0-2-2-2-2-1-1-7-2	2-3-2-0-0-2-2-3-1-1-3-0	2-1-1-0-2-1-0-0-1-1-0-2	1-1-4-2-2-3-1-7-4-0-0-0	1-0-2-2-3-0-0-2-0-1-1-1	0-2-0-0-2-1-2-1-2-0-0-4	0-1-0-1-2-1-0-0-3-2-1-6	2-1-1-2-0-1-2-0-1-3-1-1
383	2	2-2-2-2-2-2-2-2-2-2-2-3	1-3-2-1-4-3-0-3-3-2-1-1	3-1-2-1-1-1-3-7-0-1-3-1	1-2-3-1-1-1-2-2-3-2-3-0	2-0-5-1-1-1-3-1-2-2-1-3	3-0-4-0-2-1-3-1-2-2-6-2	1-1-3-7-1-2-3-1-2-4-1-1	3-3-3-3-1-3-5-0-1-2-2-3	2-0-1-1-4-2-7-1-5-2-1-2	3-1-4-2-1-1-1-2-1-3-2-1	3-1-2-3-1-1-0-3-3-1-1-2	1-1-1-1-0-6-1-2-1-1-3-2
383	3	3-3-2-4-2-4-3-2-3-3-4-4	3-2-2-1-2-2-4-2-4-3-4-5	6-4-6-4-3-1-2-4-4-2-2-3	4-4-5-4-1-4-4-1-2-2-2-0	1-5-0-3-5-2-4-4-3-3-4-7	2-1-2-3-5-1-4-1-1-2-2-4	4-1-2-4-4-1-5-4-3-3-1-2	2-2-2-2-1-4-1-0-3-3-4-5	3-0-2-1-1-4-5-1-2-3-1-2	4-1-2-2-4-1-4-2-5-4-4-1	5-1-5-2-3-4-5-5-5-1-1-5	5-1-3-5-5-2-1-5-5-1-2-1
383	4	4-5-4-4-4-3-4-4-3-3-3-3	3-5-5-1-4-4-3-5-3-3-3-3	2-3-3-3-1-3-3-5-3-5-5-3	3-3-3-3-1-3-3-1-5-6-5-2	4-3-2-3-3-5-5-3-5-1-5-1	1-3-5-3-3-1-5-1-5-4-2-5	3-5-4-3-3-4-3-3-4-2-4-5	4-1-1-2-4-3-1-5-1-4-3-3	4-0-5-3-2-5-6-1-7-4-1-5	3-1-2-5-3-1-3-4-0-3-3-1	3-1-3-7-7-3-3-3-3-1-1-2	3-1-3-1-3-4-1-3-3-2-1-4
383	5	5-4-5-5-4-3-5-5-5-5-5-5	5-4-4-5-6-4-6-6-3-6-3-3	5-6-3-6-6-7-6-4-6-6-4-6	6-3-3-5-6-6-4-6-6-4-6-5	6-3-6-6-3-6-6-6-4-5-6-6	5-7-6-5-3-1-6-6-4-2-2-5	6-4-2-3-7-5-3-6-4-5-6-4	4-6-3-6-6-5-7-5-6-3-6-3	3-0-4-6-5-4-3-6-2-4-6-4	6-6-3-4-6-1-0-2-7-3-6-6	3-5-3-5-7-3-3-3-3-6-5-3	3-6-5-6-3-3-6-3-3-5-6-1
383	6	5-7-5-5-5-7-7-7-7-5-5-7	7-4-4-5-6-6-5-5-7-5-5-7	3-5-3-5-5-3-5-5-5-5-5-5	5-6-6-5-5-5-7-5-5-4-5-7	5-3-5-5-6-5-7-5-6-6-5-5	7-5-5-7-6-7-5-5-4-6-2-6	7-4-2-3-7-6-6-7-4-6-5-4	6-5-2-5-5-6-6-5-5-4-5-3	6-6-4-5-6-4-4-5-2-4-5-4	5-5-2-7-5-1-7-2-7-4-5-5	3-5-3-6-6-3-0-6-3-5-6-1	4-5-5-6-5-2-5-3-5-3-5-2
383	7	7-6-7-5-7-6-6-7-6-5-5-6	6-4-7-5-7-7-6-7-6-7-6-6	7-7-7-5-7-7-7-6-7-7-6-7	6-7-7-5-7-7-6-7-6-7-7-6	5-7-7-7-6-7-6-7-7-7-5-5	7-7-6-6-7-7-6-7-7-7-2-6	6-7-7-7-5-7-7-7-7-5-4-7	7-7-7-6-7-5-5-5-5-5-4-7	0-6-7-5-1-7-2-5-7-4-5-2	5-7-7-6-7-1-7-6-6-7-5-7	3-5-6-4-5-6-3-3-3-7-7-7	7-6-6-2-0-7-7-3-7-7-5-1
384	0	0-0-0-0-0-0-0-0-0-0-0-0	0-0-0-0-0-0-0-0-0-0-0-0	0-0-0-0-0-0-0-0-0-0-0-0	0-0-0-0-0-0-0-0-0-0-0-0	0-0-0-0-0-0-0-0-0-0-0-0	0-0-0-0-0-0-0-0-0-0-0-0	0-0-0-0-0-0-0-0-0-0-0-0	0-0-0-0-0-0-0-0-0-0-0-0	0-0-0-0-0-0-0-0-0-0-0-0	0-0-0-0-0-0-0-0-0-0-0-0	0-0-0-0-0-0-0-0-0-0-0-0	0-0-0-0-0-0-0-0-0-0-0-0
384	1	1-1-1-1-1-1-1-1-1-1-1-1	0-2-1-0-1-0-0-1-0-1-0-0	1-0-0-0-0-0-2-3-0-0-2-1	0-3-0-0-0-0-2-0-1-2-2-1	0-0-1-0-0-2-2-0-1-1-2-0	4-0-0-0-0-0-0-0-1-1-1-0	0-1-1-0-0-0-0-2-1-1-0-0	1-0-0-0-0-1-2-2-0-1-0-0	1-1-0-0-1-0-0-0-1-0-0-0	0-1-1-1-1-0-0-1-0-0-0-1	2-1-7-1-1-0-0-1-2-0-0-1	1-0-0-2-0-1-0-0-0-0-4-0
384	2	2-1-2-2-2-1-2-2-2-2-2-1	3-1-1-3-1-3-3-3-0-2-3-3	2-4-3-5-3-0-3-1-0-3-1-3	3-3-3-3-3-3-1-5-3-1-5-4	3-0-2-3-0-3-3-3-1-0-3-3	1-3-3-2-2-4-3-4-1-1-1-4	3-4-1-0-3-2-3-3-2-1-3-3	1-4-3-2-2-0-7-7-2-2-0-0	2-0-3-3-4-2-1-3-2-2-4-3	0-2-0-1-3-2-3-1-3-0-3-2	1-4-1-3-0-3-0-2-3-3-3-2	1-3-2-3-0-2-3-0-2-2-2-2
384	3	3-4-2-2-2-4-3-3-3-3-3-4	2-5-4-2-3-2-2-4-4-2-2-4	4-2-2-2-2-2-4-1-6-2-4-2	2-2-5-2-2-2-7-2-4-5-4-2	2-0-2-2-3-2-4-2-3-3-2-2	1-2-4-0-3-2-4-3-3-3-4-2	2-2-6-0-2-3-5-2-3-1-2-4	3-0-2-2-2-4-5-4-2-6-0-3	3-3-4-2-3-3-4-2-5-3-3-2	4-2-3-6-2-4-2-4-2-4-2-2	2-3-0-4-7-2-0-3-2-2-2-3	3-2-2-3-0-3-4-2-2-2-2-2
384	4	3-3-2-4-3-3-3-3-3-4-5-3	5-3-3-2-4-3-4-3-5-2-5-5	6-5-6-5-4-6-3-5-0-5-3-4	5-6-5-5-2-5-7-2-3-5-3-4	2-6-2-4-5-3-5-5-5-4-0-7	1-5-3-0-3-5-3-2-3-3-3-2	3-2-3-5-5-4-5-1-4-1-5-3	3-2-5-2-3-5-0-3-5-4-5-5	5-5-3-2-2-5-5-2-7-4-2-5	5-5-6-7-5-5-6-3-5-5-5-2	5-2-6-3-7-7-5-5-5-3-3-3	4-2-4-5-5-5-3-5-5-6-1-2
384	5	5-3-5-5-5-5-5-5-5-5-5-5	4-3-3-6-5-4-6-6-4-4-4-4	2-4-4-2-6-6-6-4-7-6-4-5	6-4-4-4-6-6-4-2-6-3-6-5	6-4-6-2-4-5-6-6-4-5-5-6	6-4-6-5-3-4-6-6-3-5-3-5	3-6-2-4-4-5-4-6-4-5-6-6	3-6-4-6-6-4-7-1-4-4-6-4	4-4-4-3-7-4-4-6-3-4-6-4	4-6-4-3-6-4-6-3-4-4-4-6	4-6-4-3-4-4-4-4-4-6-4-5	4-6-5-4-4-4-6-4-4-5-6-5
384	6	5-7-5-5-5-7-7-5-7-5-6-7	4-3-3-5-6-7-4-5-7-6-4-7	4-4-4-5-5-4-5-7-3-5-4-5	5-4-6-4-5-5-7-5-5-3-5-7	5-4-5-5-4-5-7-5-4-6-5-5	5-6-5-7-6-4-5-5-3-6-3-6	7-5-3-4-7-6-4-5-6-1-5-5	6-5-4-5-5-4-6-3-4-3-5-4	6-6-6-5-6-3-6-5-3-6-5-3	5-5-4-3-5-4-5-7-7-1-6-5	5-6-4-6-3-6-4-3-4-5-3-6	4-5-7-6-6-3-5-4-2-4-5-2
384	7	7-6-5-5-7-6-6-7-6-6-5-6	6-7-7-5-7-7-4-7-6-7-5-6	7-7-7-6-7-7-7-6-7-7-6-7	6-7-7-7-7-7-4-7-6-7-7-6	5-4-7-7-7-7-6-7-7-7-5-4	6-7-7-6-7-7-7-7-7-7-7-6	6-7-7-7-7-7-7-7-7-7-7-7	7-7-2-6-7-5-5-2-2-6-4-7	5-7-7-6-5-7-7-4-4-3-5-4	4-4-7-7-7-7-7-6-6-7-4-7	4-4-1-4-3-4-4-4-4-7-7-7	7-6-6-4-4-7-7-4-7-7-2-7
385	0	0-0-0-0-0-0-0-0-0-0-0-0	0-0-0-0-0-0-0-0-0-0-0-0	0-0-0-0-0-0-0-0-0-0-0-0	0-0-0-0-0-0-0-0-0-0-0-0	0-0-0-0-0-0-0-0-0-0-0-0	0-0-0-0-0-0-0-0-0-0-0-0	0-0-0-0-0-0-0-0-0-0-0-0	0-0-0-0-0-0-0-0-0-0-0-0	0-0-0-0-0-0-0-0-0-0-0-0	0-0-0-0-0-0-0-0-0-0-0-0	0-0-0-0-0-0-0-0-0-0-0-0	0-0-0-0-0-0-0-0-0-0-0-0
385	1	1-1-1-1-1-1-1-1-1-1-1-1	0-2-2-0-0-1-0-3-0-1-0-0	0-0-0-0-0-0-2-0-0-0-2-0	0-0-2-0-0-0-1-1-2-2-2-0	1-0-0-0-0-2-2-0-1-0-2-0	2-0-1-0-0-0-2-0-1-1-4-2	0-1-1-1-0-1-0-0-1-1-1-1	1-1-0-1-1-0-1-1-0-1-0-0	0-0-0-0-0-1-0-1-1-0-1-2	0-0-1-2-1-1-0-2-0-1-0-1	0-0-0-1-1-0-0-0-0-1-1-3	2-1-0-1-0-0-0-0-0-1-1-1
385	2	2-1-2-2-1-1-2-1-2-2-2-3	2-1-1-4-0-2-0-3-0-1-3-1	0-3-0-5-3-3-3-4-0-4-1-3	3-0-3-2-3-3-3-2-1-1-3-2	5-0-4-5-0-1-3-3-2-0-1-2	3-4-3-0-2-4-3-2-1-1-2-4	3-1-2-0-3-2-0-3-2-2-7-3	2-2-2-3-5-3-3-5-5-0-0-0	2-0-3-5-5-3-0-3-0-2-2-6	2-5-4-1-3-2-3-2-3-0-0-2	0-2-0-2-0-0-0-2-5-2-3-0	1-2-2-2-0-0-3-0-4-2-2-4
385	3	3-4-2-3-3-3-3-3-3-3-3-2	3-4-4-2-4-3-0-1-3-3-2-3	2-2-2-2-2-2-4-5-4-2-4-4	2-2-3-2-2-2-5-2-4-5-2-0	2-0-2-2-0-3-4-2-5-3-2-2	2-2-2-0-3-2-4-2-3-3-6-3	3-4-4-3-2-3-5-2-3-3-4-2	3-2-4-2-2-4-5-2-2-0-3-0	4-0-2-2-3-2-4-2-5-6-4-5	4-2-3-4-2-2-5-4-2-4-0-2	7-2-0-3-0-1-0-0-0-2-2-7	0-2-0-3-0-7-2-0-0-3-7-1
385	4	4-5-5-5-4-4-4-6-4-4-4-8	4-3-3-2-3-5-5-5-4-4-6-5	5-6-7-2-5-4-5-5-3-2-5-5	5-5-5-5-2-2-6-2-3-4-3-4	2-5-2-2-4-3-5-4-3-5-5-5	2-2-2-5-5-2-3-2-1-3-1-5	8-3-3-6-5-3-7-5-2-2-6-2	3-2-6-3-2-5-8-2-2-4-5-4	3-0-6-2-2-3-8-6-7-3-3-3	5-2-4-3-6-2-3-3-2-5-6-2	6-2-4-4-8-4-4-5-6-4-4-4	4-2-4-4-5-4-2-4-8-4-4-2
385	5	4-4-4-4-5-5-4-4-5-4-6-8	4-3-3-2-6-4-6-4-4-6-4-4	4-6-6-2-4-6-4-4-3-2-4-4	4-4-4-4-2-2-3-4-3-5-3-7	2-4-2-2-4-3-4-4-3-5-4-4	2-2-2-4-4-2-3-2-5-3-2-5	2-6-3-6-4-5-3-4-5-1-2-2	5-2-2-3-2-4-3-2-2-5-4-4	3-0-6-2-2-2-5-5-6-5-2-3	4-2-5-3-5-2-3-3-5-7-5-2	4-2-4-5-4-4-7-7-2-4-6-5	5-2-5-4-4-5-2-4-5-6-5-5
385	6	7-6-8-8-6-7-8-4-5-6-6-6	7-3-3-7-7-3-7-7-7-5-7-8	6-7-5-6-7-7-7-4-7-7-7-6	7-7-4-7-7-7-4-7-7-7-7-5	6-4-5-7-4-6-7-6-3-6-7-7	7-8-7-4-6-7-7-6-3-6-3-7	4-6-6-4-6-5-4-7-6-6-4-6	3-7-4-7-7-4-8-7-4-4-7-6	0-0-4-7-8-6-4-7-5-3-7-2	8-7-3-5-7-7-7-6-2-5-4-7	4-2-8-6-7-4-4-4-4-4-5-7	5-7-5-4-4-7-7-4-7-5-7-7
385	7	6-8-6-6-6-8-8-8-7-6-6-8	6-6-6-6-6-8-6-6-6-5-6-6	8-6-4-8-6-6-6-8-6-6-8-6	6-4-7-6-6-6-8-6-6-6-6-8	6-4-7-4-7-6-8-7-7-7-6-6	8-7-6-8-7-6-6-6-7-7-3-6	7-8-8-4-8-7-4-6-7-6-2-6	7-6-6-6-6-4-7-6-7-4-6-7	7-7-5-7-6-6-4-6-4-7-6-3	8-6-3-3-6-6-6-8-7-5-5-6	7-7-8-8-6-5-5-5-7-4-7-6	8-8-7-7-7-6-6-4-6-4-6-6
385	8	8-7-6-6-8-7-7-8-7-6-6-7	7-8-8-6-8-8-6-6-8-8-6-6	8-8-8-7-8-8-8-7-6-8-7-8	6-8-4-8-8-8-7-8-7-8-6-7	6-4-8-8-7-7-7-8-8-8-6-6	7-8-8-8-8-8-8-8-8-8-8-7	4-8-8-8-5-8-8-8-8-8-8-8	8-7-6-7-8-7-6-6-2-4-4-4	7-8-8-8-6-8-4-5-7-7-6-6	6-8-3-5-8-6-8-7-7-8-4-8	6-2-7-7-6-5-7-7-7-8-8-8	7-7-5-4-4-8-8-8-6-8-4-8
386	0	0-0-0-0-0-0-0-0-0-0-0-0	0-0-0-0-0-0-0-0-0-0-0-0	0-0-0-0-0-0-0-0-0-0-0-0	0-0-0-0-0-0-0-0-0-0-0-0	0-0-0-0-0-0-0-0-0-0-0-0	0-0-0-0-0-0-0-0-0-0-0-0	0-0-0-0-0-0-0-0-0-0-0-0	0-0-0-0-0-0-0-0-0-0-0-0	0-0-0-0-0-0-0-0-0-0-0-0	0-0-0-0-0-0-0-0-0-0-0-0	0-0-0-0-0-0-0-0-0-0-0-0	0-0-0-0-0-0-0-0-0-0-0-0
386	1	1-1-1-1-1-1-1-1-1-1-1-1	1-2-1-0-0-0-0-1-0-1-0-2	1-0-0-0-0-1-2-2-0-0-2-1	0-1-2-0-1-0-2-1-1-1-2-1	1-0-1-0-0-2-2-0-1-0-2-1	4-2-0-0-0-0-2-0-2-1-3-2	1-2-2-1-0-0-0-0-1-1-0-1	1-0-0-0-1-0-0-2-0-1-0-0	1-0-2-0-1-0-0-0-0-1-0-2	0-1-4-2-0-0-0-1-0-0-0-0	2-0-8-2-1-0-0-1-0-0-1-1	1-0-0-2-0-1-0-0-0-0-4-1
386	2	3-1-2-2-2-1-2-2-2-2-2-1	2-1-1-2-0-3-3-3-0-3-4-1	2-4-3-4-3-4-3-1-0-3-1-3	3-3-3-3-3-3-1-3-3-1-1-2	3-0-2-3-0-3-3-3-1-0-3-3	1-4-3-2-2-4-3-4-1-1-0-3	3-1-1-0-3-2-2-3-2-2-3-3	1-2-2-3-2-0-3-1-2-0-0-0	0-0-3-3-4-3-0-3-3-2-2-3	0-2-0-1-3-2-3-1-3-0-0-4	1-2-1-1-0-2-0-0-0-3-3-1	0-3-2-1-0-3-3-0-2-3-2-2
386	3	3-3-2-3-3-3-3-3-3-3-3-3	2-4-4-2-3-2-2-4-3-2-2-4	4-2-2-2-2-4-4-1-4-4-4-4	2-3-2-2-2-2-3-2-4-6-4-3	2-0-5-2-3-3-4-2-3-3-2-2	6-7-4-4-3-2-4-3-3-3-6-2	2-2-1-3-2-3-4-2-1-3-2-2	3-2-2-2-2-4-6-4-2-5-3-3	3-0-4-2-3-2-3-4-4-3-2-3	0-2-3-3-2-2-2-3-2-4-8-2	3-2-3-6-8-4-0-3-0-2-2-1	7-2-2-5-0-2-2-3-2-2-6-3
386	4	4-3-4-5-3-4-4-3-4-4-4-5	4-3-3-2-3-3-5-3-5-3-5-5	7-5-5-2-3-5-3-5-3-3-3-3	4-4-4-5-2-2-5-2-3-5-3-6	2-8-4-4-4-3-3-4-3-4-4-2	1-2-3-4-3-2-3-2-3-1-3-2	6-2-3-6-4-4-6-5-4-3-6-3	4-2-6-3-3-5-2-3-6-4-6-6	6-6-6-3-2-4-6-6-7-4-3-4	6-6-1-5-6-2-3-3-5-6-5-2	6-2-4-3-3-6-6-6-5-3-3-4	5-2-5-4-6-6-3-6-6-6-1-2
386	5	5-5-6-6-6-6-8-6-6-6-6-6	6-5-5-2-6-6-6-6-6-6-4-6	5-6-6-6-6-6-5-7-6-6-5-5	6-4-6-7-5-4-6-7-5-7-5-5	7-6-6-7-4-5-6-5-6-6-7-5	5-6-6-5-3-6-6-6-6-5-3-5	8-6-5-4-4-5-7-6-5-3-8-8	6-5-5-5-5-6-5-5-5-5-4-4	5-4-8-4-5-7-5-5-6-4-5-7	4-5-5-7-4-8-6-5-4-5-4-2	5-8-6-5-6-8-4-4-8-5-6-6	8-5-5-8-5-5-7-4-4-5-6-8
386	6	6-5-5-7-5-5-5-5-5-5-5-5	5-5-5-7-7-5-8-7-5-5-7-5	6-7-5-5-7-5-7-5-5-5-7-6	7-4-5-5-7-7-5-6-7-3-7-4	7-5-8-5-4-7-7-5-5-5-5-7	5-5-7-5-4-5-7-5-5-3-3-6	4-5-5-4-6-6-4-7-5-6-7-6	5-7-4-7-7-5-8-7-4-6-7-4	4-4-4-6-7-5-4-4-5-7-7-5	4-4-5-5-4-7-5-3-2-4-4-7	7-5-5-3-5-4-4-4-7-5-5-7	5-6-2-7-4-5-6-4-7-7-7-5
386	7	6-5-5-6-5-5-5-5-5-5-5-8	5-5-5-6-6-5-6-6-5-5-6-6	5-6-4-5-6-7-6-5-6-6-7-6	6-7-7-5-6-6-5-5-6-5-6-4	5-4-6-5-7-6-6-7-7-7-5-6	8-5-6-5-3-6-6-6-7-5-3-6	6-5-5-4-8-7-5-6-7-6-6-6	4-6-4-6-6-5-3-6-7-4-6-4	7-4-3-7-6-5-7-7-5-6-6-5	8-6-7-5-6-6-5-3-8-5-7-6	6-5-6-6-8-6-4-7-5-7-5-6	3-8-5-7-7-5-5-4-6-6-6-6
386	8	8-6-6-6-8-5-5-8-5-5-5-7	5-5-8-6-8-5-6-6-8-8-6-6	8-7-8-5-8-5-7-7-7-8-5-8	6-8-8-8-8-8-7-8-7-8-6-4	5-4-8-8-8-8-7-8-8-8-6-6	7-6-8-7-8-8-8-8-8-8-8-8	7-8-8-8-7-8-8-6-8-8-5-6	8-6-6-7-8-7-6-6-2-8-5-5	7-4-8-7-6-8-8-7-8-3-6-6	7-8-8-8-8-7-8-7-7-8-6-8	6-5-1-8-7-5-4-4-5-5-8-8	5-7-8-5-7-8-8-4-8-8-7-5
387	0	0-0-0-0-0-0-0-0-0-0-0-0	0-0-0-0-0-0-0-0-0-0-0-0	0-0-0-0-0-0-0-0-0-0-0-0	0-0-0-0-0-0-0-0-0-0-0-0	0-0-0-0-0-0-0-0-0-0-0-0	0-0-0-0-0-0-0-0-0-0-0-0	0-0-0-0-0-0-0-0-0-0-0-0	0-0-0-0-0-0-0-0-0-0-0-0	0-0-0-0-0-0-0-0-0-0-0-0	0-0-0-0-0-0-0-0-0-0-0-0	0-0-0-0-0-0-0-0-0-0-0-0	0-0-0-0-0-0-0-0-0-0-0-0
387	1	1-2-1-2-1-1-1-1-1-1-2-1	1-2-2-1-2-1-0-2-2-1-2-2	2-2-2-2-2-2-2-2-2-2-2-2	2-1-2-3-2-2-2-1-2-1-2-2	1-0-4-2-0-1-2-1-2-3-4-1	2-2-2-0-0-2-1-1-1-1-1-0	1-4-2-2-2-1-1-2-1-1-1-2	1-2-1-2-1-0-2-3-1-0-4-1	1-1-2-2-0-4-1-1-2-1-1-7	1-1-1-2-5-1-3-1-0-3-3-4	1-8-4-2-4-1-2-1-1-1-3-1	3-2-1-1-1-1-1-5-1-1-1-2
387	2	1-1-1-1-1-1-1-1-1-1-1-1	3-1-1-1-1-1-4-1-3-1-3-1	1-3-1-1-1-1-3-1-1-1-1-1	3-3-1-1-4-3-1-4-1-1-1-1	1-0-1-1-4-3-3-3-1-1-1-3	1-4-1-3-1-4-3-1-2-1-0-4	2-1-1-1-3-1-1-3-1-1-5-3	1-4-4-3-3-2-2-1-5-1-5-1	2-3-1-1-5-2-2-3-1-2-4-1	1-5-1-1-3-3-1-1-3-2-1-1	2-1-2-1-2-3-1-1-0-2-1-1	1-1-2-2-1-2-3-1-2-1-2-1
387	3	3-3-1-3-4-3-3-3-3-1-3-1	2-4-3-1-3-1-2-4-2-3-2-2	4-2-1-1-1-2-4-5-1-1-4-3	2-2-4-1-2-2-1-1-4-1-4-1	1-0-6-3-2-4-4-2-3-1-1-2	2-2-5-2-3-2-4-3-3-3-7-2	7-1-6-7-2-4-4-2-3-3-5-2	3-2-0-4-2-0-6-1-2-3-1-0	4-2-1-1-3-1-3-2-4-3-1-4	1-1-3-1-2-6-1-3-4-1-1-1	4-1-1-6-1-2-0-5-1-2-1-1	4-3-2-2-1-1-2-0-6-4-1-1
387	4	3-4-1-4-3-4-4-4-4-1-5-5	2-5-5-1-4-1-2-3-2-3-2-3	3-4-1-1-1-5-3-6-1-5-5-5	2-5-5-1-2-2-7-2-5-1-3-1	1-0-6-5-2-3-5-4-5-1-1-1	1-2-3-2-4-2-5-1-4-4-7-2	1-1-5-0-5-3-5-5-4-3-6-2	5-2-5-3-1-5-7-5-2-7-1-0	4-4-1-2-4-1-4-2-7-6-2-3	1-1-4-5-5-2-5-4-3-2-1-1	3-1-8-8-1-2-2-3-5-2-1-1	3-6-2-1-5-2-2-0-1-3-6-2
387	5	5-4-5-7-4-4-6-7-5-5-6-4	5-4-4-1-4-7-6-6-6-3-6-6	6-6-6-1-5-6-4-6-6-6-4-4	5-6-4-6-2-2-4-1-4-6-5-6	1-7-8-4-6-3-6-5-4-1-7-5	5-6-3-7-5-7-4-0-4-4-3-2	2-1-4-5-4-3-4-4-4-5-8-3	6-2-6-3-2-6-3-4-2-6-2-8	6-6-6-2-2-4-6-3-4-5-2-5	5-5-5-6-4-2-4-4-6-6-1-5	2-1-4-4-4-5-6-7-4-2-6-5	5-5-5-5-5-5-5-5-8-4-4-2
387	6	6-8-8-8-6-4-7-5-7-5-6-6	7-4-4-7-7-5-8-7-7-6-7-8	5-5-5-7-7-5-7-4-5-7-7-7	7-5-5-7-7-7-4-6-7-5-7-5	7-5-8-7-5-6-7-6-5-6-5-6	7-8-7-6-5-5-7-6-4-6-3-7	8-7-3-6-5-6-3-8-6-6-7-6	5-7-7-7-7-5-3-7-7-5-7-0	5-5-5-7-7-1-5-7-4-7-7-6	5-7-5-5-7-7-7-4-5-5-7-7	7-1-7-4-7-5-5-7-7-7-5-6	6-7-6-7-7-1-7-1-3-6-7-6
387	7	6-8-6-5-7-8-8-5-6-5-6-8	6-4-4-6-6-8-6-6-8-7-6-6	8-6-5-6-6-7-6-8-8-6-7-6	6-7-7-6-6-6-8-6-6-6-6-5	6-5-6-6-7-7-6-6-7-7-5-6	6-6-6-6-5-5-6-6-7-7-3-7	6-6-4-7-8-7-4-6-7-7-6-6	7-6-6-6-6-7-4-6-6-7-6-7	7-7-7-6-6-1-6-6-4-7-6-1	7-6-7-5-6-6-6-8-8-5-6-6	6-1-7-4-8-8-5-6-6-6-5-7	6-6-8-6-6-7-6-7-6-6-6-6
387	8	8-6-6-6-8-8-7-8-7-5-6-7	6-8-8-6-8-8-6-6-7-8-6-6	8-7-8-7-8-8-7-7-7-8-8-8	6-8-8-8-8-8-7-8-7-8-8-5	6-5-6-8-8-8-7-8-8-8-1-8	6-8-8-6-8-5-8-6-8-8-8-8	6-8-8-8-7-8-8-8-8-6-5-8	8-8-6-8-8-7-6-6-6-5-5-7	7-8-8-8-6-8-8-7-4-8-6-8	7-8-8-8-8-7-8-7-7-8-4-8	3-1-4-4-7-7-7-3-8-8-8-7	6-7-7-8-3-8-8-8-8-8-6-1
388	0	0-0-0-0-0-0-0-0-0-0-0-0	0-0-0-0-0-0-0-0-0-0-0-0	0-0-0-0-0-0-0-0-0-0-0-0	0-0-0-0-0-0-0-0-0-0-0-0	0-0-0-0-0-0-0-0-0-0-0-0	0-0-0-0-0-0-0-0-0-0-0-0	0-0-0-0-0-0-0-0-0-0-0-0	0-0-0-0-0-0-0-0-0-0-0-0	0-0-0-0-0-0-0-0-0-0-0-0	0-0-0-0-0-0-0-0-0-0-0-0	0-0-0-0-0-0-0-0-0-0-0-0	0-0-0-0-0-0-0-0-0-0-0-0
388	1	1-1-1-1-1-1-1-1-1-1-1-1	2-0-0-1-0-0-0-2-0-1-0-2	0-3-0-3-2-1-2-0-0-2-1-2	2-0-2-2-2-2-0-1-1-1-1-0	1-0-0-0-0-1-2-2-1-1-6-0	1-3-2-0-0-3-2-1-1-1-3-0	3-1-1-0-2-2-1-0-1-1-0-2	1-1-1-2-3-0-2-1-1-0-0-0	0-0-2-3-3-0-0-2-2-1-1-2	0-2-0-2-2-3-0-3-2-0-0-3	0-1-0-0-0-1-0-0-0-2-2-0	0-2-1-0-0-0-3-0-0-0-1-1
388	2	2-2-2-2-2-2-2-2-2-2-2-3	1-4-2-1-2-3-0-3-3-3-3-1	2-1-0-1-1-5-3-3-0-1-3-1	1-0-3-1-1-1-0-2-3-4-3-0	2-0-4-1-3-1-3-1-3-2-0-4	1-4-3-0-2-1-3-5-2-2-5-2	4-1-2-5-1-2-4-1-2-2-0-1	2-3-1-1-2-3-4-4-1-2-0-2	0-0-1-1-2-5-0-1-1-2-1-3	0-1-2-1-1-1-0-2-1-3-0-1	5-1-6-3-5-3-0-0-0-1-1-2	2-1-5-2-1-2-1-0-5-3-4-2
388	3	3-4-3-2-3-3-3-2-3-3-3-2	3-2-2-4-3-4-4-2-4-2-2-4	3-1-5-1-3-1-2-4-4-4-2-3	4-4-4-4-1-1-5-1-2-2-2-5	2-4-2-4-4-2-4-3-4-4-3-3	1-1-2-3-4-1-2-1-2-2-1-3	1-1-1-4-4-3-2-4-3-1-4-2	4-2-4-1-1-4-2-3-4-4-4-4	4-5-4-1-1-4-4-6-5-3-1-4	4-4-2-4-4-1-0-1-4-2-4-1	4-1-3-2-3-4-4-4-4-1-2-3	0-1-6-3-4-4-1-5-4-2-3-1
388	4	5-3-6-6-3-3-6-4-4-4-4-3	4-2-2-5-5-3-3-5-5-2-6-3	5-5-3-5-5-3-5-3-3-5-5-5	5-3-3-5-5-5-3-5-5-2-5-3	5-3-2-3-3-5-5-5-3-6-5-5	4-3-5-4-3-1-5-5-3-4-2-5	2-4-1-3-3-3-2-5-3-2-5-4	3-5-3-5-5-3-2-5-3-3-5-3	3-3-3-5-5-3-3-5-3-5-5-3	3-3-4-3-3-5-5-2-3-5-3-1	3-5-5-6-3-3-3-3-3-1-3-4	2-4-5-5-3-3-4-3-5-0-5-2
388	5	4-6-4-4-5-6-6-4-6-5-4-6	5-2-2-4-4-6-3-4-6-5-4-6	3-5-3-4-4-5-4-6-6-4-5-4	4-5-5-4-4-4-3-4-4-2-4-3	4-3-2-3-5-4-4-4-5-5-4-4	6-6-4-6-5-6-4-2-5-5-2-4	2-4-2-5-6-5-2-4-5-4-4-4	5-4-3-4-4-5-6-4-4-3-4-5	5-3-3-4-4-2-5-4-3-4-4-3	5-5-5-0-5-6-6-5-6-4-4-4	4-4-4-4-6-4-3-4-5-5-5-5	6-6-2-5-5-5-5-3-4-0-4-1
388	6	6-5-4-4-6-6-4-6-5-4-4-5	5-6-6-4-6-6-3-4-5-6-4-5	6-6-6-4-6-6-5-5-5-6-6-6	6-6-6-6-6-6-3-6-5-6-6-3	4-3-6-6-6-6-5-6-6-6-1-4	5-5-6-6-6-5-6-6-6-6-2-6	5-6-6-6-5-6-6-4-6-6-4-4	6-4-6-5-6-5-5-4-5-3-4-5	5-3-6-5-4-6-6-5-6-2-4-2	5-3-6-6-6-5-5-5-6-6-3-6	3-4-6-4-5-3-3-3-6-5-6-6	5-5-6-3-5-6-6-3-6-6-4-6
389	0	0-0-0-0-0-0-0-0-0-0-0-0	0-0-0-0-0-0-0-0-0-0-0-0	0-0-0-0-0-0-0-0-0-0-0-0	0-0-0-0-0-0-0-0-0-0-0-0	0-0-0-0-0-0-0-0-0-0-0-0	0-0-0-0-0-0-0-0-0-0-0-0	0-0-0-0-0-0-0-0-0-0-0-0	0-0-0-0-0-0-0-0-0-0-0-0	0-0-0-0-0-0-0-0-0-0-0-0	0-0-0-0-0-0-0-0-0-0-0-0	0-0-0-0-0-0-0-0-0-0-0-0	0-0-0-0-0-0-0-0-0-0-0-0
389	1	1-2-1-2-1-1-1-1-1-1-1-1	1-2-1-2-2-2-0-2-2-1-2-2	1-2-2-2-2-2-2-2-2-2-3-2	2-1-2-2-2-2-2-2-2-2-3-2	2-2-3-2-4-1-2-2-2-2-7-1	1-4-2-0-1-2-1-2-1-1-4-2	1-4-1-1-2-0-1-3-2-1-1-4	1-1-1-2-5-0-3-3-1-0-2-1	1-1-2-2-0-3-4-1-2-7-1-7	3-1-1-1-2-1-2-1-0-0-3-3	1-8-4-1-3-1-2-1-4-1-3-4	3-2-1-2-1-1-1-2-1-1-1-2
389	2	2-1-1-1-1-1-1-1-1-1-1-1	3-1-1-1-1-1-3-1-1-3-1-1	1-3-1-1-1-1-1-1-1-1-1-1	3-1-1-1-5-3-1-3-1-1-1-4	1-1-2-5-3-3-3-3-1-1-3-3	1-1-3-2-2-5-3-1-1-1-0-3	1-1-1-2-3-1-1-3-1-1-2-1	1-4-7-3-4-0-1-1-4-0-1-3	2-0-1-1-4-1-2-3-1-2-4-1	1-1-1-2-1-4-5-1-3-0-1-5	3-1-1-4-2-1-1-1-0-5-1-1	2-3-2-5-3-3-3-1-2-2-2-1
389	3	2-3-2-3-3-3-3-3-1-1-3-2	2-4-3-2-3-1-2-5-4-2-2-4	1-2-2-2-1-1-4-4-1-1-4-2	2-3-4-1-2-2-4-2-4-4-1-2	1-0-1-2-2-4-4-2-4-4-2-2	2-1-4-2-3-2-4-2-3-3-7-2	1-1-3-4-2-3-4-2-3-3-1-1	5-2-2-4-1-4-7-1-2-3-1-4	3-2-4-2-3-1-3-2-3-3-2-6	1-1-4-4-2-2-2-3-2-4-1-1	2-1-8-6-1-8-0-0-3-2-1-1	2-2-2-3-2-2-2-0-0-4-1-1
389	4	4-3-5-7-4-4-4-4-4-4-5-8	5-3-3-5-5-1-5-7-5-5-5-5	6-5-5-1-4-1-5-5-5-6-3-5	5-5-3-5-2-5-5-2-3-3-4-2	1-7-1-4-6-3-5-5-3-3-5-6	5-1-3-5-6-8-3-5-3-3-1-2	1-1-3-3-5-6-3-5-3-3-6-1	3-2-6-3-2-5-3-3-6-4-6-6	6-6-5-5-6-6-6-5-7-4-2-3	6-1-3-3-3-2-6-1-5-6-6-1	5-5-6-5-1-6-6-6-5-1-1-1	2-1-4-3-6-2-2-6-5-6-1-1
389	5	4-7-4-4-6-5-5-3-5-4-4-4	4-6-6-4-4-5-4-6-4-4-4-4	4-4-4-1-4-1-6-7-4-4-6-4	4-4-5-4-2-4-4-2-6-7-6-4	1-4-1-2-5-5-6-4-6-4-6-2	4-6-3-4-4-2-6-4-5-5-1-5	2-1-3-5-4-5-7-4-5-5-2-6	3-2-2-3-1-4-6-4-2-5-4-4	4-4-4-4-3-6-3-6-7-5-2-4	4-1-5-6-6-2-2-1-4-4-4-2	4-6-4-4-4-4-4-4-4-2-6-1	1-2-4-2-4-1-2-4-4-4-1-1
389	6	6-5-8-6-5-6-8-7-5-7-6-4	4-5-5-4-7-5-4-7-4-4-7-4	4-7-7-7-7-8-5-4-5-4-5-6	7-4-6-6-7-7-3-2-5-5-7-2	7-6-6-6-4-7-7-7-5-5-5-7	5-7-7-2-4-2-5-7-5-5-1-7	7-1-5-4-5-6-3-5-3-5-7-7	7-7-4-7-7-4-5-7-7-4-4-4	4-4-5-7-7-4-4-7-5-5-7-3	4-4-6-5-7-7-7-3-4-4-4-7	4-5-4-4-4-4-4-7-7-6-5-6	3-7-4-7-4-4-6-4-7-4-7-6
389	7	8-5-6-4-5-8-8-6-8-6-6-8	7-5-5-4-6-8-6-6-8-7-6-8	8-6-6-6-6-7-6-5-4-7-6-6	6-7-7-6-6-6-8-2-6-5-6-4	6-4-6-2-7-6-6-6-7-7-1-6	8-6-8-7-4-4-6-6-7-7-3-7	8-1-3-7-8-7-5-6-7-5-6-6	7-6-2-6-6-4-3-6-6-4-6-7	7-4-7-7-6-1-7-6-5-1-6-1	8-7-7-6-6-6-7-7-8-4-7-6	6-1-6-4-8-7-4-6-6-7-7-7	8-7-7-6-6-1-7-4-6-4-6-7
389	8	8-7-6-4-8-8-7-8-7-6-7-7	7-8-8-4-8-8-7-8-8-8-7-7	8-7-8-8-8-8-7-7-7-8-8-8	6-8-8-6-8-8-7-8-7-8-8-4	8-4-8-8-8-8-7-8-8-8-6-2	7-8-8-7-8-4-8-8-8-8-8-7	7-8-8-8-7-8-8-8-8-8-3-6	8-8-8-7-8-6-8-6-6-4-2-4	7-8-8-8-6-8-8-6-8-8-6-8	7-8-8-8-8-1-6-7-7-8-6-8	4-1-3-4-7-7-4-4-8-8-8-7	7-7-5-8-8-8-8-4-8-8-7-1
390	0	0-0-0-0-0-0-0-0-0-0-0-0	0-0-0-0-0-0-0-0-0-0-0-0	0-0-0-0-0-0-0-0-0-0-0-0	0-0-0-0-0-0-0-0-0-0-0-0	0-0-0-0-0-0-0-0-0-0-0-0	0-0-0-0-0-0-0-0-0-0-0-0	0-0-0-0-0-0-0-0-0-0-0-0	0-0-0-0-0-0-0-0-0-0-0-0	0-0-0-0-0-0-0-0-0-0-0-0	0-0-0-0-0-0-0-0-0-0-0-0	0-0-0-0-0-0-0-0-0-0-0-0	0-0-0-0-0-0-0-0-0-0-0-0
390	1	1-1-1-2-1-1-1-2-1-1-1-2	1-2-1-0-3-2-4-2-2-1-2-2	1-2-3-3-2-2-2-2-3-2-3-2	2-3-2-3-2-2-2-2-1-2-2-2	2-2-1-0-1-1-2-1-2-3-3-1	2-2-2-1-2-2-2-2-2-1-0-2	2-1-1-1-2-1-0-2-2-1-1-2	1-1-2-2-1-2-2-2-1-1-0-3	1-3-2-0-2-3-1-2-2-1-1-0	4-1-2-2-1-2-2-1-2-2-0-1	1-10-3-2-1-2-5-1-1-1-9-1	2-1-1-1-3-3-1-4-3-1-1-1
390	2	1-1-1-1-1-1-1-1-1-1-1-1	1-1-1-4-1-1-4-1-1-1-1-1	0-3-1-1-3-1-3-1-1-1-1-1	3-0-1-1-3-3-1-3-3-1-4-1	3-1-3-3-1-3-3-3-1-1-1-3	1-1-1-1-1-1-3-1-1-1-0-4	1-6-1-0-3-1-2-3-1-2-5-4	1-2-5-3-5-1-1-9-2-2-5-0	0-0-3-3-5-6-1-3-1-4-2-2	1-3-1-1-3-5-3-1-3-1-0-5	5-2-0-1-1-1-0-0-0-2-4-1	1-3-2-1-5-1-5-1-5-3-2-5
390	3	1-3-1-1-1-1-1-1-1-1-1-1	2-5-5-1-1-1-1-4-1-1-2-1	0-2-1-1-2-1-4-1-1-2-4-2	2-1-1-1-2-2-1-2-2-1-5-1	2-0-2-2-2-2-4-2-4-1-1-2	1-3-4-1-4-1-4-2-3-3-7-2	4-2-1-0-2-4-5-2-5-3-0-2	1-5-4-2-2-1-5-4-3-3-0-1	4-1-2-2-3-1-0-2-1-3-2-3	1-2-1-1-2-2-2-1-2-4-5-2	4-2-1-8-1-1-0-4-0-2-1-3	1-2-2-4-1-1-2-1-1-2-8-2
390	4	4-3-1-4-1-1-1-1-4-4-5-4	5-3-3-2-1-1-1-3-1-1-5-5	1-6-5-2-6-5-3-3-6-5-3-5	5-5-5-6-2-2-3-5-5-5-2-1	2-0-2-5-4-2-5-2-5-1-1-2	1-4-3-1-3-1-5-2-3-4-3-2	4-2-1-0-3-3-3-5-4-1-2-2	1-2-3-2-2-1-3-5-4-5-5-1	5-0-3-2-4-4-7-5-9-9-2-5	1-2-4-5-5-2-6-4-2-3-3-3	3-2-9-5-5-4-0-3-0-2-5-4	3-5-2-3-1-4-2-1-7-2-6-4
390	5	6-3-5-4-1-4-5-5-5-6-6-6	6-3-3-6-1-1-6-4-6-1-4-6	8-6-7-7-4-7-6-6-4-4-6-4	6-6-6-4-2-6-3-4-4-4-3-6	2-6-10-4-6-3-6-6-4-5-6-6	8-6-4-6-5-8-4-6-3-3-3-6	5-2-3-5-6-5-3-4-3-9-10-2	5-3-8-6-2-6-3-4-6-5-6-5	8-6-6-6-2-6-6-4-1-5-2-4	6-2-7-4-6-2-4-4-6-6-6-2	6-5-5-4-4-10-7-5-6-6-4-8	6-6-6-6-2-5-2-5-4-2-2-2
390	6	5-6-6-5-6-4-1-1-4-5-5-5	5-6-6-5-6-1-5-4-5-6-4-5	5-5-5-5-4-5-5-8-4-7-7-4	5-5-5-4-2-5-7-2-4-4-6-5	2-5-5-4-5-6-5-5-7-7-5-5	5-5-4-5-1-5-5-5-6-6-4-5	5-2-7-5-5-5-6-4-6-1-0-2	6-2-7-5-2-5-3-5-5-5-5-7	5-5-5-5-6-4-5-5-8-5-2-3	5-5-6-7-5-2-4-6-5-5-5-2	5-8-6-6-0-7-0-7-5-5-7-4	9-5-5-5-7-5-7-5-4-7-4-1
390	7	8-7-8-7-8-8-8-9-8-8-8-8	5-6-6-8-9-8-8-7-8-8-8-8	7-8-9-8-9-8-8-8-8-8-6-8	8-5-8-7-8-8-6-8-8-4-8-7	9-5-8-9-5-6-8-8-8-6-8-8	7-8-8-10-7-9-8-8-3-7-3-8	10-8-6-10-8-7-6-8-9-10-9-8	3-8-6-8-9-10-10-8-9-3-8-7	5-5-10-8-9-9-4-8-4-8-9-8	7-4-5-6-8-8-8-6-8-5-9-9	3-8-4-4-3-6-5-6-9-9-8-9	3-8-7-9-7-5-8-5-4-6-10-2
390	8	7-9-7-7-10-7-7-7-7-7-7-7	7-9-7-7-7-7-7-9-7-7-7-7	5-7-7-7-7-7-9-9-7-7-9-7	7-5-7-7-7-7-9-7-7-4-9-5	7-5-5-7-5-9-9-7-7-8-7-7	5-7-7-5-9-5-7-7-8-8-9-7	7-7-9-5-7-10-9-7-7-8-7-7	3-7-5-7-7-5-9-7-5-8-7-10	5-5-5-7-8-7-5-7-6-8-7-7	1-0-10-9-7-7-7-6-7-5-10-7	9-7-10-6-1-0-5-0-0-7-7-7	9-7-7-5-1-0-7-0-9-9-9-9
390	9	7-8-7-7-8-7-7-7-7-7-7-10	10-8-7-7-7-7-7-8-7-7-7-7	10-9-7-7-7-9-8-8-10-9-8-8	7-9-9-7-7-7-8-7-8-4-8-5	7-5-5-7-9-8-8-7-9-9-7-7	10-7-7-7-8-10-8-7-9-8-3-7	7-2-8-5-8-9-8-8-7-7-7-7	9-7-7-7-7-9-8-2-7-5-2-9	9-5-3-7-7-7-8-7-4-4-7-7	10-9-9-8-7-7-7-4-10-5-7-7	8-9-4-4-4-1-5-5-7-9-1-7	8-7-9-5-9-9-2-5-8-8-8-8
390	10	10-7-7-7-8-10-7-10-7-7-7-9	7-8-10-7-10-10-9-7-10-10-7-7	10-9-10-7-10-10-9-9-9-10-7-10	9-10-10-10-10-10-9-10-9-10-10-5	7-5-5-10-10-10-9-10-10-10-7-5	10-10-10-7-10-9-10-10-10-10-10-10	7-10-10-10-7-10-10-10-10-10-5-7	10-8-10-9-10-7-7-2-9-5-5-10	9-10-10-9-7-10-10-7-10-8-8-7	9-9-10-10-10-7-10-7-9-10-8-10	10-1-10-10-9-5-10-10-10-9-10-10	10-7-9-10-9-10-10-10-10-10-7-10
391	0	0-0-0-0-0-0-0-0-0-0-0-0	0-0-0-0-0-0-0-0-0-0-0-0	0-0-0-0-0-0-0-0-0-0-0-0	0-0-0-0-0-0-0-0-0-0-0-0	0-0-0-0-0-0-0-0-0-0-0-0	0-0-0-0-0-0-0-0-0-0-0-0	0-0-0-0-0-0-0-0-0-0-0-0	0-0-0-0-0-0-0-0-0-0-0-0	0-0-0-0-0-0-0-0-0-0-0-0	0-0-0-0-0-0-0-0-0-0-0-0	0-0-0-0-0-0-0-0-0-0-0-0	0-0-0-0-0-0-0-0-0-0-0-0
391	1	1-1-1-1-1-0-1-1-1-1-1-1	0-0-0-1-0-0-2-1-0-1-0-0	0-3-0-2-2-2-0-0-0-2-0-2	2-0-0-2-2-2-0-1-1-0-1-0	1-0-0-2-2-1-2-2-1-1-2-2	1-0-2-1-0-3-2-1-1-1-0-1	3-3-1-0-2-1-1-2-1-3-0-1	3-3-3-2-3-0-1-1-1-1-0-0	0-0-2-3-3-0-0-2-0-1-1-1	0-3-0-0-2-3-2-1-2-3-0-3	0-3-0-1-0-1-0-0-3-3-1-1	0-2-2-0-3-1-3-0-0-2-1-1
391	2	2-3-2-2-2-2-2-2-2-1-2-2	1-3-2-1-2-3-1-3-3-3-3-2	2-2-0-1-1-1-3-4-3-1-3-1	1-0-3-1-1-1-4-1-3-4-1-0	2-0-4-2-3-1-3-1-3-2-1-1	1-4-1-0-2-1-3-1-2-2-4-4	5-1-2-3-1-2-3-1-2-2-3-3	2-0-5-1-1-3-4-4-2-2-0-2	0-0-1-1-2-0-3-1-4-4-2-2	1-1-2-5-1-1-1-4-1-2-3-1	3-1-0-2-5-0-0-0-0-1-1-2	2-1-1-3-5-1-1-0-0-3-4-1
391	3	2-2-3-2-2-2-3-2-3-3-3-3	4-2-2-1-4-2-3-2-4-4-4-4	5-4-4-1-3-4-2-4-4-5-2-3	4-3-4-1-1-1-4-1-2-2-2-3	1-6-1-3-4-2-4-4-3-3-3-6	1-0-2-0-4-5-2-1-4-2-2-1	4-1-2-2-3-3-2-4-2-1-6-2	4-1-4-1-1-4-2-1-1-3-4-4	4-6-4-1-1-3-4-4-2-3-1-4	4-4-3-2-2-1-2-2-4-4-4-1	4-1-5-2-4-4-4-4-4-1-2-3	4-1-3-4-4-4-1-4-4-5-2-1
391	4	5-4-4-4-2-4-4-5-4-4-4-4	3-2-2-1-3-4-5-4-3-3-5-3	4-5-3-5-5-3-3-3-3-5-3-5	5-3-3-5-5-5-3-5-5-2-5-3	5-4-2-5-3-5-5-5-3-4-5-5	5-2-5-4-3-3-5-5-3-4-2-5	3-5-2-2-3-4-2-5-4-6-5-5	3-5-3-5-5-3-2-5-4-3-5-3	3-0-3-5-6-4-3-5-2-2-5-3	3-3-3-2-5-5-5-2-3-3-3-5	3-1-0-2-3-3-3-3-3-5-4-4	3-5-4-5-3-3-5-3-3-3-5-5
391	5	6-6-4-6-5-6-6-6-6-4-5-6	3-4-2-3-5-5-4-4-6-4-4-6	3-4-4-4-4-3-3-6-3-4-5-4	4-4-5-4-4-4-6-4-4-2-4-6	4-6-2-4-5-4-6-4-5-6-4-4	6-6-4-6-5-3-4-4-5-5-2-4	2-4-2-5-4-5-5-4-5-5-4-4	5-4-2-4-4-5-5-4-4-5-4-3	5-5-5-4-5-5-3-4-2-5-4-3	4-4-5-2-4-4-4-6-6-4-4-4	4-5-3-5-2-3-3-4-4-4-5-5	2-4-6-4-2-1-4-3-4-3-4-4
391	6	6-5-6-5-6-5-5-6-5-4-5-5	5-6-6-1-6-6-4-6-5-6-4-5	6-6-6-5-6-6-6-5-6-6-5-6	4-6-6-6-6-6-5-6-6-6-6-5	4-6-6-6-5-5-5-6-6-6-5-3	6-6-4-5-6-6-6-6-6-6-6-6	3-6-6-6-6-6-6-6-6-4-3-4	6-6-6-6-4-5-4-4-5-4-4-6	5-3-6-5-4-6-3-3-6-2-4-6	4-3-6-6-6-4-6-5-5-6-3-6	3-6-3-5-4-3-3-3-3-3-6-6	6-5-5-3-2-6-6-3-3-6-4-1
392	0	0-0-0-0-0-0-0-0-0-0-0-0	0-0-0-0-0-0-0-0-0-0-0-0	0-0-0-0-0-0-0-0-0-0-0-0	0-0-0-0-0-0-0-0-0-0-0-0	0-0-0-0-0-0-0-0-0-0-0-0	0-0-0-0-0-0-0-0-0-0-0-0	0-0-0-0-0-0-0-0-0-0-0-0	0-0-0-0-0-0-0-0-0-0-0-0	0-0-0-0-0-0-0-0-0-0-0-0	0-0-0-0-0-0-0-0-0-0-0-0	0-0-0-0-0-0-0-0-0-0-0-0	0-0-0-0-0-0-0-0-0-0-0-0
392	1	1-2-1-2-1-1-1-1-1-1-1-1	1-1-2-2-2-2-0-2-2-1-2-2	2-2-5-2-2-2-2-2-2-2-2-2	2-1-2-2-2-2-2-2-2-2-1-1	2-2-3-3-0-1-2-2-2-2-4-1	4-4-2-0-1-2-1-2-2-1-1-2	1-3-1-1-2-1-1-3-2-1-1-1	1-1-1-2-1-0-2-3-1-0-1-1	1-0-2-2-0-6-1-1-2-6-1-6	1-1-1-1-2-1-2-1-0-0-2-1	1-2-2-1-4-1-2-1-1-1-2-1	1-2-1-1-1-1-1-2-1-4-1-2
392	2	3-1-1-1-1-1-1-1-1-1-1-1	3-1-1-1-1-1-3-1-1-3-3-1	1-3-1-1-1-1-3-1-1-1-1-1	3-3-1-1-3-3-1-3-1-1-1-3	1-1-4-6-3-3-3-3-1-1-3-3	1-1-1-5-2-3-3-1-1-1-1-4	1-1-1-2-3-1-1-1-1-1-2-3	1-4-6-3-3-0-1-5-3-0-1-1	2-3-1-1-4-1-1-3-1-2-3-3	1-1-0-1-1-3-1-1-3-0-1-1	3-1-1-4-0-3-1-1-0-2-1-1	2-1-2-1-3-1-3-1-2-1-2-1
392	3	2-4-2-3-3-3-3-3-1-1-2-4	2-4-3-2-3-4-2-1-2-2-2-4	1-2-2-1-1-5-4-5-1-2-4-3	2-2-2-2-2-2-4-2-4-4-4-2	1-0-1-1-2-4-4-2-4-1-2-2	1-3-4-2-3-2-4-6-3-3-6-2	1-1-3-3-2-3-4-1-3-3-2-2	3-2-2-2-2-4-5-4-2-4-1-4	3-2-5-4-3-3-0-2-7-4-4-2	4-1-0-4-2-2-4-6-2-3-1-4	2-1-7-5-1-7-2-6-3-2-1-3	2-2-0-3-7-2-2-3-1-1-3-1
392	4	4-3-5-6-4-4-4-5-4-7-5-6	4-3-3-4-6-3-6-4-5-4-5-5	5-5-6-1-4-1-3-5-6-5-3-4	5-4-5-7-2-2-5-2-3-3-3-7	1-5-2-4-5-3-5-4-3-4-1-1	1-6-3-4-5-6-3-2-3-3-3-2	1-1-3-4-5-4-3-1-5-3-3-3	1-2-5-3-2-5-3-3-4-5-4-5	4-6-3-3-2-4-7-2-6-4-3-4	5-1-3-3-5-3-3-1-5-6-5-3	1-1-1-2-1-1-5-1-1-3-1-1	4-1-4-0-3-2-1-5-4-1-1-1
392	5	6-4-4-7-5-4-7-4-4-5-4-4	5-3-3-6-4-4-4-2-4-4-4-4	4-6-1-6-6-3-6-6-6-4-6-6	6-4-5-6-6-6-4-6-6-6-6-4	6-4-6-2-4-5-6-6-3-1-4-6	6-5-6-2-4-2-6-6-5-3-1-6	5-5-3-5-4-5-3-6-4-5-6-6	6-5-4-6-6-4-3-7-6-4-6-4	0-4-3-5-6-4-6-6-3-3-5-4	4-6-5-6-6-6-7-1-4-4-6-6	6-1-3-3-6-6-4-6-6-1-2-5	5-5-7-6-6-1-5-4-6-5-6-5
392	6	5-7-4-4-5-7-7-7-7-6-4-7	5-3-3-5-4-7-4-4-7-6-5-4	4-5-4-5-5-6-5-5-7-4-6-5	5-6-6-5-5-5-7-5-5-5-5-4	5-4-5-2-6-5-5-5-6-1-1-5	5-4-5-6-4-7-5-5-6-6-3-6	5-5-5-5-5-6-3-5-6-3-5-5	5-5-2-5-5-6-3-5-5-3-5-4	6-4-5-5-5-1-6-6-4-1-5-1	6-6-6-5-5-5-6-3-7-4-5-5	2-6-6-0-7-7-6-5-5-6-1-6	7-7-1-5-5-6-6-4-5-5-5-5
392	7	7-6-4-5-7-7-5-7-6-4-6-6	5-7-7-5-7-7-5-7-7-7-4-4	7-7-7-7-7-7-6-6-6-7-7-7	5-7-7-7-7-7-6-7-6-7-7-4	5-4-7-7-7-7-6-7-7-7-1-5	6-7-7-5-7-6-5-7-7-7-7-7	6-7-7-7-5-7-7-5-7-7-6-5	7-7-7-5-7-6-7-5-5-7-5-4	6-7-7-7-5-7-7-6-7-1-5-5	6-4-7-7-7-6-5-6-6-7-5-7	4-1-7-7-6-6-7-5-7-6-7-6	6-6-5-7-3-7-7-7-7-7-5-7
393	0	0-0-0-0-0-0-0-0-0-0-0-0	0-0-0-0-0-0-0-0-0-0-0-0	0-0-0-0-0-0-0-0-0-0-0-0	0-0-0-0-0-0-0-0-0-0-0-0	0-0-0-0-0-0-0-0-0-0-0-0	0-0-0-0-0-0-0-0-0-0-0-0	0-0-0-0-0-0-0-0-0-0-0-0	0-0-0-0-0-0-0-0-0-0-0-0	0-0-0-0-0-0-0-0-0-0-0-0	0-0-0-0-0-0-0-0-0-0-0-0	0-0-0-0-0-0-0-0-0-0-0-0	0-0-0-0-0-0-0-0-0-0-0-0
393	1	1-1-1-1-1-1-1-2-1-1-2-1	2-2-1-2-2-2-2-2-2-2-2-2	1-2-3-1-2-2-2-2-2-1-3-2	2-1-2-2-2-2-2-1-2-2-2-3	4-2-1-3-2-1-2-1-2-1-6-1	4-2-2-2-2-2-2-2-2-1-0-0	4-1-1-1-2-1-1-2-1-1-0-3	1-1-1-1-1-2-2-0-1-0-2-1	1-2-2-0-2-1-1-0-2-5-1-1	2-1-2-2-1-5-2-1-2-2-2-1	1-7-1-4-2-1-1-1-2-1-2-2	2-0-1-1-3-4-1-3-1-1-1-7
393	2	1-1-1-1-1-1-1-1-1-1-1-1	1-1-1-3-1-1-1-1-1-1-3-1	5-3-0-1-1-1-1-1-1-1-1-1	3-0-1-3-3-3-1-5-1-1-1-1	3-1-3-1-3-2-3-3-1-1-1-3	1-4-3-1-1-3-3-1-1-1-0-4	3-4-1-0-3-2-2-3-1-2-3-1	1-2-2-3-4-1-7-4-2-1-1-0	2-1-3-4-4-3-1-3-1-2-4-2	1-3-1-1-3-4-3-1-3-1-1-4	4-2-0-4-1-2-1-0-1-2-3-1	1-2-2-3-1-3-3-1-6-2-2-4
393	3	1-3-1-3-3-1-1-1-1-1-1-1	1-5-4-2-1-1-2-4-1-1-2-2	1-2-1-1-2-1-4-5-1-4-4-5	2-4-4-2-2-2-6-2-4-5-4-1	2-0-2-1-2-4-4-2-3-3-1-2	2-2-5-1-3-2-4-2-3-3-3-3	5-2-1-4-2-1-4-2-1-5-2-1	3-4-7-2-2-1-5-1-2-3-1-0	3-1-2-2-3-2-3-2-1-3-2-5	1-2-3-1-2-1-4-4-2-3-4-2	3-5-7-5-7-1-1-3-1-2-2-1	1-2-2-4-1-2-4-1-2-1-5-3
393	4	4-3-7-6-3-4-4-4-5-1-5-5	4-3-3-5-6-1-4-6-5-1-5-5	6-5-6-5-4-1-5-7-5-3-3-4	5-5-5-4-2-2-5-2-3-1-3-7	1-7-3-5-5-3-5-4-4-1-1-2	1-2-3-4-4-7-3-2-1-3-1-2	7-2-3-5-5-5-3-4-4-2-5-1	4-2-5-2-2-5-3-2-5-4-5-4	7-5-5-2-2-5-5-2-1-4-2-3	5-7-5-0-3-2-3-3-5-5-5-2	5-5-5-1-5-5-5-5-5-1-3-4	5-2-5-5-5-1-3-5-5-5-1-2
393	5	4-7-7-7-4-4-7-4-4-4-4-4	4-3-3-4-4-1-4-6-4-1-4-6	4-4-4-4-6-7-6-6-4-6-6-6	6-4-4-6-6-6-4-2-6-3-6-4	6-4-7-6-4-5-6-6-4-6-4-2	6-7-6-7-3-4-6-6-3-5-3-6	6-6-1-4-4-4-4-6-1-3-6-6	4-5-4-6-6-4-3-6-4-4-6-4	4-4-4-6-6-4-4-6-1-5-6-3	4-4-4-7-6-6-4-5-4-4-4-2	4-4-4-3-4-4-4-4-4-6-1-5	4-6-4-4-4-4-6-4-4-4-6-1
393	6	7-7-4-4-3-7-7-7-7-6-7-7	4-3-3-5-4-5-4-5-7-6-5-7	4-7-4-4-5-6-5-5-7-5-5-5	5-6-6-5-5-5-7-2-5-5-5-4	5-4-7-5-6-5-5-5-6-5-1-2	7-7-5-7-4-4-5-5-6-6-3-6	5-5-1-6-7-6-3-5-6-3-5-5	6-5-4-5-5-7-3-5-4-4-5-6	6-4-6-5-5-2-4-7-1-6-5-3	7-6-6-5-5-5-7-3-4-6-6-2	4-6-4-3-3-7-4-4-4-6-6-6	4-6-6-6-5-1-5-4-5-4-5-2
393	7	7-6-7-5-7-7-5-7-6-5-6-6	4-7-7-4-7-7-5-7-7-7-5-6	7-7-7-7-7-5-6-6-6-7-7-7	7-7-7-7-7-7-6-7-7-7-7-4	5-4-7-7-7-7-6-7-7-7-6-7	6-7-7-5-7-4-7-7-7-7-7-7	6-7-7-7-6-7-7-7-7-7-4-5	7-7-7-6-7-6-2-2-5-7-6-4	4-7-7-7-2-7-7-6-7-7-5-1	6-4-7-7-7-6-7-3-7-7-4-7	4-1-3-7-3-6-4-4-4-6-7-7	7-6-4-3-4-7-7-4-7-7-2-1
394	0	0-0-0-0-0-0-0-0-0-0-0-0	0-0-0-0-0-0-0-0-0-0-0-0	0-0-0-0-0-0-0-0-0-0-0-0	0-0-0-0-0-0-0-0-0-0-0-0	0-0-0-0-0-0-0-0-0-0-0-0	0-0-0-0-0-0-0-0-0-0-0-0	0-0-0-0-0-0-0-0-0-0-0-0	0-0-0-0-0-0-0-0-0-0-0-0	0-0-0-0-0-0-0-0-0-0-0-0	0-0-0-0-0-0-0-0-0-0-0-0	0-0-0-0-0-0-0-0-0-0-0-0	0-0-0-0-0-0-0-0-0-0-0-0
394	1	1-1-1-1-1-1-1-1-1-1-1-1	2-0-0-1-0-0-0-2-0-1-0-0	3-2-0-3-2-2-2-3-0-2-2-2	2-0-0-2-2-2-0-1-1-0-1-0	1-0-0-0-2-2-2-2-1-1-8-0	1-0-2-0-0-3-2-1-1-1-0-0	2-1-1-0-2-0-1-2-1-1-0-3	1-1-1-2-1-0-1-8-1-0-0-2	1-0-2-5-5-1-0-2-2-1-5-1	3-2-0-2-2-1-0-1-2-0-0-1	0-1-0-0-0-2-5-0-0-1-1-0	0-2-1-1-0-1-1-0-1-1-1-1
394	2	2-2-2-2-2-2-2-2-2-2-2-2	1-5-2-1-2-2-0-3-3-2-0-1	2-1-0-1-1-1-3-1-0-1-3-1	1-3-2-1-1-1-0-0-1-2-2-0	1-0-0-6-1-5-3-1-2-2-0-0	1-2-3-3-3-1-3-1-3-2-7-2	1-1-5-2-1-3-6-1-2-2-0-1	2-2-1-1-3-0-3-4-2-4-2-1	3-4-3-1-4-1-8-1-3-2-4-3	0-1-6-1-1-1-3-2-1-3-3-3	3-1-1-2-1-1-2-3-3-3-1-2	3-1-1-3-3-1-2-0-6-5-5-5
394	3	3-2-2-3-3-2-3-4-3-3-4-3	4-2-2-1-2-3-1-6-4-4-4-4	1-3-0-1-4-1-4-1-4-4-2-6	4-5-4-4-1-1-8-3-5-5-1-0	5-0-0-5-1-2-4-1-4-3-5-8	1-3-5-2-2-1-4-1-2-3-2-3	3-1-2-0-2-2-7-4-3-2-0-1	3-2-2-1-2-0-5-5-1-5-8-4	2-5-2-1-3-3-8-5-8-7-3-5	1-3-3-4-4-1-5-5-5-2-2-2	2-1-3-5-5-3-0-2-2-2-4-3	2-5-1-2-2-3-1-7-3-4-8-3
394	4	5-5-5-5-4-3-4-3-5-3-3-8	3-2-2-1-5-3-4-5-4-4-3-3	5-4-6-1-3-3-5-6-5-3-3-3	5-3-3-3-1-1-5-4-3-3-2-5	4-8-4-3-5-2-5-4-3-5-3-4	4-4-3-5-4-3-3-0-5-3-0-5	4-3-2-4-5-4-0-3-2-8-4-3	4-4-2-1-4-4-4-5-4-2-5-3	4-3-5-0-2-4-4-3-5-4-2-4	4-1-3-3-3-1-5-2-2-7-4-4	4-4-4-3-4-2-1-4-5-5-3-4	4-4-4-4-6-4-4-4-2-2-4-4
394	5	4-5-4-4-5-5-5-7-5-5-5-5	3-2-2-5-5-4-7-4-6-6-3-3	4-6-6-6-3-6-4-6-6-6-6-3	6-3-6-3-1-6-7-4-3-3-1-4	1-6-8-3-6-2-6-6-3-4-3-4	5-5-3-4-5-1-3-1-5-5-5-5	6-1-2-5-4-6-2-3-5-7-0-2	5-1-6-1-1-5-3-4-5-5-4-8	6-3-4-1-1-3-5-3-4-5-1-3	5-5-3-6-5-1-4-3-3-6-5-1	4-1-5-3-3-8-6-5-6-4-3-3	5-3-5-5-4-5-1-5-2-2-2-2
394	6	7-7-8-8-6-6-6-7-6-8-6-6	7-2-2-7-7-7-7-7-7-5-7-7	6-7-7-8-7-5-7-5-5-7-7-7	7-5-5-7-7-7-7-7-7-5-7-6	7-4-6-7-5-6-7-7-6-6-7-7	6-6-7-6-5-1-7-6-3-6-2-5	5-6-3-4-7-5-2-7-6-7-7-7	5-6-6-7-6-5-8-7-6-3-7-3	5-5-5-6-7-3-4-6-5-8-7-6	7-6-2-5-7-7-6-2-6-5-7-1	4-6-7-3-8-6-5-6-5-6-6-7	4-6-6-7-4-7-6-5-7-7-7-2
394	7	6-6-6-6-7-8-6-6-8-6-6-8	7-2-2-6-6-6-6-6-6-7-6-6	8-6-6-6-6-7-6-8-8-6-6-6	6-7-7-6-6-6-5-6-6-3-6-8	6-5-6-6-7-6-6-6-7-7-6-6	6-7-6-6-7-8-6-6-7-7-2-7	8-1-3-7-6-7-3-6-7-6-6-6	7-6-6-6-6-7-8-6-7-3-6-7	7-5-8-7-6-5-7-7-3-3-6-6	6-6-7-2-6-6-6-8-8-5-7-1	2-7-6-3-3-6-7-6-7-7-6-7	2-8-6-6-7-6-7-5-6-6-7-1
394	8	8-7-6-6-8-8-6-8-6-6-7-7	7-8-8-6-8-6-6-6-6-8-6-6	8-7-8-6-8-7-7-7-7-8-8-8	8-8-8-8-8-8-7-8-7-8-8-4	6-4-4-8-8-8-7-8-8-8-6-4	7-5-8-7-8-7-8-8-8-8-8-8	7-8-8-8-7-8-8-8-8-8-8-8	8-8-6-8-8-7-7-6-1-5-6-5	7-8-8-8-6-8-8-7-3-6-6-6	6-6-8-8-8-1-8-7-8-8-8-8	8-8-8-7-6-5-8-6-8-7-8-8	5-7-5-5-2-8-8-5-8-8-3-8
395	0	0-0-0-0-0-0-0-0-0-0-0-0	0-0-0-0-0-0-0-0-0-0-0-0	0-0-0-0-0-0-0-0-0-0-0-0	0-0-0-0-0-0-0-0-0-0-0-0	0-0-0-0-0-0-0-0-0-0-0-0	0-0-0-0-0-0-0-0-0-0-0-0	0-0-0-0-0-0-0-0-0-0-0-0	0-0-0-0-0-0-0-0-0-0-0-0	0-0-0-0-0-0-0-0-0-0-0-0	0-0-0-0-0-0-0-0-0-0-0-0	0-0-0-0-0-0-0-0-0-0-0-0	0-0-0-0-0-0-0-0-0-0-0-0
395	1	1-1-1-1-1-1-1-1-1-0-1-1	0-2-1-0-0-2-0-2-2-1-0-0	2-0-0-1-2-0-2-2-0-3-2-2	0-0-0-0-0-0-2-0-2-2-2-1	1-0-0-0-0-1-2-0-1-2-0-0	0-2-0-0-0-0-2-0-2-1-1-2	2-2-1-1-0-0-0-0-1-1-2-1	1-1-0-0-1-0-1-0-0-1-0-0	0-0-0-0-3-2-1-0-3-1-0-0	0-1-0-3-1-0-0-1-0-0-0-1	5-1-0-2-4-0-0-0-0-0-0-4	0-1-0-2-1-1-0-0-0-0-1-1
395	2	2-1-4-1-1-1-2-1-2-2-2-1	3-1-1-4-1-1-3-1-1-3-3-3	1-3-0-5-3-4-3-1-3-4-1-3	3-0-2-4-4-3-3-7-3-1-5-3	4-0-6-4-0-3-3-3-2-4-4-3	3-1-3-2-2-4-3-3-1-1-0-4	1-1-1-0-3-0-3-3-1-2-1-3	1-4-8-3-2-0-9-2-2-1-2-0	0-0-3-3-9-4-0-3-1-3-3-2	0-4-0-1-3-5-3-2-3-0-0-2	0-9-0-1-0-5-0-0-5-2-3-2	0-3-2-1-0-4-3-0-0-6-2-5
395	3	3-3-2-3-3-3-3-3-3-2-3-3	2-5-3-2-4-3-2-4-5-3-2-4	0-2-0-2-2-2-4-5-2-1-4-2	2-4-4-2-2-2-2-2-4-4-4-2	2-0-2-2-2-4-4-2-3-3-2-2	2-2-4-4-3-0-2-2-3-3-7-3	4-1-3-9-2-3-2-2-3-2-0-2	1-2-4-4-2-0-3-2-3-3-4-3	4-0-2-2-1-2-0-4-4-2-2-6	0-0-3-1-2-2-2-3-2-3-0-2	0-4-0-3-0-0-0-5-0-2-2-3	0-2-0-2-0-5-2-0-8-2-9-2
395	4	4-4-2-4-3-4-4-4-4-4-4-4	2-3-5-2-3-4-2-3-5-4-5-3	0-2-6-2-2-2-3-5-5-7-5-6	2-4-5-5-2-2-6-2-5-3-6-2	2-0-4-2-0-3-5-4-6-2-2-2	5-5-6-3-4-2-5-2-4-4-6-2	5-2-6-4-5-4-5-5-4-3-2-2	4-2-2-3-2-9-6-2-2-6-4-5	4-0-5-2-4-2-4-9-5-8-2-3	0-2-6-5-5-2-5-4-4-4-4-2	5-6-3-4-9-5-0-3-0-2-2-4	0-2-0-2-2-2-3-0-0-4-7-2
395	5	6-4-6-5-3-4-5-5-6-6-6-6	2-3-4-6-6-4-6-4-6-4-6-4	6-6-6-2-2-6-6-6-4-6-4-5	6-6-6-6-2-6-4-5-4-4-2-7	2-7-7-5-7-3-6-6-4-6-2-5	6-6-4-6-6-9-4-2-1-4-4-6	4-1-4-7-6-7-4-4-4-2-6-2	7-3-2-6-2-6-4-7-7-7-6-5	6-7-7-6-2-2-6-6-4-5-2-7	6-7-5-4-6-2-6-4-6-6-6-2	6-7-6-2-4-6-5-6-6-6-6-5	5-6-5-7-7-6-2-8-6-5-4-2
395	6	5-7-5-5-7-6-6-6-5-5-5-5	5-7-7-5-5-4-5-4-5-7-5-7	5-5-5-5-2-5-7-7-7-8-7-7	5-5-5-5-2-5-7-2-7-8-7-5	2-5-2-4-5-6-7-5-4-8-2-5	5-5-4-5-5-5-7-6-7-6-4-5	7-4-4-5-5-6-7-7-6-7-5-7	6-2-4-5-2-5-4-5-5-4-5-5	5-5-5-5-4-2-5-5-6-6-2-3	5-5-4-7-5-4-5-4-5-5-5-2	5-4-5-3-9-5-5-5-5-5-7-6	8-5-5-5-5-5-2-0-5-5-6-8
395	7	8-6-9-9-6-7-7-7-9-9-8-8	7-6-6-5-8-8-8-8-8-6-9-6	5-8-8-8-8-5-6-6-6-4-6-6	8-5-5-8-8-8-6-8-8-5-8-5	8-5-8-7-5-8-8-8-6-6-8-8	8-7-8-5-4-5-8-8-6-6-3-8	6-1-4-5-6-5-6-6-6-6-8-6	5-8-5-8-8-5-6-5-5-5-8-7	5-5-5-8-7-6-5-6-4-6-8-5	5-5-5-6-8-2-5-4-5-5-8-2	8-5-7-3-8-7-8-5-5-8-6-6	6-8-5-5-8-5-8-5-5-7-8-6
395	8	7-9-7-7-6-9-9-5-9-8-7-9	7-6-6-5-8-7-7-7-7-8-7-9	9-9-7-9-7-7-7-6-6-6-8-7	7-5-5-7-7-7-9-7-7-6-7-7	7-5-7-7-8-7-7-7-8-6-9-7	7-7-7-9-8-9-7-7-8-8-3-8	9-1-4-5-9-8-8-9-8-8-7-7	8-7-2-7-7-5-4-2-5-6-7-8	8-8-8-7-7-2-5-7-4-4-7-4	7-7-5-7-7-2-5-9-9-5-7-2	7-8-7-9-7-8-7-5-7-7-6-8	6-7-8-7-7-5-7-5-3-5-7-6
395	9	9-8-7-7-9-8-8-9-7-7-7-8	7-6-9-5-9-9-8-9-9-9-7-8	9-9-9-9-9-9-9-8-6-9-8-9	8-9-9-9-9-9-8-9-8-9-9-5	9-5-9-9-9-8-8-9-9-9-8-5	8-9-8-8-9-5-9-9-9-9-9-8	8-9-9-9-9-9-4-8-9-6-5-7	9-9-9-8-9-4-2-2-5-5-6-5	7-9-9-8-2-9-9-4-4-6-7-9	7-5-9-9-9-2-9-8-8-9-8-9	9-9-6-8-4-8-8-9-9-8-9-9	9-8-5-1-5-9-9-9-9-9-3-9
396	0	0-0-0-0-0-0-0-0-0-0-0-0	0-0-0-0-0-0-0-0-0-0-0-0	0-0-0-0-0-0-0-0-0-0-0-0	0-0-0-0-0-0-0-0-0-0-0-0	0-0-0-0-0-0-0-0-0-0-0-0	0-0-0-0-0-0-0-0-0-0-0-0	0-0-0-0-0-0-0-0-0-0-0-0	0-0-0-0-0-0-0-0-0-0-0-0	0-0-0-0-0-0-0-0-0-0-0-0	0-0-0-0-0-0-0-0-0-0-0-0	0-0-0-0-0-0-0-0-0-0-0-0	0-0-0-0-0-0-0-0-0-0-0-0
396	1	1-1-1-1-1-1-1-1-1-1-1-1	1-0-0-1-1-1-2-2-0-1-2-0	2-3-0-2-2-1-2-0-0-3-2-2	2-0-0-2-2-2-0-4-1-0-1-0	1-0-1-2-0-1-2-2-1-0-0-2	2-3-1-0-1-3-2-1-1-1-0-0	1-3-1-0-2-1-1-0-1-1-1-2	1-1-1-1-1-0-2-1-1-0-0-0	1-0-2-2-3-1-0-3-0-1-1-2	0-2-0-0-2-1-0-1-2-0-0-1	0-1-0-3-0-1-0-1-0-1-2-0	0-1-2-0-0-2-2-0-1-1-1-1
396	2	2-2-2-2-4-2-2-2-2-2-2-3	1-4-2-1-3-3-1-3-3-3-1-2	1-2-4-1-3-4-3-3-3-4-3-1	1-3-3-1-1-1-4-1-3-4-3-0	1-0-5-1-2-3-3-1-2-2-3-1	1-2-3-0-2-1-3-1-2-2-4-2	4-1-2-4-1-2-3-1-2-4-1-3	2-3-1-1-1-3-4-4-1-0-0-3	3-0-1-1-0-2-5-1-4-2-1-4	0-1-3-4-1-1-3-2-1-3-0-1	5-1-0-3-5-0-0-0-0-1-1-4	0-1-1-4-0-1-1-0-5-1-4-1
396	3	2-2-1-2-2-4-3-2-3-3-3-2	4-2-2-1-4-2-3-2-4-2-4-4	2-1-4-1-2-4-2-2-4-1-2-2	4-4-4-4-1-1-4-1-2-2-2-3	1-3-3-3-4-2-4-3-4-5-2-6	1-1-2-3-4-4-2-1-2-2-2-4	3-1-1-2-4-3-5-3-2-2-0-2	2-2-4-1-3-4-3-2-1-5-4-4	4-4-4-1-1-4-6-1-6-3-1-2	4-4-2-2-4-1-2-5-0-4-4-1	4-1-5-2-4-4-4-4-4-4-3-3	3-1-3-2-4-4-1-4-4-5-3-1
396	4	4-3-4-5-2-3-4-5-4-4-4-5	3-2-2-4-5-2-6-5-3-5-3-3	6-5-3-5-5-5-5-6-3-5-5-4	5-3-3-5-5-5-3-5-5-2-5-0	5-3-2-5-3-4-5-5-3-3-6-5	4-5-5-0-3-3-5-4-2-2-2-4	2-5-2-2-3-2-3-5-4-2-5-5	2-5-6-5-5-3-6-5-5-3-3-3	3-3-3-5-6-3-3-5-2-3-5-4	3-3-6-2-5-6-2-2-4-3-3-5	3-4-3-2-3-3-3-3-3-3-4-5	3-4-4-2-3-3-4-3-3-3-2-1
396	5	4-6-4-4-5-6-6-4-6-5-4-6	6-2-2-4-5-5-4-4-6-4-3-6	6-4-3-4-4-4-4-4-3-4-6-4	4-5-3-4-4-4-6-4-4-4-4-6	4-3-5-4-3-4-6-4-5-3-4-4	4-4-4-6-5-3-4-5-2-5-2-6	6-4-2-5-5-5-3-4-5-5-4-4	5-4-4-4-4-3-5-4-4-3-4-3	5-5-3-4-4-3-2-4-3-3-4-4	3-4-5-2-4-1-2-6-6-3-3-4	2-5-3-5-3-3-3-5-0-4-5-5	3-6-4-5-4-3-2-3-2-3-2-1
396	6	6-5-4-5-6-5-5-6-5-5-4-5	5-6-6-4-6-6-4-6-5-6-3-5	6-6-6-4-6-6-6-4-6-6-5-6	5-6-6-6-6-6-5-6-6-6-4-5	4-3-6-6-5-6-5-6-6-6-4-3	5-6-5-5-6-6-6-6-6-6-6-5	5-6-6-6-6-6-6-6-6-4-6-6	6-6-4-5-6-5-4-4-4-3-3-3	3-3-6-6-4-6-3-4-3-3-4-2	4-3-6-6-6-4-6-5-5-6-3-6	2-1-5-5-3-3-3-3-3-3-6-6	6-5-6-2-0-6-6-3-3-6-4-1
397	0	0-0-0-0-0-0-0-0-0-0-0-0	0-0-0-0-0-0-0-0-0-0-0-0	0-0-0-0-0-0-0-0-0-0-0-0	0-0-0-0-0-0-0-0-0-0-0-0	0-0-0-0-0-0-0-0-0-0-0-0	0-0-0-0-0-0-0-0-0-0-0-0	0-0-0-0-0-0-0-0-0-0-0-0	0-0-0-0-0-0-0-0-0-0-0-0	0-0-0-0-0-0-0-0-0-0-0-0	0-0-0-0-0-0-0-0-0-0-0-0	0-0-0-0-0-0-0-0-0-0-0-0	0-0-0-0-0-0-0-0-0-0-0-0
397	1	1-1-1-1-1-0-1-0-1-1-0-1	0-0-0-1-0-1-2-2-0-1-0-0	0-2-0-0-2-0-2-0-0-3-0-1	2-0-0-2-2-2-0-3-1-1-1-0	1-0-1-0-0-1-2-2-1-0-0-1	1-0-1-0-1-3-1-3-0-1-0-3	1-1-3-0-2-1-1-0-1-1-0-2	1-1-3-2-1-0-0-1-1-0-0-0	1-0-2-2-3-1-0-3-0-1-3-1	0-3-0-0-2-1-2-1-2-0-0-3	0-1-1-3-0-1-0-0-0-1-2-0	0-1-2-0-0-1-2-0-1-1-1-3
397	2	2-3-1-2-2-2-2-2-2-2-2-3	1-4-3-1-0-3-1-1-3-3-1-2	3-1-0-1-1-3-3-2-3-3-3-3	1-3-2-1-1-1-0-1-3-3-3-0	1-0-0-4-0-1-3-1-3-2-0-1	3-0-3-0-2-1-3-1-2-2-2-2	4-1-2-2-1-2-3-1-2-2-0-3	2-0-4-1-3-3-1-3-1-0-0-0	3-0-1-1-2-1-2-1-2-2-1-2	0-1-2-3-1-3-3-2-1-3-0-1	0-1-0-2-7-0-0-0-0-4-1-0	4-1-1-3-4-1-1-0-4-3-5-1
397	3	3-2-7-2-3-2-3-3-3-3-5-2	3-2-2-3-0-4-4-4-4-2-4-3	5-4-4-1-2-4-2-4-2-2-2-2	4-5-4-1-1-1-4-1-2-2-2-7	1-6-3-3-5-2-2-3-2-3-3-7	2-3-2-3-6-1-2-1-2-2-2-1	5-1-1-3-3-2-5-0-1-1-5-2	5-3-5-2-2-2-0-2-3-3-3-5	5-6-5-1-1-3-5-1-6-3-1-2	5-5-2-4-3-2-2-1-1-6-5-1	5-1-5-1-5-0-6-5-5-2-5-0	5-1-5-2-5-5-1-6-5-5-1-1
397	4	5-4-5-6-5-5-5-6-5-5-6-5	3-2-2-5-5-5-5-4-5-5-5-5	4-5-5-5-5-5-5-5-5-5-4-4	5-3-3-5-5-6-3-5-5-2-5-3	6-4-5-6-3-4-5-5-2-4-5-5	4-5-5-7-3-6-5-5-4-4-2-5	6-5-2-5-5-2-3-5-4-6-6-5	2-5-2-5-6-7-7-6-6-3-6-3	3-3-3-5-6-6-3-6-3-6-5-3	7-6-4-3-6-5-5-2-5-3-3-4	3-5-6-2-3-7-3-3-4-6-5-6	2-5-3-5-3-3-4-3-2-4-1-5
397	5	4-5-4-4-7-5-4-4-4-4-4-4	4-6-5-4-4-4-4-6-4-4-4-4	4-4-4-4-4-4-6-4-4-4-6-4	4-3-4-4-4-4-3-4-6-5-4-3	4-3-4-4-3-6-6-4-6-5-4-4	4-4-4-7-2-3-4-4-5-5-6-4	3-4-6-4-4-5-6-4-5-5-3-4	3-4-3-4-4-3-6-4-4-5-3-3	3-3-3-4-2-4-3-4-5-5-4-3	3-3-5-4-6-4-4-6-4-4-3-1	3-4-3-4-3-7-3-3-3-4-4-5	6-4-3-6-3-3-4-3-3-3-6-4
397	6	4-5-4-4-5-7-4-4-4-4-4-7	3-5-5-4-4-4-4-5-4-4-4-4	5-6-4-4-4-6-5-7-7-6-5-4	4-6-6-4-4-4-3-4-5-6-5-3	4-3-4-4-6-5-5-4-5-6-4-4	4-4-4-7-3-7-5-4-6-5-5-4	4-4-5-5-5-6-5-0-6-4-4-4	6-4-4-4-4-6-5-4-4-3-4-3	6-3-3-4-4-4-5-4-3-4-4-3	7-4-6-5-4-1-5-2-7-3-3-1	3-6-6-2-0-7-3-3-3-6-6-4	5-4-6-5-3-3-4-3-2-2-5-1
397	7	7-5-4-4-7-7-4-7-4-4-4-6	4-5-7-4-7-7-4-7-7-7-4-6	7-6-7-4-7-7-6-6-6-7-7-7	6-7-7-7-7-4-3-7-6-7-7-3	4-3-7-7-7-7-6-7-7-7-4-3	6-7-4-6-7-7-7-7-7-7-2-7	3-7-7-7-6-5-7-7-7-7-4-4	7-6-4-6-4-4-6-4-6-3-3-4	3-7-7-6-1-7-7-4-7-5-5-2	4-7-7-7-7-4-7-2-7-7-3-7	3-7-3-3-2-6-3-3-3-6-7-7	7-5-3-2-3-7-7-3-7-7-6-7
398	0	0-0-0-0-0-0-0-0-0-0-0-0	0-0-0-0-0-0-0-0-0-0-0-0	0-0-0-0-0-0-0-0-0-0-0-0	0-0-0-0-0-0-0-0-0-0-0-0	0-0-0-0-0-0-0-0-0-0-0-0	0-0-0-0-0-0-0-0-0-0-0-0	0-0-0-0-0-0-0-0-0-0-0-0	0-0-0-0-0-0-0-0-0-0-0-0	0-0-0-0-0-0-0-0-0-0-0-0	0-0-0-0-0-0-0-0-0-0-0-0	0-0-0-0-0-0-0-0-0-0-0-0	0-0-0-0-0-0-0-0-0-0-0-0
398	1	1-1-1-1-1-1-1-1-1-1-1-1	0-2-2-0-0-1-0-1-0-1-0-2	1-0-0-0-0-0-2-2-0-0-2-0	0-0-2-0-0-0-2-1-2-2-2-1	1-0-1-1-0-2-2-0-1-0-0-1	4-0-0-0-0-0-2-0-2-1-4-2	4-1-1-1-0-1-0-0-1-1-4-1	1-1-0-0-1-0-1-1-0-1-0-0	1-0-0-0-0-1-4-1-0-1-1-2	0-0-1-2-1-0-0-1-0-4-0-1	4-0-0-0-1-0-0-1-4-0-1-1	1-1-0-0-0-0-0-0-4-1-0-1
398	2	2-1-2-2-1-1-2-1-2-2-2-2	3-1-1-2-0-2-0-3-0-1-4-1	6-3-3-6-3-2-3-3-0-4-1-3	3-0-1-2-3-3-1-2-3-1-1-2	3-0-3-3-0-1-3-3-2-0-8-3	3-4-3-0-4-3-3-2-1-1-2-4	3-4-4-0-3-0-0-3-4-2-2-3	2-2-2-3-2-3-3-4-2-0-1-0	2-0-3-3-4-3-0-3-0-2-2-1	2-2-1-1-3-2-3-2-3-0-2-4	1-2-0-0-1-4-0-2-1-2-3-1	1-2-2-5-0-0-3-0-2-3-2-4
398	3	3-3-2-3-3-3-3-3-3-3-3-4	2-4-4-2-2-5-2-4-4-4-2-4	5-2-5-2-2-2-4-5-5-2-4-2	2-3-4-2-2-2-3-2-4-3-4-0	2-0-2-2-4-3-4-2-4-3-2-2	2-2-4-0-3-2-4-2-1-3-7-3	6-2-3-3-2-3-4-2-2-5-2-2	3-4-2-4-2-4-6-2-2-3-6-0	3-0-2-2-3-2-7-2-5-3-3-3	4-2-3-6-2-2-2-6-2-4-0-2	7-2-6-4-7-2-0-0-4-2-2-1	0-2-2-4-0-4-2-0-6-2-6-6
398	4	3-3-5-3-3-3-4-3-4-4-4-3	4-3-3-2-5-3-5-3-5-3-5-5	7-6-7-2-4-3-5-6-5-2-3-4	5-4-5-2-2-2-5-4-3-3-5-8	2-8-3-4-5-3-5-5-3-4-4-4	5-2-3-5-6-8-3-2-1-3-1-4	5-2-2-8-5-4-3-5-2-3-1-2	7-3-6-3-2-5-5-2-2-4-4-6	6-6-5-2-2-6-1-3-3-4-2-5	5-6-1-4-5-2-3-3-5-6-6-2	8-2-5-3-1-6-6-6-5-2-2-1	1-2-5-3-5-3-2-6-5-5-3-2
398	5	5-7-4-5-5-5-5-6-5-4-5-6	4-7-6-4-4-5-4-6-4-6-4-4	3-4-4-2-2-8-6-7-6-4-6-4	4-4-4-4-2-4-6-4-6-7-6-4	2-4-3-4-4-6-6-4-6-4-6-2	4-7-6-4-4-2-6-5-5-5-1-5	6-6-6-0-4-5-7-4-5-3-8-2	5-2-4-3-2-4-4-0-2-5-4-4	5-4-4-2-3-2-8-4-3-4-2-6	4-2-5-6-4-3-6-3-4-4-4-2	4-6-8-0-4-4-4-4-4-2-5-5	7-2-4-6-4-3-2-4-4-4-3-1
398	6	8-5-7-7-5-5-6-7-6-4-7-5	7-5-5-2-7-6-7-5-7-5-7-7	2-4-4-2-7-4-5-4-7-7-5-7	7-5-8-7-7-7-5-7-7-5-7-4	7-4-3-6-4-5-7-7-5-6-7-7	5-5-7-6-4-4-5-7-5-3-3-7	5-5-5-4-5-0-3-5-5-6-7-6	3-7-4-7-7-4-8-7-2-4-7-4	4-4-4-6-7-4-4-7-4-7-7-5	4-4-6-5-7-2-5-3-4-4-4-2	4-5-7-0-7-4-4-4-4-6-3-7	5-2-6-7-4-7-6-4-7-6-3-3
398	7	8-5-6-6-7-8-8-6-8-7-6-8	7-5-5-6-6-6-6-6-8-7-6-8	4-6-4-2-6-7-6-5-6-7-7-6	6-7-7-6-6-6-8-6-6-5-6-4	6-4-8-6-7-7-6-6-7-7-6-6	8-5-6-8-7-8-6-6-5-7-3-6	8-5-3-7-7-7-5-8-7-6-6-5	4-6-4-6-6-8-8-6-7-4-6-4	7-4-4-7-6-2-7-7-4-6-6-5	7-7-7-4-6-2-6-8-8-6-4-2	4-7-6-3-3-4-4-4-4-6-7-7	5-8-6-7-7-7-6-4-6-6-6-3
398	8	8-7-6-5-8-8-7-8-7-6-6-7	7-5-8-6-8-8-6-8-7-8-7-7	8-8-8-7-8-8-7-7-7-8-8-8	6-8-8-8-8-8-7-8-7-8-8-4	2-4-8-8-8-8-7-8-8-8-6-6	7-8-8-7-8-4-8-8-8-8-8-8	7-8-8-8-7-8-8-8-8-8-5-8	8-8-2-7-8-7-6-6-2-4-4-8	7-4-6-7-2-8-8-7-8-6-6-6	6-4-8-8-8-2-8-7-7-8-4-8	4-2-5-8-6-7-4-4-4-7-8-8	8-7-8-3-7-8-8-4-8-8-7-8
399	0	0-0-0-0-0-0-0-0-0-0-0-0	0-0-0-0-0-0-0-0-0-0-0-0	0-0-0-0-0-0-0-0-0-0-0-0	0-0-0-0-0-0-0-0-0-0-0-0	0-0-0-0-0-0-0-0-0-0-0-0	0-0-0-0-0-0-0-0-0-0-0-0	0-0-0-0-0-0-0-0-0-0-0-0	0-0-0-0-0-0-0-0-0-0-0-0	0-0-0-0-0-0-0-0-0-0-0-0	0-0-0-0-0-0-0-0-0-0-0-0	0-0-0-0-0-0-0-0-0-0-0-0	0-0-0-0-0-0-0-0-0-0-0-0
399	1	1-1-1-1-1-1-1-1-1-1-1-1	2-1-0-1-0-0-2-2-0-1-0-2	2-2-0-1-1-4-2-0-0-2-2-2	2-0-2-3-3-3-0-1-1-0-1-0	1-0-1-3-2-1-2-2-1-1-3-2	2-0-2-0-0-3-2-4-1-1-0-1	0-3-1-0-2-0-1-2-1-2-0-2	1-3-1-2-1-0-2-8-1-1-0-0	0-0-2-2-4-0-0-1-0-1-1-1	0-2-0-2-2-1-3-1-2-1-0-1	0-1-2-0-0-0-2-0-0-1-1-1	0-2-1-2-0-1-2-0-1-2-1-1
399	2	2-2-2-2-2-2-2-2-2-2-2-2	1-2-2-1-0-2-1-1-2-2-1-3	3-1-2-3-1-1-3-3-0-1-3-3	1-3-3-1-1-1-4-1-3-2-3-1	1-0-2-2-1-4-3-1-3-2-1-1	1-2-1-3-2-1-3-1-2-2-7-1	4-1-2-2-1-2-3-1-2-1-4-1	2-2-3-3-2-4-1-0-2-2-0-2	4-0-1-1-2-2-2-3-2-2-3-2	0-1-2-3-3-2-1-2-3-2-3-1	4-1-3-2-3-0-1-5-4-1-1-0	0-1-1-1-2-2-1-0-1-1-1-2
399	3	3-3-3-3-3-3-3-3-3-3-3-3	3-4-4-1-3-4-1-4-4-2-4-4	2-3-3-3-1-1-4-2-4-4-4-2	1-2-4-1-1-1-4-1-2-4-2-0	3-0-5-1-1-2-4-3-4-1-1-1	4-4-4-2-4-1-4-0-3-3-3-1	2-1-4-2-4-3-4-2-4-1-4-4	3-4-2-2-3-2-4-4-3-4-4-2	3-0-4-1-3-3-2-2-4-2-2-3	0-1-3-4-4-1-1-3-2-2-4-1	2-1-2-3-4-2-4-2-2-1-4-4	0-4-1-3-3-7-1-0-1-2-3-1
399	4	4-4-4-5-3-3-4-3-4-4-4-4	4-3-3-1-4-3-4-3-5-4-5-3	1-5-5-5-3-1-3-5-3-3-3-5	5-4-3-1-1-5-5-1-3-3-3-4	3-7-8-4-5-2-3-4-3-4-4-5	3-5-3-4-7-1-3-1-2-3-3-4	2-1-3-6-5-4-3-5-3-1-2-3	3-3-3-5-1-2-3-5-7-3-5-5	2-0-3-1-1-4-4-5-3-4-1-3	5-4-4-3-3-1-3-6-5-5-3-1	2-1-4-3-3-7-3-0-2-2-3-3	4-3-4-4-4-4-1-4-1-4-1-1
399	5	6-8-6-6-6-5-6-6-6-6-6-8	6-6-5-6-6-6-6-5-6-6-6-6	5-4-6-7-6-6-6-7-6-6-6-6	6-6-6-5-6-4-7-6-6-6-6-6	6-5-5-6-4-5-5-5-6-5-7-6	5-6-6-5-6-6-6-7-6-5-2-5	6-6-5-5-4-5-6-6-5-6-5-6	6-5-6-4-6-7-5-4-4-5-6-6	5-5-6-5-7-6-6-6-7-6-6-6	4-5-5-6-6-6-6-7-4-4-6-5	5-8-4-5-6-8-6-6-6-5-6-5	6-6-6-4-4-5-5-6-5-6-6-5
399	6	7-6-5-8-5-5-5-5-5-5-7-6	5-5-5-7-5-5-5-7-5-5-7-5	6-7-7-7-7-5-7-6-5-5-5-7	7-5-5-7-7-7-5-7-5-5-7-5	7-4-5-7-4-7-7-7-5-6-6-7	5-5-7-7-5-5-5-5-5-5-2-5	7-5-6-4-4-6-5-7-5-5-5-5	5-7-5-7-7-5-6-6-4-4-7-5	8-6-5-7-5-5-5-5-5-5-7-5	5-5-6-5-7-5-7-8-4-4-7-8	5-5-5-5-5-5-5-5-7-5-5-6	5-7-5-7-7-5-5-5-7-5-7-5
399	7	6-6-6-6-5-5-5-5-5-5-6-8	5-5-5-6-5-5-6-6-6-5-6-6	8-6-6-6-6-7-6-5-6-6-6-6	6-7-7-6-6-6-5-6-6-5-6-8	6-4-5-6-7-6-8-6-7-5-5-6	5-5-6-7-7-8-7-5-7-7-2-7	6-1-5-7-8-7-3-6-7-5-6-6	7-6-1-6-6-5-6-5-8-3-6-7	7-7-7-6-5-5-7-8-5-4-6-3	7-7-4-5-6-6-6-5-8-4-6-1	3-5-7-5-5-7-7-7-6-7-5-7	5-6-5-6-6-3-1-5-1-7-6-1
399	8	8-5-6-6-8-5-5-8-5-5-6-7	5-5-8-6-8-5-6-6-6-8-6-7	8-7-8-5-8-5-7-7-6-8-5-8	6-8-6-8-8-8-5-8-5-8-8-7	5-4-8-8-8-8-7-8-8-8-1-8	7-8-8-7-8-7-8-8-8-8-8-7	7-8-8-5-7-8-8-8-8-8-5-5	8-8-8-8-8-7-6-1-7-4-6-5	7-8-8-7-1-8-8-7-8-5-6-8	7-8-8-8-8-5-8-7-7-8-5-8	6-5-5-8-5-5-5-5-5-7-8-7	5-7-7-5-6-8-8-5-8-8-7-5
400	0	0-0-0-0-0-0-0-0-0-0-0-0	0-0-0-0-0-0-0-0-0-0-0-0	0-0-0-0-0-0-0-0-0-0-0-0	0-0-0-0-0-0-0-0-0-0-0-0	0-0-0-0-0-0-0-0-0-0-0-0	0-0-0-0-0-0-0-0-0-0-0-0	0-0-0-0-0-0-0-0-0-0-0-0	0-0-0-0-0-0-0-0-0-0-0-0	0-0-0-0-0-0-0-0-0-0-0-0	0-0-0-0-0-0-0-0-0-0-0-0	0-0-0-0-0-0-0-0-0-0-0-0	0-0-0-0-0-0-0-0-0-0-0-0
400	1	1-1-1-1-1-1-1-1-1-1-1-1	1-1-0-1-0-1-1-0-3-1-0-1	2-1-2-0-0-2-0-2-0-0-1-0	2-3-0-2-1-1-2-1-0-0-1-1	0-1-3-0-2-0-2-2-0-1-0-1	0-2-0-1-0-2-1-1-0-0-0-2	2-0-0-3-2-1-0-0-0-1-0-0	1-0-0-1-1-2-0-0-1-1-2-0	2-2-2-0-0-0-2-2-0-1-0-0	2-1-0-2-0-3-0-0-0-1-0-0	0-0-1-0-3-0-2-1-3-0-0-1	1-0-1-1-1-1-1-2-0-0-1-0
400	2	2-1-2-2-2-2-2-2-2-2-2-2	2-2-0-3-0-3-3-4-3-3-3-3	1-3-1-4-3-3-3-1-4-3-3-3	3-3-3-3-3-3-1-3-2-0-2-1	2-1-2-6-1-3-3-3-1-4-3-3	3-1-3-6-2-3-3-2-0-2-0-4	1-2-4-1-3-1-2-3-0-2-2-3	2-4-2-3-2-1-0-8-3-1-7-0	1-1-1-2-4-0-1-1-0-2-3-2	1-2-0-1-3-4-3-0-3-2-3-4	3-0-1-0-8-2-2-1-1-2-3-4	1-4-4-1-2-2-3-1-2-2-2-2
400	3	3-3-2-3-4-3-3-3-3-3-3-2	2-4-4-2-3-4-2-4-1-2-1-2	1-2-2-2-2-2-4-3-2-2-4-2	2-2-2-2-2-2-4-2-4-4-4-1	2-1-1-2-1-4-4-2-4-0-2-2	2-1-2-2-3-2-4-2-3-3-6-2	1-2-3-1-2-3-4-4-3-4-4-2	3-2-2-2-2-1-6-3-2-3-1-3	0-1-4-2-3-0-1-4-3-3-2-3	1-4-4-2-2-4-2-5-2-4-2-2	2-0-3-3-1-2-3-1-1-2-2-3	7-2-2-1-2-2-2-1-6-0-3-2
400	4	4-3-4-5-3-4-4-4-4-4-4-5	4-3-3-4-3-3-5-5-3-5-5-5	4-5-5-4-4-5-3-5-2-4-3-4	4-4-5-5-2-5-3-2-3-3-3-1	2-6-1-4-4-3-3-5-3-2-4-4	5-1-3-4-5-7-3-2-3-3-3-2	8-2-2-1-5-4-3-5-3-3-8-3	3-2-6-3-2-1-5-5-2-6-4-6	6-6-3-3-2-4-4-5-5-1-2-3	6-6-3-5-4-2-3-0-5-3-6-2	6-5-0-5-4-6-6-6-6-2-2-4	4-2-4-4-6-6-2-6-6-4-4-2
400	5	5-5-6-4-6-6-6-6-6-6-6-8	6-6-5-4-7-6-4-6-6-6-4-6	5-4-7-7-6-6-6-7-6-6-6-6	6-4-6-6-2-6-6-7-6-7-6-5	7-4-5-7-6-5-6-5-6-6-7-5	5-5-6-5-6-6-6-7-7-5-0-5	6-5-5-5-6-5-6-6-6-7-8-5	6-2-4-5-2-6-5-6-5-8-4-4	5-4-6-5-7-7-4-6-6-6-2-5	5-5-5-5-5-7-6-5-5-6-6-2	5-8-5-4-4-8-4-8-6-5-7-5	6-5-5-6-6-7-7-4-5-5-5-6
400	6	7-5-8-8-5-5-5-5-5-5-5-5	5-5-5-7-5-5-8-7-5-5-7-5	4-7-5-7-7-5-7-5-5-5-5-7	5-4-5-5-7-7-5-7-5-5-7-1	7-4-1-2-5-7-7-7-5-5-5-7	5-1-7-2-5-5-7-5-5-3-3-7	5-7-5-1-5-6-5-7-5-6-7-6	5-6-4-6-7-5-8-5-6-4-5-4	4-4-5-7-5-5-4-5-5-5-7-5	4-7-5-5-7-5-5-5-6-5-5-6	4-5-5-4-4-4-4-4-4-6-5-5	5-6-6-5-4-4-5-4-4-6-7-5
400	7	6-8-6-6-5-5-5-5-5-5-5-5	5-5-5-6-5-5-6-6-5-5-6-5	5-6-5-5-6-5-6-5-5-6-7-6	7-7-7-5-6-6-8-5-5-5-6-1	6-4-1-5-7-6-6-6-7-5-5-6	6-1-6-6-5-4-6-5-5-7-3-6	8-6-5-7-8-7-7-6-7-5-6-7	7-7-2-6-6-1-3-7-7-5-2-4	7-4-7-6-5-5-7-6-5-5-6-5	7-6-7-5-6-5-5-5-8-5-7-2	6-7-6-0-5-5-4-4-5-6-5-7	5-7-5-7-7-5-5-5-6-6-6-5
400	8	8-7-6-6-8-5-5-8-5-5-5-5	5-5-8-6-8-5-6-8-8-8-7-8	8-8-8-5-8-5-7-5-7-8-5-8	8-8-5-8-8-8-7-8-5-8-8-4	5-4-8-8-8-8-7-8-8-8-5-8	5-8-8-6-8-8-8-8-8-8-8-8	4-8-8-8-6-8-8-6-8-8-4-6	8-8-6-6-8-5-6-6-6-5-5-5	7-8-8-8-6-8-4-5-5-3-6-2	1-4-8-8-8-5-8-5-7-8-5-8	6-5-8-4-5-5-5-5-4-6-8-8	5-5-5-5-5-8-8-4-8-8-6-8
401	0	0-0-0-0-0-0-0-0-0-0-0-0	0-0-0-0-0-0-0-0-0-0-0-0	0-0-0-0-0-0-0-0-0-0-0-0	0-0-0-0-0-0-0-0-0-0-0-0	0-0-0-0-0-0-0-0-0-0-0-0	0-0-0-0-0-0-0-0-0-0-0-0	0-0-0-0-0-0-0-0-0-0-0-0	0-0-0-0-0-0-0-0-0-0-0-0	0-0-0-0-0-0-0-0-0-0-0-0	0-0-0-0-0-0-0-0-0-0-0-0	0-0-0-0-0-0-0-0-0-0-0-0	0-0-0-0-0-0-0-0-0-0-0-0
401	1	1-1-2-1-1-1-1-1-1-1-1-1	1-2-1-2-2-2-1-2-1-1-2-2	1-2-3-2-2-2-2-2-3-2-3-1	2-1-2-2-2-0-2-2-1-2-2-2	2-2-1-0-1-1-2-1-2-2-3-1	3-2-2-2-2-2-2-0-1-1-4-0	2-2-1-1-1-1-0-2-1-1-1-1	1-1-0-2-1-3-2-2-1-3-0-1	1-0-0-0-2-1-4-3-2-1-1-2	4-1-1-2-1-1-3-1-2-2-0-1	1-8-4-2-3-1-1-4-3-1-2-1	2-1-1-2-1-3-1-3-1-3-1-1
401	2	1-1-1-1-1-1-1-1-1-1-1-1	1-1-1-3-1-1-3-1-1-1-3-1	1-3-1-1-5-1-3-1-1-1-1-3	3-0-1-1-5-3-1-1-1-1-3-1	1-1-1-5-3-3-3-3-1-1-1-5	1-1-3-2-1-1-3-3-1-1-0-3	1-1-1-0-3-1-2-3-1-2-5-3	1-3-5-3-5-1-1-7-2-1-5-0	0-1-3-3-1-5-0-1-1-2-3-1	1-5-1-1-3-4-1-1-3-1-0-5	1-1-1-1-1-1-0-0-1-3-1-2	1-2-3-1-1-1-3-0-2-1-2-1
401	3	1-3-1-1-3-1-1-1-1-1-1-1	2-4-3-2-1-1-2-1-1-2-2-3	1-2-1-1-2-1-2-1-1-4-4-2	2-4-3-1-2-2-1-1-5-3-4-1	3-0-4-3-2-4-2-2-4-3-1-2	1-3-5-3-3-1-4-2-3-3-7-2	5-1-1-4-2-3-5-2-4-3-2-2	3-2-0-2-2-1-5-4-2-1-7-4	1-0-7-2-1-1-7-4-1-3-2-3	1-5-3-1-2-5-1-1-2-4-0-2	1-1-1-3-1-1-4-5-1-2-1-3	1-2-2-1-1-1-2-1-7-1-6-1
401	4	5-4-5-4-3-5-5-6-5-5-5-4	5-3-3-5-6-1-5-4-5-5-5-5	4-5-5-5-4-6-5-4-5-3-3-4	5-5-5-4-4-6-6-4-3-4-3-6	1-8-3-4-5-3-5-5-3-4-5-4	5-1-3-5-5-6-3-1-3-1-1-5	3-1-4-6-5-4-3-5-3-7-6-3	6-3-6-3-2-5-3-3-5-5-8-6	1-5-3-2-2-1-6-5-1-3-2-1	4-6-1-3-6-2-1-1-5-5-6-1	6-1-1-5-5-6-6-6-6-5-1-4	8-3-4-5-6-1-2-5-8-6-3-1
401	5	4-5-4-5-5-4-4-5-4-4-4-4	4-6-6-4-6-4-4-4-4-4-4-4	4-4-4-4-2-4-6-4-4-7-6-5	4-4-4-4-2-4-4-2-6-7-6-4	2-4-4-2-4-6-6-4-6-4-4-2	4-6-3-4-4-4-6-5-3-5-3-5	6-6-4-4-4-3-3-4-5-1-2-1	5-2-2-3-2-4-3-2-4-4-2-4	1-4-6-6-3-2-3-6-1-5-2-5	4-2-5-6-4-3-6-7-4-4-4-2	4-6-4-5-3-5-4-3-4-4-5-4	1-7-4-4-4-4-2-4-4-4-3-2
401	6	7-5-8-6-5-6-4-4-4-4-6-4	4-5-5-6-4-1-4-7-4-4-4-4	6-7-4-7-7-4-5-7-5-7-5-7	7-4-4-6-7-7-4-7-5-3-7-4	7-4-6-2-4-7-7-7-6-6-4-7	5-5-7-4-3-4-5-7-3-6-3-7	5-5-5-4-5-4-5-5-5-3-7-7	4-7-4-7-7-4-5-7-4-4-7-4	8-4-5-5-7-1-4-7-5-7-7-5	4-4-1-5-7-6-5-1-4-4-4-6	4-5-7-0-1-4-4-4-4-6-6-6	3-6-6-6-4-4-2-4-3-4-3-4
401	7	6-8-6-6-5-8-4-4-6-6-6-8	4-5-5-6-6-8-4-6-4-4-6-8	8-6-4-6-6-7-6-8-8-6-7-6	6-7-7-6-6-6-4-6-6-5-6-4	6-4-6-2-7-6-6-6-7-7-6-6	8-8-6-4-7-8-6-6-7-7-3-7	8-5-3-7-7-7-5-8-7-4-6-7	5-6-0-6-6-4-8-6-7-4-6-7	7-4-3-7-6-1-3-6-1-6-6-6	7-7-7-6-6-8-8-8-8-4-7-2	3-7-6-5-7-7-4-5-4-7-1-7	3-8-1-7-7-7-7-4-3-3-3-7
401	8	8-4-6-4-8-8-4-8-4-4-4-7	4-8-8-6-8-8-6-6-8-8-4-7	8-7-8-8-8-7-7-7-7-8-8-8	8-8-8-8-8-8-4-8-7-8-8-4	6-4-8-8-8-8-7-8-8-8-4-6	7-8-8-7-8-8-8-8-8-8-8-7	7-8-8-7-7-8-8-8-8-8-8-8	8-8-8-7-8-7-7-6-2-8-6-4	6-8-8-7-6-8-8-6-8-8-6-8	7-8-8-8-8-7-8-7-7-8-8-8	8-1-8-8-1-7-4-4-1-7-8-8	4-7-4-1-4-8-8-4-4-8-7-1
402	0	0-0-0-0-0-0-0-0-0-0-0-0	0-0-0-0-0-0-0-0-0-0-0-0	0-0-0-0-0-0-0-0-0-0-0-0	0-0-0-0-0-0-0-0-0-0-0-0	0-0-0-0-0-0-0-0-0-0-0-0	0-0-0-0-0-0-0-0-0-0-0-0	0-0-0-0-0-0-0-0-0-0-0-0	0-0-0-0-0-0-0-0-0-0-0-0	0-0-0-0-0-0-0-0-0-0-0-0	0-0-0-0-0-0-0-0-0-0-0-0	0-0-0-0-0-0-0-0-0-0-0-0	0-0-0-0-0-0-0-0-0-0-0-0
402	1	1-1-1-1-1-1-1-1-1-1-1-1	0-2-2-0-1-1-0-2-0-1-0-0	1-0-0-1-0-0-2-0-0-0-2-0	0-0-0-0-0-0-2-0-2-2-2-0	1-0-0-0-1-2-2-0-1-2-2-0	0-0-0-0-0-0-2-0-2-1-2-0	1-2-1-0-0-1-0-0-1-1-0-0	1-0-0-0-1-0-2-0-0-1-0-0	1-0-0-0-1-1-1-0-0-1-0-2	0-1-0-2-0-0-0-0-0-0-0-1	0-1-0-0-2-0-0-0-0-0-0-1	6-0-0-1-0-1-0-0-0-1-1-0
402	2	2-2-2-2-1-1-2-1-2-2-2-2	0-1-1-2-2-2-4-1-0-1-4-0	4-3-0-3-3-4-3-3-0-3-1-3	3-3-3-2-4-3-1-4-3-1-2-5	2-0-2-2-3-3-3-3-2-1-1-3	4-5-3-0-2-3-3-4-1-1-1-4	2-1-1-0-3-0-3-3-2-2-2-3	1-2-2-3-2-0-3-8-2-1-1-3	2-0-3-3-2-3-2-3-1-2-2-2	0-2-0-1-3-2-3-2-3-3-0-2	5-2-0-0-1-3-3-2-0-3-3-0	1-2-2-1-0-2-3-0-2-2-2-2
402	3	3-3-3-3-3-3-3-3-3-2-3-3	2-6-3-2-2-3-2-4-4-4-2-4	4-2-2-2-2-2-4-2-4-2-4-2	2-2-3-2-2-2-4-2-4-3-4-0	2-0-5-2-3-4-4-2-3-3-0-2	2-0-4-4-3-2-4-3-3-3-6-3	5-8-5-0-2-3-2-2-1-3-4-2	3-1-4-4-4-0-6-5-2-3-4-2	4-0-4-2-3-2-5-2-4-3-4-4	5-2-4-4-2-5-2-4-2-3-4-2	0-2-4-3-8-2-2-5-0-2-2-3	3-2-2-3-0-3-2-0-5-2-6-6
402	4	4-3-4-4-3-4-3-4-4-4-5-4	4-3-3-2-2-4-2-6-3-3-5-3	2-5-5-2-6-5-3-5-3-5-3-6	5-4-5-2-2-2-3-2-3-3-3-2	2-0-0-4-5-3-5-4-5-0-6-2	5-4-3-8-5-2-5-2-3-4-3-3	3-2-3-0-2-3-4-5-4-3-5-5	4-2-5-3-3-4-7-6-4-7-3-5	3-0-3-2-5-4-3-5-8-7-3-3	0-4-6-5-5-2-5-7-5-5-3-2	3-2-5-7-6-4-3-3-0-4-5-4	3-5-2-3-0-4-2-5-6-6-3-4
402	5	5-5-5-6-3-5-5-5-5-5-4-5	6-3-3-2-2-6-6-6-3-5-4-6	5-6-7-7-4-6-4-6-7-4-4-4	6-6-6-7-5-6-7-6-3-6-3-2	5-6-6-4-4-2-6-5-4-5-7-5	4-6-4-6-4-7-4-5-3-3-3-6	3-2-3-6-6-3-4-4-5-3-4-4	4-5-4-4-5-4-3-7-6-6-5-8	3-5-3-6-4-5-6-6-3-5-6-4	8-3-5-4-4-3-6-4-6-6-7-2	5-2-4-4-4-6-6-3-5-4-4-5	5-4-5-6-5-5-5-5-4-5-3-4
402	6	7-8-6-7-3-4-7-7-5-5-6-6	5-3-3-6-7-5-5-7-7-6-7-5	7-7-5-7-7-5-7-7-3-7-7-7	7-5-5-7-7-7-5-7-7-5-7-2	7-5-5-7-5-6-7-6-4-6-8-7	6-5-7-7-4-6-7-6-3-6-3-5	3-7-1-5-5-6-4-7-2-8-3-5	4-7-8-7-7-5-8-7-5-5-7-8	5-0-3-7-7-4-5-5-3-7-7-4	8-7-8-5-7-7-5-4-5-5-5-7	7-7-4-4-4-5-5-0-7-6-5-5	1-6-5-5-7-6-6-0-4-4-3-7
402	7	6-8-6-6-7-8-6-6-5-7-6-8	5-3-3-6-6-8-5-6-8-7-6-8	6-6-5-5-6-7-6-6-8-6-6-6	6-7-7-6-6-6-8-6-6-5-6-8	6-5-8-6-7-6-6-7-7-7-6-6	6-7-6-6-3-8-6-7-3-7-3-8	8-6-3-7-7-7-4-6-7-7-8-7	7-6-7-6-6-7-4-5-5-4-6-7	7-7-6-6-6-4-5-6-4-6-6-4	7-6-7-5-6-6-5-4-8-7-5-6	6-6-7-4-8-8-7-7-7-6-7-7	1-6-5-5-7-4-6-7-6-4-3-6
402	8	8-7-6-6-8-8-6-8-7-7-6-7	7-8-8-6-8-8-6-8-7-8-6-7	8-8-8-6-8-8-7-7-7-8-8-8	6-8-8-8-8-8-7-8-8-8-8-7	6-8-8-8-7-8-7-8-8-8-6-6	7-8-8-7-8-8-8-8-8-8-8-7	7-8-8-5-7-8-8-8-8-8-8-8	8-8-6-7-8-7-6-6-6-5-7-5	7-8-8-8-6-8-8-7-4-2-6-3	5-8-6-8-8-6-8-8-7-8-3-8	6-8-8-4-3-7-8-8-8-7-8-8	8-4-5-8-3-8-8-8-8-8-6-8
403	0	0-0-0-0-0-0-0-0-0-0-0-0	0-0-0-0-0-0-0-0-0-0-0-0	0-0-0-0-0-0-0-0-0-0-0-0	0-0-0-0-0-0-0-0-0-0-0-0	0-0-0-0-0-0-0-0-0-0-0-0	0-0-0-0-0-0-0-0-0-0-0-0	0-0-0-0-0-0-0-0-0-0-0-0	0-0-0-0-0-0-0-0-0-0-0-0	0-0-0-0-0-0-0-0-0-0-0-0	0-0-0-0-0-0-0-0-0-0-0-0	0-0-0-0-0-0-0-0-0-0-0-0	0-0-0-0-0-0-0-0-0-0-0-0
403	1	1-1-1-1-1-1-1-1-1-1-1-1	1-1-0-1-0-2-1-1-1-1-2-2	1-1-2-2-2-2-1-2-2-2-1-1	2-2-2-1-2-2-0-2-0-2-2-3	0-2-3-0-2-0-2-2-0-0-1-1	1-3-0-3-0-2-2-1-0-0-0-2	2-0-0-2-0-0-0-2-0-0-3-0	0-0-0-0-0-2-0-0-0-2-2-3	2-2-2-0-2-0-2-2-1-1-2-0	1-6-1-0-0-0-1-1-2-2-2-0	2-0-1-3-2-2-1-2-3-4-0-1	1-1-1-2-2-1-1-3-3-3-1-3
403	2	2-1-4-1-1-1-2-2-1-1-1-3	3-3-0-3-0-1-1-1-1-1-3-1	1-3-1-1-3-1-3-3-1-3-1-2	3-1-1-3-3-3-1-1-2-1-1-1	3-1-2-3-1-2-3-3-1-4-3-3	2-1-3-6-2-4-3-3-0-0-0-1	3-3-0-1-3-0-2-3-0-2-1-3	0-4-3-3-2-1-0-7-3-1-1-0	1-1-3-3-4-3-1-1-4-2-3-2	1-1-1-2-3-4-3-0-3-1-1-4	1-0-1-1-1-1-2-1-1-1-3-1	1-3-1-1-1-4-3-1-1-1-1-4
403	3	2-3-2-3-4-3-3-3-1-1-3-4	2-4-4-2-3-1-2-4-1-1-2-4	1-2-1-2-2-2-4-2-2-4-4-4	2-2-4-2-2-2-4-2-4-4-4-1	2-1-2-2-2-2-4-2-4-2-2-2	2-1-4-2-3-2-4-2-4-3-4-2	2-2-3-1-2-3-4-2-0-3-1-4	0-2-2-2-2-1-4-3-2-4-1-1	1-1-4-2-3-2-4-4-0-3-2-3	2-1-5-4-4-6-2-4-2-1-4-3	1-4-8-6-3-1-2-1-1-1-2-3	1-2-1-4-1-2-2-1-1-1-5-1
403	4	4-3-2-5-3-3-4-4-4-4-4-3	4-3-3-2-0-1-5-3-1-3-5-3	4-5-7-2-4-5-5-5-2-3-3-4	4-4-3-4-2-5-3-5-3-3-3-5	2-8-2-2-6-3-3-4-3-2-2-1	5-1-3-5-3-2-3-3-3-3-3-2	8-3-3-8-4-3-3-5-0-0-8-3	0-2-2-2-2-5-3-0-5-3-4-7	6-6-3-2-2-4-6-6-8-4-2-3	6-8-4-8-3-2-3-3-5-7-5-2	6-3-5-3-3-6-6-6-6-1-2-2	4-3-4-6-6-2-2-6-4-5-1-2
403	5	6-5-6-6-6-6-6-6-6-8-6-8	6-6-5-4-6-6-4-6-5-6-6-6	5-4-5-6-6-6-6-7-7-6-6-6	6-5-6-7-6-6-6-7-6-6-6-4	7-4-6-7-6-5-6-6-6-6-7-5	8-6-6-5-6-8-6-5-6-5-3-5	8-6-5-5-6-6-6-6-6-7-5-5	6-2-2-5-2-6-7-6-4-6-4-6	5-4-5-2-7-6-4-4-6-5-2-3	5-5-6-5-3-5-6-3-6-4-4-6	8-7-5-5-8-8-7-4-4-8-6-6	4-5-7-8-4-7-7-7-5-6-5-8
403	6	7-5-8-8-5-5-5-5-5-5-5-5	5-5-5-7-5-5-8-7-7-5-7-7	4-7-7-5-5-5-7-5-5-5-5-5	7-4-5-5-7-7-5-6-5-5-5-6	2-4-7-5-5-7-7-7-5-5-5-7	7-8-5-2-5-5-7-7-5-5-0-7	7-6-5-6-5-5-5-7-5-5-7-5	5-6-2-7-6-5-8-8-6-5-7-5	4-4-5-7-8-5-4-4-5-5-7-5	5-7-5-5-7-7-5-3-5-4-4-5	4-5-3-3-5-4-4-4-4-1-5-6	4-6-6-4-4-5-6-4-7-7-7-5
403	7	6-8-6-6-5-5-5-5-5-5-5-5	5-5-5-6-5-5-6-6-6-5-6-6	5-6-4-5-6-7-6-5-5-5-7-6	6-7-7-5-6-6-8-5-5-5-6-5	5-5-6-5-7-6-8-6-7-5-5-6	6-5-6-8-7-5-6-6-7-7-0-7	6-6-5-7-8-7-7-6-7-5-6-7	5-6-2-6-6-5-5-6-6-5-6-4	7-4-7-6-5-5-7-4-4-5-6-0	8-6-7-5-6-6-5-3-8-4-6-5	6-5-5-3-5-5-5-4-6-5-5-7	5-8-5-7-6-5-5-5-6-6-6-5
403	8	8-7-6-6-5-5-5-8-5-5-5-5	5-5-8-6-8-5-6-6-8-8-6-6	8-7-8-5-8-5-7-5-7-8-5-8	7-8-7-8-8-8-7-8-8-8-8-4	6-4-8-8-8-8-7-8-8-5-5-8	5-8-7-7-8-5-8-5-8-8-8-8	5-8-8-4-5-8-8-6-8-8-4-5	8-8-2-7-8-7-6-6-7-5-5-5	6-8-8-7-6-8-4-6-4-5-6-0	7-4-8-4-8-7-2-3-7-8-5-8	5-5-3-3-5-5-5-4-5-5-8-8	7-7-8-5-6-8-8-5-8-8-6-5
404	0	0-0-0-0-0-0-0-0-0-0-0-0	0-0-0-0-0-0-0-0-0-0-0-0	0-0-0-0-0-0-0-0-0-0-0-0	0-0-0-0-0-0-0-0-0-0-0-0	0-0-0-0-0-0-0-0-0-0-0-0	0-0-0-0-0-0-0-0-0-0-0-0	0-0-0-0-0-0-0-0-0-0-0-0	0-0-0-0-0-0-0-0-0-0-0-0	0-0-0-0-0-0-0-0-0-0-0-0	0-0-0-0-0-0-0-0-0-0-0-0	0-0-0-0-0-0-0-0-0-0-0-0	0-0-0-0-0-0-0-0-0-0-0-0
404	1	1-1-1-1-1-1-1-1-1-1-1-1	0-0-0-1-0-1-0-2-0-1-3-0	0-3-0-3-2-2-2-0-0-3-2-2	2-0-0-2-3-2-0-1-1-3-1-0	1-0-1-0-0-1-2-2-1-0-0-2	1-3-2-0-0-3-2-1-1-1-3-3	2-1-1-0-2-1-0-2-3-1-2-2	1-1-1-2-2-1-2-3-1-0-0-0	1-0-2-2-3-2-0-2-0-1-1-1	1-3-1-2-2-1-2-1-2-0-0-1	1-1-0-1-0-1-0-1-1-2-2-0	1-1-1-1-1-1-2-0-1-1-1-1
404	2	2-2-2-2-2-2-2-2-2-2-2-3	1-3-3-1-0-2-0-3-2-2-1-3	1-1-4-1-1-1-3-4-4-1-3-1	1-2-2-1-1-1-4-1-3-4-3-0	2-0-1-0-3-1-3-1-2-2-4-1	1-1-3-0-2-1-3-2-3-2-4-4	1-4-2-2-1-2-3-1-2-4-1-3	2-3-1-3-1-3-4-2-1-2-0-0	2-0-1-1-4-1-3-1-4-2-3-2	1-1-2-1-1-4-3-2-1-3-0-1	0-1-6-3-5-3-0-0-3-1-1-0	2-1-1-3-2-1-1-0-1-3-4-1
404	3	2-2-2-3-2-2-3-2-3-3-3-2	3-2-2-1-4-2-3-2-4-4-4-4	5-4-5-1-3-3-2-5-2-1-2-3	4-3-4-5-1-1-4-1-2-1-2-4	1-4-4-4-4-2-4-3-2-2-3-6	1-1-2-3-4-6-2-1-2-2-2-1	4-1-1-4-4-3-2-0-1-2-3-2	2-2-4-2-2-4-2-1-1-3-4-5	4-6-4-1-1-4-4-6-2-3-2-4	4-1-3-0-2-2-2-2-4-4-4-1	4-1-3-2-2-4-4-4-4-1-3-4	3-1-1-2-4-4-1-4-3-5-2-1
404	4	5-2-4-6-2-4-4-4-4-4-5-5	4-2-2-4-4-3-5-5-3-3-6-3	1-5-2-5-5-6-5-5-2-5-5-5	5-3-3-4-5-5-3-1-5-2-5-3	5-3-3-3-3-5-5-5-3-4-5-5	5-3-5-4-3-3-5-5-2-2-2-2	5-5-4-3-6-1-2-5-4-2-5-5	2-5-3-5-5-3-6-5-4-3-5-3	3-0-3-5-6-3-3-5-2-3-5-3	3-5-2-2-5-2-5-2-3-3-3-5	3-4-3-2-6-3-3-3-3-5-4-3	3-5-4-4-3-3-5-3-5-0-5-4
404	5	4-6-4-6-4-6-6-6-6-5-5-6	6-2-2-4-5-5-4-4-5-3-6-6	3-4-3-4-4-3-4-6-2-4-5-4	4-5-5-3-4-4-6-4-4-4-4-6	4-3-1-3-6-4-6-4-5-5-4-4	4-6-4-6-2-3-4-4-2-2-2-6	6-4-5-3-5-5-5-6-5-2-4-4	5-5-4-4-4-3-5-4-4-4-4-3	5-5-3-4-5-5-3-4-6-3-4-4	3-4-5-6-4-1-4-2-6-5-4-4	4-4-3-5-2-6-3-3-3-4-4-4	2-4-6-5-5-2-4-3-4-3-4-4
404	6	6-5-4-4-6-5-5-6-5-5-4-5	5-6-6-4-6-6-4-6-5-6-5-5	6-6-6-4-6-6-6-5-6-6-5-6	5-6-6-6-6-6-5-6-5-6-6-5	4-3-6-6-5-6-5-6-6-6-5-6	6-6-6-5-6-3-6-6-6-6-6-5	5-6-6-6-4-6-6-6-6-4-4-5	6-6-4-5-6-4-4-1-4-4-5-6	0-6-6-4-4-6-6-3-5-2-4-2	3-3-6-6-1-1-6-2-5-6-3-6	3-1-2-6-4-6-3-3-3-6-6-6	6-5-5-2-2-6-6-3-3-6-4-4
405	0	0-0-0-0-0-0-0-0-0-0-0-0	0-0-0-0-0-0-0-0-0-0-0-0	0-0-0-0-0-0-0-0-0-0-0-0	0-0-0-0-0-0-0-0-0-0-0-0	0-0-0-0-0-0-0-0-0-0-0-0	0-0-0-0-0-0-0-0-0-0-0-0	0-0-0-0-0-0-0-0-0-0-0-0	0-0-0-0-0-0-0-0-0-0-0-0	0-0-0-0-0-0-0-0-0-0-0-0	0-0-0-0-0-0-0-0-0-0-0-0	0-0-0-0-0-0-0-0-0-0-0-0	0-0-0-0-0-0-0-0-0-0-0-0
405	1	1-1-1-1-1-1-1-1-1-1-1-1	1-2-1-0-0-1-0-2-1-1-0-1	1-0-0-1-1-0-2-1-0-0-2-1	0-0-0-0-0-0-2-1-2-1-2-0	0-0-0-0-0-1-2-0-1-0-0-0	4-2-2-0-0-0-2-0-1-1-4-0	4-2-2-0-0-1-0-1-1-1-0-1	1-1-0-0-1-0-1-2-0-1-0-0	4-0-0-0-5-1-4-2-1-0-0-2	0-1-4-0-0-0-0-1-0-0-0-1	4-0-0-0-0-0-0-0-0-1-2-1	6-1-0-7-0-1-0-0-0-1-1-1
405	2	2-2-2-2-1-1-2-2-2-2-2-3	3-1-1-2-2-1-3-1-0-3-4-3	0-3-0-5-3-3-3-3-1-2-1-3	3-0-2-2-3-3-1-5-3-2-3-0	3-0-3-3-3-3-3-3-1-0-3-3	3-4-3-3-2-4-3-3-1-1-1-3	3-1-1-0-3-0-2-3-2-4-2-3	2-4-4-3-2-3-3-4-2-1-0-0	2-0-3-4-4-3-0-4-1-2-4-1	0-3-1-1-3-2-3-1-3-3-3-2	1-2-0-4-7-2-1-2-4-2-3-2	0-2-2-1-4-2-3-0-2-2-2-2
405	3	3-4-2-3-3-3-3-3-3-3-3-2	2-4-5-2-2-3-2-4-4-3-2-2	3-2-5-3-2-2-4-5-5-2-4-2	2-4-4-2-2-2-3-2-5-4-2-0	2-0-2-2-2-2-4-2-3-3-2-2	2-2-4-2-5-2-2-2-6-3-6-3	6-7-4-3-2-3-7-2-4-5-0-2	3-2-4-4-2-4-2-5-2-1-0-4	6-0-2-2-3-2-6-4-5-3-2-3	0-2-1-4-2-2-6-6-2-4-2-2	6-2-0-3-2-2-0-4-4-2-2-3	0-2-2-7-0-2-7-0-2-2-5-5
405	4	3-3-4-6-3-4-4-5-4-5-4-5	4-3-3-2-2-3-4-6-5-4-5-5	5-5-6-2-4-5-3-5-5-2-3-3	5-4-5-5-2-5-5-2-3-3-2-4	3-7-3-4-5-4-5-4-4-7-6-7	1-2-3-5-5-2-3-2-3-3-1-5	5-3-3-5-2-5-3-3-4-2-5-2	1-2-2-3-2-5-3-2-5-4-5-5	5-5-5-2-2-5-5-3-3-4-2-3	5-5-1-3-5-2-3-1-5-5-5-2	5-2-4-3-5-5-5-5-5-2-2-4	4-2-4-5-5-4-2-6-1-5-3-2
405	5	6-3-5-7-5-6-5-4-5-4-4-4	5-3-3-2-2-3-7-4-4-4-6-4	6-6-4-7-6-6-6-6-6-6-6-6	4-4-4-4-6-6-4-2-6-6-6-4	6-4-5-4-4-5-6-5-4-5-6-6	6-6-6-4-4-5-6-6-1-3-3-5	4-6-6-4-7-4-3-6-5-3-6-6	5-6-7-6-6-4-7-6-4-4-6-4	4-4-4-6-7-4-4-6-3-6-6-3	4-4-1-6-4-6-3-3-2-4-4-6	4-6-6-3-4-4-4-4-4-2-5-4	4-6-4-4-4-6-3-4-6-4-6-6
405	6	5-7-5-5-6-7-5-4-7-6-4-7	6-3-3-5-5-7-5-4-7-4-5-5	5-5-4-5-5-5-5-5-7-5-5-5	6-6-6-5-5-5-7-5-5-6-5-4	5-4-7-4-6-6-7-6-6-6-4-5	5-7-5-7-6-5-5-5-3-6-3-6	7-5-5-6-6-6-5-5-6-3-5-5	6-6-5-5-5-6-7-5-6-4-5-4	6-4-4-5-5-6-3-5-3-5-5-6	4-5-1-3-5-5-3-3-7-4-4-5	4-5-4-3-7-7-4-6-6-7-6-4	7-7-6-6-4-6-6-4-5-4-5-5
405	7	7-6-5-5-7-7-5-7-6-4-4-6	6-7-7-5-7-7-5-7-6-7-5-5	7-7-7-5-5-6-6-6-6-7-7-7	6-7-7-7-7-7-6-7-7-7-5-4	5-4-7-7-6-7-6-7-7-7-5-4	6-7-7-6-7-7-7-7-7-7-3-7	6-7-7-7-5-7-3-7-7-7-7-7	7-7-5-6-5-6-6-5-2-4-5-7	4-4-7-2-5-7-4-4-7-5-5-5	5-4-7-7-7-6-7-6-6-7-4-7	4-7-4-7-6-6-4-4-4-6-7-7	6-6-4-1-6-7-3-4-7-7-5-7
406	0	0-0-0-0-0-0-0-0-0-0-0-0	0-0-0-0-0-0-0-0-0-0-0-0	0-0-0-0-0-0-0-0-0-0-0-0	0-0-0-0-0-0-0-0-0-0-0-0	0-0-0-0-0-0-0-0-0-0-0-0	0-0-0-0-0-0-0-0-0-0-0-0	0-0-0-0-0-0-0-0-0-0-0-0	0-0-0-0-0-0-0-0-0-0-0-0	0-0-0-0-0-0-0-0-0-0-0-0	0-0-0-0-0-0-0-0-0-0-0-0	0-0-0-0-0-0-0-0-0-0-0-0	0-0-0-0-0-0-0-0-0-0-0-0
406	1	1-2-1-2-1-1-1-1-1-1-1-1	1-1-1-1-0-2-0-2-1-1-2-2	1-2-1-2-2-2-2-2-2-2-3-2	2-0-2-2-2-2-2-2-2-2-3-2	2-2-4-2-0-1-2-2-2-4-5-1	2-3-2-0-0-2-1-2-2-1-1-2	2-2-2-1-2-0-1-2-0-1-1-1	1-1-2-2-6-0-2-3-1-0-3-1	1-4-2-2-5-4-1-2-2-1-1-7	1-5-1-3-2-1-2-1-0-0-2-5	1-8-2-1-3-1-2-1-6-2-2-1	3-2-1-2-1-1-0-2-3-5-1-2
406	2	2-1-1-1-1-1-1-1-1-1-1-1	1-1-1-1-1-1-3-1-1-3-1-1	1-4-5-1-1-1-1-1-1-1-1-3	4-3-3-3-4-4-1-4-1-1-1-3	1-1-1-3-3-3-3-3-1-1-4-3	1-4-1-2-2-4-3-1-1-1-0-4	1-1-1-0-3-4-1-3-0-1-3-3	1-4-3-3-3-0-1-7-2-0-1-4	2-0-1-1-5-0-2-3-1-2-5-1	1-1-0-2-1-1-4-1-3-0-1-4	3-1-1-1-2-1-1-1-0-1-1-1	2-1-3-1-3-3-3-1-2-2-2-1
406	3	3-3-2-3-5-3-3-3-3-1-2-2	1-3-3-1-4-1-2-4-1-2-2-2	1-2-1-1-2-1-4-3-1-5-4-2	2-4-4-2-2-2-4-1-4-1-4-2	1-0-1-2-2-4-4-2-3-1-6-2	1-5-4-2-3-2-4-7-3-3-4-2	1-1-3-3-2-3-3-4-3-3-4-4	3-2-2-4-2-0-5-1-4-4-1-0	3-1-4-2-3-1-4-2-4-3-2-4	1-4-0-4-4-4-5-3-4-4-1-2	2-1-4-3-1-3-2-0-5-4-2-3	1-2-2-1-4-2-2-1-1-4-1-3
406	4	4-5-5-4-3-4-4-4-3-4-2-2	2-5-5-1-3-4-2-3-5-2-2-5	1-2-1-1-1-1-5-6-1-1-5-5	2-3-5-1-2-2-8-2-5-6-3-2	2-0-1-5-2-3-5-4-5-1-2-2	5-2-3-2-4-2-5-3-4-4-3-2	1-1-6-3-5-3-6-3-5-4-3-3	5-2-2-3-2-0-8-2-3-3-1-2	3-1-3-2-4-1-3-5-3-3-2-3	5-3-7-5-3-3-2-3-3-3-1-2	4-3-3-3-5-2-4-5-5-3-1-4	1-5-0-4-3-1-2-1-1-3-1-6
406	5	6-4-4-5-3-4-5-6-5-6-5-7	5-4-4-1-7-4-6-2-6-4-4-6	6-6-6-7-5-6-4-6-6-3-4-4	6-6-4-6-2-2-6-6-4-6-4-6	1-7-6-4-6-3-6-5-4-1-1-2	4-6-3-5-5-2-4-2-4-4-4-6	6-1-3-5-4-6-4-3-4-5-6-6	4-2-2-3-2-6-3-2-7-6-5-8	5-6-6-2-1-0-6-4-4-5-2-1	5-1-4-4-4-3-3-3-8-5-1-1	2-1-1-0-4-5-5-4-7-1-1-5	5-5-5-6-5-1-4-5-5-1-3-4
406	6	7-8-8-7-3-6-8-5-6-8-6-6	6-4-4-7-7-4-5-7-7-6-8-8	5-7-5-8-7-5-7-5-7-7-7-7	7-5-5-7-7-7-5-7-4-4-7-5	7-5-5-4-5-6-7-6-5-6-7-7	7-5-7-6-4-5-7-7-4-6-3-6	7-6-4-5-5-5-4-7-0-7-7-5	4-7-2-7-7-5-3-2-5-5-7-0	5-5-5-7-7-0-5-4-3-7-7-3	8-8-5-5-7-6-7-3-5-5-7-7	1-1-7-3-5-5-5-7-1-1-5-7	6-6-7-7-5-1-6-0-7-6-7-4
406	7	6-8-6-6-7-8-8-6-6-7-6-8	7-4-4-6-6-8-6-6-6-7-6-8	8-6-5-6-6-7-6-8-8-6-7-6	6-7-7-6-6-6-7-6-6-3-6-8	6-5-6-6-7-6-6-6-7-7-6-6	8-7-6-6-7-8-6-6-7-7-3-7	6-1-4-7-8-7-4-6-7-6-6-6	7-6-2-6-6-8-4-2-5-5-6-7	7-7-4-6-6-0-7-7-4-6-6-1	7-7-4-6-6-3-6-8-8-7-6-6	1-1-6-6-8-7-7-6-5-7-1-6	5-8-6-6-7-7-7-0-6-6-6-4
406	8	8-7-6-6-8-8-7-8-7-6-6-7	7-4-8-6-8-8-6-8-6-8-6-7	8-8-8-6-8-8-7-7-7-8-8-8	6-8-8-8-8-8-4-8-4-8-8-5	6-5-5-8-8-8-7-8-8-8-6-6	7-8-8-8-8-7-8-8-8-8-8-8	7-8-8-7-7-8-8-8-8-8-7-6	8-8-8-8-8-7-4-7-7-7-6-5	7-8-8-8-6-8-8-7-8-1-6-1	7-6-8-8-8-1-8-7-5-8-6-8	6-1-8-3-7-5-7-6-8-7-8-7	7-7-5-8-5-8-8-5-8-8-6-8
407	0	0-0-0-0-0-0-0-0-0-0-0-0	0-0-0-0-0-0-0-0-0-0-0-0	0-0-0-0-0-0-0-0-0-0-0-0	0-0-0-0-0-0-0-0-0-0-0-0	0-0-0-0-0-0-0-0-0-0-0-0	0-0-0-0-0-0-0-0-0-0-0-0	0-0-0-0-0-0-0-0-0-0-0-0	0-0-0-0-0-0-0-0-0-0-0-0	0-0-0-0-0-0-0-0-0-0-0-0	0-0-0-0-0-0-0-0-0-0-0-0	0-0-0-0-0-0-0-0-0-0-0-0	0-0-0-0-0-0-0-0-0-0-0-0
407	1	1-1-1-3-1-1-1-1-1-1-1-2	2-2-1-1-3-2-2-2-2-1-0-2	1-2-1-2-2-2-2-2-3-2-2-2	2-0-2-2-1-0-2-2-1-2-1-2	2-3-1-4-4-1-2-1-1-2-2-1	2-2-2-2-1-2-1-2-2-1-4-2	1-2-1-1-2-0-0-2-1-3-0-1	1-1-1-1-1-2-1-5-1-1-2-3	1-1-2-1-2-6-2-1-2-1-1-2	1-1-2-2-1-5-2-2-1-4-2-1	4-7-4-2-1-7-1-1-1-1-2-2	2-1-1-1-1-1-2-1-1-1-4-1
407	2	1-1-1-1-1-1-1-1-1-1-1-1	1-1-1-2-1-1-3-1-1-1-3-1	1-3-3-1-1-1-3-1-1-1-1-1	3-0-1-1-3-3-1-1-1-1-2-1	4-1-1-1-0-2-3-3-1-1-1-2	1-1-1-1-2-4-3-1-1-1-0-4	3-1-1-0-3-2-1-3-1-2-3-3	1-2-4-3-3-1-7-4-2-1-1-0	0-0-3-3-4-1-1-3-1-2-4-1	3-3-1-1-3-2-1-1-3-1-3-4	0-4-1-1-1-1-0-0-0-2-1-1	1-3-1-1-1-0-3-1-2-2-2-4
407	3	1-4-1-1-1-3-1-3-1-1-1-1	1-4-4-2-1-1-2-4-1-1-2-1	1-2-6-1-4-1-4-5-1-2-4-4	2-3-4-1-2-2-5-2-4-5-4-1	1-1-2-2-0-4-4-2-3-1-1-2	1-2-4-1-3-2-4-3-3-3-3-2	2-1-4-3-2-3-4-2-3-1-2-2	3-2-0-2-2-1-5-1-2-1-1-1	3-0-2-2-3-1-1-2-1-3-2-3	2-2-1-6-2-2-2-5-2-1-2-3	3-5-3-5-0-1-0-3-0-2-1-1	1-2-1-4-3-6-2-0-0-5-5-5
407	4	6-3-7-6-1-5-1-5-5-5-1-1	5-3-3-2-1-1-6-6-5-4-5-5	7-5-5-4-3-5-3-5-5-6-3-3	5-5-5-5-2-2-7-2-3-3-3-6	2-6-2-6-5-3-5-4-5-4-1-7	1-1-3-6-5-2-3-4-5-1-1-2	5-2-3-5-5-4-3-4-4-4-5-5	5-2-5-2-2-5-3-2-5-5-5-5	5-5-5-2-2-5-5-5-1-4-2-5	5-5-1-3-5-2-5-3-5-5-5-2	5-2-5-1-5-5-5-5-5-5-4-4	5-2-5-5-5-5-3-5-5-5-1-3
407	5	6-4-6-6-5-4-5-6-4-4-6-5	4-3-3-7-1-1-7-4-4-1-4-4	2-4-4-6-6-6-6-4-7-6-6-6	6-4-4-6-6-6-3-6-6-3-6-4	6-4-6-6-4-6-6-6-4-5-6-6	6-4-6-5-4-4-6-5-4-5-3-5	6-6-3-4-4-5-3-6-5-5-6-4	3-6-4-6-6-4-3-6-4-4-6-4	4-4-4-6-6-4-4-6-1-6-6-4	4-4-1-1-6-6-4-3-4-4-4-6	4-3-4-3-4-4-4-4-4-4-1-1	4-4-4-4-4-4-5-4-4-4-6-3
407	6	5-7-5-5-6-4-6-5-7-6-5-7	4-3-3-5-1-1-5-4-4-6-4-7	7-5-5-5-5-6-5-7-5-6-5-5	5-6-6-5-5-5-7-5-5-3-5-4	5-4-5-5-6-5-5-5-6-6-5-2	7-6-5-7-4-7-5-5-6-6-3-6	5-5-5-6-6-6-6-5-6-5-5-5	4-5-4-5-5-7-3-5-6-4-5-4	6-4-4-6-5-1-6-5-1-5-5-1	6-5-6-3-5-5-1-3-7-1-4-5	4-6-5-3-7-4-4-4-4-6-1-6	1-7-6-6-4-4-5-4-5-4-5-5
407	7	7-6-7-4-7-7-6-7-6-6-6-6	4-7-7-5-7-7-5-7-7-7-6-6	7-7-7-6-7-6-6-6-5-7-7-7	5-7-7-7-7-7-4-7-6-7-7-4	5-4-7-7-7-7-6-7-7-7-5-4	6-7-5-6-7-6-7-7-7-7-7-7	6-7-7-7-6-7-7-7-7-5-6-5	7-3-7-6-7-6-2-5-6-4-6-4	6-7-7-6-5-7-7-6-7-1-5-5	5-4-7-7-2-6-7-6-7-1-4-7	4-1-4-1-6-1-4-4-4-6-7-7	1-6-6-1-4-7-7-4-7-7-2-1
408	0	0-0-0-0-0-0-0-0-0-0-0-0	0-0-0-0-0-0-0-0-0-0-0-0	0-0-0-0-0-0-0-0-0-0-0-0	0-0-0-0-0-0-0-0-0-0-0-0	0-0-0-0-0-0-0-0-0-0-0-0	0-0-0-0-0-0-0-0-0-0-0-0	0-0-0-0-0-0-0-0-0-0-0-0	0-0-0-0-0-0-0-0-0-0-0-0	0-0-0-0-0-0-0-0-0-0-0-0	0-0-0-0-0-0-0-0-0-0-0-0	0-0-0-0-0-0-0-0-0-0-0-0	0-0-0-0-0-0-0-0-0-0-0-0
408	1	1-1-1-1-1-0-1-1-1-1-1-1	1-0-0-1-0-0-0-2-0-1-2-0	2-1-0-1-2-2-2-0-0-2-2-2	2-0-0-3-2-2-0-1-1-1-1-0	1-0-1-2-2-1-2-2-1-1-0-2	2-3-2-0-1-2-1-3-1-1-0-1	3-3-1-0-2-0-1-2-1-1-0-2	1-3-3-2-3-0-1-3-1-1-0-0	0-0-2-3-3-0-0-2-0-1-1-1	0-2-0-0-2-3-0-1-2-2-0-1	0-1-0-1-0-0-0-0-0-2-1-1	0-2-1-0-0-1-3-0-1-0-1-1
408	2	2-2-2-2-2-2-2-2-2-1-2-2	1-3-2-1-2-3-0-3-0-2-1-3	3-1-4-1-1-1-3-3-0-1-3-3	1-2-2-1-1-1-0-1-3-4-1-0	1-0-4-1-1-3-3-1-2-2-1-1	3-4-4-0-2-1-3-1-2-2-5-1	5-1-2-3-1-2-3-1-2-2-0-1	2-2-1-1-1-3-4-2-3-0-0-2	2-0-1-1-2-1-0-1-4-2-2-2	0-1-2-3-1-4-3-3-1-3-0-1	0-1-6-2-6-0-0-0-3-1-1-2	0-1-1-3-0-5-1-0-0-0-4-2
408	3	3-2-2-4-2-2-3-2-4-3-2-2	3-2-2-3-4-4-3-2-4-3-4-4	5-4-4-1-3-1-2-2-4-2-2-2	4-3-4-4-1-4-4-1-2-2-2-0	1-4-2-3-4-2-4-3-3-3-5-6	2-1-1-3-4-6-2-1-2-2-4-1	4-1-2-4-5-3-2-0-2-1-4-2	4-1-4-1-1-2-4-1-2-3-3-4	4-4-4-1-1-3-4-4-2-3-1-2	4-4-3-2-1-1-2-2-4-4-4-1	4-1-5-1-0-4-4-4-4-1-3-3	5-1-3-2-4-4-1-4-4-5-2-1
408	4	5-2-4-6-2-3-4-4-4-5-5-6	3-2-2-6-4-3-3-5-3-3-5-5	3-5-3-6-5-4-5-5-6-5-2-4	5-3-3-5-5-5-3-1-5-2-5-0	5-3-2-5-3-5-5-5-4-4-3-5	5-2-5-4-3-3-5-5-4-4-2-4	3-5-2-3-3-3-4-5-2-4-5-5	3-5-3-4-5-3-2-5-5-3-5-3	3-3-5-5-6-3-3-5-2-2-5-2	3-3-2-5-5-2-0-2-3-3-3-5	3-4-3-2-3-3-3-3-3-5-4-4	3-5-3-5-3-3-5-3-3-3-2-1
408	5	4-6-4-4-4-6-6-6-5-5-5-6	6-2-2-4-4-5-3-4-6-3-4-6	3-4-3-4-4-4-4-4-3-4-5-4	4-5-5-4-4-4-6-4-4-4-4-6	4-3-5-4-5-4-6-4-5-5-3-4	4-6-4-6-3-5-4-4-5-5-2-6	6-1-5-3-3-3-3-4-5-4-4-4	5-4-4-4-4-5-5-4-4-5-4-3	5-5-4-4-5-4-3-4-6-5-4-3	4-4-5-6-4-1-0-4-6-4-6-4	4-5-3-5-5-3-3-3-2-4-5-4	3-4-6-5-4-2-4-3-3-3-4-1
408	6	6-5-4-4-6-5-5-6-5-4-4-5	5-6-6-4-6-6-3-6-5-6-5-5	6-6-6-4-6-4-6-5-6-6-5-6	5-6-6-6-6-6-5-6-6-6-4-5	4-6-6-6-5-6-5-6-6-6-4-6	6-6-6-6-6-6-5-6-6-6-2-5	5-6-6-6-6-6-6-6-6-4-6-6	6-6-6-5-4-5-6-1-4-5-5-3	3-6-6-6-4-6-3-3-6-6-4-2	4-3-6-5-6-2-6-5-5-6-5-6	3-6-3-5-2-4-3-3-3-6-6-6	6-5-5-2-3-6-6-3-3-6-4-4
409	0	0-0-0-0-0-0-0-0-0-0-0-0	0-0-0-0-0-0-0-0-0-0-0-0	0-0-0-0-0-0-0-0-0-0-0-0	0-0-0-0-0-0-0-0-0-0-0-0	0-0-0-0-0-0-0-0-0-0-0-0	0-0-0-0-0-0-0-0-0-0-0-0	0-0-0-0-0-0-0-0-0-0-0-0	0-0-0-0-0-0-0-0-0-0-0-0	0-0-0-0-0-0-0-0-0-0-0-0	0-0-0-0-0-0-0-0-0-0-0-0	0-0-0-0-0-0-0-0-0-0-0-0	0-0-0-0-0-0-0-0-0-0-0-0
409	1	1-1-1-1-2-1-1-1-1-1-1-1	1-1-0-1-0-2-1-2-1-1-2-2	2-1-1-2-2-2-2-2-2-1-2-1	2-2-2-1-2-2-2-2-0-2-2-1	1-3-3-2-2-0-2-2-0-2-3-1	3-4-1-3-0-2-0-0-0-0-0-2	2-0-0-2-0-0-0-2-0-1-3-0	0-3-3-0-1-2-0-2-2-2-2-0	2-2-2-0-3-3-2-2-3-1-1-2	2-3-1-2-0-2-2-1-2-2-3-0	3-4-4-1-4-1-3-2-3-3-2-2	2-4-1-2-2-1-1-2-1-2-1-1
409	2	1-1-1-1-2-1-1-2-1-1-1-2	2-1-0-3-0-1-1-1-1-1-1-1	1-3-1-3-3-1-3-1-3-3-1-3	3-3-1-3-3-3-1-1-2-1-3-1	2-1-1-6-1-2-3-3-1-1-2-1	2-1-3-2-2-1-3-2-0-2-0-1	1-3-0-1-3-2-2-1-0-2-2-3	1-2-6-3-2-1-0-7-1-1-1-0	1-1-3-2-4-2-1-1-1-2-3-3	1-1-1-1-3-4-3-0-3-1-1-2	1-0-1-4-1-2-2-1-1-2-3-1	1-3-1-1-1-2-3-1-2-1-7-4
409	3	1-4-1-1-2-3-3-4-1-3-2-4	2-4-4-2-3-3-2-4-4-1-2-4	1-2-2-2-2-1-4-5-2-2-4-2	2-2-4-2-2-2-3-1-4-5-4-1	2-1-1-3-3-2-4-2-4-4-2-1	1-3-4-1-3-1-4-3-6-3-0-2	1-2-3-1-2-3-5-2-3-4-4-2	0-1-1-2-2-1-5-4-1-4-1-3	0-1-2-2-1-1-1-1-1-3-2-2	1-1-0-0-2-2-2-4-2-3-1-2	1-3-1-3-1-2-1-1-1-1-2-3	1-2-2-1-1-2-2-1-1-1-5-5
409	4	4-3-1-7-4-3-4-3-4-4-4-3	4-3-3-2-5-3-5-3-3-1-5-5	4-5-5-2-4-1-3-6-5-5-3-4	5-4-5-5-2-2-6-1-3-3-3-7	2-6-1-4-5-3-3-4-5-7-4-1	2-1-3-4-5-5-3-3-3-0-0-5	2-2-1-4-5-1-5-5-3-3-3-3	5-2-5-3-2-5-2-3-5-5-5-5	5-5-5-2-2-4-5-5-5-4-3-1	5-5-0-7-5-2-1-3-5-5-5-2	5-1-4-2-5-5-5-5-5-1-5-4	1-2-4-1-5-5-2-5-5-3-1-2
409	5	6-5-6-5-6-6-6-6-7-7-6-6	6-3-3-6-6-6-6-5-7-6-6-4	5-4-4-6-6-6-6-3-6-6-5-5	6-4-4-6-6-6-3-6-6-3-6-4	6-4-6-6-4-6-6-6-4-5-6-6	5-5-6-4-4-4-6-2-3-5-0-6	1-6-3-7-7-5-3-4-5-3-6-6	4-6-4-6-6-4-3-6-7-4-4-4	4-4-4-6-6-4-4-6-4-5-6-1	4-6-5-4-6-6-6-3-4-4-4-6	4-6-6-7-4-4-4-4-4-2-5-7	3-5-5-6-4-4-2-4-6-4-6-3
409	6	5-7-5-5-5-7-5-5-5-5-5-5	4-3-5-5-5-5-5-5-5-5-5-5	4-5-5-5-5-6-5-5-5-5-6-5	5-6-6-5-5-5-7-5-5-3-5-4	5-4-5-5-6-5-5-5-6-6-5-5	5-1-5-5-4-4-5-2-6-6-0-5	1-5-0-6-6-6-5-5-6-3-5-5	6-5-2-5-5-7-3-5-7-4-5-4	6-4-6-5-5-3-6-5-0-5-5-2	6-5-6-1-5-2-5-3-4-6-5-5	5-6-5-1-7-7-4-5-5-6-6-6	1-7-5-6-5-6-2-4-5-3-5-2
409	7	7-6-5-5-7-6-5-7-5-5-5-5	5-7-7-4-7-5-5-7-5-7-5-7	7-7-7-5-7-5-5-7-6-7-5-7	7-7-7-7-7-7-6-7-7-7-7-4	5-5-7-7-7-7-6-7-7-7-5-7	7-7-6-5-7-1-7-7-7-7-7-7	4-7-7-6-5-7-7-5-7-7-5-5	7-7-2-5-7-6-5-5-6-1-5-4	5-7-6-5-2-7-7-5-7-4-5-0	6-4-7-4-7-2-3-6-7-7-4-7	5-7-0-7-6-6-4-4-4-3-7-7	1-6-7-7-4-7-7-4-7-7-5-7
410	0	0-0-0-0-0-0-0-0-0-0-0-0	0-0-0-0-0-0-0-0-0-0-0-0	0-0-0-0-0-0-0-0-0-0-0-0	0-0-0-0-0-0-0-0-0-0-0-0	0-0-0-0-0-0-0-0-0-0-0-0	0-0-0-0-0-0-0-0-0-0-0-0	0-0-0-0-0-0-0-0-0-0-0-0	0-0-0-0-0-0-0-0-0-0-0-0	0-0-0-0-0-0-0-0-0-0-0-0	0-0-0-0-0-0-0-0-0-0-0-0	0-0-0-0-0-0-0-0-0-0-0-0	0-0-0-0-0-0-0-0-0-0-0-0
410	1	1-0-1-1-1-1-1-1-1-1-1-1	1-0-0-2-0-2-0-2-0-1-2-0	0-3-0-0-2-0-2-0-0-2-0-2	2-0-2-0-2-2-0-2-1-0-2-0	2-3-0-0-0-1-2-2-0-1-0-2	2-3-2-0-0-3-2-2-1-1-0-3	2-1-1-0-2-0-0-2-3-1-2-2	1-1-1-2-2-0-3-0-2-0-0-0	2-0-2-2-3-1-0-3-2-1-1-2	0-2-1-0-2-1-2-1-2-0-0-1	5-1-0-0-0-1-0-3-0-2-2-1	0-1-1-2-2-3-2-0-0-2-1-1
410	2	2-2-2-2-2-2-2-2-2-2-2-2	1-4-3-1-0-3-0-3-3-2-1-1	3-1-0-2-1-4-3-4-3-1-3-3	1-0-3-1-1-1-0-1-3-4-3-0	1-2-4-0-3-3-3-1-3-2-0-1	1-1-4-0-2-1-3-1-3-2-4-1	4-1-2-0-1-2-4-1-2-2-1-3	2-3-1-1-1-3-4-4-1-5-0-0	1-0-1-1-4-4-2-1-1-2-1-1	0-1-2-3-1-2-1-2-1-3-2-2	3-4-0-3-6-1-0-2-3-1-3-2	2-1-1-1-1-5-1-0-0-1-2-1
410	3	3-2-3-3-2-2-2-2-3-3-3-2	3-2-2-4-0-2-3-2-2-2-4-4	5-4-5-0-2-4-2-3-2-4-2-2	4-3-4-4-1-4-4-1-2-2-2-4	1-4-2-4-4-2-4-4-2-2-3-2	1-1-2-0-4-4-2-1-2-2-1-1	3-2-2-4-4-3-2-4-1-2-1-2	2-2-1-2-1-4-2-3-1-4-4-4	3-0-4-1-1-0-4-4-5-4-1-1	4-1-2-2-2-1-0-2-1-4-4-1	4-1-4-2-4-4-5-4-4-3-2-3	3-1-3-2-4-1-1-4-4-5-1-1
410	4	4-2-6-4-2-2-4-5-4-4-4-4	3-2-2-5-4-5-5-6-5-2-3-5	6-5-3-5-5-5-5-2-5-3-5-5	3-3-3-3-5-5-3-5-5-2-5-3	5-3-2-5-3-4-5-5-2-4-3-5	4-5-5-4-3-3-5-5-2-2-2-5	2-5-2-4-3-4-2-5-2-2-5-5	3-5-4-5-5-3-6-5-6-3-5-3	0-0-5-4-5-2-3-5-3-3-5-2	3-5-4-3-5-5-5-2-3-3-3-4	3-2-3-2-3-3-3-3-3-5-4-3	3-5-4-5-5-5-5-3-3-3-5-2
410	5	4-6-4-6-5-6-6-4-5-5-4-6	6-2-2-4-5-4-3-3-6-5-6-6	3-4-3-4-4-4-4-6-4-3-5-4	4-3-5-4-4-4-6-4-4-2-4-6	4-3-2-4-5-4-4-4-3-5-0-4	4-4-4-6-5-3-4-4-5-5-2-4	6-4-2-5-6-5-2-4-5-2-4-4	5-4-1-4-4-5-2-4-5-2-4-3	5-5-5-5-4-0-5-4-3-5-4-2	5-4-5-2-4-4-4-4-6-3-5-1	2-5-3-6-6-6-3-4-4-5-2-5	6-6-6-5-5-5-4-3-4-3-4-1
410	6	6-5-6-5-6-5-5-6-5-4-4-5	5-6-6-4-6-6-3-6-6-6-5-5	6-6-6-5-6-6-6-5-6-6-5-6	5-6-6-6-6-6-5-6-5-6-6-5	4-3-6-6-6-6-5-6-6-6-0-4	5-6-6-5-6-3-6-6-6-6-6-5	5-6-6-6-4-6-6-6-6-6-4-6	6-6-6-5-6-6-4-4-5-6-4-3	0-6-6-6-4-6-6-3-6-3-4-6	4-3-6-6-6-4-6-5-5-6-3-6	3-6-6-5-2-5-3-3-6-6-6-6	6-5-5-2-4-6-6-6-6-6-4-6
411	0	0-0-0-0-0-0-0-0-0-0-0-0	0-0-0-0-0-0-0-0-0-0-0-0	0-0-0-0-0-0-0-0-0-0-0-0	0-0-0-0-0-0-0-0-0-0-0-0	0-0-0-0-0-0-0-0-0-0-0-0	0-0-0-0-0-0-0-0-0-0-0-0	0-0-0-0-0-0-0-0-0-0-0-0	0-0-0-0-0-0-0-0-0-0-0-0	0-0-0-0-0-0-0-0-0-0-0-0	0-0-0-0-0-0-0-0-0-0-0-0	0-0-0-0-0-0-0-0-0-0-0-0	0-0-0-0-0-0-0-0-0-0-0-0
411	1	1-1-1-1-1-1-1-1-1-1-1-1	0-0-0-1-1-1-0-2-0-1-2-0	5-2-0-2-2-2-2-2-0-2-0-1	2-0-0-1-5-2-0-1-1-1-1-1	1-0-1-2-0-1-2-2-1-0-0-2	1-1-2-0-0-2-2-1-1-1-1-2	1-1-1-0-2-0-0-2-1-1-1-2	1-1-1-2-5-1-3-7-1-0-0-0	1-0-2-2-7-1-0-2-0-1-1-1	0-1-0-2-2-1-2-1-2-0-0-1	2-1-0-0-7-0-0-1-0-1-1-0	1-1-1-1-0-1-2-0-1-1-1-1
411	2	2-2-2-2-2-2-2-2-2-2-2-2	1-3-2-1-2-1-0-1-2-2-1-3	1-1-1-1-1-1-1-3-3-3-3-1	1-3-2-2-1-1-2-1-3-3-3-2	2-0-1-1-2-1-1-1-3-2-0-3	1-2-4-0-2-1-3-1-2-2-6-1	1-1-2-3-1-2-6-1-2-2-1-1	2-7-6-4-2-3-6-3-1-2-2-3	6-3-1-1-4-1-6-3-5-2-2-2	0-1-3-3-1-1-1-2-1-3-0-1	3-1-2-2-6-3-0-0-3-1-1-3	6-1-1-3-3-1-1-3-1-1-5-1
411	3	4-3-4-3-4-4-4-5-4-4-3-4	4-2-2-1-5-3-4-3-4-4-4-5	3-4-4-4-3-4-4-3-4-2-4-3	4-4-4-4-2-4-4-3-2-2-2-4	3-4-7-3-4-2-4-4-2-3-3-2	4-4-2-4-5-7-2-1-2-2-2-4	4-3-3-5-4-3-4-4-2-3-3-2	3-3-4-2-3-4-4-2-4-5-4-4	3-4-3-4-5-4-2-4-2-3-2-2	3-1-2-2-3-2-3-3-4-5-4-1	4-1-4-2-4-4-5-5-4-3-2-2	4-2-3-2-5-4-2-4-3-3-4-3
411	4	3-6-3-3-3-3-3-4-3-3-3-3	3-5-2-3-3-3-3-5-3-3-3-3	3-3-3-3-1-3-5-3-3-3-5-3	3-3-3-3-1-3-3-1-5-6-5-3	1-3-5-1-3-5-5-3-5-3-3-1	3-3-2-3-3-3-5-6-2-4-2-4	5-5-4-3-3-4-5-3-4-4-5-6	4-1-3-2-4-3-3-5-3-5-3-3	4-3-5-1-2-3-3-3-2-4-1-4	3-1-4-5-2-1-5-3-3-3-3-1	3-5-3-3-3-3-3-3-3-4-5-5	3-4-3-7-3-3-2-3-3-3-3-3
411	5	6-4-5-6-3-3-3-3-7-3-5-5	3-4-4-6-3-3-3-6-3-3-3-3	1-6-3-6-6-7-6-4-4-6-4-6	6-3-5-6-6-6-4-6-4-4-6-5	6-3-6-6-3-4-6-6-4-5-5-6	5-6-6-3-3-3-4-6-4-5-2-6	4-4-4-3-4-3-4-6-5-3-6-7	4-6-3-6-6-3-7-6-7-4-6-3	4-3-4-6-6-1-3-6-2-4-6-6	5-5-2-4-6-1-4-2-7-3-5-1	3-5-3-3-3-3-3-3-3-5-4-4	3-5-6-5-3-3-2-3-1-1-2-1
411	6	5-7-3-3-6-7-7-5-3-3-3-7	6-4-4-5-5-3-3-5-5-3-3-7	7-5-3-5-5-6-5-7-7-6-5-5	5-6-6-5-5-5-6-5-5-4-5-3	5-3-5-5-6-5-5-5-6-6-5-5	7-5-5-6-3-1-5-4-6-6-2-5	4-1-4-6-7-6-2-5-6-3-5-4	6-5-2-5-5-7-7-5-7-3-5-3	6-3-7-6-5-1-2-5-2-6-5-5	6-6-6-5-5-1-5-7-7-3-3-1	3-6-0-2-7-7-3-3-3-6-5-6	4-7-5-6-6-6-6-3-1-1-6-2
411	7	7-6-5-5-7-7-6-7-5-3-3-6	6-7-7-5-7-7-6-7-6-7-5-6	7-7-7-6-7-7-6-6-6-7-7-7	5-7-7-7-7-7-6-7-6-7-7-3	5-3-7-7-6-7-6-7-7-7-5-5	6-5-7-6-7-3-7-7-7-7-7-7	6-7-7-7-6-7-7-7-7-7-6-5	7-7-7-6-7-6-5-5-6-6-3-3	5-3-6-6-1-7-7-6-7-3-5-3	3-7-7-7-7-1-7-6-5-7-3-7	3-1-7-2-6-6-3-3-3-3-7-6	3-5-7-4-3-7-7-3-7-7-6-7
412	0	0-0-0-0-0-0-0-0-0-0-0-0	0-0-0-0-0-0-0-0-0-0-0-0	0-0-0-0-0-0-0-0-0-0-0-0	0-0-0-0-0-0-0-0-0-0-0-0	0-0-0-0-0-0-0-0-0-0-0-0	0-0-0-0-0-0-0-0-0-0-0-0	0-0-0-0-0-0-0-0-0-0-0-0	0-0-0-0-0-0-0-0-0-0-0-0	0-0-0-0-0-0-0-0-0-0-0-0	0-0-0-0-0-0-0-0-0-0-0-0	0-0-0-0-0-0-0-0-0-0-0-0	0-0-0-0-0-0-0-0-0-0-0-0
412	1	1-1-1-1-1-1-1-1-1-1-1-1	0-0-0-1-0-1-0-2-0-1-1-2	0-3-0-5-4-1-1-0-0-2-0-1	2-0-0-1-4-2-0-1-1-1-1-0	1-0-0-0-0-1-2-2-1-0-0-4	2-0-2-0-0-3-2-4-1-1-3-2	2-2-1-0-2-0-2-2-3-1-2-2	1-1-1-2-3-1-2-3-1-0-0-0	1-0-2-2-3-1-0-3-0-1-1-1	0-3-0-2-2-1-2-1-2-0-0-1	3-1-0-1-2-1-0-0-0-1-1-0	0-1-1-0-0-1-2-0-1-1-1-1
412	2	2-3-2-2-2-2-2-2-2-2-2-3	1-3-2-1-2-3-0-3-3-2-1-3	4-2-1-1-1-3-3-1-0-1-3-1	1-2-3-1-1-1-5-2-3-2-3-0	2-0-5-3-3-3-3-1-2-2-3-1	1-6-3-0-2-1-3-2-2-2-6-2	5-1-2-0-1-2-3-1-2-4-1-1	2-3-3-3-1-3-5-5-1-4-0-0	4-0-1-1-4-2-3-1-4-2-3-1	0-1-2-3-1-1-5-2-1-3-0-1	6-1-2-3-1-0-0-6-3-1-1-2	0-1-1-3-0-4-1-0-6-3-5-1
412	3	3-2-3-3-2-2-3-3-4-3-4-2	3-2-2-1-2-2-3-2-4-3-4-5	6-4-4-0-3-5-4-4-4-4-2-3	4-4-3-4-1-4-3-1-2-2-2-4	2-4-2-3-5-2-4-4-2-2-2-3	1-1-2-3-3-5-2-1-3-2-2-1	3-1-2-4-4-3-2-4-1-1-4-1	5-2-5-2-1-4-2-1-1-5-3-3	4-0-6-1-1-6-5-1-3-3-2-2	4-1-3-2-4-1-2-1-4-5-4-1	5-1-4-2-7-5-3-5-7-1-2-3	5-1-3-2-5-5-1-4-1-6-2-1
412	4	4-4-4-4-4-4-4-4-3-3-3-4	3-5-5-1-5-5-3-3-3-3-3-3	2-3-3-1-1-3-5-3-3-6-5-3	3-3-3-3-1-3-5-1-5-6-5-3	1-3-2-3-4-5-5-3-5-2-5-1	5-5-2-4-3-3-5-1-4-4-2-4	3-5-5-3-3-4-5-5-4-2-3-4	4-4-1-5-4-3-5-5-3-2-3-3	2-0-3-1-2-3-3-3-5-3-1-4	3-1-4-5-3-1-5-4-3-3-3-1	3-5-3-4-3-4-3-3-3-1-3-4	3-1-3-3-3-2-6-3-3-2-2-2
412	5	7-4-5-5-4-5-5-5-5-5-5-5	5-4-4-6-4-4-3-5-6-6-6-6	5-6-3-6-6-6-6-5-6-6-4-6	6-3-6-5-6-6-4-6-4-2-6-3	6-3-2-6-3-6-6-6-4-2-4-6	6-6-6-5-3-3-6-6-4-2-2-6	2-4-4-5-3-0-4-4-4-2-6-5	3-5-3-6-6-6-2-6-7-3-6-3	7-0-3-6-6-3-3-6-4-5-6-1	3-3-2-4-6-1-2-3-3-3-3-1	3-4-3-5-2-3-3-3-3-6-5-5	3-5-1-6-6-3-4-3-1-3-2-2
412	6	5-7-5-7-4-7-7-7-7-5-5-7	7-4-4-5-7-7-3-5-7-5-5-7	3-5-3-5-5-5-5-7-5-5-6-5	5-6-6-5-5-5-7-5-5-4-5-7	5-3-2-5-6-5-7-6-6-2-5-5	5-5-5-7-6-3-5-5-6-6-2-6	7-4-4-6-7-6-2-7-6-6-5-5	6-5-3-5-5-5-6-5-6-3-5-3	5-6-3-6-5-3-3-5-4-6-5-2	6-6-6-2-5-1-5-7-7-6-6-1	2-6-4-6-6-3-3-3-6-5-6-6	4-7-7-5-6-2-4-3-1-3-2-1
412	7	7-6-5-6-7-6-6-7-6-6-5-6	6-7-7-5-7-7-5-7-6-7-5-6	7-7-7-6-7-7-7-6-7-7-6-7	6-7-7-7-7-7-6-7-6-7-7-6	5-3-7-7-7-7-6-7-7-7-5-5	6-7-7-6-7-3-7-7-7-7-7-6	6-7-7-7-6-7-7-7-7-7-4-7	7-6-7-6-7-5-6-5-5-3-5-3	5-7-7-6-1-7-3-5-7-2-5-2	5-3-7-7-3-1-7-6-6-7-3-7	3-1-3-6-3-3-3-3-3-7-7-7	7-6-3-4-5-7-7-3-7-7-2-7
413	0	0-0-0-0-0-0-0-0-0-0-0-0	0-0-0-0-0-0-0-0-0-0-0-0	0-0-0-0-0-0-0-0-0-0-0-0	0-0-0-0-0-0-0-0-0-0-0-0	0-0-0-0-0-0-0-0-0-0-0-0	0-0-0-0-0-0-0-0-0-0-0-0	0-0-0-0-0-0-0-0-0-0-0-0	0-0-0-0-0-0-0-0-0-0-0-0	0-0-0-0-0-0-0-0-0-0-0-0	0-0-0-0-0-0-0-0-0-0-0-0	0-0-0-0-0-0-0-0-0-0-0-0	0-0-0-0-0-0-0-0-0-0-0-0
413	1	1-1-1-1-1-1-1-1-1-1-1-1	0-0-0-1-1-1-0-2-0-1-1-0	0-0-0-1-2-0-2-0-0-3-2-1	3-0-0-3-3-3-0-1-1-0-1-0	1-0-1-0-0-1-2-2-1-0-3-2	2-4-2-0-0-2-2-1-1-1-1-3	2-1-1-0-2-0-1-2-1-1-1-2	1-1-1-2-1-1-2-3-1-0-0-0	1-0-0-2-4-3-2-2-0-1-1-3	0-2-0-0-2-1-2-1-2-2-0-4	1-1-1-0-3-1-0-1-1-1-2-1	2-1-3-0-0-1-3-0-1-1-1-1
413	2	2-2-2-2-2-2-2-2-2-2-2-1	0-2-2-1-2-2-0-1-3-2-0-3	3-1-0-2-1-1-3-1-3-1-3-1	1-1-3-1-1-1-0-1-3-2-3-0	1-0-6-5-1-3-3-1-2-2-0-1	1-6-3-0-2-1-3-2-2-2-3-2	1-1-2-6-1-2-2-1-2-2-1-1	2-1-1-3-2-4-1-4-1-2-0-1	5-0-1-1-3-1-2-1-0-2-1-3	0-1-2-3-1-1-3-2-3-1-0-1	3-1-2-2-1-1-0-4-1-1-1-3	3-1-1-3-0-1-1-0-1-3-2-1
413	3	3-3-3-3-2-3-3-3-3-2-3-3	3-4-4-1-3-4-0-3-4-2-4-2	2-3-0-1-1-4-4-4-2-1-4-4	1-4-4-1-1-1-5-1-4-4-2-0	1-0-6-4-1-2-4-3-4-1-1-1	1-1-2-3-3-1-4-1-3-3-2-1	2-4-3-0-4-3-4-4-3-2-6-1	2-1-4-2-1-3-7-1-1-3-0-3	3-0-0-1-3-6-3-1-7-3-2-3	3-1-3-2-2-1-4-3-2-3-8-1	3-1-8-3-4-1-0-3-4-1-1-2	2-1-1-3-0-3-1-5-1-2-2-1
413	4	4-3-4-5-3-3-4-5-4-4-3-5	4-3-3-1-3-5-5-4-5-2-6-5	7-4-7-1-1-7-5-5-5-1-3-3	4-6-3-5-1-1-3-4-3-4-4-4	2-7-8-3-6-2-3-4-3-7-4-4	5-7-2-0-4-8-3-1-3-3-0-1	7-3-3-4-3-0-3-3-3-4-8-1	2-1-7-2-1-7-3-3-6-4-4-4	3-7-4-1-1-3-6-5-3-4-4-4	4-4-4-7-1-1-3-3-6-6-4-1	6-1-4-3-3-4-4-7-4-4-4-4	4-6-4-4-4-4-4-4-1-1-4-1
413	5	7-8-7-4-7-7-7-4-6-6-6-6	6-3-3-7-6-6-7-6-6-6-7-6	6-6-6-8-6-6-4-6-6-6-7-6	6-4-6-7-6-6-6-7-6-6-6-4	7-6-7-7-4-5-6-5-6-7-8-5	7-5-6-8-4-4-6-5-3-2-5-6	5-5-5-4-8-5-5-6-6-7-5-6	5-6-4-5-5-4-6-7-5-4-5-5	2-5-8-6-7-3-5-5-6-7-5-6	5-5-5-6-7-5-6-5-4-4-5-6	5-8-6-5-4-4-4-4-5-5-6-6	4-5-5-5-7-5-4-6-5-5-5-8
413	6	5-5-5-5-5-5-5-5-5-5-5-5	5-3-3-5-5-5-7-5-5-5-5-5	5-7-5-5-7-5-7-5-5-5-5-5	7-4-5-5-5-7-5-5-5-5-5-4	5-5-3-6-4-5-7-7-5-5-7-7	5-7-7-6-4-4-7-7-3-2-3-7	5-5-5-5-5-6-5-7-5-2-7-5	5-7-4-7-5-4-8-7-4-4-7-5	2-4-4-7-3-3-4-7-5-5-7-5	5-7-5-5-7-5-7-3-4-4-4-5	4-5-5-5-7-5-4-4-7-7-5-5	4-7-6-7-4-4-4-4-2-5-6-2
413	7	5-8-5-5-5-8-5-5-5-5-5-8	5-3-7-5-7-5-6-5-5-5-5-8	4-6-5-5-6-4-6-5-6-5-7-5	6-7-5-5-6-6-8-5-5-5-6-8	5-4-6-5-4-5-6-6-7-5-6-6	5-4-6-8-7-4-6-6-7-7-2-6	8-5-7-7-7-7-7-6-7-5-6-5	7-6-4-6-5-4-3-5-1-3-5-7	7-7-5-6-5-5-7-6-3-5-6-5	5-6-7-4-6-5-6-5-8-4-7-1	7-7-4-7-6-4-4-4-6-6-4-7	4-6-8-6-7-5-5-4-1-7-5-5
413	8	8-7-6-5-8-7-5-8-5-5-5-7	5-8-8-5-8-8-5-5-8-8-5-7	8-8-8-5-8-5-8-5-5-8-7-8	7-8-8-8-8-8-7-8-5-8-8-4	5-5-8-8-8-8-7-8-8-8-5-6	5-8-6-7-8-4-8-8-8-8-8-6	5-8-8-8-5-8-5-7-8-8-4-5	8-8-8-8-8-8-6-6-7-4-4-8	7-7-5-8-1-8-4-6-3-5-6-3	6-8-8-8-1-1-8-3-7-8-3-8	5-5-3-7-6-4-5-4-8-5-8-8	8-7-7-4-7-8-8-4-8-8-6-5
414	0	0-0-0-0-0-0-0-0-0-0-0-0	0-0-0-0-0-0-0-0-0-0-0-0	0-0-0-0-0-0-0-0-0-0-0-0	0-0-0-0-0-0-0-0-0-0-0-0	0-0-0-0-0-0-0-0-0-0-0-0	0-0-0-0-0-0-0-0-0-0-0-0	0-0-0-0-0-0-0-0-0-0-0-0	0-0-0-0-0-0-0-0-0-0-0-0	0-0-0-0-0-0-0-0-0-0-0-0	0-0-0-0-0-0-0-0-0-0-0-0	0-0-0-0-0-0-0-0-0-0-0-0	0-0-0-0-0-0-0-0-0-0-0-0
414	1	1-1-1-1-1-1-1-1-1-1-1-1	1-0-1-3-1-1-0-2-0-1-0-2	2-3-0-2-2-2-0-2-0-2-0-1	2-0-3-2-2-2-0-5-1-1-1-0	1-0-1-0-2-2-2-2-1-1-0-2	2-0-2-0-0-2-2-2-1-1-1-3	2-1-1-0-2-0-0-2-1-1-0-2	1-1-1-2-2-1-1-7-1-0-0-0	1-0-2-2-7-2-0-2-1-1-4-1	0-2-1-2-2-1-2-1-2-0-0-1	0-1-0-1-2-1-0-1-0-2-1-1	0-1-1-1-0-2-2-0-1-1-1-1
414	2	2-2-2-2-2-2-2-2-2-2-2-2	1-3-2-1-2-2-0-1-1-2-1-1	1-3-0-1-1-1-1-3-5-3-0-1	1-3-2-1-1-1-2-1-1-3-3-0	2-0-3-0-1-1-1-1-3-2-0-1	1-6-4-2-2-1-3-1-2-2-5-2	1-1-2-3-1-2-4-1-2-2-5-1	2-2-1-4-1-3-6-3-2-0-0-0	3-0-1-1-4-1-7-1-3-2-1-2	0-1-2-3-1-1-1-2-1-3-0-1	3-1-2-2-1-3-0-3-3-1-1-2	6-1-1-3-0-1-1-1-1-1-2-1
414	3	5-3-4-4-4-4-4-3-4-3-4-3	4-2-2-1-4-4-5-3-4-4-4-4	3-4-5-4-3-5-4-5-4-2-3-3	4-3-4-4-4-4-4-4-2-2-2-3	5-7-4-5-4-2-4-4-2-3-4-4	3-4-1-4-5-5-2-1-2-2-2-4	4-1-3-5-4-3-6-4-3-3-4-7	4-3-5-2-3-4-4-4-3-3-4-5	5-5-4-4-1-3-5-4-4-4-1-3	3-5-7-2-4-1-4-3-5-4-4-1	2-1-4-2-5-2-5-5-4-3-1-3	4-1-3-2-4-5-4-6-5-4-3-1
414	4	3-4-3-3-3-3-3-3-3-3-3-3	3-5-5-1-3-3-3-5-3-3-3-3	6-3-3-3-1-3-5-6-3-5-5-5	3-3-3-3-3-3-3-3-5-6-5-3	1-3-3-3-3-5-5-3-5-3-3-3	3-3-2-3-3-1-5-6-4-4-0-3	3-1-4-3-3-4-2-3-4-2-3-6	3-4-3-2-4-3-3-3-1-4-3-3	4-3-5-3-2-3-3-3-3-3-1-4	3-1-4-5-5-1-3-4-3-3-3-1	3-5-3-5-7-7-3-3-3-3-5-3	3-1-3-3-3-3-6-3-3-3-4-4
414	5	3-3-3-7-4-3-3-3-3-5-3-5	3-4-4-1-3-3-3-6-3-3-3-3	3-5-3-5-6-3-6-3-6-6-4-6	6-3-5-6-6-6-7-1-6-4-6-3	3-3-3-6-3-4-6-6-4-7-3-6	1-3-6-5-3-3-6-1-4-2-2-5	4-4-4-3-4-5-2-4-3-5-6-5	3-6-3-6-6-3-7-6-6-4-6-3	3-3-4-6-6-3-3-4-4-4-6-4	3-3-3-4-6-1-4-3-3-3-3-1	3-4-3-4-3-3-3-3-3-6-4-3	3-6-6-6-6-3-4-3-3-6-6-1
414	6	7-7-3-5-6-3-7-3-3-6-3-7	3-4-4-1-3-3-3-5-3-5-5-7	7-5-3-5-5-6-5-7-7-5-6-5	5-6-6-5-5-5-5-3-5-4-5-7	5-3-3-5-6-5-7-5-6-6-3-5	7-4-5-5-6-3-5-4-6-4-2-6	7-1-2-6-6-6-6-3-6-4-5-4	4-5-5-5-5-3-7-5-5-4-5-6	6-3-6-5-5-3-6-6-4-4-5-4	6-5-6-4-5-1-3-2-7-4-6-1	3-5-3-4-7-7-3-3-4-5-4-6	4-5-7-6-5-6-4-3-2-5-6-1
414	7	7-6-3-5-7-7-5-7-3-6-3-6	3-7-7-1-7-3-3-7-6-7-6-6	7-7-7-6-7-6-6-6-6-7-7-7	6-7-7-7-7-7-5-7-5-7-7-6	5-3-7-7-6-7-6-7-7-7-1-3	6-7-7-6-7-3-7-7-7-7-7-7	6-7-7-7-6-7-7-7-7-5-7-3	7-7-7-6-7-6-6-5-5-3-3-5	6-3-7-6-1-7-7-6-7-4-6-3	3-3-7-7-7-1-7-3-6-7-3-7	3-7-4-3-4-4-3-3-3-6-7-3	7-6-6-3-3-7-7-3-7-7-5-1
415	0	0-0-0-0-0-0-0-0-0-0-0-0	0-0-0-0-0-0-0-0-0-0-0-0	0-0-0-0-0-0-0-0-0-0-0-0	0-0-0-0-0-0-0-0-0-0-0-0	0-0-0-0-0-0-0-0-0-0-0-0	0-0-0-0-0-0-0-0-0-0-0-0	0-0-0-0-0-0-0-0-0-0-0-0	0-0-0-0-0-0-0-0-0-0-0-0	0-0-0-0-0-0-0-0-0-0-0-0	0-0-0-0-0-0-0-0-0-0-0-0	0-0-0-0-0-0-0-0-0-0-0-0	0-0-0-0-0-0-0-0-0-0-0-0
415	1	1-1-1-2-1-1-1-2-1-1-2-2	2-2-1-1-2-2-1-2-1-1-2-2	1-0-3-2-2-2-2-2-3-1-3-2	2-1-2-2-1-2-2-2-1-2-1-1	2-2-1-2-4-1-2-1-1-1-2-1	4-2-2-2-2-2-2-2-2-1-4-2	1-2-1-1-0-1-0-2-1-2-1-4	4-1-2-1-1-2-1-2-1-1-0-1	1-1-2-1-2-2-2-1-2-2-1-2	2-1-1-2-0-1-2-2-0-1-2-1	1-7-4-1-2-1-1-1-1-1-2-1	2-1-1-1-1-1-1-2-4-1-1-1
415	2	1-1-1-2-1-1-1-1-1-1-1-1	1-1-1-3-1-1-2-1-1-1-1-1	1-4-1-1-6-1-1-1-1-3-1-3	3-3-1-4-3-3-1-1-1-1-2-1	1-1-3-1-3-3-3-3-1-1-1-3	1-1-3-1-1-1-3-1-1-1-0-2	3-4-1-1-3-2-2-3-1-1-6-3	1-4-4-3-4-1-2-4-2-1-6-0	2-0-3-4-4-1-1-3-1-1-4-1	1-4-1-1-3-4-1-1-3-1-1-4	1-2-1-1-1-1-0-0-1-3-3-2	1-3-2-0-1-1-4-1-0-0-2-2
415	3	1-1-1-1-3-3-1-3-1-1-1-4	1-4-3-2-2-1-2-2-1-1-1-1	1-2-1-2-2-4-4-1-1-2-4-2	2-3-4-2-2-2-1-1-4-6-4-1	3-0-2-2-2-2-4-2-4-3-1-2	2-3-4-1-3-2-4-3-1-3-6-3	2-2-1-0-2-3-4-2-1-5-2-2	3-2-4-2-2-1-4-1-2-4-0-2	6-0-2-2-3-1-6-2-1-3-2-4	1-2-3-4-2-2-4-3-2-1-4-2	6-3-1-1-1-1-0-6-6-2-2-3	6-2-2-4-1-1-2-1-6-4-3-2
415	4	6-3-4-4-4-1-1-1-1-4-4-3	4-3-3-5-2-1-5-4-3-1-6-5	6-5-6-2-4-3-3-1-3-2-3-4	5-4-5-2-2-2-4-5-3-3-5-7	1-7-4-2-6-3-3-4-3-4-4-4	1-1-3-1-4-2-3-1-3-3-1-5	2-2-1-7-4-3-3-5-4-1-5-1	1-2-2-3-2-4-3-2-2-4-5-6	5-4-3-2-2-1-5-7-3-4-2-5	5-2-6-5-3-2-3-1-5-3-5-2	7-1-1-5-5-5-6-7-5-2-5-4	1-2-2-3-5-1-2-6-7-6-3-2
415	5	6-5-6-5-6-6-6-6-6-6-6-5	6-3-6-4-6-6-6-5-6-6-6-6	5-6-6-5-5-6-5-5-6-6-5-5	6-4-7-6-6-6-6-6-6-5-6-5	6-4-6-6-4-6-6-6-4-5-6-6	5-5-6-7-4-7-6-6-6-5-3-6	6-6-5-7-7-5-3-6-5-7-7-6	1-6-4-6-6-7-3-6-3-7-6-5	4-7-5-6-7-6-4-4-3-6-6-4	4-6-5-4-6-6-6-5-4-6-4-6	4-1-4-7-6-5-5-4-7-6-4-7	7-6-5-6-6-4-6-4-6-5-7-6
415	6	5-7-5-5-5-5-5-5-5-5-5-5	5-3-5-4-5-5-5-5-5-5-5-5	4-5-5-5-2-5-5-5-5-5-6-5	5-4-6-5-5-5-5-5-5-3-5-7	5-4-5-5-6-5-7-5-6-3-5-5	7-6-5-7-4-5-5-5-5-6-3-5	5-5-1-4-7-5-3-5-6-6-2-5	6-5-4-5-5-1-3-5-2-6-5-4	6-6-6-5-5-5-3-4-4-6-5-5	5-5-4-5-5-5-5-5-7-5-6-5	4-6-1-7-5-6-4-3-4-5-3-6	5-5-7-6-5-5-5-4-5-4-3-5
415	7	7-5-5-5-5-6-5-7-5-5-5-6	5-7-7-4-7-5-5-7-5-7-5-5	7-7-7-5-7-5-5-5-5-7-5-7	6-7-7-7-7-7-6-7-7-7-7-4	5-4-7-7-7-7-6-7-7-7-6-5	6-7-5-6-7-5-7-5-7-7-7-7	6-7-7-4-5-7-7-7-7-7-5-5	7-5-7-6-5-5-2-2-2-5-5-5	5-4-7-6-5-7-7-4-7-6-5-5	5-4-7-7-7-5-5-5-6-7-6-7	4-1-3-5-4-6-4-4-5-7-7-7	5-6-6-5-5-7-7-4-4-7-5-5
416	0	0-0-0-0-0-0-0-0-0-0-0-0	0-0-0-0-0-0-0-0-0-0-0-0	0-0-0-0-0-0-0-0-0-0-0-0	0-0-0-0-0-0-0-0-0-0-0-0	0-0-0-0-0-0-0-0-0-0-0-0	0-0-0-0-0-0-0-0-0-0-0-0	0-0-0-0-0-0-0-0-0-0-0-0	0-0-0-0-0-0-0-0-0-0-0-0	0-0-0-0-0-0-0-0-0-0-0-0	0-0-0-0-0-0-0-0-0-0-0-0	0-0-0-0-0-0-0-0-0-0-0-0	0-0-0-0-0-0-0-0-0-0-0-0
416	1	1-1-1-1-1-1-1-1-1-1-1-1	1-1-0-1-0-0-0-1-0-1-0-0	0-1-0-4-1-2-0-2-0-3-0-2	2-0-1-3-3-2-0-3-1-0-1-0	1-0-1-0-2-1-2-2-1-1-1-1	3-0-2-0-1-2-2-1-1-1-0-2	3-3-1-0-2-0-1-2-1-1-0-2	1-3-1-2-3-0-1-6-1-1-0-0	0-0-2-3-3-0-0-3-0-1-3-1	2-3-0-0-2-3-2-1-2-1-0-3	0-1-1-0-0-1-0-0-0-1-2-1	0-2-1-1-0-2-2-0-1-1-1-3
416	2	2-3-1-3-2-2-2-2-2-2-2-3	1-3-3-1-2-3-1-3-3-2-1-3	6-3-3-2-1-1-3-1-3-1-3-3	1-2-3-1-1-1-0-1-3-3-1-1	1-0-3-2-1-1-3-1-3-0-4-1	0-0-1-0-2-1-3-2-3-2-5-1	1-1-1-2-1-2-3-1-2-2-3-1	2-0-1-1-2-3-4-2-2-0-0-2	0-0-1-1-2-0-2-1-2-2-1-2	1-1-2-3-3-1-1-2-1-2-2-1	2-1-2-2-0-0-0-2-3-1-1-1	4-1-2-6-2-1-1-0-1-2-2-1
416	3	3-2-3-5-3-3-2-2-3-3-3-2	3-2-2-3-5-2-4-5-2-3-4-4	4-4-4-3-3-1-2-4-2-1-2-3	4-4-4-4-1-1-4-1-2-2-1-3	1-6-2-4-4-2-4-1-4-2-4-1	1-4-1-3-4-6-2-2-2-2-0-1	1-1-3-4-4-0-2-4-4-5-2-3	4-1-4-1-1-2-2-1-3-3-4-4	4-3-4-1-1-4-4-1-5-3-1-4	4-4-3-2-4-1-3-2-4-4-4-1	4-1-3-4-4-4-4-4-6-1-4-3	5-1-4-2-4-3-1-3-1-4-1-1
416	4	3-6-6-4-4-2-6-5-4-4-3-3	3-2-2-4-3-5-3-4-5-3-6-3	3-5-5-5-5-6-5-5-6-5-3-5	5-3-3-5-5-5-3-4-5-2-5-3	5-3-4-3-3-4-5-4-3-1-5-5	5-3-5-4-3-1-5-5-2-4-2-2	4-4-1-4-3-4-2-6-3-2-5-4	3-5-3-5-5-3-2-5-5-3-5-3	3-3-3-5-5-3-3-5-3-3-5-3	3-5-4-5-5-3-0-2-3-3-3-1	3-5-3-3-3-3-3-3-5-5-3-4	2-5-3-5-3-3-4-3-2-3-5-1
416	5	3-6-5-3-5-6-6-4-6-5-5-6	5-4-2-4-3-4-3-3-4-5-6-6	3-4-4-4-4-2-4-4-6-5-5-4	4-5-5-4-4-4-5-4-4-2-4-3	4-3-4-3-5-4-4-4-5-5-6-4	4-5-4-4-3-1-4-4-5-5-2-5	4-1-0-4-3-5-4-0-5-3-4-4	5-4-3-4-4-6-2-4-4-3-4-5	5-3-5-4-4-3-3-4-3-3-4-3	5-4-5-4-4-1-0-6-6-3-3-1	4-4-3-6-4-3-3-3-4-5-5-5	3-6-3-4-5-3-5-3-1-3-4-1
416	6	6-5-6-3-6-6-4-6-5-3-4-5	5-6-6-4-6-6-4-6-5-6-4-5	6-6-6-4-6-4-5-5-5-6-6-6	4-6-6-6-6-6-5-6-6-6-6-3	4-3-6-6-6-6-5-6-6-6-5-6	6-6-6-6-6-3-6-6-6-6-6-6	2-6-6-6-4-6-6-6-6-6-5-4	6-6-6-5-6-5-5-1-4-4-3-5	5-6-6-5-4-6-3-3-6-6-4-1	5-3-6-6-6-5-6-5-3-6-3-6	3-6-6-3-3-3-3-3-3-5-6-6	6-5-3-2-3-6-6-3-6-6-4-6
417	0	0-0-0-0-0-0-0-0-0-0-0-0	0-0-0-0-0-0-0-0-0-0-0-0	0-0-0-0-0-0-0-0-0-0-0-0	0-0-0-0-0-0-0-0-0-0-0-0	0-0-0-0-0-0-0-0-0-0-0-0	0-0-0-0-0-0-0-0-0-0-0-0	0-0-0-0-0-0-0-0-0-0-0-0	0-0-0-0-0-0-0-0-0-0-0-0	0-0-0-0-0-0-0-0-0-0-0-0	0-0-0-0-0-0-0-0-0-0-0-0	0-0-0-0-0-0-0-0-0-0-0-0	0-0-0-0-0-0-0-0-0-0-0-0
417	1	1-1-1-1-1-1-1-1-1-1-1-1	1-0-1-1-0-0-0-2-0-1-1-0	0-2-0-0-3-2-2-0-0-3-0-1	2-0-0-0-2-3-0-3-1-0-1-0	1-0-1-0-3-2-2-2-1-0-7-3	3-4-2-0-0-3-2-3-1-1-4-4	4-2-1-0-2-1-1-0-1-1-4-2	0-1-4-2-2-0-1-1-1-1-0-0	4-0-2-2-0-3-0-2-0-1-2-1	4-4-1-0-2-3-2-1-2-0-0-1	4-4-0-1-0-1-0-0-0-1-1-1	0-2-1-4-0-0-1-0-4-0-1-4
417	2	2-2-2-2-2-2-2-2-2-2-2-2	1-4-2-1-3-2-1-2-2-1-1-3	4-1-4-1-1-1-3-3-4-4-3-4	1-0-3-1-1-1-3-2-1-2-3-2	2-0-2-0-1-1-3-1-2-2-0-1	1-2-3-0-0-0-3-1-2-2-2-1	3-1-2-4-1-2-2-3-2-2-7-1	2-1-1-3-1-4-5-3-2-2-0-2	3-0-1-1-2-1-0-1-4-2-1-2	4-1-2-3-1-1-1-2-3-4-0-1	2-1-7-5-2-3-0-4-0-1-1-2	0-1-0-3-3-3-1-0-1-3-2-5
417	3	2-3-3-3-4-3-3-3-3-3-3-4	1-4-3-1-2-4-0-4-2-3-4-4	4-3-4-3-1-1-4-2-4-1-4-4	1-4-4-1-1-1-5-1-4-5-4-0	1-0-5-4-1-1-4-3-4-4-0-1	1-1-2-0-3-1-4-1-3-3-3-1	2-1-4-4-1-3-4-2-3-2-1-4	2-4-1-2-1-4-4-4-3-2-0-3	3-0-1-1-3-1-2-4-6-5-1-1	2-1-3-4-2-1-4-3-2-3-4-1	3-2-3-2-4-2-0-4-4-1-3-3	4-1-1-1-2-2-1-2-0-2-5-1
417	4	4-3-4-3-3-3-4-2-3-4-5-3	4-3-3-4-5-3-4-3-5-5-5-3	6-5-6-1-4-6-3-4-5-2-3-3	5-6-5-5-1-5-5-4-3-3-3-7	3-0-1-5-5-4-5-4-3-6-5-7	1-5-2-4-5-5-3-1-3-3-1-1	1-1-3-5-5-3-3-3-1-4-1-3	2-3-1-2-1-5-7-3-5-5-5-5	5-4-5-5-4-4-5-5-3-4-1-4	5-1-4-3-5-1-3-3-5-5-5-1	5-1-4-2-3-5-6-2-5-1-5-4	5-4-4-5-5-5-4-5-1-6-3-1
417	5	5-3-5-5-5-3-5-5-5-5-5-5	5-3-3-5-6-4-6-6-4-4-6-7	5-6-4-6-6-5-6-6-6-6-6-5	6-4-4-4-6-6-4-6-6-3-6-4	7-7-3-4-4-6-6-6-5-5-6-6	6-7-6-5-4-4-6-6-3-2-3-6	6-5-3-4-4-5-3-7-3-5-6-6	2-6-6-6-6-4-2-6-4-4-6-4	4-0-4-6-7-4-4-4-3-3-6-4	7-6-4-4-6-5-6-2-4-4-4-6	4-1-3-2-6-4-4-6-4-6-4-4	4-6-5-4-6-4-5-4-6-7-6-2
417	6	5-7-5-5-5-7-7-5-7-5-5-7	7-3-3-5-5-6-5-5-4-6-5-5	4-5-6-5-5-4-5-7-5-5-7-5	5-4-6-5-5-5-7-5-5-3-5-7	5-7-5-4-7-5-7-5-6-7-5-5	5-5-5-7-6-4-5-5-6-6-2-5	5-7-2-6-7-6-7-7-6-6-5-5	6-5-5-5-5-5-2-5-4-4-5-4	6-6-4-6-6-4-6-5-3-3-5-4	6-5-4-4-5-5-5-2-6-4-6-5	5-6-4-7-7-4-4-6-4-6-6-6	7-7-6-6-6-6-5-4-5-4-5-5
417	7	7-6-5-5-7-6-6-7-6-5-5-6	6-7-7-5-7-7-5-5-6-7-5-5	7-7-7-5-7-7-7-6-7-7-6-7	6-7-7-7-7-7-6-7-6-7-7-6	5-7-7-7-7-6-6-7-7-6-1-5	6-5-7-6-7-4-7-5-7-7-2-6	6-7-7-7-6-7-7-5-7-7-2-7	7-5-7-6-7-5-4-5-1-4-5-4	0-7-4-6-5-7-7-4-3-3-7-7	5-5-3-7-7-5-7-3-6-7-6-7	5-7-7-6-6-4-4-5-7-7-7-7	7-6-6-3-6-7-7-7-7-7-5-7
418	0	0-0-0-0-0-0-0-0-0-0-0-0	0-0-0-0-0-0-0-0-0-0-0-0	0-0-0-0-0-0-0-0-0-0-0-0	0-0-0-0-0-0-0-0-0-0-0-0	0-0-0-0-0-0-0-0-0-0-0-0	0-0-0-0-0-0-0-0-0-0-0-0	0-0-0-0-0-0-0-0-0-0-0-0	0-0-0-0-0-0-0-0-0-0-0-0	0-0-0-0-0-0-0-0-0-0-0-0	0-0-0-0-0-0-0-0-0-0-0-0	0-0-0-0-0-0-0-0-0-0-0-0	0-0-0-0-0-0-0-0-0-0-0-0
418	1	1-1-1-1-1-1-1-1-1-1-1-1	0-2-1-0-0-0-0-2-0-1-0-2	0-0-0-1-2-0-2-0-0-1-2-2	0-0-0-0-0-0-2-1-2-4-2-0	1-0-0-0-0-1-2-0-1-0-1-0	2-2-0-0-0-0-2-0-2-1-4-0	0-2-2-0-0-1-0-2-1-1-0-1	1-0-1-0-1-0-1-2-0-1-0-0	3-1-2-0-0-0-4-0-1-1-0-1	0-1-3-0-4-0-2-2-0-0-0-1	0-1-0-0-2-0-2-0-0-0-0-1	2-1-0-0-0-1-1-0-0-4-2-1
418	2	3-2-1-1-1-1-2-1-2-2-2-2	3-1-1-3-0-2-3-1-3-1-3-3	1-3-4-3-3-3-3-0-0-4-1-3	3-0-3-4-3-3-1-4-3-1-4-0	5-0-3-3-3-3-3-3-1-0-2-0	1-1-3-3-2-3-3-2-1-1-0-3	2-1-1-0-3-2-3-3-2-2-0-3	2-4-4-3-4-3-3-8-2-0-0-0	0-0-1-4-4-3-0-4-2-2-4-2	3-4-1-4-3-2-3-1-3-0-0-4	1-2-0-4-1-3-1-2-0-3-3-1	1-4-2-2-0-2-4-0-0-3-1-2
418	3	3-3-3-3-3-3-3-3-3-3-4-3	2-4-4-2-1-4-2-5-2-4-2-2	4-2-4-2-2-2-4-5-4-2-4-3	2-3-2-2-2-2-6-2-4-3-3-0	3-0-2-2-2-2-4-2-4-3-1-0	1-2-5-2-5-2-4-3-3-3-7-2	7-1-4-4-2-3-6-2-3-3-4-2	3-5-4-5-3-4-7-4-3-3-5-0	1-0-4-2-6-2-5-4-4-3-4-2	4-4-3-4-2-2-4-7-2-4-8-3	7-1-0-4-0-2-0-3-4-2-2-1	1-2-2-4-0-2-2-0-7-2-6-2
418	4	5-3-5-4-4-4-4-4-4-4-3-5	4-3-3-5-4-3-5-4-5-4-5-5	5-5-5-5-4-5-5-5-3-5-3-5	5-4-2-2-2-5-5-2-3-1-2-4	3-6-4-4-6-2-5-5-3-4-5-5	5-5-3-4-6-5-3-3-3-1-1-5	3-1-3-5-5-4-3-5-3-2-3-2	4-2-6-3-2-5-3-3-2-4-4-5	6-5-6-2-2-4-6-3-3-4-2-5	5-6-1-3-6-2-3-3-5-5-6-2	6-2-5-3-2-5-6-6-5-2-2-4	5-2-5-3-5-2-2-7-5-5-3-2
418	5	5-5-4-5-5-5-5-5-4-4-5-4	4-6-6-4-4-3-4-6-4-6-4-4	4-6-4-4-6-4-6-7-4-4-6-4	4-4-6-5-2-4-4-2-6-6-6-4	2-4-4-2-4-6-6-4-6-6-4-4	4-5-3-4-3-4-6-7-5-5-3-4	3-5-5-4-4-5-3-4-5-5-5-7	5-2-4-3-5-4-6-6-2-5-4-4	4-4-4-4-4-6-3-6-3-4-5-4	4-5-5-6-5-2-3-5-4-4-4-2	4-6-8-3-7-4-4-4-4-2-6-4	7-2-4-5-4-3-2-4-4-4-3-6
418	6	8-5-8-7-7-7-6-7-6-7-6-7	4-5-5-7-4-5-4-7-7-5-8-7	4-5-4-7-7-4-7-4-7-7-5-6	7-4-5-7-7-7-5-7-7-5-7-4	7-4-7-7-4-7-7-7-5-6-7-7	6-7-7-6-4-4-5-7-5-4-3-7	3-5-5-5-7-4-3-5-6-5-7-5	5-6-4-7-7-5-5-7-7-4-7-4	4-6-4-7-7-5-4-7-3-6-7-5	4-4-1-5-7-3-8-3-8-6-7-7	4-5-7-3-7-4-4-4-4-6-5-6	5-7-6-7-4-4-6-4-7-4-3-7
418	7	6-8-6-6-6-6-8-6-8-6-6-8	7-5-5-6-5-8-6-6-8-5-6-8	4-7-5-6-6-7-6-5-8-6-6-6	6-7-7-6-6-6-7-6-6-5-6-4	6-4-6-6-4-6-6-6-7-7-6-6	6-6-6-6-7-8-6-6-7-7-3-7	8-5-3-7-8-7-3-6-7-5-6-5	7-7-4-6-6-7-3-6-8-4-6-4	7-4-4-7-6-8-7-8-3-6-6-6	8-7-7-5-6-3-6-3-8-6-6-6	3-7-4-3-8-7-4-4-4-7-7-7	5-6-7-6-6-7-7-4-3-4-3-6
418	8	8-7-6-6-8-8-7-8-7-7-6-7	7-5-8-6-8-8-6-8-7-8-6-7	8-8-8-7-8-8-7-7-7-8-8-8	6-8-8-8-8-8-4-8-7-8-8-4	6-4-8-8-8-8-7-8-8-8-6-6	7-8-8-7-8-7-8-8-8-8-8-8	7-8-8-8-7-8-8-8-8-8-7-8	8-7-8-8-8-7-7-6-7-4-8-8	7-4-8-7-6-7-3-7-8-6-6-8	7-4-8-6-7-2-6-7-7-8-6-8	4-6-5-8-7-7-4-4-4-7-8-7	8-7-8-5-3-8-8-4-8-8-3-8
419	0	0-0-0-0-0-0-0-0-0-0-0-0	0-0-0-0-0-0-0-0-0-0-0-0	0-0-0-0-0-0-0-0-0-0-0-0	0-0-0-0-0-0-0-0-0-0-0-0	0-0-0-0-0-0-0-0-0-0-0-0	0-0-0-0-0-0-0-0-0-0-0-0	0-0-0-0-0-0-0-0-0-0-0-0	0-0-0-0-0-0-0-0-0-0-0-0	0-0-0-0-0-0-0-0-0-0-0-0	0-0-0-0-0-0-0-0-0-0-0-0	0-0-0-0-0-0-0-0-0-0-0-0	0-0-0-0-0-0-0-0-0-0-0-0
419	1	1-1-1-2-1-1-1-1-1-1-1-2	1-2-1-2-3-2-0-2-1-1-2-2	1-2-3-2-2-2-2-2-3-2-1-1	2-1-2-2-1-2-2-2-1-2-2-2	2-2-2-2-2-1-2-1-2-2-6-1	4-2-2-2-2-5-1-0-1-1-4-0	2-2-1-1-1-1-0-2-1-1-1-4	1-1-2-2-1-3-2-2-1-2-3-1	1-3-1-1-2-6-4-2-2-1-1-0	2-1-2-2-1-1-2-1-2-3-2-1	1-7-4-0-5-1-1-1-3-1-6-1	3-1-1-1-1-2-1-3-1-1-3-1
419	2	1-1-1-1-1-1-1-1-1-1-1-1	3-1-1-3-1-1-3-1-1-1-3-1	1-3-1-1-3-1-3-1-1-1-3-3	3-3-1-4-3-3-1-5-3-1-3-1	1-1-1-3-1-3-3-3-1-1-1-2	1-1-3-2-1-1-3-1-1-1-0-4	1-1-1-0-3-1-0-1-1-1-0-3	1-3-2-3-3-1-7-5-2-1-2-1	4-0-3-3-4-3-0-3-1-2-3-1	1-3-1-1-3-4-1-1-3-1-1-4	1-1-1-1-1-1-0-0-1-2-1-2	1-3-2-1-0-1-3-1-2-1-2-4
419	3	1-4-1-4-3-1-1-3-1-1-1-4	2-4-4-2-1-1-2-4-2-2-2-4	4-2-1-1-2-1-4-5-1-4-4-4	2-3-5-2-2-2-1-1-4-5-4-1	1-1-2-2-3-4-4-2-3-3-1-2	6-1-4-2-3-1-4-3-3-3-6-3	6-1-1-7-2-3-4-4-3-3-0-2	3-2-7-2-2-1-5-2-4-3-1-1	1-1-4-2-3-2-0-4-1-3-2-1	1-2-3-4-2-2-4-3-2-1-3-3	0-1-7-4-6-1-0-0-1-2-2-3	1-2-2-4-0-1-2-1-6-1-5-5
419	4	4-3-1-3-3-1-1-1-5-4-1-3	5-3-3-4-1-1-4-3-1-1-5-3	5-5-5-1-3-1-3-6-1-5-3-3	5-5-5-5-2-5-6-2-3-3-3-4	1-7-4-4-5-3-5-4-5-1-1-7	1-1-3-4-5-1-3-3-1-1-1-2	7-1-4-4-4-1-3-5-4-3-7-7	5-3-5-3-2-1-3-2-3-4-5-5	5-4-5-2-2-5-5-3-1-4-2-5	5-5-1-3-2-2-3-1-4-1-5-2	5-1-1-3-1-5-5-5-5-2-1-4	1-2-5-3-5-1-2-6-3-5-1-3
419	5	6-3-5-6-5-5-5-5-4-5-6-5	4-3-3-7-6-1-6-6-6-1-7-6	4-6-6-6-6-7-6-6-6-6-6-6	6-4-4-6-6-6-4-6-6-3-6-4	6-4-7-6-4-5-6-6-4-5-1-6	6-7-6-5-4-1-5-5-5-5-3-3	3-1-3-6-4-7-3-6-5-3-6-6	4-6-4-6-6-4-3-6-5-5-6-4	4-5-4-5-6-4-4-6-1-6-6-4	4-6-1-7-6-6-6-1-4-1-4-6	4-1-6-3-1-4-4-4-6-1-1-5	1-3-4-6-6-1-2-4-6-4-6-3
419	6	5-7-5-5-6-7-7-5-7-5-5-7	4-3-3-5-5-5-5-5-7-6-5-5	4-5-5-5-5-6-5-5-5-5-6-5	5-6-6-5-5-5-4-5-5-6-5-4	5-4-3-5-6-6-7-5-6-6-1-5	7-7-5-5-4-7-5-5-6-6-3-6	3-1-3-6-6-6-3-5-6-1-5-5	6-5-4-5-5-7-3-5-5-4-5-6	6-4-6-6-5-1-6-6-1-5-5-4	7-6-6-3-5-7-5-7-7-4-5-5	5-6-6-3-3-6-5-5-5-6-1-6	7-7-4-5-5-1-2-4-3-4-5-5
419	7	7-6-5-5-7-7-6-7-6-5-5-6	4-7-7-5-7-7-5-5-6-7-5-5	7-7-7-7-7-7-6-6-6-7-7-7	7-7-7-7-7-7-4-7-6-7-7-4	5-4-7-7-7-7-6-7-7-7-6-4	6-7-5-6-7-6-7-7-7-7-7-7	4-7-7-7-6-7-7-7-7-7-4-5	7-7-7-7-7-6-2-5-6-4-5-6	6-5-7-6-5-7-7-6-7-7-5-7	6-4-7-7-7-6-5-6-6-7-4-7	4-1-3-7-3-1-4-4-1-6-7-7	6-6-4-1-5-7-7-4-7-7-5-1
420	0	0-0-0-0-0-0-0-0-0-0-0-0	0-0-0-0-0-0-0-0-0-0-0-0	0-0-0-0-0-0-0-0-0-0-0-0	0-0-0-0-0-0-0-0-0-0-0-0	0-0-0-0-0-0-0-0-0-0-0-0	0-0-0-0-0-0-0-0-0-0-0-0	0-0-0-0-0-0-0-0-0-0-0-0	0-0-0-0-0-0-0-0-0-0-0-0	0-0-0-0-0-0-0-0-0-0-0-0	0-0-0-0-0-0-0-0-0-0-0-0	0-0-0-0-0-0-0-0-0-0-0-0	0-0-0-0-0-0-0-0-0-0-0-0
420	1	1-1-1-1-1-1-1-2-1-1-1-2	3-2-1-3-3-2-3-2-2-1-2-2	1-2-2-2-2-2-2-2-3-2-2-2	2-1-2-2-2-2-1-1-1-2-2-1	1-2-1-0-1-1-2-1-2-1-3-1	2-2-2-2-2-2-2-2-2-1-0-2	4-1-1-1-2-1-2-2-2-3-1-2	1-1-1-2-1-2-2-1-1-1-2-1	1-1-1-1-2-1-1-2-2-1-1-0	3-1-2-2-1-1-1-1-2-1-0-1	1-4-1-0-1-3-4-1-1-1-2-1	2-1-1-1-1-1-1-2-1-3-1-2
420	2	1-1-1-1-1-1-1-1-1-1-1-1	1-1-1-4-1-1-1-1-1-1-3-1	1-3-1-1-1-1-3-1-1-1-1-3	3-0-1-4-3-3-1-3-3-1-1-1	3-1-2-3-1-3-3-3-1-1-1-3	1-1-3-1-1-1-3-4-1-1-0-4	1-3-1-0-3-1-1-3-1-1-3-3	1-2-3-3-3-1-1-6-2-0-4-0	0-0-3-3-4-3-0-3-1-2-3-2	1-3-1-1-3-4-3-1-3-1-0-4	1-1-0-1-1-1-0-0-0-4-3-1	1-3-2-1-4-1-3-1-3-2-2-4
420	3	1-3-1-1-4-1-1-1-1-1-1-1	1-4-4-2-1-1-1-4-1-1-2-1	0-2-1-1-2-1-4-1-1-2-4-4	2-3-1-2-2-2-1-2-4-3-4-0	2-1-2-2-2-4-4-2-3-1-1-2	1-1-4-8-3-2-4-2-3-3-6-3	3-2-3-4-2-3-4-2-3-1-2-2	3-4-2-2-2-1-6-2-4-4-4-1	1-0-2-2-3-2-3-2-1-3-2-3	1-2-3-3-2-2-4-7-2-3-0-2	4-1-6-4-1-1-0-3-4-2-2-1	1-2-2-4-1-1-2-1-2-1-6-1
420	4	4-4-1-5-3-1-4-5-4-4-5-5	4-3-3-5-1-1-5-3-1-1-5-6	7-5-5-2-4-1-3-5-6-2-3-3	4-4-5-5-2-5-5-2-3-5-3-5	2-4-4-4-6-3-3-5-4-1-1-4	1-4-3-4-6-7-3-2-1-1-3-2	1-2-4-6-4-4-3-3-4-1-4-2	1-3-6-2-2-4-3-2-3-3-6-6	6-5-6-2-2-4-6-2-1-4-2-3	6-6-1-3-2-2-3-3-6-6-4-2	6-1-7-3-5-6-6-6-6-2-4-4	4-2-4-6-6-6-2-6-6-7-2-2
420	5	7-5-6-4-7-6-8-6-7-6-6-4	6-6-5-4-6-7-4-6-6-6-6-6	5-6-6-6-6-6-5-6-6-6-5-6	6-4-6-6-5-4-6-7-5-6-5-6	7-5-6-8-5-5-6-5-6-5-7-5	6-6-6-5-6-4-6-6-6-5-3-6	6-7-6-4-4-5-4-6-5-6-8-6	6-5-2-5-2-7-5-7-4-5-6-4	5-4-8-5-6-6-4-4-7-7-2-3	4-2-6-6-5-6-6-6-4-4-4-2	4-6-8-3-8-8-4-4-4-5-6-6	1-6-6-8-4-7-5-4-4-4-7-6
420	6	5-5-5-6-5-5-5-5-5-5-5-5	5-5-5-7-5-5-7-7-5-5-5-5	0-7-5-5-7-5-7-5-5-5-4-5	7-4-5-5-7-7-5-7-5-5-7-5	7-4-5-7-4-7-7-7-5-5-5-7	5-5-7-6-4-4-7-5-5-6-3-7	5-5-5-4-6-6-4-7-5-6-7-6	5-7-4-7-7-5-3-7-7-6-7-4	4-0-4-7-5-5-4-7-5-6-7-3	4-7-5-5-7-7-5-5-4-4-4-7	4-5-3-3-5-4-4-4-4-7-5-5	1-7-5-4-4-4-7-4-7-4-8-5
420	7	5-5-5-5-5-8-5-5-5-5-5-8	5-5-5-6-5-5-6-6-5-5-6-8	4-6-5-5-6-5-6-5-5-5-7-6	6-7-7-5-6-6-8-5-6-5-6-8	5-4-7-6-7-6-6-6-7-7-5-6	8-4-6-8-7-4-6-6-7-7-3-7	8-5-5-4-7-7-4-6-7-5-6-6	7-6-6-6-6-5-3-6-6-7-6-4	7-7-5-6-5-5-4-6-5-5-6-0	4-6-7-5-6-6-6-3-8-5-4-6	6-7-5-7-6-5-4-4-4-6-5-7	1-6-8-7-4-5-6-4-6-4-6-5
420	8	8-5-5-5-8-7-5-8-5-5-5-7	5-5-8-6-8-5-6-8-8-8-6-7	8-8-8-5-8-5-8-5-5-8-5-8	7-8-5-8-8-8-7-8-7-8-8-7	5-4-8-8-8-8-7-8-8-8-6-8	7-8-8-7-8-4-8-8-8-8-8-7	7-8-8-5-7-8-8-8-8-8-5-5	8-6-8-7-8-5-6-2-6-8-5-4	4-8-8-7-5-8-8-4-5-5-6-1	4-8-8-8-8-5-7-5-7-8-4-8	4-5-5-8-5-5-4-4-5-5-8-8	8-7-7-5-4-8-8-4-8-8-6-5
421	0	0-0-0-0-0-0-0-0-0-0-0-0	0-0-0-0-0-0-0-0-0-0-0-0	0-0-0-0-0-0-0-0-0-0-0-0	0-0-0-0-0-0-0-0-0-0-0-0	0-0-0-0-0-0-0-0-0-0-0-0	0-0-0-0-0-0-0-0-0-0-0-0	0-0-0-0-0-0-0-0-0-0-0-0	0-0-0-0-0-0-0-0-0-0-0-0	0-0-0-0-0-0-0-0-0-0-0-0	0-0-0-0-0-0-0-0-0-0-0-0	0-0-0-0-0-0-0-0-0-0-0-0	0-0-0-0-0-0-0-0-0-0-0-0
421	1	1-1-1-1-1-1-1-1-1-1-1-1	1-1-0-1-0-0-0-1-0-1-0-2	0-1-0-2-2-2-0-3-0-2-0-2	2-0-0-3-2-2-0-1-1-1-1-0	1-0-3-4-2-1-2-2-1-1-1-4	3-0-2-0-1-2-2-3-3-1-0-1	2-3-1-0-2-1-1-2-1-1-0-2	3-3-1-2-3-0-1-8-1-1-0-1	0-2-2-3-3-2-0-2-0-1-3-1	3-2-1-3-2-3-2-3-2-3-0-3	0-1-1-1-0-1-0-0-0-2-1-1	0-1-1-4-0-1-4-0-1-1-1-1
421	2	2-2-2-2-2-2-2-2-2-2-2-3	2-3-2-1-0-3-1-2-3-2-0-3	3-2-0-1-1-1-3-4-3-1-3-3	1-2-3-1-1-1-0-2-3-3-3-2	2-0-2-2-2-3-3-1-3-2-1-1	3-5-1-0-3-1-3-1-2-2-4-1	4-1-3-5-1-2-3-1-2-2-4-1	2-0-1-1-2-3-2-4-2-2-5-2	2-1-1-1-4-1-0-1-3-1-2-2	0-1-2-1-1-2-1-5-1-3-2-1	2-1-0-2-7-0-0-2-0-1-1-2	5-1-1-2-3-1-8-0-5-5-1-1
421	3	3-2-4-2-3-3-3-3-3-3-3-4	3-2-2-4-5-4-4-2-4-4-4-4	2-4-5-4-3-5-4-5-2-4-2-2	4-6-2-4-1-4-6-1-2-2-2-7	1-8-1-3-6-2-4-4-2-2-3-8	1-4-1-3-5-1-2-1-2-5-2-1	6-1-2-3-4-3-4-4-3-1-6-1	6-1-6-1-1-6-1-2-4-3-6-5	6-5-4-4-1-3-5-4-7-3-1-3	6-6-3-1-4-1-5-1-4-5-6-1	6-1-4-4-6-4-5-6-6-1-4-3	6-4-4-6-6-1-1-7-6-6-1-1
421	4	4-7-3-4-4-4-4-4-3-3-3-3	3-5-5-3-5-4-3-5-5-3-3-3	5-3-3-3-5-3-5-5-3-3-5-5	3-3-4-3-1-3-5-1-5-2-4-3	1-3-2-1-3-4-5-3-5-4-4-1	5-3-2-3-3-3-5-1-4-4-2-5	5-1-2-3-3-4-3-3-4-2-2-5	4-1-1-3-4-3-6-2-3-4-3-3	4-3-3-3-2-3-3-3-2-3-4-3	3-1-4-5-3-1-1-4-3-3-3-1	3-6-3-3-3-3-3-3-3-1-5-3	5-3-3-1-3-1-1-3-3-3-6-6
421	5	6-4-5-6-4-4-6-7-5-5-5-6	6-4-4-7-4-4-3-7-6-6-6-6	4-6-6-7-7-6-6-4-4-6-4-4	6-3-6-7-7-7-4-7-6-5-6-3	6-3-6-6-3-6-6-6-4-5-7-7	6-6-5-5-3-1-6-6-5-4-2-6	4-6-2-5-6-5-2-6-4-2-7-6	4-6-1-6-6-3-8-7-7-3-2-3	3-3-3-6-7-7-3-3-3-5-5-6	3-7-4-4-3-6-6-2-6-3-3-6	3-5-4-4-2-3-3-3-5-5-6-3	4-6-5-5-3-1-6-3-2-2-8-1
421	6	5-7-3-5-6-6-5-6-5-5-5-5	5-7-6-5-6-7-3-7-5-5-5-5	7-5-5-5-5-5-7-7-7-5-7-7	5-3-5-5-5-5-7-5-7-6-5-3	5-3-5-5-3-7-7-5-7-6-5-5	5-5-7-5-3-3-5-6-6-6-2-5	3-5-2-3-5-8-7-5-4-2-3-5	3-5-3-5-5-3-7-6-3-3-3-3	3-3-3-5-6-5-3-3-6-6-6-5	3-3-6-7-3-5-5-1-5-7-3-5	3-5-3-6-3-3-3-3-3-5-5-6	7-5-3-7-3-0-5-3-3-3-7-4
421	7	8-6-5-5-6-8-7-5-8-7-5-8	7-6-6-5-7-8-8-6-8-5-3-8	6-7-5-5-5-7-6-6-8-7-6-6	5-7-7-5-5-5-6-5-6-5-6-3	5-3-6-5-7-6-6-5-6-7-5-5	8-7-6-5-3-8-6-5-7-6-2-5	8-1-2-2-8-7-6-6-7-1-5-5	7-5-1-8-5-7-6-5-5-3-6-3	7-3-5-5-5-5-3-7-3-5-5-5	8-5-7-6-6-1-6-8-8-6-3-5	3-5-3-2-2-8-3-3-3-7-7-7	6-5-7-6-7-7-7-3-1-3-6-1
421	8	8-6-8-6-8-8-7-8-7-5-5-7	7-6-8-5-8-8-7-8-8-8-5-7	8-8-8-5-8-8-7-7-7-8-8-8	7-8-8-8-8-8-7-8-7-8-8-3	5-3-8-8-8-8-7-8-6-8-6-5	8-8-8-8-8-8-8-8-8-8-2-8	7-8-8-8-7-8-8-8-8-8-7-5	8-6-8-7-8-5-5-1-7-3-7-6	7-8-8-7-5-8-8-7-8-6-6-5	7-3-4-8-8-7-8-7-7-8-3-8	3-5-4-6-5-7-3-3-3-7-8-8	8-5-7-8-1-8-2-3-8-8-5-8
422	0	0-0-0-0-0-0-0-0-0-0-0-0	0-0-0-0-0-0-0-0-0-0-0-0	0-0-0-0-0-0-0-0-0-0-0-0	0-0-0-0-0-0-0-0-0-0-0-0	0-0-0-0-0-0-0-0-0-0-0-0	0-0-0-0-0-0-0-0-0-0-0-0	0-0-0-0-0-0-0-0-0-0-0-0	0-0-0-0-0-0-0-0-0-0-0-0	0-0-0-0-0-0-0-0-0-0-0-0	0-0-0-0-0-0-0-0-0-0-0-0	0-0-0-0-0-0-0-0-0-0-0-0	0-0-0-0-0-0-0-0-0-0-0-0
422	1	1-1-1-1-1-1-1-1-1-1-0-1	1-0-0-2-0-0-0-0-0-1-2-0	0-2-0-5-2-0-2-2-0-2-2-0	2-0-0-3-3-2-0-2-1-0-2-0	2-0-2-0-2-1-2-2-1-1-0-2	2-3-2-0-0-2-2-2-1-1-0-2	2-2-1-0-2-1-0-2-3-1-5-2	1-1-1-2-2-0-1-6-2-0-0-0	2-0-2-2-3-1-0-2-0-1-1-1	0-3-1-0-2-1-2-1-2-0-0-1	5-1-0-0-0-1-0-5-0-1-1-1	0-2-1-2-2-2-2-0-1-2-1-1
422	2	2-2-2-2-2-2-2-2-2-2-2-2	1-3-2-1-0-3-0-3-3-2-1-3	2-1-0-2-1-3-3-1-0-4-3-3	1-0-3-1-1-1-3-1-3-2-1-0	1-0-1-2-1-1-3-1-3-1-4-1	1-1-3-2-2-1-3-1-3-2-5-1	1-1-2-2-1-2-3-1-2-2-1-3	2-3-1-3-1-3-5-3-1-3-2-0	5-0-1-1-0-2-2-3-3-2-1-2	3-1-2-3-3-1-4-3-1-2-3-1	0-1-6-2-5-4-0-3-3-1-3-2	2-1-1-3-3-1-1-0-5-1-2-1
422	3	3-2-3-3-2-2-3-3-3-3-3-2	3-2-2-4-0-3-4-2-3-3-1-4	5-3-4-0-4-4-2-4-4-2-2-2	4-3-2-1-1-1-2-1-2-4-4-0	2-6-2-3-2-2-2-3-2-0-2-6	2-1-2-3-3-1-2-1-2-2-2-4	6-2-1-3-2-0-2-4-1-1-1-2	2-2-1-2-1-2-2-2-2-2-4-5	4-0-4-1-1-3-3-2-2-3-2-2	2-1-3-4-2-1-2-2-4-5-2-1	1-1-3-4-2-6-3-6-2-6-2-4	3-1-5-2-2-4-2-3-6-3-1-1
422	4	4-4-5-4-5-5-6-5-5-5-5-4	4-2-2-3-5-4-5-4-5-5-5-5	4-5-5-6-4-5-5-4-5-5-4-5	5-5-6-5-5-5-5-5-5-3-5-4	5-3-5-5-5-5-5-5-3-4-5-5	4-4-5-5-3-5-5-5-4-4-2-5	5-5-4-5-6-4-2-5-4-2-3-5	4-5-2-5-5-5-6-2-4-6-3-4	3-6-3-5-5-4-2-2-2-3-5-2	4-3-4-3-5-5-2-4-5-3-3-1	3-3-3-3-2-5-4-2-2-4-2-4	5-1-4-2-4-3-4-3-4-4-1-4
422	5	4-6-4-4-4-6-6-4-4-4-4-6	4-4-4-3-5-4-4-4-4-4-4-4	3-4-4-1-4-4-4-4-4-4-4-4	4-4-5-4-4-4-6-4-4-2-4-6	4-4-4-4-4-4-6-4-5-4-4-4	6-5-4-4-2-4-4-4-5-5-2-5	4-1-4-4-6-4-5-4-5-5-1-4	5-4-1-4-4-4-2-5-6-2-4-3	5-5-5-4-5-4-3-6-2-5-1-2	5-1-4-5-4-4-4-4-6-3-5-1	1-5-3-6-2-4-3-2-5-5-2-5	4-6-6-5-5-5-4-3-2-3-1-1
422	6	6-5-4-4-6-5-4-6-4-4-4-5	4-6-6-3-6-4-4-6-4-6-4-5	6-6-6-4-6-4-4-5-4-6-5-6	5-6-4-6-6-6-5-6-6-6-6-5	4-3-6-6-6-6-5-6-6-6-5-6	5-6-5-5-6-5-6-6-6-6-2-6	5-6-6-6-4-6-6-5-6-6-6-6	6-6-6-5-6-4-4-1-5-4-3-3	4-6-6-5-1-6-3-3-6-5-4-6	5-3-6-6-6-4-6-4-5-6-5-6	5-6-2-5-2-3-3-3-6-3-6-5	4-5-5-2-2-6-6-3-4-6-1-6
423	0	0-0-0-0-0-0-0-0-0-0-0-0	0-0-0-0-0-0-0-0-0-0-0-0	0-0-0-0-0-0-0-0-0-0-0-0	0-0-0-0-0-0-0-0-0-0-0-0	0-0-0-0-0-0-0-0-0-0-0-0	0-0-0-0-0-0-0-0-0-0-0-0	0-0-0-0-0-0-0-0-0-0-0-0	0-0-0-0-0-0-0-0-0-0-0-0	0-0-0-0-0-0-0-0-0-0-0-0	0-0-0-0-0-0-0-0-0-0-0-0	0-0-0-0-0-0-0-0-0-0-0-0	0-0-0-0-0-0-0-0-0-0-0-0
423	1	1-1-1-1-1-1-1-1-1-1-2-1	2-1-1-2-0-1-2-1-2-2-3-2	1-0-2-2-1-3-2-1-2-2-1-1	2-0-0-2-2-2-2-2-1-0-2-1	2-1-2-2-2-2-2-2-1-1-2-2	2-2-2-0-0-2-2-2-1-1-0-2	2-2-1-0-2-0-1-2-1-1-2-2	1-3-1-2-2-3-1-2-2-0-0-1	0-0-2-2-7-2-0-2-2-2-2-1	0-2-0-0-2-3-2-1-2-0-2-2	0-3-0-3-2-1-1-0-0-2-2-1	2-2-1-2-0-2-2-0-3-2-3-3
423	2	1-2-1-2-2-2-1-2-1-1-1-2	1-3-2-1-0-1-1-1-1-1-1-1	0-2-1-1-1-1-3-1-1-3-3-2	1-0-1-1-1-1-3-1-3-2-1-3	1-0-1-1-1-1-3-1-3-0-1-1	1-1-1-1-2-1-3-1-2-2-6-1	1-1-2-2-1-1-3-3-2-2-1-1	2-1-1-1-1-0-3-1-1-2-1-2	2-1-3-1-2-1-2-1-3-3-1-3	0-1-2-3-1-0-3-3-1-2-3-1	1-5-0-2-3-0-0-3-3-1-3-1	3-1-0-1-2-1-1-2-1-1-1-1
423	3	1-1-1-1-2-2-1-1-3-3-3-1	1-2-2-1-0-3-1-3-2-1-1-4	5-4-5-5-3-1-4-5-1-2-2-3	4-5-4-4-1-4-2-1-2-2-2-5	1-5-3-1-5-2-2-4-2-3-1-1	2-4-1-3-2-1-2-1-5-2-0-3	7-1-2-2-2-5-2-2-2-2-0-1	2-1-5-4-1-1-2-5-5-5-3-0	0-0-2-4-1-4-2-2-2-2-1-2	7-3-3-2-1-1-2-2-4-3-2-1	3-1-0-1-2-7-0-2-2-3-2-3	3-1-3-3-3-1-1-0-1-3-1-1
423	4	4-6-5-5-5-5-4-5-5-5-5-5	5-5-4-1-6-5-5-5-5-5-5-5	4-5-6-6-5-5-5-6-5-5-5-4	5-4-5-6-5-5-5-7-5-6-5-4	6-7-4-6-5-4-5-4-4-5-6-4	4-3-6-6-5-5-5-5-4-4-2-3	6-5-4-4-5-4-5-5-5-6-4-4	4-4-5-3-5-5-4-3-3-6-5-4	4-6-4-3-4-4-4-4-5-4-3-6	5-4-4-4-4-4-5-4-3-5-5-4	4-7-4-7-5-4-4-4-5-4-6-4	5-4-6-3-5-4-6-7-4-6-4-7
423	5	6-4-4-7-4-4-4-4-4-4-4-4	4-4-4-5-4-4-4-4-4-4-7-4	3-6-3-4-6-4-6-4-4-4-4-6	6-4-4-5-6-6-4-7-4-4-6-3	7-4-3-6-4-6-6-6-4-4-5-6	4-4-4-5-4-4-6-4-4-4-2-5	4-4-4-4-4-4-4-4-4-4-6-5	4-5-4-6-6-4-7-3-3-3-4-0	7-0-4-5-5-7-4-6-4-6-6-4	4-7-3-3-6-4-4-4-3-4-6-6	4-4-6-2-4-3-0-6-4-3-4-5	4-5-4-3-4-4-4-0-1-5-5-4
423	6	5-4-5-5-4-4-4-4-4-4-4-7	4-4-4-5-4-4-4-5-4-4-5-4	4-5-4-4-5-4-5-4-4-4-5-5	5-6-6-4-5-5-4-5-4-4-5-3	5-4-4-5-6-5-7-5-6-4-4-5	7-6-4-4-6-7-5-4-6-4-2-6	4-1-4-6-7-6-2-5-6-4-5-5	6-5-4-5-5-6-4-5-7-4-5-6	6-6-6-6-5-4-6-6-4-5-5-4	6-6-6-4-5-7-6-4-7-3-5-5	4-4-5-4-4-5-6-5-4-6-4-6	4-7-4-3-5-4-4-4-1-4-5-4
423	7	7-4-5-5-7-4-4-7-4-4-4-6	4-4-7-5-7-4-5-7-7-7-5-6	7-7-7-4-7-4-6-6-6-7-4-7	5-7-4-7-7-7-4-7-4-7-7-4	5-4-7-7-7-7-6-7-7-7-5-5	6-7-7-6-7-6-7-7-7-7-7-7	4-7-7-6-6-7-7-5-7-7-6-5	7-7-7-6-7-6-5-5-6-3-4-4	6-7-7-6-1-7-7-6-4-2-5-4	5-5-7-7-7-6-7-4-6-7-5-7	4-4-7-7-6-3-6-4-4-6-7-6	4-6-7-4-4-7-7-4-7-7-5-4
424	0	0-0-0-0-0-0-0-0-0-0-0-0	0-0-0-0-0-0-0-0-0-0-0-0	0-0-0-0-0-0-0-0-0-0-0-0	0-0-0-0-0-0-0-0-0-0-0-0	0-0-0-0-0-0-0-0-0-0-0-0	0-0-0-0-0-0-0-0-0-0-0-0	0-0-0-0-0-0-0-0-0-0-0-0	0-0-0-0-0-0-0-0-0-0-0-0	0-0-0-0-0-0-0-0-0-0-0-0	0-0-0-0-0-0-0-0-0-0-0-0	0-0-0-0-0-0-0-0-0-0-0-0	0-0-0-0-0-0-0-0-0-0-0-0
424	1	1-2-1-1-1-1-1-1-1-1-1-1	0-0-0-1-1-1-0-2-0-1-0-0	0-0-0-4-1-1-2-0-0-2-0-2	2-0-0-3-2-2-0-1-2-3-1-0	1-0-3-0-0-1-2-2-1-0-0-2	2-3-2-0-0-3-2-1-1-1-3-3	2-1-1-0-2-1-0-2-3-1-2-2	1-1-1-2-1-1-2-6-1-0-0-0	1-0-0-2-3-6-0-2-0-1-1-1	0-1-0-2-2-1-2-1-2-0-0-1	1-1-0-0-0-1-0-1-0-1-1-0	0-1-1-1-0-1-2-0-1-2-1-1
424	2	1-1-1-2-2-2-2-2-2-2-2-1	3-3-2-1-3-3-0-1-3-2-1-3	0-3-4-2-1-1-3-4-0-1-3-1	1-2-3-1-1-1-0-1-3-5-3-0	2-0-2-4-2-1-3-1-3-2-4-1	1-0-3-0-3-1-3-1-2-2-5-2	1-1-2-2-1-2-3-1-2-2-1-3	2-3-1-3-1-3-4-4-1-2-2-0	3-0-1-1-2-2-0-3-3-2-1-3	3-1-2-3-1-1-3-2-1-3-0-1	5-1-2-4-0-1-3-0-3-1-3-2	5-1-1-3-2-1-1-0-1-1-3-1
424	3	3-3-3-3-3-3-3-2-4-3-4-4	3-2-2-5-3-4-3-4-2-3-5-4	5-4-5-1-3-4-2-4-0-1-2-3	4-4-4-4-1-1-4-1-2-1-2-5	1-5-1-2-4-1-4-1-2-2-3-3	1-4-2-3-4-1-2-1-2-2-1-1	6-1-3-4-4-2-2-0-1-2-4-2	4-3-4-2-2-4-3-2-1-5-4-5	4-6-4-1-1-4-4-2-6-3-1-4	4-4-2-2-2-1-2-1-4-2-4-1	4-1-4-2-4-4-2-4-4-6-2-3	4-1-1-2-4-4-1-5-6-4-2-1
424	4	4-4-6-5-4-3-6-5-3-6-4-4	4-2-2-6-4-3-5-5-5-3-6-3	3-5-5-1-5-5-5-5-6-5-3-4	5-3-3-5-5-5-5-1-5-2-5-3	5-3-4-2-3-5-5-5-4-4-5-5	5-3-5-4-3-1-5-4-3-2-2-5	5-5-2-3-5-1-3-5-2-2-5-5	3-5-3-5-5-3-2-5-5-4-5-3	3-0-5-5-5-3-3-5-3-4-5-3	3-5-4-0-5-6-6-2-3-3-3-1	3-1-3-2-3-3-3-3-3-5-4-4	3-5-1-5-3-3-4-3-5-3-5-5
424	5	4-6-4-4-5-6-6-4-6-5-5-6	4-2-2-3-5-4-4-4-4-5-4-6	3-4-3-1-4-4-4-6-4-4-6-4	4-5-3-4-4-4-6-1-4-2-4-6	4-3-4-3-4-4-6-4-5-5-4-4	6-6-4-6-5-6-4-4-5-5-2-6	4-4-2-5-4-5-2-4-5-5-4-4	5-4-3-4-4-3-5-4-4-3-4-3	5-5-5-4-4-3-5-4-3-5-4-3	6-4-5-6-4-1-2-6-6-4-5-1	4-5-3-6-4-6-5-4-5-5-5-5	2-6-6-4-5-4-4-3-4-3-4-4
424	6	6-5-4-5-6-5-5-6-5-4-5-5	5-6-6-4-6-6-4-6-4-6-4-5	6-6-6-4-6-4-6-5-6-6-5-6	5-6-6-6-6-6-5-6-5-6-6-5	4-3-6-6-5-6-5-6-6-6-5-4	5-6-6-6-6-5-6-6-6-6-6-5	5-6-6-6-4-6-6-6-6-6-3-4	6-6-6-5-6-3-5-1-4-3-3-3	5-5-6-6-4-6-3-4-3-2-4-3	5-3-2-6-6-1-4-5-5-6-3-6	3-1-6-5-4-5-5-3-6-3-6-6	6-5-5-2-3-6-6-3-3-6-4-6
425	0	0-0-0-0-0-0-0-0-0-0-0-0	0-0-0-0-0-0-0-0-0-0-0-0	0-0-0-0-0-0-0-0-0-0-0-0	0-0-0-0-0-0-0-0-0-0-0-0	0-0-0-0-0-0-0-0-0-0-0-0	0-0-0-0-0-0-0-0-0-0-0-0	0-0-0-0-0-0-0-0-0-0-0-0	0-0-0-0-0-0-0-0-0-0-0-0	0-0-0-0-0-0-0-0-0-0-0-0	0-0-0-0-0-0-0-0-0-0-0-0	0-0-0-0-0-0-0-0-0-0-0-0	0-0-0-0-0-0-0-0-0-0-0-0
425	1	1-1-1-1-1-1-1-1-1-1-1-1	1-0-0-1-0-0-1-2-0-1-0-2	2-2-0-3-2-3-2-2-0-2-4-2	2-0-0-2-3-2-0-1-1-1-1-0	1-0-1-4-0-1-2-2-1-1-0-1	1-0-2-0-0-3-1-1-1-1-0-0	3-1-1-0-2-1-1-2-1-1-0-2	1-1-1-2-1-1-1-7-1-0-0-2	1-0-2-2-3-1-0-2-1-1-1-1	0-2-1-2-2-1-2-3-2-0-0-3	0-1-0-0-0-3-0-0-0-4-1-1	0-1-1-0-0-3-4-0-1-1-1-1
425	2	2-3-2-2-2-2-2-2-2-2-2-3	1-3-2-1-3-2-1-3-3-2-1-3	3-1-2-1-1-1-3-1-3-1-3-1	1-2-3-1-1-1-3-2-3-2-2-0	2-0-5-3-3-1-3-1-2-2-3-3	1-5-5-2-2-1-3-1-3-2-5-2	5-1-2-5-1-2-4-3-2-2-0-1	2-3-1-1-2-3-1-3-1-2-0-1	0-2-1-1-2-6-2-1-3-2-2-3	0-1-2-1-1-1-3-2-1-3-0-1	0-1-0-2-6-0-0-2-0-1-1-1	6-1-1-3-1-1-1-0-1-1-5-1
425	3	3-2-3-3-2-3-3-3-3-3-3-4	4-2-2-4-2-4-4-2-4-4-4-5	2-4-4-4-4-1-2-4-2-1-2-3	4-4-4-4-1-4-2-1-2-2-4-4	2-4-3-5-5-1-4-4-3-5-3-7	1-4-2-4-3-7-2-1-2-2-1-4	1-1-1-4-4-3-1-2-2-2-3-1	5-2-5-2-2-4-1-2-4-3-3-5	5-4-3-4-1-3-5-4-2-3-1-2	4-1-3-5-4-1-2-1-4-4-4-1	5-1-0-2-3-1-5-4-4-1-1-0	5-1-4-4-4-1-1-5-1-5-1-1
425	4	4-6-3-7-4-5-4-4-4-4-3-3	3-5-5-3-6-5-3-5-3-5-3-5	7-3-3-3-5-6-5-3-5-5-5-4	3-3-6-3-3-3-6-1-5-6-5-3	1-3-3-1-3-5-5-3-5-2-5-3	5-3-2-3-3-1-5-6-4-4-2-4	2-5-4-3-3-4-2-2-4-2-3-6	4-4-1-3-4-3-5-5-3-4-3-3	4-3-5-3-4-5-3-3-7-3-4-5	3-1-4-5-3-1-5-4-3-3-3-1	3-1-0-2-3-0-3-3-3-1-1-4	2-1-3-3-3-1-1-3-3-3-3-6
425	5	6-4-5-6-4-4-5-5-5-5-5-4	3-4-4-6-6-4-6-6-6-4-6-4	1-3-3-6-6-4-4-3-4-6-4-6	6-3-5-6-6-6-4-1-4-4-6-3	6-4-2-6-3-6-6-6-4-5-6-6	4-4-6-5-3-1-6-6-4-4-2-6	2-4-4-2-4-0-2-4-5-5-6-5	3-6-3-6-6-3-7-5-5-3-6-3	4-3-7-6-6-4-3-4-2-4-6-2	7-6-5-6-6-6-4-2-7-5-6-1	3-5-5-2-3-7-3-3-3-5-5-5	3-5-5-3-6-3-1-3-1-3-2-1
425	6	5-7-5-5-6-7-7-5-7-6-5-7	6-4-4-5-4-7-5-5-7-6-7-7	7-5-4-5-5-6-5-7-7-5-6-5	5-6-6-5-5-5-4-5-5-4-5-3	5-3-2-5-6-5-5-5-6-6-5-5	7-6-5-7-6-7-5-5-6-4-2-5	2-1-2-3-7-6-2-5-6-2-5-5	6-5-2-5-5-7-7-5-5-4-5-3	6-3-6-6-5-2-3-6-2-4-5-6	6-5-6-5-5-5-5-2-0-2-5-1	3-6-6-2-2-6-3-6-3-6-6-6	2-7-5-5-5-6-6-3-1-3-2-4
425	7	7-6-7-4-7-7-5-7-6-5-5-6	6-7-7-1-7-7-5-7-6-7-6-6	7-7-7-5-7-6-6-6-6-7-7-7	6-7-7-7-7-7-2-7-5-7-7-3	5-3-7-7-7-7-6-7-7-7-1-5	7-7-6-6-7-3-7-7-7-7-7-7	3-7-7-7-6-7-6-7-7-7-7-5	7-7-7-6-7-6-5-5-6-6-3-5	6-7-5-6-1-7-3-6-7-2-1-2	5-7-7-7-7-1-7-6-5-7-3-7	3-7-7-3-2-6-3-3-3-6-7-7	7-6-5-3-3-7-7-3-7-7-5-1
426	0	0-0-0-0-0-0-0-0-0-0-0-0	0-0-0-0-0-0-0-0-0-0-0-0	0-0-0-0-0-0-0-0-0-0-0-0	0-0-0-0-0-0-0-0-0-0-0-0	0-0-0-0-0-0-0-0-0-0-0-0	0-0-0-0-0-0-0-0-0-0-0-0	0-0-0-0-0-0-0-0-0-0-0-0	0-0-0-0-0-0-0-0-0-0-0-0	0-0-0-0-0-0-0-0-0-0-0-0	0-0-0-0-0-0-0-0-0-0-0-0	0-0-0-0-0-0-0-0-0-0-0-0	0-0-0-0-0-0-0-0-0-0-0-0
426	1	1-1-1-1-1-1-1-1-1-1-1-1	0-2-1-0-2-0-0-2-1-1-0-1	0-0-0-1-2-0-2-0-0-2-2-2	0-0-0-0-0-0-1-0-2-1-2-0	1-1-0-1-0-1-2-0-1-1-1-0	0-0-0-0-0-0-0-0-1-1-1-0	0-1-1-0-0-1-1-0-1-1-0-0	1-1-0-0-1-0-1-2-0-1-0-1	1-0-0-0-3-0-0-0-1-2-2-1	0-0-2-0-0-0-0-1-0-0-0-1	2-1-0-1-0-0-0-0-0-0-0-1	2-0-0-0-0-1-0-0-0-0-1-0
426	2	2-2-1-1-1-1-2-1-2-2-2-2	3-1-1-2-1-2-2-1-3-1-3-3	0-3-0-3-3-3-3-4-0-3-1-3	3-3-3-4-3-3-3-2-3-1-1-0	2-0-2-3-0-3-3-3-2-2-2-0	3-0-3-1-2-4-3-2-1-1-1-3	3-3-1-0-3-2-2-3-1-2-2-3	2-6-8-3-2-0-1-1-2-2-0-0	2-0-3-3-4-2-0-3-2-1-4-2	2-3-1-1-3-2-3-1-3-3-0-2	1-2-2-2-0-2-0-2-1-3-2-1	1-2-3-0-0-2-3-3-2-2-3-2
426	3	3-4-4-3-3-3-3-3-3-3-3-4	2-4-4-2-1-4-2-4-2-1-2-4	4-2-0-2-2-2-4-2-4-4-4-4	2-4-4-2-2-2-2-2-2-4-4-0	2-0-5-2-3-2-4-2-4-3-2-3	2-2-5-3-3-2-4-2-3-3-8-3	2-2-3-4-2-3-4-2-3-3-4-2	3-4-2-2-2-4-7-4-2-3-0-3	3-0-2-2-1-2-0-2-3-3-3-3	2-2-1-4-2-2-4-3-2-4-4-2	4-4-3-3-8-2-0-0-4-2-2-3	0-2-2-4-0-3-2-2-3-3-3-3
426	4	4-3-5-5-3-3-3-3-4-4-4-3	2-3-3-4-5-3-5-3-3-4-5-3	3-5-5-5-4-4-3-5-3-3-3-4	2-6-5-2-2-2-3-2-3-3-3-6	2-8-0-4-6-3-3-4-3-3-5-8	5-4-3-4-3-2-3-3-3-1-5-4	5-2-3-4-5-4-3-3-4-1-5-2	5-3-6-2-2-6-4-3-2-4-4-6	6-6-5-2-2-4-4-7-3-4-2-4	5-6-3-3-3-2-3-3-5-3-5-2	6-3-3-3-4-2-6-5-6-2-3-4	4-3-4-3-6-4-3-6-6-6-5-2
426	5	6-5-6-4-6-6-6-6-6-6-6-8	6-6-5-4-6-6-6-6-6-6-4-6	5-6-6-7-6-6-6-6-6-6-6-6	6-5-6-7-7-6-6-6-6-7-5-4	7-5-5-7-5-5-6-5-6-6-7-5	6-5-6-5-6-6-6-7-6-5-4-5	4-6-5-5-7-5-3-6-5-7-4-6	6-5-4-5-5-4-5-6-2-7-4-5	5-4-6-5-7-7-5-4-7-7-5-4	4-4-5-6-5-6-6-5-4-6-8-7	4-7-6-7-6-7-4-4-8-5-6-5	5-8-7-8-4-7-7-4-4-5-5-8
426	6	5-5-5-8-5-5-5-5-5-5-5-5	5-5-5-7-5-5-5-5-5-5-7-5	4-7-5-5-5-5-5-5-5-5-5-5	7-4-5-5-7-7-5-5-5-5-7-4	5-5-6-6-4-7-7-6-5-5-5-6	5-5-7-6-5-5-7-5-5-5-1-7	7-5-5-4-4-6-6-5-5-5-7-5	5-7-4-7-6-4-3-5-2-5-7-4	4-4-5-7-5-5-4-8-5-5-6-4	5-4-6-5-7-5-5-5-5-5-7-5	4-5-5-5-5-6-4-4-4-6-5-6	5-7-6-0-7-5-5-4-7-4-6-3
426	7	5-8-5-6-5-5-5-5-5-5-5-5	5-5-5-6-5-5-8-6-5-5-6-5	4-6-5-5-6-7-5-5-5-5-7-6	6-7-7-5-6-6-5-5-6-5-6-4	5-4-6-5-4-6-6-7-7-7-5-6	6-5-6-7-7-5-6-5-7-7-1-6	6-5-5-8-5-7-6-6-7-5-6-5	5-6-2-6-2-5-3-6-8-5-6-4	7-4-7-6-5-5-7-4-5-5-6-3	7-6-7-5-6-2-5-8-8-5-6-5	5-5-6-5-5-7-7-0-6-6-5-7	8-6-5-7-6-5-5-5-6-4-6-5
426	8	8-7-6-6-8-5-5-8-5-5-5-5	5-5-8-6-8-5-7-8-8-8-7-5	8-8-8-5-8-5-7-5-5-8-5-8	6-8-8-8-8-8-7-8-8-8-8-4	5-4-8-8-8-8-7-8-8-8-5-6	5-8-8-7-8-4-8-8-8-8-8-8	7-8-8-7-5-8-8-8-8-8-5-5	8-8-2-8-8-4-8-2-7-5-5-8	7-7-8-8-5-8-8-6-8-5-6-8	7-4-8-8-8-2-8-7-7-8-5-8	5-5-3-4-5-7-5-5-5-5-8-8	5-5-6-5-6-8-8-5-8-8-7-5
427	0	0-0-0-0-0-0-0-0-0-0-0-0	0-0-0-0-0-0-0-0-0-0-0-0	0-0-0-0-0-0-0-0-0-0-0-0	0-0-0-0-0-0-0-0-0-0-0-0	0-0-0-0-0-0-0-0-0-0-0-0	0-0-0-0-0-0-0-0-0-0-0-0	0-0-0-0-0-0-0-0-0-0-0-0	0-0-0-0-0-0-0-0-0-0-0-0	0-0-0-0-0-0-0-0-0-0-0-0	0-0-0-0-0-0-0-0-0-0-0-0	0-0-0-0-0-0-0-0-0-0-0-0	0-0-0-0-0-0-0-0-0-0-0-0
427	1	1-1-1-2-1-1-1-2-1-2-1-1	2-2-1-0-2-2-4-2-1-2-2-2	1-2-2-2-2-2-2-2-2-2-3-2	2-1-2-2-1-0-2-3-1-2-2-1	4-1-1-3-2-1-2-1-1-2-4-1	2-2-2-3-2-2-2-2-1-1-2-2	1-1-1-1-2-1-0-2-3-4-5-1	1-1-2-1-1-2-1-1-1-1-0-1	1-0-1-1-2-5-1-2-2-1-1-2	2-1-2-2-1-1-2-2-2-1-0-1	1-9-1-2-3-2-2-1-1-1-2-1	2-1-1-1-1-1-1-2-1-1-1-3
427	2	1-1-1-1-1-1-1-1-1-1-1-1	1-1-1-4-1-1-0-1-1-1-3-1	1-3-1-4-3-1-1-1-1-3-1-3	3-0-1-1-3-3-1-4-1-1-1-1	1-0-5-3-1-3-3-3-1-1-1-4	4-1-3-1-1-4-3-4-1-1-6-4	1-1-1-1-3-2-2-3-2-1-4-3	1-2-1-3-3-1-1-9-4-0-4-0	2-0-3-3-1-1-1-3-1-2-3-1	1-3-1-1-3-4-1-1-3-1-0-4	1-2-0-1-1-1-1-1-1-1-3-1	1-3-2-1-1-1-3-1-2-2-2-1
427	3	1-4-1-3-3-1-1-3-1-1-1-1	1-5-3-2-1-1-1-4-1-1-2-4	1-2-1-2-2-2-4-5-1-2-4-2	2-1-4-1-2-2-1-2-4-5-4-0	3-0-2-2-2-4-4-2-2-1-1-2	2-0-4-1-3-2-2-2-3-3-8-3	4-1-1-0-2-3-6-2-1-6-4-2	5-2-4-4-2-1-4-2-2-3-4-1	4-0-4-2-3-2-0-2-1-3-2-4	1-2-1-4-2-2-3-5-2-1-4-2	0-2-0-3-1-1-4-0-0-3-2-1	1-2-2-4-0-1-2-1-8-2-3-1
427	4	1-3-1-4-3-4-1-1-4-4-5-4	1-3-3-2-1-1-1-3-1-1-5-3	1-4-5-2-5-5-3-3-1-5-3-5	5-5-5-5-2-2-3-2-3-3-3-1	1-0-2-4-7-3-5-4-5-1-1-2	2-4-3-3-4-2-5-2-4-4-3-2	3-2-1-0-2-3-8-5-4-1-3-2	1-2-5-3-2-5-3-4-2-4-5-5	3-0-3-2-4-4-3-5-9-8-5-3	1-4-1-5-9-2-5-3-9-1-3-2	1-2-8-8-5-1-3-3-0-4-5-1	1-5-2-3-1-1-3-1-7-2-3-3
427	5	5-5-5-5-3-4-5-4-5-5-4-6	6-3-3-6-1-1-6-2-1-5-4-6	8-6-6-2-4-6-4-3-6-4-4-4	4-5-4-4-2-6-5-8-3-3-3-5	2-5-2-4-6-3-4-5-4-5-1-2	6-6-4-7-4-7-4-0-1-3-1-6	7-1-5-5-6-5-3-4-4-1-1-4	5-5-4-6-3-7-4-6-2-5-6-4	1-0-5-4-4-1-5-4-6-5-4-3	6-2-5-4-6-2-4-3-6-6-5-2	5-2-1-4-4-5-5-5-6-5-4-1	6-4-9-5-6-1-1-5-3-4-4-1
427	6	7-6-7-9-7-7-7-7-7-7-7-9	7-7-7-5-7-7-7-6-7-7-7-7	6-7-7-7-7-7-7-8-7-7-6-7	6-7-5-7-6-5-8-8-7-7-6-7	7-7-6-4-5-6-6-6-7-8-8-6	6-5-7-8-7-7-6-7-7-6-2-5	5-7-6-5-5-6-7-5-6-8-2-7	6-6-8-5-6-5-8-7-2-6-5-9	6-6-7-6-7-7-7-5-8-6-2-8	6-7-6-7-5-7-7-6-5-5-5-2	6-8-6-7-7-9-1-5-5-9-8-8	5-4-8-5-5-8-8-6-6-7-3-7
427	7	6-7-9-8-6-6-6-8-6-6-6-7	6-6-6-8-6-6-8-7-6-6-8-8	7-8-8-8-8-6-8-7-8-6-7-7	8-6-6-8-8-8-6-8-8-6-8-6	8-6-8-8-4-7-8-8-6-6-8-8	7-7-8-6-7-5-8-8-6-7-1-6	8-8-7-5-6-7-6-8-6-6-8-6	6-8-9-8-8-5-9-8-2-4-8-7	6-6-6-8-8-6-6-8-6-6-8-9	9-8-7-6-8-6-9-8-6-6-5-8	9-6-8-6-6-6-6-6-8-6-6-6	5-4-7-5-6-6-7-3-8-4-9-8
427	8	7-7-7-7-6-6-6-7-6-6-7-9	6-6-7-7-6-6-7-7-7-6-7-7	9-7-7-7-7-8-7-6-7-7-7-7	7-8-8-7-7-7-6-7-7-6-7-5	7-5-7-7-8-8-9-7-8-6-7-7	9-8-7-6-8-9-7-7-8-8-3-8	9-7-6-5-8-8-4-7-8-6-7-6	6-7-6-7-7-8-6-7-2-6-7-8	8-8-8-7-7-6-5-8-6-4-7-6	9-7-8-5-7-2-7-7-9-6-5-7	6-6-7-4-9-6-8-8-5-8-6-8	5-4-6-5-6-6-6-6-7-4-7-7
427	9	9-6-7-7-6-6-6-9-6-6-6-8	6-6-9-7-9-6-7-7-7-9-7-7	9-8-7-6-9-6-8-8-7-9-6-9	8-9-6-9-9-7-8-9-6-9-9-5	7-5-9-9-8-9-8-9-9-9-7-7	8-9-9-7-9-8-9-9-9-9-9-8	8-9-9-8-8-9-9-9-9-9-8-6	9-7-7-8-9-8-7-7-2-6-8-6	8-9-9-8-7-9-9-8-4-1-7-7	8-9-9-9-9-2-7-7-8-6-7-9	7-6-9-9-8-6-9-1-9-6-9-9	6-4-6-1-3-9-9-1-9-9-7-6
428	0	0-0-0-0-0-0-0-0-0-0-0-0	0-0-0-0-0-0-0-0-0-0-0-0	0-0-0-0-0-0-0-0-0-0-0-0	0-0-0-0-0-0-0-0-0-0-0-0	0-0-0-0-0-0-0-0-0-0-0-0	0-0-0-0-0-0-0-0-0-0-0-0	0-0-0-0-0-0-0-0-0-0-0-0	0-0-0-0-0-0-0-0-0-0-0-0	0-0-0-0-0-0-0-0-0-0-0-0	0-0-0-0-0-0-0-0-0-0-0-0	0-0-0-0-0-0-0-0-0-0-0-0	0-0-0-0-0-0-0-0-0-0-0-0
428	1	1-1-1-1-1-1-1-2-1-1-1-1	1-1-0-1-0-1-1-2-2-1-1-0	1-1-1-2-1-1-2-1-0-1-2-1	1-2-2-1-1-1-2-2-0-0-0-2	1-2-2-0-2-0-2-1-0-0-1-1	1-0-1-2-0-2-0-0-0-0-0-1	3-0-0-1-0-0-0-0-0-1-4-0	0-0-4-0-1-3-0-1-3-3-1-0	0-3-2-0-2-0-1-4-2-1-1-2	1-4-2-0-0-1-5-1-3-2-0-0	1-5-2-1-2-3-2-2-4-1-2-1	3-5-1-3-3-1-1-1-1-4-1-1
428	2	1-3-2-1-2-1-2-3-2-2-3-1	3-1-0-3-3-3-1-3-3-1-3-3	3-2-3-3-3-3-3-3-3-3-4-2	3-1-3-3-3-3-1-3-3-3-2-1	3-1-1-4-1-2-3-2-3-2-5-2	2-5-3-1-0-1-2-2-0-3-6-3	3-5-2-1-3-1-3-3-0-3-6-3	2-2-1-3-2-1-4-9-2-1-2-3	0-2-4-3-1-3-1-3-3-9-2-1	2-2-1-2-3-2-3-2-1-1-3-9	2-3-1-2-1-1-1-1-1-2-3-5	1-3-2-1-2-3-5-3-1-2-2-4
428	3	3-2-4-6-2-2-2-2-2-2-2-4	2-2-2-2-2-2-4-2-2-4-4-2	2-5-4-2-2-2-4-2-2-2-4-4	4-4-2-2-5-4-2-2-2-2-2-1	2-2-1-6-1-2-4-4-2-2-4-4	4-9-4-3-3-5-4-7-0-3-0-4	2-2-2-1-4-0-1-4-0-2-3-2	2-5-8-4-4-1-9-9-1-1-2-2	1-1-2-4-5-2-1-2-2-3-2-4	2-2-0-2-4-2-4-2-4-1-2-5	7-2-6-5-1-1-1-6-0-4-2-1	1-4-5-1-4-2-4-2-1-1-3-5
428	4	5-5-3-2-4-4-4-5-4-2-2-5	3-5-5-3-8-2-3-3-5-3-3-2	2-3-3-3-2-2-5-2-3-3-5-3	3-3-5-3-3-3-5-2-5-2-5-2	2-1-2-2-5-5-5-3-5-6-3-3	3-2-3-3-4-3-5-3-5-4-6-3	2-2-4-5-3-4-5-3-0-6-3-5	5-3-3-3-3-1-6-5-1-6-1-5	6-1-2-3-4-6-1-5-8-4-3-3	2-1-6-0-3-2-3-4-3-5-2-4	3-2-2-6-2-3-1-1-1-3-2-4	1-3-1-5-6-2-3-2-1-1-6-2
428	5	6-4-5-6-5-5-2-4-2-2-2-6	5-4-4-2-5-2-6-6-7-5-6-6	5-3-7-3-3-6-4-5-6-2-4-5	6-5-6-6-3-3-4-1-4-4-4-7	2-9-1-5-7-4-4-5-4-5-2-2	6-2-4-5-4-3-4-4-4-0-0-3	5-2-5-5-5-5-4-0-5-4-7-4	4-3-7-3-3-7-4-4-7-5-5-8	5-7-4-4-3-5-5-6-4-5-3-1	5-2-0-0-4-3-4-4-6-7-5-3	9-1-2-9-2-7-7-7-7-1-4-2	1-1-7-4-7-3-4-6-1-9-1-3
428	6	7-9-8-7-7-7-7-7-7-7-8-7	7-4-4-8-7-7-9-7-7-7-7-7	8-8-8-8-7-7-7-8-7-8-7-7	7-5-7-8-7-7-7-7-7-7-7-5	8-5-8-8-5-6-7-6-7-8-8-6	9-7-7-3-5-8-7-8-6-6-2-6	7-7-6-6-7-6-4-7-0-4-7-7	8-7-9-7-8-5-4-8-6-4-7-5	4-5-7-7-8-8-8-7-7-7-8-8	7-8-4-7-7-9-7-4-7-5-8-8	7-9-7-4-7-8-8-8-8-7-7-6	7-9-6-7-7-8-8-8-7-7-4-8
428	7	6-6-6-6-7-6-6-6-6-6-6-6	6-8-7-6-6-6-6-6-6-6-6-6	6-6-6-6-6-6-8-6-6-6-8-6	6-5-6-6-6-6-6-6-6-8-6-5	6-5-6-7-5-8-8-6-8-6-6-6	6-6-6-5-7-5-8-3-8-7-0-4	6-6-8-5-6-6-8-6-7-4-6-6	6-8-5-6-6-5-8-8-5-4-6-6	8-5-6-6-7-6-7-6-6-6-6-3	6-6-7-6-6-6-6-7-6-5-6-6	6-6-6-9-6-6-5-5-5-6-6-7	6-6-5-6-5-6-6-6-6-8-7-6
428	8	6-9-6-5-7-9-6-6-6-6-6-5	6-7-7-6-6-6-6-7-6-6-6-6	6-6-6-6-6-6-7-6-6-6-7-6	6-5-8-6-6-6-9-6-6-7-6-5	6-5-6-6-8-7-7-6-7-6-6-6	6-7-6-3-8-6-7-6-7-7-0-9	9-6-7-9-9-6-7-7-8-4-9-6	8-7-3-6-6-5-7-6-9-5-6-5	8-8-6-6-8-6-8-8-4-6-6-6	6-6-8-6-7-2-6-7-9-5-6-6	6-6-8-7-7-6-6-8-6-6-6-8	1-8-1-8-9-6-6-6-8-7-7-6
428	9	9-6-6-7-9-8-6-9-6-6-6-5	6-9-9-6-9-9-6-6-9-9-8-6	9-9-6-6-9-6-8-6-6-9-9-9	8-9-6-9-9-9-8-9-6-9-9-5	6-5-9-9-9-9-8-9-9-9-6-6	6-9-9-7-9-5-9-9-9-9-9-9	8-9-9-8-6-9-9-6-9-9-8-6	9-9-6-6-9-5-6-2-8-1-6-6	8-8-6-9-6-9-9-8-9-7-6-0	6-6-7-9-9-6-9-9-8-9-6-9	6-6-7-7-6-8-6-6-5-6-9-8	1-6-6-9-7-9-9-9-9-9-8-6
429	0	0-0-0-0-0-0-0-0-0-0-0-0	0-0-0-0-0-0-0-0-0-0-0-0	0-0-0-0-0-0-0-0-0-0-0-0	0-0-0-0-0-0-0-0-0-0-0-0	0-0-0-0-0-0-0-0-0-0-0-0	0-0-0-0-0-0-0-0-0-0-0-0	0-0-0-0-0-0-0-0-0-0-0-0	0-0-0-0-0-0-0-0-0-0-0-0	0-0-0-0-0-0-0-0-0-0-0-0	0-0-0-0-0-0-0-0-0-0-0-0	0-0-0-0-0-0-0-0-0-0-0-0	0-0-0-0-0-0-0-0-0-0-0-0
429	1	1-1-1-1-1-1-1-1-1-1-1-1	1-2-1-0-0-2-0-1-0-1-0-1	1-0-0-1-2-0-2-0-0-2-2-2	2-2-2-0-2-0-0-0-2-2-2-1	0-0-1-0-0-2-0-0-2-0-1-0	0-0-0-0-0-0-2-0-1-1-0-2	0-1-1-0-0-1-0-0-1-1-2-0	1-1-0-0-1-0-3-1-0-1-0-0	1-0-0-0-0-0-0-0-0-1-0-0	0-0-2-0-1-0-0-1-0-0-0-1	2-0-4-0-3-0-0-4-2-0-2-1	1-1-1-1-1-1-0-0-0-1-4-1
429	2	2-2-3-2-2-1-2-2-3-3-2-3	3-1-1-4-3-1-3-2-3-3-2-3	2-3-4-3-3-3-3-2-3-5-3-3	3-3-1-3-4-4-3-4-1-1-3-2	3-0-3-3-6-1-3-3-2-1-4-3	3-3-3-2-2-5-3-3-1-2-0-4	3-4-1-0-3-0-3-3-2-5-7-3	1-4-0-3-3-2-1-3-3-3-7-2	3-0-3-3-5-2-0-3-3-3-3-3	3-3-1-3-3-3-3-7-3-0-3-5	1-3-1-2-1-2-1-0-1-3-3-1	1-3-4-2-1-0-3-0-2-0-3-2
429	3	2-3-2-4-2-3-2-3-2-2-2-2	2-4-3-2-2-2-2-4-2-2-2-2	2-2-2-2-2-2-4-4-2-5-4-2	2-2-2-2-2-2-2-2-4-4-4-0	2-0-2-2-2-4-4-2-3-3-2-2	2-2-4-2-3-2-4-2-3-3-6-2	2-1-3-4-2-3-2-2-3-3-2-2	5-2-0-4-2-3-1-2-2-2-0-0	3-0-4-2-3-0-0-2-4-3-2-2	4-4-3-5-2-2-2-5-4-3-4-2	5-4-1-6-5-0-2-1-0-2-2-1	3-2-2-4-2-3-2-2-3-0-2-4
429	4	2-4-2-4-6-5-2-4-2-2-4-2	2-3-3-2-3-3-2-5-2-2-2-5	7-4-2-2-2-2-5-6-6-4-5-5	2-5-5-2-2-2-2-2-5-3-3-2	2-0-2-2-2-3-5-4-5-2-2-2	2-2-3-8-4-2-5-2-4-4-7-2	2-2-4-3-5-4-4-5-5-4-2-2	5-2-0-3-2-0-6-2-2-4-5-5	4-0-5-2-3-0-7-2-7-4-2-3	3-3-4-5-5-4-5-6-3-3-3-2	1-3-1-4-1-5-3-1-5-3-2-1	7-2-2-3-7-7-3-1-6-5-7-3
429	5	2-2-2-2-4-4-5-7-5-2-2-7	5-4-3-2-7-6-6-6-4-6-6-6	5-6-6-2-2-6-4-6-4-3-4-4	6-6-6-2-2-6-6-6-4-6-4-5	2-6-2-4-6-3-6-2-5-5-2-2	8-6-3-2-5-7-4-2-1-4-4-2	2-2-4-8-4-5-4-4-4-2-8-7	3-6-7-4-2-6-4-2-5-6-5-4	4-5-4-2-2-0-5-6-4-2-2-1	4-2-5-4-3-2-4-3-6-6-5-2	3-2-1-3-3-6-5-7-4-5-6-5	4-2-5-7-3-5-5-7-2-4-2-1
429	6	7-4-6-7-4-4-7-2-6-2-6-7	5-4-4-6-7-5-5-5-4-5-7-7	8-7-5-8-7-5-7-7-4-7-7-7	7-5-5-7-7-7-5-7-7-5-7-2	7-5-2-7-2-6-7-7-6-6-8-7	7-5-7-2-5-6-7-6-4-6-3-2	6-7-4-8-4-5-6-7-6-8-7-7	0-7-8-7-7-5-8-8-8-5-7-0	0-0-7-7-7-0-5-7-4-3-7-3	8-7-5-3-7-7-2-4-5-5-7-6	7-6-3-3-8-5-0-0-0-6-5-1	4-6-5-5-7-7-7-0-4-6-8-7
429	7	6-8-6-6-4-8-8-8-8-7-6-8	8-3-4-6-7-7-6-6-8-6-6-6	4-6-5-6-6-6-6-6-6-6-6-6	6-6-7-6-6-6-8-6-6-5-6-8	6-5-2-6-7-6-8-6-7-7-6-2	6-6-6-8-7-5-6-7-3-7-4-8	2-6-4-5-7-7-8-6-7-7-2-5	7-6-6-6-6-7-4-6-6-7-6-0	7-7-6-6-6-0-5-6-4-7-6-7	0-6-7-8-6-6-4-2-8-5-6-6	6-7-1-7-4-5-7-5-4-6-7-7	4-8-5-5-4-4-6-5-6-4-4-6
429	8	8-7-6-6-8-7-7-8-7-7-6-7	7-8-8-6-8-8-6-8-8-8-6-7	8-8-8-6-8-8-8-6-8-8-7-8	6-8-8-8-8-8-7-8-8-8-6-7	6-5-8-8-8-8-7-8-8-8-6-2	6-8-8-7-8-8-8-8-8-8-8-7	6-8-8-8-8-8-8-8-8-6-5-8	8-8-6-7-8-8-6-6-6-5-7-8	0-8-8-8-6-8-8-5-4-4-6-8	6-8-5-8-8-6-8-7-7-8-4-8	6-8-3-4-3-4-7-5-8-8-8-8	4-7-5-4-4-8-8-8-8-8-6-8
430	0	0-0-0-0-0-0-0-0-0-0-0-0	0-0-0-0-0-0-0-0-0-0-0-0	0-0-0-0-0-0-0-0-0-0-0-0	0-0-0-0-0-0-0-0-0-0-0-0	0-0-0-0-0-0-0-0-0-0-0-0	0-0-0-0-0-0-0-0-0-0-0-0	0-0-0-0-0-0-0-0-0-0-0-0	0-0-0-0-0-0-0-0-0-0-0-0	0-0-0-0-0-0-0-0-0-0-0-0	0-0-0-0-0-0-0-0-0-0-0-0	0-0-0-0-0-0-0-0-0-0-0-0	0-0-0-0-0-0-0-0-0-0-0-0
430	1	1-1-1-1-1-1-1-1-1-1-1-1	1-2-1-0-2-2-2-1-2-1-2-2	1-2-2-1-3-2-1-2-2-2-1-1	2-2-2-1-1-0-2-1-1-2-2-1	2-0-1-0-1-1-1-1-2-2-3-1	1-0-2-0-0-2-2-0-2-1-0-2	4-1-1-1-2-4-0-2-1-1-4-2	1-1-0-2-1-3-2-1-1-2-0-1	1-0-2-0-2-3-4-2-7-1-1-2	2-1-1-2-1-1-2-1-2-3-0-1	1-8-4-2-3-1-1-1-2-1-2-1	2-1-1-1-3-1-6-3-4-1-1-1
430	2	2-2-3-2-1-1-1-2-1-3-1-2	3-1-1-3-1-1-3-2-1-1-3-1	2-3-3-1-5-3-3-1-1-3-1-2	3-3-1-3-3-3-3-5-1-1-3-1	5-0-3-5-1-3-3-3-1-1-8-3	3-3-3-2-1-1-3-3-1-2-0-3	3-3-1-3-3-1-3-3-1-1-3-3	1-7-8-3-3-1-1-7-3-1-3-1	1-0-3-3-8-2-3-3-1-5-3-2	1-3-1-1-3-7-3-1-3-1-3-3	3-1-7-1-1-1-1-1-1-3-1-1	1-3-3-1-1-1-3-1-7-2-7-2
430	3	2-3-2-3-2-1-2-1-2-2-2-2	2-4-3-2-1-1-2-2-2-2-2-2	0-2-2-1-1-2-2-2-2-2-1-4	2-2-4-2-2-2-2-2-4-1-4-1	2-1-2-2-4-2-2-2-4-3-1-2	2-2-2-2-3-1-2-2-3-3-6-2	2-2-3-4-2-3-6-2-3-1-2-4	3-2-4-4-2-1-3-2-2-5-2-1	1-0-2-2-3-1-3-4-1-3-2-5	4-2-5-4-2-2-2-3-2-1-5-2	2-1-1-3-7-4-4-0-1-2-4-2	1-2-2-2-1-2-2-1-1-4-2-3
430	4	5-4-5-5-5-5-5-4-5-5-5-5	5-3-3-5-4-5-5-5-5-5-5-5	6-5-5-8-4-5-5-5-6-6-5-5	5-5-5-5-4-6-5-2-4-4-3-8	2-6-2-7-5-3-5-5-3-5-2-2	5-5-7-5-5-8-3-5-3-4-7-3	3-2-4-3-5-1-5-5-4-1-1-3	5-2-5-3-4-5-5-4-2-3-5-5	1-5-5-2-2-5-7-5-3-4-4-1	4-1-1-3-3-3-3-4-5-5-4-2	1-1-5-5-5-3-7-6-5-5-3-7	4-3-1-3-8-1-3-6-5-5-2-1
430	5	4-7-4-4-4-4-4-5-4-4-4-4	4-7-6-4-4-4-4-4-4-4-4-4	0-4-4-1-2-4-6-4-6-4-6-4	4-4-4-4-2-4-4-2-6-7-4-4	2-4-2-2-4-6-6-4-6-4-2-2	4-4-3-4-4-4-6-4-5-5-3-5	2-6-5-0-4-5-4-4-4-7-6-6	4-2-4-2-2-4-6-2-2-3-4-4	1-4-6-2-5-1-3-4-1-2-2-3	4-2-3-6-6-2-2-7-4-4-3-2	4-6-4-4-1-1-4-6-4-4-5-4	7-2-4-2-0-4-2-4-4-4-4-7
430	6	7-6-8-8-4-4-6-7-8-4-7-8	6-5-5-7-4-4-8-7-4-4-4-4	6-7-7-7-7-4-7-4-5-4-5-6	7-4-4-7-7-7-4-6-5-5-7-6	7-4-8-6-4-5-7-7-5-8-7-7	4-7-4-4-4-4-5-7-5-6-3-7	3-5-5-7-5-6-3-5-6-5-7-7	3-2-1-7-7-1-5-2-6-5-7-4	8-4-5-7-7-1-6-4-1-1-2-3	8-7-1-5-5-3-7-3-8-4-7-2	7-5-5-4-3-8-4-5-4-6-1-4	5-3-6-7-7-3-1-4-2-7-2-4
430	7	6-8-6-6-7-8-4-6-4-4-6-8	8-5-5-6-4-6-6-4-8-4-4-8	6-6-6-6-6-7-6-5-8-5-7-6	6-7-7-6-6-6-4-2-5-5-6-6	6-4-2-6-7-7-6-6-7-7-6-6	8-6-8-7-4-8-6-6-7-7-4-6	8-2-3-6-8-7-4-6-7-5-6-6	7-2-4-6-6-4-8-2-6-3-6-4	7-4-7-7-7-1-4-8-1-1-6-3	7-7-7-6-7-2-6-8-8-6-6-2	6-7-7-5-3-7-4-7-4-7-1-4	5-3-7-6-6-7-7-1-2-6-2-5
430	8	8-7-6-6-8-8-4-8-6-4-6-7	7-8-8-6-8-8-6-8-8-8-4-4	8-7-8-8-8-8-7-7-7-8-8-8	8-8-8-8-8-8-4-8-7-8-8-4	8-4-8-8-8-8-7-8-8-6-2-8	7-8-7-4-8-4-8-8-8-8-8-7	7-8-8-3-7-8-8-8-8-8-7-4	8-8-8-7-8-7-7-2-7-6-4-4	6-8-7-7-2-8-8-7-8-2-6-8	7-8-8-8-8-2-8-7-7-8-3-8	4-1-8-8-3-7-4-4-4-7-8-7	4-3-6-1-4-8-8-8-8-8-2-8
431	0	0-0-0-0-0-0-0-0-0-0-0-0	0-0-0-0-0-0-0-0-0-0-0-0	0-0-0-0-0-0-0-0-0-0-0-0	0-0-0-0-0-0-0-0-0-0-0-0	0-0-0-0-0-0-0-0-0-0-0-0	0-0-0-0-0-0-0-0-0-0-0-0	0-0-0-0-0-0-0-0-0-0-0-0	0-0-0-0-0-0-0-0-0-0-0-0	0-0-0-0-0-0-0-0-0-0-0-0	0-0-0-0-0-0-0-0-0-0-0-0	0-0-0-0-0-0-0-0-0-0-0-0	0-0-0-0-0-0-0-0-0-0-0-0
431	1	1-1-1-0-1-1-1-0-1-1-1-1	1-0-0-1-0-1-1-2-1-1-2-2	1-1-0-0-2-2-2-0-0-0-2-1	2-2-2-0-0-1-0-4-0-0-0-4	0-1-4-0-2-0-2-2-0-0-0-1	0-4-0-1-0-2-0-0-0-0-0-2	0-0-0-3-2-0-0-2-0-1-0-0	0-0-0-0-1-2-0-0-2-1-2-1	0-2-2-0-0-0-2-2-0-1-0-1	2-0-1-2-0-0-1-0-2-2-0-1	3-0-1-0-1-1-1-0-0-1-0-1	1-0-1-2-0-1-1-1-1-1-1-1
431	2	2-3-3-3-3-2-2-2-2-2-2-3	2-3-0-3-0-1-3-1-3-3-3-3	1-3-3-4-3-1-3-3-3-3-3-3	3-1-3-3-3-3-0-3-2-0-3-1	2-0-7-3-1-3-3-3-1-7-2-3	3-1-3-2-2-3-3-3-0-2-0-1	2-3-0-1-3-0-4-1-0-2-2-3	2-4-6-3-2-1-3-6-5-1-6-0	2-1-1-2-4-3-1-1-3-6-3-3	3-2-1-1-3-4-3-0-3-1-0-2	1-7-1-0-1-2-2-1-0-2-3-1	1-3-1-1-3-2-3-1-2-2-2-2
431	3	2-6-2-2-2-3-3-3-3-3-4-2	2-4-4-2-4-3-2-4-4-2-2-2	1-2-2-3-2-2-4-4-2-2-4-4	2-2-2-2-2-2-5-2-4-4-4-1	2-3-5-4-3-2-4-2-4-0-2-2	2-1-2-2-3-2-4-2-6-3-0-2	2-2-3-1-2-3-5-4-5-3-0-2	4-2-2-2-2-4-6-3-3-3-0-4	3-3-4-2-3-2-1-4-5-3-2-2	2-0-3-6-2-3-2-6-2-4-7-4	1-0-3-5-1-2-3-2-0-2-2-4	1-2-1-5-2-2-2-3-1-2-3-2
431	4	4-4-4-4-5-3-4-5-4-5-3-6	5-3-3-2-3-5-2-3-3-3-5-5	4-5-6-2-4-4-3-5-5-2-3-3	5-4-5-5-2-2-4-1-3-3-3-1	2-7-1-5-3-3-5-5-3-4-2-4	0-1-3-4-5-6-3-2-3-0-0-5	5-2-2-4-5-1-2-4-4-4-7-3	5-2-2-2-2-5-2-3-3-5-5-5	5-5-3-2-2-4-7-5-5-4-2-3	5-7-3-5-0-2-3-3-5-5-5-3	5-0-5-3-5-5-5-5-5-7-3-4	4-2-4-5-5-5-2-5-4-5-4-2
431	5	6-5-6-6-5-5-7-4-5-5-6-6	4-3-3-7-4-4-6-6-4-6-4-4	6-4-4-6-6-6-6-4-4-4-6-6	6-4-5-4-6-6-3-6-3-3-6-1	6-7-6-4-4-6-6-6-3-6-6-6	6-3-7-2-4-5-3-6-5-5-0-4	4-6-0-3-7-5-3-7-3-3-6-3	4-6-2-6-5-4-7-7-2-4-4-4	7-4-5-6-7-5-4-6-4-5-6-4	4-5-3-4-6-6-6-3-4-4-4-6	6-5-4-3-4-5-4-4-4-5-3-5	1-5-5-5-4-4-2-4-5-5-6-2
431	6	5-7-5-5-6-7-7-7-7-5-5-7	5-3-3-5-4-7-5-7-7-6-7-4	5-7-4-5-5-5-5-4-7-6-6-5	5-4-6-5-2-5-7-5-3-6-5-1	5-5-5-5-6-5-5-5-6-6-5-5	7-7-7-7-4-4-6-5-6-6-0-6	7-5-0-7-7-6-3-5-6-3-5-3	6-5-2-7-2-7-3-2-7-4-2-4	6-4-6-7-6-5-6-5-4-2-5-2	6-5-6-3-5-5-5-3-7-4-6-5	5-6-5-3-7-5-6-6-6-6-6-6	7-7-5-6-5-6-2-4-5-5-5-2
431	7	7-6-5-5-7-6-5-7-6-5-5-7	6-7-7-5-7-6-6-7-7-7-6-7	7-7-7-2-7-5-5-7-6-7-7-7	7-7-7-7-7-7-6-7-7-7-7-4	5-4-7-7-7-7-6-7-7-7-5-5	6-7-6-6-7-7-7-7-7-7-7-7	6-7-7-7-5-7-7-5-7-7-5-7	7-7-2-6-7-6-5-5-6-1-4-6	5-7-7-6-5-7-4-6-7-7-5-5	5-5-7-7-7-6-2-7-6-7-7-7	7-7-0-3-6-1-6-4-7-6-7-7	6-6-7-7-6-7-7-7-7-7-6-7
432	0	0-0-0-0-0-0-0-0-0-0-0-0	0-0-0-0-0-0-0-0-0-0-0-0	0-0-0-0-0-0-0-0-0-0-0-0	0-0-0-0-0-0-0-0-0-0-0-0	0-0-0-0-0-0-0-0-0-0-0-0	0-0-0-0-0-0-0-0-0-0-0-0	0-0-0-0-0-0-0-0-0-0-0-0	0-0-0-0-0-0-0-0-0-0-0-0	0-0-0-0-0-0-0-0-0-0-0-0	0-0-0-0-0-0-0-0-0-0-0-0	0-0-0-0-0-0-0-0-0-0-0-0	0-0-0-0-0-0-0-0-0-0-0-0
432	1	1-1-1-1-1-1-1-1-1-1-1-1	0-0-0-3-0-0-2-2-0-1-0-0	0-3-0-2-2-2-2-0-0-2-0-2	2-0-0-2-2-2-0-1-1-3-1-0	1-0-1-0-0-2-2-2-1-0-7-1	1-2-2-0-0-3-2-2-1-1-0-0	2-1-1-0-2-1-2-2-1-1-0-2	3-1-1-2-1-0-1-3-1-0-0-2	1-0-2-2-3-0-0-2-1-1-1-1	2-3-1-2-2-1-0-3-2-0-0-3	0-1-0-2-2-1-0-0-0-2-2-2	0-2-1-0-3-1-1-0-1-2-1-3
432	2	2-2-2-2-2-2-2-2-2-1-2-3	1-3-2-1-2-2-1-1-3-2-1-3	1-1-4-1-1-1-3-2-0-1-3-1	1-2-3-1-1-1-2-1-3-2-3-0	2-0-4-3-1-1-3-1-3-2-4-2	1-1-3-0-3-1-3-1-2-2-6-2	1-1-2-2-1-2-7-1-2-2-5-1	2-1-3-1-3-3-1-2-1-2-0-1	0-0-1-1-4-3-0-1-3-2-2-3	1-1-2-1-1-1-3-1-1-3-0-1	0-1-7-3-1-1-0-0-0-1-1-1	0-1-1-3-4-1-1-0-0-1-1-1
432	3	3-2-3-2-2-3-3-2-3-3-3-2	3-2-2-1-4-2-4-2-4-2-4-2	2-4-4-1-2-1-2-4-4-2-2-3	4-3-2-4-1-1-4-1-2-2-2-3	1-7-2-3-5-1-2-4-2-0-3-3	1-1-2-0-5-1-2-1-1-2-2-1	7-1-3-3-4-1-5-4-2-2-4-2	1-1-2-2-2-4-1-1-1-3-3-6	5-3-2-1-1-3-7-1-2-3-1-2	3-7-2-2-4-1-2-1-6-4-5-1	5-1-3-2-5-3-3-7-5-1-1-3	3-3-3-2-1-5-1-3-7-6-2-1
432	4	4-4-6-6-4-4-4-6-4-4-5-7	5-4-4-6-5-5-5-4-5-5-3-5	4-3-5-7-4-5-4-5-5-5-4-4	5-4-5-4-4-3-5-6-4-5-4-5	6-5-4-5-4-4-4-4-5-4-5-4	4-4-5-5-3-1-5-5-5-4-2-5	4-6-4-4-5-4-5-5-5-6-3-5	4-4-5-4-4-6-5-5-4-4-3-4	4-5-5-4-5-5-4-5-6-4-4-4	5-4-4-5-5-7-5-4-4-6-3-1	4-7-4-4-7-7-3-4-3-4-5-4	7-7-4-7-7-6-6-3-3-4-4-5
432	5	6-5-4-5-4-4-7-6-4-4-6-5	4-4-4-6-4-4-6-5-4-4-6-4	5-6-6-6-6-4-6-4-6-4-6-6	6-4-4-6-6-6-4-6-6-4-6-5	6-4-6-6-3-6-6-6-4-4-6-6	6-6-6-4-3-3-6-4-4-5-2-4	3-4-4-4-6-5-2-6-4-2-6-4	4-6-3-6-6-4-7-6-6-4-6-4	3-4-4-6-6-4-3-6-2-5-6-4	4-3-4-4-6-4-4-4-7-4-6-6	3-4-4-4-4-4-3-3-3-6-4-5	4-6-4-6-3-3-4-3-3-4-6-4
432	6	5-7-4-5-4-7-4-4-4-4-5-7	4-4-4-5-4-4-5-5-5-4-5-5	7-5-5-5-5-5-5-5-5-5-5-5	5-6-6-5-5-5-7-5-5-4-5-7	4-3-5-5-6-5-7-5-6-6-5-5	5-5-5-7-6-3-5-4-6-6-2-6	5-4-4-6-5-6-2-5-6-4-5-4	6-5-2-5-5-4-2-5-5-3-5-3	6-6-6-5-5-4-3-5-4-4-5-4	5-6-4-6-5-1-5-4-3-4-6-5	5-6-3-4-4-4-3-3-3-5-4-6	4-5-7-6-4-4-4-3-5-3-5-4
432	7	7-5-5-5-7-6-5-7-5-5-5-6	4-4-7-5-7-4-5-5-5-7-5-6	7-7-7-4-7-4-5-4-4-7-4-7	6-7-7-7-7-5-6-7-7-7-7-6	4-3-5-7-7-7-6-7-7-7-1-5	4-7-7-6-7-3-7-7-7-7-7-6	3-7-7-7-5-7-7-7-7-7-3-4	7-5-7-5-7-4-5-5-1-3-5-4	5-7-7-6-5-7-3-5-7-4-5-5	5-3-4-7-7-4-7-4-5-7-6-7	3-4-2-6-4-4-3-3-4-4-7-7	7-4-6-4-4-7-7-3-3-7-5-4
433	0	0-0-0-0-0-0-0-0-0-0-0-0	0-0-0-0-0-0-0-0-0-0-0-0	0-0-0-0-0-0-0-0-0-0-0-0	0-0-0-0-0-0-0-0-0-0-0-0	0-0-0-0-0-0-0-0-0-0-0-0	0-0-0-0-0-0-0-0-0-0-0-0	0-0-0-0-0-0-0-0-0-0-0-0	0-0-0-0-0-0-0-0-0-0-0-0	0-0-0-0-0-0-0-0-0-0-0-0	0-0-0-0-0-0-0-0-0-0-0-0	0-0-0-0-0-0-0-0-0-0-0-0	0-0-0-0-0-0-0-0-0-0-0-0
433	1	1-2-1-1-1-1-1-0-1-1-1-1	1-0-0-1-0-2-1-2-0-0-0-2	5-1-2-2-2-2-2-0-2-0-0-1	1-2-2-1-1-0-0-4-0-0-0-3	0-1-5-0-2-0-2-1-2-1-0-1	1-3-0-1-0-1-0-1-0-0-0-2	0-0-0-1-0-0-0-2-0-0-1-0	1-0-0-0-0-2-0-0-0-1-2-0	2-2-0-0-0-0-2-2-0-0-1-0	0-1-1-0-5-2-0-0-1-2-3-0	0-0-1-0-1-1-3-2-3-1-0-1	1-1-1-1-1-1-0-1-1-1-1-1
433	2	2-1-2-2-2-2-2-2-2-2-3-2	3-3-0-3-0-1-3-5-3-3-3-3	1-3-1-3-3-1-3-3-4-3-3-3	3-1-3-3-3-3-0-3-3-0-2-2	2-3-7-6-1-2-3-3-1-4-3-3	2-4-3-5-2-3-3-3-0-2-0-3	3-4-0-1-3-0-2-3-0-2-2-3	0-4-6-3-2-1-7-6-4-1-6-0	1-1-3-2-4-2-1-1-0-4-2-2	3-4-1-1-3-4-3-0-3-1-4-4	3-7-6-0-0-1-1-1-1-2-3-4	3-3-1-1-1-2-3-1-2-2-2-4
433	3	3-3-2-3-3-3-3-3-3-3-2-4	2-4-4-2-6-4-2-2-2-2-2-2	1-2-2-2-2-2-4-5-2-4-4-2	2-2-2-2-2-2-5-2-4-6-3-1	2-2-4-3-3-2-4-2-3-4-2-2	2-1-4-2-3-2-4-2-3-3-0-2	2-2-3-1-2-3-4-2-4-3-2-2	4-2-2-2-2-1-5-5-2-3-3-3	3-1-4-2-3-3-3-4-5-5-2-3	2-3-4-6-2-2-2-6-2-3-1-2	4-3-7-5-4-4-1-4-1-2-2-3	5-2-1-1-3-6-2-3-1-3-3-5
433	4	4-4-4-4-4-5-4-4-4-5-4-7	4-3-3-2-3-3-2-4-5-4-5-5	6-5-2-2-4-2-3-4-5-3-3-4	5-4-5-5-2-2-3-1-3-3-4-1	2-5-3-5-5-3-5-4-3-3-5-2	0-2-3-4-5-2-3-5-3-0-0-2	2-2-3-3-5-4-3-3-3-3-5-3	5-2-2-3-2-5-3-3-5-5-5-5	5-5-3-2-2-4-5-5-5-4-2-4	5-5-3-0-2-2-3-3-5-5-5-2	5-4-4-3-5-3-5-5-5-5-2-4	5-2-4-4-5-5-3-5-2-5-2-2
433	5	6-5-5-5-3-4-7-6-5-4-5-5	4-3-3-7-6-6-4-6-4-4-4-4	6-6-6-6-5-7-6-6-4-6-5-6	4-4-4-4-5-6-3-5-6-5-6-1	6-4-6-6-4-6-6-5-5-5-4-6	5-5-7-2-4-2-6-5-3-0-0-6	6-6-3-1-4-5-3-7-3-3-6-5	6-5-4-6-5-4-3-7-7-4-4-4	4-4-4-6-7-6-4-6-4-3-5-4	4-4-1-6-6-6-4-3-4-4-4-2	4-6-4-3-4-4-4-4-4-4-0-5	4-5-5-1-4-4-2-4-5-4-6-5
433	6	5-7-5-5-6-7-7-5-7-4-5-4	4-3-3-5-3-7-4-5-4-6-5-4	5-5-5-5-5-5-5-5-4-5-6-5	5-6-6-4-5-5-7-5-5-6-5-4	5-4-5-5-6-5-7-5-6-6-7-5	7-0-7-2-6-4-5-4-6-6-0-6	5-5-0-7-7-6-4-5-6-4-5-5	6-2-2-5-2-6-3-5-5-4-2-4	6-4-6-5-5-5-6-5-0-4-2-4	4-5-6-6-5-5-3-3-4-6-5-2	3-6-5-3-7-7-4-3-7-6-6-6	7-6-6-6-5-3-2-4-5-4-5-7
433	7	7-6-5-5-7-6-6-7-6-4-7-4	4-7-7-5-7-6-4-7-7-7-5-4	7-7-7-2-7-5-6-7-6-7-7-7	6-7-6-7-7-7-6-7-7-7-5-4	5-4-7-7-7-7-6-7-7-7-6-7	6-7-6-7-7-2-7-7-7-7-7-7	6-7-7-6-6-7-7-5-7-7-4-5	7-7-2-7-7-6-2-5-5-4-6-6	4-7-7-7-5-7-7-5-7-3-2-1	6-4-7-7-7-2-7-6-4-7-4-7	4-7-3-3-6-6-4-4-7-6-7-7	7-6-3-7-3-7-7-4-7-7-5-7
434	0	0-0-0-0-0-0-0-0-0-0-0-0	0-0-0-0-0-0-0-0-0-0-0-0	0-0-0-0-0-0-0-0-0-0-0-0	0-0-0-0-0-0-0-0-0-0-0-0	0-0-0-0-0-0-0-0-0-0-0-0	0-0-0-0-0-0-0-0-0-0-0-0	0-0-0-0-0-0-0-0-0-0-0-0	0-0-0-0-0-0-0-0-0-0-0-0	0-0-0-0-0-0-0-0-0-0-0-0	0-0-0-0-0-0-0-0-0-0-0-0	0-0-0-0-0-0-0-0-0-0-0-0	0-0-0-0-0-0-0-0-0-0-0-0
434	1	1-1-1-1-1-1-1-1-1-1-1-1	2-1-1-2-0-1-2-1-2-2-1-2	1-2-2-2-1-2-2-1-3-2-1-1	2-0-0-1-2-2-2-2-1-0-2-1	2-0-2-2-2-1-2-2-1-1-2-2	2-2-2-2-0-2-2-2-1-1-0-2	3-2-1-0-2-3-1-2-1-1-2-2	1-2-2-2-2-1-0-2-2-0-2-1	0-0-2-2-3-2-3-2-0-1-2-2	1-3-1-0-2-3-2-1-2-0-0-3	0-3-0-3-0-3-1-0-0-2-2-1	2-2-1-1-0-3-2-0-5-3-2-3
434	2	1-3-1-1-1-2-1-2-1-1-1-1	1-3-2-1-1-3-1-1-1-1-1-3	0-1-1-1-3-1-3-5-1-3-3-2	1-0-3-1-1-1-1-1-4-4-1-2	1-0-1-1-1-3-3-1-2-2-1-1	1-1-3-1-2-1-3-1-2-2-5-1	1-1-2-2-1-2-4-1-2-3-1-3	2-1-1-1-1-1-4-1-1-2-1-3	2-0-1-1-2-1-2-1-3-2-1-3	0-1-3-1-1-4-1-3-1-2-1-1	3-0-2-2-5-1-0-2-0-1-1-2	5-1-0-3-2-1-1-0-0-3-1-2
434	3	3-2-3-3-1-3-1-3-3-3-1-2	3-2-2-3-5-2-1-5-4-4-4-4	5-4-5-1-3-4-2-4-4-4-2-3	4-3-3-4-1-1-4-1-3-2-2-3	1-4-1-4-1-2-4-4-4-3-3-0	1-1-2-3-4-6-2-1-2-2-2-1	1-1-1-2-3-1-2-4-2-2-4-2	4-2-4-2-1-4-2-1-1-4-4-4	4-3-2-2-1-4-4-4-4-6-1-2	4-4-2-6-2-1-1-2-4-4-3-1	4-1-6-1-6-1-4-4-4-1-1-2	4-1-3-2-4-1-1-4-4-2-1-1
434	4	4-4-5-5-1-2-6-4-4-4-4-5	3-2-2-5-4-2-5-5-3-3-6-3	4-3-3-4-4-3-5-3-5-5-2-4	5-3-3-3-4-5-3-4-5-2-5-4	6-3-6-5-5-5-5-5-3-4-6-4	4-6-5-4-3-3-5-5-2-4-2-5	2-1-2-0-3-3-2-5-4-2-5-5	3-5-3-5-5-3-6-5-6-3-3-3	3-3-5-5-5-3-3-5-3-5-5-2	3-5-4-3-5-2-5-4-3-3-5-1	3-4-5-6-3-4-3-3-3-4-4-4	3-4-4-5-3-5-5-3-3-4-4-4
434	5	4-6-4-6-5-6-6-6-6-5-5-6	6-2-2-4-4-5-4-4-6-3-4-6	3-3-3-4-4-3-4-6-4-4-5-3	4-5-5-4-4-4-6-4-4-2-4-6	4-3-4-4-5-4-6-4-3-5-4-4	6-5-4-6-5-6-4-4-5-5-2-4	6-1-5-6-3-5-2-4-5-2-4-4	5-4-1-4-4-5-2-4-1-2-4-3	5-5-5-4-4-4-2-4-2-4-4-2	3-4-5-3-4-1-4-4-6-3-4-1	4-5-4-6-2-4-3-3-4-5-5-5	2-6-4-4-5-4-4-3-1-3-4-4
434	6	6-5-6-5-6-5-5-6-5-4-4-5	5-6-6-4-6-6-3-6-5-6-4-5	6-6-6-5-6-4-6-5-6-6-5-6	5-6-6-6-6-6-5-6-6-6-6-5	4-4-6-6-6-6-5-6-6-6-4-4	5-6-6-5-6-3-6-6-6-6-6-6	5-6-6-6-4-6-6-6-6-6-4-6	6-4-6-6-6-6-4-4-4-3-3-6	3-6-6-6-4-6-6-4-6-3-4-6	4-4-6-3-6-6-4-5-5-6-4-6	3-6-3-6-3-5-5-3-3-6-6-6	6-5-6-4-0-6-6-3-6-6-4-1
435	0	0-0-0-0-0-0-0-0-0-0-0-0	0-0-0-0-0-0-0-0-0-0-0-0	0-0-0-0-0-0-0-0-0-0-0-0	0-0-0-0-0-0-0-0-0-0-0-0	0-0-0-0-0-0-0-0-0-0-0-0	0-0-0-0-0-0-0-0-0-0-0-0	0-0-0-0-0-0-0-0-0-0-0-0	0-0-0-0-0-0-0-0-0-0-0-0	0-0-0-0-0-0-0-0-0-0-0-0	0-0-0-0-0-0-0-0-0-0-0-0	0-0-0-0-0-0-0-0-0-0-0-0	0-0-0-0-0-0-0-0-0-0-0-0
435	1	1-1-1-1-1-1-1-1-1-1-1-1	1-0-0-1-0-1-0-1-0-1-1-2	0-3-0-2-2-1-2-1-0-2-0-2	2-0-1-2-2-2-0-3-1-1-1-0	1-0-0-0-0-1-2-2-1-1-0-0	1-0-2-0-0-2-1-2-1-1-0-0	3-3-1-0-2-1-1-2-1-1-0-2	1-1-1-2-3-0-1-1-1-0-0-0	0-0-2-3-3-0-0-3-2-1-1-1	0-3-0-2-2-3-0-3-2-0-0-3	0-3-0-1-0-3-0-0-0-1-1-0	0-1-2-0-0-1-3-0-3-0-1-1
435	2	2-2-2-2-2-2-2-2-2-2-2-3	1-3-2-1-2-2-1-2-3-2-3-2	2-1-0-1-1-1-3-3-3-1-3-3	1-1-3-1-1-1-3-2-3-3-3-0	3-0-3-7-3-3-3-1-3-2-2-3	1-2-3-0-2-1-3-1-2-2-6-2	6-1-2-4-1-1-6-1-2-2-0-1	2-3-3-1-2-3-6-2-2-2-0-1	0-0-1-1-2-2-3-1-3-2-2-2	0-1-2-1-1-1-3-2-1-3-0-1	3-2-0-5-0-0-0-0-3-1-1-2	0-1-1-3-4-1-1-0-0-4-2-2
435	3	2-2-3-4-2-2-3-3-3-3-4-2	3-2-2-3-2-3-3-3-3-3-4-3	7-4-3-1-2-1-2-4-2-2-2-2	4-3-4-1-1-4-2-1-2-2-2-6	2-6-2-3-5-2-2-3-2-3-4-7	1-1-2-4-5-1-2-1-1-2-2-3	1-1-2-2-4-3-2-4-1-1-7-2	5-2-2-2-1-4-2-2-1-3-3-6	5-6-5-1-1-4-5-1-2-3-1-3	5-1-2-5-4-1-2-1-5-2-4-1	5-1-3-2-4-1-6-5-2-1-1-3	0-1-3-2-5-3-1-6-3-4-1-1
435	4	5-4-5-3-5-5-5-5-5-5-5-5	5-5-4-3-5-5-5-5-5-5-5-5	4-5-5-6-5-5-4-5-5-5-4-4	5-4-5-4-5-5-5-5-5-4-5-4	7-4-4-5-4-4-5-4-5-4-6-5	4-5-2-4-3-5-5-6-5-4-2-4	4-5-4-4-5-4-5-3-4-6-4-5	4-4-5-4-4-6-4-4-4-4-3-4	4-3-5-4-6-6-4-5-6-4-4-4	5-4-4-5-5-5-5-4-3-5-3-1	6-6-4-4-5-7-3-3-3-4-6-4	7-7-6-7-3-6-6-3-5-4-4-7
435	5	6-5-4-6-4-4-4-4-4-4-4-6	4-4-4-6-6-4-6-6-4-4-6-4	4-6-6-6-6-4-6-4-6-4-5-6	6-4-4-6-6-6-6-4-4-4-6-3	6-7-7-6-3-6-6-6-4-5-7-6	4-4-6-5-3-4-6-6-4-5-2-4	6-4-5-4-7-5-4-6-4-7-6-6	4-6-3-6-6-4-2-6-5-4-6-3	7-3-4-6-4-4-3-4-4-4-6-4	4-6-5-4-6-6-4-4-3-4-3-1	3-4-3-2-4-4-3-3-6-7-4-5	7-4-4-6-6-4-4-3-6-4-6-4
435	6	5-5-4-5-4-4-4-4-4-4-5-7	5-4-4-5-5-4-5-5-5-4-5-5	4-5-5-5-5-4-5-5-5-5-5-5	5-6-6-5-5-5-5-4-5-4-5-3	5-3-5-5-6-5-7-5-6-6-4-5	7-4-5-5-6-7-5-5-6-6-2-6	5-4-2-6-7-6-2-5-6-4-5-5	4-5-3-5-5-4-2-5-7-3-5-3	6-3-6-6-4-4-6-6-4-4-5-4	7-6-6-5-5-5-4-7-7-4-6-1	4-4-3-4-4-4-3-3-5-6-4-6	4-4-4-5-5-4-4-3-5-5-5-1
435	7	7-4-4-5-7-4-4-7-4-4-5-6	4-4-7-5-7-4-5-7-5-7-5-5	7-7-7-4-7-4-5-6-5-7-4-7	5-7-7-7-7-7-5-7-6-7-7-3	4-3-5-7-7-7-6-7-7-7-5-3	6-7-6-5-7-6-7-7-7-7-2-6	5-7-7-7-6-7-2-7-7-7-3-5	7-5-7-6-7-5-7-5-6-4-5-7	6-3-7-6-1-7-3-4-7-4-5-2	6-3-7-7-7-1-7-6-6-7-4-7	3-4-4-2-6-4-3-3-3-5-7-7	5-4-3-4-5-7-7-3-7-7-5-4
436	0	0-0-0-0-0-0-0-0-0-0-0-0	0-0-0-0-0-0-0-0-0-0-0-0	0-0-0-0-0-0-0-0-0-0-0-0	0-0-0-0-0-0-0-0-0-0-0-0	0-0-0-0-0-0-0-0-0-0-0-0	0-0-0-0-0-0-0-0-0-0-0-0	0-0-0-0-0-0-0-0-0-0-0-0	0-0-0-0-0-0-0-0-0-0-0-0	0-0-0-0-0-0-0-0-0-0-0-0	0-0-0-0-0-0-0-0-0-0-0-0	0-0-0-0-0-0-0-0-0-0-0-0	0-0-0-0-0-0-0-0-0-0-0-0
436	1	1-1-1-1-1-1-1-1-1-1-1-1	0-1-1-0-0-1-0-1-0-1-0-0	0-0-0-0-0-1-2-0-0-1-2-2	0-0-0-0-1-0-0-0-2-2-2-1	1-2-1-0-0-2-2-0-2-1-0-0	2-0-2-0-1-0-2-0-4-1-4-0	2-2-1-0-0-0-0-2-1-1-2-2	1-1-0-2-1-0-1-2-0-1-0-0	0-1-0-0-1-1-4-2-1-1-1-0	0-0-1-3-0-1-0-1-0-0-0-0	4-0-3-3-1-0-0-4-4-0-0-1	2-1-0-0-0-1-0-0-0-0-0-0
436	2	2-2-2-2-1-1-2-1-2-2-2-2	3-1-1-3-1-1-3-3-0-2-4-1	0-4-3-4-5-3-3-3-0-3-1-3	3-0-3-3-5-3-0-8-3-1-4-0	5-1-3-5-0-3-3-3-1-2-9-3	3-4-1-2-4-3-3-3-1-2-0-3	1-3-1-0-3-0-3-3-4-1-5-3	1-2-4-3-4-0-1-9-9-1-0-0	0-0-3-4-4-5-0-3-3-2-4-2	4-5-0-1-4-5-0-2-3-0-0-5	5-2-1-2-0-2-0-0-1-2-3-2	1-3-2-5-0-0-5-0-0-0-3-4
436	3	2-5-2-2-2-3-3-3-3-3-3-3	2-4-4-2-4-4-2-4-4-2-2-4	0-2-5-5-2-2-4-2-0-2-4-2	2-3-2-2-2-2-4-2-4-0-4-0	2-1-2-2-0-2-4-2-2-3-2-2	2-2-5-0-4-2-4-2-3-3-6-3	6-2-3-9-2-3-6-2-3-5-6-2	3-2-2-5-2-4-6-5-3-5-6-0	3-0-2-2-3-5-6-2-4-3-2-4	4-2-3-1-5-2-4-6-2-4-4-2	0-2-1-4-0-2-4-0-6-2-2-3	8-2-1-4-3-0-2-0-0-0-3-2
436	4	4-4-4-5-4-4-4-3-3-4-3-5	2-3-3-5-4-5-5-5-7-5-6-6	7-5-6-2-4-5-5-6-6-5-3-5	5-4-6-5-2-2-4-6-3-6-2-5	4-5-2-3-5-3-5-5-3-3-5-4	5-2-3-4-6-8-3-2-1-3-7-2	7-2-3-7-5-3-3-3-2-1-7-2	7-2-7-2-2-5-4-3-3-4-7-8	7-6-3-2-2-7-7-5-3-4-2-3	2-7-3-3-3-2-3-3-6-5-7-2	7-0-5-5-7-5-6-7-7-2-3-4	4-2-5-3-7-7-2-8-7-5-5-2
436	5	4-5-4-4-5-5-5-7-5-5-5-4	4-6-6-4-5-4-4-6-4-4-4-6	6-4-4-3-2-4-6-4-6-4-6-6	4-4-4-4-2-4-6-2-6-7-6-4	2-4-6-2-4-5-6-4-6-5-6-2	6-6-3-4-4-4-6-5-5-5-3-6	5-7-6-5-4-5-3-3-3-3-2-6	5-3-2-3-2-4-7-3-2-5-4-4	5-4-6-4-5-3-4-6-7-5-2-4	4-2-3-6-3-2-6-7-4-4-0-2	4-5-4-4-4-4-4-8-4-2-2-7	7-2-4-2-4-4-2-4-4-4-3-7
436	6	6-5-6-7-5-6-6-8-7-6-6-7	7-5-5-4-5-7-7-5-7-7-7-7	5-7-4-2-8-7-7-4-8-7-5-5	7-7-4-8-8-8-7-8-7-6-5-6	8-5-8-8-6-5-7-7-5-8-8-8	7-8-7-7-4-7-7-8-5-3-3-8	3-5-5-8-7-8-3-7-5-9-8-7	5-6-2-7-8-4-9-8-8-5-6-4	9-8-5-7-8-4-4-5-4-7-8-3	9-8-3-5-3-7-7-3-7-6-8-2	4-7-4-3-4-9-4-4-4-8-7-6	5-8-6-8-8-4-2-4-4-4-3-2
436	7	6-9-6-9-6-7-7-7-7-7-6-6	6-8-8-4-8-8-6-8-4-6-6-8	4-6-6-6-6-6-8-4-6-8-8-6	6-6-9-6-6-6-6-2-6-8-8-4	6-5-6-6-4-8-8-6-5-6-6-6	6-6-6-6-7-4-6-6-7-7-4-6	4-5-8-4-6-7-8-8-3-8-4-6	4-7-4-6-6-4-8-6-6-7-4-4	4-4-8-6-7-4-4-8-8-6-6-4	9-4-7-6-8-6-6-7-6-8-4-2	4-6-8-5-4-4-9-4-4-6-6-7	5-2-4-6-4-4-8-4-4-6-8-5
436	8	9-9-6-8-5-9-9-9-9-9-8-9	6-7-7-4-8-7-6-7-9-6-7-9	4-6-9-9-6-6-7-8-6-7-7-6	6-6-8-6-6-6-9-2-7-7-7-9	6-4-6-6-8-7-7-6-8-6-6-6	9-6-6-6-8-4-9-6-8-8-3-6	9-5-7-6-8-6-7-7-8-7-6-7	8-7-7-6-6-4-7-6-6-7-7-4	8-8-7-6-6-4-7-7-9-5-6-4	7-6-8-6-7-8-6-7-9-7-8-2	7-8-7-8-8-8-4-5-5-6-8-8	7-9-9-6-8-8-7-4-4-4-7-7
436	9	9-7-9-7-9-8-8-9-8-8-8-8	6-7-9-4-9-9-8-9-9-9-8-8	9-9-9-9-9-9-9-8-9-9-8-9	8-9-9-9-9-9-8-9-8-9-9-8	6-4-9-9-9-7-8-9-9-9-2-9	8-9-9-9-9-8-8-9-9-9-9-6	8-9-9-9-9-7-9-8-9-7-6-9	9-7-9-8-9-9-6-2-2-9-4-4	6-8-9-8-2-9-9-5-8-9-7-9	6-4-7-9-9-9-9-9-8-9-8-9	7-9-7-9-4-5-7-4-4-4-9-9	9-8-8-3-4-9-9-4-4-9-7-9
437	0	0-0-0-0-0-0-0-0-0-0-0-0	0-0-0-0-0-0-0-0-0-0-0-0	0-0-0-0-0-0-0-0-0-0-0-0	0-0-0-0-0-0-0-0-0-0-0-0	0-0-0-0-0-0-0-0-0-0-0-0	0-0-0-0-0-0-0-0-0-0-0-0	0-0-0-0-0-0-0-0-0-0-0-0	0-0-0-0-0-0-0-0-0-0-0-0	0-0-0-0-0-0-0-0-0-0-0-0	0-0-0-0-0-0-0-0-0-0-0-0	0-0-0-0-0-0-0-0-0-0-0-0	0-0-0-0-0-0-0-0-0-0-0-0
437	1	1-1-1-1-1-1-1-1-1-1-1-1	1-0-0-1-0-1-0-2-0-1-2-0	0-2-0-4-2-2-2-0-0-2-0-2	2-0-0-0-2-2-0-1-1-1-1-0	1-0-1-0-0-1-2-2-1-0-0-2	2-3-2-0-1-3-2-2-1-1-3-2	2-1-1-0-2-1-0-2-3-1-3-2	1-3-1-2-2-1-3-6-1-0-0-0	1-0-2-2-3-2-0-3-0-1-3-1	2-2-1-2-2-1-2-1-2-0-0-1	3-1-0-1-2-2-0-0-3-2-1-0	0-1-1-0-0-1-2-0-1-1-1-1
437	2	2-2-1-2-2-2-2-2-2-2-2-3	1-4-3-1-0-3-0-3-3-2-1-3	2-1-3-1-1-4-3-3-3-1-3-3	1-2-3-2-1-1-5-1-4-4-3-0	4-0-4-0-3-1-3-1-2-2-4-4	1-0-3-0-2-1-3-1-2-2-5-1	5-1-2-0-1-2-4-1-2-2-1-1	2-0-3-1-1-3-3-4-1-5-0-0	1-0-1-1-2-1-2-1-4-2-1-3	1-1-2-3-1-1-1-2-1-3-0-2	3-1-6-2-6-1-0-0-4-1-1-2	2-1-1-2-0-5-1-0-0-1-1-2
437	3	3-2-3-3-2-2-2-2-3-3-3-2	3-2-2-1-0-2-3-2-2-2-5-4	5-4-5-1-2-3-2-4-2-4-2-2	4-4-4-4-1-4-4-1-2-2-2-4	1-6-2-3-4-2-4-4-3-2-3-6	1-1-2-0-4-1-2-1-2-2-1-4	3-1-2-3-4-3-2-3-1-1-1-2	4-1-4-2-1-2-1-1-1-3-4-3	3-0-4-1-1-0-4-1-5-3-1-2	4-1-3-2-4-1-0-1-1-4-3-1	6-1-3-2-4-4-5-4-6-3-4-3	4-1-3-2-1-1-1-4-6-6-1-1
437	4	4-4-4-6-2-4-4-4-4-4-4-5	4-2-2-5-0-2-3-5-3-5-6-3	4-5-3-1-5-2-5-3-3-5-5-5	5-3-3-3-5-5-4-5-2-2-5-3	2-3-2-5-3-4-5-5-2-2-2-5	5-3-5-5-3-1-5-2-2-2-2-5	3-1-2-4-6-5-2-5-4-1-5-5	4-5-3-5-5-3-6-5-1-3-3-3	6-0-5-5-5-0-3-5-2-5-5-1	3-4-4-3-3-5-6-4-3-3-5-1	4-1-3-4-3-3-3-3-5-4-3-3	3-2-5-5-5-4-5-3-3-4-5-1
437	5	4-6-4-6-5-6-6-4-5-5-5-6	4-2-2-4-5-6-3-4-3-4-4-6	3-4-3-1-4-4-4-6-3-4-6-4	4-5-5-4-4-4-6-4-5-2-4-6	4-3-2-4-5-4-6-4-5-5-4-4	6-5-4-6-5-6-4-1-5-5-2-4	2-1-5-5-3-5-3-4-5-5-4-4	5-4-1-4-4-5-5-4-1-2-4-3	5-5-4-4-4-4-5-4-3-4-4-1	0-5-5-4-4-4-4-5-6-3-4-1	4-5-3-6-0-6-3-4-4-4-2-5	6-6-4-4-4-2-4-3-1-3-4-1
437	6	6-5-4-4-6-5-5-6-5-4-4-5	4-6-6-4-6-6-3-6-6-6-4-5	6-6-6-5-6-6-6-5-6-6-5-6	5-6-6-6-6-6-5-6-6-6-6-5	1-3-6-6-5-6-5-6-6-6-1-4	5-6-5-5-6-6-6-6-6-6-6-6	3-6-6-6-4-6-2-6-6-6-4-6	6-6-6-6-6-4-4-1-1-3-5-3	4-6-6-6-1-6-6-3-6-3-4-1	3-4-6-6-1-1-6-5-5-6-3-6	4-1-3-6-2-6-3-3-3-5-6-6	6-5-6-4-4-6-6-3-3-6-1-1
438	0	0-0-0-0-0-0-0-0-0-0-0-0	0-0-0-0-0-0-0-0-0-0-0-0	0-0-0-0-0-0-0-0-0-0-0-0	0-0-0-0-0-0-0-0-0-0-0-0	0-0-0-0-0-0-0-0-0-0-0-0	0-0-0-0-0-0-0-0-0-0-0-0	0-0-0-0-0-0-0-0-0-0-0-0	0-0-0-0-0-0-0-0-0-0-0-0	0-0-0-0-0-0-0-0-0-0-0-0	0-0-0-0-0-0-0-0-0-0-0-0	0-0-0-0-0-0-0-0-0-0-0-0	0-0-0-0-0-0-0-0-0-0-0-0
438	1	1-1-1-1-1-1-1-1-1-1-1-1	1-0-0-2-1-0-0-2-0-1-0-0	0-3-0-2-2-2-2-2-0-4-2-1	2-0-0-3-2-2-0-1-1-1-1-0	1-0-1-0-0-2-2-2-1-1-7-0	1-0-2-0-0-2-2-3-1-1-3-3	2-3-1-0-2-1-0-2-1-1-0-2	1-1-1-2-3-1-1-7-1-0-0-0	1-0-2-3-3-0-0-2-1-1-1-0	0-2-0-2-2-1-0-1-2-0-2-1	0-1-0-1-1-1-0-1-0-2-2-1	0-1-1-2-0-1-2-0-1-1-1-1
438	2	2-3-2-2-2-2-2-2-2-2-2-3	1-3-3-1-1-3-0-3-3-1-1-3	3-1-2-1-1-1-3-3-3-1-3-3	1-2-2-1-1-1-2-1-1-4-2-0	2-2-2-0-2-1-3-2-3-2-2-2	1-4-1-0-2-1-3-1-2-2-4-2	4-1-2-4-1-2-3-1-2-4-0-1	2-3-4-1-2-3-1-0-1-2-4-2	3-0-1-1-2-2-6-1-4-2-3-2	0-1-2-7-1-1-3-2-1-3-1-1	3-1-7-5-7-3-0-2-4-1-1-2	4-1-1-1-4-1-1-0-1-1-1-2
438	3	3-2-3-4-2-3-3-3-3-3-3-2	3-2-2-1-4-2-4-2-3-3-4-4	2-4-4-1-2-4-2-2-4-1-2-3	4-3-3-5-1-1-4-3-3-2-2-4	3-5-3-3-4-1-4-3-2-3-3-7	1-5-2-3-6-1-2-1-2-2-1-4	5-1-2-3-4-3-2-0-3-2-5-1	5-2-5-1-2-5-5-1-1-3-3-4	4-6-4-1-1-3-5-1-6-3-2-6	5-1-3-3-4-1-2-2-2-2-5-1	5-1-3-1-3-2-6-5-5-7-4-3	5-1-4-2-5-5-2-6-5-4-2-1
438	4	5-4-5-5-4-4-4-6-4-4-4-5	4-2-2-1-5-5-3-4-3-5-3-3	3-3-3-1-6-3-5-5-3-1-5-6	5-3-3-3-6-6-3-5-5-2-5-3	6-3-5-3-3-4-5-5-4-4-5-5	5-2-5-6-3-1-5-5-4-4-2-5	2-5-2-2-5-4-3-5-4-2-6-5	2-5-2-5-5-3-7-6-4-3-2-3	3-3-3-5-6-3-3-5-3-4-5-3	3-6-0-2-5-6-5-2-5-4-3-1	3-5-3-2-3-3-3-3-2-5-5-3	2-5-3-6-3-3-5-3-2-3-4-1
438	5	4-6-4-4-5-5-5-5-5-4-5-4	4-6-5-4-5-4-3-6-4-4-4-4	6-4-4-5-4-7-6-6-6-4-6-4	4-3-5-3-4-4-6-4-6-5-4-3	4-3-6-3-3-6-6-4-6-5-4-4	4-6-4-4-3-3-4-4-5-5-6-4	6-4-6-6-4-5-6-4-5-2-4-4	3-4-3-4-4-3-6-5-4-5-6-3	3-4-4-4-5-3-3-4-3-5-4-3	3-4-5-2-4-1-6-2-4-6-3-1	3-4-3-2-6-3-3-3-3-4-4-3	6-4-3-5-3-3-4-3-3-3-6-5
438	6	7-5-4-4-5-7-7-4-7-6-6-7	6-5-5-1-6-7-3-5-7-4-7-7	5-7-3-4-4-6-5-7-7-6-5-4	4-6-6-4-4-4-5-4-5-4-4-7	4-3-5-3-6-5-5-4-5-6-4-4	7-5-4-4-3-7-5-4-6-5-2-6	7-4-5-5-7-6-5-7-6-5-4-4	6-6-3-4-4-6-5-4-4-3-5-6	6-3-3-6-4-3-5-7-3-5-4-3	7-4-6-2-7-4-5-7-7-5-5-1	5-6-6-2-5-7-3-3-5-6-6-6	5-4-6-5-6-2-6-3-5-3-5-1
438	7	7-5-7-5-7-7-6-7-6-6-6-6	6-5-7-1-7-7-3-7-6-7-6-6	7-7-7-6-7-7-6-6-6-7-7-7	6-7-7-7-7-7-3-7-6-7-7-6	4-3-7-7-7-7-6-7-7-7-1-7	6-7-7-7-7-7-7-7-7-7-7-7	6-7-7-7-6-7-7-7-7-7-4-7	7-6-7-6-7-6-4-1-6-3-6-5	6-5-7-6-4-7-7-6-7-5-5-2	6-3-7-7-6-1-7-6-6-7-3-7	5-7-2-3-2-6-3-3-3-6-7-7	7-6-6-2-2-7-7-3-3-7-6-1
439	0	0-0-0-0-0-0-0-0-0-0-0-0	0-0-0-0-0-0-0-0-0-0-0-0	0-0-0-0-0-0-0-0-0-0-0-0	0-0-0-0-0-0-0-0-0-0-0-0	0-0-0-0-0-0-0-0-0-0-0-0	0-0-0-0-0-0-0-0-0-0-0-0	0-0-0-0-0-0-0-0-0-0-0-0	0-0-0-0-0-0-0-0-0-0-0-0	0-0-0-0-0-0-0-0-0-0-0-0	0-0-0-0-0-0-0-0-0-0-0-0	0-0-0-0-0-0-0-0-0-0-0-0	0-0-0-0-0-0-0-0-0-0-0-0
439	1	1-1-1-2-1-1-1-2-1-1-1-1	1-2-1-1-2-2-2-2-2-1-2-2	2-2-4-1-2-2-2-2-2-2-2-2	2-1-2-2-1-1-2-2-1-2-2-2	2-1-1-2-1-1-2-1-1-1-3-1	2-2-2-1-2-2-1-2-2-1-7-2	2-1-1-1-2-1-2-2-2-3-1-2	1-1-1-2-1-2-1-1-1-1-2-1	1-1-1-1-2-2-2-2-2-1-1-0	1-2-1-2-2-1-2-1-0-3-2-1	2-8-1-1-2-2-1-1-3-1-1-1	2-2-1-1-3-1-1-2-4-2-1-1
439	2	1-1-1-1-1-1-1-1-1-1-1-1	3-1-1-4-1-1-1-1-1-1-1-1	1-4-1-1-3-1-1-1-1-1-1-1	3-1-1-1-3-3-1-5-3-1-3-1	1-1-8-1-1-3-3-3-1-1-1-3	1-1-3-2-2-1-3-1-1-1-0-4	1-1-1-1-3-2-1-3-1-2-0-3	1-5-5-3-4-1-8-6-4-1-1-1	1-0-3-4-4-3-1-4-1-2-4-2	1-4-1-1-3-3-1-1-3-1-1-4	1-5-1-1-1-1-1-1-1-4-3-1	1-3-2-1-4-2-4-1-4-1-1-4
439	3	1-3-1-1-4-3-1-1-1-1-1-1	2-4-4-2-1-1-1-4-1-1-2-4	1-2-1-1-2-2-4-1-4-2-4-2	2-4-4-1-2-2-1-2-4-4-2-1	4-1-6-3-3-2-4-2-5-1-1-2	1-3-4-2-3-2-4-2-3-3-0-3	1-4-4-4-2-3-6-2-1-1-0-2	1-2-1-2-2-1-7-2-3-3-1-1	0-1-2-2-5-2-1-1-1-3-2-4	1-1-3-1-2-2-4-4-2-4-3-2	1-1-1-5-1-1-0-3-1-2-2-1	1-2-0-4-1-3-2-1-6-1-1-1
439	4	4-4-1-4-3-3-4-1-1-5-1-5	1-3-3-2-1-1-5-3-3-1-5-5	5-5-5-2-2-5-5-6-5-2-3-4	5-5-5-5-2-5-5-1-3-3-3-2	3-7-2-4-6-3-5-5-3-7-1-5	1-5-3-4-6-4-5-5-3-3-1-2	1-3-3-4-5-3-3-5-1-2-8-2	1-2-2-5-2-5-2-2-6-6-5-6	6-6-4-2-2-6-6-5-1-4-2-3	5-2-1-3-6-2-3-3-6-5-6-2	6-1-4-1-4-5-6-6-6-2-2-4	1-5-5-5-6-6-5-6-5-7-1-2
439	5	5-5-6-4-5-5-5-5-1-4-5-4	2-6-5-2-1-1-4-6-1-4-4-4	4-4-4-1-6-4-6-6-4-7-6-4	4-4-5-4-2-4-4-2-6-7-6-1	4-4-4-4-4-6-6-4-6-5-1-4	1-4-3-4-4-2-6-4-5-5-0-4	6-2-5-4-4-5-6-4-6-1-0-5	1-2-2-4-2-4-6-4-4-5-4-4	1-4-6-4-5-5-4-4-1-5-2-3	4-2-6-6-1-2-3-1-4-4-4-2	4-6-6-8-0-4-4-4-4-2-2-1	1-4-4-4-4-5-4-4-4-4-3-5
439	6	7-5-8-8-5-6-8-6-6-8-6-7	6-5-5-7-5-1-7-7-7-7-7-7	6-7-4-7-7-8-7-5-7-7-5-7	7-4-7-7-7-7-7-2-7-5-7-2	6-4-7-7-4-7-7-7-6-6-6-7	1-6-7-6-4-1-7-7-5-6-3-7	5-2-5-4-7-6-3-8-5-2-7-6	4-7-4-7-7-4-5-2-8-4-4-4	4-4-5-7-7-4-4-7-1-5-7-6	4-7-5-5-7-3-7-1-4-4-7-6	4-6-5-1-1-6-4-4-4-7-5-6	1-7-6-4-4-4-7-4-7-6-6-2
439	7	6-8-6-7-5-8-8-8-8-7-6-8	8-5-5-6-7-8-6-6-6-6-6-8	8-6-4-6-6-6-6-8-6-6-6-6	6-6-6-6-6-6-8-6-6-5-6-8	6-4-7-6-7-6-6-6-7-7-6-6	8-7-6-8-7-8-6-6-7-7-1-6	8-8-5-7-6-7-8-8-7-1-6-6	7-6-2-6-6-8-3-6-6-4-6-4	7-7-5-6-6-4-4-6-1-5-6-4	7-6-7-7-6-2-6-2-8-5-6-6	6-7-5-8-1-7-4-4-4-7-7-7	1-8-6-6-7-4-6-4-6-4-6-2
439	8	8-7-6-6-8-7-7-8-7-6-6-7	7-5-8-6-8-8-6-8-8-8-6-7	8-8-8-6-8-8-8-7-8-8-7-8	6-8-8-6-8-8-7-8-7-8-8-7	6-8-8-8-8-8-7-8-8-8-6-6	8-8-8-7-8-7-8-8-8-8-8-7	7-8-8-8-7-8-8-8-8-8-4-6	8-8-8-7-8-7-2-6-6-4-1-4	7-7-8-8-6-8-8-6-8-8-6-8	4-6-1-8-8-2-8-8-7-8-7-8	4-1-8-5-1-4-7-4-4-4-8-8	8-7-4-4-4-8-8-4-8-8-6-1
440	0	0-0-0-0-0-0-0-0-0-0-0-0	0-0-0-0-0-0-0-0-0-0-0-0	0-0-0-0-0-0-0-0-0-0-0-0	0-0-0-0-0-0-0-0-0-0-0-0	0-0-0-0-0-0-0-0-0-0-0-0	0-0-0-0-0-0-0-0-0-0-0-0	0-0-0-0-0-0-0-0-0-0-0-0	0-0-0-0-0-0-0-0-0-0-0-0	0-0-0-0-0-0-0-0-0-0-0-0	0-0-0-0-0-0-0-0-0-0-0-0	0-0-0-0-0-0-0-0-0-0-0-0	0-0-0-0-0-0-0-0-0-0-0-0
440	1	1-1-1-1-1-1-1-2-1-1-1-1	1-0-0-1-0-1-1-1-2-2-2-2	2-2-2-1-1-1-1-1-2-0-3-1	2-2-2-1-1-2-3-1-0-0-0-1	0-2-1-1-2-0-2-1-0-1-0-1	1-0-0-1-2-2-0-0-0-0-0-0	0-0-1-3-1-1-0-5-0-0-3-0	0-0-3-0-0-2-1-0-0-2-3-2	3-2-0-1-2-1-4-0-3-1-1-0	2-1-1-0-0-0-0-0-1-2-3-1	2-0-4-3-6-2-3-4-2-1-0-1	4-1-1-4-4-6-0-2-1-0-1-1
440	2	1-1-2-2-1-1-2-1-1-1-2-2	1-0-0-2-0-1-1-3-1-1-1-1	1-1-1-5-3-3-3-3-1-3-1-3	3-1-1-3-3-3-1-2-3-0-2-1	2-1-2-3-1-2-3-3-2-0-8-3	3-4-3-1-1-1-3-4-0-0-0-3	3-2-4-1-3-1-2-3-4-2-2-3	2-2-2-3-3-1-0-8-2-1-0-1	2-1-3-3-8-3-1-3-1-2-2-4	1-3-0-3-3-2-3-4-3-1-1-2	1-2-1-0-1-1-1-1-1-3-3-1	1-2-2-1-1-2-3-1-2-2-2-4
440	3	3-4-1-2-1-3-3-3-1-1-1-4	1-4-4-2-0-1-1-4-1-1-1-3	1-3-2-2-2-2-4-6-6-2-4-2	2-3-3-2-2-2-1-2-4-4-4-1	3-1-1-3-1-4-4-2-3-3-5-2	2-5-5-1-3-1-4-3-3-3-5-2	5-2-3-1-2-3-4-2-3-3-1-2	3-2-1-2-2-4-7-4-2-4-1-1	1-1-2-2-3-2-5-2-6-3-2-3	1-2-3-7-2-2-2-7-2-1-1-2	1-2-8-4-1-1-1-5-2-2-2-3	1-2-2-6-1-5-2-1-5-2-5-1
440	4	4-3-5-7-4-3-4-4-4-4-4-8	5-3-3-6-5-1-5-5-5-1-5-5	8-5-5-2-4-6-3-5-5-2-3-4	5-5-3-5-2-2-6-2-3-3-3-1	3-1-8-5-5-3-5-4-3-4-4-1	2-4-3-4-4-8-3-2-3-3-3-2	6-2-2-1-5-4-3-0-2-2-6-3	5-2-6-3-2-6-8-3-2-4-4-5	6-6-5-3-2-3-6-7-5-4-3-2	1-8-1-1-5-2-0-2-5-5-1-2	8-2-1-3-1-1-7-1-8-3-2-2	1-2-2-1-1-2-3-7-2-5-1-2
440	5	6-4-4-6-4-3-4-7-4-6-5-6	4-3-3-4-4-1-4-4-4-6-4-4	6-4-4-2-2-6-6-4-4-4-5-6	6-4-6-7-7-7-4-7-5-5-5-5	7-4-8-6-4-6-6-6-3-7-7-7	6-6-6-6-4-6-6-6-5-5-3-7	8-7-3-1-6-5-5-6-5-3-7-6	5-5-7-6-7-4-8-7-5-5-7-4	4-4-6-6-7-7-3-6-3-7-5-7	7-7-0-6-6-6-6-3-6-4-4-6	3-5-6-3-8-8-4-3-7-5-6-5	7-7-2-7-4-7-5-4-3-3-5-7
440	6	5-6-4-8-7-6-6-5-6-5-6-4	4-7-6-4-6-5-4-7-4-6-4-4	5-5-5-2-2-8-7-3-5-4-7-5	5-5-5-5-5-5-4-5-7-7-7-1	5-1-7-5-5-7-7-5-7-6-5-5	5-5-5-5-4-5-5-5-7-6-7-5	4-5-6-1-5-8-7-5-6-6-5-5	3-5-5-5-5-4-7-5-5-6-5-4	4-4-5-5-6-5-4-5-3-5-5-5	5-5-8-7-7-5-5-6-5-1-1-5	4-2-5-8-1-1-4-1-4-5-5-6	1-5-5-5-8-1-5-4-1-2-7-5
440	7	8-8-8-4-6-8-8-5-8-7-5-4	5-6-6-4-6-8-5-6-8-7-8-4	4-8-5-5-5-7-6-4-8-7-6-7	5-5-7-5-5-5-8-5-6-6-6-5	5-4-6-4-7-6-6-5-7-5-5-5	5-6-5-5-4-4-7-5-6-6-6-5	5-5-3-1-6-7-6-8-7-6-5-6	7-7-5-6-5-7-6-5-8-8-5-4	7-7-5-5-5-5-6-4-8-5-5-5	5-5-7-6-6-5-5-3-8-7-7-2	5-5-7-3-8-8-4-4-5-5-5-7	7-5-7-7-6-5-5-4-3-3-6-5
440	8	8-7-8-6-8-7-7-8-7-4-8-4	7-8-8-4-8-8-5-8-8-8-7-8	8-8-8-2-8-8-7-6-7-8-8-8	7-8-8-8-8-8-7-8-7-8-8-5	5-4-8-8-8-8-7-8-8-8-2-8	7-8-5-7-8-4-8-8-8-8-8-8	5-8-8-8-7-8-8-8-8-8-5-8	8-7-8-8-5-5-7-2-7-7-5-1	4-7-8-5-2-8-8-7-8-3-5-0	5-4-6-8-2-5-8-6-7-8-4-8	4-2-3-6-5-7-4-4-4-7-8-8	8-5-7-8-6-8-8-4-8-8-7-8
441	0	0-0-0-0-0-0-0-0-0-0-0-0	0-0-0-0-0-0-0-0-0-0-0-0	0-0-0-0-0-0-0-0-0-0-0-0	0-0-0-0-0-0-0-0-0-0-0-0	0-0-0-0-0-0-0-0-0-0-0-0	0-0-0-0-0-0-0-0-0-0-0-0	0-0-0-0-0-0-0-0-0-0-0-0	0-0-0-0-0-0-0-0-0-0-0-0	0-0-0-0-0-0-0-0-0-0-0-0	0-0-0-0-0-0-0-0-0-0-0-0	0-0-0-0-0-0-0-0-0-0-0-0	0-0-0-0-0-0-0-0-0-0-0-0
441	1	1-1-1-1-1-1-1-1-1-1-1-1	2-0-0-1-1-1-0-2-0-1-0-0	0-3-0-4-2-2-2-0-0-3-0-2	2-0-0-2-2-2-0-4-1-0-1-2	1-0-1-0-0-1-2-2-1-1-0-2	2-3-2-0-1-3-2-1-1-1-0-0	2-3-1-0-2-1-1-2-1-1-2-2	1-1-1-2-1-1-1-1-1-0-0-0	1-0-0-2-3-1-0-2-1-1-1-1	3-3-0-0-2-1-2-1-2-0-0-1	3-1-0-0-0-0-0-0-0-1-1-0	0-1-1-0-3-1-2-0-1-1-1-3
441	2	2-2-2-2-2-2-2-2-2-2-2-1	1-3-2-1-0-3-0-1-0-2-0-3	3-1-1-1-1-4-3-4-3-1-3-1	1-2-3-1-1-1-2-1-3-4-3-1	1-4-4-3-1-3-3-1-2-2-3-1	3-4-3-0-2-1-3-1-3-2-4-2	4-1-2-4-1-2-3-1-2-2-4-3	2-2-3-3-1-3-3-4-1-0-0-0	0-0-1-1-2-3-0-1-3-2-1-3	0-1-2-3-1-1-1-2-1-3-0-1	3-1-7-2-7-3-0-3-0-1-1-0	3-1-1-3-0-3-1-0-6-1-1-1
441	3	3-2-5-3-2-5-3-3-3-3-3-3	3-2-2-3-4-2-4-4-3-3-4-4	5-4-4-1-3-1-2-3-4-1-2-3	4-5-4-4-1-1-4-1-2-2-2-6	1-5-4-4-4-2-4-4-3-3-3-3	2-1-2-3-6-1-2-1-2-2-2-4	1-1-1-3-4-3-2-4-2-3-3-2	2-1-5-2-1-5-2-1-1-3-3-4	5-3-4-1-1-2-4-1-6-3-1-2	5-1-2-2-4-1-1-2-4-2-5-1	5-1-3-7-3-7-4-5-2-2-4-3	2-1-5-3-1-4-4-6-5-5-1-1
441	4	5-4-5-6-4-3-4-6-4-4-5-5	5-2-2-5-3-3-7-7-5-3-5-3	5-5-3-1-5-5-5-5-3-5-5-5	5-5-4-6-6-5-3-1-5-2-5-3	5-3-5-3-3-4-5-5-4-4-5-5	5-5-5-4-2-1-5-5-2-4-2-5	2-5-2-5-3-4-4-5-2-4-6-5	4-5-2-5-6-2-2-6-4-3-4-3	3-3-3-5-6-2-3-5-3-3-4-2	3-6-3-2-3-5-6-4-3-3-3-1	3-5-3-2-0-3-3-3-0-6-3-6	2-6-3-6-6-3-3-3-2-3-1-5
441	5	4-6-4-4-5-3-5-5-4-3-4-4	4-6-5-4-5-5-3-6-4-3-4-4	6-4-4-5-4-4-6-6-6-4-6-4	4-3-4-4-4-4-6-4-4-5-4-3	4-3-4-5-3-4-6-4-5-5-4-4	4-5-4-4-3-3-4-5-5-5-6-4	6-4-6-4-4-5-5-4-5-5-4-4	6-4-3-4-4-3-2-5-5-5-4-3	3-3-3-4-5-3-3-4-3-3-4-2	3-0-5-4-3-4-6-2-4-6-3-1	3-4-0-2-3-6-3-3-6-1-4-4	6-4-3-5-3-3-4-3-3-3-6-4
441	6	4-5-4-4-5-7-7-4-7-6-4-7	4-5-5-4-6-7-3-5-7-6-4-7	5-6-4-6-4-6-5-5-7-4-5-4	4-6-6-4-4-4-5-4-5-6-4-3	4-3-5-3-4-5-5-4-6-6-4-4	4-5-4-7-3-7-4-5-6-5-5-4	7-1-5-5-7-6-5-7-6-5-4-4	5-6-3-4-4-6-7-4-4-3-4-3	6-3-7-4-4-3-5-4-3-3-4-2	3-4-6-2-4-4-4-2-7-5-3-1	5-1-0-2-3-7-3-3-5-7-6-4	5-4-3-5-6-3-6-3-2-3-5-1
441	7	7-5-4-4-7-7-6-7-6-6-4-6	6-5-7-4-7-7-4-4-6-7-4-6	7-7-7-7-7-7-6-6-6-7-7-7	6-7-7-7-7-7-6-7-6-7-7-3	4-3-7-7-7-7-6-7-7-7-4-4	4-7-7-6-7-7-7-7-7-7-7-7	6-7-7-7-6-5-6-7-7-7-4-7	7-6-7-6-7-6-6-1-1-3-3-5	6-3-7-6-1-7-3-6-7-7-5-0	3-3-7-7-7-1-7-6-6-7-3-7	3-1-2-7-2-6-3-3-3-6-7-7	7-2-3-2-0-7-7-3-3-7-6-7
442	0	0-0-0-0-0-0-0-0-0-0-0-0	0-0-0-0-0-0-0-0-0-0-0-0	0-0-0-0-0-0-0-0-0-0-0-0	0-0-0-0-0-0-0-0-0-0-0-0	0-0-0-0-0-0-0-0-0-0-0-0	0-0-0-0-0-0-0-0-0-0-0-0	0-0-0-0-0-0-0-0-0-0-0-0	0-0-0-0-0-0-0-0-0-0-0-0	0-0-0-0-0-0-0-0-0-0-0-0	0-0-0-0-0-0-0-0-0-0-0-0	0-0-0-0-0-0-0-0-0-0-0-0	0-0-0-0-0-0-0-0-0-0-0-0
442	1	1-1-1-1-1-1-1-1-1-1-1-1	1-1-0-1-0-2-1-1-3-2-2-2	2-2-2-2-2-2-2-2-0-0-3-1	2-2-2-2-1-2-2-2-0-0-0-2	0-3-3-2-2-0-2-2-2-2-0-1	3-0-0-1-1-2-0-0-0-0-0-2	2-0-0-2-2-0-3-2-0-1-3-2	0-0-3-0-1-2-0-0-3-2-2-2	2-2-2-0-0-1-1-2-0-1-1-0	2-1-1-2-2-1-0-1-1-2-0-0	0-3-4-2-3-3-2-2-2-1-0-1	1-0-1-1-2-1-0-2-1-1-1-0
442	2	3-1-1-1-1-1-1-2-1-1-1-2	2-1-0-3-0-1-3-3-1-1-3-1	1-3-1-3-3-1-3-1-4-3-1-3	3-1-1-3-3-3-1-1-2-1-3-1	2-1-1-3-1-3-3-3-1-1-3-3	2-2-3-5-2-1-3-3-0-2-0-3	3-3-2-1-3-2-2-1-0-2-1-3	1-4-6-3-2-1-3-7-2-1-1-1	1-1-1-2-4-3-1-1-3-2-4-3	1-4-1-1-3-4-3-1-3-1-0-4	2-4-2-4-1-1-2-1-1-2-3-1	0-2-2-3-1-2-2-1-2-2-2-4
442	3	2-3-2-3-3-1-3-3-1-2-2-3	2-4-5-2-6-1-2-2-1-2-2-3	4-2-2-2-2-2-4-5-2-2-4-2	2-1-1-2-2-2-4-2-4-5-4-1	2-1-1-2-3-2-4-2-3-3-2-2	1-5-4-2-3-2-4-2-4-3-5-5	2-2-3-1-2-3-4-2-0-3-1-2	4-2-1-2-2-1-5-3-1-4-1-3	3-1-4-2-3-2-1-1-4-3-2-2	1-2-3-2-2-1-2-3-2-3-3-2	2-1-0-3-1-1-3-3-1-2-2-3	6-2-2-2-1-6-2-1-2-3-5-3
442	4	4-7-7-7-4-5-4-4-5-2-4-6	4-3-3-2-6-5-5-6-5-1-5-5	6-5-5-5-4-2-3-6-2-4-3-5	5-5-5-2-2-2-5-4-3-3-3-5	2-5-4-5-5-3-5-5-5-7-2-2	0-2-3-4-3-6-3-4-3-0-0-2	2-2-1-4-5-1-3-5-0-3-5-3	5-2-5-2-2-5-3-2-5-3-5-5	4-5-5-2-2-5-5-6-3-4-2-2	5-5-3-0-5-2-0-3-5-5-5-2	5-2-5-3-5-5-5-5-5-2-3-5	3-2-4-5-5-5-2-5-5-5-2-2
442	5	4-5-5-4-3-4-5-4-4-5-6-4	4-3-3-6-4-4-4-4-4-5-4-4	4-4-4-7-6-5-6-4-6-6-7-6	6-4-4-6-6-6-4-6-6-3-6-4	6-4-7-6-4-6-6-5-4-5-7-6	6-3-3-2-3-1-6-2-5-5-3-3	7-5-3-4-4-5-4-7-0-6-4-5	4-2-4-5-5-4-3-7-4-5-4-4	4-4-4-6-7-4-4-4-4-4-5-2	4-4-0-0-4-6-0-3-4-4-4-5	4-6-4-3-4-4-4-4-4-6-5-4	3-5-5-4-4-4-6-4-4-4-6-6
442	6	7-7-5-4-6-7-7-7-7-5-5-4	4-3-3-5-4-7-4-4-4-5-7-4	4-5-5-5-5-6-5-4-5-5-6-5	5-6-6-5-5-5-7-5-5-6-5-4	5-1-6-5-6-5-5-6-6-6-5-5	5-3-7-6-3-4-5-2-6-6-0-6	7-5-0-6-6-6-6-5-6-5-5-6	6-6-2-6-5-7-3-6-4-6-5-4	6-4-6-5-6-6-6-4-3-6-5-2	7-5-6-0-6-5-0-3-7-6-4-5	2-5-6-3-7-7-4-4-2-5-6-6	3-6-6-6-2-3-5-4-5-4-5-2
442	7	7-6-7-4-7-6-6-7-6-5-7-7	4-7-7-5-7-6-5-7-7-7-6-7	7-7-7-5-7-7-5-7-5-7-5-7	6-7-7-7-7-7-6-7-7-7-5-4	5-4-7-7-6-7-6-7-7-7-5-7	6-7-6-5-7-1-7-7-7-7-7-7	5-7-7-7-5-7-7-5-7-5-1-7	7-7-2-6-7-6-7-5-6-6-6-6	4-7-7-7-5-2-7-4-7-7-5-2	6-7-7-7-7-2-7-3-7-7-4-7	4-7-0-3-3-6-4-4-7-6-7-7	7-3-7-1-0-7-7-4-7-7-2-2
443	0	0-0-0-0-0-0-0-0-0-0-0-0	0-0-0-0-0-0-0-0-0-0-0-0	0-0-0-0-0-0-0-0-0-0-0-0	0-0-0-0-0-0-0-0-0-0-0-0	0-0-0-0-0-0-0-0-0-0-0-0	0-0-0-0-0-0-0-0-0-0-0-0	0-0-0-0-0-0-0-0-0-0-0-0	0-0-0-0-0-0-0-0-0-0-0-0	0-0-0-0-0-0-0-0-0-0-0-0	0-0-0-0-0-0-0-0-0-0-0-0	0-0-0-0-0-0-0-0-0-0-0-0	0-0-0-0-0-0-0-0-0-0-0-0
443	1	1-1-1-1-1-1-1-1-1-1-1-1	2-0-0-1-0-1-0-0-0-1-1-0	0-3-0-4-2-2-2-0-0-2-0-1	2-0-2-3-2-2-0-4-1-1-1-0	1-0-0-2-2-2-2-2-1-1-7-2	2-3-2-0-1-3-2-3-1-1-3-3	3-1-1-0-2-0-1-2-1-1-3-2	0-1-0-2-1-2-1-7-1-0-0-0	3-0-2-2-3-0-0-2-0-1-3-1	0-2-1-0-2-3-2-3-2-0-0-3	0-1-0-1-2-1-1-0-3-1-1-0	1-1-1-1-0-1-3-0-1-1-1-1
443	2	2-2-3-2-2-2-2-2-2-2-2-2	1-3-3-1-1-3-1-3-3-2-1-3	2-4-0-1-1-1-3-4-3-3-3-1	1-2-2-1-1-1-0-2-3-4-2-0	3-0-4-1-1-1-3-1-3-2-4-1	1-1-3-0-2-1-3-1-2-2-4-2	4-1-2-2-1-2-3-1-4-5-0-1	2-1-0-1-3-3-6-4-1-4-0-0	2-2-1-1-5-1-7-1-3-2-2-2	0-1-3-3-1-1-1-2-1-3-2-1	3-1-1-2-1-1-3-3-3-1-1-2	3-1-1-3-0-3-1-0-1-1-2-5
443	3	3-2-3-3-2-2-3-2-3-5-3-2	3-2-2-1-4-4-5-2-3-3-4-4	2-3-5-1-2-2-2-5-2-2-2-3	4-3-5-4-1-1-5-3-2-2-3-3	2-5-2-3-4-1-4-3-2-3-3-3	1-1-2-3-6-1-2-1-1-2-1-1	1-1-2-3-4-0-2-0-4-3-1-1	5-1-5-2-2-5-1-1-1-3-3-4	5-4-4-1-1-5-4-1-6-3-1-2	5-1-2-2-4-1-0-1-4-4-5-1	4-1-4-1-5-1-4-4-1-1-4-3	2-1-5-2-4-4-1-6-5-5-1-1
443	4	5-4-5-7-4-2-4-6-4-4-5-5	5-2-2-5-6-3-7-7-5-5-5-5	5-5-6-1-5-5-5-2-5-5-5-5	5-3-3-6-6-5-7-6-5-2-6-3	5-3-5-6-3-4-5-5-4-4-5-5	5-5-5-4-3-1-5-5-2-4-2-5	4-5-2-5-3-4-3-5-3-2-4-5	3-4-2-5-4-3-2-6-4-3-4-3	3-3-5-5-6-3-3-5-3-3-4-3	3-6-2-5-6-5-5-4-5-3-3-1	3-4-3-2-7-1-3-3-3-4-5-4	2-5-3-6-3-3-4-3-3-3-2-2
443	5	4-5-4-4-5-5-5-5-4-3-4-4	4-6-5-4-5-6-3-6-4-5-4-4	4-4-4-5-4-4-6-6-6-4-6-4	4-3-3-4-4-4-6-4-4-2-4-3	4-3-4-5-3-6-6-4-5-5-4-4	4-5-4-4-5-3-4-5-5-5-6-4	3-4-6-5-4-5-5-4-5-2-4-4	3-4-3-4-4-3-6-5-4-5-4-3	3-3-4-4-5-3-6-4-3-5-4-5	3-4-5-4-4-4-4-2-4-5-3-1	3-4-3-2-3-6-3-3-6-4-4-5	6-4-3-4-3-3-4-3-6-3-6-2
443	6	4-5-4-4-5-7-6-4-7-6-4-7	4-5-5-4-6-5-4-5-7-6-4-7	5-6-4-7-4-6-5-7-7-4-5-4	4-6-3-4-4-4-5-4-5-6-4-3	4-3-5-4-4-5-5-4-6-6-4-4	4-5-4-4-3-7-5-5-6-5-5-4	7-1-5-5-7-6-5-7-6-5-4-4	5-6-3-4-4-3-7-4-4-3-4-6	6-3-7-6-4-3-5-4-3-3-4-6	7-4-6-5-4-1-5-2-7-5-6-1	5-6-6-2-7-7-3-5-5-4-6-6	5-4-6-4-6-6-6-3-5-3-5-1
443	7	7-5-4-4-7-7-6-7-6-6-4-6	6-5-7-4-7-7-4-4-6-7-4-6	7-7-7-7-7-7-6-6-6-7-7-7	6-7-7-7-7-7-6-7-6-7-7-3	4-3-7-7-7-7-6-7-7-7-1-4	4-7-7-6-7-6-7-7-7-7-7-7	6-7-7-7-6-5-6-7-7-7-4-7	7-6-7-6-7-6-6-1-4-3-4-5	6-7-7-6-1-7-7-6-3-5-5-7	6-3-7-7-7-1-7-6-6-7-3-7	5-7-7-7-4-6-3-3-3-6-7-7	7-6-3-2-3-7-7-3-7-7-6-7
444	0	0-0-0-0-0-0-0-0-0-0-0-0	0-0-0-0-0-0-0-0-0-0-0-0	0-0-0-0-0-0-0-0-0-0-0-0	0-0-0-0-0-0-0-0-0-0-0-0	0-0-0-0-0-0-0-0-0-0-0-0	0-0-0-0-0-0-0-0-0-0-0-0	0-0-0-0-0-0-0-0-0-0-0-0	0-0-0-0-0-0-0-0-0-0-0-0	0-0-0-0-0-0-0-0-0-0-0-0	0-0-0-0-0-0-0-0-0-0-0-0	0-0-0-0-0-0-0-0-0-0-0-0	0-0-0-0-0-0-0-0-0-0-0-0
444	1	1-1-1-1-1-1-1-1-1-1-1-1	0-2-1-0-0-1-0-2-0-1-0-2	0-0-0-0-2-1-2-0-0-1-2-2	0-0-2-0-0-0-1-0-1-2-2-0	1-2-1-0-0-2-2-0-2-1-1-0	4-0-2-0-1-0-2-0-1-1-4-2	2-2-1-0-0-1-0-2-1-1-2-1	1-1-0-2-1-4-1-2-0-1-0-1	0-1-0-0-1-1-4-0-1-0-1-0	0-0-4-2-0-1-0-1-0-0-0-0	0-1-4-3-0-0-0-0-0-0-0-1	0-1-5-1-0-1-1-0-0-0-4-4
444	2	3-2-2-2-1-1-2-1-2-2-2-2	3-1-1-4-0-1-0-1-1-2-3-1	1-3-4-4-3-3-3-3-0-4-1-3	3-3-1-4-3-3-4-3-3-1-1-0	3-1-2-3-0-1-3-3-1-2-3-3	3-4-1-0-2-4-3-3-1-2-0-4	1-1-1-0-3-2-2-1-4-1-1-3	1-2-2-3-3-1-1-1-2-1-2-0	0-0-3-3-4-3-0-4-1-2-4-2	0-3-1-1-0-4-0-2-3-0-0-2	0-2-0-1-0-0-0-0-0-2-3-2	0-3-2-4-0-0-2-0-0-3-3-4
444	3	4-3-3-3-4-3-3-3-3-3-3-3	2-4-4-2-4-4-0-4-4-2-2-4	5-2-5-2-2-2-4-5-4-2-4-4	2-2-2-2-2-2-3-2-2-3-4-0	2-0-2-2-0-4-4-2-3-3-2-2	2-2-4-0-4-2-4-2-3-3-7-3	6-4-3-3-2-3-4-2-3-3-0-2	3-2-2-2-2-4-1-1-3-1-0-0	3-0-2-2-3-2-3-2-4-4-2-3	0-2-3-3-4-2-4-3-2-4-0-2	4-0-0-4-0-3-0-0-0-2-2-3	0-2-2-0-3-0-2-0-3-2-3-7
444	4	3-3-4-5-3-3-4-4-4-4-3-3	4-3-3-4-3-3-4-3-3-3-5-6	3-5-7-2-4-5-3-5-5-2-3-5	2-6-5-2-2-2-2-5-3-3-3-0	2-0-2-4-6-3-3-2-7-2-4-3	1-2-3-4-6-2-3-2-1-1-1-2	1-3-3-8-5-4-3-5-2-3-1-3	1-2-2-2-2-3-1-5-2-4-6-7	6-8-3-2-2-1-1-2-3-3-2-3	4-4-1-5-3-2-3-2-5-3-4-2	6-2-1-3-4-5-7-4-5-2-2-2	0-2-4-2-4-4-2-7-8-7-1-2
444	5	6-5-7-7-6-6-6-6-7-5-6-6	6-7-5-2-6-6-6-6-6-6-7-6	6-6-6-8-6-6-6-6-6-6-6-6	6-5-6-7-2-5-6-7-6-7-5-6	8-6-6-7-4-5-6-5-6-6-7-7	6-6-6-7-6-6-5-6-5-5-3-5	6-6-5-5-6-5-3-4-6-7-8-7	6-5-2-5-5-7-5-7-2-5-5-5	5-4-8-6-5-6-3-5-6-6-2-4	5-5-6-5-5-5-6-6-4-7-8-2	5-7-5-6-8-8-5-4-8-5-6-6	7-6-5-5-5-7-6-4-4-5-5-8
444	6	5-5-5-8-5-5-5-5-5-5-5-5	5-5-5-7-5-5-7-5-5-5-7-5	5-7-5-7-7-5-5-5-5-5-5-5	7-4-5-5-7-7-5-7-5-5-7-5	7-5-5-7-4-6-7-7-5-5-5-7	5-5-7-6-4-5-7-5-3-6-3-5	5-7-5-5-5-5-5-7-5-5-7-6	5-7-0-7-7-5-8-8-8-6-7-4	4-0-5-7-7-5-4-7-5-5-7-3	7-7-5-5-7-7-5-5-5-5-7-7	7-5-0-5-5-5-4-7-7-7-5-5	5-5-6-7-7-5-7-4-7-4-7-5
444	7	5-8-5-5-5-8-5-5-5-5-5-8	5-5-5-6-5-5-6-5-5-5-5-5	8-6-4-6-6-5-6-5-5-5-7-6	6-7-5-5-6-6-8-5-6-5-6-8	6-5-5-6-7-6-6-6-4-5-5-6	5-5-6-6-7-5-6-5-5-7-3-7	8-6-5-7-7-7-7-6-7-5-6-6	7-6-2-6-6-5-8-5-6-5-6-4	7-7-7-6-6-5-3-6-5-5-6-3	6-6-7-5-6-6-6-5-8-5-6-6	6-5-0-5-5-5-4-6-6-6-5-7	5-6-8-7-5-5-6-4-6-4-6-5
444	8	8-7-5-6-8-7-5-8-5-5-5-7	5-5-8-6-8-5-6-8-8-8-6-7	8-8-8-5-8-5-6-5-5-8-7-8	7-8-5-8-8-8-7-8-8-8-8-7	5-5-8-8-8-8-7-8-8-8-7-8	5-8-6-7-8-5-7-8-8-8-8-7	7-8-8-8-5-7-3-7-8-8-5-6	8-8-8-7-8-5-6-6-6-6-5-5	7-4-8-7-6-8-8-6-8-5-6-6	6-4-8-5-8-5-8-5-7-8-5-8	5-5-5-8-5-5-4-4-5-5-8-8	5-5-7-5-5-8-8-4-8-8-6-5
445	0	0-0-0-0-0-0-0-0-0-0-0-0	0-0-0-0-0-0-0-0-0-0-0-0	0-0-0-0-0-0-0-0-0-0-0-0	0-0-0-0-0-0-0-0-0-0-0-0	0-0-0-0-0-0-0-0-0-0-0-0	0-0-0-0-0-0-0-0-0-0-0-0	0-0-0-0-0-0-0-0-0-0-0-0	0-0-0-0-0-0-0-0-0-0-0-0	0-0-0-0-0-0-0-0-0-0-0-0	0-0-0-0-0-0-0-0-0-0-0-0	0-0-0-0-0-0-0-0-0-0-0-0	0-0-0-0-0-0-0-0-0-0-0-0
445	1	1-1-1-1-1-1-1-1-1-1-1-1	0-2-2-0-1-0-0-2-0-1-0-2	1-0-0-1-0-0-2-0-0-0-2-0	0-0-0-0-0-0-1-1-2-2-2-1	0-0-0-0-0-2-2-0-1-0-0-0	2-0-0-0-0-0-2-0-1-1-1-0	0-1-1-0-0-0-0-2-1-1-0-0	1-0-0-0-0-0-0-0-0-1-0-0	1-0-0-0-1-1-0-0-6-0-0-0	0-0-1-1-1-0-0-0-0-0-0-1	2-1-0-1-1-2-0-1-2-0-1-1	1-1-1-1-0-1-0-0-0-1-0-1
445	2	2-1-2-2-1-1-2-1-2-2-2-3	0-1-1-4-2-3-0-3-0-3-3-3	4-3-0-2-3-0-3-4-0-3-1-3	3-0-3-2-4-3-1-2-1-1-1-2	3-0-2-2-0-1-3-3-2-0-7-3	3-3-3-0-2-3-3-3-1-1-1-3	3-3-1-0-3-0-3-3-2-1-2-3	2-2-2-3-3-3-4-3-2-1-2-1	2-0-3-3-4-3-1-3-1-2-3-3	2-2-0-3-3-2-3-2-3-0-2-2	1-2-2-2-3-1-2-2-2-2-3-2	1-2-2-2-2-2-3-1-2-2-2-4
445	3	3-3-2-3-3-3-3-3-3-2-3-3	2-4-4-2-3-3-2-4-3-2-2-2	2-2-5-2-2-2-4-2-4-2-4-2	2-3-3-2-2-2-3-2-4-3-4-2	2-3-2-2-0-3-4-2-3-3-2-2	2-2-2-3-3-2-4-2-3-3-6-2	2-2-3-5-2-3-4-2-3-3-2-2	3-4-2-2-2-4-5-2-2-4-4-3	4-3-2-2-3-2-3-2-3-3-2-2	0-2-7-4-2-4-4-4-2-4-3-3	3-2-7-3-2-2-0-3-4-2-2-2	4-2-2-4-0-6-2-0-2-2-3-6
445	4	4-4-2-4-3-3-4-6-4-4-4-7	4-3-3-2-4-3-5-3-5-4-5-4	6-5-5-2-4-5-3-5-3-2-3-3	5-4-5-2-2-2-5-2-3-5-3-4	2-4-4-4-5-3-3-4-4-6-4-7	3-4-3-4-2-5-3-2-3-3-3-5	3-4-3-4-4-4-3-5-2-2-4-2	2-3-5-3-3-4-2-2-3-4-5-6	5-4-3-2-2-5-5-5-3-2-2-5	5-5-3-5-5-3-3-3-5-5-6-2	7-2-5-3-7-2-5-5-5-2-5-4	4-2-4-3-6-5-2-6-2-6-2-2
445	5	6-5-6-5-6-5-6-6-6-6-6-5	6-3-3-6-6-6-6-6-6-6-6-6	5-6-6-2-5-6-6-6-6-6-5-5	6-4-4-6-6-6-6-6-6-4-6-6	6-4-6-6-4-6-6-6-4-5-6-6	5-5-6-7-5-4-6-6-3-5-3-6	6-6-5-3-7-7-5-6-5-7-6-6	3-6-4-6-6-6-7-6-7-5-6-4	4-4-3-6-6-5-4-6-3-6-6-7	4-6-5-4-6-7-6-7-4-4-4-6	4-7-4-7-7-4-4-4-4-6-4-5	4-6-5-6-4-4-6-4-6-3-6-7
445	6	5-7-5-5-5-7-5-5-5-5-5-5	5-5-5-5-5-5-5-5-5-5-5-5	4-5-5-2-5-5-5-5-5-5-6-5	5-4-6-5-5-5-7-5-5-3-5-7	5-4-5-5-6-5-7-5-6-4-5-5	5-5-5-7-6-4-5-5-3-6-3-5	5-5-3-6-6-6-5-5-6-3-5-5	6-5-5-5-5-5-7-5-6-5-5-4	6-6-6-5-5-5-4-5-1-5-5-5	4-5-6-3-5-5-5-3-6-6-4-5	4-6-3-3-6-7-6-4-4-6-6-6	4-7-6-6-4-4-5-4-5-4-5-5
445	7	7-6-5-5-7-6-5-7-5-5-5-6	5-7-7-5-7-5-5-7-5-7-5-5	7-7-5-5-7-7-5-6-5-7-6-7	6-7-7-7-7-7-6-7-7-7-7-4	5-4-7-7-6-7-6-7-7-7-5-5	5-7-5-6-7-4-7-5-7-7-7-6	5-7-7-7-6-7-7-7-7-5-5-7	7-5-2-6-5-5-5-2-6-5-5-4	4-7-7-6-5-7-7-5-7-5-5-5	4-7-7-7-2-5-5-5-6-7-4-7	4-2-3-5-5-6-6-4-4-6-7-7	7-6-6-3-4-7-7-4-7-7-5-5
446	0	0-0-0-0-0-0-0-0-0-0-0-0	0-0-0-0-0-0-0-0-0-0-0-0	0-0-0-0-0-0-0-0-0-0-0-0	0-0-0-0-0-0-0-0-0-0-0-0	0-0-0-0-0-0-0-0-0-0-0-0	0-0-0-0-0-0-0-0-0-0-0-0	0-0-0-0-0-0-0-0-0-0-0-0	0-0-0-0-0-0-0-0-0-0-0-0	0-0-0-0-0-0-0-0-0-0-0-0	0-0-0-0-0-0-0-0-0-0-0-0	0-0-0-0-0-0-0-0-0-0-0-0	0-0-0-0-0-0-0-0-0-0-0-0
446	1	1-1-1-1-1-1-1-1-1-1-1-2	2-2-1-0-3-2-0-2-2-1-0-2	1-2-1-2-2-2-2-2-2-2-3-2	2-1-2-2-1-1-1-2-1-2-2-1	2-1-1-2-1-1-2-1-1-2-2-1	2-2-2-0-2-0-1-2-2-1-1-2	1-3-1-1-2-1-0-2-1-1-1-1	1-1-1-1-1-2-2-2-1-1-4-1	1-0-2-1-1-1-1-0-2-8-1-2	1-1-5-2-1-0-2-1-0-7-0-1	1-2-3-2-1-1-1-1-1-1-2-1	2-1-1-1-1-1-1-3-5-1-1-1
446	2	2-1-2-1-1-1-1-1-1-1-1-1	1-1-1-3-1-1-4-1-1-2-4-1	1-3-1-1-1-1-1-1-1-5-1-1	3-0-1-1-3-3-1-1-1-1-1-1	4-0-3-1-3-2-3-3-1-1-1-4	1-3-3-2-2-4-3-3-1-1-0-3	3-1-1-0-3-2-0-3-1-2-3-3	1-2-5-3-3-1-1-8-2-1-7-0	0-0-3-3-5-1-0-3-1-2-3-1	3-3-1-1-3-2-3-1-3-0-0-5	1-5-1-1-0-2-0-0-0-3-1-1	1-3-3-1-0-0-3-1-7-2-2-5
446	3	3-3-2-3-4-3-3-3-1-1-3-3	1-3-3-2-1-2-2-4-5-2-2-4	1-2-4-1-2-1-4-2-4-2-4-4	2-3-4-1-2-2-5-1-4-3-4-1	2-0-2-2-2-4-4-2-3-3-1-2	2-2-4-4-3-0-2-2-3-3-6-2	2-1-3-3-2-3-4-2-3-4-2-2	3-2-4-4-2-5-6-2-2-4-4-5	3-0-4-2-3-1-4-2-1-3-2-6	2-2-1-5-2-2-2-3-4-5-0-2	1-4-1-3-7-8-0-4-5-2-2-1	7-2-2-5-4-1-2-1-0-4-3-4
446	4	1-4-4-4-3-4-4-4-4-4-4-5	4-5-5-2-1-5-2-3-5-5-5-5	6-4-3-1-2-7-5-6-5-6-5-3	2-3-5-6-2-2-6-2-5-5-3-0	2-0-2-5-4-3-5-4-5-1-1-2	5-2-3-3-4-2-5-4-4-4-8-2	5-5-5-4-2-3-5-5-4-3-2-4	4-2-5-3-2-5-6-5-2-5-1-5	5-0-3-2-4-4-3-2-7-4-4-3	2-5-4-5-5-8-5-1-3-5-5-2	5-3-8-3-8-0-0-3-5-2-5-5	5-2-2-4-3-4-2-0-7-5-3-4
446	5	6-4-5-6-3-4-6-5-5-5-5-8	5-4-4-7-6-6-6-5-6-4-7-6	5-6-7-1-5-6-4-6-4-2-4-5	6-6-6-8-2-2-6-5-4-4-6-7	2-6-8-4-6-3-6-5-4-5-1-2	4-6-3-5-5-8-4-2-4-3-4-6	4-4-4-7-6-6-4-4-4-5-2-4	4-4-4-3-2-6-4-4-6-6-5-6	6-7-6-2-2-5-5-4-8-5-3-4	6-6-6-4-4-4-4-5-6-6-4-2	6-2-5-7-3-5-5-6-4-6-4-4	4-2-5-6-6-5-1-5-5-7-3-2
446	6	5-8-8-5-3-6-8-5-6-5-6-5	6-4-4-7-7-5-5-7-7-7-8-5	6-5-5-8-7-5-7-4-7-7-7-7	7-5-5-7-7-7-5-7-7-4-7-5	8-5-8-7-5-6-7-7-5-5-7-7	6-5-7-6-5-5-7-7-4-6-3-5	6-6-4-5-5-5-4-7-6-6-7-5	5-7-5-7-7-5-4-7-5-5-7-5	5-5-5-7-7-8-5-7-4-7-7-3	5-5-5-7-7-4-7-6-5-5-7-7	5-6-7-3-0-5-5-5-0-5-1-6	4-6-5-5-5-5-6-5-7-5-7-7
446	7	6-8-6-6-5-8-8-8-7-7-6-8	6-4-4-6-7-5-6-6-6-6-6-8	5-6-5-6-6-4-6-7-6-6-6-6	6-7-7-6-6-6-8-6-6-4-6-5	6-5-6-6-5-6-8-6-7-7-6-6	8-7-6-5-7-8-6-6-7-7-4-7	8-6-4-5-6-7-7-6-7-1-6-6	7-6-4-6-6-7-4-6-2-5-6-0	7-7-7-6-6-6-5-7-4-6-6-3	5-6-7-7-6-4-6-8-8-1-6-6	5-7-6-5-3-7-7-5-5-8-4-7	3-6-4-6-5-4-6-5-6-5-6-6
446	8	8-7-6-6-8-7-7-8-7-6-6-7	7-4-8-6-8-8-6-8-6-8-6-7	8-8-8-6-8-8-8-7-8-8-7-8	6-8-8-8-8-8-7-8-7-8-8-5	6-5-8-8-8-8-7-8-8-8-6-6	7-8-6-7-8-5-8-8-8-8-4-8	7-8-8-5-6-8-8-7-8-8-8-6	8-8-8-8-8-8-2-2-2-5-6-8	7-8-8-8-6-8-8-5-8-1-6-6	6-8-8-8-8-4-6-7-7-8-4-8	6-8-4-8-4-5-7-4-8-8-8-8	8-4-5-3-5-8-8-5-8-8-2-8
447	0	0-0-0-0-0-0-0-0-0-0-0-0	0-0-0-0-0-0-0-0-0-0-0-0	0-0-0-0-0-0-0-0-0-0-0-0	0-0-0-0-0-0-0-0-0-0-0-0	0-0-0-0-0-0-0-0-0-0-0-0	0-0-0-0-0-0-0-0-0-0-0-0	0-0-0-0-0-0-0-0-0-0-0-0	0-0-0-0-0-0-0-0-0-0-0-0	0-0-0-0-0-0-0-0-0-0-0-0	0-0-0-0-0-0-0-0-0-0-0-0	0-0-0-0-0-0-0-0-0-0-0-0	0-0-0-0-0-0-0-0-0-0-0-0
447	1	1-1-1-1-1-1-1-1-1-1-1-1	1-0-0-1-0-1-1-0-0-1-0-1	2-1-2-2-1-2-2-2-0-0-2-0	2-2-1-2-1-0-0-4-0-2-0-4	0-0-1-0-2-0-2-2-2-1-1-1	1-5-0-1-1-1-0-0-0-0-0-2	0-0-0-1-2-0-0-0-0-1-1-0	1-0-0-0-0-2-0-0-0-2-2-0	1-2-2-0-0-0-2-2-0-1-1-0	0-2-1-2-1-0-0-0-1-2-1-0	2-0-1-0-1-1-3-0-0-1-0-1	1-1-1-1-0-1-0-1-1-1-1-1
447	2	2-1-2-1-2-2-2-2-2-2-3-3	3-3-0-3-0-1-3-4-3-3-3-3	1-3-6-6-3-1-3-1-3-4-3-3	3-1-3-3-3-3-0-3-2-1-3-3	2-0-6-3-1-2-3-3-1-2-3-3	3-1-3-6-1-3-3-3-6-2-0-3	2-5-0-1-3-3-2-3-0-2-2-3	2-4-5-3-2-1-0-5-3-1-1-0	1-1-1-2-4-2-1-1-0-5-3-3	0-1-0-3-3-2-3-0-3-1-3-2	3-5-1-4-0-2-1-1-0-5-3-1	3-3-1-3-7-2-3-1-7-3-2-4
447	3	3-4-2-3-3-3-3-3-3-3-2-2	2-4-4-2-3-3-2-4-2-2-2-2	1-2-2-2-2-2-4-2-2-2-4-2	2-2-4-2-2-2-3-2-4-4-4-2	2-4-2-2-4-2-4-2-3-6-2-2	2-3-5-2-3-2-4-2-3-3-4-2	4-2-3-4-2-3-4-2-3-5-2-2	3-2-2-2-2-1-6-0-2-4-1-3	3-1-6-2-3-1-1-4-5-3-2-2	2-3-0-2-2-4-2-4-2-3-7-4	2-3-8-6-7-2-1-3-3-2-2-3	2-2-1-2-8-5-2-3-5-2-3-5
447	4	4-3-5-6-3-4-4-6-4-4-4-6	4-3-3-5-6-5-4-3-5-4-5-6	6-5-5-2-4-5-3-5-5-2-3-5	5-5-5-5-2-5-5-1-3-3-3-6	2-6-3-4-5-3-5-5-3-5-3-3	5-6-3-5-6-2-3-3-4-3-3-2	3-2-3-3-5-4-3-5-3-3-8-3	6-2-2-2-2-5-3-5-6-6-5-6	5-4-3-5-2-4-4-5-8-4-3-4	5-3-4-0-5-3-3-3-5-5-5-3	6-8-4-2-6-4-6-6-5-2-3-4	3-3-4-6-6-6-3-6-6-6-4-2
447	5	4-5-4-5-5-3-5-5-5-4-4-4	4-7-5-4-5-5-2-5-4-5-4-4	4-4-4-5-2-5-6-4-4-4-6-4	4-4-4-4-2-4-5-2-6-6-6-4	2-5-5-4-4-6-6-4-6-4-7-2	4-1-3-4-4-2-6-2-6-5-0-5	3-2-6-6-4-5-3-4-5-3-6-6	5-2-2-2-2-4-3-4-4-5-4-4	4-4-5-4-3-4-4-6-3-5-2-4	4-5-5-6-4-3-4-3-4-4-4-2	4-2-5-3-8-4-4-4-4-2-2-4	8-2-4-2-4-3-2-4-3-4-5-5
447	6	4-7-7-8-5-7-8-4-7-6-4-4	6-5-5-7-5-5-8-7-4-7-7-4	4-7-2-2-7-8-7-7-7-7-5-7	7-4-4-4-7-7-5-2-7-5-7-4	7-4-2-7-4-7-7-7-5-6-8-7	7-1-7-2-4-4-7-6-6-6-3-5	8-7-5-5-4-6-4-8-5-2-7-5	5-7-8-8-6-4-3-8-8-4-7-4	4-4-5-4-8-4-4-5-5-3-6-4	4-7-0-5-4-7-3-6-4-4-4-6	4-6-4-3-4-6-4-4-4-6-6-4	3-6-4-4-4-4-6-4-4-4-3-7
447	7	4-8-6-6-7-8-8-8-8-7-4-4	6-5-5-6-5-8-8-6-8-6-6-6	7-6-4-6-6-7-6-4-8-6-7-6	6-6-7-6-6-6-7-2-6-5-6-4	6-4-7-6-7-6-6-6-7-7-5-6	6-1-6-8-4-4-6-3-7-7-3-7	8-6-0-7-8-7-8-6-7-3-6-7	7-6-2-7-6-8-3-8-7-5-6-4	7-8-7-3-7-7-7-5-5-7-6-4	7-6-7-0-7-6-3-3-8-7-3-6	6-7-7-3-3-8-4-3-6-6-7-4	3-7-7-7-2-3-6-4-2-4-6-2
447	8	8-7-6-6-8-7-7-8-7-4-4-8	6-5-8-6-8-7-7-8-8-8-7-8	8-8-8-2-8-8-7-8-7-8-8-8	8-8-8-8-8-8-7-8-6-8-8-4	6-4-8-8-8-8-7-8-8-6-6-8	6-8-7-6-8-4-8-8-8-8-0-8	6-8-8-8-7-8-7-6-8-6-4-7	8-8-6-6-8-7-8-6-6-7-7-8	7-7-7-6-6-8-4-6-4-5-6-0	6-8-8-8-8-7-8-7-7-8-3-8	6-8-3-8-5-7-4-3-8-7-8-8	8-7-8-0-3-8-8-4-8-8-2-8
448	0	0-0-0-0-0-0-0-0-0-0-0-0	0-0-0-0-0-0-0-0-0-0-0-0	0-0-0-0-0-0-0-0-0-0-0-0	0-0-0-0-0-0-0-0-0-0-0-0	0-0-0-0-0-0-0-0-0-0-0-0	0-0-0-0-0-0-0-0-0-0-0-0	0-0-0-0-0-0-0-0-0-0-0-0	0-0-0-0-0-0-0-0-0-0-0-0	0-0-0-0-0-0-0-0-0-0-0-0	0-0-0-0-0-0-0-0-0-0-0-0	0-0-0-0-0-0-0-0-0-0-0-0	0-0-0-0-0-0-0-0-0-0-0-0
448	1	1-1-1-1-1-0-1-1-1-1-1-2	2-0-0-2-0-1-1-0-2-1-2-2	0-2-3-0-2-2-2-0-0-3-2-2	2-2-1-3-2-2-0-3-2-3-0-2	3-1-2-2-0-0-2-2-0-2-3-3	2-2-3-1-0-1-2-0-0-0-0-2	0-1-0-1-0-0-0-2-1-0-0-0	0-2-0-2-0-0-0-3-2-0-1-0	0-2-0-2-1-2-1-1-0-1-1-1	2-2-0-2-0-0-2-1-2-0-0-0	1-0-1-0-2-1-1-1-1-1-2-1	1-2-1-1-0-1-2-1-1-1-1-1
448	2	2-2-2-2-2-2-2-2-2-2-2-2	1-4-4-1-0-3-1-3-3-2-1-1	0-1-1-2-1-1-3-3-0-1-3-1	1-1-1-1-1-1-3-1-1-1-3-1	0-2-1-1-0-3-3-1-3-1-1-1	1-1-1-2-2-1-1-0-2-2-0-1	0-1-0-0-1-0-4-1-1-0-3-0	2-1-0-1-0-2-3-1-1-0-3-2	2-1-0-1-2-1-3-3-3-2-0-2	1-1-0-3-3-0-1-2-1-0-0-0	3-3-3-4-3-2-0-1-0-1-1-2	1-1-1-2-3-1-1-1-1-1-1-1
448	3	3-2-2-4-3-2-3-2-3-3-2-3	4-2-2-1-0-4-3-2-2-3-4-2	5-4-4-1-6-4-2-4-4-1-2-4	4-5-6-1-3-1-5-1-1-1-2-9	1-3-6-1-10-2-4-3-2-1-1-1	1-1-1-3-3-5-4-0-0-0-0-4	5-1-0-3-4-3-2-2-0-3-2-0	2-1-5-3-0-4-2-1-4-3-2-3	4-4-4-1-1-0-3-4-2-3-3-2	5-3-3-4-2-5-1-8-3-4-3-0	2-2-6-3-2-3-4-3-5-1-4-3	5-2-3-5-3-3-3-4-3-5-3-2
448	4	4-3-4-5-5-3-4-10-4-4-4-4	3-2-2-5-5-3-5-5-5-3-5-5	3-3-3-6-5-3-5-3-3-5-5-5	5-3-5-5-5-5-0-5-5-1-4-5	5-6-5-1-3-4-5-5-3-4-1-5	5-6-5-4-3-6-5-5-2-2-0-6	5-5-0-0-5-4-6-5-0-4-5-5	2-7-4-5-4-3-2-6-3-3-4-0	3-3-3-6-6-4-3-3-0-4-4-6	3-1-3-3-5-6-5-2-5-3-0-6	4-6-3-2-3-4-3-3-0-4-3-3	1-6-4-3-3-1-5-3-4-5-4-6
448	5	4-6-4-4-5-5-5-5-5-3-6-4	3-6-5-4-4-3-4-6-4-3-4-4	3-3-4-4-4-3-6-6-6-4-6-4	4-3-4-4-4-4-3-4-6-6-6-3	4-3-4-1-3-4-6-4-6-4-1-4	4-4-6-4-6-3-6-4-5-5-5-4	3-4-6-3-4-5-4-4-5-5-4-4	5-6-4-4-4-3-8-6-3-5-3-6	3-3-3-4-5-1-3-6-6-5-4-4	3-3-3-10-4-6-4-6-4-5-5-5	5-7-8-6-3-4-3-3-3-4-3-3	3-4-3-3-3-3-4-3-8-4-6-4
448	6	5-5-6-6-5-6-6-4-6-6-5-7	6-5-5-4-4-5-6-5-7-6-4-7	8-7-8-4-6-3-5-8-5-6-5-6	7-8-3-7-4-4-9-3-5-5-5-7	4-10-3-6-6-5-5-6-6-6-7-1	9-4-5-4-5-11-5-5-5-0-0-4	6-4-5-7-6-6-4-7-0-5-9-5	5-4-9-5-4-9-5-4-6-5-6-10	6-6-4-4-4-6-6-7-5-6-4-4	7-11-6-11-7-4-0-5-7-7-6-4	8-4-3-5-6-6-9-8-8-4-4-6	6-4-4-6-7-3-3-6-8-8-5-4
448	7	8-7-8-9-8-8-9-9-8-9-9-9	8-8-8-6-8-9-8-8-8-8-8-8	7-6-9-9-9-9-8-8-8-8-7-8	8-6-8-9-4-6-8-4-8-8-7-6	10-9-10-9-7-7-8-7-7-7-10-7	7-9-8-7-8-8-7-8-7-7-0-7	9-8-9-6-6-7-10-8-7-10-11-7	8-4-8-7-7-6-10-10-8-10-6-6	8-7-7-7-10-10-8-8-10-10-11-10	6-7-7-7-9-11-8-7-6-6-6-10	6-10-9-7-8-11-6-7-6-8-10-7	8-11-10-3-9-10-10-6-9-9-7-11
448	8	7-7-7-10-7-7-7-7-7-7-7-7	7-7-7-9-7-7-9-7-7-7-10-7	6-9-6-7-10-7-9-7-7-7-9-7	9-6-7-7-9-10-7-10-7-7-8-8	9-7-3-6-7-8-9-9-7-7-7-9	7-9-9-8-7-7-9-8-7-7-0-10	10-7-7-9-9-8-7-9-7-7-10-8	7-8-7-9-10-6-5-7-7-7-10-6	7-3-7-9-7-7-7-9-7-7-8-7	6-9-8-9-9-7-9-7-9-7-10-7	6-9-9-7-7-8-6-8-10-7-7-8	7-9-8-9-10-7-7-6-8-9-10-7
448	9	7-7-7-7-7-7-7-7-7-7-7-7	7-7-7-8-7-7-8-10-7-7-8-7	7-8-7-7-8-7-10-7-7-7-10-8	8-6-10-7-8-8-7-8-10-11-8-3	8-7-7-7-7-10-10-8-10-9-7-8	7-8-8-9-9-6-8-10-9-9-10-8	7-7-7-8-8-9-10-8-9-9-6-8	7-10-6-8-8-6-7-7-3-7-8-6	8-3-8-8-9-7-10-8-7-7-8-7	6-8-9-8-10-7-8-7-8-7-8-7	6-8-7-11-7-6-6-7-8-8-8-9	7-8-7-8-7-7-8-6-7-10-8-7
448	10	7-11-7-8-7-11-7-7-7-7-7-8	7-9-7-8-7-7-8-9-7-7-8-7	7-8-8-7-8-7-9-7-8-7-9-8	8-6-10-7-8-8-7-4-9-7-8-7	8-6-7-7-3-9-9-8-9-10-7-7	7-7-8-8-10-7-9-9-10-9-9-8	8-7-7-8-9-10-9-9-10-7-8-8	10-9-7-11-8-3-7-7-11-7-8-6	10-10-7-8-7-7-10-11-7-7-8-7	10-8-10-7-9-7-7-7-11-6-8-7	7-7-7-7-7-10-10-8-8-10-7-10	7-8-7-8-8-7-7-6-8-9-8-7
448	11	11-10-7-9-7-10-7-11-7-7-7-7	7-11-11-8-11-7-10-11-11-11-10-11	11-11-11-7-11-7-10-7-10-11-7-11	10-11-11-11-11-11-7-11-9-11-11-7	7-7-11-11-11-11-10-11-11-11-8-7	7-4-11-8-11-6-11-11-11-11-11-11	10-11-11-10-10-9-7-11-11-11-7-7	11-9-7-10-11-11-11-4-10-7-7-7	8-10-11-11-7-11-11-10-7-7-7-10	10-11-11-11-11-7-11-7-10-11-11-11	6-7-7-9-7-7-7-6-7-7-11-11	7-7-7-7-9-11-11-6-11-11-10-7
449	0	0-0-0-0-0-0-0-0-0-0-0-0	0-0-0-0-0-0-0-0-0-0-0-0	0-0-0-0-0-0-0-0-0-0-0-0	0-0-0-0-0-0-0-0-0-0-0-0	0-0-0-0-0-0-0-0-0-0-0-0	0-0-0-0-0-0-0-0-0-0-0-0	0-0-0-0-0-0-0-0-0-0-0-0	0-0-0-0-0-0-0-0-0-0-0-0	0-0-0-0-0-0-0-0-0-0-0-0	0-0-0-0-0-0-0-0-0-0-0-0	0-0-0-0-0-0-0-0-0-0-0-0	0-0-0-0-0-0-0-0-0-0-0-0
449	1	1-1-1-1-1-1-1-1-1-1-1-1	0-2-2-0-0-1-0-2-0-1-0-2	3-0-0-0-0-0-0-0-0-0-2-0	0-0-2-0-1-0-0-1-2-2-0-0	0-0-1-0-0-2-2-0-1-0-2-0	0-0-0-0-0-0-2-0-2-1-2-0	0-2-1-0-0-0-0-4-1-1-0-0	1-0-0-0-1-0-2-0-0-2-0-0	1-1-0-0-1-1-1-2-0-1-0-2	0-1-2-2-1-0-0-1-0-0-0-1	0-1-0-1-1-0-0-0-0-0-0-1	0-0-0-2-0-1-0-0-0-0-1-0
449	2	2-2-2-2-1-1-2-1-2-2-2-3	2-1-1-2-2-2-4-3-3-1-3-3	6-3-0-3-3-3-3-4-0-3-3-3	4-3-3-2-4-3-0-4-3-1-2-2	6-0-2-2-3-3-3-3-2-0-9-4	3-2-3-0-2-3-3-3-1-1-1-4	2-1-1-0-3-0-0-3-2-2-2-3	1-6-3-2-2-4-3-9-2-1-1-0	2-0-3-3-9-3-2-3-5-2-2-1	2-2-1-1-3-2-3-2-3-0-2-2	4-2-0-0-3-4-2-2-0-3-3-1	1-2-2-1-0-2-3-0-2-2-2-2
449	3	3-3-3-4-3-3-3-3-2-3-3-2	4-5-3-2-2-3-2-4-2-1-2-4	4-2-2-2-2-2-4-2-4-2-4-2	2-2-4-2-2-2-4-2-4-1-4-2	3-5-2-2-3-4-4-2-3-3-0-2	2-0-4-0-6-2-2-2-3-3-8-3	4-1-3-3-2-3-3-2-3-4-2-2	3-0-2-4-2-5-8-2-2-4-3-2	3-0-4-2-1-6-8-2-4-3-2-3	2-2-3-4-2-2-2-4-4-3-9-2	3-2-3-3-4-5-2-4-0-2-2-3	1-2-2-4-4-3-2-0-8-5-6-3
449	4	4-4-3-4-4-4-4-3-4-3-4-4	5-5-5-2-6-3-2-3-4-4-4-3	5-4-6-2-2-6-3-5-5-2-3-4	2-5-5-2-2-2-4-2-5-5-3-2	4-4-4-4-5-3-3-4-5-5-0-2	2-0-3-0-4-2-5-2-4-4-4-2	3-2-4-4-2-3-5-5-4-3-4-6	5-5-2-3-4-4-8-6-2-3-3-5	4-0-3-5-6-2-4-5-8-4-5-3	2-2-4-5-5-8-5-4-3-4-4-2	5-2-3-5-3-2-3-3-0-3-2-6	4-2-2-4-3-5-2-0-3-3-2-2
449	5	6-5-6-6-6-6-6-5-6-6-6-6	6-4-4-6-6-6-6-6-6-6-6-6	6-6-6-6-5-7-6-6-6-6-6-6	6-6-6-6-2-6-6-7-4-4-4-6	5-9-4-5-6-4-6-6-4-4-5-5	6-6-3-5-5-6-4-2-6-5-4-6	6-7-5-6-6-6-4-6-4-5-7-8	4-4-7-6-4-6-6-6-6-5-6-6	7-8-6-6-2-5-6-6-9-5-4-6	6-7-4-4-6-3-6-4-6-6-6-2	7-2-5-6-6-6-6-6-6-6-6-5	6-6-6-6-6-6-6-6-2-6-5-6
449	6	5-6-5-5-5-5-5-5-5-5-5-5	5-7-6-5-5-5-5-5-5-5-5-5	5-5-5-5-7-5-5-5-5-7-5-5	5-5-5-5-2-5-5-5-7-7-6-5	2-5-2-4-5-6-5-5-7-6-5-5	5-5-3-5-5-5-7-5-5-6-0-6	5-6-6-5-5-5-4-5-6-8-5-7	7-2-5-5-6-5-5-7-5-6-5-5	5-5-5-5-4-8-5-5-8-5-2-5	5-5-6-7-5-2-5-6-5-5-5-2	8-7-5-5-5-5-5-5-5-5-5-4	5-5-5-5-5-5-7-5-5-5-3-5
449	7	8-7-8-7-8-8-9-8-9-9-8-7	9-6-6-8-8-9-5-8-8-5-9-9	7-8-8-8-8-5-8-7-8-8-8-7	8-6-5-8-8-8-8-8-8-6-8-7	8-5-8-8-5-6-8-6-6-7-8-8	7-8-8-7-4-5-8-8-6-7-3-7	5-5-6-5-8-7-4-7-6-6-8-6	6-8-5-8-8-5-9-8-5-5-8-5	5-5-5-8-8-7-5-8-6-6-8-8	5-5-7-6-8-9-9-6-5-5-5-8	5-6-8-5-5-6-7-5-5-8-6-8	5-7-7-8-8-5-6-5-8-3-8-3
449	8	7-7-7-7-7-7-7-7-7-7-7-9	7-6-6-7-7-7-7-7-7-5-7-7	7-7-7-7-7-8-7-9-7-7-7-7	7-8-8-7-7-7-9-7-7-6-7-5	7-5-7-7-8-8-9-8-8-8-7-7	9-7-7-7-8-9-7-7-8-8-3-8	9-3-6-5-9-8-4-7-8-6-7-7	8-7-5-7-7-5-4-7-7-5-7-8	8-5-9-7-7-6-5-7-4-6-7-7	9-8-8-5-7-4-7-9-9-5-7-7	6-8-8-5-9-9-8-8-5-8-4-7	5-7-5-7-7-5-7-5-3-3-7-3
449	9	9-7-7-7-9-7-7-9-7-7-7-8	7-9-9-7-9-7-7-7-7-9-7-7	9-9-9-7-9-7-7-8-7-9-7-9	7-9-9-9-9-9-8-9-8-9-9-5	7-5-7-9-9-9-8-9-9-9-2-7	8-9-9-7-9-8-9-7-9-9-9-8	8-9-9-5-8-9-6-7-9-7-5-7	9-7-2-7-9-8-7-7-8-5-7-5	8-5-8-8-7-9-9-8-9-2-7-7	8-9-9-9-9-7-9-7-8-9-3-9	6-6-1-4-8-5-8-5-5-8-9-7	5-8-5-5-7-9-9-5-9-9-7-9
450	0	0-0-0-0-0-0-0-0-0-0-0-0	0-0-0-0-0-0-0-0-0-0-0-0	0-0-0-0-0-0-0-0-0-0-0-0	0-0-0-0-0-0-0-0-0-0-0-0	0-0-0-0-0-0-0-0-0-0-0-0	0-0-0-0-0-0-0-0-0-0-0-0	0-0-0-0-0-0-0-0-0-0-0-0	0-0-0-0-0-0-0-0-0-0-0-0	0-0-0-0-0-0-0-0-0-0-0-0	0-0-0-0-0-0-0-0-0-0-0-0	0-0-0-0-0-0-0-0-0-0-0-0	0-0-0-0-0-0-0-0-0-0-0-0
450	1	1-1-1-1-1-1-1-1-1-1-1-1	1-0-0-3-0-1-0-0-0-1-0-0	0-2-0-3-2-2-0-0-0-2-0-2	2-0-0-3-2-2-0-1-2-2-1-0	1-0-1-0-2-2-2-2-1-1-0-2	2-0-2-0-0-2-2-3-1-1-3-0	3-3-1-0-2-2-1-0-1-1-0-2	1-1-0-2-3-3-1-8-3-0-0-0	1-0-2-3-3-0-0-3-0-1-1-1	0-3-1-2-2-1-0-1-2-0-0-1	3-1-0-1-2-1-0-0-0-1-1-0	0-1-1-2-3-1-3-0-1-0-1-1
450	2	3-2-2-2-2-2-2-2-2-2-2-3	1-3-2-1-0-3-0-3-3-2-3-2	2-1-0-2-1-1-3-2-3-1-3-1	1-0-3-1-1-1-2-2-3-3-3-0	2-0-6-1-1-1-3-1-2-2-0-1	1-0-3-0-2-1-3-1-2-2-5-2	7-1-2-5-1-1-2-1-2-2-0-1	2-3-3-1-1-1-7-3-1-5-5-0	3-0-1-1-4-2-0-1-3-2-3-2	3-1-3-3-1-1-2-2-1-3-0-1	0-1-0-3-1-3-0-0-3-1-1-2	2-1-1-3-0-2-1-0-7-1-2-1
450	3	3-2-3-3-3-2-3-3-3-3-3-4	3-2-2-1-2-3-4-3-4-2-4-4	7-4-5-1-3-4-2-4-4-1-2-4	4-6-4-4-1-4-4-1-2-2-2-0	2-4-2-3-5-1-2-3-3-3-3-8	1-1-2-3-3-8-2-1-1-2-1-1	1-1-2-6-4-1-2-4-1-2-3-2	2-2-2-2-1-7-1-2-1-3-4-7	5-4-5-1-1-3-6-1-2-3-2-2	4-1-2-4-5-1-0-1-5-2-3-1	5-1-3-2-8-6-5-6-5-1-3-3	3-1-3-2-1-3-1-5-6-7-2-1
450	4	6-4-5-6-5-5-6-6-5-5-5-5	5-5-5-3-6-6-6-5-5-5-5-5	4-3-6-6-5-5-5-5-5-5-6-5	5-3-5-6-5-3-5-7-5-5-4-4	7-6-5-3-8-4-5-4-5-5-5-4	4-6-5-4-3-5-4-5-5-4-2-5	8-5-4-4-3-5-5-3-4-7-8-5	4-4-3-4-4-5-6-5-1-4-3-3	4-3-8-4-5-5-5-3-5-4-5-6	3-4-5-5-3-5-5-4-5-5-8-1	4-8-6-7-5-8-3-3-8-4-5-5	6-4-5-8-6-7-5-3-3-3-4-4
450	5	4-4-4-6-4-4-4-4-4-4-4-4	4-4-4-7-4-4-4-4-4-4-4-4	3-6-4-4-7-4-6-4-4-4-4-4	6-3-4-4-7-6-4-7-4-4-6-4	4-4-4-4-3-5-6-6-4-4-4-7	4-7-6-5-3-4-6-4-4-4-2-4	4-4-4-2-6-4-4-6-4-2-7-4	4-6-3-6-7-4-8-7-7-2-7-3	3-0-4-6-4-4-4-7-4-4-7-4	8-7-4-4-3-4-4-4-6-4-7-1	3-1-4-4-4-4-3-3-7-7-4-3	4-7-4-7-4-4-4-3-3-4-5-1
450	6	4-8-4-8-4-4-4-4-4-4-4-4	4-7-7-5-4-4-4-4-4-4-7-4	0-5-4-4-5-4-7-4-4-5-7-5	5-3-4-4-5-5-4-4-7-5-5-4	6-4-4-4-4-7-7-5-7-4-4-5	5-4-5-8-6-4-5-4-4-6-2-6	5-4-4-8-5-4-4-7-6-6-5-5	4-5-3-7-5-4-4-4-5-6-3-3	3-0-5-5-6-4-3-5-4-6-5-4	3-3-6-4-7-4-7-7-5-7-3-6	7-1-4-6-4-4-3-3-3-5-4-6	4-1-4-7-4-3-4-3-3-4-7-4
450	7	4-6-4-4-4-8-4-4-4-4-4-8	4-6-6-5-4-4-5-6-4-4-4-8	3-5-8-4-5-4-6-4-4-7-6-5	5-3-7-4-5-5-8-4-6-4-5-8	4-4-4-6-7-6-6-7-6-4-4-5	4-5-5-8-7-4-8-4-7-7-2-8	8-4-4-4-3-7-7-6-7-4-5-5	7-5-4-6-5-4-2-5-5-3-5-3	3-7-7-7-7-4-4-5-8-4-5-4	3-5-7-2-6-1-6-4-8-4-5-1	6-7-4-4-4-4-3-7-5-5-4-7	4-8-8-5-7-4-4-3-6-3-6-4
450	8	8-6-5-6-8-7-4-8-4-4-4-7	4-6-8-5-8-4-7-8-8-8-7-7	8-8-8-4-8-8-8-7-8-8-7-8	7-8-8-8-8-8-7-8-7-8-8-7	4-4-8-8-4-8-7-8-8-8-1-4	4-8-8-7-8-3-7-8-8-8-2-7	4-8-8-8-8-8-8-8-8-8-4-8	8-6-8-7-8-4-5-5-5-3-4-4	5-7-8-7-1-8-8-3-7-4-5-2	5-3-8-8-8-1-8-4-7-8-4-8	3-4-4-8-3-4-3-3-4-4-8-8	8-7-7-4-4-8-8-3-3-8-6-4
451	0	0-0-0-0-0-0-0-0-0-0-0-0	0-0-0-0-0-0-0-0-0-0-0-0	0-0-0-0-0-0-0-0-0-0-0-0	0-0-0-0-0-0-0-0-0-0-0-0	0-0-0-0-0-0-0-0-0-0-0-0	0-0-0-0-0-0-0-0-0-0-0-0	0-0-0-0-0-0-0-0-0-0-0-0	0-0-0-0-0-0-0-0-0-0-0-0	0-0-0-0-0-0-0-0-0-0-0-0	0-0-0-0-0-0-0-0-0-0-0-0	0-0-0-0-0-0-0-0-0-0-0-0	0-0-0-0-0-0-0-0-0-0-0-0
451	1	1-1-1-1-1-1-1-0-1-0-1-1	0-0-0-2-0-0-0-2-0-0-0-0	2-2-0-4-2-2-2-2-0-3-2-2	2-0-0-3-3-2-0-1-1-1-1-0	1-0-1-0-0-1-2-2-1-1-0-0	1-2-2-0-0-2-2-2-1-1-0-0	2-1-1-0-2-0-1-2-1-1-0-2	0-1-1-2-1-0-2-7-1-1-0-0	1-0-2-2-3-1-0-2-0-1-1-1	2-2-0-2-2-1-0-3-2-0-0-1	0-1-0-0-0-2-0-0-0-1-1-0	0-1-2-2-0-1-2-0-1-1-1-1
451	2	2-3-1-1-2-2-2-2-2-2-2-3	1-3-2-1-0-2-0-3-0-2-0-3	1-1-0-1-1-1-3-3-4-1-3-1	1-2-3-1-1-1-0-1-3-2-3-0	2-0-0-0-2-1-3-1-3-2-0-0	1-1-4-0-3-1-3-1-2-2-7-2	1-1-2-0-1-2-4-1-4-4-0-1	3-3-1-1-3-3-6-0-2-2-0-0	0-0-3-1-2-1-2-1-2-2-3-1	1-1-2-1-1-1-4-2-1-3-0-1	3-1-7-6-0-1-1-2-0-2-1-2	0-1-1-3-0-1-1-0-6-0-4-1
451	3	3-2-4-2-3-3-4-3-4-4-3-4	4-2-2-4-0-3-4-6-4-2-4-4	6-4-4-1-5-1-4-4-4-1-2-4	4-4-2-4-1-5-4-3-2-2-2-4	1-4-4-3-4-2-4-4-2-2-4-7	1-4-2-3-4-1-2-1-2-2-0-4	4-1-1-0-4-3-4-4-2-2-3-1	2-2-5-2-2-4-2-0-4-3-3-6	3-3-2-1-1-3-3-4-5-3-2-4	4-7-2-0-4-1-0-2-6-2-4-1	4-1-0-3-0-4-4-7-4-4-1-3	3-1-3-3-4-4-1-3-4-6-0-1
451	4	4-4-3-4-4-4-3-4-3-3-3-3	3-5-4-3-5-4-3-3-3-5-3-3	3-3-3-1-1-6-3-3-3-5-7-3	3-3-3-3-1-5-3-1-5-6-4-3	1-3-3-4-3-5-3-3-5-6-3-3	5-3-2-3-3-1-5-4-4-4-0-4	3-4-2-5-3-4-3-3-2-2-3-6	4-4-1-5-4-3-1-0-3-4-3-3	3-3-3-3-2-3-3-5-5-4-1-5	3-1-4-5-3-1-2-4-3-3-3-1	3-5-4-2-0-3-3-3-3-3-1-4	0-1-3-4-3-3-5-3-3-3-2-1
451	5	6-7-6-7-6-6-7-6-6-6-6-6	6-4-4-3-6-5-6-5-6-6-6-6	5-6-6-6-6-6-6-6-6-6-5-5	6-6-6-6-6-6-6-6-6-4-6-3	6-6-7-6-7-4-6-6-4-5-5-6	6-6-6-7-6-6-6-6-5-2-0-5	6-4-5-4-7-5-6-5-5-6-6-4	5-6-3-6-6-6-7-6-5-4-6-7	3-7-4-6-6-6-3-4-4-5-6-7	3-6-5-4-6-6-6-7-7-6-6-6	3-7-5-5-6-4-3-3-6-5-6-6	7-6-5-6-3-5-6-3-3-3-6-5
451	6	5-7-5-5-5-7-5-5-5-5-5-7	5-4-5-3-5-5-5-3-5-5-5-5	3-5-5-5-5-5-5-5-5-5-5-5	5-5-5-5-5-5-7-5-5-4-5-7	5-5-5-5-6-5-5-5-4-4-5-5	5-5-5-7-6-5-5-5-6-6-2-6	5-4-5-0-7-6-5-7-6-6-5-4	6-5-5-5-5-5-7-5-5-6-5-3	6-6-6-5-5-5-6-5-4-4-5-2	3-6-5-5-5-5-5-7-7-5-6-5	3-6-6-2-5-6-3-3-5-6-5-6	5-5-7-5-6-5-5-3-2-3-5-1
451	7	7-6-5-5-7-6-5-7-5-5-5-6	5-4-7-5-7-5-5-7-5-7-5-6	7-7-7-5-7-7-4-5-5-7-4-7	5-7-5-5-7-7-6-7-6-7-7-6	5-3-7-7-5-7-6-7-7-5-1-7	6-7-6-5-7-7-7-7-7-7-7-6	6-7-7-7-4-7-7-6-7-7-7-5	7-5-7-7-7-5-5-5-6-6-5-5	5-7-7-6-5-7-2-5-7-5-5-5	3-3-7-7-7-1-5-5-6-7-3-7	3-7-2-7-5-4-3-3-3-5-7-7	5-5-7-4-5-7-7-3-7-7-5-5
452	0	0-0-0-0-0-0-0-0-0-0-0-0	0-0-0-0-0-0-0-0-0-0-0-0	0-0-0-0-0-0-0-0-0-0-0-0	0-0-0-0-0-0-0-0-0-0-0-0	0-0-0-0-0-0-0-0-0-0-0-0	0-0-0-0-0-0-0-0-0-0-0-0	0-0-0-0-0-0-0-0-0-0-0-0	0-0-0-0-0-0-0-0-0-0-0-0	0-0-0-0-0-0-0-0-0-0-0-0	0-0-0-0-0-0-0-0-0-0-0-0	0-0-0-0-0-0-0-0-0-0-0-0	0-0-0-0-0-0-0-0-0-0-0-0
452	1	1-1-1-1-1-0-1-1-1-1-1-1	1-0-0-1-0-0-0-2-0-0-0-0	2-2-0-0-2-2-2-0-0-2-0-2	2-0-0-3-3-2-0-1-1-3-1-2	1-0-1-4-2-1-2-2-1-1-1-1	1-0-2-0-1-2-2-4-3-0-0-1	1-1-1-0-2-0-1-2-1-3-0-2	0-1-1-2-4-0-1-7-1-1-0-0	0-0-2-3-3-2-0-2-3-1-1-1	0-2-0-2-2-3-2-6-2-1-0-3	0-3-0-0-0-2-0-0-0-1-2-0	0-2-1-2-0-1-3-0-1-0-1-3
452	2	2-2-1-1-2-2-2-2-2-2-2-3	2-3-2-1-0-3-0-1-3-0-3-3	1-1-4-1-1-3-3-4-0-1-3-1	1-2-3-1-1-1-0-1-3-3-1-1	2-0-4-2-3-1-3-1-2-2-1-1	3-2-1-2-2-1-3-1-4-2-6-1	1-1-2-2-1-2-3-1-4-2-3-1	2-3-1-1-2-3-6-4-1-2-2-0	2-0-1-1-2-1-3-1-4-2-2-4	0-1-0-4-1-4-1-3-1-3-7-1	3-2-2-3-6-1-0-2-0-1-1-4	0-1-0-3-0-1-1-0-1-2-1-2
452	3	3-2-4-4-3-2-3-3-3-3-3-4	3-2-2-4-4-2-4-2-4-3-4-4	6-4-6-4-3-2-4-4-4-2-2-4	4-4-2-4-1-4-4-1-2-2-1-6	1-4-2-3-5-2-4-4-3-3-3-7	2-4-2-0-3-7-2-1-2-2-2-1	4-1-2-3-4-3-2-4-3-1-4-1	1-2-5-4-2-4-1-1-4-3-4-4	5-4-3-1-1-3-2-4-6-3-1-2	4-5-3-2-5-1-0-2-4-4-4-1	4-1-3-7-3-4-4-4-4-4-4-3	3-1-4-2-4-5-1-3-1-6-1-1
452	4	4-4-3-3-5-2-4-4-3-4-3-3	3-5-4-3-3-4-3-4-3-3-3-3	5-3-5-3-1-5-3-5-3-5-5-3	3-3-5-5-1-3-4-3-5-5-5-3	1-3-2-1-4-5-3-3-5-4-4-1	3-3-1-6-3-3-5-1-2-4-2-4	3-5-4-4-3-4-4-3-4-1-3-5	4-4-1-5-4-3-6-2-3-4-3-3	3-3-3-3-5-3-2-5-7-3-5-2	3-1-4-5-3-2-0-4-3-3-3-1	3-5-6-5-2-3-3-3-3-3-5-2	4-1-3-1-3-4-1-3-3-3-1-1
452	5	6-5-6-5-6-6-7-6-6-7-6-6	6-4-6-6-6-6-7-5-6-6-6-6	5-6-4-6-6-6-6-5-6-6-6-6	6-3-4-6-6-6-6-3-4-4-6-5	6-5-6-6-3-6-6-6-4-5-5-6	6-4-6-5-3-3-6-6-4-4-2-6	6-4-4-6-6-5-6-6-4-7-6-4	7-6-3-6-6-7-7-6-6-3-6-5	3-5-7-6-6-5-3-6-4-5-6-4	6-6-6-4-6-7-6-7-4-6-6-6	3-4-6-4-7-7-3-3-3-6-4-5	6-6-5-6-6-3-6-3-1-3-6-7
452	6	5-7-5-5-5-7-5-5-5-5-5-5	5-4-5-5-6-5-5-5-5-5-5-5	3-5-7-5-5-5-5-5-5-5-6-5	7-6-6-5-5-5-7-1-5-4-5-7	5-3-5-5-6-5-7-5-3-6-5-5	5-6-5-7-6-7-5-5-6-6-2-6	7-5-4-5-5-6-6-5-6-6-5-5	6-5-1-5-5-5-2-5-5-4-5-3	7-6-6-5-5-5-5-5-3-5-5-4	5-5-6-5-5-1-5-1-7-5-5-5	3-6-5-7-2-7-3-3-5-5-4-6	5-5-7-5-5-3-5-3-1-3-5-1
452	7	7-6-5-5-7-6-5-7-5-5-5-5	5-7-7-5-7-7-5-5-5-7-5-6	7-7-7-5-7-5-7-6-5-7-6-7	6-7-7-7-7-7-6-7-6-7-7-6	5-3-7-7-7-7-6-7-7-7-5-5	6-7-5-6-7-6-7-5-7-7-7-6	6-7-7-7-5-7-7-7-7-7-5-5	7-5-7-6-7-5-5-1-5-3-5-5	6-6-7-6-5-7-2-5-7-5-5-5	3-3-7-7-7-5-5-5-6-7-5-7	3-7-7-3-2-6-3-3-3-7-7-5	7-6-6-5-5-7-7-3-7-7-5-7
453	0	0-0-0-0-0-0-0-0-0-0-0-0	0-0-0-0-0-0-0-0-0-0-0-0	0-0-0-0-0-0-0-0-0-0-0-0	0-0-0-0-0-0-0-0-0-0-0-0	0-0-0-0-0-0-0-0-0-0-0-0	0-0-0-0-0-0-0-0-0-0-0-0	0-0-0-0-0-0-0-0-0-0-0-0	0-0-0-0-0-0-0-0-0-0-0-0	0-0-0-0-0-0-0-0-0-0-0-0	0-0-0-0-0-0-0-0-0-0-0-0	0-0-0-0-0-0-0-0-0-0-0-0	0-0-0-0-0-0-0-0-0-0-0-0
453	1	1-1-1-1-1-1-1-1-1-1-1-2	2-2-2-0-0-2-0-1-1-2-0-1	1-0-0-1-1-1-2-1-0-2-2-2	0-0-2-0-0-0-0-1-2-2-2-0	0-2-1-0-0-2-2-0-1-0-2-0	0-9-2-0-0-0-2-0-1-1-1-1	2-3-1-0-0-0-2-1-1-4-2-2	1-1-1-2-1-0-1-0-0-1-0-0	1-0-0-0-3-0-1-2-2-1-1-1	0-1-1-2-2-1-0-3-2-0-0-1	0-1-9-2-2-1-0-5-2-0-2-1	3-1-9-1-2-1-2-0-0-0-1-5
453	2	2-1-2-1-1-1-1-1-1-1-1-1	1-1-1-4-0-1-3-2-0-1-3-1	0-2-0-3-4-5-3-3-0-3-1-3	4-0-3-4-4-4-0-4-1-1-1-4	4-1-3-3-0-1-3-3-1-4-1-4	3-4-3-2-2-4-3-3-1-1-0-4	1-1-1-0-3-4-1-3-2-1-1-3	1-4-2-3-4-1-1-9-4-1-2-0	2-0-3-3-5-2-0-3-1-2-2-4	2-2-1-1-3-2-4-1-3-0-2-4	2-1-1-1-1-2-0-2-1-2-3-2	1-3-2-4-1-2-1-2-2-3-2-1
453	3	3-3-1-3-3-1-3-3-3-1-3-2	2-5-3-2-4-3-2-4-4-1-2-5	4-3-0-2-2-1-4-2-4-2-4-2	2-4-2-2-2-2-4-2-4-1-4-2	2-0-2-2-0-4-4-2-3-3-1-2	2-2-4-0-3-2-4-2-3-3-4-2	2-1-3-0-2-3-3-4-3-3-2-2	3-2-2-4-2-0-5-0-2-4-4-0	3-0-2-2-1-2-4-2-4-4-2-2	0-4-3-4-4-4-4-3-4-4-3-2	5-2-1-3-3-3-0-0-0-2-2-4	1-2-2-2-4-4-4-4-0-5-8-1
453	4	4-4-4-4-3-4-4-4-3-4-3-4	2-5-5-2-4-5-2-3-3-1-2-5	2-4-5-1-2-0-5-5-5-2-5-2	2-3-5-2-2-2-3-2-5-1-5-2	2-1-2-5-6-3-5-4-5-2-2-2	2-2-3-0-5-2-5-2-4-4-3-2	5-4-5-0-2-2-5-3-4-1-2-4	5-2-2-3-2-0-8-2-2-3-3-0	4-0-5-2-4-2-3-2-3-3-5-2	1-3-4-3-5-3-5-1-3-3-5-2	5-1-1-5-5-2-0-8-0-5-5-4	4-2-2-5-3-3-3-3-4-2-7-8
453	5	6-4-5-6-3-4-6-6-6-5-6-6	6-4-4-2-4-4-6-4-6-6-6-4	2-6-7-7-3-6-4-6-7-6-4-6	6-5-5-6-6-6-3-2-4-1-4-5	2-8-2-4-5-3-4-5-4-5-1-6	6-2-3-5-5-2-4-2-4-4-4-2	4-4-4-5-6-5-4-4-4-1-2-4	4-3-4-6-2-6-3-2-5-7-5-7	8-0-4-6-2-4-5-6-5-5-4-2	5-2-5-4-4-2-4-1-6-6-4-2	4-1-1-4-4-9-5-1-8-4-4-5	4-2-2-4-5-5-5-5-0-5-5-1
453	6	7-7-7-7-7-7-9-8-8-7-7-7	7-8-7-7-8-8-7-7-7-7-7-7	6-7-7-7-7-7-5-7-7-7-7-7	7-7-7-7-5-5-7-7-7-7-7-6	8-6-6-8-5-6-7-7-7-7-8-5	7-5-7-6-7-7-7-7-4-6-4-7	6-7-6-6-7-6-7-7-6-8-6-7	6-6-8-5-6-8-6-7-5-6-6-6	6-6-6-5-7-6-7-5-8-7-7-2	7-6-9-6-6-6-7-7-5-7-7-7	8-7-6-6-7-7-6-9-9-6-7-7	7-7-6-7-5-8-8-6-6-7-6-6
453	7	9-6-6-8-6-6-6-6-6-6-6-6	6-6-6-8-6-6-6-6-6-6-6-6	9-6-8-6-8-6-8-6-6-6-8-6	8-8-6-8-8-8-6-8-6-6-8-6	8-6-8-8-6-6-8-8-6-6-8-8	6-8-8-7-6-6-8-6-6-6-3-6	8-6-6-6-6-6-6-8-6-6-8-6	6-8-6-8-8-6-6-8-8-5-8-5	6-0-6-8-8-6-6-8-6-8-8-4	6-8-5-6-8-6-8-6-5-6-8-6	9-6-1-6-6-6-0-0-8-8-6-6	6-8-7-8-8-6-6-0-8-6-4-6
453	8	7-9-6-7-6-9-6-6-6-6-6-9	6-6-6-7-6-6-7-7-6-6-6-7	9-7-7-6-7-6-7-6-6-6-7-6	7-7-6-7-7-7-9-7-6-6-7-9	6-5-7-7-8-7-7-7-8-6-6-7	6-7-7-7-8-9-7-7-8-8-3-8	9-6-6-5-9-8-6-7-8-6-7-7	8-7-6-7-7-6-4-7-7-6-7-0	8-8-8-8-7-6-6-8-6-7-7-1	6-8-5-8-7-6-7-6-9-6-7-7	6-8-1-8-1-8-8-6-7-8-6-8	6-7-8-7-7-6-6-6-7-0-3-4
453	9	9-8-7-7-6-8-6-9-6-6-6-8	6-6-9-7-9-6-8-9-9-9-7-8	9-9-9-6-9-6-9-6-6-9-6-9	8-9-6-9-9-9-8-9-6-1-9-8	6-6-9-9-9-9-8-9-9-9-7-7	6-1-9-9-9-8-9-9-9-9-9-8	8-9-9-5-8-9-9-8-9-6-6-6	9-9-9-8-9-9-4-7-8-9-6-5	6-8-9-8-7-9-9-8-6-9-7-1	7-9-6-6-9-6-7-6-8-9-8-9	6-6-1-9-6-5-8-6-6-6-9-9	6-8-1-6-6-9-9-6-9-9-8-6
454	0	0-0-0-0-0-0-0-0-0-0-0-0	0-0-0-0-0-0-0-0-0-0-0-0	0-0-0-0-0-0-0-0-0-0-0-0	0-0-0-0-0-0-0-0-0-0-0-0	0-0-0-0-0-0-0-0-0-0-0-0	0-0-0-0-0-0-0-0-0-0-0-0	0-0-0-0-0-0-0-0-0-0-0-0	0-0-0-0-0-0-0-0-0-0-0-0	0-0-0-0-0-0-0-0-0-0-0-0	0-0-0-0-0-0-0-0-0-0-0-0	0-0-0-0-0-0-0-0-0-0-0-0	0-0-0-0-0-0-0-0-0-0-0-0
454	1	1-1-1-2-1-1-1-0-1-1-1-1	1-0-0-1-0-1-2-2-2-1-2-0	4-2-2-1-1-2-2-2-0-1-3-1	2-2-3-0-1-2-0-5-0-5-0-5	1-5-1-0-2-0-2-2-0-4-1-2	1-1-0-1-1-2-0-0-0-0-0-2	1-0-0-3-1-1-0-0-0-0-3-0	1-0-0-0-1-2-1-0-0-1-1-0	1-2-2-0-0-1-1-2-0-1-1-0	2-1-1-3-2-1-0-0-1-2-3-0	0-0-1-1-1-1-2-4-0-1-0-1	1-2-1-3-0-1-0-1-1-1-1-1
454	2	1-1-2-1-2-2-2-2-2-2-2-2	4-0-0-3-0-2-1-1-1-3-1-1	1-3-1-5-4-4-1-3-4-3-2-3	4-1-1-4-4-4-3-4-3-1-3-2	4-1-2-4-1-2-3-3-2-2-4-3	4-4-3-2-2-4-3-4-0-2-0-4	5-4-0-1-3-2-2-3-0-2-4-3	0-2-5-3-5-1-4-8-2-2-2-0	1-1-3-3-5-4-1-3-0-2-3-2	1-3-0-2-3-4-3-0-3-1-0-2	7-5-1-0-8-2-1-0-0-3-2-2	1-3-1-4-5-2-4-1-2-2-2-5
454	3	3-3-2-3-3-3-3-3-3-3-2-3	2-4-3-2-4-3-1-4-1-4-2-4	1-2-1-2-2-2-4-4-5-2-4-2	2-1-1-2-2-2-2-2-2-1-2-1	2-1-1-3-3-4-4-2-4-3-2-2	2-2-2-2-3-2-4-2-3-3-3-3	4-2-7-1-2-3-6-2-0-0-1-2	3-2-2-4-2-1-3-0-2-3-1-3	2-1-2-2-3-3-1-4-0-3-2-3	4-2-0-4-4-2-4-3-4-3-1-2	3-4-3-5-7-1-1-7-1-2-2-3	1-2-1-1-4-4-2-4-7-4-3-2
454	4	3-4-4-4-5-4-4-4-4-4-5-5	2-5-5-2-3-5-2-5-3-3-5-3	5-4-6-2-2-2-5-3-5-2-5-5	2-1-5-2-2-2-6-2-5-6-5-1	2-1-2-4-3-3-5-3-5-2-2-1	2-2-5-2-5-2-5-2-4-4-4-2	3-2-5-5-2-4-5-5-4-2-5-5	4-2-3-3-2-5-2-5-2-5-0-4	4-1-5-2-4-2-6-3-8-4-2-3	3-2-0-5-3-2-3-4-3-4-5-2	4-3-4-3-5-5-3-1-7-2-2-4	5-2-1-5-3-3-2-3-1-3-4-2
454	5	5-4-5-4-4-4-5-3-5-5-5-4	6-4-4-2-6-6-5-4-6-6-6-6	4-6-6-2-5-6-4-6-4-3-4-4	6-6-6-6-2-2-6-1-4-1-6-1	2-1-1-6-6-4-4-6-4-5-5-5	8-2-4-5-7-6-4-2-3-4-4-6	2-2-4-4-6-4-4-4-4-2-8-4	6-4-2-3-2-6-6-4-5-6-5-6	6-5-7-2-2-5-6-6-3-5-2-3	6-6-5-6-6-4-0-4-6-6-5-2	6-2-5-3-4-5-5-6-6-2-6-5	4-5-1-5-6-6-2-5-2-7-4-2
454	6	7-6-7-7-7-7-8-7-8-8-7-7	7-7-3-7-7-5-7-7-7-7-7-7	6-5-8-7-7-8-7-7-7-7-4-7	5-5-5-7-7-7-5-7-4-4-7-6	7-8-7-7-5-7-7-7-5-6-7-7	7-8-7-7-5-5-7-7-4-6-3-7	8-7-6-3-5-6-7-6-6-7-7-7	7-7-5-7-7-5-8-7-7-5-7-5	8-5-5-7-7-6-5-5-4-6-7-3	8-7-5-5-7-6-7-4-5-5-7-7	5-7-7-3-3-7-5-3-5-5-5-6	8-7-7-7-7-5-4-5-7-6-7-5
454	7	6-8-6-6-6-8-6-6-6-6-6-6	6-6-6-6-6-8-6-6-6-6-6-6	6-6-6-6-6-7-6-6-6-6-7-6	6-7-7-6-6-6-8-6-6-7-6-6	6-6-6-6-5-6-6-6-7-7-6-6	6-6-6-6-5-5-6-6-7-7-0-6	8-6-3-8-6-7-6-6-7-6-6-6	7-6-2-6-6-8-4-6-8-7-6-5	7-8-5-6-6-6-7-6-4-6-6-3	7-6-5-5-6-6-6-3-5-5-6-6	6-7-6-3-3-6-5-3-6-7-7-7	8-6-6-7-6-7-2-5-6-5-6-2
454	8	8-6-6-6-8-7-6-8-6-6-6-6	6-8-8-6-8-7-6-6-6-8-6-6	8-8-6-6-8-6-7-6-6-8-8-8	8-8-8-8-8-6-7-6-8-8-8-5	6-6-6-8-8-8-7-8-8-8-6-6	6-6-8-6-8-5-8-8-8-8-8-8	5-8-8-7-6-8-8-8-8-6-6-6	8-6-8-6-8-7-6-6-7-7-6-7	6-7-5-8-6-8-8-5-4-6-6-6	6-8-8-8-8-6-6-4-8-8-6-8	6-2-8-4-7-5-5-5-8-7-8-8	7-7-1-8-2-8-8-8-8-8-6-8
455	0	0-0-0-0-0-0-0-0-0-0-0-0	0-0-0-0-0-0-0-0-0-0-0-0	0-0-0-0-0-0-0-0-0-0-0-0	0-0-0-0-0-0-0-0-0-0-0-0	0-0-0-0-0-0-0-0-0-0-0-0	0-0-0-0-0-0-0-0-0-0-0-0	0-0-0-0-0-0-0-0-0-0-0-0	0-0-0-0-0-0-0-0-0-0-0-0	0-0-0-0-0-0-0-0-0-0-0-0	0-0-0-0-0-0-0-0-0-0-0-0	0-0-0-0-0-0-0-0-0-0-0-0	0-0-0-0-0-0-0-0-0-0-0-0
455	1	1-1-0-1-1-1-1-1-0-1-1-1	0-2-2-0-0-0-0-1-0-1-0-0	3-0-0-0-1-0-0-0-0-0-2-0	0-0-0-0-0-0-0-0-1-2-2-1	0-0-0-0-0-2-2-0-1-0-0-0	0-0-0-0-0-0-2-0-2-1-1-0	0-1-1-0-0-1-0-2-1-2-0-1	0-0-0-0-1-0-2-0-0-1-0-0	1-0-0-0-0-0-0-2-0-1-1-1	0-1-1-2-1-1-2-1-0-0-0-1	2-1-0-0-1-0-0-0-0-0-1-1	2-0-0-2-0-1-0-0-0-0-1-0
455	2	2-2-2-2-1-1-2-2-2-2-2-3	0-1-1-2-2-0-4-3-0-1-0-3	4-3-3-4-3-3-3-4-0-3-1-3	4-3-3-2-4-4-1-2-3-1-3-2	4-0-2-2-0-3-3-3-2-0-9-3	2-3-3-0-2-4-3-3-1-1-1-4	3-5-1-0-3-0-3-3-2-1-2-3	0-4-3-3-2-0-1-9-2-1-1-0	2-0-0-3-5-3-2-3-1-2-2-2	2-2-1-1-3-2-3-0-3-0-0-2	3-2-0-0-1-3-3-2-0-2-3-5	1-2-2-1-0-2-3-0-2-2-2-2
455	3	3-3-2-3-3-3-3-3-2-2-2-2	0-5-3-2-2-4-2-4-4-4-2-4	2-2-2-2-2-2-4-5-4-2-4-4	2-4-4-2-2-2-4-2-4-3-4-2	3-0-2-2-2-4-4-2-3-3-1-2	2-2-4-0-3-0-4-4-3-3-8-3	2-2-4-4-2-3-2-2-3-1-2-2	3-5-2-4-2-0-3-0-2-6-4-0	1-0-4-2-4-2-3-2-4-3-2-4	0-2-3-3-2-3-2-3-4-5-9-2	2-2-4-4-5-2-4-0-5-2-2-3	3-2-2-6-3-2-2-0-0-5-2-3
455	4	2-4-4-4-4-4-4-4-4-4-4-2	4-5-5-2-3-3-2-3-3-5-5-5	2-4-5-2-5-2-5-2-5-5-5-5	2-5-3-2-2-2-4-2-5-5-5-0	2-0-2-5-4-3-5-5-5-0-0-2	3-2-3-5-5-2-5-3-4-4-6-2	3-2-5-3-2-0-5-5-4-1-2-5	0-2-3-3-3-5-8-6-2-5-3-4	3-0-5-3-4-2-5-5-3-4-3-3	0-5-4-5-5-2-5-3-3-0-5-2	5-2-3-3-5-2-3-0-5-5-3-6	5-2-2-5-3-5-3-0-8-3-6-3
455	5	6-4-6-6-5-6-5-6-6-5-6-6	5-3-4-2-5-6-6-6-6-4-6-4	6-6-6-2-4-7-6-6-4-4-4-6	6-6-5-2-6-6-5-5-4-4-4-6	5-5-5-4-6-4-4-4-5-5-5-5	6-6-4-5-4-5-4-2-4-4-1-5	4-2-4-8-6-8-4-4-4-0-2-4	3-5-4-6-3-4-1-6-8-5-5-5	3-8-4-6-2-4-8-4-3-5-3-4	6-4-4-4-4-3-4-3-6-6-4-2	4-2-4-4-4-9-8-8-6-4-3-2	8-6-2-5-5-4-3-5-5-3-2-2
455	6	7-9-8-8-6-7-7-8-7-7-7-9	5-7-6-7-7-8-7-7-7-7-5-7	6-7-7-9-7-7-5-8-7-7-7-5	5-5-7-7-7-5-8-7-7-7-7-5	8-5-6-8-5-6-6-6-7-6-8-5	6-5-7-7-4-7-7-7-4-6-4-6	9-7-6-6-5-6-8-8-6-8-4-7	7-6-7-6-6-8-6-5-5-6-9-7	7-6-7-5-7-8-6-7-8-7-7-6	8-7-9-7-7-7-7-6-5-5-7-7	6-9-7-7-9-7-7-7-5-7-7-6	7-5-6-5-5-6-7-7-6-4-8-9
455	7	8-9-9-7-6-6-6-8-6-6-6-7	6-6-6-8-6-6-6-6-8-6-8-8	7-8-8-8-7-6-6-6-6-6-6-7	8-8-6-8-8-8-8-6-6-6-6-7	6-5-5-6-8-6-8-8-6-6-6-8	7-6-6-8-6-9-6-6-6-6-3-8	9-6-6-6-6-8-6-7-6-6-9-8	6-8-6-8-8-6-9-8-5-5-8-7	9-6-9-8-6-6-6-6-6-6-8-2	7-8-7-6-8-6-8-8-8-5-8-6	8-6-8-6-6-6-7-9-8-8-6-6	6-9-7-8-6-8-6-6-9-2-9-6
455	8	7-9-6-6-6-9-6-6-6-6-7-7	7-6-7-7-6-6-7-7-7-6-7-7	6-7-7-7-6-6-7-6-7-6-5-7	7-7-8-7-7-7-6-7-6-6-7-9	6-7-5-6-7-6-7-7-6-6-6-7	6-6-7-7-6-7-7-7-8-8-3-7	9-6-8-5-9-7-6-9-8-6-2-7	6-7-7-7-7-6-7-7-5-6-7-8	8-8-8-7-7-6-5-7-6-6-7-3	6-7-7-6-7-2-7-7-9-5-7-2	7-8-7-6-7-8-5-6-7-7-6-8	6-9-8-7-5-7-4-5-2-5-6-6
455	9	9-6-7-7-6-8-6-9-7-6-7-8	6-9-9-7-9-6-8-9-7-9-7-8	9-8-7-7-9-6-7-6-6-9-6-9	7-9-6-9-9-9-8-9-6-9-9-8	6-7-9-9-9-9-8-9-9-9-2-7	6-9-8-7-9-7-9-9-9-9-9-8	8-9-9-6-8-9-9-8-9-9-7-6	9-7-7-8-9-7-7-2-2-5-6-6	7-9-7-8-2-9-9-7-9-6-7-1	6-9-6-9-9-7-9-6-8-9-4-9	7-6-4-9-6-6-7-7-9-7-9-9	7-8-8-6-7-9-9-5-7-9-7-6
456	0	0-0-0-0-0-0-0-0-0-0-0-0	0-0-0-0-0-0-0-0-0-0-0-0	0-0-0-0-0-0-0-0-0-0-0-0	0-0-0-0-0-0-0-0-0-0-0-0	0-0-0-0-0-0-0-0-0-0-0-0	0-0-0-0-0-0-0-0-0-0-0-0	0-0-0-0-0-0-0-0-0-0-0-0	0-0-0-0-0-0-0-0-0-0-0-0	0-0-0-0-0-0-0-0-0-0-0-0	0-0-0-0-0-0-0-0-0-0-0-0	0-0-0-0-0-0-0-0-0-0-0-0	0-0-0-0-0-0-0-0-0-0-0-0
456	1	1-1-1-1-1-1-1-1-1-1-1-1	0-2-1-0-0-2-0-1-0-1-0-1	1-0-0-1-1-0-2-1-0-0-2-0	0-0-0-0-0-0-0-1-2-1-2-0	0-0-2-0-0-1-2-0-2-0-1-0	4-2-0-0-0-0-2-0-1-2-4-0	1-2-1-0-0-1-4-1-1-1-4-1	1-1-2-1-1-2-1-2-1-1-0-0	1-0-0-0-3-0-4-1-1-0-1-2	0-1-1-2-0-0-2-1-0-0-0-1	0-0-0-0-0-0-0-0-0-0-1-1	2-1-0-1-0-0-0-0-0-0-1-1
456	2	2-2-2-2-1-1-2-2-2-2-2-3	3-1-1-2-2-1-3-3-0-2-4-3	5-3-0-4-3-3-3-3-4-2-1-3	3-3-3-4-4-3-3-2-1-2-4-0	5-0-3-5-3-3-3-3-1-0-2-5	3-1-3-2-2-4-3-3-1-1-5-4	3-1-1-0-3-1-3-3-4-4-4-3	1-4-4-3-4-1-2-4-4-1-0-0	0-0-3-4-4-0-0-4-1-2-2-1	2-4-1-1-3-4-3-2-3-0-0-4	0-2-0-2-3-2-0-0-0-3-3-2	1-3-2-3-0-0-3-0-0-0-2-2
456	3	3-3-3-3-3-3-3-3-3-3-3-3	2-4-4-2-2-4-2-4-4-3-2-4	3-2-4-2-2-2-4-5-4-2-4-2	2-3-4-2-2-2-6-2-4-4-4-3	4-0-2-2-2-2-4-2-4-3-2-2	2-2-5-0-3-2-4-2-3-3-3-3	2-4-3-0-2-1-2-2-1-3-2-2	3-3-4-2-2-4-7-6-2-1-3-0	0-0-2-2-6-5-0-2-4-3-2-3	0-2-1-2-2-2-2-6-2-4-0-2	4-2-0-4-2-2-0-0-0-2-2-3	0-2-2-4-7-0-2-0-0-4-3-3
456	4	4-3-4-4-3-4-4-4-5-4-4-5	5-3-3-2-5-4-4-3-6-3-5-5	7-5-7-2-4-5-5-5-2-2-3-4	5-5-5-2-2-2-3-2-3-3-2-0	3-6-5-7-5-3-5-5-6-3-4-4	1-4-3-4-6-2-3-2-1-1-1-2	8-3-7-6-5-1-5-5-2-2-6-3	1-2-6-3-2-5-3-2-2-4-6-6	6-4-6-2-2-4-6-2-3-4-2-5	6-6-1-0-5-2-3-3-5-5-4-2	6-2-4-3-4-6-4-5-5-2-3-4	6-2-5-3-5-4-3-4-6-5-1-2
456	5	5-6-5-5-5-5-5-5-5-4-5-4	4-6-7-2-4-4-4-6-4-4-4-4	2-4-4-4-2-8-4-3-6-4-6-5	4-4-4-2-2-2-6-2-6-7-6-4	2-4-6-2-4-6-4-4-5-5-4-2	2-6-3-0-3-2-6-5-5-5-3-5	4-6-3-5-4-1-4-4-5-5-2-7	5-2-2-5-2-4-2-3-2-5-4-4	4-4-4-4-5-6-4-6-7-5-2-4	4-2-5-8-4-2-3-3-4-4-4-2	4-6-4-5-8-4-4-4-4-2-6-6	4-2-4-8-4-4-2-4-4-4-7-6
456	6	6-8-8-8-6-6-7-6-6-6-6-7	6-5-5-7-7-5-7-7-7-7-7-7	6-7-8-6-7-7-7-6-7-7-5-6	7-7-4-6-7-7-5-6-5-7-7-0	6-4-5-7-4-7-7-6-5-3-7-7	7-8-7-6-6-7-7-7-5-6-3-7	7-5-6-4-7-6-4-7-5-6-7-6	5-7-7-7-7-4-8-7-7-4-4-4	4-4-4-7-7-5-4-7-5-6-7-3	4-4-5-0-7-6-7-3-4-4-4-2	4-2-4-3-4-4-4-4-4-7-5-7	4-7-6-5-4-4-7-4-7-4-3-5
456	7	6-8-6-6-6-8-8-8-8-6-6-8	6-5-5-6-6-5-6-6-6-7-6-6	4-6-4-8-6-6-6-8-6-6-8-6	6-6-7-6-6-6-8-6-6-5-6-8	6-4-7-6-7-6-8-7-7-7-6-6	8-6-6-8-7-6-6-6-7-7-3-6	6-8-4-7-8-7-4-8-7-6-6-5	5-6-6-6-6-7-3-6-2-4-6-4	7-7-4-7-6-7-7-6-8-6-6-3	4-6-7-8-7-6-6-8-7-7-7-2	6-7-4-3-6-8-4-7-7-7-7-7	8-8-7-7-7-7-6-4-6-4-8-6
456	8	8-6-6-6-8-7-7-8-6-6-6-7	7-5-8-6-8-8-6-6-8-8-6-7	8-8-8-6-8-8-8-7-6-8-7-8	7-8-8-8-8-8-7-8-7-8-6-7	6-8-8-8-8-8-7-8-8-8-6-6	7-6-8-8-8-8-7-8-8-8-8-7	4-8-8-8-7-8-8-8-8-8-4-8	8-6-8-7-8-7-6-6-2-6-4-8	7-7-8-7-2-8-4-4-8-6-6-6	4-4-8-8-8-6-8-7-7-8-5-8	4-8-7-7-5-7-4-4-4-8-8-8	7-7-8-5-7-8-8-8-8-8-6-8
457	0	0-0-0-0-0-0-0-0-0-0-0-0	0-0-0-0-0-0-0-0-0-0-0-0	0-0-0-0-0-0-0-0-0-0-0-0	0-0-0-0-0-0-0-0-0-0-0-0	0-0-0-0-0-0-0-0-0-0-0-0	0-0-0-0-0-0-0-0-0-0-0-0	0-0-0-0-0-0-0-0-0-0-0-0	0-0-0-0-0-0-0-0-0-0-0-0	0-0-0-0-0-0-0-0-0-0-0-0	0-0-0-0-0-0-0-0-0-0-0-0	0-0-0-0-0-0-0-0-0-0-0-0	0-0-0-0-0-0-0-0-0-0-0-0
457	1	1-1-1-1-1-1-1-1-1-1-1-1	0-2-1-0-1-2-0-1-0-1-0-1	1-0-0-1-0-1-2-1-0-0-2-1	0-0-0-0-0-0-2-0-2-0-2-1	0-0-0-0-0-1-2-0-1-0-0-0	0-0-0-0-0-0-2-0-1-1-1-0	0-2-1-0-0-1-4-1-1-1-0-0	1-1-0-0-0-0-1-2-0-1-0-0	0-0-0-0-0-0-2-2-1-0-0-2	0-0-1-2-1-0-2-1-0-0-0-1	2-0-0-0-0-0-0-0-2-0-2-3	2-0-0-1-4-1-0-0-0-0-0-1
457	2	2-2-2-2-1-1-2-2-2-2-2-2	3-1-1-2-3-1-4-3-3-2-3-4	4-4-4-7-3-3-3-3-3-2-1-3	3-3-3-4-4-3-3-2-3-2-5-0	5-0-2-3-3-3-3-3-3-0-9-0	5-3-3-0-2-3-3-4-2-1-0-4	3-3-2-2-3-2-3-3-2-4-4-3	2-6-3-3-3-3-3-9-4-1-0-0	2-0-3-3-5-0-1-3-1-2-5-2	4-2-1-1-3-2-3-2-3-0-1-4	1-2-1-2-3-3-0-2-1-2-3-2	1-3-2-0-1-2-2-0-2-3-2-2
457	3	3-3-3-3-3-3-3-3-3-3-3-3	2-5-4-2-2-3-2-4-2-2-2-4	3-2-2-2-2-2-4-2-4-2-4-2	2-4-2-2-2-2-4-2-2-3-4-0	2-0-2-2-2-4-4-2-4-3-4-0	2-2-4-0-3-2-4-2-3-3-5-3	7-2-5-5-2-4-2-2-1-6-5-2	3-5-2-4-2-2-2-2-2-6-4-7	4-0-2-2-3-0-9-2-4-3-4-3	0-2-1-7-2-2-5-4-2-2-4-2	4-2-4-3-2-2-0-3-5-2-2-1	0-2-2-4-1-3-2-3-2-2-3-5
457	4	4-3-4-4-3-4-3-4-4-4-4-4	4-3-3-2-2-4-2-3-5-4-5-5	2-2-7-2-5-2-3-2-7-2-3-5	2-5-5-5-2-2-3-2-5-5-3-2	2-0-2-5-5-3-5-4-5-0-6-9	2-4-3-6-4-2-5-2-2-3-3-2	4-9-3-3-2-3-8-5-4-2-5-2	3-3-5-3-2-4-5-2-2-4-5-4	3-5-2-2-2-4-4-5-9-3-3-5	2-4-5-5-5-2-3-5-3-4-3-2	3-2-5-4-5-4-0-3-9-2-2-4	4-5-2-4-1-4-2-4-4-5-4-4
457	5	6-5-6-4-3-4-5-8-5-6-6-6	6-3-3-2-2-5-6-4-6-5-6-6	5-6-6-8-4-8-6-6-6-6-4-4	6-6-6-4-2-6-8-7-4-4-3-5	2-5-9-4-6-3-6-6-4-5-4-5	6-6-4-4-5-2-6-2-5-3-3-5	9-7-3-3-6-5-7-4-4-2-4-4	3-3-4-6-2-6-4-8-5-5-4-4	7-4-5-6-2-5-5-4-4-5-2-4	5-2-7-4-4-2-6-4-6-6-6-2	5-2-4-4-4-9-5-8-6-2-6-5	5-4-5-6-6-5-7-5-4-4-5-3
457	6	5-6-5-6-7-4-6-6-6-4-5-5	5-7-7-2-6-7-5-5-5-7-5-5	5-5-5-2-4-7-7-5-7-5-7-5	5-5-5-4-2-5-7-5-7-4-7-5	2-5-7-4-5-6-7-5-6-5-4-0	5-5-4-4-5-2-7-2-5-6-0-6	5-5-6-5-5-6-7-4-6-8-7-7	6-2-5-5-6-5-4-8-5-7-5-9	6-4-5-5-3-4-5-4-7-5-7-4	5-5-3-5-5-2-5-3-5-5-5-2	7-7-7-4-4-5-0-5-7-2-5-5	5-4-5-5-7-5-5-5-4-9-4-7
457	7	8-6-7-7-6-8-7-7-7-7-7-7	7-6-6-8-2-6-8-8-8-6-8-8	5-8-8-2-8-6-8-8-8-8-6-8	8-5-5-8-8-8-6-5-8-5-8-5	8-5-6-8-5-8-8-8-7-5-8-8	8-8-8-7-5-9-8-8-5-7-3-8	3-5-6-3-5-7-6-8-6-6-8-6	6-8-5-8-8-5-9-8-5-5-8-3	9-5-9-8-8-5-5-7-6-6-8-5	5-7-5-5-8-6-8-6-5-5-8-7	6-6-6-4-4-6-5-5-6-7-5-7	5-8-7-7-6-5-5-5-4-7-3-6
457	8	7-9-7-7-6-9-9-5-9-7-7-9	9-6-6-7-9-6-7-7-7-6-7-9	5-7-7-5-7-5-7-7-7-7-9-7	7-8-8-7-7-7-9-7-7-5-7-5	7-6-7-7-8-7-9-8-8-5-7-7	9-7-7-9-8-9-7-7-8-8-3-7	3-5-6-8-8-8-4-9-8-6-7-7	8-7-5-7-7-5-8-7-5-8-7-8	8-5-8-7-7-5-5-8-6-6-7-5	8-8-5-8-8-2-7-5-8-5-7-2	6-8-5-4-7-9-9-5-7-7-7-8	5-7-5-8-7-4-5-5-2-4-3-6
457	9	9-8-7-7-9-8-8-9-8-7-7-8	8-6-9-7-9-9-5-9-9-9-7-8	9-9-9-9-9-9-9-8-9-9-8-9	8-9-9-7-9-9-8-9-8-9-9-8	7-9-9-9-9-9-8-9-9-9-2-7	8-9-9-8-9-7-9-9-9-9-9-8	5-9-9-9-8-9-9-8-9-9-7-7	9-9-9-8-9-4-7-2-2-5-4-9	7-8-9-9-2-9-9-7-4-3-7-1	5-9-9-9-9-2-9-9-7-9-6-9	6-9-6-8-5-5-9-5-9-9-9-9	5-8-5-9-7-9-9-9-9-9-4-9
458	0	0-0-0-0-0-0-0-0-0-0-0-0	0-0-0-0-0-0-0-0-0-0-0-0	0-0-0-0-0-0-0-0-0-0-0-0	0-0-0-0-0-0-0-0-0-0-0-0	0-0-0-0-0-0-0-0-0-0-0-0	0-0-0-0-0-0-0-0-0-0-0-0	0-0-0-0-0-0-0-0-0-0-0-0	0-0-0-0-0-0-0-0-0-0-0-0	0-0-0-0-0-0-0-0-0-0-0-0	0-0-0-0-0-0-0-0-0-0-0-0	0-0-0-0-0-0-0-0-0-0-0-0	0-0-0-0-0-0-0-0-0-0-0-0
458	1	1-1-1-2-1-1-1-0-1-1-1-1	1-1-0-1-0-1-1-0-1-1-0-2	3-2-3-2-0-2-2-2-0-0-0-0	2-0-3-0-1-2-0-4-0-0-0-1	0-3-1-1-2-0-2-1-2-1-0-2	0-5-0-1-1-2-2-1-0-0-0-2	1-1-0-3-1-1-0-0-0-1-3-2	1-0-0-0-1-2-0-0-1-1-0-0	1-2-2-0-0-0-1-2-0-1-1-0	2-1-0-0-0-1-0-0-1-2-3-0	0-0-1-0-0-1-2-3-3-1-0-1	1-0-1-1-0-1-1-1-1-0-1-0
458	2	1-2-1-1-2-2-2-2-2-2-2-2	3-3-2-3-0-2-1-3-3-3-3-3	0-1-1-4-3-3-3-1-0-3-2-3	3-3-1-3-3-3-3-6-3-0-2-1	4-1-1-3-1-3-3-3-1-2-0-1	5-1-3-2-2-4-3-2-6-2-0-1	4-2-0-1-3-2-2-3-0-2-1-3	0-4-4-3-2-1-8-4-2-2-7-0	2-1-1-4-4-2-1-3-2-3-2-2	1-3-0-2-3-5-0-1-3-3-1-4	3-4-1-0-8-3-1-1-0-3-3-2	1-2-1-0-3-2-3-1-2-2-2-2
458	3	3-3-4-3-4-3-3-3-3-3-3-4	2-4-4-2-0-2-1-4-2-2-2-4	4-2-1-2-2-2-4-2-4-4-4-4	2-4-1-2-2-2-2-2-2-4-4-3	2-1-1-3-3-2-4-2-4-1-2-1	2-2-5-2-5-2-4-2-3-3-7-3	2-2-5-6-2-3-5-2-0-3-1-2	3-4-2-2-2-4-6-4-2-3-7-3	0-1-2-2-5-0-8-2-5-3-3-3	1-2-6-4-2-2-4-6-2-4-1-2	2-4-8-3-8-2-1-1-1-2-2-3	0-4-1-4-2-2-2-3-6-3-2-6
458	4	4-3-5-7-3-3-3-3-5-4-4-5	5-3-3-4-6-3-5-3-5-5-5-5	3-5-6-5-4-4-3-6-5-3-3-4	5-5-6-5-2-5-5-1-3-3-3-7	2-8-1-4-5-3-5-5-4-8-5-8	5-1-3-4-6-2-3-4-2-2-0-4	2-2-3-7-5-4-3-3-4-0-4-4	5-2-2-2-2-5-2-3-2-4-4-5	4-6-5-5-2-4-6-5-3-4-2-4	5-4-3-3-5-2-3-3-5-6-5-2	5-2-5-5-4-6-6-6-6-2-3-4	5-3-4-3-6-6-2-5-5-5-5-2
458	5	5-5-4-5-5-5-5-5-5-5-4-4	4-6-5-4-5-5-4-6-4-4-4-4	4-4-4-4-2-4-6-4-8-6-6-5	4-4-4-4-2-4-6-1-6-7-6-4	2-4-1-2-4-5-6-4-5-7-6-0	4-1-3-4-4-2-5-5-5-5-0-5	6-6-3-6-4-5-3-3-5-5-4-5	5-2-4-3-5-4-2-3-2-5-4-4	4-4-4-4-3-4-5-4-6-7-2-4	4-4-5-6-4-2-7-5-4-4-4-2	4-6-4-4-4-4-4-4-4-2-6-6	4-2-4-6-4-4-2-4-4-4-6-2
458	6	7-6-6-7-5-5-8-7-7-7-6-7	4-5-5-7-6-7-7-7-4-4-7-8	4-7-7-7-7-4-7-4-5-7-5-6	4-7-4-6-7-7-5-2-7-0-7-4	8-4-6-7-2-5-7-7-6-6-8-7	6-8-7-6-6-4-7-7-5-3-3-7	8-5-3-3-8-6-3-7-5-3-7-6	5-6-8-6-6-4-3-8-6-4-4-4	4-4-4-6-8-7-4-4-5-5-7-6	4-7-3-3-7-8-6-3-4-4-4-7	4-6-3-0-4-4-4-4-4-6-6-5	1-6-6-7-4-4-6-4-3-4-8-3
458	7	6-8-6-6-7-8-8-6-8-7-6-6	8-5-5-6-6-8-6-6-8-7-6-6	4-6-6-6-6-7-6-8-8-6-6-6	6-7-7-6-6-6-8-6-6-5-6-4	6-4-6-6-1-7-8-6-7-7-0-6	6-0-6-8-7-4-6-6-7-7-3-7	7-6-5-7-7-7-7-6-7-5-6-6	7-6-2-6-6-8-3-6-6-4-6-4	7-4-6-7-6-6-7-4-5-5-6-0	7-6-7-7-6-6-7-8-8-4-4-6	6-6-5-0-5-8-4-4-4-7-7-7	8-6-6-7-4-3-6-4-3-4-6-3
458	8	8-7-6-7-8-7-7-8-7-6-6-8	7-5-8-6-8-7-7-6-8-8-6-6	8-8-8-4-8-8-7-7-7-8-8-8	7-8-7-8-8-8-7-8-8-8-8-4	6-4-8-8-8-8-7-8-8-8-6-4	6-8-8-7-8-8-8-8-8-8-8-8	6-8-8-8-6-8-8-6-8-8-1-8	8-8-6-7-8-7-6-6-6-5-5-8	4-4-8-7-6-8-8-5-8-6-6-6	6-4-8-8-8-6-8-7-7-8-8-8	4-8-3-8-2-7-4-4-8-7-8-8	8-7-1-0-2-8-8-4-8-8-6-8
459	0	0-0-0-0-0-0-0-0-0-0-0-0	0-0-0-0-0-0-0-0-0-0-0-0	0-0-0-0-0-0-0-0-0-0-0-0	0-0-0-0-0-0-0-0-0-0-0-0	0-0-0-0-0-0-0-0-0-0-0-0	0-0-0-0-0-0-0-0-0-0-0-0	0-0-0-0-0-0-0-0-0-0-0-0	0-0-0-0-0-0-0-0-0-0-0-0	0-0-0-0-0-0-0-0-0-0-0-0	0-0-0-0-0-0-0-0-0-0-0-0	0-0-0-0-0-0-0-0-0-0-0-0	0-0-0-0-0-0-0-0-0-0-0-0
459	1	1-1-1-1-1-1-1-1-1-1-1-2	0-2-1-0-0-2-0-1-1-1-0-0	0-0-0-0-0-0-2-0-0-0-2-0	0-0-2-0-1-0-2-1-2-1-2-1	2-0-1-0-0-1-2-0-2-2-0-0	0-2-0-0-0-0-2-0-2-1-4-0	2-1-1-0-2-1-0-0-1-1-4-1	3-1-1-0-1-4-2-1-0-1-0-0	0-0-2-0-0-1-1-0-2-2-0-0	0-0-1-2-1-0-2-1-0-0-0-0	4-0-4-4-1-0-0-0-4-0-2-2	0-1-0-2-0-1-0-0-0-0-1-5
459	2	2-1-3-1-2-2-2-1-2-2-3-3	3-1-1-3-0-1-3-3-3-1-3-3	0-3-3-3-3-2-3-3-3-3-1-3	3-3-3-3-3-3-1-5-2-1-1-2	3-1-2-3-0-1-3-3-1-1-3-3	3-1-3-2-2-3-3-3-1-1-1-4	3-1-1-0-3-3-3-3-1-2-2-3	1-4-2-3-2-3-1-2-2-1-0-0	0-0-1-3-4-2-0-4-1-1-3-5	0-4-2-1-3-2-3-1-3-0-0-3	3-2-0-1-1-4-0-7-7-2-3-1	7-3-4-3-3-3-3-0-0-0-2-2
459	3	3-3-2-3-3-3-3-3-3-3-2-2	2-4-4-2-3-3-2-2-4-2-2-3	3-2-2-2-2-4-4-2-2-2-4-2	2-2-2-2-2-2-3-2-4-4-4-2	2-0-4-2-4-4-4-2-3-3-2-2	2-3-4-2-3-2-4-2-4-3-6-3	2-2-3-0-2-3-4-2-3-5-2-2	1-2-2-2-2-2-3-4-2-7-6-4	3-0-4-2-3-3-1-2-4-3-2-3	4-2-4-4-2-2-2-4-2-3-0-4	2-2-0-6-7-0-0-3-0-2-2-3	5-2-2-2-2-2-2-0-0-0-6-6
459	4	4-3-5-5-4-3-4-4-5-5-4-5	5-3-3-5-4-6-5-6-5-5-5-5	7-5-7-2-4-7-5-5-6-5-3-5	5-5-6-5-2-2-5-2-3-3-3-2	2-6-3-5-5-3-5-5-6-7-5-2	5-5-3-5-5-5-3-2-3-3-3-2	2-1-3-5-5-6-5-5-1-3-5-3	1-2-3-3-2-5-3-5-5-4-5-5	5-5-6-2-2-5-6-5-3-4-2-4	5-6-3-8-5-2-3-3-6-5-4-3	5-2-1-3-8-5-6-6-5-5-3-4	4-5-5-1-5-6-2-5-5-7-3-3
459	5	5-5-4-5-6-5-5-5-4-4-4-4	4-6-6-4-4-4-4-6-4-5-4-4	4-4-4-2-4-6-4-4-6-6-6-6	4-4-4-4-2-4-6-2-6-6-6-2	2-4-7-4-4-6-6-4-5-4-2-2	4-4-3-4-4-4-6-5-5-5-3-5	5-6-3-5-4-5-4-4-5-3-4-5	5-2-2-5-2-4-7-4-4-5-4-4	4-4-5-4-3-4-4-4-6-5-2-2	4-3-5-8-4-3-3-3-4-4-4-2	4-2-5-3-4-4-4-4-4-4-7-4	3-4-4-6-4-4-2-4-4-4-5-3
459	6	7-8-8-8-5-5-7-7-6-6-6-6	7-5-5-7-7-4-7-8-7-7-7-7	4-7-4-7-7-5-7-7-5-5-5-5	7-4-7-6-7-7-5-6-7-5-7-2	6-4-8-7-4-7-7-7-4-6-6-6	7-6-7-6-4-4-7-7-5-3-3-7	5-7-3-6-4-6-5-8-5-8-7-7	6-7-7-7-7-4-3-8-7-4-7-4	4-4-4-7-8-4-4-5-5-5-7-6	4-7-5-5-7-7-7-3-4-4-7-7	4-6-0-3-4-4-4-4-4-7-5-7	8-6-6-7-4-4-6-4-4-4-7-3
459	7	6-8-6-6-5-8-8-8-8-7-6-8	6-5-5-6-7-6-6-4-4-6-6-6	4-6-4-6-6-4-6-6-6-6-7-6	6-4-6-6-6-6-8-6-6-5-6-8	6-4-3-6-7-6-8-6-7-4-6-6	6-8-6-8-7-8-6-6-7-7-3-8	8-6-5-7-4-7-5-8-7-7-6-6	7-6-6-6-6-4-5-6-6-5-6-4	7-7-7-6-6-5-6-6-5-7-6-6	4-6-7-4-6-6-3-1-8-7-6-6	6-7-7-3-3-8-7-6-6-6-5-7	7-8-8-6-7-7-6-4-5-4-6-3
459	8	8-6-6-6-8-7-7-8-7-4-6-7	6-5-8-6-8-8-6-6-8-8-6-7	8-8-8-7-8-8-8-7-8-8-7-8	6-8-8-6-8-8-7-8-6-8-8-7	6-4-8-8-8-7-7-8-8-8-6-6	6-8-7-7-8-7-8-8-8-8-8-7	7-8-8-8-7-8-8-8-8-8-5-8	8-8-6-8-8-6-8-6-6-4-7-4	7-7-8-8-6-8-8-4-8-7-6-8	4-4-8-5-8-6-8-8-7-8-4-8	4-2-8-3-4-7-4-4-4-8-8-8	8-7-7-6-4-8-8-4-4-8-6-8
460	0	0-0-0-0-0-0-0-0-0-0-0-0	0-0-0-0-0-0-0-0-0-0-0-0	0-0-0-0-0-0-0-0-0-0-0-0	0-0-0-0-0-0-0-0-0-0-0-0	0-0-0-0-0-0-0-0-0-0-0-0	0-0-0-0-0-0-0-0-0-0-0-0	0-0-0-0-0-0-0-0-0-0-0-0	0-0-0-0-0-0-0-0-0-0-0-0	0-0-0-0-0-0-0-0-0-0-0-0	0-0-0-0-0-0-0-0-0-0-0-0	0-0-0-0-0-0-0-0-0-0-0-0	0-0-0-0-0-0-0-0-0-0-0-0
460	1	1-1-1-3-1-1-1-2-1-1-2-2	2-2-1-2-2-2-2-2-2-2-0-2	1-2-0-2-2-2-2-2-2-2-3-2	2-1-2-2-2-2-2-2-2-2-2-2	2-2-2-3-1-1-2-1-2-2-4-1	2-2-2-3-2-2-2-2-2-1-0-0	2-2-1-1-2-1-2-3-1-4-1-2	1-1-0-1-1-2-2-2-1-2-2-3	1-3-2-0-2-1-1-2-2-1-1-1	3-1-1-2-1-2-2-1-2-3-1-1	1-10-1-1-1-1-1-1-1-1-2-2	2-1-1-1-1-1-1-2-1-1-1-2
460	2	1-1-1-5-1-1-1-1-1-1-1-1	1-1-1-4-1-1-3-1-1-1-4-1	4-3-0-1-3-1-1-1-1-1-1-1	3-0-1-3-3-3-1-4-1-1-5-1	3-1-5-1-1-1-3-3-1-1-1-4	4-3-3-1-1-4-3-1-1-1-0-4	1-4-1-0-3-2-1-3-1-2-9-1	1-2-2-3-6-1-1-4-2-1-1-0	2-0-3-5-5-3-1-3-1-2-5-2	1-5-1-1-3-5-3-1-3-1-1-4	5-4-1-0-1-2-0-0-0-3-1-1	1-2-4-1-1-1-3-1-5-3-2-1
460	3	1-4-1-3-3-1-1-3-1-1-1-1	1-5-3-2-1-1-2-4-1-1-2-2	1-2-1-1-2-1-4-5-6-2-4-2	2-2-4-2-2-2-1-2-4-4-4-0	2-1-2-1-2-4-4-2-3-1-1-2	1-2-4-1-3-2-4-4-3-3-7-2	4-2-1-0-2-3-3-2-1-3-0-1	6-5-4-4-2-1-4-2-2-3-1-1	1-1-4-2-3-2-3-2-4-3-2-4	1-2-3-4-2-7-2-4-2-1-4-2	5-3-0-3-1-1-0-4-0-2-1-1	3-2-2-3-1-1-2-1-7-2-3-1
460	4	1-3-2-4-3-4-1-1-4-4-1-4	1-3-3-2-1-1-1-5-1-1-2-3	2-2-2-6-5-1-3-3-3-5-3-5	5-5-5-6-2-2-3-2-5-5-3-1	2-1-2-5-5-3-5-4-5-1-7-2	2-2-3-0-4-2-5-3-4-4-3-2	3-2-1-0-2-3-7-5-4-1-2-6	1-2-2-3-2-1-3-5-2-5-2-0	3-1-3-2-4-8-1-6-10-9-3-3	1-2-1-5-3-1-3-5-2-1-3-2	1-2-7-9-5-4-0-3-0-4-1-4	3-4-2-3-1-4-1-1-6-2-3-3
460	5	5-4-6-6-3-4-5-5-5-6-4-6	6-3-3-2-1-1-7-4-6-6-4-6	8-7-7-7-4-7-6-6-7-4-4-4	6-4-6-4-2-6-9-2-4-4-3-8	2-8-8-4-6-3-6-6-4-5-1-6	6-6-3-6-5-7-4-6-5-3-0-6	6-2-3-8-6-6-4-4-4-10-2-4	5-3-2-6-2-7-3-4-5-4-6-0	7-6-6-6-2-9-5-6-1-5-2-4	10-2-5-6-6-2-3-4-6-7-5-2	6-1-5-4-4-5-9-9-6-6-6-5	3-4-6-6-5-1-6-5-5-8-3-2
460	6	5-6-6-5-6-6-6-6-4-5-5-5	5-7-7-2-8-5-5-5-5-8-5-5	5-5-5-4-4-5-5-5-5-7-7-5	5-6-5-4-2-5-7-2-5-4-6-5	2-5-5-4-5-6-5-5-4-5-4-5	5-5-3-5-5-2-5-8-6-6-0-5	5-2-6-5-5-5-7-5-6-6-0-4	3-2-5-5-2-5-8-5-5-4-5-10	5-5-5-5-6-4-5-5-8-5-2-2	5-5-8-5-5-3-5-6-5-5-5-2	5-6-1-8-9-4-0-10-5-5-5-6	7-4-5-5-6-1-5-0-4-7-3-7
460	7	9-6-7-9-6-4-8-7-7-7-7-8	5-6-6-7-7-8-5-9-5-6-8-8	4-5-5-8-8-5-8-9-5-8-6-8	8-4-7-9-8-8-6-9-8-4-7-8	10-5-5-9-5-8-8-8-8-6-4-9	8-10-9-10-7-8-8-7-4-4-8-8	7-8-3-5-8-7-6-8-6-7-7-8	3-9-9-8-9-5-10-9-5-4-7-0	5-5-10-9-9-8-5-9-4-7-9-7	7-9-5-5-9-8-8-3-8-5-5-8	9-7-4-4-6-5-0-9-0-9-8-7	6-8-5-5-9-6-8-0-3-6-3-6
460	8	7-9-7-7-10-8-7-10-7-7-7-7	5-9-9-7-7-7-7-9-8-6-7-7	5-7-7-7-7-7-9-7-9-7-9-7	7-5-5-7-7-7-9-7-7-6-9-7	9-5-5-8-5-7-9-7-9-8-7-5	5-5-9-5-7-7-9-8-8-8-9-8	7-7-9-5-7-5-9-7-6-3-7-7	0-7-5-7-7-1-9-7-5-8-9-10	10-5-7-7-8-4-5-5-8-8-10-7	1-7-10-9-7-7-9-6-7-1-5-7	9-7-1-6-10-6-0-0-9-7-7-6	1-7-5-5-1-0-7-0-9-5-9-1
460	9	10-8-7-7-8-10-7-10-10-7-9-10	9-8-8-7-6-10-7-8-10-9-10-10	10-7-10-7-7-9-8-10-10-7-8-7	7-9-9-7-7-7-10-7-8-4-8-10	8-5-7-7-9-8-8-7-8-9-7-7	10-7-8-10-9-7-8-8-9-8-8-7	10-7-8-5-7-9-8-10-9-7-2-7	9-7-7-7-7-9-8-7-7-9-8-9	9-5-7-7-7-4-5-10-4-4-7-7	10-7-9-5-7-7-8-3-9-5-5-7	7-7-9-4-10-5-9-5-8-7-7-9	6-4-5-5-9-9-9-1-8-6-8-6
460	10	10-8-7-8-8-9-7-10-9-9-9-9	9-8-10-7-10-10-5-10-10-10-9-9	10-9-10-7-10-10-9-9-9-10-10-10	9-10-10-10-10-10-9-10-9-10-10-9	7-10-10-10-10-10-9-10-10-10-7-10	10-10-10-9-10-10-10-10-10-10-10-10	9-10-10-10-9-10-10-10-10-10-9-10	10-10-7-9-10-9-7-7-7-10-5-10	9-10-10-9-7-10-10-9-4-7-8-7	9-7-10-10-10-9-10-10-9-10-8-10	10-1-10-10-9-5-10-6-10-10-10-10	10-4-5-5-3-10-10-1-10-10-8-10
461	0	0-0-0-0-0-0-0-0-0-0-0-0	0-0-0-0-0-0-0-0-0-0-0-0	0-0-0-0-0-0-0-0-0-0-0-0	0-0-0-0-0-0-0-0-0-0-0-0	0-0-0-0-0-0-0-0-0-0-0-0	0-0-0-0-0-0-0-0-0-0-0-0	0-0-0-0-0-0-0-0-0-0-0-0	0-0-0-0-0-0-0-0-0-0-0-0	0-0-0-0-0-0-0-0-0-0-0-0	0-0-0-0-0-0-0-0-0-0-0-0	0-0-0-0-0-0-0-0-0-0-0-0	0-0-0-0-0-0-0-0-0-0-0-0
461	1	1-1-1-1-1-2-1-1-1-1-2-1	2-2-1-3-2-2-5-2-2-2-2-2	1-2-2-2-2-2-2-2-2-2-3-2	2-1-2-2-1-2-2-2-1-2-1-1	2-1-1-2-1-1-2-1-2-1-4-1	2-2-2-1-2-2-1-2-2-1-5-2	1-1-1-1-0-1-0-2-1-4-1-5	1-1-1-1-1-2-1-1-1-1-0-4	1-1-0-0-2-2-1-1-2-1-1-2	1-1-5-2-0-1-2-2-0-1-0-1	1-8-3-3-1-2-1-1-1-1-2-2	1-1-1-1-1-1-1-0-0-1-5-1
461	2	1-1-1-2-1-1-1-1-1-1-1-1	1-1-1-2-3-1-4-1-1-1-1-1	0-3-1-1-7-1-3-1-1-1-1-3	3-0-1-3-4-4-1-5-3-1-2-1	1-0-5-1-4-2-3-3-1-1-1-4	1-1-3-2-1-1-3-1-1-1-0-4	4-4-1-0-3-2-3-3-1-1-3-3	1-2-5-3-3-1-1-4-2-1-1-0	2-0-0-3-5-1-1-3-1-2-2-1	2-7-1-1-3-2-1-1-3-1-0-4	0-2-1-1-1-1-0-0-0-3-1-1	1-3-4-1-1-1-3-0-2-2-2-1
461	3	3-1-1-1-1-1-1-1-1-1-1-1	1-5-3-2-2-1-1-4-1-1-1-4	0-2-1-1-2-1-4-2-1-2-4-2	2-4-4-2-2-2-1-1-4-3-4-1	1-1-1-1-2-4-4-2-4-3-1-2	2-3-4-4-3-1-2-2-3-3-3-3	2-1-3-3-2-3-2-2-3-1-2-2	1-2-7-4-2-1-3-2-2-0-3-0	4-0-4-2-4-1-3-2-1-3-2-3	2-4-1-1-2-4-1-1-2-1-0-2	4-2-1-1-7-1-0-0-0-2-1-1	1-2-2-4-0-0-5-0-0-4-2-1
461	4	3-5-1-1-1-4-4-1-1-1-4-1	1-5-5-2-2-1-2-3-5-1-5-5	0-4-2-2-6-6-5-2-3-6-5-6	2-5-5-5-2-2-5-2-5-3-5-2	1-0-2-5-2-3-5-4-5-5-1-2	5-2-3-3-5-2-5-2-4-4-6-3	2-2-4-4-5-3-5-5-5-1-2-5	4-5-5-3-2-1-7-2-2-5-0-1	3-0-5-3-3-5-4-5-3-4-3-4	5-3-4-5-5-5-5-4-3-1-5-2	3-2-8-6-1-1-0-7-5-2-5-4	4-2-2-4-1-1-2-0-7-3-8-7
461	5	5-4-1-5-1-1-5-1-1-5-5-8	5-4-4-2-1-1-6-4-5-1-6-4	7-6-7-6-5-7-4-7-1-2-4-3	6-6-4-4-2-6-4-6-4-7-4-5	1-7-8-4-7-4-4-5-4-5-1-5	4-6-3-5-4-6-4-2-1-4-4-6	8-3-4-5-4-5-4-6-4-2-2-4	4-4-2-3-5-7-2-2-2-4-5-5	6-7-4-3-2-5-5-6-8-5-4-4	6-5-1-4-4-4-4-4-6-7-5-2	5-2-6-5-5-5-5-5-7-5-4-1	5-4-5-5-5-5-3-5-4-4-1-1
461	6	7-6-8-6-7-7-8-6-7-7-6-6	7-4-7-7-7-7-7-6-7-7-7-7	6-7-7-8-6-7-7-6-7-7-7-6	7-7-5-7-7-7-7-5-7-5-7-6	7-6-5-7-8-7-7-7-6-6-7-5	6-7-7-7-5-7-7-7-1-6-4-7	6-7-6-5-6-7-4-5-4-6-2-7	1-7-3-7-7-5-8-7-5-5-5-8	5-0-4-7-7-5-5-5-5-6-7-4	5-7-7-5-7-7-7-7-8-5-5-7	5-2-5-4-7-7-6-7-7-7-5-6	5-7-6-7-7-5-7-5-6-4-7-7
461	7	6-8-6-6-6-8-6-6-6-6-6-8	6-4-6-6-6-6-6-6-6-6-6-6	5-6-6-6-6-6-6-6-6-6-6-6	6-6-7-6-6-6-6-6-6-5-6-5	6-5-2-6-7-6-6-6-7-3-6-6	8-6-6-6-5-6-6-6-4-7-4-6	8-6-1-5-8-6-7-8-7-6-2-6	7-6-3-6-6-5-7-6-2-5-6-7	7-7-7-6-6-5-4-2-5-6-6-6	2-6-6-6-6-6-6-6-8-5-7-6	5-7-1-8-6-7-0-5-6-6-6-7	5-8-8-7-6-5-6-5-4-5-6-4
461	8	8-6-6-6-8-7-6-8-6-6-6-7	6-8-8-6-8-6-7-8-6-8-6-6	8-8-8-6-8-8-8-7-6-8-6-8	7-8-8-8-8-8-7-8-7-8-8-5	1-5-5-8-6-7-7-8-8-8-2-8	7-8-7-7-8-6-8-8-8-8-8-6	7-8-8-6-7-8-7-7-8-6-7-6	8-6-2-7-8-4-6-2-2-5-5-6	0-7-8-7-6-8-8-5-5-7-6-8	6-8-8-5-8-6-8-6-7-8-7-8	5-1-4-7-3-1-0-5-1-8-8-8	5-7-7-5-5-8-8-5-8-8-4-1
462	0	0-0-0-0-0-0-0-0-0-0-0-0	0-0-0-0-0-0-0-0-0-0-0-0	0-0-0-0-0-0-0-0-0-0-0-0	0-0-0-0-0-0-0-0-0-0-0-0	0-0-0-0-0-0-0-0-0-0-0-0	0-0-0-0-0-0-0-0-0-0-0-0	0-0-0-0-0-0-0-0-0-0-0-0	0-0-0-0-0-0-0-0-0-0-0-0	0-0-0-0-0-0-0-0-0-0-0-0	0-0-0-0-0-0-0-0-0-0-0-0	0-0-0-0-0-0-0-0-0-0-0-0	0-0-0-0-0-0-0-0-0-0-0-0
462	1	1-1-1-1-1-1-1-1-1-1-1-1	0-2-1-0-0-0-0-2-0-1-0-2	1-0-0-0-0-0-2-3-0-2-2-1	0-0-2-0-0-0-0-0-2-2-2-1	0-0-0-0-0-2-2-0-1-0-1-0	4-0-0-0-0-0-2-0-4-1-4-0	0-1-1-0-2-1-0-2-1-1-4-1	1-1-0-2-1-0-1-2-0-1-0-0	1-0-0-0-1-0-0-2-2-1-1-0	0-0-1-2-1-0-6-1-0-0-0-0	0-1-0-2-1-0-0-0-0-0-0-1	2-1-0-1-0-0-1-0-0-0-0-1
462	2	2-2-2-2-1-2-2-2-2-2-2-2	2-1-1-4-0-2-3-1-3-2-3-3	0-3-1-6-3-6-3-1-3-4-1-3	3-3-4-3-3-3-1-2-3-1-1-0	5-0-2-3-0-1-3-3-3-0-8-3	3-4-3-0-2-4-3-3-1-1-1-1	3-1-1-0-3-0-3-1-4-1-1-3	1-2-5-3-4-3-3-8-4-1-0-0	2-0-3-4-4-3-0-4-1-3-5-2	0-3-1-3-3-2-1-2-3-0-0-2	1-2-3-1-3-3-0-0-0-2-3-2	1-3-2-3-0-2-4-0-3-3-3-4
462	3	3-3-2-3-3-3-3-3-3-3-3-3	2-4-4-2-5-5-2-4-4-3-2-2	4-2-4-2-2-2-4-4-4-2-4-2	2-2-2-2-2-2-2-2-2-4-3-0	2-0-2-2-0-4-4-2-2-3-0-2	2-2-2-0-3-2-2-2-1-3-7-3	7-3-1-0-2-3-5-2-3-3-2-2	1-2-2-2-2-4-2-3-2-5-0-0	5-0-2-2-0-2-3-2-2-3-2-5	0-2-3-5-2-6-1-6-2-0-0-3	4-2-2-4-2-2-0-3-4-2-2-1	3-2-2-2-1-7-2-1-2-5-2-8
462	4	4-3-5-4-3-3-3-6-5-4-4-5	4-3-3-2-5-3-5-3-5-3-5-5	7-5-6-5-3-7-5-6-5-2-3-5	5-5-2-5-2-6-5-2-3-3-5-5	2-5-4-4-6-3-5-5-4-4-5-5	1-2-3-6-6-5-3-2-1-1-1-5	4-1-3-0-5-4-3-5-2-1-6-2	1-3-6-3-2-5-1-4-2-4-4-6	4-0-5-2-2-5-6-2-1-5-2-3	6-2-4-3-5-2-0-3-5-6-4-2	6-2-5-3-5-5-5-6-6-4-2-4	5-2-4-4-6-4-2-6-5-7-1-2
462	5	5-3-4-5-5-5-5-5-4-5-5-4	4-6-5-4-4-3-4-6-4-7-4-4	4-4-4-4-2-3-6-4-4-4-6-4	4-4-6-4-2-4-6-2-6-7-5-4	2-4-2-2-4-5-6-4-5-6-4-4	2-2-3-4-4-4-6-2-6-5-3-5	4-6-6-4-4-5-3-4-5-5-8-2	5-2-2-3-2-4-6-4-2-7-4-4	3-0-4-2-5-6-3-4-0-4-2-3	4-2-5-3-4-3-6-5-4-4-4-2	4-5-4-4-7-4-4-4-4-2-4-2	4-2-4-6-4-3-2-4-4-3-5-2
462	6	7-6-6-8-5-7-6-6-6-6-7-6	4-5-5-7-7-5-4-7-4-5-7-7	4-7-4-7-7-2-7-7-7-6-5-7	7-4-8-7-7-7-5-7-7-5-7-6	7-4-7-7-4-7-7-6-5-5-4-7	8-6-7-4-4-4-5-7-5-3-6-6	7-5-5-0-8-4-7-7-5-5-7-2	4-7-7-7-7-4-8-8-7-4-7-4	4-0-7-7-7-5-4-4-1-5-7-5	4-7-1-1-7-7-7-3-4-4-7-7	7-6-4-1-8-4-4-7-7-7-2-2	5-7-6-7-7-0-7-4-7-4-6-6
462	7	6-8-6-6-6-8-8-8-8-6-7-8	8-5-5-6-6-7-4-6-8-5-6-8	4-6-4-6-6-4-6-6-6-6-6-6	6-7-7-6-6-6-8-6-6-5-6-8	6-4-6-6-7-6-8-7-7-7-4-6	8-6-6-8-7-4-6-6-5-7-3-7	3-5-1-7-8-7-6-8-7-7-6-2	7-6-6-6-6-7-7-6-6-7-6-4	7-7-6-6-6-7-7-4-8-5-6-3	4-6-7-7-6-6-6-8-8-4-6-6	6-7-4-7-5-8-4-6-6-6-7-7	5-8-8-7-6-7-6-4-6-4-6-2
462	8	8-7-6-6-8-7-7-8-7-7-6-7	7-5-8-6-8-8-7-8-8-8-7-7	8-8-8-6-8-8-8-7-8-8-7-8	7-8-8-6-8-8-7-8-8-8-8-7	6-4-8-8-7-8-7-8-8-8-2-8	6-8-8-7-8-8-7-8-8-8-8-7	7-8-8-8-8-8-3-8-8-8-5-8	8-8-8-7-8-7-6-6-6-7-7-4	0-8-8-6-6-8-8-4-8-8-6-8	6-4-8-8-8-2-8-5-7-8-7-8	4-8-5-7-6-7-4-4-3-7-8-8	8-7-7-5-6-8-8-4-4-8-6-3
463	0	0-0-0-0-0-0-0-0-0-0-0-0	0-0-0-0-0-0-0-0-0-0-0-0	0-0-0-0-0-0-0-0-0-0-0-0	0-0-0-0-0-0-0-0-0-0-0-0	0-0-0-0-0-0-0-0-0-0-0-0	0-0-0-0-0-0-0-0-0-0-0-0	0-0-0-0-0-0-0-0-0-0-0-0	0-0-0-0-0-0-0-0-0-0-0-0	0-0-0-0-0-0-0-0-0-0-0-0	0-0-0-0-0-0-0-0-0-0-0-0	0-0-0-0-0-0-0-0-0-0-0-0	0-0-0-0-0-0-0-0-0-0-0-0
463	1	1-1-1-3-1-0-1-1-1-1-1-2	2-0-0-2-0-1-1-0-0-1-2-2	0-2-3-0-2-2-2-0-0-1-2-2	2-2-1-3-3-2-0-3-2-3-0-1	3-1-2-3-0-0-2-2-0-4-3-3	2-2-3-1-0-1-2-0-0-0-0-2	0-1-0-1-0-0-0-2-1-0-0-0	0-2-3-2-0-0-0-3-1-0-1-0	0-1-0-2-1-5-1-1-0-1-3-2	2-2-0-0-2-0-2-1-2-0-0-0	1-0-1-0-2-1-1-1-1-1-2-1	1-2-1-1-0-1-2-1-1-1-2-1
463	2	2-2-2-2-2-2-2-2-2-2-2-2	1-3-3-1-0-2-1-3-3-2-1-3	2-1-1-3-1-1-3-5-5-1-3-1	1-1-1-1-1-1-3-1-1-1-0-1	0-4-1-1-0-3-3-1-3-2-1-1	1-1-1-2-3-1-3-0-3-2-6-2	0-1-3-0-3-2-3-3-4-4-0-1	2-1-0-1-0-2-3-1-1-0-3-0	0-2-0-1-2-1-0-1-3-2-1-1	1-1-2-3-3-3-1-5-1-2-0-2	3-2-6-3-1-2-0-3-0-1-1-2	1-1-1-1-0-1-1-0-1-1-1-1
463	3	3-4-3-3-2-2-4-6-3-3-3-5	3-2-2-3-0-4-3-2-5-2-1-4	4-3-4-6-1-4-2-4-2-1-2-3	4-4-4-1-1-1-2-6-1-1-4-6	1-6-6-1-4-2-4-4-2-3-1-1	1-5-1-3-2-1-2-0-2-0-0-4	4-5-2-3-4-6-2-2-0-2-3-4	3-0-5-3-3-4-2-1-3-4-4-3	3-4-4-1-5-5-4-5-2-3-1-3	4-3-3-4-2-2-1-2-3-4-5-2	4-3-2-2-2-3-4-5-5-1-4-3	5-1-3-4-4-1-3-3-3-3-3-2
463	4	4-3-5-7-4-4-4-4-4-4-5-5	5-2-2-6-0-3-5-5-5-5-5-5	3-5-5-5-5-3-5-2-2-5-5-5	5-3-5-5-5-5-2-6-4-3-4-3	5-3-10-1-3-4-5-5-3-1-5-5	5-1-6-6-4-6-5-5-5-4-0-5	5-6-2-3-5-4-5-5-2-4-4-5	4-6-9-5-4-3-2-6-3-3-9-5	3-3-3-4-6-6-3-3-2-6-6-6	3-1-3-3-5-6-5-2-5-3-5-4	3-6-2-2-2-4-3-3-0-5-5-3	3-5-3-3-3-6-5-3-4-4-4-6
463	5	5-5-4-5-5-5-5-5-5-4-4-4	4-6-6-4-7-3-4-6-4-4-4-4	3-4-4-4-4-4-6-2-2-4-6-4	4-4-4-4-4-4-2-4-6-6-5-3	4-3-7-1-3-4-6-4-6-5-1-4	4-3-4-4-5-4-6-4-5-5-5-4	4-4-5-3-4-5-6-6-5-5-4-4	5-4-4-4-4-3-6-5-3-5-3-6	5-3-4-4-5-1-3-6-4-5-4-4	3-1-7-6-4-5-4-6-4-5-6-5	3-5-2-5-3-5-3-3-3-4-6-5	3-4-3-3-5-4-4-5-4-3-4-5
463	6	4-5-4-7-5-6-4-3-6-6-6-7	7-5-5-4-7-3-7-7-7-6-7-7	4-7-7-4-6-7-5-7-4-4-5-7	7-8-5-4-4-7-5-3-5-5-5-3	4-3-3-1-6-6-5-6-5-6-7-4	7-7-4-4-6-4-5-4-5-0-2-4	4-4-5-3-7-6-5-5-5-5-6-4	5-4-4-4-4-7-5-4-6-8-7-9	6-6-5-4-4-7-3-7-0-6-4-4	7-6-6-9-5-4-5-5-8-7-5-4	3-4-2-2-6-6-6-6-7-5-5-6	6-4-3-6-6-4-4-6-7-6-2-4
463	7	8-7-9-4-8-7-10-9-8-8-8-10	6-7-7-4-8-8-6-7-8-8-6-8	7-6-8-8-8-8-7-9-8-8-8-8	8-7-8-9-8-6-8-9-8-8-8-7	9-9-5-8-6-7-8-7-8-7-9-7	7-7-8-7-7-8-8-8-8-7-0-7	10-8-7-8-6-7-8-8-8-8-10-8	8-4-4-6-4-6-9-8-6-7-6-6	7-6-7-8-10-9-3-8-9-8-8-7	6-7-7-8-8-9-8-9-6-6-8-7	9-10-10-7-10-6-6-10-6-7-9-7	8-10-9-6-4-9-8-6-6-7-7-10
463	8	8-8-10-8-9-7-7-8-7-7-10-9	7-7-7-9-7-7-9-9-10-7-10-7	8-9-9-7-9-7-9-7-7-7-7-8	9-6-7-8-9-9-7-9-7-7-9-8	7-7-8-9-6-9-9-9-7-7-8-9	7-8-9-10-6-7-7-7-7-8-0-9	9-7-7-7-7-9-7-9-7-7-9-8	7-9-7-9-9-7-10-9-6-6-9-6	10-6-7-9-9-7-6-9-7-9-9-4	7-9-7-7-9-7-9-5-10-6-9-9	7-7-7-5-7-6-7-6-6-7-7-8	7-9-8-9-9-7-7-6-9-7-9-7
463	9	8-8-7-8-8-7-7-8-7-7-8-8	7-7-8-8-7-7-8-8-8-7-8-8	3-8-8-7-8-9-8-7-8-7-9-8	8-9-9-8-8-8-7-8-8-7-8-3	7-7-8-8-9-9-8-8-9-9-7-8	7-8-8-8-9-8-8-7-9-9-0-8	8-7-7-10-8-8-5-8-9-7-8-8	7-8-4-8-8-3-7-8-6-5-8-6	9-9-9-8-8-7-9-8-7-8-8-10	10-9-9-6-8-7-8-7-10-9-8-8	7-7-4-7-10-10-9-3-7-9-7-9	10-8-7-9-8-7-4-7-8-8-8-7
463	10	10-7-8-8-8-8-7-10-8-8-8-7	7-7-10-8-10-7-8-8-8-10-8-8	10-10-8-7-10-7-9-7-8-10-7-10	9-10-7-10-10-10-7-10-7-10-10-3	7-3-10-10-10-10-9-10-10-10-7-8	7-8-10-8-10-8-10-10-10-10-10-10	7-10-10-9-8-10-10-8-10-10-7-7	10-8-4-9-10-9-8-8-9-10-8-6	8-9-9-9-7-10-10-8-10-7-8-9	9-10-10-10-10-7-8-9-8-10-7-10	7-7-7-10-7-9-7-7-7-9-10-9	7-7-8-7-6-10-10-7-10-10-8-7
464	0	0-0-0-0-0-0-0-0-0-0-0-0	0-0-0-0-0-0-0-0-0-0-0-0	0-0-0-0-0-0-0-0-0-0-0-0	0-0-0-0-0-0-0-0-0-0-0-0	0-0-0-0-0-0-0-0-0-0-0-0	0-0-0-0-0-0-0-0-0-0-0-0	0-0-0-0-0-0-0-0-0-0-0-0	0-0-0-0-0-0-0-0-0-0-0-0	0-0-0-0-0-0-0-0-0-0-0-0	0-0-0-0-0-0-0-0-0-0-0-0	0-0-0-0-0-0-0-0-0-0-0-0	0-0-0-0-0-0-0-0-0-0-0-0
464	1	1-1-1-1-1-1-1-1-1-1-1-1	1-0-0-1-0-0-3-2-0-1-3-0	2-2-0-6-2-0-2-0-0-1-1-2	3-0-0-3-3-3-0-3-1-0-1-1	5-0-2-2-3-2-2-2-1-1-9-2	2-2-2-0-0-3-2-2-1-1-0-1	1-1-1-0-2-0-1-2-1-1-0-1	1-5-1-2-8-0-1-9-1-1-0-0	0-0-2-2-9-1-0-1-0-1-5-1	0-3-1-0-2-1-2-1-2-1-0-1	3-1-0-1-0-1-0-1-0-1-1-1	0-1-1-3-0-2-5-0-1-2-1-1
464	2	2-2-2-2-2-2-2-2-2-2-2-2	1-4-2-1-2-3-1-3-0-1-1-3	3-1-0-1-1-1-3-3-3-1-3-1	1-0-2-1-1-1-3-1-1-2-3-1	1-0-1-1-1-3-3-1-2-2-1-1	1-1-3-0-3-1-1-1-2-2-6-2	2-1-2-6-1-2-3-1-2-3-6-1	2-2-1-3-2-0-1-0-2-3-0-3	2-2-1-1-0-2-0-3-3-2-1-2	0-1-2-3-1-3-1-6-3-2-3-1	1-1-3-2-3-4-0-3-0-3-1-2	2-1-1-3-3-6-1-0-1-1-7-2
464	3	3-3-2-3-3-3-3-2-3-3-3-3	1-4-4-1-2-4-1-2-4-3-1-2	2-3-4-2-1-4-2-4-4-4-2-3	1-4-4-1-1-1-5-1-4-4-2-0	1-0-4-5-1-4-2-3-4-4-1-1	4-6-2-2-3-1-4-1-3-3-3-4	2-1-3-3-1-2-4-1-3-2-3-4	4-4-1-2-3-4-1-3-3-2-6-2	2-1-1-1-5-1-3-2-8-3-4-2	1-1-3-4-4-2-1-3-2-0-3-1	1-1-2-9-2-0-0-2-0-2-1-3	3-1-1-3-2-3-4-2-1-2-0-3
464	4	4-4-5-7-5-5-5-4-5-5-5-5	5-3-3-6-8-5-5-5-5-5-5-5	5-5-5-5-4-6-5-5-5-5-5-5	5-4-5-5-1-5-5-4-3-3-3-6	7-9-3-8-5-3-5-5-3-5-4-4	4-5-3-5-6-5-3-1-4-4-3-4	7-1-4-7-5-4-3-5-3-4-5-3	7-3-7-5-1-5-5-5-5-6-5-5	6-7-5-5-1-4-6-5-5-4-3-6	5-7-3-3-5-1-6-1-5-5-6-1	1-7-6-4-5-5-6-7-7-5-5-6	7-5-5-5-5-8-3-6-5-5-4-7
464	5	4-4-4-5-6-4-4-4-4-4-4-4	4-6-6-4-5-4-4-4-4-4-4-4	4-4-4-4-1-4-6-7-4-6-6-6	4-4-4-4-1-4-4-4-6-7-5-4	1-4-1-3-4-5-6-4-3-4-4-4	6-4-3-4-4-4-6-8-4-5-2-5	4-1-5-4-4-2-3-4-5-5-4-3	5-1-1-4-5-4-6-7-4-5-4-4	4-4-4-4-6-8-4-4-7-6-1-4	4-1-5-6-4-1-1-5-4-4-4-1	4-4-4-4-4-4-4-4-4-4-4-5	4-4-4-4-4-5-1-4-4-4-4-4
464	6	4-4-7-4-5-4-4-4-4-4-4-4	7-5-5-4-5-4-4-8-7-4-7-4	4-7-7-8-8-4-7-4-8-7-5-7	7-7-7-8-8-7-4-8-5-8-8-4	8-4-7-3-4-7-7-7-6-6-8-8	7-7-8-6-4-4-7-7-5-3-2-7	5-1-5-4-7-4-4-7-5-1-8-7	5-7-4-7-7-4-5-8-4-4-8-4	4-4-4-7-8-4-4-4-5-5-7-4	4-4-5-5-7-7-7-2-7-4-4-1	6-4-4-4-4-4-4-4-4-7-5-6	6-7-4-8-4-4-7-4-2-2-9-2
464	7	4-8-6-4-7-7-6-4-4-4-4-4	6-8-8-4-5-4-4-8-6-4-6-6	6-6-6-4-6-6-8-5-5-6-8-6	6-6-6-6-6-6-4-6-8-5-6-4	6-4-6-4-4-8-8-6-7-7-6-6	6-6-6-6-4-4-6-6-7-7-2-6	4-5-5-4-6-9-8-8-7-7-4-6	4-6-4-6-6-4-5-5-4-4-4-4	4-4-4-6-7-4-4-4-5-5-6-4	4-4-5-5-6-6-6-3-6-4-4-1	6-4-4-4-4-4-4-4-4-6-4-6	4-6-4-7-4-0-6-4-8-4-8-4
464	8	9-7-6-4-7-9-8-4-9-4-4-9	8-7-7-4-4-9-4-7-9-4-4-9	7-8-6-9-6-8-7-7-9-8-7-6	6-8-8-6-6-6-4-6-7-6-6-4	6-4-7-4-8-7-7-6-8-8-6-6	9-8-6-6-4-4-7-5-8-7-2-6	9-1-7-4-9-8-7-7-8-7-6-3	8-6-1-6-6-4-9-6-9-4-6-8	8-4-4-8-6-5-4-8-3-5-6-4	9-8-8-5-8-6-9-3-9-4-4-1	7-8-8-4-9-4-8-4-4-8-8-8	4-6-9-6-8-8-8-4-7-8-7-1
464	9	9-7-9-6-9-9-8-9-4-4-4-8	8-7-9-4-9-9-6-9-9-9-8-8	9-8-9-8-9-9-8-8-8-9-9-9	8-9-9-9-9-9-8-9-8-9-9-8	1-4-9-9-9-9-8-9-9-9-1-9	8-9-9-8-9-4-9-9-9-9-9-9	8-9-9-4-8-9-9-9-9-9-4-6	9-9-9-8-9-8-8-1-8-4-4-4	8-9-9-8-1-9-9-8-9-7-7-1	8-9-9-9-9-1-9-8-8-9-4-9	7-9-9-3-8-8-9-4-4-8-9-9	4-8-8-4-8-9-9-4-9-9-8-9
465	0	0-0-0-0-0-0-0-0-0-0-0-0	0-0-0-0-0-0-0-0-0-0-0-0	0-0-0-0-0-0-0-0-0-0-0-0	0-0-0-0-0-0-0-0-0-0-0-0	0-0-0-0-0-0-0-0-0-0-0-0	0-0-0-0-0-0-0-0-0-0-0-0	0-0-0-0-0-0-0-0-0-0-0-0	0-0-0-0-0-0-0-0-0-0-0-0	0-0-0-0-0-0-0-0-0-0-0-0	0-0-0-0-0-0-0-0-0-0-0-0	0-0-0-0-0-0-0-0-0-0-0-0	0-0-0-0-0-0-0-0-0-0-0-0
465	1	1-1-1-1-1-1-1-1-1-1-1-1	2-0-0-1-0-1-2-2-0-1-2-0	0-0-2-3-2-0-2-2-0-3-1-2	2-0-0-2-2-2-0-2-1-0-1-0	1-0-0-0-0-1-2-2-1-0-0-1	2-0-2-1-1-3-2-2-1-1-0-2	2-2-1-0-2-1-2-2-1-1-2-2	0-3-1-2-2-0-1-3-1-0-0-2	1-0-0-2-3-1-0-2-0-1-2-0	2-0-0-0-2-1-2-1-2-0-1-3	3-3-0-1-0-1-0-1-1-2-2-0	0-1-2-0-1-0-2-0-1-1-1-1
465	2	3-2-2-2-3-2-2-2-2-2-2-2	1-3-2-1-2-3-1-1-1-2-1-2	3-2-1-1-1-0-3-1-3-1-3-3	1-3-3-1-1-1-2-1-3-3-3-0	1-0-4-3-2-1-3-1-2-2-0-1	3-0-3-1-2-0-3-1-2-2-5-1	3-1-2-3-1-2-3-1-2-2-1-1	2-1-1-1-1-3-1-2-1-2-0-1	2-0-1-1-2-0-4-1-2-2-1-2	1-3-2-3-1-2-1-6-1-3-0-1	2-2-7-2-3-1-0-2-3-1-1-2	0-1-1-3-0-4-1-0-1-1-2-2
465	3	2-3-3-3-2-3-3-3-3-3-3-4	3-2-2-3-3-2-4-4-3-3-4-3	2-4-4-1-3-3-4-4-2-4-2-3	3-4-4-4-1-1-3-4-2-2-2-4	1-5-0-3-5-2-2-4-3-3-4-4	2-3-2-3-4-1-2-1-3-2-2-1	2-3-1-2-4-3-2-4-2-2-3-2	2-1-4-2-1-2-3-1-5-3-3-6	3-3-4-1-1-3-3-4-2-3-1-6	4-5-0-2-4-2-2-3-3-5-5-1	5-1-5-3-4-5-6-5-5-1-0-3	3-2-3-2-5-2-1-3-5-5-1-1
465	4	5-4-5-5-4-4-5-5-5-5-5-5	5-4-4-3-5-5-3-5-3-5-3-5	4-5-5-5-5-5-3-5-5-5-7-4	5-4-5-5-4-5-5-6-4-4-4-3	6-3-4-6-4-4-5-4-4-5-6-4	5-5-5-3-3-5-4-6-4-4-2-4	7-6-4-4-5-4-2-5-4-4-4-4	4-1-3-4-4-5-5-5-3-5-3-4	4-3-5-5-4-5-2-4-5-6-4-4	4-4-5-5-5-5-5-4-5-3-3-5	4-7-3-6-5-4-4-4-3-4-5-3	5-5-4-7-5-4-4-3-3-5-4-7
465	5	4-7-4-7-4-4-4-6-4-4-4-4	4-6-6-6-4-4-6-6-4-4-6-4	4-6-6-4-4-4-6-6-4-6-5-5	6-3-4-4-6-6-4-4-4-6-6-3	6-3-4-6-3-6-6-6-4-4-4-6	4-4-6-7-3-4-6-5-5-5-2-6	6-4-4-3-4-5-5-4-5-7-6-6	4-6-3-6-6-4-6-6-3-4-6-3	3-3-4-6-6-4-3-7-4-4-6-3	6-6-4-4-6-6-4-5-4-3-3-6	3-4-3-2-4-3-3-3-3-6-4-3	4-6-6-4-3-4-6-3-3-4-6-4
465	6	5-7-5-5-4-4-4-5-4-4-4-5	4-5-5-5-4-4-5-5-5-4-5-4	5-5-5-4-5-6-5-5-5-5-6-5	5-6-6-5-5-5-7-4-5-5-5-3	5-4-4-5-6-5-5-5-6-6-4-5	4-5-5-5-6-4-5-4-6-6-2-6	5-4-5-7-7-6-5-5-6-5-5-5	6-5-5-5-5-4-5-5-7-4-5-3	6-3-6-5-5-4-6-6-4-4-5-3	5-5-4-4-5-5-4-2-7-6-3-5	5-6-5-4-5-7-3-6-5-5-4-6	4-5-5-6-3-4-5-4-5-3-5-4
465	7	7-6-5-5-7-6-4-7-4-4-4-4	4-5-7-5-7-4-6-7-7-7-6-7	7-7-7-5-7-4-5-4-6-7-4-7	6-7-7-7-7-7-6-7-7-7-7-3	4-3-7-7-7-7-6-7-7-7-5-7	4-7-7-5-7-4-7-7-7-7-7-7	4-7-7-6-5-7-7-7-7-5-6-5	7-5-7-6-7-6-5-5-6-4-4-4	3-6-7-6-5-7-3-5-4-4-5-3	5-3-7-7-7-5-7-6-7-7-3-7	3-4-7-4-4-4-3-3-4-4-7-7	4-6-7-4-4-7-7-4-7-7-6-4
466	0	0-0-0-0-0-0-0-0-0-0-0-0	0-0-0-0-0-0-0-0-0-0-0-0	0-0-0-0-0-0-0-0-0-0-0-0	0-0-0-0-0-0-0-0-0-0-0-0	0-0-0-0-0-0-0-0-0-0-0-0	0-0-0-0-0-0-0-0-0-0-0-0	0-0-0-0-0-0-0-0-0-0-0-0	0-0-0-0-0-0-0-0-0-0-0-0	0-0-0-0-0-0-0-0-0-0-0-0	0-0-0-0-0-0-0-0-0-0-0-0	0-0-0-0-0-0-0-0-0-0-0-0	0-0-0-0-0-0-0-0-0-0-0-0
466	1	1-1-1-1-1-1-1-1-1-1-1-1	2-1-0-2-0-0-0-2-0-1-0-0	0-0-0-4-2-0-2-0-0-2-2-0	2-0-0-2-4-2-0-5-2-0-2-1	5-0-1-0-0-2-2-2-0-5-1-2	2-0-2-1-1-2-2-2-0-1-0-2	4-2-0-0-2-0-1-2-0-1-0-2	1-4-3-2-6-0-1-5-1-0-1-0	1-0-2-2-3-2-0-2-1-1-4-1	3-1-0-2-2-1-2-1-2-0-0-1	1-3-0-0-1-1-0-1-2-1-2-1	0-1-2-4-1-1-2-0-1-1-1-3
466	2	2-2-2-2-3-2-2-2-2-2-2-3	1-3-3-1-2-3-1-3-2-2-0-3	1-1-2-2-1-1-3-0-3-3-3-3	1-0-3-1-1-1-5-1-3-2-3-2	1-0-1-3-0-3-3-1-3-2-1-1	1-1-3-1-2-1-3-1-2-2-5-1	1-1-2-3-1-2-5-1-2-2-0-1	2-1-1-1-1-0-2-0-2-2-0-1	3-0-1-1-2-1-2-1-4-2-1-2	0-3-2-4-3-5-3-5-1-1-2-2	2-2-7-3-3-2-0-2-1-1-1-2	0-2-1-3-4-2-1-0-1-6-4-1
466	3	3-5-3-5-2-2-3-2-3-3-3-2	3-2-2-4-0-4-3-2-4-4-4-4	3-4-6-4-3-3-4-5-2-5-2-3	4-4-2-4-1-1-4-1-2-3-2-3	1-7-0-5-4-2-4-4-2-4-1-5	4-1-2-4-5-5-2-3-2-2-2-1	7-2-2-7-4-2-2-4-3-1-7-2	3-1-5-1-1-4-1-1-3-3-3-4	5-3-2-1-1-3-5-4-6-3-1-5	5-7-0-2-4-1-2-2-4-4-4-1	5-1-3-2-5-5-5-5-5-1-1-3	4-2-4-2-5-5-1-5-4-4-2-1
466	4	4-4-4-4-5-5-4-4-4-3-3-4	1-5-5-3-5-4-3-5-3-3-3-3	3-3-3-1-1-6-5-3-5-6-5-3	3-3-3-3-1-1-5-1-5-6-5-3	1-3-0-2-3-2-5-3-5-3-5-1	3-5-2-3-2-3-5-1-4-4-2-4	5-5-6-4-3-4-2-3-4-6-3-4	4-1-1-2-1-3-5-1-3-4-7-3	3-3-5-1-4-1-3-3-2-7-1-4	3-3-2-5-3-2-6-2-3-3-3-1	3-5-4-4-3-3-3-3-3-1-1-3	3-5-3-7-2-4-1-3-3-3-4-6
466	5	5-3-5-3-4-4-7-6-5-7-6-6	5-4-4-5-4-5-6-6-3-5-6-6	3-6-6-6-6-7-6-3-6-3-4-6	6-3-5-6-6-6-4-1-6-5-6-3	1-3-5-3-5-6-6-6-4-1-6-6	4-5-6-5-3-3-4-1-4-5-2-6	4-4-4-5-6-5-2-2-5-1-3-6	5-5-3-6-1-4-4-1-6-5-6-3	3-3-4-6-1-4-3-3-2-5-1-3	3-3-0-6-4-6-4-2-7-6-3-1	3-4-3-2-3-3-3-3-3-1-4-5	3-4-5-6-3-3-1-3-6-3-6-1
466	6	7-7-7-6-4-7-7-5-7-6-5-5	5-4-4-5-4-7-5-5-7-6-7-5	6-5-3-5-5-6-5-4-5-4-6-5	5-6-6-5-5-5-7-5-5-4-5-3	5-3-0-3-6-5-5-5-6-6-5-5	7-5-5-6-6-3-5-5-6-6-2-5	7-4-4-7-5-6-6-6-6-4-5-5	6-1-1-5-1-7-4-1-7-5-5-3	6-7-4-6-1-6-6-3-3-5-5-4	6-6-6-5-6-5-4-2-7-5-6-3	4-4-3-2-5-7-3-4-5-6-6-6	7-7-5-5-6-6-1-3-5-3-5-4
466	7	7-6-7-6-7-6-5-7-6-5-5-7	5-4-7-5-7-6-6-7-7-7-6-7	7-7-7-5-7-5-6-7-6-7-4-7	7-7-7-7-7-7-6-7-7-7-7-3	7-3-7-7-7-7-6-7-7-7-5-7	6-7-7-5-7-6-7-7-7-7-7-7	6-7-7-7-6-7-7-7-7-7-3-6	7-7-7-6-7-6-5-5-6-5-3-6	6-6-7-7-1-7-3-5-7-7-5-7	5-3-7-7-7-7-7-2-6-7-7-7	3-7-4-4-5-6-3-3-3-7-7-6	6-6-5-4-6-7-7-3-3-7-5-7
467	0	0-0-0-0-0-0-0-0-0-0-0-0	0-0-0-0-0-0-0-0-0-0-0-0	0-0-0-0-0-0-0-0-0-0-0-0	0-0-0-0-0-0-0-0-0-0-0-0	0-0-0-0-0-0-0-0-0-0-0-0	0-0-0-0-0-0-0-0-0-0-0-0	0-0-0-0-0-0-0-0-0-0-0-0	0-0-0-0-0-0-0-0-0-0-0-0	0-0-0-0-0-0-0-0-0-0-0-0	0-0-0-0-0-0-0-0-0-0-0-0	0-0-0-0-0-0-0-0-0-0-0-0	0-0-0-0-0-0-0-0-0-0-0-0
467	1	1-1-2-1-1-1-1-0-1-1-1-1	1-2-0-1-0-1-1-2-2-1-2-2	1-2-2-0-1-2-2-0-0-0-0-1	1-2-2-1-0-2-0-1-0-0-0-3	0-2-3-2-2-0-2-0-2-0-0-1	0-3-0-0-1-1-0-0-0-0-0-2	1-0-0-1-0-0-0-0-0-1-0-2	1-0-2-0-1-2-0-0-1-1-2-0	0-2-2-0-2-8-2-1-0-1-0-1	0-1-1-0-0-0-0-0-1-2-3-1	0-0-1-0-2-1-2-1-3-1-0-1	1-1-1-1-1-1-1-1-1-1-1-1
467	2	1-2-1-1-2-2-2-2-2-2-2-2	3-1-0-3-0-3-3-3-3-1-3-3	1-1-1-1-3-1-3-3-0-3-2-3	3-1-1-3-3-3-0-4-3-0-2-1	2-1-1-3-1-2-3-3-1-2-3-3	3-0-3-2-0-3-3-2-2-0-0-3	3-2-0-1-3-0-2-3-0-2-2-3	0-5-7-3-2-1-2-8-2-1-1-4	2-1-1-3-8-0-1-3-2-0-3-2	2-3-0-3-3-2-3-0-3-1-1-2	3-4-1-0-8-3-1-2-4-2-2-1	1-3-1-1-2-2-3-1-2-2-1-2
467	3	3-3-3-3-3-3-3-3-3-2-3-3	2-4-3-2-3-3-2-2-2-3-2-2	1-2-4-2-2-2-2-2-0-2-1-2	2-1-4-2-2-2-0-3-2-3-4-1	2-1-1-2-3-2-2-2-4-3-2-2	2-1-5-3-3-2-2-2-3-3-7-3	2-2-3-1-2-3-8-2-3-4-0-2	3-3-2-2-2-4-7-0-2-3-1-2	4-1-2-2-3-1-1-2-3-3-3-3	2-2-5-4-2-2-4-3-2-4-1-2	2-0-0-3-7-4-3-3-1-2-4-6	1-2-1-4-3-2-2-3-3-4-7-3
467	4	4-4-5-5-3-4-4-4-5-4-4-5	5-3-3-6-4-5-5-5-5-5-5-5	7-5-5-5-5-5-5-5-5-5-5-4	5-5-5-5-5-5-5-6-4-3-3-6	6-5-6-4-5-3-5-5-3-4-5-5	5-4-6-5-5-8-3-5-3-4-0-3	3-5-4-3-5-4-5-5-4-3-5-3	5-4-6-3-4-5-5-5-2-3-5-7	5-7-5-2-2-4-5-3-5-4-4-3	5-5-3-3-5-3-3-4-5-5-5-2	5-5-4-5-5-3-3-5-5-5-3-7	4-4-4-3-5-5-3-5-5-3-5-4
467	5	4-5-4-4-5-6-5-4-4-4-6-4	4-6-5-4-4-4-4-6-4-4-4-4	5-6-5-7-7-6-4-7-6-6-4-5	6-4-4-6-6-4-4-7-7-5-6-4	7-4-6-7-4-6-5-5-6-5-7-4	4-1-3-4-4-4-6-7-5-5-0-5	4-6-5-5-4-5-4-4-5-7-4-6	4-2-2-6-5-4-4-7-2-7-4-4	4-4-4-4-6-7-4-6-7-7-3-5	4-4-3-6-4-2-6-5-4-4-4-5	4-8-4-4-8-6-6-4-4-4-6-6	4-5-7-8-4-4-7-7-4-4-4-5
467	6	7-6-8-7-7-5-7-7-8-7-7-7	7-5-5-7-4-7-4-6-7-7-7-7	6-7-7-7-6-5-7-6-7-5-7-6	7-6-7-5-7-7-8-4-5-6-5-6	5-8-8-4-4-5-7-7-5-6-8-7	6-7-5-8-5-7-5-4-5-3-0-7	3-5-6-8-5-7-7-6-5-5-7-5	4-7-4-7-7-4-8-7-6-5-4-6	8-4-8-3-7-5-4-5-6-5-7-3	6-3-6-5-6-8-7-6-7-6-7-5	7-5-4-4-3-5-5-4-7-5-5-4	8-8-6-7-7-1-5-5-8-6-6-5
467	7	6-8-6-6-6-8-6-6-6-6-6-6	6-5-5-6-4-6-6-6-6-6-6-6	4-6-6-6-5-5-6-5-6-6-6-7	6-7-7-6-6-6-6-6-5-5-6-6	5-4-6-5-7-7-6-6-7-7-5-6	8-5-8-6-4-4-7-5-5-7-3-6	8-2-5-8-8-3-6-7-7-5-6-5	7-6-2-6-6-1-3-6-8-5-6-4	7-4-8-7-6-5-7-7-5-5-6-3	7-7-7-7-7-2-6-6-8-7-6-3	6-5-7-6-3-5-5-2-6-7-5-7	6-7-5-6-7-7-5-5-7-7-3-3
467	8	8-7-6-6-8-7-6-8-6-6-6-6	6-8-8-6-8-6-7-8-6-8-6-6	8-8-6-6-8-8-7-5-6-8-8-8	8-8-6-8-8-8-6-8-5-8-8-6	2-6-8-8-8-8-7-8-8-8-6-6	7-8-7-6-8-4-8-8-8-8-8-8	7-8-8-8-7-8-3-8-8-8-6-7	8-6-2-8-8-8-6-2-7-5-4-4	7-7-7-7-2-8-8-5-8-5-6-1	7-8-8-8-8-6-8-6-7-8-6-8	4-5-5-8-5-5-5-4-5-5-8-7	6-6-6-3-7-8-8-8-8-8-7-8
468	0	0-0-0-0-0-0-0-0-0-0-0-0	0-0-0-0-0-0-0-0-0-0-0-0	0-0-0-0-0-0-0-0-0-0-0-0	0-0-0-0-0-0-0-0-0-0-0-0	0-0-0-0-0-0-0-0-0-0-0-0	0-0-0-0-0-0-0-0-0-0-0-0	0-0-0-0-0-0-0-0-0-0-0-0	0-0-0-0-0-0-0-0-0-0-0-0	0-0-0-0-0-0-0-0-0-0-0-0	0-0-0-0-0-0-0-0-0-0-0-0	0-0-0-0-0-0-0-0-0-0-0-0	0-0-0-0-0-0-0-0-0-0-0-0
468	1	1-1-1-1-2-1-1-1-1-1-1-1	1-1-2-1-3-2-1-1-1-1-0-2	3-1-2-2-3-2-1-2-2-0-2-1	2-3-0-1-2-2-2-2-0-0-2-4	1-3-1-0-2-0-2-1-0-1-0-1	1-2-0-1-0-2-0-1-0-0-0-2	2-0-1-1-0-2-0-0-0-1-3-2	1-1-3-0-1-2-1-2-1-2-2-0	2-2-2-1-5-1-3-3-0-1-1-0	2-1-1-2-0-3-2-3-2-1-3-1	1-0-3-0-3-2-2-3-2-3-0-1	4-1-1-2-3-1-1-3-0-1-1-1
468	2	1-1-1-1-1-1-1-1-1-1-1-2	3-1-1-3-1-1-1-3-1-1-3-1	1-3-3-1-3-1-3-1-4-3-3-3	1-3-3-3-3-3-1-1-2-0-3-1	3-1-5-3-1-3-3-3-0-1-3-3	3-1-3-5-2-1-3-3-0-2-0-4	1-3-4-1-3-1-2-3-0-2-2-3	2-4-2-3-2-1-1-1-1-1-1-0	1-1-3-4-4-0-1-1-0-1-4-2	1-3-0-3-3-4-3-0-3-1-1-4	4-0-6-0-7-2-1-1-1-2-3-4	1-3-1-1-1-3-4-1-6-2-2-4
468	3	1-3-1-3-4-3-3-3-1-1-2-3	2-4-4-2-3-1-1-4-4-2-2-4	4-2-2-1-2-6-4-5-2-2-4-2	2-4-5-2-2-2-6-2-4-4-4-1	2-1-1-2-4-2-4-2-4-0-2-2	2-6-2-7-3-1-4-2-3-3-5-5	1-2-3-1-2-3-5-2-4-3-1-2	3-7-2-4-2-4-5-4-3-3-1-4	1-1-2-2-3-0-1-1-5-3-2-3	1-2-3-2-2-1-2-6-2-4-1-2	2-3-1-5-1-3-1-1-1-2-2-3	6-2-1-1-1-6-2-1-2-5-3-5
468	4	4-3-7-4-3-5-5-5-4-4-5-7	4-3-3-2-5-5-4-5-5-1-6-5	7-5-6-2-4-5-3-5-5-3-3-4	5-4-5-2-2-2-5-1-3-3-3-1	2-5-1-4-5-3-5-4-3-4-4-7	0-1-3-4-3-6-3-5-3-3-3-2	2-2-2-5-3-4-3-5-3-3-5-0	5-2-2-3-2-3-3-3-4-5-4-5	5-5-5-2-2-4-5-5-5-1-2-2	5-5-1-7-5-2-3-3-5-5-5-2	5-4-5-7-5-5-5-5-5-2-2-4	1-2-4-1-5-5-2-5-5-5-4-2
468	5	6-5-5-7-3-4-5-4-5-5-5-6	4-3-3-5-4-4-4-6-4-5-6-4	4-6-4-7-6-5-6-4-6-6-3-6	6-4-4-5-6-6-4-6-6-3-6-4	2-4-2-6-4-6-6-6-5-7-7-6	6-7-3-2-4-4-6-6-5-5-3-3	7-5-3-4-5-5-3-4-3-5-6-6	4-2-7-5-5-1-3-7-5-6-4-4	4-4-4-6-7-4-4-6-4-5-5-3	4-4-0-7-6-6-3-3-5-4-4-5	4-5-4-3-4-4-4-4-4-5-5-7	3-5-4-1-4-4-5-4-5-4-3-6
468	6	5-7-5-5-3-7-5-7-7-5-5-5	4-3-3-5-4-7-5-5-7-5-7-5	4-5-4-5-5-6-5-4-5-5-6-5	5-6-6-5-5-5-7-5-5-6-5-1	5-4-2-5-6-5-5-5-6-6-6-5	7-3-6-5-6-4-5-5-6-6-6-6	7-5-3-6-6-6-6-5-6-5-5-5	6-6-2-5-5-7-3-5-5-5-2-4	6-4-6-5-5-6-4-5-3-6-5-6	5-5-1-6-5-5-3-3-7-6-4-5	5-5-4-0-3-4-4-4-4-5-6-6	3-5-6-6-4-3-6-4-5-4-5-5
468	7	7-6-4-5-7-6-6-7-6-6-5-4	4-7-7-5-7-6-5-7-7-7-6-5	4-7-7-5-7-5-6-7-6-7-7-7	6-7-6-7-7-7-6-7-7-7-7-4	5-4-7-7-6-7-6-7-7-7-5-7	7-7-6-7-7-7-7-7-7-7-7-7	5-7-7-7-5-7-7-7-7-5-5-7	7-7-5-5-7-6-7-5-5-5-4-6	4-7-7-5-5-7-4-4-7-5-5-2	5-4-7-7-7-1-7-6-6-7-4-7	4-5-7-3-5-6-4-4-4-6-7-7	7-6-4-1-4-7-7-4-7-7-2-7
469	0	0-0-0-0-0-0-0-0-0-0-0-0	0-0-0-0-0-0-0-0-0-0-0-0	0-0-0-0-0-0-0-0-0-0-0-0	0-0-0-0-0-0-0-0-0-0-0-0	0-0-0-0-0-0-0-0-0-0-0-0	0-0-0-0-0-0-0-0-0-0-0-0	0-0-0-0-0-0-0-0-0-0-0-0	0-0-0-0-0-0-0-0-0-0-0-0	0-0-0-0-0-0-0-0-0-0-0-0	0-0-0-0-0-0-0-0-0-0-0-0	0-0-0-0-0-0-0-0-0-0-0-0	0-0-0-0-0-0-0-0-0-0-0-0
469	1	1-1-0-1-1-1-1-1-1-0-1-1	0-2-1-0-0-0-0-2-0-0-0-0	2-0-0-0-1-0-2-0-0-2-2-1	0-1-2-0-0-0-0-0-2-2-2-0	1-0-0-0-0-2-2-0-1-0-0-0	0-0-0-0-0-0-2-0-4-1-1-0	0-1-2-0-2-1-0-2-1-1-0-1	1-1-0-0-1-0-0-0-0-1-2-0	0-0-0-0-1-0-0-2-2-1-0-1	0-0-1-0-1-0-4-1-0-0-0-1	2-1-1-6-4-0-0-0-0-0-0-1	2-1-0-4-2-1-2-0-0-0-0-1
469	2	2-1-2-2-1-2-2-2-2-2-2-3	2-1-1-4-2-2-0-1-0-0-0-3	3-4-0-3-5-3-3-3-0-3-1-2	3-3-3-2-5-3-3-2-3-1-1-0	2-0-2-3-0-1-3-3-3-5-8-2	3-4-3-0-2-3-3-3-1-0-3-3	3-2-1-0-3-0-3-1-2-1-3-3	4-2-3-3-4-3-5-4-8-1-3-0	2-0-3-4-4-3-0-3-1-2-2-2	0-4-1-1-3-2-1-4-3-0-0-2	1-2-0-1-3-3-1-2-0-2-3-2	1-3-4-5-1-2-3-0-2-2-3-4
469	3	3-4-2-4-3-3-3-3-3-3-3-2	2-4-4-2-2-3-0-4-4-3-2-2	2-2-5-2-2-2-4-5-2-2-4-2	2-2-4-2-2-2-3-2-2-3-3-0	2-0-2-2-0-3-4-2-2-3-0-2	2-2-4-4-3-2-4-2-3-3-7-3	4-3-1-0-2-3-2-2-3-5-2-2	3-4-2-2-2-4-6-2-2-3-4-0	3-0-2-2-3-2-8-2-1-8-2-3	0-2-1-5-2-6-0-4-2-0-8-2	4-2-6-4-2-2-0-3-8-2-2-1	7-2-2-2-2-4-2-0-2-5-2-0
469	4	4-3-4-6-4-3-4-5-4-4-4-5	5-3-3-2-2-3-5-7-5-5-6-6	7-5-7-6-4-5-5-6-6-2-3-4	5-6-5-5-2-5-5-4-3-3-3-5	2-5-4-7-6-3-5-5-7-4-7-5	5-5-3-7-6-8-5-2-1-3-3-4	3-3-4-5-5-4-4-5-6-3-5-2	6-3-6-5-2-6-3-2-5-4-5-7	6-5-6-2-2-6-5-5-5-5-4-4	5-2-1-4-6-3-1-3-6-5-5-2	6-2-7-3-8-8-6-6-6-5-5-4	3-2-2-1-6-4-2-5-4-7-3-2
469	5	5-5-4-5-6-3-5-5-5-4-4-4	4-6-6-4-5-4-4-6-4-5-4-4	4-4-6-5-2-8-6-6-6-7-6-4	4-4-4-4-2-4-4-2-6-7-6-4	5-4-7-4-4-5-6-4-6-7-4-4	4-4-6-5-4-4-6-5-5-5-5-5	7-6-1-4-4-5-6-6-5-5-4-2	5-5-4-4-5-4-7-6-4-5-4-4	5-4-4-2-5-4-4-4-6-4-2-2	4-2-1-4-4-3-1-5-4-4-4-2	4-6-7-4-8-2-4-4-4-4-4-5	3-4-4-2-4-7-7-4-4-3-5-6
469	6	6-8-8-6-5-3-6-7-8-6-6-7	6-5-5-7-7-3-7-7-7-5-4-7	6-4-5-4-7-2-7-4-7-6-5-7	7-4-4-7-7-7-5-7-7-5-7-4	7-4-1-4-4-7-7-7-5-6-4-7	7-4-7-5-4-4-7-7-5-6-3-7	7-5-5-4-4-6-5-7-5-6-7-6	4-6-4-7-7-4-8-7-4-4-7-4	4-4-7-6-7-4-4-7-5-6-7-2	4-7-1-3-4-7-7-1-4-4-7-6	4-2-3-1-7-4-4-4-4-7-6-6	3-7-6-7-4-0-6-4-7-4-7-7
469	7	6-8-6-6-5-8-8-6-8-7-6-8	8-5-5-6-6-7-6-6-6-7-6-8	4-6-4-8-6-6-6-7-6-5-7-6	6-4-7-6-6-6-8-6-6-5-6-4	6-4-5-4-4-6-6-6-4-7-4-6	8-7-6-8-7-4-6-6-7-7-3-7	8-3-1-7-7-7-5-6-7-7-6-6	7-6-4-6-6-4-5-6-7-5-6-4	4-7-6-7-6-4-7-6-5-7-6-6	4-6-7-8-6-6-6-8-4-4-7-6	6-7-5-8-7-7-7-4-6-7-7-7	3-6-7-6-7-7-5-4-6-4-6-6
469	8	8-7-8-6-8-7-7-8-6-6-6-7	7-8-8-6-8-8-6-8-8-8-7-7	8-8-8-7-8-8-8-7-8-8-7-8	7-8-8-8-8-8-7-8-7-8-8-4	6-4-8-8-8-8-7-8-8-8-2-6	7-8-8-7-8-4-8-8-8-8-8-7	7-8-8-7-7-8-8-8-8-8-4-8	8-7-2-7-8-8-6-6-2-4-6-8	4-8-8-7-6-8-8-4-8-3-6-6	4-8-8-8-8-6-8-7-7-8-8-8	6-8-8-8-4-4-7-4-8-7-8-8	8-7-7-1-7-8-8-4-8-8-6-8
470	0	0-0-0-0-0-0-0-0-0-0-0-0	0-0-0-0-0-0-0-0-0-0-0-0	0-0-0-0-0-0-0-0-0-0-0-0	0-0-0-0-0-0-0-0-0-0-0-0	0-0-0-0-0-0-0-0-0-0-0-0	0-0-0-0-0-0-0-0-0-0-0-0	0-0-0-0-0-0-0-0-0-0-0-0	0-0-0-0-0-0-0-0-0-0-0-0	0-0-0-0-0-0-0-0-0-0-0-0	0-0-0-0-0-0-0-0-0-0-0-0	0-0-0-0-0-0-0-0-0-0-0-0	0-0-0-0-0-0-0-0-0-0-0-0
470	1	1-1-1-3-1-0-1-3-1-1-1-1	2-0-0-2-0-1-1-0-0-2-2-2	0-2-3-0-2-2-2-0-0-2-0-0	2-0-1-3-3-2-0-2-3-3-0-2	3-1-2-2-0-0-2-2-0-2-3-3	2-2-3-3-0-2-2-0-0-0-0-2	0-2-0-1-2-0-0-2-1-0-0-0	0-2-3-2-0-0-0-3-2-0-1-0	0-1-0-2-1-2-1-1-0-1-1-2	2-2-0-0-0-0-2-1-2-0-0-0	1-0-1-0-2-1-1-1-1-1-2-1	1-2-1-1-0-1-2-1-1-2-1-1
470	2	2-2-2-2-2-2-2-2-2-2-2-2	1-3-3-1-0-4-1-3-3-1-1-3	2-1-1-0-1-1-3-2-0-1-3-2	1-1-3-1-1-1-3-1-1-1-3-1	1-4-1-1-1-3-3-1-3-1-1-1	1-1-1-2-2-1-3-0-4-2-0-1	0-1-9-3-1-0-3-1-2-5-3-0	2-1-0-1-0-0-3-5-1-0-3-0	2-2-0-1-2-1-3-1-0-2-1-1	1-1-0-2-3-3-1-2-1-0-0-0	3-2-3-8-3-0-1-3-0-1-1-2	1-1-1-3-0-1-1-0-1-1-0-3
470	3	3-2-3-5-3-2-3-3-3-3-3-5	3-2-2-3-0-3-4-4-4-2-1-4	4-3-4-4-3-4-2-4-4-4-2-3	4-4-4-1-1-1-2-6-1-1-4-6	1-3-6-1-8-2-4-4-2-3-1-1	4-6-1-1-4-4-2-0-3-0-0-4	5-6-2-4-4-6-2-2-3-4-2-4	2-1-5-3-3-4-2-1-3-3-2-3	3-4-4-7-1-4-4-3-0-3-3-3	3-3-3-4-2-2-1-2-4-4-3-3	8-3-2-2-2-3-4-4-8-1-3-3	8-1-3-8-2-3-3-3-3-2-3-2
470	4	4-2-4-7-5-4-4-4-4-3-5-5	4-2-2-5-0-3-5-3-5-5-5-3	3-5-3-6-5-3-5-5-6-5-3-5	5-3-5-5-5-5-5-5-4-3-4-3	5-2-0-1-3-5-5-5-3-6-4-5	5-3-5-8-4-3-5-5-2-4-0-3	10-6-6-3-5-4-6-5-4-4-4-5	2-4-9-5-4-3-2-5-5-3-9-3	3-3-3-5-6-3-3-3-0-6-5-4	5-1-3-3-5-5-5-0-5-3-3-4	3-4-4-2-9-5-3-3-0-4-5-3	3-5-3-3-7-5-5-3-4-5-4-6
470	5	4-6-4-3-5-5-5-5-5-3-4-4	4-6-6-4-5-6-4-4-4-6-4-4	3-4-3-4-4-4-6-6-4-4-6-4	4-3-4-4-4-4-6-4-6-6-6-3	4-7-6-1-3-4-6-4-6-4-4-4	4-3-6-4-5-3-6-4-5-5-8-5	3-4-5-6-4-5-8-4-5-2-6-4	5-4-4-4-4-3-8-4-4-5-3-5	5-3-4-4-5-1-6-6-3-5-4-8	4-6-5-8-4-6-4-8-4-5-3-5	4-5-8-5-1-4-3-3-9-4-4-5	3-4-3-2-0-4-4-3-8-4-8-5
470	6	8-5-6-7-5-5-6-6-6-6-7-7	6-5-5-6-7-5-4-4-5-5-7-7	9-4-9-4-6-7-5-5-4-7-5-5	6-6-7-7-4-7-5-3-5-5-5-3	4-8-5-6-7-5-5-7-5-6-6-7	7-3-5-6-6-3-5-4-5-5-0-4	5-4-4-5-6-3-4-7-6-2-5-5	8-4-8-4-4-7-5-0-6-6-7-8	8-8-6-4-4-6-5-5-3-6-4-5	8-10-3-7-8-5-6-5-7-8-8-4	2-4-3-4-6-8-8-8-8-4-4-6	6-4-6-0-8-8-4-8-8-8-3-4
470	7	7-7-8-6-8-8-10-9-8-10-8-10	9-8-8-6-9-8-8-8-8-8-8-8	5-7-7-8-8-8-8-9-8-8-8-8	8-6-8-9-4-6-8-8-8-9-7-6	9-9-7-9-7-7-8-7-7-7-9-7	7-3-8-6-8-9-7-8-8-7-0-7	10-8-7-5-7-7-5-8-7-9-10-7	7-4-4-7-4-6-7-7-3-9-6-6	7-6-10-7-9-9-7-7-9-9-4-9	7-8-8-9-8-8-8-7-6-6-6-8	2-8-8-10-10-10-6-10-10-7-8-8	3-8-7-7-7-9-9-9-7-8-7-10
470	8	10-10-7-9-7-7-7-7-7-7-7-9	7-7-7-8-7-7-7-7-7-7-9-7	3-9-7-7-9-7-9-7-7-7-7-7	7-6-7-7-9-9-7-9-7-7-9-6	9-6-10-9-3-8-9-8-7-7-7-9	7-3-7-4-7-7-9-7-7-5-5-9	7-7-7-5-7-8-5-7-7-8-9-8	6-9-6-9-9-3-5-9-10-6-9-6	6-6-6-9-9-7-3-9-7-7-9-5	6-6-7-7-9-9-7-5-6-6-6-7	3-7-7-2-7-6-6-6-6-9-7-7	3-7-7-3-6-7-7-6-6-7-9-7
470	9	7-10-7-8-7-7-7-7-7-7-7-8	7-7-7-8-7-7-8-8-7-7-8-7	6-8-7-7-8-7-8-7-8-7-9-8	9-9-9-7-8-8-10-8-8-7-8-3	8-7-8-7-9-8-8-9-9-9-7-8	6-3-8-4-9-7-8-7-9-9-0-8	10-7-2-10-10-9-9-8-9-7-8-7	6-8-4-8-8-3-5-8-9-7-8-6	9-6-7-8-8-7-9-9-7-7-8-7	9-8-9-7-9-8-9-5-10-9-9-10	8-7-8-2-9-7-6-6-7-9-7-9	3-9-7-9-8-7-7-7-8-8-8-7
470	10	10-9-8-8-7-9-7-10-7-7-7-7	7-7-10-8-10-7-9-10-10-10-9-7	6-10-10-7-10-7-9-7-7-10-7-10	8-10-7-10-10-10-9-10-7-10-10-6	8-6-10-10-10-10-9-10-10-10-7-8	7-10-10-9-10-7-10-10-10-10-10-10	7-10-10-9-9-10-10-8-10-10-7-7	10-10-4-9-10-9-8-8-9-7-7-7	9-9-7-9-8-10-6-9-7-7-8-8	9-6-10-7-10-8-8-9-9-10-7-10	2-7-7-7-7-7-7-6-7-9-10-9	9-9-7-7-9-10-10-7-10-10-9-7
471	0	0-0-0-0-0-0-0-0-0-0-0-0	0-0-0-0-0-0-0-0-0-0-0-0	0-0-0-0-0-0-0-0-0-0-0-0	0-0-0-0-0-0-0-0-0-0-0-0	0-0-0-0-0-0-0-0-0-0-0-0	0-0-0-0-0-0-0-0-0-0-0-0	0-0-0-0-0-0-0-0-0-0-0-0	0-0-0-0-0-0-0-0-0-0-0-0	0-0-0-0-0-0-0-0-0-0-0-0	0-0-0-0-0-0-0-0-0-0-0-0	0-0-0-0-0-0-0-0-0-0-0-0	0-0-0-0-0-0-0-0-0-0-0-0
471	1	1-1-1-1-1-0-1-1-1-1-1-1	1-0-0-1-0-1-0-2-0-1-0-0	5-3-0-1-2-1-2-0-0-2-0-2	2-0-0-3-2-2-0-1-1-1-1-0	1-0-0-0-0-1-2-2-1-0-0-2	1-1-2-0-1-2-2-1-1-1-1-3	1-2-1-0-2-1-2-2-1-1-2-2	1-1-1-2-2-1-1-1-1-0-0-0	1-0-2-2-3-1-0-2-0-1-1-2	0-2-1-0-2-1-2-1-2-0-0-1	0-1-0-1-0-2-0-0-0-1-2-0	0-1-1-0-0-1-2-0-1-1-1-1
471	2	3-3-1-2-2-2-2-2-2-2-2-3	2-3-3-1-0-3-0-3-3-2-0-3	1-2-4-1-1-1-3-3-3-3-3-1	1-3-3-1-1-1-2-1-3-2-3-0	1-0-0-2-1-1-3-1-2-2-0-1	1-1-3-0-2-1-3-1-2-2-6-2	1-1-2-2-1-2-3-1-2-4-1-3	2-3-6-3-3-3-5-3-1-2-5-3	2-0-3-1-2-1-6-1-3-2-2-1	0-1-2-6-1-1-1-5-1-3-0-1	6-1-7-2-6-1-3-0-0-3-1-2	0-1-1-3-0-1-1-0-1-2-5-1
471	3	2-2-4-2-3-4-3-3-3-3-3-4	3-2-2-1-4-3-4-2-4-2-4-4	6-5-6-1-3-5-4-2-2-2-2-3	4-4-4-4-1-4-4-1-2-2-2-4	5-6-3-3-4-2-4-4-3-3-3-7	4-4-2-3-5-1-4-1-2-2-2-4	3-1-2-4-4-3-2-4-1-1-0-2	3-2-5-2-2-4-4-2-1-5-3-6	5-0-2-1-1-3-5-5-5-3-2-3	4-1-3-2-4-1-2-2-4-2-0-1	5-1-6-3-3-4-5-7-7-2-4-5	3-1-4-2-3-5-1-5-7-2-2-1
471	4	4-4-3-4-4-5-4-4-4-4-4-3	3-5-5-1-3-5-3-5-3-5-3-3	1-3-3-3-1-6-5-6-5-5-5-6	3-3-3-3-1-3-3-1-5-6-5-3	1-3-3-3-3-5-5-3-5-3-3-1	5-3-2-3-3-1-5-1-4-4-2-3	3-4-4-3-3-4-3-5-4-2-7-6	4-1-3-2-4-3-3-2-1-4-3-3	4-0-6-1-4-2-3-3-2-4-2-5	3-1-4-5-3-1-5-4-3-3-0-1	3-1-3-4-0-3-3-3-3-1-3-4	6-1-3-2-3-3-1-3-3-3-2-4
471	5	6-5-6-5-4-4-5-6-6-5-5-4	6-4-4-1-6-5-6-4-6-4-6-6	1-6-6-1-6-3-6-3-6-3-4-4	6-3-7-6-6-6-4-6-6-4-6-3	6-4-6-5-5-6-6-6-4-7-6-6	4-4-6-5-3-1-6-6-4-2-2-6	2-4-4-3-4-6-3-6-5-5-6-4	3-6-3-6-6-3-7-6-1-3-6-3	3-0-7-6-6-3-3-3-3-5-6-4	7-6-3-4-6-1-6-2-7-3-0-1	3-1-2-2-6-3-3-0-0-6-4-3	3-6-5-6-6-3-6-3-6-2-2-6
471	6	5-7-5-7-5-7-7-7-7-6-6-7	5-4-4-5-6-5-5-7-7-4-5-7	3-5-7-1-5-4-5-4-5-6-6-4	5-6-6-5-5-5-7-5-5-4-5-7	5-3-5-5-6-5-7-5-6-6-5-5	7-4-5-7-6-7-5-5-4-6-2-5	7-4-6-3-7-6-6-7-6-6-5-4	6-5-2-5-5-4-7-5-6-3-5-3	6-6-4-5-5-3-6-5-3-6-5-5	6-6-6-2-6-1-5-2-7-5-6-1	5-6-3-6-5-7-6-6-6-5-4-6	4-5-7-6-5-5-5-3-5-3-5-5
471	7	7-6-5-6-7-6-6-7-6-5-5-6	6-7-7-5-7-7-5-7-6-7-6-6	7-7-7-6-7-7-7-6-7-7-6-7	5-7-7-7-7-7-6-7-6-7-7-6	5-7-7-7-7-7-6-7-7-7-5-5	6-7-7-6-7-7-7-7-7-7-7-5	6-7-7-7-6-7-7-6-7-7-4-7	7-7-7-7-7-7-5-5-1-3-5-3	6-7-7-7-1-7-7-3-7-5-5-5	5-7-4-7-7-1-7-7-5-7-6-7	3-1-2-7-5-7-6-3-3-5-7-7	7-6-6-2-3-7-7-3-3-7-5-1
472	0	0-0-0-0-0-0-0-0-0-0-0-0	0-0-0-0-0-0-0-0-0-0-0-0	0-0-0-0-0-0-0-0-0-0-0-0	0-0-0-0-0-0-0-0-0-0-0-0	0-0-0-0-0-0-0-0-0-0-0-0	0-0-0-0-0-0-0-0-0-0-0-0	0-0-0-0-0-0-0-0-0-0-0-0	0-0-0-0-0-0-0-0-0-0-0-0	0-0-0-0-0-0-0-0-0-0-0-0	0-0-0-0-0-0-0-0-0-0-0-0	0-0-0-0-0-0-0-0-0-0-0-0	0-0-0-0-0-0-0-0-0-0-0-0
472	1	1-1-1-2-1-1-1-2-1-1-2-2	2-2-1-1-2-2-2-2-2-1-2-1	1-2-1-2-2-2-2-2-2-2-3-2	2-1-2-2-1-0-2-2-2-2-1-1	2-1-1-2-1-1-2-1-1-2-4-2	2-4-2-0-2-2-1-2-2-1-4-2	1-2-1-1-2-1-0-2-1-2-1-1	1-1-1-1-1-2-2-1-1-2-3-3	1-1-2-1-2-2-1-1-2-1-1-0	7-1-1-2-1-1-2-2-2-3-2-1	1-2-4-1-1-1-1-1-1-1-2-1	2-1-1-2-1-4-1-1-4-4-4-1
472	2	1-1-1-1-1-1-1-1-1-1-1-1	1-1-1-3-1-1-3-1-1-1-3-1	1-3-3-1-1-1-1-1-1-1-1-3	3-3-1-3-3-3-1-5-1-1-2-1	1-1-1-5-0-2-3-3-1-1-3-3	1-1-4-2-2-3-3-1-1-2-0-4	2-1-1-0-3-2-3-3-1-1-5-3	1-4-7-3-5-1-1-6-2-1-1-1	0-0-1-3-4-2-1-3-1-1-5-3	3-5-0-1-3-4-3-1-3-0-1-4	0-1-0-1-1-1-0-0-1-3-1-1	1-3-4-1-0-1-3-0-0-0-2-7
472	3	3-3-2-3-1-3-1-1-1-1-2-2	2-4-3-2-1-1-2-4-2-1-2-2	1-2-2-2-1-1-4-6-1-2-4-2	2-2-4-2-2-2-1-2-5-4-3-0	2-0-6-2-3-2-4-2-4-3-2-2	1-1-2-2-3-2-4-2-1-3-6-2	1-1-1-4-2-3-4-4-1-3-2-2	1-2-2-2-2-1-7-1-2-4-1-1	2-0-4-2-3-2-1-2-1-3-2-5	2-2-3-4-2-1-2-4-2-1-4-3	0-1-3-3-6-0-0-5-1-2-4-3	3-2-2-1-0-2-2-3-0-1-1-1
472	4	6-3-2-2-1-4-1-6-1-1-4-2	6-3-3-2-1-1-5-6-5-5-6-5	7-5-5-1-4-5-5-5-1-5-3-5	5-5-6-2-2-5-5-2-3-3-3-5	2-5-3-7-5-4-5-5-3-6-1-2	5-5-2-2-6-7-3-5-6-1-1-5	1-3-1-5-5-4-3-5-1-1-4-6	1-2-2-5-2-5-3-5-5-4-5-6	8-5-5-5-5-6-6-5-1-5-2-1	5-5-4-3-3-2-3-3-5-5-5-2	5-1-1-1-3-6-5-6-5-5-3-4	4-2-5-5-5-1-2-6-5-1-1-1
472	5	5-7-2-8-5-4-5-1-5-1-4-4	4-7-6-2-7-1-4-4-4-4-4-6	1-4-4-1-1-4-4-7-7-7-6-4	4-4-4-7-2-4-8-2-6-7-3-4	2-4-4-2-4-5-6-4-6-5-1-2	4-4-3-4-5-2-6-4-5-5-3-5	7-2-7-4-4-5-6-4-5-5-2-1	1-2-2-4-2-4-3-4-4-5-4-4	1-4-4-4-4-2-4-4-1-4-2-3	4-4-5-6-4-4-3-5-4-4-4-2	4-1-1-3-3-4-4-4-4-4-4-4	4-4-4-4-4-2-2-4-4-1-5-1
472	6	8-5-8-8-7-7-7-6-8-6-6-7	4-5-5-7-5-1-7-4-4-4-4-7	6-7-7-7-7-7-7-4-5-6-5-7	7-4-7-7-7-7-5-6-5-5-7-0	7-4-7-7-4-7-7-7-5-4-7-7	6-7-7-7-4-1-7-7-4-5-3-7	7-1-5-6-4-7-5-7-6-5-7-7	4-7-2-7-7-4-3-7-4-4-7-4	4-4-7-7-7-4-4-7-1-7-7-8	8-7-6-5-7-4-7-3-4-4-7-4	7-1-1-3-3-4-4-4-4-7-3-6	4-7-6-7-7-4-7-4-7-7-7-5
472	7	6-8-6-6-6-8-8-8-8-6-6-8	4-5-5-6-7-1-6-4-8-4-4-8	8-6-6-6-6-6-6-5-5-5-6-6	6-7-7-6-6-6-8-6-6-5-6-8	6-4-6-6-7-6-8-6-7-7-6-6	8-6-6-6-7-8-6-6-7-5-3-6	8-1-5-7-7-7-5-6-7-5-6-6	7-6-2-6-6-7-3-6-4-1-6-4	7-7-6-6-6-1-7-6-1-6-6-2	8-6-7-4-6-2-6-8-8-6-7-2	6-7-8-3-3-8-7-6-4-6-7-7	1-8-6-6-6-7-6-4-6-6-6-2
472	8	8-7-6-6-8-7-7-8-6-6-6-7	4-8-8-6-8-8-7-8-8-8-4-7	8-8-8-6-8-8-8-7-8-8-7-8	7-8-8-8-8-8-7-8-7-8-8-7	6-4-8-8-8-8-7-8-8-8-6-6	7-7-8-7-8-7-7-8-8-8-8-7	7-8-8-8-7-8-8-8-8-8-7-6	8-8-8-6-8-8-8-6-6-1-1-4	4-7-8-7-2-8-8-6-8-8-6-5	6-4-8-8-8-2-6-7-7-8-3-8	4-1-8-3-6-7-7-4-1-8-8-8	8-7-7-1-0-8-8-4-8-8-2-1
473	0	0-0-0-0-0-0-0-0-0-0-0-0	0-0-0-0-0-0-0-0-0-0-0-0	0-0-0-0-0-0-0-0-0-0-0-0	0-0-0-0-0-0-0-0-0-0-0-0	0-0-0-0-0-0-0-0-0-0-0-0	0-0-0-0-0-0-0-0-0-0-0-0	0-0-0-0-0-0-0-0-0-0-0-0	0-0-0-0-0-0-0-0-0-0-0-0	0-0-0-0-0-0-0-0-0-0-0-0	0-0-0-0-0-0-0-0-0-0-0-0	0-0-0-0-0-0-0-0-0-0-0-0	0-0-0-0-0-0-0-0-0-0-0-0
473	1	1-1-1-1-1-1-1-1-1-1-1-1	0-2-1-0-0-1-0-2-2-1-0-2	1-0-0-1-0-0-2-0-0-1-2-2	0-0-0-0-0-0-1-0-2-3-2-1	1-0-0-0-0-2-2-0-2-0-0-1	0-0-2-0-0-0-2-0-2-1-4-0	2-1-1-0-0-0-0-2-1-1-2-0	1-1-0-0-1-0-2-0-0-2-0-0	0-1-0-0-1-0-0-0-2-1-0-0	0-0-3-2-0-0-2-1-0-0-0-1	0-8-8-0-7-0-0-4-4-0-0-1	2-1-0-4-0-1-8-2-0-2-0-0
473	2	2-2-2-2-1-1-2-1-2-2-2-2	2-1-1-3-0-1-0-1-1-2-3-1	0-3-3-3-3-3-3-2-0-3-1-3	3-0-3-3-3-3-3-2-3-1-1-2	3-0-2-3-0-1-3-3-1-0-2-3	3-3-3-0-2-3-3-4-1-2-0-4	1-3-1-2-3-0-4-3-4-1-3-3	1-2-2-3-2-0-1-8-2-1-3-0	2-2-3-3-4-3-0-3-3-2-2-2	2-2-0-1-3-3-1-2-3-0-0-2	3-2-1-2-3-8-0-1-1-2-2-2	1-3-2-3-0-2-2-1-3-1-3-4
473	3	4-3-3-3-3-3-3-3-3-3-3-3	2-4-4-2-6-4-2-4-4-2-2-3	3-2-5-2-2-2-4-5-4-2-4-4	2-2-2-2-2-2-2-2-2-5-4-1	2-0-2-2-2-3-4-2-2-3-2-2	2-2-5-0-5-2-2-2-3-3-5-3	3-2-4-5-2-3-2-2-3-1-2-2	6-2-2-2-2-4-5-2-3-3-2-0	3-3-2-2-3-2-7-2-2-3-2-2	2-2-1-2-4-2-2-8-2-4-3-2	2-0-2-5-8-0-3-1-0-2-2-3	3-2-2-2-0-7-2-3-2-4-3-2
473	4	3-3-5-4-3-3-4-4-4-4-4-3	4-3-3-4-5-3-4-3-6-4-5-5	7-5-5-2-4-2-3-6-3-5-3-3	5-4-7-5-2-2-5-2-3-6-3-5	2-5-2-2-5-3-5-5-5-4-4-8	1-2-3-4-2-5-3-2-1-3-1-5	4-2-3-2-5-0-2-5-2-1-4-3	3-3-6-2-2-6-4-4-2-4-4-7	5-6-3-2-2-4-4-5-7-4-2-2	5-8-0-8-5-2-0-4-5-6-5-2	5-1-4-8-5-5-5-6-6-4-5-2	4-2-4-1-6-6-2-5-6-3-4-2
473	5	6-5-6-8-6-4-5-7-5-5-5-6	6-3-3-7-4-4-7-7-6-6-6-4	5-6-6-2-7-6-6-3-3-7-6-6	6-4-6-7-7-7-4-7-6-6-5-7	7-4-7-7-7-5-6-6-4-5-7-7	6-7-6-5-3-4-6-6-3-5-3-7	5-6-3-5-6-5-4-6-3-1-7-5	3-5-2-6-7-4-8-7-5-2-5-4	4-4-6-6-7-4-4-6-4-5-5-4	4-7-0-4-4-7-6-5-4-4-4-6	4-6-5-3-4-4-4-4-4-7-6-5	4-7-2-7-4-4-6-4-4-5-5-6
473	6	5-8-5-5-5-6-6-6-5-5-5-5	5-7-7-5-7-7-4-5-5-5-5-5	4-5-5-5-5-5-7-4-5-5-7-5	5-4-4-5-5-5-7-5-5-7-5-5	5-4-5-6-5-7-7-5-7-6-5-5	5-7-5-5-6-4-5-5-6-6-7-6	7-5-7-6-5-7-7-5-6-7-5-7	3-5-4-5-5-4-7-7-6-6-5-4	4-4-5-5-6-6-7-5-6-5-5-3	4-5-6-7-7-5-7-7-5-4-4-5	4-5-7-4-4-4-4-4-4-5-5-6	3-5-4-5-4-4-5-4-4-6-7-5
473	7	5-6-5-5-5-8-8-5-8-8-5-8	5-6-6-5-7-6-5-5-8-7-5-8	4-5-5-8-5-5-6-8-5-5-6-5	5-4-4-5-5-5-8-5-5-6-6-8	5-4-5-5-5-6-6-5-6-7-5-5	5-6-5-8-7-8-5-5-7-7-6-5	8-5-6-7-8-7-7-6-7-6-5-6	7-5-2-6-5-4-8-6-5-6-5-4	7-7-5-5-5-4-6-5-8-7-5-2	4-5-7-6-6-5-6-6-8-6-7-2	6-7-6-3-3-7-4-4-1-5-7-7	6-5-7-5-7-3-5-4-6-7-6-2
473	8	8-6-5-5-8-7-7-8-7-7-5-7	7-6-8-5-8-8-5-5-8-8-5-7	8-8-8-8-8-8-8-7-8-8-7-8	7-8-8-8-8-8-7-8-7-8-8-7	5-4-8-8-8-8-7-8-8-8-5-8	5-2-8-7-8-7-7-8-8-8-8-7	7-8-8-8-8-8-7-7-8-8-5-8	8-8-8-7-8-8-7-2-5-4-7-4	5-8-8-7-5-8-8-5-7-8-8-8	4-4-8-8-8-2-8-8-7-8-8-8	4-8-1-4-3-2-4-4-4-7-8-8	8-7-8-8-0-8-8-8-8-8-3-8
474	0	0-0-0-0-0-0-0-0-0-0-0-0	0-0-0-0-0-0-0-0-0-0-0-0	0-0-0-0-0-0-0-0-0-0-0-0	0-0-0-0-0-0-0-0-0-0-0-0	0-0-0-0-0-0-0-0-0-0-0-0	0-0-0-0-0-0-0-0-0-0-0-0	0-0-0-0-0-0-0-0-0-0-0-0	0-0-0-0-0-0-0-0-0-0-0-0	0-0-0-0-0-0-0-0-0-0-0-0	0-0-0-0-0-0-0-0-0-0-0-0	0-0-0-0-0-0-0-0-0-0-0-0	0-0-0-0-0-0-0-0-0-0-0-0
474	1	1-1-1-3-1-0-1-3-1-1-1-4	2-0-0-2-0-1-1-2-0-1-2-2	0-2-3-0-2-0-2-0-0-1-2-2	2-2-1-3-2-2-0-3-2-2-3-1	3-1-3-2-0-0-2-2-0-0-3-2	2-2-3-1-0-1-2-0-0-0-0-0	0-1-0-1-0-0-0-2-1-0-0-0	0-2-0-2-0-0-0-3-1-0-1-0	0-1-0-2-1-6-1-2-0-1-1-2	2-2-0-0-0-0-2-1-2-0-0-0	1-0-1-0-2-1-1-1-1-1-2-1	1-2-1-1-0-1-2-1-1-1-1-1
474	2	2-2-2-2-2-2-2-2-2-2-2-2	1-3-3-1-0-2-1-1-3-1-1-1	2-1-1-3-1-3-3-3-0-3-3-1	1-1-2-1-1-1-3-1-1-1-0-1	0-2-0-1-0-3-3-1-3-2-1-1	1-1-1-3-2-1-3-0-2-2-0-2	0-1-2-2-0-2-3-1-0-5-2-0	3-1-0-1-0-0-3-2-1-0-1-2	2-0-0-1-2-1-1-1-0-2-0-1	1-1-0-2-3-0-1-2-1-0-0-2	2-3-9-3-1-3-1-0-0-1-1-1	1-1-1-2-0-2-1-2-1-2-2-2
474	3	3-3-3-3-2-2-2-3-3-3-3-3	1-2-2-1-0-3-3-1-4-2-4-2	7-4-5-3-1-4-2-2-1-4-2-1	4-5-4-1-1-4-2-1-1-1-1-6	1-7-7-1-5-2-2-4-2-3-1-1	4-7-1-2-2-1-2-4-0-0-0-3	7-1-0-7-4-3-2-2-0-2-7-0	2-0-6-4-0-5-2-1-3-3-3-2	3-3-3-1-1-0-3-3-2-3-3-3	3-8-3-3-2-0-1-2-5-4-7-3	6-3-2-2-6-2-6-7-7-1-3-3	9-1-3-5-3-1-3-3-1-2-3-2
474	4	5-4-5-5-4-5-6-5-6-5-5-6	5-5-5-5-5-5-3-5-5-5-5-5	6-3-7-5-5-5-5-5-5-5-6-5	5-4-5-5-5-3-5-7-5-5-4-3	5-6-10-1-3-4-5-4-5-8-8-4	5-3-5-7-5-5-4-5-5-4-5-5	3-4-4-3-5-4-4-5-4-8-9-7	4-4-9-3-4-3-4-6-6-5-5-6	4-6-5-4-7-10-9-5-5-5-5-5	9-3-7-5-5-6-5-4-3-5-5-4	9-11-6-5-9-7-8-3-9-9-5-8	5-5-5-3-9-5-10-9-4-5-4-7
474	5	4-4-4-4-4-4-4-4-4-4-4-4	4-4-4-6-4-4-6-4-4-4-6-4	4-7-8-4-4-4-6-4-4-4-4-6	6-3-4-6-7-7-4-4-4-4-9-3	7-4-11-6-3-6-6-6-4-4-7-7	4-11-6-5-5-7-6-5-4-5-4-7	6-7-4-3-6-5-4-6-4-2-6-6	4-7-10-6-6-3-4-8-6-3-4-4	4-3-4-6-8-4-4-6-4-4-6-4	6-6-4-4-6-4-6-4-6-4-4-8	7-4-4-4-4-4-4-3-3-7-4-8	4-6-4-3-4-4-8-4-5-5-11-8
474	6	4-4-4-4-4-4-4-4-4-4-4-4	4-8-7-5-4-4-5-7-4-4-5-5	4-5-5-4-5-4-7-8-4-5-7-5	5-5-7-5-5-5-4-5-7-10-7-3	5-4-3-5-4-7-7-5-4-4-4-5	4-3-7-5-6-5-5-7-4-6-7-6	5-5-4-3-5-6-4-5-4-9-5-5	4-5-5-7-5-3-4-4-5-8-4-4	4-4-4-5-4-4-3-5-4-6-5-7	4-7-4-7-5-4-5-4-5-4-3-7	3-4-4-4-3-4-4-3-3-5-4-7	7-5-4-3-4-4-5-4-9-7-7-9
474	7	4-8-4-4-4-4-4-4-4-4-4-4	4-10-9-5-4-4-5-6-4-4-5-6	3-5-5-4-4-4-8-10-4-5-8-10	5-3-8-4-5-5-4-4-6-8-6-3	5-3-3-8-7-6-8-7-9-4-4-5	4-3-6-4-7-5-8-6-7-7-6-5	3-5-8-3-9-7-9-8-7-9-4-4	4-5-5-6-5-3-9-7-5-10-4-4	4-4-8-6-4-4-4-5-9-8-6-6	4-6-4-8-8-4-5-9-6-4-11-5	5-7-8-11-3-4-4-3-3-5-4-6	6-9-4-3-5-4-5-4-1-6-6-4
474	8	10-7-5-4-4-4-4-4-4-4-4-4	4-7-7-5-4-4-8-9-4-4-9-9	8-10-9-9-8-9-7-6-9-7-7-9	9-9-9-5-5-5-9-8-7-7-8-8	4-9-5-7-9-6-9-9-8-4-4-5	4-3-6-5-9-11-7-5-9-7-0-9	3-5-7-8-7-8-7-7-7-4-4-4	8-5-5-6-5-8-7-5-8-7-8-9	9-9-7-5-5-4-3-8-7-7-5-7	8-3-8-7-7-7-6-7-9-8-8-5	8-4-7-4-6-9-4-3-9-5-4-4	8-7-8-8-8-4-5-4-4-4-4-5
474	9	9-7-5-9-7-4-9-10-4-4-10-10	8-7-7-11-10-4-10-10-10-4-8-8	9-8-8-8-10-8-8-8-8-10-7-8	8-8-8-5-10-10-8-4-10-7-10-10	5-8-10-7-8-10-8-8-7-8-4-10	4-11-7-10-8-1-10-5-8-9-0-8	11-10-7-8-7-10-7-8-4-9-10-6	4-5-4-10-10-3-7-10-10-9-10-8	4-8-8-10-10-4-4-10-7-10-10-7	4-10-4-10-8-10-10-7-8-8-8-10	4-7-2-4-4-8-9-3-8-4-4-9	4-7-9-8-4-4-9-4-10-9-10-10
474	10	8-11-9-9-4-11-4-9-11-9-9-9	4-7-4-9-9-4-9-9-9-4-11-9	9-8-8-4-9-10-8-7-9-10-10-7	9-10-10-8-9-9-11-4-9-10-9-9	9-8-9-7-10-9-11-9-10-10-9-9	11-9-9-9-8-8-9-6-10-10-7-9	11-9-7-8-11-9-7-9-10-9-9-7	10-5-5-9-9-3-7-9-9-7-9-10	10-10-11-9-9-4-10-9-4-9-9-4	10-9-4-9-9-9-9-4-11-9-7-9	4-10-4-4-11-10-10-3-9-10-4-10	4-7-9-9-10-4-4-4-9-6-9-9
474	11	11-10-9-9-11-10-4-11-10-4-9-10	4-7-11-9-11-11-9-11-11-11-10-11	11-10-11-5-11-11-10-11-8-11-11-11	10-11-11-11-11-11-10-11-7-11-11-8	4-8-11-11-11-10-10-11-11-11-5-11	10-9-11-8-11-8-11-11-11-11-11-11	9-11-11-10-10-11-11-9-11-11-9-9	11-9-5-11-11-10-11-5-10-7-9-10	10-10-10-11-5-11-11-8-7-4-9-6	9-11-11-11-11-5-9-10-10-11-7-11	7-4-4-4-10-8-10-3-11-4-11-10	10-10-8-4-4-11-11-4-11-11-5-11
475	0	0-0-0-0-0-0-0-0-0-0-0-0	0-0-0-0-0-0-0-0-0-0-0-0	0-0-0-0-0-0-0-0-0-0-0-0	0-0-0-0-0-0-0-0-0-0-0-0	0-0-0-0-0-0-0-0-0-0-0-0	0-0-0-0-0-0-0-0-0-0-0-0	0-0-0-0-0-0-0-0-0-0-0-0	0-0-0-0-0-0-0-0-0-0-0-0	0-0-0-0-0-0-0-0-0-0-0-0	0-0-0-0-0-0-0-0-0-0-0-0	0-0-0-0-0-0-0-0-0-0-0-0	0-0-0-0-0-0-0-0-0-0-0-0
475	1	1-1-1-1-1-1-1-1-1-1-1-1	1-2-1-0-3-2-0-2-2-1-2-1	1-0-1-3-2-2-2-2-2-2-2-2	2-1-2-3-1-1-1-2-2-2-2-1	1-1-1-3-1-1-2-1-2-1-3-1	4-2-2-0-0-0-1-0-2-1-4-1	1-2-1-1-0-1-0-2-1-1-4-1	1-1-1-1-1-0-2-1-1-1-2-1	1-0-0-0-2-1-1-2-2-0-1-2	0-4-2-2-1-1-2-1-0-1-0-1	1-8-0-2-8-1-1-4-4-1-2-1	2-2-1-1-1-1-1-3-4-4-3-1
475	2	1-1-1-1-1-1-2-1-1-1-1-1	3-1-1-4-1-1-3-1-1-1-1-1	1-3-4-1-1-1-1-1-1-1-1-1	3-0-1-1-3-3-3-6-3-1-4-1	5-1-1-5-0-3-3-3-1-2-1-3	1-1-5-2-2-4-3-3-1-1-0-4	1-1-1-0-3-2-2-3-1-2-0-3	1-4-4-3-5-0-8-4-2-0-1-0	0-0-3-4-4-3-0-4-1-2-4-1	0-5-1-1-4-4-3-1-3-4-4-4	0-4-0-1-0-1-0-0-0-3-3-2	1-3-2-2-0-1-4-0-0-2-2-4
475	3	3-3-2-3-4-1-3-3-3-3-2-3	2-4-4-2-1-1-2-4-4-3-2-4	1-2-2-1-2-1-4-1-5-1-4-4	2-0-4-1-2-2-2-1-4-3-2-1	3-0-5-1-3-4-4-2-3-3-1-2	1-0-2-3-3-0-4-2-3-3-6-3	5-1-4-4-2-3-5-2-1-2-0-4	3-2-0-2-2-4-4-2-3-3-0-0	5-0-2-2-0-2-0-2-1-2-2-5	0-0-1-1-2-2-2-3-2-3-0-2	4-0-8-3-5-5-0-4-0-2-2-3	1-2-2-4-0-7-3-1-0-1-6-6
475	4	4-3-5-6-3-4-4-4-4-4-4-5	2-3-3-5-5-1-5-5-5-5-5-5	7-5-7-2-4-3-3-5-5-2-3-5	5-5-5-5-2-5-5-2-3-1-5-8	2-5-3-4-5-3-5-5-4-1-1-4	1-2-2-4-4-6-3-2-1-1-1-2	5-2-3-6-5-6-3-5-4-2-6-3	1-2-6-2-2-6-3-2-6-4-5-5	6-8-6-2-2-1-6-5-1-4-2-4	6-6-4-2-5-2-3-3-6-6-6-2	6-2-5-7-5-6-4-6-6-2-2-4	5-2-4-3-6-6-2-6-5-7-1-2
475	5	5-5-4-4-3-5-5-5-5-5-5-4	2-6-6-4-4-6-4-4-4-4-4-4	4-4-4-1-2-6-6-4-4-6-6-4	4-4-6-4-2-4-4-2-6-7-6-4	2-4-6-2-4-6-6-4-6-5-1-2	7-5-2-4-4-4-6-5-5-5-3-5	6-6-6-4-4-5-3-4-5-8-4-5	5-2-2-3-2-4-6-5-4-5-4-4	3-4-4-4-5-2-4-4-6-5-2-3	4-2-5-6-4-2-6-5-4-4-4-2	4-6-4-4-4-3-4-4-4-2-6-1	7-5-4-3-4-1-2-4-4-4-5-2
475	6	6-5-8-8-6-5-8-6-6-6-6-6	6-5-5-7-7-5-7-7-7-4-7-8	4-7-8-8-7-7-7-7-7-7-5-7	7-4-7-6-7-7-5-7-5-5-7-6	8-4-5-7-7-7-7-7-7-6-7-7	7-8-7-2-6-7-7-7-5-4-3-7	5-5-5-4-5-4-3-8-5-6-7-7	4-7-4-7-7-4-5-8-4-4-7-4	4-4-4-7-7-7-4-7-5-7-7-8	4-7-5-5-7-6-7-3-4-4-4-7	4-5-4-1-4-4-4-4-4-7-5-6	1-7-6-7-4-4-6-4-7-4-7-3
475	7	6-8-6-6-5-8-8-8-8-6-6-8	8-5-5-6-6-7-6-6-6-7-6-6	4-6-4-6-6-6-6-8-6-6-8-6	6-4-6-6-6-6-8-6-6-5-6-8	6-4-5-6-7-6-8-6-6-8-6-6	8-6-6-8-7-6-6-6-5-7-1-6	8-8-6-4-8-7-8-8-7-5-6-6	7-6-6-6-6-6-5-6-4-5-6-4	7-7-6-7-6-6-5-6-5-6-6-6	4-6-7-7-6-6-6-3-8-4-4-6	6-7-4-4-8-4-4-5-7-7-7-7	5-8-7-7-7-7-6-4-6-4-6-6
475	8	8-7-6-6-8-7-7-8-7-6-6-7	7-8-8-6-8-8-6-6-8-8-6-6	8-8-8-6-8-8-8-7-8-8-7-8	7-8-8-8-8-8-7-8-7-8-8-7	6-8-8-8-8-7-7-8-8-8-6-6	7-6-8-7-8-8-8-6-8-8-8-7	7-8-8-8-7-8-8-8-8-8-5-6	8-7-6-7-8-6-2-6-6-6-6-4	2-4-8-7-6-8-8-6-8-6-6-6	6-4-8-8-8-6-8-3-7-8-7-8	4-1-3-7-7-1-4-4-4-8-8-8	8-7-4-1-7-8-8-4-8-8-6-1
476	0	0-0-0-0-0-0-0-0-0-0-0-0	0-0-0-0-0-0-0-0-0-0-0-0	0-0-0-0-0-0-0-0-0-0-0-0	0-0-0-0-0-0-0-0-0-0-0-0	0-0-0-0-0-0-0-0-0-0-0-0	0-0-0-0-0-0-0-0-0-0-0-0	0-0-0-0-0-0-0-0-0-0-0-0	0-0-0-0-0-0-0-0-0-0-0-0	0-0-0-0-0-0-0-0-0-0-0-0	0-0-0-0-0-0-0-0-0-0-0-0	0-0-0-0-0-0-0-0-0-0-0-0	0-0-0-0-0-0-0-0-0-0-0-0
476	1	2-2-1-2-1-2-1-3-1-2-2-2	2-2-1-0-2-2-2-2-2-2-0-2	2-1-1-3-2-2-2-2-2-2-2-2	2-1-2-2-1-0-2-2-1-2-1-2	3-3-1-3-1-1-2-1-1-2-2-0	2-2-0-2-2-2-1-2-4-1-4-2	2-2-1-2-2-1-1-2-1-2-1-1	4-1-3-1-1-2-2-0-0-1-0-2	1-0-2-1-0-0-2-1-3-1-1-1	2-0-1-1-1-1-2-1-0-2-2-1	1-2-4-2-1-2-1-1-2-2-2-1	2-1-1-1-1-1-1-0-0-0-1-2
476	2	1-1-1-3-1-1-1-1-1-1-1-1	1-1-1-2-1-1-3-1-1-1-3-1	1-3-3-4-1-1-3-1-1-1-1-1	3-0-1-1-4-3-1-1-1-1-2-1	1-0-3-1-0-2-3-3-1-1-1-2	1-3-6-1-2-4-3-1-1-1-0-4	3-1-1-1-3-2-1-3-1-1-3-3	1-2-1-3-3-1-7-4-2-1-6-1	0-0-1-3-4-3-1-3-1-2-3-0	2-4-1-1-3-2-3-1-3-1-1-3	6-1-1-1-1-1-2-0-6-3-1-1	1-2-2-1-4-1-3-0-2-2-2-1
476	3	1-4-1-2-4-3-1-1-1-1-1-1	1-5-4-2-1-1-2-4-1-1-2-4	1-2-5-1-2-1-4-5-5-1-4-2	2-4-3-1-2-2-5-1-4-5-4-1	1-1-2-1-0-2-4-2-3-3-1-2	1-2-4-0-3-2-4-3-3-3-5-3	2-1-1-0-2-3-4-2-3-1-2-4	3-4-1-2-2-1-4-2-2-4-1-1	1-0-4-2-0-2-6-2-1-3-2-4	2-2-1-3-2-4-4-7-2-1-2-2	2-5-7-5-4-1-0-0-2-2-4-3	1-2-2-4-1-6-2-0-0-2-5-1
476	4	5-3-1-4-3-1-1-4-1-1-4-5	1-3-3-2-1-1-4-6-5-1-6-5	6-5-6-2-4-5-3-5-5-5-3-4	5-5-5-5-2-2-5-2-3-4-3-5	2-5-2-5-5-6-5-4-5-4-1-4	1-3-3-1-5-2-3-3-1-3-3-2	7-3-3-4-4-0-3-5-1-1-2-3	1-3-3-3-2-7-3-2-2-6-4-4	4-4-5-2-2-4-7-6-7-4-2-3	5-2-1-7-3-3-3-3-5-1-5-2	5-1-6-3-3-5-5-5-5-2-3-1	4-2-2-3-5-4-3-4-4-6-3-1
476	5	4-7-7-7-3-6-5-6-7-5-6-6	6-3-3-6-6-1-6-7-6-1-7-6	6-6-3-6-6-6-6-4-6-6-6-6	6-4-4-6-6-6-3-6-6-3-6-6	6-4-6-4-4-5-6-6-4-5-5-6	6-3-5-7-4-5-6-6-3-3-3-6	6-5-4-5-4-6-3-4-5-7-7-6	1-6-6-6-6-4-3-7-7-4-6-4	1-4-4-6-7-6-1-6-1-3-6-3	7-6-5-7-6-2-6-5-4-6-4-6	4-3-4-3-1-4-4-4-4-6-6-5	0-4-5-6-4-6-6-4-6-4-6-7
476	6	5-7-1-5-3-7-7-7-7-5-5-7	5-3-3-5-6-1-5-4-5-1-4-5	4-5-4-7-5-5-5-6-5-5-6-5	5-6-6-5-5-5-7-5-5-5-5-5	5-4-5-5-6-7-7-5-6-5-1-5	5-7-5-7-4-5-5-5-3-6-3-5	5-5-1-6-6-6-4-7-6-1-2-5	6-5-5-7-5-1-3-5-2-4-5-4	6-6-6-7-6-5-3-5-1-6-5-3	5-5-6-5-5-3-5-1-7-5-6-5	2-6-4-7-3-7-4-5-2-5-5-6	1-7-6-6-5-6-5-4-5-4-5-1
476	7	7-6-5-5-7-6-6-7-6-5-5-6	5-7-7-5-7-7-5-5-7-7-5-6	7-7-7-6-7-7-5-6-7-7-6-7	6-7-7-7-7-7-6-7-6-7-7-6	5-4-7-7-7-6-6-7-7-7-5-7	5-7-5-6-7-5-6-7-7-7-7-7	5-7-7-7-6-7-7-6-7-5-5-7	7-5-5-6-5-4-2-5-2-5-0-7	6-6-7-6-5-7-4-5-4-1-5-1	5-4-7-7-7-5-7-3-6-7-6-7	4-1-3-6-1-6-4-4-4-7-7-7	7-6-6-1-3-7-7-0-7-7-5-5
477	0	0-0-0-0-0-0-0-0-0-0-0-0	0-0-0-0-0-0-0-0-0-0-0-0	0-0-0-0-0-0-0-0-0-0-0-0	0-0-0-0-0-0-0-0-0-0-0-0	0-0-0-0-0-0-0-0-0-0-0-0	0-0-0-0-0-0-0-0-0-0-0-0	0-0-0-0-0-0-0-0-0-0-0-0	0-0-0-0-0-0-0-0-0-0-0-0	0-0-0-0-0-0-0-0-0-0-0-0	0-0-0-0-0-0-0-0-0-0-0-0	0-0-0-0-0-0-0-0-0-0-0-0	0-0-0-0-0-0-0-0-0-0-0-0
477	1	1-1-1-1-1-1-1-1-1-1-1-1	2-1-0-1-0-2-2-2-0-1-2-0	0-2-0-4-2-0-2-0-0-2-2-2	3-0-0-3-3-2-0-2-2-0-1-0	3-0-1-3-2-1-2-2-1-1-3-3	2-0-2-0-0-3-2-2-1-0-0-4	2-1-1-0-2-1-1-2-0-1-3-2	1-1-3-2-4-0-1-7-1-0-0-0	0-0-2-3-4-3-0-3-2-1-4-1	0-2-1-2-2-4-2-1-2-1-0-4	2-1-0-0-0-1-0-0-0-1-2-1	0-2-1-3-2-1-1-0-1-1-1-4
477	2	2-2-2-2-2-2-2-2-2-2-2-2	1-2-2-1-3-3-1-3-3-1-1-3	3-1-0-1-1-1-3-2-3-4-3-1	1-2-3-1-1-1-3-1-1-2-3-2	1-0-1-1-1-1-3-1-2-0-0-1	1-0-3-0-3-1-3-1-2-2-6-2	4-1-2-0-1-2-6-1-0-3-1-1	2-1-1-3-2-1-5-0-2-3-2-0	2-0-3-4-3-1-4-1-1-2-3-2	1-1-2-4-1-1-1-2-3-4-3-1	3-1-3-5-3-1-0-3-5-1-1-3	5-1-1-1-1-3-1-3-1-3-3-1
477	3	3-3-3-3-3-2-3-3-3-3-3-3	1-4-4-1-2-3-1-2-2-3-1-4	2-3-2-1-1-4-4-3-2-3-4-4	1-4-4-1-1-1-7-1-4-4-4-5	1-0-6-4-1-1-4-3-4-0-1-1	1-6-2-0-3-1-4-1-2-3-3-2	2-1-3-3-4-2-3-4-3-2-1-3	2-1-1-2-3-0-6-4-2-3-4-0	3-0-4-1-2-4-3-1-6-6-2-2	1-1-3-4-4-1-4-3-2-3-4-1	2-1-3-3-4-3-0-2-0-1-1-2	6-1-1-1-1-2-1-2-1-2-2-1
477	4	3-4-4-4-3-3-4-5-4-4-4-3	4-3-3-4-2-4-4-4-3-4-5-4	6-5-5-1-4-5-3-5-2-2-3-3	5-5-5-5-1-1-3-1-3-3-5-7	1-7-4-5-5-3-3-4-4-4-6-7	1-5-2-4-4-1-3-0-2-3-2-4	2-1-3-4-3-0-3-3-3-6-1-5	4-4-1-2-3-5-3-3-4-4-3-4	4-4-5-2-1-3-5-5-3-4-1-4	7-1-4-5-3-1-3-3-4-6-4-1	2-1-4-2-3-4-4-6-2-1-5-4	3-4-4-4-4-4-4-4-4-2-1-1
477	5	6-5-6-7-6-6-6-6-7-7-6-5	6-3-3-7-6-6-6-5-6-6-7-6	5-6-6-6-6-6-6-6-6-6-7-6	6-4-4-6-6-6-6-6-6-5-6-6	6-7-6-4-4-5-6-5-4-5-6-6	5-5-6-5-4-4-6-6-3-5-2-6	6-5-5-5-7-5-6-6-5-5-6-4	6-5-4-6-6-4-2-6-6-4-6-7	5-4-4-6-6-5-6-6-3-5-6-4	6-6-4-4-6-1-6-7-4-4-6-1	6-5-6-2-6-4-4-2-6-5-4-5	7-6-5-6-6-3-6-0-6-2-6-1
477	6	5-7-5-5-5-5-5-5-5-5-5-7	5-3-3-5-5-5-5-5-5-5-5-5	4-5-5-5-5-6-5-5-5-5-6-5	5-6-6-5-5-5-6-5-5-6-5-5	5-5-5-4-4-5-5-5-6-6-5-5	5-3-5-5-6-7-5-5-6-6-2-6	5-1-3-5-7-6-5-5-6-4-5-4	6-5-4-5-5-4-3-5-5-3-5-6	6-4-4-5-5-1-6-5-3-3-5-3	6-5-4-4-5-1-5-7-7-4-5-1	5-6-5-2-5-4-4-4-5-6-6-6	3-5-4-5-5-6-5-4-5-6-5-1
477	7	7-5-5-5-7-7-5-7-5-5-5-6	5-7-7-5-7-5-5-7-5-7-5-6	7-7-7-5-7-5-6-6-5-7-5-7	7-7-7-7-7-7-6-7-3-7-7-4	5-7-7-7-7-7-6-7-7-7-5-4	5-7-6-5-7-6-7-7-7-7-7-7	4-7-7-7-5-7-7-7-7-7-5-5	7-7-7-5-7-6-6-1-6-4-5-6	6-5-7-7-5-7-7-6-7-5-5-1	6-7-7-7-7-1-7-6-6-7-7-7	5-7-7-3-6-4-5-7-7-6-7-7	5-6-4-3-5-7-7-7-7-7-5-7
478	0	0-0-0-0-0-0-0-0-0-0-0-0	0-0-0-0-0-0-0-0-0-0-0-0	0-0-0-0-0-0-0-0-0-0-0-0	0-0-0-0-0-0-0-0-0-0-0-0	0-0-0-0-0-0-0-0-0-0-0-0	0-0-0-0-0-0-0-0-0-0-0-0	0-0-0-0-0-0-0-0-0-0-0-0	0-0-0-0-0-0-0-0-0-0-0-0	0-0-0-0-0-0-0-0-0-0-0-0	0-0-0-0-0-0-0-0-0-0-0-0	0-0-0-0-0-0-0-0-0-0-0-0	0-0-0-0-0-0-0-0-0-0-0-0
478	1	1-1-1-1-1-1-1-1-1-1-1-1	0-0-0-3-0-0-0-2-0-1-0-0	0-1-0-3-2-1-2-3-0-2-0-2	2-0-0-2-3-2-0-1-1-1-1-0	1-0-1-0-0-1-2-2-1-1-0-2	2-0-2-0-0-2-2-2-1-1-0-2	3-2-1-0-2-3-1-0-1-1-0-2	3-1-3-2-1-1-1-2-1-0-0-2	0-0-0-3-3-1-0-2-4-0-1-1	0-3-0-0-2-1-0-3-2-0-0-3	0-1-0-1-0-1-0-0-0-1-1-4	0-1-1-0-3-1-2-0-0-0-1-1
478	2	2-2-2-2-2-2-2-2-2-2-2-2	1-3-2-1-2-2-0-3-3-1-0-1	3-1-0-1-1-1-3-1-3-1-3-3	1-2-3-1-1-1-2-1-3-2-3-0	2-0-2-1-1-1-3-1-2-1-3-1	1-0-1-0-2-1-3-1-2-2-6-1	5-1-2-3-1-1-3-1-2-4-3-1	2-2-5-1-1-3-1-4-3-3-0-1	3-0-4-1-4-1-3-1-5-2-1-2	0-1-2-3-1-1-3-5-1-3-0-1	3-1-5-2-0-1-0-0-3-1-1-1	6-1-0-3-0-0-1-0-2-3-2-1
478	3	3-3-3-3-2-2-3-6-3-4-3-4	4-2-2-1-5-4-4-2-4-3-4-5	6-4-4-1-3-1-4-4-4-1-2-2	4-4-3-4-1-4-4-4-2-4-2-4	1-3-2-4-5-2-4-4-3-4-4-3	1-4-1-4-3-7-4-1-2-2-2-4	1-3-3-4-4-1-2-4-3-1-2-1	5-1-1-4-2-4-1-2-4-5-7-5	5-4-5-1-1-4-5-4-6-3-1-4	4-1-2-2-4-1-2-2-4-4-4-1	4-1-4-2-7-4-5-4-4-4-4-3	4-1-4-2-4-3-1-5-4-4-2-1
478	4	4-6-4-4-5-5-4-4-3-3-4-3	3-5-4-1-3-3-3-5-3-5-3-5	5-3-3-3-1-5-5-5-3-5-5-5	3-3-3-3-1-3-3-3-5-6-4-3	1-3-2-3-3-5-5-3-5-3-3-3	1-3-2-3-3-3-5-4-4-4-2-3	5-4-4-3-3-4-5-3-4-2-3-4	4-4-2-3-4-3-1-5-3-4-3-3	4-3-5-3-2-3-3-3-2-4-1-3	3-1-4-5-3-1-3-4-3-3-3-1	3-5-7-2-3-3-3-3-3-3-3-1	3-5-3-3-3-3-1-3-3-3-4-1
478	5	5-4-7-6-4-5-4-5-5-5-6-6	5-4-4-6-3-5-6-4-6-6-7-6	4-6-6-6-6-6-4-6-6-6-4-6	6-3-6-6-6-6-4-6-4-4-6-5	6-4-6-3-3-6-6-6-4-5-6-6	4-3-6-5-3-3-4-6-4-5-2-6	2-4-4-3-3-5-4-6-4-4-6-6	3-6-7-6-5-6-7-4-5-3-6-3	3-0-3-5-6-5-3-6-2-4-6-3	3-2-6-4-6-5-6-2-7-3-6-5	3-5-2-5-3-5-3-3-3-5-5-5	3-4-5-6-6-3-2-3-5-3-2-1
478	6	5-7-5-5-4-7-7-7-7-6-6-7	7-4-4-5-6-6-5-5-7-5-5-7	3-5-7-5-5-5-5-7-5-5-7-5	5-3-6-5-5-5-7-5-5-4-5-7	5-3-5-5-6-5-7-5-5-6-5-5	7-6-5-7-6-3-5-5-6-6-2-5	7-7-4-3-7-6-6-5-6-2-5-5	6-5-2-5-5-5-6-6-6-4-5-3	3-6-3-6-5-5-4-5-3-4-5-3	3-1-5-4-5-1-5-2-7-3-5-1	3-6-5-5-2-6-3-3-3-6-4-6	2-7-5-5-5-3-4-3-2-3-2-1
478	7	7-6-5-4-7-6-6-7-6-3-5-6	6-4-7-5-7-7-5-7-6-7-5-6	7-7-7-6-7-5-5-6-7-7-6-7	5-7-7-7-7-7-6-7-6-7-7-6	5-3-7-7-6-7-6-7-7-7-5-5	6-7-7-6-7-3-7-7-7-7-2-6	6-7-7-7-6-7-7-6-7-7-3-7	7-7-5-6-7-5-5-5-1-5-3-3	3-7-7-7-1-7-3-5-7-4-5-2	3-3-7-7-7-1-7-7-5-7-3-7	3-7-4-4-3-3-3-3-3-6-7-7	7-6-3-2-3-7-7-3-7-7-5-1
479	0	0-0-0-0-0-0-0-0-0-0-0-0	0-0-0-0-0-0-0-0-0-0-0-0	0-0-0-0-0-0-0-0-0-0-0-0	0-0-0-0-0-0-0-0-0-0-0-0	0-0-0-0-0-0-0-0-0-0-0-0	0-0-0-0-0-0-0-0-0-0-0-0	0-0-0-0-0-0-0-0-0-0-0-0	0-0-0-0-0-0-0-0-0-0-0-0	0-0-0-0-0-0-0-0-0-0-0-0	0-0-0-0-0-0-0-0-0-0-0-0	0-0-0-0-0-0-0-0-0-0-0-0	0-0-0-0-0-0-0-0-0-0-0-0
479	1	1-3-2-3-1-1-1-1-1-1-2-3	2-2-1-2-2-2-0-2-2-2-0-2	1-2-2-0-3-2-2-2-2-2-3-1	2-2-2-4-1-0-2-2-1-2-1-0	2-0-1-0-1-1-1-1-1-2-4-1	0-1-0-0-2-0-2-2-2-1-0-1	1-1-3-1-2-0-0-0-1-2-1-1	2-1-0-1-1-4-1-0-0-2-0-0	1-0-2-1-2-2-2-1-3-1-1-2	0-1-1-2-2-2-2-2-2-2-2-1	1-9-4-1-1-2-5-1-1-1-2-1	3-1-1-1-1-1-1-7-1-1-2-3
479	2	3-5-3-5-1-1-1-2-1-3-3-3	3-1-1-3-1-1-4-2-1-1-4-3	2-3-4-3-2-1-3-3-1-3-1-2	3-3-1-3-4-3-3-4-1-1-3-2	4-1-3-3-0-3-3-3-1-1-3-4	2-4-3-2-1-4-3-3-1-2-0-3	3-3-1-6-3-0-3-3-1-1-3-1	1-3-9-3-3-1-9-3-3-1-3-2	0-0-3-3-1-1-1-3-1-6-3-3	3-4-1-1-3-5-3-1-3-1-3-3	3-4-5-1-1-1-0-1-1-3-3-3	1-3-4-1-1-1-4-1-5-1-1-1
479	3	2-3-2-2-2-1-2-1-1-2-2-2	2-4-3-2-1-1-2-4-2-2-2-2	2-2-2-2-1-2-4-2-2-2-4-3	2-2-3-2-2-2-2-2-4-1-2-0	2-0-2-3-0-4-4-2-3-3-2-2	2-2-4-2-3-2-4-4-3-3-7-2	2-2-1-4-2-0-2-2-3-3-2-1	5-2-2-4-2-1-3-2-2-0-2-0	3-0-2-2-3-1-3-2-1-2-2-3	2-4-1-1-2-2-2-3-4-5-4-2	2-2-1-7-5-2-0-3-0-2-2-2	4-2-2-4-1-1-2-1-1-5-7-1
479	4	2-4-2-2-5-4-4-4-1-2-2-2	2-3-4-2-4-1-2-3-2-2-2-5	0-4-2-2-2-1-3-2-2-5-3-4	2-5-5-2-2-2-6-2-5-5-3-0	2-0-2-6-5-3-3-4-5-5-2-2	2-2-6-0-4-2-5-3-4-4-8-2	2-2-1-3-2-0-5-5-4-3-2-5	5-2-3-3-2-1-7-2-2-4-0-0	4-0-5-3-4-1-4-2-9-2-3-4	0-2-4-5-5-2-2-5-3-0-3-2	4-7-9-4-1-5-0-3-5-2-5-4	3-2-2-3-1-1-2-4-8-4-4-1
479	5	6-9-6-6-4-6-6-8-7-6-6-6	6-4-4-6-6-6-6-6-6-6-7-6	6-6-7-8-6-6-6-7-6-6-6-6	6-6-6-5-6-6-6-7-4-7-6-6	6-8-7-6-7-4-6-6-4-7-8-7	6-6-5-6-5-6-4-6-4-4-4-6	9-6-3-7-6-5-4-4-4-9-9-4	3-6-7-6-2-7-4-7-7-7-6-4	7-6-7-6-7-8-7-6-4-5-6-7	9-6-5-6-6-7-6-4-6-7-6-2	6-7-4-3-8-6-6-8-6-7-6-5	8-6-5-6-8-5-6-8-2-6-2-5
479	6	5-6-5-5-6-5-5-5-5-5-5-5	5-7-7-5-5-5-5-5-5-5-5-5	5-5-5-5-5-5-5-5-5-5-7-5	5-5-5-5-5-5-7-5-7-5-5-5	2-5-5-5-5-6-7-5-7-6-5-5	5-5-4-5-4-5-7-6-4-6-3-5	5-5-1-5-5-6-6-5-6-8-5-7	4-5-5-5-2-5-4-5-2-5-5-0	5-5-5-5-6-5-5-5-8-5-5-5	5-5-6-9-5-5-5-9-5-5-5-2	5-4-9-4-5-5-5-5-5-5-5-6	9-5-5-5-5-5-5-1-5-5-8-8
479	7	5-6-5-9-6-5-8-5-5-5-5-5	5-6-6-8-8-8-8-9-8-5-5-8	8-8-5-5-8-5-8-5-5-8-6-8	8-5-5-7-8-8-6-5-6-5-8-5	8-5-5-8-5-8-8-8-6-5-5-5	8-5-8-5-7-5-8-6-4-4-3-5	5-8-1-5-5-7-9-8-4-6-8-6	0-8-5-8-8-5-4-8-9-5-5-0	5-5-5-8-8-5-5-5-4-6-8-5	5-8-4-5-8-8-5-3-5-5-5-8	5-4-4-3-8-5-5-0-5-5-5-5	5-8-7-5-5-5-8-1-8-5-9-8
479	8	5-9-5-7-7-9-7-5-5-5-5-9	9-6-5-7-7-7-7-7-9-5-7-9	5-7-7-5-7-5-7-8-7-7-7-7	7-8-8-7-7-7-9-7-7-7-7-9	7-5-5-7-8-7-9-7-8-8-5-7	7-5-7-5-8-5-7-8-8-8-4-9	5-7-1-5-8-8-4-7-8-6-7-5	8-7-5-7-7-5-4-7-7-8-5-0	5-8-7-7-7-5-5-5-4-6-7-5	7-5-4-5-7-7-5-9-9-5-8-7	5-8-1-3-5-5-8-5-5-7-5-8	5-7-9-5-5-5-7-1-5-5-7-7
479	9	9-8-7-7-9-8-8-9-5-5-5-8	8-9-9-7-9-9-7-7-9-9-5-8	9-8-9-8-9-9-7-8-9-9-8-9	8-9-9-9-9-9-8-9-7-9-9-8	7-5-9-9-9-9-8-9-9-9-2-9	9-9-9-5-9-5-8-9-9-9-9-8	5-9-9-5-9-9-9-9-9-9-5-9	9-9-7-8-9-9-7-7-7-5-5-9	8-8-5-9-7-9-9-5-4-3-7-6	5-9-6-6-9-7-9-3-8-9-4-9	7-1-6-4-1-5-8-5-9-5-9-9	5-8-8-5-5-9-9-9-9-9-7-9
480	0	0-0-0-0-0-0-0-0-0-0-0-0	0-0-0-0-0-0-0-0-0-0-0-0	0-0-0-0-0-0-0-0-0-0-0-0	0-0-0-0-0-0-0-0-0-0-0-0	0-0-0-0-0-0-0-0-0-0-0-0	0-0-0-0-0-0-0-0-0-0-0-0	0-0-0-0-0-0-0-0-0-0-0-0	0-0-0-0-0-0-0-0-0-0-0-0	0-0-0-0-0-0-0-0-0-0-0-0	0-0-0-0-0-0-0-0-0-0-0-0	0-0-0-0-0-0-0-0-0-0-0-0	0-0-0-0-0-0-0-0-0-0-0-0
480	1	1-1-1-2-1-1-1-0-1-1-1-1	1-0-0-1-0-1-2-2-2-1-2-0	2-2-2-1-1-2-2-2-0-1-2-1	2-2-2-3-1-2-0-3-0-2-0-1	1-3-1-0-2-0-2-2-0-4-1-2	4-1-0-1-1-2-0-0-0-0-0-2	1-0-0-3-1-1-0-0-0-0-3-0	1-0-0-0-1-2-1-0-0-1-1-0	1-2-2-0-0-1-1-2-0-1-1-0	2-1-1-0-2-1-0-0-1-2-3-0	0-0-3-1-1-1-2-4-0-1-0-1	1-2-1-4-0-1-0-1-1-1-1-1
480	2	1-1-2-1-2-2-2-6-2-2-2-4	3-0-0-3-0-2-1-1-1-3-1-3	1-3-1-2-4-3-1-4-3-3-2-3	3-1-1-4-4-4-4-5-3-1-3-2	5-1-3-4-1-2-3-3-2-5-4-1	2-4-5-2-2-4-3-4-0-2-0-4	3-4-0-1-3-2-2-3-0-2-1-3	0-4-9-3-5-1-5-5-2-2-2-0	1-1-3-3-5-4-1-4-0-2-5-2	1-3-0-8-3-1-3-0-3-1-0-5	2-5-1-0-10-2-1-0-0-3-3-2	1-3-1-1-5-2-5-1-2-3-2-5
480	3	3-3-1-3-3-3-3-3-2-2-3-3	2-4-3-2-0-4-1-4-3-2-1-4	1-2-4-2-2-2-4-2-4-2-4-2	2-2-3-2-2-2-2-1-2-3-2-1	2-1-2-3-3-4-4-2-3-3-2-2	2-2-2-2-3-2-4-2-3-3-0-3	2-2-3-5-2-3-2-2-0-0-1-2	3-2-2-4-2-1-2-0-2-3-5-0	0-1-2-2-3-2-1-2-5-3-2-4	1-2-0-2-2-2-4-3-4-2-1-2	5-4-1-3-1-3-4-1-6-2-2-3	1-2-1-1-0-2-2-4-7-4-2-2
480	4	3-4-4-4-5-3-4-4-4-4-4-5	2-5-5-2-3-5-2-5-5-4-5-3	1-2-3-2-2-2-5-2-5-2-5-5	2-5-5-2-2-2-2-2-5-5-3-1	2-1-1-5-4-3-5-4-5-1-2-2	2-2-3-3-5-2-5-2-4-4-0-2	5-2-4-5-2-0-5-5-4-0-5-4	4-2-3-3-3-4-9-0-3-4-5-4	3-1-5-2-4-2-1-2-5-4-2-3	3-2-6-5-5-2-3-5-3-4-1-2	4-3-4-4-5-3-3-1-6-2-2-2	1-2-1-1-2-3-2-3-1-3-3-2
480	5	5-5-5-6-4-3-5-9-5-5-5-10	5-4-4-6-5-4-6-5-4-4-6-6	7-6-6-6-5-6-4-6-4-5-4-5	5-7-4-2-2-6-4-7-4-4-2-7	2-5-10-4-7-3-4-6-4-2-2-6	6-6-2-2-4-5-4-2-0-3-0-5	8-5-4-8-6-5-4-4-5-2-4-5	3-2-2-7-2-8-2-2-7-10-5-5	5-1-5-6-2-2-7-5-3-5-2-3	6-5-5-10-4-5-6-4-6-7-0-2	5-2-4-3-4-5-5-9-8-3-2-5	9-5-5-8-2-5-2-5-1-7-2-2
480	6	8-7-7-8-7-7-8-8-7-7-7-8	7-7-7-5-8-8-5-7-7-7-7-7	6-7-8-8-7-8-7-8-7-7-8-7	7-6-8-7-6-7-7-9-7-6-6-6	9-7-9-9-5-6-7-6-7-7-9-9	6-5-9-6-4-10-6-9-7-6-0-7	10-7-6-6-5-6-7-7-6-9-6-10	6-6-7-5-7-7-6-8-5-7-6-7	6-7-6-5-9-7-5-6-7-6-2-4	6-10-4-6-7-6-7-7-5-5-7-9	10-10-8-4-8-7-8-6-10-6-9-6	5-5-6-5-8-8-6-7-8-8-8-10
480	7	6-6-6-9-6-6-6-6-6-6-6-6	6-6-6-8-6-6-6-6-6-6-6-6	5-9-6-6-9-8-8-6-6-6-6-6	8-9-6-6-8-8-6-5-6-6-8-5	8-6-6-6-5-8-8-8-6-6-6-7	8-8-8-9-4-6-8-7-6-6-4-8	10-6-6-5-8-7-6-6-7-6-7-8	6-8-8-8-8-6-10-9-5-6-7-6	6-6-8-8-7-6-5-8-6-8-8-3	8-8-6-6-8-10-8-6-8-5-6-6	6-6-6-6-6-6-6-6-6-7-8-7	5-8-5-5-6-7-7-6-6-5-6-2
480	8	6-6-6-6-6-6-6-6-6-6-6-6	6-6-6-7-6-6-6-9-6-6-6-7	6-7-6-6-7-6-9-6-6-7-9-7	7-7-6-6-7-7-6-6-9-6-9-5	7-5-5-8-5-9-9-7-9-6-6-7	7-7-7-6-4-6-7-7-8-8-9-7	5-7-9-5-7-10-8-7-8-8-7-7	6-7-7-7-7-5-9-7-5-6-7-7	6-1-7-7-8-6-5-7-6-7-7-4	7-7-10-9-9-7-7-8-7-5-6-6	5-6-6-4-6-6-6-6-5-6-7-8	5-7-5-5-6-6-7-5-6-9-6-6
480	9	6-10-6-7-6-10-6-6-6-6-6-5	6-6-6-7-6-6-10-8-7-6-10-6	7-7-6-6-7-9-8-6-6-7-8-9	7-7-9-6-7-7-6-6-8-6-8-7	6-6-6-6-9-8-8-7-9-6-6-6	6-8-7-7-4-7-9-6-8-8-8-7	10-6-6-5-8-9-8-6-9-6-7-7	6-7-2-10-7-9-4-7-10-6-7-9	9-9-7-7-6-6-9-7-6-7-7-6	10-7-9-8-8-7-6-6-10-5-6-6	8-6-6-6-6-9-6-5-7-7-6-9	5-7-5-5-8-6-2-6-9-8-10-6
480	10	10-9-7-8-6-9-6-10-6-6-6-5	6-10-10-7-10-6-9-10-10-10-9-10	10-9-10-6-10-6-9-6-9-10-6-10	9-10-6-10-10-10-9-10-6-10-10-6	7-6-10-10-10-10-9-10-10-10-6-10	6-10-10-6-10-6-10-10-10-10-10-10	6-10-10-9-9-8-10-10-10-10-6-7	10-10-2-9-10-9-7-7-9-5-7-6	9-9-10-10-6-10-10-7-10-6-10-10	9-10-8-10-10-7-10-8-9-10-6-10	6-6-6-8-6-9-6-6-6-6-10-10	5-7-5-6-8-10-10-6-10-10-9-6
481	0	0-0-0-0-0-0-0-0-0-0-0-0	0-0-0-0-0-0-0-0-0-0-0-0	0-0-0-0-0-0-0-0-0-0-0-0	0-0-0-0-0-0-0-0-0-0-0-0	0-0-0-0-0-0-0-0-0-0-0-0	0-0-0-0-0-0-0-0-0-0-0-0	0-0-0-0-0-0-0-0-0-0-0-0	0-0-0-0-0-0-0-0-0-0-0-0	0-0-0-0-0-0-0-0-0-0-0-0	0-0-0-0-0-0-0-0-0-0-0-0	0-0-0-0-0-0-0-0-0-0-0-0	0-0-0-0-0-0-0-0-0-0-0-0
481	1	1-1-1-1-1-1-1-1-1-1-1-1	0-2-1-0-2-2-0-2-0-1-0-0	2-0-0-1-2-2-2-4-0-0-2-2	0-0-0-0-0-0-0-1-2-2-2-0	0-0-1-0-0-1-2-0-1-0-0-0	0-2-0-0-0-0-2-0-2-1-0-2	2-2-1-0-2-0-0-0-1-1-2-0	2-1-0-2-1-0-1-0-0-0-0-0	0-0-1-0-1-2-1-0-0-1-0-1	0-1-0-0-0-0-0-1-0-0-0-1	0-1-0-4-2-0-0-0-2-0-0-4	1-1-2-0-1-1-0-0-0-0-1-1
481	2	2-1-2-1-1-1-2-1-2-2-2-1	3-1-1-3-1-1-4-1-0-3-3-3	5-3-1-4-3-5-3-1-3-3-1-1	3-0-2-2-4-4-4-6-3-1-3-2	4-0-6-4-0-3-3-3-2-0-4-3	3-1-3-5-2-4-3-3-1-1-0-4	1-1-1-0-3-0-3-3-1-2-1-3	1-4-2-3-3-0-2-2-2-0-2-0	0-0-3-3-5-3-0-3-1-2-6-2	0-6-0-1-3-6-3-2-3-0-0-4	0-2-0-1-1-2-5-0-1-3-3-2	1-3-2-4-0-2-2-0-3-2-6-2
481	3	3-3-3-3-3-3-3-3-2-2-3-3	2-3-3-2-4-3-2-4-4-2-2-4	2-2-0-2-2-2-4-5-4-2-4-4	2-4-2-2-2-2-5-2-2-4-4-2	2-0-2-2-3-4-4-2-3-3-2-2	2-7-4-3-3-2-2-2-3-3-7-3	4-5-3-0-2-3-6-2-5-4-0-2	3-2-4-4-2-0-3-4-2-4-0-0	4-0-2-2-3-2-0-2-4-2-2-4	0-4-3-4-2-2-2-3-4-3-0-2	4-4-3-5-4-3-0-0-5-2-2-3	1-5-3-0-5-4-2-0-7-4-7-2
481	4	4-4-4-4-5-4-4-5-4-4-4-5	2-5-4-2-3-4-2-5-3-4-2-5	5-2-6-2-2-2-5-6-6-6-5-3	2-5-5-2-2-2-6-2-5-5-5-2	2-0-2-2-3-3-5-4-6-0-2-2	0-2-3-2-4-2-5-2-4-4-6-2	3-1-5-3-3-3-4-5-4-3-0-2	4-2-3-3-2-0-7-3-4-5-0-5	4-0-5-2-4-2-9-5-9-4-2-3	0-3-4-5-5-5-5-5-3-4-5-2	3-4-7-10-5-3-6-4-0-2-5-1	4-5-4-2-10-5-2-0-8-5-2-5
481	5	6-4-6-6-4-6-6-4-5-5-5-6	6-4-4-2-6-6-6-4-6-4-6-4	2-6-7-2-4-6-6-6-7-6-4-5	6-8-7-6-5-6-8-5-4-5-4-6	2-9-8-4-8-3-6-6-4-6-6-6	6-6-3-6-4-7-6-6-4-4-4-6	7-3-4-6-6-5-4-4-4-2-0-2	4-2-2-6-2-6-3-2-8-4-5-4	6-4-6-6-2-2-6-6-6-5-2-2	10-6-5-4-4-2-4-4-6-6-6-2	5-2-6-3-4-10-8-5-8-6-4-5	9-6-5-8-9-4-2-5-3-5-2-4
481	6	5-6-5-6-7-5-6-6-5-6-5-5	5-7-7-2-5-5-5-7-5-4-5-7	5-5-5-4-2-5-5-8-5-8-7-5	5-5-5-5-5-5-5-2-4-6-7-5	2-7-2-2-5-6-7-5-4-5-5-5	5-5-3-5-5-5-5-5-6-6-4-5	3-6-4-5-5-6-3-4-6-6-0-0	6-2-7-5-2-5-8-4-2-6-5-5	6-6-5-5-4-4-5-5-5-6-2-3	10-5-4-6-4-2-5-5-5-5-5-2	5-3-5-3-5-5-4-4-5-5-5-5	7-5-5-5-5-4-2-7-3-7-2-7
481	7	9-6-7-8-6-6-8-9-7-7-7-8	5-6-6-9-7-8-7-10-8-6-8-8	8-5-5-8-8-8-8-6-5-8-6-8	8-9-5-7-8-8-5-7-8-6-6-10	10-5-9-8-5-8-8-8-8-5-10-7	8-10-8-6-5-8-8-9-4-4-3-9	5-8-6-5-8-7-4-8-6-3-9-8	7-9-7-8-9-5-10-10-9-7-5-0	7-8-5-8-9-8-5-8-5-9-9-9	7-9-5-5-7-9-8-4-8-5-6-7	5-7-6-3-4-5-7-7-5-8-8-5	6-8-7-5-5-7-7-6-7-6-7-6
481	8	7-10-7-7-8-8-7-10-8-7-7-7	5-9-8-7-7-7-5-9-7-8-7-7	9-8-7-7-7-7-9-9-9-7-9-7	7-5-7-7-7-7-9-7-7-8-9-5	9-5-5-7-5-9-9-7-10-8-7-7	7-7-8-5-5-7-7-7-8-8-9-8	5-7-9-5-7-10-9-7-4-3-10-7	8-7-7-7-7-5-9-7-7-8-9-10	10-7-7-7-8-7-5-7-5-8-7-4	5-7-8-9-7-7-7-4-7-5-10-7	5-7-6-8-9-7-5-0-5-7-7-5	5-7-5-5-5-8-7-0-4-7-9-9
481	9	10-8-7-7-8-10-9-7-10-9-7-10	10-8-8-7-5-10-7-8-10-9-7-10	10-7-5-7-7-9-8-8-8-7-8-8	10-9-9-7-7-7-8-7-8-9-8-10	8-5-7-7-9-8-8-7-8-9-5-7	10-7-8-5-7-7-8-7-9-8-8-7	10-7-8-5-7-9-8-10-9-3-7-7	9-7-7-10-7-9-8-7-7-9-8-9	9-9-5-7-7-7-4-9-4-7-7-7	10-7-9-8-7-7-8-4-9-9-6-7	8-9-6-8-8-5-9-9-5-7-7-9	5-7-7-5-5-9-7-6-7-6-10-9
481	10	10-8-7-8-10-10-7-10-9-9-9-9	9-8-10-7-10-10-7-10-10-10-9-9	10-9-10-7-10-10-9-9-9-10-10-10	9-10-10-10-10-10-9-10-9-10-10-9	7-10-10-10-10-10-9-10-10-10-7-10	9-10-10-9-10-10-10-10-10-10-10-10	9-10-10-10-7-8-10-10-10-10-8-10	10-10-7-9-10-9-7-7-7-9-9-8	7-10-7-7-7-10-10-9-6-8-8-7	9-7-10-10-10-9-10-4-9-10-8-10	10-10-10-4-9-5-8-9-10-10-10-10	10-7-5-6-4-10-10-10-10-10-9-10
482	0	0-0-0-0-0-0-0-0-0-0-0-0	0-0-0-0-0-0-0-0-0-0-0-0	0-0-0-0-0-0-0-0-0-0-0-0	0-0-0-0-0-0-0-0-0-0-0-0	0-0-0-0-0-0-0-0-0-0-0-0	0-0-0-0-0-0-0-0-0-0-0-0	0-0-0-0-0-0-0-0-0-0-0-0	0-0-0-0-0-0-0-0-0-0-0-0	0-0-0-0-0-0-0-0-0-0-0-0	0-0-0-0-0-0-0-0-0-0-0-0	0-0-0-0-0-0-0-0-0-0-0-0	0-0-0-0-0-0-0-0-0-0-0-0
482	1	1-1-1-1-0-1-1-1-1-1-1-1	1-0-0-1-0-1-2-0-0-1-0-0	3-2-2-3-1-2-2-3-1-0-2-1	2-3-2-2-1-2-0-5-0-0-0-1	0-1-1-0-3-0-2-2-1-0-1-1	2-1-0-0-0-0-0-2-1-0-0-2	0-0-0-4-0-1-0-0-0-1-2-0	0-0-0-2-0-2-0-0-0-1-0-0	0-3-0-0-0-0-2-2-0-0-0-0	3-0-1-0-0-1-0-0-3-2-2-0	0-0-0-0-4-1-3-4-4-1-2-1	1-2-1-1-4-1-2-1-1-1-1-1
482	2	2-2-2-2-2-2-2-2-3-2-3-3	3-3-3-1-0-3-1-2-2-3-5-3	2-1-1-2-2-1-3-2-4-3-3-3	1-1-1-1-1-1-0-2-3-5-3-1	2-1-1-0-1-3-1-1-3-0-4-1	1-1-0-0-0-3-3-1-1-2-0-1	3-0-0-1-3-0-3-3-0-2-1-0	3-2-4-1-0-1-3-0-0-3-1-0	3-2-2-1-4-1-3-1-4-2-0-3	1-2-0-3-3-2-2-3-2-1-1-4	3-9-3-3-2-1-1-1-3-1-3-3	1-1-1-1-1-2-1-2-1-5-2-5
482	3	3-2-2-3-2-2-2-5-2-2-2-2	2-2-2-4-0-2-4-4-4-2-4-2	1-4-1-5-4-1-4-1-1-2-2-4	4-1-4-3-5-4-0-4-4-2-2-1	4-1-5-4-1-2-4-4-2-3-4-4	4-5-4-3-0-4-4-4-2-2-0-5	2-6-5-1-4-3-2-4-0-2-4-4	2-6-3-4-4-1-9-9-3-2-8-4	3-1-9-4-9-3-2-4-2-3-6-3	1-3-0-2-4-5-4-2-4-1-2-3	2-2-2-2-2-3-1-3-2-3-2-2	1-3-3-4-1-3-4-2-1-3-3-2
482	4	3-4-2-4-4-4-2-2-2-2-2-3	3-5-5-3-6-5-3-3-3-2-3-3	3-3-1-2-3-3-3-6-5-3-5-3	3-1-3-3-3-3-4-3-5-2-5-1	3-1-1-3-1-4-5-3-4-4-3-3	3-7-6-0-5-3-5-3-4-4-4-4	1-5-6-1-3-0-5-3-5-6-3-3	4-3-3-3-3-5-8-0-3-6-3-3	4-2-3-3-2-4-9-3-6-4-3-7	3-4-0-6-3-7-3-8-3-2-9-3	9-0-2-2-6-1-1-1-1-3-2-4	4-3-1-3-1-4-3-1-1-3-7-2
482	5	5-4-6-8-5-5-5-3-5-6-6-9	7-4-4-6-6-4-6-7-6-2-6-7	8-6-6-7-5-7-6-4-6-6-4-5	6-6-7-6-3-3-7-3-4-2-4-9	3-9-1-6-6-4-6-6-6-7-6-9	6-3-4-5-6-6-4-3-4-0-0-3	6-4-3-6-6-7-6-6-4-2-7-3	7-3-7-4-3-6-3-6-6-5-5-7	6-7-6-6-3-6-7-6-3-5-3-3	7-7-0-0-7-3-7-4-6-7-6-3	6-5-7-6-4-7-7-7-7-6-2-3	2-3-3-7-7-7-3-7-7-7-1-2
482	6	5-6-5-6-7-5-6-6-5-5-5-5	5-7-7-5-5-7-5-7-5-2-5-5	5-5-5-5-3-9-5-8-5-5-7-5	5-5-7-5-3-5-5-3-7-2-7-1	3-5-1-5-5-7-7-5-7-6-5-3	5-3-4-5-5-5-7-3-6-6-0-6	5-7-7-5-5-6-5-5-6-2-5-7	4-3-5-4-3-5-6-6-5-4-5-5	5-5-4-5-5-4-5-5-4-6-3-6	5-3-0-4-6-4-5-4-5-5-5-3	5-7-5-5-4-1-5-5-5-3-7-6	6-3-5-1-5-5-0-5-5-5-6-6
482	7	8-6-9-8-6-7-7-7-8-8-7-8	5-6-6-7-8-6-8-8-6-2-8-5	8-8-8-7-8-5-8-8-6-8-6-8	8-5-7-7-8-8-5-3-8-2-8-5	3-5-9-8-5-6-8-7-6-5-8-8	7-9-8-5-5-5-6-8-6-0-4-8	7-6-6-1-6-6-6-8-7-6-5-6	5-3-5-7-7-5-9-8-7-5-5-5	5-5-8-8-8-4-5-5-6-9-8-7	5-5-2-6-8-8-5-9-5-5-5-8	5-8-8-8-4-5-5-5-5-7-6-7	4-7-3-5-5-5-7-5-5-5-8-8
482	8	7-9-7-7-6-9-7-9-7-7-7-7	5-6-6-5-7-9-7-7-9-2-7-7	5-7-7-7-7-8-7-7-9-7-8-7	7-8-8-7-7-7-9-7-7-2-7-5	7-5-7-7-8-8-7-8-8-8-7-7	9-7-7-8-8-5-7-7-8-8-0-7	9-6-6-9-9-8-7-7-8-2-7-6	8-8-3-7-8-9-4-7-7-6-7-5	8-5-7-7-7-8-8-8-2-7-7-7	8-7-8-6-7-7-5-4-9-5-5-7	7-7-7-2-4-9-5-5-8-8-6-8	9-7-8-8-5-6-8-5-7-5-7-2
482	9	9-8-7-7-9-8-8-9-8-5-7-5	5-6-9-7-9-9-7-9-9-9-7-7	9-9-9-7-7-9-8-7-8-9-9-9	7-9-9-7-9-9-8-9-9-2-9-5	7-5-9-9-9-9-8-9-9-9-7-9	7-7-9-8-9-9-9-9-9-9-9-8	8-9-9-9-8-9-9-9-9-9-9-9	9-9-7-8-9-8-7-7-8-9-6-5	5-9-3-9-3-9-4-6-9-9-7-0	8-5-9-9-9-7-9-9-8-9-9-9	9-2-2-5-2-8-5-7-9-8-9-9	8-8-2-2-5-9-9-9-9-9-7-9
483	0	0-0-0-0-0-0-0-0-0-0-0-0	0-0-0-0-0-0-0-0-0-0-0-0	0-0-0-0-0-0-0-0-0-0-0-0	0-0-0-0-0-0-0-0-0-0-0-0	0-0-0-0-0-0-0-0-0-0-0-0	0-0-0-0-0-0-0-0-0-0-0-0	0-0-0-0-0-0-0-0-0-0-0-0	0-0-0-0-0-0-0-0-0-0-0-0	0-0-0-0-0-0-0-0-0-0-0-0	0-0-0-0-0-0-0-0-0-0-0-0	0-0-0-0-0-0-0-0-0-0-0-0	0-0-0-0-0-0-0-0-0-0-0-0
483	1	1-1-1-1-1-1-1-1-1-1-1-1	0-2-1-0-0-0-0-2-1-1-0-0	3-0-0-1-0-2-2-0-3-0-2-0	0-0-0-0-0-0-0-1-2-1-2-0	2-0-0-0-0-2-2-0-1-0-2-0	0-0-0-0-0-0-2-0-2-1-4-0	2-1-1-0-0-1-0-0-1-1-0-4	1-1-0-0-1-0-2-0-0-1-0-0	1-0-0-0-0-0-4-0-2-1-0-0	0-1-1-0-0-0-0-1-0-0-0-0	0-0-3-1-1-0-0-0-4-0-0-1	1-0-0-1-0-1-1-0-0-1-0-3
483	2	2-2-2-1-1-2-2-1-2-2-2-3	2-2-1-3-0-2-3-1-3-3-3-1	0-3-0-4-3-3-1-3-0-3-1-3	3-0-2-3-3-3-0-2-1-1-1-2	1-0-3-4-3-1-3-3-2-0-1-3	3-2-3-2-3-0-3-0-1-2-0-3	1-1-1-0-3-0-2-3-2-4-3-3	1-3-2-3-4-0-1-2-2-5-2-0	0-0-3-4-4-3-0-3-1-2-4-2	0-3-0-3-3-6-3-1-3-0-0-3	0-2-0-2-1-2-0-0-0-3-3-2	0-3-2-2-0-2-2-0-2-3-2-4
483	3	3-4-2-3-3-3-3-3-3-3-2-2	2-4-4-2-4-4-2-1-4-2-2-4	1-2-4-3-2-2-4-4-4-4-4-4	2-4-4-2-2-2-5-2-4-5-4-3	3-0-2-2-4-3-4-2-4-3-4-2	4-5-4-2-2-2-4-0-4-3-5-2	5-4-4-5-2-3-4-2-0-5-4-2	3-4-5-2-2-0-5-0-2-3-5-0	3-0-2-2-3-2-3-2-4-4-2-3	0-2-3-2-4-0-2-1-2-4-0-2	3-4-8-7-7-0-4-3-0-2-2-3	5-2-2-3-4-4-2-0-5-2-4-5
483	4	4-3-4-4-3-4-3-4-4-4-4-6	4-3-3-4-6-3-5-5-5-4-5-5	5-5-5-5-4-5-3-6-3-3-3-4	5-5-3-6-2-5-6-2-3-3-3-5	2-6-3-7-6-3-5-4-3-4-2-8	3-2-3-4-7-6-3-4-3-3-3-2	6-3-3-3-5-5-3-5-5-2-6-1	6-3-6-3-2-6-3-2-6-4-6-5	6-4-5-2-2-6-5-3-7-3-2-6	6-8-4-3-5-2-6-3-5-5-6-2	6-3-5-3-6-5-5-6-6-2-6-4	6-3-6-4-6-3-2-7-6-6-3-2
483	5	6-5-5-6-5-5-5-7-4-5-4-6	5-3-3-4-4-6-4-4-4-6-6-4	4-6-4-7-7-4-6-4-6-6-6-7	6-4-5-7-7-7-4-6-3-7-5-4	7-4-2-4-6-5-6-6-5-5-7-6	6-3-6-6-4-4-6-6-5-5-3-6	8-6-3-3-4-5-3-6-4-3-7-6	4-6-3-6-7-4-3-7-7-4-7-4	4-4-4-6-7-6-4-7-4-5-5-4	4-7-0-3-4-7-6-1-6-4-4-5	4-5-4-3-8-4-4-4-4-6-6-5	3-6-4-7-4-4-3-4-3-4-5-3
483	6	5-7-5-4-6-6-6-6-6-5-4-4	5-8-6-4-4-5-4-7-4-5-5-4	7-5-5-6-5-8-7-7-7-5-7-5	5-4-6-4-5-5-7-5-7-6-5-4	5-4-7-4-4-7-7-5-7-6-5-5	5-7-5-5-4-4-5-5-1-6-3-5	4-5-6-3-5-6-7-5-6-6-4-5	4-5-4-5-5-4-7-6-4-6-4-4	4-4-5-5-6-4-4-5-6-7-5-4	4-4-6-7-7-5-7-1-5-7-4-5	4-5-4-3-4-4-4-4-4-5-5-5	7-5-4-6-4-4-3-4-4-4-7-7
483	7	8-6-5-4-6-8-8-5-8-7-7-8	7-6-6-4-4-8-4-6-8-5-8-8	6-7-4-5-5-7-6-6-8-7-6-5	5-7-7-5-5-5-6-5-6-5-6-4	5-4-6-4-7-6-6-5-7-7-5-5	8-6-5-5-4-4-6-5-7-6-3-8	8-5-3-3-8-7-6-8-7-6-5-5	3-7-4-5-5-7-6-5-8-7-5-7	7-4-4-8-5-0-6-8-4-6-5-4	8-5-7-6-8-5-6-3-8-6-4-5	3-7-4-3-3-8-4-4-6-7-7-7	6-5-7-5-7-3-7-4-3-4-6-6
483	8	8-6-8-6-8-8-7-8-7-7-7-7	7-6-8-4-8-8-7-8-7-8-7-7	8-8-8-7-8-8-7-7-7-8-7-8	7-8-8-8-8-8-7-8-7-8-8-7	5-4-8-8-8-8-7-8-8-8-6-8	7-8-8-7-8-7-8-8-8-8-3-8	5-8-8-8-7-8-7-8-8-8-5-5	8-6-8-7-8-7-5-5-7-8-8-6	4-4-8-7-5-8-8-7-8-6-6-8	4-4-8-8-7-5-6-8-7-8-4-8	4-8-3-6-5-7-4-4-4-7-8-8	8-5-4-6-4-8-8-4-8-8-6-3
484	0	0-0-0-0-0-0-0-0-0-0-0-0	0-0-0-0-0-0-0-0-0-0-0-0	0-0-0-0-0-0-0-0-0-0-0-0	0-0-0-0-0-0-0-0-0-0-0-0	0-0-0-0-0-0-0-0-0-0-0-0	0-0-0-0-0-0-0-0-0-0-0-0	0-0-0-0-0-0-0-0-0-0-0-0	0-0-0-0-0-0-0-0-0-0-0-0	0-0-0-0-0-0-0-0-0-0-0-0	0-0-0-0-0-0-0-0-0-0-0-0	0-0-0-0-0-0-0-0-0-0-0-0	0-0-0-0-0-0-0-0-0-0-0-0
484	1	1-1-1-1-1-1-1-1-1-1-1-2	2-2-2-0-0-2-0-1-1-2-0-1	1-0-0-1-1-0-2-1-0-2-2-2	0-0-2-0-1-0-0-1-2-3-2-0	0-0-1-0-0-2-2-0-1-0-2-0	0-7-0-0-0-0-2-0-1-1-4-0	0-2-2-0-2-0-1-1-1-1-2-2	2-1-1-2-1-2-1-0-1-2-4-0	2-0-2-0-2-1-4-0-1-1-1-1	0-1-1-2-2-0-0-1-2-0-0-1	4-3-8-1-8-1-0-0-0-1-2-2	0-1-1-1-4-1-2-0-0-1-1-3
484	2	2-1-2-1-1-1-1-1-1-1-1-1	3-1-1-3-0-1-0-3-3-1-3-3	3-3-0-4-3-3-3-3-0-1-1-3	3-0-3-2-3-3-0-5-1-1-1-3	5-1-3-5-3-1-3-3-1-2-1-2	3-3-3-2-2-3-3-3-1-1-0-3	0-1-1-0-3-0-3-3-2-2-3-3	1-3-2-3-3-1-1-8-3-1-2-0	3-0-3-3-8-2-1-3-1-2-2-2	0-3-1-1-3-2-3-1-3-0-3-2	2-1-1-1-1-2-0-6-0-2-1-1	0-2-2-2-1-2-3-1-0-2-2-1
484	3	3-3-1-3-3-1-3-3-1-1-3-2	2-4-4-2-2-1-2-3-2-1-2-3	1-2-4-2-2-6-2-2-5-4-4-2	2-4-2-2-2-2-3-2-5-1-4-2	2-0-2-5-4-3-2-2-4-3-1-2	2-2-5-3-3-2-4-2-3-3-6-2	5-4-3-4-2-3-6-2-6-3-2-2	3-2-2-5-2-4-7-4-2-5-2-4	2-0-2-2-1-2-6-2-1-5-2-2	6-2-3-1-2-5-2-1-2-3-2-3	6-1-1-3-6-8-4-0-0-2-1-3	7-2-2-8-0-3-2-0-6-2-6-1
484	4	5-4-5-4-4-6-5-4-5-5-5-5	5-3-3-5-5-5-5-4-5-5-5-6	4-5-6-5-4-5-5-4-5-3-5-4	5-5-5-4-4-5-5-4-3-1-3-4	4-8-4-7-6-3-5-5-3-4-6-4	5-2-3-5-6-6-3-2-6-3-1-5	0-4-4-4-5-5-5-5-3-3-5-5	7-3-5-3-2-5-5-5-5-3-5-5	4-5-5-5-4-4-1-3-5-4-6-5	4-3-6-3-5-2-3-5-5-5-7-2	1-1-1-4-1-5-5-5-5-4-5-4	8-2-4-3-5-5-1-5-5-5-4-1
484	5	4-7-4-4-6-5-4-5-4-4-4-4	4-7-5-4-4-4-4-6-4-4-4-4	4-4-4-4-2-4-6-4-4-7-6-7	4-4-4-7-2-4-4-2-6-1-6-4	2-4-7-3-4-6-6-4-6-4-4-2	4-2-3-4-3-4-6-2-5-5-3-4	7-6-6-6-4-4-3-4-5-3-6-7	5-2-4-3-2-4-6-4-4-5-4-4	4-4-4-4-1-4-3-6-6-7-2-4	4-6-5-6-6-3-6-4-4-4-4-3	6-6-4-4-1-4-4-4-4-2-2-4	3-2-4-2-4-4-7-4-4-4-3-5
484	6	4-4-4-4-5-4-4-4-4-4-4-4	4-5-5-4-4-4-4-7-4-4-8-4	4-7-4-7-7-4-7-4-7-7-5-5	7-4-6-6-7-7-4-7-7-1-7-4	7-4-8-7-4-7-7-7-5-4-7-7	5-6-7-6-4-4-5-5-4-5-3-7	5-5-5-5-5-4-3-5-3-5-7-4	4-3-5-7-7-4-5-7-7-6-7-4	4-6-8-6-7-2-3-5-5-6-7-5	8-3-4-5-5-3-3-4-7-7-5-2	5-5-5-6-3-4-7-4-5-6-5-6	3-2-7-7-6-5-5-4-3-4-3-6
484	7	4-5-4-4-5-8-4-4-4-4-4-8	4-5-5-4-4-5-6-6-4-4-6-8	8-6-5-6-6-7-6-8-8-5-6-5	6-7-7-5-6-6-4-6-6-1-6-4	6-4-5-6-7-6-6-6-6-7-6-6	8-1-6-8-4-4-6-5-7-7-3-6	8-5-5-5-8-7-7-7-7-5-6-5	4-7-2-6-6-4-8-6-6-5-6-7	7-4-7-7-7-2-7-7-3-6-6-3	7-7-7-6-7-3-5-8-8-6-7-5	3-7-7-1-1-6-6-7-5-7-7-7	3-8-6-6-7-7-7-4-3-7-3-1
484	8	8-7-4-4-8-8-4-8-4-4-4-7	4-8-8-4-8-8-6-8-4-8-6-7	8-8-8-8-8-8-7-7-7-8-5-8	8-8-8-8-8-8-4-8-7-1-8-4	8-4-6-8-8-8-7-8-8-8-4-4	7-8-8-7-8-4-8-8-8-8-8-6	7-8-8-8-7-8-8-8-8-8-7-8	8-8-8-7-8-7-7-2-7-5-4-4	7-6-6-7-2-8-8-7-8-8-6-8	7-8-8-5-8-2-8-7-7-8-8-8	1-1-1-8-1-6-4-4-8-8-8-7	4-7-7-3-1-8-8-4-8-8-3-8
485	0	0-0-0-0-0-0-0-0-0-0-0-0	0-0-0-0-0-0-0-0-0-0-0-0	0-0-0-0-0-0-0-0-0-0-0-0	0-0-0-0-0-0-0-0-0-0-0-0	0-0-0-0-0-0-0-0-0-0-0-0	0-0-0-0-0-0-0-0-0-0-0-0	0-0-0-0-0-0-0-0-0-0-0-0	0-0-0-0-0-0-0-0-0-0-0-0	0-0-0-0-0-0-0-0-0-0-0-0	0-0-0-0-0-0-0-0-0-0-0-0	0-0-0-0-0-0-0-0-0-0-0-0	0-0-0-0-0-0-0-0-0-0-0-0
485	1	1-1-1-3-1-0-1-1-1-1-1-2	2-0-0-2-0-1-1-0-0-1-2-2	0-2-3-0-2-2-2-0-0-1-2-2	2-2-1-3-3-2-0-3-2-3-0-1	3-1-2-3-0-0-2-2-0-0-3-3	2-2-3-1-0-1-2-0-0-0-0-2	0-1-0-1-0-0-0-2-1-0-0-0	0-2-3-2-0-0-0-3-1-0-1-0	0-1-0-2-1-2-1-1-0-1-3-2	2-2-0-0-2-0-2-1-2-0-0-0	1-0-1-0-2-1-1-1-1-1-2-1	1-2-1-1-0-1-2-1-1-1-2-1
485	2	2-2-2-2-2-2-2-2-2-2-2-2	1-3-3-1-0-2-1-3-3-2-1-3	2-1-1-3-1-1-3-4-3-1-3-1	1-1-1-1-1-1-3-1-1-1-4-1	0-2-1-1-0-3-3-1-3-2-1-1	1-1-1-2-3-1-3-0-3-2-0-2	0-1-10-0-3-2-3-3-0-3-0-1	2-1-0-1-0-2-3-1-1-0-3-0	0-2-0-1-2-1-0-1-3-2-1-1	1-1-2-3-3-3-1-2-1-2-0-2	3-2-3-3-1-2-0-3-0-1-1-2	1-1-1-1-0-1-1-0-1-1-1-1
485	3	3-2-3-4-2-2-2-4-3-3-4-4	3-2-2-4-0-4-3-2-3-2-4-2	5-4-5-7-1-4-2-5-2-1-2-3	4-4-4-1-1-4-2-1-1-1-1-9	1-6-3-1-10-2-4-4-2-3-1-1	4-1-1-3-2-1-2-0-2-0-0-4	4-1-2-4-4-3-2-2-0-2-4-5	3-0-4-4-3-5-2-1-5-3-6-3	3-3-4-4-6-6-6-4-2-3-1-3	6-4-3-4-4-2-4-2-5-5-4-2	2-3-4-2-2-3-6-4-4-1-4-3	3-1-3-4-4-1-3-3-3-4-3-2
485	4	4-4-5-3-4-6-5-4-5-4-6-5	5-6-5-3-5-3-4-4-4-5-3-5	4-3-3-4-4-3-5-6-7-5-5-5	3-3-5-1-1-3-2-4-5-11-5-3	1-3-7-1-3-5-3-3-5-4-1-1	3-11-1-2-3-6-5-5-4-4-4-4	3-5-5-3-3-4-5-2-8-6-3-5	5-1-3-3-3-3-5-1-3-5-3-2	3-3-3-3-6-5-3-3-8-5-0-4	3-3-4-5-3-3-3-6-3-3-3-6	3-11-8-5-11-4-3-3-3-4-5-6	3-1-3-3-3-7-3-3-1-3-4-5
485	5	5-4-4-5-4-4-4-4-4-4-4-4	4-2-4-6-8-4-6-6-6-4-6-4	3-6-3-8-6-6-6-6-4-4-4-6	6-3-4-6-6-6-4-10-4-4-4-3	6-4-6-1-3-4-6-6-4-5-1-9	6-6-6-5-3-8-6-6-4-4-0-6	6-7-4-3-6-5-4-6-4-2-6-6	4-5-5-6-6-3-4-11-3-4-5-6	3-3-6-6-11-5-3-6-4-4-5-4	3-6-3-4-6-7-1-4-6-3-3-7	4-4-4-4-4-5-3-3-0-6-4-3	3-5-5-3-3-1-6-3-3-6-11-4
485	6	4-6-4-6-6-4-4-6-4-4-4-4	4-8-7-5-5-3-5-5-5-4-5-5	3-5-3-5-5-5-5-4-8-4-4-5	5-7-7-5-5-5-8-5-8-4-7-3	5-3-5-1-3-6-5-5-7-6-1-5	5-5-8-2-8-4-5-5-4-6-0-5	5-5-4-3-5-6-8-5-4-9-5-5	4-5-5-5-5-3-8-5-3-6-3-7	3-3-5-5-4-5-3-5-8-6-6-4	3-1-6-7-5-8-5-4-5-3-3-4	3-5-4-4-3-5-3-3-3-5-6-4	3-5-3-3-3-1-5-7-1-5-6-4
485	7	8-7-8-8-8-8-7-7-8-8-7-7	8-6-6-7-8-9-7-7-9-4-8-8	7-8-8-10-7-9-8-7-8-8-8-7	7-8-6-7-5-8-9-7-6-4-6-7	7-8-4-7-8-6-8-8-6-7-7-10	7-7-6-8-10-9-6-8-7-4-0-5	9-7-7-3-7-7-9-8-7-10-9-9	4-7-9-6-5-9-9-9-7-10-7-8	9-8-7-7-7-7-9-8-4-7-7-3	7-11-7-11-8-9-6-7-8-8-8-11	8-4-7-7-9-9-8-3-8-7-4-7	9-5-7-7-8-9-6-8-9-8-9-4
485	8	7-7-11-10-7-7-7-7-7-7-7-11	7-6-7-9-7-7-10-10-7-4-7-7	3-9-7-5-10-9-9-7-7-7-7-8	9-7-7-10-9-10-7-5-8-4-8-3	10-7-3-9-7-8-9-9-6-8-10-9	9-9-6-7-6-7-9-7-4-4-0-9	11-9-6-8-9-8-6-7-4-7-10-9	4-8-5-9-10-3-6-10-8-4-10-7	11-7-9-9-8-7-3-7-4-8-8-9	7-10-8-7-7-10-9-9-9-7-7-5	7-8-4-7-7-7-7-3-7-8-9-8	6-8-7-8-7-1-8-7-10-7-8-4
485	9	7-11-8-8-10-9-7-7-7-7-7-7	7-10-7-8-7-7-8-8-7-7-7-8	8-8-7-7-8-8-10-8-10-8-10-8	8-9-11-8-8-8-7-5-10-9-10-3	8-7-3-8-7-10-10-8-9-9-1-8	8-8-8-10-9-7-8-10-9-9-10-9	7-8-10-8-8-9-10-8-9-9-5-8	7-10-7-8-8-7-7-8-8-7-8-7	7-7-8-8-9-8-3-8-9-8-9-8	7-8-9-10-10-7-8-8-8-7-7-9	3-8-8-11-7-7-7-3-7-8-8-9	7-8-3-8-7-7-9-7-7-7-7-7
485	10	7-11-8-8-9-11-7-11-7-7-7-7	7-9-7-8-7-7-8-8-7-4-7-8	8-8-7-7-8-10-9-8-9-10-9-8	8-8-10-8-8-8-9-5-9-4-9-3	8-7-4-8-3-9-9-8-10-10-8-7	11-4-8-9-7-1-10-9-10-10-9-10	11-8-2-8-9-10-9-9-10-7-8-8	10-9-5-9-8-3-6-8-11-7-8-7	10-7-10-10-8-5-9-7-4-8-8-11	10-8-10-9-9-8-9-4-10-7-10-10	9-8-4-4-4-10-7-3-8-8-10-10	6-5-3-8-8-1-9-7-8-7-8-4
485	11	11-10-8-8-11-10-7-11-7-8-7-7	7-11-11-8-11-11-8-11-11-11-7-8	11-11-11-11-11-8-10-9-10-11-7-11	10-11-9-11-11-11-7-11-9-4-11-3	8-7-11-11-11-9-10-11-9-11-8-7	11-4-11-11-11-7-11-11-11-11-11-11	8-11-11-10-10-9-11-11-11-11-7-8	11-11-11-10-11-10-11-5-10-11-7-7	8-10-5-11-8-11-11-8-11-11-11-10	10-11-11-7-11-8-11-11-10-11-7-11	7-4-4-9-4-10-7-7-7-10-11-11	7-8-10-0-9-11-11-7-11-11-10-11
486	0	0-0-0-0-0-0-0-0-0-0-0-0	0-0-0-0-0-0-0-0-0-0-0-0	0-0-0-0-0-0-0-0-0-0-0-0	0-0-0-0-0-0-0-0-0-0-0-0	0-0-0-0-0-0-0-0-0-0-0-0	0-0-0-0-0-0-0-0-0-0-0-0	0-0-0-0-0-0-0-0-0-0-0-0	0-0-0-0-0-0-0-0-0-0-0-0	0-0-0-0-0-0-0-0-0-0-0-0	0-0-0-0-0-0-0-0-0-0-0-0	0-0-0-0-0-0-0-0-0-0-0-0	0-0-0-0-0-0-0-0-0-0-0-0
486	1	1-1-1-1-1-1-1-0-1-1-1-1	1-1-0-1-0-1-2-2-2-2-2-2	2-1-2-0-2-0-2-0-0-0-2-1	2-2-2-1-0-2-0-1-0-0-0-2	0-2-4-1-2-0-2-0-2-0-0-1	0-2-0-0-1-1-0-0-0-0-0-0	1-0-0-1-0-2-0-0-0-1-0-0	1-0-2-0-1-2-0-0-1-1-2-0	0-1-2-0-2-0-2-1-0-1-0-1	0-1-1-0-0-0-0-0-1-2-1-1	0-0-1-0-2-1-1-3-3-1-0-1	1-1-1-1-1-1-1-1-1-1-1-1
486	2	2-2-2-2-2-1-2-2-2-2-2-2	1-1-0-2-0-2-1-1-1-1-1-1	1-3-1-6-3-3-1-3-0-3-1-2	3-1-1-2-2-3-0-4-3-0-2-1	2-1-3-3-1-2-3-3-1-0-3-3	3-1-3-0-0-2-3-2-2-0-0-4	3-4-0-1-3-1-3-3-2-2-3-3	2-4-2-3-2-1-0-8-2-1-1-3	2-1-1-3-8-0-1-3-0-2-3-2	2-2-1-3-3-2-3-2-3-1-0-2	3-2-1-0-1-1-1-1-2-2-3-1	1-2-2-1-2-2-3-1-2-2-2-2
486	3	3-3-4-2-3-4-3-3-4-3-3-4	3-4-4-2-4-4-3-3-3-4-4-4	3-4-2-3-2-4-4-3-4-2-4-3	2-3-4-2-2-2-3-3-4-4-4-1	2-3-2-3-4-4-4-2-3-4-4-2	2-8-4-3-3-4-4-2-3-3-6-3	2-2-3-1-2-3-6-2-3-4-2-2	4-4-7-4-2-4-6-4-2-5-3-2	7-1-4-2-5-3-1-2-5-3-4-3	2-2-4-3-2-2-2-4-2-1-1-2	7-8-8-4-8-2-3-1-1-2-2-5	1-2-3-1-0-3-2-1-2-2-3-7
486	4	3-3-3-5-3-3-3-3-3-3-3-3	4-3-3-2-3-3-3-3-3-3-5-3	3-5-5-2-3-3-3-5-3-3-3-5	5-6-4-6-2-5-8-2-3-3-3-1	2-6-1-6-6-3-3-5-3-3-3-8	3-5-3-4-6-3-3-2-3-3-0-2	2-2-3-1-5-3-3-5-4-3-4-3	3-2-6-3-2-5-4-6-2-6-5-6	6-6-5-2-2-6-8-5-3-4-3-3	5-6-3-5-6-2-0-3-6-6-5-2	6-2-4-3-1-5-6-6-6-6-3-4	3-2-4-3-6-6-3-6-5-5-3-3
486	5	6-5-6-4-6-6-8-6-6-6-7-8	6-6-6-2-7-6-6-6-6-3-4-6	5-6-7-7-6-6-6-7-6-6-6-6	6-5-6-7-6-6-6-5-6-3-6-8	7-7-5-7-5-5-6-5-6-5-7-5	5-6-6-5-6-6-6-6-6-5-0-5	6-5-5-5-6-5-5-6-6-7-4-6	5-2-4-6-5-6-5-4-4-3-4-4	5-4-6-4-7-3-6-6-7-5-2-5	4-6-5-7-4-2-6-5-4-4-4-2	4-7-5-3-5-8-4-4-6-5-7-5	5-5-5-8-4-7-7-4-4-4-5-5
486	6	7-5-5-8-5-5-5-5-5-5-5-5	5-5-5-7-5-5-5-7-7-5-8-5	1-7-4-2-7-5-7-5-5-5-5-7	5-4-5-5-7-7-5-7-5-3-7-1	7-5-8-7-4-7-7-7-5-5-5-7	5-3-7-6-5-5-5-5-5-5-3-6	5-2-5-5-5-6-3-5-5-5-7-6	5-7-4-7-7-5-8-7-2-4-7-4	4-4-5-7-7-4-5-5-5-7-7-3	4-7-5-5-4-5-5-5-4-4-6-2	4-2-7-3-3-5-4-4-5-4-5-7	5-6-6-7-4-4-5-4-7-6-7-3
486	7	6-5-5-6-5-5-5-5-5-5-5-5	5-5-5-6-5-5-6-6-6-5-6-5	5-6-5-5-6-7-6-5-5-5-7-6	6-7-7-5-6-6-5-6-5-3-6-1	5-5-5-6-7-6-6-6-7-7-5-6	8-3-6-5-7-8-6-5-7-7-3-7	6-2-5-8-8-7-3-6-7-5-6-6	7-6-3-6-6-5-3-6-8-4-6-4	7-7-8-6-6-3-7-7-5-6-6-3	8-6-7-5-6-2-5-8-8-4-6-2	3-5-3-3-3-5-7-3-5-7-5-7	8-8-5-7-6-5-5-5-6-2-6-3
486	8	8-7-6-6-8-5-5-8-5-5-5-5	5-5-8-6-8-5-6-6-6-8-6-6	8-8-8-5-8-5-7-5-5-8-5-8	7-8-5-8-8-8-4-8-8-3-8-5	6-5-8-8-8-8-7-8-8-8-6-6	7-3-8-8-8-7-8-8-8-8-8-8	5-8-8-7-7-8-3-8-8-8-5-5	8-8-3-3-8-5-6-6-7-7-3-5	7-8-8-8-2-6-8-5-5-5-6-6	7-6-8-8-8-2-8-5-7-8-5-8	4-3-3-8-3-5-5-5-5-7-8-8	7-7-5-5-7-8-8-5-8-8-6-3
487	0	0-0-0-0-0-0-0-0-0-0-0-0	0-0-0-0-0-0-0-0-0-0-0-0	0-0-0-0-0-0-0-0-0-0-0-0	0-0-0-0-0-0-0-0-0-0-0-0	0-0-0-0-0-0-0-0-0-0-0-0	0-0-0-0-0-0-0-0-0-0-0-0	0-0-0-0-0-0-0-0-0-0-0-0	0-0-0-0-0-0-0-0-0-0-0-0	0-0-0-0-0-0-0-0-0-0-0-0	0-0-0-0-0-0-0-0-0-0-0-0	0-0-0-0-0-0-0-0-0-0-0-0	0-0-0-0-0-0-0-0-0-0-0-0
487	1	1-1-1-1-1-1-1-1-1-1-1-1	1-1-1-3-1-1-0-2-2-1-3-0	0-3-0-3-2-2-2-2-0-3-0-1	2-0-0-2-2-2-0-5-1-3-1-0	1-0-0-2-2-1-2-2-1-1-7-2	2-0-2-0-0-3-2-2-1-1-3-2	3-3-3-0-2-1-0-2-3-1-0-2	1-4-1-2-3-2-1-3-1-0-0-0	1-0-2-3-3-0-0-2-0-1-4-1	0-2-0-0-2-1-0-3-2-0-0-3	3-1-0-1-1-3-0-1-3-1-1-0	0-2-1-1-0-1-3-0-1-2-1-1
487	2	2-3-2-2-2-2-2-2-2-2-2-3	1-3-2-1-1-3-0-3-1-2-1-3	4-1-4-1-1-1-3-1-3-1-3-3	1-3-2-1-1-1-0-2-1-1-3-2	3-0-5-1-1-1-3-1-2-2-2-1	1-6-5-0-2-1-3-1-2-2-6-2	6-1-4-3-1-2-5-1-2-4-0-1	2-3-3-3-1-3-1-2-1-4-4-2	0-2-3-1-2-3-7-1-3-2-2-3	0-1-2-6-1-1-3-2-1-3-2-1	3-1-7-2-6-0-2-3-1-1-1-2	6-1-1-3-0-1-7-2-6-1-3-6
487	3	3-2-2-2-3-3-3-2-3-3-3-2	4-2-2-1-3-2-4-2-4-4-4-4	2-4-5-1-3-1-2-5-2-1-2-2	4-3-4-4-1-4-4-1-2-1-2-3	2-7-2-5-5-2-4-4-2-3-4-7	1-1-2-3-5-1-2-2-2-2-1-4	1-1-1-4-4-0-2-4-1-2-1-2	2-1-2-2-1-4-1-1-4-3-5-4	5-6-2-1-1-3-5-1-6-3-2-5	4-5-1-2-4-1-2-1-4-4-4-1	5-1-3-2-5-5-6-5-4-1-2-3	5-1-3-2-4-5-1-6-4-5-2-1
487	4	4-6-4-2-4-4-4-4-3-3-4-3	3-5-5-1-6-4-3-5-3-3-3-3	2-3-4-4-5-6-5-6-5-5-5-4	3-3-3-3-1-3-3-3-5-6-5-3	1-3-2-3-3-5-5-3-5-2-3-3	7-5-2-3-3-1-5-1-4-4-2-4	5-5-2-3-3-4-2-5-4-2-3-5	2-1-2-2-4-3-6-5-3-4-2-3	3-3-5-3-2-4-2-5-5-4-1-2	3-1-4-2-3-1-5-4-3-3-3-1	3-4-3-2-3-3-3-3-3-4-5-4	3-3-3-7-3-2-6-3-3-3-1-1
487	5	6-4-6-6-4-4-5-5-5-5-5-5	5-4-4-1-3-6-6-6-4-3-6-3	2-6-6-6-6-3-6-3-4-6-4-5	6-3-5-6-6-6-4-6-6-1-6-3	6-3-7-6-3-4-6-6-4-5-6-6	2-6-6-5-3-3-4-5-4-3-2-5	4-4-4-5-4-7-2-4-4-2-6-4	2-6-3-6-6-3-7-6-5-3-6-3	3-3-4-6-6-4-3-4-4-5-6-3	3-6-5-4-6-6-2-2-3-3-3-1	3-1-3-2-3-3-3-3-3-5-4-5	3-2-5-6-3-3-1-3-3-3-5-2
487	6	7-7-5-5-6-7-6-6-7-6-5-7	6-4-4-5-4-5-5-5-7-6-5-7	7-5-5-5-5-6-5-7-7-5-5-5	5-6-6-5-5-5-5-5-5-4-5-3	5-3-5-5-6-6-5-5-6-6-5-5	7-7-5-6-6-7-6-5-6-6-2-6	2-1-2-6-7-6-2-5-6-4-5-5	6-5-2-5-5-3-4-5-5-3-5-3	6-3-6-6-5-4-6-6-3-5-5-3	7-5-6-2-5-1-2-6-7-3-3-1	5-6-3-2-2-7-3-3-5-6-4-6	2-7-6-5-5-6-4-3-2-2-7-2
487	7	7-6-7-5-7-7-6-7-6-5-5-6	6-7-7-5-7-7-5-7-6-7-5-6	7-7-7-6-7-7-6-6-6-7-7-7	7-7-7-7-7-7-6-7-6-7-7-5	5-3-7-7-7-7-6-7-7-7-1-5	6-7-6-6-7-6-7-7-7-7-2-6	3-7-7-7-6-7-7-7-7-7-6-7	7-6-7-7-7-6-5-5-6-3-3-7	6-7-7-6-1-7-2-6-7-7-5-7	6-3-7-2-7-1-7-6-6-7-3-7	3-7-2-7-2-6-3-3-3-6-7-6	7-6-3-4-3-7-7-3-7-7-6-7
488	0	0-0-0-0-0-0-0-0-0-0-0-0	0-0-0-0-0-0-0-0-0-0-0-0	0-0-0-0-0-0-0-0-0-0-0-0	0-0-0-0-0-0-0-0-0-0-0-0	0-0-0-0-0-0-0-0-0-0-0-0	0-0-0-0-0-0-0-0-0-0-0-0	0-0-0-0-0-0-0-0-0-0-0-0	0-0-0-0-0-0-0-0-0-0-0-0	0-0-0-0-0-0-0-0-0-0-0-0	0-0-0-0-0-0-0-0-0-0-0-0	0-0-0-0-0-0-0-0-0-0-0-0	0-0-0-0-0-0-0-0-0-0-0-0
488	1	1-0-1-1-1-1-1-0-1-1-1-2	1-0-0-2-0-1-2-0-2-1-2-1	3-2-3-3-2-2-2-2-3-1-2-2	2-2-2-3-2-2-0-1-2-0-0-5	0-8-1-0-4-0-2-2-1-2-1-2	2-2-0-2-3-1-0-2-0-0-5-2	5-0-0-2-2-0-0-2-0-0-0-0	0-0-0-2-0-3-0-0-0-1-3-7	0-3-2-2-1-4-0-3-2-1-0-3	0-1-1-2-0-0-1-1-2-3-0-0	5-2-1-2-1-3-1-1-0-0-1-1	1-0-1-0-0-1-0-3-1-1-1-1
488	2	1-2-2-3-2-2-2-2-2-2-2-1	1-3-3-1-0-3-1-4-1-2-1-1	1-1-1-2-1-1-1-3-1-3-3-1	1-1-3-1-1-1-3-1-1-2-3-1	3-1-0-0-1-2-1-1-3-1-1-1	1-1-0-1-0-1-3-1-0-2-0-2	0-2-2-1-1-0-0-1-2-0-1-0	2-0-1-1-0-2-3-0-2-4-2-1	2-1-3-1-1-1-2-1-5-0-0-2	0-0-0-1-2-2-3-2-1-0-0-2	0-6-2-2-2-1-1-0-2-2-1-3	1-2-2-2-0-2-0-1-1-0-1-2
488	3	3-2-3-2-3-3-3-3-3-3-4-4	4-2-2-4-0-2-4-4-4-2-4-1	1-4-6-5-5-5-4-4-4-4-2-4	4-1-5-4-4-5-2-4-4-2-4-7	4-2-4-4-1-4-4-4-2-1-4-7	3-5-4-3-3-5-4-4-0-3-0-5	5-5-0-5-4-5-4-4-2-3-3-4	2-5-4-4-4-1-2-5-5-9-1-1	3-1-2-4-6-0-3-1-7-5-4-5	4-3-3-5-4-3-4-2-4-1-0-3	6-4-3-2-2-1-1-3-8-3-4-2	3-4-3-4-4-3-5-1-3-1-3-6
488	4	4-4-3-4-4-4-4-4-4-3-3-4	3-5-4-3-0-4-3-5-5-3-3-5	4-3-5-3-3-3-5-3-5-3-5-3	3-1-3-3-3-3-5-3-5-5-5-1	3-1-3-3-1-5-5-3-4-3-3-3	1-1-5-3-4-3-5-3-8-4-7-3	6-6-7-1-3-3-3-3-7-7-3-5	2-4-3-5-3-3-5-3-3-2-1-3	3-1-5-3-4-1-2-6-5-4-3-5	3-5-0-3-3-5-3-4-5-3-5-4	7-3-9-4-6-3-1-5-3-3-6-5	3-3-3-3-3-3-3-5-1-8-5-5
488	5	4-5-3-5-4-5-5-5-5-3-3-5	3-6-6-3-5-6-3-4-4-6-3-4	1-3-3-3-3-3-6-6-4-3-6-5	3-1-6-3-3-3-7-3-6-7-4-1	3-1-3-6-3-4-6-5-6-5-7-3	1-3-4-3-5-3-6-4-5-5-1-3	3-3-8-1-3-3-5-3-5-4-3-6	6-3-3-4-3-6-4-3-3-6-1-6	4-1-6-3-5-5-5-6-6-7-4-3	3-4-9-6-6-4-3-6-4-5-4-4	6-3-5-5-6-5-1-6-2-4-4-4	3-6-3-3-3-3-3-4-1-4-4-4
488	6	6-6-3-7-4-5-6-8-6-6-6-9	7-5-5-3-5-5-7-7-7-5-8-7	7-7-8-3-6-8-7-7-8-4-5-6	7-8-7-3-3-3-4-3-5-5-5-3	5-7-8-5-7-5-7-6-5-6-8-3	3-8-5-3-6-3-5-3-5-5-0-3	7-4-5-6-6-3-5-7-4-4-9-5	6-3-3-4-3-7-5-6-6-6-2-5	7-1-7-5-3-0-7-8-5-6-3-7	9-6-8-7-5-3-4-5-6-7-8-3	5-2-2-5-4-9-1-8-7-6-4-6	6-5-6-7-7-6-3-6-8-6-6-5
488	7	8-5-7-9-4-7-8-7-6-6-8-8	6-5-5-7-6-8-6-6-6-8-6-6	6-6-8-9-8-9-8-6-6-8-8-7	8-6-6-7-8-8-5-7-8-5-7-3	8-6-3-8-6-7-8-8-7-7-5-8	8-9-8-7-6-7-8-8-5-7-4-8	8-8-4-6-8-6-7-8-4-4-8-5	5-8-9-8-8-6-9-9-8-6-8-1	6-1-6-8-9-7-6-6-5-5-8-6	8-8-6-6-8-8-8-5-7-6-6-7	8-7-2-5-9-6-1-6-6-8-8-8	4-7-6-6-6-6-8-6-7-7-8-5
488	8	7-9-7-7-7-9-9-6-9-6-7-9	9-5-5-7-8-7-6-6-9-7-6-9	9-6-6-7-7-6-7-7-6-7-7-7	7-6-6-7-7-7-9-7-7-7-7-9	7-1-6-7-8-7-9-7-8-8-6-7	7-7-7-3-6-6-7-7-8-8-5-8	7-7-5-6-7-8-9-7-8-8-7-5	8-7-7-7-7-6-4-9-7-8-7-8	8-8-7-7-7-8-6-6-5-5-7-7	7-7-6-8-7-7-7-9-8-6-6-7	7-8-2-8-8-6-1-6-6-7-7-8	6-7-8-6-8-6-7-6-6-7-7-7
488	9	9-8-7-7-9-8-8-9-8-7-7-8	8-5-9-7-9-9-6-9-9-9-6-8	9-9-9-7-9-9-9-8-9-9-8-9	8-9-9-9-9-9-8-9-8-9-9-8	7-6-9-9-8-9-8-9-9-7-8-9	9-9-8-8-9-7-8-9-9-9-9-9	6-9-9-9-7-9-8-9-9-7-6-9	9-9-7-8-9-9-7-8-7-6-8-9	3-9-6-7-7-9-9-6-5-5-7-6	6-9-5-9-9-9-9-9-8-9-5-9	7-9-4-9-7-6-1-6-9-9-9-9	9-8-6-6-6-9-9-6-9-9-7-9
489	0	0-0-0-0-0-0-0-0-0-0-0-0	0-0-0-0-0-0-0-0-0-0-0-0	0-0-0-0-0-0-0-0-0-0-0-0	0-0-0-0-0-0-0-0-0-0-0-0	0-0-0-0-0-0-0-0-0-0-0-0	0-0-0-0-0-0-0-0-0-0-0-0	0-0-0-0-0-0-0-0-0-0-0-0	0-0-0-0-0-0-0-0-0-0-0-0	0-0-0-0-0-0-0-0-0-0-0-0	0-0-0-0-0-0-0-0-0-0-0-0	0-0-0-0-0-0-0-0-0-0-0-0	0-0-0-0-0-0-0-0-0-0-0-0
489	1	1-2-1-2-1-1-1-0-1-1-1-1	1-0-0-1-0-2-1-0-0-1-2-2	3-1-2-0-2-2-2-2-0-1-5-0	2-2-4-1-1-2-0-1-2-0-0-0	0-1-1-2-2-0-2-2-0-0-1-1	0-5-0-1-0-1-0-0-0-0-0-2	1-0-0-1-2-0-0-0-0-1-0-0	1-0-0-0-0-2-0-0-2-1-2-0	1-2-2-0-0-0-2-2-0-0-1-0	0-2-1-0-0-1-0-0-1-2-1-0	0-0-1-1-4-1-1-1-0-1-0-1	1-0-1-1-0-1-1-2-1-1-1-1
489	2	2-1-2-1-2-2-2-2-2-2-2-3	3-3-0-3-0-1-3-3-3-3-3-3	1-3-3-3-5-1-3-3-4-3-1-3	3-1-3-3-3-3-0-3-3-1-3-2	2-1-8-3-1-2-3-3-1-2-3-5	2-8-3-2-2-4-3-3-0-2-0-4	1-4-3-1-3-0-2-3-0-2-2-3	0-5-3-3-2-1-3-8-3-1-1-0	2-1-1-3-4-5-1-3-3-2-3-3	3-2-1-2-3-3-3-4-3-1-0-2	2-4-2-4-0-2-1-1-0-2-3-1	3-3-2-1-2-2-3-1-2-2-2-4
489	3	3-4-2-4-3-3-3-3-3-3-3-4	2-4-4-2-0-4-2-4-2-2-2-4	4-2-2-2-2-2-4-2-4-2-4-2	2-2-2-2-2-2-4-2-4-5-4-2	2-1-1-2-3-2-4-2-4-3-2-2	2-4-4-2-3-2-4-2-3-3-0-3	1-2-2-4-2-3-4-2-3-5-2-4	5-2-2-2-2-1-6-0-2-6-1-3	4-1-4-2-3-2-8-4-4-3-2-2	2-3-3-7-2-4-4-3-2-4-3-3	8-2-8-3-8-2-1-3-6-2-2-3	6-2-2-4-2-5-2-3-6-3-6-6
489	4	4-3-3-3-3-3-4-3-5-4-4-3	5-3-3-2-5-3-5-3-5-3-5-5	7-5-5-2-3-5-3-6-3-5-3-3	5-5-6-6-2-5-6-1-3-3-3-5	2-8-1-4-5-3-5-5-3-2-5-8	5-3-3-4-7-2-3-6-3-0-0-2	5-2-4-6-5-4-3-5-3-4-6-3	6-2-6-5-2-5-3-5-3-4-5-5	6-5-5-5-2-4-6-5-5-4-3-4	5-8-1-0-5-3-3-2-5-5-6-2	6-2-6-3-4-6-5-6-5-2-2-4	3-2-5-3-6-6-2-6-6-5-2-2
489	5	4-8-2-5-6-5-5-5-4-5-4-4	4-6-6-2-4-6-4-6-4-3-4-4	4-4-4-2-2-4-6-4-7-4-6-6	4-4-5-4-2-4-4-2-6-7-6-4	2-4-1-2-4-5-6-4-6-6-4-2	4-1-3-4-4-2-6-5-5-5-3-5	6-2-5-8-4-5-5-4-5-3-4-6	5-2-2-4-2-4-3-4-5-5-4-4	5-4-4-4-3-2-4-6-7-6-2-4	4-3-5-6-4-3-2-5-4-4-4-3	4-2-1-3-3-3-4-4-4-2-2-5	5-2-4-6-4-3-2-4-4-4-5-6
489	6	7-6-6-8-5-5-6-6-6-6-6-7	4-5-5-6-4-5-7-7-5-6-7-7	1-7-7-2-7-8-7-4-7-7-5-7	7-4-6-7-7-7-4-7-7-5-7-4	7-4-1-7-4-7-7-6-5-4-8-7	5-1-7-8-3-2-5-4-5-5-3-6	7-5-5-4-5-6-6-5-5-6-7-5	4-2-4-6-6-4-3-8-8-5-4-4	8-4-4-7-7-2-4-5-5-5-6-4	4-7-1-5-7-7-4-3-4-4-4-7	4-6-4-3-3-4-4-4-4-7-2-1	3-7-6-5-4-3-7-4-4-4-3-3
489	7	8-8-6-6-7-8-8-6-8-6-6-6	6-5-5-6-7-8-6-6-8-6-6-6	4-6-6-6-6-7-6-4-8-6-7-6	6-7-7-6-6-6-8-6-6-7-6-4	6-5-7-6-7-6-6-7-7-7-6-6	6-1-8-7-4-2-6-5-7-7-0-7	8-2-5-7-7-7-7-6-7-6-6-5	7-2-2-8-6-8-3-5-7-7-6-4	7-4-7-6-7-7-7-5-5-7-6-2	7-6-7-7-7-6-3-3-8-7-4-6	5-7-7-3-3-8-4-7-7-6-7-7	5-7-7-7-7-3-6-4-2-4-6-2
489	8	8-5-6-6-8-7-7-8-7-6-6-8	4-5-8-6-8-7-7-8-8-8-7-8	8-8-8-6-8-8-6-7-7-8-5-8	6-8-8-6-8-8-7-8-8-8-6-4	6-4-8-8-8-8-7-8-8-8-6-8	8-8-7-6-8-2-8-8-8-8-8-8	7-8-8-8-5-8-8-8-8-6-4-4	8-8-2-7-8-7-8-6-6-5-4-8	6-7-8-8-2-8-8-5-5-8-6-0	7-4-8-8-8-2-8-7-7-8-4-8	3-8-3-8-3-7-4-4-8-7-8-8	8-7-6-5-8-8-0-4-8-8-2-8
490	0	0-0-0-0-0-0-0-0-0-0-0-0	0-0-0-0-0-0-0-0-0-0-0-0	0-0-0-0-0-0-0-0-0-0-0-0	0-0-0-0-0-0-0-0-0-0-0-0	0-0-0-0-0-0-0-0-0-0-0-0	0-0-0-0-0-0-0-0-0-0-0-0	0-0-0-0-0-0-0-0-0-0-0-0	0-0-0-0-0-0-0-0-0-0-0-0	0-0-0-0-0-0-0-0-0-0-0-0	0-0-0-0-0-0-0-0-0-0-0-0	0-0-0-0-0-0-0-0-0-0-0-0	0-0-0-0-0-0-0-0-0-0-0-0
490	1	1-1-1-1-1-1-1-1-1-1-1-1	0-2-1-0-0-1-0-1-0-1-0-2	1-0-0-0-0-0-2-2-0-0-2-1	0-0-0-0-0-0-2-0-1-2-2-1	1-0-1-0-0-2-2-0-1-0-2-1	4-0-0-0-0-0-2-0-2-1-4-2	1-2-2-0-0-0-0-0-1-1-4-1	1-0-0-1-1-0-2-2-0-1-0-0	0-0-2-0-1-0-4-1-0-5-1-2	0-1-4-2-0-0-2-1-0-0-0-0	4-0-7-0-1-0-0-1-0-0-1-1	0-0-0-0-0-1-0-0-0-0-4-1
490	2	2-1-2-2-2-1-2-2-2-2-2-1	3-1-1-2-0-2-3-3-0-1-3-3	3-3-3-4-2-4-3-3-0-3-1-3	3-0-3-3-4-3-3-4-2-1-3-2	3-0-3-3-0-3-3-3-1-1-3-3	1-4-3-2-2-3-3-4-1-1-0-3	3-1-1-0-3-2-3-3-2-2-3-3	1-4-4-3-2-3-7-4-2-2-0-0	0-0-3-4-4-3-0-3-0-2-2-3	7-4-0-1-3-4-3-1-3-0-3-2	0-2-0-0-0-4-2-0-0-3-3-1	0-3-2-0-0-0-2-0-2-3-2-2
490	3	3-5-2-1-2-3-3-3-3-3-4-4	2-5-5-2-3-2-2-4-4-2-2-4	4-2-2-2-2-5-4-5-4-2-4-4	2-3-2-2-2-2-3-2-4-3-4-2	2-0-2-2-4-2-4-2-4-3-2-2	2-2-4-0-3-2-4-3-3-3-5-3	2-1-3-3-2-3-4-2-1-3-2-2	3-4-4-2-2-4-5-5-2-3-5-0	3-0-2-2-3-2-3-2-4-3-2-2	4-2-1-6-2-2-4-3-2-4-2-2	0-2-0-6-6-4-0-4-0-2-2-3	0-2-2-5-0-4-2-0-2-2-2-3
490	4	4-3-4-4-3-3-4-4-4-4-3-3	4-3-3-2-6-3-4-5-5-3-5-5	6-2-6-2-4-5-3-4-3-5-3-5	5-5-5-5-2-2-5-2-3-1-3-5	2-7-4-2-5-3-5-3-3-4-4-2	1-2-3-4-5-2-3-2-3-3-1-3	5-2-2-5-4-4-3-4-5-3-5-7	1-2-5-3-2-3-3-2-5-4-5-5	5-5-5-2-2-4-5-7-3-4-2-4	5-5-1-3-5-2-3-3-5-5-5-2	5-2-6-3-7-5-5-5-5-3-4-4	0-2-7-3-5-5-2-6-1-5-1-2
490	5	6-3-5-6-5-3-5-5-5-4-5-7	4-3-3-5-4-4-5-4-4-6-4-4	4-6-4-6-6-5-4-3-4-6-6-6	4-4-4-6-6-6-4-2-6-6-6-4	6-4-7-6-4-5-6-5-4-4-5-2	6-7-3-7-4-5-6-5-1-3-3-3	4-1-5-4-7-5-5-4-4-7-6-6	5-6-4-6-6-4-3-7-6-4-6-4	4-4-4-6-7-4-4-6-4-4-6-3	4-6-3-1-4-6-3-3-4-4-4-6	4-5-4-3-3-4-4-4-4-5-5-4	0-5-5-3-4-4-5-4-6-4-6-5
490	6	5-3-5-5-5-7-7-5-7-6-7-7	6-3-3-5-4-7-5-5-7-6-7-7	4-5-4-5-5-6-5-5-7-5-4-5	5-6-6-5-5-5-7-5-5-6-5-4	5-4-4-5-6-5-7-5-6-6-5-2	7-7-7-7-4-7-5-5-6-6-3-6	7-5-7-3-6-6-5-0-6-5-5-5	6-5-5-5-5-6-6-5-5-4-5-4	6-4-4-5-5-6-4-5-4-4-5-6	4-5-6-3-5-5-3-3-7-6-4-5	4-5-4-3-3-7-4-4-5-7-6-6	7-7-5-6-4-6-6-4-5-4-5-5
490	7	7-6-5-5-7-7-6-7-6-4-6-5	6-7-7-5-7-7-5-7-6-7-6-6	7-7-7-5-7-7-6-6-6-7-7-7	6-7-7-7-7-7-4-7-3-7-5-4	5-4-5-7-6-7-6-7-7-7-5-7	6-7-6-5-7-7-7-7-7-7-7-7	6-7-7-7-5-7-7-7-7-5-5-7	7-7-5-6-5-6-2-5-5-4-4-7	4-4-7-6-5-7-7-4-7-3-5-5	4-4-7-7-7-5-7-6-6-7-4-7	4-7-1-4-4-6-4-4-4-6-7-7	7-6-4-3-4-7-7-4-7-7-2-7
491	0	0-0-0-0-0-0-0-0-0-0-0-0	0-0-0-0-0-0-0-0-0-0-0-0	0-0-0-0-0-0-0-0-0-0-0-0	0-0-0-0-0-0-0-0-0-0-0-0	0-0-0-0-0-0-0-0-0-0-0-0	0-0-0-0-0-0-0-0-0-0-0-0	0-0-0-0-0-0-0-0-0-0-0-0	0-0-0-0-0-0-0-0-0-0-0-0	0-0-0-0-0-0-0-0-0-0-0-0	0-0-0-0-0-0-0-0-0-0-0-0	0-0-0-0-0-0-0-0-0-0-0-0	0-0-0-0-0-0-0-0-0-0-0-0
491	1	1-1-0-1-1-1-1-1-1-0-1-1	0-2-1-0-0-2-0-1-2-0-0-2	0-1-0-0-0-0-2-0-0-2-2-2	0-0-0-0-0-0-0-0-2-2-0-0	0-0-0-0-0-2-2-0-2-1-0-0	2-0-0-0-0-0-2-0-1-1-0-0	2-0-2-0-0-0-0-0-0-2-2-0	0-0-0-0-0-0-2-0-0-1-0-0	0-0-0-0-1-1-0-0-2-0-0-0	0-0-4-2-0-0-0-1-0-0-0-0	1-4-2-0-0-0-0-0-0-0-0-1	2-0-0-0-0-1-0-0-0-0-0-0
491	2	3-1-2-2-1-1-2-1-2-0-2-2	2-1-1-3-0-1-0-3-1-3-0-1	3-2-0-4-3-3-3-0-0-3-1-3	3-3-4-4-3-3-0-2-3-1-3-0	3-0-2-4-0-1-3-3-1-2-8-3	3-4-3-0-2-3-3-3-1-0-0-3	1-4-1-3-3-0-2-3-0-1-1-3	1-2-2-3-2-3-1-8-2-1-3-0	1-0-3-3-4-3-0-3-1-2-2-3	3-3-0-1-1-3-0-2-3-0-0-2	0-1-1-0-1-2-0-0-0-2-3-3	1-3-2-0-0-1-3-0-0-0-2-4
491	3	3-4-3-3-3-3-3-3-3-3-3-3	2-4-4-2-0-4-0-4-4-2-2-4	4-2-2-2-2-2-4-2-2-2-4-4	2-2-2-2-2-2-6-2-2-4-4-0	2-0-2-2-0-4-4-2-4-3-3-2	2-2-4-0-4-2-4-2-3-3-7-3	3-2-4-2-2-3-6-4-0-5-2-2	3-2-2-2-2-4-6-0-2-5-2-0	3-0-2-2-3-2-0-2-1-3-2-2	2-2-1-4-0-2-5-3-2-2-3-2	3-1-3-4-0-0-0-0-0-2-2-2	0-2-0-0-0-3-2-0-0-0-6-2
491	4	5-3-3-5-3-3-5-5-4-4-4-5	4-3-3-2-4-3-5-3-5-4-5-5	8-5-5-2-3-5-3-5-3-3-3-3	2-7-5-2-2-5-2-2-3-5-5-4	2-4-4-2-6-3-3-5-3-5-4-8	1-2-3-4-4-2-3-2-1-0-0-5	4-2-3-6-3-4-3-3-0-3-6-6	2-3-2-3-2-5-2-4-6-4-6-7	6-5-7-2-2-0-6-5-3-3-2-4	5-6-1-3-5-2-3-2-5-5-5-2	6-1-4-3-0-5-6-6-6-2-2-0	5-2-4-6-6-6-2-6-0-7-3-2
491	5	5-5-6-4-6-6-6-7-6-6-6-8	6-6-5-6-7-7-6-5-4-6-4-6	5-6-6-6-6-6-4-6-6-6-6-5	5-5-6-5-2-4-6-7-6-6-6-4	7-4-3-7-4-5-5-5-6-6-6-5	6-6-6-4-6-6-6-6-6-5-0-5	8-6-5-5-6-7-3-6-5-7-8-6	5-5-2-4-5-6-6-6-5-3-6-5	5-4-8-6-6-5-6-5-7-8-2-5	5-0-5-8-5-6-6-7-4-4-4-2	8-8-5-6-6-8-4-4-8-5-6-6	8-5-5-6-5-7-7-4-5-6-3-8
491	6	6-6-5-6-5-5-5-7-5-5-5-6	5-5-5-7-5-5-5-6-7-5-7-5	6-7-5-5-7-5-7-5-7-5-5-7	7-4-5-7-7-7-5-7-5-5-7-7	7-5-7-7-4-7-7-7-5-5-5-7	5-6-7-5-5-5-7-5-5-3-0-7	5-5-5-4-5-5-3-7-5-5-7-5	5-7-4-7-7-5-8-7-8-4-7-4	4-4-4-7-7-5-5-7-5-6-7-4	5-4-6-5-7-5-7-5-4-7-4-7	4-5-5-5-5-5-4-4-4-5-5-0	5-7-6-4-7-4-7-4-7-5-7-5
491	7	6-8-5-6-5-8-5-6-5-5-6-8	5-5-6-6-5-5-6-6-6-5-6-6	4-6-6-5-6-6-6-5-6-6-6-6	6-4-7-6-6-6-8-6-6-5-6-8	6-4-6-6-7-6-6-6-7-5-5-6	8-7-6-8-7-5-6-5-7-7-3-7	8-5-5-7-6-7-3-6-7-5-6-5	7-6-2-6-6-5-5-6-6-3-6-4	7-7-7-6-6-5-5-6-5-5-6-3	5-6-7-5-6-5-6-5-8-6-6-6	6-7-6-5-8-5-4-6-6-7-5-7	8-8-6-7-7-5-6-4-6-4-6-5
491	8	8-6-6-6-5-7-5-8-5-5-6-7	5-5-8-6-8-5-6-8-6-8-6-7	8-8-8-5-8-5-6-5-5-8-7-8	7-8-8-8-8-8-7-8-5-8-8-7	6-4-8-8-8-8-7-8-8-8-6-5	5-8-6-7-8-7-8-8-8-8-8-7	5-8-8-6-6-8-8-7-8-8-5-5	8-6-6-7-8-5-6-6-6-5-5-5	7-8-8-7-6-0-8-6-8-5-6-3	6-8-8-5-8-2-8-5-7-8-5-8	5-5-8-8-5-5-7-4-5-5-8-8	5-7-7-5-0-8-8-4-8-8-6-5
492	0	0-0-0-0-0-0-0-0-0-0-0-0	0-0-0-0-0-0-0-0-0-0-0-0	0-0-0-0-0-0-0-0-0-0-0-0	0-0-0-0-0-0-0-0-0-0-0-0	0-0-0-0-0-0-0-0-0-0-0-0	0-0-0-0-0-0-0-0-0-0-0-0	0-0-0-0-0-0-0-0-0-0-0-0	0-0-0-0-0-0-0-0-0-0-0-0	0-0-0-0-0-0-0-0-0-0-0-0	0-0-0-0-0-0-0-0-0-0-0-0	0-0-0-0-0-0-0-0-0-0-0-0	0-0-0-0-0-0-0-0-0-0-0-0
492	1	1-1-1-1-1-1-1-1-1-1-1-1	1-0-0-2-0-1-0-0-0-1-0-0	0-2-0-2-2-2-0-0-0-3-1-1	2-0-1-2-3-2-0-3-1-1-1-0	1-0-0-2-0-1-2-2-1-1-0-0	1-1-2-0-0-2-2-3-1-1-0-0	2-1-1-0-2-1-1-0-1-1-2-2	1-1-3-2-1-0-4-7-1-0-0-0	1-0-2-2-3-1-0-3-0-1-3-1	0-3-1-2-2-1-2-3-2-0-0-3	0-1-0-0-0-2-0-0-0-1-2-0	0-1-1-0-3-1-2-0-1-3-1-1
492	2	3-3-2-2-2-2-2-2-2-2-2-3	1-3-3-1-0-2-1-2-3-2-0-3	3-1-0-1-1-1-3-4-3-1-3-1	1-2-3-1-1-1-7-2-3-3-3-0	3-0-5-1-1-1-3-1-3-2-4-0	1-1-4-0-2-1-3-1-2-2-2-2	6-1-4-0-1-4-5-1-2-4-1-1	2-3-0-1-2-3-3-3-1-4-0-2	0-0-1-1-2-1-7-1-4-2-1-7	0-1-2-1-1-1-3-2-1-3-0-1	3-1-1-2-7-1-0-0-0-1-1-2	0-1-1-2-0-1-1-0-1-4-5-4
492	3	3-2-4-2-2-2-3-2-2-3-3-4	3-2-2-4-0-2-4-2-4-3-4-2	6-4-5-4-2-1-2-2-2-4-2-4	4-4-4-4-1-4-4-1-2-2-2-4	2-4-4-4-5-1-4-4-2-7-3-7	1-4-2-4-3-1-2-1-2-2-1-4	4-1-2-0-4-3-2-4-2-3-4-2	3-2-5-2-1-4-2-2-4-3-3-5	5-5-4-1-1-3-5-1-5-3-1-3	5-5-2-2-4-1-2-2-5-5-4-1	5-1-4-4-5-4-5-4-4-1-1-3	3-1-4-4-4-5-1-3-4-5-4-1
492	4	4-6-3-7-4-4-4-4-4-3-3-3	3-5-5-3-6-4-3-4-3-5-3-3	7-3-6-3-5-6-5-6-2-5-5-5	3-3-5-3-1-3-6-1-5-6-5-3	1-3-3-3-3-5-5-3-5-4-3-3	3-3-2-3-3-1-5-1-4-4-2-4	2-5-4-0-3-4-4-5-4-2-3-6	4-4-1-3-4-3-5-6-3-4-3-3	4-3-5-3-4-3-3-5-2-3-2-2	3-3-4-5-3-5-2-4-3-3-3-1	3-5-3-6-3-3-3-3-3-3-5-4	3-3-3-3-3-2-1-0-3-3-3-2
492	5	5-5-7-6-4-4-5-6-7-5-6-7	3-4-4-6-4-6-6-6-5-4-6-4	6-6-6-7-6-1-6-4-4-4-4-6	6-3-4-6-6-6-4-6-4-4-6-5	6-3-6-5-3-4-6-6-4-5-6-6	1-5-6-5-3-3-6-6-4-4-2-5	5-4-4-5-3-7-2-4-5-2-6-5	3-5-3-6-5-3-2-5-5-4-6-3	3-3-4-5-6-3-3-4-3-4-6-2	3-6-4-4-6-4-6-2-3-3-6-1	3-5-6-2-3-3-3-3-3-5-5-5	3-6-3-6-6-3-5-3-6-3-6-1
492	6	5-7-5-5-6-7-7-5-7-6-5-7	3-4-4-5-4-5-5-5-7-6-7-7	5-5-4-5-5-6-5-7-7-6-5-5	5-6-6-5-5-5-4-5-5-4-5-5	5-3-5-5-6-6-5-5-6-6-5-5	7-6-5-5-3-7-5-5-6-6-2-6	2-1-2-5-7-6-6-7-6-7-5-5	6-5-3-5-5-7-7-5-5-4-5-3	6-3-6-5-5-3-6-6-3-3-5-2	7-5-6-5-5-4-5-6-3-4-5-1	3-6-5-4-2-6-3-6-4-7-6-6	4-7-4-5-5-6-6-3-5-6-5-1
492	7	7-6-5-5-7-7-6-7-6-5-5-6	3-7-7-5-7-7-5-7-6-7-6-6	7-7-7-5-7-7-6-6-6-7-7-7	7-7-7-7-7-7-2-7-7-7-7-5	1-3-7-7-7-7-6-7-7-7-5-5	6-7-6-6-7-6-7-7-7-7-2-7	6-7-7-5-6-7-2-7-7-7-7-7	7-7-7-7-7-6-6-1-6-4-3-5	5-7-7-6-1-7-7-6-7-7-5-2	6-3-7-7-7-1-5-6-7-7-3-7	3-7-3-7-3-6-3-3-3-6-7-7	7-6-3-4-2-7-7-3-7-7-5-7
493	0	0-0-0-0-0-0-0-0-0-0-0-0	0-0-0-0-0-0-0-0-0-0-0-0	0-0-0-0-0-0-0-0-0-0-0-0	0-0-0-0-0-0-0-0-0-0-0-0	0-0-0-0-0-0-0-0-0-0-0-0	0-0-0-0-0-0-0-0-0-0-0-0	0-0-0-0-0-0-0-0-0-0-0-0	0-0-0-0-0-0-0-0-0-0-0-0	0-0-0-0-0-0-0-0-0-0-0-0	0-0-0-0-0-0-0-0-0-0-0-0	0-0-0-0-0-0-0-0-0-0-0-0	0-0-0-0-0-0-0-0-0-0-0-0
493	1	1-1-1-1-1-1-1-1-1-1-1-1	1-1-1-1-0-1-0-3-2-1-2-0	0-0-0-0-2-0-2-0-0-3-1-2	2-1-0-3-3-2-0-0-1-0-2-0	1-0-0-2-2-2-2-2-0-1-0-0	3-0-2-2-1-4-2-1-0-1-0-2	2-3-1-0-2-0-1-2-1-1-0-2	0-3-3-2-1-0-1-0-1-0-0-0	1-0-0-3-3-1-0-0-1-0-4-0	3-3-0-2-2-3-2-1-2-0-0-4	1-3-1-1-8-1-0-0-0-2-2-0	0-1-1-0-0-1-4-0-1-1-1-1
493	2	2-2-2-2-2-2-2-2-2-2-2-3	1-3-2-1-0-3-0-3-1-2-1-3	0-1-0-4-1-0-3-4-0-1-3-1	1-1-0-1-1-1-5-0-3-2-3-0	1-0-0-1-1-1-3-1-2-2-0-0	1-0-4-1-2-1-3-1-3-2-4-1	1-1-2-0-1-2-4-1-2-2-0-1	2-0-3-1-1-3-5-2-2-2-2-2	2-0-3-1-4-4-8-3-3-2-1-3	2-2-2-1-3-1-3-7-1-3-0-1	2-2-0-3-3-5-2-2-0-1-1-0	3-1-0-0-0-6-1-2-1-2-3-2
493	3	3-2-4-5-2-3-3-2-3-3-3-4	1-2-2-4-5-2-3-2-4-2-4-2	3-4-5-7-3-4-4-4-4-4-2-3	4-4-5-4-1-1-4-0-2-0-2-0	1-5-0-4-5-2-4-4-2-3-3-0	4-0-2-3-7-8-2-2-2-2-2-1	8-1-2-0-4-3-2-4-2-1-6-2	5-1-5-2-2-4-2-2-1-3-3-5	3-3-4-1-1-3-5-4-2-3-1-4	4-1-3-2-2-1-2-2-4-2-5-1	5-1-3-2-2-6-6-8-5-1-2-4	2-1-6-0-6-1-1-3-4-4-2-1
493	4	3-5-3-4-4-5-4-4-4-4-3-3	1-5-5-3-7-3-3-4-3-4-3-5	2-3-3-2-1-3-5-5-5-6-5-5	3-3-5-3-1-3-8-0-5-5-4-0	1-3-0-1-4-1-5-3-5-4-6-0	4-0-2-3-3-1-5-7-4-4-2-5	7-4-7-0-3-4-2-3-4-2-3-1	4-1-1-4-4-3-7-4-1-4-4-3	4-3-3-3-2-7-3-3-5-7-1-3	3-1-4-8-3-1-5-4-3-4-0-1	3-7-4-4-7-3-3-3-3-1-5-3	5-8-3-4-3-3-1-3-3-3-4-3
493	5	5-4-8-7-5-4-5-5-5-5-5-8	5-4-4-6-3-6-8-4-6-6-6-4	7-6-7-6-6-6-4-7-6-3-4-6	6-3-6-5-6-7-4-7-4-4-5-7	7-3-8-5-3-5-6-6-4-5-8-6	6-6-6-5-2-1-6-5-4-4-2-6	7-1-4-5-6-5-5-6-4-4-7-5	3-6-3-6-5-3-2-5-5-4-5-3	5-3-6-6-5-5-3-6-4-4-5-4	3-5-5-6-6-5-6-5-6-4-7-1	3-6-5-4-5-3-3-5-3-6-6-5	4-7-3-6-3-1-5-3-5-5-5-5
493	6	5-6-5-8-7-6-6-6-5-5-6-5	5-7-6-5-7-5-5-7-5-5-5-5	7-5-5-5-5-5-7-6-5-4-7-5	5-6-5-5-5-5-7-5-7-7-7-5	5-3-5-5-4-7-7-5-6-6-4-5	5-5-5-6-6-3-5-6-6-6-7-6	5-5-4-5-5-6-7-5-6-6-3-5	6-5-3-5-5-3-2-5-5-4-5-8	5-3-5-5-6-3-7-5-7-4-5-3	3-5-6-5-7-6-5-6-5-4-5-6	3-5-8-8-7-3-3-3-7-5-5-5	7-5-3-5-3-2-5-3-6-5-5-5
493	7	8-8-5-5-6-8-8-8-8-7-5-5	5-6-6-5-4-8-5-6-8-7-8-8	6-5-5-3-5-5-6-5-8-7-6-7	5-7-7-5-5-5-8-5-6-6-6-5	5-3-7-7-0-6-6-5-6-7-1-5	8-5-6-6-3-1-6-6-7-7-6-7	5-1-4-6-8-7-6-8-7-4-5-5	7-7-1-6-5-8-2-5-8-3-5-3	7-7-8-5-5-4-6-8-4-4-5-4	8-5-7-6-7-6-6-2-8-7-5-7	3-7-7-6-6-8-7-5-5-7-7-7	8-5-7-5-5-4-7-3-5-6-5-2
493	8	8-7-5-6-8-7-7-8-7-5-5-5	7-8-8-5-8-7-5-8-8-8-7-8	8-8-8-5-8-5-7-6-7-8-8-8	7-8-8-8-8-8-7-8-6-8-8-5	1-3-8-8-8-6-7-8-8-8-5-8	7-8-8-7-8-3-8-8-8-8-8-8	7-8-8-8-7-8-8-8-8-8-3-5	8-8-8-7-8-7-8-5-7-7-7-6	5-7-8-8-5-8-8-5-8-4-8-7	7-8-8-8-8-4-8-5-7-8-8-8	4-8-6-6-1-7-7-3-8-7-8-8	8-4-3-4-6-8-8-3-8-8-7-8
494	0	0-0-0-0-0-0-0-0-0-0-0-0	0-0-0-0-0-0-0-0-0-0-0-0	0-0-0-0-0-0-0-0-0-0-0-0	0-0-0-0-0-0-0-0-0-0-0-0	0-0-0-0-0-0-0-0-0-0-0-0	0-0-0-0-0-0-0-0-0-0-0-0	0-0-0-0-0-0-0-0-0-0-0-0	0-0-0-0-0-0-0-0-0-0-0-0	0-0-0-0-0-0-0-0-0-0-0-0	0-0-0-0-0-0-0-0-0-0-0-0	0-0-0-0-0-0-0-0-0-0-0-0	0-0-0-0-0-0-0-0-0-0-0-0
494	1	1-1-1-1-1-1-1-1-1-1-1-1	0-1-1-1-0-0-0-1-0-1-0-2	5-3-3-3-1-2-2-2-0-3-0-2	2-0-0-2-4-2-0-1-1-0-1-1	1-0-1-4-2-1-2-2-1-1-1-4	3-3-3-1-1-6-2-4-1-1-3-1	3-3-1-0-2-0-1-2-1-1-0-2	1-3-3-2-3-0-1-7-1-1-0-0	0-0-2-3-3-4-0-3-2-1-1-1	0-2-0-2-2-3-0-3-2-0-0-3	3-3-0-3-0-1-0-0-0-1-1-1	0-2-1-3-3-1-3-0-6-1-1-3
494	2	2-2-3-2-2-2-2-2-2-2-2-3	2-3-3-1-4-3-0-3-3-2-3-3	2-1-3-2-1-1-3-3-3-3-3-1	1-2-3-1-1-1-0-1-1-2-1-1	2-0-1-1-1-1-3-1-2-0-0-1	1-0-4-1-2-1-3-1-2-2-2-1	3-1-3-3-1-2-3-1-2-2-0-1	2-1-1-1-2-3-3-0-2-4-2-0	2-0-1-1-2-1-0-1-1-2-2-2	0-1-2-1-1-4-1-2-1-3-1-1	6-1-0-5-0-0-0-0-0-1-1-4	0-1-1-7-2-4-1-0-1-0-4-1
494	3	3-2-4-2-3-2-3-2-4-4-3-4	4-2-2-4-4-4-4-4-4-3-4-4	2-5-5-1-3-4-2-5-2-4-2-3	4-5-2-4-1-4-4-1-2-2-2-4	1-7-4-1-5-1-4-4-3-7-4-7	1-1-1-3-3-4-2-1-2-2-1-4	7-1-2-5-4-3-2-4-3-2-5-4	2-1-5-2-1-4-2-1-5-3-5-5	5-5-4-1-1-3-5-4-6-3-1-3	5-5-2-2-4-1-4-2-4-4-5-1	5-1-3-1-5-5-5-5-5-5-4-3	4-1-4-1-5-5-1-5-5-5-1-1
494	4	4-4-3-4-4-5-4-4-3-3-4-3	3-5-5-3-3-3-3-5-3-5-3-3	7-3-6-4-1-3-5-3-5-3-5-4	3-4-4-3-1-3-5-1-5-4-5-3	1-3-6-1-3-4-5-3-4-5-5-1	5-5-2-4-3-3-5-1-5-4-2-3	5-5-4-4-3-4-2-3-4-2-4-4	4-1-1-2-1-3-6-4-3-4-3-3	4-3-3-3-2-1-2-3-2-6-4-3	3-1-4-7-3-5-3-7-3-3-3-1	3-4-3-2-3-3-3-3-3-3-3-3	3-1-3-5-3-3-1-3-3-3-2-1
494	5	5-4-3-6-4-4-4-6-5-3-5-5	5-4-4-6-4-3-6-6-3-4-3-3	6-3-6-3-6-7-6-6-6-6-4-6	6-3-5-6-6-6-4-1-6-4-6-3	6-3-5-5-3-5-6-6-4-5-6-6	4-4-6-5-3-3-4-6-4-5-0-6	6-4-4-3-3-7-2-1-4-4-6-6	3-6-3-5-6-3-4-6-7-3-6-3	3-3-3-6-6-3-3-3-3-5-5-2	3-3-5-6-6-6-7-2-3-3-3-1	3-3-3-2-3-3-3-3-3-6-3-5	3-6-5-6-3-3-5-3-3-3-6-1
494	6	7-7-3-5-6-7-7-5-7-6-7-7	6-4-4-5-4-7-5-5-7-4-7-7	7-7-5-5-5-6-5-5-7-6-6-5	5-6-6-5-5-5-7-1-5-4-5-3	5-3-5-5-6-6-7-5-6-6-5-5	7-6-5-5-3-1-5-5-6-6-2-6	5-1-4-6-7-6-2-5-6-2-5-5	6-5-3-5-5-7-4-5-6-3-5-3	6-3-6-5-5-3-6-7-3-4-5-3	6-5-6-5-5-7-6-6-7-6-6-1	2-6-3-4-3-6-3-1-5-6-6-6	7-5-6-5-5-1-5-3-5-3-5-1
494	7	7-6-7-4-7-7-6-7-6-5-6-6	6-4-7-5-7-7-5-7-6-7-6-6	7-7-7-6-7-5-6-6-6-7-7-7	7-7-7-7-7-7-6-7-7-7-7-6	1-3-7-7-7-7-6-7-7-7-6-3	7-7-7-5-7-7-7-7-7-7-7-7	3-7-7-7-6-7-7-7-7-7-3-5	7-5-7-6-7-6-7-1-5-3-3-3	6-5-7-7-1-7-3-6-7-7-5-7	6-3-7-7-7-6-7-6-6-7-3-7	3-7-4-5-3-3-3-3-3-6-7-7	7-7-7-2-0-7-7-3-7-7-5-1
495	0	0-0-0-0-0-0-0-0-0-0-0-0	0-0-0-0-0-0-0-0-0-0-0-0	0-0-0-0-0-0-0-0-0-0-0-0	0-0-0-0-0-0-0-0-0-0-0-0	0-0-0-0-0-0-0-0-0-0-0-0	0-0-0-0-0-0-0-0-0-0-0-0	0-0-0-0-0-0-0-0-0-0-0-0	0-0-0-0-0-0-0-0-0-0-0-0	0-0-0-0-0-0-0-0-0-0-0-0	0-0-0-0-0-0-0-0-0-0-0-0	0-0-0-0-0-0-0-0-0-0-0-0	0-0-0-0-0-0-0-0-0-0-0-0
495	1	1-1-1-1-1-1-1-1-1-1-1-1	0-2-1-0-1-1-0-1-2-1-0-2	1-0-0-0-0-0-2-2-0-0-2-0	0-0-0-0-0-0-2-0-2-0-2-0	0-0-0-0-0-2-2-0-1-0-0-0	0-0-0-0-0-0-2-0-2-1-1-0	0-2-2-0-0-0-1-2-3-2-0-0	1-0-0-0-0-0-2-0-0-1-0-0	1-0-2-0-1-0-0-2-1-0-0-1	0-4-1-2-0-0-0-1-0-1-0-0	2-0-2-0-1-0-0-0-1-0-0-1	1-0-0-2-0-1-0-0-0-0-0-0
495	2	2-1-2-2-2-1-2-2-2-2-2-1	3-1-1-3-0-2-3-3-3-3-3-3	2-3-3-5-3-4-3-1-0-3-1-2	3-0-4-2-3-3-1-6-3-1-3-2	3-0-3-3-0-3-3-3-1-0-3-3	3-3-3-2-2-3-3-4-1-1-0-3	2-3-1-0-3-2-3-3-2-1-3-3	1-2-3-3-2-0-1-7-2-2-0-0	0-0-1-3-4-2-0-3-2-2-3-3	3-3-0-1-3-2-3-1-3-0-3-2	1-2-1-0-0-2-0-0-1-3-3-2	0-3-2-3-4-2-2-0-2-3-7-2
495	3	3-3-2-3-3-4-3-3-3-3-3-3	2-4-3-2-4-3-2-2-2-2-2-4	1-2-2-2-2-4-2-1-4-4-4-4	2-4-5-2-2-2-6-2-5-5-4-2	2-4-2-2-4-2-2-2-4-3-2-2	2-2-5-0-3-2-4-3-3-3-3-2	5-2-4-4-2-3-2-2-3-3-2-2	4-0-2-2-2-4-5-3-2-3-5-3	3-3-2-2-1-3-4-2-5-3-2-2	2-2-4-1-2-5-2-3-2-3-2-2	3-3-7-3-6-4-0-3-4-2-2-3	4-2-2-3-0-3-2-0-0-2-2-3
495	4	4-5-5-4-5-3-4-4-5-4-4-4	4-3-3-2-5-5-4-4-5-5-4-5	4-5-5-4-4-5-4-4-5-5-7-4	5-5-5-5-3-5-5-4-3-4-3-4	4-7-3-4-5-3-5-4-3-4-6-7	5-4-3-5-6-5-3-2-5-1-3-2	7-4-4-5-5-4-5-5-3-5-7-5	3-4-5-2-4-5-3-2-2-4-7-5	4-5-4-2-2-4-5-5-6-4-2-5	5-7-4-7-2-2-3-4-5-5-5-2	5-5-5-4-5-5-5-5-5-5-5-4	5-2-4-5-5-5-2-6-2-5-4-5
495	5	4-4-4-4-4-4-4-4-4-4-4-4	4-3-3-7-4-4-7-6-4-4-4-4	4-6-4-2-6-4-6-6-7-4-4-6	6-4-4-4-6-6-4-2-6-3-6-4	6-4-5-6-4-5-6-6-3-5-4-2	4-5-6-4-4-4-6-6-4-3-3-6	3-3-3-5-5-5-4-4-5-4-7-6	5-6-4-6-6-4-3-5-5-5-6-4	4-4-6-6-5-4-4-4-3-5-6-4	4-6-5-4-6-6-6-4-4-4-4-6	4-5-4-3-4-4-4-4-4-4-5-5	4-6-6-6-6-4-5-4-6-4-6-4
495	6	4-7-4-4-4-7-4-4-4-4-4-7	4-3-3-5-4-4-5-5-4-4-5-5	4-5-4-5-5-6-5-5-5-5-4-5	5-6-6-5-5-5-4-2-5-6-5-4	5-4-7-5-6-6-7-5-6-6-4-2	7-7-5-7-4-4-5-5-6-6-3-6	7-5-3-6-6-5-4-7-6-1-2-5	6-5-3-5-5-7-3-5-5-5-5-6	6-4-6-5-5-4-4-7-4-5-5-4	5-6-6-5-5-5-5-4-7-6-6-5	4-4-4-3-3-7-4-4-5-6-6-6	6-5-6-6-5-1-5-4-5-4-5-2
495	7	7-6-5-5-7-7-4-7-4-4-4-6	4-7-7-5-7-7-5-7-4-7-5-6	7-7-7-7-7-7-6-6-5-7-4-7	7-7-7-7-7-7-6-7-7-7-7-6	5-4-5-7-6-7-6-7-7-7-6-4	6-6-6-6-7-4-7-7-7-7-7-7	6-7-7-7-5-7-7-7-7-7-6-6	7-7-3-6-7-6-5-5-6-5-4-5	4-5-7-7-2-7-7-6-7-4-5-1	5-4-7-4-7-6-7-6-7-7-4-7	4-2-1-3-4-6-4-4-4-6-7-7	4-7-6-4-4-7-7-4-7-7-2-7
496	0	0-0-0-0-0-0-0-0-0-0-0-0	0-0-0-0-0-0-0-0-0-0-0-0	0-0-0-0-0-0-0-0-0-0-0-0	0-0-0-0-0-0-0-0-0-0-0-0	0-0-0-0-0-0-0-0-0-0-0-0	0-0-0-0-0-0-0-0-0-0-0-0	0-0-0-0-0-0-0-0-0-0-0-0	0-0-0-0-0-0-0-0-0-0-0-0	0-0-0-0-0-0-0-0-0-0-0-0	0-0-0-0-0-0-0-0-0-0-0-0	0-0-0-0-0-0-0-0-0-0-0-0	0-0-0-0-0-0-0-0-0-0-0-0
496	1	1-1-1-1-1-1-1-1-1-1-1-1	1-2-1-0-0-1-0-1-2-1-0-0	1-0-0-0-2-0-2-0-0-2-2-0	0-0-2-0-2-0-0-0-2-0-2-1	1-0-0-0-0-1-0-0-1-0-0-0	0-0-0-0-0-0-2-0-1-1-0-0	0-1-1-0-0-1-0-2-1-1-2-2	1-1-0-0-1-0-3-1-0-1-0-0	1-0-0-0-0-0-0-0-0-1-1-0	0-0-0-2-2-1-0-1-0-0-0-0	2-0-3-0-1-0-0-1-2-0-2-1	1-1-1-1-2-1-2-0-0-1-0-1
496	2	2-2-3-2-2-1-3-5-3-2-2-3	3-1-1-4-0-3-4-2-3-3-3-3	2-3-5-3-3-4-3-2-4-3-3-3	3-3-3-3-3-3-3-4-3-1-3-2	4-2-3-3-4-1-3-3-2-4-4-3	4-3-3-3-2-4-3-3-1-2-0-3	3-3-1-0-3-0-3-3-2-2-5-3	1-4-3-3-3-2-1-4-4-2-4-2	0-0-3-3-5-2-0-3-3-3-3-2	2-3-1-1-3-5-3-3-3-0-3-5	1-3-0-2-4-4-1-1-1-3-3-3	3-3-3-2-1-0-3-0-5-0-2-5
496	3	2-3-2-3-2-2-3-3-2-2-3-2	2-5-3-2-2-2-2-4-2-2-2-4	0-3-2-2-2-2-4-5-2-2-4-2	2-4-4-2-2-2-2-2-4-4-2-0	2-0-2-2-2-4-4-2-3-3-2-2	2-2-2-2-3-2-4-2-3-3-7-2	2-2-3-0-2-3-2-2-3-4-0-2	3-2-2-4-2-0-1-2-2-4-3-0	3-0-2-2-3-2-0-2-4-2-2-2	0-4-3-4-2-2-5-2-4-3-5-2	8-4-1-3-3-2-0-4-1-2-4-2	2-2-2-2-1-4-2-0-2-4-7-1
496	4	2-4-2-4-2-4-3-4-2-2-2-2	2-3-3-2-0-3-2-3-2-2-2-3	2-4-2-2-2-2-5-5-5-5-5-4	2-3-5-2-2-2-2-2-3-5-3-2	2-0-2-2-2-3-5-4-5-2-2-2	2-2-3-3-4-2-5-2-4-4-8-2	2-2-3-0-5-0-5-3-4-3-0-5	5-2-2-3-2-0-5-2-2-4-4-0	8-0-3-2-3-2-8-2-9-2-3-4	2-3-3-5-5-2-2-5-3-3-5-2	4-3-9-7-8-2-0-3-5-2-3-6	4-2-2-2-5-3-2-0-4-3-7-7
496	5	5-5-6-5-5-5-5-6-5-2-5-6	5-3-4-6-2-5-5-8-6-4-6-4	7-5-2-5-5-7-4-4-6-4-4-5	5-5-4-6-2-6-4-2-4-4-6-8	2-5-2-7-7-4-4-6-4-5-2-2	6-6-3-2-4-6-4-2-3-4-4-2	9-2-5-7-6-5-4-3-3-3-2-4	4-2-8-6-2-7-4-2-7-5-5-0	5-8-7-6-2-5-5-6-4-5-2-2	5-6-5-4-4-2-3-4-7-5-4-2	3-5-6-4-9-9-6-8-6-5-4-1	5-6-5-5-6-5-7-5-5-5-5-2
496	6	7-7-7-8-7-7-7-7-7-7-7-7	7-7-7-5-8-8-7-7-7-7-7-7	6-5-7-8-7-7-7-7-7-7-7-7	7-5-7-7-6-5-8-8-7-8-6-5	8-5-7-5-5-6-7-6-7-8-8-6	7-5-7-6-4-9-6-6-7-6-4-6	6-7-7-5-7-6-7-7-6-8-6-7	7-6-8-5-6-5-6-7-2-8-7-9	6-5-5-5-8-7-7-5-7-6-9-7	5-5-6-6-7-7-6-6-5-5-5-2	6-9-6-6-9-6-5-5-5-7-7-8	8-9-5-5-5-8-8-9-6-8-6-9
496	7	6-6-6-6-6-6-6-6-6-6-6-6	6-6-6-8-6-6-9-6-6-6-6-6	5-8-6-6-8-6-8-6-8-6-6-6	8-5-6-6-8-8-6-8-6-6-8-5	6-5-6-5-5-8-8-8-6-6-6-8	6-5-8-7-4-5-8-7-6-7-3-8	7-6-6-5-6-7-6-8-6-6-6-7	6-8-5-8-8-5-4-6-5-6-6-6	6-5-5-8-8-6-6-7-6-6-8-6	9-8-7-8-8-6-6-4-5-6-8-9	8-5-6-4-8-6-0-5-8-8-6-7	6-8-8-5-8-6-5-0-8-7-8-8
496	8	6-6-6-6-6-9-6-6-6-6-6-9	7-6-6-7-6-6-7-6-6-6-6-9	9-7-6-6-7-6-7-6-7-6-7-7	7-8-5-6-7-7-9-6-6-6-7-5	6-5-5-5-5-7-7-7-8-6-6-7	6-6-7-7-3-9-7-7-8-8-4-7	9-7-6-5-7-8-6-7-8-6-2-6	6-7-5-7-7-5-4-6-2-6-7-8	9-5-7-7-7-6-6-8-6-6-7-6	7-7-8-7-7-6-6-6-9-6-7-2	7-8-6-4-4-6-9-5-7-7-6-7	6-7-7-5-7-6-6-6-7-7-7-7
496	9	9-6-6-6-6-8-6-9-6-6-6-8	6-6-9-7-9-6-7-9-9-9-7-8	9-9-9-6-9-7-9-6-7-9-8-9	8-9-9-9-9-9-8-9-6-9-9-8	6-5-9-9-9-9-8-9-9-9-2-2	9-9-9-6-9-8-8-7-9-9-9-9	8-9-9-5-7-9-9-7-9-9-6-6	9-9-9-8-9-9-9-7-7-5-6-6	8-9-9-9-6-9-9-5-4-2-7-5	7-9-9-9-9-6-9-6-8-9-4-9	6-6-4-4-6-5-8-5-6-6-9-9	6-6-5-5-7-9-9-6-9-9-7-6
497	0	0-0-0-0-0-0-0-0-0-0-0-0	0-0-0-0-0-0-0-0-0-0-0-0	0-0-0-0-0-0-0-0-0-0-0-0	0-0-0-0-0-0-0-0-0-0-0-0	0-0-0-0-0-0-0-0-0-0-0-0	0-0-0-0-0-0-0-0-0-0-0-0	0-0-0-0-0-0-0-0-0-0-0-0	0-0-0-0-0-0-0-0-0-0-0-0	0-0-0-0-0-0-0-0-0-0-0-0	0-0-0-0-0-0-0-0-0-0-0-0	0-0-0-0-0-0-0-0-0-0-0-0	0-0-0-0-0-0-0-0-0-0-0-0
497	1	1-1-2-2-1-1-1-1-1-1-1-2	1-2-1-2-3-2-2-2-2-1-2-2	1-2-1-3-2-2-2-3-2-2-2-2	2-0-2-3-1-1-2-2-1-2-2-1	2-2-1-0-1-1-2-1-1-1-3-1	1-2-2-0-2-2-1-2-2-1-4-2	2-2-1-1-1-1-0-2-1-1-1-2	1-1-3-2-1-2-1-1-1-3-3-1	1-1-0-0-2-0-1-1-2-1-1-1	1-1-1-2-1-1-2-1-7-1-0-1	1-8-4-2-2-2-1-0-4-1-1-1	3-1-1-1-1-1-1-1-0-3-1-1
497	2	1-1-1-1-1-1-1-1-1-1-1-1	3-1-1-3-1-1-1-1-1-1-1-1	1-3-1-1-1-1-1-1-1-1-1-1	3-0-1-4-3-3-1-6-3-1-3-1	6-1-8-5-0-3-3-3-1-1-1-3	1-1-4-6-2-1-3-1-1-1-0-3	1-1-1-0-3-2-2-3-1-2-0-3	1-4-4-3-5-1-8-6-2-0-1-0	0-0-3-3-4-3-1-3-1-3-4-2	0-5-1-1-3-4-3-1-3-1-0-5	7-4-0-1-1-1-0-0-0-2-3-2	1-3-2-5-5-7-5-0-0-0-2-4
497	3	3-3-1-3-1-1-1-1-1-1-1-1	2-3-4-2-1-1-1-4-1-1-2-1	1-2-1-1-4-1-4-1-1-1-4-1	2-3-3-1-2-2-4-2-2-4-2-1	1-1-2-3-3-2-4-2-3-4-1-2	1-6-2-3-3-1-4-3-3-3-3-2	3-2-1-0-2-3-6-2-3-3-0-2	1-2-1-2-2-1-6-2-3-1-1-1	5-0-2-2-3-2-4-2-1-2-2-5	1-2-3-4-2-2-2-6-2-3-0-2	7-3-8-3-7-1-0-0-0-2-2-2	1-2-2-4-1-1-2-1-1-4-3-1
497	4	1-3-1-5-1-1-1-3-1-4-1-1	5-3-3-2-1-1-5-5-1-5-5-5	7-5-5-1-3-1-3-5-5-5-3-5	5-5-6-5-5-5-3-2-3-5-5-5	2-0-2-5-6-4-5-5-4-3-5-5	5-5-2-5-6-1-3-5-1-3-1-5	5-1-3-0-5-1-3-5-1-2-5-5	6-2-6-5-2-5-3-5-5-4-5-6	6-5-5-5-2-4-5-5-1-5-2-6	5-6-2-3-5-5-3-3-5-5-5-2	6-2-1-3-1-6-5-5-6-5-2-4	4-2-4-3-6-2-2-5-6-3-3-2
497	5	5-5-4-8-6-5-5-1-1-5-5-4	4-6-5-2-7-1-4-4-6-4-4-6	0-4-4-4-2-4-6-4-6-6-6-4	4-4-6-4-4-4-6-4-6-7-6-4	2-1-2-4-4-5-6-4-6-4-4-4	4-4-6-4-4-1-6-4-5-5-1-4	4-2-5-8-4-5-3-4-5-7-4-4	1-2-2-4-2-4-7-4-4-5-4-4	3-4-6-4-3-2-4-4-1-4-2-3	4-2-3-6-4-4-2-3-4-4-4-2	4-6-8-4-3-4-4-4-4-4-2-5	4-6-5-3-7-2-2-4-4-3-5-2
497	6	6-6-8-7-5-5-8-7-4-8-6-6	4-5-5-7-6-7-8-7-7-4-8-7	6-7-7-8-7-8-7-7-5-7-5-6	7-4-7-6-7-7-5-2-5-4-7-0	2-0-6-2-4-7-7-7-5-6-7-7	7-6-7-2-4-1-7-7-5-3-0-7	7-1-3-0-5-6-3-5-5-3-7-6	4-7-4-7-7-1-3-2-8-4-7-4	4-0-7-7-7-2-7-7-1-6-7-4	4-7-6-3-7-8-7-3-4-4-7-2	4-6-6-3-4-4-4-4-4-7-2-6	3-7-6-7-4-4-7-4-7-0-7-2
497	7	6-7-6-6-5-8-8-8-8-7-7-8	4-5-5-6-7-6-6-6-6-4-6-8	8-6-8-8-6-6-6-5-5-6-6-6	6-7-6-4-6-6-8-1-6-5-6-8	6-0-6-6-7-6-8-6-7-7-6-6	8-8-6-7-7-8-6-6-7-7-3-6	8-2-1-0-8-7-8-8-7-5-6-6	7-6-2-6-6-1-5-6-6-3-6-4	7-7-7-6-6-2-6-6-1-4-6-4	4-6-7-6-6-2-6-1-8-4-6-2	3-7-6-8-3-7-4-5-6-6-7-7	3-6-8-6-5-2-6-4-6-4-6-2
497	8	8-7-6-6-8-7-7-8-7-6-6-7	4-8-8-6-8-8-6-8-8-8-6-7	8-8-8-8-8-6-8-7-6-8-7-8	7-8-8-8-8-8-7-8-7-8-8-7	6-0-8-8-8-8-7-8-8-8-6-6	5-8-8-7-8-7-7-6-8-8-8-7	7-8-8-8-7-8-8-7-8-8-0-6	8-8-8-7-8-4-2-2-6-8-7-4	4-7-8-7-6-8-8-6-8-8-6-8	7-4-8-8-8-4-8-3-7-8-7-8	4-1-5-7-1-7-4-4-4-7-8-8	8-7-7-1-5-8-8-4-8-8-6-8
498	0	0-0-0-0-0-0-0-0-0-0-0-0	0-0-0-0-0-0-0-0-0-0-0-0	0-0-0-0-0-0-0-0-0-0-0-0	0-0-0-0-0-0-0-0-0-0-0-0	0-0-0-0-0-0-0-0-0-0-0-0	0-0-0-0-0-0-0-0-0-0-0-0	0-0-0-0-0-0-0-0-0-0-0-0	0-0-0-0-0-0-0-0-0-0-0-0	0-0-0-0-0-0-0-0-0-0-0-0	0-0-0-0-0-0-0-0-0-0-0-0	0-0-0-0-0-0-0-0-0-0-0-0	0-0-0-0-0-0-0-0-0-0-0-0
498	1	1-1-2-2-1-1-1-1-1-1-2-1	2-2-1-2-2-2-2-2-2-1-0-2	1-2-2-2-2-2-2-2-3-2-3-2	2-0-2-2-1-0-2-1-2-2-1-1	2-1-1-2-0-1-2-1-1-2-3-2	2-2-2-2-2-2-1-2-1-1-4-2	4-2-1-1-2-1-2-2-1-1-4-1	1-1-1-1-1-2-1-2-1-1-2-1	1-1-2-0-2-3-2-2-6-1-1-2	3-1-2-2-0-0-1-1-2-2-2-1	4-7-3-3-3-6-2-1-4-1-2-1	3-1-1-1-1-1-1-2-4-1-1-1
498	2	1-1-1-1-1-1-1-1-1-1-1-1	3-1-1-3-1-1-1-1-1-1-3-1	1-3-1-1-1-1-3-1-1-1-1-1	3-0-1-1-3-3-1-5-1-1-3-1	1-1-1-1-3-3-3-3-1-1-1-1	1-1-1-1-1-1-3-1-1-1-0-3	2-1-1-1-3-2-1-3-1-2-0-3	1-2-1-3-3-1-2-1-2-1-1-1	1-1-3-3-4-1-1-3-1-3-3-1	7-0-1-1-3-3-3-1-3-1-1-3	1-1-2-0-1-1-1-0-1-2-1-1	1-3-3-1-1-2-3-1-0-1-2-2
498	3	1-3-1-1-1-3-1-1-1-1-1-1	2-4-3-2-1-1-2-3-2-1-2-4	1-4-4-1-4-1-4-5-1-4-1-4	2-4-5-2-2-2-5-2-4-5-4-1	3-0-5-5-4-2-2-2-4-3-1-4	1-3-5-1-3-2-2-3-1-3-6-2	2-2-1-0-2-3-5-2-3-5-5-2	1-2-4-2-2-1-5-1-2-5-5-4	3-1-5-2-3-1-6-4-3-5-2-3	1-4-1-4-2-2-4-3-2-1-1-2	3-1-7-4-1-4-1-3-3-2-1-1	1-2-2-3-1-2-2-0-6-1-5-6
498	4	4-4-4-4-5-4-6-5-5-5-4-5	5-3-3-2-5-5-4-4-5-5-5-5	4-5-6-5-4-5-5-4-5-5-5-4	5-4-5-4-3-3-5-4-3-4-3-6	4-5-3-4-5-3-5-4-3-4-5-4	4-5-3-5-5-5-3-5-1-4-1-5	7-3-4-5-5-4-3-4-3-4-1-3	1-2-5-3-4-5-3-3-3-6-7-5	4-5-4-2-2-4-1-3-7-4-1-3	5-7-3-3-5-2-5-4-5-6-5-7	7-1-4-3-5-3-5-5-5-3-3-1	5-3-4-5-5-5-3-7-7-6-7-5
498	5	6-4-4-4-4-4-4-4-4-4-4-4	4-3-3-6-4-4-4-6-4-4-4-4	5-4-4-6-6-4-6-3-4-6-4-6	6-4-4-6-6-6-4-6-6-3-6-4	6-4-3-3-4-5-6-6-5-5-4-6	1-4-6-4-4-4-6-6-1-3-3-4	5-5-1-4-4-5-3-6-3-7-6-6	4-5-4-6-6-4-3-6-2-4-6-4	3-4-3-6-6-4-4-6-1-3-6-4	4-6-1-1-6-6-4-3-4-4-4-6	3-1-6-3-4-4-4-4-4-2-1-5	4-6-5-4-4-4-4-4-6-4-6-4
498	6	4-7-4-4-4-7-4-4-4-4-5-7	4-3-4-5-4-4-4-5-4-4-4-4	5-7-4-5-5-6-5-7-4-5-5-5	5-6-6-5-5-5-4-5-5-5-5-4	5-4-7-5-6-5-5-6-6-3-1-5	7-7-5-4-4-7-5-5-6-6-3-6	7-5-4-6-7-6-3-5-6-5-5-5	6-5-5-5-5-4-3-5-6-4-5-4	6-4-6-6-5-4-6-7-1-5-5-4	6-5-6-4-6-5-5-7-7-4-6-5	5-6-5-4-7-1-4-4-4-6-1-6	4-7-1-6-6-6-1-4-5-4-5-3
498	7	7-4-4-4-7-7-4-7-4-4-4-6	4-7-7-5-7-7-4-5-4-7-4-4	7-6-7-4-7-6-6-6-6-7-7-7	5-7-7-7-7-7-6-7-5-7-5-4	5-4-7-7-7-7-6-7-7-7-5-5	6-7-7-6-7-6-7-7-7-7-7-7	6-7-7-7-6-7-7-5-7-7-6-5	7-6-5-6-7-6-6-5-2-4-4-4	6-4-7-6-5-7-7-6-7-4-5-3	6-4-7-7-7-5-7-6-6-7-4-7	4-1-3-4-6-1-4-4-4-7-7-6	4-6-1-1-4-7-7-4-7-7-4-1
499	0	0-0-0-0-0-0-0-0-0-0-0-0	0-0-0-0-0-0-0-0-0-0-0-0	0-0-0-0-0-0-0-0-0-0-0-0	0-0-0-0-0-0-0-0-0-0-0-0	0-0-0-0-0-0-0-0-0-0-0-0	0-0-0-0-0-0-0-0-0-0-0-0	0-0-0-0-0-0-0-0-0-0-0-0	0-0-0-0-0-0-0-0-0-0-0-0	0-0-0-0-0-0-0-0-0-0-0-0	0-0-0-0-0-0-0-0-0-0-0-0	0-0-0-0-0-0-0-0-0-0-0-0	0-0-0-0-0-0-0-0-0-0-0-0
499	1	1-1-1-1-1-1-1-1-1-1-1-1	1-0-0-1-0-1-2-0-0-1-0-2	2-3-0-2-2-1-2-0-0-3-2-1	2-0-1-3-4-2-0-3-2-0-1-0	1-0-0-0-0-1-2-2-1-1-0-0	3-0-2-0-0-2-2-1-1-1-3-2	2-3-1-0-2-1-1-2-1-1-3-2	1-3-1-2-3-1-4-3-1-0-0-0	1-0-2-2-3-0-0-2-0-1-1-1	3-3-0-2-2-1-0-3-2-2-0-3	1-1-0-0-0-1-0-1-0-2-1-1	0-2-1-1-2-1-1-0-1-1-1-1
499	2	2-2-2-2-2-2-2-2-2-2-2-3	2-3-2-1-0-3-1-2-3-2-0-3	3-1-0-1-1-1-3-5-3-1-3-3	1-2-3-1-1-1-0-2-3-3-3-2	2-0-5-1-1-1-3-1-3-2-0-3	1-1-4-0-0-1-3-1-2-2-6-1	1-1-3-0-1-1-3-1-2-2-3-1	2-2-1-1-1-3-5-3-2-2-0-0	2-1-1-1-0-2-7-1-3-2-4-2	1-1-2-1-1-1-7-5-1-3-2-1	6-1-7-2-7-1-0-2-3-1-1-1	6-1-1-2-1-1-1-0-1-3-4-2
499	3	5-2-4-5-3-3-3-5-4-3-3-2	4-2-2-4-0-4-4-6-2-4-4-5	2-4-5-4-3-1-4-4-2-1-2-4	4-4-5-4-1-1-4-1-2-2-2-3	1-7-3-3-5-2-4-4-2-7-3-7	1-4-2-3-5-1-2-1-1-1-1-3	1-1-2-3-4-3-2-4-0-3-5-2	5-1-5-2-1-4-2-2-5-3-5-5	5-5-4-4-1-3-5-1-6-3-1-3	5-5-3-0-4-1-4-1-4-4-5-1	5-1-5-2-4-5-5-5-5-1-1-3	4-1-4-3-5-5-1-6-1-4-1-1
499	4	4-4-3-4-4-4-4-4-3-3-3-3	3-5-5-3-5-4-3-5-5-5-3-3	2-3-5-3-1-2-3-6-5-5-5-6	3-3-5-3-1-1-5-1-5-5-5-3	1-3-3-4-3-5-3-3-5-4-5-3	3-3-2-3-3-1-5-1-4-4-2-4	5-5-4-3-3-4-5-3-4-2-7-4	4-4-3-3-4-3-6-5-3-4-3-3	3-3-3-3-5-5-3-3-5-3-2-5	3-1-4-5-3-1-3-4-3-3-3-1	3-4-3-2-3-3-3-3-3-1-4-3	3-1-3-5-3-3-1-3-3-3-2-1
499	5	6-4-6-6-5-6-7-5-5-5-5-5	3-4-4-6-6-4-3-6-4-4-7-3	5-6-6-6-6-5-6-6-6-6-4-5	6-3-6-6-6-6-4-5-6-4-6-3	6-3-5-6-3-6-6-5-4-5-4-6	5-5-6-7-3-1-4-5-4-5-2-6	2-4-2-3-3-5-4-7-4-4-6-5	3-5-3-6-6-3-4-6-3-3-6-3	3-3-6-6-6-6-3-6-2-6-6-4	3-6-5-6-6-7-6-4-3-5-3-1	3-4-6-2-3-3-3-3-3-5-5-5	3-5-5-6-3-3-5-3-6-3-6-1
499	6	5-4-5-5-6-7-7-5-7-5-5-7	6-4-4-5-5-7-3-5-7-6-5-5	7-5-5-5-5-6-5-7-7-5-6-5	5-6-6-5-5-5-6-5-5-4-5-3	5-3-5-5-6-5-7-6-6-6-5-5	7-5-5-7-3-7-5-5-6-2-2-5	7-1-2-3-7-6-4-7-6-4-5-5	6-5-3-5-5-6-7-5-6-3-5-3	6-3-5-6-5-5-3-6-3-5-5-4	6-5-6-5-5-1-5-6-7-6-3-1	2-6-5-7-2-5-3-6-2-6-6-6	7-7-6-5-6-6-6-3-5-3-5-1
499	7	7-4-5-5-7-7-6-7-6-5-5-6	6-7-7-5-7-7-3-5-6-7-5-5	7-6-7-6-7-7-6-6-6-7-4-7	5-7-7-7-7-7-6-7-6-7-5-3	5-3-7-7-7-7-6-7-7-7-4-5	6-7-7-6-7-6-7-5-7-7-2-6	6-7-7-7-6-7-3-7-7-7-5-7	7-6-5-6-7-6-6-5-6-3-5-4	6-7-6-6-5-7-7-6-7-4-6-2	5-3-7-7-7-6-7-6-6-7-3-7	3-7-7-7-2-3-3-3-3-6-7-7	7-6-7-2-1-7-2-3-7-7-6-7
500	0	0-0-0-0-0-0-0-0-0-0-0-0	0-0-0-0-0-0-0-0-0-0-0-0	0-0-0-0-0-0-0-0-0-0-0-0	0-0-0-0-0-0-0-0-0-0-0-0	0-0-0-0-0-0-0-0-0-0-0-0	0-0-0-0-0-0-0-0-0-0-0-0	0-0-0-0-0-0-0-0-0-0-0-0	0-0-0-0-0-0-0-0-0-0-0-0	0-0-0-0-0-0-0-0-0-0-0-0	0-0-0-0-0-0-0-0-0-0-0-0	0-0-0-0-0-0-0-0-0-0-0-0	0-0-0-0-0-0-0-0-0-0-0-0
500	1	1-1-1-2-1-1-1-1-1-1-2-1	1-2-1-2-2-2-2-2-2-1-2-2	1-1-2-2-2-2-2-2-3-2-2-2	2-1-2-2-1-2-2-2-2-2-1-1	2-3-1-2-1-1-2-1-1-2-3-1	4-2-2-3-2-2-2-2-1-1-4-2	1-1-1-1-2-1-0-2-2-1-1-1	1-1-2-1-1-2-2-2-1-1-1-1	1-1-1-1-2-2-2-2-2-1-1-1	2-1-2-2-1-1-2-1-2-2-3-1	1-8-4-2-1-2-2-1-1-1-2-2	2-1-1-1-1-1-1-2-1-1-1-2
500	2	1-1-1-1-1-1-1-1-1-1-1-1	1-1-1-4-1-1-1-1-1-1-3-1	1-4-1-1-3-1-3-1-1-3-1-3	3-3-1-1-3-3-1-2-3-1-1-1	1-1-3-3-1-3-3-3-1-1-1-3	3-1-4-1-1-4-3-4-1-1-5-4	3-4-1-1-3-2-2-3-1-1-0-3	1-2-3-3-4-1-1-8-4-0-2-0	2-0-3-4-4-1-1-3-1-2-3-1	1-3-1-1-3-4-1-1-3-1-1-4	1-2-0-1-1-1-1-1-1-3-3-1	1-3-2-1-1-1-3-1-2-2-2-4
500	3	1-3-1-3-3-1-1-1-1-1-1-1	1-4-4-2-1-1-1-2-1-1-2-2	2-2-1-1-2-2-4-4-1-2-4-4	2-2-4-2-2-2-1-2-2-2-4-1	3-1-2-2-0-2-4-2-4-3-1-2	2-2-2-1-3-2-4-2-3-3-7-3	2-2-1-5-2-3-4-2-3-3-0-2	1-2-2-2-2-1-6-2-2-1-1-1	1-3-2-2-3-1-1-2-1-3-2-3	1-2-4-1-2-2-1-3-2-1-1-2	1-2-8-6-1-1-1-7-1-2-2-1	1-2-2-0-1-1-2-1-0-1-1-1
500	4	5-4-4-5-4-1-1-1-1-1-4-5	4-3-3-2-1-1-4-4-1-1-5-5	6-5-7-1-4-5-3-5-5-2-3-3	4-4-4-4-2-2-4-5-3-5-3-4	1-8-4-4-6-3-3-5-4-4-1-0	1-2-2-4-4-2-3-2-1-1-1-4	4-2-3-8-4-4-3-5-1-1-6-2	4-2-6-3-2-5-3-2-2-4-6-4	6-6-6-2-2-1-0-2-1-4-2-4	6-6-3-4-3-2-1-3-6-6-5-2	6-2-1-3-1-6-6-6-5-1-2-4	1-2-4-4-5-4-2-6-6-6-1-2
500	5	6-7-7-8-7-6-8-6-6-6-6-6	6-6-5-2-7-6-4-6-6-6-6-6	5-6-6-7-6-6-6-6-6-6-5-6	6-5-6-7-5-6-6-7-6-7-5-6	7-4-6-6-5-5-6-5-6-5-7-5	6-6-6-7-6-6-5-6-6-5-1-5	6-6-5-5-4-5-3-6-6-7-8-6	6-5-2-5-5-6-5-6-2-5-6-8	5-4-5-5-7-6-6-6-7-7-5-6	6-5-5-6-6-8-6-5-5-5-6-2	5-7-7-3-6-5-4-5-8-8-6-5	8-8-5-8-6-7-7-5-5-5-5-8
500	6	5-5-6-7-5-5-5-5-5-5-5-6	5-5-5-6-7-5-5-7-5-5-7-5	4-7-5-5-7-5-7-5-5-5-7-7	7-4-5-5-7-7-5-5-5-5-7-5	5-4-7-7-4-7-7-7-5-5-5-7	5-5-7-6-5-5-6-5-5-3-3-5	7-5-5-7-5-6-3-5-5-5-7-5	5-7-4-6-7-5-3-7-7-5-7-4	4-4-4-6-8-5-5-7-5-5-7-5	5-7-5-5-7-7-5-1-4-4-7-2	7-5-5-3-5-4-4-4-7-5-5-5	1-6-6-7-7-5-5-4-7-7-7-7
500	7	6-5-5-6-5-5-5-5-5-5-5-8	5-5-5-6-6-5-6-6-5-5-6-5	4-6-5-5-6-5-6-5-5-5-6-6	6-7-7-5-6-6-5-5-5-5-6-4	5-4-6-6-7-6-6-6-7-7-5-6	8-5-6-5-7-6-7-5-7-7-3-7	8-5-5-7-7-7-3-6-7-5-6-5	5-6-6-6-6-5-3-6-6-4-6-4	7-4-7-6-5-5-7-7-5-5-6-5	7-6-7-5-6-6-5-8-8-7-6-6	6-5-5-3-5-8-4-7-6-7-5-7	5-6-5-7-6-5-5-4-6-6-6-6
500	8	8-5-6-6-8-5-5-8-5-5-5-7	5-5-8-6-8-5-7-8-8-8-7-7	8-7-8-6-8-5-7-5-7-8-5-8	7-8-8-8-8-8-7-8-7-8-8-7	5-4-8-8-7-8-7-8-8-8-5-6	7-8-7-7-8-8-8-8-8-8-8-8	7-8-8-8-7-8-8-8-8-8-5-5	8-8-6-7-8-7-6-6-6-7-5-5	7-4-8-7-6-8-8-7-8-5-6-1	7-4-8-8-8-2-8-7-7-8-5-8	4-5-3-8-5-5-4-4-5-5-8-8	5-5-7-5-6-8-8-4-8-8-6-5
501	0	0-0-0-0-0-0-0-0-0-0-0-0	0-0-0-0-0-0-0-0-0-0-0-0	0-0-0-0-0-0-0-0-0-0-0-0	0-0-0-0-0-0-0-0-0-0-0-0	0-0-0-0-0-0-0-0-0-0-0-0	0-0-0-0-0-0-0-0-0-0-0-0	0-0-0-0-0-0-0-0-0-0-0-0	0-0-0-0-0-0-0-0-0-0-0-0	0-0-0-0-0-0-0-0-0-0-0-0	0-0-0-0-0-0-0-0-0-0-0-0	0-0-0-0-0-0-0-0-0-0-0-0	0-0-0-0-0-0-0-0-0-0-0-0
501	1	1-1-1-1-1-1-1-1-1-1-1-1	0-1-1-0-0-1-0-1-2-1-0-2	1-0-0-0-0-0-2-0-0-1-2-2	0-0-2-0-0-0-0-0-2-2-2-1	1-2-8-0-0-2-2-0-2-0-0-0	2-0-2-0-0-0-2-0-2-1-0-0	2-2-1-0-0-1-0-2-0-3-2-0	1-1-0-2-1-0-2-5-1-3-0-0	1-1-0-0-1-1-0-2-2-0-1-0	0-1-1-4-0-1-4-1-0-0-0-0	0-2-2-0-0-0-0-0-0-0-0-1	2-0-0-0-0-1-1-0-0-0-0-2
501	2	2-2-2-2-1-1-2-1-2-2-2-2	2-1-1-2-0-1-4-1-1-2-3-1	1-3-4-4-3-3-3-4-3-6-1-3	3-3-4-3-4-3-0-2-3-1-1-0	4-1-6-3-0-1-3-3-1-2-2-3	3-3-3-2-2-4-3-3-1-2-1-4	1-1-1-2-3-0-3-3-2-1-1-3	2-2-2-3-6-0-1-4-4-1-2-0	1-0-3-3-6-3-0-3-1-2-6-2	5-6-0-1-3-6-3-2-3-0-0-4	0-8-1-2-0-3-0-1-1-2-3-2	1-3-2-3-0-1-2-0-5-0-7-2
501	3	3-3-3-3-3-3-3-3-3-3-3-3	2-5-4-2-3-3-2-4-1-2-2-4	4-2-3-2-2-2-4-3-4-2-4-2	2-2-2-2-2-2-4-2-2-3-4-0	2-0-2-2-0-4-4-2-2-3-2-2	2-2-4-0-5-2-2-2-1-3-5-3	4-5-3-0-2-3-8-2-5-4-2-2	3-2-2-4-2-0-1-0-3-5-0-0	5-0-2-2-1-2-5-2-1-5-2-3	0-2-3-0-4-2-2-3-2-2-0-2	4-2-1-3-0-2-5-0-5-2-2-2	1-2-2-2-0-5-2-0-0-0-3-2
501	4	4-3-5-4-3-4-3-4-4-4-4-5	2-3-3-2-4-4-2-3-5-4-5-5	3-2-5-2-6-5-3-2-3-5-3-6	5-6-2-5-2-2-3-2-6-6-3-0	2-0-2-6-2-3-5-2-5-0-6-2	2-6-3-4-4-2-5-2-1-4-3-5	3-10-3-2-2-3-9-5-4-3-2-5	3-2-2-5-2-4-8-2-2-6-2-0	3-0-2-2-2-6-10-6-10-3-2-6	2-2-5-5-6-2-5-6-2-0-0-2	3-2-4-4-6-4-0-0-8-2-5-4	1-5-4-4-5-4-2-6-4-6-3-4
501	5	5-5-5-4-3-4-6-5-5-4-5-4	5-3-3-2-4-6-5-6-6-4-4-4	6-6-4-2-4-6-6-6-6-4-4-4	6-6-6-4-2-4-6-8-3-4-3-6	2-5-2-4-5-4-6-5-4-5-1-5	6-4-4-6-3-4-4-0-5-3-3-8	3-3-4-5-6-5-2-4-4-3-5-4	3-2-5-4-2-0-4-6-9-3-6-10	3-9-6-2-5-4-5-5-6-3-2-4	6-3-5-4-4-2-6-5-0-5-6-2	8-2-4-5-4-4-3-9-3-5-4-5	5-4-5-5-4-5-2-5-2-4-3-3
501	6	6-6-6-4-3-6-6-7-6-6-6-6	5-3-3-7-7-5-6-5-5-7-4-5	5-7-8-8-4-5-5-5-7-4-5-4	5-8-5-4-2-7-6-2-4-4-3-5	2-6-7-4-8-3-5-6-4-6-4-2	5-6-3-5-6-7-4-2-6-3-4-6	9-3-1-6-5-6-3-4-4-8-2-4	6-3-2-7-2-6-9-5-6-8-5-0	8-0-5-2-2-6-6-4-5-6-2-4	10-2-9-5-4-2-5-4-6-6-6-2	8-2-7-4-4-10-9-9-4-2-7-6	6-4-6-6-6-6-7-6-1-4-3-8
501	7	9-7-8-7-8-8-8-9-10-8-7-7	8-8-9-6-8-8-8-8-8-8-7-8	7-8-8-10-7-8-8-8-9-8-8-8	7-7-8-9-8-6-8-7-8-7-8-7	9-7-6-9-9-8-8-7-6-8-9-7	7-7-8-8-7-8-6-8-8-7-3-6	7-7-7-7-7-7-7-8-7-7-8-8	7-7-7-6-8-9-9-9-7-6-7-7	7-7-7-8-8-7-5-8-9-7-2-4	7-7-7-6-8-10-8-7-6-10-6-6	7-10-6-7-7-4-7-7-10-7-8-7	6-6-7-10-8-7-8-8-7-4-6-7
501	8	7-7-7-7-7-7-7-7-7-7-7-7	7-7-7-9-7-7-9-7-7-7-7-7	8-9-7-7-9-7-9-7-7-7-7-7	9-7-7-9-9-9-7-9-7-6-9-6	7-7-10-9-6-7-9-9-4-7-7-9	7-6-9-7-6-7-9-7-5-8-3-9	6-6-7-6-5-8-3-9-7-8-9-7	7-9-7-9-9-6-10-10-10-6-9-7	10-0-7-9-9-7-5-9-7-7-9-6	9-9-6-6-9-8-9-7-6-6-9-9	5-2-4-4-6-6-6-6-9-9-7-6	5-9-7-9-9-6-7-7-4-8-8-6
501	9	7-10-7-7-7-10-7-7-7-7-7-7	7-7-7-8-6-7-8-8-7-7-7-7	7-8-7-7-8-7-8-7-7-7-7-8	8-9-9-7-8-8-10-8-7-6-8-6	7-6-8-8-9-8-8-8-9-7-7-8	7-9-8-10-9-6-8-8-9-9-3-8	6-6-7-9-9-9-4-8-9-8-8-7	9-8-6-8-8-6-6-7-5-7-8-9	9-9-9-8-8-6-5-8-7-7-8-2	8-8-9-10-8-9-8-7-9-7-8-8	8-9-10-4-6-9-6-6-8-8-7-9	5-8-9-8-8-6-7-7-8-8-8-6
501	10	10-9-7-7-10-9-7-10-7-7-7-9	7-10-10-7-10-7-8-7-7-10-7-7	10-9-7-7-10-10-8-7-7-10-9-10	8-10-7-10-10-10-9-10-9-10-10-9	7-7-10-10-10-10-9-10-10-10-8-8	7-10-10-9-10-8-10-10-10-10-10-9	6-10-10-9-7-10-4-9-10-10-7-7	10-10-10-9-10-10-8-8-8-6-8-7	8-10-10-10-2-10-10-8-10-7-8-2	8-10-10-10-10-7-10-10-9-7-9-10	8-7-9-9-6-6-9-6-10-10-10-10	5-9-6-7-8-10-10-7-10-10-8-10
502	0	0-0-0-0-0-0-0-0-0-0-0-0	0-0-0-0-0-0-0-0-0-0-0-0	0-0-0-0-0-0-0-0-0-0-0-0	0-0-0-0-0-0-0-0-0-0-0-0	0-0-0-0-0-0-0-0-0-0-0-0	0-0-0-0-0-0-0-0-0-0-0-0	0-0-0-0-0-0-0-0-0-0-0-0	0-0-0-0-0-0-0-0-0-0-0-0	0-0-0-0-0-0-0-0-0-0-0-0	0-0-0-0-0-0-0-0-0-0-0-0	0-0-0-0-0-0-0-0-0-0-0-0	0-0-0-0-0-0-0-0-0-0-0-0
502	1	1-0-1-1-1-1-1-1-1-1-1-2	1-1-0-1-0-1-1-2-2-1-2-2	6-2-2-0-0-2-2-2-0-0-3-1	2-2-2-2-1-0-0-1-1-0-0-4	0-7-3-2-2-0-2-1-2-2-2-6	1-1-0-1-1-2-0-0-0-0-0-0	0-0-0-7-0-0-0-1-0-1-5-0	0-0-0-1-1-2-0-0-0-1-1-0	1-2-2-0-0-0-1-1-0-1-1-0	2-1-1-2-0-1-0-0-1-1-0-0	2-0-1-0-1-1-1-1-3-1-0-1	1-0-1-3-1-0-0-2-1-0-1-0
502	2	2-2-2-2-2-1-2-2-2-2-2-2	3-1-0-2-1-2-1-3-1-2-1-1	1-1-1-6-3-3-3-1-1-3-1-3	3-1-1-3-6-3-0-8-2-1-2-1	6-1-1-1-1-2-3-3-1-1-1-3	3-1-3-2-2-4-3-4-0-0-0-4	3-3-0-1-3-0-2-3-0-2-3-3	0-5-8-3-2-1-0-9-2-1-1-0	0-1-1-3-4-2-1-3-3-2-5-2	1-3-0-7-3-3-3-0-3-1-0-4	3-8-1-3-0-2-1-1-0-2-3-1	0-3-2-1-2-2-3-1-2-2-2-2
502	3	3-4-2-3-3-3-3-3-3-2-4-3	2-4-3-2-5-2-1-4-1-3-1-3	1-2-2-2-2-2-4-4-1-2-4-4	2-4-4-2-2-2-4-2-4-3-4-1	2-1-1-2-2-2-4-2-4-3-4-2	2-1-2-2-3-2-4-3-3-3-0-3	2-2-0-1-2-5-8-2-0-3-2-2	3-2-4-2-2-1-4-0-2-3-0-3	0-1-4-2-3-3-1-2-5-3-2-3	4-4-0-1-2-4-2-8-2-3-7-2	4-3-4-4-9-4-1-1-1-2-2-3	4-2-1-1-1-2-2-5-1-4-3-3
502	4	5-3-2-4-3-3-4-4-5-4-3-5	4-3-3-2-3-5-5-3-1-4-5-5	2-5-1-2-4-2-3-5-5-5-3-5	5-5-5-5-2-5-3-6-3-5-3-1	2-5-1-1-5-2-5-5-3-5-3-2	5-5-2-4-3-2-3-2-4-4-5-5	8-5-4-5-5-3-7-5-4-2-5-5	3-0-3-5-2-5-6-5-3-8-5-4	5-0-3-5-5-5-9-5-8-3-2-8	5-5-6-4-6-5-3-5-5-5-7-2	3-3-5-3-3-7-5-3-1-4-2-6	3-2-4-1-4-5-4-6-5-3-7-7
502	5	4-5-2-4-6-5-5-5-5-4-5-4	4-7-6-2-7-4-4-6-1-4-4-4	1-4-7-4-2-7-6-4-7-8-6-4	4-4-4-4-2-4-8-2-6-4-6-1	2-4-1-4-4-6-6-4-6-4-6-4	4-4-3-4-3-2-6-8-3-5-4-4	6-4-7-4-4-3-6-4-0-8-1-4	5-2-2-4-2-4-8-4-2-8-4-4	5-5-7-4-4-8-9-6-3-3-2-4	4-4-0-4-4-4-6-5-4-4-4-2	6-4-5-3-3-5-8-5-1-4-8-5	5-2-4-1-5-5-2-3-4-6-4-6
502	6	7-6-7-7-5-5-6-8-6-6-6-7	7-5-5-7-5-7-7-6-7-4-8-7	1-7-8-8-7-6-7-4-7-7-5-5	7-8-7-8-7-8-5-8-5-4-8-1	2-1-1-7-1-5-7-7-5-4-8-8	7-7-7-9-6-2-7-7-3-3-0-8	7-5-5-1-7-6-5-7-0-5-8-7	6-7-5-7-8-1-4-8-9-5-5-4	0-1-5-7-6-5-1-5-5-7-7-7	7-7-4-5-4-7-7-3-7-8-4-8	5-6-7-3-3-4-5-1-8-7-7-4	5-7-6-6-5-2-8-4-6-5-6-5
502	7	6-7-6-9-8-5-9-7-7-4-7-6	6-5-7-6-5-6-6-8-6-4-6-6	8-6-6-2-6-6-8-6-6-5-8-6	6-7-8-6-6-6-8-2-8-4-7-1	2-1-1-6-6-8-8-6-7-4-6-6	6-6-6-8-7-2-6-6-7-7-3-7	6-5-5-1-6-9-8-6-0-7-6-6	7-8-3-6-6-6-5-6-2-5-8-9	0-1-5-6-4-4-1-4-7-6-6-5	8-6-7-2-8-6-6-7-6-4-4-6	7-8-9-9-8-4-9-1-1-6-6-7	5-6-6-6-9-8-6-8-4-5-4-8
502	8	9-9-9-9-7-9-9-6-9-8-6-9	6-7-7-6-5-9-6-7-9-4-9-6	7-6-6-6-6-8-7-6-9-5-7-6	6-6-8-6-6-6-9-2-7-4-6-1	2-9-1-1-1-7-7-6-8-8-6-6	9-1-6-7-8-2-8-5-8-8-0-6	9-5-7-9-7-8-7-7-8-5-6-6	8-7-2-6-6-1-5-6-9-5-6-8	8-8-9-6-6-5-7-9-7-6-6-4	7-6-8-7-7-6-7-3-8-6-8-6	7-8-7-7-7-9-5-1-6-8-8-8	9-6-8-1-8-7-6-7-7-5-8-7
502	9	9-8-9-7-9-8-8-9-8-8-9-9	6-7-9-6-9-9-6-9-9-9-8-9	9-9-9-9-9-6-8-7-8-9-9-9	8-9-9-9-9-9-8-9-7-9-9-1	9-8-9-9-9-9-8-9-9-9-6-9	9-9-9-6-9-4-9-9-9-9-9-9	8-9-9-9-8-7-9-9-9-9-9-6	9-9-2-9-9-8-5-2-8-9-5-9	8-9-8-9-2-9-5-8-7-3-9-4	8-9-9-9-9-5-9-8-8-9-9-9	9-9-7-7-3-8-7-7-9-8-9-8	9-8-6-5-7-9-9-9-9-9-8-9
503	0	0-0-0-0-0-0-0-0-0-0-0-0	0-0-0-0-0-0-0-0-0-0-0-0	0-0-0-0-0-0-0-0-0-0-0-0	0-0-0-0-0-0-0-0-0-0-0-0	0-0-0-0-0-0-0-0-0-0-0-0	0-0-0-0-0-0-0-0-0-0-0-0	0-0-0-0-0-0-0-0-0-0-0-0	0-0-0-0-0-0-0-0-0-0-0-0	0-0-0-0-0-0-0-0-0-0-0-0	0-0-0-0-0-0-0-0-0-0-0-0	0-0-0-0-0-0-0-0-0-0-0-0	0-0-0-0-0-0-0-0-0-0-0-0
503	1	1-1-1-1-1-1-1-1-1-1-1-1	1-1-0-3-0-1-0-2-0-1-1-0	2-3-0-2-2-2-2-0-0-2-1-2	2-0-0-3-2-2-0-1-2-0-1-0	1-0-1-0-2-2-2-2-1-1-6-2	2-3-2-0-0-2-2-3-1-1-3-3	3-1-1-0-2-1-3-2-1-1-3-2	3-1-1-2-3-0-1-3-1-0-0-0	0-0-2-2-3-2-0-3-0-1-3-1	0-3-1-0-2-3-2-1-2-0-0-3	3-3-0-0-0-0-0-0-0-1-1-1	0-2-1-0-0-3-2-0-3-2-1-3
503	2	2-3-2-2-2-2-2-2-2-2-2-3	1-3-2-1-0-3-1-3-3-2-1-3	4-1-1-1-1-1-3-6-0-1-3-1	1-0-2-1-1-1-2-4-3-4-3-4	5-0-4-2-1-1-3-1-2-2-1-1	1-4-3-0-2-1-3-1-2-2-4-2	5-1-2-3-1-2-4-1-2-2-0-1	3-2-3-1-2-3-4-5-2-5-0-0	2-0-1-1-2-1-3-1-0-2-1-2	1-1-2-3-1-1-4-2-1-3-0-1	0-1-0-3-3-0-0-3-0-1-1-2	3-1-0-3-0-2-1-0-0-1-1-1
503	3	3-2-2-2-2-2-3-3-3-3-3-2	3-2-2-1-4-2-3-2-4-3-1-4	5-5-5-1-3-5-2-3-2-4-2-4	4-3-3-4-1-1-4-1-2-2-2-0	1-4-2-3-4-2-4-4-3-2-5-0	2-1-2-0-4-6-2-1-2-2-2-1	1-1-2-2-4-2-1-4-2-2-1-2	4-2-4-2-1-4-3-1-4-3-4-4	4-6-4-1-1-4-4-4-4-3-1-3	4-4-3-2-4-1-2-2-4-4-4-1	4-1-5-4-2-4-4-4-4-1-3-4	2-1-4-2-4-4-1-4-6-5-1-1
503	4	4-4-6-6-2-4-6-4-4-6-4-5	3-2-2-4-3-2-4-5-5-5-5-3	2-5-3-6-5-2-5-3-5-5-3-5	3-3-3-5-5-5-3-2-5-2-5-2	1-3-2-5-3-4-5-5-3-4-4-5	4-2-5-4-3-3-5-4-2-4-2-5	3-5-4-2-3-4-2-6-2-4-5-5	3-5-3-5-5-3-2-4-6-3-5-3	3-3-3-5-6-3-3-3-3-4-5-2	3-3-4-2-3-3-5-2-3-3-3-5	3-4-3-3-3-3-3-3-3-5-4-3	3-4-3-5-3-3-5-3-3-3-5-5
503	5	4-6-4-4-5-6-6-6-6-5-4-6	6-4-2-4-5-5-3-4-6-4-4-6	3-4-3-4-4-3-4-3-4-4-5-4	4-5-5-4-4-4-6-5-4-5-4-6	2-3-2-4-5-4-4-4-5-5-4-4	6-3-4-6-5-4-4-4-5-5-2-4	6-4-4-5-4-2-6-4-5-4-4-4	5-4-4-4-4-3-6-2-2-5-4-3	5-5-3-4-4-3-2-4-3-4-4-2	3-4-5-5-4-4-4-2-6-5-3-4	4-5-3-3-2-6-3-3-3-4-5-5	2-4-4-5-5-4-4-3-4-3-4-4
503	6	6-5-4-4-6-5-5-6-5-4-5-5	5-6-6-4-6-6-3-4-5-6-4-5	6-6-6-4-6-6-6-5-6-6-5-6	5-6-6-6-6-6-5-6-6-6-6-5	4-6-6-6-5-6-5-6-6-6-1-4	6-6-4-5-6-3-6-6-6-6-6-6	5-6-6-6-4-6-6-4-6-6-6-4	6-4-6-5-6-6-4-4-4-3-4-6	5-3-6-5-4-6-6-4-6-3-4-2	4-3-6-6-6-1-4-4-6-6-3-6	3-4-5-3-3-5-3-3-3-6-6-6	6-5-6-6-5-6-6-3-3-6-2-1
504	0	0-0-0-0-0-0-0-0-0-0-0-0	0-0-0-0-0-0-0-0-0-0-0-0	0-0-0-0-0-0-0-0-0-0-0-0	0-0-0-0-0-0-0-0-0-0-0-0	0-0-0-0-0-0-0-0-0-0-0-0	0-0-0-0-0-0-0-0-0-0-0-0	0-0-0-0-0-0-0-0-0-0-0-0	0-0-0-0-0-0-0-0-0-0-0-0	0-0-0-0-0-0-0-0-0-0-0-0	0-0-0-0-0-0-0-0-0-0-0-0	0-0-0-0-0-0-0-0-0-0-0-0	0-0-0-0-0-0-0-0-0-0-0-0
504	1	1-1-1-1-1-1-1-1-1-1-1-1	1-1-1-2-0-2-2-1-2-2-2-2	1-2-3-2-2-1-2-0-2-3-1-1	2-0-0-1-2-3-2-3-1-0-1-1	2-0-2-2-3-2-2-2-1-1-3-6	2-1-2-2-0-3-2-2-1-1-0-3	2-3-1-0-2-3-1-2-1-1-6-2	1-3-1-2-2-1-1-2-1-1-0-1	1-0-2-2-7-1-0-2-0-1-2-1	0-2-0-0-2-2-2-1-2-0-2-3	0-2-0-1-0-2-1-0-0-3-2-1	0-3-3-2-0-3-2-0-6-1-4-1
504	2	1-2-1-2-1-1-2-2-2-1-1-1	1-3-2-1-1-3-1-3-1-1-1-1	3-1-1-1-1-1-3-3-1-1-3-2	1-0-3-1-1-1-1-1-3-2-3-0	1-0-1-1-4-3-3-1-2-2-1-1	1-2-1-1-2-1-3-1-2-2-5-1	3-1-2-2-1-2-2-1-2-2-1-1	2-1-3-3-1-1-2-1-2-3-2-0	2-4-1-1-2-1-3-3-3-2-1-2	0-1-2-2-1-1-3-2-3-2-1-1	3-3-7-2-7-1-3-2-0-1-1-1	3-1-1-3-1-1-1-4-0-0-1-1
504	3	3-3-3-3-3-3-3-3-1-1-1-3	1-4-2-1-4-2-1-2-2-1-1-4	2-3-1-1-4-1-2-2-2-4-2-3	4-4-2-4-1-1-3-1-2-2-4-1	1-0-1-5-4-2-2-3-4-4-1-1	1-4-2-1-3-1-4-1-3-3-6-1	6-1-3-2-6-1-7-1-3-2-4-4	4-1-2-2-1-4-6-1-1-3-3-4	2-0-2-1-2-3-6-5-6-3-4-2	0-1-3-4-5-4-2-3-2-3-4-1	2-2-4-3-2-4-2-7-4-1-4-3	3-1-1-4-3-6-1-4-1-4-3-6
504	4	5-4-5-7-5-4-5-4-5-4-5-5	4-3-3-1-5-5-5-4-5-5-4-5	4-3-5-5-4-5-4-4-5-3-4-4	5-5-5-4-4-3-5-4-4-4-3-5	3-7-7-4-3-3-5-4-3-4-4-4	4-3-1-4-6-2-3-1-3-3-3-5	5-3-4-5-4-4-4-5-4-4-3-3	3-4-3-3-4-6-4-4-4-4-5-5	4-4-5-3-1-4-5-3-5-4-3-1	4-3-6-3-3-3-4-3-3-6-3-3	4-2-3-2-2-3-4-3-3-4-3-3	7-3-4-3-3-3-2-2-4-3-1-4
504	5	6-6-7-7-6-6-6-5-4-6-6-5	7-3-6-6-6-6-6-6-6-6-7-6	5-6-6-7-6-4-5-4-4-6-7-5	6-4-4-6-6-6-4-4-6-4-6-5	6-6-1-6-5-6-6-6-6-5-6-5	5-5-6-6-5-6-6-6-3-3-2-6	4-1-5-5-5-5-3-4-3-5-6-7	5-6-3-6-6-6-7-6-6-5-6-7	5-7-4-6-6-4-5-3-4-5-6-2	6-1-6-6-3-6-6-6-5-4-3-1	3-6-0-3-6-3-5-3-6-4-6-5	7-3-5-6-6-3-6-4-5-3-1-4
504	6	5-5-5-5-5-5-5-5-5-5-5-7	5-3-5-5-5-5-5-5-5-5-5-5	7-5-5-5-5-6-5-7-5-5-6-6	5-6-6-5-5-5-5-1-5-6-5-5	5-5-1-5-6-7-7-5-6-6-5-1	7-5-5-5-4-7-5-5-6-6-3-5	7-1-3-6-7-5-2-7-6-5-7-3	6-5-1-5-5-5-3-6-7-3-5-6	6-6-6-6-5-1-3-6-3-3-5-1	5-6-5-5-6-5-5-5-7-4-6-1	3-6-6-3-5-6-6-3-4-6-5-6	5-7-5-5-5-3-5-4-1-6-1-1
504	7	7-5-5-5-7-5-5-7-5-5-5-6	5-7-7-5-7-5-5-7-5-7-5-5	7-6-7-5-7-6-6-6-5-7-5-7	7-7-5-7-7-7-4-7-3-7-7-4	1-4-7-7-7-7-6-7-7-7-1-7	6-7-6-6-7-6-7-7-7-7-7-5	6-7-7-5-6-7-7-7-7-7-6-5	7-5-1-6-7-6-7-1-6-5-6-5	6-7-7-6-1-7-7-6-7-3-5-7	5-7-7-7-7-5-5-5-6-7-3-7	7-7-2-3-2-6-6-3-7-6-7-7	5-6-7-2-4-7-7-7-7-7-1-1
505	0	0-0-0-0-0-0-0-0-0-0-0-0	0-0-0-0-0-0-0-0-0-0-0-0	0-0-0-0-0-0-0-0-0-0-0-0	0-0-0-0-0-0-0-0-0-0-0-0	0-0-0-0-0-0-0-0-0-0-0-0	0-0-0-0-0-0-0-0-0-0-0-0	0-0-0-0-0-0-0-0-0-0-0-0	0-0-0-0-0-0-0-0-0-0-0-0	0-0-0-0-0-0-0-0-0-0-0-0	0-0-0-0-0-0-0-0-0-0-0-0	0-0-0-0-0-0-0-0-0-0-0-0	0-0-0-0-0-0-0-0-0-0-0-0
505	1	1-1-1-1-1-1-1-1-1-0-1-1	0-2-1-0-0-0-0-2-0-0-0-0	1-0-0-1-2-0-2-3-0-0-2-2	0-0-0-0-0-0-0-0-2-0-2-0	0-0-0-0-0-1-2-0-1-0-0-0	0-0-0-0-0-0-2-0-4-1-0-0	0-2-1-0-2-0-0-0-0-0-2-0	0-0-0-2-0-0-0-0-0-1-4-0	0-0-1-0-1-0-1-2-0-0-0-1	0-1-0-2-1-0-0-1-0-0-0-0	4-1-0-1-0-0-0-0-0-0-0-3	2-1-0-1-1-1-0-0-0-0-1-0
505	2	3-1-3-3-1-1-2-1-2-2-2-2	3-1-1-4-0-0-3-1-0-3-0-3	3-3-4-3-3-3-3-4-4-3-1-1	3-3-4-3-3-3-0-4-3-0-3-3	4-0-2-4-0-3-3-3-2-0-4-3	3-0-4-2-2-0-3-3-1-0-0-3	0-3-1-0-3-0-3-3-0-4-3-3	5-4-4-3-2-0-2-2-2-1-2-0	0-0-3-4-4-3-0-3-1-2-4-2	1-3-0-1-3-3-3-6-3-0-0-4	2-3-0-0-1-2-2-0-0-2-3-2	1-3-2-2-0-2-3-0-0-2-2-4
505	3	4-4-2-3-4-3-3-3-3-3-3-3	2-5-4-2-0-4-2-4-4-3-2-2	2-2-0-2-2-2-4-1-2-2-4-3	2-4-3-2-2-2-2-2-4-6-2-2	2-0-2-2-4-4-4-2-3-3-2-2	2-0-4-0-3-2-4-2-3-3-5-3	4-2-4-5-2-3-4-2-3-3-2-2	0-2-2-2-2-4-5-0-3-3-2-0	4-3-2-2-1-2-5-4-3-3-2-4	0-2-3-6-2-2-2-3-2-0-0-2	6-2-2-5-0-0-3-0-5-0-2-1	5-2-2-4-1-4-2-0-6-2-5-2
505	4	4-3-4-4-3-3-4-4-4-4-4-3	4-3-3-2-5-3-4-6-5-4-5-6	6-5-5-2-4-5-3-5-2-5-3-4	5-4-5-4-2-2-4-2-3-5-2-0	2-6-2-2-5-3-3-2-6-4-2-2	1-0-3-4-4-4-3-3-1-0-1-5	3-2-3-3-5-4-3-0-0-2-1-5	1-2-2-3-2-5-3-2-4-4-5-6	6-4-6-2-2-4-5-3-6-4-2-3	5-7-3-5-5-2-2-3-5-5-4-2	5-5-6-5-7-7-6-5-7-2-5-4	6-2-4-3-5-3-2-5-7-6-3-2
505	5	6-5-6-5-6-6-6-6-6-7-6-7	6-3-6-6-6-6-6-5-6-6-6-6	5-6-6-6-6-6-5-5-6-6-7-6	6-4-4-6-6-6-6-6-6-3-6-5	6-5-6-6-4-6-6-6-4-5-6-6	5-6-6-7-5-6-6-6-5-5-3-6	6-6-5-3-7-6-7-6-5-5-6-6	2-6-7-6-6-6-7-7-6-5-6-5	7-4-5-6-7-5-3-6-3-5-6-4	6-6-5-4-6-6-6-7-7-4-6-6	4-7-4-4-7-6-5-4-6-6-4-5	7-6-5-3-6-4-6-4-6-4-7-6
505	6	5-7-5-5-5-5-5-5-5-5-5-5	5-3-5-5-5-5-5-5-5-5-5-5	4-5-5-5-5-5-5-5-5-5-6-5	5-4-6-5-5-5-7-5-5-3-5-7	5-4-5-5-6-5-7-5-4-5-5-5	5-5-5-7-4-5-5-5-6-6-0-5	5-5-5-7-5-5-5-5-6-5-5-5	6-5-5-5-5-5-6-5-5-5-5-4	4-6-6-5-6-5-5-5-4-6-5-5	5-5-5-3-5-5-5-5-6-6-5-5	4-6-4-6-6-5-4-4-6-5-6-5	7-5-6-6-5-3-5-4-5-4-5-5
505	7	7-5-5-5-5-6-5-7-5-5-5-5	5-7-7-5-7-5-5-7-5-7-5-5	7-7-7-5-7-5-5-5-5-7-5-7	6-7-7-7-7-7-6-7-7-7-7-6	5-5-7-7-7-7-6-7-7-7-5-5	5-5-5-6-7-5-7-7-7-7-7-7	6-7-7-7-5-5-5-5-7-7-5-5	7-5-5-6-7-5-5-5-5-5-5-4	5-7-7-6-5-7-7-5-7-5-5-5	5-4-7-7-5-5-5-5-6-7-5-7	4-5-1-5-5-6-4-4-4-0-7-7	7-6-6-7-5-7-7-4-5-7-5-5
506	0	0-0-0-0-0-0-0-0-0-0-0-0	0-0-0-0-0-0-0-0-0-0-0-0	0-0-0-0-0-0-0-0-0-0-0-0	0-0-0-0-0-0-0-0-0-0-0-0	0-0-0-0-0-0-0-0-0-0-0-0	0-0-0-0-0-0-0-0-0-0-0-0	0-0-0-0-0-0-0-0-0-0-0-0	0-0-0-0-0-0-0-0-0-0-0-0	0-0-0-0-0-0-0-0-0-0-0-0	0-0-0-0-0-0-0-0-0-0-0-0	0-0-0-0-0-0-0-0-0-0-0-0	0-0-0-0-0-0-0-0-0-0-0-0
506	1	1-1-1-1-1-1-1-1-1-1-1-1	0-0-1-0-0-1-0-2-0-1-0-0	0-0-0-1-0-0-2-0-0-2-2-2	0-0-0-0-0-0-0-1-2-2-2-0	1-0-0-0-0-1-2-0-1-1-1-0	2-2-0-0-1-0-2-0-2-1-4-0	0-1-2-1-0-1-4-2-1-1-0-1	1-1-0-0-1-0-2-2-0-1-0-0	1-0-0-0-1-0-0-0-0-1-0-0	0-0-2-0-0-0-0-1-0-0-0-1	0-0-0-0-0-0-0-0-0-0-1-1	4-1-0-2-0-1-0-0-0-0-2-1
506	2	2-2-1-1-1-1-2-1-2-2-2-2	2-1-1-3-1-3-0-1-3-1-3-3	0-3-0-3-3-3-3-3-0-3-3-3	3-0-3-4-5-3-3-6-3-1-4-0	5-0-2-3-3-3-3-3-1-0-0-0	1-1-3-2-2-3-3-2-1-1-5-1	5-1-1-5-3-3-3-3-2-2-5-3	2-5-4-3-3-2-1-8-5-1-5-0	0-0-3-4-4-2-0-3-0-1-4-2	4-5-1-0-3-2-3-4-3-3-0-5	0-2-0-2-5-2-0-2-0-5-3-2	1-3-2-5-0-2-3-0-0-3-1-2
506	3	3-4-3-3-4-3-3-3-3-2-2-4	2-4-4-2-5-2-2-5-2-4-2-2	7-2-5-2-2-2-4-6-4-2-4-2	2-3-4-2-2-2-4-2-4-4-4-0	2-0-2-3-4-2-4-2-4-3-1-4	3-6-5-3-3-2-4-5-1-3-3-3	7-1-8-4-2-2-5-2-3-5-4-2	3-4-4-4-2-4-7-4-2-1-0-4	5-0-2-2-5-6-8-2-4-3-2-8	0-2-1-4-4-2-3-3-2-4-0-2	4-2-8-3-8-2-0-4-4-2-4-3	4-2-1-4-0-2-2-3-3-4-5-7
506	4	3-3-5-3-3-3-5-3-4-4-4-5	5-3-3-5-5-5-5-6-5-5-5-5	7-5-7-5-4-5-3-5-5-2-3-4	5-4-3-2-2-2-5-2-3-3-3-5	3-0-5-4-5-3-5-5-3-4-5-4	5-5-3-5-6-8-3-5-1-1-1-4	4-1-3-6-5-2-3-5-3-3-6-3	6-2-6-3-2-5-3-3-2-6-6-7	6-5-3-2-2-3-6-5-3-4-2-4	6-8-4-3-3-2-3-3-6-5-4-2	6-2-5-3-3-6-6-6-6-2-3-6	1-2-5-3-6-6-2-7-6-3-3-2
506	5	5-5-4-5-6-5-5-5-5-5-4-4	4-7-5-4-5-6-4-4-4-4-4-4	3-4-3-4-2-4-6-4-4-5-6-6	4-4-4-4-2-2-7-2-6-7-6-4	2-5-4-4-4-5-6-4-6-5-6-2	6-4-3-4-4-4-6-4-5-5-2-4	2-6-6-5-4-5-3-4-5-3-2-7	5-2-5-3-5-4-3-6-2-5-4-4	5-4-6-2-3-6-8-4-7-7-2-5	4-2-5-6-2-2-8-5-4-4-4-2	3-6-4-6-7-4-4-4-4-2-3-5	7-6-4-8-4-5-2-4-4-3-3-2
506	6	8-8-8-8-5-5-7-4-6-7-6-7	7-5-5-4-5-7-4-8-5-7-7-7	4-7-3-7-7-6-7-8-7-7-5-7	7-4-6-7-7-7-5-2-7-6-7-0	7-5-7-7-4-7-7-7-5-8-5-7	5-5-7-6-6-4-7-7-5-3-3-7	5-5-5-4-4-6-7-7-5-6-7-6	4-7-4-7-7-4-3-7-7-4-4-4	4-8-5-7-8-3-4-7-3-5-7-5	4-7-6-5-7-7-8-3-4-6-4-7	4-5-4-5-4-4-4-4-4-7-3-4	5-7-6-7-4-4-7-4-4-5-7-3
506	7	6-8-6-7-5-8-8-8-8-7-7-8	6-5-5-4-7-6-6-6-8-6-6-8	4-6-4-6-6-6-6-6-6-6-6-6	6-7-6-6-6-6-8-6-6-5-6-8	6-8-6-6-7-6-8-6-7-7-6-6	8-8-6-6-7-4-6-6-7-7-3-6	8-6-5-7-7-7-6-6-7-7-6-6	7-6-6-6-6-4-3-6-6-5-6-4	7-7-7-6-6-6-7-6-5-5-6-5	8-6-7-5-6-6-7-5-8-6-7-6	6-7-4-8-5-8-4-6-7-6-3-7	5-6-8-7-6-5-6-4-6-5-6-3
506	8	8-7-6-6-8-7-7-8-7-6-7-7	7-8-8-4-8-8-7-6-8-8-6-7	8-8-8-8-8-8-6-6-6-8-7-8	7-8-8-6-8-8-7-8-8-8-8-7	6-8-8-8-8-8-7-8-8-6-5-8	7-8-7-8-8-4-8-8-8-8-8-7	7-8-8-8-5-8-8-8-8-6-4-8	8-8-8-7-8-4-7-6-6-5-7-4	7-6-8-7-6-8-5-6-8-5-6-3	6-4-8-5-8-2-8-8-7-8-7-8	4-8-7-7-3-7-4-4-4-6-8-8	8-5-7-5-4-8-8-4-8-8-6-2
507	0	0-0-0-0-0-0-0-0-0-0-0-0	0-0-0-0-0-0-0-0-0-0-0-0	0-0-0-0-0-0-0-0-0-0-0-0	0-0-0-0-0-0-0-0-0-0-0-0	0-0-0-0-0-0-0-0-0-0-0-0	0-0-0-0-0-0-0-0-0-0-0-0	0-0-0-0-0-0-0-0-0-0-0-0	0-0-0-0-0-0-0-0-0-0-0-0	0-0-0-0-0-0-0-0-0-0-0-0	0-0-0-0-0-0-0-0-0-0-0-0	0-0-0-0-0-0-0-0-0-0-0-0	0-0-0-0-0-0-0-0-0-0-0-0
507	1	1-1-1-1-1-1-1-1-1-1-1-2	0-2-1-0-0-2-0-1-1-1-0-0	1-0-0-0-0-1-2-3-2-1-2-0	0-0-2-0-1-0-2-1-2-2-2-0	2-0-1-0-0-1-2-0-2-2-0-0	0-0-0-0-0-0-2-0-2-1-0-2	2-1-1-0-2-0-2-0-1-1-0-1	1-1-1-1-1-0-2-1-1-1-0-0	1-0-0-0-0-1-1-0-2-0-1-0	0-0-1-2-1-0-2-1-0-0-0-0	0-0-0-1-1-1-0-0-0-0-1-2	2-1-0-2-0-1-0-0-0-0-2-1
507	2	2-1-2-1-2-2-2-1-2-2-2-3	3-1-1-3-0-1-3-3-3-3-3-3	0-3-3-4-3-2-3-3-3-3-1-3	3-0-3-3-4-4-1-7-2-1-3-2	4-1-3-3-0-3-3-3-1-3-4-3	3-3-3-2-2-3-3-3-1-2-0-4	3-1-1-0-3-2-3-3-1-2-3-3	1-7-2-3-7-0-1-8-2-0-0-0	0-0-3-3-5-5-0-3-1-7-2-3	5-5-2-1-3-2-3-1-3-0-0-7	6-2-0-0-1-0-0-0-0-2-3-1	1-4-2-1-5-3-4-0-5-2-5-2
507	3	3-3-2-3-3-3-3-3-3-3-3-2	2-4-3-2-3-3-2-4-2-2-2-4	4-2-2-2-2-2-4-5-5-2-4-2	2-3-2-2-2-2-4-2-4-3-4-2	2-0-2-2-0-4-4-2-4-2-2-2	2-2-4-2-3-2-4-2-3-3-7-2	2-1-3-4-2-3-9-2-3-3-5-2	3-2-2-4-2-2-3-2-3-5-5-4	0-0-5-2-3-2-0-4-1-3-2-2	0-4-3-4-2-5-2-3-4-3-5-2	0-2-4-8-4-0-0-0-0-2-2-3	3-2-2-3-4-2-2-0-0-6-4-4
507	4	4-4-2-4-4-4-4-4-4-4-2-2	2-3-6-2-3-4-2-3-3-6-2-6	3-4-2-2-2-2-5-6-5-6-5-4	2-5-5-2-2-2-3-2-5-7-5-2	2-0-2-4-2-3-5-4-5-4-2-2	5-4-3-2-5-2-5-3-4-4-5-2	5-2-7-5-3-4-6-5-4-3-0-7	5-6-2-3-2-0-5-2-8-3-5-4	5-0-5-2-4-2-5-5-9-5-3-2	2-3-4-5-6-6-2-4-3-4-3-2	4-8-3-7-6-0-0-5-0-2-2-4	9-2-2-5-3-4-2-10-0-7-3-8
507	5	5-4-2-7-4-5-4-5-6-6-5-7	5-4-4-2-6-4-7-6-7-5-6-6	6-5-8-9-6-7-6-3-6-6-4-6	6-6-6-6-2-2-3-6-4-8-4-8	2-6-7-4-8-3-6-6-4-8-6-6	4-8-3-2-4-9-4-7-4-4-4-2	4-4-4-4-4-9-4-4-4-2-3-4	4-2-2-3-2-8-4-2-5-3-6-4	4-9-7-4-2-2-4-6-4-5-2-7	2-2-5-6-4-3-1-3-8-5-3-2	4-2-5-4-4-10-0-4-1-2-7-5	5-4-7-4-5-5-2-5-2-8-2-5
507	6	5-6-7-7-4-7-6-7-5-5-6-7	7-3-4-2-5-4-7-5-7-5-8-7	5-8-5-5-5-7-5-7-7-4-5-5	7-5-5-5-2-7-4-5-4-5-4-5	2-6-5-4-7-3-7-7-4-6-5-5	5-7-4-2-6-8-7-5-7-4-4-7	4-4-4-7-7-8-4-7-3-10-3-8	6-4-2-7-2-7-4-7-7-3-5-4	10-9-5-7-2-6-7-7-7-6-2-7	7-2-9-7-4-7-7-3-7-7-7-2	2-2-7-4-4-7-6-6-7-7-7-7	4-7-6-7-6-5-2-6-1-3-2-5
507	7	5-8-6-5-4-6-6-6-7-7-6-6	6-8-8-2-7-6-6-8-6-9-6-6	8-6-6-5-6-6-8-6-9-9-8-5	6-7-5-2-2-6-8-2-8-9-8-5	2-6-5-4-6-7-8-6-7-7-5-5	2-6-4-6-6-6-8-8-7-7-3-6	8-8-4-6-6-7-8-6-7-7-0-4	7-2-2-6-2-6-3-6-6-7-6-0	7-4-5-6-4-6-6-6-6-6-7-2	6-0-7-6-4-6-6-7-6-6-6-2	9-10-10-4-10-6-1-0-6-2-5-8	5-6-5-6-6-4-2-0-9-4-6-4
507	8	9-7-10-10-4-7-8-8-6-10-9-9	8-7-7-8-5-9-6-9-9-5-10-9	8-6-5-9-9-8-7-7-7-9-7-9	9-5-5-9-9-9-7-9-9-5-9-5	9-6-5-9-5-9-9-9-7-7-9-9	8-5-9-8-4-6-9-9-7-8-4-9	7-7-8-6-6-6-7-9-7-7-9-9	7-9-2-9-9-5-10-9-6-3-9-0	10-0-10-9-8-10-6-9-7-8-9-2	10-9-6-4-9-6-9-4-5-6-9-9	9-4-9-3-8-6-0-9-0-8-9-8	1-9-9-6-9-8-8-0-9-8-9-4
507	9	8-10-8-8-8-10-10-10-10-8-8-10	8-7-7-8-9-8-8-8-8-7-8-10	10-8-5-8-8-8-8-9-7-8-8-8	8-9-9-8-8-8-10-8-8-7-8-10	8-6-5-8-9-8-8-8-9-9-8-8	10-9-8-10-9-10-8-8-9-9-4-9	10-7-7-9-8-6-3-8-9-7-8-8	9-8-8-8-8-5-3-8-2-4-8-0	9-9-9-8-8-8-6-8-4-9-8-2	8-8-6-9-8-8-8-8-10-9-9-8	8-9-8-10-8-9-10-6-6-8-8-9	4-8-8-6-8-4-8-5-8-5-8-2
507	10	10-9-8-8-10-9-9-10-9-8-8-9	9-10-10-8-10-10-9-10-10-10-8-9	10-10-10-9-10-8-10-9-7-10-9-10	9-10-10-10-10-10-9-10-9-10-10-9	8-6-10-10-10-10-9-10-10-10-9-10	9-10-10-9-10-9-10-10-10-10-10-8	9-10-10-10-10-10-10-10-10-10-9-8	10-10-2-9-10-10-8-9-5-9-7-6	8-10-10-10-8-8-10-5-10-10-8-10	8-8-10-10-10-10-8-8-5-10-8-10	8-7-7-9-7-5-9-7-10-9-10-10	10-9-5-7-8-10-10-10-10-10-8-10
508	0	0-0-0-0-0-0-0-0-0-0-0-0	0-0-0-0-0-0-0-0-0-0-0-0	0-0-0-0-0-0-0-0-0-0-0-0	0-0-0-0-0-0-0-0-0-0-0-0	0-0-0-0-0-0-0-0-0-0-0-0	0-0-0-0-0-0-0-0-0-0-0-0	0-0-0-0-0-0-0-0-0-0-0-0	0-0-0-0-0-0-0-0-0-0-0-0	0-0-0-0-0-0-0-0-0-0-0-0	0-0-0-0-0-0-0-0-0-0-0-0	0-0-0-0-0-0-0-0-0-0-0-0	0-0-0-0-0-0-0-0-0-0-0-0
508	1	1-1-3-1-1-1-1-1-1-1-2-1	2-2-2-1-3-2-1-2-2-2-2-2	1-2-1-2-2-2-2-2-3-2-2-2	2-1-2-2-1-2-2-2-2-2-0-1	2-0-1-2-2-1-2-1-2-2-2-1	2-2-2-3-2-2-1-2-2-1-0-0	3-2-1-1-1-1-0-2-1-2-1-0	1-1-0-0-1-2-2-1-1-2-2-3	1-2-3-0-1-2-2-2-2-1-1-2	2-1-3-2-0-1-2-1-4-2-3-1	1-0-4-1-3-1-1-1-3-1-2-1	3-1-1-3-3-1-1-2-1-1-1-1
508	2	1-1-1-1-1-1-1-1-1-1-1-1	1-1-1-2-1-1-3-1-1-1-1-1	1-3-1-3-3-1-3-1-1-3-1-3	3-0-1-2-3-3-1-1-1-1-2-1	1-0-2-1-3-3-3-3-1-1-1-2	1-1-3-2-1-1-3-1-1-1-5-2	2-1-1-0-3-1-3-3-2-1-2-3	1-2-8-2-2-1-1-8-2-1-1-0	2-1-1-3-4-1-1-3-1-2-2-1	1-2-1-1-3-2-3-1-3-1-1-6	1-2-0-0-1-1-1-2-1-3-1-1	1-2-2-1-1-1-3-1-2-2-2-2
508	3	1-3-1-1-1-3-1-1-1-1-1-1	1-4-3-2-1-1-2-4-1-1-2-4	4-2-2-2-2-1-4-2-1-2-1-4	2-3-4-4-2-2-1-1-4-3-4-1	4-0-4-1-4-2-2-2-4-3-1-4	4-2-5-1-6-1-4-3-3-3-7-3	4-2-4-3-2-1-2-2-3-3-2-2	3-2-5-2-2-1-6-2-2-3-3-1	1-1-1-2-3-1-3-4-1-3-2-3	1-2-1-4-2-2-2-3-2-1-1-2	4-3-3-3-1-1-4-3-1-2-2-1	1-2-2-1-1-3-2-1-1-5-2-3
508	4	5-4-5-5-1-5-5-5-5-4-5-5	5-3-3-2-6-1-5-5-5-5-5-5	3-5-5-5-4-5-5-5-5-3-5-3	4-6-5-5-2-5-5-4-3-4-3-5	3-8-3-4-6-3-4-4-3-4-5-4	5-1-3-6-4-2-3-2-1-3-3-4	3-1-4-3-4-1-5-5-4-4-6-3	6-4-6-3-2-3-4-2-2-3-4-5	6-6-4-2-2-5-6-3-1-4-3-3	5-6-1-3-3-3-3-4-6-5-6-2	6-2-6-5-6-6-5-6-6-4-1-1	5-2-4-6-6-1-2-6-6-6-5-4
508	5	6-8-6-4-6-6-8-6-6-6-6-4	4-5-5-6-7-6-4-6-4-6-4-5	5-4-6-6-8-6-6-6-6-6-5-6	6-5-6-6-5-6-6-6-6-5-5-4	7-4-5-6-4-5-6-5-6-5-7-5	6-7-6-5-5-6-6-7-6-5-3-6	5-6-5-5-6-5-7-6-5-6-2-6	5-5-6-5-5-6-7-6-2-5-5-4	5-4-6-5-7-7-5-4-7-7-5-7	4-4-5-5-5-6-6-4-4-4-4-2	7-7-8-4-8-8-4-4-4-5-6-4	4-8-7-8-4-7-7-4-4-3-5-8
508	6	5-5-5-5-5-5-5-5-5-5-5-5	5-5-5-7-4-5-8-7-5-5-7-5	0-7-5-5-7-5-7-5-5-5-7-5	7-4-5-5-7-7-5-5-5-5-7-5	5-4-7-6-4-7-7-7-5-5-5-7	5-6-5-7-3-5-7-5-5-6-3-5	6-5-5-7-5-6-5-5-5-5-7-7	4-6-5-7-7-5-3-5-6-5-7-4	4-4-5-6-7-5-4-8-5-5-7-5	4-4-6-5-7-5-5-5-4-5-4-2	4-5-4-5-4-4-4-4-7-5-5-6	1-6-5-7-4-4-6-4-7-6-7-4
508	7	5-5-5-6-5-5-5-5-5-5-5-8	5-5-5-6-5-5-6-6-5-5-6-5	5-6-6-5-6-5-6-6-5-5-6-5	6-7-7-5-6-6-5-5-6-5-6-5	5-4-6-6-7-6-6-6-7-7-5-6	8-5-6-6-5-8-6-5-7-7-3-7	6-5-5-6-8-7-5-6-5-5-6-6	5-7-5-6-6-5-5-2-6-1-6-7	7-4-7-6-5-5-7-6-5-5-6-5	5-7-7-5-6-5-7-5-8-5-6-2	5-5-5-3-5-8-7-7-6-7-5-7	5-8-5-6-6-5-5-4-6-6-6-5
508	8	8-5-6-5-8-5-5-8-5-5-5-7	5-5-8-6-8-5-6-8-8-8-6-7	8-7-8-5-8-5-7-5-5-8-5-8	6-8-5-8-8-8-7-8-7-8-8-5	5-4-8-8-8-8-7-8-8-8-6-6	7-8-8-7-8-7-8-8-8-8-8-8	7-8-8-4-7-8-8-8-8-8-7-5	8-8-2-7-8-7-8-2-2-8-5-4	7-8-8-8-5-8-8-6-8-5-6-5	7-4-8-8-8-5-8-7-7-8-4-8	3-5-5-8-5-5-8-4-5-5-8-8	4-5-6-5-4-8-8-4-8-8-2-5
509	0	0-0-0-0-0-0-0-0-0-0-0-0	0-0-0-0-0-0-0-0-0-0-0-0	0-0-0-0-0-0-0-0-0-0-0-0	0-0-0-0-0-0-0-0-0-0-0-0	0-0-0-0-0-0-0-0-0-0-0-0	0-0-0-0-0-0-0-0-0-0-0-0	0-0-0-0-0-0-0-0-0-0-0-0	0-0-0-0-0-0-0-0-0-0-0-0	0-0-0-0-0-0-0-0-0-0-0-0	0-0-0-0-0-0-0-0-0-0-0-0	0-0-0-0-0-0-0-0-0-0-0-0	0-0-0-0-0-0-0-0-0-0-0-0
509	1	1-2-1-2-1-1-1-1-1-1-2-2	1-2-1-1-2-2-2-2-2-1-2-2	1-2-0-2-2-2-2-2-2-2-1-2	2-1-2-2-1-0-2-2-2-2-1-1	2-2-1-2-1-1-2-1-1-2-3-1	5-2-2-0-0-2-1-2-2-1-4-2	1-2-2-1-2-3-2-2-1-2-1-4	2-1-0-1-1-2-2-1-1-1-2-3	1-1-1-1-2-0-1-1-2-1-1-0	2-1-1-2-2-1-1-1-4-1-2-1	1-7-4-4-1-1-1-1-1-1-2-2	2-1-1-1-1-1-1-2-4-3-3-1
509	2	1-1-1-1-1-1-1-1-1-1-1-1	1-1-1-3-1-1-3-1-1-1-3-1	1-3-3-3-1-1-1-1-1-3-1-3	3-0-1-4-3-3-1-3-1-1-3-5	3-1-4-3-0-3-3-3-1-1-2-3	1-1-3-5-2-3-3-1-1-2-0-4	2-3-1-0-3-1-1-3-1-1-2-3	1-4-2-3-2-1-7-2-3-1-1-0	2-0-3-3-4-3-1-3-1-2-4-6	1-4-2-1-3-4-3-1-3-0-1-4	3-1-1-1-1-1-0-0-1-2-3-1	1-3-4-1-4-1-3-1-0-0-2-4
509	3	1-4-1-1-1-3-1-1-1-1-2-1	1-5-3-2-1-1-2-2-1-1-2-1	2-2-2-2-2-4-4-5-1-2-4-2	2-3-4-2-2-2-4-2-4-5-4-1	2-0-5-2-3-2-4-2-3-1-1-2	1-1-4-2-3-2-4-2-5-3-5-3	3-2-3-3-2-1-4-2-3-3-7-5	1-2-2-2-2-1-5-1-2-3-3-1	3-0-5-2-3-2-3-2-1-5-2-5	1-2-7-4-4-1-2-4-2-4-4-2	2-3-3-3-1-1-0-3-0-2-2-3	1-2-2-3-2-3-2-0-5-1-5-5
509	4	5-3-4-5-1-3-4-4-1-1-4-7	5-3-3-5-1-1-6-5-5-5-5-5	6-6-6-2-4-6-5-6-5-3-3-4	5-5-3-5-2-2-5-2-3-3-4-2	1-5-2-4-5-3-5-6-6-4-1-0	1-6-3-1-5-2-3-1-1-1-1-2	5-2-1-5-4-1-3-4-4-3-5-1	1-2-5-3-2-5-3-2-5-5-5-6	5-5-4-2-2-4-5-5-1-4-2-5	5-5-4-3-3-2-3-3-5-5-5-2	5-2-1-1-4-5-6-5-5-5-2-4	5-2-2-4-5-5-2-5-1-6-1-2
509	5	5-3-7-7-5-3-7-5-7-6-5-5	4-3-3-6-6-1-6-4-4-4-6-4	4-6-5-7-6-7-4-3-4-6-6-5	4-4-4-4-5-6-4-6-6-3-6-2	5-7-7-4-6-6-6-6-4-5-7-6	6-7-6-2-4-6-6-6-3-5-3-6	6-5-5-4-4-5-4-7-1-5-6-6	1-6-4-6-6-4-3-6-4-4-4-4	4-4-4-6-7-6-4-6-1-3-6-7	4-4-1-4-6-5-6-3-4-4-4-6	4-5-3-1-6-4-4-4-4-6-6-6	4-6-5-4-4-4-5-4-6-4-6-3
509	6	5-7-5-5-5-7-7-7-7-5-5-7	7-3-6-5-5-1-4-5-5-4-5-4	4-4-4-5-5-4-5-7-5-5-6-5	5-4-6-5-5-5-7-5-5-5-5-7	5-4-5-4-5-5-7-5-4-7-4-5	5-4-5-7-6-5-5-5-6-6-3-5	5-5-7-4-4-6-6-7-6-6-5-5	6-5-5-5-5-4-3-5-4-4-5-4	6-6-5-5-5-5-3-5-1-5-5-2	7-5-6-4-5-5-5-1-6-4-4-5	5-6-7-7-7-7-4-4-4-5-5-5	7-7-5-6-6-6-5-4-5-4-5-5
509	7	7-6-5-5-7-6-6-7-6-5-5-6	6-7-7-5-7-7-5-5-7-7-5-5	7-7-7-5-7-7-7-6-7-7-6-7	6-7-7-7-7-7-6-7-6-7-5-6	5-5-7-7-7-7-6-7-7-7-5-5	6-5-7-6-7-7-7-7-7-7-7-6	6-7-7-7-6-7-7-7-7-7-3-7	7-5-5-6-5-5-2-5-2-4-5-4	1-7-7-7-5-7-7-4-7-3-5-5	6-4-7-7-7-5-7-7-6-7-4-7	4-1-7-7-6-6-4-4-4-7-7-7	6-6-6-1-6-7-7-4-7-7-5-1
510	0	0-0-0-0-0-0-0-0-0-0-0-0	0-0-0-0-0-0-0-0-0-0-0-0	0-0-0-0-0-0-0-0-0-0-0-0	0-0-0-0-0-0-0-0-0-0-0-0	0-0-0-0-0-0-0-0-0-0-0-0	0-0-0-0-0-0-0-0-0-0-0-0	0-0-0-0-0-0-0-0-0-0-0-0	0-0-0-0-0-0-0-0-0-0-0-0	0-0-0-0-0-0-0-0-0-0-0-0	0-0-0-0-0-0-0-0-0-0-0-0	0-0-0-0-0-0-0-0-0-0-0-0	0-0-0-0-0-0-0-0-0-0-0-0
510	1	1-1-1-1-1-1-1-1-1-1-1-1	0-0-1-0-0-0-0-2-0-1-0-0	1-0-0-1-1-2-2-0-0-0-2-0	0-0-1-0-1-0-0-0-2-1-2-0	2-2-2-0-0-2-2-0-1-2-2-0	0-2-1-0-0-0-2-0-2-1-1-0	2-3-1-0-0-0-0-0-1-1-0-1	1-1-0-1-1-0-2-1-0-1-0-0	0-0-0-0-0-0-1-0-1-1-0-0	0-0-1-0-0-2-0-1-0-0-0-1	0-0-1-1-1-0-0-0-0-1-0-1	1-1-0-0-0-1-1-0-0-0-1-1
510	2	2-2-3-1-1-2-2-1-2-2-2-3	3-3-1-4-0-3-3-4-3-2-3-3	4-3-1-7-3-1-3-3-0-3-3-3	3-3-2-3-3-3-0-2-3-1-1-2	5-1-1-3-3-1-3-3-1-1-4-3	3-4-3-2-3-3-3-3-1-1-0-2	1-1-1-0-3-0-5-3-2-2-3-3	1-3-4-3-5-0-1-4-2-0-2-0	0-0-3-3-4-3-0-5-1-2-2-2	0-4-2-1-3-4-3-1-3-3-0-2	0-8-3-1-0-2-0-0-0-3-3-2	0-3-2-2-0-0-3-0-0-0-2-4
510	3	3-3-2-3-3-3-3-3-3-2-2-3	2-4-4-2-5-4-2-5-4-2-2-2	3-2-1-2-2-4-4-4-4-2-4-2	2-3-4-2-2-2-4-2-4-4-3-0	2-0-4-2-2-4-4-2-4-3-1-2	4-2-4-2-4-2-4-2-1-3-3-3	4-1-3-4-2-3-4-2-3-3-4-2	3-2-0-2-2-0-4-2-2-3-2-0	3-0-2-2-3-2-6-4-4-3-2-2	0-2-3-4-4-2-2-1-2-2-4-2	4-3-2-4-7-0-0-0-4-2-2-3	0-2-2-8-0-0-2-0-7-0-3-3
510	4	4-4-4-4-3-3-4-7-3-4-4-5	5-3-3-2-3-3-5-2-5-3-5-5	6-5-5-5-2-5-5-3-3-4-3-4	5-6-3-5-2-5-3-6-3-3-3-6	1-6-3-4-5-3-5-5-3-4-2-6	3-5-3-4-3-5-3-5-1-3-3-5	3-3-2-5-5-5-3-3-3-2-5-5	3-3-2-5-2-0-3-2-7-6-5-8	5-0-4-2-2-2-5-3-3-4-2-2	8-5-4-3-3-2-5-1-5-4-5-2	7-2-5-3-8-4-0-7-3-6-5-4	4-5-4-5-5-4-2-7-8-4-6-2
510	5	4-5-6-5-6-5-5-5-5-5-5-4	4-6-6-4-3-4-4-6-4-7-4-5	4-4-4-4-2-4-6-7-6-7-6-6	4-4-4-7-2-4-4-2-6-7-6-4	2-4-3-4-4-6-6-4-6-5-6-4	2-4-2-4-6-4-6-4-5-5-6-4	6-2-5-4-6-4-6-6-5-3-6-6	3-6-6-4-2-4-6-2-4-5-4-8	4-0-6-4-4-2-4-2-3-6-2-6	4-4-4-6-4-5-4-5-4-7-4-2	6-6-8-1-4-4-6-6-6-2-6-5	4-4-4-4-4-4-2-0-4-4-7-4
510	6	7-6-5-8-5-6-6-5-6-7-7-5	7-5-5-7-3-7-6-5-7-5-7-7	4-7-7-4-7-4-7-7-7-5-5-7	7-4-6-7-7-7-7-4-5-5-5-4	7-4-2-7-4-5-7-7-5-5-7-7	5-4-7-6-5-8-7-7-5-5-5-7	5-3-5-4-7-4-5-5-5-3-7-8	5-7-5-7-7-7-8-2-4-4-7-5	8-7-5-7-7-2-3-5-3-5-7-5	5-7-4-7-5-6-7-6-8-7-5-6	4-5-6-6-3-4-5-5-5-6-5-6	4-5-6-4-7-4-2-4-4-6-4-5
510	7	6-8-5-7-6-8-8-4-7-7-6-8	6-5-5-6-7-6-6-6-6-5-6-8	8-6-6-4-6-5-6-6-6-5-8-6	6-5-7-6-6-6-8-6-6-5-6-8	6-4-2-6-7-6-6-6-7-5-6-6	8-7-6-6-7-8-6-6-7-7-3-6	8-1-5-4-6-4-8-8-7-3-6-6	7-6-2-6-6-6-3-7-4-7-6-7	7-7-7-6-6-2-5-3-3-7-6-5	7-7-6-6-7-6-6-6-8-5-7-7	4-7-5-7-3-7-7-4-4-7-5-7	4-8-7-4-6-4-5-4-3-6-5-5
510	8	8-7-8-7-8-7-7-8-7-6-6-7	6-5-8-6-8-8-7-8-8-8-6-7	8-8-8-7-8-8-6-7-8-8-7-8	7-8-8-8-8-8-7-8-7-8-8-7	8-8-8-8-8-8-7-8-8-8-7-4	7-8-8-7-8-7-8-8-8-8-8-7	7-8-8-5-8-8-8-7-8-8-8-6	8-8-8-6-8-8-6-2-7-4-6-5	6-7-8-7-2-8-8-8-8-8-6-8	4-8-8-8-8-8-8-8-6-8-8-8	8-8-5-7-4-4-7-8-8-7-8-8	4-7-4-8-4-8-8-8-8-8-5-8
511	0	0-0-0-0-0-0-0-0-0-0-0-0	0-0-0-0-0-0-0-0-0-0-0-0	0-0-0-0-0-0-0-0-0-0-0-0	0-0-0-0-0-0-0-0-0-0-0-0	0-0-0-0-0-0-0-0-0-0-0-0	0-0-0-0-0-0-0-0-0-0-0-0	0-0-0-0-0-0-0-0-0-0-0-0	0-0-0-0-0-0-0-0-0-0-0-0	0-0-0-0-0-0-0-0-0-0-0-0	0-0-0-0-0-0-0-0-0-0-0-0	0-0-0-0-0-0-0-0-0-0-0-0	0-0-0-0-0-0-0-0-0-0-0-0
511	1	1-2-1-2-1-1-1-2-1-2-2-2	2-2-1-1-2-2-2-2-2-2-0-2	1-1-0-2-2-2-2-2-2-2-1-2	2-3-2-3-1-0-2-1-2-2-1-1	1-3-1-2-1-1-2-1-1-2-3-1	1-2-2-1-2-2-2-2-2-1-1-0	1-1-2-1-2-1-1-2-2-2-1-2	1-1-2-2-1-2-2-2-1-2-1-4	1-0-2-1-2-3-1-2-2-1-1-1	3-1-2-2-1-1-4-2-2-2-2-1	2-3-1-1-1-2-2-1-1-1-2-1	2-1-1-1-1-2-1-2-1-1-1-2
511	2	1-1-1-1-1-1-1-1-1-1-1-1	1-1-1-4-1-1-1-1-1-1-3-1	1-3-0-1-3-1-3-1-1-4-1-1	3-0-1-1-3-4-1-4-3-1-3-0	4-1-3-4-1-3-3-3-1-1-1-4	4-4-3-3-1-4-3-4-1-1-0-4	4-3-1-1-3-2-1-1-1-1-3-3	1-3-1-3-3-1-1-8-3-1-1-0	2-0-1-3-1-0-1-3-1-2-3-1	1-3-1-1-3-3-1-1-3-1-1-3	1-2-0-1-1-1-1-1-1-1-1-1	1-4-2-1-1-1-3-1-0-2-2-1
511	3	1-1-1-1-1-1-1-1-1-1-1-1	1-5-3-2-1-1-1-4-1-1-2-4	1-2-4-1-2-2-4-2-1-2-4-2	2-1-1-1-2-2-1-2-4-2-4-1	5-1-2-2-2-4-4-2-5-3-1-2	2-1-2-2-1-2-2-3-3-3-7-3	7-2-1-5-2-3-6-5-1-1-2-2	0-2-2-4-2-1-6-1-2-1-1-1	1-0-3-2-3-1-3-2-1-3-2-3	1-2-4-4-2-4-1-1-4-1-4-2	7-1-1-3-1-1-0-4-1-2-1-2	1-2-2-2-1-1-2-1-1-4-3-1
511	4	1-4-4-4-4-4-4-1-1-1-1-1	1-6-4-2-1-1-1-3-1-1-2-5	5-4-3-2-5-1-3-5-1-5-3-5	2-5-5-1-2-2-4-2-3-5-5-1	2-1-2-2-5-5-3-4-5-5-1-2	5-2-3-2-4-2-5-2-6-4-3-2	2-2-4-0-2-3-4-1-4-1-5-2	4-2-1-3-2-1-6-5-2-4-1-1	5-0-2-2-4-1-4-2-7-3-2-4	1-3-4-5-3-3-5-4-3-1-4-5	1-6-5-3-5-5-5-3-5-4-5-1	1-2-2-4-5-1-2-5-1-3-5-1
511	5	5-5-6-7-4-5-6-7-6-6-5-6	5-4-4-6-6-6-6-5-6-6-5-6	5-6-6-6-4-6-5-6-6-6-4-5	6-6-6-5-6-6-7-6-4-6-6-6	3-8-5-5-6-4-6-6-4-5-5-5	4-6-6-6-6-6-4-1-4-5-4-6	8-1-5-7-4-7-4-6-1-1-8-6	4-5-6-3-5-6-6-6-6-6-7-8	6-8-6-4-2-6-6-4-4-5-5-6	5-6-5-6-6-6-4-4-6-6-4-4	6-1-4-5-6-6-6-6-1-5-4-5	8-4-5-6-4-6-6-7-6-3-4-1
511	6	6-6-8-6-7-5-8-6-8-8-8-7	5-4-7-7-5-5-7-6-7-5-7-5	6-7-7-5-7-7-7-5-7-7-7-7	7-5-5-7-7-7-5-7-7-5-7-7	7-5-7-7-5-6-7-7-5-8-6-7	6-7-7-6-4-8-7-7-4-3-4-7	8-6-5-6-7-6-8-7-6-8-7-5	5-7-5-7-7-5-8-7-5-5-7-6	8-5-5-7-7-5-5-7-4-5-7-5	8-7-6-5-7-5-7-4-5-5-7-7	5-4-7-4-5-5-5-5-1-7-5-6	1-7-6-5-7-5-5-5-7-6-7-7
511	7	6-8-6-6-6-8-6-6-6-6-6-8	5-4-6-6-6-5-6-6-6-6-6-6	5-6-6-6-6-6-6-7-6-6-6-6	6-7-7-6-6-6-8-6-6-5-6-8	6-5-6-6-7-6-6-6-7-7-6-6	8-6-6-7-7-8-6-6-7-7-3-6	8-6-7-7-6-6-4-6-7-6-6-6	7-6-5-6-6-5-4-6-2-5-6-7	7-7-7-6-6-5-5-6-4-7-6-4	6-6-7-5-6-3-6-6-8-5-7-6	3-7-6-8-6-8-7-7-7-7-2-7	5-6-8-7-6-6-5-5-6-2-6-6
511	8	8-6-6-6-8-7-6-8-6-6-6-7	6-8-8-6-8-5-6-6-6-8-6-6	8-8-6-8-8-6-8-7-5-8-7-8	6-8-6-8-8-8-7-8-8-8-8-7	6-5-8-8-8-8-7-8-8-8-6-6	7-8-8-6-8-6-8-8-8-8-8-7	7-8-8-8-6-8-6-6-8-6-5-6	8-6-8-6-8-8-6-2-2-5-6-5	6-8-8-7-6-8-8-7-4-4-6-1	6-6-8-8-8-4-6-4-7-8-4-8	6-1-4-7-6-7-7-1-1-5-8-8	5-7-7-5-7-8-8-8-8-8-6-8
512	0	0-0-0-0-0-0-0-0-0-0-0-0	0-0-0-0-0-0-0-0-0-0-0-0	0-0-0-0-0-0-0-0-0-0-0-0	0-0-0-0-0-0-0-0-0-0-0-0	0-0-0-0-0-0-0-0-0-0-0-0	0-0-0-0-0-0-0-0-0-0-0-0	0-0-0-0-0-0-0-0-0-0-0-0	0-0-0-0-0-0-0-0-0-0-0-0	0-0-0-0-0-0-0-0-0-0-0-0	0-0-0-0-0-0-0-0-0-0-0-0	0-0-0-0-0-0-0-0-0-0-0-0	0-0-0-0-0-0-0-0-0-0-0-0
512	1	1-1-1-1-1-1-1-1-1-1-1-1	1-0-0-1-0-1-0-2-0-1-2-0	0-3-0-5-2-1-2-2-0-3-0-1	2-0-0-3-2-2-0-1-2-1-1-0	1-0-1-2-0-1-2-2-1-0-0-2	2-0-2-0-0-6-2-1-1-1-3-2	2-2-3-0-2-1-0-2-3-1-2-2	1-1-1-2-2-2-2-7-1-0-0-0	1-0-0-2-3-2-0-2-0-1-1-2	2-2-0-0-2-1-2-3-2-0-0-3	3-1-0-0-0-1-0-1-3-1-2-0	0-2-1-1-0-1-3-0-1-1-1-1
512	2	2-2-2-2-2-2-2-2-2-2-2-3	1-3-2-1-0-3-0-3-3-2-1-3	3-1-1-2-1-3-3-1-3-3-3-3	1-2-2-1-1-1-2-2-3-2-3-2	3-0-3-1-3-1-3-1-2-2-0-1	1-0-4-0-2-1-3-3-2-2-6-2	5-1-2-3-1-2-3-1-2-2-1-1	2-3-1-3-1-3-1-5-1-2-5-0	2-2-3-1-2-1-2-1-5-2-3-3	3-1-2-4-1-1-3-2-1-3-2-1	2-1-7-6-7-1-2-3-1-1-1-0	3-1-1-3-3-1-1-2-1-1-4-2
512	3	3-2-2-2-3-3-3-2-3-3-3-2	4-2-2-1-4-2-4-2-4-3-5-2	7-4-5-1-2-2-2-4-2-1-2-2	4-5-4-4-1-4-4-1-2-1-2-3	2-7-2-4-5-2-4-4-2-5-4-7	1-4-2-3-5-1-2-2-2-2-1-4	1-1-1-2-4-0-2-4-1-3-5-2	1-1-5-2-1-4-2-1-1-3-4-5	5-5-2-1-1-2-5-1-6-3-2-5	4-5-2-2-5-1-2-1-4-4-5-1	5-1-5-3-5-5-5-5-5-1-2-3	4-1-4-2-5-5-1-5-5-5-1-1
512	4	4-4-3-4-4-5-4-4-3-3-4-3	3-5-5-3-3-3-3-5-3-5-3-5	7-3-6-1-1-3-5-7-5-6-5-2	3-4-3-3-1-3-5-3-5-4-4-3	1-3-2-3-3-5-5-3-5-5-5-1	5-5-2-3-3-1-5-1-5-4-2-3	5-5-4-4-3-4-2-5-4-2-4-4	4-3-3-2-4-3-5-5-1-4-3-3	3-3-5-3-2-6-3-5-2-6-2-5	3-3-4-2-3-2-1-4-3-3-3-1	3-4-7-5-3-3-3-3-3-1-1-0	3-1-3-7-3-3-1-3-3-3-2-2
512	5	5-4-7-6-6-4-4-6-5-7-5-5	5-4-4-6-3-3-6-6-3-4-3-6	6-3-6-1-6-5-6-6-6-6-4-6	6-3-5-6-6-6-4-5-6-6-6-3	6-3-5-5-3-4-6-6-4-3-6-6	4-6-6-5-3-1-4-1-4-2-0-6	6-4-4-3-3-6-3-4-4-2-6-6	5-6-3-6-6-3-4-6-5-5-6-3	3-3-4-6-6-4-3-4-2-5-5-4	3-3-4-6-3-3-2-5-3-5-3-1	3-1-3-2-3-3-3-3-3-5-5-5	4-2-6-6-3-3-5-3-3-3-6-2
512	6	7-7-6-5-6-7-7-5-7-6-5-7	6-4-4-5-4-7-5-5-7-4-7-7	7-6-5-5-5-6-5-5-7-6-6-5	5-6-6-5-5-5-7-1-5-6-5-3	5-3-5-5-6-6-7-5-6-6-5-5	7-5-5-5-3-1-6-1-6-6-2-6	5-4-2-6-7-6-5-5-6-4-5-5	6-5-3-5-5-7-7-5-6-3-5-3	6-3-6-5-5-4-5-7-3-4-5-4	7-6-6-5-6-2-6-6-7-6-6-1	3-6-3-2-2-7-3-5-5-6-6-6	7-6-6-6-5-6-6-3-5-3-5-6
512	7	7-6-7-4-7-7-6-7-6-5-6-6	6-4-7-5-7-7-5-7-6-7-6-6	7-7-7-6-7-5-6-6-6-7-7-7	7-7-5-7-7-7-6-7-5-7-7-6	1-3-5-7-6-7-6-7-7-7-5-5	6-7-7-5-7-7-7-7-7-7-7-7	6-7-7-7-6-7-7-7-7-7-6-5	7-7-7-6-7-6-6-1-5-3-3-7	6-7-7-7-1-7-2-6-7-7-5-4	6-3-7-7-7-1-7-4-7-7-3-7	3-1-4-7-2-6-3-3-3-6-7-7	7-6-6-4-3-7-7-3-7-7-5-7
513	0	0-0-0-0-0-0-0-0-0-0-0-0	0-0-0-0-0-0-0-0-0-0-0-0	0-0-0-0-0-0-0-0-0-0-0-0	0-0-0-0-0-0-0-0-0-0-0-0	0-0-0-0-0-0-0-0-0-0-0-0	0-0-0-0-0-0-0-0-0-0-0-0	0-0-0-0-0-0-0-0-0-0-0-0	0-0-0-0-0-0-0-0-0-0-0-0	0-0-0-0-0-0-0-0-0-0-0-0	0-0-0-0-0-0-0-0-0-0-0-0	0-0-0-0-0-0-0-0-0-0-0-0	0-0-0-0-0-0-0-0-0-0-0-0
513	1	1-1-1-1-1-1-1-1-1-0-1-1	0-2-1-0-0-1-0-2-0-1-0-1	1-0-0-1-1-0-2-3-2-1-2-1	0-0-0-0-0-0-0-0-2-1-2-0	0-0-0-0-0-1-2-0-2-0-0-0	0-0-0-0-0-0-2-0-1-1-1-0	0-1-2-0-0-1-4-2-1-1-0-0	1-1-0-0-1-0-1-2-0-2-0-0	1-0-0-0-1-0-0-2-1-0-0-2	0-1-4-0-0-0-2-1-0-0-0-1	2-0-0-1-0-0-0-0-0-0-1-2	2-1-0-1-0-0-1-0-0-1-1-1
513	2	2-2-2-2-1-1-2-2-2-2-2-3	3-1-1-4-2-1-3-1-0-3-3-3	3-2-0-3-3-3-3-0-1-2-1-3	3-3-3-3-3-3-3-4-3-2-1-0	4-0-3-2-3-3-3-3-1-0-2-3	3-4-3-0-2-3-3-3-2-1-0-4	3-1-1-0-3-4-3-1-2-3-4-3	2-4-4-3-4-0-3-8-2-1-0-0	2-0-3-4-4-0-0-3-1-2-4-1	0-3-1-0-3-2-1-1-3-0-0-4	1-2-0-2-0-2-0-0-0-3-2-2	1-4-2-1-4-3-3-0-2-0-2-2
513	3	3-3-3-3-3-3-3-3-3-3-3-2	2-4-4-2-2-4-2-4-4-2-2-2	2-2-4-2-2-2-4-1-4-2-4-2	2-3-2-2-2-2-3-3-2-3-4-0	3-0-2-2-2-2-4-2-4-3-2-2	2-2-4-0-3-2-2-2-1-3-7-3	2-4-4-0-2-3-2-2-3-2-0-2	4-4-4-2-2-4-7-4-2-5-0-3	3-0-2-2-1-4-8-2-4-3-3-3	0-2-3-3-2-2-0-4-2-4-0-2	1-2-3-4-7-2-0-4-0-2-2-1	1-2-2-5-0-2-2-0-7-4-5-3
513	4	4-4-3-5-3-4-4-3-4-4-5-5	4-3-3-2-2-3-5-3-4-4-5-5	7-5-7-5-4-2-3-5-3-3-3-4	2-6-4-2-2-5-4-2-3-3-3-6	2-6-4-4-6-3-3-4-4-4-2-8	3-2-3-4-6-6-3-2-1-1-1-2	4-3-3-6-5-2-3-5-4-2-5-2	1-2-3-3-2-5-3-3-2-4-5-7	4-0-3-2-2-4-6-2-4-4-2-3	5-2-1-5-6-2-1-3-2-6-5-2	6-2-4-3-3-4-6-6-5-2-2-4	5-2-4-4-6-4-2-7-8-7-1-2
513	5	6-5-6-6-6-5-6-7-6-6-6-6	6-5-5-2-6-6-6-6-4-6-4-6	5-6-4-6-6-6-5-6-6-6-5-5	6-5-6-6-2-6-6-7-5-5-5-6	6-4-6-7-5-6-6-5-5-6-6-5	6-6-6-6-4-6-6-6-5-5-2-6	8-6-5-5-6-5-3-6-5-7-6-6	5-5-4-6-5-7-5-6-2-5-6-4	5-8-6-6-5-6-6-6-6-7-5-5	4-5-5-6-6-6-6-5-6-7-6-2	4-8-7-5-8-8-4-5-8-5-6-6	8-6-5-8-6-6-5-4-5-5-5-8
513	6	5-8-5-8-5-5-5-7-5-5-5-5	5-7-6-7-7-5-7-7-5-5-7-5	5-7-5-5-5-5-7-5-5-7-6-7	7-7-5-5-7-7-5-5-7-7-7-5	5-4-5-7-4-7-7-7-5-5-5-7	5-5-7-7-4-5-7-5-6-6-6-7	7-5-5-5-8-6-6-5-6-8-7-6	5-7-7-7-7-5-8-7-8-5-7-4	4-0-7-7-7-5-5-7-5-5-7-5	7-7-7-5-7-5-7-6-5-4-7-7	4-5-5-5-5-5-4-4-7-7-5-5	5-7-7-7-7-5-7-4-7-5-7-5
513	7	6-6-5-5-5-5-5-5-5-5-5-8	5-6-6-6-6-5-6-6-6-6-6-8	4-6-4-5-6-5-6-6-5-6-6-6	6-6-6-6-6-6-8-5-6-6-6-8	5-4-5-6-7-6-6-6-6-5-5-6	5-6-6-6-7-6-6-5-7-7-3-6	6-5-5-5-6-7-6-6-7-5-6-5	7-6-6-6-6-5-3-6-6-5-6-4	7-7-6-6-6-5-5-6-5-5-6-5	6-6-6-5-6-2-6-3-8-5-6-2	4-7-5-5-3-5-7-7-6-6-6-7	5-6-6-7-6-6-6-4-6-6-6-3
513	8	8-6-6-6-8-7-5-8-5-5-5-7	5-6-8-6-8-5-6-8-8-8-6-7	8-8-8-5-8-5-6-5-5-8-6-8	7-8-8-6-8-8-7-8-8-8-8-7	5-5-8-8-8-8-7-8-8-6-6-8	5-8-8-6-8-5-8-8-8-8-8-7	7-8-8-8-6-8-8-8-8-6-6-5	8-8-8-6-8-5-6-6-6-4-6-4	6-7-8-7-2-8-3-6-8-5-6-1	6-8-8-8-8-2-6-5-7-8-7-8	4-5-5-6-5-5-7-4-5-5-8-8	5-5-7-5-5-8-8-4-8-8-6-5
514	0	0-0-0-0-0-0-0-0-0-0-0-0	0-0-0-0-0-0-0-0-0-0-0-0	0-0-0-0-0-0-0-0-0-0-0-0	0-0-0-0-0-0-0-0-0-0-0-0	0-0-0-0-0-0-0-0-0-0-0-0	0-0-0-0-0-0-0-0-0-0-0-0	0-0-0-0-0-0-0-0-0-0-0-0	0-0-0-0-0-0-0-0-0-0-0-0	0-0-0-0-0-0-0-0-0-0-0-0	0-0-0-0-0-0-0-0-0-0-0-0	0-0-0-0-0-0-0-0-0-0-0-0	0-0-0-0-0-0-0-0-0-0-0-0
514	1	1-1-1-1-1-1-1-1-1-1-1-1	0-0-0-3-0-0-0-0-0-1-0-2	0-2-0-4-4-1-2-2-0-3-1-3	3-0-0-3-3-3-0-1-1-1-1-0	5-0-0-2-0-2-2-2-1-3-0-3	1-0-2-0-0-3-2-2-1-1-0-3	2-1-1-0-2-2-1-2-1-1-0-2	1-1-4-2-2-1-1-1-1-0-0-0	1-0-0-3-4-2-0-2-0-1-4-1	4-2-1-2-2-1-0-1-2-0-0-4	0-4-0-0-3-1-0-1-0-1-2-1	0-2-2-0-0-1-2-0-1-0-1-1
514	2	2-2-2-2-2-2-2-2-2-2-2-1	1-3-2-1-0-3-0-3-3-2-0-3	3-1-0-1-1-1-3-1-0-1-3-1	1-0-3-0-1-1-3-2-3-3-3-0	2-0-0-1-0-1-3-1-3-2-2-1	1-1-3-3-2-1-3-1-2-2-2-1	1-1-2-2-1-1-2-1-2-2-0-1	2-2-3-3-1-1-4-1-1-6-0-1	0-0-3-1-2-1-0-1-3-1-2-3	0-3-2-1-3-1-3-2-3-2-3-1	4-1-8-2-8-1-0-2-0-3-1-3	3-1-1-0-4-1-3-0-1-3-2-1
514	3	3-3-3-3-3-2-3-3-3-3-3-3	4-4-2-1-0-2-1-2-4-2-4-2	2-3-0-5-2-1-4-5-4-5-4-1	1-5-4-1-1-1-3-3-4-4-4-0	3-0-6-4-1-3-4-3-4-1-6-1	1-0-2-4-4-1-4-1-3-3-3-1	1-1-3-0-1-1-2-4-3-2-0-4	3-3-2-2-3-1-7-1-1-3-3-1	3-0-4-1-5-4-3-1-7-3-3-2	0-2-7-4-2-1-4-3-2-3-2-1	2-1-3-4-4-2-0-0-2-2-4-2	2-1-1-2-1-1-2-5-1-4-3-3
514	4	5-4-4-6-3-4-4-6-4-5-4-5	4-3-3-5-5-5-5-5-5-5-5-5	5-5-5-5-1-5-5-5-4-1-3-4	5-4-5-5-1-5-5-5-3-3-3-5	1-5-5-3-6-2-5-5-4-5-5-4	5-5-2-5-3-1-5-5-5-3-3-5	6-1-3-5-5-1-3-3-3-1-8-3	2-3-1-5-1-5-2-3-1-4-5-4	3-8-5-1-1-3-5-5-3-4-1-3	5-1-3-3-5-1-3-3-5-5-4-1	2-1-4-3-3-4-4-7-5-4-5-4	4-5-4-4-6-4-6-4-5-3-4-1
514	5	4-6-5-4-6-5-5-5-5-4-4-4	4-6-6-4-4-5-4-6-4-4-4-4	4-4-4-4-4-4-6-7-6-6-6-5	4-4-4-4-1-4-3-4-6-5-6-4	1-4-4-3-4-5-6-4-5-4-4-4	4-4-2-4-3-1-6-5-4-5-2-4	4-1-5-4-4-5-2-4-5-5-0-5	2-5-1-4-5-4-6-6-1-4-4-8	3-0-4-1-3-6-4-4-6-4-1-2	4-1-5-6-4-1-4-5-4-4-4-1	5-4-5-4-4-4-0-4-4-4-4-5	4-4-4-4-4-4-1-3-4-5-4-4
514	6	7-5-6-8-5-7-8-6-5-4-6-7	7-5-5-7-7-4-7-8-7-7-7-7	7-7-4-7-7-7-7-4-5-7-5-6	7-4-4-6-7-7-7-7-5-3-7-4	7-4-7-7-4-7-7-7-6-6-7-7	7-4-7-6-3-8-7-6-2-2-3-7	7-3-5-4-7-1-2-7-3-5-7-7	5-7-8-7-7-8-8-8-6-4-7-0	4-0-4-7-7-3-4-4-5-3-7-7	7-7-5-5-7-8-7-3-4-4-7-7	7-6-5-4-5-4-0-4-4-7-6-7	4-6-4-4-7-6-7-4-7-6-8-7
514	7	6-8-6-6-5-8-8-6-8-6-6-8	8-5-5-6-7-5-6-6-8-6-6-6	6-6-4-6-6-6-6-5-5-6-8-6	6-4-4-6-6-6-8-6-6-6-6-8	6-4-6-4-7-6-8-6-7-7-6-6	6-7-6-8-7-6-6-6-7-7-2-7	6-1-3-4-6-7-8-6-7-7-6-6	7-6-6-6-6-4-3-7-6-3-6-0	7-7-5-6-6-6-4-6-3-3-6-6	6-6-3-2-6-6-6-3-8-4-7-6	5-7-5-7-7-4-4-4-4-7-7-7	4-8-4-4-7-7-6-4-6-5-6-6
514	8	8-7-8-6-8-7-7-8-7-4-6-7	7-5-8-6-8-8-6-6-8-8-6-7	8-8-8-7-8-6-8-7-5-8-7-8	6-8-8-8-8-8-7-8-7-8-8-7	6-4-8-8-8-7-7-8-8-8-6-6	7-8-7-7-8-6-8-8-8-8-2-7	4-8-8-8-8-8-7-8-8-8-4-8	8-7-6-7-8-6-6-6-6-4-7-4	7-8-8-6-6-8-8-4-8-3-6-6	6-8-5-8-8-6-8-2-7-8-3-8	6-8-8-7-2-4-7-4-8-8-8-8	8-7-4-4-4-8-8-8-8-8-6-8
515	0	0-0-0-0-0-0-0-0-0-0-0-0	0-0-0-0-0-0-0-0-0-0-0-0	0-0-0-0-0-0-0-0-0-0-0-0	0-0-0-0-0-0-0-0-0-0-0-0	0-0-0-0-0-0-0-0-0-0-0-0	0-0-0-0-0-0-0-0-0-0-0-0	0-0-0-0-0-0-0-0-0-0-0-0	0-0-0-0-0-0-0-0-0-0-0-0	0-0-0-0-0-0-0-0-0-0-0-0	0-0-0-0-0-0-0-0-0-0-0-0	0-0-0-0-0-0-0-0-0-0-0-0	0-0-0-0-0-0-0-0-0-0-0-0
515	1	1-1-1-1-1-0-1-1-1-1-1-1	2-0-0-2-0-1-1-0-2-2-2-2	0-2-3-0-2-0-2-0-0-1-0-2	2-2-1-3-3-2-0-3-2-3-3-1	3-1-2-3-0-0-2-2-0-4-3-2	2-2-3-3-0-2-2-0-0-0-0-2	0-2-0-1-2-0-0-2-1-0-0-0	0-2-3-2-0-0-0-3-1-0-1-0	0-2-0-2-1-5-1-1-0-1-3-2	2-2-0-0-0-0-2-1-2-0-0-0	1-2-1-0-0-1-1-1-1-1-2-1	1-2-1-1-0-1-2-1-1-1-2-2
515	2	2-2-2-2-2-2-2-2-2-2-2-2	1-3-3-1-0-1-1-3-1-1-1-1	2-1-1-0-1-3-3-3-0-3-3-1	1-1-2-1-1-1-3-1-1-1-2-1	0-4-1-1-0-3-3-1-3-1-1-1	1-1-1-1-3-1-3-0-6-2-2-2	0-1-3-3-1-2-3-1-1-4-3-0	0-1-0-1-0-0-3-1-1-0-3-2	2-1-3-1-2-1-2-2-0-6-0-1	1-1-0-3-3-0-1-2-1-0-0-0	3-1-3-3-3-0-0-3-0-1-1-1	1-1-1-2-3-1-1-1-1-1-1-1
515	3	3-3-2-2-3-3-2-3-3-3-3-3	3-2-2-3-0-3-3-4-4-1-4-4	3-1-1-6-4-4-2-2-5-2-2-3	4-4-4-1-1-1-2-6-5-1-4-8	1-3-6-1-9-2-4-4-2-3-1-1	4-5-1-1-2-1-2-0-3-0-0-4	3-3-2-4-4-3-2-2-3-3-2-4	3-0-8-3-3-4-2-1-3-3-2-3	4-3-4-1-5-9-4-3-0-3-1-3	3-3-3-4-2-4-1-2-4-4-3-3	2-3-2-2-3-3-4-4-5-1-3-3	8-1-3-5-2-3-3-3-6-6-3-2
515	4	4-2-5-9-4-4-4-4-4-4-5-5	5-2-2-5-0-3-5-3-5-5-5-5	3-6-5-8-5-3-5-2-6-5-5-5	5-3-5-5-5-5-2-9-4-1-4-3	7-2-10-7-3-4-5-5-3-10-1-5	5-3-5-8-3-6-5-5-4-4-0-6	3-7-2-3-5-4-5-5-4-4-4-5	4-6-9-5-4-3-2-9-3-3-9-5	3-3-5-4-6-3-3-3-5-7-4-8	5-7-3-3-5-6-5-2-5-3-0-7	3-6-2-6-3-4-3-3-0-5-3-3	3-6-3-3-0-5-5-3-4-4-4-6
515	5	5-5-4-5-5-5-5-5-5-4-4-4	4-6-6-4-7-5-4-7-4-4-4-4	3-4-4-4-4-6-6-7-3-4-6-4	4-4-4-4-4-4-2-4-6-6-6-3	4-3-7-1-6-6-6-4-6-5-1-6	4-3-7-4-5-4-6-4-5-5-6-4	4-4-5-5-4-5-6-4-5-7-6-4	5-4-4-4-4-3-8-6-3-6-3-5	7-3-4-4-5-3-10-6-7-5-4-7	4-1-6-0-4-5-4-5-4-6-10-4	4-5-5-7-9-4-5-3-3-4-4-5	3-4-3-3-0-4-4-5-1-3-4-8
515	6	6-5-4-9-5-5-6-8-6-6-7-9	7-5-5-7-7-8-7-4-7-6-7-8	9-7-4-4-5-4-5-7-4-8-5-5	7-6-8-7-4-7-7-3-5-5-5-3	4-7-3-6-7-5-7-7-5-7-5-5	7-3-5-6-8-9-5-7-6-5-5-4	3-4-5-5-7-3-5-7-5-5-8-5	8-4-5-5-4-7-5-7-8-5-8-8	8-8-7-4-4-3-8-7-7-6-4-3	8-8-5-7-5-4-8-5-7-8-8-4	8-4-8-4-8-8-8-8-8-4-5-3	3-4-7-6-8-8-4-8-8-8-4-4
515	7	6-9-6-10-10-7-7-7-7-6-4-6	6-8-8-6-5-6-4-8-6-6-6-6	3-6-9-4-4-6-8-9-8-6-8-7	6-6-5-6-4-6-6-4-8-9-5-3	4-6-5-4-6-7-8-6-8-6-8-5	6-3-5-6-6-4-8-4-7-7-0-7	4-4-8-6-6-7-6-6-7-5-6-8	7-4-4-5-4-6-8-6-6-7-6-6	5-6-8-4-5-3-6-8-5-9-5-5	6-4-7-8-8-4-4-5-6-6-6-4	6-8-7-5-6-6-6-6-6-4-8-5	3-4-6-6-6-4-4-6-6-6-7-5
515	8	9-7-8-8-7-8-8-8-7-8-8-6	6-7-7-4-9-6-9-9-6-6-9-6	3-9-9-4-9-10-7-6-7-6-7-9	9-6-8-8-9-9-7-3-7-7-9-3	9-6-10-8-6-9-9-9-7-4-7-9	7-3-4-4-6-4-7-9-7-5-0-9	9-4-7-6-7-8-6-9-8-5-9-9	6-4-4-9-4-3-5-4-6-8-6-6	10-6-7-9-9-3-6-7-7-7-8-4	6-9-3-7-9-9-9-5-6-6-6-5	6-7-6-5-6-6-6-6-6-8-7-8	3-5-8-8-6-6-8-6-6-6-8-5
515	9	10-10-8-6-9-10-10-8-10-8-8-6	6-7-7-4-8-10-8-8-10-9-8-10	6-8-8-8-8-9-8-7-10-9-9-8	8-6-9-8-8-8-10-4-8-7-8-3	8-6-3-4-3-8-8-8-9-9-7-8	10-3-8-4-9-6-8-8-9-9-0-9	10-4-2-10-10-9-5-8-9-5-8-8	9-4-4-8-4-3-5-4-10-7-8-6	9-6-10-8-8-3-9-7-7-7-8-4	7-8-9-8-8-8-8-5-10-6-9-4	4-9-4-7-10-10-6-9-8-9-9-9	3-9-3-9-8-4-4-3-8-8-8-4
515	10	10-9-8-8-10-9-9-10-9-8-8-10	6-7-10-4-10-10-9-10-10-10-9-10	10-9-10-4-10-10-9-9-9-10-10-10	8-10-10-8-10-10-9-10-9-10-10-6	4-6-8-10-10-10-9-10-10-10-8-10	9-10-10-9-10-9-10-10-10-10-10-9	9-10-10-9-9-10-10-10-10-10-6-8	10-10-4-9-10-9-10-4-9-7-8-6	9-9-9-10-4-10-5-8-10-7-8-4	9-10-10-10-10-4-4-9-9-10-10-10	10-9-10-10-9-9-6-6-10-9-10-9	9-9-3-0-9-10-10-6-10-10-9-10
516	0	0-0-0-0-0-0-0-0-0-0-0-0	0-0-0-0-0-0-0-0-0-0-0-0	0-0-0-0-0-0-0-0-0-0-0-0	0-0-0-0-0-0-0-0-0-0-0-0	0-0-0-0-0-0-0-0-0-0-0-0	0-0-0-0-0-0-0-0-0-0-0-0	0-0-0-0-0-0-0-0-0-0-0-0	0-0-0-0-0-0-0-0-0-0-0-0	0-0-0-0-0-0-0-0-0-0-0-0	0-0-0-0-0-0-0-0-0-0-0-0	0-0-0-0-0-0-0-0-0-0-0-0	0-0-0-0-0-0-0-0-0-0-0-0
516	1	1-1-1-1-1-1-1-1-1-1-1-1	0-0-0-3-1-1-0-2-0-1-3-0	0-3-0-4-2-2-2-0-0-3-2-2	2-0-0-2-2-2-0-1-1-3-1-1	1-0-1-2-0-1-2-2-1-0-0-2	2-3-2-0-1-3-2-1-1-1-3-3	2-1-1-0-2-1-0-2-3-1-3-2	3-1-1-2-2-1-1-1-1-0-0-0	1-0-2-2-3-1-0-2-0-1-2-1	0-3-0-0-2-1-2-1-2-0-0-1	3-1-0-1-3-1-3-1-0-1-1-0	1-1-1-1-0-1-2-0-1-1-1-1
516	2	2-2-2-2-3-2-2-2-2-2-2-3	0-3-3-1-2-3-0-3-3-2-1-2	2-1-0-2-1-5-3-4-3-1-3-1	1-5-3-1-1-1-4-1-4-4-3-0	2-2-4-4-2-1-3-1-2-2-0-1	1-1-3-0-2-1-3-1-2-2-4-2	5-2-2-2-1-2-3-1-2-2-1-3	2-3-1-3-3-3-4-4-1-0-0-3	2-0-1-1-2-5-5-1-3-2-1-2	3-1-2-3-1-1-1-2-1-3-3-1	5-1-0-3-1-0-3-3-3-1-3-6	5-1-1-3-5-2-1-0-0-1-2-2
516	3	3-2-2-3-2-3-3-4-3-3-2-3	3-2-2-1-3-2-3-2-4-2-4-4	5-4-5-1-3-3-2-3-2-4-2-3	4-3-2-4-1-1-4-1-2-2-2-0	1-4-1-3-4-2-4-3-3-5-3-2	2-4-2-3-4-1-2-1-2-2-1-1	4-1-2-2-4-3-2-0-1-1-1-2	1-2-4-2-2-4-3-2-4-3-4-4	4-4-4-4-1-3-4-4-5-3-2-3	4-1-3-2-4-1-2-2-4-2-4-1	4-1-5-2-1-4-5-4-4-2-2-4	3-1-3-2-4-4-1-4-1-5-2-1
516	4	4-6-6-6-4-4-6-4-4-4-4-4	4-2-2-5-5-2-5-5-5-2-5-3	4-5-5-1-5-5-5-2-5-5-5-4	5-3-3-3-5-5-3-5-5-2-5-0	5-3-2-2-3-5-5-5-3-4-3-5	5-3-5-0-3-5-5-5-2-2-2-5	3-4-4-2-3-4-3-5-4-4-5-5	4-5-3-5-5-3-6-5-3-3-5-3	3-3-3-3-5-2-3-3-2-5-5-6	3-5-3-3-5-4-5-2-3-3-3-5	3-1-3-2-5-3-3-3-3-1-2-3	3-4-1-2-3-4-5-3-5-1-5-5
516	5	4-6-4-4-4-6-6-6-6-5-4-6	4-2-2-4-4-5-4-4-4-2-4-4	3-4-3-6-4-4-4-6-4-4-5-4	4-5-5-4-4-4-6-4-4-2-4-6	4-6-5-3-5-4-6-4-5-5-3-4	6-5-4-6-5-4-4-4-5-5-2-4	6-4-3-5-6-5-3-4-5-5-4-4	5-4-4-4-4-4-2-4-1-3-4-3	5-5-2-5-4-2-5-4-6-4-4-2	4-4-5-2-4-4-4-2-5-5-5-4	4-5-3-6-4-6-3-5-5-5-5-4	6-6-5-5-5-5-4-3-4-3-4-4
516	6	6-5-4-4-6-5-5-6-5-5-4-5	5-6-6-4-6-6-4-4-5-6-4-4	6-6-6-5-6-6-6-5-4-6-5-6	5-6-6-6-6-6-5-6-5-6-4-5	4-6-6-6-5-6-5-6-6-6-4-4	5-6-6-5-6-6-6-6-6-6-6-5	5-6-6-6-5-6-6-6-6-6-6-6	6-5-4-5-6-5-4-4-1-4-4-6	5-6-6-6-4-6-6-3-5-2-4-4	4-6-2-6-6-4-6-5-5-6-3-6	3-1-3-5-1-5-5-3-3-6-6-3	6-5-6-6-5-6-6-6-4-6-2-6
517	0	0-0-0-0-0-0-0-0-0-0-0-0	0-0-0-0-0-0-0-0-0-0-0-0	0-0-0-0-0-0-0-0-0-0-0-0	0-0-0-0-0-0-0-0-0-0-0-0	0-0-0-0-0-0-0-0-0-0-0-0	0-0-0-0-0-0-0-0-0-0-0-0	0-0-0-0-0-0-0-0-0-0-0-0	0-0-0-0-0-0-0-0-0-0-0-0	0-0-0-0-0-0-0-0-0-0-0-0	0-0-0-0-0-0-0-0-0-0-0-0	0-0-0-0-0-0-0-0-0-0-0-0	0-0-0-0-0-0-0-0-0-0-0-0
517	1	1-1-2-1-1-1-1-1-1-1-1-2	2-2-0-2-0-1-2-1-2-2-2-2	1-2-3-2-2-2-2-2-2-2-2-1	2-2-2-2-2-2-0-2-0-0-2-2	2-2-2-7-4-0-2-2-0-3-2-2	2-2-0-2-0-2-0-1-0-0-0-2	2-0-0-2-2-3-0-2-0-3-2-0	0-2-2-2-0-2-2-0-2-8-2-0	2-2-0-2-3-1-3-2-5-1-1-0	2-2-1-2-2-2-0-1-2-4-2-0	6-5-1-0-5-2-2-2-2-2-5-1	2-2-2-2-2-2-2-2-2-2-2-1
517	2	1-2-1-2-2-1-1-2-1-1-1-1	1-3-3-1-0-1-1-3-1-1-1-1	1-1-1-1-1-1-3-3-1-1-3-2	1-1-3-1-1-1-1-1-3-0-3-1	1-1-1-1-1-2-3-1-3-2-1-1	1-1-0-1-2-1-3-1-2-0-0-1	1-2-3-1-1-2-6-1-2-2-1-1	2-1-1-1-2-1-1-1-1-2-1-0	2-1-2-1-2-2-1-1-3-3-1-2	1-1-2-1-1-1-1-2-1-1-1-0	3-1-2-5-1-1-1-1-1-1-1-2	1-1-1-1-1-1-1-1-1-1-1-2
517	3	1-2-1-1-2-1-3-1-1-3-1-1	4-2-2-5-4-1-1-2-4-1-4-4	1-5-1-6-4-6-2-4-1-4-2-4	4-4-4-3-5-4-4-1-4-4-2-1	4-1-3-4-1-2-4-4-4-6-1-1	4-5-4-1-5-6-4-4-2-0-0-5	4-5-2-1-4-1-4-2-3-1-4-4	2-4-4-4-4-4-8-8-8-2-3-0	3-1-4-4-5-6-1-4-2-2-4-3	1-4-0-4-3-3-0-5-4-1-1-3	2-3-4-4-4-3-1-1-1-3-3-3	1-4-1-1-1-3-4-1-3-3-4-5
517	4	4-4-1-4-4-4-3-1-1-4-5-1	3-5-5-3-3-1-1-3-3-1-3-3	5-3-1-3-3-3-5-3-5-3-5-3	3-3-3-3-3-3-3-1-5-6-5-1	3-1-1-3-1-4-5-3-3-4-1-1	3-3-6-1-5-3-3-3-4-4-7-4	3-3-5-5-3-2-3-3-2-0-3-3	6-3-3-3-3-5-6-3-3-4-1-5	4-1-3-3-4-7-1-3-2-5-3-5	1-3-2-1-3-6-1-5-3-1-1-3	5-1-3-3-3-3-4-8-1-3-3-3	1-3-1-1-1-4-3-7-7-3-3-7
517	5	6-4-6-7-4-6-5-6-6-5-6-7	5-4-4-7-7-1-6-5-7-6-7-6	8-3-7-3-5-3-4-7-6-3-4-5	6-6-6-3-3-6-8-1-4-4-8-8	3-7-1-7-5-4-6-5-5-4-5-5	3-3-4-5-6-3-4-3-0-0-0-5	6-3-4-4-3-5-3-6-3-0-8-3	5-4-6-4-3-6-5-3-3-5-5-6	6-6-6-3-3-5-8-6-1-4-1-4	6-3-2-6-1-4-5-4-6-6-6-3	4-1-3-6-1-3-6-6-8-3-1-3	1-3-5-1-6-4-3-6-1-3-1-3
517	6	5-5-5-5-4-5-8-7-6-5-5-5	5-4-4-5-5-7-5-7-7-5-8-5	5-7-7-7-7-3-7-5-5-3-4-7	7-5-5-7-7-7-4-6-7-4-7-5	7-5-6-5-5-6-7-7-5-8-7-7	7-1-7-6-5-3-7-7-6-4-0-4	8-6-4-6-8-6-2-5-3-2-7-7	4-7-5-7-7-5-4-7-6-6-7-5	5-5-5-7-8-3-1-7-2-7-7-4	7-7-1-7-7-7-8-8-5-5-5-3	8-6-6-5-8-3-5-5-7-6-6-6	1-6-8-7-7-1-6-5-6-6-7-6
517	7	8-8-5-5-7-8-8-6-8-5-6-5	6-4-4-5-5-8-5-6-6-7-8-5	5-6-5-6-6-7-6-5-6-7-7-6	6-7-7-6-6-6-8-1-6-4-6-1	6-5-6-5-7-6-6-6-7-7-6-6	8-0-6-8-7-3-6-6-7-7-4-7	8-6-2-7-8-7-7-6-7-2-6-6	7-6-4-6-6-8-4-6-6-2-6-5	7-5-7-6-6-4-7-6-2-6-6-4	7-7-7-6-6-7-2-8-5-5-7-7	6-7-7-2-8-3-5-6-6-7-7-7	8-8-4-6-7-4-7-5-4-7-6-6
517	8	8-7-5-5-8-7-6-8-7-6-6-6	7-8-8-5-8-8-6-8-8-8-7-5	5-8-8-6-8-6-7-8-7-8-8-8	7-8-7-8-8-8-5-8-4-8-8-5	6-5-8-8-8-8-7-8-8-8-7-8	7-8-7-7-8-5-8-8-8-8-8-8	6-8-8-8-6-8-4-6-8-8-6-6	8-8-8-7-8-7-8-3-3-6-4-7	7-8-8-7-6-8-8-3-8-0-6-0	7-6-8-8-8-7-8-7-8-8-8-8	6-8-8-5-6-3-5-4-8-7-8-8	7-7-6-1-6-8-8-5-8-8-6-8
518	0	0-0-0-0-0-0-0-0-0-0-0-0	0-0-0-0-0-0-0-0-0-0-0-0	0-0-0-0-0-0-0-0-0-0-0-0	0-0-0-0-0-0-0-0-0-0-0-0	0-0-0-0-0-0-0-0-0-0-0-0	0-0-0-0-0-0-0-0-0-0-0-0	0-0-0-0-0-0-0-0-0-0-0-0	0-0-0-0-0-0-0-0-0-0-0-0	0-0-0-0-0-0-0-0-0-0-0-0	0-0-0-0-0-0-0-0-0-0-0-0	0-0-0-0-0-0-0-0-0-0-0-0	0-0-0-0-0-0-0-0-0-0-0-0
518	1	1-1-2-1-1-1-1-1-1-1-1-1	1-0-0-1-0-1-1-0-0-1-0-1	1-2-2-2-1-2-2-1-0-0-0-0	2-3-2-0-1-2-0-4-0-0-0-4	0-2-4-0-2-0-2-1-0-1-1-1	1-1-0-1-1-1-0-0-0-0-0-2	0-0-0-3-0-0-0-0-0-1-1-2	1-0-0-0-0-2-0-0-0-1-3-0	1-2-2-0-2-0-2-2-0-1-1-2	0-0-1-0-1-0-0-2-1-2-3-0	1-0-1-0-1-1-2-0-0-1-0-1	1-1-1-1-0-1-0-1-1-1-1-1
518	2	2-2-1-1-2-2-2-4-2-2-2-2	3-3-0-3-0-3-1-4-3-2-3-3	0-3-1-1-3-1-1-3-0-3-2-3	3-3-1-3-4-3-0-5-2-0-2-0	4-1-1-3-1-2-3-3-1-0-2-1	2-0-3-3-1-4-3-2-3-0-0-3	4-4-0-1-3-0-2-3-2-2-2-3	1-4-4-3-4-1-2-0-2-1-1-0	2-1-1-3-4-2-1-4-2-2-4-2	3-3-0-3-3-3-0-1-3-1-0-4	3-4-1-2-0-3-1-2-0-3-2-2	0-3-1-1-0-2-3-1-3-2-0-2
518	3	3-3-3-3-3-3-3-3-3-3-3-4	2-4-4-2-0-2-1-3-2-3-2-2	4-2-1-2-2-3-4-5-4-2-4-2	2-1-1-2-2-2-2-3-4-5-4-1	2-1-1-5-3-4-4-2-4-3-2-1	2-5-5-2-6-2-4-2-6-3-5-3	2-2-5-1-2-3-4-2-3-5-4-2	3-6-2-2-2-1-5-4-2-3-1-3	2-1-2-2-5-3-4-2-5-3-2-3	2-2-0-2-2-2-0-1-2-1-1-2	4-3-8-3-8-2-1-3-0-2-2-3	0-2-1-1-6-2-2-0-2-3-5-3
518	4	5-3-6-7-4-4-5-4-5-4-4-8	4-3-3-6-5-5-5-5-5-5-5-5	3-5-7-5-3-2-3-5-5-5-3-4	5-6-6-5-2-2-6-1-3-3-3-6	2-5-1-4-5-3-5-5-3-3-2-8	2-5-3-4-5-5-3-5-3-4-0-1	6-2-3-5-5-4-5-5-4-2-6-5	4-2-6-2-2-6-3-3-5-4-5-5	5-5-5-5-2-4-5-2-3-4-2-4	5-5-1-5-5-2-3-2-5-5-5-2	5-2-6-3-5-5-5-5-5-2-4-4	6-2-4-4-5-5-2-5-5-7-0-2
518	5	6-5-4-4-3-3-4-7-4-4-5-4	6-3-3-4-4-4-4-4-4-5-4-4	1-7-4-6-6-6-6-3-4-6-5-6	4-4-5-7-7-6-4-7-6-3-5-4	7-4-8-6-6-5-6-7-4-5-8-7	7-8-3-5-4-4-6-7-5-3-3-7	8-7-3-4-6-5-4-6-5-3-7-5	4-5-4-6-7-4-8-8-4-4-4-4	4-4-6-7-8-4-4-6-3-4-7-4	4-4-0-6-6-7-6-6-4-4-4-5	4-6-4-3-4-4-4-4-4-7-6-4	0-6-4-6-4-4-7-4-4-4-3-7
518	6	5-6-4-8-7-6-6-6-4-4-6-4	5-7-6-4-6-4-4-7-5-4-4-4	7-5-5-5-5-5-7-7-7-5-7-5	5-4-4-5-5-5-7-5-7-8-5-4	7-4-7-6-5-5-7-5-7-6-5-5	5-6-7-7-6-5-5-3-7-6-3-3	4-5-7-8-5-6-7-5-6-6-4-5	4-7-4-5-5-4-7-6-4-4-7-4	4-4-5-5-6-4-4-4-7-4-5-4	4-4-8-5-5-5-5-7-5-6-4-5	4-5-4-8-4-4-4-4-4-2-5-6	6-5-4-5-4-4-5-4-4-4-6-6
518	7	8-8-4-4-6-8-8-5-8-7-7-8	5-6-6-4-6-8-4-6-8-7-4-4	6-5-4-5-5-7-6-6-8-5-6-5	5-4-7-5-5-5-8-5-6-6-5-4	6-4-6-7-7-6-6-5-6-7-7-5	8-1-6-6-4-5-6-5-6-6-3-5	8-5-6-3-8-7-6-5-7-2-5-6	7-7-2-6-5-8-8-5-7-4-6-4	7-8-7-5-7-7-6-2-3-7-5-7	4-5-0-6-6-5-0-6-8-7-4-5	4-7-4-3-3-8-4-4-5-5-5-7	0-7-1-7-4-7-5-4-7-4-5-5
518	8	8-7-4-6-8-7-7-8-7-4-7-8	4-8-8-2-8-7-5-8-8-8-7-8	8-8-8-8-8-8-7-8-7-8-8-8	7-8-8-8-8-8-7-8-7-8-8-4	5-4-8-8-8-8-7-8-8-8-5-8	7-8-8-8-8-4-8-8-8-8-3-8	7-8-8-8-7-8-7-8-8-8-7-7	8-7-8-7-8-7-5-5-7-4-7-8	4-7-8-5-5-8-8-5-8-6-5-3	5-4-6-8-8-5-8-6-7-8-4-8	4-8-3-6-3-7-4-4-4-6-8-8	8-7-1-0-6-8-3-4-8-8-7-2
519	0	0-0-0-0-0-0-0-0-0-0-0-0	0-0-0-0-0-0-0-0-0-0-0-0	0-0-0-0-0-0-0-0-0-0-0-0	0-0-0-0-0-0-0-0-0-0-0-0	0-0-0-0-0-0-0-0-0-0-0-0	0-0-0-0-0-0-0-0-0-0-0-0	0-0-0-0-0-0-0-0-0-0-0-0	0-0-0-0-0-0-0-0-0-0-0-0	0-0-0-0-0-0-0-0-0-0-0-0	0-0-0-0-0-0-0-0-0-0-0-0	0-0-0-0-0-0-0-0-0-0-0-0	0-0-0-0-0-0-0-0-0-0-0-0
519	1	1-1-1-1-1-1-1-1-1-1-1-1	1-1-1-0-0-1-1-0-2-1-0-2	3-2-2-0-0-2-1-2-0-0-0-0	2-2-0-0-0-2-0-4-0-0-1-1	1-1-1-0-2-0-2-2-2-1-0-0	0-4-0-1-0-2-0-1-0-0-0-2	1-0-0-3-2-1-0-0-0-1-1-0	1-0-0-0-1-2-0-0-1-1-1-0	1-2-2-0-3-1-1-2-1-1-1-2	1-1-4-2-2-1-0-0-0-2-1-0	0-0-1-0-0-1-1-0-0-1-0-1	1-1-1-1-1-1-1-2-1-1-1-0
519	2	2-2-2-2-2-1-2-2-2-2-2-2	1-1-1-3-0-3-1-3-1-2-3-3	4-1-1-4-3-1-3-1-0-3-0-3	3-1-1-3-6-3-0-7-2-0-2-2	3-1-2-5-1-2-3-3-1-1-0-3	3-3-3-4-2-4-3-2-0-2-0-1	4-4-2-2-3-1-0-3-2-2-3-3	0-5-3-2-2-1-8-8-2-1-7-3	1-1-1-3-4-0-1-4-5-2-5-1	2-4-0-3-3-2-3-0-3-1-3-4	2-4-7-0-0-2-1-2-2-2-3-1	0-3-2-1-2-2-2-1-2-2-2-2
519	3	3-3-2-4-4-3-3-3-3-2-3-3	1-4-3-2-4-2-2-2-2-3-2-3	1-2-5-3-2-1-4-5-4-2-4-2	2-3-4-2-2-2-4-2-4-4-4-3	2-1-2-2-1-2-4-2-4-1-0-2	2-2-4-1-3-2-4-3-3-3-6-3	2-2-6-1-2-3-4-4-3-3-2-2	3-8-2-2-2-4-7-4-2-4-3-2	3-1-1-2-1-0-3-2-4-3-4-5	2-4-5-2-2-4-2-6-2-4-4-2	2-3-0-3-3-2-2-3-3-2-2-5	3-2-2-4-5-5-4-3-2-3-6-3
519	4	4-3-5-4-3-4-4-4-5-4-5-5	4-3-3-2-6-3-5-4-5-3-5-6	2-5-6-2-4-5-5-5-5-4-3-5	5-6-6-5-2-5-5-1-4-3-4-5	2-7-1-4-6-3-5-5-3-5-5-4	5-5-3-5-6-7-3-5-3-3-3-5	2-2-3-4-5-4-5-5-3-2-2-5	3-2-5-5-2-5-5-3-2-4-4-6	6-1-5-5-2-4-6-5-7-4-3-4	5-6-1-7-5-3-3-3-5-5-5-2	6-2-5-3-6-6-5-6-6-2-5-6	4-2-2-4-6-6-3-6-6-3-4-3
519	5	5-7-4-5-7-5-6-5-5-4-4-4	4-6-7-4-5-6-4-5-4-3-4-4	1-4-4-4-2-6-4-8-4-7-6-4	4-4-4-4-4-4-6-2-6-7-6-4	2-5-1-2-4-6-6-4-6-4-4-4	4-4-3-4-4-4-6-7-5-5-3-4	3-5-7-5-4-5-4-4-5-5-4-6	5-2-4-4-2-4-6-4-2-7-4-4	5-1-6-4-4-4-4-4-4-6-2-3	4-2-5-6-4-3-3-5-4-4-4-2	4-6-4-3-4-4-4-5-4-2-4-5	5-2-4-6-4-5-2-4-4-3-4-0
519	6	7-5-6-7-6-5-6-7-6-6-8-7	6-5-5-7-7-5-8-7-7-7-8-4	7-7-7-7-7-5-7-7-8-6-5-7	7-4-4-6-7-7-5-2-5-5-7-8	7-4-8-7-4-7-7-7-5-6-8-7	6-7-7-6-4-4-5-5-5-6-3-7	5-5-3-4-4-6-4-7-5-6-7-5	5-2-4-7-2-4-5-7-6-4-7-4	4-6-5-7-7-4-4-5-4-5-7-3	4-4-5-5-5-2-3-3-4-4-7-2	4-5-4-3-4-4-4-4-7-6-5-6	5-2-6-6-4-4-3-4-4-3-7-3
519	7	6-8-6-6-7-8-8-6-8-6-6-6	6-5-5-6-6-8-6-6-6-7-8-6	6-6-6-6-6-7-6-5-8-6-7-6	6-7-7-6-6-6-8-2-6-7-6-6	6-4-6-6-7-7-6-6-7-7-6-6	8-6-6-7-4-4-7-5-7-7-0-7	8-3-5-7-6-7-4-6-7-5-6-5	7-2-2-6-6-8-5-6-6-5-6-4	7-8-7-6-6-0-7-5-4-5-6-4	8-6-7-5-7-2-3-8-8-4-6-2	4-7-2-3-8-8-6-6-6-7-7-7	8-8-7-6-7-7-3-4-6-3-6-3
519	8	8-7-6-6-8-7-7-8-7-6-6-8	6-5-8-6-8-7-6-8-8-8-6-8	8-8-8-8-8-8-7-5-7-8-8-8	7-8-8-8-8-8-7-8-8-8-8-6	2-6-6-8-8-8-7-8-8-8-6-6	8-8-8-6-8-7-8-8-8-8-8-8	7-8-8-8-7-8-8-8-8-8-5-8	8-8-2-8-8-7-6-2-7-4-4-7	6-7-8-8-2-8-8-4-8-8-6-8	7-8-8-8-8-2-8-7-7-8-8-8	4-8-8-8-4-7-8-4-8-7-8-8	8-7-6-5-7-8-8-4-8-8-2-8
520	0	0-0-0-0-0-0-0-0-0-0-0-0	0-0-0-0-0-0-0-0-0-0-0-0	0-0-0-0-0-0-0-0-0-0-0-0	0-0-0-0-0-0-0-0-0-0-0-0	0-0-0-0-0-0-0-0-0-0-0-0	0-0-0-0-0-0-0-0-0-0-0-0	0-0-0-0-0-0-0-0-0-0-0-0	0-0-0-0-0-0-0-0-0-0-0-0	0-0-0-0-0-0-0-0-0-0-0-0	0-0-0-0-0-0-0-0-0-0-0-0	0-0-0-0-0-0-0-0-0-0-0-0	0-0-0-0-0-0-0-0-0-0-0-0
520	1	1-2-1-1-1-1-1-0-1-1-1-1	1-0-0-1-0-2-1-2-0-1-2-0	2-1-0-0-2-2-2-2-0-2-0-2	1-2-2-1-1-2-0-4-2-0-0-1	0-0-1-2-2-0-2-2-0-0-0-1	1-3-0-0-0-1-0-0-0-0-0-2	0-0-0-1-2-0-0-0-0-1-0-0	0-0-0-0-0-2-0-0-0-2-1-0	0-1-2-0-0-0-2-0-0-2-0-0	1-1-1-2-0-1-0-0-1-2-0-0	0-0-1-1-1-1-2-1-3-1-0-1	1-1-1-2-1-1-0-1-1-1-1-0
520	2	3-1-2-5-2-2-2-2-2-2-2-3	3-0-0-3-0-1-3-3-3-1-3-3	1-4-4-4-3-1-3-3-3-3-3-3	3-1-1-3-3-3-0-3-3-0-2-3	2-0-2-7-1-2-3-3-1-2-3-3	2-8-3-2-2-3-3-3-0-2-0-4	3-4-2-2-3-4-2-3-0-2-2-3	2-4-2-3-2-1-4-7-2-1-7-0	2-1-3-2-4-3-1-3-0-4-3-3	3-4-1-1-3-4-3-2-3-1-3-2	2-4-2-4-8-2-1-1-0-2-3-1	2-3-2-3-3-2-3-1-2-2-4-4
520	3	3-3-2-3-3-3-3-3-3-2-3-2	2-4-4-2-3-4-2-2-2-1-2-4	1-2-2-2-2-2-4-4-2-2-4-2	2-2-2-2-2-2-4-2-4-3-4-2	2-3-4-3-3-2-4-2-4-6-2-2	1-1-4-2-3-2-4-2-4-3-0-3	2-2-6-3-2-3-4-2-4-3-2-2	3-2-2-2-2-1-6-4-2-3-6-3	2-1-2-2-3-2-3-4-3-3-2-2	2-2-4-6-2-2-2-3-2-3-2-2	2-2-3-3-4-2-3-7-1-2-2-3	7-2-1-2-2-2-2-3-3-5-3-3
520	4	4-3-5-5-3-4-4-4-4-4-4-5	4-3-3-2-5-3-5-5-5-4-5-5	4-5-5-5-4-5-3-5-3-2-3-4	4-5-5-2-2-2-3-1-3-3-3-8	2-8-3-5-4-3-3-4-3-4-2-2	2-2-3-4-4-2-3-2-3-0-0-2	8-2-3-4-4-2-3-5-3-0-8-3	4-2-2-2-2-5-3-3-4-4-4-6	6-6-3-3-2-4-6-3-3-4-2-6	5-6-3-7-6-2-3-3-6-6-6-2	6-2-3-5-3-6-6-6-6-2-3-4	3-3-4-6-6-2-2-4-6-6-2-2
520	5	6-5-6-4-6-6-5-6-6-6-6-8	7-6-6-2-7-6-6-6-6-6-6-6	5-6-6-7-6-6-4-7-6-6-5-6	6-4-6-6-2-6-7-7-6-6-6-5	6-4-6-7-5-5-6-6-6-5-7-5	5-6-6-5-6-7-6-7-7-5-0-5	6-6-5-5-6-5-6-6-6-7-4-6	5-2-6-5-2-6-5-5-5-6-4-5	5-4-5-4-6-5-4-6-7-5-6-4	5-5-5-5-6-6-6-5-5-8-4-6	5-8-5-4-6-5-4-4-5-5-6-5	6-6-5-8-5-5-6-7-5-3-5-8
520	6	5-5-5-7-5-5-5-5-5-5-5-5	5-5-5-6-5-5-5-5-5-5-5-5	1-7-5-4-7-5-7-5-5-5-5-5	5-4-5-7-7-7-5-2-5-5-7-4	5-4-5-7-4-5-7-7-5-5-5-7	5-5-7-2-5-5-5-5-5-6-0-7	5-5-5-5-5-5-3-5-5-5-7-6	5-2-2-7-6-5-8-2-5-5-7-4	4-4-4-7-7-5-4-5-5-5-7-4	7-7-6-3-7-5-7-7-4-4-4-5	4-5-6-3-5-4-4-4-4-6-5-5	5-5-6-4-7-5-6-4-4-4-7-5
520	7	5-8-5-6-5-5-5-5-5-5-5-6	5-5-5-6-5-5-5-5-5-5-5-5	5-6-5-5-6-7-6-5-5-5-7-6	6-7-7-6-6-6-5-5-5-5-6-4	5-4-5-6-7-7-6-6-7-5-5-6	8-5-6-6-7-5-7-5-7-7-0-7	5-5-5-7-8-7-7-6-7-5-6-6	7-2-2-6-6-5-3-2-8-5-6-4	7-4-7-6-6-8-7-7-5-2-6-2	7-6-7-4-6-5-6-6-8-4-6-8	6-7-2-3-2-8-4-4-6-7-5-7	3-8-6-7-6-7-2-5-2-6-6-2
520	8	8-7-6-6-8-5-5-8-5-5-5-5	5-5-8-6-8-5-7-8-8-8-6-8	8-8-8-5-8-5-7-5-7-8-5-8	8-8-5-8-8-8-7-8-8-8-8-4	5-4-8-8-8-8-7-8-8-8-5-5	7-8-7-6-8-7-8-8-8-8-8-8	4-8-8-8-7-8-8-8-8-8-4-5	8-8-2-8-8-7-6-2-7-5-5-5	7-7-7-8-2-8-8-7-5-5-6-8	6-4-8-8-8-2-8-5-7-8-5-8	4-5-8-8-5-7-5-4-5-7-8-7	5-7-1-5-5-8-8-4-8-8-6-5
521	0	0-0-0-0-0-0-0-0-0-0-0-0	0-0-0-0-0-0-0-0-0-0-0-0	0-0-0-0-0-0-0-0-0-0-0-0	0-0-0-0-0-0-0-0-0-0-0-0	0-0-0-0-0-0-0-0-0-0-0-0	0-0-0-0-0-0-0-0-0-0-0-0	0-0-0-0-0-0-0-0-0-0-0-0	0-0-0-0-0-0-0-0-0-0-0-0	0-0-0-0-0-0-0-0-0-0-0-0	0-0-0-0-0-0-0-0-0-0-0-0	0-0-0-0-0-0-0-0-0-0-0-0	0-0-0-0-0-0-0-0-0-0-0-0
521	1	1-1-1-1-1-1-1-1-1-1-1-1	1-0-0-1-0-0-0-2-0-1-0-0	0-2-0-0-2-2-0-0-0-2-0-2	2-0-0-3-3-2-0-1-1-1-1-0	1-0-0-0-0-1-2-2-1-0-0-0	2-3-2-0-0-2-2-2-1-1-0-0	3-2-3-0-2-1-1-0-1-1-2-2	0-1-3-2-2-1-1-3-1-0-0-2	0-0-2-3-3-0-0-2-0-1-1-1	2-3-0-2-2-1-0-3-2-0-0-3	0-1-0-1-2-1-0-0-0-1-1-1	0-2-2-0-3-1-2-0-1-0-1-3
521	2	2-2-2-2-2-2-2-2-2-2-2-2	1-3-2-1-0-3-1-3-3-2-0-3	2-1-0-1-1-1-3-5-0-1-3-1	1-0-3-1-1-1-3-2-3-3-3-0	2-0-5-4-2-1-3-1-3-0-0-2	1-4-3-0-2-1-3-1-2-2-4-2	6-1-2-4-1-2-3-1-2-4-1-3	2-3-4-3-1-3-4-4-1-3-4-1	0-0-1-1-0-5-0-1-3-2-1-2	1-1-2-1-1-1-3-2-1-3-3-1	3-1-7-2-3-1-0-3-3-1-1-2	4-1-1-3-0-1-1-0-6-0-2-1
521	3	3-2-3-4-2-2-3-3-3-3-3-2	3-2-2-4-0-3-3-4-3-3-4-4	6-3-6-1-3-2-2-4-5-2-2-2	4-4-2-4-1-4-5-1-2-2-2-4	2-7-0-3-4-2-4-4-2-6-2-7	1-1-2-3-4-6-2-1-2-2-2-2	1-1-1-3-4-3-2-4-1-1-1-2	5-2-1-2-1-6-2-1-1-4-5-6	5-3-0-1-1-0-4-2-2-3-1-2	4-7-3-4-4-1-2-2-4-4-4-1	4-1-3-2-5-5-4-5-7-5-1-3	3-1-4-2-5-4-1-6-5-6-1-1
521	4	5-4-5-3-2-4-4-6-4-3-4-4	4-2-2-3-5-5-5-5-5-5-5-3	3-6-5-5-6-1-5-6-3-5-5-6	5-3-5-3-6-5-2-5-5-6-6-3	6-5-4-3-5-4-5-5-4-4-6-6	5-5-5-6-3-3-5-6-4-4-2-6	2-5-2-2-5-4-2-5-2-2-6-5	4-6-2-5-6-3-2-6-4-3-6-3	3-0-5-5-4-4-3-5-2-5-6-2	3-6-2-3-3-5-5-2-5-3-3-6	3-5-3-2-7-3-3-3-6-6-5-4	2-6-3-6-3-3-5-3-2-3-6-1
521	5	4-7-4-7-3-5-5-5-5-5-4-3	4-6-6-3-6-6-4-4-4-4-4-6	2-4-4-5-4-7-6-4-3-4-6-4	4-3-4-3-4-4-6-4-6-6-6-4	4-5-4-6-4-6-6-4-6-5-4-4	4-4-4-4-3-3-4-4-5-5-2-5	4-4-6-2-4-3-6-4-5-6-4-4	3-4-7-6-4-3-2-5-4-5-3-3	3-0-4-4-3-5-3-4-6-4-4-4	3-3-5-1-6-4-6-5-4-6-3-4	3-4-6-2-3-3-3-3-3-3-4-5	6-4-3-4-3-3-4-3-3-3-6-4
521	6	7-5-4-6-6-7-7-4-7-6-6-7	7-5-5-3-6-5-4-3-7-4-5-7	3-4-3-7-4-5-5-7-4-6-5-4	4-3-6-4-4-4-7-4-5-4-5-7	4-6-6-5-6-5-7-4-5-6-4-4	7-4-4-4-6-3-5-4-6-6-2-4	2-4-5-6-4-6-5-5-6-5-4-4	6-4-5-5-4-3-2-4-4-3-4-3	6-6-4-6-4-4-3-5-7-6-4-2	7-4-6-2-5-1-5-7-7-5-6-4	5-6-5-7-2-7-3-4-4-4-6-6	5-4-6-4-6-3-4-3-2-3-4-1
521	7	7-5-7-5-7-6-6-7-6-6-7-6	6-5-7-1-7-7-6-7-6-7-4-6	7-7-7-6-7-7-7-6-7-7-6-7	6-7-7-7-7-7-6-7-6-7-7-6	4-3-7-7-7-7-6-7-7-7-1-7	7-7-7-7-7-6-6-7-7-7-7-6	6-7-7-7-7-7-7-6-7-5-4-7	7-5-7-6-4-6-4-4-1-5-3-5	0-6-7-6-4-7-3-3-6-7-4-2	6-3-5-7-7-4-7-7-6-7-3-7	3-7-2-6-4-6-3-3-3-3-7-7	7-6-6-5-1-7-7-3-3-7-4-1
522	0	0-0-0-0-0-0-0-0-0-0-0-0	0-0-0-0-0-0-0-0-0-0-0-0	0-0-0-0-0-0-0-0-0-0-0-0	0-0-0-0-0-0-0-0-0-0-0-0	0-0-0-0-0-0-0-0-0-0-0-0	0-0-0-0-0-0-0-0-0-0-0-0	0-0-0-0-0-0-0-0-0-0-0-0	0-0-0-0-0-0-0-0-0-0-0-0	0-0-0-0-0-0-0-0-0-0-0-0	0-0-0-0-0-0-0-0-0-0-0-0	0-0-0-0-0-0-0-0-0-0-0-0	0-0-0-0-0-0-0-0-0-0-0-0
522	1	1-1-1-1-1-1-1-0-1-1-1-1	1-0-0-1-0-2-1-2-0-1-0-0	2-1-2-1-1-2-2-1-0-0-2-2	1-2-2-1-0-0-0-1-0-0-2-4	0-3-3-0-2-0-2-1-2-0-0-1	0-0-0-1-0-1-0-0-0-0-0-2	0-0-0-2-0-1-0-2-0-1-3-0	1-0-0-0-0-2-0-0-0-2-2-0	1-2-2-0-0-0-2-2-0-1-1-1	1-5-1-0-0-2-0-0-1-1-1-1	2-0-1-0-1-1-1-4-0-1-1-1	1-0-1-1-1-1-1-1-1-1-1-1
522	2	2-1-2-5-2-2-2-2-2-2-2-2	3-0-0-3-0-1-3-3-4-3-3-3	1-3-4-4-3-1-3-3-3-3-2-3	3-1-3-3-3-4-0-4-2-0-2-1	4-1-9-3-1-3-3-3-1-2-2-4	4-9-3-7-2-4-3-3-0-2-0-1	2-4-0-1-3-2-2-3-0-2-2-3	2-6-2-3-2-1-3-7-2-1-8-0	0-1-1-3-9-3-1-3-0-1-5-6	3-2-1-0-3-9-3-0-3-1-0-2	1-5-8-0-9-2-1-1-0-2-3-0	1-3-1-1-1-2-3-1-2-2-2-8
522	3	3-3-3-3-3-3-3-3-3-2-3-3	2-5-3-2-3-1-2-4-4-2-2-4	1-2-2-2-2-2-4-5-2-2-4-2	2-2-2-2-2-2-4-2-4-5-4-1	2-1-1-3-2-4-4-2-3-3-2-2	2-1-4-2-3-2-4-2-3-3-7-3	4-2-5-1-2-4-5-2-4-4-4-2	3-0-2-4-4-1-4-3-3-5-7-3	5-3-4-2-3-2-5-2-4-3-4-4	2-4-3-6-2-1-2-4-2-3-4-2	1-2-6-3-1-2-4-3-1-2-2-3	3-2-1-1-1-2-2-1-1-1-3-3
522	4	4-3-2-4-3-4-3-4-4-4-5-4	2-3-3-2-5-4-2-3-3-3-5-5	3-2-2-2-5-5-3-3-3-5-3-6	5-6-5-5-2-2-3-2-3-8-3-1	2-1-1-6-5-3-5-2-5-4-6-2	2-4-3-3-4-2-5-3-4-4-0-3	3-2-5-1-2-3-4-6-4-3-5-5	0-2-2-3-3-1-3-8-3-7-1-4	3-7-3-2-4-5-3-7-9-8-3-3	2-4-0-5-7-2-5-3-3-3-3-2	1-2-7-8-6-4-3-1-1-2-5-4	3-5-1-1-6-4-2-1-1-2-3-4
522	5	6-5-6-6-3-4-5-8-4-5-5-6	5-3-3-2-4-4-6-2-6-5-4-6	5-6-6-7-4-6-6-3-6-4-4-4	6-4-6-4-6-6-3-7-3-4-3-6	2-8-9-4-6-7-6-6-4-5-4-5	6-6-2-6-4-6-4-6-5-3-0-6	6-6-4-6-6-3-6-4-4-2-4-4	3-2-7-6-2-8-4-6-6-9-6-7	6-6-6-6-4-4-6-4-2-5-2-5	6-1-7-4-6-2-6-3-6-7-6-2	7-2-4-5-4-5-5-6-7-5-4-5	6-4-3-7-2-5-2-7-2-6-2-3
522	6	5-6-5-5-6-6-6-6-4-5-5-5	5-7-6-2-7-4-5-7-5-5-5-5	1-5-5-2-7-5-7-5-5-8-7-4	5-4-5-4-5-5-8-2-4-7-7-5	2-5-7-4-5-6-7-5-6-5-4-5	5-5-4-5-6-5-7-2-5-6-3-5	5-5-6-1-5-6-7-4-6-8-1-5	7-2-2-5-2-5-3-5-5-6-5-5	7-5-7-5-6-4-5-4-8-5-2-2	5-4-9-3-5-7-5-3-5-5-5-2	6-4-7-3-4-5-3-5-5-5-7-6	5-4-1-5-7-5-2-8-3-5-5-6
522	7	8-6-9-9-6-7-8-8-7-9-8-8	7-6-6-8-6-8-9-8-8-7-8-8	7-8-9-5-8-5-8-8-8-8-6-7	8-8-8-8-8-8-6-5-8-6-8-5	8-5-6-8-5-8-8-8-7-5-8-8	7-5-8-2-4-5-6-8-5-7-3-8	8-7-6-1-5-7-6-9-6-6-8-7	6-8-5-8-8-5-9-2-5-4-8-5	9-5-6-8-8-4-5-4-4-4-8-2	8-9-5-6-8-6-8-3-9-5-8-8	5-2-4-4-4-5-3-5-5-7-6-7	5-7-7-5-8-8-7-5-9-7-7-6
522	8	9-9-7-7-6-9-9-5-9-8-7-9	7-6-6-7-7-9-7-7-7-8-7-7	9-7-7-7-7-8-7-6-9-7-8-7	7-8-8-7-7-7-9-7-7-4-7-1	7-5-7-7-8-7-7-7-8-8-7-7	9-5-7-9-8-9-7-7-8-8-0-7	9-2-6-9-9-8-4-7-8-6-7-7	8-7-2-7-7-9-4-2-9-4-7-8	8-8-6-7-7-4-8-8-4-6-7-4	7-7-8-5-7-2-7-3-9-8-7-7	7-8-4-4-9-7-8-8-9-8-6-8	5-8-7-8-7-7-7-6-2-7-2-2
522	9	9-8-7-7-9-8-8-9-8-7-7-9	8-6-9-7-9-8-7-9-9-9-7-9	9-9-9-7-9-9-8-8-8-9-6-9	7-9-8-9-9-9-8-9-7-9-9-5	7-5-9-9-9-9-8-9-9-9-7-9	8-9-8-9-9-8-9-9-9-9-9-7	8-9-9-8-8-9-9-7-9-9-7-7	9-9-2-8-9-8-7-7-8-5-6-8	7-9-9-9-2-9-9-4-4-4-7-2	6-7-9-9-9-2-9-9-7-9-3-9	9-9-4-9-2-5-8-7-9-8-9-8	5-8-4-3-7-9-9-9-9-9-8-9
523	0	0-0-0-0-0-0-0-0-0-0-0-0	0-0-0-0-0-0-0-0-0-0-0-0	0-0-0-0-0-0-0-0-0-0-0-0	0-0-0-0-0-0-0-0-0-0-0-0	0-0-0-0-0-0-0-0-0-0-0-0	0-0-0-0-0-0-0-0-0-0-0-0	0-0-0-0-0-0-0-0-0-0-0-0	0-0-0-0-0-0-0-0-0-0-0-0	0-0-0-0-0-0-0-0-0-0-0-0	0-0-0-0-0-0-0-0-0-0-0-0	0-0-0-0-0-0-0-0-0-0-0-0	0-0-0-0-0-0-0-0-0-0-0-0
523	1	1-1-1-1-1-1-1-1-1-1-1-1	1-0-0-1-0-1-2-0-2-1-0-2	6-2-3-1-1-2-2-1-0-0-2-1	2-2-2-2-2-2-0-5-2-0-2-0	0-4-5-0-8-0-2-2-0-2-1-2	2-2-0-2-1-1-2-2-0-0-0-2	2-0-0-2-2-5-0-2-0-1-2-0	1-0-0-2-0-1-0-2-0-0-2-0	1-2-0-2-0-0-1-2-0-0-0-0	0-2-1-2-2-1-0-0-2-3-2-0	1-1-1-1-1-1-2-0-0-1-2-1	1-2-2-1-1-1-2-1-1-1-1-1
523	2	2-2-2-2-2-2-2-2-2-2-2-1	1-3-3-1-0-1-1-3-1-1-1-1	1-1-2-2-3-1-1-3-0-3-3-1	1-1-3-1-1-1-1-0-3-0-3-2	2-1-1-0-1-2-1-1-3-1-2-1	1-1-0-1-1-2-3-1-2-2-0-3	1-0-0-1-1-1-0-1-0-0-1-1	2-2-0-1-0-1-2-1-0-0-1-2	2-1-0-1-1-0-3-1-0-5-0-1	1-1-0-1-1-2-0-6-1-1-1-0	3-2-1-2-0-0-1-3-0-1-3-2	1-1-1-1-1-2-1-3-1-1-1-5
523	3	4-3-4-3-3-2-4-3-4-5-4-4	4-2-2-4-4-4-4-3-4-4-4-4	3-4-4-4-6-4-4-4-4-4-4-4	4-4-2-4-6-4-4-8-2-2-4-6	6-1-4-6-4-2-4-4-3-0-3-4	4-4-4-7-3-5-4-4-2-0-4-4	4-5-2-4-4-0-4-4-5-0-4-4	2-4-4-4-4-4-9-4-4-4-4-4	1-1-4-4-5-4-4-4-5-4-4-5	4-4-0-4-4-5-4-4-4-1-4-5	4-5-7-4-0-4-4-8-0-4-4-2	4-4-5-4-0-3-4-1-8-4-4-3
523	4	3-4-3-3-3-4-3-3-3-3-3-3	3-5-5-3-3-3-3-3-3-3-3-3	1-3-3-3-3-3-5-3-3-3-5-3	3-3-5-3-3-3-3-3-5-5-3-3	3-1-3-3-5-5-5-3-4-4-3-3	3-3-5-3-7-3-5-3-4-4-3-3	3-3-0-3-3-0-5-3-4-6-3-3	4-3-3-3-3-3-7-3-3-5-3-3	4-1-3-3-4-3-3-5-6-4-3-3	3-3-4-3-3-7-3-5-3-4-3-3	3-4-4-4-9-3-3-4-3-3-3-4	3-3-1-3-4-6-3-4-6-3-3-4
523	5	3-4-3-3-3-4-5-3-3-3-5-6	6-4-4-6-6-4-6-6-6-6-6-7	5-6-3-3-5-7-4-5-3-4-6-5	6-6-4-6-3-6-3-1-4-5-5-3	3-6-1-3-4-4-6-6-5-5-3-3	6-3-4-3-7-3-4-3-4-0-0-3	5-3-4-5-6-5-6-6-5-3-5-3	4-3-3-3-3-6-4-3-3-7-5-6	7-5-5-6-3-5-7-6-7-2-3-3	6-5-5-8-4-3-4-4-6-7-6-3	6-3-4-4-5-7-6-6-6-3-3-5	5-3-3-5-6-7-3-6-6-5-3-3
523	6	3-6-3-6-7-4-6-6-3-3-5-5	5-7-7-5-5-4-3-5-5-5-5-5	1-5-5-5-3-3-7-5-3-8-7-5	5-5-7-5-3-5-5-3-7-6-7-3	3-5-3-3-6-4-7-5-7-8-3-3	5-5-7-1-5-5-7-3-6-6-4-6	3-7-8-5-5-6-5-5-6-7-3-3	6-3-3-6-3-5-4-3-3-6-5-5	4-5-7-5-6-5-5-5-6-6-3-4	5-6-3-9-6-4-3-2-5-5-5-3	5-7-4-6-5-5-5-5-5-3-6-4	8-7-1-3-5-4-3-5-5-5-4-8
523	7	3-9-3-7-6-5-9-8-7-3-8-9	5-6-6-7-8-8-8-8-8-5-9-5	1-8-8-8-8-9-8-6-8-7-6-8	8-5-6-7-8-8-6-3-8-6-8-3	8-5-7-3-1-8-8-8-6-9-7-3	7-7-8-3-5-3-8-8-6-6-4-6	9-6-6-7-9-7-6-9-6-6-8-8	6-8-3-8-8-5-4-3-7-5-8-5	8-5-6-7-7-5-5-8-5-3-8-3	5-8-7-6-8-4-6-0-5-5-5-3	5-6-4-6-9-5-5-5-5-7-6-7	6-6-3-7-5-5-7-5-3-7-7-7
523	8	9-9-9-3-6-9-9-7-9-3-7-5	7-6-6-7-7-9-7-7-7-5-9-7	8-7-7-7-7-8-7-7-7-6-8-7	7-8-8-7-7-7-9-3-7-6-7-5	7-5-3-3-1-7-7-7-8-6-3-3	7-0-7-9-5-5-7-7-8-8-0-8	9-6-6-7-9-7-8-7-8-6-7-7	8-7-3-7-7-5-6-3-7-4-7-5	8-5-8-8-7-3-8-7-5-3-7-3	7-7-8-5-7-3-0-9-9-5-7-3	6-6-4-6-4-8-5-6-7-8-6-8	6-6-6-7-8-7-8-5-3-8-7-6
523	9	9-8-9-7-9-8-7-9-8-7-7-7	8-6-9-7-9-9-7-9-9-9-8-5	9-9-9-7-9-7-8-6-8-9-9-9	7-9-8-9-9-9-8-9-9-9-9-5	7-5-9-9-9-9-8-9-9-9-3-3	8-9-9-8-9-5-9-7-9-9-9-9	7-9-9-9-8-9-9-7-9-9-7-7	9-9-3-7-9-8-9-3-8-5-9-5	7-9-9-8-7-9-9-7-9-3-7-0	8-9-9-9-9-3-9-4-8-9-4-9	4-9-9-9-4-8-9-5-9-8-9-9	8-6-7-9-8-9-9-5-9-9-7-9
524	0	0-0-0-0-0-0-0-0-0-0-0-0	0-0-0-0-0-0-0-0-0-0-0-0	0-0-0-0-0-0-0-0-0-0-0-0	0-0-0-0-0-0-0-0-0-0-0-0	0-0-0-0-0-0-0-0-0-0-0-0	0-0-0-0-0-0-0-0-0-0-0-0	0-0-0-0-0-0-0-0-0-0-0-0	0-0-0-0-0-0-0-0-0-0-0-0	0-0-0-0-0-0-0-0-0-0-0-0	0-0-0-0-0-0-0-0-0-0-0-0	0-0-0-0-0-0-0-0-0-0-0-0	0-0-0-0-0-0-0-0-0-0-0-0
524	1	1-1-1-2-1-1-1-0-1-1-1-1	1-0-0-1-0-1-2-2-2-1-2-0	2-2-2-1-1-2-2-2-0-1-2-1	2-2-2-0-1-2-0-1-0-2-0-1	1-2-1-0-2-0-2-2-0-0-1-2	1-1-0-1-1-2-0-0-0-0-0-2	1-0-0-1-1-1-0-0-0-0-3-0	1-0-0-0-1-2-1-0-0-1-1-0	1-2-2-0-0-1-1-2-0-1-1-0	2-1-1-0-3-1-0-0-1-2-0-0	0-0-3-1-1-1-2-3-0-1-0-1	1-2-3-2-0-1-0-1-1-1-1-1
524	2	1-1-2-1-2-2-2-4-2-2-2-2	3-0-0-3-0-2-1-1-1-2-1-3	1-3-1-3-3-1-3-1-3-3-2-3	3-1-1-3-3-3-3-2-3-1-3-2	2-1-2-0-1-2-3-3-2-3-3-3	3-3-3-2-2-3-3-3-0-2-0-3	3-3-0-1-3-2-2-3-0-2-1-3	0-2-2-3-2-1-4-8-2-2-2-0	1-1-3-3-4-0-1-3-0-2-5-2	1-3-0-3-3-1-3-0-3-1-0-2	2-4-1-4-9-2-1-0-0-3-3-2	1-1-1-1-0-2-3-1-2-2-2-2
524	3	3-3-2-3-3-3-3-3-2-3-3-3	2-4-4-2-0-4-1-3-1-3-2-2	4-2-2-2-2-2-2-3-4-2-9-2	2-4-1-2-2-2-2-1-2-4-4-1	3-3-1-3-3-4-2-2-4-2-2-2	2-2-2-2-7-2-4-2-3-3-6-7	2-2-6-6-2-3-6-2-0-0-1-2	3-4-2-2-2-1-0-0-3-0-0-3	0-1-2-2-3-2-5-4-0-3-2-4	1-2-0-2-2-3-2-3-2-4-1-2	3-2-6-7-1-4-1-1-0-2-2-2	1-4-1-0-0-2-2-4-2-3-2-2
524	4	5-4-5-5-3-4-4-5-4-4-4-5	4-3-3-4-5-5-4-4-5-4-5-5	4-5-5-5-4-5-5-4-5-3-5-4	4-5-7-4-4-5-7-5-4-4-3-4	4-5-8-4-6-3-4-4-3-4-4-4	5-4-3-5-6-9-3-4-6-4-5-1	5-4-4-5-4-4-4-5-6-5-6-4	5-3-5-3-2-5-4-7-3-6-5-6	7-6-4-2-7-4-5-3-0-4-2-3	5-6-4-5-5-2-5-4-5-5-5-2	6-2-4-2-6-5-6-6-6-4-2-4	5-3-4-6-6-6-2-7-6-7-5-4
524	5	6-6-6-4-6-6-6-7-6-7-6-4	4-7-5-4-7-7-4-6-6-6-4-6	5-6-7-6-6-6-6-6-6-6-4-6	6-4-6-6-5-6-6-7-6-6-6-4	8-4-8-8-4-5-6-5-6-8-8-4	4-6-7-4-4-6-6-6-6-5-7-6	4-6-5-4-4-6-6-4-5-8-4-6	5-7-4-6-6-6-5-6-2-9-4-4	5-4-6-2-8-8-4-6-6-8-2-6	4-5-6-6-6-6-6-5-6-6-6-2	4-9-7-6-6-6-4-4-9-6-6-4	4-6-8-4-4-8-2-4-7-6-7-9
524	6	5-5-5-5-5-5-5-5-5-5-5-5	4-5-5-4-5-5-9-5-5-5-7-5	1-8-5-5-5-5-5-5-5-5-5-5	7-4-5-5-7-7-5-8-5-5-5-5	7-4-9-7-4-6-7-7-5-5-5-8	5-5-5-4-4-5-7-5-5-3-3-5	5-8-5-4-7-5-5-7-5-6-4-5	5-6-5-7-8-5-9-8-9-5-4-4	4-4-5-7-8-5-5-5-5-5-8-5	4-4-5-5-7-8-7-3-7-5-5-6	4-5-5-5-5-5-4-4-4-5-5-4	4-5-6-4-4-4-8-4-4-5-5-8
524	7	5-5-5-5-5-5-5-5-5-5-5-5	5-5-5-4-5-5-5-8-5-5-6-5	1-6-5-5-6-5-8-5-5-6-8-6	6-4-5-5-6-6-5-5-8-8-8-4	6-4-1-7-6-8-8-6-7-5-5-4	5-7-5-4-3-5-6-5-8-7-8-3	5-6-5-4-6-7-8-6-7-7-6-6	5-5-5-6-6-5-8-4-6-8-8-4	4-1-6-6-7-5-7-5-5-5-6-5	5-5-7-8-6-6-6-7-6-5-5-6	6-5-5-9-5-5-4-4-4-4-5-7	5-6-1-5-5-5-6-4-5-4-5-5
524	8	5-9-5-4-5-9-5-5-5-5-5-9	4-7-5-6-5-5-6-7-5-5-9-5	1-6-4-5-6-8-7-5-9-6-7-6	9-4-8-6-6-6-9-5-7-7-7-4	5-4-4-5-8-7-7-6-8-5-5-6	5-7-7-6-8-4-8-6-7-7-7-6	9-6-5-9-7-8-7-5-8-5-6-7	5-8-2-9-6-5-7-6-8-7-6-4	8-8-8-8-5-5-8-9-5-5-6-5	9-6-8-7-7-6-5-3-9-5-5-6	6-5-5-5-5-5-4-3-6-6-5-8	4-8-5-8-4-5-6-5-5-5-9-6
524	9	9-8-9-7-5-8-5-9-5-5-5-5	5-9-9-4-9-5-6-9-9-9-8-9	9-9-9-5-9-5-8-5-8-9-3-9	8-9-9-9-9-9-8-9-8-9-9-4	6-4-9-9-9-9-8-9-9-9-4-4	5-9-9-6-9-4-9-9-9-9-9-9	8-9-9-9-7-9-7-9-9-9-5-5	9-8-2-8-9-8-6-6-8-5-5-5	8-8-5-8-2-9-9-8-9-5-6-3	8-9-9-9-9-6-9-7-8-9-5-9	5-5-5-7-5-8-4-4-5-5-9-9	4-8-5-5-7-9-9-5-9-9-8-5
525	0	0-0-0-0-0-0-0-0-0-0-0-0	0-0-0-0-0-0-0-0-0-0-0-0	0-0-0-0-0-0-0-0-0-0-0-0	0-0-0-0-0-0-0-0-0-0-0-0	0-0-0-0-0-0-0-0-0-0-0-0	0-0-0-0-0-0-0-0-0-0-0-0	0-0-0-0-0-0-0-0-0-0-0-0	0-0-0-0-0-0-0-0-0-0-0-0	0-0-0-0-0-0-0-0-0-0-0-0	0-0-0-0-0-0-0-0-0-0-0-0	0-0-0-0-0-0-0-0-0-0-0-0	0-0-0-0-0-0-0-0-0-0-0-0
525	1	1-1-1-1-1-1-1-1-1-1-1-1	2-1-0-1-0-1-0-2-0-1-2-0	0-1-0-0-2-2-2-0-0-1-2-1	2-0-0-4-3-2-0-4-2-0-1-0	1-0-0-0-2-2-2-2-0-0-5-2	2-0-0-0-0-3-2-5-1-1-0-4	2-1-1-0-2-1-1-2-1-1-3-3	1-1-1-2-5-0-1-4-1-0-0-0	1-0-2-2-5-2-1-3-0-1-4-1	0-2-1-0-2-1-2-1-2-0-0-2	1-2-1-1-2-1-0-1-0-1-1-1	0-1-1-1-0-1-1-0-1-0-1-1
525	2	2-2-2-2-2-2-2-2-2-2-2-2	1-5-2-1-2-3-0-3-3-2-1-3	2-1-3-2-1-1-3-4-3-2-3-1	1-0-2-1-1-1-2-1-3-2-3-0	1-0-1-2-1-4-3-1-2-2-1-1	1-0-3-0-2-1-3-1-2-2-2-1	4-1-2-5-1-2-9-3-2-3-1-1	2-5-1-5-1-0-5-0-1-2-0-4	3-0-1-1-0-1-2-1-2-2-1-2	0-1-2-3-1-1-1-2-3-2-3-1	5-1-0-3-1-2-0-3-6-1-1-2	1-1-1-1-6-4-1-0-1-6-2-1
525	3	2-3-3-3-4-3-3-3-3-3-3-3	1-4-3-1-4-3-0-4-2-3-4-4	2-3-2-3-1-4-4-5-4-3-4-3	1-4-4-5-1-1-5-1-4-5-3-0	1-3-0-4-1-2-4-3-4-1-1-1	1-1-2-0-4-1-4-1-3-2-4-1	2-1-3-4-1-2-4-4-3-2-6-1	3-1-1-2-3-3-5-0-4-3-0-2	3-0-1-1-3-1-3-1-8-2-1-3	0-2-3-2-4-2-5-5-2-2-2-1	5-3-5-2-3-3-0-2-5-1-1-1	1-1-1-6-6-1-1-6-1-4-3-1
525	4	4-5-4-4-3-3-3-2-4-4-4-4	4-3-2-4-5-4-4-5-3-4-5-5	5-4-5-4-4-5-5-5-3-3-3-4	5-5-5-5-1-1-3-1-3-4-3-5	1-5-6-3-4-2-5-5-3-4-1-1	1-0-2-5-5-1-3-0-2-2-3-5	9-2-3-4-5-4-3-3-3-1-0-3	3-1-1-2-1-4-2-1-4-3-4-2	1-0-5-1-1-1-4-5-3-4-1-4	3-1-3-5-3-1-3-3-5-4-3-1	4-1-4-3-3-5-0-4-8-1-1-1	4-4-4-4-3-4-1-4-5-8-1-1
525	5	5-4-5-4-3-3-5-3-5-5-5-4	5-3-3-5-5-4-5-4-5-5-5-4	4-6-6-6-5-6-4-4-6-6-5-4	4-4-4-4-1-6-3-5-3-8-6-4	1-4-1-3-4-2-4-4-7-5-5-1	1-5-2-4-4-6-3-1-5-2-2-5	2-8-2-2-4-5-3-4-3-5-3-3	5-2-1-6-1-5-2-1-5-7-4-2	1-0-4-2-1-8-4-5-3-5-1-4	5-5-8-7-2-9-3-3-7-5-3-1	8-1-3-3-9-4-5-8-3-5-6-1	4-5-5-5-3-5-6-4-4-2-6-1
525	6	7-6-7-6-7-7-7-6-9-7-7-6	7-3-7-7-7-7-7-6-7-7-6-7	6-7-7-9-7-7-7-7-7-7-7-6	7-6-7-6-7-5-7-6-7-6-7-6	8-6-7-6-6-7-7-6-7-6-8-6	6-6-7-7-6-5-5-7-7-6-2-6	6-7-6-6-6-6-6-7-7-6-7-7	7-7-7-7-6-5-7-6-6-8-7-6	6-6-6-7-7-6-7-7-7-6-6-6	6-7-6-5-7-6-7-6-7-9-7-7	7-9-7-6-7-5-6-7-7-6-7-6	6-6-6-9-7-7-5-9-9-2-5-7
525	7	6-6-6-6-6-6-6-6-6-6-6-6	6-3-6-8-6-6-6-6-6-6-6-6	6-8-8-9-8-6-8-6-6-6-6-8	8-8-6-8-8-8-6-5-6-6-8-6	8-9-9-8-6-6-8-8-8-6-6-8	6-6-8-6-3-9-8-8-6-3-2-8	8-6-6-7-6-6-6-8-6-8-6-6	6-8-6-8-8-5-6-8-5-5-8-6	9-6-6-8-8-6-6-6-6-6-8-9	6-6-5-5-8-1-8-6-5-6-7-5	6-6-6-6-6-5-6-6-6-7-6-6	6-8-6-7-7-6-8-7-6-6-8-6
525	8	7-9-6-6-6-7-6-6-6-6-6-9	6-7-6-7-6-6-7-7-6-6-7-7	7-7-7-6-7-7-7-6-7-7-6-7	7-7-8-7-7-7-9-5-6-5-7-9	7-7-7-7-8-6-9-7-7-6-6-7	7-7-7-6-8-5-7-7-8-8-2-7	7-5-8-8-7-5-6-7-8-7-7-7	8-7-6-7-7-4-6-7-5-6-7-8	7-8-8-7-7-6-4-8-3-7-7-4	6-8-5-5-7-5-7-6-9-8-8-9	4-8-8-2-7-4-8-5-8-8-1-8	4-9-6-4-7-8-7-7-7-4-7-7
525	9	9-7-7-6-9-8-6-9-6-6-6-8	6-9-9-7-9-6-7-7-6-9-6-7	9-9-6-6-9-9-7-6-7-9-7-9	7-9-9-7-9-9-8-9-8-9-9-8	6-7-9-9-8-9-8-9-9-9-6-6	7-9-9-6-9-7-9-9-9-9-3-8	4-9-9-5-7-9-2-8-9-9-7-6	9-9-9-9-9-6-7-8-8-5-7-6	7-9-9-9-1-9-9-7-9-6-7-7	7-6-3-9-9-5-9-3-8-9-8-9	6-6-9-6-6-4-8-6-9-9-9-8	6-8-6-6-7-9-9-6-6-9-7-6
526	0	0-0-0-0-0-0-0-0-0-0-0-0	0-0-0-0-0-0-0-0-0-0-0-0	0-0-0-0-0-0-0-0-0-0-0-0	0-0-0-0-0-0-0-0-0-0-0-0	0-0-0-0-0-0-0-0-0-0-0-0	0-0-0-0-0-0-0-0-0-0-0-0	0-0-0-0-0-0-0-0-0-0-0-0	0-0-0-0-0-0-0-0-0-0-0-0	0-0-0-0-0-0-0-0-0-0-0-0	0-0-0-0-0-0-0-0-0-0-0-0	0-0-0-0-0-0-0-0-0-0-0-0	0-0-0-0-0-0-0-0-0-0-0-0
526	1	1-1-1-1-1-1-1-1-1-1-1-1	1-1-0-1-0-1-1-1-2-1-0-0	1-1-3-0-0-0-2-0-0-0-2-0	2-0-0-0-1-1-0-0-0-0-1-1	0-1-4-0-3-0-2-1-0-1-0-0	2-1-0-0-0-3-1-1-0-0-0-1	1-0-0-1-2-0-0-0-0-1-0-1	1-0-0-2-0-3-0-0-0-1-1-0	1-3-0-0-0-0-1-0-0-1-0-0	1-1-0-0-0-0-0-0-2-1-0-0	1-0-1-0-1-1-0-1-4-0-0-1	1-0-1-1-1-1-1-1-0-0-1-0
526	2	2-2-2-3-2-2-2-3-2-2-2-3	3-3-2-1-3-3-1-3-3-3-3-3	2-1-2-3-4-3-3-3-3-3-3-3	3-2-3-3-3-1-3-3-3-2-2-2	3-2-2-0-5-2-3-2-3-3-5-5	1-1-3-0-3-1-2-2-2-2-9-2	1-3-2-2-1-2-2-5-2-2-5-2	2-2-5-1-2-1-3-4-2-2-3-2	2-2-3-2-3-2-2-3-3-1-2-2	1-5-4-3-2-3-2-2-1-1-2-2	2-5-3-2-4-2-3-3-2-2-3-2	1-1-2-2-2-3-2-4-5-5-2-2
526	3	2-2-2-2-2-2-2-2-2-2-2-2	4-2-2-4-2-2-4-2-2-4-4-2	1-4-4-2-4-2-4-2-2-2-2-4	4-4-2-4-4-4-2-2-2-2-3-1	4-2-1-7-1-4-4-4-2-2-4-4	3-1-4-3-3-4-4-3-2-2-2-5	1-9-2-1-4-3-10-4-2-3-3-4	2-7-9-4-4-1-2-9-3-3-2-0	1-1-2-4-5-0-1-2-2-2-4-3	4-3-2-2-4-2-4-2-4-0-5-3	3-5-2-0-2-4-2-1-1-3-2-0	1-4-1-1-2-2-4-2-7-3-7-3
526	4	2-4-3-4-4-2-4-4-2-2-2-3	3-5-4-3-2-2-3-3-2-3-3-4	1-3-3-2-3-3-3-5-3-5-2-3	3-5-5-3-3-3-2-2-4-5-5-1	3-1-1-3-4-3-3-3-5-5-5-3	3-1-3-3-4-3-5-3-4-4-8-4	5-3-4-4-3-4-5-3-0-2-3-5	2-3-3-3-3-1-9-2-4-4-2-5	2-4-7-3-4-0-7-5-2-4-3-4	3-3-2-5-3-5-3-7-3-4-7-3	3-4-2-8-2-3-4-1-1-3-5-4	4-3-1-1-7-3-3-2-7-7-4-4
526	5	6-5-6-6-5-5-6-5-6-5-5-6	6-4-4-3-6-6-6-5-6-6-6-6	5-6-6-6-5-6-5-5-6-4-5-5	5-7-4-6-3-6-6-5-4-4-4-5	5-10-2-5-7-4-5-5-4-5-5-5	6-5-4-5-7-8-4-8-5-4-0-3	8-6-5-8-5-5-4-6-5-5-2-4	8-3-8-6-3-6-6-6-5-5-5-7	6-5-6-6-3-5-6-6-10-5-3-4	6-2-5-4-4-3-4-5-6-7-6-3	8-8-2-5-8-7-9-8-6-5-4-5	8-3-5-5-6-8-3-8-8-6-6-2
526	6	8-7-7-5-7-7-8-8-8-7-7-5	7-6-6-3-7-8-5-7-5-7-5-7	6-7-5-7-8-7-7-7-7-7-8-7	7-6-7-7-6-7-8-7-7-6-6-5	9-5-6-9-5-6-7-6-7-7-9-5	5-6-4-6-7-5-7-7-7-6-4-6	7-6-8-6-7-6-7-7-6-7-10-7	7-6-3-5-6-5-6-6-5-8-5-5	6-5-5-5-9-5-5-5-7-7-6-4	5-6-7-9-6-6-7-5-5-5-5-6	5-9-7-5-5-6-5-5-5-6-7-6	5-7-5-5-8-6-6-5-5-5-8-9
526	7	6-6-6-9-6-6-6-6-6-6-6-6	6-6-6-8-6-6-9-9-6-6-5-6	8-9-6-6-9-6-6-6-6-6-6-6	8-5-6-6-8-8-6-6-6-6-9-8	6-5-10-3-5-8-8-8-6-7-6-8	8-8-8-7-5-5-8-6-6-6-4-8	10-6-6-7-8-7-6-6-6-6-9-8	6-8-3-8-8-1-10-3-7-6-7-5	5-5-8-8-6-6-5-6-6-6-8-4	6-9-6-5-4-8-6-4-8-5-8-5	9-6-6-0-6-5-5-3-9-9-6-7	7-8-8-8-5-3-8-5-3-4-3-6
526	8	6-6-6-6-6-6-6-6-6-6-6-6	6-6-6-7-6-6-7-6-6-6-5-6	7-7-6-6-6-6-9-6-6-6-9-7	7-7-6-6-7-7-6-6-9-10-7-7	6-5-7-8-5-9-9-7-8-8-6-7	7-7-7-7-4-5-7-6-8-8-4-7	5-7-6-7-7-8-9-7-6-8-7-7	6-7-5-7-7-1-6-6-7-6-7-5	6-5-7-7-5-5-7-6-8-6-7-4	9-7-10-9-9-7-7-4-7-5-7-8	7-5-10-10-5-5-5-5-7-7-6-8	5-7-7-7-9-5-7-5-5-9-9-9
526	9	6-10-6-5-6-6-6-6-6-6-6-5	6-8-6-7-6-6-7-7-6-6-5-6	6-7-5-6-7-9-8-6-7-6-8-7	7-9-9-6-7-7-6-3-8-8-7-7	6-5-7-6-5-8-8-7-9-9-6-7	6-7-7-7-9-5-9-6-8-8-2-7	10-3-6-7-8-9-8-8-9-5-7-5	6-3-3-7-7-1-8-3-7-6-3-5	9-5-10-7-6-0-9-10-2-6-7-10	9-7-9-6-8-7-9-4-10-5-7-9	7-6-6-0-10-10-5-3-7-7-6-9	7-7-9-9-8-6-3-6-8-8-8-6
526	10	10-9-7-8-10-9-6-10-6-6-6-6	6-10-10-5-10-6-9-10-10-10-9-6	10-9-10-6-10-6-9-6-9-10-6-10	9-10-6-10-10-10-6-10-9-10-10-6	6-5-7-10-10-10-9-10-10-10-6-10	7-10-10-7-10-5-10-10-10-10-10-10	7-10-10-5-9-9-10-10-10-10-6-6	10-8-3-9-10-9-10-3-9-10-5-5	9-9-9-10-6-10-10-9-10-6-7-9	9-10-8-10-10-6-10-10-9-10-6-10	8-6-8-8-9-9-6-6-6-6-10-10	7-9-9-6-8-10-10-5-10-10-3-6
527	0	0-0-0-0-0-0-0-0-0-0-0-0	0-0-0-0-0-0-0-0-0-0-0-0	0-0-0-0-0-0-0-0-0-0-0-0	0-0-0-0-0-0-0-0-0-0-0-0	0-0-0-0-0-0-0-0-0-0-0-0	0-0-0-0-0-0-0-0-0-0-0-0	0-0-0-0-0-0-0-0-0-0-0-0	0-0-0-0-0-0-0-0-0-0-0-0	0-0-0-0-0-0-0-0-0-0-0-0	0-0-0-0-0-0-0-0-0-0-0-0	0-0-0-0-0-0-0-0-0-0-0-0	0-0-0-0-0-0-0-0-0-0-0-0
527	1	1-1-1-1-1-1-1-1-1-1-1-1	1-0-0-0-0-1-1-0-1-1-0-1	3-2-0-2-0-2-0-1-0-0-0-0	2-0-3-0-1-1-2-4-0-0-1-1	0-2-4-0-2-0-2-1-2-1-0-2	0-4-0-1-2-0-2-0-0-0-0-2	1-0-0-7-0-1-0-0-0-1-0-2	1-0-0-0-0-2-0-0-1-2-0-0	1-2-2-0-3-0-2-2-0-1-0-0	3-1-0-2-0-0-0-0-1-2-3-0	0-0-1-0-2-1-1-1-0-1-0-1	1-0-1-1-1-1-1-1-1-1-1-0
527	2	2-2-1-2-2-2-2-2-2-2-2-2	3-2-2-4-0-1-1-4-3-2-3-3	0-1-4-1-3-1-0-3-0-3-2-3	3-0-1-4-3-3-1-6-2-0-2-2	3-1-2-0-1-2-3-3-1-2-0-1	3-1-3-4-1-3-3-2-6-2-0-1	3-4-0-2-3-2-2-3-0-2-3-3	0-4-7-3-2-1-2-8-4-1-4-0	2-1-1-4-4-0-1-4-2-3-2-2	2-4-0-3-3-2-3-0-3-1-1-4	2-4-2-0-2-2-1-2-2-3-2-1	0-4-1-1-3-2-4-1-2-2-2-2
527	3	3-3-3-3-3-3-3-3-3-3-3-3	2-4-3-2-3-3-1-3-2-3-2-2	1-2-3-3-2-3-4-4-4-4-4-2	2-4-1-2-2-2-3-2-4-4-4-3	2-1-5-0-1-2-4-2-4-2-0-1	2-1-4-2-1-2-4-2-3-3-6-3	2-2-3-3-2-3-4-2-0-4-2-2	3-3-2-2-3-4-7-4-2-3-3-3	4-1-1-2-1-0-1-2-3-2-3-3	2-2-4-6-2-2-4-4-2-4-1-2	3-3-4-0-8-4-3-3-3-2-2-1	4-4-1-4-2-2-2-3-6-5-4-3
527	4	4-3-4-5-4-4-4-5-4-4-4-8	4-3-3-2-3-3-5-6-2-3-5-5	8-5-7-5-4-5-3-5-5-5-3-4	5-4-5-5-2-5-2-1-3-3-3-4	2-6-1-4-4-3-3-4-4-4-4-8	5-1-3-4-4-2-3-2-3-3-0-5	2-2-0-8-4-4-3-4-4-3-4-3	4-2-6-3-2-5-3-3-2-4-6-7	4-4-6-2-2-4-3-7-4-4-2-6	6-8-3-4-5-2-3-3-5-5-5-2	6-2-3-5-5-6-6-6-6-2-4-4	3-2-4-4-5-2-2-4-4-3-3-2
527	5	6-5-6-6-6-6-6-6-6-6-6-6	6-5-5-2-6-6-4-6-6-6-6-6	5-6-6-7-6-6-5-6-6-6-5-6	6-5-6-6-5-6-6-7-5-7-5-8	6-7-5-7-5-5-6-5-5-5-7-5	5-6-6-5-6-6-5-7-6-5-3-5	6-6-5-5-6-5-5-6-6-7-5-7	6-2-4-5-5-4-5-6-5-5-4-4	5-4-5-5-5-7-6-5-6-6-5-5	6-6-5-5-4-5-6-5-4-6-4-5	4-6-6-5-6-5-4-5-8-6-6-6	6-8-5-5-6-7-5-4-5-3-5-8
527	6	5-5-5-8-5-5-5-5-5-5-5-5	5-5-5-7-5-5-5-5-5-5-7-5	5-7-5-5-7-5-7-5-7-5-5-5	5-4-5-5-7-7-5-2-7-5-7-4	7-4-1-5-4-6-7-7-5-5-5-7	5-5-7-6-5-5-7-5-5-6-3-7	5-5-5-4-5-6-5-5-5-6-7-6	5-7-4-7-7-5-3-7-8-4-7-4	4-4-5-7-7-5-5-4-5-5-7-4	5-7-8-5-7-7-5-5-4-5-4-7	7-5-5-5-5-4-4-4-7-7-5-5	5-7-6-5-5-5-7-4-7-6-7-5
527	7	5-8-5-6-5-5-5-5-5-5-5-5	5-3-5-6-5-5-4-6-5-5-6-5	4-6-4-5-6-7-6-5-6-6-7-6	7-7-7-5-6-6-8-5-6-5-6-5	6-5-1-5-7-7-8-6-7-7-5-6	6-5-6-6-5-5-6-5-7-7-3-7	8-6-5-7-8-7-7-6-7-5-6-5	5-6-2-6-6-5-3-6-7-5-6-4	7-4-7-6-6-5-7-4-5-5-6-4	7-6-7-5-6-6-5-5-8-7-6-6	6-5-6-0-3-5-4-3-6-6-5-7	5-6-7-7-6-5-6-4-6-6-6-2
527	8	8-7-5-6-8-7-5-8-5-5-5-5	5-8-8-6-8-5-4-6-8-8-7-5	8-8-8-5-8-5-6-5-6-8-6-8	7-8-8-8-8-8-7-8-8-8-8-5	5-4-8-8-8-8-7-8-8-6-5-5	8-8-6-6-8-5-8-8-8-8-8-8	7-8-8-4-8-8-8-8-8-8-5-5	8-8-2-7-8-8-8-6-7-5-5-4	5-4-8-8-6-8-8-4-5-5-6-4	7-4-8-8-8-6-8-5-7-8-5-8	4-5-8-8-3-7-4-4-5-6-8-8	5-5-7-5-6-8-8-4-8-8-6-5
528	0	0-0-0-0-0-0-0-0-0-0-0-0	0-0-0-0-0-0-0-0-0-0-0-0	0-0-0-0-0-0-0-0-0-0-0-0	0-0-0-0-0-0-0-0-0-0-0-0	0-0-0-0-0-0-0-0-0-0-0-0	0-0-0-0-0-0-0-0-0-0-0-0	0-0-0-0-0-0-0-0-0-0-0-0	0-0-0-0-0-0-0-0-0-0-0-0	0-0-0-0-0-0-0-0-0-0-0-0	0-0-0-0-0-0-0-0-0-0-0-0	0-0-0-0-0-0-0-0-0-0-0-0	0-0-0-0-0-0-0-0-0-0-0-0
528	1	1-1-2-1-2-1-1-1-1-1-1-1	1-2-1-1-3-2-2-1-2-2-2-2	1-2-2-2-0-2-2-2-0-2-0-1	2-2-3-2-1-2-0-4-0-0-2-3	1-2-1-0-2-0-2-4-0-1-4-3	1-2-2-2-2-2-0-1-0-0-0-2	2-0-0-1-1-2-0-0-0-1-1-2	0-3-0-1-1-2-1-2-1-2-3-2	2-2-2-3-2-1-2-3-2-1-1-2	2-1-1-2-0-0-0-1-0-1-3-2	1-0-3-0-0-7-3-3-3-1-0-2	1-1-3-3-3-3-1-3-3-1-1-0
528	2	1-1-1-1-1-1-1-1-1-1-1-1	3-1-1-1-1-1-1-3-3-1-1-1	1-3-1-1-3-1-3-1-1-3-2-3	3-1-1-4-3-3-4-4-6-0-3-1	3-1-1-3-1-2-3-3-2-7-4-1	3-1-3-1-1-3-3-2-0-0-0-1	3-4-0-1-3-1-2-3-0-2-3-1	0-4-2-3-2-1-0-1-3-1-6-1	1-1-3-4-4-0-1-4-1-3-1-1	3-4-0-1-3-3-0-1-2-3-1-4	2-4-1-0-0-3-1-0-1-2-2-1	1-3-1-1-1-2-2-1-2-2-1-2
528	3	1-3-1-3-4-3-3-3-1-3-3-1	2-4-3-1-1-3-1-2-2-3-2-3	4-2-1-1-4-5-4-4-4-4-4-2	2-3-1-0-2-2-5-0-4-5-4-1	2-1-1-2-2-2-4-2-4-5-0-1	2-5-2-1-3-2-4-3-3-3-6-3	2-2-5-1-2-3-5-2-0-3-2-2	3-1-2-2-2-4-6-4-2-3-1-3	3-1-2-1-3-0-1-2-5-7-1-3	2-2-3-4-2-2-0-0-2-2-1-3	4-2-1-5-0-2-1-1-1-2-2-3	0-2-1-1-1-1-2-1-1-2-5-3
528	4	5-3-1-6-3-3-5-4-7-4-4-5	4-3-3-4-5-3-1-2-5-3-5-5	6-5-5-1-3-1-3-5-5-3-3-4	5-5-5-5-2-5-5-2-3-3-3-1	2-5-5-5-5-3-5-5-3-4-1-4	3-1-3-4-5-5-3-5-4-5-0-5	2-2-3-3-5-4-3-3-0-3-4-6	5-2-5-2-2-5-3-3-2-5-5-6	5-1-5-5-2-4-5-5-5-1-2-1	5-5-1-7-5-2-6-0-5-5-5-2	5-4-4-3-7-5-5-5-5-2-4-5	1-2-4-1-5-2-2-5-5-5-1-6
528	5	6-5-5-6-5-5-7-6-5-5-6-4	5-3-3-6-4-4-6-4-4-6-4-4	7-4-4-6-6-6-6-4-4-4-4-6	4-4-5-4-2-6-4-6-3-3-6-1	6-4-4-4-4-6-6-6-4-6-6-6	6-3-6-5-4-4-6-6-5-5-3-6	6-6-3-1-4-4-3-7-3-3-6-6	4-6-4-6-6-4-7-6-2-4-4-4	4-5-4-4-7-6-4-6-4-3-6-1	4-4-5-4-6-6-6-0-4-4-4-6	4-6-4-3-4-5-4-4-4-2-5-5	0-5-5-5-4-4-5-4-4-4-6-6
528	6	5-7-5-5-6-7-7-7-7-5-5-7	5-3-3-5-4-7-5-3-5-5-4-4	4-5-4-5-5-6-5-7-7-6-6-5	5-4-6-4-2-5-4-5-2-3-5-1	5-4-5-5-6-5-5-5-6-6-5-5	5-6-5-7-6-4-6-5-6-6-3-5	7-5-3-7-7-6-6-5-6-3-5-5	6-5-2-5-5-7-3-5-6-7-2-4	6-6-6-6-5-5-6-5-4-0-5-7	6-6-6-4-5-5-5-7-4-5-5-5	3-6-5-0-4-5-4-4-5-6-6-6	7-7-5-6-6-2-6-4-5-4-5-5
528	7	7-6-5-5-7-6-6-7-6-4-4-7	6-7-7-5-7-6-5-7-7-7-5-4	7-7-7-5-7-5-5-6-6-7-7-7	7-7-6-7-7-7-6-7-7-7-7-4	2-4-1-7-7-7-6-7-7-7-5-5	6-7-5-6-7-4-7-7-7-7-7-7	6-7-7-7-5-7-7-5-7-7-5-7	7-6-5-7-5-6-5-5-6-1-2-6	5-7-7-6-5-7-7-4-7-4-5-6	5-7-7-4-7-6-7-6-6-7-7-7	4-7-7-7-4-6-4-4-4-7-7-7	6-6-4-1-4-7-7-7-7-7-6-7
529	0	0-0-0-0-0-0-0-0-0-0-0-0	0-0-0-0-0-0-0-0-0-0-0-0	0-0-0-0-0-0-0-0-0-0-0-0	0-0-0-0-0-0-0-0-0-0-0-0	0-0-0-0-0-0-0-0-0-0-0-0	0-0-0-0-0-0-0-0-0-0-0-0	0-0-0-0-0-0-0-0-0-0-0-0	0-0-0-0-0-0-0-0-0-0-0-0	0-0-0-0-0-0-0-0-0-0-0-0	0-0-0-0-0-0-0-0-0-0-0-0	0-0-0-0-0-0-0-0-0-0-0-0	0-0-0-0-0-0-0-0-0-0-0-0
529	1	1-1-1-1-1-1-1-1-1-1-1-1	1-2-1-0-2-2-2-1-2-1-2-2	1-2-2-2-1-2-2-2-2-2-2-1	2-2-2-1-1-0-1-1-1-2-2-1	2-2-1-1-1-1-1-1-1-2-3-1	4-1-2-0-2-2-2-2-2-1-4-2	1-1-1-1-2-1-0-1-1-1-1-4	1-1-2-1-1-4-1-1-1-2-0-1	1-0-2-0-2-6-1-2-3-1-1-0	2-1-2-2-2-1-2-1-2-2-0-1	1-8-4-4-1-2-1-1-2-1-2-1	1-1-1-1-1-4-4-2-3-1-4-1
529	2	3-2-3-2-1-1-1-2-1-3-1-2	3-1-1-3-1-1-3-2-1-1-3-1	2-3-3-3-3-1-3-1-3-1-1-2	3-1-1-2-5-3-3-5-1-1-3-6	6-1-7-5-3-3-3-3-1-1-1-5	3-3-3-3-1-5-3-3-1-2-0-3	3-4-1-0-3-0-5-3-1-1-7-3	1-5-8-3-3-1-8-5-5-1-3-2	0-0-3-3-4-2-1-3-1-5-3-2	3-3-1-1-3-4-3-1-3-1-0-4	1-4-1-1-1-1-1-1-1-3-1-3	1-3-3-3-1-1-3-1-2-1-3-2
529	3	2-4-2-3-2-1-1-1-2-2-2-2	2-4-3-2-1-1-2-2-2-2-2-2	2-2-2-2-2-2-4-2-2-2-4-2	2-3-4-2-2-2-2-2-4-1-4-2	2-1-2-2-2-2-4-2-3-3-1-2	2-2-4-2-3-2-4-2-3-3-6-2	2-2-1-8-2-3-4-2-1-5-2-2	1-2-0-2-2-1-3-2-2-4-2-4	2-0-2-2-3-2-3-2-1-4-2-3	2-2-1-1-2-2-2-6-2-4-0-2	0-3-8-3-4-1-0-3-0-2-4-2	3-2-2-2-0-1-2-0-1-4-2-1
529	4	2-3-2-5-4-1-5-2-1-4-5-8	5-3-3-5-5-1-2-5-5-5-5-5	7-5-6-2-4-5-5-5-5-5-3-4	5-5-3-5-2-2-2-2-3-3-3-5	2-5-2-6-6-2-5-5-3-3-1-1	5-5-3-4-6-2-3-5-1-3-1-2	5-2-3-4-5-5-3-6-1-2-5-1	1-2-2-3-2-1-3-2-2-3-5-5	5-5-3-2-2-1-5-5-8-3-2-3	5-4-1-7-3-2-3-3-5-5-5-2	5-1-1-3-3-5-5-6-5-5-3-4	6-2-4-5-6-1-1-5-5-3-1-1
529	5	2-5-2-4-6-5-4-1-2-4-4-4	4-6-5-4-4-4-2-4-4-4-4-4	4-4-4-4-2-4-6-4-4-7-6-5	4-4-7-4-2-2-7-2-5-7-6-4	2-4-2-2-4-5-6-4-6-5-6-2	6-4-3-4-4-2-6-4-5-5-3-5	4-6-5-6-6-4-6-4-5-3-4-2	5-2-1-3-2-4-6-2-2-5-4-4	4-4-5-4-5-1-4-4-6-2-3-3	4-4-5-6-2-6-2-1-4-4-4-2	4-6-1-1-1-4-4-4-4-4-5-5	4-6-4-4-4-7-2-4-4-1-1-1
529	6	7-6-8-8-5-5-8-7-8-6-7-8	7-5-5-7-7-1-7-7-5-7-7-7	4-7-4-4-7-7-7-7-7-7-5-7	7-4-6-7-7-7-5-6-7-5-7-4	7-4-6-7-4-7-7-7-6-6-5-7	7-7-7-6-4-2-7-7-5-6-3-7	7-5-1-5-5-6-5-7-5-5-7-8	5-7-7-7-7-1-5-2-8-6-7-4	8-0-7-7-7-1-7-7-5-5-7-4	4-7-6-5-7-7-3-3-4-4-7-6	7-5-1-3-7-4-4-4-4-7-7-6	4-5-8-7-4-4-7-4-4-4-6-7
529	7	6-5-6-6-6-8-8-8-8-6-6-8	6-5-5-6-6-1-6-6-8-6-6-6	4-6-4-8-6-6-6-6-6-6-6-6	6-7-7-6-6-6-8-2-6-5-6-8	6-4-2-6-7-6-6-6-7-7-6-6	6-8-6-7-3-2-6-6-7-7-3-7	6-5-1-6-8-7-7-6-7-7-2-8	7-6-1-6-6-7-5-2-2-5-6-4	7-7-6-6-6-1-6-6-4-5-6-5	1-6-7-6-6-6-7-3-7-6-6-2	6-1-1-1-6-8-4-6-6-6-6-7	5-6-8-6-7-1-6-4-6-7-6-6
529	8	8-7-6-6-8-7-7-8-7-7-6-7	7-8-8-6-8-8-6-6-8-8-6-7	8-8-8-7-8-8-6-5-8-8-7-8	7-8-8-8-8-8-7-8-7-8-8-7	6-4-8-8-8-8-7-8-8-8-7-8	8-8-8-6-8-7-7-6-8-8-8-7	6-8-8-5-5-8-8-8-8-8-6-6	8-8-8-7-8-7-8-2-6-8-5-7	6-7-8-7-2-8-8-4-8-8-6-8	6-4-8-8-8-2-8-8-7-8-7-8	4-1-3-8-3-7-4-4-4-8-8-8	8-5-6-1-7-8-8-8-4-8-3-1
530	0	0-0-0-0-0-0-0-0-0-0-0-0	0-0-0-0-0-0-0-0-0-0-0-0	0-0-0-0-0-0-0-0-0-0-0-0	0-0-0-0-0-0-0-0-0-0-0-0	0-0-0-0-0-0-0-0-0-0-0-0	0-0-0-0-0-0-0-0-0-0-0-0	0-0-0-0-0-0-0-0-0-0-0-0	0-0-0-0-0-0-0-0-0-0-0-0	0-0-0-0-0-0-0-0-0-0-0-0	0-0-0-0-0-0-0-0-0-0-0-0	0-0-0-0-0-0-0-0-0-0-0-0	0-0-0-0-0-0-0-0-0-0-0-0
530	1	2-0-1-1-1-1-0-0-1-0-1-1	1-0-0-2-0-0-0-0-0-1-0-0	2-2-0-0-2-0-2-0-0-0-1-2	2-0-0-2-2-2-0-3-1-0-1-0	1-0-1-0-2-2-2-2-1-1-0-2	2-2-2-0-0-3-2-3-1-0-0-1	1-1-1-1-2-0-1-2-1-1-1-2	0-1-3-2-1-0-1-7-1-1-0-0	0-0-2-3-3-1-0-3-0-1-3-1	0-2-0-0-0-3-2-1-2-0-0-1	1-1-0-0-0-0-0-0-0-1-1-1	0-2-1-1-3-1-1-0-3-1-1-3
530	2	2-2-2-2-2-2-2-2-2-2-2-3	1-3-2-1-0-3-0-3-0-3-0-1	1-1-0-1-1-1-3-3-0-1-3-1	1-1-2-1-1-1-0-1-3-3-3-0	2-0-1-1-1-1-3-1-2-2-1-1	5-1-3-0-2-1-3-2-2-2-2-1	2-1-2-2-1-2-2-1-2-0-5-1	2-1-1-3-2-3-6-0-2-0-0-0	4-0-1-1-2-1-3-1-7-3-2-3	0-1-2-6-1-1-1-2-1-0-0-1	3-1-7-5-0-0-0-0-0-1-1-2	0-1-1-5-3-1-1-0-1-0-2-1
530	3	3-2-4-3-3-2-3-3-3-3-3-4	3-2-2-4-3-3-4-2-4-2-4-4	6-4-5-1-3-4-4-4-4-4-2-4	4-3-5-4-1-4-4-1-2-2-2-4	1-6-1-3-6-1-4-4-3-6-4-3	4-1-2-0-4-1-2-1-3-2-2-4	1-1-1-2-4-0-2-4-3-1-3-1	2-1-1-2-1-4-2-4-3-3-3-3	4-4-4-1-1-3-5-4-6-2-1-2	4-7-3-0-4-1-4-1-5-5-4-1	4-1-0-7-4-3-6-7-4-1-1-7	6-1-3-4-4-5-1-6-1-6-1-1
530	4	3-3-3-3-4-4-4-2-4-4-3-3	3-5-5-3-4-3-3-4-3-2-3-3	3-3-5-4-5-3-3-3-5-5-3-3	3-3-3-3-1-3-3-1-5-5-5-3	1-3-5-1-4-4-3-3-5-5-3-1	3-3-2-3-3-1-5-4-4-4-2-3	3-1-5-2-3-4-4-3-4-4-2-6	4-4-1-2-1-3-6-3-3-4-3-3	3-3-3-3-3-5-3-3-4-6-1-4	3-4-4-5-3-5-3-5-3-3-3-1	3-5-6-5-3-5-3-4-3-1-5-5	3-1-5-3-3-6-5-3-3-3-6-5
530	5	6-7-6-7-6-6-6-6-7-7-6-6	6-4-4-6-6-6-6-5-6-6-6-6	5-6-6-6-6-5-6-5-6-6-5-6	6-6-3-6-6-6-6-6-6-4-6-5	6-3-6-6-5-6-6-4-4-5-5-6	6-6-6-5-5-6-6-6-4-5-2-5	6-4-4-2-7-0-6-5-4-5-6-4	4-6-7-6-6-7-7-6-7-4-6-4	3-0-6-6-7-5-3-7-0-5-6-4	6-6-5-4-6-4-6-4-3-3-3-4	3-4-7-4-6-4-3-3-3-6-4-4	6-6-5-2-3-3-6-3-6-3-6-7
530	6	5-7-5-5-5-7-5-5-5-5-5-5	5-4-5-5-5-5-5-5-5-5-5-5	3-5-5-5-5-5-5-5-5-5-7-5	5-5-6-5-5-5-7-5-5-4-5-7	5-3-5-5-6-5-7-6-6-6-5-5	5-5-5-7-6-1-5-5-6-6-2-6	7-1-2-6-6-6-5-5-4-5-5-4	6-5-1-5-5-4-4-5-5-4-5-3	3-6-6-5-6-3-6-5-3-4-5-2	5-5-2-2-5-1-5-5-7-6-6-1	3-6-4-6-5-7-3-6-3-5-6-6	3-5-7-6-6-3-5-3-5-3-5-1
530	7	7-5-5-5-7-6-5-7-5-5-5-5	5-4-7-5-7-5-5-7-5-7-5-6	7-7-5-5-7-7-5-5-5-7-6-7	6-7-7-7-7-7-6-7-7-7-7-6	5-3-7-7-7-7-6-7-7-7-1-5	7-7-7-6-7-7-6-7-7-7-7-6	6-7-7-7-7-7-7-7-7-7-7-7	7-5-5-6-7-5-5-1-5-3-5-5	5-6-7-7-5-1-7-5-7-5-5-2	3-3-7-2-7-1-5-2-6-7-6-7	3-5-2-3-4-6-3-3-7-5-7-7	7-6-6-4-3-7-2-3-7-7-5-5
531	0	0-0-0-0-0-0-0-0-0-0-0-0	0-0-0-0-0-0-0-0-0-0-0-0	0-0-0-0-0-0-0-0-0-0-0-0	0-0-0-0-0-0-0-0-0-0-0-0	0-0-0-0-0-0-0-0-0-0-0-0	0-0-0-0-0-0-0-0-0-0-0-0	0-0-0-0-0-0-0-0-0-0-0-0	0-0-0-0-0-0-0-0-0-0-0-0	0-0-0-0-0-0-0-0-0-0-0-0	0-0-0-0-0-0-0-0-0-0-0-0	0-0-0-0-0-0-0-0-0-0-0-0	0-0-0-0-0-0-0-0-0-0-0-0
531	1	1-1-1-3-1-1-1-1-1-1-2-3	2-2-1-0-0-2-2-1-2-2-0-2	1-2-2-0-1-2-1-3-0-2-2-1	2-2-2-1-2-0-0-2-1-2-1-2	2-2-1-0-4-1-1-1-1-2-4-1	4-1-0-1-2-2-1-2-2-1-4-1	5-1-2-1-2-0-0-0-1-2-2-2	1-1-2-1-1-3-1-1-0-1-3-1	1-0-2-0-2-4-5-2-2-1-1-8	2-1-3-2-2-1-5-2-0-2-0-1	4-8-4-1-1-1-4-4-2-1-2-1	2-1-1-8-4-4-1-2-4-4-4-8
531	2	2-2-3-2-1-1-1-2-1-4-3-4	3-1-1-3-1-1-3-2-1-1-3-3	2-3-3-5-3-1-3-1-3-1-3-3	3-3-1-2-3-3-3-3-1-1-3-1	3-1-3-2-0-3-3-3-1-1-3-3	2-3-3-2-1-4-3-1-1-2-0-3	3-4-1-1-3-0-3-3-1-1-3-3	1-4-3-3-3-1-8-3-4-1-1-2	0-0-3-3-4-1-1-3-1-2-4-2	3-3-1-1-3-4-3-1-3-1-0-4	1-3-1-1-1-1-1-0-1-3-1-3	1-3-2-1-1-0-3-1-2-1-8-1
531	3	3-3-2-2-2-1-2-3-1-2-2-1	2-4-4-2-1-1-2-4-2-2-2-2	1-2-2-2-2-2-4-1-2-2-4-2	2-2-4-2-2-2-2-2-5-5-2-1	2-0-2-3-3-2-4-2-3-3-2-2	2-2-4-2-3-2-4-2-3-3-5-2	2-2-1-0-2-0-4-2-0-5-2-2	1-4-2-2-2-1-5-2-2-1-1-0	3-0-2-2-3-3-3-2-1-3-2-3	2-2-1-4-2-2-2-4-2-1-4-2	2-2-1-7-8-0-0-3-1-2-4-2	7-2-2-4-1-7-2-1-0-1-3-3
531	4	4-3-2-4-3-5-2-2-1-2-2-2	5-3-3-5-5-1-2-3-5-3-5-5	7-5-7-2-4-6-3-5-6-5-3-4	5-5-3-5-2-2-5-2-3-1-3-2	2-5-2-5-6-3-5-4-4-4-7-4	7-5-3-4-6-2-3-7-3-3-1-2	2-2-3-0-5-4-3-5-4-1-2-3	1-2-7-3-2-6-4-2-2-4-4-7	4-0-5-2-2-1-1-5-5-4-2-4	5-8-4-8-2-2-3-3-5-5-4-2	5-1-1-3-1-6-7-8-5-0-3-4	1-2-7-4-5-1-1-4-8-1-1-2
531	5	5-5-8-8-5-4-5-4-8-8-5-7	5-3-3-7-6-1-8-7-6-6-6-4	4-6-6-8-6-8-6-6-6-4-4-7	7-4-6-7-7-7-4-7-3-6-5-7	7-4-6-4-7-5-6-6-4-6-6-6	6-6-6-7-4-2-6-7-3-3-3-7	7-6-5-7-6-7-5-6-4-3-7-5	1-5-4-5-7-4-3-7-6-6-7-4	8-8-7-6-5-4-1-6-4-5-5-6	4-5-5-6-4-6-1-8-6-4-6-2	4-5-6-3-1-4-4-4-4-7-6-5	3-7-4-7-7-1-5-4-5-6-5-6
531	6	5-8-5-8-2-6-5-8-6-5-7-5	7-7-7-5-5-7-5-5-5-5-5-5	4-5-5-2-5-5-7-5-5-7-7-4	5-4-5-5-5-5-7-2-7-7-7-2	5-4-5-7-4-7-7-5-7-6-5-5	5-5-5-5-4-4-7-5-6-6-6-6	5-5-6-5-5-6-7-7-6-7-5-5	1-6-4-7-5-4-3-5-5-6-5-4	6-0-5-7-6-5-7-5-7-3-5-5	4-5-6-5-7-5-7-3-5-4-5-6	4-5-7-6-0-4-4-4-5-5-5-5	7-7-4-5-4-0-5-5-0-5-7-5
531	7	8-8-5-7-7-8-8-8-8-7-7-8	8-6-6-5-7-6-5-5-8-8-5-8	4-5-4-8-5-5-6-5-5-7-6-7	5-4-7-5-5-5-8-5-6-6-6-8	5-4-5-6-5-6-6-5-6-7-4-2	5-5-6-5-7-4-6-5-7-7-0-5	8-5-1-5-4-7-6-6-7-6-5-5	7-6-4-6-5-4-3-5-5-7-5-4	7-7-5-6-5-4-6-5-8-7-5-4	4-5-7-5-6-5-6-3-6-6-7-2	4-7-6-3-0-7-4-5-7-5-7-5	3-5-4-5-5-3-5-4-4-4-5-6
531	8	8-6-5-6-8-7-7-8-7-5-8-7	7-6-8-5-8-8-5-8-8-8-5-7	8-8-8-5-8-8-8-7-8-8-7-8	7-8-8-8-8-8-7-8-7-8-8-7	5-4-8-8-8-8-7-8-8-8-2-8	8-8-8-7-8-4-7-8-8-8-8-8	7-8-8-8-5-8-8-8-8-8-7-5	8-6-8-7-8-8-8-2-5-6-5-4	5-7-8-8-5-8-8-5-7-3-6-1	4-4-8-4-8-2-8-3-7-8-4-8	4-1-1-6-3-7-4-4-4-0-8-8	8-8-7-1-4-8-8-8-4-8-2-1
532	0	0-0-0-0-0-0-0-0-0-0-0-0	0-0-0-0-0-0-0-0-0-0-0-0	0-0-0-0-0-0-0-0-0-0-0-0	0-0-0-0-0-0-0-0-0-0-0-0	0-0-0-0-0-0-0-0-0-0-0-0	0-0-0-0-0-0-0-0-0-0-0-0	0-0-0-0-0-0-0-0-0-0-0-0	0-0-0-0-0-0-0-0-0-0-0-0	0-0-0-0-0-0-0-0-0-0-0-0	0-0-0-0-0-0-0-0-0-0-0-0	0-0-0-0-0-0-0-0-0-0-0-0	0-0-0-0-0-0-0-0-0-0-0-0
532	1	1-1-1-1-1-1-1-1-1-1-1-1	2-2-1-1-2-2-0-2-2-1-0-2	1-2-0-2-2-2-2-2-2-2-2-2	2-0-2-3-1-0-2-2-2-2-1-1	2-1-1-0-1-1-2-1-2-2-4-0	2-0-2-0-2-0-1-0-2-1-1-0	0-2-1-1-2-1-0-2-1-4-0-1	1-1-1-1-1-0-2-2-0-1-4-1	1-0-2-0-2-1-0-2-2-0-1-2	0-1-4-2-1-1-0-1-0-0-0-1	1-0-8-2-3-1-2-1-1-1-2-1	1-1-1-1-1-5-2-0-0-1-1-1
532	2	2-1-2-1-1-1-1-1-1-1-1-1	1-1-1-4-1-1-3-1-1-2-3-1	1-3-3-1-1-1-3-1-1-1-1-1	3-0-1-1-3-3-1-1-1-1-1-1	4-0-3-3-0-3-3-3-1-1-1-3	4-3-3-2-1-4-3-0-1-1-0-3	0-1-1-0-3-2-0-1-2-2-4-3	1-2-0-3-3-1-1-10-2-1-4-3	0-0-1-3-10-1-0-3-1-2-5-1	4-4-1-1-3-2-3-1-3-0-3-5	0-5-0-1-0-3-1-0-0-2-1-1	0-2-2-1-1-1-3-0-9-2-2-1
532	3	3-4-3-3-3-1-3-3-3-1-3-3	2-5-3-2-1-2-2-4-4-3-2-4	6-2-2-2-2-2-4-5-4-4-4-3	2-0-4-1-2-2-4-1-4-4-4-0	2-0-5-2-3-4-4-2-3-3-1-2	1-2-4-0-3-2-4-4-3-3-7-4	5-1-3-3-2-3-5-2-3-1-2-2	3-2-4-4-2-1-7-5-2-3-1-2	4-0-4-2-3-2-5-2-4-3-2-4	2-4-1-4-2-2-2-7-2-3-5-2	0-2-0-3-5-2-3-4-0-2-1-3	3-2-2-3-5-0-2-0-9-2-3-4
532	4	4-3-2-4-3-4-3-1-4-4-5-4	4-3-3-2-1-4-2-3-3-3-5-3	1-5-5-2-5-5-3-3-3-5-3-5	5-5-5-5-2-2-3-2-3-3-3-2	2-0-2-7-7-3-5-4-5-1-1-2	2-5-3-2-4-2-5-3-4-4-3-3	3-1-3-3-2-3-4-5-4-1-2-5	4-2-3-3-2-4-3-2-2-7-2-0	3-0-3-2-5-8-0-6-9-9-3-3	2-4-1-5-9-2-5-3-3-9-3-2	1-2-10-9-9-4-3-3-0-4-5-4	3-5-2-3-1-4-2-0-10-2-3-3
532	5	5-5-5-5-5-4-5-6-5-5-6-6	5-3-3-6-7-4-6-5-5-3-4-6	5-6-7-6-4-4-5-6-6-4-7-4	4-4-4-4-2-6-6-2-4-3-3-7	2-5-8-4-8-3-4-5-4-5-1-2	4-4-4-9-5-8-4-2-5-3-3-5	8-6-3-8-6-5-3-4-4-7-2-4	5-2-8-3-2-5-4-7-7-4-5-5	7-5-3-2-4-5-7-5-4-5-2-5	2-3-5-4-4-2-6-3-6-6-3-2	7-2-1-4-3-5-9-7-6-5-4-1	8-4-5-3-5-1-2-1-5-2-3-1
532	6	7-6-7-8-7-7-8-7-7-8-7-8	8-7-6-5-7-8-5-7-8-7-7-7	6-7-8-8-7-7-7-7-7-7-8-7	7-6-7-7-6-5-8-9-7-7-6-5	9-7-6-4-6-6-7-6-6-8-9-7	8-9-7-6-5-7-6-9-8-6-3-6	10-6-9-6-7-6-7-7-8-9-2-6	6-2-7-6-6-5-6-8-2-6-10-10	6-5-8-5-9-7-5-5-7-7-2-9	8-7-6-7-6-8-7-10-5-8-7-7	9-9-9-6-10-10-5-6-10-6-7-9	7-7-7-10-8-7-9-9-6-8-8-10
532	7	6-6-6-10-6-6-6-6-6-6-6-6	6-6-6-2-6-6-8-6-6-6-8-6	5-8-5-6-6-6-8-6-6-6-6-6	8-5-6-6-8-9-6-6-6-6-8-5	7-6-6-4-5-7-8-8-6-6-6-2	6-6-8-7-4-6-8-8-7-7-3-8	9-6-6-5-8-7-6-8-7-6-9-8	6-8-6-8-8-5-3-5-5-4-9-6	6-5-9-8-9-6-5-5-6-6-7-5	6-9-7-6-4-9-8-3-8-6-6-6	6-6-6-6-6-6-5-5-9-8-6-6	6-6-6-8-9-6-8-6-6-6-3-6
532	8	6-9-6-6-6-6-6-6-6-6-6-6	6-9-6-5-6-6-7-9-6-6-7-7	5-7-6-6-6-6-9-6-9-6-9-8	7-6-6-6-7-7-6-6-9-6-9-5	7-5-5-4-5-9-9-7-6-6-6-2	6-6-7-7-3-6-7-7-6-8-9-7	5-6-6-5-7-10-9-7-6-8-2-7	6-7-5-7-7-6-6-6-5-6-6-6	6-5-6-7-5-6-5-5-6-4-7-6	6-1-6-6-6-6-7-6-7-6-6-8	9-6-1-6-6-6-5-5-6-7-6-6	6-6-6-7-6-6-7-0-9-6-9-6
532	9	6-8-6-6-6-6-6-6-6-6-6-10	6-6-6-6-6-6-7-8-6-6-7-10	5-7-6-6-6-9-8-6-10-9-8-8	7-9-9-6-7-7-6-6-8-6-8-5	6-5-6-6-5-8-8-7-9-6-6-2	6-6-7-7-4-10-8-7-9-9-8-7	7-6-6-5-8-9-8-8-9-6-7-7	6-8-6-7-7-5-4-7-5-4-7-9	9-5-7-10-7-6-8-9-4-4-7-6	6-9-9-5-4-7-6-3-5-6-9-6	6-6-6-4-6-6-5-5-7-7-6-9	6-6-5-7-7-6-6-6-8-6-8-6
532	10	10-8-6-7-8-6-6-10-6-6-6-9	6-8-10-6-10-6-9-10-10-10-9-9	10-9-10-6-10-6-9-9-9-10-6-10	9-10-6-10-10-10-9-10-9-10-10-5	6-5-10-10-10-10-9-10-10-10-8-10	6-10-10-7-10-9-10-10-10-10-10-10	9-10-10-6-9-8-10-10-10-10-6-7	10-8-10-9-10-10-7-2-2-6-6-6	9-10-10-9-6-10-10-9-4-8-8-10	9-6-10-10-10-9-10-6-9-10-8-10	6-6-10-10-6-6-6-6-6-6-10-10	6-6-9-6-9-10-10-6-10-10-6-6
533	0	0-0-0-0-0-0-0-0-0-0-0-0	0-0-0-0-0-0-0-0-0-0-0-0	0-0-0-0-0-0-0-0-0-0-0-0	0-0-0-0-0-0-0-0-0-0-0-0	0-0-0-0-0-0-0-0-0-0-0-0	0-0-0-0-0-0-0-0-0-0-0-0	0-0-0-0-0-0-0-0-0-0-0-0	0-0-0-0-0-0-0-0-0-0-0-0	0-0-0-0-0-0-0-0-0-0-0-0	0-0-0-0-0-0-0-0-0-0-0-0	0-0-0-0-0-0-0-0-0-0-0-0	0-0-0-0-0-0-0-0-0-0-0-0
533	1	1-1-1-1-1-1-1-1-1-1-1-1	0-2-1-0-0-1-0-1-0-1-0-2	1-1-0-0-0-1-2-3-0-0-2-1	0-1-0-0-0-0-2-1-1-4-2-1	1-0-0-0-0-2-2-0-1-0-2-0	4-0-0-0-0-0-2-0-2-1-1-0	0-2-2-0-0-0-0-0-1-1-0-0	1-0-0-0-1-0-2-0-0-1-0-0	1-0-2-0-1-0-0-2-0-0-0-8	0-1-5-2-0-0-2-1-0-0-0-0	4-0-0-1-1-0-0-1-0-0-2-1	1-0-0-0-0-1-1-0-0-1-4-0
533	2	2-1-2-2-2-1-2-2-2-2-2-1	3-1-1-3-0-2-3-3-3-3-3-3	6-3-3-4-3-3-3-1-0-4-1-2	3-0-3-2-5-3-1-6-2-1-1-2	5-0-3-5-0-3-3-3-1-0-3-5	1-4-3-2-2-4-3-4-1-1-0-3	3-1-1-0-3-2-2-3-4-2-5-3	1-5-2-3-2-0-8-4-2-1-0-3	0-0-1-3-4-3-0-3-3-2-2-3	0-3-0-1-3-2-3-6-3-3-2-4	1-2-0-3-0-2-2-7-0-3-3-1	0-2-2-1-0-2-3-0-2-2-2-4
533	3	3-3-3-3-3-3-3-3-3-3-3-4	2-4-4-2-4-2-2-4-2-2-4-4	5-2-2-2-2-2-4-1-4-2-4-4	2-4-4-2-2-2-6-2-4-3-4-2	2-0-2-2-2-2-4-2-3-3-2-2	0-2-4-3-3-2-4-3-4-3-5-2	2-2-3-3-2-3-7-2-3-3-2-2	3-8-2-2-2-4-6-2-2-6-0-2	5-0-4-2-3-2-3-2-7-3-2-3	4-2-3-4-2-4-4-7-2-4-8-2	7-2-8-4-7-4-2-3-4-2-2-3	4-2-2-4-4-7-2-0-6-7-6-3
533	4	4-7-4-7-4-3-4-6-5-4-5-7	5-3-3-5-5-5-5-7-5-3-5-5	7-5-5-2-3-6-5-5-3-2-3-3	5-6-6-5-2-5-5-2-3-1-3-6	2-6-4-7-6-3-5-5-3-8-4-8	5-2-3-4-5-6-3-2-3-3-3-2	8-2-3-6-5-4-3-5-4-4-6-3	3-2-6-3-2-5-3-2-5-4-6-5	6-5-5-2-2-5-6-5-3-4-3-4	5-6-3-3-5-3-3-3-5-6-6-2	6-2-4-3-6-6-6-6-6-6-5-4	6-3-5-3-6-6-4-6-5-6-2-2
533	5	5-5-5-5-5-5-3-5-4-4-4-5	4-6-6-2-6-6-4-3-4-3-4-4	3-4-4-2-2-3-6-4-6-7-6-5	4-4-4-4-2-4-4-2-6-7-6-4	2-4-6-2-4-6-6-4-6-5-6-2	6-7-3-4-4-2-6-5-5-5-3-5	4-7-6-4-4-5-6-4-5-5-2-5	5-2-4-6-5-4-6-5-4-5-4-4	3-4-4-2-3-4-4-4-6-5-2-5	4-2-5-6-4-3-6-3-4-4-4-2	4-6-4-5-4-7-4-4-4-2-4-3	7-7-4-3-4-4-6-4-4-4-3-7
533	6	7-5-6-6-5-6-6-7-4-6-6-4	6-5-5-8-5-5-4-8-4-6-4-4	6-7-7-7-7-7-5-7-5-7-5-7	7-4-4-6-7-7-3-2-5-5-7-4	7-4-5-2-4-7-7-7-5-6-5-7	5-5-7-4-3-4-5-7-5-6-3-7	5-5-5-4-5-4-5-5-5-5-4-7	5-7-4-7-7-4-5-7-4-4-7-4	8-4-4-7-7-4-4-7-5-5-7-4	4-4-6-5-7-2-5-3-4-4-4-2	4-5-7-3-4-4-4-4-4-6-6-6	4-6-6-7-4-4-5-4-4-4-3-5
533	7	6-8-6-4-5-8-8-6-6-6-6-8	7-5-5-6-5-8-7-4-8-7-6-8	4-6-6-6-6-7-6-6-8-6-7-6	6-7-7-6-6-6-8-6-6-5-6-4	6-4-5-4-7-6-8-6-7-7-4-6	8-5-6-4-4-8-6-6-7-5-3-6	8-5-3-4-8-7-3-8-7-5-6-6	5-6-4-6-6-8-8-6-4-8-6-4	7-4-8-7-6-5-3-6-3-5-6-6	7-7-7-3-6-8-3-3-8-4-4-2	3-7-4-6-8-5-4-5-7-7-6-7	8-8-6-6-7-7-7-4-2-4-6-8
533	8	8-7-6-4-8-8-7-8-7-7-6-7	7-8-8-6-8-8-7-8-8-8-4-7	8-8-8-8-8-8-7-7-7-8-8-8	8-8-8-8-8-8-7-8-7-8-8-4	6-4-8-8-8-8-7-8-8-8-6-4	7-8-8-7-8-8-8-8-8-8-8-7	4-8-8-8-7-8-8-8-8-8-4-7	8-8-8-7-8-7-7-6-6-4-6-8	6-8-7-7-2-8-8-6-8-8-6-1	7-8-8-8-8-7-8-3-7-8-3-8	4-8-3-8-7-7-4-4-4-7-8-8	8-7-8-3-7-8-8-4-8-8-3-8
534	0	0-0-0-0-0-0-0-0-0-0-0-0	0-0-0-0-0-0-0-0-0-0-0-0	0-0-0-0-0-0-0-0-0-0-0-0	0-0-0-0-0-0-0-0-0-0-0-0	0-0-0-0-0-0-0-0-0-0-0-0	0-0-0-0-0-0-0-0-0-0-0-0	0-0-0-0-0-0-0-0-0-0-0-0	0-0-0-0-0-0-0-0-0-0-0-0	0-0-0-0-0-0-0-0-0-0-0-0	0-0-0-0-0-0-0-0-0-0-0-0	0-0-0-0-0-0-0-0-0-0-0-0	0-0-0-0-0-0-0-0-0-0-0-0
534	1	1-1-1-1-1-1-1-1-1-1-1-1	0-2-1-0-0-2-0-2-2-1-0-2	2-0-0-0-1-0-2-2-0-0-2-0	0-0-2-0-0-0-0-0-2-2-2-1	0-0-0-0-0-2-2-0-1-0-0-0	0-0-0-0-1-0-2-0-2-1-4-0	0-1-1-0-2-1-1-2-1-1-0-1	1-1-0-2-1-0-4-2-0-1-0-0	1-1-0-0-0-0-0-2-2-1-0-0	0-0-1-2-0-0-2-1-0-4-0-1	0-1-1-1-1-0-2-0-0-0-0-7	2-1-0-0-0-1-1-1-0-0-0-1
534	2	2-2-2-2-1-2-2-2-2-2-2-2	2-1-1-4-2-2-0-1-3-2-3-3	1-2-3-5-3-5-3-3-3-3-1-3	3-3-3-2-3-3-3-2-3-1-1-0	3-0-2-3-0-1-3-3-2-2-7-3	3-4-3-0-2-6-3-2-1-2-1-4	0-3-1-0-3-0-3-1-4-1-3-3	2-2-4-3-4-3-7-7-4-1-2-0	2-0-3-3-4-0-0-3-1-2-4-2	0-4-1-1-3-3-1-4-3-0-0-2	1-2-2-1-3-3-1-0-0-2-3-2	1-3-2-0-4-3-3-1-2-3-3-4
534	3	4-4-3-3-3-3-3-3-3-3-3-4	2-4-4-2-2-4-0-4-4-3-2-4	4-2-5-2-2-2-4-5-4-2-4-2	2-2-2-2-2-2-2-2-4-5-4-0	2-0-2-2-0-4-4-2-5-3-0-2	2-2-5-3-5-2-4-2-3-3-6-3	6-2-1-0-2-3-2-2-3-3-2-2	3-2-2-2-2-4-5-1-2-1-2-0	3-1-2-2-5-0-0-2-7-3-2-3	0-2-1-4-2-2-1-3-2-3-0-2	6-2-7-3-0-2-0-0-4-2-2-1	6-2-2-7-3-4-2-0-2-2-2-2
534	4	5-3-4-5-3-2-4-6-4-4-4-3	4-3-3-2-5-3-5-6-5-4-5-3	6-5-6-2-4-6-3-5-3-2-3-3	5-5-5-2-2-2-5-2-3-3-3-5	3-5-4-2-5-3-5-4-4-4-4-7	2-2-3-4-5-2-3-2-2-3-1-2	3-2-2-3-5-4-3-5-2-3-5-2	5-3-5-3-2-5-1-4-2-4-5-6	5-5-5-2-2-4-5-2-4-4-2-3	5-5-1-3-5-2-1-2-5-1-5-2	5-2-6-7-7-2-5-5-5-4-2-2	5-2-4-1-5-5-2-5-7-6-3-2
534	5	6-5-7-5-6-6-5-5-5-5-5-5	5-3-3-7-6-6-4-4-4-4-7-6	4-6-6-2-6-2-6-6-6-2-6-6	6-4-4-6-6-6-6-6-6-6-6-4	6-4-6-6-4-6-6-6-3-5-5-6	6-6-6-5-4-2-6-6-5-5-3-6	6-6-3-0-4-6-5-6-5-7-4-6	4-6-4-6-6-4-3-6-5-4-4-4	4-4-6-5-6-4-4-6-1-5-6-4	4-4-5-6-6-6-6-1-4-5-4-2	4-5-5-1-6-2-4-4-4-6-5-5	3-5-5-6-4-4-6-4-6-5-6-5
534	6	5-7-5-7-5-7-7-7-7-6-5-7	5-5-3-5-6-5-4-4-7-5-5-7	4-5-7-5-5-4-5-5-5-6-6-5	5-5-5-5-5-5-7-5-5-5-5-7	5-4-5-5-6-5-7-5-6-6-7-5	5-7-5-6-6-2-5-5-6-6-3-6	7-5-1-6-5-6-6-5-6-1-5-5	6-5-4-5-5-4-3-5-5-5-5-4	6-6-5-5-5-5-6-5-1-6-5-4	4-5-6-5-5-5-5-7-7-5-5-2	3-6-4-6-5-6-4-5-6-5-6-6	3-7-5-5-6-5-5-4-5-4-5-5
534	7	7-6-5-6-7-6-6-7-6-6-5-6	5-7-7-5-7-7-5-7-6-7-5-6	7-7-7-6-7-7-7-6-5-7-6-7	5-7-7-7-7-7-6-7-6-7-7-6	5-4-7-7-7-7-6-7-7-7-6-7	6-7-7-7-7-4-6-7-7-7-3-6	6-7-7-7-5-7-7-6-7-5-5-7	7-7-7-5-7-7-7-5-2-5-4-5	6-7-7-7-5-7-7-5-7-7-5-3	5-4-7-5-7-6-7-6-6-7-4-7	4-7-5-4-4-6-4-4-4-7-7-1	7-6-7-3-4-7-7-7-7-7-2-7
535	0	0-0-0-0-0-0-0-0-0-0-0-0	0-0-0-0-0-0-0-0-0-0-0-0	0-0-0-0-0-0-0-0-0-0-0-0	0-0-0-0-0-0-0-0-0-0-0-0	0-0-0-0-0-0-0-0-0-0-0-0	0-0-0-0-0-0-0-0-0-0-0-0	0-0-0-0-0-0-0-0-0-0-0-0	0-0-0-0-0-0-0-0-0-0-0-0	0-0-0-0-0-0-0-0-0-0-0-0	0-0-0-0-0-0-0-0-0-0-0-0	0-0-0-0-0-0-0-0-0-0-0-0	0-0-0-0-0-0-0-0-0-0-0-0
535	1	1-1-1-1-1-1-1-1-1-1-0-1	2-0-1-2-0-1-0-1-0-1-2-2	2-2-0-3-2-0-2-0-0-2-0-2	2-0-2-3-2-2-0-2-1-0-2-0	1-0-2-0-2-1-2-2-1-1-0-2	2-3-2-0-0-3-2-2-1-1-0-3	2-3-0-0-2-0-0-2-1-1-1-2	1-1-1-2-1-0-3-0-2-0-0-0	0-0-2-2-3-1-0-2-0-1-2-1	0-2-0-0-2-1-2-1-2-0-0-1	0-1-0-0-0-1-0-0-0-1-2-0	0-1-1-0-0-2-1-0-0-0-1-1
535	2	2-2-2-2-2-2-2-2-2-2-2-2	1-3-2-1-0-3-1-3-3-2-1-1	1-1-1-0-1-5-3-3-2-4-3-1	1-0-3-1-1-1-4-1-4-4-1-0	1-0-1-4-1-1-3-1-2-2-4-1	1-4-3-0-2-1-3-1-2-2-4-4	1-1-2-3-1-2-3-1-2-2-0-1	2-3-3-1-1-3-4-3-1-2-2-0	2-0-1-1-2-4-2-1-4-4-1-4	0-1-2-3-1-2-1-2-1-3-0-1	0-4-0-4-5-6-0-2-0-1-3-2	4-1-1-6-2-1-1-2-4-0-4-2
535	3	3-6-3-3-2-3-3-3-3-3-3-2	3-2-2-3-4-2-4-5-4-3-4-4	6-4-4-1-1-4-4-4-4-2-2-3	4-3-2-4-1-1-4-1-2-2-2-6	1-6-1-3-4-2-2-4-3-3-3-6	2-1-2-4-3-1-2-1-2-2-2-1	3-1-2-2-4-4-4-0-2-1-4-2	2-2-2-2-1-4-1-2-3-3-3-3	4-4-3-2-1-3-4-4-2-3-1-2	4-4-2-2-4-1-2-1-4-4-4-1	6-1-3-2-4-4-4-4-4-2-2-3	2-1-3-4-4-4-2-4-0-4-1-1
535	4	5-2-5-6-2-3-6-4-5-4-3-4	3-2-2-5-5-5-3-4-5-3-5-3	3-5-3-5-5-3-5-3-3-5-3-4	5-3-3-5-5-5-2-4-5-2-5-4	6-4-5-4-5-5-5-5-4-3-6-5	5-2-5-3-3-3-5-5-4-4-2-2	4-4-2-2-3-4-3-5-2-4-5-4	2-4-3-5-5-3-2-5-4-3-3-3	3-3-2-4-5-2-3-3-2-2-5-2	3-3-2-5-5-5-4-2-3-3-3-5	5-5-6-2-6-3-3-3-3-5-2-4	2-4-1-3-3-3-4-3-5-3-5-2
535	5	4-6-4-4-5-6-6-4-6-5-4-6	5-2-2-4-4-6-3-4-4-5-4-6	3-4-4-4-4-5-4-3-6-4-5-4	4-5-5-4-4-4-6-4-4-5-4-3	4-3-2-3-5-4-6-4-5-5-4-4	4-2-4-6-3-6-4-4-5-5-2-6	6-1-2-5-6-5-3-4-5-2-4-5	5-4-4-4-4-5-2-4-4-2-4-5	5-3-3-4-4-5-5-5-2-2-4-2	5-5-2-4-4-4-4-2-6-3-4-4	4-4-5-2-6-5-3-4-4-5-5-4	6-6-1-5-5-5-5-5-4-4-4-1
535	6	6-5-4-4-6-6-4-6-5-5-5-5	5-6-6-4-6-6-4-6-5-6-4-5	6-6-6-5-6-6-5-5-6-6-6-6	4-6-6-6-6-6-5-6-5-6-6-3	4-6-6-6-5-6-5-6-6-6-4-6	5-6-6-5-6-6-6-6-6-6-2-5	4-6-6-6-5-6-6-4-6-6-5-6	6-6-6-5-6-5-4-4-4-3-5-3	3-6-6-5-4-6-6-5-6-2-4-6	5-3-6-6-6-5-6-5-5-6-3-6	3-4-6-6-4-2-3-4-3-6-6-6	5-5-6-2-3-6-6-6-6-6-4-6
536	0	0-0-0-0-0-0-0-0-0-0-0-0	0-0-0-0-0-0-0-0-0-0-0-0	0-0-0-0-0-0-0-0-0-0-0-0	0-0-0-0-0-0-0-0-0-0-0-0	0-0-0-0-0-0-0-0-0-0-0-0	0-0-0-0-0-0-0-0-0-0-0-0	0-0-0-0-0-0-0-0-0-0-0-0	0-0-0-0-0-0-0-0-0-0-0-0	0-0-0-0-0-0-0-0-0-0-0-0	0-0-0-0-0-0-0-0-0-0-0-0	0-0-0-0-0-0-0-0-0-0-0-0	0-0-0-0-0-0-0-0-0-0-0-0
536	1	1-2-1-1-1-1-1-1-1-1-1-1	1-1-0-1-0-1-1-0-1-1-0-0	2-1-2-0-0-2-0-2-0-0-0-0	2-0-2-0-1-1-0-5-0-0-1-1	0-1-3-0-2-0-2-2-2-1-0-0	0-1-0-0-1-2-1-0-0-0-0-2	1-0-0-5-0-0-0-0-0-1-0-0	1-0-0-0-1-2-0-0-0-2-2-0	0-2-2-0-0-0-2-2-0-1-0-0	1-1-0-2-5-0-0-0-1-1-5-0	0-1-1-0-3-3-2-2-3-1-0-0	1-0-1-1-0-1-0-1-1-0-1-0
536	2	2-1-2-2-2-2-2-2-2-2-3-2	3-2-0-3-0-1-3-3-3-3-3-3	1-3-3-3-3-1-3-3-3-3-3-3	3-3-3-3-3-3-3-3-2-0-2-1	2-1-2-3-1-2-3-3-1-2-0-2	3-1-3-5-1-3-3-2-0-2-0-1	2-2-0-1-3-0-7-3-0-2-2-3	0-2-2-3-2-1-7-2-2-1-1-0	1-1-3-2-4-0-1-1-0-1-3-2	3-3-0-1-3-2-3-0-3-1-1-2	2-0-6-0-0-2-1-1-1-3-2-0	1-3-1-1-2-3-3-1-2-3-2-2
536	3	3-3-2-3-4-3-3-3-3-3-2-2	2-5-3-2-3-3-2-2-3-2-2-3	1-2-2-2-4-3-2-2-2-4-2-2	2-4-2-2-2-2-3-2-5-4-4-1	2-1-1-3-4-2-2-2-4-3-4-2	2-4-2-2-3-2-4-2-3-3-5-3	4-2-3-4-2-3-5-2-0-3-7-2	3-2-2-2-2-1-6-4-2-3-5-4	4-1-2-2-3-4-4-4-5-3-2-3	2-2-3-4-2-4-2-3-2-3-1-4	3-3-3-3-6-4-4-1-1-2-4-3	6-2-4-1-0-2-2-4-2-2-5-5
536	4	5-4-6-4-5-4-4-5-5-4-7-6	5-3-3-2-6-5-2-4-5-6-5-5	4-5-6-4-3-5-4-6-5-3-5-4	5-4-5-6-4-3-5-4-4-4-3-7	4-5-4-6-3-3-5-4-3-4-4-4	4-3-5-6-5-5-3-5-3-4-0-4	5-4-4-3-4-4-4-5-4-4-5-3	5-4-5-3-4-5-4-3-4-4-4-5	5-4-4-3-4-4-5-5-5-4-7-3	5-5-4-3-3-3-4-3-3-5-7-3	5-3-5-4-5-3-3-5-5-5-3-5	5-4-4-4-5-5-3-5-5-5-4-4
536	5	4-4-7-7-5-4-4-4-4-4-6-4	4-3-3-6-6-4-4-6-4-4-6-4	6-6-4-7-6-4-6-4-4-6-4-6	6-6-4-4-6-6-4-6-6-0-6-1	7-4-1-6-5-6-6-5-3-5-6-6	2-7-6-2-4-4-6-6-3-5-3-6	4-5-3-1-7-3-3-7-3-5-6-6	4-6-4-6-6-1-4-7-5-5-6-4	4-1-4-6-7-5-4-4-4-3-6-3	4-4-0-4-6-6-5-3-5-4-1-6	3-6-4-3-4-4-4-4-4-4-3-4	4-5-5-1-4-4-5-4-4-6-6-6
536	6	5-7-5-5-5-7-4-4-4-4-5-4	4-3-3-5-5-7-4-5-4-4-5-5	5-5-4-5-5-6-5-4-4-5-6-5	5-6-6-4-5-5-4-5-5-6-5-4	5-4-5-4-6-5-5-6-6-6-5-5	7-6-7-4-6-5-6-5-3-6-3-5	4-5-3-7-7-6-6-7-6-4-5-5	6-5-2-5-5-6-3-5-6-3-5-4	6-1-7-6-5-5-6-6-4-5-5-7	6-5-6-3-6-5-5-3-5-6-6-5	3-6-5-0-7-6-6-6-6-6-6-6	7-6-6-6-6-6-6-1-5-5-5-5
536	7	7-6-5-5-7-6-4-7-6-4-4-7	4-7-7-5-7-6-4-5-4-7-4-5	7-7-7-5-7-7-6-4-4-7-7-7	7-7-6-7-7-7-4-7-7-7-7-4	5-4-7-7-7-7-6-7-7-7-5-5	6-5-7-4-7-7-7-5-7-7-7-7	4-7-7-6-6-7-6-5-7-7-3-5	7-5-2-5-7-6-5-5-6-1-5-4	4-7-7-6-5-7-7-6-7-3-4-5	6-7-7-7-7-5-7-7-7-7-7-7	7-7-7-7-6-6-6-4-7-4-7-7	4-6-1-4-5-7-7-1-5-7-6-7
537	0	0-0-0-0-0-0-0-0-0-0-0-0	0-0-0-0-0-0-0-0-0-0-0-0	0-0-0-0-0-0-0-0-0-0-0-0	0-0-0-0-0-0-0-0-0-0-0-0	0-0-0-0-0-0-0-0-0-0-0-0	0-0-0-0-0-0-0-0-0-0-0-0	0-0-0-0-0-0-0-0-0-0-0-0	0-0-0-0-0-0-0-0-0-0-0-0	0-0-0-0-0-0-0-0-0-0-0-0	0-0-0-0-0-0-0-0-0-0-0-0	0-0-0-0-0-0-0-0-0-0-0-0	0-0-0-0-0-0-0-0-0-0-0-0
537	1	1-2-1-1-1-1-1-1-1-1-1-1	1-0-0-1-0-1-2-2-2-0-0-0	1-2-2-1-1-2-2-2-0-1-0-1	1-2-2-1-1-1-0-4-0-0-0-4	0-3-4-0-2-0-2-1-2-1-1-1	0-1-0-1-0-2-0-1-0-0-0-2	3-0-0-0-2-0-0-0-1-0-0-0	1-0-3-0-1-2-0-0-1-1-1-1	0-2-2-0-1-0-2-1-0-1-0-1	2-0-1-2-0-0-0-0-2-2-0-1	0-0-1-0-1-1-2-2-0-1-0-1	3-0-1-0-0-1-0-1-1-0-1-0
537	2	3-1-2-2-2-2-2-0-2-2-2-2	3-0-0-3-0-1-1-1-1-2-3-3	1-1-1-4-3-3-1-1-3-3-3-3	3-1-1-3-3-3-4-7-3-1-3-1	5-1-2-3-1-2-3-3-1-2-3-3	3-1-3-2-2-1-3-3-0-2-0-1	4-3-0-0-3-0-3-3-4-2-4-3	0-3-7-3-4-1-8-7-2-1-2-0	2-1-3-4-4-3-1-3-0-2-4-2	2-3-0-1-3-4-3-4-3-1-0-2	4-8-1-0-2-2-1-1-0-2-3-2	1-3-1-0-0-2-3-1-2-2-2-4
537	3	3-4-3-3-3-3-3-3-3-3-3-4	2-4-4-2-1-4-2-4-4-3-2-4	1-2-2-2-2-2-4-5-4-2-4-4	2-4-5-2-2-2-5-2-2-5-2-1	2-1-1-3-3-2-4-2-3-3-2-2	2-1-5-2-3-1-4-2-3-3-0-5	5-2-3-4-2-3-4-2-5-5-5-2	3-2-2-2-2-1-5-0-4-3-7-3	2-1-2-2-3-2-1-4-5-3-2-2	1-2-0-7-2-2-2-7-2-4-3-3	7-2-8-6-8-3-3-3-2-2-2-3	1-2-1-0-6-2-2-3-7-3-2-5
537	4	4-3-3-5-4-4-4-3-4-4-4-3	6-3-3-2-4-3-4-3-6-4-5-5	8-5-5-2-3-1-3-5-3-3-3-3	5-5-5-2-2-5-2-1-3-4-3-1	2-8-1-4-5-3-5-4-3-4-2-8	0-1-2-4-7-2-3-2-3-5-0-2	2-2-2-3-5-5-3-3-4-2-6-2	5-2-2-3-2-6-5-2-2-7-4-5	4-5-3-2-2-2-5-5-0-3-2-5	5-8-0-3-2-2-3-2-5-5-5-2	6-2-5-0-5-5-5-5-5-2-2-4	6-2-4-4-5-6-2-5-6-5-3-2
537	5	6-5-7-7-5-4-5-7-5-8-5-8	4-3-3-6-4-6-7-7-4-4-4-4	1-6-4-2-7-6-6-7-7-6-3-5	6-4-4-5-6-7-3-7-3-3-5-1	7-4-5-6-4-5-6-6-3-4-5-6	6-6-6-5-4-6-6-6-5-4-0-3	8-6-0-6-6-4-4-6-3-3-7-6	4-2-2-6-5-4-3-7-5-4-6-4	8-4-6-6-7-6-4-6-3-5-5-4	4-7-5-3-4-7-6-5-6-4-4-2	4-6-6-6-4-4-4-4-4-5-6-5	1-6-4-5-4-2-5-4-4-4-5-3
537	6	5-6-5-8-7-6-6-6-6-5-6-5	4-7-6-5-5-5-5-7-4-6-5-5	7-5-5-5-5-5-7-5-8-5-7-5	5-6-4-5-5-5-7-5-7-7-5-1	5-4-7-5-4-7-7-5-6-6-5-5	5-5-5-7-3-5-5-5-6-6-7-6	5-2-6-5-5-6-7-5-6-6-5-5	6-7-4-5-5-4-7-5-7-4-5-4	6-4-5-5-6-5-7-5-8-5-5-4	4-5-6-2-7-6-5-6-5-4-4-2	4-5-5-8-4-4-4-4-4-5-5-6	4-5-4-5-4-4-2-4-4-4-5-6
537	7	5-8-5-5-6-8-8-5-8-5-5-5	8-6-6-5-6-8-5-5-8-7-8-5	8-5-5-5-5-7-6-5-8-7-6-5	5-4-7-5-5-5-6-5-6-6-6-1	5-4-6-5-1-6-6-5-6-7-5-5	8-6-5-6-4-5-6-5-7-7-6-7	8-2-0-6-8-7-6-0-7-6-5-5	7-6-2-6-5-1-6-5-8-4-5-4	7-4-7-7-5-8-6-4-0-5-5-4	8-5-7-3-6-5-6-7-8-4-7-2	3-7-7-0-3-7-4-3-5-5-7-7	8-7-7-5-5-2-2-4-5-4-8-2
537	8	8-7-5-6-8-7-7-8-7-5-5-5	7-8-8-5-8-7-5-8-8-8-7-8	8-8-8-8-8-5-7-8-7-8-8-8	8-8-8-8-8-8-7-8-7-8-8-1	5-4-8-8-8-6-7-8-8-8-5-8	7-8-8-5-8-1-8-8-8-8-8-8	7-8-8-6-7-8-8-8-8-8-5-7	8-8-8-7-8-7-2-2-7-7-5-4	5-7-8-8-2-8-8-5-8-8-8-0	7-4-8-8-8-5-8-8-7-8-8-8	4-2-3-6-3-7-4-4-8-7-8-7	8-5-8-0-6-8-0-4-8-8-7-2
538	0	0-0-0-0-0-0-0-0-0-0-0-0	0-0-0-0-0-0-0-0-0-0-0-0	0-0-0-0-0-0-0-0-0-0-0-0	0-0-0-0-0-0-0-0-0-0-0-0	0-0-0-0-0-0-0-0-0-0-0-0	0-0-0-0-0-0-0-0-0-0-0-0	0-0-0-0-0-0-0-0-0-0-0-0	0-0-0-0-0-0-0-0-0-0-0-0	0-0-0-0-0-0-0-0-0-0-0-0	0-0-0-0-0-0-0-0-0-0-0-0	0-0-0-0-0-0-0-0-0-0-0-0	0-0-0-0-0-0-0-0-0-0-0-0
538	1	1-1-1-1-1-1-0-0-1-0-1-1	1-0-0-2-0-0-0-1-0-0-2-0	0-2-0-0-2-0-2-0-0-3-0-2	2-0-0-2-2-2-0-5-1-3-1-0	1-0-1-0-2-1-2-2-1-1-7-4	2-3-2-0-1-2-2-3-1-1-0-1	1-1-1-0-2-0-0-2-1-1-4-2	3-1-1-2-0-0-1-7-1-1-0-0	1-0-2-3-3-7-0-3-4-1-1-1	0-2-0-3-2-4-2-3-2-1-0-5	1-1-0-0-0-0-0-0-0-1-2-0	0-1-1-2-0-1-1-0-1-1-1-3
538	2	2-2-2-2-3-2-2-2-2-2-2-3	1-3-3-1-0-3-0-3-3-0-1-3	1-1-0-1-1-3-3-4-4-1-3-3	1-0-3-1-1-1-2-1-3-2-1-0	2-0-5-2-1-1-3-1-2-2-0-1	3-4-4-2-2-1-3-1-2-2-6-2	4-1-2-2-1-2-4-1-2-4-0-1	2-0-1-1-3-3-5-4-2-2-0-2	2-0-1-1-2-1-2-1-5-2-1-2	0-1-2-1-1-5-1-2-1-2-2-1	3-1-7-0-7-0-0-3-3-1-1-2	1-7-1-1-0-6-3-2-1-0-0-2
538	3	3-2-4-4-2-3-4-3-3-4-3-4	1-2-2-4-4-3-4-4-4-0-4-5	6-4-6-1-3-4-4-5-2-4-2-4	4-4-4-4-1-4-4-1-2-1-4-4	1-4-2-3-5-1-4-4-3-3-3-0	2-1-2-4-5-1-2-1-2-2-2-1	3-1-2-3-4-6-7-0-2-2-5-2	1-3-1-2-2-4-0-2-4-3-3-5	5-7-4-1-1-3-5-5-6-3-1-1	4-1-0-1-5-1-2-1-5-4-4-1	5-1-5-4-5-5-5-5-4-1-4-0	5-1-4-2-5-5-2-5-1-4-4-1
538	4	3-5-3-3-4-4-4-4-4-3-4-3	3-5-5-3-3-4-3-3-5-5-3-3	3-3-3-3-1-3-5-3-6-3-5-3	3-3-3-3-1-3-5-1-5-5-5-3	6-3-6-4-3-4-5-3-5-4-5-1	5-5-2-3-3-1-5-4-4-4-1-4	2-1-4-3-3-4-5-4-5-2-7-5	4-4-1-5-4-3-5-5-3-4-3-3	4-0-5-3-4-1-3-6-5-3-4-4	3-1-4-4-2-1-1-1-3-3-3-1	3-4-3-3-0-7-3-3-3-1-3-4	4-1-3-4-3-2-1-3-3-3-3-2
538	5	5-4-5-7-4-4-5-5-5-5-5-6	5-4-4-6-3-4-6-6-4-6-7-6	5-6-6-6-6-6-6-6-4-6-4-6	6-3-6-6-6-6-4-1-4-4-6-5	1-3-2-6-3-6-6-6-6-5-5-6	4-4-6-5-3-1-6-4-4-5-2-6	2-1-4-3-4-4-4-6-5-5-6-5	3-6-6-6-6-3-2-5-3-3-6-3	3-0-6-6-6-1-3-3-4-5-6-2	3-6-5-6-6-2-6-2-3-3-6-1	3-5-3-4-3-3-3-3-6-6-4-5	3-6-6-6-6-3-6-3-1-0-6-2
538	6	5-7-5-5-4-7-7-5-7-5-5-7	5-4-4-5-6-6-5-5-7-5-5-7	3-5-3-7-5-5-5-7-4-5-7-5	5-6-6-5-5-5-7-5-5-4-5-7	4-3-2-5-6-5-7-5-6-6-5-5	7-7-5-6-6-7-5-5-6-6-2-5	2-1-6-6-7-4-6-7-6-6-5-5	6-5-5-5-5-6-7-5-5-2-5-3	6-6-5-5-5-5-4-4-3-5-5-3	3-5-6-5-6-1-5-2-7-4-5-1	5-6-5-2-2-7-3-5-5-5-4-6	4-5-5-5-5-2-5-3-1-3-5-1
538	7	7-6-5-5-7-6-6-7-6-5-5-6	5-4-7-5-7-7-6-7-7-7-5-6	7-7-7-6-7-7-7-6-7-7-6-7	6-7-7-7-7-7-6-7-7-7-7-6	1-3-7-7-7-7-6-7-7-7-1-5	6-7-7-6-7-6-7-7-7-7-2-7	6-7-7-7-6-7-7-6-7-7-4-7	7-7-7-6-7-6-5-1-5-6-5-3	6-7-5-6-1-1-7-5-7-4-5-1	5-3-7-7-7-1-7-2-6-7-6-7	3-7-2-3-2-6-6-3-3-6-7-7	7-2-7-2-3-7-7-3-7-7-5-7
539	0	0-0-0-0-0-0-0-0-0-0-0-0	0-0-0-0-0-0-0-0-0-0-0-0	0-0-0-0-0-0-0-0-0-0-0-0	0-0-0-0-0-0-0-0-0-0-0-0	0-0-0-0-0-0-0-0-0-0-0-0	0-0-0-0-0-0-0-0-0-0-0-0	0-0-0-0-0-0-0-0-0-0-0-0	0-0-0-0-0-0-0-0-0-0-0-0	0-0-0-0-0-0-0-0-0-0-0-0	0-0-0-0-0-0-0-0-0-0-0-0	0-0-0-0-0-0-0-0-0-0-0-0	0-0-0-0-0-0-0-0-0-0-0-0
539	1	1-1-1-1-1-1-1-1-1-1-1-2	1-2-1-0-2-2-2-2-2-1-2-2	1-2-4-2-2-2-2-2-3-2-2-1	2-1-2-2-1-2-2-2-2-2-2-1	2-2-1-0-2-1-2-1-2-1-3-1	4-2-2-2-2-2-2-2-1-1-0-0	4-3-1-1-2-1-0-2-1-3-0-4	1-1-0-2-1-3-1-1-1-1-0-1	1-1-2-1-2-5-1-2-2-8-1-4	0-1-1-2-0-2-2-2-0-1-0-1	1-4-3-4-2-1-1-1-1-1-5-1	3-1-1-1-1-1-1-2-4-1-1-8
539	2	1-1-1-1-1-1-1-1-1-1-1-1	1-1-1-3-1-1-3-1-1-1-1-1	1-3-1-1-3-1-3-1-1-1-1-3	3-0-1-3-3-3-1-1-3-1-3-1	1-1-1-5-3-3-3-3-1-1-1-6	1-1-3-2-1-1-3-1-1-1-0-4	1-1-1-0-3-2-2-3-1-4-7-3	1-3-4-3-3-1-8-4-2-0-2-0	2-0-3-4-4-3-0-3-1-3-3-1	0-5-1-1-3-3-1-1-3-1-1-4	0-1-1-1-1-1-0-0-0-3-3-2	1-3-2-1-0-1-3-1-0-1-2-4
539	3	1-3-1-1-4-1-1-1-1-1-1-1	1-4-4-2-1-1-2-1-2-1-2-1	0-2-1-1-2-5-4-5-1-2-4-2	2-3-3-2-2-2-1-1-4-3-4-1	1-0-2-3-2-4-4-2-3-3-1-2	4-1-5-3-3-1-4-1-3-3-7-3	3-1-1-4-2-3-4-2-3-6-0-2	3-2-1-2-2-1-5-2-4-4-4-1	1-0-5-2-3-2-0-2-1-2-2-3	0-4-1-3-4-2-4-4-2-3-3-3	7-1-8-5-1-1-0-0-0-2-2-2	1-2-2-4-0-1-2-0-3-1-6-1
539	4	4-4-1-4-3-1-4-6-5-5-4-5	5-3-3-5-5-1-5-6-5-1-5-6	7-5-7-2-4-7-5-5-5-2-3-3	5-5-5-5-2-5-5-6-3-5-3-5	1-5-4-4-5-3-5-5-4-4-1-4	5-5-3-4-3-5-5-5-3-3-3-2	5-3-4-5-5-4-3-5-4-3-5-1	1-3-6-5-2-5-3-2-5-3-5-6	6-5-4-5-2-1-6-5-1-4-2-5	5-6-4-3-5-2-3-3-5-5-5-2	6-1-1-1-1-6-6-6-5-5-6-4	5-5-4-3-5-6-2-6-6-7-3-2
539	5	4-5-4-5-5-5-1-1-4-4-5-4	4-7-5-4-4-1-4-6-4-7-4-4	0-4-4-1-2-7-6-4-4-7-6-6	4-4-4-7-2-4-4-1-6-7-6-4	1-4-7-4-4-5-6-4-4-6-1-4	4-4-3-4-4-4-4-5-6-5-3-5	4-6-6-4-4-5-4-4-4-3-4-2	5-2-2-4-2-4-3-4-4-5-4-4	4-4-6-4-6-1-7-4-6-4-2-4	4-2-4-6-4-5-4-1-4-4-4-2	4-6-1-3-0-4-0-4-4-4-6-6	4-4-4-3-4-4-2-4-4-4-3-2
539	6	4-5-6-8-5-5-7-4-4-7-7-4	6-5-5-6-4-1-7-7-4-7-7-7	1-7-4-8-7-6-7-7-7-7-5-7	7-4-4-7-7-7-4-2-7-5-7-4	7-4-7-7-4-6-7-7-4-5-8-7	7-4-7-6-6-4-7-7-5-5-3-6	7-5-5-4-4-6-4-7-4-8-4-5	1-7-4-7-7-4-3-7-8-4-7-4	4-0-5-7-7-5-4-4-5-5-7-4	4-7-4-5-7-7-8-1-4-4-4-7	4-6-1-3-1-4-4-4-4-7-5-5	1-7-4-4-4-4-7-4-4-4-7-6
539	7	8-8-6-6-6-8-8-8-8-6-6-8	6-5-5-6-7-1-8-6-8-6-6-8	4-6-4-8-6-5-6-6-6-6-7-6	6-4-7-5-6-6-8-1-6-5-6-8	6-4-8-6-7-6-6-6-7-7-6-6	6-4-6-8-6-4-6-6-7-7-3-8	8-6-1-4-7-7-5-6-7-6-6-8	7-6-6-6-6-4-3-7-4-7-6-4	7-7-5-6-6-1-5-4-5-7-6-4	4-6-7-7-6-6-8-1-8-4-4-6	3-7-7-3-6-7-4-4-4-6-7-7	4-6-7-7-7-4-6-4-3-4-6-6
539	8	8-7-6-6-8-7-7-8-7-4-8-7	7-5-8-6-8-8-7-8-8-8-6-7	8-8-8-6-8-8-5-7-8-8-5-8	7-8-8-8-8-8-7-8-6-8-6-7	6-4-8-8-8-8-7-8-8-8-6-8	8-8-8-6-8-4-7-8-8-8-8-7	7-8-8-4-5-8-8-8-8-6-4-7	8-8-6-7-8-7-2-2-6-8-4-4	4-8-8-7-6-8-8-4-8-1-6-5	4-4-8-8-8-6-8-8-7-8-4-8	4-1-3-8-1-7-4-4-4-7-8-8	1-5-4-1-4-8-8-4-8-8-6-1
540	0	0-0-0-0-0-0-0-0-0-0-0-0	0-0-0-0-0-0-0-0-0-0-0-0	0-0-0-0-0-0-0-0-0-0-0-0	0-0-0-0-0-0-0-0-0-0-0-0	0-0-0-0-0-0-0-0-0-0-0-0	0-0-0-0-0-0-0-0-0-0-0-0	0-0-0-0-0-0-0-0-0-0-0-0	0-0-0-0-0-0-0-0-0-0-0-0	0-0-0-0-0-0-0-0-0-0-0-0	0-0-0-0-0-0-0-0-0-0-0-0	0-0-0-0-0-0-0-0-0-0-0-0	0-0-0-0-0-0-0-0-0-0-0-0
540	1	1-1-1-1-1-1-1-1-1-1-1-1	1-1-1-2-0-1-2-1-2-2-1-2	1-2-2-3-2-1-2-2-0-2-1-1	2-0-0-2-2-2-2-3-1-0-2-1	3-0-3-2-0-1-2-2-1-0-3-2	2-2-2-2-0-2-2-3-1-1-0-2	3-2-1-0-2-2-1-2-1-1-3-2	1-3-3-2-3-1-1-2-2-0-0-1	0-0-2-3-3-3-0-2-0-1-3-2	0-3-1-2-2-3-2-1-2-0-0-3	4-2-0-1-0-1-1-0-0-2-2-1	0-2-2-1-0-2-2-0-4-0-3-3
540	2	2-2-1-2-1-2-2-2-1-1-1-1	1-3-3-1-3-1-1-1-1-1-1-1	0-1-1-1-1-1-3-3-1-3-3-2	1-2-2-1-1-1-1-1-3-3-3-0	1-2-1-1-4-3-3-1-2-4-1-1	1-1-1-1-2-1-3-1-3-2-3-1	2-1-2-2-1-1-3-1-3-2-3-1	2-1-1-1-1-0-3-1-1-1-3-2	4-0-1-1-2-6-2-1-3-2-1-2	3-1-2-3-1-1-1-3-1-2-3-1	4-1-8-7-3-0-0-3-0-1-1-6	1-1-1-2-2-1-1-0-0-0-2-1
540	3	3-1-1-1-2-3-3-2-3-3-3-3	3-2-2-1-2-3-1-3-2-1-1-2	5-4-4-1-3-5-2-2-0-2-2-3	3-5-3-3-1-1-1-1-2-5-2-5	1-3-5-5-5-2-2-1-5-2-1-1	1-5-1-3-3-1-2-1-2-2-2-3	5-1-2-3-3-3-2-2-2-3-2-1	2-1-7-1-1-3-2-1-7-3-2-0	3-7-3-1-1-8-3-1-2-3-1-3	8-1-3-4-1-1-1-2-5-3-2-1	6-1-4-2-8-8-3-7-7-3-4-3	3-6-3-3-3-3-4-3-1-0-1-1
540	4	6-4-5-4-5-5-6-5-5-5-4-4	5-6-5-5-5-5-5-4-5-5-4-5	4-5-5-5-4-5-4-5-5-5-5-4	5-4-5-6-4-4-5-4-5-4-3-4	7-4-3-7-5-4-5-5-3-5-7-4	5-4-5-4-5-8-3-5-2-2-2-5	4-4-6-2-4-4-5-4-5-5-8-4	4-1-4-3-4-7-4-5-4-7-4-4	6-4-4-4-3-4-5-7-6-4-4-3	4-4-4-3-5-8-5-4-3-4-8-1	1-8-6-4-5-3-4-5-8-4-5-4	6-8-4-8-3-5-5-8-6-6-3-6
540	5	4-4-4-4-4-4-4-4-4-4-4-4	4-2-4-5-4-4-4-5-4-4-4-4	3-6-4-4-6-4-6-6-4-4-4-6	6-3-4-4-6-7-4-3-4-3-6-3	7-4-3-3-3-5-6-6-3-4-4-5	4-6-6-5-4-4-6-6-4-5-2-7	3-1-4-7-6-5-4-4-4-4-7-5	4-5-7-6-6-4-2-4-5-4-7-4	7-0-7-6-1-3-4-4-4-4-5-3	4-7-5-6-4-6-6-5-6-3-7-1	0-5-4-2-4-5-0-4-6-7-6-5	4-5-5-7-7-4-4-4-7-0-5-7
540	6	4-8-4-4-4-4-4-4-4-4-4-4	4-7-6-5-4-4-5-4-4-4-4-4	3-5-4-4-5-4-7-5-4-7-7-5	5-6-5-4-5-5-4-5-7-7-5-3	5-4-5-7-4-7-7-5-7-4-4-5	4-5-5-5-6-4-7-7-6-6-7-5	3-1-4-3-5-5-7-5-6-7-5-5	4-7-3-7-5-3-2-4-5-6-2-4	4-0-5-5-6-2-0-5-7-3-7-3	4-5-6-5-7-5-7-2-7-4-5-1	3-3-7-2-4-5-0-4-5-5-5-2	4-3-3-5-5-4-5-0-4-4-6-4
540	7	4-6-4-4-4-8-4-4-4-4-4-8	4-6-6-5-4-4-5-4-4-4-4-4	8-5-5-4-5-4-6-5-4-6-6-5	5-7-7-4-5-5-8-1-6-6-6-8	4-0-3-6-4-6-6-7-6-7-4-5	5-5-6-5-7-4-6-6-7-7-7-5	8-1-4-5-6-5-6-4-7-6-5-5	7-6-3-6-5-4-8-4-3-4-5-7	5-3-5-6-7-3-7-4-8-7-5-3	4-5-7-8-6-7-6-4-8-4-5-1	3-7-6-2-7-8-5-5-5-5-7-5	6-8-8-5-5-4-5-4-4-4-6-5
540	8	8-6-4-6-8-7-4-8-4-4-4-7	4-8-8-5-8-4-5-8-8-8-4-7	8-8-8-4-8-8-8-7-4-8-7-8	6-8-8-8-8-8-7-8-7-8-8-7	4-4-8-8-8-8-7-8-8-8-4-8	4-8-8-7-8-4-7-8-8-8-8-8	7-8-8-4-4-8-8-8-8-8-4-7	8-6-8-6-8-4-8-1-5-3-4-4	5-8-8-8-1-3-8-5-7-2-6-3	3-4-6-7-8-4-8-8-7-8-7-8	4-4-6-7-3-3-4-4-4-4-8-8	4-4-7-4-5-8-8-4-8-8-1-4
541	0	0-0-0-0-0-0-0-0-0-0-0-0	0-0-0-0-0-0-0-0-0-0-0-0	0-0-0-0-0-0-0-0-0-0-0-0	0-0-0-0-0-0-0-0-0-0-0-0	0-0-0-0-0-0-0-0-0-0-0-0	0-0-0-0-0-0-0-0-0-0-0-0	0-0-0-0-0-0-0-0-0-0-0-0	0-0-0-0-0-0-0-0-0-0-0-0	0-0-0-0-0-0-0-0-0-0-0-0	0-0-0-0-0-0-0-0-0-0-0-0	0-0-0-0-0-0-0-0-0-0-0-0	0-0-0-0-0-0-0-0-0-0-0-0
541	1	1-1-1-1-1-1-1-1-1-1-1-1	1-0-0-2-0-0-0-2-0-1-0-2	0-3-0-5-2-3-2-2-0-2-2-2	2-0-0-2-3-2-0-1-1-1-1-0	1-0-0-2-0-2-2-2-1-1-0-0	3-0-2-0-0-3-2-1-1-1-3-0	3-2-1-0-2-3-1-2-1-1-0-2	1-1-3-2-3-1-1-3-1-0-0-2	0-0-0-3-3-0-0-2-1-1-1-1	1-3-0-2-2-3-0-3-2-0-0-3	3-1-0-1-0-2-0-0-0-1-1-1	0-2-1-0-3-1-3-0-0-0-1-1
541	2	3-2-2-2-2-2-2-2-2-2-2-3	1-3-2-1-4-3-0-3-3-1-0-1	2-1-4-1-1-1-3-3-3-1-3-1	1-0-2-1-1-1-0-2-3-3-3-0	2-0-5-1-1-1-3-1-3-2-3-4	1-0-4-0-2-1-3-1-2-2-6-5	5-1-1-0-1-1-4-1-2-2-7-1	2-2-1-1-1-3-5-1-1-2-5-1	2-0-3-1-4-0-3-1-3-2-1-2	0-1-2-1-1-1-3-5-1-3-0-1	3-1-0-5-6-1-0-6-0-1-1-2	6-1-0-3-0-1-1-0-0-3-5-1
541	3	3-2-5-3-2-2-3-3-3-3-3-2	3-2-2-4-4-2-3-4-4-3-4-4	6-4-6-1-3-1-4-4-2-2-2-4	4-4-4-4-1-1-4-4-2-2-2-0	1-4-2-3-5-1-4-4-2-4-4-7	1-1-2-3-4-1-2-1-1-2-1-4	1-1-2-4-4-1-5-4-2-1-4-1	2-2-1-1-1-4-2-1-1-3-4-4	5-3-2-1-1-5-2-7-3-3-1-5	5-1-2-2-4-1-2-2-5-2-5-1	5-1-3-2-5-4-5-5-7-4-3-3	2-1-4-2-5-5-1-5-4-2-2-1
541	4	4-4-4-4-4-4-4-4-3-3-3-3	3-5-5-3-3-3-3-5-3-3-3-3	4-3-3-3-1-7-3-5-5-5-5-5	3-3-3-3-1-1-5-3-5-5-5-3	4-3-4-3-4-5-5-3-2-3-5-2	3-3-2-0-3-1-5-1-4-4-2-4	6-5-6-3-3-4-6-3-4-2-3-6	2-2-3-1-1-3-6-5-1-4-3-3	3-3-4-3-2-6-0-5-5-4-4-4	3-1-4-7-3-6-0-4-3-3-3-1	3-3-4-4-3-3-3-3-3-3-6-2	3-3-3-5-3-2-1-3-3-3-4-2
541	5	5-4-7-7-4-4-5-4-5-5-5-6	6-4-4-6-6-6-6-7-6-6-6-3	5-6-7-6-6-1-6-6-6-6-4-6	6-3-6-6-6-6-4-5-6-6-6-3	5-3-2-6-3-6-6-6-3-5-5-6	5-5-6-5-3-3-6-6-4-2-2-6	4-4-4-5-3-5-3-6-4-7-6-4	5-6-6-6-6-4-7-6-6-5-6-3	3-0-6-6-6-3-6-6-4-4-6-3	3-6-4-6-6-1-6-2-3-3-6-1	3-5-3-2-3-3-3-3-3-6-4-6	2-6-5-6-6-3-6-3-6-3-6-5
541	6	5-7-5-5-4-7-7-7-7-6-5-7	5-4-4-5-6-6-5-5-5-5-5-7	3-5-3-5-5-5-5-5-5-5-6-5	5-6-5-5-5-5-7-5-5-5-5-7	5-3-5-5-6-5-7-5-6-6-5-5	5-5-5-6-6-7-5-5-6-6-2-7	4-4-4-6-7-6-4-7-6-6-5-4	6-5-5-5-5-3-2-5-5-4-5-3	6-6-6-5-5-4-6-5-4-4-5-3	3-5-6-5-5-4-5-6-7-6-5-1	5-6-7-2-2-7-3-2-5-5-4-6	2-5-5-5-6-6-5-3-5-3-5-1
541	7	7-5-5-5-7-6-6-7-6-6-5-6	5-4-7-5-7-7-5-5-7-7-5-6	7-7-7-6-7-7-7-6-7-7-6-7	6-7-7-7-7-7-6-7-7-7-7-6	5-6-7-7-6-6-6-7-7-7-5-5	5-7-7-6-7-6-7-5-7-7-7-6	6-7-7-7-7-7-7-7-7-5-2-7	7-7-5-7-7-7-5-5-5-3-5-3	0-7-7-7-5-7-7-3-7-7-5-0	3-3-7-4-7-1-7-2-6-7-6-7	3-7-6-6-2-6-3-3-3-7-7-7	7-6-6-2-1-7-7-3-3-7-5-1
542	0	0-0-0-0-0-0-0-0-0-0-0-0	0-0-0-0-0-0-0-0-0-0-0-0	0-0-0-0-0-0-0-0-0-0-0-0	0-0-0-0-0-0-0-0-0-0-0-0	0-0-0-0-0-0-0-0-0-0-0-0	0-0-0-0-0-0-0-0-0-0-0-0	0-0-0-0-0-0-0-0-0-0-0-0	0-0-0-0-0-0-0-0-0-0-0-0	0-0-0-0-0-0-0-0-0-0-0-0	0-0-0-0-0-0-0-0-0-0-0-0	0-0-0-0-0-0-0-0-0-0-0-0	0-0-0-0-0-0-0-0-0-0-0-0
542	1	1-1-1-1-1-1-1-1-1-0-1-1	0-2-1-0-0-1-0-1-0-1-0-2	1-0-0-1-0-0-2-2-0-0-2-1	0-0-0-0-0-0-2-0-1-4-2-0	0-0-1-0-0-2-2-0-1-0-0-0	4-0-0-0-0-0-2-0-2-1-4-0	1-2-2-0-0-1-0-0-1-1-0-1	1-1-0-0-0-0-2-2-0-1-0-0	0-0-2-0-1-0-4-1-2-0-0-1	0-0-4-2-0-0-0-1-0-0-0-1	0-0-2-2-1-0-0-0-0-0-1-1	0-0-0-0-0-1-0-0-4-0-4-1
542	2	2-1-2-2-2-1-2-2-2-2-2-1	3-1-1-2-0-2-3-3-3-3-3-1	0-4-3-4-3-0-3-1-0-3-1-3	3-0-3-2-4-3-1-4-3-1-1-3	3-0-4-3-0-3-3-3-1-0-0-3	1-4-3-0-2-3-3-4-1-1-0-4	2-1-1-0-3-2-2-3-1-2-3-3	1-4-4-3-2-0-1-4-2-1-0-0	0-0-1-4-4-3-0-3-1-2-3-3	3-4-0-1-3-2-3-1-3-0-4-4	1-2-1-4-0-2-2-0-0-3-3-1	0-3-2-0-0-0-3-0-2-2-2-2
542	3	3-3-3-3-3-3-3-3-3-3-3-3	2-4-3-2-4-2-2-4-4-2-4-4	4-3-2-3-2-4-4-2-4-2-4-2	2-3-4-2-2-2-6-2-4-3-4-2	2-0-2-2-0-2-4-2-3-3-2-2	2-0-4-0-3-2-4-3-3-3-3-3	2-2-4-5-2-3-4-2-3-3-2-4	3-5-2-2-2-4-7-4-2-4-0-3	3-0-2-2-3-2-7-2-4-3-2-2	2-2-3-3-2-2-2-3-2-4-4-2	1-2-0-3-4-2-0-0-4-2-2-3	0-2-2-4-0-3-2-0-6-4-3-3
542	4	4-3-4-4-3-3-4-4-4-4-4-4	4-3-3-5-5-3-5-3-3-3-5-6	7-5-7-2-4-5-3-1-6-3-3-4	5-4-5-6-2-2-4-2-3-3-3-4	2-4-2-2-6-3-3-4-3-3-4-2	1-2-3-0-6-2-3-2-3-3-1-2	2-1-3-3-5-4-3-5-4-2-2-3	1-2-2-2-2-3-3-2-5-6-4-4	6-6-6-2-2-4-6-6-3-4-2-6	6-2-1-5-6-2-3-3-6-3-5-2	6-2-4-3-6-4-6-6-6-3-4-4	3-2-2-3-4-6-2-6-5-3-1-3
542	5	5-5-6-8-6-6-8-6-6-6-6-8	6-6-6-4-7-6-6-6-6-6-4-6	5-6-6-7-6-7-6-6-6-6-6-7	6-4-6-7-7-6-6-4-6-6-6-4	7-6-6-2-4-5-6-5-6-6-7-5	6-7-6-6-4-6-6-6-6-5-3-5	6-6-5-5-4-6-6-6-5-6-8-5	5-5-5-6-5-6-6-6-4-5-8-8	5-4-8-5-7-7-7-4-7-5-2-7	5-5-6-7-6-6-6-7-4-6-4-2	8-8-7-7-8-8-4-4-8-5-6-6	6-8-7-8-4-7-6-7-4-5-3-8
542	6	6-5-5-7-5-5-5-5-5-5-5-5	5-5-5-8-5-5-5-5-5-5-5-5	6-5-5-5-5-5-7-5-5-5-5-5	7-4-5-4-7-7-5-2-5-5-7-4	8-5-7-7-4-7-7-7-5-5-8-7	5-5-7-6-4-5-5-5-5-5-3-6	5-5-5-4-4-5-5-7-5-5-7-6	5-7-5-7-7-5-8-7-4-4-7-5	4-4-4-7-7-5-4-7-5-6-7-5	8-7-5-5-7-5-5-3-4-4-7-2	4-5-5-5-5-7-4-4-4-5-5-6	5-6-6-7-4-5-5-4-7-2-7-5
542	7	6-5-5-6-5-5-5-5-5-5-5-8	5-5-5-6-5-5-5-6-5-5-5-5	5-7-5-5-6-5-6-5-5-5-7-5	6-7-7-5-6-6-5-6-5-5-6-4	5-5-6-6-7-6-6-6-5-5-5-6	5-5-6-8-4-8-6-5-7-5-3-7	8-5-5-7-8-7-5-6-7-5-6-6	7-6-5-6-6-5-3-6-8-4-6-7	7-4-4-7-6-5-5-6-5-6-6-5	7-7-7-5-7-8-6-5-8-5-6-5	5-5-5-5-8-5-4-4-5-7-5-7	8-8-5-6-7-7-5-5-6-2-6-5
542	8	8-5-5-5-8-5-5-8-5-5-5-7	5-5-8-6-8-5-6-8-8-8-6-7	8-8-8-5-8-5-7-5-5-8-5-8	6-8-8-8-8-8-7-8-5-8-8-4	6-5-8-8-8-8-7-8-8-8-6-6	5-8-8-7-8-5-8-8-8-8-8-8	5-8-8-8-7-8-8-6-8-8-5-5	8-6-8-7-8-7-6-6-7-5-5-5	7-5-8-7-2-8-8-7-8-5-6-3	6-6-8-8-8-7-8-5-8-8-5-8	5-5-5-8-7-5-4-4-5-5-8-7	8-7-8-5-7-8-8-5-8-8-6-5
543	0	0-0-0-0-0-0-0-0-0-0-0-0	0-0-0-0-0-0-0-0-0-0-0-0	0-0-0-0-0-0-0-0-0-0-0-0	0-0-0-0-0-0-0-0-0-0-0-0	0-0-0-0-0-0-0-0-0-0-0-0	0-0-0-0-0-0-0-0-0-0-0-0	0-0-0-0-0-0-0-0-0-0-0-0	0-0-0-0-0-0-0-0-0-0-0-0	0-0-0-0-0-0-0-0-0-0-0-0	0-0-0-0-0-0-0-0-0-0-0-0	0-0-0-0-0-0-0-0-0-0-0-0	0-0-0-0-0-0-0-0-0-0-0-0
543	1	1-1-1-1-1-1-1-1-1-1-1-1	1-1-0-1-0-1-1-0-1-1-0-2	2-1-2-0-0-2-2-2-0-0-3-0	2-1-2-2-1-0-2-0-0-0-1-1	0-1-1-1-2-0-2-2-0-1-0-1	2-0-0-1-0-0-2-1-0-0-0-2	0-0-0-1-2-1-0-0-0-1-1-0	1-1-0-0-0-2-0-0-1-2-2-0	2-2-2-0-0-0-2-2-0-1-1-0	0-2-0-0-0-1-0-0-2-2-1-1	0-0-4-0-1-1-2-1-1-1-0-1	1-0-1-1-1-1-1-1-1-0-1-1
543	2	2-3-2-3-2-2-2-2-2-2-2-2	2-3-0-3-0-1-3-3-3-3-3-3	1-3-1-4-3-1-3-1-4-3-1-3	3-3-3-3-3-3-1-6-3-1-3-1	2-0-2-3-1-3-3-3-1-1-2-3	3-7-3-5-2-4-3-3-0-2-0-1	3-4-3-1-3-2-3-3-2-2-3-3	2-2-2-3-2-1-0-1-2-1-1-0	1-1-1-3-4-2-1-4-3-1-3-3	3-1-0-3-3-4-3-0-3-1-3-4	2-3-6-0-3-2-1-1-6-2-3-4	2-3-3-1-3-2-3-1-4-0-2-4
543	3	2-6-2-2-2-3-3-3-3-3-3-2	2-4-4-2-3-4-2-4-2-2-2-2	1-2-2-3-4-2-4-2-2-2-4-2	2-1-2-2-2-2-4-2-4-4-4-1	2-3-1-4-3-2-4-2-4-2-0-2	2-1-2-2-3-2-4-2-3-3-5-2	2-2-2-1-2-3-4-2-3-4-2-4	3-2-2-2-2-1-5-3-3-3-1-3	4-1-2-2-3-3-1-1-6-3-2-2	2-4-3-2-2-2-4-6-2-4-2-2	2-2-3-5-2-2-3-1-3-2-2-3	5-2-2-4-2-2-2-3-0-2-3-2
543	4	5-4-4-4-4-4-5-3-4-4-5-7	4-3-3-4-4-5-4-3-5-5-5-5	4-5-5-2-3-5-3-5-5-5-3-4	5-4-5-5-2-5-5-1-3-3-3-1	2-7-1-5-5-3-5-4-3-4-2-4	2-1-3-4-6-2-3-4-3-0-3-2	2-2-2-5-5-4-3-5-4-3-4-3	5-2-4-3-2-5-3-3-5-4-4-5	5-4-5-2-2-4-4-2-5-4-2-4	5-7-4-5-3-2-3-3-5-3-5-2	5-2-1-3-4-5-5-5-5-2-3-4	4-2-4-3-5-2-2-5-2-5-2-2
543	5	6-4-4-7-4-4-4-6-7-5-6-6	5-3-3-6-6-4-4-6-6-4-4-4	6-6-6-6-6-4-6-4-4-6-6-6	4-4-4-6-6-6-4-6-6-0-6-4	6-4-6-6-4-5-6-6-3-5-7-6	6-0-6-2-4-5-6-2-3-5-3-6	7-6-3-4-4-5-3-7-5-7-6-5	4-5-4-6-6-4-3-6-4-4-6-4	4-4-4-6-6-5-4-7-4-6-5-3	4-6-3-7-4-6-6-3-4-4-4-5	4-6-5-3-4-4-4-4-4-5-2-5	3-6-5-1-4-5-2-4-6-6-6-6
543	6	5-7-5-5-6-7-7-5-7-5-5-5	5-3-3-5-5-7-5-5-5-6-4-5	5-5-5-5-5-6-5-5-5-5-5-5	5-6-6-5-5-5-7-5-5-6-5-5	5-4-5-5-6-6-5-5-6-6-5-5	5-6-5-5-4-5-5-5-6-6-0-6	7-5-3-7-7-6-3-5-6-5-5-7	6-5-2-5-5-7-3-5-7-4-5-7	6-4-6-5-5-0-6-7-3-5-5-0	5-5-6-3-6-5-5-3-4-4-6-5	5-6-6-0-7-7-4-4-5-6-6-6	7-6-6-6-6-6-2-4-5-5-5-5
543	7	7-6-4-5-7-6-6-7-6-5-5-4	5-7-7-5-7-6-5-7-7-7-5-5	7-7-7-2-7-7-5-7-6-7-7-7	7-7-7-7-7-7-6-7-7-7-7-5	5-4-7-7-7-7-6-7-7-7-5-7	6-7-5-5-7-7-7-7-7-7-7-7	5-7-7-6-6-7-7-5-7-5-5-6	7-6-7-6-7-6-7-5-6-1-6-6	6-4-6-6-5-7-7-6-7-7-5-5	5-7-7-7-7-5-7-6-7-7-4-7	4-2-7-3-6-6-4-4-7-6-7-7	7-6-6-0-5-7-7-4-7-7-5-7
544	0	0-0-0-0-0-0-0-0-0-0-0-0	0-0-0-0-0-0-0-0-0-0-0-0	0-0-0-0-0-0-0-0-0-0-0-0	0-0-0-0-0-0-0-0-0-0-0-0	0-0-0-0-0-0-0-0-0-0-0-0	0-0-0-0-0-0-0-0-0-0-0-0	0-0-0-0-0-0-0-0-0-0-0-0	0-0-0-0-0-0-0-0-0-0-0-0	0-0-0-0-0-0-0-0-0-0-0-0	0-0-0-0-0-0-0-0-0-0-0-0	0-0-0-0-0-0-0-0-0-0-0-0	0-0-0-0-0-0-0-0-0-0-0-0
544	1	1-1-1-1-1-1-1-1-1-1-1-1	1-1-1-2-0-2-2-1-2-2-2-2	1-0-2-3-2-1-2-2-2-2-1-1	2-0-2-2-2-2-2-2-1-0-2-1	2-1-2-2-2-1-2-2-1-1-2-2	2-2-2-2-0-2-2-2-1-1-0-2	2-2-1-0-2-0-1-2-1-1-2-2	1-3-3-2-2-3-0-2-2-1-0-1	1-0-2-2-3-1-0-2-0-2-2-2	0-2-1-0-2-3-2-1-2-0-0-3	0-3-0-3-0-1-1-0-0-2-2-1	0-2-1-2-0-2-2-0-3-0-3-3
544	2	1-2-1-2-2-2-1-2-1-1-1-2	1-4-2-1-0-1-1-1-1-1-1-1	3-2-1-1-1-1-3-1-1-3-3-2	1-0-1-1-1-1-1-1-3-4-3-2	1-0-1-1-1-3-3-1-2-2-1-1	1-1-1-1-2-1-3-1-3-2-4-1	1-1-2-2-1-1-4-1-2-2-1-1	2-1-1-1-1-3-4-1-1-2-1-2	2-0-3-1-2-1-2-1-3-6-1-3	0-1-2-3-1-0-1-4-1-3-2-1	2-4-0-4-0-5-0-2-0-1-1-2	5-1-1-3-0-1-1-2-4-1-1-1
544	3	3-1-1-6-1-4-3-3-1-1-1-1	3-2-2-1-5-4-4-5-5-1-4-4	4-3-4-4-3-1-2-5-1-3-2-3	4-3-4-4-1-1-4-1-2-2-2-3	1-6-1-5-4-2-4-3-3-6-1-1	1-1-2-3-2-4-2-1-2-2-2-4	6-1-2-2-4-4-2-4-4-2-4-2	2-1-4-1-1-4-2-2-3-3-4-3	4-4-2-2-1-4-4-4-2-3-1-2	4-4-3-2-4-1-2-2-4-4-4-1	4-1-3-1-4-4-4-4-4-4-3-5	4-1-3-2-4-1-3-4-4-4-1-1
544	4	5-4-5-5-2-4-6-4-5-4-4-1	3-2-2-5-5-3-3-3-5-1-5-3	3-5-3-5-5-6-5-3-5-5-3-4	5-3-3-3-5-5-3-4-5-2-5-4	6-3-6-4-5-4-5-5-4-4-6-5	5-6-5-3-2-3-5-5-4-4-2-3	4-1-2-3-3-3-2-5-3-2-3-4	3-4-3-5-5-3-2-5-5-3-5-3	3-3-3-5-5-5-3-3-2-2-5-2	3-3-2-5-5-5-1-2-3-3-3-4	3-5-3-2-6-3-3-3-3-3-4-3	3-5-3-5-3-3-4-3-5-5-5-4
544	5	4-6-4-4-5-6-4-4-6-5-4-6	3-2-2-4-4-6-3-3-4-5-4-4	3-4-4-4-4-5-4-3-6-4-5-4	4-5-5-4-4-4-6-4-4-5-4-3	4-3-4-3-5-4-6-5-5-5-6-4	4-2-4-6-5-6-4-4-5-5-2-6	4-1-2-5-5-5-2-4-5-2-4-5	5-5-4-4-4-5-2-4-4-3-4-5	5-3-6-4-4-5-5-5-2-4-4-3	3-4-2-4-4-4-2-2-6-3-3-4	4-4-5-2-6-2-3-3-4-6-5-3	6-6-4-4-5-2-4-3-4-4-4-1
544	6	6-5-4-4-6-6-4-6-5-3-5-5	3-6-6-4-6-6-4-6-5-6-4-4	6-6-6-5-6-6-5-5-5-6-6-6	5-6-6-6-6-6-5-6-5-6-4-3	4-3-6-6-5-6-5-6-6-6-4-6	5-6-6-5-6-5-6-6-6-6-6-5	4-6-6-6-5-6-6-4-6-6-3-6	6-6-1-5-6-5-4-4-4-6-5-3	3-3-6-5-4-6-6-3-6-2-4-4	5-3-6-6-6-5-6-5-5-6-3-6	3-4-6-6-4-3-3-3-3-5-6-6	5-5-3-2-0-6-6-3-6-6-4-1
545	0	0-0-0-0-0-0-0-0-0-0-0-0	0-0-0-0-0-0-0-0-0-0-0-0	0-0-0-0-0-0-0-0-0-0-0-0	0-0-0-0-0-0-0-0-0-0-0-0	0-0-0-0-0-0-0-0-0-0-0-0	0-0-0-0-0-0-0-0-0-0-0-0	0-0-0-0-0-0-0-0-0-0-0-0	0-0-0-0-0-0-0-0-0-0-0-0	0-0-0-0-0-0-0-0-0-0-0-0	0-0-0-0-0-0-0-0-0-0-0-0	0-0-0-0-0-0-0-0-0-0-0-0	0-0-0-0-0-0-0-0-0-0-0-0
545	1	1-1-1-1-1-1-1-1-1-1-1-1	1-1-0-1-0-0-0-2-0-1-0-0	2-1-0-0-4-0-2-0-0-2-0-2	2-0-0-2-2-2-0-1-1-4-1-0	1-0-1-0-2-2-2-2-1-1-2-4	2-2-2-0-0-2-2-4-1-1-0-1	1-1-1-0-2-0-1-0-1-1-0-2	1-1-1-2-7-0-1-7-1-1-0-0	0-0-2-2-7-0-0-2-0-1-1-1	0-4-1-0-2-1-2-1-2-0-0-1	0-1-2-3-0-1-0-0-0-2-1-0	0-1-1-0-3-3-1-0-2-1-1-1
545	2	2-2-2-2-2-2-2-2-2-2-2-2	1-3-2-1-4-2-0-2-2-1-1-2	1-1-3-1-3-1-1-4-0-3-0-3	1-3-2-1-1-1-0-1-1-2-3-2	2-0-2-2-3-1-1-1-3-2-1-1	1-3-4-0-3-1-3-0-2-2-6-1	3-1-2-4-1-2-4-1-2-1-3-1	2-2-1-1-2-3-6-3-2-2-0-3	3-0-1-1-2-2-3-1-0-2-1-2	3-1-2-3-1-1-1-2-1-3-3-1	3-1-1-5-6-3-3-2-0-1-1-2	0-1-3-3-3-2-3-3-1-2-5-2
545	3	4-3-4-3-2-3-4-3-4-3-3-4	4-2-2-4-4-4-4-3-4-4-4-4	3-4-4-5-2-3-4-3-4-2-4-3	4-3-5-6-3-4-5-3-3-3-2-5	3-4-3-6-2-2-4-4-2-3-4-3	3-4-5-4-5-5-2-5-2-3-2-3	6-3-4-5-4-3-1-4-3-3-5-2	5-3-5-2-3-4-3-2-3-3-3-4	4-3-3-2-3-4-5-2-5-3-3-6	3-3-3-2-4-1-3-1-2-4-5-2	2-1-5-1-5-2-5-5-4-5-2-5	5-7-4-5-5-4-3-4-5-4-4-3
545	4	3-5-3-3-4-3-3-4-3-3-3-3	3-5-6-3-3-3-3-3-3-3-3-3	3-3-3-3-1-3-3-3-3-3-5-4	3-3-3-3-1-3-3-1-5-6-5-3	1-3-1-1-3-1-5-3-4-4-3-1	3-5-5-3-3-3-5-6-5-4-2-4	5-5-3-2-3-4-2-3-4-3-1-6	4-1-1-4-4-3-3-5-4-4-4-3	3-4-6-4-4-3-6-5-3-4-4-4	3-1-4-7-2-1-6-3-4-3-4-1	1-5-3-2-7-3-3-3-3-3-6-3	3-1-3-6-3-3-4-3-3-3-3-3
545	5	5-7-7-6-5-3-6-5-5-3-5-5	3-4-4-6-6-3-7-6-3-3-6-3	6-6-7-5-6-3-6-3-6-6-4-6	6-5-3-5-6-6-3-5-6-4-6-3	6-3-7-5-3-5-6-5-5-5-6-6	2-4-6-3-3-3-4-6-4-2-3-6	4-4-2-3-4-5-4-6-5-5-6-5	3-6-3-6-6-3-7-6-4-5-6-3	3-4-4-5-6-3-3-4-3-6-6-7	7-6-4-3-6-5-5-2-5-3-3-1	6-4-3-2-3-6-3-3-3-3-4-3	3-5-5-3-3-3-5-3-3-5-2-3
545	6	5-7-5-5-4-7-5-5-7-5-5-7	3-4-4-5-5-3-5-5-5-3-5-5	5-5-3-5-5-6-5-7-5-5-5-5	5-6-6-5-5-5-7-5-5-4-5-7	5-3-7-3-6-5-7-6-6-6-5-5	7-3-5-3-6-7-5-4-6-6-2-5	7-1-2-6-7-6-5-5-6-5-5-4	4-5-1-5-5-6-2-5-6-4-5-6	6-6-4-6-5-3-6-6-3-5-5-3	7-5-6-2-5-5-5-2-6-3-6-1	5-6-5-2-7-7-6-3-3-6-4-3	4-5-6-4-6-6-5-3-5-5-7-5
545	7	7-5-5-5-7-7-6-7-5-3-3-6	3-4-7-5-7-7-5-5-6-7-5-5	7-6-7-5-7-6-6-6-6-7-7-7	5-7-7-7-7-7-6-7-6-7-5-6	5-3-7-7-7-7-6-7-7-7-5-5	6-7-7-7-7-7-7-7-7-7-2-7	6-7-7-7-6-7-7-7-7-5-6-7	7-5-5-6-7-6-5-5-6-4-4-3	3-7-7-6-5-7-7-6-7-5-5-5	6-7-7-7-7-5-7-6-6-7-4-7	5-5-7-7-4-6-7-3-3-3-7-3	3-6-7-3-5-7-7-3-5-7-6-7
546	0	0-0-0-0-0-0-0-0-0-0-0-0	0-0-0-0-0-0-0-0-0-0-0-0	0-0-0-0-0-0-0-0-0-0-0-0	0-0-0-0-0-0-0-0-0-0-0-0	0-0-0-0-0-0-0-0-0-0-0-0	0-0-0-0-0-0-0-0-0-0-0-0	0-0-0-0-0-0-0-0-0-0-0-0	0-0-0-0-0-0-0-0-0-0-0-0	0-0-0-0-0-0-0-0-0-0-0-0	0-0-0-0-0-0-0-0-0-0-0-0	0-0-0-0-0-0-0-0-0-0-0-0	0-0-0-0-0-0-0-0-0-0-0-0
546	1	1-1-1-1-1-1-1-1-1-1-1-1	0-2-1-0-0-1-0-2-0-1-0-2	1-0-0-0-0-0-2-2-0-2-2-0	0-0-2-0-0-0-0-0-2-2-2-1	0-0-1-0-0-2-2-0-1-0-1-1	4-0-0-0-0-0-2-0-1-1-4-0	0-1-1-1-0-1-0-3-1-1-4-1	1-1-0-2-1-0-1-2-0-1-0-0	1-3-0-0-1-1-0-2-2-1-1-2	0-0-1-0-1-0-3-1-0-0-0-1	4-0-0-0-1-0-0-0-0-0-1-1	0-1-0-1-0-0-0-0-0-0-0-1
546	2	2-2-2-2-1-2-2-2-2-2-2-2	2-1-1-3-4-3-0-1-3-2-3-1	1-3-0-6-3-3-3-4-4-4-1-3	3-3-3-4-3-3-4-2-3-1-1-0	3-0-2-3-0-1-3-3-2-2-9-2	3-1-3-0-0-4-3-3-1-2-1-4	3-8-1-0-3-0-2-1-4-1-1-3	1-2-4-3-4-3-2-9-9-1-2-0	2-0-3-4-4-7-0-3-1-2-4-2	0-3-1-3-4-2-1-4-3-0-0-2	0-2-0-0-3-3-1-0-0-2-3-1	0-3-2-3-4-2-4-0-2-3-3-4
546	3	2-3-3-3-3-3-3-3-3-3-3-4	2-4-3-2-2-4-0-4-2-4-4-4	4-2-3-2-2-2-4-2-4-2-4-4	2-2-2-2-2-2-6-2-4-6-4-3	2-0-2-2-0-3-4-2-4-3-1-2	2-2-4-3-3-2-4-2-3-3-3-3	2-2-3-4-2-3-4-1-3-3-5-2	3-2-2-2-2-2-2-0-3-3-0-0	1-1-2-2-3-2-3-2-4-4-2-3	4-2-3-2-2-2-4-3-2-4-3-2	4-2-9-4-2-4-1-0-2-2-2-1	0-2-2-2-5-4-2-0-8-2-2-2
546	4	4-5-4-5-4-3-4-5-4-4-5-5	4-3-3-2-2-3-5-5-5-3-5-3	8-5-6-2-3-2-3-5-3-2-3-3	5-6-5-2-2-5-4-5-3-3-3-8	2-7-3-2-6-3-3-3-3-3-4-9	1-5-3-4-4-2-3-2-1-4-1-2	9-2-2-3-5-4-3-5-2-4-1-2	3-2-7-2-2-6-1-2-2-4-5-7	7-6-5-2-2-5-6-7-3-4-2-3	7-2-2-5-2-2-3-2-6-6-6-2	6-2-4-3-4-3-6-7-6-2-4-4	4-2-7-1-6-3-2-8-7-6-2-2
546	5	7-6-6-4-6-6-6-7-7-5-6-4	7-6-6-2-8-6-4-7-6-6-4-6	5-6-7-7-6-5-6-6-6-6-6-6	6-5-6-7-2-4-6-8-6-6-5-4	8-4-5-7-4-5-6-5-6-6-8-8	5-8-3-4-6-7-5-6-6-5-3-5	8-7-5-5-4-5-3-6-6-8-9-8	6-5-2-5-5-6-8-8-6-5-4-4	5-4-4-5-6-8-5-4-8-5-2-3	4-5-5-4-5-6-6-5-4-7-4-2	4-8-8-5-8-9-4-5-4-5-8-5	9-9-5-9-8-5-5-0-4-7-5-9
546	6	5-5-5-5-5-5-5-5-5-5-5-5	5-5-5-7-5-5-8-5-5-5-7-5	5-7-8-5-8-5-7-5-5-5-5-5	7-4-5-5-7-7-5-6-5-5-7-4	5-4-6-6-4-6-7-7-5-5-5-6	7-7-7-8-5-2-7-5-5-5-8-8	3-5-5-7-7-6-7-7-5-5-8-6	5-6-4-6-7-5-5-5-6-5-8-4	4-4-7-7-8-5-4-4-5-5-6-4	4-6-6-7-7-5-7-6-7-4-4-2	4-6-4-5-5-6-4-4-4-6-7-6	5-7-6-6-8-5-7-4-8-4-6-5
546	7	5-8-5-6-5-5-5-5-5-5-5-5	5-8-7-6-5-5-6-8-5-5-6-6	5-6-5-5-6-5-8-8-5-5-8-6	6-4-6-5-6-6-8-5-8-5-6-4	5-4-6-5-4-8-8-6-7-7-5-6	6-6-8-6-7-5-6-7-7-7-8-7	5-5-5-6-6-6-8-6-7-5-6-6	5-8-4-6-6-4-5-5-6-5-6-4	4-4-6-6-7-4-8-4-5-5-6-5	4-6-7-6-8-8-6-5-6-5-4-2	4-6-5-9-5-6-4-4-4-6-6-6	8-6-4-6-4-0-6-4-4-5-6-5
546	8	5-7-5-6-5-5-5-5-5-5-5-9	5-7-7-6-5-5-6-7-9-5-6-9	4-8-6-5-6-5-7-7-9-8-7-7	6-8-8-5-6-6-7-5-7-5-7-4	5-4-5-8-5-7-7-6-7-8-5-8	5-5-7-6-8-9-7-5-8-7-3-6	9-2-5-6-9-8-7-9-5-5-6-6	5-7-4-7-6-8-9-5-8-4-6-4	8-4-6-8-6-5-7-8-5-5-7-5	9-6-8-5-7-7-7-3-9-5-6-2	7-5-5-5-5-9-4-6-6-8-5-8	7-2-8-6-6-8-8-4-3-4-6-2
546	9	9-7-6-6-9-5-5-9-5-5-5-8	5-7-9-6-9-5-6-9-9-9-6-8	9-9-9-5-9-5-8-8-8-9-5-9	8-9-9-9-9-9-8-9-8-9-9-4	5-4-9-9-9-9-8-9-9-9-5-9	8-9-9-6-9-8-9-9-9-9-3-9	8-9-9-9-8-7-3-9-9-9-8-6	9-7-9-8-9-9-8-2-8-5-5-5	8-9-9-9-2-9-9-8-9-5-7-3	8-4-9-9-9-2-9-3-8-9-5-9	4-5-5-7-5-5-4-4-4-8-9-9	9-5-8-5-5-9-9-4-9-9-6-5
547	0	0-0-0-0-0-0-0-0-0-0-0-0	0-0-0-0-0-0-0-0-0-0-0-0	0-0-0-0-0-0-0-0-0-0-0-0	0-0-0-0-0-0-0-0-0-0-0-0	0-0-0-0-0-0-0-0-0-0-0-0	0-0-0-0-0-0-0-0-0-0-0-0	0-0-0-0-0-0-0-0-0-0-0-0	0-0-0-0-0-0-0-0-0-0-0-0	0-0-0-0-0-0-0-0-0-0-0-0	0-0-0-0-0-0-0-0-0-0-0-0	0-0-0-0-0-0-0-0-0-0-0-0	0-0-0-0-0-0-0-0-0-0-0-0
547	1	1-2-1-1-1-1-1-0-1-1-1-1	1-0-0-1-0-1-1-0-0-0-0-0	1-2-2-0-1-2-2-2-0-0-3-1	2-4-2-1-1-2-0-1-0-2-0-4	0-2-3-0-2-0-2-2-2-0-0-1	0-0-0-1-0-1-0-1-0-0-0-2	0-0-0-1-0-0-0-0-0-1-1-2	1-0-3-0-1-2-0-0-1-1-2-1	1-2-2-0-3-0-2-1-0-1-1-2	3-1-1-2-0-0-0-0-1-2-3-0	4-0-1-0-1-1-2-4-6-1-0-1	1-1-1-1-1-1-1-1-1-1-1-0
547	2	1-1-2-1-2-2-2-2-2-2-2-2	3-0-0-4-0-1-3-3-3-2-3-3	1-4-1-4-3-1-1-1-0-3-2-3	3-1-1-3-3-4-3-4-3-1-3-1	4-1-9-3-1-2-3-3-1-4-3-3	4-3-3-2-2-4-3-3-0-2-0-4	2-4-0-1-3-0-2-3-2-2-0-3	0-6-8-3-3-1-3-9-2-1-1-0	2-1-3-3-9-3-1-3-0-2-6-2	1-3-0-1-3-4-4-0-3-1-0-2	2-5-1-0-9-2-1-1-8-2-4-2	1-3-1-1-1-2-3-1-2-2-2-5
547	3	3-3-3-3-3-3-3-3-3-2-3-3	2-5-3-2-0-1-2-4-4-3-2-4	1-5-1-2-2-2-4-6-6-2-4-2	2-1-3-2-2-2-2-2-2-5-5-1	2-1-1-3-3-4-4-2-3-3-2-2	2-2-4-2-3-2-2-2-3-3-7-3	4-2-3-1-2-4-2-2-5-4-4-2	3-2-1-4-2-1-4-0-2-3-5-3	4-1-2-2-1-2-5-2-4-3-3-4	1-2-0-4-2-0-4-4-2-2-5-2	3-0-4-3-1-2-3-1-1-2-2-2	3-2-1-1-1-2-2-5-2-2-3-2
547	4	4-3-2-4-3-4-3-4-4-4-5-4	2-3-3-2-6-4-2-5-3-3-5-3	1-2-5-2-7-1-3-6-3-5-3-7	5-5-5-6-2-2-3-2-5-8-2-1	2-1-1-6-6-3-5-4-5-2-6-2	2-4-3-9-4-2-5-2-4-4-0-3	3-2-4-1-5-3-7-5-4-3-3-6	4-2-2-3-2-5-3-0-2-8-5-4	3-1-5-2-4-6-1-5-8-8-3-7	1-4-0-5-8-2-2-3-5-1-3-2	1-6-5-4-5-4-3-1-1-4-5-4	1-4-1-1-1-4-2-1-1-7-3-2
547	5	5-7-5-4-3-4-5-3-6-6-4-4	5-3-3-2-4-6-6-4-6-3-6-7	8-6-7-2-4-7-6-7-7-4-6-4	6-4-6-3-2-6-2-4-4-4-3-1	2-8-1-5-7-3-6-6-4-6-8-6	6-6-2-7-4-7-4-6-4-3-0-7	3-2-4-7-6-5-4-4-3-2-6-3	0-2-2-4-2-7-4-6-2-7-6-7	5-6-6-6-4-4-6-7-3-5-2-5	6-7-5-4-6-6-0-3-6-7-3-5	7-2-6-4-6-5-7-1-7-7-4-5	3-4-3-1-7-7-2-7-7-6-0-2
547	6	6-6-7-6-6-6-6-6-5-5-6-7	5-7-7-2-6-5-5-6-7-8-5-5	1-5-5-4-4-5-7-9-5-4-7-4	5-5-7-4-2-5-7-2-7-4-6-1	2-8-2-4-5-7-7-5-6-5-4-5	5-4-4-8-4-5-7-5-6-6-3-5	5-6-7-1-5-6-6-4-6-6-5-6	6-2-2-4-2-5-7-5-2-6-5-5	5-5-5-5-6-4-5-5-9-5-2-3	5-5-0-7-5-5-2-6-5-5-1-2	1-6-9-3-8-9-5-1-1-5-4-2	8-4-4-1-8-5-2-5-5-8-3-2
547	7	8-6-9-8-6-6-8-7-7-8-7-8	5-6-6-8-8-5-8-9-6-6-5-5	1-8-5-8-8-5-8-8-8-8-6-4	8-4-6-8-8-8-6-8-6-4-8-1	8-1-8-8-5-6-8-8-4-7-5-8	2-4-8-5-7-5-6-2-6-7-3-5	3-7-6-5-5-7-4-6-6-3-8-7	0-8-2-7-7-5-9-8-9-5-8-5	5-5-5-8-8-4-5-5-6-4-8-4	7-5-9-6-8-8-0-4-5-5-8-7	5-8-6-4-4-5-5-1-5-5-6-5	6-8-7-1-5-5-2-5-5-4-3-2
547	8	7-9-7-7-6-9-7-9-9-7-7-7	7-6-6-7-7-9-7-7-9-6-9-9	5-7-7-7-7-8-7-7-9-7-7-7	7-8-8-7-7-7-9-7-7-4-7-1	7-6-7-7-8-7-7-7-8-8-5-7	9-6-7-6-8-5-7-8-8-8-3-8	9-7-6-9-6-8-4-0-8-6-7-6	0-7-2-7-7-5-6-7-7-4-7-5	8-5-8-7-7-0-8-5-4-4-7-4	8-7-8-6-7-7-0-4-5-5-7-8	7-7-6-4-6-5-5-1-8-2-8-8	6-7-1-8-8-5-2-5-6-6-3-2
547	9	9-8-7-7-9-8-8-9-8-8-7-9	7-6-9-7-9-8-7-7-9-9-8-9	9-9-9-9-9-9-8-6-8-9-9-9	9-9-9-9-9-9-8-9-7-9-9-1	7-9-7-9-9-9-8-9-9-9-7-9	9-9-9-7-9-9-9-9-9-9-9-9	8-9-9-8-9-9-9-9-9-9-9-9	9-9-7-8-9-5-7-7-7-6-8-9	8-5-9-9-7-9-9-5-4-3-7-8	8-9-9-9-9-7-9-6-8-9-9-9	7-9-6-9-2-6-5-1-9-5-9-9	8-4-4-1-3-9-9-5-9-9-7-9
548	0	0-0-0-0-0-0-0-0-0-0-0-0	0-0-0-0-0-0-0-0-0-0-0-0	0-0-0-0-0-0-0-0-0-0-0-0	0-0-0-0-0-0-0-0-0-0-0-0	0-0-0-0-0-0-0-0-0-0-0-0	0-0-0-0-0-0-0-0-0-0-0-0	0-0-0-0-0-0-0-0-0-0-0-0	0-0-0-0-0-0-0-0-0-0-0-0	0-0-0-0-0-0-0-0-0-0-0-0	0-0-0-0-0-0-0-0-0-0-0-0	0-0-0-0-0-0-0-0-0-0-0-0	0-0-0-0-0-0-0-0-0-0-0-0
548	1	1-0-1-1-1-1-1-0-1-1-1-1	1-2-0-2-0-2-1-0-2-1-2-2	2-2-3-3-2-3-2-3-2-1-2-2	2-2-2-3-2-2-0-1-2-0-0-5	0-9-1-0-1-0-2-2-1-2-1-2	2-2-0-2-3-1-0-2-0-0-0-3	0-0-0-5-2-0-0-2-0-0-0-0	0-0-0-2-0-0-0-0-0-1-3-3	0-5-2-2-1-2-0-2-2-1-0-0	0-1-1-2-0-0-2-1-2-5-0-0	0-0-1-1-2-1-2-1-2-2-2-1	1-2-1-2-0-1-0-3-1-1-1-1
548	2	2-2-2-2-2-2-2-2-2-2-2-2	1-3-3-1-0-1-1-3-1-2-1-1	1-1-1-1-1-1-3-4-1-2-3-1	1-1-1-1-1-1-0-1-3-3-3-1	0-2-1-0-1-2-3-1-3-1-2-1	1-1-0-1-1-1-3-1-0-2-0-2	0-4-3-1-1-0-0-5-2-7-6-1	0-0-1-1-2-2-3-0-0-3-6-1	0-1-1-1-2-1-6-1-1-3-3-5	0-0-0-1-1-0-1-2-1-0-0-0	3-2-4-2-3-3-1-3-1-1-4-2	3-3-1-1-3-2-0-2-1-7-6-2
548	3	3-2-2-2-2-2-3-2-3-3-3-3	4-2-2-4-0-4-5-2-4-2-4-4	1-4-1-8-4-1-4-5-1-5-4-4	5-1-4-5-5-5-4-5-4-2-2-2	7-2-5-4-1-4-4-4-2-1-5-1	4-1-4-3-1-5-4-1-6-2-0-5	4-7-2-2-4-3-4-4-0-3-4-5	3-6-4-4-4-3-2-10-7-1-1-1	6-1-4-4-6-4-2-1-3-2-4-3	4-4-0-0-4-6-5-2-4-4-0-6	7-6-3-3-2-5-1-4-4-4-5-3	2-5-3-4-4-3-4-5-4-2-2-3
548	4	4-4-4-4-4-4-4-4-4-3-4-3	3-5-4-3-5-5-3-5-3-5-3-3	5-3-5-3-3-3-5-6-5-3-5-3	3-1-3-3-3-3-5-3-5-4-5-1	4-1-3-3-1-3-5-3-4-4-1-1	3-4-5-3-4-3-3-4-0-4-9-4	6-6-4-1-3-4-10-3-0-6-3-3	4-6-3-5-3-3-5-0-3-6-6-3	4-1-5-3-10-6-10-3-5-4-3-5	3-3-4-4-3-3-5-4-5-3-4-5	5-5-2-8-9-1-1-4-3-3-5-2	2-3-1-5-3-3-5-3-3-6-8-5
548	5	5-5-5-5-6-6-5-5-5-3-5-3	3-8-5-3-6-4-3-6-3-4-3-6	7-5-4-3-3-3-6-7-4-3-6-6	3-6-6-3-3-3-4-3-6-6-6-1	5-1-3-3-5-4-6-5-6-1-3-1	1-1-4-3-5-3-6-3-5-5-4-3	7-4-5-1-6-3-6-6-5-2-7-3	5-3-3-4-6-3-4-5-3-6-1-1	5-1-6-3-5-7-5-1-9-9-3-4	3-5-7-6-4-3-7-6-4-1-6-4	7-3-10-5-5-3-1-5-6-4-4-2	1-3-1-4-3-3-4-3-1-6-5-4
548	6	7-5-5-5-5-5-5-8-7-7-5-7	7-5-5-3-5-7-7-5-3-5-7-7	9-7-7-7-5-7-5-7-8-8-5-5	8-8-5-7-3-8-7-3-5-5-5-8	3-8-9-7-8-2-7-7-5-7-8-7	7-7-4-6-6-7-5-7-3-5-2-6	10-4-5-1-7-8-5-5-0-10-3-7	5-3-8-7-7-7-4-7-3-6-10-8	6-7-7-7-3-4-8-7-4-7-6-6	7-6-6-7-7-3-7-5-7-7-5-6	8-3-2-4-4-10-9-9-3-7-7-6	2-6-6-6-6-6-7-6-6-5-4-7
548	7	7-9-7-10-8-7-7-5-7-7-5-6	6-5-8-3-5-6-6-8-8-5-6-6	6-6-6-6-7-6-8-5-10-6-8-5	6-7-6-6-6-6-8-3-8-9-8-6	9-6-6-6-6-8-8-6-8-6-6-6	6-6-4-6-6-6-8-6-7-7-5-8	5-8-8-1-6-7-8-6-7-7-5-6	7-3-3-6-6-6-8-6-3-7-6-6	7-6-6-6-8-8-7-6-8-6-3-7	6-6-5-6-6-3-6-5-6-6-5-6	3-8-9-8-10-7-1-5-8-6-6-6	9-6-6-6-8-9-6-9-3-8-7-8
548	8	10-8-10-10-7-9-10-9-10-8-9-9	6-5-7-9-9-6-9-9-9-9-9-9	6-6-9-9-9-9-9-9-9-9-7-9	9-6-6-8-9-9-7-8-9-8-9-6	9-6-9-6-6-9-9-9-8-8-6-9	9-6-9-8-6-6-9-9-7-7-0-9	9-7-7-8-9-8-7-9-7-10-9-9	7-9-6-9-8-6-7-9-10-6-9-6	8-6-6-9-9-8-6-10-7-7-9-7	6-9-6-9-9-9-9-5-6-6-9-9	9-7-7-7-4-8-1-5-7-9-8-6	7-9-6-8-9-7-8-6-8-7-4-7
548	9	8-10-8-8-8-10-10-8-10-8-8-10	6-7-7-8-8-9-8-8-8-8-8-10	6-8-8-8-8-8-8-8-8-8-8-8	8-6-8-8-8-8-10-6-8-7-8-10	8-6-8-6-6-8-8-8-9-9-6-8	8-10-8-9-5-3-8-8-9-9-4-8	8-8-7-1-8-9-9-8-9-7-8-8	9-8-6-8-8-6-4-8-3-7-8-9	9-9-6-8-8-9-8-6-5-7-8-7	3-8-6-8-8-8-8-4-6-6-8-8	8-9-7-7-4-6-6-6-7-8-6-9	7-8-10-8-9-7-8-6-4-7-8-7
548	10	10-9-8-8-10-9-9-10-9-8-8-9	9-10-10-8-10-10-9-10-10-10-8-9	10-10-10-8-10-8-10-9-7-10-7-10	9-10-10-10-10-10-9-10-10-10-10-9	8-8-10-10-10-10-9-10-10-10-9-10	10-10-10-8-10-6-10-8-10-10-10-9	8-10-10-5-9-10-10-8-10-8-8-8	10-10-10-10-10-10-10-8-8-6-6-9	8-6-6-10-8-10-4-8-5-10-8-0	6-10-5-10-10-10-10-5-6-10-10-10	10-7-5-5-7-6-9-5-10-6-10-10	8-9-6-6-9-10-10-10-10-10-10-10
549	0	0-0-0-0-0-0-0-0-0-0-0-0	0-0-0-0-0-0-0-0-0-0-0-0	0-0-0-0-0-0-0-0-0-0-0-0	0-0-0-0-0-0-0-0-0-0-0-0	0-0-0-0-0-0-0-0-0-0-0-0	0-0-0-0-0-0-0-0-0-0-0-0	0-0-0-0-0-0-0-0-0-0-0-0	0-0-0-0-0-0-0-0-0-0-0-0	0-0-0-0-0-0-0-0-0-0-0-0	0-0-0-0-0-0-0-0-0-0-0-0	0-0-0-0-0-0-0-0-0-0-0-0	0-0-0-0-0-0-0-0-0-0-0-0
549	1	1-1-1-1-1-1-1-1-1-1-1-2	1-2-1-0-3-2-2-2-2-1-2-2	1-2-2-1-2-2-2-2-3-2-2-2	2-1-2-3-1-0-2-2-1-2-1-1	2-1-1-2-1-1-2-1-2-1-2-1	2-2-2-2-2-2-1-2-2-1-4-2	4-2-1-1-2-2-2-2-1-1-4-1	2-1-0-1-1-2-2-1-1-1-2-1	1-3-1-0-1-2-1-2-2-1-1-2	4-1-1-2-1-1-2-2-1-2-0-1	1-7-3-4-3-2-1-1-1-1-2-1	3-1-1-1-4-1-1-3-1-0-1-1
549	2	1-1-1-1-1-1-1-1-1-1-1-1	1-1-1-3-1-1-3-1-1-1-1-1	0-3-1-1-1-1-3-1-1-1-1-1	3-0-1-1-3-3-1-3-3-1-3-1	3-1-7-3-1-3-3-3-1-1-1-2	1-1-3-1-1-3-3-1-1-1-0-1	3-1-1-0-3-2-1-3-1-2-3-3	1-2-0-3-3-1-7-2-2-1-1-0	2-0-0-3-4-2-0-3-1-2-2-1	3-3-1-1-3-2-3-1-3-1-4-2	0-2-0-1-1-1-1-0-1-3-1-1	1-3-2-1-0-1-3-1-2-2-2-1
549	3	1-3-1-2-1-1-1-1-1-1-1-1	1-4-3-2-1-1-2-1-1-1-2-4	0-2-1-1-4-1-2-2-1-4-4-4	2-4-5-1-2-2-1-2-4-5-4-1	2-1-4-3-4-2-2-2-4-3-1-2	1-2-5-1-3-2-4-3-3-3-5-3	2-2-3-4-2-3-6-2-3-3-2-2	3-2-0-2-2-4-5-2-2-3-5-4	3-1-2-2-3-3-3-2-3-3-2-3	2-2-4-1-2-2-2-1-2-1-2-2	4-2-7-7-6-4-0-4-4-2-1-1	1-2-2-3-0-3-2-1-6-2-5-1
549	4	6-4-4-4-4-3-4-4-5-5-4-4	5-3-3-2-5-5-6-4-5-5-5-5	4-5-6-6-4-5-4-4-5-5-6-4	5-4-5-4-3-5-5-4-3-4-3-4	4-7-3-4-5-3-5-4-3-4-5-7	4-5-3-5-5-6-3-5-5-3-3-5	7-1-4-5-5-4-5-7-3-4-5-3	5-4-5-4-2-3-3-2-2-4-7-5	5-5-4-2-2-5-5-2-3-4-2-5	5-5-4-3-2-2-3-4-5-5-5-6	5-5-6-4-5-5-5-5-5-5-1-5	5-2-4-5-6-5-1-5-5-2-5-5
549	5	4-4-7-6-3-3-4-4-4-4-4-4	4-3-3-6-4-4-5-6-4-4-4-4	4-6-4-6-6-5-6-4-4-6-4-6	4-4-4-6-6-6-4-2-6-3-6-4	6-4-6-6-4-5-6-6-5-5-4-2	1-4-6-4-4-4-6-4-4-5-3-5	4-6-3-4-7-5-4-6-1-7-4-5	4-6-4-6-6-4-3-6-7-4-4-4	4-4-4-6-6-4-4-7-3-3-6-4	4-4-1-1-6-3-0-4-4-4-4-5	4-4-3-1-4-4-4-4-4-6-5-4	4-5-4-4-0-4-6-4-4-4-3-4
549	6	4-7-5-4-6-7-4-4-4-4-4-7	4-3-4-5-5-4-5-5-4-4-4-5	4-5-4-4-5-6-5-7-7-5-4-5	6-6-6-5-5-5-4-5-5-3-5-4	5-4-7-5-6-5-5-5-6-6-4-2	7-6-5-4-4-4-5-5-6-6-3-6	7-5-1-6-6-6-3-5-6-5-2-6	6-5-5-5-5-7-7-5-2-6-5-4	4-4-6-5-5-4-4-6-1-6-5-6	6-4-6-6-5-3-7-4-7-5-4-5	4-5-4-1-3-7-4-4-4-5-5-6	4-6-4-6-4-6-5-4-3-2-3-5
549	7	7-6-5-4-7-7-4-7-4-4-4-6	4-7-7-5-7-7-5-5-4-7-4-5	7-7-7-5-7-6-6-6-6-7-4-7	6-7-7-7-7-7-4-7-5-7-7-4	5-4-7-7-7-7-6-7-7-7-4-4	6-7-6-6-7-4-7-7-7-7-7-7	4-7-7-7-6-7-7-7-7-5-4-5	7-7-7-6-7-6-6-5-5-6-4-4	4-4-7-6-5-7-7-6-7-4-5-4	5-4-7-7-2-6-7-7-6-7-4-7	4-1-3-3-4-6-4-4-4-6-7-7	4-6-4-1-4-7-7-4-7-7-2-1
550	0	0-0-0-0-0-0-0-0-0-0-0-0	0-0-0-0-0-0-0-0-0-0-0-0	0-0-0-0-0-0-0-0-0-0-0-0	0-0-0-0-0-0-0-0-0-0-0-0	0-0-0-0-0-0-0-0-0-0-0-0	0-0-0-0-0-0-0-0-0-0-0-0	0-0-0-0-0-0-0-0-0-0-0-0	0-0-0-0-0-0-0-0-0-0-0-0	0-0-0-0-0-0-0-0-0-0-0-0	0-0-0-0-0-0-0-0-0-0-0-0	0-0-0-0-0-0-0-0-0-0-0-0	0-0-0-0-0-0-0-0-0-0-0-0
550	1	1-4-1-1-1-1-1-1-1-1-1-1	0-0-1-0-0-0-0-2-1-1-0-0	1-0-0-1-1-0-2-3-1-0-2-0	0-0-1-0-1-0-2-0-2-1-2-0	2-0-2-0-0-2-2-0-1-0-0-0	4-0-0-0-0-0-2-0-2-1-4-0	2-3-1-0-0-0-0-1-1-1-0-1	1-1-4-0-1-0-2-2-0-1-4-0	1-0-0-0-0-0-4-0-2-1-1-1	0-1-1-0-0-2-0-1-0-0-0-1	0-0-0-1-0-0-0-0-0-0-0-1	0-2-0-0-0-1-0-0-0-0-1-1
550	2	3-2-2-3-1-2-2-1-2-2-2-3	3-3-1-3-1-3-3-1-3-3-3-3	3-3-0-5-3-3-3-3-1-3-3-3	3-5-2-2-4-3-1-2-1-0-1-0	3-0-3-4-0-1-3-3-2-1-5-3	3-1-3-2-2-0-3-3-1-1-0-3	1-1-2-0-3-0-0-3-2-2-0-3	4-3-4-3-3-1-1-7-2-5-2-0	0-0-3-4-4-3-0-3-3-2-4-2	7-4-0-3-3-4-0-1-3-3-0-2	0-3-0-1-0-2-0-0-0-2-4-2	0-4-2-2-0-0-4-0-0-2-2-4
550	3	2-3-3-3-4-3-3-3-3-3-3-4	2-4-4-2-3-4-2-4-2-2-2-4	6-2-3-3-2-2-4-2-4-4-4-2	2-4-4-2-2-2-5-2-4-5-4-0	2-0-5-2-4-3-4-2-4-3-4-2	2-5-4-2-4-0-4-2-1-3-6-2	1-1-4-4-2-3-4-2-3-3-4-2	3-2-0-2-2-0-5-2-3-3-0-0	0-0-2-2-3-2-0-4-6-4-2-3	4-2-3-4-4-2-4-1-2-4-4-2	4-4-7-4-3-1-0-0-6-2-2-3	0-2-0-4-6-4-2-0-6-4-5-7
550	4	4-3-4-4-3-3-4-5-4-4-4-3	4-3-3-4-3-5-4-3-5-4-3-3	4-5-6-3-4-5-3-6-3-5-3-4	5-4-3-5-2-2-5-2-3-3-3-4	3-7-3-2-5-3-5-4-3-3-3-4	1-3-3-4-3-4-3-3-1-3-3-2	7-1-3-3-4-3-3-0-4-2-5-2	2-2-2-2-2-5-3-2-3-4-5-5	5-4-5-2-2-1-7-3-7-3-2-2	3-5-4-3-5-2-3-1-5-3-5-2	5-3-4-3-5-5-5-5-7-2-2-4	6-2-4-3-5-5-2-4-7-5-3-2
550	5	6-7-6-7-3-3-5-6-6-5-5-5	6-3-3-6-6-4-7-6-6-4-6-4	6-4-4-6-6-4-6-6-3-6-4-6	6-2-2-6-6-6-3-5-6-6-6-0	6-4-7-6-4-5-6-5-4-5-6-5	6-5-6-5-5-4-6-6-1-5-3-3	6-6-3-3-4-5-4-7-3-5-6-5	5-6-6-6-6-4-3-6-6-4-6-4	4-4-4-6-7-4-4-6-3-6-6-4	4-6-0-0-4-6-6-1-4-4-4-6	6-5-4-1-4-4-4-6-4-4-4-5	0-3-5-6-4-4-6-4-4-4-6-6
550	6	5-7-5-4-6-7-7-5-5-6-5-7	5-3-3-5-5-7-4-5-5-6-5-5	7-5-4-5-5-6-5-7-7-5-6-5	5-6-6-5-5-5-7-5-5-5-5-7	5-4-5-5-6-5-5-5-6-6-5-5	5-7-5-7-4-7-5-5-6-6-3-6	5-5-1-6-7-6-3-0-6-3-5-7	6-5-5-5-5-6-3-5-5-6-5-6	6-6-6-5-5-2-5-5-3-6-5-5	3-5-6-3-5-5-5-6-7-6-5-5	5-3-6-1-7-7-6-5-3-2-6-6	7-7-6-5-3-6-2-4-3-4-5-5
550	7	7-5-5-5-7-7-6-7-6-6-6-6	5-3-7-5-7-7-5-5-6-7-5-5	7-7-7-6-7-6-6-6-6-7-7-7	5-7-7-7-7-7-6-7-7-7-5-6	5-4-5-7-6-7-6-7-7-7-5-5	6-7-7-7-7-6-7-7-7-7-7-7	4-7-7-7-6-7-7-7-7-5-4-7	7-7-5-7-7-6-5-5-5-7-4-4	6-7-7-7-5-7-4-6-7-3-5-7	6-4-7-7-7-5-7-3-7-7-3-7	4-7-3-7-6-6-4-4-4-7-7-7	7-6-6-6-7-7-7-4-4-7-5-7
551	0	0-0-0-0-0-0-0-0-0-0-0-0	0-0-0-0-0-0-0-0-0-0-0-0	0-0-0-0-0-0-0-0-0-0-0-0	0-0-0-0-0-0-0-0-0-0-0-0	0-0-0-0-0-0-0-0-0-0-0-0	0-0-0-0-0-0-0-0-0-0-0-0	0-0-0-0-0-0-0-0-0-0-0-0	0-0-0-0-0-0-0-0-0-0-0-0	0-0-0-0-0-0-0-0-0-0-0-0	0-0-0-0-0-0-0-0-0-0-0-0	0-0-0-0-0-0-0-0-0-0-0-0	0-0-0-0-0-0-0-0-0-0-0-0
551	1	1-1-1-1-1-2-1-1-1-1-1-1	1-2-0-1-0-2-1-2-3-2-2-2	2-2-2-2-1-2-1-1-0-0-3-1	2-2-3-2-1-2-3-2-0-0-0-2	0-2-2-3-2-0-2-1-0-1-0-1	1-3-0-1-1-2-0-0-0-0-6-1	0-0-0-3-0-4-6-2-0-1-6-0	0-0-3-0-1-2-0-0-3-2-1-2	0-2-2-0-2-1-3-2-2-1-2-0	2-1-1-0-5-1-0-1-1-2-0-0	6-0-6-2-3-3-2-2-3-1-0-2	1-0-1-1-2-1-0-2-6-1-1-3
551	2	1-1-2-2-1-1-1-1-1-1-2-2	1-1-0-2-1-1-1-1-1-1-1-1	1-3-1-3-3-1-2-1-0-3-1-3	3-1-1-4-3-3-0-5-3-0-2-1	2-1-1-1-1-2-3-3-2-0-1-3	3-4-3-0-2-1-3-3-0-0-0-3	3-3-4-1-3-2-2-3-4-2-1-3	2-2-8-3-2-1-3-8-2-1-1-3	2-1-1-3-4-3-1-4-1-2-1-3	1-3-1-6-3-4-2-4-3-1-0-4	2-4-2-1-1-2-1-1-1-3-3-1	0-3-2-0-1-2-2-1-2-2-2-4
551	3	3-3-2-3-5-1-3-3-1-1-1-2	1-4-4-2-1-4-1-2-1-1-1-2	2-2-1-2-2-5-4-4-0-2-4-2	2-3-1-2-2-2-1-1-4-3-4-1	3-1-1-1-1-2-4-2-4-3-3-2	2-1-5-3-3-1-4-2-3-3-5-2	2-2-3-1-2-3-5-2-2-3-1-2	3-2-1-2-4-4-5-0-1-4-7-2	3-1-1-2-3-2-1-2-5-3-2-2	1-2-0-0-2-2-2-3-2-1-0-2	1-0-1-3-1-1-3-3-1-2-2-0	3-2-2-3-1-2-2-1-5-3-3-5
551	4	4-3-4-4-3-1-4-4-4-4-4-8	5-3-3-2-6-5-6-5-5-6-6-5	5-5-5-2-4-7-5-5-5-2-3-3	5-4-6-2-2-2-6-1-3-4-3-8	2-1-4-1-5-2-5-5-3-3-4-7	3-2-3-4-5-2-3-2-3-3-0-2	6-2-3-4-4-1-3-5-2-2-5-2	1-2-6-3-3-3-4-2-2-3-5-5	5-5-5-2-2-4-5-5-0-4-1-2	5-5-1-0-2-2-0-3-5-5-5-2	5-2-5-4-5-5-5-5-5-6-2-1	1-2-6-5-5-5-2-4-2-3-4-2
551	5	6-5-4-7-3-1-5-5-5-5-4-6	4-3-3-6-7-4-7-6-4-4-6-4	6-4-4-8-6-6-6-4-4-7-6-7	6-4-4-7-7-7-4-7-5-3-5-1	5-4-8-6-4-6-6-6-3-5-7-6	7-8-3-5-3-7-6-7-5-5-3-6	4-7-5-1-7-5-3-6-0-7-4-6	1-5-7-6-7-4-8-7-5-5-4-4	4-4-6-7-7-4-4-4-3-5-7-3	4-4-0-6-1-7-6-3-4-4-4-5	4-7-5-3-4-4-4-4-4-7-5-1	1-5-2-4-4-4-7-4-3-3-3-7
551	6	5-6-5-8-6-6-5-6-6-5-6-5	4-7-6-5-7-4-4-7-4-4-5-4	5-6-4-2-5-5-7-6-4-5-7-5	5-6-4-5-5-5-4-5-7-7-5-4	6-1-1-6-6-7-7-5-6-6-5-5	7-6-5-7-6-4-5-3-7-6-7-5	4-2-5-1-5-8-7-5-0-6-1-7	0-3-4-5-6-4-7-6-5-5-7-8	4-4-5-5-6-4-7-5-7-3-6-2	4-4-8-2-1-5-5-6-2-1-4-5	4-2-1-8-4-4-4-4-1-4-5-6	7-2-4-7-4-4-2-1-1-7-7-6
551	7	8-8-8-5-6-8-8-8-8-5-4-4	8-6-6-5-6-8-5-6-4-7-8-4	4-8-4-5-5-7-6-4-8-5-6-5	8-7-7-5-5-5-8-5-6-6-5-4	6-1-6-7-7-6-8-5-6-7-5-4	8-6-7-6-7-5-6-5-6-6-6-5	8-5-6-1-5-7-6-8-7-5-6-6	0-7-5-8-5-8-8-5-7-7-6-4	7-7-7-5-5-7-6-8-8-7-5-7	4-5-1-6-2-5-6-6-8-4-4-5	4-5-7-6-8-8-4-4-1-5-5-1	3-7-7-7-6-7-5-4-7-6-6-5
551	8	8-7-8-6-8-7-7-8-7-5-8-4	7-8-8-5-8-8-7-8-8-8-7-8	8-8-8-5-8-6-7-6-7-8-8-8	7-8-8-8-8-8-7-8-3-8-5-4	5-4-5-8-7-8-7-8-8-8-5-4	7-8-8-8-8-8-8-8-8-8-8-8	7-8-8-8-7-8-7-8-8-5-4-8	8-7-5-7-2-7-7-5-7-7-7-6	4-7-8-5-2-8-8-7-7-6-5-7	4-4-6-8-8-5-8-6-8-8-4-8	4-8-6-6-7-7-4-4-8-6-8-8	8-6-7-8-6-8-8-8-8-8-3-8
552	0	0-0-0-0-0-0-0-0-0-0-0-0	0-0-0-0-0-0-0-0-0-0-0-0	0-0-0-0-0-0-0-0-0-0-0-0	0-0-0-0-0-0-0-0-0-0-0-0	0-0-0-0-0-0-0-0-0-0-0-0	0-0-0-0-0-0-0-0-0-0-0-0	0-0-0-0-0-0-0-0-0-0-0-0	0-0-0-0-0-0-0-0-0-0-0-0	0-0-0-0-0-0-0-0-0-0-0-0	0-0-0-0-0-0-0-0-0-0-0-0	0-0-0-0-0-0-0-0-0-0-0-0	0-0-0-0-0-0-0-0-0-0-0-0
552	1	1-1-1-1-1-1-1-1-1-1-1-2	0-2-1-0-0-2-0-1-1-1-0-1	1-0-0-0-0-0-2-0-0-0-2-0	0-0-2-0-1-0-0-0-1-2-2-0	2-2-1-0-0-1-2-0-1-2-0-0	4-0-2-0-0-0-2-0-2-1-1-2	1-1-1-1-0-0-0-0-1-1-4-1	4-1-0-2-1-0-2-1-0-1-0-0	0-0-0-0-1-0-4-0-2-0-1-0	0-0-1-2-1-0-2-1-0-0-0-0	4-0-0-0-1-0-0-0-4-0-1-1	0-1-0-2-0-1-0-0-0-0-4-0
552	2	2-1-2-1-2-2-2-1-2-2-2-3	3-1-1-3-0-1-3-3-3-1-3-3	0-3-4-3-3-2-3-3-3-3-1-3	3-3-3-3-3-3-1-3-2-1-1-4	3-1-4-3-0-3-3-3-1-1-3-3	3-4-3-2-2-3-3-3-1-2-0-4	1-1-1-0-3-0-3-3-1-2-2-3	2-5-4-3-2-0-1-2-2-1-0-0	0-0-3-3-4-2-0-3-1-1-3-6	3-5-2-1-3-4-3-1-3-3-0-4	0-4-1-1-0-3-0-0-0-2-3-4	0-2-2-1-0-3-3-0-4-0-2-2
552	3	3-4-3-3-3-3-3-3-3-2-3-3	2-4-4-2-3-4-2-4-4-4-2-3	5-2-2-2-2-2-4-6-4-2-4-2	2-2-4-2-2-2-3-2-3-4-4-0	2-0-6-2-4-2-4-2-4-3-2-2	2-2-4-2-3-2-4-2-4-3-4-3	6-1-3-3-2-3-4-2-3-5-4-4	3-2-2-2-2-4-4-5-3-5-0-4	0-0-2-2-3-0-3-2-4-3-2-3	2-3-5-3-2-2-2-6-2-3-4-2	4-2-1-3-8-2-0-5-0-2-4-3	3-3-2-3-8-2-2-0-0-4-7-3
552	4	3-3-2-3-3-4-4-4-5-4-4-5	5-3-3-2-5-3-5-3-5-3-6-5	7-5-7-2-4-6-3-5-3-5-3-4	5-5-3-5-2-5-5-2-3-3-3-2	2-6-2-4-5-3-5-5-3-4-5-6	5-5-3-5-6-8-3-5-3-3-3-2	5-2-2-3-5-4-3-5-3-2-8-3	1-2-6-2-2-5-3-3-2-6-5-5	6-5-5-2-2-4-6-6-6-5-2-3	5-6-4-3-3-2-3-3-5-5-3-2	6-2-5-3-4-6-5-5-5-8-3-2	5-2-5-8-6-6-2-6-8-3-3-2
552	5	5-5-2-5-6-5-5-5-4-4-4-4	4-6-6-2-5-6-4-3-4-4-4-4	8-4-4-2-2-4-6-4-3-6-6-6	4-4-6-4-2-4-4-2-6-7-6-2	2-5-6-2-4-6-6-4-6-5-4-2	4-6-3-4-4-2-6-4-5-5-0-5	3-7-6-3-4-5-7-4-6-3-8-6	5-2-2-5-2-4-6-3-2-3-4-4	7-4-6-2-3-4-4-4-7-4-2-3	4-2-7-6-5-8-2-3-4-4-4-2	7-2-6-3-0-4-4-4-4-2-3-5	4-2-4-3-4-4-2-4-4-5-5-5
552	6	7-8-7-8-5-6-8-7-8-6-7-7	7-5-5-7-5-5-8-8-7-6-7-7	0-7-7-7-7-4-5-3-7-7-5-7	7-4-5-7-7-7-4-7-7-5-7-2	7-4-8-4-4-7-7-7-5-6-7-7	8-5-7-2-4-4-7-7-5-5-3-7	3-6-5-4-5-7-3-5-5-2-7-6	1-7-4-7-7-4-8-7-7-4-7-4	4-0-5-7-7-5-4-4-4-6-7-8	8-7-5-5-7-6-7-3-8-4-4-6	4-2-5-3-8-4-4-0-4-7-3-6	5-7-6-7-4-4-7-4-7-0-3-6
552	7	6-8-6-6-5-8-8-6-8-7-6-8	6-5-5-6-7-8-6-8-6-6-6-6	4-6-4-6-6-6-6-7-6-6-7-6	6-6-7-6-6-6-8-6-6-5-6-8	6-4-5-4-7-6-6-6-6-7-6-6	8-8-8-8-7-4-6-6-5-7-3-6	3-8-5-3-6-6-8-8-7-5-6-6	7-6-2-6-6-7-5-6-6-5-6-4	7-7-5-6-6-7-4-6-5-6-6-2	4-6-5-5-6-6-6-3-8-4-4-6	5-7-4-7-7-8-4-4-4-6-3-7	5-8-8-7-5-7-6-4-6-0-3-6
552	8	8-7-8-6-8-7-7-8-7-6-6-7	7-5-8-6-8-8-6-8-8-8-6-7	8-8-8-2-8-8-8-7-6-8-7-8	6-8-8-8-8-8-7-8-7-8-8-7	6-8-8-8-8-8-7-8-8-8-7-6	7-8-7-7-8-4-8-8-8-8-8-7	7-8-8-8-7-8-7-7-8-8-4-8	8-8-8-6-8-6-6-6-6-4-7-4	6-7-6-7-2-8-8-4-8-8-6-6	6-4-8-8-8-7-8-7-7-8-3-8	4-2-7-8-8-7-4-4-4-4-8-8	8-7-7-4-4-8-8-4-4-8-6-8
553	0	0-0-0-0-0-0-0-0-0-0-0-0	0-0-0-0-0-0-0-0-0-0-0-0	0-0-0-0-0-0-0-0-0-0-0-0	0-0-0-0-0-0-0-0-0-0-0-0	0-0-0-0-0-0-0-0-0-0-0-0	0-0-0-0-0-0-0-0-0-0-0-0	0-0-0-0-0-0-0-0-0-0-0-0	0-0-0-0-0-0-0-0-0-0-0-0	0-0-0-0-0-0-0-0-0-0-0-0	0-0-0-0-0-0-0-0-0-0-0-0	0-0-0-0-0-0-0-0-0-0-0-0	0-0-0-0-0-0-0-0-0-0-0-0
553	1	1-1-1-1-1-1-1-1-1-1-1-1	1-1-0-1-0-1-1-0-0-1-0-0	3-2-0-1-0-2-2-0-0-0-0-0	1-0-0-1-1-1-0-1-0-0-0-1	0-1-1-0-1-0-2-2-0-1-0-0	0-1-0-0-0-0-1-0-0-0-0-2	1-0-1-1-1-1-0-0-0-1-0-0	1-0-0-1-1-3-0-0-1-2-1-1	1-4-2-0-0-0-1-0-0-1-0-0	1-1-2-2-1-0-2-0-2-1-4-0	0-1-1-0-2-1-2-1-4-0-0-0	1-0-1-1-1-1-1-1-1-1-1-0
553	2	2-2-3-2-3-3-3-3-2-2-2-2	2-3-2-4-3-3-2-3-3-2-3-3	2-3-3-3-3-3-3-3-5-3-3-3	3-2-4-3-3-3-4-3-3-0-3-2	3-3-3-4-3-2-3-3-0-5-5-2	5-4-3-3-0-3-3-3-3-2-0-5	5-2-2-2-3-1-2-5-3-3-5-5	2-2-1-2-2-1-2-5-2-1-5-3	2-3-3-3-3-3-5-3-3-2-2-3	5-5-1-1-2-4-4-2-4-3-1-2	2-5-5-0-4-2-3-1-5-2-3-2	6-2-2-1-3-4-2-4-4-2-2-4
553	3	2-2-2-2-2-2-2-2-2-2-2-2	3-2-2-2-2-2-2-2-2-2-2-2	1-4-2-2-2-2-4-2-2-4-2-4	4-4-2-5-4-4-4-2-4-0-4-1	2-2-2-4-2-4-4-4-2-2-2-4	4-5-2-2-0-2-4-2-2-3-6-4	2-5-2-2-4-3-2-4-2-2-4-2	2-2-3-4-2-1-3-9-5-2-2-2	3-2-4-5-5-2-1-2-2-3-4-3	3-2-5-2-2-5-2-2-4-2-2-5	8-2-2-0-2-5-2-2-2-3-2-3	0-5-3-1-2-2-5-2-3-3-3-5
553	4	4-5-2-2-5-2-4-4-2-2-2-2	3-5-5-2-4-2-2-3-2-2-3-2	2-3-2-2-2-2-5-5-2-3-5-3	3-2-5-2-3-3-5-2-3-5-3-1	2-2-1-5-2-3-5-3-5-2-2-3	3-2-2-2-4-2-5-4-4-4-8-3	6-3-5-7-3-4-5-3-7-4-3-2	4-2-3-3-2-1-5-2-5-4-2-2	6-1-5-3-4-0-1-2-5-4-3-4	1-2-5-1-2-2-2-4-3-2-1-3	4-7-2-4-2-2-2-1-1-3-2-4	0-3-1-1-1-2-2-2-8-3-4-2
553	5	5-4-2-6-4-5-2-2-5-2-5-6	5-4-4-5-6-2-6-5-6-6-6-6	5-6-5-3-5-6-4-6-2-4-4-5	5-5-6-6-3-6-4-6-4-4-4-1	2-6-2-4-7-4-4-6-5-2-2-2	6-3-4-5-7-8-4-3-4-4-4-3	2-3-4-1-5-4-4-2-0-2-2-2	7-2-3-4-2-6-4-2-6-5-2-8	7-5-4-3-3-2-7-6-4-1-3-4	6-7-4-7-6-3-4-4-7-4-6-3	7-2-2-4-7-3-8-7-6-3-2-5	0-3-5-5-7-7-3-5-6-8-2-3
553	6	7-6-8-5-6-6-8-9-7-7-7-9	7-6-6-5-7-7-5-6-7-7-7-7	6-5-7-7-7-7-6-7-7-7-7-6	7-6-7-6-3-6-7-5-7-7-7-7	8-5-6-6-6-6-7-6-7-6-8-6	6-6-7-6-6-7-7-7-7-6-3-6	6-7-6-6-5-6-8-7-6-7-9-7	7-6-3-6-6-5-7-6-5-6-2-5	6-5-6-6-9-6-5-5-7-9-6-4	5-6-6-7-7-6-7-7-5-6-5-7	5-8-7-6-9-9-5-4-5-6-8-8	7-6-6-9-5-4-7-5-5-5-6-9
553	7	8-7-9-7-8-6-6-7-6-6-9-8	6-6-6-8-6-6-8-8-8-6-9-6	7-8-8-6-8-6-8-6-8-6-6-7	6-5-6-8-8-8-6-8-6-6-8-7	8-6-7-8-5-8-8-8-6-6-7-8	7-7-8-8-5-6-6-6-6-7-4-8	8-6-6-4-6-7-4-6-6-8-8-6	6-8-5-8-8-6-9-8-8-5-8-5	9-5-6-8-8-6-5-6-6-7-8-6	6-5-6-6-8-6-8-6-9-6-8-8	5-6-6-0-5-8-5-5-5-6-6-6	6-6-7-8-5-5-6-5-8-5-8-6
553	8	7-7-6-7-7-6-6-7-6-6-7-7	6-6-7-7-6-6-7-7-7-6-7-7	5-7-7-6-7-8-7-6-7-7-8-8	7-8-8-7-7-7-9-7-7-6-7-1	6-6-7-7-8-7-7-7-8-8-6-7	6-7-7-7-8-5-8-6-8-8-4-7	7-3-4-9-7-7-6-7-8-7-7-7	8-7-3-7-7-9-4-7-9-5-7-5	8-5-8-7-7-9-8-7-6-7-7-0	6-8-8-6-7-6-7-8-9-6-7-7	3-6-7-4-4-7-5-1-6-8-6-8	6-6-6-8-8-2-6-5-7-5-7-6
553	9	9-8-7-7-7-7-6-9-7-7-7-7	6-6-9-7-9-6-7-7-7-9-7-7	9-9-7-6-9-6-8-6-7-9-6-9	9-9-9-9-9-9-8-9-9-9-9-5	6-5-9-9-9-9-8-9-9-9-7-7	9-7-9-7-9-2-9-9-9-9-9-9	8-9-9-8-7-9-9-9-9-9-6-6	9-7-9-8-9-8-7-7-8-9-2-5	7-8-9-9-6-9-9-5-9-6-7-9	7-5-9-9-9-6-7-8-8-9-6-9	5-6-6-9-6-6-5-5-6-6-9-9	6-6-5-6-8-9-9-5-9-9-8-6
554	0	0-0-0-0-0-0-0-0-0-0-0-0	0-0-0-0-0-0-0-0-0-0-0-0	0-0-0-0-0-0-0-0-0-0-0-0	0-0-0-0-0-0-0-0-0-0-0-0	0-0-0-0-0-0-0-0-0-0-0-0	0-0-0-0-0-0-0-0-0-0-0-0	0-0-0-0-0-0-0-0-0-0-0-0	0-0-0-0-0-0-0-0-0-0-0-0	0-0-0-0-0-0-0-0-0-0-0-0	0-0-0-0-0-0-0-0-0-0-0-0	0-0-0-0-0-0-0-0-0-0-0-0	0-0-0-0-0-0-0-0-0-0-0-0
554	1	1-1-1-1-1-1-1-1-1-1-1-1	1-0-0-1-0-1-1-1-1-1-1-0	1-1-1-1-1-1-1-1-0-0-2-1	1-1-2-1-1-2-0-1-0-0-2-4	0-4-1-2-3-0-1-1-0-1-0-1	1-0-0-1-3-3-0-0-0-0-0-2	0-0-1-4-1-1-0-2-0-0-7-0	2-0-1-0-0-0-1-0-0-3-2-3	4-3-0-2-2-2-4-0-0-1-1-0	4-7-1-2-0-0-0-0-1-3-4-1	3-0-2-2-3-3-3-1-4-1-2-1	4-2-1-4-4-2-0-4-1-0-1-1
554	2	3-2-3-2-4-3-4-2-4-3-3-2	3-3-0-4-4-3-1-3-3-3-2-3	2-3-3-3-3-3-2-3-3-3-3-3	3-2-3-3-2-2-4-1-2-2-1-2	3-2-1-1-3-2-3-2-1-3-3-2	3-4-3-3-0-4-3-3-3-2-0-2	5-1-2-2-2-2-0-1-0-2-0-0	2-4-2-0-0-3-5-0-2-4-1-2	2-2-2-1-3-1-2-3-4-2-2-1	2-5-1-1-1-1-3-2-1-9-1-1	5-2-5-1-5-1-2-2-3-2-3-3	2-1-2-0-0-5-0-1-5-5-4-2
554	3	2-2-2-2-2-2-2-2-2-2-2-2	2-2-2-3-2-2-2-2-2-2-2-2	2-5-2-7-4-2-4-4-2-2-2-4	4-4-2-2-4-4-2-3-2-0-3-1	2-2-4-4-2-4-4-4-3-2-2-4	2-5-4-2-1-1-4-5-2-0-0-5	3-5-2-1-4-2-3-4-0-3-4-4	2-3-5-4-4-2-9-9-3-1-4-1	3-1-4-4-5-4-1-4-2-3-4-4	2-4-0-2-4-3-4-5-4-1-1-4	1-3-2-0-1-1-1-1-1-4-4-2	1-4-3-1-1-3-4-1-3-3-3-5
554	4	2-4-2-2-2-2-2-2-2-2-2-2	2-5-5-2-2-2-2-5-2-2-2-2	1-3-2-2-3-2-5-3-2-2-5-3	3-5-5-4-3-3-2-2-5-5-5-1	2-1-3-3-3-3-5-3-5-2-2-3	3-2-5-3-4-3-5-4-5-4-0-4	3-3-5-1-3-2-5-3-5-4-3-3	5-3-1-3-3-2-4-3-3-2-3-1	1-1-7-3-4-3-1-3-2-3-3-5	1-3-0-2-3-3-3-8-3-1-1-3	1-3-9-1-1-1-1-1-1-3-3-4	1-3-3-5-1-2-3-1-2-3-2-0
554	5	2-2-2-5-2-2-5-2-2-2-5-2	2-4-4-6-2-2-6-4-2-2-6-7	5-6-2-2-5-4-4-6-2-3-4-5	5-7-4-5-3-3-6-3-4-4-4-1	4-1-5-5-7-3-4-5-4-2-5-5	4-3-4-6-7-3-4-3-4-4-0-3	2-3-4-1-6-2-4-6-4-4-3-4	4-4-3-4-4-4-4-4-7-5-7-8	2-6-4-4-3-5-6-6-4-5-4-4	6-2-0-6-7-3-4-3-6-6-7-3	7-3-7-6-1-6-6-1-6-5-4-5	7-3-5-7-6-2-3-5-2-6-2-3
554	6	7-9-7-2-7-6-7-9-7-7-7-9	7-7-7-5-8-7-7-7-7-8-5-7	6-7-7-8-7-8-5-7-7-7-7-7	7-6-7-8-6-7-7-8-7-8-6-5	8-6-6-8-6-6-7-6-7-8-8-6	6-7-7-7-5-7-7-7-7-6-0-7	9-7-6-6-7-6-7-7-7-8-9-6	6-3-5-6-6-7-6-7-5-9-5-6	6-5-6-6-8-7-5-5-7-7-3-7	5-3-6-9-6-8-7-6-6-8-5-3	8-9-6-5-9-9-8-9-9-6-7-6	5-6-6-9-6-8-8-8-6-5-6-9
554	7	6-6-9-9-6-6-6-6-6-6-6-8	6-6-6-8-6-6-6-8-6-6-8-6	7-8-6-3-8-9-8-6-6-6-6-6	8-5-6-6-8-8-6-6-6-6-8-5	8-1-8-6-5-8-8-8-6-6-6-8	8-6-8-6-5-6-8-8-6-7-0-8	8-7-6-1-8-7-4-8-6-6-8-8	6-8-5-8-8-6-4-6-5-5-8-6	1-5-6-8-7-6-8-8-6-6-8-6	9-8-7-8-8-6-6-0-7-6-5-3	5-6-5-6-8-6-6-1-6-8-6-7	5-7-7-8-8-6-6-5-8-8-8-8
554	8	6-9-6-7-6-6-6-6-6-6-6-9	6-6-6-7-6-6-9-7-6-6-7-7	6-7-7-6-7-6-7-6-6-6-8-6	7-8-8-6-7-7-6-6-6-6-7-5	7-6-7-6-8-7-7-7-8-6-6-7	7-6-7-6-4-3-7-7-8-8-0-8	7-7-6-1-9-8-5-7-8-6-7-7	8-7-7-7-7-8-6-3-3-6-7-5	8-8-8-7-6-6-8-7-6-6-7-6	6-7-8-7-7-6-6-6-8-6-7-3	6-6-5-6-7-6-6-7-7-6-6-8	5-9-6-7-8-6-6-6-7-8-7-7
554	9	9-8-7-7-6-6-6-9-6-6-6-6	6-9-9-7-9-6-8-9-9-9-7-6	9-9-9-6-9-7-8-6-6-9-6-9	7-9-6-9-9-9-8-9-6-9-9-1	7-6-9-9-9-9-8-9-9-6-6-9	6-9-9-7-9-1-9-7-9-9-9-9	7-9-9-8-8-9-9-7-9-9-6-7	9-9-7-7-9-8-9-3-3-6-6-6	2-9-9-8-3-9-9-7-6-6-7-6	7-9-9-6-3-6-9-6-9-9-6-9	6-6-4-5-6-6-6-6-6-6-9-9	6-6-7-6-8-9-9-6-9-9-7-6
555	0	0-0-0-0-0-0-0-0-0-0-0-0	0-0-0-0-0-0-0-0-0-0-0-0	0-0-0-0-0-0-0-0-0-0-0-0	0-0-0-0-0-0-0-0-0-0-0-0	0-0-0-0-0-0-0-0-0-0-0-0	0-0-0-0-0-0-0-0-0-0-0-0	0-0-0-0-0-0-0-0-0-0-0-0	0-0-0-0-0-0-0-0-0-0-0-0	0-0-0-0-0-0-0-0-0-0-0-0	0-0-0-0-0-0-0-0-0-0-0-0	0-0-0-0-0-0-0-0-0-0-0-0	0-0-0-0-0-0-0-0-0-0-0-0
555	1	2-1-2-1-1-1-1-1-1-1-1-1	2-1-0-2-0-0-2-2-2-2-2-0	1-2-2-3-2-2-2-0-2-2-1-1	2-0-0-2-3-2-2-2-1-0-1-5	2-0-6-0-4-2-2-2-1-0-2-2	2-0-2-4-0-2-2-2-0-1-0-2	3-3-1-0-2-0-1-2-0-0-3-2	0-3-3-2-3-3-0-2-2-0-0-1	0-0-2-2-3-0-0-3-0-1-2-1	0-3-0-0-2-3-2-0-2-0-0-2	2-3-0-3-2-3-1-0-0-2-2-1	0-2-2-2-0-3-2-0-4-0-3-3
555	2	1-4-1-2-1-2-1-2-1-1-1-1	1-3-2-1-2-1-1-1-1-1-1-1	0-1-1-1-1-1-3-5-1-1-3-2	1-1-2-1-1-1-1-1-3-4-3-0	1-0-1-0-1-3-3-1-2-2-1-1	1-2-1-1-2-1-3-1-3-2-2-1	1-1-2-0-1-0-3-1-2-2-1-1	2-1-0-1-1-0-4-1-1-4-2-0	2-0-1-1-2-2-3-1-3-2-1-2	3-1-3-0-1-1-1-3-1-3-1-1	1-1-5-4-1-1-3-2-0-1-1-2	2-1-1-1-0-1-1-0-1-0-6-4
555	3	4-2-1-4-3-4-3-3-1-7-1-5	3-2-2-3-0-4-6-6-4-1-4-4	6-4-6-1-3-4-2-5-1-3-2-3	4-4-4-5-1-1-4-1-2-2-2-4	1-6-1-3-4-2-4-3-4-6-1-1	1-2-2-3-4-7-2-1-2-2-2-4	1-1-2-6-3-5-2-4-0-2-6-2	3-1-6-1-1-5-2-1-4-3-3-6	4-4-4-1-1-5-4-4-2-3-1-2	6-4-2-7-4-1-2-2-4-4-3-1	4-1-6-1-5-5-5-5-4-3-3-4	3-1-3-2-4-5-1-4-5-6-1-1
555	4	5-2-5-5-4-3-4-4-4-4-4-4	3-2-2-6-4-3-6-5-3-1-6-5	3-3-3-5-6-6-5-5-3-5-5-4	5-3-3-6-5-5-3-4-5-5-4-3	5-3-1-3-5-5-5-5-3-4-4-5	6-6-5-1-3-5-5-6-2-2-2-3	5-6-2-3-5-4-2-5-0-4-5-5	4-6-4-5-6-3-2-6-7-2-6-3	3-3-3-5-6-2-3-3-2-4-5-2	3-6-2-2-4-4-2-2-5-3-3-4	3-4-0-2-3-4-3-3-3-4-5-3	2-5-4-4-3-4-5-3-3-3-1-4
555	5	4-7-4-7-3-5-5-5-5-3-4-3	3-6-6-4-4-6-3-4-3-1-4-4	3-4-3-4-4-4-6-4-6-4-6-4	4-3-3-4-4-4-6-4-4-6-6-1	4-3-1-5-4-4-6-4-6-5-4-4	4-4-6-7-5-4-6-4-6-5-6-5	4-4-5-3-4-5-6-4-5-6-4-6	3-7-3-6-4-3-6-5-3-5-6-3	3-0-6-4-2-5-3-4-6-5-4-6	3-4-5-4-6-3-6-2-4-6-3-4	3-4-6-7-3-3-3-3-3-4-4-5	6-4-3-6-3-3-4-3-3-5-6-2
555	6	7-5-4-4-6-7-7-7-7-6-6-7	7-5-5-4-4-5-3-3-7-1-4-7	3-4-3-7-4-4-5-7-7-4-5-7	4-3-3-4-4-4-7-4-5-5-5-7	4-3-1-5-6-5-7-4-5-3-4-4	4-4-5-7-6-4-5-4-5-6-5-7	7-7-5-3-3-6-5-7-6-5-3-5	6-4-3-5-4-3-7-4-3-6-4-3	3-6-5-4-4-3-3-3-7-6-4-5	3-4-5-7-5-6-5-5-7-5-3-4	3-6-5-6-5-7-3-3-3-4-5-6	5-4-7-5-6-6-4-3-3-3-5-5
555	7	7-5-4-5-7-6-6-7-6-3-7-6	6-5-7-4-7-7-4-7-7-7-6-6	7-7-7-6-7-7-7-6-7-7-6-7	6-7-7-7-7-7-6-7-6-7-7-6	4-3-7-7-6-7-6-7-7-7-4-4	4-7-5-6-7-3-6-7-7-7-7-6	6-7-7-7-7-7-7-7-7-4-4-7	7-5-4-6-7-7-6-4-4-5-6-3	3-6-7-4-4-7-7-3-6-5-5-4	3-7-5-6-7-7-7-6-6-7-3-7	3-7-2-5-3-6-3-3-3-7-7-7	7-6-6-5-3-7-7-3-3-7-5-1
556	0	0-0-0-0-0-0-0-0-0-0-0-0	0-0-0-0-0-0-0-0-0-0-0-0	0-0-0-0-0-0-0-0-0-0-0-0	0-0-0-0-0-0-0-0-0-0-0-0	0-0-0-0-0-0-0-0-0-0-0-0	0-0-0-0-0-0-0-0-0-0-0-0	0-0-0-0-0-0-0-0-0-0-0-0	0-0-0-0-0-0-0-0-0-0-0-0	0-0-0-0-0-0-0-0-0-0-0-0	0-0-0-0-0-0-0-0-0-0-0-0	0-0-0-0-0-0-0-0-0-0-0-0	0-0-0-0-0-0-0-0-0-0-0-0
556	1	1-1-2-2-1-1-1-1-2-1-2-1	2-2-1-0-2-2-2-2-1-1-0-2	1-2-2-2-2-2-2-2-3-2-2-2	2-1-2-2-1-2-2-1-2-2-1-2	1-0-1-3-1-1-2-1-1-1-3-2	2-2-2-2-2-2-1-2-1-1-0-2	1-1-1-1-2-4-2-2-1-1-1-2	1-1-2-1-1-2-1-2-1-3-0-3	1-0-2-1-2-2-2-2-3-7-1-2	2-1-1-2-1-1-2-1-2-1-2-2	1-1-6-1-3-2-1-1-1-1-3-3	3-2-1-1-2-1-1-2-1-3-3-1
556	2	1-1-1-1-1-1-1-1-1-1-1-1	3-1-1-7-1-1-1-1-1-1-3-1	1-3-1-1-1-1-1-1-1-1-1-1	3-0-1-1-3-4-1-9-1-1-1-1	5-1-1-1-4-3-3-3-1-1-1-1	1-4-3-3-1-6-3-1-1-1-0-4	3-4-1-1-3-2-1-3-1-1-0-3	1-4-1-3-3-1-10-10-5-1-5-1	0-0-1-3-5-2-1-3-1-2-3-1	5-5-1-1-3-5-1-1-3-1-1-6	5-5-1-0-1-1-1-0-1-3-1-1	1-3-2-1-1-2-3-1-0-1-1-5
556	3	3-3-1-4-1-1-1-1-1-1-1-1	2-4-3-2-1-1-1-4-2-1-2-1	1-2-1-1-1-1-4-4-1-5-4-2	2-4-4-1-2-2-5-1-4-4-4-1	3-1-1-1-3-2-4-2-3-3-1-1	1-1-5-2-3-1-4-3-3-3-4-3	7-1-1-4-2-3-4-2-3-3-0-2	1-2-4-4-2-1-5-2-2-1-0-1	0-0-4-2-3-6-4-2-4-3-2-4	4-4-1-1-2-2-4-1-4-4-4-2	4-2-10-3-1-1-0-6-1-2-1-1	1-2-2-1-1-2-4-1-6-1-4-1
556	4	4-4-1-4-5-5-1-1-1-1-4-1	2-3-5-2-1-1-2-5-2-1-2-5	3-4-6-1-1-1-5-3-5-6-5-5	2-5-5-5-2-2-5-2-5-3-5-1	3-0-1-6-2-3-5-4-5-1-1-1	1-4-3-4-4-1-5-0-4-4-3-2	2-2-1-3-5-1-5-5-5-3-5-2	1-2-3-3-2-1-3-6-2-4-4-1	3-0-3-2-3-3-3-2-3-4-3-6	3-3-7-5-5-2-5-4-3-3-3-2	3-1-1-3-5-1-0-9-5-2-1-3	5-2-2-5-7-2-3-1-7-1-3-1
556	5	6-4-6-6-4-4-5-5-5-6-6-7	5-3-4-2-1-1-7-4-6-1-6-7	7-6-7-5-5-7-6-7-7-6-4-4	6-6-6-4-2-6-6-2-4-6-4-6	2-7-10-4-7-3-6-6-4-9-9-10	6-6-3-6-5-7-4-1-6-4-4-5	6-5-4-5-4-9-4-6-4-1-10-4	5-2-9-6-2-6-3-4-2-5-6-5	5-6-6-6-2-9-7-6-4-6-3-5	2-2-5-4-6-2-4-4-5-6-5-2	2-2-5-3-4-10-5-9-4-6-6-5	4-6-6-6-5-9-2-5-5-9-4-2
556	6	5-6-5-5-7-6-6-8-6-5-5-5	5-8-7-2-8-6-5-7-5-8-5-7	5-5-5-5-2-5-7-5-5-9-7-5	5-5-5-8-2-6-7-2-4-5-6-5	7-5-5-4-5-7-7-5-7-7-1-5	5-5-3-7-5-2-7-6-6-6-0-6	5-7-4-5-7-6-7-5-6-6-2-7	8-2-9-5-6-5-7-4-2-6-5-1	1-5-5-5-3-3-9-5-6-5-7-4	1-5-6-7-5-4-5-6-5-5-5-2	7-8-10-3-4-1-5-7-5-5-7-6	4-5-5-5-1-1-2-5-9-7-4-1
556	7	7-7-7-7-6-6-7-5-7-7-7-8	5-6-6-9-1-8-5-6-8-8-8-6	5-5-5-8-8-9-6-5-5-8-6-9	8-5-5-8-9-9-6-7-8-5-7-5	8-5-9-5-5-6-8-8-7-6-5-9	9-8-8-10-5-5-8-8-1-6-3-8	8-8-6-7-8-7-6-8-6-1-9-8	5-8-5-8-9-5-6-9-7-3-7-0	10-5-10-8-10-7-5-10-4-6-9-5	1-9-4-6-5-8-8-7-8-5-7-3	6-5-6-3-4-1-5-6-7-8-6-9	4-8-7-9-9-5-8-5-4-6-6-8
556	8	7-10-9-10-6-8-8-10-8-9-7-7	9-6-9-7-9-9-5-9-7-7-7-9	5-7-5-7-7-7-9-7-7-6-9-7	7-5-5-7-7-7-9-1-9-6-7-5	7-5-7-9-5-8-9-7-8-8-5-8	7-7-7-9-5-2-7-7-8-8-8-8	7-7-9-5-7-8-9-9-8-8-7-7	6-7-10-9-7-5-6-7-5-8-9-0	8-5-9-7-8-5-9-9-6-4-7-4	1-7-8-6-9-7-7-7-7-5-5-3	9-6-9-3-1-5-0-5-7-7-7-8	9-7-5-7-7-2-7-1-9-6-9-9
556	9	10-8-8-9-6-10-10-10-10-9-9-10	10-8-8-7-10-8-10-8-10-7-7-10	5-7-10-10-7-7-8-7-10-6-8-7	7-9-5-7-7-7-10-2-8-6-7-5	7-5-7-5-5-8-8-9-9-9-5-7	7-7-7-8-9-10-8-7-9-9-3-7	7-10-8-5-9-9-8-8-9-8-7-7	9-7-5-8-7-5-6-7-2-6-7-9	9-5-8-7-9-5-8-8-10-9-7-4	1-7-9-6-8-4-9-4-9-5-9-2	8-9-8-10-4-1-5-5-7-7-6-9	8-10-9-7-7-5-7-5-6-5-8-8
556	10	10-8-10-8-10-9-9-10-9-9-10-9	9-8-10-2-10-10-9-10-10-10-8-9	10-10-10-10-9-10-10-9-10-10-9-10	9-10-10-10-10-10-9-10-9-10-10-9	7-5-10-10-10-8-9-10-10-10-1-5	10-10-10-7-10-9-9-10-10-10-10-9	9-10-10-10-10-10-9-9-10-10-5-7	10-10-10-8-10-10-7-7-2-5-5-10	9-5-7-10-7-10-10-7-9-10-7-10	3-10-8-10-10-10-10-10-9-10-9-10	8-2-6-9-5-5-9-10-10-10-10-10	10-9-9-5-9-10-10-10-10-10-8-10
557	0	0-0-0-0-0-0-0-0-0-0-0-0	0-0-0-0-0-0-0-0-0-0-0-0	0-0-0-0-0-0-0-0-0-0-0-0	0-0-0-0-0-0-0-0-0-0-0-0	0-0-0-0-0-0-0-0-0-0-0-0	0-0-0-0-0-0-0-0-0-0-0-0	0-0-0-0-0-0-0-0-0-0-0-0	0-0-0-0-0-0-0-0-0-0-0-0	0-0-0-0-0-0-0-0-0-0-0-0	0-0-0-0-0-0-0-0-0-0-0-0	0-0-0-0-0-0-0-0-0-0-0-0	0-0-0-0-0-0-0-0-0-0-0-0
557	1	1-1-1-2-1-1-1-0-1-1-1-1	1-0-0-1-0-1-1-0-0-1-2-0	0-2-2-2-0-2-2-2-0-1-0-0	2-0-2-1-1-2-0-1-3-0-3-3	0-1-1-2-2-0-2-1-0-0-1-3	0-3-0-1-0-1-0-0-0-0-0-2	1-0-0-1-0-0-0-0-0-1-0-0	1-0-0-0-0-2-0-0-0-1-2-0	1-2-2-0-0-0-3-2-0-0-1-0	0-0-1-0-0-1-0-0-1-2-1-0	0-0-1-1-3-1-1-1-0-1-0-1	1-2-1-1-0-1-1-1-1-1-1-1
557	2	2-2-2-1-2-2-2-2-2-2-2-2	3-0-0-2-0-1-1-4-3-2-3-3	3-1-1-4-3-1-3-1-1-3-2-3	3-2-1-3-4-3-0-5-1-0-2-2	5-1-7-3-1-2-3-3-1-2-2-2	2-0-3-3-0-4-3-2-0-0-0-3	4-2-2-0-3-0-2-3-0-2-2-3	0-4-2-3-2-1-2-0-2-1-1-3	2-1-1-4-4-0-1-4-2-2-4-2	3-3-1-0-3-3-0-1-3-1-0-4	3-4-2-2-7-3-1-2-0-2-3-1	1-3-1-1-0-2-4-1-2-2-2-2
557	3	3-3-3-3-3-3-3-3-3-3-3-3	2-4-4-2-0-1-1-3-2-3-2-3	4-1-2-2-2-5-2-5-2-2-4-2	2-3-5-2-2-2-6-2-4-3-4-1	2-1-1-2-3-2-4-2-4-3-2-1	2-1-5-2-4-2-4-3-6-3-6-3	2-2-3-0-2-3-5-2-4-3-4-2	5-0-2-2-2-1-5-4-2-3-1-2	3-1-1-2-5-5-1-2-5-3-4-3	2-2-3-6-2-2-2-6-2-2-1-3	2-3-3-3-1-2-1-3-6-2-2-3	6-2-1-4-3-3-2-2-3-4-5-2
557	4	4-3-4-5-3-2-4-3-4-4-4-5	5-3-3-5-0-5-5-2-3-3-6-5	4-4-5-2-4-5-5-6-5-6-3-4	5-4-5-5-2-2-3-1-3-4-3-4	2-7-1-4-5-2-5-5-3-4-4-7	0-0-3-4-5-6-3-3-3-3-3-5	2-2-0-5-5-4-3-5-3-0-5-3	3-2-2-2-2-5-3-3-2-5-5-5	5-4-3-2-2-4-5-5-6-4-2-4	5-5-1-0-5-2-0-3-5-5-5-2	5-2-5-7-5-5-5-5-5-2-4-4	3-2-4-5-5-5-2-5-5-3-3-2
557	5	4-5-5-4-3-5-5-6-4-5-4-7	4-3-3-4-6-4-6-6-4-6-7-4	5-6-4-6-6-3-6-4-4-4-4-6	6-6-4-6-6-6-3-6-6-3-6-4	6-4-7-6-4-6-6-6-3-5-6-6	7-7-6-5-4-4-6-2-3-5-3-6	7-6-3-4-7-5-3-4-5-5-6-6	3-5-4-6-6-4-3-6-5-4-4-4	4-4-1-6-7-6-4-4-3-5-6-4	4-4-3-7-6-6-0-3-4-4-4-5	4-5-4-3-4-4-4-4-4-6-5-5	3-5-5-4-4-4-5-4-4-6-6-5
557	6	7-7-7-4-6-7-7-5-7-5-5-5	4-3-3-4-6-7-5-5-4-5-5-4	5-5-5-5-5-6-5-4-7-4-6-5	5-5-6-5-5-5-3-5-5-3-5-4	5-4-3-5-6-6-5-5-6-6-5-5	7-0-5-7-6-4-5-2-3-6-3-5	7-5-0-7-5-5-6-5-6-5-5-5	6-5-2-5-5-7-3-5-7-4-5-4	6-4-6-5-5-5-6-4-4-5-5-4	5-5-6-3-5-5-7-3-7-4-6-5	4-6-4-5-7-4-4-6-3-5-6-6	3-6-5-6-6-2-5-4-5-5-5-5
557	7	7-6-7-6-7-6-5-7-6-5-5-5	6-7-7-4-7-6-5-7-7-7-5-7	7-7-7-7-7-7-6-6-6-7-7-7	7-7-7-7-7-7-6-7-7-7-7-4	2-4-7-7-7-6-6-7-7-7-5-4	6-7-6-6-7-4-7-7-7-7-7-7	5-7-7-7-5-7-7-5-7-5-4-5	7-7-7-7-5-6-5-5-6-5-4-6	4-6-7-6-5-7-3-4-7-5-5-5	5-4-7-7-7-5-7-6-7-7-7-7	4-5-7-4-2-1-4-4-7-7-7-7	7-6-1-0-2-7-7-4-7-7-6-7
558	0	0-0-0-0-0-0-0-0-0-0-0-0	0-0-0-0-0-0-0-0-0-0-0-0	0-0-0-0-0-0-0-0-0-0-0-0	0-0-0-0-0-0-0-0-0-0-0-0	0-0-0-0-0-0-0-0-0-0-0-0	0-0-0-0-0-0-0-0-0-0-0-0	0-0-0-0-0-0-0-0-0-0-0-0	0-0-0-0-0-0-0-0-0-0-0-0	0-0-0-0-0-0-0-0-0-0-0-0	0-0-0-0-0-0-0-0-0-0-0-0	0-0-0-0-0-0-0-0-0-0-0-0	0-0-0-0-0-0-0-0-0-0-0-0
558	1	1-1-1-1-1-2-1-1-1-1-2-1	2-2-1-1-2-2-1-2-2-2-2-2	1-2-3-2-2-2-1-2-3-2-1-2	2-1-2-3-1-2-2-3-1-2-1-1	2-1-1-2-1-1-2-1-1-1-2-2	4-2-2-1-2-2-1-2-2-1-0-0	1-2-1-1-0-1-0-2-1-2-1-1	1-1-1-1-1-2-1-1-1-3-0-3	1-1-3-1-1-2-2-1-2-2-1-2	2-1-1-2-0-1-2-2-0-3-2-1	1-1-4-4-2-1-1-1-1-1-2-2	3-1-1-1-1-1-1-2-0-1-1-1
558	2	1-1-1-2-1-1-1-1-1-1-1-1	1-1-1-2-3-1-3-1-1-1-1-1	1-3-3-3-3-1-3-1-1-1-1-3	3-3-1-2-3-3-1-1-1-1-2-1	1-1-2-1-3-2-3-3-1-0-1-3	1-1-3-2-1-4-3-1-1-1-5-4	3-3-1-0-3-2-3-3-1-1-2-3	1-2-4-2-3-1-1-3-2-1-0-0	2-0-1-3-4-1-1-3-1-2-2-1	2-3-1-1-3-2-3-1-3-1-1-4	3-2-1-3-1-1-0-2-1-3-1-1	1-2-2-0-1-1-3-1-2-2-2-4
558	3	1-3-1-3-4-1-1-1-1-1-1-1	1-4-3-2-2-1-2-2-1-1-2-1	1-2-2-2-2-1-4-2-1-2-4-2	2-2-4-2-2-2-1-1-4-3-4-1	3-0-2-6-2-2-4-2-4-3-1-2	2-3-4-0-3-1-4-1-3-3-4-3	2-2-1-0-2-3-6-2-3-1-2-2	3-2-4-2-2-1-3-2-2-1-0-1	7-0-4-2-3-3-2-2-3-3-2-4	2-2-1-4-2-2-2-4-2-1-8-2	2-3-6-4-1-1-0-0-0-2-4-1	1-2-2-4-1-1-2-1-0-3-2-7
558	4	4-3-1-5-3-1-1-4-1-4-4-5	4-3-3-5-1-1-5-7-5-1-5-5	7-5-6-2-4-1-3-5-5-2-3-4	5-4-3-5-2-5-5-4-3-3-3-4	1-8-2-3-6-3-3-5-3-0-1-4	1-2-3-1-6-7-3-2-1-3-3-2	8-1-1-4-5-1-3-5-3-1-5-3	1-4-3-3-2-5-3-2-2-4-4-4	6-0-3-2-2-4-6-5-8-4-2-3	4-8-1-3-3-4-1-3-6-5-4-2	6-2-1-1-1-4-6-6-4-4-3-6	4-2-2-3-6-6-2-4-8-7-2-2
558	5	6-5-7-7-6-6-6-7-6-6-6-8	6-5-5-4-6-7-6-6-6-6-4-6	5-6-6-6-6-6-5-6-6-6-5-5	5-5-6-5-5-4-6-6-6-7-5-6	7-6-6-7-5-5-5-5-6-6-6-5	6-6-3-5-4-6-6-6-5-5-2-5	6-6-5-5-6-5-5-6-5-7-4-6	5-5-3-5-5-6-6-7-2-5-4-5	5-7-6-5-6-6-4-4-7-5-3-5	4-5-6-6-6-8-6-7-7-4-4-2	4-8-7-5-8-8-4-4-4-5-6-5	7-6-5-8-6-7-6-4-4-5-5-8
558	6	5-8-7-8-5-5-5-5-5-5-5-6	5-5-5-7-5-5-7-6-5-5-7-5	6-7-5-5-7-5-7-5-5-5-5-7	7-7-5-6-7-7-5-5-5-5-7-5	5-5-5-7-4-5-7-7-5-5-5-7	5-5-7-6-4-8-7-7-5-5-3-7	5-5-5-4-8-6-3-7-6-8-7-6	5-7-7-7-7-5-8-8-6-4-7-4	8-0-5-7-7-7-4-7-5-6-7-7	5-7-5-5-7-8-7-5-8-4-7-7	4-5-3-5-5-4-4-4-4-7-5-6	5-7-6-7-7-4-7-4-4-3-7-5
558	7	6-5-6-6-5-8-5-5-5-5-6-8	5-5-6-6-5-5-6-6-6-6-6-8	8-6-6-6-6-5-6-6-5-6-7-6	6-7-7-6-6-6-8-6-5-5-6-8	5-5-5-6-7-6-6-6-7-5-5-6	5-5-6-8-7-4-6-6-5-7-3-6	8-5-5-5-6-6-8-6-7-5-6-5	7-6-6-6-6-5-3-6-2-5-6-4	7-7-7-6-6-6-4-6-5-6-6-6	2-6-5-5-6-6-6-5-5-5-6-6	5-7-5-5-5-5-4-4-6-6-5-7	5-8-8-7-6-5-6-4-4-4-6-5
558	8	8-6-6-6-8-7-5-8-5-5-6-7	5-5-8-6-8-5-6-6-6-8-6-7	8-8-8-5-8-5-8-5-5-8-7-8	7-8-8-8-8-8-7-8-5-8-8-7	6-4-8-8-8-8-7-8-8-8-6-6	5-8-6-7-8-6-8-8-8-8-8-7	4-8-8-8-6-8-7-7-8-8-4-5	8-6-6-7-8-6-6-6-6-5-6-5	6-7-8-8-6-8-4-6-8-5-6-6	6-4-8-8-6-6-8-5-6-8-5-8	4-5-3-8-5-5-7-4-5-8-8-8	5-7-7-5-5-8-8-8-4-8-6-5
559	0	0-0-0-0-0-0-0-0-0-0-0-0	0-0-0-0-0-0-0-0-0-0-0-0	0-0-0-0-0-0-0-0-0-0-0-0	0-0-0-0-0-0-0-0-0-0-0-0	0-0-0-0-0-0-0-0-0-0-0-0	0-0-0-0-0-0-0-0-0-0-0-0	0-0-0-0-0-0-0-0-0-0-0-0	0-0-0-0-0-0-0-0-0-0-0-0	0-0-0-0-0-0-0-0-0-0-0-0	0-0-0-0-0-0-0-0-0-0-0-0	0-0-0-0-0-0-0-0-0-0-0-0	0-0-0-0-0-0-0-0-0-0-0-0
559	1	1-1-1-2-1-0-1-0-1-1-0-0	1-0-0-1-0-2-1-0-1-1-2-2	2-1-1-0-0-2-2-1-0-1-3-0	2-2-2-1-1-2-0-1-0-0-0-2	0-1-4-2-2-0-2-1-2-1-1-1	1-2-0-1-1-1-2-0-0-0-0-2	0-0-0-1-2-0-0-0-0-1-0-2	0-0-1-0-1-2-0-2-0-2-2-2	1-2-2-0-1-0-0-2-0-1-1-1	0-1-1-2-0-3-0-0-2-2-1-1	2-0-1-0-3-1-1-0-0-1-1-1	3-1-1-1-1-1-1-2-1-3-1-1
559	2	2-1-2-2-3-2-2-4-2-2-2-2	1-0-0-3-0-1-3-3-3-3-1-4	1-1-3-3-3-1-3-3-0-3-1-3	3-1-1-4-4-3-0-6-0-1-2-1	3-3-1-1-1-2-3-3-2-2-1-3	3-4-3-2-0-4-3-3-0-2-0-3	0-2-0-0-3-2-4-3-3-2-3-1	0-4-2-3-2-1-9-1-2-1-1-1	2-1-3-3-4-2-2-1-0-1-2-2	1-2-1-1-3-4-3-0-3-1-0-2	8-2-1-0-1-2-1-1-0-3-3-1	0-3-2-2-2-1-3-1-2-2-2-4
559	3	3-3-3-3-3-3-3-3-3-3-3-3	2-4-4-2-0-1-2-4-2-4-2-2	3-2-2-2-2-1-4-3-0-2-4-2	2-3-4-2-2-2-1-2-4-4-3-1	2-2-5-3-1-4-4-2-4-2-1-2	2-2-4-0-3-2-4-2-3-3-0-2	5-2-4-5-2-3-4-2-4-0-2-2	3-4-2-2-2-4-6-0-2-3-1-3	3-1-2-2-3-2-3-2-3-9-2-2	4-4-0-7-2-7-2-4-2-3-0-2	4-1-1-3-1-2-1-3-0-2-2-3	1-2-2-2-3-3-2-3-6-2-5-2
559	4	4-3-4-5-3-4-4-2-4-4-4-5	4-3-3-4-0-1-4-5-5-4-5-6	4-5-6-4-2-1-3-5-5-5-3-4	5-4-5-5-2-5-0-2-3-3-5-8	2-7-1-4-5-3-3-5-3-4-1-4	7-2-3-2-5-7-3-2-3-3-0-2	9-4-3-3-5-4-3-5-3-0-9-3	3-2-7-3-2-5-3-0-2-4-5-6	3-4-3-2-2-4-4-3-5-4-3-2	7-9-1-5-0-2-5-3-5-3-5-2	6-5-4-5-4-6-6-6-6-1-2-4	4-2-2-3-6-1-1-4-1-4-4-2
559	5	7-5-6-4-5-6-6-7-6-6-6-7	7-6-5-4-7-7-4-6-6-6-4-6	5-4-7-7-6-6-6-6-6-6-6-5	6-4-6-6-5-6-6-8-6-8-4-5	8-4-8-8-5-5-6-5-6-6-8-5	5-8-3-5-8-6-5-6-6-5-0-5	7-6-5-5-4-7-8-4-5-8-5-5	5-5-6-3-2-6-5-8-6-7-4-4	7-4-5-2-9-8-7-4-6-7-2-7	5-7-5-7-6-6-6-5-5-7-4-2	7-9-7-8-7-8-4-4-9-5-8-5	9-6-5-9-7-5-8-4-7-7-7-9
559	6	5-5-5-8-5-5-5-5-5-5-5-5	5-5-5-6-5-5-9-5-5-5-7-7	7-7-8-5-7-5-7-5-5-5-5-7	7-4-5-5-7-8-5-2-5-5-6-4	5-4-6-5-1-7-7-7-5-5-5-6	5-7-7-8-5-5-7-5-5-3-0-8	8-5-5-7-7-6-5-7-5-5-6-6	5-6-4-7-7-5-3-8-6-5-8-4	5-4-7-7-8-5-5-9-5-5-6-4	5-6-6-5-5-8-5-5-7-5-8-2	4-6-6-5-5-5-4-4-7-1-7-6	5-7-6-6-8-5-6-4-8-5-8-5
559	7	5-8-5-5-5-5-5-5-5-5-5-5	5-8-7-6-5-5-5-8-5-5-6-6	6-6-5-5-6-6-8-6-5-6-8-6	6-6-6-5-6-6-8-2-8-5-8-4	5-4-6-5-1-8-8-6-8-6-5-6	5-6-6-6-7-4-6-7-5-7-8-6	5-5-5-6-6-5-8-6-7-5-6-6	8-8-4-6-6-5-5-6-6-5-6-4	5-5-6-6-7-5-5-1-5-5-6-4	4-6-7-5-8-3-8-5-6-5-6-8	5-6-5-9-5-5-4-4-6-1-6-6	5-6-6-6-5-4-6-4-5-5-5-5
559	8	6-7-5-6-5-5-5-5-5-5-5-9	5-7-7-6-5-5-6-7-9-5-6-9	4-6-6-5-6-6-7-6-9-8-7-6	6-8-8-5-6-6-7-5-7-5-7-4	5-4-7-5-1-7-7-6-7-8-5-8	5-6-7-6-5-9-7-5-8-7-7-6	9-5-5-6-9-8-7-7-8-5-6-6	7-7-5-7-6-5-3-6-9-8-6-8	8-4-6-6-6-5-7-8-5-5-6-0	8-6-8-5-7-6-7-5-9-4-6-7	7-5-5-5-5-5-4-4-6-8-5-6	7-9-8-6-6-8-8-5-6-5-6-5
559	9	9-7-6-6-9-5-5-9-5-5-5-8	5-7-9-6-9-5-6-9-9-9-8-8	9-8-9-5-9-6-8-8-8-9-9-9	8-9-9-9-9-9-8-9-8-9-9-4	5-4-9-9-9-9-8-9-9-9-5-9	5-9-9-6-9-5-9-9-9-9-9-9	8-9-9-8-8-9-9-9-9-9-4-6	9-7-9-8-9-5-8-2-8-5-5-5	8-9-9-9-6-9-9-6-6-3-9-0	8-4-9-9-9-8-9-5-8-9-5-9	5-5-9-4-5-5-4-5-5-5-9-9	5-8-8-5-5-9-9-5-9-9-6-5
560	0	0-0-0-0-0-0-0-0-0-0-0-0	0-0-0-0-0-0-0-0-0-0-0-0	0-0-0-0-0-0-0-0-0-0-0-0	0-0-0-0-0-0-0-0-0-0-0-0	0-0-0-0-0-0-0-0-0-0-0-0	0-0-0-0-0-0-0-0-0-0-0-0	0-0-0-0-0-0-0-0-0-0-0-0	0-0-0-0-0-0-0-0-0-0-0-0	0-0-0-0-0-0-0-0-0-0-0-0	0-0-0-0-0-0-0-0-0-0-0-0	0-0-0-0-0-0-0-0-0-0-0-0	0-0-0-0-0-0-0-0-0-0-0-0
560	1	1-1-1-1-1-1-1-1-1-1-1-1	1-0-0-2-0-0-0-1-0-1-2-0	2-3-0-5-2-0-2-0-0-3-2-2	2-0-0-2-2-2-0-5-1-0-2-0	1-3-2-0-2-1-2-2-1-1-0-1	2-3-2-0-0-2-2-2-1-1-0-2	2-1-1-0-2-0-0-2-0-1-3-2	1-4-1-2-4-0-1-7-1-0-0-0	0-0-2-2-7-1-0-2-0-1-1-1	0-1-1-0-2-3-2-1-2-0-0-1	3-1-0-0-0-1-0-0-0-1-1-2	1-2-1-2-0-1-2-0-6-0-1-1
560	2	2-2-2-2-2-2-2-2-2-2-2-2	1-3-2-1-3-3-0-4-3-2-1-2	3-1-2-2-1-2-3-3-3-4-3-1	1-2-3-1-1-1-2-1-3-2-3-0	1-0-1-4-1-1-3-1-2-2-3-1	1-1-4-0-2-1-3-1-2-2-4-1	6-1-2-2-1-2-3-1-2-2-1-3	2-3-1-4-1-3-5-0-2-2-0-3	2-0-1-1-2-1-2-1-4-2-1-4	0-1-0-2-1-5-1-2-1-3-2-1	2-1-7-2-3-1-3-6-3-1-1-1	2-1-1-1-3-4-1-0-2-3-5-1
560	3	4-2-3-2-3-3-3-3-4-3-3-4	3-2-2-4-3-4-4-4-4-4-4-5	6-4-5-4-3-4-4-3-4-2-4-3	4-4-4-4-1-4-4-1-2-2-2-4	1-6-4-3-4-2-4-4-2-0-4-4	4-1-2-3-5-1-2-4-2-2-1-4	4-1-2-4-4-3-2-4-2-2-5-2	2-2-5-2-1-4-2-4-2-2-4-4	5-3-4-4-1-3-3-4-7-2-2-1	5-5-3-4-2-1-2-2-4-4-5-1	5-1-5-2-5-4-4-5-5-2-4-3	5-1-4-5-5-5-1-4-5-4-3-1
560	4	4-5-3-4-4-5-4-4-4-3-3-3	3-5-5-3-4-5-3-5-3-3-3-3	7-3-3-3-1-3-5-5-3-4-5-4	3-3-3-3-1-3-3-1-5-5-5-3	1-3-5-3-3-4-5-3-5-4-3-3	3-7-2-3-3-1-5-3-5-4-2-4	3-5-4-3-3-4-2-3-2-4-3-5	4-1-1-2-1-3-4-1-3-4-3-3	3-4-5-3-4-4-3-3-2-3-2-2	3-1-4-5-3-1-5-4-3-3-3-1	3-5-3-2-7-3-3-3-3-3-5-3	3-1-3-3-3-2-1-3-3-3-3-5
560	5	5-4-7-7-6-4-5-5-5-5-5-5	5-4-4-5-5-4-7-6-4-6-6-6	3-6-3-1-6-6-6-6-6-6-4-6	6-3-3-6-6-6-7-1-6-4-6-3	1-3-6-6-5-6-6-6-4-5-6-6	6-5-6-5-3-3-6-6-4-5-2-6	3-4-4-3-6-5-6-6-2-5-3-4	6-6-3-6-6-3-2-6-7-4-3-3	3-7-6-6-6-4-6-4-4-6-6-3	3-6-3-4-6-3-6-5-5-3-3-7	3-4-3-2-3-3-3-3-3-6-4-5	3-1-5-6-3-3-6-3-3-3-2-4
560	6	5-7-5-5-5-7-7-7-6-5-6-7	5-4-4-5-5-5-5-5-7-5-5-5	3-5-3-7-5-5-5-5-5-5-7-5	5-6-6-5-5-5-7-1-5-4-5-7	5-3-5-5-6-6-5-5-6-6-5-5	7-6-5-6-5-7-5-5-6-6-2-6	7-1-4-6-5-6-5-5-6-4-5-4	6-5-5-5-5-6-2-5-5-6-5-6	6-6-6-5-5-5-5-5-3-5-5-5	6-5-6-5-6-3-5-5-6-6-5-1	4-6-6-6-2-7-6-5-7-5-4-6	3-7-6-5-5-6-5-3-1-6-5-6
560	7	7-6-5-5-7-6-6-7-6-5-5-6	6-4-7-5-7-7-5-7-7-7-5-6	7-7-7-6-7-7-7-6-7-7-6-7	5-7-7-5-7-7-6-7-7-7-7-6	1-6-7-7-7-7-6-7-7-7-5-5	6-7-7-5-7-7-7-7-7-7-7-7	6-7-7-7-6-7-7-7-7-7-4-7	7-7-7-7-7-6-5-1-5-4-6-7	3-5-7-5-1-7-7-3-7-5-5-7	6-7-7-7-7-5-7-7-7-7-3-7	3-1-2-7-4-6-3-3-6-7-7-7	7-6-6-7-3-7-7-7-3-7-5-7
561	0	0-0-0-0-0-0-0-0-0-0-0-0	0-0-0-0-0-0-0-0-0-0-0-0	0-0-0-0-0-0-0-0-0-0-0-0	0-0-0-0-0-0-0-0-0-0-0-0	0-0-0-0-0-0-0-0-0-0-0-0	0-0-0-0-0-0-0-0-0-0-0-0	0-0-0-0-0-0-0-0-0-0-0-0	0-0-0-0-0-0-0-0-0-0-0-0	0-0-0-0-0-0-0-0-0-0-0-0	0-0-0-0-0-0-0-0-0-0-0-0	0-0-0-0-0-0-0-0-0-0-0-0	0-0-0-0-0-0-0-0-0-0-0-0
561	1	1-1-1-1-1-1-1-1-1-1-1-1	0-2-1-0-0-0-0-2-0-1-0-0	0-0-0-1-0-2-2-2-3-2-2-0	0-0-1-0-0-0-0-0-2-1-2-0	2-0-2-0-0-1-2-0-1-2-1-0	0-2-1-0-0-0-2-0-2-1-4-0	2-1-1-0-0-0-0-0-1-1-0-1	1-1-0-1-1-0-2-1-0-1-0-0	1-0-0-0-0-0-1-2-2-1-1-0	0-0-1-0-1-2-0-1-0-0-0-1	0-0-2-1-1-0-0-0-0-0-0-1	0-1-0-1-0-1-0-0-0-0-1-1
561	2	2-2-2-1-1-2-2-1-2-2-2-3	3-2-1-4-0-2-4-3-3-2-3-3	3-3-0-5-4-3-3-1-1-4-1-3	4-0-2-4-4-4-3-2-3-1-1-0	1-1-1-5-4-1-3-3-1-1-5-3	3-1-2-2-2-3-3-4-1-1-0-4	1-1-2-0-3-0-3-3-2-5-3-4	1-2-8-3-4-1-1-7-2-0-2-0	0-0-3-3-5-4-0-3-1-2-2-2	0-4-0-0-3-5-4-1-3-2-0-2	0-5-1-1-0-5-0-0-0-2-3-2	0-4-2-2-0-0-2-0-0-0-2-2
561	3	3-3-3-3-3-3-3-3-3-3-3-2	2-4-3-2-3-3-2-4-2-2-2-2	2-2-3-2-2-2-4-5-4-2-4-2	2-2-4-2-2-2-4-2-4-3-4-0	3-0-5-3-2-4-4-2-3-3-1-2	2-4-4-4-3-2-2-2-1-3-6-2	5-1-1-0-2-3-5-4-3-3-5-2	3-2-5-4-2-0-7-2-3-0-5-0	4-0-4-2-3-2-5-4-1-4-2-4	0-4-3-4-4-2-4-1-4-3-4-2	5-3-9-4-5-0-4-5-5-4-2-3	0-1-0-4-4-4-2-0-8-5-5-1
561	4	3-4-4-4-5-4-4-4-4-3-4-4	2-3-5-2-3-3-2-5-2-5-5-5	3-2-6-3-2-2-5-6-3-2-5-5	2-5-5-2-2-2-3-2-5-5-5-0	2-0-2-2-2-3-5-4-5-3-2-2	2-3-3-3-5-3-5-2-4-4-5-2	3-1-4-5-2-4-3-5-4-3-2-2	4-2-2-3-2-4-3-4-4-4-2-4	3-0-3-2-4-2-4-3-5-3-2-3	0-2-4-5-3-2-5-5-3-3-3-2	3-7-2-3-5-6-3-3-3-3-5-4	4-5-2-3-3-3-2-0-3-5-4-2
561	5	5-5-5-6-4-5-5-6-5-5-5-6	5-3-4-6-4-5-6-4-6-4-6-4	7-6-5-6-4-6-4-6-6-4-4-6	5-7-4-6-2-6-3-2-4-4-4-6	5-0-3-7-7-3-4-5-4-3-7-6	3-6-4-8-4-5-4-5-4-4-4-7	3-3-4-4-6-8-3-4-5-2-3-4	4-5-3-6-2-6-3-6-7-4-6-4	0-0-6-6-2-2-4-4-4-6-2-2	4-6-5-4-4-2-4-4-7-6-4-2	3-4-3-3-3-5-0-3-8-4-4-5	5-4-5-6-5-5-7-5-3-8-3-2
561	6	6-9-8-8-7-7-8-8-7-8-8-9	5-7-6-7-7-8-5-7-7-7-7-7	6-7-7-7-7-7-7-7-7-7-7-7	7-6-7-7-7-5-7-8-7-7-7-6	8-6-7-8-5-6-7-6-7-7-8-8	7-5-8-7-4-7-7-7-7-6-3-6	6-7-6-6-5-5-7-7-6-8-6-9	6-6-7-5-6-7-6-5-5-6-5-9	6-9-9-5-7-7-8-6-8-6-2-9	6-5-8-6-6-8-7-8-5-8-7-6	6-9-7-7-9-9-8-6-9-6-7-6	7-6-6-5-5-6-6-8-6-5-6-9
561	7	8-7-9-9-6-6-6-6-6-6-6-7	6-6-6-8-6-6-8-8-6-6-8-6	5-8-6-6-6-6-8-6-6-6-6-8	8-5-6-6-8-8-6-2-6-6-8-6	6-6-6-8-5-8-8-8-6-6-6-8	6-6-6-7-4-6-8-6-6-7-3-8	3-6-6-6-5-7-6-8-6-6-8-7	6-8-6-8-8-6-9-8-5-6-8-6	7-0-5-8-6-6-6-8-6-6-8-2	9-8-7-6-8-6-8-6-5-6-8-2	8-4-6-6-6-7-0-8-8-8-6-7	6-8-7-8-5-8-5-6-7-7-7-6
561	8	7-9-6-7-6-6-6-6-6-6-6-9	6-6-6-7-6-6-7-7-7-6-7-6	9-7-7-6-7-6-7-6-6-7-8-7	7-8-8-6-7-7-9-6-6-6-7-9	6-6-7-6-8-7-9-7-8-6-6-7	9-7-6-9-8-9-7-6-8-8-4-7	9-6-6-8-9-5-6-7-8-6-7-7	8-7-2-7-7-6-3-7-5-6-7-8	6-8-8-7-7-6-6-7-6-6-7-6	7-7-5-8-7-6-7-6-9-6-7-2	7-8-6-6-6-6-8-6-7-7-8-8	6-9-7-7-7-7-7-6-7-5-7-6
561	9	9-6-7-7-6-8-6-9-6-6-6-8	6-6-9-7-9-6-7-7-9-9-7-7	9-9-9-6-9-9-9-6-6-9-8-9	8-9-6-9-9-9-8-9-6-9-9-8	6-6-9-9-9-9-8-9-9-9-2-9	8-9-9-8-9-8-9-9-9-9-9-8	8-9-9-9-8-9-9-8-9-9-6-6	9-9-9-8-9-9-7-2-7-6-6-6	7-8-9-8-2-9-9-7-6-6-7-9	7-7-9-9-9-6-9-6-8-9-8-9	6-6-3-6-6-6-8-7-6-6-9-9	6-8-8-6-7-9-9-6-9-9-7-6
562	0	0-0-0-0-0-0-0-0-0-0-0-0	0-0-0-0-0-0-0-0-0-0-0-0	0-0-0-0-0-0-0-0-0-0-0-0	0-0-0-0-0-0-0-0-0-0-0-0	0-0-0-0-0-0-0-0-0-0-0-0	0-0-0-0-0-0-0-0-0-0-0-0	0-0-0-0-0-0-0-0-0-0-0-0	0-0-0-0-0-0-0-0-0-0-0-0	0-0-0-0-0-0-0-0-0-0-0-0	0-0-0-0-0-0-0-0-0-0-0-0	0-0-0-0-0-0-0-0-0-0-0-0	0-0-0-0-0-0-0-0-0-0-0-0
562	1	1-1-1-1-1-1-1-1-1-1-0-1	2-0-1-2-0-2-0-0-0-1-2-0	0-2-0-0-2-0-2-0-0-0-0-2	2-0-0-3-4-2-0-3-1-0-2-0	3-0-2-0-2-1-2-2-1-1-0-3	2-4-2-0-0-3-2-2-1-1-0-2	0-3-1-0-2-0-0-2-1-1-2-2	1-3-1-2-1-0-1-8-2-0-0-0	0-0-2-2-4-1-0-2-0-1-1-1	0-0-1-0-2-1-0-1-2-0-0-4	0-1-0-4-0-1-0-0-0-1-2-3	0-1-1-0-0-4-2-0-4-0-1-4
562	2	2-2-2-2-2-2-2-2-2-2-2-2	1-2-2-1-0-1-1-3-1-2-1-3	1-1-5-2-1-2-3-1-4-4-3-3	1-3-3-1-1-1-4-1-2-2-3-0	1-0-1-2-1-3-3-1-2-2-0-1	1-2-3-2-2-1-3-1-2-2-5-1	3-1-2-2-1-2-3-1-4-3-1-2	2-1-0-3-1-0-3-4-1-4-3-0	0-0-1-1-0-5-3-1-3-3-1-3	0-3-2-4-1-3-4-2-3-2-0-1	0-1-3-2-2-0-0-0-0-1-1-2	7-1-1-4-3-3-1-0-3-0-6-3
562	3	3-3-3-3-2-3-3-3-3-3-3-4	3-4-4-1-0-4-1-2-4-4-4-4	5-3-2-2-1-4-4-4-4-6-4-2	1-4-4-1-1-1-5-1-4-4-2-0	1-0-6-4-1-2-4-3-5-1-1-1	4-1-2-2-3-1-4-1-4-3-4-1	4-1-5-3-4-2-4-4-3-2-4-3	4-1-1-2-1-4-3-4-0-2-2-0	4-0-2-1-5-1-2-1-7-2-3-2	0-2-3-4-4-6-4-5-2-2-4-1	3-2-6-3-8-3-0-4-4-1-4-3	4-1-1-2-2-3-4-0-2-0-2-2
562	4	4-3-4-5-2-3-4-4-4-4-5-5	5-3-3-5-6-5-5-4-5-3-5-5	4-5-6-6-5-5-5-5-3-5-3-4	5-5-5-5-1-5-2-4-3-3-3-7	1-6-1-3-5-2-5-5-3-4-5-1	3-5-2-4-6-8-3-1-3-2-3-5	3-3-3-5-5-6-3-3-3-4-3-5	6-1-1-5-1-3-3-5-6-2-5-3	5-5-5-5-1-4-4-5-2-4-3-1	5-5-6-2-3-1-2-4-5-5-5-1	3-5-4-1-2-4-5-3-5-5-3-4	3-1-4-6-5-5-3-4-4-5-2-1
562	5	5-5-4-4-6-3-5-5-4-4-4-4	4-6-6-4-6-4-4-6-4-6-4-4	4-4-4-4-6-4-6-4-3-7-6-6	4-4-4-5-1-4-7-1-6-7-6-4	1-4-6-3-4-6-6-4-6-5-4-5	6-4-2-4-4-1-6-6-5-5-2-4	5-6-6-4-4-4-3-4-5-7-8-3	5-1-1-4-1-4-6-4-4-5-4-8	4-4-4-4-3-6-4-4-6-5-1-1	4-4-3-5-3-3-4-5-4-4-4-1	4-4-3-6-2-4-4-0-4-4-6-5	3-1-4-4-4-4-5-0-2-4-3-6
562	6	7-8-8-8-5-7-8-6-8-6-6-7	4-5-5-7-7-4-7-7-7-6-7-7	4-7-4-8-7-5-5-7-7-5-5-5	7-5-4-7-7-7-7-7-7-3-7-4	7-4-7-7-4-7-7-7-5-5-7-7	6-7-7-6-4-7-7-7-5-5-3-7	7-5-5-4-5-4-5-7-5-2-7-6	4-7-7-7-7-8-8-8-4-6-7-0	0-8-4-7-7-8-4-7-3-7-7-8	8-4-4-7-7-8-7-5-4-4-7-8	4-5-7-5-7-4-0-0-0-7-5-6	2-7-6-7-4-7-6-0-7-4-7-7
562	7	6-8-6-6-6-8-8-8-7-7-6-8	8-5-5-6-6-8-6-6-8-6-6-8	8-6-4-8-6-5-6-6-6-7-6-5	6-7-7-6-6-6-8-6-6-5-6-4	6-4-6-6-4-6-8-6-7-7-6-6	6-6-6-4-7-6-6-6-7-7-3-7	6-8-5-4-8-7-7-6-7-5-6-6	7-6-6-6-6-7-5-6-6-5-6-0	7-7-4-6-6-6-4-6-3-6-6-6	8-6-4-6-6-3-6-8-8-5-6-1	4-7-6-5-6-8-7-4-4-6-7-7	2-6-3-6-6-6-6-4-6-4-6-6
562	8	8-7-6-6-8-7-7-8-7-6-6-7	7-8-8-6-8-8-6-8-8-8-6-7	8-8-8-8-8-8-8-6-8-8-7-8	7-8-8-8-8-8-7-8-7-8-8-7	8-4-8-8-8-8-7-8-8-8-6-6	8-8-8-8-8-4-8-8-8-8-3-8	7-8-8-8-7-8-8-7-8-8-5-8	8-8-8-8-6-7-6-6-6-8-6-8	4-8-8-7-6-8-8-6-8-2-6-6	6-8-8-8-8-6-6-7-7-8-6-8	0-6-3-8-3-7-7-0-0-8-8-8	8-7-4-2-4-8-8-8-8-8-6-8
563	0	0-0-0-0-0-0-0-0-0-0-0-0	0-0-0-0-0-0-0-0-0-0-0-0	0-0-0-0-0-0-0-0-0-0-0-0	0-0-0-0-0-0-0-0-0-0-0-0	0-0-0-0-0-0-0-0-0-0-0-0	0-0-0-0-0-0-0-0-0-0-0-0	0-0-0-0-0-0-0-0-0-0-0-0	0-0-0-0-0-0-0-0-0-0-0-0	0-0-0-0-0-0-0-0-0-0-0-0	0-0-0-0-0-0-0-0-0-0-0-0	0-0-0-0-0-0-0-0-0-0-0-0	0-0-0-0-0-0-0-0-0-0-0-0
563	1	1-1-1-1-1-1-1-1-1-1-1-1	0-0-0-1-0-1-1-0-2-2-0-0	1-2-2-0-0-2-2-2-0-0-0-0	2-2-2-0-1-2-0-2-0-0-0-1	0-1-4-0-2-0-2-1-0-1-0-1	0-3-0-0-1-0-0-1-0-0-0-0	4-0-0-4-0-1-0-0-0-0-0-0	1-0-0-0-0-2-0-0-1-1-1-0	1-2-2-0-0-0-3-2-1-1-0-0	1-1-0-2-0-1-0-0-0-2-0-0	0-0-0-0-4-1-0-1-3-0-1-1	1-0-1-1-1-1-1-1-0-0-1-0
563	2	2-2-2-2-2-2-2-2-2-1-2-2	3-1-0-4-0-2-1-3-3-3-4-3	0-1-1-5-3-1-3-1-0-3-3-3	3-1-1-4-3-3-0-1-3-0-2-1	2-1-1-0-4-2-3-3-1-1-4-2	4-4-3-5-2-4-3-3-0-2-0-4	1-4-2-1-3-2-0-3-0-2-3-3	0-6-2-3-2-1-0-9-2-2-0-3	2-1-1-3-5-0-1-3-3-2-3-4	3-3-0-3-3-3-4-0-3-1-3-5	1-5-0-0-1-2-2-1-1-2-3-1	1-3-2-1-1-2-3-1-2-2-2-2
563	3	3-3-3-3-3-3-3-3-3-3-3-3	2-4-3-2-3-4-2-4-2-2-4-4	4-2-2-3-2-2-4-5-0-2-4-2	2-4-4-2-2-2-4-2-4-0-4-1	2-4-2-3-3-4-4-2-4-0-0-2	6-1-4-4-3-2-4-2-3-3-7-2	1-2-3-1-2-3-7-2-0-4-2-2	3-5-2-4-2-1-7-6-2-3-3-2	5-1-4-2-3-6-1-2-4-3-2-7	2-4-5-2-2-2-2-3-4-3-2-4	3-2-4-3-1-1-4-1-1-2-2-3	3-2-2-3-3-2-2-4-7-2-7-8
563	4	4-4-4-4-5-3-3-4-4-4-4-2	2-5-3-2-3-3-2-3-3-2-3-3	3-4-2-2-2-2-5-3-5-6-5-5	2-5-5-5-2-2-5-2-5-6-3-1	2-3-1-5-2-3-5-4-3-0-2-2	5-2-3-3-4-2-5-4-4-4-5-2	1-2-5-1-5-3-5-5-6-3-6-6	6-2-2-3-4-1-8-6-2-4-4-4	3-1-5-3-4-5-4-2-3-9-3-3	5-3-4-5-5-5-5-5-3-4-9-3	9-7-9-4-9-2-3-1-1-3-2-3	7-2-2-3-3-3-2-4-7-7-7-4
563	5	5-5-2-6-4-5-5-4-5-5-6-6	6-4-4-6-3-3-7-4-6-6-6-6	5-6-7-7-6-7-6-3-6-2-4-4	6-6-4-4-2-6-4-7-4-5-4-5	2-5-1-4-7-3-4-5-5-5-0-6	6-6-4-5-5-9-4-2-4-3-4-2	7-2-4-5-4-5-4-4-4-2-4-7	5-2-7-3-2-5-6-2-7-5-7-8	7-4-4-2-2-4-5-7-5-5-2-4	6-2-7-4-4-7-4-4-6-8-7-2	3-2-5-0-3-5-7-7-7-3-6-5	5-2-5-7-7-5-2-5-2-0-4-3
563	6	6-6-7-5-7-7-6-7-7-7-7-7	5-7-7-5-8-8-5-7-7-7-7-7	7-5-6-8-7-7-5-7-7-7-5-7	7-5-5-8-2-5-7-8-7-5-6-5	8-5-6-8-5-6-7-6-7-7-8-5	7-5-7-3-5-2-7-8-4-6-3-6	9-6-6-6-5-6-4-7-4-6-4-9	4-6-2-6-6-5-5-7-6-6-5-6	6-4-7-4-4-7-5-4-7-6-2-6	7-6-7-7-6-8-6-6-5-5-5-6	6-9-7-4-8-6-6-9-5-6-8-6	6-2-8-5-7-8-8-5-6-2-5-6
563	7	7-6-6-8-6-6-6-7-6-6-7-8	6-6-6-8-6-6-5-6-6-6-8-6	6-8-8-5-8-6-8-6-6-6-3-6	8-5-6-6-8-8-6-8-6-6-8-8	6-5-8-8-5-6-8-8-6-7-8-8	6-7-8-7-4-5-6-7-4-7-3-7	5-6-6-5-6-7-3-8-6-7-8-5	6-8-5-8-8-1-4-8-5-5-8-4	6-1-6-7-8-6-5-5-6-7-8-3	6-8-6-6-8-5-7-4-5-5-5-8	6-6-6-4-8-5-6-5-5-7-6-6	4-7-7-5-6-6-7-5-8-4-4-6
563	8	7-9-6-7-6-9-6-9-6-6-7-7	6-6-6-7-6-6-9-7-6-8-7-6	5-7-7-6-7-8-7-6-9-6-8-7	7-8-8-6-7-7-6-7-7-5-7-7	6-5-7-7-8-6-7-7-8-8-7-7	9-7-7-7-8-9-7-7-8-8-4-8	9-7-4-5-9-8-4-7-8-6-7-5	8-7-2-7-7-1-4-7-9-5-7-5	8-8-9-7-7-6-8-8-6-6-7-0	8-8-8-4-7-6-7-4-9-5-8-7	3-6-7-0-6-9-8-4-6-8-6-8	5-7-6-5-7-6-6-5-7-7-8-3
563	9	9-8-7-7-9-8-6-9-6-6-6-9	6-6-9-7-9-6-8-9-9-9-8-9	9-9-9-6-9-9-8-6-8-9-9-9	9-9-9-7-9-9-8-9-6-9-9-5	2-5-9-9-9-9-8-9-9-9-7-7	8-9-9-9-9-5-9-9-9-9-9-9	8-9-9-5-8-9-9-9-9-9-8-6	9-7-2-8-9-8-7-2-8-5-6-5	8-9-8-9-2-9-9-8-9-4-7-7	8-9-9-9-9-6-9-8-8-9-9-9	3-6-4-4-4-8-6-6-9-8-9-9	9-8-5-6-6-9-9-5-9-9-2-9
564	0	0-0-0-0-0-0-0-0-0-0-0-0	0-0-0-0-0-0-0-0-0-0-0-0	0-0-0-0-0-0-0-0-0-0-0-0	0-0-0-0-0-0-0-0-0-0-0-0	0-0-0-0-0-0-0-0-0-0-0-0	0-0-0-0-0-0-0-0-0-0-0-0	0-0-0-0-0-0-0-0-0-0-0-0	0-0-0-0-0-0-0-0-0-0-0-0	0-0-0-0-0-0-0-0-0-0-0-0	0-0-0-0-0-0-0-0-0-0-0-0	0-0-0-0-0-0-0-0-0-0-0-0	0-0-0-0-0-0-0-0-0-0-0-0
564	1	1-1-1-1-1-1-1-1-1-1-1-1	0-2-1-0-0-1-0-1-0-1-0-2	1-0-0-0-0-1-2-3-0-0-2-1	0-0-0-0-0-0-2-0-1-2-2-0	1-0-1-0-0-1-2-0-1-0-2-1	2-0-0-0-0-0-2-0-1-1-1-2	1-2-1-0-0-0-0-4-1-1-0-1	1-1-0-0-1-0-2-2-0-1-0-0	1-0-0-0-1-0-1-2-0-0-1-2	0-1-3-2-0-0-0-1-0-0-0-0	1-0-0-2-1-0-0-0-0-0-1-1	1-1-0-0-0-1-1-0-0-0-1-1
564	2	2-1-2-2-2-1-2-2-2-2-2-1	3-1-1-2-1-2-3-3-3-3-3-3	0-3-5-5-3-3-3-1-0-4-1-3	3-0-3-3-4-4-1-4-2-1-1-0	4-0-3-3-0-3-3-3-1-0-4-3	1-4-3-5-2-4-3-5-1-1-0-4	2-1-1-0-3-2-3-3-2-2-2-3	1-2-8-3-2-2-1-4-2-0-0-0	2-0-3-3-5-3-0-3-2-2-2-3	3-3-0-1-3-2-3-1-3-0-0-4	3-5-1-1-0-2-0-0-0-3-3-1	0-3-2-1-0-0-4-0-2-2-2-2
564	3	3-3-2-3-2-3-3-3-3-3-2-3	2-5-3-2-4-2-2-4-4-2-2-4	3-2-2-2-2-2-4-1-4-5-4-2	2-2-4-2-2-2-4-2-4-3-4-0	2-5-2-2-0-4-4-2-4-3-2-2	1-2-4-0-3-2-4-3-3-3-5-3	5-1-5-4-2-3-2-2-3-3-5-2	3-2-4-4-4-3-3-3-2-0-6-0	4-0-2-4-3-2-4-2-4-3-2-3	2-4-3-4-2-4-4-3-4-3-5-2	2-2-0-6-5-2-0-3-0-4-2-1	0-2-2-3-5-4-2-0-5-4-3-3
564	4	3-4-2-4-4-3-4-4-3-4-4-4	2-6-5-2-5-5-2-3-3-3-5-3	3-4-2-2-2-2-5-5-5-6-5-5	2-5-5-5-2-2-3-2-5-5-5-0	2-0-2-2-4-3-5-4-5-0-2-2	1-2-3-0-5-2-5-3-4-4-7-2	5-2-4-3-5-4-5-5-4-3-5-4	3-2-3-3-3-4-6-2-2-4-5-4	4-0-5-3-3-4-7-5-3-4-3-3	0-3-4-5-5-3-3-5-3-6-5-2	3-2-4-4-5-5-0-5-5-5-5-4	4-2-2-4-5-7-2-0-0-3-3-6
564	5	7-5-8-6-4-5-6-6-5-5-5-8	5-4-4-2-4-5-6-6-4-6-6-6	6-6-6-2-2-6-6-4-4-3-4-4	6-6-4-6-2-6-5-6-4-6-4-6	2-5-7-2-6-3-6-5-4-5-5-2	4-5-4-2-4-2-6-2-3-5-3-5	4-6-3-3-6-7-4-4-5-5-3-6	5-4-7-4-2-6-4-5-5-6-5-0	4-0-4-3-2-4-5-4-4-5-2-6	5-5-5-6-4-6-5-4-6-5-4-2	3-2-1-3-3-8-5-7-7-4-4-5	6-5-5-5-3-5-5-7-5-3-5-4
564	6	7-6-8-8-6-8-6-5-6-8-6-6	5-4-4-7-5-7-7-5-7-5-7-8	5-7-7-7-7-5-7-7-4-7-5-7	7-5-5-7-7-7-5-5-4-5-7-5	7-5-5-7-5-7-7-7-5-6-5-7	6-5-7-6-5-8-7-7-3-6-3-7	4-6-5-6-5-5-7-7-5-8-7-5	3-7-5-7-7-5-4-6-5-5-7-8	8-0-5-7-7-6-0-4-3-5-7-5	8-7-5-5-7-5-7-4-5-5-7-2	7-5-6-3-8-6-0-8-7-6-5-6	5-7-5-7-7-7-6-5-6-6-7-7
564	7	6-8-6-6-6-8-8-5-8-6-6-8	6-6-4-6-7-6-6-6-6-5-6-8	8-6-6-6-6-4-6-7-5-6-8-6	6-7-7-6-6-6-8-5-7-5-6-8	6-8-5-6-7-6-8-6-7-7-6-6	8-5-6-6-7-8-6-6-7-7-4-6	8-8-3-7-8-5-6-6-7-7-6-6	7-6-5-6-6-5-4-6-5-4-6-7	7-7-7-6-6-6-4-7-4-7-6-5	6-6-5-7-6-4-6-8-8-7-6-2	6-7-6-3-3-8-7-5-6-6-7-7	5-6-5-6-6-4-6-5-6-5-6-6
564	8	8-7-6-6-8-7-7-8-6-6-6-7	6-8-8-6-8-8-6-8-8-8-6-7	8-8-8-7-8-8-8-7-8-8-7-8	7-8-8-8-8-8-7-8-7-8-8-7	6-8-8-8-8-8-7-8-8-8-6-8	7-5-8-7-8-7-8-8-8-8-8-7	7-8-8-8-7-8-8-6-8-8-8-8	8-8-8-7-8-8-6-2-2-5-6-8	6-8-8-8-6-8-8-4-8-3-8-1	6-6-8-8-8-6-8-3-5-8-4-8	6-5-1-7-6-5-7-6-8-8-8-8	5-7-5-5-6-8-8-8-8-8-6-8
565	0	0-0-0-0-0-0-0-0-0-0-0-0	0-0-0-0-0-0-0-0-0-0-0-0	0-0-0-0-0-0-0-0-0-0-0-0	0-0-0-0-0-0-0-0-0-0-0-0	0-0-0-0-0-0-0-0-0-0-0-0	0-0-0-0-0-0-0-0-0-0-0-0	0-0-0-0-0-0-0-0-0-0-0-0	0-0-0-0-0-0-0-0-0-0-0-0	0-0-0-0-0-0-0-0-0-0-0-0	0-0-0-0-0-0-0-0-0-0-0-0	0-0-0-0-0-0-0-0-0-0-0-0	0-0-0-0-0-0-0-0-0-0-0-0
565	1	1-1-1-1-1-1-1-1-1-1-1-1	1-0-0-1-0-1-0-2-0-1-0-0	0-2-0-2-2-2-2-0-0-2-2-2	2-0-0-3-2-2-0-1-1-1-1-0	1-0-1-0-0-1-2-2-1-0-0-2	2-0-2-0-1-2-2-3-1-1-1-0	2-3-1-0-2-1-0-2-1-1-2-2	1-3-1-2-3-1-2-7-1-0-0-0	1-0-0-2-3-2-0-3-0-1-1-1	0-3-1-0-2-1-2-3-2-0-0-1	3-1-0-1-0-1-0-0-0-1-1-0	2-2-1-2-3-2-2-0-1-2-1-1
565	2	2-2-1-2-2-2-2-2-2-2-2-2	2-3-3-1-0-2-0-1-3-2-3-3	1-2-3-1-3-1-3-3-3-1-3-3	1-3-2-2-1-1-1-1-3-2-3-0	1-0-4-0-4-1-3-1-2-2-4-1	1-2-3-0-2-1-3-1-2-2-6-2	1-1-2-2-1-2-3-1-2-2-1-3	2-1-1-3-2-3-5-3-1-4-0-0	2-0-3-1-2-1-0-1-3-2-2-2	0-1-2-3-1-1-1-2-1-3-0-1	3-1-0-2-7-3-0-0-0-1-1-2	1-1-1-3-3-1-1-0-1-1-5-2
565	3	2-2-2-2-2-2-3-2-3-3-4-4	3-2-2-1-2-3-3-4-4-3-4-2	6-3-4-3-2-4-2-4-2-2-2-2	4-2-3-3-1-4-3-1-2-2-2-4	2-6-3-3-5-2-2-3-3-2-2-7	2-3-2-4-5-1-2-1-3-2-2-1	3-1-2-3-4-0-2-4-1-1-1-2	2-1-5-2-1-2-1-2-1-3-0-6	3-0-3-1-1-3-5-1-2-3-1-3	4-1-2-4-2-1-2-1-4-2-5-1	5-1-3-2-3-2-5-5-5-1-3-3	3-1-3-2-5-5-1-5-5-6-1-1
565	4	5-4-5-6-5-5-4-5-5-5-5-5	3-5-4-1-5-6-5-4-5-5-3-5	4-5-5-5-5-5-3-5-5-5-5-4	4-4-5-4-1-3-5-6-5-5-4-5	4-5-5-6-4-4-4-4-5-4-6-4	4-5-5-4-3-5-4-4-6-4-2-4	6-5-4-4-3-4-5-3-4-6-7-5	4-1-3-4-4-6-4-5-4-4-5-4	4-0-5-3-5-4-5-5-6-4-1-6	3-4-4-5-4-5-5-4-4-6-3-1	4-6-3-4-3-7-3-3-3-4-5-5	5-7-4-7-5-6-5-3-3-5-4-7
565	5	6-7-4-7-4-4-4-4-4-4-4-6	6-4-4-6-4-4-6-5-6-4-7-4	5-6-6-4-6-4-6-4-6-4-6-6	6-6-4-6-6-6-4-6-4-4-6-6	6-4-6-6-3-6-6-6-4-4-4-6	4-4-6-5-3-4-6-5-5-5-2-6	6-4-4-6-7-4-4-6-4-5-6-5	4-6-3-6-6-4-7-4-7-3-6-3	3-7-4-6-6-4-4-6-4-4-6-4	6-6-5-4-6-4-6-4-7-4-6-1	3-1-3-2-3-4-3-3-6-6-4-7	4-4-6-6-6-3-4-3-3-4-6-4
565	6	5-7-5-5-4-7-5-4-4-4-5-5	5-4-5-5-4-4-5-5-5-5-5-5	3-5-5-5-5-4-5-4-5-5-5-5	5-5-6-5-5-5-7-5-5-4-5-5	5-3-5-4-3-5-5-5-6-4-4-5	5-4-5-5-6-3-5-5-6-6-2-6	7-4-4-5-7-6-6-5-6-4-5-5	6-5-4-5-5-4-2-4-5-4-5-3	6-6-6-5-5-4-5-5-4-3-5-4	5-5-4-4-5-5-5-4-7-4-5-1	5-6-4-7-5-4-3-5-5-6-4-6	4-7-7-5-5-4-4-3-5-3-5-4
565	7	7-5-5-5-7-6-4-7-4-4-5-5	5-4-7-5-7-4-5-7-5-7-5-6	7-7-7-4-7-4-7-4-5-7-6-7	5-7-7-7-7-7-6-7-4-7-7-6	5-4-7-7-7-7-6-7-7-7-5-5	6-7-5-6-7-3-7-7-7-7-7-6	6-7-7-7-5-7-7-7-7-7-4-5	7-5-7-5-7-5-5-1-5-4-5-5	5-5-7-6-1-7-4-5-4-3-5-4	5-3-7-7-1-1-7-4-6-7-3-7	3-4-4-6-2-4-3-3-3-4-7-7	4-4-6-4-5-7-7-3-3-7-5-4
566	0	0-0-0-0-0-0-0-0-0-0-0-0	0-0-0-0-0-0-0-0-0-0-0-0	0-0-0-0-0-0-0-0-0-0-0-0	0-0-0-0-0-0-0-0-0-0-0-0	0-0-0-0-0-0-0-0-0-0-0-0	0-0-0-0-0-0-0-0-0-0-0-0	0-0-0-0-0-0-0-0-0-0-0-0	0-0-0-0-0-0-0-0-0-0-0-0	0-0-0-0-0-0-0-0-0-0-0-0	0-0-0-0-0-0-0-0-0-0-0-0	0-0-0-0-0-0-0-0-0-0-0-0	0-0-0-0-0-0-0-0-0-0-0-0
566	1	1-1-1-1-1-1-1-1-1-1-1-1	0-0-1-0-0-0-0-2-0-1-0-2	1-0-0-1-1-2-2-0-0-2-2-2	0-0-1-0-1-0-0-0-2-1-2-0	0-0-0-0-0-2-2-0-1-0-2-0	4-0-0-0-0-0-2-0-2-1-4-0	2-1-1-0-0-0-0-1-1-1-0-1	1-1-0-0-1-0-2-1-0-1-0-0	1-0-0-0-0-0-4-0-2-1-0-0	0-0-1-0-1-2-0-1-0-0-0-1	0-0-7-2-0-0-0-0-0-0-0-1	1-2-0-0-0-1-0-0-0-0-0-1
566	2	2-2-2-1-1-2-2-1-2-2-2-3	3-3-1-2-1-3-3-1-4-2-3-3	0-3-1-6-3-4-3-1-1-4-1-3	3-3-2-4-3-3-3-2-3-1-1-2	3-0-3-4-5-1-3-3-2-1-1-3	3-3-3-2-2-0-3-3-1-1-0-3	1-1-2-0-3-0-1-3-2-4-6-3	1-2-6-3-3-0-1-2-2-0-2-0	0-0-3-3-4-3-0-3-1-2-3-2	0-6-0-0-3-4-3-1-3-2-0-4	0-4-1-1-0-2-0-0-0-3-3-2	0-4-2-2-0-0-2-0-0-0-2-4
566	3	3-5-2-3-5-3-3-3-3-3-4-2	2-5-4-2-4-4-2-4-2-4-2-3	1-2-5-3-2-2-4-5-5-2-4-2	2-2-4-2-2-2-2-2-5-5-4-2	2-0-2-3-4-3-4-2-3-3-1-2	2-2-4-3-3-2-2-2-1-3-5-2	6-1-3-7-2-3-4-2-1-3-0-2	3-4-2-4-2-0-5-2-4-3-0-0	3-0-2-2-3-2-0-4-5-4-2-3	0-0-3-6-2-2-2-6-2-4-3-2	0-3-3-4-7-0-0-0-0-2-2-2	6-2-2-4-0-6-2-0-0-4-3-5
566	4	4-3-3-4-3-4-4-5-4-4-3-4	4-3-3-2-5-3-2-3-5-3-5-5	6-5-6-0-4-2-3-4-3-5-3-4	5-4-3-5-2-2-5-2-3-3-3-0	2-0-2-5-5-3-5-5-4-4-6-3	1-2-3-4-4-6-3-2-1-3-1-2	1-1-3-3-5-4-3-3-4-3-5-3	1-3-5-3-2-5-3-2-3-4-4-5	5-7-5-2-2-0-5-5-3-3-2-5	5-5-4-3-5-2-0-3-5-5-5-2	5-4-6-3-7-5-5-5-7-2-4-5	4-2-4-4-5-4-2-5-7-6-3-2
566	5	6-3-5-7-3-4-7-5-5-5-5-6	4-3-3-6-4-3-6-7-4-6-6-4	6-6-4-6-6-6-6-4-3-4-6-5	6-4-4-4-6-6-4-6-6-3-6-0	6-0-3-6-4-5-6-6-4-5-7-6	6-4-6-5-4-6-6-6-3-3-3-5	3-6-1-0-4-5-3-6-5-3-6-6	3-6-7-6-6-4-7-6-6-4-6-4	4-0-6-6-7-3-4-4-3-3-6-4	4-6-4-3-6-6-6-3-4-4-4-6	4-5-1-3-7-4-4-4-4-5-5-4	4-6-4-6-6-0-6-4-0-4-6-3
566	6	5-7-5-5-6-7-7-5-7-6-5-7	7-3-3-5-6-6-5-5-7-5-5-7	4-5-4-5-5-5-5-7-3-5-6-5	5-5-6-4-5-5-7-5-5-3-5-7	5-4-3-5-6-5-7-5-6-6-4-5	5-6-5-7-6-5-5-5-6-6-3-7	7-5-1-6-6-6-3-5-6-3-5-5	6-5-2-5-5-6-3-5-5-4-5-4	6-6-5-5-5-6-4-4-7-6-5-5	5-5-6-3-5-5-5-3-7-4-5-5	5-6-4-3-0-4-4-5-0-5-6-4	3-7-7-5-6-6-5-4-5-4-5-3
566	7	7-6-7-5-7-6-6-7-6-6-5-6	6-7-7-5-7-7-5-5-6-7-5-6	7-7-7-6-7-5-7-6-7-7-6-7	6-7-7-7-7-7-6-7-6-7-7-6	5-7-7-7-7-6-6-7-7-7-5-5	5-7-7-6-7-7-7-7-7-7-7-6	6-7-7-7-5-7-7-7-7-5-7-7	7-7-5-6-7-7-5-5-5-4-6-4	4-4-7-5-5-7-7-4-7-3-5-7	5-4-7-7-7-5-7-3-6-7-4-7	4-7-1-6-4-6-4-4-4-7-7-4	7-6-6-7-4-7-7-7-4-7-5-7
567	0	0-0-0-0-0-0-0-0-0-0-0-0	0-0-0-0-0-0-0-0-0-0-0-0	0-0-0-0-0-0-0-0-0-0-0-0	0-0-0-0-0-0-0-0-0-0-0-0	0-0-0-0-0-0-0-0-0-0-0-0	0-0-0-0-0-0-0-0-0-0-0-0	0-0-0-0-0-0-0-0-0-0-0-0	0-0-0-0-0-0-0-0-0-0-0-0	0-0-0-0-0-0-0-0-0-0-0-0	0-0-0-0-0-0-0-0-0-0-0-0	0-0-0-0-0-0-0-0-0-0-0-0	0-0-0-0-0-0-0-0-0-0-0-0
567	1	1-1-1-1-1-2-1-2-1-1-1-1	1-2-0-1-0-1-1-2-3-2-2-2	1-2-3-2-1-2-2-2-0-0-2-1	2-2-2-2-1-2-1-2-0-0-0-2	0-2-2-2-2-0-2-1-0-2-0-1	1-0-0-1-1-2-0-0-3-0-0-2	0-0-0-3-0-0-2-2-0-1-2-2	0-0-3-0-1-2-0-0-1-2-2-2	2-2-2-0-2-1-1-2-0-1-2-0	2-1-1-2-2-1-0-1-1-2-0-0	0-0-1-1-3-3-2-2-3-1-0-2	1-0-1-1-2-1-0-2-1-1-1-0
567	2	1-1-2-2-2-1-1-1-1-1-2-1	1-1-0-2-0-1-1-3-1-1-1-1	1-1-1-4-3-1-3-1-1-4-3-2	3-1-1-1-4-3-1-1-2-0-2-1	2-1-1-3-1-2-3-3-2-1-3-5	2-4-3-2-2-4-3-5-0-2-0-4	3-4-4-1-3-2-1-1-2-2-1-3	1-2-8-3-2-1-3-8-2-1-1-1	1-1-1-3-4-2-1-3-4-2-5-4	1-3-1-1-3-4-3-4-3-1-0-7	3-4-2-4-1-2-1-1-1-2-3-1	0-2-2-1-1-2-3-1-2-2-2-4
567	3	3-4-3-3-3-3-3-3-1-1-3-4	2-4-4-2-5-4-1-2-1-1-2-2	1-2-1-2-2-1-4-2-4-2-4-4	2-3-1-3-2-2-4-1-4-4-4-1	2-1-1-2-2-2-4-2-3-3-2-2	2-5-4-1-3-1-4-3-4-3-0-3	2-2-3-1-2-3-6-2-3-5-1-2	3-2-1-2-2-1-7-5-2-4-1-2	3-1-4-2-3-2-1-2-5-3-3-5	1-5-0-7-2-2-2-3-2-3-3-2	7-3-3-3-7-1-3-3-1-2-4-3	7-2-2-3-1-3-2-1-5-3-3-5
567	4	5-3-5-4-4-3-4-4-1-5-5-3	5-3-3-5-5-3-5-3-5-1-5-5	5-5-5-2-2-3-3-5-3-2-3-3	5-5-5-5-2-5-3-2-3-3-3-8	2-5-4-5-5-3-5-5-3-5-5-4	5-2-3-5-5-2-3-2-3-3-0-2	8-2-2-1-5-1-5-5-3-3-1-8	2-2-6-3-2-5-4-3-5-7-4-7	6-5-5-2-2-4-5-5-2-4-3-2	5-8-1-3-5-2-3-2-5-5-5-2	5-2-4-5-1-4-5-5-5-5-3-5	1-3-5-5-5-4-3-6-5-5-3-2
567	5	4-5-4-5-5-5-5-5-5-4-4-4	4-6-6-4-6-5-4-2-4-4-4-4	4-4-4-2-2-6-4-6-6-6-8-6	4-4-4-4-2-4-6-2-6-6-6-4	2-4-3-4-4-6-4-4-6-4-4-2	4-4-3-4-4-2-6-2-5-5-0-6	3-2-6-6-4-5-4-4-5-7-4-6	5-2-4-6-5-4-6-3-4-5-4-4	4-4-4-4-3-4-4-4-3-4-2-5	4-3-0-6-4-2-7-5-4-4-4-2	4-6-6-4-1-6-4-4-4-4-6-4	1-2-4-4-4-7-2-1-4-4-5-3
567	6	7-6-8-6-7-8-8-7-8-8-6-7	8-5-5-8-7-8-7-6-8-7-8-8	6-7-7-7-7-7-7-5-7-7-6-6	7-5-4-7-7-7-5-7-7-5-7-6	7-5-6-7-4-5-7-7-5-6-7-7	6-6-7-8-4-3-5-7-1-6-0-7	7-5-5-5-7-6-3-7-5-5-7-7	3-7-4-7-7-1-8-7-4-5-7-6	8-4-5-7-7-6-4-5-8-7-7-2	8-4-6-5-7-3-7-8-8-4-4-8	4-5-7-4-3-7-4-4-7-4-5-6	6-6-6-7-7-4-3-4-2-4-3-5
567	7	6-8-6-6-6-8-6-6-6-6-6-6	6-5-6-6-6-6-6-6-6-6-6-6	4-6-6-6-6-7-6-6-6-6-7-7	6-7-7-6-6-6-8-6-6-5-6-4	6-1-6-6-7-7-8-6-7-7-6-6	8-6-6-6-7-4-6-6-7-7-0-7	6-2-5-8-8-7-3-6-7-5-6-6	7-6-2-6-6-8-3-6-8-4-6-4	7-4-8-6-6-8-7-4-4-5-6-3	8-7-7-3-6-2-6-6-8-4-6-2	3-7-6-4-8-8-4-3-7-7-7-7	8-8-6-6-6-5-7-4-2-3-2-5
567	8	8-7-6-6-8-6-6-8-6-6-6-6	6-5-8-6-8-6-6-8-6-8-6-6	4-8-6-8-8-6-7-6-6-8-5-8	7-8-6-8-8-8-7-8-8-8-8-4	2-4-8-8-8-8-7-8-8-8-6-6	7-8-8-6-8-4-8-8-8-8-8-8	7-8-8-8-7-8-8-8-8-8-1-6	8-6-2-8-8-7-6-2-7-4-6-4	6-7-7-7-2-8-4-6-8-6-6-2	7-4-8-8-8-2-8-6-6-8-4-8	4-5-0-4-7-7-4-4-4-7-8-8	8-7-6-5-0-8-8-4-8-8-3-8
568	0	0-0-0-0-0-0-0-0-0-0-0-0	0-0-0-0-0-0-0-0-0-0-0-0	0-0-0-0-0-0-0-0-0-0-0-0	0-0-0-0-0-0-0-0-0-0-0-0	0-0-0-0-0-0-0-0-0-0-0-0	0-0-0-0-0-0-0-0-0-0-0-0	0-0-0-0-0-0-0-0-0-0-0-0	0-0-0-0-0-0-0-0-0-0-0-0	0-0-0-0-0-0-0-0-0-0-0-0	0-0-0-0-0-0-0-0-0-0-0-0	0-0-0-0-0-0-0-0-0-0-0-0	0-0-0-0-0-0-0-0-0-0-0-0
568	1	1-1-1-1-1-1-1-1-1-1-1-1	1-1-0-1-0-1-1-0-0-1-0-2	2-1-2-0-0-2-2-2-0-0-0-0	2-1-0-0-1-2-1-0-0-0-0-1	0-1-1-0-2-0-2-2-0-1-0-1	2-5-0-1-0-2-2-1-0-0-0-2	1-0-0-1-2-0-0-0-0-1-1-2	1-1-0-0-0-2-0-2-1-2-2-1	0-2-2-0-0-0-3-2-0-1-1-0	1-0-0-0-1-1-0-0-2-2-1-1	0-0-1-0-0-1-1-1-1-1-0-0	1-1-1-2-2-1-0-1-1-0-1-1
568	2	2-1-2-2-2-2-2-2-2-2-2-2	3-2-2-3-0-1-3-3-3-2-3-1	1-3-1-3-4-1-3-3-0-3-1-3	3-1-3-3-4-3-1-3-0-1-2-1	2-2-2-5-1-2-3-3-1-1-4-3	2-8-3-2-2-3-3-3-0-2-0-3	2-3-4-1-3-2-0-3-2-2-2-3	2-5-3-3-5-1-0-1-2-1-1-0	2-1-1-3-4-0-1-1-3-1-3-3	3-0-0-2-3-4-3-0-3-1-3-4	2-4-0-0-0-1-1-3-0-2-3-4	3-3-1-1-3-2-3-1-2-2-2-7
568	3	3-3-2-3-4-3-3-3-3-3-3-3	2-4-4-2-5-4-2-2-4-3-2-2	1-2-2-2-4-5-4-4-0-2-4-2	2-1-4-2-2-2-4-2-4-4-4-2	2-3-2-3-6-2-4-2-4-6-2-2	2-1-2-2-3-2-4-2-4-3-3-2	4-2-3-4-2-3-4-2-3-3-5-2	3-2-2-2-2-1-4-3-2-4-1-3	5-1-2-2-3-0-1-1-2-3-2-2	2-4-3-4-5-3-2-3-2-4-2-3	2-3-1-8-8-1-1-3-3-2-4-3	3-2-1-5-2-5-2-1-1-3-3-0
568	4	5-3-5-6-3-3-4-6-4-4-5-5	5-3-3-2-5-3-5-5-5-3-5-5	5-5-5-2-5-6-3-3-5-5-3-5	5-5-5-5-2-5-5-6-3-3-3-6	2-5-3-7-5-3-5-5-3-4-5-4	5-6-2-4-5-5-3-5-3-3-3-2	3-2-2-3-5-3-3-5-3-4-4-3	4-2-5-2-2-6-3-5-5-4-4-5	4-5-5-2-2-4-6-5-5-5-2-2	5-8-4-3-3-2-3-3-5-5-5-2	5-2-5-5-5-4-5-5-5-3-3-4	1-2-5-3-5-2-2-5-5-7-2-2
568	5	4-5-4-5-5-5-5-5-5-4-4-4	4-7-5-2-5-3-4-4-4-4-4-4	4-4-4-4-6-3-4-6-4-6-6-6	4-4-4-4-6-4-4-2-6-6-6-4	2-4-6-4-4-6-6-4-6-6-4-6	4-1-3-4-4-4-6-4-5-5-3-5	5-6-5-6-4-5-3-4-5-5-3-6	6-2-4-3-2-1-5-4-4-5-4-4	4-4-4-4-5-0-4-4-5-4-2-5	4-5-6-6-3-7-2-3-4-5-4-6	4-6-4-8-4-6-4-4-4-2-6-5	3-2-4-3-4-3-2-4-4-4-5-5
568	6	7-6-7-7-7-7-8-7-7-8-7-7	4-5-5-7-7-7-7-7-8-7-7-7	6-7-7-8-7-7-7-7-7-7-8-7	7-7-6-7-7-7-6-7-7-5-7-4	7-7-7-6-4-5-7-7-5-5-6-7	7-6-7-7-6-4-5-7-5-3-3-7	7-5-6-6-7-6-7-8-3-5-7-7	5-7-5-7-7-6-5-7-6-6-7-6	8-4-5-7-7-6-4-7-8-8-7-8	6-4-6-5-7-7-7-6-8-6-7-5	4-5-6-7-6-5-5-4-7-6-5-6	6-6-6-7-6-4-6-4-4-4-6-6
568	7	6-6-6-6-6-6-6-6-6-6-6-6	6-5-5-6-6-6-6-6-6-6-6-6	6-6-6-6-6-7-6-6-6-6-6-6	6-7-7-6-6-6-6-6-6-5-6-1	6-6-6-4-7-7-6-6-7-7-6-6	6-7-6-6-7-4-6-6-7-7-3-7	6-5-5-8-8-7-6-6-7-3-6-6	7-6-2-6-2-8-3-6-8-5-6-4	7-4-7-6-6-0-7-6-0-6-6-6	7-7-7-6-7-6-6-3-6-7-6-6	6-7-7-6-4-7-4-4-6-7-6-7	6-6-6-6-6-2-2-4-7-4-8-2
568	8	8-7-6-6-8-6-6-8-6-6-6-8	6-5-8-6-8-6-6-8-6-8-6-6	8-8-8-6-8-8-6-6-6-8-6-8	6-8-8-6-8-8-6-8-8-8-8-6	2-4-6-8-8-8-7-8-8-8-6-4	7-8-7-6-8-4-8-8-8-8-8-8	7-8-8-8-7-8-8-6-8-8-6-6	8-6-2-7-8-7-8-6-7-5-6-4	6-7-7-8-6-8-8-6-8-6-6-6	7-8-8-5-8-8-6-6-6-8-4-8	4-8-8-5-3-7-4-4-4-6-8-7	6-6-6-6-8-8-8-4-8-8-7-8
569	0	0-0-0-0-0-0-0-0-0-0-0-0	0-0-0-0-0-0-0-0-0-0-0-0	0-0-0-0-0-0-0-0-0-0-0-0	0-0-0-0-0-0-0-0-0-0-0-0	0-0-0-0-0-0-0-0-0-0-0-0	0-0-0-0-0-0-0-0-0-0-0-0	0-0-0-0-0-0-0-0-0-0-0-0	0-0-0-0-0-0-0-0-0-0-0-0	0-0-0-0-0-0-0-0-0-0-0-0	0-0-0-0-0-0-0-0-0-0-0-0	0-0-0-0-0-0-0-0-0-0-0-0	0-0-0-0-0-0-0-0-0-0-0-0
569	1	1-1-1-1-1-1-1-1-1-1-1-1	0-0-0-1-0-1-0-0-0-1-2-0	0-2-0-5-2-2-2-0-0-2-2-1	2-0-0-2-2-2-0-1-1-1-1-0	1-0-1-5-0-1-2-2-1-0-0-2	2-3-2-0-1-3-2-1-1-1-3-3	2-1-1-0-2-0-2-2-3-1-1-2	1-1-1-2-3-1-2-3-1-0-0-0	1-0-0-2-3-2-0-3-0-1-1-1	1-3-0-0-2-1-2-1-2-0-0-1	3-1-0-3-3-2-0-1-1-1-1-0	0-1-1-0-0-1-1-0-1-1-1-1
569	2	2-3-1-2-2-2-2-2-2-2-2-3	0-3-2-1-0-3-0-2-3-2-1-3	3-1-0-2-1-1-3-4-3-1-3-1	1-2-3-1-1-1-3-1-3-2-3-0	2-0-4-3-1-3-3-1-3-2-0-1	1-0-4-0-2-1-3-2-2-2-4-2	4-1-2-4-1-2-3-1-2-2-3-3	2-0-3-4-1-3-5-0-1-6-0-0	3-0-1-1-4-1-3-1-3-2-1-1	3-1-2-3-1-5-3-2-1-3-0-1	3-1-7-3-6-1-0-3-3-1-1-2	2-1-1-3-0-3-1-0-1-1-2-1
569	3	4-2-3-2-2-3-3-2-3-3-3-4	3-2-2-1-3-2-4-3-4-4-4-5	6-4-6-4-3-4-4-2-4-1-2-4	4-5-2-4-1-4-4-1-2-2-2-5	1-4-1-3-5-2-4-4-2-4-3-3	1-1-2-3-5-1-2-1-2-2-1-4	4-1-4-3-4-0-2-4-1-1-2-2	1-1-5-2-1-4-4-1-1-3-3-4	5-0-4-1-1-4-5-1-6-4-1-3	5-1-2-4-5-1-2-2-4-2-4-1	5-1-5-2-5-4-5-7-4-4-4-0	5-1-4-2-4-5-1-5-4-4-2-1
569	4	3-6-3-7-4-4-4-4-4-4-3-3	3-5-5-1-3-4-3-5-3-3-3-3	1-3-5-3-1-3-5-2-7-5-5-3	3-3-5-3-1-3-5-6-5-6-5-3	1-3-2-3-4-5-5-3-5-3-5-3	3-3-5-3-3-3-5-4-5-4-2-4	2-5-5-2-3-4-2-3-4-2-1-5	4-4-1-2-1-3-5-5-1-4-3-3	4-0-3-5-2-3-3-5-5-6-1-4	3-1-4-3-3-1-2-2-3-3-3-1	3-5-3-6-3-3-3-3-3-3-3-2	4-7-3-7-3-4-1-3-3-3-2-2
569	5	6-5-7-7-4-4-7-6-5-7-6-6	5-4-4-6-6-3-3-6-6-3-6-3	3-6-6-1-6-6-6-6-6-6-4-6	6-3-4-5-6-6-4-1-6-5-6-3	6-3-5-6-3-6-6-6-4-5-4-6	6-5-6-5-3-3-6-6-4-5-2-6	6-4-4-3-3-5-6-6-4-4-6-6	5-5-3-6-6-3-4-6-5-3-6-3	3-0-6-6-6-5-3-6-3-4-6-4	3-6-0-6-6-2-0-2-3-5-6-1	3-1-3-4-7-3-3-3-3-6-5-5	4-6-5-6-6-3-6-3-3-5-6-5
569	6	5-7-5-5-5-7-7-5-7-6-5-7	7-4-4-5-5-6-5-5-6-5-5-7	3-5-5-7-5-5-5-5-5-5-6-5	5-6-5-5-5-5-7-4-5-4-5-7	5-6-5-5-6-5-7-5-6-6-4-5	5-7-5-6-3-1-5-5-4-6-2-7	5-4-4-0-7-6-5-5-6-6-5-5	6-6-3-5-5-6-6-5-5-2-5-3	6-6-5-5-5-5-5-5-3-4-5-4	7-5-6-5-5-5-2-6-3-4-5-1	5-1-3-4-2-7-3-5-7-5-6-6	4-5-5-5-6-4-5-3-1-6-5-5
569	7	7-6-5-5-7-6-6-7-6-5-5-6	6-7-7-5-7-7-6-7-6-7-5-6	7-7-7-6-7-5-7-6-4-7-6-7	6-7-7-7-7-7-6-7-7-7-7-6	5-3-7-7-6-7-6-7-7-7-6-7	7-7-7-7-7-7-7-5-7-7-2-6	5-7-7-7-6-7-7-7-7-7-5-6	7-7-7-5-7-6-5-1-5-3-3-7	0-3-7-6-1-7-3-5-7-2-5-1	5-3-7-7-1-1-7-4-7-7-6-7	3-1-2-6-5-6-3-3-3-7-7-7	7-4-5-4-6-7-7-3-3-7-2-7
570	0	0-0-0-0-0-0-0-0-0-0-0-0	0-0-0-0-0-0-0-0-0-0-0-0	0-0-0-0-0-0-0-0-0-0-0-0	0-0-0-0-0-0-0-0-0-0-0-0	0-0-0-0-0-0-0-0-0-0-0-0	0-0-0-0-0-0-0-0-0-0-0-0	0-0-0-0-0-0-0-0-0-0-0-0	0-0-0-0-0-0-0-0-0-0-0-0	0-0-0-0-0-0-0-0-0-0-0-0	0-0-0-0-0-0-0-0-0-0-0-0	0-0-0-0-0-0-0-0-0-0-0-0	0-0-0-0-0-0-0-0-0-0-0-0
570	1	1-1-1-1-1-1-1-2-1-1-1-1	1-1-0-1-0-1-1-1-2-1-1-0	1-1-1-2-1-1-2-1-0-1-2-1	1-3-2-1-2-2-0-5-0-0-0-1	1-1-4-2-3-0-1-1-0-0-1-1	1-5-1-1-0-4-0-0-0-0-0-1	3-0-0-1-0-0-0-2-0-1-4-0	0-4-4-2-1-3-0-1-3-3-4-0	3-3-9-0-0-0-4-2-0-1-1-5	2-4-1-0-2-1-2-1-3-0-0-0	4-0-2-1-1-1-4-4-4-4-2-1	1-2-1-4-2-1-1-1-1-4-1-1
570	2	2-3-3-3-2-3-2-3-4-2-3-3	3-3-3-1-3-3-1-3-3-3-3-3	2-2-1-3-3-3-3-3-3-3-4-3	3-2-3-3-1-1-3-3-3-3-2-3	3-3-2-1-5-2-3-2-3-3-4-1	3-3-3-5-5-1-2-3-3-2-0-1	2-3-2-2-3-3-3-3-2-6-2-3	3-1-5-1-2-1-2-4-1-2-3-3	2-1-2-1-3-8-1-3-3-5-1-2	3-2-2-3-3-2-3-3-1-3-4-2	2-9-5-2-9-4-3-2-2-2-3-4	3-2-2-1-3-7-1-3-7-1-2-9
570	3	2-2-2-2-2-2-2-2-2-2-2-2	2-2-2-4-2-2-4-2-2-2-4-2	1-4-6-2-2-2-4-2-2-2-1-4	4-1-2-4-4-4-2-2-2-2-3-2	2-2-9-6-1-3-4-4-2-2-2-4	2-9-4-3-3-1-4-2-2-2-2-5	1-4-2-1-4-2-2-4-2-2-4-4	2-3-8-4-3-1-9-9-5-1-8-2	1-1-2-3-9-3-1-5-2-3-5-3	2-1-2-2-2-9-4-2-4-2-2-8	1-2-1-2-2-2-2-1-2-3-2-2	2-4-4-1-2-2-4-2-3-1-2-5
570	4	2-4-2-2-2-2-2-2-2-2-2-2	2-5-5-3-2-2-3-2-2-2-3-2	5-3-3-2-3-2-5-5-3-3-5-3	3-4-6-3-3-3-6-1-5-5-5-1	3-2-1-3-4-3-5-3-5-2-2-3	2-1-5-3-4-1-5-2-4-4-7-6	3-3-7-1-3-4-6-3-0-5-3-3	2-3-3-3-3-1-6-5-3-5-1-2	2-1-6-3-4-2-1-3-2-4-3-3	2-1-4-2-3-6-3-8-3-5-2-4	1-2-6-2-2-2-1-1-1-1-2-2	1-3-3-1-1-2-3-2-6-1-6-2
570	5	6-4-6-6-2-2-2-2-2-2-2-6	5-4-4-3-2-2-6-6-7-2-6-6	6-6-6-3-5-2-4-6-6-3-4-5	6-6-6-4-3-6-6-1-4-4-4-7	2-8-1-5-6-4-6-5-4-5-6-1	7-1-4-5-8-6-4-7-4-0-0-3	5-3-2-7-6-6-4-6-2-5-7-4	2-3-7-4-3-9-4-4-6-4-5-6	6-6-4-3-3-5-7-6-2-5-3-1	6-9-0-0-6-4-4-4-6-6-6-3	7-2-2-2-2-6-6-6-6-1-2-2	2-3-5-4-7-2-3-5-7-6-4-3
570	6	5-3-5-5-6-2-5-2-2-5-7-5	5-4-2-8-2-2-8-5-5-2-5-5	5-8-8-3-8-8-7-8-5-7-4-6	7-5-5-8-7-8-5-7-4-7-6-5	8-5-1-3-5-6-7-7-6-6-5-7	7-7-7-3-4-5-7-2-2-6-0-8	9-6-4-5-7-6-4-5-2-2-8-7	6-3-5-7-7-1-4-8-7-4-9-5	9-5-4-7-6-6-5-5-2-6-6-7	5-8-6-7-5-8-7-4-7-5-8-3	5-6-6-2-2-5-5-5-5-6-7-7	1-7-7-8-8-2-7-5-4-5-4-6
570	7	5-8-5-9-7-7-7-2-2-5-6-6	5-4-7-6-2-2-6-8-5-7-5-6	5-6-6-2-6-6-8-6-8-6-8-6	6-5-9-6-6-6-8-6-8-8-8-5	6-5-1-3-6-8-8-6-7-7-6-6	6-6-6-7-4-5-6-6-7-7-4-7	6-6-8-5-6-9-8-6-7-7-5-6	2-8-5-6-6-1-4-4-6-7-8-5	5-5-4-6-5-3-5-6-7-6-6-6	5-6-7-9-8-7-6-7-6-5-5-3	5-6-5-2-2-5-5-5-5-6-6-7	2-6-6-6-5-2-6-5-5-1-4-8
570	8	9-9-5-5-7-9-8-9-9-8-5-9	5-7-7-6-2-9-6-7-9-9-9-6	5-6-6-6-6-8-7-6-9-8-7-6	6-5-8-6-6-6-9-6-7-7-7-5	6-5-3-6-5-7-7-6-7-8-2-3	9-6-6-7-5-5-8-6-8-8-0-6	9-6-7-7-9-8-7-9-8-7-6-6	8-7-3-7-6-1-4-6-9-4-3-5	8-5-4-6-6-9-7-9-2-6-6-3	9-6-8-7-7-6-6-4-9-5-8-3	3-8-8-2-2-9-5-5-6-6-2-8	1-6-8-6-6-2-3-7-6-8-7-7
570	9	9-8-9-7-9-8-8-9-8-2-9-6	5-9-9-6-9-9-6-9-9-9-8-9	9-9-9-9-9-6-8-9-8-9-9-9	8-9-7-9-9-9-8-9-7-9-9-5	6-5-9-9-9-7-8-9-9-9-5-9	8-9-9-8-9-5-9-9-9-9-9-9	6-9-9-7-8-9-9-9-9-9-8-8	9-9-3-8-9-5-3-3-8-1-6-7	6-8-9-9-3-9-9-6-9-9-3-0	8-9-9-7-9-3-9-6-8-9-8-9	5-2-7-7-2-8-5-5-5-8-9-8	1-8-9-2-7-9-9-9-9-9-4-2
571	0	0-0-0-0-0-0-0-0-0-0-0-0	0-0-0-0-0-0-0-0-0-0-0-0	0-0-0-0-0-0-0-0-0-0-0-0	0-0-0-0-0-0-0-0-0-0-0-0	0-0-0-0-0-0-0-0-0-0-0-0	0-0-0-0-0-0-0-0-0-0-0-0	0-0-0-0-0-0-0-0-0-0-0-0	0-0-0-0-0-0-0-0-0-0-0-0	0-0-0-0-0-0-0-0-0-0-0-0	0-0-0-0-0-0-0-0-0-0-0-0	0-0-0-0-0-0-0-0-0-0-0-0	0-0-0-0-0-0-0-0-0-0-0-0
571	1	1-1-1-1-1-1-1-1-1-1-1-1	0-0-0-1-1-1-0-2-0-1-2-0	0-2-0-5-2-0-1-0-0-2-0-2	2-0-0-2-3-2-0-1-1-1-1-0	1-0-1-2-0-1-2-2-1-0-0-2	3-0-2-0-1-2-2-3-1-1-1-2	0-1-1-0-2-1-0-2-1-1-1-2	1-1-1-1-2-1-1-9-1-0-0-0	1-0-2-2-9-1-0-2-0-1-1-1	0-1-0-0-2-1-2-1-2-2-0-1	1-1-0-0-2-2-1-1-1-1-1-0	0-1-2-1-1-1-2-0-1-1-1-1
571	2	2-2-2-2-2-2-2-2-2-2-2-2	2-3-2-1-0-2-0-3-3-2-1-3	2-2-1-1-1-0-3-1-3-1-3-1	1-0-4-1-1-1-3-1-3-2-3-0	2-0-1-1-2-3-3-1-2-2-0-1	1-0-3-0-2-1-3-1-2-2-3-2	3-9-2-2-1-2-3-1-2-2-3-1	2-0-1-3-3-1-3-4-1-2-3-0	3-1-3-1-2-1-4-1-3-2-3-2	3-1-2-3-1-4-3-2-1-1-3-1	0-1-0-2-1-1-3-3-5-1-1-0	2-1-1-2-3-1-1-3-1-1-2-1
571	3	3-2-1-3-2-3-3-3-3-3-3-3	3-2-2-1-1-3-0-2-2-2-4-2	1-4-0-4-5-4-2-4-2-5-2-4	4-4-4-5-1-4-2-1-2-4-2-0	1-0-0-4-4-2-4-4-3-4-4-5	5-5-2-0-3-1-4-1-3-3-2-4	2-2-2-3-1-2-3-4-3-3-2-4	3-5-2-2-2-3-2-1-1-3-2-0	3-3-2-4-3-3-0-5-8-8-2-7	2-3-3-5-8-1-5-2-1-4-2-1	3-1-3-3-3-4-2-2-3-5-5-7	2-4-1-2-2-3-2-2-4-7-4-1
571	4	4-4-4-4-4-4-4-4-4-4-3-3	3-5-4-1-4-3-0-5-5-4-3-4	9-3-4-3-1-3-5-3-5-3-5-3	3-3-5-3-1-3-5-1-5-3-2-0	4-0-7-3-3-2-5-3-5-4-3-3	3-3-2-0-5-1-5-1-3-4-4-3	2-5-8-2-5-4-5-5-3-2-4-3	4-0-4-3-2-3-8-2-3-4-5-5	4-4-2-3-4-3-4-3-2-4-5-2	0-1-9-5-5-2-3-4-3-3-2-1	4-1-0-3-5-3-5-4-5-3-3-5	3-3-3-3-4-4-5-0-3-9-3-4
571	5	5-5-6-6-4-5-5-6-5-5-6-9	5-4-4-6-8-3-5-4-6-4-6-6	5-6-7-7-3-6-4-6-6-3-4-4	3-6-6-3-1-6-5-5-4-4-6-5	5-5-5-3-7-4-4-5-4-5-5-3	3-3-3-5-4-9-4-1-2-4-4-5	2-4-4-5-6-5-4-4-3-2-4-3	4-5-3-6-5-3-3-7-6-9-6-5	4-8-8-2-3-3-6-3-4-5-4-3	6-3-5-3-6-1-3-5-6-7-6-1	7-1-0-3-3-7-7-5-7-3-3-4	5-3-5-7-7-5-4-5-3-4-1-5
571	6	7-6-7-7-7-7-7-7-7-7-8-7	7-7-7-5-7-7-7-7-7-7-7-7	6-7-6-8-7-7-7-7-7-7-7-7	7-6-7-7-7-5-8-7-7-7-7-7	8-8-8-3-5-6-7-6-7-6-8-6	7-5-8-7-5-7-7-7-7-6-4-6	9-6-6-6-5-6-4-4-6-8-9-9	6-6-7-6-6-7-6-7-5-6-5-9	6-8-7-6-7-7-7-7-6-6-6-6	7-6-7-6-5-1-7-4-5-5-5-1	9-9-8-5-8-9-6-6-5-6-7-7	5-3-8-5-5-8-6-8-6-6-6-6
571	7	6-6-6-9-6-6-6-6-6-6-6-6	6-6-6-8-6-6-6-6-6-6-8-6	7-8-5-8-8-6-8-6-6-6-6-6	8-5-6-8-8-8-6-6-6-6-8-6	8-5-6-8-5-8-8-8-6-6-6-8	6-6-8-6-3-6-6-6-6-7-2-7	6-7-6-5-6-7-4-4-6-6-8-7	6-7-6-8-8-6-9-8-3-3-8-6	4-6-6-7-8-6-6-8-3-3-8-3	6-8-6-6-6-6-6-6-6-5-6-1	5-6-3-3-6-6-6-8-5-6-6-6	5-7-6-5-5-6-7-5-8-3-7-6
571	8	6-6-6-7-6-6-6-6-6-6-6-9	6-6-6-7-6-6-7-7-6-6-7-6	9-7-6-6-7-8-7-6-6-6-8-6	7-8-8-7-7-7-6-7-6-6-7-5	7-5-6-7-8-7-7-7-8-6-6-7	6-8-6-6-8-9-8-6-8-8-2-8	9-1-4-8-9-8-4-9-8-6-7-8	8-7-6-7-7-8-4-7-9-3-7-8	8-8-6-8-7-3-6-8-3-3-7-3	8-8-8-6-3-1-6-6-9-5-7-1	4-6-6-3-6-6-8-8-6-8-6-9	5-9-6-5-8-6-8-6-7-3-7-6
571	9	9-6-7-7-6-6-6-9-6-6-6-8	6-6-9-5-9-6-7-9-9-9-7-8	9-8-9-6-9-6-8-8-8-9-6-9	7-9-6-9-9-9-6-9-6-9-9-5	6-5-9-9-9-9-8-9-9-9-7-7	6-9-8-6-9-8-9-9-9-9-9-9	6-9-9-6-8-9-4-8-9-9-6-6	9-9-6-8-9-8-7-7-8-5-6-6	8-9-9-8-1-9-9-8-3-3-7-7	8-9-9-9-3-1-9-6-8-9-6-9	6-6-9-9-8-6-8-6-6-6-9-9	6-8-5-6-8-9-9-6-9-9-8-6
572	0	0-0-0-0-0-0-0-0-0-0-0-0	0-0-0-0-0-0-0-0-0-0-0-0	0-0-0-0-0-0-0-0-0-0-0-0	0-0-0-0-0-0-0-0-0-0-0-0	0-0-0-0-0-0-0-0-0-0-0-0	0-0-0-0-0-0-0-0-0-0-0-0	0-0-0-0-0-0-0-0-0-0-0-0	0-0-0-0-0-0-0-0-0-0-0-0	0-0-0-0-0-0-0-0-0-0-0-0	0-0-0-0-0-0-0-0-0-0-0-0	0-0-0-0-0-0-0-0-0-0-0-0	0-0-0-0-0-0-0-0-0-0-0-0
572	1	0-0-1-1-1-0-1-1-1-1-1-1	0-0-0-1-0-0-0-2-0-1-0-0	0-1-0-2-2-2-0-0-0-3-0-2	2-0-0-3-2-2-0-3-1-1-1-3	1-0-1-0-0-1-2-2-1-1-1-1	3-0-2-1-0-0-2-2-1-1-0-1	1-1-1-0-2-0-1-2-0-1-0-3	0-3-1-2-1-0-0-8-1-1-0-0	1-0-2-2-8-0-0-2-0-1-1-1	0-2-0-0-2-7-2-1-2-0-0-2	3-1-1-0-0-1-0-0-0-1-1-2	0-2-2-1-0-1-2-0-1-0-1-1
572	2	2-2-2-2-2-2-2-2-2-1-2-2	0-4-2-1-0-0-0-3-0-2-0-3	4-2-0-1-1-1-3-4-0-1-3-1	1-4-2-1-1-1-0-1-3-2-3-0	2-0-0-2-2-3-3-1-2-2-1-1	1-1-3-0-2-0-1-1-2-2-7-2	3-1-2-2-1-2-6-1-2-2-0-1	0-0-0-3-3-0-3-0-2-2-0-4	3-0-3-1-2-0-4-1-3-2-2-3	0-1-2-3-3-0-1-3-1-2-3-1	2-1-3-2-0-1-2-3-0-1-1-2	3-1-1-3-3-1-1-0-1-1-2-2
572	3	3-2-3-3-2-3-2-3-3-3-3-3	0-2-2-1-0-3-0-2-0-4-4-2	1-4-0-1-1-4-2-2-2-5-2-3	4-3-4-1-1-1-2-1-4-2-2-1	1-0-0-3-6-2-2-3-4-1-4-1	1-3-2-1-3-1-4-1-3-3-2-4	2-1-2-3-1-2-3-4-3-1-2-4	3-1-1-2-2-3-2-0-3-3-4-4	2-0-2-1-3-3-0-4-8-7-2-2	1-3-0-4-2-0-1-2-1-0-2-1	1-1-4-7-3-4-2-2-4-3-4-3	2-4-1-2-2-3-1-0-4-0-2-1
572	4	5-4-5-4-5-4-4-5-5-5-5-5	4-2-2-5-5-4-5-4-5-5-4-5	4-5-5-5-2-5-4-5-5-5-5-4	3-5-3-5-5-5-5-5-3-5-5-7	5-8-5-3-5-2-4-4-3-4-5-4	3-5-2-5-3-5-3-1-3-2-0-3	7-5-5-7-4-6-3-3-3-8-0-3	4-4-6-5-4-6-5-6-6-6-7-3	4-7-7-5-1-3-6-3-5-5-4-3	4-1-5-6-2-6-5-4-6-6-4-1	6-1-5-3-3-8-5-7-5-5-3-4	8-3-8-7-5-4-5-5-5-4-2-5
572	5	6-5-7-5-6-6-6-7-6-6-6-5	6-4-6-4-6-6-4-5-6-6-6-6	5-6-6-8-5-4-5-6-6-6-6-5	5-5-6-5-5-4-6-5-6-5-4-5	7-4-4-7-7-5-5-5-6-7-7-5	6-6-6-4-3-6-6-6-6-5-0-6	5-6-6-4-6-5-5-6-6-5-8-6	6-1-5-4-4-7-4-6-4-4-6-5	5-5-6-4-3-6-7-6-7-4-4-3	6-5-4-4-6-4-6-5-4-4-4-4	1-8-6-5-6-6-4-6-4-4-6-5	6-8-5-4-6-6-7-7-4-6-1-4
572	6	5-5-5-8-7-5-5-5-5-5-8-5	5-2-5-7-5-5-7-6-5-5-5-5	6-7-7-5-7-7-7-5-5-5-5-7	7-4-5-7-7-7-5-7-5-5-7-4	7-4-6-7-3-7-7-7-5-5-5-7	5-7-7-6-3-5-7-7-5-6-2-7	4-5-5-4-5-6-2-7-5-7-7-5	5-7-5-7-7-5-8-7-4-4-7-5	8-4-5-7-7-5-4-5-3-4-7-5	5-7-6-4-7-4-7-7-4-4-7-7	7-5-5-3-5-5-5-5-4-4-5-6	5-7-5-4-5-5-5-5-7-5-7-5
572	7	6-8-5-6-6-8-5-5-5-5-5-8	5-6-6-6-5-5-6-6-5-6-5-5	5-6-6-6-6-6-6-5-6-6-6-6	6-7-7-6-6-6-8-6-5-5-6-4	6-4-4-6-7-6-6-6-7-5-5-6	5-6-6-7-7-5-6-6-7-7-2-6	8-5-5-4-6-7-3-6-7-4-6-5	7-6-1-6-6-5-4-6-6-5-6-7	7-7-4-6-6-5-4-7-3-3-6-3	5-7-7-4-6-1-6-6-8-4-7-6	6-7-7-3-6-7-7-4-4-7-5-7	5-3-5-4-7-5-5-5-6-5-6-1
572	8	8-6-6-6-6-7-5-8-5-5-6-7	5-8-8-6-8-5-6-5-6-8-6-6	8-8-6-5-8-6-8-7-5-8-7-8	7-8-8-8-8-6-7-8-8-8-8-4	5-4-8-8-8-8-7-8-8-8-5-6	5-8-8-6-8-5-8-8-8-8-8-7	7-8-8-5-5-8-8-7-8-4-5-5	8-6-1-7-8-5-6-1-6-4-6-5	6-7-8-7-1-8-8-6-3-8-6-8	6-8-8-8-8-5-6-5-7-8-8-8	6-5-3-7-5-4-7-5-5-4-8-8	5-5-4-5-7-8-8-5-8-8-6-5
573	0	0-0-0-0-0-0-0-0-0-0-0-0	0-0-0-0-0-0-0-0-0-0-0-0	0-0-0-0-0-0-0-0-0-0-0-0	0-0-0-0-0-0-0-0-0-0-0-0	0-0-0-0-0-0-0-0-0-0-0-0	0-0-0-0-0-0-0-0-0-0-0-0	0-0-0-0-0-0-0-0-0-0-0-0	0-0-0-0-0-0-0-0-0-0-0-0	0-0-0-0-0-0-0-0-0-0-0-0	0-0-0-0-0-0-0-0-0-0-0-0	0-0-0-0-0-0-0-0-0-0-0-0	0-0-0-0-0-0-0-0-0-0-0-0
573	1	1-1-1-2-1-1-1-1-1-1-2-2	2-2-1-0-2-2-3-2-1-2-2-2	1-2-1-1-2-2-2-2-3-2-2-2	2-1-2-2-1-0-2-1-2-2-2-1	2-0-1-3-2-1-2-1-2-2-2-1	4-2-2-2-2-2-2-2-2-1-4-2	4-1-1-1-2-5-2-2-1-2-4-1	1-1-2-0-1-2-1-1-1-1-0-1	1-0-1-1-1-2-4-2-2-1-1-2	1-1-1-3-1-1-6-1-1-4-0-1	4-0-4-2-3-2-1-1-2-1-2-1	3-1-1-1-2-1-6-2-1-1-4-1
573	2	1-1-2-2-1-1-1-1-1-1-1-1	1-1-1-2-1-1-1-1-1-1-1-1	5-3-1-6-3-1-3-1-1-1-1-3	3-0-1-1-3-3-1-2-1-1-3-1	5-0-2-5-1-3-3-3-1-1-1-3	5-1-3-1-1-3-3-1-1-1-0-1	3-4-1-3-3-2-1-3-1-1-3-3	1-2-2-3-3-1-1-4-2-1-3-0	2-0-3-3-4-3-1-3-1-2-3-1	2-3-1-1-3-2-3-1-3-1-1-4	1-2-1-1-1-1-0-0-1-3-4-1	1-2-2-1-1-6-3-1-2-2-2-1
573	3	3-3-1-3-1-1-1-1-1-1-1-2	1-4-4-2-1-1-1-4-1-1-2-4	0-2-1-1-2-1-4-4-1-2-4-2	2-3-1-1-2-2-1-2-4-4-4-1	1-0-3-2-1-2-4-2-3-3-1-2	2-2-4-1-3-2-4-3-1-3-6-3	2-1-7-3-2-1-5-2-3-5-2-2	3-2-1-2-2-1-3-2-2-5-6-1	3-0-2-2-3-2-3-2-1-3-2-2	1-2-3-1-2-2-2-3-2-1-1-3	1-2-1-4-1-1-0-1-1-2-2-3	1-2-2-4-1-7-2-0-7-3-6-1
573	4	6-3-1-4-1-1-4-4-6-5-5-5	5-3-3-5-1-3-5-7-5-1-6-5	7-5-6-2-3-1-5-3-5-5-3-5	5-5-4-5-2-5-5-2-3-3-3-5	2-5-2-4-6-1-5-5-3-5-3-4	1-2-3-4-6-7-3-2-1-6-1-2	1-2-2-3-5-7-3-5-1-3-4-2	5-2-4-3-2-3-3-2-2-4-4-5	5-5-1-2-2-4-5-5-3-4-2-1	5-2-3-8-2-2-1-1-5-1-6-2	6-2-1-3-8-1-7-5-5-4-2-4	1-2-4-3-5-1-2-6-5-7-1-1
573	5	5-5-4-4-5-5-5-5-5-4-4-4	4-6-6-4-7-1-4-6-4-1-4-4	2-4-4-1-2-5-6-3-4-7-6-6	4-4-5-4-2-4-4-1-6-7-5-4	2-4-3-6-4-5-6-4-6-5-6-2	2-2-3-4-4-2-6-2-5-5-3-5	6-6-3-1-4-5-3-4-5-3-2-2	4-2-4-2-2-1-5-2-2-5-4-4	4-4-6-2-6-6-4-6-7-5-2-5	4-2-3-6-6-2-2-1-4-6-8-5	4-6-4-3-1-4-4-4-4-5-6-5	5-6-4-4-4-1-2-4-4-4-1-1
573	6	8-6-8-8-5-6-8-6-4-4-7-7	7-5-5-4-7-1-7-5-7-1-7-4	2-7-4-2-7-7-7-7-7-4-5-7	7-4-7-6-7-7-5-7-7-5-7-6	7-4-7-7-4-7-7-7-5-6-6-7	6-7-7-6-4-4-7-7-5-4-3-6	7-5-3-6-4-1-3-7-6-3-7-6	4-7-4-7-7-1-8-8-6-5-7-4	8-4-5-7-7-5-1-7-5-5-7-5	4-7-5-5-5-5-7-3-4-6-7-2	4-5-1-1-1-6-4-5-7-7-5-8	8-7-6-6-7-3-7-4-3-4-3-1
573	7	6-8-6-6-7-8-8-8-8-7-6-8	8-5-5-4-8-8-6-6-6-6-6-8	4-6-4-6-6-6-6-7-6-7-8-6	6-7-6-6-6-6-8-6-6-5-6-6	6-4-6-6-7-6-6-6-7-7-6-6	8-6-6-8-7-4-6-6-7-7-7-7	6-5-3-6-8-7-7-8-7-7-6-6	7-6-6-6-6-1-5-6-2-5-6-4	7-7-7-6-7-5-6-6-5-7-6-5	1-6-7-6-6-5-6-1-8-6-6-2	3-7-1-3-3-7-4-5-6-6-5-7	1-8-1-7-6-3-6-4-3-4-6-1
573	8	8-7-6-6-8-7-7-8-7-6-6-7	7-8-8-4-8-8-7-8-8-8-6-7	8-8-8-7-8-6-8-7-8-8-7-8	6-8-6-8-8-8-7-8-7-8-8-7	6-4-8-8-8-8-7-8-8-8-5-6	7-8-8-7-8-4-8-8-8-8-8-7	7-8-8-8-7-8-8-7-8-8-5-8	8-8-8-7-8-4-6-2-2-8-1-4	7-8-8-8-2-8-8-6-8-2-6-1	7-8-8-8-6-2-8-8-3-8-5-8	4-2-5-8-4-1-4-4-4-8-8-8	8-7-8-1-1-8-8-4-8-8-2-1
574	0	0-0-0-0-0-0-0-0-0-0-0-0	0-0-0-0-0-0-0-0-0-0-0-0	0-0-0-0-0-0-0-0-0-0-0-0	0-0-0-0-0-0-0-0-0-0-0-0	0-0-0-0-0-0-0-0-0-0-0-0	0-0-0-0-0-0-0-0-0-0-0-0	0-0-0-0-0-0-0-0-0-0-0-0	0-0-0-0-0-0-0-0-0-0-0-0	0-0-0-0-0-0-0-0-0-0-0-0	0-0-0-0-0-0-0-0-0-0-0-0	0-0-0-0-0-0-0-0-0-0-0-0	0-0-0-0-0-0-0-0-0-0-0-0
574	1	1-1-1-1-1-1-1-1-1-1-1-1	0-2-1-0-0-0-0-2-0-1-0-0	1-0-0-1-1-0-2-0-3-0-2-2	0-0-1-0-1-0-0-0-2-1-2-0	1-0-0-0-0-2-2-0-1-2-2-0	0-2-0-0-1-0-2-0-2-1-1-0	2-1-1-0-0-1-0-2-1-1-0-1	1-1-0-0-1-0-2-0-0-1-0-0	0-1-0-0-0-0-0-0-2-1-0-7	0-0-1-0-1-2-0-1-0-0-0-1	0-0-1-3-1-0-0-0-0-0-0-1	6-0-0-1-0-1-0-0-0-0-0-1
574	2	2-2-2-1-1-2-2-1-2-2-2-3	3-2-1-2-1-2-3-1-3-3-3-0	2-3-3-4-3-4-3-1-1-3-1-3	3-3-2-2-3-3-0-2-3-1-1-2	3-0-3-4-3-1-3-3-2-1-1-3	3-3-3-2-2-4-3-4-1-2-0-3	1-1-1-0-3-0-3-3-2-4-3-3	1-3-4-3-3-1-1-4-2-0-2-0	0-0-3-3-4-3-0-3-1-2-4-2	0-3-0-4-3-4-3-1-3-0-0-2	0-3-2-4-1-0-0-0-0-3-3-2	0-3-2-2-0-2-4-0-2-4-2-4
574	3	3-3-3-3-3-3-3-3-3-2-3-4	2-4-4-2-3-3-2-1-4-2-4-4	6-2-3-2-2-5-4-4-1-2-4-2	2-2-2-2-2-2-4-2-2-5-4-0	2-0-2-2-2-3-4-2-3-3-2-2	2-2-4-2-5-0-4-3-4-3-6-3	1-1-5-7-2-3-4-2-3-5-4-2	3-2-2-2-2-4-6-5-2-3-0-0	3-0-2-2-3-2-6-4-1-4-2-3	0-2-7-3-2-2-2-1-2-4-4-2	6-2-7-4-0-0-0-0-4-2-2-3	0-2-2-2-0-3-2-0-6-0-5-5
574	4	4-4-4-7-4-4-5-5-5-4-5-3	4-3-3-5-6-4-5-6-5-3-5-5	5-5-5-2-2-5-3-5-5-3-3-4	5-4-5-5-2-2-3-2-3-3-2-5	3-7-2-2-5-3-5-5-4-4-6-3	3-2-3-4-3-5-3-5-3-3-3-6	7-1-3-4-4-4-3-5-4-2-5-2	5-3-5-2-2-5-1-2-5-4-5-4	5-5-4-2-2-4-5-3-6-3-2-5	5-5-0-5-5-2-5-1-5-3-5-2	5-3-4-2-4-5-5-5-5-5-2-4	5-2-4-5-5-5-2-5-5-4-3-2
574	5	6-3-5-5-5-5-5-5-4-4-5-5	5-3-3-4-6-4-4-7-4-2-6-4	5-6-4-6-5-4-6-6-4-6-5-6	6-4-4-4-6-6-4-6-6-3-6-4	6-4-3-6-4-6-6-6-4-4-6-6	6-1-6-5-3-4-6-4-3-3-3-4	1-5-3-4-4-4-3-7-2-3-6-7	4-5-4-5-6-4-3-6-4-4-4-4	4-4-4-5-6-6-4-6-4-6-6-4	4-4-5-4-4-5-6-1-4-4-4-6	4-2-4-3-6-4-4-4-4-4-5-5	4-5-5-6-4-4-2-4-4-4-6-6
574	6	5-7-5-5-6-7-6-5-5-5-5-7	6-3-3-4-4-7-4-4-4-6-5-7	7-5-4-5-5-6-5-5-7-5-6-5	5-6-6-5-5-5-7-5-5-3-5-4	5-4-3-5-6-5-7-5-6-6-5-5	7-7-5-7-3-7-5-3-6-3-3-7	7-7-3-6-7-6-3-5-6-5-5-6	6-5-2-5-5-6-7-5-6-4-5-4	6-4-7-6-5-6-4-5-4-5-5-5	6-6-6-4-5-7-6-7-7-5-4-5	3-6-5-6-7-7-4-4-6-6-6-6	7-6-6-6-6-6-6-4-5-4-5-7
574	7	7-6-4-4-7-7-6-7-6-6-5-6	6-7-7-4-7-7-5-5-4-7-5-4	7-7-7-5-7-7-6-6-6-7-7-7	7-7-7-7-7-7-6-7-6-7-7-4	5-4-7-7-7-7-6-7-7-7-5-5	6-7-7-6-7-7-7-7-7-7-7-6	6-7-7-3-6-7-7-7-7-7-4-6	7-7-7-6-7-6-6-5-2-4-5-4	6-4-7-6-5-7-7-6-7-3-5-1	5-4-7-7-7-6-7-6-6-7-4-7	4-7-1-7-6-6-4-4-4-6-7-6	6-6-7-1-6-7-7-7-7-7-6-7
575	0	0-0-0-0-0-0-0-0-0-0-0-0	0-0-0-0-0-0-0-0-0-0-0-0	0-0-0-0-0-0-0-0-0-0-0-0	0-0-0-0-0-0-0-0-0-0-0-0	0-0-0-0-0-0-0-0-0-0-0-0	0-0-0-0-0-0-0-0-0-0-0-0	0-0-0-0-0-0-0-0-0-0-0-0	0-0-0-0-0-0-0-0-0-0-0-0	0-0-0-0-0-0-0-0-0-0-0-0	0-0-0-0-0-0-0-0-0-0-0-0	0-0-0-0-0-0-0-0-0-0-0-0	0-0-0-0-0-0-0-0-0-0-0-0
575	1	1-1-1-2-1-1-1-2-1-1-1-1	1-2-1-1-3-2-2-2-2-1-2-1	1-2-1-2-2-2-2-2-2-2-3-2	2-0-2-3-1-0-2-2-1-2-1-2	2-1-1-2-1-1-2-1-1-1-7-1	4-2-2-2-0-2-1-0-2-1-4-2	4-2-1-1-2-1-0-2-1-1-4-4	1-1-0-2-1-2-1-2-1-1-2-1	1-1-2-0-2-7-1-1-2-1-1-7	3-1-2-2-1-2-1-1-4-2-0-1	4-2-3-0-1-2-1-1-1-1-2-1	8-2-1-1-1-1-1-0-4-1-4-1
575	2	1-1-1-1-1-1-1-1-1-1-1-1	3-1-1-3-1-1-1-1-1-1-1-1	1-3-1-1-3-1-1-1-1-3-1-1	3-0-1-4-3-3-1-6-1-1-3-1	5-0-8-5-1-3-3-3-1-1-1-3	1-1-3-6-2-1-3-2-1-1-0-1	1-1-1-0-3-2-2-3-1-2-0-3	1-4-7-3-4-1-8-4-4-1-7-0	0-1-3-4-4-1-0-4-1-2-4-1	8-4-1-1-3-4-1-1-3-1-0-4	0-4-0-4-1-1-1-0-1-4-1-2	1-4-1-5-8-1-4-0-7-2-2-4
575	3	1-3-1-3-1-1-1-1-1-1-1-1	2-4-4-2-1-1-1-4-1-1-2-1	4-2-5-1-4-6-4-3-4-4-4-2	2-3-3-1-2-2-1-1-4-3-2-1	4-1-4-5-3-2-4-2-4-1-1-2	1-0-5-2-3-1-4-3-1-3-7-3	3-1-3-3-2-3-4-2-1-5-0-2	3-2-0-2-2-4-2-2-3-6-0-0	0-1-2-2-3-1-5-2-1-3-2-3	1-5-1-4-2-2-2-6-2-4-0-2	7-1-1-6-1-1-0-0-7-1-1-1	1-2-1-4-1-5-2-0-6-1-6-1
575	4	4-3-1-7-1-3-3-1-1-1-5-5	5-3-3-2-1-1-5-3-5-1-5-6	3-5-1-1-3-3-5-5-3-3-3-4	5-5-5-5-2-2-6-4-3-3-4-6	3-6-5-3-6-3-5-5-3-4-1-4	1-5-3-5-6-8-3-2-1-1-1-4	5-1-3-6-5-4-3-3-1-1-6-1	6-2-2-2-2-6-3-2-5-4-4-6	6-6-5-2-2-1-6-5-1-5-2-1	5-6-1-3-2-2-1-1-5-5-5-2	6-2-7-3-1-6-6-6-5-2-2-4	1-2-5-3-6-6-2-6-5-6-1-2
575	5	5-7-5-8-6-6-5-1-5-5-4-4	4-6-6-2-1-4-4-6-4-1-4-6	3-4-7-1-2-4-6-4-4-6-6-5	4-4-4-4-2-4-6-2-6-7-6-4	2-4-4-3-4-6-6-4-6-5-6-2	6-4-3-4-4-4-6-5-5-5-3-5	4-6-6-3-4-5-3-4-5-3-6-2	5-2-2-6-2-4-6-5-4-5-4-4	4-4-4-4-5-2-3-4-6-5-2-3	4-2-5-6-5-2-1-1-4-4-4-2	4-5-8-1-1-5-4-4-4-2-5-5	1-6-4-5-4-3-2-4-4-6-5-2
575	6	7-8-8-8-5-5-8-6-6-6-6-6	4-5-5-6-7-1-8-7-4-7-7-7	7-7-7-7-7-8-7-5-3-7-5-6	7-4-4-7-7-7-5-2-5-5-7-4	7-4-6-7-4-7-7-7-5-1-5-6	7-5-7-8-4-4-7-6-5-5-3-7	7-5-5-4-5-6-5-8-5-3-7-3	4-7-8-7-7-4-5-2-8-3-7-4	4-4-7-7-8-1-4-7-5-5-7-1	4-4-1-5-7-7-1-3-4-4-4-6	4-6-4-3-4-4-4-4-4-6-5-6	1-7-6-7-4-4-7-4-4-4-7-2
575	7	6-8-6-6-5-8-6-8-8-6-8-8	8-5-5-6-6-8-6-6-8-7-6-8	8-6-6-6-6-7-6-8-8-6-6-6	6-7-7-6-6-6-8-1-6-5-6-4	6-4-6-6-7-6-6-6-7-7-1-6	6-1-6-8-4-4-6-6-7-5-3-7	8-5-5-4-7-7-3-6-7-3-6-7	7-6-2-6-6-8-5-2-6-3-6-7	7-4-7-6-6-1-7-6-5-5-6-1	7-6-7-6-6-8-1-8-8-7-4-2	6-6-4-3-3-7-4-7-3-6-1-7	1-6-7-7-7-1-6-4-2-4-6-2
575	8	8-7-6-6-8-8-6-8-7-7-7-7	7-8-8-6-8-8-6-8-8-8-6-7	8-8-8-6-8-6-7-5-7-8-8-8	7-8-8-8-8-8-7-8-6-8-8-7	6-4-8-8-8-8-7-8-8-8-1-8	7-8-8-6-8-4-8-8-8-8-8-8	7-8-8-8-6-8-8-8-8-8-7-7	8-8-6-7-8-7-2-2-6-4-7-8	7-4-8-7-6-8-8-6-8-5-6-1	7-4-8-8-8-7-8-7-7-8-4-8	4-1-5-8-1-1-4-4-4-7-8-8	8-7-4-3-2-8-8-4-8-8-3-1
576	0	0-0-0-0-0-0-0-0-0-0-0-0	0-0-0-0-0-0-0-0-0-0-0-0	0-0-0-0-0-0-0-0-0-0-0-0	0-0-0-0-0-0-0-0-0-0-0-0	0-0-0-0-0-0-0-0-0-0-0-0	0-0-0-0-0-0-0-0-0-0-0-0	0-0-0-0-0-0-0-0-0-0-0-0	0-0-0-0-0-0-0-0-0-0-0-0	0-0-0-0-0-0-0-0-0-0-0-0	0-0-0-0-0-0-0-0-0-0-0-0	0-0-0-0-0-0-0-0-0-0-0-0	0-0-0-0-0-0-0-0-0-0-0-0
576	1	1-2-1-1-1-1-1-0-1-1-1-1	1-0-0-1-0-1-1-0-0-0-0-0	1-2-2-0-1-2-2-2-0-0-2-1	2-2-2-1-1-2-0-1-0-2-0-1	0-2-1-0-2-0-2-2-2-0-0-1	0-4-0-1-0-1-0-1-0-0-0-2	0-0-0-4-0-0-0-0-0-1-1-2	1-0-3-0-1-2-0-0-1-1-4-1	1-2-2-0-3-0-2-1-0-1-1-2	4-1-1-2-0-0-0-0-1-2-4-0	4-0-1-0-4-1-2-3-3-1-0-1	1-1-1-1-1-1-1-1-1-1-1-0
576	2	1-1-2-1-2-2-2-2-2-2-2-2	3-0-0-5-0-1-1-3-1-3-3-3	1-1-1-5-3-1-3-5-3-3-3-3	3-1-1-3-4-4-4-4-3-1-3-1	5-1-9-4-1-2-3-3-1-5-4-3	3-3-3-2-2-4-3-4-0-2-0-4	3-4-0-1-3-0-2-3-2-2-0-4	0-5-5-3-3-1-2-9-2-1-1-0	2-1-3-3-5-4-1-3-0-2-5-2	1-3-0-1-3-5-4-0-3-1-3-2	2-5-1-0-0-2-1-1-5-3-4-2	1-3-1-1-1-2-3-1-2-2-2-5
576	3	3-3-2-3-3-3-3-3-3-2-3-2	2-5-3-2-4-3-1-4-4-4-2-4	1-2-1-2-2-2-4-5-2-2-4-2	2-1-4-2-2-2-4-2-4-3-4-1	2-1-1-3-3-4-4-2-3-3-2-2	2-2-2-2-3-2-4-2-3-3-7-3	5-2-3-1-2-3-2-2-3-3-1-2	3-2-2-4-2-1-3-0-2-0-5-4	3-1-2-2-1-2-1-2-4-3-3-3	1-2-3-3-2-4-2-3-4-3-1-3	0-0-0-3-5-4-1-1-1-2-2-3	1-2-1-1-1-2-4-1-7-5-7-4
576	4	4-4-5-4-5-5-4-4-4-4-4-1	2-3-4-2-3-3-2-5-3-3-2-5	1-4-6-2-2-2-5-4-3-2-5-5	2-5-5-2-2-2-3-2-5-5-3-1	2-1-1-4-2-3-5-4-5-2-2-2	2-2-3-2-5-2-5-2-4-4-0-2	3-2-4-1-5-3-5-5-4-0-5-2	4-2-1-3-2-1-8-5-2-5-1-4	4-1-3-2-4-2-1-2-3-2-2-3	1-2-6-5-5-2-2-8-3-4-5-2	1-4-9-4-1-3-1-1-1-2-2-2	1-2-1-1-1-4-3-1-1-7-4-3
576	5	4-4-4-6-4-4-4-4-6-5-4-6	5-3-4-2-4-6-6-4-3-4-6-4	8-6-7-2-4-6-4-6-6-6-4-4	6-6-4-6-2-6-4-2-4-4-4-1	2-1-1-5-7-3-4-5-4-6-5-6	6-6-4-2-5-9-4-2-4-5-0-5	9-2-4-7-6-5-4-4-4-5-6-6	0-2-2-4-2-7-4-4-2-5-3-8	5-7-7-2-2-4-4-8-4-5-2-5	1-2-5-4-6-2-0-4-7-7-4-2	5-2-5-3-3-5-5-1-2-2-6-5	1-5-1-1-5-5-2-5-5-4-0-2
576	6	7-7-7-7-7-7-7-7-7-9-7-9	7-7-6-7-7-7-7-7-8-7-5-7	6-7-8-7-7-7-7-8-7-7-7-7	7-5-7-7-6-5-7-8-7-7-7-7	8-8-7-7-5-7-7-6-6-8-8-8	6-5-8-6-7-7-7-7-7-6-3-6	9-6-6-6-5-6-4-6-6-7-6-9	6-6-6-6-6-5-6-6-6-8-6-9	6-5-5-6-7-6-6-5-7-6-9-6	7-7-4-6-5-6-6-9-5-5-7-7	6-9-6-4-9-7-6-6-7-6-7-5	9-6-6-7-7-6-2-8-6-6-6-6
576	7	6-6-6-6-6-6-6-6-6-6-6-6	6-6-6-6-6-6-6-6-6-6-6-6	5-8-6-6-6-6-8-6-6-6-6-8	6-5-6-6-8-8-6-6-6-6-6-6	6-6-8-6-5-6-8-8-8-6-6-8	8-6-6-7-6-6-8-6-6-4-3-8	8-8-6-5-5-9-4-8-6-6-8-9	6-8-2-8-8-5-6-9-9-5-8-5	6-5-5-8-6-6-6-5-6-7-8-4	6-6-8-6-8-9-6-4-5-5-8-6	6-7-6-3-6-6-5-4-6-6-6-7	6-8-5-7-6-4-5-6-3-4-3-3
576	8	6-9-6-7-6-6-6-6-6-6-6-6	6-6-6-6-6-6-6-7-6-6-6-6	5-7-6-6-7-6-7-6-6-6-8-7	7-5-6-6-7-7-6-6-6-6-7-5	6-6-7-6-8-7-7-7-7-6-6-7	7-9-6-6-5-6-7-6-6-8-3-7	7-7-6-9-8-7-7-7-8-6-7-6	6-7-2-7-7-5-6-9-9-6-7-5	8-5-5-7-6-6-8-5-6-6-7-8	8-7-7-6-7-9-6-4-5-5-7-6	4-6-6-3-6-6-5-4-6-7-6-7	6-7-6-8-6-6-5-6-3-7-9-6
576	9	9-6-6-7-6-6-6-9-6-6-6-6	6-6-9-6-9-6-8-7-9-9-7-6	9-9-9-6-9-7-8-6-7-9-6-9	9-9-6-9-9-9-8-9-6-9-9-1	6-6-9-9-9-9-8-9-9-9-6-9	6-9-9-7-9-9-9-9-9-9-9-9	8-9-9-8-7-9-9-9-9-9-6-6	9-9-2-7-9-8-9-8-7-6-5-6	6-5-6-8-2-9-9-5-6-6-7-0	7-9-9-9-9-8-9-6-5-9-6-9	9-6-4-4-6-5-5-4-9-6-9-9	6-8-5-6-6-9-9-6-9-9-8-6
577	0	0-0-0-0-0-0-0-0-0-0-0-0	0-0-0-0-0-0-0-0-0-0-0-0	0-0-0-0-0-0-0-0-0-0-0-0	0-0-0-0-0-0-0-0-0-0-0-0	0-0-0-0-0-0-0-0-0-0-0-0	0-0-0-0-0-0-0-0-0-0-0-0	0-0-0-0-0-0-0-0-0-0-0-0	0-0-0-0-0-0-0-0-0-0-0-0	0-0-0-0-0-0-0-0-0-0-0-0	0-0-0-0-0-0-0-0-0-0-0-0	0-0-0-0-0-0-0-0-0-0-0-0	0-0-0-0-0-0-0-0-0-0-0-0
577	1	1-1-1-2-2-1-1-2-1-1-2-1	2-2-1-2-2-2-2-2-2-1-2-2	1-1-1-3-2-2-2-2-2-2-1-2	2-1-2-3-2-2-2-2-2-2-2-1	2-2-2-3-2-1-2-1-2-2-3-1	2-2-2-2-2-2-2-2-2-1-5-2	2-1-2-1-2-3-2-2-1-3-5-1	1-1-1-1-1-3-1-1-1-1-0-1	1-0-3-0-2-2-2-2-2-1-1-3	1-1-1-3-4-2-2-2-2-3-2-1	1-2-4-2-2-3-1-1-4-1-2-1	2-1-1-1-3-5-2-2-4-4-4-2
577	2	1-1-1-1-1-1-1-1-1-1-1-1	1-1-1-3-1-1-1-1-1-1-3-1	0-3-1-1-3-1-3-1-1-1-1-1	3-0-1-4-3-3-1-6-1-1-3-1	3-1-4-1-1-3-3-3-1-1-1-3	1-3-3-2-1-1-3-1-1-1-5-3	1-1-1-0-3-2-1-1-1-2-7-1	1-2-2-3-3-1-1-8-3-1-7-0	0-0-1-3-4-1-1-3-1-2-2-1	0-7-1-1-3-4-1-1-3-0-1-3	7-1-1-1-1-2-0-0-0-2-1-1	1-2-2-1-1-0-3-1-0-0-2-1
577	3	1-3-1-2-3-1-1-1-1-1-1-1	1-4-3-2-1-1-1-4-1-1-2-2	4-2-1-1-2-1-4-2-1-2-4-4	2-4-2-1-2-2-1-2-4-1-4-1	2-0-2-1-1-4-4-2-3-3-1-2	2-2-4-1-3-2-4-2-1-3-7-2	1-1-7-0-2-1-6-2-1-1-2-1	1-4-4-2-2-1-7-2-2-3-1-1	0-0-4-2-3-1-1-2-1-3-2-4	0-1-3-1-2-2-7-1-2-1-8-2	0-1-1-6-1-1-0-7-1-4-1-3	1-2-2-3-1-0-2-0-0-1-6-1
577	4	1-3-1-5-3-4-4-3-1-1-1-5	4-3-3-4-1-1-5-5-1-1-5-5	7-5-6-1-4-5-3-5-3-5-3-5	5-6-5-5-2-5-5-2-4-1-3-5	1-5-2-4-6-3-3-4-4-3-1-7	1-2-3-4-4-1-3-2-1-3-1-2	4-1-3-0-5-4-1-5-1-1-1-1	1-3-6-3-2-6-3-3-7-4-6-7	6-0-3-3-2-0-1-2-1-4-2-3	6-6-1-5-1-2-3-1-5-5-6-2	6-1-1-1-1-5-6-6-6-3-1-4	4-2-4-3-6-1-1-6-8-1-1-1
577	5	6-6-6-6-6-6-6-6-6-6-6-6	6-6-5-6-6-7-6-6-6-7-4-6	5-6-5-7-6-7-6-6-7-5-5-5	6-4-6-6-5-6-6-7-5-6-6-4	7-7-3-7-5-5-6-5-6-7-6-5	8-6-3-6-4-6-5-5-6-5-1-6	8-6-5-5-5-6-6-6-6-6-1-6	5-3-6-5-2-7-6-6-6-6-8-4	1-8-6-6-5-7-7-6-7-5-2-3	5-1-5-8-3-6-3-5-6-6-8-2	8-8-8-7-8-8-4-1-8-5-6-6	8-7-5-8-5-7-6-4-1-5-3-6
577	6	5-5-5-8-5-5-5-5-5-5-5-5	5-5-5-7-5-5-8-7-5-5-7-7	7-7-4-5-7-5-7-5-5-7-5-7	7-4-5-7-7-7-5-2-7-5-7-2	6-4-7-7-4-6-7-7-5-5-5-7	7-5-7-5-4-5-7-6-5-6-4-5	6-5-5-8-7-5-7-7-5-5-7-6	5-7-4-7-7-5-5-7-8-5-4-4	4-0-7-7-7-5-4-5-5-5-7-6	4-7-5-5-7-7-3-6-5-5-5-7	4-5-5-5-1-5-4-4-4-5-5-6	5-5-6-7-4-4-7-4-4-5-7-5
577	7	5-8-5-5-5-8-5-5-5-5-5-8	5-5-5-6-5-5-6-6-5-5-6-6	8-6-4-5-6-5-6-6-5-6-8-6	6-7-7-6-6-6-8-5-6-5-6-8	6-5-6-6-7-6-6-6-7-5-5-6	6-8-6-7-4-5-6-6-5-7-1-7	7-5-3-7-6-5-6-6-7-5-6-6	7-6-2-6-6-5-3-6-4-5-2-4	7-7-7-6-6-5-5-6-5-6-6-6	5-6-7-5-6-6-3-6-5-7-7-6	2-7-8-5-5-5-4-3-5-6-5-7	3-8-5-6-7-5-6-4-6-5-6-5
577	8	8-5-6-6-5-7-5-8-5-5-5-7	5-5-8-6-8-5-6-6-8-8-6-6	8-7-8-5-7-6-7-5-5-8-7-8	7-8-8-6-8-8-7-8-7-8-8-7	6-5-8-8-8-8-7-8-8-5-6-8	5-8-7-8-8-5-8-8-8-8-8-8	5-8-8-8-6-8-8-8-8-8-5-6	8-6-8-6-8-6-8-2-6-5-5-5	7-5-8-8-6-8-8-6-8-5-5-8	5-8-8-8-8-5-8-5-7-8-5-8	5-5-7-8-5-5-4-4-5-5-8-8	5-7-5-5-5-8-8-5-4-8-6-5
578	0	0-0-0-0-0-0-0-0-0-0-0-0	0-0-0-0-0-0-0-0-0-0-0-0	0-0-0-0-0-0-0-0-0-0-0-0	0-0-0-0-0-0-0-0-0-0-0-0	0-0-0-0-0-0-0-0-0-0-0-0	0-0-0-0-0-0-0-0-0-0-0-0	0-0-0-0-0-0-0-0-0-0-0-0	0-0-0-0-0-0-0-0-0-0-0-0	0-0-0-0-0-0-0-0-0-0-0-0	0-0-0-0-0-0-0-0-0-0-0-0	0-0-0-0-0-0-0-0-0-0-0-0	0-0-0-0-0-0-0-0-0-0-0-0
578	1	1-1-1-2-1-1-1-1-1-1-1-2	1-2-1-0-2-2-0-2-2-2-0-0	2-2-0-1-2-2-2-2-2-2-2-2	2-0-2-4-1-0-0-2-2-2-2-1	1-1-1-0-1-1-2-1-2-1-5-0	0-0-2-0-0-0-1-0-2-1-1-1	1-2-1-1-0-1-2-2-1-1-1-1	1-1-1-1-1-0-2-2-1-1-0-1	1-0-0-0-2-1-1-1-2-1-1-2	1-1-2-2-1-1-2-1-0-0-0-1	1-1-5-2-9-2-6-1-1-1-2-1	0-2-1-1-1-1-2-0-5-1-1-1
578	2	1-1-1-1-1-1-2-1-1-1-1-1	3-1-1-5-1-1-4-1-1-1-1-3	1-4-0-1-1-1-3-1-1-1-1-1	3-0-1-1-3-4-3-4-3-1-3-1	3-1-1-3-0-3-3-3-1-2-1-3	1-0-3-2-2-0-3-3-1-2-0-4	1-1-1-0-3-2-2-3-1-2-0-2	1-5-5-3-5-0-1-2-2-1-0-0	0-0-3-5-5-4-0-1-1-2-5-1	4-4-1-1-3-8-3-1-3-0-0-5	0-2-0-1-0-1-0-0-0-2-3-2	0-4-4-4-0-4-5-0-0-2-2-5
578	3	3-3-2-4-3-3-3-3-1-1-2-2	2-4-3-2-1-4-2-4-1-2-2-4	1-2-1-2-2-1-4-5-4-2-4-2	2-4-4-1-2-2-2-2-4-3-4-0	3-0-2-3-3-4-4-2-3-3-1-2	0-2-2-3-3-0-2-2-3-3-8-3	8-1-1-0-2-3-5-2-3-4-0-2	3-2-4-4-2-0-3-2-3-3-0-0	3-0-2-2-0-2-4-4-1-3-2-4	0-4-1-4-4-4-2-5-4-3-4-2	0-4-1-3-4-1-0-0-0-2-2-3	0-2-2-4-1-5-2-0-0-5-7-2
578	4	4-5-5-4-4-4-4-3-4-1-4-4	2-5-3-2-5-3-2-5-4-4-2-3	1-4-0-1-5-2-5-1-5-6-5-5	2-5-5-1-2-2-5-2-5-5-3-0	4-0-4-5-3-3-5-4-5-2-1-2	0-5-6-3-4-2-5-2-4-4-4-3	3-2-5-0-2-4-5-5-4-3-5-1	1-2-2-3-2-0-8-4-4-3-1-0	3-0-3-2-4-2-3-3-5-4-2-3	2-2-4-5-5-3-5-5-3-0-5-2	0-4-7-9-3-1-3-3-5-3-2-3	0-2-2-4-2-2-2-0-0-4-3-1
578	5	5-4-4-6-4-4-4-6-5-5-4-6	5-4-4-2-4-5-5-4-6-5-6-6	6-6-7-6-4-5-4-6-4-5-4-6	5-7-4-5-2-6-5-7-4-4-4-6	2-5-5-4-7-3-4-5-4-5-1-2	6-6-4-2-5-8-4-2-5-4-4-7	3-1-4-8-6-8-4-4-4-2-4-1	5-2-2-6-2-8-4-4-5-7-5-0	7-0-5-6-2-1-5-4-4-5-2-7	6-5-8-4-4-2-4-4-7-5-4-2	5-6-5-1-6-9-1-8-6-2-2-5	0-5-5-5-5-5-2-8-1-3-2-2
578	6	8-9-8-8-7-7-8-8-7-7-7-8	7-8-6-7-7-8-7-7-7-7-5-7	6-7-7-8-7-7-5-8-7-7-7-5	7-6-7-6-7-6-7-8-7-7-7-5	8-5-8-4-5-6-7-6-7-8-7-7	7-5-7-6-7-9-7-8-7-6-4-6	7-7-7-5-5-6-7-6-6-8-7-7	7-2-7-5-7-8-7-5-5-6-7-9	6-6-7-7-7-6-7-7-7-7-7-7	6-6-9-6-7-7-7-6-5-5-7-7	7-9-7-6-9-7-7-5-5-6-7-6	7-7-7-5-5-8-7-6-6-7-8-7
578	7	6-6-6-9-6-6-6-6-6-6-6-8	6-6-6-6-6-6-6-8-6-6-9-6	6-8-8-6-6-6-8-6-6-6-6-8	8-5-6-8-8-8-6-8-6-6-6-5	8-5-6-4-5-6-8-8-6-6-6-8	6-6-8-7-4-6-8-6-6-6-4-8	6-6-6-5-8-7-6-8-6-6-8-8	6-8-6-8-8-6-6-8-5-6-8-6	5-0-6-8-6-6-6-6-6-7-8-6	9-8-5-6-8-6-6-6-5-5-6-6	8-6-6-6-6-6-6-6-6-8-6-7	6-6-8-7-8-6-6-0-2-8-3-6
578	8	6-6-6-6-6-9-6-6-6-6-6-9	6-6-6-6-6-6-7-7-7-6-6-9	9-7-7-6-7-6-7-6-6-6-8-7	7-8-6-7-7-7-9-7-6-6-7-9	6-5-6-4-8-7-7-7-8-6-6-7	6-6-7-7-8-9-7-6-8-8-4-7	9-6-8-5-7-5-6-7-8-6-7-7	8-7-6-7-7-6-6-7-5-6-7-9	9-8-5-7-7-6-6-7-6-7-7-6	7-7-5-7-7-2-6-6-9-6-8-6	7-8-8-3-6-8-8-5-5-8-6-8	6-6-9-5-7-6-2-5-3-7-6-2
578	9	9-6-6-7-6-8-6-9-6-6-6-8	6-6-9-6-9-6-7-9-7-9-7-8	9-9-9-6-9-6-9-6-6-9-6-9	8-9-6-9-9-9-8-9-6-9-9-8	6-5-5-9-9-9-8-9-9-9-6-9	8-9-9-8-9-8-9-9-9-9-9-8	8-9-9-6-8-9-9-9-9-9-8-6	9-9-9-8-9-6-2-2-8-9-7-6	8-8-9-9-2-9-9-6-9-6-7-9	7-9-6-9-9-6-9-6-8-9-8-9	8-6-6-4-6-6-8-6-6-6-9-9	7-6-8-6-6-9-9-9-9-9-2-6
579	0	0-0-0-0-0-0-0-0-0-0-0-0	0-0-0-0-0-0-0-0-0-0-0-0	0-0-0-0-0-0-0-0-0-0-0-0	0-0-0-0-0-0-0-0-0-0-0-0	0-0-0-0-0-0-0-0-0-0-0-0	0-0-0-0-0-0-0-0-0-0-0-0	0-0-0-0-0-0-0-0-0-0-0-0	0-0-0-0-0-0-0-0-0-0-0-0	0-0-0-0-0-0-0-0-0-0-0-0	0-0-0-0-0-0-0-0-0-0-0-0	0-0-0-0-0-0-0-0-0-0-0-0	0-0-0-0-0-0-0-0-0-0-0-0
579	1	1-1-1-2-1-1-1-2-1-1-2-2	2-2-1-1-2-2-2-2-1-1-0-2	1-2-4-2-2-2-3-2-3-2-3-2	2-1-2-3-1-2-2-1-2-2-2-1	2-3-1-3-1-1-2-1-2-2-2-1	2-2-2-2-2-2-2-2-2-1-0-2	1-1-1-1-2-4-2-2-1-2-1-1	1-1-1-1-1-2-1-1-1-1-3-3	1-4-6-1-2-2-2-1-2-1-1-2	3-1-1-2-1-1-2-1-0-4-2-1	2-1-2-2-1-2-1-1-1-1-2-1	2-1-1-1-2-5-1-2-1-1-1-1
579	2	1-1-2-2-1-1-1-1-1-1-1-1	1-1-1-2-1-1-1-1-1-1-3-1	4-3-1-1-4-1-1-1-1-3-1-3	3-0-1-1-3-3-1-2-3-1-1-1	1-1-3-4-0-1-3-3-1-1-1-4	4-4-1-1-1-1-3-1-1-1-0-4	3-4-1-0-3-2-1-3-1-1-3-3	1-2-3-3-3-1-1-4-2-1-0-0	2-0-3-3-8-4-1-3-1-2-2-1	1-3-1-1-3-2-1-1-3-1-1-4	1-2-1-1-1-1-1-1-1-3-1-1	1-2-4-1-1-1-3-1-2-2-2-1
579	3	3-3-2-3-3-3-1-1-1-1-1-1	1-4-3-2-1-1-1-4-1-1-2-1	1-2-1-2-2-1-4-1-1-2-4-2	2-4-4-1-2-2-1-1-4-3-4-1	2-1-2-1-0-3-4-2-3-3-1-2	2-2-4-1-3-2-4-2-1-3-7-3	2-2-3-0-2-1-4-2-1-6-2-2	3-2-2-4-2-2-6-2-2-3-1-1	1-1-4-2-3-2-3-2-1-3-2-3	1-2-3-3-2-2-2-3-4-1-1-3	1-4-1-1-1-1-0-1-1-2-2-4	1-2-2-1-1-4-4-4-2-2-3-1
579	4	4-4-1-1-5-1-4-4-1-1-4-1	1-5-3-2-3-1-1-3-1-1-2-5	1-4-1-1-2-1-3-2-1-5-3-4	2-3-3-5-2-2-6-2-6-5-3-1	2-1-2-6-5-3-3-4-5-5-1-2	2-2-3-1-4-2-5-2-4-4-3-2	5-2-5-0-2-1-4-1-4-1-2-2	4-2-1-3-2-1-7-2-2-4-0-1	1-1-3-2-6-2-3-2-8-3-3-4	5-2-8-5-5-2-5-3-3-1-1-2	1-3-4-3-1-5-0-1-4-4-5-3	1-5-2-5-1-3-3-3-6-8-3-1
579	5	5-8-6-8-4-6-7-7-6-5-5-5	6-4-4-2-6-6-6-5-6-6-6-6	5-6-6-6-5-7-5-6-6-6-5-5	6-6-6-5-5-6-6-7-5-6-6-6	4-8-8-5-6-4-5-5-4-5-5-5	5-6-5-6-6-8-4-6-1-4-4-6	6-4-5-5-5-1-4-5-5-3-5-6	3-3-6-4-2-7-4-2-6-6-6-5	8-6-5-2-2-5-5-4-6-5-8-4	5-4-8-4-4-4-4-5-3-6-6-4	5-1-5-5-5-4-5-4-6-5-4-5	6-4-5-6-7-1-3-5-2-4-1-8
579	6	6-6-7-6-7-5-8-7-5-8-7-6	5-4-7-7-5-5-7-7-7-5-7-5	6-5-5-7-7-8-7-5-7-5-5-7	7-5-5-7-7-7-4-7-7-5-7-7	7-5-7-7-5-6-7-7-4-5-7-7	6-5-7-5-5-5-7-7-1-4-3-6	7-7-1-8-8-6-4-5-1-3-7-8	1-7-7-7-7-5-8-7-8-5-7-5	5-5-5-7-7-7-1-7-5-7-7-7	8-7-6-5-7-4-7-3-5-5-7-7	7-5-7-5-1-5-5-7-5-1-5-3	5-7-6-5-1-0-7-0-7-2-7-1
579	7	6-6-6-6-6-6-6-6-5-6-6-8	6-4-6-6-5-5-6-6-6-5-6-5	8-8-5-6-6-7-6-5-6-6-5-6	6-7-7-6-6-6-8-6-6-5-6-6	6-5-6-6-7-6-6-6-7-7-6-6	6-8-6-5-5-5-6-6-7-7-3-7	6-6-1-7-7-7-4-6-7-3-6-6	7-6-6-6-6-5-4-6-2-6-6-7	7-7-7-6-6-6-7-6-4-6-6-6	7-7-7-6-6-8-6-5-8-5-6-6	6-7-6-1-8-8-5-7-6-7-1-7	5-8-7-7-5-7-7-1-6-2-6-1
579	8	8-5-6-6-8-8-6-8-6-6-6-7	6-8-8-6-8-5-6-8-6-8-6-7	8-7-8-6-8-6-6-7-7-8-6-8	7-8-8-8-8-8-7-8-4-8-8-7	6-5-8-8-8-8-7-8-8-8-6-6	7-8-7-5-8-5-8-6-8-8-8-8	7-8-8-6-6-8-8-6-8-8-6-6	8-6-6-7-8-7-6-6-6-6-6-5	5-5-8-7-6-8-8-6-4-3-6-6	7-8-8-8-8-6-8-5-3-8-4-8	1-1-8-8-7-7-6-6-1-8-8-8	5-7-5-8-4-8-8-8-8-8-6-5
580	0	0-0-0-0-0-0-0-0-0-0-0-0	0-0-0-0-0-0-0-0-0-0-0-0	0-0-0-0-0-0-0-0-0-0-0-0	0-0-0-0-0-0-0-0-0-0-0-0	0-0-0-0-0-0-0-0-0-0-0-0	0-0-0-0-0-0-0-0-0-0-0-0	0-0-0-0-0-0-0-0-0-0-0-0	0-0-0-0-0-0-0-0-0-0-0-0	0-0-0-0-0-0-0-0-0-0-0-0	0-0-0-0-0-0-0-0-0-0-0-0	0-0-0-0-0-0-0-0-0-0-0-0	0-0-0-0-0-0-0-0-0-0-0-0
580	1	1-1-1-1-1-1-1-1-1-1-1-1	0-3-2-0-0-1-0-0-0-1-0-2	0-0-0-0-0-0-2-0-0-0-2-0	0-0-2-0-0-0-1-0-2-2-2-1	1-0-0-0-0-2-2-0-1-0-0-0	2-0-1-0-0-0-2-0-2-1-1-2	2-1-1-1-0-1-2-4-1-1-1-1	1-1-0-1-1-0-1-1-0-1-0-0	1-0-0-0-0-0-1-1-4-1-0-2	0-0-1-2-1-1-0-0-0-0-0-1	0-0-7-1-1-0-0-0-0-0-1-1	1-1-0-1-4-0-0-0-0-0-1-2
580	2	2-1-2-2-1-1-2-1-2-2-2-3	0-1-1-5-2-2-0-5-0-1-3-1	4-3-3-5-3-3-3-3-0-3-1-3	3-0-1-5-4-4-3-2-1-1-5-2	4-0-3-2-0-1-3-3-2-0-4-4	3-5-3-0-2-4-3-2-1-1-1-3	3-1-1-0-3-0-1-3-2-2-4-4	2-3-2-3-5-2-1-5-2-0-4-0	2-0-3-3-5-3-0-3-0-2-5-3	0-2-2-1-3-2-3-2-3-0-0-2	1-2-0-2-0-3-0-0-0-2-3-3	1-2-2-2-0-2-3-0-2-4-2-2
580	3	3-3-2-3-3-3-3-3-3-3-3-2	4-4-3-2-3-3-0-4-4-3-2-4	2-2-2-2-2-2-4-2-4-2-4-4	2-4-3-2-2-2-3-2-4-1-4-0	2-0-2-2-0-4-4-2-3-3-2-2	2-2-2-4-2-2-4-2-3-3-4-4	2-2-3-3-2-3-3-2-3-3-0-2	3-2-4-4-2-2-5-2-2-4-3-1	3-0-4-2-3-2-0-2-5-4-2-2	0-2-3-4-2-2-2-3-2-4-5-2	5-2-8-3-8-2-0-0-0-2-2-2	1-2-2-3-0-0-2-0-0-5-8-4
580	4	4-5-4-3-4-4-4-3-4-4-3-2	3-6-5-2-3-4-2-5-4-3-5-3	2-4-5-2-2-3-5-3-5-6-5-3	2-3-5-2-2-2-4-2-5-5-3-0	2-0-6-5-0-3-5-4-5-0-2-2	2-2-3-3-4-2-5-2-4-4-3-3	3-4-4-3-2-4-4-5-4-3-2-2	4-2-3-3-2-2-7-2-2-4-5-4	4-0-5-2-4-2-4-2-8-4-4-5	0-2-4-5-5-2-5-5-3-6-0-2	3-2-5-5-5-4-5-6-5-2-2-1	4-2-2-4-6-4-3-7-4-2-2-3
580	5	6-4-2-5-3-4-4-7-5-5-5-7	5-4-4-2-6-4-5-4-4-3-6-7	5-6-6-2-2-5-4-5-4-2-4-5	5-5-7-2-2-2-4-2-4-4-6-5	2-7-7-4-6-3-4-6-4-5-5-2	2-2-2-4-5-2-4-2-3-4-4-6	8-4-4-7-5-7-4-4-4-2-0-2	4-3-7-3-2-5-4-2-2-5-5-5	7-7-4-2-2-2-5-5-4-6-2-4	5-2-4-4-4-3-4-4-5-6-7-2	3-2-4-4-4-8-7-7-7-5-4-5	4-2-5-5-5-5-2-7-5-3-5-5
580	6	7-6-7-6-7-7-7-6-7-7-6-6	7-4-7-7-7-7-7-6-7-7-7-7	6-7-7-7-7-7-6-6-7-7-6-7	7-7-5-7-7-7-7-7-7-5-7-6	7-6-7-7-5-6-7-6-6-6-7-7	6-7-7-6-5-8-7-7-4-6-3-7	7-7-6-5-7-6-8-7-4-8-6-7	2-7-8-7-7-5-8-7-6-5-7-6	8-6-5-7-7-6-4-6-6-6-7-5	7-7-6-5-7-7-7-4-5-5-7-7	7-5-6-8-5-5-6-6-8-7-5-7	4-7-6-5-7-7-7-7-7-6-7-7
580	7	6-8-6-6-6-6-6-6-6-6-6-6	6-4-6-6-6-6-6-6-6-6-6-6	8-6-6-6-6-6-6-6-6-6-6-6	6-6-5-6-6-6-8-6-6-5-6-8	6-5-6-6-7-6-6-6-7-6-6-6	6-6-6-6-7-6-6-6-7-7-3-8	6-6-4-5-6-7-4-6-7-6-6-6	7-6-5-6-6-5-4-6-2-6-6-7	5-7-5-6-6-6-5-5-4-7-6-5	6-6-4-3-6-6-6-6-7-7-6-6	6-7-1-4-7-5-5-5-5-6-4-6	4-6-7-5-6-6-6-5-6-6-6-6
580	8	8-6-6-6-6-7-6-8-6-6-6-6	6-8-8-6-8-6-6-8-6-8-6-7	8-8-8-6-8-6-6-6-6-8-6-8	8-8-8-8-8-8-7-8-6-8-8-7	6-5-8-8-8-6-7-8-8-8-6-6	6-6-8-6-8-6-8-8-8-8-8-7	7-8-8-6-6-8-6-8-8-6-6-8	8-6-6-8-8-6-6-6-2-6-6-6	6-8-8-8-2-8-8-5-4-4-6-6	6-8-8-8-8-6-6-4-7-8-8-8	3-8-3-6-4-5-7-5-6-7-8-8	8-7-5-5-6-8-8-8-5-8-6-6
581	0	0-0-0-0-0-0-0-0-0-0-0-0	0-0-0-0-0-0-0-0-0-0-0-0	0-0-0-0-0-0-0-0-0-0-0-0	0-0-0-0-0-0-0-0-0-0-0-0	0-0-0-0-0-0-0-0-0-0-0-0	0-0-0-0-0-0-0-0-0-0-0-0	0-0-0-0-0-0-0-0-0-0-0-0	0-0-0-0-0-0-0-0-0-0-0-0	0-0-0-0-0-0-0-0-0-0-0-0	0-0-0-0-0-0-0-0-0-0-0-0	0-0-0-0-0-0-0-0-0-0-0-0	0-0-0-0-0-0-0-0-0-0-0-0
581	1	1-0-1-1-1-0-1-1-1-1-2-1	1-0-0-1-0-1-2-2-0-1-0-1	2-2-2-0-1-2-2-0-0-0-3-2	2-2-2-2-0-2-0-1-0-0-2-4	0-2-2-2-2-0-2-2-0-4-1-1	0-0-0-0-1-2-2-0-0-0-0-2	0-0-0-1-2-0-0-2-0-0-3-0	5-0-0-2-1-2-1-0-0-2-1-0	2-2-2-0-3-0-2-2-0-1-1-2	3-1-1-0-0-1-0-0-1-2-3-1	1-1-1-0-1-1-1-4-0-1-1-1	1-1-3-1-1-1-0-1-1-1-1-1
581	2	2-1-2-2-2-2-2-2-2-2-2-2	3-0-0-4-0-2-3-3-3-2-3-3	1-3-1-5-3-1-1-0-3-3-5-3	3-1-1-3-4-4-3-4-3-1-3-1	4-1-1-1-1-2-3-3-1-4-3-3	3-0-3-2-2-1-3-3-6-2-0-4	0-4-0-1-3-2-2-3-0-2-3-3	1-4-2-3-3-1-2-6-2-1-2-3	1-1-3-3-5-0-1-3-0-2-3-1	4-3-0-1-3-4-3-2-3-1-0-5	2-8-2-2-8-1-1-0-3-2-4-2	1-3-1-1-4-2-3-1-2-2-2-7
581	3	3-3-3-3-3-3-3-3-3-2-3-3	2-5-3-2-0-3-2-4-4-3-2-4	1-2-2-2-2-2-4-5-4-2-4-2	2-1-1-2-2-2-2-2-2-5-2-1	2-5-1-3-3-4-4-2-3-1-2-2	2-1-4-2-3-1-2-2-3-3-6-3	4-2-6-3-2-3-6-2-6-3-1-2	3-2-2-2-2-3-6-2-3-3-1-3	4-1-2-2-1-2-1-2-5-3-2-4	1-2-0-4-2-2-2-4-2-1-4-2	2-3-4-3-1-2-3-1-2-2-2-2	3-2-1-1-6-2-2-1-3-2-5-2
581	4	4-3-2-4-3-4-3-4-4-4-4-4	2-3-3-2-0-5-1-3-3-3-5-3	1-2-6-2-2-1-3-3-3-5-3-6	5-5-5-5-2-2-3-2-5-7-2-1	2-1-3-5-1-3-5-2-5-1-6-2	5-4-3-2-4-1-5-2-4-4-0-2	5-2-3-3-2-3-4-5-4-3-3-5	4-2-2-3-2-4-3-2-4-7-8-4	3-1-1-2-6-6-1-5-8-7-2-6	2-4-0-5-5-2-2-3-2-1-3-2	1-6-4-4-5-4-1-1-2-4-2-4	1-4-8-6-3-4-2-3-1-5-3-2
581	5	5-5-5-7-3-4-5-5-5-5-6-8	6-3-3-6-6-4-5-7-6-3-6-6	2-6-6-2-6-6-6-3-6-6-2-5	4-6-4-7-7-6-6-1-7-4-6-1	7-8-5-4-4-6-6-6-4-5-7-5	4-4-7-6-4-1-4-2-3-3-0-6	7-5-3-6-6-5-4-4-3-3-5-6	5-2-6-6-5-6-3-7-7-8-5-4	3-1-5-6-7-4-1-4-3-5-6-4	5-5-5-4-4-7-4-4-5-1-3-2	2-2-5-4-4-4-1-5-6-5-5-2	5-4-8-5-5-1-5-1-5-4-3-2
581	6	6-8-8-7-3-6-8-6-5-6-5-7	5-3-3-7-6-4-7-7-7-5-7-8	7-5-5-7-7-5-7-7-5-5-7-4	7-5-7-5-5-7-8-7-7-4-5-1	7-5-7-7-1-7-7-5-4-8-7-7	6-8-7-5-5-1-7-2-4-6-3-7	5-6-3-5-7-5-3-7-3-8-7-5	6-7-5-7-5-8-3-8-5-4-6-5	8-1-5-7-7-4-1-4-4-4-5-4	8-8-6-4-7-5-7-3-1-1-7-7	8-7-7-4-4-6-3-7-5-5-6-6	6-4-7-6-7-1-5-1-7-6-7-3
581	7	6-8-6-6-7-8-8-6-8-6-6-6	5-3-3-6-6-8-6-6-6-7-6-6	6-6-6-6-6-7-6-8-5-6-7-6	6-7-7-5-5-6-8-6-5-4-6-1	6-1-6-6-7-6-6-5-7-7-6-6	8-7-5-5-7-1-6-3-7-7-0-6	5-6-3-8-6-7-4-6-7-6-6-6	7-6-2-6-2-7-3-6-8-4-6-7	7-7-5-6-6-4-7-4-4-4-6-0	7-7-7-6-6-5-6-3-8-1-6-6	2-7-6-4-8-6-7-7-2-5-2-7	8-4-7-7-7-7-5-1-6-4-6-2
581	8	8-7-6-6-8-7-6-8-7-6-6-8	5-8-8-6-8-7-6-6-8-8-6-6	8-8-8-6-8-8-8-8-7-8-8-8	6-8-8-8-8-8-7-8-8-8-8-1	6-5-8-8-8-8-7-8-8-8-6-6	7-8-8-6-8-1-8-8-8-8-8-8	5-8-8-7-6-8-8-6-8-8-7-6	8-8-8-8-8-7-8-6-7-5-4-7	7-7-8-8-6-8-8-4-4-3-6-0	6-6-8-8-8-8-8-7-8-8-8-8	8-2-0-6-7-7-7-7-8-8-8-7	7-4-4-8-7-8-8-8-8-8-6-8
582	0	0-0-0-0-0-0-0-0-0-0-0-0	0-0-0-0-0-0-0-0-0-0-0-0	0-0-0-0-0-0-0-0-0-0-0-0	0-0-0-0-0-0-0-0-0-0-0-0	0-0-0-0-0-0-0-0-0-0-0-0	0-0-0-0-0-0-0-0-0-0-0-0	0-0-0-0-0-0-0-0-0-0-0-0	0-0-0-0-0-0-0-0-0-0-0-0	0-0-0-0-0-0-0-0-0-0-0-0	0-0-0-0-0-0-0-0-0-0-0-0	0-0-0-0-0-0-0-0-0-0-0-0	0-0-0-0-0-0-0-0-0-0-0-0
582	1	1-1-1-1-1-1-1-1-1-1-1-1	0-0-0-1-0-1-0-2-0-1-2-0	0-2-0-1-2-2-2-2-0-2-0-2	2-0-0-2-2-2-0-1-1-3-1-1	1-0-1-0-2-1-2-2-1-0-0-2	2-0-2-0-1-3-2-1-1-1-0-2	2-6-3-0-2-1-0-2-1-1-2-2	1-1-1-2-2-1-2-7-1-0-0-0	1-0-2-2-3-1-0-3-0-1-1-1	0-1-0-0-2-1-0-1-2-0-0-3	0-1-0-1-0-1-0-1-3-1-2-0	1-1-1-0-0-2-2-0-1-1-1-1
582	2	2-2-2-2-2-2-2-2-2-2-2-3	1-3-2-1-2-3-0-3-3-2-1-3	1-2-3-1-1-1-3-1-3-1-3-3	1-2-2-1-1-1-5-1-3-2-3-0	3-3-3-2-3-3-3-1-2-2-3-1	1-0-3-0-2-1-3-1-2-2-6-1	1-1-2-3-1-2-3-1-2-2-3-1	2-3-1-3-1-3-6-4-1-2-2-3	2-0-1-1-2-2-3-1-3-2-2-2	3-1-3-0-1-1-3-2-1-3-2-1	3-1-0-3-2-3-0-3-0-1-1-2	0-1-1-3-3-1-1-2-1-3-2-2
582	3	3-2-3-4-2-3-3-2-3-3-3-2	3-2-2-1-2-2-3-2-3-3-4-2	5-4-5-4-2-4-2-3-2-2-2-2	3-5-3-5-1-1-3-3-2-2-2-6	2-6-2-5-5-2-2-3-2-2-2-3	2-4-2-3-5-1-2-1-2-2-2-3	5-1-1-5-4-3-2-4-1-2-5-2	2-1-5-2-2-5-1-1-5-3-5-5	5-5-5-1-1-4-5-1-6-3-1-3	5-5-2-4-4-1-2-1-4-5-5-1	5-1-3-2-5-5-5-5-5-1-2-3	5-1-3-5-5-5-3-5-5-5-1-1
582	4	5-6-5-3-5-5-7-5-5-5-5-5	5-5-5-1-6-5-3-5-5-5-5-5	4-5-6-5-4-5-5-5-5-5-5-5	5-4-5-6-4-3-5-6-5-6-4-3	6-4-5-3-3-4-5-4-5-5-6-4	5-6-5-4-3-5-5-5-5-4-2-4	4-5-4-4-3-4-6-5-4-6-7-5	5-4-2-4-4-6-5-6-4-4-7-4	4-3-5-4-6-6-4-7-5-3-4-4	6-4-4-5-3-5-6-4-3-4-3-1	6-6-6-4-5-7-3-4-3-4-6-4	3-5-4-7-3-6-6-3-3-3-4-7
582	5	4-4-4-5-4-4-4-4-4-4-4-4	4-4-4-1-4-4-4-4-4-4-6-4	3-6-4-4-6-4-6-4-4-4-4-4	6-3-4-4-6-6-4-4-4-4-6-3	4-3-4-3-3-6-6-6-4-4-4-6	4-4-6-5-3-4-6-4-4-4-6-5	3-4-4-3-5-5-4-4-4-4-6-5	4-6-3-5-6-4-4-4-7-3-6-3	3-3-3-5-4-4-3-6-4-4-6-3	3-3-4-4-6-4-4-4-3-3-3-1	3-1-6-2-4-3-3-3-3-4-4-5	3-4-3-6-3-3-4-3-3-3-6-4
582	6	4-4-4-5-4-4-4-4-4-4-4-7	4-4-4-4-4-4-5-5-4-4-5-7	4-5-4-4-5-4-5-4-4-4-5-4	5-6-6-4-5-5-4-4-4-4-5-3	4-3-5-3-6-5-5-5-6-6-4-5	7-4-5-6-6-7-5-4-6-4-2-6	7-1-4-6-7-6-4-5-6-4-5-5	4-5-3-5-5-4-2-4-7-3-5-6	6-3-6-6-4-4-6-5-4-4-5-3	7-6-6-4-5-1-4-7-7-4-6-1	4-4-4-2-7-4-3-3-5-6-4-6	3-7-4-5-6-4-4-3-5-3-5-2
582	7	7-4-5-5-7-4-4-7-4-4-4-6	4-4-7-4-7-4-6-7-7-7-6-6	7-7-7-4-7-4-6-6-6-7-4-7	7-7-7-7-7-7-6-7-6-7-7-3	4-3-7-7-7-7-6-7-7-7-5-4	6-7-7-6-7-6-7-7-7-7-7-7	6-7-7-7-6-7-7-7-7-7-4-5	7-5-1-6-7-5-7-1-5-3-4-4	6-7-7-6-1-7-7-6-7-4-6-1	6-3-7-7-1-1-7-6-6-7-3-7	3-4-4-2-6-4-3-3-4-6-7-6	7-6-4-4-6-7-7-3-7-7-6-4
583	0	0-0-0-0-0-0-0-0-0-0-0-0	0-0-0-0-0-0-0-0-0-0-0-0	0-0-0-0-0-0-0-0-0-0-0-0	0-0-0-0-0-0-0-0-0-0-0-0	0-0-0-0-0-0-0-0-0-0-0-0	0-0-0-0-0-0-0-0-0-0-0-0	0-0-0-0-0-0-0-0-0-0-0-0	0-0-0-0-0-0-0-0-0-0-0-0	0-0-0-0-0-0-0-0-0-0-0-0	0-0-0-0-0-0-0-0-0-0-0-0	0-0-0-0-0-0-0-0-0-0-0-0	0-0-0-0-0-0-0-0-0-0-0-0
583	1	1-1-0-1-2-1-1-1-1-1-1-1	0-2-2-0-0-0-0-2-0-0-0-2	0-0-0-1-1-0-2-0-0-0-2-0	0-1-2-0-0-0-0-1-2-1-2-0	0-0-0-0-0-2-2-0-1-0-0-1	2-0-0-0-0-0-2-0-2-1-1-2	2-1-2-0-2-0-0-0-0-2-0-1	1-1-0-0-1-0-0-0-0-1-0-0	1-0-0-0-0-0-0-1-4-1-0-1	0-0-1-2-1-1-0-2-0-0-0-1	2-0-0-0-1-0-0-1-0-1-1-1	2-1-0-1-0-0-1-0-0-0-0-2
583	2	3-1-2-2-1-1-2-4-2-2-2-2	3-1-1-2-0-3-4-1-0-1-0-1	4-4-3-4-3-3-3-5-0-3-1-3	3-3-1-2-4-3-0-2-3-1-1-2	4-0-3-3-0-1-3-3-2-0-9-3	3-3-3-0-2-4-3-4-1-1-2-3	3-3-1-0-3-0-1-3-2-1-2-3	2-2-2-3-2-3-3-4-4-1-1-0	2-0-3-3-5-3-0-3-1-2-6-3	2-2-1-1-3-4-3-1-3-0-0-2	1-2-2-1-1-1-0-2-1-2-3-4	1-2-2-2-0-2-3-0-2-2-2-2
583	3	3-3-2-3-3-3-3-3-3-3-3-2	2-7-4-2-0-3-0-4-0-4-2-4	4-2-2-2-2-2-4-2-4-2-4-2	2-4-3-2-2-2-4-2-4-3-4-0	2-0-2-2-0-4-4-2-3-3-0-2	2-2-2-0-3-2-4-2-3-3-7-2	3-2-3-0-2-3-4-2-0-3-2-2	3-5-0-4-2-2-4-2-2-0-0-0	0-0-2-2-3-2-0-2-1-3-2-3	0-2-9-4-2-2-4-7-2-0-4-2	4-2-0-3-0-0-0-1-0-2-2-2	1-2-2-3-0-5-2-0-0-2-7-7
583	4	4-3-5-4-3-4-3-5-4-4-4-4	4-3-3-2-4-4-2-5-5-5-5-3	2-2-5-2-5-5-3-2-3-5-3-5	5-5-5-5-2-2-3-2-5-7-3-2	2-0-2-7-5-3-5-4-7-4-7-5	2-4-3-0-4-5-5-2-3-4-3-4	4-9-1-4-2-3-8-5-4-3-0-2	3-2-5-3-2-4-7-2-2-5-9-0	0-0-2-2-2-4-9-5-9-3-3-5	0-3-7-5-6-2-3-5-2-0-3-2	3-2-4-4-5-4-0-0-6-4-5-2	4-5-2-4-1-4-2-0-5-7-3-4
583	5	6-5-4-4-3-4-5-4-5-5-5-5	5-3-3-2-5-5-5-8-6-4-4-6	8-6-7-2-4-4-6-6-4-4-4-4	4-6-4-4-2-6-7-4-4-6-3-8	2-5-5-4-6-3-4-5-6-5-4-5	6-7-3-5-7-4-4-2-5-3-0-6	5-4-3-5-6-5-3-4-4-9-9-2	5-3-4-3-2-7-4-2-2-4-5-0	7-8-6-2-2-4-6-4-4-5-2-4	5-6-8-4-2-2-3-4-5-6-5-2	6-2-4-4-4-9-8-8-5-6-4-2	5-4-5-5-5-5-5-5-4-4-3-5
583	6	6-7-7-7-8-8-7-8-7-7-7-9	7-3-3-7-7-8-6-7-6-8-8-7	5-5-5-7-7-7-5-7-7-7-7-7	7-5-7-8-7-7-8-6-7-5-7-5	7-6-7-4-7-6-7-7-5-7-8-6	9-7-7-7-4-9-7-7-7-6-0-5	8-6-6-8-7-7-6-7-7-9-5-7	6-6-7-6-6-5-4-7-6-4-6-7	7-5-9-6-8-7-5-7-8-6-7-4	7-5-6-5-4-2-7-8-5-7-5-2	6-9-6-4-4-6-5-6-4-5-7-6	9-4-6-5-7-6-5-6-4-4-3-6
583	7	9-7-6-9-3-7-6-6-6-6-6-6	6-3-6-8-6-6-8-7-8-6-8-8	7-8-5-6-8-6-8-6-8-6-6-8	8-6-6-6-8-8-5-8-6-4-8-5	8-6-7-4-6-8-8-8-4-6-4-8	8-8-8-6-4-6-8-6-7-3-3-8	9-7-6-6-6-7-4-8-6-6-8-6	6-8-6-8-8-5-9-8-8-6-8-6	6-5-6-8-5-6-8-5-6-7-8-4	6-8-6-5-8-8-8-3-5-6-8-6	8-2-4-4-9-5-5-9-8-8-6-8	5-8-7-5-6-6-8-0-8-4-3-3
583	8	6-9-6-7-6-9-6-6-6-6-6-9	7-7-6-7-7-6-7-5-7-6-7-7	5-7-7-7-7-7-7-6-7-7-8-7	7-8-8-6-7-7-9-7-7-4-7-5	7-5-5-6-8-7-9-7-8-6-6-7	7-7-7-9-8-6-7-7-8-8-3-8	6-4-1-5-8-8-4-7-8-6-7-2	8-7-6-7-7-5-4-7-7-6-7-8	8-8-7-7-8-6-7-5-6-7-7-2	7-7-5-9-7-7-7-6-8-6-7-7	7-8-9-4-8-5-5-5-7-7-4-7	5-9-9-5-7-6-7-6-7-4-7-7
583	9	9-8-7-7-9-8-6-9-6-6-6-8	6-9-9-7-9-6-7-7-9-9-7-8	9-9-9-6-9-9-9-8-9-9-8-9	8-9-9-9-9-9-8-9-8-9-9-8	7-6-9-9-9-9-8-9-9-9-6-5	6-9-9-8-9-6-8-9-9-9-9-8	7-4-9-9-6-9-9-8-9-5-5-9	9-9-2-8-9-9-7-7-2-5-6-6	6-9-9-2-2-9-9-7-4-2-7-4	6-9-3-9-4-7-9-8-8-9-9-9	9-6-8-8-7-5-9-6-9-5-9-9	9-8-8-5-6-9-9-6-9-9-7-9
584	0	0-0-0-0-0-0-0-0-0-0-0-0	0-0-0-0-0-0-0-0-0-0-0-0	0-0-0-0-0-0-0-0-0-0-0-0	0-0-0-0-0-0-0-0-0-0-0-0	0-0-0-0-0-0-0-0-0-0-0-0	0-0-0-0-0-0-0-0-0-0-0-0	0-0-0-0-0-0-0-0-0-0-0-0	0-0-0-0-0-0-0-0-0-0-0-0	0-0-0-0-0-0-0-0-0-0-0-0	0-0-0-0-0-0-0-0-0-0-0-0	0-0-0-0-0-0-0-0-0-0-0-0	0-0-0-0-0-0-0-0-0-0-0-0
584	1	1-1-1-2-2-1-1-2-1-1-2-2	1-2-1-0-2-2-3-2-1-1-2-1	1-2-1-1-2-2-2-2-2-2-1-2	2-1-2-2-2-2-2-2-2-2-2-1	4-2-2-3-2-1-2-1-2-2-4-1	2-2-2-2-2-2-2-2-1-1-1-2	2-2-1-1-2-3-2-2-1-3-1-1	1-1-1-1-1-2-1-2-1-1-2-3	1-0-1-1-2-2-1-2-2-1-1-0	1-1-1-3-1-3-1-1-2-1-0-1	1-4-3-2-1-1-4-1-4-1-2-2	1-1-1-1-3-4-2-4-5-3-3-1
584	2	1-1-1-1-1-1-1-1-1-1-1-1	1-1-1-3-1-1-0-1-3-1-3-1	0-3-0-1-4-1-3-1-1-1-1-1	3-0-1-4-4-3-1-4-1-1-3-1	1-1-3-1-1-1-3-3-1-1-1-3	1-4-3-1-1-3-3-1-1-1-5-4	1-1-1-0-3-2-1-1-1-1-8-1	1-2-2-3-4-1-1-4-2-1-4-1	4-0-3-4-4-3-1-3-1-2-4-2	1-4-1-1-4-4-3-1-3-1-0-4	4-3-1-1-1-1-0-0-0-4-1-1	1-2-2-1-0-1-3-1-0-1-2-1
584	3	3-3-1-1-1-1-1-3-1-1-1-1	2-4-4-2-1-1-1-1-2-1-2-2	0-2-1-1-2-1-4-1-4-2-4-4	2-3-3-1-2-2-4-2-4-3-2-1	2-0-2-1-1-3-4-2-4-3-1-2	2-2-5-1-4-2-4-1-1-3-6-3	4-2-3-0-4-1-4-4-3-1-2-1	3-2-2-2-2-1-8-2-2-3-0-1	0-0-2-2-3-2-3-2-1-3-2-3	0-2-1-1-2-1-2-7-2-3-0-2	2-2-6-4-1-1-0-4-1-2-3-1	1-2-2-2-1-1-2-0-1-1-6-1
584	4	4-3-4-4-1-1-1-5-1-1-1-7	4-3-3-5-1-1-6-3-5-1-5-5	6-5-6-1-2-4-3-3-3-2-3-4	2-8-5-2-2-2-3-2-3-4-2-8	1-5-4-3-7-3-3-2-3-1-1-2	1-7-3-4-3-2-3-2-1-3-3-2	7-5-1-8-3-1-3-3-1-1-7-5	4-2-7-2-2-4-3-2-8-4-6-0	4-6-4-2-2-2-6-5-3-4-2-3	4-2-1-1-2-2-7-3-5-5-7-2	7-6-0-3-5-9-8-8-7-4-1-4	8-2-4-7-4-1-5-1-4-8-3-1
584	5	6-5-8-7-6-6-7-6-7-7-6-6	6-6-5-4-7-6-7-6-6-6-6-6	5-6-7-6-6-6-6-6-7-6-7-6	6-5-6-6-6-6-6-7-6-6-6-4	8-7-5-6-4-5-6-5-6-8-8-5	6-6-6-6-6-6-6-6-5-5-6-6	6-4-5-5-6-8-6-6-6-8-9-6	7-9-6-4-6-6-5-6-4-8-4-9	5-4-5-4-6-6-4-6-6-5-2-7	5-4-6-5-5-6-4-3-4-6-4-2	9-9-9-6-9-6-8-4-9-6-6-8	9-4-1-4-4-8-4-7-8-6-3-9
584	6	5-5-5-5-5-5-5-5-5-5-5-5	5-5-5-8-5-5-9-5-5-5-5-5	4-8-4-5-5-5-5-5-5-5-5-5	5-5-5-5-7-5-5-8-5-5-5-4	7-5-5-7-5-7-7-7-5-5-5-8	5-5-5-5-5-5-7-5-5-5-3-5	5-8-5-4-7-5-5-7-5-5-8-5	5-8-5-7-8-5-9-9-4-4-4-5	5-4-5-7-5-5-4-8-5-5-8-4	5-8-5-5-7-8-4-3-7-5-5-7	4-4-3-5-5-5-4-4-5-5-5-5	5-7-6-4-4-5-8-5-0-5-3-5
584	7	5-9-5-9-5-5-5-5-5-5-5-5	5-8-8-5-5-5-5-5-5-5-6-5	4-6-5-5-6-5-8-5-5-5-8-6	6-5-5-5-6-6-5-5-8-5-8-4	6-5-6-6-4-6-8-6-5-5-5-6	6-4-8-5-7-6-8-5-5-7-3-7	4-6-5-4-6-5-8-6-7-5-4-6	5-6-4-8-6-5-5-7-4-8-4-5	5-0-6-6-7-5-4-6-8-7-6-8	5-4-7-5-8-6-4-3-6-4-4-6	4-4-5-9-5-5-0-4-4-4-5-7	4-6-4-4-4-5-6-5-5-5-7-5
584	8	5-7-5-5-5-9-5-5-5-5-5-9	5-7-7-6-5-5-6-7-5-5-7-9	9-6-9-6-6-5-7-5-5-6-7-9	6-4-5-5-6-6-9-6-7-5-7-4	5-4-4-6-8-7-7-6-8-5-5-6	5-6-7-5-8-6-7-5-8-8-3-9	9-6-5-4-8-5-7-7-8-5-2-5	8-6-4-7-6-5-3-6-4-7-4-5	5-8-5-7-8-5-4-6-9-5-6-7	5-2-8-5-7-6-4-7-9-4-4-6	4-8-1-9-8-5-4-4-4-6-5-5	4-9-4-4-4-5-6-5-5-4-3-5
584	9	9-7-5-7-5-8-5-9-5-5-5-8	5-9-9-5-9-5-6-9-9-9-8-8	9-9-9-5-9-9-8-5-5-9-8-9	8-9-5-9-9-9-8-9-8-9-9-4	5-5-9-9-9-9-8-9-9-9-6-9	5-9-9-8-9-5-8-5-9-9-9-8	8-9-9-7-7-9-8-9-9-9-5-5	9-5-6-8-9-9-6-6-6-5-5-5	5-8-9-9-2-9-9-6-8-5-7-9	6-9-7-9-9-6-9-5-8-9-5-9	5-5-5-7-5-4-5-4-5-5-9-9	5-8-8-5-4-9-9-5-9-9-7-5
585	0	0-0-0-0-0-0-0-0-0-0-0-0	0-0-0-0-0-0-0-0-0-0-0-0	0-0-0-0-0-0-0-0-0-0-0-0	0-0-0-0-0-0-0-0-0-0-0-0	0-0-0-0-0-0-0-0-0-0-0-0	0-0-0-0-0-0-0-0-0-0-0-0	0-0-0-0-0-0-0-0-0-0-0-0	0-0-0-0-0-0-0-0-0-0-0-0	0-0-0-0-0-0-0-0-0-0-0-0	0-0-0-0-0-0-0-0-0-0-0-0	0-0-0-0-0-0-0-0-0-0-0-0	0-0-0-0-0-0-0-0-0-0-0-0
585	1	1-1-0-1-1-1-1-1-1-0-1-1	0-2-1-0-0-0-0-2-0-0-0-0	2-0-0-0-1-0-2-0-0-2-2-1	0-1-2-0-0-0-0-0-2-2-2-0	1-0-0-0-0-2-2-0-1-0-0-0	0-0-0-0-0-0-2-0-4-1-1-0	0-1-2-0-2-1-0-2-1-1-0-1	1-1-0-0-1-0-0-0-0-1-2-0	0-0-0-0-1-0-0-2-2-1-0-1	0-0-1-0-1-0-4-1-0-0-0-1	2-1-1-6-4-0-0-0-0-0-0-1	2-1-0-4-2-1-2-0-0-0-0-1
585	2	2-1-2-2-1-2-2-2-2-2-2-3	2-1-1-4-2-2-0-1-0-0-0-3	3-4-0-3-3-3-3-3-0-3-1-2	3-3-3-2-4-3-3-2-3-1-1-0	2-0-2-3-0-1-3-3-3-2-8-2	3-4-3-0-2-3-3-3-1-0-3-3	3-2-1-0-3-0-3-1-2-1-3-3	4-2-3-3-4-3-3-4-3-1-3-0	2-0-3-4-4-3-0-3-1-2-2-2	0-4-1-1-3-2-1-4-3-0-0-2	1-2-0-1-3-3-1-2-0-2-3-2	1-3-4-1-1-2-3-0-2-2-3-4
585	3	3-4-2-4-3-3-3-3-3-3-3-2	2-4-4-2-2-3-0-4-4-3-2-2	2-2-2-2-2-2-4-5-2-2-4-2	2-2-4-2-2-2-3-2-2-3-3-0	2-0-2-2-0-3-4-2-2-3-0-2	2-2-4-4-3-2-4-2-3-3-7-3	4-3-1-0-2-3-2-2-3-4-2-2	3-4-2-2-2-4-6-2-2-3-4-0	3-0-2-2-3-2-8-2-1-3-2-3	0-2-1-4-2-2-0-4-2-0-0-2	4-2-7-4-2-2-0-3-0-2-2-1	4-2-2-2-2-4-2-0-2-4-2-7
585	4	4-3-4-4-4-3-4-4-4-4-4-3	4-3-3-2-2-3-4-3-3-5-5-5	7-5-6-2-4-5-3-5-5-2-3-4	2-6-5-5-2-2-4-4-3-3-5-6	2-7-4-4-6-3-3-4-4-4-7-5	5-5-3-3-4-8-3-2-1-3-3-4	3-3-4-6-5-4-4-5-2-3-4-2	1-3-6-5-2-6-3-2-2-4-6-7	6-6-6-2-2-4-6-6-1-4-4-4	6-2-1-4-6-3-1-3-6-6-5-2	6-2-3-3-8-8-6-6-6-4-4-4	3-2-2-1-6-4-2-4-4-7-3-2
585	5	6-7-7-6-7-6-7-7-7-6-6-7	6-6-5-4-7-7-4-6-6-6-6-6	5-4-5-6-6-6-6-6-6-6-6-5	6-4-6-7-2-4-6-7-6-6-5-4	6-4-6-7-4-5-6-5-4-6-7-8	5-6-6-6-4-6-6-5-6-5-7-5	8-6-5-5-4-6-6-6-5-6-4-6	5-5-4-5-5-4-6-5-4-5-6-5	5-5-7-5-5-6-7-4-7-5-6-7	4-6-7-5-4-5-6-5-4-4-6-2	8-6-6-5-8-8-5-5-8-8-6-7	6-5-5-8-6-7-7-4-5-5-5-5
585	6	5-5-5-5-5-5-5-5-5-5-5-5	5-5-5-2-5-5-7-5-5-5-7-5	4-7-4-5-7-5-7-5-5-5-5-7	7-4-5-5-7-7-5-5-5-5-7-4	5-4-5-5-4-7-7-6-5-5-5-7	7-5-7-5-6-5-7-7-5-5-0-6	7-5-5-4-4-5-5-7-5-5-7-5	5-6-4-7-7-4-8-7-6-4-7-4	4-4-5-7-7-5-4-4-5-5-7-5	4-7-5-5-7-7-7-5-4-4-5-7	7-5-5-1-0-5-4-4-4-7-5-7	5-7-6-7-4-5-7-4-7-5-7-7
585	7	5-5-5-6-5-8-5-5-5-5-5-8	5-5-5-6-5-5-6-6-5-5-6-8	4-6-4-5-6-5-6-5-5-6-6-6	6-7-7-5-6-6-8-5-6-5-6-4	5-4-5-5-7-6-6-6-7-7-5-6	6-6-6-8-7-6-6-6-7-5-3-7	8-5-5-4-4-5-6-6-7-5-6-2	7-6-4-6-6-4-3-6-6-5-6-4	5-7-5-6-6-4-7-4-5-5-6-5	4-6-5-6-6-6-6-8-4-5-7-6	6-7-3-7-0-7-7-4-7-6-5-7	5-6-7-7-7-5-6-4-6-4-6-6
585	8	8-5-6-6-8-7-5-8-5-5-5-7	5-5-8-6-8-5-6-8-8-8-6-7	8-8-8-5-6-5-8-5-5-8-5-8	7-8-5-8-8-8-7-8-8-8-8-7	5-4-8-8-8-8-7-8-8-8-2-5	5-8-8-7-8-4-8-8-8-8-8-7	7-8-8-8-5-8-8-8-8-8-4-5	8-8-6-7-8-8-6-6-6-5-5-5	4-8-8-8-6-8-8-4-5-5-6-6	4-8-5-8-8-6-8-7-7-8-5-8	5-5-8-8-4-5-7-5-5-5-8-8	5-7-5-5-5-8-8-4-8-8-6-8
586	0	0-0-0-0-0-0-0-0-0-0-0-0	0-0-0-0-0-0-0-0-0-0-0-0	0-0-0-0-0-0-0-0-0-0-0-0	0-0-0-0-0-0-0-0-0-0-0-0	0-0-0-0-0-0-0-0-0-0-0-0	0-0-0-0-0-0-0-0-0-0-0-0	0-0-0-0-0-0-0-0-0-0-0-0	0-0-0-0-0-0-0-0-0-0-0-0	0-0-0-0-0-0-0-0-0-0-0-0	0-0-0-0-0-0-0-0-0-0-0-0	0-0-0-0-0-0-0-0-0-0-0-0	0-0-0-0-0-0-0-0-0-0-0-0
586	1	1-0-1-1-1-1-1-0-1-1-1-1	1-0-0-1-0-1-1-0-1-1-2-1	4-1-3-0-0-1-2-0-0-1-0-0	2-3-2-1-2-2-0-1-0-0-0-9	0-9-1-0-3-0-0-1-1-1-1-1	0-2-0-1-3-1-0-0-0-0-0-0	0-0-0-9-2-0-0-0-0-0-0-0	0-0-0-0-0-0-0-0-0-1-1-4	0-4-0-0-1-0-0-1-0-1-0-3	0-1-1-0-0-0-1-1-3-0-0-0	0-0-1-1-1-1-4-3-0-0-1-1	1-0-1-0-0-1-0-1-1-1-1-1
586	2	2-2-3-4-3-3-2-3-3-3-3-3	3-3-2-1-3-3-4-3-3-3-1-3	2-1-4-3-3-3-3-3-4-3-3-3	3-1-3-3-1-3-3-4-2-3-3-2	5-3-3-3-2-2-3-2-2-3-5-2	2-3-3-3-6-3-3-3-4-2-0-2	5-2-2-2-3-2-3-3-3-3-2-3	2-2-3-3-2-3-4-0-2-1-2-2	2-2-3-1-3-2-3-1-4-2-3-2	4-2-3-2-2-2-2-2-3-3-3-2	3-5-5-3-3-2-2-2-2-2-3-2	4-0-2-2-4-2-2-3-2-5-2-2
586	3	2-2-2-2-2-2-2-2-2-2-2-2	2-2-2-5-2-2-2-2-2-2-4-2	2-5-1-2-2-2-2-2-2-2-2-2	4-1-2-2-6-4-2-9-4-2-4-1	6-2-4-6-1-4-4-4-2-2-10-4	4-5-4-2-1-4-4-2-3-2-0-5	3-6-2-2-4-3-2-4-2-2-4-4	2-6-2-4-4-2-2-10-6-1-7-1	3-1-2-4-5-0-2-4-2-3-4-1	2-6-2-2-4-6-0-2-4-2-2-6	2-4-2-2-2-4-1-2-2-4-2-3	2-4-3-6-2-2-4-2-3-3-3-5
586	4	2-6-2-2-2-2-2-2-2-2-2-2	2-5-5-3-2-2-2-2-2-2-3-5	1-3-2-3-3-3-5-3-2-3-5-3	3-2-3-3-3-3-2-2-5-3-5-1	3-2-3-3-3-3-5-3-5-4-2-3	3-3-6-2-4-3-5-2-2-4-7-4	3-3-2-1-3-4-7-6-4-6-3-3	2-3-5-3-3-5-7-3-3-4-7-1	4-1-5-3-4-6-2-3-2-4-3-6	2-3-7-7-6-3-5-7-3-6-4-3	2-3-2-5-2-3-1-2-2-3-3-2	2-3-3-5-2-2-3-2-1-3-7-3
586	5	2-5-6-6-2-2-2-2-2-2-2-6	2-4-4-6-2-2-5-6-8-2-6-7	9-6-7-3-5-3-6-7-7-6-4-5	6-6-7-7-3-3-2-3-4-5-4-1	2-6-3-4-6-3-6-6-4-5-2-5	6-3-3-5-7-3-4-4-2-2-8-3	8-3-4-10-6-2-4-4-5-4-8-3	8-3-8-3-3-6-2-3-3-5-8-7	8-7-4-3-3-5-8-6-4-5-3-4	6-8-4-0-4-3-4-2-7-6-8-3	8-2-2-4-8-8-7-8-8-10-3-5	2-3-8-4-8-8-3-8-8-7-4-3
586	6	2-6-5-5-6-6-6-2-2-2-2-5	2-7-7-5-2-5-5-8-5-5-5-7	7-5-5-2-3-3-7-5-7-5-7-7	5-5-5-5-3-5-2-2-7-8-7-5	3-5-3-3-5-6-7-5-7-6-5-3	7-7-4-2-2-3-7-6-6-6-0-6	5-7-9-1-5-6-4-4-4-4-5-3	2-3-5-4-3-5-8-6-3-6-3-5	2-1-7-3-6-4-5-5-2-6-3-4	5-3-6-7-4-3-7-2-5-5-5-3	5-6-2-5-5-5-1-5-5-3-8-8	2-3-5-6-5-5-3-5-5-6-4-2
586	7	8-6-7-8-6-7-2-2-8-2-8-7	8-6-6-5-2-2-7-6-8-8-8-5	1-8-5-3-9-8-8-5-9-8-6-6	8-5-5-9-9-9-8-9-8-9-6-1	9-5-9-9-7-6-8-8-6-9-9-9	8-9-8-8-5-3-8-9-6-4-4-9	10-6-6-9-8-9-4-8-0-10-9-8	6-7-4-8-9-5-4-9-7-6-7-5	10-9-6-8-9-0-5-6-2-8-9-0	10-9-4-6-4-8-8-4-8-7-9-3	6-6-2-4-5-10-5-5-5-9-8-7	2-9-7-9-9-5-8-5-5-5-4-6
586	8	7-10-7-10-7-8-2-10-8-2-7-5	7-9-9-5-9-9-7-9-5-7-7-9	1-7-7-3-7-7-9-6-7-9-9-6	7-7-5-7-7-7-9-3-7-6-9-1	7-5-7-7-7-9-9-7-6-8-7-7	7-7-7-7-8-5-7-7-8-8-5-7	5-6-2-1-7-10-9-9-8-9-5-7	5-8-5-7-7-5-9-7-7-8-5-5	5-1-9-7-4-5-5-9-9-7-7-5	7-5-8-7-9-7-7-2-7-9-5-3	5-6-9-6-5-5-1-5-5-7-7-6	2-7-5-7-5-5-7-5-5-7-9-2
586	9	10-8-7-9-6-10-10-10-10-9-9-10	7-8-8-5-10-8-10-8-10-2-8-10	5-7-10-10-7-7-8-9-7-8-8-10	7-7-9-7-7-7-10-3-8-8-8-10	7-5-7-7-7-8-8-7-9-7-7-7	10-7-7-7-9-10-10-7-9-9-0-7	10-6-6-1-9-7-8-8-9-8-7-8	9-8-4-8-7-5-8-7-7-8-8-5	9-9-8-7-7-5-5-8-10-6-7-0	8-7-9-7-8-3-7-2-10-8-9-3	8-9-8-9-5-9-1-6-7-7-9-9	2-7-10-7-9-2-7-5-8-5-8-8
586	10	10-8-10-8-10-9-9-10-9-2-10-9	9-8-10-5-10-10-9-10-10-10-8-9	10-9-10-10-9-10-9-9-9-10-9-10	9-10-10-10-10-10-9-10-9-10-10-9	7-5-10-10-10-8-9-10-10-10-3-10	9-10-10-9-10-9-9-10-10-10-10-7	9-10-10-5-10-8-10-10-10-10-5-10	10-8-10-9-10-10-7-3-3-8-5-8	7-9-10-9-3-10-5-6-9-10-6-2	7-5-10-10-10-3-10-10-9-10-9-10	5-10-8-8-2-7-8-5-10-5-10-10	2-7-9-2-5-10-10-5-5-10-4-10
587	0	0-0-0-0-0-0-0-0-0-0-0-0	0-0-0-0-0-0-0-0-0-0-0-0	0-0-0-0-0-0-0-0-0-0-0-0	0-0-0-0-0-0-0-0-0-0-0-0	0-0-0-0-0-0-0-0-0-0-0-0	0-0-0-0-0-0-0-0-0-0-0-0	0-0-0-0-0-0-0-0-0-0-0-0	0-0-0-0-0-0-0-0-0-0-0-0	0-0-0-0-0-0-0-0-0-0-0-0	0-0-0-0-0-0-0-0-0-0-0-0	0-0-0-0-0-0-0-0-0-0-0-0	0-0-0-0-0-0-0-0-0-0-0-0
587	1	1-1-1-1-1-1-1-0-1-1-1-1	1-0-0-2-0-1-2-2-2-1-2-2	2-1-3-0-2-2-2-2-0-1-2-2	2-2-2-2-2-2-0-0-2-0-0-5	0-2-2-0-3-0-2-2-0-1-5-2	2-2-0-1-0-1-0-2-0-0-0-2	2-0-0-2-2-0-0-2-0-0-2-2	1-0-0-2-0-8-0-0-0-1-2-0	0-7-2-2-3-0-2-2-0-1-1-0	0-2-0-0-2-0-0-1-2-3-2-0	0-0-1-0-1-1-2-1-2-1-2-1	1-2-1-2-2-1-0-1-1-1-1-1
587	2	2-2-2-2-2-2-2-2-2-1-2-2	1-3-3-1-0-1-1-3-1-2-1-3	1-1-1-0-1-1-3-1-0-3-3-1	1-1-1-1-1-1-1-1-3-0-3-1	0-3-1-0-1-3-3-1-0-2-2-1	1-1-0-1-0-1-3-1-3-0-0-1	1-0-3-1-1-0-0-1-0-0-1-1	0-0-3-3-2-1-2-0-0-3-1-2	6-1-1-1-0-0-1-3-7-1-2-0	1-4-2-0-1-0-2-2-1-1-1-0	3-0-2-2-1-1-1-2-1-1-1-3	3-1-1-1-1-2-0-1-1-3-0-2
587	3	3-2-3-3-2-3-3-3-3-3-3-3	4-2-2-5-3-1-1-2-5-2-5-4	1-4-1-6-4-4-2-4-5-6-2-4	5-4-4-5-4-4-0-5-4-4-2-1	4-2-3-4-1-2-4-4-4-5-9-4	4-5-4-1-3-5-4-4-2-0-0-6	3-6-2-1-4-1-4-5-3-2-3-4	3-4-5-4-6-1-4-6-3-2-5-4	3-1-4-4-6-4-1-4-2-2-4-3	3-6-0-4-4-6-0-2-4-1-0-4	2-6-4-4-4-3-1-4-1-3-3-6	2-4-3-1-2-3-4-3-3-5-3-5
587	4	4-4-4-4-2-4-4-4-4-4-4-3	3-5-5-3-5-5-1-5-5-5-3-5	5-3-5-3-3-3-5-6-5-3-5-3	3-5-5-3-3-3-8-3-5-5-5-1	3-5-3-3-1-5-5-3-3-3-1-3	3-4-5-5-4-3-5-3-7-4-8-5	6-3-4-1-3-4-7-3-4-5-2-3	4-3-3-3-3-3-9-0-3-5-1-4	4-1-3-3-4-3-4-3-2-5-3-4	4-5-0-3-5-5-0-6-3-1-0-5	7-3-3-4-3-3-5-5-5-3-3-4	4-3-3-3-2-4-3-7-3-3-4-4
587	5	5-5-4-5-7-4-4-5-5-5-5-3	3-7-4-3-4-4-1-4-4-4-3-4	4-5-4-3-3-3-6-4-6-8-6-6	3-4-6-3-3-3-7-3-6-7-4-1	3-4-1-3-1-4-6-4-7-5-1-3	3-8-6-4-6-3-6-3-5-5-0-4	3-3-5-1-3-5-6-6-5-4-4-3	4-6-3-4-5-1-8-6-3-5-3-6	4-1-4-3-6-8-1-3-8-6-3-5	4-4-9-6-4-4-2-5-4-1-1-4	3-7-6-5-8-3-4-4-5-3-5-4	7-3-1-1-5-4-3-4-3-3-6-3
587	6	6-6-6-6-5-6-6-8-6-7-8-8	7-5-5-3-3-4-7-7-7-6-7-7	7-7-7-3-6-7-5-4-5-3-5-5	7-7-5-8-3-3-7-6-5-8-8-6	3-9-6-3-7-5-7-6-6-6-7-7	3-3-5-7-5-3-5-3-4-5-0-7	4-3-5-6-5-0-5-7-5-2-4-3	6-5-3-3-5-6-2-3-6-6-7-9	2-1-7-3-3-5-7-7-2-6-5-3	7-3-6-5-7-5-6-5-7-6-7-3	4-3-6-9-5-7-4-6-7-3-5-3	5-3-6-7-7-4-3-6-5-2-5-4
587	7	8-7-9-8-5-7-9-8-7-7-7-8	6-5-4-6-8-4-8-8-8-6-6-6	6-8-6-8-8-6-8-8-8-5-6-8	6-6-6-3-8-8-6-3-5-5-8-6	8-6-3-3-6-8-8-8-5-6-6-6	8-9-5-7-6-7-8-3-4-7-4-8	9-8-5-6-4-0-4-6-5-7-4-3	4-8-9-8-8-6-5-8-7-7-8-5	6-1-6-7-8-5-6-6-2-8-8-4	6-8-6-8-8-8-7-5-6-1-6-8	4-8-8-9-9-6-1-4-6-3-7-7	5-7-7-6-6-7-7-4-8-7-8-8
587	8	7-9-7-7-8-9-9-7-9-7-7-7	7-4-5-6-7-9-7-7-7-6-9-7	6-7-6-7-7-8-7-7-7-5-8-7	7-8-8-6-7-7-8-7-7-6-7-6	7-6-7-7-8-7-7-7-8-8-7-7	9-7-7-7-8-7-7-7-8-8-4-7	7-7-5-6-9-0-8-7-8-8-8-3	8-7-3-7-7-9-5-7-8-6-7-8	8-8-9-8-7-5-8-8-5-7-7-9	8-8-8-7-7-7-7-5-9-8-6-7	4-7-7-7-7-7-8-8-8-8-8-8	5-8-8-6-8-7-8-4-7-7-7-7
587	9	9-8-7-7-9-8-7-9-8-7-6-7	6-9-9-6-9-8-7-9-9-9-8-7	9-9-9-9-9-9-8-8-7-9-9-9	9-9-9-9-9-9-8-9-8-9-9-6	7-6-9-9-9-8-8-9-9-9-7-9	8-7-9-8-9-9-9-9-9-9-9-9	7-9-9-7-8-9-5-9-9-9-9-9	9-9-7-8-7-8-4-7-3-1-8-9	8-9-9-9-7-9-9-6-5-5-9-8	7-9-5-9-9-7-9-8-9-9-9-9	9-7-7-9-7-6-9-7-9-8-9-9	8-8-6-8-8-9-9-9-9-9-7-9
588	0	0-0-0-0-0-0-0-0-0-0-0-0	0-0-0-0-0-0-0-0-0-0-0-0	0-0-0-0-0-0-0-0-0-0-0-0	0-0-0-0-0-0-0-0-0-0-0-0	0-0-0-0-0-0-0-0-0-0-0-0	0-0-0-0-0-0-0-0-0-0-0-0	0-0-0-0-0-0-0-0-0-0-0-0	0-0-0-0-0-0-0-0-0-0-0-0	0-0-0-0-0-0-0-0-0-0-0-0	0-0-0-0-0-0-0-0-0-0-0-0	0-0-0-0-0-0-0-0-0-0-0-0	0-0-0-0-0-0-0-0-0-0-0-0
588	1	1-1-1-1-1-1-1-1-1-1-1-1	2-1-1-2-0-2-3-1-3-2-3-2	1-0-2-2-2-2-2-2-2-0-2-1	2-0-0-2-2-2-3-2-1-0-2-1	2-0-1-2-3-1-2-2-1-1-2-5	2-1-2-2-0-2-2-2-1-1-0-3	2-2-1-0-2-3-1-2-1-1-3-2	1-3-3-2-2-3-1-2-1-0-0-1	0-0-0-2-3-1-3-2-0-1-3-1	1-3-1-0-2-3-2-1-2-0-0-3	3-2-0-3-0-1-0-0-3-3-2-1	0-2-1-1-3-3-2-0-3-0-3-6
588	2	2-2-1-2-2-2-2-2-2-1-1-1	1-4-2-1-0-1-1-3-1-1-1-1	3-3-1-1-3-1-3-1-1-3-3-3	1-3-2-1-1-1-1-1-3-3-3-0	1-0-1-1-0-1-3-1-2-2-1-1	3-2-1-1-2-1-3-1-2-2-4-1	1-1-2-3-1-2-4-3-2-2-1-1	2-1-1-1-1-3-4-4-3-2-4-0	2-0-3-1-2-1-5-1-4-2-1-4	3-1-2-3-1-4-3-2-1-3-6-1	3-1-0-2-0-3-0-0-3-1-1-2	5-1-0-3-5-1-1-0-0-3-1-2
588	3	1-2-1-2-2-4-1-2-1-1-1-2	4-2-2-1-2-2-1-5-4-1-4-4	2-4-5-1-2-1-2-5-4-2-2-2	4-5-3-3-1-3-1-1-2-2-2-5	1-4-2-3-4-2-4-3-4-3-3-3	2-1-2-4-4-5-2-1-2-2-2-1	1-1-1-2-4-5-2-2-2-3-1-2	2-1-1-1-1-4-2-1-2-4-3-4	4-6-2-1-1-4-4-1-2-3-1-2	4-1-3-2-2-1-2-1-4-4-2-1	4-1-5-1-4-2-5-4-2-1-3-1	3-1-3-2-4-4-2-4-1-5-1-1
588	4	4-3-4-6-2-3-4-4-4-5-4-4	3-2-2-4-3-3-1-3-3-1-5-3	0-5-5-5-5-6-5-5-3-5-2-5	5-0-3-3-4-5-1-4-5-2-5-5	5-3-6-5-5-5-5-5-3-4-6-5	5-6-5-3-3-3-5-4-4-2-2-2	6-5-2-4-3-3-2-6-2-2-5-5	2-5-5-5-5-3-2-6-5-3-5-3	3-0-5-6-6-3-3-5-2-2-5-2	3-5-2-2-5-2-2-2-3-3-5-4	5-4-3-2-3-3-3-3-3-5-2-1	0-5-4-2-3-3-5-3-0-0-6-1
588	5	4-6-4-5-4-6-6-6-6-5-5-6	3-2-2-4-5-5-1-3-3-1-4-6	3-4-3-4-4-4-4-4-4-4-5-4	4-3-5-3-4-4-6-4-4-4-4-6	4-3-1-1-4-4-6-4-3-5-1-4	4-6-6-6-5-3-4-4-5-5-2-6	6-4-2-5-3-3-2-6-5-5-4-4	5-4-4-4-4-5-2-2-4-5-4-3	5-5-4-4-4-3-2-4-2-2-4-5	4-4-5-6-4-1-1-2-6-3-4-4	4-5-3-5-3-6-3-3-5-4-5-1	2-6-6-5-2-2-4-3-1-3-1-1
588	6	6-5-4-4-6-5-5-6-5-5-6-5	5-6-6-4-6-6-4-6-6-6-5-5	6-6-6-4-6-6-6-5-6-6-5-6	5-6-6-6-6-6-5-6-6-6-6-5	4-6-6-6-5-6-5-6-6-6-4-6	4-6-5-5-6-5-5-4-6-6-6-5	5-6-6-6-4-6-6-6-6-4-6-6	6-6-6-5-4-4-4-4-4-4-5-3	0-3-6-4-4-6-6-4-6-2-4-4	4-3-6-6-4-4-6-5-5-6-2-6	5-6-5-5-3-5-3-3-3-3-6-6	6-5-5-2-6-6-6-3-6-6-4-1
589	0	0-0-0-0-0-0-0-0-0-0-0-0	0-0-0-0-0-0-0-0-0-0-0-0	0-0-0-0-0-0-0-0-0-0-0-0	0-0-0-0-0-0-0-0-0-0-0-0	0-0-0-0-0-0-0-0-0-0-0-0	0-0-0-0-0-0-0-0-0-0-0-0	0-0-0-0-0-0-0-0-0-0-0-0	0-0-0-0-0-0-0-0-0-0-0-0	0-0-0-0-0-0-0-0-0-0-0-0	0-0-0-0-0-0-0-0-0-0-0-0	0-0-0-0-0-0-0-0-0-0-0-0	0-0-0-0-0-0-0-0-0-0-0-0
589	1	1-1-1-1-1-1-1-0-1-1-1-1	2-0-0-2-0-2-0-2-0-2-2-2	0-3-0-4-2-0-2-2-0-2-0-2	2-0-0-3-3-2-0-4-1-0-2-0	3-0-2-0-4-1-2-2-1-1-0-2	2-0-2-0-0-3-2-2-1-1-0-2	0-1-1-0-2-0-0-2-0-1-0-0	1-1-1-2-1-0-0-4-1-0-0-0	0-0-2-3-4-1-0-2-2-1-2-1	0-2-0-0-2-1-2-1-2-0-0-1	2-1-0-0-0-1-0-0-0-1-2-1	0-2-1-0-2-0-2-0-4-1-1-1
589	2	2-2-2-2-2-2-2-2-2-2-2-2	1-3-2-1-4-3-1-3-3-2-1-3	1-1-2-2-1-0-3-1-3-1-3-1	1-2-3-1-1-1-2-1-3-0-3-0	1-0-1-2-1-3-3-1-2-2-0-1	1-0-3-0-2-1-3-1-2-2-6-1	4-1-2-0-1-2-4-3-2-2-6-1	2-2-1-3-1-0-4-0-2-3-3-0	0-0-1-1-2-2-0-1-3-2-1-2	3-1-2-2-1-3-1-2-3-2-0-1	3-3-0-3-0-3-3-5-0-1-1-2	3-1-1-1-1-3-1-0-1-3-1-2
589	3	3-3-3-3-3-2-3-3-3-3-3-3	3-4-4-1-4-3-1-2-4-3-1-4	1-3-0-4-1-0-4-4-2-4-4-4	1-4-4-1-1-1-3-1-4-3-2-0	1-0-1-4-1-2-4-3-4-0-1-1	1-3-2-0-3-1-4-1-3-3-4-1	4-1-3-3-4-4-4-4-4-2-4-3	4-2-1-2-1-3-3-5-1-2-2-0	3-0-4-1-3-4-3-2-2-3-2-2	2-1-3-4-4-2-4-3-2-3-4-1	4-2-4-4-0-2-2-2-0-2-1-2	2-1-1-1-1-2-1-0-4-5-2-6
589	4	5-4-4-4-3-4-4-4-4-4-4-4	4-3-3-5-3-4-5-3-3-3-5-3	1-5-7-7-5-4-3-3-5-3-3-3	5-6-4-4-5-5-3-1-3-6-3-4	1-6-7-3-6-2-3-5-3-4-5-1	3-5-2-0-4-1-3-6-2-2-3-1	4-1-3-8-3-3-3-3-3-2-3-4	3-1-6-5-1-6-3-1-4-6-4-0	6-4-4-5-1-3-4-8-3-4-1-2	5-4-4-6-3-1-3-3-6-4-3-1	3-1-3-3-5-8-4-4-5-4-5-4	4-5-4-4-4-4-4-8-1-4-1-1
589	5	5-5-7-8-6-5-8-7-6-6-6-8	6-5-5-4-6-6-4-5-6-6-6-6	5-4-6-6-6-6-5-6-6-6-6-5	6-5-6-5-6-4-6-8-6-4-6-6	7-6-6-6-5-5-5-5-6-5-7-5	6-4-6-7-6-6-6-6-6-5-3-5	7-5-5-5-6-5-6-6-5-6-5-6	6-5-6-4-5-7-5-6-4-5-6-5	5-5-6-4-6-6-6-6-6-4-6-5	6-5-5-6-6-8-6-5-4-4-6-5	5-8-6-7-6-6-5-6-8-5-7-5	6-6-5-8-6-7-7-8-5-6-5-8
589	6	7-6-8-8-5-5-8-6-5-5-8-6	5-5-5-7-5-5-7-7-8-5-8-5	6-7-7-7-7-5-7-5-5-5-5-6	7-5-5-7-7-7-5-7-5-4-7-6	7-5-6-7-4-5-7-7-5-5-6-7	5-4-7-8-3-5-7-5-5-6-2-7	7-5-5-5-8-6-5-5-3-5-7-4	5-7-5-7-7-5-8-7-4-4-7-6	8-5-5-7-7-5-5-5-5-7-7-4	5-7-5-4-7-5-7-5-4-4-5-1	5-5-7-5-5-7-5-5-5-5-5-6	5-7-6-7-7-5-5-5-7-5-7-5
589	7	6-6-5-6-5-5-5-6-5-5-6-8	5-5-5-6-5-5-6-6-6-5-6-6	5-7-6-6-6-7-6-5-6-6-7-6	6-7-7-6-6-6-5-6-6-4-6-6	6-0-6-6-7-6-6-7-7-7-5-6	5-8-6-5-7-8-6-5-7-7-2-7	8-1-5-7-8-7-5-6-7-5-6-7	7-6-5-6-6-7-5-6-8-4-6-7	7-7-7-7-6-5-7-7-5-6-6-4	5-7-7-4-6-1-6-5-8-4-7-1	5-5-7-5-5-7-7-4-5-7-5-7	4-8-4-7-6-5-5-5-6-5-6-5
589	8	8-5-6-6-8-6-6-8-6-6-6-7	5-5-8-6-8-5-6-8-6-8-6-6	8-8-6-5-8-5-7-7-7-8-5-8	8-8-8-8-8-8-5-8-5-8-8-5	6-5-8-8-8-8-7-8-8-8-6-6	7-8-8-6-8-7-8-8-8-8-8-7	7-8-8-5-7-8-8-8-8-8-5-5	8-6-8-7-8-7-6-6-7-8-5-5	7-8-8-7-1-8-8-7-8-5-6-8	6-8-8-8-8-5-8-7-7-8-5-8	5-5-3-8-5-4-8-5-5-5-8-7	5-7-4-5-5-8-8-5-8-8-6-5
590	0	0-0-0-0-0-0-0-0-0-0-0-0	0-0-0-0-0-0-0-0-0-0-0-0	0-0-0-0-0-0-0-0-0-0-0-0	0-0-0-0-0-0-0-0-0-0-0-0	0-0-0-0-0-0-0-0-0-0-0-0	0-0-0-0-0-0-0-0-0-0-0-0	0-0-0-0-0-0-0-0-0-0-0-0	0-0-0-0-0-0-0-0-0-0-0-0	0-0-0-0-0-0-0-0-0-0-0-0	0-0-0-0-0-0-0-0-0-0-0-0	0-0-0-0-0-0-0-0-0-0-0-0	0-0-0-0-0-0-0-0-0-0-0-0
590	1	1-1-1-1-1-1-1-1-1-1-1-1	2-0-0-2-0-0-2-0-0-1-2-2	0-2-0-5-2-0-2-2-0-2-2-2	2-0-0-3-2-2-0-2-1-0-2-0	1-0-2-0-0-1-2-2-1-1-0-1	2-3-2-1-0-2-2-2-1-1-0-2	2-2-1-0-2-0-2-2-0-1-2-2	0-1-1-2-1-0-1-0-1-0-0-0	0-0-2-2-3-1-0-2-0-1-1-3	0-2-0-0-2-1-2-1-2-0-0-3	3-1-0-3-0-1-0-0-0-2-2-0	0-1-1-2-2-2-2-0-0-0-1-3
590	2	2-3-2-2-3-2-2-2-2-2-2-3	1-3-2-1-1-3-1-2-1-2-1-1	3-1-4-2-1-4-3-4-3-1-3-3	1-0-2-1-1-1-2-1-3-2-3-0	1-0-1-4-1-1-3-1-3-5-3-1	1-1-3-0-2-1-3-1-2-2-5-1	1-1-2-3-1-0-3-1-2-2-3-3	2-1-1-1-1-3-4-4-2-3-1-0	2-0-1-1-2-3-2-1-0-2-1-1	3-1-2-5-1-2-3-4-1-2-3-1	3-1-6-4-0-3-0-3-3-1-1-0	2-1-1-1-3-1-1-0-0-1-2-1
590	3	3-2-3-2-2-2-2-2-3-3-3-5	3-2-2-3-4-5-3-3-4-2-4-4	2-5-5-1-3-5-4-5-2-1-2-2	4-3-4-4-1-1-4-1-2-5-2-3	1-5-3-3-4-1-4-4-2-0-4-1	1-1-2-4-4-6-2-1-2-2-0-1	6-1-5-4-4-3-2-3-2-2-2-4	2-1-4-1-4-2-6-2-4-4-4-4	4-6-4-1-1-2-4-4-5-3-2-1	4-4-3-2-2-1-2-2-4-4-4-1	4-1-3-1-4-4-4-4-4-4-4-3	4-2-3-4-4-4-2-3-4-4-1-1
590	4	4-6-4-6-4-4-4-4-6-4-4-4	4-2-2-6-5-3-5-5-3-3-3-3	6-5-5-6-5-3-5-2-5-5-3-4	5-5-3-5-5-5-3-5-5-3-5-3	5-3-2-5-3-4-5-5-2-4-5-5	1-2-5-3-3-5-5-4-2-2-2-5	2-4-4-3-5-4-2-5-4-2-5-3	2-5-3-5-5-3-2-5-3-3-3-3	3-0-3-5-5-3-3-5-3-4-5-6	3-5-2-0-5-5-5-2-3-3-3-5	3-2-2-2-6-3-3-3-3-3-3-3	3-5-4-3-3-3-4-3-5-3-5-5
590	5	4-5-4-4-4-6-6-6-5-5-4-6	4-4-2-4-5-3-4-4-4-3-4-6	6-4-6-6-4-3-4-5-4-5-5-4	4-4-5-4-4-4-6-4-4-3-4-6	4-3-5-4-5-4-6-4-5-6-4-4	6-6-4-6-5-4-4-4-2-5-2-5	6-6-4-5-6-5-6-4-5-5-4-4	5-4-1-4-4-5-2-4-5-3-4-3	5-5-3-5-4-2-2-4-6-2-4-1	5-4-5-2-4-4-4-6-6-3-4-4	4-5-0-6-6-6-3-3-5-5-5-5	6-6-5-5-2-5-4-3-4-0-4-4
590	6	6-5-4-4-6-5-5-6-5-4-4-5	5-6-6-4-6-6-4-6-6-6-4-5	6-6-6-5-6-6-6-5-6-6-5-6	5-6-6-6-6-6-5-6-5-6-6-5	4-3-6-6-5-6-5-6-6-6-4-4	5-5-6-5-6-3-6-6-6-6-6-5	5-6-6-6-6-6-6-6-6-6-4-6	6-4-6-5-4-3-3-4-4-4-4-3	5-3-6-5-4-6-6-3-6-2-4-4	4-6-6-6-6-4-6-5-5-6-4-6	4-6-2-5-5-5-3-3-6-5-6-6	6-5-6-6-3-6-6-6-6-6-4-6
591	0	0-0-0-0-0-0-0-0-0-0-0-0	0-0-0-0-0-0-0-0-0-0-0-0	0-0-0-0-0-0-0-0-0-0-0-0	0-0-0-0-0-0-0-0-0-0-0-0	0-0-0-0-0-0-0-0-0-0-0-0	0-0-0-0-0-0-0-0-0-0-0-0	0-0-0-0-0-0-0-0-0-0-0-0	0-0-0-0-0-0-0-0-0-0-0-0	0-0-0-0-0-0-0-0-0-0-0-0	0-0-0-0-0-0-0-0-0-0-0-0	0-0-0-0-0-0-0-0-0-0-0-0	0-0-0-0-0-0-0-0-0-0-0-0
591	1	1-1-1-1-1-1-1-1-1-1-1-1	0-2-1-0-0-2-0-3-1-1-0-0	2-0-0-1-0-0-2-2-0-0-2-2	0-0-0-0-0-0-0-1-2-2-2-1	0-1-1-0-0-1-2-0-1-0-0-0	0-2-0-0-0-0-2-0-2-1-4-2	2-2-1-1-2-1-0-0-1-1-2-1	1-1-0-2-1-0-1-0-0-0-0-0	0-0-0-0-0-0-1-2-2-0-0-1	0-1-1-2-1-0-0-0-0-0-0-1	0-0-0-0-1-0-0-0-0-0-0-1	7-1-0-0-1-1-0-0-0-0-1-1
591	2	2-1-2-1-1-1-2-1-2-2-2-1	3-1-1-3-1-1-3-1-3-1-3-3	5-3-0-6-5-3-3-1-3-3-1-1	3-3-2-3-5-3-3-6-3-1-1-2	5-0-2-3-6-3-3-3-2-3-5-5	3-1-3-2-2-0-3-5-1-1-0-3	1-1-1-0-3-2-3-3-1-2-5-3	1-2-2-3-5-0-8-2-2-0-2-0	0-0-3-3-4-3-0-3-1-2-5-2	0-5-0-1-3-2-3-2-3-0-0-2	0-8-3-1-1-2-0-0-0-3-3-2	0-3-2-5-0-2-3-0-4-0-2-2
591	3	3-4-2-3-3-3-3-3-3-3-2-3	2-4-4-2-3-4-2-1-3-3-2-4	4-4-5-2-2-2-2-5-4-4-2-4	2-4-4-2-2-2-2-2-4-4-4-2	2-0-2-2-4-4-2-2-5-3-2-2	2-3-5-2-3-4-4-2-3-3-3-2	6-1-4-4-2-3-5-2-3-5-0-2	1-5-4-5-2-4-6-5-3-5-2-4	3-0-2-2-1-2-3-4-5-2-2-3	4-4-3-4-2-3-2-3-2-4-0-2	4-2-3-3-4-4-4-0-0-2-2-2	0-2-4-4-0-4-2-4-0-3-6-8
591	4	4-4-5-6-4-5-6-6-5-4-4-5	5-3-3-5-6-5-5-5-5-5-5-6	3-5-7-5-3-5-5-4-6-3-5-3	5-5-5-4-3-5-5-4-3-3-3-5	4-5-4-4-5-3-5-5-3-4-5-4	5-5-4-5-5-5-3-4-1-1-1-5	1-1-4-6-5-4-3-5-4-2-4-1	6-2-6-3-4-5-1-5-6-6-6-5	5-5-4-2-2-5-4-5-3-4-2-3	6-8-7-3-5-2-5-3-6-6-6-2	6-3-6-4-8-6-7-6-6-8-2-5	8-4-5-5-6-5-2-5-8-4-5-2
591	5	4-5-4-5-6-4-4-4-4-4-4-4	4-6-6-4-4-4-4-4-4-3-4-4	2-4-4-4-2-4-6-7-4-7-6-5	4-4-4-4-2-4-4-2-6-7-6-4	2-4-6-2-4-6-6-4-6-4-4-2	4-6-3-4-4-4-6-2-5-5-1-5	6-7-6-4-4-3-3-4-5-3-2-5	5-3-2-3-2-4-6-5-4-5-2-4	5-4-6-6-5-4-7-4-6-5-2-5	4-2-5-6-6-2-6-3-4-4-4-2	4-6-7-5-4-5-4-4-4-2-5-4	6-7-4-4-4-4-7-4-4-5-4-2
591	6	8-5-4-4-5-6-4-4-4-4-6-4	4-5-5-7-4-4-7-8-4-7-4-4	6-7-7-7-7-7-5-6-4-7-5-7	7-4-7-6-7-7-4-7-5-5-7-4	7-4-7-7-4-7-7-4-5-6-5-7	7-5-7-4-4-4-7-7-1-3-3-7	7-5-5-4-4-3-3-5-6-3-7-7	4-7-4-7-7-4-5-8-4-4-7-4	8-4-5-7-7-4-4-7-5-6-7-3	4-7-6-5-5-6-5-2-4-4-7-6	4-5-4-4-7-4-4-4-4-7-6-6	5-6-6-7-4-4-5-4-7-4-3-6
591	7	6-8-4-6-5-8-8-4-4-4-6-8	4-5-5-6-7-4-6-6-4-6-6-8	8-6-4-6-6-6-6-8-6-6-7-6	6-7-7-6-6-6-8-6-6-5-6-8	6-4-6-6-4-6-8-7-7-7-6-6	6-7-6-8-4-4-6-6-7-3-1-7	8-5-5-4-8-7-5-8-7-3-6-6	7-6-4-6-6-4-7-6-4-4-6-4	6-7-5-6-6-0-3-6-5-7-6-7	4-6-7-8-6-8-6-4-8-4-6-2	5-7-5-7-7-4-4-5-4-6-7-7	5-8-8-6-6-7-5-4-6-4-3-3
591	8	8-7-4-7-8-7-7-8-4-4-4-7	4-8-8-6-8-8-7-6-4-8-6-7	8-8-8-4-8-8-8-7-8-8-7-8	6-8-8-8-8-8-7-8-7-8-8-7	6-4-8-8-8-8-7-8-8-8-6-6	7-8-8-7-8-4-8-8-8-8-8-7	7-8-8-4-7-8-8-8-8-8-8-8	8-7-8-7-8-6-2-6-6-4-6-8	6-8-8-7-2-8-8-6-7-8-6-8	4-4-8-5-8-7-8-7-7-8-4-8	4-8-7-5-4-7-4-4-4-4-8-8	8-7-7-4-4-8-8-4-4-8-6-8
592	0	0-0-0-0-0-0-0-0-0-0-0-0	0-0-0-0-0-0-0-0-0-0-0-0	0-0-0-0-0-0-0-0-0-0-0-0	0-0-0-0-0-0-0-0-0-0-0-0	0-0-0-0-0-0-0-0-0-0-0-0	0-0-0-0-0-0-0-0-0-0-0-0	0-0-0-0-0-0-0-0-0-0-0-0	0-0-0-0-0-0-0-0-0-0-0-0	0-0-0-0-0-0-0-0-0-0-0-0	0-0-0-0-0-0-0-0-0-0-0-0	0-0-0-0-0-0-0-0-0-0-0-0	0-0-0-0-0-0-0-0-0-0-0-0
592	1	1-1-1-1-0-0-0-0-1-0-0-1	1-0-0-2-0-0-0-0-0-0-2-0	4-3-0-0-2-0-2-0-0-2-0-2	2-0-0-2-2-2-0-2-1-0-2-2	4-0-2-0-2-2-2-2-1-1-0-2	1-3-2-0-0-4-2-3-0-0-0-3	2-2-1-0-2-0-0-0-0-1-1-2	0-4-1-2-1-0-0-7-1-0-0-0	1-0-2-2-7-1-0-2-0-1-1-3	0-2-0-0-2-1-2-0-2-0-0-1	1-1-0-3-0-1-0-2-0-1-2-0	0-1-1-1-0-1-2-0-1-2-1-3
592	2	2-2-2-2-2-2-2-2-2-0-2-3	1-3-2-1-2-3-0-3-0-0-1-3	1-2-4-1-1-4-3-4-0-1-3-4	1-1-2-1-1-1-0-1-3-2-3-1	1-0-1-3-1-1-3-1-3-2-3-1	1-2-3-0-3-1-3-1-2-2-4-2	3-1-2-2-1-2-3-3-2-2-5-3	3-3-3-1-1-0-6-3-2-3-0-0	2-0-1-1-4-4-2-1-2-2-1-2	0-1-2-3-3-2-1-2-1-3-3-1	3-2-7-5-0-5-3-1-0-1-3-2	0-1-1-3-5-0-1-0-1-1-1-0
592	3	3-3-4-3-2-3-3-2-4-3-3-4	4-2-2-4-0-4-4-4-4-4-4-4	6-4-5-3-1-2-4-2-5-1-2-3	4-3-5-4-1-4-4-3-2-2-2-4	1-7-3-2-4-2-4-4-2-6-2-1	4-4-2-4-2-1-2-1-2-2-0-4	2-2-2-4-4-5-2-4-2-2-4-2	2-3-2-4-2-4-1-4-4-2-3-3	4-0-4-4-2-2-3-2-7-3-4-1	3-5-6-2-2-1-4-3-4-4-4-1	4-2-4-1-3-3-6-3-4-4-2-2	3-4-4-2-4-3-1-3-3-6-1-1
592	4	3-6-3-3-5-4-4-4-4-4-3-3	3-5-4-3-2-3-3-3-3-3-3-3	3-3-3-3-1-2-3-2-5-5-5-5	3-3-3-3-1-3-6-1-5-5-5-3	1-3-1-2-3-5-3-3-5-5-5-1	5-3-2-3-4-1-5-5-4-4-2-4	3-1-4-3-3-4-6-3-4-4-3-5	4-1-1-3-1-3-6-3-3-4-3-3	3-0-3-3-4-2-3-5-6-4-1-4	3-3-4-5-3-1-3-4-3-3-3-1	3-4-3-2-7-4-5-3-3-3-5-4	5-3-3-3-3-4-5-3-4-4-4-5
592	5	6-7-6-7-6-6-7-6-7-7-6-6	7-4-4-6-6-6-6-5-6-6-7-6	5-6-3-6-6-6-6-6-6-4-4-6	6-4-3-6-6-6-6-6-6-4-6-5	6-3-6-6-3-6-6-6-4-4-6-6	5-5-6-5-5-7-6-6-4-5-2-5	6-1-4-4-7-3-4-6-2-4-6-6	2-6-6-6-6-7-7-6-6-7-6-3	4-7-3-6-6-5-3-6-2-5-6-2	6-3-4-4-6-7-6-6-5-3-6-7	3-7-3-2-6-5-4-3-6-6-4-5	7-6-5-6-6-3-6-3-6-5-6-6
592	6	5-7-5-5-5-7-5-5-5-5-5-7	7-4-5-5-5-5-5-5-5-5-5-5	3-5-3-5-5-5-5-5-5-5-5-5	5-6-6-5-5-5-7-5-5-5-5-7	5-3-5-5-6-5-7-5-6-6-5-5	7-5-5-7-6-7-5-5-4-6-2-6	5-7-4-6-7-6-4-5-6-4-5-5	2-5-5-5-5-6-2-5-5-4-5-6	6-6-6-5-5-1-3-5-3-5-5-2	5-3-6-6-5-1-5-5-6-6-6-1	2-6-7-7-6-7-6-3-5-5-6-6	4-5-6-6-5-4-5-5-5-3-5-5
592	7	7-5-5-5-7-6-5-7-5-5-5-6	5-7-7-5-7-7-5-5-5-7-5-6	7-7-5-5-7-7-5-5-5-7-6-7	6-7-7-7-7-7-6-7-6-7-7-6	5-3-7-7-7-7-6-7-7-7-5-5	6-7-7-7-7-6-6-7-7-7-7-6	6-7-7-7-5-7-7-6-7-4-7-7	7-7-7-6-7-5-7-1-5-5-5-3	5-7-7-6-1-7-7-5-3-5-5-5	5-3-4-7-7-5-5-6-6-7-2-7	2-5-2-7-4-6-6-5-7-7-7-7	5-6-6-7-5-7-7-3-7-7-5-7
593	0	0-0-0-0-0-0-0-0-0-0-0-0	0-0-0-0-0-0-0-0-0-0-0-0	0-0-0-0-0-0-0-0-0-0-0-0	0-0-0-0-0-0-0-0-0-0-0-0	0-0-0-0-0-0-0-0-0-0-0-0	0-0-0-0-0-0-0-0-0-0-0-0	0-0-0-0-0-0-0-0-0-0-0-0	0-0-0-0-0-0-0-0-0-0-0-0	0-0-0-0-0-0-0-0-0-0-0-0	0-0-0-0-0-0-0-0-0-0-0-0	0-0-0-0-0-0-0-0-0-0-0-0	0-0-0-0-0-0-0-0-0-0-0-0
593	1	1-1-1-1-1-1-1-2-1-1-1-2	1-0-0-1-0-1-1-0-0-1-2-1	7-1-3-0-1-0-2-1-0-0-0-1	1-5-2-1-1-2-0-1-1-0-0-5	0-0-1-0-3-0-0-1-1-1-0-1	0-2-0-1-1-1-0-0-0-0-0-0	0-0-0-2-2-0-0-2-0-1-0-2	1-0-1-0-0-1-0-0-1-1-5-0	1-1-7-0-1-0-0-1-0-1-1-1	0-1-1-0-0-0-0-0-1-5-1-0	0-0-1-1-1-1-1-1-0-1-1-1	1-1-1-1-1-1-1-1-1-1-1-1
593	2	3-2-3-3-3-3-3-3-3-3-3-3	1-3-3-3-4-3-1-3-3-3-3-3	2-3-4-3-3-3-3-3-3-3-6-3	3-1-3-3-3-3-3-3-3-3-3-3	5-3-2-4-1-2-3-2-3-4-5-2	4-1-3-3-3-3-3-3-7-2-6-2	3-5-2-3-1-3-3-3-3-5-6-3	2-2-4-2-3-1-2-3-2-2-4-4	6-1-2-2-3-3-3-3-3-2-2-3	4-2-5-2-3-2-4-3-1-3-3-2	2-9-3-2-4-5-2-3-3-2-3-2	7-2-2-9-5-3-2-3-6-3-2-6
593	3	2-2-2-2-2-2-2-2-2-2-2-2	2-2-2-5-2-2-2-2-2-2-4-2	1-4-1-2-4-2-4-2-2-2-2-2	4-1-2-2-4-4-2-2-4-2-2-2	5-2-5-4-1-4-4-4-2-2-2-4	5-4-2-2-2-2-4-2-2-2-0-5	2-5-2-2-4-3-2-4-2-2-4-4	2-5-5-4-4-1-9-9-5-2-6-2	2-1-4-4-2-2-2-4-2-3-3-3	2-4-2-2-4-5-4-2-4-2-2-5	2-2-2-2-2-3-1-2-2-3-5-3	2-4-3-2-2-2-6-2-3-2-3-2
593	4	2-6-2-2-4-2-2-4-2-2-2-2	2-5-4-2-2-2-3-5-2-2-3-5	2-3-2-2-3-2-5-6-2-3-5-6	3-1-2-6-3-3-2-2-5-8-5-2	3-2-3-3-1-5-5-3-4-2-2-3	2-3-5-2-4-2-3-4-4-4-8-4	5-3-7-2-3-5-6-3-5-7-3-3	2-3-2-5-3-2-7-6-3-4-2-2	2-1-5-3-4-3-6-3-5-2-3-5	2-3-0-5-3-3-2-5-3-2-5-3	3-2-2-6-2-2-1-2-2-3-3-3	2-3-1-1-2-2-3-2-7-3-7-2
593	5	2-4-2-5-4-5-2-2-2-2-2-2	2-4-4-3-2-2-3-7-2-2-6-4	1-3-6-2-6-6-4-4-4-6-4-7	6-6-6-7-3-3-2-3-6-7-4-1	2-2-3-7-1-4-6-6-6-2-7-3	3-5-4-3-5-3-6-3-5-5-0-6	4-3-6-9-3-4-7-6-5-2-4-7	2-3-3-4-4-1-4-3-3-6-6-2	2-1-4-3-6-7-2-6-9-8-3-4	2-7-2-6-6-3-6-4-3-1-4-3	2-7-2-5-5-2-1-2-7-5-6-5	2-6-1-2-2-2-3-2-7-7-4-2
593	6	2-4-2-7-2-5-2-2-2-2-5-5	7-4-4-3-2-2-6-8-7-2-5-7	8-7-8-2-5-7-5-7-8-5-2-4	7-5-5-4-3-7-7-2-5-5-4-2	4-8-3-8-7-4-7-7-5-6-2-9	8-5-4-8-7-7-5-2-2-0-2-7	2-7-5-8-7-8-4-5-2-2-2-7	2-3-2-5-4-7-5-4-3-5-3-7	2-8-6-5-5-5-4-7-2-6-3-4	2-2-7-5-5-3-5-4-7-7-4-3	2-5-6-5-5-6-6-2-6-5-5-3	2-5-4-6-7-2-3-7-2-2-4-2
593	7	8-9-7-7-4-7-2-7-7-7-7-7	6-4-4-8-8-2-8-8-8-2-5-6	1-6-6-2-8-6-8-6-6-8-8-5	8-6-6-8-8-8-6-8-8-5-8-7	8-2-9-5-6-8-8-8-5-6-5-8	8-5-8-7-6-6-8-7-2-7-4-8	8-7-4-6-6-7-5-8-2-7-8-8	2-8-9-8-8-6-4-8-8-5-8-6	9-1-8-8-5-5-2-6-4-5-8-5	8-8-6-6-8-6-8-2-6-6-8-8	8-7-4-5-2-7-1-6-8-8-2-7	2-8-7-8-6-6-8-6-5-8-4-2
593	8	7-9-7-7-7-9-9-7-9-7-7-9	6-4-8-7-8-2-7-7-7-2-7-9	6-6-6-9-7-6-7-8-6-7-8-7	7-8-8-7-7-7-9-7-7-5-7-9	7-6-7-7-6-7-7-7-8-6-7-7	7-9-7-9-5-9-7-7-8-8-4-7	9-7-8-6-8-6-5-7-0-8-7-7	8-7-7-7-7-6-2-7-7-2-7-8	8-6-8-7-5-2-6-6-5-5-7-2	7-7-6-6-7-3-7-2-9-6-8-7	7-8-2-5-6-8-1-1-7-7-3-8	2-7-9-7-8-6-7-6-7-7-7-2
593	9	9-8-7-7-9-8-8-9-8-2-7-8	8-9-9-7-9-9-6-9-9-9-7-8	9-9-9-9-9-9-9-8-6-9-8-9	8-9-9-9-9-9-8-9-8-9-9-8	7-6-9-9-9-9-8-9-9-9-3-6	9-9-9-8-9-8-9-9-9-9-9-8	8-9-9-9-9-9-9-9-9-9-9-9	9-9-9-8-9-7-3-3-3-2-6-9	7-8-9-9-9-9-9-6-5-2-7-0	7-9-9-9-9-9-9-2-8-9-2-9	9-2-2-9-2-6-8-2-9-6-9-9	9-8-8-2-6-9-9-6-9-9-7-2
594	0	0-0-0-0-0-0-0-0-0-0-0-0	0-0-0-0-0-0-0-0-0-0-0-0	0-0-0-0-0-0-0-0-0-0-0-0	0-0-0-0-0-0-0-0-0-0-0-0	0-0-0-0-0-0-0-0-0-0-0-0	0-0-0-0-0-0-0-0-0-0-0-0	0-0-0-0-0-0-0-0-0-0-0-0	0-0-0-0-0-0-0-0-0-0-0-0	0-0-0-0-0-0-0-0-0-0-0-0	0-0-0-0-0-0-0-0-0-0-0-0	0-0-0-0-0-0-0-0-0-0-0-0	0-0-0-0-0-0-0-0-0-0-0-0
594	1	1-1-1-1-1-1-1-1-1-1-1-1	2-0-0-1-1-1-0-1-0-1-2-2	0-2-0-2-2-2-2-3-0-2-0-2	2-0-0-2-3-2-0-5-1-0-1-0	1-0-1-0-0-1-2-2-1-0-0-2	1-3-2-0-1-3-2-1-1-1-0-0	1-1-1-0-2-1-1-2-1-1-1-2	1-4-1-2-1-0-0-1-1-0-0-0	1-0-2-2-3-7-0-2-0-1-1-1	3-3-0-0-2-1-2-1-2-0-4-3	0-3-0-2-0-1-0-1-0-1-2-0	0-1-1-0-0-0-4-0-1-1-1-1
594	2	2-2-2-2-2-2-2-2-2-2-2-3	1-3-2-1-2-3-1-2-3-2-1-1	4-1-3-1-1-1-3-4-3-1-3-1	1-2-2-1-1-1-2-2-3-2-3-0	2-0-5-1-3-1-3-1-2-2-2-1	3-5-4-0-2-1-3-1-2-2-5-2	1-1-3-5-1-2-3-1-2-2-5-1	2-5-3-3-1-3-6-3-1-4-5-3	2-0-3-1-4-2-8-1-3-2-1-2	0-1-2-2-1-1-1-2-1-3-1-1	3-1-2-3-7-0-0-0-0-1-1-2	0-1-1-3-0-4-1-0-7-0-2-2
594	3	3-3-3-5-2-4-3-3-3-3-3-4	4-2-2-4-2-2-4-5-4-4-4-4	7-4-5-1-3-4-4-5-5-1-2-4	4-4-5-3-1-1-4-1-2-2-2-0	1-8-2-3-5-3-4-4-3-3-4-8	2-4-2-3-5-1-2-1-2-2-2-0	4-1-2-2-4-3-2-4-3-1-4-2	2-1-2-2-1-4-4-1-1-3-3-5	5-5-2-1-1-4-3-1-2-3-1-4	6-1-0-0-5-1-2-2-4-2-3-1	4-1-4-2-2-6-6-6-8-2-1-4	3-1-4-2-5-3-1-5-6-7-6-1
594	4	4-4-5-4-5-3-4-4-3-3-5-3	3-5-5-3-5-3-3-3-3-3-3-3	2-3-3-6-1-3-5-3-5-5-5-5	3-3-3-6-1-1-3-2-5-5-5-0	1-3-5-3-3-5-5-3-5-3-3-1	5-3-2-0-3-3-5-1-5-4-2-5	3-5-4-2-3-3-5-3-4-4-3-5	4-1-2-2-1-3-5-4-1-4-3-3	4-3-3-1-2-3-7-1-5-4-1-3	3-1-4-5-3-1-1-4-3-3-1-1	3-1-4-6-3-3-3-3-3-5-1-4	3-1-3-2-3-2-1-3-3-3-4-6
594	5	6-6-5-6-4-5-6-7-5-5-4-5	5-4-4-3-4-6-6-7-6-6-6-4	1-6-6-7-7-7-6-3-6-6-4-7	6-3-6-7-7-7-3-7-4-7-4-6	7-3-2-7-3-4-6-6-4-5-7-7	6-6-7-5-3-3-6-6-4-5-2-7	4-6-2-2-6-3-4-3-5-1-7-6	4-6-2-6-6-3-4-7-6-3-2-3	3-3-4-6-1-3-3-4-3-6-7-2	3-7-5-4-3-6-6-2-6-5-6-1	3-1-0-4-8-3-3-3-3-7-2-5	5-5-5-5-3-3-1-3-2-3-2-1
594	6	5-8-5-8-5-6-6-6-6-6-5-3	5-7-7-3-7-7-5-5-5-5-5-7	3-5-5-4-5-5-5-5-5-5-7-5	5-3-5-5-5-5-7-5-7-5-7-5	1-4-2-7-6-7-7-5-7-6-5-5	5-5-4-7-3-3-5-5-6-6-2-6	5-5-4-8-5-6-7-7-6-6-3-5	4-5-3-5-5-3-2-5-5-6-7-3	3-3-7-5-6-3-3-7-7-5-5-4	3-3-6-8-7-5-7-2-5-7-5-1	7-1-7-4-3-3-3-3-3-5-4-6	7-5-5-7-0-3-1-0-3-3-7-4
594	7	8-6-5-7-6-8-8-8-8-7-7-8	8-6-6-3-7-6-5-5-8-5-6-8	3-5-5-5-5-5-6-7-5-6-6-5	5-7-7-5-5-5-8-5-6-5-6-8	5-7-5-5-7-6-6-5-6-7-5-5	8-5-5-8-7-8-8-5-7-7-2-5	8-5-6-7-7-7-6-6-7-6-5-5	7-6-6-5-5-3-8-5-5-3-6-3	7-7-6-5-1-1-4-6-8-5-5-2	3-5-7-4-6-5-6-2-8-6-7-1	6-7-6-8-2-8-3-5-0-5-7-7	6-8-8-6-7-2-1-3-2-3-6-1
594	8	8-6-8-6-8-7-7-8-7-7-7-7	7-6-8-3-8-8-5-8-8-8-5-7	8-8-8-7-8-8-8-7-8-8-7-8	7-8-8-8-8-8-7-8-7-8-8-7	1-3-8-8-8-8-7-8-8-8-1-3	7-8-8-7-8-7-7-8-8-8-8-7	7-8-8-8-8-8-8-7-8-8-8-8	8-6-6-7-8-8-7-1-1-3-7-6	7-7-8-7-1-8-8-3-7-8-5-2	3-8-6-4-8-1-8-8-7-8-3-8	3-1-6-7-5-7-7-3-3-8-8-8	5-7-7-6-0-8-8-8-3-8-6-1
595	0	0-0-0-0-0-0-0-0-0-0-0-0	0-0-0-0-0-0-0-0-0-0-0-0	0-0-0-0-0-0-0-0-0-0-0-0	0-0-0-0-0-0-0-0-0-0-0-0	0-0-0-0-0-0-0-0-0-0-0-0	0-0-0-0-0-0-0-0-0-0-0-0	0-0-0-0-0-0-0-0-0-0-0-0	0-0-0-0-0-0-0-0-0-0-0-0	0-0-0-0-0-0-0-0-0-0-0-0	0-0-0-0-0-0-0-0-0-0-0-0	0-0-0-0-0-0-0-0-0-0-0-0	0-0-0-0-0-0-0-0-0-0-0-0
595	1	1-1-1-1-1-1-1-1-1-1-1-1	0-2-1-0-0-2-0-2-0-1-0-0	2-0-0-1-2-0-2-2-0-0-2-2	0-0-1-0-0-0-0-0-2-2-2-1	0-0-0-0-0-1-2-0-1-0-0-0	2-0-0-0-0-0-2-0-2-1-4-0	0-2-1-0-0-1-0-2-1-1-2-0	2-0-1-0-1-0-1-0-0-1-0-0	1-1-1-0-1-2-4-2-0-1-0-1	0-0-1-2-1-0-0-1-0-0-0-1	4-1-0-4-2-0-0-0-4-0-0-3	1-1-0-0-1-0-0-0-0-0-1-1
595	2	3-1-2-1-1-1-2-1-2-2-2-1	3-1-1-3-1-1-3-1-0-1-0-4	1-3-0-4-3-3-3-1-3-3-1-1	3-3-2-4-3-3-1-4-3-1-1-2	3-0-4-3-0-3-3-3-2-0-3-3	1-1-3-2-2-0-3-3-1-1-0-3	1-1-1-0-3-2-3-3-1-4-1-3	1-3-2-3-3-0-2-4-4-0-2-0	0-0-3-4-4-3-0-1-2-2-4-2	0-3-0-1-3-4-3-2-3-0-0-4	7-4-2-1-1-0-0-0-1-2-3-2	1-3-2-2-0-2-4-0-2-3-2-4
595	3	3-4-3-3-3-3-3-3-3-3-3-4	2-4-4-2-1-4-2-4-4-3-4-4	4-2-5-2-2-2-4-2-4-2-4-4	2-4-3-2-2-2-6-0-4-3-4-2	2-0-4-2-3-4-4-2-3-3-2-2	2-2-2-2-3-4-4-2-3-3-6-3	4-1-6-4-2-3-4-2-3-3-5-2	3-2-2-2-2-4-6-2-2-3-7-0	3-3-2-2-3-2-7-4-4-3-2-2	4-2-3-4-2-2-2-3-2-0-3-3	7-0-8-3-7-0-0-7-1-2-2-3	1-2-2-5-0-2-2-3-7-7-4-6
595	4	4-3-3-5-4-4-4-3-4-4-5-5	2-3-3-2-4-3-5-3-5-4-5-3	3-5-7-2-3-5-3-5-3-3-3-3	5-4-5-5-2-2-0-2-3-5-3-4	3-8-3-2-6-3-3-4-3-4-2-6	5-4-3-4-4-4-3-3-1-3-1-5	3-1-3-3-5-4-3-5-1-2-6-1	6-2-6-3-2-5-3-2-2-4-6-4	6-6-3-2-2-0-6-3-3-4-2-5	6-6-0-3-6-2-3-2-6-5-6-2	6-2-6-3-3-6-6-6-6-2-2-4	1-2-4-4-6-6-2-6-3-6-3-2
595	5	5-5-6-4-6-6-6-6-6-6-6-8	6-6-6-4-7-6-6-6-6-6-6-6	5-6-7-7-6-6-6-6-6-6-6-6	6-5-6-7-6-4-6-7-6-6-6-4	7-4-7-6-4-5-6-5-6-6-7-2	5-6-7-5-6-6-6-6-6-5-3-5	8-7-5-5-6-6-3-6-5-7-8-5	5-5-6-6-6-6-5-5-6-5-8-4	5-4-6-2-6-7-7-5-6-5-2-4	5-5-5-6-5-6-6-7-5-6-4-6	8-8-5-7-5-8-4-4-8-6-6-6	8-5-7-6-5-5-6-8-5-3-5-8
595	6	7-5-5-7-5-5-5-5-5-5-5-5	5-5-5-7-5-5-5-7-5-5-7-5	6-7-5-5-7-5-7-5-5-5-5-7	7-4-5-7-7-7-5-7-5-5-7-4	7-5-5-7-4-7-7-7-5-5-5-7	5-5-5-6-5-5-5-5-5-3-3-6	5-5-3-5-5-5-3-5-5-5-7-6	5-7-4-7-7-5-8-7-5-4-4-4	4-4-5-7-7-5-4-5-5-7-7-5	5-4-5-5-4-5-5-5-4-5-4-7	4-5-5-3-3-4-4-4-4-5-5-6	5-6-6-7-4-4-5-4-7-4-7-5
595	7	6-5-5-6-5-5-5-5-5-5-5-8	5-5-5-6-5-5-5-6-6-5-6-5	5-6-5-5-6-5-6-5-5-5-7-6	6-7-7-5-6-6-5-6-5-5-6-4	6-4-5-6-7-6-6-6-7-7-5-6	5-7-5-5-7-8-6-5-7-5-3-7	8-5-5-7-8-7-3-6-7-5-6-6	7-6-2-6-6-5-5-6-8-4-6-4	7-4-5-7-6-5-5-7-5-6-6-5	8-7-7-5-7-8-5-5-8-5-6-6	5-5-5-5-3-5-4-6-5-7-5-7	8-8-5-6-6-7-5-4-3-3-6-5
595	8	8-5-6-6-8-5-5-8-5-5-5-7	5-5-8-6-8-5-6-6-6-8-6-7	8-8-8-5-8-5-7-7-5-8-5-8	7-8-8-8-8-8-7-8-8-8-8-4	6-4-8-8-8-8-7-8-8-8-6-6	5-8-8-7-8-5-8-8-8-8-8-8	5-8-8-7-7-8-8-8-8-8-5-5	8-6-8-7-8-5-6-6-7-5-5-5	7-5-8-7-6-8-8-7-8-5-6-8	7-4-8-8-8-7-8-5-7-8-5-8	5-5-5-8-3-5-4-4-5-7-8-7	8-7-8-5-7-8-8-5-8-8-6-5
596	0	0-0-0-0-0-0-0-0-0-0-0-0	0-0-0-0-0-0-0-0-0-0-0-0	0-0-0-0-0-0-0-0-0-0-0-0	0-0-0-0-0-0-0-0-0-0-0-0	0-0-0-0-0-0-0-0-0-0-0-0	0-0-0-0-0-0-0-0-0-0-0-0	0-0-0-0-0-0-0-0-0-0-0-0	0-0-0-0-0-0-0-0-0-0-0-0	0-0-0-0-0-0-0-0-0-0-0-0	0-0-0-0-0-0-0-0-0-0-0-0	0-0-0-0-0-0-0-0-0-0-0-0	0-0-0-0-0-0-0-0-0-0-0-0
596	1	1-1-1-1-1-1-1-1-1-1-1-1	1-1-0-1-0-0-0-1-0-1-0-2	2-1-0-0-2-2-2-0-0-2-2-2	2-2-1-2-2-2-0-1-1-1-1-0	1-0-1-2-2-1-2-2-1-1-1-1	1-1-2-0-1-2-2-2-0-1-0-1	1-1-1-0-2-0-1-2-1-1-0-2	1-1-1-2-7-0-0-1-1-1-0-0	0-0-2-2-3-1-0-2-0-1-1-1	0-2-1-1-0-1-2-1-2-0-0-1	0-1-0-1-0-0-0-0-0-1-1-1	0-2-2-2-0-1-2-0-1-1-1-1
596	2	1-2-2-2-2-2-2-2-2-2-2-2	2-3-2-1-0-2-0-3-2-2-1-3	1-2-1-1-1-1-1-0-0-3-1-1	1-3-3-1-1-1-0-1-1-2-3-3	2-0-3-1-3-3-1-1-3-3-1-1	3-6-1-0-2-1-3-1-2-2-5-1	3-1-1-3-1-2-5-1-2-2-3-3	2-3-1-1-2-3-5-3-2-3-3-3	2-0-1-1-4-1-6-3-2-2-3-2	0-1-2-3-1-2-3-2-1-3-3-1	6-1-0-5-7-3-0-0-3-1-1-3	0-1-1-1-0-1-1-0-5-2-5-1
596	3	4-3-4-4-3-3-4-3-4-3-4-4	3-2-2-4-4-4-4-4-4-3-4-4	3-4-4-4-3-3-4-4-4-2-4-3	3-3-4-3-1-4-5-3-2-3-2-5	2-7-2-3-5-2-3-2-2-3-3-3	2-4-2-6-6-7-2-1-2-2-2-3	5-1-3-5-3-3-2-4-2-3-5-2	3-2-4-2-3-2-4-2-5-3-5-5	5-5-4-1-1-3-5-2-2-3-2-3	5-5-2-2-5-1-2-3-5-5-5-1	5-1-3-6-4-5-5-5-5-3-4-5	5-1-3-5-5-5-7-5-4-3-3-1
596	4	3-3-3-3-5-5-5-5-5-5-5-3	3-5-5-3-5-5-3-5-3-5-3-5	4-5-6-5-5-5-5-5-5-5-5-5	5-4-5-6-1-3-3-6-5-6-4-3	6-3-5-6-4-4-5-4-5-5-6-4	4-5-5-4-3-5-5-6-6-4-2-4	3-5-4-4-5-5-5-5-4-4-4-5	5-4-3-5-5-5-4-3-3-4-3-3	4-3-7-4-5-5-3-3-6-4-5-4	3-4-6-5-3-4-5-2-4-4-3-1	4-7-3-2-3-7-3-3-3-4-5-5	6-4-3-7-3-4-4-3-3-3-4-7
596	5	4-4-4-7-4-4-4-4-4-4-4-3	4-4-4-6-4-4-7-4-3-4-3-4	3-6-4-6-6-4-6-4-4-4-4-6	4-3-4-4-6-6-3-1-4-4-6-3	6-3-6-4-3-4-6-6-4-4-4-6	6-4-4-7-4-4-6-6-4-4-2-5	3-4-4-3-4-4-4-4-4-1-6-4	4-5-7-6-6-4-7-6-3-3-6-3	3-3-4-6-4-4-3-3-4-4-6-4	3-3-4-4-6-5-4-2-3-3-3-6	3-4-6-2-3-3-3-3-3-4-4-3	3-5-5-6-3-3-4-3-6-6-6-1
596	6	4-4-4-5-4-4-4-4-4-4-4-7	4-4-4-5-4-4-3-5-3-4-5-4	4-5-4-5-5-4-5-4-4-5-5-5	6-6-6-4-5-5-7-4-4-4-5-3	4-3-5-4-6-6-7-5-6-4-4-5	5-4-5-3-3-5-5-5-4-4-2-6	7-1-4-6-6-4-5-5-6-4-5-4	6-5-1-5-5-7-2-5-6-4-5-3	6-3-5-5-5-4-6-6-4-5-5-4	6-5-4-5-5-7-4-2-7-3-3-5	2-4-3-3-7-4-3-3-3-7-4-3	4-7-4-6-3-6-4-3-5-5-5-1
596	7	7-5-5-5-7-4-4-7-4-4-4-6	4-4-7-5-7-4-5-7-3-7-5-6	7-7-7-5-7-4-6-6-6-7-4-7	6-7-7-7-7-7-6-7-6-7-7-6	4-3-7-7-6-7-6-7-7-7-4-7	6-7-7-6-7-7-7-7-7-7-2-7	6-7-7-7-6-7-7-7-7-7-4-4	7-7-5-6-7-6-5-5-6-4-4-4	6-3-7-7-5-7-7-4-4-4-7-5	6-3-7-7-7-6-7-4-7-4-4-7	3-4-7-7-2-4-3-3-3-6-7-7	4-6-7-4-3-7-7-3-7-7-5-4
597	0	0-0-0-0-0-0-0-0-0-0-0-0	0-0-0-0-0-0-0-0-0-0-0-0	0-0-0-0-0-0-0-0-0-0-0-0	0-0-0-0-0-0-0-0-0-0-0-0	0-0-0-0-0-0-0-0-0-0-0-0	0-0-0-0-0-0-0-0-0-0-0-0	0-0-0-0-0-0-0-0-0-0-0-0	0-0-0-0-0-0-0-0-0-0-0-0	0-0-0-0-0-0-0-0-0-0-0-0	0-0-0-0-0-0-0-0-0-0-0-0	0-0-0-0-0-0-0-0-0-0-0-0	0-0-0-0-0-0-0-0-0-0-0-0
597	1	1-1-1-1-1-0-1-1-1-1-0-1	1-0-0-2-0-2-0-2-0-1-2-0	5-1-0-0-2-0-2-0-0-2-0-2	2-0-0-3-4-2-0-5-1-0-2-0	1-0-2-0-0-1-2-2-0-0-0-1	2-3-2-0-0-2-2-4-1-1-0-2	0-3-1-0-2-0-1-2-0-0-2-2	1-4-3-2-1-0-1-7-0-0-0-0	1-0-2-2-3-0-0-2-0-1-2-3	0-1-1-0-2-3-2-1-2-0-0-3	1-1-1-2-0-2-1-0-0-2-2-0	2-1-1-2-0-1-1-0-6-1-1-3
597	2	2-2-2-2-2-2-2-2-2-2-2-3	1-3-2-1-3-3-1-4-1-2-1-2	3-2-1-2-1-2-3-3-3-1-3-3	1-2-2-1-1-1-0-1-3-2-3-1	1-0-1-0-0-3-3-1-2-0-0-1	1-1-4-0-2-1-3-1-2-2-2-1	3-1-2-3-1-2-3-1-2-2-1-1	2-1-1-1-1-3-5-0-2-6-1-0	2-0-1-1-2-2-2-1-4-2-1-1	0-1-2-3-3-5-1-2-1-3-0-1	3-1-0-2-7-1-0-0-0-1-3-2	4-1-1-7-0-1-1-0-0-1-5-1
597	3	3-2-3-2-3-3-3-2-3-3-2-2	4-2-2-1-4-4-4-2-4-4-4-4	2-4-4-1-2-3-4-2-4-3-2-2	4-4-4-4-1-4-4-3-2-2-2-3	1-6-4-4-4-2-4-4-2-0-5-7	1-4-2-4-3-5-2-1-2-2-2-1	4-1-2-5-4-4-2-4-3-2-5-2	5-1-5-2-1-4-2-4-4-3-5-5	5-4-4-1-1-3-4-4-2-3-1-1	4-5-3-3-4-1-2-2-4-4-4-1	5-1-3-4-4-4-4-4-5-4-4-3	3-1-4-5-3-5-4-7-5-5-2-1
597	4	4-4-3-4-4-4-4-7-4-4-4-3	3-5-5-1-3-3-3-2-3-5-3-3	2-3-3-4-1-2-5-3-3-5-5-3	3-3-3-3-1-3-3-1-5-6-5-3	1-3-3-3-3-4-5-3-5-4-5-4	5-3-2-3-3-3-5-1-5-4-6-4	5-5-5-3-3-3-4-3-4-2-1-5	4-1-1-2-1-3-6-3-3-4-3-3	4-3-3-3-2-0-3-3-2-3-1-1	3-1-4-5-3-1-5-2-3-3-3-1	3-4-0-6-3-3-3-3-3-3-5-5	6-1-3-3-3-4-3-0-3-3-3-5
597	5	6-4-6-7-4-4-6-5-5-5-5-5	3-4-4-5-6-6-3-6-3-6-7-3	1-6-6-6-6-5-6-6-6-6-4-6	6-3-3-6-6-6-7-1-6-5-6-3	6-3-6-6-3-4-6-6-4-5-6-6	4-3-6-5-3-3-4-5-4-5-2-4	4-4-4-3-6-5-3-7-4-4-6-4	3-6-3-6-6-3-4-5-3-5-6-3	7-3-3-6-6-6-6-6-7-6-6-3	7-6-5-6-3-6-6-2-3-3-3-1	3-5-3-4-0-4-3-6-3-6-4-5	3-2-5-6-3-3-6-3-3-3-2-4
597	6	7-7-6-5-6-7-7-5-7-6-7-7	7-4-4-5-5-7-3-5-7-5-5-7	7-5-5-7-5-6-5-7-7-5-6-5	5-6-6-5-5-5-7-5-5-4-5-3	5-3-5-5-6-6-7-5-6-6-5-5	7-6-5-5-6-3-5-5-6-6-4-6	7-4-2-3-7-5-5-6-6-4-5-4	3-5-1-5-5-6-4-5-3-2-5-6	6-6-6-5-5-5-5-7-6-5-5-3	7-5-6-5-6-5-5-2-6-6-5-1	5-6-6-4-7-6-3-5-5-5-6-6	4-7-6-5-5-6-5-6-1-6-6-6
597	7	7-6-7-5-7-7-6-7-6-5-6-6	6-4-7-5-7-7-3-7-6-7-5-6	7-7-7-6-7-7-5-6-6-7-7-7	7-7-7-7-7-7-6-7-5-7-7-3	5-3-7-7-7-7-6-7-7-7-5-3	6-6-7-5-7-3-7-7-7-7-7-7	6-7-7-7-6-7-7-7-7-7-7-6	7-7-7-6-7-6-7-1-6-4-6-3	5-5-7-7-1-7-7-6-7-5-5-7	6-3-7-7-7-1-7-7-5-7-3-7	3-1-6-7-2-6-3-3-6-7-7-7	7-6-6-2-6-7-7-3-7-7-5-7
598	0	0-0-0-0-0-0-0-0-0-0-0-0	0-0-0-0-0-0-0-0-0-0-0-0	0-0-0-0-0-0-0-0-0-0-0-0	0-0-0-0-0-0-0-0-0-0-0-0	0-0-0-0-0-0-0-0-0-0-0-0	0-0-0-0-0-0-0-0-0-0-0-0	0-0-0-0-0-0-0-0-0-0-0-0	0-0-0-0-0-0-0-0-0-0-0-0	0-0-0-0-0-0-0-0-0-0-0-0	0-0-0-0-0-0-0-0-0-0-0-0	0-0-0-0-0-0-0-0-0-0-0-0	0-0-0-0-0-0-0-0-0-0-0-0
598	1	1-1-1-1-1-1-1-1-1-1-1-1	1-2-0-1-2-1-1-0-2-1-0-2	3-2-2-0-0-2-2-2-0-0-0-0	2-3-0-0-1-1-2-4-0-0-1-1	0-1-1-0-2-0-2-1-0-1-0-0	0-0-0-1-0-2-0-0-0-0-0-2	0-0-0-3-0-1-0-0-0-1-3-0	1-0-0-0-1-2-0-0-1-1-0-0	1-2-2-0-0-0-1-2-0-1-1-0	1-1-4-2-0-1-0-0-1-2-1-0	0-0-1-0-3-1-2-1-0-0-0-1	1-0-8-1-0-1-1-1-1-0-1-0
598	2	2-2-2-2-2-1-2-4-2-1-2-2	1-1-0-3-1-1-1-3-1-2-3-1	1-1-3-4-3-1-3-1-0-3-3-3	3-0-1-3-3-3-1-7-3-0-2-2	2-1-8-0-1-2-3-3-0-0-0-2	3-3-3-4-2-4-3-2-0-2-0-4	4-3-4-1-3-2-8-3-2-2-3-2	0-4-3-3-2-1-8-8-2-1-0-0	2-1-1-3-4-3-1-4-5-2-4-2	2-4-0-3-3-2-3-0-3-1-2-2	3-4-1-0-1-2-1-2-0-2-3-1	0-3-2-1-2-2-3-1-2-2-2-2
598	3	3-3-3-3-3-3-3-3-2-3-3-4	1-4-4-2-1-4-2-2-4-2-2-4	4-1-2-2-2-3-4-2-0-2-4-4	2-1-4-2-2-2-3-2-4-4-4-2	2-3-5-3-3-2-4-2-4-3-0-2	4-2-5-1-3-2-4-3-3-3-3-3	5-2-3-1-2-3-4-2-3-6-2-4	3-2-2-2-2-4-7-4-2-3-1-3	3-1-1-2-3-4-3-2-3-3-2-3	2-2-0-4-2-2-2-4-2-3-3-2	2-3-3-5-1-2-1-3-4-2-2-3	4-2-2-4-3-3-2-1-6-2-6-3
598	4	4-3-4-4-4-4-4-4-4-4-4-5	4-3-3-2-5-3-5-3-5-4-5-3	3-5-4-5-4-5-3-4-5-4-3-3	5-5-5-5-2-6-3-6-3-6-3-8	2-8-1-3-5-3-3-5-3-0-4-3	5-2-3-4-5-8-3-2-3-3-3-2	2-2-2-3-5-4-5-4-3-2-3-3	3-2-6-2-2-3-3-5-2-4-4-6	4-4-4-2-2-4-6-5-3-4-2-3	5-2-1-3-2-2-3-3-6-6-6-2	6-2-4-8-6-6-6-8-6-2-5-4	3-2-5-3-6-6-2-4-5-6-3-2
598	5	6-5-6-4-6-6-5-6-6-6-6-4	6-6-6-2-7-6-4-6-6-6-4-6	5-4-6-7-6-6-6-6-6-6-6-6	6-4-4-6-2-5-7-7-6-6-6-4	6-4-3-7-5-6-6-5-6-6-7-6	4-6-3-4-4-4-5-7-5-5-3-5	8-6-6-5-4-5-4-6-5-5-5-6	3-2-2-5-5-4-6-6-4-5-4-4	5-4-4-5-7-5-4-4-6-7-3-5	4-5-5-6-3-6-7-7-4-4-4-5	4-6-4-5-8-8-4-3-4-2-6-5	5-5-7-5-4-7-7-4-4-2-3-6
598	6	5-5-5-7-5-5-5-5-5-5-5-4	7-5-5-7-5-5-6-5-5-5-7-5	5-7-5-5-7-5-7-5-5-5-6-5	7-4-5-5-7-7-6-4-5-5-7-4	7-5-7-6-5-5-7-7-5-6-5-7	7-5-7-6-3-4-7-7-5-5-3-6	5-5-5-6-5-6-4-5-5-3-7-6	5-7-4-6-7-1-8-7-4-5-7-4	8-4-1-7-5-5-4-5-5-5-7-5	6-7-5-5-7-7-5-3-4-4-4-5	4-5-4-5-4-4-4-4-4-6-5-5	5-5-5-5-4-4-5-4-3-7-3-5
598	7	6-8-5-6-5-8-5-5-5-5-5-4	6-5-5-6-5-5-6-6-6-7-6-5	4-6-6-5-6-7-6-5-6-5-7-5	6-7-7-5-6-6-5-5-6-5-6-4	6-5-6-6-7-7-6-6-7-7-5-6	6-5-6-6-4-4-7-6-7-7-7-7	8-5-3-8-8-7-4-6-5-5-6-6	7-6-2-6-6-1-3-6-8-5-6-4	7-4-7-7-5-5-7-4-5-5-6-3	7-6-7-3-6-6-5-5-8-4-7-7	6-5-3-0-3-5-4-6-6-6-5-7	5-7-5-7-6-5-5-5-2-6-7-2
598	8	8-7-6-6-8-7-5-8-5-5-5-4	6-5-8-6-8-5-7-8-8-8-6-8	8-8-8-5-8-8-7-5-7-8-8-8	6-8-8-8-8-8-7-8-8-8-8-4	2-4-8-8-8-8-7-8-8-8-5-8	8-8-6-6-8-4-8-8-8-8-8-8	5-8-8-8-7-8-8-8-8-8-5-6	8-8-2-7-8-7-6-2-7-5-4-4	7-7-8-7-2-8-8-5-8-5-6-3	6-8-8-8-8-5-8-7-8-8-6-8	4-5-5-5-5-5-4-4-8-6-8-8	5-5-1-5-5-8-8-4-8-8-2-5
599	0	0-0-0-0-0-0-0-0-0-0-0-0	0-0-0-0-0-0-0-0-0-0-0-0	0-0-0-0-0-0-0-0-0-0-0-0	0-0-0-0-0-0-0-0-0-0-0-0	0-0-0-0-0-0-0-0-0-0-0-0	0-0-0-0-0-0-0-0-0-0-0-0	0-0-0-0-0-0-0-0-0-0-0-0	0-0-0-0-0-0-0-0-0-0-0-0	0-0-0-0-0-0-0-0-0-0-0-0	0-0-0-0-0-0-0-0-0-0-0-0	0-0-0-0-0-0-0-0-0-0-0-0	0-0-0-0-0-0-0-0-0-0-0-0
599	1	1-1-1-3-1-1-1-1-1-2-2-2	3-2-1-0-2-2-1-2-2-1-2-2	1-2-1-2-2-1-2-2-2-2-2-2	2-1-2-2-1-0-2-1-2-2-2-1	2-0-1-2-2-1-2-1-2-2-5-1	2-2-2-2-2-2-2-2-2-1-0-2	1-1-1-1-2-1-2-2-2-2-1-1	1-1-1-1-1-2-1-1-1-1-0-3	1-0-4-1-2-3-1-1-2-1-1-2	4-1-1-4-4-1-2-1-8-1-4-1	1-6-3-2-1-2-1-1-1-1-2-2	2-1-1-1-4-1-2-2-1-1-1-1
599	2	1-1-2-2-1-1-1-1-1-1-1-1	1-1-1-5-1-1-1-1-1-1-1-1	1-3-1-5-3-1-3-1-1-3-1-1	3-0-1-1-3-3-1-4-1-1-1-1	1-0-3-1-4-1-3-3-1-1-1-3	4-4-3-1-1-1-3-1-1-1-6-4	4-4-1-2-3-1-1-3-1-1-3-3	1-2-1-3-3-1-1-5-3-1-0-0	2-0-3-3-5-4-1-4-1-2-2-1	2-4-1-1-3-2-3-1-3-1-1-5	0-2-1-1-1-1-0-0-1-3-1-1	1-2-4-1-1-1-3-1-2-2-2-1
599	3	3-3-1-1-3-1-1-1-1-1-1-2	1-7-3-2-1-1-1-4-4-1-2-4	6-3-1-1-2-2-4-5-1-2-4-2	2-3-4-1-2-2-1-2-4-3-4-1	1-0-2-1-1-3-4-2-3-3-1-2	2-2-4-1-3-2-4-2-1-3-7-3	2-2-1-6-2-3-4-2-1-1-2-2	1-5-6-4-2-1-7-2-2-4-5-1	3-0-2-2-6-1-4-2-4-3-2-3	1-2-3-3-2-2-2-3-4-1-0-2	6-4-1-1-8-1-0-0-5-4-1-3	1-2-2-4-1-4-2-0-8-2-6-7
599	4	1-6-1-1-5-4-4-4-1-1-4-1	1-3-5-2-3-1-1-3-3-1-5-5	6-4-1-1-2-1-5-5-5-3-5-4	2-3-5-5-2-2-5-2-5-3-3-0	2-0-7-6-2-3-5-4-5-1-1-2	2-2-6-0-7-2-5-2-4-4-5-2	5-2-4-4-5-1-5-5-4-1-2-2	4-2-3-3-2-1-8-2-2-5-5-1	3-0-5-2-4-2-3-2-3-4-2-3	1-2-9-1-1-2-5-5-3-1-1-2	1-3-4-1-1-1-0-0-5-3-1-4	4-2-2-3-1-4-3-1-0-2-1-3
599	5	5-5-5-5-4-4-4-6-5-5-5-9	5-4-4-2-7-1-5-4-3-1-6-6	7-6-7-7-2-6-4-4-4-2-4-5	5-5-4-4-2-6-4-7-4-6-6-5	1-9-8-4-7-3-4-5-6-5-1-5	1-5-4-1-4-6-4-1-1-4-4-5	8-6-4-7-4-7-4-4-4-1-4-1	1-3-8-3-2-1-4-2-5-7-5-0	8-0-4-2-2-4-5-6-4-5-2-4	5-5-5-7-3-4-6-4-6-5-6-2	8-2-1-1-4-1-5-8-8-5-6-5	5-6-5-5-6-5-5-8-5-2-3-1
599	6	6-4-7-6-7-7-7-7-7-7-7-6	7-3-4-8-7-7-6-7-7-7-7-7	8-7-5-9-7-7-7-7-7-7-7-7	7-7-7-7-7-7-7-8-8-7-6-5	8-7-3-8-6-7-7-7-7-7-8-6	7-7-7-7-5-9-7-7-1-4-4-5	9-8-6-7-7-5-8-7-7-7-9-7	7-6-5-6-7-6-6-8-5-5-7-6	9-6-5-7-7-7-5-7-8-6-7-4	5-5-7-5-6-9-5-8-5-7-5-2	6-9-9-6-9-9-6-9-5-5-7-8	5-5-6-5-7-6-7-9-6-5-3-9
599	7	6-6-6-9-6-6-6-6-6-6-6-6	6-3-6-7-6-6-6-6-6-6-6-6	5-6-5-5-8-6-8-6-6-6-6-8	8-6-6-6-8-8-6-5-6-6-8-5	6-6-5-8-5-6-8-8-6-6-6-8	6-6-8-6-4-6-8-6-1-7-3-8	6-6-6-5-6-5-4-8-6-6-8-6	6-8-6-8-8-6-9-6-5-5-6-6	9-0-5-8-8-6-5-6-6-6-8-4	9-8-5-5-8-6-8-4-5-6-8-2	8-6-6-1-1-5-6-8-6-8-6-9	5-7-6-5-6-6-6-6-8-5-8-3
599	8	6-9-6-6-6-9-6-6-6-6-6-9	6-3-6-6-6-6-7-7-6-6-6-9	6-7-5-6-7-6-7-6-6-7-7-7	7-8-8-7-7-7-9-6-6-6-7-5	6-6-5-7-8-7-7-7-8-6-6-7	6-8-7-6-8-6-7-6-8-8-3-7	5-6-4-8-7-5-6-7-8-6-7-6	8-7-5-7-7-1-4-6-5-6-7-6	8-8-8-7-7-6-5-6-6-8-7-4	8-7-8-6-7-2-7-6-9-6-8-2	5-8-1-9-3-1-6-5-5-7-6-8	5-9-5-5-7-6-6-5-3-5-7-6
599	9	9-8-7-7-9-8-6-9-6-6-6-8	6-9-9-7-9-6-8-6-9-9-7-8	9-9-9-6-9-9-9-6-9-9-8-9	8-9-6-9-9-9-8-9-9-9-9-6	6-6-9-9-9-9-8-9-9-9-6-9	6-9-9-8-9-6-9-9-9-9-9-8	6-9-9-5-6-9-6-8-9-9-6-6	9-9-9-8-9-6-7-2-2-5-6-6	8-9-9-9-2-9-9-6-9-6-5-4	7-6-4-9-9-6-9-7-8-9-1-9	6-6-6-8-6-6-6-6-6-9-9-9	5-8-5-9-6-9-9-6-9-9-7-6
600	0	0-0-0-0-0-0-0-0-0-0-0-0	0-0-0-0-0-0-0-0-0-0-0-0	0-0-0-0-0-0-0-0-0-0-0-0	0-0-0-0-0-0-0-0-0-0-0-0	0-0-0-0-0-0-0-0-0-0-0-0	0-0-0-0-0-0-0-0-0-0-0-0	0-0-0-0-0-0-0-0-0-0-0-0	0-0-0-0-0-0-0-0-0-0-0-0	0-0-0-0-0-0-0-0-0-0-0-0	0-0-0-0-0-0-0-0-0-0-0-0	0-0-0-0-0-0-0-0-0-0-0-0	0-0-0-0-0-0-0-0-0-0-0-0
600	1	1-1-1-1-1-1-1-1-1-0-1-1	2-1-0-3-0-0-0-2-0-1-1-0	0-3-0-0-2-0-2-0-0-1-2-2	2-0-0-3-2-2-0-0-2-0-2-0	1-0-1-0-0-1-2-2-0-1-0-2	2-3-2-1-0-2-2-2-1-1-1-3	3-1-1-0-2-0-1-2-3-0-1-2	3-1-1-2-2-0-1-5-0-0-1-0	0-0-2-2-3-0-0-0-2-1-2-1	0-1-1-0-1-3-2-1-2-0-0-1	1-1-1-1-7-1-0-0-0-1-1-1	0-1-1-0-0-1-1-0-1-1-1-1
600	2	2-2-2-2-3-2-2-2-2-2-2-2	1-3-3-1-0-3-1-3-2-2-1-2	3-0-0-2-1-0-3-2-0-1-3-3	1-1-3-1-1-1-2-2-1-2-3-0	1-2-0-3-4-3-3-1-2-1-1-1	1-1-3-2-3-1-1-1-2-2-2-2	4-1-2-0-1-2-5-1-2-2-4-3	2-3-1-3-1-3-5-3-3-2-0-2	2-0-1-1-2-1-4-1-4-2-1-2	3-3-2-6-3-2-1-5-1-3-3-1	3-2-3-2-0-1-3-2-3-1-1-1	6-1-0-0-0-2-1-1-2-1-2-2
600	3	3-2-2-3-2-3-3-3-3-3-2-3	3-2-2-4-4-2-4-2-5-2-4-4	7-4-4-0-3-4-2-3-0-4-2-3	4-3-2-4-1-4-3-0-3-4-2-0	1-5-0-3-5-2-2-4-3-1-3-2	4-1-2-3-5-5-2-1-2-2-2-1	1-1-2-0-3-2-5-4-1-2-5-2	1-2-5-2-2-4-3-4-2-3-3-5	3-3-4-1-1-3-3-5-6-3-1-3	4-2-3-4-5-1-3-2-5-5-3-1	5-3-4-4-0-3-5-5-2-2-1-3	3-1-3-3-5-5-1-5-5-1-3-1
600	4	4-4-5-4-4-5-4-6-5-4-5-7	5-5-4-5-5-5-5-5-5-5-5-5	4-5-4-6-5-5-5-6-6-5-5-5	5-3-5-6-5-3-5-6-5-5-5-5	6-6-5-6-4-4-5-4-5-4-6-4	4-5-5-4-5-5-5-5-5-4-2-4	7-4-4-4-4-4-3-5-4-6-7-7	4-4-5-2-4-5-4-3-4-4-3-4	4-4-4-1-5-4-5-3-5-6-1-4	4-4-5-3-3-4-5-4-3-5-5-4	4-7-5-3-5-6-3-4-7-4-5-3	5-4-4-7-3-4-6-3-3-5-3-4
600	5	6-5-7-7-4-4-4-4-4-4-4-6	4-4-4-6-4-4-4-6-4-4-6-4	0-6-4-4-4-4-6-4-4-4-4-6	6-3-4-6-6-6-4-6-4-4-6-4	6-3-7-6-3-6-6-6-4-4-4-6	4-4-4-5-3-3-6-4-4-5-2-6	5-4-4-0-5-5-2-4-4-5-6-5	4-5-3-6-6-4-7-6-7-3-6-3	4-0-4-5-7-3-4-3-4-5-6-0	3-6-4-4-6-4-6-2-3-3-6-6	3-4-6-4-4-5-3-3-4-5-4-3	4-5-5-6-3-3-5-3-6-6-6-4
600	6	5-7-5-5-4-4-4-4-4-4-4-5	4-4-4-5-4-4-5-5-4-4-5-4	4-5-5-4-5-6-5-4-4-4-6-5	5-6-6-5-5-5-4-4-4-4-5-0	5-4-4-5-6-5-5-5-6-6-4-5	7-0-7-7-6-3-5-4-6-6-2-6	7-1-4-6-7-6-6-5-6-4-5-6	6-5-1-5-5-7-2-5-7-3-5-3	6-7-6-6-5-5-6-6-4-4-5-4	6-5-6-2-6-4-5-2-7-3-5-5	5-6-5-4-4-4-6-6-6-6-4-6	2-7-4-6-5-4-4-3-5-5-5-4
600	7	7-6-5-5-7-6-4-7-4-4-4-4	4-4-7-5-7-4-5-7-7-7-5-5	7-7-7-4-7-4-6-4-4-7-4-7	7-7-6-7-7-7-4-7-7-7-7-4	4-4-7-7-7-7-6-7-7-7-5-4	4-7-6-6-7-6-7-7-7-7-7-7	6-7-7-6-6-7-7-7-7-7-4-4	7-7-7-6-7-6-5-5-6-7-4-3	6-7-7-7-5-7-7-6-7-4-5-7	5-5-7-7-7-6-7-2-6-7-5-7	3-4-7-3-1-4-6-5-4-4-7-7	4-6-7-4-3-7-7-4-7-7-5-4
601	0	0-0-0-0-0-0-0-0-0-0-0-0	0-0-0-0-0-0-0-0-0-0-0-0	0-0-0-0-0-0-0-0-0-0-0-0	0-0-0-0-0-0-0-0-0-0-0-0	0-0-0-0-0-0-0-0-0-0-0-0	0-0-0-0-0-0-0-0-0-0-0-0	0-0-0-0-0-0-0-0-0-0-0-0	0-0-0-0-0-0-0-0-0-0-0-0	0-0-0-0-0-0-0-0-0-0-0-0	0-0-0-0-0-0-0-0-0-0-0-0	0-0-0-0-0-0-0-0-0-0-0-0	0-0-0-0-0-0-0-0-0-0-0-0
601	1	1-1-1-1-1-1-1-1-1-1-1-2	0-2-1-0-0-2-0-1-1-1-0-0	1-0-0-0-0-0-2-0-0-0-2-0	0-0-2-0-1-0-0-0-2-1-2-1	2-2-1-0-0-1-2-0-2-2-0-0	0-0-0-0-0-0-2-0-2-1-1-2	2-1-1-1-0-0-0-0-1-1-1-1	1-1-1-1-1-0-2-2-1-1-0-0	0-0-0-0-0-0-1-0-2-1-1-1	0-0-1-2-1-0-2-1-0-0-0-0	0-1-0-0-0-1-0-0-0-1-1-2	0-1-1-1-0-1-0-0-0-0-1-1
601	2	2-1-2-1-2-2-2-1-2-2-2-3	3-1-1-3-0-1-4-5-3-1-3-3	3-3-3-3-3-2-3-3-3-3-1-3	3-0-3-5-3-4-0-4-2-1-1-2	4-1-4-3-0-3-3-3-1-2-4-3	2-3-3-2-2-3-3-3-1-2-0-4	3-4-1-0-3-0-2-3-1-2-8-3	2-2-2-3-2-0-1-2-2-1-0-0	0-0-0-3-5-4-0-4-1-1-2-5	4-5-2-1-3-2-3-1-3-0-0-5	0-2-0-1-0-3-0-0-0-2-3-1	0-2-3-3-0-3-3-0-0-0-3-2
601	3	3-3-2-3-3-3-3-3-3-2-3-2	2-5-3-2-4-3-2-4-2-2-2-4	3-2-2-2-2-2-4-2-2-2-4-2	2-4-2-2-2-2-4-2-4-4-4-2	2-0-2-2-0-4-4-2-4-3-2-2	2-2-4-2-3-2-2-2-3-3-3-2	4-5-3-0-2-3-8-2-3-3-5-2	3-3-2-4-2-0-5-4-2-3-0-0	0-0-4-2-3-0-3-2-4-3-2-2	2-3-3-4-2-4-2-3-4-4-2-2	4-4-3-3-0-2-0-4-0-2-2-3	0-2-2-2-2-3-4-0-0-0-2-4
601	4	4-4-2-4-4-5-4-4-4-4-3-4	2-5-5-2-3-5-2-3-5-3-2-3	3-2-2-2-2-5-5-4-5-2-5-2	2-3-5-2-2-2-3-2-5-5-3-0	2-0-2-4-0-3-5-4-5-2-2-2	5-2-3-3-4-2-5-3-4-4-4-2	4-2-4-4-5-3-4-5-4-3-6-2	4-2-2-3-4-0-8-3-2-5-4-0	0-0-5-2-4-2-3-2-3-4-3-4	2-3-4-3-4-3-5-5-3-3-5-2	3-3-5-4-8-5-5-3-5-3-2-3	4-2-2-4-0-4-3-0-0-2-4-4
601	5	5-4-5-2-4-4-5-6-5-5-5-6	6-4-4-2-5-4-6-5-6-6-6-5	5-6-7-7-2-6-4-6-4-4-4-5	6-5-4-2-2-6-3-2-4-4-4-6	2-8-5-4-7-3-4-6-4-5-6-5	6-6-3-5-5-2-4-2-3-4-4-6	2-3-4-5-6-5-4-4-4-3-3-5	3-4-2-6-2-6-4-5-5-7-5-9	5-0-4-6-2-5-5-6-4-5-2-2	6-2-5-5-3-3-4-4-5-6-4-2	3-2-4-4-6-5-5-3-6-2-2-5	5-6-5-5-5-4-2-9-2-5-5-2
601	6	7-6-8-8-6-7-8-8-7-7-7-8	7-6-6-2-7-7-7-6-7-7-5-7	6-5-7-7-7-7-6-7-7-7-7-7	7-7-7-5-7-5-7-9-7-7-6-5	7-5-6-4-5-6-7-7-7-6-8-6	6-5-7-7-5-9-7-7-7-6-4-6	9-6-7-5-5-6-7-7-6-7-7-9	6-2-7-5-6-7-6-5-5-5-5-6	6-6-7-5-7-6-5-5-8-5-6-6	5-6-5-7-6-6-7-4-5-5-7-2	6-9-6-6-9-9-6-4-5-9-7-5	7-7-6-5-5-6-7-6-6-5-6-6
601	7	8-7-9-7-6-8-6-7-6-6-9-7	6-6-6-8-6-6-8-8-6-6-9-8	7-8-8-6-8-6-8-6-6-6-6-7	8-6-6-8-8-8-6-8-6-6-8-7	8-5-7-8-5-6-8-8-6-6-7-8	7-8-8-6-6-9-8-6-6-7-4-8	4-6-6-6-6-7-6-8-6-6-8-7	6-8-6-8-8-6-9-8-8-5-8-7	9-0-6-8-8-6-6-6-6-8-8-6	6-8-6-6-8-6-8-8-7-6-8-8	8-6-6-3-6-6-6-6-8-6-6-6	6-8-7-8-8-6-6-6-8-6-8-8
601	8	7-9-6-7-6-9-6-6-6-6-6-7	6-6-7-7-6-6-7-7-7-7-7-7	9-7-7-6-7-6-7-6-7-7-7-7	7-8-8-7-7-7-9-7-6-6-7-9	7-5-7-7-8-7-7-7-8-6-6-7	9-7-7-6-8-9-7-7-8-8-3-7	9-6-6-8-8-8-8-7-8-6-7-7	8-7-2-7-7-6-4-7-7-6-7-0	8-8-6-7-7-0-5-8-6-7-7-2	6-7-8-8-7-6-7-6-9-6-8-7	7-8-7-9-7-8-8-5-7-8-6-8	6-7-7-8-7-6-6-6-7-7-7-7
601	9	9-7-7-7-6-8-6-9-7-6-7-8	6-6-9-7-9-6-7-9-7-9-7-7	9-9-9-6-9-7-9-6-6-9-8-9	8-9-9-9-9-9-8-9-6-9-9-8	6-5-9-9-9-9-8-9-9-9-7-7	6-7-9-7-9-7-9-6-9-9-9-8	8-9-9-6-8-9-9-8-9-6-8-6	9-7-2-8-9-9-7-7-7-9-6-5	7-8-9-9-7-9-9-8-6-6-7-9	7-9-9-9-9-6-7-6-8-9-8-9	7-6-6-3-6-6-8-6-6-6-9-9	6-6-6-6-6-9-9-6-9-9-7-9
602	0	0-0-0-0-0-0-0-0-0-0-0-0	0-0-0-0-0-0-0-0-0-0-0-0	0-0-0-0-0-0-0-0-0-0-0-0	0-0-0-0-0-0-0-0-0-0-0-0	0-0-0-0-0-0-0-0-0-0-0-0	0-0-0-0-0-0-0-0-0-0-0-0	0-0-0-0-0-0-0-0-0-0-0-0	0-0-0-0-0-0-0-0-0-0-0-0	0-0-0-0-0-0-0-0-0-0-0-0	0-0-0-0-0-0-0-0-0-0-0-0	0-0-0-0-0-0-0-0-0-0-0-0	0-0-0-0-0-0-0-0-0-0-0-0
602	1	1-1-1-1-1-1-1-1-1-1-1-2	1-0-0-1-0-1-1-0-1-1-0-0	0-2-3-0-0-0-2-2-0-0-0-0	0-2-0-2-1-1-1-5-0-0-1-1	0-1-1-0-6-0-0-1-0-0-0-0	0-0-0-0-0-0-0-0-0-0-0-0	4-1-0-1-2-1-0-0-0-1-0-0	1-0-0-0-0-7-0-0-1-1-0-0	0-1-2-0-0-0-3-0-0-1-0-0	0-1-1-0-0-0-0-0-2-0-1-0	0-0-2-0-0-1-4-1-0-0-0-1	1-0-0-1-0-1-1-1-0-0-1-0
602	2	3-2-4-4-3-2-2-3-2-3-3-4	3-3-2-3-3-3-2-3-3-3-3-3	2-3-2-3-3-3-3-3-5-3-3-3	3-1-3-3-2-3-3-3-3-2-2-3	5-3-2-7-3-2-3-2-3-3-7-2	2-1-3-3-3-3-3-3-2-2-0-2	1-2-2-2-1-2-2-3-3-3-2-3	2-2-4-3-2-1-2-3-2-2-2-3	2-1-3-2-3-2-2-3-3-2-2-3	3-2-2-3-2-2-2-3-1-3-3-3	2-8-5-5-4-3-3-2-3-3-3-2	6-2-2-4-4-3-2-3-2-2-5-4
602	3	2-2-2-2-2-2-2-2-2-2-2-2	2-2-2-4-2-2-2-2-2-2-4-2	4-4-1-2-2-6-4-2-2-5-2-2	4-2-2-2-5-4-2-2-2-2-2-2	2-2-8-4-4-4-4-4-2-2-2-4	2-5-4-2-2-2-4-4-2-2-0-5	3-4-2-2-4-3-3-4-2-2-4-4	2-3-2-4-4-1-8-8-5-2-7-2	3-1-2-4-5-0-2-4-2-3-4-2	2-4-2-2-4-5-2-2-4-2-2-5	2-5-2-0-2-2-2-2-2-2-2-4	2-4-3-2-2-2-4-2-3-3-3-2
602	4	2-4-2-2-2-2-2-2-2-2-2-2	2-5-5-3-2-2-2-2-2-2-3-2	5-4-2-2-3-3-5-6-2-3-5-3	3-4-5-2-3-3-6-2-5-5-5-2	2-2-3-3-3-4-5-3-5-7-2-3	2-3-6-2-4-3-3-3-4-4-7-4	3-3-5-1-3-4-5-3-6-6-3-3	2-3-2-3-3-5-6-2-3-0-2-2	4-1-5-3-4-2-4-3-2-3-5-5	2-3-2-5-3-3-2-7-3-2-2-4	5-2-1-4-2-2-1-2-2-2-3-3	2-3-3-5-2-2-3-2-2-5-6-2
602	5	6-8-2-7-2-2-5-2-5-6-6-8	6-4-4-7-2-2-6-4-7-2-6-6	7-5-7-5-5-2-4-6-2-3-4-5	6-5-4-7-3-3-6-1-4-4-4-8	2-6-1-5-5-4-6-5-4-5-2-5	2-3-4-5-6-7-4-3-4-5-0-3	8-3-4-8-3-5-4-4-0-2-6-3	2-3-6-4-3-4-4-3-3-5-5-6	6-5-4-3-3-5-6-6-2-5-4-4	6-6-2-7-3-3-2-2-6-2-6-3	8-3-6-2-2-6-6-6-6-3-3-5	2-3-5-4-6-2-3-6-6-4-2-2
602	6	6-5-6-6-2-2-6-6-5-5-7-7	5-4-4-5-2-2-5-7-5-2-7-5	6-7-7-8-7-3-7-4-5-7-7-6	7-5-5-5-7-7-5-7-7-0-7-5	7-5-1-7-5-6-7-7-6-2-8-7	7-8-4-6-6-3-7-2-4-0-4-7	6-6-4-7-8-6-4-8-2-6-7-6	2-6-5-7-6-1-4-3-6-5-5-5	5-5-4-7-7-6-5-5-2-0-7-0	5-7-6-5-7-7-7-4-5-6-5-6	5-6-5-8-2-5-5-5-5-6-2-6	2-6-6-7-5-5-1-5-7-4-7-4
602	7	6-8-6-5-7-8-8-6-8-5-6-5	8-5-2-5-2-8-5-6-5-2-6-6	5-6-6-6-6-7-6-5-8-7-7-7	6-7-7-5-6-6-8-2-6-7-6-5	6-5-6-5-7-6-6-6-7-7-2-6	8-7-8-8-7-5-6-2-7-7-4-7	6-6-2-6-8-7-4-6-7-2-6-6	7-7-3-6-6-8-4-3-6-0-3-5	7-5-4-6-6-0-7-6-2-0-6-0	3-6-7-5-6-3-6-4-8-5-6-7	4-6-7-0-2-8-5-5-7-7-2-7	2-8-2-6-7-2-7-2-6-4-6-2
602	8	8-7-6-6-8-7-7-8-7-5-6-5	5-8-8-5-8-8-5-8-8-8-6-5	8-8-8-6-8-6-7-8-7-8-8-8	6-8-7-8-8-8-7-8-8-8-8-5	6-5-3-8-8-8-7-8-8-8-6-8	7-8-8-7-8-8-8-8-8-8-8-8	7-8-8-7-6-8-8-8-8-8-5-8	8-8-8-7-8-7-3-3-3-2-7-7	7-7-8-8-6-8-8-6-8-8-8-0	6-5-8-8-8-3-8-8-8-8-8-8	5-2-8-8-6-7-5-5-8-2-8-8	8-7-6-4-4-8-8-5-8-8-6-8
603	0	0-0-0-0-0-0-0-0-0-0-0-0	0-0-0-0-0-0-0-0-0-0-0-0	0-0-0-0-0-0-0-0-0-0-0-0	0-0-0-0-0-0-0-0-0-0-0-0	0-0-0-0-0-0-0-0-0-0-0-0	0-0-0-0-0-0-0-0-0-0-0-0	0-0-0-0-0-0-0-0-0-0-0-0	0-0-0-0-0-0-0-0-0-0-0-0	0-0-0-0-0-0-0-0-0-0-0-0	0-0-0-0-0-0-0-0-0-0-0-0	0-0-0-0-0-0-0-0-0-0-0-0	0-0-0-0-0-0-0-0-0-0-0-0
603	1	1-1-1-3-1-1-1-2-1-1-1-2	1-2-1-2-3-2-2-2-2-1-2-2	1-2-1-1-2-2-2-2-3-2-2-2	2-1-2-2-1-2-2-1-1-2-2-2	1-2-1-4-2-1-2-1-2-1-3-1	4-2-3-2-2-2-2-2-2-1-0-2	4-1-1-1-1-4-0-2-2-1-1-4	1-1-2-2-1-2-1-2-1-1-0-1	1-3-1-0-2-3-2-0-2-2-1-0	1-1-1-2-1-1-1-1-2-2-2-1	1-8-4-2-1-2-1-1-1-1-7-1	2-1-1-1-3-3-1-2-1-3-1-1
603	2	1-1-1-1-1-1-1-1-1-1-1-1	1-1-1-3-1-1-1-1-1-1-3-1	1-3-1-1-1-1-3-1-1-1-1-1	3-3-1-1-5-3-1-6-3-1-1-1	5-1-2-5-3-3-3-3-1-1-1-3	1-1-1-1-1-1-3-1-1-1-0-4	3-7-1-0-3-1-2-3-1-2-0-3	1-2-1-3-4-1-8-8-2-1-7-0	1-1-3-4-4-1-1-3-1-2-2-2	1-4-1-1-3-4-3-1-3-1-1-5	0-1-0-1-1-1-1-0-0-2-3-1	1-3-2-5-0-1-4-1-2-2-2-1
603	3	1-4-1-1-1-3-1-1-1-1-1-4	1-4-4-2-1-1-1-2-1-1-2-1	1-2-5-1-2-2-4-5-1-4-4-4	2-3-3-2-2-2-1-2-2-3-4-1	3-0-2-2-2-2-4-2-4-1-1-2	1-3-5-1-3-1-4-3-3-3-6-3	2-2-1-0-2-3-4-2-3-3-0-2	1-2-1-2-2-1-6-5-3-3-6-1	3-1-2-2-3-1-7-2-1-3-2-5	1-2-3-1-2-2-2-3-2-1-1-2	0-0-6-6-1-1-0-0-0-4-2-2	1-2-2-4-1-1-2-0-1-2-3-1
603	4	4-3-5-7-1-1-4-4-5-5-1-3	4-3-3-5-5-1-5-6-5-1-5-6	5-5-6-2-4-6-3-5-3-6-3-5	5-5-6-5-2-5-8-2-3-3-5-7	2-8-5-1-6-3-5-5-3-4-1-4	5-2-3-5-6-5-3-1-1-1-1-2	5-2-1-5-5-1-3-5-1-1-8-1	1-2-6-3-2-6-3-4-6-4-4-6	6-6-6-2-2-4-5-5-1-4-2-3	6-6-4-6-6-2-3-1-6-3-6-2	6-0-1-8-1-6-6-6-6-3-5-4	1-2-5-3-6-6-2-7-5-5-1-2
603	5	4-5-4-4-5-5-5-1-4-4-4-4	4-6-6-4-4-1-4-7-4-1-4-4	4-4-4-1-2-6-6-4-7-4-6-6	4-4-4-4-2-4-6-4-6-6-6-4	2-4-4-2-4-6-4-4-6-5-4-2	4-6-3-4-4-4-6-7-6-5-1-5	4-2-7-4-4-5-3-4-5-5-6-2	5-2-4-3-2-1-7-5-2-5-4-4	4-4-4-6-5-4-4-4-6-4-5-3	4-2-5-5-4-2-3-1-4-5-4-2	4-6-4-3-4-1-4-4-4-4-4-6	7-4-4-5-4-3-2-4-4-4-5-1
603	6	8-5-8-8-5-5-6-7-8-6-6-7	4-5-5-7-4-1-4-8-4-1-7-4	4-7-4-7-7-4-5-7-5-7-5-7	7-4-7-7-7-7-5-7-7-5-7-4	7-4-8-7-4-5-7-7-5-7-5-7	7-5-7-4-4-4-7-1-5-5-3-7	6-2-5-4-5-6-3-5-7-8-7-6	1-7-4-7-7-4-3-7-4-4-7-4	4-4-4-7-7-4-1-7-5-6-7-7	4-4-6-5-4-8-1-1-4-5-4-2	4-5-7-3-1-4-4-4-4-4-5-5	1-7-4-7-4-4-5-4-4-4-7-1
603	7	6-8-6-6-5-8-7-6-8-7-6-8	7-5-5-6-4-8-4-5-8-7-6-8	4-6-4-6-6-7-6-8-8-6-5-6	6-7-7-6-6-6-8-6-6-6-6-4	6-4-5-6-4-7-6-6-7-6-1-6	8-8-6-8-7-8-6-5-7-5-3-7	8-2-5-7-8-7-3-8-7-6-6-6	7-6-4-6-6-8-8-6-6-4-6-4	7-4-4-7-6-4-7-7-1-5-6-6	7-6-7-8-7-2-8-8-8-5-4-2	4-7-6-3-8-1-4-4-4-7-7-7	5-8-7-6-7-7-5-4-2-4-6-1
603	8	8-7-8-6-8-8-7-8-7-6-6-7	6-5-8-6-8-8-4-6-7-8-6-7	8-8-8-8-8-8-7-7-7-8-8-8	6-8-8-8-8-8-7-8-7-8-8-4	6-4-8-8-8-8-7-8-8-8-6-6	7-8-8-7-8-7-8-8-8-8-8-7	7-8-8-8-7-8-8-8-8-8-4-8	8-7-8-7-8-7-7-6-2-8-4-4	7-4-8-7-6-8-8-7-8-8-6-8	7-4-8-8-8-6-8-7-7-8-4-8	4-1-8-8-7-4-4-4-4-7-8-7	8-7-7-1-7-8-8-4-8-8-7-1
604	0	0-0-0-0-0-0-0-0-0-0-0-0	0-0-0-0-0-0-0-0-0-0-0-0	0-0-0-0-0-0-0-0-0-0-0-0	0-0-0-0-0-0-0-0-0-0-0-0	0-0-0-0-0-0-0-0-0-0-0-0	0-0-0-0-0-0-0-0-0-0-0-0	0-0-0-0-0-0-0-0-0-0-0-0	0-0-0-0-0-0-0-0-0-0-0-0	0-0-0-0-0-0-0-0-0-0-0-0	0-0-0-0-0-0-0-0-0-0-0-0	0-0-0-0-0-0-0-0-0-0-0-0	0-0-0-0-0-0-0-0-0-0-0-0
604	1	1-1-1-1-1-1-1-1-1-1-1-1	2-1-1-2-0-1-2-1-2-2-2-2	1-2-2-2-2-2-2-2-0-2-1-1	2-0-0-1-2-2-2-2-1-0-2-1	2-1-2-2-2-1-2-2-1-0-2-2	2-2-2-2-0-2-2-1-1-1-0-2	2-2-1-0-2-2-1-2-1-1-2-2	1-2-2-2-2-3-1-2-2-2-0-2	0-0-2-2-7-2-0-2-0-2-2-1	0-2-1-0-2-6-2-1-2-0-2-2	2-1-0-0-0-2-1-0-0-2-2-1	0-2-2-2-0-2-2-0-2-1-2-2
604	2	2-2-1-2-3-1-1-2-1-1-2-1	1-3-2-1-1-1-1-2-1-1-1-3	2-1-1-1-1-1-1-1-1-3-0-2	1-3-3-1-1-1-1-1-2-3-3-1	1-1-3-1-3-3-1-1-3-3-1-1	1-1-1-1-2-1-3-3-2-2-2-1	1-1-2-3-1-1-2-1-2-2-1-3	2-1-1-1-1-1-6-1-1-1-2-3	2-1-1-1-2-1-2-1-3-1-1-2	1-1-2-3-1-1-1-2-1-2-1-1	3-1-2-2-1-1-1-2-0-1-3-2	2-1-1-1-3-1-1-0-1-0-1-1
604	3	3-1-4-1-2-3-3-4-4-3-4-1	4-2-2-4-4-3-3-3-4-4-4-4	3-4-5-4-3-4-3-4-4-2-3-3	3-3-4-3-3-4-4-4-2-3-2-3	1-6-2-3-5-2-3-3-2-3-3-3	3-2-2-3-5-5-2-2-2-2-2-4	2-1-3-2-3-3-2-4-2-2-5-2	2-1-5-2-1-4-4-4-4-5-5-5	3-5-2-2-3-3-5-4-2-3-2-5	3-5-2-2-1-1-2-1-4-4-5-1	5-4-4-5-1-3-5-5-5-3-2-2	3-1-3-3-5-5-2-5-1-5-1-1
604	4	5-4-5-3-5-4-4-3-5-5-5-7	5-4-4-3-6-5-3-4-3-3-3-5	4-3-5-5-4-5-3-5-5-5-7-4	5-4-5-5-4-3-5-5-5-6-4-5	7-3-4-5-4-4-5-4-5-5-6-4	5-5-5-5-3-3-5-5-5-4-2-5	7-5-4-4-5-4-5-3-4-5-4-4	4-1-3-4-1-5-5-5-3-4-3-3	4-3-5-3-4-6-5-3-6-6-1-6	5-1-6-5-5-5-5-4-3-3-3-1	6-7-3-3-5-7-3-4-7-5-5-5	5-5-4-5-3-6-6-6-4-3-4-7
604	5	6-7-7-7-4-4-4-6-4-4-5-5	4-4-4-6-6-4-7-6-4-6-6-6	5-6-4-4-6-4-6-4-4-4-6-5	6-4-4-6-6-6-4-6-4-4-6-4	6-3-6-6-3-5-6-6-4-4-4-6	4-4-6-4-3-3-6-4-4-2-2-4	6-4-4-4-4-5-4-6-4-4-6-5	4-6-3-6-6-4-7-7-6-3-6-3	4-3-4-5-6-4-3-6-4-5-6-3	7-3-4-4-6-4-4-2-7-4-3-6	3-4-6-3-4-6-3-3-6-4-4-4	4-6-5-6-3-4-4-3-6-3-6-4
604	6	5-4-5-5-4-4-4-5-4-4-5-7	4-4-5-5-5-4-5-5-5-5-5-5	4-5-5-5-5-6-5-5-5-5-5-5	5-6-6-5-5-5-7-5-5-4-5-7	5-3-5-5-6-5-7-5-6-4-4-5	5-7-5-5-6-3-5-4-6-4-2-6	5-1-4-6-7-6-4-5-6-4-5-5	6-5-4-5-5-4-2-5-5-4-5-6	6-3-6-6-5-4-6-5-4-5-5-4	7-6-4-3-5-1-5-7-7-3-5-5	4-4-5-3-7-5-3-5-5-6-4-6	4-7-4-5-5-4-4-4-5-3-5-5
604	7	7-5-5-5-7-5-5-7-4-4-5-6	4-7-7-5-7-4-5-5-5-7-5-5	7-6-7-4-7-7-6-4-6-7-4-7	6-7-4-7-7-5-6-7-6-7-7-6	5-3-7-7-7-7-6-7-7-7-5-5	4-7-7-5-7-6-7-7-7-7-7-7	4-7-7-6-6-7-7-5-7-7-4-5	7-5-7-6-7-5-5-5-5-4-3-3	6-7-7-6-1-7-7-5-4-2-5-5	5-7-7-4-5-5-5-6-6-7-5-7	4-4-7-3-4-4-3-4-4-4-7-7	4-6-4-4-5-7-7-4-7-7-5-4
605	0	0-0-0-0-0-0-0-0-0-0-0-0	0-0-0-0-0-0-0-0-0-0-0-0	0-0-0-0-0-0-0-0-0-0-0-0	0-0-0-0-0-0-0-0-0-0-0-0	0-0-0-0-0-0-0-0-0-0-0-0	0-0-0-0-0-0-0-0-0-0-0-0	0-0-0-0-0-0-0-0-0-0-0-0	0-0-0-0-0-0-0-0-0-0-0-0	0-0-0-0-0-0-0-0-0-0-0-0	0-0-0-0-0-0-0-0-0-0-0-0	0-0-0-0-0-0-0-0-0-0-0-0	0-0-0-0-0-0-0-0-0-0-0-0
605	1	1-1-1-1-1-1-1-1-1-1-1-1	0-1-1-0-0-1-0-2-2-1-0-2	0-0-0-0-0-0-2-0-0-3-2-2	0-0-2-0-0-0-0-0-2-2-2-0	0-2-1-0-0-2-2-0-2-0-0-0	4-0-2-0-0-0-2-0-4-1-4-0	2-2-1-0-0-1-0-2-1-1-4-0	1-1-0-2-0-4-1-2-0-2-0-4	1-0-0-0-0-1-4-0-1-0-1-0	0-0-3-2-0-0-0-1-0-0-0-0	0-1-4-0-0-0-0-4-4-0-0-1	0-1-1-0-0-1-1-0-0-0-0-0
605	2	3-2-2-2-1-1-2-1-2-2-2-2	3-1-1-3-0-1-3-3-1-2-3-1	0-3-0-5-3-3-1-3-0-5-1-3	3-3-3-2-4-3-0-7-3-1-1-0	3-1-3-3-0-1-3-3-1-2-4-3	3-4-3-2-2-3-3-3-1-2-0-3	1-1-1-2-3-0-3-3-2-1-7-3	1-2-2-3-3-0-1-1-2-1-3-0	2-0-3-3-4-3-0-3-1-2-3-3	4-3-2-1-3-4-3-2-3-0-0-2	7-2-3-4-0-2-0-1-1-2-3-2	1-3-2-3-0-0-2-0-3-1-2-4
605	3	2-4-2-4-3-3-3-3-3-3-3-4	2-5-4-2-0-3-2-4-4-3-2-4	3-2-0-2-2-2-4-4-6-4-4-2	2-2-4-2-2-2-5-2-2-5-4-0	2-0-2-2-0-3-4-2-3-3-0-2	2-2-4-2-4-2-2-2-3-3-5-5	3-4-3-5-2-3-2-2-3-5-2-2	6-2-2-2-2-4-5-2-2-3-2-0	3-0-2-2-2-2-3-2-3-5-2-2	4-2-3-1-4-2-2-3-2-0-0-2	4-2-2-3-4-2-0-0-4-2-2-3	1-2-2-2-0-4-2-0-2-0-3-8
605	4	4-3-4-5-4-4-5-3-4-4-4-6	4-3-3-6-5-4-5-7-6-3-5-5	7-5-5-2-4-3-5-5-5-3-3-5	5-4-3-6-2-5-6-4-3-3-3-0	2-8-2-4-6-3-5-5-5-7-4-5	1-2-3-5-5-2-3-2-1-1-1-5	6-3-3-2-5-8-3-3-3-3-1-2	5-2-6-3-2-6-3-4-2-5-4-7	5-4-3-2-2-5-6-2-6-4-2-6	5-5-1-1-3-2-0-3-5-5-6-2	5-1-1-2-6-6-5-5-6-2-2-4	8-2-4-4-6-5-2-7-6-7-1-2
605	5	6-4-6-6-4-5-5-7-5-4-5-6	5-3-3-4-6-6-4-4-6-6-4-4	4-4-4-2-7-4-6-4-7-6-6-4	6-4-6-4-7-6-4-2-2-7-5-0	7-4-6-4-6-5-6-6-4-5-7-6	6-6-6-4-4-6-6-7-5-5-3-6	6-6-3-3-6-5-5-6-5-3-7-6	5-5-2-6-7-4-8-7-7-4-7-4	4-0-6-6-8-4-4-6-3-3-7-3	4-7-0-1-6-7-6-3-6-4-4-6	4-6-4-3-4-4-4-4-4-7-6-7	0-7-4-7-4-4-6-4-4-4-5-6
605	6	5-8-5-8-4-6-6-6-6-7-5-4	5-7-7-4-7-7-5-5-5-5-5-4	0-5-5-5-5-8-7-4-5-7-7-5	5-4-8-4-5-5-4-2-7-7-7-0	5-4-5-7-4-7-7-5-7-6-5-5	5-4-5-5-4-5-5-5-5-6-3-6	4-5-7-8-5-6-7-5-6-7-5-5	3-5-4-7-5-4-7-6-5-6-7-4	4-0-5-5-6-4-4-5-4-5-5-4	4-4-6-8-7-5-7-6-5-7-4-5	4-5-7-8-4-4-4-4-4-5-5-6	7-5-4-5-4-4-5-4-4-4-7-7
605	7	8-6-5-7-4-8-8-8-8-7-7-8	8-6-6-4-7-6-4-4-8-5-6-8	4-5-4-2-5-6-6-8-5-6-6-5	5-4-7-4-5-5-8-2-6-6-6-8	5-4-5-6-4-6-8-5-6-4-5-5	8-2-5-5-7-5-6-5-7-7-3-8	8-5-6-0-4-7-6-6-7-6-5-5	7-5-6-6-5-4-7-5-5-7-6-4	7-7-6-5-5-2-3-6-8-7-5-2	4-5-7-8-6-5-6-3-8-6-7-5	2-7-6-7-1-4-4-4-5-5-7-7	6-5-7-5-7-7-5-4-4-4-6-6
605	8	8-6-8-6-8-7-7-8-7-7-7-7	7-6-8-4-8-8-7-8-8-8-5-7	8-8-8-7-8-8-8-7-8-8-7-8	7-8-8-8-8-8-7-8-7-8-8-7	5-4-8-8-8-6-7-8-8-8-7-8	7-8-8-8-8-7-7-8-8-8-8-7	7-8-8-6-8-8-8-7-8-8-5-7	8-6-8-7-8-8-5-5-5-7-7-6	4-7-8-7-5-8-8-5-7-8-6-8	4-4-8-7-8-5-8-7-7-8-7-8	4-8-6-7-5-4-4-4-4-7-8-8	8-7-7-6-4-8-8-4-8-8-6-8
606	0	0-0-0-0-0-0-0-0-0-0-0-0	0-0-0-0-0-0-0-0-0-0-0-0	0-0-0-0-0-0-0-0-0-0-0-0	0-0-0-0-0-0-0-0-0-0-0-0	0-0-0-0-0-0-0-0-0-0-0-0	0-0-0-0-0-0-0-0-0-0-0-0	0-0-0-0-0-0-0-0-0-0-0-0	0-0-0-0-0-0-0-0-0-0-0-0	0-0-0-0-0-0-0-0-0-0-0-0	0-0-0-0-0-0-0-0-0-0-0-0	0-0-0-0-0-0-0-0-0-0-0-0	0-0-0-0-0-0-0-0-0-0-0-0
606	1	1-1-1-1-1-0-1-0-1-0-1-1	0-0-0-1-0-0-0-2-0-0-0-0	2-2-0-4-2-3-2-0-0-2-0-2	2-0-0-3-2-2-0-1-1-0-1-1	1-0-1-0-0-1-2-2-1-0-0-2	2-0-2-0-0-4-2-1-1-0-0-3	1-1-0-0-2-1-0-2-0-1-1-2	1-1-1-2-1-3-0-0-1-0-0-0	1-0-2-2-4-2-0-2-0-1-5-2	0-1-0-2-2-1-7-1-2-0-0-4	0-1-0-0-2-0-0-1-0-3-2-0	0-1-1-0-0-1-5-0-1-1-1-1
606	2	2-2-2-2-2-2-2-2-2-2-2-2	0-2-2-1-0-2-0-3-3-2-0-3	1-1-0-1-1-0-3-4-0-1-3-1	1-3-2-1-1-1-0-1-1-2-3-0	1-0-1-2-1-3-3-1-2-2-0-1	1-7-3-0-2-1-1-1-2-2-6-1	4-1-2-0-1-2-7-1-0-3-1-1	2-0-1-3-1-0-0-3-1-0-2-0	0-0-3-1-2-1-0-1-3-2-1-3	0-1-2-1-1-1-1-2-3-0-0-1	3-1-7-2-1-0-4-0-4-0-1-2	0-1-1-0-0-3-1-0-1-1-0-1
606	3	3-3-3-3-4-3-3-4-3-3-3-4	0-4-3-1-2-3-0-4-2-3-0-4	4-3-0-1-1-1-4-6-5-5-4-2	1-2-4-1-1-1-5-1-4-2-2-0	3-0-0-4-1-2-4-3-3-0-0-1	1-0-2-2-3-1-4-1-3-3-7-1	2-1-3-0-1-0-4-4-3-2-4-3	3-4-2-2-4-1-0-2-1-4-3-4	3-0-2-1-3-5-7-1-8-3-3-3	0-1-5-4-4-1-4-4-2-0-4-1	2-5-0-6-4-0-4-3-0-4-1-1	3-1-1-0-4-2-1-0-1-5-6-6
606	4	5-3-5-5-3-5-4-3-4-5-5-5	5-3-3-1-7-5-5-3-5-3-5-3	3-5-6-1-3-6-5-5-5-1-3-5	5-5-6-7-5-5-7-4-3-4-3-7	4-7-4-3-5-2-5-5-3-5-5-5	5-5-2-5-4-1-5-5-3-3-3-5	6-1-3-5-5-0-3-3-3-8-3-1	3-3-6-5-3-5-5-1-5-4-4-3	3-5-6-5-1-1-6-5-5-4-3-3	5-1-3-5-3-1-3-3-5-5-5-1	6-1-4-0-3-8-3-6-6-5-5-4	4-1-5-5-6-4-1-4-5-7-1-3
606	5	5-5-4-5-5-5-5-5-5-4-4-4	4-6-5-1-4-4-4-6-4-6-4-5	4-4-4-4-1-4-6-4-4-3-6-4	4-4-4-4-4-4-6-1-6-6-6-4	1-0-4-3-4-5-6-4-5-4-4-4	4-4-2-4-4-1-4-4-5-5-3-5	7-5-3-4-4-5-6-3-3-2-1-5	3-1-6-4-5-4-4-0-4-5-4-0	5-4-4-4-3-3-4-4-4-4-1-3	4-1-3-4-4-1-0-5-4-4-4-1	4-3-5-5-8-0-4-4-4-4-4-6	7-1-4-4-4-3-1-4-4-3-4-5
606	6	6-8-8-8-5-7-8-6-8-6-6-6	6-5-5-7-7-4-7-7-7-5-7-7	6-7-4-6-7-4-7-7-7-7-5-6	7-4-4-6-7-7-5-7-7-5-7-4	7-4-4-3-4-7-7-6-5-6-4-7	7-8-7-5-4-7-7-6-3-3-2-7	4-5-6-4-7-6-5-8-5-6-7-6	2-7-7-7-7-4-8-8-1-0-7-0	8-0-4-6-7-6-4-7-4-6-7-3	8-7-5-4-7-6-7-2-1-4-4-8	4-1-3-3-7-4-4-4-4-7-6-5	4-7-1-4-4-8-6-4-7-6-7-7
606	7	6-8-6-6-5-8-8-8-8-6-6-8	8-5-5-6-6-8-6-6-6-5-6-6	8-6-8-8-6-6-6-8-6-6-6-6	6-7-7-6-6-6-8-6-6-6-6-8	6-4-4-3-7-6-8-7-7-7-6-6	8-6-6-8-7-6-6-6-7-7-2-8	6-8-5-4-8-7-8-8-7-7-6-6	7-6-6-6-6-7-8-6-1-4-6-7	7-7-4-7-6-6-3-6-4-7-6-3	7-6-7-4-6-6-6-2-7-7-7-6	4-7-8-8-6-4-7-4-4-7-7-7	5-8-7-4-6-7-6-4-6-4-6-6
606	8	8-7-6-6-8-7-7-8-7-6-6-7	7-5-8-6-8-8-6-6-8-8-6-6	8-8-8-7-7-8-8-7-6-8-7-8	6-8-8-8-8-8-7-8-7-8-6-7	6-4-4-8-8-8-7-8-8-8-6-6	7-8-8-8-8-8-7-8-8-8-8-7	7-8-8-8-7-8-8-6-8-8-7-8	8-8-6-7-8-7-6-6-1-6-6-8	7-8-8-8-6-8-8-4-3-7-6-3	7-8-8-8-8-6-8-3-7-8-8-8	6-1-7-7-5-4-3-7-5-0-8-8	8-7-4-4-7-8-8-8-6-8-6-8
607	0	0-0-0-0-0-0-0-0-0-0-0-0	0-0-0-0-0-0-0-0-0-0-0-0	0-0-0-0-0-0-0-0-0-0-0-0	0-0-0-0-0-0-0-0-0-0-0-0	0-0-0-0-0-0-0-0-0-0-0-0	0-0-0-0-0-0-0-0-0-0-0-0	0-0-0-0-0-0-0-0-0-0-0-0	0-0-0-0-0-0-0-0-0-0-0-0	0-0-0-0-0-0-0-0-0-0-0-0	0-0-0-0-0-0-0-0-0-0-0-0	0-0-0-0-0-0-0-0-0-0-0-0	0-0-0-0-0-0-0-0-0-0-0-0
607	1	1-2-1-2-1-2-1-3-1-2-2-2	3-2-1-0-3-2-0-2-2-2-0-2	2-2-1-2-2-2-2-2-3-2-3-2	2-0-2-3-1-0-2-2-2-2-1-3	2-1-1-0-1-1-2-1-2-2-4-1	2-2-2-2-2-2-1-2-2-1-1-2	1-2-1-1-2-0-2-2-1-2-1-1	2-0-7-1-1-2-2-1-1-1-2-1	1-1-2-1-2-3-2-1-2-1-1-2	2-1-2-1-1-1-2-2-1-2-0-2	2-12-2-0-2-1-1-1-1-1-2-2	3-1-1-2-1-1-1-2-0-4-1-2
607	2	1-1-1-2-1-1-1-1-1-1-1-1	1-1-1-3-1-1-3-1-1-1-3-1	1-3-4-5-3-1-3-1-1-1-1-1	3-0-1-1-3-4-1-11-1-1-2-1	6-1-7-3-4-2-3-3-1-1-1-4	1-4-3-1-2-4-3-1-1-1-0-4	3-1-1-0-3-2-1-3-1-1-6-3	1-2-1-3-3-1-1-4-2-1-1-0	2-0-1-3-12-1-1-3-1-2-5-1	6-3-1-1-3-2-1-1-3-1-6-4	1-6-1-1-1-5-0-0-5-3-1-1	1-3-4-1-1-1-3-1-5-2-2-1
607	3	1-3-1-2-1-1-1-1-1-1-1-1	1-4-3-2-1-1-2-4-4-1-2-4	5-2-2-1-2-1-4-4-1-5-4-2	2-4-1-1-2-2-1-2-4-4-4-1	1-0-2-2-2-4-4-2-3-1-1-2	1-5-4-4-3-2-4-4-3-3-4-3	2-2-1-0-2-5-4-2-3-5-2-2	3-2-4-4-2-1-5-2-2-3-1-1	3-0-1-2-3-1-4-2-4-3-2-3	2-2-3-0-2-3-4-7-4-1-4-2	3-4-1-3-1-1-6-3-1-2-1-3	1-2-2-3-1-2-4-1-3-5-6-5
607	4	1-4-2-4-5-4-1-4-1-1-1-1	1-5-5-2-6-1-2-5-3-1-2-3	1-4-2-1-2-2-5-6-6-2-5-5	2-5-7-5-2-2-5-1-3-3-5-1	2-0-2-4-6-3-5-4-5-1-1-2	1-2-3-3-5-2-5-3-4-4-3-2	5-2-4-5-2-4-5-5-4-3-2-1	4-2-3-3-2-1-5-2-2-8-5-5	3-0-5-2-4-6-3-2-11-5-3-5	1-5-4-5-1-4-3-4-3-1-5-2	2-3-6-11-7-2-5-6-5-3-1-3	1-2-2-5-1-3-3-6-8-1-2-4
607	5	6-3-6-7-4-4-1-5-6-5-6-6	6-4-4-6-4-1-2-4-6-7-6-6	3-6-7-2-6-4-4-3-7-6-4-4	6-4-4-7-2-6-6-7-6-7-4-5	2-0-6-6-7-3-6-6-5-11-6-7	2-6-7-5-4-6-6-1-4-4-4-2	4-6-4-4-2-3-4-6-5-3-2-5	4-6-4-6-4-1-3-7-2-4-4-4	3-11-4-6-5-6-3-2-4-4-2-4	2-8-1-4-2-4-6-3-6-5-4-2	1-8-1-3-6-2-7-4-4-6-6-5	6-6-6-6-3-10-7-1-6-3-2-3
607	6	5-6-5-6-7-6-7-6-5-5-5-5	5-7-7-5-6-5-2-8-7-5-5-5	5-5-5-6-5-7-7-8-5-5-7-6	5-5-5-5-2-5-7-2-5-5-8-5	2-1-5-5-4-7-7-5-7-5-5-5	1-5-5-6-6-5-7-6-6-6-4-6	2-5-7-5-7-3-6-5-6-7-2-2	4-5-4-5-2-6-8-6-2-4-7-0	3-5-7-5-4-10-1-2-12-6-2-4	2-2-4-5-7-4-5-5-5-5-4-3	7-2-12-6-5-6-5-4-7-5-5-6	5-5-5-5-4-5-2-4-5-7-4-4
607	7	7-7-8-8-6-6-7-7-7-7-8-8	5-6-6-8-8-1-8-7-8-5-5-8	7-8-8-2-8-8-6-6-5-8-6-6	8-8-8-5-2-8-8-5-5-5-7-11	2-10-11-5-7-6-8-8-6-7-5-5	8-8-5-6-4-7-8-8-4-6-7-8	8-5-6-8-8-11-4-5-4-6-2-10	3-5-11-8-2-8-3-5-7-4-8-0	7-11-4-8-2-6-7-8-4-7-2-5	8-10-7-8-6-4-8-3-8-8-7-2	8-3-8-4-12-12-8-11-10-7-8-7	7-8-7-8-8-7-5-7-6-8-7-4
607	8	7-8-7-7-8-8-8-10-5-8-7-7	5-10-8-7-7-8-7-10-7-8-5-9	9-7-7-7-9-7-7-6-7-9-9-10	7-7-7-5-7-7-7-2-9-5-9-7	1-7-7-5-7-9-7-7-9-8-5-7	7-7-5-6-4-7-7-8-8-8-8-8	7-5-9-7-7-8-9-5-6-9-2-9	8-5-1-7-8-7-11-5-7-4-7-9	8-4-11-7-8-10-7-7-10-7-2-5	7-7-8-9-7-4-7-8-7-7-7-8	7-5-7-8-5-9-7-7-7-7-7-8	7-7-7-7-7-5-2-0-5-7-8-6
607	9	10-9-10-9-10-11-10-11-10-10-10-9	10-8-10-11-10-10-10-9-10-10-10-10	9-11-11-10-11-10-10-10-10-8-8-9	10-11-10-10-11-11-10-9-8-8-8-10	11-7-11-11-10-8-10-10-8-9-5-11	11-11-10-10-7-11-10-11-8-9-3-11	7-10-9-7-10-9-8-10-6-11-11-10	10-11-11-10-11-7-10-11-7-4-11-12	12-9-10-11-11-10-7-10-8-10-11-9	9-11-8-8-10-10-10-9-10-5-10-9	7-10-10-9-9-9-9-10-7-10-10-11	10-10-9-7-9-5-9-9-10-9-10-9
607	10	9-12-9-9-9-9-9-12-9-9-9-9	9-11-9-9-9-9-9-9-9-9-9-9	9-9-9-9-9-9-11-9-9-9-11-9	9-7-9-9-9-9-9-5-11-5-11-9	9-7-7-5-7-11-11-9-11-9-5-9	9-5-9-9-10-5-9-11-10-10-3-9	7-9-9-7-9-10-11-9-10-11-9-9	9-9-12-11-9-7-9-9-7-10-9-0	7-0-9-9-10-6-7-7-11-9-9-5	7-7-10-7-11-9-9-9-9-7-7-9	7-9-9-12-9-7-12-9-7-9-9-10	9-9-7-7-9-5-9-9-9-9-9-9
607	11	9-10-9-9-9-12-9-9-9-9-9-12	9-10-9-9-9-9-9-9-9-9-9-9	9-9-9-9-9-9-10-9-9-10-10-11	9-9-7-9-9-9-12-2-10-5-10-7	9-12-7-9-11-10-10-9-10-7-5-9	9-9-9-9-11-9-10-9-11-11-11-9	7-5-11-7-11-7-10-12-11-9-9-12	11-9-7-10-9-7-10-9-7-4-9-11	12-11-8-9-9-5-11-8-12-4-9-5	7-9-11-12-10-11-9-9-11-7-11-2	8-11-10-11-11-12-11-7-7-9-7-9	9-12-7-7-9-5-9-9-9-9-10-10
607	12	12-10-9-9-12-11-11-12-9-9-9-11	9-12-9-9-12-12-10-9-9-12-9-9	12-11-12-11-11-12-11-9-9-12-11-12	11-12-9-9-12-12-11-12-11-12-12-11	9-7-12-12-12-10-11-12-12-12-5-5	11-12-12-9-12-7-11-9-12-12-12-11	11-12-12-7-10-12-12-11-12-9-11-11	12-10-10-11-12-12-9-2-2-7-9-9	9-11-12-12-2-12-12-9-11-4-9-5	7-9-10-12-12-12-12-9-11-12-11-12	6-1-10-11-7-7-11-9-9-12-12-12	9-11-11-7-11-12-12-12-12-12-10-12
608	0	0-0-0-0-0-0-0-0-0-0-0-0	0-0-0-0-0-0-0-0-0-0-0-0	0-0-0-0-0-0-0-0-0-0-0-0	0-0-0-0-0-0-0-0-0-0-0-0	0-0-0-0-0-0-0-0-0-0-0-0	0-0-0-0-0-0-0-0-0-0-0-0	0-0-0-0-0-0-0-0-0-0-0-0	0-0-0-0-0-0-0-0-0-0-0-0	0-0-0-0-0-0-0-0-0-0-0-0	0-0-0-0-0-0-0-0-0-0-0-0	0-0-0-0-0-0-0-0-0-0-0-0	0-0-0-0-0-0-0-0-0-0-0-0
608	1	1-1-1-1-0-1-1-1-1-1-1-1	1-0-0-1-0-1-2-2-0-1-0-0	1-1-2-1-1-5-2-2-1-0-2-1	2-1-2-1-1-2-0-2-4-2-0-1	0-3-1-0-2-0-2-2-2-0-1-1	0-1-0-0-0-0-2-1-1-0-0-2	0-0-0-3-0-1-0-0-0-1-3-2	0-0-3-2-0-2-0-0-0-2-0-0	0-2-0-0-0-0-2-2-0-0-0-0	0-0-1-0-0-1-0-0-2-2-3-0	3-0-2-0-3-1-2-3-3-1-0-1	1-0-1-1-3-1-1-1-1-1-1-1
608	2	3-1-2-1-2-2-2-4-2-2-2-2	3-0-0-2-0-1-1-1-1-3-3-3	3-3-1-6-3-3-3-1-1-3-1-3	3-1-1-4-3-3-0-1-3-1-3-1	5-1-8-5-1-3-3-3-1-5-4-3	3-4-3-2-0-3-3-5-0-0-0-4	4-5-0-1-3-0-2-3-0-4-0-3	0-5-6-3-5-1-2-7-2-1-7-0	4-1-3-4-4-5-1-1-1-2-4-2	3-3-0-1-3-4-3-0-3-1-0-5	1-4-1-1-8-1-1-1-0-3-3-1	1-3-2-3-1-2-5-1-2-2-2-4
608	3	3-4-3-3-3-3-3-3-3-2-3-3	2-4-4-2-0-4-2-5-1-3-2-3	2-2-1-2-2-2-4-4-4-2-4-2	2-1-1-2-2-2-2-2-2-3-2-1	2-1-1-2-3-2-4-2-3-3-2-2	2-2-2-0-3-2-4-3-3-3-6-3	2-2-4-1-2-0-6-2-4-5-1-2	3-2-1-2-2-4-7-0-2-6-7-3	3-1-2-2-3-3-1-2-5-3-2-4	2-2-3-7-2-3-2-4-2-3-1-2	4-3-3-6-7-1-1-1-1-2-2-0	5-2-1-4-1-2-2-1-1-2-6-2
608	4	4-3-5-7-5-4-4-4-4-5-5-5	4-3-3-5-5-4-5-4-5-5-5-6	6-5-6-2-2-3-5-5-5-5-5-4	5-5-3-5-2-5-6-1-3-3-3-8	2-8-1-2-6-3-5-5-6-4-2-5	5-2-2-4-6-6-3-2-3-0-0-2	5-2-4-5-5-4-3-5-3-2-5-4	6-2-2-3-2-5-2-0-5-4-4-6	4-6-5-2-2-5-6-5-3-4-2-5	5-6-0-5-6-2-4-3-5-6-6-2	6-2-4-5-3-6-6-6-6-3-2-4	1-2-5-6-6-6-2-5-5-6-3-2
608	5	4-6-4-4-6-5-5-5-5-4-4-4	4-6-6-4-4-5-4-6-4-4-4-4	4-4-6-4-2-1-6-7-4-4-6-4	4-4-6-4-2-4-4-1-6-5-6-4	2-4-1-2-5-6-6-4-6-4-2-4	4-6-3-4-4-4-6-2-6-5-0-5	4-2-6-4-4-5-3-4-5-3-4-6	5-2-2-3-2-4-6-0-4-5-4-4	4-4-4-2-5-4-5-6-3-4-2-4	4-4-5-6-6-3-2-3-4-4-4-2	4-4-5-4-3-4-4-4-4-2-2-4	3-2-4-2-4-4-2-4-4-4-2-2
608	6	7-5-6-6-5-6-8-6-5-6-6-6	4-5-5-4-4-5-7-8-7-7-7-4	4-7-4-2-7-8-7-4-4-7-5-7	7-7-5-7-7-7-4-7-7-5-7-1	7-1-7-7-4-7-7-7-5-6-8-7	7-5-7-8-4-4-7-7-5-5-3-7	7-2-5-4-5-5-3-8-6-3-7-5	4-7-8-7-6-6-8-8-8-3-7-4	4-4-4-7-7-0-4-5-5-6-7-6	4-4-7-5-4-7-0-3-4-4-4-6	4-6-4-3-3-4-4-4-4-6-6-6	1-6-6-4-4-4-2-4-4-4-3-2
608	7	6-5-6-4-7-8-8-6-8-7-6-4	4-5-5-4-4-8-6-6-8-6-6-6	6-6-6-6-6-7-6-5-8-6-6-6	6-6-7-6-6-6-8-6-6-5-6-4	6-4-6-6-7-6-6-6-7-7-6-6	6-0-6-8-4-4-6-6-5-7-3-7	6-2-0-8-8-7-7-8-7-7-6-8	7-6-2-6-6-8-3-2-8-3-6-4	7-4-7-6-6-7-7-7-5-6-6-6	7-6-7-3-7-6-4-3-8-4-4-2	6-7-5-3-8-7-4-4-4-7-7-7	8-6-7-6-4-7-6-4-3-4-6-2
608	8	8-7-8-6-8-7-7-8-7-4-6-8	4-5-8-4-8-7-6-6-8-8-6-6	8-8-8-2-8-6-7-7-7-8-8-8	6-8-8-8-8-8-7-8-8-8-8-4	6-4-8-8-8-8-7-8-8-8-6-6	7-8-7-7-8-8-8-8-8-8-8-8	7-8-8-8-7-8-7-8-8-8-5-8	8-8-6-7-8-7-6-6-7-1-7-4	4-8-8-7-6-8-8-6-8-5-6-0	7-4-8-8-8-6-8-7-8-8-4-8	8-2-8-3-7-7-4-4-4-7-8-8	8-7-1-3-4-8-8-4-8-8-3-8
609	0	0-0-0-0-0-0-0-0-0-0-0-0	0-0-0-0-0-0-0-0-0-0-0-0	0-0-0-0-0-0-0-0-0-0-0-0	0-0-0-0-0-0-0-0-0-0-0-0	0-0-0-0-0-0-0-0-0-0-0-0	0-0-0-0-0-0-0-0-0-0-0-0	0-0-0-0-0-0-0-0-0-0-0-0	0-0-0-0-0-0-0-0-0-0-0-0	0-0-0-0-0-0-0-0-0-0-0-0	0-0-0-0-0-0-0-0-0-0-0-0	0-0-0-0-0-0-0-0-0-0-0-0	0-0-0-0-0-0-0-0-0-0-0-0
609	1	1-1-1-1-1-1-1-1-1-1-1-1	2-0-0-1-0-0-2-0-0-1-0-2	0-2-0-0-2-2-0-0-0-3-0-2	3-0-0-3-3-3-0-1-1-0-1-0	1-0-1-0-0-1-2-2-1-3-0-0	1-0-2-0-0-3-1-1-1-1-0-0	3-3-1-0-2-2-1-3-1-1-2-2	1-1-3-2-1-1-1-1-1-0-0-2	0-0-0-2-4-0-0-2-1-1-1-1	0-2-1-0-2-1-0-1-2-0-0-1	0-1-0-1-0-1-0-0-0-2-2-1	0-3-1-0-0-2-3-0-0-2-1-1
609	2	2-2-3-2-2-2-2-2-2-2-2-1	1-3-2-1-0-2-1-3-2-3-0-3	2-1-0-1-1-1-3-4-0-1-3-1	1-2-3-1-1-1-3-2-3-2-3-0	1-0-2-1-2-3-3-1-2-2-0-2	1-2-3-0-2-1-3-1-2-2-7-2	2-1-2-2-1-2-1-1-2-2-4-1	2-2-1-3-1-1-2-2-1-0-0-1	0-0-1-1-2-1-0-1-3-2-3-2	0-1-2-1-3-1-0-2-3-5-3-1	4-1-4-7-8-3-0-2-0-1-1-2	3-1-1-2-5-1-1-0-4-1-2-1
609	3	3-3-2-3-4-3-3-3-3-3-3-3	3-2-4-1-3-3-1-2-3-3-0-4	0-3-0-3-1-1-2-5-0-1-2-3	1-4-4-1-1-1-2-1-4-4-2-0	1-0-3-3-4-2-2-3-4-4-0-0	1-3-2-4-3-1-4-1-3-3-4-4	1-1-3-2-1-3-4-4-3-2-5-4	3-3-1-2-1-3-7-3-1-3-4-1	0-0-0-1-3-4-0-4-7-3-2-2	0-2-3-4-4-1-4-4-2-0-2-1	2-1-8-3-0-3-0-7-5-1-1-3	2-1-1-3-5-2-1-3-0-3-3-1
609	4	4-4-5-4-3-5-4-4-4-4-4-4	4-3-3-5-5-3-5-4-5-5-4-3	4-4-5-5-4-5-4-5-5-5-5-4	4-3-5-4-5-5-5-6-3-3-5-4	5-7-5-5-6-2-4-4-3-3-4-4	2-7-5-4-4-8-3-1-3-3-3-6	4-5-2-4-4-4-3-3-3-4-7-3	2-5-7-5-1-7-3-4-7-6-4-8	7-8-8-1-1-7-4-3-3-4-5-4	4-4-7-6-3-6-3-3-6-7-3-1	7-1-5-2-5-8-0-7-7-4-5-4	7-5-4-7-7-4-5-4-5-6-2-1
609	5	5-5-6-5-6-6-6-6-6-6-5-5	6-3-6-6-6-6-4-5-6-6-5-6	5-5-6-8-5-6-5-6-6-6-6-5	5-5-4-5-6-4-6-5-5-6-6-5	7-6-4-4-7-5-6-5-6-7-7-5	5-5-6-7-4-4-4-6-3-5-3-4	5-6-5-5-6-5-5-6-6-5-8-6	5-4-4-4-5-7-4-5-4-4-6-5	5-5-5-6-6-6-5-6-5-4-4-4	5-5-6-4-6-4-6-5-4-8-2-6	2-8-6-5-6-6-5-5-3-4-6-4	5-6-5-4-4-6-4-7-6-3-4-5
609	6	7-5-5-5-5-7-5-5-5-5-5-5	5-7-5-7-5-5-5-7-5-5-7-5	6-7-7-5-7-7-7-5-5-7-5-7	7-5-5-7-7-7-5-7-7-5-7-5	7-5-7-7-4-7-7-7-5-5-7-7	5-7-7-5-4-4-7-7-5-6-3-7	7-5-5-4-5-6-5-7-5-7-7-5	5-7-4-7-7-5-8-7-4-4-7-5	8-5-4-7-7-5-4-5-3-4-7-4	8-5-5-4-7-4-7-5-4-4-4-7	4-5-5-4-5-4-5-5-4-7-5-4	5-7-7-4-4-5-7-5-5-4-8-7
609	7	6-6-5-6-5-8-5-5-5-5-6-5	5-6-5-6-5-5-6-6-6-5-6-6	5-6-6-4-6-6-6-5-5-6-7-6	6-7-7-6-6-6-8-6-6-6-6-8	6-4-6-6-7-6-8-6-7-5-6-6	5-6-6-5-7-4-6-6-7-7-2-6	6-5-2-4-7-7-3-6-7-6-6-5	7-6-4-6-6-5-3-6-4-5-6-5	7-7-6-6-6-4-7-6-3-5-6-4	6-4-4-4-6-4-6-5-7-4-7-6	4-7-5-2-7-4-8-4-4-6-5-7	4-6-8-4-4-5-6-5-6-4-6-6
609	8	8-7-6-5-8-7-5-8-5-5-5-7	5-8-8-6-8-5-7-6-6-8-5-7	8-7-6-5-8-8-6-7-5-8-7-8	7-8-8-8-8-6-7-8-7-8-8-7	5-5-8-8-8-8-7-8-8-8-6-6	5-8-8-7-8-4-8-8-8-8-2-7	4-8-8-4-6-8-8-8-8-8-5-5	8-6-8-7-8-5-6-6-1-4-4-5	6-7-8-8-1-8-8-4-3-5-6-3	6-8-8-8-8-4-8-7-7-8-3-8	5-5-3-3-2-4-5-5-8-8-8-8	4-7-7-4-6-8-8-5-8-8-6-5
610	0	0-0-0-0-0-0-0-0-0-0-0-0	0-0-0-0-0-0-0-0-0-0-0-0	0-0-0-0-0-0-0-0-0-0-0-0	0-0-0-0-0-0-0-0-0-0-0-0	0-0-0-0-0-0-0-0-0-0-0-0	0-0-0-0-0-0-0-0-0-0-0-0	0-0-0-0-0-0-0-0-0-0-0-0	0-0-0-0-0-0-0-0-0-0-0-0	0-0-0-0-0-0-0-0-0-0-0-0	0-0-0-0-0-0-0-0-0-0-0-0	0-0-0-0-0-0-0-0-0-0-0-0	0-0-0-0-0-0-0-0-0-0-0-0
610	1	1-1-1-2-1-1-1-1-1-1-2-2	2-2-1-2-3-2-2-2-2-1-2-2	1-2-1-2-2-2-2-2-2-2-3-2	2-1-2-2-1-2-2-2-1-2-1-2	2-2-1-5-1-1-2-1-1-2-6-1	1-2-2-1-1-2-1-2-2-1-1-2	2-2-1-1-2-1-2-2-1-1-5-1	1-1-1-1-1-2-2-1-1-1-2-4	1-1-2-0-2-7-2-2-2-2-1-1	1-1-2-2-1-3-1-1-2-3-2-1	1-10-5-5-1-2-5-1-10-1-2-1	2-1-1-1-1-1-1-6-1-1-1-1
610	2	1-1-1-1-1-1-1-1-1-1-1-1	1-1-1-4-1-1-4-1-1-1-3-1	1-4-6-1-1-1-3-1-1-1-1-3	3-0-1-3-3-4-1-3-1-1-2-4	3-1-6-3-1-3-3-3-1-1-1-3	1-1-3-2-2-3-3-3-1-2-0-4	3-4-1-0-3-2-1-3-1-1-6-2	1-4-6-3-6-1-1-10-3-1-1-0	0-1-1-3-6-1-1-3-1-1-6-4	4-6-1-1-3-10-3-1-3-1-1-6	3-1-1-1-1-1-0-0-0-2-1-1	1-3-4-0-3-3-3-1-9-2-3-1
610	3	1-3-2-1-3-1-1-1-1-1-1-2	1-4-3-2-1-1-2-4-1-1-2-4	1-2-1-1-2-1-4-5-4-2-4-2	2-4-4-2-2-2-1-2-4-1-4-2	2-1-2-2-3-4-4-2-1-1-1-2	1-1-4-2-3-2-4-2-3-3-4-3	4-2-1-9-2-3-4-2-1-1-2-6	1-2-2-4-2-1-3-1-2-3-1-1	4-1-4-2-3-1-8-2-1-3-2-3	0-4-3-1-5-4-2-1-4-1-4-2	2-4-1-7-4-1-2-5-1-4-2-3	1-2-2-4-2-2-2-0-4-5-8-1
610	4	4-4-2-4-5-1-4-1-1-1-1-2	1-3-5-2-1-1-2-3-5-1-2-3	1-2-1-2-1-1-3-7-5-6-5-5	2-6-5-2-2-2-6-1-5-7-3-2	2-0-2-6-8-3-5-4-6-1-1-2	1-2-3-10-4-2-5-3-4-4-3-2	3-2-7-3-7-3-5-5-1-1-2-1	1-2-2-3-2-1-3-6-2-4-5-1	3-1-3-2-4-5-4-5-1-4-3-3	2-3-4-5-5-3-2-6-3-1-3-2	4-3-10-8-3-1-2-3-5-3-1-4	1-2-2-3-2-2-2-1-3-1-3-1
610	5	6-6-7-6-4-1-1-4-6-5-7-7	2-4-4-2-6-1-7-6-5-4-7-5	6-5-7-1-5-4-6-3-7-4-4-6	6-6-4-6-2-2-6-5-4-4-4-6	1-10-5-4-8-3-6-5-4-5-1-6	5-1-4-6-4-1-4-7-4-4-4-6	3-4-4-5-6-5-4-4-4-1-5-1	3-2-1-3-2-5-3-4-2-3-6-4	5-1-6-2-2-4-5-4-10-5-4-2	5-5-5-6-3-3-6-2-6-5-6-2	5-3-1-1-10-6-1-5-4-6-2-1	5-4-5-5-7-5-1-5-0-3-2-1
610	6	5-6-5-5-4-1-7-9-6-7-7-7	1-4-4-2-6-1-7-5-7-7-7-7	5-7-8-7-7-8-5-8-8-4-7-7	7-5-5-5-2-7-4-5-7-6-4-5	1-9-2-4-7-3-7-7-4-6-1-5	7-7-3-7-6-9-4-2-4-6-6-6	7-7-1-7-5-6-4-4-3-1-2-3	6-2-2-7-2-7-3-7-7-6-5-1	8-10-5-7-2-1-5-7-4-6-2-8	10-2-6-7-3-3-4-4-7-7-7-2	5-1-6-3-10-10-8-6-7-5-7-6	6-7-6-7-5-1-2-1-2-5-2-3
610	7	6-10-5-6-7-7-7-7-6-6-6-6	1-8-8-2-7-7-6-6-6-6-6-6	5-6-5-6-8-6-6-6-6-8-6-7	6-8-6-5-6-6-8-2-8-8-8-5	1-8-8-4-6-8-6-6-8-7-1-2	6-6-3-6-4-2-8-8-7-7-4-7	6-7-9-6-5-7-8-4-7-1-8-8	7-2-2-6-2-6-3-6-6-7-10-1	7-8-6-6-4-1-5-8-8-6-2-3	6-6-7-6-6-1-2-4-6-6-6-2	5-8-7-3-9-8-8-5-6-6-6-7	6-6-6-6-5-5-3-9-9-7-7-7
610	8	9-8-9-8-9-9-10-8-10-10-9-9	10-7-9-9-9-9-9-8-10-9-9-9	8-9-10-9-9-10-9-6-9-9-9-8	9-7-5-9-9-9-9-9-9-7-9-9	9-10-9-9-5-7-9-9-7-7-9-9	8-8-9-10-9-6-9-9-7-8-4-9	9-7-7-5-10-8-9-9-8-10-9-9	7-9-6-9-9-6-10-9-9-6-9-8	10-7-7-9-9-8-5-9-7-10-9-10	8-9-7-7-9-1-9-10-10-6-9-8	1-7-9-9-9-7-7-6-6-8-7-7	6-9-8-6-5-3-8-4-9-8-10-8
610	9	8-7-8-8-8-8-8-8-8-8-8-8	9-7-8-8-8-8-8-8-8-8-8-8	8-10-8-8-8-9-8-10-8-8-8-8	8-9-9-8-8-8-10-8-8-7-8-8	8-6-8-8-9-8-8-9-9-9-8-8	8-9-8-8-8-10-8-8-9-9-4-8	10-10-7-9-8-9-8-8-9-8-8-8	9-8-2-8-8-10-4-8-8-8-8-9	9-9-10-9-8-8-5-9-5-8-8-8	9-9-9-8-8-3-8-9-10-6-8-0	1-9-8-8-7-8-9-6-8-9-1-9	6-8-1-9-9-1-9-1-8-8-9-3
610	10	10-7-8-8-8-10-8-10-8-8-8-9	9-10-8-8-10-8-8-8-8-10-8-9	10-9-8-8-10-8-9-9-9-10-10-10	8-10-10-8-10-10-9-10-9-10-10-5	8-5-10-10-10-10-9-10-10-10-8-10	9-10-10-8-10-9-10-10-10-10-10-10	6-10-10-7-8-10-10-8-10-10-9-8	10-10-2-9-10-9-8-2-9-10-7-8	8-10-10-9-8-10-10-9-5-8-8-8	6-9-10-10-10-2-8-9-9-10-4-10	1-1-4-4-6-6-10-8-1-9-10-9	6-9-6-6-9-10-10-10-10-10-8-1
611	0	0-0-0-0-0-0-0-0-0-0-0-0	0-0-0-0-0-0-0-0-0-0-0-0	0-0-0-0-0-0-0-0-0-0-0-0	0-0-0-0-0-0-0-0-0-0-0-0	0-0-0-0-0-0-0-0-0-0-0-0	0-0-0-0-0-0-0-0-0-0-0-0	0-0-0-0-0-0-0-0-0-0-0-0	0-0-0-0-0-0-0-0-0-0-0-0	0-0-0-0-0-0-0-0-0-0-0-0	0-0-0-0-0-0-0-0-0-0-0-0	0-0-0-0-0-0-0-0-0-0-0-0	0-0-0-0-0-0-0-0-0-0-0-0
611	1	1-1-1-2-1-1-1-2-1-1-1-2	1-2-1-2-2-2-1-2-2-1-0-2	1-2-1-2-2-2-2-2-3-2-3-1	2-1-2-2-1-2-2-2-1-2-2-1	2-1-2-3-1-1-2-1-2-4-4-1	2-3-2-2-2-2-1-5-1-1-0-1	2-2-1-1-2-1-1-1-1-1-1-1	1-1-1-1-1-4-2-1-1-1-0-1	1-0-0-0-2-5-1-1-2-1-1-5	4-1-2-2-1-1-1-1-8-4-0-1	1-9-0-2-3-2-0-1-9-1-2-1	3-1-1-1-3-1-1-4-1-1-1-9
611	2	1-1-1-1-1-1-1-1-1-1-1-1	1-1-1-4-1-1-4-1-1-1-3-1	1-3-1-1-3-1-3-1-1-1-1-3	3-3-1-3-3-4-1-5-1-1-1-1	1-1-1-4-3-3-3-3-1-1-1-3	1-1-3-2-1-1-3-4-1-1-0-4	1-1-1-1-3-1-2-3-1-1-0-3	1-4-5-3-3-1-1-5-2-1-2-1	0-0-3-5-5-3-0-1-1-2-3-1	1-4-1-1-0-3-3-1-3-1-0-5	0-1-1-1-1-1-0-0-0-3-1-1	1-1-1-1-0-1-4-0-0-0-2-5
611	3	1-3-1-1-3-1-1-1-1-1-1-2	1-5-3-2-1-1-2-2-1-1-2-4	1-2-1-1-2-1-4-5-1-2-4-2	2-4-3-2-2-2-4-1-4-4-4-0	1-0-1-1-3-4-4-2-4-3-1-2	1-1-2-4-3-1-4-1-3-3-8-3	4-1-1-0-2-3-4-4-3-3-4-2	3-2-2-4-2-1-3-2-2-1-5-1	1-0-2-2-1-1-4-4-1-3-2-4	1-4-1-1-4-2-2-1-4-1-0-2	0-1-6-4-1-1-0-0-1-4-1-1	1-1-1-1-1-1-2-0-0-1-7-7
611	4	1-4-1-1-3-4-4-3-1-1-1-1	1-3-4-2-1-1-2-6-1-4-5-3	2-2-1-1-2-2-3-6-1-4-5-3	2-3-5-2-2-2-6-2-5-6-3-0	1-0-1-5-2-3-5-4-5-1-1-2	1-1-5-2-6-1-5-2-4-4-4-2	3-1-1-0-5-3-5-5-4-1-3-1	1-2-2-3-2-1-3-2-4-5-5-1	1-0-5-2-4-2-3-3-9-4-2-3	1-2-6-5-3-3-5-5-3-1-4-2	1-4-9-6-1-1-0-0-1-3-1-4	1-5-2-4-1-1-2-1-0-0-7-3
611	5	5-5-5-6-3-4-5-5-5-5-6-6	6-3-4-2-1-1-6-6-6-6-6-5	6-6-7-6-6-6-6-7-6-6-4-5	6-6-4-6-2-6-6-2-4-7-3-6	2-7-8-4-7-3-6-6-4-6-1-6	7-6-4-5-5-1-4-6-4-5-4-5	9-4-4-6-4-6-4-6-1-1-4-1	5-3-2-6-2-7-3-2-5-4-3-0	5-6-7-6-2-1-7-6-1-1-2-7	9-6-8-4-6-3-4-4-6-7-8-2	4-7-5-3-9-5-0-8-8-5-1-5	1-6-5-7-5-1-2-8-5-8-5-2
611	6	6-9-5-5-6-6-6-9-5-5-5-5	5-7-7-2-1-6-5-5-5-4-5-5	5-5-5-5-7-5-7-5-5-7-7-5	5-5-5-5-2-5-7-5-5-8-7-5	2-0-5-6-5-6-5-5-7-5-1-5	5-5-3-5-5-1-7-6-6-6-6-6	5-1-8-5-5-5-7-5-6-7-0-7	1-2-0-5-2-5-8-5-5-6-5-9	1-5-5-5-6-1-5-5-1-6-2-5	0-5-4-7-5-8-4-6-5-5-5-2	0-6-9-4-1-5-0-0-0-5-1-5	1-5-5-5-1-8-2-0-0-5-8-8
611	7	9-7-9-9-6-8-8-7-7-7-7-9	5-6-6-8-8-8-8-8-8-8-8-9	5-5-8-9-8-5-6-5-5-8-6-8	8-5-5-8-8-8-6-8-8-5-8-7	8-5-9-8-5-8-8-7-6-6-8-8	5-5-8-7-7-9-8-8-6-6-4-9	8-1-6-5-5-6-6-8-6-6-8-6	4-8-9-8-7-5-9-2-8-5-8-0	5-5-5-8-8-1-5-8-1-6-8-5	8-8-5-6-8-1-8-6-5-5-5-8	8-5-4-6-0-5-0-8-8-8-8-5	1-8-7-5-8-0-8-0-8-7-3-3
611	8	7-6-7-7-7-9-9-7-9-7-7-7	5-6-6-7-7-7-5-7-7-7-7-9	5-7-7-7-7-5-7-7-5-7-8-7	7-8-8-7-7-7-9-7-7-5-7-9	7-5-5-7-5-7-7-8-8-8-7-7	9-7-7-9-8-9-7-7-8-8-3-8	7-1-6-5-8-8-8-7-8-6-7-6	8-7-7-7-7-5-6-7-7-8-7-0	8-5-7-7-7-1-5-7-1-6-7-6	7-7-5-5-7-6-7-6-9-5-5-7	7-8-9-8-8-1-5-5-7-7-7-8	1-7-5-5-7-6-7-5-7-5-6-6
611	9	9-6-7-7-9-8-8-9-8-7-7-7	8-9-9-7-9-9-5-9-9-9-7-8	9-9-9-7-9-9-9-8-5-9-8-9	8-9-9-9-9-9-8-9-8-9-9-7	7-9-9-9-9-9-8-9-9-9-1-9	9-9-9-8-9-9-9-9-9-9-9-8	5-9-9-9-9-9-9-9-9-9-9-9	9-9-7-8-9-9-7-2-5-9-5-9	7-5-9-9-2-9-9-5-4-1-7-9	7-9-9-9-9-9-9-9-8-9-9-9	6-1-6-9-1-5-0-9-1-5-9-9	9-8-5-1-9-9-9-9-9-9-7-1
612	0	0-0-0-0-0-0-0-0-0-0-0-0	0-0-0-0-0-0-0-0-0-0-0-0	0-0-0-0-0-0-0-0-0-0-0-0	0-0-0-0-0-0-0-0-0-0-0-0	0-0-0-0-0-0-0-0-0-0-0-0	0-0-0-0-0-0-0-0-0-0-0-0	0-0-0-0-0-0-0-0-0-0-0-0	0-0-0-0-0-0-0-0-0-0-0-0	0-0-0-0-0-0-0-0-0-0-0-0	0-0-0-0-0-0-0-0-0-0-0-0	0-0-0-0-0-0-0-0-0-0-0-0	0-0-0-0-0-0-0-0-0-0-0-0
612	1	1-1-1-1-1-1-1-1-1-1-1-1	0-0-0-1-0-1-0-2-0-1-0-0	0-2-0-3-2-1-2-0-0-2-2-2	2-0-0-3-2-2-0-1-1-1-1-0	1-0-1-0-0-1-2-2-1-0-0-1	2-3-2-0-0-2-2-3-1-1-3-2	2-2-3-0-2-0-0-2-1-1-1-2	1-1-1-2-2-1-2-3-1-0-0-0	1-0-2-2-3-1-0-3-0-1-3-1	3-3-1-0-2-1-2-1-2-0-0-1	3-1-0-3-0-1-1-1-3-1-1-0	0-1-1-0-0-1-1-0-1-1-1-1
612	2	2-3-2-2-2-2-2-2-2-2-2-3	0-3-2-1-0-3-0-3-3-2-0-2	3-1-0-1-1-1-3-4-0-1-3-3	1-2-3-1-1-1-0-1-3-2-3-0	2-3-5-3-1-1-3-1-2-2-2-1	1-0-3-0-2-1-3-1-2-2-6-1	5-1-2-2-1-2-3-1-2-2-4-1	2-3-3-1-1-3-3-0-1-2-0-0	3-0-1-1-2-1-3-1-3-2-1-1	1-1-2-3-1-1-1-2-1-3-7-1	0-1-0-2-6-0-0-4-0-1-1-2	6-1-1-3-2-3-1-0-1-5-2-6
612	3	3-2-3-2-2-3-3-3-3-3-3-2	3-2-2-4-4-2-4-2-4-2-4-4	4-4-5-1-3-4-4-6-4-2-2-2	4-4-4-4-1-1-4-1-2-5-2-6	2-6-3-3-5-2-2-3-2-2-3-3	2-5-2-4-4-7-2-1-2-2-1-1	1-1-2-3-4-3-2-4-1-3-1-2	5-2-2-2-1-2-2-1-1-3-3-5	5-3-4-1-1-3-2-1-7-3-1-1	1-1-3-6-5-1-0-1-1-4-5-1	5-1-3-1-5-1-5-5-4-1-2-5	4-1-3-2-5-5-1-6-1-4-1-1
612	4	4-4-5-5-5-4-4-4-4-4-3-5	3-5-4-3-6-5-3-5-5-5-3-5	6-3-4-7-5-5-3-5-5-5-3-5	5-3-5-3-5-4-4-5-5-5-5-3	6-4-2-3-4-5-5-4-5-4-6-4	6-6-5-3-5-1-5-5-5-4-2-4	7-4-4-4-3-4-5-5-4-4-5-4	4-4-2-5-4-5-5-5-1-4-5-7	4-3-5-4-5-4-4-4-6-6-4-4	4-4-6-5-5-1-5-4-4-5-3-4	4-4-7-4-7-7-4-6-3-4-5-5	5-4-4-4-5-4-5-0-4-3-2-4
612	5	6-4-4-7-4-4-4-4-5-4-5-4	4-4-4-6-4-4-7-4-4-4-6-4	5-6-3-6-6-4-6-4-4-4-5-4	6-3-4-6-6-6-6-4-4-4-6-3	6-4-2-6-3-4-6-6-4-4-4-6	4-3-6-5-4-3-4-4-4-4-2-5	2-4-4-2-4-5-4-4-4-4-6-5	3-6-2-6-6-4-4-6-7-3-6-3	3-3-4-6-6-4-3-6-4-4-6-4	7-6-4-4-3-1-4-1-0-4-3-1	3-1-3-2-3-4-3-3-3-5-4-3	4-4-4-6-6-3-4-3-1-2-5-2
612	6	4-4-4-5-4-4-4-5-4-4-4-7	4-4-4-5-4-4-5-5-5-6-5-7	4-5-5-5-5-6-5-7-7-4-6-4	5-6-6-5-5-5-7-5-5-4-5-3	5-3-5-5-6-5-5-5-6-6-4-5	4-4-5-7-6-3-6-4-6-4-2-6	2-1-4-6-7-6-4-7-6-4-5-5	4-5-2-5-5-6-7-5-7-3-5-6	6-3-7-6-5-4-6-5-4-4-5-4	6-6-4-4-6-1-5-6-7-4-5-1	4-6-6-2-7-4-3-6-4-6-4-7	2-7-5-6-6-6-4-3-1-6-5-2
612	7	7-6-5-5-7-7-4-7-4-4-4-6	6-4-7-3-7-4-5-7-6-7-5-6	7-7-7-4-7-7-6-6-6-7-7-7	5-7-7-7-7-7-6-7-7-7-7-3	1-3-7-7-7-7-6-7-7-7-4-5	6-7-7-6-7-3-7-7-7-7-7-7	4-7-7-7-6-7-7-7-7-7-4-7	7-7-7-6-7-6-6-1-6-4-4-4	6-3-7-6-1-7-7-6-7-4-5-4	6-3-7-7-7-1-7-6-6-7-3-7	3-1-4-7-4-4-3-3-3-6-7-7	7-6-7-4-6-7-7-7-7-7-6-7
613	0	0-0-0-0-0-0-0-0-0-0-0-0	0-0-0-0-0-0-0-0-0-0-0-0	0-0-0-0-0-0-0-0-0-0-0-0	0-0-0-0-0-0-0-0-0-0-0-0	0-0-0-0-0-0-0-0-0-0-0-0	0-0-0-0-0-0-0-0-0-0-0-0	0-0-0-0-0-0-0-0-0-0-0-0	0-0-0-0-0-0-0-0-0-0-0-0	0-0-0-0-0-0-0-0-0-0-0-0	0-0-0-0-0-0-0-0-0-0-0-0	0-0-0-0-0-0-0-0-0-0-0-0	0-0-0-0-0-0-0-0-0-0-0-0
613	1	1-1-1-1-1-2-1-1-1-1-2-2	2-2-1-0-2-2-1-2-1-2-2-2	1-2-2-3-2-2-1-2-4-2-1-2	2-1-2-2-1-0-2-2-1-2-1-2	2-1-1-2-1-1-2-1-2-2-3-1	2-2-2-1-2-2-1-2-2-1-4-2	0-1-1-1-1-1-0-2-1-1-1-4	1-1-1-1-1-2-1-1-1-1-0-1	1-1-7-0-2-2-4-0-2-1-1-2	0-1-2-2-1-1-2-1-0-2-2-1	4-9-4-5-3-2-1-1-1-1-2-1	4-1-1-1-1-4-1-2-4-1-4-7
613	2	1-1-1-2-1-1-1-1-1-1-1-1	1-1-1-2-1-1-3-1-1-1-1-1	0-1-1-6-3-1-3-1-1-1-1-3	3-0-1-4-3-3-1-1-1-1-3-1	1-0-7-6-3-3-3-3-1-1-1-3	1-3-3-2-1-1-3-1-1-1-0-4	3-4-1-2-3-2-0-3-1-1-3-3	1-5-4-3-3-1-1-9-2-1-1-0	2-0-3-3-4-1-0-3-1-2-2-1	3-5-1-1-3-2-3-1-3-1-1-4	1-2-0-1-1-1-0-2-1-3-1-1	1-2-2-1-1-1-3-1-2-2-2-4
613	3	1-3-1-1-3-1-3-1-1-1-1-4	1-4-4-2-1-1-2-2-1-5-1-1	1-2-1-1-2-1-4-5-1-2-4-2	2-2-4-2-2-2-4-1-4-4-2-1	1-0-4-3-2-2-4-2-4-3-1-2	1-2-5-2-3-1-2-1-3-3-5-3	2-2-4-0-2-3-6-2-3-1-2-2	7-2-5-2-2-1-4-2-2-5-6-4	3-0-4-2-5-5-8-2-1-3-2-5	2-2-1-3-2-4-2-8-2-4-0-2	1-2-1-3-9-1-1-0-0-2-1-1	1-2-2-0-0-1-2-0-1-2-6-3
613	4	4-6-1-8-3-1-4-4-4-5-5-9	4-3-3-5-5-1-5-5-5-3-5-5	6-5-5-2-4-5-5-1-5-6-3-4	5-4-6-2-2-5-5-2-3-3-3-7	1-9-3-8-6-3-5-5-3-4-1-9	1-5-3-4-6-9-3-2-3-3-1-2	2-2-3-9-5-4-3-5-1-2-7-1	1-2-7-3-2-5-3-2-2-4-4-7	1-6-5-2-2-7-5-2-8-4-2-4	5-2-1-3-5-3-3-3-5-5-7-2	6-2-1-3-1-1-6-5-7-9-3-4	1-2-5-5-5-6-3-8-7-5-1-2
613	5	4-8-1-5-6-5-5-5-1-4-4-4	4-6-3-4-4-5-4-6-4-3-4-4	4-4-4-2-2-4-6-3-4-8-6-6	4-4-4-5-2-4-4-2-6-8-5-4	2-4-4-4-5-6-6-4-6-5-1-2	6-4-3-4-4-2-6-8-6-5-3-5	2-7-6-5-4-5-4-4-8-8-2-8	3-2-3-6-2-4-8-0-2-5-8-4	5-4-6-2-3-3-4-6-1-5-2-6	4-2-5-3-4-3-6-3-4-4-4-2	4-7-1-1-4-5-4-4-4-5-2-5	7-6-4-6-4-1-3-4-0-4-5-1
613	6	4-4-7-9-5-5-7-8-8-6-6-7	6-5-5-7-4-7-7-6-4-7-4-7	4-7-8-2-7-9-7-7-7-7-5-7	7-4-4-8-7-8-4-6-5-5-7-4	8-4-6-6-4-5-7-7-5-6-7-6	7-7-7-8-4-4-7-7-5-5-3-8	7-5-5-4-7-6-3-7-1-5-2-7	6-7-4-7-7-4-3-8-7-5-6-4	5-4-5-7-8-4-4-5-4-8-6-5	4-8-6-7-6-3-7-3-7-6-8-2	4-6-4-1-1-4-4-4-4-7-7-7	5-7-6-8-5-4-7-4-8-4-3-6
613	7	4-8-6-6-7-7-7-6-7-4-4-6	6-8-7-6-5-6-6-8-6-6-4-6	4-6-6-6-6-6-8-8-8-6-8-6	6-4-6-6-6-6-8-6-8-5-6-4	6-4-2-4-4-8-8-6-7-7-6-6	6-6-6-6-4-4-6-6-7-7-8-7	8-5-8-8-6-9-8-6-7-7-4-6	3-8-4-6-6-4-5-6-6-7-8-4	7-4-5-6-7-4-8-7-9-6-6-5	4-6-7-1-4-2-8-6-6-1-4-2	4-6-1-9-4-6-4-4-4-6-6-6	5-6-6-6-4-1-6-4-4-4-5-8
613	8	9-7-6-4-7-9-8-6-9-8-8-9	8-7-7-6-5-9-6-7-9-8-9-9	9-6-6-9-6-8-7-9-9-8-7-7	6-8-8-6-6-6-7-6-7-5-7-4	6-4-7-4-4-7-7-6-8-8-6-6	5-6-6-6-4-9-7-5-8-7-7-6	9-5-7-7-7-8-7-7-8-5-7-6	8-8-4-9-6-4-5-6-2-4-7-8	8-4-5-8-6-1-7-9-4-6-6-5	9-6-8-1-8-6-7-3-9-6-6-2	4-2-1-1-3-9-4-4-4-8-8-8	7-6-6-6-8-8-8-4-7-2-2-7
613	9	9-7-9-6-9-9-8-9-8-8-8-8	8-7-9-4-9-9-6-9-9-9-8-8	9-8-9-9-9-6-8-8-8-9-9-9	8-9-9-9-9-9-8-9-8-9-9-8	9-4-9-9-9-9-8-9-9-9-6-9	9-9-9-6-9-4-9-9-9-9-9-9	8-9-9-4-8-7-9-9-9-9-4-6	9-9-9-8-9-9-8-2-2-5-6-7	8-4-9-8-2-9-9-6-9-2-7-6	8-4-9-9-9-8-9-6-8-9-4-9	4-2-9-7-3-8-4-4-4-8-9-9	9-5-6-5-4-9-9-4-9-9-2-1
614	0	0-0-0-0-0-0-0-0-0-0-0-0	0-0-0-0-0-0-0-0-0-0-0-0	0-0-0-0-0-0-0-0-0-0-0-0	0-0-0-0-0-0-0-0-0-0-0-0	0-0-0-0-0-0-0-0-0-0-0-0	0-0-0-0-0-0-0-0-0-0-0-0	0-0-0-0-0-0-0-0-0-0-0-0	0-0-0-0-0-0-0-0-0-0-0-0	0-0-0-0-0-0-0-0-0-0-0-0	0-0-0-0-0-0-0-0-0-0-0-0	0-0-0-0-0-0-0-0-0-0-0-0	0-0-0-0-0-0-0-0-0-0-0-0
614	1	1-1-1-1-0-1-1-1-1-0-0-1	1-0-0-2-0-0-0-0-0-1-0-0	0-3-0-0-2-3-2-2-0-3-4-2	2-0-0-3-2-2-0-3-1-1-1-0	1-0-0-1-0-1-2-2-1-1-0-2	2-0-2-0-0-3-2-3-1-1-3-2	3-1-1-0-2-1-1-0-3-1-0-2	1-1-1-2-2-0-1-0-1-0-0-0	1-0-2-2-3-2-0-2-3-1-4-1	0-1-1-0-2-1-0-1-2-0-0-1	1-1-0-0-2-0-0-1-1-4-1-1	2-2-2-2-1-1-2-0-1-1-1-1
614	2	2-2-2-2-2-2-2-2-2-2-3-3	1-3-2-1-0-0-0-3-0-2-0-3	1-1-2-1-1-0-3-4-0-1-3-1	1-2-2-1-1-1-3-0-1-2-3-0	3-0-5-1-1-1-3-1-2-2-0-1	1-1-1-0-3-1-3-1-2-2-6-1	1-1-3-0-1-2-5-1-2-4-4-1	2-0-1-4-1-3-1-3-1-4-7-3	4-0-1-1-4-1-2-1-2-2-3-2	3-1-2-3-1-1-3-5-1-3-2-1	3-1-0-2-1-1-0-2-2-1-1-2	1-1-1-5-2-1-1-4-1-1-5-4
614	3	3-2-3-5-2-3-3-3-3-3-2-2	4-2-2-4-4-3-4-6-4-2-4-5	6-4-5-5-3-1-4-5-4-1-2-3	4-3-4-5-1-4-4-1-2-2-2-6	2-5-3-3-5-1-4-4-3-2-6-3	4-6-2-0-5-6-2-1-1-2-1-1	1-1-2-5-4-3-2-4-1-2-5-1	2-1-5-2-3-4-4-2-5-3-3-6	5-5-4-4-1-5-5-4-5-4-2-3	5-5-3-2-5-1-2-2-5-4-3-1	5-1-6-2-3-5-5-5-5-1-4-5	4-1-4-2-5-5-1-5-1-5-4-1
614	4	4-4-0-4-5-4-4-4-3-4-4-3	3-5-5-3-4-5-3-4-3-4-3-3	3-3-6-4-1-5-5-2-3-3-5-5	3-3-3-3-1-3-3-6-5-6-5-3	2-3-3-3-3-5-5-3-5-0-3-3	3-3-2-3-3-1-5-3-4-4-2-4	5-1-4-3-3-4-2-3-4-2-7-1	4-1-1-2-4-3-3-5-3-2-3-3	4-4-3-3-2-3-4-3-2-3-1-4	3-1-5-5-4-1-5-4-3-3-3-1	3-1-7-2-0-4-3-3-3-1-3-4	5-1-3-1-3-3-6-3-3-4-4-5
614	5	6-7-7-7-4-5-7-6-5-5-6-6	6-4-4-6-4-4-7-7-3-5-3-6	3-6-6-6-6-4-6-3-6-6-4-6	6-3-3-6-6-6-3-6-6-6-6-3	5-3-7-5-3-6-6-6-4-5-6-6	5-3-6-5-3-3-6-6-4-5-2-6	4-1-4-3-4-6-2-6-5-5-6-5	4-6-3-6-6-3-7-6-3-3-3-3	3-3-3-6-6-3-3-6-3-5-6-7	3-6-4-4-6-5-6-2-3-3-3-1	3-1-4-2-3-3-3-3-3-6-1-5	4-6-5-2-3-3-5-3-6-3-2-4
614	6	5-7-5-5-4-7-7-7-7-6-5-7	5-4-4-5-6-6-5-3-5-5-5-7	3-5-5-7-5-5-5-6-5-5-7-5	5-5-6-5-5-5-7-5-5-4-5-7	5-3-6-3-6-5-7-5-3-6-5-5	7-3-5-7-6-3-5-5-4-6-2-5	7-1-4-6-5-6-2-5-6-6-5-1	6-5-3-5-5-6-7-5-6-3-5-3	6-6-4-6-5-3-6-5-7-5-5-2	6-5-4-4-5-5-5-7-6-6-6-1	4-6-3-7-6-7-3-3-6-6-6-6	4-7-6-6-3-6-4-3-5-3-5-5
614	7	7-6-7-5-7-6-6-7-6-5-5-6	6-4-7-3-7-7-5-7-7-7-5-6	7-7-7-6-7-7-7-6-5-7-6-7	5-7-7-7-7-7-6-7-6-7-7-6	5-3-7-7-6-7-6-7-7-7-1-5	6-7-6-6-7-3-7-7-7-7-7-6	6-7-7-7-6-7-7-7-7-7-4-7	7-6-7-6-7-5-5-5-1-3-2-7	6-6-7-6-1-7-7-3-7-6-5-5	5-3-7-7-7-1-7-6-6-7-3-7	3-7-3-6-6-6-3-3-3-7-7-7	6-6-6-2-3-7-7-7-7-7-2-2
615	0	0-0-0-0-0-0-0-0-0-0-0-0	0-0-0-0-0-0-0-0-0-0-0-0	0-0-0-0-0-0-0-0-0-0-0-0	0-0-0-0-0-0-0-0-0-0-0-0	0-0-0-0-0-0-0-0-0-0-0-0	0-0-0-0-0-0-0-0-0-0-0-0	0-0-0-0-0-0-0-0-0-0-0-0	0-0-0-0-0-0-0-0-0-0-0-0	0-0-0-0-0-0-0-0-0-0-0-0	0-0-0-0-0-0-0-0-0-0-0-0	0-0-0-0-0-0-0-0-0-0-0-0	0-0-0-0-0-0-0-0-0-0-0-0
615	1	1-1-1-1-1-1-1-1-1-1-1-1	1-1-0-1-0-2-1-1-3-2-2-2	2-2-2-2-2-2-2-2-0-0-3-1	2-2-2-2-1-2-2-2-0-0-0-2	0-4-3-2-2-0-2-2-2-2-0-1	3-0-0-1-1-2-0-0-0-0-0-2	2-0-0-3-2-0-0-2-0-1-3-2	0-0-4-0-1-2-0-0-4-2-2-5	2-2-2-0-0-1-1-2-0-1-1-0	3-1-1-2-6-1-0-1-1-2-0-0	0-0-1-2-3-3-2-4-3-1-0-1	1-0-1-1-2-1-0-3-1-1-1-0
615	2	2-1-1-1-1-1-1-2-1-1-3-2	2-1-0-3-0-1-1-5-1-1-4-1	5-3-1-3-3-1-3-1-3-3-1-3	3-1-1-3-3-4-1-4-2-1-2-1	4-1-1-1-1-2-3-3-1-1-4-4	2-9-3-2-2-4-3-4-0-2-0-4	3-4-5-1-3-2-2-1-0-2-1-3	1-6-8-3-2-1-0-9-2-1-1-1	1-1-1-3-5-2-1-1-0-2-3-4	1-3-1-3-3-9-3-1-3-1-0-8	5-5-2-1-1-1-3-1-1-3-3-1	3-2-2-3-1-2-2-1-2-2-2-2
615	3	4-3-1-3-3-1-3-3-1-1-2-2	2-5-3-2-4-3-2-2-1-2-2-4	1-2-2-2-2-5-4-4-2-2-4-2	2-4-4-2-2-2-4-2-4-3-4-1	2-1-1-3-3-4-4-2-4-6-2-2	1-3-4-2-3-1-4-2-3-3-3-2	2-2-4-1-2-3-3-4-0-3-1-2	3-2-2-4-2-1-3-6-2-3-4-3	4-1-5-2-3-3-1-1-5-3-2-3	1-2-3-2-2-2-2-3-4-1-2-2	2-4-3-3-8-1-4-1-1-2-2-3	3-4-2-4-2-4-2-1-2-4-3-4
615	4	3-4-4-4-5-4-4-4-4-4-4-1	2-5-5-2-3-5-2-3-5-2-2-3	1-2-2-2-2-2-5-6-5-2-5-5	2-3-5-2-2-2-3-2-5-6-3-1	2-1-2-5-2-3-5-4-6-1-2-2	2-2-3-1-4-2-5-2-5-4-4-2	3-2-3-1-2-4-5-5-0-3-1-6	7-2-1-3-2-1-8-5-1-8-1-4	4-1-5-2-4-6-4-1-8-2-2-2	1-2-0-4-5-6-2-4-3-4-4-2	4-3-4-3-1-1-3-1-1-2-2-4	4-3-2-3-1-3-2-1-1-3-1-4
615	5	5-5-6-5-4-4-5-8-5-6-6-5	6-3-4-6-6-4-6-6-6-4-6-6	8-6-6-7-6-3-6-4-6-4-4-6	6-6-4-6-6-6-3-7-4-6-4-7	2-5-6-4-6-3-6-6-5-5-5-6	6-6-3-2-4-1-6-2-4-0-0-6	6-4-4-1-6-6-4-4-0-3-1-5	0-2-7-6-2-1-9-6-6-4-5-1	6-8-3-6-2-3-6-6-4-5-2-7	6-6-1-9-4-2-3-3-6-6-6-2	2-2-5-4-5-5-5-5-6-9-3-6	6-6-5-6-6-6-2-6-7-6-4-5
615	6	6-6-5-5-6-4-6-6-1-5-5-5	5-7-7-5-5-5-5-5-5-7-5-5	5-5-5-2-7-8-5-4-5-7-7-7	5-7-5-5-5-5-8-5-7-5-7-1	2-5-5-4-5-6-5-5-7-7-5-5	5-5-3-6-5-2-5-6-6-6-4-5	5-7-6-1-5-6-4-6-0-8-5-7	0-2-2-5-2-1-8-5-5-4-5-1	5-1-3-5-7-8-5-5-6-8-2-2	5-5-6-7-1-4-2-6-5-5-5-2	2-7-5-3-8-5-5-5-5-2-7-5	8-5-1-5-5-5-2-5-1-5-6-6
615	7	8-7-8-7-8-8-9-8-8-8-8-7	8-6-6-5-8-8-8-7-9-8-9-9	7-8-8-8-8-8-8-8-8-8-9-7	8-6-5-8-8-8-8-5-6-5-8-5	8-5-8-8-6-6-8-8-6-7-7-7	7-5-8-8-8-2-8-8-4-4-0-7	8-6-6-6-9-7-8-8-4-6-8-6	4-8-5-8-8-1-6-8-5-6-8-7	9-5-7-8-8-6-5-5-6-6-8-5	7-8-7-6-8-8-9-7-5-5-5-9	9-6-8-3-7-8-7-5-8-8-6-7	7-6-7-5-8-5-8-7-8-8-7-6
615	8	7-9-7-7-7-7-7-7-7-7-7-7	7-6-7-5-7-7-7-7-7-7-7-7	7-7-7-7-7-8-7-7-7-7-8-7	7-8-8-7-7-7-9-5-7-5-7-7	2-1-7-7-8-8-9-7-8-8-7-7	7-7-7-7-8-2-7-7-8-8-0-8	7-2-6-9-9-8-7-7-8-6-7-7	8-7-2-7-7-1-4-7-9-4-7-9	8-9-8-7-7-6-8-5-4-6-7-2	8-7-8-5-7-7-7-3-5-5-5-2	2-8-7-3-6-9-8-5-5-7-8-8	6-8-7-5-8-6-7-6-7-8-7-6
615	9	9-8-7-7-9-8-7-9-7-7-7-7	7-9-9-5-9-7-7-9-7-9-7-7	9-8-7-7-9-7-7-7-8-9-7-9	7-9-8-9-9-9-8-9-6-9-9-5	2-5-5-9-9-9-8-9-9-9-4-7	8-9-9-8-9-1-9-9-9-9-9-9	8-9-9-9-7-9-9-7-9-9-1-7	9-9-2-9-9-8-9-2-8-4-7-7	7-9-8-9-2-9-9-8-9-6-7-0	8-9-9-5-9-2-7-7-9-9-7-7	9-7-9-3-6-8-8-8-9-7-9-9	7-8-7-7-5-9-9-9-9-9-2-9
616	0	0-0-0-0-0-0-0-0-0-0-0-0	0-0-0-0-0-0-0-0-0-0-0-0	0-0-0-0-0-0-0-0-0-0-0-0	0-0-0-0-0-0-0-0-0-0-0-0	0-0-0-0-0-0-0-0-0-0-0-0	0-0-0-0-0-0-0-0-0-0-0-0	0-0-0-0-0-0-0-0-0-0-0-0	0-0-0-0-0-0-0-0-0-0-0-0	0-0-0-0-0-0-0-0-0-0-0-0	0-0-0-0-0-0-0-0-0-0-0-0	0-0-0-0-0-0-0-0-0-0-0-0	0-0-0-0-0-0-0-0-0-0-0-0
616	1	1-1-1-1-1-1-1-1-1-1-1-1	0-2-1-0-3-0-0-2-1-1-0-2	3-0-0-1-2-0-2-0-0-2-2-2	0-0-1-0-0-0-0-0-2-1-0-1	1-1-1-0-0-1-2-0-2-0-4-0	2-0-0-0-0-0-2-0-2-1-0-0	0-1-2-0-0-1-0-2-1-1-0-1	1-0-0-0-1-0-2-2-0-1-0-0	1-0-0-0-0-2-0-0-1-1-1-1	0-1-1-0-1-0-0-1-0-0-0-0	0-1-0-0-0-0-0-0-0-0-1-1	2-1-0-2-0-1-1-0-0-1-1-1
616	2	2-2-1-1-1-1-2-1-2-2-2-2	3-1-1-3-1-2-3-1-3-1-3-3	0-3-4-4-3-3-3-5-1-3-1-3	3-0-3-4-3-3-3-4-3-1-1-4	5-0-2-3-0-3-3-3-1-2-3-0	1-1-3-0-2-3-3-5-1-1-0-4	2-1-1-0-3-2-3-3-2-2-0-3	2-2-5-3-2-2-3-9-2-1-5-0	0-0-3-3-5-3-0-3-2-2-2-2	4-5-1-0-3-2-0-1-3-0-0-2	0-2-0-2-3-2-0-2-0-2-3-1	1-3-2-1-0-2-3-0-2-3-2-2
616	3	3-3-3-3-3-3-3-3-3-2-3-3	2-5-5-2-1-2-2-4-2-3-2-4	4-2-2-2-2-2-4-4-5-2-4-2	2-0-2-2-2-2-5-2-4-5-4-0	3-0-6-3-3-4-4-2-3-3-2-0	2-2-4-0-3-2-2-3-3-3-8-3	4-1-1-6-2-4-7-2-5-6-4-2	3-5-4-4-4-2-7-3-2-3-4-0	6-0-4-2-3-2-0-2-4-3-4-4	4-2-3-4-2-2-4-4-2-2-4-2	5-2-0-3-2-2-3-4-0-2-5-6	3-2-2-4-0-2-2-0-0-2-3-7
616	4	4-3-4-4-3-4-3-4-4-4-5-4	2-3-3-2-5-4-2-5-2-5-5-3	4-2-2-2-5-5-5-3-3-5-3-5	5-5-5-5-2-2-3-2-5-5-3-2	2-0-0-5-5-3-5-4-5-0-5-5	5-4-3-5-4-2-5-2-4-4-3-3	3-1-1-6-2-3-5-5-4-2-3-2	4-2-3-3-3-4-3-5-2-4-3-0	3-0-3-2-4-4-0-5-9-8-3-5	3-4-4-5-3-2-3-5-5-0-3-2	3-2-4-5-5-4-3-3-9-4-2-4	3-5-2-3-3-4-3-3-7-6-3-3
616	5	5-5-5-5-3-4-4-6-5-5-4-4	5-3-3-5-8-6-5-4-6-4-4-4	7-6-6-6-4-4-4-3-3-4-4-4	4-4-4-4-2-6-3-2-4-4-3-5	2-5-5-4-7-3-4-2-4-5-4-5	4-5-3-5-5-2-4-2-4-3-0-6	5-5-3-5-4-5-4-4-3-2-7-2	5-3-7-3-2-7-3-4-2-5-5-5	7-5-7-2-2-4-7-4-3-5-2-6	5-2-7-7-2-2-3-4-7-7-7-2	7-2-7-4-4-9-7-7-5-4-6-5	5-4-5-5-5-5-5-5-4-5-3-2
616	6	8-7-7-8-7-7-7-6-7-7-7-6	7-3-3-8-7-7-6-7-7-7-8-7	8-7-7-7-7-7-7-7-7-7-7-7	7-6-7-8-7-7-8-7-7-7-6-5	7-6-7-4-7-6-7-7-7-7-8-6	7-7-7-7-5-7-7-7-7-6-3-5	9-7-6-7-7-7-6-7-7-3-9-7	6-7-5-7-7-5-4-7-6-5-7-6	9-5-5-7-8-8-5-7-6-6-7-5	5-6-7-5-7-8-7-3-5-8-5-2	6-9-5-4-8-6-5-5-8-6-8-7	5-9-6-5-7-8-7-5-8-6-3-9
616	7	6-6-6-9-6-6-6-6-6-6-6-6	6-3-3-7-6-6-6-8-6-6-6-6	5-6-6-6-8-6-8-6-6-6-6-6	8-6-6-6-8-6-6-6-6-6-8-5	6-6-5-4-6-8-8-8-4-6-6-8	6-6-6-6-3-6-8-6-6-6-0-8	3-6-1-5-6-7-3-6-6-3-8-6	6-6-5-8-6-5-3-6-2-5-6-6	5-5-5-6-6-6-5-6-4-4-6-5	5-7-5-5-6-6-6-3-5-5-8-2	8-5-5-4-6-7-5-5-8-7-6-6	5-8-5-5-6-6-6-5-8-8-8-6
616	8	6-9-6-6-6-6-6-6-6-6-6-9	6-3-6-6-6-6-6-7-9-6-6-6	6-9-5-6-7-8-7-6-9-6-7-7	7-8-8-6-7-7-8-6-6-6-7-5	6-5-6-6-8-7-7-7-8-6-6-7	7-9-7-6-5-6-7-6-8-8-3-7	3-6-3-5-9-8-6-9-8-9-7-6	8-6-5-7-6-5-3-6-5-5-6-8	8-5-8-6-6-6-8-8-4-4-6-5	8-8-8-6-7-6-6-9-9-6-7-6	7-6-8-4-6-7-5-5-7-7-6-8	5-7-6-5-6-6-6-5-7-7-7-6
616	9	9-8-6-7-9-6-6-9-6-6-6-8	6-9-9-7-9-6-8-6-9-9-6-8	9-9-9-6-9-9-8-8-8-9-9-9	9-9-9-9-9-9-6-9-9-9-9-5	6-5-9-9-9-9-8-9-9-9-1-6	6-9-9-8-9-6-9-9-9-9-9-9	6-9-9-6-8-9-9-9-9-9-8-6	9-9-9-8-9-8-9-2-2-5-6-6	8-9-8-8-6-9-9-8-4-6-6-9	8-9-9-9-9-2-9-8-8-9-3-9	6-6-9-9-5-5-6-5-6-8-9-8	5-6-4-5-6-9-9-5-9-9-4-6
617	0	0-0-0-0-0-0-0-0-0-0-0-0	0-0-0-0-0-0-0-0-0-0-0-0	0-0-0-0-0-0-0-0-0-0-0-0	0-0-0-0-0-0-0-0-0-0-0-0	0-0-0-0-0-0-0-0-0-0-0-0	0-0-0-0-0-0-0-0-0-0-0-0	0-0-0-0-0-0-0-0-0-0-0-0	0-0-0-0-0-0-0-0-0-0-0-0	0-0-0-0-0-0-0-0-0-0-0-0	0-0-0-0-0-0-0-0-0-0-0-0	0-0-0-0-0-0-0-0-0-0-0-0	0-0-0-0-0-0-0-0-0-0-0-0
617	1	3-2-0-3-1-2-1-1-1-2-2-2	3-2-1-0-2-2-0-2-2-2-2-2	1-2-3-2-2-2-2-2-2-2-2-2	2-3-2-3-1-0-2-1-2-2-1-0	2-0-1-0-1-2-2-1-1-2-4-1	1-0-2-1-2-2-2-2-2-1-1-2	2-1-1-1-2-0-2-2-1-2-1-1	1-1-2-1-1-2-2-0-1-1-1-3	1-0-2-1-0-2-1-1-6-1-1-1	3-1-1-3-1-1-0-2-2-3-0-1	2-9-8-0-1-3-1-9-2-1-2-2	2-1-1-1-2-1-1-2-1-1-1-2
617	2	1-1-2-2-1-1-1-1-1-1-1-1	1-1-1-2-1-1-1-1-1-1-1-1	3-3-1-4-3-1-3-1-1-3-1-3	3-0-1-1-3-3-1-2-1-1-1-4	1-0-3-1-0-1-3-3-1-1-1-4	3-3-3-1-1-3-3-1-1-1-0-4	1-4-1-2-3-2-1-3-2-1-2-4	1-2-1-3-3-1-1-3-2-0-1-0	2-0-3-3-5-3-0-3-1-2-2-1	2-3-2-1-3-2-3-1-3-0-1-2	1-2-1-1-1-1-0-1-1-1-1-1	1-2-2-1-1-1-3-1-1-2-2-1
617	3	1-3-2-1-1-1-1-1-1-1-1-1	1-6-4-2-1-1-1-4-1-1-2-1	2-2-1-1-2-1-4-1-1-2-4-2	2-4-1-1-2-2-1-2-3-5-5-0	2-0-2-6-0-3-4-2-3-1-1-2	2-2-4-0-4-2-4-1-3-3-7-3	0-2-1-0-2-3-4-2-3-3-2-2	3-2-4-2-2-1-5-2-2-7-0-1	4-0-2-2-3-2-0-2-1-3-3-3	1-2-1-1-2-2-2-1-2-1-9-4	5-2-1-1-1-1-0-6-1-4-4-3	1-2-2-4-1-1-2-1-6-5-6-4
617	4	5-3-1-4-1-3-1-1-4-1-5-2	5-3-3-2-1-1-1-6-1-1-5-5	2-4-1-2-5-1-3-3-5-2-3-6	2-3-5-6-2-2-7-2-5-7-3-2	1-0-2-5-0-3-5-2-5-4-7-5	2-4-3-1-3-2-3-1-3-4-0-2	0-2-3-0-2-3-3-5-4-1-2-2	4-2-5-2-2-1-3-2-2-6-5-1	3-0-3-2-4-5-9-6-1-8-2-5	1-4-6-5-5-2-5-5-2-1-3-3	3-2-5-5-5-6-0-6-1-3-3-4	1-5-2-3-3-4-1-1-9-2-9-3
617	5	4-7-2-4-3-4-5-5-5-6-4-7	4-3-3-2-1-1-6-4-1-5-4-4	6-6-6-2-4-7-4-6-4-2-4-4	6-6-4-4-2-6-6-2-4-6-3-5	2-5-9-4-6-3-6-2-4-8-4-4	1-6-4-9-5-7-4-1-5-4-3-6	8-6-3-8-6-8-3-4-5-1-2-3	5-3-6-2-2-6-3-2-8-9-4-0	5-0-3-2-2-4-6-4-1-4-3-6	6-7-4-6-4-2-8-4-4-8-8-2	3-2-4-4-4-7-0-8-8-3-5-4	8-4-5-8-1-5-5-8-7-3-3-3
617	6	7-9-9-8-7-4-6-8-6-7-8-7	5-3-3-8-7-1-5-4-7-5-7-7	5-5-5-7-8-7-7-5-4-7-4-4	7-7-4-8-8-5-5-8-6-5-6-5	7-5-7-3-5-6-7-7-6-7-4-8	7-7-7-8-6-7-7-7-6-4-6-8	9-7-1-5-7-6-7-7-6-3-6-7	0-8-8-7-7-5-9-8-5-4-6-0	5-0-8-7-6-8-5-7-1-7-7-5	5-6-4-7-6-7-7-6-7-5-5-7	7-7-7-4-9-7-0-3-8-6-7-6	5-7-5-5-6-6-7-5-3-2-3-6
617	7	6-9-6-9-8-7-7-9-6-6-6-6	8-8-8-6-8-8-5-6-6-5-8-6	6-5-5-6-6-6-8-6-6-6-8-6	6-6-9-6-6-6-8-6-8-4-8-5	6-5-5-7-5-8-8-6-8-6-4-6	6-6-6-6-7-5-8-6-7-7-3-6	6-6-1-9-6-7-6-6-7-7-6-6	1-6-6-8-6-5-8-6-5-7-6-0	7-0-6-6-7-4-5-6-8-6-6-5	6-6-9-6-8-6-6-7-6-0-5-6	5-6-6-7-8-6-0-3-6-6-6-7	1-6-5-5-1-6-6-1-4-3-8-8
617	8	6-7-6-6-8-9-9-9-9-8-6-9	9-7-7-6-9-7-9-7-6-9-7-9	9-5-5-9-6-6-7-8-9-6-7-9	6-8-8-6-6-6-9-5-7-5-7-5	6-5-5-7-8-7-7-6-7-5-4-6	6-6-6-6-8-9-7-6-8-8-3-6	5-5-1-5-8-5-7-7-8-7-6-6	8-6-6-7-6-5-7-6-5-8-6-8	8-8-6-6-6-6-5-8-7-4-6-5	1-6-8-9-7-6-6-4-8-5-8-2	5-8-9-4-7-9-0-5-5-6-5-4	5-9-9-5-8-6-5-5-3-8-7-7
617	9	9-7-6-7-9-8-8-9-8-6-6-8	8-7-9-6-9-9-8-9-9-9-8-8	9-9-9-9-9-9-9-8-9-9-8-9	8-9-9-9-9-9-8-9-8-9-9-8	6-5-5-9-9-9-8-9-9-9-6-9	6-9-9-8-9-8-8-9-9-9-9-9	6-9-9-7-9-9-8-9-9-9-6-6	9-9-9-8-9-9-6-2-2-5-6-9	8-9-9-9-2-9-9-6-8-1-7-5	6-9-7-9-9-6-9-9-8-9-3-9	3-1-8-8-6-8-0-1-9-9-9-9	5-8-8-1-8-9-9-1-9-9-4-9
618	0	0-0-0-0-0-0-0-0-0-0-0-0	0-0-0-0-0-0-0-0-0-0-0-0	0-0-0-0-0-0-0-0-0-0-0-0	0-0-0-0-0-0-0-0-0-0-0-0	0-0-0-0-0-0-0-0-0-0-0-0	0-0-0-0-0-0-0-0-0-0-0-0	0-0-0-0-0-0-0-0-0-0-0-0	0-0-0-0-0-0-0-0-0-0-0-0	0-0-0-0-0-0-0-0-0-0-0-0	0-0-0-0-0-0-0-0-0-0-0-0	0-0-0-0-0-0-0-0-0-0-0-0	0-0-0-0-0-0-0-0-0-0-0-0
618	1	1-1-1-1-1-1-1-1-1-1-1-1	1-0-0-1-0-1-1-1-0-2-0-0	1-2-2-1-1-2-3-0-0-0-3-1	2-1-2-1-1-2-0-4-3-0-0-4	0-3-4-0-2-0-2-1-0-0-0-1	1-1-0-0-0-1-0-1-0-0-0-0	3-0-0-3-0-0-0-0-0-0-0-0	0-0-0-0-0-2-0-0-0-1-1-0	0-2-2-0-2-0-3-1-0-1-2-2	1-1-1-0-0-0-0-0-1-2-3-0	0-0-1-0-2-1-2-3-6-1-0-1	0-0-1-7-1-1-2-1-1-1-1-1
618	2	2-2-1-2-2-2-2-2-2-2-2-2	2-0-0-3-0-3-1-3-3-1-3-3	1-1-1-3-3-1-1-3-0-3-2-3	3-1-1-3-3-3-0-7-3-0-2-1	2-1-2-3-1-2-3-3-3-2-2-3	3-1-3-2-0-4-3-2-0-0-0-4	4-4-2-1-3-0-2-3-0-2-0-3	0-4-2-3-2-1-3-0-2-1-1-0	0-1-1-4-4-2-1-2-2-2-4-2	2-4-1-6-3-2-3-0-3-3-0-4	1-4-1-2-1-3-1-1-2-3-2-1	0-2-2-1-2-2-4-1-2-2-2-4
618	3	3-3-3-3-3-3-3-3-3-3-4-3	2-4-4-2-0-4-1-4-2-2-2-4	4-2-5-2-2-2-4-4-4-2-4-2	2-1-2-2-2-2-2-1-4-4-4-1	2-1-1-3-3-2-4-2-4-0-2-2	2-1-4-0-4-2-4-3-3-3-5-3	2-2-4-1-2-3-2-2-0-3-4-2	0-0-2-2-2-1-6-0-2-4-1-4	0-1-1-2-1-2-1-4-4-3-2-3	2-5-3-4-2-2-2-4-2-2-1-3	1-0-5-4-1-2-1-1-1-2-2-5	1-2-1-1-2-2-2-3-5-2-3-5
618	4	3-3-4-4-3-2-4-4-4-4-3-4	4-3-3-2-5-3-4-3-5-4-2-3	3-5-5-2-4-5-3-3-3-5-3-4	5-4-7-2-2-2-6-1-4-3-3-1	2-7-1-4-4-3-3-4-6-4-2-7	2-1-3-4-7-2-3-4-3-0-0-5	2-2-3-1-4-4-3-5-0-2-6-3	0-2-6-2-2-6-3-3-2-3-4-7	6-5-5-2-2-4-6-3-3-4-2-4	5-2-4-5-5-2-0-3-2-5-6-2	6-5-4-3-4-6-6-1-5-2-4-0	4-2-4-3-5-2-2-4-6-5-3-2
618	5	6-5-6-7-6-6-6-7-6-7-7-7	6-3-3-6-6-6-6-6-6-6-6-6	5-6-6-7-7-6-6-5-6-6-6-6	6-4-6-6-7-7-6-7-5-4-6-5	7-6-8-6-6-5-6-6-4-5-7-6	5-6-6-6-4-6-6-6-3-5-3-6	3-6-6-3-6-5-5-4-5-7-5-6	5-6-7-6-7-4-8-7-5-4-4-4	8-4-6-6-7-6-4-7-3-7-7-7	6-6-5-4-6-8-6-3-6-4-7-7	4-6-6-7-8-4-4-4-8-7-6-5	6-6-5-1-4-6-7-4-3-4-3-6
618	6	5-6-5-5-5-5-5-5-5-5-5-5	5-3-6-5-5-5-5-7-5-5-5-5	5-5-5-5-5-5-7-6-5-5-7-5	5-4-5-5-5-5-5-5-7-6-5-1	5-5-1-5-5-7-7-5-7-5-5-5	5-7-5-5-6-5-5-5-7-6-7-5	4-5-7-1-5-5-7-5-6-6-4-5	6-5-4-5-5-4-7-5-5-3-4-4	4-4-1-5-4-5-7-4-6-5-5-5	5-5-6-7-5-5-5-7-5-4-4-5	4-5-5-7-1-4-4-1-1-2-5-6	5-5-5-1-8-5-5-4-4-7-7-7
618	7	5-8-5-5-5-8-5-5-5-5-5-5	5-6-6-5-5-5-5-6-5-5-5-5	5-5-5-5-5-7-6-5-5-5-6-7	5-4-7-5-5-5-5-5-6-6-6-1	5-5-5-5-7-6-6-5-6-5-5-5	5-6-5-6-4-5-5-5-6-6-6-5	8-5-6-8-8-7-6-0-7-5-5-6	7-5-2-6-5-7-8-5-8-7-5-4	7-7-7-5-5-5-6-8-4-5-5-5	6-5-7-6-6-5-5-3-8-7-5-5	6-7-5-6-8-8-4-1-1-7-7-7	8-7-7-1-6-7-5-4-6-6-6-7
618	8	8-7-5-5-8-7-5-8-5-5-5-5	5-8-8-5-8-7-7-5-5-8-7-5	8-8-8-5-8-8-7-7-7-8-5-8	7-8-8-8-8-5-7-8-6-8-8-5	5-5-8-8-8-8-7-8-8-8-7-5	7-8-8-8-8-5-8-8-8-8-8-8	7-8-8-8-7-8-8-8-8-8-5-8	8-7-5-7-8-5-5-5-7-7-5-6	5-8-8-5-5-8-8-7-8-5-5-1	7-8-6-8-8-5-8-5-5-8-6-8	6-8-6-6-5-7-4-4-5-4-8-8	8-7-8-0-6-8-8-4-8-8-7-8
619	0	0-0-0-0-0-0-0-0-0-0-0-0	0-0-0-0-0-0-0-0-0-0-0-0	0-0-0-0-0-0-0-0-0-0-0-0	0-0-0-0-0-0-0-0-0-0-0-0	0-0-0-0-0-0-0-0-0-0-0-0	0-0-0-0-0-0-0-0-0-0-0-0	0-0-0-0-0-0-0-0-0-0-0-0	0-0-0-0-0-0-0-0-0-0-0-0	0-0-0-0-0-0-0-0-0-0-0-0	0-0-0-0-0-0-0-0-0-0-0-0	0-0-0-0-0-0-0-0-0-0-0-0	0-0-0-0-0-0-0-0-0-0-0-0
619	1	1-2-2-2-1-2-1-3-1-1-2-4	2-2-1-2-2-2-0-2-0-2-0-2	2-2-3-2-2-2-2-2-2-2-2-2	2-1-2-2-1-0-2-2-2-2-1-2	2-0-1-2-4-1-2-1-1-2-6-2	2-2-2-2-0-0-2-2-1-1-4-0	1-2-2-2-2-0-2-2-1-2-1-1	5-0-2-1-1-0-1-2-0-1-2-1	1-0-2-1-2-2-2-2-2-2-1-2	3-1-2-2-1-1-3-2-2-4-2-1	1-2-9-2-2-9-2-1-1-1-2-1	2-2-2-2-1-1-1-1-1-1-4-1
619	2	1-1-1-1-1-1-1-1-1-1-1-1	1-1-1-3-1-1-1-1-1-1-3-1	1-1-1-1-1-1-3-1-1-1-1-1	3-0-1-1-3-3-1-4-1-1-1-1	1-1-1-1-0-2-3-3-1-1-1-1	1-1-1-1-1-6-3-1-2-1-0-3	2-3-1-1-3-2-1-3-1-1-3-3	1-4-1-3-3-1-9-1-2-1-1-0	1-0-1-3-4-1-1-3-1-1-2-1	2-3-1-1-3-3-1-1-3-1-1-5	5-1-1-1-1-1-1-0-0-3-1-2	1-3-1-1-1-2-3-0-0-3-2-2
619	3	1-4-1-1-1-4-1-1-1-1-1-1	2-4-3-2-1-1-2-4-2-1-2-2	1-3-1-1-2-1-4-1-7-2-4-2	2-3-4-1-2-2-6-1-4-4-4-0	3-1-0-1-3-2-4-2-4-3-1-2	1-3-5-1-3-2-4-3-3-3-3-3	2-2-3-2-2-3-4-2-3-6-2-2	0-2-1-2-2-4-6-1-2-5-1-0	0-3-2-2-1-1-3-2-5-1-2-5	2-2-1-3-2-2-1-4-2-1-0-3	3-1-9-7-1-1-0-8-1-2-1-3	0-2-1-1-1-2-4-0-0-4-1-2
619	4	1-3-1-1-1-3-1-1-1-1-1-1	5-3-3-2-5-1-5-3-5-1-5-5	8-5-6-6-4-1-5-5-3-6-3-5	5-4-5-5-2-5-5-2-3-3-3-5	1-5-4-5-5-3-5-5-6-4-1-1	1-6-3-5-5-7-3-5-1-1-1-3	5-2-3-5-5-2-3-5-1-3-5-3	1-2-7-2-2-5-3-2-2-4-5-8	4-4-1-5-2-1-4-5-1-4-2-6	5-4-1-0-5-2-5-3-5-1-5-2	9-1-5-3-9-5-5-5-5-4-1-4	1-2-4-4-5-2-3-5-5-5-1-2
619	5	5-5-1-5-1-5-5-7-1-1-1-1	4-6-6-2-4-1-4-4-4-1-4-4	1-4-4-1-6-9-6-7-7-7-6-6	4-4-6-4-2-4-4-2-6-6-4-4	2-4-2-4-4-5-6-4-3-4-2-1	6-4-3-4-4-2-6-4-5-5-1-5	4-6-6-4-4-3-3-4-5-3-4-2	1-2-4-3-5-4-7-5-2-5-4-4	4-4-1-4-5-5-3-8-3-5-2-3	4-5-1-9-4-2-4-5-4-4-4-2	4-7-4-3-9-4-4-4-4-2-1-4	1-9-5-5-4-2-3-4-4-4-5-7
619	6	7-5-9-8-6-5-6-6-9-9-6-7	6-5-5-8-7-1-9-8-7-7-7-7	6-7-7-9-7-9-7-7-7-7-5-5	7-4-7-8-8-8-7-8-5-7-6-6	8-4-7-6-8-6-7-7-6-6-7-7	7-7-7-6-4-2-7-7-5-5-0-7	7-5-5-6-7-6-6-7-5-3-8-6	0-6-4-7-8-4-3-8-7-6-8-4	9-0-7-7-6-6-1-7-5-7-6-7	4-6-6-7-4-7-9-9-7-4-8-6	4-6-4-3-1-6-4-4-7-8-7-6	1-8-4-8-8-1-7-4-6-6-6-7
619	7	6-9-6-9-8-7-6-9-7-6-8-6	8-8-8-6-6-8-6-6-6-6-6-6	6-6-6-6-6-6-8-6-6-8-8-6	6-7-6-6-6-6-8-1-8-8-8-6	6-4-6-8-4-8-8-6-8-7-6-6	6-6-6-6-7-4-8-6-7-7-7-6	6-6-8-6-6-7-8-8-7-8-6-6	0-8-4-8-6-4-5-6-6-7-6-4	7-0-6-8-7-4-8-6-5-6-8-6	4-6-7-6-8-6-8-3-6-4-6-7	0-6-8-3-4-0-4-4-6-6-6-6	8-6-4-6-0-0-6-4-0-6-8-5
619	8	6-9-6-8-8-9-9-9-9-8-8-9	9-7-7-6-9-7-6-6-9-9-6-9	4-6-6-6-6-6-7-6-6-8-7-5	6-8-6-6-6-6-9-6-7-7-7-9	6-4-6-7-6-7-7-8-7-8-6-6	9-6-7-6-8-2-7-6-8-8-3-6	9-6-5-6-4-8-7-7-8-7-6-6	8-7-4-7-6-4-3-6-6-5-6-4	6-8-6-7-6-0-1-5-9-8-6-4	4-6-8-9-7-6-7-1-9-1-8-7	5-8-7-3-3-8-4-6-6-6-8-6	7-6-4-6-6-1-6-4-6-4-6-1
619	9	9-7-6-7-9-8-8-9-8-6-9-8	8-7-9-6-9-9-6-9-9-9-6-8	9-9-9-6-8-6-8-8-9-9-8-9	7-9-9-9-9-9-8-9-8-9-9-8	9-4-9-9-9-7-8-9-9-9-6-9	8-9-9-8-9-8-8-9-9-9-9-8	8-9-9-9-9-9-9-9-9-9-8-6	9-7-9-8-9-9-5-2-2-7-6-8	6-8-9-9-6-9-9-6-8-1-7-9	4-4-7-9-9-5-9-6-8-9-4-9	4-1-1-7-4-1-4-4-4-9-9-9	1-5-8-5-4-9-9-4-4-9-6-9
620	0	0-0-0-0-0-0-0-0-0-0-0-0	0-0-0-0-0-0-0-0-0-0-0-0	0-0-0-0-0-0-0-0-0-0-0-0	0-0-0-0-0-0-0-0-0-0-0-0	0-0-0-0-0-0-0-0-0-0-0-0	0-0-0-0-0-0-0-0-0-0-0-0	0-0-0-0-0-0-0-0-0-0-0-0	0-0-0-0-0-0-0-0-0-0-0-0	0-0-0-0-0-0-0-0-0-0-0-0	0-0-0-0-0-0-0-0-0-0-0-0	0-0-0-0-0-0-0-0-0-0-0-0	0-0-0-0-0-0-0-0-0-0-0-0
620	1	1-1-1-1-1-1-1-1-1-0-1-1	0-2-1-0-0-1-0-2-0-1-0-1	1-0-0-1-1-0-2-1-0-0-2-1	0-0-0-0-0-0-0-1-1-1-2-0	1-0-0-0-0-1-2-0-1-0-0-0	0-0-0-0-0-0-2-0-1-1-1-0	1-1-1-0-0-1-0-1-1-1-0-1	1-1-0-0-1-0-1-2-0-1-0-0	1-0-0-0-0-0-0-2-1-0-1-2	0-1-1-2-0-0-0-1-0-0-0-1	0-0-0-0-0-0-0-0-0-0-1-1	2-1-0-1-0-0-0-0-0-0-1-1
620	2	2-2-2-2-1-1-2-2-2-2-2-2	3-1-1-4-4-1-3-3-3-2-3-3	0-3-0-6-3-3-3-3-0-2-1-3	3-3-3-4-4-3-3-2-3-2-4-0	2-0-2-3-3-3-3-3-1-0-8-3	3-4-3-3-2-3-3-3-2-1-1-3	3-1-1-0-3-4-3-3-4-4-0-3	2-4-4-3-2-0-2-8-2-1-2-0	2-0-3-4-4-3-0-3-1-2-4-1	0-4-1-3-3-4-3-1-3-0-0-4	0-2-0-2-3-4-0-4-4-3-3-2	1-3-2-1-4-2-3-0-0-0-2-4
620	3	3-3-3-3-3-3-3-3-3-3-3-4	2-4-4-2-2-4-2-2-4-3-2-2	2-2-2-2-2-2-4-2-4-2-4-2	2-3-4-2-2-2-4-2-2-1-3-0	3-0-2-2-2-2-4-2-4-3-0-2	2-3-4-2-4-2-4-2-3-3-7-3	2-1-3-0-2-3-4-2-3-2-0-2	3-3-8-2-2-4-7-6-2-5-0-0	0-0-2-2-5-2-0-2-4-3-3-4	0-2-1-2-2-2-2-4-2-3-0-2	0-2-3-3-0-2-0-0-4-2-2-3	4-2-2-4-0-4-2-0-7-3-4-2
620	4	4-4-4-5-3-3-4-5-4-4-4-5	4-3-3-2-2-4-5-5-4-3-5-6	7-5-6-5-4-3-3-5-6-2-3-4	5-6-3-2-2-5-3-2-3-3-2-6	2-7-4-4-6-3-3-4-5-4-4-4	2-5-3-4-4-8-3-2-3-3-1-4	8-5-4-4-5-1-3-4-2-2-4-2	1-2-6-3-2-5-3-2-2-4-6-6	8-8-6-2-2-4-6-4-3-4-2-3	6-2-4-8-6-2-1-3-6-4-6-2	6-2-4-1-5-8-4-6-6-4-5-4	3-2-4-6-6-4-3-4-4-7-3-2
620	5	6-5-7-4-7-6-8-6-7-6-6-4	6-5-6-4-6-7-4-5-6-6-6-5	5-6-4-6-8-8-6-6-6-6-5-6	6-5-6-6-2-6-6-7-6-7-5-4	6-4-5-4-5-5-6-5-6-7-6-5	5-6-6-5-5-4-6-6-6-5-3-6	5-6-5-4-4-5-5-6-6-7-5-6	6-6-4-5-5-6-5-7-2-5-5-5	5-5-6-6-7-6-5-4-7-7-3-3	7-5-5-6-6-6-7-5-4-7-8-2	5-8-6-5-6-8-5-5-8-8-6-6	6-8-7-8-8-7-7-8-5-6-6-6
620	6	5-8-5-8-5-5-5-5-5-5-5-5	5-5-5-7-5-5-7-7-5-5-5-5	5-7-4-5-7-7-7-5-5-5-6-5	7-4-5-5-7-7-5-5-5-5-7-4	5-4-7-4-4-6-7-7-5-5-5-7	7-5-7-6-4-4-7-7-5-6-0-5	7-5-5-4-4-6-4-5-5-5-7-5	5-7-4-7-7-5-3-7-6-4-4-4	5-0-5-7-5-5-4-7-5-5-7-3	4-7-5-5-7-5-5-3-4-5-7-2	4-5-5-3-7-6-0-4-4-7-5-5	5-5-4-4-4-5-6-4-5-5-5-5
620	7	5-5-5-5-5-5-5-5-5-5-5-8	5-5-5-6-6-5-6-6-5-5-6-8	4-6-4-5-6-5-6-5-5-6-7-6	6-7-7-5-6-6-8-5-6-5-6-4	6-4-6-4-7-6-6-6-7-5-5-6	6-5-6-7-7-4-6-6-7-7-3-7	6-5-5-4-8-7-7-6-7-5-6-5	5-6-4-6-6-5-3-5-2-4-6-4	7-7-5-6-5-5-6-6-5-5-6-3	5-6-7-5-6-2-5-3-7-5-6-2	4-5-5-5-6-5-7-4-4-6-5-7	5-8-5-6-7-5-5-4-5-4-5-6
620	8	8-6-6-6-8-7-5-8-5-5-5-7	5-5-8-6-8-5-7-8-8-8-6-7	8-8-8-5-8-5-8-5-5-8-5-8	7-8-5-8-8-8-7-8-5-8-8-4	5-4-8-8-8-8-7-8-8-8-2-8	5-8-8-6-8-4-8-8-8-8-8-7	4-8-8-4-7-8-8-8-8-8-5-5	8-8-3-8-8-7-8-2-2-5-4-5	4-8-8-8-2-8-4-4-8-5-6-1	4-8-8-8-8-2-8-8-7-5-5-8	4-5-5-8-5-5-7-4-5-5-8-8	8-5-7-5-5-8-8-5-8-8-5-5
621	0	0-0-0-0-0-0-0-0-0-0-0-0	0-0-0-0-0-0-0-0-0-0-0-0	0-0-0-0-0-0-0-0-0-0-0-0	0-0-0-0-0-0-0-0-0-0-0-0	0-0-0-0-0-0-0-0-0-0-0-0	0-0-0-0-0-0-0-0-0-0-0-0	0-0-0-0-0-0-0-0-0-0-0-0	0-0-0-0-0-0-0-0-0-0-0-0	0-0-0-0-0-0-0-0-0-0-0-0	0-0-0-0-0-0-0-0-0-0-0-0	0-0-0-0-0-0-0-0-0-0-0-0	0-0-0-0-0-0-0-0-0-0-0-0
621	1	1-2-1-2-1-1-1-1-1-1-2-2	2-2-1-0-2-2-2-2-2-1-2-2	1-2-1-1-2-2-2-2-2-2-3-2	2-1-2-4-1-2-2-1-1-2-1-1	2-2-1-0-2-1-2-1-1-2-4-2	2-2-2-3-2-4-1-2-2-1-4-2	2-2-2-1-2-2-2-2-1-1-4-4	1-1-1-1-1-2-2-1-1-1-2-3	1-0-2-1-2-3-1-2-2-2-1-4	1-1-1-2-2-1-2-2-4-1-0-1	1-2-4-4-8-1-4-1-1-1-2-2	2-2-1-1-1-2-1-2-4-4-4-8
621	2	1-1-1-1-1-1-1-1-1-1-1-1	1-1-1-3-1-1-3-1-1-1-3-1	1-3-4-1-1-1-3-1-1-1-1-3	3-0-1-3-5-3-1-5-1-1-3-4	5-1-3-3-1-3-3-3-1-1-1-3	1-1-3-6-2-5-3-1-1-1-0-4	3-1-1-0-3-1-1-3-1-1-2-3	1-5-5-3-2-1-1-8-3-1-1-1	3-0-1-3-4-2-1-3-1-2-4-5	1-5-1-1-3-4-3-1-3-0-0-5	4-1-1-1-1-1-0-0-1-3-1-1	1-3-3-3-3-1-2-1-7-2-6-4
621	3	3-3-2-1-3-1-1-3-1-1-1-2	1-4-3-2-1-1-2-4-1-1-2-1	1-2-1-1-4-1-4-1-1-4-4-2	2-3-4-2-2-2-4-2-4-4-4-2	2-1-5-2-1-4-4-2-4-3-1-2	1-3-5-1-3-2-4-1-1-3-6-2	2-1-4-3-2-1-4-2-1-1-2-2	1-2-2-2-2-1-6-4-2-4-3-1	3-0-4-2-5-1-3-2-1-3-2-3	2-2-3-4-2-3-2-4-2-4-0-2	0-1-3-4-7-1-0-4-4-2-4-3	1-2-2-2-2-2-2-1-6-5-1-3
621	4	1-4-1-8-1-5-1-4-1-1-5-5	5-3-3-2-1-1-5-3-5-5-5-6	7-5-7-2-4-5-3-5-5-3-3-4	5-5-6-5-2-5-5-2-3-3-3-2	1-6-2-6-6-3-5-5-5-7-1-8	5-1-3-4-6-7-3-1-1-1-1-2	2-1-3-5-5-1-3-5-4-1-6-1	1-2-2-3-2-5-3-5-2-6-5-6	4-4-3-2-2-5-6-5-1-4-2-3	5-2-7-3-3-2-3-3-6-6-5-2	5-1-1-3-1-6-6-5-6-5-3-5	5-2-5-4-5-1-2-5-1-1-1-2
621	5	5-5-2-5-5-4-5-5-1-1-4-4	4-6-5-2-6-1-4-6-4-4-4-4	4-4-4-2-6-4-6-6-4-7-6-4	4-4-4-4-2-4-4-2-6-7-6-2	2-4-3-4-4-6-4-4-6-4-1-2	4-1-3-4-4-2-6-5-5-5-3-5	6-7-5-4-4-1-6-4-5-5-5-5	1-2-2-3-2-4-3-6-4-5-4-4	3-4-6-2-5-5-4-4-1-5-2-2	4-2-8-6-4-2-2-3-4-4-4-2	4-6-8-8-3-4-4-4-4-2-6-4	4-2-4-5-4-1-3-4-4-3-4-3
621	6	7-5-8-8-5-4-8-6-6-8-7-7	6-5-5-7-5-1-7-7-4-7-7-4	6-7-4-8-7-8-7-5-7-7-5-7	7-7-7-7-7-7-5-7-7-5-7-2	7-4-7-7-4-7-7-7-5-6-7-7	7-6-7-2-4-4-7-7-5-6-3-7	5-5-3-4-4-6-5-8-5-5-7-6	5-7-2-7-7-1-3-6-8-4-7-4	4-0-5-7-7-7-4-7-1-5-6-6	4-7-4-5-8-5-7-1-4-4-7-6	4-6-7-1-1-4-4-4-4-6-5-6	4-7-6-7-7-7-7-4-3-4-7-2
621	7	6-8-6-7-5-8-8-8-8-7-6-8	6-5-5-6-7-8-6-6-6-6-6-6	4-6-4-6-6-6-6-7-6-6-7-6	6-6-6-6-6-6-8-6-6-5-6-8	6-4-6-6-7-6-6-6-7-7-6-6	8-8-6-8-7-4-6-6-5-7-3-6	8-5-3-7-6-7-8-8-7-5-6-6	7-6-2-6-6-1-3-6-6-5-6-4	7-7-5-6-6-6-5-6-3-5-6-6	7-6-4-7-7-1-6-1-8-4-6-6	6-7-5-3-3-4-7-6-4-7-7-7	1-6-6-6-7-6-6-4-6-4-6-2
621	8	8-7-6-6-8-7-7-8-7-6-6-7	7-5-8-6-8-8-6-8-8-8-6-7	8-8-8-6-8-8-8-7-8-8-7-8	6-8-8-6-8-8-7-8-7-8-8-7	6-4-8-8-8-8-7-8-8-8-6-6	7-8-8-7-8-1-8-8-8-8-8-7	7-8-8-8-7-8-8-6-8-8-5-8	8-8-8-7-8-7-6-6-6-4-5-4	6-7-8-7-6-8-8-6-8-8-6-6	6-6-8-8-6-2-6-8-7-8-7-8	4-1-8-5-1-4-7-4-4-8-8-8	8-6-6-1-8-8-8-4-8-8-7-1
622	0	0-0-0-0-0-0-0-0-0-0-0-0	0-0-0-0-0-0-0-0-0-0-0-0	0-0-0-0-0-0-0-0-0-0-0-0	0-0-0-0-0-0-0-0-0-0-0-0	0-0-0-0-0-0-0-0-0-0-0-0	0-0-0-0-0-0-0-0-0-0-0-0	0-0-0-0-0-0-0-0-0-0-0-0	0-0-0-0-0-0-0-0-0-0-0-0	0-0-0-0-0-0-0-0-0-0-0-0	0-0-0-0-0-0-0-0-0-0-0-0	0-0-0-0-0-0-0-0-0-0-0-0	0-0-0-0-0-0-0-0-0-0-0-0
622	1	0-1-0-1-1-1-1-1-1-0-1-1	0-2-2-0-0-0-0-1-0-0-0-0	0-1-0-0-0-0-2-2-0-0-2-0	0-0-0-0-0-0-2-0-1-2-2-0	1-0-1-0-0-2-2-0-1-2-2-0	0-0-0-0-0-0-2-0-1-1-1-2	1-2-2-0-2-0-0-0-1-0-0-2	2-1-0-1-1-0-2-2-0-1-0-0	1-0-2-0-1-0-1-2-2-0-0-1	0-1-1-2-1-0-0-1-0-0-1-0	2-0-9-1-0-0-0-0-0-0-1-1	1-1-0-0-0-1-0-0-0-0-0-0
622	2	2-1-2-2-2-1-2-2-2-3-2-2	3-1-1-4-0-3-4-3-0-3-4-3	2-3-1-3-4-0-3-1-0-3-1-3	3-0-3-4-4-3-1-8-2-1-1-0	4-0-4-3-0-3-3-3-1-1-4-6	3-4-3-0-2-6-3-3-1-1-1-4	2-1-1-0-3-0-3-0-2-2-0-1	1-2-9-3-2-0-1-9-2-1-0-0	2-0-1-3-9-4-0-3-3-2-3-1	3-3-1-1-3-2-3-1-3-0-3-2	4-2-1-1-0-2-3-0-4-3-3-0	0-2-4-0-0-2-3-0-2-2-2-2
622	3	3-3-3-3-4-3-3-3-3-2-3-3	2-4-3-2-3-3-2-4-2-2-2-4	4-2-5-2-2-0-4-4-4-2-4-4	2-3-4-2-2-2-4-2-4-3-4-0	2-0-2-2-5-4-4-2-3-3-2-2	2-2-4-4-3-2-4-2-3-3-4-2	2-2-1-4-2-3-4-2-3-3-0-2	3-9-2-4-2-0-3-2-2-3-0-0	4-0-4-2-4-2-3-2-4-3-4-3	2-4-3-3-2-2-2-3-4-3-2-2	4-3-4-3-8-2-2-3-0-2-2-6	4-2-2-4-0-4-2-0-6-4-3-7
622	4	3-4-2-4-3-4-4-4-4-4-4-4	2-5-4-2-5-3-2-3-4-2-2-4	3-4-5-2-2-5-3-3-3-5-3-3	2-3-3-2-2-2-4-2-3-4-5-0	2-0-2-7-5-3-3-4-3-6-2-2	5-2-3-3-7-2-5-4-4-4-3-2	5-2-4-3-2-4-4-3-4-4-0-4	3-2-2-3-3-4-8-5-2-4-4-0	3-0-3-5-6-2-4-5-7-4-3-3	0-3-5-5-6-4-3-4-3-4-9-2	3-3-3-3-5-5-5-4-5-2-2-1	4-2-2-3-5-3-2-4-3-3-4-2
622	5	6-5-6-6-6-6-6-8-6-6-6-5	6-4-8-6-8-6-6-5-6-6-6-6	5-6-6-6-5-6-6-5-6-6-6-5	6-5-6-5-5-6-6-5-5-5-4-5	8-6-7-8-7-4-6-6-5-5-6-5	6-6-5-5-6-7-4-6-8-4-4-6	6-3-5-7-6-7-4-6-4-5-6-6	7-5-6-6-5-6-5-6-7-7-6-6	7-7-6-6-2-5-7-6-6-6-7-3	6-6-5-4-6-9-6-5-6-6-6-4	9-7-6-5-6-6-7-7-6-9-6-5	8-6-5-6-6-7-6-9-7-4-6-5
622	6	5-5-5-5-5-5-5-5-5-5-5-5	5-7-7-5-5-5-5-5-5-5-5-5	2-5-5-5-2-5-7-5-5-5-7-6	5-5-5-5-2-5-5-2-7-8-7-5	2-5-5-2-5-6-7-5-7-7-5-2	5-5-3-5-5-5-7-5-5-6-4-5	5-2-5-5-5-5-7-5-1-5-5-5	5-2-5-5-6-5-5-5-5-5-5-5	5-5-5-5-4-5-5-5-5-5-6-3	5-5-6-5-5-2-5-6-5-5-5-2	8-7-5-3-5-5-5-4-5-5-5-7	5-5-5-5-5-5-8-5-3-5-5-5
622	7	5-6-5-9-5-5-5-5-5-5-5-5	5-6-6-8-5-5-5-5-5-5-5-5	7-8-5-8-8-5-6-6-5-8-6-8	8-5-5-8-8-8-5-2-8-5-8-5	7-5-5-8-5-8-8-8-6-7-8-8	5-5-8-7-4-5-8-5-4-7-3-7	6-4-4-5-6-5-6-8-7-5-8-7	5-8-5-8-8-5-9-5-5-5-8-5	5-5-5-8-8-9-5-5-4-6-8-3	5-8-7-3-8-3-8-4-5-5-5-7	8-6-8-3-5-5-5-5-5-8-5-7	5-8-5-5-5-5-7-5-5-7-8-5
622	8	5-9-5-7-5-9-5-5-5-5-5-9	5-6-5-7-5-5-5-5-5-5-5-5	9-7-5-9-7-5-7-8-5-7-7-7	7-8-8-7-7-7-9-2-7-6-7-9	7-5-5-7-8-7-7-7-8-8-7-7	9-8-7-9-8-9-7-7-8-8-4-7	9-4-6-8-7-8-6-7-8-5-7-7	8-7-5-7-7-5-4-5-5-4-7-5	8-8-8-7-7-7-5-5-4-8-7-3	7-7-8-5-7-2-7-5-9-5-8-7	7-8-7-3-3-8-5-4-5-7-7-8	5-7-9-8-7-3-7-5-7-7-7-6
622	9	9-5-7-7-9-8-5-9-5-5-5-8	5-9-9-7-9-5-5-9-5-9-5-5	9-8-9-8-9-9-8-5-5-9-8-9	8-9-9-7-9-9-8-9-4-9-9-8	7-5-9-9-9-9-8-9-9-9-0-5	8-9-9-8-9-8-9-9-9-9-4-8	8-9-9-5-5-9-9-8-9-9-5-7	9-9-9-8-9-5-7-2-7-5-5-5	8-5-9-8-7-9-9-5-9-5-7-1	7-7-9-9-9-5-7-7-8-9-4-9	7-9-1-8-5-5-8-5-5-5-9-9	5-8-8-5-5-9-9-5-9-9-7-9
623	0	0-0-0-0-0-0-0-0-0-0-0-0	0-0-0-0-0-0-0-0-0-0-0-0	0-0-0-0-0-0-0-0-0-0-0-0	0-0-0-0-0-0-0-0-0-0-0-0	0-0-0-0-0-0-0-0-0-0-0-0	0-0-0-0-0-0-0-0-0-0-0-0	0-0-0-0-0-0-0-0-0-0-0-0	0-0-0-0-0-0-0-0-0-0-0-0	0-0-0-0-0-0-0-0-0-0-0-0	0-0-0-0-0-0-0-0-0-0-0-0	0-0-0-0-0-0-0-0-0-0-0-0	0-0-0-0-0-0-0-0-0-0-0-0
623	1	1-1-0-1-1-1-1-1-1-0-1-1	0-2-1-0-0-0-0-2-0-0-0-2	2-1-0-0-0-0-2-0-0-0-2-1	0-1-2-0-0-0-0-0-2-2-2-0	0-0-0-0-0-2-2-0-1-0-0-0	0-0-0-0-1-0-2-0-4-1-4-2	0-1-2-0-2-1-1-2-1-1-0-1	1-1-0-2-1-0-4-0-0-1-0-0	0-0-0-0-1-0-0-2-2-1-1-1	0-0-1-2-1-0-1-2-0-0-3-0	2-0-1-4-1-0-0-0-0-0-0-1	2-1-0-1-3-0-1-0-0-0-2-1
623	2	2-1-2-2-1-2-2-2-2-2-2-2	3-1-1-3-0-0-0-1-3-0-3-3	1-4-0-3-3-4-3-4-0-4-1-2	3-3-4-2-3-3-3-2-3-1-1-0	2-0-2-3-0-1-3-3-3-2-7-2	3-4-3-0-4-6-3-3-1-2-1-3	2-4-1-0-3-0-3-1-4-1-1-3	0-2-3-3-4-3-2-4-7-1-2-0	2-0-3-3-4-2-0-3-1-2-2-2	0-3-1-3-3-2-1-1-3-0-0-2	1-2-0-1-3-3-0-0-0-2-2-2	1-3-2-1-1-2-4-0-2-2-1-4
623	3	3-3-3-3-4-3-2-3-3-3-3-4	2-4-4-2-2-4-0-2-2-3-2-2	4-2-5-2-2-2-4-4-4-2-4-4	2-3-2-2-2-2-2-2-2-4-3-0	2-0-2-2-0-4-4-2-2-3-0-2	2-2-4-0-3-2-4-2-3-3-6-3	2-2-1-0-2-3-4-2-3-3-0-2	3-2-2-2-2-4-2-2-2-3-2-0	3-0-2-2-3-2-0-2-4-7-4-3	0-2-3-2-2-2-0-3-2-3-1-2	4-2-7-0-7-2-0-0-3-2-2-1	0-2-2-2-1-4-2-3-2-2-5-2
623	4	4-3-5-4-3-3-4-4-5-4-3-3	4-3-3-2-5-3-4-6-5-5-5-5	6-5-5-2-4-2-3-5-5-2-3-3	4-4-2-2-2-5-6-2-3-3-5-0	3-5-2-4-5-3-3-4-4-4-6-7	3-2-3-4-6-7-3-2-1-3-1-5	5-2-3-0-2-4-3-5-2-3-4-2	3-2-5-3-2-5-1-2-2-4-5-6	4-0-3-2-2-4-4-2-3-4-3-3	4-2-1-5-5-2-1-3-5-5-4-2	3-2-0-7-3-0-6-7-5-4-2-1	0-2-4-1-4-3-2-4-5-6-3-2
623	5	6-5-6-7-6-6-7-6-7-7-6-6	6-3-6-6-6-6-6-5-6-4-6-6	5-6-4-6-6-6-6-5-6-6-5-6	6-4-4-6-6-6-6-2-6-4-6-5	6-4-6-6-4-5-6-6-5-4-5-6	5-4-6-4-4-2-6-6-6-3-3-5	6-6-3-7-7-5-2-6-2-7-6-6	7-6-4-6-6-4-7-6-6-7-6-4	7-7-5-6-7-5-6-6-1-6-6-3	6-6-1-6-6-6-6-7-4-4-6-6	4-5-6-5-7-5-4-5-6-6-4-7	7-7-5-6-5-5-6-4-7-5-6-6
623	6	5-7-5-5-5-7-5-5-5-5-5-5	5-5-5-5-6-5-5-5-5-5-5-5	4-5-5-5-5-5-5-5-5-5-6-5	5-6-6-5-5-5-7-2-5-3-5-7	5-4-5-5-6-5-7-5-6-6-4-5	5-6-5-7-6-2-5-5-6-6-3-6	5-5-1-0-5-5-6-5-6-6-5-5	6-5-4-5-5-5-5-5-5-7-5-4	6-6-6-5-5-5-5-5-1-6-5-3	5-5-6-5-5-5-5-7-7-5-5-5	3-6-5-7-5-6-4-5-5-5-5-6	1-7-7-5-5-5-5-4-3-4-5-5
623	7	7-6-5-5-7-6-5-7-5-5-5-5	5-7-7-5-7-7-5-7-5-7-5-6	7-7-7-5-7-5-7-6-5-7-6-7	6-7-6-7-7-7-6-7-6-7-7-6	5-5-7-7-6-7-6-7-7-7-2-7	6-7-5-6-7-4-7-5-7-7-3-6	6-7-7-7-5-7-7-7-7-7-5-5	7-5-7-5-7-5-5-2-2-5-5-6	5-7-7-5-5-7-7-5-7-4-5-3	4-5-7-7-7-5-7-5-6-7-5-5	4-7-3-4-5-5-4-5-4-7-7-5	7-6-6-5-5-7-7-4-5-7-5-7
624	0	0-0-0-0-0-0-0-0-0-0-0-0	0-0-0-0-0-0-0-0-0-0-0-0	0-0-0-0-0-0-0-0-0-0-0-0	0-0-0-0-0-0-0-0-0-0-0-0	0-0-0-0-0-0-0-0-0-0-0-0	0-0-0-0-0-0-0-0-0-0-0-0	0-0-0-0-0-0-0-0-0-0-0-0	0-0-0-0-0-0-0-0-0-0-0-0	0-0-0-0-0-0-0-0-0-0-0-0	0-0-0-0-0-0-0-0-0-0-0-0	0-0-0-0-0-0-0-0-0-0-0-0	0-0-0-0-0-0-0-0-0-0-0-0
624	1	1-1-1-1-1-1-1-2-1-1-2-1	2-2-1-2-2-2-2-2-1-2-4-1	1-2-1-1-2-2-2-2-2-1-1-2	2-3-2-3-1-2-2-2-2-2-2-2	2-2-1-3-2-1-2-1-2-2-3-1	2-2-2-2-2-2-2-2-2-1-0-2	2-1-2-1-2-4-0-3-1-4-1-4	1-0-1-0-1-2-1-2-1-2-2-3	1-3-1-0-2-3-2-2-2-0-1-0	3-1-2-6-0-1-5-1-2-2-2-1	1-8-1-1-2-1-4-1-3-1-2-2	2-1-1-1-2-1-1-3-1-1-0-6
624	2	1-1-1-1-1-1-1-1-1-1-1-1	1-1-1-3-1-1-1-1-1-1-3-3	5-3-0-5-1-1-3-1-1-3-1-1	3-0-1-4-3-3-1-3-1-1-3-1	1-1-3-1-1-3-3-3-1-1-1-3	1-4-3-1-1-3-3-1-1-1-0-3	3-3-1-0-3-1-2-1-1-2-3-1	1-2-2-3-3-1-8-8-2-1-1-0	2-1-3-3-4-2-1-3-1-2-3-2	1-4-1-1-3-4-3-1-3-1-1-4	3-4-0-1-1-2-1-4-1-2-1-1	1-2-2-4-1-1-3-1-7-1-2-4
624	3	1-3-1-1-3-1-1-1-1-1-1-1	1-3-4-2-1-1-1-1-1-1-2-2	0-2-1-1-1-1-4-1-1-2-4-2	2-1-4-1-2-2-4-2-4-5-2-1	2-0-2-1-1-4-4-2-4-1-1-2	2-2-4-1-4-2-4-2-3-3-4-5	5-2-1-0-2-1-4-1-3-3-2-1	4-4-8-2-2-1-5-6-2-3-1-1	5-1-2-2-3-2-3-2-1-3-2-3	1-2-3-4-4-1-2-4-2-1-1-2	2-0-1-3-7-0-0-3-1-2-4-0	5-2-2-4-1-1-2-1-5-5-8-1
624	4	4-4-1-5-3-1-4-5-4-4-6-6	4-3-3-4-5-1-7-5-6-1-6-5	5-5-5-1-4-1-3-5-5-3-3-4	5-6-5-6-2-5-3-4-3-1-3-6	1-5-4-4-5-3-5-4-5-4-1-4	1-5-3-5-3-8-3-1-1-3-3-2	8-3-4-4-5-1-3-5-3-1-6-1	3-3-6-2-2-5-3-2-4-5-4-6	6-5-3-2-2-4-5-5-3-4-2-3	5-2-4-8-3-2-3-3-5-5-5-2	6-2-4-6-5-8-1-5-5-4-3-4	3-2-6-6-5-6-3-6-6-3-2-2
624	5	7-5-6-4-5-1-8-4-6-6-6-6	4-3-3-5-4-6-7-7-4-1-6-4	4-6-4-2-6-6-6-6-6-6-6-5	6-4-4-7-6-6-4-2-6-3-5-4	7-4-4-4-4-5-6-6-4-6-1-6	6-6-6-6-4-4-6-6-1-5-3-3	6-6-1-4-4-1-4-6-5-5-7-5	3-5-4-6-7-4-3-7-7-4-7-4	8-4-6-6-7-4-4-4-3-7-5-3	4-7-5-4-6-7-6-3-6-4-6-2	4-5-6-3-4-4-7-4-4-5-6-5	3-6-5-5-4-4-6-4-3-3-5-1
624	6	5-7-5-5-8-6-5-8-5-5-4-4	4-7-6-5-6-5-5-7-4-4-5-5	7-5-4-1-5-5-7-7-7-5-7-5	5-4-4-4-5-5-7-5-7-6-7-4	5-4-4-4-4-7-7-5-7-6-1-5	5-5-5-5-6-4-7-6-6-6-7-6	5-5-7-4-7-7-7-5-6-6-4-5	6-7-4-5-5-4-3-3-2-4-4-4	4-5-5-5-6-4-7-5-1-5-5-4	4-5-5-1-5-5-7-5-5-4-5-2	4-5-8-8-8-2-7-6-4-5-5-5	7-5-4-5-4-4-5-4-4-6-5-1
624	7	5-6-5-4-6-8-8-8-8-7-8-8	7-6-6-5-7-8-5-6-8-7-5-8	8-7-4-8-5-7-6-6-8-7-6-5	5-7-7-5-5-5-6-5-6-7-6-4	5-4-6-4-4-6-6-5-6-7-1-5	8-6-5-5-7-4-6-6-7-6-6-6	5-5-6-5-6-7-6-6-7-5-5-5	7-6-4-6-5-4-3-5-8-4-5-4	7-4-6-7-5-2-6-8-1-5-5-0	8-5-7-6-6-5-6-3-8-4-7-2	4-7-7-1-3-7-7-4-5-7-7-7	6-5-7-5-5-1-3-4-5-6-5-6
624	8	8-6-5-5-8-8-5-8-7-5-7-7	7-6-8-5-8-8-5-8-8-8-7-7	8-7-8-7-8-5-7-7-7-8-8-8	7-8-8-8-8-8-7-8-7-8-8-4	5-4-8-8-8-8-7-8-8-8-6-8	8-8-8-5-8-4-8-8-8-8-8-8	5-8-8-4-7-6-8-8-8-8-7-7	8-8-8-7-8-8-2-2-7-8-5-6	5-8-8-8-2-8-8-5-8-6-6-8	7-8-8-4-8-5-8-8-7-8-6-8	4-1-8-6-6-7-8-4-8-7-8-8	8-5-7-4-3-8-8-4-8-8-3-1
625	0	0-0-0-0-0-0-0-0-0-0-0-0	0-0-0-0-0-0-0-0-0-0-0-0	0-0-0-0-0-0-0-0-0-0-0-0	0-0-0-0-0-0-0-0-0-0-0-0	0-0-0-0-0-0-0-0-0-0-0-0	0-0-0-0-0-0-0-0-0-0-0-0	0-0-0-0-0-0-0-0-0-0-0-0	0-0-0-0-0-0-0-0-0-0-0-0	0-0-0-0-0-0-0-0-0-0-0-0	0-0-0-0-0-0-0-0-0-0-0-0	0-0-0-0-0-0-0-0-0-0-0-0	0-0-0-0-0-0-0-0-0-0-0-0
625	1	1-1-1-2-1-1-1-1-1-1-1-2	0-2-1-0-0-2-0-1-1-1-0-0	1-0-0-1-1-1-2-2-0-0-2-0	0-0-2-0-1-0-2-1-1-2-2-1	2-2-1-0-0-1-2-0-2-2-0-0	4-0-0-0-0-0-2-0-2-1-1-0	2-2-1-0-0-0-4-0-1-1-4-1	1-1-0-0-1-0-2-1-0-1-0-0	1-0-0-0-0-0-4-0-2-1-1-0	4-0-1-2-1-0-2-1-0-0-0-1	4-0-4-2-4-0-0-0-4-0-2-1	0-1-0-0-0-1-0-0-0-0-4-0
625	2	2-1-2-1-2-2-2-1-2-2-3-3	3-1-1-3-0-1-3-3-3-1-3-3	5-3-3-4-3-2-3-1-3-3-1-3	3-0-3-3-3-3-1-3-3-1-1-5	3-1-3-3-0-3-3-3-1-1-3-3	2-3-3-2-2-3-3-3-1-2-0-3	3-1-1-0-3-4-3-3-1-2-7-3	1-4-2-3-2-0-1-2-2-0-0-0	0-0-3-3-4-3-0-4-1-4-2-3	0-4-2-1-3-2-1-1-3-0-0-4	0-2-1-1-0-0-0-7-0-2-3-1	2-3-4-3-0-3-2-0-0-0-2-2
625	3	3-4-2-3-5-3-3-3-3-2-2-2	2-4-4-2-4-3-2-2-2-2-2-2	4-2-2-2-2-5-4-4-2-5-4-2	2-4-2-2-2-2-4-2-4-5-4-2	2-5-5-2-2-4-4-2-4-5-2-2	2-5-4-2-3-2-4-2-3-3-5-2	2-4-3-4-2-3-5-2-3-3-5-5	3-3-4-2-2-4-5-4-3-4-5-4	3-0-4-2-3-2-3-4-3-3-2-2	0-3-3-2-4-3-2-6-2-3-4-2	0-2-6-3-0-4-0-3-0-2-2-3	3-2-2-4-4-4-2-0-3-4-3-5
625	4	4-3-2-4-3-4-4-4-4-5-5-3	4-3-3-2-5-6-5-5-5-4-5-5	7-2-5-2-4-7-3-7-5-6-3-5	5-5-7-5-2-2-5-2-3-6-3-2	1-5-3-4-5-3-5-5-3-4-5-5	1-5-3-4-5-2-3-4-1-3-3-2	3-3-4-3-5-2-3-5-4-3-1-3	1-2-3-3-2-5-3-4-5-3-5-5	5-8-5-3-2-5-5-5-6-4-2-4	5-5-2-3-3-2-3-3-5-5-3-2	5-8-1-3-8-5-5-5-6-2-3-4	4-3-6-3-5-5-2-6-6-3-3-3
625	5	6-5-5-4-3-5-4-7-5-4-5-4	6-3-3-2-4-4-4-4-4-4-4-4	4-7-6-7-7-6-4-6-4-7-5-4	7-4-4-4-6-7-4-7-6-3-5-2	7-4-3-6-6-6-6-6-4-5-8-6	6-4-3-2-4-6-6-7-5-3-3-7	6-7-3-4-6-5-3-6-5-3-7-7	3-7-7-6-7-4-8-8-8-5-4-4	4-0-6-6-8-4-4-4-3-5-7-2	4-7-3-0-6-7-0-3-4-4-4-5	4-5-4-3-8-4-4-4-4-5-5-5	4-6-5-7-4-4-5-4-3-3-3-7
625	6	5-8-4-8-5-6-6-6-6-6-4-4	5-7-7-2-4-4-4-5-4-4-5-4	0-5-5-5-5-5-7-5-4-5-7-5	5-4-4-4-5-5-4-5-7-4-7-2	5-6-3-5-5-5-7-5-7-6-5-5	5-6-7-8-6-5-7-5-6-6-7-5	5-5-7-8-5-6-7-5-6-7-5-7	3-6-4-7-5-4-5-6-5-6-3-4	4-0-5-7-6-6-4-4-7-5-5-2	4-5-6-8-7-5-7-3-5-4-4-5	4-5-7-4-4-4-4-4-4-5-5-3	4-5-4-4-4-4-2-4-4-5-7-5
625	7	8-6-6-7-6-8-8-8-8-7-7-8	5-6-6-2-7-6-5-6-8-4-5-8	4-5-4-5-5-4-6-8-8-5-6-5	5-4-4-5-5-5-8-5-6-6-6-8	5-7-3-6-5-6-8-7-4-4-5-2	5-5-6-8-7-5-6-5-7-7-6-5	8-5-6-0-4-7-6-6-7-6-5-6	7-5-5-6-5-7-3-5-5-6-5-4	4-7-5-6-7-4-1-5-8-7-5-6	4-5-6-8-6-5-6-6-8-4-7-5	5-7-6-3-7-8-4-4-5-5-7-7	4-8-8-5-3-4-2-4-0-0-6-5
625	8	8-6-8-6-8-7-7-8-7-7-7-7	7-6-8-2-8-8-5-8-8-8-7-7	8-8-8-2-8-8-8-7-8-8-7-8	7-8-8-8-8-8-7-8-7-8-8-7	5-8-8-8-8-8-7-8-8-8-5-8	5-8-8-7-8-8-7-8-8-8-8-7	7-8-8-8-5-8-7-8-8-8-8-7	8-6-8-7-8-7-5-5-5-6-7-8	4-7-8-5-5-8-8-4-7-3-5-8	5-4-6-8-8-5-8-3-7-8-7-8	4-8-3-6-5-7-4-4-4-8-8-8	8-7-7-3-3-8-8-4-8-8-5-8
626	0	0-0-0-0-0-0-0-0-0-0-0-0	0-0-0-0-0-0-0-0-0-0-0-0	0-0-0-0-0-0-0-0-0-0-0-0	0-0-0-0-0-0-0-0-0-0-0-0	0-0-0-0-0-0-0-0-0-0-0-0	0-0-0-0-0-0-0-0-0-0-0-0	0-0-0-0-0-0-0-0-0-0-0-0	0-0-0-0-0-0-0-0-0-0-0-0	0-0-0-0-0-0-0-0-0-0-0-0	0-0-0-0-0-0-0-0-0-0-0-0	0-0-0-0-0-0-0-0-0-0-0-0	0-0-0-0-0-0-0-0-0-0-0-0
626	1	1-1-1-1-1-1-1-1-1-1-1-1	0-2-1-0-0-1-0-2-1-1-0-1	3-0-0-1-2-0-2-0-0-2-2-2	0-0-0-0-0-0-0-1-2-1-0-0	0-0-0-0-0-1-2-0-1-0-1-0	0-0-0-0-0-0-2-0-2-1-4-0	0-2-2-0-0-0-0-0-1-1-0-1	1-0-0-0-1-0-0-0-0-1-0-0	1-1-2-0-3-0-4-0-1-1-0-0	0-1-2-0-0-0-0-1-0-0-0-1	0-1-3-0-2-0-2-0-0-1-0-1	2-1-0-0-0-1-1-0-0-1-2-1
626	2	2-2-1-1-1-1-2-1-2-2-2-2	3-1-1-3-0-2-3-1-3-1-3-3	0-3-4-3-3-3-3-4-0-4-1-3	3-0-3-4-3-3-0-4-1-1-4-1	4-0-2-3-3-3-3-3-1-0-2-0	3-0-3-0-0-3-3-2-1-1-0-3	3-3-1-0-3-3-3-3-2-2-0-3	2-4-4-3-4-2-2-4-4-1-0-0	1-0-3-3-4-3-1-3-2-3-4-2	0-3-1-0-3-4-3-4-3-0-0-4	2-2-2-4-1-2-1-0-1-3-3-1	1-3-2-2-1-2-2-3-3-2-1-2
626	3	3-3-3-3-4-2-3-3-3-3-3-3	2-4-4-2-1-2-2-4-2-2-2-2	4-2-2-2-2-2-4-4-4-4-4-4	2-3-4-2-2-2-4-2-4-3-4-5	3-0-4-2-3-2-4-2-3-3-1-0	2-0-4-3-6-2-4-4-3-3-7-4	7-2-4-4-2-2-7-2-3-3-0-2	3-4-2-2-3-4-6-2-3-3-0-0	3-0-2-2-1-2-3-2-4-2-2-4	0-2-3-0-2-2-3-3-2-3-3-3	4-1-8-6-8-2-2-4-4-2-4-1	2-2-2-3-0-3-4-2-2-3-6-3
626	4	4-3-4-5-3-4-4-4-4-4-4-5	4-3-3-5-5-3-4-3-5-4-5-2	6-5-5-5-2-5-3-5-5-3-3-4	5-5-5-2-2-2-3-2-3-1-3-8	2-8-3-5-6-3-3-4-4-0-4-8	3-5-3-4-4-8-3-3-2-3-1-3	4-2-3-3-5-4-3-4-4-3-4-2	4-3-7-3-2-3-3-2-2-4-4-4	6-6-6-2-2-4-6-5-3-4-2-3	6-8-3-5-6-2-3-3-6-6-6-2	6-2-6-3-6-6-6-6-6-2-3-4	6-2-4-4-6-2-3-6-6-6-3-3
626	5	5-5-7-4-6-6-6-6-6-6-6-8	6-6-5-4-6-6-4-6-6-6-6-6	5-4-6-6-6-6-6-6-6-7-6-6	6-4-6-7-5-6-6-5-6-7-5-4	7-6-5-7-5-5-6-6-6-5-7-5	5-6-7-5-6-6-6-6-7-5-3-6	8-6-5-5-6-5-6-6-6-5-5-6	6-5-4-5-5-6-5-6-5-5-8-5	5-4-4-5-7-7-5-8-7-6-5-7	4-4-6-6-6-6-6-5-4-5-4-2	4-8-5-8-6-8-4-4-4-5-6-6	6-5-5-8-4-7-6-7-5-4-5-8
626	6	7-5-6-8-5-5-5-5-5-5-5-6	5-5-5-7-5-5-5-5-5-5-5-5	4-7-5-5-7-5-7-5-5-5-5-5	7-4-5-5-7-7-5-6-5-5-7-4	6-5-7-5-4-7-7-7-5-5-5-7	5-5-7-6-4-5-7-5-5-5-0-6	3-5-5-4-5-5-3-5-5-6-7-5	5-6-4-7-7-5-3-7-6-4-7-4	4-4-4-7-5-5-4-7-5-5-7-5	7-7-5-5-7-5-5-3-4-4-4-6	4-5-4-3-5-5-4-4-4-6-5-5	5-6-6-7-4-5-5-4-4-4-7-5
626	7	6-5-5-6-5-5-5-5-5-5-5-8	5-5-5-6-5-5-5-6-5-5-5-5	4-6-4-5-6-5-6-5-5-5-6-5	6-7-7-5-6-6-5-6-6-5-6-4	6-4-6-5-7-6-6-6-7-7-5-6	6-5-6-8-4-5-6-5-5-5-3-7	3-5-5-7-8-7-3-6-7-3-6-5	5-6-4-6-6-5-3-6-8-4-6-4	7-4-7-7-5-5-7-7-5-5-6-5	6-6-7-7-6-2-6-3-8-4-4-6	6-5-4-3-3-7-4-4-6-6-5-7	5-6-6-7-7-5-5-5-6-4-6-5
626	8	8-5-6-6-8-5-5-8-5-5-5-7	5-5-8-6-8-5-7-8-8-8-7-7	8-8-8-5-8-5-7-5-7-8-5-8	8-8-8-8-8-8-5-8-5-8-8-4	6-4-8-8-8-8-7-8-8-8-5-4	5-8-8-7-8-4-8-8-8-8-8-8	7-8-8-8-7-8-8-8-8-8-5-5	8-8-8-8-8-7-6-6-7-5-5-5	7-5-8-7-5-8-4-5-5-5-6-3	7-4-8-8-8-2-8-7-8-8-5-8	4-5-4-5-3-5-4-4-4-7-8-7	5-7-6-5-4-8-8-4-8-8-6-5
627	0	0-0-0-0-0-0-0-0-0-0-0-0	0-0-0-0-0-0-0-0-0-0-0-0	0-0-0-0-0-0-0-0-0-0-0-0	0-0-0-0-0-0-0-0-0-0-0-0	0-0-0-0-0-0-0-0-0-0-0-0	0-0-0-0-0-0-0-0-0-0-0-0	0-0-0-0-0-0-0-0-0-0-0-0	0-0-0-0-0-0-0-0-0-0-0-0	0-0-0-0-0-0-0-0-0-0-0-0	0-0-0-0-0-0-0-0-0-0-0-0	0-0-0-0-0-0-0-0-0-0-0-0	0-0-0-0-0-0-0-0-0-0-0-0
627	1	1-1-1-1-1-1-1-0-1-1-1-1	1-0-0-1-0-1-2-0-0-1-0-0	2-2-2-1-1-2-2-1-0-0-3-2	2-3-2-1-0-0-0-4-0-0-0-3	0-3-3-0-2-0-2-1-2-0-0-1	0-4-0-1-0-1-0-0-0-0-0-2	0-0-0-3-0-1-0-0-0-1-0-0	1-0-0-0-0-2-0-0-0-1-2-0	1-2-2-0-2-0-2-0-0-1-1-2	1-1-1-0-2-1-0-0-1-2-3-1	0-0-2-0-2-1-2-1-3-1-1-1	1-0-1-3-1-1-1-1-1-1-1-1
627	2	1-2-1-2-2-2-2-4-2-2-2-2	2-0-0-3-0-1-1-4-3-2-3-3	1-1-1-4-3-1-3-4-0-3-2-1	3-1-1-4-4-3-4-6-3-0-2-1	2-1-2-1-1-3-3-3-1-2-2-0	3-0-3-2-2-3-3-2-2-4-0-1	4-2-0-1-3-2-2-3-0-2-0-3	0-4-7-3-2-1-3-8-2-1-1-3	0-1-1-4-4-2-1-4-5-2-4-2	3-4-0-0-3-4-0-4-3-1-1-2	2-4-1-2-1-3-1-2-2-2-2-1	1-4-1-1-1-2-3-1-2-2-2-4
627	3	3-4-3-3-3-3-3-3-3-3-3-4	2-4-4-2-3-4-1-4-2-4-2-2	4-3-4-3-2-2-4-4-4-2-4-4	2-1-4-2-2-2-0-2-4-4-4-1	2-1-1-3-3-2-4-2-3-3-2-1	2-6-4-3-3-2-4-3-3-3-4-3	2-2-3-1-2-3-4-2-3-6-4-2	3-0-2-2-3-4-7-0-2-3-0-2	0-3-4-2-5-4-5-2-4-3-3-3	2-2-0-8-2-2-0-3-2-4-1-3	1-5-1-4-0-2-3-4-1-2-2-3	1-2-1-1-1-2-2-2-6-4-3-6
627	4	6-3-4-5-4-3-4-4-4-4-4-5	2-3-3-4-5-3-5-3-5-3-5-6	3-5-5-5-5-5-5-6-5-2-3-3	5-6-5-2-2-2-2-6-3-3-3-1	2-8-3-5-6-3-3-5-4-2-4-4	2-1-3-4-4-8-3-3-3-2-3-4	2-2-3-1-5-4-3-0-4-2-6-2	6-2-6-3-3-5-3-3-6-4-4-7	6-6-6-2-2-4-6-6-3-4-2-4	6-6-0-0-6-2-0-3-5-6-6-2	6-2-4-3-5-6-6-6-6-5-4-4	5-2-1-4-6-4-2-4-6-3-5-2
627	5	6-5-6-4-6-6-6-6-6-6-6-4	6-8-5-4-6-7-4-6-6-6-6-4	5-4-5-7-6-6-4-7-6-6-6-6	6-4-6-6-2-5-7-7-6-6-6-5	7-4-5-7-5-5-6-5-6-6-7-7	6-7-6-5-4-4-5-7-6-5-0-5	6-6-5-5-6-5-4-6-5-7-5-7	5-5-2-5-5-4-4-7-4-7-4-4	5-4-6-4-3-7-4-4-6-7-5-5	4-4-6-5-4-6-6-6-4-4-4-2	4-6-6-6-8-5-4-4-4-4-6-3	6-8-5-1-4-7-7-4-4-3-5-8
627	6	4-8-5-4-5-5-5-5-5-5-5-8	7-5-5-7-5-5-4-5-5-7-7-4	5-7-5-5-7-5-7-5-7-7-5-5	5-4-5-5-7-7-5-4-7-5-7-4	7-4-1-5-4-6-7-7-5-5-5-7	5-3-7-6-5-4-6-7-5-5-0-7	4-5-5-1-5-6-7-7-5-8-7-6	4-7-4-7-7-5-3-7-4-3-7-4	4-4-5-7-7-5-4-4-5-5-7-5	4-7-5-5-7-7-5-5-4-4-4-7	4-5-5-5-4-4-4-4-4-7-5-3	5-5-6-1-4-5-5-4-7-4-7-3
627	7	5-8-5-6-5-8-5-5-5-5-5-8	6-5-5-6-5-5-8-5-8-6-6-5	5-6-5-5-6-7-6-5-6-6-7-6	7-7-7-5-6-6-8-5-6-6-6-1	6-4-1-5-7-7-8-6-7-7-5-6	8-5-6-6-7-4-6-6-7-7-0-7	8-2-5-1-8-7-7-6-7-5-6-5	7-6-2-6-6-8-3-6-8-5-6-4	7-4-7-6-6-5-7-6-5-5-6-5	7-6-7-3-6-6-5-5-8-7-4-6	6-5-7-5-0-8-4-3-6-6-5-7	1-7-7-7-6-5-5-4-6-6-6-3
627	8	8-7-6-6-8-7-5-8-5-5-5-8	5-5-8-6-8-5-7-6-8-8-7-8	8-8-8-5-8-8-6-6-6-8-6-8	7-8-8-8-8-8-7-8-8-8-8-4	2-4-8-8-8-8-7-8-8-6-5-8	8-8-6-6-8-4-8-8-8-8-8-8	7-8-8-8-7-8-3-8-8-6-7-6	8-8-2-7-8-7-7-6-7-5-5-7	4-7-8-8-6-8-8-5-8-5-6-0	7-4-8-8-8-6-8-7-7-8-4-8	4-5-5-4-5-7-4-4-4-5-8-8	8-5-4-5-5-8-0-4-8-8-6-5
628	0	0-0-0-0-0-0-0-0-0-0-0-0	0-0-0-0-0-0-0-0-0-0-0-0	0-0-0-0-0-0-0-0-0-0-0-0	0-0-0-0-0-0-0-0-0-0-0-0	0-0-0-0-0-0-0-0-0-0-0-0	0-0-0-0-0-0-0-0-0-0-0-0	0-0-0-0-0-0-0-0-0-0-0-0	0-0-0-0-0-0-0-0-0-0-0-0	0-0-0-0-0-0-0-0-0-0-0-0	0-0-0-0-0-0-0-0-0-0-0-0	0-0-0-0-0-0-0-0-0-0-0-0	0-0-0-0-0-0-0-0-0-0-0-0
628	1	1-1-1-1-1-1-1-0-1-1-1-1	1-0-0-1-0-1-1-2-0-1-2-2	2-1-2-0-1-4-2-2-0-0-2-1	2-2-2-1-1-2-0-1-1-0-0-3	0-2-1-0-2-0-2-1-1-1-0-1	0-2-0-2-1-1-0-0-0-0-0-2	0-0-0-3-1-0-0-0-0-1-0-2	1-0-1-0-0-2-0-0-1-1-3-2	1-1-2-0-1-0-0-1-0-1-1-1	0-1-1-0-0-0-0-0-1-2-1-0	0-0-1-1-1-1-1-1-0-1-1-1	1-1-1-1-1-1-1-1-1-1-1-1
628	2	2-3-2-2-3-2-2-2-2-1-2-2	1-0-0-2-0-1-1-3-0-2-1-3	1-1-1-2-5-2-3-1-0-3-1-3	3-1-1-4-5-3-0-2-3-0-2-4	5-1-3-5-1-2-3-3-2-2-5-3	3-4-3-4-1-5-3-2-0-4-0-3	3-3-2-1-3-2-2-3-2-2-3-3	0-5-5-3-5-1-8-4-2-1-1-3	2-1-1-3-4-3-0-3-0-2-5-3	2-3-0-3-3-5-3-4-3-1-0-4	2-2-1-5-3-4-1-2-2-3-3-4	0-3-2-0-2-2-3-1-2-2-2-4
628	3	3-4-2-4-3-3-3-3-3-3-3-2	1-4-4-2-0-4-1-4-4-3-2-2	2-1-1-3-2-5-4-5-4-2-4-2	2-4-4-2-2-2-3-2-4-4-4-1	2-3-2-2-4-2-4-2-4-3-2-2	2-2-5-1-5-2-4-3-3-3-6-3	2-2-4-1-2-3-4-2-4-5-2-2	3-4-2-2-2-4-6-2-2-5-1-2	3-1-1-2-3-2-3-2-3-3-2-2	2-2-3-2-2-2-2-0-2-4-0-2	3-2-3-2-2-2-1-3-8-2-2-3	0-2-1-4-0-2-2-3-2-2-6-0
628	4	2-3-2-4-4-4-4-6-3-4-4-5	4-3-3-5-0-3-5-3-5-5-5-5	4-5-5-2-4-6-5-5-5-2-3-5	5-5-6-6-2-5-5-5-3-3-3-6	3-5-1-4-5-3-5-5-3-4-4-4	5-2-3-2-6-6-3-2-3-3-0-2	8-2-3-6-5-6-5-5-3-1-5-2	3-3-6-3-2-5-3-2-6-6-4-5	6-4-6-2-2-4-5-5-8-4-3-3	6-6-0-7-6-2-3-2-5-6-6-2	6-2-6-8-6-6-5-6-6-3-2-2	6-2-4-6-6-6-2-6-5-5-3-2
628	5	5-5-2-5-5-5-5-5-5-5-4-4	4-6-6-4-7-6-4-6-4-4-4-4	4-4-4-2-2-8-6-3-4-6-6-4	4-4-5-4-2-4-6-4-6-7-6-4	2-4-6-2-4-5-6-4-3-5-4-4	4-2-3-2-3-2-6-2-5-5-3-5	6-6-6-4-4-5-4-4-5-5-4-2	5-2-2-3-2-4-5-6-2-5-4-4	4-1-3-2-5-6-4-4-6-5-2-5	4-2-5-6-4-2-6-5-4-4-4-2	4-2-4-5-4-4-4-4-4-4-6-2	4-2-1-4-4-4-2-4-4-4-5-0
628	6	6-5-6-8-6-5-8-6-6-6-6-6	6-5-5-7-7-5-7-7-4-4-7-7	1-7-8-7-7-8-7-7-7-7-5-6	7-4-7-6-7-7-5-7-7-5-7-4	8-4-7-7-4-7-7-7-6-6-6-7	7-8-7-2-6-7-7-7-5-3-3-7	7-5-5-4-5-4-3-7-5-6-7-7	3-7-4-7-7-4-3-8-4-4-7-4	4-1-8-7-8-7-4-4-5-7-7-8	4-4-5-5-7-6-7-7-4-4-4-7	4-5-4-7-4-4-4-4-4-4-5-6	4-6-7-4-4-4-6-4-7-4-7-7
628	7	6-8-6-6-6-8-8-4-8-6-6-8	8-5-5-6-6-8-6-6-6-7-6-6	4-6-4-6-6-6-6-8-6-6-8-6	6-6-6-6-6-6-8-6-6-5-6-8	6-4-6-4-7-6-8-6-7-8-6-6	8-6-6-8-7-6-6-6-5-7-3-6	6-5-5-4-8-7-8-6-7-5-6-6	7-6-4-6-6-7-3-6-2-4-6-4	7-7-6-7-6-6-5-6-5-6-6-3	8-6-5-3-6-6-6-8-7-7-4-6	6-7-4-8-4-4-4-1-7-6-7-7	4-8-7-7-7-7-6-4-6-4-6-6
628	8	8-7-6-6-8-7-7-8-7-6-6-7	7-8-8-6-8-8-6-6-8-8-6-6	8-8-8-6-8-8-8-7-8-8-7-8	7-8-8-8-8-8-7-8-7-8-8-7	6-4-8-8-8-7-7-8-8-7-6-6	7-6-8-7-8-8-7-6-8-8-8-7	4-8-8-8-7-8-8-8-8-8-5-8	8-7-6-7-8-6-6-6-2-4-4-4	4-8-8-8-6-8-8-4-4-3-6-6	6-4-8-8-8-6-8-7-7-8-4-8	4-2-4-7-7-7-7-4-4-8-8-8	4-7-1-0-7-8-8-4-8-8-6-8
629	0	0-0-0-0-0-0-0-0-0-0-0-0	0-0-0-0-0-0-0-0-0-0-0-0	0-0-0-0-0-0-0-0-0-0-0-0	0-0-0-0-0-0-0-0-0-0-0-0	0-0-0-0-0-0-0-0-0-0-0-0	0-0-0-0-0-0-0-0-0-0-0-0	0-0-0-0-0-0-0-0-0-0-0-0	0-0-0-0-0-0-0-0-0-0-0-0	0-0-0-0-0-0-0-0-0-0-0-0	0-0-0-0-0-0-0-0-0-0-0-0	0-0-0-0-0-0-0-0-0-0-0-0	0-0-0-0-0-0-0-0-0-0-0-0
629	1	1-1-1-1-1-1-1-0-1-1-1-2	2-1-0-2-0-1-2-2-0-1-0-0	3-2-3-0-0-2-2-1-0-0-0-0	2-2-2-0-2-2-0-7-0-0-0-4	1-1-4-0-3-0-2-2-0-1-0-4	2-2-0-0-0-3-2-2-0-0-0-2	2-0-0-2-2-0-0-2-0-1-2-0	1-1-0-2-1-2-0-0-1-1-1-1	1-3-2-2-0-0-1-2-1-1-0-3	1-2-0-0-2-2-0-0-2-2-2-1	2-0-2-0-0-1-2-2-6-1-0-0	1-2-2-2-2-1-2-3-2-1-1-0
629	2	2-2-2-2-2-3-2-2-2-2-2-1	1-3-3-1-2-1-1-3-3-2-0-2	1-1-2-2-0-3-1-3-0-0-3-0	1-1-1-0-1-1-3-1-3-0-2-1	0-1-1-0-1-2-3-1-0-3-0-1	1-1-0-8-0-1-3-1-3-2-0-1	1-2-4-1-1-2-2-1-2-3-1-2	2-2-5-1-2-1-3-7-1-3-1-2	2-1-1-1-2-2-1-1-2-1-0-1	1-1-6-3-1-1-0-2-1-1-1-1	1-2-1-0-0-1-1-1-1-1-0-0	0-1-1-1-1-2-1-8-1-2-0-0
629	3	3-3-3-3-2-2-3-3-3-3-3-3	1-2-2-3-3-1-1-4-2-2-4-4	1-4-4-5-4-4-4-2-0-4-2-4	4-4-4-3-5-4-4-6-4-0-3-1	6-1-1-5-4-4-4-4-3-2-9-4	3-1-4-7-3-6-4-3-2-0-0-5	4-4-2-1-4-3-4-4-3-3-4-4	2-6-4-4-3-1-2-6-3-2-1-1	4-1-1-4-5-4-1-4-4-3-3-1	3-3-0-2-4-3-4-2-4-4-3-3	1-5-2-4-0-3-3-3-3-3-5-0	0-4-3-1-1-3-4-1-3-3-9-3
629	4	4-5-3-4-4-4-4-4-4-3-3-4	1-5-4-3-6-5-3-5-4-4-3-4	6-3-3-3-3-3-5-5-0-3-5-5	3-5-5-3-3-3-5-3-5-5-4-1	4-1-1-5-3-3-5-3-5-4-0-3	3-1-3-1-4-3-5-4-4-4-6-4	3-3-2-1-3-4-8-3-4-4-3-3	4-3-3-3-3-1-5-4-3-4-1-4	4-1-5-3-4-3-4-3-3-4-3-4	3-3-4-6-3-5-5-7-3-3-3-3	5-4-5-7-9-3-3-4-1-3-3-4	5-3-3-1-1-3-3-1-0-5-5-4
629	5	6-4-3-5-4-7-5-5-5-5-7-6	6-4-4-3-3-4-6-4-4-6-6-6	3-6-6-3-7-3-4-6-6-3-4-6	6-4-7-3-3-3-4-3-4-6-4-1	3-6-1-4-3-4-6-6-4-6-0-6	6-6-3-5-4-9-4-5-5-5-4-6	7-6-5-1-6-4-6-6-5-3-7-6	7-4-3-6-4-1-4-6-4-2-6-7	5-5-6-6-3-0-5-6-8-3-3-6	6-6-7-5-9-4-4-6-6-6-6-3	4-6-5-4-4-7-6-4-5-5-5-7	4-3-9-4-5-6-3-6-5-4-4-4
629	6	5-6-6-9-6-6-6-6-6-5-6-5	5-7-6-5-4-6-5-5-7-5-5-5	4-5-5-3-3-8-7-5-7-4-7-5	5-5-6-5-3-3-5-3-7-5-7-1	3-5-1-3-5-6-7-5-6-5-7-5	5-5-7-5-8-3-7-6-6-6-4-5	3-5-8-1-5-6-6-5-6-8-5-5	6-3-7-5-3-1-7-5-3-8-5-5	5-6-7-5-5-0-5-5-6-3-3-5	5-5-2-5-3-4-4-4-5-5-5-3	8-9-9-4-4-9-5-4-1-5-6-6	0-3-3-1-5-5-3-5-5-6-5-6
629	7	8-7-9-8-6-5-9-8-8-9-7-8	7-6-6-8-7-8-8-8-8-5-9-9	8-8-8-3-8-9-8-5-6-8-6-8	8-8-5-8-8-8-9-1-6-5-8-1	8-5-1-8-5-8-8-8-7-5-8-8	5-4-8-3-7-5-8-8-6-4-4-8	9-5-5-1-7-7-4-8-4-7-8-7	6-7-6-8-8-9-6-8-7-6-5-5	5-7-8-8-8-7-5-8-6-8-8-5	6-7-5-8-8-8-8-4-5-7-5-8	7-7-7-4-0-5-7-7-8-7-7-7	0-7-3-8-7-7-7-7-7-7-8-7
629	8	9-9-7-7-6-9-9-7-9-8-7-7	7-6-6-7-7-9-7-7-7-5-9-7	7-7-7-5-7-8-7-5-9-7-8-7	7-8-8-7-7-7-9-3-7-5-7-1	7-5-1-3-8-7-7-7-8-8-7-7	9-9-7-8-8-3-7-7-8-8-0-7	9-5-6-9-6-8-4-7-8-6-7-7	8-8-3-7-7-9-6-7-8-6-7-8	8-8-7-7-7-7-8-7-5-7-7-0	8-7-8-7-7-7-7-4-9-8-7-7	6-8-7-9-4-9-8-7-8-8-8-8	9-9-4-7-8-7-1-7-7-3-7-7
629	9	9-8-7-7-9-8-7-9-8-7-7-9	7-6-9-7-9-9-7-9-7-9-7-7	9-9-9-7-9-9-8-8-8-9-9-9	9-9-9-9-9-9-8-9-6-9-9-1	7-5-9-9-9-9-8-9-9-9-7-9	8-9-9-9-9-9-9-7-9-9-9-9	8-9-9-8-8-9-4-7-9-9-7-7	9-9-3-7-9-8-7-7-8-1-6-8	6-9-9-9-7-9-5-7-9-4-7-5	8-9-9-9-9-7-9-8-5-9-9-9	9-6-6-7-4-8-8-5-9-8-9-9	8-8-5-1-8-9-9-9-9-9-7-9
630	0	0-0-0-0-0-0-0-0-0-0-0-0	0-0-0-0-0-0-0-0-0-0-0-0	0-0-0-0-0-0-0-0-0-0-0-0	0-0-0-0-0-0-0-0-0-0-0-0	0-0-0-0-0-0-0-0-0-0-0-0	0-0-0-0-0-0-0-0-0-0-0-0	0-0-0-0-0-0-0-0-0-0-0-0	0-0-0-0-0-0-0-0-0-0-0-0	0-0-0-0-0-0-0-0-0-0-0-0	0-0-0-0-0-0-0-0-0-0-0-0	0-0-0-0-0-0-0-0-0-0-0-0	0-0-0-0-0-0-0-0-0-0-0-0
630	1	1-1-1-1-1-1-1-1-1-1-1-1	1-1-0-3-0-0-0-2-0-1-0-2	0-3-0-3-2-2-2-0-0-2-2-2	2-0-1-2-3-2-0-2-2-1-1-0	1-0-1-0-2-1-2-2-1-1-7-2	2-0-2-0-0-3-2-3-1-1-2-2	2-3-1-0-2-2-0-2-1-1-0-2	1-1-1-2-7-3-1-7-1-0-0-0	1-0-2-2-3-1-0-2-0-1-1-1	0-2-0-2-2-1-2-1-2-2-0-5	0-1-0-1-2-1-0-1-0-2-1-0	1-1-1-1-2-1-2-2-1-1-1-1
630	2	2-2-2-2-2-2-2-2-2-2-2-2	1-3-3-1-2-3-0-1-1-2-1-1	1-1-0-1-1-1-3-3-3-1-3-1	1-2-2-1-1-1-2-1-1-1-1-0	2-0-4-7-1-1-3-1-2-2-2-1	3-0-1-2-5-1-3-1-2-2-6-2	1-1-2-2-1-1-2-1-2-2-4-1	2-0-1-3-3-3-5-3-2-2-2-0	2-0-1-1-2-2-7-1-3-2-3-2	3-1-2-3-1-1-2-2-1-3-1-1	3-1-7-5-3-1-0-3-3-1-1-2	0-1-1-3-1-1-1-1-1-1-1-1
630	3	2-3-3-2-3-3-3-3-2-3-3-4	3-2-2-1-0-2-3-3-3-3-4-4	6-4-6-1-3-4-2-4-4-1-2-3	3-5-3-1-1-1-3-1-2-1-4-3	2-7-3-3-5-1-2-3-3-3-3-2	2-4-1-3-3-1-2-1-2-2-5-3	3-1-2-3-3-3-2-4-1-1-5-1	2-1-5-2-2-4-1-2-1-3-5-3	5-5-3-2-1-3-0-2-2-3-2-5	2-5-2-2-5-1-0-1-4-2-5-1	5-1-3-2-2-3-5-2-2-2-2-3	3-1-3-2-5-5-1-5-5-1-3-1
630	4	5-4-5-5-5-5-4-5-5-4-5-5	5-5-4-1-5-5-5-5-5-4-5-5	4-3-5-6-5-7-3-5-5-5-7-4	5-4-5-5-1-5-5-6-4-6-3-5	6-3-5-5-3-5-5-4-5-5-6-4	5-5-5-5-3-5-5-5-5-4-2-5	5-4-4-4-4-4-6-5-5-6-7-5	4-4-4-4-4-5-5-5-4-6-3-4	4-3-5-3-5-4-5-5-6-6-4-4	4-4-5-5-4-1-5-4-4-5-3-1	4-7-3-2-5-5-4-4-7-7-5-4	5-4-4-7-7-6-4-7-4-4-4-5
630	5	4-4-4-7-4-4-4-4-4-4-4-4	4-4-4-6-5-4-4-6-4-4-6-4	3-6-4-4-6-4-6-4-4-6-4-6	6-3-4-6-6-6-4-1-6-4-6-4	6-3-6-6-3-4-6-6-4-4-4-6	4-4-6-4-2-4-6-5-4-5-3-4	4-4-4-3-6-4-6-6-4-4-6-5	4-6-3-6-6-4-7-6-7-4-6-4	3-3-4-6-6-4-6-4-4-4-6-3	4-6-4-4-3-4-6-5-5-4-3-1	3-4-3-2-4-4-3-6-0-4-4-4	4-1-5-6-6-4-6-3-3-4-6-4
630	6	5-4-4-5-4-4-4-4-4-4-4-7	4-4-4-5-5-4-5-5-4-4-5-5	3-5-3-4-5-6-5-5-7-5-6-5	5-6-6-5-5-5-6-4-5-4-5-3	4-4-5-5-6-6-5-6-6-6-4-5	7-4-5-6-4-1-5-5-6-6-2-6	7-1-4-6-7-6-5-5-6-4-5-4	6-5-5-5-5-6-2-5-4-4-5-6	6-6-6-5-5-4-5-6-4-4-5-4	6-5-6-5-6-1-5-4-6-6-6-1	5-6-6-2-5-4-3-5-6-5-4-6	4-7-6-6-5-4-5-4-1-4-5-4
630	7	7-5-5-5-7-4-4-7-4-4-4-6	4-4-7-5-7-4-5-5-4-7-5-5	7-7-7-4-7-4-6-4-6-7-4-7	6-7-7-7-7-7-5-7-6-7-7-6	4-3-7-7-6-7-6-7-7-7-5-5	6-7-7-5-7-7-7-7-7-7-7-7	6-7-7-7-6-7-2-7-7-7-4-4	7-7-7-6-7-6-5-1-5-4-4-4	6-4-7-7-1-7-7-5-4-4-5-4	6-3-7-4-7-1-7-4-7-7-4-7	3-4-2-2-4-4-4-4-4-4-7-7	4-6-6-4-6-7-7-4-7-7-5-4
631	0	0-0-0-0-0-0-0-0-0-0-0-0	0-0-0-0-0-0-0-0-0-0-0-0	0-0-0-0-0-0-0-0-0-0-0-0	0-0-0-0-0-0-0-0-0-0-0-0	0-0-0-0-0-0-0-0-0-0-0-0	0-0-0-0-0-0-0-0-0-0-0-0	0-0-0-0-0-0-0-0-0-0-0-0	0-0-0-0-0-0-0-0-0-0-0-0	0-0-0-0-0-0-0-0-0-0-0-0	0-0-0-0-0-0-0-0-0-0-0-0	0-0-0-0-0-0-0-0-0-0-0-0	0-0-0-0-0-0-0-0-0-0-0-0
631	1	1-1-1-1-1-1-1-2-1-1-1-1	1-0-0-1-0-1-1-1-1-2-2-2	1-2-2-1-1-1-1-2-0-2-1-1	2-2-2-1-1-2-0-1-0-0-0-3	0-2-1-1-2-0-2-2-0-1-0-1	1-0-0-1-0-2-0-0-0-0-0-2	4-0-1-1-1-1-0-2-0-0-3-0	5-0-3-0-0-2-1-0-0-2-3-2	2-2-5-1-3-4-2-2-3-1-1-0	2-2-1-0-0-0-0-0-1-3-2-1	2-0-3-1-3-3-2-1-2-1-0-1	2-1-1-2-2-4-0-2-1-0-1-1
631	2	1-1-2-1-2-1-2-1-1-1-2-1	1-0-0-3-0-1-3-2-1-1-1-1	5-3-1-5-3-1-3-1-1-3-3-3	3-1-1-3-3-3-1-6-2-0-2-1	3-1-2-3-1-2-3-3-2-0-3-2	2-0-3-1-2-1-3-5-0-0-0-3	3-3-2-1-3-2-2-1-0-2-2-3	0-2-7-3-2-1-7-7-2-1-0-1	1-1-3-3-2-3-1-3-0-2-2-3	1-3-0-0-3-2-3-0-3-1-1-2	1-3-1-0-1-1-1-1-1-3-3-1	1-3-3-3-1-2-3-1-2-2-3-2
631	3	3-3-1-2-3-3-3-3-1-3-1-3	1-5-4-2-3-1-2-3-1-1-1-4	4-2-2-2-2-2-2-4-4-4-2-4	2-4-3-2-2-2-1-2-5-5-4-1	2-1-2-2-4-2-2-2-5-3-2-2	2-5-5-1-3-1-4-3-3-3-3-2	2-2-5-1-2-3-5-2-4-5-1-2	3-2-1-2-2-1-6-0-2-4-1-4	3-1-2-2-1-2-5-2-1-3-3-2	1-2-3-4-2-4-2-3-2-1-7-3	2-2-1-3-1-4-4-1-1-2-2-4	1-2-2-4-1-6-2-4-1-2-2-1
631	4	5-5-5-5-5-5-5-5-5-5-4-5	5-3-3-5-5-5-5-5-5-5-5-5	3-5-5-6-3-4-4-4-5-6-5-3	5-5-5-4-3-5-5-4-3-4-3-6	4-5-6-4-5-3-5-5-3-4-4-6	4-5-3-4-5-5-3-2-3-3-0-5	5-2-4-4-4-4-3-5-3-6-5-3	3-4-5-3-4-5-2-0-4-6-5-4	5-4-4-2-5-4-3-5-3-4-3-2	5-5-3-7-5-3-0-4-5-5-5-2	5-2-4-4-5-5-5-5-5-5-3-4	7-3-4-7-5-5-2-5-7-5-5-4
631	5	4-4-4-4-4-4-4-4-4-4-4-4	4-3-3-4-4-4-6-6-4-4-4-4	6-6-6-2-6-5-6-4-4-4-4-6	6-4-4-6-6-6-4-2-3-3-6-4	6-4-4-6-4-5-6-6-3-7-7-4	7-4-6-7-4-4-3-6-5-3-0-4	4-6-3-5-7-5-3-4-3-5-6-6	1-6-4-6-6-4-3-6-6-5-6-4	4-4-6-6-6-4-3-4-4-5-6-2	4-6-4-6-4-6-6-3-4-4-4-5	4-6-6-3-4-4-4-4-4-4-5-4	7-6-4-6-4-4-5-4-5-4-6-6
631	6	4-7-4-4-4-7-4-4-4-4-4-4	4-3-3-4-4-7-5-5-4-4-4-4	5-5-5-4-5-6-5-4-5-4-6-5	5-5-6-5-5-5-4-2-5-6-5-4	5-4-4-5-4-6-7-5-6-6-5-4	5-4-5-6-3-4-6-5-6-6-0-6	7-5-3-5-7-6-6-6-6-6-5-5	6-5-2-5-5-4-3-5-7-4-5-4	6-6-6-5-5-2-6-4-3-5-5-0	5-6-6-5-6-6-5-7-7-4-6-2	4-6-6-3-7-7-6-4-5-6-6-6	3-6-3-5-6-3-6-4-2-6-6-5
631	7	7-6-4-5-7-6-5-7-4-4-4-5	4-7-7-4-7-7-5-7-4-7-6-4	7-7-7-4-7-7-6-7-6-7-7-7	5-7-6-7-7-7-4-7-3-7-7-4	2-4-7-7-7-6-6-7-7-7-5-7	5-7-6-5-7-4-7-7-7-7-7-7	6-7-7-7-5-7-7-7-7-7-5-5	7-7-2-7-7-6-2-2-6-5-4-6	6-7-7-7-5-2-7-4-7-4-5-0	6-4-7-4-7-2-7-6-6-7-3-7	4-7-7-1-3-6-4-4-4-4-7-6	5-4-7-4-6-7-7-4-4-7-2-7
632	0	0-0-0-0-0-0-0-0-0-0-0-0	0-0-0-0-0-0-0-0-0-0-0-0	0-0-0-0-0-0-0-0-0-0-0-0	0-0-0-0-0-0-0-0-0-0-0-0	0-0-0-0-0-0-0-0-0-0-0-0	0-0-0-0-0-0-0-0-0-0-0-0	0-0-0-0-0-0-0-0-0-0-0-0	0-0-0-0-0-0-0-0-0-0-0-0	0-0-0-0-0-0-0-0-0-0-0-0	0-0-0-0-0-0-0-0-0-0-0-0	0-0-0-0-0-0-0-0-0-0-0-0	0-0-0-0-0-0-0-0-0-0-0-0
632	1	1-1-1-1-1-1-1-1-1-1-1-1	1-0-0-1-0-1-1-2-0-1-2-0	1-2-2-1-1-2-2-0-0-0-2-1	2-2-2-1-1-2-0-2-0-0-0-4	0-1-4-0-2-0-2-1-0-0-0-1	1-1-0-0-0-1-0-1-0-0-0-0	7-0-0-2-0-0-0-0-0-0-0-0	0-0-0-0-0-2-0-0-0-1-1-0	0-2-2-0-2-0-3-1-0-1-0-2	1-1-1-0-0-0-0-0-1-2-0-0	0-0-1-0-1-1-0-3-0-1-0-1	0-0-1-2-1-1-1-1-1-1-1-1
632	2	2-2-2-2-2-2-2-2-2-1-2-2	3-0-0-3-0-2-1-3-3-2-3-3	4-1-1-4-3-1-1-3-0-4-1-3	3-1-1-3-3-3-0-3-2-0-2-1	2-2-3-0-1-2-3-3-1-0-3-2	2-4-3-2-2-4-3-3-0-0-0-3	3-4-2-1-3-0-2-0-0-2-3-3	0-5-7-3-2-1-3-8-2-2-0-4	0-1-1-3-4-3-1-3-0-2-4-4	3-3-1-0-3-3-3-0-3-1-3-3	0-4-1-4-1-2-2-1-0-2-3-1	0-2-2-1-2-2-3-1-2-2-2-4
632	3	4-4-2-3-4-3-3-4-3-3-3-4	2-4-4-2-4-4-1-4-4-2-2-4	3-2-1-3-2-4-4-2-4-2-4-4	2-3-4-2-2-2-3-2-4-3-4-1	2-1-2-4-2-2-4-2-3-3-2-2	2-1-4-0-6-2-4-3-3-3-3-2	2-8-3-1-2-3-8-2-4-5-2-2	3-4-2-4-4-4-6-4-2-4-3-3	0-1-1-2-3-2-1-4-4-3-3-3	2-4-3-7-2-4-2-4-2-1-2-2	3-2-1-3-1-2-2-1-1-2-2-3	3-2-2-1-3-4-2-3-2-4-6-3
632	4	3-3-4-3-3-3-4-3-3-4-5-5	4-3-3-2-4-3-5-3-3-2-5-3	8-5-5-2-4-3-3-5-3-2-3-3	5-4-5-5-2-2-5-5-3-1-3-1	2-5-1-3-6-3-3-4-4-3-4-8	5-2-3-4-7-2-3-3-3-3-3-2	5-2-3-1-5-3-3-5-3-3-6-3	4-2-6-3-3-3-4-3-2-4-4-7	6-4-5-2-2-3-6-3-3-4-2-3	6-3-4-0-6-3-3-3-5-5-6-2	6-2-5-8-6-6-6-6-6-2-5-4	5-2-4-6-6-6-2-6-6-3-3-2
632	5	6-5-6-5-6-6-7-6-6-8-8-6	6-8-5-2-6-6-6-6-6-6-4-6	5-6-7-7-6-8-4-6-6-6-5-6	6-4-6-6-2-6-6-7-5-6-6-4	7-7-6-6-5-5-6-6-6-7-7-8	5-6-6-5-4-6-6-7-6-5-0-6	6-7-5-5-6-5-6-6-5-7-8-7	5-2-2-3-6-5-5-7-6-7-4-6	5-6-6-6-6-7-6-6-7-6-6-5	4-5-5-5-3-6-6-5-4-6-4-2	4-8-7-5-8-8-4-4-8-5-6-5	6-6-5-8-4-7-5-7-4-6-5-8
632	6	5-5-5-8-5-5-5-5-5-5-5-5	5-5-5-2-5-5-5-5-5-5-8-5	5-5-5-5-7-5-7-5-5-5-6-5	7-4-5-7-7-7-5-1-7-5-7-1	7-5-7-5-4-5-7-7-5-5-5-7	5-5-7-7-3-5-7-6-5-6-3-5	5-5-5-1-5-5-5-5-5-5-7-5	5-7-4-7-7-5-8-7-5-5-7-5	4-5-5-7-7-5-5-5-5-5-7-5	4-7-5-5-7-7-5-5-5-5-4-7	4-5-4-3-4-5-4-4-4-7-5-5	5-5-6-7-4-5-7-4-4-4-7-3
632	7	5-8-5-6-5-5-5-5-5-5-5-5	5-5-5-2-5-5-5-5-5-5-6-5	5-6-5-5-6-7-6-5-5-6-7-6	6-7-5-6-6-6-8-5-6-5-6-1	6-5-6-6-7-7-6-6-7-5-5-6	5-5-6-6-4-5-6-6-7-7-0-7	8-5-5-8-8-7-5-6-7-5-6-5	5-6-2-6-6-8-3-6-8-5-6-4	7-7-7-6-6-5-7-8-5-5-6-5	8-6-7-6-6-6-5-7-5-7-4-6	6-5-7-5-5-5-7-1-1-6-7-7	5-5-7-7-6-5-6-5-6-2-6-5
632	8	8-7-5-6-8-5-5-8-5-5-5-5	5-5-8-5-8-5-6-8-8-8-6-8	8-8-8-5-8-5-6-5-7-8-5-8	8-8-5-8-8-8-7-8-3-8-8-5	2-5-8-8-8-8-7-8-8-8-5-5	5-8-8-6-8-5-8-8-8-8-8-8	7-8-8-8-7-8-3-8-8-8-5-6	8-8-2-7-8-5-6-5-7-5-5-5	7-7-8-8-2-8-8-7-8-5-6-1	7-4-8-5-8-5-8-5-8-8-4-8	4-5-5-4-5-5-4-4-5-5-8-8	5-5-5-5-5-8-8-4-8-8-2-5
633	0	0-0-0-0-0-0-0-0-0-0-0-0	0-0-0-0-0-0-0-0-0-0-0-0	0-0-0-0-0-0-0-0-0-0-0-0	0-0-0-0-0-0-0-0-0-0-0-0	0-0-0-0-0-0-0-0-0-0-0-0	0-0-0-0-0-0-0-0-0-0-0-0	0-0-0-0-0-0-0-0-0-0-0-0	0-0-0-0-0-0-0-0-0-0-0-0	0-0-0-0-0-0-0-0-0-0-0-0	0-0-0-0-0-0-0-0-0-0-0-0	0-0-0-0-0-0-0-0-0-0-0-0	0-0-0-0-0-0-0-0-0-0-0-0
633	1	1-1-1-1-1-0-1-0-1-1-1-1	1-1-0-2-1-1-2-1-2-1-2-2	1-2-2-0-0-3-2-0-3-0-2-0	2-2-0-0-2-2-0-1-0-0-2-4	1-4-5-1-2-0-2-2-0-3-5-2	2-2-0-2-0-2-2-2-0-0-0-2	0-0-0-6-2-1-0-2-0-0-0-0	1-1-2-2-1-0-2-2-2-3-2-3	0-3-2-2-1-1-0-2-2-1-1-0	2-2-0-2-2-0-2-1-2-3-1-0	1-0-1-2-1-1-2-0-0-2-0-1	6-0-1-0-4-1-1-2-1-1-1-0
633	2	2-2-2-2-3-2-2-2-2-2-2-3	1-3-3-1-1-1-1-2-1-1-1-1	1-1-1-0-0-1-3-3-1-0-3-0	1-1-3-0-1-1-2-1-3-5-3-1	1-1-1-0-1-3-3-1-0-1-1-1	1-1-0-1-0-1-1-1-2-2-0-1	1-1-4-1-1-2-5-1-2-0-0-0	2-0-1-1-0-1-1-1-1-2-1-1	2-1-1-1-2-0-3-1-1-0-1-0	1-1-2-1-1-2-1-4-1-5-1-2	3-2-5-1-5-3-1-0-3-1-0-2	3-0-1-0-1-5-0-1-0-0-1-0
633	3	3-2-3-3-2-2-3-2-3-3-3-2	1-2-2-3-3-1-4-4-2-2-4-4	4-4-4-7-4-4-4-4-1-4-2-4	4-0-2-3-4-4-2-3-4-0-3-1	5-1-3-4-1-2-4-4-3-1-0-4	4-5-4-1-5-8-4-3-2-2-0-5	4-4-2-1-4-3-0-4-5-2-4-6	5-6-3-4-4-3-5-9-3-1-6-1	3-1-4-4-9-6-2-4-0-3-4-3	3-4-0-5-4-3-4-2-4-1-0-8	2-3-2-0-6-2-1-3-3-3-4-6	2-4-3-6-3-3-4-2-3-3-3-3
633	4	4-4-3-4-5-4-4-4-4-4-4-5	1-5-5-3-6-5-3-5-5-4-3-5	3-3-3-3-3-3-5-5-6-3-5-5	3-5-5-3-3-3-4-3-5-5-5-1	3-1-3-3-1-4-5-3-5-4-0-3	3-3-6-4-6-3-5-4-4-4-5-4	3-3-2-1-3-4-6-3-0-5-3-3	4-3-3-3-3-5-7-3-3-6-1-4	7-1-3-3-2-3-4-3-6-3-3-4	3-3-0-5-3-6-3-4-3-1-4-3	8-3-2-2-9-3-1-5-3-3-3-6	1-3-3-6-1-6-3-1-3-3-6-7
633	5	7-4-6-7-4-4-4-5-6-5-5-6	6-4-4-8-7-4-5-4-6-6-6-6	8-6-8-3-5-6-6-7-6-3-4-6	6-6-6-6-3-6-6-3-4-6-4-9	3-6-3-3-6-4-6-6-4-5-1-5	6-3-4-5-7-7-4-3-4-4-4-3	5-5-4-9-6-6-7-6-3-4-7-3	5-3-7-4-3-7-6-3-3-5-5-6	5-5-5-3-3-5-5-6-3-5-3-4	6-3-0-6-7-3-0-3-6-6-6-3	7-3-7-6-7-6-7-7-7-3-3-5	5-3-6-4-7-7-4-7-6-6-4-3
633	6	6-6-5-5-6-6-6-5-5-6-5-5	5-7-7-5-7-7-5-7-5-7-5-5	3-5-5-3-3-5-7-5-5-7-7-5	5-5-5-5-3-5-5-3-7-8-7-5	3-5-5-3-5-7-7-5-7-6-5-3	7-7-4-5-5-3-7-6-6-6-0-6	7-8-2-1-5-5-4-5-6-4-3-3	6-3-5-4-3-5-7-3-3-8-7-5	6-5-4-3-6-3-5-7-4-6-3-4	5-3-6-7-4-4-7-2-5-5-5-3	5-3-5-5-5-5-5-5-5-3-7-7	1-3-5-4-5-4-3-5-5-5-4-4
633	7	8-6-5-9-6-6-6-7-9-9-7-5	7-6-6-3-7-6-5-8-8-8-9-8	3-8-5-3-8-8-8-8-8-8-6-8	8-5-7-8-8-8-5-3-8-8-8-5	8-5-8-8-7-6-8-8-6-7-8-8	6-8-8-7-5-5-6-7-6-7-4-8	6-6-6-7-9-8-5-6-0-7-8-6	7-8-5-8-8-5-9-7-7-7-6-5	6-9-8-8-8-7-8-6-4-7-8-4	5-8-7-6-5-8-8-8-8-7-8-3	5-3-5-0-5-5-5-5-5-3-6-6	5-3-7-7-5-5-8-5-5-8-7-4
633	8	9-9-8-7-7-9-9-9-9-7-8-9	9-6-6-5-8-8-7-7-8-7-7-9	5-7-5-9-7-7-7-7-7-7-8-7	7-7-8-7-7-7-9-3-7-6-7-9	7-5-7-7-8-8-7-7-8-8-7-7	9-9-7-8-8-3-7-7-8-8-4-8	9-6-2-1-7-7-7-8-8-8-7-3	8-7-7-7-7-8-6-7-7-6-1-8	8-8-8-7-7-7-7-8-8-7-7-5	8-7-7-7-8-7-7-4-7-8-7-3	4-8-8-9-4-9-5-4-9-7-6-8	8-9-7-7-8-8-7-5-3-7-8-0
633	9	9-8-9-7-9-8-8-9-8-7-8-8	8-6-9-5-9-9-7-9-9-9-7-8	9-9-9-8-9-9-7-8-7-9-8-9	7-9-9-9-9-9-8-9-7-9-9-8	3-5-9-9-9-9-8-9-9-9-7-7	8-8-9-7-9-9-9-9-9-9-9-8	8-9-9-6-7-9-9-9-9-9-6-9	9-9-3-9-9-5-7-3-7-7-8-9	7-7-9-7-3-9-9-7-9-7-7-5	8-9-9-6-9-3-9-9-7-9-5-9	5-3-8-9-4-8-5-5-8-9-9-9	9-8-8-4-5-9-9-5-9-9-7-9
634	0	0-0-0-0-0-0-0-0-0-0-0-0	0-0-0-0-0-0-0-0-0-0-0-0	0-0-0-0-0-0-0-0-0-0-0-0	0-0-0-0-0-0-0-0-0-0-0-0	0-0-0-0-0-0-0-0-0-0-0-0	0-0-0-0-0-0-0-0-0-0-0-0	0-0-0-0-0-0-0-0-0-0-0-0	0-0-0-0-0-0-0-0-0-0-0-0	0-0-0-0-0-0-0-0-0-0-0-0	0-0-0-0-0-0-0-0-0-0-0-0	0-0-0-0-0-0-0-0-0-0-0-0	0-0-0-0-0-0-0-0-0-0-0-0
634	1	1-1-1-2-1-1-1-2-1-1-1-2	2-2-1-0-2-2-0-2-1-1-2-2	1-0-3-2-2-2-2-2-2-1-2-2	2-1-2-2-1-2-2-2-1-1-1-1	2-1-2-2-1-1-2-1-1-1-4-1	1-2-2-2-2-2-1-1-1-1-5-2	1-1-1-1-0-1-1-2-1-2-5-1	1-1-1-1-1-4-1-2-1-1-0-4	1-0-2-0-2-3-1-1-2-1-1-2	2-1-2-2-1-1-3-1-5-1-0-1	1-9-3-3-1-2-1-1-1-1-2-1	3-1-1-1-1-2-1-0-0-1-1-1
634	2	1-1-1-2-1-1-1-1-1-1-1-1	1-1-1-2-3-1-2-1-1-1-1-1	1-3-1-1-1-1-3-1-1-4-1-3	4-0-1-4-4-3-1-1-3-1-2-1	1-0-1-1-3-3-3-3-1-4-1-4	1-1-3-3-1-1-3-4-1-1-0-4	4-4-1-1-3-2-3-3-1-5-3-3	1-6-5-3-3-1-2-5-4-2-0-0	0-0-1-3-5-1-1-3-1-1-2-1	1-6-1-1-3-2-1-1-3-0-0-4	8-2-1-1-1-1-0-0-0-3-1-1	0-4-4-1-1-1-3-0-0-0-2-2
634	3	3-1-1-1-1-1-1-1-1-1-1-1	1-5-3-2-2-1-2-4-1-1-2-2	1-2-1-1-1-1-4-1-1-2-4-2	2-2-4-2-2-2-2-1-4-3-4-0	1-0-2-2-2-4-4-2-4-3-1-2	1-3-2-2-3-2-2-2-3-3-3-3	2-1-3-3-2-3-2-2-1-2-2-2	1-1-0-2-2-1-3-2-2-3-1-0	4-0-2-2-3-1-9-2-3-3-2-1	0-2-1-3-2-2-1-1-2-0-0-2	4-2-1-1-3-1-0-0-0-2-2-1	1-2-2-3-1-1-2-0-0-4-2-1
634	4	3-6-1-1-1-4-4-1-1-1-4-1	1-5-5-2-2-1-2-3-5-1-5-5	1-2-1-2-5-2-5-6-3-2-5-5	2-5-5-2-2-2-5-2-5-3-5-0	4-0-6-5-2-3-5-4-5-2-1-2	5-5-3-2-4-2-5-2-4-4-7-2	2-2-5-7-2-3-5-5-5-1-0-2	4-5-2-3-2-1-3-2-2-5-0-1	3-0-5-2-3-1-4-2-3-4-5-4	5-2-4-5-5-2-5-4-3-1-5-2	3-4-9-3-0-1-0-0-5-2-5-2	0-2-2-4-1-1-2-0-0-6-8-6
634	5	6-4-1-6-1-1-5-1-1-5-5-6	5-4-4-2-2-1-6-4-6-1-6-4	8-6-8-6-5-7-4-6-1-2-4-6	5-7-4-4-2-6-4-2-4-8-4-8	1-8-9-4-7-4-4-5-4-4-1-5	4-6-4-6-5-7-4-2-4-4-4-5	9-2-4-5-6-5-4-4-4-2-1-4	4-4-2-6-2-6-3-2-2-4-5-5	1-0-4-4-2-5-5-2-9-5-2-7	5-5-1-4-4-2-4-4-6-6-5-2	5-1-5-5-5-5-5-5-6-5-4-5	5-4-5-5-5-5-3-5-1-4-1-1
634	6	7-6-7-8-7-7-8-8-7-7-7-5	7-7-7-2-7-8-7-7-7-7-5-7	6-7-5-7-7-8-5-7-7-7-7-6	6-6-7-6-7-5-7-6-7-6-6-5	8-7-7-7-5-6-7-6-6-6-8-6	6-5-7-6-5-7-7-7-8-6-3-6	9-7-6-5-7-6-4-6-6-8-9-6	6-2-2-7-6-5-6-7-2-4-9-6	6-9-7-6-7-7-5-2-8-6-2-6	5-2-6-7-6-7-6-6-5-5-5-2	5-7-7-7-9-9-7-7-5-6-7-7	5-6-9-5-5-8-7-5-6-4-4-8
634	7	8-7-9-7-6-6-6-8-9-9-8-8	6-6-6-8-8-6-8-7-6-6-8-8	7-8-8-8-8-6-8-6-8-6-6-8	8-6-6-8-8-8-6-8-6-6-8-7	8-5-8-8-5-8-8-8-6-6-8-8	7-8-8-7-5-6-8-6-6-7-4-8	6-6-6-5-6-7-4-8-6-6-8-8	6-8-5-8-8-6-9-8-5-6-8-6	9-0-6-8-8-6-5-8-6-6-8-6	9-8-6-6-8-6-8-6-9-6-8-8	5-6-6-6-8-6-6-6-8-8-6-6	5-8-6-5-8-6-6-5-8-7-9-6
634	8	7-6-6-7-6-9-6-7-6-7-7-7	6-7-7-7-7-6-7-7-7-6-7-7	5-7-7-7-7-6-7-6-7-7-7-7	7-8-8-7-7-7-9-7-7-6-7-5	7-5-7-7-5-7-9-7-8-8-7-7	7-7-7-9-8-6-7-7-6-8-3-7	9-6-6-5-9-8-4-7-8-6-7-7	8-7-5-7-7-6-6-7-2-5-7-8	6-8-6-7-7-7-5-7-6-7-7-6	7-2-6-8-7-6-7-6-9-6-7-7	6-8-1-8-7-6-9-8-7-8-6-8	5-9-1-8-8-6-1-5-7-4-7-6
634	9	9-7-7-7-6-8-6-9-7-7-7-8	6-9-7-7-9-6-7-7-7-9-7-8	9-9-7-6-9-7-9-6-7-9-8-9	7-9-9-9-9-7-8-7-8-9-9-8	7-5-9-9-9-9-8-9-9-9-7-7	6-7-7-8-9-7-9-9-9-9-9-8	5-9-9-9-7-9-9-7-9-9-6-6	9-7-7-7-9-4-7-7-2-5-5-6	7-8-9-9-7-9-9-7-5-6-7-7	7-9-4-9-7-7-9-6-9-6-6-9	7-6-4-9-6-6-8-6-6-6-9-9	9-8-6-6-8-9-9-5-9-9-7-1
635	0	0-0-0-0-0-0-0-0-0-0-0-0	0-0-0-0-0-0-0-0-0-0-0-0	0-0-0-0-0-0-0-0-0-0-0-0	0-0-0-0-0-0-0-0-0-0-0-0	0-0-0-0-0-0-0-0-0-0-0-0	0-0-0-0-0-0-0-0-0-0-0-0	0-0-0-0-0-0-0-0-0-0-0-0	0-0-0-0-0-0-0-0-0-0-0-0	0-0-0-0-0-0-0-0-0-0-0-0	0-0-0-0-0-0-0-0-0-0-0-0	0-0-0-0-0-0-0-0-0-0-0-0	0-0-0-0-0-0-0-0-0-0-0-0
635	1	1-1-1-1-1-1-1-2-1-1-2-2	1-2-1-2-2-2-2-2-2-2-2-2	1-2-3-2-2-2-2-2-2-2-3-2	2-1-2-2-2-0-2-2-2-2-2-1	2-1-1-3-4-1-2-1-2-1-3-1	2-2-2-2-2-2-2-2-1-1-4-2	2-1-1-1-2-1-2-2-2-3-4-4	1-1-5-1-1-2-2-2-1-3-2-1	1-0-1-1-2-5-4-0-2-1-1-3	4-1-2-2-1-1-2-1-1-4-0-1	1-4-4-2-1-1-4-1-4-1-2-2	2-1-1-1-1-1-4-2-4-1-1-3
635	2	1-1-1-1-1-1-1-1-1-1-1-1	1-1-1-3-1-1-1-1-1-1-3-1	1-3-0-1-1-1-1-1-1-1-1-1	3-0-1-3-3-3-1-4-1-1-3-1	3-1-3-1-1-3-3-3-1-1-1-3	1-1-3-1-1-3-3-1-1-1-0-3	1-3-1-0-3-2-1-3-1-1-7-1	1-2-2-3-3-1-1-4-2-1-1-0	3-0-3-3-4-2-1-3-1-2-3-2	0-3-1-1-3-4-3-1-3-0-0-4	7-2-1-1-1-2-0-0-0-2-1-1	1-3-2-1-1-1-3-1-5-0-2-1
635	3	3-3-1-3-3-1-1-1-1-1-1-1	1-4-4-2-1-1-1-4-1-1-2-4	1-2-1-1-1-1-4-2-1-5-4-4	2-5-4-2-2-2-4-2-4-6-4-1	2-0-2-1-0-3-4-2-4-1-1-2	2-2-4-3-3-2-4-2-3-3-6-2	7-2-1-5-2-3-4-2-1-1-0-1	3-4-4-4-2-1-7-1-4-4-0-0	2-0-2-2-3-2-3-4-4-3-2-4	0-2-3-1-4-1-2-4-2-1-4-2	0-2-1-3-1-1-0-0-0-2-1-1	1-2-2-4-4-1-2-0-5-5-3-1
635	4	4-3-1-4-3-1-4-4-1-1-4-6	4-3-3-4-1-1-4-3-6-1-2-3	7-4-5-1-5-3-3-1-6-3-3-3	5-4-3-3-2-2-3-2-3-5-5-0	1-8-2-4-7-4-3-7-3-1-1-4	1-2-3-4-5-2-3-2-1-3-1-2	8-3-1-8-3-1-3-5-1-1-6-1	1-3-6-3-2-1-3-2-3-3-6-7	6-0-1-2-2-4-6-3-3-4-3-3	5-8-4-5-3-2-3-3-5-7-6-2	6-1-1-3-6-6-7-6-6-6-3-4	4-2-6-3-6-6-1-7-6-7-2-1
635	5	6-5-6-5-6-6-6-7-6-6-7-5	6-3-3-7-6-6-6-5-6-6-7-6	5-6-6-6-7-6-6-5-6-6-6-5	6-4-6-7-7-7-6-7-5-4-6-5	7-6-7-7-6-5-6-6-4-5-7-6	5-7-6-7-4-7-6-7-1-5-3-7	7-6-6-3-6-7-5-6-5-8-7-6	1-7-8-6-7-4-8-7-7-4-7-4	8-0-6-6-8-7-4-6-1-5-6-7	8-2-5-4-6-8-6-6-6-4-4-6	4-6-6-7-8-4-4-4-1-7-6-7	3-6-5-3-4-4-6-4-2-3-7-6
635	6	5-8-5-5-5-5-5-8-5-5-5-5	5-7-7-5-5-5-5-5-5-5-5-5	0-5-5-5-5-5-7-5-5-5-7-5	5-4-5-5-5-5-5-5-7-7-5-5	5-5-3-5-5-7-7-5-7-6-5-5	5-5-5-5-6-5-5-5-3-6-3-5	5-5-7-3-5-5-7-7-6-6-4-5	1-5-4-7-5-4-3-5-5-6-4-4	4-0-7-5-6-6-4-5-7-5-5-5	4-4-6-8-7-5-5-5-5-4-4-5	4-5-7-6-4-4-4-4-4-4-5-6	1-5-4-7-4-4-5-4-4-4-7-5
635	7	5-6-5-5-5-8-5-5-5-5-5-8	5-6-6-5-7-6-5-5-5-5-5-5	4-5-5-5-5-5-6-7-5-5-6-7	5-4-7-5-5-5-8-5-6-6-6-8	5-4-5-5-7-6-6-7-6-8-5-5	5-5-5-5-7-5-6-5-7-7-3-5	8-5-6-5-6-5-6-6-7-6-5-5	7-5-5-6-5-1-3-5-5-6-5-4	3-7-6-5-5-5-4-5-8-7-5-5	0-2-7-8-6-5-5-8-8-4-7-5	6-7-6-5-7-8-4-7-7-5-7-7	6-8-8-7-7-7-6-4-3-4-6-5
635	8	8-6-5-5-8-7-5-8-5-5-5-7	5-6-8-5-8-8-7-5-5-8-5-5	8-8-8-5-8-8-8-7-5-8-5-8	7-8-8-8-8-5-7-8-7-8-8-7	5-4-8-8-8-8-7-8-8-8-5-5	5-8-8-7-8-5-7-8-8-8-8-7	7-8-8-8-5-8-8-7-8-8-4-8	8-6-5-7-5-5-7-5-5-6-5-6	5-7-8-5-5-8-4-5-7-5-5-5	5-4-6-8-8-5-8-5-7-8-7-8	4-8-6-7-5-7-4-4-4-4-8-8	8-7-7-1-6-8-8-4-4-8-5-1
636	0	0-0-0-0-0-0-0-0-0-0-0-0	0-0-0-0-0-0-0-0-0-0-0-0	0-0-0-0-0-0-0-0-0-0-0-0	0-0-0-0-0-0-0-0-0-0-0-0	0-0-0-0-0-0-0-0-0-0-0-0	0-0-0-0-0-0-0-0-0-0-0-0	0-0-0-0-0-0-0-0-0-0-0-0	0-0-0-0-0-0-0-0-0-0-0-0	0-0-0-0-0-0-0-0-0-0-0-0	0-0-0-0-0-0-0-0-0-0-0-0	0-0-0-0-0-0-0-0-0-0-0-0	0-0-0-0-0-0-0-0-0-0-0-0
636	1	1-1-1-1-1-1-1-1-1-1-1-1	1-2-2-1-4-2-0-2-1-1-2-2	2-2-2-2-2-2-2-2-2-2-2-2	2-1-2-2-2-2-2-2-2-2-2-2	2-1-1-2-1-1-2-2-2-2-2-1	2-2-2-0-2-1-1-1-2-1-1-1	1-3-1-1-2-0-1-2-1-1-1-1	1-2-1-1-1-2-2-7-1-0-1-1	1-1-2-2-0-3-1-1-2-1-1-4	1-1-1-2-2-1-2-1-0-0-1-1	1-2-2-1-3-1-1-1-1-1-2-1	6-8-1-1-1-1-2-3-1-1-4-2
636	2	1-1-2-2-2-1-1-1-1-1-1-1	1-1-1-1-1-1-3-1-1-2-1-1	1-3-1-1-1-1-1-1-1-1-1-1	3-0-1-1-5-3-1-7-1-1-1-1	1-1-3-1-3-3-3-3-1-1-1-3	1-3-1-2-2-3-3-1-1-1-0-3	1-1-1-1-3-2-1-3-1-1-3-3	1-4-1-3-3-1-8-4-2-0-1-3	2-0-1-3-4-1-1-3-1-2-3-1	3-1-0-1-3-4-1-1-3-0-1-4	1-1-1-0-0-2-1-0-0-3-1-1	0-3-2-1-2-1-3-1-2-2-2-1
636	3	3-4-1-3-4-3-3-3-1-1-3-1	1-4-3-1-1-1-2-2-4-5-1-1	4-2-1-1-1-5-4-2-1-2-4-4	2-4-3-1-2-2-5-2-4-5-4-2	1-0-2-1-2-4-4-2-4-1-1-2	2-2-4-2-3-2-4-1-3-3-6-2	5-1-3-4-2-0-4-2-3-3-2-2	3-2-3-2-2-4-5-1-3-4-1-2	3-0-4-2-0-1-3-2-1-3-2-3	2-1-3-4-2-4-1-3-2-3-8-3	7-2-8-5-1-4-0-3-0-2-1-1	5-2-2-3-4-1-2-1-0-2-3-1
636	4	4-3-2-5-3-5-1-5-4-4-4-6	5-3-3-2-1-6-5-4-5-3-5-5	3-5-5-2-4-7-5-6-1-5-3-3	5-6-5-5-2-2-5-4-3-5-3-4	1-5-2-5-5-3-5-1-3-1-1-1	1-1-3-4-4-8-3-2-3-3-1-2	1-1-1-6-5-6-3-4-4-2-2-1	1-2-6-1-1-3-3-2-2-3-4-5	4-5-3-2-2-6-5-5-4-4-2-1	5-1-4-3-3-3-3-1-5-5-1-2	5-1-4-6-1-6-4-5-5-2-1-1	4-2-4-4-3-1-1-7-8-7-1-1
636	5	5-5-5-4-5-4-5-4-5-5-4-5	4-3-3-5-1-6-8-7-6-3-4-4	5-6-6-2-6-8-6-7-6-6-5-5	6-4-4-7-7-7-4-2-6-3-5-7	6-4-5-4-4-5-6-6-5-7-1-6	6-6-6-5-3-2-6-6-3-3-1-7	3-6-3-7-6-5-5-6-5-5-5-5	5-5-4-6-6-4-3-7-5-5-7-4	8-4-7-6-5-4-4-6-4-6-5-6	4-5-5-6-3-6-6-5-6-4-7-6	4-5-6-3-8-4-4-4-6-7-6-7	3-7-5-5-7-7-5-4-4-5-5-5
636	6	5-8-5-8-5-6-5-6-5-5-4-4	7-7-7-5-7-5-5-5-5-5-5-5	1-5-5-1-5-5-7-5-5-5-7-5	5-4-5-5-5-5-7-2-7-7-7-4	5-4-5-7-4-7-7-5-7-6-5-5	5-5-5-5-6-4-7-7-6-6-7-5	5-5-7-5-5-5-7-7-6-7-5-5	6-7-4-7-5-4-3-6-5-6-5-4	6-4-5-5-6-4-4-5-7-6-5-5	4-5-6-5-7-5-5-1-5-4-5-5	4-5-7-8-7-4-8-4-5-5-5-5	7-5-4-5-4-0-5-4-4-6-6-5
636	7	5-6-5-8-5-8-8-8-7-7-7-8	8-6-6-5-7-6-5-5-8-3-5-8	8-5-5-8-5-5-6-5-6-5-6-5	5-7-7-5-5-5-8-2-6-6-6-8	5-4-5-6-4-6-8-7-6-7-1-2	5-5-6-5-7-2-6-6-7-7-6-5	8-8-6-5-7-7-6-6-7-6-5-5	7-6-4-6-5-4-3-1-2-5-5-4	7-7-5-6-5-4-4-4-8-7-5-1	4-5-5-8-6-3-6-1-6-6-7-2	3-7-6-3-7-7-7-4-5-5-5-5	6-5-7-5-5-5-5-4-5-4-5-6
636	8	8-6-5-6-8-7-7-8-7-5-8-7	7-6-8-5-8-8-5-8-8-8-5-7	8-8-8-8-8-5-8-7-8-8-7-8	7-8-8-8-8-8-7-8-7-8-8-7	5-4-8-8-8-6-7-8-8-8-1-8	7-8-8-6-8-4-7-8-8-8-8-7	7-8-8-8-5-5-8-8-8-8-7-5	8-6-8-7-8-4-2-2-5-8-7-4	5-8-8-8-5-8-8-5-7-3-6-8	7-0-6-8-8-1-8-8-7-8-3-8	4-1-3-6-5-7-4-4-8-8-8-8	8-5-7-8-2-8-8-8-4-8-5-1
637	0	0-0-0-0-0-0-0-0-0-0-0-0	0-0-0-0-0-0-0-0-0-0-0-0	0-0-0-0-0-0-0-0-0-0-0-0	0-0-0-0-0-0-0-0-0-0-0-0	0-0-0-0-0-0-0-0-0-0-0-0	0-0-0-0-0-0-0-0-0-0-0-0	0-0-0-0-0-0-0-0-0-0-0-0	0-0-0-0-0-0-0-0-0-0-0-0	0-0-0-0-0-0-0-0-0-0-0-0	0-0-0-0-0-0-0-0-0-0-0-0	0-0-0-0-0-0-0-0-0-0-0-0	0-0-0-0-0-0-0-0-0-0-0-0
637	1	1-1-1-1-1-1-1-1-1-1-1-1	0-2-1-0-0-1-0-2-2-1-0-0	1-0-0-0-0-0-2-1-0-0-2-1	0-0-2-0-0-0-0-0-2-2-2-1	0-0-1-0-0-2-2-0-1-0-1-0	4-0-0-0-0-0-2-0-4-1-4-0	0-1-1-0-0-1-0-2-1-1-0-1	1-1-0-2-1-0-2-2-0-1-0-0	1-0-0-0-0-0-0-2-2-0-1-0	0-0-1-0-1-0-0-1-0-0-0-0	0-1-0-0-1-0-0-0-0-0-0-3	2-1-0-4-0-1-1-0-0-1-4-1
637	2	2-2-2-2-1-2-2-2-2-2-2-2	2-1-1-3-2-2-0-1-3-2-3-3	0-3-4-3-3-4-3-3-0-3-1-3	3-0-3-3-4-3-3-2-3-3-1-0	2-0-2-3-0-1-3-3-3-2-8-3	3-4-3-0-2-4-3-4-1-2-0-4	3-3-1-0-3-0-2-1-2-1-0-3	2-2-3-3-3-3-2-8-8-1-3-0	2-0-3-3-4-3-0-3-1-2-2-2	0-2-1-3-3-2-0-4-3-0-0-2	3-2-0-1-3-3-0-2-0-2-3-7	1-3-2-3-4-2-4-0-2-2-2-4
637	3	4-3-3-3-3-3-3-3-3-3-3-4	2-4-4-2-2-3-2-4-2-3-2-2	3-2-3-2-2-2-4-4-4-2-4-2	2-3-2-2-2-2-2-2-2-4-3-0	3-0-3-2-0-3-4-2-2-3-1-2	2-2-2-3-3-2-4-2-3-3-7-3	2-2-4-0-2-3-2-1-3-3-5-2	3-4-2-2-2-4-6-2-3-5-3-0	3-0-2-2-6-2-0-2-4-3-2-3	4-2-3-6-2-2-3-3-2-4-0-2	7-2-0-4-7-2-0-5-0-2-2-1	3-2-2-2-5-4-2-0-2-4-3-2
637	4	3-3-5-4-3-3-4-4-4-4-4-5	4-3-3-2-5-3-4-3-5-4-5-6	7-5-7-5-4-2-3-3-3-2-3-3	2-6-5-2-2-5-4-2-3-5-3-5	2-5-4-4-6-3-3-5-4-4-4-5	1-2-3-4-6-2-3-2-1-3-1-3	4-2-3-0-5-0-2-5-2-3-6-2	3-3-3-3-2-3-3-4-2-3-6-7	6-4-3-2-2-4-6-3-3-4-2-2	5-8-3-0-5-2-3-2-5-3-4-2	6-2-6-3-3-2-7-6-6-4-4-2	3-2-4-1-6-3-2-4-6-3-3-2
637	5	6-5-7-6-7-6-6-7-6-6-6-6	6-6-5-2-7-7-4-6-6-6-4-6	5-4-7-6-6-6-6-6-6-6-5-6	6-5-6-7-2-6-6-7-6-7-5-6	6-4-6-6-6-5-6-5-6-6-7-8	6-6-6-6-7-6-5-7-6-5-3-6	4-6-5-5-5-5-3-6-6-5-3-7	5-5-6-5-5-7-6-7-6-7-8-5	5-4-6-6-5-6-7-6-7-7-5-6	5-5-5-6-4-6-6-5-7-6-6-2	5-8-8-5-8-8-4-5-8-8-6-7	6-8-5-6-6-6-5-4-5-5-5-8
637	6	5-5-5-8-5-5-5-5-5-5-5-5	5-5-5-6-5-5-5-5-5-5-7-5	4-7-5-5-7-5-7-5-5-5-7-5	7-4-5-5-7-7-5-5-5-5-7-5	7-5-5-7-5-7-7-7-5-5-5-7	5-5-7-5-4-5-7-5-5-6-4-5	7-5-5-5-5-5-6-5-5-6-7-6	5-7-7-7-7-5-5-7-6-5-7-4	4-0-5-7-7-5-5-7-5-5-7-5	6-7-5-5-7-7-5-6-5-5-5-7	4-5-4-5-5-5-4-4-5-7-5-5	5-7-5-5-5-5-7-4-4-5-3-5
637	7	5-5-5-5-5-8-5-5-5-5-5-8	5-5-5-6-5-5-6-6-5-5-6-8	4-6-5-5-6-5-6-5-5-6-6-6	6-7-7-5-6-6-8-5-5-5-6-8	6-4-7-6-7-6-6-6-7-7-5-6	6-5-6-5-5-2-6-5-7-7-3-7	8-5-5-7-7-7-7-6-7-7-6-5	7-7-6-6-6-5-8-5-7-5-6-4	5-7-5-6-6-5-5-6-5-5-6-5	6-6-7-5-6-6-5-6-8-5-7-6	6-7-8-8-3-5-4-7-7-6-5-5	5-6-8-7-7-5-6-4-4-4-3-5
637	8	8-7-6-6-8-7-5-8-5-5-5-7	5-5-8-6-8-5-7-8-5-8-6-7	8-8-8-5-8-5-6-5-5-8-5-8	7-8-5-8-8-8-7-8-8-8-8-7	5-5-8-8-8-8-7-8-8-8-6-5	5-8-8-6-8-5-8-8-8-8-8-7	7-8-8-8-5-8-8-8-8-8-5-6	8-8-8-7-8-5-8-6-2-5-5-5	7-7-8-8-6-8-8-5-5-5-6-8	6-4-8-5-8-2-8-5-7-8-5-8	4-5-7-8-5-5-4-4-5-5-8-8	5-7-7-5-5-8-8-5-8-8-3-5
638	0	0-0-0-0-0-0-0-0-0-0-0-0	0-0-0-0-0-0-0-0-0-0-0-0	0-0-0-0-0-0-0-0-0-0-0-0	0-0-0-0-0-0-0-0-0-0-0-0	0-0-0-0-0-0-0-0-0-0-0-0	0-0-0-0-0-0-0-0-0-0-0-0	0-0-0-0-0-0-0-0-0-0-0-0	0-0-0-0-0-0-0-0-0-0-0-0	0-0-0-0-0-0-0-0-0-0-0-0	0-0-0-0-0-0-0-0-0-0-0-0	0-0-0-0-0-0-0-0-0-0-0-0	0-0-0-0-0-0-0-0-0-0-0-0
638	1	1-1-1-1-1-1-1-1-1-1-1-1	0-2-2-0-3-1-0-1-0-1-0-2	1-0-0-0-0-1-2-2-0-0-2-1	0-0-0-0-1-0-2-0-1-4-2-0	1-0-1-0-0-2-2-0-1-0-2-1	2-2-1-0-0-0-2-0-2-1-1-2	1-2-2-0-0-0-0-2-1-1-0-1	1-0-1-0-1-0-2-2-0-1-0-0	1-0-2-0-1-1-0-0-0-6-0-2	0-0-4-2-0-0-2-1-0-0-0-1	3-0-7-0-1-0-0-0-0-0-2-1	4-1-0-0-0-1-0-0-0-0-4-1
638	2	3-1-2-2-2-1-2-2-2-2-2-1	3-1-1-4-0-2-3-3-3-1-3-3	2-3-3-4-3-3-3-1-0-3-1-3	3-3-3-3-3-3-1-3-2-1-3-2	3-0-3-3-0-3-3-3-2-1-1-3	1-3-3-2-2-3-3-4-1-1-0-4	3-1-1-0-3-2-2-3-2-2-3-3	1-2-2-3-2-0-7-7-2-1-0-0	0-0-1-3-4-3-0-3-3-2-4-1	3-3-0-1-3-2-3-1-3-0-7-4	6-2-0-4-0-2-3-0-0-3-3-1	1-3-2-0-0-0-3-0-6-2-2-2
638	3	3-3-2-3-3-3-3-3-3-3-3-4	2-4-4-2-1-2-2-2-4-4-2-3	4-2-2-2-2-5-4-3-4-2-4-2	2-2-2-2-2-2-5-2-4-5-4-0	2-0-2-2-4-2-4-2-3-3-2-2	2-2-4-3-3-2-4-3-3-3-5-5	2-1-4-5-2-3-4-2-3-1-2-2	3-4-6-2-4-4-5-4-2-4-5-4	3-3-4-2-3-5-6-2-5-3-2-3	2-2-3-3-2-4-2-3-2-4-2-2	1-2-0-3-7-2-2-6-0-2-4-1	6-2-2-3-0-0-2-0-5-2-5-3
638	4	4-5-2-4-3-3-4-4-4-4-4-7	4-3-3-2-5-5-7-5-5-3-5-5	6-5-5-2-4-3-3-5-5-2-3-4	5-4-4-2-2-2-5-2-3-1-3-5	2-7-3-4-5-3-5-4-3-4-4-0	1-4-3-4-5-2-3-2-3-3-1-2	3-2-3-4-4-4-3-5-2-2-5-1	3-2-5-3-3-5-6-3-2-5-4-5	5-5-5-2-2-4-5-2-6-4-2-3	5-7-1-3-3-3-3-3-4-3-5-2	5-2-4-3-3-5-5-5-5-5-3-4	1-2-2-5-5-5-3-6-7-5-1-2
638	5	6-5-6-7-5-4-7-6-5-5-5-5	4-3-3-6-4-4-4-6-4-3-6-6	5-6-4-7-5-7-6-6-4-6-7-6	6-4-4-6-6-6-3-6-6-3-6-6	6-4-7-6-4-5-6-5-3-5-5-5	1-4-6-5-4-5-6-5-3-5-3-3	5-1-5-6-7-5-5-4-5-5-6-5	3-5-4-5-6-4-3-6-5-4-6-4	4-4-4-5-6-3-4-6-3-3-5-3	4-6-5-3-6-3-3-3-4-5-4-2	4-5-6-3-6-6-4-4-4-6-5-5	3-5-5-6-4-4-5-4-6-4-6-5
638	6	5-7-5-5-6-7-5-5-7-5-7-7	6-3-3-5-4-7-5-5-7-3-5-5	4-5-5-5-5-6-5-5-5-5-6-5	5-6-6-5-5-5-7-5-5-6-5-5	5-4-3-5-6-5-7-5-6-6-5-5	7-6-5-7-4-7-5-5-6-6-3-6	7-1-3-6-7-6-3-7-6-5-5-5	6-5-3-5-5-7-4-5-5-4-5-4	6-4-6-7-5-3-3-5-4-3-5-4	6-5-6-3-5-7-3-3-7-6-5-2	5-5-5-3-3-7-4-5-5-7-6-6	7-7-5-5-5-6-6-4-5-4-5-5
638	7	7-5-5-5-7-7-5-7-6-5-6-6	6-7-7-5-7-7-4-7-6-7-6-5	7-7-7-5-7-7-6-6-6-7-7-7	5-7-7-5-7-7-6-7-6-7-7-4	5-4-7-7-7-7-6-7-7-7-5-7	6-7-6-5-7-4-7-7-7-7-7-7	6-7-7-7-6-7-7-7-7-7-4-5	7-7-7-6-7-6-2-5-5-5-6-5	6-4-7-6-5-7-7-6-7-7-7-1	5-4-7-7-7-6-6-3-6-7-5-7	4-2-1-3-3-6-4-4-4-6-7-7	7-6-5-4-4-7-7-4-7-7-2-7
639	0	0-0-0-0-0-0-0-0-0-0-0-0	0-0-0-0-0-0-0-0-0-0-0-0	0-0-0-0-0-0-0-0-0-0-0-0	0-0-0-0-0-0-0-0-0-0-0-0	0-0-0-0-0-0-0-0-0-0-0-0	0-0-0-0-0-0-0-0-0-0-0-0	0-0-0-0-0-0-0-0-0-0-0-0	0-0-0-0-0-0-0-0-0-0-0-0	0-0-0-0-0-0-0-0-0-0-0-0	0-0-0-0-0-0-0-0-0-0-0-0	0-0-0-0-0-0-0-0-0-0-0-0	0-0-0-0-0-0-0-0-0-0-0-0
639	1	1-1-1-1-1-0-1-1-1-0-1-1	2-0-0-1-0-0-0-0-0-0-2-0	1-2-0-2-2-0-2-0-0-2-0-2	2-0-0-2-2-2-0-2-1-0-1-0	1-0-6-0-2-1-2-2-1-0-2-1	1-3-1-0-1-3-2-3-0-1-0-2	2-2-1-0-2-1-2-2-3-1-0-2	1-1-2-2-1-0-1-6-1-0-0-0	1-0-2-2-3-1-0-0-0-1-2-1	2-2-0-2-2-1-2-1-2-0-0-3	0-1-0-0-0-1-1-1-0-2-2-0	0-2-1-0-0-1-2-0-1-1-1-1
639	2	2-2-2-2-2-2-2-2-2-2-2-3	1-3-2-1-2-3-1-3-0-2-1-3	3-1-1-1-1-6-3-2-0-4-3-3	1-3-2-1-1-1-2-1-3-2-3-0	1-0-4-2-1-3-3-1-2-2-1-1	3-5-3-0-2-1-3-1-2-2-3-1	1-1-2-0-1-2-3-1-2-2-4-3	2-0-1-1-1-3-2-3-1-3-0-2	2-0-3-1-0-1-3-3-5-2-1-2	1-3-2-1-1-3-1-3-1-3-1-1	3-2-6-2-6-1-1-0-0-1-1-2	0-1-1-3-3-4-1-0-1-0-2-2
639	3	3-2-2-3-2-2-3-3-3-3-2-2	3-2-2-6-5-2-4-2-0-3-4-2	2-4-4-3-3-0-2-2-4-2-2-2	3-4-4-3-1-4-6-1-2-4-2-6	1-4-0-3-4-2-2-3-3-3-6-6	2-4-2-3-3-6-2-1-2-2-2-1	4-1-2-2-4-3-2-4-2-1-3-2	2-1-4-1-2-4-5-2-3-3-3-5	3-4-2-1-1-3-6-4-2-3-2-2	4-4-3-4-2-2-2-2-4-4-4-1	4-1-6-6-4-4-5-5-4-0-1-0	3-1-3-2-4-2-1-3-3-5-3-1
639	4	5-4-5-5-5-5-6-5-5-6-5-4	5-2-2-5-5-5-5-4-5-5-5-5	4-5-5-5-5-5-5-5-5-5-6-5	5-3-3-5-5-5-5-5-5-3-5-4	5-3-2-5-4-4-5-5-3-4-5-4	4-3-5-5-2-5-5-5-2-4-2-5	3-5-4-2-3-4-4-3-4-5-5-5	2-5-3-5-5-3-6-5-4-5-3-3	3-3-2-5-6-4-3-3-2-5-5-5	3-5-4-3-5-5-5-4-3-3-3-5	3-5-5-5-5-3-3-3-3-5-4-4	4-5-4-0-3-5-5-3-5-3-5-5
639	5	4-6-4-4-4-6-4-4-4-4-4-4	4-2-2-4-4-4-4-4-4-4-4-4	6-4-4-4-4-5-4-4-4-4-5-4	4-4-5-4-4-4-4-4-4-3-4-4	4-3-4-4-5-5-6-4-5-5-4-4	4-2-4-4-5-4-4-4-5-5-2-4	6-4-4-2-5-5-5-4-5-4-4-4	5-4-5-4-4-6-4-4-5-4-4-3	5-3-5-4-4-4-5-4-2-4-4-4	4-4-5-4-4-4-4-2-3-3-3-4	4-4-4-4-4-6-3-3-4-4-5-5	4-4-5-5-3-4-4-3-4-3-4-4
639	6	6-5-4-4-6-5-4-6-4-4-4-4	4-6-6-3-6-4-4-6-4-6-5-4	6-6-6-4-6-6-4-4-4-6-4-6	6-6-6-6-6-6-3-6-6-6-6-4	1-3-6-6-6-6-5-6-6-6-3-4	4-6-5-5-6-3-6-6-6-6-6-6	5-6-6-6-4-6-6-6-6-4-4-6	6-6-1-5-6-4-4-1-5-4-3-4	4-6-6-5-4-6-6-3-6-3-4-2	4-6-6-6-6-4-4-4-6-6-3-4	3-2-2-3-2-5-3-3-3-4-6-6	6-5-6-0-3-6-6-3-6-6-5-4
640	0	0-0-0-0-0-0-0-0-0-0-0-0	0-0-0-0-0-0-0-0-0-0-0-0	0-0-0-0-0-0-0-0-0-0-0-0	0-0-0-0-0-0-0-0-0-0-0-0	0-0-0-0-0-0-0-0-0-0-0-0	0-0-0-0-0-0-0-0-0-0-0-0	0-0-0-0-0-0-0-0-0-0-0-0	0-0-0-0-0-0-0-0-0-0-0-0	0-0-0-0-0-0-0-0-0-0-0-0	0-0-0-0-0-0-0-0-0-0-0-0	0-0-0-0-0-0-0-0-0-0-0-0	0-0-0-0-0-0-0-0-0-0-0-0
640	1	1-1-1-1-1-1-1-1-1-1-1-1	1-0-0-2-0-1-2-3-2-0-2-2	3-2-3-5-2-1-2-3-0-2-2-1	2-2-2-2-2-2-0-1-0-0-0-5	0-3-2-0-3-0-2-2-0-1-1-2	2-2-0-1-0-2-0-2-0-0-0-2	0-0-0-2-2-0-0-2-1-0-0-0	1-0-2-2-1-2-0-0-1-1-1-1	0-2-2-2-3-2-3-2-0-1-0-1	2-2-1-0-0-0-2-0-2-3-2-1	0-0-1-0-2-1-3-0-0-1-2-1	1-2-2-4-0-1-0-1-1-0-1-0
640	2	2-2-2-2-2-2-2-2-2-2-2-2	1-5-3-1-0-2-1-1-1-2-1-3	1-1-1-2-1-1-3-3-1-1-3-1	1-1-1-1-1-1-0-1-3-3-3-1	2-1-1-0-1-3-3-1-2-2-1-1	1-1-0-3-0-1-3-1-2-2-0-1	3-2-0-1-1-0-3-1-2-0-2-0	0-2-1-1-0-1-2-1-1-1-2-2	2-1-1-1-1-1-2-1-0-3-2-3	1-1-2-3-0-2-1-3-1-5-1-0	3-0-2-2-1-3-1-4-3-1-1-3	1-1-1-0-2-8-0-3-1-0-1-0
640	3	3-2-3-4-2-2-3-2-3-3-3-2	1-2-2-5-3-3-1-1-2-2-4-2	1-4-1-3-4-4-2-2-1-4-2-3	4-1-4-3-4-4-0-3-4-2-2-1	4-1-4-4-1-2-4-4-3-1-4-3	4-1-4-2-5-5-4-4-2-0-0-5	4-5-5-2-4-1-4-4-5-3-4-4	5-3-3-4-4-1-0-9-3-1-3-1	3-1-4-4-5-9-1-4-0-3-4-3	3-3-0-4-4-3-4-2-4-1-0-3	2-3-2-0-4-2-1-3-2-4-4-2	1-3-1-0-2-2-4-2-3-3-3-5
640	4	4-4-5-3-4-5-4-4-5-4-5-5	5-2-5-3-6-5-4-4-4-5-3-5	4-3-3-4-3-3-5-4-5-3-5-5	3-4-7-3-3-3-4-4-5-5-5-1	3-6-3-4-1-5-5-3-4-5-3-3	3-9-3-4-4-1-5-3-5-4-8-4	3-8-5-6-3-4-9-3-4-5-3-3	5-5-8-5-3-5-8-5-3-7-4-6	5-1-3-3-7-4-1-3-4-3-5-4	3-3-9-3-3-3-3-8-3-1-1-3	8-9-9-5-9-3-1-7-2-3-3-6	5-3-4-6-2-4-3-1-3-3-6-8
640	5	4-4-4-6-4-4-4-4-4-4-4-4	4-2-4-3-4-4-6-4-4-4-6-4	4-6-6-1-4-4-4-6-4-3-4-4	6-5-5-3-3-6-5-3-4-4-4-1	3-9-1-5-6-4-4-6-4-4-5-9	8-3-4-6-3-3-4-3-4-4-0-3	6-3-3-4-6-4-4-6-3-4-6-3	6-4-4-4-3-4-4-4-3-5-6-8	7-5-6-3-3-5-5-4-9-5-4-4	6-9-0-4-4-3-4-4-6-6-7-3	7-3-5-4-7-7-8-7-7-4-4-3	4-3-5-0-7-7-4-5-7-3-2-3
640	6	7-6-7-5-7-7-7-8-7-7-8-9	7-7-6-3-8-7-7-7-7-7-7-7	6-7-7-8-7-7-7-8-7-7-7-7	7-6-7-8-3-5-8-7-7-4-6-7	7-7-7-7-5-6-6-6-7-6-8-6	6-7-7-7-7-7-7-7-6-6-0-7	9-7-6-6-6-6-7-7-6-8-9-7	6-6-7-6-7-7-6-7-6-7-5-9	6-5-6-7-7-4-7-7-8-8-3-6	5-6-6-7-7-6-7-6-5-5-5-6	5-7-7-6-4-7-6-5-9-6-7-7	7-9-6-4-5-6-7-5-5-6-4-9
640	7	8-7-6-8-6-6-6-8-6-6-7-8	6-6-6-8-6-6-8-8-6-6-8-8	7-8-6-9-8-6-8-6-6-6-6-8	8-6-6-8-8-8-6-8-8-4-8-6	8-6-8-8-6-8-8-8-6-7-8-8	6-4-8-8-6-6-8-6-6-4-0-7	8-6-6-6-6-7-4-8-6-4-8-6	6-8-9-8-8-6-9-8-9-6-8-5	5-5-6-8-8-4-6-8-6-6-8-4	9-8-6-6-8-9-6-6-6-5-5-3	5-6-8-6-5-6-5-5-5-7-6-6	6-8-7-8-5-5-7-5-8-3-8-6
640	8	7-7-7-7-6-7-6-7-6-6-7-7	6-6-6-7-6-6-7-7-7-6-7-7	1-7-7-7-7-8-7-6-7-6-8-7	7-8-8-6-7-7-6-7-7-4-7-1	7-6-7-7-8-8-7-7-8-8-6-7	9-4-7-7-8-7-7-6-8-8-4-8	7-6-6-9-9-8-4-7-8-6-7-7	8-7-4-7-7-9-4-7-9-6-7-5	8-5-8-7-7-4-8-7-6-6-7-4	8-7-8-6-7-3-7-4-9-5-5-3	4-6-7-0-4-6-5-8-7-8-6-8	9-9-8-8-7-6-8-5-7-3-7-4
640	9	9-8-7-7-6-8-6-9-6-6-7-7	6-9-9-7-9-6-7-7-7-9-7-7	9-9-7-7-9-7-8-6-7-9-6-9	8-9-8-9-9-9-8-9-6-4-9-5	3-5-9-9-9-9-8-9-9-9-7-5	6-4-8-6-9-8-9-9-9-9-9-9	6-9-9-9-8-9-4-9-9-9-7-7	9-9-4-8-9-8-4-3-8-6-6-6	6-9-9-8-3-9-9-7-9-6-7-7	7-5-9-9-9-7-7-7-4-9-9-9	5-4-4-5-4-6-8-5-6-8-9-9	6-8-9-6-7-9-9-5-9-9-7-6
641	0	0-0-0-0-0-0-0-0-0-0-0-0	0-0-0-0-0-0-0-0-0-0-0-0	0-0-0-0-0-0-0-0-0-0-0-0	0-0-0-0-0-0-0-0-0-0-0-0	0-0-0-0-0-0-0-0-0-0-0-0	0-0-0-0-0-0-0-0-0-0-0-0	0-0-0-0-0-0-0-0-0-0-0-0	0-0-0-0-0-0-0-0-0-0-0-0	0-0-0-0-0-0-0-0-0-0-0-0	0-0-0-0-0-0-0-0-0-0-0-0	0-0-0-0-0-0-0-0-0-0-0-0	0-0-0-0-0-0-0-0-0-0-0-0
641	1	1-1-1-1-1-1-1-1-1-1-1-1	1-2-1-0-0-2-0-1-0-1-0-1	1-0-0-1-2-0-2-0-0-2-2-2	0-2-2-0-2-0-0-0-2-0-2-0	1-0-0-0-0-1-0-0-2-2-0-0	0-0-0-0-0-0-2-0-1-1-1-0	0-1-1-0-0-0-0-2-1-1-2-2	1-1-0-0-0-0-3-0-0-1-0-0	2-0-0-0-0-0-2-0-3-1-0-0	0-2-0-0-0-0-0-1-0-0-0-1	2-1-1-0-4-1-0-1-2-0-0-1	1-0-0-2-1-0-0-0-4-0-0-1
641	2	3-2-3-2-2-1-2-4-3-2-2-3	3-1-1-3-3-3-3-2-3-3-3-3	2-3-4-3-3-3-3-3-3-3-3-3	3-1-3-3-3-3-3-8-1-1-3-2	5-2-3-5-3-1-3-3-2-1-3-3	2-3-3-2-2-3-3-3-1-2-0-3	3-4-1-0-3-0-3-3-4-4-3-3	1-5-4-3-3-4-1-4-3-3-3-1	1-0-3-3-4-2-1-3-1-5-5-3	0-3-0-1-3-4-3-3-3-0-1-5	1-4-1-4-1-2-3-1-1-3-3-1	1-3-3-3-3-3-3-0-8-3-6-4
641	3	2-3-2-3-2-2-2-3-2-2-2-2	2-4-3-2-2-4-2-4-2-2-2-2	2-2-2-2-4-2-4-2-2-2-4-4	2-4-2-2-2-2-2-2-4-4-4-2	2-0-2-2-2-4-4-2-3-4-2-2	2-2-5-2-3-2-4-2-3-3-6-2	2-2-4-4-2-3-4-2-3-3-2-2	3-2-0-2-2-4-8-2-2-3-2-0	3-0-2-2-3-0-4-2-3-3-2-2	0-2-3-4-2-6-2-8-2-3-0-2	3-2-1-4-1-4-2-0-0-2-2-1	6-2-2-2-2-2-2-0-5-2-5-1
641	4	5-3-2-5-3-4-2-2-2-2-4-5	5-3-3-5-8-3-5-6-5-5-5-5	6-5-6-2-3-5-5-6-5-5-3-5	5-5-5-6-2-5-5-6-3-3-3-6	2-5-2-2-5-3-5-5-4-5-2-2	5-2-3-5-6-9-3-5-3-3-3-2	3-2-3-3-5-4-3-5-3-2-5-3	7-2-2-2-2-5-3-2-2-6-5-6	9-5-7-5-2-5-7-3-6-2-2-2	7-7-0-8-6-2-3-3-5-5-7-2	7-2-4-2-1-6-6-7-5-9-3-4	4-2-5-4-7-7-4-5-7-6-2-2
641	5	4-5-2-4-5-4-5-2-2-2-4-4	4-6-6-4-5-4-4-6-4-4-4-4	6-4-4-4-2-4-6-6-6-4-6-6	4-4-4-4-2-4-4-2-6-6-6-4	2-4-2-2-4-5-6-4-6-5-2-2	6-6-3-4-4-4-6-4-6-5-3-5	2-6-8-6-4-5-3-4-5-5-4-2	3-2-2-2-2-4-6-2-2-5-4-4	4-4-4-4-5-4-4-5-7-2-2-2	4-3-5-6-2-2-6-2-4-4-4-2	4-7-4-9-6-3-4-4-4-6-5-5	4-2-4-5-5-4-2-4-4-4-3-6
641	6	2-5-7-7-5-6-6-7-7-2-7-7	7-5-5-2-5-7-7-5-7-7-7-4	4-7-4-2-7-6-7-4-7-7-5-7	7-4-7-8-8-7-9-6-7-6-8-4	8-4-5-7-4-5-7-7-5-6-7-7	7-7-7-7-4-4-7-7-5-5-3-7	3-5-5-8-7-6-3-7-5-9-8-7	5-6-6-7-8-5-5-8-8-4-6-4	3-7-9-7-8-2-4-5-4-7-8-7	9-8-6-5-7-7-7-3-7-4-5-7	5-5-4-2-5-4-4-4-8-7-7-6	9-8-6-8-8-4-7-4-2-4-2-5
641	7	4-9-6-9-7-7-7-6-6-2-6-6	6-8-7-4-7-6-4-8-6-6-6-4	6-6-4-6-6-4-8-8-8-6-8-6	6-6-6-6-6-6-8-2-6-7-8-4	6-4-2-6-4-8-8-6-9-6-6-6	6-6-6-6-4-4-6-6-7-7-8-6	8-6-8-7-6-7-8-6-7-7-6-6	8-8-4-6-6-4-5-6-6-7-4-9	4-6-4-6-5-4-4-5-7-6-6-6	4-4-7-6-6-6-6-3-6-8-4-6	4-5-8-5-8-3-4-4-4-6-6-6	4-6-4-6-4-4-6-4-4-4-8-8
641	8	9-7-6-4-7-9-8-9-9-8-9-9	6-7-7-4-8-9-9-7-9-8-9-9	9-6-4-9-6-8-7-7-9-8-7-7	6-8-8-6-6-6-7-2-7-6-6-4	6-4-2-6-4-7-7-6-8-8-6-6	6-6-6-6-4-9-7-6-8-7-7-6	7-5-7-7-9-8-7-7-8-6-6-6	7-7-9-6-6-8-9-6-6-8-6-8	8-4-9-6-6-0-7-8-4-6-6-9	9-8-8-6-6-7-6-3-9-6-8-6	7-8-8-5-7-8-4-4-7-6-8-8	5-6-8-6-6-8-6-4-2-4-7-7
641	9	9-7-9-7-9-9-8-9-8-8-8-8	6-7-9-4-9-9-8-9-9-9-8-8	9-9-9-9-9-9-8-8-8-9-9-9	8-9-9-9-9-9-8-9-8-9-9-4	9-4-9-9-9-9-8-9-9-9-2-2	9-9-9-6-9-8-9-9-9-9-9-9	8-9-9-9-8-9-9-9-9-9-6-9	9-7-9-8-9-8-8-2-6-9-8-8	4-9-9-8-2-9-9-8-9-9-7-9	6-9-9-9-9-2-9-8-8-9-9-9	4-9-9-9-7-8-4-4-9-8-9-9	9-8-8-9-9-9-9-4-9-9-2-9
642	0	0-0-0-0-0-0-0-0-0-0-0-0	0-0-0-0-0-0-0-0-0-0-0-0	0-0-0-0-0-0-0-0-0-0-0-0	0-0-0-0-0-0-0-0-0-0-0-0	0-0-0-0-0-0-0-0-0-0-0-0	0-0-0-0-0-0-0-0-0-0-0-0	0-0-0-0-0-0-0-0-0-0-0-0	0-0-0-0-0-0-0-0-0-0-0-0	0-0-0-0-0-0-0-0-0-0-0-0	0-0-0-0-0-0-0-0-0-0-0-0	0-0-0-0-0-0-0-0-0-0-0-0	0-0-0-0-0-0-0-0-0-0-0-0
642	1	1-1-1-1-1-2-1-1-1-1-2-2	2-2-1-0-3-2-4-2-1-2-2-2	1-2-2-2-2-2-2-2-4-2-2-2	2-1-2-2-1-2-2-2-1-2-1-1	2-1-1-2-1-1-2-1-1-1-3-1	4-2-2-1-2-2-1-2-2-1-4-2	1-1-3-1-0-1-0-2-1-2-1-4	1-1-1-1-1-2-1-1-1-1-2-3	1-1-3-0-1-2-1-1-2-1-1-2	2-1-2-2-1-0-2-1-0-2-2-1	4-0-4-1-4-2-1-4-1-1-2-2	3-1-1-1-4-4-1-2-4-4-4-3
642	2	1-1-1-2-1-1-1-1-1-1-1-1	1-1-1-2-1-1-3-1-1-1-1-1	0-3-1-6-3-1-3-3-1-1-1-1	3-0-1-2-3-3-1-1-1-1-2-1	1-0-2-1-3-2-3-3-1-1-1-3	3-1-3-2-1-1-3-1-1-1-5-4	3-4-1-0-3-2-2-3-1-1-3-3	1-2-4-2-2-1-1-8-2-1-1-0	2-0-1-3-4-1-1-3-1-2-2-1	2-3-1-1-3-2-3-1-3-1-1-4	0-2-1-4-1-1-1-0-0-3-1-1	1-2-2-0-1-1-3-1-2-2-2-4
642	3	1-4-1-3-1-1-1-1-1-1-1-1	1-4-4-2-1-1-2-1-1-1-1-4	1-2-1-1-2-1-4-2-1-2-4-3	2-3-3-2-2-2-1-1-3-3-4-1	1-0-5-1-2-2-4-2-3-3-1-2	2-3-4-1-3-1-4-3-3-3-6-3	2-2-1-7-2-3-4-2-1-3-2-2	3-4-4-2-2-1-6-2-2-4-1-1	3-0-7-2-3-1-0-2-1-2-2-6	2-2-1-7-2-4-2-4-2-1-8-2	7-2-8-6-1-2-0-0-0-2-2-3	1-2-2-1-8-1-2-1-7-6-3-1
642	4	4-3-5-5-4-4-4-1-4-4-5-5	4-3-3-4-1-1-5-4-1-1-5-5	7-5-5-5-4-5-5-5-1-6-3-4	4-4-5-6-2-5-6-4-3-5-3-4	1-7-2-7-6-3-3-4-3-4-1-4	1-4-3-4-7-2-3-2-1-3-1-2	8-2-3-4-4-0-3-5-2-2-2-1	1-2-2-3-2-5-3-2-2-3-4-6	6-6-3-2-2-4-6-2-1-4-3-4	5-8-1-3-2-3-3-3-6-6-5-2	1-2-1-2-1-6-6-6-5-1-2-4	1-2-4-1-1-1-1-6-8-1-1-2
642	5	6-5-6-4-6-6-8-6-6-6-6-4	6-6-5-4-7-6-6-6-6-6-4-4	5-4-6-7-6-7-4-6-6-6-6-5	5-4-6-7-5-4-7-7-5-6-5-4	7-4-3-7-5-5-6-5-6-6-7-5	6-6-6-5-4-6-6-6-7-5-2-5	8-6-5-5-6-5-6-6-6-7-8-6	5-5-6-5-5-6-5-5-2-5-8-4	5-4-4-5-7-6-8-5-7-5-6-6	4-2-6-5-5-6-3-5-6-5-4-2	7-8-5-6-8-8-4-4-8-5-6-6	6-5-7-8-6-5-7-4-5-4-5-8
642	6	5-7-8-8-5-5-5-5-5-5-5-5	5-5-5-7-5-5-8-7-7-5-7-7	6-7-7-8-7-5-7-5-5-5-5-7	7-4-5-5-7-7-5-7-7-5-7-6	7-4-6-5-4-7-7-7-5-5-5-7	7-6-5-6-3-5-7-7-5-6-3-6	3-5-5-6-5-6-3-5-5-3-7-7	5-7-5-7-7-5-3-7-2-5-7-4	4-4-7-7-7-5-4-7-5-7-7-5	7-7-5-5-7-5-7-3-5-4-7-7	4-6-7-3-4-5-4-4-0-6-5-5	5-7-2-6-7-4-5-4-7-4-7-5
642	7	6-6-6-6-5-5-5-5-5-5-5-8	5-5-5-6-5-5-6-6-6-5-6-6	4-6-6-6-6-7-6-5-8-6-6-6	6-7-7-5-6-6-5-5-6-5-6-4	6-4-6-5-7-6-8-6-7-7-5-6	6-5-6-8-4-5-6-6-7-7-3-7	8-5-5-3-8-7-3-6-7-8-6-6	7-6-5-6-6-5-3-6-6-5-6-4	7-4-7-6-6-5-7-7-5-6-6-5	6-7-7-3-6-6-6-3-8-4-7-6	5-5-6-3-8-5-4-6-7-6-5-7	5-8-5-6-7-7-5-4-6-6-6-5
642	8	8-5-6-6-8-5-5-8-5-5-5-7	5-5-8-6-8-5-6-6-6-8-6-6	8-7-8-6-8-5-7-7-7-8-5-8	7-8-8-8-8-8-7-8-7-8-8-4	6-4-8-8-8-8-7-8-8-8-6-8	5-8-8-7-8-8-8-8-8-8-8-7	7-8-8-8-7-8-8-8-8-8-5-5	8-8-2-8-8-5-7-2-2-5-5-5	4-8-8-8-6-8-8-6-8-5-6-6	7-4-8-8-8-5-6-5-8-8-3-8	4-5-3-8-6-5-4-4-5-7-8-8	5-7-7-5-3-8-8-4-8-8-7-5
643	0	0-0-0-0-0-0-0-0-0-0-0-0	0-0-0-0-0-0-0-0-0-0-0-0	0-0-0-0-0-0-0-0-0-0-0-0	0-0-0-0-0-0-0-0-0-0-0-0	0-0-0-0-0-0-0-0-0-0-0-0	0-0-0-0-0-0-0-0-0-0-0-0	0-0-0-0-0-0-0-0-0-0-0-0	0-0-0-0-0-0-0-0-0-0-0-0	0-0-0-0-0-0-0-0-0-0-0-0	0-0-0-0-0-0-0-0-0-0-0-0	0-0-0-0-0-0-0-0-0-0-0-0	0-0-0-0-0-0-0-0-0-0-0-0
643	1	1-1-1-1-1-1-1-1-1-1-1-1	0-0-1-0-0-0-0-2-1-1-0-0	1-0-0-1-1-2-2-2-0-0-2-0	0-0-1-0-0-0-0-1-2-1-2-0	2-0-0-0-0-2-2-0-1-0-2-0	4-0-1-0-0-0-2-0-2-1-4-0	2-1-1-0-0-0-0-1-1-1-0-1	1-1-0-0-1-0-2-1-0-1-4-0	1-0-0-0-0-0-4-2-0-1-0-7	0-1-1-0-0-0-0-1-0-0-0-0	0-1-1-1-1-0-0-0-0-0-0-1	1-2-0-1-0-1-0-0-0-0-1-0
643	2	3-2-2-3-1-2-2-1-2-2-2-2	3-3-1-3-0-3-3-1-3-3-3-3	3-3-4-5-3-3-3-3-0-3-1-3	3-3-2-2-3-3-0-2-3-1-1-0	3-0-3-4-3-1-3-3-2-0-5-3	3-2-3-2-2-3-3-3-1-1-0-3	1-1-1-0-3-0-1-3-2-4-6-3	1-3-4-3-4-0-7-7-2-0-2-0	0-0-3-4-4-3-0-1-0-2-4-2	0-3-0-0-3-4-3-1-3-3-0-2	0-3-1-2-1-2-0-1-1-2-3-2	1-3-2-2-0-0-4-0-0-0-2-4
643	3	3-4-2-3-4-3-3-3-3-3-3-3	2-5-4-2-3-4-2-4-2-2-2-2	4-2-2-2-2-2-4-2-4-2-4-2	2-2-3-2-2-2-6-2-4-5-4-3	2-0-2-2-2-3-4-2-4-3-2-2	2-2-2-2-3-2-4-4-3-3-6-2	6-1-3-5-2-3-4-2-3-3-4-2	3-4-0-2-2-0-5-2-2-3-0-0	3-0-2-2-3-2-0-4-3-2-2-4	0-2-3-4-2-2-2-1-2-4-4-3	0-4-2-4-4-2-0-4-0-2-2-1	0-2-2-4-0-6-2-0-6-4-4-1
643	4	5-3-4-4-3-3-4-3-3-5-4-3	4-3-3-2-5-3-5-6-5-4-5-5	6-5-5-5-4-6-3-4-3-2-3-4	5-5-5-5-2-2-4-2-3-3-3-5	2-5-2-2-5-3-5-2-6-4-4-2	1-0-2-0-5-7-3-3-1-3-1-2	1-1-3-3-3-4-3-3-2-3-5-2	1-3-5-3-2-6-3-2-2-4-5-5	5-4-5-2-2-5-5-3-5-4-2-6	5-5-4-3-5-2-5-1-5-5-5-2	5-5-6-4-7-5-5-5-5-5-5-4	5-3-4-3-5-5-2-5-7-6-3-2
643	5	4-4-7-7-3-4-5-4-5-5-5-6	5-3-3-7-4-6-6-6-4-5-7-4	4-6-4-6-6-7-6-6-7-6-6-6	6-4-4-6-6-6-4-2-6-3-6-4	6-4-3-6-4-5-6-6-4-5-2-6	6-0-6-5-4-5-6-6-5-5-3-6	3-1-3-3-6-5-3-6-5-7-4-7	4-6-4-6-6-4-3-6-7-4-4-4	4-7-6-6-5-4-4-6-4-5-6-4	4-4-5-7-6-7-7-6-4-4-4-6	4-5-4-1-4-4-4-4-4-6-4-5	4-6-5-6-6-4-6-4-4-4-6-4
643	6	7-7-5-5-6-7-7-7-7-6-6-7	5-3-3-5-6-6-5-5-7-5-5-5	4-5-4-5-5-4-5-5-5-5-6-5	5-6-6-5-5-5-7-2-5-3-5-7	5-4-6-5-6-5-7-5-4-6-5-5	5-7-5-5-4-7-5-5-6-6-3-6	7-1-3-3-5-6-4-5-6-1-5-7	6-5-4-5-5-6-3-5-5-5-5-4	6-6-5-5-5-4-5-5-4-6-5-4	5-5-6-3-5-5-5-7-4-3-6-5	4-6-4-7-3-6-4-4-5-5-6-5	4-5-5-5-5-3-5-4-5-4-5-4
643	7	7-6-5-5-7-6-6-7-6-6-7-6	5-7-7-5-7-7-5-7-6-7-5-6	7-7-7-6-7-5-7-6-5-7-6-7	6-7-7-7-7-7-6-7-7-7-7-6	5-4-7-7-7-7-6-7-7-7-6-7	7-6-5-6-7-4-7-7-7-7-7-7	6-7-7-7-5-7-7-7-7-5-5-5	7-7-7-5-7-6-2-2-5-5-3-4	5-5-7-7-5-7-7-5-7-7-5-1	4-4-7-7-7-5-5-6-6-7-4-7	4-7-1-6-4-4-4-4-4-5-7-7	7-7-4-1-4-7-7-4-7-7-3-4
644	0	0-0-0-0-0-0-0-0-0-0-0-0	0-0-0-0-0-0-0-0-0-0-0-0	0-0-0-0-0-0-0-0-0-0-0-0	0-0-0-0-0-0-0-0-0-0-0-0	0-0-0-0-0-0-0-0-0-0-0-0	0-0-0-0-0-0-0-0-0-0-0-0	0-0-0-0-0-0-0-0-0-0-0-0	0-0-0-0-0-0-0-0-0-0-0-0	0-0-0-0-0-0-0-0-0-0-0-0	0-0-0-0-0-0-0-0-0-0-0-0	0-0-0-0-0-0-0-0-0-0-0-0	0-0-0-0-0-0-0-0-0-0-0-0
644	1	1-1-1-1-0-0-1-0-1-1-1-2	1-0-0-2-0-1-1-0-0-1-0-0	1-1-3-0-1-2-2-1-0-0-2-2	2-3-3-2-2-2-0-2-0-0-2-5	0-4-5-0-3-0-2-2-0-0-2-1	2-2-0-0-2-2-0-2-0-0-0-2	0-0-0-2-2-1-0-2-0-0-2-2	1-0-0-2-0-3-0-2-2-1-4-1	1-3-3-2-3-0-2-2-0-1-1-0	2-2-1-0-0-0-2-0-2-3-2-0	4-0-2-0-2-1-2-2-4-2-2-1	1-2-1-2-1-1-1-1-1-2-1-0
644	2	2-2-2-2-2-2-2-2-2-2-2-1	1-3-3-1-0-1-1-3-0-2-3-2	1-1-1-2-1-1-1-4-1-2-3-3	1-1-2-1-1-1-3-1-3-0-3-1	0-1-1-0-1-2-3-1-2-3-1-1	1-1-0-3-1-1-3-1-3-2-0-1	3-3-0-1-1-0-0-1-2-3-1-1	2-2-3-1-2-3-2-1-1-3-0-0	2-1-1-1-1-1-1-1-1-2-2-4	1-1-1-0-2-0-1-3-1-1-1-0	2-1-9-2-1-2-1-1-1-1-1-2	8-1-1-1-1-1-1-1-1-1-0-1
644	3	3-3-3-4-2-2-3-3-3-3-3-3	1-2-2-3-3-3-4-2-4-2-4-4	1-4-1-4-4-4-4-4-1-4-2-4	4-1-4-3-4-4-2-3-4-0-4-3	4-1-3-3-1-4-4-4-3-2-9-3	3-1-4-6-3-3-4-4-2-0-0-5	4-4-5-1-4-0-4-4-5-2-4-4	2-4-4-4-4-2-2-9-3-2-0-4	3-1-1-4-5-4-3-4-0-3-3-3	4-3-1-0-4-3-4-2-4-1-3-3	2-3-0-5-1-3-1-3-1-4-4-1	2-3-1-1-1-3-4-1-3-3-3-5
644	4	3-5-3-3-4-4-4-4-4-4-3-5	4-5-5-3-3-5-3-5-5-2-3-5	1-3-5-3-3-3-5-3-5-3-5-3	3-4-5-3-3-3-5-3-3-4-3-1	3-1-6-3-5-5-5-3-4-4-6-3	3-7-5-2-4-3-5-4-4-4-7-4	3-3-5-1-3-4-5-3-5-4-3-3	4-5-3-3-3-5-7-3-3-5-1-5	4-1-1-3-4-3-4-3-0-4-3-5	3-3-0-7-3-3-3-5-3-1-9-3	5-3-4-4-5-3-1-1-1-3-3-4	1-3-1-1-1-4-3-1-7-3-3-4
644	5	6-4-5-6-5-5-5-5-5-5-6-6	5-4-4-6-3-4-6-6-6-5-6-6	8-6-8-3-5-6-4-5-6-3-4-5	6-5-4-3-3-6-4-3-4-6-3-1	4-8-1-5-4-4-4-5-4-5-5-9	6-5-4-5-7-7-4-3-4-4-4-3	5-2-4-4-5-5-7-6-3-4-5-4	7-4-7-4-4-7-4-3-3-4-5-8	5-6-4-3-3-5-5-6-8-9-4-4	7-7-0-6-7-3-0-4-6-7-5-3	7-3-4-4-4-6-7-7-7-3-3-4	4-3-5-0-7-4-3-7-5-8-5-3
644	6	7-9-8-8-7-7-7-8-8-7-7-5	7-7-7-5-7-8-7-7-7-7-7-7	6-7-7-7-7-7-7-8-7-7-7-7	7-6-7-8-3-5-8-8-7-7-7-6	8-5-7-8-7-6-7-7-7-6-8-8	7-8-7-6-7-8-7-7-7-6-0-6	9-7-6-6-7-7-5-7-6-8-9-7	6-6-7-6-6-8-6-7-6-8-5-6	7-6-7-5-7-7-7-6-7-8-7-6	8-6-6-6-7-6-7-6-5-7-7-6	6-7-6-6-7-7-5-5-9-6-7-7	7-7-6-9-6-7-6-6-6-6-6-6
644	7	6-6-6-6-6-6-6-6-6-6-6-6	6-6-6-6-6-6-6-6-6-6-6-6	6-8-6-6-8-6-8-6-6-6-6-6	6-5-6-6-8-8-6-8-6-6-8-1	8-5-9-6-6-8-8-8-6-6-6-8	6-6-8-7-5-5-8-6-6-7-4-8	9-6-6-4-6-6-5-8-6-2-8-7	5-8-5-8-8-6-9-8-3-6-8-5	6-7-6-7-8-6-6-8-6-6-8-4	5-5-7-6-6-3-6-6-7-6-6-3	5-6-0-6-6-6-5-5-5-8-6-7	6-6-7-8-5-6-3-5-5-6-8-0
644	8	6-6-6-6-6-6-6-6-6-6-6-9	6-6-6-5-6-6-7-7-6-6-6-6	5-7-6-6-7-6-7-6-6-6-7-7	7-8-6-6-7-7-6-7-7-6-7-1	7-5-6-6-8-7-7-7-6-6-6-7	6-6-7-9-6-6-7-7-8-8-0-7	9-6-6-1-8-8-8-7-8-6-3-7	8-7-6-7-7-6-9-7-3-6-7-5	8-8-8-7-7-6-8-7-6-6-7-2	6-8-8-6-8-3-8-6-9-6-8-3	7-8-8-6-4-6-8-1-7-8-6-8	2-9-9-1-8-6-7-5-3-3-7-0
644	9	9-6-6-6-6-8-6-9-6-6-6-8	6-6-9-5-9-6-7-6-9-9-7-8	9-9-9-6-9-6-9-6-6-9-6-9	8-9-6-9-9-9-8-9-6-9-9-8	6-5-9-9-9-9-8-9-9-9-3-6	6-9-9-8-9-5-9-9-9-9-9-8	6-9-9-6-7-9-9-8-9-9-6-6	9-9-3-9-9-9-9-3-3-6-6-6	8-7-9-9-3-9-9-5-9-5-7-2	6-9-9-9-9-6-9-6-8-9-6-9	5-6-2-9-6-6-8-5-5-6-9-9	6-8-8-6-8-9-9-6-9-9-4-6
645	0	0-0-0-0-0-0-0-0-0-0-0-0	0-0-0-0-0-0-0-0-0-0-0-0	0-0-0-0-0-0-0-0-0-0-0-0	0-0-0-0-0-0-0-0-0-0-0-0	0-0-0-0-0-0-0-0-0-0-0-0	0-0-0-0-0-0-0-0-0-0-0-0	0-0-0-0-0-0-0-0-0-0-0-0	0-0-0-0-0-0-0-0-0-0-0-0	0-0-0-0-0-0-0-0-0-0-0-0	0-0-0-0-0-0-0-0-0-0-0-0	0-0-0-0-0-0-0-0-0-0-0-0	0-0-0-0-0-0-0-0-0-0-0-0
645	1	1-1-1-1-1-1-1-1-1-1-1-1	0-0-1-0-0-0-0-2-0-1-0-0	1-0-0-0-0-2-2-4-0-0-2-0	0-0-0-0-0-0-0-1-2-1-2-0	2-2-2-0-0-2-2-0-1-2-2-0	4-0-1-0-0-0-2-0-4-1-4-0	2-1-1-0-0-0-0-0-1-1-4-1	1-1-4-1-1-0-2-1-0-1-0-0	1-0-0-0-1-0-4-0-0-1-1-0	0-4-1-0-1-2-0-1-0-0-0-0	0-0-8-1-1-0-0-4-4-0-0-1	1-1-0-0-0-1-0-0-0-0-1-0
645	2	3-3-2-3-1-2-2-1-2-2-2-3	2-3-1-3-1-3-3-1-3-3-3-3	0-3-0-6-3-4-3-3-1-4-1-3	3-0-3-3-3-3-3-2-3-4-1-0	1-1-1-3-0-1-3-3-2-1-4-3	3-4-3-2-2-3-3-4-1-1-0-3	1-1-1-0-3-0-3-3-2-2-7-3	1-2-7-3-3-1-1-2-2-0-2-0	0-0-3-4-4-3-0-0-1-3-3-2	0-7-0-0-4-4-3-1-3-0-0-2	0-2-1-2-0-2-0-0-0-2-3-2	0-3-2-0-0-0-3-0-0-0-2-4
645	3	2-5-2-2-3-3-3-3-3-3-3-2	2-4-4-2-4-4-2-4-4-2-2-4	0-2-5-3-2-2-4-2-1-2-4-2	2-3-2-2-2-2-4-2-4-3-4-0	1-3-2-2-4-3-4-2-4-3-1-2	2-0-4-3-4-2-4-2-3-3-7-2	1-1-4-5-2-3-5-2-3-3-5-2	1-4-8-2-2-4-6-2-2-3-0-0	4-0-2-2-3-2-0-4-4-2-2-2	4-2-3-4-4-2-4-1-2-4-4-2	4-4-7-6-0-0-4-0-0-2-2-3	0-2-0-4-5-0-2-0-0-0-4-2
645	4	4-4-4-4-4-4-4-3-3-4-3-5	2-3-3-4-4-3-4-5-5-4-5-3	7-5-7-2-4-2-5-5-5-2-3-4	5-6-5-5-2-5-4-5-3-5-3-5	4-7-2-2-6-3-3-5-3-3-2-4	1-2-3-4-3-4-3-2-1-1-1-2	1-1-3-6-5-3-3-5-4-3-6-2	6-3-6-2-2-5-4-2-3-6-6-7	3-5-2-2-2-4-6-3-3-2-2-6	6-6-3-3-3-2-3-1-6-3-6-2	6-3-5-3-4-5-6-6-6-2-3-4	4-2-4-3-6-6-2-6-8-4-3-2
645	5	6-6-6-7-5-6-6-6-6-6-6-6	6-7-6-4-7-7-6-6-6-6-6-6	5-6-6-7-6-6-6-6-6-6-6-6	6-5-6-7-2-4-7-7-6-7-5-5	8-5-6-2-6-5-6-5-6-6-7-5	5-7-6-6-6-6-5-6-6-5-1-5	4-6-5-5-6-5-3-6-6-7-5-5	6-3-7-5-5-6-5-7-2-5-6-5	5-4-6-3-5-6-7-5-6-5-2-4	5-5-5-5-5-8-6-7-4-6-8-2	5-8-4-5-8-8-5-5-8-5-6-5	6-8-5-8-5-5-7-4-5-5-5-8
645	6	5-5-5-5-5-5-5-5-5-5-5-5	5-5-5-4-5-5-8-5-5-5-5-5	4-7-5-5-7-5-7-5-7-5-5-5	7-4-5-5-7-7-5-7-5-5-7-4	7-5-5-7-4-6-7-7-5-5-5-7	5-5-7-6-5-4-7-7-5-6-3-7	6-5-5-4-7-5-5-7-5-3-4-6	5-7-4-7-7-5-3-7-7-4-4-4	8-4-7-6-7-5-4-7-5-5-7-4	4-4-6-5-7-5-8-5-4-5-7-7	4-5-4-3-7-5-4-4-7-5-5-6	5-7-6-7-7-4-5-4-4-6-6-5
645	7	5-8-5-5-5-8-5-5-5-5-5-8	6-5-5-4-5-5-6-6-5-5-5-8	4-6-5-5-6-5-6-5-6-5-3-6	6-7-5-5-6-6-8-6-5-5-6-8	6-4-6-2-7-6-6-6-7-5-5-6	6-5-6-6-7-8-6-6-7-7-3-7	6-5-5-7-6-7-5-6-7-5-2-6	7-6-2-6-6-5-3-6-6-5-6-4	7-7-6-6-6-5-5-6-5-7-6-4	5-2-7-6-6-5-6-5-8-5-6-6	5-5-4-5-6-5-4-6-6-6-5-6	5-6-6-6-6-5-5-4-6-4-6-6
645	8	8-7-5-5-8-7-5-8-5-5-5-7	5-5-8-6-8-5-6-8-8-8-5-7	8-8-8-5-8-6-8-5-6-8-7-8	7-8-5-8-8-8-7-8-7-8-8-7	5-5-8-8-8-8-7-8-8-8-7-8	5-8-8-6-8-7-7-6-8-8-8-7	7-8-8-4-5-8-8-8-8-8-5-6	8-8-8-7-8-5-8-2-6-8-4-5	7-4-8-8-6-8-8-6-8-8-6-6	6-4-8-5-8-5-6-5-7-8-5-8	5-5-1-7-5-5-4-4-5-5-8-8	5-5-7-5-6-8-8-4-4-8-6-5
646	0	0-0-0-0-0-0-0-0-0-0-0-0	0-0-0-0-0-0-0-0-0-0-0-0	0-0-0-0-0-0-0-0-0-0-0-0	0-0-0-0-0-0-0-0-0-0-0-0	0-0-0-0-0-0-0-0-0-0-0-0	0-0-0-0-0-0-0-0-0-0-0-0	0-0-0-0-0-0-0-0-0-0-0-0	0-0-0-0-0-0-0-0-0-0-0-0	0-0-0-0-0-0-0-0-0-0-0-0	0-0-0-0-0-0-0-0-0-0-0-0	0-0-0-0-0-0-0-0-0-0-0-0	0-0-0-0-0-0-0-0-0-0-0-0
646	1	1-1-1-1-1-1-1-1-1-1-1-1	1-2-1-2-2-2-2-1-2-1-2-2	1-2-2-1-1-2-1-2-2-2-2-1	2-2-2-1-1-1-1-5-1-2-2-1	2-0-1-3-1-1-1-1-2-2-2-1	4-0-2-0-2-2-2-2-2-1-4-2	4-5-1-1-2-1-2-2-1-2-1-2	1-1-2-2-1-3-2-1-1-2-3-1	1-0-0-0-2-2-1-2-5-1-1-0	2-1-1-2-1-1-2-1-2-1-0-1	1-7-4-2-4-1-1-1-2-4-2-1	2-1-1-1-2-4-1-0-1-4-4-1
646	2	2-2-4-2-1-1-1-2-1-4-1-2	3-1-1-3-1-1-3-2-1-1-3-3	2-3-3-1-3-1-3-1-1-1-3-2	3-3-1-2-3-3-3-3-1-1-3-1	3-0-3-2-1-3-3-3-1-1-1-3	2-3-3-2-1-4-3-3-1-1-1-3	3-1-1-0-3-1-1-3-1-1-6-3	1-4-3-3-3-1-1-3-6-1-6-1	1-0-3-3-4-2-1-3-1-2-3-2	1-3-1-1-3-4-3-1-3-1-0-4	1-3-0-1-1-1-1-1-1-3-1-3	1-3-4-1-1-1-3-1-6-1-7-4
646	3	3-4-2-2-2-1-2-3-1-2-2-1	2-4-4-2-1-1-2-4-2-2-2-2	0-2-2-2-2-2-4-1-2-5-4-2	2-2-4-2-2-2-2-2-4-5-2-0	2-0-2-2-3-2-4-2-4-3-2-2	1-2-4-2-3-1-4-2-3-3-5-2	2-2-3-5-2-1-4-2-1-5-0-2	3-2-2-2-2-1-5-2-2-4-1-1	6-0-2-2-3-3-3-2-1-3-2-3	2-2-1-1-2-2-2-4-2-1-3-2	0-2-3-4-1-1-0-0-1-2-2-2	6-2-2-1-0-1-2-1-1-1-5-5
646	4	2-3-2-5-3-4-5-2-2-2-2-2	5-3-3-4-1-1-2-6-5-4-5-5	6-4-5-2-4-1-3-5-1-2-3-4	5-5-5-5-2-5-5-2-4-3-3-4	1-7-2-4-3-3-5-4-3-4-1-0	1-2-3-0-5-2-3-2-3-1-1-2	1-1-3-4-5-1-3-5-4-1-5-1	1-2-5-3-2-5-6-2-2-5-5-5	5-7-5-2-2-4-5-5-1-4-2-4	5-5-4-7-5-2-2-3-5-5-5-2	5-2-1-3-1-5-5-5-5-1-1-5	1-2-2-5-5-1-1-5-5-6-1-2
646	5	2-7-7-7-5-4-5-2-5-2-6-7	6-3-3-6-4-1-6-5-4-6-4-4	4-6-4-6-6-7-4-4-3-6-4-6	6-4-4-6-6-6-6-7-6-6-6-2	6-4-7-6-4-5-6-6-5-5-6-6	6-2-6-6-4-1-6-6-5-5-3-6	3-6-5-3-4-5-5-6-1-3-6-6	1-6-4-6-6-4-3-2-7-4-4-4	4-0-4-6-6-4-4-4-1-3-6-5	4-6-1-1-6-6-6-3-4-4-4-5	4-5-1-3-1-4-4-4-4-6-1-4	1-5-5-4-4-4-6-4-4-4-6-3
646	6	5-7-2-4-5-7-7-7-7-6-5-7	5-3-6-5-6-1-5-4-4-5-4-5	4-5-4-5-5-3-5-5-5-5-7-5	5-5-6-5-5-5-7-2-5-5-5-7	5-4-2-5-6-5-7-5-6-4-5-2	5-7-5-5-4-7-5-5-3-6-1-5	7-5-7-6-6-6-7-5-6-6-2-5	6-5-5-5-5-6-4-2-2-6-5-4	3-6-6-5-5-6-4-4-1-6-5-6	5-5-6-6-5-5-5-3-7-6-6-5	5-6-4-3-3-7-4-4-6-5-6-6	3-7-7-6-4-3-5-4-5-4-5-3
646	7	7-5-5-5-7-6-6-7-6-6-7-5	6-7-7-5-7-7-5-7-7-7-5-6	7-7-7-5-7-7-7-6-7-7-6-7	6-7-7-7-7-7-6-7-7-7-7-6	5-4-7-7-6-7-6-7-7-7-2-2	7-7-5-5-7-7-7-7-7-7-7-7	6-7-7-7-7-7-7-7-7-7-5-7	7-7-5-6-5-6-5-2-5-5-6-4	4-7-7-6-5-7-7-4-1-3-5-5	5-4-7-7-7-5-7-3-6-7-4-7	4-1-4-6-1-6-4-4-4-7-7-7	7-6-6-1-4-7-1-4-7-7-5-1
647	0	0-0-0-0-0-0-0-0-0-0-0-0	0-0-0-0-0-0-0-0-0-0-0-0	0-0-0-0-0-0-0-0-0-0-0-0	0-0-0-0-0-0-0-0-0-0-0-0	0-0-0-0-0-0-0-0-0-0-0-0	0-0-0-0-0-0-0-0-0-0-0-0	0-0-0-0-0-0-0-0-0-0-0-0	0-0-0-0-0-0-0-0-0-0-0-0	0-0-0-0-0-0-0-0-0-0-0-0	0-0-0-0-0-0-0-0-0-0-0-0	0-0-0-0-0-0-0-0-0-0-0-0	0-0-0-0-0-0-0-0-0-0-0-0
647	1	1-1-1-1-1-1-1-1-1-1-1-1	0-0-0-1-0-0-0-2-0-1-2-2	0-1-0-3-2-1-2-0-0-2-2-2	2-0-1-2-2-2-0-5-1-1-1-0	1-0-2-4-2-1-2-2-1-1-1-2	1-0-2-1-0-3-2-1-1-1-0-1	0-2-1-0-2-0-1-2-1-1-0-1	3-1-1-2-4-0-1-3-1-1-0-0	0-0-2-3-3-0-0-2-2-1-1-1	3-3-0-2-2-3-0-1-2-2-0-1	3-3-0-1-0-0-0-0-0-1-2-1	0-2-2-0-3-1-4-0-3-3-1-1
647	2	3-2-2-2-3-2-2-2-2-2-2-2	1-3-2-1-2-3-0-1-1-2-1-2	2-2-4-4-1-1-3-5-0-3-3-3	1-2-3-1-1-1-0-1-1-3-1-0	2-0-1-1-1-1-3-1-2-2-1-1	5-5-1-2-3-1-3-1-2-2-5-1	4-1-2-3-1-2-4-1-2-4-5-3	2-4-1-1-1-3-2-2-2-2-0-0	2-0-1-1-2-1-4-1-4-2-1-2	0-1-2-3-1-1-3-2-1-3-2-1	0-1-7-2-0-2-0-3-0-1-1-1	0-1-1-3-2-4-1-0-0-3-2-1
647	3	2-3-4-3-2-3-3-3-3-3-4-4	3-2-2-4-3-2-4-2-4-3-4-5	4-4-6-1-3-3-4-6-4-4-2-4	4-3-4-4-1-1-4-1-2-2-2-4	1-4-4-3-5-2-4-4-2-3-3-4	2-4-2-3-4-5-2-1-3-1-2-4	2-1-2-2-4-3-2-4-3-2-3-2	1-1-1-1-1-2-3-1-5-3-4-5	5-5-4-1-1-4-5-1-6-3-1-5	5-5-2-2-5-1-2-2-5-5-5-1	5-1-3-3-4-5-5-5-5-1-4-5	4-2-4-2-5-5-1-5-4-6-1-1
647	4	3-5-3-7-5-4-4-4-4-4-3-3	3-5-5-3-3-4-3-5-3-4-3-3	3-3-5-4-1-3-5-6-5-3-5-3	3-4-3-6-1-3-3-1-5-5-5-3	1-3-5-1-3-4-5-3-5-2-5-3	5-3-2-3-3-3-5-1-5-4-2-5	2-6-2-2-3-4-2-3-4-2-3-5	4-1-1-2-1-3-5-2-3-4-3-3	3-3-3-1-4-3-3-5-5-3-1-3	3-3-4-5-3-2-2-2-3-3-3-1	3-2-3-6-3-3-3-3-3-3-5-3	3-1-3-2-3-2-1-3-3-3-6-1
647	5	6-4-5-5-4-5-7-5-4-5-5-6	3-4-4-6-5-4-6-4-3-6-6-3	6-6-3-6-6-6-6-2-4-6-4-5	6-6-4-6-6-6-6-6-6-4-6-3	6-3-6-6-3-6-6-6-4-5-4-6	6-4-6-7-3-3-6-6-4-4-2-4	2-6-4-3-3-4-2-6-5-2-6-6	2-6-1-6-6-4-7-7-7-2-6-3	3-3-7-6-6-3-3-6-4-5-6-3	3-3-2-4-6-7-6-2-3-3-3-6	3-5-3-4-3-3-3-3-3-5-4-3	3-6-3-6-3-3-6-3-3-3-7-1
647	6	5-7-5-5-4-7-7-5-7-6-5-7	7-4-4-5-7-4-5-5-3-5-5-7	5-5-7-5-5-5-5-7-5-5-7-5	5-5-5-5-5-5-7-5-5-4-5-7	5-3-5-5-6-5-7-5-6-6-5-5	5-6-5-7-6-5-5-5-6-6-2-6	7-7-4-3-5-6-2-5-6-6-5-5	6-5-1-5-5-5-4-6-5-4-5-3	3-6-4-5-5-3-3-5-3-6-5-3	5-5-2-4-5-5-5-7-7-3-3-5	3-6-3-7-6-3-3-3-3-5-6-3	3-5-3-5-6-2-4-3-3-3-4-1
647	7	7-6-7-5-7-6-6-7-6-6-5-6	6-7-7-5-7-7-5-5-6-7-5-6	7-7-7-6-7-5-7-6-7-7-6-7	5-7-7-7-7-7-6-7-6-7-7-6	5-3-7-7-7-6-6-7-7-7-5-5	6-7-7-6-7-7-7-7-7-7-7-6	6-7-7-7-4-7-7-7-7-7-3-7	7-7-7-6-7-5-5-5-5-7-6-3	3-7-7-5-5-7-3-5-7-7-5-0	5-3-7-4-7-5-7-6-6-7-3-7	3-7-2-6-3-3-3-3-3-7-7-7	7-6-7-7-3-7-7-3-7-7-5-7
648	0	0-0-0-0-0-0-0-0-0-0-0-0	0-0-0-0-0-0-0-0-0-0-0-0	0-0-0-0-0-0-0-0-0-0-0-0	0-0-0-0-0-0-0-0-0-0-0-0	0-0-0-0-0-0-0-0-0-0-0-0	0-0-0-0-0-0-0-0-0-0-0-0	0-0-0-0-0-0-0-0-0-0-0-0	0-0-0-0-0-0-0-0-0-0-0-0	0-0-0-0-0-0-0-0-0-0-0-0	0-0-0-0-0-0-0-0-0-0-0-0	0-0-0-0-0-0-0-0-0-0-0-0	0-0-0-0-0-0-0-0-0-0-0-0
648	1	1-1-1-2-1-2-1-1-1-2-2-2	2-2-1-1-2-2-1-2-3-2-2-2	1-2-3-2-2-2-2-2-2-2-2-2	2-1-2-2-1-0-2-3-1-2-1-1	2-0-1-3-1-1-2-1-1-2-3-2	4-2-2-0-2-2-1-2-2-1-0-0	4-1-1-1-1-1-4-2-1-2-1-1	1-0-2-0-1-2-2-2-1-2-0-1	1-0-3-0-2-3-2-2-2-1-1-2	3-1-1-2-1-1-1-1-2-2-2-1	1-3-1-2-1-1-1-4-2-1-2-2	5-1-1-1-3-5-1-0-1-1-1-1
648	2	1-1-1-1-1-1-1-1-1-1-1-1	1-1-1-2-1-1-2-1-1-1-1-1	1-3-1-1-3-1-3-1-1-3-1-3	3-0-1-2-3-3-1-1-1-1-3-1	1-0-2-1-0-3-3-3-1-1-1-3	3-3-1-2-1-1-3-1-1-1-0-4	3-1-1-0-3-1-2-1-1-1-2-3	1-2-5-2-3-1-8-4-2-1-7-0	2-0-1-3-4-1-1-3-1-2-2-1	2-5-1-1-3-2-3-1-3-1-1-4	5-4-0-1-1-1-0-0-1-3-1-1	1-2-2-1-1-1-3-0-2-2-2-1
648	3	1-3-1-2-6-1-1-1-1-1-1-1	1-4-4-2-1-1-1-4-1-1-1-4	1-2-1-1-2-1-4-1-1-2-4-2	2-3-4-2-2-2-6-1-4-4-4-0	1-0-2-5-2-2-4-2-3-3-1-2	2-2-5-8-3-1-4-4-3-3-6-3	2-2-1-0-2-1-4-1-3-1-2-4	1-4-4-2-2-1-6-6-2-6-3-1	1-0-1-2-3-1-2-2-1-3-2-5	1-0-3-1-2-2-4-6-2-1-1-2	1-1-1-4-1-1-1-0-1-2-1-1	1-2-2-1-1-0-4-0-0-3-6-3
648	4	4-3-1-4-3-4-1-4-1-1-1-5	1-3-3-2-1-1-5-3-6-5-5-5	7-5-7-2-4-1-3-5-1-2-3-4	5-5-5-5-2-5-1-2-3-3-3-5	3-5-5-3-5-3-5-5-6-3-4-4	1-5-3-4-5-2-3-3-1-1-3-2	6-1-1-6-5-1-5-5-2-1-6-3	1-3-3-3-2-5-3-2-2-4-6-6	6-6-5-2-2-4-6-6-1-4-3-3	6-6-1-0-3-2-3-3-5-6-6-2	6-2-4-3-1-6-6-6-6-1-3-1	1-2-5-3-6-6-3-4-6-7-5-3
648	5	5-7-1-5-6-6-6-5-1-4-5-4	1-6-6-2-4-4-4-6-4-4-4-4	8-4-4-1-2-6-4-7-6-7-6-5	4-4-4-4-2-4-6-2-6-7-6-4	7-4-4-3-4-6-6-4-4-5-1-2	1-4-3-0-4-4-6-5-6-5-3-5	4-6-6-4-4-5-4-4-5-5-2-6	5-2-2-3-2-4-4-2-2-5-4-4	1-5-4-2-4-3-4-4-1-5-2-7	4-2-7-8-4-2-3-5-4-1-4-2	4-6-4-3-1-1-4-4-4-3-6-5	1-2-4-8-4-7-7-4-4-4-4-6
648	6	6-6-8-8-5-5-6-6-6-7-6-6	6-5-5-7-7-1-7-7-4-7-7-7	7-7-6-8-7-5-7-5-7-7-5-7	7-6-5-6-7-7-5-6-7-7-7-0	7-4-8-7-4-7-7-7-4-3-1-7	7-8-7-2-6-7-7-7-5-6-3-7	4-5-5-4-7-4-4-7-6-5-4-5	3-7-8-7-7-4-3-7-6-4-4-4	4-4-4-7-8-4-4-4-1-8-7-8	4-7-5-5-7-7-7-3-4-4-4-7	4-5-4-3-1-4-4-4-4-7-5-5	1-7-2-7-4-4-6-4-7-4-7-7
648	7	6-8-6-6-5-8-8-8-8-6-6-8	6-5-5-6-6-1-6-6-8-6-6-8	4-6-4-6-6-6-6-5-6-6-6-6	6-7-7-6-6-6-8-6-6-6-6-8	5-4-7-6-7-6-8-6-7-7-1-6	6-6-6-8-7-6-6-6-5-5-3-8	8-5-5-7-6-5-6-6-7-5-2-5	7-6-6-6-6-4-3-6-7-4-6-4	5-7-5-6-6-4-7-5-1-5-6-5	4-6-5-5-6-6-3-8-8-1-7-6	6-7-4-3-4-1-4-5-7-6-5-7	5-8-7-7-7-5-6-4-6-4-6-6
648	8	8-7-6-6-8-7-7-8-7-6-6-7	7-5-8-6-8-8-6-8-8-8-6-7	8-8-8-6-6-8-8-5-8-8-7-8	7-8-8-6-8-8-7-8-8-8-8-7	6-4-8-8-8-8-7-8-8-8-6-8	7-8-8-7-8-8-7-8-8-8-8-7	7-8-8-8-8-8-8-8-8-8-4-8	8-3-6-7-8-7-6-6-2-5-4-8	0-8-8-8-6-8-8-4-8-6-6-6	4-4-8-8-8-6-8-7-7-8-4-8	4-1-7-8-1-1-4-4-4-8-8-8	8-7-7-1-7-8-8-8-8-8-6-8
649	0	0-0-0-0-0-0-0-0-0-0-0-0	0-0-0-0-0-0-0-0-0-0-0-0	0-0-0-0-0-0-0-0-0-0-0-0	0-0-0-0-0-0-0-0-0-0-0-0	0-0-0-0-0-0-0-0-0-0-0-0	0-0-0-0-0-0-0-0-0-0-0-0	0-0-0-0-0-0-0-0-0-0-0-0	0-0-0-0-0-0-0-0-0-0-0-0	0-0-0-0-0-0-0-0-0-0-0-0	0-0-0-0-0-0-0-0-0-0-0-0	0-0-0-0-0-0-0-0-0-0-0-0	0-0-0-0-0-0-0-0-0-0-0-0
649	1	1-1-1-2-1-1-1-2-1-1-2-1	2-2-1-2-2-2-3-2-1-1-0-2	1-2-2-2-2-2-2-2-4-2-3-2	2-2-2-2-1-2-2-2-2-2-2-2	2-2-1-2-4-1-2-1-1-2-3-1	4-2-2-1-2-2-2-2-1-1-1-0	1-1-3-1-2-1-0-2-3-2-1-1	2-1-2-2-1-2-2-2-1-1-3-2	1-1-1-1-2-0-2-1-2-1-1-2	3-1-2-2-1-1-1-2-2-2-1-1	1-7-1-1-1-2-2-0-2-1-2-1	2-1-1-1-1-1-1-2-1-1-1-2
649	2	1-1-1-1-1-1-1-1-1-1-1-1	1-1-1-4-1-1-1-1-1-1-3-1	1-3-1-5-1-3-1-1-1-3-1-3	3-1-1-4-3-3-1-1-3-1-1-1	3-1-3-3-1-3-3-3-1-1-1-3	3-4-3-1-1-3-3-1-1-1-0-4	3-4-1-1-3-2-2-3-2-1-2-3	1-2-1-3-3-1-1-7-7-1-6-1	2-0-1-3-4-1-1-4-1-2-2-1	1-3-1-1-3-4-1-1-3-1-1-4	1-2-1-1-1-1-1-0-1-3-3-1	1-3-2-1-1-1-3-1-1-2-2-4
649	3	1-3-1-3-3-1-1-1-1-1-3-4	1-5-4-2-1-1-1-1-1-1-2-1	1-2-1-1-2-2-4-2-1-2-4-4	2-3-3-2-2-2-1-1-4-7-3-1	2-0-2-2-2-2-4-2-4-5-1-2	2-2-5-0-3-2-4-2-3-3-6-3	6-2-1-0-2-2-5-2-1-1-5-2	1-2-0-2-2-4-6-1-2-4-1-1	1-1-2-2-1-5-5-2-1-2-2-4	1-2-3-3-2-2-1-1-2-1-7-3	0-2-7-6-1-1-1-0-0-2-2-1	1-2-2-5-1-1-2-1-6-2-3-1
649	4	5-3-1-5-3-1-1-4-7-1-1-3	5-3-3-2-1-1-5-6-5-5-7-5	4-5-5-2-4-5-5-5-1-2-3-3	5-5-5-5-2-5-7-4-3-3-3-6	1-5-4-4-5-4-5-5-4-1-1-7	1-5-3-5-6-2-3-2-5-1-1-5	4-2-2-4-5-2-3-5-4-1-4-2	1-2-5-3-2-5-1-2-2-4-5-5	7-5-5-2-2-4-3-2-1-4-2-5	5-7-3-5-3-2-1-2-5-5-5-2	1-2-1-4-1-5-6-6-1-1-2-5	1-2-4-3-5-2-2-5-1-6-1-2
649	5	4-3-7-7-3-1-5-5-4-7-6-6	4-3-3-5-1-6-4-4-4-4-7-4	4-4-4-2-6-7-6-4-4-2-3-6	6-4-4-6-6-6-6-6-6-3-6-4	6-4-6-4-4-5-6-6-5-3-6-6	5-4-6-4-4-2-3-5-5-5-3-4	4-2-3-7-4-5-3-6-4-1-6-6	1-2-4-6-6-4-3-6-3-4-4-4	1-4-4-5-6-5-3-5-1-5-6-4	4-7-5-4-6-2-7-7-4-4-4-2	5-2-6-4-5-5-4-4-6-7-3-4	1-2-5-3-4-5-6-4-7-5-5-5
649	6	5-7-5-5-3-7-7-5-7-5-5-7	6-3-3-5-1-5-4-4-7-6-7-7	4-4-4-5-5-6-5-7-7-6-6-5	5-6-6-5-5-5-7-5-5-6-5-4	5-4-5-4-6-5-5-5-6-6-1-5	7-6-7-7-4-7-6-3-6-6-3-6	7-2-3-6-7-6-3-5-6-1-5-5	6-2-1-7-5-7-3-5-2-4-5-6	6-4-6-6-6-6-6-6-1-6-5-4	7-6-6-3-6-2-5-6-7-6-6-2	5-6-6-3-7-6-4-6-5-6-6-6	1-7-6-6-6-6-6-4-3-5-6-2
649	7	7-6-5-5-7-7-6-7-6-5-5-6	6-7-7-5-7-7-4-7-7-7-5-6	7-7-7-7-7-7-6-6-6-7-7-7	6-7-7-7-7-7-4-7-7-7-7-4	5-4-7-7-7-7-6-7-7-7-6-7	6-7-6-6-7-6-7-7-7-7-7-7	6-7-7-7-6-7-3-7-7-7-6-6	7-7-7-7-7-5-6-2-2-7-1-5	6-7-7-6-5-7-7-6-7-1-6-1	6-5-7-7-7-6-7-5-6-7-4-7	5-7-3-3-6-6-4-4-4-5-7-6	7-6-6-1-6-7-7-4-7-7-6-7
650	0	0-0-0-0-0-0-0-0-0-0-0-0	0-0-0-0-0-0-0-0-0-0-0-0	0-0-0-0-0-0-0-0-0-0-0-0	0-0-0-0-0-0-0-0-0-0-0-0	0-0-0-0-0-0-0-0-0-0-0-0	0-0-0-0-0-0-0-0-0-0-0-0	0-0-0-0-0-0-0-0-0-0-0-0	0-0-0-0-0-0-0-0-0-0-0-0	0-0-0-0-0-0-0-0-0-0-0-0	0-0-0-0-0-0-0-0-0-0-0-0	0-0-0-0-0-0-0-0-0-0-0-0	0-0-0-0-0-0-0-0-0-0-0-0
650	1	1-1-1-3-1-2-1-1-1-1-2-1	2-2-1-1-2-2-4-2-2-2-2-2	1-2-2-2-2-2-2-2-3-2-6-2	2-1-2-2-1-2-2-2-1-2-1-2	2-3-1-2-4-1-2-1-1-2-2-1	2-2-2-2-2-2-1-2-2-1-4-2	1-2-1-1-1-1-0-2-1-2-1-4	1-1-3-1-1-2-1-1-1-1-3-3	1-3-1-1-1-3-2-1-2-2-1-2	2-1-3-2-1-1-2-1-0-4-2-1	4-8-4-6-4-2-1-1-1-1-2-1	2-1-1-1-1-4-1-3-4-1-4-1
650	2	1-1-1-2-1-1-1-1-1-1-1-1	1-1-1-2-1-1-3-1-1-1-1-1	6-3-1-3-1-1-3-1-1-1-1-1	3-0-1-2-3-3-1-6-1-1-3-1	1-0-2-1-3-3-3-3-1-1-1-3	1-1-3-2-1-4-3-1-1-1-5-4	3-1-1-0-3-2-0-3-1-1-3-3	1-2-4-2-2-1-1-8-2-1-1-0	2-0-3-3-4-1-1-3-1-2-2-1	2-2-1-1-3-2-1-1-3-1-1-4	1-2-0-0-1-1-0-2-1-2-1-1	1-2-2-0-1-1-3-1-2-2-2-1
650	3	1-4-1-1-1-1-1-1-1-1-1-1	1-4-4-2-2-1-2-4-1-1-2-1	1-2-2-2-4-1-4-5-1-2-4-4	2-3-4-2-2-2-1-1-4-4-4-1	1-1-2-1-2-2-4-2-3-3-1-2	2-2-4-2-3-2-4-1-3-3-3-3	2-1-1-3-2-3-4-2-3-3-2-2	3-8-1-2-2-1-6-1-2-1-1-1	3-1-2-2-3-1-1-2-1-3-2-3	1-2-1-1-2-4-2-4-2-4-8-2	1-2-0-3-1-1-0-0-0-2-1-1	1-2-2-4-1-1-2-1-0-3-6-1
650	4	5-3-5-5-4-4-1-4-1-4-5-5	4-3-3-5-2-1-5-5-5-4-5-5	6-5-6-2-3-1-3-5-1-2-3-5	4-5-3-5-2-5-5-2-3-3-3-6	1-6-2-5-6-3-3-4-4-4-1-8	1-5-3-2-7-2-3-4-1-3-1-2	2-2-3-4-5-4-3-5-4-4-2-1	1-2-6-2-2-5-3-2-2-4-6-4	6-6-6-2-2-1-6-2-1-4-2-4	6-6-1-5-6-2-1-3-6-6-6-2	6-2-1-1-1-6-6-6-6-1-4-4	6-2-2-4-6-6-4-6-6-5-1-2
650	5	6-6-6-4-6-6-6-6-6-6-6-4	6-6-5-4-7-6-4-6-6-6-4-6	5-4-7-6-6-6-6-7-6-5-5-6	6-4-6-7-5-6-6-7-6-7-6-4	6-8-6-6-5-5-6-5-6-6-7-5	5-6-6-5-4-6-5-7-6-5-2-5	6-6-5-5-4-5-6-6-6-5-2-7	5-2-4-5-6-6-7-6-2-5-8-4	5-4-4-4-6-7-6-4-7-6-2-7	4-2-5-8-4-6-6-5-5-4-4-2	4-8-5-1-8-8-4-4-4-5-6-5	8-5-1-8-4-7-6-4-7-4-5-8
650	6	5-5-5-8-5-5-5-5-5-5-5-5	5-5-5-7-5-5-8-7-5-5-8-5	4-7-5-5-7-5-7-5-5-7-7-5	7-4-5-5-7-7-5-2-5-5-7-4	7-4-5-7-4-7-7-7-5-5-5-7	5-5-7-6-4-5-7-6-5-5-3-7	7-5-5-5-4-6-5-5-5-5-7-6	5-7-7-7-7-5-3-7-7-4-7-4	4-4-7-7-7-5-4-7-5-5-7-5	4-7-6-5-7-7-5-5-4-4-4-7	4-5-4-1-1-4-4-4-4-7-5-6	4-7-6-7-4-4-7-4-4-4-7-5
650	7	5-5-5-6-5-5-5-5-5-5-5-8	5-5-5-6-5-5-5-6-5-5-6-5	5-6-5-5-6-5-6-5-5-6-7-6	6-7-7-5-6-6-8-5-6-5-6-4	6-4-5-6-7-6-8-6-7-5-5-6	6-5-6-6-4-5-6-5-7-7-3-8	8-5-1-7-7-7-7-6-7-5-6-5	5-6-6-6-6-5-3-6-6-4-6-4	7-4-6-6-6-5-7-7-5-5-6-5	7-6-7-5-6-6-5-5-8-7-4-6	6-5-7-1-5-8-4-6-6-6-5-7	5-6-7-6-6-5-6-4-6-6-6-5
650	8	8-5-6-6-8-5-5-8-5-5-5-7	5-5-8-6-8-5-6-8-8-8-6-7	8-7-8-5-8-5-7-7-7-8-5-8	7-8-8-8-8-8-7-8-7-8-8-7	5-4-8-8-8-8-7-8-8-8-5-8	5-8-8-6-8-8-8-8-8-8-8-8	7-8-8-8-7-8-8-8-8-8-7-5	8-8-6-7-8-7-6-2-6-5-5-5	7-5-8-8-6-8-8-7-5-5-6-1	7-4-8-8-8-7-8-5-7-8-4-8	4-5-8-8-5-5-4-4-4-5-8-8	5-5-7-5-7-8-8-4-8-8-6-5
651	0	0-0-0-0-0-0-0-0-0-0-0-0	0-0-0-0-0-0-0-0-0-0-0-0	0-0-0-0-0-0-0-0-0-0-0-0	0-0-0-0-0-0-0-0-0-0-0-0	0-0-0-0-0-0-0-0-0-0-0-0	0-0-0-0-0-0-0-0-0-0-0-0	0-0-0-0-0-0-0-0-0-0-0-0	0-0-0-0-0-0-0-0-0-0-0-0	0-0-0-0-0-0-0-0-0-0-0-0	0-0-0-0-0-0-0-0-0-0-0-0	0-0-0-0-0-0-0-0-0-0-0-0	0-0-0-0-0-0-0-0-0-0-0-0
651	1	1-0-1-1-1-1-2-1-2-1-2-2	2-2-2-0-0-0-0-1-1-2-0-1	1-0-0-1-1-3-2-0-0-2-2-1	0-0-2-0-0-0-1-1-2-2-2-0	0-0-2-0-0-2-2-0-1-0-3-0	4-8-0-0-0-0-2-0-1-1-1-0	2-2-3-0-2-0-2-2-1-3-2-1	2-1-0-2-1-0-1-0-0-1-0-0	1-0-2-0-3-1-1-2-2-0-0-0	0-1-1-2-2-0-0-1-2-0-0-1	4-1-8-3-8-0-0-1-2-1-2-0	2-1-1-1-4-1-4-0-4-0-0-4
651	2	3-1-2-2-1-1-1-4-1-1-1-1	3-1-1-3-3-1-0-2-0-1-3-3	3-2-4-3-3-0-3-3-0-3-1-3	3-0-3-2-3-3-0-4-3-1-1-2	3-0-4-3-0-1-3-3-1-3-1-3	3-4-3-2-2-4-3-3-1-1-0-4	1-1-1-0-3-0-1-3-4-1-3-3	1-3-2-3-3-0-1-3-2-1-3-0	1-0-3-3-4-2-1-3-1-2-2-3	1-3-1-1-3-4-3-1-3-0-0-2	1-3-1-1-1-4-0-2-1-2-1-4	1-3-2-2-1-2-1-0-2-2-2-1
651	3	4-3-2-3-6-3-3-1-1-1-3-4	2-4-3-2-2-4-0-4-0-1-2-2	2-2-5-2-2-1-4-4-4-2-4-4	2-0-3-2-2-2-6-2-4-1-4-2	2-0-2-4-0-3-4-2-3-3-1-2	2-2-4-0-3-2-4-2-3-3-3-3	2-1-1-0-2-0-3-2-3-1-2-2	3-4-2-2-2-0-6-2-2-5-2-0	3-0-2-2-6-2-7-2-1-3-2-2	0-2-3-1-2-2-2-6-2-4-0-2	2-2-0-4-7-2-0-3-1-2-2-3	7-2-2-2-7-3-1-0-0-4-6-1
651	4	3-3-1-4-3-1-4-2-4-4-4-3	4-3-3-4-5-3-4-6-5-1-5-6	7-5-6-5-4-5-3-3-3-3-3-3	4-6-5-5-2-5-6-2-3-1-3-5	2-5-2-4-6-4-3-4-4-4-4-2	1-2-3-4-6-2-3-2-1-3-1-2	5-2-3-7-5-0-6-5-2-3-6-2	6-3-6-3-2-1-3-5-2-6-4-7	6-5-6-2-2-4-6-5-5-4-3-2	6-6-4-1-5-2-3-1-6-6-5-2	6-1-1-3-1-2-6-6-1-0-4-5	4-2-4-1-6-1-1-6-6-3-4-1
651	5	6-5-7-6-6-6-7-6-7-6-6-8	6-6-6-4-7-7-6-6-6-6-4-6	5-4-6-6-6-6-6-6-6-6-8-6	6-4-6-6-2-6-6-7-6-7-5-6	7-4-6-6-6-5-6-5-6-6-7-5	6-6-6-7-6-6-5-6-6-5-3-5	6-6-5-5-5-5-6-6-6-7-5-6	5-5-4-5-5-6-6-6-5-7-6-5	5-4-7-5-7-6-6-6-6-7-5-6	5-5-6-5-6-6-6-5-7-5-6-2	4-6-6-6-6-8-4-4-6-5-6-7	6-8-5-6-6-6-5-4-5-5-5-8
651	6	5-5-5-8-5-5-5-5-5-5-5-5	5-5-5-6-7-5-7-7-5-5-8-7	4-7-5-5-7-5-7-5-5-7-5-7	7-4-5-5-7-7-5-5-5-1-7-5	7-4-5-7-5-7-7-7-5-5-5-7	5-5-7-6-4-5-7-5-5-5-3-6	5-5-5-5-5-5-5-7-5-6-7-5	5-7-4-7-7-5-3-7-7-5-5-4	4-0-5-7-8-5-5-7-5-5-7-5	4-7-5-5-7-5-5-5-4-4-5-7	4-6-4-4-5-5-4-4-5-7-5-5	5-7-6-5-4-5-7-4-4-6-7-1
651	7	5-5-5-6-5-8-5-5-5-5-5-8	5-5-5-6-6-5-6-6-5-5-6-6	4-6-5-6-6-5-6-6-5-6-7-6	6-7-7-5-6-6-8-5-5-5-6-8	6-4-7-6-7-6-6-6-4-7-5-6	5-6-6-6-7-5-6-5-7-7-3-7	8-5-5-4-7-5-7-6-7-5-6-5	3-6-6-6-6-5-3-6-6-5-6-4	5-7-5-6-7-5-5-6-5-5-6-5	4-6-7-5-6-5-5-5-8-5-7-6	6-7-4-7-3-8-4-4-6-6-5-5	5-6-6-7-6-5-6-4-6-4-6-1
651	8	8-7-6-6-8-7-5-8-5-5-5-7	5-5-8-6-8-5-6-6-8-8-6-7	8-8-8-6-8-8-8-5-5-8-5-8	7-8-5-8-8-8-7-8-7-1-8-7	5-5-8-8-8-8-7-8-8-8-6-6	5-1-8-7-8-5-7-8-8-8-8-7	7-8-8-8-5-8-8-8-8-6-3-5	8-8-6-7-8-5-6-6-6-5-5-4	5-7-8-8-6-8-8-5-5-5-6-0	6-4-8-5-8-5-8-5-7-8-7-8	4-5-1-5-1-5-4-4-5-5-8-8	5-7-7-5-5-8-8-5-8-8-6-5
652	0	0-0-0-0-0-0-0-0-0-0-0-0	0-0-0-0-0-0-0-0-0-0-0-0	0-0-0-0-0-0-0-0-0-0-0-0	0-0-0-0-0-0-0-0-0-0-0-0	0-0-0-0-0-0-0-0-0-0-0-0	0-0-0-0-0-0-0-0-0-0-0-0	0-0-0-0-0-0-0-0-0-0-0-0	0-0-0-0-0-0-0-0-0-0-0-0	0-0-0-0-0-0-0-0-0-0-0-0	0-0-0-0-0-0-0-0-0-0-0-0	0-0-0-0-0-0-0-0-0-0-0-0	0-0-0-0-0-0-0-0-0-0-0-0
652	1	1-1-1-1-1-1-1-1-1-1-1-2	2-2-1-1-2-2-2-2-2-2-2-2	1-2-4-4-2-2-2-2-2-2-2-2	2-1-2-4-1-0-2-2-1-2-1-1	2-0-1-2-2-1-2-1-1-1-4-1	2-2-2-1-2-2-1-2-2-1-0-2	1-2-1-1-2-1-1-4-1-5-1-2	1-1-1-1-1-2-2-2-1-2-2-1	1-4-1-1-1-5-2-2-2-1-1-2	1-1-1-2-1-1-1-1-1-1-2-1	1-8-5-1-1-4-1-1-2-1-2-2	2-1-1-1-2-1-1-0-1-1-1-1
652	2	1-1-5-1-1-1-1-1-1-1-1-1	1-1-1-3-1-1-3-1-1-1-3-1	4-3-3-5-1-1-3-1-1-1-1-1	3-0-1-1-4-4-1-1-1-1-2-1	4-0-4-4-1-2-3-3-1-1-1-4	1-5-3-2-1-1-3-1-1-1-0-5	3-4-1-0-3-2-1-3-1-2-3-3	1-2-1-3-3-1-1-4-2-1-1-0	2-0-0-3-5-3-1-3-1-2-2-1	4-5-2-1-3-2-3-1-3-1-1-5	0-2-1-0-1-1-0-0-1-3-1-1	1-2-2-1-1-0-3-0-2-2-2-1
652	3	3-3-1-1-1-1-1-3-1-1-1-1	1-6-3-2-1-1-2-4-1-1-2-4	1-2-2-1-2-1-4-4-1-2-4-4	2-4-4-1-2-2-6-2-4-1-4-0	1-0-2-2-2-4-4-2-3-3-1-2	1-3-4-8-3-2-4-1-3-3-4-3	2-2-1-4-2-3-6-2-3-3-2-2	1-2-4-4-2-1-6-2-2-4-1-1	3-0-4-2-3-2-3-2-4-3-2-4	2-2-1-7-2-5-2-3-2-0-0-2	5-2-8-3-8-1-0-4-1-2-1-1	1-2-2-4-0-1-2-0-0-5-6-4
652	4	1-6-1-1-1-5-4-3-1-4-1-1	1-5-5-2-1-1-1-5-1-1-5-3	1-4-5-1-2-1-5-3-5-4-5-3	2-3-5-1-2-2-5-2-5-5-3-0	2-0-2-5-4-3-5-4-5-1-1-2	1-2-3-0-4-2-5-3-4-4-5-3	3-2-4-3-3-1-5-5-4-4-2-2	4-2-3-3-2-1-6-2-2-4-5-4	4-1-5-2-4-5-4-2-8-6-4-6	2-3-4-5-5-3-5-6-3-1-8-2	3-4-6-6-5-1-0-3-5-2-5-1	6-2-2-3-1-1-2-1-6-2-2-3
652	5	6-4-2-6-3-4-8-6-5-5-5-8	5-4-4-2-7-1-5-6-6-1-6-6	6-5-7-7-2-6-4-6-4-6-4-5	6-5-6-1-2-2-4-5-4-4-3-5	2-6-7-4-6-3-6-2-4-5-6-2	1-2-2-2-5-2-4-1-1-4-4-2	6-6-4-6-5-2-4-4-4-1-2-6	4-2-6-3-2-6-4-2-2-6-5-5	7-8-6-3-2-1-6-5-4-5-2-4	8-2-4-4-4-3-4-4-6-5-7-2	3-2-4-4-4-6-6-7-6-5-6-5	4-4-5-5-6-5-5-5-5-3-3-5
652	6	8-6-8-8-6-7-8-5-6-6-6-7	7-4-4-7-7-1-7-7-7-1-7-7	6-7-5-7-7-5-7-5-7-7-7-7	7-5-5-6-7-7-4-7-7-7-7-5	7-5-5-7-5-7-7-6-6-6-5-7	1-7-7-6-5-5-7-7-4-6-3-7	5-6-4-5-5-6-4-7-3-6-7-5	1-6-5-7-7-5-4-7-2-5-7-5	4-0-5-7-8-6-5-7-1-4-7-4	8-7-6-5-7-7-7-4-5-5-5-7	7-4-4-4-7-5-5-5-5-7-5-7	4-7-5-5-5-4-7-0-7-6-7-7
652	7	6-8-6-6-6-8-8-5-8-6-6-8	8-4-4-6-7-8-6-6-8-7-6-6	8-6-5-6-6-5-6-8-6-6-7-6	6-7-5-6-6-6-8-6-6-5-6-8	6-5-5-6-7-6-6-6-7-7-5-6	8-6-6-8-7-5-6-6-7-7-4-6	5-6-4-5-8-7-4-6-7-6-2-6	7-6-5-6-6-7-4-6-2-5-6-7	7-7-5-6-6-0-4-6-4-4-6-4	6-6-7-3-6-6-6-1-8-5-7-6	6-7-8-8-6-5-5-5-5-6-6-7	4-8-8-5-7-5-6-0-6-6-6-6
652	8	8-7-6-6-8-7-7-8-7-6-6-7	7-8-8-6-8-8-7-6-8-8-6-6	8-8-8-7-8-8-8-7-8-8-7-8	7-8-8-8-8-8-7-8-8-8-6-7	6-5-8-8-8-8-7-8-8-8-6-8	7-8-8-7-8-8-8-8-8-8-8-7	7-8-8-5-7-8-8-8-8-8-7-8	8-8-6-7-8-8-2-6-2-5-6-5	7-8-8-8-6-8-8-5-4-4-6-8	5-6-8-8-8-6-8-4-7-8-4-8	3-1-3-7-3-5-7-5-1-8-8-8	8-7-5-5-7-8-8-8-8-8-6-1
653	0	0-0-0-0-0-0-0-0-0-0-0-0	0-0-0-0-0-0-0-0-0-0-0-0	0-0-0-0-0-0-0-0-0-0-0-0	0-0-0-0-0-0-0-0-0-0-0-0	0-0-0-0-0-0-0-0-0-0-0-0	0-0-0-0-0-0-0-0-0-0-0-0	0-0-0-0-0-0-0-0-0-0-0-0	0-0-0-0-0-0-0-0-0-0-0-0	0-0-0-0-0-0-0-0-0-0-0-0	0-0-0-0-0-0-0-0-0-0-0-0	0-0-0-0-0-0-0-0-0-0-0-0	0-0-0-0-0-0-0-0-0-0-0-0
653	1	0-1-1-1-0-1-0-0-0-0-1-1	1-0-0-1-0-0-0-2-0-1-0-0	0-2-0-0-2-0-2-0-0-2-0-2	2-0-0-0-2-2-0-3-1-3-2-0	2-0-2-0-0-1-2-2-0-1-0-2	2-3-0-0-0-2-2-0-0-0-0-3	3-1-0-0-2-0-0-2-0-0-2-0	0-2-1-2-1-0-0-7-7-0-0-0	3-0-2-2-3-7-0-2-0-1-1-1	2-2-0-0-2-1-2-0-2-0-0-2	2-1-0-0-0-1-0-0-0-1-1-1	0-1-1-1-0-1-1-0-1-1-1-3
653	2	2-3-2-2-2-2-2-2-2-2-2-2	1-3-2-1-3-3-1-3-0-1-1-3	3-1-2-1-1-1-3-1-3-1-3-1	1-2-0-1-1-1-0-1-3-2-3-0	1-0-1-2-1-3-3-1-2-0-0-1	1-1-3-0-2-1-3-1-2-2-2-2	2-1-2-2-1-2-4-1-2-0-1-3	2-1-1-1-2-0-5-0-2-2-0-0	0-0-1-1-2-1-0-1-2-3-1-2	1-3-2-5-1-1-1-2-1-3-3-1	3-1-0-5-4-2-0-3-3-1-1-1	0-1-2-3-0-3-1-0-0-4-2-1
653	3	2-2-3-2-2-3-3-3-3-3-2-3	3-2-2-1-3-2-4-2-3-3-4-4	6-4-4-1-3-3-2-4-2-1-2-3	4-3-4-3-1-4-7-1-2-1-4-5	2-4-1-3-5-2-2-3-3-3-3-3	2-1-2-0-3-5-2-1-3-2-2-1	3-1-2-2-3-3-2-4-3-0-5-2	3-1-1-2-1-3-2-1-3-3-3-5	1-3-3-1-1-3-5-6-2-2-1-2	4-2-3-0-4-1-2-0-5-2-4-1	5-1-5-1-3-5-5-5-4-1-1-1	3-1-3-2-3-2-1-3-5-2-4-1
653	4	5-5-6-5-5-5-6-6-5-5-5-5	5-5-5-7-5-6-3-5-5-5-6-5	4-3-5-5-5-5-5-5-5-5-7-5	5-4-5-5-1-5-5-6-5-6-3-5	5-3-4-6-4-4-5-4-5-5-6-4	4-5-5-4-5-6-5-6-4-4-2-4	7-5-5-4-4-4-5-5-5-6-7-6	4-1-5-4-4-5-5-5-4-6-3-4	4-5-5-4-5-5-6-5-5-5-1-6	4-4-6-4-5-5-5-7-6-6-5-1	4-7-7-2-5-7-3-3-7-7-5-6	5-7-4-7-5-5-5-6-4-2-4-7
653	5	4-4-4-7-4-4-4-4-4-4-4-4	4-4-4-6-4-4-4-6-4-4-6-4	4-6-4-4-6-4-6-4-4-4-6-4	6-3-4-4-6-6-4-4-4-4-6-4	4-4-6-5-3-6-6-6-4-4-4-6	4-4-6-5-3-3-6-4-4-4-0-6	4-4-4-5-4-5-4-4-4-4-6-6	4-6-4-6-6-4-2-4-6-4-6-3	4-4-6-6-4-4-4-4-4-4-6-4	6-6-4-4-6-4-4-4-3-3-4-1	3-4-3-2-4-3-3-3-6-6-4-1	4-6-4-6-6-4-6-3-3-6-6-4
653	6	4-7-4-4-4-7-4-4-4-4-4-7	4-4-4-5-4-4-5-5-4-4-4-7	3-5-4-4-5-4-5-4-4-4-6-5	5-6-6-4-5-5-7-4-4-4-5-7	5-3-5-4-6-5-5-5-6-6-4-5	5-4-5-5-6-3-5-4-6-6-2-6	7-4-4-5-7-6-6-6-6-4-5-5	6-5-4-5-5-4-4-4-5-4-5-3	4-6-5-5-4-4-4-3-4-4-5-4	5-5-4-0-5-4-4-4-7-4-6-1	5-6-6-6-4-6-3-6-5-5-4-4	4-5-6-5-5-4-5-4-5-5-5-1
653	7	7-6-5-5-7-6-4-7-4-4-4-6	4-4-7-5-7-4-6-7-7-7-5-6	7-7-7-4-7-4-7-4-4-7-4-7	6-7-4-7-7-7-6-7-7-7-7-6	4-3-7-7-7-7-6-7-7-7-1-4	4-7-6-6-7-3-6-7-7-7-7-6	4-7-7-7-6-7-7-6-7-7-4-4	7-7-7-6-7-4-7-4-7-4-4-3	5-7-7-7-4-7-7-4-4-4-5-7	4-3-7-4-7-1-7-4-6-7-6-7	4-4-4-6-4-4-3-3-4-5-7-7	4-4-6-4-4-7-7-0-7-7-5-4
654	0	0-0-0-0-0-0-0-0-0-0-0-0	0-0-0-0-0-0-0-0-0-0-0-0	0-0-0-0-0-0-0-0-0-0-0-0	0-0-0-0-0-0-0-0-0-0-0-0	0-0-0-0-0-0-0-0-0-0-0-0	0-0-0-0-0-0-0-0-0-0-0-0	0-0-0-0-0-0-0-0-0-0-0-0	0-0-0-0-0-0-0-0-0-0-0-0	0-0-0-0-0-0-0-0-0-0-0-0	0-0-0-0-0-0-0-0-0-0-0-0	0-0-0-0-0-0-0-0-0-0-0-0	0-0-0-0-0-0-0-0-0-0-0-0
654	1	1-2-1-1-1-1-1-0-1-1-1-1	1-0-0-1-0-2-1-2-0-1-2-0	6-1-0-0-2-2-2-2-0-2-3-2	1-2-2-1-1-2-0-1-2-0-0-1	0-0-1-2-2-0-2-2-0-3-0-1	1-3-0-0-0-1-0-0-0-0-0-2	0-0-0-1-2-0-0-0-0-1-0-0	0-0-0-0-0-2-0-0-0-2-1-0	0-1-2-0-0-0-2-0-0-2-0-0	1-1-1-2-0-1-0-0-1-2-0-0	0-0-1-1-1-1-2-1-0-1-0-1	1-1-1-2-1-1-0-1-1-1-1-0
654	2	2-1-3-1-2-2-2-2-2-2-2-3	3-0-0-3-0-1-3-3-3-1-3-3	1-3-3-3-3-1-3-1-3-3-3-3	3-1-1-3-3-3-0-5-3-0-2-2	6-0-2-5-1-2-3-3-1-2-2-3	2-8-3-2-2-3-3-3-0-2-0-3	2-5-2-2-3-0-2-3-0-2-2-3	2-5-2-3-2-1-3-8-2-1-7-0	2-1-3-2-8-3-1-3-0-1-2-2	3-1-1-1-3-2-3-2-3-1-0-2	2-5-2-1-8-2-1-1-7-2-3-1	3-3-2-1-7-2-3-1-2-2-8-2
654	3	3-3-2-3-3-3-3-3-3-2-3-3	2-4-4-2-0-3-2-3-2-1-2-3	1-2-2-2-4-4-2-4-2-4-1-2	2-4-1-2-2-2-3-2-4-5-4-2	2-3-2-3-4-2-2-2-4-4-2-2	2-1-2-2-3-2-4-2-3-3-6-2	3-2-3-3-2-0-5-2-3-5-2-2	3-2-2-2-2-1-7-0-2-7-6-3	3-1-2-2-3-2-1-2-5-3-2-3	2-3-4-4-2-2-2-3-2-3-3-4	2-3-3-3-7-2-2-3-1-2-2-3	2-2-2-0-2-3-2-4-6-2-5-3
654	4	4-4-5-4-4-3-5-4-5-5-4-4	5-3-3-2-5-5-2-4-5-5-5-5	4-5-7-5-4-5-5-4-6-3-4-4	5-5-5-4-4-5-5-4-3-4-3-5	3-5-4-4-5-3-5-5-3-4-5-4	5-3-0-5-7-6-3-5-6-4-0-5	4-2-4-5-5-4-5-5-3-4-5-5	5-4-2-5-2-5-4-5-6-6-5-5	5-6-4-5-6-4-6-5-8-4-3-6	5-6-4-3-6-2-6-4-5-6-5-3	6-4-4-8-6-5-5-5-5-5-3-5	5-5-4-5-6-6-3-5-5-5-4-4
654	5	4-5-4-5-6-6-4-4-4-4-4-4	4-6-6-2-4-4-4-4-4-4-4-4	1-4-4-4-2-4-4-4-6-6-6-6	4-4-4-4-2-4-6-2-6-6-6-4	2-4-2-2-4-5-6-4-3-4-4-2	4-1-3-4-4-4-6-2-5-5-0-4	6-2-7-4-4-5-6-4-6-3-4-4	4-2-2-4-2-4-5-4-4-7-4-4	4-4-6-4-4-4-4-6-7-5-2-2	4-4-5-8-4-3-2-4-4-4-4-4	4-6-4-3-4-4-4-4-4-4-7-5	4-2-4-4-4-3-2-4-4-4-3-3
654	6	7-8-8-8-5-5-4-4-6-4-6-4	7-5-5-7-7-4-7-7-7-4-7-8	1-7-4-7-7-4-7-5-5-7-5-7	7-4-4-6-7-7-5-6-7-5-7-8	7-4-8-7-4-7-7-7-3-6-6-7	6-6-7-2-6-4-7-7-4-3-3-7	8-7-5-5-5-6-5-5-5-4-7-7	6-6-8-7-2-4-5-8-7-4-7-4	4-4-5-7-4-4-4-5-5-5-7-4	4-7-5-5-7-7-4-4-4-4-7-7	4-5-4-3-4-4-4-4-4-4-5-6	4-6-6-7-4-4-2-4-4-6-7-3
654	7	6-8-4-4-5-8-4-4-6-4-6-4	6-5-5-6-6-4-6-6-6-4-6-6	6-6-4-6-6-7-6-4-8-6-7-6	6-7-7-6-6-6-8-6-6-7-6-4	6-4-6-6-7-7-6-6-7-7-6-6	6-0-6-8-7-4-6-6-7-7-0-7	8-6-5-7-8-7-5-0-7-5-6-6	7-2-2-6-2-8-5-2-6-5-6-4	7-7-7-6-6-5-7-5-5-7-6-2	7-6-7-3-6-6-0-4-8-7-6-6	6-7-7-3-3-8-7-6-6-2-5-7	4-7-7-7-2-7-2-4-6-6-6-2
654	8	8-6-6-6-8-7-4-8-4-4-4-8	4-5-8-6-8-8-6-6-8-8-6-6	8-8-8-2-8-8-7-7-7-8-8-8	6-8-8-8-8-8-7-8-8-8-8-6	6-4-6-8-8-8-7-8-8-8-6-6	7-8-7-7-8-4-8-8-8-8-0-8	6-8-8-8-5-8-8-8-8-8-7-8	8-8-6-8-8-7-8-2-7-8-4-4	7-7-7-8-6-8-8-7-4-4-6-1	7-8-8-5-8-6-8-4-7-8-5-8	6-8-5-4-7-7-7-4-8-4-8-8	4-7-7-8-4-8-8-4-8-8-6-8
655	0	0-0-0-0-0-0-0-0-0-0-0-0	0-0-0-0-0-0-0-0-0-0-0-0	0-0-0-0-0-0-0-0-0-0-0-0	0-0-0-0-0-0-0-0-0-0-0-0	0-0-0-0-0-0-0-0-0-0-0-0	0-0-0-0-0-0-0-0-0-0-0-0	0-0-0-0-0-0-0-0-0-0-0-0	0-0-0-0-0-0-0-0-0-0-0-0	0-0-0-0-0-0-0-0-0-0-0-0	0-0-0-0-0-0-0-0-0-0-0-0	0-0-0-0-0-0-0-0-0-0-0-0	0-0-0-0-0-0-0-0-0-0-0-0
655	1	1-1-1-1-1-1-1-1-1-1-1-2	0-2-1-0-0-2-0-1-1-1-0-1	1-0-0-1-0-1-2-0-2-1-2-0	0-0-2-0-0-0-0-0-2-2-2-0	2-2-0-0-0-1-2-0-2-0-1-0	4-0-0-0-0-0-2-0-2-1-2-0	0-1-1-0-0-1-0-1-1-1-0-2	1-1-1-0-1-0-2-0-0-1-0-0	1-0-2-0-0-0-1-0-2-0-0-0	0-0-1-2-1-0-2-2-0-4-0-1	1-0-2-1-1-1-0-1-3-0-1-1	2-1-0-3-0-1-0-0-0-0-0-1
655	2	2-1-3-1-2-2-2-1-2-2-3-3	3-1-1-3-0-1-3-3-1-1-3-3	0-3-4-3-3-2-3-3-3-3-1-3	3-0-3-3-3-3-1-3-2-1-3-5	3-1-4-6-0-1-3-3-1-7-3-3	3-4-3-5-2-3-3-3-1-1-1-4	2-3-1-0-3-2-1-3-1-2-2-3	1-2-3-3-2-0-1-5-2-1-0-0	2-0-3-2-4-2-0-3-1-2-4-2	3-2-2-3-3-4-3-1-3-0-3-4	3-2-1-1-1-2-2-2-1-2-3-1	1-3-2-2-3-2-3-0-2-0-2-2
655	3	3-3-2-3-4-3-3-3-3-3-4-2	2-4-4-2-3-4-2-4-4-4-2-3	2-2-2-2-2-5-4-5-6-2-4-2	2-6-2-2-2-2-6-2-5-5-4-2	2-3-2-2-4-2-4-2-4-3-2-2	2-3-4-2-3-2-4-2-3-3-5-2	2-2-3-4-2-3-4-2-1-3-4-4	1-3-2-2-2-4-5-4-4-4-0-3	6-0-2-2-3-3-1-2-6-3-2-2	2-3-3-4-2-3-2-3-2-3-3-2	2-2-1-3-7-2-4-3-1-2-2-1	6-2-2-3-2-3-2-0-2-0-3-3
655	4	4-3-2-4-3-5-4-5-5-4-3-4	4-3-3-2-5-3-2-3-5-3-5-5	6-2-6-2-4-5-3-4-3-5-3-4	5-4-5-5-2-2-5-2-3-3-3-2	2-5-2-4-5-3-5-4-4-6-6-2	3-2-3-4-5-5-3-2-3-3-3-2	5-2-2-3-5-4-3-5-4-3-3-3	1-2-5-3-2-5-3-3-3-5-4-5	1-5-5-3-2-4-5-5-7-4-2-4	5-5-4-7-5-5-0-3-5-5-5-2	5-4-5-3-1-5-5-5-5-2-3-5	4-2-2-4-5-5-2-5-7-6-4-3
655	5	5-7-5-5-5-4-4-5-5-5-5-5	4-3-3-6-4-6-5-7-4-3-6-4	5-6-6-6-5-7-6-4-3-6-6-5	6-4-4-4-6-6-4-5-6-6-6-2	6-5-6-2-6-6-6-6-4-5-7-6	6-6-6-2-4-4-6-6-3-3-3-6	6-5-5-6-4-5-4-6-5-5-6-6	1-5-4-6-6-4-3-6-6-4-6-4	4-4-6-6-7-5-4-6-4-3-6-2	4-6-5-4-6-4-6-3-4-4-6-6	4-5-4-3-7-5-4-4-4-6-6-4	3-6-5-6-4-4-5-4-6-5-6-3
655	6	5-7-5-5-6-7-7-5-7-6-6-7	7-3-3-5-6-6-4-4-7-3-5-7	4-5-5-5-5-5-5-5-3-5-6-5	5-6-6-4-5-5-7-5-5-5-5-7	5-4-5-2-5-5-7-5-6-6-4-5	5-6-5-7-6-4-5-5-6-6-1-7	7-5-6-5-4-6-4-5-6-3-5-5	6-5-2-5-5-6-3-5-5-6-5-4	3-6-5-5-5-5-4-5-3-4-5-2	4-5-6-3-5-5-5-3-7-4-5-5	5-6-5-3-3-6-4-5-5-5-6-6	3-5-7-5-6-3-5-4-5-4-5-3
655	7	7-6-5-5-7-6-6-7-6-5-5-6	6-7-7-5-7-7-4-7-7-7-5-6	7-7-7-5-7-7-7-6-7-7-6-7	6-7-7-7-7-7-6-7-6-7-7-6	5-7-7-7-7-7-6-7-7-7-5-5	6-7-7-7-7-7-6-7-7-7-7-6	6-7-7-7-5-7-7-7-7-5-7-7	7-7-7-6-7-5-5-5-5-2-6-4	2-7-7-7-5-7-7-5-7-3-5-2	5-4-7-4-7-7-7-3-6-7-5-7	4-7-7-4-5-6-4-4-4-6-7-7	7-6-6-3-4-7-7-4-7-7-5-7
656	0	0-0-0-0-0-0-0-0-0-0-0-0	0-0-0-0-0-0-0-0-0-0-0-0	0-0-0-0-0-0-0-0-0-0-0-0	0-0-0-0-0-0-0-0-0-0-0-0	0-0-0-0-0-0-0-0-0-0-0-0	0-0-0-0-0-0-0-0-0-0-0-0	0-0-0-0-0-0-0-0-0-0-0-0	0-0-0-0-0-0-0-0-0-0-0-0	0-0-0-0-0-0-0-0-0-0-0-0	0-0-0-0-0-0-0-0-0-0-0-0	0-0-0-0-0-0-0-0-0-0-0-0	0-0-0-0-0-0-0-0-0-0-0-0
656	1	1-1-1-1-1-1-1-1-1-1-1-1	2-0-1-1-1-1-1-2-0-1-2-2	0-2-0-6-2-1-2-2-0-2-0-1	2-0-0-2-2-2-0-5-1-0-1-0	1-0-1-2-0-1-2-2-1-0-0-2	1-0-2-0-0-1-2-2-1-1-0-2	0-1-1-0-2-1-3-2-1-1-1-2	1-1-1-2-1-1-0-1-1-0-0-0	1-0-2-2-6-1-0-2-0-1-1-2	0-1-0-0-2-1-2-1-2-0-1-1	0-1-0-0-0-1-1-1-0-1-2-0	0-2-1-0-0-1-2-0-1-1-1-1
656	2	2-2-1-2-2-2-2-2-2-2-2-2	1-3-2-1-1-2-1-1-2-2-1-3	0-1-2-1-1-2-1-1-0-3-1-3	1-3-3-1-1-1-2-1-3-3-3-2	1-0-1-2-3-3-1-1-3-2-1-1	1-2-4-0-2-1-3-1-2-2-5-2	5-1-2-2-1-2-4-1-2-2-1-3	2-0-5-1-1-3-5-3-1-0-2-0	3-0-1-1-4-2-5-3-2-2-1-1	0-1-3-3-1-3-1-2-1-3-3-1	3-1-0-5-6-3-3-3-3-1-1-2	0-1-1-3-0-3-1-0-5-1-1-5
656	3	4-3-4-4-4-3-4-3-3-3-3-4	3-2-2-1-4-3-4-3-4-4-5-4	3-4-4-4-3-4-3-3-4-2-3-3	4-3-4-3-1-2-3-4-2-2-2-3	2-5-3-3-4-2-4-3-2-3-3-6	3-4-2-3-5-5-2-1-2-2-2-4	4-4-3-4-4-3-3-4-2-3-4-2	4-3-4-4-3-4-4-4-4-4-4-3	4-5-4-2-1-3-3-4-2-3-2-4	3-4-5-4-4-2-4-3-4-4-4-1	4-4-4-3-2-6-5-4-5-3-4-2	4-1-3-4-4-4-4-5-4-2-3-1
656	4	5-5-3-6-5-5-3-5-5-5-5-3	4-5-5-3-3-5-3-5-3-5-6-5	4-5-5-5-5-3-5-3-5-5-4-5	5-3-6-5-5-5-3-3-5-2-5-3	5-3-5-5-3-4-5-5-3-4-5-5	4-4-5-5-3-3-5-5-2-2-2-3	3-3-4-3-3-4-2-3-2-3-5-5	3-5-3-5-5-3-3-5-3-3-5-3	3-3-3-4-5-2-3-3-2-3-5-3	5-3-3-3-5-5-5-3-3-3-3-6	3-3-3-3-3-3-3-3-3-4-3-4	3-5-4-5-3-3-5-3-3-2-5-4
656	5	4-4-4-4-4-4-4-4-4-4-4-6	4-4-4-1-3-4-4-4-4-4-4-4	3-6-4-4-4-4-4-6-4-4-4-4	4-5-5-4-4-4-3-1-4-5-4-6	4-3-4-4-5-5-6-4-5-5-4-4	6-6-4-4-3-3-4-4-5-5-2-5	6-4-4-5-6-5-5-4-5-6-4-4	5-4-2-4-4-3-6-4-6-3-4-5	5-3-5-5-4-2-5-6-2-3-4-3	4-5-5-4-4-4-4-6-6-5-5-4	4-1-3-2-2-6-3-2-3-5-5-5	3-4-6-5-5-5-4-3-2-5-4-2
656	6	6-5-4-4-6-6-4-6-4-4-4-5	4-6-6-1-6-4-4-6-3-6-4-5	6-6-6-1-6-5-5-5-4-6-4-6	6-6-4-6-6-6-3-6-6-6-6-5	4-3-6-6-3-6-5-6-6-6-4-3	5-5-5-5-6-3-6-6-6-6-6-6	5-6-6-6-5-6-2-6-6-6-6-4	6-6-1-5-6-5-4-1-5-4-3-3	5-3-6-5-1-6-6-5-6-3-4-1	5-3-6-6-6-4-4-5-5-6-2-6	2-1-6-6-2-3-3-3-3-5-6-6	3-5-6-3-3-6-6-3-6-6-1-1
657	0	0-0-0-0-0-0-0-0-0-0-0-0	0-0-0-0-0-0-0-0-0-0-0-0	0-0-0-0-0-0-0-0-0-0-0-0	0-0-0-0-0-0-0-0-0-0-0-0	0-0-0-0-0-0-0-0-0-0-0-0	0-0-0-0-0-0-0-0-0-0-0-0	0-0-0-0-0-0-0-0-0-0-0-0	0-0-0-0-0-0-0-0-0-0-0-0	0-0-0-0-0-0-0-0-0-0-0-0	0-0-0-0-0-0-0-0-0-0-0-0	0-0-0-0-0-0-0-0-0-0-0-0	0-0-0-0-0-0-0-0-0-0-0-0
657	1	1-1-1-2-1-1-1-0-1-1-2-1	1-1-0-1-0-2-1-0-2-1-0-0	1-2-2-0-0-2-0-2-0-0-0-0	2-2-0-0-0-2-0-4-0-0-0-1	0-1-1-0-2-0-2-2-2-1-0-0	0-3-0-0-1-1-0-0-0-0-0-2	1-0-0-1-0-0-0-0-0-1-3-1	1-0-3-1-1-2-0-0-1-1-3-1	3-2-2-0-0-0-2-2-1-1-0-2	3-1-0-2-0-3-0-0-2-2-3-1	3-0-1-0-0-1-2-3-3-0-0-1	1-0-1-1-1-1-1-2-1-0-1-0
657	2	1-1-2-1-2-2-2-2-2-2-3-2	3-1-2-3-0-1-1-3-1-2-0-3	1-1-1-4-3-1-3-1-0-4-3-3	3-1-1-4-3-3-3-3-3-1-2-1	3-1-1-3-1-2-3-3-1-2-0-3	2-3-3-4-2-3-3-3-0-2-0-4	4-3-4-1-3-2-3-3-2-2-2-3	0-2-2-3-2-1-8-8-2-1-7-1	2-1-3-3-4-0-1-3-0-2-2-1	2-3-0-1-3-4-3-0-3-3-0-2	2-4-1-0-3-1-1-1-2-2-3-2	1-2-1-1-1-2-3-1-2-2-2-2
657	3	3-4-2-3-4-3-3-3-3-2-2-4	2-4-3-2-3-1-2-4-4-4-0-2	1-2-1-2-2-2-4-4-0-2-4-4	2-3-4-2-2-2-2-2-4-4-2-1	2-1-5-3-3-2-4-2-4-4-2-2	2-1-2-3-3-2-2-2-3-3-6-3	2-2-4-4-2-3-2-2-3-3-1-2	3-2-1-2-2-1-6-4-2-3-1-3	3-1-2-2-3-2-1-2-3-3-2-3	1-2-3-2-2-1-2-4-2-4-1-2	1-5-7-3-2-1-1-1-1-2-2-3	1-4-1-1-1-2-2-3-6-2-6-7
657	4	4-3-5-5-3-4-4-4-4-4-4-5	4-3-3-5-4-4-5-5-5-3-5-4	3-5-6-5-2-5-3-3-5-5-3-3	5-4-5-5-2-5-6-1-3-5-4-1	2-8-1-4-5-3-3-5-4-4-4-3	5-2-2-2-6-8-3-2-3-3-0-2	2-2-2-3-5-4-3-5-4-3-4-8	4-2-6-3-2-5-3-3-2-6-5-6	6-6-6-2-2-4-6-5-3-4-2-1	6-6-3-5-6-2-3-3-6-6-6-2	6-2-3-6-4-6-6-6-6-2-4-4	0-3-4-0-6-6-2-4-6-6-3-2
657	5	5-6-6-4-6-6-6-6-6-6-6-6	6-6-6-4-6-6-6-6-6-6-6-6	5-6-7-7-6-6-6-7-6-6-5-6	6-5-6-6-5-5-6-7-5-7-5-5	7-6-3-7-4-5-6-5-5-5-7-5	5-5-6-5-4-6-5-7-6-5-3-5	8-5-5-5-4-5-6-6-5-7-5-6	6-2-4-5-2-5-5-5-5-5-4-5	5-4-8-5-7-7-5-4-6-6-5-5	5-5-5-6-6-5-6-5-5-6-4-5	7-8-5-4-6-5-4-4-8-5-6-5	5-5-5-5-4-5-2-7-5-4-6-5
657	6	5-5-5-8-5-5-5-5-5-5-5-8	5-5-5-7-5-5-5-7-5-5-7-5	1-7-4-8-7-5-7-5-5-5-5-5	5-4-5-5-7-7-5-7-7-5-7-4	7-5-1-7-4-6-7-6-5-5-5-7	5-1-7-7-4-5-6-5-5-6-3-5	7-2-5-4-5-5-5-5-5-6-7-5	5-7-4-6-6-5-3-7-6-4-4-4	4-4-4-6-8-5-4-6-5-5-6-5	5-4-0-5-4-7-5-5-4-5-4-6	4-5-5-4-5-5-4-4-4-7-5-5	5-6-6-5-4-4-2-4-4-4-5-3
657	7	5-8-5-6-5-5-5-5-5-5-5-6	5-5-5-6-5-5-6-6-5-5-6-5	5-6-5-5-6-7-6-5-6-5-7-6	6-7-7-5-6-6-8-6-6-5-6-1	6-5-1-6-7-6-6-6-7-7-5-6	5-1-7-6-7-5-6-5-7-7-0-7	6-2-5-8-4-7-4-6-7-5-6-5	5-6-6-7-6-8-5-6-6-5-2-4	7-4-7-7-5-5-7-7-5-5-7-0	5-6-7-5-7-5-5-5-8-7-4-7	6-5-3-0-7-5-4-4-5-6-5-7	5-7-5-7-7-5-7-5-6-4-3-3
657	8	8-7-6-6-8-7-5-8-5-5-5-6	5-8-8-6-8-5-7-8-8-8-6-5	8-8-8-6-8-5-5-5-5-8-5-8	8-8-5-8-8-8-7-8-8-8-8-4	2-4-1-8-8-8-7-8-8-8-5-8	8-8-7-6-8-4-8-8-8-8-8-8	7-8-8-3-5-8-8-8-8-8-5-5	8-8-6-7-8-7-8-6-6-5-5-4	7-7-5-7-6-8-8-6-8-5-6-0	7-4-8-5-8-5-8-8-7-8-4-8	6-5-3-4-5-7-4-4-5-7-8-8	5-7-8-5-4-8-8-5-8-8-7-5
658	0	0-0-0-0-0-0-0-0-0-0-0-0	0-0-0-0-0-0-0-0-0-0-0-0	0-0-0-0-0-0-0-0-0-0-0-0	0-0-0-0-0-0-0-0-0-0-0-0	0-0-0-0-0-0-0-0-0-0-0-0	0-0-0-0-0-0-0-0-0-0-0-0	0-0-0-0-0-0-0-0-0-0-0-0	0-0-0-0-0-0-0-0-0-0-0-0	0-0-0-0-0-0-0-0-0-0-0-0	0-0-0-0-0-0-0-0-0-0-0-0	0-0-0-0-0-0-0-0-0-0-0-0	0-0-0-0-0-0-0-0-0-0-0-0
658	1	1-1-2-1-2-1-1-1-1-1-1-2	1-1-0-2-0-1-2-1-2-2-2-2	3-1-3-3-2-2-2-2-2-2-2-1	2-3-2-1-2-2-2-2-0-0-2-1	2-3-7-2-7-0-2-2-0-0-2-2	2-2-2-2-0-2-2-0-0-0-0-2	2-0-0-4-2-0-0-2-0-1-2-0	0-4-2-2-2-3-0-2-6-3-4-0	0-3-9-2-0-0-3-2-0-1-2-3	2-2-1-2-2-1-2-2-2-8-2-0	2-5-2-1-2-2-3-1-4-2-2-3	2-2-2-2-4-2-2-1-2-2-2-1
658	2	1-2-1-2-2-1-1-2-1-1-1-1	1-3-2-1-0-2-1-3-3-1-1-3	1-1-1-1-1-1-3-1-1-2-3-3	1-1-1-1-1-1-1-1-3-4-3-1	1-1-1-1-1-2-3-1-3-2-1-1	3-1-1-1-0-1-3-2-2-2-2-1	1-1-2-1-1-0-3-1-2-0-1-3	3-1-1-1-1-1-0-3-1-1-1-2	2-1-1-1-2-2-1-1-3-1-1-1	1-1-4-1-1-1-1-2-1-1-1-1	1-1-1-2-1-1-1-1-1-1-1-2	1-1-1-1-1-1-1-1-1-1-1-1
658	3	4-2-1-1-2-1-2-5-1-1-1-1	4-2-2-3-0-2-1-4-2-1-4-2	1-4-1-5-4-4-4-4-4-4-2-4	4-1-4-4-4-4-4-1-4-2-2-1	4-1-4-4-1-2-4-4-2-3-1-1	4-5-6-7-3-1-4-4-2-3-0-4	1-6-2-1-4-3-4-4-0-1-4-4	5-3-4-4-4-1-0-9-1-1-1-0	2-1-4-4-5-6-1-4-2-7-4-3	1-4-0-2-4-3-2-5-4-1-1-8	1-0-1-5-1-1-1-1-1-3-4-1	1-3-3-1-1-1-8-1-3-3-3-5
658	4	3-4-1-4-4-5-4-4-4-4-1-5	3-5-5-3-6-5-1-5-1-1-3-2	3-3-1-3-3-3-5-5-3-3-5-3	3-3-3-3-3-3-5-1-5-4-2-1	3-1-1-3-1-4-3-3-5-3-1-3	3-3-7-1-5-1-3-3-4-4-8-3	1-3-4-1-3-4-7-3-4-4-3-3	4-3-3-3-3-1-8-3-1-6-1-4	4-1-3-3-2-3-1-1-7-5-3-5	1-3-2-8-1-6-1-8-3-1-8-3	8-4-1-7-8-3-1-5-1-3-3-4	1-3-3-1-1-4-3-1-3-1-4-1
658	5	5-9-6-8-5-5-5-7-5-7-6-8	6-4-4-6-7-4-6-4-6-6-6-6	6-6-6-3-5-7-6-6-7-7-4-5	6-6-7-6-3-6-4-3-4-6-5-6	8-8-1-6-5-4-6-6-5-6-6-6	6-3-4-6-3-6-4-3-0-4-0-5	9-3-4-6-6-5-4-6-0-0-6-3	3-3-7-1-3-6-6-1-1-7-5-7	7-7-6-3-3-5-7-6-4-6-4-4	6-7-2-6-6-3-1-3-6-6-7-3	6-1-1-9-7-7-6-7-6-1-3-5	0-3-5-1-7-4-1-7-3-1-1-3
658	6	5-6-5-6-7-7-6-6-5-5-5-5	5-7-7-5-5-6-5-7-5-5-5-5	5-5-5-3-3-5-7-5-7-8-7-7	5-5-7-5-3-5-7-3-7-8-7-5	3-5-1-5-5-7-7-5-7-5-5-5	5-1-4-5-4-5-4-3-6-6-0-1	7-3-8-5-5-6-4-5-6-8-5-3	6-3-3-4-3-5-5-4-1-6-5-5	6-5-5-3-4-3-5-5-4-5-3-6	5-5-2-5-5-4-1-5-5-5-5-3	5-7-5-5-1-5-5-5-5-3-6-4	1-3-5-1-1-4-3-5-1-5-6-7
658	7	8-7-7-7-6-6-7-7-5-7-8-8	5-6-6-8-5-6-7-8-8-8-8-5	8-8-8-9-8-5-8-5-6-5-6-6	8-5-6-5-8-8-6-1-8-6-8-7	7-5-9-8-1-6-8-8-7-7-9-8	7-9-8-7-7-5-8-7-6-4-0-8	8-8-4-5-6-7-4-9-4-7-8-7	0-7-5-7-7-5-9-9-7-5-8-5	5-5-8-8-9-8-5-6-4-6-7-3	5-8-7-6-8-8-7-4-5-5-5-3	4-6-8-4-5-5-5-5-5-7-7-4	1-7-7-8-5-7-7-5-8-7-8-6
658	8	7-9-7-7-6-9-9-7-9-8-7-5	5-6-6-7-6-9-7-7-7-8-7-5	5-7-7-7-7-8-7-6-9-6-7-7	7-8-8-5-7-7-9-7-7-6-7-7	7-5-7-5-1-7-7-7-8-8-8-7	9-9-7-9-8-5-7-7-8-8-4-7	7-7-6-5-9-8-4-7-8-6-7-7	8-7-3-7-7-9-4-3-9-6-7-5	8-5-8-7-7-7-8-5-4-6-7-3	8-7-8-4-7-7-7-4-9-5-7-3	4-6-7-4-9-8-5-7-8-8-8-8	9-7-1-8-8-8-3-5-7-7-7-6
658	9	9-8-7-7-9-8-8-9-8-7-7-9	8-6-9-7-9-9-8-9-9-9-7-7	9-9-9-7-9-7-8-9-8-9-6-9	7-9-8-9-9-9-8-9-9-9-9-5	7-5-9-9-9-8-8-9-9-9-7-9	8-9-9-8-9-5-9-9-9-9-9-9	7-9-9-5-8-9-9-9-9-9-5-9	9-9-7-7-9-8-7-7-7-1-6-5	5-9-1-8-7-9-9-7-9-9-9-0	8-5-9-9-9-7-9-8-9-9-9-9	4-9-0-5-7-8-9-7-9-8-9-9	1-8-7-9-8-9-9-9-9-9-7-9
659	0	0-0-0-0-0-0-0-0-0-0-0-0	0-0-0-0-0-0-0-0-0-0-0-0	0-0-0-0-0-0-0-0-0-0-0-0	0-0-0-0-0-0-0-0-0-0-0-0	0-0-0-0-0-0-0-0-0-0-0-0	0-0-0-0-0-0-0-0-0-0-0-0	0-0-0-0-0-0-0-0-0-0-0-0	0-0-0-0-0-0-0-0-0-0-0-0	0-0-0-0-0-0-0-0-0-0-0-0	0-0-0-0-0-0-0-0-0-0-0-0	0-0-0-0-0-0-0-0-0-0-0-0	0-0-0-0-0-0-0-0-0-0-0-0
659	1	1-1-1-1-1-0-1-1-1-1-1-1	0-0-0-1-0-1-0-0-0-1-0-0	0-3-4-4-2-1-2-2-0-3-0-2	2-0-0-2-2-2-0-1-1-0-1-1	1-0-1-2-0-1-2-2-1-0-0-2	2-3-2-0-0-2-2-3-1-1-1-3	1-1-1-1-2-1-0-2-3-1-1-2	1-1-1-2-1-2-2-6-1-0-0-0	1-0-2-2-3-2-1-2-0-1-1-1	2-1-1-2-2-1-2-1-2-2-1-1	1-1-0-0-2-1-1-1-1-2-1-0	2-1-1-1-3-1-2-0-1-1-1-1
659	2	2-2-1-2-2-2-2-2-2-2-2-2	0-3-2-1-0-3-0-2-3-2-0-3	2-1-1-1-1-3-3-4-3-1-3-1	1-2-3-1-1-1-4-1-3-3-3-2	1-3-1-1-1-1-3-1-3-2-0-1	1-0-3-0-2-1-3-1-3-2-5-2	3-1-2-2-1-2-3-1-0-2-1-1	2-3-1-1-3-3-4-4-1-2-0-0	2-1-1-1-4-1-2-3-5-2-3-2	3-1-3-5-1-1-3-2-1-3-2-1	5-1-0-2-5-1-3-2-1-1-1-2	2-1-1-2-2-3-1-2-1-1-2-1
659	3	3-2-3-4-2-2-3-3-3-3-3-2	3-2-2-1-4-3-4-4-2-4-4-4	3-4-5-1-2-2-2-4-2-1-2-3	4-4-4-4-1-1-4-3-2-2-2-6	1-6-1-3-4-2-4-3-2-3-4-6	2-1-2-3-4-6-2-1-2-2-2-1	6-1-2-4-4-1-2-0-1-1-4-2	2-2-4-2-2-4-5-0-1-5-3-3	4-4-4-1-1-3-4-4-6-3-2-4	4-1-2-6-4-1-2-2-1-4-4-1	4-1-3-2-3-4-4-4-4-2-2-0	5-1-3-4-4-2-1-5-1-3-3-1
659	4	4-4-4-5-2-2-4-5-3-3-4-4	4-2-2-6-3-4-3-5-5-3-6-3	5-5-5-1-5-6-5-3-3-5-3-5	5-3-3-5-5-5-3-4-5-4-5-3	5-3-5-3-3-4-5-4-2-3-3-5	4-4-2-4-3-3-5-1-2-2-2-5	5-1-2-3-3-4-4-6-4-6-5-6	3-5-3-5-5-3-2-5-6-3-5-3	3-3-3-5-5-3-3-5-2-5-5-3	3-5-3-2-3-1-3-2-1-3-3-1	3-1-5-2-5-3-3-3-3-1-2-4	3-1-4-3-3-3-1-3-5-1-5-5
659	5	4-6-4-4-5-6-5-4-6-5-4-6	5-2-2-4-5-6-3-4-6-5-4-6	4-4-4-4-4-5-4-6-6-4-5-4	4-5-5-4-4-4-6-5-4-5-4-3	4-3-4-3-5-4-6-4-5-5-3-4	6-5-4-6-5-1-4-1-5-5-2-4	4-4-2-3-6-5-2-6-5-2-4-4	5-4-1-4-4-5-6-4-6-3-4-5	5-3-5-4-4-4-5-4-2-4-4-5	5-5-5-2-5-1-5-2-0-4-5-1	2-1-5-2-6-6-3-4-5-5-5-4	6-6-5-5-5-5-5-3-4-1-4-4
659	6	6-5-4-4-6-6-5-6-5-5-5-5	5-6-6-4-6-6-3-6-5-6-4-5	6-6-6-6-6-4-5-5-5-6-6-6	5-6-6-6-6-6-5-6-5-6-6-3	4-3-6-6-5-6-5-6-6-6-5-3	5-6-6-6-6-3-4-6-6-6-6-6	5-6-6-6-5-6-6-6-6-6-6-4	6-6-6-5-6-5-5-4-4-3-3-3	5-6-6-5-4-1-3-5-6-2-4-2	5-5-6-3-5-1-6-5-6-6-3-6	6-1-3-3-5-5-6-4-2-5-6-6	5-5-3-2-5-6-6-3-6-6-4-6
660	0	0-0-0-0-0-0-0-0-0-0-0-0	0-0-0-0-0-0-0-0-0-0-0-0	0-0-0-0-0-0-0-0-0-0-0-0	0-0-0-0-0-0-0-0-0-0-0-0	0-0-0-0-0-0-0-0-0-0-0-0	0-0-0-0-0-0-0-0-0-0-0-0	0-0-0-0-0-0-0-0-0-0-0-0	0-0-0-0-0-0-0-0-0-0-0-0	0-0-0-0-0-0-0-0-0-0-0-0	0-0-0-0-0-0-0-0-0-0-0-0	0-0-0-0-0-0-0-0-0-0-0-0	0-0-0-0-0-0-0-0-0-0-0-0
660	1	1-1-1-1-1-1-1-1-1-1-1-1	0-0-1-0-0-0-0-2-1-1-0-0	1-0-0-1-0-2-2-0-0-0-2-2	0-0-1-0-1-0-0-0-2-1-2-0	2-0-0-0-0-2-2-0-1-2-3-0	4-2-0-0-0-0-2-0-2-1-4-0	2-1-1-0-0-0-0-0-1-1-0-1	1-1-4-1-1-4-2-1-0-1-0-0	1-0-0-0-0-0-0-0-2-1-0-0	0-0-1-0-1-2-0-1-0-0-0-1	0-0-8-1-0-0-0-0-0-0-0-1	0-1-0-0-0-1-0-0-0-0-1-0
660	2	3-2-2-1-1-2-2-1-2-2-2-3	2-2-1-3-0-3-3-1-3-3-3-3	1-3-0-3-3-3-3-3-0-3-1-3	3-0-3-2-3-3-0-2-3-1-1-0	1-0-4-3-6-1-3-3-2-1-1-3	3-1-4-2-3-3-3-4-1-1-0-4	1-1-1-0-3-0-3-3-2-4-7-3	1-2-7-3-3-0-1-2-2-0-2-0	0-0-3-3-4-3-0-3-1-2-2-2	2-7-0-0-3-4-3-1-3-2-0-2	0-3-1-1-0-0-0-0-0-3-3-2	0-4-2-2-0-0-4-0-0-0-2-4
660	3	4-3-3-3-3-3-3-3-3-3-3-4	2-4-3-2-3-4-2-4-2-2-2-3	3-2-5-2-2-2-4-4-4-2-4-2	2-3-2-2-2-2-3-2-4-4-4-0	4-0-5-2-2-3-4-2-3-3-1-2	2-2-5-3-3-2-4-3-1-3-3-2	3-1-4-0-2-3-3-2-3-3-2-2	3-4-2-2-2-0-4-2-2-3-2-0	3-0-2-2-3-2-7-4-4-2-2-2	0-5-3-2-4-2-4-1-2-4-4-2	7-3-0-4-4-0-0-5-0-2-2-3	7-2-2-3-5-4-2-0-7-4-7-2
660	4	3-3-4-4-3-3-4-4-4-4-2-3	4-3-3-4-5-3-4-5-5-4-5-5	7-5-5-2-4-5-3-3-3-2-3-5	5-4-4-2-2-2-5-2-3-5-3-0	3-7-2-4-7-3-3-5-4-4-2-5	1-2-2-4-4-6-3-2-1-3-1-2	1-1-3-0-5-0-3-5-1-3-6-1	1-3-6-2-2-5-3-2-2-6-6-7	6-5-3-2-2-0-6-3-3-2-2-2	6-6-4-0-3-2-3-1-6-3-5-2	8-3-6-3-3-4-7-5-8-4-4-2	4-2-4-3-6-3-2-7-8-3-3-2
660	5	5-5-6-7-6-6-6-7-6-5-6-6	6-5-5-4-6-7-6-5-6-6-4-6	5-6-6-8-6-6-6-6-6-6-5-4	6-6-6-5-6-4-6-6-5-7-5-6	6-6-6-7-5-5-5-5-6-5-6-5	5-6-6-7-4-6-5-6-5-5-3-5	8-6-5-5-6-5-7-6-5-3-8-5	5-2-5-5-5-7-5-5-2-5-8-5	5-4-6-3-6-7-8-6-7-5-2-6	7-5-7-6-6-5-6-5-6-5-6-6	5-8-6-5-8-8-4-4-8-5-6-7	8-8-5-8-5-7-7-4-5-5-3-8
660	6	7-6-8-6-5-5-5-5-5-5-5-6	7-5-5-7-5-5-7-6-5-5-7-7	6-7-7-5-7-5-7-5-7-5-6-7	7-7-5-7-7-7-7-7-7-5-7-5	7-5-7-7-2-7-7-7-5-6-7-7	6-7-7-5-6-8-7-7-5-6-3-7	7-5-6-5-5-6-5-7-5-3-7-6	5-7-8-7-7-5-8-7-7-5-7-4	4-4-7-7-7-5-4-7-5-5-7-5	7-7-5-5-7-8-8-5-4-4-5-7	4-5-5-5-5-5-4-5-7-7-5-5	5-7-6-5-7-5-5-4-7-5-3-7
660	7	6-6-5-6-5-8-6-5-5-5-6-8	6-5-5-6-5-5-6-6-6-5-6-6	4-6-6-5-6-6-6-5-6-6-7-6	6-6-5-6-6-6-6-6-6-5-6-8	6-4-6-6-7-6-6-6-5-5-6-6	6-6-6-5-7-6-6-6-7-7-3-7	6-6-5-8-6-7-5-6-7-5-2-6	7-6-2-6-6-5-3-6-2-5-6-4	4-7-6-6-6-5-3-6-5-7-6-5	6-6-5-5-6-6-6-5-8-4-5-6	5-7-5-0-7-5-4-4-6-6-5-5	5-6-8-7-6-5-5-4-6-4-3-6
660	8	8-6-6-6-8-7-5-8-6-5-5-7	5-5-8-6-8-5-6-8-6-8-6-6	8-8-8-5-8-5-6-5-6-8-6-8	7-8-8-6-8-8-7-8-5-8-8-7	6-5-8-8-8-8-7-8-8-8-6-6	5-8-8-7-8-6-8-8-8-8-8-7	7-8-8-8-6-8-8-8-8-8-5-5	8-6-8-6-8-6-6-6-2-5-5-4	6-4-8-7-6-8-8-4-8-5-6-6	6-4-8-5-8-6-6-5-7-8-5-8	4-5-1-8-5-5-4-4-5-5-8-8	5-5-7-5-5-8-8-4-4-8-3-5
661	0	0-0-0-0-0-0-0-0-0-0-0-0	0-0-0-0-0-0-0-0-0-0-0-0	0-0-0-0-0-0-0-0-0-0-0-0	0-0-0-0-0-0-0-0-0-0-0-0	0-0-0-0-0-0-0-0-0-0-0-0	0-0-0-0-0-0-0-0-0-0-0-0	0-0-0-0-0-0-0-0-0-0-0-0	0-0-0-0-0-0-0-0-0-0-0-0	0-0-0-0-0-0-0-0-0-0-0-0	0-0-0-0-0-0-0-0-0-0-0-0	0-0-0-0-0-0-0-0-0-0-0-0	0-0-0-0-0-0-0-0-0-0-0-0
661	1	1-1-1-1-1-1-1-2-1-1-1-1	1-0-0-1-0-1-1-0-0-1-1-1	3-1-3-0-1-0-2-1-0-1-0-2	1-2-2-1-1-2-0-0-0-0-0-5	0-5-5-0-3-0-0-1-0-1-0-1	1-0-0-1-0-1-0-1-0-0-0-2	0-0-0-1-2-0-0-0-0-0-1-0	1-0-0-0-0-8-0-0-0-1-1-0	0-4-1-0-0-0-0-0-9-1-1-0	0-0-0-0-0-0-0-1-1-3-1-0	0-0-1-0-1-1-4-1-0-1-0-1	1-2-1-4-1-1-0-1-1-1-1-1
661	2	2-2-2-4-3-3-2-3-3-3-3-3	3-3-3-1-4-3-2-3-3-3-3-3	2-3-4-3-3-4-3-3-4-3-3-3	3-1-3-3-2-3-5-4-3-3-3-2	3-3-2-5-5-2-3-2-3-3-4-2	2-3-4-3-6-3-3-3-4-2-0-3	2-2-2-2-1-5-3-3-2-3-2-3	2-2-4-2-2-3-2-0-0-3-2-3	2-2-2-2-3-2-3-2-3-2-2-2	3-2-3-2-0-2-2-2-1-4-3-2	2-6-3-2-3-4-2-2-2-2-3-2	3-1-2-2-4-3-2-3-4-6-2-5
661	3	2-2-3-2-2-2-2-2-2-2-2-2	2-2-2-3-2-2-2-2-2-2-4-2	1-2-4-2-6-2-4-2-2-2-2-2	4-1-2-2-4-4-2-3-2-2-2-1	5-2-4-6-2-2-4-4-2-2-2-4	4-5-4-2-2-6-4-2-2-0-0-5	4-4-2-2-4-3-2-4-3-2-4-4	2-4-2-4-4-2-9-5-4-2-8-2	3-1-4-4-5-0-2-4-2-3-4-4	4-4-2-2-4-4-4-2-4-1-2-5	2-3-2-2-2-2-2-2-2-4-4-5	2-3-3-6-2-2-4-2-3-3-3-0
661	4	2-2-2-2-4-4-2-4-2-2-2-2	2-5-4-3-2-2-2-2-2-2-3-2	3-4-2-3-3-2-5-2-2-3-5-3	3-4-2-2-3-3-7-2-5-6-5-1	2-2-3-4-2-4-5-3-4-4-2-3	3-3-6-2-4-3-5-4-5-4-7-4	3-3-4-1-3-4-7-3-0-6-3-3	6-3-2-3-3-2-7-3-3-4-3-2	3-1-5-3-4-4-5-3-2-4-3-6	3-3-2-5-3-3-3-4-3-2-2-3	3-2-8-5-2-2-1-4-1-3-3-2	2-3-3-5-2-2-3-2-8-8-7-2
661	5	2-4-6-7-2-2-2-2-2-6-2-6	6-4-4-6-2-2-6-5-6-2-6-7	5-6-6-3-5-6-6-2-2-3-4-5	6-6-6-6-3-6-2-3-4-4-4-7	3-7-5-8-7-4-6-6-4-5-2-6	6-3-4-2-7-3-4-2-4-4-0-3	3-3-2-6-6-7-4-6-3-2-6-3	4-4-7-4-3-7-4-3-3-7-5-7	7-5-4-3-3-5-7-7-2-5-3-4	6-7-2-4-7-3-4-2-7-6-7-3	7-3-2-6-6-7-7-7-7-5-3-9	2-3-6-4-7-7-3-7-5-4-4-2
661	6	5-9-5-6-6-4-6-2-2-5-2-5	5-7-6-5-8-2-5-7-5-2-5-5	5-5-5-2-3-5-7-8-7-7-7-6	5-5-5-5-3-5-7-2-7-4-7-5	3-5-1-3-5-7-7-5-7-6-6-5	5-5-4-5-5-3-7-4-6-6-0-6	5-7-6-5-5-6-4-5-6-4-5-3	4-3-5-4-6-5-5-6-3-6-5-5	6-6-7-7-4-6-9-5-4-5-3-4	5-3-2-9-3-6-3-8-5-5-5-3	5-2-2-5-9-5-5-5-5-9-5-6	7-3-5-6-5-2-3-5-5-2-6-9
661	7	7-9-9-9-6-7-9-2-2-7-7-7	5-6-6-8-8-2-8-8-8-2-8-8	7-8-5-9-8-7-8-4-8-8-6-7	8-5-6-7-8-8-6-7-8-4-8-5	7-5-9-7-5-8-8-8-6-7-9-8	8-9-8-2-7-8-6-7-6-4-4-8	7-6-6-5-6-6-4-9-6-2-8-8	5-8-5-8-8-5-4-8-3-5-8-5	9-1-6-6-8-8-5-5-2-8-8-8	5-8-7-6-8-8-7-6-5-5-5-8	5-7-8-5-2-5-5-5-5-3-6-6	6-7-7-1-5-5-7-5-8-3-8-6
661	8	7-9-7-7-6-9-9-9-9-7-7-9	5-6-6-7-7-9-7-7-7-2-7-7	7-7-5-9-7-8-7-6-7-7-8-7	7-8-8-7-7-7-9-7-7-8-7-5	7-5-7-5-8-7-9-7-8-8-7-7	9-9-7-9-8-7-7-7-8-8-4-8	7-7-6-9-9-6-8-7-8-8-7-7	8-7-7-7-7-9-4-7-8-5-7-5	8-8-8-8-7-7-8-7-2-7-7-7	8-7-8-6-7-7-0-6-6-5-7-7	5-8-7-2-9-8-5-8-5-8-8-8	9-9-8-8-8-8-8-5-7-4-7-7
661	9	9-8-7-7-9-8-7-9-8-2-7-8	8-6-9-7-9-9-7-7-9-9-8-7	9-8-9-9-9-9-8-8-8-9-7-9	7-9-8-9-9-9-8-9-9-9-7-5	7-5-9-9-9-9-8-9-9-9-7-7	8-9-9-4-9-9-9-9-9-9-9-9	8-9-9-8-8-9-9-7-9-9-8-9	9-9-7-7-9-8-7-7-3-6-7-8	7-9-9-8-7-9-9-5-9-3-7-7	8-9-9-6-9-7-9-8-9-9-5-9	5-2-0-9-8-8-5-5-5-6-9-9	8-8-1-9-5-9-9-5-9-9-7-6
662	0	0-0-0-0-0-0-0-0-0-0-0-0	0-0-0-0-0-0-0-0-0-0-0-0	0-0-0-0-0-0-0-0-0-0-0-0	0-0-0-0-0-0-0-0-0-0-0-0	0-0-0-0-0-0-0-0-0-0-0-0	0-0-0-0-0-0-0-0-0-0-0-0	0-0-0-0-0-0-0-0-0-0-0-0	0-0-0-0-0-0-0-0-0-0-0-0	0-0-0-0-0-0-0-0-0-0-0-0	0-0-0-0-0-0-0-0-0-0-0-0	0-0-0-0-0-0-0-0-0-0-0-0	0-0-0-0-0-0-0-0-0-0-0-0
662	1	1-1-1-1-1-1-1-1-1-1-2-1	1-0-0-1-0-1-2-2-2-0-0-2	2-2-2-2-1-1-2-2-0-0-2-1	2-2-2-1-1-1-0-2-0-0-0-4	0-3-4-0-2-0-2-1-2-0-1-1	0-2-0-0-0-1-2-1-0-0-0-2	0-0-0-2-0-1-0-0-0-1-0-2	1-0-0-0-0-2-0-1-1-2-2-2	0-2-0-0-1-0-2-2-0-1-1-1	0-1-1-2-0-0-0-0-2-2-1-0	0-1-1-0-1-1-1-2-3-1-1-1	2-0-1-0-0-1-1-1-1-1-1-1
662	2	2-2-2-2-3-1-2-6-2-2-1-2	3-0-0-1-0-2-1-1-3-2-3-1	1-1-1-6-3-1-3-1-1-4-3-3	3-1-1-3-3-3-0-3-3-1-2-1	3-0-0-0-1-2-3-3-1-2-3-3	3-4-3-2-1-4-3-3-2-2-0-4	0-2-4-1-3-0-4-3-4-2-6-3	1-2-2-3-3-1-0-7-2-1-2-1	2-1-3-3-4-2-1-3-0-2-2-2	2-3-1-1-3-4-3-0-3-1-0-2	2-4-1-4-1-2-1-1-0-3-2-1	1-2-2-0-0-4-3-1-1-2-7-4
662	3	3-3-2-3-3-3-3-3-3-3-1-4	2-4-4-2-0-3-1-4-2-3-2-2	1-2-2-2-2-4-2-4-4-2-4-4	2-1-4-2-2-2-0-2-4-6-4-1	2-1-5-3-1-4-4-2-4-2-4-2	2-2-4-2-3-2-4-2-3-3-6-2	4-2-3-1-2-3-4-2-3-6-2-4	3-2-2-2-2-4-5-4-4-4-3-7	2-1-2-2-3-5-3-2-2-3-4-3	2-2-4-0-2-3-2-6-2-3-4-2	4-3-0-5-1-3-3-4-1-2-5-3	1-2-1-4-0-2-2-3-1-2-3-3
662	4	4-3-4-4-3-3-4-4-4-4-1-3	4-3-3-4-5-4-5-6-4-5-5-5	6-5-5-2-3-5-3-5-3-2-3-4	5-4-5-5-2-2-4-2-3-5-3-5	2-5-1-4-5-3-3-4-6-6-3-3	6-2-3-4-6-2-3-2-3-3-3-5	7-2-2-4-5-1-3-5-2-3-5-3	3-2-3-3-2-5-3-3-3-3-5-6	4-5-5-2-2-3-4-3-0-4-3-3	5-5-3-5-3-2-0-3-1-3-5-2	5-2-5-2-1-2-5-5-5-2-3-4	4-2-4-3-5-5-0-5-5-4-2-2
662	5	6-5-6-5-6-6-7-6-6-7-6-6	6-3-3-7-6-6-6-5-6-6-7-6	5-6-6-6-6-6-6-6-6-6-5-6	4-4-4-6-6-6-6-2-6-4-6-4	6-4-5-6-4-5-6-6-5-5-6-6	5-1-6-4-4-7-6-6-5-5-3-4	6-6-0-6-7-5-3-6-5-3-6-6	3-6-4-6-6-4-7-7-6-7-4-4	7-4-4-6-6-5-4-6-3-3-6-3	6-6-0-4-6-7-6-7-6-6-6-6	4-4-6-5-4-4-4-4-4-6-3-7	7-6-5-5-6-5-6-4-4-4-6-7
662	6	5-7-5-5-5-7-5-5-5-5-5-5	5-5-5-5-6-5-5-4-5-5-5-5	4-5-5-5-5-5-5-5-5-5-7-5	7-6-6-5-5-5-7-2-5-3-5-1	5-4-5-5-6-5-7-5-4-6-5-5	7-6-5-7-4-4-5-5-6-6-3-6	5-5-3-5-5-6-7-5-6-3-5-5	6-5-2-5-5-5-0-5-5-3-5-4	6-6-6-5-5-5-4-5-0-6-5-3	5-5-0-5-5-5-5-3-7-5-5-5	5-6-5-7-1-5-6-5-5-5-3-6	0-7-6-5-5-5-5-4-1-4-5-5
662	7	7-6-5-5-7-6-5-7-5-5-5-6	5-7-7-5-7-7-5-7-5-7-5-6	7-7-7-5-7-7-7-6-5-7-6-7	6-7-7-7-7-7-6-7-6-7-7-6	5-4-7-7-7-7-6-7-7-7-5-7	6-7-6-6-7-5-7-5-7-7-7-6	4-7-7-5-5-7-6-7-7-7-5-5	7-7-7-5-7-5-5-5-5-5-5-4	5-6-7-5-5-7-7-5-7-3-5-2	5-5-7-5-7-5-7-5-6-7-5-5	5-2-0-6-0-6-4-4-7-7-7-5	5-6-6-7-5-7-7-7-5-7-5-5
663	0	0-0-0-0-0-0-0-0-0-0-0-0	0-0-0-0-0-0-0-0-0-0-0-0	0-0-0-0-0-0-0-0-0-0-0-0	0-0-0-0-0-0-0-0-0-0-0-0	0-0-0-0-0-0-0-0-0-0-0-0	0-0-0-0-0-0-0-0-0-0-0-0	0-0-0-0-0-0-0-0-0-0-0-0	0-0-0-0-0-0-0-0-0-0-0-0	0-0-0-0-0-0-0-0-0-0-0-0	0-0-0-0-0-0-0-0-0-0-0-0	0-0-0-0-0-0-0-0-0-0-0-0	0-0-0-0-0-0-0-0-0-0-0-0
663	1	1-1-1-1-1-1-1-2-1-1-1-1	1-2-1-2-3-2-3-2-2-1-2-2	1-2-3-2-2-2-2-2-3-2-6-2	2-1-2-3-2-2-2-1-1-2-2-2	1-2-1-0-2-1-2-1-2-1-4-1	1-2-2-2-2-2-2-2-2-1-0-2	1-1-1-1-2-1-0-2-2-6-1-2	1-1-2-2-1-2-2-2-1-1-2-3	1-3-1-0-2-4-1-1-2-1-1-1	3-1-2-2-1-1-2-1-2-2-2-1	1-10-1-0-1-2-2-1-1-1-2-3	3-1-1-2-3-3-1-9-3-1-1-3
663	2	1-1-1-1-1-1-1-1-1-1-1-1	1-1-1-4-1-1-3-1-1-1-3-1	1-3-1-7-3-1-3-1-1-1-1-1	3-1-1-4-4-3-1-4-3-1-1-1	4-1-2-4-1-3-3-3-1-1-1-4	1-4-6-1-1-4-3-1-1-1-0-5	5-2-1-0-3-1-2-3-1-1-5-4	1-2-5-3-5-1-1-10-2-0-5-0	0-0-3-5-5-4-1-4-1-2-2-2	1-4-1-1-4-5-3-1-3-1-1-4	5-5-1-0-1-1-1-0-1-2-3-1	1-2-4-1-1-1-3-1-5-2-2-5
663	3	1-3-1-1-4-1-1-3-1-1-1-1	1-3-3-2-1-1-1-4-1-1-2-4	1-2-1-1-2-1-4-2-1-2-4-2	2-2-4-1-2-2-1-2-4-6-4-1	2-1-2-2-2-4-4-2-3-3-1-2	2-5-4-1-3-2-4-3-3-3-4-3	4-2-1-5-2-3-3-2-1-4-2-2	3-2-1-4-2-1-7-5-3-6-5-1	4-1-2-2-4-6-3-2-1-4-2-4	1-2-1-4-2-4-4-1-4-1-1-2	4-1-0-4-1-1-0-5-1-2-2-1	1-2-2-1-1-1-2-1-1-6-1-1
663	4	1-4-1-4-3-4-4-1-1-1-5-5	1-5-5-2-1-1-2-4-1-1-5-3	1-4-6-1-1-1-3-6-1-2-5-5	2-5-5-2-2-2-6-2-5-6-3-1	2-1-2-5-2-3-5-4-5-1-1-2	2-2-3-1-4-2-5-2-4-4-3-3	3-2-5-0-5-1-5-5-4-3-2-2	3-5-2-3-2-1-9-5-2-4-4-1	3-0-9-2-3-2-4-2-9-9-2-3	1-2-4-5-2-2-5-4-3-4-4-2	4-1-10-6-5-1-0-4-5-2-2-1	1-2-2-4-1-4-2-1-2-3-5-2
663	5	6-4-6-7-4-4-5-9-5-6-6-6	6-4-4-6-1-1-6-5-6-6-6-7	7-6-9-6-2-6-6-7-6-6-4-6	6-6-4-6-2-6-4-5-4-6-5-7	2-9-8-4-7-3-6-6-4-6-8-5	6-7-3-5-5-10-4-6-1-4-3-6	6-2-4-6-6-3-4-6-4-1-2-2	3-4-8-6-2-7-3-7-8-5-6-10	4-8-7-6-2-5-7-6-4-6-2-5	6-2-5-9-6-2-6-4-6-7-6-2	2-7-9-4-4-5-5-3-6-6-7-5	7-6-6-5-5-5-2-5-2-2-4-2
663	6	5-6-5-6-7-4-6-6-6-5-5-5	5-7-7-5-8-1-5-7-5-8-5-5	5-5-5-5-2-5-5-7-5-5-7-6	5-5-5-5-2-5-4-2-7-7-7-5	2-5-5-6-5-6-7-5-7-5-5-5	5-5-2-6-5-5-7-6-6-6-6-6	5-2-4-5-5-6-7-5-6-7-7-2	6-2-5-5-2-1-6-5-5-10-5-10	6-5-5-5-3-3-5-5-8-5-2-8	5-5-4-7-5-2-5-6-5-5-5-2	7-6-7-7-6-5-5-5-5-5-5-1	5-5-5-5-5-5-5-5-5-7-2-7
663	7	5-5-8-5-6-4-8-7-7-7-7-5	5-6-6-8-6-8-8-7-8-8-5-8	5-8-5-2-8-10-8-9-8-8-6-8	8-5-5-9-8-9-4-2-8-6-8-5	9-5-5-6-5-6-8-8-7-8-5-7	8-5-8-9-5-5-8-9-6-4-3-8	8-7-4-7-8-7-7-8-6-6-9-8	6-8-5-8-9-5-6-9-5-5-7-0	4-5-5-8-9-5-5-6-6-7-7-8	5-9-7-6-7-9-8-8-8-5-6-2	6-5-6-6-5-5-5-5-8-8-5-8	5-8-8-8-7-5-8-5-8-6-7-7
663	8	7-9-7-5-10-8-7-7-8-5-5-5	5-9-9-7-6-7-7-9-7-6-5-7	5-7-5-7-7-5-9-7-9-7-9-7	7-5-5-7-7-7-9-5-9-7-9-5	7-5-5-8-5-9-9-7-8-8-5-7	7-7-7-7-5-5-7-8-8-8-9-8	7-4-9-9-7-10-7-7-6-8-7-7	8-9-5-9-7-1-3-8-5-8-7-1	8-5-5-7-8-5-5-5-8-7-9-6	10-7-8-7-9-7-9-7-7-5-7-2	6-7-5-10-7-7-5-0-7-7-7-7	9-7-7-7-1-5-7-1-9-3-3-9
663	9	10-8-7-5-8-10-9-5-10-9-9-10	10-8-8-7-6-10-10-8-10-9-10-10	10-10-5-10-7-7-8-7-10-7-8-7	7-9-9-7-7-7-8-7-8-9-8-5	7-5-5-9-5-8-8-7-8-9-5-9	10-5-7-7-9-5-8-8-9-8-3-7	10-2-8-10-8-9-8-10-9-6-7-7	7-8-5-8-7-9-4-2-5-9-6-9	9-5-5-9-7-10-8-9-4-4-8-4	9-7-9-5-10-10-8-4-10-5-9-2	8-9-5-6-10-5-5-5-9-7-5-9	8-7-9-7-9-9-9-1-8-8-2-8
663	10	10-8-7-8-8-9-9-10-9-7-9-9	9-8-10-7-10-10-7-10-10-10-9-9	10-9-10-10-10-7-9-9-9-10-10-10	9-10-10-10-10-10-9-10-9-10-10-5	10-5-10-10-10-10-9-10-10-10-8-10	9-10-10-7-10-5-10-10-10-10-10-10	9-10-10-10-9-8-10-10-10-10-9-7	10-10-10-9-10-9-10-2-9-6-7-9	9-10-10-10-2-10-10-9-8-8-10-10	9-9-10-10-9-9-10-7-9-10-6-10	6-1-4-8-9-5-9-3-9-9-10-9	10-9-9-10-7-10-10-10-10-10-9-10
664	0	0-0-0-0-0-0-0-0-0-0-0-0	0-0-0-0-0-0-0-0-0-0-0-0	0-0-0-0-0-0-0-0-0-0-0-0	0-0-0-0-0-0-0-0-0-0-0-0	0-0-0-0-0-0-0-0-0-0-0-0	0-0-0-0-0-0-0-0-0-0-0-0	0-0-0-0-0-0-0-0-0-0-0-0	0-0-0-0-0-0-0-0-0-0-0-0	0-0-0-0-0-0-0-0-0-0-0-0	0-0-0-0-0-0-0-0-0-0-0-0	0-0-0-0-0-0-0-0-0-0-0-0	0-0-0-0-0-0-0-0-0-0-0-0
664	1	1-1-1-1-1-1-1-2-1-1-1-1	1-0-0-1-0-1-1-1-1-2-2-2	1-2-2-1-1-1-1-2-0-2-3-1	2-2-2-1-1-2-3-1-0-0-0-7	0-3-1-1-2-0-2-2-0-1-0-1	1-0-0-1-0-2-0-0-0-0-0-2	0-0-1-3-1-1-0-2-0-0-7-0	0-0-1-0-0-2-1-0-0-2-3-2	3-2-0-1-1-1-2-2-0-1-1-0	3-2-1-0-0-0-0-0-1-2-7-1	2-0-3-3-3-3-2-7-3-1-0-1	2-1-1-2-2-3-0-2-3-0-1-1
664	2	1-1-2-1-2-1-2-1-1-1-2-1	1-0-0-3-0-1-1-3-1-1-1-1	3-3-3-3-3-1-3-1-1-3-1-3	3-1-1-3-3-3-1-3-2-0-2-1	2-1-2-3-1-2-3-3-2-0-3-3	2-3-3-1-2-1-3-1-0-0-0-3	3-3-2-1-3-2-2-1-0-2-2-3	4-2-8-3-2-1-3-2-2-1-0-1	1-1-3-3-9-9-1-3-3-2-2-3	1-3-0-7-3-2-3-0-3-1-1-2	1-2-1-0-1-1-1-1-1-2-3-1	1-3-2-1-1-2-3-1-2-2-6-2
664	3	3-3-2-3-3-3-3-3-1-1-1-1	2-4-3-2-0-1-1-2-1-1-1-4	1-2-2-2-2-2-2-3-4-4-1-4	2-4-3-2-2-2-1-2-3-3-4-1	2-1-2-2-4-2-2-2-4-3-2-2	2-2-5-1-3-2-4-3-3-3-0-3	2-2-3-1-2-3-6-2-0-3-2-2	3-2-1-2-2-1-8-2-2-4-1-1	1-1-2-2-3-2-9-4-3-3-2-3	1-2-0-4-2-3-2-8-2-1-1-2	1-2-1-7-9-4-1-1-1-2-4-1	3-2-2-3-1-1-2-1-6-2-3-1
664	4	4-4-5-5-3-4-4-5-5-4-5-5	5-3-3-2-5-5-5-4-5-5-5-4	4-5-6-5-4-5-4-4-5-3-4-4	4-4-5-4-3-5-5-1-4-4-3-4	3-5-3-4-5-3-4-4-3-4-5-4	4-5-3-5-6-8-3-2-4-3-0-5	7-1-4-3-4-4-1-5-3-4-0-3	4-4-5-3-4-7-4-7-3-3-5-5	4-7-5-3-4-5-4-3-7-5-4-3	5-4-4-3-6-3-5-4-5-5-5-3	4-5-7-5-3-3-4-5-7-4-3-6	7-4-4-7-5-7-4-6-7-6-7-7
664	5	7-6-6-4-6-6-7-7-6-6-6-4	4-6-6-2-8-7-4-6-4-6-4-6	5-6-6-7-6-6-6-6-6-6-6-6	6-5-6-6-5-4-6-6-6-6-5-4	8-4-5-6-6-5-6-5-6-6-8-4	6-6-6-5-5-4-6-6-6-5-0-6	8-6-5-5-6-5-6-6-5-8-9-6	5-5-4-5-5-6-5-7-6-5-4-4	5-4-4-6-6-8-5-6-6-6-5-7	4-5-5-6-6-9-6-4-4-5-6-2	5-9-6-4-6-9-4-4-4-5-6-6	4-6-8-9-4-8-8-4-4-7-4-9
664	6	5-5-5-5-5-5-5-5-5-5-5-4	5-5-5-7-5-5-4-5-5-5-5-5	7-8-5-5-8-5-5-5-5-5-5-5	7-7-5-5-7-7-5-5-5-5-8-1	5-1-9-5-7-5-7-7-5-5-5-7	5-5-5-6-4-5-7-5-5-3-0-7	8-5-5-1-7-6-5-5-5-5-8-7	5-7-5-7-7-5-9-8-6-5-6-5	9-4-5-7-8-5-1-5-5-5-7-5	5-8-6-5-5-7-5-3-7-5-5-2	1-7-5-4-5-4-4-1-8-7-5-5	3-7-7-7-8-5-5-4-3-4-2-5
664	7	5-5-5-5-5-5-5-5-5-5-5-5	5-5-5-6-5-5-6-8-5-5-5-5	6-6-5-5-5-5-8-5-5-6-8-6	6-6-5-5-6-6-5-5-8-5-6-1	5-1-6-7-6-8-8-6-7-7-5-6	5-8-6-5-7-4-6-5-7-7-8-6	4-2-5-1-6-7-8-8-0-7-1-6	5-6-1-6-6-5-5-5-6-5-4-5	4-4-6-6-7-5-8-6-5-6-6-5	8-4-7-8-8-6-5-5-6-1-1-2	1-6-4-3-1-4-4-1-4-6-5-7	4-6-6-6-1-4-6-1-4-8-8-4
664	8	5-9-5-4-5-5-5-5-5-5-5-4	5-7-5-6-5-5-9-7-5-5-9-5	5-6-5-5-6-8-7-5-9-5-7-6	6-8-8-5-6-6-5-2-7-5-6-1	5-1-4-5-8-7-7-6-8-8-5-6	5-5-6-6-8-4-8-5-8-7-7-6	9-5-5-1-7-8-7-7-8-5-6-5	5-6-2-7-6-5-3-6-8-5-6-4	8-4-8-6-6-5-8-9-5-5-6-9	9-6-8-5-7-2-5-3-9-1-8-2	5-5-5-7-5-9-8-8-6-6-5-8	3-6-5-8-8-5-5-4-2-7-7-7
664	9	9-8-5-7-9-8-5-9-5-5-5-5	5-9-9-6-9-5-8-9-9-9-8-9	9-9-9-5-9-5-8-5-8-9-5-9	8-9-5-9-9-9-8-9-5-9-9-1	5-1-6-9-9-9-8-9-9-9-5-9	5-9-9-8-9-1-9-9-9-9-9-9	8-9-9-5-8-9-9-9-9-9-5-5	9-7-2-8-9-4-6-6-8-9-5-4	6-9-9-8-2-9-9-8-9-5-8-8	8-9-9-9-9-5-9-8-8-9-5-9	4-5-7-7-3-8-8-5-4-5-9-9	4-8-8-5-7-9-9-4-9-9-7-5
665	0	0-0-0-0-0-0-0-0-0-0-0-0	0-0-0-0-0-0-0-0-0-0-0-0	0-0-0-0-0-0-0-0-0-0-0-0	0-0-0-0-0-0-0-0-0-0-0-0	0-0-0-0-0-0-0-0-0-0-0-0	0-0-0-0-0-0-0-0-0-0-0-0	0-0-0-0-0-0-0-0-0-0-0-0	0-0-0-0-0-0-0-0-0-0-0-0	0-0-0-0-0-0-0-0-0-0-0-0	0-0-0-0-0-0-0-0-0-0-0-0	0-0-0-0-0-0-0-0-0-0-0-0	0-0-0-0-0-0-0-0-0-0-0-0
665	1	1-1-1-1-1-1-1-1-1-1-1-1	0-2-1-0-0-1-0-2-2-1-0-2	1-0-0-1-2-0-2-0-0-1-2-2	0-0-2-0-0-0-0-0-2-0-2-3	1-0-1-0-0-2-2-0-2-0-0-0	2-0-2-0-0-0-2-0-4-1-4-0	2-1-1-0-0-1-0-2-0-1-2-0	1-0-0-0-0-4-2-0-0-0-0-0	4-1-0-0-0-1-4-0-1-0-0-0	0-0-4-0-0-0-2-1-0-0-0-0	4-1-7-0-4-2-0-1-4-1-0-1	2-0-0-4-4-1-1-2-0-4-0-0
665	2	2-2-2-2-1-1-2-1-2-2-2-2	3-1-1-2-0-1-0-1-1-2-3-1	1-2-3-3-3-3-3-4-0-3-1-3	3-3-3-4-3-3-3-3-3-1-4-1	3-1-2-3-0-1-3-3-1-2-0-3	3-4-3-2-2-3-3-3-1-2-0-0	1-3-1-0-3-0-2-3-4-1-1-3	1-2-2-3-2-0-1-2-2-1-3-0	2-0-3-3-4-3-0-3-4-2-3-3	2-3-0-1-5-4-1-4-3-3-0-2	0-3-3-4-0-2-0-1-0-2-3-2	1-2-2-3-0-2-3-1-2-3-3-4
665	3	3-3-3-3-3-3-3-3-3-3-3-3	2-4-4-2-3-4-2-4-1-2-2-4	4-2-2-2-2-2-4-5-4-2-4-3	2-2-2-2-2-2-5-2-2-5-3-1	2-1-2-2-0-3-4-2-3-3-0-2	2-2-4-0-3-2-2-2-3-3-5-5	3-2-5-8-2-3-4-2-3-5-5-2	3-2-2-2-2-3-5-0-3-3-2-0	3-0-2-2-0-2-3-2-2-4-2-2	2-2-1-4-3-2-1-5-2-2-5-2	3-2-2-5-0-2-0-3-3-2-2-3	1-2-2-2-0-4-2-3-5-2-5-2
665	4	5-5-6-7-4-4-4-2-4-5-4-6	4-3-3-4-4-3-6-4-5-4-5-5	5-5-5-6-4-6-3-5-5-6-3-4	5-6-5-5-2-2-5-2-3-3-2-7	2-6-4-7-4-3-5-5-3-4-5-4	1-2-3-4-5-4-3-2-1-3-1-4	6-2-3-4-4-4-3-5-2-0-6-2	1-3-6-3-2-6-1-0-2-7-6-5	6-5-5-2-2-4-6-2-2-3-3-2	6-8-1-3-6-2-1-2-5-5-6-2	6-1-1-2-6-5-7-6-6-2-2-2	0-2-4-1-6-3-2-5-6-6-1-2
665	5	4-4-4-6-4-4-6-7-4-4-5-6	4-3-3-6-6-4-5-5-4-6-6-4	4-7-6-6-6-5-6-4-4-6-6-5	6-4-6-7-6-7-4-7-6-3-5-4	5-4-4-4-6-5-6-6-5-5-8-6	6-8-6-4-4-6-6-7-5-3-3-6	7-6-3-5-7-5-3-6-3-3-7-6	3-6-4-6-7-4-8-8-7-4-5-4	5-4-4-6-7-4-4-7-4-5-7-5	4-7-5-6-6-7-6-3-6-4-4-7	4-5-1-3-8-4-4-4-4-2-6-4	1-6-5-5-4-7-6-4-5-4-5-5
665	6	5-7-4-5-6-6-5-6-4-4-4-4	4-7-7-5-5-7-4-7-5-5-5-5	7-5-5-5-5-5-7-7-7-5-7-5	5-4-5-5-5-5-7-5-7-6-7-4	7-4-7-4-5-5-7-5-7-6-5-5	5-4-5-8-6-5-5-6-6-6-7-5	7-5-3-4-5-8-7-5-6-6-4-5	3-5-4-5-5-4-7-6-5-6-7-4	4-4-5-5-6-5-4-5-2-6-5-2	4-5-6-5-4-5-7-7-5-4-4-5	4-5-1-6-4-4-4-4-4-5-5-6	7-5-4-7-4-4-5-4-4-4-7-7
665	7	4-6-4-4-6-8-8-5-8-7-4-8	7-6-6-5-5-8-4-6-8-7-5-4	6-5-4-5-5-7-6-8-8-5-6-6	5-7-7-5-5-5-6-5-6-7-6-4	6-4-6-4-7-6-6-5-6-7-5-5	8-7-6-8-4-8-6-5-7-6-6-5	6-7-3-5-5-7-6-0-7-5-5-5	7-7-4-8-5-7-6-5-5-4-6-4	7-4-3-5-5-4-4-5-7-6-5-3	4-5-7-6-8-5-6-7-8-4-4-5	4-7-1-3-8-7-4-4-4-7-7-7	6-5-7-6-5-7-7-4-6-4-6-6
665	8	8-6-4-6-8-8-7-8-7-4-7-7	7-6-8-5-8-8-5-8-8-8-4-4	8-8-8-5-8-8-7-7-7-8-8-8	7-8-8-8-8-8-7-8-7-8-8-4	5-4-8-8-8-8-7-8-6-8-5-5	7-8-8-7-8-8-8-8-8-8-8-8	7-8-8-8-5-8-3-8-8-8-6-5	8-7-8-7-5-7-5-5-5-4-8-6	4-4-8-5-5-8-8-5-8-3-6-2	7-4-8-8-8-5-8-7-8-8-6-8	4-8-8-6-5-7-4-4-8-7-8-8	8-7-7-8-3-8-8-4-8-8-6-8
666	0	0-0-0-0-0-0-0-0-0-0-0-0	0-0-0-0-0-0-0-0-0-0-0-0	0-0-0-0-0-0-0-0-0-0-0-0	0-0-0-0-0-0-0-0-0-0-0-0	0-0-0-0-0-0-0-0-0-0-0-0	0-0-0-0-0-0-0-0-0-0-0-0	0-0-0-0-0-0-0-0-0-0-0-0	0-0-0-0-0-0-0-0-0-0-0-0	0-0-0-0-0-0-0-0-0-0-0-0	0-0-0-0-0-0-0-0-0-0-0-0	0-0-0-0-0-0-0-0-0-0-0-0	0-0-0-0-0-0-0-0-0-0-0-0
666	1	1-1-1-2-1-1-1-1-1-1-1-2	1-2-1-0-0-2-0-2-2-1-0-2	1-0-0-2-2-2-2-2-0-2-2-2	2-0-2-0-1-0-0-1-2-2-2-1	2-2-1-0-1-1-2-1-2-2-2-0	0-0-2-0-1-0-1-0-2-1-0-2	0-2-1-1-2-1-0-4-1-1-1-0	1-1-0-1-1-0-2-1-1-1-4-1	1-0-2-0-2-1-0-2-2-0-1-5	0-1-3-2-1-2-0-2-0-0-0-1	1-9-2-1-9-1-1-1-1-1-2-1	2-1-1-1-0-1-1-2-0-0-1-1
666	2	2-1-3-1-1-1-2-1-2-1-1-1	3-1-1-4-1-1-4-1-1-3-3-1	0-3-4-1-1-1-3-1-4-1-1-1	3-0-1-3-3-4-1-3-1-1-1-1	3-1-3-3-0-2-3-3-1-1-4-4	4-4-3-2-2-4-3-3-1-2-0-4	2-4-1-0-3-2-3-3-1-2-2-2	1-5-2-3-2-3-1-9-2-1-5-0	0-0-1-3-5-1-0-3-1-2-3-4	4-3-2-1-3-5-3-1-3-0-0-5	4-2-1-1-0-3-0-0-0-3-3-1	1-3-2-3-4-2-3-1-3-3-2-2
666	3	3-3-2-3-3-1-3-3-1-1-2-2	2-5-3-2-3-3-2-4-2-2-2-2	0-2-1-1-1-2-4-4-5-5-4-2	2-4-4-2-2-2-5-2-4-4-4-0	2-0-2-2-0-4-4-2-3-3-2-2	2-3-4-2-3-2-4-2-3-3-7-3	3-2-3-4-2-3-2-2-3-3-5-2	3-2-2-4-2-2-7-2-3-3-3-3	4-0-4-2-3-2-3-2-1-3-4-3	0-4-1-3-2-2-2-4-4-3-3-2	3-4-3-4-4-2-5-3-4-2-2-1	1-2-2-4-3-2-2-1-7-2-7-7
666	4	5-4-2-4-3-4-4-4-4-4-2-2	2-5-5-2-5-3-2-5-4-2-2-5	0-4-2-2-5-2-5-3-2-2-5-3	2-5-5-2-2-2-5-2-5-3-3-2	2-0-7-5-0-3-5-4-5-4-2-2	5-2-3-2-4-2-5-5-4-4-6-2	3-2-4-3-5-4-5-5-4-3-0-5	3-2-2-3-2-5-5-6-3-4-1-5	3-0-3-2-4-1-0-5-5-4-3-2	2-3-6-5-5-4-2-5-3-0-9-2	2-3-9-3-5-4-0-5-5-2-2-4	3-2-2-3-2-3-2-1-3-8-4-1
666	5	4-4-6-6-3-4-5-6-4-5-4-9	5-4-4-2-4-6-6-6-6-5-6-4	5-6-6-5-4-7-4-6-6-3-4-5	6-4-4-2-2-6-4-7-4-6-4-6	2-8-5-4-7-3-4-5-5-5-1-2	6-6-3-2-5-2-4-4-3-4-4-6	3-2-4-6-6-5-4-4-4-5-3-4	4-2-2-6-2-4-4-5-7-4-6-4	7-6-7-2-2-2-5-7-4-5-2-2	5-5-5-4-4-2-3-4-7-5-5-2	3-5-5-3-4-5-6-8-6-2-2-2	5-6-5-6-5-5-2-5-5-6-2-2
666	6	7-6-8-8-7-7-8-8-8-7-7-8	7-7-7-2-7-8-7-7-7-7-5-7	6-7-7-8-7-7-7-7-7-7-7-7	7-6-7-7-6-6-7-8-7-7-7-5	8-7-7-8-5-6-7-6-7-6-8-6	6-5-7-6-5-7-7-7-6-6-4-7	7-7-6-5-7-6-6-7-7-8-7-7	7-2-7-5-6-8-6-8-6-7-5-7	6-5-9-6-8-7-5-7-7-8-6-8	5-5-9-7-6-7-7-6-5-5-5-2	2-7-6-3-6-9-6-6-5-7-7-6	8-7-5-7-5-6-7-8-6-5-6-6
666	7	6-6-6-9-6-6-6-6-6-6-6-8	6-6-6-8-6-6-6-6-6-6-8-6	6-6-8-6-8-6-8-6-6-6-6-6	6-6-6-8-8-8-6-8-6-6-8-5	8-6-8-8-5-7-8-8-6-6-8-8	8-8-8-7-5-6-8-8-6-6-3-6	8-6-6-5-6-6-6-8-6-6-8-6	6-8-6-8-8-6-9-8-5-6-8-6	6-5-5-8-8-6-5-8-6-6-8-6	9-6-5-6-8-6-6-6-5-5-8-6	8-6-6-3-6-6-0-0-8-6-6-6	6-6-7-6-5-6-7-1-3-5-6-3
666	8	7-9-6-7-6-9-6-6-6-6-6-9	6-6-6-7-6-6-7-7-6-6-7-6	9-7-7-6-7-6-7-6-6-6-7-6	7-8-6-7-7-7-9-7-7-6-7-9	7-5-7-7-5-7-9-7-8-6-7-7	7-7-7-8-8-9-7-7-8-8-4-8	9-6-6-5-9-8-6-7-8-6-7-7	8-7-2-7-7-6-4-7-5-4-7-8	8-8-5-8-7-6-5-7-6-6-7-6	6-8-8-8-7-7-7-6-9-5-8-2	7-8-6-9-6-6-8-5-5-8-6-8	6-9-5-8-5-6-2-6-9-4-2-3
666	9	9-8-6-7-6-8-6-9-6-6-6-8	6-9-9-6-9-6-8-9-9-9-7-8	9-9-9-6-9-6-6-6-6-9-8-9	8-9-6-9-9-9-8-9-6-9-9-8	6-5-9-9-9-9-8-9-9-9-7-7	8-9-9-8-9-8-9-9-9-9-9-8	8-9-9-9-8-9-9-9-9-6-6-6	9-7-2-8-9-9-7-7-8-6-6-6	8-8-6-8-7-9-9-8-6-6-7-9	7-9-6-9-9-9-9-6-8-9-4-9	9-1-9-9-6-6-8-6-9-9-9-9	6-8-5-6-8-9-9-5-9-9-2-9
667	0	0-0-0-0-0-0-0-0-0-0-0-0	0-0-0-0-0-0-0-0-0-0-0-0	0-0-0-0-0-0-0-0-0-0-0-0	0-0-0-0-0-0-0-0-0-0-0-0	0-0-0-0-0-0-0-0-0-0-0-0	0-0-0-0-0-0-0-0-0-0-0-0	0-0-0-0-0-0-0-0-0-0-0-0	0-0-0-0-0-0-0-0-0-0-0-0	0-0-0-0-0-0-0-0-0-0-0-0	0-0-0-0-0-0-0-0-0-0-0-0	0-0-0-0-0-0-0-0-0-0-0-0	0-0-0-0-0-0-0-0-0-0-0-0
667	1	1-1-1-2-2-1-1-2-1-1-2-2	2-2-1-0-2-2-0-2-2-2-2-1	1-2-2-1-2-2-2-2-2-2-2-2	2-1-2-2-1-0-2-2-2-2-2-2	2-2-1-3-4-1-2-1-2-2-2-1	2-2-2-2-2-3-2-2-2-1-1-2	2-2-1-1-1-5-2-2-1-1-1-1	2-1-1-4-1-5-1-5-1-3-2-1	1-0-1-0-2-2-2-2-2-4-1-0	1-1-1-2-1-1-2-1-2-2-2-0	4-2-4-0-2-1-1-4-4-1-2-1	3-1-1-1-3-1-1-2-1-4-3-1
667	2	1-1-1-1-1-1-1-1-1-1-1-1	1-1-1-3-1-1-1-1-1-1-3-3	3-2-1-1-1-1-3-1-1-1-1-1	3-3-1-1-3-3-1-5-1-1-3-1	1-1-3-1-1-3-3-3-1-1-1-3	1-1-3-1-1-3-3-1-1-1-0-3	1-3-1-1-3-2-1-3-1-2-3-1	1-2-2-3-2-1-1-7-2-1-1-0	2-0-3-3-7-3-1-3-1-2-3-4	1-3-1-1-3-4-3-1-3-1-1-4	1-1-1-1-1-2-0-0-1-2-1-1	1-2-3-1-1-1-3-1-2-1-2-1
667	3	1-6-1-3-4-1-1-1-1-1-1-1	2-4-3-2-1-1-1-4-1-1-2-2	2-3-1-1-2-1-4-1-1-4-4-4	2-3-2-1-2-2-5-2-5-4-2-1	1-0-2-1-2-2-4-2-3-3-1-2	2-2-4-1-3-2-4-1-6-3-6-2	5-2-3-4-2-1-5-2-3-6-2-2	3-2-2-2-2-1-5-4-2-1-1-0	3-0-2-2-5-2-3-2-1-3-2-3	1-2-3-0-2-3-2-3-2-3-1-2	2-1-7-7-1-1-0-3-1-2-1-0	1-2-2-2-1-6-2-1-1-1-5-1
667	4	5-3-1-5-3-5-4-4-4-4-5-6	5-3-3-6-4-1-5-6-5-1-5-5	6-5-6-5-4-5-3-6-5-3-3-3	5-6-5-5-2-2-5-2-3-3-3-4	1-6-2-4-5-3-5-5-4-3-1-1	6-1-3-4-5-6-3-1-1-1-0-2	5-1-3-5-5-1-3-0-1-3-4-1	1-2-5-3-4-3-4-2-5-4-5-5	5-5-5-2-2-5-5-5-1-6-2-5	5-5-1-7-1-2-0-1-5-5-5-2	5-5-5-4-5-5-5-5-5-1-6-7	7-2-6-1-1-5-2-5-5-1-2-1
667	5	6-7-5-7-3-6-7-5-5-6-4-5	4-3-3-6-4-1-4-6-4-1-4-4	4-4-6-6-6-4-6-4-4-6-1-6	6-4-4-4-6-6-3-2-6-3-6-4	6-4-6-6-4-6-6-6-4-5-4-6	6-1-6-5-4-4-6-6-1-5-3-5	3-6-3-4-4-5-3-6-1-5-6-6	1-6-4-6-6-1-7-1-4-3-6-4	4-4-6-6-3-4-1-6-1-4-6-4	6-6-3-6-6-6-6-3-4-4-4-6	4-5-4-0-4-4-4-4-4-6-6-4	1-6-5-6-1-4-6-4-4-4-6-1
667	6	5-7-5-5-5-7-7-7-7-5-5-7	7-3-6-5-7-1-4-4-4-1-4-4	4-4-5-5-5-4-5-4-5-5-6-5	5-4-6-4-5-5-7-5-5-3-5-4	5-4-5-5-4-5-5-5-6-6-5-5	5-7-5-7-6-4-5-5-3-6-3-6	7-5-1-4-4-6-3-5-6-3-5-5	6-5-4-5-5-1-6-1-5-6-5-4	4-6-6-5-6-4-1-5-1-6-5-4	5-5-3-1-5-5-5-1-7-4-5-5	5-6-4-6-1-6-4-6-5-5-5-4	4-5-7-6-1-3-5-4-4-4-5-2
667	7	7-6-5-5-7-6-6-7-6-4-5-6	6-7-7-5-7-7-6-7-7-7-4-6	7-7-7-7-7-7-7-6-7-7-6-7	6-7-7-7-7-7-6-7-6-7-7-6	5-4-7-7-7-7-6-7-7-7-4-7	6-7-7-6-7-4-7-7-7-7-7-6	6-7-7-7-7-7-7-6-7-7-4-7	7-7-7-6-7-5-5-2-5-1-0-4	4-7-7-7-5-7-4-5-7-3-5-1	5-4-7-7-7-2-7-6-6-7-6-7	4-1-3-3-1-4-4-4-4-7-7-4	4-6-6-1-4-7-7-4-7-7-2-1
668	0	0-0-0-0-0-0-0-0-0-0-0-0	0-0-0-0-0-0-0-0-0-0-0-0	0-0-0-0-0-0-0-0-0-0-0-0	0-0-0-0-0-0-0-0-0-0-0-0	0-0-0-0-0-0-0-0-0-0-0-0	0-0-0-0-0-0-0-0-0-0-0-0	0-0-0-0-0-0-0-0-0-0-0-0	0-0-0-0-0-0-0-0-0-0-0-0	0-0-0-0-0-0-0-0-0-0-0-0	0-0-0-0-0-0-0-0-0-0-0-0	0-0-0-0-0-0-0-0-0-0-0-0	0-0-0-0-0-0-0-0-0-0-0-0
668	1	1-1-1-1-1-1-1-1-1-1-1-1	1-0-0-1-0-1-1-2-2-1-2-1	1-2-2-1-1-2-0-2-0-2-3-0	2-2-2-1-1-2-0-1-0-2-0-4	0-3-1-0-2-0-2-1-0-4-1-1	1-0-0-1-1-2-0-0-0-0-0-2	0-0-0-1-0-0-0-0-0-1-1-2	1-0-0-0-0-2-0-0-0-1-1-0	1-2-2-0-0-0-2-2-0-1-1-0	0-1-1-1-1-0-0-0-1-2-0-0	0-1-1-0-1-1-3-0-0-1-1-1	1-1-1-3-0-1-0-1-1-1-1-1
668	2	2-2-2-2-2-2-2-2-2-2-2-2	1-0-0-2-0-2-3-4-1-2-3-1	1-1-1-3-3-1-3-3-0-3-2-3	3-1-1-3-3-4-1-5-3-1-2-2	6-1-4-3-4-2-3-3-2-1-4-3	3-4-3-2-2-6-3-6-0-0-0-4	3-4-7-1-3-2-2-3-0-2-3-3	1-6-3-3-2-1-9-9-2-1-0-6	2-1-1-3-5-0-1-3-3-2-2-5	3-3-1-3-3-3-3-0-3-1-0-5	0-5-1-0-0-2-1-2-0-3-4-5	0-3-4-1-2-2-3-1-2-2-2-2
668	3	3-3-2-3-3-3-3-3-3-3-2-3	1-4-3-2-6-4-2-4-4-2-2-4	1-2-2-2-2-2-4-2-4-2-4-2	2-4-4-2-2-2-4-2-4-4-4-2	2-1-1-3-3-4-4-2-3-3-2-2	2-3-4-4-3-2-4-4-3-3-6-3	2-2-4-1-2-3-4-2-0-2-2-2	3-2-2-4-2-1-7-4-2-3-0-3	4-1-1-2-3-3-3-2-2-3-2-3	2-4-3-2-2-2-4-3-4-1-0-2	3-4-4-3-9-2-4-5-0-2-5-3	0-2-1-1-4-4-2-3-6-2-3-9
668	4	3-4-4-4-5-4-3-3-3-3-5-4	1-5-5-2-5-3-2-3-3-3-3-3	1-4-1-4-2-2-5-6-6-4-5-5	2-5-5-2-2-2-6-2-5-6-3-1	2-3-2-5-2-3-5-4-3-1-2-2	2-2-3-3-7-2-5-3-4-4-3-2	7-2-3-1-2-3-5-6-4-2-3-5	3-2-3-3-2-6-8-5-2-5-4-5	5-1-5-2-4-6-8-5-8-4-3-2	1-3-4-5-5-5-3-8-3-4-5-2	0-3-3-4-3-2-3-4-0-2-2-4	4-2-2-2-3-3-2-3-1-9-2-4
668	5	5-5-6-6-4-4-5-8-5-5-4-6	6-4-4-2-4-6-6-7-6-6-6-6	1-6-7-2-2-6-6-4-7-7-4-6	6-6-6-6-2-6-4-2-4-7-4-6	2-5-5-5-7-3-6-6-5-5-5-2	6-6-3-5-4-9-6-2-4-4-0-7	6-7-4-5-6-3-4-4-4-2-2-4	3-5-6-6-4-6-3-7-7-7-5-4	4-1-6-6-2-3-5-6-4-6-2-2	6-6-7-4-4-4-4-3-6-6-4-2	5-2-6-3-6-9-6-3-6-5-6-6	6-3-6-5-6-5-5-7-6-6-2-6
668	6	5-7-5-5-6-6-6-5-6-5-6-5	5-7-7-2-4-5-5-8-5-5-5-5	1-5-5-2-2-5-5-4-4-5-7-7	5-5-5-5-2-5-7-2-7-4-7-5	2-5-8-4-5-6-7-5-6-5-5-5	5-5-7-6-5-2-7-8-7-6-3-6	5-2-8-5-5-3-7-4-6-0-7-4	7-2-5-5-2-4-3-5-5-6-5-2	6-1-5-5-6-4-5-5-6-5-2-3	5-5-6-6-4-4-8-0-5-5-5-2	5-7-5-4-5-0-5-6-5-5-5-5	8-2-5-5-5-5-2-4-3-5-3-5
668	7	7-6-9-8-6-6-7-7-7-7-7-8	7-6-6-8-4-6-8-8-6-8-9-9	7-8-5-2-8-7-6-8-6-8-6-8	8-8-5-8-8-8-6-2-6-5-8-7	8-5-4-8-5-6-8-8-6-6-8-8	6-5-8-7-4-5-8-2-6-6-0-8	4-5-6-5-5-6-6-8-6-2-8-8	6-8-5-8-8-5-3-8-5-5-7-4	9-1-8-8-8-4-5-6-4-7-8-3	5-8-5-8-8-6-6-4-5-5-8-2	7-8-7-3-3-7-7-3-5-7-5-7	6-8-5-5-8-7-7-5-7-7-8-6
668	8	7-9-7-7-6-9-9-7-9-7-7-7	7-6-6-7-8-9-9-7-9-7-9-9	7-7-7-9-7-8-6-7-9-7-8-7	7-8-8-7-7-7-4-2-7-5-7-7	7-5-6-7-8-6-7-7-8-8-7-7	9-0-7-8-4-9-7-6-8-8-0-7	9-5-6-9-9-8-6-7-8-2-7-7	8-7-7-7-7-9-4-7-9-5-7-8	8-9-7-7-7-3-8-8-4-6-7-3	8-7-8-7-8-4-6-4-9-5-7-6	6-8-8-3-3-8-8-5-5-8-3-8	6-7-8-5-7-3-7-5-2-2-7-6
668	9	9-8-7-7-9-8-7-9-8-7-7-9	7-6-9-7-9-9-8-9-9-9-7-9	9-9-9-9-9-9-8-9-8-9-9-9	9-9-9-9-9-9-8-9-7-9-9-7	7-5-9-9-9-9-8-9-9-9-2-9	8-9-9-9-9-5-9-9-9-9-9-9	8-9-9-8-8-9-9-9-9-9-7-7	9-9-2-9-9-8-9-2-8-9-7-9	8-9-9-9-2-9-9-4-9-6-7-9	8-9-9-9-9-9-9-4-9-9-6-9	9-3-9-9-6-5-8-3-9-8-9-9	9-3-7-4-4-9-9-9-9-9-2-9
669	0	0-0-0-0-0-0-0-0-0-0-0-0	0-0-0-0-0-0-0-0-0-0-0-0	0-0-0-0-0-0-0-0-0-0-0-0	0-0-0-0-0-0-0-0-0-0-0-0	0-0-0-0-0-0-0-0-0-0-0-0	0-0-0-0-0-0-0-0-0-0-0-0	0-0-0-0-0-0-0-0-0-0-0-0	0-0-0-0-0-0-0-0-0-0-0-0	0-0-0-0-0-0-0-0-0-0-0-0	0-0-0-0-0-0-0-0-0-0-0-0	0-0-0-0-0-0-0-0-0-0-0-0	0-0-0-0-0-0-0-0-0-0-0-0
669	1	1-1-1-1-1-1-1-1-1-1-1-2	2-2-2-0-0-2-0-1-1-2-0-2	1-0-1-1-1-0-2-1-0-2-2-2	0-0-2-0-0-0-0-1-2-3-2-0	1-0-2-0-0-2-0-0-1-0-2-0	0-9-2-0-0-2-2-0-1-1-8-2	2-0-1-0-0-1-2-0-1-2-0-0	1-0-1-0-0-0-1-0-1-2-0-1	1-0-0-0-3-0-0-2-2-2-0-0	0-0-1-2-0-2-0-1-0-0-0-2	1-4-6-1-9-1-0-0-2-1-2-3	2-0-1-0-0-1-0-1-1-1-1-1
669	2	2-1-2-1-1-1-1-1-1-1-1-1	1-1-1-3-1-1-3-3-3-1-3-1	0-4-0-3-3-0-3-3-0-1-1-3	3-3-3-3-4-3-0-3-1-1-1-0	3-1-1-0-0-1-3-3-1-2-1-2	3-4-3-2-0-4-3-3-1-1-1-4	3-5-1-0-3-0-1-3-4-1-2-3	1-3-2-3-3-0-1-3-4-1-2-1	1-0-3-3-1-3-0-3-1-1-3-4	2-4-1-1-3-4-3-1-3-0-2-4	2-1-1-1-1-4-0-0-4-3-1-1	1-2-2-0-0-2-3-1-2-2-0-2
669	3	3-3-1-3-3-1-3-3-1-1-3-2	2-4-4-2-2-3-2-4-4-1-2-2	4-2-4-2-2-2-4-4-4-1-4-4	2-4-4-2-2-2-4-2-4-1-4-0	2-0-2-3-0-3-4-2-4-3-1-2	2-2-4-0-4-2-4-2-4-3-6-3	2-4-3-0-2-3-3-2-3-3-2-2	3-2-2-2-2-4-6-4-0-3-2-3	1-0-2-2-1-2-5-2-3-3-2-3	4-0-1-3-4-6-2-6-2-0-4-2	1-1-1-4-3-2-3-0-0-2-4-1	3-2-0-0-0-2-2-1-6-2-3-1
669	4	4-3-4-5-3-4-4-4-4-4-4-5	4-3-3-5-4-1-5-3-3-3-5-3	4-5-5-2-4-5-3-3-3-3-3-3	4-7-3-5-2-5-3-5-3-1-3-7	2-8-0-4-4-3-3-4-3-4-1-4	5-2-3-4-3-9-3-2-3-1-1-2	7-3-4-8-5-0-7-6-2-1-7-3	7-2-7-3-2-5-3-3-4-4-4-6	4-0-3-2-7-4-4-6-2-3-3-3	5-7-0-5-3-4-2-1-5-6-7-2	7-1-1-3-7-7-7-7-7-2-3-2	4-2-2-4-7-7-0-7-5-2-4-1
669	5	7-5-6-7-6-6-6-7-7-6-6-7	6-6-6-4-6-7-6-6-6-6-6-6	5-4-6-7-6-6-6-6-6-6-6-6	6-5-6-6-5-4-6-7-6-5-5-5	8-6-5-8-5-5-6-5-6-8-8-5	6-5-7-5-6-6-6-6-7-5-3-5	6-7-5-5-5-5-6-4-6-8-9-6	6-2-2-5-5-6-5-7-5-7-4-5	5-5-5-9-6-6-4-4-6-9-9-5	5-6-6-6-5-5-6-5-6-4-6-5	6-9-5-7-7-8-4-4-9-5-6-5	7-6-5-6-4-8-6-4-7-2-5-9
669	6	5-5-5-8-5-5-5-5-5-5-5-5	5-5-5-6-5-5-5-5-5-5-5-5	5-7-5-5-5-5-5-5-5-5-5-5	7-4-5-5-7-7-5-7-5-1-8-4	7-5-9-7-7-5-7-7-5-5-5-8	5-7-7-6-5-7-7-5-5-5-3-7	8-5-5-5-7-6-5-7-5-5-8-7	5-7-8-7-7-5-9-8-6-4-8-4	5-0-3-7-8-5-4-4-5-8-8-3	6-8-5-5-5-5-7-3-7-4-5-6	5-7-1-5-1-5-4-4-4-6-5-5	5-7-7-5-4-5-7-4-3-7-6-5
669	7	5-5-5-5-5-5-5-5-5-5-5-5	5-5-5-6-5-5-5-8-5-6-6-5	6-6-6-5-6-5-8-5-5-6-8-6	6-4-5-5-6-6-5-6-8-1-8-4	6-4-0-7-6-8-8-6-7-7-5-6	5-6-6-5-7-6-6-6-7-7-3-6	4-5-5-0-6-7-8-6-7-7-4-6	5-6-4-6-6-5-8-6-6-5-4-4	4-0-6-6-4-6-4-4-5-6-6-6	8-4-7-8-8-5-6-7-6-5-4-6	4-6-9-5-4-4-4-4-4-6-7-7	5-6-6-0-4-4-6-4-8-8-8-5
669	8	5-9-5-6-5-9-5-5-5-5-5-6	5-5-5-6-5-5-9-7-5-5-9-5	5-6-6-5-6-8-7-5-9-5-7-8	6-4-8-5-6-6-9-6-7-1-7-4	5-5-5-5-8-7-7-6-8-5-5-6	5-1-6-6-8-4-6-5-8-7-1-6	6-6-5-4-7-8-7-6-8-5-6-6	5-6-6-6-6-9-7-6-6-8-6-4	8-9-8-6-6-5-8-6-5-6-6-8	8-6-8-7-7-5-5-3-9-4-4-8	5-8-1-7-1-5-4-8-6-6-5-8	5-6-8-8-4-5-5-4-7-7-7-5
669	9	9-8-6-7-9-8-5-9-5-5-5-5	5-5-9-6-9-5-8-9-9-9-8-9	9-9-9-5-9-9-8-5-8-9-5-9	8-9-5-9-9-9-8-9-7-1-9-4	5-5-9-9-9-7-8-9-7-9-5-9	5-1-9-9-9-4-9-9-9-9-9-9	8-9-9-5-8-7-9-9-9-9-5-5	9-9-6-8-9-6-6-6-8-9-5-4	8-9-8-9-6-9-9-8-9-5-9-9	6-4-9-5-9-5-9-5-8-9-4-9	4-5-7-7-1-8-5-4-5-8-9-9	5-5-8-5-7-9-9-4-9-9-8-5
670	0	0-0-0-0-0-0-0-0-0-0-0-0	0-0-0-0-0-0-0-0-0-0-0-0	0-0-0-0-0-0-0-0-0-0-0-0	0-0-0-0-0-0-0-0-0-0-0-0	0-0-0-0-0-0-0-0-0-0-0-0	0-0-0-0-0-0-0-0-0-0-0-0	0-0-0-0-0-0-0-0-0-0-0-0	0-0-0-0-0-0-0-0-0-0-0-0	0-0-0-0-0-0-0-0-0-0-0-0	0-0-0-0-0-0-0-0-0-0-0-0	0-0-0-0-0-0-0-0-0-0-0-0	0-0-0-0-0-0-0-0-0-0-0-0
670	1	1-1-1-1-1-1-1-1-1-0-1-1	0-2-1-0-3-1-0-1-0-1-0-2	1-0-0-0-1-1-2-2-0-0-2-1	0-0-0-0-1-0-0-1-1-2-2-0	1-0-1-0-0-2-2-0-1-0-2-1	4-0-1-0-0-0-2-0-2-1-1-2	1-2-1-0-0-0-1-0-1-1-4-1	1-1-0-1-1-0-2-2-0-1-0-0	1-0-0-0-1-0-1-2-2-5-1-1	0-1-3-2-0-0-0-1-0-0-0-0	4-0-8-0-1-0-0-0-0-0-2-1	1-0-0-0-0-1-0-0-0-0-4-0
670	2	2-1-2-2-2-1-2-4-2-2-2-1	3-1-1-2-1-2-3-3-3-3-3-3	5-3-3-4-3-3-3-3-0-4-1-3	3-0-3-3-4-3-3-4-2-1-3-5	3-0-1-3-0-3-3-3-1-0-3-2	1-4-2-2-2-4-3-4-1-1-0-4	3-1-1-0-3-2-3-3-1-2-7-3	1-4-4-3-2-0-1-4-2-0-0-0	0-0-0-3-4-3-0-4-1-2-4-3	0-4-1-1-3-2-3-1-3-0-0-4	0-4-1-4-0-4-0-0-0-2-3-1	1-3-2-0-0-0-3-0-0-6-2-2
670	3	3-4-2-3-3-3-3-3-3-3-3-4	2-4-4-2-1-4-2-4-4-4-2-4	4-2-2-2-2-4-4-2-6-5-4-2	2-0-2-2-2-2-3-2-4-5-4-0	2-4-7-2-4-4-4-2-3-3-2-2	2-5-4-2-3-2-4-2-3-3-3-3	3-1-3-3-2-3-4-2-3-3-0-2	3-1-4-2-2-4-5-2-2-3-3-0	0-0-2-2-5-5-3-2-5-3-2-2	4-0-1-4-2-3-2-5-2-4-8-2	0-2-1-3-7-2-0-0-0-2-4-3	1-2-2-4-0-0-2-0-0-8-5-5
670	4	4-3-4-4-3-4-4-4-5-4-4-6	5-3-3-6-4-5-6-5-5-5-5-5	7-5-7-2-4-3-3-5-3-2-3-4	5-6-5-2-2-2-6-2-3-3-3-8	2-5-2-2-5-3-5-5-3-3-0-2	1-2-3-4-5-7-3-2-3-1-1-2	5-2-3-5-5-4-3-0-3-2-5-2	5-2-6-2-2-3-4-2-5-4-5-5	5-4-5-2-2-3-5-5-3-4-2-4	5-5-1-3-5-3-3-3-5-5-5-2	5-2-5-3-6-5-5-5-5-5-3-4	5-2-6-6-5-5-3-5-6-7-1-2
670	5	6-3-5-6-6-3-5-4-5-5-5-6	4-3-3-8-5-4-7-4-4-4-6-4	2-7-4-7-6-6-4-6-6-6-4-5	7-4-4-7-6-6-4-7-5-3-5-4	5-4-8-6-6-6-6-6-5-5-7-2	6-3-3-6-4-6-6-6-5-5-3-7	4-7-6-4-6-5-6-6-1-5-4-5	4-5-4-6-7-4-3-8-4-5-4-4	4-4-4-7-8-3-4-4-3-6-7-3	4-4-1-3-4-7-0-3-6-4-4-5	4-5-4-3-4-4-4-4-4-7-5-5	4-6-4-7-4-4-5-4-4-4-3-3
670	6	5-8-5-8-5-6-5-6-6-5-4-5	4-7-7-5-7-7-5-5-4-5-5-4	4-4-4-5-5-5-7-5-7-5-7-5	5-4-5-5-5-5-4-5-7-7-7-4	6-6-7-7-6-5-7-5-7-6-5-5	5-7-7-7-6-4-5-5-6-6-3-5	4-5-5-4-5-3-7-5-6-6-4-7	4-7-4-7-6-4-5-6-6-7-4-4	4-0-5-7-6-3-4-4-3-5-8-7	4-4-6-8-7-3-7-6-5-7-4-5	4-2-7-6-4-4-4-4-4-4-5-6	7-5-4-7-4-4-2-4-4-4-7-5
670	7	8-6-5-7-6-8-8-8-7-7-7-8	8-6-6-5-7-6-5-5-8-7-6-8	4-5-4-5-5-5-6-7-6-5-6-5	5-4-7-5-5-5-8-5-6-6-6-8	6-4-6-6-7-6-8-5-6-5-5-2	8-6-6-8-7-4-8-5-7-7-6-8	8-5-6-4-5-7-6-8-7-5-2-6	7-7-5-6-5-4-7-6-2-7-4-4	4-7-6-5-5-3-4-4-8-7-5-6	4-5-6-8-6-5-6-6-8-6-4-5	4-7-6-7-3-8-4-4-4-5-5-5	6-8-8-6-6-7-2-4-4-4-6-5
670	8	8-6-8-6-8-7-7-8-7-5-7-7	7-6-8-5-8-8-5-8-8-8-7-7	8-8-8-5-8-8-8-7-8-8-7-8	7-8-8-8-8-8-7-8-7-8-8-4	5-4-8-8-7-8-7-8-8-8-5-8	8-8-8-7-8-8-7-8-8-8-8-8	7-8-8-8-8-8-7-8-8-5-5-8	8-6-8-7-5-7-5-5-2-6-7-6	4-7-8-5-5-8-4-4-7-8-5-1	5-4-6-7-8-5-8-8-7-8-7-8	4-8-1-7-3-7-4-4-4-8-8-8	8-7-7-3-4-8-8-4-4-8-2-8
671	0	0-0-0-0-0-0-0-0-0-0-0-0	0-0-0-0-0-0-0-0-0-0-0-0	0-0-0-0-0-0-0-0-0-0-0-0	0-0-0-0-0-0-0-0-0-0-0-0	0-0-0-0-0-0-0-0-0-0-0-0	0-0-0-0-0-0-0-0-0-0-0-0	0-0-0-0-0-0-0-0-0-0-0-0	0-0-0-0-0-0-0-0-0-0-0-0	0-0-0-0-0-0-0-0-0-0-0-0	0-0-0-0-0-0-0-0-0-0-0-0	0-0-0-0-0-0-0-0-0-0-0-0	0-0-0-0-0-0-0-0-0-0-0-0
671	1	1-1-1-1-1-1-1-1-1-1-1-1	1-0-1-1-1-1-0-2-0-1-2-0	0-2-0-2-2-2-2-0-0-2-0-2	2-0-2-2-3-2-0-1-1-1-1-0	1-0-1-2-3-2-2-2-1-1-7-3	3-0-2-0-1-3-2-1-1-1-0-3	3-3-1-0-2-1-1-2-1-1-0-2	1-1-1-2-7-2-1-7-1-0-0-0	0-0-2-2-7-1-0-3-1-1-1-1	0-3-1-0-2-1-2-1-2-0-0-1	0-1-0-1-3-0-0-1-0-1-1-1	0-1-1-3-2-1-2-0-1-1-1-1
671	2	2-2-1-2-2-2-2-2-1-2-2-2	1-2-2-1-3-3-0-3-3-2-1-3	3-1-3-1-1-1-3-1-3-1-3-1	1-2-3-1-1-1-0-1-1-2-3-0	1-0-2-1-1-1-3-1-2-1-0-1	1-0-3-3-2-1-3-1-2-2-6-2	1-1-2-2-1-2-2-1-2-3-0-1	2-3-1-3-2-1-5-4-2-3-2-0	0-0-3-1-2-1-0-1-3-2-3-2	1-1-2-6-1-1-3-2-3-0-3-1	3-1-3-5-3-0-0-3-0-3-1-3	3-1-1-1-1-3-1-3-1-3-2-1
671	3	3-3-3-3-3-2-3-3-3-3-3-3	1-4-4-1-2-3-0-2-2-3-1-4	2-3-2-1-1-1-2-3-2-4-2-4	4-2-4-1-1-1-7-1-5-4-4-0	3-0-5-5-1-4-2-3-4-1-1-1	1-4-2-2-3-1-4-1-4-3-4-2	1-1-3-3-1-3-3-1-3-2-4-4	2-4-1-4-3-4-1-5-2-3-3-3	3-0-2-4-5-3-3-4-6-6-2-2	3-1-3-4-4-1-4-3-2-0-4-1	2-1-2-3-4-4-0-2-4-2-4-2	2-1-1-1-4-2-1-4-1-4-5-1
671	4	5-4-4-4-6-4-4-6-5-5-4-4	4-3-3-4-5-5-4-4-6-5-5-5	4-5-5-4-4-5-5-4-5-5-6-4	5-5-5-5-1-1-6-4-3-3-3-4	4-5-6-6-5-3-5-4-3-4-4-4	4-5-3-4-5-7-3-1-3-3-3-5	5-1-4-5-5-4-3-4-3-4-5-3	5-3-5-3-3-5-4-5-5-5-5-5	5-5-5-3-3-4-5-5-3-4-5-3	5-5-4-3-3-1-5-6-5-5-5-1	5-1-4-7-5-5-5-5-5-5-3-4	5-1-4-5-5-5-3-5-5-3-4-4
671	5	4-4-4-4-4-5-4-4-4-4-5-4	4-3-3-7-4-4-4-4-4-4-4-4	5-4-4-6-6-4-6-6-4-6-5-6	6-4-4-6-6-6-4-6-6-6-6-4	6-4-5-6-4-5-6-5-4-5-6-6	6-4-6-4-4-4-6-5-3-3-3-5	4-5-3-4-4-3-3-6-3-7-6-3	4-5-4-6-6-4-7-6-4-4-4-4	4-4-4-5-6-4-4-6-3-5-6-2	4-4-4-4-6-5-4-3-4-4-4-1	4-1-3-2-4-4-4-4-4-6-1-5	4-6-1-4-4-4-5-4-4-2-3-4
671	6	4-7-4-4-4-7-7-4-4-4-5-7	4-3-3-5-4-4-4-4-4-4-4-4	4-5-4-5-5-4-5-5-4-5-7-5	5-6-6-5-5-5-4-5-5-5-5-4	5-4-4-5-4-5-7-5-6-6-5-5	7-6-5-4-6-4-5-5-6-6-2-6	5-7-3-4-6-6-2-5-6-6-5-3	6-5-4-5-5-4-7-5-6-4-5-4	6-6-5-5-5-4-4-5-3-6-5-2	6-6-4-2-6-1-5-4-7-4-6-1	4-6-7-2-6-7-6-4-4-6-6-6	4-7-4-6-4-6-5-4-5-0-3-1
671	7	7-6-5-4-7-6-6-7-4-4-4-6	4-7-7-5-7-4-4-7-7-7-4-6	7-7-7-5-7-7-7-6-7-7-6-7	6-7-7-7-7-7-6-7-6-7-7-4	5-4-7-7-4-7-6-7-7-7-5-4	6-7-7-6-7-4-7-7-7-7-3-6	6-7-7-4-6-7-7-7-7-5-5-3	7-6-5-6-7-7-6-5-1-4-5-4	6-4-7-6-1-7-7-4-3-6-5-2	4-4-7-7-7-1-7-3-6-7-4-7	4-7-6-4-3-6-6-4-4-7-7-7	4-6-6-4-4-7-7-4-7-7-5-1
672	0	0-0-0-0-0-0-0-0-0-0-0-0	0-0-0-0-0-0-0-0-0-0-0-0	0-0-0-0-0-0-0-0-0-0-0-0	0-0-0-0-0-0-0-0-0-0-0-0	0-0-0-0-0-0-0-0-0-0-0-0	0-0-0-0-0-0-0-0-0-0-0-0	0-0-0-0-0-0-0-0-0-0-0-0	0-0-0-0-0-0-0-0-0-0-0-0	0-0-0-0-0-0-0-0-0-0-0-0	0-0-0-0-0-0-0-0-0-0-0-0	0-0-0-0-0-0-0-0-0-0-0-0	0-0-0-0-0-0-0-0-0-0-0-0
672	1	1-1-0-1-1-1-1-1-1-0-0-0	0-2-1-0-0-0-0-0-0-0-0-0	1-0-0-0-2-0-2-0-0-2-2-2	2-2-2-0-0-0-0-0-2-0-2-0	0-0-0-0-0-2-0-0-2-0-0-0	4-0-0-0-0-0-2-0-1-1-4-0	1-1-1-0-0-0-0-0-1-1-2-1	0-1-0-0-1-0-0-0-0-1-0-0	2-0-0-0-0-0-4-0-0-0-0-0	0-1-0-2-0-0-0-1-0-0-0-0	2-1-1-0-1-0-0-2-2-0-2-1	0-1-0-1-2-1-1-0-0-1-0-3
672	2	3-2-3-2-2-1-3-2-3-3-3-3	3-1-1-3-4-3-3-3-0-3-3-3	2-3-3-3-3-3-3-2-3-3-3-3	3-3-3-3-3-3-3-3-1-1-3-2	3-0-3-3-4-1-3-3-1-1-3-3	2-3-3-2-2-4-3-3-1-2-0-4	3-3-1-3-3-0-3-3-2-4-6-3	1-3-4-3-3-0-0-3-3-3-3-1	1-0-3-3-7-2-0-3-3-3-3-4	3-3-1-1-3-7-3-3-3-0-3-4	3-2-0-3-6-3-1-6-1-3-3-3	1-3-4-3-3-4-3-3-0-1-3-4
672	3	2-3-2-3-4-2-2-3-2-2-2-2	2-4-3-2-3-6-2-2-2-2-2-2	2-2-2-2-2-2-4-5-2-2-4-5	2-2-4-2-2-2-2-2-4-5-2-2	2-0-2-2-4-3-4-2-4-3-2-2	2-2-4-2-3-2-4-2-3-3-5-3	2-2-3-3-2-3-5-2-3-3-5-2	6-2-5-2-2-0-5-2-2-2-2-0	3-0-4-2-3-3-1-4-6-2-2-5	2-2-4-4-2-2-2-4-2-4-2-2	2-3-7-2-2-2-0-2-3-2-4-2	5-2-0-3-2-0-2-2-0-3-2-5
672	4	2-3-2-4-3-4-2-4-2-2-2-6	4-3-3-2-5-5-2-6-5-2-5-5	6-5-6-2-4-2-3-6-5-3-3-4	5-4-5-5-2-2-5-2-3-3-3-2	2-7-2-2-2-3-5-5-3-6-2-2	1-2-3-5-5-2-3-2-3-3-3-2	7-1-4-4-5-0-6-5-2-2-5-1	1-2-3-2-2-5-5-2-5-4-5-6	5-0-3-2-5-4-5-4-7-5-2-2	5-5-3-3-3-4-3-3-5-5-5-2	5-2-0-2-5-5-5-5-5-5-3-1	6-2-2-3-5-5-2-4-5-4-2-2
672	5	2-7-7-7-3-6-5-6-7-5-6-6	6-3-3-6-6-4-7-7-4-2-4-4	6-6-3-6-6-6-6-6-4-6-6-6	6-4-4-6-2-6-4-6-6-6-6-6	6-4-7-6-5-5-6-6-4-5-7-5	6-2-6-6-4-7-6-6-1-5-3-6	6-5-5-4-4-6-3-6-5-7-7-6	3-6-6-2-5-4-7-7-7-4-4-4	4-0-7-6-6-6-4-6-3-4-6-3	4-6-4-6-6-4-6-3-4-5-4-6	4-5-3-3-7-4-4-4-4-4-5-5	3-3-5-6-4-4-6-4-4-5-5-7
672	6	5-7-2-5-3-7-7-7-7-5-5-7	5-3-3-5-6-6-5-4-4-2-5-5	5-5-4-5-5-5-5-4-5-5-6-5	5-6-5-5-5-5-7-5-5-5-5-7	5-0-5-5-6-5-7-5-6-6-2-2	5-7-5-5-4-5-5-5-6-6-6-7	5-5-6-4-6-5-7-5-6-6-5-5	6-5-5-7-5-4-7-2-2-4-5-4	6-6-6-5-5-5-4-5-3-6-5-2	5-5-6-6-6-4-5-5-7-5-6-5	5-6-6-7-6-7-7-4-4-5-5-6	4-7-7-6-6-6-5-4-4-4-5-5
672	7	7-6-5-5-7-6-6-7-6-5-5-6	5-7-7-5-7-7-5-5-4-7-5-6	7-7-7-6-7-7-5-6-7-7-6-7	6-7-7-7-7-7-6-7-6-7-7-6	5-4-7-7-7-7-6-7-7-7-5-2	5-7-5-6-7-5-6-7-7-7-7-7	4-7-7-4-6-7-7-5-7-5-5-7	7-7-7-6-7-7-5-5-5-5-4-4	6-6-7-6-5-7-4-5-7-2-5-1	5-4-7-7-7-5-7-7-6-7-4-7	4-7-3-7-7-6-6-4-4-4-7-7	7-6-6-1-5-7-7-7-4-7-2-5
673	0	0-0-0-0-0-0-0-0-0-0-0-0	0-0-0-0-0-0-0-0-0-0-0-0	0-0-0-0-0-0-0-0-0-0-0-0	0-0-0-0-0-0-0-0-0-0-0-0	0-0-0-0-0-0-0-0-0-0-0-0	0-0-0-0-0-0-0-0-0-0-0-0	0-0-0-0-0-0-0-0-0-0-0-0	0-0-0-0-0-0-0-0-0-0-0-0	0-0-0-0-0-0-0-0-0-0-0-0	0-0-0-0-0-0-0-0-0-0-0-0	0-0-0-0-0-0-0-0-0-0-0-0	0-0-0-0-0-0-0-0-0-0-0-0
673	1	1-1-1-1-1-1-1-3-1-1-1-1	2-0-0-2-0-0-0-0-0-1-2-0	0-2-0-0-2-0-2-0-0-2-2-2	2-0-0-3-3-2-0-2-1-0-2-0	2-0-2-0-2-1-2-2-1-1-0-2	2-3-2-0-0-2-2-3-1-1-0-3	3-7-1-0-2-0-0-2-0-1-3-2	1-2-1-2-1-0-1-8-1-0-0-0	1-0-2-2-3-2-0-2-0-1-2-3	0-3-0-0-2-3-2-1-2-0-0-7	2-1-0-0-0-1-0-0-3-1-2-1	0-1-1-1-3-1-2-0-3-2-1-3
673	2	2-2-2-2-2-2-2-2-2-2-2-2	1-3-2-1-0-3-0-2-3-2-1-3	2-1-0-2-1-3-3-2-3-3-3-1	1-0-3-1-1-1-0-1-3-3-3-2	1-0-1-3-1-1-3-1-3-2-4-1	1-1-3-0-2-1-3-1-2-2-4-1	2-1-2-2-1-0-3-1-3-2-1-1	2-1-1-1-1-3-7-0-1-2-0-0	2-0-1-1-2-1-3-1-3-2-1-2	0-1-3-3-1-2-3-3-1-2-2-1	1-1-2-3-7-1-3-2-0-1-1-1	1-1-1-2-1-2-1-1-1-1-2-1
673	3	3-2-3-4-2-2-3-3-3-3-3-4	3-2-2-4-4-3-3-2-2-3-4-4	0-4-4-0-1-2-2-4-2-2-2-3	3-3-2-1-1-1-0-3-2-2-2-3	1-8-2-3-3-2-2-3-2-3-3-1	1-1-2-3-2-1-2-1-2-2-0-1	1-1-2-6-4-1-2-4-2-2-1-2	2-2-6-1-1-2-2-3-3-3-3-3	5-3-7-1-1-3-6-4-2-3-1-1	6-1-2-2-2-1-2-2-4-4-5-1	5-1-3-2-4-3-2-5-4-1-2-3	3-1-6-2-1-1-1-3-1-1-6-1
673	4	6-4-5-6-5-5-4-6-5-4-6-5	6-5-5-3-7-5-3-5-5-5-5-5	4-5-5-6-5-5-5-5-5-5-5-5	5-4-5-6-4-5-5-7-5-7-4-3	7-5-4-7-5-4-5-4-5-5-7-4	4-6-7-4-5-7-4-7-5-4-2-5	5-5-4-4-5-4-5-5-5-7-4-4	4-1-3-4-4-6-6-4-5-3-8-4	4-6-4-4-4-4-5-3-7-5-4-4	4-4-4-4-4-4-5-7-4-6-3-4	4-8-4-2-5-4-4-4-6-4-7-4	6-4-4-5-5-7-4-4-4-6-4-8
673	5	4-4-4-7-4-4-4-4-4-4-4-4	4-4-4-6-4-4-4-4-4-4-6-6	6-6-7-4-6-4-6-4-4-4-4-4	6-3-4-4-6-7-4-4-4-4-6-5	6-4-5-3-4-5-6-6-4-4-4-6	4-6-6-6-4-1-6-4-4-4-2-6	7-4-4-7-6-4-4-6-4-4-7-5	4-5-3-6-6-4-4-7-7-3-7-3	8-3-6-6-7-3-4-6-4-4-5-4	3-7-5-6-7-6-4-8-6-3-3-1	3-4-5-4-4-6-4-3-7-4-6-5	4-6-6-7-7-4-6-6-5-5-5-5
673	6	4-8-5-8-6-4-4-4-4-4-4-4	4-7-6-5-4-4-4-7-4-4-5-5	5-5-4-4-5-4-7-7-4-4-7-5	5-4-4-4-5-5-4-4-7-4-7-4	5-3-5-4-4-7-5-5-7-4-4-5	4-5-5-5-4-3-5-5-4-6-7-5	5-4-4-3-5-7-7-5-6-2-3-5	6-7-3-5-5-4-4-5-5-6-5-3	4-4-5-5-6-3-7-5-4-4-7-4	3-5-6-5-7-5-7-4-5-4-3-1	3-4-4-3-4-5-8-3-4-4-5-5	4-5-3-5-4-2-5-4-5-5-5-4
673	7	5-6-5-5-4-4-4-4-4-4-4-8	4-6-6-5-4-4-5-6-8-4-5-8	4-7-5-4-5-4-6-6-8-7-6-6	5-7-7-4-5-5-4-4-6-4-6-3	4-3-4-4-4-6-6-5-7-7-4-7	4-4-4-5-4-8-6-4-7-6-6-8	5-1-4-5-8-7-6-4-7-4-5-5	4-6-3-6-5-4-8-5-5-7-5-7	7-7-3-7-5-4-6-7-4-4-6-4	8-5-7-4-6-1-6-4-8-3-7-1	3-4-7-0-2-7-7-5-5-7-4-5	6-8-7-5-5-7-7-3-5-6-5-1
673	8	8-6-5-6-8-4-4-8-4-4-4-7	4-6-8-5-8-4-5-8-8-8-7-7	8-8-8-4-8-5-7-7-7-8-8-8	7-8-8-8-8-8-7-8-7-8-8-3	4-3-8-8-8-8-7-8-8-8-4-8	7-8-8-7-8-7-8-8-8-8-8-8	7-8-8-3-7-8-8-8-8-8-7-5	8-8-8-7-8-8-7-5-7-8-4-3	7-8-8-8-5-8-8-7-4-4-6-8	7-8-8-4-8-4-8-5-7-8-3-8	6-4-8-6-4-7-8-4-4-7-8-8	4-7-7-4-5-8-8-8-8-8-5-8
674	0	0-0-0-0-0-0-0-0-0-0-0-0	0-0-0-0-0-0-0-0-0-0-0-0	0-0-0-0-0-0-0-0-0-0-0-0	0-0-0-0-0-0-0-0-0-0-0-0	0-0-0-0-0-0-0-0-0-0-0-0	0-0-0-0-0-0-0-0-0-0-0-0	0-0-0-0-0-0-0-0-0-0-0-0	0-0-0-0-0-0-0-0-0-0-0-0	0-0-0-0-0-0-0-0-0-0-0-0	0-0-0-0-0-0-0-0-0-0-0-0	0-0-0-0-0-0-0-0-0-0-0-0	0-0-0-0-0-0-0-0-0-0-0-0
674	1	1-1-1-1-1-1-1-1-1-1-1-1	0-2-2-0-0-0-0-0-0-1-0-0	0-0-0-0-0-0-2-2-0-0-2-0	0-0-0-0-0-0-0-1-2-2-2-0	1-0-1-0-0-2-2-0-1-0-0-0	2-0-0-0-0-0-2-0-2-1-1-2	1-1-1-1-0-6-0-0-1-1-0-1	1-1-0-1-1-0-1-1-0-1-0-0	5-0-0-0-1-0-0-1-0-1-1-0	0-0-1-2-1-1-0-1-0-1-0-1	2-0-0-1-1-9-0-1-2-1-1-1	2-1-0-0-0-1-0-0-0-0-0-1
674	2	2-1-2-2-1-1-2-1-2-2-2-3	3-1-1-2-2-2-3-4-0-1-3-3	0-3-0-2-3-3-3-3-0-5-1-3	4-3-3-4-4-3-3-2-1-1-1-0	6-0-3-6-0-1-3-3-2-0-1-3	3-4-3-0-2-4-3-4-1-1-1-4	3-3-1-0-3-0-3-3-2-2-2-3	2-6-2-3-3-3-1-4-3-0-3-0	2-0-3-3-5-3-0-3-0-2-6-6	2-3-2-1-3-2-3-2-3-0-0-2	1-2-0-2-4-1-5-2-1-3-3-5	1-2-2-0-0-0-3-0-2-3-2-4
674	3	3-3-2-3-3-3-3-3-3-3-4-2	2-4-3-2-4-3-2-4-3-3-2-4	3-2-4-2-2-2-4-2-4-2-4-2	2-3-4-2-2-2-4-2-4-3-4-0	2-3-2-2-0-4-4-2-4-3-2-2	2-2-2-4-3-2-4-2-3-3-8-3	2-2-4-3-2-3-3-2-3-4-2-2	3-2-4-4-2-2-3-2-2-0-2-0	4-6-2-2-3-2-0-2-4-3-2-4	0-2-3-4-4-2-5-3-2-0-5-2	5-2-0-3-8-2-0-5-5-4-2-1	4-2-2-4-3-6-5-0-8-2-3-6
674	4	4-4-2-4-4-3-4-4-4-4-4-4	2-6-5-2-4-4-0-3-5-5-2-3	2-4-3-2-2-2-3-5-6-2-5-2	2-5-5-2-2-2-6-2-5-5-5-0	2-0-0-6-0-3-5-4-6-5-0-2	2-2-3-4-4-2-5-2-4-4-5-2	6-5-3-3-2-4-5-5-4-3-2-2	3-2-3-3-2-5-5-2-2-5-0-0	5-6-5-3-4-2-0-2-9-4-3-3	5-3-4-5-5-2-4-4-3-0-5-2	5-2-9-4-5-9-7-5-5-3-8-1	3-2-2-5-3-3-2-6-6-2-3-2
674	5	5-5-6-5-4-3-6-7-5-6-6-9	6-4-4-6-4-6-6-6-6-6-6-6	5-6-6-6-5-9-6-6-6-2-4-6	6-6-6-2-2-6-4-7-4-6-4-6	2-8-5-4-6-3-6-6-5-6-6-6	6-6-3-5-5-2-6-2-4-4-4-7	4-4-4-5-6-9-4-4-4-2-5-6	4-4-4-6-2-6-4-2-6-5-6-9	6-9-4-2-2-5-6-6-8-5-2-4	6-2-4-6-6-3-6-4-6-6-6-2	6-2-6-4-4-6-2-6-6-4-4-2	5-3-5-6-6-3-3-5-2-6-2-2
674	6	6-6-5-6-6-6-5-6-5-5-5-5	5-4-6-5-6-5-5-5-5-5-5-5	5-5-5-5-2-5-5-5-7-7-5-5	5-5-5-5-2-5-4-2-7-7-7-5	2-5-5-4-5-7-5-5-7-5-5-5	5-5-3-6-4-2-7-2-6-6-4-6	4-6-7-5-5-6-4-4-6-6-0-6	6-2-5-5-2-5-4-5-5-6-5-7	5-4-8-5-4-3-5-5-6-5-2-2	5-6-6-5-5-2-5-6-5-5-5-2	5-3-5-4-9-7-5-5-5-6-6-6	5-2-5-5-5-3-2-7-6-6-6-3
674	7	8-7-9-9-8-8-9-8-9-9-8-7	8-6-8-8-8-9-8-8-8-8-8-8	7-8-8-9-8-8-8-8-8-8-7-8	8-8-8-8-8-8-8-5-8-6-8-5	8-5-9-8-5-8-8-8-6-7-8-8	8-5-8-7-4-9-8-9-6-4-3-8	8-8-6-5-8-7-6-8-6-7-8-9	7-8-8-8-8-8-7-8-5-5-8-7	8-7-9-8-8-7-5-8-6-4-8-9	5-8-7-6-8-8-8-8-5-5-8-2	8-7-7-7-7-6-7-8-8-7-4-7	7-7-8-8-8-7-9-6-7-7-7-8
674	8	7-9-7-7-7-7-7-7-7-7-7-9	7-7-7-7-7-7-7-7-7-7-7-7	7-7-7-7-7-7-7-9-7-7-7-7	7-7-7-7-7-7-7-5-7-7-7-5	7-5-7-7-5-7-7-7-7-7-7-7	9-8-7-9-8-9-7-7-8-8-3-7	7-7-6-5-7-8-7-7-8-7-7-7	8-7-7-7-7-7-9-7-2-9-7-8	7-8-6-7-7-7-5-7-6-4-7-4	7-8-8-7-7-7-7-7-9-8-7-2	7-8-7-7-3-7-9-5-7-9-4-8	7-9-7-7-7-7-7-7-3-0-7-7
674	9	9-7-7-7-9-8-7-9-7-7-7-8	7-6-9-7-9-7-7-7-7-9-7-7	9-9-9-7-9-9-9-8-7-9-7-9	7-9-7-7-9-9-8-9-8-9-9-8	7-5-7-9-9-9-8-9-9-9-7-7	8-9-9-8-9-8-9-9-9-9-9-8	8-9-9-5-8-9-9-8-9-7-8-7	9-7-2-8-9-9-9-2-2-8-7-9	7-9-9-9-2-9-9-7-9-7-7-7	7-7-4-9-9-2-9-7-5-9-8-9	3-2-4-9-3-1-8-7-9-7-9-9	7-8-5-7-7-9-9-9-9-9-7-9
675	0	0-0-0-0-0-0-0-0-0-0-0-0	0-0-0-0-0-0-0-0-0-0-0-0	0-0-0-0-0-0-0-0-0-0-0-0	0-0-0-0-0-0-0-0-0-0-0-0	0-0-0-0-0-0-0-0-0-0-0-0	0-0-0-0-0-0-0-0-0-0-0-0	0-0-0-0-0-0-0-0-0-0-0-0	0-0-0-0-0-0-0-0-0-0-0-0	0-0-0-0-0-0-0-0-0-0-0-0	0-0-0-0-0-0-0-0-0-0-0-0	0-0-0-0-0-0-0-0-0-0-0-0	0-0-0-0-0-0-0-0-0-0-0-0
675	1	1-1-1-1-1-1-1-1-1-1-1-1	1-2-1-0-0-1-0-2-0-1-0-1	0-0-0-1-1-0-2-0-0-0-2-1	0-0-3-0-0-0-0-1-2-0-2-1	2-0-0-0-0-1-2-0-2-0-0-0	0-0-0-0-0-0-2-0-2-1-0-0	0-2-2-0-0-1-0-4-1-1-0-0	1-0-0-0-1-0-1-2-0-2-0-0	1-3-2-0-1-0-0-2-1-0-0-1	0-1-1-0-0-0-2-1-0-0-0-1	0-3-1-1-0-0-0-0-2-0-2-2	2-1-0-2-0-0-1-0-0-1-1-1
675	2	2-2-2-2-1-1-2-2-2-2-2-2	2-1-1-4-2-1-3-1-3-3-3-3	0-3-0-3-3-3-3-3-0-2-1-3	4-0-3-4-4-4-3-7-3-2-1-0	6-0-3-4-4-3-3-3-1-0-4-3	3-3-3-2-2-4-3-3-1-1-0-4	3-1-1-0-3-1-3-3-2-2-0-4	2-2-0-3-3-1-2-9-2-1-4-4	2-0-3-3-5-0-2-3-1-3-3-4	0-3-1-3-3-2-1-1-3-3-0-5	6-2-3-4-0-3-0-0-1-3-3-1	1-3-2-1-5-2-2-0-2-3-2-5
675	3	3-3-3-3-4-3-3-3-3-3-2-2	2-4-3-2-2-3-2-4-2-4-2-2	4-2-4-2-2-2-4-5-5-2-4-5	2-4-4-2-2-2-2-2-4-4-4-0	3-0-2-2-2-2-4-2-4-3-0-2	2-2-4-4-3-2-4-2-3-3-8-3	7-1-3-0-2-1-2-4-3-6-0-2	3-5-0-4-2-0-7-4-2-0-0-4	5-1-4-2-3-3-3-2-5-2-2-6	0-4-1-4-2-2-3-1-4-2-2-4	5-4-2-3-4-2-4-5-5-2-4-4	1-2-2-4-0-2-2-0-7-5-4-3
675	4	4-4-4-4-3-4-4-4-4-3-4-4	2-3-5-2-2-4-2-6-3-3-5-5	3-4-3-4-2-2-5-6-5-2-5-2	2-5-5-2-2-2-4-2-5-3-3-0	4-0-8-6-2-5-5-4-5-0-2-0	2-8-3-3-4-2-5-4-4-4-5-3	3-5-4-0-2-1-5-1-5-3-0-2	4-5-5-3-4-0-3-3-2-4-2-3	4-0-3-2-4-5-4-3-8-3-3-2	0-3-4-3-3-2-5-7-3-4-9-3	3-6-3-5-5-2-3-5-2-3-3-3	4-2-2-3-2-3-2-0-2-3-3-3
675	5	6-4-5-5-4-4-5-5-5-5-5-6	6-4-4-6-2-6-6-7-6-4-6-4	6-6-7-5-5-7-6-6-6-2-4-3	6-6-6-4-2-6-6-2-4-7-4-6	2-9-5-8-7-4-6-6-4-7-5-6	6-6-3-6-5-8-4-2-4-4-4-6	6-4-4-6-6-6-4-6-4-3-6-6	5-4-7-6-2-6-3-7-7-5-6-0	6-6-7-6-2-4-6-6-3-5-5-7	6-6-5-6-6-2-4-4-6-6-5-2	6-7-5-4-4-5-7-4-6-6-6-5	6-6-6-5-6-5-2-5-5-3-5-2
675	6	6-8-6-5-7-7-6-9-6-5-5-5	5-7-7-5-2-5-5-7-5-6-5-7	5-5-5-5-5-5-5-9-5-7-7-6	5-5-5-5-5-5-7-2-7-8-7-5	2-0-5-4-5-7-7-5-4-6-5-5	5-5-4-7-5-2-7-6-6-6-4-6	5-7-7-5-7-6-7-6-7-3-5-5	4-6-5-5-6-5-6-7-5-4-5-9	6-5-5-5-6-4-5-5-7-5-6-3	5-5-6-5-5-2-5-6-5-5-5-2	5-4-6-4-5-5-5-5-8-5-5-6	5-5-5-5-5-5-2-0-6-5-6-5
675	7	8-6-7-9-6-6-8-7-7-7-7-7	5-6-6-7-8-8-9-8-8-8-8-6	5-8-5-8-8-5-8-8-8-8-6-7	8-5-5-8-8-8-6-2-8-5-8-5	8-5-5-4-5-8-8-7-7-6-8-8	8-5-8-6-5-2-8-7-7-4-3-8	9-6-6-5-6-7-6-9-6-9-8-7	5-8-9-8-8-5-3-5-9-5-8-9	5-5-5-8-8-5-5-8-6-6-8-5	0-8-7-8-8-3-4-4-5-5-8-2	8-7-0-8-4-5-5-5-6-7-7-7	4-8-7-5-8-5-8-5-8-7-8-3
675	8	7-9-7-7-6-9-7-7-9-7-7-9	9-6-6-7-7-9-5-7-9-8-7-9	9-7-5-7-7-8-7-7-9-7-7-7	7-8-8-7-7-7-6-7-7-8-7-9	7-5-5-5-8-7-7-7-8-8-5-7	7-5-7-9-5-9-7-7-8-4-3-8	9-3-6-5-4-7-6-7-8-3-7-8	8-7-7-7-7-5-9-8-5-4-7-8	8-5-5-7-7-8-8-8-4-6-7-5	8-7-8-7-7-2-4-9-5-8-8-2	7-8-8-7-4-8-5-4-6-7-8-8	9-7-7-5-8-5-7-5-6-7-7-6
675	9	9-8-7-7-9-9-7-9-8-8-8-8	8-9-9-7-9-9-7-9-9-9-7-8	9-8-9-7-9-7-8-6-8-9-9-9	9-9-9-9-9-9-8-9-7-9-9-8	7-5-5-9-9-9-8-9-9-9-7-5	8-9-9-7-9-9-9-7-9-9-9-9	8-9-9-9-9-9-7-7-9-7-8-7	9-9-7-8-9-8-8-7-7-5-8-6	8-9-9-8-7-9-9-8-4-3-9-1	8-9-9-9-9-2-9-8-8-9-9-9	9-9-9-9-5-5-9-9-9-8-9-9	9-5-5-5-6-9-9-5-9-9-4-9
676	0	0-0-0-0-0-0-0-0-0-0-0-0	0-0-0-0-0-0-0-0-0-0-0-0	0-0-0-0-0-0-0-0-0-0-0-0	0-0-0-0-0-0-0-0-0-0-0-0	0-0-0-0-0-0-0-0-0-0-0-0	0-0-0-0-0-0-0-0-0-0-0-0	0-0-0-0-0-0-0-0-0-0-0-0	0-0-0-0-0-0-0-0-0-0-0-0	0-0-0-0-0-0-0-0-0-0-0-0	0-0-0-0-0-0-0-0-0-0-0-0	0-0-0-0-0-0-0-0-0-0-0-0	0-0-0-0-0-0-0-0-0-0-0-0
676	1	1-1-1-1-1-1-1-1-1-1-1-1	0-2-1-0-1-1-0-2-0-1-0-1	1-0-0-1-1-0-2-1-0-0-2-1	0-0-0-0-0-0-0-0-2-1-2-1	1-0-1-0-0-1-2-0-2-0-0-0	0-2-0-0-0-0-2-0-1-1-1-0	1-1-2-0-0-1-0-4-1-1-0-1	1-1-0-1-1-0-1-2-0-1-0-0	1-0-0-0-1-0-8-2-2-0-1-2	0-1-1-2-0-0-2-1-0-1-0-1	0-0-0-1-0-0-0-0-0-0-2-1	2-1-0-0-0-0-0-0-0-0-1-1
676	2	2-2-2-2-1-1-2-2-2-2-2-3	4-1-1-3-2-1-4-3-3-2-3-3	3-2-0-4-3-4-3-3-1-2-1-3	3-0-3-4-4-4-3-2-3-2-1-0	6-0-2-3-4-3-3-3-1-4-2-3	4-1-3-2-2-4-3-3-1-1-0-4	3-1-1-0-3-1-3-3-2-2-2-3	2-6-6-3-6-3-4-9-2-1-0-4	0-0-3-3-9-6-0-3-1-2-6-1	0-6-1-1-3-2-1-1-3-0-0-6	0-2-0-2-2-4-0-0-0-3-3-8	1-4-2-1-1-2-3-0-5-0-2-2
676	3	3-3-3-3-3-3-3-3-3-3-3-2	2-4-3-2-2-4-2-4-2-4-2-2	2-2-3-2-2-2-4-5-4-2-4-2	2-3-4-2-2-2-4-2-4-3-4-0	3-0-3-2-2-4-4-2-3-3-2-2	2-2-4-0-3-2-2-2-3-3-4-3	2-1-3-3-2-3-2-2-3-4-0-2	3-3-4-4-3-2-2-1-2-7-0-4	0-0-2-2-3-2-4-2-3-3-2-4	0-2-1-4-2-2-4-3-2-4-4-2	4-4-9-3-8-2-5-0-5-2-2-4	0-2-2-0-5-5-4-0-4-3-7-3
676	4	4-4-3-4-4-3-4-4-4-4-4-4	2-5-5-2-2-3-2-3-2-3-3-3	3-4-4-2-2-2-3-4-5-5-3-2	2-5-5-2-2-2-3-2-5-6-5-0	4-0-5-6-2-5-3-4-5-2-2-2	2-5-3-0-4-2-5-2-4-4-6-3	3-1-4-4-2-1-5-5-4-3-5-5	4-2-2-3-2-2-8-7-2-4-4-3	4-0-5-2-4-4-3-5-4-4-3-3	3-2-4-5-5-2-3-4-3-4-3-2	3-3-5-4-3-5-0-4-0-2-5-3	4-2-2-5-5-4-3-0-3-0-4-2
676	5	6-5-6-5-8-6-7-7-6-6-6-6	6-4-4-6-6-6-6-5-6-6-6-7	5-6-6-6-6-7-6-6-7-6-6-5	6-6-7-6-6-6-7-7-4-4-4-6	7-6-7-7-6-4-6-6-4-7-6-6	6-6-7-7-4-6-4-2-4-3-3-6	6-4-5-6-6-7-4-6-4-9-6-4	4-7-7-6-2-6-4-6-6-9-6-9	5-6-6-6-2-5-6-4-4-6-9-7	6-6-5-4-6-7-6-8-6-6-6-2	5-7-4-3-6-9-3-8-6-5-7-5	9-6-5-6-6-6-5-8-6-6-3-6
676	6	5-9-5-5-5-5-5-6-5-5-5-5	5-7-7-5-5-5-5-5-5-5-5-5	0-5-5-5-5-5-7-5-5-5-7-7	5-5-5-5-5-5-5-5-7-4-7-5	5-5-5-4-5-6-7-5-7-7-5-5	5-5-5-5-4-5-5-6-6-6-4-5	5-2-7-5-5-6-8-5-6-3-5-4	6-2-2-5-2-5-4-5-5-6-5-0	6-5-5-5-4-2-5-5-8-5-2-3	5-2-6-5-5-2-5-4-5-5-5-2	8-5-5-6-9-5-0-5-5-5-5-6	5-5-5-5-5-5-2-5-5-5-6-5
676	7	5-5-5-9-4-5-5-5-5-5-5-5	7-6-6-8-5-5-5-8-5-5-8-5	5-8-5-5-8-5-8-5-5-8-6-8	8-5-5-8-8-8-5-5-8-5-8-5	8-5-5-8-5-8-8-8-6-5-5-8	8-5-8-5-4-5-8-8-4-7-4-7	8-1-6-5-5-5-7-9-6-9-8-9	6-5-5-8-8-5-4-5-9-5-8-0	5-9-5-8-8-5-5-8-6-6-8-5	8-8-6-5-8-5-5-3-5-5-0-2	0-5-0-3-5-5-0-0-0-8-5-8	4-8-5-5-5-5-8-0-8-7-8-5
676	8	5-6-5-5-5-9-5-5-5-7-5-5	7-6-6-7-5-5-5-7-9-5-7-9	9-7-8-5-7-5-7-8-5-7-7-7	7-5-8-7-7-7-9-5-7-5-7-9	7-5-5-7-8-7-7-7-8-8-5-7	7-5-7-5-5-2-7-7-8-8-4-8	9-2-6-5-8-8-8-9-8-7-7-4	8-5-5-7-7-5-4-5-5-5-7-0	8-8-6-7-7-5-6-6-6-5-7-5	7-7-8-8-7-2-5-5-9-5-5-2	6-8-8-3-6-8-0-5-5-7-8-8	5-7-5-5-5-5-7-5-7-5-7-6
676	9	9-6-5-7-9-8-8-9-5-5-5-5	8-6-9-5-9-9-5-9-9-9-7-8	9-9-9-7-9-9-7-8-9-9-8-9	8-9-9-7-9-9-8-9-9-9-7-8	7-5-9-9-9-9-8-9-9-9-7-5	9-9-9-5-9-5-8-9-9-9-9-8	8-9-9-6-5-9-9-9-9-7-9-9	9-9-9-8-9-8-9-2-7-5-5-5	9-8-9-9-2-9-9-5-6-4-5-5	5-9-6-9-9-2-9-4-8-9-8-9	0-9-3-8-6-5-8-5-6-5-9-9	5-4-8-5-3-9-9-9-9-9-5-9
677	0	0-0-0-0-0-0-0-0-0-0-0-0	0-0-0-0-0-0-0-0-0-0-0-0	0-0-0-0-0-0-0-0-0-0-0-0	0-0-0-0-0-0-0-0-0-0-0-0	0-0-0-0-0-0-0-0-0-0-0-0	0-0-0-0-0-0-0-0-0-0-0-0	0-0-0-0-0-0-0-0-0-0-0-0	0-0-0-0-0-0-0-0-0-0-0-0	0-0-0-0-0-0-0-0-0-0-0-0	0-0-0-0-0-0-0-0-0-0-0-0	0-0-0-0-0-0-0-0-0-0-0-0	0-0-0-0-0-0-0-0-0-0-0-0
677	1	1-1-1-2-1-1-1-1-1-1-2-2	2-2-1-2-3-2-2-2-2-1-0-1	1-2-1-2-2-2-2-2-2-2-3-2	2-0-2-4-2-0-2-2-2-2-1-2	2-2-1-4-1-1-2-1-1-2-2-1	4-2-2-3-1-2-1-2-2-1-5-2	4-1-1-1-2-0-0-2-1-3-0-1	1-1-1-1-1-2-2-1-1-1-2-3	1-1-2-1-2-2-2-1-2-1-1-2	4-1-2-2-1-3-2-2-2-1-0-1	1-2-2-2-3-1-1-1-1-1-2-2	2-1-1-1-1-1-1-1-1-1-1-1
677	2	1-1-1-1-1-1-1-1-1-1-1-1	3-1-1-3-1-1-1-1-1-1-3-1	1-3-4-1-1-1-3-1-1-1-1-3	3-0-1-3-3-3-1-3-1-1-1-4	3-1-1-3-0-3-3-3-1-1-3-3	1-1-3-2-2-3-3-3-1-2-5-4	3-4-1-0-3-2-3-3-1-1-2-3	1-4-2-3-4-1-1-8-2-1-1-0	0-0-1-3-4-1-1-3-1-1-3-1	3-0-1-1-3-4-3-1-3-0-1-4	5-4-1-1-1-1-0-0-0-2-1-1	1-3-1-1-0-3-3-0-7-2-2-4
677	3	1-3-2-1-1-3-1-1-1-1-2-1	2-4-4-2-1-1-2-2-1-1-2-4	4-2-1-1-2-1-4-4-4-2-4-2	2-3-4-2-2-2-1-2-4-1-4-1	2-1-6-2-1-2-4-2-4-1-2-2	1-3-2-1-3-2-4-2-3-3-6-3	2-2-1-0-2-3-4-2-3-1-0-2	3-2-2-2-2-1-7-1-3-5-1-1	3-0-4-2-3-1-7-2-1-3-2-3	2-3-3-4-2-1-2-4-2-3-4-2	2-3-0-6-1-1-3-3-1-2-1-3	1-2-1-3-5-3-2-0-6-4-6-6
677	4	5-3-1-4-1-4-4-1-1-4-1-5	4-3-3-5-1-1-5-4-4-1-6-5	7-5-7-5-5-1-3-5-3-1-3-5	5-6-5-5-2-2-5-2-3-1-3-2	1-5-2-1-6-4-3-5-3-4-1-3	1-1-3-4-6-2-3-1-1-1-1-2	1-2-3-4-5-4-6-3-4-1-8-1	3-2-2-2-2-6-3-2-4-3-6-4	4-6-3-2-2-0-8-5-1-4-2-1	6-8-1-3-6-2-3-3-6-6-6-2	6-2-4-3-4-6-6-6-5-1-1-4	1-2-2-3-6-1-2-6-8-3-3-2
677	5	6-5-6-6-6-6-8-6-6-6-6-6	6-5-5-4-6-6-6-6-6-6-6-6	5-6-6-6-6-6-6-6-6-6-5-6	6-4-6-6-2-2-6-6-6-7-5-4	6-6-6-2-4-5-6-6-6-6-7-5	6-7-6-5-4-8-5-5-6-5-1-5	6-6-5-5-4-5-7-6-6-7-8-7	6-2-6-5-2-7-3-7-4-7-6-8	5-4-6-4-7-7-6-6-7-7-5-7	4-5-7-6-5-5-6-3-4-4-4-6	4-6-8-3-6-8-4-7-4-6-6-6	8-5-5-5-5-7-6-4-7-5-5-5
677	6	5-5-5-5-5-5-5-5-5-5-5-5	5-5-5-4-5-5-5-7-5-5-8-5	5-7-5-5-7-5-7-5-5-5-5-5	5-4-5-5-7-7-5-5-5-5-7-4	7-5-8-6-4-6-7-7-5-5-5-7	5-5-7-7-4-5-7-6-5-6-3-8	7-5-5-5-5-6-4-5-5-5-7-5	5-7-5-7-7-4-3-5-7-5-7-4	5-4-5-7-5-5-7-5-5-5-7-5	4-7-5-5-7-7-5-3-4-4-7-5	7-5-7-3-5-4-4-4-7-5-5-6	5-5-5-7-7-5-5-4-3-4-3-3
677	7	5-5-5-6-5-5-5-5-5-5-5-8	5-5-5-6-5-5-6-6-5-5-6-5	5-6-5-5-6-5-6-5-5-5-7-5	6-7-7-6-6-6-5-5-6-5-6-8	6-5-6-6-7-7-6-6-7-5-5-6	5-5-6-6-4-5-6-6-5-7-6-7	6-5-5-7-7-7-5-6-7-5-6-5	5-6-2-6-6-5-3-5-6-5-6-7	7-4-5-6-5-5-6-7-5-5-6-5	7-6-5-5-6-6-5-3-8-5-6-6	6-5-6-3-3-5-4-5-6-6-5-7	5-5-5-6-6-5-5-4-5-6-6-2
677	8	8-5-6-6-5-5-5-8-5-5-5-7	5-5-8-4-8-5-7-8-8-8-6-7	8-7-8-5-8-5-7-5-5-8-5-8	7-8-5-8-8-8-5-8-5-8-8-4	5-5-6-8-8-8-7-8-8-8-5-5	5-8-7-6-8-5-8-8-8-8-8-6	7-8-8-8-7-8-5-8-8-8-5-5	8-8-2-7-8-7-6-5-6-5-5-5	7-7-5-8-5-8-8-7-5-5-6-8	7-4-8-8-8-7-8-5-7-5-4-8	4-5-5-5-5-5-4-4-4-5-8-8	5-5-7-5-5-8-8-4-8-8-3-1
678	0	0-0-0-0-0-0-0-0-0-0-0-0	0-0-0-0-0-0-0-0-0-0-0-0	0-0-0-0-0-0-0-0-0-0-0-0	0-0-0-0-0-0-0-0-0-0-0-0	0-0-0-0-0-0-0-0-0-0-0-0	0-0-0-0-0-0-0-0-0-0-0-0	0-0-0-0-0-0-0-0-0-0-0-0	0-0-0-0-0-0-0-0-0-0-0-0	0-0-0-0-0-0-0-0-0-0-0-0	0-0-0-0-0-0-0-0-0-0-0-0	0-0-0-0-0-0-0-0-0-0-0-0	0-0-0-0-0-0-0-0-0-0-0-0
678	1	1-1-1-1-1-1-1-1-1-1-1-1	2-1-1-2-0-1-2-1-2-2-1-2	1-2-2-3-2-1-2-2-2-2-1-1	2-0-0-2-2-2-2-6-1-0-2-1	2-0-2-2-2-1-2-2-1-1-2-2	3-2-2-3-0-2-2-2-1-1-0-2	2-3-1-0-2-0-1-2-1-1-0-2	1-3-7-2-2-1-1-2-1-0-0-1	0-0-2-2-3-1-0-2-0-1-2-2	2-2-0-0-2-3-2-1-2-0-2-3	3-3-0-3-0-1-1-0-0-2-2-1	0-2-1-2-2-3-2-0-6-0-3-3
678	2	1-2-1-2-2-2-2-2-1-1-2-2	1-3-3-1-1-1-1-3-3-1-1-1	0-2-1-1-3-1-3-3-1-1-3-2	1-2-3-1-1-1-1-1-3-3-3-0	1-0-3-1-3-3-3-1-2-2-1-1	1-1-1-0-2-1-3-1-3-2-4-1	1-1-2-3-1-2-3-1-2-2-1-1	2-1-1-4-1-3-3-3-3-3-7-0	2-0-1-1-4-6-2-1-3-2-1-4	1-1-2-3-4-2-1-2-1-3-1-2	3-2-0-2-7-1-0-2-2-1-3-2	4-1-1-2-1-0-1-0-0-0-1-1
678	3	4-2-4-4-2-3-3-5-3-3-4-4	4-2-2-4-1-2-4-2-4-1-4-4	6-4-1-4-4-4-4-2-1-3-2-4	4-4-4-4-1-4-4-1-2-2-2-5	1-7-2-4-6-2-4-4-2-3-6-4	4-4-1-4-4-4-2-1-2-2-2-3	7-1-1-2-4-2-2-4-5-3-7-2	3-1-5-2-1-4-2-4-5-3-3-4	4-5-4-4-1-4-4-4-6-4-1-2	4-7-3-2-5-1-2-1-4-3-4-1	4-1-3-1-3-5-5-4-4-2-4-3	4-1-4-2-4-1-3-6-4-5-1-1
678	4	3-4-3-3-4-4-4-4-3-3-3-3	3-5-4-3-4-5-3-6-3-1-3-3	3-3-3-3-3-3-3-3-5-3-5-3	3-3-3-3-3-3-5-1-5-2-5-3	1-3-6-3-3-4-5-3-4-4-5-1	3-5-5-3-3-3-5-6-4-4-2-4	6-1-6-5-3-4-5-3-4-4-5-1	4-1-1-2-1-3-6-3-3-4-3-3	3-3-4-3-4-3-3-3-5-6-5-2	3-2-4-5-2-1-1-2-3-3-3-1	3-4-3-5-3-3-3-3-3-4-3-5	6-1-3-2-3-2-6-3-3-3-1-2
678	5	7-4-6-7-4-4-7-6-7-5-5-5	3-4-4-6-4-4-7-7-3-4-6-6	3-6-6-6-6-2-6-6-4-6-4-6	6-0-6-6-6-6-4-5-4-4-6-3	6-3-7-6-3-4-6-6-4-6-6-6	5-4-6-7-3-3-4-3-4-4-2-6	2-1-2-4-4-2-4-7-3-2-6-6	4-5-3-6-6-1-4-6-3-3-6-3	3-3-7-6-6-6-3-6-4-4-6-2	3-6-5-4-3-7-0-1-3-4-3-2	3-4-3-4-3-3-3-3-0-6-4-4	7-6-4-6-6-3-6-3-0-3-1-4
678	6	5-7-5-3-4-7-7-5-7-6-5-7	5-4-4-5-6-7-7-4-7-6-5-7	3-5-5-7-5-6-5-7-7-5-4-5	5-6-5-5-5-5-7-1-5-2-5-5	5-3-4-5-3-6-5-5-4-5-3-5	7-7-5-3-3-7-5-4-6-4-2-6	7-1-4-4-7-6-2-7-6-2-5-5	6-5-3-5-5-6-7-5-7-4-5-3	6-3-7-6-5-5-6-6-3-4-5-2	6-6-6-2-6-1-2-6-7-4-3-1	4-6-6-6-3-6-3-3-2-6-6-6	4-5-4-5-6-6-4-3-1-3-1-1
678	7	7-6-7-5-7-7-6-7-6-5-5-6	5-4-7-5-7-7-6-5-7-7-5-6	7-7-7-6-7-7-6-6-6-7-7-7	7-7-7-7-7-7-6-7-6-7-7-5	5-3-7-7-7-7-6-7-7-7-5-5	6-7-7-5-7-6-7-7-7-7-7-7	6-7-7-7-6-7-7-7-7-7-6-7	7-6-1-7-7-6-6-5-6-4-5-3	6-6-6-6-1-7-7-6-7-7-5-7	6-3-7-7-7-5-6-6-6-7-3-7	3-7-7-2-2-3-3-3-3-6-7-7	5-6-7-2-0-7-7-3-7-7-1-1
679	0	0-0-0-0-0-0-0-0-0-0-0-0	0-0-0-0-0-0-0-0-0-0-0-0	0-0-0-0-0-0-0-0-0-0-0-0	0-0-0-0-0-0-0-0-0-0-0-0	0-0-0-0-0-0-0-0-0-0-0-0	0-0-0-0-0-0-0-0-0-0-0-0	0-0-0-0-0-0-0-0-0-0-0-0	0-0-0-0-0-0-0-0-0-0-0-0	0-0-0-0-0-0-0-0-0-0-0-0	0-0-0-0-0-0-0-0-0-0-0-0	0-0-0-0-0-0-0-0-0-0-0-0	0-0-0-0-0-0-0-0-0-0-0-0
679	1	1-1-1-1-1-1-1-0-1-1-1-1	1-0-0-1-0-1-2-1-0-1-0-0	6-1-2-0-1-2-2-0-0-0-2-1	2-1-2-1-0-2-0-5-1-0-1-3	0-3-3-1-2-0-2-1-2-1-1-1	2-1-0-1-1-1-0-1-0-0-0-2	1-0-0-1-0-0-0-0-0-1-0-2	1-0-0-1-0-1-0-0-0-1-1-0	1-2-2-0-1-0-2-1-0-1-0-2	1-1-1-0-1-0-0-0-1-1-3-1	3-0-1-0-2-1-2-1-3-1-0-1	1-1-1-2-1-1-1-1-1-1-1-0
679	2	1-2-1-2-2-2-2-2-2-2-2-2	3-1-0-3-0-2-1-4-3-1-3-3	1-4-3-3-5-1-1-0-0-3-1-3	3-1-1-4-3-3-0-8-3-3-3-1	2-1-1-5-1-2-3-3-1-2-4-3	3-1-3-2-2-3-3-2-0-0-0-4	3-4-2-1-3-0-2-3-0-2-3-3	0-4-8-3-2-1-0-9-2-2-1-0	2-1-1-3-4-0-1-3-2-2-5-1	3-3-0-7-3-3-3-0-3-3-1-5	2-4-1-2-9-1-1-1-1-3-3-1	1-4-1-1-1-2-3-1-0-2-0-2
679	3	3-4-3-3-3-3-3-3-3-3-3-4	2-4-4-2-3-4-1-4-2-2-2-4	4-2-2-2-4-4-4-4-4-2-4-4	2-4-1-2-2-2-4-1-5-4-4-1	2-1-1-2-3-2-4-2-4-3-3-2	2-3-5-2-7-2-4-3-3-3-7-3	2-2-3-1-2-3-6-2-0-5-2-2	4-2-2-2-2-1-8-4-2-6-3-3	0-1-2-2-3-8-1-2-6-3-4-4	2-5-3-8-2-2-3-3-2-2-1-2	1-3-3-4-6-2-2-3-1-2-2-3	1-2-1-1-3-5-2-3-6-3-4-3
679	4	5-3-3-8-3-3-5-4-4-4-5-3	4-3-3-2-4-3-5-3-5-4-5-6	9-5-5-5-3-5-5-5-3-5-3-3	5-5-6-5-2-5-5-1-3-3-3-7	2-5-1-4-5-3-5-5-3-3-2-9	5-5-3-7-6-6-3-2-3-0-0-2	2-2-3-5-5-3-3-5-4-3-7-3	3-2-2-5-2-5-3-3-3-8-4-6	6-5-7-5-2-4-6-5-2-4-3-3	5-7-3-3-5-2-3-3-5-6-5-4	7-5-5-5-5-5-5-7-5-2-4-4	4-6-5-4-5-7-2-4-7-3-3-2
679	5	4-5-4-5-6-6-5-5-5-4-4-4	4-6-6-2-4-7-4-6-4-4-4-4	1-4-4-4-2-4-6-4-6-4-6-6	4-4-4-4-2-4-4-1-6-7-4-4	2-4-1-2-4-5-6-4-6-2-2-2	4-4-3-4-4-2-6-5-5-5-0-5	6-6-6-4-4-5-3-6-5-5-4-5	5-2-2-4-5-4-5-6-2-5-4-4	4-4-4-4-6-4-4-4-5-4-6-5	4-3-5-6-4-7-3-5-4-4-4-2	4-8-4-4-4-4-4-4-4-2-6-0	4-4-4-1-4-3-2-4-4-5-3-3
679	6	7-6-6-6-5-5-4-8-6-4-6-7	6-5-5-2-4-5-7-5-4-6-7-4	1-8-8-8-7-7-5-4-5-7-5-7	7-4-4-8-8-8-5-2-5-5-8-1	7-4-1-6-4-5-7-7-5-6-5-8	7-7-7-9-4-4-7-7-5-5-0-7	7-5-5-1-7-6-3-5-5-3-8-7	5-7-2-7-7-4-9-7-6-3-6-4	4-4-8-7-8-5-4-9-3-7-8-3	6-8-5-5-5-8-7-6-7-4-8-2	6-7-7-0-3-4-4-1-6-6-7-7	3-9-7-7-6-4-7-4-3-7-3-3
679	7	6-7-7-9-5-7-7-7-7-4-7-6	6-5-5-6-7-5-6-8-4-6-6-8	8-6-4-5-6-4-8-8-8-6-8-6	6-4-8-8-6-6-8-2-8-5-6-4	6-4-1-7-4-8-8-6-7-7-5-4	6-6-6-4-3-4-6-6-7-7-3-6	6-6-8-9-6-9-7-6-7-7-4-6	5-6-4-6-6-4-5-6-9-3-8-4	7-4-4-6-7-1-4-4-8-6-6-3	4-4-7-2-8-6-6-6-6-4-4-2	4-6-4-9-7-4-4-4-6-6-6-7	7-6-4-6-4-4-2-4-4-6-8-8
679	8	9-9-9-4-7-9-9-9-9-8-6-9	4-5-5-6-7-9-9-7-4-6-9-7	6-6-6-6-6-8-7-5-9-8-7-6	6-4-8-9-6-6-9-2-7-7-6-4	6-4-3-6-1-7-7-6-8-8-2-4	9-5-5-7-4-4-7-5-8-7-0-8	9-5-7-7-9-8-7-7-8-5-6-6	8-7-2-7-6-9-3-6-9-4-7-4	8-8-6-6-6-3-7-4-7-4-6-3	8-6-8-3-7-6-3-5-9-4-8-8	7-8-3-7-7-9-4-1-6-6-8-8	9-6-8-6-8-8-5-4-9-7-7-7
679	9	9-8-9-7-9-8-8-9-8-8-9-9	8-5-9-2-9-8-8-9-9-9-8-9	9-9-9-9-9-9-8-8-8-9-9-9	8-9-9-8-9-9-8-9-8-9-9-4	2-4-9-9-9-7-8-9-9-9-3-4	8-9-9-6-9-4-9-9-9-9-9-9	8-9-9-7-8-8-9-9-9-9-8-6	9-7-2-8-9-8-6-2-8-4-9-8	8-9-6-9-2-9-9-6-9-9-6-1	1-9-9-9-9-8-9-9-8-9-9-9	9-9-7-7-2-8-9-4-4-8-9-9	9-6-8-1-7-9-9-4-9-9-8-9
680	0	0-0-0-0-0-0-0-0-0-0-0-0	0-0-0-0-0-0-0-0-0-0-0-0	0-0-0-0-0-0-0-0-0-0-0-0	0-0-0-0-0-0-0-0-0-0-0-0	0-0-0-0-0-0-0-0-0-0-0-0	0-0-0-0-0-0-0-0-0-0-0-0	0-0-0-0-0-0-0-0-0-0-0-0	0-0-0-0-0-0-0-0-0-0-0-0	0-0-0-0-0-0-0-0-0-0-0-0	0-0-0-0-0-0-0-0-0-0-0-0	0-0-0-0-0-0-0-0-0-0-0-0	0-0-0-0-0-0-0-0-0-0-0-0
680	1	2-2-2-2-2-1-2-2-2-2-2-2	2-2-1-0-3-2-0-2-2-2-0-2	2-2-2-2-2-2-2-2-0-2-6-2	2-2-2-2-2-0-2-2-1-2-2-2	7-2-1-0-0-1-2-1-2-2-4-1	1-0-3-3-2-2-2-2-2-1-0-1	2-1-1-1-2-1-2-2-2-5-1-1	1-1-2-2-1-4-3-2-1-1-3-1	1-0-1-0-2-2-2-2-2-1-1-1	3-1-1-1-1-1-0-1-1-2-0-1	2-9-3-0-1-2-5-4-6-1-2-1	2-1-1-2-3-1-1-2-1-1-1-2
680	2	1-1-1-1-1-1-1-1-1-1-1-1	1-1-1-5-1-1-1-1-1-1-3-1	1-2-1-1-4-1-3-1-1-1-1-1	4-1-1-4-3-3-1-4-3-1-1-1	4-1-3-4-0-3-3-3-1-1-1-4	1-0-1-0-1-1-3-4-1-1-0-3	1-5-1-0-3-2-1-1-1-1-4-3	1-2-5-3-3-1-9-9-2-0-1-0	0-0-3-3-5-4-1-4-1-2-2-2	1-4-1-1-3-4-0-1-3-1-0-4	1-2-0-0-0-1-0-1-1-5-3-4	1-3-2-1-1-1-3-1-0-0-2-5
680	3	1-3-1-3-3-1-1-1-1-1-1-1	1-4-3-2-1-1-1-4-1-1-2-4	1-3-1-2-2-2-4-6-1-2-4-2	2-3-4-1-2-2-1-2-4-1-3-1	3-0-2-2-2-2-4-2-3-3-1-2	1-4-4-1-3-2-4-3-3-3-7-3	4-2-1-0-2-3-7-5-3-7-2-2	1-2-2-4-2-1-1-4-3-4-1-0	3-0-2-2-3-2-3-2-1-3-2-3	1-4-3-5-4-2-4-3-4-3-5-2	5-4-1-6-0-1-0-4-1-0-4-1	0-2-2-1-1-5-2-1-1-4-4-1
680	4	1-4-5-4-3-4-3-6-1-1-4-1	1-3-3-2-1-1-1-3-1-6-2-3	3-4-6-1-2-1-5-5-6-6-5-4	2-3-5-6-2-2-1-2-5-6-5-1	2-0-2-2-2-5-5-4-5-1-1-2	2-3-6-0-7-2-5-2-4-4-8-3	3-2-5-0-2-3-3-1-4-1-2-2	4-5-2-3-4-1-5-3-3-4-5-0	3-0-3-3-3-2-3-2-9-4-2-4	1-2-4-4-3-2-3-5-3-3-3-2	4-3-5-5-0-1-0-1-3-0-3-6	1-2-2-1-1-3-2-1-1-3-3-1
680	5	5-5-6-5-6-5-5-7-5-6-6-9	6-3-4-6-1-1-7-7-6-6-6-7	7-6-7-6-6-6-6-4-6-4-4-5	6-6-7-6-2-6-6-2-4-1-6-8	2-8-8-5-7-4-6-6-4-1-1-6	6-6-3-6-6-9-6-6-1-4-4-6	6-2-4-6-6-7-3-6-4-1-6-2	5-4-2-6-2-6-4-6-5-5-5-0	7-6-7-6-2-8-7-9-1-6-2-3	5-5-5-5-6-2-6-4-6-7-3-2	3-5-6-4-6-9-7-8-1-2-6-5	1-6-5-5-5-5-6-1-8-8-4-2
680	6	5-7-5-9-6-6-6-4-5-5-5-5	5-7-6-5-8-5-5-5-5-5-5-6	5-5-5-5-5-5-7-8-7-4-7-5	5-5-5-4-5-5-7-2-7-8-7-5	2-5-5-5-5-6-7-5-6-6-1-5	5-5-4-7-5-5-7-5-6-6-3-6	5-2-7-5-5-5-6-5-6-7-5-4	6-2-2-5-5-5-4-5-5-6-6-6	6-5-6-5-6-5-8-7-7-5-2-4	5-5-6-7-5-6-5-6-5-5-5-2	1-5-5-3-5-1-5-5-1-0-4-4	8-5-5-5-5-8-5-1-5-1-7-7
680	7	5-6-7-8-6-7-8-7-7-5-8-8	8-6-6-7-1-1-5-5-5-6-9-5	5-8-5-9-8-9-8-8-6-8-6-8	8-5-5-7-8-8-6-2-6-6-8-5	8-5-8-5-5-8-8-7-7-7-5-7	8-5-8-7-4-9-8-8-6-7-3-8	8-8-6-5-8-5-3-9-4-6-8-8	6-8-7-8-7-5-9-9-8-6-8-0	5-5-5-8-8-7-5-8-6-4-8-3	8-8-7-6-8-4-6-3-7-5-8-2	8-7-7-4-9-7-5-5-6-7-8-8	6-8-5-5-5-0-8-1-8-7-8-6
680	8	7-9-7-7-6-9-9-9-9-8-7-9	9-6-6-7-8-9-7-7-9-7-7-9	5-7-9-7-7-7-7-6-6-7-7-7	7-5-5-6-7-7-9-1-7-6-7-5	7-5-5-5-5-7-7-7-8-8-5-7	7-5-7-7-8-8-7-7-8-8-4-9	7-7-1-5-7-5-9-9-8-8-7-7	8-7-7-7-7-5-8-8-7-8-7-8	8-8-5-7-7-5-5-7-6-6-7-7	7-7-5-8-7-1-5-6-8-5-5-2	7-7-1-8-0-8-8-5-8-7-7-7	6-7-8-5-8-6-7-0-5-7-7-7
680	9	9-8-7-6-9-8-8-9-8-5-9-8	8-6-9-7-9-9-7-9-9-9-7-8	9-9-9-7-9-9-9-8-9-9-8-9	8-9-9-9-9-9-8-9-9-9-9-8	7-5-9-9-9-9-8-9-9-9-8-9	9-9-9-8-9-7-9-9-9-9-9-8	7-9-9-7-7-9-8-9-9-9-7-7	9-9-7-8-9-7-2-7-7-5-8-9	7-9-9-7-7-9-9-5-4-1-7-5	5-9-9-9-9-2-9-6-8-9-8-9	0-1-9-9-5-5-9-1-1-0-9-9	1-8-5-5-9-9-9-9-9-9-7-9
681	0	0-0-0-0-0-0-0-0-0-0-0-0	0-0-0-0-0-0-0-0-0-0-0-0	0-0-0-0-0-0-0-0-0-0-0-0	0-0-0-0-0-0-0-0-0-0-0-0	0-0-0-0-0-0-0-0-0-0-0-0	0-0-0-0-0-0-0-0-0-0-0-0	0-0-0-0-0-0-0-0-0-0-0-0	0-0-0-0-0-0-0-0-0-0-0-0	0-0-0-0-0-0-0-0-0-0-0-0	0-0-0-0-0-0-0-0-0-0-0-0	0-0-0-0-0-0-0-0-0-0-0-0	0-0-0-0-0-0-0-0-0-0-0-0
681	1	1-1-1-1-1-1-1-1-1-1-1-1	0-2-2-0-0-0-0-2-0-1-0-0	3-0-0-0-0-0-2-4-0-0-2-0	0-0-2-0-0-0-0-1-2-2-2-0	1-0-1-0-0-2-2-0-1-0-0-1	2-0-0-0-0-0-2-0-2-1-7-2	0-1-1-0-0-1-0-4-1-1-8-1	1-1-0-1-1-0-1-1-0-1-0-0	1-0-0-0-0-0-0-1-4-1-0-2	0-0-1-2-1-1-0-2-0-7-0-1	0-0-0-0-1-0-0-1-0-0-1-3	2-1-0-1-0-0-0-0-0-0-1-3
681	2	2-1-2-2-1-1-2-1-2-2-2-3	2-1-1-2-2-2-0-1-0-1-3-1	3-4-3-5-4-3-3-1-0-3-1-3	4-3-3-4-4-4-3-2-1-1-3-0	3-0-3-4-0-1-3-3-2-4-4-2	4-4-3-0-2-4-3-2-1-1-0-4	3-1-1-0-3-2-1-3-2-2-2-3	2-4-2-3-5-2-3-5-5-0-0-0	2-0-3-3-5-3-0-3-0-2-5-4	2-2-1-1-3-5-3-2-3-0-0-5	1-2-0-2-0-1-0-2-0-2-3-1	1-4-2-2-0-4-3-0-2-2-2-4
681	3	3-3-2-3-3-3-3-3-3-3-3-2	3-5-3-2-4-3-0-4-5-3-2-4	2-2-2-2-2-2-4-5-4-2-4-2	2-4-4-2-2-2-4-2-4-1-4-0	2-0-2-2-0-3-4-2-3-3-2-2	2-2-2-0-3-2-4-2-3-3-6-3	6-5-1-4-2-3-3-2-3-4-6-2	3-2-2-4-2-2-2-2-2-3-6-0	3-0-2-2-3-2-4-2-5-4-2-2	2-4-3-4-2-2-5-3-2-0-0-2	4-2-0-5-7-0-4-0-0-4-2-1	1-2-2-3-4-4-2-0-7-5-5-1
681	4	4-4-4-4-4-4-4-4-3-4-3-2	3-6-5-2-5-3-0-3-5-4-5-3	8-4-6-2-2-2-5-6-3-5-5-2	2-5-5-2-2-2-3-2-5-6-5-0	2-0-4-2-0-3-5-4-5-2-2-2	2-2-3-0-4-2-5-2-4-4-4-2	2-5-4-3-2-3-5-5-4-3-0-2	3-5-2-3-2-4-7-2-2-7-5-8	3-0-3-2-4-2-7-2-7-4-4-2	5-3-3-5-0-2-3-4-3-0-8-2	3-2-8-4-5-0-3-0-0-3-2-2	1-2-2-4-3-2-2-0-0-3-4-2
681	5	6-5-7-7-4-5-5-7-5-5-5-5	5-3-4-2-4-4-6-6-6-6-6-6	6-6-6-2-2-6-4-4-4-4-4-5	6-6-7-4-2-2-6-2-4-6-4-6	2-6-7-6-6-3-6-4-6-5-2-4	1-6-2-0-5-2-4-2-4-4-0-5	8-4-4-5-6-7-4-4-4-5-2-6	6-4-6-3-2-5-4-2-2-5-4-5	7-0-6-2-2-8-6-8-4-5-2-6	5-2-7-6-2-2-3-4-6-6-4-2	3-2-6-3-4-8-5-5-7-5-6-5	6-2-5-5-4-5-5-5-2-3-3-2
681	6	5-3-6-8-6-6-8-6-6-5-6-7	6-4-4-7-5-7-7-5-7-5-7-7	5-7-5-2-7-5-7-4-7-7-7-7	7-5-5-7-7-7-7-5-7-5-7-5	7-5-5-7-5-6-7-7-5-6-7-7	7-5-7-6-5-2-7-7-4-6-3-7	7-7-4-5-5-3-4-8-4-3-7-5	5-7-5-7-7-5-4-7-8-5-7-0	3-0-5-7-7-5-5-7-4-5-7-5	7-7-5-5-7-2-7-7-5-5-7-7	7-2-5-3-8-5-0-0-0-7-5-6	5-2-5-5-7-7-5-0-7-0-7-7
681	7	6-8-6-7-5-8-8-5-8-7-6-8	6-4-4-6-7-6-6-6-6-5-6-8	5-6-8-6-6-5-6-7-6-6-6-6	6-6-5-6-6-6-8-2-6-5-6-8	6-5-5-6-7-6-6-6-7-7-6-6	8-6-6-8-7-8-6-6-7-7-3-6	8-6-7-7-8-7-5-8-7-7-6-5	7-6-5-6-6-7-4-6-2-4-6-7	5-7-5-6-6-5-5-6-4-7-6-5	7-6-5-8-6-2-6-6-8-1-6-6	6-7-5-7-3-7-7-5-5-7-3-7	8-8-6-5-6-5-6-5-3-0-6-6
681	8	8-7-6-6-8-7-7-8-7-6-6-7	7-8-8-5-8-8-6-8-8-8-6-7	8-8-8-6-8-8-8-7-8-8-7-8	6-8-8-8-8-8-7-8-4-8-8-7	6-5-8-8-7-8-7-8-8-8-6-6	7-8-6-7-8-7-8-8-8-8-8-7	7-8-8-8-7-8-4-7-8-8-1-8	8-8-2-7-8-7-7-2-6-5-5-8	7-7-8-8-2-5-8-6-4-4-6-5	6-8-8-8-8-2-8-4-5-8-4-8	7-2-4-8-5-5-7-5-0-7-8-8	8-7-5-5-7-8-8-8-8-8-4-8
682	0	0-0-0-0-0-0-0-0-0-0-0-0	0-0-0-0-0-0-0-0-0-0-0-0	0-0-0-0-0-0-0-0-0-0-0-0	0-0-0-0-0-0-0-0-0-0-0-0	0-0-0-0-0-0-0-0-0-0-0-0	0-0-0-0-0-0-0-0-0-0-0-0	0-0-0-0-0-0-0-0-0-0-0-0	0-0-0-0-0-0-0-0-0-0-0-0	0-0-0-0-0-0-0-0-0-0-0-0	0-0-0-0-0-0-0-0-0-0-0-0	0-0-0-0-0-0-0-0-0-0-0-0	0-0-0-0-0-0-0-0-0-0-0-0
682	1	1-1-1-1-1-1-1-1-1-1-1-1	0-0-0-4-1-0-0-0-0-1-0-2	0-2-0-2-3-1-2-0-0-2-2-2	3-0-0-3-3-3-0-5-1-1-1-0	1-0-0-0-3-1-2-2-1-3-3-0	1-0-2-0-0-3-2-2-1-1-0-0	0-1-1-0-2-1-2-3-1-1-0-2	0-1-4-2-1-1-1-1-1-0-0-0	0-0-2-3-4-0-0-2-2-0-1-1	0-3-1-2-2-1-0-0-2-0-0-1	0-1-0-1-0-1-0-0-0-1-1-0	0-3-0-1-0-1-3-0-4-0-1-1
682	2	2-2-2-2-2-2-2-2-2-2-2-2	0-3-2-1-2-2-0-3-0-2-1-3	3-1-0-1-1-1-3-3-0-1-3-1	1-2-2-1-1-1-3-0-3-2-3-0	1-0-0-1-1-3-3-1-3-2-0-0	1-2-1-0-2-1-3-1-2-2-5-2	3-1-2-3-1-2-1-1-2-2-4-1	2-0-0-3-1-3-5-5-2-2-0-1	3-0-1-1-2-0-0-1-3-2-1-3	0-1-2-3-3-2-3-2-3-2-0-1	4-1-7-2-3-1-0-0-0-1-1-1	0-1-0-2-3-1-0-0-0-3-3-3
682	3	3-3-3-3-3-3-3-3-3-3-3-3	0-2-4-1-2-3-1-2-0-3-1-2	2-3-0-1-1-1-2-7-4-4-2-4	4-4-4-1-1-1-4-0-5-4-4-0	3-0-4-5-1-4-2-3-4-1-1-3	4-4-2-1-3-1-4-1-3-3-4-4	2-1-3-3-1-3-2-1-3-2-4-4	2-3-4-2-1-3-5-2-1-3-0-7	4-0-1-1-3-4-4-4-6-5-1-2	0-1-3-4-2-1-4-3-2-3-4-1	3-1-5-5-4-4-4-6-4-1-4-3	3-1-0-3-2-3-1-4-5-6-2-5
682	4	4-4-6-4-6-5-5-5-5-4-5-7	5-2-3-6-5-5-5-4-5-5-5-5	4-5-5-6-3-5-4-5-5-5-6-4	5-6-5-6-1-1-5-5-3-3-3-5	1-5-6-6-5-3-5-3-3-6-5-4	3-5-4-4-5-5-3-1-5-3-3-3	7-3-3-5-7-4-3-4-3-7-7-3	5-3-5-3-1-5-2-2-5-4-5-7	3-7-5-1-1-3-5-3-7-4-5-5	4-5-6-5-5-1-3-6-5-5-5-5	5-1-4-4-3-5-6-6-6-5-3-4	5-5-4-5-5-5-4-5-1-5-2-5
682	5	4-4-7-4-4-4-4-4-4-4-4-4	4-2-3-5-5-4-4-4-4-4-6-4	5-6-4-6-6-4-6-4-4-6-6-5	6-4-4-4-6-6-4-6-6-3-6-4	5-4-4-3-4-5-6-5-3-5-4-6	6-7-6-5-4-4-6-6-4-5-2-6	4-6-3-4-6-5-2-6-3-5-6-5	4-6-4-6-6-4-2-6-4-5-4-0	4-0-4-6-7-6-4-6-2-6-6-4	7-4-4-4-6-6-6-3-4-4-4-6	4-1-4-3-4-4-4-4-4-4-6-6	4-6-5-4-4-4-6-4-6-4-2-6
682	6	4-7-4-5-4-7-7-4-4-4-4-7	4-3-3-5-6-4-4-5-4-4-5-5	7-5-4-5-5-4-5-7-4-5-7-4	5-4-4-4-5-5-7-5-5-4-5-7	5-4-4-4-6-5-7-5-6-6-5-5	7-5-5-7-4-5-5-5-6-6-3-5	7-5-3-4-5-6-2-7-6-5-5-5	6-5-4-5-5-4-2-5-1-3-5-6	6-6-5-5-5-5-4-5-3-5-5-4	4-4-4-3-5-5-5-4-6-4-6-5	5-6-4-4-7-4-4-4-4-6-5-5	4-7-6-4-6-6-5-4-5-3-5-5
682	7	7-6-5-5-7-6-6-7-4-4-4-4	6-7-7-5-7-4-4-5-4-7-5-5	7-7-7-5-7-7-7-6-4-7-6-7	6-7-4-7-7-7-6-7-7-7-7-6	5-4-7-7-6-6-6-7-7-7-5-4	6-5-7-6-7-4-7-5-7-7-3-6	4-7-7-7-4-7-6-6-7-7-4-5	7-5-5-6-5-4-5-5-1-4-5-4	6-4-7-6-5-7-7-3-4-2-4-5	5-7-7-7-7-5-7-6-6-7-6-7	5-7-2-6-6-4-6-4-6-7-7-7	7-6-4-4-6-7-7-7-7-7-3-7
683	0	0-0-0-0-0-0-0-0-0-0-0-0	0-0-0-0-0-0-0-0-0-0-0-0	0-0-0-0-0-0-0-0-0-0-0-0	0-0-0-0-0-0-0-0-0-0-0-0	0-0-0-0-0-0-0-0-0-0-0-0	0-0-0-0-0-0-0-0-0-0-0-0	0-0-0-0-0-0-0-0-0-0-0-0	0-0-0-0-0-0-0-0-0-0-0-0	0-0-0-0-0-0-0-0-0-0-0-0	0-0-0-0-0-0-0-0-0-0-0-0	0-0-0-0-0-0-0-0-0-0-0-0	0-0-0-0-0-0-0-0-0-0-0-0
683	1	1-1-2-1-2-1-1-1-1-1-1-1	1-1-0-1-0-1-1-2-2-1-1-2	3-1-2-0-1-2-2-2-2-1-2-1	2-2-2-1-1-2-0-3-0-0-0-2	1-2-3-4-2-0-2-1-0-0-3-1	1-4-1-2-0-2-2-0-0-0-0-2	2-0-0-3-0-4-0-2-0-1-3-2	4-3-3-4-1-2-0-4-3-2-2-0	0-2-2-0-2-3-2-2-2-1-2-2	2-2-1-2-2-1-3-1-5-2-3-0	3-4-4-1-3-1-2-1-3-3-2-2	3-1-3-3-3-1-2-1-1-3-1-1
683	2	1-1-1-1-1-1-1-1-1-1-1-1	3-1-0-3-0-3-1-1-3-1-3-3	1-3-1-1-3-1-1-1-1-3-3-2	3-1-1-4-3-3-3-1-3-0-2-1	2-1-1-0-1-3-3-3-1-2-2-1	1-1-3-1-2-1-3-2-5-5-0-1	1-3-0-1-3-2-2-1-0-2-1-3	0-4-4-3-2-1-7-7-2-1-1-0	1-1-1-4-4-2-1-4-1-2-1-1	1-4-0-1-3-4-0-2-3-1-1-4	1-4-1-1-1-3-1-1-1-2-1-1	1-3-1-1-1-2-4-1-2-1-0-4
683	3	1-4-1-3-4-1-3-3-3-1-1-4	2-4-4-2-0-4-1-2-2-1-2-4	1-2-1-4-2-5-4-4-4-2-4-4	2-4-1-2-2-2-4-1-4-5-4-1	2-1-1-5-3-2-4-2-5-3-1-1	2-1-4-1-5-1-4-3-3-3-5-3	2-2-3-1-2-3-5-0-0-5-1-4	0-1-1-2-2-4-6-0-1-4-1-3	1-1-2-2-3-1-1-1-5-3-1-3	1-1-7-0-2-2-1-4-2-4-1-2	1-5-1-3-1-2-1-3-1-1-2-0	1-2-1-1-1-2-2-2-1-1-5-5
683	4	3-3-5-5-3-1-4-4-4-4-4-3	4-3-3-6-4-3-4-5-5-1-3-3	5-5-5-3-4-1-3-5-3-4-3-4	5-5-5-5-2-2-5-1-3-3-3-7	2-7-1-1-5-3-5-5-4-4-2-7	0-1-3-4-4-1-3-2-3-3-3-3	2-2-0-3-5-1-3-0-0-3-5-3	1-2-5-1-2-3-0-1-4-5-4-5	5-5-6-2-2-4-5-5-3-4-1-3	5-5-0-0-5-2-1-3-2-5-5-2	5-2-1-1-1-5-5-5-5-1-4-1	1-2-4-1-5-2-2-5-1-1-1-2
683	5	6-5-6-6-5-5-5-6-7-6-6-6	4-3-3-4-6-3-6-6-4-1-6-7	4-6-6-6-6-3-6-4-6-6-3-6	4-4-4-6-6-6-4-7-6-3-6-5	6-4-7-3-4-5-6-6-3-5-6-6	6-7-6-5-4-6-6-6-2-5-3-6	7-6-3-3-4-5-3-7-5-3-4-6	5-6-4-6-6-1-3-6-5-4-6-4	4-4-4-6-6-6-4-4-3-5-6-5	4-4-3-6-6-6-5-3-1-4-4-6	4-6-6-3-7-2-4-4-4-1-6-1	1-5-5-1-4-5-5-4-6-1-3-6
683	6	5-7-5-5-6-7-7-7-7-5-5-5	5-3-3-4-5-7-5-5-4-6-7-5	5-5-5-5-5-6-5-5-5-6-6-5	5-6-6-5-5-5-7-5-5-6-5-4	5-6-5-5-6-6-5-5-6-6-5-5	5-5-5-5-6-5-5-5-3-6-3-5	7-5-0-6-6-6-6-5-6-3-6-5	6-2-2-5-5-7-3-5-6-4-5-4	6-4-6-5-5-5-6-4-3-5-5-5	6-6-0-5-5-5-5-3-7-4-4-5	5-5-3-3-7-7-4-4-6-6-6-6	3-5-6-6-4-5-5-4-5-6-5-5
683	7	7-6-7-5-7-6-6-7-6-5-7-5	4-7-7-4-7-6-4-7-7-7-6-7	7-7-7-7-7-7-6-6-5-7-5-7	6-7-7-7-7-7-6-7-6-7-7-4	5-4-7-7-7-6-6-7-7-7-5-7	6-7-7-5-7-7-7-7-7-7-7-7	5-7-7-7-5-7-7-5-7-7-5-7	7-7-5-6-7-6-2-5-6-5-6-7	4-7-1-6-5-7-7-4-7-5-5-6	5-4-7-7-7-5-7-6-6-7-4-6	4-7-0-3-5-6-4-4-7-7-7-7	1-5-5-1-4-7-7-4-7-7-5-7
684	0	0-0-0-0-0-0-0-0-0-0-0-0	0-0-0-0-0-0-0-0-0-0-0-0	0-0-0-0-0-0-0-0-0-0-0-0	0-0-0-0-0-0-0-0-0-0-0-0	0-0-0-0-0-0-0-0-0-0-0-0	0-0-0-0-0-0-0-0-0-0-0-0	0-0-0-0-0-0-0-0-0-0-0-0	0-0-0-0-0-0-0-0-0-0-0-0	0-0-0-0-0-0-0-0-0-0-0-0	0-0-0-0-0-0-0-0-0-0-0-0	0-0-0-0-0-0-0-0-0-0-0-0	0-0-0-0-0-0-0-0-0-0-0-0
684	1	2-2-1-2-2-1-1-1-1-1-1-1	1-2-2-1-2-1-0-2-2-1-2-2	2-2-2-2-2-2-2-2-2-2-3-2	2-0-2-3-2-1-0-2-2-2-2-0	1-0-2-3-0-1-2-2-2-3-3-1	4-4-2-0-0-4-1-2-1-1-4-2	4-2-1-1-2-1-1-2-1-1-1-2	1-1-4-2-2-0-3-2-1-0-3-1	1-0-2-2-0-3-4-2-2-1-1-7	1-1-1-2-3-1-3-1-0-0-3-0	1-3-2-2-3-2-4-1-4-1-0-1	4-2-1-1-1-1-1-3-4-3-1-3
684	2	1-1-1-1-1-1-1-1-1-1-1-1	3-1-1-1-1-1-3-1-1-1-1-1	1-3-1-1-1-1-1-1-1-1-1-1	3-0-1-1-3-3-3-1-1-1-1-1	3-1-1-1-3-3-3-3-1-1-4-3	1-1-3-3-2-1-3-3-1-2-0-3	1-1-1-0-3-2-0-3-1-3-3-1	1-4-2-3-3-0-8-6-4-0-2-0	2-0-3-3-0-3-0-4-1-2-3-2	1-5-1-1-3-3-3-1-3-3-1-7	2-1-1-1-2-1-1-0-3-2-2-2	3-1-1-2-4-2-3-0-2-2-2-4
684	3	4-4-1-3-4-3-3-4-3-1-3-4	2-4-3-1-1-1-2-4-4-3-4-4	1-2-1-1-2-4-4-4-1-5-4-4	2-2-4-1-2-2-2-1-4-1-4-0	3-0-5-3-2-4-4-2-4-1-1-2	1-1-2-2-3-1-4-2-3-3-7-2	1-1-3-3-2-3-4-2-4-3-2-4	3-2-4-2-2-4-2-2-4-0-1-4	2-0-2-2-4-2-0-4-4-4-2-4	1-1-3-2-2-2-2-1-2-4-1-4	2-1-1-3-1-3-1-4-2-2-2-3	2-4-3-2-2-1-2-1-1-1-3-1
684	4	3-3-4-3-3-3-4-3-3-1-4-3	5-3-3-1-5-1-5-4-3-2-5-3	7-5-7-2-4-3-3-5-1-5-3-5	5-4-5-5-2-2-5-2-3-1-3-5	1-5-1-3-6-3-3-5-4-5-2-1	1-1-2-0-6-5-3-2-3-3-1-2	1-1-3-3-5-3-3-5-3-2-6-3	1-2-6-3-3-3-2-2-2-4-4-7	6-4-2-2-3-0-6-3-3-3-2-3	1-1-4-5-6-2-2-1-7-3-6-3	6-1-1-8-1-6-6-6-6-1-2-1	1-3-4-2-2-2-2-7-1-7-1-2
684	5	5-5-7-7-6-6-8-7-7-6-6-6	6-6-5-4-7-7-4-6-6-6-7-6	5-6-6-8-6-6-6-6-7-6-6-6	6-5-6-6-7-5-6-7-6-6-5-5	5-6-6-6-5-5-6-5-6-5-7-5	6-6-6-5-6-6-5-6-6-5-3-5	6-5-5-8-5-5-3-6-5-7-8-6	5-2-2-5-5-7-7-5-6-5-8-6	5-8-8-6-5-5-7-6-7-6-2-6	7-5-6-6-5-2-5-6-5-7-4-6	8-6-6-5-8-8-4-5-8-6-7-5	6-6-5-8-6-5-7-4-5-8-5-8
684	6	8-5-5-8-5-5-5-5-5-5-5-5	5-5-5-8-5-5-7-5-5-5-5-5	6-7-5-7-7-5-7-5-5-5-5-5	7-4-5-5-7-7-5-7-5-5-7-5	7-5-5-7-4-7-7-6-5-5-5-7	5-5-7-6-4-5-7-7-5-5-3-7	5-1-5-6-5-5-5-7-6-6-7-5	5-7-4-7-7-5-5-8-5-5-7-5	4-0-5-7-7-5-4-7-5-5-7-5	8-7-5-5-7-5-7-5-5-5-4-5	4-5-5-5-7-5-4-7-7-5-5-5	5-5-6-7-7-1-5-4-7-4-7-5
684	7	5-8-5-5-5-8-5-5-5-5-5-8	5-5-5-6-5-5-6-6-5-5-5-8	4-6-4-6-6-5-6-5-5-5-7-5	6-7-7-5-6-6-8-6-5-5-6-8	6-5-6-6-7-6-6-6-7-5-5-6	8-8-6-6-7-8-6-6-7-7-3-6	8-1-5-7-7-7-7-6-7-5-6-5	7-6-2-6-6-5-5-6-7-5-6-4	7-7-5-7-6-1-5-6-5-6-6-1	5-6-7-5-6-2-7-5-8-5-7-6	6-7-5-3-6-5-7-6-6-6-5-7	5-8-7-7-7-5-5-4-6-4-6-5
684	8	8-7-6-6-5-7-5-8-5-5-5-7	5-8-8-6-8-5-7-8-8-8-5-7	8-8-8-5-8-5-5-5-5-8-7-8	7-8-5-8-8-8-7-8-8-8-8-7	6-5-8-8-8-8-7-8-8-8-5-6	7-7-6-6-8-7-8-8-8-8-8-7	7-8-8-8-7-8-8-8-8-8-5-5	8-8-8-8-8-5-8-6-7-5-5-5	7-7-5-7-6-8-8-5-5-8-6-8	6-4-8-8-8-1-6-5-7-8-7-8	5-1-5-4-5-5-7-4-5-5-8-7	5-7-7-5-7-8-8-8-8-8-6-5
685	0	0-0-0-0-0-0-0-0-0-0-0-0	0-0-0-0-0-0-0-0-0-0-0-0	0-0-0-0-0-0-0-0-0-0-0-0	0-0-0-0-0-0-0-0-0-0-0-0	0-0-0-0-0-0-0-0-0-0-0-0	0-0-0-0-0-0-0-0-0-0-0-0	0-0-0-0-0-0-0-0-0-0-0-0	0-0-0-0-0-0-0-0-0-0-0-0	0-0-0-0-0-0-0-0-0-0-0-0	0-0-0-0-0-0-0-0-0-0-0-0	0-0-0-0-0-0-0-0-0-0-0-0	0-0-0-0-0-0-0-0-0-0-0-0
685	1	1-1-1-1-1-1-1-1-1-1-1-1	1-0-0-4-0-0-3-2-0-1-0-0	0-2-0-2-2-1-2-0-0-2-2-2	3-0-0-3-3-3-0-1-1-1-1-0	1-0-0-2-0-1-2-2-1-3-3-2	1-0-2-0-0-3-2-1-1-1-0-3	3-3-1-0-3-2-2-0-1-1-4-2	1-1-3-2-2-1-2-0-1-0-0-0	0-0-0-3-6-0-0-2-2-0-1-1	5-2-1-0-5-1-0-1-2-0-0-1	0-1-0-0-0-1-0-0-0-1-1-1	0-2-1-0-0-3-2-0-0-0-1-1
685	2	2-2-2-2-2-2-2-2-2-2-2-2	1-3-2-1-2-2-1-3-3-1-0-3	2-1-0-1-1-1-3-3-0-1-3-1	1-3-3-1-1-1-0-1-3-3-3-0	2-0-4-1-0-1-3-1-2-2-1-1	1-0-3-0-2-1-3-1-2-2-9-2	9-1-2-0-1-4-3-3-2-3-0-1	2-2-3-3-1-4-4-0-1-2-0-4	3-0-1-1-2-0-3-1-3-2-1-2	0-1-2-2-1-1-3-1-3-2-0-1	0-1-0-2-3-3-0-0-0-1-1-3	4-1-1-3-0-0-3-0-0-4-2-1
685	3	3-3-2-3-4-3-4-3-3-3-3-3	1-4-4-1-5-4-1-4-4-3-0-4	2-3-4-3-1-1-4-5-4-1-4-4	1-4-6-1-1-1-4-3-2-2-4-0	3-0-2-1-1-2-4-3-4-1-1-1	4-4-3-0-3-1-4-1-3-3-4-1	1-1-3-4-1-2-4-4-3-2-0-1	3-3-2-2-5-0-5-5-1-6-4-1	3-0-4-1-3-4-2-1-4-9-2-3	0-1-3-4-2-3-2-3-2-2-4-1	0-5-3-0-2-2-0-4-7-2-2-2	5-1-1-4-5-1-2-0-0-3-2-3
685	4	5-3-5-6-3-3-3-6-5-4-4-4	5-3-3-5-3-3-5-3-3-6-5-5	2-5-6-1-5-5-5-5-6-4-3-3	5-3-5-6-5-5-5-5-5-6-3-4	6-0-5-5-5-2-5-5-3-5-5-5	3-5-6-4-3-4-5-1-3-4-3-5	3-5-3-4-5-2-3-5-4-2-1-5	3-5-8-5-1-5-2-6-4-3-4-2	0-0-3-5-1-5-3-1-3-4-1-8	10-5-4-3-4-1-5-3-5-9-3-1	2-1-0-0-5-2-6-3-4-4-5-4	4-5-4-4-0-6-1-9-5-2-2-1
685	5	4-6-5-5-5-5-5-5-4-4-5-6	4-5-6-4-6-6-4-6-6-4-4-4	6-4-4-1-4-4-6-3-4-7-6-6	4-5-4-4-4-4-6-4-6-4-7-4	4-0-4-4-4-6-6-4-6-4-4-4	4-4-4-5-3-4-6-1-5-5-6-5	7-4-6-7-4-5-8-4-5-6-7-4	3-4-3-4-3-4-6-6-4-3-4-2	7-0-3-4-3-4-7-1-3-5-1-6	1-4-3-6-6-2-4-5-4-4-0-1	7-5-6-0-4-7-0-0-0-4-4-5	3-4-4-5-3-4-1-0-4-6-5-1
685	6	6-5-4-6-5-5-6-4-6-6-4-10	4-5-5-6-5-5-6-6-5-4-4-5	6-7-4-9-4-7-5-6-4-5-5-5	4-6-3-4-1-7-5-7-5-4-7-7	4-9-6-4-8-5-5-4-5-6-4-4	7-4-4-6-6-6-5-8-3-3-5-7	8-4-5-6-7-8-5-4-3-5-5-8	6-5-1-7-1-8-5-4-6-8-6-6	6-0-6-7-1-6-8-7-5-6-1-5	6-6-6-5-5-1-5-3-7-8-7-1	8-1-5-0-5-6-4-6-7-4-4-6	6-4-6-7-6-4-1-7-5-6-7-1
685	7	9-7-9-7-8-8-9-9-10-8-8-7	8-5-9-9-8-9-7-8-8-8-7-8	7-8-8-8-7-8-8-8-8-8-7-8	8-7-8-7-8-6-8-7-9-6-8-7	9-7-6-9-6-8-8-7-5-7-9-7	8-7-8-7-9-8-8-8-8-5-5-6	10-8-7-6-8-7-7-8-7-7-5-8	7-7-7-6-7-9-7-9-6-3-6-7	7-7-8-7-8-7-7-8-9-6-7-7	7-7-6-6-8-1-8-7-6-6-6-8	7-10-10-7-8-8-7-7-6-7-8-7	7-10-7-6-6-7-8-10-10-7-7-7
685	8	7-7-7-7-7-7-7-7-7-7-7-7	7-5-7-9-7-7-9-7-7-7-7-7	0-9-7-7-9-7-9-7-7-7-7-7	9-7-7-9-9-9-7-9-7-4-9-7	7-6-9-4-6-7-9-9-5-7-4-9	7-4-9-8-3-7-9-7-7-5-3-9	6-7-7-6-7-6-5-9-7-8-9-7	7-9-4-9-9-7-10-9-6-6-9-7	6-0-7-9-9-7-6-9-3-4-9-4	7-6-6-6-9-1-9-8-10-6-9-9	6-7-5-0-7-6-0-6-9-9-7-7	7-9-7-6-6-4-7-7-9-8-8-7
685	9	7-10-7-7-7-10-7-7-7-7-7-7	7-5-7-8-7-7-8-7-7-7-7-7	7-8-7-6-8-7-8-7-7-7-7-8	8-9-9-8-8-8-10-8-7-6-8-10	7-6-8-8-9-8-8-8-9-7-7-8	7-8-8-10-9-7-8-8-9-9-3-8	10-7-7-9-10-9-5-8-9-7-8-7	9-8-7-8-8-7-5-8-10-3-8-9	9-9-9-8-8-7-6-8-7-3-8-4	8-9-9-9-8-1-8-7-10-4-8-8	10-9-10-9-8-9-9-6-8-8-7-9	7-8-10-9-6-4-7-7-8-8-8-2
685	10	10-9-7-7-10-9-7-10-7-7-7-9	7-10-10-8-10-7-9-7-7-10-7-7	10-9-7-7-10-8-8-7-7-10-9-10	8-10-10-10-10-10-9-10-9-10-10-9	7-8-10-10-10-10-9-10-10-10-4-4	7-8-10-9-10-8-10-10-10-10-10-9	9-10-10-7-7-10-10-9-10-10-7-7	10-8-10-9-10-9-8-8-8-7-8-6	8-9-10-10-1-10-10-9-10-7-8-4	8-10-10-10-10-10-10-7-9-10-9-10	7-7-10-9-7-7-9-7-7-10-10-10	7-9-9-3-8-10-10-7-10-10-8-10
686	0	0-0-0-0-0-0-0-0-0-0-0-0	0-0-0-0-0-0-0-0-0-0-0-0	0-0-0-0-0-0-0-0-0-0-0-0	0-0-0-0-0-0-0-0-0-0-0-0	0-0-0-0-0-0-0-0-0-0-0-0	0-0-0-0-0-0-0-0-0-0-0-0	0-0-0-0-0-0-0-0-0-0-0-0	0-0-0-0-0-0-0-0-0-0-0-0	0-0-0-0-0-0-0-0-0-0-0-0	0-0-0-0-0-0-0-0-0-0-0-0	0-0-0-0-0-0-0-0-0-0-0-0	0-0-0-0-0-0-0-0-0-0-0-0
686	1	2-2-4-3-1-2-1-2-1-2-2-2	2-2-1-3-2-2-3-2-2-2-0-2	2-2-2-2-2-2-2-2-2-2-2-2	2-1-2-3-1-2-2-2-1-2-1-2	2-0-1-2-0-1-2-1-1-2-2-1	4-1-2-1-2-2-1-2-2-1-1-1	1-2-2-1-0-1-1-2-1-2-1-1	4-1-3-1-1-2-1-1-1-1-1-0	1-3-2-1-1-2-1-1-2-2-1-1	2-1-1-2-1-1-1-1-0-4-3-1	1-1-4-0-1-1-1-0-1-1-2-1	2-1-0-1-1-2-1-1-4-1-4-3
686	2	1-1-1-2-1-1-1-1-1-1-1-1	1-1-1-2-1-1-3-1-1-1-3-1	1-3-1-1-3-1-3-1-1-3-1-3	3-3-1-2-3-3-1-1-1-1-3-1	1-0-2-1-0-2-3-3-1-1-1-3	1-1-3-2-1-1-3-1-1-0-0-4	3-1-1-0-3-2-2-3-2-1-3-3	1-2-1-2-2-1-1-2-2-1-1-0	0-0-1-3-4-1-1-3-1-3-2-1	1-3-1-1-3-2-3-1-3-1-1-2	1-2-1-1-1-1-2-0-1-3-1-1	1-2-2-1-1-1-3-1-2-3-2-4
686	3	1-4-1-1-1-4-1-1-1-1-1-1	1-4-3-2-1-1-2-4-1-1-2-4	1-2-2-2-2-2-4-2-5-2-4-2	2-3-4-1-2-2-1-1-3-4-4-1	3-0-2-3-3-4-4-2-3-3-1-2	2-3-4-1-3-1-4-1-3-3-6-3	2-2-4-5-2-3-4-2-3-3-2-2	5-2-1-2-2-4-6-1-2-6-1-0	3-1-4-2-3-1-3-2-5-3-2-3	0-2-3-3-2-2-2-4-2-1-1-2	3-3-7-4-7-0-3-0-1-2-2-3	1-2-2-1-1-6-4-1-6-2-2-1
686	4	1-3-1-1-1-3-1-1-1-1-1-1	4-3-3-2-2-1-5-3-5-1-6-3	6-5-6-2-4-1-3-5-1-2-3-4	2-5-5-4-2-2-4-2-3-3-3-6	1-6-2-5-6-3-3-4-3-4-1-7	1-5-3-5-5-2-3-3-3-3-3-2	4-2-3-4-5-2-3-5-4-3-2-3	1-2-5-3-2-5-3-2-2-4-5-6	5-4-3-2-2-1-4-2-1-4-2-6	5-7-6-5-5-3-6-3-5-1-5-2	5-2-6-3-7-5-6-5-5-4-3-4	6-2-4-4-5-1-3-4-5-6-1-2
686	5	5-7-6-5-6-6-6-5-6-7-6-5	6-3-6-6-6-6-6-5-6-6-6-6	5-6-4-2-5-6-5-5-6-6-5-5	6-4-4-6-6-6-6-4-6-6-6-7	6-4-6-6-4-5-6-6-4-5-5-6	7-4-6-6-4-7-6-6-5-5-3-6	6-6-5-7-4-6-3-6-5-7-6-6	7-6-4-6-6-6-7-6-4-7-4-4	4-7-4-5-6-5-6-6-3-6-6-4	4-6-1-4-6-6-6-7-4-6-4-6	4-5-4-5-7-5-4-4-4-6-4-5	4-3-5-6-6-4-6-4-7-4-6-7
686	6	5-7-5-5-5-7-5-5-5-5-5-5	5-3-5-5-6-5-5-5-5-5-5-5	4-5-4-2-5-5-5-5-5-5-4-5	5-4-6-5-5-5-7-5-5-5-5-7	5-4-5-5-4-5-7-5-4-7-5-5	7-6-5-7-4-5-5-5-6-6-3-5	7-5-1-5-6-5-4-5-6-3-5-5	6-5-4-5-5-5-3-5-4-4-5-4	4-6-6-5-5-5-5-5-1-6-5-4	5-5-6-5-5-5-4-5-7-5-6-5	5-6-4-7-1-7-4-5-5-6-6-6	4-7-7-6-5-3-5-4-3-4-5-1
686	7	7-5-5-5-7-6-5-7-5-5-5-6	5-7-7-5-7-7-5-7-7-7-5-6	7-7-7-5-7-7-5-6-5-7-5-7	6-7-7-7-7-7-6-7-6-7-7-6	5-5-7-7-7-7-6-7-7-7-5-7	5-7-5-6-7-5-7-7-7-7-7-6	6-7-7-5-5-7-7-6-7-7-5-5	7-5-7-6-5-5-5-2-2-5-5-5	5-5-7-6-5-7-7-5-7-3-5-5	4-4-7-7-7-5-7-5-6-7-5-7	5-1-3-6-5-6-4-4-5-5-7-7	7-6-6-5-5-7-7-4-5-7-2-5
687	0	0-0-0-0-0-0-0-0-0-0-0-0	0-0-0-0-0-0-0-0-0-0-0-0	0-0-0-0-0-0-0-0-0-0-0-0	0-0-0-0-0-0-0-0-0-0-0-0	0-0-0-0-0-0-0-0-0-0-0-0	0-0-0-0-0-0-0-0-0-0-0-0	0-0-0-0-0-0-0-0-0-0-0-0	0-0-0-0-0-0-0-0-0-0-0-0	0-0-0-0-0-0-0-0-0-0-0-0	0-0-0-0-0-0-0-0-0-0-0-0	0-0-0-0-0-0-0-0-0-0-0-0	0-0-0-0-0-0-0-0-0-0-0-0
687	1	1-1-1-1-1-1-1-1-1-0-1-1	0-2-2-0-0-0-0-2-0-1-0-2	3-0-1-0-0-1-2-4-0-0-2-0	0-0-2-0-0-0-0-1-2-2-2-0	0-0-0-0-0-2-2-0-1-0-0-0	4-0-0-0-0-0-2-0-2-1-4-2	0-1-3-1-0-3-0-0-1-1-0-1	1-1-0-1-1-0-1-1-0-1-0-0	1-0-0-0-0-0-0-0-3-1-0-2	0-0-1-2-1-1-0-3-0-4-0-1	0-0-1-1-1-0-0-0-0-0-1-4	2-1-0-0-0-0-0-0-0-0-4-1
687	2	2-1-2-2-1-1-2-1-2-2-2-3	3-1-1-2-2-2-2-3-1-1-3-4	0-2-4-0-3-2-3-1-0-3-1-3	3-3-1-2-3-3-1-2-1-1-1-0	3-0-2-3-0-1-3-3-2-0-3-3	3-4-3-0-2-3-3-4-1-1-2-3	3-1-1-0-3-1-1-3-2-2-2-3	2-3-2-3-2-2-3-2-2-0-0-0	2-0-3-3-4-2-0-3-1-2-2-2	0-3-1-1-3-2-0-2-3-0-0-2	0-2-2-2-0-0-0-2-0-2-3-1	1-3-2-0-0-0-3-0-2-2-2-2
687	3	4-3-2-3-3-3-3-3-3-3-3-2	2-4-4-2-4-3-0-2-4-1-2-4	3-2-2-2-2-2-4-4-1-2-4-2	2-2-2-2-2-2-6-2-4-4-4-0	2-0-5-2-0-3-4-2-3-3-2-2	2-2-4-0-3-2-4-2-3-3-3-2	2-8-4-5-2-3-4-2-3-3-0-2	3-2-2-2-2-4-6-2-2-0-0-4	3-0-2-2-0-2-0-2-1-3-2-3	0-2-3-3-2-4-4-1-2-4-0-2	7-2-3-4-0-4-4-0-0-2-2-1	1-2-2-5-0-7-2-0-2-4-3-4
687	4	3-3-2-4-3-4-4-3-4-4-5-4	4-3-3-2-5-3-4-5-5-4-5-5	7-5-6-5-3-5-3-5-6-2-3-4	4-4-4-2-2-5-5-2-3-3-3-5	2-5-2-4-6-3-3-4-4-4-4-8	1-2-3-4-6-6-3-2-1-3-1-2	4-1-3-0-5-4-3-5-2-3-1-2	4-3-5-3-2-4-5-2-2-6-5-7	6-4-5-2-2-4-8-6-4-3-3-4	5-1-4-5-5-3-3-3-2-6-5-2	8-2-5-3-4-3-7-8-0-0-2-1	4-2-4-0-0-1-2-4-8-3-5-3
687	5	5-5-7-7-5-6-6-7-6-6-6-8	6-5-5-2-6-6-6-5-6-6-6-6	5-4-6-6-5-6-5-6-6-6-6-5	5-5-6-5-2-4-6-7-6-5-5-6	7-5-5-7-5-6-5-5-6-5-6-5	5-5-6-6-5-6-6-6-6-5-3-5	8-6-5-5-4-5-6-6-5-6-8-6	5-5-4-5-5-7-5-5-2-6-4-5	5-5-6-5-6-5-8-5-7-7-5-5	6-5-6-6-6-6-6-7-4-5-4-2	5-8-4-5-8-8-6-5-5-5-6-5	8-5-5-8-5-5-6-4-4-5-4-8
687	6	7-6-5-8-7-5-5-6-5-5-5-6	5-5-5-7-5-5-5-7-7-5-7-5	6-7-8-8-7-5-7-5-7-5-7-7	7-4-5-7-7-7-5-7-5-5-7-6	7-8-7-7-4-5-7-7-5-5-7-7	6-7-7-5-4-5-7-5-5-6-3-7	7-5-5-5-8-6-3-7-5-5-7-5	5-7-5-7-7-5-8-7-7-5-7-4	8-5-5-7-7-6-4-7-5-5-7-8	8-7-5-5-7-5-7-5-8-5-7-7	7-5-5-5-5-7-5-5-5-7-5-7	5-7-6-7-7-5-7-4-7-5-7-5
687	7	6-5-5-6-6-5-5-5-5-5-6-8	5-5-6-6-5-5-6-6-6-5-6-6	4-6-6-6-6-5-6-5-6-6-6-6	6-7-7-6-6-6-8-6-6-5-6-8	5-4-6-6-7-6-8-6-7-7-6-6	6-6-6-8-7-8-6-6-7-7-3-6	8-5-5-5-6-7-7-6-7-6-6-6	7-6-5-6-6-5-3-6-6-7-6-4	7-7-7-6-7-6-7-6-5-7-6-6	7-7-7-3-6-3-6-5-8-5-6-6	6-7-6-5-7-6-4-7-7-6-3-7	5-6-8-7-7-3-6-4-6-6-6-5
687	8	8-5-6-6-8-7-5-8-6-6-6-7	5-5-8-6-8-5-6-8-6-8-6-7	8-8-6-6-8-5-8-5-6-8-5-8	7-8-8-8-8-8-7-8-8-8-8-7	5-6-8-8-8-8-7-8-8-8-6-6	5-8-8-7-8-7-8-8-8-8-8-7	7-8-8-8-6-6-8-7-8-8-5-8	8-6-2-7-8-5-6-2-2-6-5-4	6-8-8-6-2-8-4-4-8-6-6-6	6-8-3-8-8-5-6-5-7-8-5-8	4-5-1-7-5-5-4-4-5-5-8-8	5-7-7-5-5-8-8-4-4-8-6-5
688	0	0-0-0-0-0-0-0-0-0-0-0-0	0-0-0-0-0-0-0-0-0-0-0-0	0-0-0-0-0-0-0-0-0-0-0-0	0-0-0-0-0-0-0-0-0-0-0-0	0-0-0-0-0-0-0-0-0-0-0-0	0-0-0-0-0-0-0-0-0-0-0-0	0-0-0-0-0-0-0-0-0-0-0-0	0-0-0-0-0-0-0-0-0-0-0-0	0-0-0-0-0-0-0-0-0-0-0-0	0-0-0-0-0-0-0-0-0-0-0-0	0-0-0-0-0-0-0-0-0-0-0-0	0-0-0-0-0-0-0-0-0-0-0-0
688	1	1-1-1-1-1-1-1-1-1-1-1-1	0-2-1-0-0-2-0-2-1-1-0-1	1-0-0-1-1-0-2-3-0-0-2-1	0-0-0-0-0-0-0-1-2-1-2-1	1-0-0-0-0-1-2-0-1-0-0-0	0-2-0-0-0-0-2-0-1-1-1-0	0-2-1-0-0-1-0-2-1-1-0-1	1-1-0-0-1-0-1-2-0-1-0-0	1-0-2-0-1-0-0-0-2-0-0-2	0-1-1-0-1-0-0-1-0-0-0-1	2-0-0-1-2-0-0-0-0-0-0-1	2-1-0-2-0-1-0-0-0-1-1-1
688	2	2-2-2-2-1-1-2-2-2-2-2-3	3-1-1-3-2-1-3-3-3-2-3-3	6-2-4-6-5-5-3-0-0-2-1-3	3-3-3-3-3-3-3-6-3-2-3-3	5-0-3-5-3-3-3-3-1-0-9-5	3-1-3-0-2-3-3-3-1-1-1-2	3-1-1-0-3-0-3-3-2-3-2-3	2-5-4-3-8-3-2-9-2-1-0-0	2-0-3-3-9-7-0-3-4-2-5-2	0-3-1-3-3-2-3-2-3-3-5-2	1-2-0-0-3-2-0-2-0-3-3-2	1-3-2-3-0-2-3-0-2-2-2-2
688	3	3-3-3-3-3-3-3-3-3-2-2-3	2-4-4-2-2-3-2-2-3-3-2-4	2-2-5-2-2-2-2-4-4-2-2-2	2-4-2-2-2-2-2-2-4-3-4-2	4-0-2-2-4-4-2-2-4-3-3-2	2-6-5-3-3-2-4-2-3-3-6-3	4-4-9-6-2-3-5-2-3-3-6-2	3-6-4-2-2-4-2-4-3-4-3-4	3-0-2-2-3-5-9-2-3-3-4-3	0-2-3-4-2-2-6-6-2-4-4-2	3-2-4-4-2-4-0-3-4-2-2-3	1-2-2-2-0-2-2-0-2-3-6-2
688	4	5-4-5-4-4-5-5-4-5-5-4-4	5-3-3-2-2-5-5-4-5-5-5-5	4-5-6-5-4-4-5-4-5-3-5-4	5-6-5-4-3-5-5-4-3-4-3-7	3-9-3-4-5-3-5-5-3-4-5-9	3-7-3-5-6-5-3-6-5-4-1-4	3-3-4-3-5-4-6-5-3-4-7-3	7-2-5-3-4-5-2-5-5-8-7-7	7-7-5-5-2-6-7-7-5-4-3-5	7-7-3-3-4-2-4-4-5-5-7-2	7-5-7-5-7-3-8-7-7-7-4-5	7-5-4-3-6-7-2-5-7-7-7-4
688	5	4-4-4-5-6-4-4-4-4-4-6-4	4-6-6-4-7-4-4-4-4-4-4-4	2-4-4-4-2-2-6-7-7-6-6-6	4-4-4-4-2-4-4-2-6-3-5-4	2-4-8-2-4-6-6-4-3-5-4-2	2-9-3-4-4-4-6-8-6-5-1-6	7-7-5-5-4-5-3-4-5-4-0-8	4-2-4-5-5-4-6-4-2-5-4-4	4-4-4-4-3-8-4-6-4-5-2-4	4-4-5-6-6-2-8-4-4-4-4-2	4-7-4-4-4-4-4-4-4-4-2-5	4-4-4-4-4-4-2-4-4-4-4-7
688	6	7-4-4-7-5-4-4-8-4-4-5-7	4-5-5-2-5-4-7-8-4-4-4-4	7-7-7-2-8-7-7-4-5-7-5-7	7-7-7-8-8-7-4-8-5-8-8-7	8-4-9-2-4-5-7-7-6-4-8-8	7-7-8-6-4-4-7-7-5-3-3-7	4-5-5-3-7-0-4-7-5-4-8-7	4-7-4-7-7-4-5-8-7-5-5-4	4-4-8-7-8-4-4-4-5-8-8-3	9-4-6-5-5-7-7-3-7-6-4-2	4-5-4-4-4-4-4-4-4-8-7-6	6-8-6-6-4-4-2-4-4-4-3-5
688	7	4-9-4-6-7-7-4-4-4-4-4-6	4-8-8-4-5-4-6-8-4-4-6-6	6-6-6-6-6-6-8-5-5-6-8-6	6-6-6-6-6-6-8-6-8-5-6-6	6-4-8-6-4-8-8-6-7-7-6-6	8-6-6-6-4-4-6-6-1-7-3-6	8-5-5-8-6-9-8-8-7-7-4-6	4-6-4-6-6-4-8-6-6-5-4-4	4-4-4-6-7-4-4-4-5-6-6-5	4-4-7-5-6-6-6-3-6-4-4-2	4-5-4-4-4-4-4-4-4-4-6-6	4-6-6-7-4-4-2-4-4-4-8-5
688	8	9-7-4-6-7-9-8-6-9-4-8-9	8-7-7-2-5-4-6-7-9-4-9-9	7-8-6-6-6-8-7-7-9-8-7-6	6-8-8-6-6-6-7-6-7-6-6-9	6-4-7-2-4-7-7-6-8-8-6-6	7-6-6-6-4-9-6-6-8-7-3-6	7-3-7-3-9-8-7-7-8-4-9-6	4-8-2-6-6-4-5-6-6-4-7-4	8-4-6-8-6-5-7-8-5-6-6-3	9-8-8-5-8-2-7-3-9-7-8-2	7-8-8-3-7-9-4-4-4-8-8-8	7-9-8-6-4-8-8-4-7-3-7-7
688	9	9-7-9-6-9-9-8-9-8-4-8-8	8-7-9-2-9-9-6-9-9-9-4-8	9-8-9-8-9-9-8-8-8-9-9-9	8-9-9-9-9-9-8-9-8-9-9-8	9-4-9-9-9-9-8-9-9-9-2-4	8-9-9-8-9-9-9-9-9-9-9-9	8-9-9-9-8-9-9-9-9-9-8-9	9-9-9-8-9-8-8-2-8-6-4-4	8-4-9-8-2-9-9-8-9-9-6-3	8-9-9-9-9-2-9-4-8-9-4-9	7-9-4-9-8-8-4-4-4-4-9-9	4-8-8-5-4-9-9-4-9-9-8-9
689	0	0-0-0-0-0-0-0-0-0-0-0-0	0-0-0-0-0-0-0-0-0-0-0-0	0-0-0-0-0-0-0-0-0-0-0-0	0-0-0-0-0-0-0-0-0-0-0-0	0-0-0-0-0-0-0-0-0-0-0-0	0-0-0-0-0-0-0-0-0-0-0-0	0-0-0-0-0-0-0-0-0-0-0-0	0-0-0-0-0-0-0-0-0-0-0-0	0-0-0-0-0-0-0-0-0-0-0-0	0-0-0-0-0-0-0-0-0-0-0-0	0-0-0-0-0-0-0-0-0-0-0-0	0-0-0-0-0-0-0-0-0-0-0-0
689	1	1-1-1-1-1-1-1-1-1-1-1-1	0-2-1-0-0-1-0-2-0-1-0-2	1-0-0-0-0-0-2-0-0-2-2-0	0-0-2-0-0-0-0-0-2-2-2-1	0-0-1-0-0-1-2-0-1-0-0-0	0-0-0-0-0-0-2-0-2-1-2-0	0-1-1-0-0-1-1-2-1-1-0-1	1-1-0-2-1-0-1-0-0-1-0-0	0-0-0-0-0-0-0-2-2-0-1-0	0-0-1-0-1-1-0-1-0-0-0-0	0-1-1-2-1-0-0-0-0-0-0-4	2-1-0-0-0-0-1-0-0-0-0-1
689	2	2-2-2-2-1-2-2-2-2-2-2-2	2-1-1-4-2-2-3-1-3-2-3-3	1-3-0-4-3-3-3-4-0-3-1-3	3-3-4-2-4-3-3-2-3-1-1-0	4-0-2-3-0-1-3-3-3-2-2-4	4-9-3-0-2-4-3-4-1-1-1-4	3-3-1-0-3-0-3-1-2-1-0-3	1-2-5-3-5-2-3-9-9-1-4-0	2-0-3-3-5-2-0-3-1-2-2-2	0-3-1-3-3-2-0-1-3-0-0-5	0-5-0-1-3-3-0-0-0-2-2-2	1-3-2-0-0-0-3-0-2-3-2-2
689	3	3-4-3-3-3-3-3-3-3-2-3-3	2-5-3-2-2-3-2-4-2-3-2-4	3-2-5-2-2-2-4-5-5-2-4-2	2-2-2-2-2-2-4-2-2-5-4-0	2-0-0-2-0-4-4-2-2-3-4-2	2-2-4-4-3-2-2-2-3-3-8-3	4-9-3-0-2-3-2-2-1-4-0-2	3-2-2-4-2-2-2-0-2-3-4-2	4-0-2-2-3-2-0-2-4-3-4-4	0-2-3-4-2-2-0-4-2-0-0-2	0-2-4-3-2-2-0-0-0-2-2-1	3-2-2-0-0-0-2-0-0-2-5-2
689	4	4-3-2-4-3-4-3-4-4-4-5-4	2-3-3-2-2-5-2-3-3-3-5-3	3-2-5-2-5-2-3-3-3-2-3-5	5-5-5-2-2-2-3-2-5-5-3-0	2-0-0-5-7-3-5-2-5-2-5-2	2-4-3-5-4-2-5-2-4-4-3-4	3-3-1-0-2-3-8-5-4-3-0-2	1-2-2-3-2-4-6-2-2-5-3-0	3-0-3-2-2-4-0-5-9-8-3-5	0-4-4-3-5-2-0-5-2-0-0-2	6-2-4-5-5-4-0-0-0-4-4-1	3-5-2-4-0-4-3-5-9-0-3-2
689	5	5-3-5-5-3-4-5-5-5-5-4-6	5-3-3-6-6-4-6-4-6-3-4-6	5-5-7-2-4-6-6-3-6-6-4-4	4-6-4-2-5-6-5-8-4-4-3-8	2-5-8-4-6-3-4-5-4-5-4-5	5-6-3-5-4-2-4-2-4-3-2-6	7-3-3-8-2-0-4-4-4-9-9-2	5-3-2-6-2-7-3-5-5-7-5-0	2-0-7-6-2-4-5-4-4-5-5-4	6-5-4-5-4-5-6-4-6-6-5-2	8-2-6-4-4-9-5-8-8-2-3-5	5-4-5-5-5-5-5-5-6-5-3-5
689	6	7-6-7-5-7-7-7-8-7-7-7-7	7-7-6-5-7-7-7-6-7-7-7-7	6-5-7-8-7-7-5-7-7-7-7-7	7-7-7-7-7-5-7-7-7-8-6-5	7-6-6-6-5-6-6-6-7-6-7-6	7-5-7-7-7-9-6-9-7-6-6-6	6-7-6-6-7-6-7-7-6-8-6-7	7-6-8-5-6-7-7-7-5-6-5-9	6-7-9-5-7-7-5-7-7-5-6-4	5-5-6-6-7-7-7-6-5-5-5-2	6-9-9-7-9-7-5-6-5-6-8-6	9-5-6-5-5-8-7-8-6-6-6-6
689	7	8-7-9-9-6-6-6-8-6-6-7-7	6-6-6-8-6-6-8-8-6-6-8-8	7-8-8-9-8-6-8-6-8-6-6-8	8-6-6-8-8-8-6-6-6-6-8-6	8-6-8-8-4-8-8-8-6-6-8-8	6-6-8-6-6-5-8-8-6-6-6-8	5-6-6-5-8-7-6-8-6-6-8-6	6-8-9-8-8-6-9-8-5-5-8-6	6-6-5-8-8-6-5-6-6-6-8-4	6-8-6-6-8-6-8-6-6-6-8-2	8-6-6-6-6-6-5-6-6-8-6-6	6-8-7-6-8-6-6-6-8-6-9-6
689	8	7-9-6-7-6-9-6-7-6-6-7-7	6-6-7-7-6-6-7-7-7-6-7-7	9-7-7-7-7-7-7-6-7-7-8-7	7-8-8-7-7-7-9-7-7-6-7-5	7-5-5-7-8-7-9-7-8-6-7-7	6-6-7-6-8-9-7-7-8-8-3-9	9-6-6-5-7-8-8-7-8-6-7-7	6-7-6-7-7-6-7-7-5-8-7-0	8-8-8-7-7-5-5-8-4-4-7-4	8-7-8-7-7-6-7-6-9-6-7-2	5-8-7-4-6-6-8-5-5-7-6-8	6-7-5-5-7-6-6-6-7-5-7-6
689	9	9-6-7-7-6-8-6-9-6-6-7-8	6-6-9-7-9-6-7-7-7-9-7-7	9-9-7-7-9-6-9-7-7-9-8-9	8-9-9-9-9-9-8-9-6-9-9-8	6-5-9-9-9-9-8-9-9-9-7-7	8-9-9-8-9-8-9-6-9-9-9-8	8-9-9-9-8-9-9-9-9-9-5-7	9-7-7-8-9-9-7-7-2-5-7-6	8-9-9-8-7-9-9-8-4-6-7-7	5-0-9-9-9-7-7-7-8-9-9-9	7-6-6-9-6-6-8-6-9-6-9-9	6-8-8-6-7-9-9-5-9-9-7-6
690	0	0-0-0-0-0-0-0-0-0-0-0-0	0-0-0-0-0-0-0-0-0-0-0-0	0-0-0-0-0-0-0-0-0-0-0-0	0-0-0-0-0-0-0-0-0-0-0-0	0-0-0-0-0-0-0-0-0-0-0-0	0-0-0-0-0-0-0-0-0-0-0-0	0-0-0-0-0-0-0-0-0-0-0-0	0-0-0-0-0-0-0-0-0-0-0-0	0-0-0-0-0-0-0-0-0-0-0-0	0-0-0-0-0-0-0-0-0-0-0-0	0-0-0-0-0-0-0-0-0-0-0-0	0-0-0-0-0-0-0-0-0-0-0-0
690	1	1-1-1-1-1-1-1-1-1-1-1-1	2-0-0-2-0-0-0-2-0-1-0-2	0-3-0-2-2-1-2-0-0-2-2-2	2-0-1-2-2-2-0-1-1-1-1-0	1-0-1-0-0-1-2-2-1-1-0-0	1-3-2-0-0-3-2-2-1-1-0-0	3-2-1-0-2-1-1-2-1-1-0-2	1-1-3-2-2-1-2-3-1-0-0-2	1-0-2-2-3-0-0-3-0-1-1-1	3-3-0-2-2-3-0-5-2-0-0-3	3-1-0-0-0-1-0-0-3-1-2-2	0-2-1-0-3-1-2-0-2-0-1-3
690	2	2-2-2-2-3-2-2-2-2-2-2-3	1-3-2-1-0-3-1-1-2-2-1-1	3-2-4-1-1-1-1-4-0-1-3-1	1-2-3-1-1-1-4-1-1-3-1-0	2-0-0-1-1-1-3-1-3-2-0-3	1-4-4-0-2-1-3-1-2-2-4-4	5-1-2-3-1-2-3-1-2-4-0-3	2-4-5-1-1-3-4-2-2-4-0-1	2-0-1-1-4-1-0-1-4-2-1-2	0-1-2-1-1-4-5-2-1-3-0-1	5-1-6-4-0-1-0-3-0-1-1-1	0-1-1-3-2-5-1-0-1-3-4-1
690	3	2-3-3-3-2-3-3-4-4-3-3-4	3-2-2-3-3-2-5-5-4-3-4-4	5-4-5-1-3-3-3-5-4-4-2-2	4-4-4-4-1-1-4-3-2-2-1-4	1-4-3-4-4-1-4-3-2-3-4-6	1-4-2-3-4-1-2-1-1-1-1-3	1-1-2-4-4-3-2-0-3-2-4-2	1-1-4-1-1-4-3-1-4-3-4-5	4-4-4-1-1-4-4-1-6-3-1-4	4-4-2-0-3-1-2-2-4-4-4-1	4-1-4-3-4-4-4-4-4-1-3-4	5-1-5-2-4-4-1-4-4-5-1-1
690	4	5-6-6-6-2-4-4-3-3-4-4-4	3-2-2-4-3-5-3-4-3-5-3-3	4-5-3-5-5-6-5-5-3-5-5-5	5-3-3-3-5-5-3-1-5-2-5-3	5-3-5-3-3-4-5-5-4-4-3-5	5-3-5-4-3-3-5-5-4-2-2-4	2-5-2-3-3-4-4-5-2-2-5-5	2-5-3-5-5-3-2-5-5-4-3-3	3-3-3-5-2-3-3-5-2-3-5-3	3-3-2-5-5-2-0-2-3-3-3-4	3-6-3-2-3-3-3-3-3-5-4-3	3-5-4-5-3-3-5-3-3-3-5-4
690	5	4-6-4-5-4-6-6-6-6-5-5-6	6-2-2-4-5-5-3-3-3-4-4-6	3-4-3-4-4-4-4-3-3-4-6-4	4-5-5-3-4-4-6-4-4-2-4-6	4-3-4-3-4-4-6-4-5-5-3-4	4-6-4-6-3-3-4-4-5-5-2-5	6-4-2-3-3-5-2-4-5-2-4-4	5-4-3-4-4-3-5-4-4-5-4-3	3-5-3-4-4-3-5-4-3-3-4-3	4-4-2-4-4-1-2-6-6-4-3-1	4-5-3-5-5-6-3-3-3-4-4-3	3-4-3-5-5-2-4-3-4-3-4-1
690	6	6-5-4-4-6-5-5-6-5-5-5-5	5-6-6-4-6-6-3-6-3-6-3-5	6-6-6-4-6-4-6-5-6-6-5-6	5-6-6-6-6-6-5-6-4-6-6-5	4-3-6-6-5-6-5-6-6-6-3-3	5-6-6-6-6-6-5-6-6-6-2-5	5-6-6-6-6-6-6-6-6-4-6-6	6-6-6-5-6-5-4-1-4-6-5-6	3-6-6-6-4-6-3-4-6-2-4-3	4-3-6-6-6-1-6-5-5-6-3-6	3-6-2-5-3-3-3-3-3-6-6-6	6-5-6-6-3-6-6-3-3-6-4-1
691	0	0-0-0-0-0-0-0-0-0-0-0-0	0-0-0-0-0-0-0-0-0-0-0-0	0-0-0-0-0-0-0-0-0-0-0-0	0-0-0-0-0-0-0-0-0-0-0-0	0-0-0-0-0-0-0-0-0-0-0-0	0-0-0-0-0-0-0-0-0-0-0-0	0-0-0-0-0-0-0-0-0-0-0-0	0-0-0-0-0-0-0-0-0-0-0-0	0-0-0-0-0-0-0-0-0-0-0-0	0-0-0-0-0-0-0-0-0-0-0-0	0-0-0-0-0-0-0-0-0-0-0-0	0-0-0-0-0-0-0-0-0-0-0-0
691	1	1-1-1-1-1-1-1-1-1-1-1-1	0-2-2-0-0-1-0-2-0-1-0-2	0-0-0-0-0-0-2-0-0-0-2-0	0-0-2-0-0-0-0-1-2-2-2-0	1-0-0-0-0-2-2-0-1-0-0-0	5-0-0-0-0-0-2-0-2-1-5-0	0-1-1-0-0-1-0-4-1-1-0-1	1-1-0-0-1-0-1-0-0-1-5-0	1-1-0-0-0-0-0-0-4-0-0-2	0-0-1-2-0-0-0-3-0-0-0-1	2-0-5-0-1-0-0-1-0-5-0-2	2-1-0-0-0-1-0-0-0-1-0-3
691	2	2-1-2-2-1-1-2-1-2-2-2-2	2-1-1-2-0-2-0-3-0-1-3-1	0-3-0-7-3-4-3-3-0-3-1-3	3-0-1-2-4-4-1-2-3-1-3-0	3-0-5-3-0-1-3-3-2-0-10-3	3-5-3-0-2-5-3-3-1-1-0-4	3-9-1-0-3-2-3-3-2-2-2-3	2-3-2-3-3-3-5-10-2-0-0-0	2-0-3-3-5-4-0-3-0-2-2-4	3-3-2-1-3-2-3-5-3-0-0-9	1-2-3-2-3-3-0-2-0-2-3-1	1-3-2-1-0-2-3-0-2-2-2-2
691	3	3-3-2-3-3-3-3-3-3-3-3-3	2-3-3-2-0-4-0-4-4-3-2-4	3-2-5-2-2-5-4-5-4-2-4-2	2-4-3-2-2-2-4-2-4-3-4-0	2-0-2-2-4-3-4-2-3-3-0-2	2-2-2-0-3-2-4-2-3-3-9-3	7-4-3-3-2-3-4-2-2-3-2-2	3-2-2-4-2-5-4-2-2-8-3-0	5-0-2-2-3-2-10-2-0-3-2-3	2-2-3-3-2-4-2-3-2-0-4-2	4-2-2-3-9-2-0-4-0-4-2-4	0-2-2-4-4-2-2-4-7-4-4-4
691	4	3-4-2-4-3-4-4-4-4-4-4-4	4-5-5-2-5-4-0-5-3-4-5-3	5-4-3-3-2-2-5-5-3-2-5-5	2-5-5-2-2-2-3-2-3-5-5-0	2-0-6-5-3-3-5-4-5-2-2-2	2-2-3-3-4-2-5-2-4-4-4-2	3-5-4-0-2-4-5-5-4-3-2-2	4-2-2-3-2-5-9-2-2-4-0-0	4-0-5-5-4-2-4-2-9-9-3-7	1-2-4-5-5-3-10-9-3-4-3-2	3-2-4-5-10-4-0-3-5-3-2-3	5-2-2-5-3-2-3-3-2-3-3-3
691	5	5-4-2-6-4-4-5-6-5-5-5-6	5-4-4-2-5-4-6-4-6-5-6-5	7-6-7-6-2-6-4-4-6-3-4-6	2-8-6-2-2-6-6-5-4-6-4-9	4-8-5-4-8-4-4-5-5-5-5-10	6-6-4-5-7-2-4-2-1-4-1-2	1-2-4-9-6-4-4-4-4-9-1-2	4-3-5-3-2-7-2-7-2-9-5-7	3-7-4-4-2-6-5-8-7-5-4-9	0-0-5-4-4-3-0-5-6-9-3-2	4-2-1-4-4-5-5-3-4-1-4-5	8-2-5-4-4-3-5-5-5-4-5-2
691	6	7-6-8-7-7-7-10-7-7-7-8-8	8-7-7-2-7-8-5-8-7-6-5-7	6-5-7-8-7-7-7-7-7-7-6-7	7-5-7-7-7-7-8-7-7-7-6-5	9-5-6-9-5-6-7-6-7-6-9-6	9-9-7-6-5-7-7-7-7-6-4-7	6-7-6-5-5-6-7-7-7-9-10-7	6-6-8-6-6-7-6-8-6-6-8-6	6-5-8-6-7-7-6-6-8-7-6-8	8-6-5-7-7-8-7-6-5-8-7-6	6-10-8-6-8-6-6-7-10-6-7-7	10-6-6-10-8-7-7-7-6-8-7-10
691	7	6-6-6-6-6-6-6-6-6-6-6-6	6-6-6-2-6-6-6-6-6-6-8-6	5-8-6-2-8-6-6-6-6-6-5-6	8-5-6-6-8-9-6-6-6-6-8-5	6-5-8-6-5-8-8-8-6-6-6-8	8-8-8-8-5-6-8-8-6-6-3-6	8-6-6-7-8-7-6-8-6-6-9-8	6-8-6-8-8-6-10-5-7-5-7-5	7-5-9-8-6-6-7-6-6-6-7-4	6-7-7-6-6-8-6-6-8-5-6-2	6-6-6-6-6-5-5-6-7-7-6-8	6-8-8-8-7-6-8-6-3-6-6-6
691	8	6-9-6-6-6-6-6-6-6-6-6-6	6-9-6-6-6-6-6-9-6-6-7-6	5-7-6-6-7-6-9-6-6-6-9-7	7-5-6-6-7-7-6-2-9-6-9-5	6-5-7-4-5-9-9-7-8-8-6-7	7-7-7-7-3-6-7-7-6-8-4-8	7-6-6-5-7-10-9-7-6-8-7-7	6-7-6-7-7-6-6-6-6-6-6-5	6-5-6-7-8-2-6-5-6-6-7-6	6-7-8-6-6-7-7-6-7-6-7-2	9-7-6-6-6-6-5-3-7-7-6-7	6-7-7-7-6-6-7-6-6-6-9-6
691	9	6-8-6-6-6-6-6-6-6-6-6-10	6-8-6-6-6-6-6-8-6-6-7-10	5-7-7-6-7-9-8-8-10-6-8-7	7-9-9-6-7-7-8-6-8-6-8-5	6-5-7-6-5-8-8-7-9-9-6-6	6-6-7-7-5-10-8-6-9-8-3-7	7-2-6-5-8-9-8-8-9-6-7-7	6-8-6-8-7-9-4-2-9-5-7-9	9-5-7-7-6-6-8-9-4-4-7-5	10-7-9-6-9-2-9-4-10-5-9-2	8-6-6-6-6-10-5-9-7-7-6-9	8-10-9-7-7-9-6-6-3-9-8-8
691	10	10-6-6-8-8-6-6-10-6-6-6-9	6-8-10-6-10-6-9-10-10-10-9-9	10-9-10-6-10-6-9-9-9-10-6-10	9-10-6-10-10-10-6-10-9-10-10-5	6-5-10-10-10-10-9-10-10-10-6-5	6-10-10-7-10-9-10-10-10-10-10-10	7-10-10-10-9-10-10-10-10-10-9-6	10-8-2-9-10-10-7-2-2-5-5-6	9-10-10-9-2-10-10-5-10-6-8-6	9-9-10-10-10-2-10-6-9-10-6-10	8-6-6-10-6-9-5-6-6-9-10-9	6-9-9-6-7-10-10-6-10-10-8-6
692	0	0-0-0-0-0-0-0-0-0-0-0-0	0-0-0-0-0-0-0-0-0-0-0-0	0-0-0-0-0-0-0-0-0-0-0-0	0-0-0-0-0-0-0-0-0-0-0-0	0-0-0-0-0-0-0-0-0-0-0-0	0-0-0-0-0-0-0-0-0-0-0-0	0-0-0-0-0-0-0-0-0-0-0-0	0-0-0-0-0-0-0-0-0-0-0-0	0-0-0-0-0-0-0-0-0-0-0-0	0-0-0-0-0-0-0-0-0-0-0-0	0-0-0-0-0-0-0-0-0-0-0-0	0-0-0-0-0-0-0-0-0-0-0-0
692	1	1-1-1-1-1-1-1-1-1-1-1-1	0-2-1-0-1-1-0-1-0-1-0-2	1-1-0-0-0-0-2-2-0-0-2-0	0-0-0-0-0-0-0-1-0-2-2-1	1-0-1-0-0-1-2-0-1-0-0-0	0-0-0-0-0-0-2-0-1-1-1-2	1-2-2-0-0-0-0-0-1-1-0-1	1-0-0-0-1-0-1-0-0-1-0-0	1-0-0-0-1-0-0-0-0-0-0-2	0-1-1-2-0-0-0-1-0-0-1-0	0-0-0-1-1-0-0-1-0-0-2-1	1-0-0-2-0-1-1-0-0-0-1-1
692	2	2-1-2-2-2-1-2-2-2-2-2-1	3-1-1-4-0-2-3-4-4-1-3-3	0-3-3-5-4-3-3-1-0-3-1-3	3-3-3-3-4-3-3-4-2-1-1-4	4-0-3-3-0-3-3-3-1-0-3-3	4-3-3-0-2-3-3-4-1-1-0-3	2-1-1-0-3-2-2-3-2-2-3-3	1-2-3-2-2-3-3-8-2-1-4-3	2-0-3-3-8-3-0-3-0-2-2-1	3-3-0-1-3-2-3-1-3-3-0-3	1-2-0-1-3-3-3-0-0-2-3-5	0-2-3-1-0-2-3-0-2-2-2-2
692	3	3-4-3-3-3-3-3-3-3-2-3-3	2-5-3-2-1-2-2-4-4-5-2-4	2-2-2-2-2-2-4-5-5-5-4-2	2-2-3-2-2-2-4-2-4-5-4-2	2-0-2-2-3-4-4-2-3-3-2-2	1-2-4-0-3-2-4-4-3-3-7-4	4-2-3-3-2-3-7-2-1-3-2-2	3-8-4-4-4-5-4-5-2-5-4-2	4-0-4-2-3-2-5-2-4-3-4-4	2-2-3-4-2-2-2-4-2-3-5-2	7-2-0-3-8-2-5-4-0-2-2-3	3-2-2-3-5-0-2-0-2-2-3-4
692	4	4-3-2-4-3-4-3-4-4-4-4-4	4-3-3-2-7-4-2-6-2-5-5-5	0-4-5-2-5-5-3-3-3-5-3-6	5-5-5-5-2-2-3-2-3-6-3-2	2-2-2-4-5-3-5-2-5-0-6-2	6-4-3-8-4-2-5-3-4-4-3-3	3-3-3-3-2-3-6-5-4-3-2-4	4-2-3-3-3-4-7-2-2-6-5-0	3-0-3-2-4-7-0-5-7-7-3-3	2-4-4-5-7-2-3-3-3-7-3-2	1-2-4-4-6-4-3-3-0-4-5-4	3-4-2-3-0-4-2-7-4-6-3-4
692	5	5-5-5-5-3-4-5-6-4-6-5-8	5-3-3-2-7-4-7-7-6-3-4-4	7-6-6-2-4-6-4-6-6-6-6-4	6-4-4-4-2-4-7-2-4-3-3-8	3-8-8-5-6-3-6-6-4-5-6-8	6-6-3-7-4-8-4-2-1-3-0-6	3-5-3-6-6-5-6-4-4-5-8-6	5-5-4-3-3-6-4-3-7-3-6-6	4-6-6-2-4-4-3-6-3-5-3-3	8-3-7-4-2-2-3-5-6-6-6-2	3-2-5-4-3-5-6-6-6-6-4-2	0-4-7-6-6-6-4-5-5-0-3-5
692	6	7-7-8-6-6-6-6-6-6-6-6-6	5-3-3-8-7-4-5-4-5-6-7-7	5-5-5-7-7-5-7-5-5-7-5-4	5-5-5-7-7-7-3-7-7-4-7-6	7-8-6-4-5-6-7-5-4-5-7-7	6-6-7-5-4-5-7-7-1-6-3-5	3-6-3-5-5-6-4-5-6-8-7-5	5-6-4-7-6-5-3-7-5-4-7-5	8-5-5-6-7-4-5-5-4-4-7-4	8-7-5-5-7-6-0-3-5-5-5-2	7-6-7-4-4-5-5-5-7-5-4-6	3-6-2-5-7-4-6-5-7-4-7-6
692	7	6-8-6-6-6-8-8-6-6-6-6-8	5-3-3-6-6-8-5-5-8-7-6-8	5-6-5-6-6-7-6-8-8-6-7-6	6-7-7-6-6-6-5-6-6-4-6-6	6-5-6-2-7-6-8-6-7-5-6-6	8-8-6-5-4-8-6-6-7-7-3-7	8-6-3-5-8-7-4-8-7-6-6-7	7-6-5-6-6-5-4-6-5-4-6-7	7-5-8-7-6-4-3-7-4-4-6-4	7-7-7-5-4-8-0-8-8-5-7-2	3-7-6-4-8-8-5-7-7-7-7-7	8-8-5-6-7-7-7-7-6-4-6-8
692	8	8-7-6-6-8-8-7-8-7-7-6-7	5-8-8-6-8-8-5-8-7-8-6-7	8-8-8-7-8-8-7-7-7-8-8-8	8-8-8-8-8-8-7-8-7-8-8-5	6-5-8-8-8-8-7-8-8-8-7-5	7-8-8-7-8-8-8-8-8-8-8-7	7-8-8-8-7-8-8-8-8-8-6-8	8-8-4-7-8-7-7-6-2-5-5-8	7-8-7-7-2-8-8-6-4-4-6-1	7-8-8-8-4-7-8-7-7-8-3-8	8-8-8-8-7-7-8-8-8-7-8-8	8-7-4-3-7-8-8-8-8-8-2-8
693	0	0-0-0-0-0-0-0-0-0-0-0-0	0-0-0-0-0-0-0-0-0-0-0-0	0-0-0-0-0-0-0-0-0-0-0-0	0-0-0-0-0-0-0-0-0-0-0-0	0-0-0-0-0-0-0-0-0-0-0-0	0-0-0-0-0-0-0-0-0-0-0-0	0-0-0-0-0-0-0-0-0-0-0-0	0-0-0-0-0-0-0-0-0-0-0-0	0-0-0-0-0-0-0-0-0-0-0-0	0-0-0-0-0-0-0-0-0-0-0-0	0-0-0-0-0-0-0-0-0-0-0-0	0-0-0-0-0-0-0-0-0-0-0-0
693	1	1-1-1-2-1-1-1-1-1-1-1-1	1-1-1-1-0-0-1-0-0-1-0-1	4-2-2-2-0-2-0-2-0-0-1-0	2-3-3-0-0-2-0-0-0-0-1-4	0-1-1-0-2-0-2-2-2-1-0-3	1-4-0-0-1-2-2-0-1-0-0-2	1-0-0-4-1-1-0-0-0-1-1-2	1-0-0-0-1-8-0-0-1-1-4-1	0-2-2-0-3-0-6-2-3-1-1-2	1-1-0-0-2-1-0-2-1-2-1-0	0-0-1-0-0-1-2-0-4-1-0-1	1-1-3-1-0-1-0-1-1-1-1-0
693	2	2-2-1-1-2-2-2-2-2-2-2-2	3-1-1-3-0-2-1-3-3-2-3-3	1-3-1-1-3-1-3-1-0-3-3-3	4-2-1-3-5-3-0-2-0-0-2-1	4-1-1-0-1-2-3-3-1-5-0-3	3-9-3-2-1-4-3-2-0-2-0-1	3-4-0-1-3-2-2-3-2-2-2-4	1-4-3-3-2-1-9-5-2-1-8-3	2-1-3-3-5-0-1-3-2-2-2-1	3-5-0-6-3-5-0-1-3-3-1-2	5-5-1-0-3-3-1-0-6-2-3-2	1-4-1-1-2-2-3-1-3-2-2-2
693	3	3-3-3-3-3-3-3-3-3-2-3-3	2-5-3-2-0-2-1-4-2-3-2-2	1-2-1-4-2-2-4-6-0-2-4-2	2-4-4-2-2-2-5-0-4-0-4-1	2-3-1-3-1-2-4-2-4-0-0-1	2-2-4-3-3-2-4-2-3-3-8-3	2-2-3-1-2-3-4-2-3-3-2-2	3-2-2-4-2-1-4-6-2-3-1-3	2-1-2-2-1-0-1-2-4-3-4-3	2-4-3-2-2-4-0-7-4-2-4-3	4-5-9-3-5-2-1-3-2-2-5-4	3-2-1-1-4-2-2-4-2-4-3-4
693	4	3-4-4-4-5-4-4-4-4-2-4-4	2-5-5-2-5-5-1-3-2-4-2-5	1-4-3-5-2-2-5-6-0-6-5-5	2-3-5-5-2-2-5-2-5-7-3-1	2-1-1-5-1-3-5-4-5-1-0-1	1-1-3-0-4-2-5-2-4-4-4-2	2-2-4-1-2-4-4-5-4-3-2-2	4-2-2-3-2-1-3-1-2-4-1-4	3-1-3-2-4-5-4-2-3-7-3-3	1-3-6-5-5-3-5-4-3-2-3-2	3-6-4-4-5-4-1-3-1-3-3-3	7-2-1-1-3-2-2-3-0-3-3-5
693	5	5-5-5-5-3-3-4-8-6-5-6-6	6-4-4-6-4-4-6-4-2-4-6-4	5-6-7-7-5-6-6-7-6-3-4-4	6-5-7-6-6-6-4-8-4-7-4-9	2-5-1-4-7-3-6-6-4-5-6-6	6-6-4-5-5-9-6-6-4-4-0-6	6-2-4-6-6-7-4-4-4-2-6-2	1-2-2-6-2-1-4-6-2-7-6-5	6-1-7-6-2-4-5-6-4-5-9-3	6-2-8-4-4-2-6-4-6-6-6-5	2-2-6-0-4-5-5-5-8-7-3-7	5-4-5-1-6-2-6-5-9-6-3-4
693	6	6-6-5-6-6-6-6-6-6-6-5-5	5-8-6-5-6-6-5-4-5-7-5-5	1-5-5-5-5-5-5-8-5-7-7-6	5-5-5-5-5-5-7-2-7-7-7-5	2-7-2-4-5-6-7-5-6-6-5-5	5-5-4-8-5-2-5-5-6-6-6-6	5-2-8-5-5-6-7-7-6-6-5-2	6-2-2-5-2-1-4-5-2-6-5-6	6-1-2-5-4-8-1-5-6-5-5-3	5-5-4-7-2-5-5-8-5-5-8-6	8-7-6-6-7-7-5-8-2-2-5-6	8-9-5-1-5-8-5-5-8-5-8-8
693	7	8-7-9-8-6-7-7-7-7-9-7-8	8-6-6-8-8-8-8-8-8-6-8-8	7-8-8-9-8-7-8-6-8-8-6-8	8-5-5-8-8-8-6-8-8-6-8-7	8-9-7-4-5-6-8-8-7-7-9-8	7-7-8-7-5-9-6-8-4-7-4-8	5-4-6-7-8-8-6-9-4-6-8-8	6-8-7-8-7-1-4-9-5-5-7-6	6-1-5-7-8-7-7-7-6-4-8-4	8-7-5-4-8-7-8-8-5-5-7-8	6-6-8-6-6-8-1-8-5-7-4-5	6-8-7-7-8-7-5-3-7-7-9-4
693	8	7-9-7-7-6-9-9-5-9-7-7-7	7-6-6-7-7-7-7-7-7-8-7-7	9-7-7-7-7-8-7-6-9-7-7-7	7-8-8-7-7-7-9-7-7-8-7-7	7-7-7-7-1-7-7-7-8-8-7-7	9-7-7-9-8-9-7-7-8-8-3-8	2-7-6-9-9-8-8-7-8-6-7-7	8-7-2-7-7-9-4-7-9-4-2-8	8-9-8-7-7-6-8-7-4-4-7-4	7-7-5-7-7-2-7-7-9-8-6-7	6-8-7-6-6-7-8-7-8-8-8-8	6-7-8-7-7-6-8-1-7-7-6-6
693	9	9-8-7-7-9-8-8-9-7-7-7-5	8-6-9-7-9-9-7-7-7-9-7-7	9-9-9-7-9-9-8-8-8-9-9-9	8-9-8-9-9-9-8-9-9-9-9-5	7-7-1-9-9-9-8-9-9-9-7-9	8-9-9-8-9-9-9-9-9-9-9-9	7-9-9-5-8-9-9-9-9-9-7-7	9-9-7-9-9-8-7-7-8-5-5-9	8-8-8-9-7-9-9-7-9-4-5-7	5-9-9-9-9-9-9-7-5-9-9-9	6-9-3-9-7-7-6-6-9-8-9-9	5-8-5-9-5-9-9-9-9-9-7-9
694	0	0-0-0-0-0-0-0-0-0-0-0-0	0-0-0-0-0-0-0-0-0-0-0-0	0-0-0-0-0-0-0-0-0-0-0-0	0-0-0-0-0-0-0-0-0-0-0-0	0-0-0-0-0-0-0-0-0-0-0-0	0-0-0-0-0-0-0-0-0-0-0-0	0-0-0-0-0-0-0-0-0-0-0-0	0-0-0-0-0-0-0-0-0-0-0-0	0-0-0-0-0-0-0-0-0-0-0-0	0-0-0-0-0-0-0-0-0-0-0-0	0-0-0-0-0-0-0-0-0-0-0-0	0-0-0-0-0-0-0-0-0-0-0-0
694	1	1-1-1-1-1-0-1-1-1-1-1-2	2-0-0-2-0-2-1-0-0-1-2-2	0-2-3-0-2-3-2-0-0-1-2-2	2-2-1-3-2-2-0-2-2-3-0-1	3-1-3-2-0-0-2-2-0-2-2-2	2-2-3-8-0-1-2-0-0-0-0-2	2-2-0-1-0-0-0-2-1-0-0-0	0-2-0-2-0-0-0-3-1-0-1-0	0-1-0-2-1-2-1-1-0-1-1-2	2-4-0-0-2-0-2-1-2-0-0-0	1-0-1-0-2-1-1-1-1-1-2-1	1-2-1-1-2-2-2-1-2-1-2-1
694	2	2-2-2-2-2-2-2-2-2-2-2-2	1-3-3-1-0-1-1-3-2-1-1-1	3-1-1-1-1-4-3-0-0-3-3-1	1-1-1-1-1-1-2-1-1-1-3-1	0-2-1-1-1-2-3-1-3-2-1-1	1-1-1-2-2-1-3-0-0-2-9-2	1-1-2-0-4-2-3-1-0-4-2-0	2-1-0-1-0-0-3-4-1-0-4-2	2-2-0-1-2-1-2-2-0-2-1-1	1-1-2-2-3-0-1-2-1-0-0-0	3-2-4-2-1-1-0-2-0-1-1-2	1-1-1-1-1-1-1-0-1-3-1-2
694	3	3-3-3-3-2-3-3-3-4-4-3-3	1-2-2-3-5-4-3-4-4-4-1-4	4-4-4-6-6-4-4-4-3-2-2-3	4-3-4-1-1-1-2-6-6-1-2-3	1-3-6-1-4-2-4-1-2-3-1-6	3-1-1-1-2-4-2-0-3-0-0-3	9-1-2-5-3-0-2-2-0-0-3-4	0-1-5-3-0-3-2-1-1-3-2-2	3-4-5-1-5-5-4-4-0-3-0-1	4-3-0-4-2-0-1-2-3-4-5-3	5-3-2-3-3-3-5-5-5-2-4-4	3-1-3-8-4-5-3-3-6-2-3-3
694	4	4-4-4-4-4-3-4-4-3-3-4-4	5-2-2-4-3-3-5-3-3-5-6-3	3-5-3-6-5-6-5-3-6-5-3-5	5-3-3-5-5-5-2-5-5-1-4-3	5-3-5-1-3-4-5-5-3-1-1-5	5-6-5-1-4-6-5-6-0-0-0-5	5-5-2-3-5-4-5-5-0-6-5-5	0-4-9-5-5-3-10-2-4-3-2-5	4-3-5-5-6-5-3-5-0-4-4-6	5-6-0-5-5-9-5-2-5-3-5-6	3-6-2-3-3-3-5-3-0-4-5-3	3-5-4-3-3-1-5-3-4-4-4-6
694	5	5-5-4-4-5-5-5-5-5-3-4-3	4-6-6-4-3-3-4-6-6-4-4-6	3-4-3-4-4-6-6-4-3-4-6-6	4-3-6-4-4-4-6-4-6-5-6-3	4-3-4-4-4-4-6-4-5-5-1-4	4-4-6-5-5-4-6-5-5-5-8-5	4-4-2-3-4-5-6-4-0-5-4-4	5-6-4-4-4-3-8-6-4-6-3-4	5-3-4-4-3-4-3-6-6-5-4-6	4-4-5-4-4-6-4-2-4-4-10-4	3-4-10-5-3-3-3-3-3-4-4-8	3-4-4-6-3-3-4-5-8-4-8-0
694	6	6-5-4-7-5-5-6-6-6-6-6-7	6-5-5-4-3-4-7-5-7-4-7-5	6-7-9-4-4-7-5-7-7-5-5-5	7-6-5-5-4-7-5-3-5-3-5-3	4-3-3-6-8-6-5-7-5-7-6-3	7-3-5-6-7-4-5-4-5-0-0-4	10-4-0-3-7-6-7-7-0-4-4-0	5-5-8-5-4-7-5-5-4-8-8-9	8-8-8-4-4-6-6-5-5-6-4-5	8-8-6-7-8-5-4-5-7-8-8-4	8-4-6-5-3-4-8-10-8-8-4-1	6-4-4-5-8-8-4-6-8-6-4-4
694	7	8-7-8-6-9-8-10-9-8-8-9-10	8-8-8-6-9-8-8-8-8-8-8-8	7-8-9-8-8-8-8-9-8-8-8-8	8-6-8-9-7-6-8-9-8-9-7-10	9-9-7-9-6-7-8-7-7-7-9-6	7-8-8-7-8-8-7-8-8-7-0-7	8-8-7-7-8-7-6-8-7-9-10-8	7-4-5-7-7-8-7-7-7-7-6-7	7-8-7-7-9-9-7-7-8-7-7-7	7-7-7-8-8-7-8-7-7-6-6-8	6-8-10-7-10-9-6-3-10-7-8-10	10-7-7-10-8-7-9-6-4-6-7-10
694	8	10-10-7-9-7-7-7-7-7-7-7-9	7-7-7-9-7-7-7-7-7-7-9-7	4-9-7-7-9-7-9-7-7-7-7-7	7-6-7-7-9-9-7-9-7-7-9-3	9-6-10-9-6-8-9-8-7-7-9-9	7-7-9-1-7-7-8-7-7-5-5-9	7-7-7-3-7-8-6-7-7-8-9-7	7-9-9-8-9-7-5-9-4-6-9-6	6-7-7-9-9-7-6-9-7-9-9-7	7-9-7-7-9-9-7-7-6-6-6-7	6-7-9-7-6-7-6-3-6-9-7-5	7-9-8-3-6-6-8-6-9-6-5-7
694	9	7-10-7-8-7-7-7-7-7-7-7-8	7-7-7-8-7-7-8-8-7-7-8-7	7-8-7-7-8-9-8-7-7-7-9-8	8-9-9-7-8-8-10-8-8-7-8-3	7-7-8-8-9-8-8-9-9-9-7-8	7-7-8-10-5-7-8-7-9-9-2-8	3-7-7-3-10-9-9-8-9-7-8-7	7-8-4-8-8-7-5-8-10-6-8-6	9-9-9-10-8-7-9-8-7-7-8-5	9-8-9-7-8-8-7-10-10-6-9-7	8-7-8-7-9-7-6-3-9-8-7-9	7-8-9-9-7-7-7-6-8-8-8-7
694	10	10-9-8-8-7-9-7-10-7-7-7-7	7-10-10-8-10-7-9-10-10-10-9-7	10-10-10-7-7-7-7-7-7-10-7-10	8-10-7-10-10-10-9-10-7-10-10-7	8-6-8-10-10-10-9-10-10-10-8-8	7-10-8-10-10-7-10-10-10-10-10-10	7-10-10-9-7-10-5-10-10-10-6-8	10-8-8-9-10-7-8-8-9-7-6-7	9-9-10-9-4-10-6-9-10-7-8-8	9-6-10-10-9-8-8-9-10-10-5-10	6-7-7-7-7-7-7-6-7-7-10-10	7-9-9-7-8-10-10-6-10-10-4-7
695	0	0-0-0-0-0-0-0-0-0-0-0-0	0-0-0-0-0-0-0-0-0-0-0-0	0-0-0-0-0-0-0-0-0-0-0-0	0-0-0-0-0-0-0-0-0-0-0-0	0-0-0-0-0-0-0-0-0-0-0-0	0-0-0-0-0-0-0-0-0-0-0-0	0-0-0-0-0-0-0-0-0-0-0-0	0-0-0-0-0-0-0-0-0-0-0-0	0-0-0-0-0-0-0-0-0-0-0-0	0-0-0-0-0-0-0-0-0-0-0-0	0-0-0-0-0-0-0-0-0-0-0-0	0-0-0-0-0-0-0-0-0-0-0-0
695	1	1-1-1-1-1-1-1-1-1-1-1-1	1-0-0-1-0-2-1-2-2-1-0-2	6-1-2-2-1-0-2-0-0-0-3-1	2-2-2-0-1-2-0-1-0-0-0-6	0-0-0-0-2-0-2-1-0-1-1-1	1-5-0-1-2-1-0-0-0-0-0-2	0-0-0-7-2-0-0-0-0-1-0-2	1-1-0-0-0-2-0-0-0-2-2-0	1-2-2-0-1-0-1-2-0-1-1-1	0-1-1-0-1-0-0-0-1-2-1-1	0-0-1-1-1-1-1-1-0-6-1-1	0-1-1-1-1-1-0-1-1-2-1-1
695	2	2-2-2-2-2-2-2-2-2-2-2-2	1-3-0-2-0-1-1-1-1-2-3-1	1-1-1-1-3-3-1-3-1-3-1-3	3-1-1-4-6-3-0-6-3-0-2-4	2-0-0-5-1-2-3-3-2-2-3-3	2-5-3-2-1-3-3-5-2-2-0-4	2-4-2-1-3-0-2-3-2-2-7-3	1-4-2-3-5-1-8-8-5-1-1-3	2-1-1-4-4-3-0-3-0-2-4-2	2-3-1-0-3-4-3-0-3-1-0-2	2-4-2-0-0-1-1-2-0-2-2-2	0-3-1-4-0-2-4-1-2-1-2-2
695	3	3-3-2-3-3-3-3-3-3-3-3-2	1-4-4-2-5-3-1-4-4-3-4-4	1-1-1-3-2-2-4-4-1-2-4-2	2-3-1-2-2-2-1-2-2-4-2-1	2-3-3-2-4-2-2-2-4-3-2-2	4-4-2-1-3-2-4-2-3-3-0-3	6-2-3-4-2-3-5-2-3-5-2-2	3-3-2-2-2-4-6-0-3-5-1-2	3-1-2-2-3-2-5-2-5-3-2-3	2-2-3-0-2-2-2-7-2-4-3-3	4-2-2-3-5-2-1-3-3-2-2-3	5-2-1-1-3-2-2-3-2-3-3-2
695	4	5-3-5-6-3-3-5-3-5-4-5-5	4-3-3-7-7-3-5-3-5-3-6-5	7-5-7-2-3-2-5-3-7-5-3-4	5-4-5-5-2-2-5-2-3-3-3-5	2-5-3-2-6-3-5-5-3-6-5-4	3-3-3-4-5-7-3-2-4-3-0-2	5-2-3-3-5-7-3-5-4-1-4-5	4-2-2-2-2-6-3-2-2-4-4-6	5-1-5-2-2-4-4-5-5-4-2-3	5-2-1-8-5-2-0-3-5-6-5-2	5-2-5-3-8-6-5-4-8-2-2-4	4-7-5-2-6-2-2-5-5-7-2-2
695	5	5-5-4-5-5-5-5-5-4-4-4-4	4-6-5-4-6-6-4-6-4-3-4-4	7-4-4-6-2-7-6-7-4-7-6-7	4-4-4-4-2-2-4-2-6-6-6-4	2-4-3-2-4-6-6-6-5-2-7-2	2-8-6-2-4-4-6-2-5-5-0-3	4-6-5-5-4-5-3-6-5-3-4-5	4-2-2-6-2-4-5-5-2-7-6-4	4-1-6-6-5-6-4-4-6-5-5-5	4-5-0-7-4-8-6-0-6-4-4-2	4-3-4-6-6-4-4-4-4-2-6-6	3-2-4-5-4-2-2-4-4-4-5-2
695	6	4-8-4-8-5-6-6-5-6-7-4-4	7-7-7-4-5-7-8-5-4-5-4-5	1-6-4-5-5-2-7-5-4-7-7-3	4-4-7-7-2-2-4-2-7-7-7-1	2-4-3-7-4-7-7-5-7-4-2-2	7-7-7-8-6-4-7-7-7-6-0-7	6-5-6-1-5-6-7-5-6-3-7-7	5-7-2-7-2-4-7-7-6-6-5-4	6-1-5-7-6-5-4-5-7-5-7-3	4-7-7-5-7-6-7-7-5-4-5-2	5-4-7-5-5-4-4-4-4-1-5-5	7-2-1-6-4-4-5-4-4-4-7-2
695	7	8-6-6-7-5-8-8-8-8-7-7-8	8-6-6-4-8-6-8-6-8-5-6-8	5-7-4-8-8-5-6-5-8-5-6-5	7-4-6-6-2-4-8-2-6-6-6-8	2-4-3-6-4-6-8-7-6-7-5-6	6-6-6-8-7-4-6-6-6-7-7-8	8-5-6-1-8-4-6-8-7-7-2-6	4-6-2-6-2-4-6-6-2-5-6-4	7-8-6-7-7-6-7-5-6-5-6-0	4-7-6-5-6-2-6-3-6-6-7-2	2-7-6-7-7-7-4-4-4-2-7-7	6-8-8-7-7-7-2-4-4-4-6-2
695	8	8-6-8-6-8-7-7-8-7-7-4-7	7-6-8-4-8-8-7-8-8-8-4-7	8-8-8-7-8-8-8-7-8-8-7-8	7-8-8-8-8-8-7-8-7-8-8-7	2-4-8-8-8-8-7-8-8-7-5-8	8-5-8-7-8-4-7-8-8-8-8-7	7-8-8-8-5-8-7-8-8-8-7-8	8-8-2-7-8-4-7-2-2-6-5-4	7-7-8-7-2-8-8-6-6-8-6-0	4-8-6-5-8-8-8-6-7-8-7-8	4-8-5-6-4-7-4-4-4-8-8-8	8-7-7-5-4-8-8-4-8-8-6-0
696	0	0-0-0-0-0-0-0-0-0-0-0-0	0-0-0-0-0-0-0-0-0-0-0-0	0-0-0-0-0-0-0-0-0-0-0-0	0-0-0-0-0-0-0-0-0-0-0-0	0-0-0-0-0-0-0-0-0-0-0-0	0-0-0-0-0-0-0-0-0-0-0-0	0-0-0-0-0-0-0-0-0-0-0-0	0-0-0-0-0-0-0-0-0-0-0-0	0-0-0-0-0-0-0-0-0-0-0-0	0-0-0-0-0-0-0-0-0-0-0-0	0-0-0-0-0-0-0-0-0-0-0-0	0-0-0-0-0-0-0-0-0-0-0-0
696	1	1-1-1-1-1-1-1-1-1-1-1-1	1-2-1-0-0-1-0-1-1-1-0-1	1-0-0-1-2-0-2-0-0-2-2-2	2-2-2-0-2-0-0-1-2-2-2-1	1-0-1-0-1-2-0-0-2-1-0-0	0-0-0-0-0-0-2-0-1-1-1-2	0-1-1-0-0-1-0-0-1-1-0-2	1-1-0-0-1-0-3-1-0-1-0-0	1-0-1-0-0-0-3-0-0-0-0-0	0-1-0-0-2-0-0-1-0-0-0-0	2-0-4-0-1-0-0-1-2-0-0-1	1-0-1-2-2-1-0-0-0-1-0-3
696	2	2-2-3-2-2-1-2-2-3-2-2-3	3-1-1-3-4-3-5-2-3-3-3-3	2-3-3-3-3-3-3-3-3-4-3-3	3-1-1-3-3-4-3-3-1-1-3-4	4-2-3-3-5-1-3-3-1-1-4-3	4-3-3-2-2-3-3-3-1-2-0-4	6-4-1-4-3-0-3-3-2-5-8-3	1-4-3-3-3-0-0-3-3-2-7-1	1-0-3-3-2-2-7-4-3-8-3-2	6-3-2-1-3-11-3-3-3-3-3-4	1-2-10-2-4-2-1-0-6-3-3-2	3-3-3-3-3-3-3-0-5-5-5-2
696	3	2-3-2-3-2-2-2-3-2-2-2-2	2-4-3-2-2-4-2-4-2-2-2-2	2-2-2-2-2-2-4-2-2-5-4-2	2-4-2-2-2-2-2-2-4-4-4-2	2-0-2-2-2-4-4-2-3-3-2-2	2-2-2-2-3-2-4-2-3-3-4-2	2-2-1-4-2-5-4-2-3-3-2-2	3-2-4-4-2-5-5-2-2-3-2-0	3-0-2-2-3-2-4-2-4-3-2-4	0-2-3-5-2-6-2-5-4-3-4-2	6-2-4-3-1-5-0-3-2-2-2-4	4-2-2-3-2-2-4-0-8-5-2-1
696	4	2-4-2-4-5-4-2-4-2-2-2-2	2-5-5-2-2-3-2-5-5-2-2-3	2-4-2-2-2-2-5-6-2-2-5-5	2-5-5-2-2-2-5-2-3-3-5-2	2-0-2-2-2-3-5-4-5-2-2-2	2-2-3-2-4-2-5-2-4-4-5-2	2-2-4-5-2-6-5-5-4-3-5-6	4-2-5-3-2-0-8-2-2-5-5-5	3-0-5-2-4-5-3-2-5-2-3-4	0-2-4-5-5-4-3-4-3-3-3-2	1-3-1-4-3-3-7-5-5-3-3-3	8-2-2-3-4-5-3-0-4-4-2-4
696	5	6-4-2-6-4-4-2-2-6-2-6-6	6-4-4-6-2-4-2-6-6-6-6-6	3-6-7-5-6-2-6-3-7-3-4-4	6-6-6-5-2-6-4-2-6-7-4-5	2-6-2-6-2-3-6-6-5-6-6-6	8-6-8-5-4-8-6-2-4-4-4-6	4-6-4-4-2-3-4-6-5-2-2-6	4-6-4-6-4-3-4-7-2-4-4-4	3-8-4-6-5-6-3-8-4-7-2-8	6-6-4-4-6-4-6-3-6-5-4-2	2-8-7-3-8-3-5-4-4-6-6-5	6-6-5-5-6-6-6-4-6-2-2-2
696	6	5-6-5-5-6-6-6-6-5-2-5-5	5-8-7-5-7-7-2-5-5-5-5-5	0-5-5-2-5-7-7-8-5-7-7-6	5-5-5-5-5-5-8-2-5-5-6-5	2-5-2-5-2-6-7-5-7-5-5-5	5-5-5-6-4-5-7-2-6-6-8-6	2-5-4-5-5-6-8-5-6-7-2-5	4-5-4-5-2-10-7-2-2-3-7-0	4-0-7-5-4-5-9-5-4-6-2-6	2-5-4-5-8-3-5-9-5-0-5-2	7-2-10-8-7-6-0-9-7-5-5-6	5-5-5-5-4-5-5-9-5-10-6-4
696	7	8-6-7-8-6-6-7-6-5-2-7-8	8-6-6-5-6-8-8-8-8-8-8-8	7-8-5-8-8-8-6-8-9-8-6-7	8-8-9-5-8-8-6-2-6-5-8-5	2-7-7-5-9-6-8-8-6-5-5-8	8-5-5-6-4-8-6-8-4-6-6-8	8-8-9-8-8-7-4-6-4-6-8-7	6-8-8-8-8-0-4-8-8-9-8-0	11-0-6-8-7-7-8-8-4-7-8-4	8-8-7-8-5-8-8-4-8-8-8-2	6-2-6-6-6-8-4-10-6-8-7-8	7-4-7-8-4-5-8-0-2-8-2-4
696	8	7-10-7-7-9-6-8-8-5-6-7-7	7-6-9-5-8-7-7-7-7-7-7-7	11-7-7-7-7-9-7-9-7-9-9-8	7-9-7-5-7-7-9-2-9-5-9-5	2-5-2-5-7-8-7-7-9-8-5-7	7-5-5-8-4-5-9-7-8-8-6-7	7-7-8-7-7-8-9-5-8-8-7-9	8-7-7-7-7-0-4-7-7-8-7-11	8-8-9-7-8-7-10-7-11-2-7-5	7-7-4-9-8-7-7-10-7-7-7-2	10-8-9-6-5-7-0-8-7-7-5-7	10-11-5-7-8-5-7-11-8-7-8-10
696	9	10-9-10-10-10-10-11-10-11-11-10-10	11-8-8-10-10-10-10-10-10-10-10-11	9-10-10-10-10-8-10-10-10-10-8-10	10-8-7-10-10-10-8-10-8-5-10-9	10-11-10-10-7-8-10-10-8-9-10-10	10-10-10-9-4-5-10-10-8-8-4-10	10-10-8-8-10-9-8-10-9-8-10-10	4-10-10-10-10-10-11-10-11-7-10-11	11-11-8-10-10-10-6-10-10-10-10-10	10-10-9-8-10-9-10-11-11-5-10-10	8-8-8-11-10-10-11-6-8-7-10-10	11-10-10-7-10-10-7-6-10-8-10-9
696	10	9-9-9-9-9-9-9-9-9-9-9-9	11-8-9-9-9-9-9-9-9-9-9-9	9-9-9-9-9-10-9-9-9-9-9-9	9-10-10-9-9-9-11-9-9-8-9-9	9-9-9-9-10-9-9-9-10-10-9-9	9-9-9-9-10-11-9-9-10-10-8-9	11-11-8-10-9-10-8-9-10-8-9-9	10-9-9-9-9-10-8-9-11-8-9-10	10-10-11-10-9-9-8-9-4-9-9-9	10-9-10-9-9-11-9-8-11-4-9-9	8-10-6-9-6-9-10-7-6-10-9-10	8-9-9-7-9-9-7-0-9-6-9-8
696	11	11-9-9-9-11-9-9-11-9-9-9-10	9-11-9-9-11-11-9-9-9-11-9-9	11-10-9-9-11-9-10-10-10-11-11-11	9-11-9-11-11-11-10-9-8-11-11-9	9-9-11-11-11-11-10-11-11-11-9-9	10-9-11-9-11-10-11-9-11-11-11-11	10-11-11-8-10-11-11-9-11-11-10-9	11-9-11-10-11-10-9-9-10-11-9-9	10-11-11-10-9-11-11-10-8-4-9-9	7-11-11-11-11-10-9-9-10-11-11-11	1-11-9-9-6-9-10-11-11-10-11-10	10-8-9-11-9-11-11-11-11-11-9-11
697	0	0-0-0-0-0-0-0-0-0-0-0-0	0-0-0-0-0-0-0-0-0-0-0-0	0-0-0-0-0-0-0-0-0-0-0-0	0-0-0-0-0-0-0-0-0-0-0-0	0-0-0-0-0-0-0-0-0-0-0-0	0-0-0-0-0-0-0-0-0-0-0-0	0-0-0-0-0-0-0-0-0-0-0-0	0-0-0-0-0-0-0-0-0-0-0-0	0-0-0-0-0-0-0-0-0-0-0-0	0-0-0-0-0-0-0-0-0-0-0-0	0-0-0-0-0-0-0-0-0-0-0-0	0-0-0-0-0-0-0-0-0-0-0-0
697	1	1-1-1-1-1-1-1-1-1-1-1-1	1-1-0-1-0-0-0-2-0-1-2-0	2-2-0-3-2-0-2-0-0-0-1-2	2-0-0-2-2-2-0-4-1-0-2-0	1-0-1-0-2-1-2-2-1-1-0-2	2-0-2-0-0-2-2-0-1-1-0-1	2-1-1-0-2-0-1-2-0-1-0-2	1-1-2-2-0-0-1-6-1-1-0-0	0-0-2-2-3-0-0-2-2-1-1-1	0-2-0-0-2-1-2-1-2-0-0-5	0-1-0-0-0-1-0-0-0-1-2-1	0-1-1-2-0-3-2-0-5-1-1-1
697	2	2-2-2-2-2-2-2-2-2-2-2-2	1-3-2-1-0-2-1-3-2-2-1-2	1-1-1-1-1-3-4-0-3-3-4-1	1-3-3-1-1-1-2-1-1-3-3-0	1-2-1-1-1-3-1-1-3-2-0-1	3-5-4-0-2-1-3-5-2-2-5-2	1-1-2-6-1-2-4-1-2-2-0-1	2-1-1-1-2-3-5-3-2-2-0-3	2-2-1-1-2-1-2-1-3-4-1-2	3-1-2-3-1-1-1-2-1-3-3-1	2-4-0-4-0-3-3-2-3-1-1-2	4-1-1-3-3-2-1-2-1-1-1-1
697	3	4-3-4-5-4-4-4-4-3-4-4-4	4-2-2-4-4-4-4-4-4-4-4-4	3-4-4-1-2-4-3-4-4-4-5-4	4-3-4-5-1-3-4-3-2-2-2-4	2-6-1-5-4-2-4-4-2-3-4-3	2-4-1-3-4-4-2-1-3-2-2-3	6-1-3-4-4-3-2-3-3-2-4-2	4-3-4-2-3-4-4-2-4-5-4-4	4-4-4-1-1-5-4-4-5-3-3-4	4-4-2-2-4-1-4-2-4-4-4-1	4-4-5-2-4-4-4-4-4-4-2-3	2-1-3-2-4-4-1-6-4-5-4-4
697	4	3-3-3-3-3-3-3-3-3-3-3-3	3-2-2-3-5-3-3-5-3-3-3-3	3-3-3-5-5-3-5-3-3-5-2-5	3-3-3-5-5-5-3-5-5-5-5-3	5-3-4-4-3-5-5-3-4-4-3-5	4-6-5-4-3-3-4-4-2-2-2-4	3-1-2-3-3-4-2-6-4-2-5-5	3-5-3-4-5-3-3-5-3-3-5-3	3-3-3-5-5-3-3-5-3-2-5-3	3-3-0-0-5-1-3-1-3-4-3-1	3-3-3-2-3-3-3-3-3-3-4-4	2-4-4-5-3-3-4-3-3-3-3-3
697	5	3-3-3-3-3-3-3-3-3-3-3-6	5-2-2-3-4-3-3-4-3-3-3-3	3-4-3-4-4-5-4-6-6-4-3-4	4-5-5-4-4-4-3-4-4-3-4-3	4-3-4-4-5-4-4-5-5-5-3-4	6-2-4-6-5-6-4-4-5-5-2-4	6-1-2-5-6-5-2-4-5-4-4-4	5-4-3-4-4-5-2-4-3-3-4-3	5-3-5-5-4-3-2-4-3-3-4-2	5-4-5-2-4-1-5-5-6-4-5-1	1-5-3-2-6-6-3-5-4-5-5-5	6-6-5-5-5-5-1-3-1-3-4-1
697	6	6-3-3-3-6-6-3-6-3-3-3-5	5-6-6-3-6-3-3-3-3-6-3-3	6-6-6-3-6-6-5-5-5-6-6-6	4-6-6-6-6-6-3-6-5-6-4-3	4-3-4-6-3-6-5-6-6-6-1-4	5-6-6-5-6-3-6-6-6-6-2-5	3-6-6-6-5-6-6-6-6-6-3-6	6-5-6-5-6-5-5-4-4-3-3-3	5-3-5-5-4-6-2-5-6-3-4-3	4-3-6-6-6-5-6-2-5-6-5-6	3-6-6-6-5-5-3-3-3-3-6-5	6-5-3-3-5-6-6-3-6-6-5-6
698	0	0-0-0-0-0-0-0-0-0-0-0-0	0-0-0-0-0-0-0-0-0-0-0-0	0-0-0-0-0-0-0-0-0-0-0-0	0-0-0-0-0-0-0-0-0-0-0-0	0-0-0-0-0-0-0-0-0-0-0-0	0-0-0-0-0-0-0-0-0-0-0-0	0-0-0-0-0-0-0-0-0-0-0-0	0-0-0-0-0-0-0-0-0-0-0-0	0-0-0-0-0-0-0-0-0-0-0-0	0-0-0-0-0-0-0-0-0-0-0-0	0-0-0-0-0-0-0-0-0-0-0-0	0-0-0-0-0-0-0-0-0-0-0-0
698	1	1-1-1-1-1-1-1-1-1-0-1-1	0-2-1-0-0-1-0-1-0-1-0-0	1-0-0-0-0-1-2-0-0-0-2-1	0-0-2-0-0-0-2-1-1-2-2-1	1-0-1-0-0-2-2-0-1-0-2-0	4-0-0-0-0-0-2-0-2-1-4-2	1-2-2-0-0-0-0-0-1-1-0-1	1-0-0-0-1-0-1-2-0-0-0-0	1-0-0-0-1-0-0-2-0-0-0-2	0-1-4-2-1-0-2-1-0-0-0-0	0-0-2-0-1-0-0-1-0-0-2-1	1-0-0-0-0-1-0-0-0-0-4-0
698	2	2-1-2-2-2-1-2-2-2-2-2-1	3-1-1-2-0-2-3-3-3-3-3-3	0-3-3-3-3-1-3-3-0-4-1-3	3-3-3-3-4-3-1-3-2-1-1-0	2-0-4-5-0-3-3-3-1-0-3-3	3-4-3-2-2-4-3-4-1-1-0-3	3-1-1-0-3-2-3-3-2-2-6-3	1-2-4-3-2-0-7-4-2-0-0-0	0-0-3-3-4-3-0-3-3-2-2-3	0-3-0-1-3-2-3-4-3-3-3-4	0-2-1-3-0-2-2-0-0-3-3-1	1-2-2-1-0-2-3-0-2-2-2-2
698	3	3-3-2-3-3-3-3-3-3-3-3-4	2-4-4-2-3-2-2-2-4-2-2-2	2-2-5-2-2-5-4-4-0-5-4-2	2-2-3-2-2-2-4-2-2-4-4-3	2-0-4-2-4-4-4-2-3-3-2-2	2-5-4-0-3-2-4-3-3-3-6-3	2-1-3-3-2-3-4-2-3-3-4-2	3-4-4-2-2-4-6-2-2-0-7-2	3-0-4-2-3-2-6-2-4-3-2-2	0-4-3-6-2-4-2-3-2-4-2-2	0-3-0-4-7-2-0-4-0-2-4-3	3-2-2-3-0-3-2-0-3-4-2-5
698	4	4-4-7-3-4-4-4-5-4-4-4-3	4-3-3-5-4-5-5-5-3-2-5-5	6-5-6-2-4-5-3-3-5-2-3-4	5-5-5-5-2-2-5-2-3-3-5-6	3-5-4-4-5-3-3-4-5-5-4-2	5-2-3-4-5-2-3-2-1-3-3-2	1-2-2-5-4-4-3-5-4-2-4-3	5-3-5-3-3-5-3-2-2-4-5-5	5-4-5-2-2-5-5-7-6-4-2-5	5-3-6-3-5-3-1-2-5-5-5-2	5-2-4-3-5-5-5-5-5-2-3-4	1-2-2-4-5-5-4-5-5-3-1-2
698	5	6-6-6-7-6-6-7-6-6-6-6-6	6-6-6-4-6-6-4-6-6-6-6-4	5-6-6-6-6-7-6-6-6-6-5-6	6-4-4-6-6-6-6-6-6-6-6-4	6-4-6-6-4-6-6-6-5-5-6-6	4-6-6-6-4-6-6-6-5-5-3-5	6-5-5-4-4-5-6-4-5-5-7-6	5-6-4-6-6-4-6-6-6-5-6-4	4-4-4-6-6-6-4-6-4-4-6-4	4-6-5-6-6-6-5-6-4-4-4-6	4-6-6-6-4-4-4-4-4-6-6-5	7-6-6-4-4-4-6-4-4-4-6-3
698	6	5-5-5-5-5-5-5-5-5-5-5-7	6-5-5-4-5-5-4-5-5-5-5-7	4-5-4-5-5-6-5-5-7-5-6-5	5-6-6-5-5-5-5-5-5-5-5-4	5-4-5-5-6-5-7-5-6-6-5-5	7-5-5-5-3-5-5-5-6-6-3-6	5-5-3-3-6-6-5-7-6-5-5-5	6-5-4-5-5-5-3-5-5-4-5-4	6-4-6-5-5-5-4-5-4-3-5-4	5-5-6-5-5-7-5-5-0-5-5-5	5-5-5-5-3-7-4-4-5-5-5-6	7-5-5-5-5-1-5-4-2-2-5-5
698	7	7-5-5-5-7-5-5-7-5-5-5-6	6-5-7-4-7-7-4-7-6-7-5-6	7-7-7-6-7-7-5-6-6-7-5-7	5-7-7-7-7-7-5-7-6-7-7-4	5-4-7-7-7-7-6-7-7-7-5-5	6-7-7-6-7-7-7-7-7-7-7-7	6-7-7-4-6-7-7-7-7-5-5-5	7-7-7-6-7-6-5-2-5-4-5-4	0-4-7-6-2-7-7-4-7-5-5-1	5-7-7-7-7-6-7-6-7-7-4-7	4-5-1-5-3-4-4-4-4-5-7-7	7-5-6-5-0-7-7-4-7-7-2-7
699	0	0-0-0-0-0-0-0-0-0-0-0-0	0-0-0-0-0-0-0-0-0-0-0-0	0-0-0-0-0-0-0-0-0-0-0-0	0-0-0-0-0-0-0-0-0-0-0-0	0-0-0-0-0-0-0-0-0-0-0-0	0-0-0-0-0-0-0-0-0-0-0-0	0-0-0-0-0-0-0-0-0-0-0-0	0-0-0-0-0-0-0-0-0-0-0-0	0-0-0-0-0-0-0-0-0-0-0-0	0-0-0-0-0-0-0-0-0-0-0-0	0-0-0-0-0-0-0-0-0-0-0-0	0-0-0-0-0-0-0-0-0-0-0-0
699	1	1-1-1-1-1-1-1-1-1-1-1-1	1-0-0-1-0-0-0-1-0-1-0-2	2-3-0-3-2-2-0-0-0-3-2-2	2-0-2-2-2-2-0-1-1-0-1-0	1-0-1-2-0-1-2-2-1-1-1-2	3-3-3-0-1-2-2-1-1-1-3-2	3-3-1-0-2-0-1-2-1-1-0-2	1-3-3-2-3-0-1-1-1-1-0-0	0-0-2-3-3-0-0-3-2-2-3-0	0-3-0-0-2-3-2-1-2-1-0-3	0-1-1-1-0-1-0-0-0-2-2-0	0-1-1-2-0-1-3-0-3-2-1-1
699	2	2-2-2-3-2-2-2-2-2-2-2-3	1-3-3-1-0-3-0-3-3-3-3-3	1-2-0-2-1-1-3-0-3-4-3-1	1-2-3-1-1-1-3-2-3-3-3-0	1-0-4-1-2-1-3-1-3-2-1-1	3-2-1-0-2-1-3-1-2-2-5-1	4-0-2-3-1-2-3-1-2-2-0-1	2-3-1-1-2-3-5-2-2-2-0-2	2-0-1-1-2-0-3-1-3-1-1-2	0-1-2-3-1-0-1-2-1-3-3-1	3-2-0-7-8-0-0-0-3-1-1-2	7-1-0-3-4-3-1-0-5-1-6-1
699	3	3-2-3-2-3-3-3-2-3-3-3-2	3-2-2-3-4-2-3-2-2-2-4-3	5-4-5-4-1-1-2-3-2-1-2-3	4-6-2-1-1-1-2-1-2-2-2-7	1-8-2-3-3-2-2-4-2-3-4-5	1-1-1-3-3-6-2-1-2-2-1-3	6-1-2-2-6-3-2-4-3-1-6-1	6-1-6-1-1-2-2-1-6-3-6-6	5-5-5-1-1-3-6-6-2-3-1-2	6-6-2-2-4-1-2-2-4-5-6-1	5-1-3-2-3-5-5-6-6-1-1-3	6-1-6-2-5-1-1-7-6-6-1-1
699	4	6-4-7-5-4-5-4-6-5-5-5-5	6-5-4-3-7-5-6-5-6-5-5-5	4-5-7-5-5-5-5-5-5-5-4-5	5-4-5-5-1-5-5-5-5-5-4-5	7-4-5-7-3-4-5-4-5-5-7-4	5-6-5-5-5-5-4-7-5-4-2-5	5-5-4-4-4-4-2-4-5-7-4-7	4-4-1-4-4-6-6-7-3-4-5-4	4-3-3-3-7-7-2-3-5-4-1-7	4-4-5-4-4-4-5-4-3-6-3-1	3-7-3-2-6-8-3-4-8-4-5-6	6-5-4-8-3-7-5-3-4-4-4-4
699	5	4-4-4-4-4-4-4-4-4-4-4-4	4-4-4-6-5-4-5-4-4-4-4-4	3-4-4-4-6-4-4-4-4-4-4-4	6-3-4-4-6-7-4-4-4-4-6-3	1-3-4-4-3-4-6-6-4-4-4-7	4-4-4-5-4-4-6-5-4-4-2-4	4-4-4-7-4-5-5-6-4-4-7-6	4-6-3-6-6-4-8-7-3-3-7-3	3-3-3-6-4-4-3-7-4-4-5-2	5-7-4-4-7-6-4-2-6-3-3-6	3-4-3-2-4-4-3-3-3-7-4-5	4-6-5-7-3-4-6-3-2-3-1-1
699	6	4-7-4-5-6-4-4-4-4-4-4-4	4-7-6-5-4-4-4-7-4-4-4-4	3-6-4-4-5-4-7-7-4-5-7-6	5-3-4-5-5-5-4-4-7-4-7-3	7-3-7-6-3-7-7-5-7-6-4-5	4-4-7-5-6-3-5-5-4-6-7-6	7-4-4-3-3-8-7-7-4-4-3-5	3-5-3-5-5-4-7-5-3-2-3-3	3-3-4-5-6-4-3-3-4-6-5-2	3-3-4-4-5-5-4-2-5-4-3-5	3-4-3-2-4-4-3-3-3-5-4-4	4-5-3-7-3-4-5-0-3-3-7-4
699	7	8-6-4-5-6-4-4-4-4-4-4-8	4-6-6-5-4-4-5-6-8-4-8-8	3-7-4-4-5-7-6-6-8-7-6-6	5-7-7-5-5-5-8-4-6-4-6-3	6-3-4-4-7-6-6-5-6-4-4-5	4-4-6-4-4-4-6-5-7-6-6-8	6-4-6-5-6-7-6-6-7-4-5-4	4-5-1-8-5-4-6-5-8-3-5-7	7-3-3-7-4-4-2-7-4-4-5-4	8-5-7-2-8-5-4-2-8-6-3-5	6-4-4-2-4-4-3-3-6-5-4-7	4-8-7-6-5-4-5-3-6-3-6-1
699	8	8-6-8-5-8-4-4-8-4-4-4-7	4-6-8-5-8-4-5-8-8-8-7-7	8-8-8-4-8-8-7-7-7-8-4-8	7-8-8-8-8-8-7-8-7-8-8-3	4-3-8-8-8-8-7-8-6-8-4-4	4-8-8-7-8-8-8-8-8-8-8-8	7-8-8-8-7-6-7-8-8-8-7-4	8-6-8-7-8-7-5-5-7-4-4-4	7-4-5-7-1-8-8-7-4-4-6-2	7-3-8-8-8-7-8-2-7-8-6-8	3-4-4-4-4-4-3-3-4-7-8-8	8-7-7-4-4-8-8-3-8-8-7-4
700	0	0-0-0-0-0-0-0-0-0-0-0-0	0-0-0-0-0-0-0-0-0-0-0-0	0-0-0-0-0-0-0-0-0-0-0-0	0-0-0-0-0-0-0-0-0-0-0-0	0-0-0-0-0-0-0-0-0-0-0-0	0-0-0-0-0-0-0-0-0-0-0-0	0-0-0-0-0-0-0-0-0-0-0-0	0-0-0-0-0-0-0-0-0-0-0-0	0-0-0-0-0-0-0-0-0-0-0-0	0-0-0-0-0-0-0-0-0-0-0-0	0-0-0-0-0-0-0-0-0-0-0-0	0-0-0-0-0-0-0-0-0-0-0-0
700	1	1-1-1-1-0-1-1-1-1-1-1-1	1-0-0-1-0-2-1-0-0-1-0-2	5-1-2-2-2-2-3-2-2-0-3-1	1-2-2-1-1-2-0-2-2-2-0-1	0-4-1-0-2-0-2-1-2-4-1-1	0-1-0-0-0-0-2-1-1-0-0-2	0-0-0-4-0-1-0-2-0-1-1-0	0-0-4-0-0-2-0-0-0-2-0-0	0-2-0-0-0-0-2-2-0-0-0-0	0-0-1-0-0-1-0-0-1-2-4-0	4-0-0-0-4-1-2-4-4-1-0-1	1-0-1-2-1-1-1-1-1-1-1-1
700	2	2-1-3-2-2-2-2-2-2-2-2-3	2-3-0-4-0-1-3-3-0-3-3-1	1-3-1-4-3-1-2-1-1-3-2-3	3-1-1-3-3-4-0-4-3-1-2-1	3-1-2-3-4-3-3-3-1-5-4-3	2-1-3-6-2-4-3-3-0-0-0-4	4-4-0-1-3-0-2-1-0-5-2-3	0-5-5-3-5-1-0-5-2-1-0-0	8-2-1-3-5-2-1-1-2-2-5-3	3-2-0-2-3-5-3-0-3-1-0-5	1-5-6-0-0-1-1-1-1-2-4-0	1-3-1-1-1-2-5-1-2-6-2-5
700	3	3-3-2-3-3-3-3-3-3-2-3-2	2-6-3-2-0-4-2-4-2-2-2-4	1-2-1-2-2-5-4-3-2-2-4-2	2-1-2-2-2-2-4-2-4-3-4-1	2-1-1-2-3-2-4-2-4-0-2-2	2-1-4-2-3-2-4-2-6-3-3-3	2-2-3-1-2-3-3-2-0-4-5-2	0-2-2-4-2-1-4-0-2-2-0-3	7-2-4-2-3-2-8-1-4-3-2-2	2-4-0-0-2-7-2-3-4-4-5-2	2-4-8-3-1-1-4-1-1-2-2-0	1-2-2-4-2-4-2-2-4-4-2-6
700	4	4-4-2-4-5-4-4-4-4-4-4-6	2-5-3-2-5-3-2-3-6-5-2-5	1-2-1-2-2-7-5-3-2-2-5-5	2-5-5-2-2-2-5-2-5-5-3-1	2-1-1-5-2-3-5-4-5-1-2-2	2-1-3-8-4-2-5-2-4-4-5-2	2-2-4-1-5-7-5-5-0-3-2-5	0-2-1-3-2-1-6-0-2-5-6-4	0-2-3-5-3-3-1-1-5-7-2-3	2-3-4-0-5-6-2-7-3-3-8-2	1-3-5-4-1-1-3-1-1-2-2-4	7-2-1-3-4-3-2-4-6-3-6-3
700	5	5-4-2-7-4-4-4-6-4-5-5-8	5-4-4-2-4-5-7-6-6-6-6-6	1-6-7-2-2-6-4-6-8-6-4-4	6-4-4-2-2-2-4-6-4-7-3-2	2-1-8-4-5-3-6-5-4-5-2-2	5-6-3-2-5-7-6-2-3-4-4-6	3-5-4-5-5-5-4-4-5-2-1-6	6-2-2-3-2-5-4-2-5-4-6-6	6-5-8-4-2-6-6-5-4-5-2-5	5-5-7-6-4-2-4-4-6-6-4-2	6-2-5-3-5-8-5-5-6-2-5-5	6-5-5-5-1-5-2-5-5-3-4-2
700	6	7-6-8-8-4-6-8-7-6-8-6-7	5-4-3-7-6-5-7-7-7-5-7-5	7-5-5-8-7-5-7-7-5-7-3-7	5-7-5-6-7-7-4-7-7-5-7-2	2-5-0-7-1-7-7-7-6-6-7-7	6-5-7-2-5-5-7-7-3-6-0-5	3-6-6-1-7-5-4-7-6-7-7-6	5-7-7-7-7-5-4-8-5-5-7-5	5-5-5-5-7-8-5-7-5-6-7-4	8-8-5-5-7-4-7-4-5-5-3-7	5-7-6-3-6-5-5-7-5-6-6-6	5-5-5-5-7-6-6-5-4-6-7-3
700	7	6-8-6-6-4-8-8-6-8-7-6-8	5-4-4-6-6-8-6-6-8-6-6-5	6-6-5-6-6-7-6-6-8-6-7-6	7-6-7-6-6-6-4-6-6-5-6-1	6-1-4-6-7-6-6-6-7-7-6-6	8-0-6-2-7-5-6-6-7-7-0-6	4-6-4-8-6-5-7-6-7-6-6-6	7-6-6-6-6-8-4-6-8-4-6-5	7-7-7-6-6-7-5-7-4-4-6-7	7-6-5-5-6-4-6-4-2-7-3-6	5-6-6-3-8-5-7-7-8-6-6-7	5-7-5-5-6-6-6-5-4-7-2-6
700	8	8-7-6-6-8-7-6-8-7-6-6-8	5-4-8-6-8-7-5-6-8-8-6-6	8-8-8-6-8-8-7-7-5-8-8-8	7-8-7-8-8-8-4-8-8-8-8-1	6-1-5-8-8-8-7-8-8-8-6-6	7-8-7-5-8-8-8-8-8-8-8-8	5-8-8-8-6-8-8-6-8-8-8-6	8-8-6-7-8-7-6-6-7-5-6-7	6-8-5-8-2-8-8-7-8-4-6-0	6-6-8-8-8-2-8-4-8-8-4-8	8-8-3-3-6-5-7-6-8-7-8-8	5-5-5-7-8-8-8-5-8-8-2-8
701	0	0-0-0-0-0-0-0-0-0-0-0-0	0-0-0-0-0-0-0-0-0-0-0-0	0-0-0-0-0-0-0-0-0-0-0-0	0-0-0-0-0-0-0-0-0-0-0-0	0-0-0-0-0-0-0-0-0-0-0-0	0-0-0-0-0-0-0-0-0-0-0-0	0-0-0-0-0-0-0-0-0-0-0-0	0-0-0-0-0-0-0-0-0-0-0-0	0-0-0-0-0-0-0-0-0-0-0-0	0-0-0-0-0-0-0-0-0-0-0-0	0-0-0-0-0-0-0-0-0-0-0-0	0-0-0-0-0-0-0-0-0-0-0-0
701	1	1-0-1-1-1-0-1-1-1-0-1-1	0-0-0-1-0-1-0-2-0-0-0-0	3-2-0-3-2-2-2-0-0-2-0-1	2-0-0-2-3-2-0-2-1-0-1-0	1-0-1-0-0-1-2-2-1-0-0-1	1-0-0-0-1-4-2-1-1-1-0-2	1-1-1-0-2-0-1-2-1-1-1-3	0-1-1-1-1-0-0-1-1-0-0-0	1-0-2-2-4-1-0-2-0-1-1-1	3-2-0-2-2-2-0-1-2-0-0-4	0-1-0-0-0-1-0-0-0-1-1-0	0-2-1-0-0-1-1-0-1-1-1-1
701	2	2-2-3-2-3-2-2-2-2-2-2-2	1-4-2-1-0-2-0-1-0-2-0-1	1-1-0-1-1-1-3-0-0-1-3-1	1-3-2-1-1-1-3-1-5-2-4-0	2-0-1-2-0-4-3-1-2-2-0-1	1-0-3-0-3-1-3-1-2-2-6-1	1-1-4-0-1-3-3-1-2-2-0-1	4-4-1-1-1-0-5-3-1-0-0-0	3-0-3-1-3-1-0-1-3-2-2-5	0-1-2-6-1-1-1-2-1-0-3-3	3-1-0-2-7-0-0-3-3-5-1-2	3-1-1-3-3-7-1-0-0-4-4-4
701	3	3-2-2-3-3-2-3-4-3-3-4-3	4-2-2-1-0-4-1-5-4-3-4-4	1-1-0-4-4-4-5-2-5-4-2-5	4-2-4-4-1-1-4-1-4-4-1-1	1-0-0-4-1-2-4-1-4-3-4-7	3-4-2-7-2-1-2-1-2-3-2-3	3-1-2-0-1-2-2-4-3-2-0-1	3-0-4-1-2-3-4-4-1-5-4-0	2-0-2-1-2-3-0-4-7-6-4-4	1-3-3-4-4-1-2-3-1-0-2-2	2-1-3-4-4-3-0-2-2-2-4-3	2-4-1-2-2-3-1-0-3-1-7-2
701	4	4-4-4-4-4-3-5-6-4-4-6-7	3-2-2-4-6-3-5-5-3-6-3-5	4-5-5-3-3-3-3-5-3-1-3-3	5-5-5-3-1-5-5-4-3-3-2-5	1-4-4-3-5-2-5-4-3-4-3-4	4-4-3-4-5-6-3-1-3-3-0-4	6-1-2-5-5-6-2-3-4-2-4-3	2-2-6-3-1-5-3-3-4-4-3-7	4-5-5-1-1-3-5-5-6-4-3-3	5-1-3-3-3-1-4-3-4-5-5-1	5-1-3-3-3-5-5-4-5-2-3-4	4-3-4-5-5-4-4-4-3-2-2-2
701	5	4-7-7-7-5-5-7-5-4-5-5-5	5-2-2-6-6-6-4-6-6-4-6-6	4-6-4-6-6-6-6-4-3-6-6-3	4-4-4-3-6-6-4-5-6-3-6-4	5-4-4-6-4-6-6-6-5-4-5-6	6-6-6-5-4-6-6-5-3-5-2-6	4-5-2-4-4-4-3-6-5-6-6-5	0-6-6-6-6-4-2-6-4-5-7-4	4-4-4-6-6-5-4-6-4-6-6-2	4-6-3-4-6-6-6-3-1-4-4-7	4-1-7-3-6-4-4-0-4-2-5-3	4-5-5-4-4-5-5-4-6-5-7-6
701	6	5-7-5-5-5-7-7-7-7-5-5-7	7-2-2-5-7-7-5-5-5-4-5-5	7-5-4-5-5-5-5-7-5-5-6-3	5-6-4-4-5-5-7-5-5-3-5-4	5-4-4-5-6-5-7-5-6-3-5-5	7-5-5-7-6-5-5-5-6-6-2-5	4-5-2-4-7-4-2-7-6-5-5-5	6-5-4-5-5-6-7-5-6-6-5-6	6-6-2-5-5-5-4-6-3-5-5-2	0-6-2-7-5-5-5-4-6-6-4-5	2-6-7-7-5-5-7-4-4-7-5-6	4-7-6-4-6-5-5-4-5-5-5-5
701	7	7-6-5-5-7-6-6-7-6-5-5-6	6-7-7-5-7-7-5-5-7-7-5-5	7-7-7-5-7-7-7-6-7-7-6-7	7-7-7-7-7-7-6-7-6-7-7-6	5-4-4-7-6-6-6-7-7-7-5-5	6-5-7-6-7-7-6-7-7-7-7-6	6-7-7-7-6-7-7-7-7-7-7-7	7-6-5-6-7-6-7-5-1-4-5-4	6-7-7-7-5-7-7-6-3-2-5-5	4-7-7-7-7-5-7-6-6-7-2-7	2-7-5-6-2-4-6-6-7-7-7-2	4-6-6-4-2-7-7-7-5-7-5-7
702	0	0-0-0-0-0-0-0-0-0-0-0-0	0-0-0-0-0-0-0-0-0-0-0-0	0-0-0-0-0-0-0-0-0-0-0-0	0-0-0-0-0-0-0-0-0-0-0-0	0-0-0-0-0-0-0-0-0-0-0-0	0-0-0-0-0-0-0-0-0-0-0-0	0-0-0-0-0-0-0-0-0-0-0-0	0-0-0-0-0-0-0-0-0-0-0-0	0-0-0-0-0-0-0-0-0-0-0-0	0-0-0-0-0-0-0-0-0-0-0-0	0-0-0-0-0-0-0-0-0-0-0-0	0-0-0-0-0-0-0-0-0-0-0-0
702	1	1-0-1-1-1-1-1-1-1-2-1-2	1-1-0-2-0-1-2-0-2-1-2-2	2-2-1-0-2-0-2-3-2-2-2-2	2-3-2-1-2-2-0-1-2-0-2-5	0-4-4-3-3-0-2-2-0-2-3-2	2-2-0-1-1-3-2-0-0-0-0-0	2-0-0-5-0-0-0-2-0-1-2-0	0-0-0-2-1-2-0-0-0-1-1-0	1-3-3-0-0-0-2-2-0-2-1-0	2-2-1-2-2-2-0-0-2-2-2-0	2-0-1-0-2-1-2-1-5-2-2-1	1-2-2-2-2-0-2-3-1-0-1-0
702	2	1-2-2-2-2-2-2-2-2-1-2-2	1-3-3-1-1-3-1-3-1-3-1-1	1-1-1-4-1-3-3-3-1-1-3-1	1-1-1-1-1-1-3-1-1-1-3-1	2-1-1-1-1-2-3-1-3-3-1-1	1-1-1-1-0-1-1-0-2-2-0-3	1-0-0-1-3-0-2-1-2-3-1-0	2-0-0-1-0-1-2-3-0-3-1-0	1-2-1-1-3-3-1-1-2-1-0-3	1-1-9-1-2-1-3-0-1-1-1-0	2-2-3-0-1-1-1-1-2-1-1-2	0-1-1-1-1-2-1-1-1-0-1-2
702	3	5-2-3-3-3-2-3-3-3-3-3-4	4-2-2-3-2-3-4-5-1-2-4-4	1-4-4-6-5-4-4-4-1-4-2-4	4-1-4-6-5-5-2-6-3-1-4-1	5-2-1-7-1-4-4-4-3-2-5-5	4-1-4-6-3-5-4-6-2-0-0-5	4-5-2-1-4-0-2-7-3-3-4-4	2-7-4-4-3-1-6-6-3-2-1-0	3-1-1-4-6-4-1-4-8-3-4-2	1-4-0-4-4-5-4-0-4-5-5-5	4-6-2-0-0-3-1-1-2-4-4-6	0-4-3-1-3-3-4-1-3-4-4-6
702	4	4-4-3-2-3-4-4-4-3-4-3-5	3-5-4-3-5-3-3-5-5-3-3-5	3-3-3-3-3-6-5-3-5-3-5-3	3-5-3-3-3-3-5-3-5-4-5-1	3-1-1-3-1-5-5-3-4-4-3-3	3-1-5-5-4-3-5-4-4-4-7-4	3-3-4-1-3-4-3-3-6-5-3-3	8-6-3-5-3-1-7-0-3-8-1-0	0-2-3-3-4-3-1-3-5-4-3-5	3-3-2-3-3-4-3-4-5-1-3-6	3-5-1-4-10-3-5-1-1-3-3-2	0-3-3-1-1-9-3-4-9-5-3-7
702	5	4-5-6-3-6-4-5-4-5-5-5-6	3-6-6-3-4-6-3-6-6-5-6-4	6-3-4-3-3-6-6-3-6-3-6-4	3-6-6-3-3-3-6-3-6-6-4-1	3-1-1-6-5-4-6-5-6-5-3-3	3-3-4-4-6-3-6-4-5-5-7-3	3-6-6-1-3-5-6-6-5-4-3-7	6-3-4-4-3-1-10-3-3-6-1-5	7-1-6-3-4-6-1-3-10-10-5-4	4-3-2-8-6-3-3-7-4-5-3-3	5-6-5-5-6-3-4-1-1-3-3-3	8-3-3-1-6-3-3-1-4-4-5-7
702	6	6-6-7-7-5-6-6-10-7-6-6-11	7-5-5-3-6-5-7-6-7-7-9-7	7-7-7-8-7-7-7-7-5-7-5-6	7-7-5-3-7-7-5-7-5-5-3-1	3-7-7-5-9-4-7-7-5-6-6-7	7-7-5-3-5-7-7-7-5-0-0-6	9-5-5-10-7-6-5-5-6-3-9-7	5-3-7-7-3-9-3-7-7-5-7-6	0-7-11-7-3-5-7-7-7-7-7-5	7-6-6-11-5-7-7-5-7-9-10-6	7-5-2-5-5-6-6-10-7-4-7-3	7-7-6-9-7-6-6-6-6-7-7-3
702	7	7-7-6-6-7-7-6-7-6-6-6-6	6-8-7-6-9-5-6-6-6-7-6-6	6-6-6-3-3-6-6-9-9-8-8-8	6-6-6-7-6-6-10-6-8-5-8-1	3-6-6-5-6-7-6-6-8-8-3-6	6-6-5-5-5-6-6-6-7-7-4-7	6-7-8-1-6-6-8-6-7-8-5-6	7-3-6-6-3-6-5-6-6-7-6-8	8-6-6-6-4-10-6-6-9-6-6-7	6-8-11-8-3-6-6-8-6-6-8-8	6-11-8-5-8-8-6-8-6-3-8-7	6-6-6-6-7-8-8-6-3-6-8-8
702	8	9-8-9-8-9-9-11-8-9-9-9-9	9-7-7-9-10-9-9-8-9-9-9-9	8-9-10-9-9-9-9-9-9-9-9-9	9-6-6-9-10-10-9-9-7-8-10-6	10-6-6-10-9-7-9-9-7-7-10-10	8-9-9-11-8-9-9-8-5-8-4-9	10-9-7-4-9-8-7-9-8-11-10-9	7-9-7-9-10-11-11-10-11-5-9-8	7-1-6-9-10-9-4-9-7-9-9-5	6-9-8-7-9-11-9-7-9-6-9-10	7-9-7-5-7-9-9-7-10-9-7-8	7-9-9-9-9-8-7-6-8-9-7-7
702	9	8-8-8-8-8-8-8-8-8-8-8-8	8-7-8-8-7-8-8-8-8-8-8-8	8-8-8-8-8-8-10-10-8-8-10-8	8-9-6-8-8-8-10-8-10-10-9-1	8-6-6-8-6-10-10-8-9-9-8-8	8-8-8-7-9-6-8-4-10-9-4-8	6-8-10-1-8-9-10-8-9-9-8-8	9-8-6-8-8-6-5-8-6-9-8-9	8-1-7-8-6-8-6-8-9-8-8-5	6-8-9-10-8-8-8-5-8-6-8-8	6-10-8-10-10-8-6-10-6-8-9-9	6-8-8-6-11-4-8-6-10-10-10-10
702	10	8-11-8-8-8-11-8-8-8-8-8-8	8-9-8-8-8-8-8-9-8-8-11-8	8-8-8-8-8-10-9-9-8-8-9-8	8-10-10-8-8-8-11-8-9-9-9-1	8-6-6-8-10-9-9-8-10-10-8-8	8-9-8-11-10-6-9-8-9-9-0-8	8-7-9-6-9-10-9-9-10-9-8-8	10-8-8-8-8-10-5-8-6-5-9-10	10-10-11-8-8-8-10-8-5-5-8-5	6-10-10-9-9-6-7-4-11-6-10-10	9-10-9-9-9-10-10-10-8-10-10-10	6-8-6-10-9-10-7-6-11-9-9-9
702	11	11-8-8-8-11-10-8-11-8-8-8-8	8-11-11-8-11-11-10-8-8-11-10-8	11-10-11-8-11-11-10-9-10-11-11-11	10-11-8-11-11-11-10-11-9-11-11-1	8-6-11-11-11-9-10-11-9-11-8-11	11-11-11-8-11-11-11-11-11-11-11-11	6-11-11-10-10-10-9-8-11-11-6-8	11-9-3-10-11-8-8-8-8-11-6-9	8-11-10-10-8-11-11-8-11-8-8-0	10-11-11-11-11-8-11-11-10-11-11-11	11-11-2-5-10-10-10-7-11-10-11-11	6-8-10-11-9-11-11-6-11-11-8-11
703	0	0-0-0-0-0-0-0-0-0-0-0-0	0-0-0-0-0-0-0-0-0-0-0-0	0-0-0-0-0-0-0-0-0-0-0-0	0-0-0-0-0-0-0-0-0-0-0-0	0-0-0-0-0-0-0-0-0-0-0-0	0-0-0-0-0-0-0-0-0-0-0-0	0-0-0-0-0-0-0-0-0-0-0-0	0-0-0-0-0-0-0-0-0-0-0-0	0-0-0-0-0-0-0-0-0-0-0-0	0-0-0-0-0-0-0-0-0-0-0-0	0-0-0-0-0-0-0-0-0-0-0-0	0-0-0-0-0-0-0-0-0-0-0-0
703	1	1-1-1-1-1-1-1-1-1-1-1-1	1-2-1-2-2-2-2-1-2-1-2-2	1-2-2-2-2-2-1-2-2-2-2-1	2-1-2-1-1-0-1-2-1-2-1-1	2-1-1-2-1-1-1-1-1-2-5-1	1-2-2-1-2-2-1-2-1-1-1-2	1-1-1-1-2-1-1-1-1-1-1-1	1-1-1-1-1-4-1-1-1-1-0-1	1-1-2-0-2-5-1-2-3-2-1-2	2-1-2-2-2-1-2-1-0-1-2-1	1-5-3-1-1-2-1-1-2-1-2-1	2-1-1-1-1-5-1-2-1-1-1-1
703	2	3-2-3-2-1-1-1-2-1-3-1-2	3-1-1-3-1-1-3-2-1-1-3-1	2-3-3-1-4-1-3-3-1-3-1-2	3-3-1-2-3-3-1-8-1-1-3-2	4-1-4-2-3-2-3-3-1-1-1-4	4-4-3-3-1-3-3-5-1-2-0-3	3-5-1-1-3-1-3-3-1-1-5-3	1-5-5-3-5-1-1-3-5-1-5-2	6-0-1-5-5-2-1-3-1-4-5-1	3-5-1-1-3-5-3-1-3-1-1-5	1-1-1-1-3-1-1-1-1-3-1-2	1-4-4-2-1-1-3-1-6-3-6-2
703	3	2-3-2-2-2-1-2-1-1-2-2-2	2-5-3-2-1-1-2-4-2-2-2-2	1-2-2-2-2-1-4-4-2-2-4-3	2-3-3-2-2-2-5-2-4-3-2-0	2-0-2-2-2-4-4-2-4-3-1-2	2-2-2-2-3-2-4-2-3-3-3-2	2-2-1-4-2-3-4-2-1-3-2-2	3-2-4-4-2-1-8-2-2-3-2-0	4-0-1-2-3-1-6-2-1-3-2-4	2-4-3-5-2-2-5-7-4-3-5-2	0-2-1-1-4-2-0-4-0-2-1-2	0-2-2-2-4-1-2-0-7-4-4-4
703	4	2-4-2-2-5-1-4-1-1-2-2-2	2-3-5-2-1-1-2-3-2-2-2-3	1-4-2-2-2-1-3-5-1-6-5-4	2-3-5-2-2-2-5-2-3-6-3-0	2-0-2-4-2-3-5-3-3-1-1-2	2-2-3-2-4-2-5-2-4-4-4-2	2-2-5-3-5-4-5-5-4-1-2-2	8-2-3-3-2-1-5-2-2-4-2-9	4-0-6-2-4-1-4-2-8-2-3-3	2-2-1-5-2-2-2-4-3-4-5-2	4-7-1-3-3-5-0-6-6-2-1-4	6-2-2-4-3-4-2-1-1-8-3-7
703	5	5-2-2-2-4-1-4-5-2-7-2-2	2-3-4-2-1-1-6-6-6-7-7-4	6-6-6-5-2-6-4-4-6-4-4-5	6-6-4-6-2-2-3-2-4-6-2-8	2-7-8-4-6-3-6-5-4-8-1-5	5-8-4-2-4-2-4-2-4-4-3-2	8-2-4-7-4-5-4-4-1-1-2-4	1-2-8-3-2-5-4-2-2-6-2-0	8-0-5-2-2-1-5-2-4-5-2-6	9-2-6-6-4-2-3-3-7-6-7-2	5-7-1-1-5-9-8-8-8-5-7-5	4-2-5-8-5-1-7-6-2-4-2-2
703	6	7-6-9-6-6-6-6-6-6-2-6-9	2-4-4-6-1-6-5-7-7-1-7-7	5-7-5-9-8-5-7-7-7-7-6-7	7-5-5-7-8-8-5-6-7-5-7-5	8-5-7-8-5-6-7-7-6-7-8-7	7-7-7-2-4-9-7-8-4-3-3-7	6-8-5-5-7-6-4-7-6-6-8-6	1-8-6-7-8-1-4-8-8-5-8-0	9-0-5-7-6-8-3-8-4-6-8-5	6-8-5-5-6-7-7-3-7-5-8-2	2-5-2-6-9-5-1-5-6-5-5-6	4-8-6-5-6-5-5-5-2-2-2-6
703	7	6-9-6-9-6-7-7-9-7-5-6-6	8-8-8-6-8-8-5-6-6-5-6-6	6-6-6-6-6-6-8-6-6-6-8-6	6-5-5-6-6-6-8-6-6-7-6-5	6-5-5-4-5-8-8-6-7-6-6-6	6-6-6-8-4-5-6-6-4-7-0-6	5-6-4-5-6-7-8-8-7-7-0-6	4-6-5-6-6-7-8-6-6-7-0-0	5-0-8-6-5-7-0-6-7-4-6-5	1-0-9-5-8-6-6-3-6-8-5-8	8-5-1-1-0-5-9-5-9-5-5-7	8-6-6-5-5-1-5-0-8-4-3-8
703	8	6-7-6-6-8-9-9-9-9-8-6-9	7-7-7-6-8-7-9-6-9-9-6-6	5-9-6-6-6-5-7-8-9-8-7-6	6-5-5-6-6-6-9-2-7-7-7-5	6-5-5-6-5-7-9-6-8-5-6-6	6-6-6-9-8-9-7-6-8-8-4-6	5-9-1-5-6-8-9-7-8-7-6-6	8-6-5-9-6-8-9-6-6-8-6-8	5-8-7-6-6-6-5-6-9-8-6-5	6-6-5-9-7-6-6-4-9-5-5-7	7-8-1-8-9-1-5-5-5-6-7-6	7-6-9-5-8-8-6-0-7-4-7-7
703	9	9-7-6-6-9-8-8-9-8-5-6-8	8-7-9-6-9-9-8-9-9-9-6-8	9-8-9-6-8-9-8-8-9-9-8-9	8-9-9-9-9-9-8-9-8-9-9-8	6-5-9-9-9-9-8-9-9-9-2-9	9-9-6-8-9-8-8-9-9-9-9-8	5-9-9-5-6-9-8-8-9-9-6-6	9-7-7-8-9-6-8-6-6-5-9-9	6-8-9-8-6-9-9-6-8-3-7-5	5-9-7-9-9-6-9-3-8-9-7-9	7-9-8-8-3-5-7-5-7-9-9-9	9-8-8-5-8-9-9-9-9-9-7-1
704	0	0-0-0-0-0-0-0-0-0-0-0-0	0-0-0-0-0-0-0-0-0-0-0-0	0-0-0-0-0-0-0-0-0-0-0-0	0-0-0-0-0-0-0-0-0-0-0-0	0-0-0-0-0-0-0-0-0-0-0-0	0-0-0-0-0-0-0-0-0-0-0-0	0-0-0-0-0-0-0-0-0-0-0-0	0-0-0-0-0-0-0-0-0-0-0-0	0-0-0-0-0-0-0-0-0-0-0-0	0-0-0-0-0-0-0-0-0-0-0-0	0-0-0-0-0-0-0-0-0-0-0-0	0-0-0-0-0-0-0-0-0-0-0-0
704	1	1-1-1-3-1-0-1-3-1-1-1-3	2-0-0-2-0-1-1-2-0-1-2-2	0-2-3-0-2-0-2-0-0-1-2-2	2-2-1-3-2-2-0-3-2-2-3-1	3-1-3-2-0-0-2-2-0-0-3-2	2-2-3-1-0-1-2-0-0-0-0-0	0-1-0-1-0-0-0-2-1-0-0-0	0-2-0-2-0-0-0-3-1-0-1-0	0-1-0-2-1-1-1-2-0-1-1-2	2-2-0-0-0-0-2-1-2-0-0-0	1-0-1-0-2-1-1-1-1-1-2-1	1-2-1-1-0-1-2-1-1-1-1-1
704	2	2-2-2-2-2-2-2-2-2-2-2-2	1-3-3-1-0-2-1-1-3-1-1-1	4-1-1-3-1-5-3-3-0-4-3-1	1-1-2-1-1-1-3-1-1-1-0-1	0-2-0-1-0-3-3-1-3-2-1-1	1-1-1-5-2-1-3-0-2-2-5-2	0-1-8-2-0-2-3-1-5-4-2-0	6-1-0-1-0-0-4-5-1-0-1-2	2-0-0-1-2-1-1-1-0-2-4-1	1-1-0-2-3-0-1-2-1-0-0-2	2-3-7-3-1-3-1-0-0-1-1-1	1-1-1-2-0-2-1-2-1-2-2-2
704	3	3-3-3-5-2-2-2-3-3-3-3-5	1-2-2-1-0-3-4-1-4-4-4-4	5-4-4-3-1-4-2-2-4-2-2-4	4-5-5-1-1-4-2-7-1-1-4-6	1-3-6-1-4-2-4-3-2-3-1-1	3-6-1-2-2-1-2-0-0-0-0-3	3-1-0-5-0-3-2-2-0-2-1-4	2-0-5-3-0-4-2-1-3-3-3-2	3-3-4-1-1-0-3-3-2-3-4-4	3-3-6-4-2-0-1-2-3-4-5-4	5-3-4-2-5-9-0-5-5-1-4-4	5-1-3-5-3-1-3-3-1-2-3-2
704	4	3-3-3-2-2-4-4-4-4-4-4-4	5-2-2-5-0-5-3-6-5-3-5-5	3-3-3-6-5-3-5-3-3-6-2-5	5-3-4-5-5-5-5-6-4-3-4-3	4-3-3-1-3-4-5-5-3-4-1-1	6-3-5-1-4-6-5-4-7-0-0-6	5-4-0-3-5-4-4-5-0-4-5-5	0-6-6-5-4-3-9-9-4-4-8-5	4-3-3-6-6-3-3-5-0-4-6-3	6-6-1-3-5-4-0-2-5-3-3-6	2-4-3-4-3-5-3-3-4-5-3-3	3-6-3-3-6-4-5-3-4-4-4-6
704	5	5-6-5-3-5-5-4-5-5-3-4-3	4-7-6-4-8-6-3-6-4-5-4-6	3-4-4-3-4-7-6-7-6-4-6-4	4-3-3-4-4-4-8-4-6-6-6-3	4-3-3-1-5-4-6-4-6-6-1-1	4-3-6-2-5-4-6-5-8-5-8-5	4-4-5-3-4-5-6-4-5-5-4-4	7-9-4-4-4-3-6-5-4-5-7-4	5-3-3-4-2-3-3-4-8-5-7-6	3-4-5-5-4-4-5-8-4-4-3-6	3-7-9-7-3-8-9-3-3-4-4-2	3-4-3-3-9-5-4-3-7-4-7-7
704	6	6-5-7-7-5-6-4-7-7-6-6-7	4-5-5-7-7-5-6-5-7-5-7-7	7-7-8-3-6-3-5-8-6-7-5-6	7-6-7-7-4-4-7-4-5-3-5-3	4-7-3-8-7-4-7-6-7-5-6-6	4-3-5-6-8-4-5-5-5-5-5-4	7-4-5-3-6-7-5-6-0-6-7-4	2-4-4-4-4-3-5-4-4-6-7-7	7-7-7-4-4-6-7-7-5-6-4-5	7-7-3-9-7-4-0-5-7-7-7-4	7-5-7-5-3-7-7-3-7-4-3-3	6-4-6-7-7-7-4-6-6-7-5-4
704	7	8-9-7-9-5-7-9-6-6-7-6-6	8-5-5-6-8-6-8-8-6-8-6-6	6-6-3-9-8-9-8-5-8-6-5-8	6-3-6-6-8-8-6-3-8-8-8-3	4-6-3-6-6-4-8-8-6-7-8-8	8-9-5-9-5-8-8-8-5-5-5-8	6-8-7-3-9-6-5-8-7-5-8-8	5-8-9-8-8-3-5-8-4-6-6-6	6-6-6-8-9-8-6-6-5-8-8-7	6-6-5-9-8-8-0-5-6-6-6-8	6-8-2-5-3-6-6-3-6-4-3-3	3-7-6-6-6-6-7-6-8-8-8-5
704	8	7-9-7-7-5-9-7-9-9-8-7-6	7-5-5-7-7-9-7-7-9-8-7-7	3-7-6-7-7-8-7-6-7-7-8-7	7-8-8-7-7-7-9-7-7-8-7-3	7-6-3-6-8-8-7-7-8-8-9-7	7-9-5-9-6-7-7-7-5-8-5-7	3-7-2-8-8-8-5-7-8-8-7-7	8-7-4-7-7-9-5-7-8-6-4-6	8-8-8-7-7-8-8-6-5-7-7-5	8-7-0-5-7-7-0-5-9-6-8-7	6-7-2-5-9-9-6-3-8-4-8-8	9-7-8-8-8-4-8-6-7-7-7-7
704	9	9-8-7-7-9-8-7-9-8-8-9-9	7-9-9-4-9-8-7-9-9-9-8-6	9-9-9-7-9-7-8-8-8-9-7-9	7-9-8-9-9-9-8-9-4-9-7-3	7-6-9-9-9-9-8-9-9-9-8-9	8-7-9-7-9-6-7-9-9-9-9-9	6-9-9-8-7-9-9-7-9-9-8-7	9-9-7-8-9-8-7-7-4-6-8-8	3-9-9-9-7-9-9-6-9-5-7-7	3-6-9-9-9-7-9-8-9-9-9-9	5-9-5-5-8-8-5-6-6-9-9-9	8-8-6-0-5-9-9-6-9-9-7-9
705	0	0-0-0-0-0-0-0-0-0-0-0-0	0-0-0-0-0-0-0-0-0-0-0-0	0-0-0-0-0-0-0-0-0-0-0-0	0-0-0-0-0-0-0-0-0-0-0-0	0-0-0-0-0-0-0-0-0-0-0-0	0-0-0-0-0-0-0-0-0-0-0-0	0-0-0-0-0-0-0-0-0-0-0-0	0-0-0-0-0-0-0-0-0-0-0-0	0-0-0-0-0-0-0-0-0-0-0-0	0-0-0-0-0-0-0-0-0-0-0-0	0-0-0-0-0-0-0-0-0-0-0-0	0-0-0-0-0-0-0-0-0-0-0-0
705	1	1-1-1-1-1-1-1-1-1-1-1-1	0-0-1-0-0-0-0-2-1-1-0-0	0-0-0-1-0-0-2-0-3-0-2-0	0-0-1-0-0-0-0-1-2-1-2-0	0-0-0-0-0-2-2-0-1-0-0-0	0-0-0-0-0-0-2-0-2-1-0-0	2-1-1-0-0-1-0-0-1-1-0-0	1-1-0-0-1-0-2-0-0-1-0-0	1-0-0-0-0-0-0-0-4-0-0-0	0-0-1-0-0-0-0-1-0-0-0-0	0-1-1-0-0-0-0-0-0-0-0-0	1-1-0-1-0-1-0-0-0-1-1-0
705	2	2-2-2-1-1-2-2-1-2-2-2-2	3-2-1-3-0-2-4-1-3-2-3-3	0-3-0-4-3-3-3-3-1-3-1-3	3-7-2-3-4-4-0-2-3-1-1-2	4-0-3-4-4-1-3-3-3-0-5-4	3-4-2-2-2-3-3-0-1-2-0-3	1-1-1-0-3-4-3-3-2-2-3-3	1-4-5-3-5-0-1-2-2-0-0-0	0-0-3-5-5-3-0-3-0-2-2-2	0-5-0-0-3-4-3-1-3-0-0-5	0-5-3-2-0-2-0-0-0-3-3-2	0-3-2-2-0-2-2-0-0-0-2-5
705	3	3-3-3-3-3-3-3-3-2-3-3-3	2-7-3-2-4-3-2-4-2-2-2-4	0-2-4-2-2-2-4-2-1-2-4-2	2-2-4-2-2-2-7-2-4-5-4-0	3-0-2-2-3-4-4-2-2-3-6-2	2-2-4-3-3-2-4-3-1-3-7-4	6-5-3-6-2-3-3-4-3-4-2-2	3-5-0-4-2-0-5-0-2-3-5-0	0-0-4-2-3-2-0-4-4-3-2-4	0-4-3-4-4-2-5-3-4-3-0-2	4-3-4-5-4-3-4-6-5-2-2-2	1-4-2-4-4-5-4-0-0-4-3-7
705	4	4-4-5-4-3-3-4-4-4-3-4-2	2-5-5-2-3-4-2-3-3-2-2-3	6-2-3-2-2-5-5-5-3-5-5-3	2-5-5-2-2-2-5-2-5-7-3-2	2-0-2-5-2-3-5-4-5-0-2-2	2-2-3-3-4-2-5-2-4-4-5-3	3-1-5-5-5-4-5-5-4-3-5-2	4-2-0-3-2-0-8-0-2-4-0-0	6-0-5-2-4-6-4-5-5-8-2-3	0-5-4-3-5-2-5-5-3-4-5-2	3-4-3-3-3-0-3-0-0-2-2-2	4-3-2-4-3-4-3-0-4-3-2-4
705	5	5-5-5-6-4-5-4-6-5-5-6-5	5-4-4-6-4-5-5-6-6-2-6-6	8-6-6-6-6-6-6-4-6-4-4-5	6-4-4-2-2-2-4-2-4-6-4-8	2-5-6-4-6-3-4-2-4-9-2-2	3-7-3-2-6-5-4-0-4-4-4-6	5-5-4-5-4-5-4-4-4-3-4-2	3-3-8-3-2-6-3-2-5-5-5-0	5-8-4-2-2-5-7-6-4-5-2-6	6-4-5-6-4-2-4-4-7-5-4-2	3-2-6-3-5-9-5-8-3-6-6-5	8-3-5-6-6-5-2-8-5-8-5-2
705	6	6-4-7-6-8-8-7-7-7-7-7-6	7-4-4-7-7-8-6-5-6-7-7-7	8-5-7-7-7-7-7-7-7-7-7-6	7-6-6-8-7-6-8-8-7-5-7-5	7-6-5-8-7-6-7-7-7-7-8-7	9-7-7-7-5-9-7-7-7-3-4-7	9-5-6-7-6-7-6-7-7-3-3-7	7-7-7-6-6-5-3-6-6-5-7-6	7-6-9-7-8-7-5-6-8-5-2-5	6-4-5-5-7-7-7-8-5-7-4-6	6-9-7-6-5-5-8-3-9-5-7-8	5-5-6-5-7-6-7-6-6-9-4-6
705	7	9-7-6-9-3-6-6-6-6-6-6-6	6-4-6-6-6-6-8-6-8-6-8-6	5-8-8-6-8-6-8-6-6-6-6-8	8-8-6-6-8-8-6-8-6-4-8-5	8-6-7-4-6-8-8-8-6-6-6-8	8-8-8-6-5-6-8-8-6-3-4-6	9-7-4-6-6-7-3-8-6-3-8-6	6-8-6-8-8-5-9-8-8-6-6-6	6-5-5-8-9-6-5-6-6-4-8-5	8-8-6-5-8-9-8-4-5-6-8-8	8-6-6-3-9-5-0-9-8-8-6-8	5-8-5-5-6-6-8-0-7-7-7-4
705	8	6-9-6-7-6-9-6-6-6-6-7-9	7-4-6-6-8-6-7-7-7-6-7-7	5-7-7-7-7-6-7-8-7-7-8-7	7-8-8-6-7-7-9-6-6-4-7-5	7-6-5-6-8-7-9-7-8-6-6-7	7-7-7-9-8-6-7-7-8-8-4-8	9-7-4-6-7-8-8-7-8-3-7-6	8-7-5-7-7-8-3-7-7-6-7-0	8-8-6-7-6-7-5-8-4-4-7-3	7-7-5-6-7-7-7-9-9-6-7-7	7-8-9-8-8-6-6-5-7-7-6-7	5-9-5-7-7-6-7-5-7-5-7-3
705	9	9-8-7-7-9-8-6-9-6-6-6-8	6-9-9-7-9-6-7-7-9-9-7-8	9-9-9-6-9-9-9-8-9-9-8-9	8-9-9-9-9-9-8-9-8-9-9-8	6-6-9-9-9-8-8-9-9-9-6-9	6-9-9-8-9-6-8-9-9-9-9-8	7-9-9-6-8-9-9-8-9-9-6-6	9-9-9-8-9-9-7-7-7-5-6-6	6-9-9-9-7-9-9-5-9-9-7-9	7-9-9-9-9-7-9-8-8-9-8-9	7-6-8-8-7-5-6-7-6-9-9-9	9-8-8-9-6-9-9-6-9-9-7-9
706	0	0-0-0-0-0-0-0-0-0-0-0-0	0-0-0-0-0-0-0-0-0-0-0-0	0-0-0-0-0-0-0-0-0-0-0-0	0-0-0-0-0-0-0-0-0-0-0-0	0-0-0-0-0-0-0-0-0-0-0-0	0-0-0-0-0-0-0-0-0-0-0-0	0-0-0-0-0-0-0-0-0-0-0-0	0-0-0-0-0-0-0-0-0-0-0-0	0-0-0-0-0-0-0-0-0-0-0-0	0-0-0-0-0-0-0-0-0-0-0-0	0-0-0-0-0-0-0-0-0-0-0-0	0-0-0-0-0-0-0-0-0-0-0-0
706	1	1-1-1-1-1-1-1-1-1-1-1-1	1-2-1-0-0-1-0-1-1-1-0-1	1-0-0-0-2-0-2-0-0-0-2-2	0-0-2-0-2-0-0-0-2-0-2-1	0-0-0-0-0-2-0-0-2-1-0-0	4-0-0-0-0-0-2-0-1-1-4-0	4-1-1-0-0-1-0-2-1-0-4-0	1-1-0-0-1-0-0-1-0-1-0-0	4-0-2-0-0-0-4-2-0-1-0-0	0-1-0-2-2-0-0-1-0-0-0-0	4-0-4-0-1-0-0-1-2-1-2-1	0-1-1-1-1-1-1-0-4-1-0-5
706	2	2-2-3-3-2-1-3-2-3-2-2-3	3-1-1-3-3-3-3-2-3-3-2-3	2-3-3-4-3-3-3-4-4-3-3-3	3-1-1-3-5-3-3-5-1-1-3-2	5-0-3-5-3-1-3-3-1-1-2-3	2-3-5-3-2-4-3-4-1-2-0-3	3-4-1-0-3-0-3-3-2-2-6-3	6-5-4-3-5-3-1-5-3-2-5-2	1-0-3-3-4-2-1-3-3-5-4-2	4-3-2-1-3-4-3-3-3-3-3-4	3-4-8-4-5-2-2-1-1-3-3-1	0-3-2-3-1-3-3-0-7-6-3-4
706	3	2-3-2-2-2-3-2-3-2-2-2-2	2-4-4-2-2-2-2-4-2-2-2-2	2-2-2-2-2-2-4-5-4-4-4-2	2-3-4-2-2-2-4-2-4-4-4-2	2-0-2-2-2-5-4-2-4-3-2-2	2-2-2-2-3-2-4-2-3-3-3-2	2-2-3-4-2-3-4-2-3-3-2-2	3-2-2-2-2-2-4-2-2-5-6-3	3-0-2-2-3-2-3-2-4-3-2-5	6-2-3-4-2-0-2-7-2-3-4-2	2-3-1-5-8-0-2-3-4-2-2-3	6-2-2-2-3-7-2-0-3-2-2-6
706	4	2-5-2-3-2-2-4-2-4-2-5-5	5-3-3-6-5-5-5-5-5-2-6-6	7-5-6-2-4-5-5-5-3-3-3-4	5-5-6-2-2-2-3-2-3-3-3-8	2-8-2-2-5-3-5-5-3-4-2-4	5-2-3-5-5-5-3-2-1-3-1-2	8-2-3-6-5-5-3-5-3-0-1-3	3-2-2-2-2-5-3-2-6-4-5-5	7-5-7-2-2-5-6-5-3-2-2-3	5-5-4-3-2-2-3-3-5-5-5-2	5-2-1-2-3-5-5-7-5-2-2-4	5-2-5-5-6-2-2-5-1-5-2-2
706	5	4-5-2-5-6-3-5-5-4-4-4-4	4-6-6-4-4-7-4-4-4-2-4-4	4-4-4-2-2-4-4-7-3-6-6-4	4-4-5-2-2-4-7-2-6-7-6-4	2-4-6-2-4-6-4-4-6-5-2-2	4-2-2-4-4-4-6-2-5-5-3-5	2-6-3-5-4-4-7-4-5-5-5-2	5-2-2-2-2-4-6-2-4-3-4-4	4-4-5-2-3-4-4-4-5-2-2-3	4-4-3-6-5-5-2-3-4-4-4-2	4-5-6-3-2-4-4-4-4-2-5-5	4-2-4-5-4-3-2-4-0-4-2-7
706	6	7-6-7-7-5-7-8-7-8-8-6-7	8-5-5-7-7-7-7-7-7-7-7-7	6-7-7-7-7-8-7-5-7-7-7-6	7-5-4-7-7-7-7-7-7-5-7-6	7-6-7-7-4-5-7-5-5-6-7-7	7-7-7-7-7-8-5-7-5-3-3-6	7-5-6-5-5-4-5-6-5-5-7-7	5-7-8-7-7-8-8-7-4-3-7-6	8-4-5-7-7-6-4-7-7-7-7-7	8-4-6-5-7-8-7-3-8-4-7-7	4-5-7-5-3-5-4-4-4-6-7-7	8-7-6-3-4-3-7-4-2-4-6-7
706	7	6-8-6-6-6-6-6-6-6-6-6-8	6-5-5-6-6-6-6-6-6-6-6-6	4-6-6-6-6-7-6-5-6-6-6-6	6-7-7-6-6-6-8-6-6-5-6-4	6-4-6-6-7-6-8-7-7-7-6-6	6-6-6-6-7-6-6-6-7-7-3-7	6-6-3-7-8-7-5-6-7-5-6-6	5-6-6-6-6-7-6-6-8-4-6-7	7-7-7-6-6-6-4-6-6-6-6-6	8-7-7-3-6-6-6-3-8-4-6-2	4-7-6-3-3-8-4-4-6-7-6-6	5-6-7-7-4-7-6-4-2-4-2-5
706	8	8-7-6-6-8-6-6-8-6-6-6-7	6-5-8-6-8-8-6-6-6-8-6-7	8-7-6-6-8-6-7-7-7-8-8-8	6-8-8-8-8-8-7-6-8-8-6-4	6-4-8-6-8-8-7-8-8-8-2-6	6-8-8-7-8-6-8-8-8-8-8-8	4-8-8-8-7-8-8-8-8-8-6-8	8-8-6-7-8-7-6-6-7-8-6-6	6-8-8-7-6-8-8-7-8-6-6-6	7-4-8-5-8-6-6-7-7-8-5-8	5-5-8-6-3-7-4-4-4-7-8-8	8-7-8-8-8-8-8-8-8-8-2-8
707	0	0-0-0-0-0-0-0-0-0-0-0-0	0-0-0-0-0-0-0-0-0-0-0-0	0-0-0-0-0-0-0-0-0-0-0-0	0-0-0-0-0-0-0-0-0-0-0-0	0-0-0-0-0-0-0-0-0-0-0-0	0-0-0-0-0-0-0-0-0-0-0-0	0-0-0-0-0-0-0-0-0-0-0-0	0-0-0-0-0-0-0-0-0-0-0-0	0-0-0-0-0-0-0-0-0-0-0-0	0-0-0-0-0-0-0-0-0-0-0-0	0-0-0-0-0-0-0-0-0-0-0-0	0-0-0-0-0-0-0-0-0-0-0-0
707	1	1-1-1-1-1-1-1-1-1-0-1-1	2-0-1-1-1-1-0-2-0-1-2-0	0-2-0-2-2-3-2-2-0-1-2-2	2-2-0-2-2-3-0-2-1-1-1-0	1-0-1-2-3-1-2-2-1-3-3-2	2-0-1-0-1-1-2-1-1-1-1-3	1-1-1-0-2-1-1-2-1-1-6-2	1-1-1-1-1-1-2-1-1-0-0-3	1-0-0-2-6-1-0-5-0-1-1-1	5-2-0-0-2-1-0-1-2-0-0-1	0-1-0-1-0-1-0-1-0-1-1-0	0-2-1-1-0-2-2-0-1-1-1-1
707	2	2-2-2-2-2-2-2-2-2-2-2-2	1-3-2-1-2-2-1-3-3-1-1-3	2-1-1-1-1-1-3-3-0-1-3-1	1-3-3-1-1-1-2-1-3-3-3-0	1-0-4-1-1-3-3-1-2-2-1-1	1-3-3-3-2-1-3-1-2-2-2-2	3-1-2-2-1-2-2-1-2-2-1-1	2-0-1-3-1-2-4-5-1-2-0-4	2-0-3-1-2-1-3-1-3-2-1-2	0-1-2-2-1-5-3-2-3-2-3-1	3-1-0-2-3-4-0-2-0-1-1-3	0-1-1-3-4-1-3-0-1-4-2-8
707	3	3-3-1-3-4-3-4-3-3-3-3-3	1-4-4-1-5-4-1-4-4-3-1-4	2-3-1-1-1-1-4-5-4-1-4-4	1-2-4-1-1-1-4-1-2-2-4-0	1-0-5-3-5-2-4-3-4-1-1-1	4-4-2-2-3-1-4-1-3-3-4-1	4-1-3-4-1-5-4-4-3-2-1-3	3-3-4-2-3-2-7-4-1-3-4-1	3-0-4-1-3-4-2-1-9-8-3-4	0-1-3-4-2-3-2-3-2-4-4-1	2-2-7-7-2-10-0-3-4-2-2-2	7-1-1-2-3-4-2-0-3-3-5-3
707	4	5-3-5-6-3-3-3-4-5-4-4-4	5-3-3-5-3-3-5-3-3-5-5-5	2-5-6-1-5-1-3-6-3-5-3-3	5-5-3-5-5-5-5-6-5-6-3-4	7-4-4-5-6-2-5-5-4-8-7-6	5-5-6-4-3-4-5-1-3-4-3-5	3-5-3-3-1-2-3-5-4-2-1-8	3-5-3-5-3-2-2-6-5-3-3-3	3-0-3-5-1-3-3-1-3-4-1-3	10-5-3-5-5-3-5-3-5-5-3-1	2-1-7-2-2-2-0-5-3-4-5-4	5-5-4-4-2-5-4-0-5-2-1-1
707	5	4-5-4-4-5-5-5-5-4-5-5-4	4-5-6-4-3-4-4-6-4-5-4-4	0-4-4-4-4-1-6-3-6-6-6-3	4-4-5-4-4-4-6-4-4-4-3-4	5-4-3-4-3-6-6-4-6-4-4-4	4-4-4-5-3-1-6-1-6-5-6-5	6-4-3-3-8-3-8-4-5-2-1-4	3-4-1-4-1-4-3-9-4-5-6-1	3-0-3-4-3-4-3-1-10-5-1-5	1-4-3-4-1-2-4-6-4-4-3-1	6-7-8-5-6-5-0-4-0-4-4-5	3-4-10-4-4-4-1-0-4-4-6-3
707	6	6-6-6-7-6-5-6-6-6-6-6-10	7-3-5-4-8-7-7-8-7-5-7-7	7-7-7-7-7-7-7-7-7-7-5-7	7-7-7-4-7-7-5-4-4-4-7-9	1-6-1-4-7-5-7-7-5-4-4-4	7-7-4-7-7-4-5-7-5-5-5-6	7-4-2-7-7-9-3-7-8-5-1-1	6-4-9-7-1-7-3-4-7-3-5-0	8-7-3-7-1-8-7-7-3-7-1-8	7-7-6-7-7-2-5-5-7-7-7-1	5-1-5-5-5-10-9-7-8-7-8-8	9-4-7-7-7-4-7-6-6-7-5-1
707	7	8-8-7-6-8-7-7-7-6-6-7-6	6-8-7-4-6-6-6-7-6-6-6-6	6-6-6-6-6-6-8-6-6-8-8-6	6-6-6-4-6-6-8-4-8-4-8-6	4-8-7-4-6-8-6-6-7-6-4-6	6-6-4-6-6-4-8-7-7-7-3-7	6-4-3-6-6-7-5-6-7-7-10-7	7-4-1-6-1-6-7-6-6-3-3-10	6-6-5-6-7-4-6-6-3-6-7-4	6-6-7-6-6-1-4-3-6-6-6-1	8-5-3-3-8-7-0-6-10-6-4-5	9-4-6-6-9-7-10-0-4-6-4-7
707	8	9-7-10-10-7-8-10-8-6-8-8-9	6-7-7-9-9-9-6-8-9-5-9-9	6-9-6-9-9-9-9-7-9-9-7-9	9-9-6-9-9-9-7-9-9-4-9-8	9-10-8-4-6-9-9-9-8-4-4-9	9-6-9-8-3-4-9-8-7-3-2-9	10-4-7-8-9-6-5-9-6-7-9-8	8-8-9-9-9-6-10-10-9-3-9-0	6-0-10-9-9-6-6-8-3-3-9-6	9-9-8-7-9-10-9-3-6-6-9-8	9-1-5-3-10-8-6-8-9-9-6-9	7-9-6-6-9-4-9-6-8-1-9-2
707	9	8-10-8-8-8-10-10-8-10-8-8-10	6-7-7-8-9-8-8-8-8-5-8-8	6-8-9-8-8-6-8-9-8-8-9-8	8-9-9-8-8-8-10-8-8-7-8-10	8-6-7-6-10-8-10-8-9-9-8-8	8-8-8-10-9-4-8-8-9-9-3-10	8-1-3-6-8-6-10-8-9-5-8-8	9-8-6-8-8-6-7-8-8-3-8-9	9-6-9-8-8-8-7-8-3-3-8-3	8-8-3-3-8-8-8-10-10-6-8-1	8-9-3-9-8-9-6-6-8-8-6-8	7-10-10-6-8-4-8-6-8-6-8-2
707	10	10-9-8-8-10-9-9-10-9-9-8-9	9-7-10-8-10-10-6-8-10-10-8-9	10-10-10-10-9-10-10-9-6-10-9-10	9-10-10-10-10-10-9-10-9-10-10-9	8-8-10-10-10-9-9-10-10-10-4-4	9-8-10-9-10-4-9-10-10-10-10-9	8-10-10-10-9-10-10-9-10-10-7-10	10-10-8-9-10-10-8-8-1-6-6-10	8-10-10-10-1-10-10-6-5-3-8-4	6-10-10-10-10-8-10-9-9-10-3-10	7-1-7-9-8-6-9-8-10-10-10-10	10-9-9-6-8-10-10-10-10-10-8-10
708	0	0-0-0-0-0-0-0-0-0-0-0-0	0-0-0-0-0-0-0-0-0-0-0-0	0-0-0-0-0-0-0-0-0-0-0-0	0-0-0-0-0-0-0-0-0-0-0-0	0-0-0-0-0-0-0-0-0-0-0-0	0-0-0-0-0-0-0-0-0-0-0-0	0-0-0-0-0-0-0-0-0-0-0-0	0-0-0-0-0-0-0-0-0-0-0-0	0-0-0-0-0-0-0-0-0-0-0-0	0-0-0-0-0-0-0-0-0-0-0-0	0-0-0-0-0-0-0-0-0-0-0-0	0-0-0-0-0-0-0-0-0-0-0-0
708	1	1-1-1-3-1-1-1-1-1-2-2-2	2-2-1-1-2-2-1-2-3-2-2-2	1-2-1-3-2-2-2-2-2-2-2-2	2-1-2-2-1-0-2-2-1-2-1-1	2-1-1-2-4-1-2-1-1-1-2-1	2-2-2-2-2-2-1-2-2-1-4-2	1-2-1-1-2-1-0-2-1-2-1-4	1-1-4-1-1-2-2-1-1-1-0-1	1-1-1-0-2-0-1-1-2-1-1-8	4-1-1-1-1-1-2-2-0-1-0-1	1-1-4-2-2-1-1-4-4-1-2-1	3-1-1-1-1-1-1-1-4-1-1-6
708	2	1-1-1-2-1-1-1-1-1-1-1-1	1-1-1-2-1-1-3-1-1-1-1-1	1-4-3-6-1-1-3-1-1-1-1-1	3-0-1-1-5-3-1-6-1-1-2-1	5-0-3-5-0-2-3-3-1-1-1-2	1-4-3-2-1-1-3-1-1-1-1-4	3-1-1-0-3-2-0-3-1-1-3-3	1-5-4-3-3-1-8-8-3-1-3-0	2-0-0-3-4-3-1-3-1-2-5-1	8-3-2-1-3-2-3-1-3-1-5-5	1-4-1-1-1-4-0-0-1-3-1-1	1-3-2-1-0-2-3-1-2-2-2-1
708	3	1-3-1-1-1-1-1-1-1-1-1-1	1-4-4-2-1-1-2-5-4-1-2-2	0-2-2-1-1-1-4-6-4-1-4-2	2-3-4-3-2-2-1-2-3-4-4-0	1-0-2-2-0-3-4-2-4-1-1-2	1-2-4-2-3-2-4-1-3-3-7-3	2-1-4-0-2-3-4-2-3-1-2-2	3-2-0-2-2-4-6-2-2-4-2-1	2-0-6-2-3-2-4-2-4-3-2-4	2-2-3-5-2-2-2-1-2-1-2-2	1-1-3-4-1-1-0-0-1-2-2-3	1-2-2-1-1-1-2-3-1-2-2-1
708	4	5-3-1-4-1-1-4-7-1-1-4-5	4-3-3-5-1-1-5-3-5-1-5-5	7-5-7-2-4-7-5-5-5-5-3-4	5-6-3-4-2-5-5-5-3-3-3-5	1-5-4-4-5-3-5-5-3-4-4-8	5-2-3-4-6-8-3-2-3-1-1-2	5-1-3-6-5-1-5-5-3-1-6-1	6-3-6-3-3-3-3-2-2-4-5-7	6-6-3-2-2-4-5-2-3-5-3-3	6-6-6-8-2-2-3-3-5-5-6-2	6-2-6-1-5-6-5-6-6-6-5-4	6-2-5-6-6-6-2-6-6-7-3-1
708	5	4-7-1-8-5-5-5-5-5-1-5-4	4-7-5-4-4-6-4-3-4-4-4-4	4-4-6-4-2-6-6-4-7-4-6-6	4-4-4-4-2-4-4-2-6-7-6-4	2-4-2-2-4-5-6-4-6-6-6-2	4-1-3-5-3-4-6-6-6-5-1-5	4-6-7-4-4-5-4-4-5-1-2-7	5-2-1-3-2-4-3-2-2-7-4-4	5-4-5-2-5-5-4-2-6-4-2-6	4-2-5-6-2-2-3-1-4-4-4-2	4-6-4-6-4-4-4-4-4-2-4-4	4-8-4-5-4-1-2-4-4-4-5-1
708	6	6-5-8-7-5-6-5-4-6-7-7-6	7-5-5-4-6-5-6-7-4-7-4-7	2-7-5-7-7-8-7-7-7-7-5-7	7-4-6-6-7-7-7-2-5-5-7-4	7-4-7-7-4-7-7-7-5-7-5-2	5-7-7-6-4-4-5-5-5-6-0-8	7-5-5-4-5-7-4-7-5-1-4-7	4-7-4-7-7-1-3-7-7-4-4-4	4-4-7-7-7-0-4-8-5-6-7-5	4-7-4-5-7-4-7-6-4-4-7-6	4-5-4-5-4-4-4-4-4-7-1-6	4-7-6-4-4-4-6-4-7-4-7-1
708	7	8-8-1-6-5-8-8-8-8-7-7-8	8-5-5-4-7-1-6-6-8-6-8-8	4-6-4-6-6-6-6-6-5-6-6-6	6-7-7-6-6-6-8-2-6-5-6-8	6-4-6-6-4-6-8-6-7-6-6-2	4-6-6-8-7-2-6-6-7-7-1-7	6-5-5-7-8-6-7-8-7-1-6-5	7-6-4-6-6-7-3-6-6-5-6-4	7-7-6-6-6-0-6-5-1-7-6-5	4-6-7-0-6-6-6-8-4-6-6-6	4-7-4-5-1-4-4-4-6-6-7-6	4-6-7-7-6-1-6-4-6-4-6-1
708	8	8-7-6-5-8-7-7-8-7-6-8-7	7-5-8-6-8-8-6-8-8-8-6-7	8-8-8-7-8-8-8-5-8-8-7-8	7-8-8-6-8-8-7-8-8-8-6-7	8-4-8-8-8-8-7-8-8-8-6-8	8-8-8-6-8-4-8-8-8-8-8-7	7-8-8-8-7-8-8-8-8-8-8-6	8-8-8-7-8-8-2-2-6-6-4-4	7-6-8-8-6-8-8-6-8-8-6-1	7-4-8-8-8-2-8-8-7-8-6-8	4-5-4-7-5-7-4-4-4-8-8-8	4-5-7-5-4-8-8-4-8-8-2-1
709	0	0-0-0-0-0-0-0-0-0-0-0-0	0-0-0-0-0-0-0-0-0-0-0-0	0-0-0-0-0-0-0-0-0-0-0-0	0-0-0-0-0-0-0-0-0-0-0-0	0-0-0-0-0-0-0-0-0-0-0-0	0-0-0-0-0-0-0-0-0-0-0-0	0-0-0-0-0-0-0-0-0-0-0-0	0-0-0-0-0-0-0-0-0-0-0-0	0-0-0-0-0-0-0-0-0-0-0-0	0-0-0-0-0-0-0-0-0-0-0-0	0-0-0-0-0-0-0-0-0-0-0-0	0-0-0-0-0-0-0-0-0-0-0-0
709	1	1-1-1-1-1-1-1-1-1-1-1-1	1-1-1-2-0-1-1-0-0-1-0-1	3-1-0-1-0-2-0-0-0-0-0-0	1-3-0-0-0-1-0-5-0-0-0-1	1-1-1-0-1-0-0-1-1-1-0-0	0-7-0-0-1-0-1-0-0-1-0-1	1-0-1-1-1-0-0-0-0-0-1-0	1-1-0-1-1-1-0-0-1-1-1-1	1-1-1-2-0-0-1-2-1-1-0-2	1-1-0-0-1-0-0-0-2-1-4-0	0-1-1-0-0-2-3-1-0-0-0-0	1-0-1-1-1-1-1-1-1-0-1-0
709	2	3-2-3-4-3-3-3-3-3-3-3-3	4-3-2-1-5-3-2-3-3-3-3-3	2-3-4-3-3-3-3-3-5-3-4-3	3-2-3-3-3-3-3-4-3-3-3-2	3-3-2-3-5-2-3-2-3-3-5-2	3-1-3-5-3-3-3-3-3-2-3-2	2-2-2-2-1-2-2-3-3-3-2-3	2-2-2-1-3-1-2-3-2-2-4-4	2-1-2-2-3-2-3-3-3-2-2-3	2-2-2-2-2-4-2-2-1-3-2-3	2-4-2-3-4-3-4-2-3-2-3-2	5-2-2-2-1-3-2-3-2-2-5-6
709	3	2-2-2-2-2-2-2-2-2-2-2-2	2-2-2-5-2-2-2-2-2-2-4-2	1-5-2-2-4-2-4-2-2-2-4-4	4-1-2-2-4-4-2-2-2-2-2-2	2-2-2-7-2-4-4-4-2-2-0-4	2-5-2-3-2-2-4-2-2-2-6-4	5-4-2-2-4-3-2-4-2-2-3-2	2-3-4-4-4-1-9-7-9-2-2-2	2-1-4-4-5-2-2-4-2-2-3-2	3-6-2-2-4-5-2-2-4-2-2-5	4-2-2-2-2-2-2-2-2-3-2-5	2-5-3-1-1-2-5-2-0-3-3-5
709	4	2-5-2-2-2-2-2-2-2-2-2-2	2-5-4-1-2-2-2-2-2-2-3-2	2-3-2-2-3-2-5-2-2-2-5-3	3-4-2-3-3-3-2-2-5-4-5-1	4-2-1-4-3-5-5-3-5-2-2-3	2-1-2-2-4-3-5-2-4-4-7-4	1-3-2-1-3-4-7-3-0-2-3-3	2-4-3-3-3-1-7-3-1-5-2-2	2-2-3-3-4-2-1-3-2-4-3-4	1-2-4-2-5-2-2-4-3-2-2-3	3-2-2-4-2-2-2-4-2-3-2-4	2-3-1-1-4-2-3-2-7-7-4-7
709	5	6-4-5-6-4-2-5-3-2-2-5-6	2-4-4-6-2-2-5-5-6-2-6-6	5-6-7-3-5-6-4-6-2-3-4-4	5-5-6-3-3-6-2-1-4-6-4-1	2-5-1-4-7-4-4-6-4-2-2-5	2-3-4-5-2-8-4-2-4-5-0-3	3-3-4-1-5-2-4-6-0-2-7-2	2-3-4-4-4-6-4-3-5-4-5-8	7-5-2-3-3-5-5-7-2-1-3-4	7-7-4-2-4-3-2-2-6-7-7-3	7-2-2-6-5-7-7-7-7-2-2-3	2-3-5-1-7-7-3-5-7-4-5-3
709	6	7-6-7-5-7-7-8-7-7-7-8-7	7-7-7-5-8-7-7-7-7-7-5-7	6-7-7-7-7-7-7-7-7-7-7-7	7-6-7-6-3-7-7-6-7-8-7-5	8-5-6-8-6-6-7-6-7-6-8-6	6-6-7-6-7-7-7-7-8-6-3-6	7-7-6-6-7-6-4-7-6-8-9-9	6-3-3-4-6-5-6-6-6-9-5-5	6-5-7-6-8-6-7-5-7-9-3-7	6-3-8-7-4-8-7-6-6-7-9-7	6-9-7-5-7-9-5-9-9-6-8-7	7-6-6-9-8-8-8-8-6-4-6-7
709	7	6-6-6-8-6-6-6-6-6-6-6-6	6-6-6-8-6-6-6-6-6-6-8-6	9-8-8-6-8-6-6-6-6-6-6-6	6-5-6-8-8-8-6-8-6-6-8-5	8-5-8-8-5-8-8-8-6-7-9-8	6-1-8-7-6-6-6-6-6-6-4-9	6-6-6-7-6-7-4-6-6-7-8-7	6-8-3-8-8-6-9-3-7-4-8-5	5-5-6-8-6-6-6-5-6-6-8-6	8-5-6-6-8-6-6-6-6-6-5-6	5-6-6-4-6-5-5-5-5-7-6-6	6-7-7-1-5-6-6-5-5-4-8-6
709	8	6-9-6-7-6-6-6-6-6-6-6-7	6-6-6-7-6-6-9-6-6-6-7-6	5-7-7-6-7-8-7-6-6-6-8-6	7-8-8-6-7-7-6-7-6-6-7-1	7-5-7-6-8-7-7-7-8-7-6-7	9-1-7-7-6-5-8-6-6-8-4-8	9-3-6-8-9-8-4-7-8-6-7-8	8-7-3-7-7-1-4-7-9-4-7-5	8-9-8-8-6-9-8-7-6-6-7-0	7-7-8-6-8-6-6-4-9-6-8-6	6-6-6-4-0-6-5-8-8-8-6-8	6-9-6-8-8-6-6-6-4-4-7-6
709	9	9-8-6-6-6-6-6-9-6-6-6-6	6-9-9-7-9-6-8-9-9-9-8-6	9-9-9-6-9-6-8-6-8-9-6-9	8-9-6-9-9-9-8-9-6-9-9-5	7-5-9-9-9-9-8-9-9-9-7-9	8-9-8-7-9-5-9-9-9-9-9-9	6-9-9-5-8-9-9-9-9-9-7-6	9-9-7-8-9-5-7-3-8-6-6-6	8-8-9-8-9-8-9-8-6-6-7-9	7-5-9-9-9-6-9-4-8-9-6-9	5-6-9-9-6-6-6-6-6-6-9-9	6-8-6-6-6-9-9-6-9-9-8-6
710	0	0-0-0-0-0-0-0-0-0-0-0-0	0-0-0-0-0-0-0-0-0-0-0-0	0-0-0-0-0-0-0-0-0-0-0-0	0-0-0-0-0-0-0-0-0-0-0-0	0-0-0-0-0-0-0-0-0-0-0-0	0-0-0-0-0-0-0-0-0-0-0-0	0-0-0-0-0-0-0-0-0-0-0-0	0-0-0-0-0-0-0-0-0-0-0-0	0-0-0-0-0-0-0-0-0-0-0-0	0-0-0-0-0-0-0-0-0-0-0-0	0-0-0-0-0-0-0-0-0-0-0-0	0-0-0-0-0-0-0-0-0-0-0-0
710	1	1-1-1-2-1-1-1-2-1-1-1-2	2-2-1-0-2-2-1-2-1-1-2-2	1-0-4-2-2-2-2-2-0-1-2-2	2-1-2-2-1-0-2-2-2-2-1-1	2-1-1-2-4-1-2-1-1-3-3-1	4-2-2-2-2-2-2-3-1-1-4-0	5-2-1-1-0-1-4-2-1-2-5-1	4-1-1-1-1-3-1-2-1-1-0-1	5-1-2-1-2-2-4-1-2-2-1-2	2-1-1-2-1-1-1-1-0-1-0-1	1-4-4-2-3-2-1-4-1-1-2-1	2-1-1-1-1-4-1-3-4-4-4-1
710	2	1-1-1-2-1-1-1-1-1-1-1-1	1-1-1-4-3-1-3-1-1-1-1-3	0-4-1-1-3-1-3-1-1-3-1-3	3-0-1-3-3-3-1-1-3-1-2-1	1-1-1-1-3-3-3-3-1-1-1-3	1-1-3-1-1-1-3-1-1-1-0-4	3-1-1-1-3-2-3-3-1-1-2-3	1-4-4-3-4-1-3-4-4-1-0-0	0-0-3-4-4-1-0-3-1-3-2-1	1-3-1-1-3-4-1-1-3-1-1-4	0-2-1-1-1-1-0-0-1-3-1-3	1-3-3-0-1-1-3-1-0-3-2-4
710	3	1-4-1-3-3-1-1-3-1-1-1-1	1-4-3-2-2-1-2-4-1-1-2-2	1-2-1-2-2-1-4-2-4-2-4-2	2-2-4-2-2-2-1-1-4-4-3-0	1-1-5-1-2-2-4-2-3-3-1-2	1-2-4-1-3-1-2-1-3-3-6-3	2-4-3-5-2-3-6-2-1-5-2-2	1-2-0-2-2-1-2-2-2-3-1-1	0-0-2-2-3-1-0-2-3-3-3-3	1-2-1-5-2-2-2-4-2-1-8-2	0-2-1-3-1-1-3-0-0-2-2-2	3-2-2-3-1-1-2-1-0-2-3-1
710	4	4-3-1-5-3-1-1-1-1-4-4-5	4-3-3-2-2-1-5-3-5-5-5-5	7-5-5-2-4-5-3-4-5-2-3-4	4-4-3-5-2-5-5-2-3-3-3-5	1-8-2-4-6-4-3-4-4-4-5-4	1-1-3-0-4-4-3-3-1-3-1-3	4-2-3-0-5-4-3-5-1-2-8-2	1-2-2-2-2-1-3-2-2-4-4-7	6-5-4-2-2-1-7-2-1-4-2-4	5-8-1-0-3-2-0-3-6-6-5-2	8-1-1-3-1-4-7-6-7-2-2-1	1-2-4-4-4-1-2-7-8-7-1-2
710	5	5-5-6-8-6-6-8-7-6-6-6-8	6-6-5-4-6-7-6-5-6-6-4-6	5-4-6-8-6-6-4-6-6-6-6-5	6-5-6-5-5-4-6-6-6-5-5-6	7-6-6-6-5-6-6-5-6-5-7-5	5-6-6-5-4-6-6-6-5-5-1-5	1-6-5-5-4-5-7-5-5-3-1-6	6-5-2-5-5-7-5-6-2-7-4-4	5-5-6-5-6-5-1-6-7-7-3-3	4-1-7-6-6-2-7-6-5-7-4-2	4-8-7-5-8-8-4-4-4-5-6-6	7-8-6-8-4-7-7-4-4-5-3-8
710	6	7-6-7-6-5-5-5-5-5-5-7-6	5-5-5-7-5-5-7-6-7-5-7-7	6-7-7-5-7-7-7-5-7-5-7-6	7-7-5-7-7-7-7-7-5-5-7-5	7-5-7-7-4-5-7-7-5-6-7-7	6-7-7-7-4-7-7-5-5-6-3-7	7-5-5-5-8-8-3-7-5-8-7-5	5-7-4-7-7-5-8-7-2-5-7-4	8-5-5-7-7-6-4-7-5-5-7-5	7-4-8-5-7-2-7-5-8-4-7-7	4-5-5-5-5-5-4-4-4-7-5-5	5-5-5-7-7-5-5-4-4-5-7-5
710	7	6-5-6-6-6-8-5-5-5-6-6-8	6-5-6-6-6-5-6-6-6-6-6-6	4-6-6-5-6-6-6-6-6-6-6-6	6-6-7-6-6-6-6-6-6-5-6-8	6-5-6-6-7-6-8-6-7-7-6-6	6-6-6-8-7-6-6-6-7-7-3-6	8-5-5-0-6-7-7-6-7-6-6-5	7-6-4-6-6-5-3-6-2-5-6-4	6-7-7-6-6-5-4-6-5-5-6-3	6-7-5-5-6-2-6-5-8-5-6-6	4-7-5-5-5-7-4-4-4-6-5-7	5-5-8-6-6-5-5-4-6-4-6-3
710	8	8-5-6-6-8-7-5-8-6-5-6-7	5-8-8-6-8-5-6-6-6-8-6-7	8-8-8-5-8-5-6-5-6-8-7-8	7-8-8-6-8-8-7-8-8-8-8-7	5-6-8-8-8-8-7-8-8-8-6-6	6-8-8-7-8-6-8-8-8-8-8-7	7-8-8-5-6-8-8-8-8-8-6-5	8-6-8-6-8-6-6-6-2-5-6-4	6-7-8-7-5-8-8-6-8-5-6-8	6-4-6-8-8-2-8-5-6-8-5-8	4-5-5-8-5-5-4-4-5-8-8-8	8-5-7-6-6-8-8-4-4-8-6-5
711	0	0-0-0-0-0-0-0-0-0-0-0-0	0-0-0-0-0-0-0-0-0-0-0-0	0-0-0-0-0-0-0-0-0-0-0-0	0-0-0-0-0-0-0-0-0-0-0-0	0-0-0-0-0-0-0-0-0-0-0-0	0-0-0-0-0-0-0-0-0-0-0-0	0-0-0-0-0-0-0-0-0-0-0-0	0-0-0-0-0-0-0-0-0-0-0-0	0-0-0-0-0-0-0-0-0-0-0-0	0-0-0-0-0-0-0-0-0-0-0-0	0-0-0-0-0-0-0-0-0-0-0-0	0-0-0-0-0-0-0-0-0-0-0-0
711	1	1-1-1-1-1-1-1-1-1-1-1-1	1-2-1-0-0-1-0-1-1-1-0-0	1-0-0-0-2-1-2-0-0-2-2-2	0-0-2-0-2-0-0-0-2-0-2-1	1-0-1-0-0-1-0-0-1-0-0-0	0-0-0-0-0-0-2-0-1-1-0-2	5-2-1-1-0-0-0-4-1-1-2-1	1-1-0-0-1-0-2-1-0-1-0-0	1-0-0-0-0-0-0-0-2-1-1-0	0-0-0-2-1-0-0-1-0-0-0-1	2-1-4-0-1-0-0-0-2-0-2-2	0-1-0-0-0-1-1-0-0-0-0-3
711	2	2-2-3-2-2-1-2-5-3-2-2-2	3-1-1-3-5-3-3-2-3-3-3-3	2-3-3-3-3-3-3-2-3-3-3-3	4-3-1-3-4-4-3-5-1-1-3-2	4-1-4-3-3-1-3-3-2-1-3-4	2-4-3-2-2-3-3-3-1-2-0-4	3-4-1-1-3-0-3-3-2-5-1-4	1-4-5-3-3-3-3-3-4-2-0-1	0-0-3-3-5-2-0-3-1-3-3-2	1-3-1-1-3-5-3-2-3-0-3-5	1-3-7-2-3-3-1-0-1-3-3-2	1-3-9-2-2-0-3-0-7-0-4-5
711	3	3-3-2-3-2-3-2-3-2-2-2-2	2-5-3-2-2-2-2-4-2-2-2-2	0-2-2-2-2-2-4-5-2-2-4-4	2-4-4-2-2-2-2-2-4-4-4-2	2-0-2-2-2-4-4-2-3-5-2-2	2-2-4-2-3-2-2-2-3-3-4-3	2-2-3-3-2-0-2-2-3-3-2-2	1-2-4-4-2-2-5-2-2-4-0-0	3-0-4-2-3-8-0-2-4-2-2-2	0-2-3-4-2-2-2-3-4-4-5-2	5-2-8-3-10-2-0-4-0-2-2-2	3-2-2-4-7-2-2-0-0-7-2-7
711	4	2-5-2-2-2-4-4-3-2-2-2-2	2-5-5-2-2-4-2-3-2-2-2-3	6-4-2-2-4-2-5-3-5-5-5-3	2-3-5-2-2-2-4-2-5-5-3-0	2-0-2-2-2-3-5-4-5-3-2-2	2-2-3-2-4-2-5-2-4-4-3-2	2-2-4-3-3-4-5-5-4-4-5-5	5-5-3-3-2-5-9-2-2-4-4-6	4-0-3-2-4-5-4-2-5-8-3-4	0-2-4-5-5-6-5-7-3-3-5-2	3-8-1-8-5-0-0-3-0-2-2-4	9-2-2-3-5-5-2-0-8-2-2-3
711	5	5-4-2-8-2-4-5-2-5-2-5-10	2-4-4-6-5-4-5-4-6-2-6-6	9-6-7-4-4-6-4-3-4-4-4-5	5-7-4-5-2-2-4-2-4-6-4-7	2-7-7-9-7-3-4-5-4-5-2-7	6-5-3-5-5-10-4-2-4-4-4-6	8-2-4-8-7-5-4-6-4-2-4-4	4-4-9-6-5-5-4-2-8-5-5-0	8-7-5-2-2-4-5-6-4-5-2-2	5-6-5-4-4-2-4-4-7-6-8-2	3-2-0-4-4-10-1-9-9-5-4-5	4-4-2-5-5-4-5-5-2-3-2-2
711	6	8-7-7-7-7-7-8-8-7-7-7-8	7-7-6-5-7-9-8-7-7-7-5-7	6-7-8-7-7-7-7-7-7-7-7-7	7-5-7-7-7-6-7-8-7-7-6-6	9-8-6-8-5-6-7-6-7-6-9-6	9-5-7-6-7-10-6-8-6-6-9-7	7-7-6-5-7-6-7-7-8-7-6-7	7-6-7-5-6-9-7-8-6-7-10-10	6-6-10-6-7-7-5-6-7-7-6-8	7-5-6-6-7-6-7-4-5-5-7-7	7-7-10-6-10-6-6-6-7-6-7-8	8-7-6-5-8-9-7-6-6-6-6-10
711	7	6-6-6-6-6-6-6-6-6-6-6-6	6-6-6-5-6-6-8-9-6-6-6-6	9-8-5-6-9-6-8-6-6-6-6-6	8-5-6-6-9-8-6-9-6-6-9-5	6-5-5-5-5-7-8-8-6-6-9-9	6-8-9-7-6-6-8-8-6-7-4-9	6-6-3-5-6-7-6-6-6-6-9-8	6-7-6-8-9-6-6-9-5-6-9-6	5-5-5-8-6-6-5-6-6-6-9-6	6-9-7-6-6-9-8-4-8-5-9-6	6-6-6-6-6-6-0-5-6-9-6-7	4-9-4-5-9-6-6-4-7-3-2-3
711	8	6-10-6-10-6-6-6-6-6-6-6-6	6-9-6-6-6-6-7-6-6-6-7-6	0-7-6-6-6-6-9-6-6-6-9-7	7-5-6-6-7-7-6-6-9-6-7-5	6-5-5-6-5-9-9-7-6-6-6-7	6-7-7-7-8-6-7-7-8-8-4-7	5-6-6-5-7-8-9-9-6-9-0-7	6-7-0-7-7-5-6-6-5-8-6-0	5-0-6-7-8-6-5-7-6-4-7-6	5-5-8-5-9-7-7-4-7-0-5-8	9-4-9-4-9-6-10-5-5-7-6-6	6-7-2-5-5-6-7-0-4-7-9-9
711	9	6-8-6-6-6-10-6-6-6-6-6-10	6-8-8-6-6-6-7-7-6-6-8-10	5-7-7-6-7-6-8-6-6-9-8-7	7-9-6-6-7-7-10-7-8-6-7-5	6-5-5-5-9-8-8-7-9-6-7-7	6-7-7-7-9-6-7-7-9-9-6-7	10-6-6-5-9-9-8-8-9-8-7-7	9-7-5-8-7-6-4-7-5-6-7-9	9-9-6-7-7-6-5-10-6-6-7-6	6-7-9-6-8-7-8-6-10-5-7-2	8-9-8-4-6-6-9-5-5-7-6-9	4-7-10-5-7-6-6-6-6-0-8-8
711	10	10-8-6-8-6-9-6-10-6-6-6-5	6-10-10-6-10-6-9-10-10-10-7-9	10-10-10-6-10-10-10-6-6-10-9-10	9-10-6-10-10-10-9-10-9-10-10-9	6-5-10-10-10-10-9-10-10-10-2-10	10-10-10-9-10-6-9-10-10-10-10-10	9-10-10-10-10-10-10-10-10-10-9-6	10-8-10-9-10-10-10-7-7-6-6-6	5-9-6-9-6-10-10-9-6-6-8-10	5-0-6-10-10-2-10-4-9-10-6-10	8-6-6-8-6-5-9-5-6-9-10-10	6-9-9-6-9-10-10-6-10-10-6-6
712	0	0-0-0-0-0-0-0-0-0-0-0-0	0-0-0-0-0-0-0-0-0-0-0-0	0-0-0-0-0-0-0-0-0-0-0-0	0-0-0-0-0-0-0-0-0-0-0-0	0-0-0-0-0-0-0-0-0-0-0-0	0-0-0-0-0-0-0-0-0-0-0-0	0-0-0-0-0-0-0-0-0-0-0-0	0-0-0-0-0-0-0-0-0-0-0-0	0-0-0-0-0-0-0-0-0-0-0-0	0-0-0-0-0-0-0-0-0-0-0-0	0-0-0-0-0-0-0-0-0-0-0-0	0-0-0-0-0-0-0-0-0-0-0-0
712	1	1-1-1-3-1-1-1-1-1-2-2-1	2-2-1-0-2-2-3-2-1-1-2-2	1-2-2-1-2-2-2-2-2-2-3-2	2-0-2-2-1-2-2-2-2-2-2-1	1-2-1-2-1-1-2-1-1-2-4-1	2-1-5-1-2-2-2-2-1-1-0-2	1-1-2-1-0-4-2-4-1-2-1-1	1-1-0-1-1-2-1-2-1-1-0-1	1-0-2-0-1-3-1-2-2-1-1-2	2-1-1-2-1-1-2-1-2-2-0-1	1-0-3-2-2-2-5-1-1-1-2-5	2-1-1-1-4-3-2-5-0-1-1-1
712	2	1-1-1-1-1-1-1-1-1-1-1-1	1-1-1-5-1-1-0-1-1-1-3-1	0-3-1-5-1-3-1-1-1-5-1-1	4-0-1-1-4-4-1-4-3-1-1-1	1-1-3-4-4-3-3-3-1-1-1-4	4-0-3-1-1-1-3-5-1-1-0-4	4-1-1-0-3-1-2-1-1-1-0-3	1-2-0-3-5-1-2-9-4-0-0-0	0-0-3-3-5-1-0-3-1-2-3-1	5-6-1-1-3-3-1-1-3-1-0-4	0-2-0-1-1-1-0-0-5-2-1-4	1-3-2-1-1-1-3-1-0-3-2-1
712	3	1-3-1-1-3-1-1-1-1-1-1-1	1-4-3-2-1-1-1-4-1-1-2-2	0-2-1-1-2-2-4-2-1-2-4-5	2-3-3-1-2-2-1-2-4-3-4-0	3-0-2-2-2-2-4-2-3-3-1-2	2-0-4-3-3-1-4-2-1-3-8-3	5-4-5-5-2-1-4-2-1-4-5-2	3-2-5-4-2-1-3-1-2-4-4-1	5-0-4-2-4-1-5-2-1-3-2-3	1-2-3-3-4-2-4-1-2-1-4-2	5-2-1-1-1-1-0-0-0-4-1-2	1-2-1-5-1-1-2-4-0-2-4-1
712	4	3-4-1-4-4-1-1-5-1-1-4-1	1-5-5-2-5-1-1-3-1-1-2-5	3-4-1-1-2-2-5-4-1-6-5-5	2-5-5-2-2-2-5-2-5-5-3-0	4-1-7-4-2-4-5-4-5-1-1-2	2-4-3-4-4-2-5-2-1-4-8-3	2-2-5-3-2-1-5-5-4-3-0-2	3-5-3-3-2-1-8-5-2-4-5-1	3-0-5-2-3-1-3-2-5-5-5-4	0-2-1-5-5-5-5-4-3-1-5-2	3-2-0-4-1-1-0-8-5-3-7-2	1-5-2-3-5-8-2-3-1-5-3-1
712	5	6-5-1-6-4-5-5-6-6-5-6-6	6-4-4-2-4-1-6-6-6-1-6-6	5-6-6-2-5-2-4-6-6-2-4-6	6-6-4-6-2-6-6-2-4-6-4-8	5-5-9-4-7-3-4-6-4-5-1-2	6-6-1-5-5-1-4-2-4-3-4-6	9-3-4-3-6-8-4-4-4-1-3-2	1-4-3-6-2-6-3-6-2-5-4-0	5-0-4-2-2-6-3-2-4-4-4-4	2-2-8-4-4-4-4-5-6-6-4-2	3-2-0-5-9-1-6-8-6-4-4-1	5-4-5-6-4-1-2-1-1-8-3-1
712	6	7-6-8-5-7-7-7-8-7-7-7-9	7-7-6-2-7-8-5-5-7-7-5-7	6-7-7-7-7-7-5-7-7-7-7-6	7-6-7-7-7-5-7-6-7-7-7-6	8-6-6-8-5-6-6-6-7-6-8-6	6-5-7-7-5-7-7-7-8-6-2-5	7-7-6-6-7-6-7-6-7-8-7-7	6-6-7-5-6-7-6-5-5-7-6-6	6-9-7-6-7-7-6-9-8-6-2-7	7-2-9-9-6-7-7-6-5-7-9-2	8-9-7-7-9-9-7-9-5-6-7-7	5-9-9-7-7-6-7-6-6-5-3-7
712	7	7-7-9-7-8-6-6-7-6-6-9-7	6-6-8-8-6-6-8-7-8-6-8-6	7-8-8-6-8-8-8-6-8-6-8-8	8-6-6-8-8-8-6-8-6-6-8-7	8-6-7-8-5-6-8-8-6-6-7-8	7-7-8-6-5-9-8-6-1-6-3-8	6-6-6-6-8-7-6-8-6-6-8-7	6-8-6-8-8-6-9-8-5-6-8-7	9-0-6-8-8-6-6-8-6-8-8-6	9-8-5-6-8-6-8-6-9-6-8-8	6-6-6-6-6-6-6-6-6-8-6-6	6-8-6-6-8-6-6-6-8-3-8-6
712	8	7-6-6-7-7-9-6-7-6-6-7-9	6-6-7-7-6-6-7-7-7-6-7-7	9-7-7-7-7-7-7-6-7-7-7-7	7-8-8-7-7-7-9-7-7-6-7-5	7-6-7-7-8-7-9-7-8-6-6-7	6-7-7-6-8-7-7-7-8-8-3-7	9-6-6-8-7-8-6-7-8-6-7-7	8-7-6-7-7-6-4-7-2-6-7-8	8-8-5-8-7-7-1-7-6-7-7-4	7-7-5-8-7-6-7-7-9-6-7-7	6-8-0-9-6-1-8-4-5-8-6-8	6-9-7-7-7-6-6-6-7-5-7-6
712	9	9-7-7-7-7-8-6-9-7-6-7-8	6-9-9-7-9-6-8-7-7-9-7-7	9-9-7-6-9-7-9-6-7-9-8-9	8-9-6-9-9-9-8-9-6-9-9-8	6-6-9-9-9-9-8-9-9-9-7-7	6-9-9-7-9-7-9-9-9-9-9-8	8-9-9-9-7-9-9-8-9-9-6-6	9-7-6-8-9-9-7-7-2-6-6-6	7-8-9-8-9-9-9-7-6-6-7-6	7-7-9-6-7-6-9-6-8-6-6-9	1-6-9-8-6-6-8-6-6-6-9-9	9-8-6-6-6-9-9-6-9-9-7-6
713	0	0-0-0-0-0-0-0-0-0-0-0-0	0-0-0-0-0-0-0-0-0-0-0-0	0-0-0-0-0-0-0-0-0-0-0-0	0-0-0-0-0-0-0-0-0-0-0-0	0-0-0-0-0-0-0-0-0-0-0-0	0-0-0-0-0-0-0-0-0-0-0-0	0-0-0-0-0-0-0-0-0-0-0-0	0-0-0-0-0-0-0-0-0-0-0-0	0-0-0-0-0-0-0-0-0-0-0-0	0-0-0-0-0-0-0-0-0-0-0-0	0-0-0-0-0-0-0-0-0-0-0-0	0-0-0-0-0-0-0-0-0-0-0-0
713	1	1-1-2-3-2-1-1-2-1-1-1-2	1-2-1-2-3-2-4-2-2-1-0-1	1-2-3-2-2-2-2-2-2-2-3-2	2-1-2-2-1-0-2-3-1-2-2-2	1-2-1-3-5-1-2-1-2-4-4-1	2-2-2-0-2-2-2-2-2-1-3-2	2-1-1-1-1-2-2-2-2-1-0-1	1-1-5-2-2-2-1-2-1-1-0-4	1-4-2-1-2-2-1-1-2-2-1-5	4-1-1-2-1-1-5-1-2-2-2-1	1-9-3-2-1-2-5-1-9-1-2-2	2-1-1-1-3-1-1-5-1-1-1-1
713	2	1-1-1-1-1-1-1-1-1-1-1-1	1-1-1-3-1-1-0-1-1-1-3-1	1-3-1-1-3-1-1-1-1-1-1-1	3-0-1-1-4-3-1-4-3-1-1-1	4-1-3-4-3-3-3-3-1-1-1-4	1-1-1-1-1-1-3-4-1-1-0-3	1-8-1-1-3-1-2-3-1-1-4-3	1-2-2-3-3-1-1-9-9-1-1-0	0-1-3-3-5-1-1-4-1-2-3-1	3-3-1-1-3-4-4-1-3-1-1-4	0-1-1-1-1-1-1-0-0-4-1-1	1-3-2-1-0-1-3-1-0-2-2-1
713	3	1-3-1-1-4-1-1-1-1-1-1-1	1-1-3-2-1-1-1-4-1-1-2-4	1-2-1-1-2-1-4-1-1-2-4-5	2-3-4-1-2-2-1-1-4-3-4-1	3-1-2-3-2-4-4-2-2-1-1-2	1-4-4-0-3-1-2-2-3-3-5-2	5-2-1-3-2-3-4-2-3-4-0-2	3-2-2-4-2-1-7-2-3-4-4-1	4-0-2-2-3-1-4-2-1-3-2-4	2-2-3-0-2-2-1-1-2-4-0-2	4-1-1-3-1-1-0-4-1-2-1-3	8-2-2-5-1-1-2-0-7-1-4-1
713	4	1-4-4-4-3-4-1-1-1-1-1-1	1-5-4-1-1-1-1-3-1-1-2-5	1-4-1-1-5-5-5-6-5-5-5-3	2-5-5-1-2-2-1-2-5-5-3-1	2-1-2-2-1-3-5-4-5-1-1-2	1-3-3-3-5-2-5-2-4-4-9-2	5-2-5-4-2-1-3-5-4-3-2-2	5-2-2-3-2-1-8-6-4-3-3-1	1-1-3-2-4-2-3-2-1-3-2-3	1-3-3-5-5-2-2-1-3-3-5-2	4-5-1-1-9-1-0-3-1-2-1-2	4-2-2-2-3-4-2-0-3-1-3-1
713	5	5-5-6-6-3-4-5-6-1-5-5-6	6-4-4-2-1-1-6-6-6-1-6-6	5-6-7-2-4-6-4-6-7-5-4-3	5-7-7-6-2-6-6-2-4-4-5-8	4-5-5-4-7-3-4-6-4-1-1-6	3-6-3-5-4-1-4-2-1-4-3-5	4-2-4-6-6-7-4-4-4-1-7-1	4-4-1-6-2-1-1-6-7-7-5-4	1-5-6-6-2-1-6-2-9-6-2-1	6-6-3-4-4-2-6-1-6-6-4-2	4-4-1-1-4-3-1-8-6-6-4-5	3-4-5-6-6-1-2-1-6-5-1-1
713	6	7-6-7-5-7-7-7-7-7-7-7-9	7-8-6-7-7-7-7-6-7-7-7-7	6-5-7-7-6-7-6-7-7-7-6-6	7-6-7-6-5-5-7-7-7-8-6-5	8-7-6-7-5-6-7-6-7-6-8-6	7-5-7-7-7-7-7-8-6-6-4-6	9-6-6-5-5-6-8-6-7-7-9-9	6-6-7-5-7-7-6-8-5-8-5-6	6-9-9-5-7-6-8-6-7-5-2-8	5-7-8-6-6-8-7-6-5-5-7-2	6-7-9-8-9-9-6-6-5-5-7-6	7-6-6-5-5-6-2-8-6-5-3-1
713	7	8-9-9-9-6-6-6-8-6-6-8-7	6-6-6-8-8-6-8-8-6-6-8-8	7-8-6-6-8-6-8-6-8-6-8-7	8-5-5-8-8-8-6-8-6-6-8-5	8-6-8-8-5-7-8-8-6-6-6-8	6-7-8-6-6-6-8-6-6-6-4-6	8-6-6-5-6-5-6-8-6-6-8-7	6-8-6-8-8-9-9-9-5-5-8-6	6-0-5-7-8-6-6-8-6-8-8-9	9-6-6-6-8-6-8-6-9-6-8-8	8-6-8-9-6-7-9-8-8-8-6-7	6-8-7-8-8-1-7-0-8-7-8-8
713	8	7-6-7-7-6-6-6-7-6-6-7-9	6-6-7-7-7-6-7-7-7-7-7-7	9-7-6-7-7-8-7-6-7-7-7-7	7-8-8-7-7-7-9-7-6-6-7-5	7-6-7-7-8-7-7-7-8-6-6-7	6-9-7-6-8-9-7-6-8-8-4-8	7-2-4-8-9-8-6-7-8-6-7-7	6-7-6-7-7-8-3-6-5-6-7-8	8-8-8-8-7-6-6-7-6-7-7-6	9-8-6-7-7-6-7-6-9-6-7-7	4-6-7-1-9-7-8-8-7-8-6-8	3-9-7-7-7-8-4-6-7-5-7-7
713	9	9-7-7-7-9-7-6-9-6-6-7-8	6-9-9-7-9-6-7-7-7-9-7-7	9-8-9-6-9-9-8-8-8-9-6-9	8-9-6-9-9-9-8-9-6-9-9-5	7-6-9-9-9-9-8-9-9-9-7-7	8-9-9-7-9-8-9-9-9-9-4-9	8-9-9-8-8-9-9-7-9-9-6-6	9-7-7-8-9-7-7-7-8-5-6-6	8-9-9-8-7-9-9-8-6-6-7-7	7-9-9-9-9-7-7-8-8-9-6-9	1-6-6-9-6-6-8-6-1-6-9-8	8-8-6-6-7-9-9-6-9-9-7-1
714	0	0-0-0-0-0-0-0-0-0-0-0-0	0-0-0-0-0-0-0-0-0-0-0-0	0-0-0-0-0-0-0-0-0-0-0-0	0-0-0-0-0-0-0-0-0-0-0-0	0-0-0-0-0-0-0-0-0-0-0-0	0-0-0-0-0-0-0-0-0-0-0-0	0-0-0-0-0-0-0-0-0-0-0-0	0-0-0-0-0-0-0-0-0-0-0-0	0-0-0-0-0-0-0-0-0-0-0-0	0-0-0-0-0-0-0-0-0-0-0-0	0-0-0-0-0-0-0-0-0-0-0-0	0-0-0-0-0-0-0-0-0-0-0-0
714	1	1-1-1-1-1-1-1-1-1-0-1-1	0-2-1-0-2-2-0-2-0-1-0-0	2-1-1-1-2-2-2-2-0-3-2-2	0-0-1-0-0-0-1-1-2-2-2-0	1-0-5-0-0-1-2-0-1-0-0-1	2-2-1-0-0-0-2-0-2-1-4-2	2-2-1-0-0-0-0-0-1-1-2-0	1-1-0-2-1-0-1-1-0-1-0-0	0-0-0-0-3-6-1-0-3-1-0-1	0-0-0-0-1-0-0-1-0-0-0-0	4-0-0-2-2-0-0-0-0-0-0-6	1-1-0-0-0-0-0-0-0-0-1-0
714	2	2-1-2-1-1-1-2-1-2-2-2-1	3-1-1-4-1-1-3-1-3-3-3-3	1-4-1-5-3-3-1-1-1-3-1-1	3-3-2-4-4-3-3-4-3-1-4-2	4-0-2-3-3-3-3-3-2-1-4-4	3-1-3-2-2-3-3-3-1-1-0-3	1-1-1-0-3-0-3-3-1-4-1-3	1-3-4-3-2-0-2-4-2-0-2-0	0-0-3-4-4-3-0-3-1-2-3-2	0-4-0-1-3-4-3-2-3-0-0-4	0-8-0-1-1-4-0-0-4-3-3-2	1-3-2-2-4-2-4-0-0-0-3-4
714	3	3-4-2-4-3-3-3-3-3-3-2-4	2-4-4-2-1-3-2-4-4-3-2-4	4-2-5-2-2-2-4-6-5-4-4-2	2-3-4-2-2-2-2-2-2-5-2-2	2-0-5-2-2-4-4-2-3-3-2-2	2-2-5-3-3-2-4-2-5-3-5-3	4-1-3-5-2-3-2-2-3-3-5-2	6-2-0-2-2-4-5-2-2-5-4-0	3-0-2-2-1-2-4-4-4-3-2-3	0-0-0-3-2-2-2-4-2-3-0-2	8-0-5-3-7-0-0-0-5-2-2-1	5-2-0-4-0-0-2-0-5-5-5-3
714	4	5-3-4-5-4-3-4-3-3-4-4-6	2-3-3-2-3-3-4-5-3-5-4-5	7-5-7-2-2-3-3-5-5-3-3-4	5-5-7-5-2-2-4-2-3-1-2-5	2-7-4-5-5-3-5-2-5-4-2-2	4-6-3-7-4-4-3-2-3-3-1-4	3-3-4-6-5-4-4-4-5-2-4-3	6-3-6-3-2-5-3-2-2-4-3-7	4-0-5-2-2-4-5-8-3-4-2-4	7-2-5-5-5-2-0-3-5-5-4-2	5-5-4-3-8-8-4-5-7-2-5-4	3-2-4-3-2-4-2-7-6-7-3-2
714	5	6-5-5-6-5-3-5-5-5-4-5-6	5-3-3-7-5-3-7-8-6-6-6-6	4-6-6-2-6-6-6-4-6-7-5-6	6-4-6-7-7-7-4-7-6-3-6-4	7-4-3-4-4-5-6-6-4-5-7-7	6-7-6-5-4-4-6-6-3-5-3-7	3-5-3-5-4-5-4-6-4-3-7-3	5-6-2-6-7-4-3-2-5-4-5-4	4-0-4-6-7-4-4-6-3-3-5-4	4-7-4-4-4-3-6-3-4-4-7-2	4-6-3-3-3-4-4-4-3-7-4-5	3-7-4-7-7-4-2-4-3-3-3-6
714	6	5-8-5-5-5-6-6-6-5-7-5-5	5-7-7-5-7-7-4-5-5-5-5-5	0-5-5-6-5-5-7-4-5-5-7-5	5-4-5-5-5-5-4-5-5-7-5-4	5-4-3-6-4-7-7-5-4-6-5-5	5-7-5-5-4-4-5-6-6-6-7-6	7-5-7-8-4-6-7-5-6-7-5-5	4-5-4-5-5-4-3-2-6-6-5-4	4-0-7-5-6-1-7-5-6-2-5-4	4-5-6-2-7-4-7-3-5-4-6-2	4-5-7-8-7-4-0-0-4-5-5-1	7-5-4-7-7-4-2-4-4-3-7-5
714	7	5-6-5-5-5-8-8-5-8-7-5-8	5-6-6-5-7-6-5-5-8-7-5-8	4-4-4-8-5-5-6-7-5-5-6-5	5-4-4-5-5-5-8-5-6-6-6-4	5-4-5-6-4-6-6-5-4-7-5-5	5-6-5-8-7-8-8-6-7-7-6-5	6-5-6-5-4-7-6-6-7-6-5-6	7-5-4-6-5-4-3-2-2-4-5-4	4-7-5-5-5-4-6-5-8-3-5-0	4-5-7-4-6-3-6-6-8-6-7-2	6-7-6-3-3-7-7-4-4-5-7-7	6-5-8-5-7-4-6-4-3-4-6-6
714	8	8-6-5-5-8-7-7-8-7-7-5-7	7-6-8-5-8-8-5-5-8-8-5-7	8-8-8-8-8-8-8-7-8-8-7-8	7-8-8-8-8-8-7-8-7-8-8-4	5-4-8-8-8-8-7-8-8-8-2-8	5-8-8-7-8-7-8-8-8-8-8-8	7-8-8-6-8-8-8-8-8-8-8-8	8-6-8-7-8-8-7-2-5-8-4-8	4-7-8-7-2-8-8-4-7-8-8-8	4-0-8-8-8-8-8-8-7-8-8-8	3-8-3-8-4-4-7-4-8-7-8-8	8-5-7-1-0-8-8-4-8-8-6-8
715	0	0-0-0-0-0-0-0-0-0-0-0-0	0-0-0-0-0-0-0-0-0-0-0-0	0-0-0-0-0-0-0-0-0-0-0-0	0-0-0-0-0-0-0-0-0-0-0-0	0-0-0-0-0-0-0-0-0-0-0-0	0-0-0-0-0-0-0-0-0-0-0-0	0-0-0-0-0-0-0-0-0-0-0-0	0-0-0-0-0-0-0-0-0-0-0-0	0-0-0-0-0-0-0-0-0-0-0-0	0-0-0-0-0-0-0-0-0-0-0-0	0-0-0-0-0-0-0-0-0-0-0-0	0-0-0-0-0-0-0-0-0-0-0-0
715	1	1-1-1-1-1-1-1-1-1-1-1-1	1-1-2-1-0-1-1-1-2-2-2-2	1-2-2-2-0-2-1-2-0-0-2-1	2-2-2-1-1-2-2-2-0-0-1-2	1-2-1-0-2-0-2-1-0-2-4-1	1-6-0-2-0-2-0-0-0-0-0-2	2-0-1-1-1-1-0-0-0-1-1-2	1-3-0-0-1-2-3-6-1-0-1-0	1-3-2-1-2-1-2-2-2-1-1-0	1-1-1-2-0-3-0-1-0-2-1-1	1-0-3-0-3-0-1-3-3-1-0-2	4-1-1-3-2-1-1-2-0-0-1-0
715	2	1-1-2-3-2-1-1-1-1-1-1-1	3-1-1-4-0-1-1-4-1-1-1-1	0-1-3-5-4-1-3-1-0-3-1-3	3-1-1-4-5-1-1-1-2-0-2-1	2-1-3-5-1-2-3-3-2-1-0-2	3-1-3-1-2-4-3-5-0-2-0-4	3-4-4-1-3-2-8-3-0-2-3-1	0-2-2-3-3-1-8-8-2-2-1-3	2-1-3-3-8-3-1-4-1-2-3-4	3-3-0-3-3-4-3-0-3-1-3-4	3-4-0-0-8-2-3-2-7-2-3-1	0-3-2-1-1-2-3-1-2-2-2-4
715	3	4-3-1-2-4-3-3-3-3-3-2-4	2-4-4-2-3-2-1-4-1-1-1-4	4-3-2-1-2-1-4-3-4-2-4-4	2-4-4-2-2-2-5-1-4-5-4-1	2-1-2-3-1-2-4-2-4-4-0-2	4-2-4-1-3-1-4-2-3-3-4-5	2-2-3-0-2-3-4-2-5-3-2-1	4-1-2-2-2-4-5-4-2-4-1-2	3-1-4-2-3-2-1-2-5-3-2-5	2-2-3-4-2-2-4-3-2-3-2-2	2-2-1-6-1-0-2-1-1-2-2-0	0-2-1-1-1-3-2-1-2-2-2-3
715	4	4-3-4-5-3-4-4-4-4-4-4-5	4-3-3-2-5-3-6-5-6-1-6-5	5-5-5-2-2-5-3-5-6-6-3-3	5-5-5-6-2-5-5-2-3-3-3-6	2-6-6-6-5-3-5-4-3-4-1-8	3-1-3-4-7-2-3-2-3-3-3-2	8-2-2-5-4-3-3-5-3-3-6-2	3-2-6-3-3-3-1-3-2-4-4-5	5-5-3-2-2-4-5-5-5-4-2-2	5-8-4-3-3-2-3-3-5-5-5-2	5-2-4-3-5-5-5-6-5-2-2-4	1-2-6-3-6-6-2-5-6-6-2-2
715	5	6-1-5-6-3-5-4-6-4-5-6-6	6-3-3-7-4-6-7-4-4-4-4-4	4-6-7-2-6-7-6-6-6-6-5-5	6-4-4-7-6-6-4-7-3-3-5-4	7-4-8-5-6-2-6-6-3-7-5-6	6-6-6-8-4-6-6-7-5-3-3-3	7-5-3-4-6-3-3-4-3-3-4-7	5-2-4-6-6-4-3-7-6-4-6-4	4-4-3-6-5-7-4-6-4-5-5-6	4-6-5-4-4-7-6-8-6-4-4-2	4-5-4-0-8-4-4-4-4-5-6-5	4-5-4-5-4-4-5-4-7-6-2-5
715	6	5-6-5-8-7-6-6-6-6-5-6-5	5-7-6-5-4-5-5-7-4-4-4-5	7-5-5-5-5-5-7-5-5-4-7-5	5-4-5-4-5-5-4-2-7-8-7-4	2-4-4-5-5-7-7-5-7-6-5-5	5-5-5-7-4-5-5-7-6-6-3-6	5-2-7-7-5-8-7-8-6-6-4-5	6-7-4-7-5-4-7-5-5-6-7-4	4-4-4-5-6-5-4-5-8-5-5-5	4-5-6-7-7-6-5-6-5-4-4-6	4-5-8-3-5-4-4-4-4-5-5-6	6-5-4-5-4-4-2-4-4-5-5-7
715	7	8-8-8-8-6-8-8-8-8-7-8-8	8-6-6-5-4-8-5-6-8-8-8-5	8-5-5-5-5-7-6-5-8-7-6-5	5-5-7-5-5-5-8-2-6-6-6-4	5-4-5-5-1-6-6-5-7-7-5-2	8-5-5-6-4-4-6-6-7-7-6-7	5-5-6-6-6-7-6-8-7-6-5-5	7-7-2-6-5-1-6-5-8-4-6-4	7-7-8-5-5-5-4-8-4-5-5-0	6-5-7-6-7-5-6-3-8-4-7-2	4-7-4-0-8-8-4-3-7-5-7-7	8-5-7-5-5-4-5-4-5-2-7-6
715	8	8-7-8-6-8-7-7-8-7-4-8-8	7-8-8-5-8-7-5-8-8-8-7-8	8-8-8-8-8-5-7-6-7-8-8-8	7-8-8-8-8-8-7-8-6-8-8-4	2-4-8-8-8-6-7-8-8-8-5-8	7-8-8-5-8-4-8-8-8-8-8-8	4-8-8-4-7-6-8-8-8-8-4-7	8-7-2-7-8-7-2-2-7-6-5-6	7-7-8-7-2-7-8-5-6-8-5-3	7-4-8-6-8-5-8-7-7-8-4-8	4-2-6-6-5-7-4-4-4-7-8-8	8-5-7-3-6-8-8-4-8-8-2-8
716	0	0-0-0-0-0-0-0-0-0-0-0-0	0-0-0-0-0-0-0-0-0-0-0-0	0-0-0-0-0-0-0-0-0-0-0-0	0-0-0-0-0-0-0-0-0-0-0-0	0-0-0-0-0-0-0-0-0-0-0-0	0-0-0-0-0-0-0-0-0-0-0-0	0-0-0-0-0-0-0-0-0-0-0-0	0-0-0-0-0-0-0-0-0-0-0-0	0-0-0-0-0-0-0-0-0-0-0-0	0-0-0-0-0-0-0-0-0-0-0-0	0-0-0-0-0-0-0-0-0-0-0-0	0-0-0-0-0-0-0-0-0-0-0-0
716	1	1-1-1-1-1-1-1-1-1-1-1-1	1-1-0-1-0-1-1-0-2-1-0-2	3-2-2-0-0-2-0-2-0-0-0-0	2-3-2-0-1-0-2-0-0-0-1-1	0-1-1-1-2-0-2-1-0-1-0-1	3-0-0-1-0-2-0-1-0-0-0-2	0-0-0-1-0-1-0-0-0-1-1-0	1-1-0-0-0-2-0-0-1-2-3-0	0-3-1-0-0-0-2-2-0-1-1-0	0-1-4-0-0-1-0-0-1-2-1-1	0-0-0-0-1-1-1-1-1-1-0-1	1-0-1-1-1-1-1-1-1-0-1-1
716	2	2-2-2-2-2-2-2-2-2-2-2-2	3-1-0-2-0-1-1-3-1-2-3-3	1-4-1-4-3-1-3-1-0-4-3-3	3-1-1-4-4-3-1-7-3-0-2-1	3-1-1-3-1-2-3-3-2-1-3-2	3-3-3-2-2-4-3-2-0-2-0-4	3-4-4-1-3-2-3-3-2-2-3-3	4-4-4-3-3-1-0-8-2-1-0-3	2-1-1-3-4-2-1-3-3-2-2-3	3-3-0-3-3-3-3-4-3-1-3-2	3-4-0-0-3-2-1-2-3-2-3-1	0-2-2-1-2-2-3-1-2-2-2-2
716	3	3-4-3-3-3-3-3-3-3-3-3-4	2-4-4-2-3-4-1-4-4-2-4-2	1-2-2-2-2-5-4-2-5-4-4-4	2-1-1-3-2-2-4-2-4-5-4-1	2-5-5-2-2-2-4-2-4-3-2-2	2-2-4-1-3-2-4-3-3-3-5-3	2-2-3-5-2-3-5-2-4-5-2-2	3-2-2-2-2-4-5-4-2-3-1-3	3-1-4-2-3-3-3-2-3-3-2-5	2-2-3-4-2-2-2-3-2-3-2-2	7-3-3-6-8-2-1-3-5-2-2-3	5-2-2-4-3-3-2-1-5-4-5-5
716	4	3-3-3-4-4-3-5-7-4-4-3-3	4-3-3-5-5-3-6-5-5-6-6-5	8-5-5-2-2-5-3-6-3-2-3-3	5-4-7-5-2-2-3-2-3-3-3-8	2-8-1-4-5-3-5-5-3-8-4-8	4-2-3-4-7-2-3-2-3-3-0-2	6-2-2-0-5-4-3-5-4-3-6-2	4-2-6-3-2-3-4-3-6-7-4-5	6-5-5-2-2-4-6-2-5-4-2-5	6-8-1-3-5-2-3-2-5-5-6-2	6-2-4-6-6-6-5-6-8-6-5-4	3-2-6-3-6-5-2-6-6-5-3-2
716	5	6-5-6-8-5-4-4-7-5-4-6-8	6-3-3-6-4-6-8-8-6-6-6-4	7-6-6-2-6-6-6-6-6-6-6-6	6-6-4-7-7-7-4-2-6-3-7-4	7-3-3-7-6-5-6-6-5-5-7-7	6-3-6-5-3-2-6-7-3-3-3-6	3-5-3-3-4-5-3-6-5-3-7-5	5-6-3-6-6-1-3-6-5-4-5-4	4-4-4-6-7-4-4-6-4-6-5-3	4-7-1-3-4-3-6-5-4-4-4-2	4-6-3-4-4-4-4-4-4-7-6-5	3-7-4-7-4-4-5-4-3-4-3-3
716	6	5-6-5-8-7-6-6-6-5-4-5-5	5-7-6-5-4-6-5-7-5-6-4-5	8-5-5-5-5-5-7-7-5-5-7-5	5-4-4-5-5-5-7-2-5-8-5-4	5-4-3-6-5-7-7-5-6-6-5-5	5-6-5-5-6-4-5-6-6-6-7-5	4-5-7-6-5-6-7-5-6-6-5-5	7-5-4-5-5-4-7-5-4-4-5-4	4-4-4-5-3-4-4-5-6-5-5-3	4-4-6-2-5-6-5-6-4-6-4-5	4-5-4-4-4-4-4-4-4-4-5-6	4-5-4-5-4-4-2-4-6-6-7-3
716	7	5-8-5-5-6-8-8-8-8-7-5-5	5-6-6-5-6-8-5-6-5-7-5-6	5-5-5-7-5-7-6-6-8-5-6-5	5-4-7-5-5-5-6-2-5-6-5-4	5-4-3-4-7-6-8-5-7-7-5-5	5-6-5-5-4-2-5-5-7-6-6-7	8-5-6-6-8-7-6-5-7-6-5-5	7-7-4-5-5-8-8-2-7-4-5-4	7-4-4-5-5-8-7-8-4-4-5-3	7-5-7-3-6-2-6-8-8-4-4-2	4-7-6-0-8-8-4-4-7-5-7-7	3-7-7-5-4-7-7-4-3-4-6-2
716	8	8-7-5-5-8-7-7-8-7-4-5-5	4-8-8-5-8-7-5-5-8-8-7-8	4-8-8-8-8-8-8-6-7-8-8-8	7-8-8-8-8-8-7-8-7-8-8-4	5-4-8-8-8-8-7-8-8-8-5-4	5-8-8-7-8-4-8-8-8-8-8-8	7-8-8-6-7-8-6-8-8-8-5-8	8-7-8-7-8-7-7-2-5-1-4-7	7-7-8-7-2-8-8-7-8-8-5-8	7-4-8-8-8-2-8-7-7-8-8-8	4-2-6-6-3-7-4-4-4-7-8-8	8-7-1-8-4-8-8-8-8-8-3-8
717	0	0-0-0-0-0-0-0-0-0-0-0-0	0-0-0-0-0-0-0-0-0-0-0-0	0-0-0-0-0-0-0-0-0-0-0-0	0-0-0-0-0-0-0-0-0-0-0-0	0-0-0-0-0-0-0-0-0-0-0-0	0-0-0-0-0-0-0-0-0-0-0-0	0-0-0-0-0-0-0-0-0-0-0-0	0-0-0-0-0-0-0-0-0-0-0-0	0-0-0-0-0-0-0-0-0-0-0-0	0-0-0-0-0-0-0-0-0-0-0-0	0-0-0-0-0-0-0-0-0-0-0-0	0-0-0-0-0-0-0-0-0-0-0-0
717	1	1-1-1-2-1-1-1-1-1-1-1-1	1-2-0-1-0-1-1-0-2-1-0-2	1-2-0-0-0-2-3-0-0-0-0-0	2-0-3-0-1-1-0-5-0-0-0-1	0-1-3-0-2-0-2-2-0-1-0-1	0-3-0-0-0-2-0-0-1-0-0-1	3-1-0-4-2-1-0-0-0-1-0-0	1-0-0-0-1-2-0-0-1-1-2-1	2-2-2-0-0-4-2-2-0-1-0-0	2-1-0-2-0-2-3-0-2-2-3-0	6-0-1-0-2-1-2-4-4-0-0-1	3-0-1-1-1-1-1-7-1-4-1-0
717	2	1-1-2-2-2-2-2-2-2-2-2-2	3-1-2-3-0-1-1-3-1-3-1-1	4-1-3-5-3-1-3-3-3-3-3-3	4-3-1-3-5-4-3-4-3-0-2-1	4-1-1-0-1-2-3-3-0-2-4-3	3-1-3-0-2-4-3-2-2-2-0-4	1-2-2-1-3-2-3-4-0-2-0-3	0-4-2-3-5-1-4-8-1-1-1-0	1-1-3-5-5-3-1-3-3-2-5-2	3-4-0-3-3-5-3-0-3-3-0-4	8-5-2-0-1-1-1-1-0-2-3-1	1-2-1-1-0-2-5-1-2-2-2-2
717	3	3-3-2-3-5-3-3-3-3-2-3-3	2-4-3-2-3-4-1-4-2-2-2-4	4-2-2-3-2-2-4-3-2-2-4-2	2-4-1-2-2-2-2-2-4-0-2-1	2-1-1-3-4-2-4-2-4-3-0-2	2-1-2-4-3-1-4-2-3-3-6-2	1-2-3-1-2-3-6-2-5-4-0-2	3-2-2-4-2-1-6-2-1-3-1-4	3-1-2-2-3-2-1-2-4-3-3-4	4-2-3-7-2-2-2-3-2-3-4-2	3-4-3-3-1-2-1-1-1-2-2-3	1-2-1-0-1-3-2-1-2-2-6-6
717	4	4-4-4-4-4-3-3-4-4-4-3-5	2-5-5-2-4-4-2-3-5-5-1-3	3-5-3-2-2-2-5-5-5-3-5-5	2-5-5-2-2-2-6-2-5-5-3-1	2-1-1-5-3-3-5-4-5-1-2-0	2-1-3-3-4-2-5-2-5-4-6-2	1-2-5-1-2-4-6-5-5-3-4-2	4-2-2-3-3-1-6-2-4-4-4-4	4-1-2-2-4-1-4-3-7-3-2-3	3-2-4-5-3-2-5-7-3-3-3-2	7-4-4-4-5-0-1-1-1-2-2-4	1-8-1-6-0-4-2-1-2-2-3-3
717	5	6-4-5-5-3-3-5-7-5-5-5-7	5-4-4-2-6-7-6-6-7-4-6-6	6-6-6-2-5-6-4-4-6-3-4-4	6-6-6-6-2-6-4-1-4-4-6-6	2-6-1-4-6-2-6-5-4-5-6-5	8-6-2-5-5-7-4-2-4-4-0-6	8-2-4-5-4-6-4-4-4-2-5-2	6-2-2-3-2-1-2-2-6-6-5-6	8-6-5-2-2-2-5-2-4-5-2-2	5-5-4-4-5-2-6-4-8-6-5-2	4-2-5-3-4-6-5-6-6-2-2-5	8-4-5-5-5-5-2-5-5-5-2-2
717	6	5-6-8-7-7-6-7-5-6-8-7-7	5-4-4-7-7-5-8-7-7-7-7-5	7-7-5-8-7-5-7-5-5-7-5-7	7-5-5-7-7-7-4-7-7-4-7-5	7-5-7-7-5-6-7-7-6-5-7-7	6-6-7-6-4-8-7-7-4-3-3-7	5-6-4-5-7-6-4-7-4-8-7-6	4-7-2-7-7-1-8-7-5-5-5-5	5-5-5-7-7-2-5-7-4-7-7-2	5-7-4-5-7-7-5-3-1-5-7-7	1-4-7-8-1-5-5-5-5-6-2-6	1-6-1-4-5-7-6-5-7-5-7-7
717	7	6-8-6-6-6-8-6-5-8-7-6-5	5-4-4-6-6-8-6-6-6-7-6-6	6-6-5-6-6-7-6-5-6-6-7-6	6-7-7-6-6-6-7-6-6-7-6-1	6-5-6-6-7-6-6-6-7-7-6-6	8-7-6-6-7-8-6-6-7-7-3-6	8-2-4-8-6-7-3-6-7-6-6-6	7-6-2-6-6-8-4-2-5-5-6-8	7-7-8-6-6-1-7-7-4-6-6-0	7-6-7-3-6-6-6-4-8-7-6-6	3-7-6-0-6-7-7-7-5-7-7-7	8-4-7-7-7-4-2-1-6-7-6-6
717	8	8-7-6-6-8-7-7-8-7-6-6-5	5-4-8-6-8-7-6-8-6-8-6-8	8-8-8-6-8-8-7-7-5-8-8-8	8-8-6-8-8-8-7-8-8-8-8-5	6-5-8-8-8-8-7-8-8-8-6-6	8-8-8-5-8-6-8-8-8-8-8-8	5-8-8-7-6-8-8-6-8-6-5-6	8-8-2-8-8-7-6-2-7-5-5-8	7-8-8-7-2-8-8-7-4-3-6-0	7-8-8-8-8-6-6-7-7-8-8-8	4-8-6-6-4-7-7-4-8-7-8-7	7-4-5-8-5-8-8-5-8-8-6-8
718	0	0-0-0-0-0-0-0-0-0-0-0-0	0-0-0-0-0-0-0-0-0-0-0-0	0-0-0-0-0-0-0-0-0-0-0-0	0-0-0-0-0-0-0-0-0-0-0-0	0-0-0-0-0-0-0-0-0-0-0-0	0-0-0-0-0-0-0-0-0-0-0-0	0-0-0-0-0-0-0-0-0-0-0-0	0-0-0-0-0-0-0-0-0-0-0-0	0-0-0-0-0-0-0-0-0-0-0-0	0-0-0-0-0-0-0-0-0-0-0-0	0-0-0-0-0-0-0-0-0-0-0-0	0-0-0-0-0-0-0-0-0-0-0-0
718	1	1-1-1-1-1-1-1-1-1-1-1-1	1-2-1-1-2-2-0-2-1-1-2-2	1-2-2-2-2-2-2-2-2-2-2-2	2-1-3-3-2-1-2-2-2-2-2-1	3-2-1-2-0-1-2-2-2-2-4-1	3-2-2-0-0-1-1-3-2-1-1-2	1-4-1-1-2-1-1-3-2-1-1-1	1-2-1-1-3-0-1-3-1-0-1-1	1-0-2-2-5-4-1-1-2-1-1-0	1-1-1-2-2-1-2-1-0-0-1-1	1-2-2-1-4-1-0-1-1-1-2-1	3-2-1-3-1-1-2-2-0-1-1-1
718	2	1-1-2-2-2-1-1-1-1-1-1-1	1-1-1-1-1-1-3-1-1-2-1-1	1-4-1-1-1-1-3-1-1-1-1-1	3-0-1-1-5-3-1-1-1-1-1-3	1-1-1-1-4-1-3-3-1-1-1-3	1-5-1-5-1-4-3-1-1-1-0-4	6-1-1-1-3-2-0-1-1-5-3-3	1-4-1-3-4-1-1-5-3-0-1-3	0-0-1-3-1-1-1-3-1-2-2-1	1-0-1-1-3-4-1-1-3-0-1-6	3-1-1-1-0-4-0-0-3-8-1-1	0-3-2-4-2-1-3-1-2-2-2-1
718	3	3-4-3-3-3-3-3-3-1-1-3-1	1-4-3-1-1-1-2-4-1-4-2-4	1-2-2-2-1-1-4-2-1-4-4-2	2-3-4-1-2-2-4-2-4-1-4-2	1-0-1-1-3-4-4-2-4-1-1-2	1-1-5-0-3-1-4-1-3-3-7-2	1-1-3-7-2-3-1-1-3-4-2-2	3-5-1-4-1-0-3-1-2-3-1-2	2-0-4-2-3-1-2-2-3-3-2-4	1-1-3-1-2-1-4-5-4-4-1-3	1-4-10-3-5-2-5-7-2-2-1-4	1-2-2-1-2-1-4-0-2-7-7-3
718	4	4-4-3-4-5-3-4-3-4-1-4-4	1-5-5-1-1-5-2-3-3-3-2-5	1-4-5-1-2-1-5-4-1-3-5-5	2-3-5-1-2-2-5-2-5-5-5-0	1-0-1-5-2-3-5-4-3-1-1-2	1-2-3-2-4-2-5-1-4-4-5-2	1-1-4-4-5-3-5-5-4-3-2-6	4-2-2-3-2-0-9-1-2-4-1-2	4-0-5-5-4-1-7-2-5-4-6-3	2-1-4-1-5-9-5-5-3-3-1-2	5-3-6-3-1-2-0-4-0-2-1-3	1-2-0-2-5-4-3-7-7-0-8-1
718	5	5-5-2-6-4-5-5-9-5-5-5-5	1-4-4-2-6-6-6-5-6-3-7-6	6-6-7-9-7-7-4-6-1-6-4-6	6-6-9-6-6-6-4-1-4-7-4-7	1-7-7-4-6-4-6-6-4-9-8-6	6-6-3-2-5-8-6-6-1-4-4-6	8-1-4-8-6-5-4-4-5-2-2-10	4-3-9-6-6-5-3-2-8-5-5-10	5-10-4-6-1-8-5-6-4-5-2-7	10-6-7-6-4-6-4-3-6-6-5-5	4-1-3-3-3-8-3-5-5-5-6-5	5-6-5-5-4-5-7-5-5-8-5-5
718	6	5-7-6-5-7-7-6-6-5-5-6-5	1-7-7-1-8-6-5-8-7-5-5-5	5-5-5-5-8-5-7-5-7-7-7-7	5-5-5-7-5-5-7-1-7-6-4-5	1-5-5-4-5-6-5-5-6-5-5-5	5-5-4-8-5-2-5-5-6-6-1-5	7-1-6-5-5-6-6-5-6-6-0-4	4-2-5-5-6-5-4-7-2-6-5-2	0-0-5-5-4-5-0-5-7-5-4-5	0-5-6-5-5-5-5-1-5-5-4-2	7-5-4-7-5-5-5-5-5-5-5-4	7-5-5-5-7-1-5-1-7-7-1-7
718	7	8-6-8-8-4-6-8-6-5-5-7-8	7-6-6-8-6-5-8-9-8-8-8-8	5-8-5-5-9-8-8-8-6-8-6-6	8-7-5-8-9-9-6-7-8-9-8-5	9-5-5-9-5-7-8-8-7-5-9-9	5-9-9-7-5-5-8-8-6-6-3-9	6-6-3-5-8-5-6-8-6-6-7-8	7-9-9-8-7-5-10-10-9-5-5-0	10-0-8-8-9-1-4-9-4-5-9-5	7-9-5-5-7-10-8-3-8-0-9-5	9-7-6-6-10-5-0-7-6-9-1-7	6-9-5-5-6-1-5-4-6-6-7-6
718	8	7-10-7-10-6-8-8-10-8-9-7-7	9-9-9-7-9-9-7-7-9-7-7-7	0-7-7-5-7-7-9-7-7-7-9-6	7-5-5-7-7-7-9-5-9-7-7-5	7-5-5-7-5-9-9-7-8-8-7-7	7-7-7-7-8-5-7-7-8-8-3-8	7-1-6-5-7-8-9-9-8-8-7-7	4-7-5-7-7-5-4-7-7-8-1-0	5-0-7-7-8-5-0-7-4-7-7-5	0-5-8-1-9-5-7-4-7-9-5-9	10-7-9-3-9-5-0-0-5-2-5-3	9-7-5-5-9-1-7-0-1-5-9-9
718	9	10-8-7-7-6-10-10-10-9-9-7-10	8-8-8-7-9-8-7-7-10-7-8-10	10-7-7-5-7-7-8-9-6-8-8-10	7-5-5-7-7-7-10-7-8-7-7-10	7-5-5-7-9-8-10-7-9-5-7-7	10-7-7-7-9-10-10-7-9-9-4-7	10-1-6-5-10-9-8-8-9-8-2-7	9-7-5-7-7-5-4-7-7-9-10-9	9-9-8-7-7-7-10-7-10-9-7-5	2-7-5-10-8-4-7-8-10-5-9-8	7-9-8-9-9-5-10-5-5-7-9-7	5-7-5-5-8-1-2-1-6-5-8-8
718	10	10-8-10-8-10-9-9-10-9-9-7-9	9-8-10-7-10-10-9-10-10-10-9-9	10-10-10-9-9-10-10-9-10-10-9-10	9-10-10-10-10-10-9-10-9-10-10-9	7-5-10-10-10-8-9-10-10-10-1-10	9-10-7-9-10-9-9-10-10-10-10-9	9-10-10-8-9-10-10-10-10-10-9-10	10-10-10-9-10-10-7-7-7-5-9-10	7-9-10-10-7-10-10-5-9-4-7-10	5-10-6-10-10-7-10-6-9-10-10-10	8-1-3-8-7-5-9-10-10-10-10-10	7-9-5-5-9-10-10-10-10-10-3-10
719	0	0-0-0-0-0-0-0-0-0-0-0-0	0-0-0-0-0-0-0-0-0-0-0-0	0-0-0-0-0-0-0-0-0-0-0-0	0-0-0-0-0-0-0-0-0-0-0-0	0-0-0-0-0-0-0-0-0-0-0-0	0-0-0-0-0-0-0-0-0-0-0-0	0-0-0-0-0-0-0-0-0-0-0-0	0-0-0-0-0-0-0-0-0-0-0-0	0-0-0-0-0-0-0-0-0-0-0-0	0-0-0-0-0-0-0-0-0-0-0-0	0-0-0-0-0-0-0-0-0-0-0-0	0-0-0-0-0-0-0-0-0-0-0-0
719	1	1-1-1-1-1-1-1-1-1-1-1-1	1-0-0-1-0-0-1-0-2-2-0-0	1-2-2-1-0-2-0-2-0-0-0-0	2-0-0-0-1-2-0-2-0-0-0-1	0-1-4-0-2-0-2-1-0-1-0-4	0-3-0-0-0-0-0-0-0-0-0-0	4-0-1-3-0-0-0-0-0-0-0-0	1-0-3-0-0-2-0-0-1-1-1-0	0-2-2-0-0-0-2-0-0-1-2-0	1-0-0-0-0-0-0-0-2-1-0-0	3-0-0-0-3-1-0-1-0-0-0-1	1-0-4-1-1-1-1-1-0-0-1-0
719	2	2-1-2-2-2-2-2-2-2-2-2-2	3-2-2-3-0-2-1-3-1-1-3-3	3-1-1-5-3-1-3-3-4-3-3-3	3-1-1-3-3-3-3-4-3-1-3-1	4-1-1-4-1-3-3-3-0-2-4-3	3-1-3-0-2-4-3-2-0-2-0-4	1-3-2-1-3-2-2-3-0-2-4-4	0-5-5-3-5-1-2-5-2-2-1-0	5-1-3-5-5-4-1-3-6-2-5-2	2-5-0-3-3-5-4-2-3-3-3-5	5-5-0-0-1-1-1-1-5-2-3-1	1-2-2-1-3-2-3-1-2-2-2-5
719	3	3-3-3-3-3-3-3-3-2-3-3-3	2-4-3-2-4-3-2-4-4-3-2-4	4-2-2-2-2-3-4-5-5-2-4-3	2-3-4-2-2-2-4-3-4-0-4-1	2-1-1-3-3-2-4-2-4-3-0-2	2-1-2-4-3-2-2-2-3-3-3-3	1-2-3-1-2-3-4-5-3-4-1-2	3-2-2-4-2-1-8-4-2-3-1-4	5-1-2-2-3-0-1-2-4-4-4-4	1-2-3-4-4-2-2-3-4-4-4-2	1-4-1-4-1-4-0-1-1-2-2-3	1-2-1-1-2-3-2-4-2-2-7-2
719	4	4-4-3-4-4-4-4-4-4-2-3-4	2-5-5-2-4-3-1-3-5-4-5-3	3-4-2-5-2-2-3-5-5-5-5-4	2-5-5-2-2-2-3-2-5-5-3-1	2-1-1-5-1-3-5-4-5-1-2-1	2-1-5-3-4-2-5-2-4-4-5-2	1-2-4-1-5-4-5-5-0-3-2-2	3-2-2-3-4-1-2-3-4-3-5-3	4-1-5-2-4-2-5-2-3-3-3-3	3-2-4-3-3-2-2-7-3-3-3-2	5-4-9-9-9-4-1-1-7-2-2-0	5-2-1-2-2-2-2-3-7-4-7-2
719	5	5-5-5-6-4-5-5-5-5-5-6-9	5-4-4-6-5-4-6-5-4-4-6-6	7-6-8-6-5-6-4-4-4-4-4-5	5-4-4-5-2-6-4-2-4-4-4-7	2-7-8-4-7-3-4-6-4-1-2-9	6-6-4-5-5-5-4-2-4-4-4-5	9-2-3-7-4-5-4-4-0-5-7-6	5-2-2-3-2-7-3-4-5-5-7-7	5-7-4-2-2-0-7-7-4-5-2-5	6-2-5-6-4-2-4-4-5-7-5-2	4-2-5-0-5-5-5-1-6-2-6-5	5-5-5-5-5-5-2-5-5-6-3-2
719	6	7-6-7-7-7-7-9-7-7-7-7-9	7-7-7-5-8-7-5-7-7-7-7-7	6-5-8-7-7-7-7-7-7-7-7-6	7-6-7-7-6-6-7-8-6-8-6-5	8-8-6-8-5-6-7-6-7-7-8-6	7-6-7-6-5-7-7-7-7-6-3-6	9-7-6-5-5-7-4-6-6-7-7-7	7-6-2-6-6-5-6-6-6-6-7-6	7-5-9-6-8-6-5-5-7-7-9-7	7-7-6-7-7-9-7-3-5-6-7-7	7-9-7-6-7-9-5-1-9-7-7-6	9-9-6-5-7-8-8-8-6-7-6-9
719	7	6-6-6-8-6-6-6-6-6-6-6-6	6-6-6-6-6-6-8-8-6-6-8-6	5-8-6-6-8-6-8-6-6-6-6-8	6-5-6-6-8-8-6-6-6-6-8-5	2-5-6-6-5-7-8-7-6-6-6-8	8-6-6-8-4-8-8-8-6-7-4-8	5-6-6-5-6-6-4-8-7-6-8-6	6-7-5-7-8-5-9-8-7-3-8-5	6-5-6-8-9-6-5-5-6-6-8-6	6-6-6-6-6-8-6-4-5-5-6-8	6-6-6-6-6-5-5-1-6-6-6-6	6-8-5-5-6-6-6-6-4-8-8-6
719	8	6-6-6-7-6-6-6-6-6-6-6-6	6-6-6-7-6-6-7-7-6-6-7-6	5-7-6-6-7-8-7-6-6-7-8-7	8-8-8-6-7-7-6-6-7-6-7-5	6-6-5-6-8-8-7-7-8-8-6-7	7-6-7-7-8-7-7-7-8-8-3-7	9-6-6-5-9-8-8-7-8-6-7-6	8-7-2-7-7-5-3-7-8-0-7-5	8-5-8-7-6-0-8-5-6-6-7-6	6-6-6-6-7-7-6-4-5-6-6-7	6-6-6-0-6-5-5-1-6-6-6-8	6-7-6-8-8-6-6-6-7-7-7-2
719	9	9-6-7-7-9-6-6-9-6-6-6-6	6-6-9-7-9-6-7-7-9-9-7-6	9-9-9-6-7-6-8-6-6-9-6-9	8-9-6-9-9-9-8-9-6-9-9-5	6-5-9-9-9-9-8-9-9-9-6-9	6-9-9-7-9-9-9-9-9-9-9-9	5-9-9-8-9-9-9-9-9-9-6-6	9-8-7-8-9-8-7-7-7-5-5-6	8-8-6-9-7-9-9-5-9-6-6-3	8-9-9-9-9-6-9-4-5-9-6-9	7-6-4-4-4-5-6-6-6-6-9-9	6-6-6-6-6-9-9-5-9-9-8-6
720	0	0-0-0-0-0-0-0-0-0-0-0-0	0-0-0-0-0-0-0-0-0-0-0-0	0-0-0-0-0-0-0-0-0-0-0-0	0-0-0-0-0-0-0-0-0-0-0-0	0-0-0-0-0-0-0-0-0-0-0-0	0-0-0-0-0-0-0-0-0-0-0-0	0-0-0-0-0-0-0-0-0-0-0-0	0-0-0-0-0-0-0-0-0-0-0-0	0-0-0-0-0-0-0-0-0-0-0-0	0-0-0-0-0-0-0-0-0-0-0-0	0-0-0-0-0-0-0-0-0-0-0-0	0-0-0-0-0-0-0-0-0-0-0-0
720	1	1-1-1-1-1-1-1-1-1-1-1-1	2-1-1-3-0-1-3-1-2-1-1-2	1-2-2-4-2-3-2-1-0-3-1-1	2-2-0-2-2-2-2-2-1-0-2-1	2-0-3-2-4-1-2-2-1-0-2-3	2-2-2-2-0-2-2-2-0-1-0-2	3-3-1-0-2-0-1-2-0-1-7-2	0-3-8-2-2-1-1-2-3-4-2-1	0-0-2-2-1-0-0-2-0-2-2-1	7-2-1-0-2-1-2-1-2-0-2-3	0-1-1-0-2-0-1-0-0-2-2-1	1-2-3-2-0-2-2-2-4-1-4-4
720	2	2-2-1-2-2-2-2-2-1-1-2-1	1-2-2-1-1-1-1-3-1-1-1-1	0-2-1-1-1-1-3-5-3-4-3-2	1-1-3-1-1-1-1-1-3-2-3-1	1-0-1-1-1-3-3-1-2-0-1-1	1-1-1-1-2-1-3-1-2-2-3-1	1-1-2-1-1-2-2-3-2-2-1-1	2-1-1-3-1-0-6-1-1-2-1-0	2-5-1-1-2-0-3-1-3-1-1-2	0-1-2-3-1-3-1-4-3-2-3-1	2-1-3-3-4-0-3-3-0-1-1-2	2-1-1-1-3-1-1-1-1-4-2-1
720	3	1-3-1-3-4-3-3-3-1-3-1-1	1-4-3-1-4-3-1-4-1-1-1-3	2-3-1-1-1-1-4-4-2-1-4-4	1-4-4-5-1-1-4-1-4-7-2-1	1-0-1-3-1-2-4-3-5-0-1-1	1-1-1-1-3-1-4-1-3-3-7-1	1-1-3-0-2-0-4-2-3-2-1-1	5-1-0-2-1-0-3-1-1-3-1-4	6-4-4-1-3-6-2-4-2-6-2-2	0-1-7-4-2-2-6-4-2-0-5-1	6-6-2-2-6-0-2-3-4-1-4-3	2-1-1-4-2-1-1-1-1-3-2-1
720	4	5-5-4-4-3-4-5-1-4-5-4-5	6-3-3-1-3-5-1-6-5-6-5-6	5-5-6-1-5-6-5-6-5-2-3-3	5-5-5-3-5-5-3-1-3-5-2-7	1-7-1-3-6-2-5-6-3-4-1-5	5-5-2-5-4-6-5-5-2-3-3-6	2-1-3-5-5-7-3-3-4-2-0-1	4-1-0-5-1-6-2-1-8-1-5-3	3-6-3-5-3-3-7-6-5-4-3-3	6-2-4-3-5-3-3-3-5-6-6-1	0-3-3-2-2-8-6-0-6-4-3-4	2-5-4-6-0-1-3-6-1-2-1-1
720	5	5-4-5-5-6-5-5-5-4-4-5-4	4-3-6-1-5-4-4-3-6-4-4-4	4-4-4-5-4-4-6-8-6-7-6-4	4-4-4-7-4-4-6-1-6-4-5-4	1-0-4-1-4-6-6-4-3-5-4-4	4-4-2-4-4-4-4-4-5-5-5-5	1-1-5-4-4-5-2-3-5-2-0-1	5-1-0-4-1-5-4-5-5-5-5-3	5-2-3-4-3-4-5-4-4-3-3-5	0-5-5-3-4-8-3-8-4-4-3-5	0-1-3-3-4-0-5-0-4-4-4-5	5-4-4-4-0-5-5-2-5-5-5-8
720	6	7-8-6-8-5-6-7-6-6-6-6-6	4-5-5-7-7-5-7-7-7-4-7-4	4-4-4-6-7-7-7-4-5-6-5-7	7-7-4-6-7-7-5-7-5-4-7-6	6-4-7-7-4-7-7-7-6-6-6-7	6-6-7-6-4-4-7-7-3-3-2-5	8-3-2-4-4-5-3-7-2-2-7-7	3-7-7-7-7-4-8-8-6-8-7-4	8-4-2-8-3-6-2-7-8-3-7-2	7-7-4-7-7-4-7-0-4-4-4-7	7-3-3-2-3-8-4-6-4-7-6-6	5-7-4-7-7-6-1-4-6-7-8-1
720	7	6-8-6-6-6-8-8-6-8-6-6-8	8-5-5-6-7-7-6-6-6-4-6-8	8-6-6-6-6-6-6-7-5-6-7-6	6-6-4-6-6-6-8-6-6-4-6-8	6-4-6-6-7-6-6-6-7-7-1-6	8-7-6-8-7-4-6-6-3-2-3-7	8-1-7-4-7-4-8-8-7-5-6-6	7-6-6-6-6-5-8-8-1-5-6-7	7-7-7-8-8-7-4-6-3-7-6-2	6-6-4-6-6-4-6-5-8-7-4-6	8-7-6-2-3-8-7-6-4-6-3-3	2-6-8-6-6-6-1-4-1-6-7-1
720	8	8-7-6-6-8-7-7-8-7-7-6-7	7-8-8-6-8-8-7-8-8-8-6-7	8-8-8-7-8-8-8-5-5-8-7-8	6-8-8-8-8-8-7-8-7-8-8-7	6-4-8-8-8-8-7-8-8-8-1-8	7-8-7-7-8-6-8-8-8-8-8-8	6-8-8-8-8-8-7-7-8-8-6-6	8-8-8-6-8-6-6-7-4-6-6-8	6-8-8-8-1-8-8-6-6-7-6-8	6-8-4-4-8-5-8-5-7-8-3-8	7-1-3-3-3-6-7-6-8-8-8-8	8-7-7-2-2-8-8-8-8-8-6-1
721	0	0-0-0-0-0-0-0-0-0-0-0-0	0-0-0-0-0-0-0-0-0-0-0-0	0-0-0-0-0-0-0-0-0-0-0-0	0-0-0-0-0-0-0-0-0-0-0-0	0-0-0-0-0-0-0-0-0-0-0-0	0-0-0-0-0-0-0-0-0-0-0-0	0-0-0-0-0-0-0-0-0-0-0-0	0-0-0-0-0-0-0-0-0-0-0-0	0-0-0-0-0-0-0-0-0-0-0-0	0-0-0-0-0-0-0-0-0-0-0-0	0-0-0-0-0-0-0-0-0-0-0-0	0-0-0-0-0-0-0-0-0-0-0-0
721	1	1-1-1-1-0-1-1-1-1-1-1-1	1-0-0-1-0-1-2-2-0-1-0-0	1-1-2-1-1-0-2-2-1-0-3-1	2-1-2-1-1-2-0-4-4-2-0-1	0-1-1-0-2-0-2-2-2-0-1-1	0-1-0-0-0-0-2-1-1-0-0-2	0-0-0-3-0-1-0-0-0-1-1-2	0-0-0-2-0-2-0-0-0-2-0-0	0-2-0-0-3-0-2-2-0-0-0-0	0-0-1-0-0-1-0-0-2-2-3-0	3-0-2-0-5-1-3-3-3-1-0-1	1-0-1-1-1-1-1-1-1-1-1-1
721	2	2-1-2-1-3-2-2-4-2-2-2-2	3-0-0-2-0-1-1-1-1-3-3-3	1-3-1-3-3-3-1-1-3-3-1-3	3-1-1-4-3-3-0-1-3-1-3-1	6-1-2-5-1-2-3-3-1-5-3-5	3-3-3-2-0-3-3-5-0-0-0-3	4-4-0-1-3-0-2-3-0-2-5-3	0-4-2-3-5-1-9-8-2-1-0-0	0-1-3-4-4-3-1-1-1-2-4-2	3-3-0-7-3-4-3-0-3-1-0-4	1-4-1-1-1-1-1-1-0-3-3-1	1-4-2-4-1-2-4-1-2-2-2-4
721	3	3-3-2-3-3-3-3-3-3-2-4-3	2-4-4-2-0-4-1-5-4-4-2-4	4-2-5-2-2-2-4-4-4-2-4-2	2-2-1-2-2-2-4-1-2-3-2-1	2-1-1-3-3-2-4-2-3-3-2-2	2-2-2-2-4-2-2-2-3-3-6-2	2-2-4-1-2-3-5-2-0-5-1-2	3-2-1-5-2-4-7-4-3-6-6-4	4-1-2-2-1-2-1-1-5-3-2-5	4-2-3-0-2-6-2-8-2-4-1-3	8-0-9-6-1-1-1-1-1-2-2-0	1-2-1-1-1-2-2-1-6-2-6-2
721	4	5-3-5-4-4-4-5-4-4-4-3-5	4-3-3-5-5-3-5-6-5-5-5-5	5-5-8-5-4-5-5-5-6-5-3-5	5-5-5-5-2-5-7-1-3-3-5-9	2-5-1-4-5-2-5-5-3-4-2-9	5-1-2-4-3-5-3-2-3-0-0-5	7-2-3-5-5-6-3-5-0-4-7-5	6-2-7-3-2-5-2-3-5-4-4-6	7-6-5-2-2-4-7-6-3-4-2-5	5-6-0-5-6-2-0-3-5-6-7-2	7-2-4-5-6-7-6-6-5-7-2-4	4-2-7-2-7-7-2-7-7-2-3-2
721	5	4-6-4-5-6-5-5-5-5-4-4-4	4-6-6-4-4-6-4-4-4-4-4-4	4-4-4-4-2-4-4-4-6-4-6-6	4-4-6-4-2-4-4-2-6-5-6-4	2-4-1-2-4-5-6-4-5-4-2-2	4-1-3-4-3-4-6-2-6-5-0-5	6-6-8-4-4-5-6-4-5-3-2-6	5-2-2-3-2-4-6-0-4-5-4-4	4-4-4-2-5-4-4-4-3-4-2-4	4-2-5-4-3-3-2-3-4-4-4-2	4-6-8-4-1-4-4-4-4-2-6-5	1-2-4-6-4-7-2-4-4-2-5-2
721	6	8-5-6-8-5-5-7-8-9-9-8-7	4-5-5-6-8-5-4-4-4-5-7-7	8-8-7-2-7-7-7-5-4-7-5-7	7-8-5-8-8-8-7-8-7-7-8-1	2-1-8-7-4-2-7-7-6-5-8-7	7-7-8-2-3-4-7-8-5-3-3-7	5-7-5-3-7-4-5-7-0-3-8-7	4-7-4-7-7-5-9-9-4-3-6-4	4-4-4-7-8-7-4-4-3-6-8-6	4-4-5-7-7-8-7-3-4-4-4-2	4-6-5-3-4-4-4-4-4-2-5-6	5-8-7-7-4-4-2-4-3-4-3-2
721	7	6-7-6-9-5-7-7-7-7-4-7-6	4-5-7-6-8-7-4-8-4-6-6-6	4-6-6-6-6-6-8-5-9-6-8-6	6-4-4-6-6-6-8-6-8-8-7-4	8-1-6-6-6-8-8-6-7-7-6-6	6-8-6-4-7-4-6-8-7-7-8-6	4-6-7-9-6-7-8-6-7-7-6-6	4-6-4-6-6-4-8-6-9-4-8-4	4-4-4-6-4-2-4-4-7-6-6-5	4-4-7-8-8-6-2-3-6-7-4-6	4-6-4-3-4-4-4-4-4-4-6-7	7-6-4-6-4-5-6-4-4-8-8-7
721	8	9-9-6-6-7-9-9-6-9-8-6-9	9-5-7-6-6-9-9-7-9-6-9-7	4-6-4-8-6-8-7-5-9-6-7-6	6-6-8-6-6-6-7-6-7-7-6-4	7-4-6-6-8-7-7-6-8-8-6-6	9-7-6-9-8-4-6-7-7-7-7-8	9-2-5-9-9-8-7-9-8-7-6-6	8-8-2-7-2-8-7-6-9-4-7-4	8-4-9-8-6-0-7-4-0-4-6-8	7-6-8-7-7-6-8-3-9-4-4-2	3-8-5-3-9-4-4-4-6-8-8-8	9-6-8-8-4-8-2-4-3-7-7-2
721	9	9-8-6-7-9-8-8-9-8-6-6-9	8-5-9-6-9-8-8-9-9-9-8-9	9-9-9-2-9-9-8-8-8-9-9-9	8-9-9-9-9-9-8-9-8-9-9-4	6-4-9-9-9-7-8-9-9-9-2-9	8-9-9-8-9-4-9-9-9-9-9-9	8-9-9-9-8-9-7-9-9-9-6-9	9-8-9-8-9-8-6-6-8-8-8-8	8-4-9-8-6-9-9-8-9-5-6-0	8-9-9-9-9-6-9-8-9-9-7-9	4-8-7-7-8-8-4-4-4-8-9-9	9-8-1-2-7-9-9-4-9-9-3-9
722	0	0-0-0-0-0-0-0-0-0-0-0-0	0-0-0-0-0-0-0-0-0-0-0-0	0-0-0-0-0-0-0-0-0-0-0-0	0-0-0-0-0-0-0-0-0-0-0-0	0-0-0-0-0-0-0-0-0-0-0-0	0-0-0-0-0-0-0-0-0-0-0-0	0-0-0-0-0-0-0-0-0-0-0-0	0-0-0-0-0-0-0-0-0-0-0-0	0-0-0-0-0-0-0-0-0-0-0-0	0-0-0-0-0-0-0-0-0-0-0-0	0-0-0-0-0-0-0-0-0-0-0-0	0-0-0-0-0-0-0-0-0-0-0-0
722	1	1-1-1-1-1-1-1-0-1-1-1-1	2-0-0-1-0-2-2-0-2-1-2-2	4-2-3-0-2-2-2-2-0-1-2-2	2-2-2-2-2-2-0-1-2-0-2-4	0-1-1-0-3-0-2-2-0-2-1-2	2-2-0-1-0-1-2-2-0-0-0-0	2-0-0-1-2-0-0-2-0-1-0-0	1-0-0-2-0-3-0-0-6-1-2-0	1-3-2-2-0-0-1-2-0-2-1-0	0-2-1-0-0-1-0-0-2-3-1-0	0-0-1-1-1-1-2-1-0-2-2-1	1-2-2-1-2-1-2-1-1-1-1-1
722	2	2-2-2-2-2-2-2-2-2-1-2-2	1-3-3-1-0-1-1-3-1-1-1-3	3-1-1-0-1-1-3-1-0-3-3-1	1-1-1-1-1-1-1-1-3-1-3-2	1-1-6-1-1-3-3-1-0-1-2-1	1-1-0-1-0-3-3-1-3-2-0-2	1-0-3-1-1-2-0-1-2-3-3-1	0-0-3-3-3-1-2-3-0-3-1-2	2-1-1-1-3-4-1-1-3-1-2-0	1-1-2-1-0-0-0-2-1-5-1-0	2-0-2-6-1-1-1-2-2-1-1-1	3-1-1-1-1-1-1-1-1-2-6-2
722	3	3-2-3-3-2-3-3-3-3-3-3-4	4-2-2-4-0-1-4-2-4-1-4-4	2-5-1-6-4-5-4-5-4-4-2-3	4-4-4-3-5-4-5-5-4-5-2-3	4-1-3-4-1-2-4-4-3-3-3-4	4-5-4-8-3-4-4-3-2-0-0-4	4-5-2-3-4-0-5-4-3-2-4-4	3-3-4-4-5-1-4-2-5-2-3-2	3-1-4-4-5-6-1-4-2-2-5-3	3-5-1-0-4-5-0-2-4-1-0-3	2-6-3-2-4-3-1-3-1-4-3-3	2-4-3-3-4-3-4-3-3-3-3-5
722	4	4-5-3-8-4-4-4-4-4-4-4-3	3-5-5-3-6-5-3-5-3-5-3-3	5-3-3-3-3-3-5-5-3-3-5-5	3-3-3-3-3-3-7-3-5-6-4-1	3-1-1-3-1-5-5-3-6-4-1-3	3-6-5-4-6-3-5-3-4-4-6-4	3-3-5-8-3-4-4-3-4-7-3-3	4-5-3-3-3-3-3-0-3-4-1-0	5-1-3-3-6-5-1-3-6-5-3-4	3-3-8-3-3-3-0-7-3-1-3-3	7-3-3-7-3-3-1-4-1-3-3-6	7-3-1-1-3-3-3-1-3-5-8-7
722	5	5-4-5-6-5-4-5-5-5-5-5-7	5-4-4-3-7-4-5-4-6-4-6-6	7-6-6-3-3-3-4-7-7-3-4-4	6-6-6-3-3-6-3-3-4-4-6-8	3-6-1-3-6-4-6-6-4-3-6-8	3-3-4-5-5-8-4-6-4-4-0-5	8-3-4-8-3-0-3-6-3-4-6-3	6-3-6-4-3-6-2-5-3-6-6-6	6-6-7-3-3-5-6-6-6-5-3-4	6-6-2-6-6-3-0-4-6-6-6-3	6-3-5-4-6-6-6-6-6-3-3-5	6-3-5-5-6-6-3-6-6-6-5-3
722	6	7-4-6-5-6-6-6-6-6-6-6-6	5-4-4-8-5-4-5-7-5-7-7-5	6-7-5-7-7-5-7-5-5-5-6-7	7-5-5-7-7-7-4-7-7-4-7-5	7-5-2-7-6-7-7-7-4-4-7-7	7-4-7-6-4-5-7-7-4-6-4-4	7-6-4-5-8-6-4-8-0-8-7-3	5-6-5-6-7-5-8-7-5-5-5-5	5-5-1-6-7-3-5-5-4-7-7-4	5-5-1-5-5-7-6-4-5-5-5-6	5-3-7-2-5-5-5-5-5-6-6-6	5-6-6-7-5-5-6-5-5-5-7-7
722	7	6-8-6-5-6-8-8-6-8-6-6-5	8-4-4-6-5-8-5-6-8-7-8-5	6-6-6-6-6-7-6-5-8-6-7-6	6-7-7-6-6-6-8-6-6-7-6-6	6-5-6-6-7-6-6-6-7-7-6-6	8-8-6-8-7-5-6-6-7-7-4-7	6-6-4-8-8-7-7-8-7-7-6-3	7-6-5-6-6-7-8-6-7-8-6-5	7-5-7-7-6-7-7-6-2-6-6-4	7-7-7-4-7-6-7-4-8-7-7-7	4-7-6-4-8-7-5-7-7-7-7-7	8-8-7-7-7-7-7-5-6-5-6-7
722	8	8-7-6-4-8-7-7-8-7-5-6-8	7-8-8-6-8-7-7-6-8-8-7-5	8-8-8-6-8-8-7-7-7-8-8-8	8-8-8-8-8-8-7-8-8-8-8-5	6-5-8-8-8-8-7-8-8-8-6-6	7-8-8-7-8-5-8-8-8-8-8-7	5-8-8-8-7-8-4-8-8-8-5-6	8-7-8-7-8-7-6-6-7-7-5-5	5-8-8-7-6-8-8-6-8-7-6-0	7-5-8-8-8-6-8-7-8-8-8-8	5-8-8-8-7-7-5-5-5-7-8-8	7-7-1-8-5-8-0-5-8-8-6-8
723	0	0-0-0-0-0-0-0-0-0-0-0-0	0-0-0-0-0-0-0-0-0-0-0-0	0-0-0-0-0-0-0-0-0-0-0-0	0-0-0-0-0-0-0-0-0-0-0-0	0-0-0-0-0-0-0-0-0-0-0-0	0-0-0-0-0-0-0-0-0-0-0-0	0-0-0-0-0-0-0-0-0-0-0-0	0-0-0-0-0-0-0-0-0-0-0-0	0-0-0-0-0-0-0-0-0-0-0-0	0-0-0-0-0-0-0-0-0-0-0-0	0-0-0-0-0-0-0-0-0-0-0-0	0-0-0-0-0-0-0-0-0-0-0-0
723	1	1-1-1-1-1-0-1-1-1-1-1-1	2-0-0-2-0-1-1-0-0-2-2-2	0-2-3-0-2-2-2-2-0-3-2-0	2-2-1-3-3-2-0-3-2-3-3-1	3-1-2-3-0-0-2-2-0-2-2-3	2-2-3-1-0-2-2-0-0-0-0-2	0-1-0-1-2-0-0-2-1-0-0-0	0-2-0-2-0-0-0-3-1-0-1-0	0-2-0-2-1-2-1-2-0-1-3-2	2-2-0-2-2-0-2-1-2-0-0-0	1-2-1-0-2-1-1-1-1-1-2-1	1-2-1-1-0-1-2-1-1-1-2-2
723	2	2-2-2-2-2-2-2-2-2-2-2-2	1-3-3-1-0-3-1-3-3-1-1-1	2-1-1-2-1-1-3-3-0-1-3-2	1-1-1-1-1-1-3-4-1-1-3-1	0-0-1-1-0-3-3-1-3-1-1-1	1-1-1-2-2-1-3-0-2-2-2-2	0-1-9-0-1-2-2-1-2-3-3-0	2-1-0-1-0-2-3-2-1-0-3-2	2-1-2-1-5-1-2-1-0-2-0-1	1-1-0-3-3-0-1-4-1-6-0-2	3-2-4-2-1-2-0-3-3-1-1-2	1-1-1-2-3-1-1-0-1-2-4-1
723	3	3-3-3-5-2-2-3-2-3-3-4-5	3-2-2-3-0-2-3-2-4-2-1-5	5-4-4-6-5-4-5-2-4-1-2-3	4-3-5-1-1-1-2-6-1-1-1-5	1-4-5-1-4-2-4-3-4-3-1-1	4-1-1-3-3-1-2-0-0-0-0-4	4-1-2-5-0-3-2-3-0-2-5-4	3-2-5-3-3-4-2-1-3-3-2-2	3-3-4-1-5-0-3-3-0-3-3-4	4-3-6-2-4-5-1-0-3-3-5-3	2-3-2-2-3-3-4-5-5-3-1-4	3-1-3-5-4-3-3-3-1-5-3-0
723	4	3-2-3-3-3-4-4-4-3-4-3-4	5-2-2-5-0-5-3-6-5-5-5-5	3-3-3-6-7-3-3-3-3-5-4-5	5-3-4-5-5-5-6-6-4-1-4-2	4-3-3-1-3-5-5-5-3-6-6-1	6-6-5-1-4-6-5-4-4-0-2-3	6-6-5-3-5-4-4-5-0-4-3-3	2-6-9-5-4-3-2-10-4-4-9-5	3-3-5-6-6-4-3-3-4-2-6-3	3-5-0-3-5-6-0-2-5-4-3-6	2-6-2-6-3-3-3-3-0-4-5-3	3-5-3-3-3-5-5-3-1-4-2-6
723	5	6-5-3-5-5-5-5-5-3-3-6-3	4-6-6-4-5-6-3-6-4-5-4-4	3-4-4-3-6-3-6-6-6-4-6-6	4-3-3-4-4-4-2-1-6-6-6-3	4-3-3-1-5-4-6-4-6-3-1-3	4-4-6-4-5-4-6-5-5-5-9-5	4-4-4-3-4-5-8-4-2-0-3-4	5-1-3-4-4-3-9-6-4-8-6-5	3-3-4-4-2-1-3-6-6-5-5-6	3-4-5-4-4-4-4-10-4-5-3-5	3-2-10-10-10-6-0-3-3-4-4-5	3-4-3-3-3-4-4-3-9-3-5-5
723	6	5-5-6-7-6-6-6-6-6-6-5-7	7-5-5-4-7-5-7-5-4-7-7-7	9-7-6-7-6-7-5-7-5-4-5-5	7-7-3-4-4-4-4-3-5-5-5-3	4-9-10-6-8-5-5-6-5-4-4-1	4-4-5-6-8-10-5-4-4-0-2-3	4-4-2-5-6-3-5-7-6-4-10-4	6-4-4-5-4-5-5-4-4-6-6-9	8-6-7-4-4-6-8-5-6-6-4-5	7-8-3-8-2-4-0-5-6-8-7-4	8-4-6-4-3-5-9-8-8-4-3-6	6-4-3-6-6-4-4-6-7-8-5-4
723	7	8-7-8-6-8-8-8-9-8-8-8-10	8-8-7-4-9-8-6-7-8-8-6-8	7-8-8-9-8-8-6-8-8-8-8-7	8-6-8-9-8-6-8-7-8-8-8-7	9-9-8-6-7-7-7-7-8-7-9-7	7-8-5-7-8-8-8-8-9-7-0-8	10-7-7-7-8-7-5-8-7-9-10-8	7-4-4-7-7-8-7-8-4-8-6-7	7-6-6-6-8-9-7-8-9-7-8-8	8-6-7-7-8-9-8-7-6-8-6-4	6-10-7-5-3-8-6-10-10-7-9-8	8-10-7-3-8-7-9-6-6-5-7-10
723	8	8-8-10-9-7-7-7-8-7-7-9-9	7-7-9-9-7-7-9-8-7-7-10-7	8-9-9-7-9-7-9-7-7-7-7-8	7-6-7-8-9-9-7-9-7-7-9-7	9-7-8-9-6-9-9-9-7-7-8-9	8-10-9-7-6-7-7-7-7-7-0-9	10-7-7-5-7-9-5-9-7-9-9-8	7-9-6-9-9-7-10-9-4-7-9-6	10-6-7-9-9-7-6-9-7-9-9-6	7-9-7-6-9-7-9-9-10-7-9-9	6-7-9-9-7-7-6-6-6-7-7-7	7-9-8-9-9-6-7-6-9-6-9-7
723	9	8-8-8-8-7-7-7-8-7-7-8-8	7-7-8-8-7-7-8-8-8-7-8-8	6-8-8-7-8-8-8-7-8-7-9-8	8-9-9-8-8-8-10-8-8-7-8-6	8-7-8-8-9-8-8-8-9-7-7-8	10-8-8-8-9-6-8-7-9-9-5-8	10-8-2-3-10-8-5-8-9-7-8-8	9-8-4-8-8-10-5-8-10-6-8-6	9-6-9-8-8-7-9-8-7-8-8-3	9-8-9-6-8-7-8-9-10-9-8-8	2-7-8-8-3-9-6-3-7-9-7-9	10-10-7-9-8-7-7-6-8-6-8-7
723	10	10-9-8-8-8-7-7-10-8-7-8-7	7-10-10-8-10-7-8-8-8-10-8-8	10-10-8-7-10-8-9-7-8-10-7-10	10-10-7-10-10-10-9-10-10-10-10-3	8-6-10-10-10-10-9-10-10-10-8-8	9-8-10-8-10-6-10-10-10-10-10-10	9-10-10-9-9-10-10-8-10-10-6-7	10-8-4-9-10-9-8-8-9-7-7-9	9-9-9-9-4-10-10-8-7-7-8-10	9-8-10-10-10-8-8-5-9-10-10-10	6-7-5-5-5-7-6-6-7-9-10-9	7-9-3-7-9-10-10-6-10-10-8-7
724	0	0-0-0-0-0-0-0-0-0-0-0-0	0-0-0-0-0-0-0-0-0-0-0-0	0-0-0-0-0-0-0-0-0-0-0-0	0-0-0-0-0-0-0-0-0-0-0-0	0-0-0-0-0-0-0-0-0-0-0-0	0-0-0-0-0-0-0-0-0-0-0-0	0-0-0-0-0-0-0-0-0-0-0-0	0-0-0-0-0-0-0-0-0-0-0-0	0-0-0-0-0-0-0-0-0-0-0-0	0-0-0-0-0-0-0-0-0-0-0-0	0-0-0-0-0-0-0-0-0-0-0-0	0-0-0-0-0-0-0-0-0-0-0-0
724	1	1-1-1-3-1-1-1-2-1-1-2-2	2-2-1-2-2-2-2-2-2-2-2-2	1-2-1-1-2-2-2-2-2-1-3-2	2-0-2-2-2-2-2-2-2-2-2-2	2-2-1-3-2-1-2-1-2-2-4-1	2-2-2-3-2-2-2-2-2-1-0-0	2-1-1-1-2-1-2-2-1-4-1-3	1-1-7-1-1-3-2-1-1-2-3-1	1-0-2-1-2-6-1-4-2-1-1-1	3-1-1-2-1-1-2-2-2-1-0-1	1-10-1-0-1-1-1-1-2-1-2-2	2-1-1-1-1-1-1-4-5-1-1-2
724	2	1-1-1-1-1-1-1-1-1-1-1-1	1-1-1-4-1-1-1-1-1-1-3-1	4-3-4-1-3-1-1-1-1-1-1-1	3-0-1-3-3-3-1-4-1-1-1-1	3-1-3-1-1-1-3-3-1-1-1-4	4-3-3-1-1-4-3-1-1-1-0-4	1-4-1-0-3-2-1-3-1-1-6-1	1-2-2-3-2-1-1-10-2-1-4-0	0-0-3-3-10-2-1-3-1-2-5-2	1-7-1-1-3-6-3-1-3-1-0-4	1-1-1-0-1-2-0-0-1-3-1-1	1-2-3-1-1-1-3-1-0-4-2-1
724	3	1-4-1-3-3-1-1-3-1-1-1-1	1-5-3-2-1-1-2-4-1-1-2-2	1-2-5-1-2-1-4-5-4-2-4-2	2-2-4-2-2-2-4-2-4-4-4-0	2-1-2-1-0-4-4-2-3-1-1-2	1-2-4-1-3-2-4-4-3-3-5-2	4-1-1-5-2-3-6-2-1-3-5-1	5-2-4-4-2-1-6-5-3-5-1-1	1-0-4-2-3-2-5-2-1-3-2-4	1-2-3-4-2-1-2-5-2-1-4-2	1-3-4-3-1-1-4-0-5-2-1-1	4-2-2-3-1-1-2-1-0-6-8-1
724	4	1-3-2-4-3-4-1-1-4-4-1-5	1-3-3-2-1-1-1-3-1-1-6-5	2-4-5-1-5-5-3-3-3-5-3-5	5-5-6-5-2-2-3-2-3-3-3-1	2-1-2-7-8-3-5-4-5-1-7-2	2-2-3-10-4-2-5-3-4-4-3-2	3-2-1-8-2-3-9-5-6-1-5-5	1-2-2-3-2-1-3-2-2-8-2-6	1-0-3-5-4-5-0-5-10-9-3-3	1-2-1-6-6-1-5-3-2-1-3-2	1-8-8-9-6-1-3-3-1-6-5-4	3-6-2-3-1-4-5-1-8-5-3-3
724	5	5-6-5-7-3-4-1-9-4-5-5-7	5-3-3-2-1-1-5-6-7-1-4-6	6-6-6-6-4-4-6-3-6-4-4-6	4-4-5-4-2-2-3-8-3-3-3-6	4-5-2-4-7-3-6-5-4-5-1-2	7-7-4-6-5-6-4-0-5-3-3-6	3-5-4-3-6-5-3-4-4-1-4-4	3-2-8-4-2-9-3-7-9-3-6-8	1-7-6-7-5-4-7-4-1-5-2-5	5-4-5-4-4-7-6-3-7-5-7-2	5-2-1-5-4-9-7-6-7-4-4-5	5-4-5-5-3-5-7-6-1-4-1-1
724	6	7-6-7-7-3-4-5-7-6-6-7-7	7-3-3-7-1-1-7-5-7-6-4-5	5-7-8-5-4-7-7-5-5-4-5-5	7-7-7-4-2-7-7-5-3-3-7-7	1-7-2-4-7-7-7-7-4-5-1-2	7-7-4-8-4-8-4-0-6-3-6-7	10-5-8-7-5-6-3-4-4-6-2-4	6-3-2-7-2-7-3-4-7-4-5-4	7-5-5-7-7-4-6-4-1-7-2-4	1-2-9-4-4-2-5-3-7-7-7-2	6-4-1-4-4-8-6-5-7-4-4-6	5-4-6-7-7-1-3-5-1-4-2-7
724	7	6-8-6-10-7-7-7-6-6-6-6-6	6-8-8-6-7-5-6-8-5-8-6-5	6-6-6-1-8-6-8-9-6-9-8-4	6-8-6-4-2-6-9-2-8-8-8-6	1-6-8-4-6-8-8-6-8-7-4-5	6-6-4-6-7-6-8-7-7-7-3-6	6-2-1-6-5-7-3-4-7-8-2-4	7-2-1-6-2-6-8-5-6-6-5-10	7-5-5-5-6-2-5-5-8-6-2-8	1-2-6-8-5-5-5-10-5-6-6-2	6-7-10-3-9-10-6-5-5-5-4-7	5-4-4-6-6-5-5-5-1-1-3-7
724	8	10-7-10-9-9-9-8-8-8-8-8-9	5-7-7-9-7-1-9-9-9-7-10-9	10-9-9-9-9-9-9-9-9-9-7-8	9-9-7-9-9-9-7-9-9-7-9-8	9-6-9-9-6-9-9-9-7-7-9-9	8-9-9-8-5-6-9-9-5-8-3-9	9-5-6-7-9-6-4-9-8-7-9-5	1-9-5-9-9-6-7-9-5-4-9-5	10-8-6-9-9-2-5-9-7-4-9-7	10-9-6-7-9-9-9-7-5-9-9-9	5-4-4-4-9-6-0-0-9-8-4-5	5-4-9-6-9-1-8-0-9-0-3-1
724	9	8-10-8-8-8-10-10-10-10-8-8-10	10-7-8-8-10-10-8-8-10-7-8-8	10-8-8-10-8-8-8-8-8-8-8-8	8-8-9-8-8-8-10-8-8-5-8-10	8-6-8-8-9-8-8-9-9-9-8-8	10-8-8-8-9-10-8-8-9-9-3-8	10-10-7-9-10-9-4-8-9-7-8-8	9-8-8-8-8-9-7-8-5-5-8-9	10-9-5-9-8-2-5-9-4-4-8-7	10-9-6-9-8-8-8-7-10-8-9-2	10-9-9-4-7-9-9-5-8-9-9-9	5-4-9-6-9-1-8-5-8-4-9-7
724	10	10-9-8-8-10-9-9-10-9-8-8-9	9-10-10-8-10-10-9-10-10-10-8-9	10-10-10-10-10-10-10-9-10-10-9-10	8-10-10-10-10-10-9-10-9-10-10-9	8-8-10-10-10-10-9-10-10-10-8-10	9-10-10-8-10-9-10-10-10-10-10-9	9-10-10-10-9-10-10-9-10-10-9-8	10-10-10-10-10-10-10-8-9-5-9-10	9-9-10-9-2-10-10-9-4-8-8-10	8-10-10-10-10-10-8-7-9-10-10-10	10-1-7-10-9-7-9-10-1-10-10-10	5-4-6-1-9-10-10-10-10-10-2-10
725	0	0-0-0-0-0-0-0-0-0-0-0-0	0-0-0-0-0-0-0-0-0-0-0-0	0-0-0-0-0-0-0-0-0-0-0-0	0-0-0-0-0-0-0-0-0-0-0-0	0-0-0-0-0-0-0-0-0-0-0-0	0-0-0-0-0-0-0-0-0-0-0-0	0-0-0-0-0-0-0-0-0-0-0-0	0-0-0-0-0-0-0-0-0-0-0-0	0-0-0-0-0-0-0-0-0-0-0-0	0-0-0-0-0-0-0-0-0-0-0-0	0-0-0-0-0-0-0-0-0-0-0-0	0-0-0-0-0-0-0-0-0-0-0-0
725	1	1-1-1-1-1-1-1-1-1-1-1-1	0-2-1-0-0-1-0-2-0-1-0-2	1-0-0-0-0-0-2-0-0-0-2-0	0-0-2-0-0-0-0-0-2-2-2-1	0-0-0-0-0-2-2-0-1-0-1-0	4-0-0-0-0-0-2-0-2-1-4-0	4-1-2-0-0-1-0-0-1-1-4-0	1-1-0-2-1-0-1-3-0-0-0-0	1-0-0-0-1-0-0-2-2-0-1-0	0-0-3-0-0-0-0-1-0-0-0-1	0-1-4-0-1-0-0-0-0-0-0-3	2-0-0-0-0-1-1-0-0-4-0-1
725	2	2-2-2-2-1-2-2-2-2-2-2-2	2-1-1-4-2-2-0-1-3-2-3-3	3-3-0-3-3-3-3-3-0-4-1-3	3-3-3-3-4-3-3-2-3-3-1-0	3-0-2-3-0-1-3-3-3-2-8-3	3-4-3-0-2-3-3-2-1-2-5-4	3-1-1-0-3-1-3-3-2-1-0-3	2-2-5-3-2-3-3-8-8-1-0-0	2-0-3-3-4-0-0-3-1-2-5-2	2-5-0-0-2-2-0-5-3-0-0-2	2-2-0-7-0-2-0-0-0-2-3-2	1-2-2-2-4-2-3-1-2-0-2-4
725	3	3-4-2-3-4-3-3-3-3-3-3-4	2-4-4-2-3-4-2-2-2-4-2-2	4-2-3-2-2-2-4-2-0-2-4-2	2-2-3-2-2-2-7-2-2-3-3-0	2-0-2-2-0-3-4-2-2-3-0-2	2-2-5-0-4-2-2-2-3-3-7-3	2-4-4-0-2-3-3-2-3-5-0-2	3-4-2-2-3-2-6-1-2-5-0-4	3-0-2-2-3-5-3-2-6-5-2-4	4-2-1-5-4-2-1-4-2-4-0-2	4-2-0-3-2-2-4-4-0-2-2-1	6-2-2-2-0-7-2-0-2-5-3-1
725	4	6-3-4-5-3-4-3-4-5-4-4-5	4-3-3-2-3-3-5-5-5-3-5-5	7-5-6-5-4-2-5-5-5-2-3-5	5-5-5-5-2-5-2-2-3-3-5-5	3-5-4-4-6-3-5-5-4-5-5-5	5-2-3-5-6-2-5-5-1-1-1-5	5-3-3-5-5-4-5-5-2-3-5-2	3-3-6-3-3-6-5-4-2-4-5-6	6-0-5-2-2-4-6-5-7-5-2-3	5-6-4-5-5-4-5-3-5-5-6-2	6-0-5-5-5-4-6-3-6-2-2-4	5-2-4-4-6-6-2-6-8-5-5-2
725	5	5-5-4-5-5-5-5-5-5-4-4-4	4-6-6-4-7-6-4-4-4-4-4-4	8-4-4-4-2-4-4-4-4-4-6-4	4-4-4-4-2-4-6-2-6-5-5-4	2-4-5-2-4-5-6-4-5-4-4-4	4-4-3-4-4-4-4-4-6-5-4-4	4-6-5-4-4-5-4-4-5-3-4-2	5-3-2-3-5-4-2-0-4-5-4-4	4-0-4-2-6-4-4-4-7-4-2-5	4-2-5-8-4-3-4-2-4-7-4-2	4-6-4-4-8-5-4-4-4-2-6-2	4-2-4-2-4-4-2-4-4-3-4-6
725	6	7-5-6-8-7-7-6-6-6-6-6-6	7-5-5-7-6-5-7-7-5-5-7-7	4-7-4-7-7-2-7-4-7-7-5-7	7-4-8-7-7-7-5-2-7-7-7-4	6-4-7-7-4-6-7-7-6-6-4-7	5-7-7-6-6-4-7-6-5-3-3-6	6-5-3-0-2-6-3-7-6-6-7-2	3-7-4-7-7-4-8-7-7-6-4-4	4-0-7-7-8-6-4-7-3-6-7-2	4-7-8-5-7-7-6-2-2-5-4-7	4-2-4-1-7-4-4-7-4-7-7-7	3-7-6-7-4-6-7-4-7-6-7-5
725	7	6-8-6-6-6-8-8-6-8-6-6-8	6-5-5-6-7-7-6-6-7-7-6-6	4-6-4-6-6-6-6-6-6-6-7-6	6-7-7-6-6-6-8-6-6-5-6-8	6-4-6-6-7-6-8-6-7-7-6-6	8-6-6-8-7-4-6-6-7-7-3-7	6-6-5-7-7-7-7-6-7-7-6-5	7-6-5-6-6-4-3-6-6-5-6-4	7-7-7-6-7-6-7-6-8-5-6-3	6-6-7-5-6-6-6-8-8-5-7-6	6-7-4-7-7-8-7-7-7-6-6-7	8-6-8-6-7-6-6-4-6-3-6-5
725	8	8-7-6-6-8-7-7-8-7-6-6-7	7-5-8-6-8-8-6-8-8-8-6-6	8-8-8-7-8-8-8-7-8-8-7-8	6-8-8-8-8-8-7-8-8-8-8-7	2-4-8-8-8-8-7-8-8-8-6-8	8-8-8-8-8-4-8-8-8-8-8-7	7-8-8-8-8-8-8-8-8-6-8-8	8-8-8-7-8-8-6-2-2-4-7-4	8-8-8-8-6-8-8-7-8-6-6-6	6-8-8-5-8-6-8-7-7-8-4-8	4-8-7-8-5-8-7-4-4-8-8-8	8-7-7-8-7-8-8-8-8-8-6-8
726	0	0-0-0-0-0-0-0-0-0-0-0-0	0-0-0-0-0-0-0-0-0-0-0-0	0-0-0-0-0-0-0-0-0-0-0-0	0-0-0-0-0-0-0-0-0-0-0-0	0-0-0-0-0-0-0-0-0-0-0-0	0-0-0-0-0-0-0-0-0-0-0-0	0-0-0-0-0-0-0-0-0-0-0-0	0-0-0-0-0-0-0-0-0-0-0-0	0-0-0-0-0-0-0-0-0-0-0-0	0-0-0-0-0-0-0-0-0-0-0-0	0-0-0-0-0-0-0-0-0-0-0-0	0-0-0-0-0-0-0-0-0-0-0-0
726	1	1-1-0-1-1-1-1-1-1-1-0-0	0-2-1-0-0-0-0-1-0-0-0-0	1-0-0-1-2-0-2-0-0-2-2-2	2-2-2-0-0-0-0-0-2-0-2-0	1-0-0-0-0-2-0-0-1-2-0-0	0-0-0-0-0-0-2-0-2-1-1-0	0-6-1-0-0-0-0-0-1-1-0-2	3-1-0-0-1-0-0-1-0-1-0-0	1-0-0-0-0-0-0-0-3-6-0-0	0-1-0-2-1-0-0-1-0-0-0-1	2-1-1-0-1-0-0-1-2-0-2-1	2-1-1-1-4-1-1-0-0-1-0-1
726	2	3-2-3-3-3-1-3-4-3-2-3-3	3-1-1-3-3-1-3-2-3-3-3-3	2-3-3-4-3-3-3-4-3-3-1-2	3-3-1-3-5-3-3-6-1-1-3-6	5-0-6-5-6-1-3-3-1-1-5-3	3-3-3-2-2-4-3-3-1-2-0-3	3-3-1-0-3-0-3-3-4-4-4-3	6-4-4-3-3-3-8-5-5-3-5-1	5-0-3-3-4-2-3-3-4-5-4-4	0-3-1-1-3-4-3-3-3-0-3-5	1-4-8-4-5-4-1-1-1-3-3-2	3-3-3-3-1-3-3-0-7-2-8-4
726	3	2-3-2-2-2-3-2-3-2-2-2-2	2-4-3-2-3-4-2-4-2-2-2-2	5-2-2-2-2-2-4-2-2-2-4-3	2-2-3-2-2-2-2-2-4-4-4-2	2-0-2-2-2-4-4-2-4-3-2-2	2-2-2-2-3-2-4-2-3-3-5-2	2-2-4-0-2-0-2-2-3-3-2-4	5-2-4-2-2-2-6-2-2-5-0-0	3-0-2-2-3-3-4-2-5-3-2-3	0-2-3-6-2-6-2-4-2-3-2-2	1-2-1-8-8-0-8-3-4-2-5-3	4-2-2-2-5-2-2-3-2-6-6-6
726	4	2-3-2-6-5-5-2-2-5-2-5-8	4-3-3-2-3-3-5-3-6-4-6-6	7-5-7-2-4-2-3-5-5-5-3-5	5-4-7-5-2-2-2-2-3-3-3-2	2-5-2-2-5-3-5-5-3-5-2-2	5-2-3-4-5-2-3-2-3-3-3-2	4-2-3-6-5-4-5-5-2-2-5-3	1-2-5-2-2-5-5-2-2-4-4-7	4-5-6-2-2-4-6-5-2-4-2-2	5-8-3-5-6-2-3-3-5-6-5-2	5-2-6-7-6-4-6-6-5-5-3-1	3-2-2-2-6-6-2-5-6-5-2-2
726	5	4-5-4-5-4-4-5-5-4-4-4-4	4-7-5-4-5-6-4-5-4-5-4-4	4-4-4-5-2-5-6-4-4-7-6-4	4-4-6-4-2-2-5-2-3-7-6-2	2-4-2-2-4-6-6-4-6-4-2-2	4-2-3-2-4-2-6-2-5-5-3-5	2-7-3-5-4-5-4-4-5-3-4-2	3-2-4-2-2-4-3-2-2-3-4-4	4-4-5-2-3-2-4-4-7-2-2-3	4-5-3-6-2-5-2-2-4-4-4-2	4-5-1-2-8-4-4-4-4-4-3-3	5-2-2-2-4-4-2-4-4-4-5-5
726	6	2-8-8-8-4-4-8-2-4-6-2-4	6-5-5-7-5-5-8-7-4-7-4-4	4-7-4-7-7-8-7-7-5-7-5-7	7-7-7-7-7-7-5-2-7-5-7-2	7-4-2-2-2-7-7-7-5-6-2-2	7-2-7-6-4-4-7-6-5-6-3-7	8-7-1-4-4-6-5-7-5-8-7-7	2-7-7-7-6-4-3-8-8-4-7-4	4-4-4-8-7-7-4-4-5-1-7-4	4-7-3-7-7-7-3-6-4-4-4-6	4-6-4-3-4-8-4-4-4-6-6-6	5-6-2-6-4-4-6-4-4-4-7-3
726	7	8-8-6-4-4-8-8-8-8-6-7-8	6-5-5-6-7-7-8-6-8-6-6-8	4-6-4-6-6-6-6-6-6-6-6-6	6-4-6-6-6-6-8-2-6-5-6-8	6-4-2-2-7-6-8-6-7-7-2-2	6-8-6-8-3-8-6-6-7-7-7-8	8-5-7-4-7-7-8-6-7-7-6-6	7-6-6-6-6-4-7-7-2-3-6-4	7-7-7-8-6-6-5-4-5-7-6-3	6-6-7-6-6-6-3-7-8-7-7-6	6-7-7-4-3-8-4-3-7-6-7-7	5-6-7-7-7-4-6-4-2-4-6-2
726	8	8-5-6-6-8-7-7-8-7-4-8-7	7-5-8-6-8-8-6-8-8-8-6-7	8-8-8-8-8-8-8-7-8-8-7-8	7-8-8-6-8-8-7-8-6-8-8-7	6-4-8-8-8-8-7-8-8-6-2-2	6-8-7-7-8-8-7-6-8-8-8-7	7-8-8-8-5-8-8-6-8-6-7-7	8-8-6-6-8-6-6-7-6-4-7-4	7-8-8-6-6-8-8-6-8-2-6-8	6-4-8-8-8-2-8-7-7-8-7-8	4-8-8-3-3-7-7-4-8-6-8-8	5-7-7-1-4-8-8-8-8-8-2-8
727	0	0-0-0-0-0-0-0-0-0-0-0-0	0-0-0-0-0-0-0-0-0-0-0-0	0-0-0-0-0-0-0-0-0-0-0-0	0-0-0-0-0-0-0-0-0-0-0-0	0-0-0-0-0-0-0-0-0-0-0-0	0-0-0-0-0-0-0-0-0-0-0-0	0-0-0-0-0-0-0-0-0-0-0-0	0-0-0-0-0-0-0-0-0-0-0-0	0-0-0-0-0-0-0-0-0-0-0-0	0-0-0-0-0-0-0-0-0-0-0-0	0-0-0-0-0-0-0-0-0-0-0-0	0-0-0-0-0-0-0-0-0-0-0-0
727	1	1-1-1-1-1-0-1-1-1-1-1-1	2-0-0-2-0-2-1-0-0-2-2-2	0-2-2-0-2-0-2-0-0-3-2-0	2-2-1-3-3-2-0-2-2-3-0-1	3-1-2-2-2-0-2-2-0-4-2-2	2-2-3-1-0-2-2-0-0-0-0-2	0-1-0-1-0-0-0-2-1-0-0-0	0-2-0-2-0-0-0-3-1-0-4-0	0-1-0-2-1-2-1-1-0-1-3-2	2-2-0-2-2-0-2-2-2-0-0-0	1-0-1-0-2-1-1-1-1-1-2-1	1-2-2-1-0-1-2-1-1-1-2-2
727	2	2-2-2-2-2-2-2-2-2-1-2-2	1-3-3-1-0-1-1-2-3-1-1-1	1-1-1-2-1-3-3-4-0-1-3-2	1-2-3-1-1-1-3-1-1-1-0-1	1-3-1-1-1-2-3-1-3-2-1-1	1-1-1-2-2-1-3-0-0-2-3-2	0-1-3-0-3-2-3-1-4-4-3-0	2-1-0-1-0-0-3-1-1-0-3-3	2-2-3-1-2-1-2-2-3-2-0-1	1-1-0-3-3-0-1-8-1-0-0-0	3-2-8-2-1-0-0-3-0-1-1-2	1-1-1-0-0-2-1-0-1-1-6-1
727	3	3-2-3-4-2-2-3-2-3-3-2-2	3-2-2-3-0-4-4-4-5-2-4-4	4-3-4-3-4-5-4-2-4-4-2-2	4-4-4-1-1-4-2-6-2-1-4-6	1-6-6-1-4-2-4-4-2-2-1-1	4-5-1-1-3-5-2-0-0-2-2-4	4-2-2-3-4-0-2-4-0-2-2-0	4-1-5-3-3-4-2-1-3-4-5-2	4-4-4-1-1-5-4-3-2-3-3-3	4-3-3-4-2-3-1-2-3-4-3-3	2-3-2-2-3-3-5-5-3-5-3-3	5-3-3-3-3-4-3-4-3-3-3-3
727	4	4-2-4-7-4-4-4-4-4-4-5-5	5-2-2-5-0-3-5-3-5-5-5-5	3-6-3-6-5-3-5-2-6-5-3-5	5-3-5-5-5-5-2-5-4-3-5-3	5-6-3-1-3-4-5-5-3-5-5-5	4-3-5-8-4-6-5-5-4-4-0-6	5-6-6-0-5-4-6-5-2-4-5-5	3-6-9-5-4-3-2-8-5-3-9-0	3-3-3-5-6-2-3-3-6-6-6-5	5-3-0-3-5-5-5-2-5-3-5-4	5-5-2-6-9-3-3-2-5-4-3-3	3-6-6-3-5-3-5-3-4-4-4-6
727	5	4-6-4-5-6-5-5-5-5-5-4-4	4-6-6-4-7-6-4-6-6-4-4-6	3-4-3-4-4-3-6-4-6-4-6-4	4-3-4-4-4-4-2-4-6-1-6-3	4-3-3-1-3-4-6-4-6-4-4-4	4-3-6-4-5-3-6-4-5-5-7-4	4-4-6-7-4-5-8-4-6-6-4-4	6-4-4-4-4-3-8-6-4-6-3-6	3-3-3-4-5-3-3-6-7-5-4-4	4-6-6-8-4-4-4-6-4-3-3-6	4-4-3-5-1-3-3-9-4-3-3-5	3-4-3-3-4-3-4-3-3-4-7-8
727	6	5-5-6-6-5-5-6-6-6-6-5-7	6-5-5-4-7-5-7-5-5-4-7-5	8-7-7-4-6-7-5-7-4-6-5-6	4-6-4-8-4-4-5-3-5-5-5-3	4-8-3-6-8-5-5-4-5-6-4-1	7-5-5-4-8-4-5-6-5-5-5-4	6-4-5-8-7-4-5-7-5-5-8-5	5-4-4-4-4-7-5-5-4-8-7-8	8-6-5-4-4-6-10-5-5-4-4-8	7-5-8-7-7-4-5-2-8-8-7-4	8-4-7-10-8-8-8-8-8-4-4-6	6-4-3-6-8-3-4-8-7-7-2-4
727	7	8-7-8-4-9-9-10-9-8-10-9-10	8-9-7-4-8-8-6-8-8-8-9-8	7-8-8-9-8-8-8-9-8-8-8-8	8-6-8-9-8-6-8-9-8-8-8-3	9-9-8-9-7-7-8-7-8-7-9-7	8-8-8-7-6-8-8-8-8-7-5-7	10-8-7-7-6-8-5-8-7-9-10-7	7-4-4-7-4-8-5-8-7-9-6-6	7-6-8-7-9-9-5-6-8-7-4-6	8-5-9-8-6-8-8-9-6-6-6-9	10-8-10-9-10-10-6-6-8-7-8-6	6-7-7-7-6-7-4-9-7-8-5-10
727	8	9-8-10-10-7-7-7-7-7-7-7-9	7-7-7-9-7-7-9-9-7-7-9-7	6-9-7-7-7-7-9-7-7-7-7-7	9-6-7-7-9-9-7-9-7-7-9-3	9-6-10-9-6-9-9-9-7-7-7-9	7-7-7-4-6-7-9-7-7-8-0-9	7-7-7-6-7-8-5-7-7-7-9-8	7-4-4-9-4-7-10-7-3-6-7-6	6-6-7-9-7-7-3-6-7-7-9-6	7-9-7-7-9-7-7-2-6-6-9-7	9-7-2-7-7-6-6-6-7-7-7-8	7-8-8-8-9-3-5-6-9-9-9-5
727	9	8-10-8-8-7-7-7-7-7-7-7-8	7-7-7-8-7-7-8-8-8-7-8-7	6-8-8-7-8-9-8-7-7-7-9-8	8-9-9-7-8-8-7-7-7-7-8-3	7-7-3-8-3-8-8-8-9-9-7-8	10-7-10-4-9-7-8-7-9-9-5-9	7-7-7-9-10-9-5-8-9-7-8-8	7-8-4-8-4-7-5-8-10-7-4-6	9-9-9-8-7-7-9-9-7-7-8-7	7-8-7-7-8-7-8-7-10-6-8-7	8-9-7-7-7-7-6-5-7-9-7-9	10-8-7-9-8-7-4-7-8-8-8-7
727	10	10-9-8-8-7-9-7-10-7-7-7-7	7-7-10-8-10-7-8-8-10-10-8-8	10-10-10-7-10-7-9-7-7-10-7-10	9-10-9-10-10-10-7-10-7-10-10-3	7-6-10-10-10-10-9-10-10-10-7-8	7-10-9-9-10-3-10-10-10-10-10-10	7-10-10-9-9-10-10-10-10-10-7-7	10-10-4-9-10-9-8-8-9-7-7-7	9-9-7-10-7-10-10-8-10-7-8-10	8-6-10-10-8-7-10-7-9-10-7-10	7-7-7-7-7-7-6-6-7-7-10-9	9-9-7-7-7-10-10-7-10-10-8-7
728	0	0-0-0-0-0-0-0-0-0-0-0-0	0-0-0-0-0-0-0-0-0-0-0-0	0-0-0-0-0-0-0-0-0-0-0-0	0-0-0-0-0-0-0-0-0-0-0-0	0-0-0-0-0-0-0-0-0-0-0-0	0-0-0-0-0-0-0-0-0-0-0-0	0-0-0-0-0-0-0-0-0-0-0-0	0-0-0-0-0-0-0-0-0-0-0-0	0-0-0-0-0-0-0-0-0-0-0-0	0-0-0-0-0-0-0-0-0-0-0-0	0-0-0-0-0-0-0-0-0-0-0-0	0-0-0-0-0-0-0-0-0-0-0-0
728	1	1-1-1-0-1-1-1-0-1-1-1-1	1-0-0-1-0-1-1-2-1-1-2-2	1-1-0-0-2-2-2-0-0-0-2-1	2-2-2-0-0-1-0-4-0-0-0-4	0-1-4-0-2-0-2-2-0-0-0-1	0-4-0-1-0-2-0-0-0-0-0-2	0-0-0-2-2-0-0-2-0-1-0-0	0-0-0-0-1-2-0-0-2-1-2-1	0-2-2-0-0-3-2-3-0-1-0-1	2-0-1-2-0-0-1-0-2-2-0-1	2-0-1-0-1-1-1-3-0-1-0-1	1-0-1-2-0-1-1-1-1-1-1-1
728	2	2-2-3-2-2-2-2-2-2-2-2-3	3-3-0-3-0-1-3-1-3-3-3-3	1-4-3-3-3-4-3-3-4-3-3-3	3-3-3-3-3-3-0-6-2-0-2-1	3-0-0-7-1-2-3-3-1-0-3-3	3-1-3-2-2-4-3-3-0-2-0-4	2-3-0-1-3-0-3-3-0-2-2-3	2-4-7-3-2-1-0-7-4-1-7-0	2-1-3-2-4-2-1-4-3-7-3-3	3-2-1-1-3-4-3-0-3-1-0-4	1-4-7-4-1-2-2-1-0-3-3-4	1-3-1-1-2-2-3-1-2-2-2-4
728	3	3-3-2-3-3-3-3-3-3-2-2-4	2-4-4-2-3-3-2-4-2-2-2-2	4-2-2-2-2-4-4-4-4-2-4-2	2-2-4-2-2-2-0-2-4-4-4-1	2-1-3-3-4-4-4-2-4-3-2-4	2-1-4-2-3-2-4-2-3-3-0-2	4-2-3-3-2-3-4-2-3-3-4-2	4-2-2-2-2-1-6-0-2-4-1-4	3-1-2-2-3-1-8-4-2-3-2-2	2-2-4-0-2-0-2-3-2-4-4-2	2-3-3-3-7-1-3-4-1-2-2-3	1-2-1-4-0-2-2-3-6-1-2-3
728	4	4-3-4-5-3-3-4-4-4-4-5-5	4-3-3-4-5-4-5-5-5-4-5-6	3-2-2-2-3-5-3-5-2-2-3-4	4-4-3-5-2-5-5-5-3-5-3-1	2-6-1-4-6-3-3-4-3-4-3-3	5-1-3-4-5-2-3-4-3-3-0-2	2-2-2-3-5-0-3-4-3-3-3-3	3-2-3-3-2-5-3-5-2-3-5-6	4-6-3-2-2-3-4-5-5-4-2-2	5-8-3-5-3-2-3-3-5-6-5-2	6-2-5-2-1-5-6-6-5-2-3-3	1-2-4-3-6-2-2-4-8-4-4-2
728	5	5-5-6-4-6-6-6-7-6-6-6-8	6-6-6-4-7-6-6-6-6-6-4-6	5-5-6-7-6-6-6-6-6-6-6-6	6-5-6-7-5-4-6-7-6-6-6-4	7-7-6-7-5-5-6-5-6-6-7-5	6-5-6-5-6-6-6-6-6-5-0-5	8-6-5-5-5-5-6-6-5-6-8-6	5-2-2-5-2-6-3-4-4-6-4-4	5-4-5-2-7-5-4-4-6-5-2-5	5-5-7-7-6-6-6-3-5-4-4-6	8-8-5-7-8-4-4-4-8-5-6-6	8-5-7-3-4-6-6-7-4-6-5-8
728	6	6-6-5-7-5-5-5-5-5-5-5-5	5-5-5-7-5-5-8-7-5-5-7-5	7-7-5-5-7-5-7-5-5-5-5-5	7-4-5-5-7-7-5-2-5-5-7-1	2-4-8-2-4-7-7-7-5-5-5-7	5-6-5-7-5-5-7-5-5-6-0-7	6-5-5-6-7-6-5-7-5-5-7-6	5-7-2-7-6-5-8-2-8-5-7-4	6-4-5-7-5-5-4-6-5-5-7-2	8-7-6-5-7-5-5-3-5-4-7-5	7-5-5-5-5-6-4-4-7-6-5-6	1-6-6-6-7-5-5-4-6-6-7-5
728	7	6-8-5-6-5-5-5-5-5-5-5-6	5-5-5-6-5-5-6-6-6-5-6-5	6-6-5-5-6-7-6-5-5-5-7-6	6-7-7-5-6-6-5-5-5-5-6-1	5-5-5-5-1-6-6-6-7-5-5-6	8-5-5-6-7-4-6-5-7-7-0-7	6-5-5-6-6-6-3-6-7-3-6-6	7-6-2-6-2-5-3-2-8-5-6-4	7-4-7-6-5-5-7-7-5-5-6-2	7-6-7-5-7-8-6-3-8-4-6-8	6-5-2-5-8-5-4-6-6-7-5-7	8-8-5-6-6-7-5-5-6-6-6-5
728	8	8-7-6-5-8-7-5-8-5-5-5-5	5-5-8-6-8-5-6-8-6-8-6-5	8-8-8-6-8-5-7-5-5-8-5-8	8-8-8-8-8-8-7-8-8-8-8-4	8-4-6-8-8-8-7-8-8-8-5-8	5-8-8-6-8-5-8-8-8-8-8-8	5-8-8-7-6-8-8-6-8-8-5-5	8-8-2-7-8-5-6-2-7-1-5-5	7-7-7-7-2-8-8-6-8-5-6-8	6-6-8-8-8-7-8-5-7-8-6-8	5-5-0-8-5-5-4-4-5-5-8-7	8-7-8-5-6-8-8-5-8-8-7-5
729	0	0-0-0-0-0-0-0-0-0-0-0-0	0-0-0-0-0-0-0-0-0-0-0-0	0-0-0-0-0-0-0-0-0-0-0-0	0-0-0-0-0-0-0-0-0-0-0-0	0-0-0-0-0-0-0-0-0-0-0-0	0-0-0-0-0-0-0-0-0-0-0-0	0-0-0-0-0-0-0-0-0-0-0-0	0-0-0-0-0-0-0-0-0-0-0-0	0-0-0-0-0-0-0-0-0-0-0-0	0-0-0-0-0-0-0-0-0-0-0-0	0-0-0-0-0-0-0-0-0-0-0-0	0-0-0-0-0-0-0-0-0-0-0-0
729	1	1-1-0-1-1-1-1-1-0-1-1-0	0-2-2-0-0-0-0-2-0-1-0-0	0-2-0-0-0-0-0-0-0-0-2-0	0-0-2-0-1-0-0-0-1-2-2-0	0-0-0-0-0-2-2-0-1-2-0-0	0-0-0-0-1-0-2-0-2-1-2-0	1-1-1-0-0-1-0-2-1-1-0-1	1-1-0-0-1-0-2-0-0-1-0-0	1-0-2-0-1-0-1-2-0-1-0-1	0-0-2-2-1-0-0-1-0-0-0-1	0-1-7-0-6-0-0-1-0-0-0-1	6-0-0-2-0-0-0-0-0-0-0-0
729	2	2-2-2-2-1-1-2-2-2-2-2-2	0-1-1-2-2-0-3-1-0-1-3-0	3-3-0-5-3-0-3-3-0-4-1-3	3-3-1-2-5-3-1-4-1-1-5-2	3-0-2-2-0-3-3-3-2-1-7-3	3-0-3-0-2-0-3-3-1-1-1-3	2-3-1-0-3-0-3-1-2-1-2-3	1-2-2-3-3-3-1-7-2-0-0-0	2-0-1-4-4-3-0-4-1-2-2-2	2-2-1-1-3-2-3-2-3-0-3-2	3-2-0-6-3-2-2-2-3-3-4-2	1-2-2-3-0-2-3-0-2-2-2-2
729	3	2-3-0-3-3-3-3-3-3-3-3-4	0-4-4-2-3-3-2-4-0-3-4-3	2-2-0-2-2-4-4-2-6-2-4-2	2-3-4-2-2-2-3-2-4-5-4-0	4-0-5-2-0-2-4-2-3-3-0-2	2-0-4-0-3-0-4-2-3-3-3-3	6-2-4-0-2-3-4-2-1-3-2-4	1-4-4-2-2-2-5-4-2-4-0-0	3-0-4-2-3-3-7-2-4-3-2-3	2-2-4-6-2-2-2-4-2-4-2-2	2-2-0-5-2-2-3-3-2-2-2-3	3-2-2-2-3-3-2-0-2-5-5-5
729	4	4-3-5-7-4-5-4-4-5-7-4-7	5-3-3-5-3-5-6-6-6-5-5-5	6-5-5-2-4-5-3-5-5-2-3-6	5-5-5-5-2-2-5-2-3-3-3-7	3-6-4-6-5-3-5-4-4-4-0-7	1-0-3-0-5-6-3-2-3-3-3-5	2-2-3-5-5-4-3-5-2-2-5-5	5-2-5-2-2-5-1-3-5-4-4-5	5-5-5-2-2-5-5-5-6-4-2-5	5-5-3-7-5-2-3-3-5-5-5-2	5-2-6-3-7-5-5-5-5-3-2-5	4-2-4-2-5-4-2-5-5-6-3-2
729	5	6-3-4-5-5-4-5-6-4-5-5-6	4-3-3-7-6-4-6-4-4-4-4-4	5-4-4-6-6-4-6-4-6-6-5-4	6-4-4-6-6-6-4-6-6-3-6-4	6-4-7-4-4-5-6-6-4-5-5-6	6-7-6-5-4-4-6-6-3-5-3-6	7-5-3-5-4-5-3-6-5-7-4-6	4-6-4-6-6-4-3-6-6-5-6-4	4-5-4-6-6-4-4-6-4-4-6-4	4-6-4-4-6-6-6-3-4-6-4-6	4-3-0-3-7-4-4-4-4-4-5-4	1-5-4-6-4-4-6-4-4-4-6-6
729	6	5-7-5-7-5-7-7-5-6-5-5-7	7-3-3-4-6-6-5-4-4-6-7-7	4-5-4-5-5-4-5-4-5-6-6-4	5-4-4-5-5-5-7-5-5-4-5-7	5-4-5-4-6-5-5-5-6-4-5-5	7-7-5-7-4-4-5-5-6-6-3-5	7-5-3-6-6-6-6-5-6-3-5-5	6-5-3-5-5-6-3-5-5-4-5-4	4-6-6-5-5-4-5-5-4-4-5-4	4-5-6-4-5-5-5-6-7-5-5-5	5-6-6-7-1-6-6-5-5-6-6-6	1-7-7-5-6-6-5-4-5-4-5-5
729	7	7-6-7-6-7-6-6-7-6-4-5-6	6-7-7-5-7-7-4-7-7-7-6-6	7-7-7-6-7-7-7-6-7-7-6-7	7-7-7-7-7-7-6-7-7-7-7-6	5-5-5-7-7-7-6-7-7-7-2-4	6-5-5-6-7-4-7-7-7-7-7-6	6-7-7-7-7-7-7-7-7-7-5-7	7-7-7-7-5-6-5-5-5-4-6-7	6-7-7-6-5-7-7-4-7-3-5-1	5-7-7-4-7-5-7-6-6-7-4-7	4-2-1-6-4-6-4-4-4-6-7-7	7-6-6-1-4-7-7-4-4-7-2-7
730	0	0-0-0-0-0-0-0-0-0-0-0-0	0-0-0-0-0-0-0-0-0-0-0-0	0-0-0-0-0-0-0-0-0-0-0-0	0-0-0-0-0-0-0-0-0-0-0-0	0-0-0-0-0-0-0-0-0-0-0-0	0-0-0-0-0-0-0-0-0-0-0-0	0-0-0-0-0-0-0-0-0-0-0-0	0-0-0-0-0-0-0-0-0-0-0-0	0-0-0-0-0-0-0-0-0-0-0-0	0-0-0-0-0-0-0-0-0-0-0-0	0-0-0-0-0-0-0-0-0-0-0-0	0-0-0-0-0-0-0-0-0-0-0-0
730	1	1-1-1-1-1-1-1-1-1-1-1-2	2-2-2-0-0-2-0-1-1-2-0-2	1-0-0-1-1-0-2-1-0-2-2-2	0-0-2-0-0-0-0-1-2-2-2-0	0-2-2-0-0-2-2-0-1-0-2-0	0-10-2-1-0-0-2-0-2-1-1-2	2-2-2-1-2-1-2-0-1-6-0-0	1-1-0-0-1-0-2-0-0-1-0-0	1-0-2-1-3-5-0-8-2-1-0-1	0-1-1-2-0-0-0-1-5-0-0-1	0-10-10-1-10-1-3-0-0-1-2-2	2-1-10-1-3-1-2-0-0-1-1-9
730	2	3-1-2-1-1-1-1-1-1-1-1-1	1-1-1-3-3-1-3-3-0-1-3-3	4-4-0-5-3-0-3-5-1-1-1-3	3-0-3-4-4-4-0-7-1-1-1-5	4-1-1-3-5-1-3-3-1-3-1-3	3-4-3-2-2-4-3-3-1-1-0-4	1-1-1-0-3-0-1-3-2-1-5-3	1-4-2-3-3-0-1-10-4-1-3-0	2-0-3-3-10-2-0-3-1-2-5-3	0-3-1-1-6-2-3-1-3-1-6-3	7-2-1-1-1-2-0-5-5-2-1-1	1-2-2-2-1-2-6-0-5-2-2-1
730	3	3-3-1-3-4-1-3-3-1-1-3-3	2-4-3-2-2-3-2-4-4-1-2-2	5-2-2-1-2-2-4-4-1-1-4-2	2-4-2-2-2-2-5-2-4-1-3-0	2-0-5-2-0-4-4-2-3-3-1-2	2-2-4-0-3-2-2-2-3-3-8-2	4-2-3-0-2-5-4-2-3-3-0-2	3-2-2-4-2-0-5-2-2-3-2-6	3-0-2-2-1-2-4-2-4-3-2-2	0-2-3-3-2-3-4-7-4-3-4-2	9-2-0-2-4-3-1-0-0-2-4-4	4-2-2-2-1-3-4-0-0-5-6-1
730	4	4-4-2-4-5-4-5-4-1-1-5-4	2-5-5-2-6-5-2-5-5-1-2-5	2-2-2-2-2-6-5-6-5-6-5-5	2-5-7-2-2-2-5-2-3-1-5-0	2-0-2-4-6-3-5-4-5-2-2-2	2-2-3-0-4-2-5-2-4-4-3-2	5-2-4-0-2-4-7-5-4-1-0-2	4-2-3-3-2-0-8-5-2-4-5-5	3-0-6-2-1-2-3-2-9-6-7-4	0-5-4-5-5-4-3-4-3-3-3-2	7-6-1-4-3-3-9-5-7-3-3-3	6-2-2-10-0-4-3-0-3-4-8-4
730	5	6-4-6-6-4-4-4-7-6-5-6-5	6-4-4-6-4-4-6-6-4-6-6-6	3-6-6-2-6-7-6-2-7-7-4-4	6-6-4-7-2-6-4-8-6-7-4-6	2-1-3-6-8-3-6-6-5-8-8-6	2-6-6-5-4-5-6-2-4-4-4-2	4-7-4-5-3-3-4-6-5-3-2-4	4-6-7-6-2-1-3-7-5-4-4-4	0-0-4-6-7-6-6-6-4-9-2-6	6-8-5-4-4-2-6-3-6-5-4-2	3-7-1-3-6-2-6-4-5-6-6-5	6-6-2-5-2-8-7-7-2-3-2-1
730	6	5-6-5-5-8-6-6-6-5-6-5-8	5-7-7-5-4-6-5-7-7-5-5-5	8-5-8-5-5-7-5-10-4-7-7-6	5-5-4-5-5-5-7-2-5-5-4-5	2-1-2-5-5-7-7-5-7-6-5-5	2-5-5-8-6-5-7-2-6-6-6-6	2-5-4-0-7-6-4-5-6-9-2-4	4-5-5-5-2-0-3-6-5-4-5-3	3-0-4-5-6-5-5-5-1-4-2-5	5-2-4-7-7-5-5-6-5-3-2-3	0-4-8-8-7-4-5-7-7-5-5-6	4-5-5-5-1-6-2-10-9-6-3-6
730	7	7-7-7-8-6-7-7-9-8-7-7-10	5-6-6-7-7-6-8-6-6-5-5-7	7-7-9-9-7-9-6-8-8-6-6-6	8-7-8-5-2-8-6-8-5-5-5-9	2-10-7-5-8-6-8-7-6-7-5-5	7-5-5-7-6-10-6-8-4-4-7-7	7-5-6-7-6-7-4-7-4-6-7-8	3-5-5-7-2-7-3-5-7-4-7-10	7-0-6-5-5-5-7-7-4-7-4-7	10-2-7-6-6-8-7-3-7-7-7-2	4-5-1-7-6-7-1-6-6-7-8-7	7-5-7-8-9-7-7-7-7-6-7-4
730	8	7-8-10-9-6-9-10-9-7-7-8-7	5-6-6-8-9-6-7-9-9-9-9-9	7-9-7-10-9-8-9-9-7-9-9-9	7-9-7-9-9-9-9-7-9-1-9-7	9-7-7-5-5-8-9-8-8-5-5-5	10-6-9-6-8-10-9-7-6-6-3-8	7-9-4-7-10-8-8-9-6-10-9-8	4-8-9-9-9-7-4-9-10-4-7-0	10-0-9-8-9-4-7-9-4-4-9-5	0-5-7-7-9-9-5-6-7-9-7-9	0-8-6-6-6-7-4-0-9-9-7-8	7-8-2-7-0-5-8-0-6-8-9-1
730	9	7-10-8-8-6-10-9-7-10-7-7-10	10-6-6-8-8-10-7-8-10-10-8-8	10-8-7-10-8-9-8-8-10-8-9-8	8-9-9-8-8-8-10-5-8-1-8-7	8-7-7-8-9-8-8-8-9-9-5-8	10-1-8-6-9-7-8-3-9-9-3-9	7-8-6-7-9-9-9-8-9-6-8-7	3-8-8-8-8-9-10-8-8-4-7-9	9-9-10-8-8-7-9-9-4-5-8-5	9-8-7-7-8-10-5-6-10-8-7-8	3-9-6-1-6-10-4-9-9-8-9-9	7-10-7-7-7-9-8-0-6-6-8-1
730	10	10-9-8-8-10-10-8-10-9-7-9-9	9-10-10-8-10-10-8-8-10-10-8-8	10-9-10-8-10-10-9-9-9-10-10-10	9-10-10-10-10-10-9-10-8-1-10-7	8-7-10-10-10-10-9-10-10-10-5-5	9-1-10-10-10-7-10-10-10-10-10-10	9-10-10-7-9-10-10-8-10-8-9-10	10-10-10-9-10-9-9-8-8-7-8-7	9-10-9-9-2-10-10-9-4-4-8-10	7-10-10-10-10-9-10-9-9-10-10-10	10-1-1-10-1-7-10-10-10-9-10-10	7-9-7-4-10-10-10-10-10-10-8-10
731	0	0-0-0-0-0-0-0-0-0-0-0-0	0-0-0-0-0-0-0-0-0-0-0-0	0-0-0-0-0-0-0-0-0-0-0-0	0-0-0-0-0-0-0-0-0-0-0-0	0-0-0-0-0-0-0-0-0-0-0-0	0-0-0-0-0-0-0-0-0-0-0-0	0-0-0-0-0-0-0-0-0-0-0-0	0-0-0-0-0-0-0-0-0-0-0-0	0-0-0-0-0-0-0-0-0-0-0-0	0-0-0-0-0-0-0-0-0-0-0-0	0-0-0-0-0-0-0-0-0-0-0-0	0-0-0-0-0-0-0-0-0-0-0-0
731	1	1-1-1-1-1-1-1-1-1-1-1-1	2-0-0-3-0-1-0-0-0-1-2-0	0-3-0-0-2-2-2-0-0-2-0-2	2-0-2-2-2-2-0-1-1-1-1-0	2-0-1-2-0-2-2-2-1-1-9-1	3-2-2-0-0-2-2-3-1-1-0-3	2-2-1-0-2-1-0-2-1-1-0-2	1-1-1-2-9-2-1-3-3-0-0-0	1-0-2-2-9-0-0-2-1-1-1-1	0-2-1-2-2-3-2-1-2-0-0-3	0-1-0-1-2-1-0-0-0-1-1-1	0-2-2-1-0-1-3-0-1-2-1-1
731	2	2-2-2-2-2-2-2-2-2-2-2-2	1-4-2-1-0-2-0-3-1-2-1-2	2-1-0-1-1-1-3-1-3-1-3-1	1-3-2-1-1-1-3-1-1-1-3-2	1-0-1-1-1-1-3-1-1-2-2-1	1-1-3-0-2-1-3-1-2-2-6-2	4-1-2-2-1-1-3-1-2-5-0-1	2-3-1-3-2-1-3-1-1-0-3-0	0-0-1-1-2-0-2-1-3-2-3-2	0-1-2-3-3-1-3-2-1-4-3-1	3-1-0-2-1-1-0-2-0-1-1-2	2-1-1-2-0-2-1-2-1-1-6-1
731	3	3-2-3-3-2-3-3-3-3-3-3-3	3-2-2-1-0-3-1-2-4-3-4-4	2-4-0-1-4-1-2-1-2-1-2-3	4-4-4-4-1-1-2-1-4-7-2-0	3-0-1-3-4-2-2-3-4-1-4-4	1-3-2-3-3-1-4-1-3-3-2-4	3-2-2-2-1-2-2-4-3-2-4-1	2-2-3-2-1-3-2-1-1-3-9-0	0-0-1-1-1-3-4-4-9-2-2-4	2-1-3-4-2-1-2-2-2-0-2-1	2-1-3-3-4-3-4-3-4-3-4-3	3-4-1-3-4-3-1-4-6-5-2-1
731	4	5-4-5-5-5-4-4-5-5-4-4-5	4-2-2-5-5-5-5-4-5-5-5-5	4-5-5-5-4-5-5-5-5-5-5-4	5-5-3-3-4-5-5-6-3-3-5-8	4-6-7-3-3-2-4-4-3-4-3-4	4-8-8-4-4-7-3-1-1-2-2-4	8-1-2-8-4-4-2-3-3-4-4-7	2-5-5-5-5-5-2-8-5-9-4-5	7-5-4-5-8-4-6-3-3-5-4-3	9-8-4-3-5-7-7-3-5-5-7-1	4-6-5-3-3-9-3-8-8-4-7-4	8-5-4-7-4-8-5-3-3-4-2-5
731	5	4-5-4-4-6-6-7-7-4-6-4-4	6-7-5-4-7-6-4-6-6-6-4-6	5-5-6-6-5-6-6-6-6-6-7-6	6-6-6-6-4-6-6-7-6-6-6-4	8-4-5-6-6-5-6-6-6-6-8-5	5-4-6-6-6-4-6-7-6-5-2-6	4-5-5-4-5-5-6-6-6-2-5-6	5-4-4-4-6-4-6-6-4-8-4-6	5-9-6-4-6-4-4-6-6-4-4-4	7-4-6-5-4-1-6-6-4-6-4-1	9-9-7-5-6-6-5-5-4-4-6-5	7-4-4-4-4-6-4-9-5-3-2-4
731	6	5-4-5-4-5-5-5-5-5-5-5-4	5-5-5-4-5-5-7-5-5-5-5-5	5-8-5-5-8-5-7-5-5-5-5-7	5-5-5-5-7-5-5-5-5-5-5-4	5-4-7-5-7-5-7-7-5-5-5-8	5-4-5-8-5-5-7-5-5-5-2-7	5-1-5-4-7-6-5-5-5-5-8-5	5-6-8-7-7-4-9-9-6-4-8-5	9-5-5-8-5-4-4-5-5-5-7-3	5-8-5-5-5-7-5-5-4-5-0-1	8-4-5-3-5-5-0-5-4-7-5-6	4-5-4-4-0-5-8-5-3-5-2-2
731	7	5-9-5-9-5-5-5-5-5-5-5-4	5-8-8-4-5-5-6-5-5-5-6-5	5-6-5-5-6-5-8-5-5-6-8-6	6-5-5-5-6-6-5-5-8-3-8-4	5-4-6-8-6-8-8-6-8-5-5-6	5-4-6-6-7-4-8-5-7-7-2-6	4-5-5-4-6-9-8-8-7-8-4-5	5-6-4-8-6-4-8-6-6-7-4-5	4-0-8-6-7-3-4-5-5-4-6-4	5-4-7-4-8-4-4-5-5-5-4-1	4-1-5-5-5-5-9-4-4-6-4-7	5-4-4-4-5-4-6-0-8-1-8-4
731	8	5-7-5-5-5-9-5-5-5-5-5-9	5-7-7-4-5-5-6-6-5-5-5-9	9-6-5-5-6-5-7-5-5-6-7-6	6-8-8-6-6-6-9-5-7-3-7-4	5-4-6-6-8-7-7-6-7-5-5-6	5-4-7-6-8-4-7-5-8-8-2-6	4-1-5-4-8-4-7-7-8-7-6-5	8-6-6-7-6-4-7-4-6-5-4-0	8-8-7-6-4-4-4-5-5-4-6-3	5-4-8-5-7-1-7-4-9-5-4-1	4-8-7-3-5-9-0-4-4-6-8-8	4-9-4-4-8-4-6-5-5-5-7-7
731	9	9-7-4-7-9-8-5-9-5-5-5-8	5-7-9-4-9-5-8-9-9-9-8-8	9-9-9-5-9-9-9-8-5-9-8-9	8-9-5-9-9-9-8-9-5-9-9-8	5-4-9-9-9-9-8-9-9-9-1-4	5-9-9-8-9-4-8-9-9-9-9-8	8-9-9-9-5-7-9-9-9-4-4-5	9-7-9-8-9-5-6-6-6-4-3-5	6-8-9-9-1-9-9-8-3-2-7-3	4-9-7-9-9-1-9-9-8-9-5-9	5-5-5-5-5-5-7-5-5-9-9-9	5-8-8-5-8-9-9-5-9-9-6-9
732	0	0-0-0-0-0-0-0-0-0-0-0-0	0-0-0-0-0-0-0-0-0-0-0-0	0-0-0-0-0-0-0-0-0-0-0-0	0-0-0-0-0-0-0-0-0-0-0-0	0-0-0-0-0-0-0-0-0-0-0-0	0-0-0-0-0-0-0-0-0-0-0-0	0-0-0-0-0-0-0-0-0-0-0-0	0-0-0-0-0-0-0-0-0-0-0-0	0-0-0-0-0-0-0-0-0-0-0-0	0-0-0-0-0-0-0-0-0-0-0-0	0-0-0-0-0-0-0-0-0-0-0-0	0-0-0-0-0-0-0-0-0-0-0-0
732	1	1-1-1-1-1-1-1-1-1-1-1-1	0-0-1-0-0-0-0-2-0-1-0-0	1-0-0-1-0-0-2-0-0-0-2-0	0-0-1-0-0-0-0-1-2-1-2-0	2-0-2-0-0-2-2-0-1-0-0-0	4-2-1-0-0-0-2-0-2-1-4-0	2-1-1-0-0-0-0-0-1-1-0-1	1-1-6-1-1-0-2-1-0-1-0-0	1-0-0-0-0-0-4-0-0-1-1-0	0-4-1-0-0-2-0-1-0-0-0-0	0-0-2-1-0-0-0-0-0-0-0-1	0-7-0-0-0-1-0-0-0-0-1-1
732	2	2-2-2-1-1-2-2-1-2-2-2-3	2-3-1-3-0-2-3-5-3-3-3-3	0-3-4-3-3-3-3-3-0-3-1-3	3-0-2-2-3-3-3-2-3-1-1-0	1-1-3-4-3-1-3-3-3-1-4-2	3-1-3-2-2-3-3-0-1-1-0-3	1-1-1-0-3-0-3-3-2-2-6-3	1-3-4-3-4-0-1-4-2-1-2-0	0-0-3-4-4-3-0-4-1-2-4-2	0-4-0-1-3-4-3-1-3-0-0-2	0-4-1-1-0-2-0-0-6-2-3-2	0-4-2-2-0-0-4-0-0-0-2-2
732	3	3-4-3-3-3-3-3-3-3-3-3-4	2-4-4-2-3-4-2-4-4-2-2-4	1-2-2-2-2-2-4-2-5-2-4-2	2-3-2-2-2-2-5-2-4-5-4-0	2-0-5-3-4-4-4-2-4-3-3-2	2-5-4-2-3-2-4-3-1-3-6-2	6-1-5-5-2-3-4-2-3-5-0-2	3-4-7-2-2-7-5-6-3-3-0-0	0-0-2-2-3-2-0-4-3-3-2-2	4-0-3-4-4-2-4-3-2-4-4-2	6-3-3-4-6-0-0-6-4-2-2-3	0-2-0-4-0-6-2-0-4-4-4-4
732	4	4-3-4-4-3-3-4-5-4-4-6-3	4-3-3-2-3-3-4-6-5-4-5-5	6-5-5-3-4-3-3-5-6-2-3-4	5-4-5-2-2-2-4-2-3-3-3-6	3-5-3-2-5-3-5-5-5-3-2-3	1-2-3-4-5-5-3-3-1-3-1-2	1-1-3-3-3-4-3-5-4-2-5-2	4-3-2-2-2-5-3-2-2-4-4-4	5-0-5-2-2-5-5-7-4-4-2-4	5-5-6-3-5-2-3-1-5-5-5-2	5-7-5-3-7-5-5-5-5-2-4-4	5-2-4-3-5-0-2-5-3-3-3-3
732	5	6-5-6-5-5-5-6-4-5-7-5-7	5-3-3-6-6-3-6-6-4-4-6-4	4-6-4-7-6-6-6-4-6-6-1-6	6-6-4-6-6-6-3-6-6-3-6-4	6-4-3-6-4-6-6-6-4-5-6-6	6-3-6-5-4-4-6-6-1-5-3-3	3-1-3-3-4-5-3-6-5-3-6-6	4-6-4-6-6-4-3-2-7-4-6-4	4-7-6-6-7-4-4-4-4-4-6-4	6-6-0-3-6-6-6-1-4-4-4-6	4-5-4-1-7-4-4-4-4-6-5-5	4-6-4-6-6-0-6-4-6-6-6-3
732	6	5-7-5-7-5-7-7-7-7-6-6-7	7-3-3-5-6-7-5-5-7-4-5-7	4-5-4-5-5-5-5-5-5-5-6-5	5-5-6-5-5-5-7-5-5-3-5-4	5-4-3-5-6-5-5-5-6-6-5-5	7-7-5-7-4-4-5-5-1-6-3-6	3-1-3-6-7-6-3-6-6-6-5-5	6-5-1-5-5-6-6-3-5-3-5-4	6-6-5-5-5-2-5-4-4-4-5-4	5-5-4-5-5-5-4-7-7-3-5-5	5-6-4-6-3-6-4-5-5-5-5-6	4-5-4-5-5-3-5-4-3-4-5-3
732	7	7-6-5-6-7-6-6-7-6-5-5-6	6-7-7-5-7-7-5-7-6-7-5-6	7-7-7-5-7-5-7-6-7-7-6-7	6-7-7-7-7-7-6-7-7-7-7-4	5-4-7-7-7-7-6-7-7-7-6-7	7-7-7-6-7-4-6-7-7-7-7-6	6-7-7-7-6-7-7-7-7-7-5-7	7-7-7-7-7-5-2-2-5-4-4-4	5-6-7-7-5-7-4-4-7-7-5-7	5-4-7-7-7-5-7-6-6-7-3-7	4-4-4-6-4-4-4-4-4-5-7-7	4-7-4-1-5-7-7-7-7-7-5-7
733	0	0-0-0-0-0-0-0-0-0-0-0-0	0-0-0-0-0-0-0-0-0-0-0-0	0-0-0-0-0-0-0-0-0-0-0-0	0-0-0-0-0-0-0-0-0-0-0-0	0-0-0-0-0-0-0-0-0-0-0-0	0-0-0-0-0-0-0-0-0-0-0-0	0-0-0-0-0-0-0-0-0-0-0-0	0-0-0-0-0-0-0-0-0-0-0-0	0-0-0-0-0-0-0-0-0-0-0-0	0-0-0-0-0-0-0-0-0-0-0-0	0-0-0-0-0-0-0-0-0-0-0-0	0-0-0-0-0-0-0-0-0-0-0-0
733	1	1-1-1-1-1-1-1-2-1-1-1-1	1-0-0-1-0-1-1-1-0-1-0-0	8-1-3-1-1-0-2-0-0-0-0-1	1-3-2-0-1-2-0-1-0-0-0-5	0-0-0-0-3-0-0-1-0-1-1-1	1-2-0-1-0-1-0-0-0-0-0-2	0-0-0-1-2-0-0-0-0-1-0-0	1-1-0-0-0-2-0-0-0-3-0-0	1-1-3-0-1-0-1-2-0-1-1-1	0-1-1-0-1-0-0-0-1-3-1-1	0-0-1-1-1-1-1-1-0-1-1-1	0-1-1-1-1-1-0-1-1-1-1-1
733	2	2-2-4-2-2-3-2-3-2-3-3-3	4-3-3-4-5-3-2-3-3-3-3-3	2-1-4-3-3-2-3-3-3-3-4-3	3-2-3-3-1-3-3-3-3-5-2-3	3-3-2-4-1-2-3-2-3-3-5-3	3-1-3-3-3-3-2-3-3-2-5-2	4-2-2-5-1-3-3-3-2-3-2-5	2-2-4-2-2-3-2-0-2-3-4-3	2-1-2-2-3-2-3-1-5-3-2-3	8-2-5-2-7-2-7-2-1-4-3-2	2-6-5-6-4-2-2-2-4-2-3-3	3-1-2-4-4-4-2-4-4-6-2-2
733	3	2-2-2-5-2-2-2-2-2-2-2-2	2-2-2-3-2-2-4-2-2-2-2-2	1-5-1-2-5-4-4-2-2-5-2-2	4-1-2-5-5-5-2-2-4-2-4-2	2-2-5-4-1-4-4-4-2-2-2-4	2-4-2-2-2-2-4-2-2-2-0-5	5-4-2-1-4-3-2-4-2-2-4-4	2-5-2-4-4-2-2-10-3-2-2-2	2-1-1-4-5-0-2-4-2-2-3-4	4-4-2-2-4-3-4-2-4-1-2-5	5-3-2-0-2-2-1-2-2-4-2-2	2-3-3-4-2-2-4-2-3-4-3-2
733	4	2-2-2-2-2-2-2-2-2-2-2-2	2-2-4-3-2-2-3-2-2-2-3-2	1-3-2-2-3-3-5-2-2-3-5-3	3-4-5-3-3-3-5-2-5-5-3-2	2-2-2-2-4-3-5-3-5-4-2-3	2-3-5-1-5-2-5-2-4-4-4-4	2-5-2-1-3-4-5-3-4-5-3-3	2-5-2-3-3-2-5-3-3-5-2-2	2-1-5-3-4-2-2-3-2-3-3-5	3-3-0-2-3-3-7-5-3-2-2-3	2-4-2-4-2-2-1-2-2-3-3-4	2-3-3-2-2-2-3-2-2-3-4-4
733	5	5-2-2-3-2-2-2-2-2-2-2-3	5-4-4-3-2-2-5-3-2-2-4-5	7-7-6-3-3-7-4-2-5-3-4-5	3-5-5-3-3-3-4-7-4-7-3-9	4-2-9-7-7-4-4-3-4-5-2-5	2-7-4-5-4-2-4-2-4-2-2-5	2-4-4-2-4-5-4-4-4-4-3-3	4-3-3-3-3-5-4-3-3-4-2-2	2-9-4-3-3-0-5-3-2-5-3-4	10-3-2-6-3-3-4-4-7-5-5-3	3-3-2-2-10-5-1-5-3-5-2-5	2-3-5-5-3-2-4-5-3-3-2-3
733	6	8-6-7-6-7-7-8-9-7-7-7-6	7-8-7-9-7-7-8-6-7-7-6-7	6-5-7-7-6-9-6-7-7-7-8-6	7-6-7-8-6-6-7-6-7-6-6-6	9-6-5-9-5-6-7-6-7-6-9-6	7-6-7-6-4-7-5-7-7-6-3-5	6-8-6-10-6-6-6-6-7-7-10-9	7-6-7-5-6-9-9-7-6-9-6-8	10-5-6-6-7-7-9-7-9-5-4-7	6-6-2-9-6-10-9-6-8-9-10-10	10-10-8-6-7-5-6-7-10-2-7-6	8-10-6-10-7-7-7-7-8-2-8-10
733	7	6-6-6-6-6-6-6-6-6-6-6-6	6-4-6-9-6-6-8-6-6-6-6-6	5-8-6-6-8-5-6-8-6-6-6-8	8-6-6-6-8-9-6-5-6-5-8-7	9-6-8-5-5-7-8-8-5-6-6-7	6-8-8-7-4-6-8-6-6-4-0-9	9-6-6-7-8-7-8-6-6-6-7-7	6-7-6-8-7-6-4-6-8-6-8-6	2-1-8-8-6-6-6-8-2-2-7-6	6-9-7-8-2-8-8-7-8-6-9-3	2-7-6-7-2-7-1-6-9-9-8-9	6-7-6-9-9-6-6-6-6-7-7-6
733	8	6-10-6-6-6-6-6-6-6-6-6-6	6-9-6-7-6-6-7-6-6-6-6-6	1-7-6-6-7-6-9-7-6-6-9-7	7-5-6-6-7-7-6-6-9-9-7-6	7-6-7-9-5-9-9-7-9-6-6-7	6-7-7-7-8-6-9-9-8-8-4-7	7-6-6-7-7-7-9-7-8-9-7-7	6-9-6-9-7-6-6-6-7-8-7-6	2-1-7-7-8-6-6-7-2-3-7-7	6-7-8-7-9-7-7-6-7-6-7-6	1-7-9-10-2-7-1-6-7-7-7-7	6-5-6-7-2-6-7-6-6-7-8-6
733	9	6-8-6-6-6-10-6-6-6-6-6-10	6-8-6-7-6-6-7-6-6-6-6-6	5-7-6-6-7-6-8-6-6-8-8-7	7-9-9-6-7-7-10-7-8-8-8-6	7-6-5-8-5-8-8-9-8-9-6-7	6-7-8-7-9-6-8-8-9-9-9-7	10-6-6-7-8-7-8-6-9-8-7-7	9-8-6-8-7-6-6-6-3-6-7-9	2-5-7-7-9-6-6-6-10-6-7-6	6-7-9-6-8-9-8-6-8-6-7-3	2-9-8-10-4-9-1-7-7-7-9-7	6-10-9-7-7-6-6-6-6-7-8-6
733	10	10-8-6-6-6-9-6-10-6-6-6-9	6-10-10-7-10-6-9-6-10-10-6-9	10-9-10-6-10-10-10-6-6-10-9-10	9-10-10-10-10-10-9-10-9-10-10-6	6-6-10-10-10-10-9-10-10-10-6-10	6-10-10-7-10-6-9-10-10-10-10-10	9-10-10-6-6-10-10-10-10-10-6-6	10-10-10-9-10-6-10-3-3-6-6-6	7-9-10-10-3-10-10-6-9-2-8-10	6-6-10-10-10-6-10-10-9-10-2-10	6-6-8-8-5-5-6-6-6-2-10-10	6-6-9-6-6-10-10-6-6-10-3-6
734	0	0-0-0-0-0-0-0-0-0-0-0-0	0-0-0-0-0-0-0-0-0-0-0-0	0-0-0-0-0-0-0-0-0-0-0-0	0-0-0-0-0-0-0-0-0-0-0-0	0-0-0-0-0-0-0-0-0-0-0-0	0-0-0-0-0-0-0-0-0-0-0-0	0-0-0-0-0-0-0-0-0-0-0-0	0-0-0-0-0-0-0-0-0-0-0-0	0-0-0-0-0-0-0-0-0-0-0-0	0-0-0-0-0-0-0-0-0-0-0-0	0-0-0-0-0-0-0-0-0-0-0-0	0-0-0-0-0-0-0-0-0-0-0-0
734	1	1-1-1-1-1-1-1-1-1-1-1-2	1-0-0-1-0-1-2-1-2-1-2-2	4-2-1-1-1-2-2-0-0-0-2-1	2-2-2-0-1-2-0-5-0-0-0-5	0-0-0-0-2-0-2-2-0-1-1-2	2-2-0-2-3-2-2-2-0-0-0-2	0-0-0-2-2-5-0-2-0-1-0-2	1-1-0-0-0-2-0-2-0-0-2-0	1-4-2-2-1-0-1-2-0-1-1-1	0-1-1-0-1-0-0-0-2-2-1-1	2-0-1-1-1-1-1-1-2-2-2-1	0-1-1-1-1-1-2-1-1-1-2-1
734	2	2-2-2-2-2-2-2-2-2-2-2-1	1-3-3-1-0-3-1-3-3-2-1-3	2-1-1-2-3-1-1-3-1-3-3-3	1-1-3-1-1-1-1-0-3-0-3-2	2-2-0-0-1-3-1-1-3-3-2-1	1-1-0-1-0-1-3-1-3-2-0-1	2-3-2-1-1-0-0-1-2-0-3-1	2-0-2-2-2-1-3-1-1-2-2-0	2-1-1-1-0-0-4-1-4-5-2-0	0-2-1-1-5-4-0-2-1-1-1-0	3-2-4-5-5-0-1-3-1-1-1-2	3-1-1-1-0-2-5-1-1-2-5-4
734	3	3-3-4-3-3-2-4-3-4-3-4-4	4-2-2-4-4-2-4-3-4-4-4-4	3-4-5-4-4-4-4-4-4-4-2-4	4-4-4-4-4-4-4-4-2-2-4-3	4-4-4-4-1-2-4-4-3-2-4-4	4-4-4-3-1-5-4-4-2-7-0-4	4-5-2-7-4-0-4-4-5-7-4-4	2-4-4-4-4-1-2-4-4-2-3-5	4-1-4-4-5-3-7-4-5-4-4-4	3-4-0-4-4-5-4-4-4-1-4-4	2-5-2-5-0-4-2-2-0-4-4-3	2-4-4-4-0-4-4-4-3-3-4-3
734	4	3-5-3-3-3-4-3-4-3-3-3-3	3-5-5-3-3-5-3-5-3-3-3-3	1-3-3-3-3-3-5-3-3-3-5-3	3-3-3-3-3-3-3-3-5-5-5-3	3-3-3-3-1-4-5-3-4-4-3-3	3-3-3-3-4-3-5-3-4-4-7-3	3-3-4-1-3-0-3-3-4-4-3-3	4-3-3-3-3-1-7-3-3-5-3-5	4-1-3-3-4-3-2-5-2-3-3-3	3-3-0-4-3-2-3-5-3-4-3-3	2-7-2-9-8-5-5-4-3-3-3-3	4-3-3-3-5-5-3-3-7-5-3-2
734	5	3-4-3-4-4-5-3-3-3-3-3-3	3-4-4-3-6-4-3-6-6-3-6-6	8-6-3-3-5-3-4-6-3-4-4-5	6-5-5-3-3-3-3-3-4-4-4-7	3-8-3-3-7-4-4-5-5-4-3-3	6-3-4-5-7-3-4-3-4-4-0-1	5-3-0-1-5-1-4-6-3-4-5-4	4-3-6-3-3-7-4-3-4-5-5-8	5-5-6-3-3-5-4-6-3-2-4-8	7-7-1-6-4-3-4-4-6-7-5-3	7-3-6-3-2-7-8-7-7-4-4-5	5-3-5-5-7-4-4-5-7-4-2-3
734	6	7-9-7-7-7-7-9-7-7-7-7-7	7-8-6-3-7-8-7-7-7-7-5-7	6-7-7-7-7-7-7-7-7-7-7-7	7-6-7-7-6-3-7-7-7-8-6-6	9-7-7-3-7-6-7-7-7-7-8-6	6-8-7-7-5-7-6-7-6-6-0-6	9-7-6-6-7-6-7-5-6-7-9-8	6-3-8-6-3-8-6-3-3-8-5-5	6-6-6-3-7-7-6-5-7-7-6-7	5-9-7-7-6-7-7-7-5-5-7-6	9-9-5-6-7-8-5-6-9-6-7-7	7-7-7-9-6-7-7-5-5-7-6-9
734	7	6-6-6-6-6-6-6-6-6-6-6-6	6-6-6-8-6-6-6-8-6-6-9-6	6-8-6-6-8-6-8-6-6-6-6-6	6-6-6-8-8-8-6-6-6-6-8-5	8-6-9-8-6-7-8-8-6-6-6-8	6-6-8-6-5-6-8-7-4-4-4-9	7-6-6-7-6-7-6-6-6-6-8-7	6-8-6-8-8-6-9-3-7-5-8-5	6-1-8-8-9-6-4-6-6-6-8-6	5-8-6-6-8-6-6-6-1-5-8-8	8-4-5-6-6-5-5-5-8-6-6-6	6-6-6-8-8-6-8-5-5-7-4-4
734	8	6-9-6-6-6-9-6-6-6-6-6-9	6-6-6-7-6-6-6-7-6-6-5-6	5-7-5-6-7-6-7-6-7-6-6-7	7-8-6-7-7-7-9-3-7-6-7-9	7-5-3-7-8-7-7-7-8-6-6-7	6-6-7-7-4-6-7-7-4-8-0-8	9-6-6-1-8-8-6-8-8-8-7-7	8-7-6-7-7-6-2-3-7-6-7-5	8-9-8-7-7-6-6-5-6-6-7-5	6-7-6-6-7-7-4-6-9-6-7-7	7-6-5-6-6-6-5-1-7-7-6-6	6-9-9-7-7-6-7-5-7-6-7-6
734	9	9-8-6-7-6-8-6-9-6-6-6-8	6-6-9-6-9-6-8-9-9-9-7-8	9-9-9-6-9-6-7-6-6-9-8-9	8-9-6-9-9-9-8-9-6-9-9-8	6-5-9-9-9-9-8-9-9-9-8-3	6-9-9-8-9-5-9-9-9-9-9-7	8-9-9-6-6-9-9-9-9-9-6-6	9-9-9-8-9-6-7-3-7-6-6-5	6-8-9-9-7-9-9-5-6-9-7-0	6-6-9-6-9-7-9-6-8-9-6-9	6-6-4-9-6-6-5-5-6-6-9-9	6-6-8-6-7-9-9-5-9-9-3-6
735	0	0-0-0-0-0-0-0-0-0-0-0-0	0-0-0-0-0-0-0-0-0-0-0-0	0-0-0-0-0-0-0-0-0-0-0-0	0-0-0-0-0-0-0-0-0-0-0-0	0-0-0-0-0-0-0-0-0-0-0-0	0-0-0-0-0-0-0-0-0-0-0-0	0-0-0-0-0-0-0-0-0-0-0-0	0-0-0-0-0-0-0-0-0-0-0-0	0-0-0-0-0-0-0-0-0-0-0-0	0-0-0-0-0-0-0-0-0-0-0-0	0-0-0-0-0-0-0-0-0-0-0-0	0-0-0-0-0-0-0-0-0-0-0-0
735	1	1-1-1-1-1-1-1-1-1-1-1-1	1-0-0-2-0-0-0-2-0-1-2-0	0-2-0-2-2-0-2-0-0-2-0-2	2-0-0-3-2-2-0-2-2-0-2-2	2-0-2-0-2-1-2-2-1-0-0-2	2-3-2-0-0-2-2-2-0-1-0-2	0-2-1-0-2-0-3-2-3-1-1-2	1-1-1-2-1-2-1-7-2-0-0-0	1-0-2-2-3-1-0-2-3-1-1-1	0-1-0-0-2-1-2-1-2-0-0-1	1-1-1-0-0-0-0-0-0-2-2-0	1-1-1-2-0-1-1-0-1-1-1-1
735	2	2-3-2-3-2-2-2-2-2-2-2-3	1-3-2-1-1-3-1-3-3-2-1-3	2-1-4-1-1-3-3-3-0-3-3-1	1-2-3-1-1-1-2-1-2-2-1-1	1-0-1-1-1-3-3-1-2-2-0-1	1-1-3-0-2-1-3-1-2-2-2-1	2-1-2-3-1-2-2-1-2-2-1-3	2-1-1-1-1-3-5-1-1-2-0-0	2-2-1-1-2-1-2-1-0-2-1-5	0-2-0-1-1-5-1-3-1-3-0-1	3-0-2-2-3-0-0-2-0-1-1-2	5-1-1-3-4-2-1-0-1-3-1-2
735	3	3-2-3-3-3-3-3-3-3-3-3-2	3-2-2-4-4-2-3-2-4-3-4-2	6-4-6-4-3-4-2-4-0-2-2-3	4-3-2-4-1-4-4-1-3-4-2-5	1-4-3-3-5-2-2-3-3-3-3-7	1-1-2-3-3-7-2-1-2-2-2-1	4-1-2-2-3-3-5-4-1-2-5-2	2-2-5-2-2-4-1-1-3-3-3-6	3-0-2-4-1-3-3-4-5-7-1-2	5-5-0-4-2-1-0-2-5-5-3-1	5-1-3-7-2-4-5-5-5-3-0-2	3-1-3-2-5-1-2-5-5-2-3-1
735	4	5-4-6-5-5-5-5-5-6-5-5-5	5-5-4-3-6-5-5-5-5-5-5-5	4-3-5-5-5-5-5-5-5-5-5-5	5-4-5-6-4-3-6-6-5-4-4-5	6-3-5-6-5-4-5-4-5-4-6-4	4-6-5-4-5-7-5-4-5-4-2-4	5-5-6-4-3-4-3-5-4-5-4-6	4-4-6-4-4-5-4-6-6-6-3-4	4-5-5-4-5-5-6-3-6-5-2-4	3-4-4-5-4-5-5-6-6-6-3-4	4-5-5-4-5-7-3-4-4-5-5-4	7-4-4-7-4-5-4-3-3-4-4-4
735	5	4-4-4-7-4-4-4-4-4-4-4-4	4-4-4-6-4-4-4-4-4-4-4-4	4-6-4-4-6-4-4-4-4-4-4-6	6-3-4-5-6-6-4-1-4-4-6-4	4-3-6-5-4-6-6-6-4-4-4-5	6-5-6-5-4-4-6-4-4-4-2-6	6-4-4-0-4-7-3-4-4-4-6-4	4-6-3-6-5-4-2-4-7-4-6-3	7-4-6-5-4-4-3-5-4-4-5-2	3-6-5-4-6-4-5-4-3-3-6-1	3-4-4-4-4-4-3-3-3-6-4-6	4-5-5-5-6-4-4-3-3-4-6-4
735	6	4-7-4-4-4-4-4-4-4-4-4-7	4-4-4-5-4-4-5-5-4-4-4-7	3-5-3-4-5-4-6-5-4-4-6-5	5-6-6-4-5-5-4-4-5-4-5-7	4-3-5-4-6-5-5-5-6-6-4-5	5-5-5-7-6-3-5-4-4-6-2-5	5-1-4-4-4-6-6-4-4-4-5-4	4-5-4-5-5-4-2-4-4-4-5-3	4-4-5-5-4-4-4-5-4-4-5-1	4-5-6-4-5-4-5-4-7-4-5-1	5-6-6-7-2-6-6-5-3-5-4-5	4-7-4-6-5-4-4-3-5-3-5-1
735	7	7-6-5-5-7-6-4-7-4-4-4-6	4-4-7-5-7-4-6-7-7-7-5-6	7-7-7-4-7-4-7-4-4-7-4-7	6-7-7-7-7-7-6-7-7-7-7-6	4-4-7-7-7-7-6-7-7-7-4-5	4-7-7-6-7-3-7-7-7-7-7-7	6-7-7-7-7-7-7-7-7-7-4-4	7-7-7-7-7-7-5-1-5-7-4-4	5-7-7-7-4-7-7-5-7-4-5-5	4-7-7-3-7-4-7-4-6-7-6-7	3-4-7-7-4-4-6-3-4-4-7-7	4-6-5-4-5-7-7-7-7-7-5-4
736	0	0-0-0-0-0-0-0-0-0-0-0-0	0-0-0-0-0-0-0-0-0-0-0-0	0-0-0-0-0-0-0-0-0-0-0-0	0-0-0-0-0-0-0-0-0-0-0-0	0-0-0-0-0-0-0-0-0-0-0-0	0-0-0-0-0-0-0-0-0-0-0-0	0-0-0-0-0-0-0-0-0-0-0-0	0-0-0-0-0-0-0-0-0-0-0-0	0-0-0-0-0-0-0-0-0-0-0-0	0-0-0-0-0-0-0-0-0-0-0-0	0-0-0-0-0-0-0-0-0-0-0-0	0-0-0-0-0-0-0-0-0-0-0-0
736	1	1-1-1-1-1-1-1-1-1-1-1-1	1-0-0-1-0-1-1-1-2-1-0-1	3-2-2-2-1-2-2-1-0-0-3-0	2-3-2-1-1-2-2-4-0-0-2-4	0-3-4-0-2-0-2-1-0-1-1-1	1-4-0-1-1-2-0-0-0-0-0-2	0-0-0-1-0-4-0-0-0-1-1-0	1-0-0-0-0-2-0-0-0-1-1-0	1-2-2-0-2-0-2-2-0-1-1-0	0-1-1-1-1-0-0-0-1-2-0-0	0-1-1-0-1-1-2-0-0-1-1-1	1-2-1-3-0-1-0-1-1-2-1-1
736	2	2-2-2-1-2-2-2-2-2-2-2-2	3-0-0-2-0-3-1-4-3-2-3-3	1-4-1-1-3-1-3-1-0-3-2-3	3-1-1-3-3-3-1-4-3-0-6-3	2-1-1-3-3-3-3-3-1-2-2-1	2-3-3-3-2-4-3-2-0-0-0-1	3-4-3-1-3-4-2-3-0-2-3-3	2-5-2-3-2-1-2-7-2-1-7-3	2-1-1-3-4-2-1-3-2-0-2-2	2-3-0-3-3-2-0-0-3-1-0-4	0-4-2-0-8-2-1-2-0-3-3-2	0-3-1-1-2-2-3-1-2-2-2-2
736	3	3-3-3-4-3-3-3-3-3-3-3-4	2-4-4-2-0-4-1-4-2-3-2-4	1-2-1-2-2-2-4-3-4-2-4-2	2-1-1-2-2-2-6-2-4-4-4-1	2-1-1-2-3-2-4-2-3-4-3-1	2-2-4-2-3-2-4-3-3-3-7-3	2-2-3-5-2-3-6-2-3-3-6-2	3-4-2-2-2-1-6-4-2-3-3-2	3-1-2-2-5-0-4-2-4-3-4-3	2-2-3-2-2-2-0-4-2-4-4-2	3-6-8-6-8-4-4-3-0-2-2-4	3-2-1-1-8-3-2-2-6-3-6-6
736	4	3-3-4-5-3-3-4-3-3-4-4-3	4-3-3-2-5-3-4-3-5-4-5-5	8-5-6-5-4-2-3-5-3-3-3-4	5-6-5-6-2-5-3-2-3-3-3-1	2-6-1-4-6-3-3-4-4-2-4-4	5-1-3-4-6-8-3-4-3-3-0-4	4-2-4-1-5-1-3-5-3-3-5-2	4-3-5-3-3-5-3-3-2-4-4-6	6-6-5-2-2-4-3-6-3-4-3-4	5-6-1-5-6-2-0-3-6-6-5-2	6-2-5-3-3-6-6-6-6-2-4-4	4-2-4-3-6-2-3-4-6-3-3-3
736	5	5-6-6-6-6-6-6-6-6-6-6-8	6-6-6-2-7-6-4-6-8-6-4-6	5-4-7-6-6-6-6-7-6-6-6-6	6-5-6-7-5-4-6-7-6-7-5-6	7-7-5-7-5-5-6-5-6-6-7-5	5-6-6-5-6-6-6-6-7-5-0-5	8-5-5-5-6-5-3-6-5-7-8-7	5-2-4-5-5-6-5-6-2-8-4-4	5-5-4-5-6-6-6-4-6-4-6-6	6-6-6-5-4-5-0-5-4-5-6-6	5-8-5-5-6-4-4-5-8-5-6-6	6-5-5-8-6-6-7-4-4-6-5-8
736	6	5-5-5-8-5-5-5-5-5-5-5-5	5-5-5-7-5-5-7-5-5-5-7-5	7-7-5-5-7-5-7-5-5-5-5-5	5-4-5-5-7-7-5-7-5-5-7-5	7-4-7-6-4-7-7-7-5-5-5-7	5-5-7-8-4-5-7-5-5-5-3-7	7-7-5-8-5-6-3-5-5-3-7-6	5-7-4-7-7-5-8-7-2-4-7-4	4-4-7-7-7-5-5-4-5-7-7-5	5-4-5-5-7-7-0-5-4-4-5-6	4-5-5-3-5-4-4-4-4-5-5-5	5-6-6-7-4-5-6-4-3-7-7-3
736	7	5-8-5-6-5-5-5-5-5-5-5-5	5-5-5-6-5-5-6-6-5-5-6-6	6-6-5-5-6-5-6-5-5-5-6-5	6-7-7-5-6-6-8-5-6-5-6-5	6-5-6-5-7-6-6-6-7-5-5-6	8-5-6-8-7-5-6-5-5-7-3-7	6-6-5-8-8-7-7-6-7-5-6-5	7-6-2-6-6-5-3-6-7-5-6-4	7-7-7-6-6-5-7-6-5-6-6-5	7-6-5-5-6-6-0-5-8-4-6-6	6-5-3-3-8-5-4-7-5-5-5-7	5-8-5-7-4-5-5-4-3-6-6-3
736	8	8-7-6-6-8-5-5-8-5-5-5-5	5-5-8-6-8-5-6-6-5-8-6-6	8-8-8-5-8-5-7-5-7-8-5-8	7-8-5-8-8-8-7-8-8-8-8-5	6-5-8-8-8-8-7-8-8-8-6-8	7-8-8-6-8-4-8-8-8-8-8-8	5-8-8-7-6-8-8-8-8-8-5-5	8-8-6-8-8-5-6-6-7-5-5-4	7-7-8-7-6-8-8-4-5-5-6-3	6-4-8-8-8-6-8-5-7-8-5-8	8-5-3-3-2-5-5-5-5-7-8-8	5-7-8-5-3-8-8-4-8-8-6-5
737	0	0-0-0-0-0-0-0-0-0-0-0-0	0-0-0-0-0-0-0-0-0-0-0-0	0-0-0-0-0-0-0-0-0-0-0-0	0-0-0-0-0-0-0-0-0-0-0-0	0-0-0-0-0-0-0-0-0-0-0-0	0-0-0-0-0-0-0-0-0-0-0-0	0-0-0-0-0-0-0-0-0-0-0-0	0-0-0-0-0-0-0-0-0-0-0-0	0-0-0-0-0-0-0-0-0-0-0-0	0-0-0-0-0-0-0-0-0-0-0-0	0-0-0-0-0-0-0-0-0-0-0-0	0-0-0-0-0-0-0-0-0-0-0-0
737	1	1-1-1-1-1-1-1-1-1-1-1-2	1-2-2-0-0-2-0-1-1-2-0-1	1-0-0-1-1-0-2-1-0-2-2-2	0-0-2-0-0-0-2-1-2-2-2-0	0-2-1-0-0-2-2-0-1-0-2-0	4-8-0-0-0-0-2-0-1-1-4-2	2-2-2-0-2-1-2-2-1-2-2-1	1-1-0-1-1-4-1-0-0-2-0-0	1-0-0-0-2-0-4-2-2-1-1-1	4-1-1-2-2-0-0-1-4-0-0-1	4-4-4-2-8-1-0-4-2-1-2-1	0-1-1-1-4-1-2-0-4-1-1-1
737	2	2-1-2-1-1-1-1-1-1-1-1-1	1-1-1-3-3-1-0-3-3-1-3-3	0-3-0-7-3-0-3-1-1-1-1-3	3-0-3-3-3-3-1-3-1-1-1-3	3-1-3-3-0-1-3-3-1-2-1-3	3-4-3-2-2-4-3-3-1-1-0-4	1-1-1-0-3-0-1-3-2-1-3-3	1-2-2-3-3-1-1-3-3-1-2-0	2-0-3-3-4-2-0-3-1-2-3-4	2-2-1-1-3-2-2-1-3-0-2-2	2-2-1-1-1-4-0-2-1-3-1-3	0-3-2-2-1-2-3-1-0-0-2-1
737	3	3-4-1-3-5-1-3-3-1-1-4-2	2-4-4-2-2-4-2-4-4-1-2-2	4-2-5-3-2-5-4-5-5-5-4-4	2-2-4-2-2-2-3-2-5-1-4-2	2-1-2-2-4-3-4-2-3-3-1-2	2-2-4-3-3-2-2-2-3-3-5-2	5-4-3-4-2-3-4-2-1-3-2-5	3-4-2-4-2-4-5-2-4-1-2-0	3-0-2-2-3-3-3-2-5-5-2-2	0-2-3-7-2-2-2-4-2-4-4-2	3-2-1-5-3-0-0-4-4-2-3-6	7-2-2-3-2-3-4-0-0-0-3-3
737	4	4-3-1-4-3-4-5-5-1-4-3-6	4-3-3-4-5-3-5-3-5-1-5-5	7-5-7-2-4-5-3-4-3-6-3-4	5-5-5-5-2-2-5-2-4-1-3-0	2-2-2-4-6-3-5-5-5-7-7-5	1-2-3-4-5-2-3-2-1-1-1-2	5-3-3-5-5-0-5-5-4-3-5-3	1-3-6-3-2-5-3-2-3-4-5-5	5-0-5-2-2-5-1-5-3-4-2-2	5-5-4-3-5-2-3-3-5-5-5-2	5-1-1-3-1-5-5-5-5-1-3-5	4-2-4-4-5-5-3-5-6-7-6-1
737	5	6-5-5-6-3-5-4-4-5-4-5-4	6-3-3-7-4-6-8-6-4-1-6-4	4-7-6-7-7-6-6-6-3-6-4-7	4-4-4-4-7-7-4-7-6-1-5-2	7-4-3-6-6-6-6-6-4-5-8-6	6-7-3-7-4-6-6-7-5-3-3-7	6-7-3-5-6-5-4-6-5-3-7-6	1-5-7-6-7-4-8-7-7-4-4-4	4-0-6-6-8-4-4-4-6-3-7-2	4-7-4-4-4-7-6-3-4-4-4-7	4-6-4-3-4-4-4-4-4-5-6-4	0-6-2-7-4-4-5-4-4-4-5-6
737	6	5-8-7-8-5-6-6-6-6-6-7-4	5-7-7-5-4-7-5-5-4-5-5-4	0-5-5-5-5-5-7-5-3-5-7-5	5-4-4-4-5-5-7-5-7-1-7-0	5-6-1-5-5-5-7-5-7-6-4-5	5-5-7-7-6-5-7-5-6-6-3-5	5-5-7-8-5-6-7-5-6-3-5-5	6-5-5-7-5-4-5-6-6-6-7-4	4-0-5-5-6-3-7-5-7-5-5-3	4-5-6-8-7-5-7-6-5-7-4-5	4-5-7-4-0-4-4-4-4-5-5-3	7-5-4-7-4-4-5-4-4-4-7-5
737	7	8-6-7-7-7-8-8-8-8-7-7-8	8-6-6-5-7-6-5-6-8-5-5-8	4-5-4-5-5-5-6-7-3-5-6-5	5-4-7-5-5-5-8-5-6-1-6-8	5-4-5-5-5-6-8-5-6-4-4-5	5-5-6-8-7-5-6-5-7-7-3-8	8-5-6-7-5-7-6-6-7-7-5-5	7-5-5-6-5-4-3-6-5-6-5-4	3-7-5-5-7-3-6-5-8-7-5-3	4-5-6-3-6-5-6-3-8-6-7-5	5-7-6-7-1-8-4-5-4-5-5-4	3-8-8-5-7-7-5-4-4-4-6-5
737	8	8-6-8-6-8-7-7-8-7-7-8-7	7-6-8-4-8-8-5-8-8-8-7-7	8-8-8-8-8-8-8-7-8-8-7-8	7-8-8-8-8-8-7-8-7-1-8-7	5-8-8-8-8-8-7-8-8-8-5-8	5-1-8-7-8-8-7-8-8-8-8-7	7-8-8-8-5-8-7-8-8-8-5-7	8-6-6-7-5-8-5-5-5-6-7-8	5-7-5-5-5-8-8-4-7-3-6-8	5-4-6-7-8-5-8-3-7-8-7-8	4-8-1-7-1-7-4-4-4-8-8-8	8-7-7-1-4-8-8-4-4-8-5-5
738	0	0-0-0-0-0-0-0-0-0-0-0-0	0-0-0-0-0-0-0-0-0-0-0-0	0-0-0-0-0-0-0-0-0-0-0-0	0-0-0-0-0-0-0-0-0-0-0-0	0-0-0-0-0-0-0-0-0-0-0-0	0-0-0-0-0-0-0-0-0-0-0-0	0-0-0-0-0-0-0-0-0-0-0-0	0-0-0-0-0-0-0-0-0-0-0-0	0-0-0-0-0-0-0-0-0-0-0-0	0-0-0-0-0-0-0-0-0-0-0-0	0-0-0-0-0-0-0-0-0-0-0-0	0-0-0-0-0-0-0-0-0-0-0-0
738	1	1-1-1-1-1-1-1-1-1-0-1-1	2-0-0-2-0-2-0-0-0-1-0-0	0-1-0-0-2-2-2-0-0-1-1-1	3-0-0-4-3-2-0-4-1-0-1-0	5-0-2-3-2-2-2-2-0-1-0-2	2-3-6-0-0-3-2-3-1-1-0-1	2-2-1-0-2-0-1-2-1-1-3-2	1-6-1-2-5-0-1-5-1-0-0-0	0-0-2-2-5-2-0-3-0-1-4-1	0-2-1-2-2-1-2-1-2-0-0-1	0-4-0-0-2-0-0-0-0-1-2-1	0-1-3-2-0-0-1-0-0-0-1-1
738	2	2-2-2-2-2-2-2-2-2-2-2-2	1-5-2-1-0-3-0-3-0-2-0-3	3-1-3-2-1-1-3-1-0-2-3-1	1-0-3-0-1-1-0-1-3-2-1-2	1-0-1-2-1-4-3-1-2-2-0-1	1-1-3-5-2-1-3-1-2-2-2-1	4-1-2-5-1-3-5-3-2-3-1-1	2-1-0-3-2-0-1-0-1-2-5-0	2-0-1-1-2-1-0-4-2-2-1-2	0-1-2-3-3-3-1-2-3-2-3-1	1-1-3-3-1-0-0-0-0-1-1-2	0-2-0-1-0-8-1-0-0-6-2-1
738	3	2-3-3-3-4-3-3-3-3-3-3-3	1-4-3-1-3-3-0-4-4-3-1-4	2-3-2-3-1-4-4-3-4-5-4-3	1-4-4-5-1-1-3-1-5-3-3-0	1-0-1-4-1-2-4-3-4-1-1-1	1-1-2-5-3-1-4-1-2-2-4-1	2-1-3-3-1-2-4-4-3-2-1-1	3-1-1-2-2-0-6-3-3-3-6-0	3-0-4-1-3-4-3-1-8-2-1-3	4-2-3-4-4-2-5-5-2-3-4-1	0-6-4-2-3-3-0-0-4-3-3-3	3-1-7-3-4-6-1-0-4-4-2-1
738	4	4-3-4-4-3-3-3-2-4-4-4-4	4-3-2-4-5-4-4-5-6-4-6-5	5-5-5-7-4-3-5-5-3-3-3-4	5-5-5-1-1-1-6-1-3-4-3-4	1-5-2-3-7-2-5-5-3-1-5-1	1-4-2-0-6-1-3-0-2-2-3-5	2-2-3-4-6-4-3-3-3-1-3-1	3-1-5-2-1-4-1-1-3-3-4-0	2-0-5-1-1-3-4-1-3-4-1-4	3-1-3-5-3-2-3-3-4-6-3-1	4-1-5-3-6-9-0-4-3-5-1-1	4-4-4-4-3-4-1-4-4-3-1-1
738	5	6-5-6-6-3-5-5-5-5-5-5-6	6-2-3-6-6-4-6-6-6-6-6-6	4-6-4-7-6-6-6-6-7-6-6-4	6-4-4-3-6-6-6-5-3-7-6-4	1-4-1-3-7-2-6-6-4-5-6-6	6-6-1-5-4-6-6-6-5-2-2-5	6-6-2-2-6-5-2-3-6-5-3-7	5-1-6-6-1-6-3-1-6-5-2-5	0-0-4-6-1-5-4-6-3-5-1-4	5-1-3-4-3-6-6-3-6-6-3-1	8-9-4-3-6-4-6-8-3-6-6-5	4-6-5-5-3-4-6-5-9-6-6-1
738	6	5-6-5-5-7-6-6-6-6-5-5-5	5-7-7-5-5-4-5-5-5-5-5-5	5-5-5-5-5-5-5-5-5-5-5-5	5-7-7-7-5-5-7-5-7-6-7-4	1-4-2-3-5-6-5-5-7-6-5-5	5-5-1-5-4-5-7-5-6-6-3-5	5-5-6-7-4-5-3-5-6-8-7-3	6-1-5-5-1-5-3-1-5-6-3-9	6-0-4-5-6-5-4-5-6-5-1-4	5-7-3-5-5-8-5-6-5-4-6-1	7-9-3-8-5-4-5-0-7-5-5-7	4-5-5-7-0-3-5-5-6-7-5-9
738	7	8-7-8-7-8-8-9-8-9-9-8-8	5-6-6-8-8-8-8-7-8-8-8-8	7-5-5-8-8-8-8-8-8-8-6-8	8-6-6-8-8-8-6-8-8-5-8-7	8-9-8-8-5-8-8-8-6-7-8-8	7-8-8-7-4-9-8-8-6-7-3-8	2-1-4-6-8-7-2-8-7-6-8-8	9-8-8-8-8-5-9-8-9-5-8-9	9-0-6-8-8-8-4-8-3-7-8-9	9-8-7-3-8-9-8-6-9-4-8-8	9-5-9-6-8-6-5-9-6-8-7-7	4-8-3-8-8-8-8-4-8-7-8-8
738	8	7-9-7-7-7-9-7-7-7-7-7-7	7-6-7-7-7-7-7-7-7-7-7-7	9-5-7-7-7-7-7-7-7-7-7-7	7-8-8-7-7-7-9-7-7-5-7-7	7-4-7-7-8-7-9-7-8-8-7-7	7-7-7-9-8-7-7-7-8-8-2-7	9-5-7-8-7-8-9-7-8-6-7-7	8-7-7-7-7-5-8-7-7-8-7-8	8-8-4-7-7-7-6-7-3-8-7-7	7-7-8-8-8-6-7-7-9-8-7-7	4-8-7-6-7-4-9-8-8-7-8-8	4-7-8-7-7-7-7-5-7-4-7-7
738	9	9-7-7-7-9-8-7-9-7-7-7-8	7-6-9-7-9-9-7-7-7-9-7-8	9-9-7-7-9-7-9-8-5-9-8-9	7-9-7-9-9-9-8-7-8-9-9-8	7-7-9-7-9-9-8-9-9-9-7-7	8-7-9-8-9-7-9-7-9-9-2-8	4-9-9-6-8-9-8-8-9-9-7-7	9-7-7-7-9-7-7-7-7-5-7-9	7-9-9-9-7-9-9-7-9-7-7-7	7-9-9-9-9-7-7-3-7-9-9-9	7-5-3-7-6-4-8-9-9-9-9-9	9-6-4-9-7-9-9-9-9-9-7-9
739	0	0-0-0-0-0-0-0-0-0-0-0-0	0-0-0-0-0-0-0-0-0-0-0-0	0-0-0-0-0-0-0-0-0-0-0-0	0-0-0-0-0-0-0-0-0-0-0-0	0-0-0-0-0-0-0-0-0-0-0-0	0-0-0-0-0-0-0-0-0-0-0-0	0-0-0-0-0-0-0-0-0-0-0-0	0-0-0-0-0-0-0-0-0-0-0-0	0-0-0-0-0-0-0-0-0-0-0-0	0-0-0-0-0-0-0-0-0-0-0-0	0-0-0-0-0-0-0-0-0-0-0-0	0-0-0-0-0-0-0-0-0-0-0-0
739	1	1-1-2-1-1-1-1-1-2-1-1-2	1-0-0-2-0-1-2-1-2-1-2-2	2-2-2-1-2-1-2-1-0-0-2-2	2-3-2-2-2-2-0-1-0-0-0-4	0-2-2-1-3-0-2-2-0-1-0-2	2-2-0-2-2-2-0-0-2-0-0-2	2-0-1-4-2-3-0-2-0-0-2-0	0-0-2-0-0-2-1-0-0-0-4-3	4-3-2-2-3-1-4-0-2-1-2-0	2-7-1-0-0-2-2-0-2-3-2-1	4-2-4-2-4-2-2-4-2-1-0-1	2-2-1-2-2-4-0-4-2-2-1-2
739	2	2-2-1-2-2-3-2-2-1-1-1-1	1-3-3-1-0-1-1-3-1-1-1-1	1-1-1-1-1-1-1-4-1-1-3-1	1-1-1-1-1-1-3-1-3-3-2-1	0-1-1-0-1-3-3-1-3-3-3-1	1-1-0-1-1-1-3-2-1-0-0-1	3-3-3-1-1-2-3-1-0-3-1-0	2-0-1-1-2-1-5-2-0-2-0-1	2-2-1-1-2-1-2-3-1-7-1-9	1-2-2-4-2-1-1-9-1-1-1-2	1-1-9-1-1-1-1-1-1-1-2-2	4-1-1-4-1-0-1-1-1-1-1-1
739	3	3-1-3-3-2-2-3-3-3-3-4-3	1-2-2-3-5-1-4-2-1-1-1-1	4-4-1-4-4-4-4-4-0-4-4-4	4-1-4-3-5-4-2-5-4-2-5-1	3-1-3-3-4-4-4-4-3-2-9-4	3-2-4-1-3-1-4-5-2-0-0-5	4-4-2-1-4-1-2-4-5-2-3-4	2-5-9-4-4-1-9-9-3-2-0-1	3-1-4-4-5-4-1-4-0-3-5-3	1-3-0-0-4-3-4-5-4-1-1-3	1-3-1-5-1-1-1-1-1-4-4-2	2-3-3-2-1-3-4-1-3-3-3-5
739	4	4-4-4-4-4-4-4-4-4-4-3-1	1-5-5-3-3-1-3-5-1-2-1-5	3-3-3-3-3-3-5-2-5-3-5-3	3-5-5-3-3-3-4-3-5-4-4-1	4-1-3-4-3-3-5-3-4-4-2-3	3-1-5-4-7-1-5-3-4-4-7-4	3-3-4-1-3-4-5-3-0-4-3-5	4-5-1-3-3-5-8-0-3-8-1-1	1-1-3-3-4-3-1-3-1-3-3-4	1-3-2-2-3-3-3-5-3-1-1-3	1-3-1-1-9-1-1-1-1-3-5-2	2-3-3-2-1-1-3-1-1-3-7-4
739	5	5-4-6-6-4-5-5-5-5-5-5-6	5-4-4-6-6-1-6-4-6-1-6-4	7-6-8-7-3-6-4-5-6-3-4-6	6-7-6-3-3-3-4-3-4-4-4-9	4-9-9-6-7-4-4-5-5-5-5-9	6-5-4-5-5-9-4-3-4-4-4-4	9-3-3-8-6-5-4-6-3-2-7-4	5-3-7-4-3-4-2-3-3-5-5-7	7-5-7-3-3-5-7-8-0-5-3-4	6-9-2-6-4-3-4-4-6-6-7-3	7-3-5-3-1-7-7-7-6-4-4-5	2-3-3-5-7-5-4-7-7-8-2-3
739	6	7-6-7-7-7-7-9-8-7-7-7-7	5-8-6-5-7-9-7-7-7-7-7-7	6-5-7-8-7-7-7-7-7-7-7-7	7-6-7-7-6-7-7-7-7-7-6-5	7-7-7-7-6-6-7-6-7-7-8-7	7-7-7-7-5-5-6-8-7-6-0-7	7-7-6-6-7-7-7-7-6-2-6-8	7-3-5-6-6-7-6-8-7-6-5-6	6-5-7-7-8-7-6-5-7-6-3-4	5-5-8-6-6-7-7-8-5-6-5-7	5-9-5-6-9-9-5-5-5-6-7-8	8-9-6-6-5-8-6-5-5-5-6-9
739	7	6-8-6-8-6-6-6-6-6-6-6-6	6-6-6-8-6-6-8-6-8-6-8-6	5-8-8-5-8-6-8-6-8-6-6-6	8-5-6-6-8-8-6-6-8-6-8-5	8-6-8-6-5-7-8-8-6-6-6-8	6-6-8-6-4-5-8-7-6-6-4-6	6-6-6-6-9-7-6-6-6-2-8-7	6-7-5-8-8-6-4-6-6-5-8-5	5-7-6-8-6-6-5-8-6-6-8-4	7-8-6-6-8-8-8-6-5-6-5-6	5-6-5-4-1-6-5-5-5-8-6-6	6-6-5-6-5-6-7-5-5-5-8-6
739	8	6-9-6-7-6-6-6-6-6-6-6-7	6-6-6-7-6-6-7-6-7-6-7-7	5-7-7-6-7-8-7-6-7-7-8-7	7-8-8-7-7-7-9-3-7-6-7-5	7-6-7-6-8-7-7-7-8-8-6-7	7-6-7-6-8-5-7-7-8-8-0-8	9-6-6-5-9-8-6-8-8-2-7-6	8-7-5-7-7-6-4-6-9-6-7-5	8-5-8-7-6-6-8-5-6-6-7-5	7-7-6-6-7-7-7-6-6-8-5-6	5-6-8-6-6-6-5-5-8-7-6-6	6-6-6-8-7-6-7-5-5-5-7-6
739	9	9-8-6-7-6-8-6-9-6-6-6-6	6-6-9-7-9-6-7-9-7-9-7-6	9-7-9-6-9-6-8-6-7-9-6-9	7-9-6-9-9-9-8-9-6-9-9-5	7-5-9-9-9-9-8-9-9-9-3-9	6-9-9-8-9-5-9-9-9-9-9-8	8-9-9-6-7-9-9-9-9-9-7-6	9-9-3-8-9-7-9-3-8-6-6-6	6-8-9-9-3-9-9-6-9-6-7-2	7-5-9-6-3-6-7-6-9-9-5-9	6-6-4-1-4-6-5-5-5-7-9-9	6-6-8-6-7-9-9-5-9-9-3-6
740	0	0-0-0-0-0-0-0-0-0-0-0-0	0-0-0-0-0-0-0-0-0-0-0-0	0-0-0-0-0-0-0-0-0-0-0-0	0-0-0-0-0-0-0-0-0-0-0-0	0-0-0-0-0-0-0-0-0-0-0-0	0-0-0-0-0-0-0-0-0-0-0-0	0-0-0-0-0-0-0-0-0-0-0-0	0-0-0-0-0-0-0-0-0-0-0-0	0-0-0-0-0-0-0-0-0-0-0-0	0-0-0-0-0-0-0-0-0-0-0-0	0-0-0-0-0-0-0-0-0-0-0-0	0-0-0-0-0-0-0-0-0-0-0-0
740	1	1-1-1-1-1-2-1-1-1-1-1-1	1-1-0-1-0-1-1-2-2-1-2-2	1-2-2-2-1-2-1-2-2-1-1-2	2-2-2-1-1-2-0-2-0-0-0-1	0-2-3-0-2-0-2-1-0-0-2-1	1-5-0-1-0-2-0-1-0-0-0-0	0-0-0-2-0-0-0-1-0-0-3-0	0-0-0-0-0-2-0-0-0-2-2-1	0-2-0-0-3-0-2-3-1-1-0-0	1-2-1-0-2-0-1-1-0-2-0-0	2-0-1-2-3-2-1-3-3-1-0-1	1-1-1-2-2-1-1-2-1-1-1-3
740	2	1-1-2-1-2-1-2-1-1-1-1-1	1-1-0-3-0-1-1-1-1-1-1-1	3-1-1-4-3-1-3-3-1-4-1-3	3-1-1-3-5-3-1-8-2-1-2-1	2-1-2-5-1-2-3-3-2-6-3-3	2-4-6-6-2-4-3-6-0-0-0-3	3-4-4-1-3-2-2-0-0-2-3-3	0-5-3-3-2-1-0-9-2-1-1-0	2-1-3-3-4-2-1-1-5-2-6-2	3-1-0-1-3-8-3-4-3-1-1-4	1-4-1-1-1-1-2-2-1-3-3-6	1-2-2-1-1-2-3-1-2-2-2-4
740	3	1-3-1-3-3-3-3-3-1-1-1-1	1-4-4-2-0-1-1-4-1-1-1-4	4-2-1-2-2-5-4-5-4-2-4-4	2-4-3-2-2-2-3-2-3-4-4-1	2-1-1-2-2-2-4-2-3-4-2-2	3-2-5-0-4-1-4-3-3-3-3-3	2-2-3-1-2-3-4-0-3-0-2-4	0-1-2-2-2-4-8-2-2-5-1-3	0-1-2-2-1-2-9-1-4-3-5-3	2-2-4-8-2-4-2-8-2-1-6-2	1-2-6-4-9-1-2-1-1-2-4-3	1-2-2-1-1-3-2-1-6-6-6-1
740	4	4-3-5-4-3-3-4-4-4-4-4-5	5-3-3-2-5-1-5-3-5-1-5-6	5-5-5-2-4-4-5-6-5-2-3-5	5-5-5-5-2-2-5-6-3-3-3-5	2-4-1-4-5-3-5-5-4-3-5-1	5-2-3-4-3-2-3-7-3-3-0-3	5-2-3-4-5-4-5-5-0-2-5-3	3-3-2-3-4-5-4-3-5-4-4-5	4-7-5-5-2-4-5-5-8-4-2-4	5-9-4-9-3-3-5-2-5-5-5-2	5-2-4-3-3-5-5-5-5-3-5-4	4-2-5-5-5-6-3-4-5-1-4-2
740	5	5-9-4-5-5-5-5-5-5-5-4-4	4-6-5-4-4-6-4-5-4-6-4-4	4-4-4-4-2-3-6-3-4-6-6-4	4-4-5-4-2-2-4-2-6-5-6-4	2-7-1-2-4-5-6-4-6-5-4-2	6-1-3-4-3-2-6-5-5-5-3-5	4-6-6-4-4-5-4-6-5-5-4-5	6-2-2-6-5-4-4-6-4-5-4-4	5-4-4-4-3-2-4-4-6-5-3-5	4-5-5-6-6-2-4-5-4-4-4-2	4-6-1-5-4-4-4-4-4-4-4-5	4-2-4-4-4-4-2-4-4-1-5-8
740	6	4-5-8-8-5-5-6-5-6-6-6-7	7-5-5-2-4-5-4-7-7-7-4-4	7-7-8-8-8-7-7-8-8-5-5-7	7-4-6-4-8-8-4-7-5-6-5-7	2-4-9-6-7-5-7-7-5-8-8-8	7-7-8-7-6-8-7-7-5-5-0-7	9-5-5-7-7-6-4-5-6-2-8-7	5-6-2-7-6-4-9-7-8-6-8-4	9-4-5-7-2-6-5-7-5-8-2-3	7-8-5-5-7-7-7-3-7-7-3-2	5-5-3-5-3-4-4-3-8-8-7-2	6-7-7-8-4-4-8-4-3-3-5-2
740	7	7-7-7-9-8-5-7-7-7-5-6-6	6-5-7-2-7-5-4-8-6-7-4-8	6-6-6-2-2-6-8-6-6-6-8-6	6-6-6-6-6-6-5-6-8-8-8-6	2-5-6-6-6-8-8-6-7-6-6-6	6-6-5-6-5-6-6-5-7-7-3-6	6-6-8-7-6-6-8-8-7-7-4-6	7-8-2-6-6-4-8-6-6-6-6-4	7-4-5-6-7-6-4-6-7-6-2-3	6-6-9-8-6-6-6-9-6-6-4-2	4-8-9-3-3-4-4-3-4-6-6-7	6-6-4-6-9-4-2-4-4-2-5-7
740	8	9-9-9-9-7-9-9-6-9-8-6-9	6-5-7-2-7-9-9-7-9-8-9-7	8-6-6-6-2-8-7-6-9-6-7-8	6-6-8-6-6-6-9-2-7-7-7-6	2-5-5-4-4-7-7-6-8-8-6-6	9-6-6-6-8-6-8-5-7-7-0-6	9-6-7-7-7-8-7-7-8-7-7-7	8-7-2-6-2-4-7-6-6-6-6-4	8-8-9-6-2-6-8-9-4-6-6-3	7-6-8-7-8-2-6-3-9-6-8-2	5-5-4-5-3-9-8-8-6-8-8-8	6-6-8-4-6-3-6-7-2-2-9-5
740	9	9-8-9-7-9-8-8-9-8-8-9-9	6-9-9-4-9-9-8-9-9-9-8-9	9-9-9-9-9-9-8-6-8-9-5-9	8-9-9-9-9-9-8-9-7-9-9-6	2-4-6-9-9-9-8-9-9-9-5-9	8-6-9-8-9-4-9-9-9-9-9-9	6-9-9-9-8-8-9-9-9-7-4-8	9-9-2-8-9-6-6-2-8-6-9-7	8-9-8-8-2-9-9-4-9-7-9-3	8-9-7-9-9-2-9-7-8-9-4-9	4-9-7-7-3-8-4-4-5-9-9-9	6-3-8-3-7-9-9-6-9-9-2-9
741	0	0-0-0-0-0-0-0-0-0-0-0-0	0-0-0-0-0-0-0-0-0-0-0-0	0-0-0-0-0-0-0-0-0-0-0-0	0-0-0-0-0-0-0-0-0-0-0-0	0-0-0-0-0-0-0-0-0-0-0-0	0-0-0-0-0-0-0-0-0-0-0-0	0-0-0-0-0-0-0-0-0-0-0-0	0-0-0-0-0-0-0-0-0-0-0-0	0-0-0-0-0-0-0-0-0-0-0-0	0-0-0-0-0-0-0-0-0-0-0-0	0-0-0-0-0-0-0-0-0-0-0-0	0-0-0-0-0-0-0-0-0-0-0-0
741	1	1-1-1-1-2-1-1-1-1-1-2-1	1-2-1-2-2-2-0-2-1-1-2-2	1-2-1-2-2-2-2-2-2-2-2-2	2-1-2-2-1-2-2-2-2-2-2-1	2-1-1-3-2-1-2-1-2-2-2-1	2-2-2-3-2-2-2-2-2-1-5-2	2-1-2-1-2-3-0-2-2-1-1-1	1-1-1-1-1-2-1-2-1-1-2-1	1-3-1-1-2-2-2-2-2-1-1-4	1-1-1-2-1-3-1-1-2-3-3-1	4-2-4-2-1-1-1-1-4-1-2-1	2-1-1-1-4-3-1-2-1-1-4-1
741	2	1-1-1-1-1-1-1-1-1-1-1-1	1-1-1-1-1-1-3-1-1-1-3-1	3-3-1-1-1-1-3-1-1-1-1-1	3-0-1-3-3-3-1-3-1-1-1-1	1-1-3-1-1-1-3-3-1-1-1-3	1-1-3-1-1-1-3-1-1-1-5-3	1-1-1-1-3-2-1-1-1-2-3-1	1-2-2-3-3-1-1-8-3-1-1-1	2-0-3-3-1-1-1-3-1-2-3-2	1-3-1-1-3-2-3-1-3-1-1-3	5-1-1-1-1-2-1-0-0-3-1-1	1-2-2-1-1-1-3-1-7-0-2-1
741	3	3-3-1-1-1-1-1-1-1-1-1-1	1-4-3-2-1-1-2-2-1-1-2-3	1-2-1-1-4-1-2-2-1-4-2-4	2-4-3-2-2-2-1-2-4-4-4-1	1-0-2-6-4-3-2-2-3-3-1-2	2-3-5-1-3-1-4-2-4-3-6-2	6-2-7-8-2-3-6-1-1-1-2-1	3-2-2-2-2-1-6-4-2-3-1-4	0-1-2-2-3-3-3-2-1-3-2-3	0-2-3-4-2-1-2-3-2-4-1-2	3-1-1-3-7-4-4-7-0-2-3-3	1-2-2-1-4-1-2-1-6-1-3-1
741	4	5-4-5-5-3-4-5-4-5-4-5-5	5-3-3-5-5-5-5-4-5-5-5-5	4-5-6-5-3-5-5-5-5-3-5-4	4-5-5-4-4-5-5-5-3-4-3-5	4-6-5-4-6-3-4-4-3-4-5-4	5-5-3-5-7-8-3-1-3-4-1-4	5-3-4-1-5-4-5-5-1-4-3-3	5-4-5-3-4-5-4-3-4-3-5-6	1-4-4-1-4-5-6-3-4-4-3-8	4-4-1-3-1-3-4-5-3-6-1-3	1-1-1-1-1-3-5-5-5-5-1-4	5-1-4-5-1-1-3-5-5-5-1-1
741	5	4-7-7-4-6-6-8-6-7-6-6-4	4-6-6-4-7-8-4-6-6-6-4-4	5-4-6-6-6-6-6-4-6-6-6-6	5-4-6-5-2-4-6-4-6-6-5-4	7-4-4-6-5-5-6-5-6-6-7-4	4-6-3-4-6-6-6-7-6-5-2-5	4-6-5-5-6-5-7-6-6-7-2-6	4-2-6-5-5-6-4-7-6-6-8-4	5-6-6-3-6-7-6-6-6-5-2-7	6-2-6-6-6-6-6-4-5-4-6-7	6-6-8-3-6-8-4-4-4-4-6-6	4-5-5-8-6-6-6-7-5-4-5-8
741	6	5-8-5-8-5-5-5-5-5-5-5-6	5-5-5-4-5-5-5-5-5-5-5-5	0-6-5-5-7-5-7-5-5-5-5-5	7-4-5-7-7-7-5-2-5-5-7-6	7-4-5-7-4-5-7-7-5-5-5-7	5-5-7-6-5-5-5-7-5-6-3-7	8-5-5-4-5-6-3-7-5-5-7-5	5-7-5-7-7-5-8-6-8-5-7-4	8-5-5-6-5-4-7-7-5-5-6-3	5-7-5-5-7-5-7-3-8-4-7-5	5-5-6-3-5-6-4-4-7-4-5-5	6-6-8-6-7-5-5-4-7-7-2-5
741	7	5-5-5-6-5-5-5-5-5-5-5-8	5-5-5-6-5-5-5-6-5-5-6-5	8-6-5-5-6-7-6-5-5-5-6-6	6-7-7-6-6-6-5-2-5-5-6-6	6-4-5-6-7-6-6-6-7-5-5-6	6-5-6-8-4-5-6-6-7-7-3-6	4-5-3-7-8-7-5-6-7-5-6-5	7-6-5-6-6-5-6-5-8-5-6-7	6-7-6-7-5-5-7-6-5-5-6-5	7-6-5-5-6-8-6-3-8-7-6-5	5-5-7-3-6-5-7-7-6-7-5-7	5-6-5-6-6-7-5-5-6-6-7-5
741	8	8-5-6-6-8-5-5-8-5-5-5-7	5-5-8-5-8-5-7-8-5-8-6-6	8-7-8-5-8-5-7-5-7-8-5-8	6-8-5-8-8-8-5-8-5-8-8-6	8-4-8-8-8-8-7-8-8-8-7-6	5-8-8-7-8-6-8-8-8-8-3-8	5-8-8-8-7-8-8-8-8-8-7-5	8-6-8-7-8-7-6-2-7-5-6-4	6-8-8-7-5-8-8-6-5-5-6-4	7-8-5-8-8-7-8-8-6-8-5-8	5-5-8-3-5-5-5-4-5-5-8-7	8-7-5-5-6-8-8-5-8-8-7-5
742	0	0-0-0-0-0-0-0-0-0-0-0-0	0-0-0-0-0-0-0-0-0-0-0-0	0-0-0-0-0-0-0-0-0-0-0-0	0-0-0-0-0-0-0-0-0-0-0-0	0-0-0-0-0-0-0-0-0-0-0-0	0-0-0-0-0-0-0-0-0-0-0-0	0-0-0-0-0-0-0-0-0-0-0-0	0-0-0-0-0-0-0-0-0-0-0-0	0-0-0-0-0-0-0-0-0-0-0-0	0-0-0-0-0-0-0-0-0-0-0-0	0-0-0-0-0-0-0-0-0-0-0-0	0-0-0-0-0-0-0-0-0-0-0-0
742	1	1-1-1-1-1-1-1-1-1-1-1-2	2-2-2-0-0-2-0-1-1-2-0-1	1-0-1-1-1-2-2-1-0-2-2-2	0-0-2-0-0-0-1-1-2-2-2-1	0-2-2-0-0-2-2-0-1-0-3-0	4-8-2-0-0-0-2-0-1-1-4-0	4-0-2-0-2-0-2-2-1-1-4-0	1-1-1-2-1-0-1-0-1-1-0-0	1-0-0-0-2-0-4-2-2-1-0-0	0-1-2-2-2-0-0-1-0-0-0-0	4-4-8-1-8-1-0-1-0-0-2-1	5-1-1-1-0-1-2-0-0-0-1-4
742	2	3-1-2-1-1-1-1-1-1-1-1-1	1-1-1-3-4-1-3-3-3-1-3-1	6-3-0-7-3-1-3-3-0-1-1-3	3-3-3-3-4-3-0-3-1-1-1-0	5-4-1-5-0-1-3-3-1-0-1-3	3-3-3-2-0-3-3-3-1-1-0-3	1-1-1-0-3-0-1-3-2-2-3-3	1-2-2-3-2-3-1-6-5-1-2-0	3-0-3-3-4-2-1-3-1-2-2-4	1-2-1-1-3-4-2-1-3-0-0-2	2-2-1-1-1-3-0-2-1-2-2-3	1-3-2-2-1-2-3-0-0-0-2-1
742	3	2-3-1-3-4-1-3-3-3-1-3-4	2-4-4-2-3-4-2-4-2-1-2-3	0-2-2-2-2-1-2-4-5-5-4-2	2-2-2-2-2-2-5-2-5-1-3-2	2-0-6-3-0-3-4-2-5-3-1-2	2-2-5-0-5-2-5-2-4-3-6-2	5-4-3-0-2-3-5-2-1-3-2-2	3-4-2-5-2-4-6-2-2-1-2-4	2-0-2-2-3-2-3-2-1-3-4-2	0-2-3-1-2-8-6-1-2-4-0-2	3-1-5-3-0-2-0-7-0-2-2-2	7-2-2-2-0-7-4-0-0-5-6-2
742	4	7-4-5-5-3-4-4-4-6-4-5-3	5-3-3-5-4-3-5-4-5-1-5-5	7-5-7-5-4-7-5-6-5-5-3-4	5-5-5-6-2-5-5-2-3-1-3-6	2-8-3-4-5-3-5-5-4-4-8-8	5-2-3-5-6-7-3-2-3-1-1-2	1-3-4-8-5-4-3-5-2-3-5-2	1-3-6-3-2-5-3-2-2-6-5-5	5-8-5-2-2-4-5-5-6-4-3-2	5-6-5-5-5-2-0-4-5-5-4-2	5-1-1-3-1-6-5-5-5-4-5-4	1-2-4-3-6-6-3-5-5-3-4-1
742	5	5-7-4-4-3-5-5-6-4-4-4-4	4-7-6-4-4-5-4-6-4-1-4-4	4-4-4-4-6-8-6-7-6-6-6-7	4-4-5-4-2-4-4-2-6-7-6-4	2-4-6-4-4-5-6-4-6-3-6-2	4-2-3-4-3-4-6-4-5-5-3-5	6-6-7-4-4-5-3-4-5-6-4-7	5-2-4-3-2-4-7-2-2-7-4-4	4-0-4-2-5-6-4-4-4-6-2-2	4-4-4-4-4-6-3-8-4-4-4-2	4-2-3-6-4-4-4-4-4-4-6-2	1-2-4-2-0-4-5-4-4-3-7-1
742	6	7-6-8-8-3-5-6-5-4-4-6-4	7-5-5-4-7-7-4-7-7-7-8-4	2-7-4-2-7-5-7-4-7-7-5-7	7-4-6-7-7-7-5-7-7-1-7-4	7-4-5-7-6-6-7-7-5-6-7-7	7-3-7-6-4-4-7-7-5-3-3-7	7-5-5-7-5-6-3-4-5-5-7-6	5-7-4-7-7-4-8-2-6-8-7-4	8-0-7-7-7-2-7-4-4-5-7-8	4-7-7-7-7-5-3-8-6-4-7-7	7-6-0-5-4-4-4-4-7-7-5-6	6-2-2-7-7-4-7-4-4-0-8-1
742	7	8-8-4-4-6-8-8-8-8-7-7-8	6-5-5-4-7-6-4-6-4-6-6-8	4-6-4-2-6-5-6-5-6-6-7-5	6-5-7-6-6-6-8-6-6-5-6-8	6-4-6-6-7-6-6-6-7-3-6-6	6-7-6-6-7-4-6-6-7-7-3-6	6-5-5-6-7-6-7-7-7-7-6-5	7-6-2-6-6-4-3-7-6-5-6-4	7-7-7-6-6-2-6-4-4-5-6-4	4-6-6-6-6-6-6-1-8-4-6-6	6-1-5-3-5-8-7-6-6-6-5-6	3-2-8-6-6-3-6-4-6-0-5-1
742	8	8-7-4-6-8-7-7-8-7-6-6-7	6-5-8-4-8-8-6-8-8-8-6-7	8-8-8-8-8-8-6-7-8-8-7-8	7-8-8-8-8-8-7-8-5-1-8-7	8-4-8-8-8-8-7-8-8-8-4-6	6-1-8-6-8-8-8-8-8-8-8-8	7-8-8-4-7-8-8-8-8-8-4-8	8-8-8-7-8-8-6-2-6-6-1-8	6-8-8-6-6-8-8-4-8-8-6-6	4-4-8-8-8-3-8-6-7-8-7-8	4-1-1-8-1-7-4-4-4-8-8-8	8-2-7-5-0-8-8-8-8-8-6-1
743	0	0-0-0-0-0-0-0-0-0-0-0-0	0-0-0-0-0-0-0-0-0-0-0-0	0-0-0-0-0-0-0-0-0-0-0-0	0-0-0-0-0-0-0-0-0-0-0-0	0-0-0-0-0-0-0-0-0-0-0-0	0-0-0-0-0-0-0-0-0-0-0-0	0-0-0-0-0-0-0-0-0-0-0-0	0-0-0-0-0-0-0-0-0-0-0-0	0-0-0-0-0-0-0-0-0-0-0-0	0-0-0-0-0-0-0-0-0-0-0-0	0-0-0-0-0-0-0-0-0-0-0-0	0-0-0-0-0-0-0-0-0-0-0-0
743	1	1-1-1-2-1-1-1-2-1-1-1-2	1-1-0-1-0-1-1-1-2-1-2-1	1-2-2-0-2-1-1-1-0-0-1-1	1-3-2-1-3-2-0-2-0-0-0-1	0-0-1-0-3-0-1-1-0-1-3-3	1-3-0-1-0-3-0-0-0-0-0-3	0-0-0-1-0-0-0-1-0-1-0-4	0-0-0-0-0-3-0-0-0-3-1-0	0-3-1-0-3-2-0-2-0-1-1-0	2-7-1-0-0-1-0-1-3-3-4-1	0-0-2-1-4-1-1-0-4-1-0-1	0-0-1-4-0-4-0-1-2-1-1-1
743	2	3-3-3-1-3-3-3-4-3-3-3-3	3-3-2-1-3-3-1-3-3-3-3-3	3-3-4-3-3-3-3-3-3-3-3-3	3-2-3-3-2-1-3-4-3-3-2-3	3-4-2-3-1-2-3-2-3-3-5-1	5-2-3-1-3-1-2-3-3-2-0-3	2-2-2-2-3-2-3-3-2-3-2-3	3-2-3-2-2-4-2-0-2-2-3-4	2-2-3-2-9-5-3-2-4-2-2-2	3-2-5-2-3-2-3-2-1-5-3-2	2-9-3-2-3-3-3-2-2-2-3-2	2-2-1-1-3-7-2-3-1-2-5-6
743	3	2-2-2-3-2-2-2-2-2-2-2-2	2-2-2-3-4-2-4-2-2-2-2-2	2-5-2-2-4-2-4-2-2-2-2-4	4-1-2-2-4-4-2-5-2-2-3-2	2-2-3-2-1-4-4-4-2-2-2-1	3-1-4-3-2-1-4-2-2-0-6-5	4-2-2-0-4-3-2-4-2-2-4-4	2-3-5-3-4-1-9-9-3-2-2-2	3-1-2-4-5-2-2-4-2-4-3-0	3-4-1-2-4-3-4-2-4-1-2-3	2-3-2-0-2-2-3-2-2-3-2-3	0-4-4-1-2-2-4-2-3-3-3-2
743	4	2-2-2-2-2-2-2-2-2-2-2-2	2-5-4-3-3-2-3-3-2-2-3-2	3-3-2-2-3-2-5-3-2-3-5-3	3-4-5-2-3-3-2-2-5-2-5-2	2-2-3-4-3-3-5-3-4-4-2-1	2-3-5-1-4-1-5-2-4-4-5-4	3-5-2-1-3-4-5-3-5-2-3-3	2-5-3-3-3-2-7-0-3-7-2-2	2-1-4-3-4-3-1-3-2-3-3-7	3-3-0-2-3-3-3-5-3-1-1-3	2-4-9-4-8-2-3-2-1-3-3-3	0-3-3-1-2-1-3-1-2-4-7-2
743	5	2-4-5-6-5-2-2-2-2-5-5-6	2-4-4-3-2-2-6-6-2-2-6-7	8-6-8-6-5-7-4-6-2-3-4-5	3-5-4-6-3-3-2-3-4-4-4-5	2-8-3-5-7-3-4-5-4-2-2-6	2-3-4-5-5-3-4-3-4-0-4-3	5-3-2-5-5-5-4-6-3-2-5-4	2-4-3-4-3-6-2-0-3-5-6-8	5-5-2-3-3-2-5-7-4-4-4-4	6-5-2-6-4-3-4-4-7-7-5-3	7-3-2-4-2-2-7-7-7-4-2-5	6-3-5-5-7-5-3-5-7-8-2-2
743	6	7-6-8-5-7-7-8-8-8-7-7-7	7-7-7-5-7-8-7-7-7-7-5-7	6-7-7-7-7-8-7-7-7-7-7-7	7-6-7-8-3-7-7-7-7-8-6-5	8-5-7-8-7-6-7-6-7-7-8-8	7-7-7-6-7-8-7-7-6-6-3-6	7-7-6-6-6-6-4-7-6-8-9-8	6-3-8-6-6-7-6-8-3-9-5-6	8-8-8-6-8-7-8-5-7-7-3-4	5-9-8-7-7-7-7-6-8-5-7-3	8-7-5-6-7-9-5-5-5-9-7-8	7-7-6-9-5-6-7-5-6-7-8-9
743	7	6-6-6-9-6-6-6-6-6-6-6-6	6-6-6-8-6-6-8-6-6-6-6-5	5-8-6-6-8-6-6-6-6-6-6-8	8-5-6-6-8-8-6-6-6-6-8-5	6-5-8-7-6-8-8-8-6-6-6-7	8-8-8-7-6-6-8-6-6-4-4-8	8-6-6-7-6-6-7-6-6-6-7-6	2-8-6-8-7-6-4-6-3-6-8-5	6-6-8-8-6-6-6-5-6-6-8-4	8-8-6-6-8-6-8-4-6-5-8-6	5-6-2-4-6-6-5-5-5-8-6-5	6-6-7-8-5-6-6-5-5-6-4-2
743	8	6-6-6-6-6-9-6-6-6-6-6-9	6-6-6-7-6-6-7-6-6-6-6-9	5-7-5-6-7-6-8-7-6-7-8-7	7-8-6-6-7-7-9-6-6-6-7-9	6-5-7-6-5-7-7-7-8-7-6-7	7-7-7-9-4-6-7-6-8-8-4-7	9-6-6-7-9-8-8-6-6-6-7-6	2-7-6-7-7-6-4-6-3-6-7-5	6-6-6-7-6-6-6-5-6-6-7-4	7-7-6-6-7-6-7-2-6-6-7-3	6-8-2-9-4-6-5-7-5-7-6-5	6-9-7-7-8-6-6-5-5-5-6-6
743	9	9-6-7-7-6-8-6-9-6-6-6-8	6-6-9-7-9-6-8-6-6-9-6-8	9-9-9-6-7-6-9-6-6-9-6-9	7-9-6-9-9-9-8-9-6-9-9-8	6-5-9-9-9-9-8-9-9-9-6-7	6-9-9-8-9-6-9-9-9-9-9-9	8-9-9-9-6-9-9-9-9-9-6-6	9-9-9-8-9-6-7-3-3-6-6-6	7-8-9-9-6-9-9-5-6-6-7-0	6-5-6-9-9-7-9-6-8-9-6-9	5-6-4-8-6-6-5-5-6-6-9-9	6-8-8-6-7-9-9-6-5-9-4-6
744	0	0-0-0-0-0-0-0-0-0-0-0-0	0-0-0-0-0-0-0-0-0-0-0-0	0-0-0-0-0-0-0-0-0-0-0-0	0-0-0-0-0-0-0-0-0-0-0-0	0-0-0-0-0-0-0-0-0-0-0-0	0-0-0-0-0-0-0-0-0-0-0-0	0-0-0-0-0-0-0-0-0-0-0-0	0-0-0-0-0-0-0-0-0-0-0-0	0-0-0-0-0-0-0-0-0-0-0-0	0-0-0-0-0-0-0-0-0-0-0-0	0-0-0-0-0-0-0-0-0-0-0-0	0-0-0-0-0-0-0-0-0-0-0-0
744	1	1-1-1-1-1-1-1-1-1-1-1-1	2-0-0-2-0-1-0-0-2-1-2-2	0-0-0-0-2-3-2-2-0-2-2-2	2-0-0-3-3-3-0-1-1-1-1-0	1-0-1-0-0-1-2-2-0-1-3-0	2-0-2-1-0-3-2-1-1-1-0-3	2-3-1-0-2-0-1-2-1-1-0-2	0-5-1-2-1-0-1-0-1-1-0-0	1-0-0-1-4-1-0-0-1-1-1-1	1-0-1-0-1-1-3-1-2-2-0-5	0-1-0-1-0-1-0-0-0-1-1-0	1-2-0-0-0-1-5-0-1-1-0-1
744	2	2-2-2-2-2-2-2-2-2-2-2-2	1-4-2-1-0-2-1-2-1-2-1-1	3-1-1-2-1-1-3-3-0-1-3-3	1-3-3-1-1-1-3-0-3-2-3-0	1-3-0-2-2-4-3-1-3-1-1-0	1-0-5-0-2-1-3-1-2-2-6-2	6-1-2-0-1-2-1-5-2-5-6-1	2-1-3-3-1-0-6-3-1-2-0-2	4-0-3-1-2-1-0-3-2-2-3-4	0-0-2-3-3-1-2-2-3-1-2-2	0-2-3-2-2-3-4-0-0-1-1-2	2-1-0-0-0-1-1-2-6-3-0-2
744	3	3-3-3-3-3-3-3-3-3-3-3-4	1-4-4-1-3-4-1-4-1-3-1-4	2-3-3-2-1-1-4-5-0-5-4-2	1-4-4-1-1-1-4-0-4-5-2-0	1-2-0-5-8-2-4-3-4-1-1-0	1-0-4-1-6-1-4-1-3-3-3-1	1-1-5-0-4-3-4-4-4-2-4-4	3-4-2-2-3-0-7-4-1-3-4-2	3-0-4-1-3-7-0-6-7-2-2-3	0-3-3-4-4-1-5-3-2-1-4-1	6-5-3-3-6-2-3-0-0-4-2-5	3-4-0-0-0-3-1-7-5-2-3-2
744	4	4-3-5-5-3-3-4-3-4-4-5-5	5-3-3-5-5-5-5-3-5-5-5-5	4-5-6-7-4-5-5-2-5-5-3-5	5-5-3-5-1-5-3-0-3-6-3-5	1-8-8-3-5-2-5-5-3-4-4-8	5-5-3-5-3-1-5-1-2-3-0-6	5-1-3-6-5-3-3-3-3-1-3-3	3-4-1-5-3-5-4-3-6-6-4-3	3-5-3-5-1-3-5-5-8-4-2-2	5-5-3-4-5-3-3-3-5-5-3-1	4-7-8-8-4-7-2-6-5-3-5-3	5-3-5-5-5-4-4-4-5-5-5-4
744	5	4-5-4-4-5-5-5-4-5-4-4-4	4-6-6-4-5-4-4-7-4-4-4-4	4-4-4-4-1-4-4-3-7-6-6-6	4-4-4-4-1-4-6-0-6-3-6-4	1-4-7-3-4-5-6-4-5-5-6-4	4-4-2-4-3-1-6-7-6-5-2-5	4-5-7-4-4-5-6-6-5-2-6-4	6-1-1-4-5-4-7-6-4-5-4-2	5-4-3-4-5-3-4-4-6-4-1-3	4-4-5-5-4-1-3-5-4-4-4-1	7-5-4-3-4-3-4-4-4-1-4-3	7-8-4-4-4-4-7-5-3-4-4-5
744	6	6-5-6-7-5-5-6-6-6-6-6-7	6-5-5-7-5-5-7-7-5-7-8-4	6-7-4-7-7-6-5-7-5-7-5-7	7-4-4-6-7-7-5-7-5-4-7-6	7-4-7-7-4-5-7-7-6-5-7-7	1-4-7-6-3-4-7-5-5-5-2-7	2-5-5-4-7-6-3-7-5-2-7-7	5-6-7-7-6-0-2-7-4-4-6-2	8-0-7-7-7-3-4-3-5-5-7-3	7-7-4-7-4-7-5-2-4-4-7-2	5-6-6-2-5-6-6-4-5-6-5-6	5-6-4-4-7-4-6-4-6-6-6-5
744	7	6-8-6-6-5-8-8-6-8-6-6-8	6-5-5-6-7-8-8-5-8-6-6-8	6-6-6-4-6-7-6-6-5-6-7-6	6-7-7-6-6-6-8-6-6-4-6-6	6-4-6-6-7-5-6-6-7-7-6-6	8-0-6-6-7-8-6-5-7-7-2-6	8-5-5-8-6-7-3-6-7-2-6-6	7-6-6-6-6-8-5-6-8-4-6-7	7-8-6-6-6-3-7-7-3-5-6-3	6-6-4-6-7-8-5-2-8-4-6-3	5-4-7-2-5-7-7-4-4-7-5-7	5-6-7-4-6-3-6-3-6-6-6-5
744	8	8-7-6-6-8-7-7-8-7-6-6-8	6-5-8-6-8-7-7-8-8-8-6-8	8-8-8-8-8-8-8-8-7-8-8-8	8-8-8-8-8-8-7-8-8-8-8-6	1-4-8-8-8-8-7-8-8-8-6-8	7-8-8-7-8-8-8-8-8-8-8-8	7-8-8-8-8-8-8-8-8-8-6-6	8-8-8-8-8-7-6-6-7-4-7-8	7-8-6-8-6-8-8-5-4-3-6-8	6-8-8-8-8-7-8-4-8-8-8-8	8-8-4-8-4-7-7-4-8-8-8-8	8-5-4-5-6-8-8-8-8-8-6-8
745	0	0-0-0-0-0-0-0-0-0-0-0-0	0-0-0-0-0-0-0-0-0-0-0-0	0-0-0-0-0-0-0-0-0-0-0-0	0-0-0-0-0-0-0-0-0-0-0-0	0-0-0-0-0-0-0-0-0-0-0-0	0-0-0-0-0-0-0-0-0-0-0-0	0-0-0-0-0-0-0-0-0-0-0-0	0-0-0-0-0-0-0-0-0-0-0-0	0-0-0-0-0-0-0-0-0-0-0-0	0-0-0-0-0-0-0-0-0-0-0-0	0-0-0-0-0-0-0-0-0-0-0-0	0-0-0-0-0-0-0-0-0-0-0-0
745	1	1-1-1-1-1-1-1-0-1-1-1-1	1-1-0-1-0-1-1-0-1-0-0-2	2-1-2-0-0-2-0-1-0-0-0-0	2-3-2-0-1-2-0-0-0-0-0-4	0-1-1-0-2-0-2-1-2-1-0-0	0-3-0-0-2-2-0-1-1-0-0-2	3-0-0-4-2-1-0-0-1-1-0-0	1-0-0-0-1-2-0-0-1-2-2-1	2-2-2-1-0-2-2-2-0-1-0-0	4-1-1-2-0-2-0-0-1-2-1-1	2-0-0-0-0-1-2-4-4-0-1-1	1-0-1-1-0-1-1-1-1-0-1-0
745	2	2-1-2-2-2-2-2-2-2-2-3-2	2-2-0-3-0-1-3-3-3-2-3-3	1-3-1-3-4-1-3-3-3-4-1-3	3-0-3-3-4-4-3-1-2-1-2-1	2-0-1-0-1-3-3-3-1-5-4-3	3-1-3-5-2-4-3-3-2-2-0-4	2-4-0-1-3-0-0-3-2-2-2-3	1-4-2-3-2-1-0-5-3-1-8-0	1-1-1-3-5-1-1-1-0-2-3-2	3-0-0-3-3-5-3-0-3-1-3-2	1-2-7-0-0-3-1-1-0-2-3-3	1-3-1-1-4-3-3-1-0-3-2-2
745	3	3-3-2-3-3-3-3-3-3-3-3-2	2-5-3-2-4-3-2-4-2-3-2-4	1-2-1-2-2-3-4-4-2-2-4-2	2-1-4-2-2-2-5-1-4-0-4-1	2-4-3-3-3-4-4-2-4-2-2-2	2-1-4-2-3-1-4-2-3-3-4-2	5-2-3-3-2-3-0-4-3-8-5-2	3-2-2-4-2-1-0-2-2-3-4-3	5-1-4-2-3-1-1-4-4-3-2-4	5-4-3-2-2-2-2-3-4-3-4-2	5-4-4-0-5-4-4-1-3-2-2-3	1-2-1-5-3-3-2-1-0-4-2-3
745	4	4-4-2-4-4-5-4-4-4-4-4-4	2-5-5-2-4-5-2-5-5-3-5-5	1-2-2-2-2-2-5-3-5-2-5-3	2-5-5-2-2-2-5-1-3-6-3-1	2-3-1-4-1-3-5-4-3-2-2-2	5-1-3-2-5-2-5-2-4-4-3-2	5-2-3-1-5-1-5-3-5-3-2-2	4-2-3-3-2-1-5-2-4-4-4-3	3-1-5-2-4-6-3-5-4-3-3-3	1-3-4-5-3-2-2-4-3-3-5-2	1-3-3-5-5-3-5-1-1-3-5-4	1-5-1-1-4-3-2-7-0-3-2-3
745	5	5-5-2-6-4-4-5-6-5-6-5-6	5-4-4-2-5-4-5-4-6-6-6-4	1-6-6-2-6-6-4-6-8-4-4-6	6-6-4-6-2-6-6-7-4-6-4-6	2-7-1-4-6-3-4-5-5-2-5-6	4-6-8-2-4-2-4-2-3-4-0-2	3-2-4-6-6-5-4-4-4-5-6-6	4-2-2-6-2-3-4-6-6-3-6-6	3-1-4-2-2-5-5-4-4-5-2-2	6-6-5-4-3-2-4-3-6-6-4-2	5-6-5-4-4-8-4-3-6-3-4-4	1-4-5-6-5-5-2-5-4-5-2-4
745	6	7-6-7-7-6-7-9-8-7-7-7-9	7-7-6-7-7-7-7-7-7-7-5-6	6-7-7-8-8-7-5-8-7-7-6-5	7-5-5-7-7-5-7-8-8-7-7-5	8-7-7-8-5-6-6-6-7-8-8-5	6-5-7-6-8-7-7-7-7-6-0-6	7-7-6-7-5-6-7-6-6-8-9-7	7-2-7-5-7-1-6-5-5-8-5-5	6-6-8-6-7-7-5-7-8-7-7-6	5-7-8-7-6-7-7-8-5-5-7-7	7-9-5-7-8-9-6-7-5-6-8-6	8-6-8-5-5-8-7-8-8-5-8-7
745	7	8-7-9-8-6-6-6-8-6-6-6-7	6-6-6-8-6-6-6-7-6-6-8-8	7-8-8-6-7-6-8-7-6-6-8-7	8-7-6-6-8-8-6-6-6-6-6-7	6-9-6-6-6-6-8-8-6-6-6-8	6-6-6-9-6-6-6-6-6-6-4-8	6-6-7-6-6-8-6-7-6-6-8-6	6-8-6-8-6-6-9-8-7-6-6-7	6-6-6-6-6-6-6-6-6-6-8-3	6-6-7-6-8-6-6-7-9-6-8-6	8-6-6-6-6-6-7-6-8-6-6-6	6-8-7-8-8-6-6-6-8-8-6-6
745	8	7-9-7-7-6-6-6-6-6-6-7-7	7-6-6-7-6-6-9-7-7-6-7-7	1-7-7-6-6-8-7-6-7-6-7-8	7-8-6-6-7-7-6-6-6-6-7-1	6-6-6-6-8-6-9-7-8-6-6-7	6-6-5-7-6-6-8-6-6-8-8-7	9-7-6-9-6-7-6-9-8-6-7-7	6-7-2-7-2-1-7-7-9-6-2-8	8-9-6-8-6-6-8-8-6-6-7-0	8-6-6-6-8-9-6-6-9-8-7-9	7-6-6-0-6-6-8-2-7-8-6-8	6-7-6-7-7-6-6-6-8-8-6-6
745	9	9-8-7-7-6-8-6-9-7-6-7-7	6-6-9-7-9-6-8-9-7-9-7-7	9-8-7-7-9-6-7-6-7-9-6-9	8-9-7-9-9-9-6-9-6-9-9-7	6-7-9-9-9-9-8-9-9-9-7-7	6-9-8-7-9-7-9-9-9-9-9-9	8-9-9-8-8-9-6-9-9-9-6-6	9-7-2-7-9-8-7-2-8-6-6-6	8-8-7-8-2-9-9-8-6-6-7-0	6-9-9-9-9-7-9-7-8-9-9-8	6-6-6-9-6-6-6-6-6-8-9-8	7-7-6-6-8-9-9-6-9-9-7-9
746	0	0-0-0-0-0-0-0-0-0-0-0-0	0-0-0-0-0-0-0-0-0-0-0-0	0-0-0-0-0-0-0-0-0-0-0-0	0-0-0-0-0-0-0-0-0-0-0-0	0-0-0-0-0-0-0-0-0-0-0-0	0-0-0-0-0-0-0-0-0-0-0-0	0-0-0-0-0-0-0-0-0-0-0-0	0-0-0-0-0-0-0-0-0-0-0-0	0-0-0-0-0-0-0-0-0-0-0-0	0-0-0-0-0-0-0-0-0-0-0-0	0-0-0-0-0-0-0-0-0-0-0-0	0-0-0-0-0-0-0-0-0-0-0-0
746	1	1-1-1-1-1-1-1-1-1-1-1-2	2-2-1-0-3-2-2-2-2-1-2-2	2-2-1-2-2-2-2-2-2-2-2-2	2-1-2-2-1-1-2-2-1-2-1-2	2-1-1-2-1-1-2-1-1-1-2-1	2-2-2-2-2-2-1-2-1-1-4-2	1-2-1-1-2-1-0-2-1-3-1-4	2-1-1-1-1-2-2-1-1-1-2-1	1-1-1-1-1-1-1-1-2-1-2-2	1-1-1-2-1-1-2-2-0-2-2-1	1-2-3-2-3-1-1-1-1-1-2-1	6-1-1-1-1-1-1-1-1-1-1-1
746	2	1-1-1-2-1-1-1-1-1-1-1-1	1-1-1-2-1-1-3-1-1-1-1-1	1-3-3-1-1-1-3-1-1-1-1-1	3-0-1-1-3-3-1-3-1-1-2-1	1-0-3-1-1-2-3-3-1-1-1-2	1-1-3-1-1-3-3-1-1-1-1-3	3-1-1-1-3-2-0-3-1-1-3-3	1-2-4-3-3-1-1-3-2-1-1-1	2-0-1-3-4-2-1-3-1-2-4-1	4-3-1-1-3-2-3-1-3-1-1-4	1-4-1-1-1-4-0-0-1-3-1-1	1-3-2-1-0-2-3-0-2-2-2-1
746	3	1-3-1-1-1-3-1-1-1-1-1-1	1-4-4-2-1-1-2-4-1-1-2-4	1-2-2-1-1-1-4-6-1-2-4-4	2-3-4-1-2-2-6-2-4-4-3-1	1-0-2-3-2-2-4-2-3-6-1-2	1-2-4-1-3-2-4-3-3-3-5-3	2-4-3-3-2-3-5-2-3-1-2-2	3-2-4-2-2-4-6-2-2-1-1-1	3-3-4-2-3-2-3-2-1-3-2-3	2-2-4-4-2-2-2-3-2-4-7-2	3-2-7-3-1-0-0-3-5-2-2-1	1-2-2-4-0-6-2-0-6-2-3-1
746	4	4-7-5-4-1-4-4-4-4-4-4-7	4-3-3-5-5-1-5-6-6-1-5-5	7-5-5-2-5-1-3-5-5-5-3-4	5-5-5-5-2-2-3-2-3-3-5-7	2-7-2-4-5-3-3-5-5-3-1-4	1-1-3-4-5-2-3-1-1-3-1-2	5-3-2-3-4-4-3-5-3-1-4-1	1-2-5-3-2-5-3-2-2-5-5-4	5-6-5-2-2-5-5-2-1-4-2-3	5-7-3-5-5-2-3-3-5-1-5-2	5-2-5-5-1-5-6-5-7-3-5-4	1-2-4-3-5-3-3-5-5-7-3-2
746	5	6-5-7-5-6-7-7-5-7-7-6-5	7-3-6-7-6-7-6-5-6-6-7-7	5-4-6-6-6-6-6-4-4-6-6-5	6-4-4-6-6-6-3-6-6-4-6-5	6-4-6-6-4-5-6-6-4-7-5-6	5-7-6-5-4-7-6-6-4-5-3-6	6-6-3-5-7-5-3-7-5-1-6-6	1-6-4-6-6-4-7-6-6-4-4-4	4-4-4-5-6-4-4-6-1-6-6-4	7-6-5-4-6-6-6-3-4-6-6-6	4-6-4-4-1-4-4-4-4-3-4-5	1-3-6-6-4-4-5-4-6-4-6-6
746	6	5-5-5-5-5-5-5-5-5-5-5-7	5-3-5-5-5-5-5-5-5-5-5-5	7-6-5-5-5-5-5-7-5-5-6-5	5-6-6-5-5-5-7-5-5-6-5-4	5-4-5-5-6-5-7-5-6-3-1-5	7-7-5-7-4-5-5-5-6-6-3-6	5-5-1-6-6-6-3-5-6-1-5-5	6-5-4-5-5-5-3-5-5-4-5-6	6-4-6-6-5-5-6-5-1-5-5-3	6-5-6-4-5-5-5-7-7-5-5-5	5-6-5-4-7-7-4-4-5-6-6-6	7-7-5-5-6-3-6-4-5-4-5-5
746	7	7-4-5-5-7-5-5-7-5-5-5-6	5-7-7-5-7-5-5-7-5-7-5-5	7-7-7-5-7-5-6-6-6-7-7-7	6-7-7-7-7-7-6-7-6-7-7-4	5-4-7-7-7-7-6-7-7-7-5-5	6-7-5-5-7-5-7-5-7-7-7-7	6-7-7-7-5-7-7-5-7-7-6-5	7-5-7-6-7-5-5-2-5-4-5-5	5-4-7-6-5-7-4-6-7-5-5-3	5-4-7-7-7-6-5-6-6-7-5-7	4-1-3-4-6-6-4-4-4-6-7-7	6-6-4-1-6-7-7-4-7-7-5-7
747	0	0-0-0-0-0-0-0-0-0-0-0-0	0-0-0-0-0-0-0-0-0-0-0-0	0-0-0-0-0-0-0-0-0-0-0-0	0-0-0-0-0-0-0-0-0-0-0-0	0-0-0-0-0-0-0-0-0-0-0-0	0-0-0-0-0-0-0-0-0-0-0-0	0-0-0-0-0-0-0-0-0-0-0-0	0-0-0-0-0-0-0-0-0-0-0-0	0-0-0-0-0-0-0-0-0-0-0-0	0-0-0-0-0-0-0-0-0-0-0-0	0-0-0-0-0-0-0-0-0-0-0-0	0-0-0-0-0-0-0-0-0-0-0-0
747	1	0-1-0-1-1-0-0-0-1-0-1-1	2-0-0-3-0-0-0-2-0-0-0-0	1-3-0-2-2-0-2-0-0-3-0-2	2-0-0-3-2-2-0-1-1-0-1-0	1-0-1-0-2-1-2-2-1-0-0-2	2-2-0-0-0-3-2-3-1-1-0-1	2-1-3-0-2-0-0-2-0-1-0-2	0-1-1-2-3-0-1-7-1-0-0-0	0-0-2-3-3-2-0-3-0-1-1-1	0-2-0-3-0-3-2-1-2-0-0-3	0-1-0-0-0-0-0-0-0-1-1-1	0-2-1-0-0-0-2-0-0-0-1-3
747	2	2-2-2-2-2-2-2-2-2-2-2-3	1-3-3-1-0-3-0-3-0-3-0-3	3-1-1-1-1-1-3-3-3-1-3-1	1-3-2-1-1-1-0-1-1-3-3-0	2-0-1-2-1-1-3-1-3-2-0-1	1-1-4-0-2-1-3-1-2-2-6-2	1-1-3-3-1-2-5-1-0-5-0-1	2-3-3-1-2-3-5-0-2-2-0-0	2-0-1-1-2-1-2-1-4-2-1-7	0-1-0-1-0-2-1-2-1-3-0-1	2-1-0-2-0-3-0-0-3-1-1-1	0-1-0-3-0-2-1-0-2-0-1-0
747	3	3-2-0-2-2-3-3-3-3-3-3-2	3-2-2-3-0-3-4-2-4-2-4-4	6-4-6-1-2-4-2-4-4-1-2-4	4-3-3-1-1-4-4-1-2-2-2-3	1-3-1-3-5-2-2-3-3-0-0-4	2-1-2-3-3-1-2-1-2-2-0-1	3-1-2-2-4-3-2-4-3-1-3-1	3-1-5-2-1-4-1-4-3-3-5-6	5-4-3-1-1-3-3-1-2-3-1-1	3-5-3-1-5-1-0-2-5-4-3-1	5-1-5-2-3-4-5-5-5-1-1-3	3-1-3-2-3-3-1-5-5-5-1-1
747	4	4-5-5-6-5-4-4-6-5-5-5-3	5-5-4-5-6-6-5-5-3-5-3-5	4-5-5-5-5-5-4-3-5-5-4-3	5-4-5-4-4-3-5-6-5-5-4-3	6-5-4-6-3-4-4-4-4-5-6-4	4-5-5-4-6-5-4-5-6-4-0-4	5-4-4-4-5-4-2-4-4-6-7-6	4-4-1-4-4-6-5-5-3-4-3-3	4-3-5-4-5-6-6-4-6-5-5-5	3-4-4-5-3-5-5-6-6-3-3-1	3-5-7-7-7-7-3-3-3-4-5-5	7-4-4-4-5-6-5-3-3-4-4-7
747	5	6-5-4-7-4-4-4-6-4-4-6-6	6-4-6-6-4-4-6-6-6-4-6-6	5-6-4-6-6-4-6-6-6-6-6-6	6-3-4-5-6-6-6-1-4-4-6-5	6-4-6-6-3-6-6-6-4-4-5-6	4-4-6-4-3-4-6-6-4-5-2-6	6-4-4-2-6-4-2-6-4-4-6-5	4-6-3-6-6-4-7-4-6-3-6-3	3-7-4-6-6-4-3-6-4-4-6-4	6-6-4-4-6-6-7-7-3-6-6-6	3-4-3-7-4-4-3-3-6-6-4-7	0-6-5-6-6-3-4-3-3-3-6-6
747	6	5-7-5-5-4-7-4-4-4-4-5-5	5-4-5-5-4-4-5-5-5-4-5-5	7-5-3-5-5-5-5-5-5-5-6-5	5-6-6-5-5-5-7-1-5-4-5-7	5-3-5-5-3-5-7-5-6-4-4-5	7-4-5-7-6-7-5-5-6-6-2-6	5-1-4-6-5-6-7-5-6-4-5-5	6-5-4-5-5-4-4-5-5-3-5-3	6-6-6-5-5-4-5-5-4-4-5-4	5-5-4-4-5-5-4-4-7-5-5-5	5-6-3-7-4-4-3-5-5-5-4-6	4-7-5-5-5-4-5-3-5-3-5-1
747	7	7-5-5-5-7-6-4-7-4-4-5-5	5-7-7-5-7-4-5-5-5-7-5-6	7-7-7-4-7-7-7-4-5-7-2-7	6-7-6-7-7-7-6-7-6-7-7-6	5-3-7-7-7-7-6-7-7-7-5-5	6-7-5-6-7-6-7-7-7-7-7-6	6-7-7-7-5-7-7-7-7-7-5-5	7-5-7-5-7-5-5-1-5-5-4-3	5-6-7-6-5-3-7-5-4-4-5-2	5-3-7-7-7-5-5-5-6-7-5-7	5-4-4-6-4-4-3-3-4-4-7-5	4-6-6-4-5-7-7-3-3-7-5-4
748	0	0-0-0-0-0-0-0-0-0-0-0-0	0-0-0-0-0-0-0-0-0-0-0-0	0-0-0-0-0-0-0-0-0-0-0-0	0-0-0-0-0-0-0-0-0-0-0-0	0-0-0-0-0-0-0-0-0-0-0-0	0-0-0-0-0-0-0-0-0-0-0-0	0-0-0-0-0-0-0-0-0-0-0-0	0-0-0-0-0-0-0-0-0-0-0-0	0-0-0-0-0-0-0-0-0-0-0-0	0-0-0-0-0-0-0-0-0-0-0-0	0-0-0-0-0-0-0-0-0-0-0-0	0-0-0-0-0-0-0-0-0-0-0-0
748	1	1-1-1-1-1-1-1-1-1-1-1-1	0-0-1-0-0-0-0-2-0-1-0-1	1-1-0-1-2-0-2-0-0-2-2-2	0-0-0-0-0-0-0-1-2-1-2-0	1-0-0-0-0-1-2-0-1-0-3-0	4-2-0-0-1-0-2-0-1-1-4-0	0-1-2-0-0-1-1-2-1-1-0-1	1-1-0-0-1-0-1-2-0-1-0-0	1-1-0-2-3-0-4-0-0-1-0-1	0-0-1-2-1-0-0-1-0-0-0-0	1-1-0-0-0-0-0-0-0-1-0-1	2-1-0-2-0-1-0-0-0-1-2-0
748	2	2-2-1-1-1-1-2-1-2-2-2-2	3-1-1-3-1-3-3-1-3-1-3-3	1-4-1-3-3-3-3-0-0-3-1-3	3-0-3-3-5-3-3-4-3-1-1-0	5-0-2-3-6-3-3-3-1-0-4-0	3-3-3-2-2-3-3-3-6-1-0-3	3-1-1-0-3-2-2-3-2-2-0-3	0-4-4-3-2-3-1-4-7-1-0-0	3-0-3-4-4-3-0-3-0-1-3-2	4-4-1-1-3-2-1-1-3-3-0-4	0-4-2-0-0-2-0-2-0-3-2-1	1-3-2-1-0-2-4-0-0-0-3-2
748	3	3-3-3-3-3-3-3-3-3-2-3-4	2-4-3-2-5-4-2-4-2-4-2-4	3-2-5-2-2-2-4-4-4-2-4-4	2-3-2-2-2-2-6-2-4-4-4-0	3-0-6-2-2-2-4-2-4-3-1-0	2-2-5-4-3-2-4-3-3-3-7-3	2-2-3-0-2-3-4-2-3-6-0-2	5-4-2-2-2-4-4-5-2-4-0-4	3-0-4-2-1-2-3-4-6-3-4-3	4-2-1-6-2-2-4-4-2-2-0-2	4-0-8-3-8-2-0-4-0-2-4-3	1-2-2-1-0-2-2-0-0-4-2-2
748	4	3-3-4-4-3-3-4-4-4-4-3-5	5-3-3-2-3-3-5-3-5-3-6-5	7-5-6-5-4-5-3-5-5-5-3-5	5-5-5-5-2-5-5-2-3-3-3-6	3-7-5-4-5-3-5-5-4-7-2-5	5-5-3-5-5-6-3-5-3-3-1-5	5-2-3-5-5-3-3-5-4-3-5-3	6-2-5-5-3-5-3-2-2-3-6-7	6-5-6-2-2-4-6-6-7-4-3-6	5-2-1-3-5-2-3-3-6-5-5-2	5-2-7-4-5-5-5-6-6-2-3-4	1-2-5-4-6-6-2-6-5-7-4-2
748	5	5-5-5-5-5-5-5-5-5-4-3-4	4-6-6-2-3-5-4-6-4-6-4-4	4-4-6-4-2-4-6-4-7-6-6-4	4-4-6-4-2-4-6-2-6-6-6-4	5-4-7-5-4-6-4-4-6-4-6-4	4-4-3-4-4-2-6-5-5-5-0-4	4-5-5-4-4-5-6-4-6-7-4-5	3-5-4-4-5-4-6-3-2-5-4-4	4-5-4-4-5-4-7-4-6-5-3-3	4-1-5-8-4-2-8-5-4-4-4-2	4-8-5-3-4-4-4-4-4-2-5-3	3-2-4-6-4-1-7-4-4-4-3-7
748	6	8-5-8-6-6-7-8-6-6-6-6-7	4-5-5-7-7-5-7-8-4-5-7-7	6-7-4-7-7-7-7-5-7-7-5-6	7-4-5-6-7-7-5-6-5-5-7-4	7-4-3-7-4-7-7-7-5-6-7-7	5-7-7-6-6-4-7-7-2-5-3-7	5-5-5-6-5-6-5-7-5-5-7-6	4-6-8-7-7-4-5-7-2-3-7-4	4-0-7-7-7-4-4-7-3-3-7-4	8-7-6-3-7-8-7-5-4-4-7-7	4-6-3-3-0-4-4-4-4-7-6-6	1-7-6-7-4-4-7-4-7-6-7-6
748	7	6-8-6-6-6-8-8-6-8-6-6-8	8-5-5-6-7-5-6-6-8-5-6-6	4-6-8-6-6-6-6-8-5-6-6-6	6-7-6-6-6-6-8-6-6-5-6-8	6-4-6-6-7-6-8-6-7-7-6-6	8-6-6-8-7-8-6-6-7-7-3-6	8-5-5-8-7-7-5-6-7-5-6-6	7-6-2-6-6-4-3-6-2-5-6-4	7-7-6-7-6-4-7-6-4-7-6-6	7-6-7-3-7-2-6-8-8-4-7-6	3-7-4-8-0-7-4-3-4-6-7-7	8-6-8-6-7-4-6-4-6-4-6-5
748	8	8-7-6-6-8-7-7-8-7-6-6-7	7-8-8-6-8-8-7-6-8-8-6-7	8-8-8-8-8-8-8-7-8-8-7-8	7-8-8-8-8-8-7-8-7-8-8-7	6-4-8-8-8-8-7-8-8-8-1-6	7-8-8-7-8-8-8-8-8-8-8-7	7-8-8-8-7-8-8-7-8-8-5-8	8-7-6-7-8-8-7-6-2-5-6-4	7-8-8-7-6-8-8-4-8-3-6-6	6-4-8-8-8-6-8-7-7-8-7-8	4-5-8-8-3-4-7-4-8-7-8-8	8-7-7-1-4-8-8-4-8-8-6-8
749	0	0-0-0-0-0-0-0-0-0-0-0-0	0-0-0-0-0-0-0-0-0-0-0-0	0-0-0-0-0-0-0-0-0-0-0-0	0-0-0-0-0-0-0-0-0-0-0-0	0-0-0-0-0-0-0-0-0-0-0-0	0-0-0-0-0-0-0-0-0-0-0-0	0-0-0-0-0-0-0-0-0-0-0-0	0-0-0-0-0-0-0-0-0-0-0-0	0-0-0-0-0-0-0-0-0-0-0-0	0-0-0-0-0-0-0-0-0-0-0-0	0-0-0-0-0-0-0-0-0-0-0-0	0-0-0-0-0-0-0-0-0-0-0-0
749	1	1-1-1-1-1-1-1-1-1-1-1-1	1-0-0-1-0-2-0-2-0-1-3-0	0-3-0-3-2-2-0-0-0-2-0-2	2-0-0-3-2-2-0-3-1-0-1-0	1-0-0-0-2-2-2-2-1-1-0-2	2-3-2-0-0-2-2-3-1-1-0-3	3-1-1-0-2-1-1-2-1-1-0-2	1-2-1-2-4-0-1-7-1-0-3-0	0-0-2-2-3-2-0-2-2-1-4-1	0-2-1-2-2-3-2-3-2-1-0-3	2-1-0-0-7-1-0-0-0-1-2-4	0-1-1-1-0-1-1-0-3-2-1-3
749	2	2-2-2-2-2-2-2-2-2-2-2-2	1-3-2-1-0-3-0-2-3-1-1-2	2-1-4-1-1-3-3-3-0-3-3-1	1-0-3-1-1-1-2-1-3-2-3-2	1-0-4-3-1-1-3-1-3-0-0-1	1-0-3-0-2-1-3-2-2-2-6-2	2-1-2-2-1-2-3-1-2-2-0-1	2-1-1-1-2-3-6-5-2-4-0-0	2-0-1-1-2-1-0-1-3-2-2-2	3-1-4-3-1-1-1-2-1-2-0-1	1-1-2-3-6-1-0-2-0-1-1-2	0-1-1-3-0-2-1-0-1-1-2-4
749	3	3-2-4-2-2-2-3-2-3-4-2-2	4-2-2-4-4-4-4-4-4-3-4-4	3-4-5-1-3-2-4-4-5-2-2-4	4-4-4-4-1-4-4-5-2-5-2-3	1-4-3-3-4-1-4-4-2-3-3-3	4-4-2-3-4-7-2-1-2-2-1-1	1-1-1-4-4-3-4-4-2-2-1-1	2-3-6-4-2-4-4-2-4-3-4-4	5-4-4-4-1-3-4-4-2-3-1-3	4-1-3-2-4-1-2-1-4-4-4-1	4-1-4-2-3-4-4-4-4-1-3-3	4-1-4-2-4-4-1-6-1-4-1-1
749	4	4-4-3-4-4-2-4-4-3-3-4-3	3-5-5-3-3-3-3-3-3-4-3-3	3-3-2-4-5-5-3-3-5-5-5-5	3-5-3-3-1-3-6-3-5-4-5-3	1-3-5-4-3-5-3-3-5-5-3-5	3-3-2-3-3-3-5-4-4-4-2-4	2-5-5-3-3-4-3-3-4-6-3-5	2-4-3-3-4-3-6-4-3-3-3-3	4-3-3-3-4-6-3-3-6-6-1-2	3-3-4-5-3-1-1-6-3-3-3-1	3-5-3-2-3-3-3-3-3-1-5-3	4-6-3-2-3-3-1-3-1-3-4-4
749	5	6-5-6-6-6-6-7-6-6-5-6-5	5-4-4-6-6-6-6-5-5-6-7-6	5-6-6-6-6-5-6-6-6-6-6-6	6-4-4-6-6-6-6-5-6-4-6-5	6-3-6-6-4-4-6-4-4-5-6-6	5-5-6-6-6-3-6-6-4-4-2-5	6-4-4-3-7-5-6-5-4-7-6-4	2-6-3-6-6-6-4-6-3-3-6-5	7-3-6-6-6-4-3-6-4-4-6-7	5-6-5-4-6-6-6-5-7-3-3-7	3-4-6-5-5-6-5-3-6-5-4-5	7-6-5-6-6-3-6-3-1-0-2-4
749	6	5-5-5-5-5-5-5-5-5-5-5-7	5-4-4-5-5-5-5-5-5-5-5-5	5-5-5-5-5-5-5-5-5-5-5-5	5-6-6-5-5-5-7-5-5-4-5-3	5-3-5-5-6-6-7-6-6-6-5-5	5-5-5-5-6-3-5-5-6-6-2-6	5-1-2-3-7-6-5-5-6-4-5-4	6-5-3-5-5-7-4-5-7-3-5-3	6-3-6-5-5-4-3-5-4-4-5-5	7-6-6-5-5-5-5-5-7-3-6-5	3-6-5-2-2-6-3-3-5-6-4-6	4-4-6-5-5-2-5-3-1-0-1-1
749	7	7-6-5-5-7-5-5-7-5-5-5-6	5-4-7-3-7-5-5-7-5-7-5-5	7-7-5-5-7-5-5-6-6-7-5-7	6-7-7-7-7-7-6-7-7-7-7-3	7-3-7-7-7-7-6-7-7-7-1-5	6-7-6-6-7-3-7-7-7-7-7-7	6-7-7-7-6-7-7-7-7-7-7-7	7-7-7-6-7-6-7-1-6-3-5-3	5-7-7-7-1-7-7-6-7-4-5-5	6-3-7-7-7-1-7-5-6-7-3-7	0-7-7-3-1-6-3-3-3-6-7-7	5-6-5-2-5-7-7-7-7-7-5-7
750	0	0-0-0-0-0-0-0-0-0-0-0-0	0-0-0-0-0-0-0-0-0-0-0-0	0-0-0-0-0-0-0-0-0-0-0-0	0-0-0-0-0-0-0-0-0-0-0-0	0-0-0-0-0-0-0-0-0-0-0-0	0-0-0-0-0-0-0-0-0-0-0-0	0-0-0-0-0-0-0-0-0-0-0-0	0-0-0-0-0-0-0-0-0-0-0-0	0-0-0-0-0-0-0-0-0-0-0-0	0-0-0-0-0-0-0-0-0-0-0-0	0-0-0-0-0-0-0-0-0-0-0-0	0-0-0-0-0-0-0-0-0-0-0-0
750	1	1-1-1-1-1-1-1-1-1-1-1-1	1-1-1-1-0-1-1-2-0-2-0-2	6-2-2-1-0-2-0-2-0-0-0-0	2-2-0-0-0-2-0-6-0-0-0-1	1-3-1-0-2-0-2-1-2-1-0-0	0-6-0-0-2-2-1-0-0-1-0-2	1-0-1-1-1-0-0-0-0-0-1-0	1-1-0-1-1-2-0-0-1-1-1-1	1-2-2-0-0-0-1-2-1-1-0-0	1-1-0-2-1-0-0-0-1-1-3-0	5-1-1-0-0-9-2-3-3-0-0-0	1-0-3-1-2-1-1-2-1-0-1-0
750	2	1-2-1-2-1-2-2-2-2-2-2-2	3-1-1-4-0-2-1-3-3-1-0-3	1-1-1-3-3-1-3-1-0-3-2-3	3-1-1-3-3-3-0-8-2-0-2-1	2-1-2-0-1-2-3-3-1-2-0-2	3-1-3-6-1-3-3-2-0-0-0-1	3-3-0-1-3-0-2-3-0-2-3-3	0-5-2-3-2-1-0-8-2-2-8-1	2-1-1-3-4-0-1-3-2-2-3-2	2-2-0-1-3-3-2-0-3-1-1-5	1-4-1-0-9-2-1-1-2-2-3-1	0-5-1-1-1-2-5-1-0-2-0-2
750	3	3-3-1-3-6-3-3-3-3-3-3-3	2-4-3-2-3-3-1-2-2-2-2-4	4-4-2-2-4-1-2-4-0-4-2-4	2-4-1-4-2-2-3-4-5-4-4-1	2-1-1-3-4-4-2-2-4-4-0-4	2-1-5-2-5-2-4-3-3-3-6-3	2-2-4-1-2-3-6-2-3-5-2-2	4-2-2-2-2-1-6-4-2-3-1-3	3-1-2-2-3-0-1-4-4-2-2-3	4-1-0-5-2-2-4-3-2-2-1-2	6-3-8-6-0-4-3-1-1-2-2-4	0-2-1-1-3-3-2-4-6-3-6-0
750	4	5-4-5-4-5-5-5-8-5-4-5-5	5-3-3-2-5-5-5-4-5-5-6-6	4-5-8-9-4-5-5-4-5-3-5-4	5-4-5-5-3-5-4-4-4-3-3-9	3-5-1-4-6-3-5-6-3-4-5-6	5-5-3-5-6-6-3-5-5-3-0-5	3-3-4-1-5-4-3-5-3-4-3-7	7-4-3-5-2-5-4-3-3-8-5-5	5-6-5-5-7-4-4-5-5-4-3-3	5-4-4-3-5-5-6-4-5-5-9-2	7-5-4-5-7-3-5-7-5-4-4-3	5-6-4-1-7-7-2-7-7-6-4-7
750	5	4-6-4-9-4-4-4-4-4-4-4-4	4-6-6-2-4-4-4-5-4-4-4-4	3-4-4-4-3-4-6-4-4-4-6-4	4-4-4-4-2-4-4-2-6-5-4-1	2-4-1-2-4-5-6-4-3-6-4-0	4-4-3-4-3-2-6-8-6-3-0-4	6-8-5-1-4-5-6-4-5-6-3-6	4-2-2-3-5-4-8-2-2-5-4-4	4-4-4-4-3-4-4-6-4-1-2-3	4-4-5-6-4-4-4-6-4-4-1-2	6-6-5-4-6-4-4-4-4-2-2-3	4-2-1-1-1-6-6-4-4-4-7-4
750	6	7-5-6-7-3-4-7-4-4-4-6-7	4-5-5-7-4-4-7-7-4-4-4-4	7-8-4-4-8-7-7-4-4-6-5-8	7-7-7-8-8-7-4-8-5-5-8-1	8-4-9-8-4-5-7-7-5-6-0-7	7-7-8-7-4-4-7-7-5-2-3-7	3-5-5-6-7-6-3-5-6-5-8-7	4-7-2-7-7-1-9-8-6-5-6-4	9-4-7-7-8-5-6-5-5-7-7-3	4-8-4-5-6-7-4-5-7-4-7-6	3-7-3-3-5-4-4-4-8-7-7-4	4-7-1-7-4-5-5-4-3-4-3-5
750	7	6-9-6-6-8-4-6-4-4-4-7-6	6-5-5-6-4-4-6-8-6-4-4-8	6-6-4-4-6-6-8-7-8-6-8-6	6-6-8-6-6-6-8-6-7-9-7-1	6-4-6-7-4-7-8-6-7-7-5-6	6-6-6-6-7-4-6-6-7-7-3-6	6-5-5-4-6-7-8-6-7-7-6-6	4-6-4-6-6-1-3-6-6-4-6-4	7-1-6-6-7-4-8-6-7-6-6-3	4-6-7-8-8-6-6-5-6-4-6-6	4-6-9-7-4-4-4-4-6-6-2-7	4-6-1-6-4-4-6-4-4-4-8-4
750	8	9-9-9-6-7-9-9-4-9-4-4-9	4-5-7-6-4-9-9-7-4-4-9-7	7-6-4-4-6-8-7-4-9-8-7-6	6-6-8-6-6-6-9-6-7-7-6-1	6-4-6-6-1-7-7-6-8-8-9-6	9-7-6-9-8-2-8-5-7-7-3-6	9-5-7-4-9-8-7-9-8-7-6-4	8-8-2-6-6-9-5-6-6-4-2-4	8-8-6-6-6-9-8-9-5-5-6-9	4-6-8-7-7-6-8-5-9-4-6-8	7-5-3-7-5-9-8-8-6-6-8-8	3-8-8-8-8-2-8-4-3-7-7-8
750	9	9-8-9-7-9-8-8-9-8-4-4-9	4-9-9-6-9-9-8-9-9-9-8-9	9-9-9-9-9-9-8-8-8-9-9-9	8-9-9-9-9-9-8-9-7-9-9-6	6-4-6-9-9-7-8-9-9-9-8-9	8-9-9-8-9-9-9-9-9-9-9-9	8-9-9-9-8-9-9-9-9-5-8-4	9-8-2-8-9-8-6-6-8-4-4-4	6-9-9-9-2-9-9-8-9-9-6-8	8-9-9-9-9-9-9-4-8-9-4-9	4-9-7-7-8-8-4-9-4-8-9-9	9-8-8-1-7-9-9-4-9-9-8-9
751	0	0-0-0-0-0-0-0-0-0-0-0-0	0-0-0-0-0-0-0-0-0-0-0-0	0-0-0-0-0-0-0-0-0-0-0-0	0-0-0-0-0-0-0-0-0-0-0-0	0-0-0-0-0-0-0-0-0-0-0-0	0-0-0-0-0-0-0-0-0-0-0-0	0-0-0-0-0-0-0-0-0-0-0-0	0-0-0-0-0-0-0-0-0-0-0-0	0-0-0-0-0-0-0-0-0-0-0-0	0-0-0-0-0-0-0-0-0-0-0-0	0-0-0-0-0-0-0-0-0-0-0-0	0-0-0-0-0-0-0-0-0-0-0-0
751	1	1-1-1-1-1-1-1-1-1-1-1-1	1-2-1-2-2-2-0-2-1-1-2-2	1-2-2-2-2-2-2-2-4-2-3-1	2-1-2-2-2-2-2-2-1-2-2-2	2-2-1-3-1-1-2-1-2-1-3-1	4-2-2-0-0-2-1-0-1-1-4-0	2-4-1-1-1-1-4-2-2-1-4-4	1-1-0-1-1-3-2-2-1-1-3-1	1-0-0-1-2-4-1-0-2-1-1-4	4-1-1-2-1-2-2-1-0-3-0-1	1-4-4-2-4-2-1-1-3-1-2-1	6-1-1-2-0-1-1-0-1-1-1-1
751	2	1-1-1-1-1-1-1-1-1-1-1-1	1-1-1-1-1-1-3-1-1-1-3-1	1-3-1-1-3-1-3-1-1-1-1-3	3-3-1-1-3-3-1-1-1-1-2-1	1-1-1-1-3-3-3-3-1-1-1-2	1-1-3-2-1-1-3-1-1-1-0-4	1-1-1-1-3-1-0-1-1-4-5-3	1-3-2-3-3-1-1-2-2-1-2-0	0-0-3-4-4-3-0-3-1-2-3-1	1-5-1-1-3-4-3-1-3-1-0-3	0-1-1-1-1-1-0-0-0-3-1-2	1-3-3-1-0-1-3-1-0-1-2-4
751	3	1-4-1-3-1-1-1-1-1-1-1-1	1-4-3-2-1-1-2-2-1-2-2-1	0-2-1-1-2-1-4-4-1-2-4-2	2-3-4-1-2-2-1-1-4-4-4-1	2-1-5-3-3-4-4-2-3-3-1-2	1-3-4-2-4-1-4-3-3-3-7-3	7-1-3-4-2-1-6-2-3-1-0-2	1-2-0-4-2-1-4-2-2-1-1-1	1-0-2-2-1-2-0-2-1-3-2-3	1-2-1-4-2-2-2-3-2-1-1-2	0-1-8-4-7-1-1-0-1-2-1-1	1-2-2-0-0-1-2-0-7-1-6-1
751	4	4-3-5-5-4-4-4-4-1-4-5-5	4-3-3-5-1-1-5-5-5-1-5-5	6-5-5-5-4-1-3-5-1-2-3-5	2-4-5-5-2-5-1-5-3-3-3-4	1-8-1-4-4-3-3-4-4-1-1-4	1-6-3-4-3-8-3-4-1-1-1-2	8-1-4-6-4-1-3-5-1-2-6-1	1-3-6-3-2-5-3-2-4-6-6-4	6-4-4-2-2-1-6-5-1-4-2-1	6-6-1-3-6-2-1-3-6-4-5-2	6-1-1-3-1-6-6-6-5-2-2-4	1-2-4-4-6-1-2-6-3-5-3-2
751	5	8-7-6-4-6-6-8-6-6-6-6-4	6-6-5-4-7-6-6-6-6-6-4-6	5-6-7-7-6-6-4-6-6-6-5-6	6-5-6-7-2-6-6-7-6-7-6-5	7-7-5-4-5-6-6-5-6-6-7-5	5-6-6-5-6-6-6-6-6-5-1-5	6-6-5-5-6-5-6-6-5-7-8-5	6-2-8-5-6-6-5-5-4-5-6-8	1-4-7-6-7-7-5-4-7-5-2-7	5-2-6-7-4-7-6-5-4-6-4-2	7-6-5-8-8-8-4-4-8-5-6-6	1-5-7-5-7-5-7-4-5-4-5-8
751	6	7-5-8-6-5-5-5-5-5-5-5-5	5-5-5-7-5-5-6-7-5-5-7-5	4-7-5-5-7-5-7-5-5-5-5-5	7-4-5-5-7-7-5-6-5-5-7-4	7-4-5-7-5-7-7-7-5-5-5-7	5-5-7-6-5-5-7-5-5-5-3-5	5-5-5-4-5-6-3-5-5-6-7-6	5-6-4-7-7-5-5-7-7-4-7-4	4-4-5-7-8-6-4-7-5-7-7-5	8-4-5-5-7-8-8-3-4-5-4-7	4-5-3-3-1-5-4-4-4-7-5-5	1-7-6-7-5-1-5-4-7-6-7-1
751	7	6-5-6-6-5-5-5-5-5-5-5-8	5-5-5-6-5-5-6-6-5-5-6-6	5-6-5-5-6-5-6-5-5-5-7-6	6-7-7-5-6-6-8-5-5-5-6-5	6-4-5-4-7-6-6-6-7-5-5-6	5-8-6-5-7-5-6-5-7-7-3-7	8-6-5-4-8-7-5-6-7-5-6-6	7-6-4-6-6-5-5-6-6-5-6-7	7-4-5-7-5-5-4-7-5-6-6-5	7-7-7-5-6-5-8-3-8-5-4-6	5-7-5-6-8-5-4-4-5-7-5-7	1-8-5-7-5-7-5-4-6-6-6-6
751	8	8-5-6-5-8-5-5-8-5-5-5-7	5-5-8-6-8-5-6-6-8-8-6-6	8-7-8-5-8-5-7-7-7-8-5-8	7-8-5-8-8-8-7-8-7-8-8-4	6-4-8-8-8-8-7-8-8-8-6-8	7-8-7-7-8-4-8-8-8-8-8-8	7-8-8-4-7-8-8-8-8-8-4-5	8-8-8-7-8-7-6-6-6-5-5-5	7-5-8-7-6-8-8-7-5-5-6-8	6-4-8-8-8-6-6-7-7-8-5-8	4-5-3-8-7-5-4-4-5-5-8-7	8-7-4-5-5-8-8-5-8-8-6-5
752	0	0-0-0-0-0-0-0-0-0-0-0-0	0-0-0-0-0-0-0-0-0-0-0-0	0-0-0-0-0-0-0-0-0-0-0-0	0-0-0-0-0-0-0-0-0-0-0-0	0-0-0-0-0-0-0-0-0-0-0-0	0-0-0-0-0-0-0-0-0-0-0-0	0-0-0-0-0-0-0-0-0-0-0-0	0-0-0-0-0-0-0-0-0-0-0-0	0-0-0-0-0-0-0-0-0-0-0-0	0-0-0-0-0-0-0-0-0-0-0-0	0-0-0-0-0-0-0-0-0-0-0-0	0-0-0-0-0-0-0-0-0-0-0-0
752	1	1-1-1-1-1-1-1-1-1-1-1-1	0-0-0-1-0-1-0-2-0-1-2-0	0-0-2-2-2-0-2-2-0-3-2-1	2-0-0-2-2-2-0-6-1-0-1-1	1-0-1-0-0-1-2-2-1-0-2-1	1-0-2-1-1-3-2-1-1-1-0-3	2-2-3-0-2-1-1-2-1-1-2-2	0-3-2-2-1-0-1-7-1-0-0-2	1-0-0-2-3-1-0-2-0-1-1-0	2-1-0-5-2-1-1-0-2-0-1-1	2-3-0-1-0-1-0-1-1-2-2-0	0-1-1-0-1-1-2-0-1-1-1-1
752	2	2-2-2-2-3-2-2-2-2-2-2-2	1-4-3-1-0-1-1-3-1-2-1-2	3-3-1-1-1-7-3-3-4-4-3-3	1-3-3-1-1-1-4-1-4-2-3-0	1-4-4-2-1-1-3-1-2-2-1-1	3-1-3-2-2-1-3-1-2-2-2-2	4-1-2-4-1-2-3-1-2-2-1-3	2-1-3-3-1-3-6-3-1-2-0-2	2-0-3-1-0-1-2-1-4-2-1-2	1-2-2-3-1-3-1-2-1-3-4-1	2-1-2-2-7-1-0-4-3-1-1-2	2-1-1-3-0-4-3-2-1-1-4-2
752	3	3-2-4-2-2-2-3-3-3-3-3-2	3-2-2-5-6-2-4-2-5-3-4-4	2-6-6-1-3-4-2-4-6-1-2-2	4-3-4-5-1-4-5-4-2-4-2-7	1-7-1-3-4-2-4-4-2-3-4-7	2-0-2-3-6-1-2-1-2-2-2-1	3-3-1-2-4-3-2-4-3-2-3-2	3-1-2-2-1-5-3-2-1-6-3-4	3-4-3-1-1-3-3-4-4-3-1-2	3-7-0-4-4-2-2-2-4-6-3-1	5-1-4-5-3-5-5-7-2-2-2-3	3-1-5-2-4-5-2-3-5-4-1-1
752	4	4-3-3-3-2-3-3-6-3-4-4-5	5-2-2-3-6-5-3-3-3-4-5-3	4-5-3-6-5-5-5-3-3-2-3-5	5-3-3-6-6-5-3-5-2-3-5-5	6-2-2-5-5-5-5-5-2-6-6-6	5-5-6-4-3-5-5-5-4-2-2-5	2-6-2-2-3-4-4-3-4-2-5-5	4-4-5-5-6-3-7-6-4-4-3-3	4-3-5-5-4-6-2-3-2-6-6-4	3-5-4-6-3-6-5-2-5-3-3-4	3-4-3-2-2-3-3-2-2-4-5-4	4-6-3-2-3-2-4-3-3-3-2-6
752	5	4-5-5-7-5-5-5-5-5-4-5-4	4-6-5-3-5-4-4-6-3-5-6-3	6-4-3-1-4-4-6-6-3-4-6-4	4-3-4-3-4-4-3-4-6-6-6-4	1-3-6-4-4-6-6-4-6-4-4-1	4-4-4-4-2-4-4-4-6-5-2-4	3-4-6-5-4-7-6-4-5-5-4-4	5-4-4-6-4-3-6-4-4-3-4-3	3-3-4-4-5-4-3-4-6-4-4-4	3-4-7-6-6-4-4-5-4-3-3-4	3-6-3-3-3-3-3-3-1-4-4-5	5-1-3-4-3-3-1-3-3-3-5-2
752	6	7-7-7-7-5-7-7-4-7-6-4-7	7-5-5-3-5-7-4-5-7-6-7-7	5-7-3-4-4-6-5-4-7-6-5-6	4-3-6-4-4-4-7-1-5-5-5-4	4-3-5-6-6-5-5-4-6-4-4-1	7-5-4-7-3-4-6-4-5-6-5-4	7-4-5-5-5-6-5-5-6-5-5-5	6-4-4-5-4-6-5-4-7-3-4-3	6-7-6-4-4-4-2-3-5-4-4-4	5-4-6-5-5-4-4-2-7-3-3-4	4-6-3-5-2-7-3-2-4-4-4-6	6-4-6-6-4-4-4-3-1-3-5-4
752	7	7-6-7-5-7-6-6-7-6-6-7-7	6-7-7-3-7-6-4-7-7-7-6-7	7-7-7-7-7-7-6-7-6-7-7-7	7-7-7-7-7-7-6-7-6-7-7-3	4-3-7-7-7-7-6-7-7-7-3-7	6-7-7-6-7-4-7-7-7-7-7-7	6-7-7-5-6-7-7-7-7-7-6-6	7-6-7-6-4-3-6-4-6-6-4-6	6-6-7-4-4-7-7-3-7-5-4-7	4-3-5-7-7-4-7-5-6-7-2-7	3-7-5-5-2-6-3-3-7-6-7-7	7-2-6-2-5-7-7-3-7-7-1-7
753	0	0-0-0-0-0-0-0-0-0-0-0-0	0-0-0-0-0-0-0-0-0-0-0-0	0-0-0-0-0-0-0-0-0-0-0-0	0-0-0-0-0-0-0-0-0-0-0-0	0-0-0-0-0-0-0-0-0-0-0-0	0-0-0-0-0-0-0-0-0-0-0-0	0-0-0-0-0-0-0-0-0-0-0-0	0-0-0-0-0-0-0-0-0-0-0-0	0-0-0-0-0-0-0-0-0-0-0-0	0-0-0-0-0-0-0-0-0-0-0-0	0-0-0-0-0-0-0-0-0-0-0-0	0-0-0-0-0-0-0-0-0-0-0-0
753	1	1-1-1-1-1-1-1-1-1-1-1-2	2-2-2-0-0-2-4-1-1-2-0-2	1-0-0-1-1-3-2-2-0-2-2-2	0-0-2-0-0-0-0-1-2-4-2-0	0-2-2-0-0-2-2-0-1-0-2-0	0-7-0-0-0-0-2-0-1-1-1-0	2-2-2-0-2-1-2-2-1-2-2-1	1-1-1-1-1-0-1-0-1-1-0-0	1-0-2-0-1-1-1-2-2-1-0-1	0-1-1-2-2-0-0-1-4-2-0-1	2-7-7-3-7-1-4-1-2-1-1-1	2-1-1-1-4-1-2-0-4-0-1-7
753	2	3-1-2-1-1-1-1-1-1-1-1-1	1-1-1-3-3-1-3-2-3-1-3-1	3-2-0-5-3-0-3-1-1-1-1-3	3-0-3-2-4-3-0-4-1-1-1-3	3-1-3-3-0-1-3-3-1-2-1-3	3-3-3-0-2-3-3-4-1-1-0-4	1-1-1-0-3-0-1-3-2-1-4-3	1-2-2-3-3-0-1-7-3-1-4-0	1-0-3-3-7-3-0-3-1-2-2-3	1-3-1-1-3-4-3-1-3-1-0-2	1-3-1-1-1-2-1-2-1-2-3-1	1-2-2-2-1-2-3-0-4-4-2-1
753	3	2-3-2-3-4-3-3-3-1-1-3-4	2-4-4-2-3-1-2-3-4-1-2-2	2-3-4-1-2-4-4-4-1-2-4-4	2-3-4-2-2-2-4-2-4-1-3-2	2-0-2-4-2-3-4-2-4-3-1-2	2-2-2-0-4-2-4-2-6-3-6-2	2-4-3-1-2-3-4-2-4-3-5-2	3-2-7-2-2-0-5-2-2-1-2-0	3-0-2-2-1-2-3-2-1-3-2-2	0-2-3-4-2-2-2-5-2-3-7-2	3-2-5-1-4-0-0-4-5-2-2-3	1-2-2-2-0-3-4-0-6-0-3-1
753	4	4-3-4-5-3-3-5-5-4-4-5-3	4-3-3-2-6-6-5-5-5-1-5-5	6-5-5-5-2-5-3-5-5-5-3-3	5-5-5-5-2-2-3-2-3-1-4-4	2-6-5-6-5-1-5-2-3-5-6-2	5-5-3-0-5-7-5-2-1-3-3-5	5-3-3-4-5-0-3-3-3-3-7-2	3-2-6-2-2-5-3-5-5-4-2-7	5-6-5-2-2-3-5-5-1-4-4-2	4-2-6-5-5-2-3-3-5-5-4-2	1-1-1-1-3-4-4-6-3-4-5-4	4-2-1-4-4-4-5-4-2-2-3-1
753	5	5-5-7-6-3-3-7-4-5-4-7-6	5-3-3-5-4-6-7-6-6-6-7-4	4-6-4-7-6-4-6-4-4-6-6-6	6-4-4-6-6-6-3-2-6-1-6-4	6-4-4-4-4-5-6-6-5-4-1-6	5-4-6-5-4-4-6-6-3-5-3-4	5-3-3-5-4-5-3-6-3-3-6-6	4-6-4-6-6-4-7-4-6-4-6-0	5-0-4-6-6-3-4-4-1-5-6-3	7-6-4-4-6-4-6-3-4-4-6-2	6-4-3-3-1-5-4-3-6-6-4-5	4-6-2-6-6-4-6-4-5-5-6-1
753	6	5-7-5-5-5-7-7-7-7-6-4-7	7-3-3-5-6-5-4-5-5-5-5-7	4-5-4-7-5-4-5-7-5-5-5-5	5-6-6-5-5-5-7-4-5-4-5-5	5-4-4-4-6-5-7-5-6-4-4-5	7-6-5-5-6-4-5-5-6-6-3-6	7-3-1-5-5-6-6-5-6-1-5-5	6-5-4-5-5-4-3-5-5-1-5-6	6-6-4-5-5-1-4-6-1-3-5-3	5-5-6-4-5-2-5-4-7-4-5-2	3-6-1-7-1-6-6-4-5-5-4-6	4-5-6-5-5-6-5-4-3-0-5-1
753	7	7-6-5-6-7-6-6-7-6-5-5-6	6-7-7-5-7-7-5-7-5-7-5-6	7-7-7-5-7-7-7-6-7-7-6-7	5-7-7-7-7-7-6-7-6-1-7-4	5-5-7-7-7-6-6-7-7-7-1-7	6-1-7-6-7-4-7-7-7-7-7-6	6-7-7-7-5-7-7-5-7-7-4-7	7-7-7-5-7-7-5-2-4-1-4-7	4-7-5-7-2-7-7-5-7-7-5-3	5-5-7-7-7-2-7-7-7-7-3-7	1-1-1-7-1-4-6-3-7-5-7-6	7-6-1-1-5-7-7-7-7-7-5-1
754	0	0-0-0-0-0-0-0-0-0-0-0-0	0-0-0-0-0-0-0-0-0-0-0-0	0-0-0-0-0-0-0-0-0-0-0-0	0-0-0-0-0-0-0-0-0-0-0-0	0-0-0-0-0-0-0-0-0-0-0-0	0-0-0-0-0-0-0-0-0-0-0-0	0-0-0-0-0-0-0-0-0-0-0-0	0-0-0-0-0-0-0-0-0-0-0-0	0-0-0-0-0-0-0-0-0-0-0-0	0-0-0-0-0-0-0-0-0-0-0-0	0-0-0-0-0-0-0-0-0-0-0-0	0-0-0-0-0-0-0-0-0-0-0-0
754	1	1-0-1-1-1-0-1-1-1-1-1-1	2-0-0-3-0-0-0-0-0-1-0-2	2-2-0-1-2-0-2-1-0-2-0-2	2-0-0-3-2-2-0-4-1-0-2-0	1-0-2-0-0-1-2-2-1-1-0-2	1-0-3-0-0-3-2-2-1-0-0-2	0-1-1-0-2-0-0-2-0-0-1-2	1-3-1-2-1-0-1-7-1-0-3-0	0-0-2-2-3-1-0-2-0-1-1-1	0-2-0-2-2-3-2-1-2-0-0-1	2-1-0-0-0-1-0-0-0-1-2-0	1-1-1-1-2-1-2-0-3-1-1-1
754	2	2-2-2-2-2-2-2-2-2-2-2-2	1-3-2-1-2-3-1-3-3-2-1-3	1-1-2-2-1-3-3-4-0-1-3-1	1-2-2-1-1-1-3-1-2-3-1-2	1-0-6-3-1-1-3-1-3-2-3-1	1-1-1-0-2-1-3-1-2-2-2-1	3-1-3-2-1-2-3-3-3-2-1-1	2-1-1-1-1-3-5-0-1-3-3-0	2-0-3-1-2-2-2-1-0-2-1-2	0-1-2-3-1-1-3-2-1-2-7-1	2-1-0-4-6-1-0-3-3-1-1-2	2-3-1-3-3-2-1-0-1-1-2-1
754	3	4-3-1-4-3-2-3-2-3-3-3-4	4-2-2-1-6-4-3-2-4-2-1-2	4-4-5-5-1-5-2-5-4-1-2-4	4-4-4-1-4-4-2-6-2-5-1-4	1-0-7-4-4-1-4-4-2-3-4-4	4-4-1-4-4-1-2-1-2-2-2-5	2-2-2-3-4-4-2-2-4-0-1-5	2-1-5-4-1-5-2-4-4-2-1-0	3-4-2-4-1-3-2-2-7-3-1-1	2-1-5-2-4-1-4-2-4-4-2-1	2-1-4-2-3-7-3-2-2-4-4-3	4-4-4-4-2-3-4-3-1-4-4-4
754	4	4-6-4-7-5-5-4-4-4-4-3-5	3-5-5-1-6-5-3-5-3-5-1-5	3-3-6-4-5-3-5-6-5-5-5-4	3-3-6-3-3-3-6-1-5-4-5-3	1-0-3-3-3-4-5-3-5-4-3-3	3-3-1-3-3-1-5-1-4-4-2-3	5-1-4-4-3-4-6-3-3-6-3-3	6-1-5-3-1-0-5-3-3-3-5-0	4-3-3-3-4-3-2-5-7-3-2-2	0-1-7-2-3-3-3-5-3-3-5-1	5-3-3-2-7-2-0-7-3-3-3-4	3-3-3-3-3-0-3-0-6-3-3-6
754	5	6-4-5-6-4-4-5-5-5-5-5-4	3-4-4-5-4-4-6-6-6-4-7-4	3-6-3-6-6-3-4-6-4-6-4-6	6-6-5-6-6-6-4-5-4-3-6-3	6-7-2-6-0-6-6-6-4-5-6-6	7-3-6-5-2-7-6-6-4-4-2-6	4-1-4-4-2-5-4-7-5-5-6-3	2-6-6-6-6-3-7-7-3-2-6-7	7-0-7-6-6-3-2-4-5-4-6-2	7-7-3-2-6-6-6-4-7-3-6-1	4-5-5-0-7-5-5-6-2-5-3-5	3-5-5-3-6-5-5-3-1-0-1-4
754	6	5-7-5-5-6-7-6-5-7-6-5-7	6-4-4-5-4-7-5-5-7-6-7-7	7-5-4-5-5-6-5-7-7-5-6-5	5-6-4-5-5-5-4-3-5-3-5-3	5-3-2-5-6-5-5-5-6-6-5-5	7-6-5-7-6-7-5-5-6-4-2-5	4-1-4-3-7-6-4-7-6-4-5-6	4-5-5-5-5-7-7-6-3-6-5-6	6-6-6-6-5-6-6-6-3-4-5-6	7-6-3-2-5-7-5-2-7-6-5-1	5-6-6-4-2-6-6-6-2-5-5-6	4-7-5-5-6-6-6-3-6-4-1-4
754	7	7-6-7-4-7-7-5-7-6-5-5-6	6-7-7-5-7-7-5-7-6-7-6-6	7-7-7-5-7-6-6-6-6-7-7-7	7-7-7-7-7-7-6-7-5-7-7-3	5-5-3-7-7-7-6-7-7-7-5-5	7-7-7-6-7-6-7-7-7-7-7-7	3-7-7-4-6-7-6-7-7-7-7-7	7-7-7-6-7-6-5-5-6-6-5-7	5-7-5-6-6-7-7-6-4-2-3-7	5-5-4-7-7-6-7-2-5-7-2-7	7-7-4-7-4-3-7-4-7-6-7-7	3-6-7-7-4-7-7-7-7-7-6-7
755	0	0-0-0-0-0-0-0-0-0-0-0-0	0-0-0-0-0-0-0-0-0-0-0-0	0-0-0-0-0-0-0-0-0-0-0-0	0-0-0-0-0-0-0-0-0-0-0-0	0-0-0-0-0-0-0-0-0-0-0-0	0-0-0-0-0-0-0-0-0-0-0-0	0-0-0-0-0-0-0-0-0-0-0-0	0-0-0-0-0-0-0-0-0-0-0-0	0-0-0-0-0-0-0-0-0-0-0-0	0-0-0-0-0-0-0-0-0-0-0-0	0-0-0-0-0-0-0-0-0-0-0-0	0-0-0-0-0-0-0-0-0-0-0-0
755	1	1-1-1-3-1-2-1-1-1-1-2-2	2-2-2-0-0-2-1-2-2-2-2-2	1-2-2-2-5-2-2-2-2-2-2-2	2-1-2-3-1-2-2-2-1-2-1-1	2-1-1-3-4-1-2-1-2-1-4-1	4-2-2-3-2-2-1-2-2-1-4-2	4-2-1-1-0-1-0-2-1-2-1-1	1-1-0-1-1-2-2-1-1-1-0-1	1-1-3-0-2-2-1-2-2-1-1-2	4-1-2-2-2-1-2-1-0-1-0-1	4-0-4-1-1-2-1-1-1-1-2-1	1-1-1-1-1-1-1-0-4-1-4-3
755	2	1-1-1-2-1-1-1-1-1-1-1-1	1-1-1-2-1-1-3-1-1-1-1-1	1-3-1-1-3-1-3-1-1-3-1-1	3-0-1-2-3-3-1-1-1-1-3-1	1-0-2-1-3-2-3-3-1-0-1-3	1-1-3-2-1-1-3-1-1-1-0-4	3-4-1-0-3-2-1-3-1-1-3-3	1-4-7-2-3-1-1-7-2-1-0-0	2-0-0-3-4-1-1-3-1-2-2-1	2-3-1-1-3-2-3-1-3-1-0-4	1-2-1-1-1-1-0-0-0-3-1-1	1-2-2-1-1-1-3-0-2-3-2-4
755	3	1-5-1-1-1-4-1-1-1-1-1-1	1-5-3-2-1-1-2-4-1-1-2-4	1-2-2-2-2-1-4-5-1-2-4-2	2-3-4-1-2-2-5-1-3-5-4-0	3-0-2-5-3-4-4-2-3-3-1-2	1-3-4-1-3-1-4-1-3-3-5-3	2-2-3-0-2-3-5-2-3-3-2-2	3-2-1-2-2-1-5-1-2-6-0-0	3-0-4-2-3-1-6-2-1-3-2-3	2-2-7-3-2-2-2-4-2-1-0-2	0-2-7-5-6-2-0-6-4-2-6-3	1-2-2-3-3-6-4-0-5-2-2-1
755	4	3-3-1-1-1-3-1-1-1-1-1-1	5-3-3-2-5-1-6-3-5-1-5-5	6-5-5-2-4-5-3-4-1-2-3-4	5-4-5-5-2-2-5-2-3-3-3-0	1-6-3-1-5-3-5-5-3-4-1-7	1-6-3-0-5-2-3-1-1-3-1-2	1-2-3-5-5-5-3-5-4-3-5-3	1-2-5-2-2-1-3-2-2-4-5-6	5-4-5-2-2-1-5-2-1-4-2-5	5-5-1-3-5-3-6-3-5-5-5-2	5-2-6-3-1-5-5-5-5-5-2-5	4-2-4-5-5-5-3-6-7-6-1-2
755	5	6-3-5-7-5-5-7-5-1-5-5-6	4-3-3-6-6-1-6-5-6-1-6-6	5-6-4-6-6-4-6-6-6-6-4-6	6-4-4-4-6-6-4-6-6-3-6-5	6-4-1-3-4-6-6-6-4-5-6-6	6-7-6-5-3-4-6-6-3-5-3-6	5-5-1-4-4-5-3-6-4-7-6-6	1-5-4-6-6-1-7-6-6-4-6-4	4-0-4-6-7-6-4-4-1-6-6-4	4-4-1-1-6-6-6-3-4-4-6-6	4-5-4-3-7-4-4-4-4-4-1-6	1-6-4-6-4-4-6-4-6-4-6-6
755	6	5-7-5-5-5-7-7-7-7-5-5-7	4-3-3-5-6-1-5-4-5-1-5-5	4-5-4-5-5-4-5-6-5-5-4-5	5-6-6-4-5-5-7-5-5-3-5-7	5-4-5-5-6-5-7-5-6-6-5-5	5-4-5-7-6-4-5-5-6-6-3-6	7-5-1-4-7-6-4-5-6-3-5-5	6-6-4-5-5-1-6-5-5-3-5-4	4-6-5-5-6-5-6-4-7-6-5-3	4-5-1-3-5-5-5-7-7-1-5-5	5-6-4-6-3-1-4-3-4-5-3-5	6-7-7-5-6-3-5-4-5-4-5-5
755	7	7-6-5-5-7-6-6-7-6-6-5-6	6-7-7-5-7-7-5-5-7-7-5-6	7-7-7-6-7-7-7-6-7-7-6-7	6-7-7-7-7-7-6-7-6-7-7-6	5-4-7-7-7-6-6-7-7-7-5-7	5-7-7-6-7-7-6-7-7-7-3-6	5-7-7-7-5-7-7-5-7-7-7-7	7-7-7-6-7-4-5-5-2-7-6-7	5-4-7-7-5-7-7-4-6-3-5-4	4-4-7-7-7-5-7-6-6-7-4-7	4-2-3-6-5-1-4-4-4-7-7-7	7-6-6-1-4-7-7-4-4-7-5-7
756	0	0-0-0-0-0-0-0-0-0-0-0-0	0-0-0-0-0-0-0-0-0-0-0-0	0-0-0-0-0-0-0-0-0-0-0-0	0-0-0-0-0-0-0-0-0-0-0-0	0-0-0-0-0-0-0-0-0-0-0-0	0-0-0-0-0-0-0-0-0-0-0-0	0-0-0-0-0-0-0-0-0-0-0-0	0-0-0-0-0-0-0-0-0-0-0-0	0-0-0-0-0-0-0-0-0-0-0-0	0-0-0-0-0-0-0-0-0-0-0-0	0-0-0-0-0-0-0-0-0-0-0-0	0-0-0-0-0-0-0-0-0-0-0-0
756	1	1-1-1-3-1-0-1-1-1-1-1-1	2-0-0-2-0-2-1-0-2-1-2-2	0-2-3-0-2-0-2-0-0-2-2-0	2-2-1-2-2-2-0-3-2-3-0-1	3-1-2-3-0-0-2-2-0-0-2-2	2-2-3-1-0-2-2-0-0-0-0-2	2-1-0-1-0-0-0-2-1-0-0-0	0-2-0-2-0-0-0-3-2-0-5-0	0-2-0-2-1-5-1-2-0-1-3-2	2-1-0-0-0-0-2-1-2-0-0-0	1-0-1-0-2-1-1-1-1-1-2-1	1-2-1-1-0-1-2-1-1-1-2-1
756	2	2-2-2-2-2-2-2-2-2-2-2-2	1-3-3-1-0-1-1-4-1-2-1-4	4-1-1-2-1-1-3-4-4-1-3-3	1-1-2-1-1-1-3-1-1-1-4-1	0-3-1-1-1-3-3-1-3-2-1-1	1-1-1-0-2-1-3-0-2-2-2-1	1-1-2-0-1-0-3-1-0-4-2-0	2-1-1-1-0-0-3-1-1-2-3-2	2-1-0-1-5-4-2-1-4-2-0-1	1-2-0-3-3-3-1-5-1-1-4-2	4-2-2-4-3-7-2-3-0-1-1-1	0-1-1-2-0-2-1-1-1-1-1-5
756	3	3-2-3-3-2-2-3-3-3-3-3-3	4-2-2-3-0-4-3-3-4-2-4-3	5-4-4-4-3-4-2-4-4-2-2-2	4-5-3-1-3-1-4-1-1-1-2-6	1-5-6-1-3-2-4-4-2-3-1-5	3-1-1-1-3-1-4-0-0-2-0-3	0-1-0-5-0-3-2-1-2-2-5-4	3-2-1-1-0-4-2-1-1-4-2-2	3-3-4-1-5-0-4-4-0-3-3-4	4-3-6-2-4-2-2-2-3-4-5-2	2-3-5-2-2-3-4-2-5-2-4-3	1-4-3-5-5-3-3-3-3-5-3-1
756	4	4-4-3-3-2-4-4-6-4-4-4-4	3-2-2-5-0-5-3-5-5-5-5-5	3-3-3-3-5-3-5-5-6-5-4-5	5-3-3-6-5-5-3-6-5-1-4-1	6-3-3-1-3-5-5-5-3-10-6-1	5-5-5-8-0-6-5-4-4-0-0-3	6-4-2-3-5-4-4-5-0-4-3-5	2-6-9-5-4-3-10-10-4-3-9-5	3-3-3-5-6-4-3-5-2-6-5-3	4-3-0-5-5-6-0-2-5-3-2-6	2-6-2-2-10-5-3-2-0-5-3-3	3-5-3-3-6-4-5-3-4-3-2-4
756	5	5-5-5-5-5-5-4-5-3-4-4-5	3-6-6-4-5-4-3-6-4-4-4-4	3-5-3-4-4-4-6-4-6-4-6-4	4-3-3-4-4-4-8-1-6-6-6-3	4-3-3-1-5-4-6-4-6-5-1-3	4-4-6-5-5-3-6-4-5-5-9-5	4-4-5-3-4-5-6-4-8-8-3-4	6-4-4-4-4-3-9-6-4-2-3-4	3-3-4-4-2-7-3-4-6-5-4-8	4-1-3-4-4-4-0-2-4-4-3-5	4-5-3-5-3-5-3-5-3-4-4-5	3-4-3-3-3-4-4-4-1-3-5-8
756	6	6-5-6-7-5-6-7-6-6-6-6-7	6-5-5-4-7-5-7-5-5-6-4-5	10-7-7-7-6-7-5-7-7-4-5-6	4-8-7-4-4-4-4-4-5-5-5-3	4-7-3-7-8-5-5-7-5-6-4-1	0-3-5-6-7-9-5-7-5-0-0-3	4-4-0-3-7-3-5-6-5-4-8-4	6-4-4-4-4-5-4-4-4-6-6-8	8-6-7-4-4-6-8-4-5-6-5-5	8-10-3-4-7-4-0-2-7-8-7-4	8-4-3-5-3-8-8-8-8-4-4-6	1-5-6-5-8-4-4-6-8-8-3-4
756	7	8-7-9-6-8-8-9-9-9-8-8-10	10-8-8-4-8-8-6-8-8-8-8-8	7-8-9-9-8-8-8-8-8-8-10-7	8-6-8-8-4-8-8-9-8-9-7-9	9-6-7-9-8-7-8-7-8-7-9-7	8-9-8-6-6-8-8-9-8-7-0-7	10-8-7-7-7-7-5-8-7-9-5-8	7-4-4-7-7-7-7-8-4-7-8-7	7-6-8-7-9-9-8-8-8-9-7-5	7-3-9-7-8-4-8-10-7-6-8-4	7-10-10-10-8-8-6-6-6-10-8-8	8-7-7-3-8-8-9-6-7-7-7-10
756	8	7-7-8-10-7-7-7-7-7-7-7-9	7-7-7-9-7-7-7-9-7-7-7-7	6-9-7-7-9-7-9-7-7-7-7-9	9-6-7-7-9-9-7-9-7-7-9-6	7-6-10-9-6-9-9-9-7-7-7-9	7-10-7-8-7-7-7-7-7-7-0-10	9-7-7-9-7-8-5-7-7-7-9-8	7-9-4-8-8-3-5-10-4-7-9-6	6-6-7-8-10-7-6-7-7-7-8-5	6-9-7-7-9-9-7-2-4-6-9-7	6-7-9-5-7-7-6-6-6-8-7-7	7-8-8-3-7-7-8-6-9-6-8-5
756	9	7-10-7-8-7-7-7-7-7-7-7-8	7-7-7-8-7-7-8-8-7-7-8-7	6-8-7-7-8-9-8-7-7-7-9-8	8-9-9-7-8-8-10-7-7-7-8-7	7-6-8-8-9-8-8-8-9-9-7-8	8-7-9-8-9-6-9-7-9-9-5-9	8-7-7-9-10-9-8-8-9-7-8-8	9-8-4-8-8-3-5-8-4-7-8-6	9-6-9-8-7-7-9-6-7-7-8-5	9-8-7-7-8-8-7-5-10-9-8-9	8-7-8-2-10-7-6-6-8-9-7-9	7-9-9-9-8-7-7-7-8-8-8-5
756	10	10-9-8-8-10-9-7-10-7-7-7-7	7-7-10-8-10-7-9-7-7-10-9-7	6-10-10-8-10-7-9-7-7-10-7-10	9-10-7-10-10-10-9-10-7-10-10-7	7-6-10-10-10-10-9-10-10-10-7-10	7-10-9-8-10-6-10-10-10-10-10-10	7-10-10-9-7-10-10-10-10-10-6-7	10-10-4-9-10-6-4-8-8-7-7-7	9-9-10-10-8-10-6-7-7-7-8-10	9-6-10-10-10-4-10-7-9-10-7-10	6-7-10-7-7-7-6-6-7-7-10-10	7-9-8-7-8-10-10-6-10-10-8-7
757	0	0-0-0-0-0-0-0-0-0-0-0-0	0-0-0-0-0-0-0-0-0-0-0-0	0-0-0-0-0-0-0-0-0-0-0-0	0-0-0-0-0-0-0-0-0-0-0-0	0-0-0-0-0-0-0-0-0-0-0-0	0-0-0-0-0-0-0-0-0-0-0-0	0-0-0-0-0-0-0-0-0-0-0-0	0-0-0-0-0-0-0-0-0-0-0-0	0-0-0-0-0-0-0-0-0-0-0-0	0-0-0-0-0-0-0-0-0-0-0-0	0-0-0-0-0-0-0-0-0-0-0-0	0-0-0-0-0-0-0-0-0-0-0-0
757	1	1-2-2-1-1-1-1-1-1-1-1-1	1-0-0-1-0-1-1-0-1-1-0-2	3-2-2-4-1-2-2-2-0-0-0-1	1-2-2-1-1-2-0-4-1-0-1-3	0-3-1-0-2-0-2-1-2-1-0-0	1-1-0-1-0-1-0-0-0-0-0-0	0-0-0-3-0-0-0-0-1-1-1-0	1-0-0-0-1-3-0-0-0-1-1-0	0-3-2-0-0-0-3-3-0-1-0-0	2-1-4-0-2-0-0-0-1-2-3-1	0-0-1-0-3-1-2-1-0-1-0-1	1-0-1-3-0-1-0-1-1-1-1-1
757	2	1-2-1-1-2-2-2-0-2-2-2-2	3-0-0-3-0-2-1-4-3-1-3-4	1-1-1-5-3-1-1-1-0-3-2-3	3-1-1-3-3-3-3-5-2-0-2-1	2-1-2-3-1-2-3-3-1-2-2-3	3-7-3-5-0-4-3-2-5-0-0-1	3-4-3-1-3-0-2-3-0-2-2-3	1-4-2-3-2-1-2-0-2-1-1-3	2-1-3-3-4-0-1-1-2-0-3-2	2-3-0-0-3-3-0-0-3-3-1-2	0-0-2-0-7-1-1-2-0-2-3-1	0-3-1-1-0-2-4-1-2-2-0-2
757	3	3-3-3-3-3-3-3-3-3-3-3-4	2-4-4-2-3-2-2-5-2-3-2-3	1-2-1-2-2-2-4-4-4-2-4-5	2-1-1-2-2-2-3-0-4-4-4-1	2-1-6-5-3-2-4-2-5-3-2-2	2-1-5-2-4-2-4-2-3-3-6-3	2-2-4-1-2-3-5-2-0-5-4-2	4-2-2-2-2-1-5-0-2-5-7-2	2-1-2-2-3-3-1-1-5-6-4-3	3-2-0-6-2-2-3-4-2-2-1-3	6-3-7-5-7-2-3-3-0-2-2-3	6-2-1-1-3-2-2-2-6-3-5-3
757	4	5-3-5-5-3-3-4-4-4-4-4-3	5-3-3-4-6-4-4-4-5-4-2-5	7-5-5-1-3-5-3-6-5-5-3-3	5-5-5-5-2-5-5-2-3-3-3-5	2-7-3-4-5-3-5-5-3-4-2-7	0-3-3-4-5-2-3-4-3-0-3-4	2-2-3-1-5-3-3-5-0-3-5-3	4-2-5-3-2-5-3-3-2-3-5-5	5-5-5-2-2-4-5-5-7-4-3-3	5-5-1-5-2-2-0-3-5-5-5-2	5-7-5-3-5-5-5-5-5-2-3-1	5-3-4-5-5-5-2-5-4-5-1-3
757	5	4-5-5-4-5-3-5-6-5-5-5-7	4-3-3-4-4-6-6-6-4-5-7-4	1-6-6-6-6-4-6-4-4-4-4-6	6-4-4-6-6-6-4-2-6-3-6-4	6-4-3-6-4-6-6-6-3-5-6-6	6-7-6-5-4-4-6-2-3-5-3-6	2-6-3-4-7-5-3-4-5-7-6-6	0-6-4-5-6-4-3-7-5-3-4-4	4-4-4-6-6-5-4-4-3-5-6-4	4-4-1-4-6-5-0-0-4-4-4-5	4-5-4-3-4-4-4-4-4-5-5-5	4-5-5-6-4-4-5-4-6-4-6-6
757	6	7-7-4-4-6-7-6-5-7-5-5-5	4-3-3-4-4-7-5-5-7-5-7-5	4-5-5-5-5-6-5-4-7-6-6-6	5-5-6-5-5-5-7-5-5-3-5-4	5-4-3-5-6-6-5-5-6-6-5-5	7-0-5-5-6-4-5-2-3-6-3-5	7-5-5-7-5-6-6-5-6-5-5-5	6-5-6-5-5-7-3-5-7-3-5-4	6-4-6-5-5-7-6-4-3-5-5-3	5-6-6-3-6-5-6-7-4-1-4-5	3-6-4-3-3-6-4-4-0-5-6-6	7-6-5-6-4-6-5-4-5-4-5-5
757	7	7-6-7-6-7-6-5-7-6-5-5-5	4-7-7-2-7-6-5-7-7-7-5-7	4-7-7-7-7-7-6-7-6-7-4-7	7-7-7-7-7-7-6-7-7-7-7-4	2-4-7-7-7-7-6-7-7-7-5-4	6-7-6-6-7-4-7-7-7-7-7-7	6-7-7-7-5-7-3-5-7-5-4-7	7-7-7-7-5-6-5-5-6-5-6-7	4-4-7-5-5-7-4-4-7-5-5-1	5-4-7-7-7-5-7-6-7-7-7-7	4-7-3-3-2-6-4-4-7-6-7-7	7-6-1-0-3-7-7-4-7-7-6-7
758	0	0-0-0-0-0-0-0-0-0-0-0-0	0-0-0-0-0-0-0-0-0-0-0-0	0-0-0-0-0-0-0-0-0-0-0-0	0-0-0-0-0-0-0-0-0-0-0-0	0-0-0-0-0-0-0-0-0-0-0-0	0-0-0-0-0-0-0-0-0-0-0-0	0-0-0-0-0-0-0-0-0-0-0-0	0-0-0-0-0-0-0-0-0-0-0-0	0-0-0-0-0-0-0-0-0-0-0-0	0-0-0-0-0-0-0-0-0-0-0-0	0-0-0-0-0-0-0-0-0-0-0-0	0-0-0-0-0-0-0-0-0-0-0-0
758	1	1-1-0-1-0-0-1-0-1-0-0-1	1-0-0-2-0-0-0-2-0-0-2-0	2-2-0-2-2-2-2-0-0-4-2-2	2-0-0-2-3-3-0-4-1-1-1-0	1-0-1-0-2-2-2-2-1-1-0-2	2-0-2-0-0-4-2-4-1-1-0-3	4-1-1-0-2-0-0-2-1-1-0-2	0-1-3-2-4-0-1-4-8-0-0-0	1-0-2-2-4-0-0-2-0-1-4-0	0-2-0-2-2-1-0-1-2-0-0-4	1-1-0-1-1-1-0-1-1-2-1-0	1-2-1-0-1-1-2-0-1-3-1-1
758	2	2-2-0-2-3-2-2-2-2-2-2-1	1-5-2-1-0-3-0-3-0-3-1-0	1-1-0-1-1-1-3-2-0-1-3-1	1-2-3-1-1-1-3-1-1-2-3-0	2-0-0-3-1-1-3-1-2-2-0-1	1-0-4-0-2-1-3-1-2-2-7-2	5-1-2-0-1-0-3-1-2-2-5-1	3-4-5-3-2-2-2-0-2-2-0-0	1-0-1-1-2-2-0-1-3-2-1-3	0-1-2-1-3-1-3-4-3-3-4-1	1-1-0-2-0-0-0-5-0-1-1-2	7-1-0-0-3-1-1-2-7-1-1-1
758	3	3-3-0-3-3-4-3-3-3-3-3-3	1-4-4-1-3-3-0-2-4-3-0-4	2-3-0-0-1-1-4-3-0-1-4-4	1-2-4-4-1-1-4-1-4-4-2-0	3-0-5-4-0-2-4-3-4-1-0-0	1-0-2-4-3-1-4-1-3-3-4-2	5-1-3-0-1-0-4-4-3-2-4-1	3-4-1-2-1-3-7-0-0-3-4-8	3-0-4-1-3-3-3-4-7-7-3-2	0-1-4-2-2-1-4-2-2-2-3-1	3-1-4-2-4-0-0-3-4-4-2-5	3-1-6-3-4-3-1-2-0-1-1-0
758	4	4-3-4-4-2-3-4-4-4-4-4-4	4-3-3-0-5-3-4-4-3-5-5-4	4-5-5-5-4-5-3-5-3-1-3-3	4-6-3-3-1-5-3-1-3-5-5-4	1-4-3-3-5-2-3-5-3-4-4-4	4-5-2-3-4-1-3-1-2-2-3-4	1-5-2-4-4-4-3-3-3-1-3-1	4-3-2-2-1-4-3-1-4-4-4-0	4-0-3-1-1-3-4-3-3-4-1-4	4-4-3-5-3-1-3-2-5-4-2-1	6-1-3-0-3-8-0-7-3-5-5-1	4-4-4-4-3-4-5-4-4-3-1-1
758	5	5-3-6-7-6-6-6-5-5-5-6-8	6-3-3-6-6-6-4-5-6-4-6-6	5-4-6-6-6-6-4-6-6-6-6-5	6-5-6-6-6-6-6-6-6-6-6-4	7-5-6-3-5-6-6-6-4-7-7-5	6-4-6-6-4-8-6-6-3-2-3-4	8-6-5-5-6-0-7-6-6-7-8-6	4-5-6-6-5-4-5-7-4-4-5-5	5-5-6-6-6-6-4-6-7-5-5-5	6-5-3-6-6-6-6-7-4-5-6-1	5-8-6-5-5-6-5-6-8-5-6-5	4-4-5-4-6-5-7-5-5-5-5-5
758	6	7-8-8-8-7-7-8-7-7-8-5-7	5-7-7-5-7-5-8-7-7-7-7-7	7-7-7-8-5-7-7-5-7-7-6-7	7-7-5-7-7-7-7-7-5-5-7-7	5-5-8-7-7-7-7-7-7-5-7-7	7-7-7-5-4-5-7-7-5-6-2-7	7-7-6-7-5-7-5-7-5-7-7-7	6-7-5-7-7-7-8-7-4-4-7-5	8-0-5-7-7-5-7-5-3-5-7-4	5-7-7-5-7-5-7-7-5-5-7-1	4-5-5-6-6-5-5-5-5-6-5-6	6-7-7-7-5-5-5-5-7-6-7-7
758	7	6-8-6-6-6-6-6-6-6-6-6-8	6-6-6-6-6-6-6-6-6-6-6-6	6-6-6-6-6-6-6-5-6-6-7-6	6-6-6-6-6-6-8-6-5-4-6-8	5-6-6-6-6-6-8-6-6-5-6-6	6-6-6-6-7-5-6-6-7-7-2-6	6-6-6-6-6-7-5-6-7-6-6-6	7-6-6-6-6-6-3-5-4-5-6-7	6-7-7-6-6-5-6-6-3-3-6-4	5-6-7-7-6-1-6-6-8-5-6-1	4-7-5-6-6-6-8-4-4-7-5-7	4-6-6-6-6-5-5-4-6-6-6-6
758	8	8-6-6-6-8-7-6-8-6-6-6-7	6-8-8-6-8-6-6-6-6-8-6-6	8-8-8-6-8-8-8-7-6-8-6-8	6-8-6-6-8-8-7-8-7-8-8-7	6-5-6-8-7-8-7-8-8-8-6-5	7-6-8-6-8-5-8-8-8-8-3-7	7-8-8-8-7-8-5-7-8-8-5-6	8-6-8-8-8-3-6-6-1-4-5-5	6-8-8-8-6-8-8-6-3-6-6-6	5-6-8-8-8-1-8-6-8-8-7-8	5-5-5-8-4-4-7-5-5-6-8-8	8-5-8-6-5-8-8-5-8-8-6-8
759	0	0-0-0-0-0-0-0-0-0-0-0-0	0-0-0-0-0-0-0-0-0-0-0-0	0-0-0-0-0-0-0-0-0-0-0-0	0-0-0-0-0-0-0-0-0-0-0-0	0-0-0-0-0-0-0-0-0-0-0-0	0-0-0-0-0-0-0-0-0-0-0-0	0-0-0-0-0-0-0-0-0-0-0-0	0-0-0-0-0-0-0-0-0-0-0-0	0-0-0-0-0-0-0-0-0-0-0-0	0-0-0-0-0-0-0-0-0-0-0-0	0-0-0-0-0-0-0-0-0-0-0-0	0-0-0-0-0-0-0-0-0-0-0-0
759	1	1-1-1-1-0-1-1-1-1-1-1-1	1-0-0-1-0-1-2-2-0-1-0-0	5-1-2-2-1-2-3-2-1-0-3-1	1-1-2-1-1-0-0-4-4-0-0-5	0-4-4-0-7-0-2-1-2-0-1-1	0-1-0-0-0-0-2-1-1-0-0-2	0-0-0-3-0-1-0-0-0-1-1-0	0-0-0-0-0-2-0-0-0-2-0-0	0-2-0-0-3-0-2-2-0-0-0-2	0-0-1-0-0-1-0-0-1-2-3-0	3-0-2-0-1-1-3-3-0-1-2-1	1-0-1-1-1-1-2-1-1-1-1-1
759	2	1-2-2-1-2-2-2-4-2-2-2-2	3-0-0-2-0-1-1-3-3-2-3-3	1-4-1-3-3-4-1-1-1-3-2-3	3-2-1-4-3-3-0-1-3-0-2-1	4-1-1-3-3-2-3-3-1-8-4-1	3-8-3-3-0-4-3-2-0-0-0-4	4-4-0-1-3-0-2-3-0-2-3-3	1-4-4-3-2-1-8-0-2-1-0-0	0-1-1-4-4-3-1-1-2-0-4-1	3-4-0-6-3-4-3-0-3-1-1-4	4-4-2-2-8-1-1-1-2-3-4-1	1-2-2-2-0-3-4-1-3-3-2-4
759	3	3-3-3-3-3-3-3-3-3-3-4-4	2-4-3-2-0-4-1-4-2-3-2-4	1-2-1-2-2-2-4-4-4-2-4-2	2-1-5-2-2-2-5-1-5-5-4-1	2-1-1-2-2-2-4-2-4-3-2-1	2-1-5-2-4-2-4-3-3-3-0-3	2-2-5-1-2-3-4-2-0-3-4-2	3-0-2-2-3-1-5-4-3-4-0-4	0-1-4-2-1-3-8-4-4-3-2-1	2-2-3-0-2-5-2-4-2-4-1-3	1-0-8-4-2-1-1-1-1-2-4-0	1-2-1-1-1-2-2-3-2-4-3-0
759	4	3-3-4-4-3-5-4-4-4-4-3-4	4-3-3-2-0-3-4-3-6-4-5-5	3-5-5-2-4-2-3-5-3-6-3-4	5-5-1-5-2-2-5-1-3-3-3-1	2-1-1-4-5-3-5-4-3-4-2-1	8-1-3-4-3-2-3-4-3-0-0-2	2-2-3-1-4-4-3-5-3-3-3-3	0-2-2-3-3-6-3-3-2-3-4-7	4-5-3-2-2-4-3-5-3-4-2-4	5-2-4-4-5-2-0-3-5-7-4-2	5-2-4-3-4-4-6-8-8-2-4-0	4-2-6-4-4-2-2-4-8-3-3-2
759	5	5-5-5-7-5-4-5-5-5-6-5-6	4-3-3-6-6-6-8-7-6-4-6-4	7-6-7-6-6-6-6-7-6-6-4-6	6-4-6-7-6-6-4-7-5-3-5-1	7-1-1-4-4-5-6-6-5-4-4-6	6-6-6-5-3-2-6-2-3-3-0-6	8-2-3-5-6-5-3-6-0-7-6-5	5-6-5-6-5-4-3-7-6-5-6-4	8-4-6-6-7-4-1-6-8-5-5-4	4-5-5-6-4-7-6-4-4-4-7-2	4-5-6-0-4-4-4-5-7-7-5-5	4-6-6-5-7-2-5-4-5-6-5-6
759	6	5-6-5-8-6-6-6-6-5-5-6-5	5-3-6-5-5-5-4-7-5-6-5-5	5-5-5-5-5-5-7-5-5-5-7-5	5-6-7-5-5-5-4-5-7-7-5-1	5-1-1-4-5-7-7-5-6-6-4-5	5-5-5-6-6-2-5-6-6-6-7-6	5-2-7-5-5-6-6-5-6-6-5-5	6-5-4-5-5-4-3-6-5-5-5-8	6-5-5-5-6-4-7-5-8-5-5-4	4-5-6-7-7-6-5-6-5-4-5-6	4-5-5-8-7-4-4-1-5-5-5-5	6-5-5-5-4-3-5-4-4-5-5-5
759	7	8-8-5-5-6-8-8-8-8-7-5-5	8-6-6-5-6-8-5-6-8-7-5-5	5-5-5-5-5-5-6-5-8-7-6-5	5-4-7-5-5-5-6-5-6-6-6-1	5-1-7-4-1-6-6-5-6-7-2-5	8-6-6-5-7-2-6-6-7-7-6-5	8-2-6-5-8-7-6-0-7-6-5-5	7-6-2-6-5-4-3-5-8-4-6-4	7-7-5-5-5-0-6-7-4-4-5-4	8-5-7-6-6-5-5-3-8-4-5-7	4-5-5-0-6-7-7-4-5-7-7-7	4-5-7-5-5-7-7-4-5-6-5-7
759	8	8-7-5-6-8-7-7-8-7-5-5-8	7-8-8-5-8-7-5-8-8-8-7-8	8-8-8-8-8-5-7-6-7-8-8-8	7-8-8-8-8-8-4-8-6-8-8-1	5-1-8-8-8-8-7-8-8-8-5-8	7-8-8-7-8-8-8-7-8-8-8-8	7-8-8-8-7-8-8-8-8-8-7-7	8-8-8-8-8-7-7-2-7-7-5-6	5-8-8-8-5-8-3-5-8-3-8-0	7-8-8-8-8-6-8-8-7-8-8-8	8-8-8-6-2-7-4-4-8-7-8-8	8-5-7-4-6-8-8-4-4-8-7-8
760	0	0-0-0-0-0-0-0-0-0-0-0-0	0-0-0-0-0-0-0-0-0-0-0-0	0-0-0-0-0-0-0-0-0-0-0-0	0-0-0-0-0-0-0-0-0-0-0-0	0-0-0-0-0-0-0-0-0-0-0-0	0-0-0-0-0-0-0-0-0-0-0-0	0-0-0-0-0-0-0-0-0-0-0-0	0-0-0-0-0-0-0-0-0-0-0-0	0-0-0-0-0-0-0-0-0-0-0-0	0-0-0-0-0-0-0-0-0-0-0-0	0-0-0-0-0-0-0-0-0-0-0-0	0-0-0-0-0-0-0-0-0-0-0-0
760	1	1-1-1-2-1-1-1-2-1-1-1-2	1-1-1-0-2-2-1-2-1-1-2-2	1-0-0-2-2-2-2-2-3-2-2-2	2-1-2-3-1-0-2-2-1-2-2-1	2-2-1-3-1-1-2-1-2-1-4-1	1-2-2-2-2-2-2-2-2-1-1-2	2-3-1-1-2-1-1-2-1-1-1-1	1-1-1-1-1-2-1-1-1-3-3-1	1-1-2-1-2-3-1-2-2-1-1-4	2-1-2-2-0-1-0-1-0-1-0-1	1-3-3-1-3-2-1-1-1-1-3-1	2-1-1-1-1-3-1-3-0-1-1-1
760	2	1-1-1-1-1-1-1-1-1-1-1-1	1-1-1-4-1-1-3-1-1-1-3-1	1-3-0-1-4-1-3-1-1-4-1-3	3-0-1-4-3-3-1-6-1-1-3-1	1-1-1-1-3-3-3-3-1-1-1-2	1-1-1-2-1-1-3-1-1-1-5-3	1-1-1-1-3-2-2-3-1-2-5-3	1-3-4-3-3-1-1-4-2-1-2-0	0-0-3-3-4-3-0-1-1-2-4-1	1-3-1-1-3-3-3-1-3-1-0-4	4-1-1-1-1-1-0-0-4-3-1-2	1-3-2-1-4-1-3-1-0-1-2-4
760	3	1-1-1-1-1-1-1-1-1-1-1-1	1-5-4-2-1-1-2-1-2-2-2-1	0-2-1-1-2-2-4-1-1-2-4-4	2-3-4-1-2-2-1-1-4-1-2-1	1-1-2-4-2-4-4-2-4-3-1-2	1-4-4-2-3-1-4-1-4-3-6-2	4-4-1-4-2-3-4-4-1-5-4-2	1-2-0-2-2-1-6-2-2-1-1-3	0-0-4-2-3-2-0-4-1-3-2-1	1-2-3-4-4-4-4-1-2-3-0-2	4-6-1-3-1-1-0-4-4-2-1-2	1-3-2-3-1-1-2-1-4-1-6-6
760	4	4-3-4-4-3-1-1-1-4-1-1-1	4-3-3-2-1-1-4-3-3-1-5-3	4-5-6-7-2-1-3-5-5-2-3-3	2-6-5-5-2-2-1-2-3-4-3-7	1-6-2-3-6-3-3-5-3-4-1-2	5-5-3-4-4-5-3-1-3-3-3-5	3-3-3-7-5-4-3-3-1-4-3-1	4-2-2-5-2-5-3-2-6-4-4-8	4-0-4-2-2-1-4-3-3-4-2-1	5-6-4-3-6-3-3-1-6-4-6-2	3-1-1-1-4-4-1-4-3-4-1-4	4-4-4-6-4-4-2-4-3-4-3-2
760	5	7-5-6-7-6-6-7-6-6-6-6-6	6-6-5-6-6-7-6-6-6-6-6-6	5-4-6-8-6-6-6-7-6-6-5-6	6-4-6-6-6-6-6-7-6-6-6-5	7-6-6-7-4-5-6-6-6-6-7-6	6-6-6-6-6-6-6-6-5-5-3-6	8-6-5-4-6-5-7-6-6-7-2-8	5-5-6-4-5-6-5-6-4-7-8-6	4-5-6-5-6-5-4-4-7-6-2-6	4-4-7-5-4-6-5-6-4-6-4-6	6-7-8-6-8-4-5-5-6-8-6-4	6-6-4-4-6-7-7-7-5-5-8-8
760	6	8-5-5-8-5-5-5-5-5-5-5-5	5-5-5-7-5-5-5-5-5-5-7-5	6-7-5-5-7-5-7-5-5-5-7-7	7-4-5-5-7-7-5-7-5-5-7-7	5-5-7-5-4-7-7-7-5-5-5-7	5-5-7-5-5-5-7-5-5-5-3-5	6-5-5-4-5-6-3-7-5-5-7-6	5-7-5-7-7-5-3-7-4-5-7-5	4-5-5-7-5-5-4-7-5-5-7-5	5-4-5-5-7-8-5-6-4-5-4-5	4-3-5-5-5-4-0-0-5-5-5-6	5-5-5-4-5-5-5-1-7-5-7-3
760	7	5-5-5-5-5-8-5-5-5-5-5-8	5-5-5-6-5-5-6-6-5-5-6-8	8-6-5-4-6-5-6-5-5-6-6-6	6-7-7-5-6-6-8-6-6-5-6-8	5-5-6-5-7-6-6-6-7-5-5-6	5-6-6-8-7-8-6-5-7-7-3-7	8-5-5-4-7-7-7-6-7-5-6-6	7-6-5-6-6-5-3-6-6-5-6-7	7-7-6-6-7-5-4-7-5-5-6-5	5-6-5-5-6-6-5-5-8-5-4-5	3-7-5-5-5-5-8-4-5-5-5-7	5-8-5-4-7-5-5-5-6-5-6-5
760	8	8-5-5-6-5-7-5-8-5-5-5-7	5-5-8-6-8-5-7-6-8-8-6-7	8-8-8-5-8-5-8-5-5-8-7-8	6-8-5-8-8-8-7-8-5-8-8-7	6-5-8-8-8-8-7-8-8-8-5-6	5-8-8-7-8-7-8-8-8-8-8-7	7-8-8-4-7-8-8-7-8-8-7-5	8-7-5-7-8-8-6-6-6-5-5-5	7-7-8-8-5-8-8-7-5-5-6-8	5-8-5-8-8-6-8-5-7-8-5-8	5-1-5-8-5-4-7-5-5-5-8-7	8-7-4-8-7-8-8-5-8-8-6-5
761	0	0-0-0-0-0-0-0-0-0-0-0-0	0-0-0-0-0-0-0-0-0-0-0-0	0-0-0-0-0-0-0-0-0-0-0-0	0-0-0-0-0-0-0-0-0-0-0-0	0-0-0-0-0-0-0-0-0-0-0-0	0-0-0-0-0-0-0-0-0-0-0-0	0-0-0-0-0-0-0-0-0-0-0-0	0-0-0-0-0-0-0-0-0-0-0-0	0-0-0-0-0-0-0-0-0-0-0-0	0-0-0-0-0-0-0-0-0-0-0-0	0-0-0-0-0-0-0-0-0-0-0-0	0-0-0-0-0-0-0-0-0-0-0-0
761	1	1-1-1-1-2-1-1-2-1-1-2-1	2-2-1-2-2-2-3-2-1-1-2-2	1-1-2-1-2-2-2-2-2-1-1-2	2-1-2-2-1-2-2-2-2-2-2-1	2-2-1-4-2-1-2-1-2-2-7-1	4-2-2-3-2-2-2-2-2-1-4-2	2-2-2-1-2-3-2-2-1-3-0-1	1-1-3-0-1-2-1-2-1-2-2-3	1-1-1-0-2-3-2-2-2-1-1-1	3-1-1-2-2-1-1-1-2-3-2-1	4-2-4-3-1-3-2-1-3-1-2-2	2-1-1-8-4-4-4-2-1-1-4-1
761	2	1-1-1-1-1-1-1-1-1-1-1-1	1-1-1-1-1-1-1-1-1-1-3-1	0-3-1-1-3-1-3-1-1-3-1-1	3-0-1-3-3-3-1-6-1-1-1-1	5-1-3-5-1-3-3-3-1-1-1-3	1-4-3-6-1-1-3-1-1-1-0-4	1-1-1-0-3-2-1-3-1-2-3-1	1-2-2-3-5-1-8-8-5-1-1-1	2-0-3-3-4-7-1-3-1-2-5-4	1-3-1-1-3-4-3-1-3-1-1-4	1-4-0-1-1-2-1-0-1-3-1-1	1-3-2-5-1-1-2-1-0-1-2-1
761	3	1-3-1-1-1-3-1-1-1-1-1-1	1-4-4-2-1-1-1-1-1-1-2-2	4-2-1-1-2-1-4-4-1-2-4-4	2-3-4-2-2-2-1-2-4-1-4-1	2-1-2-1-1-2-4-2-3-1-1-2	2-2-5-1-3-2-4-2-1-3-6-2	2-1-1-0-2-1-5-2-3-1-2-2	3-2-2-2-2-1-6-2-3-5-1-1	3-0-2-2-3-1-5-2-1-3-2-3	1-2-3-0-2-2-2-6-2-4-4-2	1-2-0-6-7-1-1-3-1-2-1-3	6-2-2-4-1-3-2-0-7-4-6-1
761	4	5-3-1-4-3-5-4-1-1-4-1-5	4-3-3-5-1-1-5-4-5-1-6-6	7-5-6-1-4-1-3-5-3-5-3-4	5-5-5-5-2-2-5-2-3-1-3-4	1-7-2-1-5-4-5-5-4-4-1-8	1-2-3-5-6-5-3-2-1-3-1-2	1-2-3-4-5-1-3-5-4-1-6-1	6-2-2-2-2-5-3-2-4-4-6-6	6-6-6-5-2-0-6-2-1-4-2-2	6-6-1-1-5-2-3-3-6-5-5-2	5-2-6-1-1-6-6-6-5-5-1-4	1-2-5-3-6-1-1-6-5-6-1-1
761	5	4-7-4-8-5-5-5-5-5-4-5-4	4-7-6-4-3-4-4-4-4-1-4-4	4-4-4-1-2-6-6-7-7-8-6-5	4-4-6-4-2-4-4-2-6-7-6-4	2-4-3-2-4-6-6-4-6-1-1-2	7-7-3-5-4-4-6-7-5-5-1-5	7-6-7-4-4-5-6-4-5-5-4-7	3-2-2-3-2-1-3-2-2-7-4-4	4-4-4-4-3-2-3-6-6-4-2-3	4-3-5-6-4-6-6-1-4-4-4-2	4-6-8-1-4-4-4-4-4-4-1-4	3-2-4-5-4-3-2-4-4-1-3-1
761	6	7-6-6-7-6-4-6-7-6-6-6-7	4-5-5-7-6-1-7-7-6-1-7-4	6-7-7-8-7-5-7-7-5-7-5-7	7-4-5-6-7-7-5-2-5-5-7-6	7-4-6-7-4-7-7-6-5-4-1-7	1-6-7-6-4-1-7-6-5-6-3-7	6-5-1-6-5-1-5-5-6-6-7-6	4-7-4-6-7-1-3-7-6-6-7-4	4-4-7-6-7-2-4-5-5-5-7-3	4-7-6-5-7-5-5-3-4-4-4-2	4-6-4-3-1-4-4-4-7-6-5-6	3-6-6-7-7-4-6-4-7-4-7-1
761	7	6-5-6-6-7-8-7-8-8-7-6-8	7-5-5-6-6-8-6-6-8-7-6-8	4-6-6-6-6-7-6-6-8-6-7-6	6-7-7-6-6-6-8-6-6-5-6-6	6-4-6-6-7-6-6-7-7-7-1-6	8-6-6-7-4-8-6-5-7-5-3-6	8-5-5-6-8-7-5-8-7-5-6-5	3-6-2-6-6-7-3-6-6-5-6-4	7-4-6-6-6-2-3-7-5-5-6-0	8-6-7-6-6-6-7-3-8-6-7-2	6-6-6-1-3-8-4-4-6-7-7-7	3-8-6-6-7-7-7-4-6-4-6-2
761	8	8-7-6-6-8-8-6-8-7-6-7-7	7-5-8-6-8-8-7-8-8-8-6-7	8-7-8-6-8-8-7-7-7-8-8-8	6-8-8-8-8-8-7-8-7-8-8-4	6-8-8-8-8-8-7-8-8-8-6-6	7-8-8-6-8-8-8-8-8-8-8-8	7-8-8-8-7-8-8-8-8-8-3-8	8-8-8-7-8-7-2-2-6-7-7-6	7-8-8-7-6-8-8-7-8-8-6-8	7-4-8-8-8-7-8-3-7-8-4-8	4-1-8-8-1-7-4-4-1-7-8-8	8-7-6-1-1-8-8-1-4-8-6-1
762	0	0-0-0-0-0-0-0-0-0-0-0-0	0-0-0-0-0-0-0-0-0-0-0-0	0-0-0-0-0-0-0-0-0-0-0-0	0-0-0-0-0-0-0-0-0-0-0-0	0-0-0-0-0-0-0-0-0-0-0-0	0-0-0-0-0-0-0-0-0-0-0-0	0-0-0-0-0-0-0-0-0-0-0-0	0-0-0-0-0-0-0-0-0-0-0-0	0-0-0-0-0-0-0-0-0-0-0-0	0-0-0-0-0-0-0-0-0-0-0-0	0-0-0-0-0-0-0-0-0-0-0-0	0-0-0-0-0-0-0-0-0-0-0-0
762	1	1-1-3-1-1-1-1-1-1-1-1-1	1-2-0-1-0-2-1-1-1-1-1-2	1-1-2-2-2-1-1-2-2-2-2-1	2-2-2-1-2-2-0-2-0-0-2-4	0-3-4-0-2-0-2-2-0-2-1-1	3-5-0-1-0-2-0-1-0-0-0-2	2-0-0-1-0-1-0-0-0-1-2-2	0-3-0-0-0-2-0-0-2-2-2-0	2-2-2-0-2-1-2-3-0-1-1-0	2-2-1-2-0-2-0-1-2-2-3-0	2-3-4-0-3-2-2-2-3-1-0-1	1-1-1-2-2-3-1-2-1-1-1-1
762	2	1-1-1-1-1-1-1-1-1-1-1-2	3-1-0-3-0-1-1-1-3-1-1-1	1-3-1-1-3-1-3-3-1-3-1-3	3-1-3-3-5-3-1-1-2-1-3-1	2-1-9-3-1-2-3-3-1-3-3-3	2-1-3-6-2-3-3-3-0-2-0-3	4-3-6-1-3-1-2-3-0-2-1-3	2-5-2-3-2-1-0-9-2-1-1-0	1-1-3-3-4-3-1-1-0-1-5-3	1-4-0-3-3-1-3-0-3-1-1-3	3-9-0-4-1-3-1-1-1-2-3-4	1-3-3-1-1-4-3-1-2-2-2-4
762	3	1-4-1-1-3-3-3-3-1-1-2-1	2-4-4-2-1-1-2-4-2-4-2-1	2-2-1-2-2-2-4-2-5-4-4-2	2-2-4-2-2-2-3-2-4-4-4-1	2-1-1-2-4-2-4-2-3-4-2-2	1-1-2-1-3-2-4-2-4-3-7-2	2-2-3-1-2-3-3-2-3-4-2-2	4-2-2-2-2-1-4-4-3-3-1-3	1-1-4-2-3-2-1-1-3-3-2-2	1-1-5-2-2-4-2-8-2-4-1-2	2-5-1-3-1-2-2-1-1-2-2-3	6-2-2-1-1-1-2-1-6-1-6-1
762	4	4-3-4-6-4-4-5-4-4-4-4-5	4-3-3-7-1-1-5-3-6-3-5-6	5-5-5-6-4-1-5-5-5-3-3-5	5-5-3-5-2-5-5-1-3-3-3-1	2-5-1-4-6-3-5-5-3-4-5-5	5-1-3-4-3-2-3-6-3-6-0-5	7-2-3-6-5-5-5-5-3-3-7-3	3-2-2-3-2-5-3-3-5-4-5-6	7-6-3-2-2-4-7-5-6-4-2-4	5-6-3-5-5-3-3-3-5-6-5-2	6-2-1-2-5-5-5-5-7-7-5-4	5-2-4-3-6-7-2-5-5-8-1-2
762	5	1-5-1-5-5-6-5-5-4-4-4-4	4-6-5-4-7-7-4-6-4-3-4-4	4-4-4-2-2-7-6-4-4-6-6-6	4-4-6-4-2-4-4-2-6-5-6-1	2-4-6-2-4-6-6-4-6-5-4-2	6-1-2-4-4-2-6-3-5-5-0-5	6-2-8-6-4-5-4-4-3-5-6-6	5-2-2-6-2-4-5-6-4-6-4-4	4-4-4-4-4-5-4-4-6-5-2-5	4-4-5-6-4-5-2-5-4-4-4-5	4-6-8-3-4-4-4-4-4-4-4-7	4-2-4-1-4-4-2-4-4-4-8-6
762	6	7-5-6-7-5-5-5-8-4-4-6-4	7-5-5-4-5-5-4-5-4-6-4-4	7-8-4-7-7-7-5-4-7-7-5-7	7-4-5-8-8-7-7-7-7-5-5-1	2-5-6-7-4-5-7-7-5-6-9-9	7-7-8-2-4-4-7-8-5-4-3-7	5-7-5-6-7-6-7-5-3-5-5-5	4-2-7-7-2-4-9-9-9-5-7-4	9-4-7-8-8-7-4-4-5-7-8-3	4-8-0-5-7-8-3-3-7-4-4-6	4-6-5-3-4-4-4-4-4-8-7-6	3-8-6-8-4-4-8-4-3-4-5-5
762	7	6-7-7-9-8-7-7-7-7-4-7-4	6-5-5-4-5-5-4-8-4-7-4-4	6-6-6-6-6-6-8-4-6-6-8-6	6-4-6-6-6-6-8-6-8-8-8-4	2-4-6-6-4-8-8-6-9-7-6-6	6-6-8-4-7-4-6-6-8-7-8-6	4-6-8-9-6-7-8-6-7-7-4-6	8-8-6-6-6-4-8-6-4-5-8-4	4-4-6-6-4-6-4-4-8-6-6-6	4-6-9-8-8-6-2-3-6-4-4-6	4-6-5-3-4-4-4-4-4-4-6-7	3-6-4-6-4-4-6-4-4-4-7-5
762	8	9-9-9-9-7-9-9-9-9-8-6-9	6-5-7-4-7-9-6-7-9-9-9-9	7-6-6-6-6-8-7-7-9-6-7-6	6-4-8-6-6-6-7-2-7-7-7-1	2-4-6-4-4-7-7-6-8-8-2-2	9-1-7-9-8-4-7-6-7-7-7-6	9-6-7-9-7-8-7-7-8-5-6-7	8-7-6-9-2-8-7-6-9-5-7-4	8-8-6-6-6-9-7-9-7-8-6-7	6-6-8-5-7-6-3-3-9-4-4-6	4-8-5-5-9-9-4-4-5-6-8-8	5-6-9-6-6-8-6-4-2-4-5-2
762	9	9-8-9-7-9-8-8-9-8-8-6-9	8-9-9-4-9-9-6-9-9-9-8-9	9-8-9-9-9-9-8-8-8-9-9-9	8-9-9-9-9-9-8-9-8-9-9-1	6-4-9-9-9-7-8-9-7-9-6-9	8-9-9-6-9-4-9-9-9-9-9-9	8-9-9-7-8-9-7-6-9-9-8-8	9-7-2-8-9-8-6-6-8-8-8-5	4-8-6-6-2-9-9-8-9-9-6-0	8-4-9-5-9-6-9-7-8-9-4-9	4-9-5-5-8-8-4-4-4-6-9-9	9-8-8-1-7-9-9-4-9-9-7-9
763	0	0-0-0-0-0-0-0-0-0-0-0-0	0-0-0-0-0-0-0-0-0-0-0-0	0-0-0-0-0-0-0-0-0-0-0-0	0-0-0-0-0-0-0-0-0-0-0-0	0-0-0-0-0-0-0-0-0-0-0-0	0-0-0-0-0-0-0-0-0-0-0-0	0-0-0-0-0-0-0-0-0-0-0-0	0-0-0-0-0-0-0-0-0-0-0-0	0-0-0-0-0-0-0-0-0-0-0-0	0-0-0-0-0-0-0-0-0-0-0-0	0-0-0-0-0-0-0-0-0-0-0-0	0-0-0-0-0-0-0-0-0-0-0-0
763	1	1-1-1-1-1-1-1-1-1-1-1-1	1-1-1-1-0-0-0-2-0-1-2-2	0-1-0-4-2-2-2-0-0-2-2-2	2-0-0-2-2-2-0-1-1-0-1-0	4-0-0-2-2-1-2-2-1-1-1-2	1-3-2-1-1-3-2-2-1-1-3-1	3-3-1-0-2-0-1-2-1-1-0-2	0-3-3-2-3-0-0-1-1-1-0-0	0-0-2-3-3-0-0-2-0-1-3-1	3-3-0-0-2-3-2-1-2-1-3-3	0-3-0-1-0-1-0-0-0-1-1-1	0-2-1-2-3-1-3-0-1-1-1-1
763	2	2-2-2-2-2-2-2-2-2-1-2-3	1-3-2-1-2-3-0-3-3-1-1-3	3-2-3-1-1-1-3-4-4-3-3-3	1-3-4-1-1-1-4-2-3-4-3-0	2-0-4-1-3-1-3-1-2-2-1-1	3-2-1-1-2-1-3-1-2-2-4-1	1-1-3-2-1-2-3-1-4-4-3-1	2-2-3-1-1-3-4-3-1-3-4-3	2-0-1-1-2-0-3-1-3-2-2-2	0-1-2-3-1-1-1-2-1-3-0-1	3-1-2-3-4-0-0-0-3-1-1-2	0-1-0-3-0-1-1-0-1-4-2-2
763	3	3-4-2-2-2-2-3-2-3-3-3-2	4-2-2-1-2-2-5-2-4-3-4-5	2-3-6-0-2-1-2-4-4-2-2-2	4-5-4-4-1-1-5-1-2-2-2-5	1-4-2-3-4-2-4-3-3-3-4-7	2-1-1-3-4-1-2-1-4-2-1-1	1-1-2-5-4-0-2-3-3-1-2-1	5-1-1-1-1-4-2-2-1-2-3-5	5-6-4-1-1-5-4-4-4-3-1-3	5-1-3-2-4-1-0-3-5-4-5-1	4-1-3-2-5-5-6-5-5-1-1-3	5-1-5-5-5-3-1-5-5-6-1-1
763	4	4-3-4-5-2-3-4-3-4-4-4-5	3-2-2-6-5-3-4-5-3-5-5-5	4-5-5-5-6-5-5-5-3-5-5-4	5-3-3-6-6-6-3-5-5-2-4-3	1-3-2-5-3-4-5-5-3-1-7-6	5-5-5-4-3-5-5-6-3-2-2-6	3-5-2-4-5-4-2-5-2-2-6-5	4-5-7-5-6-3-7-7-7-3-6-3	4-0-3-5-6-3-3-7-3-4-6-3	3-6-4-0-3-7-5-2-5-3-3-4	3-4-3-2-7-3-3-3-3-6-5-3	3-4-3-6-3-3-1-3-2-2-7-1
763	5	4-7-4-7-6-5-5-5-5-5-4-4	3-6-5-4-4-6-4-4-3-4-4-4	0-4-4-4-4-4-6-4-3-4-6-4	4-3-4-4-4-4-3-4-6-6-6-3	6-5-2-6-4-6-6-4-6-5-4-4	4-4-4-6-3-4-6-4-5-5-2-5	4-4-6-3-4-4-6-6-5-5-4-4	3-4-7-6-4-3-4-5-4-5-6-3	3-0-3-4-5-3-3-3-6-4-4-3	3-3-5-1-6-3-4-2-3-6-3-4	3-4-6-7-3-3-3-3-3-4-4-5	6-4-3-3-3-3-6-3-3-3-6-4
763	6	7-7-4-7-6-7-7-7-7-6-6-7	7-5-5-4-6-5-4-4-7-4-5-7	3-4-3-4-4-5-5-6-7-4-5-4	4-6-6-4-4-4-7-4-5-5-5-7	5-7-5-5-7-5-7-4-5-6-4-4	7-4-5-7-3-7-5-4-6-6-2-7	7-7-5-3-4-6-5-5-6-5-4-4	6-4-5-5-4-3-6-4-4-6-4-3	6-6-3-6-4-3-5-4-7-6-4-3	7-4-6-7-5-6-4-2-7-5-6-1	5-6-5-6-2-3-3-3-3-7-6-6	5-7-7-6-6-6-5-3-5-3-5-1
763	7	7-5-7-5-7-6-6-7-6-6-7-6	6-5-7-4-7-7-4-7-6-7-6-6	7-7-7-4-7-7-7-6-7-7-6-7	6-7-7-7-7-7-6-7-6-7-7-6	4-6-7-7-7-6-6-7-7-7-4-7	7-7-7-6-7-7-6-7-7-7-7-7	6-7-7-7-7-7-7-7-7-7-7-4	7-5-7-6-7-4-4-4-4-5-6-5	6-7-7-6-4-7-7-4-6-7-7-7	5-3-5-6-7-4-7-6-6-7-6-7	3-7-6-6-4-6-3-3-5-7-7-7	7-6-6-5-1-7-7-3-7-7-4-7
764	0	0-0-0-0-0-0-0-0-0-0-0-0	0-0-0-0-0-0-0-0-0-0-0-0	0-0-0-0-0-0-0-0-0-0-0-0	0-0-0-0-0-0-0-0-0-0-0-0	0-0-0-0-0-0-0-0-0-0-0-0	0-0-0-0-0-0-0-0-0-0-0-0	0-0-0-0-0-0-0-0-0-0-0-0	0-0-0-0-0-0-0-0-0-0-0-0	0-0-0-0-0-0-0-0-0-0-0-0	0-0-0-0-0-0-0-0-0-0-0-0	0-0-0-0-0-0-0-0-0-0-0-0	0-0-0-0-0-0-0-0-0-0-0-0
764	1	1-1-1-1-1-1-1-1-1-1-0-1	1-0-0-2-0-1-0-2-0-1-0-0	0-3-0-4-2-3-2-0-0-3-2-1	2-0-0-3-3-2-0-1-2-1-1-0	1-0-1-0-2-2-2-2-1-1-0-2	3-3-2-0-0-3-2-3-1-1-3-2	3-3-2-0-2-1-1-2-1-1-3-2	1-1-3-2-2-2-2-6-3-0-0-0	1-0-2-2-3-0-3-3-0-0-3-1	0-3-0-0-2-2-0-1-2-0-0-3	1-3-3-1-2-1-0-1-3-2-2-0	1-2-1-2-2-1-2-2-2-2-1-3
764	2	2-2-2-2-2-2-2-2-2-2-2-3	1-3-2-1-2-3-0-3-3-2-1-3	0-1-2-1-1-1-3-6-0-1-3-1	1-2-2-1-1-1-5-2-1-2-3-0	3-4-4-1-1-1-3-1-2-2-4-4	1-1-1-2-3-1-3-1-2-2-5-1	5-1-5-0-1-1-4-1-2-2-0-1	2-3-5-1-1-3-3-3-1-2-6-3	4-0-1-1-2-1-4-1-2-2-3-6	3-1-2-3-1-1-3-2-1-3-2-1	1-1-0-3-1-1-0-2-3-1-1-2	5-1-1-1-1-1-1-1-1-1-1-6
764	3	3-2-3-4-2-2-3-2-3-3-2-2	3-2-2-5-1-3-5-5-4-2-4-4	5-4-4-1-4-1-4-4-4-1-2-3	4-3-4-3-1-1-6-1-2-4-2-3	2-6-3-3-4-1-4-4-5-0-3-6	1-4-4-0-4-1-2-1-1-2-1-4	4-1-2-4-3-1-2-4-4-2-4-1	2-1-4-2-1-4-2-2-1-3-4-5	4-0-4-1-1-4-4-1-5-3-2-4	4-1-3-2-4-1-2-2-4-2-4-1	4-1-6-4-3-4-4-4-6-1-4-3	4-3-3-1-4-4-1-4-1-4-2-1
764	4	4-4-6-6-4-3-4-5-4-4-4-4	4-2-2-3-5-4-3-4-3-4-3-5	0-5-5-1-5-5-5-5-3-5-4-5	5-3-3-5-5-5-3-5-5-2-5-3	5-2-2-5-3-4-5-5-3-2-4-5	5-3-5-4-3-1-5-5-4-2-2-3	3-4-2-4-3-2-2-3-4-2-5-5	4-5-3-5-5-3-6-5-4-3-5-3	3-6-3-5-5-3-3-5-2-3-5-3	3-5-4-5-5-3-5-1-3-3-3-5	3-1-3-3-3-3-3-3-5-1-4-4	6-5-3-5-3-3-5-3-3-3-5-4
764	5	4-6-4-6-4-6-6-4-6-5-5-6	6-5-2-3-5-5-3-3-3-4-4-6	3-4-4-4-4-4-4-4-3-4-6-4	4-4-5-4-4-4-6-4-4-2-4-6	4-3-3-4-5-4-6-4-3-5-4-4	4-3-4-5-5-6-4-4-5-5-2-5	2-1-2-5-6-5-5-6-5-5-4-4	5-4-2-4-4-6-5-4-4-5-4-3	5-5-5-4-4-0-3-4-3-5-4-0	4-4-5-4-4-1-4-6-6-3-5-4	4-5-5-6-2-6-3-4-4-5-5-5	5-4-6-4-5-3-4-3-2-3-4-4
764	6	6-5-6-4-6-5-5-6-5-4-4-5	5-6-6-3-6-6-4-6-6-6-3-5	6-6-6-5-6-6-6-5-6-6-5-6	5-6-6-6-6-6-5-6-6-6-6-5	4-3-6-6-5-5-5-6-6-6-1-3	5-6-5-5-6-5-6-6-6-6-6-5	5-6-6-6-5-6-6-6-6-6-4-6	6-6-6-6-6-5-6-1-5-5-2-6	5-4-6-6-4-6-6-3-6-6-4-2	5-3-6-6-6-1-6-5-5-6-3-6	3-6-6-5-3-5-3-3-3-5-6-5	4-5-5-2-3-6-6-3-6-6-2-2
765	0	0-0-0-0-0-0-0-0-0-0-0-0	0-0-0-0-0-0-0-0-0-0-0-0	0-0-0-0-0-0-0-0-0-0-0-0	0-0-0-0-0-0-0-0-0-0-0-0	0-0-0-0-0-0-0-0-0-0-0-0	0-0-0-0-0-0-0-0-0-0-0-0	0-0-0-0-0-0-0-0-0-0-0-0	0-0-0-0-0-0-0-0-0-0-0-0	0-0-0-0-0-0-0-0-0-0-0-0	0-0-0-0-0-0-0-0-0-0-0-0	0-0-0-0-0-0-0-0-0-0-0-0	0-0-0-0-0-0-0-0-0-0-0-0
765	1	1-1-1-1-1-1-1-1-1-1-1-1	0-2-1-0-0-1-0-2-1-1-0-1	1-0-0-1-1-0-2-1-3-1-2-0	0-0-0-0-1-0-0-0-1-1-2-0	1-0-0-0-0-1-2-0-1-0-0-0	4-0-0-0-0-0-2-0-1-1-1-0	1-2-2-0-0-1-4-1-1-1-0-1	1-1-0-0-1-0-1-2-1-1-0-0	1-0-0-0-1-0-4-2-2-0-1-2	0-0-1-2-0-1-0-1-0-0-0-1	4-0-0-1-0-0-0-0-0-0-1-1	2-1-1-1-0-1-1-0-0-0-0-0
765	2	2-2-2-2-1-1-2-2-2-2-2-3	3-1-1-4-2-1-3-3-3-2-3-3	0-2-0-4-3-3-3-0-4-2-1-3	3-0-3-4-5-3-3-4-3-2-1-0	5-0-2-3-3-3-3-3-1-2-4-5	3-0-3-2-2-3-3-3-1-1-0-3	3-1-1-0-3-1-3-3-2-4-5-3	1-4-4-3-4-3-3-8-2-1-0-0	2-0-3-3-4-0-0-4-1-2-4-1	4-4-1-3-3-2-3-4-3-3-0-4	0-2-3-4-2-2-0-2-0-3-3-2	1-3-2-1-4-2-2-0-2-2-2-2
765	3	3-4-3-3-3-3-3-3-3-2-2-4	2-4-4-2-2-4-2-2-2-3-2-2	4-2-4-2-2-2-4-5-1-2-4-2	2-3-2-2-2-2-2-2-4-3-3-0	3-0-2-2-2-2-4-2-4-3-2-2	2-0-5-2-3-2-4-2-3-3-7-3	2-1-3-0-2-3-5-4-1-2-4-2	3-3-4-5-2-4-7-4-2-3-0-4	1-0-2-2-3-0-4-2-4-3-2-3	0-2-3-2-2-2-2-3-2-4-4-2	0-2-8-3-4-2-0-3-4-2-2-3	4-2-2-4-4-4-2-0-3-4-3-7
765	4	4-3-5-4-3-4-4-4-4-5-4-5	4-3-3-2-5-5-5-5-5-4-5-5	7-5-5-2-4-5-5-5-5-5-3-5	5-5-5-5-2-5-5-2-3-6-3-6	3-7-3-4-5-3-5-5-7-3-5-0	1-5-3-4-4-2-3-5-1-1-1-5	1-3-3-5-5-4-1-5-4-2-5-3	4-2-3-3-2-5-2-2-2-4-6-5	6-5-5-5-2-0-5-2-3-4-2-4	5-2-1-2-5-2-0-2-5-5-5-2	5-2-5-3-8-5-7-8-5-2-3-4	5-2-4-3-5-5-2-4-2-5-3-2
765	5	5-5-4-5-5-5-5-5-5-4-4-4	4-6-6-2-4-4-4-4-4-4-4-4	4-4-4-4-2-4-4-4-4-6-6-4	4-4-4-4-2-4-5-4-6-7-5-4	2-6-5-2-4-6-4-4-6-3-4-2	2-4-3-4-4-2-6-4-5-5-1-5	3-5-5-5-4-5-3-4-5-3-2-7	5-2-4-3-2-4-2-6-2-5-4-4	4-4-4-4-6-6-4-2-7-5-2-5	4-2-5-6-4-2-0-1-4-4-4-2	4-6-4-3-8-8-4-4-4-2-5-6	4-8-4-3-4-4-2-4-2-4-4-5
765	6	7-6-7-6-7-7-7-6-7-7-7-6	7-5-5-7-7-7-7-6-7-7-7-7	6-7-7-6-7-7-7-6-7-7-5-7	7-7-6-7-7-7-7-7-7-5-7-7	7-5-7-7-5-7-7-7-5-6-7-7	6-7-7-6-6-8-7-7-5-6-0-7	7-7-6-7-8-8-3-7-5-8-7-5	3-7-7-7-7-7-8-7-7-6-7-6	4-6-7-7-7-6-4-7-6-6-7-8	7-7-6-5-7-6-7-3-8-4-7-8	4-5-6-3-7-5-4-4-7-7-5-6	4-7-7-7-7-4-7-4-7-6-7-6
765	7	6-8-6-6-6-8-6-6-6-6-6-8	6-5-5-6-7-6-6-6-6-6-6-6	4-6-6-2-6-6-6-6-6-6-7-6	6-6-7-6-6-6-8-6-6-5-6-6	6-4-6-6-7-6-8-6-7-6-6-6	6-6-6-8-7-6-6-6-7-7-3-7	6-6-5-6-4-7-3-6-7-7-6-5	7-6-6-6-6-6-3-6-2-6-6-4	7-7-7-6-6-6-5-6-5-5-6-3	6-6-7-1-6-2-6-3-8-6-7-6	4-7-4-3-6-8-4-7-6-6-7-7	4-6-7-7-6-4-6-4-6-4-6-6
765	8	8-6-6-6-8-7-6-8-6-6-6-7	6-5-8-6-8-6-6-8-6-8-6-6	8-8-8-6-8-8-6-7-6-8-6-8	6-8-8-6-8-8-7-8-8-8-8-6	6-4-8-8-8-8-7-8-8-8-6-6	7-8-8-7-8-6-8-8-8-8-8-7	7-8-8-8-6-8-8-8-8-8-5-6	8-6-3-7-8-6-6-2-2-6-6-6	6-8-8-7-2-8-8-6-8-6-6-6	6-4-8-8-8-2-6-7-7-8-7-8	4-8-3-6-4-7-7-4-4-6-8-8	8-5-7-3-6-8-8-4-8-8-3-6
766	0	0-0-0-0-0-0-0-0-0-0-0-0	0-0-0-0-0-0-0-0-0-0-0-0	0-0-0-0-0-0-0-0-0-0-0-0	0-0-0-0-0-0-0-0-0-0-0-0	0-0-0-0-0-0-0-0-0-0-0-0	0-0-0-0-0-0-0-0-0-0-0-0	0-0-0-0-0-0-0-0-0-0-0-0	0-0-0-0-0-0-0-0-0-0-0-0	0-0-0-0-0-0-0-0-0-0-0-0	0-0-0-0-0-0-0-0-0-0-0-0	0-0-0-0-0-0-0-0-0-0-0-0	0-0-0-0-0-0-0-0-0-0-0-0
766	1	1-1-1-1-1-1-1-1-1-1-0-1	2-0-1-2-0-0-0-1-0-1-0-2	0-2-0-6-1-0-2-0-0-0-0-1	2-0-0-3-2-2-0-2-1-0-2-0	1-3-2-0-0-1-2-2-1-1-0-2	2-3-2-1-0-2-2-2-1-1-0-3	2-3-1-0-2-0-3-2-3-1-2-0	1-1-1-2-1-0-1-1-1-0-0-0	0-0-2-2-3-1-0-2-0-1-2-3	0-1-1-0-2-1-2-1-2-0-0-1	3-1-0-0-0-1-0-0-0-2-2-2	1-1-1-1-0-1-2-0-1-0-1-3
766	2	2-2-2-2-3-2-2-2-2-2-2-2	1-4-3-1-2-3-1-3-2-2-1-1	4-1-4-2-1-2-3-4-4-4-3-3	1-0-3-1-1-1-0-1-2-4-3-1	1-2-5-4-3-3-3-1-2-2-4-1	1-1-3-2-2-1-3-1-2-2-4-4	4-1-2-4-1-2-3-1-2-4-1-4	2-3-1-3-1-3-4-4-3-3-0-0	2-0-1-1-2-2-2-1-0-2-1-4	0-3-2-6-1-1-1-3-1-3-2-1	2-1-7-3-7-0-0-3-2-1-1-1	6-1-1-2-0-2-1-0-0-0-2-2
766	3	3-2-2-3-2-3-3-4-3-3-2-5	3-2-2-5-5-2-3-2-4-2-4-4	6-4-4-1-3-3-2-3-2-4-2-3	4-4-2-4-1-1-5-1-3-2-2-0	1-1-1-3-4-2-4-4-3-6-6-7	1-1-2-3-3-4-2-1-2-2-1-1	4-1-2-2-4-3-4-4-1-2-4-2	3-2-5-2-2-4-1-2-2-3-3-4	3-0-4-4-1-3-5-4-4-3-1-1	4-2-4-4-2-1-4-2-4-4-4-1	4-1-4-2-0-4-4-4-4-2-4-4	3-1-1-3-4-4-2-4-7-6-3-1
766	4	5-2-4-5-2-3-5-6-5-3-4-5	3-2-2-4-3-2-3-5-3-5-3-3	2-5-5-4-6-5-5-5-2-5-3-5	6-3-3-6-6-5-3-6-5-2-4-0	6-4-6-6-3-4-5-5-3-4-6-6	5-6-5-4-3-3-5-6-2-2-2-5	5-5-2-2-5-4-3-5-2-2-6-6	2-5-3-5-6-3-2-6-6-3-6-3	2-0-5-5-7-2-2-3-3-2-6-2	3-6-3-3-5-7-5-2-3-3-3-5	3-5-3-2-7-3-3-3-3-5-5-3	2-5-1-6-3-3-6-3-4-4-4-5
766	5	4-7-4-7-6-5-5-5-5-5-4-3	3-6-6-4-3-6-3-4-3-4-4-4	3-4-4-5-4-4-6-4-2-4-6-4	4-3-3-4-4-4-3-4-4-6-4-0	4-5-2-3-5-6-6-4-6-5-4-4	4-4-4-6-3-3-4-4-5-5-2-4	4-4-6-7-4-5-6-4-5-6-4-4	2-4-3-6-4-3-2-4-4-5-6-3	2-0-4-4-5-2-6-4-6-5-4-5	3-4-5-4-6-4-6-2-4-6-3-4	6-4-6-2-4-3-3-3-3-4-4-3	3-4-3-4-3-3-4-3-3-4-6-4
766	6	7-7-4-6-6-7-7-7-7-6-4-7	7-5-5-4-6-5-7-5-7-4-5-7	3-4-7-1-4-4-5-7-2-4-5-4	4-6-6-4-4-4-7-4-5-5-4-7	4-6-4-4-3-5-7-4-5-6-4-4	4-4-4-7-6-7-7-4-6-6-5-4	7-4-5-6-3-6-5-4-6-5-4-4	6-4-4-5-4-3-2-4-4-6-4-3	6-6-5-4-6-2-5-4-7-6-4-2	3-4-6-2-5-4-5-2-7-5-4-1	5-6-5-2-0-7-3-4-4-4-6-6	2-7-7-4-4-6-4-3-5-3-5-1
766	7	7-5-4-5-7-6-6-7-6-6-7-6	6-5-7-4-7-7-6-7-7-7-6-6	7-7-7-6-7-7-7-6-7-7-6-7	6-7-7-7-7-7-6-7-6-7-7-6	4-7-7-7-7-7-6-7-7-7-4-7	4-7-7-6-7-6-6-7-7-7-7-7	6-7-7-7-7-7-7-7-7-7-4-7	7-7-7-6-7-7-4-4-4-7-6-7	6-6-7-6-4-7-7-3-6-2-4-7	5-3-5-7-7-4-7-2-6-7-6-7	3-7-7-7-4-6-6-3-3-7-7-7	7-6-6-7-3-7-7-3-7-7-5-7
767	0	0-0-0-0-0-0-0-0-0-0-0-0	0-0-0-0-0-0-0-0-0-0-0-0	0-0-0-0-0-0-0-0-0-0-0-0	0-0-0-0-0-0-0-0-0-0-0-0	0-0-0-0-0-0-0-0-0-0-0-0	0-0-0-0-0-0-0-0-0-0-0-0	0-0-0-0-0-0-0-0-0-0-0-0	0-0-0-0-0-0-0-0-0-0-0-0	0-0-0-0-0-0-0-0-0-0-0-0	0-0-0-0-0-0-0-0-0-0-0-0	0-0-0-0-0-0-0-0-0-0-0-0	0-0-0-0-0-0-0-0-0-0-0-0
767	1	1-1-1-1-1-1-1-1-1-1-1-1	2-0-0-2-0-1-1-1-2-1-2-3	3-2-3-1-1-2-2-2-2-2-2-1	2-2-2-2-1-3-0-1-0-0-2-5	0-0-0-0-2-0-2-2-0-1-1-2	2-2-0-2-3-2-2-2-0-0-0-2	0-0-0-2-2-0-0-2-0-1-0-2	1-1-0-0-0-3-0-0-0-0-4-0	1-5-2-2-1-0-2-2-0-1-1-1	0-1-1-0-1-0-0-0-2-3-1-1	0-0-1-1-1-1-1-1-0-2-2-1	0-1-1-2-1-1-0-1-1-1-1-1
767	2	2-2-2-2-2-2-2-2-2-1-2-2	1-3-2-1-0-3-1-3-1-2-1-2	2-1-1-2-2-1-3-2-1-1-3-1	1-1-1-1-1-1-1-1-3-2-3-2	0-0-2-0-1-2-3-1-3-2-2-1	1-1-0-1-0-1-3-3-3-3-6-1	3-3-4-1-1-2-0-1-2-2-6-1	2-3-3-3-2-1-6-3-2-2-1-0	6-1-1-1-2-0-8-1-2-3-3-3	0-3-9-0-2-0-3-2-1-1-3-0	2-0-6-2-0-1-1-0-1-1-1-1	3-1-1-1-5-2-0-3-6-6-6-2
767	3	3-2-3-3-2-2-3-3-3-3-3-4	1-2-2-3-3-2-4-4-4-4-4-4	1-3-1-5-4-7-4-4-2-4-2-4	4-4-4-4-4-4-4-5-4-3-2-5	5-0-6-4-1-4-4-4-4-5-3-4	5-4-4-2-3-5-4-6-7-2-0-5	4-2-3-3-4-3-4-4-3-6-3-4	1-6-6-4-4-1-4-9-3-2-6-4	3-1-4-4-6-0-3-4-2-4-3-3	5-4-0-0-4-3-2-2-4-1-2-6	6-3-2-0-4-4-1-3-6-3-4-4	2-4-5-2-2-3-4-2-3-5-3-3
767	4	4-4-4-4-4-4-4-4-4-3-3-3	3-5-4-3-3-4-3-5-3-4-3-5	2-3-1-3-3-3-5-6-6-3-5-3	3-3-3-3-3-3-6-3-3-8-5-1	4-2-3-3-3-5-5-3-4-4-5-3	3-3-5-1-4-3-3-3-4-4-8-4	3-5-4-1-3-5-3-3-2-7-3-3	4-3-3-5-3-1-7-3-3-4-1-3	3-1-3-3-4-0-2-3-5-3-4-5	3-3-0-5-3-3-7-5-3-3-9-3	3-3-3-4-3-3-1-3-3-3-3-3	4-3-3-5-9-3-3-5-3-3-7-7
767	5	5-4-4-5-4-5-4-6-5-5-6-6	5-4-4-3-3-5-3-6-3-4-6-4	3-3-6-3-7-3-4-4-4-3-4-6	6-6-7-3-3-3-4-3-6-6-4-1	3-1-4-6-6-4-6-3-6-3-7-6	3-5-4-3-5-3-6-3-5-5-4-3	4-4-5-1-3-4-8-6-5-4-3-3	4-3-3-4-4-5-4-6-3-5-3-6	4-1-4-3-6-7-3-6-9-7-4-4	3-5-0-6-4-3-4-4-4-1-4-3	3-3-5-6-6-5-1-1-5-5-3-7	2-6-3-5-2-5-4-4-5-3-4-4
767	6	5-5-7-5-6-5-6-6-7-7-6-9	7-4-4-3-8-7-6-8-7-7-7-7	8-7-8-3-5-7-5-7-7-5-5-5	7-5-5-8-3-3-7-3-5-5-4-9	3-6-3-5-7-6-7-6-5-6-5-5	3-5-4-6-6-7-5-3-2-2-2-6	2-4-6-6-3-8-3-5-5-3-2-3	6-3-3-5-3-7-2-5-3-6-3-7	7-6-7-3-5-5-6-5-4-6-3-5	7-3-1-5-7-3-0-8-7-6-6-3	3-3-2-5-5-9-6-7-3-5-5-6	2-5-9-6-7-6-6-6-2-2-2-3
767	7	8-9-7-7-4-5-9-8-6-6-7-8	6-4-4-8-6-8-8-9-6-6-8-9	6-8-6-8-8-6-8-6-6-8-8-8	8-5-5-3-8-8-6-3-8-5-8-6	8-6-7-5-6-7-8-8-5-7-5-8	8-8-8-7-5-6-8-8-7-4-0-8	9-8-4-6-7-7-5-8-7-4-8-3	4-8-7-8-8-6-9-8-3-6-8-6	6-6-6-8-9-5-6-6-2-5-8-7	6-8-0-6-8-8-8-0-7-6-4-8	8-3-2-5-9-6-6-6-6-8-7-8	2-8-7-8-6-6-8-6-8-7-9-4
767	8	7-9-7-7-4-9-9-7-9-6-7-9	6-4-8-7-6-7-7-6-9-6-7-7	6-7-6-7-7-7-7-9-7-7-7-7	7-8-6-6-7-7-9-7-7-4-7-9	7-6-6-7-8-7-7-7-8-6-5-7	7-7-7-9-8-6-7-7-8-8-4-8	9-7-8-6-8-8-5-7-8-6-7-3	8-7-7-7-7-6-2-7-7-6-7-6	8-6-6-7-5-7-8-8-5-6-7-7	7-7-8-8-7-7-7-9-8-6-8-7	7-8-2-5-8-6-6-6-3-7-4-8	2-7-9-7-8-6-7-6-7-6-4-4
767	9	9-8-7-8-9-8-8-9-8-8-7-8	6-9-9-7-9-9-6-7-9-9-7-7	9-9-9-8-9-9-9-8-9-9-8-9	8-9-9-9-9-9-8-9-8-9-9-8	7-6-9-9-9-9-8-9-9-9-3-9	9-9-9-8-9-9-8-9-9-9-9-8	7-9-9-9-9-9-9-9-9-7-7-9	9-9-9-8-9-9-7-7-3-6-6-9	8-6-9-9-7-9-9-8-5-7-9-0	6-9-2-9-9-7-9-8-8-9-9-9	9-9-2-9-7-6-4-6-9-9-9-9	9-8-8-0-4-9-9-6-9-9-7-9
768	0	0-0-0-0-0-0-0-0-0-0-0-0	0-0-0-0-0-0-0-0-0-0-0-0	0-0-0-0-0-0-0-0-0-0-0-0	0-0-0-0-0-0-0-0-0-0-0-0	0-0-0-0-0-0-0-0-0-0-0-0	0-0-0-0-0-0-0-0-0-0-0-0	0-0-0-0-0-0-0-0-0-0-0-0	0-0-0-0-0-0-0-0-0-0-0-0	0-0-0-0-0-0-0-0-0-0-0-0	0-0-0-0-0-0-0-0-0-0-0-0	0-0-0-0-0-0-0-0-0-0-0-0	0-0-0-0-0-0-0-0-0-0-0-0
768	1	1-1-1-1-1-1-1-1-1-1-2-1	2-1-1-2-0-1-2-1-2-2-1-2	1-0-2-2-1-2-2-1-2-2-2-1	2-0-0-2-2-2-2-2-1-0-1-1	2-0-3-2-0-1-2-2-1-1-2-2	3-2-2-2-0-2-2-2-1-1-0-2	3-3-1-0-2-0-1-2-1-1-0-2	1-3-2-2-2-3-0-2-1-0-0-1	0-0-2-2-3-1-0-2-0-2-2-1	1-0-1-0-2-3-2-1-2-0-0-3	0-2-0-3-0-1-1-0-0-2-2-1	0-2-1-1-0-3-2-0-3-0-5-3
768	2	2-2-1-2-3-2-2-2-1-1-1-1	1-3-2-1-2-3-1-3-1-1-1-1	0-2-1-1-1-1-3-1-1-1-3-2	1-0-3-1-1-1-1-1-2-3-3-1	1-0-4-1-4-3-3-1-2-0-1-1	1-1-3-1-2-1-3-1-2-2-4-1	1-1-2-4-1-2-3-1-2-2-3-3	2-1-1-1-1-3-5-1-1-2-0-3	2-0-1-1-2-1-0-3-3-2-1-2	3-3-2-3-1-1-5-3-1-3-0-1	3-1-7-2-0-2-3-3-0-1-1-1	5-1-0-3-3-0-1-0-0-3-2-1
768	3	1-2-1-3-2-3-3-2-3-1-3-2	3-2-2-1-4-2-1-2-4-1-4-5	6-4-1-1-3-4-2-1-1-3-2-3	3-3-4-4-1-5-1-1-2-2-2-0	1-5-1-3-5-2-2-3-2-2-2-0	1-1-2-3-5-1-2-2-2-2-2-1	1-1-2-0-4-3-2-2-2-2-2-2	5-1-1-2-1-5-2-1-1-3-3-6	3-7-2-2-1-0-5-2-3-3-1-3	4-1-2-4-2-1-2-2-5-5-5-1	2-1-6-1-7-5-6-5-2-1-2-3	3-1-3-2-2-1-2-5-7-2-1-1
768	4	4-4-6-6-5-5-6-6-6-5-5-6	5-5-5-5-5-6-5-5-5-5-5-5	4-3-5-5-5-5-4-5-5-5-4-5	5-4-5-6-5-3-6-6-5-5-4-4	5-5-2-5-4-4-5-4-5-4-5-4	4-5-2-5-4-5-4-5-6-4-2-5	6-5-4-4-3-4-4-5-4-6-7-5	4-4-6-2-4-6-4-5-1-4-3-3	4-4-5-4-5-5-4-4-5-7-4-4	5-4-4-5-5-5-2-6-3-3-5-4	4-5-6-4-5-7-3-4-7-4-5-4	6-4-4-7-5-5-6-6-3-4-1-7
768	5	4-4-4-7-4-4-4-4-4-4-4-5	4-4-4-6-4-4-4-4-4-4-4-4	4-6-4-4-6-4-6-4-4-4-4-4	6-6-4-6-6-6-4-4-4-4-6-5	4-4-4-4-3-6-6-6-4-4-4-6	6-4-6-5-3-7-6-4-4-2-2-4	6-4-4-4-7-5-2-6-4-4-6-4	3-6-4-6-6-4-7-4-7-4-6-3	7-0-4-6-4-4-3-6-4-4-6-2	4-5-5-4-6-6-2-4-3-3-6-4	6-4-4-4-4-3-3-3-6-6-4-5	2-5-4-6-6-4-4-3-3-5-1-4
768	6	4-4-4-4-4-7-4-4-4-4-4-7	4-4-4-5-4-4-7-5-5-4-5-4	3-5-5-4-5-4-5-4-4-4-6-5	5-6-6-5-5-5-4-4-4-4-5-7	4-4-1-4-6-5-5-5-4-4-4-5	5-4-5-7-2-4-5-4-4-6-2-6	7-4-4-7-6-5-2-5-6-4-5-5	6-5-4-5-5-4-2-4-7-4-5-3	5-6-6-5-5-4-3-5-4-4-5-2	4-5-5-4-5-5-5-4-7-4-5-1	5-6-4-4-4-6-3-6-5-5-4-6	4-5-7-5-5-4-4-4-1-5-1-4
768	7	7-4-5-5-7-6-4-7-4-4-4-6	4-4-7-4-7-4-6-7-7-7-5-6	7-7-7-4-7-4-5-4-4-7-6-7	6-7-7-7-7-7-4-7-7-7-7-6	4-5-7-7-7-7-6-7-7-7-5-5	4-7-7-6-7-5-7-7-7-7-7-7	6-7-7-7-5-5-7-7-7-7-4-4	7-7-7-6-7-4-5-5-5-4-5-3	5-3-7-7-1-7-7-5-7-4-5-7	6-0-7-7-7-4-7-4-6-7-6-7	3-4-2-6-4-4-3-3-4-7-7-7	4-6-6-4-5-7-7-4-3-7-1-4
769	0	0-0-0-0-0-0-0-0-0-0-0-0	0-0-0-0-0-0-0-0-0-0-0-0	0-0-0-0-0-0-0-0-0-0-0-0	0-0-0-0-0-0-0-0-0-0-0-0	0-0-0-0-0-0-0-0-0-0-0-0	0-0-0-0-0-0-0-0-0-0-0-0	0-0-0-0-0-0-0-0-0-0-0-0	0-0-0-0-0-0-0-0-0-0-0-0	0-0-0-0-0-0-0-0-0-0-0-0	0-0-0-0-0-0-0-0-0-0-0-0	0-0-0-0-0-0-0-0-0-0-0-0	0-0-0-0-0-0-0-0-0-0-0-0
769	1	1-1-2-1-1-1-1-1-1-1-1-1	1-0-0-1-0-1-1-0-0-1-0-1	3-2-2-2-1-2-2-1-0-0-0-0	2-3-2-0-1-2-0-4-0-0-0-4	0-4-2-0-2-0-2-1-0-1-1-1	1-1-0-1-1-1-0-0-0-0-0-2	0-0-0-1-0-4-0-0-0-1-6-2	1-0-0-0-0-2-0-0-0-1-3-0	1-2-2-0-2-0-2-2-0-1-1-2	0-0-1-0-6-0-0-2-1-2-6-0	1-0-1-0-1-1-2-0-0-1-0-1	1-1-1-3-0-1-0-1-1-1-1-1
769	2	2-2-1-1-2-2-2-4-2-2-2-2	3-3-0-3-0-2-1-3-3-2-3-3	0-1-1-1-3-1-3-1-0-3-3-3	3-1-1-3-4-3-0-2-3-0-3-0	5-1-1-5-1-2-3-3-1-4-4-1	3-0-4-2-1-4-3-2-6-0-0-1	4-4-0-1-3-0-3-3-2-2-2-3	1-4-4-3-4-1-2-4-2-1-7-3	2-1-1-3-4-3-1-3-2-2-2-2	3-3-0-3-3-4-0-1-3-1-0-4	4-4-1-2-8-2-1-2-0-3-3-2	0-3-1-1-4-2-3-1-4-2-0-2
769	3	3-3-3-3-3-3-3-3-3-3-2-3	2-4-4-2-5-4-1-2-2-3-2-2	1-1-4-2-2-4-4-5-0-4-4-2	2-4-4-2-2-2-4-1-4-4-4-1	2-1-3-2-3-2-4-2-4-3-2-5	2-3-5-4-4-2-4-2-3-3-3-3	2-2-3-1-2-0-4-4-3-3-2-2	6-2-2-2-2-1-4-4-2-3-1-2	4-1-2-2-5-2-8-2-5-3-2-3	2-2-6-2-2-2-0-6-2-4-1-3	4-3-6-3-4-0-3-4-7-2-2-3	0-2-1-1-0-2-2-3-0-6-3-3
769	4	3-3-4-5-3-4-4-4-4-4-4-5	5-3-3-2-5-3-5-6-5-5-5-5	4-5-5-5-5-5-5-5-5-5-3-3	5-5-6-5-2-5-5-5-3-3-5-1	2-5-5-4-5-4-5-5-3-4-5-5	5-5-2-3-3-2-3-5-6-0-0-5	2-2-3-3-5-6-3-3-3-3-4-5	3-2-2-5-2-6-3-5-6-4-5-6	6-4-5-2-2-4-6-5-6-4-2-4	5-6-3-7-5-2-3-3-5-5-5-2	5-2-5-3-3-6-5-6-5-5-3-4	0-2-5-5-5-2-2-6-5-2-5-2
769	5	5-6-5-5-5-5-6-5-5-4-5-4	4-6-5-2-3-6-4-4-4-4-4-4	1-4-4-4-2-4-4-7-6-4-6-5	4-4-3-4-2-4-6-4-6-6-6-1	2-4-4-2-4-5-6-4-5-2-4-4	4-4-6-3-5-2-6-4-5-5-0-5	2-2-3-1-4-5-3-4-5-5-5-4	6-2-2-4-2-4-6-4-4-5-4-4	4-1-4-4-3-2-4-4-7-4-2-3	4-4-5-8-4-2-0-3-4-4-4-2	4-6-4-3-8-4-4-4-4-4-6-4	0-2-4-4-4-4-2-4-4-5-4-7
769	6	6-8-8-7-6-6-6-6-6-6-6-7	4-5-5-7-7-5-7-7-7-4-7-7	7-7-7-6-7-5-7-7-7-7-5-7	7-6-4-6-7-7-5-6-7-5-7-1	8-4-8-6-4-7-7-7-5-6-7-7	8-8-7-6-6-6-7-6-5-5-0-7	7-6-5-1-6-6-3-8-5-7-7-6	3-7-8-7-7-4-8-7-4-4-7-4	4-1-4-6-7-7-4-5-3-7-7-8	4-4-3-5-7-7-6-3-4-4-1-7	4-5-7-3-4-4-4-4-4-6-5-5	0-6-6-1-4-4-6-4-7-7-7-7
769	7	6-8-6-6-6-8-8-6-8-6-6-6	4-5-5-6-6-8-6-6-6-4-6-6	6-6-6-6-6-7-6-5-6-6-7-6	6-7-7-6-6-6-8-6-6-7-6-1	6-4-6-6-7-6-6-7-7-7-6-6	8-6-6-8-7-8-6-6-7-7-3-6	8-7-5-8-8-7-7-6-7-6-6-6	5-6-2-6-6-8-3-6-7-4-6-4	7-8-7-6-6-7-7-7-5-6-6-7	7-6-7-4-7-6-6-8-8-7-7-6	5-7-6-6-5-8-4-7-5-7-7-7	8-8-7-7-7-7-7-4-6-6-6-6
769	8	8-7-6-6-8-7-7-8-6-6-6-8	4-5-8-6-8-7-6-6-8-8-4-6	8-7-8-6-8-8-7-7-7-8-6-8	6-8-7-8-8-8-7-8-8-8-6-1	6-8-6-8-8-8-7-8-8-8-6-6	7-6-8-8-8-8-8-8-8-8-8-8	7-8-8-7-7-8-8-6-8-8-7-8	8-6-6-8-8-7-6-6-2-4-6-4	4-7-8-6-6-8-8-7-8-3-6-6	6-4-8-8-8-6-8-7-7-8-8-8	6-8-3-8-5-7-4-4-8-7-8-7	7-7-1-0-4-8-8-8-8-8-7-8
770	0	0-0-0-0-0-0-0-0-0-0-0-0	0-0-0-0-0-0-0-0-0-0-0-0	0-0-0-0-0-0-0-0-0-0-0-0	0-0-0-0-0-0-0-0-0-0-0-0	0-0-0-0-0-0-0-0-0-0-0-0	0-0-0-0-0-0-0-0-0-0-0-0	0-0-0-0-0-0-0-0-0-0-0-0	0-0-0-0-0-0-0-0-0-0-0-0	0-0-0-0-0-0-0-0-0-0-0-0	0-0-0-0-0-0-0-0-0-0-0-0	0-0-0-0-0-0-0-0-0-0-0-0	0-0-0-0-0-0-0-0-0-0-0-0
770	1	1-1-1-1-1-1-1-0-1-1-1-1	2-0-0-1-0-1-1-2-2-0-2-2	2-1-1-0-1-2-2-2-0-0-0-1	1-2-2-1-1-0-0-4-0-0-0-3	0-3-7-0-2-0-2-1-0-1-0-1	1-3-0-1-0-1-0-1-0-0-0-0	0-0-0-3-0-4-0-0-0-0-1-0	1-0-0-0-0-2-0-0-0-1-3-0	1-2-2-0-2-0-2-2-0-0-1-2	0-1-1-0-0-0-0-0-1-2-3-0	3-0-1-0-1-1-3-2-3-1-0-1	1-1-1-1-1-1-0-1-1-1-1-1
770	2	2-2-2-2-2-2-2-2-1-1-2-2	1-0-0-2-0-1-1-1-1-2-3-3	1-1-3-2-3-3-1-1-1-4-3-2	3-1-1-2-3-3-0-7-3-0-2-1	4-1-2-3-1-2-3-3-2-2-3-3	3-4-3-4-0-4-3-4-0-0-0-4	3-4-4-1-3-1-2-3-4-2-3-3	2-3-2-3-3-1-3-8-2-1-0-0	2-1-3-3-4-3-1-3-1-2-3-3	3-3-0-3-3-4-3-4-3-1-1-2	1-2-2-2-3-4-1-1-1-2-3-1	1-2-2-1-1-2-3-1-2-2-2-3
770	3	3-4-3-3-3-3-3-3-3-3-3-4	1-4-4-2-3-4-1-4-4-3-2-2	1-1-2-2-2-2-4-2-4-2-4-4	2-3-1-2-2-2-4-2-4-4-2-1	2-1-1-2-2-4-4-2-3-3-2-2	2-2-4-1-6-2-4-3-3-3-3-3	2-2-3-1-2-3-4-2-4-6-2-2	3-4-2-4-2-4-7-4-2-4-1-4	0-1-2-2-3-2-1-2-5-3-2-2	2-2-3-7-2-2-2-3-2-2-1-2	1-3-3-3-7-2-1-7-1-2-2-3	1-2-1-1-3-2-2-1-2-4-6-2
770	4	3-3-5-5-4-3-4-5-4-4-5-5	4-3-3-5-5-3-5-3-5-4-5-4	6-5-5-5-2-3-3-6-3-2-3-3	5-4-5-5-2-5-3-2-3-3-3-6	2-7-1-4-5-3-3-5-3-5-4-5	5-2-3-4-6-2-3-2-3-3-0-2	3-2-2-1-5-4-3-5-3-3-6-2	4-3-6-3-2-3-4-2-6-4-4-7	6-6-5-2-2-4-4-5-3-4-3-4	6-6-1-0-6-2-3-2-5-7-6-2	6-2-4-4-6-6-6-6-6-3-2-5	0-2-4-3-6-6-2-6-6-6-3-2
770	5	6-5-6-4-6-6-6-6-6-6-6-8	6-6-5-4-7-6-4-6-6-6-4-6	5-6-6-7-8-6-6-7-6-6-6-6	6-4-6-6-2-4-7-7-6-7-5-4	7-6-5-7-4-5-6-5-6-6-7-8	5-6-6-5-4-6-5-5-5-5-0-5	8-6-5-5-6-5-8-4-5-7-8-5	5-2-6-5-5-5-6-7-4-5-6-5	5-4-6-6-7-7-6-8-7-6-2-5	4-5-6-5-4-2-6-5-4-6-4-2	4-7-4-8-6-8-4-5-6-5-6-5	6-6-7-8-4-7-7-7-5-4-5-8
770	6	5-5-5-4-5-5-5-5-5-5-5-5	5-5-5-4-5-5-7-7-5-5-4-5	4-7-7-5-7-5-7-5-5-5-5-5	7-4-5-5-7-7-5-5-5-5-7-4	7-4-8-5-5-6-7-7-5-5-5-7	5-5-7-6-4-5-7-6-5-3-0-7	5-5-5-1-5-6-5-7-5-5-7-6	5-7-4-7-7-5-3-7-4-4-7-4	4-4-5-6-5-5-4-5-5-5-7-5	4-4-5-7-7-5-5-5-4-5-4-2	4-5-4-5-5-5-4-4-5-6-5-6	5-5-5-7-4-4-5-4-7-4-7-5
770	7	5-8-5-8-5-5-5-5-5-5-5-6	5-5-5-4-5-5-6-6-5-5-8-5	4-6-6-5-6-5-6-5-5-5-7-5	6-7-7-5-6-6-5-5-5-5-6-4	6-4-1-5-7-6-6-6-7-5-5-6	8-5-6-6-7-4-6-6-7-7-0-6	8-5-5-1-8-7-5-6-7-5-6-6	7-6-5-6-6-8-3-5-8-4-6-4	7-4-7-7-5-5-7-7-5-5-6-5	8-7-7-6-6-6-5-5-8-4-7-2	3-5-5-5-8-5-4-3-6-7-5-7	5-8-5-7-7-5-5-5-6-4-6-5
770	8	8-7-5-5-5-7-5-8-5-5-5-5	5-5-8-4-8-5-7-8-8-8-7-8	4-8-8-5-8-5-7-5-5-8-5-8	8-8-5-8-8-8-5-8-5-8-8-4	5-4-8-8-8-8-7-8-8-8-6-5	7-8-6-6-8-4-8-8-8-8-8-8	7-8-8-8-7-8-5-8-8-8-5-6	8-6-2-8-8-4-8-2-7-5-5-5	7-7-8-8-2-8-4-5-5-5-6-0	7-4-8-8-8-5-8-5-7-8-4-8	4-5-5-5-7-5-4-4-5-7-8-8	5-5-5-5-5-8-8-5-8-8-3-5
771	0	0-0-0-0-0-0-0-0-0-0-0-0	0-0-0-0-0-0-0-0-0-0-0-0	0-0-0-0-0-0-0-0-0-0-0-0	0-0-0-0-0-0-0-0-0-0-0-0	0-0-0-0-0-0-0-0-0-0-0-0	0-0-0-0-0-0-0-0-0-0-0-0	0-0-0-0-0-0-0-0-0-0-0-0	0-0-0-0-0-0-0-0-0-0-0-0	0-0-0-0-0-0-0-0-0-0-0-0	0-0-0-0-0-0-0-0-0-0-0-0	0-0-0-0-0-0-0-0-0-0-0-0	0-0-0-0-0-0-0-0-0-0-0-0
771	1	1-1-1-2-1-1-1-2-1-1-2-1	2-2-1-0-2-2-3-2-1-1-2-2	1-2-2-2-2-2-2-2-2-2-2-2	2-1-2-2-1-2-2-3-1-2-2-1	6-0-1-0-2-1-2-1-2-2-3-1	2-2-2-5-2-2-2-2-2-1-6-2	1-1-1-1-1-4-0-2-1-2-6-1	1-1-1-0-1-2-1-2-1-1-0-1	6-0-2-0-2-4-2-2-2-0-1-2	1-1-1-0-6-1-2-1-2-2-2-1	1-9-6-2-2-2-1-1-9-1-6-1	3-1-1-1-3-1-2-2-6-6-1-1
771	2	1-1-1-1-1-1-1-1-1-1-1-1	1-1-1-3-1-1-1-1-1-1-3-1	0-3-1-1-1-1-3-1-1-4-1-3	4-0-1-4-4-4-1-4-3-1-2-1	1-0-4-3-1-3-3-3-1-1-1-4	1-1-3-1-1-1-3-4-1-1-0-4	4-1-1-0-3-1-2-3-1-1-4-3	1-7-1-3-3-1-2-9-4-1-0-0	5-0-3-4-5-1-1-3-1-2-3-1	8-3-1-0-3-2-3-1-3-1-1-4	8-2-0-1-1-1-0-0-1-2-3-4	1-3-2-4-1-1-3-1-2-2-2-5
771	3	1-3-1-1-1-1-1-3-1-1-1-1	1-4-4-2-1-1-1-4-1-1-2-2	1-2-1-1-1-2-4-5-1-2-4-2	2-3-4-1-2-2-1-1-4-4-4-1	3-0-2-2-1-2-4-2-3-1-1-2	1-2-2-1-3-1-4-3-1-3-3-3	2-1-1-1-2-3-4-2-1-6-0-2	4-2-4-4-2-1-3-1-2-5-0-1	1-0-4-2-3-1-4-2-1-3-2-4	1-2-3-7-2-2-2-1-4-1-5-2	4-2-1-1-9-1-0-5-5-4-2-4	1-2-2-1-1-1-2-0-8-1-1-1
771	4	4-4-1-4-4-3-1-4-1-1-1-1	1-5-3-2-5-1-1-3-7-1-2-5	5-4-6-1-2-2-5-6-5-5-5-5	2-5-5-2-2-2-4-2-5-6-5-0	4-0-2-6-2-3-5-4-5-2-1-2	5-5-6-1-7-2-5-2-1-4-8-2	2-5-5-5-2-1-3-5-4-3-2-2	3-5-3-3-2-1-8-2-2-5-5-1	4-0-5-2-6-5-5-2-7-4-3-3	1-2-6-7-5-2-5-4-3-1-5-2	3-6-4-6-5-1-0-8-1-3-8-2	3-2-2-5-1-1-3-0-1-4-4-6
771	5	6-5-6-6-4-6-1-5-1-5-6-9	6-4-4-2-1-6-6-4-6-6-6-7	4-6-8-7-5-7-6-7-7-4-4-6	6-7-7-6-6-6-6-6-4-4-4-6	2-7-6-7-7-3-6-6-4-6-6-6	6-6-4-6-5-8-6-2-1-4-4-6	4-4-4-6-6-7-4-6-4-1-0-2	3-4-7-6-2-1-3-6-6-7-6-9	2-0-4-6-2-4-6-4-4-6-2-4	9-2-5-4-4-2-6-4-6-7-4-2	3-2-4-1-4-6-8-3-8-4-2-2	5-4-6-4-6-1-2-9-3-5-2-2
771	6	5-6-5-5-6-5-6-9-1-5-5-5	5-7-7-5-6-5-5-8-5-6-5-5	5-5-7-1-2-8-7-8-5-5-7-6	5-5-5-5-5-5-7-5-7-4-7-5	1-0-5-4-5-7-5-5-4-5-5-5	5-5-4-5-5-2-7-7-6-6-4-7	7-7-6-5-5-5-7-7-6-9-1-4	7-2-1-5-2-1-6-5-5-6-5-1	1-1-5-5-4-5-5-2-1-6-2-3	5-5-6-6-1-5-5-4-5-5-1-2	1-4-1-4-1-5-5-1-5-5-1-2	1-5-5-5-5-1-2-1-1-1-1-4
771	7	7-6-9-7-6-8-7-7-7-7-7-7	5-6-6-8-8-1-8-8-5-6-5-8	7-8-8-8-8-5-6-8-5-8-6-8	8-5-5-7-8-8-6-8-6-8-8-5	8-5-7-5-5-8-8-8-7-7-5-8	7-5-8-7-5-5-8-8-6-7-4-8	8-6-6-5-5-7-4-8-6-6-8-5	6-8-5-8-8-1-3-9-5-5-7-0	9-0-9-8-8-7-5-8-4-4-8-3	5-7-7-4-8-2-8-4-5-5-8-8	8-7-5-6-8-5-5-3-5-8-8-7	7-8-7-7-5-8-1-5-7-7-9-6
771	8	7-9-7-7-7-9-9-7-9-7-7-9	9-6-6-7-7-9-7-7-9-6-7-7	9-7-7-7-7-6-7-7-7-7-7-7	7-8-8-7-7-7-9-7-7-7-7-9	7-5-7-7-8-7-9-7-8-8-5-7	9-7-7-9-8-5-7-7-8-8-4-7	7-9-4-5-8-8-6-9-8-8-7-2	8-7-7-7-7-1-4-8-2-5-5-0	7-8-8-7-7-7-5-7-4-4-7-3	2-8-4-8-7-2-7-9-9-5-7-7	7-8-9-8-7-1-5-5-5-7-7-8	1-9-9-5-7-4-1-1-7-7-2-6
771	9	9-8-7-7-9-8-8-9-8-7-7-8	8-9-9-7-9-9-8-9-9-9-7-8	9-9-9-7-9-9-9-7-9-9-8-9	8-9-9-9-9-9-8-9-8-9-9-8	7-5-9-9-9-9-8-9-9-9-2-9	8-9-9-8-9-9-9-9-9-9-9-8	8-9-9-5-8-9-9-8-9-9-9-7	9-7-9-8-9-9-7-7-2-5-5-5	7-9-9-9-2-9-9-7-4-3-7-7	5-9-9-9-9-2-9-3-7-9-1-9	1-1-9-9-3-5-5-1-1-9-9-9	9-8-5-1-7-9-9-9-9-9-7-9
772	0	0-0-0-0-0-0-0-0-0-0-0-0	0-0-0-0-0-0-0-0-0-0-0-0	0-0-0-0-0-0-0-0-0-0-0-0	0-0-0-0-0-0-0-0-0-0-0-0	0-0-0-0-0-0-0-0-0-0-0-0	0-0-0-0-0-0-0-0-0-0-0-0	0-0-0-0-0-0-0-0-0-0-0-0	0-0-0-0-0-0-0-0-0-0-0-0	0-0-0-0-0-0-0-0-0-0-0-0	0-0-0-0-0-0-0-0-0-0-0-0	0-0-0-0-0-0-0-0-0-0-0-0	0-0-0-0-0-0-0-0-0-0-0-0
772	1	1-1-1-1-1-1-1-1-1-1-1-1	1-0-0-0-0-1-1-0-1-1-0-1	4-2-0-0-0-2-0-1-0-0-0-0	2-0-2-0-1-1-0-0-0-0-1-1	0-1-1-0-3-0-2-2-0-1-0-0	0-3-0-1-2-0-0-0-0-0-0-2	2-0-0-3-0-4-0-0-0-1-0-0	1-0-0-0-0-2-0-0-1-2-2-0	1-4-2-0-0-0-2-2-0-1-0-0	1-1-0-2-0-0-0-0-2-2-1-0	0-0-1-0-0-1-1-2-4-1-0-1	1-0-1-1-1-1-1-2-1-1-1-0
772	2	2-1-3-2-2-2-2-2-2-2-2-2	2-2-0-3-0-1-3-3-3-3-3-3	1-3-4-3-4-1-3-1-3-3-3-3	4-3-3-3-4-4-3-7-3-0-2-2	2-1-2-7-1-3-3-3-0-2-4-3	3-8-3-2-1-4-3-4-0-2-0-4	1-4-0-1-3-1-8-3-0-2-2-3	2-4-7-3-2-1-0-8-3-1-1-0	1-1-3-2-8-0-1-1-0-2-2-2	3-2-0-1-3-4-3-0-3-1-2-2	2-0-7-0-8-2-4-1-0-2-3-1	1-3-1-1-4-2-3-1-7-2-2-2
772	3	3-3-2-3-3-3-3-3-3-2-3-3	2-4-3-2-3-4-2-4-2-2-2-4	1-2-2-2-4-1-4-3-2-5-4-2	2-4-2-2-2-2-3-2-4-0-4-2	2-1-1-3-5-4-4-2-4-6-6-2	2-1-4-2-3-2-4-2-3-3-0-2	5-2-3-1-2-3-7-2-3-4-2-2	3-2-2-4-2-1-3-3-2-3-6-3	1-1-2-2-3-0-1-2-4-3-2-3	2-4-4-2-2-2-2-3-4-3-4-2	2-4-3-3-4-5-1-3-1-2-2-3	4-2-1-3-2-3-2-1-3-2-3-6
772	4	4-4-4-4-4-3-3-4-4-4-3-2	2-6-3-2-7-4-2-3-2-2-2-5	1-5-2-2-5-5-3-6-5-5-3-5	2-5-7-2-2-2-4-2-6-5-5-2	2-1-2-6-5-3-3-4-5-5-2-5	2-5-3-2-4-2-6-2-4-4-5-5	1-2-5-5-2-1-6-3-5-3-5-5	6-2-2-3-2-1-7-2-5-4-5-4	6-1-5-2-4-0-4-5-7-3-3-3	6-3-4-5-5-5-5-6-3-3-6-2	7-3-3-6-5-5-2-6-1-2-2-4	7-5-1-6-2-3-2-5-2-1-3-3
772	5	6-5-6-5-6-6-6-6-6-7-5-5	5-4-4-2-7-6-5-5-6-6-6-6	5-6-6-7-5-6-5-5-7-6-5-5	6-6-6-5-5-5-6-5-5-5-4-5	5-7-4-5-6-4-6-6-4-5-5-5	5-4-4-5-7-7-4-6-4-4-4-6	8-5-5-4-6-5-5-6-4-5-6-4	5-5-2-4-5-6-5-6-5-6-5-6	5-6-4-4-2-5-4-6-8-5-8-5	5-6-4-4-3-4-6-5-6-6-6-4	6-5-5-8-6-6-5-5-6-5-4-5	6-4-5-7-6-4-5-6-5-6-2-5
772	6	5-5-8-7-5-5-5-5-5-8-5-5	5-4-4-6-5-5-5-7-5-5-5-5	6-7-5-5-7-5-7-4-5-5-5-7	5-5-5-7-7-7-5-2-7-4-7-5	7-5-1-4-5-7-7-7-4-8-7-7	6-5-7-5-4-5-4-5-4-4-0-5	5-2-5-8-5-5-4-7-5-3-7-5	4-7-2-7-7-5-8-7-5-5-7-5	5-5-6-7-7-5-5-5-4-6-7-2	7-5-4-5-7-5-7-7-5-5-4-6	5-6-5-4-5-5-5-4-5-5-5-6	5-4-6-7-7-3-6-5-2-6-7-3
772	7	5-8-6-6-7-8-5-5-8-5-5-5	5-4-4-6-5-5-5-6-5-5-5-5	8-6-5-5-6-7-6-5-5-5-7-6	6-7-7-6-6-6-5-2-6-7-6-6	6-5-1-2-7-6-6-6-7-7-6-6	8-7-6-5-5-8-7-7-7-7-0-7	8-2-4-7-4-7-3-6-7-3-6-5	7-6-2-6-6-5-4-6-8-5-6-5	7-7-7-6-6-0-7-7-4-4-6-2	7-6-7-4-6-4-6-6-5-7-6-2	4-7-2-0-4-7-7-4-7-7-7-7	4-4-6-7-6-4-6-1-2-6-6-2
772	8	8-5-6-6-8-7-5-8-7-6-5-5	5-4-8-6-8-5-5-8-5-8-6-5	8-8-8-2-8-8-7-8-7-8-5-8	8-8-7-8-8-8-7-8-8-8-8-5	6-5-8-8-8-8-7-8-8-8-6-8	7-8-7-7-8-7-8-8-8-8-8-8	7-8-8-6-6-8-8-8-8-8-5-8	8-8-2-7-8-7-6-2-7-5-5-5	7-7-7-8-6-6-8-7-8-3-5-2	7-8-8-8-8-6-6-5-7-8-6-8	6-8-4-8-2-7-7-4-5-7-8-7	5-4-1-4-7-8-8-5-8-8-2-8
773	0	0-0-0-0-0-0-0-0-0-0-0-0	0-0-0-0-0-0-0-0-0-0-0-0	0-0-0-0-0-0-0-0-0-0-0-0	0-0-0-0-0-0-0-0-0-0-0-0	0-0-0-0-0-0-0-0-0-0-0-0	0-0-0-0-0-0-0-0-0-0-0-0	0-0-0-0-0-0-0-0-0-0-0-0	0-0-0-0-0-0-0-0-0-0-0-0	0-0-0-0-0-0-0-0-0-0-0-0	0-0-0-0-0-0-0-0-0-0-0-0	0-0-0-0-0-0-0-0-0-0-0-0	0-0-0-0-0-0-0-0-0-0-0-0
773	1	1-1-2-1-1-1-1-1-1-1-1-1	1-0-0-1-0-1-1-1-2-2-2-2	4-2-2-1-1-1-2-2-0-0-1-1	2-2-2-2-1-2-0-1-0-0-2-4	0-2-1-4-2-0-2-2-0-1-0-1	1-3-0-2-3-2-0-0-0-0-0-2	0-0-1-1-2-1-0-2-0-0-3-0	2-0-3-0-0-2-1-0-0-2-2-3	2-3-2-2-2-1-2-2-2-1-2-0	3-2-1-2-0-0-0-0-1-2-2-2	3-0-4-2-3-3-3-3-2-1-2-1	4-1-1-0-3-0-0-3-3-3-1-1
773	2	1-1-1-1-1-2-1-1-1-1-1-1	3-1-0-3-0-1-1-3-1-1-3-1	0-3-1-1-3-1-1-1-1-3-2-3	3-1-1-4-3-3-1-4-0-1-3-1	3-1-2-1-1-3-3-3-0-7-4-1	3-1-1-1-1-1-3-3-0-0-0-3	4-3-0-0-3-4-2-1-0-2-1-3	1-3-6-3-3-1-3-3-4-1-1-1	3-1-3-3-4-3-1-1-1-3-4-2	1-4-0-3-3-2-0-4-3-1-1-3	1-4-1-1-1-2-1-1-1-2-3-1	1-3-2-4-1-4-3-1-4-4-1-2
773	3	3-4-1-3-4-3-3-3-3-1-4-1	2-4-4-2-0-1-1-4-1-1-2-4	1-2-1-1-2-4-4-7-4-5-4-2	2-1-5-2-2-2-6-2-4-4-4-1	2-1-2-3-2-2-4-2-4-3-2-1	2-1-4-4-6-1-4-2-4-3-6-2	2-7-3-1-2-3-7-2-0-4-1-2	1-2-1-2-2-1-6-2-2-5-1-1	2-1-2-2-3-2-1-4-7-3-2-3	1-2-0-6-2-2-2-0-2-1-1-2	1-2-0-3-1-1-1-1-2-2-2-3	1-2-1-2-1-2-2-1-1-5-3-6
773	4	3-3-4-4-3-3-4-4-4-4-3-4	4-3-3-2-0-3-5-3-1-5-5-3	6-5-1-7-5-3-3-4-5-4-3-4	5-4-6-2-2-2-7-2-3-3-3-1	2-5-1-4-5-2-3-4-5-1-2-7	2-5-3-3-3-2-3-3-3-3-2-5	2-3-3-1-5-4-3-5-0-3-2-5	1-2-5-3-2-6-3-3-2-4-5-6	5-4-5-2-2-4-7-3-3-4-2-5	5-7-5-5-5-2-0-2-5-5-5-2	2-2-5-5-5-5-6-7-1-2-5-3	1-2-4-2-7-2-2-6-2-2-1-2
773	5	6-5-6-6-6-6-7-6-7-6-7-7	4-3-3-6-6-6-4-6-7-6-6-6	5-6-6-6-6-7-6-6-6-3-4-5	6-4-4-6-6-6-6-6-6-4-6-5	6-4-6-6-4-6-6-6-4-6-6-6	5-5-6-5-3-6-6-6-6-5-3-4	7-6-5-7-7-5-3-5-5-3-6-3	5-6-4-6-6-7-7-6-2-6-6-4	7-4-4-6-6-6-1-6-4-6-6-4	7-6-5-4-6-4-6-5-4-4-6-6	6-7-4-4-4-4-4-1-6-2-5-3	1-6-5-6-1-2-5-4-4-6-6-2
773	6	5-7-5-5-5-5-5-5-5-5-5-5	5-3-3-5-5-5-5-5-5-5-5-5	5-5-5-5-5-5-5-5-5-5-6-5	5-6-6-5-5-5-3-5-5-6-5-1	5-4-5-5-6-5-5-5-4-5-5-5	7-7-5-5-3-5-5-5-6-6-3-6	7-5-0-7-7-3-3-5-0-5-5-3	6-5-2-5-5-4-3-5-7-5-5-4	6-6-6-5-5-5-6-5-3-5-5-4	6-5-6-3-6-3-5-7-4-4-5-5	5-6-6-0-5-4-4-3-5-6-6-6	1-7-5-6-6-2-5-4-6-5-5-3
773	7	7-6-5-5-7-6-5-7-5-5-5-5	5-7-7-5-7-5-6-7-5-7-5-5	7-7-5-5-7-5-5-5-6-7-5-7	5-7-7-7-7-5-4-7-3-7-7-1	5-1-7-7-7-7-6-7-7-7-5-5	6-7-6-6-7-1-7-7-7-7-7-7	6-7-7-6-5-7-3-7-7-7-5-5	7-7-7-7-7-5-5-2-6-5-5-5	5-6-6-6-5-7-7-6-7-4-5-5	6-4-7-7-7-2-5-6-6-7-5-7	5-7-7-1-5-6-4-4-5-6-7-7	1-6-6-2-4-7-3-4-7-7-3-7
774	0	0-0-0-0-0-0-0-0-0-0-0-0	0-0-0-0-0-0-0-0-0-0-0-0	0-0-0-0-0-0-0-0-0-0-0-0	0-0-0-0-0-0-0-0-0-0-0-0	0-0-0-0-0-0-0-0-0-0-0-0	0-0-0-0-0-0-0-0-0-0-0-0	0-0-0-0-0-0-0-0-0-0-0-0	0-0-0-0-0-0-0-0-0-0-0-0	0-0-0-0-0-0-0-0-0-0-0-0	0-0-0-0-0-0-0-0-0-0-0-0	0-0-0-0-0-0-0-0-0-0-0-0	0-0-0-0-0-0-0-0-0-0-0-0
774	1	1-1-1-1-1-1-1-1-1-1-1-1	1-2-1-0-0-2-0-2-0-1-0-2	1-0-0-0-0-0-2-3-0-2-2-0	0-0-2-0-0-0-2-0-2-2-2-1	0-0-0-0-0-2-2-0-1-0-1-0	4-0-0-0-0-0-2-0-2-1-4-0	0-1-1-0-0-1-0-3-1-1-3-1	1-1-0-2-1-0-4-2-0-1-0-0	4-0-0-0-1-1-0-2-2-1-1-0	0-0-4-0-1-0-4-1-0-0-0-0	4-1-0-4-1-0-2-0-0-0-0-1	0-1-0-4-0-1-0-0-0-1-0-1
774	2	2-2-2-2-1-2-2-2-2-2-2-2	2-1-1-4-2-2-0-1-3-2-3-3	1-4-0-5-3-5-3-3-3-3-1-2	3-0-3-2-3-3-1-2-3-1-1-0	2-0-2-3-0-1-3-3-3-2-7-2	3-4-3-0-2-3-3-3-1-2-1-3	3-4-1-0-3-0-3-1-4-1-1-3	2-2-3-3-4-3-2-7-4-1-0-0	2-0-3-3-4-3-0-3-1-2-4-4	0-3-1-0-3-2-1-4-3-0-3-2	0-2-0-1-0-3-1-2-4-2-2-1	0-3-2-1-4-2-4-0-2-2-3-4
774	3	3-5-4-3-3-3-3-3-3-3-3-4	2-5-4-2-3-4-2-4-4-4-2-4	1-2-5-2-2-2-4-4-2-2-4-2	2-3-2-2-2-2-5-2-2-5-3-0	2-0-2-2-0-3-4-2-2-3-0-2	2-2-5-0-3-2-4-2-3-3-6-5	6-2-1-0-2-3-4-1-3-4-1-2	3-4-2-2-3-2-5-0-2-3-3-0	3-0-2-2-3-6-0-2-6-7-3-3	0-2-3-4-2-2-5-3-2-4-7-2	1-2-0-6-0-2-1-0-0-2-2-1	0-2-2-0-0-4-2-0-2-2-2-1
774	4	4-3-5-6-4-3-4-6-4-5-4-6	4-3-3-2-5-5-4-3-5-4-5-5	6-5-5-2-4-2-3-5-5-5-3-4	5-4-5-5-2-4-5-2-3-3-2-5	3-7-4-2-5-3-5-4-5-3-6-7	1-2-3-4-4-2-3-2-1-3-1-4	7-2-3-5-2-4-3-0-2-4-1-2	3-3-5-3-2-5-3-4-2-4-5-5	5-5-5-2-2-5-7-2-7-4-2-6	5-5-1-3-5-2-5-3-5-5-5-2	5-2-4-1-5-5-5-5-5-2-2-4	0-2-4-1-5-5-2-7-7-5-2-2
774	5	5-7-5-7-5-3-5-6-6-4-5-5	5-3-3-6-6-4-4-6-4-4-4-4	5-6-3-2-6-2-6-6-4-6-4-6	6-3-4-6-6-6-3-6-6-3-6-4	6-4-7-6-4-5-6-5-4-5-6-6	5-5-6-5-5-4-6-5-1-3-3-3	6-6-3-4-4-5-4-7-3-5-6-5	5-6-6-6-6-4-3-6-6-4-6-4	4-4-4-6-7-4-0-6-1-4-6-3	4-6-1-6-4-6-6-3-4-4-4-2	4-2-0-3-4-4-4-6-4-6-5-5	7-2-5-6-4-4-6-4-6-4-6-6
774	6	5-7-5-4-6-7-7-5-5-6-5-7	5-3-3-5-5-4-4-5-7-6-5-4	4-5-3-5-5-6-5-7-7-5-6-5	5-6-6-5-5-5-7-5-5-3-5-4	5-4-5-5-6-5-5-5-6-6-4-5	5-6-5-6-6-7-5-5-6-6-3-6	5-5-1-6-7-6-5-0-6-3-5-5	6-5-5-5-5-7-3-5-5-4-5-4	6-6-6-5-5-3-6-5-4-4-5-4	7-5-6-5-5-5-5-6-7-6-5-2	5-6-6-3-4-7-6-5-5-5-6-6	6-7-6-5-5-6-5-4-5-2-5-5
774	7	7-5-5-5-7-7-6-7-6-4-6-6	5-7-7-5-7-7-5-5-6-7-5-5	7-6-7-6-7-6-6-6-6-7-6-7	5-7-7-7-7-7-6-7-7-7-5-4	5-4-5-7-6-7-6-7-7-7-2-5	5-7-7-7-7-6-7-7-7-7-7-7	4-7-7-7-6-7-3-7-7-5-6-5	7-7-5-7-7-6-5-5-2-4-4-4	6-7-7-7-5-7-7-6-7-3-5-3	6-4-7-7-7-2-7-6-6-7-4-7	4-7-6-7-4-6-4-4-4-6-7-7	7-6-6-1-6-7-7-4-7-7-5-7
775	0	0-0-0-0-0-0-0-0-0-0-0-0	0-0-0-0-0-0-0-0-0-0-0-0	0-0-0-0-0-0-0-0-0-0-0-0	0-0-0-0-0-0-0-0-0-0-0-0	0-0-0-0-0-0-0-0-0-0-0-0	0-0-0-0-0-0-0-0-0-0-0-0	0-0-0-0-0-0-0-0-0-0-0-0	0-0-0-0-0-0-0-0-0-0-0-0	0-0-0-0-0-0-0-0-0-0-0-0	0-0-0-0-0-0-0-0-0-0-0-0	0-0-0-0-0-0-0-0-0-0-0-0	0-0-0-0-0-0-0-0-0-0-0-0
775	1	1-1-1-1-1-1-1-1-1-1-1-1	0-0-0-2-0-0-2-2-0-1-0-2	0-2-0-5-2-2-2-3-0-2-1-2	3-0-0-3-3-3-0-1-2-0-1-0	1-0-0-2-0-1-2-2-1-3-3-3	1-0-2-0-0-3-2-1-1-1-0-2	2-3-1-0-2-1-2-2-1-1-0-2	1-1-2-2-2-1-1-7-1-0-0-2	0-0-0-3-4-0-0-2-2-1-1-1	4-3-0-0-2-1-0-1-2-0-0-4	0-4-0-1-0-1-0-0-0-1-1-1	0-2-2-0-0-2-4-0-0-0-1-1
775	2	2-2-2-2-2-2-2-2-2-2-2-2	1-4-2-1-3-2-1-3-3-2-1-1	2-1-1-1-1-1-3-5-1-1-3-1	1-0-3-1-1-1-4-2-3-2-3-0	2-0-0-1-1-1-3-1-3-5-1-1	1-0-3-0-2-1-3-1-2-2-2-2	1-1-2-3-1-2-1-1-2-3-0-1	2-2-1-3-1-0-5-0-1-2-3-1	0-0-3-1-2-0-3-1-3-2-3-3	0-1-2-3-1-1-3-2-3-2-3-1	3-1-3-2-4-0-0-3-0-1-1-2	3-1-1-2-3-1-1-0-0-4-3-2
775	3	3-3-3-3-3-3-3-3-3-3-3-2	1-5-4-1-2-3-1-4-4-2-0-4	3-1-3-1-1-1-4-5-4-1-4-5	1-4-4-1-1-1-4-1-4-5-2-0	1-0-6-4-3-2-4-3-4-1-1-3	1-4-2-0-3-1-4-1-3-3-4-2	2-1-3-2-1-2-4-4-3-2-4-4	3-2-2-2-3-0-4-3-1-3-2-1	3-0-2-1-3-4-2-4-2-5-2-2	0-1-3-4-4-1-4-4-2-3-4-1	2-1-2-4-6-1-0-3-0-1-1-1	2-1-1-3-2-1-2-0-0-2-2-1
775	4	3-4-6-5-2-3-3-3-4-4-4-4	4-3-3-1-2-2-5-5-3-4-4-5	4-5-5-6-1-6-3-5-3-1-3-4	5-5-3-1-1-1-3-1-3-3-3-5	1-4-5-3-5-2-5-4-3-0-5-3	3-5-2-7-4-1-3-1-2-2-3-5	2-1-3-4-5-6-3-3-3-1-3-3	2-1-1-2-1-5-3-1-5-4-4-7	4-7-5-1-1-3-4-3-5-4-1-4	5-3-5-5-3-5-5-3-5-5-3-1	4-1-4-3-7-5-0-4-5-4-5-4	4-4-4-4-4-4-1-4-6-2-2-1
775	5	6-6-7-7-5-3-5-4-5-5-5-5	5-3-3-6-5-6-4-6-4-4-6-6	4-6-4-1-6-7-6-6-6-6-4-6	6-4-4-6-6-6-7-5-6-6-6-4	5-4-4-6-4-5-6-6-5-5-6-6	6-5-6-5-3-1-6-5-3-5-2-6	1-5-3-4-6-5-5-7-3-6-6-5	5-6-6-6-6-4-3-6-4-4-6-0	5-0-4-6-6-5-4-5-4-6-6-4	4-6-4-4-0-4-4-5-4-4-6-1	6-1-0-3-4-4-0-6-4-4-4-6	4-7-4-4-4-6-6-0-0-3-7-6
775	6	5-7-5-6-5-7-7-7-7-6-5-7	7-3-3-5-5-5-4-5-7-4-5-5	7-5-7-7-5-4-5-5-5-5-6-5	5-6-7-5-5-5-7-5-5-5-5-7	5-7-5-5-6-5-7-5-6-6-5-5	7-7-5-6-4-1-5-5-6-6-3-6	7-5-3-6-5-4-5-7-6-6-5-7	6-5-5-5-5-6-3-5-1-4-5-6	6-6-4-5-5-5-6-6-4-5-5-4	7-5-6-5-1-5-5-4-6-6-5-1	3-6-7-6-3-4-7-4-4-4-2-6	4-7-6-4-6-6-5-4-4-4-5-5
775	7	7-6-5-5-7-6-6-7-6-5-7-6	6-7-7-5-7-7-5-5-6-7-5-5	7-7-7-6-7-5-7-6-7-7-6-7	7-7-7-7-7-7-6-7-3-7-7-6	5-6-7-7-6-7-6-7-7-7-5-7	7-7-7-7-7-7-7-7-7-7-7-7	6-7-7-7-5-7-2-7-7-7-7-5	7-7-7-7-7-6-7-1-1-4-5-7	6-4-7-7-5-7-7-4-3-5-1-5	4-7-7-7-7-5-7-3-7-7-3-7	3-4-6-6-4-4-6-4-6-7-7-7	7-6-4-3-6-7-7-7-7-7-5-7
776	0	0-0-0-0-0-0-0-0-0-0-0-0	0-0-0-0-0-0-0-0-0-0-0-0	0-0-0-0-0-0-0-0-0-0-0-0	0-0-0-0-0-0-0-0-0-0-0-0	0-0-0-0-0-0-0-0-0-0-0-0	0-0-0-0-0-0-0-0-0-0-0-0	0-0-0-0-0-0-0-0-0-0-0-0	0-0-0-0-0-0-0-0-0-0-0-0	0-0-0-0-0-0-0-0-0-0-0-0	0-0-0-0-0-0-0-0-0-0-0-0	0-0-0-0-0-0-0-0-0-0-0-0	0-0-0-0-0-0-0-0-0-0-0-0
776	1	1-1-1-1-1-1-1-1-1-1-1-1	2-1-2-1-0-0-1-0-2-1-0-2	3-2-2-1-0-2-0-2-0-0-1-0	2-2-0-0-0-2-0-4-0-0-1-3	0-1-1-0-2-0-2-2-0-1-0-0	1-0-0-0-1-2-0-0-1-0-0-1	1-0-0-1-2-1-0-0-0-1-1-2	1-0-0-0-1-2-0-0-1-1-1-1	0-2-2-0-0-0-2-2-1-1-1-2	1-1-0-2-2-1-0-0-1-2-1-0	0-0-1-0-0-1-3-3-0-1-0-2	1-1-1-2-0-1-0-2-1-1-1-0
776	2	2-2-2-2-2-2-2-2-2-2-2-2	1-1-1-3-0-2-1-3-1-2-3-3	1-1-1-4-0-1-3-1-0-3-3-3	3-1-1-3-3-3-0-3-3-0-2-2	4-1-2-3-1-2-3-3-2-1-0-3	2-3-3-2-2-4-3-2-0-2-0-3	3-4-6-1-3-2-0-3-2-2-2-3	1-4-4-3-2-1-0-4-2-1-4-3	2-1-1-3-4-0-1-4-5-2-2-1	3-4-0-3-3-2-0-0-3-1-3-4	3-4-0-3-0-2-1-2-2-2-3-1	0-3-2-1-2-2-3-1-2-2-2-2
776	3	3-4-2-3-2-3-3-3-3-3-3-4	2-4-3-2-3-4-2-4-4-4-2-2	1-2-1-3-4-2-4-4-0-2-4-2	2-3-3-2-2-2-7-2-4-4-4-1	2-3-1-2-1-2-4-2-3-0-5-2	4-2-4-0-3-2-4-3-3-3-6-3	2-2-3-4-2-3-4-2-3-3-2-2	3-2-2-4-2-4-4-5-2-4-0-2	3-1-1-2-3-0-4-2-4-3-2-3	2-2-3-2-2-2-5-3-2-3-2-2	7-2-4-2-8-2-1-3-2-2-2-3	4-2-2-1-2-2-2-1-2-2-2-7
776	4	4-3-4-5-4-3-4-4-4-4-4-5	4-3-3-2-4-3-5-5-5-3-5-4	4-5-5-2-4-5-3-3-0-4-3-4	4-4-5-5-2-5-4-1-3-3-3-1	2-5-1-4-6-3-3-4-4-0-4-0	3-2-3-4-6-2-3-4-4-3-3-2	2-2-3-3-4-4-3-5-4-2-2-3	3-2-6-3-2-3-3-2-2-4-5-4	4-4-5-2-2-4-3-2-3-4-2-3	5-8-4-6-2-2-3-3-6-6-5-2	6-2-3-5-5-5-4-6-6-4-4-4	5-2-4-3-5-4-2-4-2-4-2-2
776	5	5-5-6-4-6-6-5-6-6-6-6-8	6-6-5-2-6-6-6-5-6-6-4-6	5-6-6-7-6-6-4-7-6-6-6-5	5-4-6-7-6-4-6-5-6-5-5-5	7-7-6-6-5-5-6-5-6-5-7-5	5-6-3-5-4-6-6-6-5-5-3-5	6-6-5-5-6-5-6-5-5-7-8-5	5-2-4-5-6-5-6-5-6-5-4-5	5-8-6-5-6-6-4-5-7-5-2-5	5-5-5-6-4-5-6-5-4-5-4-6	4-8-5-4-4-8-4-4-8-5-7-6	5-5-5-5-4-7-7-4-2-4-5-8
776	6	7-6-8-7-5-5-5-7-8-5-7-7	5-5-5-7-7-5-7-7-5-5-7-7	6-7-7-5-7-5-7-5-5-5-5-6	7-4-5-6-7-7-5-7-5-5-7-6	7-5-7-7-4-7-7-7-5-5-6-7	6-8-7-6-4-5-5-5-5-6-3-7	5-5-5-5-7-6-5-6-5-7-7-7	5-7-4-7-7-5-8-7-7-4-7-4	8-5-5-7-7-5-4-7-5-6-7-8	8-7-5-5-7-5-7-5-4-4-7-7	4-5-5-5-5-5-4-4-4-5-5-5	5-6-6-5-7-4-5-4-7-5-7-5
776	7	6-6-6-6-5-5-5-6-6-6-6-6	5-5-5-6-6-5-6-6-6-5-6-6	6-6-6-5-6-7-6-5-6-5-7-6	6-7-7-5-6-6-5-6-6-5-6-6	6-5-6-6-7-6-6-6-7-7-6-6	6-6-6-6-7-5-6-5-7-7-3-7	5-5-5-8-6-7-7-6-7-6-6-6	7-6-4-6-6-5-3-6-8-4-6-4	7-8-7-6-6-5-7-6-5-6-6-6	8-6-7-5-6-5-6-5-4-5-6-6	5-5-6-0-8-6-4-4-5-7-5-7	5-6-5-7-6-5-5-4-6-4-6-5
776	8	8-6-6-6-8-5-5-8-6-6-6-5	5-8-8-6-8-5-6-6-6-8-6-6	8-8-6-5-8-5-7-5-6-8-5-8	7-8-8-8-8-6-7-6-8-8-8-6	6-5-6-8-8-8-7-8-8-8-6-6	5-6-8-6-8-7-8-8-8-8-8-8	5-8-8-7-7-8-8-8-8-8-5-6	8-6-2-6-8-5-6-6-7-4-5-5	6-7-8-7-2-4-8-6-5-5-6-6	7-4-8-8-6-6-8-3-8-8-6-8	4-5-5-8-5-5-5-4-5-5-8-8	8-7-5-5-5-8-8-4-8-8-6-5
777	0	0-0-0-0-0-0-0-0-0-0-0-0	0-0-0-0-0-0-0-0-0-0-0-0	0-0-0-0-0-0-0-0-0-0-0-0	0-0-0-0-0-0-0-0-0-0-0-0	0-0-0-0-0-0-0-0-0-0-0-0	0-0-0-0-0-0-0-0-0-0-0-0	0-0-0-0-0-0-0-0-0-0-0-0	0-0-0-0-0-0-0-0-0-0-0-0	0-0-0-0-0-0-0-0-0-0-0-0	0-0-0-0-0-0-0-0-0-0-0-0	0-0-0-0-0-0-0-0-0-0-0-0	0-0-0-0-0-0-0-0-0-0-0-0
777	1	1-1-1-1-1-0-1-0-1-0-1-1	0-0-0-1-1-0-0-2-0-1-0-0	3-2-0-5-2-0-2-0-0-2-0-1	2-0-0-3-3-2-0-3-1-0-1-1	1-0-1-0-0-1-2-2-1-0-0-2	1-0-2-0-1-4-2-1-0-1-0-0	1-1-1-0-2-1-1-0-1-1-1-2	0-1-1-1-1-0-0-1-1-1-0-0	1-0-0-2-7-2-0-2-0-1-1-1	2-4-0-0-2-1-2-0-2-0-0-4	1-1-0-1-0-2-2-1-0-1-2-0	0-2-2-0-0-1-2-0-1-1-1-1
777	2	2-2-2-2-2-2-2-2-2-0-2-2	1-4-2-1-0-2-0-3-0-3-1-3	3-1-1-1-1-1-3-4-3-1-3-1	1-2-2-1-1-1-3-1-3-2-3-0	2-0-0-1-2-3-3-1-2-2-0-1	1-0-3-0-2-1-3-2-2-2-3-2	3-1-2-2-1-2-5-1-2-2-0-1	0-4-1-3-3-0-5-5-1-2-3-0	0-0-3-1-2-1-0-1-3-2-2-3	1-1-2-3-1-1-1-2-1-0-7-1	3-1-0-2-6-1-1-3-0-1-1-2	3-1-1-3-0-1-1-0-0-0-2-3
777	3	3-2-1-3-2-3-2-4-3-3-3-3	4-2-2-1-1-4-1-2-2-2-4-2	1-3-0-4-4-4-2-5-2-4-2-4	1-4-4-5-1-1-2-1-4-4-2-1	1-0-0-4-5-2-4-3-4-1-5-7	1-3-2-7-3-1-4-1-3-3-2-3	2-1-2-3-1-2-3-4-3-2-4-4	3-0-1-2-2-3-2-4-1-5-2-4	3-4-2-1-3-5-0-2-7-6-2-5	2-3-3-4-4-1-2-4-1-6-2-1	2-1-3-4-4-3-2-2-4-4-4-3	2-4-1-3-0-5-1-0-5-1-2-3
777	4	4-4-4-4-2-3-4-6-4-4-6-7	4-2-2-4-4-3-5-5-5-6-3-5	4-5-5-3-3-3-3-5-6-3-3-3	5-3-5-3-1-5-4-4-3-3-2-5	1-4-4-3-5-2-5-4-3-4-4-4	0-5-2-6-5-1-3-1-2-3-0-4	6-1-2-4-4-5-0-3-3-1-3-3	4-2-5-2-1-5-2-3-4-4-4-3	4-3-5-1-1-6-4-5-2-4-1-3	5-1-6-3-3-5-4-3-4-4-5-1	5-1-3-3-3-7-4-4-5-3-3-4	4-3-4-4-5-4-4-4-3-3-2-1
777	5	7-7-7-7-6-6-7-6-5-4-6-6	5-2-2-6-6-3-4-6-6-6-7-4	4-4-4-1-6-6-6-6-6-6-6-6	6-4-4-6-6-6-6-5-6-3-6-4	6-4-4-3-4-5-6-6-5-4-3-6	5-5-6-5-4-1-6-6-5-5-0-6	5-1-2-4-6-5-6-6-5-7-6-7	0-6-4-6-6-4-2-6-6-3-6-3	4-0-6-5-3-3-4-6-2-4-6-3	4-6-4-6-5-4-5-3-5-4-4-1	4-1-3-3-6-4-4-4-4-5-4-0	4-5-4-4-4-3-5-0-3-6-6-6
777	6	5-7-5-5-5-7-7-7-7-5-4-7	7-2-2-5-5-7-4-5-7-4-5-7	7-4-4-7-5-5-5-5-5-5-6-5	5-6-4-5-5-5-7-4-5-2-5-7	5-4-4-5-6-5-7-5-6-4-4-5	5-6-5-4-3-1-5-5-6-6-2-5	4-1-2-4-5-6-6-5-6-6-5-5	6-5-4-5-5-6-7-5-5-3-5-6	6-6-5-5-5-4-5-5-3-3-5-3	6-5-4-5-5-5-5-4-6-5-5-1	5-6-3-3-5-4-6-5-4-5-5-6	4-5-6-4-6-4-5-4-5-5-5-5
777	7	7-6-5-5-7-6-6-7-6-5-5-6	6-7-7-5-7-7-6-7-7-7-5-6	7-7-7-6-7-5-7-6-5-7-6-7	7-7-7-7-7-7-6-7-7-7-7-6	5-4-7-7-6-7-6-7-7-7-1-7	5-7-7-5-7-7-7-7-7-7-7-6	5-7-7-7-6-7-7-5-7-5-5-5	7-7-1-6-7-6-7-1-1-4-6-7	6-7-7-1-1-7-7-5-3-7-1-3	4-7-7-7-7-6-7-7-3-7-2-7	7-7-3-7-2-4-6-5-7-7-7-7	4-6-6-4-6-7-7-0-7-7-5-7
778	0	0-0-0-0-0-0-0-0-0-0-0-0	0-0-0-0-0-0-0-0-0-0-0-0	0-0-0-0-0-0-0-0-0-0-0-0	0-0-0-0-0-0-0-0-0-0-0-0	0-0-0-0-0-0-0-0-0-0-0-0	0-0-0-0-0-0-0-0-0-0-0-0	0-0-0-0-0-0-0-0-0-0-0-0	0-0-0-0-0-0-0-0-0-0-0-0	0-0-0-0-0-0-0-0-0-0-0-0	0-0-0-0-0-0-0-0-0-0-0-0	0-0-0-0-0-0-0-0-0-0-0-0	0-0-0-0-0-0-0-0-0-0-0-0
778	1	1-1-1-1-1-1-1-1-1-1-1-1	1-0-1-3-0-1-0-2-0-1-0-0	2-2-0-2-2-2-2-2-0-2-0-2	2-0-0-3-3-3-0-6-2-2-1-0	1-0-1-3-2-1-2-2-1-3-0-2	3-0-2-0-0-3-2-4-1-1-0-3	2-1-1-0-2-1-1-0-1-1-0-2	1-1-4-2-4-1-1-4-1-0-0-0	1-0-2-2-4-2-0-2-1-1-5-1	0-2-0-2-2-1-0-1-2-0-0-4	0-1-0-1-1-2-0-1-0-2-1-2	0-2-1-3-1-1-2-0-1-1-1-1
778	2	2-2-2-2-2-2-2-2-2-2-2-2	1-3-2-1-0-3-0-3-0-3-0-3	3-1-2-1-1-1-3-4-0-1-3-1	1-3-3-1-1-1-3-1-3-1-3-0	2-0-0-2-1-1-3-1-2-2-0-1	1-0-4-0-2-1-3-1-2-2-7-2	1-1-2-0-1-1-8-0-2-5-0-1	2-4-1-3-2-1-6-0-2-2-3-5	1-0-1-1-2-1-0-1-2-2-1-3	3-1-2-3-1-1-3-6-3-1-3-1	3-1-8-2-4-1-4-0-0-1-1-3	2-1-1-0-0-2-1-0-1-1-6-2
778	3	3-3-2-3-3-2-3-3-3-3-3-3	1-4-4-1-5-4-0-2-2-2-0-4	2-3-3-1-1-1-4-3-4-2-4-4	1-2-4-1-1-1-2-1-4-3-4-0	4-0-0-4-1-1-4-3-4-1-1-1	1-0-2-0-3-1-4-1-3-3-8-2	1-1-3-3-1-2-4-4-3-2-3-7	3-3-1-2-3-1-4-0-1-3-3-2	3-0-4-1-3-4-3-1-7-8-3-2	2-1-3-2-4-1-4-3-2-3-2-1	4-2-6-3-2-1-0-3-0-3-1-2	3-1-1-1-4-3-2-5-1-2-3-1
778	4	4-4-4-4-3-4-4-7-4-4-4-4	5-3-3-1-5-5-5-5-0-2-5-5	4-5-7-7-5-5-5-5-5-5-3-5	5-5-5-5-1-5-5-4-3-7-3-6	5-6-5-7-5-3-5-5-3-6-6-5	5-5-2-4-4-1-5-5-3-2-3-5	6-1-3-6-5-6-3-3-4-1-8-1	3-2-6-5-6-6-2-1-1-4-5-8	6-6-6-5-1-6-4-5-3-4-1-7	4-4-4-5-5-6-3-3-5-5-4-1	3-1-4-4-2-8-6-4-6-4-5-4	4-5-5-4-5-4-5-4-4-4-4-5
778	5	5-7-4-4-3-5-5-5-4-5-4-4	4-6-6-4-5-6-4-6-6-4-4-4	4-4-4-4-4-4-4-8-6-4-6-4	4-4-4-4-4-4-6-4-6-7-5-4	4-4-4-3-4-5-4-4-5-5-4-4	4-4-6-0-4-1-4-4-5-5-5-4	2-5-3-5-4-5-5-4-5-5-0-6	5-5-4-4-5-4-4-6-5-4-4-8	5-5-4-4-3-4-5-4-6-4-1-2	4-4-5-4-4-1-4-3-4-4-5-1	4-1-4-7-4-4-5-4-4-4-4-2	4-4-4-4-4-4-4-7-4-5-4-6
778	6	7-6-8-7-3-5-7-6-6-7-6-6	6-5-5-7-7-5-4-7-7-7-7-7	4-7-4-8-7-4-7-7-7-7-7-7	7-4-4-6-7-7-5-1-7-6-7-4	7-4-4-4-4-5-7-6-6-4-4-7	7-6-7-5-6-7-7-7-5-6-2-7	4-1-5-4-4-4-7-8-6-6-7-8	5-6-4-7-7-4-8-7-6-6-7-0	4-4-4-7-7-4-4-6-5-5-7-4	4-7-5-4-7-4-6-2-4-4-4-7	7-1-5-2-7-4-4-4-4-6-4-2	4-6-4-4-4-6-6-4-7-7-7-5
778	7	6-5-6-6-3-8-6-4-8-6-7-8	7-5-5-6-6-8-4-6-8-6-6-8	6-6-4-4-6-7-6-5-8-6-6-6	6-7-7-6-6-6-8-4-6-4-6-8	6-4-8-4-7-7-6-7-7-7-4-6	6-7-6-8-6-6-6-6-7-7-2-6	8-1-5-4-8-4-6-8-7-6-6-3	7-7-4-6-6-7-8-6-7-4-6-7	7-7-3-6-6-7-7-7-3-4-6-4	7-6-5-6-6-8-3-2-7-4-7-6	6-1-7-5-8-4-4-4-4-7-6-7	4-6-4-4-7-6-4-5-6-6-6-5
778	8	8-7-6-6-8-8-6-8-7-7-7-7	7-5-8-6-8-8-4-8-7-8-6-7	8-7-8-6-6-8-7-5-7-8-8-8	6-8-8-8-8-8-7-8-7-8-8-7	6-4-8-8-7-8-7-8-8-8-1-8	7-8-8-8-8-8-8-8-8-8-3-8	7-8-8-8-7-8-8-8-8-8-8-8	8-8-6-7-8-7-6-6-1-4-7-5	5-8-4-8-6-8-8-7-3-3-7-4	4-7-8-8-8-7-8-3-8-8-8-8	8-8-8-3-7-4-8-4-4-8-8-8	8-7-4-4-3-8-8-8-8-8-6-8
779	0	0-0-0-0-0-0-0-0-0-0-0-0	0-0-0-0-0-0-0-0-0-0-0-0	0-0-0-0-0-0-0-0-0-0-0-0	0-0-0-0-0-0-0-0-0-0-0-0	0-0-0-0-0-0-0-0-0-0-0-0	0-0-0-0-0-0-0-0-0-0-0-0	0-0-0-0-0-0-0-0-0-0-0-0	0-0-0-0-0-0-0-0-0-0-0-0	0-0-0-0-0-0-0-0-0-0-0-0	0-0-0-0-0-0-0-0-0-0-0-0	0-0-0-0-0-0-0-0-0-0-0-0	0-0-0-0-0-0-0-0-0-0-0-0
779	1	1-1-1-1-1-1-1-1-1-1-1-1	1-2-2-0-0-1-0-2-2-1-0-1	3-0-0-0-0-0-0-2-0-0-2-0	0-0-2-0-0-0-2-1-2-2-2-1	1-0-0-0-0-1-2-0-1-0-2-0	4-0-0-0-0-0-2-0-2-1-4-0	0-2-1-0-0-1-0-0-1-1-0-1	1-0-0-0-1-0-2-0-0-1-0-0	1-0-0-0-3-0-4-0-0-1-0-0	0-1-3-2-1-0-0-1-0-0-0-1	0-1-0-0-1-0-0-0-0-0-0-1	2-0-0-1-0-0-0-0-0-1-4-0
779	2	2-2-2-2-1-1-2-1-2-2-2-2	2-1-1-2-2-2-3-1-1-1-3-3	5-3-5-5-3-3-3-4-0-4-1-3	3-0-3-2-3-3-1-4-3-1-3-5	3-0-2-2-3-3-3-3-2-1-1-3	3-2-3-0-2-4-3-4-1-1-1-4	2-1-1-0-3-2-3-3-2-2-3-3	1-4-6-2-2-1-1-7-2-1-0-0	2-0-3-3-4-3-0-3-4-2-2-1	0-2-0-1-3-2-3-2-3-0-0-4	6-2-0-1-7-2-0-6-0-3-3-0	1-2-2-1-0-2-4-0-6-2-2-2
779	3	3-3-3-3-3-3-3-3-2-3-2-3	2-4-4-2-3-3-2-4-4-1-2-4	4-2-4-2-2-2-4-1-4-2-4-2	2-3-4-2-2-2-5-2-4-3-4-0	2-0-4-2-4-4-4-2-4-3-1-2	2-5-4-3-3-2-4-2-3-3-5-3	3-2-3-0-2-3-4-2-3-3-2-2	3-4-4-2-2-4-6-0-2-6-0-0	1-0-2-2-3-2-0-2-4-3-2-4	0-2-1-3-2-2-5-3-2-4-7-2	4-2-3-4-2-3-0-6-4-2-2-1	0-2-2-1-0-6-2-0-2-4-5-3
779	4	5-3-4-6-3-4-4-6-4-4-4-7	4-3-3-2-6-3-5-3-5-4-5-5	7-5-6-2-4-4-3-5-3-2-3-4	5-5-5-2-2-2-5-2-3-3-3-6	2-5-3-2-5-3-5-4-3-4-4-7	1-2-3-4-6-5-3-2-1-3-1-2	5-1-3-5-4-5-3-4-2-3-5-1	3-2-5-3-2-5-5-2-5-5-5-5	5-5-5-2-2-5-5-2-3-4-2-5	5-5-1-5-5-2-3-3-2-5-5-2	5-2-5-3-5-5-5-5-5-5-2-4	1-2-4-1-5-5-2-6-5-5-1-2
779	5	4-6-7-7-3-3-5-4-5-5-5-5	4-3-3-6-5-5-4-6-4-6-6-4	2-6-7-2-6-7-6-6-7-6-5-6	6-4-4-6-6-6-7-5-6-6-6-2	5-4-6-6-4-5-6-6-6-5-6-6	6-3-6-5-3-4-6-5-1-5-3-6	5-5-3-4-6-5-6-7-1-7-4-7	5-6-4-6-6-4-3-6-4-4-6-4	4-4-4-6-6-6-6-6-3-6-6-6	4-6-5-6-4-6-6-3-0-4-4-2	4-2-4-3-4-4-4-4-4-6-5-5	4-4-4-6-4-4-6-4-4-4-6-3
779	6	7-7-5-5-3-7-7-4-7-6-5-7	6-3-3-5-5-7-4-5-7-6-5-5	4-5-4-5-5-6-5-5-7-5-6-5	5-6-6-5-5-5-6-2-5-5-5-4	5-4-5-5-6-5-5-5-5-6-5-5	7-6-5-6-4-7-5-5-6-6-3-5	7-5-3-6-5-6-5-5-6-3-5-7	3-5-5-5-5-6-3-5-4-4-5-6	6-6-6-5-5-5-5-5-6-5-5-5	7-5-6-5-4-5-5-3-6-6-4-2	2-6-4-3-7-6-4-3-4-7-4-6	6-7-6-5-6-6-5-4-2-2-5-7
779	7	7-6-5-5-7-7-6-7-6-5-6-6	6-7-7-5-7-7-5-5-6-7-5-5	4-7-7-6-7-5-6-6-6-7-7-7	6-7-7-7-7-5-5-7-5-7-7-4	5-4-7-7-7-7-6-7-7-7-5-7	6-7-7-7-7-7-7-7-7-7-7-7	6-7-7-7-6-7-7-7-7-7-6-5	7-7-2-6-7-6-7-2-2-4-6-6	6-4-7-7-5-7-7-6-7-5-5-1	4-4-7-7-7-6-7-7-7-7-4-7	4-2-6-7-2-6-4-4-4-6-7-7	7-6-6-7-6-7-7-4-7-7-2-7
780	0	0-0-0-0-0-0-0-0-0-0-0-0	0-0-0-0-0-0-0-0-0-0-0-0	0-0-0-0-0-0-0-0-0-0-0-0	0-0-0-0-0-0-0-0-0-0-0-0	0-0-0-0-0-0-0-0-0-0-0-0	0-0-0-0-0-0-0-0-0-0-0-0	0-0-0-0-0-0-0-0-0-0-0-0	0-0-0-0-0-0-0-0-0-0-0-0	0-0-0-0-0-0-0-0-0-0-0-0	0-0-0-0-0-0-0-0-0-0-0-0	0-0-0-0-0-0-0-0-0-0-0-0	0-0-0-0-0-0-0-0-0-0-0-0
780	1	1-1-1-1-1-1-1-1-1-1-0-1	1-0-1-2-0-1-0-0-0-1-2-0	0-3-0-5-2-0-2-0-0-2-0-2	2-0-0-2-3-2-0-2-1-0-2-0	2-0-1-0-2-1-2-2-1-1-0-2	2-0-2-0-0-2-2-3-1-1-3-2	0-1-1-0-2-0-0-2-1-1-2-2	1-1-1-2-2-0-1-0-2-0-0-0	3-0-2-2-3-1-0-2-0-1-1-2	0-2-1-0-2-1-2-1-2-0-0-1	2-1-0-0-0-1-0-0-0-2-2-0	0-2-1-2-0-1-2-0-1-2-1-1
780	2	2-2-1-2-2-2-2-2-2-2-2-2	1-3-2-1-0-3-0-3-3-2-1-3	0-2-4-2-1-1-3-3-3-3-3-3	1-2-2-1-1-1-4-1-3-4-3-0	1-0-4-0-3-1-3-1-2-2-3-1	3-4-3-0-2-1-3-1-2-2-4-1	1-1-2-2-1-0-4-1-2-2-1-1	2-1-1-1-1-3-4-4-1-2-2-0	2-0-1-1-2-1-2-1-3-2-1-4	0-1-2-3-1-1-1-2-1-3-0-1	5-1-0-2-1-0-0-2-3-1-1-2	0-1-1-1-1-3-1-0-0-1-4-1
780	3	2-2-6-3-2-2-3-2-4-3-3-4	3-2-2-3-4-2-3-5-4-2-4-4	5-4-5-1-2-3-2-2-4-2-2-2	4-3-4-4-1-1-4-1-2-2-2-6	1-4-2-3-4-2-4-3-2-5-2-3	2-5-2-3-4-4-2-1-3-2-1-4	1-1-2-2-3-5-2-4-4-2-1-5	4-1-4-2-2-4-2-2-4-4-4-4	4-6-4-4-1-4-4-4-4-3-1-1	4-4-2-6-2-1-2-2-4-2-4-1	4-1-4-2-6-4-3-4-4-3-2-4	5-1-3-1-4-2-3-4-4-5-1-1
780	4	4-4-4-4-4-4-4-4-4-4-4-4	4-2-2-6-3-2-5-6-3-5-5-3	4-5-3-5-5-5-5-4-3-5-4-5	5-3-3-3-5-5-2-5-5-2-5-4	5-3-2-5-3-5-5-5-3-4-6-5	5-2-5-4-3-3-5-5-2-2-2-3	5-4-2-0-3-3-2-5-3-2-5-4	3-4-3-5-5-3-2-5-3-3-3-3	3-0-3-5-5-3-3-5-3-4-5-2	3-3-4-3-5-5-5-2-3-3-3-1	3-2-3-2-5-3-3-3-3-5-4-3	2-5-4-5-3-3-4-3-5-3-5-4
780	5	4-5-4-6-4-6-6-6-5-5-4-6	6-2-2-4-5-5-4-3-6-4-4-6	6-4-3-4-4-4-4-4-3-4-6-4	4-5-5-3-4-4-6-4-4-2-4-6	4-3-4-4-5-4-6-4-5-3-4-4	4-5-4-6-5-3-4-4-5-5-2-5	4-4-2-5-6-5-2-4-5-2-4-3	5-4-3-4-4-3-6-4-5-3-4-3	5-5-5-5-4-3-5-4-3-5-4-5	3-4-5-3-4-4-4-2-6-4-5-1	4-5-4-5-4-6-5-3-5-4-5-5	6-6-6-5-5-2-4-3-4-3-4-4
780	6	6-5-4-5-6-5-5-6-5-5-4-5	5-6-6-4-6-6-5-6-6-6-4-5	6-6-6-4-6-6-6-5-6-6-5-6	5-6-6-6-6-6-5-6-5-6-6-5	4-3-6-6-6-6-5-6-6-6-4-4	5-6-6-5-6-6-6-6-6-6-6-5	5-6-6-6-5-6-6-6-6-6-4-6	6-5-6-5-6-6-5-4-4-0-4-3	4-3-6-5-4-6-6-4-6-2-4-4	4-6-6-3-6-5-6-5-5-6-3-6	3-6-3-6-3-5-5-3-3-6-6-6	6-5-3-6-3-6-6-6-6-6-4-6
781	0	0-0-0-0-0-0-0-0-0-0-0-0	0-0-0-0-0-0-0-0-0-0-0-0	0-0-0-0-0-0-0-0-0-0-0-0	0-0-0-0-0-0-0-0-0-0-0-0	0-0-0-0-0-0-0-0-0-0-0-0	0-0-0-0-0-0-0-0-0-0-0-0	0-0-0-0-0-0-0-0-0-0-0-0	0-0-0-0-0-0-0-0-0-0-0-0	0-0-0-0-0-0-0-0-0-0-0-0	0-0-0-0-0-0-0-0-0-0-0-0	0-0-0-0-0-0-0-0-0-0-0-0	0-0-0-0-0-0-0-0-0-0-0-0
781	1	1-1-1-1-1-1-1-1-1-1-1-1	2-2-1-0-0-2-0-2-2-1-0-2	1-2-1-2-2-2-2-2-2-2-2-2	2-0-2-2-1-0-2-2-2-2-2-1	2-1-1-2-1-1-2-1-2-2-2-1	2-2-2-0-2-0-1-0-2-1-4-1	2-2-1-1-2-1-0-2-1-1-4-1	1-1-1-1-1-0-2-0-1-1-2-1	1-1-0-0-1-1-4-2-2-0-1-2	0-1-0-2-1-1-2-1-0-4-0-1	1-0-3-1-3-1-1-0-4-1-2-1	3-0-1-1-2-1-2-2-4-1-1-1
781	2	2-1-2-1-1-1-1-1-1-1-1-1	1-1-1-2-0-1-3-1-1-2-3-1	1-3-3-6-1-1-3-1-1-3-1-1	3-0-1-1-3-3-1-3-1-1-1-1	5-1-3-5-0-2-3-3-1-1-1-2	1-3-3-2-2-3-3-3-1-1-0-3	3-1-1-0-3-2-0-3-1-2-3-3	1-2-0-3-3-1-1-8-2-1-1-0	0-0-0-3-4-1-1-3-1-2-5-1	3-3-2-1-3-3-3-1-3-0-3-3	1-2-1-1-0-2-0-0-0-3-1-0	1-3-3-1-1-2-3-1-2-2-2-2
781	3	1-3-2-3-3-3-3-3-1-1-3-3	1-4-3-2-3-1-2-4-1-2-2-4	4-4-4-1-4-3-4-4-1-4-1-4	2-3-3-1-2-2-3-2-4-4-4-2	2-0-4-5-4-4-2-2-3-3-1-2	4-2-5-3-3-2-2-3-3-3-6-2	4-1-3-4-2-3-4-2-3-3-2-2	3-2-4-2-2-4-6-2-2-3-6-4	3-0-6-2-3-1-7-2-1-3-2-3	2-2-4-4-2-2-2-3-2-3-3-2	3-2-1-6-1-4-0-3-0-2-2-1	1-2-2-3-4-4-2-0-0-4-5-2
781	4	4-5-5-5-5-4-5-5-5-4-5-5	4-3-3-2-5-5-5-4-5-5-6-5	4-5-5-5-4-5-5-4-5-3-5-4	5-5-5-5-3-5-5-4-3-4-3-5	4-5-3-4-5-3-5-5-3-4-5-4	5-5-3-4-5-6-3-5-3-3-3-4	5-3-4-5-5-4-5-5-3-4-6-3	6-2-6-3-4-5-5-5-4-7-8-5	6-6-5-2-2-4-6-3-8-4-2-6	6-8-3-3-5-3-5-4-6-5-6-4	8-0-4-3-6-3-5-5-6-3-5-4	5-2-4-3-6-3-4-8-2-6-4-4
781	5	5-4-4-4-5-6-6-4-6-5-4-4	7-6-6-2-4-4-4-5-5-6-4-6	5-6-4-4-4-6-6-6-4-6-6-5	4-4-4-4-2-4-4-2-6-6-6-4	2-4-2-3-4-6-6-4-6-5-6-2	4-8-3-4-4-4-6-7-5-5-5-5	4-7-5-4-4-8-7-4-6-7-2-5	5-2-7-3-2-4-7-2-2-5-4-4	4-4-4-2-5-5-4-6-6-7-2-5	4-5-5-6-3-6-4-4-4-4-4-2	7-5-8-7-8-4-4-4-4-2-6-5	4-2-8-5-4-5-2-4-4-4-3-7
781	6	7-5-8-4-5-5-5-4-5-4-5-4	5-5-5-8-4-4-4-7-4-5-4-5	7-7-7-2-7-5-7-7-4-5-5-7	7-4-5-7-7-7-4-7-7-5-7-4	7-4-6-7-4-7-7-7-5-6-5-7	6-6-7-4-6-4-7-6-5-5-3-7	7-5-5-6-5-6-3-7-5-8-7-7	4-6-4-7-7-4-3-7-7-4-7-4	4-4-7-7-7-4-4-5-5-7-7-4	4-7-6-7-7-7-8-1-4-4-4-7	0-5-4-3-4-4-4-4-4-2-5-6	4-7-6-7-4-4-6-4-7-6-7-5
781	7	6-5-6-4-5-5-5-4-5-4-4-8	5-5-5-6-5-4-4-6-4-5-4-5	8-6-4-6-6-7-6-6-8-5-7-6	6-7-7-6-6-6-8-6-6-5-6-4	6-4-6-6-7-6-8-6-7-7-1-6	8-5-6-4-7-8-6-5-7-5-3-7	8-5-5-7-8-7-5-6-7-5-6-6	7-6-5-6-6-7-3-6-6-5-6-4	7-4-8-6-6-1-3-7-1-6-6-4	7-7-7-6-6-6-7-8-8-4-7-6	5-5-5-5-5-8-4-6-6-7-1-7	6-6-5-6-6-3-7-4-6-4-6-5
781	8	8-5-6-4-8-8-5-8-5-4-7-7	5-8-8-6-8-8-6-8-8-8-6-7	8-7-8-8-8-7-7-7-7-8-5-8	7-8-8-8-8-8-7-8-7-5-8-7	6-4-6-8-8-8-7-8-8-8-6-6	7-5-8-8-8-7-6-6-8-8-8-7	7-8-8-8-7-8-8-6-8-8-7-6	8-8-5-6-8-7-2-6-6-5-4-4	7-8-8-8-6-8-8-7-8-8-6-3	4-4-8-8-8-7-6-7-7-8-3-8	4-5-5-4-5-7-4-4-4-7-8-8	8-7-5-5-4-8-8-4-8-8-6-5
782	0	0-0-0-0-0-0-0-0-0-0-0-0	0-0-0-0-0-0-0-0-0-0-0-0	0-0-0-0-0-0-0-0-0-0-0-0	0-0-0-0-0-0-0-0-0-0-0-0	0-0-0-0-0-0-0-0-0-0-0-0	0-0-0-0-0-0-0-0-0-0-0-0	0-0-0-0-0-0-0-0-0-0-0-0	0-0-0-0-0-0-0-0-0-0-0-0	0-0-0-0-0-0-0-0-0-0-0-0	0-0-0-0-0-0-0-0-0-0-0-0	0-0-0-0-0-0-0-0-0-0-0-0	0-0-0-0-0-0-0-0-0-0-0-0
782	1	1-1-1-1-1-1-1-1-1-1-1-1	1-2-1-0-0-0-0-1-1-1-0-1	1-0-0-0-2-0-2-0-0-2-2-2	0-2-2-0-1-0-0-0-2-1-2-1	1-0-0-0-0-2-0-2-1-1-0-0	4-0-0-0-0-0-2-0-1-1-1-2	1-1-1-0-0-1-0-2-1-1-2-1	2-1-0-0-1-0-0-1-0-1-0-0	1-0-2-0-0-0-0-0-0-1-0-0	0-1-0-2-1-0-0-1-0-0-0-1	1-0-3-0-1-0-0-2-2-0-2-1	0-0-0-1-2-1-0-0-0-1-0-1
782	2	2-2-3-2-2-1-2-2-3-3-2-3	3-1-1-3-3-3-3-2-3-3-3-3	2-3-3-3-3-3-3-2-4-3-3-3	3-3-3-3-4-3-3-5-1-3-3-2	5-0-3-3-3-1-3-3-1-1-3-3	3-3-3-3-2-4-3-3-1-2-0-3	3-4-4-0-3-0-3-3-2-2-3-3	1-3-8-3-3-4-8-7-3-3-2-1	5-0-3-3-4-2-0-3-3-3-3-3	3-3-1-1-3-4-3-4-3-2-3-4	1-4-7-4-1-2-3-1-1-3-3-1	5-3-3-3-1-7-3-3-7-2-3-2
782	3	2-3-2-2-2-3-2-3-2-2-2-2	2-4-4-2-2-2-2-2-2-2-2-2	2-2-2-2-2-2-4-4-2-4-4-2	2-2-2-2-2-2-2-2-3-4-4-2	2-0-2-2-4-4-4-2-3-3-2-2	2-2-4-2-3-2-4-2-3-3-6-2	2-1-3-3-2-3-6-2-3-3-2-4	3-4-2-2-2-4-4-2-2-5-6-0	3-2-4-2-3-0-6-2-2-2-2-2	2-2-3-5-2-2-2-3-2-3-3-2	3-3-1-3-8-4-2-3-4-2-4-1	3-2-2-2-6-3-2-2-3-4-2-3
782	4	4-4-2-5-4-4-4-2-5-2-5-5	2-3-3-5-5-5-5-5-5-2-5-5	7-4-6-2-4-5-5-3-2-6-3-4	5-5-5-6-2-2-5-2-3-3-3-5	2-5-2-4-6-3-5-5-3-5-2-2	5-2-3-5-6-2-3-2-3-3-3-2	5-2-2-5-5-4-5-5-4-2-5-3	3-3-5-2-2-5-5-2-5-4-5-5	7-5-5-2-2-5-7-5-7-2-2-6	5-3-4-4-3-2-3-2-5-5-5-2	5-2-1-2-1-6-5-5-5-5-3-4	0-2-5-5-5-6-2-5-5-3-2-2
782	5	5-7-2-8-6-4-2-5-4-2-4-4	2-6-6-4-4-4-4-6-4-6-4-4	4-4-4-2-2-6-6-7-6-7-6-4	4-4-4-4-2-2-4-2-6-6-6-4	2-4-2-4-4-6-6-4-6-4-2-4	4-2-3-4-4-2-6-2-6-5-3-5	4-6-5-4-4-4-6-6-5-7-4-6	6-5-4-2-2-4-6-2-4-5-4-4	6-4-4-4-3-4-4-6-4-5-2-4	4-2-5-6-6-2-2-7-4-4-4-2	4-6-6-6-4-4-4-4-4-4-5-5	7-2-4-4-4-6-2-4-4-4-3-7
782	6	7-6-7-8-5-7-6-7-8-2-7-7	6-5-5-6-4-7-8-7-8-5-7-4	4-7-4-2-7-6-7-4-5-5-5-6	7-4-5-7-7-7-5-2-5-5-7-4	7-4-8-6-4-5-7-7-5-6-7-7	5-6-5-6-4-2-5-7-5-6-3-7	3-5-5-7-5-6-3-5-6-5-7-5	5-5-5-7-7-4-5-2-6-4-7-4	5-4-5-6-7-5-4-5-4-5-7-4	4-7-4-7-5-2-7-2-4-4-7-2	4-5-5-5-1-8-4-4-1-5-5-6	5-3-6-7-7-4-6-4-4-7-3-5
782	7	6-8-6-6-7-8-8-6-6-7-6-8	7-5-5-6-4-8-4-6-8-7-8-8	4-6-6-8-6-7-6-8-8-7-7-6	6-7-7-6-6-6-4-2-5-5-6-4	6-4-2-4-7-7-6-6-7-7-6-6	8-6-7-7-4-8-6-6-7-7-3-6	3-5-3-6-8-4-7-6-7-5-6-5	7-7-4-6-6-8-5-2-6-4-6-4	7-4-7-7-7-5-4-5-4-2-6-2	4-7-7-6-7-2-6-8-8-6-6-2	4-7-7-5-3-7-4-4-5-7-5-7	5-5-7-6-6-2-7-4-2-6-2-5
782	8	8-7-6-6-8-8-7-8-6-6-6-7	7-5-8-6-8-8-4-8-8-8-7-7	8-8-8-8-8-8-7-7-7-8-8-8	8-8-8-8-8-8-7-8-7-8-8-4	8-4-8-8-8-8-7-8-8-6-2-2	8-8-8-7-8-7-8-8-8-8-8-8	3-8-8-4-7-8-8-8-8-8-7-8	8-8-8-7-8-7-7-2-7-6-7-4	6-4-8-7-2-8-8-4-8-2-6-8	4-8-8-8-8-2-8-7-7-8-4-8	4-8-3-3-3-6-4-4-8-7-8-7	7-7-6-8-0-8-8-4-8-8-2-8
783	0	0-0-0-0-0-0-0-0-0-0-0-0	0-0-0-0-0-0-0-0-0-0-0-0	0-0-0-0-0-0-0-0-0-0-0-0	0-0-0-0-0-0-0-0-0-0-0-0	0-0-0-0-0-0-0-0-0-0-0-0	0-0-0-0-0-0-0-0-0-0-0-0	0-0-0-0-0-0-0-0-0-0-0-0	0-0-0-0-0-0-0-0-0-0-0-0	0-0-0-0-0-0-0-0-0-0-0-0	0-0-0-0-0-0-0-0-0-0-0-0	0-0-0-0-0-0-0-0-0-0-0-0	0-0-0-0-0-0-0-0-0-0-0-0
783	1	1-1-1-2-1-1-1-1-1-1-1-2	2-2-1-2-2-2-1-2-1-1-2-2	1-2-2-2-5-2-2-2-3-2-3-1	2-0-2-2-2-2-2-2-1-2-2-1	2-2-1-3-1-1-2-1-2-6-4-1	2-4-2-1-2-2-2-2-1-1-4-0	2-4-1-1-2-1-0-1-1-3-1-2	1-1-1-2-1-3-2-1-1-1-0-1	1-1-1-0-2-3-4-2-2-8-1-2	2-1-2-2-1-1-2-1-2-2-2-1	1-8-2-2-3-3-1-1-3-1-2-1	3-1-1-1-3-2-1-2-1-1-4-1
783	2	1-1-1-1-1-1-1-1-1-1-1-1	1-1-1-3-1-1-3-1-1-1-3-1	1-3-1-1-1-1-3-1-1-1-3-3	3-3-1-3-3-3-1-1-1-1-1-1	1-1-1-5-1-1-3-3-1-1-1-3	1-1-1-2-1-1-3-1-1-1-1-3	1-1-1-1-3-1-1-3-1-1-5-5	1-5-5-3-3-1-1-6-2-1-2-1	2-0-3-2-4-1-1-3-1-2-2-1	1-3-1-1-3-4-1-1-3-1-1-5	1-1-1-1-1-1-1-1-1-3-1-2	1-4-3-1-1-1-4-1-2-1-2-4
783	3	3-3-1-3-3-1-1-3-1-1-1-2	1-4-4-2-1-1-2-4-4-1-2-4	4-2-4-1-4-1-4-1-1-4-4-4	2-4-2-2-2-2-1-1-4-6-4-1	1-1-5-1-2-4-4-2-3-3-1-2	1-0-5-2-3-1-4-3-4-3-6-2	2-1-4-8-2-3-5-2-1-1-2-2	3-2-1-2-2-1-3-2-2-4-6-4	3-1-2-2-1-1-1-4-1-3-2-3	1-2-5-4-2-2-2-3-2-1-0-2	1-3-3-7-1-1-0-1-1-2-1-1	1-2-2-1-1-1-5-1-7-1-6-3
783	4	4-3-1-6-3-1-4-6-1-1-5-1	5-3-3-5-1-1-5-3-5-4-5-5	7-5-7-1-3-1-3-5-6-3-3-3	5-5-4-5-2-5-5-2-3-3-5-5	1-6-1-4-5-3-5-5-4-4-1-4	1-1-3-4-6-5-3-5-3-1-1-2	5-1-3-6-5-1-3-5-1-1-6-1	6-2-1-3-2-6-3-2-2-3-5-6	6-5-3-2-2-1-6-3-1-3-2-4	6-6-1-3-3-2-5-1-6-6-6-2	6-1-5-3-1-6-5-6-6-6-2-4	1-2-5-6-6-1-2-6-5-5-1-2
783	5	5-8-1-5-5-6-5-5-1-1-4-1	4-6-6-4-1-5-2-5-4-4-4-4	3-4-4-1-1-4-6-4-1-5-6-5	4-4-6-7-2-4-4-2-6-7-4-4	2-4-5-2-5-5-4-4-6-7-6-2	1-8-6-4-4-4-6-4-6-5-1-5	6-6-5-0-4-3-3-4-5-5-2-6	5-2-2-3-2-4-5-2-2-7-4-4	4-5-4-4-5-5-4-4-1-6-2-6	4-2-5-8-3-2-4-1-4-4-4-2	4-5-6-3-7-4-4-4-4-2-7-1	1-2-4-4-4-1-3-4-4-4-6-6
783	6	7-8-6-8-3-5-6-6-6-6-7-7	4-5-5-6-6-1-8-8-4-7-7-7	4-7-4-7-7-8-7-7-4-7-5-7	7-4-5-6-7-7-4-6-7-3-7-4	7-4-7-7-4-7-7-7-5-8-5-7	7-5-7-6-4-1-7-7-5-6-3-7	7-7-3-4-5-6-3-7-1-8-7-7	4-7-8-7-7-4-3-8-7-6-7-4	4-0-7-7-7-1-4-7-1-5-7-6	7-7-1-5-7-8-7-3-4-4-4-7	4-6-5-1-4-4-4-4-4-7-1-6	1-7-6-7-4-4-7-4-4-6-7-5
783	7	6-8-6-6-6-8-8-8-8-6-6-8	8-5-5-6-7-1-6-6-4-6-6-6	4-6-4-6-6-4-6-5-8-6-7-6	6-7-7-5-6-6-8-6-6-5-6-8	6-4-6-6-7-6-8-6-4-7-8-6	6-8-6-8-4-4-6-6-5-7-3-7	8-6-3-8-7-7-8-6-7-7-6-6	7-6-6-6-6-1-3-7-6-5-6-4	7-7-6-6-6-7-6-6-1-7-6-6	6-6-7-7-6-6-6-8-8-7-6-6	6-7-5-7-3-4-7-5-4-6-5-7	1-8-8-7-6-5-6-1-3-6-6-3
783	8	8-7-6-6-8-7-7-8-7-7-6-7	7-5-8-6-8-8-6-6-8-8-6-7	8-8-8-6-8-8-8-7-8-8-7-8	7-8-8-8-8-8-7-8-8-8-8-7	6-8-8-8-8-8-7-8-8-8-7-6	7-8-8-7-8-8-8-6-8-8-8-7	7-8-8-8-7-8-8-8-8-8-6-8	8-8-6-7-8-6-2-6-6-8-7-8	2-8-8-7-6-8-8-6-1-1-6-8	6-6-8-5-8-8-8-7-7-8-7-8	4-1-5-7-1-7-7-4-1-8-8-8	8-7-7-1-8-8-8-4-8-8-6-8
784	0	0-0-0-0-0-0-0-0-0-0-0-0	0-0-0-0-0-0-0-0-0-0-0-0	0-0-0-0-0-0-0-0-0-0-0-0	0-0-0-0-0-0-0-0-0-0-0-0	0-0-0-0-0-0-0-0-0-0-0-0	0-0-0-0-0-0-0-0-0-0-0-0	0-0-0-0-0-0-0-0-0-0-0-0	0-0-0-0-0-0-0-0-0-0-0-0	0-0-0-0-0-0-0-0-0-0-0-0	0-0-0-0-0-0-0-0-0-0-0-0	0-0-0-0-0-0-0-0-0-0-0-0	0-0-0-0-0-0-0-0-0-0-0-0
784	1	1-1-1-1-1-1-1-1-1-1-1-1	0-2-1-0-2-2-0-2-0-1-0-0	2-0-0-1-2-2-2-2-0-0-2-2	0-0-0-0-0-0-0-0-2-2-2-1	1-0-1-0-0-1-2-0-1-0-0-0	4-2-0-0-0-0-2-0-4-1-4-0	4-2-1-0-0-0-0-0-1-1-4-4	5-1-0-2-1-0-1-0-0-0-0-0	0-0-0-0-0-0-4-0-3-0-0-0	0-1-0-0-0-0-0-0-0-0-0-1	0-1-0-2-4-0-0-0-0-0-0-4	1-1-0-2-1-0-0-0-0-0-1-1
784	2	2-1-2-1-1-1-2-1-2-2-2-1	3-1-1-3-1-1-3-1-1-1-3-3	1-4-4-6-3-4-3-1-0-3-1-3	3-0-2-4-3-3-3-4-3-1-4-3	5-0-2-5-0-1-3-3-2-1-4-3	3-1-3-2-2-4-3-3-1-1-0-3	1-1-1-0-3-2-3-3-1-2-1-3	1-5-7-3-5-0-2-2-2-0-2-0	0-0-3-3-4-3-0-3-1-2-3-2	0-7-0-1-3-4-3-2-3-0-0-2	0-4-0-1-1-2-0-0-1-2-3-2	0-3-2-2-0-2-3-0-0-0-2-2
784	3	3-3-3-3-3-3-3-3-3-2-3-3	2-4-4-2-1-3-2-4-4-3-2-3	4-2-3-2-2-2-4-1-4-2-4-2	2-3-4-2-2-2-2-2-4-3-4-2	2-0-5-2-4-3-4-2-3-3-2-2	2-2-2-0-3-4-2-2-3-3-7-3	7-1-3-8-2-3-4-2-3-5-0-2	3-2-5-2-2-0-3-2-3-5-0-4	3-0-2-2-1-2-6-2-5-4-2-4	0-0-3-3-2-2-2-3-2-4-0-2	7-3-8-4-4-6-0-0-0-2-2-2	0-2-0-0-0-2-2-0-0-4-8-2
784	4	4-3-4-5-4-4-4-4-4-4-4-5	5-3-3-5-5-5-5-5-5-5-5-5	7-5-7-5-4-2-5-5-5-5-3-5	5-5-5-5-2-5-5-2-3-6-3-5	2-5-5-4-5-3-5-5-4-4-2-5	5-5-3-0-5-5-5-6-1-3-5-2	5-1-3-5-5-4-3-5-3-2-5-1	1-2-2-3-2-5-3-2-2-4-5-5	5-4-5-2-2-0-5-5-7-3-2-3	5-4-7-5-5-2-0-3-5-5-4-2	5-2-5-3-5-5-5-5-5-3-5-4	5-3-5-5-5-5-2-5-5-7-1-2
784	5	5-5-5-5-4-5-5-5-5-4-4-4	4-7-5-4-4-4-4-4-4-5-4-4	4-4-5-4-2-6-6-4-4-6-4-4	4-4-4-4-2-4-4-2-6-7-6-4	2-4-4-2-4-6-4-4-6-6-7-2	4-4-3-4-4-4-6-2-5-5-4-5	4-7-6-4-4-5-3-4-5-3-4-7	6-2-3-6-2-4-5-5-2-5-4-4	4-0-6-4-5-2-4-4-3-5-2-3	4-4-5-6-4-2-6-5-4-4-4-2	4-6-7-5-4-4-4-4-4-2-4-4	4-2-4-4-4-4-2-4-4-4-7-2
784	6	7-6-8-6-7-7-7-7-8-7-6-6	7-5-5-7-7-7-7-8-7-7-7-7	6-7-7-7-7-7-7-7-7-7-7-7	7-7-7-7-7-7-7-7-5-5-7-6	7-8-7-7-6-7-7-7-5-7-6-7	6-6-7-7-3-8-5-7-5-3-0-7	8-7-5-4-5-8-7-6-5-7-7-7	5-6-8-7-7-8-8-6-6-5-7-4	8-4-8-7-7-6-3-7-8-7-8-7	8-4-6-7-7-7-7-6-8-4-7-7	5-5-5-5-6-7-4-4-4-7-7-6	7-7-6-7-7-7-5-7-4-4-6-8
784	7	6-8-6-6-6-6-6-6-6-6-6-6	6-5-5-6-6-6-6-6-6-6-6-6	4-6-6-6-6-6-6-6-6-6-8-6	6-6-7-6-6-6-8-6-6-5-6-8	6-4-6-6-7-6-8-6-7-6-6-6	8-7-8-8-7-6-6-6-5-7-3-6	8-5-7-4-6-4-6-8-7-7-6-6	7-2-2-6-6-6-6-7-8-5-6-4	7-7-7-6-6-6-5-6-4-6-2-6	6-6-7-6-6-6-6-6-6-4-6-6	3-7-5-7-7-7-4-5-4-6-6-7	6-6-8-6-6-7-2-6-6-4-5-2
784	8	8-7-6-6-8-7-6-8-6-6-6-7	6-5-8-6-8-6-6-6-6-8-6-7	8-8-6-6-8-8-6-6-6-8-7-8	6-8-6-8-8-8-7-8-7-8-8-7	6-6-8-8-8-8-7-8-8-8-6-6	7-8-7-7-8-6-8-8-8-8-8-7	7-8-8-8-5-8-8-7-8-8-6-6	8-8-8-6-8-6-6-7-7-5-6-8	6-7-8-7-2-8-8-6-6-6-6-8	6-4-8-5-8-8-8-6-6-8-7-8	4-2-3-7-8-7-4-4-4-8-8-8	6-6-6-8-6-8-8-8-4-8-3-8
785	0	0-0-0-0-0-0-0-0-0-0-0-0	0-0-0-0-0-0-0-0-0-0-0-0	0-0-0-0-0-0-0-0-0-0-0-0	0-0-0-0-0-0-0-0-0-0-0-0	0-0-0-0-0-0-0-0-0-0-0-0	0-0-0-0-0-0-0-0-0-0-0-0	0-0-0-0-0-0-0-0-0-0-0-0	0-0-0-0-0-0-0-0-0-0-0-0	0-0-0-0-0-0-0-0-0-0-0-0	0-0-0-0-0-0-0-0-0-0-0-0	0-0-0-0-0-0-0-0-0-0-0-0	0-0-0-0-0-0-0-0-0-0-0-0
785	1	1-1-1-1-1-1-1-1-1-0-1-1	0-2-2-0-0-2-0-2-0-1-0-0	0-0-0-1-0-0-2-3-0-1-2-0	0-0-2-0-0-0-0-1-2-2-2-0	0-0-0-0-0-2-2-0-1-0-0-0	4-0-0-0-0-0-2-0-2-1-4-0	4-1-1-0-2-1-2-0-1-1-0-1	1-1-0-0-1-0-1-0-0-1-0-0	1-0-0-0-0-0-0-1-2-0-0-1	0-0-1-0-1-1-0-3-0-4-0-1	2-1-0-6-4-2-0-4-4-0-1-2	1-1-0-2-0-4-0-0-0-1-1-1
785	2	2-1-2-2-1-1-2-1-2-2-2-3	3-1-1-2-2-2-3-3-0-1-3-3	3-2-0-4-2-3-3-3-0-3-1-3	3-0-1-2-3-3-1-2-1-1-3-0	2-0-2-3-0-1-3-3-2-0-3-3	3-4-3-0-2-4-3-2-1-1-2-3	3-1-1-0-3-0-1-3-2-1-2-3	2-2-2-3-4-3-1-4-2-0-0-0	2-0-3-4-4-3-2-3-1-2-2-2	2-2-2-3-2-2-3-2-3-0-2-2	1-2-2-2-0-3-2-2-2-2-3-1	1-2-2-2-4-2-4-0-2-2-2-2
785	3	4-4-2-3-3-3-3-3-3-3-3-2	2-4-4-2-3-4-2-4-4-4-2-2	2-2-6-3-2-2-4-4-4-2-4-2	2-3-3-2-2-2-7-2-4-4-4-0	2-0-2-2-0-3-4-2-3-3-2-2	2-2-4-0-3-2-4-2-3-3-3-2	2-2-1-0-2-3-4-2-3-3-5-2	3-2-2-4-2-4-6-2-2-6-0-0	3-0-2-2-3-2-8-2-4-4-3-3	4-2-3-7-2-2-2-1-2-0-0-3	4-2-4-4-8-2-0-0-5-2-2-1	3-2-2-4-3-2-2-0-7-4-3-6
785	4	4-3-4-4-4-3-4-4-4-4-4-4	4-3-3-2-4-3-5-3-5-3-5-4	7-5-7-2-4-5-3-3-4-2-3-4	4-4-5-6-2-2-4-2-3-3-3-5	2-4-3-4-6-3-3-4-4-4-4-4	1-2-3-4-5-2-3-2-1-1-1-2	1-2-2-4-5-4-3-5-2-3-4-2	3-3-6-3-2-3-3-2-2-4-4-7	6-0-6-2-2-4-6-2-3-3-2-3	6-2-1-3-5-2-3-3-6-6-6-2	6-2-7-3-5-4-6-8-6-4-2-4	1-2-4-3-6-6-2-6-5-7-2-2
785	5	7-5-7-7-5-6-7-7-7-7-6-8	6-6-5-2-7-6-6-6-6-6-7-6	5-4-7-6-6-6-6-6-6-6-6-6	6-4-6-7-2-4-6-7-6-6-5-4	6-4-6-7-5-5-6-5-5-6-7-5	5-6-6-6-4-6-5-6-6-5-3-5	7-6-5-5-4-5-6-6-5-7-5-7	5-5-7-5-5-6-5-6-2-5-6-8	5-8-7-5-6-6-7-8-7-5-5-6	5-5-5-6-4-6-6-7-4-6-4-6	4-8-8-5-8-8-4-5-8-8-6-6	6-6-5-5-5-7-5-4-5-5-5-8
785	6	8-5-5-8-5-5-5-5-5-5-5-6	5-5-5-7-5-5-5-5-5-5-7-5	5-7-5-5-7-5-7-5-5-5-5-5	7-4-5-5-7-7-5-7-5-5-7-4	6-4-6-6-4-6-7-6-5-5-5-7	5-5-7-5-4-5-7-5-5-5-3-7	5-5-5-5-5-6-5-7-5-6-7-6	5-7-4-7-7-5-8-7-7-4-7-4	4-0-5-7-4-5-5-7-5-6-7-5	7-7-5-5-7-7-5-5-4-5-4-7	4-5-5-1-5-5-4-4-4-7-5-5	5-7-6-5-7-5-7-4-7-4-5-3
785	7	5-5-5-5-5-5-5-5-5-5-5-8	5-5-5-6-5-5-6-6-5-5-6-8	4-6-5-5-6-5-6-5-5-5-7-6	6-7-7-5-6-6-8-5-6-5-6-8	6-5-6-5-7-6-6-7-7-7-5-6	5-5-6-8-7-5-6-5-7-5-3-6	8-5-5-7-4-7-7-6-5-5-6-5	7-6-6-6-6-5-3-6-6-5-6-4	7-7-5-7-7-5-5-6-5-7-6-5	6-6-5-3-6-6-6-5-8-5-7-6	6-7-4-7-7-5-4-7-7-6-5-7	5-8-8-7-6-5-6-4-6-4-5-3
785	8	8-5-6-6-8-7-5-8-5-5-5-7	5-5-8-6-8-5-7-8-8-8-7-7	8-8-8-5-8-5-8-5-5-8-7-8	7-8-8-8-8-8-7-8-8-8-8-7	6-5-8-8-8-8-7-8-8-8-5-6	8-8-8-7-8-5-8-8-8-8-8-7	7-8-8-8-8-8-8-8-8-8-5-5	8-6-6-7-8-5-6-6-6-5-6-5	7-7-8-8-2-8-8-5-5-5-6-6	6-4-5-8-8-6-8-5-7-8-7-8	4-5-5-7-5-5-4-4-5-5-8-8	5-7-7-5-6-8-8-4-8-8-6-5
786	0	0-0-0-0-0-0-0-0-0-0-0-0	0-0-0-0-0-0-0-0-0-0-0-0	0-0-0-0-0-0-0-0-0-0-0-0	0-0-0-0-0-0-0-0-0-0-0-0	0-0-0-0-0-0-0-0-0-0-0-0	0-0-0-0-0-0-0-0-0-0-0-0	0-0-0-0-0-0-0-0-0-0-0-0	0-0-0-0-0-0-0-0-0-0-0-0	0-0-0-0-0-0-0-0-0-0-0-0	0-0-0-0-0-0-0-0-0-0-0-0	0-0-0-0-0-0-0-0-0-0-0-0	0-0-0-0-0-0-0-0-0-0-0-0
786	1	1-1-1-2-1-1-1-1-1-1-2-2	2-2-1-1-2-2-2-2-2-1-2-2	1-2-1-1-2-2-2-2-2-2-3-2	2-1-2-2-2-0-2-2-2-2-1-1	2-2-1-2-1-1-2-1-1-2-4-2	2-2-2-1-1-2-1-2-2-1-4-0	1-2-2-1-2-1-2-2-2-1-1-2	1-1-1-1-1-2-2-1-1-1-0-1	1-1-2-1-2-3-1-2-2-2-1-0	2-1-1-2-1-1-1-2-4-1-2-1	1-2-2-5-8-3-1-1-2-1-2-1	2-2-1-1-1-1-1-2-1-4-4-8
786	2	1-1-1-1-1-1-1-1-1-1-1-1	1-1-1-3-1-1-3-1-1-1-3-1	1-3-4-1-1-1-3-1-1-1-1-3	3-0-1-3-5-3-1-6-1-1-3-5	1-1-1-6-1-3-3-3-1-1-1-3	1-4-3-2-2-3-3-1-1-1-0-4	3-1-1-0-3-1-1-3-1-1-5-3	1-4-3-3-5-1-1-8-3-1-0-0	2-0-1-3-4-2-1-3-1-2-4-3	1-5-1-1-3-4-3-1-3-0-1-5	1-1-1-1-1-1-1-1-1-2-3-1	1-3-3-3-3-1-3-1-3-2-1-4
786	3	3-3-2-1-3-1-1-3-1-1-1-2	1-4-3-2-1-1-2-4-4-1-2-1	1-2-6-1-4-1-4-1-6-4-4-2	2-3-1-2-2-2-4-2-4-4-4-2	2-1-5-2-2-4-4-2-4-3-1-2	1-3-5-2-3-2-4-2-1-3-3-2	2-2-4-4-2-3-4-2-1-1-0-2	1-2-2-2-2-1-3-4-2-5-0-4	3-0-4-2-5-1-3-2-5-3-2-2	0-2-3-1-2-5-2-4-2-3-2-2	2-5-3-8-7-1-0-1-1-5-2-1	1-2-2-5-2-2-5-1-2-6-3-3
786	4	1-4-1-6-1-5-1-4-1-1-5-5	5-3-3-2-1-1-5-3-5-5-5-5	7-5-5-2-4-5-3-5-5-6-3-4	6-5-6-5-2-5-5-2-3-3-3-2	1-5-2-4-6-3-5-5-4-5-1-8	5-2-3-4-6-7-3-6-1-1-1-2	4-2-3-5-5-7-3-5-1-1-5-3	1-2-2-3-2-5-3-5-4-4-0-6	4-5-3-2-2-4-6-5-1-5-2-4	5-2-7-3-5-2-3-3-5-6-5-2	6-1-6-3-5-5-5-5-5-2-3-6	1-2-5-4-1-1-2-5-6-1-1-2
786	5	4-7-1-5-6-4-5-5-1-1-4-4	4-6-6-2-4-5-4-3-4-4-4-4	3-4-4-4-2-4-6-4-6-7-6-4	4-4-6-7-2-4-4-2-6-7-6-2	2-4-3-2-4-6-6-4-6-4-6-2	4-4-3-4-4-2-6-5-5-5-1-5	3-6-5-4-4-5-6-4-1-5-8-5	1-2-2-6-2-4-7-4-4-6-4-4	3-4-6-4-4-6-4-4-3-5-2-5	4-2-5-6-6-3-6-1-4-4-4-2	4-3-4-1-4-4-4-4-4-3-6-7	6-5-4-3-1-3-3-4-4-1-5-1
786	6	6-6-8-8-5-5-8-7-6-6-7-6	6-5-5-6-5-1-7-6-4-4-7-4	6-4-7-7-7-3-5-7-5-4-5-7	7-7-5-4-7-7-5-2-5-3-7-2	7-4-8-2-4-7-7-7-5-6-5-7	7-5-7-6-4-4-7-5-5-5-1-7	3-5-5-4-4-6-5-5-1-5-7-7	1-2-2-7-7-4-3-6-4-5-7-4	8-4-5-4-7-1-4-4-5-5-7-5	4-7-4-5-7-7-5-1-5-4-7-6	4-6-4-1-3-4-4-4-7-7-5-4	5-7-6-6-7-1-6-4-4-3-6-3
786	7	6-8-6-6-6-8-8-8-8-7-7-8	8-3-5-6-7-1-8-6-4-6-6-8	4-6-4-6-6-4-6-6-5-5-7-6	6-6-7-5-6-6-8-6-5-5-6-8	6-4-1-4-4-6-8-6-5-7-8-6	6-1-6-8-4-4-6-5-7-7-3-6	8-5-5-4-8-7-8-8-7-7-6-6	7-6-2-6-6-1-5-6-8-5-6-4	1-7-7-8-6-1-1-4-1-7-6-2	4-6-4-6-6-6-5-7-8-4-6-2	4-7-4-1-3-7-4-2-6-6-6-5	5-6-8-7-6-2-2-4-2-6-6-3
786	8	8-7-6-6-8-7-7-8-7-6-6-7	7-8-8-6-8-8-7-8-8-8-6-7	8-8-8-8-8-8-8-7-8-8-7-8	7-8-8-8-8-8-7-8-7-8-8-7	6-4-8-8-8-8-7-8-8-8-7-8	8-8-7-7-8-7-8-8-8-8-8-7	7-8-8-8-7-8-8-7-8-8-5-6	8-8-8-6-8-8-8-2-7-5-6-4	6-8-8-8-2-8-8-4-8-4-6-2	1-8-8-8-8-8-8-7-7-8-7-8	1-1-1-3-1-4-4-4-4-8-8-8	8-5-7-1-1-8-8-4-8-8-3-1
787	0	0-0-0-0-0-0-0-0-0-0-0-0	0-0-0-0-0-0-0-0-0-0-0-0	0-0-0-0-0-0-0-0-0-0-0-0	0-0-0-0-0-0-0-0-0-0-0-0	0-0-0-0-0-0-0-0-0-0-0-0	0-0-0-0-0-0-0-0-0-0-0-0	0-0-0-0-0-0-0-0-0-0-0-0	0-0-0-0-0-0-0-0-0-0-0-0	0-0-0-0-0-0-0-0-0-0-0-0	0-0-0-0-0-0-0-0-0-0-0-0	0-0-0-0-0-0-0-0-0-0-0-0	0-0-0-0-0-0-0-0-0-0-0-0
787	1	1-1-1-1-1-1-1-2-1-1-1-2	1-1-0-1-0-1-1-1-2-1-2-2	1-1-3-0-1-1-2-1-0-0-2-1	1-3-2-2-1-2-1-2-0-0-0-1	0-5-1-1-3-0-1-1-0-1-0-1	2-0-0-1-1-4-0-0-0-0-0-2	0-0-0-6-0-0-0-2-0-1-4-0	0-0-2-2-1-8-0-0-7-3-1-0	7-3-1-0-0-1-1-2-0-1-1-2	1-1-1-0-7-1-0-1-2-6-0-0	4-0-1-2-5-2-0-7-6-1-0-1	1-2-1-1-7-1-0-1-1-1-1-0
787	2	4-2-3-1-3-3-3-3-4-3-3-1	3-3-2-1-4-3-1-3-4-3-3-3	2-3-2-3-3-3-3-3-3-3-4-3	3-1-3-3-2-3-3-4-3-3-3-1	4-1-3-4-5-2-3-2-3-3-4-2	3-6-3-3-3-3-3-3-5-2-6-1	2-5-2-2-2-3-3-3-2-3-2-3	2-4-7-3-2-6-2-3-1-4-6-3	2-1-3-2-3-8-7-1-3-5-1-1	3-2-6-2-1-2-8-3-3-3-3-4	2-9-5-3-3-3-4-5-9-2-3-2	4-1-2-4-6-4-2-3-1-6-1-2
787	3	2-2-2-2-2-2-2-2-2-2-2-2	2-2-2-4-2-2-1-2-2-2-4-2	2-5-2-2-2-4-2-2-2-4-2-2	4-1-2-2-7-4-2-7-4-2-2-1	2-1-4-4-4-4-4-4-2-2-2-4	4-5-4-2-2-2-4-2-2-0-0-5	4-8-2-1-4-2-3-4-2-2-1-4	2-3-2-4-4-1-5-9-6-1-3-2	3-1-2-4-2-2-1-4-2-3-4-5	2-4-2-2-4-4-2-2-4-2-2-7	8-5-2-2-2-2-2-1-1-3-2-1	2-4-3-6-1-2-5-2-3-3-3-3
787	4	2-4-2-2-2-4-2-2-2-2-2-2	2-5-5-3-2-2-2-3-2-2-3-5	5-4-2-2-3-3-5-2-2-3-5-5	3-4-5-2-3-3-2-2-5-4-4-2	2-1-3-3-3-3-5-3-4-5-2-3	3-7-3-2-5-1-5-2-2-4-4-4	3-3-2-1-3-4-5-3-0-2-1-3	2-3-2-3-3-5-8-5-3-2-2-2	2-1-2-3-4-2-1-3-4-2-3-3	2-3-0-6-3-3-2-4-3-2-2-2	1-3-2-7-2-2-2-1-1-3-7-4	2-3-3-2-2-2-3-2-8-2-7-8
787	5	7-4-2-2-2-4-2-2-2-2-6-2	6-4-4-3-2-2-6-6-6-2-6-6	6-6-6-3-5-2-6-5-3-6-4-4	6-7-7-5-3-3-6-1-4-4-4-9	2-1-3-6-7-3-6-6-4-4-2-9	6-3-3-5-7-8-4-6-2-0-0-3	3-3-4-1-6-2-4-6-2-2-6-3	4-3-7-3-3-4-2-7-3-7-7-8	7-1-6-3-3-5-7-7-2-5-3-3	6-7-2-6-6-4-6-2-7-8-7-2	7-3-2-4-6-7-7-2-0-3-3-5	2-3-3-5-5-7-3-7-7-2-4-3
787	6	6-6-5-6-6-4-2-2-2-2-5-5	5-7-7-3-2-2-5-5-5-8-5-5	5-5-5-2-7-7-7-8-7-5-7-7	5-5-7-5-3-5-7-2-7-8-6-5	2-1-3-5-5-7-7-5-7-2-2-2	5-2-3-6-4-5-7-5-2-6-2-6	2-7-7-1-5-6-4-5-6-7-5-3	2-3-2-3-3-5-7-5-3-8-2-5	4-5-5-3-6-5-5-5-2-8-3-3	5-3-2-7-5-3-5-9-5-5-5-3	5-7-2-4-2-9-5-1-1-3-5-3	8-3-5-7-2-2-3-5-2-2-6-2
787	7	8-5-7-8-6-2-7-8-9-9-8-8	5-6-6-3-8-2-8-5-5-6-8-5	9-7-8-8-8-8-8-9-8-3-6-8	8-5-5-8-8-8-6-8-8-6-8-5	8-9-8-8-5-6-8-8-6-7-8-8	8-4-8-7-5-5-6-8-2-7-0-6	8-6-6-1-5-7-4-8-2-2-8-8	2-8-2-8-8-1-9-8-1-7-8-5	9-1-5-8-8-5-2-5-4-6-8-5	2-5-2-6-8-8-9-4-5-2-8-8	5-6-2-4-2-5-5-1-1-3-4-5	6-7-7-8-1-5-7-5-5-2-8-4
787	8	7-9-7-7-8-9-8-7-9-7-7-7	9-6-6-3-2-9-7-7-5-6-7-9	7-7-7-7-7-7-7-6-7-6-7-7	7-8-8-7-7-7-9-7-7-8-7-1	7-1-7-7-5-8-7-7-8-8-7-7	9-7-7-8-8-5-7-7-8-8-4-8	7-3-0-8-9-8-5-7-8-2-7-7	8-7-2-7-7-9-4-7-8-6-7-5	8-8-8-8-7-2-8-7-2-6-7-0	9-8-8-7-7-7-2-4-5-5-7-8	7-8-7-2-9-8-5-8-8-8-8-8	6-9-8-8-8-8-8-5-4-6-7-4
787	9	9-8-7-7-9-8-7-9-7-7-7-8	8-9-9-3-9-9-8-9-9-9-7-9	9-8-9-7-9-7-8-7-8-9-9-9	7-9-9-9-9-9-8-9-9-9-9-5	7-7-9-9-5-9-8-9-9-9-3-7	8-9-8-8-9-5-9-7-9-9-9-9	8-9-9-9-8-9-4-9-9-9-5-7	9-9-9-9-9-8-7-3-3-6-5-8	8-8-9-9-7-9-9-8-9-2-9-4	8-9-9-9-9-7-9-6-9-9-7-9	5-2-6-9-8-6-5-9-9-9-9-9	6-8-7-9-6-9-9-5-9-9-8-9
788	0	0-0-0-0-0-0-0-0-0-0-0-0	0-0-0-0-0-0-0-0-0-0-0-0	0-0-0-0-0-0-0-0-0-0-0-0	0-0-0-0-0-0-0-0-0-0-0-0	0-0-0-0-0-0-0-0-0-0-0-0	0-0-0-0-0-0-0-0-0-0-0-0	0-0-0-0-0-0-0-0-0-0-0-0	0-0-0-0-0-0-0-0-0-0-0-0	0-0-0-0-0-0-0-0-0-0-0-0	0-0-0-0-0-0-0-0-0-0-0-0	0-0-0-0-0-0-0-0-0-0-0-0	0-0-0-0-0-0-0-0-0-0-0-0
788	1	1-1-1-1-1-1-1-1-1-1-1-1	0-2-1-0-0-1-0-2-0-1-0-2	1-0-0-1-1-0-2-1-0-1-2-1	0-0-0-0-0-0-0-0-2-2-2-1	0-0-0-0-0-2-2-0-1-0-1-0	0-0-0-0-1-0-2-0-2-1-0-0	0-1-1-0-0-0-0-2-1-1-0-1	1-1-0-2-1-0-4-2-0-1-0-0	1-0-0-0-1-0-0-2-2-1-1-0	0-0-3-0-1-0-1-1-0-0-0-1	0-1-1-1-1-0-2-0-0-0-0-8	0-1-0-0-0-1-1-0-0-0-0-1
788	2	2-2-2-2-1-2-2-2-2-2-2-2	3-1-1-4-2-2-4-1-3-2-3-3	1-3-0-4-3-3-1-3-0-3-1-3	3-3-4-3-4-3-1-2-3-1-1-0	3-0-2-3-0-1-3-3-3-0-10-3	4-3-3-0-2-3-3-4-1-2-0-4	0-3-1-0-3-0-3-1-2-1-4-3	0-2-5-3-5-3-3-4-4-1-0-0	2-0-3-3-5-0-0-3-1-2-6-2	0-3-1-3-3-4-3-2-3-0-0-5	0-2-0-2-3-3-1-0-0-2-3-5	0-3-2-0-5-2-3-0-2-3-2-5
788	3	3-3-2-3-3-3-3-3-3-3-3-3	2-5-4-2-2-3-0-4-2-3-2-4	4-2-0-2-2-2-4-2-4-2-4-2	2-2-2-2-2-2-4-2-2-3-4-0	2-0-2-2-0-4-4-2-2-3-1-2	2-2-4-3-3-2-4-2-1-3-9-3	4-4-3-0-2-3-5-1-1-7-0-2	3-2-2-2-2-2-2-2-2-6-4-0	4-0-2-2-6-2-0-4-6-10-4-3	0-2-5-4-2-2-5-3-2-0-4-2	5-2-0-3-9-2-5-0-0-2-2-1	0-2-2-0-0-3-2-3-2-2-3-2
788	4	4-3-4-4-3-4-3-4-4-4-4-4	5-3-3-2-2-5-2-3-5-5-5-5	3-2-5-2-5-2-3-2-3-2-3-5	2-5-2-2-2-2-3-2-5-6-3-0	2-0-2-5-5-3-5-4-6-4-5-5	2-4-3-4-4-2-5-2-1-4-3-4	4-3-3-0-2-3-3-5-4-3-2-2	3-2-2-3-2-4-6-2-2-4-3-0	3-0-2-2-2-6-0-5-10-1-3-5	0-2-3-5-10-2-3-5-3-0-3-2	5-2-4-5-5-4-0-0-0-6-4-1	4-5-2-4-0-4-2-0-5-4-3-2
788	5	6-8-6-6-5-5-7-9-5-5-5-6	5-3-3-6-2-4-5-5-6-4-4-6	7-6-7-6-4-9-6-7-3-6-4-4	6-7-6-4-2-6-3-7-4-4-3-7	2-5-6-4-7-3-6-6-5-5-4-6	6-6-3-6-5-2-6-6-3-3-3-5	8-3-3-5-2-9-3-4-4-3-2-2	3-3-2-6-2-6-4-4-2-5-5-10	5-6-6-6-2-9-5-6-1-5-2-4	6-5-3-6-6-2-6-4-6-6-6-2	6-2-6-4-4-10-6-5-6-6-6-2	5-4-5-6-5-5-5-5-4-4-3-2
788	6	5-7-5-5-5-6-6-6-6-5-5-5	5-7-7-5-5-6-5-5-5-4-5-5	5-5-5-5-4-5-7-8-8-5-7-7	5-5-5-4-5-5-7-2-7-4-6-5	2-5-5-4-5-6-7-5-4-6-4-5	5-5-3-8-5-2-5-5-6-6-0-6	5-4-7-5-5-6-6-4-6-3-0-2	6-2-5-5-6-5-4-5-3-4-5-5	6-5-5-5-3-4-5-5-8-5-2-3	5-5-6-5-5-2-5-6-5-5-5-2	5-2-5-4-10-5-5-5-5-5-5-2	5-5-5-5-5-5-5-0-4-9-3-8
788	7	8-6-8-5-7-6-7-5-8-7-7-8	7-6-6-9-8-5-8-9-8-8-8-8	5-8-5-10-8-10-8-8-8-8-6-6	8-5-8-9-8-8-8-5-6-8-7-5	9-5-5-7-5-7-8-8-7-8-4-8	8-8-8-7-6-2-8-7-6-6-0-8	8-8-6-7-8-7-7-8-6-3-9-8	0-7-9-7-9-5-6-9-8-4-9-0	10-5-8-8-7-5-0-8-4-6-7-5	0-9-7-8-0-8-8-7-8-5-8-2	0-7-4-6-0-0-7-0-5-9-8-7	5-9-7-9-9-9-9-0-7-7-7-8
788	8	5-10-7-10-5-8-7-6-7-7-9-7	7-9-9-7-7-9-7-7-7-7-7-7	5-7-7-5-7-7-9-7-7-9-9-7	7-5-7-7-7-7-7-4-9-9-9-5	7-0-5-9-5-9-9-7-9-7-4-7	7-7-9-9-8-2-9-7-8-8-8-7	5-4-8-7-7-8-9-9-8-9-7-7	6-9-10-9-7-5-9-7-7-8-7-10	8-0-7-7-8-4-0-7-6-8-9-8	0-7-8-7-9-7-9-9-7-0-7-2	0-2-9-8-0-0-10-5-5-7-7-1	5-7-5-5-7-8-7-0-9-7-8-6
788	9	7-8-7-9-9-10-10-5-10-9-9-10	7-8-8-7-9-8-7-7-10-9-7-10	5-7-9-10-7-5-8-7-7-9-8-9	7-5-9-7-7-7-10-7-8-8-8-10	7-5-5-8-7-8-8-9-8-9-4-5	10-5-8-8-9-10-8-7-9-9-3-7	10-4-8-7-7-9-8-8-9-8-7-7	9-8-5-8-7-5-10-7-7-9-7-9	10-5-7-8-9-5-9-10-10-9-8-5	7-7-9-10-8-7-8-8-10-9-9-2	10-9-8-4-3-9-9-5-9-7-7-7	8-7-10-7-9-5-7-5-8-6-8-8
788	10	10-8-7-8-10-9-9-10-9-7-7-9	9-8-10-7-10-10-7-10-10-10-7-9	10-10-10-7-9-10-10-9-10-10-9-10	9-10-10-10-10-10-9-10-9-10-10-9	7-10-10-10-10-8-9-10-10-10-2-10	9-10-10-9-10-9-9-10-10-10-10-9	9-10-10-10-10-10-10-10-10-10-9-7	10-8-8-8-10-10-10-2-2-8-7-9	9-10-10-10-7-10-10-9-9-3-8-10	5-10-8-9-10-2-10-7-9-10-10-10	6-10-8-9-5-5-9-5-9-7-10-10	5-9-9-5-7-10-10-5-10-10-4-10
789	0	0-0-0-0-0-0-0-0-0-0-0-0	0-0-0-0-0-0-0-0-0-0-0-0	0-0-0-0-0-0-0-0-0-0-0-0	0-0-0-0-0-0-0-0-0-0-0-0	0-0-0-0-0-0-0-0-0-0-0-0	0-0-0-0-0-0-0-0-0-0-0-0	0-0-0-0-0-0-0-0-0-0-0-0	0-0-0-0-0-0-0-0-0-0-0-0	0-0-0-0-0-0-0-0-0-0-0-0	0-0-0-0-0-0-0-0-0-0-0-0	0-0-0-0-0-0-0-0-0-0-0-0	0-0-0-0-0-0-0-0-0-0-0-0
789	1	2-1-1-2-1-1-1-0-1-1-1-1	1-0-0-1-0-1-1-1-2-1-2-2	3-2-2-1-1-2-2-2-0-1-0-2	2-1-2-0-1-2-0-4-0-0-0-4	1-2-1-0-2-0-2-1-0-0-1-3	1-1-2-1-1-1-0-0-0-0-0-2	1-0-0-3-1-1-0-0-0-0-3-0	1-0-0-0-1-2-1-0-0-1-1-0	1-2-2-0-2-1-1-2-0-1-1-0	2-1-1-0-1-1-0-0-1-2-3-0	0-0-1-1-1-1-2-0-0-1-0-1	1-0-1-3-0-1-0-1-1-1-1-1
789	2	1-2-1-1-2-2-2-2-2-2-2-2	3-0-0-3-0-2-1-4-3-2-4-1	1-1-1-4-3-3-1-1-1-4-2-3	3-1-1-3-3-3-0-7-3-0-2-1	2-1-1-3-1-2-3-3-1-2-2-1	3-3-3-2-1-3-3-2-2-0-0-3	4-4-0-0-3-0-2-3-0-2-2-3	1-4-7-3-2-1-0-4-2-2-0-0	2-1-1-3-4-0-0-4-0-4-4-2	1-3-0-3-3-4-0-0-3-1-0-4	3-4-1-4-8-2-1-2-0-3-2-2	1-4-1-0-0-2-3-1-2-2-2-2
789	3	3-4-1-3-3-3-3-3-3-3-3-4	2-4-4-2-0-2-1-3-2-3-2-4	1-2-1-2-2-2-4-4-4-2-4-4	2-1-1-2-2-2-8-2-4-4-4-1	2-1-1-3-3-2-4-2-4-3-2-1	2-2-4-2-3-2-4-2-3-3-3-3	2-2-4-1-2-3-4-2-3-0-1-2	3-4-2-2-2-2-4-4-2-3-3-3	0-1-2-2-0-2-1-2-3-0-2-3	2-2-3-2-2-2-4-4-2-4-1-2	2-0-3-3-1-2-3-3-1-2-2-3	1-3-1-1-6-2-2-3-3-5-3-3
789	4	4-3-4-5-3-3-4-4-3-4-4-5	4-3-3-5-0-2-5-3-3-4-2-3	8-5-5-2-3-5-3-3-3-2-3-3	4-4-1-5-2-2-3-1-3-3-3-1	2-8-3-4-4-3-3-4-3-4-3-8	0-1-3-2-4-2-3-4-3-0-0-4	2-2-3-4-5-4-3-5-3-4-4-0	4-2-2-3-2-5-3-2-2-4-4-7	4-4-5-2-2-5-4-2-0-4-2-3	5-4-0-3-2-2-3-3-5-3-4-2	8-2-4-5-6-4-7-4-5-2-2-4	4-2-4-4-5-4-2-4-4-7-1-2
789	5	6-5-6-4-6-6-6-7-6-6-6-8	6-6-5-4-6-6-4-6-6-6-6-6	5-6-6-7-6-6-6-6-6-6-6-5	6-4-6-5-6-6-6-7-6-6-6-6	6-4-7-4-6-5-5-5-6-7-7-6	6-6-3-5-4-6-6-7-6-5-0-6	8-7-5-5-5-5-3-5-5-6-8-6	5-2-6-6-5-7-5-6-2-6-6-5	5-4-4-6-6-7-6-6-8-5-5-5	6-6-5-6-6-6-7-5-4-6-4-2	6-8-6-6-8-8-4-4-4-5-7-5	6-6-7-6-6-7-6-7-5-6-5-8
789	6	5-5-5-6-5-5-5-5-5-5-5-5	5-5-5-7-5-5-7-7-5-5-7-7	6-7-7-5-7-5-7-5-5-7-6-6	7-7-5-7-7-7-5-5-5-5-7-5	7-7-8-7-8-5-7-7-5-6-5-7	7-5-7-7-5-7-5-7-5-5-0-5	7-5-6-5-5-5-3-6-5-7-7-5	5-7-5-7-7-5-8-7-2-5-7-4	8-4-5-7-7-5-5-5-5-5-7-3	5-7-7-5-7-7-6-7-8-5-7-7	4-5-5-5-5-5-4-4-7-6-5-6	8-5-6-7-7-5-7-4-5-5-7-5
789	7	6-8-6-6-5-5-5-5-6-5-6-5	5-5-6-6-5-5-6-6-5-6-6-6	1-6-6-5-6-7-6-6-6-6-6-5	6-6-5-6-6-6-5-5-5-5-6-4	6-6-5-6-7-6-6-6-7-5-5-6	6-6-6-6-7-6-6-5-7-7-3-7	6-5-5-8-6-7-6-6-7-6-6-6	7-6-2-6-6-5-3-6-8-5-6-4	7-4-7-6-6-5-7-5-5-5-6-3	7-6-6-3-6-6-6-8-8-7-6-6	5-5-7-6-6-5-4-4-6-7-5-7	5-7-5-6-6-5-6-5-3-4-6-5
789	8	8-7-6-6-8-7-6-8-5-5-5-5	5-5-8-6-8-5-6-8-8-8-6-6	8-8-8-5-8-5-6-5-7-8-5-8	6-8-5-6-8-8-6-8-8-8-8-5	5-4-8-8-6-8-7-8-8-6-5-5	6-8-7-6-8-6-8-8-8-8-8-8	5-8-8-8-6-8-3-8-8-8-5-5	8-8-2-6-8-6-6-6-7-5-6-6	6-7-8-7-5-8-8-5-5-5-6-3	7-4-8-8-8-7-6-7-6-8-6-8	4-5-5-3-5-5-4-4-4-6-8-8	6-7-5-5-6-8-8-4-8-8-7-5
790	0	0-0-0-0-0-0-0-0-0-0-0-0	0-0-0-0-0-0-0-0-0-0-0-0	0-0-0-0-0-0-0-0-0-0-0-0	0-0-0-0-0-0-0-0-0-0-0-0	0-0-0-0-0-0-0-0-0-0-0-0	0-0-0-0-0-0-0-0-0-0-0-0	0-0-0-0-0-0-0-0-0-0-0-0	0-0-0-0-0-0-0-0-0-0-0-0	0-0-0-0-0-0-0-0-0-0-0-0	0-0-0-0-0-0-0-0-0-0-0-0	0-0-0-0-0-0-0-0-0-0-0-0	0-0-0-0-0-0-0-0-0-0-0-0
790	1	1-1-1-2-1-1-1-1-1-1-1-2	0-2-1-0-0-2-0-1-1-1-0-1	1-0-0-1-0-0-2-3-0-2-2-0	0-0-2-0-0-0-2-0-0-1-2-0	1-2-1-0-0-1-2-0-1-2-0-0	0-0-0-0-0-0-2-0-2-1-2-0	0-1-1-0-0-1-2-0-1-1-0-0	1-1-1-0-1-0-2-0-0-2-0-0	1-0-2-0-3-0-0-0-2-0-1-0	0-0-1-2-0-0-1-1-0-0-0-1	0-0-3-2-0-1-1-0-0-0-2-1	0-0-0-0-0-1-0-1-0-0-0-2
790	2	2-1-2-1-2-2-2-1-2-2-3-3	2-1-1-3-0-1-3-3-3-1-3-3	0-3-4-5-3-4-3-4-3-3-1-3	3-3-3-3-3-3-1-7-2-0-3-2	3-1-0-5-0-3-3-3-2-1-3-3	2-0-3-2-2-3-3-3-1-1-1-4	3-3-1-0-3-2-1-3-2-2-2-3	1-5-2-3-2-0-1-2-4-1-0-2	2-0-3-3-4-3-0-4-1-1-2-3	3-2-0-1-3-4-3-1-3-0-0-5	2-2-1-1-7-2-2-0-0-3-3-1	3-3-3-0-2-2-3-0-2-2-2-4
790	3	3-3-2-3-3-3-3-3-3-2-2-2	2-4-4-2-4-3-2-4-2-2-2-2	4-2-2-2-2-2-4-1-4-2-4-2	2-4-2-2-2-2-4-2-4-4-4-0	2-0-0-2-0-2-4-2-3-3-2-2	2-7-4-2-3-2-4-2-1-3-5-3	2-2-3-5-2-3-3-2-3-3-2-4	3-2-2-2-2-0-6-4-3-3-0-3	3-0-2-2-5-5-0-4-5-3-2-2	2-2-3-6-2-7-2-3-2-4-4-2	2-2-1-3-8-4-2-0-0-2-2-3	2-2-2-4-2-2-2-3-2-4-2-3
790	4	5-3-5-3-3-3-4-3-4-4-2-5	5-3-3-2-3-5-5-6-5-4-5-5	4-5-5-2-3-5-5-5-3-6-3-3	5-6-6-6-4-6-5-0-3-3-3-7	2-5-0-4-6-3-5-5-4-5-5-8	5-4-3-4-6-6-3-5-4-3-3-2	2-2-3-4-5-2-3-5-3-4-5-3	1-2-2-3-2-5-3-5-5-4-5-6	4-4-5-5-2-4-6-5-6-7-2-4	5-6-3-5-3-2-3-3-5-6-5-3	6-5-4-3-5-6-5-6-6-2-2-5	4-2-5-3-5-6-2-5-6-5-4-2
790	5	4-6-4-5-3-5-5-5-4-4-2-4	4-6-6-2-3-4-4-6-4-4-4-4	6-4-4-2-2-4-6-7-6-7-6-6	4-4-4-4-2-4-4-2-6-7-6-4	2-4-3-2-4-6-6-4-6-4-6-2	4-6-3-4-4-4-6-4-5-5-3-5	6-6-3-3-4-5-6-4-5-5-4-5	5-2-4-2-2-4-7-4-4-5-4-4	5-4-6-4-3-3-4-6-5-5-2-2	4-2-5-6-6-6-2-5-4-4-4-2	5-6-5-3-4-4-4-4-4-2-6-4	3-2-4-6-4-4-2-4-2-4-5-6
790	6	7-5-8-7-5-5-6-6-4-8-7-7	4-5-5-6-4-7-4-4-7-4-4-4	5-7-4-7-7-6-7-5-5-7-5-7	7-4-4-7-7-7-5-7-5-5-7-7	7-4-7-4-4-7-7-7-5-7-7-7	6-6-5-6-4-4-5-6-5-6-3-7	5-5-3-3-5-6-5-7-6-6-7-5	6-7-2-7-6-4-8-7-6-4-7-4	8-6-5-6-6-6-4-5-5-6-6-2	4-7-6-5-7-5-7-3-4-4-7-6	4-6-6-3-4-4-4-4-4-5-5-6	3-6-6-7-7-4-6-4-4-7-7-5
790	7	8-8-6-6-7-8-8-6-8-7-6-6	4-3-5-6-7-6-8-6-6-7-4-8	8-6-4-6-6-7-6-5-8-5-7-6	6-7-7-6-6-6-8-2-6-7-6-4	6-4-6-2-7-6-6-6-7-7-6-6	8-3-8-8-7-4-7-7-7-7-3-7	8-5-3-7-8-7-7-6-7-5-6-6	7-6-2-6-6-8-3-6-8-5-6-4	7-7-6-6-6-6-7-5-4-4-6-2	6-6-7-6-6-3-6-6-8-7-6-6	6-7-6-6-2-7-4-5-6-7-7-7	8-6-6-6-6-7-6-4-6-6-6-7
790	8	8-7-6-6-8-7-7-8-7-6-6-8	4-8-8-6-8-7-7-8-8-8-6-8	8-8-8-2-8-8-7-8-7-8-5-8	8-8-8-8-8-8-7-8-8-8-8-4	6-4-8-8-8-8-7-8-8-8-7-6	7-8-7-7-8-4-8-8-8-8-8-8	7-8-8-7-7-8-8-8-8-8-6-8	8-8-2-8-8-7-6-6-7-5-6-8	6-7-8-8-6-8-8-7-8-4-6-8	6-6-8-8-8-8-8-3-7-8-6-8	6-8-5-8-3-7-4-4-8-7-8-7	8-7-4-5-7-8-8-4-8-8-7-8
791	0	0-0-0-0-0-0-0-0-0-0-0-0	0-0-0-0-0-0-0-0-0-0-0-0	0-0-0-0-0-0-0-0-0-0-0-0	0-0-0-0-0-0-0-0-0-0-0-0	0-0-0-0-0-0-0-0-0-0-0-0	0-0-0-0-0-0-0-0-0-0-0-0	0-0-0-0-0-0-0-0-0-0-0-0	0-0-0-0-0-0-0-0-0-0-0-0	0-0-0-0-0-0-0-0-0-0-0-0	0-0-0-0-0-0-0-0-0-0-0-0	0-0-0-0-0-0-0-0-0-0-0-0	0-0-0-0-0-0-0-0-0-0-0-0
791	1	1-1-1-1-2-1-1-1-1-0-1-2	0-2-2-0-0-0-0-2-0-0-0-0	0-0-0-0-0-0-2-2-0-0-2-0	0-0-0-0-0-0-0-0-2-2-2-0	0-0-0-0-0-2-2-0-1-0-0-0	0-0-0-0-0-0-2-0-1-1-4-0	4-1-1-0-2-0-0-0-1-2-0-0	1-1-0-0-0-0-0-0-0-1-0-0	0-0-0-0-0-0-0-1-0-1-0-0	0-0-1-0-0-1-0-4-0-0-0-1	4-0-0-0-0-0-0-1-2-0-1-4	6-1-1-0-0-1-0-0-0-0-0-0
791	2	2-1-2-2-1-1-2-1-2-2-2-3	2-1-1-2-2-0-0-1-1-3-0-1	3-3-0-6-3-2-3-1-0-4-1-3	3-0-3-2-3-3-0-2-1-1-1-0	3-0-0-2-0-1-3-3-2-0-0-2	3-4-3-0-2-5-3-3-1-1-0-3	3-2-1-0-3-0-0-3-4-2-3-3	2-2-2-3-2-3-4-9-2-0-1-0	2-0-3-3-4-2-0-4-0-2-2-2	2-2-0-0-3-2-3-2-3-0-0-2	1-2-0-0-3-4-0-2-1-3-4-1	1-2-2-3-0-2-2-0-2-2-2-4
791	3	2-3-2-3-3-3-3-3-3-3-3-2	2-4-3-2-5-5-2-4-3-5-4-3	2-2-2-2-2-4-4-5-5-2-4-2	2-3-3-2-2-2-6-2-4-4-4-0	2-0-0-2-0-3-4-2-3-3-0-2	2-2-5-0-3-2-4-2-3-3-3-2	6-2-4-0-2-3-4-2-2-5-2-2	5-4-4-2-2-2-6-4-2-5-3-4	3-0-2-2-3-2-4-2-6-3-4-3	3-2-4-9-2-2-2-4-2-3-0-2	1-2-9-9-2-2-4-1-4-2-2-3	3-2-2-4-3-4-2-0-1-2-5-4
791	4	5-3-5-4-4-3-4-4-5-5-5-5	4-3-3-5-5-5-5-6-5-5-5-6	8-5-6-2-4-5-5-5-5-2-3-5	5-6-5-5-2-5-5-2-3-3-3-5	2-5-4-5-6-3-5-5-4-4-0-9	8-2-3-4-6-7-5-2-3-3-3-2	1-2-3-3-5-4-3-5-2-3-4-2	5-3-5-3-2-5-5-2-5-4-4-6	5-5-5-2-2-6-6-5-3-4-3-3	5-2-3-5-5-2-0-3-5-5-4-2	6-2-6-3-9-5-5-7-6-5-5-1	1-2-4-3-5-7-2-5-5-8-2-2
791	5	4-6-4-6-5-5-5-5-5-4-4-4	4-6-6-4-3-4-4-7-4-4-4-5	4-4-4-2-2-4-6-6-7-7-6-4	4-4-4-4-2-4-4-2-6-6-5-4	2-4-4-4-4-5-6-4-6-6-6-4	8-4-3-5-4-2-6-5-5-5-3-5	8-5-8-5-4-5-4-4-5-3-4-2	4-2-4-3-5-4-7-6-2-5-4-4	4-4-4-2-3-2-4-4-5-8-2-2	4-2-5-6-4-4-6-5-4-4-4-2	4-2-0-5-4-4-4-4-4-4-4-3	5-2-5-5-4-5-2-4-4-4-5-9
791	6	6-5-9-7-5-5-6-6-6-9-6-7	4-5-5-6-5-7-7-6-7-7-7-7	4-7-4-2-8-8-7-5-7-7-5-6	7-4-7-8-8-8-3-6-5-5-6-6	8-4-7-6-4-6-7-7-5-4-8-6	8-7-7-6-6-4-7-7-5-5-0-8	5-5-5-8-7-6-6-7-5-5-8-6	6-6-4-7-8-4-3-8-7-6-8-4	9-4-7-7-6-4-4-7-7-7-6-2	4-6-6-7-4-7-7-6-7-4-8-2	4-6-6-0-0-6-4-4-4-8-7-6	1-5-6-6-8-4-6-4-4-5-6-7
791	7	6-9-4-9-4-7-7-7-6-6-6-4	6-5-8-6-8-8-6-8-6-6-6-6	4-6-6-7-6-4-8-6-5-8-8-6	6-4-6-6-6-6-8-2-8-8-8-6	6-4-6-8-4-8-8-6-8-7-6-6	6-6-8-6-7-4-8-6-7-7-3-7	5-5-5-6-6-6-8-8-7-8-6-6	5-8-4-8-6-4-3-6-6-7-6-4	7-4-6-6-7-4-4-6-6-6-6-2	4-6-7-6-8-6-8-8-6-4-6-2	4-6-8-9-4-4-4-4-6-6-6-7	8-5-4-6-4-4-6-4-4-3-8-6
791	8	6-9-8-6-8-9-9-9-9-8-8-9	9-7-7-6-8-7-6-6-4-6-7-9	4-6-4-9-6-4-7-8-9-7-7-6	6-4-8-6-6-6-9-6-7-7-7-9	6-4-6-7-4-7-7-8-7-8-6-6	9-6-7-6-8-4-7-7-8-8-7-6	9-5-5-6-4-8-7-7-8-7-6-6	8-7-4-7-6-4-3-6-6-5-6-4	8-8-6-7-6-4-8-5-9-5-7-2	4-6-8-7-7-6-7-7-7-7-6-2	7-8-7-0-0-8-8-6-7-6-8-6	7-5-8-6-6-5-7-4-7-4-6-7
791	9	9-7-6-7-9-8-8-9-8-6-6-8	8-7-9-6-9-9-6-9-9-9-6-8	9-9-9-9-8-9-9-8-9-9-8-9	7-9-9-9-9-9-8-9-8-9-9-8	2-4-9-9-9-7-8-9-9-9-6-9	8-9-9-6-9-4-8-9-9-9-9-8	8-9-9-9-9-7-9-9-9-9-8-8	9-7-2-8-9-9-9-2-6-7-8-8	6-8-9-9-2-2-9-6-8-9-7-5	4-9-7-4-2-2-9-9-8-9-4-9	4-9-3-7-4-8-4-4-4-6-9-9	9-5-8-5-4-9-9-4-4-9-2-5
792	0	0-0-0-0-0-0-0-0-0-0-0-0	0-0-0-0-0-0-0-0-0-0-0-0	0-0-0-0-0-0-0-0-0-0-0-0	0-0-0-0-0-0-0-0-0-0-0-0	0-0-0-0-0-0-0-0-0-0-0-0	0-0-0-0-0-0-0-0-0-0-0-0	0-0-0-0-0-0-0-0-0-0-0-0	0-0-0-0-0-0-0-0-0-0-0-0	0-0-0-0-0-0-0-0-0-0-0-0	0-0-0-0-0-0-0-0-0-0-0-0	0-0-0-0-0-0-0-0-0-0-0-0	0-0-0-0-0-0-0-0-0-0-0-0
792	1	1-1-1-1-2-1-1-1-1-1-1-1	1-1-0-1-0-2-1-2-2-2-2-3	2-2-2-0-1-2-2-2-0-0-2-2	2-2-2-2-1-2-1-2-0-0-2-3	0-2-2-2-2-0-2-2-2-1-0-1	1-0-0-1-1-2-0-0-0-0-0-2	2-0-0-3-2-4-0-2-0-1-3-2	2-0-3-2-1-2-0-0-3-2-2-3	2-2-2-0-0-1-2-2-0-1-2-2	3-1-1-2-2-1-0-1-2-2-0-0	0-0-3-2-4-3-2-2-3-1-0-1	1-0-3-1-2-1-0-3-1-1-1-0
792	2	1-1-1-1-1-1-1-1-1-1-1-1	3-1-0-3-0-1-1-1-1-1-1-1	1-4-1-3-3-3-1-1-0-3-1-3	3-1-1-4-3-3-3-1-3-1-3-1	5-1-1-5-1-3-3-3-1-6-3-3	3-4-3-2-2-5-3-5-0-2-0-1	3-3-6-1-3-2-3-3-1-4-1-1	1-5-7-3-5-1-2-6-2-1-5-1	1-1-3-3-4-3-1-1-1-2-5-2	1-3-1-1-1-4-3-2-3-1-0-2	2-4-2-1-1-2-1-1-1-2-3-2	0-3-2-5-1-2-3-1-3-2-2-4
792	3	1-4-1-4-1-1-3-3-3-1-1-1	2-4-4-2-1-1-1-4-1-1-1-4	1-2-1-2-2-2-4-5-4-4-4-2	2-1-4-2-2-2-2-1-4-3-4-1	2-1-1-5-3-2-4-2-3-1-2-2	2-2-4-2-4-2-4-2-4-3-6-3	2-2-4-1-2-3-6-2-0-5-1-2	0-2-1-2-2-4-6-4-1-3-6-4	3-1-2-2-1-2-8-1-5-3-3-2	1-2-0-2-1-6-2-3-2-2-0-2	3-0-1-3-1-1-1-3-1-2-2-1	1-3-1-6-1-5-2-1-6-6-6-2
792	4	3-3-5-4-5-1-4-4-1-4-4-4	4-3-3-2-5-5-5-6-5-1-5-5	8-5-6-5-4-5-3-6-3-5-3-5	5-4-3-5-2-5-5-2-3-3-3-1	2-1-4-4-6-3-5-5-4-4-2-4	5-2-3-4-6-2-3-2-3-3-0-5	7-2-3-1-5-1-3-5-4-2-1-3	1-2-2-3-2-5-5-5-2-4-4-6	6-1-3-2-2-4-6-5-6-4-2-4	5-8-1-0-5-3-0-3-5-5-6-2	4-2-1-3-4-6-6-6-1-8-2-6	4-3-5-0-4-6-2-6-5-3-1-2
792	5	5-6-4-8-5-5-5-5-5-4-4-4	4-6-6-2-7-5-4-6-4-6-4-4	4-4-7-4-2-7-6-7-6-4-6-4	4-4-6-4-2-4-7-2-6-7-3-4	2-4-4-4-4-2-6-4-6-4-4-4	4-2-3-4-4-2-6-2-5-5-0-6	8-6-5-1-4-5-3-4-5-3-1-6	6-2-4-3-2-4-6-4-2-5-2-4	5-5-6-2-5-4-4-4-8-4-2-6	4-2-5-6-4-3-2-7-4-4-6-2	4-6-4-5-4-4-4-5-1-2-2-5	4-2-4-2-4-3-2-4-4-5-5-7
792	6	7-5-6-7-5-5-6-6-6-8-6-7	4-5-5-7-7-5-7-7-7-5-4-4	7-7-4-7-7-5-5-4-5-7-5-7	7-4-5-7-7-7-4-7-5-5-7-4	2-5-8-7-4-7-7-7-5-6-7-7	5-5-7-6-4-1-7-2-3-5-3-7	3-5-5-4-5-5-3-5-6-3-7-6	5-7-2-7-7-1-8-6-6-4-7-4	8-1-5-7-7-4-4-4-4-6-6-5	4-7-5-5-7-7-7-3-4-4-7-2	4-7-6-1-8-4-4-4-1-7-5-6	4-6-6-7-4-4-2-4-3-3-3-2
792	7	6-8-6-6-7-8-8-6-8-7-6-6	8-5-5-6-5-8-6-6-8-5-8-8	7-6-4-6-6-7-6-5-8-6-7-6	6-7-7-6-6-6-8-6-6-5-6-1	6-1-6-6-4-7-6-6-7-7-6-6	8-0-6-8-4-1-6-2-3-7-7-7	4-5-5-4-8-5-8-6-7-3-6-6	7-6-2-6-6-1-8-7-8-4-6-4	7-7-7-6-6-7-7-4-4-5-6-5	7-6-1-5-7-6-6-5-3-4-6-7	4-7-6-3-5-7-4-7-1-6-7-7	5-7-6-6-4-7-2-4-7-3-2-2
792	8	8-7-8-5-8-7-7-8-7-6-6-8	7-5-8-6-8-7-6-8-8-8-7-8	8-8-8-6-8-7-7-5-7-8-8-8	7-8-8-8-8-8-7-8-6-8-8-1	6-1-8-8-8-8-7-8-8-8-6-6	8-8-7-7-8-8-8-8-8-8-8-8	5-8-8-8-7-8-7-8-8-8-8-8	8-8-2-8-8-7-6-6-7-4-5-4	6-8-7-8-2-8-8-4-5-4-8-8	1-8-5-5-8-5-8-7-8-8-8-8	4-8-3-8-6-8-8-4-8-4-8-8	8-7-8-8-0-8-8-4-8-8-3-8
793	0	0-0-0-0-0-0-0-0-0-0-0-0	0-0-0-0-0-0-0-0-0-0-0-0	0-0-0-0-0-0-0-0-0-0-0-0	0-0-0-0-0-0-0-0-0-0-0-0	0-0-0-0-0-0-0-0-0-0-0-0	0-0-0-0-0-0-0-0-0-0-0-0	0-0-0-0-0-0-0-0-0-0-0-0	0-0-0-0-0-0-0-0-0-0-0-0	0-0-0-0-0-0-0-0-0-0-0-0	0-0-0-0-0-0-0-0-0-0-0-0	0-0-0-0-0-0-0-0-0-0-0-0	0-0-0-0-0-0-0-0-0-0-0-0
793	1	1-1-1-1-1-1-1-1-1-1-1-2	2-2-1-0-1-2-2-2-2-2-2-2	1-2-1-2-2-2-2-2-3-2-3-2	2-0-2-2-1-0-2-2-1-2-1-2	2-1-1-2-1-1-2-1-1-2-2-1	4-2-2-2-0-2-1-2-2-1-4-2	4-2-1-1-2-1-0-2-1-1-0-4	2-0-0-1-1-2-1-2-1-1-2-1	1-1-2-1-2-6-4-0-2-1-1-2	1-1-2-2-1-1-2-1-0-4-0-1	1-2-3-2-2-7-1-1-1-1-2-2	2-1-1-1-1-1-2-1-1-1-1-1
793	2	1-1-1-1-1-1-1-1-1-1-1-1	1-1-1-2-1-1-3-1-1-1-1-1	1-3-2-1-1-1-3-1-1-1-1-1	3-0-1-1-3-3-1-4-1-1-5-1	1-1-3-1-1-2-3-3-1-1-1-2	1-3-1-1-2-3-3-1-1-1-0-3	3-1-1-0-3-2-1-3-1-2-3-3	1-2-4-3-3-1-7-4-2-1-1-0	4-0-1-3-4-1-1-3-1-2-4-1	4-4-1-1-3-2-1-1-3-1-4-4	4-4-1-1-1-4-0-0-0-3-1-1	1-3-3-4-4-1-3-1-2-2-2-4
793	3	1-3-1-1-1-3-1-1-1-1-1-1	1-4-5-2-1-1-2-4-1-1-2-4	0-2-1-1-2-5-4-6-1-2-4-4	2-3-4-1-2-2-5-2-4-4-3-1	2-0-5-5-2-2-4-2-3-4-1-2	1-2-4-1-3-2-4-3-3-3-5-2	2-4-5-5-2-3-5-2-3-3-2-2	3-2-4-2-2-1-5-2-2-1-0-1	3-0-4-2-3-1-3-2-1-3-2-3	2-2-1-4-2-2-2-3-2-1-7-2	6-2-7-5-1-0-0-3-4-2-1-1	1-2-2-4-0-3-2-0-6-2-3-6
793	4	4-7-7-7-1-5-4-4-4-4-4-7	5-3-3-5-1-1-5-5-6-1-5-5	7-4-5-2-4-5-3-5-5-5-3-4	5-5-5-5-2-2-3-2-3-3-4-7	2-7-2-6-5-3-5-5-5-3-4-4	1-1-3-4-5-7-3-2-5-3-1-2	7-3-2-5-5-4-3-4-3-3-5-1	5-2-5-3-2-5-3-2-2-5-5-5	5-4-5-2-2-5-5-2-1-4-2-5	5-7-1-5-5-2-3-3-5-1-5-2	5-2-4-3-5-5-5-5-7-3-5-4	1-2-5-5-5-1-1-5-7-5-3-2
793	5	4-3-6-4-1-4-5-5-4-5-5-6	4-3-3-4-6-1-4-4-6-1-4-4	5-4-4-6-6-3-4-4-4-5-3-5	4-4-4-6-6-6-3-2-6-3-6-4	6-4-7-3-4-5-6-6-4-5-5-6	1-7-6-5-4-1-6-6-4-5-3-6	3-5-3-6-4-6-3-7-5-3-6-6	4-6-4-6-6-4-3-6-6-4-6-4	4-4-4-6-6-4-4-6-4-4-6-4	4-4-1-4-4-6-6-3-4-4-4-6	4-6-4-3-4-4-4-4-4-4-4-5	1-3-4-6-4-4-1-4-6-4-6-6
793	6	5-7-5-4-6-7-7-5-7-5-5-7	6-3-3-4-5-7-5-4-4-6-4-7	7-7-5-5-5-6-7-7-4-6-6-6	5-6-6-5-5-5-3-5-5-6-5-4	5-4-1-4-6-5-5-5-6-6-5-5	7-1-5-5-4-7-5-5-6-6-3-5	7-5-3-5-6-6-3-5-6-3-5-5	6-5-3-5-5-4-3-5-5-4-5-6	6-4-4-6-5-1-4-5-1-5-5-1	7-5-1-4-5-7-5-7-7-1-5-5	3-6-4-3-7-1-4-5-2-6-1-6	1-7-4-5-6-3-1-4-5-4-5-5
793	7	7-4-7-4-7-7-6-7-6-5-5-6	4-7-7-4-7-7-5-7-7-7-4-6	7-7-7-6-7-7-6-6-6-7-7-7	6-7-7-7-7-7-4-7-7-7-7-4	5-4-5-7-7-7-6-7-7-7-5-5	6-5-5-6-7-4-7-7-7-7-7-7	6-7-7-7-6-7-7-7-7-7-4-7	7-5-7-6-5-6-2-5-2-4-1-6	6-4-7-6-5-7-4-6-7-7-7-3	5-4-7-7-7-6-5-6-6-7-3-7	4-7-3-4-6-1-4-4-4-6-7-7	6-6-4-1-2-7-7-4-4-7-2-1
794	0	0-0-0-0-0-0-0-0-0-0-0-0	0-0-0-0-0-0-0-0-0-0-0-0	0-0-0-0-0-0-0-0-0-0-0-0	0-0-0-0-0-0-0-0-0-0-0-0	0-0-0-0-0-0-0-0-0-0-0-0	0-0-0-0-0-0-0-0-0-0-0-0	0-0-0-0-0-0-0-0-0-0-0-0	0-0-0-0-0-0-0-0-0-0-0-0	0-0-0-0-0-0-0-0-0-0-0-0	0-0-0-0-0-0-0-0-0-0-0-0	0-0-0-0-0-0-0-0-0-0-0-0	0-0-0-0-0-0-0-0-0-0-0-0
794	1	1-1-1-2-2-1-1-2-1-1-2-1	2-2-1-2-2-2-2-2-4-1-2-1	1-2-4-1-2-2-2-2-2-2-2-2	2-1-2-3-1-0-2-2-2-2-2-1	2-1-2-3-2-1-2-1-2-2-4-1	4-2-2-3-2-2-2-2-2-1-4-2	2-1-2-1-1-5-0-2-2-1-1-4	1-3-1-0-1-2-1-2-1-2-2-3	1-0-1-0-2-3-2-0-2-0-1-0	2-1-2-2-2-2-2-1-2-2-2-1	1-7-4-4-2-4-1-1-1-1-2-1	2-1-1-1-3-4-1-7-3-3-1-1
794	2	1-1-1-1-1-1-1-1-1-1-1-1	1-1-1-1-1-1-1-1-1-1-3-1	0-2-0-1-3-1-3-1-1-1-1-3	3-0-1-1-3-3-1-3-1-1-3-1	1-1-3-1-1-3-3-3-1-1-1-3	3-1-3-1-1-3-3-1-1-1-0-4	3-4-1-0-3-1-0-3-1-2-6-3	1-2-4-3-2-1-7-1-2-1-1-1	2-0-3-4-4-2-1-3-1-2-4-4	1-2-1-1-3-4-3-1-3-1-1-4	0-1-1-1-1-2-1-0-0-3-1-1	1-2-2-1-0-1-3-1-2-1-2-1
794	3	1-3-1-1-1-1-1-1-1-1-1-1	1-5-3-2-1-1-1-4-1-1-2-1	4-2-1-1-4-1-4-5-1-2-4-4	2-3-3-1-2-2-1-2-4-5-4-1	2-0-2-1-2-4-4-2-3-1-1-2	2-5-5-1-3-2-4-2-3-3-5-2	2-2-4-0-2-1-5-4-3-3-2-2	3-1-0-2-2-1-5-5-3-3-5-1	3-1-2-2-3-1-3-2-1-3-2-3	1-2-3-4-4-4-4-5-2-4-1-2	6-5-5-5-1-2-1-0-0-2-1-1	1-2-2-1-1-1-2-1-5-1-5-1
794	4	5-3-1-5-1-1-1-5-5-4-5-5	5-3-3-5-1-5-5-5-5-1-5-5	3-5-6-2-3-1-3-3-1-5-3-3	5-4-5-5-2-2-5-4-3-3-3-4	2-4-4-4-4-3-5-4-5-4-1-4	1-5-3-6-4-1-3-2-1-3-1-2	5-2-3-5-3-1-3-3-1-1-5-1	1-2-2-2-2-5-3-2-5-4-5-5	5-5-5-2-2-1-5-5-1-4-2-2	5-5-4-3-3-2-3-3-5-5-4-2	5-5-1-1-5-7-5-5-5-5-5-4	1-2-2-5-6-5-4-5-7-5-3-1
794	5	6-3-5-7-5-6-6-4-4-5-5-4	4-3-3-7-4-4-7-6-4-1-4-4	6-6-4-7-6-6-6-6-6-6-6-6	4-4-4-4-6-6-4-5-6-3-5-4	6-4-7-1-4-5-6-5-4-7-6-6	6-7-6-7-5-6-6-6-1-5-3-5	4-6-3-4-4-1-3-6-5-7-4-6	3-6-7-6-6-4-3-6-4-4-6-4	4-4-4-6-7-1-4-4-3-6-6-5	4-4-3-6-6-6-4-3-4-4-4-6	4-6-3-3-4-4-4-4-4-4-5-4	1-5-4-4-4-4-4-4-3-4-6-6
794	6	5-7-5-5-6-7-5-7-7-6-7-7	4-3-3-5-4-7-5-5-4-6-5-4	5-5-4-5-5-5-5-7-5-5-5-5	6-6-6-5-5-5-7-1-5-6-5-4	5-4-7-5-6-6-7-6-6-6-5-5	5-5-5-7-6-5-5-5-3-6-3-7	7-5-1-4-6-1-3-5-6-5-2-6	6-5-5-5-5-7-3-5-6-0-5-4	6-4-4-5-5-6-4-5-1-5-5-5	4-5-6-5-5-5-3-3-7-4-4-5	4-5-5-1-7-7-4-4-4-6-5-6	1-5-4-4-4-5-6-4-3-3-5-5
794	7	7-6-5-5-7-7-5-7-6-5-6-6	4-3-7-5-7-7-5-7-7-7-5-5	7-7-7-5-5-7-6-6-6-7-7-7	6-7-7-7-7-7-6-7-6-7-7-4	5-4-7-7-6-7-6-7-7-7-5-7	6-7-7-6-7-7-7-7-7-7-7-7	6-7-7-7-7-7-7-7-7-7-4-7	7-7-5-6-5-6-5-5-5-7-6-4	6-7-7-7-5-7-7-5-7-5-7-5	6-4-7-7-7-5-7-6-7-7-1-7	1-1-7-3-6-4-4-4-4-7-7-7	7-6-4-1-1-7-7-1-7-7-3-7
795	0	0-0-0-0-0-0-0-0-0-0-0-0	0-0-0-0-0-0-0-0-0-0-0-0	0-0-0-0-0-0-0-0-0-0-0-0	0-0-0-0-0-0-0-0-0-0-0-0	0-0-0-0-0-0-0-0-0-0-0-0	0-0-0-0-0-0-0-0-0-0-0-0	0-0-0-0-0-0-0-0-0-0-0-0	0-0-0-0-0-0-0-0-0-0-0-0	0-0-0-0-0-0-0-0-0-0-0-0	0-0-0-0-0-0-0-0-0-0-0-0	0-0-0-0-0-0-0-0-0-0-0-0	0-0-0-0-0-0-0-0-0-0-0-0
795	1	1-1-1-1-1-1-1-0-1-1-1-1	1-1-1-1-0-1-1-1-1-1-0-0	1-1-3-1-0-0-0-1-0-0-1-0	0-0-3-0-1-1-0-5-0-0-0-5	1-1-1-0-1-0-0-1-0-1-0-0	0-3-0-1-1-4-2-1-0-0-0-0	1-0-0-1-1-1-1-0-0-1-1-1	1-0-0-1-1-1-0-6-1-1-1-1	0-1-1-1-0-1-1-3-1-1-1-3	1-1-0-2-1-1-0-0-0-1-1-1	0-0-1-0-0-0-1-0-0-1-0-0	1-0-1-1-0-1-2-1-1-1-1-0
795	2	2-2-3-2-2-3-2-2-2-3-3-2	3-3-2-2-4-3-2-2-3-3-3-3	2-3-4-3-6-3-2-2-5-3-4-3	3-2-3-3-2-2-3-2-3-2-2-2	5-2-1-4-5-2-3-2-1-3-5-2	2-4-3-6-0-3-1-3-3-2-0-5	2-2-2-2-2-2-2-3-3-2-2-5	4-2-2-1-2-3-4-4-2-3-2-3	2-1-2-6-3-2-5-5-4-1-2-1	2-2-2-3-6-2-2-2-0-3-2-2	2-8-6-2-6-4-3-2-4-2-3-5	2-2-2-5-3-5-2-3-4-2-5-3
795	3	2-2-2-2-2-2-2-2-2-2-2-2	2-2-2-3-2-2-1-2-2-2-2-2	1-4-2-2-4-2-4-2-2-4-2-2	4-4-1-4-4-4-2-5-2-0-3-1	2-2-1-0-4-3-4-4-3-2-2-4	2-1-2-2-3-5-4-2-2-0-0-4	4-5-2-3-4-3-0-4-2-3-4-4	2-5-5-4-4-2-8-8-4-2-2-2	2-1-2-4-5-0-2-4-2-2-3-1	3-4-0-2-4-3-4-2-4-2-2-5	4-5-2-4-0-3-2-2-7-4-2-2	2-4-4-4-2-2-4-2-2-3-3-2
795	4	2-4-2-2-6-2-2-2-2-2-2-2	2-5-4-3-2-2-1-2-2-2-2-2	1-4-2-2-3-2-5-2-2-3-5-3	3-4-6-3-3-3-2-2-5-6-5-1	2-2-1-2-3-3-5-3-4-6-2-3	2-2-5-2-4-3-5-2-4-4-6-4	3-5-5-8-3-4-5-3-4-4-3-3	2-5-5-3-3-2-6-2-3-2-1-2	2-1-5-3-4-2-3-3-6-4-3-4	2-3-4-2-3-3-3-7-3-2-2-3	3-3-2-5-2-2-2-2-3-3-2-2	2-3-3-3-3-2-3-2-2-3-6-6
795	5	2-4-2-6-4-5-2-2-2-2-5-8	5-4-4-8-2-2-6-6-2-7-6-6	6-6-7-2-5-6-4-6-2-3-4-5	6-6-6-5-3-6-6-1-4-4-4-1	2-8-1-5-6-5-6-6-5-5-2-8	2-1-4-5-6-3-4-3-4-4-0-2	3-4-4-6-5-5-4-5-2-3-6-2	2-4-4-4-3-6-4-3-3-6-6-7	6-6-4-3-3-2-2-6-4-6-3-4	6-6-0-5-4-3-7-4-6-6-6-3	6-3-2-2-2-6-6-6-6-4-3-2	5-3-5-6-6-2-4-6-6-6-2-3
795	6	7-6-6-8-4-6-2-2-2-2-5-2	5-4-4-7-2-2-8-7-2-5-7-5	5-7-5-8-7-8-7-7-5-7-6-7	5-5-5-7-7-7-5-3-7-4-7-1	7-5-1-7-5-6-7-7-5-8-7-7	6-8-7-2-5-7-7-7-6-6-4-4	8-7-4-4-5-6-6-5-2-6-5-6	2-7-7-7-7-5-4-7-6-5-5-5	5-5-2-7-8-2-5-7-4-5-7-4	5-7-0-2-2-7-6-4-5-5-5-7	5-6-2-2-2-5-5-5-5-7-2-4	2-6-6-5-5-2-7-5-5-5-7-4
795	7	8-8-6-2-7-8-6-8-8-2-2-8	5-4-4-6-2-8-6-6-2-5-6-5	5-6-5-2-6-7-6-6-8-6-7-6	7-7-7-6-6-6-8-2-6-7-6-1	6-5-1-6-7-7-6-6-7-7-6-6	6-1-6-2-5-6-6-6-7-7-0-7	8-6-4-7-6-7-7-6-7-6-6-7	7-6-6-6-6-8-4-6-7-5-6-5	7-8-7-6-6-0-7-6-5-7-6-7	7-6-7-2-3-6-6-4-8-7-6-6	6-6-7-0-8-8-5-6-6-7-7-7	5-6-7-7-5-2-6-2-6-5-6-6
795	8	8-7-6-6-8-7-6-8-7-2-2-5	6-8-8-6-8-8-6-8-8-8-7-6	8-8-8-6-8-8-7-6-7-8-8-8	7-8-8-8-8-8-7-8-8-8-8-5	6-5-8-8-8-8-7-8-8-6-6-5	7-8-6-7-8-8-8-8-8-8-8-8	7-8-8-4-6-8-8-6-8-6-1-8	8-8-6-7-8-7-6-6-6-5-1-5	2-5-8-8-6-8-8-5-8-8-6-8	3-8-8-8-8-6-8-8-8-8-5-8	5-2-8-8-7-7-8-5-8-5-8-8	8-3-7-2-3-8-8-2-8-8-3-8
796	0	0-0-0-0-0-0-0-0-0-0-0-0	0-0-0-0-0-0-0-0-0-0-0-0	0-0-0-0-0-0-0-0-0-0-0-0	0-0-0-0-0-0-0-0-0-0-0-0	0-0-0-0-0-0-0-0-0-0-0-0	0-0-0-0-0-0-0-0-0-0-0-0	0-0-0-0-0-0-0-0-0-0-0-0	0-0-0-0-0-0-0-0-0-0-0-0	0-0-0-0-0-0-0-0-0-0-0-0	0-0-0-0-0-0-0-0-0-0-0-0	0-0-0-0-0-0-0-0-0-0-0-0	0-0-0-0-0-0-0-0-0-0-0-0
796	1	1-1-1-1-1-1-1-1-1-1-1-1	1-0-0-1-1-1-1-2-0-1-2-0	0-2-0-2-2-2-2-2-0-3-0-2	2-0-0-2-3-2-0-1-1-0-1-0	1-0-1-0-0-1-2-2-1-0-0-1	2-3-2-0-0-1-2-1-1-1-3-3	3-2-1-0-2-1-1-2-1-1-5-1	1-1-3-1-1-1-0-1-1-0-0-2	1-0-0-2-3-1-0-2-0-1-1-2	0-3-0-0-2-1-0-1-2-0-0-1	3-1-0-1-0-1-0-0-0-1-1-1	0-1-1-0-0-1-2-0-1-2-1-3
796	2	2-3-2-2-3-2-2-2-2-2-2-3	1-3-2-1-0-3-1-1-3-3-1-3	2-1-4-1-1-1-3-1-0-1-3-1	1-2-3-1-1-1-0-3-3-3-3-4	2-3-4-2-3-1-3-1-3-2-4-1	1-1-3-0-2-1-3-1-2-2-4-2	4-1-2-2-1-2-3-1-2-2-4-3	2-3-1-3-1-3-4-3-1-5-0-1	4-0-3-1-4-1-4-1-2-2-1-1	0-4-2-5-3-2-3-2-1-3-0-1	3-1-6-2-6-1-0-3-3-1-3-2	5-1-1-2-0-1-1-0-1-3-3-4
796	3	4-2-3-2-2-2-3-2-3-3-3-2	3-2-2-4-0-2-4-1-2-2-4-2	3-4-4-1-3-4-2-3-4-1-2-3	4-4-2-1-1-1-0-4-2-2-4-6	1-4-1-3-2-2-2-3-2-3-3-2	1-4-2-0-3-5-2-1-2-2-1-4	1-1-1-2-4-1-2-4-1-2-6-2	2-2-4-2-1-2-3-2-1-3-3-5	4-4-4-1-1-4-3-6-2-3-1-4	4-6-3-4-2-1-2-2-4-2-3-1	6-1-4-2-4-4-5-4-6-1-2-4	0-1-3-2-3-4-1-6-6-2-2-1
796	4	5-4-5-4-5-5-6-5-6-5-4-5	5-2-2-3-5-5-5-4-5-5-5-5	4-5-6-5-5-5-5-5-5-5-6-5	5-5-3-5-5-5-5-5-5-3-5-4	5-3-5-5-4-5-5-5-3-4-5-5	5-3-5-4-0-3-5-5-2-4-2-5	5-5-4-2-3-4-4-5-4-6-5-5	2-5-3-5-5-4-6-5-2-3-5-6	3-3-3-5-6-3-3-5-2-3-5-3	5-5-4-3-5-4-5-4-3-3-3-5	3-5-3-6-5-3-3-3-3-5-4-4	6-5-4-2-3-3-5-3-3-2-2-2
796	5	4-6-4-4-4-6-4-4-4-4-4-4	4-4-2-3-4-4-4-4-4-4-4-4	3-4-4-4-4-4-4-4-4-4-5-4	4-4-5-4-4-4-4-4-4-4-4-6	4-3-4-4-5-4-6-4-5-5-4-4	4-5-4-6-5-3-4-4-5-5-2-4	4-4-4-2-5-5-4-4-5-4-4-4	5-4-1-4-4-5-6-4-1-5-4-3	5-5-5-4-5-1-3-4-3-3-4-1	4-4-3-2-4-4-4-4-6-4-3-4	4-5-3-5-4-6-3-3-0-4-4-5	4-4-6-5-4-3-4-3-4-3-2-2
796	6	6-5-4-4-6-5-4-6-4-4-4-5	4-6-6-3-6-4-4-6-4-6-4-5	6-6-6-4-6-6-4-4-4-6-4-6	5-6-6-6-6-6-5-6-5-6-6-5	4-4-6-6-6-6-5-6-6-6-4-4	4-6-4-5-6-3-5-6-6-6-6-5	5-6-6-6-4-6-6-6-6-4-4-6	6-4-6-5-6-4-5-4-1-3-3-4	4-6-6-5-4-6-3-3-6-2-4-2	4-3-6-6-1-4-4-4-6-6-3-6	3-1-2-4-2-5-3-3-3-5-6-6	4-5-5-2-3-6-6-3-3-6-4-4
797	0	0-0-0-0-0-0-0-0-0-0-0-0	0-0-0-0-0-0-0-0-0-0-0-0	0-0-0-0-0-0-0-0-0-0-0-0	0-0-0-0-0-0-0-0-0-0-0-0	0-0-0-0-0-0-0-0-0-0-0-0	0-0-0-0-0-0-0-0-0-0-0-0	0-0-0-0-0-0-0-0-0-0-0-0	0-0-0-0-0-0-0-0-0-0-0-0	0-0-0-0-0-0-0-0-0-0-0-0	0-0-0-0-0-0-0-0-0-0-0-0	0-0-0-0-0-0-0-0-0-0-0-0	0-0-0-0-0-0-0-0-0-0-0-0
797	1	1-1-1-2-1-1-1-1-1-1-1-1	1-2-1-2-2-2-2-2-2-1-2-1	1-2-2-0-2-2-2-2-2-2-2-2	2-1-2-3-1-0-2-2-1-2-1-3	2-3-1-3-4-1-2-1-2-2-3-1	4-2-2-1-1-2-1-2-1-1-4-2	4-2-1-1-2-1-0-2-2-1-4-4	1-1-1-1-1-2-1-2-1-1-2-1	1-1-2-1-2-6-2-0-2-1-1-2	1-1-2-2-1-3-4-1-2-6-0-1	4-7-7-3-2-7-1-1-1-1-2-1	1-1-2-1-1-1-1-1-4-1-1-1
797	2	1-1-1-1-1-1-1-1-1-1-1-1	3-1-1-3-1-1-1-1-1-1-1-1	1-3-1-3-1-1-3-1-1-1-1-1	3-0-1-1-3-3-1-1-1-1-3-1	1-1-7-1-1-3-3-3-1-1-1-3	1-1-4-2-2-1-3-3-1-1-0-4	1-1-1-0-3-2-1-3-1-2-6-3	1-2-4-3-4-1-7-6-4-1-1-0	0-0-3-4-4-1-1-3-1-2-4-1	4-6-1-1-3-4-3-1-3-0-4-4	0-4-0-1-1-1-1-0-6-2-3-2	0-4-1-4-0-3-4-0-6-2-2-4
797	3	1-3-1-4-1-1-1-1-1-1-1-1	2-4-3-2-1-1-2-4-1-1-2-4	1-2-1-2-2-1-4-4-1-2-4-4	2-3-4-1-2-2-1-1-4-1-4-1	2-1-2-1-3-2-4-2-3-1-1-2	1-1-2-3-3-2-2-2-3-3-6-3	3-1-1-0-2-3-4-2-1-3-0-2	1-2-2-2-2-4-6-4-3-3-0-3	3-0-2-2-1-2-6-2-1-3-2-3	4-2-1-1-2-1-2-4-2-4-0-2	0-1-1-1-1-1-1-4-0-4-2-3	0-2-1-4-1-4-2-0-6-4-5-2
797	4	4-3-4-6-3-4-4-1-4-4-4-1	4-3-3-4-1-1-5-6-1-1-4-5	6-5-6-1-4-1-3-5-5-5-3-4	4-4-5-5-2-2-6-5-3-5-5-4	1-7-1-4-5-3-3-4-5-3-1-4	1-1-2-5-6-5-3-2-1-1-1-5	1-2-3-7-5-4-3-5-1-2-7-1	1-2-2-3-2-3-3-2-2-4-5-5	5-6-6-2-2-0-5-2-1-4-2-4	2-7-1-5-4-2-1-3-5-1-5-2	7-2-4-3-1-5-6-5-7-3-2-4	1-2-4-2-5-3-2-6-1-3-1-2
797	5	6-6-6-6-6-6-7-6-6-6-6-6	4-3-6-7-6-6-6-5-6-6-6-6	5-4-6-6-6-7-5-6-6-6-5-5	6-4-4-6-6-6-6-6-6-4-6-5	6-4-6-6-4-6-6-6-4-5-6-6	5-5-6-4-4-6-6-6-3-5-3-6	6-6-5-7-4-5-6-7-5-7-6-6	1-6-5-6-6-6-3-2-6-4-4-4	4-4-4-5-6-5-4-6-1-6-6-4	7-6-5-4-6-7-7-1-4-1-4-6	4-6-4-6-7-4-4-4-6-5-1-5	7-1-5-6-6-5-5-4-6-5-6-7
797	6	5-5-5-5-5-5-5-5-5-5-5-5	5-5-5-5-5-5-5-5-5-5-5-5	4-7-5-5-5-6-5-5-5-5-6-5	5-6-6-5-5-5-5-5-5-5-5-5	5-4-5-5-6-5-7-5-6-6-5-5	5-5-5-7-4-5-5-5-6-6-3-6	5-5-5-6-6-6-5-5-6-3-5-5	6-5-2-5-5-5-3-2-7-4-5-6	6-4-4-6-5-1-4-7-1-5-5-1	6-6-1-5-5-2-5-1-7-1-6-5	5-6-6-5-7-6-4-4-5-6-1-6	1-6-6-6-6-6-5-4-5-3-5-2
797	7	7-5-5-5-7-5-5-7-5-5-5-6	5-7-7-5-7-5-5-5-5-7-5-5	7-7-7-5-7-6-6-6-6-7-5-7	6-7-7-7-7-7-6-7-7-7-7-4	5-4-7-7-7-6-6-7-7-7-5-5	6-7-5-5-7-5-7-7-7-7-7-7	6-7-7-7-6-7-7-5-7-7-5-5	7-5-7-6-5-5-2-2-6-4-5-6	5-4-7-6-5-7-7-6-7-1-5-5	6-4-7-7-6-5-5-5-6-7-4-7	4-1-1-5-5-1-4-4-4-6-7-7	5-6-6-1-2-7-7-4-7-7-5-5
798	0	0-0-0-0-0-0-0-0-0-0-0-0	0-0-0-0-0-0-0-0-0-0-0-0	0-0-0-0-0-0-0-0-0-0-0-0	0-0-0-0-0-0-0-0-0-0-0-0	0-0-0-0-0-0-0-0-0-0-0-0	0-0-0-0-0-0-0-0-0-0-0-0	0-0-0-0-0-0-0-0-0-0-0-0	0-0-0-0-0-0-0-0-0-0-0-0	0-0-0-0-0-0-0-0-0-0-0-0	0-0-0-0-0-0-0-0-0-0-0-0	0-0-0-0-0-0-0-0-0-0-0-0	0-0-0-0-0-0-0-0-0-0-0-0
798	1	1-1-1-1-1-1-1-1-1-1-0-1	2-0-0-1-0-1-0-0-0-1-2-0	0-3-0-4-2-2-0-4-0-4-0-1	2-0-0-2-3-2-0-1-2-1-1-0	1-0-1-2-2-2-2-2-1-1-0-0	3-0-2-0-0-2-2-3-1-1-0-3	2-2-1-0-2-1-1-2-1-1-0-4	1-1-4-2-4-2-2-3-3-0-0-0	1-0-2-2-4-0-0-2-0-0-4-1	3-2-0-0-2-4-2-1-2-0-0-4	1-1-0-1-2-1-0-1-0-1-2-0	2-2-1-1-1-1-1-0-2-2-1-4
798	2	2-2-2-2-2-2-2-2-2-2-2-2	1-4-2-1-1-2-0-3-1-2-1-3	2-1-2-1-1-1-3-2-0-1-3-1	1-3-2-1-1-1-3-2-1-2-3-2	1-0-4-1-1-1-3-1-3-2-0-1	1-0-3-0-2-1-3-1-2-2-7-2	1-1-2-4-1-1-4-1-0-2-0-1	2-4-1-3-2-1-4-1-1-0-0-0	3-0-1-1-2-1-0-1-3-2-3-2	0-1-5-1-1-1-4-2-1-1-3-1	3-1-3-2-1-1-0-2-0-1-1-0	1-1-1-1-1-1-1-2-1-1-6-1
798	3	3-2-3-3-2-3-3-4-3-3-4-3	3-2-2-1-3-3-1-2-4-3-4-4	2-1-0-1-4-1-4-1-2-1-2-4	4-4-4-4-1-1-2-3-4-4-2-0	3-0-0-4-1-2-4-3-4-0-4-4	1-3-2-3-3-1-4-1-1-3-2-1	3-1-2-0-1-1-2-4-3-2-6-1	2-2-3-2-1-3-6-1-1-3-4-0	2-0-1-1-1-3-0-4-8-2-2-4	1-1-4-4-4-1-2-4-2-0-2-1	2-1-3-4-4-3-0-2-1-1-3-3	3-4-1-3-0-3-1-3-6-4-2-3
798	4	4-4-4-5-2-3-4-5-4-4-5-5	4-2-2-5-5-3-5-3-5-3-5-3	4-5-6-5-3-6-3-1-5-1-2-3	4-6-3-3-1-5-3-6-3-3-2-7	1-8-8-3-6-2-3-4-3-4-3-4	5-5-2-7-4-8-3-1-4-2-2-4	7-6-2-2-5-4-2-3-3-8-8-1	4-2-6-5-1-6-2-3-4-4-4-4	6-4-6-5-1-4-6-3-3-4-1-3	4-5-6-6-3-1-2-3-6-4-5-1	6-1-5-3-3-8-6-4-5-1-4-4	4-3-4-4-4-4-1-4-4-3-4-1
798	5	5-5-7-6-6-6-6-6-7-6-6-6	6-6-5-4-7-7-4-6-7-6-6-6	5-4-5-7-6-6-6-6-6-6-7-6	6-5-6-7-6-4-6-7-6-6-5-4	7-6-6-7-4-5-6-6-5-5-7-5	6-4-6-7-6-8-6-6-5-5-2-4	4-5-5-5-4-7-6-6-6-2-5-8	5-5-5-6-5-4-5-6-4-7-8-8	5-4-5-4-6-6-4-4-7-4-6-7	6-4-5-5-4-1-6-7-4-4-8-1	7-8-5-3-8-8-4-4-6-8-6-7	8-5-5-8-7-7-6-7-5-5-5-8
798	6	5-5-5-8-5-5-5-5-5-5-5-5	5-5-5-7-5-5-6-7-5-5-7-5	4-7-4-5-5-5-7-5-5-5-5-7	7-4-5-7-7-7-5-4-5-5-7-4	5-5-5-7-4-5-7-7-5-5-5-7	5-4-7-6-5-5-7-5-5-5-2-7	4-4-5-5-7-6-5-7-5-5-7-6	5-7-7-7-7-4-8-5-4-4-7-5	4-4-4-7-5-5-4-8-5-6-7-3	5-8-7-4-7-6-7-5-4-5-5-1	4-1-5-3-5-4-4-4-5-7-5-6	4-7-5-4-5-5-7-5-3-6-2-5
798	7	5-5-5-6-5-8-5-5-5-5-5-8	5-5-5-6-5-5-6-6-5-5-6-5	4-6-5-5-6-5-6-5-5-6-7-6	6-7-7-6-6-6-5-5-6-5-6-4	5-5-5-6-7-6-6-6-7-5-5-6	8-4-6-5-7-4-6-5-7-7-2-6	4-5-5-4-6-5-8-6-5-5-6-6	7-6-6-6-6-4-5-5-4-5-6-7	7-7-6-6-7-4-4-7-5-6-6-4	5-6-6-4-6-1-6-5-8-5-5-6	5-7-5-3-2-5-4-4-5-6-5-7	4-8-5-4-5-5-6-5-5-5-2-5
798	8	8-5-6-6-8-7-5-8-5-5-5-7	5-5-8-6-8-5-6-6-8-8-6-7	8-8-8-5-8-5-8-5-5-8-7-8	7-8-5-8-8-8-7-8-5-8-8-4	5-4-4-8-7-8-7-8-8-8-1-6	5-8-8-7-8-5-8-8-8-8-8-7	5-8-8-8-7-8-7-6-8-8-5-5	8-5-5-7-8-8-6-6-6-4-5-5	6-8-8-8-1-8-8-6-3-5-6-3	6-6-8-8-3-1-8-5-8-5-5-8	5-5-5-8-5-4-7-5-5-5-8-8	5-7-5-5-5-8-8-5-8-8-3-5
799	0	0-0-0-0-0-0-0-0-0-0-0-0	0-0-0-0-0-0-0-0-0-0-0-0	0-0-0-0-0-0-0-0-0-0-0-0	0-0-0-0-0-0-0-0-0-0-0-0	0-0-0-0-0-0-0-0-0-0-0-0	0-0-0-0-0-0-0-0-0-0-0-0	0-0-0-0-0-0-0-0-0-0-0-0	0-0-0-0-0-0-0-0-0-0-0-0	0-0-0-0-0-0-0-0-0-0-0-0	0-0-0-0-0-0-0-0-0-0-0-0	0-0-0-0-0-0-0-0-0-0-0-0	0-0-0-0-0-0-0-0-0-0-0-0
799	1	1-1-1-1-1-1-1-1-1-1-1-2	1-2-2-0-0-2-0-1-1-2-0-1	1-0-0-1-1-1-2-1-0-2-2-1	0-0-2-0-1-0-0-1-2-4-2-0	0-0-1-0-0-2-0-0-1-0-2-0	4-7-2-0-0-0-2-0-1-1-4-5	2-2-2-0-0-1-0-0-1-3-2-0	1-1-0-2-1-4-1-0-1-2-4-0	1-0-2-0-1-1-4-2-3-1-0-0	0-1-1-2-2-0-0-1-2-0-0-1	4-1-7-6-6-1-0-0-0-0-3-1	2-1-7-1-0-1-2-0-1-1-1-7
799	2	2-1-2-1-1-1-1-1-1-1-1-1	1-1-1-3-3-1-3-2-3-1-3-3	0-3-0-4-3-1-3-3-0-3-1-3	3-0-3-2-4-3-0-3-1-1-1-3	2-1-1-0-0-1-3-3-1-2-1-2	3-3-3-0-2-3-3-3-1-1-0-4	1-4-1-0-3-0-3-3-2-2-3-3	1-2-2-3-3-3-2-4-3-1-2-0	1-0-3-3-4-2-1-3-4-2-3-3	0-3-0-1-3-4-3-1-3-0-0-4	0-1-1-4-1-2-0-2-0-2-1-1	1-2-2-3-0-2-3-0-2-2-2-1
799	3	3-3-2-3-3-1-3-1-2-3-3-4	2-5-4-2-2-3-2-4-2-1-2-2	4-2-2-2-2-5-4-2-4-2-4-2	2-3-2-2-2-2-3-2-4-1-4-2	2-0-5-3-0-3-4-2-3-3-1-2	2-2-4-0-6-2-4-2-3-3-5-3	6-2-3-6-2-3-4-2-1-1-2-2	3-4-7-2-2-2-6-5-2-3-3-0	3-0-2-2-3-2-3-2-1-3-2-2	0-2-3-3-2-2-2-1-2-4-3-2	0-1-1-5-2-2-0-0-0-2-1-1	1-2-2-2-0-3-2-0-0-2-2-1
799	4	5-3-7-6-4-4-4-2-4-7-5-7	4-3-3-5-6-5-5-5-5-1-5-5	5-5-5-5-4-5-5-5-3-5-3-4	5-5-5-5-2-2-7-2-3-1-3-5	2-7-7-4-5-3-5-4-4-4-6-7	1-5-3-4-5-2-3-2-1-3-1-2	5-2-3-5-5-4-5-5-2-3-5-5	1-3-5-3-2-5-3-2-5-4-5-5	5-6-5-2-2-4-5-5-6-4-3-6	5-5-3-0-3-2-3-1-5-5-5-2	5-5-5-5-1-5-5-5-5-2-4-4	1-2-5-3-5-5-2-6-5-5-2-1
799	5	6-7-5-7-3-5-5-5-4-6-6-5	6-3-3-4-4-6-4-6-4-1-7-4	4-6-4-4-6-4-6-4-6-6-6-6	6-4-4-6-6-6-4-6-6-1-6-4	6-4-3-6-4-5-6-6-5-5-4-6	5-4-6-6-4-4-6-5-5-5-3-6	3-5-3-4-4-0-4-6-5-7-6-4	3-6-4-6-6-4-3-6-4-4-6-4	4-4-4-5-6-4-4-6-1-4-6-2	4-4-0-0-4-1-7-1-4-4-4-2	4-6-4-3-4-4-4-4-4-5-5-5	0-4-4-6-4-4-5-4-6-4-6-1
799	6	5-5-5-5-6-7-5-5-7-5-5-7	5-3-3-5-4-5-4-5-7-6-5-7	4-5-4-7-5-6-5-5-7-5-5-5	5-6-6-5-5-5-4-5-5-1-5-4	5-4-3-5-6-6-5-5-6-5-4-5	5-4-5-5-3-7-5-5-6-6-3-6	3-2-1-6-7-6-3-5-6-5-5-5	3-5-4-5-5-7-3-5-7-4-5-4	6-4-6-6-5-4-6-7-4-6-5-4	6-5-6-5-6-2-3-6-7-6-6-2	4-6-1-1-1-7-4-4-5-6-6-6	7-7-6-5-6-6-5-4-5-4-5-1
799	7	7-5-7-5-7-7-5-7-6-4-5-6	5-7-7-5-7-7-5-7-7-7-5-6	4-7-7-6-7-7-6-6-6-7-7-7	5-7-7-7-7-7-4-7-7-1-7-4	5-4-7-7-7-7-6-7-7-7-4-5	6-1-7-6-7-6-7-7-7-7-3-7	6-7-7-7-6-7-7-7-7-7-5-7	7-7-3-7-7-6-6-5-6-4-5-6	6-5-7-6-5-7-7-6-7-7-5-7	5-4-7-7-7-2-5-6-6-7-4-7	4-7-1-7-1-6-4-4-4-6-7-7	7-7-7-7-4-7-7-4-7-7-6-1
800	0	0-0-0-0-0-0-0-0-0-0-0-0	0-0-0-0-0-0-0-0-0-0-0-0	0-0-0-0-0-0-0-0-0-0-0-0	0-0-0-0-0-0-0-0-0-0-0-0	0-0-0-0-0-0-0-0-0-0-0-0	0-0-0-0-0-0-0-0-0-0-0-0	0-0-0-0-0-0-0-0-0-0-0-0	0-0-0-0-0-0-0-0-0-0-0-0	0-0-0-0-0-0-0-0-0-0-0-0	0-0-0-0-0-0-0-0-0-0-0-0	0-0-0-0-0-0-0-0-0-0-0-0	0-0-0-0-0-0-0-0-0-0-0-0
800	1	1-1-1-1-1-1-1-1-1-1-1-2	2-2-1-0-2-2-3-2-2-2-4-2	1-2-4-3-2-2-2-2-4-2-3-2	2-1-2-3-1-0-2-3-2-2-2-1	2-1-1-3-1-1-2-1-2-2-3-1	4-2-2-2-2-2-2-2-2-1-4-2	4-1-1-1-2-4-2-2-1-1-1-2	1-1-1-1-1-2-1-0-1-3-2-1	1-0-1-0-1-1-4-0-2-1-1-2	3-1-1-2-1-1-2-1-2-3-0-1	4-0-4-0-1-2-1-4-2-1-2-1	2-1-1-1-3-1-4-2-1-1-1-2
800	2	1-1-2-2-1-1-1-1-1-1-1-1	1-1-1-2-1-1-1-1-1-1-3-1	0-3-0-6-3-1-3-1-1-1-1-1	3-0-1-1-3-3-1-2-1-1-1-1	3-1-3-0-0-3-3-3-1-1-1-3	3-3-2-1-1-3-3-4-1-1-5-3	3-8-1-2-3-2-1-3-2-1-2-3	1-2-2-3-3-1-1-9-2-0-1-0	2-0-3-3-4-2-1-3-1-2-2-1	1-3-1-1-3-2-1-1-3-1-0-4	1-2-0-1-1-1-1-0-1-3-3-1	1-2-2-1-1-2-3-1-2-2-2-4
800	3	1-3-1-3-3-1-1-1-1-1-3-4	1-4-4-2-1-1-1-1-1-1-2-1	2-3-1-1-2-1-4-5-1-2-4-4	2-3-3-1-2-2-1-2-4-3-4-1	2-0-2-1-5-2-4-2-3-3-1-2	2-2-4-0-3-2-4-2-3-3-8-3	6-2-1-3-2-3-4-2-3-3-2-2	3-2-1-2-2-4-6-2-2-4-1-1	1-0-2-2-5-2-5-2-1-2-4-4	4-2-3-3-2-2-5-8-2-1-9-2	0-2-9-6-1-1-1-0-1-2-2-1	1-2-2-3-1-1-2-0-8-2-3-1
800	4	4-3-1-5-3-1-1-4-1-1-1-5	4-3-3-2-1-1-5-6-5-1-5-5	7-5-6-2-4-5-5-5-1-2-3-3	5-6-5-5-2-5-9-2-3-3-3-8	1-9-2-4-7-1-3-5-4-4-1-7	1-5-3-5-5-2-3-2-1-1-1-2	1-2-2-4-5-1-3-5-4-1-9-1	1-2-7-3-2-3-5-2-2-4-4-7	7-8-4-2-2-4-1-2-1-4-2-3	5-2-3-3-2-2-3-1-5-5-5-2	7-2-1-4-5-1-8-7-6-1-2-1	1-2-4-1-5-1-1-8-9-7-1-2
800	5	7-5-6-4-6-6-6-6-7-7-6-4	4-6-6-4-6-7-4-6-6-3-4-6	8-4-5-7-2-6-4-6-6-6-4-6	6-5-4-6-2-4-7-8-6-5-5-4	8-5-5-8-5-5-6-5-6-5-6-5	8-4-3-4-6-2-5-8-6-5-2-5	7-6-5-5-4-5-8-4-5-8-7-3	5-5-4-5-5-4-7-7-2-6-7-4	5-4-6-5-5-8-3-6-8-8-5-7	4-7-5-6-5-3-6-5-4-4-4-2	4-8-7-6-9-5-4-4-4-9-6-3	7-6-5-5-4-8-8-4-4-7-3-9
800	6	5-5-7-7-5-5-5-5-5-5-5-6	4-5-5-7-5-5-7-5-5-7-7-7	4-7-8-2-7-5-7-5-7-5-5-5	7-4-7-5-7-8-5-8-5-7-6-6	7-4-9-6-4-6-7-7-5-7-5-7	5-7-7-8-5-4-7-6-5-5-8-8	3-5-5-6-7-6-4-7-5-5-8-6	5-6-4-7-7-1-3-8-8-5-8-4	4-4-7-7-6-5-8-7-5-5-6-5	4-8-6-5-7-3-7-6-7-5-8-2	4-6-3-5-8-6-4-4-4-6-7-6	3-5-6-8-5-5-5-4-0-4-6-5
800	7	5-8-6-6-9-5-5-5-5-5-5-4	6-8-7-6-5-5-6-8-6-6-6-6	4-6-5-5-6-6-8-8-6-5-8-6	6-4-6-5-6-6-8-6-8-6-8-4	6-4-8-5-4-8-8-6-7-7-5-6	6-6-6-6-4-2-6-6-7-7-8-7	5-5-5-6-8-8-8-6-7-5-6-6	5-8-4-6-6-4-5-5-6-5-5-4	4-4-6-6-7-4-8-6-5-5-6-5	4-5-6-5-6-8-8-5-6-1-8-2	4-6-5-5-4-6-4-4-6-6-6-6	8-6-6-6-4-4-6-4-4-5-6-5
800	8	9-7-5-6-7-5-5-9-9-5-5-9	5-7-7-6-5-5-6-7-9-8-6-9	5-6-6-5-6-8-7-7-9-8-7-7	6-8-8-5-6-6-7-6-7-6-7-4	6-4-7-5-8-7-7-6-7-8-5-8	9-6-7-6-5-9-7-5-8-7-7-6	9-2-5-6-7-8-7-7-8-5-6-6	8-7-4-7-6-1-3-6-6-5-6-4	8-4-9-8-6-5-7-8-5-5-6-5	9-6-6-5-2-7-7-3-9-4-8-2	4-5-8-5-5-8-4-4-6-8-8-6	7-8-8-6-6-5-5-4-3-4-6-2
800	9	9-7-6-6-7-9-5-9-8-5-5-8	8-7-9-6-9-9-8-9-9-9-8-8	9-8-9-5-9-9-8-8-8-9-9-9	8-9-9-9-9-9-8-9-8-9-9-4	2-4-9-9-9-9-8-9-9-9-7-9	8-9-9-6-9-8-9-9-9-9-9-9	8-9-9-9-8-7-9-9-9-9-8-6	9-7-9-8-9-4-9-2-8-5-5-7	8-4-9-9-2-9-9-6-9-5-6-3	8-4-9-9-2-2-9-3-8-9-4-9	4-5-3-3-5-8-4-4-4-8-9-9	9-5-8-5-5-9-9-4-9-9-3-5
801	0	0-0-0-0-0-0-0-0-0-0-0-0	0-0-0-0-0-0-0-0-0-0-0-0	0-0-0-0-0-0-0-0-0-0-0-0	0-0-0-0-0-0-0-0-0-0-0-0	0-0-0-0-0-0-0-0-0-0-0-0	0-0-0-0-0-0-0-0-0-0-0-0	0-0-0-0-0-0-0-0-0-0-0-0	0-0-0-0-0-0-0-0-0-0-0-0	0-0-0-0-0-0-0-0-0-0-0-0	0-0-0-0-0-0-0-0-0-0-0-0	0-0-0-0-0-0-0-0-0-0-0-0	0-0-0-0-0-0-0-0-0-0-0-0
801	1	1-1-1-1-1-1-1-1-1-1-2-2	3-2-1-0-1-2-2-2-1-2-0-2	1-2-1-3-2-3-2-1-2-2-2-2	2-1-2-3-1-2-2-1-2-2-2-1	2-2-1-3-2-1-2-1-2-2-3-1	4-2-2-2-2-2-2-2-2-1-4-2	1-1-1-1-2-2-2-2-1-2-1-1	1-0-2-0-1-2-1-5-1-2-0-3	1-3-1-0-2-3-5-1-2-0-1-2	2-1-1-0-0-1-2-1-2-2-2-1	4-3-4-1-1-2-1-4-1-1-2-2	7-1-1-2-2-4-1-2-1-1-4-1
801	2	1-1-2-2-1-1-1-1-1-1-1-1	1-1-1-2-1-1-1-1-1-1-3-1	0-1-1-1-3-1-3-3-1-1-1-1	3-0-1-1-3-3-1-5-1-1-3-1	1-1-3-1-1-3-3-3-1-1-1-3	3-1-1-1-1-4-3-1-1-1-0-3	3-3-1-3-3-1-1-3-1-1-3-3	1-2-4-3-3-1-1-3-3-1-0-0	2-0-3-3-4-3-1-4-1-2-2-1	3-3-1-1-3-2-3-1-3-1-1-3	1-2-0-1-1-1-0-0-1-3-1-1	1-2-3-1-1-1-3-1-2-2-2-1
801	3	1-4-1-1-1-1-1-1-1-1-1-1	1-5-4-2-1-1-1-2-4-1-2-2	1-3-1-1-2-1-4-2-1-2-4-4	2-4-3-1-2-2-1-2-5-5-4-1	2-1-2-1-1-3-4-2-3-3-1-2	2-2-5-1-3-2-2-3-4-3-6-2	2-2-4-3-2-3-4-2-1-5-2-2	3-2-4-2-2-1-5-2-2-0-1-1	1-1-2-2-3-2-3-2-1-3-2-4	4-2-3-4-2-2-2-6-2-1-1-2	0-1-1-3-1-1-0-0-0-2-1-2	1-2-2-3-1-1-2-1-2-3-3-1
801	4	3-3-7-5-3-4-4-1-4-5-4-6	5-3-3-2-1-1-5-6-5-5-5-5	7-5-5-2-4-5-3-6-5-2-3-3	5-5-5-5-2-5-7-2-3-3-3-4	1-5-2-4-5-3-5-5-4-7-1-7	1-2-3-5-5-2-3-2-3-3-1-2	7-2-3-4-5-4-3-1-4-1-5-1	1-2-5-3-2-5-3-2-2-4-5-5	5-5-5-2-2-5-6-2-1-4-2-3	5-5-1-3-5-3-1-1-5-5-5-2	5-2-1-3-1-5-5-5-5-1-2-4	1-2-4-1-5-1-3-6-0-5-1-1
801	5	6-3-5-4-3-4-6-5-5-4-5-4	4-3-3-5-6-1-4-6-4-4-4-4	6-6-4-6-6-5-6-6-4-6-6-6	6-4-4-6-6-6-4-6-6-6-6-4	6-4-7-6-4-5-6-6-5-5-7-6	6-1-6-4-4-5-6-6-3-5-3-5	3-6-3-3-4-1-6-7-5-3-6-5	4-6-4-6-6-4-3-6-5-4-6-4	4-4-4-6-7-4-4-6-1-6-6-5	4-4-7-0-4-6-3-1-4-4-4-5	4-6-4-3-4-4-4-4-4-6-5-4	1-5-5-6-4-1-6-4-6-4-6-6
801	6	5-7-5-4-6-7-5-7-7-6-5-7	6-3-3-5-5-7-4-4-7-4-5-7	5-5-4-5-5-6-5-5-7-5-5-5	5-6-6-5-5-5-6-5-5-6-5-4	5-4-7-5-6-5-5-5-6-6-5-5	7-7-5-7-6-4-5-5-6-6-3-6	3-5-3-6-6-6-5-5-6-1-5-6	6-5-4-5-5-6-6-5-5-4-5-4	6-4-4-6-5-6-4-6-3-5-5-6	4-5-6-6-5-5-7-7-7-4-4-5	5-5-4-1-7-7-4-4-0-6-6-6	1-7-5-6-1-1-6-4-5-2-5-5
801	7	7-6-5-5-7-7-5-7-6-4-5-6	6-7-7-5-7-7-5-7-7-7-4-6	7-6-7-5-7-7-6-6-6-7-7-7	6-7-7-7-7-7-6-7-3-7-5-4	5-4-7-7-6-7-6-7-7-7-5-5	6-7-6-6-7-7-7-7-7-7-7-7	5-7-7-7-6-7-3-7-7-7-5-7	7-7-5-6-5-6-5-5-5-4-5-7	4-4-7-6-5-7-4-6-7-7-5-4	5-4-7-7-2-6-7-6-6-7-4-7	4-7-7-7-6-6-4-4-1-6-7-7	1-6-4-1-1-7-7-1-7-7-3-1
802	0	0-0-0-0-0-0-0-0-0-0-0-0	0-0-0-0-0-0-0-0-0-0-0-0	0-0-0-0-0-0-0-0-0-0-0-0	0-0-0-0-0-0-0-0-0-0-0-0	0-0-0-0-0-0-0-0-0-0-0-0	0-0-0-0-0-0-0-0-0-0-0-0	0-0-0-0-0-0-0-0-0-0-0-0	0-0-0-0-0-0-0-0-0-0-0-0	0-0-0-0-0-0-0-0-0-0-0-0	0-0-0-0-0-0-0-0-0-0-0-0	0-0-0-0-0-0-0-0-0-0-0-0	0-0-0-0-0-0-0-0-0-0-0-0
802	1	1-1-1-1-1-1-1-1-1-1-1-1	1-2-1-2-2-2-2-1-2-1-0-2	1-2-2-2-1-2-1-2-2-2-2-1	2-1-2-1-1-0-2-2-1-2-1-1	2-1-1-1-1-1-1-1-1-2-2-1	1-1-2-2-2-2-2-2-2-1-1-2	1-1-1-1-2-1-0-2-1-1-2-1	2-1-1-1-1-6-1-0-1-1-0-1	1-1-2-1-2-6-1-2-2-2-1-1	2-1-1-2-2-1-2-1-2-8-0-1	1-8-4-1-1-7-0-1-2-1-2-1	2-1-1-1-1-6-1-3-4-1-1-1
802	2	3-4-3-2-1-1-1-2-1-3-1-2	3-1-1-3-1-1-3-2-1-1-3-1	2-3-3-1-5-1-3-4-1-1-1-2	3-3-1-3-3-3-4-6-1-1-3-5	5-1-3-5-3-3-3-3-1-1-1-3	3-3-3-6-1-3-3-3-1-2-0-3	3-5-1-3-3-1-3-3-1-1-5-3	1-5-8-3-3-1-8-7-5-1-7-2	3-0-3-3-4-1-1-3-1-5-3-2	1-3-1-1-3-4-3-1-3-1-3-5	1-4-1-1-1-1-1-1-1-3-1-3	1-3-3-1-1-1-3-1-7-7-3-2
802	3	2-3-2-2-2-1-2-1-2-2-2-2	2-4-3-2-1-1-2-2-2-2-2-2	2-2-2-2-4-2-2-2-2-4-2-4	2-4-3-2-2-2-2-2-3-4-4-2	4-0-2-2-4-4-2-2-3-3-1-2	2-2-2-2-3-2-4-2-4-3-3-3	2-2-1-2-2-3-2-2-3-3-2-2	3-2-2-2-2-1-3-2-2-1-2-0	3-1-2-2-3-3-3-2-1-3-2-3	4-3-1-4-2-2-2-1-2-1-3-2	3-2-8-3-8-4-4-3-0-2-2-2	3-2-2-3-3-1-2-1-0-0-2-3
802	4	5-2-5-8-5-5-5-4-5-6-5-5	5-3-3-5-5-5-5-4-5-5-5-6	7-5-6-5-3-6-5-6-5-5-5-5	5-5-5-5-7-5-5-5-3-3-3-5	3-6-5-7-5-3-5-5-3-4-5-8	3-5-3-5-6-8-3-5-3-3-3-5	8-2-4-5-5-4-5-5-4-4-8-3	1-2-6-2-2-5-5-3-2-4-5-5	5-5-5-5-2-5-8-5-6-4-2-6	5-1-4-3-2-2-4-5-5-5-6-2	5-2-5-5-5-5-5-5-5-5-3-4	5-2-5-5-5-1-5-6-5-5-5-5
802	5	4-7-4-4-4-4-4-5-4-4-4-4	4-6-6-4-4-4-4-4-4-4-4-4	4-4-4-4-2-4-6-4-4-7-6-4	4-4-6-4-2-4-4-2-6-7-6-4	2-4-2-2-4-3-6-4-6-5-4-4	4-4-2-4-4-2-6-4-6-5-3-5	2-6-5-4-4-5-4-4-5-6-2-5	1-6-2-2-2-4-6-2-2-5-4-4	4-4-6-4-5-4-5-4-4-2-2-4	4-3-1-3-2-4-2-4-4-4-4-2	4-6-4-4-4-4-4-4-4-2-5-4	4-6-4-4-4-1-4-4-4-4-4-4
802	6	4-8-4-7-5-4-4-7-4-4-4-8	4-5-5-6-4-4-8-7-7-4-8-4	4-7-7-7-7-8-7-4-7-6-5-7	7-4-5-6-7-7-4-6-7-5-7-7	7-4-6-4-4-7-7-7-5-8-4-6	7-6-7-2-4-2-7-7-5-5-3-5	7-5-1-6-5-6-4-8-5-5-7-7	4-7-4-7-7-8-5-2-6-6-7-4	4-4-5-7-7-1-7-7-4-7-7-4	7-7-6-7-7-3-8-4-4-4-4-2	4-5-4-4-6-1-4-7-7-6-8-6	4-5-8-7-4-1-6-4-7-7-7-6
802	7	8-5-4-6-7-8-4-6-8-4-4-8	4-5-5-6-4-6-6-6-6-4-4-8	4-6-6-6-6-7-6-6-6-5-7-6	6-7-7-6-6-6-4-2-6-5-6-6	6-4-6-4-7-6-6-6-7-5-4-2	6-8-6-8-4-8-6-6-7-7-3-7	6-6-1-6-8-6-5-6-7-5-6-6	7-6-4-6-6-8-5-2-6-6-6-7	7-4-7-7-6-1-6-6-4-6-6-4	6-6-7-6-6-2-7-4-7-1-6-2	5-1-1-1-3-1-4-5-6-7-1-7	7-5-8-6-7-1-7-4-6-7-6-5
802	8	8-5-8-4-8-8-4-8-7-4-4-7	4-5-8-6-8-8-6-8-8-8-6-7	8-7-8-6-8-6-7-7-7-8-8-8	6-8-8-8-8-8-7-8-7-8-8-7	6-4-8-8-8-8-7-8-8-8-2-4	7-8-8-7-8-7-8-6-8-8-3-8	7-8-8-8-6-8-8-6-8-8-6-6	8-8-2-6-8-6-8-2-6-6-4-4	6-4-8-7-6-8-8-6-4-3-6-8	7-6-8-8-8-7-8-7-7-8-4-8	4-1-8-5-3-7-4-4-8-8-8-7	4-5-6-8-7-8-8-4-8-8-6-8
803	0	0-0-0-0-0-0-0-0-0-0-0-0	0-0-0-0-0-0-0-0-0-0-0-0	0-0-0-0-0-0-0-0-0-0-0-0	0-0-0-0-0-0-0-0-0-0-0-0	0-0-0-0-0-0-0-0-0-0-0-0	0-0-0-0-0-0-0-0-0-0-0-0	0-0-0-0-0-0-0-0-0-0-0-0	0-0-0-0-0-0-0-0-0-0-0-0	0-0-0-0-0-0-0-0-0-0-0-0	0-0-0-0-0-0-0-0-0-0-0-0	0-0-0-0-0-0-0-0-0-0-0-0	0-0-0-0-0-0-0-0-0-0-0-0
803	1	1-1-1-3-1-0-1-1-1-1-1-1	2-0-0-2-0-2-1-2-0-2-2-2	0-2-3-0-2-2-2-0-0-1-2-2	2-2-1-2-2-2-0-3-2-3-2-1	3-1-1-2-0-0-2-2-0-2-6-3	2-2-3-1-0-1-2-0-0-0-0-2	0-1-0-1-0-0-0-2-1-0-0-0	0-2-3-2-0-0-0-3-1-0-1-0	0-1-0-2-1-2-1-1-0-1-1-4	2-2-0-2-2-0-2-1-2-0-0-0	1-2-1-0-2-1-1-1-1-2-2-1	1-2-1-1-0-1-2-1-1-1-1-2
803	2	2-2-2-2-2-2-2-2-2-2-2-2	1-3-2-1-0-1-1-3-3-1-1-2	1-1-1-2-1-1-1-4-4-3-3-3	1-1-2-1-1-1-3-1-1-1-3-1	0-2-1-1-0-3-3-1-3-1-1-1	1-1-1-2-2-1-3-0-2-2-8-2	3-1-2-0-3-2-3-1-1-6-2-0	2-1-0-1-0-0-4-1-1-2-3-3	2-0-3-1-2-1-0-2-5-2-0-1	3-1-2-3-1-4-1-2-1-0-0-2	3-1-0-2-3-0-0-2-3-1-1-2	8-1-1-2-3-1-1-4-1-1-5-1
803	3	4-2-4-3-2-2-3-3-3-3-3-4	4-2-2-1-0-4-4-5-4-4-4-4	8-4-4-3-3-5-4-3-4-4-2-2	4-4-3-1-4-4-4-7-1-1-2-7	1-4-11-1-10-2-4-4-2-3-1-1	4-4-1-4-3-1-4-0-3-0-0-3	4-3-2-4-4-4-2-4-0-3-4-5	3-0-1-4-3-4-2-1-5-3-4-2	4-3-4-4-1-6-3-4-2-3-3-3	4-4-3-2-4-2-2-2-4-5-3-4	2-3-3-0-2-3-5-2-4-4-3-3	2-3-4-8-2-3-3-3-3-4-3-1
803	4	4-5-3-4-2-4-4-4-4-3-3-3	3-5-5-1-8-4-3-5-5-4-3-5	3-3-3-3-7-3-5-6-7-7-5-5	3-3-3-4-3-3-3-1-5-1-5-3	4-6-4-1-3-5-5-3-5-4-1-1	3-3-6-3-4-1-5-4-4-4-0-3	3-1-5-3-3-3-5-3-6-8-3-3	6-4-3-3-4-3-6-1-3-5-3-4	3-3-3-3-4-4-3-3-5-4-5-1	3-3-4-5-3-2-1-2-3-3-3-4	4-6-5-4-1-2-3-4-3-3-3-4	3-3-3-3-3-3-3-2-1-3-7-5
803	5	6-4-5-5-2-4-4-7-5-3-5-5	6-4-4-7-0-4-3-3-4-6-6-4	3-5-3-7-6-3-4-7-7-6-4-6	6-6-4-6-6-6-6-8-6-1-4-4	8-4-5-1-3-4-6-6-4-5-1-1	6-6-6-2-5-1-6-6-4-5-0-6	6-7-4-5-6-5-4-6-0-4-6-6	3-8-6-6-7-3-4-11-3-4-5-4	3-3-6-6-7-4-3-6-4-6-6-7	6-1-3-4-5-7-6-2-6-3-0-8	6-5-4-7-2-5-3-4-0-5-6-5	2-3-3-3-2-3-6-3-9-6-5-7
803	6	5-7-5-6-6-6-6-6-5-6-6-7	5-7-7-5-8-4-3-7-7-5-5-5	3-5-5-5-5-5-7-4-8-5-7-5	5-7-5-5-5-5-5-5-5-7-7-3	6-4-5-1-3-7-7-5-4-6-1-1	5-5-8-10-7-1-5-5-6-6-10-6	5-5-9-7-5-6-8-5-6-8-5-5	6-7-5-5-5-3-4-1-3-8-3-4	3-3-5-5-6-5-10-5-8-5-5-9	5-3-0-0-3-6-5-6-5-3-3-5	5-4-3-7-1-7-3-4-0-5-5-5	3-5-3-3-3-1-5-6-5-5-5-5
803	7	7-6-5-10-6-6-7-7-7-8-8-8	7-6-6-5-8-8-8-6-8-6-8-8	6-8-8-5-6-9-6-8-8-8-6-4	8-8-7-5-5-8-5-3-6-9-6-3	5-8-5-5-8-6-8-8-7-6-8-10	8-3-6-7-7-8-6-5-9-6-0-5	8-5-5-6-8-3-6-8-7-4-7-5	6-6-5-6-5-8-4-8-7-7-8-8	7-7-7-5-5-7-7-8-6-7-5-6	8-11-4-10-8-5-0-2-8-8-7-5	8-8-7-6-7-6-8-8-8-5-5-7	2-5-7-6-8-7-5-8-8-8-4-5
803	8	7-8-8-8-8-8-8-8-8-7-7-7	7-9-9-7-8-7-7-6-7-8-7-7	3-7-7-7-5-7-7-7-7-9-7-9	7-7-7-8-5-7-6-5-9-8-9-7	5-7-5-5-7-9-7-7-9-8-7-9	7-3-6-7-7-7-9-7-8-8-2-8	7-5-9-9-7-8-6-7-8-4-7-9	8-8-5-8-8-7-4-8-7-8-7-7	7-7-9-7-8-7-8-9-6-8-8-5	7-8-8-9-7-9-5-8-7-7-7-5	7-10-7-11-11-9-7-7-7-5-8-5	2-11-7-3-7-7-5-7-7-7-8-5
803	9	10-9-11-10-10-10-10-10-10-11-10-10	10-8-10-10-10-10-10-9-11-10-10-10	9-10-10-10-10-11-10-10-10-10-10-10	10-8-10-10-10-10-11-10-8-7-10-9	10-11-10-9-7-8-10-10-8-9-11-10	9-11-10-11-10-11-10-10-8-9-0-10	10-10-8-8-11-9-6-10-8-11-10-10	9-10-5-10-10-11-11-11-10-7-10-7	11-7-8-10-10-10-7-8-7-8-10-6	10-10-9-8-10-10-10-11-7-7-10-10	10-8-7-10-9-8-7-7-10-9-9-9	11-10-9-10-10-7-10-7-10-7-11-5
803	10	9-9-9-9-9-9-9-9-9-9-9-9	9-8-9-9-9-9-9-9-9-9-9-9	3-9-9-9-9-10-9-9-9-9-9-9	9-10-10-9-9-9-11-9-9-8-9-3	9-7-9-9-3-10-9-9-10-10-9-9	11-3-9-9-10-7-9-9-8-10-6-9	9-9-8-11-11-6-4-9-10-11-9-9	10-9-5-9-9-3-4-11-11-7-9-7	10-3-10-10-9-9-10-9-6-8-9-9	9-9-3-5-9-9-9-9-11-7-9-9	9-8-9-9-11-9-7-10-9-10-5-11	11-9-10-9-9-10-5-7-10-7-9-5
803	11	11-10-9-9-11-10-9-11-9-9-9-9	9-8-11-9-11-9-9-9-9-11-9-9	11-10-9-11-11-9-9-8-9-11-6-11	9-11-9-9-11-11-10-11-9-11-11-3	9-7-11-11-11-10-10-11-11-11-9-9	10-11-10-9-11-9-11-11-11-11-11-11	10-11-11-6-10-11-11-9-11-11-10-10	11-11-9-10-11-9-9-9-10-7-9-7	9-10-9-10-9-7-11-9-11-11-9-9	10-7-11-11-11-10-9-9-6-11-11-11	11-11-11-8-10-6-7-7-11-10-11-10	10-10-9-0-0-11-11-7-11-11-9-11
804	0	0-0-0-0-0-0-0-0-0-0-0-0	0-0-0-0-0-0-0-0-0-0-0-0	0-0-0-0-0-0-0-0-0-0-0-0	0-0-0-0-0-0-0-0-0-0-0-0	0-0-0-0-0-0-0-0-0-0-0-0	0-0-0-0-0-0-0-0-0-0-0-0	0-0-0-0-0-0-0-0-0-0-0-0	0-0-0-0-0-0-0-0-0-0-0-0	0-0-0-0-0-0-0-0-0-0-0-0	0-0-0-0-0-0-0-0-0-0-0-0	0-0-0-0-0-0-0-0-0-0-0-0	0-0-0-0-0-0-0-0-0-0-0-0
804	1	1-1-1-1-1-1-1-1-1-1-1-1	0-2-1-0-0-2-0-2-1-1-0-0	2-0-0-1-2-0-2-2-0-0-2-2	0-0-0-0-0-0-0-2-2-2-2-1	1-1-1-0-0-1-2-0-1-0-0-0	4-2-0-0-0-0-2-0-2-1-4-0	2-2-1-0-0-1-0-0-1-1-4-4	1-1-0-2-1-0-1-0-0-0-0-0	1-0-0-0-3-7-1-2-2-0-1-1	0-1-0-2-1-0-0-1-0-0-0-1	4-3-0-0-2-0-0-0-4-0-0-7	1-1-0-1-1-0-0-0-0-0-1-1
804	2	2-1-3-1-1-1-2-1-2-2-2-1	3-1-1-3-1-2-3-4-1-1-3-3	1-3-4-4-3-3-3-4-3-3-1-1	3-0-4-4-3-3-3-4-3-1-4-3	3-0-4-3-0-3-3-3-2-0-4-3	3-1-3-2-2-3-3-3-1-1-0-3	3-1-1-0-3-2-3-3-1-2-1-3	4-3-6-3-3-0-2-2-2-0-2-0	2-0-3-4-4-3-0-1-1-2-4-2	0-3-0-1-3-4-3-2-3-0-0-4	0-2-0-1-1-2-0-0-1-2-3-2	1-3-2-3-0-2-3-0-0-0-2-4
804	3	3-3-2-3-3-3-3-3-3-3-3-3	2-4-4-2-4-4-2-3-4-3-2-4	4-2-1-2-2-2-4-2-2-2-4-2	2-4-3-2-2-2-4-2-4-3-4-2	2-0-2-6-3-2-4-2-4-3-2-2	2-2-2-2-3-2-4-2-3-3-6-3	6-2-3-0-2-3-6-2-3-3-0-2	0-2-4-2-2-4-6-4-2-3-0-4	3-0-2-2-1-2-0-4-4-3-2-3	0-2-3-1-2-2-2-3-2-4-0-2	6-1-2-4-6-2-0-0-5-2-2-1	3-2-0-2-6-2-2-0-6-6-6-2
804	4	3-3-4-5-4-3-3-3-3-4-3-5	4-3-3-2-5-3-5-2-5-4-5-6	8-5-6-2-4-5-3-5-2-3-3-4	5-7-2-2-2-5-3-2-3-5-2-6	2-8-2-3-6-3-3-2-3-4-2-4	5-2-3-4-6-4-3-3-1-3-1-2	1-1-3-7-5-0-3-5-1-2-1-3	4-2-7-2-3-3-3-3-2-4-5-8	4-6-5-2-2-4-6-3-3-4-2-3	5-9-4-5-3-2-0-3-5-6-7-2	7-2-5-3-7-7-7-7-7-2-2-4	5-2-4-4-7-7-2-7-7-8-3-2
804	5	6-5-8-7-6-6-7-6-6-6-6-7	7-6-5-7-6-6-7-6-6-7-6-6	5-6-7-6-6-6-7-6-6-6-5-6	6-5-6-6-2-6-6-6-6-6-5-5	8-4-5-7-4-5-6-6-6-8-8-6	5-6-6-5-4-6-6-6-6-5-3-6	5-6-5-5-6-5-3-6-6-8-9-6	6-2-2-5-2-6-5-8-5-5-4-5	5-4-6-5-6-8-5-7-7-6-2-7	7-2-5-6-6-9-6-8-4-6-6-5	6-6-8-5-9-9-4-4-9-9-6-6	7-6-5-9-7-6-6-6-4-7-7-9
804	6	5-5-5-5-5-5-5-5-5-5-5-5	5-5-5-2-5-5-5-5-5-5-7-5	4-7-5-5-7-5-5-5-5-5-7-5	7-4-5-5-8-8-5-5-5-5-7-4	5-4-8-3-4-6-7-7-5-5-5-8	8-7-7-6-4-5-7-7-5-3-3-5	7-5-5-6-7-6-3-5-5-3-8-7	5-7-2-7-7-5-9-2-6-5-6-4	9-4-5-7-5-5-4-9-3-5-8-2	5-8-5-5-5-7-7-5-7-4-5-2	3-5-5-5-5-5-5-5-8-7-5-5	5-5-6-8-8-5-5-5-3-3-3-5
804	7	5-9-5-5-5-5-5-5-5-5-5-5	5-8-8-5-5-5-5-5-5-5-6-5	5-6-5-5-6-5-8-5-5-5-8-5	6-4-5-5-6-6-5-5-8-5-6-5	5-4-6-5-4-8-8-6-8-5-5-5	5-6-6-6-4-5-6-6-5-7-8-7	6-5-5-9-6-7-8-8-5-8-6-6	5-6-4-8-6-5-3-5-6-7-8-4	5-4-5-6-7-1-4-5-5-6-6-5	5-6-7-5-8-6-6-8-6-8-4-2	4-5-5-5-4-4-4-4-4-6-5-1	8-6-5-6-4-5-2-4-4-5-8-8
804	8	5-7-5-5-5-9-5-5-5-5-5-9	5-7-7-6-5-5-4-7-5-5-6-9	4-6-4-5-6-5-7-6-5-5-7-6	6-4-8-5-6-6-9-5-7-5-7-9	5-4-6-7-4-7-7-8-7-5-5-6	6-6-6-6-8-4-7-6-8-8-7-6	9-5-5-6-8-8-7-7-8-7-6-6	8-7-2-7-6-5-3-5-6-5-7-4	8-8-6-6-5-5-4-7-9-5-6-5	5-6-8-9-7-5-8-7-8-7-8-2	7-5-5-5-8-5-4-6-6-6-5-5	7-9-8-6-6-5-5-4-4-4-7-7
804	9	9-7-5-7-9-8-5-9-5-5-5-8	5-7-9-5-9-5-8-9-9-9-8-8	9-9-9-5-9-9-9-5-5-9-8-9	8-9-9-9-9-9-8-9-8-9-9-8	5-4-9-9-9-9-8-9-9-9-5-9	5-9-9-6-9-8-8-9-9-9-9-9	8-9-9-9-6-9-9-8-9-9-5-8	9-7-9-7-9-5-6-5-6-5-5-4	6-8-6-8-5-9-9-6-8-5-6-9	5-4-7-8-9-5-9-9-8-9-8-9	4-5-5-8-5-5-4-4-4-5-9-9	5-5-8-5-6-9-9-4-4-9-7-5
805	0	0-0-0-0-0-0-0-0-0-0-0-0	0-0-0-0-0-0-0-0-0-0-0-0	0-0-0-0-0-0-0-0-0-0-0-0	0-0-0-0-0-0-0-0-0-0-0-0	0-0-0-0-0-0-0-0-0-0-0-0	0-0-0-0-0-0-0-0-0-0-0-0	0-0-0-0-0-0-0-0-0-0-0-0	0-0-0-0-0-0-0-0-0-0-0-0	0-0-0-0-0-0-0-0-0-0-0-0	0-0-0-0-0-0-0-0-0-0-0-0	0-0-0-0-0-0-0-0-0-0-0-0	0-0-0-0-0-0-0-0-0-0-0-0
805	1	1-1-1-1-1-1-1-1-1-1-1-1	2-0-0-1-0-1-2-2-0-1-0-0	2-3-0-0-0-3-2-2-0-0-0-2	2-0-2-0-1-2-0-0-0-0-2-0	0-1-1-0-3-0-2-2-0-1-0-0	2-2-0-0-0-3-2-2-0-0-0-1	2-0-0-2-2-1-0-2-0-1-0-0	1-0-0-2-2-3-0-0-1-1-1-0	1-2-2-2-0-8-1-2-1-1-1-0	1-1-0-2-0-2-0-0-2-2-0-0	0-0-2-0-0-1-2-1-2-0-0-1	1-0-2-1-0-1-1-1-1-0-1-0
805	2	2-2-2-2-2-2-2-2-2-2-2-2	1-3-2-1-4-3-1-3-2-1-0-3	1-1-0-0-0-1-3-1-0-3-3-1	1-2-1-0-1-1-3-0-3-0-3-2	2-2-1-0-1-2-3-1-0-1-0-1	1-1-0-0-0-1-1-1-2-2-0-2	1-0-0-1-1-2-2-1-0-2-0-0	2-0-0-1-2-1-0-0-0-2-8-2	2-1-1-1-2-0-2-1-2-1-3-0	1-1-2-1-1-1-1-2-1-1-0-0	0-6-4-0-8-0-1-1-4-0-1-3	7-1-1-1-0-2-1-1-0-2-2-0
805	3	4-2-2-2-2-2-3-2-3-3-3-3	4-2-2-4-2-4-4-2-4-1-4-5	1-4-5-5-5-1-2-4-5-4-2-4	4-4-3-4-6-4-2-7-4-0-3-1	6-1-3-4-1-3-4-4-3-3-0-4	4-5-4-0-3-5-4-3-2-0-0-4	4-5-5-0-4-3-4-4-0-3-3-4	0-5-6-4-3-1-6-9-3-3-6-0	2-1-4-5-5-2-0-4-4-3-5-3	3-4-0-4-4-3-0-2-4-3-0-6	4-5-3-0-9-3-4-3-2-6-4-2	2-4-3-5-4-3-6-4-4-3-3-3
805	4	4-4-5-4-4-4-4-4-4-3-4-4	3-5-5-3-2-3-3-5-5-5-3-3	1-3-6-4-5-6-5-5-5-3-5-4	3-5-5-3-3-3-3-3-5-5-5-4	4-8-5-4-4-3-5-3-5-4-0-3	3-1-6-0-4-3-5-4-4-4-7-4	3-3-4-5-3-4-5-3-0-7-3-3	5-3-3-3-3-1-8-5-3-8-4-4	6-1-3-3-2-5-4-3-3-4-3-6	3-3-4-5-3-3-0-2-3-4-4-4	3-4-2-9-9-6-3-4-2-3-5-4	4-3-3-6-4-3-3-3-3-7-7-4
805	5	6-4-6-8-4-4-5-8-5-5-5-6	6-4-4-6-6-6-5-7-6-4-6-7	8-6-7-3-3-6-4-4-6-6-4-6	6-6-6-6-3-6-6-3-4-4-4-6	3-9-4-7-7-4-6-6-4-5-5-9	6-3-4-5-6-9-4-7-4-4-0-5	5-3-4-7-6-4-4-6-0-2-6-3	5-3-7-3-3-6-4-4-7-5-5-7	5-7-6-6-3-5-5-6-6-6-3-3	6-9-1-4-4-3-5-4-6-6-7-3	7-3-5-3-5-6-6-7-6-3-4-5	2-3-6-4-7-3-3-7-7-5-3-3
805	6	5-6-5-6-6-6-5-6-5-5-5-5	5-7-7-5-8-7-5-5-5-4-5-7	5-5-5-8-3-4-7-4-5-5-7-5	5-5-5-5-3-5-7-5-7-8-7-5	3-5-5-5-5-6-7-5-4-8-5-5	5-5-4-5-5-5-5-6-6-6-4-6	3-7-4-7-5-6-4-5-7-4-5-7	6-3-3-4-3-5-4-5-5-6-5-5	5-5-5-5-4-7-5-5-7-5-3-4	5-3-6-4-4-3-8-4-5-5-5-3	5-7-6-4-5-5-5-5-5-3-7-7	2-6-5-7-5-3-3-5-5-5-8-4
805	7	5-6-7-9-6-6-8-5-7-7-7-5	7-6-6-8-7-6-5-8-5-8-8-6	5-8-5-9-8-7-8-6-8-8-6-8	5-5-6-8-8-8-6-3-8-0-8-5	8-5-1-5-5-7-8-7-6-9-9-8	8-6-8-9-4-5-7-5-7-4-4-9	6-6-7-6-5-7-4-8-7-9-8-6	5-8-5-7-7-1-4-8-5-4-8-5	5-5-6-8-9-1-5-6-6-5-7-0	7-8-0-6-8-8-6-2-5-5-5-8	5-7-8-4-7-5-5-5-5-8-7-6	2-7-7-6-5-3-7-5-5-5-4-7
805	8	9-9-7-5-6-9-9-5-9-7-7-5	7-6-6-7-6-9-9-7-5-7-7-7	5-7-5-7-7-8-7-6-7-7-8-7	7-8-8-7-7-7-9-7-7-6-7-5	7-6-8-7-8-7-7-8-8-8-7-7	7-6-7-8-7-5-8-8-8-8-4-8	9-3-6-8-8-8-8-7-8-7-7-6	8-7-3-8-7-9-9-7-8-4-7-5	8-8-8-7-8-8-8-5-6-8-7-0	8-7-8-8-8-7-6-4-9-8-5-7	7-7-7-0-2-9-5-7-7-7-8-8	2-8-8-8-8-3-7-5-7-5-6-7
805	9	9-8-7-7-9-8-8-9-8-7-9-9	7-6-9-7-9-8-8-9-9-9-8-9	9-9-9-7-9-9-6-8-8-9-6-9	8-9-9-9-9-9-8-9-7-9-7-5	7-5-9-9-9-9-8-9-9-9-7-5	9-9-8-7-9-5-9-9-9-9-9-9	8-9-9-9-6-9-9-9-9-7-5-8	9-9-7-8-9-8-8-7-8-6-0-5	8-8-8-8-7-9-9-8-9-9-7-3	8-9-9-9-9-7-9-9-8-9-9-9	9-9-9-9-4-8-5-5-9-7-9-9	9-7-1-2-4-9-9-5-9-9-3-9
806	0	0-0-0-0-0-0-0-0-0-0-0-0	0-0-0-0-0-0-0-0-0-0-0-0	0-0-0-0-0-0-0-0-0-0-0-0	0-0-0-0-0-0-0-0-0-0-0-0	0-0-0-0-0-0-0-0-0-0-0-0	0-0-0-0-0-0-0-0-0-0-0-0	0-0-0-0-0-0-0-0-0-0-0-0	0-0-0-0-0-0-0-0-0-0-0-0	0-0-0-0-0-0-0-0-0-0-0-0	0-0-0-0-0-0-0-0-0-0-0-0	0-0-0-0-0-0-0-0-0-0-0-0	0-0-0-0-0-0-0-0-0-0-0-0
806	1	1-1-1-1-1-1-1-1-1-1-1-1	0-2-1-0-0-1-0-2-2-1-0-2	1-1-0-1-0-1-2-2-0-0-2-1	0-1-2-0-1-0-2-1-1-2-2-1	1-0-1-0-0-1-2-0-1-0-2-0	2-0-1-0-0-0-2-0-2-1-1-0	1-2-1-0-0-0-0-5-1-1-0-1	1-0-0-0-1-0-2-2-0-1-0-0	1-0-2-0-1-0-1-2-1-0-0-2	0-1-3-2-0-0-0-1-0-0-0-0	2-0-2-0-1-0-0-0-0-0-1-1	1-0-0-2-0-1-0-0-0-1-5-1
806	2	2-1-2-2-2-1-2-2-2-2-2-1	3-1-1-3-0-3-3-3-3-2-3-1	4-3-3-5-3-3-3-1-0-5-1-3	3-0-2-5-4-4-1-2-2-1-1-3	4-0-3-4-3-3-3-3-1-0-4-4	1-5-3-2-2-3-3-5-1-1-0-4	2-1-1-0-3-2-3-3-1-2-4-4	1-2-8-3-2-0-3-4-2-1-0-0	0-0-3-3-5-3-0-3-1-2-5-1	0-3-0-1-3-2-3-1-3-0-0-5	1-2-1-0-0-2-0-0-0-3-3-1	1-2-2-1-0-2-3-0-2-2-4-2
806	3	3-3-2-3-5-3-3-3-3-3-3-3	2-4-3-2-1-2-2-4-2-3-2-4	2-2-2-2-2-2-4-2-4-2-4-4	2-4-4-2-2-2-3-2-4-4-4-2	2-0-2-2-2-4-4-2-3-3-2-2	1-3-4-4-3-2-4-3-3-3-4-3	4-2-3-3-2-3-2-2-3-3-2-3	3-5-4-4-2-0-2-2-2-4-3-0	3-0-4-2-3-2-3-2-4-3-2-2	0-2-1-5-2-5-2-3-4-4-0-2	5-2-3-3-8-2-0-4-5-2-2-3	3-2-2-3-0-3-2-0-2-5-6-4
806	4	4-5-2-3-4-4-4-3-4-4-3-5	3-5-5-2-3-4-2-5-4-3-5-3	2-4-5-2-6-3-5-3-5-6-5-3	2-3-5-2-2-2-4-2-5-5-3-2	2-0-2-5-2-3-5-4-5-3-2-2	1-3-3-3-4-2-5-3-4-4-3-3	3-2-4-3-3-3-5-5-4-4-2-5	4-4-3-3-4-4-7-2-5-4-5-4	4-6-5-3-4-5-4-2-7-3-3-5	5-2-4-5-5-5-2-5-3-4-5-2	3-4-5-5-5-0-5-3-5-2-2-4	4-2-2-3-4-7-2-0-4-2-2-3
806	5	5-4-2-7-3-4-4-7-5-5-5-8	5-4-4-2-6-4-5-4-6-3-6-4	5-6-6-2-2-6-4-5-6-4-4-5	6-5-6-2-2-2-4-6-4-4-6-5	2-6-6-4-6-3-4-6-4-5-6-2	1-2-4-4-5-2-4-2-3-4-4-6	8-2-4-3-5-5-4-1-4-2-6-4	4-2-6-3-2-5-4-2-4-5-5-5	4-5-4-3-2-4-6-5-4-5-2-4	5-2-4-6-4-6-4-4-6-5-4-2	3-2-4-4-4-5-7-6-6-5-6-5	4-2-5-5-5-5-5-5-5-3-1-5
806	6	7-6-8-8-7-7-8-7-8-8-7-6	6-4-4-7-7-7-7-7-7-7-7-8	6-5-7-7-7-7-7-7-7-7-7-7	7-7-5-7-7-7-7-7-7-5-7-5	7-5-8-7-5-7-7-7-5-6-7-7	7-8-7-7-5-8-7-7-6-4-3-7	7-7-6-5-7-6-7-8-6-7-7-7	6-7-5-7-7-5-8-7-5-5-7-6	8-5-5-7-7-6-5-7-4-7-7-8	7-7-6-5-7-7-6-4-5-7-7-7	7-6-7-7-7-5-5-5-5-6-5-7	6-7-5-5-6-7-6-7-7-6-7-7
806	7	6-6-6-6-6-6-6-6-6-6-6-8	6-4-6-6-6-6-6-6-6-6-6-6	6-6-6-6-6-6-6-6-6-6-6-6	6-7-7-6-6-6-6-6-6-5-6-5	6-6-6-6-7-6-6-6-7-7-6-6	8-8-6-6-5-8-6-6-7-6-4-6	6-6-4-5-8-7-6-8-7-6-6-6	7-6-5-6-6-7-4-6-2-5-6-7	7-5-8-6-6-6-5-6-4-6-6-6	7-6-7-4-6-6-6-4-5-6-6-6	6-7-6-6-6-5-7-5-5-7-7-6	4-6-6-5-7-6-7-6-6-3-6-6
806	8	8-6-6-6-8-6-6-8-6-6-6-7	6-8-8-6-8-6-6-6-6-8-6-6	8-8-8-6-8-5-7-7-6-8-6-8	6-8-6-6-8-8-6-8-7-8-8-6	6-5-6-8-8-8-7-8-8-8-6-6	7-8-8-6-8-7-8-8-8-8-8-6	7-8-8-8-7-8-8-8-8-6-7-6	8-6-6-8-8-7-8-6-2-5-6-6	6-8-8-8-6-8-8-7-8-6-6-6	7-6-8-8-8-7-6-4-8-8-8-8	3-8-8-6-4-5-6-5-8-7-8-8	6-7-5-6-7-8-8-6-8-8-6-8
807	0	0-0-0-0-0-0-0-0-0-0-0-0	0-0-0-0-0-0-0-0-0-0-0-0	0-0-0-0-0-0-0-0-0-0-0-0	0-0-0-0-0-0-0-0-0-0-0-0	0-0-0-0-0-0-0-0-0-0-0-0	0-0-0-0-0-0-0-0-0-0-0-0	0-0-0-0-0-0-0-0-0-0-0-0	0-0-0-0-0-0-0-0-0-0-0-0	0-0-0-0-0-0-0-0-0-0-0-0	0-0-0-0-0-0-0-0-0-0-0-0	0-0-0-0-0-0-0-0-0-0-0-0	0-0-0-0-0-0-0-0-0-0-0-0
807	1	1-1-1-1-1-1-1-1-1-0-1-1	1-1-1-2-0-1-0-2-0-1-1-0	0-3-0-0-2-0-0-0-0-2-1-2	2-0-0-3-2-2-0-1-1-0-1-0	2-0-1-0-2-2-2-2-1-1-0-2	2-0-2-0-0-2-2-3-1-1-3-3	3-1-1-0-2-0-0-2-1-1-3-2	1-3-3-2-3-0-2-6-1-0-0-0	0-0-2-3-3-2-0-2-0-1-1-1	0-2-1-0-2-1-2-1-2-0-0-1	3-1-0-0-2-1-0-3-3-1-1-1	0-2-1-2-3-2-1-0-3-2-1-3
807	2	2-2-2-2-2-2-2-2-2-2-2-2	1-4-2-1-3-3-0-3-3-2-1-3	3-1-0-1-1-1-3-2-0-1-3-3	1-3-2-1-1-1-4-1-1-3-3-0	1-0-1-1-1-1-3-1-3-2-0-1	3-5-3-0-2-1-3-5-2-2-5-2	1-1-2-4-1-2-4-3-2-2-4-1	2-1-1-1-2-3-4-3-2-2-0-0	2-0-1-1-0-1-4-1-3-2-1-2	0-1-2-3-1-1-3-2-1-3-2-1	1-1-0-2-1-3-0-0-0-1-1-2	1-1-1-4-2-1-1-0-1-1-1-1
807	3	3-2-3-2-2-3-3-2-3-3-3-2	3-2-2-3-2-2-3-5-4-3-4-4	2-4-5-0-2-3-2-4-2-2-2-2	4-4-4-5-1-1-2-1-2-4-4-3	1-3-2-6-4-2-2-4-5-3-3-3	2-1-2-0-4-1-2-1-2-2-1-1	1-1-2-2-3-0-5-2-2-3-1-2	4-1-1-1-1-4-2-2-2-4-3-5	4-3-4-1-1-3-4-2-6-3-1-4	4-4-2-4-1-1-2-1-4-2-4-1	4-1-3-2-4-4-5-6-4-6-4-3	4-1-3-2-4-4-1-5-4-5-1-1
807	4	4-4-5-4-5-5-6-5-6-6-6-4	3-2-2-5-5-5-5-4-5-5-5-5	4-5-5-5-5-5-5-3-5-5-5-5	5-3-3-5-5-5-5-5-5-3-5-4	5-3-5-5-3-5-5-5-3-4-4-5	4-6-5-6-3-6-5-5-2-2-2-5	5-4-2-2-5-4-2-5-4-4-5-5	3-5-3-5-5-3-6-5-6-3-5-3	3-3-3-5-5-3-3-5-3-4-5-3	6-5-4-3-5-1-5-6-3-3-5-1	3-6-3-3-3-3-3-3-3-5-3-4	3-5-4-5-3-3-5-3-5-3-5-1
807	5	4-6-4-4-4-6-4-4-4-4-4-6	4-4-4-4-5-4-4-4-4-4-4-4	0-4-4-4-4-4-4-4-4-4-4-4	4-3-5-4-4-4-6-4-4-2-4-6	4-0-4-4-5-4-6-4-3-5-4-4	6-4-4-6-5-4-4-4-5-5-2-4	6-4-2-5-4-4-3-4-5-4-4-4	5-4-4-4-4-4-5-4-4-3-4-3	5-5-5-4-4-3-3-4-3-5-4-2	4-4-5-0-4-1-4-4-6-5-4-1	4-5-3-6-4-5-3-3-4-4-5-5	3-4-4-5-4-4-4-3-4-3-4-1
807	6	6-5-4-4-6-5-4-6-4-4-4-5	4-6-6-4-6-4-4-6-4-6-4-4	6-6-6-4-6-4-6-5-4-6-5-6	5-6-6-6-6-6-5-6-5-6-6-5	4-3-6-6-6-6-5-6-6-6-4-4	5-4-4-5-6-4-6-6-6-6-2-5	5-6-6-6-4-6-5-5-6-6-6-6	6-4-6-5-6-4-4-4-4-3-4-3	4-5-6-5-4-6-6-4-6-4-4-4	4-3-6-6-6-1-4-4-5-6-4-6	4-6-6-5-3-5-3-3-3-3-6-6	6-5-5-4-5-6-6-3-6-6-4-1
808	0	0-0-0-0-0-0-0-0-0-0-0-0	0-0-0-0-0-0-0-0-0-0-0-0	0-0-0-0-0-0-0-0-0-0-0-0	0-0-0-0-0-0-0-0-0-0-0-0	0-0-0-0-0-0-0-0-0-0-0-0	0-0-0-0-0-0-0-0-0-0-0-0	0-0-0-0-0-0-0-0-0-0-0-0	0-0-0-0-0-0-0-0-0-0-0-0	0-0-0-0-0-0-0-0-0-0-0-0	0-0-0-0-0-0-0-0-0-0-0-0	0-0-0-0-0-0-0-0-0-0-0-0	0-0-0-0-0-0-0-0-0-0-0-0
808	1	1-1-1-1-1-1-1-1-1-1-1-1	0-2-1-0-0-1-0-1-1-1-0-2	1-0-0-1-0-1-2-0-0-1-2-2	0-0-2-0-0-0-1-0-2-2-2-1	1-2-5-0-0-2-2-0-2-1-0-1	4-0-2-0-1-0-2-0-2-1-4-0	2-1-1-0-0-0-0-2-1-1-2-4	1-1-0-2-1-0-1-2-0-1-0-1	1-0-0-0-1-1-4-0-1-1-1-0	0-1-1-3-1-0-3-1-0-0-0-1	4-0-0-3-0-0-0-0-4-0-0-1	2-1-0-0-0-1-0-0-0-0-0-2
808	2	2-2-2-2-1-1-2-1-2-2-2-2	3-1-1-4-0-1-0-3-1-2-4-1	3-4-0-3-3-3-3-3-0-3-1-3	3-3-1-4-3-3-1-4-3-1-1-1	3-1-2-3-0-1-3-3-1-2-7-3	3-4-1-0-2-3-3-3-1-1-1-4	1-4-1-0-3-0-2-3-4-1-1-3	1-2-3-3-4-1-1-1-2-1-0-0	2-0-3-4-4-3-0-3-1-2-4-2	0-3-2-1-3-4-0-2-3-0-0-2	0-4-1-2-0-2-0-0-0-2-3-2	1-3-2-2-0-0-2-0-3-0-2-4
808	3	3-3-4-3-3-3-3-3-3-3-3-3	2-4-4-2-3-4-0-4-4-3-2-4	5-2-4-2-2-2-4-5-4-2-4-4	2-4-2-2-2-2-5-2-2-3-4-1	2-0-2-2-0-3-4-2-2-3-2-2	2-2-4-0-3-2-2-2-3-3-5-3	3-2-4-0-2-3-4-2-3-1-2-2	3-2-2-2-2-0-5-6-6-1-0-0	3-0-2-2-1-2-0-2-5-4-2-5	0-2-3-1-4-2-4-3-2-4-0-2	0-2-0-4-0-4-0-0-0-2-2-7	6-2-2-3-6-0-2-0-2-0-5-3
808	4	3-3-3-3-3-3-4-3-4-4-3-3	5-3-3-2-3-5-4-5-5-4-5-5	6-5-5-4-3-3-3-5-3-2-3-3	5-5-4-5-2-5-5-2-3-3-3-6	2-6-2-4-5-3-5-5-4-4-5-7	1-2-3-6-5-6-3-2-1-1-1-2	5-2-3-5-5-4-3-5-2-1-5-3	5-2-5-3-2-5-1-3-5-4-5-5	5-7-5-2-2-6-5-2-3-4-2-3	5-5-6-1-3-2-3-3-5-5-4-2	5-2-5-3-5-5-5-5-5-2-2-2	4-2-5-5-5-5-2-5-7-6-2-2
808	5	6-4-7-7-3-5-7-5-4-4-5-6	4-3-3-5-6-4-6-6-4-4-4-6	3-6-4-7-6-3-6-6-6-6-6-6	4-4-6-4-6-6-4-7-6-6-6-4	7-4-1-6-4-5-6-4-4-5-6-6	5-4-6-5-4-4-6-6-3-5-3-6	4-6-2-4-4-4-3-6-3-6-6-6	4-6-4-6-6-4-7-7-4-4-6-4	4-0-4-6-6-7-4-6-3-5-6-3	4-4-5-0-6-4-6-3-4-4-6-6	4-5-4-3-4-4-4-4-4-2-5-5	4-5-4-6-4-4-6-4-4-4-6-6
808	6	5-7-5-5-5-7-7-7-7-6-5-7	4-3-3-5-6-6-5-5-4-4-5-5	4-5-4-5-5-3-5-5-5-5-6-5	5-6-6-5-5-5-7-5-5-6-5-7	3-4-3-5-6-5-5-5-4-6-5-5	7-3-5-7-6-4-5-5-6-6-3-5	7-5-6-6-7-6-7-5-6-5-5-5	6-5-5-5-5-6-7-3-3-6-5-4	4-6-4-5-5-5-4-5-7-3-5-3	5-5-6-6-5-5-5-4-7-5-5-5	4-6-4-6-4-4-4-4-4-5-6-6	7-7-4-5-6-5-5-4-3-4-5-5
808	7	7-6-5-5-7-6-6-7-6-5-5-6	4-7-7-5-7-7-5-5-7-7-5-6	7-7-7-5-7-7-7-6-7-7-6-7	6-7-7-7-7-7-6-7-7-7-7-6	5-4-7-7-7-7-6-7-7-7-2-5	6-7-7-6-7-4-7-7-7-7-7-7	6-7-7-7-5-7-3-7-7-7-5-5	7-5-7-6-7-6-5-5-5-6-5-7	5-7-7-6-5-7-7-5-7-4-5-5	5-4-7-7-7-7-5-7-6-7-4-7	4-5-1-4-4-4-4-4-4-6-7-7	7-6-4-3-4-7-7-4-4-7-5-7
809	0	0-0-0-0-0-0-0-0-0-0-0-0	0-0-0-0-0-0-0-0-0-0-0-0	0-0-0-0-0-0-0-0-0-0-0-0	0-0-0-0-0-0-0-0-0-0-0-0	0-0-0-0-0-0-0-0-0-0-0-0	0-0-0-0-0-0-0-0-0-0-0-0	0-0-0-0-0-0-0-0-0-0-0-0	0-0-0-0-0-0-0-0-0-0-0-0	0-0-0-0-0-0-0-0-0-0-0-0	0-0-0-0-0-0-0-0-0-0-0-0	0-0-0-0-0-0-0-0-0-0-0-0	0-0-0-0-0-0-0-0-0-0-0-0
809	1	1-1-1-1-1-1-1-1-1-1-1-1	2-1-0-2-0-0-0-2-0-1-0-2	0-2-0-2-2-2-2-3-0-3-0-1	2-0-1-3-2-2-0-3-1-1-1-0	1-0-1-2-0-2-2-2-1-1-2-1	1-0-2-0-0-2-2-2-1-1-0-0	3-1-1-0-2-1-2-2-1-1-0-2	1-1-1-2-3-0-1-6-1-0-0-0	0-0-2-3-3-0-0-2-0-1-1-1	0-3-0-2-2-3-0-3-2-0-0-3	0-1-0-5-0-2-0-0-0-1-1-1	0-2-1-0-0-3-2-0-1-1-1-3
809	2	2-2-2-2-2-2-2-2-2-2-2-2	1-3-2-1-0-4-0-2-3-1-0-1	2-1-2-1-1-1-3-2-0-1-3-2	1-2-3-1-1-1-4-2-2-4-2-0	1-0-5-1-1-1-3-1-3-2-1-3	1-4-4-0-2-1-3-1-5-2-5-5	4-1-2-2-1-2-3-1-2-2-3-3	2-2-1-1-2-3-4-3-2-0-0-1	2-0-3-1-2-1-5-1-4-2-2-2	3-1-2-1-1-1-5-5-1-3-0-1	3-1-0-2-0-1-0-2-0-1-1-4	5-1-1-4-2-1-1-0-1-0-2-1
809	3	3-2-3-5-2-3-3-3-3-3-3-2	3-2-2-3-0-2-4-5-4-3-4-4	4-4-4-3-1-1-2-4-0-4-2-3	4-3-3-4-1-4-4-1-2-2-1-3	1-4-4-3-4-1-4-3-2-4-4-6	1-4-2-3-4-1-2-1-1-1-1-3	6-1-1-2-4-3-2-0-2-1-4-2	1-1-4-2-1-2-4-2-1-3-4-4	4-4-4-1-1-4-4-2-2-3-1-4	4-6-2-2-4-1-2-1-4-2-4-1	4-1-4-3-4-4-4-4-6-1-1-3	0-1-0-2-4-4-1-5-1-3-1-1
809	4	4-2-4-6-2-4-3-4-3-3-3-4	3-2-2-5-5-2-3-6-3-3-5-3	3-5-5-5-5-6-5-3-0-5-2-5	5-3-2-5-5-5-2-4-5-2-5-3	4-3-6-3-3-5-5-5-4-3-3-5	5-3-2-4-3-3-5-4-2-2-2-2	2-5-2-4-6-3-5-0-1-2-5-4	2-5-5-5-5-3-6-6-4-3-5-3	3-3-3-5-6-3-3-5-2-5-5-3	3-5-2-5-5-5-2-2-3-4-3-5	3-4-3-2-3-3-3-3-3-4-1-2	0-4-4-5-3-3-4-3-5-3-5-1
809	5	4-6-4-4-5-6-6-4-6-5-5-6	5-2-2-4-5-5-3-3-6-5-6-6	3-4-4-4-4-5-4-6-6-4-3-4	4-5-5-4-4-4-6-4-4-2-4-3	4-3-2-3-5-4-6-4-5-5-3-4	4-2-6-6-3-3-4-4-2-2-2-6	2-4-2-5-3-5-4-0-5-5-4-6	5-5-4-4-4-5-6-4-4-3-4-5	5-3-3-4-4-5-5-5-2-3-4-5	6-4-5-4-4-4-2-2-6-5-4-4	4-4-5-1-3-6-3-4-4-6-5-5	2-4-5-5-4-5-5-3-4-3-4-1
809	6	6-5-4-4-6-6-5-6-5-5-5-5	5-6-6-4-6-6-4-6-5-6-5-5	6-6-6-4-6-5-5-5-6-6-6-6	5-6-6-6-6-6-5-6-5-6-6-3	4-3-6-6-5-6-5-6-6-6-4-4	4-6-5-5-6-6-6-4-6-6-2-6	3-6-6-6-4-6-6-6-6-6-3-6	6-2-4-5-4-5-5-4-4-3-5-6	3-6-6-6-4-6-3-5-6-2-4-4	3-3-6-6-6-5-6-2-6-6-3-6	3-6-6-3-5-5-3-3-3-5-6-6	6-5-6-2-2-6-6-3-6-6-4-1
810	0	0-0-0-0-0-0-0-0-0-0-0-0	0-0-0-0-0-0-0-0-0-0-0-0	0-0-0-0-0-0-0-0-0-0-0-0	0-0-0-0-0-0-0-0-0-0-0-0	0-0-0-0-0-0-0-0-0-0-0-0	0-0-0-0-0-0-0-0-0-0-0-0	0-0-0-0-0-0-0-0-0-0-0-0	0-0-0-0-0-0-0-0-0-0-0-0	0-0-0-0-0-0-0-0-0-0-0-0	0-0-0-0-0-0-0-0-0-0-0-0	0-0-0-0-0-0-0-0-0-0-0-0	0-0-0-0-0-0-0-0-0-0-0-0
810	1	1-1-1-1-1-0-1-1-1-1-1-1	0-0-0-1-0-1-0-2-0-1-2-0	0-2-3-3-2-2-2-0-0-2-2-2	2-0-0-3-2-2-0-1-1-0-1-0	1-0-1-2-2-1-2-2-1-0-0-2	2-0-2-0-1-2-2-1-1-1-3-3	3-1-1-0-2-1-0-2-3-1-2-2	1-3-1-2-2-1-2-3-1-0-0-0	1-0-2-2-3-2-0-2-0-1-1-1	2-2-0-0-2-1-2-1-2-0-0-3	2-1-0-0-2-3-0-1-1-2-2-1	1-1-1-0-0-1-2-0-1-1-1-1
810	2	2-2-1-2-2-2-2-2-2-2-2-3	2-3-2-1-0-3-0-3-3-2-1-3	3-1-0-2-1-1-3-3-0-3-3-3	1-2-2-1-1-1-0-1-3-3-3-0	2-2-2-1-1-1-3-1-2-2-3-1	3-5-3-0-2-1-3-2-2-2-5-2	1-1-2-2-1-2-3-1-2-5-5-1	2-0-1-3-3-3-5-5-1-4-2-3	2-2-1-1-0-1-0-1-3-2-1-1	1-1-2-3-1-1-1-2-1-3-0-1	3-1-8-3-1-0-0-2-3-1-1-2	3-1-1-3-2-3-1-1-1-1-1-1
810	3	4-2-4-4-2-2-3-2-3-3-4-4	3-2-2-3-4-2-3-2-4-2-4-5	2-4-5-1-2-3-2-2-5-2-2-2	3-3-3-1-1-1-4-1-2-4-2-7	2-3-2-3-5-1-2-4-2-2-2-3	2-1-2-3-5-1-2-1-3-2-1-1	4-1-1-2-3-3-2-4-1-2-3-1	6-1-6-2-2-2-3-2-1-7-4-7	5-6-4-5-1-3-3-5-2-3-1-3	5-1-2-4-5-1-0-1-4-2-5-1	5-1-3-2-8-1-5-3-5-2-1-2	3-1-3-2-5-2-1-5-6-7-1-1
810	4	6-5-7-6-5-5-6-6-5-6-5-6	5-5-5-3-6-6-6-5-5-5-5-5	4-5-6-6-5-5-5-5-5-5-6-5	5-3-5-6-5-4-5-6-5-5-4-4	7-6-4-5-5-4-5-4-5-5-5-4	4-5-5-7-5-5-4-5-5-4-2-5	8-5-4-7-3-5-5-5-4-2-8-5	4-4-4-2-4-5-4-6-5-4-3-4	4-8-8-4-5-5-5-5-6-5-4-5	3-5-5-3-5-6-5-4-5-5-3-1	5-8-6-7-6-8-4-3-5-4-5-5	6-4-4-5-6-7-5-7-3-6-6-4
810	5	4-4-4-6-4-4-4-4-4-4-4-4	4-4-4-7-4-4-4-4-4-4-4-4	4-6-4-4-4-4-6-4-4-4-4-4	6-3-4-4-7-6-4-7-4-4-6-4	4-4-7-4-3-5-6-6-4-4-4-7	4-4-4-5-4-4-6-4-4-2-2-6	4-4-4-2-6-4-4-6-4-2-7-4	4-6-3-6-7-4-8-7-7-4-7-3	3-0-6-6-4-4-4-7-4-4-7-4	3-7-4-4-4-1-4-4-6-4-7-1	3-1-4-2-4-4-3-3-4-7-4-4	4-7-4-7-3-4-4-3-5-4-5-4
810	6	4-8-4-8-4-4-4-4-4-4-4-4	4-7-7-5-4-4-4-4-4-4-4-4	4-5-4-4-5-5-7-4-4-5-7-5	5-3-4-4-5-5-4-4-7-5-5-4	4-4-4-4-4-7-7-5-7-4-4-5	5-4-5-8-6-4-5-4-6-6-7-5	3-4-4-2-5-4-4-5-6-6-5-5	3-5-3-7-5-4-2-4-5-6-4-3	3-3-5-5-6-3-4-5-4-6-5-4	3-4-6-4-7-4-7-4-5-7-3-5	3-1-4-2-4-4-3-3-4-5-4-6	4-5-3-4-4-4-5-3-3-4-7-4
810	7	4-6-4-4-4-8-4-4-4-4-4-8	4-6-6-5-4-4-5-6-4-4-4-8	8-5-8-4-5-4-6-4-4-5-6-5	5-7-7-4-5-5-8-5-6-4-5-8	4-3-5-4-4-6-6-7-6-4-4-5	4-5-5-8-7-4-8-4-7-7-6-8	8-4-4-4-3-7-7-8-7-6-5-4	7-5-4-6-5-4-2-5-5-3-5-3	7-7-6-7-5-4-4-5-8-4-5-4	3-5-7-4-6-1-6-4-8-6-5-1	6-7-4-4-2-4-3-3-5-5-4-7	4-8-8-5-4-4-4-4-6-3-6-4
810	8	8-6-5-6-8-7-4-8-4-4-4-7	4-6-8-5-8-4-7-8-8-8-7-7	8-8-8-4-8-4-8-4-4-8-7-8	7-8-8-8-8-8-7-8-7-8-8-7	4-4-8-8-4-8-7-8-8-8-4-4	4-8-8-7-8-4-7-8-8-8-8-7	4-8-8-8-8-8-8-7-8-8-4-8	8-6-8-7-8-4-5-5-5-4-4-4	5-7-8-7-1-8-8-5-7-4-5-4	5-8-2-3-8-1-8-7-7-8-4-8	3-4-4-8-4-4-7-3-4-4-8-8	4-7-7-4-4-8-8-4-8-8-6-4
811	0	0-0-0-0-0-0-0-0-0-0-0-0	0-0-0-0-0-0-0-0-0-0-0-0	0-0-0-0-0-0-0-0-0-0-0-0	0-0-0-0-0-0-0-0-0-0-0-0	0-0-0-0-0-0-0-0-0-0-0-0	0-0-0-0-0-0-0-0-0-0-0-0	0-0-0-0-0-0-0-0-0-0-0-0	0-0-0-0-0-0-0-0-0-0-0-0	0-0-0-0-0-0-0-0-0-0-0-0	0-0-0-0-0-0-0-0-0-0-0-0	0-0-0-0-0-0-0-0-0-0-0-0	0-0-0-0-0-0-0-0-0-0-0-0
811	1	1-1-1-2-1-1-1-1-1-1-2-1	2-2-1-0-2-2-3-2-1-2-2-2	1-2-2-2-2-2-2-2-2-2-2-2	2-1-2-2-1-2-2-3-1-2-1-2	2-1-1-2-2-1-2-1-2-2-3-1	2-2-2-2-2-2-2-2-1-1-1-2	4-1-1-1-2-1-1-2-1-2-1-1	1-1-2-1-1-2-2-2-1-1-1-1	1-1-1-1-2-1-1-2-6-1-1-2	2-1-2-2-1-1-2-2-2-1-0-1	1-7-3-2-3-2-4-1-4-1-6-1	2-1-1-1-1-2-1-2-0-1-1-2
811	2	1-1-1-1-1-1-1-1-1-1-1-1	1-1-1-4-1-1-1-1-1-1-3-1	1-3-1-4-3-5-3-1-1-4-1-3	3-0-1-1-3-3-1-2-3-1-1-1	4-0-4-3-1-3-3-3-1-1-1-3	1-1-3-1-1-1-3-1-1-1-0-1	3-3-1-1-3-2-2-3-1-1-0-3	1-2-1-3-4-1-1-4-7-1-1-1	6-0-3-3-4-1-0-3-1-2-3-1	1-4-1-1-3-4-1-1-3-1-0-4	0-2-0-1-1-1-0-0-0-1-3-1	1-3-2-3-1-1-3-1-4-2-2-1
811	3	1-3-1-1-5-1-1-1-1-1-1-1	1-4-4-2-1-1-1-4-1-1-2-2	7-2-5-1-2-2-4-7-1-2-4-2	2-3-3-1-2-2-1-1-4-5-3-1	3-0-5-4-2-4-4-2-4-3-1-2	1-4-5-1-3-1-4-1-3-3-6-3	2-2-1-7-2-3-4-2-3-3-0-2	1-2-2-2-2-1-5-2-2-5-0-1	1-3-2-2-3-1-0-2-1-3-2-3	2-2-1-3-4-2-4-3-2-1-0-2	0-2-1-1-1-1-1-0-0-2-2-1	1-2-2-2-1-1-2-1-0-4-6-1
811	4	4-4-1-4-3-1-5-5-4-4-4-7	4-3-3-4-6-1-5-3-1-1-2-5	4-5-6-2-4-2-3-5-1-2-3-3	5-5-5-6-2-2-3-5-3-6-3-4	2-4-2-5-5-3-5-5-3-4-5-4	1-5-2-4-4-7-3-6-1-3-4-4	6-3-3-4-5-1-3-4-3-1-3-2	4-2-6-2-2-5-4-2-3-7-5-7	4-3-5-2-2-1-4-3-1-4-2-5	7-2-4-5-3-2-5-3-5-4-5-2	5-2-4-1-7-7-5-4-5-4-5-4	4-2-4-5-5-4-2-4-4-2-2-2
811	5	7-5-7-7-3-1-5-4-4-4-5-4	6-3-3-7-1-1-4-6-6-1-7-6	5-4-4-2-6-2-6-4-6-6-6-6	6-4-4-6-6-6-1-6-6-3-6-4	6-4-3-6-4-5-6-6-4-6-4-6	6-6-6-5-4-7-6-1-3-5-3-4	4-5-3-4-4-5-3-6-5-7-6-2	1-6-4-6-6-4-3-6-2-4-4-0	3-5-4-5-6-5-4-6-1-3-6-4	4-6-1-4-6-6-4-5-4-1-4-2	4-1-1-5-1-0-4-4-4-6-4-5	4-6-4-4-4-1-5-4-6-2-3-1
811	6	5-7-5-7-3-7-7-7-7-6-5-7	5-3-3-5-6-1-5-5-5-4-5-7	5-5-4-7-5-5-5-6-5-5-5-5	5-6-6-5-5-5-7-5-5-4-5-4	5-7-5-5-6-5-5-5-6-5-4-5	5-5-5-7-6-7-5-4-6-6-3-6	4-5-1-6-6-6-6-5-6-1-5-4	6-5-4-5-5-4-7-5-2-4-5-6	6-6-5-5-5-5-6-6-1-6-5-6	6-5-6-4-5-5-6-7-7-1-6-2	6-6-7-7-6-7-6-4-6-6-1-6	4-7-6-4-6-1-5-1-5-2-3-2
811	7	7-6-7-5-7-6-6-7-6-5-5-6	5-7-7-5-7-7-6-5-7-7-5-6	7-7-7-6-7-7-7-3-7-7-6-7	5-7-7-7-7-7-6-7-7-7-7-6	5-6-7-7-7-7-6-7-7-7-2-5	6-7-7-6-7-4-7-7-7-7-7-6	6-7-7-7-6-7-7-6-7-7-6-6	7-6-5-6-7-7-7-2-2-4-5-4	6-7-7-7-5-7-7-6-1-1-5-3	4-7-7-7-7-2-7-6-6-7-7-7	0-1-7-7-4-4-6-1-7-7-7-7	7-6-4-4-6-7-7-7-7-7-3-7
812	0	0-0-0-0-0-0-0-0-0-0-0-0	0-0-0-0-0-0-0-0-0-0-0-0	0-0-0-0-0-0-0-0-0-0-0-0	0-0-0-0-0-0-0-0-0-0-0-0	0-0-0-0-0-0-0-0-0-0-0-0	0-0-0-0-0-0-0-0-0-0-0-0	0-0-0-0-0-0-0-0-0-0-0-0	0-0-0-0-0-0-0-0-0-0-0-0	0-0-0-0-0-0-0-0-0-0-0-0	0-0-0-0-0-0-0-0-0-0-0-0	0-0-0-0-0-0-0-0-0-0-0-0	0-0-0-0-0-0-0-0-0-0-0-0
812	1	1-1-1-1-1-1-1-1-1-1-1-1	1-0-0-1-0-1-1-2-2-1-0-0	2-2-5-0-1-0-2-2-0-0-2-1	1-2-2-1-1-2-0-4-1-0-1-3	0-3-5-0-2-0-2-1-2-1-0-0	1-1-0-1-2-1-0-0-0-0-0-0	0-0-0-3-0-4-0-0-1-1-1-0	1-0-0-0-1-2-0-0-0-1-1-0	0-2-0-0-0-0-2-2-0-1-0-0	2-1-0-2-2-0-0-0-1-2-3-1	0-0-1-0-1-1-2-3-3-1-0-1	1-0-1-1-0-1-0-1-1-1-1-1
812	2	2-2-2-2-2-2-2-6-2-1-2-2	3-0-0-2-0-3-1-3-1-2-3-3	1-1-1-3-3-3-3-1-0-3-2-3	3-1-1-3-3-3-4-5-3-0-2-1	2-1-2-3-3-2-3-3-1-2-0-3	3-4-3-2-1-3-3-4-2-0-0-2	3-3-0-1-3-1-2-3-0-2-3-3	1-2-2-3-3-1-4-7-2-2-2-0	4-1-3-3-4-3-1-3-3-2-3-2	1-3-1-1-3-4-3-2-3-1-0-2	3-0-2-4-7-4-1-1-0-2-3-1	0-3-2-1-4-0-3-1-2-2-2-4
812	3	3-3-3-4-3-3-3-3-3-3-3-4	2-5-4-2-3-2-2-2-4-4-2-2	1-1-1-2-2-2-4-4-4-4-4-2	2-1-1-2-2-2-5-2-4-6-4-1	2-1-1-2-4-4-4-2-4-2-0-2	2-2-5-6-4-2-4-3-3-3-6-3	2-2-3-1-2-3-5-2-3-0-2-6	3-4-2-2-2-1-5-6-3-3-6-3	3-1-2-2-3-2-3-4-5-3-2-5	3-2-7-7-2-2-2-6-2-4-1-2	2-0-5-3-6-3-3-1-1-2-2-3	6-2-1-4-7-6-2-1-5-2-5-1
812	4	4-3-4-6-4-4-4-5-4-4-5-6	4-3-3-4-6-5-5-6-5-3-5-5	5-5-6-5-3-4-3-5-5-5-3-5	5-4-7-5-2-5-5-1-3-3-3-5	2-5-5-5-5-3-5-3-4-7-5-7	2-2-3-4-5-5-3-5-3-3-0-4	7-2-4-5-4-1-3-5-0-0-5-4	4-2-2-3-2-3-2-3-4-5-5-5	5-5-5-2-2-4-5-5-3-4-2-3	5-5-3-7-5-2-0-3-5-5-5-2	5-2-4-2-5-5-5-5-5-7-5-4	5-2-4-3-5-5-2-5-2-5-2-2
812	5	5-3-5-7-3-3-6-4-4-4-4-4	4-3-3-6-4-4-4-4-4-3-4-4	4-6-1-4-6-7-6-4-4-6-4-6	4-4-1-4-6-6-3-6-6-3-5-4	6-4-7-4-4-6-6-6-4-5-7-5	6-3-3-4-4-4-6-6-5-0-0-3	7-6-3-4-7-5-3-4-5-7-6-6	0-6-7-5-5-3-7-7-5-4-4-4	4-4-3-6-7-4-4-4-3-5-7-3	4-4-0-0-4-6-5-3-4-4-4-5	4-5-3-3-4-4-4-4-4-5-4-4	4-5-5-6-4-4-5-4-3-4-7-5
812	6	5-7-5-4-5-7-7-4-7-6-4-4	4-3-3-5-4-7-4-4-4-6-5-4	7-5-4-5-5-6-5-4-7-5-6-5	5-6-6-4-5-5-7-5-5-3-5-4	5-4-4-4-6-5-5-5-6-6-6-5	5-6-7-3-6-4-6-5-3-6-3-7	7-5-0-4-6-6-6-0-6-6-5-5	6-5-5-5-5-7-3-3-7-4-7-4	6-4-6-5-6-6-6-6-3-6-5-3	6-5-6-3-6-5-0-3-4-6-4-5	5-5-5-3-7-7-4-4-6-6-6-6	3-5-6-6-4-6-6-4-5-4-5-5
812	7	7-6-5-5-7-6-6-7-6-4-7-4	4-7-7-5-7-6-4-7-7-7-4-4	7-7-7-5-7-7-6-4-6-7-7-7	7-7-6-7-7-7-6-7-7-7-7-4	5-4-7-7-7-7-6-7-7-7-5-7	6-7-6-7-7-4-7-7-7-7-7-7	4-7-7-7-5-7-5-7-7-7-6-7	7-7-5-6-7-6-5-5-6-4-6-7	4-7-6-5-5-7-7-5-7-4-5-1	6-4-7-7-7-5-7-6-6-7-4-7	4-7-3-7-6-6-4-4-4-4-7-7	7-5-1-7-3-7-7-4-7-7-5-7
813	0	0-0-0-0-0-0-0-0-0-0-0-0	0-0-0-0-0-0-0-0-0-0-0-0	0-0-0-0-0-0-0-0-0-0-0-0	0-0-0-0-0-0-0-0-0-0-0-0	0-0-0-0-0-0-0-0-0-0-0-0	0-0-0-0-0-0-0-0-0-0-0-0	0-0-0-0-0-0-0-0-0-0-0-0	0-0-0-0-0-0-0-0-0-0-0-0	0-0-0-0-0-0-0-0-0-0-0-0	0-0-0-0-0-0-0-0-0-0-0-0	0-0-0-0-0-0-0-0-0-0-0-0	0-0-0-0-0-0-0-0-0-0-0-0
813	1	1-1-1-1-1-1-1-1-1-1-1-2	0-2-1-0-0-2-0-3-0-1-0-1	1-0-0-1-0-0-2-0-0-1-2-0	0-0-2-0-0-0-2-0-2-2-2-0	2-0-0-0-0-1-2-0-2-0-0-0	0-0-0-0-0-0-2-0-2-1-0-0	2-2-1-0-0-1-0-0-1-1-0-1	3-1-0-0-1-0-2-0-0-1-0-0	1-0-2-0-1-1-4-0-2-2-0-0	0-0-1-2-0-1-2-1-0-0-0-1	0-2-1-2-4-0-0-0-1-1-2-2	2-1-0-2-0-1-0-0-0-1-3-5
813	2	3-1-2-1-2-2-2-1-2-2-2-3	2-1-1-3-0-1-3-5-3-3-3-3	0-3-3-5-3-2-3-3-3-3-1-3	3-0-3-3-3-3-1-3-3-1-3-5	3-1-2-3-0-3-3-3-1-7-3-3	2-0-3-2-2-3-3-3-1-2-0-4	3-1-1-0-3-0-3-3-1-2-6-3	1-4-2-3-2-0-1-2-4-2-0-0	0-0-1-3-4-2-0-4-3-3-3-3	0-2-2-1-3-4-3-1-3-0-3-4	3-2-1-1-1-2-2-0-0-2-3-1	1-2-2-1-3-2-3-0-0-0-2-2
813	3	2-6-2-2-2-3-3-3-3-3-4-2	2-4-4-2-3-3-2-4-2-2-2-2	4-2-2-2-2-4-4-2-2-5-4-2	2-2-2-2-2-2-3-2-4-4-4-2	2-3-6-2-3-2-4-2-4-0-2-2	2-3-4-2-3-2-4-2-3-3-4-3	2-1-5-0-2-3-4-2-3-3-0-4	1-2-2-2-2-4-5-3-3-3-0-0	3-0-4-2-3-3-0-2-4-3-2-2	0-3-3-3-2-2-4-3-2-4-2-2	2-2-3-5-0-2-3-0-1-2-2-3	1-2-2-3-2-2-2-0-0-3-1-4
813	4	5-4-4-4-4-4-4-3-4-4-4-7	4-3-3-4-4-3-4-3-5-5-5-6	5-5-6-2-3-5-3-5-6-3-3-4	5-5-5-2-2-2-7-2-3-3-3-2	2-6-4-3-5-3-5-4-3-5-4-2	1-5-3-4-5-2-3-2-3-3-3-2	2-2-3-5-5-7-3-5-4-3-7-3	5-2-5-2-2-5-3-4-2-4-5-4	7-5-5-2-2-4-6-2-6-4-2-5	5-7-4-3-3-2-3-3-5-5-5-2	7-1-1-3-1-2-5-6-5-2-3-4	3-2-2-5-5-2-2-7-2-3-1-3
813	5	6-5-6-5-5-6-4-6-6-5-5-5	4-3-3-6-6-7-4-6-4-4-4-4	4-6-6-2-6-4-6-6-6-3-4-5	6-4-5-6-6-6-4-5-6-6-6-2	6-4-6-4-4-6-6-6-3-5-6-5	6-5-3-5-4-2-6-6-5-5-3-6	6-5-3-4-4-5-3-7-5-7-6-7	4-5-4-6-6-4-3-6-7-5-4-4	0-4-4-5-6-6-4-6-4-5-5-4	4-6-3-6-6-6-3-3-4-4-4-2	0-5-6-3-6-2-4-6-6-3-2-5	3-6-6-6-4-4-5-4-6-5-6-6
813	6	5-7-5-5-6-7-7-5-7-6-5-7	4-3-3-5-5-7-4-5-7-6-4-4	4-5-5-5-5-6-5-5-5-6-4-5	5-6-6-5-5-5-7-5-5-5-5-7	5-4-5-2-6-5-7-5-6-6-7-5	5-7-7-6-4-7-5-5-6-6-3-6	7-5-3-5-7-6-3-5-6-3-5-3	6-5-2-5-5-6-3-5-5-3-5-6	6-4-4-6-5-5-4-5-4-5-2-4	7-6-6-5-5-5-6-7-7-4-5-2	3-6-5-3-7-7-4-4-5-6-6-6	7-7-5-5-5-6-2-4-5-5-5-5
813	7	7-6-4-5-7-7-6-7-6-6-6-6	5-7-7-5-7-7-5-7-6-7-6-6	7-7-7-2-7-6-6-6-6-7-7-7	5-7-7-7-7-7-4-7-6-7-7-6	5-4-7-7-7-7-6-7-7-7-6-7	6-7-7-5-7-6-7-7-7-7-7-7	6-7-7-4-6-7-7-5-7-5-4-5	7-7-7-6-7-6-7-5-5-4-6-6	6-4-7-7-5-7-7-5-7-7-5-5	5-7-7-7-7-6-7-6-6-7-4-7	4-7-7-3-6-6-4-4-7-6-7-7	7-6-5-3-5-7-7-4-7-7-2-7
814	0	0-0-0-0-0-0-0-0-0-0-0-0	0-0-0-0-0-0-0-0-0-0-0-0	0-0-0-0-0-0-0-0-0-0-0-0	0-0-0-0-0-0-0-0-0-0-0-0	0-0-0-0-0-0-0-0-0-0-0-0	0-0-0-0-0-0-0-0-0-0-0-0	0-0-0-0-0-0-0-0-0-0-0-0	0-0-0-0-0-0-0-0-0-0-0-0	0-0-0-0-0-0-0-0-0-0-0-0	0-0-0-0-0-0-0-0-0-0-0-0	0-0-0-0-0-0-0-0-0-0-0-0	0-0-0-0-0-0-0-0-0-0-0-0
814	1	2-2-2-3-2-1-1-2-2-2-2-3	2-2-1-0-2-2-0-2-2-2-0-2	1-2-1-2-2-2-2-3-2-2-2-2	2-2-2-2-1-0-2-7-1-2-2-2	6-0-1-2-4-1-2-1-1-2-3-1	2-1-3-4-2-4-2-2-4-1-4-1	2-1-1-1-1-5-2-2-1-2-1-1	1-1-2-2-1-2-1-2-0-2-3-1	1-0-1-0-2-2-2-1-2-1-1-1	3-1-1-2-1-1-2-2-2-2-2-1	1-1-1-2-1-3-4-1-3-3-1-1	2-1-1-1-2-3-1-3-1-4-4-3
814	2	1-1-1-1-1-1-1-1-1-1-1-1	3-1-1-4-1-1-1-1-1-1-3-1	1-4-0-1-3-1-1-1-1-1-1-1	3-1-1-4-3-3-1-4-3-1-1-1	5-1-2-3-0-3-3-3-1-1-1-3	3-4-3-0-1-1-3-1-1-1-0-4	1-3-1-1-3-2-2-3-1-1-1-3	1-2-2-3-3-1-8-8-5-1-2-0	1-0-3-3-4-1-1-3-1-2-3-2	1-5-1-1-3-4-1-1-3-1-1-4	1-4-0-1-1-1-0-0-1-2-2-3	1-3-2-1-1-1-3-1-0-1-2-1
814	3	3-4-1-1-1-1-1-3-1-1-1-1	2-4-4-1-1-1-2-4-1-1-2-1	1-2-1-1-2-1-4-5-5-5-4-4	2-3-4-2-2-2-1-2-2-5-4-1	2-0-2-2-3-4-4-2-3-1-1-2	2-2-6-0-3-0-4-3-3-3-6-3	2-2-1-0-2-3-5-2-1-5-6-2	1-4-2-4-2-1-6-4-4-1-1-0	3-0-2-2-3-2-3-2-1-3-2-3	1-4-3-1-2-2-2-7-2-1-1-2	1-1-1-4-1-1-0-0-1-1-2-2	7-2-0-1-1-4-2-1-0-1-3-1
814	4	4-3-1-5-1-4-1-1-1-4-6-5	4-3-3-5-6-1-5-3-5-1-5-5	7-5-7-1-4-5-5-5-1-5-3-5	5-6-5-5-2-5-5-2-3-1-3-0	2-5-2-3-6-3-5-5-4-4-1-1	5-2-3-1-6-5-3-5-1-3-1-2	5-2-3-0-5-1-3-5-4-1-5-3	1-3-6-3-3-5-5-5-3-4-4-7	6-0-4-2-2-4-5-5-1-5-2-4	5-3-4-0-5-2-1-3-6-5-5-2	6-2-1-5-1-6-6-6-6-1-5-4	4-2-5-4-6-4-2-4-5-7-1-1
814	5	5-5-1-4-6-5-4-1-1-4-4-4	4-6-6-4-4-1-4-6-4-1-4-4	4-4-6-4-2-4-6-4-7-6-6-4	4-4-4-4-2-4-4-2-6-6-6-1	7-4-4-4-5-6-6-4-6-5-4-2	4-4-3-4-4-4-6-5-5-5-2-5	6-5-6-0-4-5-3-4-5-3-4-2	1-3-2-3-5-4-4-4-2-5-4-4	4-0-6-2-5-5-4-4-6-6-2-5	4-2-5-6-4-3-7-5-4-4-4-2	4-6-7-4-8-4-4-4-4-2-6-4	1-2-4-5-4-7-7-4-4-4-3-1
814	6	4-6-8-8-5-6-8-6-8-6-8-8	6-5-5-7-4-1-7-7-7-7-7-7	1-7-7-7-7-7-7-5-7-7-5-7	4-4-7-7-7-7-7-2-7-5-7-4	1-4-8-7-4-7-7-7-5-8-8-7	4-7-7-7-4-4-7-1-5-5-3-6	5-6-1-3-4-6-4-7-5-8-7-6	1-7-4-7-7-1-3-6-7-4-7-4	4-0-5-7-8-1-4-7-5-5-7-5	4-7-4-5-7-6-8-3-4-4-4-7	4-5-5-3-1-4-4-4-4-7-5-7	1-7-6-7-4-4-5-4-0-4-8-3
814	7	8-8-6-7-5-8-8-8-8-6-7-8	6-3-5-6-7-8-6-6-8-6-6-8	4-6-4-6-6-6-6-5-6-6-6-6	8-6-7-6-6-6-8-1-6-5-6-8	5-4-6-6-7-6-8-6-7-7-4-6	8-6-6-8-7-4-6-5-7-7-7-8	8-6-1-0-7-7-7-6-7-5-6-6	7-6-6-6-6-1-3-6-6-5-6-4	3-7-6-6-6-1-5-6-5-5-6-5	1-6-7-3-6-6-5-3-8-5-7-6	4-7-5-7-1-4-4-7-4-6-5-6	3-6-8-6-4-5-5-4-4-4-6-3
814	8	8-7-6-6-8-7-7-8-7-7-6-7	7-8-8-4-8-8-7-6-8-8-6-7	8-8-8-7-8-8-8-7-8-8-7-8	7-8-8-6-8-8-7-8-6-8-8-7	8-0-8-8-8-8-7-8-8-8-6-8	8-8-8-7-8-4-8-8-8-8-8-7	7-8-8-8-7-8-8-8-8-6-8-8	8-8-8-7-8-8-6-6-6-5-7-4	6-7-8-6-6-8-8-5-8-5-6-1	6-4-8-8-8-2-8-3-7-8-7-8	4-6-8-8-5-5-4-4-4-8-8-8	8-7-7-1-4-8-8-4-4-8-6-8
815	0	0-0-0-0-0-0-0-0-0-0-0-0	0-0-0-0-0-0-0-0-0-0-0-0	0-0-0-0-0-0-0-0-0-0-0-0	0-0-0-0-0-0-0-0-0-0-0-0	0-0-0-0-0-0-0-0-0-0-0-0	0-0-0-0-0-0-0-0-0-0-0-0	0-0-0-0-0-0-0-0-0-0-0-0	0-0-0-0-0-0-0-0-0-0-0-0	0-0-0-0-0-0-0-0-0-0-0-0	0-0-0-0-0-0-0-0-0-0-0-0	0-0-0-0-0-0-0-0-0-0-0-0	0-0-0-0-0-0-0-0-0-0-0-0
815	1	1-1-1-1-1-1-1-1-1-1-1-1	0-2-1-0-0-1-0-1-2-1-0-2	1-0-0-1-2-0-2-2-0-2-2-2	0-0-2-0-0-0-0-0-2-2-2-0	1-2-1-0-0-2-2-0-2-0-0-0	2-0-2-0-0-0-2-0-2-1-0-0	2-2-1-0-0-1-0-0-0-1-2-1	1-1-0-2-0-0-2-2-0-1-0-0	0-1-0-0-1-1-1-0-1-0-1-0	0-1-0-2-0-0-0-1-0-0-0-0	1-0-2-3-1-0-0-0-0-1-1-1	0-1-0-0-0-1-1-0-1-0-2-3
815	2	2-2-2-2-1-1-2-1-2-2-2-2	3-1-1-3-0-1-0-3-1-2-3-1	1-2-0-5-3-4-3-1-0-3-1-3	3-3-3-4-4-4-0-7-3-1-1-0	3-1-4-4-0-1-3-3-1-4-4-4	3-4-1-0-3-4-3-3-1-2-0-5	1-1-1-0-3-2-2-3-2-1-5-3	1-2-3-3-3-0-4-11-2-1-3-0	2-0-3-3-11-4-0-4-3-2-3-2	6-3-0-1-5-5-1-2-3-4-0-2	0-7-1-1-0-2-0-0-0-2-3-2	1-3-2-2-0-0-3-0-3-2-4-5
815	3	3-3-3-3-3-3-3-3-3-3-3-3	2-4-3-2-3-3-2-4-4-2-2-4	5-2-0-2-2-2-4-4-2-5-4-2	2-2-2-2-2-2-2-2-4-4-4-1	2-0-2-2-0-5-4-2-3-2-2-2	2-2-3-0-3-2-2-2-3-3-10-4	4-2-1-4-2-3-4-2-3-3-2-2	3-2-2-4-2-0-5-0-3-6-2-5	3-0-2-2-1-2-4-2-4-4-2-2	2-2-3-1-4-2-4-5-4-3-4-2	7-4-0-1-5-4-0-3-0-2-2-3	4-2-2-2-2-5-2-0-2-2-6-1
815	4	4-4-3-4-5-4-5-4-4-3-3-4	2-5-5-2-6-5-2-5-5-4-2-5	3-4-5-2-2-2-5-3-5-5-5-5	2-5-6-2-2-2-5-2-3-3-5-0	2-0-2-2-0-3-5-4-5-2-2-2	2-2-4-0-5-2-5-2-4-4-8-3	3-2-4-3-2-4-5-5-4-3-8-4	4-2-2-3-5-0-2-0-3-4-5-5	3-0-2-2-5-2-3-2-7-3-2-4	0-5-4-5-3-2-3-4-3-2-3-2	3-3-8-5-5-3-0-5-8-2-2-3	3-2-2-2-8-5-3-0-4-4-7-4
815	5	6-3-6-7-4-4-4-5-6-5-5-6	6-4-4-6-4-4-5-4-4-6-6-6	3-6-7-2-7-6-4-7-6-3-4-4	6-4-4-7-2-6-6-9-6-7-4-5	2-6-5-6-6-3-6-6-5-7-7-7	4-6-7-5-4-7-6-2-4-4-4-6	4-6-4-4-2-3-4-6-5-3-2-6	4-6-2-6-4-1-3-7-5-3-4-4	3-6-2-6-7-6-5-7-4-5-2-4	6-4-6-4-6-2-6-5-6-5-6-2	3-6-5-4-6-5-0-4-5-6-6-3	6-6-6-5-5-6-2-7-6-5-2-2
815	6	5-6-6-6-6-6-6-6-5-5-6-5	5-7-7-5-4-5-5-7-5-5-5-5	8-5-8-2-2-5-7-9-7-8-7-8	5-5-4-5-2-5-5-2-5-5-7-5	2-5-5-5-5-7-7-5-7-5-5-5	2-5-4-0-6-5-7-2-6-6-7-6	7-5-6-0-7-3-4-5-6-7-0-5	4-5-2-5-4-0-7-7-5-3-7-8	6-5-2-5-6-5-6-2-4-6-2-6	5-2-5-7-7-4-5-9-5-5-5-2	8-5-7-6-7-5-0-8-0-5-5-3	4-5-5-5-7-5-2-8-5-6-3-4
815	7	5-6-6-5-7-6-7-7-5-7-7-5	7-6-6-5-9-7-7-7-8-6-5-5	9-8-9-2-5-9-6-9-6-8-6-7	5-7-7-5-2-8-6-2-5-5-6-9	2-9-8-5-9-6-6-5-6-5-5-5	7-7-5-7-7-5-6-2-1-6-6-7	7-5-6-7-6-7-4-6-4-11-2-7	7-5-2-8-4-9-6-5-7-8-6-0	7-9-9-5-5-2-7-5-4-4-2-8	11-7-7-6-6-2-5-6-7-7-7-2	3-2-6-6-6-7-7-10-7-5-5-7	7-5-7-7-7-7-2-7-7-7-8-2
815	8	9-8-9-8-10-9-10-9-11-9-9-8	9-6-9-9-9-9-8-8-9-9-8-9	8-7-9-9-8-9-8-8-9-9-10-9	9-8-9-10-8-8-9-8-10-8-8-8	10-11-7-10-8-8-9-8-7-9-10-8	9-8-9-10-6-9-7-9-9-6-4-7	8-8-8-11-8-8-8-8-9-10-11-9	9-8-9-7-8-10-8-10-7-10-8-9	8-8-11-8-10-10-9-9-8-8-8-10	9-8-7-6-9-10-9-8-7-9-7-8	6-11-7-8-9-7-8-8-11-8-9-9	9-11-8-11-9-10-10-10-9-7-7-11
815	9	8-8-8-10-8-8-8-8-8-8-8-8	8-6-8-8-8-8-8-8-8-8-8-8	7-10-8-8-10-8-8-10-8-8-8-8	10-7-8-8-10-10-8-5-8-5-10-9	8-8-9-5-7-10-10-8-7-8-5-10	8-9-8-9-9-8-10-8-8-9-4-10	9-8-8-9-8-9-3-8-8-9-10-8	8-9-8-9-9-7-6-8-9-8-10-8	7-7-7-9-10-8-8-8-4-4-9-4	8-10-7-7-10-10-5-6-7-8-10-2	10-9-10-6-8-9-7-10-10-9-8-9	8-9-9-10-8-8-8-8-8-9-10-8
815	10	8-8-8-9-8-8-8-8-8-8-8-8	8-6-8-9-8-8-8-9-8-8-8-8	8-9-9-8-9-10-9-9-8-8-8-9	9-10-10-8-9-9-11-8-8-8-9-8	8-8-9-9-10-9-9-10-10-8-8-9	8-9-9-8-10-8-9-8-10-10-3-9	11-8-6-9-11-10-4-9-10-8-9-8	8-9-2-9-9-8-6-8-9-8-9-8	10-7-10-9-8-8-10-10-4-4-9-8	8-9-10-7-9-8-8-6-11-8-9-2	9-8-9-8-6-9-10-9-9-9-8-10	8-11-9-9-9-8-8-8-9-9-9-8
815	11	11-8-8-9-8-8-8-11-8-8-8-10	8-11-11-9-11-8-7-8-8-11-8-8	11-10-8-9-11-10-10-10-8-11-8-11	10-11-11-11-11-11-10-11-10-11-11-8	8-8-11-11-11-11-10-11-11-11-8-5	8-11-11-8-11-8-11-11-11-11-11-11	10-11-11-8-8-11-11-11-11-9-8-8	11-11-11-10-11-10-11-2-9-8-8-8	10-11-8-10-2-11-11-8-4-11-10-11	10-11-11-11-11-8-11-8-10-11-11-11	8-8-6-8-10-7-11-8-8-10-11-11	8-10-9-8-10-11-11-8-11-11-9-8
816	0	0-0-0-0-0-0-0-0-0-0-0-0	0-0-0-0-0-0-0-0-0-0-0-0	0-0-0-0-0-0-0-0-0-0-0-0	0-0-0-0-0-0-0-0-0-0-0-0	0-0-0-0-0-0-0-0-0-0-0-0	0-0-0-0-0-0-0-0-0-0-0-0	0-0-0-0-0-0-0-0-0-0-0-0	0-0-0-0-0-0-0-0-0-0-0-0	0-0-0-0-0-0-0-0-0-0-0-0	0-0-0-0-0-0-0-0-0-0-0-0	0-0-0-0-0-0-0-0-0-0-0-0	0-0-0-0-0-0-0-0-0-0-0-0
816	1	1-1-1-1-1-1-1-1-1-1-1-1	0-2-1-0-0-1-0-1-2-1-0-2	1-0-0-0-0-0-2-0-0-1-2-2	0-0-2-0-0-0-0-0-2-3-2-1	1-0-0-0-0-2-2-0-2-0-0-0	2-0-2-0-0-0-2-0-2-1-1-0	2-1-1-0-0-1-0-2-1-1-2-2	1-1-0-0-1-0-2-0-0-2-0-0	3-1-0-0-3-1-0-2-2-0-1-1	0-0-1-2-2-1-0-1-0-0-0-0	0-2-2-2-0-0-0-0-0-0-0-1	2-0-0-0-0-1-1-0-0-0-0-0
816	2	2-2-2-2-1-1-2-1-2-2-2-2	2-1-1-2-0-1-4-1-1-2-3-1	0-2-0-6-3-4-3-3-0-4-1-3	4-3-1-4-4-3-3-6-3-1-1-0	4-0-2-4-0-1-3-3-1-2-0-4	3-4-3-0-0-4-3-4-1-2-0-2	1-1-1-2-3-0-2-3-2-1-1-3	1-2-2-3-2-0-1-9-2-1-2-0	1-0-3-3-2-3-0-3-1-2-3-3	3-3-0-1-1-3-4-2-3-0-0-2	0-3-1-1-0-2-0-1-0-3-3-2	1-4-2-2-0-0-4-5-4-3-4-2
816	3	3-3-4-3-3-3-3-3-3-3-3-3	2-4-3-2-1-3-0-4-4-2-2-4	3-2-0-2-2-2-4-2-5-5-4-2	2-2-4-2-2-2-4-2-4-1-4-0	2-0-2-2-0-3-4-2-2-3-0-2	2-2-4-0-3-2-4-2-3-3-3-3	3-4-8-4-2-3-2-2-3-1-6-2	3-2-2-2-2-5-1-0-3-4-2-0	1-0-2-2-1-2-3-2-1-4-2-2	2-2-3-1-4-2-0-9-2-2-4-2	4-2-2-8-6-7-0-4-0-2-2-2	4-2-2-2-0-3-2-0-0-2-3-1
816	4	4-4-3-4-4-4-4-4-4-4-4-4	2-3-4-2-4-5-2-3-4-4-2-3	5-4-5-2-2-2-3-2-2-5-3-5	2-5-3-2-2-2-6-2-3-4-5-0	2-0-2-6-5-3-3-4-5-5-0-2	2-2-3-0-4-2-5-2-4-4-5-3	3-3-4-3-2-4-5-2-4-1-2-2	4-2-2-3-4-0-6-0-3-4-0-0	4-0-2-2-4-2-5-2-8-4-2-3	0-2-6-5-3-3-2-4-3-3-3-2	3-2-9-0-5-4-0-3-5-2-2-2	3-2-2-4-5-3-2-6-2-5-4-2
816	5	6-5-6-6-4-6-6-6-5-5-6-6	5-4-4-5-6-6-6-5-6-6-6-6	5-6-7-5-5-5-5-5-6-6-4-5	5-5-5-6-5-5-6-7-4-5-4-7	4-9-5-8-6-4-5-5-4-5-5-5	5-6-3-6-6-8-4-6-4-4-4-6	3-3-5-5-5-5-4-5-4-5-6-4	3-4-2-6-2-6-6-5-5-7-7-5	5-6-5-2-6-5-6-2-9-5-5-5	5-6-5-5-5-5-5-7-6-6-5-5	4-5-5-5-7-5-5-3-6-5-5-6	9-2-5-6-5-6-4-9-6-5-5-5
816	6	5-9-5-5-7-7-8-5-5-5-5-5	5-4-4-8-8-5-5-7-5-5-5-5	8-7-5-8-7-7-7-7-7-7-7-6	7-7-7-8-7-7-7-2-8-8-7-5	8-5-7-7-5-6-7-6-7-8-8-7	7-6-7-5-5-7-7-7-4-4-4-6	7-7-6-5-6-5-7-7-4-7-7-7	6-7-9-7-7-5-7-8-5-5-6-6	7-5-9-6-8-8-7-7-7-8-6-8	7-7-4-7-7-8-8-6-5-5-6-7	6-8-7-6-7-8-9-8-5-7-7-7	5-7-6-5-5-8-7-8-5-7-5-6
816	7	6-6-6-6-6-6-6-6-6-6-6-6	5-4-5-6-6-5-7-6-8-5-5-6	6-6-5-6-6-6-8-6-6-6-6-6	8-7-6-7-6-6-6-8-6-6-6-5	6-5-6-6-5-6-8-8-6-6-6-8	6-6-8-8-6-6-6-6-4-4-4-8	6-6-6-5-6-6-6-6-7-6-8-6	6-8-6-8-6-5-9-5-5-5-8-6	9-5-6-8-6-6-6-6-6-6-8-6	6-6-4-6-6-6-6-6-9-5-8-6	6-6-7-8-6-6-6-6-8-6-6-7	6-6-7-8-5-6-6-0-8-7-7-6
816	8	5-5-5-5-8-6-6-5-6-6-5-9	6-4-5-6-6-6-7-6-7-6-5-6	6-7-6-6-7-8-7-6-6-6-8-6	7-8-8-6-7-7-9-7-6-6-6-5	6-5-6-5-8-6-7-7-8-6-6-7	6-8-7-7-5-9-7-7-8-8-3-8	9-6-3-8-9-8-6-6-8-9-7-6	8-7-6-7-6-9-7-6-9-4-7-8	8-5-8-8-6-6-8-8-5-6-7-6	8-8-8-7-8-6-6-8-9-8-7-2	6-6-8-7-3-6-5-6-7-8-6-8	5-9-8-8-7-6-6-6-7-7-7-6
816	9	9-6-5-5-9-9-6-9-6-6-5-8	6-9-9-6-9-9-6-6-9-9-5-6	9-8-6-6-9-6-8-8-6-9-9-9	6-9-6-9-9-9-8-9-6-9-9-5	6-5-9-9-9-9-8-9-9-9-6-5	6-9-9-7-9-8-9-9-9-9-9-8	6-9-9-9-6-9-6-6-9-9-8-6	9-6-6-7-9-8-7-2-8-8-6-5	8-9-6-8-6-6-9-8-5-6-8-6	8-6-9-9-9-6-9-8-8-9-6-9	6-6-9-9-6-6-6-6-9-8-9-8	5-8-9-6-8-9-9-9-9-9-8-9
817	0	0-0-0-0-0-0-0-0-0-0-0-0	0-0-0-0-0-0-0-0-0-0-0-0	0-0-0-0-0-0-0-0-0-0-0-0	0-0-0-0-0-0-0-0-0-0-0-0	0-0-0-0-0-0-0-0-0-0-0-0	0-0-0-0-0-0-0-0-0-0-0-0	0-0-0-0-0-0-0-0-0-0-0-0	0-0-0-0-0-0-0-0-0-0-0-0	0-0-0-0-0-0-0-0-0-0-0-0	0-0-0-0-0-0-0-0-0-0-0-0	0-0-0-0-0-0-0-0-0-0-0-0	0-0-0-0-0-0-0-0-0-0-0-0
817	1	1-1-1-2-1-1-1-1-1-2-2-2	2-2-1-0-3-2-4-2-2-2-2-2	1-2-1-1-2-2-2-2-2-2-2-2	2-1-2-2-1-0-2-3-1-2-2-1	2-0-1-3-4-1-2-1-2-2-2-1	4-2-2-2-2-2-2-2-2-1-4-2	4-1-1-1-1-1-4-2-1-2-1-1	1-1-2-1-1-2-2-2-1-1-3-1	1-0-1-1-2-2-7-1-2-0-1-2	1-1-1-2-1-1-2-1-1-3-2-1	1-1-4-5-1-2-1-4-2-1-2-2	2-1-1-2-2-1-1-2-1-1-1-1
817	2	1-1-2-2-1-1-1-1-1-1-1-1	1-1-1-2-1-1-1-1-1-1-1-1	0-4-1-5-3-1-3-1-1-1-1-1	3-3-1-1-3-3-1-2-1-1-1-0	1-0-3-3-1-2-3-3-1-1-1-3	1-3-3-1-1-4-3-1-1-1-2-1	3-4-1-2-3-2-1-3-1-1-3-3	1-2-2-3-3-1-1-4-2-1-0-0	2-0-3-3-4-3-1-3-1-2-2-1	2-4-1-1-3-2-3-1-3-0-1-4	1-2-0-1-1-1-0-0-1-2-1-1	1-2-3-1-1-1-3-1-2-2-2-1
817	3	1-4-1-3-3-1-1-3-1-1-1-1	1-4-4-2-1-1-1-4-1-1-2-3	4-3-1-2-2-1-4-4-1-2-4-4	2-4-4-1-2-2-5-1-4-5-4-0	1-0-2-1-1-3-4-2-3-1-1-2	2-2-4-1-3-1-2-1-1-3-6-3	5-2-1-3-2-3-4-2-5-1-2-2	3-2-5-2-2-1-5-2-2-3-1-1	2-0-5-2-3-2-0-2-1-3-2-4	2-2-3-5-2-2-2-3-2-1-1-2	0-2-1-3-1-1-0-7-1-2-4-5	3-2-2-3-1-1-2-1-5-2-3-1
817	4	5-3-1-5-3-1-5-4-4-5-4-5	1-3-3-6-1-1-4-3-1-1-5-5	7-5-7-2-4-1-3-3-5-3-3-3	4-5-5-6-2-2-6-2-3-3-3-4	2-5-2-4-7-3-5-4-4-1-1-5	1-2-3-4-6-2-3-2-1-1-1-3	1-2-2-5-5-1-3-4-2-1-2-3	1-2-6-3-2-3-5-2-2-4-4-5	4-6-3-2-2-1-5-2-3-4-2-3	5-2-1-3-2-2-3-1-2-5-5-2	5-2-1-1-5-6-4-6-6-2-3-4	3-2-2-3-5-5-3-5-8-7-3-1
817	5	4-4-5-4-3-1-4-4-1-4-5-4	5-3-3-7-1-1-7-6-6-1-4-6	0-7-6-2-7-6-6-7-6-6-5-5	7-4-4-7-7-7-3-7-6-3-5-4	7-4-7-5-4-5-6-6-5-1-7-7	6-6-6-7-1-2-6-7-1-3-3-3	6-5-3-4-6-6-4-6-3-1-7-7	5-2-3-6-7-1-3-7-6-4-7-4	4-4-7-6-5-7-4-6-1-6-5-6	4-6-5-6-2-6-6-6-6-4-4-2	4-5-4-1-4-1-4-4-4-7-6-5	0-6-7-7-4-4-6-4-5-5-3-5
817	6	5-8-5-8-5-6-6-8-6-4-4-4	7-7-7-4-7-7-5-5-5-5-5-5	0-5-5-2-5-5-7-5-5-5-7-5	5-4-4-5-5-5-7-2-7-7-7-4	5-4-5-7-5-7-7-5-7-6-5-5	5-5-5-7-4-2-7-5-1-6-3-6	5-5-6-4-5-6-7-7-6-8-5-5	3-6-4-7-5-1-7-5-5-6-7-4	6-4-7-5-6-5-4-5-7-5-5-5	4-5-6-8-7-5-7-5-7-7-4-2	4-5-7-1-4-4-0-4-4-5-5-6	7-5-5-5-4-4-5-4-4-5-5-1
817	7	8-6-5-7-5-8-8-8-8-7-7-8	8-6-6-5-7-6-5-4-8-1-6-8	4-5-4-8-5-5-6-5-5-7-6-5	5-5-7-5-5-5-8-2-6-6-6-8	5-4-5-6-4-6-6-5-6-7-5-5	5-5-5-8-7-8-6-5-7-7-3-7	8-8-6-7-7-7-6-6-7-6-2-5	7-6-3-6-5-1-7-5-5-6-6-4	7-7-5-6-7-5-1-6-8-7-5-4	8-6-6-8-6-2-6-8-6-6-7-2	6-7-6-8-7-1-4-4-7-5-7-5	6-5-7-5-7-1-6-4-5-4-5-6
817	8	8-6-8-6-8-7-7-8-7-4-8-7	7-6-8-5-8-8-5-8-8-8-7-7	8-8-8-8-8-8-8-7-8-8-7-8	7-8-8-8-8-8-7-8-7-8-8-7	5-4-8-8-8-8-7-8-8-8-7-8	8-8-8-7-8-7-7-8-8-8-8-7	7-8-8-8-8-8-8-7-8-6-4-7	8-6-6-7-8-8-8-2-2-6-5-4	7-7-8-8-5-8-8-5-7-7-6-5	2-4-6-7-8-2-8-5-7-8-7-8	4-2-4-7-4-1-4-4-4-8-8-8	8-5-7-1-1-8-8-4-4-8-3-1
818	0	0-0-0-0-0-0-0-0-0-0-0-0	0-0-0-0-0-0-0-0-0-0-0-0	0-0-0-0-0-0-0-0-0-0-0-0	0-0-0-0-0-0-0-0-0-0-0-0	0-0-0-0-0-0-0-0-0-0-0-0	0-0-0-0-0-0-0-0-0-0-0-0	0-0-0-0-0-0-0-0-0-0-0-0	0-0-0-0-0-0-0-0-0-0-0-0	0-0-0-0-0-0-0-0-0-0-0-0	0-0-0-0-0-0-0-0-0-0-0-0	0-0-0-0-0-0-0-0-0-0-0-0	0-0-0-0-0-0-0-0-0-0-0-0
818	1	1-1-1-1-1-1-1-1-1-1-1-1	2-1-0-1-1-1-0-2-0-1-1-2	0-2-0-4-2-2-2-0-0-4-0-2	2-0-0-3-3-3-0-2-1-0-1-0	1-0-1-0-0-1-2-2-1-3-3-3	2-0-1-0-0-4-2-1-1-1-0-3	1-1-1-0-2-1-1-2-1-1-6-2	1-1-1-1-1-1-0-4-1-0-0-2	0-0-0-2-4-0-0-2-0-1-1-1	1-2-0-0-2-1-0-1-2-0-0-4	0-1-0-1-0-1-0-1-0-1-1-4	0-2-2-0-0-1-3-0-1-1-1-1
818	2	2-2-2-2-2-2-2-2-2-2-2-2	1-3-2-1-2-2-1-3-3-2-1-3	3-1-1-1-1-1-3-4-0-1-3-1	1-3-3-1-1-1-2-1-3-2-3-0	2-3-2-2-1-3-3-1-3-2-1-1	1-7-3-3-2-1-3-1-2-2-5-2	4-1-2-2-1-2-2-1-2-2-4-1	2-2-1-3-1-0-1-1-1-0-2-2	4-0-0-1-0-0-0-1-3-2-3-5	1-3-2-3-3-1-1-2-3-2-3-3	6-1-0-2-2-1-3-3-4-4-1-2	2-1-1-3-2-1-1-3-5-4-5-5
818	3	3-3-2-3-5-2-3-3-3-3-3-3	3-4-4-1-2-2-1-2-5-2-2-2	2-3-1-1-1-6-4-2-4-5-4-4	1-4-4-1-1-1-4-1-4-3-4-0	1-2-5-4-1-2-4-3-2-1-5-1	4-4-4-2-3-1-4-1-3-3-4-1	4-1-3-3-4-3-4-4-3-2-4-4	3-3-1-2-3-3-5-4-1-3-4-3	4-0-4-2-3-5-6-4-6-3-2-5	4-2-3-4-4-4-4-4-2-3-2-2	2-2-7-3-7-6-2-2-4-2-4-2	6-2-1-2-6-1-1-2-4-2-2-3
818	4	5-4-4-4-3-4-4-6-4-4-5-6	4-3-3-1-1-5-5-5-5-4-6-5	5-5-6-1-1-7-5-5-3-1-3-3	5-3-5-6-1-5-3-5-3-4-3-4	1-7-4-3-5-2-5-4-4-4-5-5	3-3-3-6-4-1-3-1-2-3-3-5	2-1-3-6-3-4-3-3-3-1-2-3	4-3-5-2-1-5-3-1-4-4-4-7	2-0-3-1-1-3-4-7-4-4-1-3	7-1-5-3-3-3-4-3-5-4-4-1	2-1-4-3-3-5-2-4-6-2-3-1	4-1-4-5-5-4-1-4-4-2-3-1
818	5	4-5-5-5-3-2-7-6-4-4-5-5	4-3-2-6-6-4-6-7-6-4-6-6	4-6-4-6-6-6-6-4-3-6-6-6	4-4-4-5-6-6-6-4-6-4-6-4	6-2-4-6-4-5-6-5-5-5-4-4	7-6-6-5-4-1-6-5-2-5-2-4	5-6-3-4-4-5-5-6-5-5-2-5	2-6-6-6-6-4-7-6-7-4-6-0	0-0-6-5-6-3-4-6-4-3-6-3	4-6-4-3-6-7-6-3-4-4-4-6	2-1-0-3-7-4-0-2-4-5-5-6	3-6-4-4-4-6-6-4-2-5-2-2
818	6	5-7-5-7-6-7-7-7-7-6-5-7	5-3-3-5-6-6-5-5-7-5-5-5	7-5-4-5-5-5-5-7-4-5-6-5	7-6-4-4-5-5-7-4-5-4-5-4	5-4-4-5-6-5-7-5-6-5-4-5	5-5-5-7-3-4-5-3-6-6-3-7	7-5-3-4-6-6-3-5-6-6-1-5	6-5-5-5-5-4-3-5-5-6-5-0	6-6-5-5-5-5-3-5-3-3-5-1	4-5-2-6-5-7-5-3-7-3-4-5	2-6-7-3-2-3-6-4-4-5-5-5	3-7-7-4-3-5-5-4-2-5-5-5
818	7	7-6-5-6-7-6-6-7-6-6-5-6	6-7-7-5-7-7-5-5-6-7-5-6	7-7-7-6-7-7-7-6-7-7-6-7	6-7-7-7-7-7-6-7-5-7-7-6	5-4-7-7-6-7-6-7-7-7-5-7	5-7-7-7-7-7-7-7-7-7-7-6	6-7-7-7-6-7-7-7-7-5-7-7	7-7-5-6-7-7-5-5-5-4-5-7	6-7-7-5-5-7-7-4-3-3-5-7	4-7-7-7-7-5-7-3-6-7-3-7	2-5-3-3-3-4-6-3-7-7-7-7	3-6-4-4-2-7-7-4-7-7-5-7
819	0	0-0-0-0-0-0-0-0-0-0-0-0	0-0-0-0-0-0-0-0-0-0-0-0	0-0-0-0-0-0-0-0-0-0-0-0	0-0-0-0-0-0-0-0-0-0-0-0	0-0-0-0-0-0-0-0-0-0-0-0	0-0-0-0-0-0-0-0-0-0-0-0	0-0-0-0-0-0-0-0-0-0-0-0	0-0-0-0-0-0-0-0-0-0-0-0	0-0-0-0-0-0-0-0-0-0-0-0	0-0-0-0-0-0-0-0-0-0-0-0	0-0-0-0-0-0-0-0-0-0-0-0	0-0-0-0-0-0-0-0-0-0-0-0
819	1	1-1-1-1-1-1-1-1-1-1-1-2	2-2-2-0-0-2-3-1-1-2-0-2	1-0-0-1-1-1-2-1-0-2-2-2	0-0-2-0-0-0-0-1-2-2-2-0	0-2-1-0-1-2-2-0-1-0-2-0	4-8-0-0-0-0-2-0-1-1-4-1	2-2-2-0-2-0-2-2-1-2-2-1	1-1-1-1-1-4-1-0-1-1-0-0	1-0-2-0-1-6-4-0-2-1-1-1	0-1-1-2-2-0-1-1-2-0-0-1	4-4-8-1-1-1-0-1-0-1-1-1	2-1-1-1-1-1-2-0-1-0-1-1
819	2	2-1-2-1-1-1-1-1-1-1-1-1	1-1-1-3-4-1-3-2-3-1-3-3	3-2-4-4-5-0-3-3-1-1-1-3	3-0-3-2-4-3-1-5-1-1-3-2	5-1-3-2-0-1-3-3-1-2-1-3	3-3-3-2-2-3-3-4-1-1-1-3	1-1-1-0-3-0-1-3-2-1-3-3	1-3-2-3-2-3-1-8-2-1-2-0	2-0-3-3-8-2-1-3-1-2-5-2	2-2-1-1-3-2-3-1-3-1-0-2	1-2-1-1-1-4-0-2-1-2-3-1	1-2-2-3-1-2-3-0-2-0-2-1
819	3	2-4-1-1-3-1-3-3-1-3-3-4	2-4-4-2-2-3-2-4-4-1-2-2	2-2-2-2-2-3-4-2-4-4-4-2	2-3-4-2-2-2-4-2-4-1-4-2	2-0-2-2-2-3-4-2-4-3-1-2	2-2-4-0-3-2-2-7-3-3-6-2	2-4-3-4-2-3-4-2-3-3-2-2	3-4-2-2-2-2-6-2-2-5-2-0	3-0-2-2-3-2-3-2-6-2-2-5	0-2-3-7-4-0-2-7-2-4-4-2	3-2-0-6-3-0-0-3-7-2-2-3	7-2-2-2-3-5-2-3-3-0-3-1
819	4	5-3-5-6-1-3-4-3-4-4-5-8	4-3-3-4-5-1-5-4-5-1-5-6	5-5-6-2-2-5-5-6-3-3-3-4	5-5-3-2-2-5-3-2-3-1-3-7	2-7-2-4-5-3-5-5-3-4-7-6	5-2-3-5-3-6-3-2-1-3-1-5	8-2-3-3-5-5-3-5-3-1-6-2	4-3-6-2-2-5-3-2-5-4-6-5	6-5-5-3-2-5-6-5-7-4-2-2	5-6-1-3-3-2-3-3-5-3-6-2	6-1-5-2-1-6-6-6-6-5-1-4	3-2-4-3-6-1-3-7-5-6-1-1
819	5	4-5-4-8-5-5-5-5-4-5-4-4	4-7-6-4-4-5-4-7-4-5-4-4	4-4-4-4-2-4-6-7-6-6-6-6	4-4-6-7-2-4-4-2-6-7-5-4	2-4-5-3-4-6-6-4-6-5-6-2	6-2-3-4-3-4-6-2-5-5-3-5	7-5-3-5-4-4-3-4-5-6-4-2	5-3-2-3-2-4-3-2-4-3-4-4	3-4-4-4-1-2-3-4-6-4-2-3	4-2-5-6-2-2-3-5-4-4-4-2	4-6-4-3-5-4-4-4-4-4-6-5	3-2-4-3-4-3-3-4-4-4-5-5
819	6	6-6-7-6-6-6-6-6-6-6-6-7	4-5-5-6-6-7-6-7-7-1-7-4	4-7-4-7-7-4-5-4-5-7-5-5	7-4-8-6-7-7-4-7-7-1-7-4	7-4-5-7-4-7-7-7-5-6-7-7	5-6-7-6-4-4-5-7-5-3-3-6	5-5-3-7-4-6-3-8-5-5-7-6	5-7-4-6-6-4-3-7-6-4-4-4	4-4-4-6-6-1-4-7-5-6-7-3	4-4-6-5-7-6-3-3-6-6-4-2	4-6-4-3-1-4-4-4-4-6-5-6	3-6-6-7-4-0-6-4-7-4-7-1
819	7	6-5-6-6-7-6-8-6-6-6-6-8	8-5-5-6-6-8-6-6-6-7-6-8	4-6-6-6-6-7-6-5-8-7-7-6	6-7-7-6-6-6-8-6-6-1-6-4	6-4-5-6-7-6-6-6-7-7-6-6	8-1-6-8-7-8-6-3-7-5-3-7	8-1-3-6-7-7-8-8-7-5-6-6	5-6-7-6-7-7-3-6-6-4-6-7	7-4-4-7-7-2-3-7-4-6-6-3	8-7-7-3-6-8-8-3-8-6-4-7	4-7-7-3-1-8-4-4-3-7-7-7	3-8-6-6-4-7-7-4-6-4-6-1
819	8	8-5-6-5-8-8-7-8-7-4-6-7	7-5-8-6-8-8-6-8-8-8-7-7	8-8-8-7-8-8-7-7-7-8-8-8	6-8-6-8-8-8-7-8-7-1-8-4	8-4-8-8-8-8-7-8-8-8-6-8	7-1-8-7-8-7-8-8-8-8-8-8	7-8-8-8-7-8-8-8-8-8-4-8	8-8-8-7-8-7-6-2-6-4-7-8	4-8-8-7-2-8-3-7-8-8-6-2	7-4-8-8-8-7-8-3-7-8-8-8	4-7-1-5-1-7-4-4-4-7-8-8	8-7-8-1-1-8-8-4-8-8-7-1
820	0	0-0-0-0-0-0-0-0-0-0-0-0	0-0-0-0-0-0-0-0-0-0-0-0	0-0-0-0-0-0-0-0-0-0-0-0	0-0-0-0-0-0-0-0-0-0-0-0	0-0-0-0-0-0-0-0-0-0-0-0	0-0-0-0-0-0-0-0-0-0-0-0	0-0-0-0-0-0-0-0-0-0-0-0	0-0-0-0-0-0-0-0-0-0-0-0	0-0-0-0-0-0-0-0-0-0-0-0	0-0-0-0-0-0-0-0-0-0-0-0	0-0-0-0-0-0-0-0-0-0-0-0	0-0-0-0-0-0-0-0-0-0-0-0
820	1	1-1-1-1-1-1-1-1-1-1-1-1	2-0-0-1-0-0-2-2-0-1-0-0	0-1-0-1-2-2-2-0-0-3-2-2	2-0-2-2-2-2-0-1-1-0-1-0	1-0-1-2-2-1-2-2-1-1-2-1	3-3-2-1-1-3-2-2-1-1-3-1	3-3-1-0-2-0-1-2-1-1-0-2	0-3-3-2-3-0-1-3-1-1-0-0	0-0-2-3-3-0-0-3-2-1-1-1	0-3-0-2-2-3-2-1-2-0-0-3	3-3-0-3-0-1-0-0-0-1-1-1	0-1-1-3-3-1-3-0-0-1-1-1
820	2	2-3-2-2-2-2-2-2-2-2-2-3	1-3-2-1-2-3-1-3-2-1-3-2	2-0-0-2-1-3-3-2-3-1-3-1	1-1-3-1-1-1-2-1-3-3-3-0	1-0-3-1-3-3-3-1-3-2-1-1	1-5-1-1-2-1-3-1-2-2-6-1	6-1-2-0-1-2-3-1-2-2-0-1	2-2-0-1-1-3-3-2-2-4-0-1	0-0-1-1-2-2-3-1-3-2-1-2	0-1-2-3-1-1-1-2-1-3-0-1	0-2-0-5-0-0-4-0-0-1-1-2	0-1-0-1-0-1-1-0-0-1-5-1
820	3	3-2-3-4-3-3-3-3-3-3-3-4	3-2-2-1-2-2-4-4-3-3-4-4	5-4-6-4-3-2-2-4-2-1-2-3	4-3-4-1-1-1-5-1-2-2-2-0	1-7-2-3-5-2-2-3-2-3-1-0	1-1-2-0-3-7-2-1-2-2-1-1	1-1-2-5-3-3-2-4-3-1-5-2	2-1-5-1-1-2-2-1-1-3-3-6	5-3-5-1-1-3-5-5-2-3-1-3	5-5-2-2-5-1-0-2-5-2-5-1	5-1-3-1-7-5-5-5-5-1-1-3	4-1-3-1-5-5-1-5-7-6-2-1
820	4	4-5-6-5-4-5-5-6-5-5-5-6	5-5-4-1-6-6-3-5-5-5-5-5	4-3-4-5-5-5-5-5-5-5-5-5	5-4-5-5-4-4-5-6-4-5-4-4	6-4-4-6-4-4-5-4-5-4-6-4	5-5-5-4-6-5-4-5-6-4-2-5	5-5-4-4-3-4-5-5-4-6-4-5	5-4-4-4-4-5-5-5-4-6-5-4	4-3-7-4-5-4-6-4-6-5-4-4	4-4-4-5-5-6-5-5-6-6-7-4	3-7-3-4-5-6-2-4-7-4-5-5	6-7-4-4-6-4-5-6-4-3-6-7
820	5	4-4-4-7-4-4-4-4-4-4-4-4	4-4-4-5-4-4-4-6-4-4-6-4	3-6-3-7-6-4-6-4-4-4-4-4	6-3-4-4-6-6-4-6-6-4-6-4	6-4-4-6-3-6-6-6-4-4-4-6	4-2-6-5-3-4-6-4-4-5-2-4	4-4-4-3-3-5-4-4-4-5-6-4	4-6-3-6-6-4-4-4-6-3-6-3	3-3-3-6-4-3-3-3-4-4-6-4	3-6-4-4-6-4-4-4-3-3-6-6	3-5-4-2-4-4-3-3-3-6-4-6	4-6-5-4-3-3-6-3-3-3-2-1
820	6	4-7-4-4-4-7-4-4-4-4-4-4	4-4-4-5-4-4-5-5-4-4-5-7	3-5-3-4-5-4-5-4-4-5-6-5	5-6-6-4-5-5-7-4-5-4-5-7	5-3-7-5-6-5-7-5-6-6-4-5	4-4-5-5-4-4-5-4-4-6-2-6	7-4-4-3-3-6-6-5-6-4-5-4	6-5-1-5-5-4-4-5-5-4-5-3	3-6-4-5-6-4-4-3-4-4-5-3	4-5-6-4-5-4-4-4-7-4-5-5	5-6-3-6-6-4-3-3-3-5-4-5	4-5-6-6-5-4-5-3-0-3-4-1
820	7	7-6-5-5-7-6-4-7-4-4-4-5	4-7-7-5-7-4-5-7-7-7-5-6	7-7-7-5-7-4-7-4-4-7-6-7	5-7-7-7-7-7-6-7-7-7-7-6	4-3-7-7-7-7-6-7-7-7-4-5	7-7-7-6-7-3-6-7-7-7-7-6	6-7-7-7-7-7-7-7-7-7-7-4	7-7-5-6-7-4-7-1-5-3-4-4	6-6-4-7-5-7-7-3-7-7-5-7	5-3-7-4-7-4-4-4-6-7-6-7	3-4-3-2-4-4-3-3-4-4-7-7	4-4-6-4-3-7-7-3-7-7-5-4
821	0	0-0-0-0-0-0-0-0-0-0-0-0	0-0-0-0-0-0-0-0-0-0-0-0	0-0-0-0-0-0-0-0-0-0-0-0	0-0-0-0-0-0-0-0-0-0-0-0	0-0-0-0-0-0-0-0-0-0-0-0	0-0-0-0-0-0-0-0-0-0-0-0	0-0-0-0-0-0-0-0-0-0-0-0	0-0-0-0-0-0-0-0-0-0-0-0	0-0-0-0-0-0-0-0-0-0-0-0	0-0-0-0-0-0-0-0-0-0-0-0	0-0-0-0-0-0-0-0-0-0-0-0	0-0-0-0-0-0-0-0-0-0-0-0
821	1	1-1-1-1-1-1-1-1-1-0-1-1	0-2-1-0-0-0-0-2-0-1-0-2	1-0-0-1-2-0-2-0-0-2-2-0	0-0-0-0-0-0-0-0-2-1-0-0	0-0-0-0-0-1-2-0-2-0-1-0	0-0-0-0-0-0-2-0-1-1-0-0	0-1-2-0-0-0-0-5-1-1-0-0	1-0-0-0-1-0-1-0-0-1-0-0	0-0-1-0-0-0-0-0-1-1-0-0	0-0-3-2-0-0-0-2-0-0-0-0	0-3-0-0-0-0-0-0-0-0-0-1	2-1-0-2-0-1-0-0-0-0-2-1
821	2	2-2-1-1-1-1-2-1-2-2-2-2	3-1-1-3-0-2-3-1-3-1-3-3	0-3-0-3-3-3-3-3-0-3-1-3	3-0-3-5-4-4-3-4-3-1-1-0	3-1-3-3-0-3-3-3-1-5-2-0	4-0-0-2-2-4-3-2-1-1-0-6	3-4-1-0-3-3-3-3-0-2-0-3	0-4-4-3-3-2-4-5-2-1-0-0	0-0-3-3-5-2-0-3-2-3-5-2	0-5-1-1-3-2-3-1-3-3-0-5	0-2-2-0-2-4-0-0-0-3-3-1	1-3-2-1-0-2-3-0-2-3-3-2
821	3	4-3-3-3-3-3-3-3-3-2-2-3	2-4-3-2-0-2-2-4-2-3-2-2	4-2-0-2-2-2-4-2-4-2-4-4	2-3-2-2-2-2-4-2-4-4-4-0	2-0-2-3-3-2-4-2-4-3-0-0	0-5-4-3-3-2-4-3-3-3-8-3	3-2-9-0-2-2-7-2-1-4-0-2	4-5-4-4-2-4-5-5-2-7-0-0	3-0-4-2-0-3-3-2-3-2-2-2	0-2-1-4-4-2-3-3-4-2-0-2	5-4-4-3-9-2-4-0-5-2-2-4	6-2-1-3-0-2-2-3-7-6-5-7
821	4	3-4-4-4-5-4-4-4-4-3-4-4	2-7-5-2-5-2-2-5-2-5-2-5	3-4-5-2-2-2-5-6-3-2-5-3	2-0-5-2-2-2-4-2-5-6-3-0	4-0-0-5-4-4-5-4-5-2-6-0	5-5-3-3-4-2-5-4-4-4-5-2	5-2-4-8-5-3-5-5-4-3-5-2	4-4-2-3-4-3-8-5-2-4-5-5	4-0-3-2-4-5-8-3-8-4-3-4	0-3-4-5-3-2-5-5-3-4-5-2	8-4-3-9-5-2-3-6-0-2-3-3	4-2-2-4-6-2-2-0-4-5-3-7
821	5	5-5-5-5-4-4-4-5-6-5-5-5	5-4-4-2-4-5-7-4-4-4-6-6	6-5-6-6-2-6-4-6-6-2-4-5	6-6-5-2-2-2-6-5-4-5-4-7	4-7-9-4-6-3-4-5-4-5-5-5	4-6-3-3-5-2-4-2-3-3-4-6	4-5-4-6-4-3-4-4-5-2-4-4	4-3-7-3-4-7-3-2-2-5-5-9	4-8-7-2-2-4-5-5-4-5-2-7	5-5-5-9-4-2-4-4-6-6-4-7	3-2-5-5-4-8-6-5-3-5-6-5	5-2-5-6-4-5-4-5-5-3-3-5
821	6	8-9-7-9-8-7-8-7-7-7-7-7	7-4-4-7-7-8-9-7-7-8-8-7	8-6-8-7-7-7-7-8-7-7-7-7	7-5-5-7-7-6-7-7-7-7-7-5	7-5-8-4-5-6-7-6-7-8-7-7	7-7-7-8-5-7-6-7-4-6-6-6	6-6-6-5-6-6-6-7-7-7-6-6	6-7-5-6-6-5-9-7-2-5-6-6	4-6-9-7-8-8-4-6-6-8-6-8	6-6-6-7-8-6-7-6-5-5-6-5	6-8-7-6-7-5-5-4-6-6-7-6	5-6-5-5-8-8-8-5-6-7-6-9
821	7	6-6-6-9-6-6-6-6-6-6-6-6	6-4-4-6-6-6-9-6-6-6-6-6	5-8-6-6-6-6-6-6-6-6-6-6	8-5-5-6-8-8-6-6-6-6-6-5	6-5-9-6-5-6-8-8-6-6-8-8	6-6-6-7-5-6-8-8-2-6-3-8	6-6-6-5-6-7-6-6-6-6-8-7	6-8-5-8-8-5-3-8-2-3-8-0	6-5-5-6-6-6-5-8-5-7-8-5	9-8-5-6-8-6-6-4-5-5-0-5	0-6-6-8-6-5-5-0-0-6-6-6	5-6-5-6-0-6-6-0-3-6-8-3
821	8	6-9-6-7-6-6-6-6-6-6-6-9	6-4-4-6-6-6-7-6-9-6-6-6	6-7-6-6-7-8-7-6-6-6-6-6	7-8-8-6-7-7-9-7-6-6-7-5	7-5-6-6-8-7-7-7-8-6-7-7	6-9-7-6-5-9-7-7-8-4-3-7	9-6-4-5-8-8-6-6-8-6-7-8	8-7-5-7-7-8-4-7-8-5-6-8	8-5-6-9-6-6-4-8-4-6-7-6	8-6-8-6-7-6-6-4-8-5-8-7	4-6-6-7-6-5-5-8-6-8-6-8	5-8-5-8-8-6-6-5-7-6-7-3
821	9	9-6-6-7-9-9-6-9-6-6-6-8	6-9-9-6-9-9-7-6-8-9-6-6	9-9-9-6-9-6-8-8-8-9-9-9	9-9-6-9-9-9-8-9-6-9-9-6	6-5-9-9-9-9-8-9-9-9-6-7	8-9-7-8-9-8-9-9-9-9-9-9	6-9-9-9-8-9-9-9-9-9-7-6	9-9-6-8-9-8-6-7-8-5-6-6	8-9-6-8-6-9-9-8-4-3-7-3	7-9-9-5-9-6-9-8-9-9-6-9	4-6-9-4-4-5-6-5-9-8-9-8	9-8-5-6-6-9-9-9-9-9-8-6
822	0	0-0-0-0-0-0-0-0-0-0-0-0	0-0-0-0-0-0-0-0-0-0-0-0	0-0-0-0-0-0-0-0-0-0-0-0	0-0-0-0-0-0-0-0-0-0-0-0	0-0-0-0-0-0-0-0-0-0-0-0	0-0-0-0-0-0-0-0-0-0-0-0	0-0-0-0-0-0-0-0-0-0-0-0	0-0-0-0-0-0-0-0-0-0-0-0	0-0-0-0-0-0-0-0-0-0-0-0	0-0-0-0-0-0-0-0-0-0-0-0	0-0-0-0-0-0-0-0-0-0-0-0	0-0-0-0-0-0-0-0-0-0-0-0
822	1	1-1-2-2-1-1-1-1-1-1-1-1	2-2-1-2-2-2-2-2-2-2-2-2	1-2-2-2-2-2-2-2-4-2-3-2	2-0-2-2-1-0-2-2-2-2-1-2	4-1-1-2-4-1-2-1-1-1-4-2	4-2-2-2-2-2-1-2-1-1-4-2	1-2-1-1-2-1-2-2-1-1-1-1	1-1-4-1-1-3-1-2-1-1-2-3	1-0-3-1-2-3-2-2-2-1-1-2	1-1-2-2-1-1-1-1-2-2-0-1	4-2-4-0-2-2-0-1-0-1-2-1	3-2-2-1-1-1-1-0-0-1-1-1
822	2	1-1-1-1-1-1-1-1-1-1-1-1	1-1-1-3-1-1-1-1-1-1-3-1	1-3-1-1-1-1-1-1-1-1-1-1	3-0-1-1-4-3-1-4-1-1-1-1	1-1-1-1-0-3-3-3-1-1-1-1	1-1-1-1-1-1-3-1-1-1-0-1	4-1-1-0-3-2-1-3-1-1-0-3	1-4-4-3-3-1-7-4-3-1-3-1	0-0-1-3-4-1-1-3-1-1-3-1	4-0-1-1-3-4-1-1-3-1-0-4	0-4-1-0-1-1-0-0-0-3-1-2	1-4-1-1-1-2-3-0-0-0-3-4
822	3	1-4-1-1-1-3-1-1-1-1-1-1	2-4-3-2-1-1-2-1-2-1-2-2	1-2-1-1-2-4-4-7-1-2-4-2	2-3-4-3-2-2-5-1-4-5-3-0	1-0-3-1-3-2-4-2-3-1-1-1	1-1-4-2-3-1-4-3-3-3-6-3	5-1-3-0-2-3-4-2-1-5-0-2	1-2-0-2-2-1-5-1-2-3-2-1	0-0-1-2-3-1-7-2-1-3-2-1	2-0-1-4-2-2-1-4-2-1-0-2	0-1-1-3-1-1-0-0-0-2-1-1	1-2-1-4-1-2-2-0-0-3-2-3
822	4	6-3-4-4-1-1-4-4-1-1-4-7	4-3-3-5-1-1-4-5-5-6-5-5	6-5-5-5-4-6-3-5-1-3-3-4	5-5-3-4-2-5-6-2-3-3-4-5	1-5-1-4-5-3-5-4-4-1-1-6	1-1-3-0-5-7-3-1-1-1-1-3	2-1-3-7-5-5-3-4-4-1-5-1	1-2-5-3-2-5-3-2-2-4-5-5	4-4-4-2-2-5-5-2-1-4-2-5	5-5-1-3-2-2-1-3-5-5-4-2	5-2-1-3-4-5-4-5-5-2-1-4	1-2-4-5-4-1-2-6-7-6-1-2
822	5	5-4-7-7-1-3-5-5-1-5-5-6	6-3-3-7-5-1-7-6-4-4-7-4	4-4-4-6-6-7-6-6-7-6-6-6	6-4-3-6-6-6-3-1-6-3-6-4	6-4-7-6-4-6-6-6-5-5-1-6	6-4-6-5-4-1-6-6-1-5-0-3	3-1-1-0-4-5-5-6-1-3-6-6	1-6-4-6-6-4-3-6-5-4-4-4	7-7-6-6-5-4-4-6-4-5-6-4	4-4-5-1-6-3-6-1-4-4-6-6	4-5-4-1-4-4-4-4-4-6-1-5	1-6-6-6-6-4-6-4-6-4-6-3
822	6	4-7-1-5-1-7-7-7-7-5-6-7	5-3-3-5-6-1-5-5-7-4-5-4	4-5-4-5-5-4-5-5-5-5-6-5	5-6-4-5-5-5-7-2-5-5-5-7	5-4-5-5-6-5-5-5-6-6-1-5	5-7-5-5-4-4-5-5-6-6-3-6	7-1-1-6-5-6-6-5-6-1-5-5	6-5-4-5-5-6-3-5-2-4-2-4	6-6-5-5-5-4-0-5-1-6-5-4	5-5-6-1-5-2-5-1-7-1-6-5	4-6-4-7-3-4-4-4-4-5-1-5	1-5-5-6-5-1-5-4-5-4-5-1
822	7	7-6-5-5-7-6-6-7-6-5-7-6	5-7-7-5-7-7-5-7-7-7-5-4	7-7-7-7-7-5-7-6-5-7-6-7	6-7-7-7-7-7-6-7-7-7-5-6	5-4-7-7-7-7-6-7-7-7-6-7	7-6-5-6-7-4-7-7-7-7-7-7	6-7-7-7-5-7-7-7-7-7-4-5	7-7-7-5-7-7-2-2-5-4-6-4	5-5-7-7-5-7-7-5-7-7-5-1	2-4-7-7-7-5-7-7-6-7-4-7	4-1-1-6-1-1-4-4-4-5-7-7	7-1-6-1-4-7-7-4-7-7-4-1
823	0	0-0-0-0-0-0-0-0-0-0-0-0	0-0-0-0-0-0-0-0-0-0-0-0	0-0-0-0-0-0-0-0-0-0-0-0	0-0-0-0-0-0-0-0-0-0-0-0	0-0-0-0-0-0-0-0-0-0-0-0	0-0-0-0-0-0-0-0-0-0-0-0	0-0-0-0-0-0-0-0-0-0-0-0	0-0-0-0-0-0-0-0-0-0-0-0	0-0-0-0-0-0-0-0-0-0-0-0	0-0-0-0-0-0-0-0-0-0-0-0	0-0-0-0-0-0-0-0-0-0-0-0	0-0-0-0-0-0-0-0-0-0-0-0
823	1	1-1-1-1-1-1-1-1-1-1-1-1	1-0-0-1-0-1-1-0-0-1-0-0	4-2-0-0-0-1-0-1-0-0-0-0	1-0-0-0-1-1-0-0-0-0-1-0	0-1-1-0-10-0-0-1-0-1-0-0	0-2-0-0-0-2-1-1-0-0-0-1	1-0-0-0-0-1-0-0-0-1-0-0	1-0-0-2-1-1-0-0-1-1-1-0	1-1-0-2-0-10-1-0-1-1-1-0	1-1-0-3-0-0-0-0-1-1-0-0	0-0-2-0-0-1-1-1-0-0-3-1	1-0-1-1-0-1-1-1-1-0-1-0
823	2	2-2-2-2-2-2-2-2-2-2-2-2	3-3-2-3-3-3-3-2-3-3-3-3	2-3-2-4-3-3-2-3-3-3-3-2	3-3-3-2-3-3-3-2-3-3-2-2	2-3-2-6-2-2-2-2-3-2-4-2	2-1-3-6-3-3-3-3-3-2-6-3	2-2-2-2-2-2-3-2-3-4-2-3	2-2-3-1-2-1-3-0-2-3-3-5	2-3-2-2-3-2-2-3-5-2-2-2	2-2-2-2-3-2-2-2-1-5-2-2	2-2-4-2-5-3-2-3-2-2-3-2	2-1-2-2-4-6-2-2-2-4-6-4
823	3	3-3-2-7-2-2-2-3-4-4-2-3	4-2-2-4-2-2-4-3-2-4-4-2	3-4-4-6-6-2-4-2-2-4-2-3	4-2-2-4-4-5-4-4-2-2-4-2	5-2-6-4-5-3-4-4-2-2-11-5	4-4-4-5-2-5-4-4-2-3-0-4	4-6-2-2-4-3-2-4-2-3-4-2	2-5-4-4-4-1-2-6-4-4-2-2	4-2-4-4-6-3-2-4-2-4-6-6	2-6-2-1-4-6-4-2-4-2-2-6	4-6-2-2-2-2-2-2-2-4-4-4	2-4-6-5-2-2-4-2-8-5-8-6
823	4	3-5-3-2-4-2-3-2-3-3-3-2	3-4-4-3-2-2-3-5-3-3-3-3	1-3-3-2-3-3-5-3-5-6-5-4	3-4-5-3-3-3-3-3-5-0-5-2	3-2-3-3-3-5-5-3-4-2-2-3	3-3-3-3-4-3-5-3-4-4-4-3	3-3-4-0-3-4-4-3-0-5-3-3	5-3-3-5-3-1-4-3-3-5-3-2	3-2-5-3-4-0-2-3-2-3-3-5	2-3-4-6-3-3-3-3-5-6-5-3	5-2-5-9-11-2-3-5-3-3-3-5	5-3-3-4-2-5-3-5-8-2-4-2
823	5	3-5-3-5-5-2-3-2-2-3-3-3	3-6-6-3-2-2-3-4-2-3-3-3	1-5-3-2-3-2-6-3-4-3-6-5	3-2-6-3-3-3-2-3-4-6-4-2	3-2-3-6-3-4-6-5-6-2-2-3	3-3-4-3-4-3-6-2-4-5-8-3	3-3-5-7-6-5-5-6-5-4-3-2	4-3-3-4-3-1-6-3-3-5-2-2	5-2-4-3-4-1-5-3-10-3-4-4	2-3-2-6-6-5-6-6-4-2-4-3	4-7-4-4-2-5-1-4-2-3-3-5	4-3-3-4-5-4-3-4-8-4-4-5
823	6	3-6-3-3-5-5-6-7-3-6-3-3	6-5-5-3-2-2-7-6-2-3-7-8	8-7-7-3-3-7-5-7-4-4-5-7	7-8-5-7-3-3-2-3-5-5-5-9	3-7-3-8-8-4-5-6-5-6-3-3	9-8-4-2-6-3-5-3-4-4-2-3	11-3-4-9-5-6-5-5-5-6-3-2	4-3-6-4-3-6-5-3-6-6-3-10	6-6-9-3-3-3-8-10-5-5-3-3	2-3-6-8-5-3-5-5-8-8-6-3	3-3-2-0-2-6-6-10-9-7-6-6	4-3-9-6-6-2-6-6-2-2-2-3
823	7	8-8-8-9-8-8-8-9-8-8-8-11	9-9-8-9-8-9-8-8-8-8-8-8	7-6-8-8-7-9-8-8-8-8-7-8	8-7-8-9-7-8-8-3-8-8-7-8	10-8-8-10-6-7-8-7-8-7-10-7	8-9-8-7-6-8-8-8-8-7-3-8	8-7-7-6-6-7-8-8-7-8-11-5	8-7-8-7-7-6-9-8-3-9-7-9	8-6-7-6-10-7-9-6-9-11-11-4	8-7-7-7-7-8-8-2-6-7-8-7	8-11-10-7-8-7-6-9-11-7-8-7	9-8-7-6-9-9-7-9-9-7-9-11
823	8	7-7-7-7-7-7-7-7-7-7-7-7	7-7-7-8-7-7-9-10-7-7-7-7	6-10-7-7-10-7-9-7-7-7-7-9	9-6-7-10-9-9-7-3-7-7-9-6	7-7-7-6-6-8-9-9-7-7-7-3	7-6-9-8-6-7-9-7-7-7-5-7	10-7-7-6-9-8-7-7-7-7-10-9	7-9-7-9-10-6-7-10-6-7-7-2	7-6-6-9-7-7-7-6-5-9-8-9	7-10-6-6-8-9-7-9-6-6-10-3	7-9-7-4-7-9-6-7-6-9-7-8	4-9-9-8-8-7-8-7-3-7-3-7
823	9	7-7-7-7-7-7-7-7-7-7-7-7	7-7-7-8-7-7-8-10-7-7-7-7	6-8-7-7-8-7-10-7-7-8-10-8	8-6-10-7-8-8-7-7-10-10-8-6	7-7-3-9-6-9-10-8-9-9-7-3	8-7-8-8-6-3-8-7-9-9-10-8	8-7-7-6-8-11-10-8-7-9-7-8	7-10-7-8-8-6-7-3-6-7-10-7	7-6-6-8-4-7-10-6-11-8-8-4	7-8-9-8-10-8-8-8-6-6-8-9	9-8-11-4-7-8-6-7-6-8-7-9	7-8-6-8-7-7-8-7-7-7-10-10
823	10	7-11-7-3-7-7-7-7-7-7-7-11	7-9-7-7-7-7-8-8-7-7-11-7	6-8-8-7-8-10-9-7-7-7-9-8	8-10-10-8-8-8-7-3-9-9-9-6	7-11-3-7-6-9-9-8-10-10-7-7	7-7-8-8-10-3-10-7-10-10-9-8	8-7-7-7-9-10-9-9-10-7-8-8	7-9-6-9-8-6-7-8-11-7-9-6	10-6-11-8-7-1-9-6-5-7-8-11	10-8-10-6-9-5-7-5-11-6-8-3	7-7-7-0-7-11-6-6-10-10-7-10	4-8-10-8-10-7-6-7-9-9-9-9
823	11	11-10-7-9-7-10-7-11-7-7-7-7	7-11-11-7-11-7-10-11-11-11-10-7	11-11-11-7-11-7-10-7-10-11-7-11	10-11-7-11-11-11-10-11-9-11-11-6	7-10-11-11-11-9-10-11-11-11-3-11	11-11-11-8-11-6-11-11-11-11-11-11	10-11-11-6-10-9-11-11-11-11-7-8	11-11-3-10-11-11-11-3-10-7-7-7	10-10-11-11-7-11-11-8-9-7-7-10	10-11-9-11-11-3-11-7-10-11-7-11	7-7-9-9-7-10-6-7-7-7-11-11	7-7-6-7-9-11-11-7-11-11-3-7
824	0	0-0-0-0-0-0-0-0-0-0-0-0	0-0-0-0-0-0-0-0-0-0-0-0	0-0-0-0-0-0-0-0-0-0-0-0	0-0-0-0-0-0-0-0-0-0-0-0	0-0-0-0-0-0-0-0-0-0-0-0	0-0-0-0-0-0-0-0-0-0-0-0	0-0-0-0-0-0-0-0-0-0-0-0	0-0-0-0-0-0-0-0-0-0-0-0	0-0-0-0-0-0-0-0-0-0-0-0	0-0-0-0-0-0-0-0-0-0-0-0	0-0-0-0-0-0-0-0-0-0-0-0	0-0-0-0-0-0-0-0-0-0-0-0
824	1	1-1-1-1-1-1-1-1-1-1-1-1	1-0-0-1-0-1-1-1-2-1-1-0	4-2-2-0-1-3-2-0-0-1-2-1	1-3-2-1-1-0-0-2-2-0-0-1	0-1-1-0-1-0-2-1-2-0-0-1	1-1-0-1-0-1-2-0-0-0-0-0	1-0-0-1-1-1-0-0-0-0-1-0	1-0-0-0-0-1-1-1-0-1-1-1	1-1-0-1-0-0-1-1-0-1-1-0	1-1-1-2-1-1-0-1-1-3-4-0	0-1-1-1-1-1-1-0-0-1-1-1	1-1-1-1-1-1-0-1-1-1-1-1
824	2	3-3-3-2-2-3-2-3-2-2-3-2	2-3-0-1-3-3-1-3-3-2-3-3	3-1-5-3-3-2-3-3-4-3-4-3	3-2-1-3-2-3-0-3-3-2-3-3	3-3-1-4-3-2-3-2-3-4-5-2	3-2-3-3-0-3-2-3-0-2-0-3	5-2-2-2-2-0-2-3-2-3-5-3	3-2-4-2-2-4-2-9-2-0-3-3	5-1-2-2-3-5-5-3-4-2-2-2	3-4-2-2-4-2-0-2-3-2-3-2	4-10-2-2-4-3-2-3-3-2-3-1	2-0-2-2-3-4-0-4-4-4-2-2
824	3	2-2-2-2-2-2-2-2-2-2-2-2	2-2-0-4-2-2-1-2-2-2-2-2	1-5-2-5-2-1-2-2-2-4-2-2	4-1-2-5-4-4-0-2-4-2-4-2	2-2-10-2-1-4-4-4-2-3-2-4	2-4-5-2-3-2-4-2-0-3-0-4	4-5-0-4-4-3-4-4-2-5-4-2	2-5-5-4-5-1-10-7-3-3-2-2	5-1-4-5-5-4-1-5-2-3-5-2	2-2-1-8-4-5-4-2-4-2-2-5	2-5-0-2-2-2-2-2-5-4-4-3	2-4-3-5-2-2-5-2-2-2-3-5
824	4	2-4-2-2-7-4-2-4-2-2-2-5	3-6-4-3-2-2-3-2-2-2-2-2	1-3-2-2-5-2-5-5-2-3-5-5	3-4-4-3-3-3-7-2-3-5-3-2	4-1-3-4-4-3-5-3-5-2-2-3	6-3-3-2-4-2-3-3-4-4-7-7	3-3-5-3-3-4-7-3-4-4-3-3	2-5-3-3-3-5-7-0-4-7-7-2	3-1-3-3-4-3-7-2-7-4-3-4	2-2-4-5-5-5-3-4-3-5-7-3	2-3-7-4-2-2-2-2-2-3-3-3	2-3-1-2-2-2-3-2-7-2-7-3
824	5	5-4-2-6-4-2-5-5-5-5-2-6	6-4-4-3-6-2-6-4-6-6-7-7	4-6-7-3-4-2-4-4-6-3-4-4	6-5-6-6-3-3-8-1-4-4-3-5	4-7-5-5-7-4-4-4-4-5-2-5	2-6-3-5-7-8-4-3-5-5-2-5	8-3-4-8-6-5-4-4-0-3-8-2	7-3-8-4-3-6-4-3-5-5-2-7	8-5-8-3-3-2-8-6-4-5-3-2	6-10-5-5-6-3-6-4-7-7-5-3	8-6-2-6-2-8-5-8-6-3-3-5	2-4-5-5-5-5-3-2-10-8-2-3
824	6	8-7-7-7-7-7-7-7-8-8-7-5	5-7-7-3-7-8-5-7-5-7-5-5	6-7-6-8-7-8-7-9-7-7-7-7	7-5-5-7-3-6-8-8-7-6-6-5	9-5-6-9-6-6-7-6-7-6-9-9	9-9-7-5-7-5-7-9-7-6-3-6	7-7-6-5-5-6-4-7-6-9-3-6	6-3-3-6-3-5-7-8-5-9-4-5	6-5-5-5-6-9-4-5-9-9-3-7	5-5-8-6-5-9-5-6-5-5-5-6	5-5-8-8-10-10-5-5-5-3-7-8	2-7-5-5-5-9-6-7-5-5-4-10
824	7	6-6-6-6-6-6-6-6-6-6-7-8	5-6-6-8-6-6-8-6-6-6-5-5	8-8-5-6-9-6-6-6-6-6-6-6	8-5-6-6-8-9-6-7-6-9-9-5	6-5-10-6-5-6-8-7-6-6-6-8	8-8-9-9-5-5-8-8-6-6-4-8	9-6-6-7-8-7-4-8-6-6-9-8	5-8-5-8-9-1-10-3-9-6-4-5	10-5-5-8-9-6-5-8-6-6-9-6	5-9-7-6-8-10-8-4-8-5-9-3	9-6-4-6-2-6-5-5-9-9-6-7	10-8-6-8-4-6-6-6-4-4-4-3
824	8	6-8-6-10-9-6-6-6-6-6-6-7	5-9-8-7-6-6-7-9-5-6-7-6	6-7-6-6-7-6-9-6-7-7-9-7	7-5-6-6-7-7-6-6-9-9-7-5	8-5-7-8-5-8-9-7-8-8-6-7	7-7-7-7-8-5-7-7-8-8-9-7	5-7-9-5-9-8-9-7-6-8-7-7	5-7-5-7-7-5-6-6-7-4-9-5	5-5-5-7-6-6-5-7-8-6-7-6	5-5-6-9-9-7-7-6-7-5-5-8	5-7-6-6-2-5-5-5-7-5-6-8	2-7-5-7-5-6-3-2-5-9-9-6
824	9	10-10-6-7-8-10-6-10-10-6-7-10	5-8-6-7-6-6-7-8-10-7-10-10	6-7-5-6-7-9-8-6-10-7-8-7	7-9-9-6-7-7-10-6-8-7-7-5	6-5-7-6-5-8-8-7-9-9-6-7	6-8-7-7-9-5-9-6-9-8-8-9	7-6-8-5-8-9-8-8-9-6-7-7	0-7-3-7-7-1-6-7-10-6-8-5	9-5-5-7-7-6-8-7-6-6-7-6	10-7-9-8-8-7-6-4-10-5-7-6	7-9-6-6-8-9-5-5-7-7-6-9	10-9-9-7-7-6-6-5-4-8-8-3
824	10	10-9-10-8-10-9-6-10-9-6-6-9	6-10-10-7-10-10-7-10-10-10-9-10	10-10-10-6-10-10-9-6-9-10-10-10	9-10-10-10-10-10-9-10-8-10-10-5	10-5-7-10-10-8-9-10-10-10-6-10	10-10-10-7-10-5-10-10-10-10-10-10	7-10-10-9-9-9-10-10-10-10-5-7	10-9-10-9-10-5-7-7-9-6-6-5	9-9-10-9-6-10-10-7-10-6-7-10	9-5-10-10-10-7-10-2-9-10-10-10	8-2-6-8-6-6-5-5-6-9-10-10	10-9-5-6-8-10-10-5-10-10-9-6
825	0	0-0-0-0-0-0-0-0-0-0-0-0	0-0-0-0-0-0-0-0-0-0-0-0	0-0-0-0-0-0-0-0-0-0-0-0	0-0-0-0-0-0-0-0-0-0-0-0	0-0-0-0-0-0-0-0-0-0-0-0	0-0-0-0-0-0-0-0-0-0-0-0	0-0-0-0-0-0-0-0-0-0-0-0	0-0-0-0-0-0-0-0-0-0-0-0	0-0-0-0-0-0-0-0-0-0-0-0	0-0-0-0-0-0-0-0-0-0-0-0	0-0-0-0-0-0-0-0-0-0-0-0	0-0-0-0-0-0-0-0-0-0-0-0
825	1	1-1-1-1-1-1-1-1-1-1-1-2	0-2-1-0-0-2-0-1-1-1-0-0	1-0-0-0-0-0-2-3-0-0-2-0	0-0-2-0-1-0-0-1-2-2-2-0	2-2-1-0-1-2-2-0-2-0-0-0	0-0-0-0-0-0-2-0-2-1-0-2	0-2-2-0-0-1-0-0-1-1-0-1	1-1-0-0-1-0-2-0-1-0-0-0	1-0-2-0-0-0-3-0-2-1-1-0	0-0-1-2-2-0-2-1-0-0-0-1	4-0-0-2-1-1-0-4-4-0-2-2	0-1-0-1-0-1-1-0-0-0-0-0
825	2	2-1-2-1-2-2-2-1-2-2-3-3	3-1-1-3-0-1-3-3-3-1-3-3	0-3-0-3-3-2-3-0-4-4-1-3	3-0-3-3-3-3-1-6-2-1-1-3	3-1-3-3-0-3-3-3-1-0-3-3	3-3-3-2-2-3-3-3-1-2-0-3	3-1-1-0-3-2-3-3-1-2-3-3	1-2-8-3-3-0-1-2-2-1-0-0	2-0-1-3-2-2-0-3-1-2-3-3	3-3-2-1-3-2-3-1-3-0-0-3	3-2-0-1-1-2-0-0-0-3-3-1	2-2-2-2-3-4-2-0-4-0-2-2
825	3	3-3-3-3-3-3-3-3-3-3-2-2	2-4-3-2-0-3-2-4-3-3-2-4	4-2-2-2-2-2-2-4-4-4-4-2	2-4-2-2-2-2-3-2-4-3-4-2	2-0-4-2-4-4-2-2-3-4-2-2	2-2-2-2-3-2-4-2-6-3-3-2	2-1-3-4-2-3-6-2-3-3-2-2	3-2-0-2-2-4-3-3-3-3-4-4	3-0-2-2-3-2-7-4-4-3-2-2	2-3-3-4-2-3-2-3-2-3-0-2	2-3-8-4-7-4-0-3-0-2-2-3	3-2-2-3-2-6-2-4-2-4-2-3
825	4	5-5-5-5-4-4-4-5-5-4-5-5	5-3-3-2-5-5-5-5-5-5-5-3	4-5-5-5-4-5-5-5-5-3-5-4	4-4-5-4-4-5-4-4-3-4-3-4	4-4-3-4-3-3-5-4-3-4-3-4	4-5-4-5-3-5-3-6-3-4-3-5	3-1-4-5-4-4-4-5-4-4-5-3	3-4-5-5-4-5-4-5-4-4-5-5	5-4-5-5-4-4-3-3-5-4-3-4	4-3-4-3-5-5-3-4-5-6-0-3	1-4-5-6-3-3-4-1-5-4-4-4	5-3-4-5-6-2-3-7-5-4-4-4
825	5	4-4-7-4-6-6-7-7-6-6-6-4	4-7-5-2-6-7-6-6-4-6-4-5	5-6-6-6-6-6-6-6-6-6-6-6	6-4-6-6-7-4-6-7-6-6-5-4	7-6-6-8-4-5-6-5-6-6-7-4	6-4-6-4-6-6-5-7-3-5-3-6	6-7-5-5-6-4-6-4-5-7-5-6	6-4-6-5-2-7-6-4-4-6-4-4	4-4-6-4-6-4-4-6-7-7-5-6	5-5-8-6-7-5-8-6-4-4-8-6	5-8-8-5-8-5-4-5-8-5-6-5	7-6-4-8-4-5-6-5-4-4-8-8
825	6	5-5-5-8-5-5-5-5-5-5-5-5	5-5-5-7-5-5-5-5-4-5-4-5	5-7-5-5-7-5-5-5-5-5-5-5	7-5-5-7-7-7-5-7-5-5-7-7	5-5-5-7-4-7-7-7-5-5-5-7	5-5-7-6-5-5-7-7-3-6-3-7	5-5-5-4-5-6-5-5-5-5-7-5	5-7-5-7-7-5-5-8-8-5-7-4	4-0-5-7-5-5-3-7-5-6-7-5	5-7-6-5-7-7-7-5-8-4-7-5	7-5-5-4-5-6-0-5-7-7-5-6	5-7-6-7-7-3-5-4-7-5-6-5
825	7	5-8-5-5-5-5-5-5-5-5-5-8	5-5-5-6-5-5-8-6-5-5-5-8	8-6-6-5-6-5-6-5-5-5-7-6	6-7-5-6-6-6-5-6-5-5-6-6	5-4-4-6-7-6-6-6-7-5-5-6	5-8-6-8-3-8-6-5-7-7-3-6	8-5-5-4-7-7-7-6-7-5-6-5	7-6-2-6-6-5-5-4-8-5-6-7	7-7-5-6-6-6-3-6-5-5-6-5	5-6-6-7-5-6-6-5-8-4-6-2	6-7-5-7-3-8-8-5-6-6-5-7	5-6-6-6-6-7-2-4-5-4-5-5
825	8	8-7-5-6-5-7-5-8-5-5-5-7	5-8-8-6-8-5-7-8-4-8-6-7	8-8-8-5-8-5-5-5-5-8-7-8	7-8-5-8-8-8-7-8-5-8-8-6	5-5-8-8-8-7-7-8-8-8-7-6	7-8-7-7-8-7-8-8-8-8-8-7	7-8-8-8-5-8-8-8-8-8-7-5	8-8-2-7-8-5-6-6-7-5-5-4	6-7-5-7-5-8-8-5-5-5-6-8	6-0-8-5-8-8-5-5-7-8-7-8	8-5-5-3-5-7-7-5-5-5-8-8	5-7-7-5-4-8-8-5-8-8-5-5
826	0	0-0-0-0-0-0-0-0-0-0-0-0	0-0-0-0-0-0-0-0-0-0-0-0	0-0-0-0-0-0-0-0-0-0-0-0	0-0-0-0-0-0-0-0-0-0-0-0	0-0-0-0-0-0-0-0-0-0-0-0	0-0-0-0-0-0-0-0-0-0-0-0	0-0-0-0-0-0-0-0-0-0-0-0	0-0-0-0-0-0-0-0-0-0-0-0	0-0-0-0-0-0-0-0-0-0-0-0	0-0-0-0-0-0-0-0-0-0-0-0	0-0-0-0-0-0-0-0-0-0-0-0	0-0-0-0-0-0-0-0-0-0-0-0
826	1	1-1-1-1-1-1-1-1-1-1-1-1	1-1-0-3-0-2-0-2-0-1-2-0	0-2-0-0-2-0-1-0-0-2-1-2	3-0-0-2-3-2-0-2-1-0-2-0	1-0-1-0-2-2-2-2-1-1-0-2	2-0-2-0-0-2-2-3-1-1-0-3	0-1-1-0-2-0-1-2-0-1-4-2	1-4-1-2-4-0-1-3-1-1-0-0	0-0-2-4-4-2-0-2-2-1-4-1	0-2-0-0-2-4-0-1-2-0-0-3	4-1-0-0-0-1-0-0-0-1-2-1	0-1-1-0-0-1-1-0-4-1-1-1
826	2	2-2-2-2-2-2-2-2-2-2-2-2	1-4-2-1-0-2-0-3-4-1-1-2	2-1-2-2-1-1-3-2-3-1-3-1	1-0-2-1-1-1-3-1-1-2-3-2	1-4-1-3-1-1-3-1-3-2-0-1	1-0-3-0-2-1-3-2-2-2-4-1	2-1-2-2-1-2-4-1-0-2-0-1	2-1-1-3-2-0-6-0-2-2-3-2	5-0-1-1-2-1-2-3-3-2-2-2	3-1-2-3-1-1-1-3-1-2-3-1	3-1-0-6-7-1-3-2-0-0-1-2	3-1-1-2-0-2-1-0-1-1-6-1
826	3	3-2-3-3-2-3-3-4-3-3-3-3	3-2-2-1-0-3-1-2-4-4-4-4	2-1-0-1-4-4-2-3-4-4-2-4	1-4-4-4-1-1-2-1-4-6-2-0	1-0-1-4-1-2-4-3-6-0-6-1	1-3-2-4-3-1-4-1-3-3-2-1	3-1-2-3-1-2-2-4-3-2-1-1	2-1-1-2-2-3-6-4-2-3-4-0	2-3-1-1-3-3-3-4-8-2-2-4	4-3-3-4-8-1-2-4-2-3-2-1	2-1-3-3-4-3-3-2-5-3-1-3	3-3-1-3-0-3-1-0-6-6-2-3
826	4	4-2-4-3-2-3-4-3-4-4-4-5	4-2-2-1-7-3-5-5-5-3-3-5	5-5-7-3-3-6-5-6-5-3-3-3	4-3-3-3-1-5-2-4-3-3-1-6	1-4-4-3-4-2-3-4-4-4-3-4	5-3-2-3-4-7-3-1-4-2-2-5	7-1-5-2-3-4-2-3-3-4-1-1	2-1-1-1-2-6-3-6-4-3-3-4	6-4-4-1-1-7-6-3-3-4-1-5	4-1-4-3-1-1-2-3-4-4-4-1	1-6-3-3-3-4-4-6-4-5-4-4	7-3-4-4-4-4-5-4-3-3-1-1
826	5	7-6-6-6-6-6-6-6-6-6-6-6	6-2-2-5-6-6-6-6-6-6-7-6	4-6-6-6-6-6-6-6-6-6-6-6	6-5-6-7-6-6-6-7-6-4-5-4	5-6-4-3-6-5-6-5-4-6-7-7	6-6-6-6-4-8-6-6-6-5-2-4	2-5-5-7-6-6-5-6-5-2-2-6	4-5-1-6-5-4-5-7-6-3-5-6	8-4-8-6-2-6-4-6-6-5-5-4	5-5-6-4-6-6-6-3-4-4-4-8	5-8-5-2-3-5-7-4-7-5-4-4	4-4-5-5-6-7-5-8-3-3-2-5
826	6	5-8-5-5-5-5-5-5-5-5-5-5	5-2-5-7-5-5-5-7-5-5-5-5	4-7-5-5-7-5-7-5-5-7-5-5	7-5-5-5-7-5-5-4-7-3-7-4	7-5-4-3-5-6-7-7-3-5-3-5	5-4-7-5-4-5-7-5-5-2-2-3	4-5-2-5-5-6-6-5-5-2-7-5	4-7-6-5-6-4-3-4-5-3-5-5	4-4-4-5-7-5-4-5-5-5-7-4	6-7-5-4-7-7-5-6-4-4-0-6	7-6-3-2-3-5-5-4-5-6-5-5	4-7-6-4-5-4-6-4-3-3-2-5
826	7	5-8-5-5-7-5-5-5-5-5-5-8	5-5-5-6-5-5-5-6-8-6-5-8	5-6-4-5-6-7-6-8-8-6-7-6	6-7-7-5-6-6-7-5-6-3-6-4	6-5-4-6-7-7-8-6-7-5-5-5	6-4-6-5-2-4-6-5-7-7-2-7	8-1-2-5-7-7-5-5-7-5-6-7	7-6-6-8-6-8-8-5-7-3-5-7	7-4-7-5-6-5-7-7-5-7-6-4	7-6-7-4-6-6-5-7-8-7-7-1	6-6-7-3-8-8-5-7-5-6-5-4	4-6-7-7-5-5-6-4-7-3-7-5
826	8	8-6-6-6-8-8-5-8-5-5-5-7	5-8-8-6-8-5-7-5-8-8-5-7	8-8-8-5-8-8-7-7-7-8-8-8	8-8-8-8-8-8-7-8-7-8-8-4	5-5-4-8-7-8-7-8-8-8-1-5	5-8-8-5-8-5-8-8-8-8-8-8	7-8-8-8-5-8-8-8-8-8-7-7	8-8-6-7-8-7-7-7-6-5-3-5	7-8-5-8-1-8-8-7-3-5-7-1	6-7-8-5-8-7-8-7-8-8-8-8	5-5-5-8-7-7-5-5-5-6-8-8	8-7-4-8-5-8-8-5-8-8-3-5
827	0	0-0-0-0-0-0-0-0-0-0-0-0	0-0-0-0-0-0-0-0-0-0-0-0	0-0-0-0-0-0-0-0-0-0-0-0	0-0-0-0-0-0-0-0-0-0-0-0	0-0-0-0-0-0-0-0-0-0-0-0	0-0-0-0-0-0-0-0-0-0-0-0	0-0-0-0-0-0-0-0-0-0-0-0	0-0-0-0-0-0-0-0-0-0-0-0	0-0-0-0-0-0-0-0-0-0-0-0	0-0-0-0-0-0-0-0-0-0-0-0	0-0-0-0-0-0-0-0-0-0-0-0	0-0-0-0-0-0-0-0-0-0-0-0
827	1	1-1-1-2-1-1-1-1-1-1-2-2	2-2-1-2-2-2-5-2-1-2-2-2	1-2-2-2-2-2-2-2-3-2-3-2	2-0-2-3-1-2-2-2-1-2-2-1	2-2-1-2-1-1-2-1-1-1-4-1	1-0-2-1-2-2-2-2-1-1-0-0	0-2-1-1-2-1-2-2-1-2-1-2	1-1-2-2-1-2-1-2-1-0-0-3	1-0-0-0-2-3-2-2-2-1-1-2	3-1-2-0-1-1-3-2-2-1-0-1	1-3-4-0-2-2-1-1-2-1-2-1	2-1-1-1-3-2-1-2-3-1-1-2
827	2	1-1-1-1-1-1-1-1-1-1-1-1	1-1-1-3-1-1-1-1-1-1-3-1	1-3-1-1-3-1-3-1-1-4-1-1	3-0-1-4-3-4-1-1-3-1-1-1	3-1-4-4-4-3-3-3-1-4-1-4	4-4-3-1-1-4-3-4-1-1-0-4	4-4-1-1-3-2-1-1-1-1-5-3	1-3-4-3-3-1-1-12-4-0-5-0	2-0-3-3-1-0-1-3-1-2-3-1	1-3-1-0-3-2-0-1-3-1-0-4	1-2-1-0-1-1-0-1-1-1-3-2	1-3-2-4-1-1-3-1-5-2-2-1
827	3	1-3-1-3-1-1-1-1-1-1-1-1	1-4-3-2-1-1-1-4-1-1-2-4	5-2-1-1-2-1-4-4-1-2-4-2	2-4-1-1-2-2-1-1-4-4-3-1	2-0-2-2-2-2-4-2-3-1-1-2	2-5-2-1-3-2-2-2-1-3-11-3	2-2-1-7-2-5-4-4-3-5-0-2	3-2-1-4-2-1-5-2-2-3-0-1	3-0-2-2-3-1-4-2-4-3-2-3	1-2-3-3-2-2-4-5-4-3-4-2	5-2-1-4-1-1-0-3-4-1-2-4	1-2-2-2-1-1-4-5-1-5-6-1
827	4	1-3-1-4-5-4-1-4-1-1-1-1	1-5-5-2-6-1-1-5-3-1-2-5	3-4-5-1-2-2-5-3-1-2-5-5	2-5-5-2-2-2-5-1-3-3-5-1	6-0-2-2-2-3-5-4-5-2-1-2	2-2-3-1-5-2-5-2-4-4-7-2	2-2-4-0-2-4-5-5-4-1-2-2	4-2-2-3-4-1-6-5-2-4-5-5	1-0-5-2-6-7-3-2-5-3-3-4	1-2-4-5-3-2-3-4-3-1-3-2	2-3-1-3-5-1-7-6-3-3-3-3	6-2-2-2-1-2-3-1-1-4-9-4
827	5	6-4-6-6-4-4-1-7-6-5-6-8	6-4-4-6-1-4-1-6-6-6-6-6	3-6-7-2-6-4-6-2-7-4-4-4	6-6-4-6-2-6-4-10-6-6-4-6	2-6-9-6-9-3-6-6-5-7-6-6	4-6-6-5-4-5-6-2-1-5-4-2	4-10-4-5-4-3-4-6-5-3-2-2	4-6-2-6-2-1-3-7-2-4-4-4	3-0-4-6-5-6-3-6-4-5-2-4	6-6-5-4-2-2-6-3-6-5-4-2	3-2-7-3-6-2-1-4-5-6-6-5	3-6-6-5-3-5-2-11-6-3-2-2
827	6	5-6-5-5-6-6-6-1-5-6-5-5	5-7-7-5-4-6-5-5-5-5-5-5	3-5-5-1-5-2-5-7-5-7-5-6	5-5-7-5-2-5-7-5-5-5-7-5	4-5-2-5-5-7-5-5-7-5-5-5	1-5-5-6-6-5-7-1-6-6-6-6	2-5-7-0-8-6-4-5-6-10-2-2	7-5-0-5-2-6-4-6-2-4-5-3	7-0-4-5-4-5-5-5-1-6-2-5	2-5-4-7-7-3-5-6-5-5-4-6	3-2-9-0-7-7-5-7-3-5-5-10	4-5-2-5-1-5-2-7-5-11-3-3
827	7	8-7-8-7-6-8-8-8-8-8-8-8	8-6-6-8-8-8-8-7-8-8-8-8	7-8-9-8-8-8-7-8-8-6-8-7	8-7-8-5-8-8-8-8-5-5-6-7	2-11-10-5-9-6-7-6-6-8-5-11	8-11-5-7-6-10-6-1-1-6-4-11	11-5-7-10-8-7-4-7-4-6-11-2	6-5-11-8-2-9-6-5-10-9-9-8	9-12-9-8-8-10-8-8-4-7-8-8	8-9-7-6-6-4-5-8-8-8-9-6	9-2-8-7-10-11-8-11-11-8-6-7	11-8-8-9-9-5-7-10-10-9-10-12
827	8	9-9-9-7-9-9-10-7-9-9-9-7	9-9-9-7-10-10-7-9-7-10-7-9	8-9-10-10-9-9-7-9-9-9-10-9	9-8-9-9-8-7-9-11-9-5-8-7	9-9-7-10-7-8-9-8-9-8-11-7	12-7-9-9-11-9-8-10-10-8-3-8	12-9-8-7-7-11-9-9-9-11-12-9	8-8-10-7-8-7-8-9-7-4-7-12	12-11-12-7-11-9-9-7-10-7-8-7	7-7-9-8-7-10-5-7-7-7-12-9	7-9-10-9-12-11-11-7-7-7-9-11	9-7-7-7-7-11-9-11-8-10-8-12
827	9	8-8-9-12-8-8-8-8-8-8-8-8	8-8-8-11-8-8-11-8-8-8-10-8	7-11-7-8-11-11-10-8-8-10-10-8	10-10-8-8-10-10-8-11-8-5-10-7	10-8-11-11-7-10-10-10-8-8-5-10	11-7-10-8-8-8-10-8-8-6-4-10	7-9-8-7-10-9-8-10-8-8-9-10	8-11-8-10-11-7-12-11-7-7-11-8	7-0-8-10-8-8-8-10-8-8-10-7	9-7-8-8-10-10-10-6-10-7-7-10	7-8-6-8-8-8-8-7-7-9-8-8	8-11-7-7-7-8-10-8-9-7-4-3
827	10	8-12-9-8-8-8-8-8-8-8-8-8	8-11-8-9-8-8-9-8-8-8-9-9	8-9-8-8-9-9-11-8-8-9-11-9	9-9-8-8-9-9-8-9-11-9-11-7	9-7-7-9-7-9-11-9-10-8-5-9	9-7-11-8-10-7-9-8-8-10-4-9	7-9-8-7-9-9-11-9-8-8-9-9	8-9-8-11-9-7-11-8-7-10-9-8	7-0-8-9-10-8-8-9-8-10-9-5	9-7-10-8-11-9-9-6-9-8-7-9	7-8-8-12-7-8-12-7-7-9-8-6	7-9-7-7-7-5-9-7-7-8-11-8
827	11	8-10-8-9-8-12-8-8-8-8-8-12	8-10-7-9-8-8-9-9-8-8-9-12	12-9-7-8-9-9-10-8-8-9-10-9	9-11-11-8-9-9-12-9-10-9-10-12	9-7-7-9-11-10-10-9-10-8-8-9	9-7-10-8-8-9-10-9-11-11-4-7	7-9-8-7-11-8-10-8-11-8-9-9	11-9-8-10-9-7-10-9-2-8-9-11	8-11-8-9-8-8-8-9-4-11-9-10	8-7-8-12-10-2-9-6-11-7-8-9	7-11-12-8-11-8-8-7-7-9-8-8	7-9-12-7-7-8-9-8-8-8-10-8
827	12	12-10-9-9-8-11-8-12-8-8-8-11	8-12-12-9-12-8-9-9-12-12-10-11	12-11-12-8-11-8-11-8-8-12-11-12	11-12-8-12-12-12-11-12-11-12-12-11	9-8-12-12-12-12-11-12-12-8-8-12	8-12-12-9-12-8-11-8-12-12-12-11	8-12-12-7-8-8-11-12-12-8-8-8	12-8-9-11-12-12-9-9-9-8-8-8	9-11-8-12-8-12-12-9-11-8-10-1	7-7-10-11-12-8-12-8-11-12-8-12	8-8-11-10-8-8-8-8-8-8-12-12	7-11-11-8-8-12-12-8-12-12-9-8
828	0	0-0-0-0-0-0-0-0-0-0-0-0	0-0-0-0-0-0-0-0-0-0-0-0	0-0-0-0-0-0-0-0-0-0-0-0	0-0-0-0-0-0-0-0-0-0-0-0	0-0-0-0-0-0-0-0-0-0-0-0	0-0-0-0-0-0-0-0-0-0-0-0	0-0-0-0-0-0-0-0-0-0-0-0	0-0-0-0-0-0-0-0-0-0-0-0	0-0-0-0-0-0-0-0-0-0-0-0	0-0-0-0-0-0-0-0-0-0-0-0	0-0-0-0-0-0-0-0-0-0-0-0	0-0-0-0-0-0-0-0-0-0-0-0
828	1	1-1-1-1-1-1-1-1-1-1-1-1	2-1-0-1-0-0-0-1-0-1-2-0	0-2-0-0-2-2-2-0-0-2-0-1	2-0-0-2-2-2-0-1-1-0-1-0	1-0-2-5-2-1-2-2-1-1-0-2	2-7-2-0-0-2-2-1-1-1-0-1	0-1-1-0-2-1-1-2-1-1-0-2	1-1-1-2-0-0-1-7-1-1-0-0	0-0-2-2-7-2-0-2-2-1-1-1	0-1-1-0-2-1-2-1-2-1-0-4	0-1-0-0-0-0-0-0-0-1-2-1	0-1-1-0-0-1-1-0-1-2-1-1
828	2	2-2-2-2-2-2-2-2-2-2-2-2	1-3-2-1-0-2-0-2-2-1-1-3	2-1-3-2-1-3-1-3-3-3-4-3	1-3-2-1-1-1-4-1-1-2-3-3	1-0-1-1-3-1-1-1-3-2-0-1	1-0-4-0-2-1-3-2-2-2-3-2	4-1-2-2-1-2-4-1-4-5-0-3	2-0-1-1-2-3-6-3-2-5-4-3	3-2-1-1-2-1-3-3-1-2-2-2	1-1-2-3-1-1-1-2-1-3-3-1	2-1-0-2-6-0-3-2-3-1-1-2	2-1-1-3-0-2-1-2-1-1-2-1
828	3	3-3-4-3-3-2-3-3-3-3-3-3	3-2-2-1-4-4-4-3-3-4-4-4	3-4-4-5-3-3-3-4-4-2-3-3	4-3-3-3-2-4-5-3-2-3-2-3	2-4-3-3-4-2-4-4-2-3-4-3	3-6-2-3-4-7-2-1-5-2-2-4	2-2-3-2-3-3-2-4-4-3-3-2	6-3-5-2-2-5-5-4-4-2-7-4	4-4-3-2-1-3-4-2-6-3-1-6	3-7-3-2-3-1-4-3-4-4-4-1	4-1-7-7-5-5-4-5-4-5-2-3	5-1-3-2-5-4-7-7-3-5-3-3
828	4	3-3-3-3-4-3-3-3-3-3-3-3	3-2-2-4-5-3-7-3-3-3-5-3	5-5-6-4-5-7-5-5-3-5-2-4	5-5-5-6-6-6-3-1-4-2-4-4	6-3-4-3-3-4-5-5-4-5-3-4	5-5-5-4-3-1-5-4-3-2-2-6	2-1-2-4-5-4-2-5-3-2-4-5	4-4-3-5-5-3-2-6-3-2-4-3	3-3-5-5-4-3-3-7-3-4-4-3	3-4-4-2-3-6-4-3-5-3-6-1	3-4-3-3-3-3-3-3-3-4-4-5	3-5-3-4-3-3-4-3-3-3-4-3
828	5	3-5-3-4-5-5-3-3-3-3-3-4	3-6-5-4-5-3-3-6-3-3-4-4	6-4-3-3-4-4-6-4-6-4-6-4	4-4-4-4-4-4-6-1-6-5-4-4	4-3-4-1-3-6-6-4-5-5-3-4	4-4-4-4-3-1-4-5-3-5-6-4	4-5-3-4-4-6-6-4-5-2-4-4	3-6-3-6-4-3-6-4-4-2-4-3	5-3-4-4-5-3-6-4-3-4-4-3	3-4-5-7-6-6-6-1-4-3-4-1	3-4-3-3-3-3-3-3-3-3-4-4	3-4-3-4-3-2-4-3-3-3-3-3
828	6	3-5-4-4-5-7-3-3-3-3-6-7	6-5-5-4-3-3-4-5-7-6-4-7	5-6-4-4-4-6-5-7-7-6-5-5	4-6-6-4-4-4-5-4-5-6-5-7	4-3-5-6-3-5-5-4-5-6-3-6	7-4-5-4-3-7-5-5-6-5-5-4	7-1-5-4-7-6-5-5-6-3-4-4	3-5-3-5-4-3-7-4-7-6-4-3	6-3-4-6-4-3-5-6-3-4-4-3	7-4-6-3-5-4-5-3-7-6-4-1	5-6-6-6-2-6-3-6-4-6-6-6	3-4-6-4-4-2-6-3-1-3-4-1
828	7	7-5-4-5-7-7-3-7-6-3-6-6	6-5-7-4-7-7-4-7-7-7-3-6	7-7-7-7-7-4-6-6-6-7-7-7	6-7-7-7-7-7-6-7-6-7-7-6	4-3-7-7-7-7-6-7-7-7-1-7	6-7-7-7-7-7-7-7-7-7-5-7	6-7-7-7-6-7-7-7-7-7-6-4	7-5-7-6-7-6-6-1-6-6-3-3	6-7-7-7-1-7-7-4-3-5-5-1	6-3-7-7-7-1-7-3-6-7-3-7	3-7-3-3-3-6-3-3-3-3-7-7	3-4-6-3-3-7-7-3-7-7-6-7
829	0	0-0-0-0-0-0-0-0-0-0-0-0	0-0-0-0-0-0-0-0-0-0-0-0	0-0-0-0-0-0-0-0-0-0-0-0	0-0-0-0-0-0-0-0-0-0-0-0	0-0-0-0-0-0-0-0-0-0-0-0	0-0-0-0-0-0-0-0-0-0-0-0	0-0-0-0-0-0-0-0-0-0-0-0	0-0-0-0-0-0-0-0-0-0-0-0	0-0-0-0-0-0-0-0-0-0-0-0	0-0-0-0-0-0-0-0-0-0-0-0	0-0-0-0-0-0-0-0-0-0-0-0	0-0-0-0-0-0-0-0-0-0-0-0
829	1	1-1-1-1-0-1-1-1-1-1-1-1	1-0-0-1-0-1-2-2-0-1-0-0	3-1-2-2-1-2-2-2-1-0-0-1	1-1-2-1-1-0-0-4-4-4-0-4	0-3-1-0-2-0-2-1-2-0-1-1	0-1-0-0-0-0-2-1-1-0-0-2	0-0-0-3-0-1-0-0-0-1-1-0	0-0-0-0-0-2-0-0-0-2-0-0	0-2-0-0-2-0-3-2-0-0-0-2	0-0-1-0-0-1-0-0-1-2-2-0	0-0-2-0-3-1-2-3-3-1-2-1	1-0-1-3-1-1-2-1-1-1-1-1
829	2	1-2-2-1-2-2-2-2-2-2-2-2	3-0-0-2-0-1-1-4-3-2-3-3	1-3-1-1-3-1-1-1-1-3-2-3	3-2-1-3-3-3-0-1-3-0-2-1	2-1-1-3-3-3-3-3-1-2-4-1	3-1-3-3-0-3-3-2-0-0-0-3	4-4-0-1-3-0-2-0-0-2-0-3	1-4-2-3-2-1-7-0-2-1-0-0	0-1-1-4-4-0-1-1-2-0-4-1	2-4-0-0-3-4-0-0-3-1-1-2	0-4-2-2-7-1-1-1-2-3-3-1	1-2-2-4-6-2-3-3-2-2-2-4
829	3	3-4-3-3-3-3-3-4-3-3-3-4	2-4-4-2-0-4-1-4-2-3-2-4	1-2-1-2-2-1-4-5-4-4-4-2	2-1-5-2-2-2-6-2-4-5-4-1	2-1-1-2-2-2-4-2-3-4-3-1	2-1-5-2-3-2-4-3-3-3-5-2	2-2-3-1-2-3-4-0-0-5-4-2	3-4-4-2-4-4-5-0-2-0-0-3	3-1-3-2-3-4-7-4-4-3-2-4	2-3-3-7-2-4-4-6-2-4-1-2	1-4-7-5-1-1-4-1-1-2-2-1	3-2-1-1-7-5-2-2-1-3-5-3
829	4	3-3-4-3-3-3-4-3-4-4-5-3	4-3-3-2-5-3-4-5-5-3-5-5	6-5-5-2-4-5-5-3-3-3-3-5	5-5-5-5-2-5-5-1-3-3-3-1	2-1-1-5-5-3-5-5-5-4-2-7	0-5-3-4-6-7-3-4-4-3-0-2	2-2-0-4-5-4-3-5-4-3-5-3	4-2-5-3-3-5-3-0-5-4-5-5	5-5-5-2-2-5-5-5-3-4-2-4	5-5-0-2-5-2-6-3-5-3-5-2	5-3-5-3-5-5-5-5-5-2-4-1	6-2-1-2-5-4-2-5-5-5-1-2
829	5	6-3-5-7-3-5-7-5-5-5-6-5	5-3-3-6-4-3-7-6-4-6-6-4	4-6-4-6-6-4-6-6-6-6-5-6	6-4-4-6-6-6-4-6-6-3-6-1	6-4-7-6-4-6-6-6-4-7-6-6	6-4-6-5-4-6-6-6-5-5-3-3	4-6-7-4-4-5-3-6-0-3-6-6	4-6-6-6-6-4-3-7-4-5-4-4	4-4-4-6-7-4-4-6-3-4-6-5	4-6-0-0-4-6-5-3-4-4-4-6	4-6-4-3-4-4-4-4-4-6-5-0	4-6-5-1-4-5-5-4-4-4-3-3
829	6	7-7-5-5-6-7-7-7-7-5-5-7	5-5-3-5-5-7-5-5-4-6-5-4	4-5-4-5-5-6-5-5-7-5-6-5	5-6-6-5-5-5-7-5-5-6-5-1	5-1-5-5-6-6-7-5-6-6-5-5	7-6-5-5-4-5-5-5-6-6-0-6	7-5-0-7-7-6-6-5-6-5-5-5	0-5-5-5-5-7-3-5-7-6-5-4	6-6-6-5-5-6-3-5-3-6-5-6	6-5-6-0-5-5-5-3-4-6-4-5	5-5-4-3-7-7-4-5-5-6-6-6	4-5-6-6-5-6-5-4-5-4-5-3
829	7	7-6-5-5-7-6-5-7-6-5-7-7	5-7-7-5-7-6-5-7-7-7-6-5	7-7-7-5-7-5-6-5-6-7-7-7	6-7-7-7-7-7-6-7-7-7-7-4	5-4-7-7-6-7-6-7-7-5-5-7	6-7-5-5-7-4-7-7-7-7-7-7	6-7-7-7-5-7-7-5-7-5-6-7	7-7-7-6-7-6-5-5-6-5-6-6	4-6-7-6-5-7-3-6-7-4-5-3	6-4-7-7-7-5-7-3-7-7-4-7	5-7-7-3-2-6-4-4-4-6-7-7	7-5-6-6-3-7-7-4-7-7-5-7
830	0	0-0-0-0-0-0-0-0-0-0-0-0	0-0-0-0-0-0-0-0-0-0-0-0	0-0-0-0-0-0-0-0-0-0-0-0	0-0-0-0-0-0-0-0-0-0-0-0	0-0-0-0-0-0-0-0-0-0-0-0	0-0-0-0-0-0-0-0-0-0-0-0	0-0-0-0-0-0-0-0-0-0-0-0	0-0-0-0-0-0-0-0-0-0-0-0	0-0-0-0-0-0-0-0-0-0-0-0	0-0-0-0-0-0-0-0-0-0-0-0	0-0-0-0-0-0-0-0-0-0-0-0	0-0-0-0-0-0-0-0-0-0-0-0
830	1	1-1-1-1-1-0-1-1-1-1-1-1	1-1-1-1-0-0-0-2-0-1-2-0	5-1-0-1-2-3-2-1-0-2-0-2	2-0-0-3-3-3-0-4-1-1-1-0	1-0-1-2-2-1-2-2-1-1-3-2	2-0-2-0-1-4-2-4-1-1-0-1	0-3-1-0-2-0-1-2-1-1-0-1	0-1-4-2-4-0-1-1-1-1-0-0	0-0-2-4-4-3-0-2-2-1-4-1	0-4-0-0-2-1-0-1-2-2-0-4	0-4-0-1-0-0-0-0-0-1-1-4	0-2-0-0-0-1-4-0-1-0-1-1
830	2	1-2-2-2-2-2-2-2-2-2-2-2	2-4-2-1-4-2-0-3-1-1-1-3	2-1-2-1-1-1-3-4-3-1-3-1	1-2-3-1-1-1-0-1-3-2-3-0	2-0-2-1-1-1-3-1-3-2-1-1	1-3-1-3-2-1-3-1-2-2-2-1	3-1-1-0-1-2-3-1-2-2-0-1	2-3-0-3-1-3-2-2-2-3-3-0	3-0-3-1-2-0-3-1-3-2-1-3	0-1-2-3-3-1-4-2-3-2-0-1	6-1-0-5-7-3-0-3-0-1-1-2	2-1-0-3-3-3-1-0-0-3-5-3
830	3	3-2-3-3-3-3-3-3-3-3-4-4	4-5-5-1-2-3-0-2-3-3-4-4	3-3-2-2-1-1-4-5-2-1-4-2	1-4-4-1-1-1-4-1-4-5-2-0	1-0-2-4-1-2-4-3-4-1-1-1	5-3-5-2-3-1-4-1-3-3-4-1	4-1-3-7-1-2-4-4-3-2-4-5	2-2-1-2-2-2-5-1-1-3-2-7	2-0-2-5-2-4-2-1-7-5-1-2	0-1-4-4-4-7-7-3-2-2-7-1	2-3-3-3-0-2-0-2-0-1-1-3	0-1-0-2-2-2-1-0-0-2-1-2
830	4	4-4-4-5-2-3-3-5-4-4-4-4	3-2-3-6-2-3-5-5-3-4-3-5	4-5-5-6-1-6-3-5-6-1-3-4	5-5-3-1-1-1-3-1-3-4-1-5	1-4-5-3-5-2-5-4-3-6-6-1	4-4-2-7-4-1-3-1-3-3-3-1	6-1-3-4-5-6-3-3-3-1-3-3	2-1-1-1-1-4-3-1-5-4-4-7	4-0-5-1-1-3-3-1-3-4-1-1	4-1-5-3-3-1-5-3-5-4-3-1	4-1-3-2-7-7-0-4-4-4-5-1	4-4-4-4-2-4-1-4-6-0-1-1
830	5	6-6-7-7-5-3-5-4-5-5-5-5	5-3-3-6-5-6-4-4-3-4-6-6	1-6-6-1-6-7-6-6-6-6-5-6	6-4-4-6-6-6-7-6-6-3-6-4	6-4-4-6-4-5-6-6-5-5-6-6	6-5-6-5-4-1-6-5-2-5-5-6	7-5-2-4-6-5-5-6-5-1-6-3	2-6-1-6-6-4-3-6-4-4-6-0	6-0-4-6-6-5-0-3-4-6-6-3	0-6-4-4-0-6-4-5-5-4-3-1	0-1-4-2-0-4-0-0-0-4-4-5	4-3-4-4-0-4-6-0-0-2-2-3
830	6	5-7-5-6-5-7-7-7-7-6-5-7	7-5-3-5-6-5-4-5-6-4-5-5	7-5-7-4-5-4-5-5-5-5-6-5	5-6-4-5-5-5-7-5-5-5-5-7	5-4-5-5-6-5-7-5-6-6-5-5	7-5-5-6-4-7-5-5-6-6-2-5	7-5-6-6-5-4-5-7-6-6-5-3	6-5-1-5-5-6-3-5-5-4-5-6	6-6-4-5-5-1-2-7-3-5-5-4	4-5-6-5-6-1-5-4-6-6-6-1	2-6-7-6-3-4-7-4-7-1-3-6	4-7-6-4-2-4-5-4-4-0-5-1
830	7	7-6-5-5-7-6-6-7-6-5-7-6	6-7-7-5-7-7-4-5-6-7-5-5	7-7-7-6-7-7-7-6-5-7-6-7	7-7-7-7-7-7-6-7-7-7-7-6	5-6-7-7-6-7-6-7-7-7-5-7	7-7-7-7-7-7-7-7-7-7-3-7	6-7-7-7-5-7-7-7-7-7-6-7	7-7-7-7-7-6-7-1-1-4-5-7	6-6-7-7-1-7-7-6-3-5-1-7	4-7-7-7-7-3-7-3-7-7-3-7	0-7-6-7-4-4-6-4-6-7-7-7	7-6-4-4-6-7-7-0-7-7-5-7
831	0	0-0-0-0-0-0-0-0-0-0-0-0	0-0-0-0-0-0-0-0-0-0-0-0	0-0-0-0-0-0-0-0-0-0-0-0	0-0-0-0-0-0-0-0-0-0-0-0	0-0-0-0-0-0-0-0-0-0-0-0	0-0-0-0-0-0-0-0-0-0-0-0	0-0-0-0-0-0-0-0-0-0-0-0	0-0-0-0-0-0-0-0-0-0-0-0	0-0-0-0-0-0-0-0-0-0-0-0	0-0-0-0-0-0-0-0-0-0-0-0	0-0-0-0-0-0-0-0-0-0-0-0	0-0-0-0-0-0-0-0-0-0-0-0
831	1	1-1-2-1-2-1-1-1-2-1-1-1	1-0-0-1-0-2-2-1-2-2-2-1	1-2-2-0-2-2-2-2-0-0-2-1	2-2-2-1-1-2-0-0-0-0-0-2	0-2-4-0-2-0-2-1-0-0-2-3	1-5-0-2-0-2-0-0-0-0-0-2	2-0-1-2-0-0-0-2-0-0-3-2	0-3-0-0-0-2-0-0-0-2-2-1	0-2-2-0-1-1-3-3-0-1-2-0	2-0-1-0-0-0-5-0-0-2-3-0	0-0-3-0-3-3-3-0-3-1-0-2	2-2-1-3-3-3-0-3-4-0-1-1
831	2	1-1-1-1-1-1-1-1-1-1-1-1	3-1-0-3-0-1-1-1-1-1-1-1	1-3-1-0-1-1-1-1-0-3-5-3	3-1-1-3-4-3-4-1-2-0-2-1	3-1-5-3-1-2-3-2-2-8-1-0	2-0-3-1-2-5-3-2-0-0-0-4	3-3-0-1-3-3-2-3-0-2-0-3	0-4-2-3-4-1-8-8-2-1-1-3	2-1-1-4-4-0-1-4-1-1-5-1	3-4-0-0-3-2-0-0-3-1-1-4	3-4-1-0-0-2-1-2-1-2-0-1	1-5-3-1-1-4-2-1-2-2-2-4
831	3	1-3-1-3-3-3-1-3-3-1-3-1	2-4-4-2-5-1-1-4-2-1-2-4	5-2-1-1-4-1-4-5-4-2-4-4	2-1-1-2-2-2-3-1-4-0-4-1	2-1-1-3-1-2-4-2-4-3-2-1	2-1-5-1-3-2-4-2-3-3-3-3	2-2-3-1-2-3-7-2-0-4-1-2	0-1-2-2-2-1-7-0-2-5-1-2	0-1-1-2-5-0-1-4-5-8-2-3	2-2-0-8-2-2-4-4-2-1-1-2	2-0-1-5-1-1-1-1-1-2-4-3	1-2-2-1-1-1-2-1-7-6-5-7
831	4	1-4-8-8-3-3-5-3-5-1-5-8	5-3-3-2-3-5-5-3-5-5-5-5	4-5-5-5-3-5-5-5-5-2-3-3	5-5-5-4-5-5-5-1-3-6-3-1	2-6-1-5-5-2-5-5-3-4-5-8	5-5-3-5-6-2-3-5-3-0-0-4	2-2-3-5-5-5-3-5-0-3-8-2	4-2-2-5-2-5-3-5-2-7-5-5	6-4-5-2-2-4-5-5-8-4-2-5	5-2-1-7-5-2-3-3-5-5-5-2	5-2-4-0-1-5-5-6-5-2-3-3	5-2-4-1-5-2-5-7-5-5-3-2
831	5	5-5-4-5-5-5-5-8-4-5-4-4	4-6-5-2-3-5-4-4-4-4-4-4	3-4-4-4-6-4-4-4-4-6-8-4	4-4-4-4-4-4-4-4-6-6-6-1	2-1-2-4-4-6-4-4-6-6-4-1	4-1-6-4-4-2-6-4-5-5-0-5	2-2-7-4-4-4-6-4-6-7-1-6	6-2-2-4-2-4-3-4-2-5-4-4	5-4-4-5-3-5-4-6-7-7-2-4	4-4-5-6-4-2-1-5-4-4-4-2	4-6-4-3-1-6-4-7-4-4-5-4	4-2-4-1-4-5-6-4-4-4-3-2
831	6	7-6-7-6-7-7-8-7-8-8-7-7	8-5-5-7-7-8-7-7-8-7-8-8	6-7-7-7-7-8-7-4-7-7-6-6	7-5-4-7-7-7-7-6-7-5-7-6	7-4-7-7-4-5-7-7-5-6-7-7	6-6-7-6-6-7-7-7-5-6-0-6	8-5-5-6-7-6-5-6-5-5-7-5	5-7-4-7-7-8-8-7-7-4-7-4	4-4-4-7-7-6-4-7-5-6-7-7	5-7-6-5-7-7-7-8-8-4-7-7	4-5-4-3-0-5-4-4-7-6-6-6	6-7-6-7-4-4-5-4-7-3-7-3
831	7	6-6-6-6-6-8-6-6-6-6-6-6	6-5-5-6-6-6-6-6-6-6-6-6	6-6-6-6-6-7-6-6-6-6-7-6	6-7-7-6-6-6-8-6-6-0-6-6	6-4-6-6-4-7-6-6-7-7-6-6	8-0-6-7-7-6-6-6-7-7-3-7	8-2-5-7-6-7-6-6-7-5-6-6	7-6-2-6-6-8-3-6-8-4-6-4	7-4-7-6-6-6-7-6-5-5-6-6	8-7-1-4-6-6-6-8-8-1-6-6	5-7-6-6-0-8-4-7-6-7-7-7	6-6-7-6-7-2-4-4-6-4-6-3
831	8	8-6-6-6-8-7-6-8-6-6-6-6	6-8-8-6-8-6-6-6-6-8-6-6	8-8-6-6-8-8-6-7-6-8-5-8	6-8-6-8-8-6-7-8-8-0-8-6	2-4-6-8-8-8-7-8-8-8-6-6	7-0-8-6-8-1-8-8-8-8-8-8	7-8-8-8-6-8-8-6-8-8-7-6	8-6-2-6-8-7-6-6-7-4-6-4	6-7-8-7-6-8-8-6-8-8-6-0	7-8-8-3-8-6-6-7-6-8-8-8	5-0-0-3-0-7-4-4-8-7-8-6	6-7-4-0-4-8-8-4-8-8-7-8
832	0	0-0-0-0-0-0-0-0-0-0-0-0	0-0-0-0-0-0-0-0-0-0-0-0	0-0-0-0-0-0-0-0-0-0-0-0	0-0-0-0-0-0-0-0-0-0-0-0	0-0-0-0-0-0-0-0-0-0-0-0	0-0-0-0-0-0-0-0-0-0-0-0	0-0-0-0-0-0-0-0-0-0-0-0	0-0-0-0-0-0-0-0-0-0-0-0	0-0-0-0-0-0-0-0-0-0-0-0	0-0-0-0-0-0-0-0-0-0-0-0	0-0-0-0-0-0-0-0-0-0-0-0	0-0-0-0-0-0-0-0-0-0-0-0
832	1	1-1-2-2-1-1-1-1-1-1-1-3	2-2-1-2-2-2-0-3-2-2-0-2	1-2-2-3-3-2-1-3-2-2-2-1	2-2-2-1-0-0-2-0-2-2-1-1	3-0-1-3-1-1-1-1-2-2-3-1	4-0-2-2-0-2-2-2-2-1-4-2	1-1-1-1-1-1-2-3-1-2-1-2	4-1-2-2-1-4-2-1-0-2-2-1	1-0-2-0-2-2-2-2-6-1-1-0	3-1-2-2-1-1-2-1-2-3-2-1	1-3-3-2-1-1-1-1-2-2-2-1	2-1-1-2-3-4-2-0-4-1-2-1
832	2	3-1-4-5-1-1-1-2-1-3-3-4	4-1-1-4-1-1-3-2-1-1-3-1	2-3-3-3-2-1-3-4-1-3-1-2	3-3-1-3-3-3-3-3-1-1-3-4	1-1-3-4-3-3-3-3-1-1-1-3	2-3-3-2-1-4-3-3-1-1-0-3	3-3-1-3-3-1-1-3-4-1-3-1	1-5-4-3-3-1-8-7-4-1-3-1	1-0-1-3-4-1-3-3-1-2-3-3	1-3-1-1-3-4-3-1-3-1-1-4	1-1-1-1-1-1-1-1-1-3-1-3	1-3-3-1-1-1-3-1-0-1-3-4
832	3	2-3-2-2-4-1-2-1-1-2-2-2	2-4-4-2-1-1-2-4-2-2-2-2	1-2-2-1-1-1-4-1-2-2-4-3	2-2-4-2-2-2-2-2-4-4-2-2	1-0-2-1-2-4-4-2-4-4-1-2	2-2-4-2-3-2-4-2-3-3-6-2	2-2-3-2-2-1-4-2-3-1-2-2	1-4-4-2-2-1-4-2-2-1-2-1	1-0-4-2-3-1-2-2-1-3-2-6	1-2-0-1-2-1-2-6-2-1-1-2	1-1-1-3-1-1-1-3-1-2-1-2	1-2-2-2-1-1-2-0-1-4-2-3
832	4	2-3-2-4-3-4-2-2-2-2-2-2	2-3-3-2-5-1-2-3-2-2-2-5	7-5-7-2-4-1-3-5-1-3-3-4	2-4-3-5-2-2-2-6-3-3-3-2	2-7-2-3-7-3-3-4-3-3-1-4	1-2-3-4-5-2-3-2-3-1-1-2	8-2-3-4-4-1-3-5-2-1-8-3	1-3-2-3-2-5-3-2-2-4-4-7	4-5-3-2-2-4-4-8-3-2-2-3	5-8-1-3-3-2-3-3-6-5-4-2	6-1-4-3-4-2-7-6-6-1-3-1	4-2-2-1-6-1-3-4-1-7-2-2
832	5	6-8-7-7-6-6-6-7-6-6-6-8	7-6-6-2-6-7-6-6-6-6-6-6	6-6-6-6-6-6-6-6-6-6-6-6	6-5-6-6-5-2-7-6-6-7-6-5	7-4-6-7-4-5-6-6-6-5-7-5	6-6-6-6-6-6-5-7-6-5-1-5	8-6-6-5-6-6-6-6-5-7-8-6	6-2-7-5-2-6-6-2-2-5-6-4	6-4-5-4-6-6-4-6-8-6-2-3	4-8-6-6-5-6-6-6-7-6-6-6	8-8-5-5-8-8-4-4-4-5-6-6	7-6-6-6-6-7-5-4-7-5-6-8
832	6	5-5-5-8-5-5-5-5-5-5-5-5	5-5-5-7-5-5-5-7-5-5-7-5	5-7-7-5-7-5-7-5-5-5-5-5	7-5-5-5-7-7-5-7-5-5-7-5	7-5-5-6-4-7-7-7-5-5-5-7	5-5-7-5-5-5-7-7-5-5-3-5	5-5-5-5-5-5-5-7-5-5-7-7	5-7-4-7-7-5-8-2-5-4-7-4	8-0-7-7-5-5-4-7-1-5-7-3	7-7-5-5-7-5-5-3-4-5-5-5	4-5-1-5-5-5-4-4-7-7-5-5	5-7-5-5-7-5-7-4-5-4-7-5
832	7	5-8-5-5-5-8-5-5-5-5-5-8	5-5-5-6-5-5-8-6-5-5-6-5	4-6-6-5-6-5-6-5-6-5-6-6	6-6-7-5-6-6-8-2-5-5-6-8	6-4-2-5-4-6-6-6-7-5-5-6	5-8-6-8-7-5-6-6-7-7-7-7	8-5-5-7-7-7-5-6-5-7-6-6	5-6-5-6-6-5-8-2-2-5-6-4	7-7-7-6-7-5-5-6-5-5-6-3	6-6-5-5-6-6-3-5-8-5-7-2	6-5-5-5-5-5-4-6-6-6-5-5	5-6-8-7-6-5-6-4-5-4-6-5
832	8	8-7-6-6-5-7-5-8-5-5-5-7	5-5-8-6-8-5-7-6-8-8-6-7	8-8-8-5-8-5-6-5-5-8-5-8	6-8-5-6-8-8-7-8-5-8-8-7	5-4-8-8-8-8-7-8-8-8-2-2	5-8-7-7-8-7-8-8-8-8-8-7	7-8-8-8-5-8-8-8-8-8-5-6	8-8-2-7-8-5-6-2-2-5-5-5	6-7-8-7-2-8-4-4-5-5-6-8	6-4-8-5-8-5-6-5-7-8-5-8	5-5-1-8-5-5-4-4-5-6-8-8	5-5-7-5-5-8-8-5-8-8-5-5
833	0	0-0-0-0-0-0-0-0-0-0-0-0	0-0-0-0-0-0-0-0-0-0-0-0	0-0-0-0-0-0-0-0-0-0-0-0	0-0-0-0-0-0-0-0-0-0-0-0	0-0-0-0-0-0-0-0-0-0-0-0	0-0-0-0-0-0-0-0-0-0-0-0	0-0-0-0-0-0-0-0-0-0-0-0	0-0-0-0-0-0-0-0-0-0-0-0	0-0-0-0-0-0-0-0-0-0-0-0	0-0-0-0-0-0-0-0-0-0-0-0	0-0-0-0-0-0-0-0-0-0-0-0	0-0-0-0-0-0-0-0-0-0-0-0
833	1	1-1-1-0-1-1-1-1-1-1-1-1	1-2-0-1-0-1-1-0-2-1-0-2	1-2-3-0-0-2-0-1-0-0-0-0	2-0-0-0-1-2-0-4-0-0-0-1	0-1-5-0-2-0-2-1-2-1-0-1	0-5-0-0-3-2-2-1-1-0-0-2	3-0-0-3-2-1-0-0-0-1-0-0	1-0-3-1-1-2-0-0-1-1-0-1	1-2-2-0-2-2-2-2-0-1-0-0	0-1-1-2-0-1-0-0-0-2-3-0	3-0-0-0-2-1-3-3-3-0-1-1	1-0-5-1-1-1-1-2-0-3-1-0
833	2	1-2-1-2-2-2-2-2-2-2-2-2	3-1-2-3-0-2-1-3-3-2-3-3	3-1-4-3-3-1-3-3-0-3-2-3	3-0-1-3-3-3-3-2-2-0-2-1	5-1-1-0-1-2-3-3-1-2-0-1	3-1-3-3-2-3-3-2-2-2-0-1	2-5-0-1-3-1-2-3-2-2-0-5	0-5-2-3-2-1-0-8-2-1-7-0	2-1-1-2-8-1-1-1-4-2-2-2	2-5-0-1-3-2-0-0-3-1-0-2	1-4-1-4-1-2-1-1-1-2-2-1	1-3-1-1-3-2-5-1-2-2-2-2
833	3	3-3-3-3-3-3-3-3-3-2-3-4	2-4-3-2-3-2-2-4-2-3-2-4	4-2-1-2-4-2-4-2-5-4-2-4	2-4-2-2-2-2-2-2-4-4-4-1	2-1-1-3-4-2-2-2-4-3-0-4	2-1-5-2-1-4-4-2-3-3-6-3	6-2-3-1-2-3-6-2-4-5-1-2	3-2-2-2-2-1-6-4-1-3-3-1	4-1-2-4-1-1-1-4-3-3-2-5	2-4-4-4-2-2-1-6-2-1-8-2	1-2-4-0-7-4-1-1-1-2-2-3	1-2-1-1-1-2-2-4-6-8-6-7
833	4	4-4-5-4-5-5-5-6-5-4-5-5	5-3-3-2-7-5-4-5-5-5-5-6	4-5-6-5-4-5-5-6-5-3-5-4	5-4-5-5-2-5-5-4-3-3-3-4	3-5-1-4-5-3-5-5-3-4-4-4	5-0-6-5-6-6-3-7-3-4-0-5	3-2-4-3-5-4-4-5-3-4-5-3	5-4-5-5-4-5-5-5-4-6-4-5	3-6-5-3-7-4-4-5-5-4-2-4	5-8-3-5-6-3-6-4-5-5-5-2	5-4-5-2-5-5-6-6-6-4-3-3	4-4-4-6-6-5-4-6-5-5-5-5
833	5	4-5-4-8-4-5-4-5-4-4-4-4	4-6-6-2-4-4-4-4-4-4-4-4	1-4-4-4-6-4-6-7-4-7-6-5	4-4-4-4-2-4-4-1-6-7-5-1	2-4-1-2-4-6-6-4-6-4-4-4	4-1-3-4-4-4-6-2-5-5-5-4	8-2-5-6-4-5-3-4-5-3-4-2	4-2-4-4-2-4-4-4-2-5-4-4	6-4-6-4-5-6-1-4-3-7-2-3	4-2-8-4-5-8-4-7-4-4-4-2	4-6-4-8-4-4-4-4-4-2-6-5	1-6-1-1-4-4-2-4-4-4-4-7
833	6	4-5-6-7-5-5-4-4-4-4-4-7	4-5-5-7-4-4-4-7-4-4-4-4	7-7-4-7-7-4-7-4-5-7-5-7	7-7-6-7-7-7-4-7-7-5-7-8	8-4-1-7-4-7-7-7-5-6-7-7	6-8-7-6-4-4-7-7-3-3-3-7	3-2-5-5-5-6-3-4-6-3-7-6	4-7-7-7-7-4-8-8-6-4-7-4	8-4-5-7-7-4-1-4-3-6-6-6	4-7-5-5-7-6-4-4-8-4-4-7	4-5-6-0-8-6-4-4-4-6-6-6	1-6-6-6-4-4-7-4-7-6-3-5
833	7	6-8-4-4-7-8-8-4-8-4-4-4	4-5-5-6-4-4-6-6-4-4-4-4	4-6-4-6-6-7-6-5-8-6-7-6	6-7-7-6-6-6-4-6-6-5-6-1	6-4-4-6-7-7-6-6-7-7-6-6	8-8-6-8-4-4-6-6-3-7-3-6	8-2-5-8-8-7-7-6-7-3-6-6	7-6-2-6-6-8-3-7-8-4-6-4	7-4-7-6-6-7-7-4-4-5-6-6	7-6-7-3-7-6-4-5-3-7-4-7	4-7-6-0-3-7-4-7-4-7-7-7	4-7-6-6-4-7-6-4-7-7-8-5
833	8	8-7-8-5-8-7-4-8-7-6-4-4	4-8-8-2-8-7-6-8-4-8-7-8	8-8-8-4-8-8-7-5-7-8-8-8	8-8-8-8-8-8-4-8-6-8-8-6	6-4-1-8-8-8-7-8-8-8-6-4	8-8-7-7-8-4-8-8-8-8-8-8	5-8-8-8-7-8-3-8-8-8-8-8	8-8-2-7-8-7-6-6-7-5-4-4	6-8-6-7-2-7-8-7-8-4-8-8	6-4-5-8-8-5-8-4-6-8-3-8	4-8-8-5-6-1-4-3-4-7-8-8	8-7-1-8-4-8-8-4-8-8-7-8
834	0	0-0-0-0-0-0-0-0-0-0-0-0	0-0-0-0-0-0-0-0-0-0-0-0	0-0-0-0-0-0-0-0-0-0-0-0	0-0-0-0-0-0-0-0-0-0-0-0	0-0-0-0-0-0-0-0-0-0-0-0	0-0-0-0-0-0-0-0-0-0-0-0	0-0-0-0-0-0-0-0-0-0-0-0	0-0-0-0-0-0-0-0-0-0-0-0	0-0-0-0-0-0-0-0-0-0-0-0	0-0-0-0-0-0-0-0-0-0-0-0	0-0-0-0-0-0-0-0-0-0-0-0	0-0-0-0-0-0-0-0-0-0-0-0
834	1	1-1-1-3-1-0-1-1-1-1-1-1	2-0-0-2-0-2-1-2-0-2-2-2	0-2-3-0-2-2-2-0-0-1-2-2	2-2-1-2-2-2-0-3-2-3-2-1	3-1-1-2-0-0-2-2-0-2-3-3	2-2-3-1-0-1-2-0-0-0-0-2	0-1-0-1-0-0-0-2-1-0-0-0	0-2-3-2-0-0-0-3-1-0-1-0	0-1-0-2-1-2-1-1-0-1-1-5	2-8-0-2-2-0-2-1-2-0-0-0	1-2-1-0-2-1-1-1-1-2-2-1	1-2-1-1-0-1-2-1-1-1-1-2
834	2	2-2-2-2-2-2-2-2-2-2-2-2	1-3-2-1-0-1-1-3-3-1-1-2	4-1-1-2-1-1-1-4-3-3-3-3	1-1-2-1-1-1-3-1-1-1-3-1	0-2-1-1-0-3-3-1-3-1-1-1	1-1-1-2-2-1-3-0-2-2-0-2	3-1-2-0-3-2-3-1-1-4-2-0	2-1-0-1-0-0-3-1-1-2-3-3	2-0-3-1-2-1-0-2-3-2-0-1	3-1-2-3-1-3-1-2-1-0-0-2	4-1-0-2-3-0-0-2-3-1-1-2	9-1-1-2-3-1-1-2-1-9-4-1
834	3	4-2-4-4-2-2-3-3-3-3-3-5	3-2-2-1-0-4-3-2-4-2-1-3	5-4-4-4-3-4-5-4-4-5-2-2	4-5-3-1-1-1-2-6-1-1-2-6	1-5-6-1-4-2-4-1-4-3-1-1	3-8-1-3-3-1-2-0-3-0-0-3	2-3-2-3-2-6-2-2-0-3-3-4	3-0-4-3-3-4-2-1-3-3-4-2	3-4-4-1-1-8-4-4-2-3-3-4	2-3-3-2-4-2-2-2-3-4-3-3	2-3-4-0-2-3-3-5-5-3-4-3	2-3-3-5-2-3-3-3-3-3-3-1
834	4	3-4-3-3-2-4-4-4-4-4-4-4	5-2-2-5-3-5-3-6-5-4-5-5	2-3-3-6-5-3-5-3-3-6-4-5	5-4-3-5-5-5-5-4-4-3-4-2	6-3-3-1-3-4-5-5-3-10-1-1	3-5-5-5-4-7-5-4-4-0-0-3	5-6-0-3-5-4-5-5-0-4-5-5	3-7-9-5-4-3-10-6-7-3-9-5	3-3-5-5-6-5-3-5-2-2-6-3	4-6-3-5-5-4-0-2-5-3-3-6	2-6-3-4-2-5-3-2-5-5-5-4	2-7-3-3-0-4-5-3-2-3-2-4
834	5	5-6-5-3-5-5-4-5-5-5-4-3	4-6-6-4-3-7-3-6-4-5-4-6	3-4-3-4-4-4-6-7-6-7-6-4	4-3-3-4-4-4-9-1-6-7-6-3	4-3-3-1-6-4-6-4-6-8-1-1	3-4-7-4-5-4-6-4-5-5-7-5	4-4-5-3-4-4-6-4-5-5-4-4	5-10-4-4-4-3-8-5-4-5-10-4	3-3-4-4-5-4-6-4-8-5-4-8	2-4-0-7-4-4-0-6-4-4-3-4	4-5-8-6-10-6-5-3-4-4-4-2	5-4-3-3-10-4-4-3-8-10-7-8
834	6	5-5-3-6-5-5-6-5-7-7-4-7	4-5-5-4-7-5-3-5-7-8-4-7	6-7-9-4-6-7-5-7-5-4-5-6	7-8-7-7-4-7-10-3-5-3-5-3	4-7-3-6-7-5-7-7-8-6-4-1	7-3-5-6-8-10-5-5-5-5-0-3	4-4-5-7-7-3-5-7-6-5-7-9	8-4-8-4-4-7-5-4-4-6-6-8	8-6-7-4-4-6-8-8-6-6-4-6	8-6-3-10-7-4-0-5-7-8-7-4	8-4-6-5-3-7-7-8-8-4-3-8	2-5-7-2-8-4-4-8-7-7-5-4
834	7	7-7-6-7-5-7-7-6-6-6-7-6	3-9-8-4-7-5-6-8-6-9-6-6	3-7-6-6-4-6-8-6-8-5-8-6	6-6-8-6-4-6-8-6-8-9-7-3	4-6-3-6-6-8-8-6-7-8-8-6	6-3-5-4-5-4-8-4-8-7-5-7	6-8-8-6-6-7-5-6-7-5-6-8	7-4-6-5-4-6-5-7-4-7-4-6	6-3-6-6-5-7-5-6-5-9-4-6	6-3-3-5-6-4-8-10-6-6-6-4	6-8-10-10-9-6-6-6-6-4-8-6	2-4-6-3-6-4-4-6-6-6-5-7
834	8	9-5-8-9-7-8-8-8-8-8-9-9	6-7-5-9-9-5-9-9-6-6-9-6	3-9-9-10-9-3-9-9-9-8-7-9	9-6-7-9-9-9-7-9-9-1-9-3	9-6-3-9-3-9-9-9-6-7-7-9	9-3-9-10-6-6-7-4-7-7-0-10	10-7-7-6-7-8-8-9-7-5-9-7	6-9-6-8-8-3-5-10-10-6-9-6	6-3-7-9-10-3-6-6-5-7-9-5	6-9-0-5-9-9-7-2-6-6-9-8	6-8-5-5-7-6-6-6-6-8-7-6	2-8-8-8-6-6-8-6-6-6-10-5
834	9	8-10-8-8-9-10-10-10-10-8-8-8	10-7-7-8-8-10-8-8-10-7-10-8	3-8-8-8-8-9-8-8-10-8-8-8	8-9-9-8-8-8-10-8-8-7-8-3	8-6-8-8-3-8-8-8-9-9-1-8	8-7-9-10-9-6-8-5-9-9-5-9	8-7-2-6-10-9-8-8-9-4-8-7	9-8-4-8-8-3-5-4-4-6-4-6	9-3-9-8-8-9-9-6-5-7-8-6	6-8-9-9-8-8-9-5-10-9-8-9	8-9-8-5-10-10-6-6-8-9-9-9	2-9-9-9-8-4-9-6-8-2-8-5
834	10	10-9-8-8-10-9-9-10-9-6-8-8	9-7-10-8-10-10-9-10-10-10-9-10	10-10-10-8-10-10-9-7-9-10-10-10	9-10-10-8-10-10-9-10-10-10-10-3	8-6-10-10-10-10-9-10-10-10-8-10	10-10-9-8-10-6-10-10-10-10-10-10	8-10-10-10-9-10-10-10-10-10-6-10	10-10-10-9-10-9-4-8-8-7-5-6	3-9-9-9-8-10-10-6-10-10-8-5	6-6-10-10-10-8-10-7-9-10-10-10	6-10-5-5-9-9-6-8-10-9-10-10	10-9-9-0-5-10-10-6-10-10-8-10
835	0	0-0-0-0-0-0-0-0-0-0-0-0	0-0-0-0-0-0-0-0-0-0-0-0	0-0-0-0-0-0-0-0-0-0-0-0	0-0-0-0-0-0-0-0-0-0-0-0	0-0-0-0-0-0-0-0-0-0-0-0	0-0-0-0-0-0-0-0-0-0-0-0	0-0-0-0-0-0-0-0-0-0-0-0	0-0-0-0-0-0-0-0-0-0-0-0	0-0-0-0-0-0-0-0-0-0-0-0	0-0-0-0-0-0-0-0-0-0-0-0	0-0-0-0-0-0-0-0-0-0-0-0	0-0-0-0-0-0-0-0-0-0-0-0
835	1	1-1-1-1-1-1-1-1-1-1-1-1	0-2-1-0-0-0-0-2-1-1-0-2	0-0-0-1-2-0-2-0-0-0-2-0	0-0-0-0-0-0-0-1-2-1-0-0	1-0-0-0-0-1-2-0-1-0-1-0	4-0-0-0-0-0-2-0-1-1-4-0	0-1-2-2-0-1-0-0-1-1-0-1	1-1-0-0-1-0-2-2-1-1-0-0	1-0-0-0-0-0-4-0-0-1-1-0	0-1-2-2-0-0-0-1-0-0-0-0	4-1-0-0-2-0-0-0-0-0-1-1	4-1-0-2-0-1-1-0-0-1-2-1
835	2	3-2-1-1-1-1-2-1-2-2-2-2	3-1-1-3-1-3-3-4-3-1-3-3	0-3-0-4-6-3-1-3-3-3-1-3	3-0-3-4-4-3-3-4-1-1-1-0	4-0-2-3-0-2-3-3-1-0-2-0	1-1-3-3-2-4-3-2-1-1-0-3	3-1-1-1-3-3-0-3-2-2-6-3	0-4-4-3-2-3-2-7-2-0-0-0	2-0-3-3-4-2-0-3-0-3-2-2	0-4-1-3-3-2-0-1-3-3-0-4	5-2-0-2-1-2-0-0-0-3-2-1	1-3-2-1-4-2-3-0-0-3-3-2
835	3	3-4-2-3-3-3-3-3-3-3-4-4	2-4-4-2-4-3-2-4-4-4-2-2	5-2-5-3-4-2-4-4-4-5-4-2	2-5-4-2-2-2-3-2-4-5-4-0	3-0-5-2-4-4-4-2-3-3-1-2	2-2-4-2-5-2-4-3-3-3-6-2	2-2-4-0-2-3-4-4-3-3-0-2	3-2-6-2-2-4-4-4-2-3-0-3	3-0-2-2-3-4-5-4-4-3-2-3	2-3-1-3-2-2-4-4-2-4-0-2	6-3-7-4-6-2-0-3-4-2-2-1	6-2-5-3-3-6-2-2-6-2-6-6
835	4	4-3-4-5-4-3-4-4-4-4-5-5	4-3-3-6-3-3-5-2-5-3-5-5	5-5-5-2-4-5-3-3-3-4-3-4	5-4-5-2-2-2-4-2-3-3-3-7	2-7-4-4-3-3-3-4-4-4-5-5	1-5-3-5-4-2-3-2-2-1-1-5	5-1-3-4-5-2-3-3-2-3-5-3	1-2-2-2-3-5-3-3-2-4-5-6	6-0-3-3-2-3-4-3-3-4-3-4	5-2-1-5-5-2-3-3-5-3-4-2	7-2-6-3-3-5-6-7-7-2-4-4	1-2-4-4-2-2-2-6-5-6-3-3
835	5	6-7-6-7-6-6-7-7-6-6-4-7	4-3-3-4-5-6-6-6-6-6-6-6	6-6-6-7-5-6-5-6-6-6-7-5	6-6-6-6-6-6-6-2-6-3-6-4	6-4-3-6-3-5-6-6-6-5-6-4	6-4-6-6-6-7-6-6-6-5-3-5	6-6-5-7-5-5-6-6-5-3-6-6	5-6-3-6-6-6-3-5-2-4-6-4	4-7-5-6-5-3-3-6-3-5-6-4	6-4-5-4-6-2-6-5-6-6-4-6	5-3-6-5-5-6-4-4-6-7-6-5	6-7-5-6-6-5-6-4-7-3-3-3
835	6	5-7-5-5-5-7-5-5-5-5-5-7	5-3-5-4-5-5-5-5-5-5-5-5	5-5-5-7-2-5-5-5-5-5-5-5	5-6-6-5-5-5-5-2-5-5-5-7	5-4-4-5-6-5-7-5-6-6-5-4	5-6-5-5-5-4-5-5-5-5-3-6	5-5-5-5-4-5-5-5-6-6-5-5	6-5-3-5-5-5-3-6-7-6-5-4	4-6-6-6-6-5-5-5-4-6-5-3	5-6-6-5-6-2-5-5-7-5-6-5	3-6-5-5-3-5-4-3-5-6-6-6	5-7-7-6-6-3-5-4-3-4-3-3
835	7	7-6-7-5-7-6-5-7-5-5-5-6	6-7-7-4-7-5-5-5-5-7-5-5	7-7-7-5-7-7-5-5-5-7-5-7	5-7-7-7-7-7-6-7-7-7-7-4	5-4-7-7-7-7-6-7-7-5-6-4	6-7-6-6-7-5-7-7-7-7-7-7	6-7-7-5-5-5-7-6-7-7-5-5	7-7-7-6-7-5-5-2-6-5-5-5	6-5-7-6-2-7-7-5-7-7-5-7	5-4-7-7-7-2-7-7-6-7-6-7	4-7-7-7-3-4-4-4-4-5-7-7	5-6-6-5-5-7-7-5-7-7-3-7
836	0	0-0-0-0-0-0-0-0-0-0-0-0	0-0-0-0-0-0-0-0-0-0-0-0	0-0-0-0-0-0-0-0-0-0-0-0	0-0-0-0-0-0-0-0-0-0-0-0	0-0-0-0-0-0-0-0-0-0-0-0	0-0-0-0-0-0-0-0-0-0-0-0	0-0-0-0-0-0-0-0-0-0-0-0	0-0-0-0-0-0-0-0-0-0-0-0	0-0-0-0-0-0-0-0-0-0-0-0	0-0-0-0-0-0-0-0-0-0-0-0	0-0-0-0-0-0-0-0-0-0-0-0	0-0-0-0-0-0-0-0-0-0-0-0
836	1	1-2-1-2-1-1-1-0-1-1-1-1	1-0-0-1-0-2-1-0-0-1-2-2	0-1-2-0-2-2-2-2-0-1-3-0	2-2-2-1-1-2-0-4-2-0-0-4	0-1-1-2-2-0-2-2-0-0-1-1	3-3-0-1-0-1-0-0-0-0-0-2	1-0-0-1-2-0-0-0-0-1-0-0	1-0-0-0-0-2-0-0-2-1-2-0	1-2-2-0-0-0-2-2-0-0-1-0	0-2-1-0-0-1-0-0-1-2-1-0	0-0-1-1-3-1-1-1-0-1-0-1	1-0-1-1-0-1-1-2-1-1-1-1
836	2	2-1-2-1-2-2-2-2-2-2-2-2	3-3-0-3-0-1-3-3-3-3-3-3	1-4-3-3-3-1-3-1-3-3-5-3	3-1-3-3-3-3-0-3-1-1-5-2	2-1-2-3-1-2-3-3-1-2-2-3	2-7-3-2-2-4-3-3-0-2-0-4	3-3-0-1-3-0-2-3-0-2-2-3	0-4-6-3-2-1-7-6-1-1-6-0	2-1-1-2-4-2-1-3-0-4-3-2	3-2-1-2-3-4-3-4-3-1-3-4	2-4-2-4-6-3-1-1-0-2-3-1	2-2-2-1-3-2-3-1-2-2-2-4
836	3	3-4-3-3-3-3-3-3-3-3-3-4	2-4-4-2-0-4-2-4-4-2-2-2	1-2-2-2-2-5-4-5-2-2-4-4	2-3-2-2-2-2-5-2-4-5-4-2	2-1-1-3-3-2-4-2-4-5-2-2	1-1-4-2-3-2-4-2-3-3-0-2	2-2-3-0-2-3-5-2-4-4-4-2	3-2-2-2-2-4-5-4-3-4-1-3	3-1-1-2-3-3-6-2-5-3-2-2	2-3-3-6-2-2-2-3-2-3-3-2	3-3-3-7-4-2-1-3-0-2-2-3	6-2-2-3-2-3-2-1-5-3-3-2
836	4	3-3-3-6-4-3-4-6-4-4-5-3	4-3-3-4-5-3-5-5-3-2-5-5	7-5-5-2-2-5-3-6-2-3-3-3	5-4-5-5-2-2-3-1-3-3-3-7	2-6-1-4-5-3-5-5-3-7-6-7	6-1-3-4-5-2-3-2-3-3-0-2	3-2-3-0-5-4-3-0-4-3-5-3	5-2-5-2-2-5-3-3-5-5-4-5	5-5-5-2-2-5-5-5-3-4-2-4	5-5-1-3-5-2-3-2-5-5-5-2	5-2-4-5-3-4-5-5-5-2-2-4	5-3-4-3-5-2-2-5-4-5-3-2
836	5	5-7-6-7-3-5-7-5-5-7-4-5	4-3-3-5-4-3-4-6-6-6-4-4	4-4-7-6-6-4-6-6-4-6-5-6	6-4-4-6-6-6-3-6-3-3-6-4	6-4-1-6-4-6-6-6-4-5-7-6	5-1-6-2-4-2-6-6-3-3-0-6	6-5-3-5-7-5-3-7-4-6-6-6	4-6-4-6-5-4-3-2-4-4-4-4	4-4-4-6-5-4-4-4-3-5-5-2	4-4-1-3-6-6-6-3-4-4-6-2	4-5-6-3-4-4-4-4-4-5-2-5	4-5-5-5-4-4-2-4-5-4-6-2
836	6	5-7-5-5-6-7-5-4-7-5-5-7	4-3-3-5-4-7-5-5-5-6-4-5	4-5-4-5-5-6-5-5-7-6-4-5	5-6-6-5-5-5-7-5-5-6-5-4	5-4-3-4-6-5-5-5-6-6-4-5	7-6-5-5-6-4-5-5-6-6-0-6	5-5-0-7-7-6-3-5-6-5-5-5	6-5-2-5-2-7-3-2-7-4-2-4	6-4-6-5-5-7-6-4-3-5-5-2	6-5-6-3-5-5-5-3-7-4-5-2	2-6-5-4-7-5-4-3-5-6-6-6	7-7-5-6-5-3-2-4-2-4-5-2
836	7	7-6-5-5-7-6-5-7-6-5-4-7	4-7-7-5-7-6-5-7-7-7-4-4	4-7-7-5-7-7-6-4-6-7-7-7	5-7-7-7-7-7-6-7-7-7-7-4	5-4-7-7-7-7-6-7-7-7-5-5	6-7-5-7-7-4-7-7-7-7-0-7	6-7-7-6-6-7-7-7-7-7-4-5	7-7-2-7-7-6-6-5-6-4-4-6	6-6-7-7-5-7-7-5-7-3-5-0	5-4-7-7-7-2-7-6-7-7-5-7	4-7-7-3-6-6-4-4-4-6-7-7	6-6-7-0-5-7-7-4-7-7-3-7
837	0	0-0-0-0-0-0-0-0-0-0-0-0	0-0-0-0-0-0-0-0-0-0-0-0	0-0-0-0-0-0-0-0-0-0-0-0	0-0-0-0-0-0-0-0-0-0-0-0	0-0-0-0-0-0-0-0-0-0-0-0	0-0-0-0-0-0-0-0-0-0-0-0	0-0-0-0-0-0-0-0-0-0-0-0	0-0-0-0-0-0-0-0-0-0-0-0	0-0-0-0-0-0-0-0-0-0-0-0	0-0-0-0-0-0-0-0-0-0-0-0	0-0-0-0-0-0-0-0-0-0-0-0	0-0-0-0-0-0-0-0-0-0-0-0
837	1	1-1-2-2-1-1-1-1-1-1-1-1	2-2-1-2-2-2-2-2-2-2-2-2	1-2-2-2-2-2-2-2-2-2-1-2	2-0-2-2-1-0-2-2-2-2-1-2	4-1-1-2-1-1-2-1-1-2-4-2	4-2-2-2-2-2-1-2-1-1-4-2	1-2-2-1-2-1-0-2-1-1-0-4	1-0-0-1-1-2-1-2-1-1-2-1	1-0-3-1-2-3-2-1-2-1-1-2	1-1-2-2-1-1-2-2-2-2-0-1	1-2-2-2-2-2-0-1-0-1-3-1	2-2-2-1-1-1-1-1-0-0-1-1
837	2	1-1-1-1-1-1-1-1-1-1-1-1	3-1-1-3-1-1-1-1-3-1-3-1	1-3-1-1-1-1-1-1-1-1-1-1	3-0-1-1-4-3-1-3-1-1-1-1	1-1-1-1-0-3-3-3-1-1-1-1	1-1-1-1-1-4-3-1-1-1-1-6	3-1-1-1-3-2-1-3-1-2-0-3	1-4-4-3-3-1-2-1-4-1-1-4	0-0-1-3-4-1-1-3-1-1-3-1	3-5-1-1-3-4-1-1-3-1-0-4	0-4-1-1-1-1-0-0-0-3-1-1	1-4-1-4-1-2-3-0-0-0-2-4
837	3	1-4-1-4-1-4-1-1-1-1-1-4	2-4-4-2-1-1-1-4-2-1-2-4	1-2-1-1-1-1-4-4-1-2-4-4	2-4-4-1-2-2-7-2-4-4-4-0	1-1-1-1-2-2-4-2-4-1-1-2	1-1-4-0-3-2-4-1-1-3-6-3	2-1-4-0-2-3-6-2-3-3-0-2	1-2-0-2-2-1-3-2-2-1-2-1	0-0-1-2-3-1-0-2-1-2-2-3	2-0-3-4-2-2-1-1-2-1-0-2	4-2-1-3-1-1-0-0-0-2-1-1	1-6-1-4-1-1-2-0-7-3-1-3
837	4	4-3-1-5-1-3-1-5-4-1-4-3	2-3-3-4-1-1-5-3-3-1-5-3	7-5-1-1-4-1-3-3-1-1-3-3	5-4-5-6-2-2-3-2-3-3-3-5	1-8-1-4-6-3-3-5-3-4-1-4	1-1-3-4-6-2-3-1-1-1-1-3	2-1-3-6-4-1-3-5-1-1-6-1	1-2-6-2-2-1-3-2-2-4-6-7	6-5-6-2-2-1-6-5-1-4-2-4	5-6-1-3-2-2-1-1-6-1-6-2	6-2-1-3-1-6-6-6-6-2-1-4	1-2-4-6-6-1-2-4-5-3-1-2
837	5	7-5-7-4-6-6-7-7-7-6-6-8	6-6-6-4-7-7-6-6-6-6-7-6	5-6-6-8-6-6-6-6-6-6-6-6	6-5-6-7-7-5-6-7-6-6-6-5	7-4-6-7-4-5-6-5-6-5-6-5	8-6-6-5-6-6-6-6-6-5-3-5	8-6-5-5-5-6-7-4-5-5-8-7	5-8-5-5-5-6-6-6-2-7-8-5	5-8-8-5-6-6-7-4-6-5-2-6	5-2-6-5-5-6-5-5-4-6-8-6	8-8-5-6-8-8-4-4-8-8-7-4	6-7-8-8-5-7-7-4-4-5-5-8
837	6	6-5-5-8-5-5-5-5-5-5-5-5	5-5-5-7-5-5-5-5-5-5-8-5	6-7-5-5-7-5-7-5-5-5-5-5	7-7-5-7-7-7-5-7-5-5-7-5	5-4-5-7-4-7-7-7-5-5-5-7	5-5-7-6-4-5-7-5-5-6-3-7	5-5-5-4-7-5-3-7-5-5-7-7	5-7-4-7-7-5-8-5-8-4-7-5	4-0-7-7-7-5-4-5-5-5-7-4	8-7-5-3-7-5-5-5-4-5-7-5	4-5-5-5-5-4-4-4-4-7-5-4	5-3-7-7-7-5-5-4-7-5-7-5
837	7	5-5-5-6-5-8-5-5-5-5-5-8	5-5-5-6-5-5-8-6-5-5-5-8	4-6-6-5-6-5-6-5-5-6-7-6	6-7-7-5-6-6-5-5-5-5-6-8	5-4-5-6-7-6-6-6-7-5-5-6	8-8-6-8-7-5-6-5-7-7-3-6	8-5-5-5-8-5-5-6-7-5-6-6	7-6-4-6-6-5-3-6-2-5-6-4	7-7-6-6-6-5-5-4-5-6-6-5	5-6-7-5-6-5-5-1-8-5-6-5	5-7-5-5-5-5-4-6-6-6-5-7	1-5-5-6-6-5-5-4-3-4-6-5
837	8	8-5-6-6-5-7-5-8-5-5-5-7	5-5-8-6-8-5-7-8-8-8-6-7	8-8-8-5-8-5-6-5-5-8-7-8	7-8-8-8-8-8-7-8-5-8-8-7	5-4-8-8-8-8-7-8-8-8-5-5	5-8-5-7-8-5-8-8-8-8-8-8	5-8-8-8-7-8-8-8-8-8-5-5	8-8-8-7-8-8-6-6-2-5-5-5	6-7-8-8-6-8-8-4-5-5-6-8	6-4-8-8-8-5-8-5-7-8-5-8	5-5-5-8-5-5-4-4-5-5-8-8	5-7-5-5-5-8-8-5-8-8-6-5
838	0	0-0-0-0-0-0-0-0-0-0-0-0	0-0-0-0-0-0-0-0-0-0-0-0	0-0-0-0-0-0-0-0-0-0-0-0	0-0-0-0-0-0-0-0-0-0-0-0	0-0-0-0-0-0-0-0-0-0-0-0	0-0-0-0-0-0-0-0-0-0-0-0	0-0-0-0-0-0-0-0-0-0-0-0	0-0-0-0-0-0-0-0-0-0-0-0	0-0-0-0-0-0-0-0-0-0-0-0	0-0-0-0-0-0-0-0-0-0-0-0	0-0-0-0-0-0-0-0-0-0-0-0	0-0-0-0-0-0-0-0-0-0-0-0
838	1	1-1-1-1-1-1-1-1-1-1-1-1	1-2-1-0-2-1-0-2-2-1-0-2	1-2-2-2-2-2-2-2-2-2-2-2	2-0-2-2-2-0-0-3-2-1-2-1	1-1-1-2-1-1-2-1-2-1-3-2	2-2-2-0-2-0-1-0-1-1-0-1	1-3-1-1-2-1-2-2-1-1-1-1	1-1-1-1-1-2-1-2-1-1-4-1	1-0-0-0-1-5-1-2-3-2-1-2	0-1-2-2-1-1-2-1-0-0-0-1	1-3-3-1-3-2-5-1-1-1-2-1	2-1-1-1-1-1-1-0-0-3-1-1
838	2	1-1-1-1-1-1-1-1-1-1-1-2	3-1-1-3-1-1-3-1-3-1-3-3	1-3-1-1-1-1-1-5-1-1-1-1	3-0-1-1-4-3-3-2-1-1-1-1	4-1-1-1-3-3-3-3-1-1-1-1	1-1-1-2-1-4-3-2-1-1-0-4	3-1-1-1-3-2-1-3-1-2-8-3	0-3-5-3-3-1-1-1-2-1-8-0	0-0-3-3-5-1-0-4-1-1-3-1	3-0-1-1-3-3-1-1-3-3-0-4	0-2-1-1-2-1-0-0-1-3-1-2	1-3-3-1-1-2-3-0-0-0-2-2
838	3	3-3-1-3-4-3-3-3-1-1-3-3	2-5-3-2-1-1-2-4-2-2-2-4	1-2-4-1-1-3-4-2-4-3-4-4	2-3-4-1-2-2-2-1-4-3-4-1	3-0-3-3-3-4-4-2-1-3-1-2	1-4-4-4-3-1-2-2-3-3-3-2	2-1-1-3-2-3-4-2-1-4-2-2	5-2-4-4-2-0-7-2-2-1-1-3	0-0-4-2-3-1-4-2-1-4-2-4	2-4-3-5-2-2-5-3-2-2-0-2	1-2-1-3-1-5-0-4-1-2-1-3	8-2-2-3-4-2-2-0-7-5-7-2
838	4	1-4-4-4-3-4-4-5-4-4-4-5	2-5-4-2-1-2-2-3-2-4-2-3	5-2-3-1-1-5-5-4-5-4-5-3	2-0-5-1-2-2-5-2-5-5-3-0	4-0-3-4-4-3-5-4-5-1-1-2	5-3-3-3-5-2-5-2-6-4-9-2	6-1-4-4-2-3-5-5-4-3-6-2	5-2-3-3-2-5-3-5-2-4-1-5	5-0-3-2-4-4-5-2-8-4-2-3	5-5-6-5-5-2-5-1-3-2-5-2	5-2-9-4-5-0-0-3-5-2-1-2	4-2-2-3-3-4-2-0-0-6-3-4
838	5	5-5-6-6-3-4-5-6-5-5-5-6	5-4-4-6-6-6-6-6-6-6-6-6	6-6-6-6-5-6-4-6-6-6-4-5	6-7-4-6-2-6-6-7-4-4-4-6	4-9-9-4-7-3-4-5-5-6-1-5	4-6-3-6-4-7-4-6-4-4-4-7	8-4-4-8-6-5-4-4-4-1-2-7	4-2-2-6-2-8-3-6-7-5-6-4	4-0-5-6-2-1-4-2-9-5-2-1	6-4-8-4-4-2-6-4-6-6-4-2	4-2-1-4-4-7-1-8-6-2-1-7	5-4-5-5-6-1-2-5-1-6-3-1
838	6	6-6-8-8-7-7-9-8-7-7-7-9	7-7-6-5-7-8-5-7-7-7-5-7	6-7-7-7-7-7-5-7-7-7-7-6	7-5-7-6-6-5-7-8-7-7-6-7	8-7-7-8-5-6-6-6-7-6-8-6	7-5-7-6-7-7-7-7-4-6-4-6	9-7-6-5-5-6-7-7-6-9-9-7	7-6-7-5-7-7-8-7-5-7-5-7	6-9-9-5-7-7-7-6-7-5-6-3	6-5-4-6-6-6-6-7-5-5-9-7	9-7-6-7-7-9-8-6-9-6-7-6	9-5-5-5-5-8-6-8-6-7-3-8
838	7	7-7-6-7-6-6-6-8-6-6-6-8	6-6-6-8-6-6-6-7-6-6-7-6	7-8-6-6-8-6-8-6-6-6-6-8	8-5-6-8-8-8-6-8-6-6-8-6	8-5-8-8-5-8-8-8-6-6-6-8	6-7-8-6-6-6-8-6-4-4-4-8	5-6-6-5-8-5-6-8-6-6-8-6	6-8-9-8-8-6-9-8-5-6-8-6	6-0-5-8-8-6-6-8-6-6-8-9	9-8-7-6-8-9-8-6-5-5-8-8	8-6-6-6-6-5-0-5-8-2-6-5	3-8-7-5-5-6-6-5-8-6-9-6
838	8	7-6-6-7-6-9-6-7-6-6-7-7	6-6-7-7-6-6-7-7-7-6-7-7	9-7-7-6-7-7-7-6-7-7-7-7	7-8-8-7-7-7-9-7-7-6-7-9	7-5-7-7-8-7-7-7-8-6-6-7	6-7-7-6-8-9-7-6-8-8-4-7	5-6-6-5-7-8-6-7-8-6-7-7	8-7-7-7-7-5-6-7-5-6-7-8	8-8-8-7-7-6-6-7-4-6-7-7	6-7-6-8-7-2-7-6-9-6-7-7	6-8-8-6-4-6-6-5-7-2-6-8	3-9-7-5-7-6-7-6-7-6-3-6
838	9	9-6-7-7-6-8-6-9-6-6-7-8	6-6-9-7-9-6-8-9-7-9-7-8	9-9-9-6-9-6-7-6-6-9-8-9	8-9-6-9-9-9-8-9-6-9-9-8	7-5-9-9-9-9-8-9-9-9-6-5	6-9-7-8-9-8-9-6-9-9-4-8	5-9-9-7-7-9-9-9-9-9-6-6	9-6-7-7-9-9-7-7-7-6-6-6	6-8-9-9-7-9-9-7-5-6-7-7	7-9-9-9-9-7-9-6-8-9-6-9	6-6-6-9-6-6-8-6-6-9-9-9	6-8-8-6-8-9-9-6-9-9-7-6
839	0	0-0-0-0-0-0-0-0-0-0-0-0	0-0-0-0-0-0-0-0-0-0-0-0	0-0-0-0-0-0-0-0-0-0-0-0	0-0-0-0-0-0-0-0-0-0-0-0	0-0-0-0-0-0-0-0-0-0-0-0	0-0-0-0-0-0-0-0-0-0-0-0	0-0-0-0-0-0-0-0-0-0-0-0	0-0-0-0-0-0-0-0-0-0-0-0	0-0-0-0-0-0-0-0-0-0-0-0	0-0-0-0-0-0-0-0-0-0-0-0	0-0-0-0-0-0-0-0-0-0-0-0	0-0-0-0-0-0-0-0-0-0-0-0
839	1	1-1-1-1-1-1-1-1-1-1-1-1	1-1-0-1-0-1-1-0-2-1-2-1	0-2-2-0-0-2-2-2-0-0-1-0	2-3-2-1-1-1-0-2-0-0-1-1	0-1-3-2-2-0-2-2-0-1-0-2	0-2-0-1-0-0-1-1-0-0-0-0	3-0-0-3-0-1-0-0-0-1-3-0	1-0-0-1-1-2-0-0-1-1-2-0	2-2-2-0-0-0-1-2-0-1-2-0	3-1-0-2-0-2-0-0-0-1-0-0	0-0-1-0-0-0-2-3-0-0-0-2	1-0-3-1-1-1-1-2-0-0-1-0
839	2	2-1-2-2-2-1-2-2-2-2-2-2	3-1-2-2-0-2-1-3-1-3-1-3	1-1-1-4-3-3-3-1-4-4-3-3	3-0-1-4-3-3-3-1-3-1-2-1	6-1-1-1-1-2-3-3-1-2-4-3	3-1-3-1-2-3-3-3-0-2-0-2	4-2-2-1-3-2-2-0-0-2-1-3	0-6-7-3-2-1-2-8-2-2-1-0	1-1-1-3-4-0-1-4-0-2-3-3	1-0-0-3-2-4-2-0-3-3-0-4	1-4-1-0-8-2-3-1-1-2-3-1	1-4-2-1-1-2-3-1-7-2-2-2
839	3	3-4-2-4-4-3-3-3-3-2-3-4	2-4-4-2-3-4-1-4-4-3-1-4	4-2-1-3-2-2-4-4-1-2-4-2	2-1-3-2-2-2-2-2-2-4-2-1	2-3-1-3-3-2-4-2-4-2-0-2	2-1-2-3-3-2-4-2-3-3-0-3	1-2-3-1-2-3-6-4-3-6-4-2	3-2-2-2-2-1-6-0-2-3-1-3	4-1-2-2-3-0-1-4-3-3-2-3	1-4-3-2-2-2-4-3-2-2-1-3	4-0-4-3-3-2-2-1-1-2-2-1	0-0-1-1-3-3-2-3-6-2-2-2
839	4	4-3-4-3-3-3-4-4-4-4-4-3	4-3-3-4-5-3-1-3-3-3-5-5	7-5-5-5-4-5-3-3-5-5-3-4	4-4-5-5-2-5-3-5-3-3-3-8	2-8-1-4-6-3-3-5-3-4-2-8	7-1-3-4-4-6-3-2-3-0-0-2	2-2-3-1-4-4-3-5-0-2-3-0	4-2-2-3-2-5-4-5-4-4-4-6	6-6-4-2-2-4-4-6-0-1-3-3	6-8-1-5-5-2-3-3-6-6-5-2	8-4-3-5-4-6-6-8-8-2-4-4	4-2-4-4-0-4-2-4-5-6-4-2
839	5	6-5-6-4-6-6-6-6-6-6-6-8	6-6-5-4-7-6-6-6-6-6-6-6	5-6-6-7-6-6-6-7-6-7-6-6	6-4-6-7-7-6-6-5-6-6-5-4	7-4-5-7-5-5-6-5-6-5-7-5	5-5-7-5-7-6-6-7-7-5-0-5	8-6-6-5-6-5-3-6-5-7-8-6	5-5-2-6-5-6-5-5-5-7-4-5	5-4-4-6-7-5-5-4-6-6-2-5	5-5-5-5-4-7-6-5-5-6-4-5	5-8-5-4-6-5-4-5-8-5-7-5	6-5-5-5-6-7-5-7-5-5-5-8
839	6	5-5-5-8-5-5-5-5-5-5-5-5	5-5-5-7-5-5-5-7-5-5-5-5	4-7-7-5-7-5-5-5-5-5-5-5	7-4-5-5-7-7-5-7-5-5-7-1	7-4-1-2-4-7-7-7-5-5-5-7	5-1-7-6-3-4-7-5-5-3-0-7	3-5-5-1-5-6-3-5-5-3-7-6	5-7-2-7-7-5-3-7-6-3-7-4	8-4-5-7-7-5-1-4-5-5-7-5	5-7-5-5-7-5-5-5-4-5-4-6	4-6-1-4-5-4-4-1-7-6-5-5	5-7-5-1-5-4-6-4-2-7-6-2
839	7	5-8-5-6-5-5-5-5-5-5-5-6	5-5-5-6-5-5-5-6-5-5-6-5	4-6-6-5-6-5-6-5-5-5-7-6	6-7-7-5-6-6-5-5-5-5-6-4	6-4-1-5-7-6-6-6-7-7-5-6	6-1-6-8-5-4-6-5-5-7-3-6	8-5-5-1-8-7-7-6-7-5-6-6	7-6-2-6-6-1-3-6-8-5-6-4	7-4-7-6-5-5-7-4-5-5-6-0	6-6-7-6-6-5-5-5-8-5-6-6	6-7-7-0-5-7-4-1-6-6-5-7	5-6-5-7-6-5-6-5-2-6-6-2
839	8	8-7-6-6-8-5-5-8-5-5-5-5	5-5-8-4-8-5-7-8-5-8-7-8	4-8-8-5-8-5-7-5-5-8-5-8	8-8-5-8-8-8-5-8-5-8-8-4	2-4-8-8-8-8-7-8-8-8-5-8	5-8-7-7-8-4-8-8-8-8-8-8	7-8-8-8-7-8-8-8-8-8-5-5	8-8-2-8-8-5-8-2-7-5-5-6	7-8-7-8-2-8-8-5-5-5-6-0	1-4-8-8-8-5-8-7-8-8-5-8	4-5-8-5-2-5-4-4-5-7-8-7	5-5-8-5-5-8-8-4-8-8-2-5
840	0	0-0-0-0-0-0-0-0-0-0-0-0	0-0-0-0-0-0-0-0-0-0-0-0	0-0-0-0-0-0-0-0-0-0-0-0	0-0-0-0-0-0-0-0-0-0-0-0	0-0-0-0-0-0-0-0-0-0-0-0	0-0-0-0-0-0-0-0-0-0-0-0	0-0-0-0-0-0-0-0-0-0-0-0	0-0-0-0-0-0-0-0-0-0-0-0	0-0-0-0-0-0-0-0-0-0-0-0	0-0-0-0-0-0-0-0-0-0-0-0	0-0-0-0-0-0-0-0-0-0-0-0	0-0-0-0-0-0-0-0-0-0-0-0
840	1	1-1-1-1-1-1-1-1-1-1-1-1	1-1-0-3-0-0-0-2-0-1-2-2	0-2-2-4-2-0-2-0-0-3-0-2	2-0-0-2-2-2-0-3-1-0-2-0	3-0-5-0-2-1-2-2-1-1-0-3	2-0-2-0-0-3-2-2-1-1-0-3	2-7-1-0-2-0-0-2-1-1-2-2	1-5-1-2-1-0-3-8-1-0-0-0	1-0-2-2-8-2-0-2-0-1-2-1	0-2-1-0-2-4-2-1-2-0-0-4	3-1-0-1-0-1-0-0-0-2-2-2	2-2-1-1-2-1-2-0-7-3-1-1
840	2	2-2-2-2-2-2-2-2-1-2-2-2	1-4-2-1-0-2-1-3-1-2-1-3	2-1-1-3-1-2-3-4-0-4-3-1	1-3-2-1-1-1-3-1-3-2-3-0	1-0-4-0-1-3-3-1-3-2-4-1	1-2-3-0-2-1-3-1-2-2-6-1	1-1-2-0-1-2-6-1-2-3-1-1	2-4-1-3-3-0-6-0-2-2-0-2	2-5-1-1-2-1-2-1-3-2-1-3	0-1-3-6-1-2-1-2-3-3-0-1	2-1-8-2-3-3-0-3-0-3-1-2	1-1-1-1-3-1-1-3-2-1-1-1
840	3	3-4-2-2-3-3-3-3-3-2-3-3	1-2-4-1-3-3-0-2-4-2-1-2	4-3-5-2-1-4-4-5-4-5-4-4	1-4-2-1-1-1-4-1-4-3-4-0	1-0-1-4-1-2-4-3-4-1-1-1	1-1-2-0-4-1-4-1-3-3-3-1	4-1-3-0-4-2-3-4-3-2-4-3	3-1-2-2-2-0-7-3-3-4-4-3	3-3-4-1-3-2-3-1-7-3-2-2	0-1-3-4-4-2-4-4-2-2-4-1	4-3-4-4-2-2-4-4-4-2-1-3	7-1-1-4-2-4-1-2-1-1-2-1
840	4	5-3-4-4-3-3-5-4-4-5-4-5	4-2-3-1-4-4-5-3-5-4-5-6	5-5-6-1-1-5-3-5-3-5-3-3	5-5-4-5-5-5-3-1-3-6-3-5	1-8-6-3-6-2-5-5-3-4-5-5	5-5-2-4-3-1-5-1-3-3-3-5	5-1-3-5-5-2-3-3-3-2-3-5	2-2-6-5-3-5-1-5-5-3-5-4	4-6-5-5-1-2-5-5-3-4-6-1	5-6-4-3-3-1-3-3-5-5-5-1	3-1-5-3-4-8-5-4-3-3-5-4	4-1-5-5-4-4-1-4-1-4-5-4
840	5	4-5-5-5-5-3-5-5-5-4-5-4	4-6-6-1-5-4-4-6-4-4-4-5	4-4-4-4-1-4-6-7-6-6-6-5	4-4-4-4-4-4-6-1-6-4-6-4	1-4-7-3-4-6-6-4-6-5-4-4	4-4-2-6-4-1-6-6-6-5-3-5	4-2-6-4-6-5-6-6-5-5-5-4	5-1-4-4-1-4-6-4-4-5-4-4	5-2-4-4-5-5-4-4-5-4-4-1	4-4-5-5-3-2-4-2-4-4-4-1	7-6-4-5-4-3-4-7-7-1-7-5	4-1-4-4-4-7-1-4-0-5-4-7
840	6	7-8-8-7-5-6-8-6-6-8-6-6	6-5-5-7-7-5-8-7-7-6-8-8	7-7-4-7-7-4-7-5-5-7-5-7	7-4-4-6-7-7-5-7-7-4-7-4	7-4-8-7-4-7-7-7-7-6-7-7	4-4-7-6-3-1-7-5-5-6-2-6	4-1-5-4-5-6-5-5-5-5-7-7	5-7-4-7-7-4-8-7-4-4-7-4	6-4-4-7-7-8-4-8-5-7-7-1	4-7-5-5-0-2-7-6-4-4-4-8	7-5-7-5-7-7-0-4-0-6-6-7	6-6-7-4-7-7-6-0-7-6-7-1
840	7	6-8-6-6-5-8-7-6-6-7-6-8	8-5-5-6-6-4-6-6-6-7-6-8	8-6-4-6-6-7-6-5-8-6-7-6	6-7-7-6-6-6-5-6-6-5-6-4	6-4-5-6-7-6-6-6-7-7-6-6	8-7-6-8-7-8-6-6-7-5-2-7	6-1-5-7-8-7-5-8-7-5-6-6	7-6-7-6-6-7-8-6-8-8-6-7	7-7-7-6-6-6-7-7-3-6-6-7	8-6-7-6-7-8-7-6-8-7-6-1	5-7-6-6-8-6-7-7-7-7-5-6	8-6-6-7-7-6-7-4-6-6-6-1
840	8	8-7-6-6-8-8-7-8-7-6-7-7	7-5-8-6-8-8-6-8-6-8-6-7	8-8-8-6-8-8-7-7-7-8-2-8	8-8-8-6-8-8-6-8-7-8-8-7	6-4-8-8-8-8-7-8-8-8-6-6	7-8-8-8-8-7-8-8-8-8-8-8	7-8-8-8-7-8-8-8-8-8-7-6	8-8-8-7-8-7-7-7-7-7-6-5	7-8-8-8-6-8-8-7-8-2-6-2	7-6-5-8-8-7-8-5-8-8-8-8	2-8-8-5-7-4-8-8-8-7-8-8	7-7-8-3-7-8-8-8-8-8-6-8
841	0	0-0-0-0-0-0-0-0-0-0-0-0	0-0-0-0-0-0-0-0-0-0-0-0	0-0-0-0-0-0-0-0-0-0-0-0	0-0-0-0-0-0-0-0-0-0-0-0	0-0-0-0-0-0-0-0-0-0-0-0	0-0-0-0-0-0-0-0-0-0-0-0	0-0-0-0-0-0-0-0-0-0-0-0	0-0-0-0-0-0-0-0-0-0-0-0	0-0-0-0-0-0-0-0-0-0-0-0	0-0-0-0-0-0-0-0-0-0-0-0	0-0-0-0-0-0-0-0-0-0-0-0	0-0-0-0-0-0-0-0-0-0-0-0
841	1	1-1-1-1-1-1-1-1-1-1-1-2	2-2-1-1-3-2-1-2-1-2-2-2	1-2-3-3-2-4-2-2-4-2-3-2	2-1-2-3-1-2-2-3-2-2-2-1	2-3-1-3-1-1-2-1-2-2-7-1	4-2-2-2-2-2-2-2-2-1-4-2	4-1-1-1-2-1-4-2-1-1-0-4	1-1-2-1-1-2-2-3-1-1-1-3	1-0-1-0-1-1-1-1-2-1-1-2	3-1-1-2-1-1-2-1-2-2-0-1	4-8-4-0-1-2-1-4-2-1-2-1	2-1-1-1-3-4-1-2-4-1-1-8
841	2	1-1-2-2-1-1-1-1-1-1-1-1	1-1-1-2-1-1-1-1-1-1-3-1	0-4-1-4-5-1-1-1-1-3-1-1	3-0-1-1-3-3-1-6-1-1-3-1	5-1-4-5-1-3-3-3-1-1-1-3	3-4-3-1-1-3-3-1-1-1-0-4	3-4-1-2-3-2-1-3-2-1-3-3	1-2-4-3-4-1-1-4-2-0-0-0	2-0-3-3-4-3-1-3-1-2-3-1	1-5-1-1-3-2-3-4-3-1-0-7	1-2-1-0-5-1-1-0-1-2-1-1	1-2-2-1-1-1-3-1-2-2-2-1
841	3	1-4-1-3-3-3-1-1-1-1-1-1	1-4-3-2-1-1-1-4-1-1-4-1	0-3-1-1-2-1-4-2-1-2-4-4	2-3-4-1-2-2-1-1-4-5-4-1	2-1-2-1-2-2-4-2-3-3-1-2	2-2-5-1-3-2-4-2-3-3-7-3	2-2-4-3-2-3-4-2-3-1-2-2	3-4-4-2-2-4-6-2-2-4-0-1	3-1-2-2-3-2-7-2-5-3-2-4	1-2-3-3-2-2-2-3-2-4-0-2	1-2-1-3-1-1-0-0-1-2-2-1	1-2-2-4-1-1-2-1-7-4-6-4
841	4	6-3-4-6-3-3-4-4-4-4-4-5	5-3-3-5-5-1-5-5-5-5-5-6	6-5-7-2-4-1-5-5-1-5-3-5	5-5-5-5-2-5-5-2-3-1-3-5	1-7-2-7-6-3-5-5-3-1-1-8	1-2-3-4-6-2-3-2-1-1-1-2	1-2-3-3-5-4-3-5-4-1-5-1	6-2-6-3-2-3-3-2-2-7-5-5	6-4-5-2-2-4-6-2-1-4-2-6	6-2-1-3-2-2-1-2-6-5-5-2	6-2-1-3-1-6-6-6-5-5-2-4	1-2-5-3-6-6-2-6-5-5-3-3
841	5	4-5-4-8-6-3-5-1-4-5-4-4	4-6-5-4-4-1-4-4-4-4-4-4	4-4-4-2-2-3-6-7-6-6-6-4	4-4-4-4-2-4-4-2-6-7-6-4	2-4-2-2-4-6-6-4-6-1-4-2	7-4-6-1-4-2-6-2-5-5-0-5	7-6-3-3-4-1-3-3-5-5-4-2	5-2-5-3-2-1-7-2-2-5-4-4	3-4-4-2-5-4-4-2-3-4-2-4	4-2-1-6-2-2-2-3-4-4-4-2	4-7-8-5-2-4-4-4-4-4-5-5	1-2-4-3-4-1-2-4-4-4-5-5
841	6	4-6-8-7-5-4-8-7-4-8-6-6	6-5-5-7-7-1-8-7-7-4-8-4	4-7-7-7-7-8-7-7-5-7-5-7	7-4-7-7-7-7-5-2-7-5-7-4	7-4-6-4-4-7-7-7-6-6-6-7	1-6-7-6-4-4-7-6-5-3-0-7	7-5-3-7-6-6-3-8-5-6-7-6	4-6-4-7-7-1-3-7-6-4-7-4	4-4-7-7-7-7-4-7-3-7-7-4	4-7-6-5-7-3-7-3-4-4-7-2	4-6-7-3-8-4-4-4-4-6-6-6	1-6-6-7-4-4-6-4-7-4-7-7
841	7	8-5-6-6-5-8-6-6-8-7-8-8	7-5-5-6-6-8-6-6-6-7-6-8	8-6-6-6-6-7-6-8-8-6-7-6	6-7-7-6-6-6-8-1-6-5-6-4	6-4-6-4-7-6-8-6-7-7-1-6	8-8-6-7-4-8-6-6-7-7-3-6	8-2-5-7-8-7-3-8-7-1-6-6	7-7-4-6-6-8-3-6-6-4-6-7	7-4-6-7-6-6-7-6-1-6-6-5	8-6-7-6-6-2-6-8-8-7-7-2	5-7-6-0-8-7-4-4-6-7-7-7	8-8-8-6-7-7-7-4-6-2-6-7
841	8	8-5-6-6-8-8-6-8-7-6-7-7	7-8-8-6-8-8-6-8-8-8-6-7	8-8-8-6-8-6-7-7-7-8-8-8	7-8-8-8-8-8-7-8-7-8-8-4	6-4-8-8-8-8-7-8-8-8-6-6	7-8-7-7-8-7-8-6-8-8-8-8	7-8-8-8-7-8-8-8-8-8-7-6	8-8-8-7-8-7-8-2-6-4-5-8	7-8-8-7-2-8-8-6-8-2-6-3	7-4-8-8-8-2-6-7-7-8-8-8	4-1-5-8-7-1-4-4-4-7-8-7	7-7-7-1-7-8-8-4-8-8-6-8
842	0	0-0-0-0-0-0-0-0-0-0-0-0	0-0-0-0-0-0-0-0-0-0-0-0	0-0-0-0-0-0-0-0-0-0-0-0	0-0-0-0-0-0-0-0-0-0-0-0	0-0-0-0-0-0-0-0-0-0-0-0	0-0-0-0-0-0-0-0-0-0-0-0	0-0-0-0-0-0-0-0-0-0-0-0	0-0-0-0-0-0-0-0-0-0-0-0	0-0-0-0-0-0-0-0-0-0-0-0	0-0-0-0-0-0-0-0-0-0-0-0	0-0-0-0-0-0-0-0-0-0-0-0	0-0-0-0-0-0-0-0-0-0-0-0
842	1	1-1-2-2-1-1-1-2-1-1-2-2	1-2-1-0-3-2-2-2-2-1-2-2	1-1-3-2-2-2-2-2-3-2-3-2	2-0-2-2-2-2-2-1-1-2-2-2	1-2-1-2-1-1-2-1-2-1-3-1	2-2-2-2-2-2-2-2-2-1-1-2	2-1-1-1-2-1-2-2-2-1-1-2	2-1-2-2-1-2-2-2-1-1-7-1	1-3-1-0-2-8-2-2-2-1-1-1	0-1-1-2-1-1-2-1-2-2-0-1	1-9-1-2-1-2-2-0-3-1-8-1	2-1-1-1-3-2-1-8-1-1-1-9
842	2	1-1-1-1-1-1-1-1-1-1-1-1	1-1-1-4-1-1-1-1-1-1-3-1	1-3-1-1-1-1-1-1-1-1-1-1	3-3-1-1-3-3-1-3-3-1-1-1	6-1-4-3-4-3-3-3-1-1-1-4	1-1-3-1-1-4-3-4-1-1-0-4	1-4-1-1-3-2-2-1-1-1-4-4	1-2-5-3-5-1-9-8-2-2-5-0	0-0-3-3-5-4-1-3-1-2-3-2	0-3-1-1-3-5-3-1-3-1-0-4	5-1-1-1-1-1-1-0-1-2-2-1	1-3-2-1-5-1-5-1-5-2-2-5
842	3	3-3-1-1-3-1-1-1-1-1-1-1	1-4-3-2-1-1-1-4-1-1-2-1	1-2-1-1-2-1-4-4-1-5-4-2	2-2-1-1-2-2-4-2-2-4-4-1	2-1-2-2-2-2-4-2-3-1-1-2	1-2-4-1-3-2-4-3-3-3-8-3	4-2-1-4-2-3-4-1-3-3-2-2	3-2-2-4-2-1-7-1-3-4-1-1	3-1-2-2-3-2-4-2-4-3-2-4	4-2-3-3-4-2-2-3-4-4-4-2	4-1-1-5-1-1-1-0-1-2-2-1	1-2-2-1-1-1-2-1-5-1-4-1
842	4	4-4-1-4-4-5-1-1-1-1-4-1	1-3-3-2-1-1-1-3-1-1-2-4	3-4-6-1-2-1-5-3-5-6-5-5	2-5-5-5-2-2-3-2-5-3-6-1	2-0-2-2-2-3-5-4-6-1-1-2	1-4-3-9-7-2-5-2-4-4-3-2	3-2-5-3-5-4-5-5-5-1-2-2	6-2-2-3-2-1-8-6-3-4-4-1	4-1-3-2-3-2-4-2-8-4-2-3	3-3-4-5-3-7-5-4-3-3-3-2	3-1-1-3-5-9-1-5-5-2-2-2	5-2-2-4-0-1-3-1-5-3-5-3
842	5	6-4-6-6-4-4-5-5-5-5-5-6	6-3-3-6-1-1-6-4-7-1-6-6	7-6-8-5-5-7-6-7-6-6-4-4	6-6-6-6-2-6-6-2-4-7-4-7	2-6-6-8-7-4-6-6-4-1-1-9	6-6-3-6-5-8-4-6-6-4-3-5	4-2-4-6-4-5-4-4-4-9-9-2	5-3-2-6-2-7-3-4-6-5-6-0	5-6-6-6-2-2-6-6-4-6-2-3	5-2-4-4-6-2-4-4-6-6-5-2	2-7-5-3-4-6-7-5-6-7-2-5	4-6-5-6-5-5-2-5-3-5-4-2
842	6	5-8-5-9-4-6-6-7-1-5-6-5	5-7-7-5-7-6-5-8-5-6-5-5	5-5-5-5-2-5-7-8-5-5-7-5	5-5-5-5-2-6-7-1-7-4-4-5	2-5-5-2-5-6-7-5-7-6-5-5	5-5-4-6-5-2-7-6-6-6-4-6	4-2-6-5-5-3-6-7-6-1-5-7	6-2-2-5-2-5-8-4-5-4-5-1	5-5-5-5-6-2-5-2-6-5-2-3	0-2-6-7-5-2-2-6-5-5-5-2	8-7-9-3-1-5-5-0-5-5-2-6	4-5-5-5-1-1-2-0-5-6-4-1
842	7	8-7-9-8-4-6-8-8-8-7-7-9	7-6-6-9-6-6-9-8-5-8-8-8	5-8-5-8-8-5-8-8-8-9-6-8	8-5-5-8-8-8-6-8-8-5-8-5	8-0-7-8-5-8-8-7-6-7-1-8	8-5-8-7-5-2-8-7-6-7-0-8	8-2-3-5-8-7-6-6-6-6-8-7	0-8-0-8-8-5-6-2-5-5-8-9	5-5-5-7-8-1-8-8-4-4-8-3	9-8-7-6-8-4-9-1-5-5-8-8	8-5-8-3-8-8-5-8-8-5-6-7	4-5-7-5-8-1-5-0-8-5-8-8
842	8	7-6-7-7-4-9-7-7-7-8-7-9	7-6-6-7-6-9-7-7-9-7-7-9	9-7-5-7-7-8-7-7-7-8-7-8	7-8-8-7-7-7-6-7-7-7-7-5	7-5-5-5-8-7-9-7-8-8-1-7	9-5-7-7-8-9-7-7-8-8-3-8	9-2-1-5-9-8-6-7-8-6-7-7	8-7-2-7-7-9-6-2-5-6-7-8	8-5-7-7-7-1-6-7-4-4-7-3	9-8-8-7-7-7-8-9-9-5-7-7	7-8-7-3-4-8-8-7-7-8-1-8	4-9-5-7-7-8-2-1-7-5-7-7
842	9	9-8-7-6-9-9-7-9-8-8-8-8	7-6-9-7-9-9-7-9-9-9-8-8	9-8-9-7-9-7-8-8-8-9-9-9	9-9-9-9-9-9-8-9-8-9-9-5	9-5-9-9-9-9-8-9-9-9-8-5	8-9-9-7-9-8-9-9-9-9-9-9	8-9-9-9-8-9-9-9-9-9-5-7	9-9-9-8-9-8-2-2-2-6-5-8	8-9-5-9-7-9-9-7-4-9-7-9	7-9-6-9-9-2-9-8-8-9-9-9	9-1-6-9-5-5-8-7-9-8-9-9	8-8-5-1-7-9-9-1-9-9-7-9
843	0	0-0-0-0-0-0-0-0-0-0-0-0	0-0-0-0-0-0-0-0-0-0-0-0	0-0-0-0-0-0-0-0-0-0-0-0	0-0-0-0-0-0-0-0-0-0-0-0	0-0-0-0-0-0-0-0-0-0-0-0	0-0-0-0-0-0-0-0-0-0-0-0	0-0-0-0-0-0-0-0-0-0-0-0	0-0-0-0-0-0-0-0-0-0-0-0	0-0-0-0-0-0-0-0-0-0-0-0	0-0-0-0-0-0-0-0-0-0-0-0	0-0-0-0-0-0-0-0-0-0-0-0	0-0-0-0-0-0-0-0-0-0-0-0
843	1	1-1-1-1-1-1-1-2-1-1-1-2	1-2-1-2-3-2-3-2-2-2-0-2	1-2-2-3-2-2-2-2-3-2-3-2	2-1-2-2-2-2-2-1-1-2-2-2	5-2-1-8-1-1-2-1-2-1-4-1	2-2-2-2-2-2-2-2-2-1-0-2	2-1-1-1-2-1-1-2-2-1-0-2	1-1-2-2-1-2-2-2-1-3-2-3	1-3-2-0-2-1-1-6-2-1-1-3	2-1-2-4-1-1-2-1-2-2-0-1	1-9-3-0-2-2-3-1-1-1-3-1	2-1-1-1-3-2-1-8-0-1-1-9
843	2	1-1-1-1-1-1-1-1-1-1-1-1	1-1-1-2-1-1-0-1-1-1-3-1	1-3-1-6-3-1-1-1-1-1-1-1	3-0-1-4-5-3-1-4-3-1-1-1	4-1-1-4-1-3-3-3-1-1-1-3	1-1-3-1-1-4-3-1-1-1-0-5	3-5-1-0-3-1-2-3-1-2-3-4	1-2-5-3-5-1-9-5-2-2-5-0	0-0-3-3-5-4-1-3-1-2-3-2	1-4-1-1-3-5-4-1-3-1-0-5	4-5-0-0-1-1-1-0-0-3-2-1	1-3-2-1-1-1-5-1-3-3-2-5
843	3	1-3-1-1-1-1-1-1-1-1-1-1	1-5-3-2-1-1-1-4-1-1-2-4	0-2-1-1-2-2-4-5-1-2-4-2	2-1-4-2-2-2-5-2-4-3-4-1	2-1-6-2-2-2-4-2-1-1-1-2	1-4-4-4-3-1-4-1-3-3-3-3	4-2-1-3-2-3-6-2-1-6-2-2	1-2-2-4-2-1-6-2-4-3-4-1	3-1-2-2-3-2-3-2-1-3-2-4	1-2-3-1-2-2-4-3-4-4-4-2	4-2-1-3-1-1-4-4-0-2-4-1	1-2-2-6-4-1-2-1-2-2-4-2
843	4	4-5-5-9-6-5-4-1-1-1-4-5	1-6-5-2-1-1-1-5-1-1-2-3	1-4-1-1-2-5-5-6-5-2-5-5	2-5-5-2-2-2-6-2-5-3-3-1	2-0-6-2-1-3-5-4-5-1-1-2	2-4-3-3-8-2-5-2-1-4-4-3	3-2-4-4-5-3-4-5-4-1-5-2	4-5-2-3-4-1-8-5-3-4-4-1	4-4-5-2-4-2-3-3-8-8-2-4	3-2-4-5-5-2-5-4-3-3-5-2	3-4-9-3-5-1-3-4-5-5-6-1	1-2-2-4-3-4-2-1-2-6-5-1
843	5	6-6-4-6-4-4-5-8-6-5-6-7	6-4-4-5-6-1-5-4-1-1-6-4	6-6-8-2-5-4-4-6-6-2-4-4	6-6-4-4-2-6-7-2-4-1-3-6	1-6-7-4-6-1-6-2-4-1-1-5	1-6-4-8-5-9-4-0-1-4-3-2	7-2-4-7-4-5-4-4-4-9-6-2	5-4-7-3-2-1-4-2-6-5-2-5	5-7-9-2-2-2-6-2-4-5-2-1	9-2-5-4-4-2-4-3-8-6-7-2	6-2-5-1-6-5-6-8-8-2-1-5	5-2-5-5-5-1-2-1-5-4-4-2
843	6	5-5-7-5-4-1-7-6-5-6-5-5	5-4-4-7-5-7-5-6-7-7-7-7	5-5-5-2-7-9-7-8-7-7-7-7	7-5-5-8-7-8-4-2-7-7-6-5	8-5-4-2-5-6-7-7-6-7-8-6	7-7-7-6-5-2-7-7-3-4-4-7	5-6-4-5-7-6-3-7-4-3-5-7	6-7-9-7-8-1-3-8-5-5-9-5	3-5-5-7-6-0-5-9-4-6-7-7	1-8-5-5-2-8-8-9-7-5-8-2	5-6-0-3-5-5-5-5-5-6-7-7	5-7-7-5-5-4-7-1-6-4-2-2
843	7	5-8-6-9-9-7-7-9-5-6-5-5	6-8-7-6-7-6-6-8-6-7-6-6	5-7-5-1-6-6-8-8-8-6-8-6	6-5-7-6-6-6-8-2-8-6-8-5	6-5-5-2-5-8-8-6-7-7-6-6	6-6-6-6-5-5-6-7-7-7-8-7	5-6-8-5-6-9-8-6-7-7-5-6	7-8-5-6-6-1-3-7-5-7-5-9	7-5-5-6-7-5-5-5-9-7-8-4	9-6-7-9-8-6-8-6-5-5-5-2	5-6-9-9-5-1-5-5-5-6-6-6	8-6-6-5-1-1-6-1-8-7-3-8
843	8	9-7-6-5-7-9-9-5-9-8-8-9	9-7-7-6-5-9-5-7-9-8-9-9	9-8-5-9-6-6-7-6-9-8-7-7	6-8-8-6-6-6-7-6-7-6-7-5	6-5-7-9-5-7-7-6-8-8-6-8	9-6-6-6-5-9-7-7-8-7-7-7	9-6-7-5-7-8-4-9-8-1-9-6	6-7-5-7-6-8-4-2-8-8-7-8	8-5-5-8-6-0-5-9-4-6-7-4	9-6-8-5-9-6-7-3-5-8-8-2	5-8-8-0-9-9-5-5-5-8-1-8	7-6-8-5-5-1-8-1-6-8-6-7
843	9	9-7-6-7-9-9-8-9-8-6-8-8	8-7-9-6-9-9-8-9-9-9-8-8	9-8-9-9-9-6-8-8-8-9-9-9	8-9-9-9-9-9-8-9-8-9-9-5	6-5-9-9-9-9-8-9-9-9-6-9	8-9-9-6-9-5-9-9-9-9-9-9	8-9-9-9-8-7-9-9-9-9-8-6	9-7-9-8-9-9-2-2-2-9-6-9	8-9-5-9-2-9-9-8-4-7-7-1	8-8-4-9-8-8-9-6-8-9-8-9	9-1-3-7-8-5-8-7-8-8-9-9	8-8-8-1-5-9-9-9-9-9-4-1
844	0	0-0-0-0-0-0-0-0-0-0-0-0	0-0-0-0-0-0-0-0-0-0-0-0	0-0-0-0-0-0-0-0-0-0-0-0	0-0-0-0-0-0-0-0-0-0-0-0	0-0-0-0-0-0-0-0-0-0-0-0	0-0-0-0-0-0-0-0-0-0-0-0	0-0-0-0-0-0-0-0-0-0-0-0	0-0-0-0-0-0-0-0-0-0-0-0	0-0-0-0-0-0-0-0-0-0-0-0	0-0-0-0-0-0-0-0-0-0-0-0	0-0-0-0-0-0-0-0-0-0-0-0	0-0-0-0-0-0-0-0-0-0-0-0
844	1	1-1-1-1-1-1-1-1-1-1-1-1	1-1-1-2-0-1-2-2-2-2-2-2	1-0-2-2-2-2-2-3-3-1-2-1	2-0-0-2-3-2-2-2-1-0-2-1	2-1-6-2-0-1-2-2-1-0-2-2	3-2-2-2-0-2-2-2-1-1-0-3	2-2-1-0-2-0-1-2-1-1-2-2	1-2-1-2-2-3-1-2-2-1-0-1	3-0-2-2-3-1-3-2-0-1-2-2	0-3-1-0-2-3-2-3-2-0-2-2	3-3-1-1-2-3-1-0-1-1-2-1	0-2-2-1-1-3-2-0-1-0-3-1
844	2	1-2-2-2-2-2-1-2-1-1-2-3	1-3-2-1-1-3-1-1-3-1-1-1	0-2-1-1-1-3-3-1-1-2-3-2	1-2-3-1-1-1-1-1-3-3-3-1	1-0-1-1-0-3-3-1-3-2-1-1	1-1-1-1-2-1-3-1-3-2-2-1	1-1-2-0-1-2-3-1-2-2-1-1	2-1-3-1-1-0-5-1-1-3-0-0	2-0-1-1-2-2-2-1-2-2-1-3	3-1-2-3-1-1-1-2-1-2-2-1	4-2-2-3-1-1-1-3-3-1-1-2	2-1-1-3-2-2-1-0-0-2-5-1
844	3	3-2-3-3-3-3-3-3-1-3-3-2	3-2-2-4-1-2-1-5-4-1-4-4	6-4-6-1-4-2-2-5-1-3-2-3	4-3-4-4-1-4-2-1-2-2-2-4	1-4-3-4-5-2-2-3-2-3-3-4	1-4-2-3-3-1-2-1-2-2-2-4	1-1-2-5-4-3-2-4-2-2-5-2	1-2-5-2-1-4-2-2-1-2-3-6	5-3-2-1-1-3-1-5-2-3-1-2	5-1-3-2-2-1-2-1-5-5-5-1	5-1-2-2-7-5-5-7-5-1-2-3	3-1-3-2-5-1-1-3-7-6-1-1
844	4	5-5-6-6-5-5-5-5-5-5-5-5	5-5-4-3-5-5-5-5-5-5-5-5	4-3-5-5-5-5-4-5-5-5-4-5	3-3-5-5-4-3-5-6-4-6-4-4	5-3-4-6-4-4-5-5-5-5-6-7	5-6-5-5-3-7-4-5-5-4-2-4	5-5-4-4-5-4-2-3-5-2-7-4	4-1-6-4-4-6-2-5-4-6-7-3	4-3-5-4-5-6-5-4-6-5-1-5	3-4-5-4-4-5-5-6-3-6-5-1	3-7-6-5-6-7-3-4-7-4-5-5	7-7-5-7-4-6-4-3-4-3-4-7
844	5	4-4-4-7-4-4-4-4-4-4-4-4	4-4-4-6-4-4-4-4-4-4-6-4	3-6-3-4-6-4-6-4-4-4-6-4	6-3-4-4-6-6-4-4-6-4-6-3	4-3-1-4-4-5-6-6-4-4-4-6	4-4-6-4-3-4-6-6-4-2-0-6	4-4-4-3-4-5-4-6-4-2-6-5	4-6-3-6-6-4-2-4-7-3-6-3	3-0-4-6-6-4-4-3-4-4-6-4	3-6-4-2-6-4-4-4-3-4-3-6	6-4-2-4-4-4-3-3-3-6-4-4	4-6-4-4-3-4-6-3-6-5-2-4
844	6	4-7-4-4-4-7-4-4-4-4-4-7	4-4-4-5-4-4-5-5-4-4-5-4	3-5-3-4-5-4-5-5-5-5-5-5	5-6-6-4-5-5-7-4-5-4-5-7	5-4-7-4-6-5-7-5-6-4-4-5	4-4-5-4-6-5-5-5-4-6-2-7	7-5-4-6-6-6-2-5-6-6-5-4	6-5-4-5-5-4-7-4-5-4-5-3	6-6-4-5-5-4-4-3-4-4-5-4	3-5-6-2-5-5-2-4-7-4-6-5	5-6-4-3-4-4-6-6-5-5-4-6	4-5-7-6-5-4-5-3-5-3-5-4
844	7	7-4-5-5-4-6-4-7-4-4-4-6	4-4-7-5-7-4-6-5-7-7-5-6	7-7-7-4-7-4-5-5-5-7-6-7	6-7-7-7-7-7-6-7-7-7-7-6	4-4-7-7-6-7-6-7-7-5-4-4	4-7-5-6-7-4-7-7-7-7-7-6	6-7-7-4-4-7-7-7-7-7-4-4	7-7-7-6-7-4-6-5-5-4-4-4	6-3-7-7-5-7-7-3-4-4-5-7	5-3-7-7-7-4-7-4-6-7-3-7	3-4-7-4-3-4-6-3-4-4-7-7	4-4-6-4-5-7-7-3-7-7-5-4
845	0	0-0-0-0-0-0-0-0-0-0-0-0	0-0-0-0-0-0-0-0-0-0-0-0	0-0-0-0-0-0-0-0-0-0-0-0	0-0-0-0-0-0-0-0-0-0-0-0	0-0-0-0-0-0-0-0-0-0-0-0	0-0-0-0-0-0-0-0-0-0-0-0	0-0-0-0-0-0-0-0-0-0-0-0	0-0-0-0-0-0-0-0-0-0-0-0	0-0-0-0-0-0-0-0-0-0-0-0	0-0-0-0-0-0-0-0-0-0-0-0	0-0-0-0-0-0-0-0-0-0-0-0	0-0-0-0-0-0-0-0-0-0-0-0
845	1	1-1-1-1-1-1-1-1-1-1-1-1	1-1-0-1-0-1-2-2-0-1-2-0	0-2-0-3-2-0-2-0-0-2-0-1	2-0-0-0-2-2-0-4-2-0-1-0	1-0-4-0-2-1-2-2-1-1-0-2	2-0-2-0-0-4-2-3-1-0-0-1	0-1-1-0-2-1-3-2-0-1-5-2	1-1-1-2-6-0-1-0-1-0-0-0	0-0-2-2-3-2-0-2-2-1-1-1	0-2-1-2-2-4-2-1-2-1-0-1	2-1-0-0-0-1-0-0-0-1-2-1	0-2-1-2-0-3-1-0-2-2-1-1
845	2	2-2-2-2-2-2-2-2-2-2-2-2	1-4-2-1-2-2-1-3-2-2-1-3	3-1-0-1-1-1-1-3-0-3-4-3	1-3-2-3-1-1-2-1-1-4-3-2	3-0-3-1-3-1-1-1-3-2-0-3	3-1-4-0-0-1-3-2-2-2-2-4	4-1-2-3-1-2-4-1-2-4-1-3	2-1-1-1-2-3-4-3-1-2-2-0	2-2-1-1-0-1-2-1-4-2-2-2	1-1-0-3-1-1-1-2-1-2-0-1	4-2-2-2-2-1-3-2-3-1-1-3	4-1-3-1-3-2-1-0-1-3-1-2
845	3	4-3-5-3-3-4-4-4-3-4-4-3	4-2-2-3-4-4-4-3-5-4-4-4	2-4-4-1-3-4-4-3-5-2-5-3	4-5-4-2-3-4-5-3-2-3-2-4	2-7-2-3-4-2-4-2-2-3-3-2	2-0-1-4-4-1-2-1-2-2-2-3	2-1-3-7-4-3-6-3-2-3-3-2	6-3-6-2-2-4-3-5-4-2-3-4	3-4-3-1-1-2-4-2-5-3-2-1	5-3-3-2-2-1-2-3-4-4-4-1	2-1-3-5-5-5-4-5-5-3-3-4	5-1-3-6-4-1-1-4-5-5-5-5
845	4	3-2-4-7-3-3-3-3-3-3-3-3	3-2-2-5-3-3-3-5-3-3-3-3	5-3-3-5-6-3-5-3-3-5-2-5	5-5-3-6-5-5-3-6-4-5-5-3	6-3-6-4-3-5-5-5-4-4-4-5	5-5-2-3-3-5-5-5-2-2-2-2	5-1-2-5-5-3-5-5-4-2-4-5	3-5-7-5-5-3-2-7-3-2-5-3	4-3-5-5-6-5-3-5-3-4-4-4	3-5-3-2-5-1-5-4-5-3-3-5	2-4-2-3-3-4-3-2-3-5-5-5	3-5-5-4-3-4-5-3-1-3-1-4
845	5	3-7-3-4-5-5-3-3-3-3-3-3	3-6-5-4-3-3-3-6-3-3-3-4	6-5-3-4-4-3-6-3-6-4-6-6	4-3-3-4-4-4-6-4-6-4-4-3	4-3-4-5-3-4-6-4-6-5-4-4	4-4-6-3-5-4-4-4-6-5-6-5	4-1-6-4-4-7-6-4-5-5-4-4	3-4-4-4-4-3-6-3-3-2-4-3	3-3-4-4-5-6-3-4-3-5-4-6	3-4-7-6-4-1-6-4-4-3-3-4	2-4-7-3-3-3-3-3-3-4-4-5	3-4-4-5-3-2-4-3-3-3-3-3
845	6	7-5-3-4-5-7-7-3-7-3-3-7	3-5-5-4-3-3-3-5-3-3-3-7	7-6-3-7-4-3-5-7-7-4-5-5	4-6-6-4-4-4-5-4-5-4-4-7	4-3-4-7-6-5-5-4-5-6-4-4	7-4-5-3-6-7-5-4-5-5-5-5	7-7-5-7-7-5-5-7-6-3-4-5	3-4-4-7-4-7-5-6-7-2-7-6	6-3-4-6-4-5-3-4-3-4-5-5	3-4-6-5-6-1-5-5-6-3-3-4	2-6-6-2-3-7-3-3-3-7-6-6	5-4-6-3-3-6-6-3-1-3-5-4
845	7	7-5-7-4-7-7-6-7-6-3-3-6	6-5-7-4-7-7-6-7-3-7-3-6	7-6-7-6-7-6-6-6-6-7-7-7	6-7-7-7-7-7-6-7-6-7-7-6	4-3-7-7-6-7-6-7-7-7-4-4	6-7-7-6-7-7-7-7-7-7-5-7	6-7-7-7-6-7-7-7-7-7-6-6	7-7-4-6-7-6-6-4-4-7-6-3	6-7-7-4-4-7-7-4-7-5-4-4	6-3-5-7-7-4-7-7-6-7-3-7	2-7-5-7-5-6-3-3-3-6-7-7	3-4-6-3-3-7-7-3-7-7-6-7
846	0	0-0-0-0-0-0-0-0-0-0-0-0	0-0-0-0-0-0-0-0-0-0-0-0	0-0-0-0-0-0-0-0-0-0-0-0	0-0-0-0-0-0-0-0-0-0-0-0	0-0-0-0-0-0-0-0-0-0-0-0	0-0-0-0-0-0-0-0-0-0-0-0	0-0-0-0-0-0-0-0-0-0-0-0	0-0-0-0-0-0-0-0-0-0-0-0	0-0-0-0-0-0-0-0-0-0-0-0	0-0-0-0-0-0-0-0-0-0-0-0	0-0-0-0-0-0-0-0-0-0-0-0	0-0-0-0-0-0-0-0-0-0-0-0
846	1	1-1-1-1-1-1-1-0-1-1-1-1	1-0-0-1-0-1-1-0-0-0-0-2	1-1-2-0-1-2-2-1-0-0-2-1	1-2-2-1-1-2-0-4-0-2-0-1	0-3-1-0-2-0-2-2-2-0-0-1	0-3-0-1-0-1-0-1-0-0-0-2	0-0-0-1-0-0-0-0-0-1-1-0	1-0-0-0-1-2-0-0-1-1-2-1	1-2-2-0-0-0-2-2-0-1-1-0	2-1-1-2-0-0-0-0-1-2-3-0	2-0-1-0-1-1-1-3-3-1-0-1	1-1-1-1-1-1-1-1-1-1-1-3
846	2	2-1-2-2-2-2-2-2-2-2-2-2	2-3-0-3-0-1-3-3-3-3-3-3	1-3-3-3-3-1-1-3-0-3-1-3	3-3-1-3-3-3-0-3-2-1-3-1	3-1-0-3-1-2-3-3-1-4-3-3	2-1-3-2-2-3-3-3-4-2-0-4	3-4-0-1-3-0-2-3-0-2-2-3	2-2-8-3-2-1-0-8-3-1-1-0	1-1-1-2-4-2-1-3-0-2-2-6	1-4-0-1-3-8-3-0-3-1-2-4	3-0-1-0-0-2-1-1-0-2-3-4	1-3-1-1-3-2-3-1-2-2-3-4
846	3	3-4-2-3-3-4-3-3-3-3-2-4	2-4-4-2-0-4-2-4-4-2-2-4	4-2-2-2-2-2-4-2-2-4-4-2	2-4-4-2-2-2-3-2-4-4-4-1	2-1-5-2-2-2-4-2-3-4-2-2	2-6-2-2-3-2-4-2-3-3-7-3	2-2-3-1-2-3-4-2-3-3-2-2	4-4-2-2-2-4-3-5-2-3-1-3	0-1-2-2-3-1-1-2-5-3-3-3	1-3-3-4-2-4-2-8-2-3-8-2	2-0-3-3-5-2-2-1-1-2-2-3	1-2-1-1-2-3-2-1-6-3-6-6
846	4	4-3-5-5-3-3-3-3-4-2-4-5	4-3-3-4-6-3-5-3-3-4-5-3	3-5-6-2-4-4-3-5-5-3-3-4	4-5-5-2-2-2-3-1-3-3-3-8	2-9-1-4-6-3-3-4-3-3-2-9	5-1-3-4-5-2-3-3-2-3-0-2	7-2-3-7-5-4-3-5-4-3-7-3	3-2-7-2-2-5-3-0-5-4-4-8	6-6-5-2-2-4-6-7-0-4-2-4	5-7-1-3-3-3-3-3-5-6-7-2	7-3-4-3-4-6-7-6-6-3-2-4	4-2-4-3-6-2-2-4-2-6-1-2
846	5	6-5-6-4-6-6-6-7-6-6-6-9	6-6-5-4-7-7-4-6-6-6-6-6	5-6-7-7-6-7-6-6-7-6-9-5	6-5-6-6-6-6-6-7-6-6-5-4	8-6-8-8-5-5-6-6-6-8-8-5	7-7-7-5-4-6-6-8-6-5-0-5	9-6-5-5-5-5-3-6-6-8-5-6	5-2-4-5-2-8-6-7-4-5-4-5	5-4-6-3-6-7-9-6-6-5-2-7	5-6-6-5-7-5-6-5-4-4-4-6	6-9-7-3-7-9-4-5-9-9-6-5	7-6-5-9-7-8-6-8-7-5-5-5
846	6	5-5-5-7-5-5-5-5-5-5-5-5	5-5-5-8-5-5-7-5-5-5-5-5	5-8-5-5-7-5-7-5-5-5-3-8	7-4-5-5-7-7-5-5-5-5-7-1	5-5-9-5-4-7-7-7-5-5-5-6	5-5-5-8-3-5-7-2-5-5-3-7	5-5-5-4-7-5-3-5-5-5-8-7	5-7-4-7-7-5-9-8-6-5-8-4	4-4-5-7-5-5-4-5-5-5-7-2	5-8-5-5-7-7-5-3-7-4-4-5	4-5-5-5-5-5-4-4-4-8-5-5	5-5-7-5-4-5-8-5-3-4-3-3
846	7	5-5-5-5-5-5-5-5-5-5-5-5	5-5-7-2-5-5-6-8-5-5-5-5	6-6-5-5-6-5-8-5-5-6-8-6	6-7-5-5-6-6-5-5-8-8-8-4	5-4-5-7-6-8-8-6-7-7-5-6	5-8-5-6-7-5-6-5-7-7-8-6	4-5-5-4-6-7-8-6-7-7-6-6	5-6-4-6-6-4-8-5-6-5-6-5	4-4-5-6-7-5-8-4-5-6-6-5	5-4-7-8-6-6-6-7-6-4-4-5	4-5-5-3-5-5-4-1-4-6-5-7	5-5-4-5-5-5-6-5-5-4-7-5
846	8	9-9-5-9-5-5-5-5-5-5-5-5	5-7-5-6-5-5-6-7-5-5-9-5	4-6-5-5-6-8-7-5-9-6-7-6	6-8-8-6-6-6-5-5-7-7-7-4	5-4-5-5-8-7-7-6-8-5-5-6	5-7-8-6-8-5-8-5-7-7-7-6	9-5-7-1-7-8-7-7-8-5-6-7	5-6-2-9-2-5-7-6-9-5-6-4	8-4-8-6-5-5-8-9-5-5-6-2	9-6-8-7-7-6-5-3-9-4-3-2	6-5-5-0-5-5-4-1-6-6-5-8	5-8-5-8-8-5-6-5-9-7-7-5
846	9	9-8-8-7-9-8-5-9-5-5-5-5	5-9-9-5-9-5-8-9-9-9-8-9	9-9-9-5-9-9-8-5-8-9-5-9	8-9-5-9-9-9-8-9-7-9-9-4	5-4-9-9-9-9-8-9-9-9-5-9	5-9-9-8-9-5-9-9-9-9-9-9	5-9-9-7-8-9-9-9-9-9-8-5	9-9-2-8-9-5-6-6-8-5-5-5	8-8-8-8-2-9-9-8-5-5-2-0	8-4-9-9-9-2-9-8-8-9-5-9	5-5-7-7-5-5-5-4-5-5-9-9	5-8-5-5-7-9-9-5-9-9-8-5
847	0	0-0-0-0-0-0-0-0-0-0-0-0	0-0-0-0-0-0-0-0-0-0-0-0	0-0-0-0-0-0-0-0-0-0-0-0	0-0-0-0-0-0-0-0-0-0-0-0	0-0-0-0-0-0-0-0-0-0-0-0	0-0-0-0-0-0-0-0-0-0-0-0	0-0-0-0-0-0-0-0-0-0-0-0	0-0-0-0-0-0-0-0-0-0-0-0	0-0-0-0-0-0-0-0-0-0-0-0	0-0-0-0-0-0-0-0-0-0-0-0	0-0-0-0-0-0-0-0-0-0-0-0	0-0-0-0-0-0-0-0-0-0-0-0
847	1	1-1-1-3-1-0-1-1-1-1-1-1	2-0-0-2-0-2-1-2-0-2-2-2	0-2-3-0-2-2-2-0-0-1-2-2	2-2-1-2-2-2-0-3-2-6-2-1	3-1-1-2-0-0-2-2-0-2-6-3	2-2-3-1-0-1-2-0-0-0-0-2	0-1-0-1-0-0-0-2-1-0-0-0	0-2-3-2-0-0-0-3-1-0-1-0	0-1-0-2-1-2-1-1-0-1-1-6	2-4-0-2-2-0-2-1-2-0-0-0	1-2-1-0-2-1-1-1-1-2-2-1	1-2-1-1-0-1-2-1-1-1-1-2
847	2	2-2-2-2-2-2-2-2-2-2-2-2	1-3-2-1-0-1-1-3-3-1-1-2	1-1-1-2-1-1-1-4-3-3-3-3	1-1-2-1-1-1-3-1-1-1-3-1	0-2-1-1-0-3-3-1-3-1-1-1	1-1-1-4-2-1-3-0-2-2-0-2	3-1-2-0-3-2-3-1-1-5-2-0	2-1-0-1-0-0-3-1-1-2-3-3	2-0-3-1-2-1-0-2-4-2-0-1	3-1-2-3-1-4-1-2-1-0-0-2	3-1-4-2-3-5-0-2-3-1-1-2	4-1-1-2-5-1-1-2-1-1-3-1
847	3	4-2-3-4-2-2-3-3-3-3-3-3	3-2-2-1-0-4-3-4-5-2-1-5	5-4-4-3-3-4-5-4-2-5-2-2	4-5-3-1-1-1-2-1-1-1-2-6	1-4-3-1-3-2-4-4-2-3-1-1	3-1-1-5-3-1-2-0-4-0-0-3	5-3-2-3-2-6-2-2-0-3-3-4	3-0-1-3-3-4-2-1-4-3-5-2	4-6-4-1-1-6-3-3-2-3-3-9	4-3-3-2-5-2-2-2-3-4-3-3	2-3-3-0-2-3-5-6-2-3-3-3	2-4-3-5-2-3-3-3-3-4-3-1
847	4	5-4-4-4-2-4-4-3-4-3-4-4	3-2-2-4-0-5-3-3-3-4-5-3	3-3-3-7-5-6-5-3-6-5-5-5	6-3-3-6-6-6-7-7-5-1-4-3	7-3-5-1-3-4-5-5-3-7-1-5	6-6-7-2-3-6-5-6-4-2-0-6	5-6-2-3-5-4-5-5-0-7-5-5	3-7-5-5-7-3-2-7-3-3-3-0	3-3-5-6-7-6-3-7-2-4-7-7	6-1-0-3-3-7-6-2-5-3-0-7	7-7-3-0-2-3-3-2-6-4-7-7	2-5-3-3-7-1-6-3-5-6-4-7
847	5	4-5-4-4-5-5-5-5-5-5-5-4	3-6-5-4-7-7-3-6-3-6-4-6	3-3-3-4-4-4-6-6-7-4-6-4	4-3-3-4-4-4-6-4-6-1-6-3	4-3-4-4-3-4-6-4-6-4-1-4	4-4-6-3-5-3-4-4-5-5-10-5	4-4-5-3-4-5-9-4-5-2-4-4	5-7-4-6-4-3-7-6-3-5-3-6	9-3-4-4-5-4-5-6-6-5-4-6	4-3-0-3-3-5-4-5-6-6-3-4	5-6-3-9-6-2-3-3-5-4-4-4	2-4-3-3-6-3-4-5-4-4-6-6
847	6	6-6-6-6-7-6-6-6-5-6-3-3	3-5-7-4-7-6-3-5-5-6-4-7	3-3-3-4-4-4-5-5-7-7-7-6	4-7-7-4-4-4-5-4-7-1-5-3	4-3-4-7-3-4-7-6-7-4-1-1	4-4-5-3-7-4-7-4-6-6-9-4	4-4-6-11-4-3-7-7-6-2-4-4	6-6-5-5-4-3-9-5-4-5-3-5	3-3-7-4-6-3-6-5-10-6-4-5	4-3-6-7-7-4-4-6-5-6-5-4	4-7-0-5-7-0-3-3-4-1-4-4	3-4-3-3-5-6-4-3-4-4-5-5
847	7	7-6-7-8-6-6-7-8-7-7-8-11	7-5-6-7-8-6-8-8-8-6-8-6	3-8-8-4-7-8-6-8-8-4-6-7	7-6-8-4-4-8-8-4-6-9-6-3	4-7-4-6-9-5-6-7-7-4-1-4	8-4-6-7-6-4-6-4-6-6-7-4	11-4-6-7-6-7-6-6-6-3-4-4	7-4-4-8-4-3-5-4-9-9-7-6	7-3-6-4-4-4-7-4-6-7-4-4	8-7-9-6-6-4-6-6-9-9-9-4	4-6-7-4-6-7-3-7-9-4-4-4	7-4-7-7-7-7-4-7-11-6-4-4
847	8	9-8-9-9-9-9-10-9-9-9-9-11	9-9-9-7-10-9-9-9-9-9-9-9	8-7-10-10-9-9-9-10-9-9-8-9	9-8-9-9-8-7-10-10-9-9-8-8	10-9-8-10-7-8-9-8-9-8-10-8	9-9-9-8-9-10-9-10-9-8-6-8	11-4-8-8-9-8-9-9-9-10-9-11	8-4-4-7-8-3-8-9-7-8-11-8	8-3-8-8-9-9-7-8-9-8-4-3	9-8-11-8-9-10-9-10-7-7-7-9	8-11-11-8-11-9-8-7-11-8-9-8	9-11-8-7-7-10-8-9-9-4-8-11
847	9	8-8-8-10-8-8-8-8-8-8-8-8	8-8-8-10-8-8-8-8-8-8-8-8	8-10-8-7-10-8-10-8-8-8-8-8	8-7-8-10-10-10-8-4-8-8-10-7	8-8-8-10-7-8-10-10-8-8-8-10	8-8-8-9-6-8-8-8-8-8-6-10	8-4-8-7-8-9-5-10-8-8-10-9	8-10-4-10-10-3-11-10-7-7-10-8	8-3-7-10-10-8-7-5-8-8-10-3	8-10-7-8-10-8-10-10-7-7-7-8	8-8-7-8-8-8-3-7-7-8-8-8	8-8-9-7-10-8-9-8-10-10-10-8
847	10	8-11-8-9-8-8-8-8-8-8-8-9	8-8-8-9-8-8-8-9-8-8-8-8	8-9-8-8-9-10-9-8-8-8-10-9	9-10-8-9-9-9-8-8-8-8-9-8	8-8-9-9-10-9-9-9-10-10-8-9	8-8-9-8-10-11-10-8-10-10-5-10	11-4-8-7-11-10-5-9-10-8-9-9	8-9-4-9-9-3-8-9-11-8-9-10	10-11-10-9-9-8-10-10-6-8-9-0	9-9-10-10-9-8-9-8-11-7-8-8	8-8-10-8-8-7-10-7-8-10-8-10	7-8-3-7-9-8-9-8-9-9-9-8
847	11	11-10-9-9-8-8-8-11-8-8-8-8	8-8-11-9-11-8-10-8-11-11-9-8	11-11-11-8-11-8-10-8-8-11-8-11	10-11-8-11-11-11-10-11-8-11-11-7	8-7-11-11-11-11-10-11-11-11-8-11	8-11-11-9-11-10-11-11-11-11-11-11	8-11-11-8-10-11-11-11-11-11-10-8	11-11-11-10-11-10-9-4-10-11-8-8	10-10-10-11-8-9-11-10-11-8-9-11	9-9-8-11-11-8-9-8-10-11-8-11	8-8-8-11-8-7-10-8-8-10-11-10	7-8-7-8-8-11-11-8-11-11-9-8
848	0	0-0-0-0-0-0-0-0-0-0-0-0	0-0-0-0-0-0-0-0-0-0-0-0	0-0-0-0-0-0-0-0-0-0-0-0	0-0-0-0-0-0-0-0-0-0-0-0	0-0-0-0-0-0-0-0-0-0-0-0	0-0-0-0-0-0-0-0-0-0-0-0	0-0-0-0-0-0-0-0-0-0-0-0	0-0-0-0-0-0-0-0-0-0-0-0	0-0-0-0-0-0-0-0-0-0-0-0	0-0-0-0-0-0-0-0-0-0-0-0	0-0-0-0-0-0-0-0-0-0-0-0	0-0-0-0-0-0-0-0-0-0-0-0
848	1	1-1-1-1-1-1-1-2-1-1-1-1	1-1-0-1-0-1-1-1-1-2-1-2	1-1-3-2-1-1-2-1-0-0-1-1	2-3-2-2-1-1-1-1-0-0-0-1	0-1-1-1-3-0-2-1-0-1-0-1	1-0-0-1-1-1-0-0-0-0-0-2	0-0-0-1-2-0-0-2-0-1-1-0	0-0-1-0-1-3-0-0-4-3-2-0	0-3-2-0-0-1-1-2-0-1-1-0	4-1-1-2-0-3-0-1-3-3-0-0	0-0-1-1-0-1-3-1-4-2-2-3	1-0-1-2-3-1-0-4-1-1-1-0
848	2	2-3-4-3-3-1-3-2-3-2-3-2	3-3-0-4-3-3-1-3-3-1-2-3	1-3-4-4-3-3-3-3-3-3-3-3	3-2-1-4-3-3-4-1-3-3-3-1	3-2-3-4-3-2-3-3-3-3-4-2	3-4-3-3-1-5-3-4-0-0-0-1	5-1-2-2-3-3-0-1-2-5-5-4	2-4-4-3-2-1-5-3-3-1-3-3	2-1-1-0-8-3-5-1-3-5-2-2	1-6-5-1-3-7-3-3-1-3-4-3	2-9-5-4-3-2-4-5-1-2-3-2	1-2-2-1-4-3-5-2-2-3-2-2
848	3	2-2-2-2-2-1-2-2-2-2-2-3	2-2-0-2-2-2-2-2-2-1-4-2	1-4-1-2-2-2-4-2-2-4-2-4	4-1-1-4-5-4-1-4-2-2-4-1	2-2-2-2-2-4-4-4-2-2-2-4	4-5-4-2-0-2-4-4-2-3-0-5	4-8-2-1-4-3-0-4-1-5-4-2	3-3-3-4-4-1-5-9-4-1-2-2	2-1-1-5-5-2-2-4-2-3-5-4	1-3-2-1-4-9-4-2-4-2-2-4	4-0-2-5-2-2-2-1-1-4-2-1	1-3-4-4-1-2-4-1-3-3-3-5
848	4	2-5-2-2-5-4-4-5-2-2-2-5	3-5-5-2-3-2-2-4-2-2-3-2	1-3-2-2-3-2-5-5-5-3-5-3	3-3-5-2-3-3-4-3-5-5-5-1	2-1-6-2-2-3-5-3-4-2-2-3	3-3-5-2-5-2-5-3-4-4-4-3	3-3-5-1-3-4-5-3-4-4-3-2	2-5-2-3-3-1-4-6-3-7-2-2	2-1-3-3-4-2-1-3-2-4-3-3	1-3-4-7-3-5-3-5-3-2-2-3	3-4-7-7-8-2-2-4-1-3-2-4	1-3-3-3-2-4-3-1-7-4-1-2
848	5	5-4-2-6-4-4-2-4-2-2-2-4	5-4-4-2-2-2-6-6-6-1-6-3	6-6-6-6-4-2-4-5-6-6-4-6	6-5-6-5-3-6-5-2-4-4-4-1	2-7-2-6-7-4-4-6-5-5-2-6	6-3-4-5-4-2-4-3-4-4-0-3	2-3-4-8-5-1-4-6-2-2-6-3	2-4-7-3-3-6-3-3-5-5-6-8	5-1-2-3-3-1-2-6-2-2-3-3	6-7-5-9-7-4-0-4-7-6-7-3	7-2-2-3-4-7-7-7-6-6-2-9	1-3-3-4-4-2-2-6-7-7-2-3
848	6	7-6-7-7-6-7-7-8-7-7-7-9	7-7-7-2-8-8-7-7-7-7-7-7	6-7-7-8-7-7-6-8-7-7-9-7	7-7-7-8-6-5-7-8-7-8-7-6	8-8-6-8-6-6-7-6-7-6-8-6	7-7-4-5-7-7-6-8-7-6-4-7	9-7-6-6-6-7-7-5-7-8-5-7	7-3-5-6-6-7-7-4-5-7-5-5	7-5-6-5-8-8-7-5-9-7-6-6	5-2-6-6-5-6-6-7-6-5-5-7	9-8-6-7-9-8-5-5-9-6-7-7	6-4-7-7-7-2-6-5-6-6-7-7
848	7	6-8-6-8-6-6-6-6-6-6-6-6	6-6-6-8-6-6-6-8-6-6-6-6	6-8-8-6-8-6-8-6-6-6-6-6	6-6-6-6-8-8-6-8-6-6-8-6	8-5-8-7-5-8-8-8-6-6-6-8	6-6-8-8-6-6-8-8-6-6-4-6	6-6-6-5-6-6-6-8-6-6-8-6	6-8-5-8-8-6-6-8-5-6-8-5	6-1-6-8-6-6-6-6-6-8-8-6	5-8-1-6-8-8-9-6-5-6-5-6	5-6-6-6-6-6-5-5-8-7-6-6	6-4-7-6-8-4-7-5-5-8-6-6
848	8	6-9-6-7-6-6-6-6-6-6-6-7	6-6-6-7-6-6-7-7-6-6-7-6	6-7-7-6-7-8-7-6-6-6-8-6	7-8-6-6-7-7-6-6-6-6-7-6	7-6-7-6-8-8-7-7-8-8-6-7	7-6-7-7-6-6-8-6-8-8-4-8	9-3-6-5-9-8-6-7-8-6-7-7	6-8-5-7-7-1-6-7-9-6-7-5	8-9-8-8-6-6-8-5-6-7-7-0	8-7-8-6-7-7-6-4-9-5-5-6	7-6-6-6-4-6-5-8-7-7-6-8	6-8-6-8-7-2-8-6-7-7-6-6
848	9	9-8-6-7-6-6-6-9-6-6-6-6	6-9-9-7-9-6-8-7-9-9-7-6	9-9-9-6-9-6-8-6-6-9-6-9	7-9-6-7-9-9-8-9-6-9-9-6	6-5-9-9-9-9-8-9-9-9-6-9	6-9-8-7-9-2-9-9-9-9-9-9	8-9-9-6-6-9-9-9-9-9-6-6	9-9-9-9-9-9-7-3-8-9-6-6	7-8-8-9-3-9-9-6-6-9-7-9	5-9-9-6-9-3-9-6-8-9-5-9	6-2-0-9-6-6-6-4-6-7-9-9	6-4-6-9-0-9-9-6-9-9-6-6
849	0	0-0-0-0-0-0-0-0-0-0-0-0	0-0-0-0-0-0-0-0-0-0-0-0	0-0-0-0-0-0-0-0-0-0-0-0	0-0-0-0-0-0-0-0-0-0-0-0	0-0-0-0-0-0-0-0-0-0-0-0	0-0-0-0-0-0-0-0-0-0-0-0	0-0-0-0-0-0-0-0-0-0-0-0	0-0-0-0-0-0-0-0-0-0-0-0	0-0-0-0-0-0-0-0-0-0-0-0	0-0-0-0-0-0-0-0-0-0-0-0	0-0-0-0-0-0-0-0-0-0-0-0	0-0-0-0-0-0-0-0-0-0-0-0
849	1	1-1-1-1-1-1-1-1-1-1-1-1	1-1-0-1-0-1-1-0-1-1-0-0	1-2-2-2-0-2-0-2-0-0-6-0	2-3-2-0-1-0-2-0-0-0-1-1	0-1-1-0-4-0-2-2-0-1-0-1	3-4-0-0-1-3-2-0-1-0-0-2	0-0-0-1-2-1-0-0-0-1-1-0	1-0-0-0-0-2-0-0-1-2-2-0	2-2-2-0-0-0-2-2-0-1-1-0	4-1-1-2-0-1-0-0-1-2-1-0	0-1-1-0-0-1-2-3-1-0-0-1	1-0-3-1-0-1-1-2-1-0-1-0
849	2	2-2-2-5-2-2-2-2-2-2-2-2	3-2-1-3-0-1-3-5-3-2-4-3	1-3-1-3-3-1-3-1-3-3-1-3	3-0-3-3-4-4-1-4-0-1-2-5	4-0-2-0-1-3-3-3-1-1-5-3	2-1-3-2-2-4-3-3-0-2-0-4	4-4-0-1-3-1-6-3-2-5-2-3	2-5-2-3-2-1-0-5-3-1-1-0	1-1-1-3-5-5-1-1-0-4-3-4	3-5-0-3-3-5-3-0-3-1-3-2	2-5-8-0-0-3-1-1-0-2-3-1	1-3-2-1-5-2-3-1-8-6-2-2
849	3	3-3-2-3-5-3-3-3-3-3-3-2	2-5-3-2-4-3-2-4-2-2-2-4	1-2-1-2-2-5-4-4-2-2-4-2	2-4-4-2-2-2-5-2-4-6-4-2	2-3-2-3-3-4-4-2-4-0-0-2	2-1-4-2-3-2-4-2-3-3-7-2	2-2-3-5-2-3-7-4-3-4-2-2	3-2-2-4-2-1-4-2-2-4-1-3	3-1-1-2-3-0-4-4-4-3-2-6	2-4-3-2-2-3-2-3-4-3-2-3	4-3-3-6-0-4-1-1-3-2-2-3	3-2-1-1-2-3-2-4-0-4-2-3
849	4	3-4-2-4-4-4-4-4-4-4-2-2	2-5-5-2-3-5-2-3-3-3-2-5	1-4-3-2-2-1-5-5-5-2-5-6	2-5-5-2-2-2-8-2-5-0-5-2	2-1-1-5-1-3-5-4-6-1-2-2	5-1-3-3-5-2-5-2-4-4-4-2	2-2-3-9-5-3-5-5-5-3-5-3	4-2-2-3-2-1-5-4-4-3-1-4	3-1-5-5-3-2-4-3-8-2-2-3	1-3-4-5-5-2-2-3-3-4-7-7	3-2-9-3-8-3-1-1-5-2-2-4	4-2-1-6-2-4-2-3-4-5-4-5
849	5	6-4-6-6-4-4-6-8-5-5-5-6	5-4-4-2-6-6-6-2-6-5-6-4	7-6-7-7-2-6-6-4-6-6-4-5	6-6-4-2-2-7-3-7-4-8-4-6	2-7-7-4-7-3-6-6-5-2-2-2	6-6-3-2-4-2-6-2-7-4-4-6	9-5-3-6-6-5-4-4-4-2-4-6	7-2-2-6-2-1-4-2-7-9-6-5	1-6-6-6-2-2-6-6-4-5-2-7	6-2-5-6-6-6-3-3-6-6-6-2	4-2-6-0-6-9-5-5-6-2-4-5	6-6-5-4-2-5-2-7-2-4-4-4
849	6	5-7-5-5-7-4-6-6-6-5-5-5	5-8-7-2-6-5-5-4-5-7-5-5	9-5-5-5-7-5-7-8-5-8-7-7	5-7-5-7-2-5-7-2-7-8-7-5	2-7-7-4-5-6-7-5-7-8-7-7	5-5-3-2-5-2-7-2-5-6-3-5	7-8-8-5-5-5-7-7-6-8-1-5	6-2-5-5-2-5-7-2-5-6-7-5	7-5-5-5-5-7-5-5-6-5-5-3	5-2-4-5-5-5-6-3-5-5-5-6	6-9-5-3-5-5-5-5-5-5-7-5	5-5-5-4-4-5-2-6-5-2-4-8
849	7	7-6-9-8-6-7-7-7-9-9-8-8	7-6-6-7-8-8-8-8-8-6-8-6	8-5-8-5-8-5-6-8-8-4-6-6	8-6-9-8-8-8-6-8-6-5-8-5	8-5-6-8-5-8-8-8-6-6-6-8	8-5-8-2-4-8-8-8-5-6-3-9	8-6-6-6-5-5-6-6-6-6-8-9	5-7-5-8-8-9-6-2-5-5-8-7	6-5-5-8-8-7-5-8-5-6-8-5	8-8-5-5-8-8-8-3-5-5-8-4	8-5-8-5-7-7-5-5-8-7-6-5	5-8-5-4-8-7-7-5-7-4-8-7
849	8	9-9-7-7-6-9-9-5-7-7-7-7	7-6-6-7-7-9-9-7-7-8-7-9	7-9-7-5-7-8-7-6-9-6-8-7	7-8-8-7-7-7-4-7-7-6-7-7	7-5-6-7-8-7-7-7-8-6-7-7	7-5-7-9-8-9-7-7-8-8-0-8	7-6-6-9-9-8-7-9-8-6-7-7	8-2-2-7-7-9-4-2-5-5-7-8	8-1-8-7-7-6-8-7-4-6-7-0	8-8-5-5-7-7-7-9-1-5-7-9	7-8-8-0-4-8-8-5-7-8-6-8	6-8-8-4-7-7-2-6-7-8-7-6
849	9	9-8-7-7-9-8-8-9-7-7-7-9	7-6-9-7-9-8-8-9-9-9-7-9	9-8-9-9-9-9-8-8-8-9-9-9	9-9-7-9-9-9-4-9-8-9-9-5	9-5-9-9-9-9-8-9-9-9-2-9	8-9-9-8-9-9-9-9-9-9-9-9	5-9-9-6-8-9-9-9-9-9-7-7	9-9-2-8-9-8-9-2-8-5-6-9	7-9-8-9-2-9-9-5-4-3-7-6	8-9-9-9-9-8-9-8-5-9-9-9	3-6-4-9-4-5-8-6-9-8-9-9	5-8-5-4-8-9-9-5-9-9-4-9
850	0	0-0-0-0-0-0-0-0-0-0-0-0	0-0-0-0-0-0-0-0-0-0-0-0	0-0-0-0-0-0-0-0-0-0-0-0	0-0-0-0-0-0-0-0-0-0-0-0	0-0-0-0-0-0-0-0-0-0-0-0	0-0-0-0-0-0-0-0-0-0-0-0	0-0-0-0-0-0-0-0-0-0-0-0	0-0-0-0-0-0-0-0-0-0-0-0	0-0-0-0-0-0-0-0-0-0-0-0	0-0-0-0-0-0-0-0-0-0-0-0	0-0-0-0-0-0-0-0-0-0-0-0	0-0-0-0-0-0-0-0-0-0-0-0
850	1	1-1-1-1-1-0-1-1-1-1-1-2	1-0-0-1-0-1-1-0-1-1-2-0	4-2-3-0-0-2-2-1-0-0-2-0	2-2-2-2-2-2-0-5-2-0-0-1	0-0-0-0-3-0-2-2-0-1-1-1	2-2-0-1-3-2-2-0-0-0-0-2	0-0-0-2-2-0-0-2-0-1-2-2	0-0-0-2-0-2-2-2-0-0-2-0	1-1-2-2-1-0-1-2-8-1-1-1	2-1-1-2-2-2-0-0-2-2-2-0	2-0-1-1-1-1-2-1-2-2-2-1	4-2-2-2-2-1-2-1-1-1-2-1
850	2	2-2-2-2-2-2-2-2-2-2-2-1	1-3-3-1-0-3-1-3-1-2-1-3	2-1-1-2-3-1-1-3-0-3-3-3	1-1-1-1-1-1-1-1-3-0-3-2	2-2-0-1-1-3-1-1-3-1-2-1	1-1-0-1-0-1-3-1-3-2-0-1	0-0-2-1-1-0-0-1-2-0-1-1	2-0-0-1-0-1-4-1-0-2-1-0	2-1-1-1-0-0-5-1-2-1-0-2	1-0-1-1-1-1-0-2-1-1-1-0	5-2-4-2-0-1-1-2-1-1-1-2	3-1-1-1-1-2-1-1-1-2-1-1
850	3	3-3-4-3-4-2-4-6-4-5-3-4	4-2-2-4-5-2-4-3-4-4-4-4	3-4-4-4-4-4-4-3-4-4-2-4	4-4-4-4-4-4-4-4-2-2-4-3	4-3-7-5-1-2-4-4-2-2-4-4	4-4-4-3-1-5-4-4-2-6-0-4	4-4-5-1-4-0-4-4-5-6-4-4	2-4-4-4-4-1-2-4-4-2-7-3	4-1-4-4-5-3-4-4-4-4-4-4	4-7-1-2-4-5-4-7-4-1-3-5	2-4-7-4-2-4-1-2-0-4-4-4	4-4-4-4-4-1-4-1-7-5-5-3
850	4	3-4-3-3-3-3-3-4-3-3-3-3	3-5-5-3-3-3-3-3-3-3-3-3	1-3-3-3-3-3-5-2-5-3-5-3	3-3-3-3-3-3-3-3-5-7-3-3	3-3-3-3-1-4-5-3-4-4-3-3	3-3-5-4-4-3-5-3-4-4-4-3	3-3-6-1-3-4-6-5-4-4-3-3	4-3-3-3-3-1-2-3-3-4-3-4	3-1-7-3-4-3-7-3-6-3-3-3	3-3-1-1-3-3-3-2-3-1-8-3	1-4-2-4-8-3-1-7-2-3-3-3	7-3-3-3-3-4-3-1-1-5-6-3
850	5	3-4-3-3-3-5-3-3-3-3-3-3	6-4-4-3-3-6-3-6-3-3-6-6	5-6-6-3-4-6-4-7-4-6-4-5	6-6-6-3-3-3-4-3-4-6-3-7	3-5-3-3-5-4-6-6-4-5-3-6	2-3-4-7-5-3-4-3-4-6-4-6	8-3-4-7-6-5-4-4-4-0-2-4	6-3-6-3-3-6-6-3-3-5-6-6	6-6-6-3-3-5-5-1-4-3-3-4	6-6-1-6-3-3-4-3-6-4-6-3	6-6-2-6-5-3-6-6-6-3-7-5	4-3-5-6-6-6-3-6-1-4-3-3
850	6	7-3-7-7-4-7-8-3-6-3-3-3	5-4-4-7-5-5-6-5-7-5-5-5	7-5-5-7-7-8-7-5-7-6-7-7	7-5-5-7-7-7-4-7-4-5-7-5	7-5-3-5-1-7-7-7-5-4-7-7	7-5-7-6-4-3-7-7-3-6-4-5	3-7-4-5-8-5-4-7-4-3-7-8	5-7-5-7-7-5-8-7-3-8-5-5	8-5-5-3-6-7-5-7-4-6-7-4	5-5-1-5-7-6-7-4-6-1-7-7	5-7-4-5-5-6-5-5-5-6-6-6	4-4-6-5-5-5-6-5-8-6-7-7
850	7	6-8-6-6-7-8-8-5-8-3-3-8	8-4-4-6-7-8-6-6-8-7-6-8	6-8-5-6-6-7-6-5-8-7-6-6	6-7-7-6-6-6-8-3-6-4-6-5	6-5-3-3-7-6-8-6-5-7-6-6	6-8-8-8-4-8-6-6-7-7-0-5	8-6-0-5-8-7-4-6-7-3-6-7	5-6-7-6-6-8-8-6-8-8-6-7	7-5-8-7-7-6-4-6-4-3-6-0	7-3-1-5-6-3-6-8-8-6-6-3	6-7-3-4-4-6-5-4-5-7-7-7	8-8-6-5-7-7-7-5-3-6-6-6
850	8	8-7-6-6-8-8-6-8-7-3-7-7	5-4-8-6-8-8-6-8-8-8-6-7	8-7-8-7-8-6-6-7-7-8-8-8	6-8-8-8-8-8-7-8-7-8-8-5	6-5-8-8-8-8-7-8-8-8-6-6	7-8-7-7-8-7-8-8-8-8-8-8	5-8-8-8-6-8-8-6-8-8-7-6	8-8-8-7-8-7-7-6-7-7-5-5	6-8-8-7-3-8-8-7-8-4-6-0	6-8-8-8-8-3-0-7-7-8-4-8	6-5-4-8-4-7-6-5-5-7-8-8	7-7-5-6-5-8-8-5-8-8-7-8
851	0	0-0-0-0-0-0-0-0-0-0-0-0	0-0-0-0-0-0-0-0-0-0-0-0	0-0-0-0-0-0-0-0-0-0-0-0	0-0-0-0-0-0-0-0-0-0-0-0	0-0-0-0-0-0-0-0-0-0-0-0	0-0-0-0-0-0-0-0-0-0-0-0	0-0-0-0-0-0-0-0-0-0-0-0	0-0-0-0-0-0-0-0-0-0-0-0	0-0-0-0-0-0-0-0-0-0-0-0	0-0-0-0-0-0-0-0-0-0-0-0	0-0-0-0-0-0-0-0-0-0-0-0	0-0-0-0-0-0-0-0-0-0-0-0
851	1	1-1-0-1-1-1-1-1-0-0-1-0	0-2-2-0-0-0-0-2-0-0-0-0	0-0-0-0-0-0-0-2-0-0-2-0	0-0-2-0-0-0-2-1-1-2-2-0	1-0-0-1-0-1-2-0-1-2-2-1	4-0-0-0-0-0-2-0-2-1-1-0	1-1-1-0-0-0-0-0-1-1-0-1	1-0-0-0-1-0-4-0-0-1-2-0	1-0-2-0-1-0-1-0-0-1-0-0	0-1-1-2-0-0-0-1-0-0-0-1	4-1-0-0-1-0-0-0-0-0-0-1	0-0-0-2-0-0-0-0-0-0-0-0
851	2	2-2-2-3-1-1-2-2-2-2-2-2	2-1-1-2-3-0-3-1-0-0-4-3	3-3-3-3-3-3-3-3-0-4-1-3	3-3-1-2-5-3-1-2-1-1-2-2	5-0-2-2-3-3-3-3-2-1-1-5	2-1-3-2-2-4-3-4-1-1-0-4	3-3-1-0-3-0-0-3-2-2-2-3	1-5-4-3-3-3-3-8-2-1-1-0	2-0-3-4-4-5-2-3-2-2-4-2	0-2-1-1-3-2-3-2-3-3-0-5	3-2-0-0-0-2-0-2-0-3-3-0	1-2-2-1-0-2-3-0-2-2-2-4
851	3	3-4-3-2-4-3-3-3-3-3-2-4	3-4-4-2-2-3-2-4-3-3-2-4	5-2-2-2-2-2-4-5-4-2-4-2	2-4-3-2-2-2-6-2-4-3-4-2	3-0-6-4-3-2-4-2-3-3-0-2	2-4-5-0-3-2-4-3-3-3-6-3	2-2-1-3-2-3-4-2-3-3-2-4	3-4-4-2-2-2-2-3-2-4-3-0	3-0-4-2-5-2-6-4-4-3-2-3	0-2-3-3-4-5-4-6-2-4-0-2	2-5-0-4-7-2-0-3-4-2-2-0	3-2-2-4-4-7-2-0-2-0-2-3
851	4	4-3-5-4-3-4-4-4-4-4-4-5	5-3-3-5-2-3-5-3-5-3-5-5	7-5-7-2-4-5-5-5-5-2-3-4	5-5-4-2-2-2-5-2-3-3-3-5	5-8-2-2-5-5-5-5-3-3-4-4	7-5-3-4-6-2-3-2-1-3-3-2	8-3-2-4-5-0-6-5-2-1-2-3	1-3-6-3-3-5-5-2-2-4-6-4	6-5-5-2-2-4-5-5-8-4-2-3	6-6-1-8-3-2-3-5-6-6-6-2	6-2-6-3-3-6-6-6-5-6-3-0	6-2-5-3-6-6-2-6-6-5-2-2
851	5	5-7-4-8-3-6-5-6-5-5-4-4	4-7-3-4-4-4-4-6-4-7-4-4	3-4-4-2-6-7-6-7-6-4-6-7	4-4-5-2-2-2-6-2-6-7-5-4	4-4-6-2-4-5-6-4-6-3-6-2	6-4-3-0-4-2-6-5-5-5-3-5	6-7-7-4-4-5-4-4-6-3-8-7	5-2-2-3-5-4-4-6-2-5-5-4	5-4-4-4-3-6-4-4-6-5-2-3	4-2-5-4-6-8-0-4-4-7-4-2	4-3-4-6-3-4-4-5-4-2-2-0	4-2-4-8-4-4-2-4-4-4-2-5
851	6	7-6-8-8-3-5-6-5-6-8-6-4	7-5-5-7-7-7-7-5-7-7-8-7	2-7-8-2-7-5-7-4-7-7-5-7	7-4-6-7-7-7-3-7-7-5-7-4	7-4-8-7-4-6-7-7-5-6-7-7	5-6-7-6-4-4-7-7-5-3-3-7	5-5-5-7-5-6-4-5-5-8-7-5	3-7-4-7-7-4-8-5-6-4-7-4	4-4-7-7-7-5-7-5-4-5-7-3	4-7-7-7-7-5-7-3-4-4-7-2	7-2-4-5-3-4-4-4-7-7-5-6	6-5-7-7-4-4-7-4-4-4-7-6
851	7	8-8-6-7-6-8-8-8-8-7-7-8	6-5-5-4-7-6-6-6-8-6-4-8	4-6-4-2-6-5-6-5-6-6-7-6	6-5-7-6-6-6-8-6-6-5-6-8	6-4-6-6-7-6-6-6-7-6-6-6	6-7-6-6-7-4-6-6-7-7-3-6	6-5-5-7-7-7-7-7-7-7-6-5	7-6-6-6-6-4-4-5-6-5-6-4	7-7-6-6-6-5-6-4-5-5-6-4	8-6-7-6-6-5-6-3-8-5-6-2	6-7-4-5-3-8-4-6-6-6-5-7	6-8-8-6-6-7-6-4-2-4-6-6
851	8	8-7-6-6-8-7-7-8-7-6-6-7	6-5-8-4-8-8-6-8-8-8-6-7	8-8-8-7-8-8-6-7-8-8-7-8	7-8-8-6-8-8-7-8-5-8-8-7	8-4-8-8-8-8-7-8-8-8-2-6	6-8-8-6-8-4-7-8-8-8-8-6	7-8-8-8-7-8-8-8-8-8-5-8	8-8-2-7-8-7-6-2-6-6-0-6	7-8-8-6-2-8-4-4-4-5-6-1	7-4-8-4-8-5-8-3-7-8-4-8	5-8-4-7-3-7-7-4-4-8-8-8	8-7-7-5-3-8-8-4-8-8-2-5
852	0	0-0-0-0-0-0-0-0-0-0-0-0	0-0-0-0-0-0-0-0-0-0-0-0	0-0-0-0-0-0-0-0-0-0-0-0	0-0-0-0-0-0-0-0-0-0-0-0	0-0-0-0-0-0-0-0-0-0-0-0	0-0-0-0-0-0-0-0-0-0-0-0	0-0-0-0-0-0-0-0-0-0-0-0	0-0-0-0-0-0-0-0-0-0-0-0	0-0-0-0-0-0-0-0-0-0-0-0	0-0-0-0-0-0-0-0-0-0-0-0	0-0-0-0-0-0-0-0-0-0-0-0	0-0-0-0-0-0-0-0-0-0-0-0
852	1	1-1-1-1-1-1-1-0-1-1-1-1	1-1-0-1-0-1-1-2-2-1-2-0	1-2-2-0-2-2-2-2-0-0-0-1	1-2-2-1-0-2-0-5-0-0-0-4	0-2-4-2-2-0-2-0-2-0-0-1	0-5-0-0-1-1-0-0-0-0-0-0	1-0-0-1-0-0-0-0-0-1-0-2	1-0-2-0-1-2-0-0-1-1-0-0	2-2-2-0-2-7-2-1-0-1-0-2	7-1-1-0-0-0-0-0-1-2-1-1	0-0-1-0-4-1-1-2-1-1-0-1	1-1-1-1-3-1-1-1-1-1-1-1
852	2	3-2-2-2-2-1-2-4-2-2-2-2	3-0-0-2-0-2-3-1-3-3-3-3	1-3-5-5-3-1-3-1-0-3-3-3	3-1-1-3-3-3-0-6-3-0-2-1	2-1-1-3-1-2-3-3-1-0-3-3	0-0-3-5-2-4-3-2-0-0-0-4	3-4-0-1-3-2-2-3-2-2-3-3	0-4-6-3-2-1-7-7-2-1-0-3	2-1-1-3-4-0-1-4-0-2-2-1	2-3-1-1-3-2-3-0-3-1-3-2	3-4-1-0-3-2-2-1-0-2-3-1	1-2-2-1-2-2-3-1-2-2-2-4
852	3	3-4-2-3-3-3-3-3-3-3-3-4	2-4-4-2-3-4-2-4-2-2-2-3	1-2-2-2-2-2-4-5-4-2-4-2	2-2-4-2-2-2-5-2-4-6-4-1	2-1-6-3-4-2-4-2-3-3-2-2	2-1-4-3-3-2-4-3-3-3-3-3	2-2-3-1-2-3-4-2-3-4-2-2	4-2-4-2-2-1-6-4-2-6-3-2	3-1-1-2-3-1-4-2-5-3-3-3	3-2-4-6-2-4-2-4-2-4-2-2	2-3-3-5-7-2-3-3-1-2-4-3	5-2-6-1-1-2-2-3-2-2-3-3
852	4	4-3-4-5-4-5-4-2-4-5-4-7	4-3-3-2-3-3-5-3-5-5-5-5	7-5-6-2-4-3-3-4-5-4-3-4	5-4-5-5-2-2-5-2-3-3-3-1	2-5-1-4-5-3-5-4-3-4-5-7	0-2-3-4-5-2-3-3-3-3-3-2	2-2-3-1-5-4-3-0-3-3-5-5	3-2-5-3-3-5-3-3-2-4-5-6	5-5-5-2-2-4-3-5-6-4-2-5	5-5-3-7-5-3-3-3-5-5-5-2	5-2-4-4-5-2-5-5-5-5-3-3	3-2-4-3-5-5-2-5-5-5-2-2
852	5	6-5-5-5-4-4-7-6-4-4-5-5	5-3-3-7-6-6-4-6-4-4-4-4	1-4-4-6-6-7-6-6-4-6-5-6	6-4-4-4-6-6-3-1-6-5-6-1	6-4-1-6-4-6-6-6-5-5-4-6	5-1-3-5-4-4-6-5-3-5-3-5	6-6-3-1-4-5-5-7-0-2-4-4	4-6-4-6-6-4-3-6-6-4-6-4	4-4-4-6-6-4-4-4-3-6-6-4	4-4-4-0-4-6-6-0-4-4-4-6	4-6-4-3-4-4-4-4-4-4-0-5	3-5-5-6-4-4-5-4-4-4-6-5
852	6	5-7-5-5-6-7-7-5-7-6-5-4	5-3-3-5-5-7-4-5-5-6-5-4	5-5-4-5-5-6-5-5-7-5-6-5	5-6-6-5-5-5-7-2-5-6-5-1	5-4-3-5-6-5-7-5-6-6-7-5	7-0-7-7-6-5-5-3-6-6-0-5	5-5-3-7-7-6-3-5-6-2-5-5	6-5-2-5-5-6-3-5-5-3-5-4	6-4-7-5-5-2-6-5-4-5-5-3	4-5-6-3-5-5-5-7-4-6-5-2	4-6-5-0-7-7-4-5-5-6-6-6	7-7-3-6-5-4-6-4-5-4-5-6
852	7	7-6-5-4-7-6-6-7-6-4-7-4	5-7-7-5-7-6-6-7-7-7-5-4	7-7-7-7-7-5-6-7-6-7-7-7	6-7-6-7-7-7-6-7-7-7-7-4	5-4-7-7-7-7-6-7-7-7-6-7	6-7-7-7-7-4-5-7-7-7-7-7	5-7-7-7-6-7-7-7-7-7-7-5	7-7-2-7-7-6-7-2-5-4-6-6	4-7-7-7-2-1-7-5-7-3-7-1	1-4-7-7-7-5-7-6-7-7-7-7	4-7-4-3-6-6-7-4-4-6-7-7	7-6-5-1-5-7-7-4-7-7-2-7
853	0	0-0-0-0-0-0-0-0-0-0-0-0	0-0-0-0-0-0-0-0-0-0-0-0	0-0-0-0-0-0-0-0-0-0-0-0	0-0-0-0-0-0-0-0-0-0-0-0	0-0-0-0-0-0-0-0-0-0-0-0	0-0-0-0-0-0-0-0-0-0-0-0	0-0-0-0-0-0-0-0-0-0-0-0	0-0-0-0-0-0-0-0-0-0-0-0	0-0-0-0-0-0-0-0-0-0-0-0	0-0-0-0-0-0-0-0-0-0-0-0	0-0-0-0-0-0-0-0-0-0-0-0	0-0-0-0-0-0-0-0-0-0-0-0
853	1	1-1-1-1-1-1-1-1-1-1-1-1	1-1-1-0-0-1-0-2-2-1-0-2	0-0-0-0-2-0-2-0-0-1-2-2	0-0-2-0-0-0-0-1-2-2-2-1	1-2-2-0-0-2-2-0-2-0-0-0	2-0-2-0-0-0-2-0-2-1-1-0	2-1-1-0-0-1-0-2-0-1-0-1	1-1-0-2-1-0-2-2-0-1-0-0	0-1-0-0-3-1-1-0-1-0-1-0	0-1-1-2-0-0-0-1-0-0-0-0	1-0-0-2-0-0-0-0-0-0-0-1	3-0-0-0-0-1-0-0-0-0-0-0
853	2	2-2-2-2-1-1-2-1-2-2-2-2	2-1-1-2-0-1-4-1-1-2-3-1	0-3-0-3-3-3-3-3-0-3-1-4	4-3-1-4-4-4-3-4-3-1-1-1	6-1-3-4-0-1-3-3-1-2-4-4	3-4-3-0-2-4-3-4-1-2-0-2	1-6-1-0-3-0-2-3-2-1-1-3	1-2-2-3-2-0-1-1-2-1-3-0	0-0-3-3-9-3-0-6-1-2-3-2	0-3-0-1-0-3-1-2-3-0-0-2	0-3-1-1-0-2-0-0-0-2-3-2	1-3-2-3-0-3-2-0-0-3-4-2
853	3	3-3-4-3-3-3-3-3-3-3-3-3	2-4-3-2-1-3-0-4-3-2-2-4	3-2-4-2-2-2-4-2-4-2-4-2	2-2-4-2-2-2-4-2-4-1-4-0	2-1-2-2-5-3-4-2-3-3-0-2	2-2-4-4-3-2-2-2-3-3-8-3	4-2-3-4-2-3-6-2-3-4-7-2	3-2-2-4-3-5-2-0-3-4-2-0	3-0-2-2-1-2-4-2-2-3-2-4	0-2-3-4-4-2-0-9-2-4-4-2	5-2-0-8-8-5-0-3-0-2-2-2	4-2-2-4-0-3-2-4-0-2-3-1
853	4	4-4-4-4-4-3-4-4-4-4-4-4	2-5-5-2-4-4-2-3-3-4-2-3	5-4-3-2-2-2-3-4-5-5-3-2	2-5-3-2-2-2-6-2-3-5-3-0	2-0-2-6-0-3-3-4-6-2-2-2	2-2-3-3-6-2-5-2-4-4-6-3	3-2-6-3-2-4-6-3-4-3-7-6	4-2-2-3-4-0-8-0-3-3-2-0	4-0-2-2-4-2-3-2-8-6-2-3	0-3-9-5-3-3-4-4-3-3-3-2	8-0-9-7-0-9-0-8-5-3-7-1	3-2-2-3-5-3-2-3-4-2-2-2
853	5	7-5-6-7-6-6-6-6-6-6-6-7	6-4-4-6-6-6-6-5-6-6-6-6	5-6-6-6-5-6-6-5-6-6-6-5	6-6-6-5-5-6-6-5-5-5-4-6	5-9-8-5-6-4-6-6-4-5-6-5	5-6-5-5-6-9-4-7-4-4-4-6	3-7-5-6-6-6-7-6-4-8-5-4	6-5-6-7-4-6-5-6-5-7-6-5	6-5-5-2-5-5-7-7-2-5-7-9	5-7-4-4-6-7-6-5-6-6-6-2	6-7-6-5-6-6-5-6-6-5-4-5	6-7-5-6-6-6-2-6-6-6-6-6
853	6	5-6-5-5-5-5-5-5-5-5-5-5	5-7-6-5-5-5-5-5-5-5-5-5	0-5-5-5-2-5-5-5-5-7-5-5	5-5-5-5-2-5-5-2-7-8-6-5	2-5-5-4-5-7-5-5-7-5-5-5	5-5-3-5-4-5-7-7-7-6-4-5	4-2-7-5-5-5-4-5-6-6-5-4	5-2-5-5-4-5-7-5-5-6-5-5	5-0-2-2-4-2-5-2-6-4-2-2	5-5-4-7-5-2-5-4-5-5-5-2	5-7-5-5-5-7-0-5-5-2-2-5	5-2-5-5-5-5-2-5-5-5-5-5
853	7	5-5-5-5-5-5-5-5-5-5-5-5	5-6-6-5-5-5-5-8-5-5-9-5	7-8-8-8-8-7-8-5-5-8-8-8	8-5-5-8-8-8-8-8-8-6-8-5	8-5-8-8-5-8-8-8-6-7-8-8	7-7-8-5-7-5-8-8-6-3-3-9	8-6-6-3-9-5-8-9-4-8-8-8	5-8-5-8-8-5-6-8-9-5-8-9	9-9-6-8-8-7-5-8-6-8-8-9	5-5-4-6-8-8-8-9-9-5-8-8	5-6-8-4-5-6-5-6-8-5-4-8	9-8-7-8-5-5-7-0-8-5-8-8
853	8	7-6-5-5-7-5-5-5-5-5-5-5	5-6-5-7-5-5-5-7-5-5-7-7	9-7-7-7-7-8-7-7-7-7-7-7	7-8-8-7-7-7-7-7-7-6-7-5	7-5-9-7-8-7-7-8-8-8-7-7	9-8-7-5-8-5-7-7-8-8-3-8	9-9-3-8-9-8-7-7-8-7-7-7	5-7-2-7-7-5-4-7-9-5-7-8	8-9-8-8-7-6-8-7-4-7-7-7	9-8-8-0-7-7-7-8-9-5-8-7	4-8-7-3-9-8-8-4-5-8-4-8	6-9-7-7-8-8-7-5-7-0-7-8
853	9	9-7-7-7-9-5-7-9-7-7-5-5	5-9-9-7-9-5-7-7-5-9-7-8	9-8-9-7-9-7-8-8-8-9-7-9	7-9-9-7-9-9-8-9-7-9-9-5	7-5-8-9-9-9-8-9-9-9-7-7	8-9-9-5-9-5-9-7-9-9-9-8	8-9-9-3-7-9-9-7-9-9-8-7	9-9-9-8-9-8-9-7-8-5-7-5	7-9-9-8-7-9-9-7-9-7-7-7	8-9-9-9-9-7-7-7-8-9-8-9	5-9-6-5-8-8-9-9-9-8-9-8	7-8-8-5-0-9-9-9-9-9-8-9
854	0	0-0-0-0-0-0-0-0-0-0-0-0	0-0-0-0-0-0-0-0-0-0-0-0	0-0-0-0-0-0-0-0-0-0-0-0	0-0-0-0-0-0-0-0-0-0-0-0	0-0-0-0-0-0-0-0-0-0-0-0	0-0-0-0-0-0-0-0-0-0-0-0	0-0-0-0-0-0-0-0-0-0-0-0	0-0-0-0-0-0-0-0-0-0-0-0	0-0-0-0-0-0-0-0-0-0-0-0	0-0-0-0-0-0-0-0-0-0-0-0	0-0-0-0-0-0-0-0-0-0-0-0	0-0-0-0-0-0-0-0-0-0-0-0
854	1	1-1-1-1-1-1-1-1-1-1-1-1	0-2-1-0-0-1-0-1-0-1-0-0	1-0-0-0-2-1-2-0-0-2-2-0	0-0-2-0-2-0-0-0-2-2-2-1	1-0-2-0-0-2-0-0-2-0-1-0	4-0-0-0-1-0-2-0-1-1-0-2	4-1-1-1-0-1-0-2-1-1-2-1	2-1-0-1-1-0-2-1-0-1-0-0	1-0-0-0-0-0-1-2-0-1-1-0	0-1-1-2-2-3-0-1-0-0-0-1	4-1-1-4-0-0-0-0-2-0-2-1	0-1-0-1-0-1-2-0-0-1-0-4
854	2	2-2-4-2-2-1-3-2-3-2-2-3	3-1-1-3-4-3-3-2-3-3-3-3	2-3-3-3-3-3-3-3-3-3-3-3	3-3-1-3-3-3-3-3-1-1-3-2	3-0-3-3-3-1-3-3-1-1-3-3	2-3-3-2-2-4-3-3-1-2-0-3	3-1-1-1-3-0-3-3-2-2-6-3	1-3-4-3-3-3-1-3-4-2-6-2	0-0-3-3-4-2-1-3-1-3-3-3	6-3-2-1-3-7-2-2-3-3-3-3	1-2-0-2-0-2-1-0-1-3-3-2	0-3-4-2-2-3-3-0-0-1-3-2
854	3	2-3-2-2-4-3-2-3-2-2-2-2	2-4-4-2-2-3-2-4-2-2-2-2	4-2-2-2-2-2-4-2-2-2-4-2	2-4-3-2-2-2-2-2-4-3-2-2	2-0-2-2-2-3-4-2-4-3-2-2	2-2-4-2-3-2-4-2-3-3-5-2	2-1-3-5-2-0-2-2-3-3-0-2	3-4-4-2-2-4-4-2-2-4-3-0	0-0-4-2-3-0-1-2-4-3-2-2	0-3-3-4-2-1-4-3-2-4-2-2	0-2-1-2-6-2-0-0-4-2-4-2	0-2-0-2-4-6-2-0-0-0-2-3
854	4	2-3-2-2-3-2-2-2-2-2-4-2	2-3-3-2-2-3-2-3-6-2-6-3	4-5-6-2-4-2-3-5-5-2-3-4	5-5-4-2-2-2-5-2-3-5-5-2	2-5-2-2-5-3-3-4-3-3-2-2	1-2-3-4-5-2-3-2-3-3-0-2	7-1-3-4-5-0-3-5-2-2-5-3	3-3-3-2-2-3-5-2-2-6-4-4	4-0-3-2-2-4-7-3-7-2-2-5	5-4-4-3-3-2-3-2-4-3-4-2	1-2-5-1-3-6-4-4-3-4-3-2	4-3-4-3-3-5-3-4-4-4-3-1
854	5	5-7-6-5-6-6-6-6-6-7-6-6	6-3-6-6-6-6-6-5-6-6-6-6	5-6-6-7-6-6-6-5-6-6-5-5	6-6-7-6-6-6-6-4-6-6-6-5	6-4-2-6-5-5-6-6-4-4-5-6	5-5-6-6-4-7-6-6-3-5-3-6	6-6-5-6-7-5-6-6-5-7-7-6	7-6-7-6-6-7-7-6-5-7-6-7	4-7-6-6-6-5-4-6-4-5-6-4	6-6-5-7-6-6-6-7-5-6-6-6	6-7-4-5-7-4-0-6-6-6-4-5	7-3-5-6-6-4-6-0-7-0-6-6
854	6	5-7-5-5-5-7-5-5-5-5-5-5	5-5-5-5-6-5-5-5-5-5-5-5	4-5-4-2-5-5-5-5-5-5-6-5	5-5-6-5-5-5-7-2-5-5-5-7	5-4-2-2-6-5-5-5-4-6-5-5	5-6-5-6-4-5-5-5-6-6-3-5	5-5-5-5-5-6-5-5-6-6-2-5	6-5-2-5-5-5-4-5-5-4-5-7	6-6-6-5-5-5-5-5-4-5-5-4	5-5-6-5-5-5-5-5-7-5-5-5	5-6-4-7-3-4-4-5-5-6-6-6	5-7-7-5-5-3-5-0-5-0-5-5
854	7	7-5-5-5-7-6-5-7-5-5-5-6	5-7-7-5-7-7-5-7-5-7-5-6	7-7-7-5-7-7-5-6-5-7-5-7	6-7-7-7-7-7-6-7-6-7-7-6	5-4-7-7-7-7-6-7-7-7-2-2	5-7-5-6-7-4-6-5-7-7-7-7	4-7-7-7-5-7-7-7-7-5-5-5	7-5-7-5-5-5-5-5-5-5-6-5	5-5-7-6-5-7-4-5-4-3-5-7	5-4-7-5-5-2-7-5-6-7-5-7	4-7-3-6-3-6-0-4-4-5-7-5	7-7-6-5-5-7-7-4-7-7-2-5
855	0	0-0-0-0-0-0-0-0-0-0-0-0	0-0-0-0-0-0-0-0-0-0-0-0	0-0-0-0-0-0-0-0-0-0-0-0	0-0-0-0-0-0-0-0-0-0-0-0	0-0-0-0-0-0-0-0-0-0-0-0	0-0-0-0-0-0-0-0-0-0-0-0	0-0-0-0-0-0-0-0-0-0-0-0	0-0-0-0-0-0-0-0-0-0-0-0	0-0-0-0-0-0-0-0-0-0-0-0	0-0-0-0-0-0-0-0-0-0-0-0	0-0-0-0-0-0-0-0-0-0-0-0	0-0-0-0-0-0-0-0-0-0-0-0
855	1	1-2-1-2-1-1-1-1-1-1-1-1	1-0-0-1-0-1-1-0-0-1-0-0	2-2-0-0-0-2-0-1-0-0-3-0	2-0-3-0-1-1-0-0-0-0-0-0	0-2-1-0-2-0-2-2-0-1-0-0	3-3-0-0-0-2-1-1-0-0-0-0	3-0-0-1-0-0-0-0-0-1-0-0	1-0-0-0-0-2-0-0-1-1-1-0	1-1-2-0-0-0-1-0-0-1-0-0	1-1-0-2-2-2-0-0-2-0-0-0	0-0-1-0-1-1-2-1-3-0-0-1	1-0-3-1-1-1-1-1-1-0-1-0
855	2	3-1-2-1-2-2-2-2-2-2-2-2	3-2-2-3-0-1-3-3-3-1-3-3	1-4-3-4-3-1-3-4-3-3-0-3	3-0-1-4-3-3-3-2-3-0-3-2	2-1-2-3-1-2-3-3-0-2-4-3	2-8-3-0-2-3-3-3-0-2-0-3	3-2-2-1-3-2-2-3-0-2-0-3	0-2-4-3-2-1-2-8-2-3-2-0	1-1-3-4-4-0-1-3-3-3-3-2	2-3-0-1-3-4-2-4-3-2-0-4	2-4-2-0-2-2-1-1-7-3-3-2	1-4-2-0-4-2-3-1-3-2-2-2
855	3	3-3-2-3-3-3-3-3-3-2-3-3	2-4-4-2-3-3-2-4-3-1-2-3	4-2-2-3-4-2-4-3-2-4-4-4	2-3-1-2-2-2-2-2-2-4-2-3	3-3-5-3-3-2-4-2-4-3-0-2	1-1-2-0-4-2-4-2-3-3-7-2	2-2-3-1-2-3-4-2-0-3-0-2	3-2-2-2-2-1-7-4-3-3-4-3	3-1-2-2-3-0-3-4-2-2-2-2	2-2-3-1-2-2-4-3-2-4-3-2	3-4-0-3-7-4-3-3-1-2-2-0	5-2-1-6-3-2-2-3-7-2-3-2
855	4	4-3-4-5-3-4-4-3-4-4-4-5	4-3-3-2-3-3-4-3-5-1-5-5	3-5-5-2-3-2-3-5-2-3-3-3	5-4-4-5-2-5-5-5-3-5-3-4	2-8-4-4-4-3-3-4-3-4-2-5	5-2-2-4-3-6-3-2-3-3-3-2	5-2-0-5-4-4-3-5-0-2-4-7	4-2-2-3-2-5-2-3-4-4-5-7	4-4-3-2-2-4-4-3-4-4-2-4	5-4-0-2-4-2-3-3-5-6-5-2	6-2-4-3-4-4-4-6-5-2-3-4	4-2-4-4-6-4-2-4-5-4-4-2
855	5	6-5-6-4-6-6-6-6-6-6-6-6	6-5-5-6-6-6-6-5-6-6-4-5	5-4-4-7-6-6-5-5-6-6-6-5	6-4-6-5-5-4-6-6-5-6-6-6	7-4-6-5-4-5-5-5-6-5-7-5	5-5-6-5-5-6-5-7-5-5-0-5	5-6-7-6-4-5-3-5-5-7-6-6	5-5-2-3-5-4-5-5-4-5-4-4	5-4-8-4-7-4-6-5-7-6-5-6	4-5-5-6-4-6-6-7-6-6-4-6	7-8-5-5-6-6-4-5-8-5-7-6	8-8-5-8-6-7-5-4-4-5-6-8
855	6	7-6-5-8-5-5-5-5-5-5-7-7	5-5-5-7-5-5-5-7-5-5-7-7	6-7-7-5-7-5-7-6-7-5-5-7	7-4-5-7-7-7-5-7-7-5-7-5	7-4-7-7-4-7-7-7-5-6-6-7	6-5-7-7-5-5-7-5-5-6-3-5	7-5-5-5-5-5-8-7-5-6-7-5	5-7-4-7-7-5-8-7-6-5-7-4	8-4-5-7-7-5-5-7-5-5-7-5	7-7-5-5-7-7-7-5-5-4-5-7	4-5-5-3-5-5-4-4-7-7-5-5	5-5-6-3-5-5-7-4-3-7-7-5
855	7	6-6-6-6-6-5-5-5-5-5-6-6	5-5-5-6-5-5-6-6-6-5-6-6	5-6-6-5-6-7-6-6-6-6-7-6	6-7-7-6-6-6-5-6-6-5-6-5	6-4-6-6-7-6-8-6-7-7-5-6	6-6-6-6-7-6-6-5-7-7-3-7	6-5-5-4-7-7-6-6-7-5-6-5	5-6-2-6-6-1-3-6-8-5-6-4	7-4-7-6-5-5-7-6-5-5-6-0	7-6-7-5-6-6-6-5-8-5-5-6	6-5-6-3-6-7-4-7-6-7-5-7	5-7-5-7-7-5-6-5-3-6-6-2
855	8	8-6-6-6-8-5-5-8-6-5-6-6	5-5-8-6-8-5-7-6-6-8-6-6	8-8-6-6-8-5-6-5-6-8-5-8	7-8-8-8-8-8-7-8-8-8-8-4	5-4-8-8-8-8-7-8-8-8-5-6	8-8-8-6-8-4-8-8-8-8-8-8	5-8-8-7-8-8-8-8-8-8-4-5	8-6-2-7-8-7-6-2-7-8-6-6	6-4-8-8-5-8-8-7-8-5-6-8	7-8-8-8-8-5-8-5-7-8-5-8	6-5-5-8-5-5-4-5-5-7-8-8	5-5-1-5-5-8-8-4-8-8-6-5
856	0	0-0-0-0-0-0-0-0-0-0-0-0	0-0-0-0-0-0-0-0-0-0-0-0	0-0-0-0-0-0-0-0-0-0-0-0	0-0-0-0-0-0-0-0-0-0-0-0	0-0-0-0-0-0-0-0-0-0-0-0	0-0-0-0-0-0-0-0-0-0-0-0	0-0-0-0-0-0-0-0-0-0-0-0	0-0-0-0-0-0-0-0-0-0-0-0	0-0-0-0-0-0-0-0-0-0-0-0	0-0-0-0-0-0-0-0-0-0-0-0	0-0-0-0-0-0-0-0-0-0-0-0	0-0-0-0-0-0-0-0-0-0-0-0
856	1	2-1-2-1-1-2-1-3-2-1-2-1	2-0-0-3-0-0-3-2-0-2-2-2	1-2-2-2-2-2-2-2-0-0-0-1	2-2-0-2-2-2-2-2-1-0-1-3	3-0-2-2-0-2-2-2-1-0-3-3	3-2-2-2-0-4-2-2-0-1-0-2	0-3-1-0-2-0-1-2-0-0-7-2	0-4-4-2-2-1-0-2-2-2-0-0	4-0-2-2-4-2-0-2-0-1-4-0	3-4-0-0-2-7-2-0-2-0-2-2	0-4-0-0-0-0-2-0-0-2-2-1	0-2-2-2-0-3-2-0-4-0-4-1
856	2	1-2-1-2-2-1-2-2-1-1-1-1	1-4-2-1-0-1-1-3-1-1-1-3	0-2-1-1-1-1-3-3-1-3-3-2	1-1-2-1-1-1-1-1-2-2-3-1	1-0-1-1-1-3-3-1-2-2-1-1	1-1-3-1-2-0-3-1-2-2-0-1	2-1-2-2-1-2-3-1-2-2-0-1	2-1-1-3-1-0-4-1-1-3-3-0	3-0-3-1-2-1-3-1-3-2-1-3	1-1-2-3-1-2-1-6-3-2-4-1	2-1-3-2-4-1-2-3-0-1-1-2	3-1-1-2-0-1-1-0-0-0-2-3
856	3	1-2-1-3-2-3-3-1-3-3-1-3	1-2-2-1-1-3-1-2-1-1-4-4	3-3-1-4-4-4-2-2-1-4-2-4	1-4-4-3-1-1-1-1-4-4-2-1	1-0-1-4-5-2-4-1-3-0-4-1	1-3-2-8-3-1-4-1-3-3-2-2	2-1-2-0-2-2-2-4-3-2-1-1	3-1-2-2-1-0-2-1-1-4-4-0	2-0-2-1-3-4-2-4-8-7-1-2	1-3-2-4-2-2-1-4-2-0-2-1	2-1-2-4-0-3-2-2-2-3-3-3	2-4-1-2-5-3-1-0-0-0-2-2
856	4	4-1-4-4-2-4-4-4-4-4-3-4	1-2-2-4-4-5-1-3-4-2-3-3	6-4-5-3-3-3-3-3-5-3-3-3	4-4-3-4-1-4-2-1-3-3-2-6	1-6-5-3-5-2-3-4-5-4-3-4	1-6-2-0-3-4-3-1-2-2-2-4	7-1-2-7-6-4-2-3-0-2-8-2	2-1-1-5-1-4-2-3-6-4-6-0	6-4-6-1-1-2-6-7-3-4-1-3	4-1-5-3-6-6-2-3-6-7-6-1	6-1-5-3-5-8-6-6-6-4-5-4	4-3-4-4-4-4-4-4-1-7-1-1
856	5	6-5-7-5-7-6-7-6-8-6-6-5	6-2-6-6-6-6-7-5-6-6-6-6	5-6-6-6-5-7-5-7-7-6-7-6	6-5-6-6-5-5-6-5-6-5-6-5	7-5-4-7-6-5-6-6-4-7-6-5	5-7-6-6-6-8-6-6-6-2-2-5	5-5-5-5-5-5-5-6-6-5-8-5	5-6-6-5-5-7-7-7-5-7-5-6	8-5-5-6-6-6-5-5-6-4-5-4	6-5-5-4-6-8-7-5-4-8-4-1	8-8-6-5-6-4-8-5-8-5-6-5	5-8-5-4-6-6-4-6-6-6-1-8
856	6	5-8-5-8-5-5-5-5-5-5-5-5	5-5-5-7-5-5-7-5-5-5-5-5	4-7-5-5-7-7-7-5-5-5-6-5	7-5-5-5-7-7-5-6-5-6-7-4	7-4-7-5-5-6-7-7-5-5-5-7	7-4-5-5-5-5-7-7-5-6-0-7	7-6-5-4-5-6-3-5-5-5-7-6	5-7-5-7-7-5-2-7-7-4-7-5	4-0-4-7-7-5-4-7-5-5-7-5	5-7-3-4-7-7-5-2-4-4-7-6	7-2-5-3-5-4-4-4-4-4-5-6	5-7-4-4-5-5-4-5-5-5-7-7
856	7	5-8-5-5-5-8-5-5-5-5-5-8	5-5-5-6-6-5-6-5-5-5-5-5	5-6-5-5-6-6-6-5-5-6-5-6	6-7-7-5-6-6-8-5-5-6-6-4	6-4-6-5-7-6-6-6-7-5-5-6	6-4-6-5-3-5-6-6-7-7-0-7	6-1-7-4-6-7-7-6-7-5-1-5	7-6-5-6-6-5-5-6-6-5-6-5	7-7-7-6-6-5-4-6-3-3-6-5	5-6-7-4-6-6-5-2-7-4-6-1	6-7-5-3-6-4-4-4-4-7-5-7	5-6-8-4-7-5-5-5-6-7-6-6
856	8	8-6-5-6-8-7-5-8-5-5-5-7	5-8-8-6-8-5-7-5-5-8-5-5	8-8-5-5-8-8-5-5-5-8-7-8	7-8-5-8-8-8-7-8-8-8-8-7	5-0-8-8-7-8-7-8-8-8-5-8	5-8-8-6-8-5-8-8-8-8-8-7	7-8-8-5-5-8-8-8-8-8-5-5	8-8-8-7-8-5-8-6-6-4-5-5	5-8-8-7-1-8-8-4-3-8-6-0	6-8-8-8-8-5-8-8-7-5-7-8	5-5-8-8-5-4-7-5-5-4-8-8	5-7-7-4-5-8-8-5-8-8-6-5
857	0	0-0-0-0-0-0-0-0-0-0-0-0	0-0-0-0-0-0-0-0-0-0-0-0	0-0-0-0-0-0-0-0-0-0-0-0	0-0-0-0-0-0-0-0-0-0-0-0	0-0-0-0-0-0-0-0-0-0-0-0	0-0-0-0-0-0-0-0-0-0-0-0	0-0-0-0-0-0-0-0-0-0-0-0	0-0-0-0-0-0-0-0-0-0-0-0	0-0-0-0-0-0-0-0-0-0-0-0	0-0-0-0-0-0-0-0-0-0-0-0	0-0-0-0-0-0-0-0-0-0-0-0	0-0-0-0-0-0-0-0-0-0-0-0
857	1	1-1-1-1-1-1-1-1-1-1-2-2	2-2-1-1-3-2-2-2-2-2-0-2	1-2-1-2-2-2-2-2-2-2-2-2	2-1-2-3-1-0-2-2-1-2-1-2	2-1-1-2-1-1-2-1-1-1-2-1	2-2-2-2-2-2-1-2-2-1-4-2	1-2-1-1-2-1-2-2-1-3-1-1	2-1-1-1-1-2-2-1-1-1-0-1	1-1-1-1-1-1-1-1-2-1-1-2	1-1-1-1-1-1-2-2-0-3-1-1	1-1-4-1-3-1-1-1-1-1-2-1	3-1-1-2-1-1-1-1-4-1-4-1
857	2	1-1-1-2-1-1-1-1-1-1-1-1	1-1-1-3-1-1-3-1-1-1-4-1	1-3-1-5-3-1-3-1-1-3-1-3	3-0-1-1-3-3-1-3-1-1-2-1	1-0-3-1-0-2-3-3-2-1-1-2	1-1-3-1-1-4-3-1-1-1-5-4	3-1-1-1-3-2-1-3-1-1-3-3	1-2-4-3-3-1-1-4-2-1-0-0	2-0-1-3-4-2-1-3-1-2-3-1	3-3-0-1-3-2-3-1-3-1-1-4	3-4-1-1-1-1-2-5-1-3-1-1	1-3-2-1-0-2-3-1-2-2-2-1
857	3	1-3-1-4-1-3-1-1-1-1-1-4	1-4-4-2-1-1-2-4-1-1-2-4	1-2-2-1-2-1-4-3-1-2-4-2	2-3-3-1-2-2-1-2-4-3-3-1	2-0-2-5-4-2-4-2-4-3-1-2	1-2-4-1-3-2-4-3-1-3-6-3	2-1-3-6-2-3-4-2-1-1-2-2	3-2-2-2-2-4-7-2-2-1-6-1	5-1-1-2-6-2-8-2-2-3-2-3	2-2-5-1-2-2-2-4-2-1-1-2	2-3-6-3-7-1-2-3-0-2-2-1	1-2-2-3-0-4-2-1-7-2-6-6
857	4	5-3-1-5-3-3-1-3-1-4-1-3	4-3-3-2-4-1-4-3-1-1-5-5	4-5-6-2-4-5-3-6-1-2-3-4	4-4-5-4-2-2-6-4-3-6-3-4	1-6-4-4-5-3-3-4-3-4-1-4	1-2-3-1-6-2-3-2-1-3-1-2	4-2-2-4-4-4-3-5-1-1-4-3	1-2-6-3-2-5-3-2-2-4-4-4	6-7-6-2-2-4-6-2-1-4-2-6	3-6-0-4-2-2-5-3-5-1-6-2	8-2-5-3-5-5-6-6-6-2-1-4	1-2-2-3-6-3-2-6-1-2-1-2
857	5	6-8-7-8-3-6-7-6-5-6-6-6	6-3-3-6-6-7-8-6-6-7-6-6	7-6-7-6-6-6-6-7-6-6-6-6	6-5-6-7-6-5-6-6-6-7-6-6	7-4-7-7-4-5-6-5-6-7-7-8	6-6-6-8-4-6-6-7-5-5-8-6	6-6-5-5-6-5-7-6-6-1-8-6	5-6-4-5-7-4-4-6-2-4-5-4	1-4-4-6-7-7-2-5-7-4-5-7	6-5-5-6-6-7-6-5-4-4-4-6	6-7-7-3-4-8-4-4-4-8-7-5	6-8-5-7-6-7-7-4-4-6-3-8
857	6	8-5-8-7-6-5-5-5-6-5-5-7	5-3-3-5-5-5-7-5-5-5-5-5	8-5-5-5-7-5-7-5-5-5-5-5	7-7-5-5-7-7-5-7-5-5-5-5	7-4-7-7-4-7-7-7-5-5-7-7	5-7-7-6-4-5-5-7-5-5-3-5	5-5-5-3-5-5-5-7-5-1-7-5	3-7-4-7-5-4-8-7-7-4-7-4	4-4-4-5-7-5-4-7-5-7-7-4	5-4-6-5-7-5-7-5-2-1-4-5	5-5-5-3-4-5-4-4-4-5-5-5	5-6-6-7-5-5-5-4-7-5-3-3
857	7	6-8-5-6-6-5-5-5-5-5-5-8	5-3-6-5-5-5-5-6-8-7-5-5	4-7-5-5-6-7-6-5-5-5-7-5	6-7-7-5-6-6-8-6-5-5-6-4	5-4-5-6-7-6-6-6-7-5-6-6	5-6-6-6-7-8-7-6-7-7-3-7	5-5-3-7-6-7-5-6-7-1-6-5	7-6-5-6-5-7-3-6-6-4-6-4	7-4-5-7-6-5-7-8-5-6-6-5	8-7-7-6-6-5-6-7-8-4-6-7	5-5-5-3-8-5-4-4-6-7-5-7	6-7-5-7-7-5-5-4-6-2-7-5
857	8	8-5-6-6-8-8-5-8-5-5-5-7	5-8-8-5-8-8-5-5-8-8-6-7	8-8-8-5-8-5-7-7-7-8-8-8	6-8-5-8-8-6-7-8-5-8-8-4	5-4-8-8-8-8-7-8-8-8-6-5	5-8-8-5-8-7-8-8-8-8-8-8	5-8-8-8-7-8-8-5-8-8-5-5	8-7-8-8-8-7-6-6-7-4-5-5	7-5-8-7-6-8-8-7-8-3-6-1	7-4-8-8-8-5-6-7-7-8-6-8	4-5-5-8-7-5-4-4-4-5-8-7	8-7-7-5-5-8-8-8-8-8-7-5
858	0	0-0-0-0-0-0-0-0-0-0-0-0	0-0-0-0-0-0-0-0-0-0-0-0	0-0-0-0-0-0-0-0-0-0-0-0	0-0-0-0-0-0-0-0-0-0-0-0	0-0-0-0-0-0-0-0-0-0-0-0	0-0-0-0-0-0-0-0-0-0-0-0	0-0-0-0-0-0-0-0-0-0-0-0	0-0-0-0-0-0-0-0-0-0-0-0	0-0-0-0-0-0-0-0-0-0-0-0	0-0-0-0-0-0-0-0-0-0-0-0	0-0-0-0-0-0-0-0-0-0-0-0	0-0-0-0-0-0-0-0-0-0-0-0
858	1	1-1-1-1-1-1-1-1-1-1-1-1	0-0-0-1-0-0-0-2-0-1-0-0	0-3-0-2-2-1-2-2-0-2-2-2	2-0-0-3-1-2-0-1-1-1-1-0	1-0-0-2-0-2-2-2-1-0-2-0	1-0-2-0-0-2-2-1-1-1-3-0	3-3-1-0-2-2-1-0-1-1-0-2	1-3-4-2-1-1-1-3-3-0-0-2	0-0-0-3-3-0-0-3-1-2-3-1	0-3-1-0-2-3-0-3-2-0-0-3	0-3-0-1-0-1-0-0-0-1-1-1	0-1-0-0-0-1-3-0-0-0-1-1
858	2	2-2-3-2-2-2-2-2-2-2-2-3	0-3-2-1-0-3-0-3-3-2-3-3	3-1-0-1-1-1-3-3-1-3-3-1	1-2-2-1-1-1-0-2-3-3-3-0	2-0-2-1-3-1-3-1-3-2-3-1	3-3-4-0-2-1-3-1-2-2-7-2	1-1-2-2-1-1-3-1-2-4-0-1	2-2-6-1-1-3-5-5-1-4-0-1	0-0-1-1-2-1-4-1-3-2-1-3	0-1-2-3-1-1-3-2-1-3-0-1	3-1-0-3-0-3-0-0-3-0-1-2	0-2-0-3-6-6-1-0-0-2-2-1
858	3	2-2-4-3-2-2-3-2-4-3-3-4	3-2-2-3-4-2-3-2-4-2-5-4	2-4-5-1-2-1-4-2-4-2-2-4	4-3-3-4-1-4-4-1-2-2-2-4	1-4-2-3-5-1-4-4-2-5-2-3	2-2-2-3-5-5-2-1-1-2-1-4	1-1-2-2-4-3-2-4-1-2-4-1	5-1-5-2-1-4-2-1-1-3-5-5	5-7-5-1-1-3-5-1-5-3-1-2	5-5-2-2-4-1-3-1-4-2-7-1	5-1-3-2-7-4-4-5-7-3-1-3	3-4-4-2-4-2-1-5-3-6-1-1
858	4	4-4-3-4-4-4-4-4-3-3-3-3	3-5-5-3-3-2-3-5-3-4-3-3	7-3-3-2-3-6-5-3-3-3-5-3	3-3-5-3-1-3-5-1-5-4-4-3	1-3-2-7-3-5-5-3-4-5-5-4	5-5-2-3-3-1-5-1-5-4-2-3	3-5-4-2-3-3-2-3-4-2-7-5	4-1-1-2-4-3-5-5-1-4-3-3	4-0-5-3-2-5-2-1-2-3-1-5	3-1-4-2-3-4-5-7-3-3-3-1	3-4-3-2-6-3-3-3-3-1-1-4	6-3-3-5-3-2-6-3-3-3-2-3
858	5	6-5-5-7-4-6-5-5-5-5-5-5	6-4-4-5-6-2-6-4-3-4-6-3	3-6-6-6-6-1-6-6-6-5-4-6	6-3-4-6-6-6-4-6-6-4-6-0	6-3-2-6-3-6-6-5-5-4-4-6	7-5-6-7-3-3-6-6-4-2-2-5	6-4-4-2-3-3-6-6-4-2-6-4	3-6-3-6-6-3-7-7-6-3-6-3	3-0-6-6-6-4-3-3-3-4-6-4	3-6-4-4-6-1-4-2-3-5-6-1	3-5-3-2-3-5-0-3-6-6-1-3	4-6-5-4-3-3-6-3-3-3-6-1
858	6	5-7-5-5-5-7-7-7-6-6-6-7	7-4-4-5-5-6-5-5-7-4-5-7	7-5-5-5-5-4-5-5-5-5-7-5	5-6-6-5-5-5-7-5-5-4-5-7	5-3-6-5-6-5-7-6-6-6-4-5	5-5-5-7-6-3-5-5-6-6-2-6	6-4-2-6-7-6-5-7-6-6-5-4	6-5-5-5-5-6-6-5-5-6-5-3	6-6-5-5-5-3-6-3-3-4-5-4	3-5-6-6-5-1-0-2-7-4-5-1	5-6-3-6-4-7-3-3-5-5-6-6	4-5-7-6-5-2-5-3-5-3-5-1
858	7	7-6-5-5-7-6-6-7-6-6-5-6	6-4-7-5-7-7-6-7-7-7-6-6	7-7-7-5-7-7-7-6-7-7-6-7	6-7-7-5-7-7-6-7-7-7-5-6	5-3-7-7-6-7-6-7-7-7-1-7	5-7-7-6-7-3-6-7-7-7-7-6	6-7-7-7-5-7-7-7-7-5-4-7	7-7-7-6-7-6-5-5-5-7-3-4	0-3-7-5-5-7-7-3-7-3-5-4	3-7-7-7-7-1-7-4-6-7-3-7	3-7-4-6-3-6-3-3-3-7-7-7	7-6-6-4-3-7-7-3-3-7-5-7
859	0	0-0-0-0-0-0-0-0-0-0-0-0	0-0-0-0-0-0-0-0-0-0-0-0	0-0-0-0-0-0-0-0-0-0-0-0	0-0-0-0-0-0-0-0-0-0-0-0	0-0-0-0-0-0-0-0-0-0-0-0	0-0-0-0-0-0-0-0-0-0-0-0	0-0-0-0-0-0-0-0-0-0-0-0	0-0-0-0-0-0-0-0-0-0-0-0	0-0-0-0-0-0-0-0-0-0-0-0	0-0-0-0-0-0-0-0-0-0-0-0	0-0-0-0-0-0-0-0-0-0-0-0	0-0-0-0-0-0-0-0-0-0-0-0
859	1	1-1-1-1-1-1-1-1-1-1-1-1	2-0-0-3-0-0-2-2-0-1-0-2	0-3-0-3-2-2-2-2-0-3-1-2	2-0-1-2-2-2-0-1-1-1-1-0	1-0-0-2-0-2-2-2-1-1-0-1	2-0-2-0-0-3-2-1-1-1-3-0	3-2-1-0-2-3-1-2-1-1-0-2	1-3-3-2-3-0-2-3-3-0-0-0	0-0-2-3-3-0-0-2-1-1-1-1	0-2-1-2-2-1-0-3-2-0-0-3	0-1-0-0-0-1-0-0-0-1-2-1	0-1-1-0-0-3-3-0-1-0-1-1
859	2	2-3-2-2-2-2-2-2-2-2-2-2	1-3-2-0-0-2-1-3-3-2-3-3	2-1-4-2-1-1-3-4-0-1-3-1	1-2-3-1-1-1-2-1-4-4-1-0	2-0-3-2-1-1-3-1-3-2-0-3	1-0-3-0-2-1-3-1-2-2-2-2	5-1-2-2-1-2-3-1-2-2-0-1	2-4-6-3-1-3-4-3-1-0-2-3	0-0-1-1-2-0-0-3-2-2-2-2	0-1-2-5-1-1-0-2-1-3-0-1	3-1-0-2-5-1-0-3-0-0-1-2	0-1-1-6-0-5-6-0-0-3-2-2
859	3	2-2-3-3-2-2-3-2-3-3-2-4	3-2-2-1-4-2-3-5-2-3-5-4	5-4-4-1-3-4-2-3-4-1-2-3	4-3-4-3-1-1-4-1-2-2-2-4	1-4-2-3-4-1-4-3-2-3-3-6	1-1-2-2-4-1-2-1-2-2-1-3	1-1-2-4-3-3-2-4-1-2-4-1	4-1-1-2-1-4-1-1-1-3-4-4	4-3-4-1-1-4-4-6-5-3-1-4	4-4-3-2-4-1-4-1-4-4-4-1	4-1-5-2-6-4-5-4-4-1-1-3	3-1-3-4-4-4-1-3-6-5-2-1
859	4	4-6-6-6-2-4-4-4-4-4-4-5	4-2-2-6-4-4-5-5-5-4-6-3	3-5-3-5-5-6-5-5-6-5-5-5	5-3-3-5-5-5-3-4-5-2-5-3	5-3-4-5-3-4-5-5-4-4-4-4	5-0-5-5-3-1-5-5-4-4-2-4	2-1-2-3-6-5-4-5-4-2-5-5	3-5-3-5-5-3-2-5-4-3-3-3	3-6-5-5-4-3-3-5-2-4-5-3	3-3-4-2-5-1-6-4-3-3-3-1	3-4-3-2-3-3-3-3-3-5-4-4	3-5-4-5-3-3-5-3-5-3-5-1
859	5	6-6-4-6-5-6-6-6-6-5-5-6	3-2-2-4-5-5-4-4-6-4-4-6	3-4-6-4-4-3-4-4-4-4-6-4	4-5-5-4-4-4-6-4-4-4-4-6	4-3-2-4-5-4-6-4-5-5-4-4	6-6-4-6-3-1-4-4-5-5-2-5	2-1-2-5-4-5-5-4-5-2-4-4	5-4-2-4-4-5-5-4-4-4-4-3	5-5-4-4-4-3-3-4-3-5-4-3	4-4-5-2-4-1-4-6-6-4-5-1	3-5-3-2-2-3-3-2-4-4-5-4	3-4-4-4-4-2-4-3-4-3-4-1
859	6	6-5-6-4-6-5-5-6-5-5-5-5	4-6-6-4-6-6-4-6-5-6-4-5	6-6-6-5-6-4-6-5-4-6-5-6	5-6-6-6-6-6-5-6-6-6-6-5	4-3-6-6-5-6-5-6-6-6-5-3	6-5-4-5-6-6-6-6-6-6-2-5	5-6-6-6-4-6-6-6-6-6-4-6	6-6-6-4-6-5-6-1-4-4-6-4	5-4-6-6-1-6-3-3-6-6-4-2	3-3-6-6-6-1-6-5-5-6-3-6	3-6-3-5-3-3-3-3-3-4-6-6	6-2-3-2-3-6-2-3-3-6-2-1
860	0	0-0-0-0-0-0-0-0-0-0-0-0	0-0-0-0-0-0-0-0-0-0-0-0	0-0-0-0-0-0-0-0-0-0-0-0	0-0-0-0-0-0-0-0-0-0-0-0	0-0-0-0-0-0-0-0-0-0-0-0	0-0-0-0-0-0-0-0-0-0-0-0	0-0-0-0-0-0-0-0-0-0-0-0	0-0-0-0-0-0-0-0-0-0-0-0	0-0-0-0-0-0-0-0-0-0-0-0	0-0-0-0-0-0-0-0-0-0-0-0	0-0-0-0-0-0-0-0-0-0-0-0	0-0-0-0-0-0-0-0-0-0-0-0
860	1	1-1-0-1-1-1-1-1-1-1-1-0	0-2-1-0-0-2-0-2-0-0-0-0	0-0-0-0-2-0-2-0-0-0-2-2	0-2-2-0-0-0-0-0-2-0-2-0	0-0-0-0-0-2-0-0-2-0-1-0	0-0-0-0-0-0-2-0-1-1-0-0	0-0-1-0-0-1-0-0-1-0-2-4	0-0-0-0-0-0-0-0-0-1-0-0	1-0-0-0-0-0-4-0-0-0-0-0	0-0-0-0-1-0-0-1-0-0-0-0	2-1-1-0-1-0-0-0-0-0-0-1	0-0-0-0-0-1-0-0-0-1-0-0
860	2	2-2-4-2-2-1-2-4-3-3-2-3	3-1-1-3-0-3-3-2-3-3-3-3	2-3-3-3-3-3-3-3-3-3-1-3	3-3-3-3-3-3-3-3-3-3-3-3	3-0-3-3-0-1-3-3-2-0-3-3	2-3-3-3-2-4-3-3-0-0-0-4	3-4-1-2-3-0-3-3-0-4-7-3	1-4-8-3-3-0-0-4-3-1-2-1	0-0-3-3-8-2-0-3-0-3-4-4	0-3-8-3-3-3-3-0-3-0-3-4	1-4-8-0-0-4-3-0-0-3-3-2	1-3-4-3-0-0-3-0-0-0-2-2
860	3	2-3-2-3-3-2-2-3-2-2-2-2	2-4-4-2-0-2-2-4-2-2-2-2	2-2-2-2-2-2-4-4-2-4-4-4	2-2-4-2-2-2-2-2-4-4-4-2	2-0-2-2-4-4-4-2-4-3-2-2	2-2-4-2-3-2-4-2-4-3-6-3	2-2-3-0-2-3-2-2-0-3-0-2	0-2-2-2-2-4-6-2-2-4-0-0	0-0-2-2-3-2-1-2-7-3-2-5	0-2-3-4-2-2-4-6-2-0-4-2	3-2-0-6-4-2-2-0-0-2-4-3	3-2-2-3-0-0-2-0-6-0-6-0
860	4	2-3-2-5-3-4-2-2-2-2-4-5	2-3-3-5-0-3-5-3-3-3-5-5	7-5-7-2-4-5-3-3-2-3-3-3	4-4-5-2-2-2-2-5-3-3-3-7	2-6-2-2-4-3-3-4-3-4-2-2	5-2-3-4-6-2-3-2-3-3-0-2	8-2-4-4-5-0-5-5-0-2-6-1	1-2-6-3-2-3-1-2-2-6-4-4	6-5-3-2-6-4-6-5-3-1-2-2	6-6-4-3-3-2-3-0-6-6-6-2	6-2-6-3-5-6-6-6-6-6-3-2	4-2-2-6-6-6-2-6-6-0-2-2
860	5	6-6-6-7-6-6-8-7-6-6-6-6	6-6-5-4-7-7-6-6-6-6-4-6	5-6-6-6-5-6-6-6-6-6-6-5	6-5-6-6-5-2-6-6-5-5-6-4	7-4-5-7-5-5-6-5-6-6-6-2	5-6-6-6-4-6-6-6-6-5-0-6	6-6-5-5-6-6-6-6-5-6-8-6	6-5-7-5-2-6-5-2-2-5-4-5	5-4-8-5-8-6-5-4-6-8-5-6	4-5-5-6-6-6-6-7-7-4-4-2	4-8-7-5-8-8-4-4-4-5-6-7	8-8-5-8-4-7-5-4-5-5-5-8
860	6	5-5-5-8-5-5-5-5-5-5-5-5	5-5-5-6-7-5-7-5-5-5-7-5	0-7-5-5-7-5-7-5-5-5-5-7	7-4-5-5-7-7-5-7-5-5-7-4	7-4-8-7-2-7-7-5-5-5-5-7	6-7-7-5-4-7-7-5-5-0-3-5	5-5-5-4-5-5-5-7-0-5-7-5	5-6-4-7-6-5-8-7-7-5-4-0	4-4-7-7-7-5-4-4-5-5-7-5	4-4-5-5-7-5-7-3-6-4-4-7	4-5-5-3-5-4-4-4-4-7-5-7	4-7-2-4-4-4-6-4-4-6-3-7
860	7	5-5-5-6-5-8-5-5-5-5-6-8	5-5-5-6-6-5-6-6-5-5-6-6	4-6-6-5-6-5-6-6-5-6-6-6	6-7-7-5-6-6-8-6-5-5-6-8	6-4-2-5-7-6-8-7-7-7-5-6	6-6-6-7-7-6-6-5-7-0-0-8	8-6-5-4-7-7-7-6-7-5-6-5	5-6-4-6-6-5-5-6-6-5-6-0	7-7-6-6-6-5-4-4-5-5-6-7	5-4-7-5-6-6-7-8-8-4-4-6	6-7-5-5-5-4-4-4-4-6-5-7	4-6-5-4-6-5-6-5-6-0-6-6
860	8	8-5-6-6-8-7-5-8-5-5-5-7	5-5-8-6-8-5-6-8-8-8-6-6	8-7-8-5-6-5-8-5-5-8-7-8	7-8-5-8-8-8-7-8-5-8-8-7	5-4-8-8-8-8-7-8-8-8-2-2	5-6-8-7-8-4-7-8-8-8-8-7	7-8-8-4-6-8-8-8-8-8-4-5	8-8-6-7-8-5-6-6-6-5-5-4	5-8-8-7-5-0-8-5-8-5-6-6	6-4-8-8-8-2-8-7-7-8-4-8	4-5-2-8-5-5-4-4-5-5-8-8	5-7-7-5-3-8-8-5-8-8-6-5
861	0	0-0-0-0-0-0-0-0-0-0-0-0	0-0-0-0-0-0-0-0-0-0-0-0	0-0-0-0-0-0-0-0-0-0-0-0	0-0-0-0-0-0-0-0-0-0-0-0	0-0-0-0-0-0-0-0-0-0-0-0	0-0-0-0-0-0-0-0-0-0-0-0	0-0-0-0-0-0-0-0-0-0-0-0	0-0-0-0-0-0-0-0-0-0-0-0	0-0-0-0-0-0-0-0-0-0-0-0	0-0-0-0-0-0-0-0-0-0-0-0	0-0-0-0-0-0-0-0-0-0-0-0	0-0-0-0-0-0-0-0-0-0-0-0
861	1	1-1-1-1-1-1-1-1-1-1-1-1	2-1-1-1-0-1-0-0-0-1-0-0	0-0-0-2-2-2-0-1-0-2-0-2	2-0-0-3-2-2-2-1-2-0-2-1	4-0-0-0-0-2-2-2-0-1-2-2	1-0-2-1-1-2-2-2-1-1-0-2	0-3-1-0-2-0-1-2-0-3-2-2	0-1-5-2-2-0-1-2-1-1-0-0	0-0-2-2-3-0-0-2-0-1-1-0	1-1-0-2-2-1-2-1-2-2-0-3	1-3-0-1-0-1-0-0-1-2-2-1	0-2-1-0-3-1-2-0-1-1-2-3
861	2	2-2-3-2-2-2-2-2-2-2-2-3	1-4-2-1-0-2-0-3-3-3-1-2	3-1-1-1-1-1-3-3-3-1-3-3	1-3-2-1-1-1-4-1-1-2-1-0	1-0-0-2-2-3-3-1-2-2-1-1	3-1-4-2-2-1-3-1-2-2-2-1	0-1-2-0-1-2-4-1-2-2-1-1	2-1-1-1-1-0-2-3-1-2-0-2	0-0-1-1-2-1-0-1-2-2-1-2	0-0-3-1-1-0-1-2-1-3-0-1	1-2-6-2-3-2-0-0-0-1-1-2	0-1-0-0-1-2-1-2-1-3-1-2
861	3	3-2-3-3-2-2-3-3-3-3-3-2	3-2-2-3-3-2-3-2-2-2-4-4	2-4-4-5-3-4-2-4-4-4-2-3	4-4-4-4-1-1-3-1-3-2-2-1	1-4-0-5-4-2-4-3-3-2-1-3	2-1-1-3-2-4-2-4-2-2-1-4	3-1-2-3-4-0-4-2-2-1-3-2	2-3-4-2-3-4-3-2-3-4-3-4	4-4-4-2-1-3-4-4-5-3-3-3	4-6-3-5-4-4-3-1-4-4-3-1	4-1-4-2-4-4-4-4-4-3-1-3	3-3-3-3-4-4-2-4-4-2-3-1
861	4	4-4-5-6-4-4-4-4-4-6-5-5	3-2-2-4-3-3-3-5-5-5-5-3	4-3-3-5-5-3-5-3-3-3-5-5	5-3-5-3-5-5-2-5-5-0-5-4	5-3-5-3-3-4-5-5-3-4-6-5	4-0-5-4-3-3-5-1-2-4-2-5	4-4-2-4-3-4-3-5-4-1-5-5	3-5-3-5-4-3-6-5-4-3-5-3	3-3-3-5-5-3-3-5-3-4-5-3	3-5-4-0-5-3-5-2-3-3-5-4	3-4-5-2-3-3-3-3-3-4-4-3	3-4-5-4-5-3-1-3-3-3-5-4
861	5	4-6-4-4-5-6-6-4-6-5-4-4	4-2-2-4-5-6-3-4-4-4-4-3	4-4-3-4-4-5-4-6-6-5-4-4	4-5-5-3-4-4-6-4-4-5-4-4	4-3-4-3-5-4-4-4-5-5-4-4	4-5-4-4-5-3-4-1-5-5-2-5	6-4-2-4-4-5-3-4-5-1-4-4	5-4-1-4-4-6-2-4-6-3-4-3	5-5-5-4-4-0-5-4-3-3-4-0	4-4-5-3-4-3-4-6-6-5-4-1	4-5-4-2-0-5-5-5-5-5-5-5	3-4-4-4-4-1-1-3-4-3-4-4
861	6	6-5-4-4-6-5-5-6-5-4-4-6	4-6-6-4-6-5-3-6-6-6-4-6	6-6-6-4-6-6-5-6-6-6-6-6	6-6-6-6-6-6-5-6-6-6-6-4	4-4-6-6-6-6-5-6-6-6-4-6	6-6-6-5-6-6-6-6-6-6-6-6	5-6-6-6-4-6-6-4-6-6-6-6	6-6-6-5-6-5-4-1-5-3-5-3	5-5-6-6-4-0-6-5-3-3-6-0	0-6-6-6-6-5-6-5-5-6-4-6	6-6-2-6-2-5-3-3-6-5-6-5	6-5-6-0-3-6-6-6-6-6-5-6
862	0	0-0-0-0-0-0-0-0-0-0-0-0	0-0-0-0-0-0-0-0-0-0-0-0	0-0-0-0-0-0-0-0-0-0-0-0	0-0-0-0-0-0-0-0-0-0-0-0	0-0-0-0-0-0-0-0-0-0-0-0	0-0-0-0-0-0-0-0-0-0-0-0	0-0-0-0-0-0-0-0-0-0-0-0	0-0-0-0-0-0-0-0-0-0-0-0	0-0-0-0-0-0-0-0-0-0-0-0	0-0-0-0-0-0-0-0-0-0-0-0	0-0-0-0-0-0-0-0-0-0-0-0	0-0-0-0-0-0-0-0-0-0-0-0
862	1	1-1-1-1-1-1-1-1-1-1-1-1	1-1-1-0-0-0-0-2-0-1-0-0	1-0-0-1-0-0-2-0-0-0-2-2	0-0-0-0-1-0-0-0-2-1-2-0	1-2-0-0-0-2-2-0-1-0-2-0	4-2-1-0-0-0-2-0-2-1-1-0	2-1-1-0-0-0-0-0-1-1-0-0	1-1-0-0-1-0-2-2-0-1-0-0	1-0-0-0-0-0-0-0-0-1-0-0	0-0-1-0-0-0-2-1-0-0-0-1	0-2-1-1-1-0-0-0-0-0-0-1	6-1-0-1-0-1-0-0-0-0-1-1
862	2	3-2-2-1-1-2-2-1-2-2-2-3	2-2-1-3-0-3-3-1-3-2-3-3	1-3-0-0-3-3-3-3-0-3-1-3	3-0-2-2-3-3-3-2-3-1-1-2	4-1-3-4-3-1-3-3-2-1-1-3	3-3-3-2-2-3-3-4-1-1-0-2	1-1-1-0-3-0-3-3-2-2-3-4	1-4-4-3-3-0-1-4-2-0-2-0	0-0-3-4-4-3-0-3-1-2-4-2	0-3-0-0-3-3-3-1-3-0-0-2	0-3-2-4-0-0-0-0-0-3-3-2	1-2-2-2-0-2-2-0-2-0-2-4
862	3	3-3-2-3-3-4-3-3-3-2-3-2	2-4-4-2-0-3-2-4-4-4-2-4	4-2-0-3-2-2-4-4-4-2-4-4	2-3-4-2-2-2-5-2-4-3-3-3	2-0-2-2-2-3-4-2-5-3-1-2	2-2-5-0-4-2-4-3-5-3-3-3	6-1-4-3-2-0-4-2-3-3-3-6	3-4-2-2-2-4-5-1-3-4-6-0	3-0-2-2-3-2-6-2-5-2-2-2	4-2-3-3-2-2-2-1-2-3-0-2	4-2-7-5-0-0-0-4-0-2-2-1	0-4-2-3-4-4-2-0-6-2-5-2
862	4	5-3-4-5-3-3-5-5-4-4-3-5	4-3-3-4-6-3-4-3-5-3-4-5	6-5-6-5-4-2-3-6-3-3-3-3	5-4-5-5-2-5-5-2-3-3-3-4	2-5-2-2-4-4-5-4-4-4-4-4	1-2-3-4-3-4-3-2-3-3-3-2	7-3-3-5-4-5-3-0-2-1-5-2	5-2-5-2-2-5-1-2-5-4-5-5	5-5-5-2-2-5-5-5-6-4-2-6	5-5-0-3-5-2-3-1-5-5-5-2	5-3-5-2-5-5-5-5-5-2-2-4	7-3-4-5-5-5-2-5-5-5-2-2
862	5	6-5-7-7-3-5-7-4-5-5-5-4	4-3-3-5-6-6-7-6-4-4-6-4	4-6-6-6-6-7-6-6-4-6-6-5	6-4-4-4-6-6-4-2-6-3-6-4	6-4-2-2-6-5-6-5-3-5-1-6	6-4-3-5-4-4-6-5-3-3-3-5	3-6-5-4-5-5-5-7-2-7-6-7	4-6-4-5-6-4-3-6-7-4-4-4	4-4-4-6-7-4-4-6-3-3-6-4	4-4-3-3-6-6-7-1-4-4-4-6	4-6-4-3-4-4-4-4-4-5-5-5	0-5-4-4-4-4-6-4-4-4-6-5
862	6	5-7-5-5-6-7-5-5-7-6-7-7	6-4-3-5-5-7-7-5-7-6-5-7	4-5-5-5-5-6-5-7-7-5-5-5	5-6-6-5-5-5-7-5-5-6-5-7	5-4-6-4-6-5-5-5-6-6-4-5	5-7-5-4-4-4-5-5-3-3-3-6	3-5-3-4-6-6-3-5-6-3-5-7	6-5-5-5-5-7-7-5-5-4-5-4	6-4-4-5-5-6-6-6-4-3-5-4	6-5-6-6-5-7-6-7-7-6-4-5	5-5-4-6-7-7-4-6-4-5-6-6	7-7-4-6-4-6-5-4-3-4-5-5
862	7	7-6-5-5-7-7-5-7-6-6-6-6	6-7-7-5-7-7-5-7-6-7-5-6	7-7-7-5-7-5-6-6-6-7-7-7	7-7-7-7-7-7-6-7-5-7-7-6	5-4-7-7-7-7-6-7-7-7-6-7	6-7-7-6-7-4-7-7-7-7-7-7	6-7-7-7-5-7-7-5-7-5-6-6	7-7-5-6-7-6-6-5-5-4-6-4	4-7-7-6-5-7-7-6-7-3-5-3	5-4-7-7-7-6-7-6-6-7-5-7	4-5-3-1-6-6-4-4-4-6-7-7	7-6-4-1-4-7-7-4-4-7-3-5
863	0	0-0-0-0-0-0-0-0-0-0-0-0	0-0-0-0-0-0-0-0-0-0-0-0	0-0-0-0-0-0-0-0-0-0-0-0	0-0-0-0-0-0-0-0-0-0-0-0	0-0-0-0-0-0-0-0-0-0-0-0	0-0-0-0-0-0-0-0-0-0-0-0	0-0-0-0-0-0-0-0-0-0-0-0	0-0-0-0-0-0-0-0-0-0-0-0	0-0-0-0-0-0-0-0-0-0-0-0	0-0-0-0-0-0-0-0-0-0-0-0	0-0-0-0-0-0-0-0-0-0-0-0	0-0-0-0-0-0-0-0-0-0-0-0
863	1	1-1-1-1-1-1-1-1-1-1-1-1	1-2-0-1-0-1-1-0-2-1-0-2	3-2-2-1-0-2-3-2-0-0-1-0	2-0-3-0-1-0-2-4-0-0-1-1	0-1-4-0-2-0-2-1-0-1-0-1	3-0-0-0-1-2-0-0-1-0-0-2	0-0-0-1-0-4-0-0-0-1-1-0	1-0-0-0-1-2-0-0-1-1-1-0	2-2-2-0-0-0-2-2-0-1-1-0	1-1-1-2-2-1-0-0-1-2-1-0	0-1-1-0-2-1-2-1-3-0-0-1	1-1-1-1-1-1-1-1-1-1-1-0
863	2	2-2-2-2-2-2-2-2-2-2-3-2	1-1-1-3-0-3-1-3-1-2-3-1	1-1-1-6-3-1-3-1-0-3-0-3	3-0-1-3-3-3-1-6-3-0-2-1	2-1-1-0-1-2-3-3-2-1-0-2	3-4-2-0-2-4-3-2-2-2-0-3	3-4-2-0-3-2-8-3-2-2-2-3	1-4-4-3-2-1-3-8-2-1-0-0	1-1-1-3-4-0-1-3-0-2-2-3	2-4-0-1-3-2-0-0-3-1-2-4	3-4-1-0-1-2-1-2-0-2-3-1	0-3-2-1-1-2-3-1-2-2-2-2
863	3	3-3-3-3-3-3-3-3-3-2-2-4	1-4-4-2-5-4-2-4-2-3-2-4	4-2-1-2-2-2-4-3-0-2-4-4	2-3-4-2-2-2-6-2-4-3-4-1	2-1-6-3-3-2-4-2-4-4-0-2	1-7-4-4-3-2-4-2-3-3-6-2	2-2-3-1-2-3-4-4-3-3-2-2	3-3-4-4-2-4-6-2-2-4-1-3	3-1-4-2-3-4-4-2-6-3-2-3	2-2-3-2-2-4-4-3-2-4-8-2	2-2-0-3-3-5-1-3-7-2-2-3	4-2-2-4-3-2-2-1-3-6-3-6
863	4	4-3-3-4-3-3-4-4-3-4-4-3	4-3-3-2-5-3-2-3-4-4-5-5	3-5-5-2-4-5-3-4-4-2-3-4	5-4-5-6-2-6-4-1-3-5-3-1	2-5-1-4-6-3-3-4-4-3-4-2	5-2-3-4-6-2-3-2-3-3-3-2	3-2-3-1-5-4-3-5-4-2-3-3	4-2-2-3-2-5-3-2-2-3-4-6	6-4-3-2-2-4-6-2-3-4-2-4	5-6-1-8-3-3-3-3-6-6-5-2	6-2-6-0-3-6-6-6-6-4-4-6	3-2-4-3-6-6-3-6-5-3-3-3
863	5	5-6-6-6-6-6-6-6-6-6-6-8	6-5-5-2-7-6-6-6-6-6-6-6	5-4-6-7-6-6-6-7-7-6-5-6	5-5-6-5-5-4-6-7-6-5-5-5	7-7-6-6-5-5-6-5-6-6-7-5	5-5-3-5-4-6-6-6-6-5-3-6	8-6-5-5-4-5-5-5-6-5-8-6	5-2-4-5-5-6-5-6-2-5-4-4	5-5-6-5-7-5-5-6-7-8-2-5	6-5-5-6-6-6-7-5-4-5-4-2	4-8-6-5-6-7-4-4-4-5-6-5	6-6-5-3-6-7-7-4-4-5-5-8
863	6	7-5-5-7-5-5-5-5-5-5-5-5	5-5-5-7-5-5-5-7-5-5-7-5	6-7-5-5-7-5-7-5-5-5-5-5	7-4-5-7-7-7-5-7-5-5-7-5	7-5-7-7-4-7-7-7-5-5-8-7	5-8-7-6-4-5-5-5-5-6-3-7	3-5-5-5-4-6-3-7-5-5-7-5	5-7-4-7-7-5-8-7-8-4-7-4	4-1-5-7-7-5-4-7-5-5-7-3	5-4-5-5-7-5-5-5-4-4-7-7	4-5-5-3-5-5-4-4-4-6-5-4	5-5-6-6-5-4-5-4-2-3-7-3
863	7	6-5-5-6-5-5-5-5-5-5-5-6	5-5-5-6-5-5-6-6-6-5-6-5	5-6-5-5-6-7-6-5-5-5-7-6	6-7-7-6-6-6-5-6-5-5-6-5	5-5-6-6-7-6-6-6-7-7-5-6	8-5-6-5-4-5-7-5-7-7-3-6	8-5-5-8-8-7-3-6-7-5-6-5	7-6-7-6-6-1-3-6-8-3-6-4	7-8-7-6-6-5-7-6-5-5-6-0	7-7-5-5-6-6-5-5-8-5-6-6	5-5-5-0-5-5-4-4-5-7-5-7	3-5-5-7-7-5-5-4-2-3-6-3
863	8	8-7-6-6-8-5-5-8-5-5-5-5	5-5-8-6-8-5-6-8-8-8-6-5	8-8-8-5-8-5-7-5-5-8-5-8	6-8-8-8-8-8-5-8-8-8-8-5	5-6-6-8-8-8-7-8-8-8-6-6	5-8-8-6-8-5-8-8-8-8-8-8	5-8-8-7-7-8-8-8-8-8-5-5	8-8-2-7-8-7-6-6-7-5-5-7	6-7-8-7-2-8-8-6-8-5-6-6	7-8-8-8-8-5-8-7-8-8-3-8	4-5-5-8-5-5-4-4-5-5-8-7	8-5-5-5-5-8-8-4-8-8-7-5
864	0	0-0-0-0-0-0-0-0-0-0-0-0	0-0-0-0-0-0-0-0-0-0-0-0	0-0-0-0-0-0-0-0-0-0-0-0	0-0-0-0-0-0-0-0-0-0-0-0	0-0-0-0-0-0-0-0-0-0-0-0	0-0-0-0-0-0-0-0-0-0-0-0	0-0-0-0-0-0-0-0-0-0-0-0	0-0-0-0-0-0-0-0-0-0-0-0	0-0-0-0-0-0-0-0-0-0-0-0	0-0-0-0-0-0-0-0-0-0-0-0	0-0-0-0-0-0-0-0-0-0-0-0	0-0-0-0-0-0-0-0-0-0-0-0
864	1	2-2-2-2-1-1-1-3-1-1-2-2	2-2-1-0-2-2-2-2-2-2-0-2	1-2-1-2-2-2-2-2-2-2-3-2	2-0-2-2-1-0-2-2-1-2-1-2	2-0-1-0-0-1-2-1-1-2-4-2	1-2-2-4-0-2-1-2-2-1-1-2	0-1-2-1-2-1-2-4-1-3-1-4	5-1-1-1-1-2-2-1-0-1-2-0	1-0-2-1-2-2-2-2-2-2-1-10	2-1-1-2-1-1-1-1-0-4-2-1	1-10-10-0-1-1-1-1-2-1-2-1	1-1-1-1-1-1-1-1-0-1-5-2
864	2	1-1-1-5-1-1-1-1-1-1-1-1	1-1-1-3-1-1-4-1-1-1-3-1	1-4-1-1-3-1-3-1-1-3-1-3	3-0-1-3-3-4-1-4-1-1-2-7	3-0-3-3-0-3-3-3-1-1-6-3	1-4-3-7-2-4-3-3-1-1-0-4	2-4-1-0-3-0-1-3-1-1-2-3	1-4-5-3-2-1-1-10-3-1-1-0	1-0-1-3-5-1-1-3-1-1-3-7	1-3-1-1-3-5-3-9-3-1-1-9	3-1-0-0-0-3-3-0-1-3-1-1	1-3-4-1-3-3-3-0-5-3-2-1
864	3	1-3-2-1-3-1-1-1-1-1-1-1	1-5-3-2-1-1-2-4-1-1-2-4	1-2-1-1-2-1-4-2-1-2-4-2	2-4-3-2-2-2-4-2-4-4-4-2	2-0-2-2-3-4-4-2-4-1-1-2	1-1-4-2-3-2-4-2-3-3-0-3	4-2-1-3-2-3-3-2-1-1-2-2	1-2-2-4-2-1-3-2-2-3-5-0	1-0-4-2-3-1-4-4-1-3-2-4	1-2-3-1-2-6-2-5-4-1-4-2	2-6-0-3-1-2-4-5-1-4-2-3	1-2-2-4-2-2-2-0-0-2-6-1
864	4	1-4-1-1-1-4-4-1-1-1-1-1	1-3-4-2-1-1-2-6-1-4-2-3	1-2-1-1-2-1-3-6-6-6-5-3	2-3-5-2-2-2-3-2-5-4-3-2	2-0-2-5-0-3-5-4-5-1-1-2	1-2-3-1-6-2-5-2-4-4-5-2	3-2-5-3-5-3-5-5-4-1-3-1	0-2-2-3-2-1-3-5-4-5-6-0	1-0-5-2-4-1-4-3-5-9-3-3	5-3-6-5-3-3-5-5-3-1-10-2	5-4-8-6-1-8-3-0-0-3-1-4	7-2-2-3-1-3-2-0-0-8-10-1
864	5	5-5-2-2-3-4-5-5-5-5-5-6	6-3-4-2-1-6-6-4-6-6-6-6	6-6-6-1-5-7-6-7-9-6-4-5	6-6-4-2-2-6-6-2-4-7-3-9	2-0-9-4-7-3-6-6-4-6-9-6	6-6-3-6-5-2-4-6-1-1-4-6	6-2-4-6-6-5-4-6-4-1-6-1	1-2-2-6-2-9-3-6-5-4-6-0	5-6-6-6-2-6-5-6-4-6-2-7	6-6-5-6-6-2-4-4-6-5-5-2	2-1-5-3-1-10-6-9-6-6-1-5	5-6-5-5-2-6-2-5-5-6-1-3
864	6	5-7-5-5-7-6-6-8-1-5-5-5	5-7-7-2-6-5-5-4-5-4-5-5	5-5-5-2-7-5-7-8-5-8-7-7	5-5-5-2-2-5-7-1-7-4-7-5	2-0-2-4-5-6-7-5-4-5-2-5	5-5-3-6-5-2-5-6-6-6-4-6	5-2-7-5-5-6-4-5-6-1-5-1	6-2-2-5-2-5-10-5-5-4-7-1	5-5-5-5-6-5-5-5-7-5-2-2	5-5-4-5-5-3-4-4-5-5-5-2	5-3-7-4-9-5-5-3-5-5-9-6	9-5-5-5-2-3-2-0-0-9-3-1
864	7	7-6-10-10-7-6-7-7-10-10-7-9	5-6-6-9-8-1-8-9-8-8-8-8	5-8-8-10-9-5-8-8-8-8-6-6	8-5-8-9-9-9-8-9-6-8-7-2	9-9-5-5-5-7-8-8-7-8-8-8	8-8-8-9-5-2-8-8-6-4-0-8	8-8-6-9-8-7-6-8-6-3-9-8	0-8-1-8-9-5-3-9-8-4-9-0	10-5-9-8-7-1-5-5-6-4-7-8	1-7-7-8-5-8-1-4-8-5-8-2	0-7-7-6-0-7-7-0-9-9-8-9	4-9-5-9-9-1-8-0-7-7-7-8
864	8	7-10-7-10-9-8-7-10-7-7-9-7	5-9-9-7-7-9-7-7-7-7-7-7	5-7-7-7-7-7-9-7-7-9-9-7	7-5-7-7-7-7-7-7-9-9-9-7	7-0-7-9-5-9-9-7-9-7-7-7	7-7-7-9-5-2-9-8-8-8-8-7	7-7-9-7-7-8-9-9-8-9-7-7	0-9-5-9-7-5-3-7-7-8-7-0	8-5-7-7-8-6-9-5-9-4-9-7	0-7-8-7-9-7-9-9-7-5-7-8	0-7-9-8-0-8-8-0-7-5-7-8	9-5-5-8-1-0-7-8-0-8-9-7
864	9	7-8-7-9-9-10-10-10-10-9-9-10	10-8-8-7-9-8-7-7-10-10-7-10	5-10-10-10-7-7-8-7-5-9-8-6	7-9-7-7-7-7-10-7-8-8-8-10	7-7-5-8-5-8-8-9-8-9-5-5	7-7-8-8-9-10-8-7-9-9-4-7	10-2-8-7-8-9-8-8-9-8-7-7	9-8-2-8-7-5-3-7-5-4-7-9	10-5-7-8-7-5-5-5-10-4-8-2	10-7-9-10-8-7-8-8-8-5-7-2	5-9-8-3-6-9-9-5-7-7-7-7	6-7-5-7-7-5-7-5-5-6-8-8
864	10	10-8-7-8-10-9-9-10-9-7-10-9	9-10-10-7-10-10-5-10-10-10-7-9	10-9-10-7-9-10-9-9-5-10-9-10	9-10-10-10-10-10-9-10-9-10-10-9	10-0-10-10-10-8-9-10-10-10-1-10	10-10-10-9-10-9-9-10-10-10-10-10	9-10-10-7-10-10-10-10-10-10-7-7	10-10-2-9-10-10-6-2-5-5-7-10	7-10-5-10-7-10-10-5-9-10-8-1	5-10-8-10-10-6-10-4-9-10-4-10	10-1-1-4-1-5-9-10-1-10-10-10	10-9-5-5-7-10-10-10-10-10-4-10
865	0	0-0-0-0-0-0-0-0-0-0-0-0	0-0-0-0-0-0-0-0-0-0-0-0	0-0-0-0-0-0-0-0-0-0-0-0	0-0-0-0-0-0-0-0-0-0-0-0	0-0-0-0-0-0-0-0-0-0-0-0	0-0-0-0-0-0-0-0-0-0-0-0	0-0-0-0-0-0-0-0-0-0-0-0	0-0-0-0-0-0-0-0-0-0-0-0	0-0-0-0-0-0-0-0-0-0-0-0	0-0-0-0-0-0-0-0-0-0-0-0	0-0-0-0-0-0-0-0-0-0-0-0	0-0-0-0-0-0-0-0-0-0-0-0
865	1	1-2-2-2-1-2-1-2-1-1-2-2	2-2-1-0-2-2-2-2-2-1-2-1	1-2-1-2-2-2-2-2-0-2-2-2	2-1-2-2-1-0-3-2-1-2-2-1	2-1-1-2-1-1-2-1-1-1-3-1	4-2-2-1-1-2-1-2-2-1-4-2	4-2-1-1-1-1-1-2-2-1-1-1	1-1-1-1-1-6-1-1-1-1-3-1	1-1-1-2-2-2-1-1-2-1-1-0	1-1-2-2-1-1-1-1-4-6-0-1	1-7-4-2-3-2-1-1-4-1-1-1	3-1-1-1-1-1-1-0-1-1-1-1
865	2	1-1-1-1-1-1-1-1-1-1-1-1	3-1-1-3-1-1-3-1-1-1-1-1	1-3-1-1-3-1-1-1-1-3-1-1	3-0-1-4-3-3-1-5-3-1-1-1	1-1-1-1-0-3-3-3-1-1-1-3	1-1-3-2-2-1-3-1-1-1-0-4	1-4-1-0-3-2-2-3-1-2-0-3	1-4-4-3-3-1-7-4-2-1-6-0	0-0-3-4-4-3-0-3-1-2-4-2	0-6-1-1-3-4-3-1-3-1-1-2	6-4-0-1-1-1-0-0-6-2-3-2	1-3-2-1-4-6-3-0-0-0-2-4
865	3	1-3-1-3-5-1-1-1-1-1-1-1	2-5-5-2-1-1-2-2-1-1-2-1	2-2-1-1-2-1-4-1-4-2-4-4	2-3-3-2-2-2-5-1-4-3-4-1	2-1-5-5-3-2-4-2-3-3-1-2	1-1-4-2-3-2-4-3-3-3-6-2	2-1-4-0-2-3-4-2-3-1-0-4	1-2-2-2-2-1-6-2-3-3-1-0	0-0-2-2-1-2-0-2-6-2-2-5	0-2-3-4-2-2-4-5-2-4-4-2	0-1-3-4-1-1-0-0-0-2-2-3	1-2-0-4-0-1-2-0-6-4-5-3
865	4	4-5-1-5-1-1-1-1-5-1-1-5	5-3-3-2-1-1-4-6-5-5-5-5	6-5-5-5-3-1-3-5-5-5-3-5	5-5-5-5-2-3-5-2-3-3-3-6	1-6-4-4-5-3-5-5-4-4-1-7	1-5-3-6-5-5-3-1-1-1-1-2	1-2-3-5-5-5-3-5-1-1-5-3	1-2-5-3-2-5-3-2-5-4-5-6	5-0-5-2-2-5-5-5-3-4-2-3	5-5-4-1-3-2-3-1-5-5-5-2	5-2-5-3-5-5-6-5-5-5-2-4	4-2-5-5-5-5-2-5-5-6-2-2
865	5	5-4-5-6-3-5-7-5-4-4-5-6	4-3-3-6-1-1-4-4-4-4-4-4	2-4-4-6-6-6-6-6-4-6-6-6	6-4-4-4-6-6-4-2-6-3-6-4	7-4-6-6-4-6-6-6-4-2-6-6	6-4-6-5-4-4-6-6-1-5-3-6	6-6-3-4-4-5-3-6-5-2-6-6	4-6-4-6-6-4-3-6-4-4-4-4	4-0-4-6-6-4-4-6-3-6-6-3	4-4-5-4-6-6-6-3-4-4-6-6	4-2-4-3-4-4-4-4-4-4-2-5	1-2-4-6-4-4-2-4-4-4-6-2
865	6	5-7-5-5-1-7-7-5-7-6-5-7	4-3-3-5-6-1-4-4-4-4-4-7	4-5-4-5-5-5-5-5-5-5-6-5	5-4-6-5-5-5-7-5-5-3-5-4	1-4-5-5-4-5-7-5-4-6-7-5	5-7-7-7-6-4-5-5-6-6-3-6	7-5-6-6-7-6-3-5-6-6-5-5	6-5-2-5-5-1-3-5-5-1-5-4	6-6-6-5-5-2-4-5-3-5-5-3	1-5-6-6-5-5-5-3-7-1-5-5	2-6-7-4-1-6-4-4-4-6-2-6	7-7-7-5-6-2-2-4-5-4-5-2
865	7	7-6-7-5-7-6-6-7-6-6-5-6	4-7-7-5-7-7-6-7-7-7-5-6	7-7-7-5-7-7-7-6-7-7-6-7	6-7-7-7-7-7-6-7-7-7-7-6	7-4-7-7-7-7-6-7-7-7-6-4	6-7-7-6-7-6-7-7-7-7-7-6	6-7-7-7-5-7-7-7-7-7-7-7	7-7-7-7-7-5-2-2-2-4-1-7	2-6-7-7-5-7-7-4-7-7-5-7	4-4-7-7-7-7-5-7-6-7-5-7	4-1-7-7-1-4-4-4-4-6-7-7	7-6-4-1-4-7-7-4-4-7-3-1
866	0	0-0-0-0-0-0-0-0-0-0-0-0	0-0-0-0-0-0-0-0-0-0-0-0	0-0-0-0-0-0-0-0-0-0-0-0	0-0-0-0-0-0-0-0-0-0-0-0	0-0-0-0-0-0-0-0-0-0-0-0	0-0-0-0-0-0-0-0-0-0-0-0	0-0-0-0-0-0-0-0-0-0-0-0	0-0-0-0-0-0-0-0-0-0-0-0	0-0-0-0-0-0-0-0-0-0-0-0	0-0-0-0-0-0-0-0-0-0-0-0	0-0-0-0-0-0-0-0-0-0-0-0	0-0-0-0-0-0-0-0-0-0-0-0
866	1	1-1-1-1-1-1-1-1-1-1-1-2	2-2-1-1-0-2-1-2-1-1-2-1	1-0-2-2-2-2-2-2-2-1-2-2	2-1-2-2-1-0-2-2-1-2-1-2	2-1-1-2-1-1-2-1-1-1-4-1	4-2-2-2-2-2-1-2-1-1-4-2	1-2-1-1-2-1-0-2-1-1-1-1	1-1-1-1-1-3-1-2-1-1-0-1	1-1-2-1-2-2-1-2-2-2-1-2	2-1-2-2-1-1-1-1-0-2-4-1	1-2-4-1-4-2-2-1-1-1-2-1	4-1-1-1-1-2-1-2-4-1-4-1
866	2	1-1-1-2-1-1-1-1-1-1-1-1	1-1-1-4-3-1-3-1-1-1-1-4	1-3-1-6-1-3-1-1-1-4-1-3	3-0-1-4-3-3-1-1-1-1-2-1	1-0-1-1-3-3-3-3-1-1-1-3	3-1-3-1-1-1-3-1-1-1-0-1	3-4-1-1-3-2-2-3-1-1-5-3	1-4-4-3-4-1-2-4-3-0-4-0	2-0-3-3-4-1-1-3-1-1-2-1	1-3-1-1-3-4-0-1-3-1-1-4	5-4-0-1-1-1-1-0-1-3-1-1	0-3-2-0-1-1-3-1-2-2-2-4
866	3	1-3-1-3-3-1-1-1-1-1-1-1	1-4-3-2-2-1-2-2-1-1-2-2	1-2-1-2-2-2-4-4-1-2-4-2	2-3-4-2-2-2-4-1-4-4-3-1	1-0-2-3-2-2-4-2-3-3-1-2	2-3-4-1-3-2-4-2-3-3-3-3	2-2-1-0-2-3-4-2-1-3-2-2	7-2-4-2-2-1-6-2-2-0-2-1	3-0-2-2-3-1-3-2-1-3-2-3	2-2-3-4-2-2-4-8-2-4-0-2	1-3-9-3-9-2-1-0-0-2-1-1	0-2-2-4-1-5-2-1-2-1-3-1
866	4	4-3-1-5-3-1-4-5-1-4-5-5	4-3-3-5-2-1-5-5-5-1-5-6	6-5-4-2-4-1-3-5-5-2-3-4	4-4-5-2-2-5-3-2-3-3-3-6	1-7-3-2-7-4-3-5-4-3-1-9	1-1-3-4-5-7-3-3-1-3-1-4	2-2-3-4-5-4-3-5-1-2-4-2	1-2-7-2-2-1-3-2-2-4-2-4	6-6-5-2-2-1-6-2-1-4-2-3	7-2-1-5-2-2-3-3-5-3-7-2	6-2-4-1-1-1-6-6-7-2-1-4	1-2-4-3-1-1-2-8-1-6-1-2
866	5	6-5-6-4-6-6-6-7-6-7-6-4	7-6-6-4-7-7-4-6-6-6-6-6	5-4-6-7-6-6-5-6-6-6-7-6	6-5-6-5-2-6-6-6-6-8-5-4	8-5-6-8-4-5-6-5-6-5-8-6	7-6-6-5-6-9-6-6-6-5-2-5	7-7-5-5-6-5-8-6-8-8-2-5	5-2-2-5-5-7-8-6-2-5-9-5	5-4-7-5-8-8-7-6-8-5-5-8	5-2-6-5-6-2-6-5-6-7-4-2	5-8-8-4-9-7-4-4-4-9-6-6	7-6-6-6-6-8-6-7-5-6-5-9
866	6	5-5-5-4-5-5-5-5-5-5-5-5	5-5-5-4-5-5-7-5-5-5-5-5	4-7-5-5-8-5-7-5-5-5-5-7	7-4-5-8-7-8-5-5-5-5-7-4	5-4-5-6-4-6-7-7-5-5-5-6	5-5-7-6-5-4-7-5-5-5-3-8	8-5-5-6-7-5-3-5-5-5-8-8	5-7-4-7-7-5-3-5-4-5-5-4	4-4-5-7-5-5-4-9-5-5-6-5	4-8-5-5-5-7-5-3-7-5-8-2	4-5-4-1-5-5-4-4-4-6-5-7	5-5-5-7-8-5-7-4-8-5-8-5
866	7	5-8-5-9-9-5-5-5-5-5-5-5	5-8-5-4-5-5-6-8-5-5-5-6	4-6-5-5-6-5-8-5-5-5-8-6	6-4-5-5-6-6-5-5-8-5-8-4	6-4-8-7-4-8-8-6-7-7-5-6	5-6-6-6-4-4-6-7-5-7-8-7	5-5-5-4-6-9-8-6-5-5-4-6	5-8-4-6-6-5-5-5-4-5-5-4	5-4-5-6-7-5-5-4-5-7-6-5	4-6-7-9-5-2-5-6-6-5-4-2	4-5-1-1-5-5-4-4-4-6-6-6	5-5-6-6-5-5-6-5-8-5-5-1
866	8	5-7-5-4-7-5-5-5-5-5-5-9	5-7-7-4-5-5-9-7-9-5-5-9	4-8-6-5-6-8-7-7-9-5-7-6	6-8-8-6-6-6-7-5-7-5-7-4	5-4-7-5-4-7-7-6-8-8-5-5	5-5-6-6-5-2-7-5-8-7-7-6	9-5-7-7-7-8-5-7-5-5-6-6	5-7-4-7-6-5-5-5-2-4-2-4	8-4-5-6-5-5-4-8-5-5-6-5	9-6-8-5-9-2-7-3-9-5-8-2	4-5-5-5-5-5-4-4-8-6-5-8	5-9-8-6-8-5-5-4-6-5-6-5
866	9	9-7-9-7-7-5-5-9-5-5-5-8	5-7-9-4-9-5-8-9-9-9-8-8	9-8-9-5-9-9-8-5-8-9-5-9	8-9-5-9-9-9-8-9-8-9-9-4	5-4-9-9-9-9-8-9-9-9-5-9	5-9-9-6-9-5-9-9-9-9-3-9	8-9-9-9-8-7-9-9-9-9-8-6	9-7-9-8-9-4-9-2-2-5-5-5	8-5-9-9-2-9-9-6-5-5-7-3	8-4-9-9-8-2-9-3-8-9-4-9	4-5-5-5-5-5-4-4-5-5-9-9	5-8-5-5-5-9-9-4-9-9-6-5
867	0	0-0-0-0-0-0-0-0-0-0-0-0	0-0-0-0-0-0-0-0-0-0-0-0	0-0-0-0-0-0-0-0-0-0-0-0	0-0-0-0-0-0-0-0-0-0-0-0	0-0-0-0-0-0-0-0-0-0-0-0	0-0-0-0-0-0-0-0-0-0-0-0	0-0-0-0-0-0-0-0-0-0-0-0	0-0-0-0-0-0-0-0-0-0-0-0	0-0-0-0-0-0-0-0-0-0-0-0	0-0-0-0-0-0-0-0-0-0-0-0	0-0-0-0-0-0-0-0-0-0-0-0	0-0-0-0-0-0-0-0-0-0-0-0
867	1	1-0-1-1-0-0-0-0-1-1-0-1	2-0-0-2-0-0-0-2-0-0-2-0	0-2-0-0-2-0-2-0-0-2-0-2	2-0-0-0-2-2-0-2-1-0-2-0	4-0-2-0-0-1-2-2-1-0-0-2	2-3-2-0-0-3-2-2-0-0-0-2	0-2-0-0-2-0-0-0-0-1-2-2	3-1-1-2-1-0-0-8-1-0-0-0	1-0-2-2-3-1-0-2-0-1-1-1	0-2-0-0-2-1-4-1-2-0-0-5	2-1-0-0-0-1-0-1-0-1-2-0	0-1-1-0-0-3-1-0-1-2-2-3
867	2	2-2-2-2-3-0-2-2-2-1-2-3	1-3-2-1-2-3-0-1-1-3-1-1	6-1-0-0-1-2-3-2-0-1-3-1	1-0-2-0-1-1-0-1-3-4-3-0	1-0-1-3-0-1-3-1-3-2-0-1	1-1-3-0-2-1-3-1-2-2-3-1	5-1-2-0-1-2-2-1-2-5-1-3	2-1-3-4-1-3-5-3-2-2-2-0	2-0-1-1-2-2-2-1-5-2-1-2	0-1-3-5-1-5-1-3-1-3-5-1	7-2-8-1-0-0-0-2-0-1-3-0	0-1-1-3-0-7-1-0-0-1-1-0
867	3	3-2-3-3-2-3-3-3-3-3-3-4	4-2-2-3-4-4-4-7-4-2-4-5	4-4-5-0-3-4-4-4-4-5-2-3	4-5-4-4-1-4-6-3-2-0-2-3	1-4-4-4-5-2-4-4-2-3-7-4	4-1-2-3-2-7-2-2-2-2-2-4	4-2-3-3-4-3-5-4-2-2-4-2	1-1-2-1-1-4-2-2-4-3-3-7	3-3-2-1-1-5-5-4-2-2-1-1	4-8-2-0-2-1-2-2-5-4-4-1	5-1-3-2-0-5-4-4-5-8-2-3	3-1-4-2-6-6-1-3-4-4-1-1
867	4	3-4-4-4-4-4-4-4-4-4-4-3	3-5-5-3-4-6-3-6-3-3-3-3	3-3-3-6-1-3-5-3-6-6-5-4	3-3-5-3-1-3-5-3-5-5-2-3	1-3-3-3-3-4-5-3-5-2-5-3	3-8-2-0-2-3-5-1-4-4-2-3	3-5-5-3-3-4-2-3-4-4-3-2	4-1-2-2-1-3-7-5-3-7-3-3	4-4-2-3-4-3-3-3-5-5-1-1	3-1-2-5-5-4-1-2-3-3-3-1	3-2-0-8-0-3-3-3-3-3-4-4	6-1-3-4-3-3-1-3-3-3-2-0
867	5	5-5-5-6-5-5-5-5-5-5-5-6	5-4-4-5-4-6-8-7-6-6-6-6	7-6-6-5-7-8-6-6-6-6-4-5	6-3-6-5-7-7-4-1-4-4-5-5	7-3-5-5-7-5-6-6-4-5-4-5	7-6-6-7-3-3-6-6-4-4-2-6	7-4-4-7-6-8-5-6-2-4-5-6	5-6-3-6-6-3-2-7-8-5-7-3	8-7-6-6-5-3-3-6-6-5-5-2	3-5-5-4-4-6-6-6-6-3-7-1	3-5-6-4-8-3-0-3-3-7-6-5	4-6-5-5-7-3-6-3-3-3-5-6
867	6	5-8-5-8-5-6-5-4-5-5-7-5	5-7-7-5-7-4-5-5-5-5-5-5	5-5-5-4-5-5-7-5-5-5-7-5	5-6-5-5-5-5-7-1-7-7-7-3	5-3-5-7-3-7-7-5-7-6-5-5	5-5-5-5-6-3-7-5-6-6-7-5	5-4-4-5-5-6-7-7-6-7-5-5	2-7-8-7-5-3-2-5-5-6-5-3	6-0-5-5-6-2-3-5-5-5-7-6	3-5-6-6-7-5-7-2-5-7-5-1	2-5-7-4-0-3-8-3-3-5-5-5	7-5-3-5-3-3-5-3-3-3-6-5
867	7	5-8-5-7-5-8-8-8-8-7-7-8	8-6-6-5-7-6-5-5-8-7-5-8	5-5-5-8-5-5-6-5-6-5-6-5	5-7-5-5-5-5-8-5-6-6-6-8	5-3-5-6-5-6-6-7-6-7-4-6	5-5-6-5-7-3-6-6-7-7-6-5	8-8-6-5-5-7-6-6-7-6-5-5	7-6-3-6-5-3-2-5-5-4-5-3	4-7-5-6-5-3-6-3-8-7-6-1	3-5-5-8-6-3-6-3-6-6-7-1	2-7-6-7-0-7-7-4-7-5-7-5	6-6-7-5-7-2-6-3-6-3-5-1
867	8	8-6-5-6-8-7-7-8-7-5-8-7	7-6-8-5-8-8-5-8-8-8-5-7	8-8-8-8-8-5-8-7-8-8-7-8	7-8-8-8-8-8-7-8-7-8-8-7	5-3-8-8-8-6-7-8-8-8-5-8	7-8-8-7-8-3-7-8-8-8-8-5	7-8-8-8-5-5-8-8-8-8-7-7	8-6-8-7-8-8-5-1-5-6-5-6	5-8-8-8-1-8-3-5-7-8-6-8	7-3-6-8-8-4-8-4-7-8-2-8	3-8-2-4-4-7-7-3-3-8-8-8	8-4-7-8-3-8-8-8-3-8-5-8
868	0	0-0-0-0-0-0-0-0-0-0-0-0	0-0-0-0-0-0-0-0-0-0-0-0	0-0-0-0-0-0-0-0-0-0-0-0	0-0-0-0-0-0-0-0-0-0-0-0	0-0-0-0-0-0-0-0-0-0-0-0	0-0-0-0-0-0-0-0-0-0-0-0	0-0-0-0-0-0-0-0-0-0-0-0	0-0-0-0-0-0-0-0-0-0-0-0	0-0-0-0-0-0-0-0-0-0-0-0	0-0-0-0-0-0-0-0-0-0-0-0	0-0-0-0-0-0-0-0-0-0-0-0	0-0-0-0-0-0-0-0-0-0-0-0
868	1	1-1-1-1-1-0-1-1-1-1-1-1	1-0-0-3-0-0-0-2-0-1-0-0	0-1-0-1-2-2-2-0-0-3-2-2	2-2-0-3-2-2-0-1-1-1-1-0	1-0-1-2-0-1-2-2-1-1-0-2	2-2-2-0-1-3-2-1-1-1-0-3	0-1-1-0-2-0-1-2-1-1-0-1	1-1-1-2-1-0-1-1-1-1-0-0	0-0-2-3-3-0-0-2-0-1-1-1	0-2-0-0-2-3-0-1-2-3-0-3	0-1-0-1-0-0-0-0-0-2-1-1	0-2-1-2-0-2-3-0-1-0-1-1
868	2	2-2-2-2-2-2-2-2-2-2-2-3	1-3-3-1-2-3-0-3-0-2-0-2	1-1-0-2-1-1-3-3-4-1-3-1	1-1-3-1-1-1-0-1-4-4-1-0	1-4-4-2-2-1-3-1-3-2-3-1	3-4-1-2-2-1-3-1-2-2-4-1	4-1-2-4-1-2-3-1-2-4-4-3	2-3-1-3-3-3-4-2-2-2-0-3	5-0-1-1-2-4-2-1-4-4-1-2	0-1-2-3-1-1-1-5-1-3-2-1	0-1-2-3-2-0-0-0-2-1-1-1	5-1-1-3-0-1-1-0-0-0-2-2
868	3	3-2-4-3-3-3-3-3-3-3-3-2	3-2-2-1-4-2-6-2-4-3-4-4	5-4-5-1-3-1-2-4-0-1-2-4	4-4-4-4-1-1-4-1-3-2-1-0	1-6-3-3-4-2-4-3-2-3-2-0	2-3-2-0-4-1-2-1-2-2-2-1	2-1-2-2-4-3-2-4-3-1-4-2	2-2-4-2-2-2-3-2-2-3-4-5	4-6-4-1-1-3-4-4-5-3-1-2	4-4-3-6-4-1-0-2-4-4-4-1	4-1-5-2-4-6-4-4-4-1-4-4	3-1-3-4-4-4-1-4-4-5-1-1
868	4	4-4-5-4-4-4-4-5-4-4-5-2	3-2-2-5-5-4-5-3-3-2-3-3	4-5-5-5-5-1-3-3-5-5-3-5	5-3-3-3-5-5-3-5-5-2-5-4	5-2-2-2-3-5-5-5-4-1-5-5	5-5-5-4-3-5-5-5-2-4-2-5	6-5-5-2-3-6-2-5-4-2-3-5	4-5-3-5-5-3-2-5-4-3-5-3	3-0-3-5-5-3-3-3-2-2-5-4	3-3-3-5-5-5-5-2-3-3-3-5	3-4-3-2-3-3-3-3-3-5-3-3	3-5-4-5-3-3-5-3-3-3-5-5
868	5	4-6-4-6-5-6-6-4-5-5-4-6	4-2-2-4-4-5-4-3-6-3-4-6	3-4-4-4-4-2-4-6-4-4-6-4	4-5-4-3-4-4-6-4-4-4-4-6	4-6-4-4-5-4-6-4-5-5-4-4	4-4-4-6-5-4-4-4-2-5-2-4	6-4-4-5-5-5-5-4-5-2-4-4	5-4-2-4-4-5-5-4-5-3-4-3	2-5-4-4-4-4-3-3-6-4-4-4	3-4-5-4-4-4-4-2-6-4-5-4	4-5-3-5-4-6-3-3-3-4-5-5	2-4-5-4-5-2-4-3-4-3-4-4
868	6	6-5-6-5-6-5-5-6-5-5-5-5	5-6-6-4-6-6-3-6-5-6-4-5	6-6-6-5-6-6-6-5-4-6-5-6	5-6-6-6-6-6-5-6-6-6-6-5	4-3-6-6-5-5-5-6-6-6-5-6	5-6-6-5-6-6-5-6-6-6-6-5	4-6-6-6-5-6-6-5-6-6-4-6	6-6-6-5-6-5-4-4-1-4-5-3	3-3-6-5-4-6-6-3-5-2-4-4	4-3-6-6-6-4-6-5-5-6-3-6	3-6-3-5-4-3-3-3-3-6-6-6	6-5-5-4-0-6-6-3-3-6-4-1
869	0	0-0-0-0-0-0-0-0-0-0-0-0	0-0-0-0-0-0-0-0-0-0-0-0	0-0-0-0-0-0-0-0-0-0-0-0	0-0-0-0-0-0-0-0-0-0-0-0	0-0-0-0-0-0-0-0-0-0-0-0	0-0-0-0-0-0-0-0-0-0-0-0	0-0-0-0-0-0-0-0-0-0-0-0	0-0-0-0-0-0-0-0-0-0-0-0	0-0-0-0-0-0-0-0-0-0-0-0	0-0-0-0-0-0-0-0-0-0-0-0	0-0-0-0-0-0-0-0-0-0-0-0	0-0-0-0-0-0-0-0-0-0-0-0
869	1	1-1-1-1-1-1-1-1-1-1-1-1	2-0-0-2-0-0-0-0-0-1-0-0	0-2-0-4-2-0-2-0-0-2-0-2	2-0-0-3-2-2-0-2-1-0-2-0	2-0-2-0-0-1-2-2-1-1-0-2	2-3-2-0-0-2-2-2-1-1-0-2	0-3-1-0-2-0-3-2-0-1-2-2	1-2-1-2-1-0-0-7-1-0-0-0	0-0-2-2-3-1-0-2-0-1-2-1	0-2-0-0-2-3-2-1-2-0-0-1	3-3-1-3-0-1-0-0-0-1-2-1	0-1-1-2-0-2-2-0-1-0-3-3
869	2	3-2-2-2-2-2-2-2-2-2-2-3	1-3-2-1-2-3-1-2-3-2-3-2	3-1-0-2-1-4-3-3-3-3-3-1	1-0-3-1-1-1-3-1-3-3-3-0	1-0-4-0-3-3-3-1-2-2-0-1	1-1-3-0-2-1-3-1-2-2-2-4	4-1-2-0-1-2-4-1-2-2-1-1	2-3-3-1-1-3-6-5-1-2-4-0	2-0-1-1-2-2-3-1-4-2-1-2	0-1-2-3-1-1-3-2-1-2-0-1	3-2-2-5-6-1-0-0-3-1-1-2	3-1-1-1-2-1-1-0-2-0-2-1
869	3	5-2-3-3-2-2-3-3-3-3-3-2	3-2-2-3-2-3-3-4-4-3-4-4	4-4-4-1-2-2-2-2-5-4-2-4	4-4-4-5-1-4-5-1-2-2-2-5	1-6-2-3-4-2-4-3-2-3-4-7	1-1-2-0-6-1-2-1-2-2-2-1	2-1-2-4-4-0-4-4-2-2-5-2	2-2-5-2-1-4-2-0-4-6-3-4	4-4-5-2-1-0-5-4-6-3-2-1	5-7-3-2-5-1-2-2-6-4-5-1	5-1-4-1-5-4-4-5-5-1-1-3	5-1-5-2-4-3-1-4-5-5-1-1
869	4	3-3-4-5-4-2-5-4-4-4-4-5	3-2-2-7-0-5-6-3-3-5-3-3	3-3-6-1-5-7-5-6-5-5-5-5	5-3-3-6-5-5-3-1-5-6-5-3	6-3-2-4-3-4-5-5-2-4-6-5	5-6-5-5-3-7-5-6-2-4-2-2	2-4-2-0-5-4-2-5-4-2-3-5	4-5-3-5-6-3-2-6-3-4-7-3	3-3-3-5-4-4-3-7-3-4-4-2	3-6-4-5-4-6-4-5-5-3-3-1	3-4-3-2-3-3-3-3-3-4-5-4	7-5-4-6-3-3-5-3-6-4-1-5
869	5	3-6-4-7-7-5-5-5-5-4-4-4	3-6-5-4-5-4-3-6-4-4-4-4	6-4-4-4-4-4-6-6-6-4-6-4	4-3-3-3-4-4-6-1-6-4-6-3	4-3-6-4-3-6-6-4-5-5-4-4	4-4-4-4-3-3-4-4-5-5-6-5	6-4-6-6-4-5-6-4-5-5-3-4	5-5-3-6-4-5-2-5-3-5-6-3	3-3-3-4-5-4-3-4-7-4-6-4	3-4-5-4-6-4-6-4-4-3-3-1	3-4-3-2-3-3-3-3-3-4-4-4	6-4-3-4-3-3-4-3-3-5-3-4
869	6	7-5-4-7-5-7-6-7-7-6-6-7	6-5-5-4-6-7-4-5-7-6-7-7	5-6-4-4-4-6-5-7-7-6-5-4	4-6-6-4-4-4-5-4-5-4-5-3	4-3-5-4-3-5-5-4-6-6-4-6	7-4-4-4-3-7-5-4-6-5-5-5	2-4-5-5-7-6-5-0-6-5-1-4	6-5-0-5-4-6-2-4-7-3-5-6	6-3-5-6-4-4-5-6-3-4-5-2	7-4-6-4-6-4-5-6-7-3-6-1	5-6-6-5-7-7-3-3-3-4-6-6	7-4-6-4-3-6-6-3-5-6-1-5
869	7	7-5-7-5-7-7-6-7-6-6-6-6	6-5-7-4-7-7-4-7-6-7-6-6	7-7-7-6-7-7-6-6-6-7-3-7	6-7-7-7-7-7-6-7-6-7-7-3	4-3-7-7-7-7-6-7-7-7-5-3	6-7-7-4-7-6-7-7-7-7-7-7	6-7-7-7-6-7-7-7-7-7-3-6	7-7-7-6-7-6-6-1-6-7-4-7	6-7-7-7-4-7-7-4-5-5-5-4	6-3-7-7-7-4-7-6-6-7-6-7	3-7-7-2-5-6-3-3-3-6-7-7	7-4-6-5-3-7-7-3-7-7-1-7
870	0	0-0-0-0-0-0-0-0-0-0-0-0	0-0-0-0-0-0-0-0-0-0-0-0	0-0-0-0-0-0-0-0-0-0-0-0	0-0-0-0-0-0-0-0-0-0-0-0	0-0-0-0-0-0-0-0-0-0-0-0	0-0-0-0-0-0-0-0-0-0-0-0	0-0-0-0-0-0-0-0-0-0-0-0	0-0-0-0-0-0-0-0-0-0-0-0	0-0-0-0-0-0-0-0-0-0-0-0	0-0-0-0-0-0-0-0-0-0-0-0	0-0-0-0-0-0-0-0-0-0-0-0	0-0-0-0-0-0-0-0-0-0-0-0
870	1	1-1-1-1-1-1-1-1-1-1-1-1	0-2-1-0-0-2-0-2-1-1-0-2	0-0-0-1-2-0-2-0-0-0-2-2	0-0-0-0-0-0-0-1-2-2-0-0	0-0-0-0-0-1-2-0-2-0-0-0	4-0-0-0-0-0-2-0-1-1-4-0	0-2-2-2-0-1-0-0-1-1-4-1	1-0-0-0-1-0-1-1-0-1-0-0	1-0-0-0-0-0-4-0-0-1-0-0	0-1-2-0-1-0-0-1-0-0-0-0	4-1-0-0-2-0-0-0-0-0-0-1	2-1-2-2-0-1-1-0-0-1-0-1
870	2	3-2-1-1-1-1-2-1-2-2-2-2	2-1-1-3-0-2-0-1-3-1-3-3	0-3-0-0-3-3-3-3-0-4-3-3	3-0-3-4-4-3-3-6-1-1-4-0	5-0-3-3-3-3-3-3-1-0-0-0	1-1-3-3-0-3-3-4-1-1-0-0	4-1-1-1-3-3-3-3-2-2-0-3	2-4-4-3-3-0-8-3-5-1-0-0	2-0-3-3-4-3-0-3-2-3-2-2	4-4-1-0-3-4-0-3-3-3-0-4	4-4-3-2-1-3-4-2-4-3-3-1	1-3-2-1-3-2-3-0-3-3-3-2
870	3	3-4-3-3-4-3-3-3-3-2-2-4	2-4-4-2-5-2-2-4-2-4-2-2	5-2-4-2-2-2-4-2-4-2-4-2	2-3-4-2-2-2-5-2-4-4-4-0	3-0-2-2-4-2-4-2-4-3-0-4	2-3-5-3-3-2-2-0-1-3-7-3	6-4-4-4-2-2-5-2-3-5-0-2	3-4-4-4-2-4-6-4-3-0-0-4	3-0-4-2-3-2-3-4-4-3-2-2	0-2-3-5-4-2-3-4-2-2-8-2	4-5-2-3-4-2-0-4-4-2-4-3	1-2-2-4-2-2-2-0-2-4-6-6
870	4	5-3-5-3-3-3-4-3-4-4-4-5	4-3-3-4-5-3-5-3-5-3-5-5	4-5-6-5-4-4-5-5-5-2-3-4	5-4-3-2-2-2-6-2-3-3-3-5	3-6-4-4-5-3-5-5-3-4-5-4	5-5-3-5-6-8-3-2-1-1-1-4	2-3-3-3-5-2-3-5-3-3-8-3	6-2-6-3-3-5-3-3-2-6-5-5	6-8-3-2-2-3-6-5-3-4-2-5	6-2-4-3-3-2-3-3-5-6-6-2	6-2-5-8-3-6-6-6-6-2-3-4	1-2-5-3-6-6-2-6-5-3-3-2
870	5	5-5-4-5-5-5-5-5-5-4-4-4	4-6-6-4-7-7-4-6-4-6-4-4	3-4-4-4-2-8-6-4-7-7-6-5	4-4-4-5-2-4-6-2-6-7-6-4	2-5-5-4-4-6-6-4-6-5-4-3	4-4-3-4-4-4-6-5-5-5-7-5	3-5-7-0-4-5-3-4-5-3-3-6	3-3-2-3-5-4-5-5-2-5-4-4	4-0-6-2-3-6-7-4-6-4-5-4	4-2-5-6-5-2-0-5-4-4-4-2	4-6-4-8-8-2-4-4-4-2-6-6	6-5-4-5-4-7-2-4-4-3-3-5
870	6	6-5-6-8-5-6-7-6-6-7-6-6	4-5-5-6-6-5-7-7-4-5-7-7	0-7-7-7-7-7-7-7-5-7-5-7	7-4-4-6-7-7-5-7-5-7-7-6	7-4-7-7-6-7-7-6-5-6-7-7	6-8-7-8-4-7-7-7-5-3-1-7	6-5-3-6-5-2-7-7-5-5-7-5	4-7-8-7-7-4-3-7-7-4-7-4	4-0-7-7-7-7-4-4-5-8-7-6	4-7-5-5-7-7-7-6-2-4-7-7	4-5-5-7-8-4-4-4-4-7-5-7	5-7-6-5-4-4-7-4-7-6-8-7
870	7	6-8-6-6-6-8-8-8-8-6-6-8	8-5-5-6-6-5-6-6-8-5-6-6	8-6-8-6-6-6-6-6-5-6-6-6	6-7-7-6-6-6-8-6-6-5-6-8	6-0-6-6-7-6-8-7-7-7-6-6	6-6-6-7-7-6-6-6-7-7-3-6	8-5-5-7-6-7-6-6-7-5-6-5	7-6-6-6-6-4-3-6-6-5-6-4	7-7-6-6-6-6-7-5-5-5-6-6	4-6-7-5-6-6-6-8-8-7-6-6	6-7-8-7-7-4-4-6-5-6-5-7	5-6-7-7-6-5-6-4-6-4-6-6
870	8	8-7-6-6-8-7-7-8-7-7-6-7	7-5-8-4-8-8-6-8-8-8-6-7	8-8-8-7-8-8-8-7-8-8-7-8	7-8-8-6-8-8-7-8-7-8-6-7	6-8-8-8-7-8-7-8-8-8-6-8	6-6-8-7-8-4-7-8-8-8-8-7	7-8-8-8-5-8-8-8-8-8-4-8	8-8-6-7-8-4-6-6-6-5-4-4	0-8-8-8-6-8-8-5-8-6-6-6	6-4-8-5-8-6-8-7-7-8-6-8	4-8-7-5-6-7-4-4-4-8-8-8	8-7-7-1-6-8-8-4-8-8-6-8
871	0	0-0-0-0-0-0-0-0-0-0-0-0	0-0-0-0-0-0-0-0-0-0-0-0	0-0-0-0-0-0-0-0-0-0-0-0	0-0-0-0-0-0-0-0-0-0-0-0	0-0-0-0-0-0-0-0-0-0-0-0	0-0-0-0-0-0-0-0-0-0-0-0	0-0-0-0-0-0-0-0-0-0-0-0	0-0-0-0-0-0-0-0-0-0-0-0	0-0-0-0-0-0-0-0-0-0-0-0	0-0-0-0-0-0-0-0-0-0-0-0	0-0-0-0-0-0-0-0-0-0-0-0	0-0-0-0-0-0-0-0-0-0-0-0
871	1	1-1-1-1-1-1-1-1-1-1-1-1	1-1-0-2-0-0-0-1-0-1-2-0	0-3-0-3-2-0-2-0-0-2-1-1	2-0-0-3-2-2-0-2-2-0-1-0	1-0-4-4-2-1-2-2-1-1-7-2	2-3-2-0-1-4-2-3-1-1-0-1	0-1-1-0-2-1-1-2-1-1-4-2	1-4-1-2-4-0-1-7-1-0-0-0	0-0-2-3-3-0-0-3-2-1-4-1	0-3-1-0-2-3-2-1-2-0-0-3	3-1-0-3-0-1-0-3-0-1-1-1	0-1-1-2-0-3-1-0-3-1-1-3
871	2	2-2-2-2-2-2-2-2-2-2-2-2	1-3-2-1-2-2-1-3-3-1-1-3	4-1-0-2-3-1-3-3-3-1-3-3	1-0-2-1-1-1-2-1-3-2-3-0	1-0-5-1-1-1-3-1-3-2-1-1	1-2-1-0-2-1-3-1-2-2-6-2	3-1-4-0-1-2-4-1-3-2-5-1	2-1-5-1-2-3-6-3-2-4-5-0	2-0-1-1-4-2-0-1-1-2-2-2	0-1-4-4-1-1-3-3-1-2-2-1	1-2-0-5-7-3-0-2-3-1-3-2	6-1-1-3-2-6-1-0-1-5-2-4
871	3	4-5-3-7-3-2-3-2-2-3-3-4	4-2-2-5-2-4-4-2-4-4-4-4	2-4-5-4-2-4-4-4-4-4-2-4	4-4-5-4-4-4-4-4-2-2-2-0	1-0-1-3-4-1-4-4-2-3-4-7	4-2-4-4-5-1-2-1-2-2-2-3	2-1-2-4-4-2-4-4-2-2-1-1	3-1-1-4-1-4-1-2-4-6-4-4	3-3-4-4-1-3-4-4-6-3-1-2	4-1-2-2-4-1-2-2-4-4-4-1	4-1-4-1-2-7-4-5-4-4-2-4	4-4-4-4-4-3-1-7-1-3-1-1
871	4	4-4-4-4-5-2-3-4-4-4-3-3	3-5-4-3-5-3-3-4-3-3-3-3	7-3-3-3-1-3-3-3-3-5-3-3	3-3-3-3-3-3-5-3-5-5-5-0	1-0-1-1-3-5-3-3-5-5-3-1	3-4-5-3-3-1-5-5-5-4-2-4	4-1-2-3-3-4-2-3-4-4-1-6	4-1-1-3-1-3-2-5-3-2-3-3	4-3-3-3-2-4-3-3-4-3-1-2	3-1-4-5-3-1-2-4-3-3-3-1	3-5-3-2-0-5-3-3-3-3-6-3	6-4-3-3-3-3-1-3-3-3-4-2
871	5	6-7-6-7-6-6-7-6-7-7-6-6	5-4-4-6-6-6-6-5-6-6-7-6	5-6-6-6-6-6-6-3-6-6-6-5	6-4-3-6-6-6-6-6-6-4-6-5	6-7-6-6-3-4-6-6-4-5-6-6	5-5-6-7-5-1-6-6-4-4-2-6	6-4-4-4-7-5-6-7-4-6-6-6	4-6-2-6-6-3-4-6-4-3-6-3	4-3-3-6-6-5-3-6-4-6-6-7	3-3-5-4-6-7-7-7-7-3-6-7	3-4-6-2-0-4-3-3-6-5-2-5	7-7-5-6-3-3-5-3-6-2-6-7
871	6	5-7-5-5-5-5-5-5-5-5-5-7	6-4-4-5-5-5-5-5-5-5-5-5	5-5-5-5-5-6-5-7-5-5-5-5	5-6-6-5-5-5-5-5-5-4-5-7	5-0-7-5-6-5-5-5-6-6-5-5	7-6-5-6-6-7-5-5-6-6-2-6	7-1-4-6-7-6-5-5-6-5-5-5	6-5-2-5-5-7-2-5-7-3-5-3	6-3-3-6-5-4-6-5-3-5-5-2	7-6-6-2-5-1-5-6-7-5-5-1	4-6-5-5-7-5-3-6-5-6-4-6	4-7-6-5-6-2-5-3-5-6-5-1
871	7	7-6-5-5-7-7-5-7-5-5-5-6	5-4-7-5-7-7-5-7-5-7-5-6	7-7-5-5-7-5-5-6-6-7-5-7	5-7-7-7-7-5-6-7-5-7-7-6	5-7-6-7-7-7-6-7-7-7-1-5	6-7-7-7-7-6-7-5-7-7-7-6	6-7-7-7-5-7-7-5-7-7-6-5	7-5-7-6-7-6-7-5-6-3-5-3	5-5-7-6-5-7-7-6-3-5-5-5	5-7-7-5-7-1-5-5-5-7-6-7	6-5-4-2-6-3-3-3-6-6-7-6	5-6-7-5-5-7-7-3-7-7-6-7
872	0	0-0-0-0-0-0-0-0-0-0-0-0	0-0-0-0-0-0-0-0-0-0-0-0	0-0-0-0-0-0-0-0-0-0-0-0	0-0-0-0-0-0-0-0-0-0-0-0	0-0-0-0-0-0-0-0-0-0-0-0	0-0-0-0-0-0-0-0-0-0-0-0	0-0-0-0-0-0-0-0-0-0-0-0	0-0-0-0-0-0-0-0-0-0-0-0	0-0-0-0-0-0-0-0-0-0-0-0	0-0-0-0-0-0-0-0-0-0-0-0	0-0-0-0-0-0-0-0-0-0-0-0	0-0-0-0-0-0-0-0-0-0-0-0
872	1	1-1-1-1-1-1-1-1-1-1-1-1	1-1-1-2-0-2-2-1-2-2-2-2	1-2-2-2-2-2-2-2-2-2-1-1	2-0-0-2-2-2-2-2-1-0-2-1	2-0-2-2-2-1-2-2-1-1-2-1	2-2-2-0-0-2-2-2-1-1-0-2	2-3-1-0-2-1-1-2-1-1-3-2	3-3-3-2-2-1-0-2-2-0-0-1	3-0-2-3-3-1-0-2-2-1-2-2	3-2-1-0-2-3-2-1-2-0-0-3	3-3-3-3-0-3-1-0-0-2-2-1	2-2-2-2-0-3-2-0-6-0-3-3
872	2	2-2-1-2-1-2-2-2-1-1-2-3	1-3-2-1-3-1-1-3-1-1-1-1	3-1-1-1-3-1-3-3-1-1-3-3	1-2-2-1-1-1-1-1-2-3-1-0	1-0-1-1-3-3-3-1-3-2-1-1	1-1-1-1-2-1-3-1-2-2-2-1	1-1-2-3-1-2-3-1-2-2-1-1	2-1-1-1-1-3-5-1-1-2-1-0	2-0-1-1-2-1-0-1-3-2-1-1	3-1-2-3-1-2-3-2-1-3-1-1	0-1-0-1-0-1-0-0-0-1-1-2	1-1-1-1-0-0-1-0-0-0-2-1
872	3	1-2-1-3-1-3-3-2-1-3-2-2	3-2-2-1-4-4-1-4-4-1-4-4	2-4-6-1-2-1-2-2-1-3-2-2	3-3-3-3-1-4-4-1-3-2-3-5	1-3-3-3-5-2-2-3-2-3-1-3	1-4-1-4-3-5-2-1-3-2-2-3	1-1-2-4-4-0-2-4-3-1-1-2	6-1-5-2-1-3-2-3-5-3-5-3	5-3-5-1-1-3-2-4-2-3-1-5	4-5-3-2-5-1-2-2-5-4-5-1	5-1-1-1-0-5-5-6-4-1-2-3	3-1-3-3-3-5-1-3-4-5-1-1
872	4	4-7-5-7-5-5-7-5-5-5-5-7	3-6-4-5-5-5-5-5-5-5-3-5	4-5-4-5-5-5-5-5-5-5-4-5	5-3-5-6-5-3-5-7-5-5-5-3	6-5-4-5-4-4-5-5-5-5-6-4	5-5-5-6-5-5-5-5-5-4-2-4	7-5-4-4-4-5-5-5-5-5-4-4	4-4-4-4-4-5-6-5-3-7-7-3	4-3-3-3-6-6-5-3-6-6-1-6	5-1-5-6-4-5-5-6-4-3-3-5	7-7-6-5-7-7-3-3-7-4-5-5	7-4-6-7-4-6-6-6-3-4-2-6
872	5	7-4-4-7-4-4-4-4-4-4-4-4	4-4-4-6-4-4-4-6-4-4-6-4	5-6-4-4-6-4-6-4-4-4-6-4	6-3-4-4-6-6-4-6-4-4-6-3	6-3-7-4-3-6-6-6-4-4-4-6	4-4-6-4-4-4-4-4-4-4-2-4	4-4-4-4-4-5-2-4-4-4-6-4	4-6-3-6-6-4-2-6-3-2-6-3	3-3-3-5-4-4-4-6-4-4-6-4	4-3-4-4-3-4-4-2-3-3-3-4	3-4-4-4-4-3-3-3-3-4-4-4	4-6-5-6-6-4-4-3-6-3-6-4
872	6	5-4-4-5-4-4-4-4-4-4-4-7	4-4-4-5-4-4-4-5-4-4-5-4	4-5-4-4-5-6-5-4-4-4-5-5	5-6-6-4-5-5-7-1-5-4-5-3	4-3-5-4-6-5-5-5-6-4-4-5	7-7-5-7-6-7-5-4-6-4-2-6	7-4-4-6-7-6-2-5-6-4-5-6	6-5-4-5-5-4-7-5-7-2-5-3	6-3-3-6-4-4-6-5-4-4-5-4	6-5-6-4-6-1-4-4-7-4-6-6	4-6-4-4-6-4-3-3-4-6-4-6	4-7-4-5-6-6-4-4-5-4-5-4
872	7	7-4-4-5-7-4-4-7-4-4-4-6	4-4-7-5-7-4-6-5-7-7-5-6	7-7-7-4-7-7-6-6-4-7-4-7	7-7-7-7-7-7-6-7-7-7-7-3	5-3-7-7-7-7-6-7-7-7-4-5	6-7-7-6-7-6-7-7-7-7-7-7	4-7-7-6-6-7-7-7-7-7-6-4	7-6-7-6-7-6-6-5-5-4-4-4	6-4-7-6-1-7-7-6-7-4-5-7	6-3-7-7-7-6-7-4-6-7-4-7	4-4-7-4-4-4-3-3-4-6-7-6	4-6-7-4-6-7-7-7-7-7-1-4
873	0	0-0-0-0-0-0-0-0-0-0-0-0	0-0-0-0-0-0-0-0-0-0-0-0	0-0-0-0-0-0-0-0-0-0-0-0	0-0-0-0-0-0-0-0-0-0-0-0	0-0-0-0-0-0-0-0-0-0-0-0	0-0-0-0-0-0-0-0-0-0-0-0	0-0-0-0-0-0-0-0-0-0-0-0	0-0-0-0-0-0-0-0-0-0-0-0	0-0-0-0-0-0-0-0-0-0-0-0	0-0-0-0-0-0-0-0-0-0-0-0	0-0-0-0-0-0-0-0-0-0-0-0	0-0-0-0-0-0-0-0-0-0-0-0
873	1	1-1-1-1-1-0-1-1-1-1-1-1	2-0-0-2-0-1-1-0-2-1-2-2	0-2-3-0-2-2-2-0-0-1-0-2	2-2-1-2-2-2-0-2-2-3-0-1	0-1-2-2-0-0-2-2-0-3-2-2	2-2-3-1-0-2-2-0-0-0-0-2	0-2-0-1-0-0-0-2-1-0-0-0	0-2-0-2-0-0-0-3-2-0-1-0	0-1-0-2-1-2-1-2-0-1-1-2	2-2-0-0-0-0-2-1-2-0-0-0	1-0-1-0-2-1-1-1-1-1-2-1	1-2-1-1-0-1-2-1-1-1-2-1
873	2	2-2-2-2-2-2-2-2-2-2-2-2	1-3-3-1-0-1-1-4-1-2-1-3	6-1-2-2-1-1-3-4-4-4-3-4	1-1-2-1-1-1-1-1-1-1-3-1	0-2-1-1-1-3-3-1-3-2-1-1	1-1-1-0-0-1-1-0-0-2-3-2	0-1-2-0-1-0-3-1-1-4-3-0	2-1-0-1-0-0-3-0-1-0-3-2	2-1-0-1-5-1-2-1-9-2-0-1	1-1-0-2-3-3-1-3-1-0-0-2	3-2-3-4-3-1-0-2-0-1-1-1	0-1-1-1-0-1-1-0-1-2-4-1
873	3	3-3-5-3-3-3-3-2-3-3-3-5	3-2-2-3-0-3-4-4-4-2-1-4	5-4-4-6-1-4-2-2-4-2-2-3	4-4-3-1-1-4-5-6-1-1-4-3	0-4-5-1-4-2-4-1-2-1-1-1	4-5-1-3-5-1-3-0-0-2-2-3	3-1-2-5-3-3-2-1-0-2-5-4	3-5-4-3-3-3-2-1-3-3-2-3	3-3-4-1-3-0-4-5-6-3-3-3	3-3-3-4-3-2-5-2-3-4-5-3	5-3-2-2-2-3-4-3-5-1-4-4	3-1-3-5-5-1-3-3-3-3-3-0
873	4	3-4-3-3-3-5-4-6-4-3-3-4	5-2-2-5-0-5-3-6-5-3-5-5	3-3-3-5-5-3-3-5-3-5-5-5	5-3-3-5-5-5-5-4-5-1-3-3	4-3-3-1-3-4-5-4-3-4-1-1	5-5-5-5-4-6-5-4-6-0-0-3	5-4-5-3-5-3-4-5-0-2-8-5	0-6-4-5-4-3-2-9-4-4-8-5	3-3-3-6-6-5-3-6-5-2-6-4	3-1-1-3-5-4-0-2-5-3-3-6	8-6-2-2-3-5-3-3-0-4-5-3	1-5-3-3-3-4-5-3-1-5-2-4
873	5	6-5-3-5-6-5-5-5-3-3-5-3	4-6-6-4-5-4-3-4-4-4-4-4	3-5-3-4-4-7-6-4-6-4-6-6	4-3-4-4-4-4-4-4-7-6-6-3	4-3-3-7-3-4-6-4-5-5-1-1	4-3-6-4-6-4-6-4-5-5-8-5	4-4-5-3-4-5-6-4-5-6-3-4	5-3-4-4-4-3-8-6-4-6-6-4	5-3-4-4-5-4-3-4-5-5-5-6	3-3-6-8-4-4-3-5-4-4-3-4	3-5-9-2-3-4-7-5-3-4-4-2	0-4-3-3-3-8-4-3-1-4-5-5
873	6	7-5-7-7-5-6-6-6-6-6-7-8	6-5-5-7-7-5-7-7-7-5-7-7	7-7-6-3-6-6-5-7-7-5-5-5	7-7-7-7-4-4-6-3-5-5-7-7	4-7-6-6-6-5-5-7-7-6-6-7	0-7-5-6-7-4-5-5-6-0-5-7	7-7-5-3-7-6-5-5-6-5-6-5	3-4-7-5-4-7-6-5-4-8-7-8	7-6-7-4-4-7-7-7-8-6-4-8	7-9-5-7-7-4-0-5-7-8-6-4	9-6-7-6-7-7-6-7-9-4-6-6	6-4-3-3-7-7-4-6-6-8-3-4
873	7	8-7-8-9-8-8-9-8-8-9-8-8	8-5-5-8-8-8-8-8-8-8-8-8	7-6-8-9-8-8-8-8-8-8-7-8	8-6-8-8-8-8-9-8-8-6-8-6	8-6-9-8-7-8-8-8-6-9-8-8	8-6-8-6-6-9-8-8-8-7-0-6	8-8-7-7-6-7-5-8-7-8-6-8	7-8-6-8-8-6-9-8-6-6-6-6	6-6-6-8-8-6-6-6-4-8-8-6	6-6-3-6-8-8-8-7-6-6-6-8	6-6-6-7-6-6-6-6-6-7-6-6	7-8-7-8-6-6-7-6-6-7-7-8
873	8	7-7-7-7-7-7-7-7-7-7-7-7	7-5-7-7-7-7-7-7-7-7-7-7	7-7-7-7-7-7-7-7-7-7-7-7	7-7-8-7-7-7-7-7-7-7-7-3	7-6-7-7-3-7-7-7-8-8-7-7	9-9-7-7-8-6-7-7-8-8-5-8	7-7-2-3-9-8-5-7-8-7-7-7	8-7-4-7-7-8-5-7-9-6-7-6	8-8-9-7-7-9-8-7-6-7-7-6	8-8-8-5-7-7-7-5-9-8-6-7	7-8-2-2-9-6-6-5-7-8-8-8	9-8-7-7-7-4-8-6-7-6-8-7
873	9	9-7-7-7-9-7-7-9-7-7-7-9	7-9-9-7-9-7-7-7-7-9-7-7	9-9-7-7-9-7-8-7-7-9-7-9	7-9-8-7-9-9-7-9-4-9-9-7	7-6-7-9-9-9-8-9-9-9-7-6	8-9-8-9-9-7-9-9-9-9-9-9	8-9-9-9-7-9-5-7-9-9-6-7	9-7-4-9-9-8-7-4-8-7-7-8	7-8-9-9-7-9-6-8-9-7-7-7	3-6-9-9-9-7-7-7-9-9-9-9	6-9-2-6-8-8-6-6-6-7-9-9	8-8-3-0-8-9-9-6-9-9-8-9
874	0	0-0-0-0-0-0-0-0-0-0-0-0	0-0-0-0-0-0-0-0-0-0-0-0	0-0-0-0-0-0-0-0-0-0-0-0	0-0-0-0-0-0-0-0-0-0-0-0	0-0-0-0-0-0-0-0-0-0-0-0	0-0-0-0-0-0-0-0-0-0-0-0	0-0-0-0-0-0-0-0-0-0-0-0	0-0-0-0-0-0-0-0-0-0-0-0	0-0-0-0-0-0-0-0-0-0-0-0	0-0-0-0-0-0-0-0-0-0-0-0	0-0-0-0-0-0-0-0-0-0-0-0	0-0-0-0-0-0-0-0-0-0-0-0
874	1	1-1-1-1-1-1-1-1-1-1-1-1	1-0-0-1-0-0-0-2-0-1-0-0	1-1-0-2-2-2-2-0-0-2-0-2	2-0-0-3-3-3-0-1-1-0-1-4	1-0-1-2-3-1-2-2-1-1-3-1	2-1-2-0-1-3-2-2-0-1-0-1	1-3-1-0-2-0-1-2-1-1-0-2	1-1-1-2-7-0-4-8-1-1-0-0	0-3-2-4-4-2-0-2-0-1-1-1	0-5-1-2-2-1-2-1-2-0-0-3	4-1-0-0-0-1-0-0-0-1-1-1	0-2-1-2-0-2-3-0-2-1-1-1
874	2	2-2-2-2-2-2-2-2-2-2-2-2	1-2-2-1-2-2-0-3-1-1-1-3	2-2-2-1-1-1-3-2-0-4-3-1	1-2-3-1-1-1-4-2-3-2-3-0	2-0-1-2-1-3-3-1-2-2-1-1	1-2-3-3-2-1-1-1-2-2-7-1	7-1-2-2-1-2-3-1-2-3-4-1	2-0-1-3-2-3-5-0-2-0-0-2	2-0-1-1-2-1-2-1-3-1-3-3	3-1-2-3-1-3-1-2-3-2-0-1	3-1-0-2-0-1-0-2-0-1-1-6	0-1-1-1-4-1-1-0-1-0-3-1
874	3	3-3-3-3-3-3-3-3-3-3-3-4	3-4-4-1-3-3-0-4-4-3-4-4	2-3-2-1-1-1-4-4-4-1-4-4	1-2-4-1-1-1-3-1-4-2-2-5	4-0-4-4-1-2-4-3-4-1-1-1	4-3-2-2-4-1-4-1-3-3-4-1	4-1-2-3-4-3-2-1-3-2-6-7	2-1-1-2-2-2-7-5-4-3-0-3	6-1-2-1-3-4-2-5-2-3-2-2	2-1-3-2-4-2-4-4-2-2-4-1	2-3-0-4-4-0-4-4-4-4-1-1	7-1-1-3-2-2-1-2-0-8-2-3
874	4	5-3-5-5-3-3-4-3-4-4-5-5	5-2-3-1-3-5-5-3-5-4-5-5	3-5-6-5-3-5-5-5-5-2-3-5	5-5-5-5-5-5-5-1-3-3-5-5	3-4-5-3-5-2-5-5-3-5-5-5	5-5-2-4-3-1-5-5-3-3-3-5	4-1-3-5-5-5-3-3-3-4-4-5	3-1-1-5-1-5-1-5-7-8-5-4	3-0-5-5-1-3-4-1-2-4-5-1	4-1-3-3-3-5-5-3-5-5-3-1	1-1-5-3-3-4-3-3-5-3-5-4	4-5-4-3-5-4-1-0-1-5-5-1
874	5	4-8-4-4-5-5-5-5-4-5-4-4	4-6-5-1-5-4-4-3-4-4-4-4	0-4-4-4-6-4-4-6-4-6-6-6	4-4-4-4-4-4-7-1-6-3-6-4	1-0-6-3-4-6-4-4-6-6-4-4	4-4-1-5-3-1-4-7-5-5-2-5	7-1-5-4-4-5-7-6-5-5-4-4	5-1-1-4-1-5-3-4-4-5-4-4	5-0-7-4-3-6-6-6-7-4-4-5	4-6-3-6-2-4-4-3-4-4-3-1	7-1-7-5-7-6-7-6-6-4-6-5	6-4-4-6-6-1-6-6-1-4-4-1
874	6	7-6-8-6-6-7-7-7-8-7-7-6	6-5-5-7-7-7-4-6-7-7-7-7	6-7-8-7-6-4-6-6-7-5-6-6	7-6-8-7-7-7-7-6-6-6-5-6	6-8-6-6-5-5-7-7-5-6-6-7	6-6-7-7-5-8-5-8-3-3-3-7	5-6-6-4-6-6-7-5-3-5-3-8	5-7-3-7-7-7-6-6-6-4-8-6	5-7-8-6-6-6-5-5-3-6-8-7	6-5-6-5-6-8-3-6-4-6-7-5	3-6-8-7-5-5-6-5-5-5-5-2	8-8-6-5-5-1-5-7-1-5-6-1
874	7	6-6-6-6-6-6-6-6-6-6-6-8	6-5-5-6-6-6-6-6-6-6-6-6	8-8-6-6-6-7-6-8-6-6-3-7	6-7-7-6-6-6-5-1-4-4-6-6	1-6-6-6-7-5-6-6-7-7-4-6	8-4-8-6-3-6-7-5-7-5-2-6	8-1-3-5-8-7-5-8-7-5-4-5	5-6-1-8-1-8-8-7-8-3-4-7	7-7-5-8-1-6-5-8-5-4-1-6	7-5-7-5-7-8-4-7-8-4-6-1	5-7-5-6-5-4-7-7-5-8-7-7	3-8-8-4-4-7-1-6-1-5-1-1
874	8	8-5-6-6-8-6-6-8-6-6-6-7	6-8-8-6-8-6-4-8-6-8-6-6	8-7-6-6-8-8-7-7-7-8-5-8	7-8-6-8-8-8-6-8-7-8-8-6	1-6-8-8-8-8-7-8-8-8-7-6	7-8-8-6-8-6-8-8-8-8-3-8	7-8-8-5-7-8-8-8-8-8-7-7	8-6-8-7-8-7-7-1-7-4-6-6	7-8-8-7-1-8-8-7-5-3-6-6	7-8-8-8-8-7-8-7-7-8-3-8	5-8-6-6-5-4-8-6-5-7-8-8	6-7-7-5-2-8-8-6-8-8-8-8
875	0	0-0-0-0-0-0-0-0-0-0-0-0	0-0-0-0-0-0-0-0-0-0-0-0	0-0-0-0-0-0-0-0-0-0-0-0	0-0-0-0-0-0-0-0-0-0-0-0	0-0-0-0-0-0-0-0-0-0-0-0	0-0-0-0-0-0-0-0-0-0-0-0	0-0-0-0-0-0-0-0-0-0-0-0	0-0-0-0-0-0-0-0-0-0-0-0	0-0-0-0-0-0-0-0-0-0-0-0	0-0-0-0-0-0-0-0-0-0-0-0	0-0-0-0-0-0-0-0-0-0-0-0	0-0-0-0-0-0-0-0-0-0-0-0
875	1	1-1-2-2-1-1-1-1-1-1-1-2	1-2-1-0-2-2-2-2-1-1-2-1	1-2-3-3-2-2-2-2-2-2-1-2	2-1-2-2-1-0-2-2-2-2-2-1	1-2-1-3-1-1-2-1-2-1-4-1	1-0-2-0-1-2-1-2-2-1-0-2	2-2-1-1-2-1-1-2-2-1-1-1	1-3-1-2-1-2-1-1-1-1-0-1	1-0-1-0-2-1-1-4-2-4-1-2	1-1-2-2-2-2-0-1-1-1-0-1	1-2-0-2-3-2-1-1-1-1-2-1	2-1-1-1-1-1-1-4-5-1-1-1
875	2	1-1-1-1-1-1-1-1-1-1-1-1	3-1-1-4-1-1-3-1-1-1-1-1	5-3-1-1-3-1-1-1-1-1-1-1	3-0-1-1-3-3-1-1-3-1-4-1	4-1-1-0-0-3-3-3-1-2-3-3	1-1-3-2-2-1-3-4-1-2-0-4	1-1-1-0-3-1-3-3-1-2-0-3	1-4-5-3-5-1-1-4-2-0-4-0	0-0-3-5-5-3-0-3-1-2-5-1	4-5-1-1-3-5-0-1-3-3-0-4	5-5-0-1-1-1-0-0-5-3-4-1	1-3-2-1-1-1-5-1-0-3-2-5
875	3	1-4-1-3-3-1-1-3-1-1-1-1	2-5-3-2-1-1-2-4-1-1-2-4	1-2-1-1-2-1-4-5-4-2-4-2	2-0-1-1-2-2-4-1-4-4-4-0	3-1-5-3-3-4-4-2-3-3-1-2	1-1-4-2-3-1-2-4-3-3-7-3	4-1-1-0-2-3-7-2-5-3-5-2	1-2-0-4-2-1-7-2-3-3-1-1	4-0-2-2-3-2-0-2-4-3-2-4	0-2-3-4-2-2-2-4-2-3-4-2	0-3-0-3-1-1-3-0-0-2-2-2	1-2-2-4-1-1-2-1-0-2-3-1
875	4	1-3-1-4-3-4-1-1-4-4-5-4	2-3-3-2-1-1-2-3-1-1-5-3	1-2-2-2-5-5-3-3-3-5-3-4	5-5-5-5-2-2-3-2-5-5-3-0	2-1-3-5-7-3-5-4-5-1-1-2	5-4-3-2-4-1-5-2-4-4-3-3	3-2-1-0-2-3-4-5-4-3-5-5	1-2-2-3-2-1-2-5-4-5-2-0	3-0-3-2-4-4-5-5-9-8-2-3	1-4-1-5-5-2-5-3-2-0-3-2	6-1-5-5-5-1-3-3-5-4-2-4	1-5-4-3-1-4-2-1-7-5-3-2
875	5	5-5-5-5-5-5-5-6-5-5-4-5	1-3-3-6-1-1-5-5-6-1-4-4	5-5-6-2-4-6-4-3-6-4-4-5	4-4-4-5-2-6-5-1-4-4-6-5	2-5-9-4-7-3-4-5-4-5-1-5	4-4-3-5-5-6-4-2-1-3-0-6	8-5-3-8-4-5-4-4-4-1-4-4	1-2-2-6-2-5-3-4-8-7-2-0	7-0-6-2-2-4-8-4-1-5-2-7	5-5-5-4-4-2-5-4-7-5-3-2	2-2-5-4-4-1-5-8-6-4-6-5	5-4-5-5-5-5-2-8-1-4-3-2
875	6	7-6-8-6-8-7-8-8-7-7-7-6	7-3-7-5-7-7-7-6-7-7-7-7	6-7-7-7-6-7-6-7-7-7-7-6	6-6-7-6-6-5-7-6-7-6-7-6	8-6-6-4-8-7-7-6-7-8-8-6	7-7-7-6-3-7-7-7-7-6-2-5	6-7-7-9-6-6-6-6-7-6-9-7	7-2-7-7-6-8-7-7-5-5-7-6	6-6-7-6-7-7-6-7-8-5-2-4	7-2-6-5-7-9-7-6-7-5-5-7	2-9-7-6-7-9-5-6-5-5-7-6	5-9-6-5-5-7-7-9-9-5-2-7
875	7	6-6-6-7-8-6-6-6-6-6-6-6	6-3-6-8-6-6-8-8-6-6-6-6	7-8-8-6-8-6-8-6-6-6-6-8	8-6-6-8-8-8-6-8-6-6-8-6	8-5-7-8-4-8-8-8-4-6-6-8	6-8-8-7-5-6-8-8-6-7-3-8	5-6-6-3-6-7-3-8-6-8-8-6	6-8-6-8-8-6-9-8-5-5-8-6	9-6-6-8-8-6-5-6-6-7-8-5	6-8-6-5-8-6-8-3-9-5-8-8	8-6-6-4-6-6-5-6-8-8-6-7	5-4-6-5-6-6-6-6-8-7-8-6
875	8	7-7-6-7-7-9-6-6-6-6-6-9	6-7-7-7-6-6-7-7-6-7-6-6	6-7-7-6-7-7-7-6-6-7-7-7	7-8-8-7-7-7-9-7-6-6-7-9	7-5-7-7-8-7-7-7-8-6-6-7	6-7-7-7-8-6-7-7-8-8-8-7	9-6-6-5-7-8-8-7-8-6-7-6	8-7-5-7-7-6-6-7-5-6-7-6	8-8-8-7-7-6-5-7-6-4-7-0	7-7-8-8-7-2-7-7-9-6-8-7	2-8-8-4-7-7-8-5-5-8-6-8	5-4-6-5-8-6-6-5-7-5-7-2
875	9	9-7-7-7-7-8-6-9-6-6-7-8	6-9-9-7-9-6-8-6-7-9-7-7	9-8-9-6-9-9-9-6-6-9-8-9	8-9-9-9-9-9-8-9-8-9-9-8	6-6-9-9-9-9-8-9-9-9-6-7	6-9-9-7-9-7-9-9-9-9-9-8	8-9-9-6-6-9-9-9-9-9-6-6	9-7-9-8-9-6-7-7-8-5-7-6	7-8-9-8-7-9-9-4-4-7-7-9	7-9-9-9-9-6-7-7-8-9-8-9	6-6-9-8-5-6-8-6-6-9-9-9	5-6-8-6-6-9-9-6-6-9-7-1
876	0	0-0-0-0-0-0-0-0-0-0-0-0	0-0-0-0-0-0-0-0-0-0-0-0	0-0-0-0-0-0-0-0-0-0-0-0	0-0-0-0-0-0-0-0-0-0-0-0	0-0-0-0-0-0-0-0-0-0-0-0	0-0-0-0-0-0-0-0-0-0-0-0	0-0-0-0-0-0-0-0-0-0-0-0	0-0-0-0-0-0-0-0-0-0-0-0	0-0-0-0-0-0-0-0-0-0-0-0	0-0-0-0-0-0-0-0-0-0-0-0	0-0-0-0-0-0-0-0-0-0-0-0	0-0-0-0-0-0-0-0-0-0-0-0
876	1	1-1-1-1-1-1-1-1-1-1-1-1	1-2-0-1-0-1-1-0-2-1-0-2	3-2-2-1-0-2-3-2-0-0-1-0	2-0-3-0-1-0-2-4-0-0-1-1	0-1-5-0-2-0-2-1-0-1-0-1	3-0-0-0-1-2-0-0-1-0-0-2	0-0-0-1-0-1-0-0-0-1-1-0	1-0-0-0-1-2-0-0-1-1-1-0	2-2-2-0-0-0-2-2-0-1-1-0	1-1-4-2-2-1-0-0-1-2-1-0	0-1-1-0-2-1-2-1-3-5-0-1	1-1-1-1-1-1-1-1-1-1-1-0
876	2	2-2-2-2-2-2-2-2-2-2-3-2	1-1-1-3-0-3-1-3-1-2-3-1	1-1-1-5-3-1-3-1-0-4-0-3	3-0-1-3-3-3-1-6-3-0-2-1	2-1-1-0-1-2-3-3-2-1-0-2	3-4-2-5-2-4-3-4-2-2-0-3	3-3-4-0-3-2-3-3-2-2-2-3	1-2-4-3-2-1-7-7-2-1-0-0	1-1-1-3-4-0-1-3-0-2-4-3	2-4-0-1-3-2-0-4-3-1-2-4	3-4-1-4-1-2-1-2-4-2-3-1	0-3-2-1-6-2-3-1-2-2-2-2
876	3	3-4-3-3-4-3-3-3-3-2-2-4	1-4-3-2-5-4-2-4-2-3-2-3	4-2-1-2-2-5-4-3-0-2-4-4	2-3-4-2-2-2-5-2-4-3-4-1	2-1-1-3-3-4-4-2-4-3-0-2	1-2-4-3-5-2-4-2-3-3-0-2	2-2-3-1-2-3-4-4-3-3-2-2	3-3-4-2-2-4-5-2-2-3-6-3	3-1-1-2-3-0-4-2-3-3-2-3	2-2-3-4-2-2-4-3-2-4-7-2	2-2-7-3-3-2-1-3-1-2-2-3	4-2-2-4-3-6-2-1-3-3-3-5
876	4	4-3-5-5-3-4-4-5-4-4-4-5	4-3-3-6-5-3-5-3-5-3-5-5	7-5-6-2-4-5-3-6-5-5-3-3	5-5-5-6-2-2-5-1-3-4-3-7	2-5-1-4-5-3-5-4-3-3-4-4	5-2-3-4-5-7-3-2-3-3-0-2	2-2-2-5-5-4-3-4-3-2-2-4	4-2-5-3-2-5-3-2-2-4-5-5	5-4-5-2-2-4-5-2-6-4-2-6	5-7-1-5-5-2-5-4-5-5-5-2	5-2-4-2-5-5-5-5-5-2-3-4	3-2-4-3-5-4-2-5-2-3-3-2
876	5	4-7-7-7-3-5-7-4-7-7-4-4	4-3-3-4-3-5-4-6-4-6-6-4	1-4-4-2-6-7-6-6-4-6-6-6	4-4-4-5-6-6-4-2-6-6-6-1	6-4-1-6-4-5-6-6-5-6-6-5	5-7-6-7-3-4-5-6-5-5-0-6	6-5-3-4-4-5-4-5-0-5-6-6	4-5-4-5-6-4-3-6-5-4-4-4	4-4-4-6-6-4-4-4-4-4-6-4	4-4-5-4-4-6-4-3-4-4-4-2	4-2-4-3-4-4-4-4-4-5-4-5	4-3-5-3-4-4-5-4-5-4-6-3
876	6	7-7-5-4-6-7-7-7-7-6-4-4	5-3-3-4-6-7-4-5-7-6-5-5	4-4-4-5-5-6-5-5-7-5-6-5	5-6-6-5-5-5-7-2-5-6-5-4	5-4-1-5-6-5-5-5-6-5-7-5	7-1-5-7-6-4-6-5-6-6-0-6	5-5-3-6-7-6-6-5-6-2-5-5	6-5-2-5-5-7-3-5-6-4-5-4	6-4-6-5-5-0-6-4-4-4-5-4	6-5-6-6-6-5-6-3-7-6-5-2	4-6-6-0-7-6-4-4-5-6-6-6	4-6-6-6-6-3-6-4-5-4-5-3
876	7	7-6-5-5-7-6-5-7-6-5-4-4	4-7-7-4-7-6-5-7-7-7-6-7	7-7-7-2-7-5-7-7-6-7-7-7	6-7-6-7-7-7-6-7-3-7-7-4	5-4-5-7-7-7-6-7-7-7-6-7	6-7-5-5-7-4-7-7-7-7-7-7	6-7-7-7-6-7-7-7-7-7-6-5	7-7-2-6-7-6-7-2-6-1-4-7	4-4-7-7-2-7-7-4-4-3-5-3	6-4-7-7-7-5-7-6-6-7-3-7	4-2-3-7-6-6-4-4-4-6-7-7	7-6-1-3-2-7-7-4-7-7-2-7
877	0	0-0-0-0-0-0-0-0-0-0-0-0	0-0-0-0-0-0-0-0-0-0-0-0	0-0-0-0-0-0-0-0-0-0-0-0	0-0-0-0-0-0-0-0-0-0-0-0	0-0-0-0-0-0-0-0-0-0-0-0	0-0-0-0-0-0-0-0-0-0-0-0	0-0-0-0-0-0-0-0-0-0-0-0	0-0-0-0-0-0-0-0-0-0-0-0	0-0-0-0-0-0-0-0-0-0-0-0	0-0-0-0-0-0-0-0-0-0-0-0	0-0-0-0-0-0-0-0-0-0-0-0	0-0-0-0-0-0-0-0-0-0-0-0
877	1	1-1-1-1-1-1-1-1-1-1-1-1	1-0-0-0-0-0-0-0-0-1-2-0	0-0-0-6-2-0-2-2-0-2-2-2	2-0-0-3-3-3-0-3-1-0-0-0	3-0-2-0-3-2-2-2-1-1-0-3	2-3-2-1-0-3-2-3-1-1-0-3	2-3-1-0-2-0-0-2-0-1-2-2	1-3-1-2-1-0-0-4-1-0-0-0	2-0-2-2-7-4-0-2-0-1-2-3	0-2-1-0-2-1-2-1-2-0-0-4	2-1-0-0-0-1-0-0-0-1-2-0	2-2-1-2-2-2-1-0-4-2-1-1
877	2	1-2-2-2-2-2-2-2-2-2-2-2	1-3-2-0-0-3-1-3-3-2-1-1	3-1-4-2-1-4-3-3-3-1-3-1	1-0-3-1-1-1-4-1-3-3-3-0	1-0-4-0-1-3-3-1-2-2-5-1	1-1-3-3-2-1-3-1-2-2-2-1	4-1-2-4-1-0-2-1-2-2-1-1	2-1-1-3-1-1-4-0-1-3-2-0	3-0-1-1-2-1-3-1-3-2-3-2	0-1-2-4-1-1-1-2-3-2-2-1	3-3-2-2-4-1-3-2-4-1-1-2	3-1-1-1-2-1-1-0-0-1-3-1
877	3	3-3-3-3-4-3-3-3-3-2-3-3	1-4-4-1-5-2-0-2-2-3-1-2	2-3-0-3-1-6-4-2-2-5-4-4	1-0-4-1-1-1-2-1-4-3-4-0	1-0-4-4-1-2-4-3-2-1-1-1	4-1-2-2-4-1-4-1-2-3-4-1	4-1-3-2-4-2-4-4-3-2-4-5	4-1-1-2-1-0-4-5-1-2-4-0	2-0-4-1-2-2-2-5-6-3-2-1	0-1-3-1-4-2-2-3-2-3-4-1	2-2-3-6-4-5-2-6-7-1-1-3	3-1-1-5-3-1-2-0-1-1-2-6
877	4	4-4-4-4-3-3-5-6-4-4-4-3	4-3-3-5-0-3-4-4-2-3-5-5	1-4-5-5-6-5-3-4-5-5-3-4	4-5-5-5-1-1-2-6-3-4-3-6	1-4-2-3-1-5-3-4-5-0-4-4	3-4-3-4-3-1-3-1-2-3-3-5	2-1-3-2-3-4-3-3-3-1-3-3	3-3-6-3-1-6-7-4-4-3-4-0	4-0-3-1-1-1-4-5-3-4-1-4	4-4-4-5-3-1-4-3-4-5-3-1	4-2-0-3-2-4-4-3-6-4-5-4	4-1-4-4-4-6-4-4-1-6-1-1
877	5	6-5-6-7-6-6-7-5-6-6-5-5	6-3-3-4-6-6-5-5-6-6-6-6	5-6-6-7-5-4-6-5-6-6-6-5	6-6-4-6-6-6-6-4-6-4-6-5	6-4-6-6-5-6-6-6-4-5-6-5	5-6-6-6-3-7-6-6-3-5-2-6	5-6-5-6-5-6-6-6-3-6-6-6	5-6-1-6-6-7-2-6-6-5-6-7	7-0-5-6-6-6-4-3-3-5-6-4	6-6-5-4-6-6-6-6-5-4-6-7	2-2-6-2-6-3-5-2-6-6-6-5	4-6-5-6-6-5-6-6-5-3-6-3
877	6	5-7-5-5-5-7-5-5-5-5-5-7	5-3-5-5-5-5-5-5-5-5-5-5	7-5-5-5-4-5-5-7-5-5-5-5	5-5-6-5-5-5-5-4-5-4-5-7	5-4-4-5-5-5-7-5-6-5-5-4	7-5-5-5-2-5-5-5-6-6-2-5	2-5-3-6-7-5-6-5-6-5-5-5	6-5-4-5-5-4-2-5-4-5-5-0	6-6-6-5-5-5-3-7-3-6-5-1	5-5-4-5-5-5-5-5-7-6-6-1	4-6-5-3-5-6-6-3-4-5-5-6	4-5-7-6-5-4-5-5-4-6-5-3
877	7	7-6-5-5-7-6-5-7-6-5-5-6	5-7-7-5-7-5-5-7-5-7-5-5	7-7-7-5-7-7-5-6-5-7-6-7	5-7-5-7-7-7-6-7-3-7-7-6	7-5-7-7-5-6-6-7-7-7-5-5	6-7-6-6-7-5-7-7-7-7-7-5	6-7-7-7-5-7-6-6-7-5-7-5	7-5-7-6-5-5-4-6-6-4-5-5	5-7-7-6-1-7-7-4-7-3-5-7	4-7-7-7-7-5-7-5-4-7-6-7	0-7-2-2-5-4-6-3-7-6-7-6	4-6-6-5-6-7-7-7-7-7-5-7
878	0	0-0-0-0-0-0-0-0-0-0-0-0	0-0-0-0-0-0-0-0-0-0-0-0	0-0-0-0-0-0-0-0-0-0-0-0	0-0-0-0-0-0-0-0-0-0-0-0	0-0-0-0-0-0-0-0-0-0-0-0	0-0-0-0-0-0-0-0-0-0-0-0	0-0-0-0-0-0-0-0-0-0-0-0	0-0-0-0-0-0-0-0-0-0-0-0	0-0-0-0-0-0-0-0-0-0-0-0	0-0-0-0-0-0-0-0-0-0-0-0	0-0-0-0-0-0-0-0-0-0-0-0	0-0-0-0-0-0-0-0-0-0-0-0
878	1	1-1-1-2-1-1-1-1-1-2-2-2	3-2-1-0-3-2-0-2-1-1-0-2	1-2-1-2-2-2-2-2-2-2-2-2	2-1-2-3-1-2-2-1-2-2-2-1	2-0-1-3-4-1-2-1-2-2-2-1	4-2-2-2-2-2-2-2-2-1-4-2	1-1-1-1-2-1-2-2-1-2-4-1	1-1-1-1-1-2-1-1-1-1-0-3	1-0-7-0-2-2-6-1-2-1-1-2	6-1-1-2-1-1-2-1-6-1-0-1	1-1-4-2-1-2-1-1-4-1-2-2	7-1-1-1-3-1-2-2-0-1-4-1
878	2	1-1-2-2-1-1-1-1-1-1-1-1	1-1-1-4-1-1-0-1-1-1-1-1	0-3-1-5-3-1-1-1-1-3-1-1	3-0-1-1-3-3-1-2-1-1-3-5	1-0-5-3-0-1-3-3-1-1-1-3	1-4-3-1-1-4-3-1-1-1-2-1	3-4-1-2-3-2-1-3-1-1-3-3	1-2-1-3-3-1-1-7-2-0-6-0	2-0-3-3-4-1-1-4-1-2-4-1	2-3-1-1-3-2-3-1-3-1-0-2	6-2-0-1-1-1-0-0-6-2-1-1	1-2-2-1-6-1-1-1-0-2-2-1
878	3	1-3-1-3-4-1-1-1-1-1-1-4	1-4-4-2-1-1-1-4-4-1-2-4	1-2-1-1-2-1-4-4-4-2-4-4	2-3-4-1-2-2-1-2-4-4-4-0	3-0-2-1-0-4-4-2-3-3-1-2	2-2-4-1-3-1-4-2-1-3-6-3	6-2-1-7-2-1-4-2-3-3-2-2	1-2-4-2-2-4-5-2-2-6-1-1	2-0-2-2-3-1-7-2-1-3-2-4	2-2-3-4-2-2-2-3-2-1-0-3	4-2-0-1-7-1-0-0-1-2-2-3	1-2-2-3-1-1-2-0-0-2-3-3
878	4	4-3-1-4-3-1-1-1-1-1-5-7	4-3-3-2-1-1-6-3-3-1-5-5	6-4-5-2-3-5-3-5-5-5-3-3	5-4-5-5-2-5-5-2-3-3-3-5	2-5-2-4-5-3-5-4-4-3-1-1	1-2-3-4-5-2-3-2-1-3-1-3	5-2-3-5-5-4-3-5-2-1-1-1	1-2-3-3-2-3-3-2-2-4-5-4	5-0-5-2-2-1-4-2-1-5-2-3	5-2-1-3-3-2-1-1-2-5-4-2	5-2-1-1-4-5-6-5-1-4-2-4	1-2-4-3-1-1-2-5-7-3-1-1
878	5	6-5-5-7-3-6-5-5-5-4-4-5	5-3-3-2-5-1-7-6-4-1-6-6	4-6-4-2-6-7-6-6-6-6-3-6	6-4-4-6-6-6-4-6-6-3-6-4	5-4-6-6-4-5-6-6-4-3-6-6	6-1-6-5-4-2-6-6-5-5-3-3	4-6-3-4-6-6-3-6-1-7-6-7	1-6-6-6-6-4-3-6-7-5-4-4	4-7-6-6-6-5-0-6-1-6-6-4	4-6-5-3-4-6-6-1-4-6-6-2	4-6-0-1-0-4-4-4-4-6-5-5	0-3-6-6-4-1-6-4-4-4-3-1
878	6	5-7-5-5-5-7-7-7-6-6-6-7	7-3-6-4-6-1-4-5-4-1-5-5	4-5-4-7-5-5-5-5-5-5-6-5	5-4-6-5-5-5-7-5-5-5-5-7	5-7-5-5-6-5-5-5-4-6-5-5	7-7-5-6-4-2-5-5-6-6-3-6	7-5-3-6-5-6-3-5-6-6-5-2	1-5-5-5-5-6-3-5-2-6-5-4	6-6-6-5-5-5-1-5-1-5-5-0	1-5-6-3-2-5-5-1-1-6-5-2	2-5-7-1-4-7-4-5-2-5-3-6	1-7-5-5-6-6-5-4-5-6-5-1
878	7	7-6-5-5-7-6-6-7-6-6-5-6	6-7-7-5-7-7-5-7-7-7-5-6	7-7-7-5-7-5-5-5-5-7-6-7	6-7-7-7-7-5-6-7-7-7-7-6	5-4-7-7-6-7-6-7-7-7-5-5	6-7-6-7-7-7-7-7-7-7-7-6	6-7-7-7-5-7-7-7-7-7-5-5	7-7-7-5-7-5-5-2-2-5-5-4	4-5-7-7-5-7-7-5-7-5-5-7	2-4-7-7-2-2-7-7-4-7-4-7	4-2-6-7-3-6-4-4-1-7-7-7	7-6-6-1-1-7-7-4-4-7-3-1
879	0	0-0-0-0-0-0-0-0-0-0-0-0	0-0-0-0-0-0-0-0-0-0-0-0	0-0-0-0-0-0-0-0-0-0-0-0	0-0-0-0-0-0-0-0-0-0-0-0	0-0-0-0-0-0-0-0-0-0-0-0	0-0-0-0-0-0-0-0-0-0-0-0	0-0-0-0-0-0-0-0-0-0-0-0	0-0-0-0-0-0-0-0-0-0-0-0	0-0-0-0-0-0-0-0-0-0-0-0	0-0-0-0-0-0-0-0-0-0-0-0	0-0-0-0-0-0-0-0-0-0-0-0	0-0-0-0-0-0-0-0-0-0-0-0
879	1	1-1-3-3-1-1-1-1-1-1-1-2	1-2-1-2-3-2-2-2-1-1-2-2	1-2-4-2-2-2-2-2-2-2-3-1	2-1-2-4-2-2-2-2-1-2-2-2	2-2-2-0-1-1-2-1-2-2-4-1	1-0-2-0-0-2-1-0-1-1-0-0	2-2-1-1-2-1-0-2-1-1-0-4	1-1-0-2-1-4-2-2-1-1-0-1	1-0-0-0-2-3-1-2-2-1-1-5	4-1-1-2-1-1-2-1-2-2-0-1	1-8-2-2-3-1-1-1-8-1-2-1	3-2-1-1-1-2-1-4-3-1-4-1
879	2	1-1-1-1-1-1-1-1-1-1-1-1	1-1-1-3-1-1-3-1-1-1-1-1	1-3-1-1-4-1-3-1-1-3-1-3	3-3-1-1-4-4-1-1-1-1-3-1	1-1-3-7-3-3-3-3-1-1-1-4	1-1-1-2-1-1-3-2-1-1-0-2	1-1-1-0-3-1-2-1-1-1-7-3	1-4-5-3-3-1-1-5-2-1-2-0	0-0-3-3-5-5-0-4-1-3-3-2	1-4-1-1-3-4-3-1-3-1-0-4	1-1-1-1-1-1-0-0-1-3-1-4	1-3-4-1-0-1-4-0-6-1-2-1
879	3	1-3-1-1-1-3-1-1-1-1-1-1	1-4-3-2-1-1-2-2-1-1-2-4	1-2-4-1-2-1-4-1-1-2-4-2	2-4-3-2-2-2-1-1-4-3-4-1	1-0-2-3-2-4-4-2-3-3-1-2	1-3-4-2-3-1-4-3-3-3-3-3	5-1-3-5-2-3-3-4-3-3-2-2	1-2-0-4-2-1-1-2-2-7-1-1	0-0-2-2-3-1-6-2-1-3-2-4	1-2-3-1-4-2-2-1-2-1-0-2	5-4-1-0-1-1-0-5-1-2-1-1	1-2-1-4-0-1-2-0-1-4-2-1
879	4	1-4-1-2-4-3-4-1-1-1-1-2	1-5-5-2-1-1-2-5-1-1-5-3	1-2-1-1-2-5-3-5-5-5-5-5	2-5-5-1-2-2-1-2-5-5-5-0	2-0-2-5-6-3-5-4-5-6-1-2	1-4-3-2-5-1-5-4-4-4-7-2	4-1-1-0-2-1-4-5-4-1-5-1	5-2-0-3-2-1-7-4-3-4-2-1	1-0-5-2-4-0-0-2-1-3-2-3	1-2-4-5-5-2-5-4-3-4-4-2	3-5-4-4-1-1-0-6-1-3-2-2	1-2-2-3-1-3-2-1-1-3-1-1
879	5	5-3-8-5-4-1-5-5-5-1-5-8	5-4-4-5-1-1-6-7-6-1-4-6	5-6-7-2-5-6-4-4-8-4-4-4	5-4-4-6-2-2-5-5-4-6-4-7	1-5-8-4-6-3-4-5-4-5-1-2	6-1-4-7-4-6-4-7-4-4-0-6	6-1-5-7-6-7-4-4-4-1-4-6	4-2-2-6-2-0-4-2-7-6-5-0	0-0-5-2-2-2-5-6-1-5-2-1	5-5-7-4-4-1-4-4-6-6-5-2	3-4-1-4-1-8-7-7-3-5-1-5	1-5-5-5-5-1-2-5-1-5-5-5
879	6	7-6-8-8-7-7-7-7-6-7-6-6	7-4-7-7-7-7-7-6-7-7-7-7	6-7-7-7-7-7-7-7-7-7-7-7	7-7-5-7-7-7-7-7-7-5-7-5	7-5-5-7-5-7-7-7-4-7-7-7	6-6-7-7-4-8-7-7-3-4-4-5	7-7-6-5-7-5-7-7-6-8-7-7	6-7-8-7-7-8-8-7-5-5-7-8	8-0-8-7-7-7-5-8-1-6-7-8	7-7-6-5-7-7-7-8-8-5-7-7	7-6-7-7-8-5-7-8-7-7-7-7	7-7-7-7-7-7-7-7-7-5-8-7
879	7	6-8-6-6-6-6-6-6-6-6-6-6	6-6-6-6-6-6-6-5-6-6-6-6	8-6-6-6-6-6-6-6-6-6-7-6	6-6-7-6-6-6-8-6-6-5-6-8	6-5-5-6-7-6-8-6-7-6-6-6	6-7-6-8-7-6-6-6-7-7-3-6	6-6-4-5-6-5-6-6-7-7-6-6	7-6-6-6-6-1-4-6-5-3-6-7	7-7-7-6-6-6-5-6-1-7-6-4	6-6-5-1-6-6-6-6-8-7-6-6	6-7-6-7-6-6-7-5-6-6-6-7	6-6-7-7-6-6-6-6-6-5-6-6
879	8	8-6-6-6-8-7-6-8-6-6-6-7	6-8-8-6-8-6-6-6-6-8-6-6	8-7-6-8-8-8-6-7-6-8-7-8	6-8-6-8-8-8-7-8-7-8-8-7	6-5-5-8-8-7-7-8-8-8-6-8	7-8-8-7-8-6-8-8-8-8-8-7	6-8-8-7-6-8-8-7-8-6-7-6	8-6-6-7-8-6-6-7-2-5-6-6	6-8-8-8-6-8-8-6-4-7-6-6	6-8-8-8-8-6-8-6-7-8-7-8	1-1-4-7-6-5-7-6-1-8-8-8	6-7-7-1-6-8-8-8-8-8-6-8
880	0	0-0-0-0-0-0-0-0-0-0-0-0	0-0-0-0-0-0-0-0-0-0-0-0	0-0-0-0-0-0-0-0-0-0-0-0	0-0-0-0-0-0-0-0-0-0-0-0	0-0-0-0-0-0-0-0-0-0-0-0	0-0-0-0-0-0-0-0-0-0-0-0	0-0-0-0-0-0-0-0-0-0-0-0	0-0-0-0-0-0-0-0-0-0-0-0	0-0-0-0-0-0-0-0-0-0-0-0	0-0-0-0-0-0-0-0-0-0-0-0	0-0-0-0-0-0-0-0-0-0-0-0	0-0-0-0-0-0-0-0-0-0-0-0
880	1	1-1-0-1-1-1-1-1-1-1-0-0	0-2-1-0-0-0-0-1-0-0-0-0	1-0-0-0-2-0-2-0-0-2-2-2	0-2-2-0-0-0-0-0-2-2-2-0	0-0-0-0-0-2-0-0-2-0-0-0	0-0-0-0-0-0-2-0-1-1-0-0	0-2-1-0-0-0-0-0-1-0-0-0	0-1-0-0-1-0-0-0-0-1-0-0	1-0-0-0-0-0-4-0-0-0-0-0	0-1-0-0-1-0-0-1-0-0-0-1	4-1-1-0-1-0-0-1-2-0-0-1	2-0-0-4-4-1-0-0-0-1-0-1
880	2	3-2-4-3-2-1-3-4-3-2-4-3	3-1-1-3-3-3-3-3-3-3-3-3	2-3-3-3-3-3-3-4-3-3-3-3	3-3-3-3-3-3-3-3-1-1-3-3	3-0-3-3-3-1-3-3-2-0-2-3	3-3-3-2-2-4-3-3-1-1-3-4	3-3-1-3-3-0-3-2-4-4-3-3	0-3-3-3-3-0-1-3-3-3-3-3	3-0-3-3-4-2-3-3-3-3-3-3	3-3-0-3-3-4-3-3-3-3-3-4	3-4-1-3-3-3-1-1-3-3-3-2	3-3-2-3-1-3-3-0-7-3-3-2
880	3	2-4-2-2-2-3-2-2-2-2-2-2	2-4-3-2-2-2-2-2-2-2-2-2	2-2-2-2-2-2-2-2-2-2-4-2	2-2-4-2-2-2-2-2-3-4-2-2	2-0-2-2-2-3-4-2-3-3-2-2	2-2-4-2-3-2-4-2-3-3-2-2	2-2-1-2-2-3-2-0-3-3-2-2	3-2-2-2-2-0-6-2-2-4-2-4	3-0-2-2-3-0-2-2-2-3-2-2	2-2-4-2-2-2-2-4-2-3-2-2	2-3-3-3-8-2-0-3-2-2-2-3	2-2-2-2-3-3-2-0-6-2-2-3
880	4	2-3-2-4-2-4-2-2-4-2-2-5	4-3-3-5-6-3-5-7-5-4-2-6	7-5-7-2-4-5-5-5-2-3-3-4	5-4-4-2-2-5-2-2-4-5-2-6	2-6-2-4-4-3-3-4-4-4-4-2	5-2-3-4-6-2-3-2-3-3-3-2	4-2-3-7-4-4-5-5-2-2-6-3	3-3-5-2-2-5-3-2-2-6-4-7	4-5-3-2-2-4-6-5-3-8-2-3	6-6-3-5-3-2-2-3-5-6-4-2	6-2-1-3-8-5-6-6-6-4-2-2	3-2-4-1-6-2-2-6-4-1-2-2
880	5	6-8-7-7-6-6-6-6-6-6-6-8	6-6-5-4-6-7-6-6-7-6-7-6	5-4-6-6-6-6-6-6-7-5-6-6	6-4-6-7-5-6-6-7-6-7-6-5	6-4-3-7-5-5-6-5-6-6-7-5	5-6-6-5-6-6-6-6-7-5-0-5	6-6-5-5-6-6-6-6-6-7-8-6	5-2-6-5-5-6-5-6-2-7-6-5	5-5-6-2-6-6-6-6-6-5-8-6	4-5-6-6-5-7-7-6-6-4-4-5	5-8-5-8-6-8-4-4-8-5-6-6	8-2-5-6-6-7-5-4-5-6-5-8
880	6	5-5-8-8-5-5-5-5-5-5-5-5	5-5-5-6-5-5-8-5-5-5-7-5	4-7-5-7-7-5-7-5-5-7-5-7	7-4-5-5-7-7-5-2-5-5-7-4	7-4-2-5-7-7-7-7-5-5-5-2	7-5-7-6-4-5-7-5-5-5-3-6	5-7-5-4-5-5-5-7-5-5-7-5	5-6-5-7-7-5-8-8-8-4-7-4	4-0-5-7-7-5-5-5-5-5-7-5	4-7-5-5-7-5-8-5-5-4-7-7	4-6-3-7-5-5-4-4-4-7-5-5	5-6-6-5-5-5-7-4-3-6-7-5
880	7	5-5-5-5-5-8-5-5-5-5-5-8	5-5-5-6-5-5-6-6-5-5-6-8	4-6-4-6-6-5-6-5-5-6-7-6	6-7-7-5-6-6-8-5-5-5-6-8	6-4-2-5-6-6-6-6-7-5-5-2	6-7-6-8-5-5-6-5-5-5-7-8	8-6-5-4-7-5-7-6-7-5-6-6	7-6-6-6-6-5-5-7-6-5-6-4	5-7-7-6-6-5-3-6-5-7-6-5	6-6-7-5-6-5-7-5-8-5-6-6	6-7-1-7-3-5-7-4-7-6-5-5	5-6-8-7-7-5-6-4-2-6-6-6
880	8	8-5-6-6-8-7-5-8-5-5-5-7	5-8-8-6-8-5-6-8-8-8-6-7	8-8-8-5-8-6-8-5-5-8-7-8	7-8-5-8-8-8-7-8-5-8-8-7	5-4-8-8-8-8-7-8-8-8-2-2	5-8-8-7-8-8-8-8-8-8-8-7	7-8-8-8-6-8-8-8-8-8-5-6	8-8-6-7-8-5-6-6-6-8-5-5	5-8-8-7-6-8-5-6-5-4-5-5	6-8-8-5-8-2-8-5-7-8-7-8	4-5-8-8-4-5-7-4-5-5-8-8	5-7-7-5-5-8-8-5-8-8-6-5
881	0	0-0-0-0-0-0-0-0-0-0-0-0	0-0-0-0-0-0-0-0-0-0-0-0	0-0-0-0-0-0-0-0-0-0-0-0	0-0-0-0-0-0-0-0-0-0-0-0	0-0-0-0-0-0-0-0-0-0-0-0	0-0-0-0-0-0-0-0-0-0-0-0	0-0-0-0-0-0-0-0-0-0-0-0	0-0-0-0-0-0-0-0-0-0-0-0	0-0-0-0-0-0-0-0-0-0-0-0	0-0-0-0-0-0-0-0-0-0-0-0	0-0-0-0-0-0-0-0-0-0-0-0	0-0-0-0-0-0-0-0-0-0-0-0
881	1	1-1-1-2-1-1-1-1-1-1-1-1	1-2-2-1-2-1-0-2-2-1-2-2	2-2-2-2-2-2-2-2-2-2-2-2	2-1-2-3-2-2-2-2-2-1-2-2	6-2-6-2-0-1-2-1-2-1-3-1	4-2-2-0-0-5-1-1-1-1-1-1	1-1-1-2-2-1-1-2-1-1-1-1	1-2-5-2-6-0-2-4-1-0-1-2	1-0-3-2-0-4-1-1-2-5-1-2	1-1-1-2-1-1-3-1-0-0-5-4	1-9-3-1-3-1-2-1-1-1-4-1	1-2-1-1-2-1-8-2-1-2-1-9
881	2	1-1-1-1-1-1-1-1-1-1-1-1	3-1-1-1-1-1-3-1-3-1-3-1	1-1-1-1-1-1-1-1-1-1-1-1	3-3-1-1-4-4-1-1-1-1-1-1	1-1-1-1-3-3-3-3-1-1-1-1	1-1-1-4-0-4-3-1-2-1-1-2	2-1-1-1-1-2-1-3-1-1-3-3	1-4-3-3-3-1-9-1-8-0-2-1	3-0-1-4-5-2-2-3-1-2-2-1	1-2-1-1-3-5-1-1-3-4-1-6	2-1-2-1-2-3-1-0-5-3-1-1	1-3-1-2-2-2-3-1-2-1-2-1
881	3	3-4-1-3-3-3-3-3-3-1-3-1	2-5-3-1-1-1-2-4-2-3-2-4	1-2-1-1-1-1-4-4-1-2-4-2	2-2-4-1-2-2-2-2-4-3-4-1	1-0-1-1-2-4-4-2-4-3-1-1	2-1-4-0-3-1-2-1-3-3-8-2	1-1-3-7-2-3-6-2-3-3-2-2	3-1-4-4-2-0-3-1-3-4-1-2	2-0-1-2-3-1-3-2-4-3-4-4	1-1-3-4-2-2-1-3-4-4-1-1	5-1-4-3-5-2-4-5-0-2-1-4	3-5-2-3-9-2-2-4-3-1-3-1
881	4	5-3-4-4-4-3-4-4-4-1-4-1	2-5-5-1-6-6-2-3-2-3-2-5	3-4-1-1-5-1-5-6-6-1-5-5	2-5-5-1-2-2-7-1-5-6-3-1	1-0-1-2-2-3-5-4-5-1-1-2	1-5-3-2-4-2-5-1-3-4-4-2	1-1-3-0-2-2-4-5-4-3-2-2	4-2-3-3-2-1-6-1-2-5-1-0	3-0-3-2-4-1-5-3-8-4-3-3	1-1-6-7-5-2-5-4-3-3-1-1	3-1-3-9-1-5-3-5-0-2-5-4	1-2-2-5-4-2-2-3-6-5-1-1
881	5	6-4-6-6-4-5-5-4-6-5-6-6	6-4-4-1-1-6-7-6-6-6-6-6	8-6-6-1-4-1-4-4-6-6-4-6	6-6-6-1-2-6-6-1-4-4-4-5	1-8-1-4-6-3-6-6-4-6-7-6	6-6-3-2-5-1-6-6-3-4-0-6	1-1-3-6-6-5-4-6-4-5-6-6	4-2-8-6-1-6-3-5-2-4-5-9	5-6-6-6-4-5-6-6-4-6-2-6	6-7-5-6-4-2-4-1-6-6-1-5	8-1-2-5-3-8-6-8-8-2-4-5	5-3-5-6-6-2-3-5-5-8-1-2
881	6	6-6-5-6-7-5-6-6-5-5-5-5	5-7-7-1-7-5-5-5-5-5-5-7	5-5-5-1-5-8-5-4-4-7-7-5	5-5-5-5-2-5-5-1-7-7-7-5	1-5-1-4-5-7-5-5-7-7-1-5	5-5-3-8-5-2-7-8-6-6-4-5	7-1-7-5-5-5-8-5-6-6-5-7	6-1-7-5-1-5-3-7-5-6-1-5	7-5-5-5-6-6-5-5-6-5-1-5	5-1-4-7-4-5-5-6-5-5-1-2	5-7-2-6-3-5-5-5-5-2-7-5	8-7-5-5-5-2-2-5-4-7-3-6
881	7	7-7-8-7-6-8-9-8-9-9-8-8	5-6-6-8-8-8-8-7-8-8-8-8	7-8-5-8-8-8-8-8-8-6-8-8	8-5-5-8-8-8-4-8-8-6-8-5	8-5-8-8-5-6-8-8-6-6-8-8	7-7-8-7-7-8-8-6-3-6-3-8	6-7-6-5-8-7-6-8-6-6-8-8	6-8-9-8-8-9-3-8-9-5-7-7	8-6-5-8-8-6-5-8-4-6-8-8	9-8-5-6-8-6-8-3-5-5-8-8	5-6-8-6-9-7-9-4-5-8-6-8	6-8-7-5-5-5-7-5-8-6-9-3
881	8	7-9-7-7-7-9-7-7-7-7-7-9	7-6-7-7-7-7-7-7-7-7-7-9	5-7-5-7-7-7-7-7-7-6-7-7	7-8-8-7-7-7-9-7-7-6-7-9	7-5-7-7-5-7-9-7-8-6-7-7	9-7-7-9-8-9-7-6-8-8-3-7	9-1-6-5-7-8-6-7-8-6-7-7	8-7-5-7-7-7-3-7-2-6-7-0	8-8-8-7-7-6-5-7-4-6-7-1	2-7-5-8-7-2-7-7-9-5-7-7	5-8-7-3-3-5-8-5-5-2-6-8	6-7-7-5-5-2-7-5-7-5-7-3
881	9	9-7-7-7-9-8-7-9-7-7-7-8	7-6-9-7-9-7-7-9-7-9-7-8	9-9-9-9-9-9-7-8-9-9-7-9	8-9-9-9-9-9-8-9-7-9-9-8	7-5-9-9-9-9-8-9-9-9-1-9	8-9-8-8-9-8-9-9-9-9-9-8	8-9-9-7-7-9-9-9-9-9-7-7	9-9-9-9-9-9-2-7-7-5-1-9	2-9-9-9-7-9-9-7-4-9-7-1	7-9-9-9-9-1-9-9-8-9-4-9	7-1-4-4-7-5-8-7-9-9-9-9	6-8-5-9-3-9-9-9-9-9-7-1
882	0	0-0-0-0-0-0-0-0-0-0-0-0	0-0-0-0-0-0-0-0-0-0-0-0	0-0-0-0-0-0-0-0-0-0-0-0	0-0-0-0-0-0-0-0-0-0-0-0	0-0-0-0-0-0-0-0-0-0-0-0	0-0-0-0-0-0-0-0-0-0-0-0	0-0-0-0-0-0-0-0-0-0-0-0	0-0-0-0-0-0-0-0-0-0-0-0	0-0-0-0-0-0-0-0-0-0-0-0	0-0-0-0-0-0-0-0-0-0-0-0	0-0-0-0-0-0-0-0-0-0-0-0	0-0-0-0-0-0-0-0-0-0-0-0
882	1	1-1-1-2-1-1-1-1-1-1-1-2	2-2-1-0-2-2-1-2-2-2-0-2	1-2-3-2-2-2-2-2-3-2-1-2	2-1-2-2-2-2-2-2-2-2-2-2	4-2-2-2-2-1-2-2-2-3-3-1	4-2-2-0-2-2-2-6-1-1-1-0	2-2-1-1-2-1-0-2-1-3-1-4	1-1-1-2-1-3-2-2-1-3-0-1	1-1-1-1-3-1-2-2-2-6-1-2	3-1-2-1-6-1-2-4-2-2-2-1	1-4-2-2-1-1-1-1-3-4-2-1	3-1-1-1-1-1-1-3-1-1-3-2
882	2	1-1-1-1-1-1-1-1-1-1-1-1	1-1-1-3-1-1-3-1-1-1-3-1	1-3-1-1-1-1-3-1-0-1-1-3	3-3-1-1-3-3-1-1-1-1-3-1	1-1-1-6-1-1-3-3-1-1-1-3	1-1-3-2-1-1-3-2-1-1-0-4	1-1-1-1-3-1-2-1-1-1-3-3	1-3-7-3-3-1-8-6-2-1-2-1	2-0-3-3-4-3-1-3-1-2-3-2	1-5-1-1-3-4-1-1-3-1-1-5	1-1-1-1-1-1-1-1-1-3-3-2	1-3-3-1-0-1-3-1-2-1-2-4
882	3	1-3-1-3-4-1-1-1-1-1-1-4	1-4-3-2-1-1-2-2-2-2-2-3	4-2-1-1-2-1-4-6-1-5-4-2	2-2-1-2-2-2-1-1-4-3-4-1	1-1-5-3-5-2-4-2-3-1-1-2	1-1-5-2-3-2-4-5-3-3-7-3	5-1-1-5-2-3-6-2-1-1-2-2	3-2-2-5-2-1-6-1-2-1-6-4	1-1-6-2-3-2-1-4-1-2-2-3	1-2-1-1-2-2-2-1-2-1-1-2	3-3-3-3-1-5-0-1-1-2-2-2	1-2-2-3-0-7-2-1-1-4-1-1
882	4	7-4-5-5-3-6-1-6-4-5-5-3	5-3-3-5-5-1-5-4-5-1-5-6	7-5-7-1-4-7-5-5-5-5-3-4	5-5-5-5-2-5-4-2-3-5-3-4	1-5-4-4-6-5-5-5-4-4-1-8	5-1-3-5-6-7-5-5-3-3-4-2	4-1-4-4-5-4-3-5-1-1-6-1	1-2-6-3-2-5-3-2-3-4-4-7	6-5-5-2-2-4-4-5-1-4-2-4	6-6-4-5-5-2-2-1-5-5-6-2	6-1-5-5-4-5-5-6-6-1-2-4	1-3-4-1-6-1-2-5-4-3-1-2
882	5	5-7-4-4-4-5-5-4-1-4-4-4	4-6-6-4-4-5-4-4-4-4-4-4	8-4-4-4-4-7-6-4-4-4-6-4	4-4-5-4-2-4-6-2-6-4-5-4	1-4-4-2-5-5-6-4-6-5-6-2	4-6-3-4-3-4-6-4-6-5-1-5	3-6-8-4-4-5-3-4-5-3-4-6	1-2-4-3-2-4-4-2-2-5-4-4	1-4-4-2-5-6-1-4-1-5-2-4	4-2-5-4-4-7-2-1-4-4-4-2	4-1-4-4-1-4-4-4-4-2-6-5	1-8-4-1-4-6-2-4-1-5-5-5
882	6	7-6-8-6-3-4-6-4-8-6-6-8	7-5-5-7-4-1-8-7-4-7-8-4	4-7-4-8-7-8-7-8-7-8-5-7	7-4-6-7-7-7-5-7-7-7-7-4	7-4-6-7-4-7-7-7-5-6-5-7	7-5-7-6-4-4-7-7-5-6-0-7	7-5-1-7-7-7-3-7-5-1-4-7	0-7-4-7-7-4-3-7-6-4-5-4	4-6-7-7-7-5-4-6-1-1-7-8	4-4-6-7-7-6-7-1-4-4-7-6	4-6-6-6-1-0-4-4-4-7-5-6	1-7-6-7-7-5-7-4-7-6-7-7
882	7	6-8-6-4-6-8-8-8-8-6-6-8	6-5-5-6-7-1-6-6-8-6-4-8	4-6-4-6-6-6-6-6-6-7-6-6	6-7-7-6-6-6-8-6-6-6-6-8	6-4-6-6-7-6-8-6-7-7-8-6	6-8-6-6-7-4-6-6-7-7-3-7	6-6-7-6-6-7-7-7-7-1-6-6	7-6-4-6-6-4-3-6-6-5-8-4	7-7-6-6-6-6-7-4-1-1-6-4	4-7-7-6-6-5-6-1-8-4-6-6	1-7-4-3-1-8-7-6-4-7-7-7	1-6-6-6-6-3-6-4-6-3-6-6
882	8	8-7-4-5-8-7-7-8-7-7-8-7	6-5-8-6-8-8-6-8-8-8-6-7	8-8-8-6-8-6-8-6-6-8-7-8	7-8-8-8-8-8-7-8-7-8-8-7	8-4-8-8-8-8-7-8-8-8-7-8	8-8-8-6-8-4-8-6-8-8-8-8	7-8-8-8-7-8-8-8-8-8-4-6	8-8-8-7-8-8-2-2-2-5-7-6	7-8-8-8-6-8-8-6-8-8-6-6	4-4-8-8-8-7-8-8-7-8-4-8	4-1-8-6-1-7-7-4-4-8-8-8	8-7-7-8-8-8-8-8-8-8-6-8
883	0	0-0-0-0-0-0-0-0-0-0-0-0	0-0-0-0-0-0-0-0-0-0-0-0	0-0-0-0-0-0-0-0-0-0-0-0	0-0-0-0-0-0-0-0-0-0-0-0	0-0-0-0-0-0-0-0-0-0-0-0	0-0-0-0-0-0-0-0-0-0-0-0	0-0-0-0-0-0-0-0-0-0-0-0	0-0-0-0-0-0-0-0-0-0-0-0	0-0-0-0-0-0-0-0-0-0-0-0	0-0-0-0-0-0-0-0-0-0-0-0	0-0-0-0-0-0-0-0-0-0-0-0	0-0-0-0-0-0-0-0-0-0-0-0
883	1	1-1-3-1-1-2-1-1-2-2-1-1	1-0-0-1-0-1-2-1-2-2-2-2	1-2-2-0-2-2-1-2-0-0-2-1	2-2-2-2-1-2-2-2-0-0-0-2	0-2-4-0-2-0-2-1-0-0-2-1	3-0-0-2-0-2-0-0-0-0-0-2	0-0-1-1-0-0-0-2-0-0-0-3	0-3-0-0-0-2-0-0-0-2-3-1	0-2-2-0-2-1-2-0-0-1-1-0	2-0-1-0-0-0-0-0-0-2-3-0	0-0-3-0-4-1-1-0-3-1-0-2	1-0-1-3-2-0-0-3-1-0-1-1
883	2	1-1-2-3-2-1-1-1-1-1-1-1	3-1-0-2-0-1-3-1-1-1-1-1	2-3-1-4-3-1-3-3-1-3-1-3	3-1-1-3-3-3-1-1-3-0-2-1	2-1-8-3-1-2-3-3-2-0-1-3	0-3-3-1-2-4-3-3-0-0-0-3	2-3-4-1-3-2-0-1-0-2-3-1	0-2-3-3-2-1-0-8-2-1-1-0	0-1-1-3-4-3-1-3-0-2-2-3	3-4-0-3-3-2-3-0-3-1-0-4	3-4-0-0-0-3-3-2-0-2-3-1	1-3-3-1-1-2-3-1-2-2-2-4
883	3	1-4-1-2-3-3-3-3-1-1-3-4	1-4-4-2-1-1-2-4-1-1-1-4	2-2-1-2-2-2-4-2-4-4-4-2	2-1-4-2-2-2-3-2-4-0-4-2	2-1-2-2-2-2-4-2-3-4-2-2	1-2-4-1-4-2-4-3-3-3-6-3	2-2-3-1-2-3-5-2-4-3-2-1	4-4-2-2-4-4-6-4-2-3-1-2	0-1-4-2-0-2-3-2-3-3-4-6	2-2-3-7-2-4-2-6-2-4-1-2	2-3-1-3-1-2-2-3-1-2-2-3	7-2-2-4-1-1-2-1-6-2-6-3
883	4	6-3-5-6-4-4-6-4-4-4-4-5	4-3-3-5-5-1-5-3-5-3-5-6	8-5-6-2-4-3-3-5-3-3-3-4	5-4-3-5-2-5-4-2-3-0-3-5	2-6-1-4-6-4-3-4-4-3-4-4	0-1-3-4-6-2-3-3-3-0-0-5	2-2-3-6-5-4-4-5-3-3-6-3	6-2-6-3-3-5-3-3-5-4-4-6	6-4-3-2-2-4-6-6-6-4-3-4	6-6-3-5-6-3-3-3-5-3-5-2	6-2-6-5-1-6-6-6-6-6-5-4	5-2-4-3-6-6-3-6-6-6-1-2
883	5	7-5-6-4-6-6-8-8-6-6-6-8	6-6-6-4-7-8-4-6-6-7-4-6	5-6-7-7-6-6-6-6-6-6-6-6	6-4-6-7-6-5-6-7-6-5-6-4	7-7-7-7-5-5-6-5-6-5-7-5	5-6-6-4-4-6-6-6-6-5-0-5	6-6-5-5-4-6-6-4-5-7-8-5	5-5-4-6-6-6-6-6-4-5-4-4	5-4-8-5-6-7-6-5-6-5-3-5	5-4-6-4-6-6-6-7-4-6-4-2	4-8-6-7-6-8-4-4-8-5-6-6	4-5-7-6-4-7-7-4-4-4-5-8
883	6	7-5-8-8-5-5-5-6-5-5-5-7	5-5-5-7-5-5-5-7-5-5-8-4	7-7-4-5-5-5-7-5-5-5-5-5	7-4-5-5-7-7-5-7-5-5-7-7	7-4-7-7-4-7-7-7-5-5-5-7	5-0-7-6-4-5-7-5-5-6-3-7	5-5-5-4-4-5-5-7-5-6-7-6	4-7-4-7-7-5-8-7-4-4-7-4	4-4-5-7-7-5-4-7-5-7-7-3	4-4-5-5-4-5-5-3-4-5-4-7	4-7-4-3-5-4-4-4-4-5-5-6	5-6-6-5-4-4-5-4-4-4-7-5
883	7	6-8-5-6-5-5-5-6-5-5-5-6	5-5-5-6-5-5-6-6-6-5-6-5	6-6-5-5-6-7-6-5-5-5-7-6	6-7-7-5-6-6-8-5-5-5-6-6	6-5-6-6-7-6-6-6-7-7-5-6	8-0-6-6-7-5-6-5-7-7-0-6	8-5-5-8-8-7-5-6-7-5-6-6	5-6-4-6-6-5-5-6-8-4-6-4	7-7-7-6-6-5-7-6-5-6-6-0	5-7-5-5-7-8-5-3-8-5-5-6	5-6-5-5-0-5-4-4-5-7-5-7	8-8-5-7-6-5-5-4-6-4-6-5
883	8	8-7-6-6-5-7-5-8-5-5-5-5	5-8-8-6-8-5-6-6-8-8-6-6	8-8-8-5-8-5-7-5-5-8-5-8	7-8-5-8-8-8-7-8-8-0-8-5	6-4-6-8-8-8-7-8-8-8-5-6	5-0-8-6-8-5-8-8-8-8-8-8	5-8-8-7-7-8-8-6-8-8-5-5	8-6-2-7-8-7-6-6-7-5-5-7	7-8-8-7-6-7-8-6-8-5-6-0	6-4-8-8-8-5-8-7-8-8-4-8	4-5-0-8-0-5-4-4-5-5-8-8	7-7-8-5-5-8-8-4-8-8-7-5
884	0	0-0-0-0-0-0-0-0-0-0-0-0	0-0-0-0-0-0-0-0-0-0-0-0	0-0-0-0-0-0-0-0-0-0-0-0	0-0-0-0-0-0-0-0-0-0-0-0	0-0-0-0-0-0-0-0-0-0-0-0	0-0-0-0-0-0-0-0-0-0-0-0	0-0-0-0-0-0-0-0-0-0-0-0	0-0-0-0-0-0-0-0-0-0-0-0	0-0-0-0-0-0-0-0-0-0-0-0	0-0-0-0-0-0-0-0-0-0-0-0	0-0-0-0-0-0-0-0-0-0-0-0	0-0-0-0-0-0-0-0-0-0-0-0
884	1	1-1-1-1-1-1-1-1-2-1-1-1	2-1-1-2-0-1-2-1-2-2-1-2	1-0-2-2-1-1-2-2-0-0-2-1	2-0-2-1-3-2-0-2-1-0-2-1	2-1-2-2-4-1-2-2-1-0-2-2	2-3-2-3-0-3-2-4-1-1-0-2	3-2-1-0-2-0-1-2-1-1-3-2	1-4-2-2-2-3-1-2-2-0-0-0	3-0-2-2-3-1-0-2-0-1-2-1	0-2-1-0-2-3-2-1-2-0-2-3	2-1-2-3-2-1-2-0-0-2-2-1	2-2-2-2-2-2-2-0-2-1-2-3
884	2	2-2-1-2-2-2-2-2-1-1-2-1	1-3-3-1-1-2-1-3-1-1-1-3	1-1-1-1-1-1-3-1-0-1-3-3	1-2-3-1-1-1-1-1-3-3-3-1	1-5-1-1-1-3-3-1-3-2-1-1	1-1-1-1-2-1-3-1-2-2-2-1	2-1-2-3-1-0-3-1-2-2-1-1	2-1-3-1-1-1-3-1-1-2-1-2	2-1-1-1-2-3-0-1-3-2-1-2	3-1-2-3-1-1-1-5-1-2-1-1	1-1-2-4-1-3-1-2-0-1-1-2	3-1-1-3-1-1-1-0-1-0-5-1
884	3	3-7-1-3-3-3-3-3-3-4-3-4	4-2-2-4-5-4-1-4-4-1-4-4	6-4-5-1-3-5-4-6-5-4-2-2	4-4-4-4-1-4-2-1-2-2-2-6	1-4-1-4-5-2-4-4-2-7-2-2	4-4-1-3-5-1-2-1-2-2-2-4	1-1-2-4-4-0-2-4-2-2-1-2	2-1-2-1-1-5-2-1-5-3-4-4	5-3-5-4-1-2-4-4-2-3-1-4	4-1-3-2-5-1-2-2-4-5-5-1	5-1-3-1-4-5-5-5-4-4-2-3	4-1-4-2-5-1-1-3-4-3-1-1
884	4	4-4-1-4-5-4-4-4-4-3-5-3	3-5-5-3-3-3-1-5-3-5-3-3	3-3-6-3-5-6-5-5-3-3-5-5	3-3-4-3-1-3-5-1-5-6-5-3	1-3-1-3-1-5-5-3-2-5-5-2	3-3-1-3-3-1-5-1-4-4-2-3	5-1-2-3-3-4-3-3-4-4-3-5	2-1-1-1-1-3-5-1-3-5-3-3	3-3-5-3-3-1-3-3-5-3-1-3	3-1-2-5-1-1-1-2-3-3-3-1	3-5-3-2-3-3-3-3-3-3-6-4	3-1-3-4-3-1-4-0-3-5-1-6
884	5	5-5-5-6-4-4-5-4-7-5-5-5	5-4-4-6-6-6-1-6-5-4-6-3	3-6-3-3-6-3-6-4-3-6-4-4	6-3-4-6-6-6-4-5-4-4-6-3	6-4-6-6-3-4-6-6-5-4-6-6	5-5-6-5-3-3-6-6-4-5-2-4	4-1-4-5-4-5-3-4-4-4-6-4	4-6-6-6-6-3-7-6-7-4-6-3	3-3-4-6-6-1-3-6-4-5-6-6	6-6-5-4-6-7-6-2-3-3-6-5	3-6-6-2-0-3-3-3-3-3-5-5	4-5-5-6-6-0-6-3-6-4-2-4
884	6	5-4-5-5-6-7-7-5-7-6-5-7	7-4-4-5-5-5-1-5-7-6-5-7	3-7-5-7-5-4-5-3-7-5-6-5	5-6-6-5-5-5-6-5-5-4-5-3	5-3-5-5-6-5-5-5-6-6-5-5	5-7-5-7-3-7-5-5-6-6-2-6	7-1-2-5-6-6-2-0-6-4-5-4	6-5-5-5-5-4-2-5-3-4-5-6	6-3-6-5-5-5-6-5-4-5-5-5	5-5-6-5-5-1-5-2-7-4-5-1	5-6-5-1-7-6-3-5-4-6-4-6	7-7-6-5-5-6-5-3-5-4-1-4
884	7	7-6-7-5-7-7-6-7-6-5-5-6	6-7-7-5-7-7-6-7-6-7-5-6	7-7-7-6-7-7-5-6-6-7-7-7	5-7-7-7-7-7-6-7-5-7-7-3	5-3-7-7-7-7-6-7-7-7-5-5	6-7-6-6-7-6-7-7-7-7-7-7	6-7-7-7-6-7-7-7-7-7-5-7	7-7-7-7-7-6-5-5-5-4-3-3	6-4-7-5-1-7-3-6-7-7-5-5	5-7-7-7-7-1-7-7-6-7-5-7	3-7-7-7-6-6-3-3-7-6-7-7	6-6-7-4-6-7-7-3-7-7-1-1
885	0	0-0-0-0-0-0-0-0-0-0-0-0	0-0-0-0-0-0-0-0-0-0-0-0	0-0-0-0-0-0-0-0-0-0-0-0	0-0-0-0-0-0-0-0-0-0-0-0	0-0-0-0-0-0-0-0-0-0-0-0	0-0-0-0-0-0-0-0-0-0-0-0	0-0-0-0-0-0-0-0-0-0-0-0	0-0-0-0-0-0-0-0-0-0-0-0	0-0-0-0-0-0-0-0-0-0-0-0	0-0-0-0-0-0-0-0-0-0-0-0	0-0-0-0-0-0-0-0-0-0-0-0	0-0-0-0-0-0-0-0-0-0-0-0
885	1	1-1-1-1-1-1-1-1-1-1-1-1	1-2-1-0-0-2-0-1-1-1-0-1	1-0-0-1-2-0-0-0-0-2-2-2	2-0-2-0-0-0-0-0-2-2-2-1	1-0-0-0-0-2-0-0-2-1-1-0	0-0-0-0-0-0-2-0-2-1-0-2	0-2-1-0-0-1-0-4-1-1-2-0	1-1-0-0-1-0-2-0-0-1-0-0	1-0-0-0-0-0-3-0-0-0-1-0	0-0-0-0-0-3-0-1-0-0-0-1	2-1-1-0-2-0-0-0-2-0-0-1	1-1-0-1-0-1-1-0-0-1-0-6
885	2	2-2-3-2-2-1-2-2-3-2-2-3	3-1-1-3-3-3-4-2-3-3-3-3	2-3-4-3-3-3-3-2-3-3-3-3	4-3-1-3-3-3-3-3-3-1-3-2	6-0-4-3-0-1-3-3-2-1-4-4	4-4-3-2-2-3-3-3-1-2-0-4	3-4-1-3-3-0-3-3-2-5-3-3	1-6-5-3-3-0-1-4-3-3-7-3	0-0-3-3-5-2-4-3-5-4-3-3	3-4-2-3-3-5-3-3-3-2-4-3	1-3-1-2-1-3-1-1-1-3-3-2	3-3-4-3-3-3-3-1-5-3-3-2
885	3	2-3-2-4-3-2-2-3-2-2-2-2	2-5-3-2-2-2-2-4-2-2-2-2	0-2-2-2-2-2-4-2-2-2-4-2	2-2-4-2-2-2-2-2-4-3-4-2	2-0-2-2-5-4-4-2-3-3-2-2	2-2-4-2-3-2-2-2-3-3-7-3	2-2-1-2-2-0-2-2-3-4-2-2	3-2-2-4-2-0-6-2-2-4-0-2	4-0-4-2-3-3-1-2-4-3-2-4	2-2-3-2-2-4-2-2-4-3-2-2	2-2-3-3-4-2-2-4-0-2-2-2	2-2-2-2-4-7-2-0-7-2-7-7
885	4	2-4-2-4-4-4-4-3-2-2-4-2	2-5-5-2-2-3-2-3-5-2-2-3	0-4-2-2-2-2-3-5-5-2-3-4	2-5-5-2-2-2-2-2-5-5-3-2	2-0-2-2-5-3-3-4-5-5-2-2	2-2-3-2-4-2-5-2-4-4-4-2	2-5-4-2-2-0-5-5-4-3-4-2	5-2-5-3-2-0-5-2-2-3-0-5	3-0-3-2-4-3-5-3-3-2-5-3	0-2-4-5-5-3-5-7-3-0-4-2	8-4-3-5-3-2-0-3-5-2-4-4	4-2-2-4-3-3-2-5-3-7-2-2
885	5	6-6-6-6-6-6-6-7-6-6-6-6	6-4-4-6-6-6-6-7-6-6-6-6	6-6-6-6-6-7-6-6-6-6-6-6	6-6-7-6-2-6-6-5-4-4-4-6	5-9-2-8-7-4-6-6-4-6-6-5	6-7-3-6-5-6-4-8-6-5-4-6	4-4-5-6-6-6-4-6-7-5-7-4	4-4-7-6-2-6-4-2-7-9-6-6	7-6-6-6-2-5-7-6-4-6-9-6	6-7-5-4-4-2-6-8-6-6-6-2	7-7-5-5-6-6-5-7-6-6-6-5	8-6-6-6-6-6-4-7-6-6-5-6
885	6	5-5-5-5-5-5-5-6-5-5-5-5	5-4-6-5-5-5-5-5-5-5-5-5	5-5-5-5-5-5-7-5-8-5-7-5	5-5-5-5-2-5-5-2-7-8-7-5	2-5-2-5-5-7-7-5-7-8-5-2	5-5-3-5-5-5-7-6-5-6-3-5	2-7-6-5-5-5-7-5-6-8-2-2	6-2-5-5-2-5-7-2-5-5-5-5	5-5-5-5-4-5-5-5-7-6-2-5	5-2-6-3-5-7-5-4-5-5-5-2	0-5-9-7-5-5-5-5-5-5-5-6	5-5-5-5-5-5-2-5-5-5-3-8
885	7	5-7-7-9-5-5-5-5-5-5-7-8	7-4-6-8-8-8-5-8-5-5-5-5	5-8-8-5-8-5-8-5-6-7-6-8	8-8-5-8-8-8-5-2-6-6-8-5	8-5-9-7-5-8-8-8-6-6-6-8	9-5-8-7-4-5-8-6-1-4-3-7	3-6-4-5-5-5-6-8-5-6-8-8	6-8-5-8-8-5-6-2-5-5-8-5	5-5-8-8-7-5-5-6-6-6-8-5	8-8-5-5-8-6-9-4-5-5-5-2	5-5-5-6-5-5-0-5-5-8-5-7	5-8-5-8-5-3-8-5-3-4-8-3
885	8	5-9-5-5-5-9-9-5-5-5-5-9	7-6-5-7-8-7-5-7-5-5-5-9	9-7-5-9-7-7-7-7-6-6-8-7	7-7-8-7-7-7-9-2-7-6-7-9	7-5-7-5-8-7-7-7-8-8-5-7	9-9-7-7-5-5-7-2-8-8-4-8	9-6-4-5-9-5-6-9-8-6-7-7	8-7-5-7-7-5-9-2-5-4-7-0	5-8-7-7-7-5-5-5-6-6-7-5	7-7-5-7-7-5-5-5-9-5-8-2	4-8-8-8-3-5-5-7-5-7-5-7	5-7-8-7-7-3-7-5-7-5-7-6
885	9	9-8-7-7-9-8-8-9-5-5-5-8	8-9-9-7-9-9-5-9-9-9-5-8	9-9-9-9-9-9-9-6-9-9-8-9	7-9-9-9-9-9-8-9-8-9-9-8	7-5-9-9-9-9-8-9-9-9-2-2	8-9-9-8-9-8-8-9-9-9-9-8	8-9-9-5-8-9-9-8-9-9-5-7	9-9-9-7-9-5-9-2-7-5-6-5	7-5-9-7-2-9-6-5-9-9-5-1	7-9-9-5-9-2-9-8-8-9-8-9	8-9-6-4-4-5-5-6-5-7-9-9	5-5-8-5-5-9-9-9-9-9-7-1
886	0	0-0-0-0-0-0-0-0-0-0-0-0	0-0-0-0-0-0-0-0-0-0-0-0	0-0-0-0-0-0-0-0-0-0-0-0	0-0-0-0-0-0-0-0-0-0-0-0	0-0-0-0-0-0-0-0-0-0-0-0	0-0-0-0-0-0-0-0-0-0-0-0	0-0-0-0-0-0-0-0-0-0-0-0	0-0-0-0-0-0-0-0-0-0-0-0	0-0-0-0-0-0-0-0-0-0-0-0	0-0-0-0-0-0-0-0-0-0-0-0	0-0-0-0-0-0-0-0-0-0-0-0	0-0-0-0-0-0-0-0-0-0-0-0
886	1	1-1-1-2-1-0-1-0-1-1-0-2	1-0-0-1-0-1-1-2-1-1-2-0	3-1-1-0-0-1-2-1-0-1-2-0	1-3-2-1-1-2-0-1-0-0-0-4	0-1-1-0-3-0-0-1-0-1-1-1	1-3-0-1-1-1-0-0-0-0-0-0	0-0-0-1-2-0-0-0-0-1-0-1	0-0-1-0-1-4-0-0-0-0-4-0	1-1-3-0-1-0-0-3-0-1-1-1	0-1-1-0-0-0-0-0-1-3-1-1	4-0-1-0-1-1-1-0-0-1-1-1	1-1-1-1-1-1-1-1-1-0-1-1
886	2	2-2-3-3-2-3-2-3-2-3-3-3	4-3-3-2-4-4-2-3-3-3-1-3	2-3-4-3-3-5-3-3-4-3-3-3	3-2-3-3-1-1-4-4-3-4-2-2	3-3-4-4-2-2-3-2-3-3-4-3	3-1-3-3-3-3-2-3-3-2-0-2	2-2-2-2-1-2-5-3-3-4-2-5	2-2-3-2-2-3-2-0-2-3-3-3	4-2-2-2-2-2-3-2-3-3-2-4	3-2-0-2-3-2-5-2-1-2-3-2	2-8-7-3-3-2-2-2-2-2-3-3	4-2-2-4-4-3-2-3-2-2-2-3
886	3	2-2-2-2-2-2-2-2-2-2-2-2	2-2-2-3-2-2-4-2-2-2-2-2	1-2-4-2-4-2-4-2-2-2-2-2	4-1-2-3-4-4-2-2-2-2-3-2	2-2-4-2-4-4-4-4-2-2-2-4	2-1-2-2-2-2-4-2-2-2-0-4	4-4-2-1-4-3-0-4-2-2-3-4	2-3-2-4-4-2-2-8-3-2-2-2	2-1-4-4-5-0-2-4-2-2-3-2	2-4-1-2-4-3-4-2-4-2-2-3	0-3-2-2-2-3-1-2-2-4-2-2	2-3-3-2-2-2-4-2-3-3-3-2
886	4	2-2-2-2-2-2-2-2-2-2-2-2	2-5-4-3-2-2-3-3-2-2-3-2	2-4-3-3-3-2-3-6-2-5-2-5	3-5-2-5-3-3-2-2-5-5-5-1	5-2-2-4-3-3-3-3-4-4-2-5	3-3-6-2-4-2-5-2-4-4-6-4	3-3-4-1-3-4-6-3-5-6-3-3	2-2-2-3-3-1-2-3-3-0-1-2	2-1-3-3-4-2-3-5-2-4-3-2	2-3-0-5-3-4-3-6-3-2-2-3	1-2-2-5-2-5-1-4-7-3-2-2	2-3-3-2-2-7-3-2-2-4-6-2
886	5	6-5-6-6-8-6-6-7-6-6-5-5	6-4-4-3-2-6-7-5-6-6-6-6	5-6-7-7-4-2-5-4-6-4-6-5	6-6-6-6-3-6-6-5-4-4-4-6	4-8-8-5-6-4-6-6-4-5-6-4	4-6-7-8-6-8-4-6-2-5-4-6	6-3-5-6-5-5-4-6-5-2-8-6	6-5-6-4-5-6-6-0-3-8-8-6	6-6-7-3-6-2-6-4-8-5-3-7	5-6-5-4-6-4-8-4-6-6-6-3	6-2-5-7-6-4-6-6-6-5-2-5	7-3-5-6-6-4-3-6-6-6-5-6
886	6	5-5-6-5-4-5-5-5-5-5-5-5	5-4-4-6-6-5-8-7-5-5-5-5	5-7-5-8-7-6-7-4-5-7-5-7	5-5-5-7-7-7-5-7-7-4-7-5	7-5-5-7-5-6-7-7-6-8-5-7	2-5-7-7-5-5-7-7-6-6-4-4	5-7-6-5-6-6-4-8-2-8-5-7	5-7-8-7-6-5-5-7-8-7-7-5	5-5-5-7-7-2-5-7-2-7-7-4	6-5-1-4-7-4-8-4-5-5-5-6	5-6-2-5-5-5-5-4-5-7-6-2	2-6-7-5-5-2-6-5-5-5-4-5
886	7	6-8-6-5-5-5-6-5-5-5-5-8	5-4-5-6-2-5-5-6-5-5-5-5	8-6-5-6-6-7-6-6-8-6-7-6	6-7-7-6-6-6-8-6-6-4-6-5	6-5-5-6-7-6-6-6-7-7-6-6	8-8-6-6-4-5-6-6-4-7-4-7	8-6-4-5-7-7-4-6-7-2-3-6	2-7-6-6-6-8-5-6-6-6-6-5	7-5-5-6-6-7-2-6-2-6-6-7	6-6-1-4-6-4-0-4-5-5-4-6	5-6-2-5-5-5-5-4-4-6-2-7	2-6-6-5-5-4-6-5-6-4-4-6
886	8	8-7-6-6-8-8-5-8-5-5-5-7	5-8-8-6-8-5-6-5-8-8-6-5	8-7-8-6-8-6-7-7-7-8-5-8	7-8-8-8-8-8-7-8-7-8-8-7	6-5-8-8-7-8-7-8-8-8-6-5	8-8-7-5-8-5-8-8-8-8-0-8	7-8-8-5-6-8-8-8-8-6-5-6	8-8-6-7-8-5-6-3-6-5-5-5	5-5-8-7-6-8-8-6-2-2-6-0	6-5-8-8-8-7-8-5-5-8-2-8	5-2-4-4-4-5-5-5-2-5-8-8	5-7-1-2-5-8-8-5-8-8-5-2
887	0	0-0-0-0-0-0-0-0-0-0-0-0	0-0-0-0-0-0-0-0-0-0-0-0	0-0-0-0-0-0-0-0-0-0-0-0	0-0-0-0-0-0-0-0-0-0-0-0	0-0-0-0-0-0-0-0-0-0-0-0	0-0-0-0-0-0-0-0-0-0-0-0	0-0-0-0-0-0-0-0-0-0-0-0	0-0-0-0-0-0-0-0-0-0-0-0	0-0-0-0-0-0-0-0-0-0-0-0	0-0-0-0-0-0-0-0-0-0-0-0	0-0-0-0-0-0-0-0-0-0-0-0	0-0-0-0-0-0-0-0-0-0-0-0
887	1	1-1-1-1-1-1-1-1-1-1-1-1	0-2-1-0-0-0-0-2-0-1-0-0	0-0-0-1-2-0-2-0-0-2-2-0	0-0-0-0-0-0-0-1-2-1-2-0	1-0-2-0-0-1-2-0-2-0-1-0	2-0-0-0-0-0-2-0-1-1-1-0	0-1-2-0-0-1-0-0-1-1-0-1	1-1-1-0-1-0-2-2-1-1-0-0	1-0-0-0-0-0-1-0-1-1-1-2	0-1-1-2-1-0-5-2-0-0-0-0	0-0-0-0-0-0-0-0-0-0-1-1	2-1-0-2-0-1-1-0-0-1-1-1
887	2	2-2-1-1-1-1-2-1-2-2-2-2	3-1-1-4-1-2-3-1-3-1-3-4	0-3-4-4-3-3-1-5-0-3-1-3	3-0-3-3-3-3-3-7-3-1-4-0	4-0-3-3-3-3-3-3-1-0-2-3	1-1-0-2-2-4-3-4-1-1-0-3	3-1-1-0-3-3-3-3-0-2-0-3	0-5-0-3-2-2-1-1-2-1-4-3	0-0-3-3-5-3-0-3-3-3-2-1	4-8-1-1-3-2-0-1-3-0-0-2	0-2-0-0-3-3-0-0-0-2-3-2	1-3-2-1-0-2-3-0-0-0-2-2
887	3	3-3-4-3-3-3-3-3-3-3-3-3	2-5-4-2-3-3-2-4-2-2-2-4	0-2-0-2-2-2-4-4-5-2-4-2	2-4-2-2-2-2-4-2-2-5-5-0	2-0-2-2-2-2-4-2-4-3-2-2	2-3-4-4-4-2-4-2-4-3-4-3	7-1-5-0-2-4-4-4-3-3-0-2	3-3-4-2-2-0-4-3-2-7-3-2	5-0-4-2-4-2-0-2-4-3-2-6	0-2-4-3-2-2-5-3-2-0-0-4	4-2-9-3-9-2-0-4-5-2-2-3	4-2-2-4-4-2-2-4-7-5-7-4
887	4	4-3-3-4-3-3-3-4-4-4-4-4	5-3-3-2-3-4-2-7-5-5-5-5	7-2-2-2-7-5-5-3-5-5-3-5	5-5-5-8-2-2-3-4-5-7-3-0	2-0-2-6-2-3-5-2-5-4-7-7	1-4-3-3-3-2-5-2-3-4-3-2	3-3-1-0-3-3-3-5-4-3-0-2	4-2-3-2-2-4-3-5-2-4-2-0	5-0-3-2-3-4-0-5-9-8-2-5	2-4-4-5-2-2-6-4-2-0-3-3	3-2-4-5-5-4-0-3-3-2-5-4	3-3-2-3-3-4-2-3-5-7-3-3
887	5	4-3-5-6-5-3-5-5-5-5-4-6	6-3-3-2-7-4-6-4-6-4-4-6	6-6-8-6-4-4-6-7-6-4-6-4	6-7-4-4-6-6-6-2-4-4-3-5	2-7-9-4-7-6-6-6-4-5-8-9	6-6-4-5-5-7-6-6-5-4-0-5	6-5-3-6-7-8-3-4-3-9-9-3	5-2-3-6-3-6-3-7-2-5-6-0	7-8-6-6-2-7-5-4-4-5-3-4	6-6-4-4-6-2-3-4-6-8-6-2	3-2-5-4-4-9-8-8-3-6-4-5	8-6-5-5-3-5-2-5-4-3-5-3
887	6	5-8-5-5-7-7-6-6-6-5-5-5	5-7-6-2-7-3-5-6-5-7-5-5	5-5-5-5-4-5-5-8-5-8-7-4	5-6-7-4-5-5-8-2-4-6-7-6	2-5-5-4-5-7-5-5-6-6-4-5	5-5-4-5-3-5-5-5-6-6-6-6	5-5-7-5-5-5-6-4-6-3-0-2	6-2-5-5-6-5-4-6-2-6-5-0	5-5-5-5-3-4-5-5-7-5-6-3	5-5-6-7-5-2-4-6-5-6-5-2	5-4-8-7-8-3-0-3-0-5-4-3	5-5-5-5-3-5-2-0-0-6-3-6
887	7	7-6-9-9-6-6-9-8-7-7-7-8	8-6-6-8-7-8-5-4-5-7-9-6	5-8-5-7-8-5-8-5-4-8-6-8	8-5-6-7-8-8-6-2-8-4-8-5	8-5-5-8-5-6-8-8-4-5-4-4	8-5-8-7-5-5-8-7-7-7-7-8	9-8-6-5-5-7-6-8-7-9-8-8	7-8-8-8-8-5-3-9-8-5-8-0	5-5-8-8-9-5-5-5-6-6-8-7	9-8-4-6-8-2-8-4-5-0-8-8	8-2-6-4-4-5-5-8-8-5-5-8	5-8-7-5-8-5-8-0-3-5-8-3
887	8	7-9-7-7-6-9-9-9-9-8-8-9	7-6-6-7-8-7-7-7-9-7-7-9	5-7-5-9-7-7-7-9-6-7-8-7	7-8-8-4-7-7-9-5-7-4-7-9	7-5-5-5-5-7-9-7-8-5-5-7	7-5-7-9-3-9-7-7-8-8-3-7	9-7-6-5-8-5-9-9-8-8-7-7	8-7-7-7-7-5-4-7-7-4-7-0	8-5-7-7-7-7-5-5-6-4-7-7	7-7-8-6-7-2-7-4-9-5-7-7	7-8-6-4-8-9-5-5-7-5-7-8	5-9-9-5-7-5-7-5-7-0-7-4
887	9	9-8-7-7-9-8-8-9-8-8-8-8	7-6-9-7-9-9-7-9-9-9-7-8	9-9-9-8-9-9-9-8-9-9-8-9	8-9-9-9-9-9-8-9-8-9-9-8	7-5-5-9-9-8-8-9-9-9-8-5	9-9-9-8-9-9-8-9-9-9-9-8	7-9-9-9-9-9-8-9-9-9-5-9	9-9-7-9-9-9-3-7-2-5-5-9	5-8-7-9-7-9-9-5-4-6-7-9	7-9-9-9-9-4-9-4-8-9-3-9	3-9-6-8-3-5-8-4-9-5-9-9	9-8-8-5-3-9-9-9-9-9-7-9
888	0	0-0-0-0-0-0-0-0-0-0-0-0	0-0-0-0-0-0-0-0-0-0-0-0	0-0-0-0-0-0-0-0-0-0-0-0	0-0-0-0-0-0-0-0-0-0-0-0	0-0-0-0-0-0-0-0-0-0-0-0	0-0-0-0-0-0-0-0-0-0-0-0	0-0-0-0-0-0-0-0-0-0-0-0	0-0-0-0-0-0-0-0-0-0-0-0	0-0-0-0-0-0-0-0-0-0-0-0	0-0-0-0-0-0-0-0-0-0-0-0	0-0-0-0-0-0-0-0-0-0-0-0	0-0-0-0-0-0-0-0-0-0-0-0
888	1	1-1-1-1-1-0-1-2-1-1-1-1	1-2-0-1-1-2-1-1-2-1-0-2	1-1-2-0-0-2-3-2-0-0-3-0	2-3-2-0-1-2-2-1-0-0-1-3	1-3-4-1-2-0-2-2-0-1-4-1	3-0-0-3-0-2-0-0-0-0-0-0	3-0-0-3-4-1-0-0-0-0-0-0	1-1-1-0-1-2-1-0-0-2-2-2	0-3-0-5-1-1-0-2-2-1-1-0	3-0-0-4-5-0-1-1-2-2-1-0	1-0-1-3-1-5-3-0-0-0-0-1	2-0-1-0-3-1-1-3-4-1-1-0
888	2	2-2-2-2-2-2-2-2-2-1-1-2	2-1-0-2-0-1-3-3-1-2-4-1	5-3-1-0-3-1-0-3-0-3-2-3	1-0-1-4-4-3-1-5-3-0-2-1	2-1-2-3-1-3-3-3-0-5-7-3	3-4-3-1-1-3-3-2-2-2-0-4	4-2-4-1-3-2-4-3-0-2-3-3	4-2-3-3-3-1-7-7-2-1-1-1	2-1-3-3-4-3-0-1-1-2-3-2	2-3-0-1-3-2-3-2-3-1-1-2	6-4-1-1-0-2-1-0-0-2-3-2	1-2-2-3-4-4-2-1-2-2-2-4
888	3	3-4-2-7-3-3-3-3-3-3-3-4	2-4-3-2-3-4-2-2-4-1-2-4	3-2-1-2-2-2-4-6-4-2-4-2	2-1-4-2-2-2-4-2-2-6-4-1	2-1-2-2-1-2-4-2-4-1-0-2	2-2-4-1-0-2-4-2-3-3-5-5	1-4-3-1-2-3-4-2-3-5-4-4	3-4-2-2-2-4-5-2-2-6-1-1	3-1-2-2-3-2-4-1-5-2-2-2	1-2-0-1-2-2-2-2-2-1-1-2	4-3-3-1-5-2-1-3-7-2-2-4	6-2-2-4-1-3-2-1-2-4-2-5
888	4	5-3-4-5-4-4-5-4-4-4-5-5	4-3-3-5-6-3-4-6-5-4-5-5	6-5-6-2-4-5-3-5-3-2-3-4	5-4-5-5-2-5-5-2-4-6-3-5	2-5-1-4-1-3-5-5-4-6-1-5	7-2-3-4-5-5-3-2-5-3-3-2	2-3-2-1-5-4-3-5-0-3-5-3	2-3-5-3-2-5-3-2-3-3-5-6	5-1-3-2-2-4-5-7-5-3-2-3	5-5-0-7-3-2-3-2-5-5-5-2	5-2-1-7-7-5-5-5-5-2-2-3	4-2-4-3-5-2-2-5-5-3-4-2
888	5	4-4-4-4-5-3-4-6-5-5-5-5	5-3-3-4-5-6-4-6-4-4-4-4	4-6-6-7-6-4-6-4-6-6-6-6	6-4-4-6-6-6-6-2-6-6-6-4	6-4-7-6-1-6-6-6-4-7-6-6	5-2-6-5-4-4-6-6-4-3-3-6	7-6-3-1-4-4-5-6-3-3-4-6	4-6-4-6-6-4-3-6-5-7-6-4	4-1-6-6-6-4-4-6-4-3-6-2	4-6-0-6-6-6-6-5-4-4-4-6	4-5-5-7-3-4-4-4-4-6-5-5	3-6-4-6-4-3-6-4-4-5-6-3
888	6	4-7-5-6-6-7-7-5-7-6-6-7	7-3-3-4-6-5-4-4-4-4-5-7	4-5-4-5-5-5-5-7-5-6-6-5	5-5-6-5-5-5-7-5-5-3-5-7	5-4-5-5-6-5-5-5-6-7-5-5	7-7-5-6-6-7-5-5-6-6-3-5	7-5-3-1-6-6-6-5-6-6-5-5	6-5-2-5-5-4-3-5-6-3-5-4	6-6-6-6-5-0-6-5-0-6-5-0	4-5-6-5-5-5-5-6-7-4-6-5	2-6-6-7-3-6-6-5-5-6-6-6	3-5-6-5-6-3-5-4-5-6-5-2
888	7	7-6-7-6-7-6-6-7-6-5-5-6	6-7-7-4-7-7-4-7-7-7-4-6	7-7-7-5-7-7-7-6-7-7-6-7	6-7-7-7-7-7-6-7-6-7-7-6	5-4-7-7-7-7-6-7-7-7-6-4	6-2-7-6-7-6-7-7-7-7-3-7	6-7-7-7-7-7-7-6-7-7-5-7	7-7-7-7-5-7-2-5-6-5-4-7	6-7-7-6-5-7-7-4-7-4-5-7	5-7-7-7-7-3-5-6-6-7-6-7	4-7-7-7-4-6-6-4-4-7-7-7	7-6-6-3-6-7-7-4-7-7-5-3
889	0	0-0-0-0-0-0-0-0-0-0-0-0	0-0-0-0-0-0-0-0-0-0-0-0	0-0-0-0-0-0-0-0-0-0-0-0	0-0-0-0-0-0-0-0-0-0-0-0	0-0-0-0-0-0-0-0-0-0-0-0	0-0-0-0-0-0-0-0-0-0-0-0	0-0-0-0-0-0-0-0-0-0-0-0	0-0-0-0-0-0-0-0-0-0-0-0	0-0-0-0-0-0-0-0-0-0-0-0	0-0-0-0-0-0-0-0-0-0-0-0	0-0-0-0-0-0-0-0-0-0-0-0	0-0-0-0-0-0-0-0-0-0-0-0
889	1	1-1-1-1-1-1-1-1-1-1-1-1	0-2-1-0-0-1-0-2-0-1-0-2	1-0-0-0-0-0-2-0-0-2-2-0	0-0-2-0-0-0-0-0-2-2-2-1	0-0-1-0-0-1-2-0-1-0-0-0	4-2-0-0-0-0-2-0-4-1-4-0	0-1-1-0-0-0-4-0-1-1-4-1	1-1-0-2-1-0-1-2-0-1-0-0	1-0-0-0-0-1-0-2-5-1-1-0	0-0-1-0-1-0-0-1-0-0-0-0	0-0-0-2-1-0-0-0-0-0-0-6	0-1-0-1-0-0-1-0-0-0-4-1
889	2	2-2-2-2-1-2-2-2-2-2-2-2	2-1-1-4-2-2-0-1-3-3-3-3	0-3-0-3-3-3-3-4-0-3-1-3	3-3-3-2-3-3-0-2-3-4-1-0	2-0-2-3-0-1-3-3-3-2-8-3	3-4-3-0-2-4-3-4-1-2-0-4	3-4-1-0-3-0-3-1-2-1-0-3	4-2-3-3-3-3-3-1-4-1-0-0	2-0-3-3-4-2-0-4-1-2-4-2	0-4-1-3-3-4-0-2-3-0-0-2	0-2-0-1-3-3-0-0-0-2-2-7	0-3-2-3-4-2-3-0-0-3-2-4
889	3	3-3-2-3-3-3-3-3-3-3-3-2	2-4-4-2-6-4-0-4-4-4-2-2	4-2-4-2-2-5-4-5-4-2-4-2	2-2-2-2-2-2-7-2-2-5-3-0	2-0-5-2-0-3-4-2-2-3-0-2	2-2-5-0-3-2-2-2-3-3-5-3	2-3-5-0-2-3-2-2-5-3-0-2	6-4-5-2-2-4-2-1-2-1-5-4	3-0-2-2-5-2-0-2-4-3-2-3	0-2-3-3-2-2-0-4-2-4-0-2	0-2-3-4-2-2-0-4-0-2-2-1	0-2-2-2-0-2-2-0-0-2-5-3
889	4	4-4-3-5-3-5-5-3-4-4-5-6	4-3-3-2-6-3-6-5-5-5-5-5	7-4-7-2-4-2-3-6-3-6-3-4	5-5-6-6-2-2-5-2-3-3-3-5	2-5-0-4-5-3-5-5-5-7-7-8	1-2-3-4-5-2-3-2-1-1-1-2	5-2-3-5-5-4-5-5-2-1-5-2	1-3-2-3-2-5-3-0-2-4-5-5	4-0-5-2-2-5-5-2-3-4-2-3	5-2-1-3-5-2-0-3-5-5-4-2	5-2-5-3-5-5-5-5-6-2-2-7	6-2-6-4-5-4-2-7-6-7-1-2
889	5	6-5-5-6-3-4-4-7-5-5-5-4	5-3-3-2-4-3-7-4-4-4-4-4	3-7-4-7-7-3-6-6-4-6-6-6	4-4-4-4-7-7-4-7-6-3-1-4	5-4-3-4-4-6-6-6-4-5-8-7	6-7-3-4-4-6-6-7-5-3-3-5	6-5-3-4-6-5-4-6-3-5-7-6	1-5-3-6-7-4-8-8-5-5-4-4	4-0-6-6-8-4-4-7-1-6-7-3	4-7-5-6-6-7-6-3-6-4-0-7	4-6-4-1-8-4-4-4-4-7-5-4	0-6-5-7-4-7-6-4-0-6-3-5
889	6	5-8-7-8-5-6-6-6-6-7-4-4	5-7-7-2-7-7-4-7-4-5-4-4	0-5-5-5-5-5-7-5-7-5-7-5	5-4-4-4-5-5-4-5-7-7-7-4	5-4-3-7-5-5-7-5-7-6-5-5	5-5-7-8-6-5-5-5-6-6-3-3	5-5-7-8-5-6-7-5-6-6-5-2	6-6-5-7-5-4-5-6-5-6-7-4	7-0-5-5-6-6-7-5-7-5-5-7	4-5-6-8-7-5-7-6-5-7-8-5	4-5-7-8-0-4-4-4-4-5-5-1	7-2-4-7-4-4-5-4-4-5-7-2
889	7	8-6-6-7-6-8-8-8-8-7-7-8	5-6-6-5-7-6-5-6-4-5-5-8	4-5-4-5-5-5-6-7-8-5-6-5	5-4-7-4-5-5-8-5-6-3-6-8	5-4-5-6-5-6-8-7-6-4-5-5	5-5-6-8-7-5-8-5-7-7-3-8	8-5-6-4-2-7-6-6-7-6-5-8	7-5-5-6-5-4-7-6-5-6-6-4	6-7-5-6-7-6-6-5-8-7-5-6	4-5-6-8-6-5-6-3-8-6-8-5	4-7-6-7-7-8-4-5-4-5-7-4	6-8-8-7-7-7-5-4-4-4-6-5
889	8	8-6-8-6-8-7-7-8-7-7-7-7	7-6-8-2-8-8-5-8-8-8-7-7	8-8-8-7-8-8-8-7-8-8-7-8	7-8-8-8-8-8-7-8-7-8-8-7	5-8-8-8-8-8-7-8-8-8-5-5	8-8-8-7-8-8-7-8-8-8-8-7	7-5-8-8-5-8-7-8-8-8-8-7	8-6-8-7-5-8-5-5-2-6-7-8	0-7-8-5-5-8-8-4-7-6-6-3	5-8-6-7-8-2-8-7-7-8-7-8	4-8-7-6-5-7-4-4-4-8-8-8	8-7-7-6-5-8-8-4-4-8-6-5
890	0	0-0-0-0-0-0-0-0-0-0-0-0	0-0-0-0-0-0-0-0-0-0-0-0	0-0-0-0-0-0-0-0-0-0-0-0	0-0-0-0-0-0-0-0-0-0-0-0	0-0-0-0-0-0-0-0-0-0-0-0	0-0-0-0-0-0-0-0-0-0-0-0	0-0-0-0-0-0-0-0-0-0-0-0	0-0-0-0-0-0-0-0-0-0-0-0	0-0-0-0-0-0-0-0-0-0-0-0	0-0-0-0-0-0-0-0-0-0-0-0	0-0-0-0-0-0-0-0-0-0-0-0	0-0-0-0-0-0-0-0-0-0-0-0
890	1	1-1-1-1-1-0-1-0-1-1-1-1	1-1-0-2-1-1-2-1-2-1-0-3	1-2-3-0-0-3-2-0-0-0-2-0	2-2-0-0-2-2-2-1-0-0-2-5	2-5-1-1-3-0-2-2-0-2-1-2	2-2-0-2-3-2-2-2-0-0-5-2	5-0-0-5-2-1-0-2-0-0-5-0	1-1-1-2-1-4-2-0-0-4-2-3	0-5-2-2-1-1-5-2-2-1-1-0	2-0-0-0-2-0-1-1-2-3-1-0	1-0-2-0-1-2-2-5-0-2-0-1	2-0-1-0-0-1-1-3-5-2-1-0
890	2	1-2-2-2-2-2-2-2-2-1-2-2	1-3-2-1-0-3-1-3-1-1-1-2	1-1-1-1-0-1-3-2-5-0-3-2	1-1-3-1-1-1-3-1-3-0-3-1	1-1-2-0-1-2-3-1-0-1-1-1	1-1-0-1-0-1-3-1-2-2-0-1	0-2-4-1-1-2-0-3-0-3-1-1	2-1-1-1-1-3-3-3-0-1-1-1	2-1-1-1-2-0-2-1-2-1-1-0	1-0-10-1-1-2-3-4-1-2-3-0	3-10-3-2-2-1-1-0-3-1-0-2	3-0-1-2-3-1-0-2-1-1-1-0
890	3	3-2-3-3-2-2-3-3-3-3-3-4	1-2-2-3-5-2-4-5-5-4-4-4	5-3-6-5-4-6-4-4-1-4-2-4	5-4-5-5-5-4-4-5-4-0-3-1	6-1-4-4-4-4-4-4-4-1-10-8	5-10-4-5-1-5-4-5-3-2-0-5	4-3-2-1-4-3-4-4-0-6-3-4	1-7-4-4-4-2-4-10-3-1-8-1	3-1-4-4-6-0-3-4-4-4-7-3	4-6-0-4-4-3-2-2-4-1-2-6	5-3-2-0-4-3-1-3-4-4-4-3	2-3-4-4-2-3-4-1-4-4-3-3
890	4	4-5-4-4-4-4-4-4-4-3-3-3	1-6-6-3-3-4-3-5-5-5-3-5	3-3-6-3-3-3-5-6-5-3-5-3	3-3-3-3-3-3-5-3-5-5-5-1	4-1-3-3-3-5-5-3-4-4-1-3	3-3-5-5-4-3-5-4-4-4-9-4	3-5-4-1-3-5-3-3-0-5-3-3	4-6-3-5-3-3-6-3-3-1-1-3	5-1-5-3-2-0-8-3-5-3-5-5	3-3-7-5-3-3-5-2-3-3-5-3	3-3-3-4-10-3-1-4-3-3-3-3	4-3-3-3-10-3-3-1-3-3-6-3
890	5	5-4-4-5-4-5-4-6-5-5-6-5	6-4-4-3-3-6-3-4-4-4-6-4	3-3-1-3-6-3-4-7-4-6-4-7	3-6-6-3-3-3-4-3-6-6-4-1	3-1-3-6-8-4-6-5-6-1-7-3	3-3-4-4-5-3-6-3-5-5-1-3	1-4-5-1-3-4-8-6-5-4-1-3	8-3-3-4-3-5-4-3-3-5-1-6	8-1-4-3-5-5-1-6-10-9-4-4	3-5-0-4-4-3-4-4-10-1-4-3	3-3-6-5-6-5-1-1-5-5-3-5	4-6-3-5-2-5-3-5-1-6-4-4
890	6	6-6-7-6-4-5-6-9-6-6-7-7	6-4-4-7-3-5-7-3-7-7-5-7	7-7-8-8-5-3-5-4-7-5-7-5	7-5-5-5-3-7-9-6-5-5-4-6	3-8-8-5-7-4-7-7-5-6-9-7	7-7-4-7-8-8-7-7-4-4-0-6	7-7-4-6-7-9-3-5-0-3-7-9	6-4-9-7-3-7-4-8-7-6-7-5	7-1-4-7-3-0-7-7-4-7-5-5	7-3-9-7-7-8-7-9-7-7-7-3	8-3-5-5-5-7-6-6-8-5-7-6	6-5-7-7-7-6-3-6-10-7-4-3
890	7	6-8-6-6-8-5-7-7-6-6-6-6	6-9-8-6-3-5-6-5-8-6-5-6	6-6-6-5-5-6-8-8-6-9-8-8	6-5-6-3-3-6-9-3-8-5-8-6	3-6-6-5-6-7-8-6-5-9-5-6	6-6-4-6-6-3-6-6-7-7-0-6	6-8-5-6-6-7-3-5-7-9-6-3	7-3-7-6-3-6-8-9-6-7-6-5	7-1-6-6-7-5-6-6-7-6-3-5	6-6-7-6-6-6-6-2-6-6-6-3	6-7-7-5-10-6-1-6-6-5-8-7	6-5-6-6-6-6-3-9-9-6-7-9
890	8	9-7-10-10-7-9-8-8-10-10-9-9	8-7-7-6-6-9-6-9-9-7-10-7	6-9-6-6-9-9-7-7-9-5-7-7	9-9-8-9-9-9-7-9-9-5-9-6	8-6-6-9-5-9-9-9-8-7-8-9	9-6-9-8-6-6-9-9-7-7-0-9	6-7-4-6-9-6-5-7-7-4-9-8	8-9-9-9-9-6-7-8-3-6-9-8	5-1-9-9-10-8-9-6-5-7-9-5	9-9-0-7-9-6-9-6-6-1-9-3	9-3-8-5-9-8-1-9-6-9-7-7	6-9-6-6-9-8-9-6-8-8-4-5
890	9	6-10-8-8-7-10-10-10-10-9-8-10	8-7-7-6-10-8-8-8-8-6-8-10	10-10-6-10-8-8-8-7-8-7-9-8	8-8-6-8-8-8-10-8-8-6-8-10	8-6-8-8-9-8-8-8-9-7-6-8	8-8-8-10-9-3-8-8-9-9-4-9	6-7-5-6-10-9-5-10-9-9-8-6	9-8-8-8-8-10-10-9-9-7-8-9	9-1-9-8-5-0-8-1-5-5-8-6	8-8-6-4-8-3-8-6-9-6-8-3	8-9-9-5-8-6-1-8-8-8-7-9	6-8-9-6-8-6-8-6-8-9-4-7
890	10	10-9-8-8-10-9-9-10-8-8-8-9	8-7-10-3-10-10-9-10-10-10-8-9	10-10-8-9-10-10-10-9-10-10-9-10	8-10-10-10-10-10-9-10-9-10-10-9	8-6-10-10-10-10-9-10-10-10-3-10	9-10-9-9-10-6-10-10-10-10-10-10	9-10-10-7-9-10-10-9-10-10-8-8	10-10-10-9-10-9-10-3-3-6-7-10	9-10-10-9-3-10-10-5-5-4-8-5	6-10-10-10-10-10-10-10-5-10-4-10	10-10-10-10-4-6-4-10-10-10-10-10	6-9-5-6-4-10-10-10-10-10-5-10
891	0	0-0-0-0-0-0-0-0-0-0-0-0	0-0-0-0-0-0-0-0-0-0-0-0	0-0-0-0-0-0-0-0-0-0-0-0	0-0-0-0-0-0-0-0-0-0-0-0	0-0-0-0-0-0-0-0-0-0-0-0	0-0-0-0-0-0-0-0-0-0-0-0	0-0-0-0-0-0-0-0-0-0-0-0	0-0-0-0-0-0-0-0-0-0-0-0	0-0-0-0-0-0-0-0-0-0-0-0	0-0-0-0-0-0-0-0-0-0-0-0	0-0-0-0-0-0-0-0-0-0-0-0	0-0-0-0-0-0-0-0-0-0-0-0
891	1	1-1-1-1-1-1-1-1-1-1-1-1	2-1-0-1-0-0-0-2-2-1-2-0	1-0-0-0-2-2-2-0-0-2-1-2	2-2-0-2-4-2-0-4-2-0-2-0	1-0-1-2-2-2-2-2-0-0-7-2	2-2-2-0-1-2-2-3-1-1-0-3	0-3-0-0-2-0-1-2-0-1-2-4	0-3-2-2-0-0-1-0-0-1-1-0	0-1-2-2-3-7-0-2-4-3-4-1	1-3-0-0-2-3-4-1-2-0-0-3	1-1-0-1-1-1-0-1-0-4-2-1	1-1-1-4-3-1-3-1-1-1-1-3
891	2	2-2-2-2-2-2-2-2-2-2-2-3	1-3-3-1-2-3-0-3-2-2-1-3	1-1-0-1-1-1-3-3-0-1-3-3	1-1-3-1-1-1-2-1-3-0-3-0	1-0-1-1-1-3-3-1-3-0-1-1	1-1-3-0-2-1-3-1-2-2-6-1	0-1-3-0-1-2-4-1-0-2-1-1	2-1-1-1-3-0-2-3-2-2-2-2	2-2-1-1-0-2-2-1-1-2-1-2	3-1-2-4-1-1-1-2-1-2-2-1	3-0-0-2-3-0-0-3-3-1-1-2	1-1-1-0-2-3-1-1-1-1-1-1
891	3	5-2-4-2-2-3-3-2-3-3-4-2	1-2-2-4-4-2-3-2-4-4-4-4	6-4-4-1-3-5-2-4-0-4-2-2	4-3-4-4-1-5-4-3-2-0-2-3	1-4-4-2-4-2-4-4-2-0-3-3	4-1-2-3-4-1-2-1-2-2-0-1	4-1-2-3-4-0-4-4-0-1-1-2	2-1-1-2-2-4-4-2-4-3-3-4	3-3-4-1-1-3-4-4-1-3-1-2	4-1-0-1-5-1-2-2-4-4-4-1	5-0-3-2-2-4-4-2-2-1-1-0	3-1-4-1-4-2-1-3-1-1-3-1
891	4	4-4-3-4-4-4-4-4-4-3-4-3	3-6-4-3-3-4-3-5-3-5-3-5	4-3-3-3-5-3-3-3-5-5-2-5	3-5-3-3-1-3-3-1-5-5-5-3	1-3-3-1-3-5-3-3-5-5-3-1	3-1-2-3-3-5-5-1-4-4-0-4	3-6-2-5-3-4-2-3-0-5-7-6	4-4-1-5-4-3-3-5-3-4-3-3	4-3-5-1-5-4-3-5-6-6-1-2	3-1-4-5-2-1-1-2-3-3-3-1	3-5-5-4-2-5-3-4-3-1-4-4	6-4-3-7-3-4-5-3-3-5-1-4
891	5	6-5-6-7-6-6-7-6-6-7-6-5	6-4-4-6-6-6-6-5-6-6-6-6	5-6-6-6-6-6-6-5-6-4-6-6	6-6-7-6-6-6-6-6-6-4-6-5	6-5-6-6-3-6-6-6-4-5-5-6	5-7-6-7-2-4-6-1-6-2-0-6	6-4-5-4-4-5-2-6-5-7-6-4	4-6-4-6-6-3-5-6-6-7-6-3	7-5-4-6-6-5-3-4-7-4-6-4	6-6-2-4-6-5-6-5-7-3-6-7	3-4-4-2-6-4-4-4-6-6-4-7	7-6-5-6-6-4-6-3-1-4-6-5
891	6	5-7-5-5-5-7-5-5-5-5-5-7	5-4-4-5-5-5-5-5-5-5-5-7	3-5-5-5-5-5-5-7-5-5-5-5	5-5-6-5-5-5-7-5-5-4-5-7	5-3-5-5-6-5-7-5-6-0-5-5	7-6-5-7-6-3-5-5-6-6-2-5	7-4-5-6-7-6-6-7-6-6-5-4	6-5-1-5-5-3-7-5-5-4-5-3	6-6-6-5-5-5-6-4-4-4-5-2	6-5-0-5-5-1-5-5-7-6-6-1	7-6-5-2-5-6-6-6-5-5-2-6	4-5-6-6-5-4-5-3-1-5-5-1
891	7	7-6-5-5-7-6-5-7-5-5-5-6	5-4-7-5-7-5-5-7-5-7-5-6	7-7-7-5-7-7-5-6-5-7-6-7	5-7-5-7-7-7-6-7-6-7-7-6	5-5-7-7-7-7-6-7-7-7-1-5	6-5-6-6-7-7-7-7-7-7-7-6	6-7-7-7-6-7-7-6-7-6-7-7	7-7-7-5-7-7-5-6-6-5-5-3	5-7-7-5-1-1-7-3-7-5-5-1	6-5-7-7-7-1-7-5-6-7-6-5	6-7-7-6-2-4-6-7-7-7-7-7	5-5-7-4-5-7-7-7-7-7-5-7
892	0	0-0-0-0-0-0-0-0-0-0-0-0	0-0-0-0-0-0-0-0-0-0-0-0	0-0-0-0-0-0-0-0-0-0-0-0	0-0-0-0-0-0-0-0-0-0-0-0	0-0-0-0-0-0-0-0-0-0-0-0	0-0-0-0-0-0-0-0-0-0-0-0	0-0-0-0-0-0-0-0-0-0-0-0	0-0-0-0-0-0-0-0-0-0-0-0	0-0-0-0-0-0-0-0-0-0-0-0	0-0-0-0-0-0-0-0-0-0-0-0	0-0-0-0-0-0-0-0-0-0-0-0	0-0-0-0-0-0-0-0-0-0-0-0
892	1	1-1-1-1-1-1-1-2-1-1-2-1	2-2-1-2-2-2-3-2-2-2-2-2	1-2-2-2-2-2-2-2-3-2-2-2	2-1-2-2-1-2-2-1-1-2-2-2	2-2-1-5-1-1-2-1-1-2-3-1	1-2-2-2-2-2-2-2-5-1-0-0	1-1-1-1-2-1-0-2-1-3-1-1	1-1-2-1-1-2-1-2-1-1-1-1	1-1-1-1-2-3-1-2-2-1-1-9	2-1-2-2-1-1-2-1-2-3-2-1	2-9-1-3-2-2-2-1-2-1-5-1	2-1-1-1-3-2-1-2-3-1-1-2
892	2	1-1-1-1-1-1-1-1-1-1-1-1	1-1-1-5-1-1-1-1-1-1-3-1	1-3-1-6-4-3-1-1-1-1-1-1	4-3-1-1-4-3-1-2-3-1-1-1	4-1-3-4-4-1-3-3-1-1-1-4	4-9-3-1-1-4-3-4-1-1-0-2	4-5-1-1-3-2-2-3-1-1-4-3	1-2-4-3-3-1-1-9-5-1-5-1	2-0-3-3-5-1-1-4-1-2-3-1	1-4-1-1-3-2-1-1-3-1-1-4	1-2-1-1-1-1-1-1-1-3-2-1	1-3-2-4-1-1-3-1-2-2-2-5
892	3	3-3-1-3-3-1-1-1-1-1-3-1	1-6-3-2-1-1-1-4-1-1-2-4	9-2-1-1-2-2-4-2-4-5-4-2	2-4-4-2-2-2-1-2-4-6-4-1	2-1-2-2-2-4-4-2-3-1-1-2	1-2-4-1-3-2-4-2-1-3-6-3	2-1-1-0-2-3-9-2-1-6-2-2	4-4-2-4-2-1-3-1-2-7-2-0	1-0-4-2-3-1-8-2-3-3-4-3	1-2-1-5-2-2-4-4-4-1-4-2	4-2-1-4-1-1-1-4-1-2-2-1	1-2-2-4-1-4-2-4-6-4-3-1
892	4	4-4-1-4-6-1-4-1-1-1-1-5	1-6-5-2-1-1-1-3-1-1-2-5	2-4-3-1-2-2-5-6-3-6-5-4	2-3-5-2-2-2-6-2-5-5-3-1	2-0-2-2-2-3-5-4-6-1-1-2	2-6-3-1-4-2-5-2-6-4-7-3	2-2-4-4-2-4-5-5-4-3-2-2	3-3-2-3-4-1-8-5-3-4-5-1	6-4-3-6-3-5-5-2-8-7-3-3	1-2-4-5-5-2-5-5-3-1-5-2	3-3-3-3-5-1-0-3-1-5-2-1	6-2-2-6-1-3-2-3-1-3-3-4
892	5	7-5-5-6-4-4-5-8-5-5-5-7	5-4-4-2-1-1-6-5-1-5-6-6	7-6-6-2-6-6-4-7-6-3-4-6	6-6-6-6-2-2-6-2-4-4-4-9	1-6-2-6-7-4-6-5-5-1-1-9	2-4-3-2-5-9-4-2-1-4-4-5	2-2-4-7-4-1-4-4-4-9-9-2	5-4-2-3-2-5-4-2-2-5-4-5	5-5-6-2-2-4-4-5-4-5-2-5	9-2-5-3-4-2-4-4-5-6-5-2	3-2-1-3-4-6-8-8-5-4-1-5	4-2-6-5-5-5-5-5-5-3-4-2
892	6	6-6-7-7-4-1-5-8-7-5-7-7	5-4-4-7-1-1-5-7-7-7-5-7	6-5-5-2-8-5-7-4-5-7-6-7	7-5-5-8-8-7-4-8-6-8-6-7	8-5-7-7-5-6-7-7-4-6-8-7	7-7-7-7-5-8-7-7-4-4-4-8	9-8-4-8-7-4-6-7-6-3-8-7	6-6-8-7-8-5-9-8-6-5-8-5	5-5-7-7-8-8-6-5-4-8-6-6	6-6-5-7-7-8-7-3-7-5-4-8	8-6-7-3-9-5-5-3-8-6-7-6	4-7-5-6-8-6-6-1-3-3-6-6
892	7	6-8-6-6-7-7-7-6-7-6-6-5	5-8-7-6-7-7-6-8-6-6-5-6	5-5-5-1-6-6-8-8-8-6-8-8	6-5-6-6-6-6-8-6-8-4-8-6	6-0-6-6-5-8-8-6-8-6-1-6	6-6-6-6-5-5-6-6-7-7-4-7	6-6-4-5-6-9-8-6-7-7-6-6	3-6-6-6-6-5-8-7-6-3-6-5	7-5-6-6-7-6-8-5-4-4-6-3	6-6-9-6-8-6-6-1-6-3-8-6	8-6-6-3-8-5-5-3-8-6-6-6	8-6-5-8-1-7-6-1-8-4-8-1
892	8	9-7-9-6-7-9-9-6-9-8-6-9	5-7-7-6-1-9-6-7-9-8-9-9	5-8-5-6-6-8-7-7-9-8-7-7	6-8-8-6-6-6-7-6-7-6-7-6	6-0-7-6-5-7-7-6-8-8-6-6	6-7-6-6-5-9-7-6-8-7-7-6	6-6-4-6-7-8-7-7-8-5-6-6	8-7-6-7-6-5-4-6-9-5-6-8	8-5-6-8-6-6-7-8-4-6-6-5	8-6-5-5-7-6-7-4-9-5-7-6	7-6-8-3-6-9-5-5-7-6-6-8	4-6-5-8-8-6-6-5-7-3-7-2
892	9	9-7-9-7-9-9-8-9-8-8-8-8	8-7-9-6-9-9-6-9-9-9-8-8	9-8-9-8-9-9-8-8-8-9-9-9	8-9-9-9-9-9-8-9-8-9-9-5	6-9-9-9-9-9-8-9-9-9-2-5	8-9-9-6-9-8-9-9-9-9-9-9	6-9-9-9-8-7-9-9-9-9-6-8	9-9-9-8-9-6-6-6-8-5-6-8	8-5-9-9-6-9-9-8-4-7-7-1	5-9-9-9-9-6-9-9-8-9-7-9	7-1-9-4-6-8-5-1-9-8-9-9	9-8-5-4-4-9-9-9-9-9-8-9
893	0	0-0-0-0-0-0-0-0-0-0-0-0	0-0-0-0-0-0-0-0-0-0-0-0	0-0-0-0-0-0-0-0-0-0-0-0	0-0-0-0-0-0-0-0-0-0-0-0	0-0-0-0-0-0-0-0-0-0-0-0	0-0-0-0-0-0-0-0-0-0-0-0	0-0-0-0-0-0-0-0-0-0-0-0	0-0-0-0-0-0-0-0-0-0-0-0	0-0-0-0-0-0-0-0-0-0-0-0	0-0-0-0-0-0-0-0-0-0-0-0	0-0-0-0-0-0-0-0-0-0-0-0	0-0-0-0-0-0-0-0-0-0-0-0
893	1	1-1-1-1-1-1-1-1-1-1-1-1	1-1-1-1-0-0-0-2-0-1-2-2	0-1-0-3-4-2-2-2-0-2-0-2	2-0-0-3-4-2-0-1-1-0-1-0	1-0-1-4-2-1-2-2-1-1-2-4	4-0-4-1-0-2-2-4-1-1-0-2	0-3-1-0-2-0-2-2-1-1-0-1	3-3-3-2-4-0-1-7-1-1-0-0	0-0-2-3-3-0-0-2-2-1-1-0	0-3-0-0-2-3-0-3-2-0-0-3	0-3-0-1-0-1-0-0-0-1-2-1	0-2-1-0-0-1-3-0-0-0-1-3
893	2	2-3-1-2-2-2-2-2-2-1-2-3	1-3-2-1-0-2-0-4-3-2-3-3	3-1-2-2-1-1-3-3-3-1-3-3	1-3-3-1-1-1-2-1-3-2-1-0	2-0-3-2-1-1-3-1-3-2-1-1	1-3-1-1-2-1-3-1-2-2-6-1	2-1-1-3-1-2-3-1-2-2-3-1	2-2-0-1-1-3-5-2-2-3-0-2	0-0-1-1-2-0-2-1-3-2-2-2	3-1-2-2-1-2-5-2-1-2-0-1	0-1-7-5-0-0-0-3-0-1-1-2	0-1-0-1-3-1-1-0-0-1-2-1
893	3	3-2-4-2-2-2-2-2-3-3-4-4	4-2-2-1-3-4-4-3-4-4-4-4	2-4-4-1-3-1-4-2-4-1-2-2	4-4-5-1-1-1-4-1-2-3-1-4	1-6-3-3-5-1-4-4-2-3-4-1	2-2-1-3-5-5-2-1-2-2-2-3	4-1-2-2-4-3-2-5-3-1-2-1	1-1-1-1-1-2-4-1-2-3-5-5	5-7-4-1-1-3-5-4-6-3-1-3	5-5-3-2-5-1-0-3-4-4-5-1	5-1-3-2-5-4-4-5-4-1-3-3	5-1-4-3-5-5-1-5-4-5-1-1
893	4	3-4-3-4-5-4-4-4-4-4-3-3	3-5-4-3-5-3-3-5-3-3-3-3	1-3-3-1-1-5-5-7-3-6-5-4	3-3-3-3-1-1-6-1-5-6-5-3	1-3-5-1-3-4-5-3-4-1-5-1	5-5-1-3-3-3-5-1-4-4-2-4	3-5-4-4-5-4-5-2-4-2-2-4	4-1-1-4-1-3-5-4-1-4-3-3	4-3-3-3-4-5-3-3-5-4-4-3	3-1-4-5-3-5-0-4-3-3-3-1	3-4-3-4-7-3-3-3-3-3-3-3	6-7-3-3-3-3-1-3-3-3-1-1
893	5	6-5-7-7-4-4-5-5-5-5-6-6	6-4-4-6-6-3-6-6-4-6-6-6	3-6-3-1-6-6-6-6-6-6-4-6	6-3-3-6-6-6-4-1-6-4-6-3	6-3-6-6-3-6-6-6-5-5-4-6	6-4-6-5-3-3-6-6-4-5-2-4	6-4-4-4-4-5-4-6-4-7-6-5	4-6-3-6-6-3-4-6-5-3-3-3	7-7-6-6-6-4-3-6-4-4-6-3	3-6-5-4-6-6-2-1-3-6-3-6	3-6-3-2-6-3-3-3-3-6-5-5	3-6-7-6-3-3-6-3-6-3-5-6
893	6	5-7-5-6-5-7-7-7-6-6-5-7	5-4-4-5-6-3-5-5-6-5-5-7	7-5-7-7-5-5-5-6-5-5-5-5	5-6-6-5-5-5-7-1-5-4-5-7	5-3-5-5-6-5-7-5-6-6-7-5	5-7-5-6-6-3-5-5-6-6-2-6	5-1-4-4-7-6-6-5-6-6-5-7	6-5-1-5-5-6-4-5-5-3-5-3	6-6-5-5-5-3-3-5-4-4-5-0	3-5-6-5-5-5-7-2-6-5-5-5	5-6-3-2-5-3-3-3-5-5-6-6	4-5-6-5-6-4-5-3-5-3-1-5
893	7	7-6-5-5-7-6-6-7-6-6-5-6	5-7-7-5-7-7-5-7-6-7-5-6	7-7-7-6-7-7-7-6-7-7-6-7	6-7-7-7-7-7-6-7-7-7-7-6	5-3-7-7-6-7-6-7-7-7-6-7	7-7-7-5-7-3-7-5-7-7-7-6	6-7-7-7-6-7-7-7-7-7-7-7	7-7-7-6-7-6-7-1-5-3-6-3	6-3-7-6-1-7-7-3-7-7-5-0	5-3-7-7-7-1-7-7-7-7-6-7	3-7-2-6-4-6-3-3-3-6-7-7	7-4-5-7-6-7-7-3-7-7-2-1
894	0	0-0-0-0-0-0-0-0-0-0-0-0	0-0-0-0-0-0-0-0-0-0-0-0	0-0-0-0-0-0-0-0-0-0-0-0	0-0-0-0-0-0-0-0-0-0-0-0	0-0-0-0-0-0-0-0-0-0-0-0	0-0-0-0-0-0-0-0-0-0-0-0	0-0-0-0-0-0-0-0-0-0-0-0	0-0-0-0-0-0-0-0-0-0-0-0	0-0-0-0-0-0-0-0-0-0-0-0	0-0-0-0-0-0-0-0-0-0-0-0	0-0-0-0-0-0-0-0-0-0-0-0	0-0-0-0-0-0-0-0-0-0-0-0
894	1	1-1-1-1-1-1-1-1-1-1-1-1	2-0-0-1-0-1-2-2-0-1-2-0	0-2-0-4-2-2-2-0-0-2-0-2	2-0-0-2-2-2-0-2-1-0-1-0	1-0-1-2-0-1-2-2-1-0-0-2	1-3-2-0-0-3-2-1-1-1-3-2	3-1-1-0-2-1-1-2-1-1-3-2	1-1-1-1-1-1-0-1-1-0-0-0	1-0-2-2-3-2-0-3-0-1-1-1	2-3-0-0-2-1-2-1-2-0-0-1	3-1-0-0-0-1-0-1-0-1-1-0	0-1-2-0-3-1-2-0-1-1-1-3
894	2	2-2-1-2-2-2-2-2-2-2-2-2	1-5-3-1-0-3-1-3-3-3-1-3	0-1-3-1-1-1-3-3-3-1-3-3	1-2-3-1-1-1-4-1-3-3-3-0	2-2-2-1-3-3-3-1-2-2-4-1	1-5-3-0-2-1-3-1-2-2-5-2	4-7-2-2-1-2-3-1-2-2-1-3	2-3-4-1-1-3-5-2-1-6-2-0	4-0-1-1-5-1-0-1-3-2-1-1	1-1-2-3-1-2-1-2-1-3-0-1	3-1-0-3-7-1-1-2-3-1-1-2	2-1-1-3-2-1-1-0-1-1-2-1
894	3	3-2-3-3-2-2-2-2-3-3-3-2	3-2-2-1-1-2-3-2-2-2-4-4	6-4-6-1-2-4-2-3-2-1-2-2	4-3-2-3-1-1-3-1-2-2-2-4	1-4-2-3-5-2-2-3-2-2-3-2	2-1-2-4-4-1-2-1-2-2-2-4	3-1-2-2-4-3-2-3-1-1-1-2	2-1-5-2-1-5-2-1-1-3-3-6	3-3-4-1-1-4-5-1-7-3-1-4	3-1-3-2-1-1-2-2-1-5-3-1	5-1-3-2-3-3-6-5-5-3-3-3	4-1-3-2-5-3-1-5-7-6-1-1
894	4	6-7-6-5-6-6-5-5-5-5-5-6	5-2-2-6-6-5-3-5-5-5-6-5	5-5-5-5-5-5-5-5-5-5-5-5	5-3-5-5-4-4-5-5-5-6-4-3	6-3-6-6-3-4-5-4-5-5-6-4	5-5-5-6-3-7-4-6-5-2-7-5	5-5-5-4-5-4-2-5-5-2-4-5	4-4-6-4-6-3-7-6-4-2-6-3	3-7-5-5-6-6-6-4-5-6-4-5	4-4-5-6-5-7-5-6-3-3-6-1	4-6-3-4-5-7-3-3-3-7-5-4	6-7-4-5-4-6-4-3-3-4-6-7
894	5	6-5-5-7-6-4-4-5-4-4-4-5	4-2-2-6-4-4-3-4-4-4-4-4	4-6-4-4-6-4-4-4-4-4-4-4	6-6-4-4-6-6-4-4-4-4-6-3	4-3-4-6-3-6-6-6-4-4-4-6	4-4-6-5-4-1-6-5-4-2-2-6	4-4-4-6-4-4-4-6-4-2-6-4	4-6-3-6-5-3-2-4-6-3-4-3	3-0-4-6-2-4-3-5-4-3-5-4	4-6-4-2-6-4-4-4-1-3-3-4	6-4-4-4-6-4-3-3-6-6-4-4	4-6-5-6-6-4-6-3-6-3-5-4
894	6	5-7-4-5-4-7-4-4-4-4-4-7	4-2-6-4-6-4-4-4-7-4-4-7	3-5-4-4-5-4-5-4-4-4-7-5	5-6-6-4-5-5-7-4-4-4-5-7	4-4-4-5-6-5-5-5-6-4-4-5	4-4-5-7-6-3-5-4-6-6-2-6	4-4-6-5-6-6-6-5-6-6-5-4	6-5-4-5-4-3-2-4-5-2-4-3	6-6-6-5-6-4-4-5-4-4-4-4	4-5-6-4-5-4-4-4-7-3-5-1	5-4-3-7-5-4-3-5-5-5-4-6	4-5-7-5-5-4-5-3-5-3-4-4
894	7	7-6-4-5-7-6-6-7-4-4-4-6	4-7-7-5-7-7-4-4-7-7-4-6	7-7-7-4-7-7-5-6-4-7-6-7	6-7-7-7-7-4-6-7-7-7-7-6	4-3-7-7-7-7-6-7-7-7-4-4	4-7-4-6-7-7-7-7-7-7-7-6	4-7-7-7-4-7-7-4-7-7-4-4	7-7-5-4-7-4-7-4-5-7-4-3	7-7-7-7-1-7-7-3-7-4-5-4	5-3-7-7-7-4-7-7-6-7-4-7	3-4-4-6-2-4-3-3-3-4-7-7	7-4-6-4-5-7-7-3-3-7-5-4
895	0	0-0-0-0-0-0-0-0-0-0-0-0	0-0-0-0-0-0-0-0-0-0-0-0	0-0-0-0-0-0-0-0-0-0-0-0	0-0-0-0-0-0-0-0-0-0-0-0	0-0-0-0-0-0-0-0-0-0-0-0	0-0-0-0-0-0-0-0-0-0-0-0	0-0-0-0-0-0-0-0-0-0-0-0	0-0-0-0-0-0-0-0-0-0-0-0	0-0-0-0-0-0-0-0-0-0-0-0	0-0-0-0-0-0-0-0-0-0-0-0	0-0-0-0-0-0-0-0-0-0-0-0	0-0-0-0-0-0-0-0-0-0-0-0
895	1	1-1-1-2-1-1-1-2-1-1-2-2	2-2-1-2-2-2-1-2-2-1-2-2	2-2-0-2-2-2-2-2-1-1-2-2	2-1-2-2-2-0-2-2-2-2-1-4	2-4-1-2-1-1-2-1-2-4-3-0	3-2-2-1-2-2-2-2-2-1-1-0	2-1-1-1-2-1-1-2-1-4-1-5	2-1-1-2-1-4-1-1-1-2-1-4	1-0-2-1-2-1-2-2-2-1-1-1	3-1-1-3-2-2-3-2-2-2-2-1	1-5-1-1-1-1-2-1-2-1-2-1	2-1-1-1-1-1-1-2-1-1-4-2
895	2	1-1-1-1-1-1-1-1-1-1-1-1	1-1-1-3-1-1-4-1-1-1-3-1	1-3-0-1-3-1-3-1-0-3-1-3	3-3-3-3-3-3-1-1-1-1-3-1	1-1-1-5-4-3-3-3-1-1-1-3	1-1-1-2-1-1-3-1-1-1-0-4	1-1-1-1-3-0-1-1-1-0-4-4	1-3-4-3-3-1-1-9-2-1-2-0	3-0-3-5-5-4-1-1-1-2-2-1	1-4-1-1-3-3-1-1-3-1-1-5	1-1-1-1-1-1-1-0-1-4-1-2	1-4-4-1-1-1-3-1-4-1-2-1
895	3	3-3-1-3-1-1-1-1-1-1-1-1	1-4-3-2-1-1-2-4-1-1-2-1	1-2-1-1-2-1-4-4-1-5-4-5	2-3-4-2-2-2-1-1-4-3-4-1	1-1-2-3-3-4-4-2-1-3-1-2	1-3-5-3-3-2-4-3-3-3-4-3	4-1-3-9-2-3-7-4-3-3-2-2	1-2-4-4-2-1-7-0-3-1-4-1	2-4-4-2-3-1-4-4-1-3-2-4	4-2-1-1-4-2-4-3-4-1-3-2	4-4-9-3-1-4-0-0-1-2-1-1	1-2-2-3-1-1-2-0-8-1-2-1
895	4	3-4-1-4-4-4-1-5-1-1-4-1	1-3-4-2-5-1-2-5-1-1-5-5	1-2-4-1-5-2-5-4-1-5-5-3	2-5-5-5-2-2-4-2-5-5-5-1	1-1-2-3-2-3-5-4-5-1-1-2	5-4-3-2-5-2-5-0-4-4-3-2	3-1-5-0-2-3-5-5-4-3-2-2	5-2-2-3-2-1-3-5-2-5-3-1	4-3-3-2-4-2-3-3-5-3-2-3	3-2-4-5-5-2-5-5-3-4-3-3	3-3-4-0-1-3-0-7-3-2-1-4	1-2-2-4-3-2-2-4-2-1-5-1
895	5	6-6-1-6-4-5-1-6-1-1-6-6	6-4-4-1-4-6-6-6-6-1-6-7	6-6-7-6-4-7-4-6-7-3-4-3	4-4-4-6-2-6-6-2-4-4-4-8	1-8-9-7-7-4-4-7-4-6-5-6	6-6-3-6-7-5-4-6-3-4-1-7	7-3-4-5-6-5-4-4-4-5-5-1	4-3-2-6-2-6-3-6-7-7-6-6	8-5-7-2-2-1-7-5-4-1-2-7	6-7-5-4-4-2-4-4-7-7-5-2	3-1-1-1-1-5-8-8-7-7-5-5	8-5-5-7-7-7-2-8-6-8-4-2
895	6	7-7-8-5-7-7-8-8-7-7-7-9	5-7-7-7-7-8-7-7-5-7-5-7	6-6-8-7-7-8-7-7-7-7-7-6	7-6-7-7-7-5-7-6-7-8-6-5	8-7-6-8-5-6-7-6-7-7-8-6	6-7-7-7-5-7-7-7-7-6-4-6	9-7-6-5-7-6-7-7-7-6-3-7	6-6-7-5-7-7-6-8-5-8-5-6	6-5-5-5-6-6-5-6-7-6-2-6	8-5-8-6-7-7-7-6-5-5-5-7	8-7-6-7-9-9-5-6-5-9-7-8	7-6-5-5-5-6-7-8-6-5-8-9
895	7	6-6-6-9-6-6-6-6-6-6-6-7	6-6-6-8-6-6-6-6-8-6-8-6	8-8-5-6-8-6-8-6-6-6-8-8	8-5-6-6-8-8-6-8-6-6-8-5	6-6-8-6-5-8-8-8-6-6-6-8	6-6-8-6-5-6-8-6-6-6-4-8	5-6-6-5-6-5-3-6-6-6-8-7	6-8-9-8-8-6-9-8-5-5-7-5	9-5-5-8-6-6-5-8-6-6-8-7	6-5-6-6-8-7-8-6-5-5-8-8	3-6-6-6-6-7-5-5-5-8-6-7	6-8-7-5-5-5-6-5-8-5-7-1
895	8	6-6-6-6-6-9-6-6-6-6-6-9	6-6-6-7-6-6-7-7-7-6-7-7	9-7-7-6-7-6-7-6-7-6-7-7	7-8-8-6-7-7-9-7-6-6-7-9	6-5-7-6-5-7-9-7-8-6-6-7	6-6-7-9-8-6-7-7-8-8-4-7	9-6-6-5-9-5-3-7-6-6-7-7	8-7-2-7-7-6-3-7-5-6-7-8	6-5-8-7-7-6-6-7-6-6-7-6	6-7-6-5-7-7-7-6-9-5-7-7	6-8-9-9-6-6-5-5-5-7-6-8	6-7-7-5-5-5-6-5-7-5-6-6
895	9	9-6-7-7-9-8-6-9-6-6-6-8	6-6-9-7-9-6-7-7-9-9-7-8	9-8-9-6-9-9-7-6-6-9-6-9	7-9-9-9-9-9-8-9-8-9-9-8	6-5-9-9-9-9-8-9-9-9-6-5	6-9-9-8-9-5-9-9-9-9-4-8	8-9-9-8-7-9-9-9-9-9-8-6	9-9-9-8-9-6-7-7-7-6-6-6	7-8-9-9-6-9-9-7-6-6-7-9	6-9-6-9-9-9-9-6-8-9-8-9	7-1-8-8-6-6-5-5-6-6-9-7	9-8-5-6-7-9-9-5-9-9-7-6
896	0	0-0-0-0-0-0-0-0-0-0-0-0	0-0-0-0-0-0-0-0-0-0-0-0	0-0-0-0-0-0-0-0-0-0-0-0	0-0-0-0-0-0-0-0-0-0-0-0	0-0-0-0-0-0-0-0-0-0-0-0	0-0-0-0-0-0-0-0-0-0-0-0	0-0-0-0-0-0-0-0-0-0-0-0	0-0-0-0-0-0-0-0-0-0-0-0	0-0-0-0-0-0-0-0-0-0-0-0	0-0-0-0-0-0-0-0-0-0-0-0	0-0-0-0-0-0-0-0-0-0-0-0	0-0-0-0-0-0-0-0-0-0-0-0
896	1	1-1-1-1-1-0-1-1-1-1-1-1	1-1-0-2-0-0-0-2-0-1-0-0	2-1-0-3-2-4-2-0-0-2-2-2	2-0-0-3-2-2-0-1-1-1-1-0	1-0-1-2-2-1-2-2-1-1-1-2	3-0-2-1-1-3-2-3-1-1-3-3	0-3-1-0-2-0-1-2-1-1-0-2	1-1-3-2-3-0-0-3-1-1-0-0	0-0-2-3-3-0-0-3-0-1-1-0	0-3-1-0-0-3-2-1-2-0-0-3	0-1-1-0-0-2-0-0-0-1-1-1	0-2-2-0-3-3-2-0-0-2-1-3
896	2	2-2-2-2-3-2-2-2-3-1-2-3	1-3-3-1-0-3-0-3-3-2-0-3	1-2-4-2-1-1-3-3-3-1-3-3	1-2-2-1-1-1-4-1-3-4-3-0	1-0-1-1-1-3-3-1-2-2-1-1	1-2-4-2-2-1-3-1-2-2-5-1	5-1-4-4-1-2-3-3-2-4-0-3	2-3-0-1-2-3-4-2-2-0-0-0	2-0-1-1-2-0-5-1-4-2-2-3	0-1-2-3-1-2-1-2-1-3-0-1	3-2-6-4-0-1-0-0-3-1-1-0	2-1-1-4-0-5-1-0-0-3-4-1
896	3	2-2-1-3-2-2-3-2-3-3-4-2	4-2-2-1-0-2-3-2-2-3-4-4	5-4-5-1-2-1-2-4-2-1-2-2	4-3-3-1-1-1-4-1-2-2-2-4	1-4-1-1-4-2-4-3-2-3-1-6	1-1-2-0-4-1-2-1-2-2-1-1	4-1-2-2-3-3-2-2-3-1-4-2	2-1-1-1-1-4-2-1-1-3-4-5	4-6-4-1-1-3-4-4-3-3-1-2	4-1-2-2-4-1-2-2-4-4-5-1	4-1-5-2-6-3-4-4-4-1-3-3	3-1-3-2-4-4-1-5-6-5-2-1
896	4	4-6-4-6-4-4-4-4-6-4-4-5	3-2-2-6-5-2-5-6-3-3-5-5	4-5-5-5-5-1-5-5-2-5-3-4	5-3-3-5-5-5-3-1-5-2-5-3	5-3-5-5-3-5-5-5-4-1-5-5	5-6-5-4-3-5-5-4-2-4-2-5	5-5-2-2-6-4-2-5-4-2-5-5	2-5-6-5-5-3-6-5-5-3-5-3	3-0-3-5-6-4-3-3-2-6-5-3	3-5-4-2-5-6-5-2-3-3-3-5	3-4-3-2-6-3-3-3-3-5-4-5	3-5-4-2-3-3-5-3-5-3-6-1
896	5	4-6-4-6-4-6-6-4-6-5-5-6	3-4-2-4-4-5-4-4-6-3-4-6	3-4-3-4-4-3-4-4-4-4-6-4	4-5-5-4-4-4-6-4-4-4-4-6	4-6-4-4-3-4-6-4-5-5-4-4	4-4-4-6-5-4-4-4-5-5-2-5	4-4-2-2-3-5-4-4-5-2-4-4	5-4-2-4-4-6-5-4-4-3-4-3	5-5-3-4-5-4-2-4-6-5-4-3	4-4-5-2-4-4-4-6-6-4-3-4	4-5-3-5-5-5-3-5-2-4-5-5	3-6-6-4-5-2-4-3-4-3-4-1
896	6	6-5-4-4-6-5-5-6-4-5-4-5	5-6-6-4-6-6-4-4-5-6-4-5	6-6-6-4-6-6-6-5-6-6-5-6	5-6-6-6-6-6-5-6-6-6-6-5	4-6-6-6-6-6-5-6-6-6-4-6	6-6-6-6-6-6-5-6-6-6-6-5	5-6-6-6-6-6-6-6-6-4-6-6	6-6-6-5-6-5-4-4-4-3-5-6	3-3-6-6-4-6-6-3-6-4-4-2	4-6-6-6-6-4-6-5-5-6-5-6	3-6-5-6-3-3-3-3-3-5-6-6	6-5-5-2-1-6-6-3-6-6-4-1
897	0	0-0-0-0-0-0-0-0-0-0-0-0	0-0-0-0-0-0-0-0-0-0-0-0	0-0-0-0-0-0-0-0-0-0-0-0	0-0-0-0-0-0-0-0-0-0-0-0	0-0-0-0-0-0-0-0-0-0-0-0	0-0-0-0-0-0-0-0-0-0-0-0	0-0-0-0-0-0-0-0-0-0-0-0	0-0-0-0-0-0-0-0-0-0-0-0	0-0-0-0-0-0-0-0-0-0-0-0	0-0-0-0-0-0-0-0-0-0-0-0	0-0-0-0-0-0-0-0-0-0-0-0	0-0-0-0-0-0-0-0-0-0-0-0
897	1	1-1-1-1-1-1-1-1-1-1-1-1	1-0-0-1-0-1-1-2-2-1-2-2	2-2-2-4-1-2-2-2-0-1-3-1	1-2-3-2-1-0-0-1-1-4-0-1	0-2-1-0-2-0-2-1-2-0-0-1	1-1-0-1-0-2-0-0-0-0-0-0	1-0-0-1-1-1-2-0-0-0-1-0	1-0-0-0-0-2-1-1-0-1-1-1	2-2-2-1-0-0-1-2-0-1-1-0	1-1-1-0-2-1-0-1-1-2-0-0	0-1-1-1-1-1-2-2-0-1-1-1	1-1-1-1-1-1-0-1-1-1-1-1
897	2	1-2-2-2-2-1-2-2-2-2-2-2	1-0-0-2-0-3-1-3-1-1-1-3	1-1-1-3-3-1-1-1-0-3-2-3	3-1-1-3-3-3-0-7-2-1-2-2	2-1-8-0-1-2-3-3-2-0-2-2	3-4-3-2-2-4-3-4-0-0-0-3	3-4-2-1-3-0-1-3-4-2-3-3	0-2-2-3-2-1-0-8-2-2-0-0	1-1-1-3-4-2-1-3-0-2-4-3	2-1-1-0-3-3-3-0-3-1-3-2	3-4-7-0-0-2-1-2-2-3-3-1	0-3-2-0-2-2-2-1-2-2-8-4
897	3	3-3-3-3-3-3-3-3-3-2-2-4	1-4-4-2-0-4-1-4-1-3-1-4	1-2-2-2-2-2-4-3-0-2-4-2	2-3-1-2-2-2-4-2-4-3-4-1	2-1-1-3-3-2-4-2-3-4-2-2	2-2-4-3-3-2-4-3-3-3-4-2	2-2-3-1-2-3-7-2-3-3-4-2	3-2-2-2-2-4-6-4-2-4-6-3	0-1-4-2-0-2-3-2-5-3-2-3	2-2-3-0-2-2-2-3-2-3-2-2	4-3-3-3-7-0-1-3-3-2-4-3	3-2-2-4-3-4-2-3-3-3-3-4
897	4	4-3-3-4-3-3-4-4-3-4-4-3	4-3-3-2-5-3-1-3-5-4-5-5	7-5-5-1-4-5-3-4-5-2-3-4	4-4-5-6-2-6-4-5-3-5-3-5	2-6-1-5-6-3-3-4-3-3-4-4	5-2-3-4-6-2-3-2-3-3-3-2	3-2-3-3-4-4-6-5-2-2-3-3	6-2-6-3-2-5-4-3-2-3-4-6	6-4-3-2-2-4-6-6-7-4-2-4	6-6-3-8-3-6-0-3-6-6-6-2	6-2-6-5-3-6-6-6-6-4-3-4	3-3-4-3-6-3-3-6-5-3-4-3
897	5	5-8-6-6-6-6-8-7-6-5-6-6	7-6-5-2-7-6-6-6-6-6-6-6	5-6-7-7-6-6-6-7-6-6-8-6	6-5-6-7-5-4-7-7-6-6-6-5	7-7-6-7-5-5-6-5-6-5-7-5	5-6-6-5-6-6-6-6-6-5-0-5	8-6-5-5-6-6-6-6-5-7-8-6	5-5-6-5-5-6-5-6-6-7-8-8	5-5-5-5-6-7-5-5-6-7-2-5	4-5-5-6-6-5-6-5-4-4-4-5	4-6-5-5-8-8-4-4-8-5-6-5	6-6-5-8-3-6-5-4-4-5-5-8
897	6	5-5-5-7-5-5-5-5-5-5-5-5	5-5-5-6-5-5-5-5-5-5-5-5	5-7-5-5-7-5-7-5-5-5-5-5	7-4-5-7-7-7-5-5-5-5-7-5	7-4-5-7-4-7-7-7-5-5-5-7	5-5-7-6-5-5-5-5-5-6-0-7	5-5-5-5-5-5-5-7-5-5-7-6	5-7-4-7-7-5-8-7-5-5-7-4	4-4-5-6-7-5-4-4-5-5-7-3	4-7-6-5-7-5-7-7-4-4-7-5	4-5-7-3-5-7-4-4-4-6-5-1	5-6-6-7-7-5-6-4-4-3-7-5
897	7	5-8-5-6-5-5-5-5-5-5-5-6	5-5-5-6-5-5-5-6-5-5-5-5	5-6-5-5-6-5-6-5-5-5-7-6	6-7-5-6-6-6-5-5-5-5-6-5	5-5-6-6-7-6-6-6-7-7-5-6	8-5-6-6-7-5-7-5-7-7-0-7	8-5-5-7-8-7-7-6-7-5-6-6	7-6-2-6-6-8-3-6-8-5-6-4	7-7-7-6-6-5-7-7-5-5-6-0	7-6-7-5-6-4-6-6-8-4-6-7	6-7-6-3-5-6-4-5-7-7-7-7	5-8-6-7-6-5-7-4-2-3-6-3
897	8	8-7-6-6-5-7-5-8-5-5-5-5	5-5-8-6-8-5-7-8-8-8-6-5	8-8-8-5-8-5-7-5-5-8-5-8	7-8-5-8-8-8-7-8-3-8-8-5	2-5-8-8-8-8-7-8-8-8-5-6	7-8-7-7-8-7-8-8-8-8-8-8	5-5-8-8-7-8-3-8-8-8-5-5	8-8-2-7-8-7-6-2-7-5-5-5	7-7-8-7-2-6-8-4-8-5-6-1	7-8-8-8-8-5-6-3-7-8-6-8	4-5-3-8-5-5-7-4-5-5-8-8	8-7-4-5-7-8-8-4-8-8-7-5
898	0	0-0-0-0-0-0-0-0-0-0-0-0	0-0-0-0-0-0-0-0-0-0-0-0	0-0-0-0-0-0-0-0-0-0-0-0	0-0-0-0-0-0-0-0-0-0-0-0	0-0-0-0-0-0-0-0-0-0-0-0	0-0-0-0-0-0-0-0-0-0-0-0	0-0-0-0-0-0-0-0-0-0-0-0	0-0-0-0-0-0-0-0-0-0-0-0	0-0-0-0-0-0-0-0-0-0-0-0	0-0-0-0-0-0-0-0-0-0-0-0	0-0-0-0-0-0-0-0-0-0-0-0	0-0-0-0-0-0-0-0-0-0-0-0
898	1	1-1-1-1-1-2-1-1-1-1-1-1	1-1-0-1-0-1-1-2-2-1-2-2	2-1-2-0-1-2-2-2-0-1-2-1	2-2-2-1-1-2-0-2-0-0-0-2	1-2-4-4-2-0-2-1-0-0-3-1	1-2-1-2-0-2-0-0-0-0-0-2	6-0-0-2-0-4-0-0-0-1-2-2	0-3-3-4-1-2-0-2-1-2-2-0	0-2-2-0-3-0-2-2-2-1-1-2	2-3-1-2-2-1-3-1-1-6-3-0	3-4-1-1-3-7-3-3-3-1-2-2	2-1-1-2-2-1-4-2-1-3-1-1
898	2	1-1-1-1-2-1-2-1-1-1-1-1	1-1-0-2-0-3-1-1-1-1-1-1	1-1-1-5-3-1-3-1-1-3-1-3	3-1-1-3-3-3-1-1-3-0-2-1	2-1-1-0-1-2-3-3-2-1-1-3	3-1-3-1-2-1-3-2-0-2-0-1	2-4-0-1-3-2-2-0-0-2-1-3	0-2-7-3-2-1-7-7-2-1-1-0	1-1-1-3-4-2-1-1-1-2-1-1	1-1-0-1-1-3-1-0-3-1-1-4	1-0-1-0-1-2-1-1-1-2-3-1	1-3-3-1-1-2-3-1-2-2-7-4
898	3	3-3-1-4-3-1-3-3-1-1-1-1	1-4-4-2-0-2-1-3-4-1-2-4	1-3-1-2-2-1-2-5-3-5-4-2	2-3-3-2-2-2-3-1-4-6-2-1	2-1-1-2-4-2-4-2-3-3-1-2	2-3-5-1-4-1-4-3-3-3-3-3	1-2-3-1-2-3-4-0-3-3-1-2	4-1-1-2-2-1-6-4-2-6-1-2	3-1-1-2-1-5-1-4-2-3-3-3	1-1-3-0-2-2-1-3-2-1-1-3	1-3-4-5-1-1-1-1-1-1-2-3	6-2-2-1-1-1-2-1-1-1-5-0
898	4	4-3-1-4-3-1-4-3-4-4-4-6	4-3-3-7-5-6-5-5-3-1-5-5	5-5-5-2-4-1-5-6-5-6-3-4	5-5-5-3-2-5-3-5-3-5-5-4	2-5-1-4-5-2-5-5-5-4-4-7	0-5-3-4-3-5-3-3-3-3-0-5	1-2-2-4-5-4-3-5-3-0-3-3	3-2-2-2-3-5-5-3-2-4-5-6	4-6-3-2-2-4-4-5-7-4-1-4	5-7-1-5-0-3-1-3-5-6-4-2	5-1-5-5-5-5-5-5-7-1-5-1	3-2-4-5-4-4-1-5-5-3-4-2
898	5	6-6-7-6-3-6-7-3-6-7-4-6	6-3-3-6-4-5-4-6-5-5-6-4	4-4-6-2-6-5-6-7-4-3-4-4	6-4-5-6-6-6-3-4-6-4-6-4	6-4-1-6-4-6-6-6-4-5-6-6	7-4-6-5-3-4-6-6-3-3-0-4	1-6-7-0-4-5-5-4-5-3-6-6	4-5-1-6-6-4-4-6-5-1-4-4	4-4-4-6-7-3-1-4-0-6-6-3	4-5-0-4-6-6-7-5-4-4-6-2	6-5-4-4-4-5-4-4-7-5-4-5	3-5-6-5-5-4-5-4-4-5-3-5
898	6	5-7-5-5-6-7-7-7-5-5-4-5	5-3-3-5-5-7-7-5-4-6-5-4	6-5-5-1-5-6-5-4-7-4-6-5	5-6-6-5-5-5-7-1-5-6-5-4	5-4-3-5-4-5-7-5-6-6-5-5	7-7-5-7-6-4-5-5-6-6-0-6	1-5-3-6-7-6-6-7-6-6-5-5	6-5-2-5-5-7-3-5-7-3-5-4	6-4-6-5-6-6-6-5-4-5-5-3	6-6-0-5-6-5-0-3-7-4-5-6	5-6-6-6-7-7-4-6-6-6-6-6	3-6-5-6-6-4-6-4-2-5-6-5
898	7	7-6-5-5-7-6-6-7-6-5-5-7	5-7-7-4-7-6-6-7-7-7-5-7	7-7-7-2-7-7-6-5-6-7-7-7	5-7-5-7-7-7-6-7-3-7-7-4	2-4-7-7-7-7-6-7-7-7-5-4	6-7-6-6-7-1-7-7-7-7-7-7	6-7-7-7-6-7-7-7-7-7-5-7	7-7-2-6-7-6-2-2-6-1-1-4	6-7-7-6-2-7-7-4-7-7-5-0	1-5-7-7-7-2-5-6-1-7-7-7	5-7-0-4-6-1-6-4-7-5-7-7	1-6-7-7-5-7-7-4-7-7-2-7
899	0	0-0-0-0-0-0-0-0-0-0-0-0	0-0-0-0-0-0-0-0-0-0-0-0	0-0-0-0-0-0-0-0-0-0-0-0	0-0-0-0-0-0-0-0-0-0-0-0	0-0-0-0-0-0-0-0-0-0-0-0	0-0-0-0-0-0-0-0-0-0-0-0	0-0-0-0-0-0-0-0-0-0-0-0	0-0-0-0-0-0-0-0-0-0-0-0	0-0-0-0-0-0-0-0-0-0-0-0	0-0-0-0-0-0-0-0-0-0-0-0	0-0-0-0-0-0-0-0-0-0-0-0	0-0-0-0-0-0-0-0-0-0-0-0
899	1	1-1-1-1-1-1-1-1-1-1-1-1	0-0-1-0-0-0-0-2-0-1-0-2	1-0-0-1-0-2-2-0-2-0-2-2	0-0-1-0-0-0-0-1-2-2-2-0	2-0-2-0-0-2-2-0-1-0-0-0	0-0-1-0-0-0-2-0-2-1-0-0	2-1-1-0-0-0-0-0-1-1-0-1	1-1-1-1-1-0-2-1-0-1-0-0	1-0-0-0-0-0-0-0-2-1-1-0	0-0-0-0-0-2-0-1-0-0-0-1	0-0-9-1-0-0-0-0-0-0-0-1	0-1-0-1-0-1-0-0-0-0-1-3
899	2	3-2-3-1-1-2-2-1-2-2-2-3	3-2-1-4-1-2-3-1-3-3-3-4	0-3-0-5-3-4-3-1-1-3-1-3	4-3-2-4-4-4-0-2-3-1-1-0	1-0-3-4-3-1-3-3-2-1-4-4	3-4-2-2-2-4-3-4-1-1-0-4	1-1-2-0-3-4-3-3-1-5-8-3	1-2-5-3-5-0-1-2-2-0-2-0	0-0-3-5-5-4-0-3-1-2-5-2	0-5-0-0-0-4-4-1-3-0-0-5	0-0-1-2-0-2-0-0-0-3-3-2	0-4-2-2-0-0-3-0-0-0-2-5
899	3	3-3-2-3-3-3-3-3-3-3-3-2	2-4-3-2-4-3-2-4-2-2-2-2	1-2-3-3-2-2-4-2-1-2-4-2	2-3-4-2-2-2-4-4-4-3-4-0	2-0-2-2-2-4-4-2-3-3-1-2	2-5-5-0-3-2-4-3-3-3-4-2	5-1-3-3-2-3-4-4-3-3-0-2	3-5-0-4-2-3-2-2-3-3-5-3	0-0-4-2-3-2-0-4-4-2-2-2	4-4-3-4-4-2-0-1-2-3-0-2	4-3-1-4-5-1-0-4-0-4-2-1	0-2-0-4-4-4-2-0-0-5-5-5
899	4	3-4-4-4-4-4-4-4-4-4-4-2	2-3-5-2-3-3-2-3-5-4-2-5	6-2-6-2-2-2-5-5-7-2-5-5	2-5-5-2-2-2-5-2-5-5-3-0	2-0-2-2-2-3-5-4-5-0-2-2	5-2-3-0-4-2-5-2-4-4-4-2	3-1-4-3-5-4-5-5-4-3-6-2	4-2-3-3-2-4-8-2-2-4-5-3	0-0-5-2-4-2-4-3-5-2-2-4	3-3-4-5-3-2-5-5-3-4-6-2	3-3-0-3-9-0-0-3-0-3-2-4	4-2-2-4-3-3-2-0-0-5-7-7
899	5	5-3-6-6-5-4-5-6-5-5-6-6	6-3-4-2-3-6-6-4-6-5-6-4	8-6-7-2-6-7-4-6-6-5-4-6	6-6-4-6-2-2-6-2-4-4-4-8	2-5-5-5-7-3-4-6-4-6-5-2	4-6-3-5-5-7-4-2-4-3-4-2	3-5-4-5-6-5-4-4-5-3-4-2	4-3-8-3-2-7-4-2-7-7-6-0	7-8-7-2-2-2-7-6-4-5-2-5	6-2-5-4-3-2-4-4-7-8-6-2	4-7-6-4-3-5-8-8-6-7-5-5	0-4-5-7-5-5-5-5-6-4-3-3
899	6	6-9-7-8-6-7-8-8-7-7-7-9	7-7-6-9-8-8-7-7-7-7-5-7	6-7-6-8-7-7-5-7-7-7-6-7	7-5-7-7-7-6-7-8-7-7-6-6	8-6-7-8-5-6-7-6-7-6-8-6	6-5-7-6-5-7-7-7-6-6-4-7	5-8-7-6-5-6-9-7-7-8-9-7	7-2-7-5-6-5-6-8-5-8-6-6	6-5-9-6-8-6-5-9-8-8-2-6	9-6-8-6-6-8-6-6-5-5-5-8	6-9-8-7-7-9-5-6-5-6-7-7	7-9-9-5-6-8-8-6-6-6-6-9
899	7	7-7-6-9-6-6-6-6-6-6-6-7	6-6-6-8-6-6-6-6-6-6-6-6	6-8-8-6-8-6-8-6-6-6-6-6	8-6-6-8-8-8-6-8-6-6-8-8	6-6-6-8-5-8-8-6-6-6-8-8	6-7-8-7-5-6-8-6-6-6-4-8	5-6-6-5-6-7-6-8-6-3-7-7	6-8-6-8-8-5-9-8-5-5-8-6	5-5-5-8-4-6-5-5-6-6-8-9	8-8-6-6-8-6-8-6-5-6-8-6	0-6-6-6-6-5-0-0-8-8-6-6	6-8-7-5-8-6-6-0-8-6-8-4
899	8	7-6-6-6-6-9-6-6-6-6-6-9	6-6-6-7-6-6-7-7-6-6-6-6	5-7-7-6-7-6-7-6-7-7-9-7	7-8-8-7-7-7-6-7-7-6-7-7	6-5-7-7-5-7-7-7-8-6-7-7	9-6-7-6-8-9-7-7-8-8-4-8	9-6-6-8-9-8-8-7-8-6-7-6	8-7-6-7-7-6-4-6-5-6-7-8	9-5-5-7-6-6-5-8-6-6-7-6	7-8-6-8-7-6-7-6-9-5-8-6	6-8-6-9-6-8-5-5-7-7-6-8	6-7-6-8-7-6-6-5-7-6-7-6
899	9	9-6-7-7-6-8-6-9-6-6-6-8	6-6-9-7-9-6-8-9-9-9-7-8	9-9-9-6-9-6-9-6-6-9-8-9	8-9-9-7-9-9-8-9-6-9-9-8	6-6-9-9-9-9-8-9-9-9-6-6	9-9-9-8-9-8-9-9-9-9-9-8	8-9-9-6-8-9-6-9-9-9-6-6	9-7-9-8-9-9-7-2-5-6-6-6	8-8-9-9-6-9-9-6-6-6-7-9	7-9-6-9-9-6-9-6-8-9-9-9	0-6-6-6-4-6-8-9-6-6-9-9	6-6-6-6-6-9-9-9-9-9-7-6
900	0	0-0-0-0-0-0-0-0-0-0-0-0	0-0-0-0-0-0-0-0-0-0-0-0	0-0-0-0-0-0-0-0-0-0-0-0	0-0-0-0-0-0-0-0-0-0-0-0	0-0-0-0-0-0-0-0-0-0-0-0	0-0-0-0-0-0-0-0-0-0-0-0	0-0-0-0-0-0-0-0-0-0-0-0	0-0-0-0-0-0-0-0-0-0-0-0	0-0-0-0-0-0-0-0-0-0-0-0	0-0-0-0-0-0-0-0-0-0-0-0	0-0-0-0-0-0-0-0-0-0-0-0	0-0-0-0-0-0-0-0-0-0-0-0
900	1	1-1-2-1-1-1-1-1-1-1-1-1	1-1-1-2-0-2-2-2-2-2-2-2	1-2-2-2-1-1-2-1-2-0-2-1	2-0-0-1-2-2-2-2-2-0-2-1	2-1-2-2-2-1-2-2-1-1-2-1	2-3-2-0-0-2-2-2-1-1-0-2	2-3-1-0-2-1-1-2-1-1-4-2	1-4-1-2-2-3-0-2-2-2-0-1	3-0-2-2-7-2-3-2-0-1-2-2	2-2-0-0-2-3-2-1-2-0-2-3	3-3-3-0-2-2-1-0-3-2-2-1	2-2-1-2-2-3-2-0-3-3-6-3
900	2	2-2-1-2-1-2-2-2-1-1-1-1	1-3-2-1-1-1-1-1-3-1-1-1	0-1-3-1-3-1-3-0-1-3-3-3	1-2-2-1-1-1-1-1-1-3-3-1	1-1-1-1-1-3-3-1-3-0-1-1	1-1-3-1-2-1-3-1-3-2-3-1	1-1-2-3-1-1-3-1-2-2-3-1	2-1-1-1-1-1-3-1-1-4-0-0	2-1-1-1-2-1-2-1-2-2-1-1	3-1-2-0-1-1-1-2-1-3-1-1	1-0-4-4-1-1-3-2-1-1-1-2	1-1-1-5-1-1-1-0-1-1-1-1
900	3	3-2-3-1-3-3-3-3-3-3-4-1	4-2-2-3-4-2-1-3-4-1-4-4	6-4-5-4-4-4-4-4-4-4-2-4	4-4-5-3-1-4-4-1-3-2-4-6	1-4-1-4-3-2-4-4-2-4-4-4	4-4-2-4-4-1-2-1-2-2-2-4	1-1-4-4-4-1-2-4-2-2-2-2	2-1-4-2-1-4-2-2-1-6-4-4	1-6-4-2-4-3-6-4-2-3-2-3	4-1-2-4-1-1-2-1-4-5-5-1	1-1-1-2-1-4-4-5-4-1-1-1	6-1-3-2-4-1-1-4-1-5-1-1
900	4	3-6-3-3-3-4-4-5-4-3-3-3	3-5-5-3-4-4-3-4-3-1-3-3	3-3-3-3-3-3-3-3-5-5-3-3	3-3-3-3-5-3-3-1-5-6-5-3	1-3-1-3-5-5-3-3-5-5-3-3	3-3-1-3-3-1-5-6-4-4-0-3	5-5-5-3-3-4-4-3-4-4-1-5	4-1-3-5-1-3-6-2-1-2-3-3	5-3-3-4-3-4-2-5-2-6-1-4	3-1-2-5-1-5-1-6-3-3-3-1	3-5-4-5-3-5-3-2-3-1-6-5	4-1-3-2-3-1-1-3-1-3-1-5
900	5	6-7-6-7-6-6-6-6-7-7-6-6	7-4-4-6-6-6-6-5-7-6-6-6	5-6-6-6-6-5-6-6-6-6-6-6	6-4-3-6-6-6-6-6-6-4-6-5	6-3-6-6-4-4-6-6-4-4-6-6	6-5-6-6-5-6-6-5-2-5-2-4	6-4-4-4-4-5-7-5-4-6-6-4	4-6-3-6-6-7-2-6-7-3-6-4	4-3-4-6-6-4-3-4-2-5-6-4	5-6-5-4-6-4-5-4-3-3-3-5	3-6-6-4-6-4-3-3-3-5-4-4	4-5-5-2-3-1-6-3-1-5-7-4
900	6	5-4-5-5-5-5-5-5-5-5-5-7	5-4-4-5-5-5-5-5-5-5-5-5	3-5-5-5-5-6-5-5-5-5-5-5	5-6-6-5-5-5-7-5-5-4-5-3	5-3-5-5-6-5-7-6-6-6-5-5	5-6-5-5-6-7-5-4-6-6-0-6	7-1-2-6-6-6-4-5-6-5-5-4	6-5-1-5-5-7-7-5-7-3-5-0	6-3-6-5-5-2-3-7-2-4-5-2	7-5-6-4-5-5-5-4-7-6-6-1	3-5-5-4-2-7-3-3-3-6-4-6	4-6-6-6-3-1-5-3-1-5-1-1
900	7	7-5-5-5-7-7-5-7-5-5-5-6	5-4-7-5-7-5-5-7-5-7-5-5	7-7-5-5-7-7-6-6-5-7-5-7	6-7-7-7-7-7-6-7-6-7-7-3	7-3-7-7-7-7-6-7-7-7-1-5	6-7-7-6-7-7-7-7-7-7-7-6	6-7-7-7-6-7-7-7-7-7-7-7	7-7-7-6-7-6-6-1-6-3-5-5	7-3-7-6-1-7-7-6-7-7-5-4	5-7-7-7-7-1-5-6-6-7-5-7	5-5-7-7-6-6-3-7-7-6-7-7	4-6-5-2-7-7-7-3-7-7-1-1
901	0	0-0-0-0-0-0-0-0-0-0-0-0	0-0-0-0-0-0-0-0-0-0-0-0	0-0-0-0-0-0-0-0-0-0-0-0	0-0-0-0-0-0-0-0-0-0-0-0	0-0-0-0-0-0-0-0-0-0-0-0	0-0-0-0-0-0-0-0-0-0-0-0	0-0-0-0-0-0-0-0-0-0-0-0	0-0-0-0-0-0-0-0-0-0-0-0	0-0-0-0-0-0-0-0-0-0-0-0	0-0-0-0-0-0-0-0-0-0-0-0	0-0-0-0-0-0-0-0-0-0-0-0	0-0-0-0-0-0-0-0-0-0-0-0
901	1	1-1-1-1-1-1-1-1-1-1-1-1	1-0-0-1-0-1-1-2-0-1-0-0	6-1-2-1-1-2-2-0-2-0-2-1	1-2-2-1-2-2-0-1-1-0-2-4	0-3-5-2-2-0-2-2-2-0-0-0	1-1-0-0-2-2-1-0-0-0-0-2	0-0-0-1-2-1-0-0-0-1-0-0	1-0-0-1-1-2-0-0-0-2-2-1	1-2-2-0-0-0-2-2-0-5-0-1	1-1-1-2-0-0-0-0-1-2-0-1	2-1-1-0-3-1-2-2-0-1-0-1	1-0-1-1-1-1-1-1-1-1-1-0
901	2	2-2-2-2-2-2-2-2-2-2-2-3	2-3-0-3-0-1-3-3-3-3-3-3	1-4-1-3-3-1-3-3-1-3-1-3	3-1-3-3-3-3-0-3-2-0-3-1	6-1-6-1-1-3-3-3-1-2-2-3	2-1-3-6-1-3-3-3-0-2-0-1	3-5-0-1-3-1-2-3-0-2-2-3	0-4-6-3-2-1-0-7-2-1-1-0	1-1-1-2-4-3-1-1-0-2-3-3	3-3-1-1-3-8-3-0-3-1-3-2	1-4-2-4-0-2-1-1-0-2-3-1	0-3-1-1-1-2-2-1-2-2-2-2
901	3	3-4-3-3-3-3-3-3-3-3-3-2	2-4-4-2-0-4-2-4-4-2-2-3	1-2-2-2-2-2-4-5-2-2-4-2	2-1-2-2-2-2-4-2-4-4-4-1	2-1-1-4-1-2-4-2-4-4-2-2	2-1-4-2-3-2-4-2-3-3-3-3	2-2-4-1-2-3-4-5-3-4-4-2	3-2-2-2-2-1-6-4-3-4-0-3	3-1-1-2-3-5-0-4-5-3-2-2	2-3-5-4-2-4-2-3-2-4-2-2	1-2-3-8-1-2-3-1-1-2-2-3	6-2-1-1-1-3-2-1-6-3-3-3
901	4	4-3-4-4-3-3-4-4-4-4-4-5	5-3-3-5-5-3-5-5-5-5-5-6	7-5-7-2-4-6-3-6-6-5-3-5	5-5-6-5-2-2-5-2-3-3-3-1	2-5-1-3-5-3-5-5-3-4-5-2	5-1-3-4-6-5-3-5-3-3-3-2	5-2-3-1-5-3-3-5-4-3-2-3	3-2-2-2-2-5-3-3-5-6-5-5	6-6-5-5-2-4-6-5-7-4-2-3	5-8-3-3-5-3-3-3-5-6-5-2	6-2-4-2-5-5-6-6-6-5-2-4	5-2-5-3-6-2-2-6-5-5-5-2
901	5	5-5-4-5-5-3-5-5-5-5-4-4	4-6-6-4-4-5-4-4-4-4-4-4	4-4-3-2-2-4-6-3-8-4-6-4	4-4-4-4-2-4-6-2-3-7-6-4	2-4-1-2-4-6-4-4-3-7-6-2	4-1-3-5-4-4-5-5-5-5-0-5	6-2-7-1-4-3-6-5-5-5-5-5	5-2-2-5-5-4-3-3-4-5-4-4	4-4-4-4-4-3-4-4-6-1-2-2	4-5-5-6-4-2-2-5-4-4-4-2	4-8-3-6-7-4-4-4-4-4-5-6	6-2-4-1-4-4-2-4-4-4-4-6
901	6	7-6-6-6-5-3-8-7-7-6-6-7	4-5-5-7-6-7-7-8-4-5-7-8	1-7-7-7-7-4-7-7-4-7-5-7	7-7-4-6-7-7-5-6-7-5-7-1	2-4-2-7-1-5-7-7-6-6-5-7	6-6-7-2-6-4-7-7-6-0-3-7	8-5-5-1-5-6-5-7-5-2-7-6	5-2-2-7-6-1-3-8-6-4-7-4	6-4-6-7-7-6-4-4-5-5-7-3	6-7-6-5-7-6-2-3-4-4-4-6	4-6-3-5-5-4-4-4-4-6-5-6	5-6-6-1-4-2-2-4-7-6-7-5
901	7	6-8-6-6-7-8-8-6-8-7-6-6	4-5-5-6-4-8-6-6-4-7-6-6	4-6-4-6-6-7-6-6-8-6-6-6	6-7-7-6-6-6-8-6-6-5-6-1	2-6-6-6-1-7-6-6-7-7-2-6	6-1-6-8-7-4-6-6-7-7-0-6	7-6-5-8-8-7-3-6-7-2-6-6	7-7-2-6-6-8-3-2-6-4-2-4	7-4-8-6-6-6-7-4-5-5-6-2	7-6-7-5-6-8-2-3-8-4-6-6	6-5-3-5-5-4-4-6-4-7-7-7	5-6-7-7-7-2-2-4-6-6-6-2
901	8	8-7-6-4-8-7-7-8-7-6-6-8	7-5-8-6-8-7-7-6-8-8-6-6	8-8-8-2-8-8-7-7-7-8-8-8	7-8-7-8-8-8-7-8-8-8-8-4	6-8-8-8-8-7-7-8-8-8-6-8	7-8-7-7-8-4-8-8-8-8-8-8	6-8-8-8-7-8-8-6-8-8-5-8	8-8-2-7-8-7-8-6-6-5-5-4	7-8-8-8-6-8-8-5-8-6-6-1	7-8-8-8-8-2-8-3-7-8-8-8	4-8-0-8-2-1-4-4-4-7-8-8	8-7-7-1-3-8-8-8-8-8-6-8
902	0	0-0-0-0-0-0-0-0-0-0-0-0	0-0-0-0-0-0-0-0-0-0-0-0	0-0-0-0-0-0-0-0-0-0-0-0	0-0-0-0-0-0-0-0-0-0-0-0	0-0-0-0-0-0-0-0-0-0-0-0	0-0-0-0-0-0-0-0-0-0-0-0	0-0-0-0-0-0-0-0-0-0-0-0	0-0-0-0-0-0-0-0-0-0-0-0	0-0-0-0-0-0-0-0-0-0-0-0	0-0-0-0-0-0-0-0-0-0-0-0	0-0-0-0-0-0-0-0-0-0-0-0	0-0-0-0-0-0-0-0-0-0-0-0
902	1	1-1-1-1-1-0-1-0-1-1-0-1	0-0-0-1-0-1-2-2-0-1-0-0	0-2-0-0-2-0-2-0-0-3-0-1	2-0-0-2-2-2-0-5-1-1-1-0	1-0-1-4-0-1-2-2-1-0-0-4	1-0-1-0-1-3-1-3-0-1-0-3	1-1-3-0-2-1-1-0-1-1-0-2	1-1-3-2-1-0-0-1-1-0-0-0	1-0-2-2-3-1-0-3-0-1-4-4	0-3-0-0-2-1-2-1-2-0-0-4	0-1-1-3-0-1-0-0-0-1-2-0	0-1-2-0-0-1-2-0-1-1-1-3
902	2	2-3-1-2-2-2-2-2-2-2-2-3	1-3-3-1-0-3-1-1-3-3-1-2	3-1-0-1-1-3-3-4-3-3-3-3	1-3-2-1-1-1-0-1-3-3-3-0	1-0-6-0-0-1-3-1-3-2-0-1	3-6-4-0-2-1-3-1-2-2-2-2	3-1-2-2-1-2-3-1-2-2-0-3	2-0-1-1-3-3-1-4-1-5-0-0	3-0-1-1-4-1-2-1-2-2-1-2	0-1-2-3-1-3-6-6-1-3-0-1	0-1-5-2-7-0-0-0-0-1-1-0	6-1-1-6-0-1-1-0-5-4-5-1
902	3	4-2-5-6-3-2-3-3-4-4-4-2	3-2-2-4-0-4-4-6-4-4-4-4	5-4-4-5-2-2-4-4-2-4-2-2	5-4-4-4-1-4-4-1-2-2-2-7	1-3-3-6-4-2-4-4-2-3-5-7	2-4-2-4-5-1-2-1-2-2-2-1	4-1-1-5-4-5-4-4-1-1-5-2	3-3-1-2-2-4-4-2-5-3-3-4	5-5-4-4-1-3-5-1-7-3-1-2	5-5-2-2-4-2-2-1-5-5-4-1	5-1-4-1-5-5-5-4-4-4-4-6	5-1-4-4-5-4-1-5-4-2-4-1
902	4	4-4-3-4-5-4-5-4-3-3-3-3	3-5-5-3-5-3-3-5-3-3-3-3	6-3-3-3-1-6-5-5-5-5-5-5	3-3-3-3-1-3-3-1-5-2-5-3	1-4-6-1-3-5-5-3-5-6-3-1	5-3-2-3-3-1-5-4-4-4-0-4	3-5-2-3-3-2-3-3-4-4-4-4	4-4-1-2-4-3-5-2-3-4-3-3	3-3-3-3-2-3-3-3-5-4-1-1	3-1-4-5-3-1-2-5-3-3-3-1	3-5-3-5-3-3-3-3-3-3-5-4	3-1-3-3-3-3-1-3-3-2-4-5
902	5	6-7-7-7-4-5-7-3-7-6-5-5	3-4-4-6-6-4-7-6-6-6-3-6	3-6-3-6-6-6-6-4-6-6-4-6	3-3-3-5-6-6-3-1-4-2-6-3	6-3-6-3-3-4-6-6-4-5-3-6	6-7-6-7-3-6-6-6-4-2-2-6	4-4-5-3-3-3-6-7-5-2-6-6	4-5-7-6-6-5-7-7-3-2-6-3	3-3-6-3-6-3-3-6-4-6-6-5	3-6-2-4-3-6-2-2-3-3-3-5	3-4-2-2-3-3-3-3-3-5-4-5	3-5-5-3-3-6-0-3-2-2-6-4
902	6	5-7-5-3-4-7-5-7-7-6-7-7	5-4-4-5-5-7-5-5-5-6-5-7	7-5-3-5-5-6-5-7-5-5-5-5	5-6-6-5-5-5-3-5-5-6-5-3	5-3-5-3-6-5-7-6-6-6-3-5	5-7-5-7-3-5-5-5-4-2-2-7	7-1-7-6-7-2-5-7-6-4-5-5	6-6-5-5-5-6-6-5-6-2-5-3	6-3-5-6-5-3-6-6-3-5-5-6	3-5-2-5-5-7-2-2-7-4-3-5	3-1-3-6-7-7-3-4-6-6-4-5	7-5-6-2-5-5-6-3-1-2-5-1
902	7	7-6-5-5-7-7-5-7-6-6-6-6	5-4-7-5-7-7-5-7-7-7-5-6	7-7-7-5-7-7-6-6-6-7-7-7	5-7-7-7-7-7-6-7-6-7-7-3	5-7-7-7-6-7-6-7-7-7-6-3	6-7-7-6-7-7-5-5-7-7-7-6	6-7-7-7-6-7-7-7-7-7-7-7	7-7-5-6-7-6-5-5-1-3-6-7	3-7-7-7-5-7-7-6-7-5-5-2	5-3-2-7-7-6-7-6-6-7-3-7	3-7-3-7-6-6-3-3-3-6-7-7	6-6-3-2-6-7-7-3-7-7-5-7
903	0	0-0-0-0-0-0-0-0-0-0-0-0	0-0-0-0-0-0-0-0-0-0-0-0	0-0-0-0-0-0-0-0-0-0-0-0	0-0-0-0-0-0-0-0-0-0-0-0	0-0-0-0-0-0-0-0-0-0-0-0	0-0-0-0-0-0-0-0-0-0-0-0	0-0-0-0-0-0-0-0-0-0-0-0	0-0-0-0-0-0-0-0-0-0-0-0	0-0-0-0-0-0-0-0-0-0-0-0	0-0-0-0-0-0-0-0-0-0-0-0	0-0-0-0-0-0-0-0-0-0-0-0	0-0-0-0-0-0-0-0-0-0-0-0
903	1	1-1-2-2-1-1-1-1-1-1-1-1	2-2-1-1-2-2-2-2-2-2-0-2	2-2-3-2-2-2-2-2-2-2-2-2	2-3-2-2-1-1-2-3-2-2-1-2	1-1-1-3-4-1-2-1-1-1-2-1	2-2-2-2-2-2-1-2-1-1-0-2	1-2-1-2-2-1-2-2-1-1-1-1	1-1-1-0-2-3-1-2-1-1-2-2	1-1-2-1-2-2-2-2-2-1-1-8	2-4-2-2-1-1-2-2-0-2-2-1	1-2-1-2-2-2-1-1-2-1-2-1	2-2-2-1-1-1-1-2-1-3-1-1
903	2	1-1-1-1-1-1-1-1-1-1-1-1	3-1-1-3-1-1-1-1-1-1-3-1	1-3-1-1-1-1-3-1-1-1-1-1	3-0-1-1-5-3-1-6-1-1-1-1	5-1-3-1-0-3-3-3-1-1-1-0	1-1-1-1-1-4-3-1-1-1-0-4	3-1-1-1-3-2-1-3-1-1-0-3	1-5-4-3-3-1-2-4-4-1-1-1	1-2-1-3-4-1-1-3-1-1-4-1	4-3-1-1-3-4-1-1-3-1-1-5	1-1-2-1-1-1-1-1-1-3-1-1	1-3-1-1-1-2-3-1-0-1-2-4
903	3	3-4-1-1-4-1-1-1-1-1-1-1	2-4-4-2-1-1-1-4-2-1-2-4	1-2-1-1-1-1-4-5-1-1-4-1	2-1-4-1-2-2-6-1-4-5-4-1	1-1-2-1-2-2-4-2-4-5-1-0	1-4-5-1-3-1-4-3-3-3-7-3	2-1-1-0-2-3-6-2-1-3-0-2	3-2-4-2-2-1-4-1-2-1-5-1	1-0-3-2-3-1-5-2-4-3-2-3	2-2-1-3-2-2-4-6-2-1-1-2	3-5-1-5-4-1-3-3-1-2-1-1	3-2-2-1-1-2-2-1-0-1-5-1
903	4	4-3-1-6-3-1-1-4-1-1-4-5	1-3-3-5-1-1-5-7-5-1-5-5	7-5-5-1-4-6-5-6-5-5-3-4	5-5-4-5-2-2-5-2-3-3-3-4	1-5-2-5-6-2-5-5-3-3-4-0	1-1-3-4-5-6-3-6-3-3-3-2	8-1-3-4-5-6-3-4-1-1-8-1	1-2-2-2-2-5-3-2-2-6-4-6	4-6-5-2-2-4-4-5-3-4-2-4	5-8-1-3-3-2-3-1-6-5-5-2	6-1-6-3-3-5-6-6-6-2-1-4	1-4-5-4-5-2-2-4-5-7-3-2
903	5	5-5-4-5-5-4-5-1-1-1-5-4	2-6-5-4-1-1-4-6-4-1-4-4	7-4-4-1-1-7-6-3-6-6-6-6	4-4-6-4-2-2-7-2-6-7-6-4	2-4-2-2-4-6-6-4-6-3-6-0	1-6-6-6-4-4-6-5-5-5-3-3	6-5-6-5-4-5-3-3-6-6-8-6	5-2-2-5-5-4-3-5-2-5-5-4	1-4-6-4-8-1-3-4-6-5-2-6	4-5-5-6-5-6-3-1-4-4-4-2	6-6-1-5-3-4-4-7-4-2-7-5	6-8-4-8-4-2-2-4-4-4-7-2
903	6	6-6-8-8-5-7-6-7-8-6-7-6	6-5-5-7-1-1-7-7-7-1-7-8	4-7-7-7-7-4-7-7-5-7-5-7	7-4-5-7-7-7-3-2-5-5-7-7	7-4-7-7-4-7-7-7-5-6-5-7	1-5-5-6-4-4-7-7-5-3-3-7	5-5-5-5-5-6-3-7-5-5-7-7	1-7-7-7-7-4-3-8-2-5-7-4	8-4-5-7-7-7-4-7-5-6-7-5	8-7-5-5-7-5-7-3-4-1-7-7	5-5-4-6-8-6-4-4-4-7-5-6	5-7-6-7-7-7-7-4-7-6-6-7
903	7	6-8-6-6-5-8-8-8-8-6-6-8	6-5-5-6-7-8-6-6-6-7-6-8	4-6-6-6-6-5-6-8-6-6-7-6	6-7-7-6-6-6-8-6-6-5-6-6	6-4-6-6-7-6-8-6-7-7-6-6	8-7-8-8-7-4-6-6-7-7-3-6	8-8-5-7-6-7-4-8-7-1-6-6	7-6-6-6-6-4-3-6-2-5-6-4	7-7-7-6-6-6-5-6-5-7-6-5	6-6-7-7-6-5-6-1-8-1-6-6	6-7-6-8-3-6-4-5-6-6-5-7	5-6-6-6-6-5-6-4-6-4-5-6
903	8	8-7-6-6-8-7-7-8-6-6-6-7	7-8-8-6-8-8-6-8-8-8-6-6	8-8-8-6-8-8-8-7-8-8-7-8	7-8-8-6-8-8-7-8-7-8-8-7	6-4-8-8-8-8-7-8-8-8-6-6	7-8-8-7-8-4-8-8-8-8-8-7	7-8-8-8-7-8-8-7-8-8-7-8	8-8-8-7-8-8-6-6-2-5-6-8	6-8-8-8-6-8-8-6-8-8-6-1	2-4-8-8-6-8-8-3-7-8-6-8	3-1-1-7-6-1-7-4-4-8-8-8	8-7-7-5-3-8-8-4-8-8-6-8
904	0	0-0-0-0-0-0-0-0-0-0-0-0	0-0-0-0-0-0-0-0-0-0-0-0	0-0-0-0-0-0-0-0-0-0-0-0	0-0-0-0-0-0-0-0-0-0-0-0	0-0-0-0-0-0-0-0-0-0-0-0	0-0-0-0-0-0-0-0-0-0-0-0	0-0-0-0-0-0-0-0-0-0-0-0	0-0-0-0-0-0-0-0-0-0-0-0	0-0-0-0-0-0-0-0-0-0-0-0	0-0-0-0-0-0-0-0-0-0-0-0	0-0-0-0-0-0-0-0-0-0-0-0	0-0-0-0-0-0-0-0-0-0-0-0
904	1	1-1-1-1-1-1-1-1-1-1-1-1	1-2-1-2-2-2-2-1-2-1-2-2	1-2-1-2-1-2-2-2-2-2-3-1	2-1-2-1-1-1-1-2-1-2-2-1	2-1-1-3-1-1-1-1-2-2-4-1	1-2-2-2-2-2-2-2-1-1-1-2	1-1-1-1-2-1-0-2-1-1-0-2	1-1-1-1-1-2-1-1-1-2-2-1	1-1-2-1-2-1-1-2-3-1-1-2	2-1-1-2-1-1-2-1-2-3-2-1	1-2-2-2-1-1-1-1-2-1-2-1	2-1-1-1-2-1-4-2-1-4-1-1
904	2	2-2-3-2-1-1-1-2-1-3-1-2	3-1-1-3-1-1-3-2-1-1-3-3	2-3-3-1-3-1-3-3-1-3-1-3	3-3-1-2-4-3-3-4-1-1-3-1	4-0-3-5-1-3-3-3-1-1-3-3	2-3-4-2-1-4-3-3-1-1-5-4	3-4-1-1-3-1-3-3-1-1-5-1	1-4-3-3-3-1-1-4-3-1-1-1	1-0-1-3-4-2-1-3-1-1-3-4	1-3-1-1-3-4-3-1-3-1-1-4	1-1-1-4-1-1-1-1-1-3-1-3	1-3-3-1-1-1-3-1-7-1-4-2
904	3	3-3-2-3-3-3-1-1-2-2-2-2	2-4-3-2-1-1-2-4-2-2-2-2	1-2-2-2-2-2-4-2-1-2-4-4	2-3-4-2-2-2-2-2-4-4-2-2	2-0-2-1-2-3-4-2-4-3-2-2	2-2-2-2-3-2-4-2-3-3-6-2	2-2-3-0-2-3-4-4-3-3-2-2	3-2-2-2-2-1-6-2-2-4-1-1	3-0-4-2-3-1-3-2-1-3-2-3	2-2-3-4-2-2-2-3-2-1-4-2	0-3-3-3-4-0-0-0-1-2-2-2	1-2-2-3-3-1-2-1-6-6-2-1
904	4	2-3-2-2-3-4-2-2-1-2-4-2	5-3-3-2-1-1-5-5-5-4-5-5	7-5-5-1-4-5-3-5-2-3-3-5	4-6-3-2-2-2-5-2-3-5-3-2	2-6-2-2-4-4-3-4-3-4-1-5	3-5-2-2-4-2-3-2-3-3-0-2	4-2-2-7-6-4-3-3-1-3-0-1	1-2-2-5-2-4-3-2-6-4-5-6	8-6-3-5-2-1-6-5-1-1-2-2	5-6-4-3-2-2-3-3-5-5-5-2	6-2-1-2-3-4-6-6-5-5-3-4	4-3-2-5-4-1-1-7-6-1-2-2
904	5	6-6-6-6-6-6-6-6-6-8-6-8	4-7-5-2-6-7-6-6-6-7-4-6	5-4-7-6-6-6-6-6-6-6-6-6	6-5-6-7-5-6-6-7-6-6-6-5	7-6-6-7-6-5-6-5-6-6-7-5	5-6-6-6-6-6-5-6-6-5-2-5	6-5-5-5-4-5-6-6-6-7-2-6	5-2-5-5-6-7-7-6-4-8-4-4	5-4-7-4-6-6-5-4-7-5-2-8	4-4-8-5-5-5-6-3-4-4-6-2	5-6-5-3-8-5-4-4-4-5-6-5	5-8-5-4-6-7-7-4-7-5-5-8
904	6	5-8-5-8-5-5-5-5-5-5-5-5	5-5-5-7-5-5-7-5-5-5-7-5	4-7-5-5-7-5-7-5-5-5-5-5	7-4-5-5-7-7-5-6-5-5-7-7	7-4-8-7-5-6-7-7-5-5-5-6	7-6-7-5-4-5-7-5-5-5-3-7	7-7-5-4-4-6-5-5-5-5-7-6	5-7-7-7-7-5-5-2-4-4-7-4	7-4-3-7-7-5-7-7-5-5-7-5	8-7-5-5-7-8-7-3-4-4-7-6	7-5-6-3-7-4-4-4-4-7-5-6	7-6-6-7-7-5-5-4-4-7-7-5
904	7	5-5-5-5-5-8-5-5-5-5-5-8	6-5-5-6-5-5-6-6-5-5-6-6	8-6-5-5-6-5-6-5-5-5-7-6	6-7-6-5-6-6-8-5-6-5-6-8	5-4-2-6-7-6-8-6-7-5-5-2	6-6-6-5-7-5-6-5-7-7-7-6	6-6-5-4-4-7-5-5-7-5-6-6	7-6-6-6-6-5-5-2-4-5-6-4	6-7-5-6-6-5-6-6-5-7-6-5	8-6-7-5-6-6-6-3-8-7-6-6	6-5-8-3-6-8-4-6-7-6-5-6	6-8-6-6-7-5-5-4-5-6-6-5
904	8	8-6-6-6-8-7-5-8-5-5-5-7	5-8-8-6-8-5-6-6-8-8-6-6	8-7-8-5-8-8-8-5-5-8-7-8	7-8-5-8-8-8-7-8-5-8-8-7	5-5-6-8-8-8-7-8-8-8-2-8	5-8-8-7-8-6-7-8-8-8-8-8	7-8-8-8-7-8-8-8-8-8-7-5	8-8-6-6-8-8-5-2-6-5-5-4	6-7-8-8-2-8-8-5-5-5-6-5	6-4-5-5-8-6-6-5-7-5-5-8	7-5-7-8-5-4-7-4-7-5-8-8	5-7-7-5-7-8-8-8-4-8-6-5
905	0	0-0-0-0-0-0-0-0-0-0-0-0	0-0-0-0-0-0-0-0-0-0-0-0	0-0-0-0-0-0-0-0-0-0-0-0	0-0-0-0-0-0-0-0-0-0-0-0	0-0-0-0-0-0-0-0-0-0-0-0	0-0-0-0-0-0-0-0-0-0-0-0	0-0-0-0-0-0-0-0-0-0-0-0	0-0-0-0-0-0-0-0-0-0-0-0	0-0-0-0-0-0-0-0-0-0-0-0	0-0-0-0-0-0-0-0-0-0-0-0	0-0-0-0-0-0-0-0-0-0-0-0	0-0-0-0-0-0-0-0-0-0-0-0
905	1	1-1-1-1-1-1-1-1-1-1-2-2	2-2-1-0-3-2-1-2-2-1-2-2	1-2-1-2-2-2-2-2-2-2-2-2	2-1-2-4-1-2-2-2-1-2-0-1	2-1-1-3-1-1-2-1-1-1-2-1	2-2-3-0-2-2-1-2-2-1-4-2	4-2-1-1-1-1-0-4-1-3-1-5	1-1-1-1-1-2-2-1-1-1-4-1	4-1-1-0-1-0-4-1-2-1-1-5	1-1-1-2-1-1-2-2-0-4-0-1	1-9-3-1-1-1-1-1-5-1-2-1	2-1-1-1-3-1-1-1-4-1-1-1
905	2	1-1-1-2-1-1-1-1-1-1-1-1	1-1-1-2-1-1-4-1-1-1-1-1	1-3-5-1-4-1-3-1-1-5-1-1	3-0-1-1-3-3-1-1-1-1-2-1	4-1-4-4-4-2-3-3-1-0-1-4	1-4-3-1-1-6-3-1-1-1-0-4	3-1-1-0-3-2-0-3-1-1-8-3	1-2-9-3-3-1-1-9-2-1-0-0	2-0-0-3-5-2-1-3-1-2-3-4	4-5-2-1-3-2-1-1-3-1-0-5	5-2-1-1-0-1-0-0-1-2-1-1	1-2-2-1-5-1-4-0-2-2-2-2
905	3	1-3-1-2-1-1-1-1-1-1-1-1	1-4-3-2-1-1-2-4-1-1-2-4	1-2-2-1-2-1-4-5-1-1-4-4	2-3-3-1-2-2-4-2-4-3-4-1	2-0-2-1-2-4-4-2-4-3-1-2	1-2-5-0-3-2-4-3-3-3-7-3	2-1-1-0-2-3-7-2-3-1-2-2	3-5-4-4-2-1-7-2-2-5-0-1	1-0-4-2-3-2-9-2-1-3-4-4	1-4-3-1-2-5-2-3-4-1-0-2	0-2-1-7-9-2-0-0-0-2-1-1	1-2-2-1-4-1-2-0-0-2-4-4
905	4	4-4-2-2-5-1-4-1-1-1-1-1	1-3-5-2-1-1-2-5-5-1-2-3	3-4-6-1-2-1-5-9-6-5-5-5	2-5-5-1-2-2-5-2-5-3-3-0	2-1-2-5-2-3-5-4-5-1-1-2	1-2-6-1-4-2-5-3-4-4-1-2	1-2-5-0-5-4-5-5-4-1-2-2	1-5-3-3-2-1-3-2-2-4-1-5	1-0-5-2-4-6-1-2-8-7-3-3	2-2-4-5-5-2-5-4-3-1-0-2	1-2-7-3-5-1-5-8-5-2-2-1	1-2-2-5-3-8-2-0-1-8-3-3
905	5	5-5-6-6-4-5-7-8-5-5-6-9	5-3-4-6-5-1-6-4-4-1-6-6	7-6-7-2-5-7-4-7-6-4-4-4	6-6-6-8-2-6-4-5-4-6-4-7	1-5-7-7-7-3-6-6-4-7-8-6	6-6-3-5-4-2-6-6-1-4-3-6	7-4-4-7-6-1-4-6-4-1-2-8	3-4-8-6-2-6-4-7-2-5-6-9	5-0-4-6-2-5-5-6-1-5-2-1	9-2-5-6-4-3-4-3-6-6-6-2	7-2-5-1-4-9-7-5-7-5-6-5	5-2-5-7-6-5-1-5-2-2-2-1
905	6	5-6-5-6-4-6-6-6-5-5-5-5	5-7-7-5-7-1-5-8-7-5-7-5	5-5-5-1-5-7-7-7-5-8-7-6	5-5-5-6-2-5-7-2-7-5-6-5	1-5-5-5-5-6-7-5-4-5-5-5	5-5-4-5-4-2-5-5-6-6-0-5	5-7-6-5-5-6-7-5-6-6-2-5	6-2-1-5-2-5-7-5-2-6-5-4	1-4-7-5-4-7-5-2-1-6-2-3	5-2-6-9-5-2-5-4-5-5-5-2	9-7-3-3-1-6-1-0-5-5-5-6	5-2-5-5-5-1-2-1-1-3-5-8
905	7	7-6-7-9-4-8-8-7-7-7-7-7	8-6-6-8-7-1-8-8-6-6-8-8	5-8-5-9-8-7-8-8-8-8-6-8	8-8-5-7-8-8-6-5-8-6-8-5	8-5-5-8-5-8-8-7-7-5-5-8	8-8-8-7-7-5-8-7-6-7-3-8	5-8-4-5-7-7-6-8-7-7-7-7	3-8-9-8-8-5-9-8-8-5-5-0	9-0-5-7-9-7-5-5-1-4-8-0	9-8-5-5-8-9-7-4-2-5-5-7	5-4-4-3-8-5-5-0-5-7-8-6	5-7-7-5-5-7-8-5-8-7-3-6
905	8	7-9-7-7-7-9-9-9-9-7-7-9	9-6-6-7-9-9-7-7-9-5-7-7	9-7-7-9-7-7-7-7-7-7-8-7	7-8-8-7-7-7-9-7-7-5-7-9	7-5-5-7-8-7-7-7-8-8-5-7	7-7-7-9-8-5-7-7-8-8-4-7	5-7-6-5-8-8-7-7-8-6-2-5	8-7-5-7-7-9-3-7-7-8-5-0	8-8-7-7-8-7-8-8-4-6-7-4	0-7-5-6-7-7-7-9-8-1-8-7	7-8-9-8-8-5-8-5-5-7-7-8	5-7-9-5-5-4-7-5-7-4-7-6
905	9	9-8-7-7-9-8-8-9-8-7-7-8	8-6-9-7-9-9-7-9-9-9-7-7	9-9-9-8-9-9-9-8-9-9-8-9	7-9-9-9-9-9-8-9-8-9-9-8	9-5-9-9-9-9-8-9-9-9-7-9	9-9-9-9-9-9-9-9-9-9-9-9	7-9-9-5-9-9-9-9-9-9-9-9	9-9-7-8-9-9-7-2-2-5-6-5	7-9-9-9-7-9-9-4-9-7-9-1	5-9-9-6-9-7-9-8-8-9-6-9	6-1-8-9-3-5-9-9-9-9-9-9	9-8-8-5-9-9-9-9-9-9-7-9
906	0	0-0-0-0-0-0-0-0-0-0-0-0	0-0-0-0-0-0-0-0-0-0-0-0	0-0-0-0-0-0-0-0-0-0-0-0	0-0-0-0-0-0-0-0-0-0-0-0	0-0-0-0-0-0-0-0-0-0-0-0	0-0-0-0-0-0-0-0-0-0-0-0	0-0-0-0-0-0-0-0-0-0-0-0	0-0-0-0-0-0-0-0-0-0-0-0	0-0-0-0-0-0-0-0-0-0-0-0	0-0-0-0-0-0-0-0-0-0-0-0	0-0-0-0-0-0-0-0-0-0-0-0	0-0-0-0-0-0-0-0-0-0-0-0
906	1	1-1-1-1-1-1-1-1-1-1-1-1	1-0-0-1-0-1-0-1-0-1-2-2	0-2-0-3-2-1-2-1-0-2-0-2	2-0-1-2-2-2-0-1-1-1-1-0	1-0-0-0-0-1-2-2-1-1-0-0	2-0-2-0-0-2-2-2-1-1-3-3	3-1-1-0-2-1-2-2-1-1-0-2	1-1-5-2-3-0-1-6-1-0-0-2	0-0-2-2-3-0-0-2-1-1-1-1	0-3-0-0-2-3-0-3-2-0-0-3	0-3-0-1-0-2-0-0-0-1-1-2	0-1-1-0-5-2-2-0-5-0-1-1
906	2	2-2-2-2-2-2-2-2-2-2-2-3	1-4-2-1-2-3-0-3-3-2-1-3	5-1-0-1-3-1-3-3-3-1-3-3	1-3-2-1-1-1-4-2-3-2-3-0	2-0-3-2-3-1-3-1-3-2-3-1	1-4-3-0-2-1-3-1-2-2-5-2	5-1-2-3-1-1-1-1-2-2-0-1	2-3-6-1-1-3-5-3-2-0-2-1	0-0-1-1-2-3-6-1-2-2-3-2	5-1-2-4-1-1-3-2-1-3-0-1	2-1-3-2-6-1-0-0-3-1-1-1	0-1-1-2-0-1-1-0-0-3-4-1
906	3	5-3-3-3-2-3-3-3-3-4-3-2	3-2-2-1-2-2-4-2-4-2-4-4	4-1-4-1-2-1-2-4-2-2-2-2	4-2-3-1-1-4-3-3-2-2-2-5	2-5-2-3-4-2-4-3-2-3-3-6	1-1-2-3-4-4-2-1-1-2-1-1	1-1-2-2-4-3-2-0-3-1-4-2	4-2-1-2-1-4-1-1-1-3-4-4	4-4-4-1-1-2-6-1-6-3-2-4	4-4-1-2-4-1-2-1-0-2-4-1	4-1-4-2-3-4-4-4-2-2-1-3	4-1-3-4-4-4-1-4-4-4-1-1
906	4	4-4-4-6-2-3-4-4-4-3-4-4	3-2-2-5-4-2-5-5-3-4-5-3	3-5-3-6-5-6-5-5-5-5-6-5	5-3-3-5-5-5-6-5-5-2-5-3	5-3-5-5-3-4-5-5-2-2-5-5	5-2-5-4-3-3-5-4-4-4-0-2	5-4-2-3-5-4-3-6-4-6-5-4	3-5-5-5-5-3-2-5-3-4-5-3	3-3-3-5-5-5-5-5-2-4-5-3	3-5-4-5-3-5-5-1-4-5-3-1	3-5-3-2-0-3-3-3-0-5-4-4	3-2-3-5-3-3-5-3-3-3-2-1
906	5	4-6-4-4-5-6-6-5-6-5-5-6	3-2-2-4-4-5-4-4-6-5-4-4	2-4-4-4-4-5-4-4-4-4-5-4	4-5-5-4-4-4-5-4-4-5-4-3	4-3-4-4-5-5-4-4-5-5-4-4	4-5-4-5-3-6-4-4-5-5-2-5	4-4-2-5-4-5-4-4-5-2-4-4	5-4-1-4-4-5-2-4-6-5-4-5	5-3-5-4-4-4-4-4-2-4-4-4	2-4-5-4-5-4-4-6-5-5-4-1	2-5-5-2-6-6-3-4-6-5-2-5	6-6-5-4-5-5-4-3-4-5-4-1
906	6	6-5-6-4-6-6-5-6-5-3-5-5	3-6-6-4-6-6-4-6-5-6-4-5	6-6-6-4-6-4-4-5-5-6-6-6	6-6-6-6-6-4-5-6-6-6-6-3	4-3-6-6-5-6-5-6-6-6-4-3	6-6-6-4-6-6-6-6-6-6-6-6	5-6-6-6-4-6-6-4-6-4-4-6	6-6-6-6-6-5-6-4-5-4-5-5	3-4-6-6-4-6-6-4-6-4-4-2	4-3-6-6-6-1-6-5-6-6-3-6	3-6-5-5-5-5-3-3-5-5-6-6	6-5-6-2-0-6-6-3-3-6-5-1
907	0	0-0-0-0-0-0-0-0-0-0-0-0	0-0-0-0-0-0-0-0-0-0-0-0	0-0-0-0-0-0-0-0-0-0-0-0	0-0-0-0-0-0-0-0-0-0-0-0	0-0-0-0-0-0-0-0-0-0-0-0	0-0-0-0-0-0-0-0-0-0-0-0	0-0-0-0-0-0-0-0-0-0-0-0	0-0-0-0-0-0-0-0-0-0-0-0	0-0-0-0-0-0-0-0-0-0-0-0	0-0-0-0-0-0-0-0-0-0-0-0	0-0-0-0-0-0-0-0-0-0-0-0	0-0-0-0-0-0-0-0-0-0-0-0
907	1	1-1-1-1-1-1-1-1-1-1-1-1	0-2-1-0-0-2-0-2-0-1-0-2	1-0-0-1-2-0-2-3-0-0-2-2	0-0-0-0-0-0-0-1-2-0-2-1	1-0-1-0-0-1-2-0-1-0-0-0	4-2-0-0-0-0-2-0-2-1-4-0	2-2-1-0-0-1-0-0-1-1-4-0	1-1-0-2-1-0-1-0-0-1-0-0	1-1-1-0-1-0-4-0-0-0-0-0	0-1-0-3-0-0-0-1-0-0-0-1	4-1-0-2-2-0-0-0-4-0-0-3	1-1-0-0-1-1-0-0-0-0-1-1
907	2	2-1-2-1-1-1-2-1-2-2-2-3	2-1-1-3-1-1-3-1-1-3-3-3	3-3-0-3-3-3-3-1-3-4-1-1	3-0-4-4-3-3-3-4-3-1-4-2	6-0-4-4-0-3-3-3-2-0-4-3	3-1-3-2-2-0-3-3-1-1-0-4	1-1-1-0-3-2-3-3-1-4-1-3	1-4-2-3-3-0-2-6-2-0-0-0	0-0-3-4-4-3-0-3-0-2-2-2	0-4-0-1-3-4-3-2-3-0-0-4	4-2-0-1-1-0-0-0-1-2-3-2	0-3-2-2-4-2-4-0-3-3-2-4
907	3	3-3-2-3-4-3-3-3-3-2-3-2	2-4-4-2-3-4-2-4-4-2-2-3	2-2-2-2-2-2-4-1-4-2-4-2	2-3-3-2-2-2-2-3-4-3-3-2	2-0-2-2-3-4-4-2-4-3-2-2	2-3-4-3-3-2-4-2-1-3-7-3	0-1-3-4-2-3-4-2-3-3-2-2	3-2-4-2-2-4-6-2-4-5-0-0	3-0-2-2-3-2-0-4-5-3-2-4	0-2-3-4-2-2-2-3-2-4-3-2	5-4-8-3-8-4-0-4-0-2-2-1	4-2-0-2-5-4-2-0-7-2-4-2
907	4	4-3-5-5-3-4-4-5-4-4-4-5	2-3-3-4-5-3-5-3-4-4-5-5	6-5-6-2-2-5-3-4-3-2-3-4	5-5-5-2-2-2-4-2-3-5-2-4	2-6-6-2-6-3-3-2-7-4-2-4	1-2-3-4-3-4-3-2-1-3-1-3	2-1-3-6-5-0-3-5-1-2-6-1	1-2-6-2-2-5-3-2-3-4-6-6	6-4-6-2-2-4-6-5-3-4-2-3	6-2-4-3-3-2-2-3-6-6-4-2	6-3-4-1-4-6-6-6-6-2-4-4	3-2-4-4-2-6-2-6-6-5-3-2
907	5	6-6-7-6-6-6-6-6-6-6-6-4	6-6-6-4-7-6-4-6-4-6-4-6	5-6-7-6-6-6-6-7-6-6-6-6	6-4-6-7-2-6-6-7-6-7-6-5	7-4-7-6-4-5-6-5-6-6-7-5	6-6-6-6-6-6-6-6-6-5-6-5	6-5-5-5-4-5-6-6-6-5-4-6	5-2-4-5-5-6-5-5-5-7-5-5	5-4-6-2-6-6-5-4-7-5-2-6	4-5-5-5-5-6-6-5-5-4-4-2	3-8-5-7-6-8-4-4-4-5-6-6	6-5-5-8-6-7-6-4-4-4-5-8
907	6	5-5-6-8-5-5-5-5-5-5-5-5	5-5-5-6-5-5-5-5-5-5-7-5	4-7-4-5-7-5-5-5-5-5-5-5	5-4-5-5-7-7-5-6-5-5-7-4	7-4-8-5-4-7-7-7-5-5-5-7	7-5-5-5-5-5-7-5-5-5-3-5	7-7-5-4-4-6-3-5-5-5-7-6	5-7-4-7-7-5-3-8-7-4-7-4	4-4-5-7-8-5-4-7-5-7-7-5	4-7-6-5-7-7-5-3-4-4-4-7	4-5-4-3-5-5-4-4-4-6-5-5	5-6-6-7-5-4-5-4-4-4-7-5
907	7	5-5-5-6-5-5-5-5-5-5-5-8	5-5-5-6-5-5-5-6-5-5-6-5	5-6-5-6-6-5-6-5-5-5-7-5	6-7-7-5-6-6-5-5-5-5-6-4	6-4-6-4-7-6-8-6-7-5-5-6	6-5-6-8-5-5-6-5-5-3-3-7	6-6-5-4-7-7-3-5-7-5-6-7	7-6-2-6-6-5-5-2-6-5-6-4	7-4-7-6-7-5-7-6-5-6-6-5	4-6-7-5-6-6-5-3-8-5-6-6	6-5-7-3-5-5-4-4-6-8-5-7	3-6-8-7-6-5-2-4-6-4-6-5
907	8	8-5-6-6-8-5-5-8-5-5-5-7	5-5-8-6-8-5-6-8-5-8-7-7	8-7-8-6-8-5-7-5-7-8-5-8	7-8-8-8-8-8-7-8-7-8-8-4	6-4-8-8-8-8-7-8-8-8-6-8	5-8-7-7-8-8-8-8-8-8-8-8	6-8-8-4-6-6-8-8-8-8-7-5	8-8-6-7-8-7-2-6-6-5-5-4	7-4-8-7-6-8-8-6-5-5-6-5	4-4-8-8-8-7-8-5-7-8-4-8	4-5-8-5-3-5-4-4-5-7-8-8	5-7-7-5-5-8-8-4-8-8-6-5
908	0	0-0-0-0-0-0-0-0-0-0-0-0	0-0-0-0-0-0-0-0-0-0-0-0	0-0-0-0-0-0-0-0-0-0-0-0	0-0-0-0-0-0-0-0-0-0-0-0	0-0-0-0-0-0-0-0-0-0-0-0	0-0-0-0-0-0-0-0-0-0-0-0	0-0-0-0-0-0-0-0-0-0-0-0	0-0-0-0-0-0-0-0-0-0-0-0	0-0-0-0-0-0-0-0-0-0-0-0	0-0-0-0-0-0-0-0-0-0-0-0	0-0-0-0-0-0-0-0-0-0-0-0	0-0-0-0-0-0-0-0-0-0-0-0
908	1	1-1-1-1-1-1-1-1-1-1-1-1	1-2-1-0-0-2-0-1-2-1-0-2	1-0-0-0-2-0-2-0-0-2-2-2	0-2-2-0-1-0-0-0-2-0-2-1	1-0-0-0-0-2-0-0-2-2-1-0	4-0-0-0-0-0-2-0-2-1-4-2	2-1-1-0-0-1-0-2-1-1-0-4	2-1-0-0-1-0-3-1-0-1-0-0	1-0-0-0-0-0-0-0-0-4-1-0	0-0-0-0-1-0-0-1-0-0-0-1	2-0-3-0-1-0-0-0-2-0-0-1	1-1-0-2-0-1-0-0-0-0-4-3
908	2	3-2-4-2-2-1-2-2-3-2-2-3	3-1-1-3-3-3-3-2-3-3-3-3	2-3-3-3-3-3-3-3-3-3-3-2	3-3-3-3-3-3-3-3-1-1-3-2	3-0-3-3-3-1-3-3-2-1-3-3	3-3-3-2-2-4-3-3-1-2-0-4	3-1-1-0-3-0-3-3-2-4-1-3	1-3-4-3-3-2-1-3-3-3-3-1	1-0-3-3-4-2-1-3-3-3-3-3	3-3-1-1-3-4-3-3-3-3-1-3	1-4-0-2-1-4-1-1-1-3-3-2	1-3-2-3-1-0-3-0-0-0-8-4
908	3	2-3-2-3-2-3-2-3-2-2-2-2	2-4-3-2-2-2-2-2-2-2-2-2	0-2-2-2-2-2-4-2-4-2-4-4	2-3-2-2-2-2-2-2-4-4-4-2	2-0-2-2-2-2-4-2-3-3-2-2	2-2-2-2-3-2-4-2-3-3-3-3	2-1-4-0-2-3-2-2-3-3-0-2	3-4-4-2-2-4-7-2-2-4-2-0	3-0-4-2-3-0-6-2-4-3-2-3	2-2-3-4-2-2-2-4-2-3-8-2	1-2-1-4-8-2-0-3-0-2-2-3	4-2-2-2-5-5-2-0-0-4-6-1
908	4	2-3-2-4-3-3-2-2-4-2-2-3	4-3-3-4-2-3-4-5-5-4-2-5	7-5-2-2-4-2-3-5-3-3-3-5	5-4-4-5-2-2-2-2-3-3-3-5	2-5-2-2-4-3-3-5-3-4-2-4	1-2-3-4-4-2-3-2-3-3-1-2	4-1-3-5-5-0-5-5-2-2-1-1	3-3-2-2-2-5-3-2-2-3-5-7	4-4-3-2-2-0-8-8-3-1-2-6	5-8-4-3-3-2-3-3-5-6-6-2	8-2-1-3-0-2-5-5-0-4-3-2	3-2-4-3-0-0-2-4-6-3-1-2
908	5	6-6-6-6-5-6-8-7-6-6-6-8	6-6-6-4-6-7-6-6-6-6-6-6	5-6-6-8-6-6-6-6-7-6-5-6	6-4-6-6-2-2-7-7-6-7-6-5	7-6-5-7-7-5-6-5-6-7-7-5	5-8-6-7-6-6-6-6-7-5-1-5	7-7-5-5-6-5-6-6-5-7-5-7	6-2-7-6-5-6-6-6-2-7-6-4	5-8-6-2-7-7-6-8-7-6-5-6	6-5-7-6-5-6-6-7-7-6-4-6	4-7-8-5-8-8-4-4-5-8-6-5	7-5-8-5-5-7-7-4-4-5-3-8
908	6	5-5-8-8-5-5-5-5-5-5-5-5	5-5-5-6-5-5-5-5-5-5-5-5	5-5-5-5-7-5-7-5-5-5-5-5	7-7-5-5-7-7-5-8-5-5-7-7	5-5-8-5-5-7-7-7-5-5-5-7	7-7-7-7-5-5-7-7-5-3-3-5	5-5-5-4-5-6-5-5-5-5-7-5	5-7-5-7-7-5-5-5-7-5-7-4	7-0-5-7-5-5-5-7-5-5-7-4	5-7-5-5-7-5-5-5-5-5-7-5	7-5-4-3-5-5-4-7-7-7-5-5	5-7-5-7-7-5-5-4-7-3-3-5
908	7	5-5-5-5-5-5-5-5-5-5-5-8	5-5-5-4-5-5-8-5-5-5-5-8	4-6-6-5-6-5-6-5-5-5-7-6	6-6-5-5-6-6-8-2-5-5-6-6	5-5-2-5-5-6-6-6-5-5-5-6	6-5-6-8-3-5-6-6-5-7-3-7	5-5-5-7-8-7-5-8-5-5-6-5	7-6-5-6-6-5-3-5-6-5-6-4	7-7-7-6-5-5-6-6-5-7-6-5	5-6-5-5-6-5-7-5-8-5-6-2	6-5-7-8-5-5-4-6-6-6-5-7	5-6-8-6-6-5-5-4-6-7-6-5
908	8	8-5-6-6-5-7-5-8-5-5-5-7	5-5-8-4-8-5-7-8-8-8-6-7	8-8-8-5-8-5-8-5-5-8-7-8	6-8-5-8-8-8-7-8-7-8-8-7	5-5-8-8-8-8-7-8-8-8-5-2	5-8-8-7-8-5-8-8-8-8-8-8	7-8-8-8-8-8-8-8-8-8-5-5	8-8-8-7-8-5-8-5-5-5-5-5	7-5-8-7-5-8-8-4-8-5-6-5	7-4-8-8-8-5-8-5-7-8-7-8	4-5-5-8-3-5-4-4-5-5-8-8	5-7-7-5-6-8-8-8-8-8-3-8
909	0	0-0-0-0-0-0-0-0-0-0-0-0	0-0-0-0-0-0-0-0-0-0-0-0	0-0-0-0-0-0-0-0-0-0-0-0	0-0-0-0-0-0-0-0-0-0-0-0	0-0-0-0-0-0-0-0-0-0-0-0	0-0-0-0-0-0-0-0-0-0-0-0	0-0-0-0-0-0-0-0-0-0-0-0	0-0-0-0-0-0-0-0-0-0-0-0	0-0-0-0-0-0-0-0-0-0-0-0	0-0-0-0-0-0-0-0-0-0-0-0	0-0-0-0-0-0-0-0-0-0-0-0	0-0-0-0-0-0-0-0-0-0-0-0
909	1	2-2-2-3-2-1-1-2-2-2-2-2	2-2-1-0-2-2-0-2-2-2-0-2	1-1-2-2-2-2-2-2-3-2-5-2	2-2-2-2-2-2-2-2-1-2-2-2	2-0-1-0-1-1-2-1-2-2-3-1	3-2-3-1-2-2-2-2-2-1-4-2	4-1-1-1-2-1-2-2-2-1-2-1	2-1-2-2-1-2-1-2-1-2-1-1	1-0-4-1-2-0-4-2-2-1-1-1	3-1-2-2-1-1-2-4-2-2-1-0	1-4-6-0-1-2-4-1-4-4-2-1	3-1-1-1-4-2-1-3-4-1-1-7
909	2	1-1-1-1-1-1-1-1-1-1-1-1	1-1-1-2-1-1-5-1-1-1-3-1	1-3-1-1-3-1-3-1-1-1-3-1	3-3-1-4-3-3-1-5-3-1-1-1	3-0-2-3-0-3-3-3-1-1-1-3	1-4-1-1-1-1-3-1-1-1-0-4	3-3-1-0-3-2-1-1-1-1-1-3	1-2-1-3-3-1-7-7-7-1-1-0	0-0-3-3-4-3-1-3-1-2-3-2	1-3-1-1-3-4-1-1-3-1-0-2	0-1-0-0-1-1-0-0-1-1-3-1	1-3-2-1-1-1-4-1-0-0-2-1
909	3	1-4-1-1-4-1-1-1-1-1-1-1	1-4-4-2-1-1-1-4-1-1-2-4	1-2-1-1-2-2-4-2-1-2-4-4	2-4-1-1-2-2-5-2-4-5-4-1	2-0-2-3-0-2-4-2-3-1-1-2	1-3-5-1-3-2-4-2-5-3-6-3	2-2-4-7-2-3-5-2-3-5-2-2	1-2-1-2-2-1-5-4-3-4-1-0	1-0-2-2-3-2-3-2-1-4-2-3	1-2-3-3-4-2-4-3-2-4-3-2	0-1-0-4-0-3-0-0-1-2-2-1	1-2-2-1-1-1-2-1-1-2-1-1
909	4	3-3-1-5-3-1-1-5-1-4-4-1	5-3-3-4-5-1-4-3-6-1-5-5	6-5-5-2-4-5-3-5-5-5-3-3	5-5-5-5-2-5-5-4-3-3-3-4	3-6-4-4-5-3-5-5-6-1-1-0	1-2-3-1-5-1-3-2-1-1-1-2	1-3-3-7-4-5-3-4-1-3-0-3	1-2-1-3-2-1-3-3-3-3-4-5	5-0-1-2-2-1-5-5-1-3-2-3	4-4-3-0-3-2-3-1-5-3-4-2	4-1-0-3-1-5-5-4-5-1-2-2	0-2-4-1-1-1-2-5-7-5-1-1
909	5	5-5-7-7-5-5-5-4-5-7-5-5	4-3-3-6-4-6-7-7-6-1-6-6	5-6-6-7-6-4-6-6-6-6-6-6	6-4-4-4-6-6-3-2-6-3-6-5	6-5-6-6-4-6-6-6-4-5-7-6	6-5-6-5-4-6-6-6-3-5-3-5	5-6-3-5-5-5-3-6-3-3-6-6	1-6-6-6-6-7-3-6-6-5-6-4	4-0-3-6-7-6-4-6-1-3-6-3	6-5-3-0-6-5-6-3-4-4-6-6	0-5-6-3-7-4-4-6-4-6-6-6	1-6-4-5-6-6-6-4-6-6-6-1
909	6	5-7-5-5-5-7-7-7-7-5-5-7	4-3-6-5-6-5-5-5-5-1-5-5	4-5-5-5-5-5-5-5-5-5-6-5	5-6-6-5-5-5-7-5-5-3-5-7	5-5-5-5-6-5-7-5-4-6-5-5	5-6-5-7-6-7-5-5-6-6-3-6	7-5-3-6-7-6-6-5-6-6-5-5	6-5-5-5-5-6-6-5-5-6-5-4	6-6-6-5-6-5-6-5-7-6-5-3	5-5-6-0-5-5-5-4-7-6-6-5	5-6-1-7-6-7-4-6-6-5-5-5	1-5-4-5-6-5-5-4-5-5-5-1
909	7	7-6-5-5-7-6-6-7-6-5-5-6	6-7-7-5-7-7-5-5-7-7-5-5	7-7-7-5-7-7-7-6-7-7-6-7	5-7-7-7-7-7-6-7-7-7-7-6	5-5-7-7-7-7-6-7-7-7-5-7	6-7-7-6-7-6-7-7-7-7-7-6	6-7-7-7-6-7-7-7-7-7-5-5	7-7-7-6-5-5-2-5-2-7-5-4	0-7-7-7-5-7-7-5-7-1-5-5	5-5-7-7-7-5-5-6-6-7-6-7	4-1-7-6-5-6-4-4-4-7-7-7	1-6-4-1-4-7-7-4-7-7-5-1
910	0	0-0-0-0-0-0-0-0-0-0-0-0	0-0-0-0-0-0-0-0-0-0-0-0	0-0-0-0-0-0-0-0-0-0-0-0	0-0-0-0-0-0-0-0-0-0-0-0	0-0-0-0-0-0-0-0-0-0-0-0	0-0-0-0-0-0-0-0-0-0-0-0	0-0-0-0-0-0-0-0-0-0-0-0	0-0-0-0-0-0-0-0-0-0-0-0	0-0-0-0-0-0-0-0-0-0-0-0	0-0-0-0-0-0-0-0-0-0-0-0	0-0-0-0-0-0-0-0-0-0-0-0	0-0-0-0-0-0-0-0-0-0-0-0
910	1	1-1-1-1-1-2-1-1-1-1-1-1	2-1-1-2-0-1-4-1-2-2-2-2	1-0-2-2-2-2-2-1-2-3-2-1	2-0-0-2-2-3-2-2-1-0-2-1	2-0-6-2-0-1-2-2-1-1-2-2	2-2-2-2-0-3-2-2-1-1-0-3	3-3-1-0-2-0-1-2-1-1-4-2	1-3-10-2-2-0-0-2-2-0-0-1	0-0-2-2-10-2-0-2-0-1-2-0	5-4-1-0-2-2-2-1-2-1-0-2	0-2-0-0-0-1-0-0-0-2-2-1	0-2-1-1-0-2-2-0-4-0-4-1
910	2	2-2-1-2-1-1-2-2-1-1-2-1	1-3-2-1-1-2-1-3-1-1-1-1	4-2-1-1-3-1-3-3-1-4-3-2	1-0-2-1-1-1-1-1-3-3-3-1	1-0-8-1-0-3-3-1-2-1-1-1	1-1-1-1-2-1-3-1-2-2-2-1	1-1-2-2-1-4-3-1-2-2-1-1	2-1-4-3-1-4-4-1-1-2-1-4	2-0-1-1-2-1-3-1-3-2-1-3	0-3-2-2-1-2-3-6-3-2-3-1	5-1-0-2-3-3-0-2-0-3-1-3	3-1-1-3-6-1-3-0-2-0-2-1
910	3	3-3-1-3-4-3-4-3-1-1-1-3	1-4-4-1-5-4-1-4-4-1-1-4	2-3-1-1-2-1-4-6-5-4-4-4	1-4-4-4-1-1-6-1-2-2-4-0	1-0-1-1-0-2-4-3-4-1-1-1	1-1-2-1-3-1-4-1-3-3-4-1	4-1-3-4-5-5-2-4-3-2-1-1	3-1-4-2-1-0-5-1-1-6-5-4	2-0-4-1-5-4-2-1-4-8-2-2	0-2-3-4-4-3-2-3-2-2-2-1	2-5-3-3-2-2-0-0-0-2-2-2	8-1-1-2-3-2-2-7-3-3-1-3
910	4	5-3-5-6-3-3-3-6-4-4-4-5	5-3-3-5-3-3-1-3-1-5-5-5	2-5-6-4-5-1-5-5-6-5-3-3	5-5-4-6-5-5-3-7-5-6-3-5	1-0-2-5-1-2-5-5-4-5-5-6	1-5-6-4-3-8-5-1-3-4-3-5	3-5-3-3-5-2-3-5-4-2-1-5	3-5-3-5-1-2-3-6-4-3-3-2	0-0-3-5-4-5-3-1-3-3-1-7	1-7-3-5-5-3-5-4-5-9-3-1	1-5-7-2-5-2-0-2-4-4-5-4	5-5-4-4-0-8-7-0-7-6-1-1
910	5	4-6-4-5-6-5-5-5-5-5-5-4	4-8-6-4-7-6-1-6-6-4-4-4	0-4-4-4-4-7-6-7-3-7-6-6	4-4-4-4-4-4-6-1-4-4-6-4	1-0-1-4-4-6-6-4-6-4-4-4	1-4-4-5-5-4-6-1-5-5-6-4	1-1-6-3-8-5-5-4-5-7-1-4	3-4-0-4-1-0-3-1-2-2-3-5	3-0-6-4-3-4-3-6-3-3-1-4	1-4-3-6-6-7-4-3-4-4-1-1	6-4-6-5-6-2-0-6-6-4-4-5	4-4-4-4-0-4-6-1-6-0-2-3
910	6	6-5-7-7-5-5-6-4-6-6-6-7	6-5-5-4-5-7-7-5-5-7-4-7	6-7-4-8-7-7-7-7-4-7-5-7	7-7-7-4-7-7-5-8-4-4-4-7	1-7-1-4-7-5-7-7-5-6-4-4	7-7-4-6-6-4-5-8-5-3-5-6	7-1-8-7-7-6-5-5-3-5-1-8	6-4-9-7-1-7-3-4-6-3-7-10	6-0-5-7-4-8-6-7-3-6-1-4	10-7-6-5-5-8-7-3-7-7-7-1	7-1-5-5-5-10-7-5-7-7-8-6	6-4-6-8-6-5-6-0-5-6-1-1
910	7	7-8-6-6-7-5-7-7-5-6-6-6	6-9-8-4-5-6-6-8-5-8-6-6	6-6-6-6-8-8-8-6-6-6-8-6	6-6-6-4-6-6-9-4-8-4-8-6	1-6-1-4-6-8-8-6-8-7-4-4	6-6-4-6-7-4-8-7-7-7-7-6	1-1-3-6-6-7-5-8-7-5-0-6	7-4-1-6-1-6-8-4-6-9-6-10	6-0-6-6-7-6-6-6-8-7-3-4	0-4-7-8-5-6-6-8-6-6-6-1	6-4-10-7-9-6-6-7-6-6-6-7	6-4-6-6-0-4-4-3-4-6-6-6
910	8	10-7-10-9-9-9-8-8-8-8-8-9	6-7-7-9-7-6-9-9-9-7-10-9	10-6-9-6-9-9-9-9-9-9-7-9	9-9-6-9-9-9-7-9-9-6-9-8	9-6-9-9-6-9-9-9-7-7-9-9	8-9-9-8-3-4-9-9-7-7-3-9	5-4-6-6-9-6-5-9-8-7-9-6	7-9-9-9-9-6-7-9-9-7-9-0	6-10-6-9-9-6-0-9-3-3-9-4	10-9-6-7-9-6-10-7-6-6-9-9	0-3-6-7-9-6-0-0-9-8-6-8	3-9-6-6-9-4-8-0-9-0-3-3
910	9	8-10-8-8-8-10-10-10-10-8-8-10	10-7-7-8-9-10-8-8-8-7-8-8	10-6-8-6-8-8-8-8-8-8-8-8	8-8-6-8-8-8-10-8-8-6-8-10	8-6-8-8-9-8-10-9-9-7-8-8	10-8-8-8-9-10-8-8-9-9-3-8	10-1-5-9-8-9-2-8-9-7-8-6	9-8-8-8-8-6-3-8-8-9-8-9	9-9-6-8-8-10-6-9-3-3-8-0	9-9-9-9-8-8-8-6-10-4-8-1	7-9-9-9-7-9-9-6-8-10-9-9	7-8-8-6-8-7-8-0-8-0-1-1
910	10	8-9-8-8-10-9-9-10-9-8-8-9	9-10-10-8-10-10-9-10-10-10-8-9	10-10-10-9-10-10-8-9-6-10-9-10	8-10-10-8-10-10-9-10-9-10-10-9	8-6-10-10-10-10-9-10-10-10-8-4	9-10-10-10-10-9-10-10-10-10-10-9	9-10-10-10-9-10-10-9-10-6-0-8	10-8-10-9-10-9-10-8-9-10-9-10	9-9-10-9-1-10-10-9-5-3-8-10	6-10-10-10-10-6-8-7-9-10-8-10	0-10-7-9-9-6-9-10-10-9-10-10	6-9-6-3-9-10-10-10-10-10-1-1
911	0	0-0-0-0-0-0-0-0-0-0-0-0	0-0-0-0-0-0-0-0-0-0-0-0	0-0-0-0-0-0-0-0-0-0-0-0	0-0-0-0-0-0-0-0-0-0-0-0	0-0-0-0-0-0-0-0-0-0-0-0	0-0-0-0-0-0-0-0-0-0-0-0	0-0-0-0-0-0-0-0-0-0-0-0	0-0-0-0-0-0-0-0-0-0-0-0	0-0-0-0-0-0-0-0-0-0-0-0	0-0-0-0-0-0-0-0-0-0-0-0	0-0-0-0-0-0-0-0-0-0-0-0	0-0-0-0-0-0-0-0-0-0-0-0
911	1	1-1-1-1-1-1-1-1-1-1-1-1	0-2-1-0-0-1-0-1-0-1-0-2	1-0-0-1-0-3-2-0-0-2-2-2	0-0-2-0-0-0-1-0-2-3-2-0	0-2-1-0-0-2-2-0-2-1-0-0	2-0-2-0-1-0-2-0-4-1-4-0	2-2-1-0-0-0-0-2-1-1-2-1	1-1-0-2-1-4-1-2-0-1-0-4	4-1-0-0-1-1-4-0-1-0-1-0	0-1-1-3-1-0-0-1-0-0-0-0	4-4-2-0-0-0-0-4-4-0-0-1	2-1-1-0-0-1-0-0-0-0-4-4
911	2	2-2-2-2-1-1-2-1-2-2-2-2	3-1-1-4-0-1-3-5-0-2-3-1	1-2-0-3-3-4-1-4-0-2-1-3	3-3-4-4-3-3-3-4-3-4-1-0	3-1-4-3-0-1-3-3-1-2-2-3	3-4-3-4-2-3-3-3-1-2-0-3	1-1-1-0-3-0-4-1-4-1-1-4	2-2-2-3-3-0-1-3-2-1-2-0	2-0-3-3-4-6-0-3-7-2-2-2	0-3-2-1-0-4-3-2-3-0-0-2	6-2-1-4-0-2-0-1-0-2-3-2	1-3-2-3-0-0-3-0-4-0-3-4
911	3	3-4-3-4-3-3-3-3-3-3-3-4	2-5-4-2-1-4-2-4-4-3-2-4	4-2-0-2-2-5-4-4-4-4-4-2	2-2-2-2-2-2-2-2-2-5-4-0	2-0-2-2-0-3-4-2-3-3-2-2	2-2-5-0-3-2-2-2-3-3-6-2	6-4-1-5-2-3-4-2-3-5-2-2	3-4-2-2-2-4-5-2-4-3-0-0	3-0-2-2-1-2-6-2-5-4-2-3	0-2-3-1-4-2-2-4-2-4-0-2	6-3-7-4-6-4-0-6-0-2-2-3	3-2-0-2-0-6-2-0-2-0-2-2
911	4	3-3-4-3-3-5-4-3-3-4-4-3	5-3-3-2-5-3-5-5-5-5-5-5	6-5-5-5-4-2-3-5-3-3-3-5	5-4-2-2-2-5-3-2-3-5-3-5	2-6-2-6-5-3-5-5-5-4-4-7	6-2-3-2-5-7-3-2-1-3-1-2	5-3-4-6-5-0-2-5-2-3-1-2	1-3-5-3-2-5-1-4-3-4-5-5	5-0-4-2-2-4-1-5-6-3-2-4	5-3-6-0-3-2-0-3-5-5-5-2	5-1-6-3-4-5-5-7-1-2-2-2	4-2-4-4-5-4-2-5-5-6-1-2
911	5	6-5-6-6-5-4-5-6-5-7-4-7	4-3-3-6-4-6-6-4-4-4-4-4	4-4-4-7-6-6-6-4-6-6-3-6	6-4-6-6-6-6-6-6-6-4-6-4	6-4-6-6-4-6-6-6-4-5-5-6	4-2-6-5-4-5-6-6-5-5-3-3	4-6-1-3-7-5-4-4-5-3-6-6	3-6-4-6-6-4-3-6-5-4-6-4	4-7-6-6-7-1-3-4-3-3-6-2	6-6-2-6-6-6-7-5-4-4-6-2	4-5-4-6-4-4-4-4-6-6-2-5	4-6-5-6-6-4-6-4-4-0-6-5
911	6	5-7-5-7-5-7-7-7-7-6-6-7	7-3-3-5-6-7-5-5-7-5-4-7	4-5-4-2-5-5-5-5-5-5-6-5	5-5-6-5-5-5-7-5-5-6-5-7	5-4-5-5-6-5-5-5-6-6-5-5	7-7-5-7-4-4-5-5-6-6-3-6	7-5-1-5-6-6-6-6-6-3-5-5	6-5-2-5-5-3-6-5-6-6-5-4	6-6-6-5-5-2-3-4-4-6-5-2	5-5-4-5-5-5-0-6-7-5-6-5	5-6-4-6-3-6-4-5-5-5-2-7	4-5-7-5-5-3-5-4-4-4-5-5
911	7	7-6-5-6-7-6-6-7-6-5-5-6	6-7-7-5-7-7-5-7-6-7-4-6	7-7-7-5-7-5-7-6-7-7-6-7	6-7-7-7-7-7-6-7-7-7-7-6	5-4-7-7-7-7-6-7-7-7-6-7	6-7-6-6-7-4-7-7-7-7-7-7	6-7-7-7-7-7-7-6-7-7-5-7	7-7-7-7-7-5-5-2-2-5-5-4	5-5-7-6-5-7-7-4-7-7-5-3	5-7-7-7-7-5-7-6-6-7-4-7	6-7-4-7-5-2-4-4-7-5-7-7	4-7-6-1-0-7-7-4-7-7-5-7
912	0	0-0-0-0-0-0-0-0-0-0-0-0	0-0-0-0-0-0-0-0-0-0-0-0	0-0-0-0-0-0-0-0-0-0-0-0	0-0-0-0-0-0-0-0-0-0-0-0	0-0-0-0-0-0-0-0-0-0-0-0	0-0-0-0-0-0-0-0-0-0-0-0	0-0-0-0-0-0-0-0-0-0-0-0	0-0-0-0-0-0-0-0-0-0-0-0	0-0-0-0-0-0-0-0-0-0-0-0	0-0-0-0-0-0-0-0-0-0-0-0	0-0-0-0-0-0-0-0-0-0-0-0	0-0-0-0-0-0-0-0-0-0-0-0
912	1	1-1-1-1-1-1-1-1-1-1-1-1	1-2-1-2-2-2-2-1-2-1-2-2	1-2-2-1-1-2-1-2-2-2-2-1	2-2-2-1-1-0-1-2-2-2-2-1	2-1-1-3-1-1-1-1-2-2-4-1	4-0-2-0-0-2-2-2-2-1-5-0	4-1-1-1-2-1-2-2-1-2-1-2	1-1-2-0-1-3-2-1-1-1-3-1	1-0-2-0-2-2-2-2-3-1-1-3	2-1-1-2-1-1-2-1-2-3-0-1	1-8-4-0-8-1-1-1-2-2-2-1	2-1-1-1-3-4-1-3-1-4-1-1
912	2	2-2-4-2-1-1-1-2-1-1-1-2	3-1-1-3-1-1-3-2-1-1-3-3	2-3-3-3-2-1-3-4-1-1-1-3	3-3-1-2-3-3-3-3-1-1-3-1	5-0-3-5-1-3-3-3-1-1-3-3	2-3-3-2-1-4-3-3-1-1-1-3	3-1-1-1-3-1-1-3-4-1-3-3	1-5-8-3-3-1-1-3-3-1-1-1	1-0-1-3-4-2-1-3-1-3-3-4	1-3-1-1-3-4-3-1-3-1-0-3	1-1-1-1-1-1-1-1-1-3-3-1	1-3-6-1-1-1-3-1-7-2-8-4
912	3	2-6-2-2-4-1-2-1-1-2-2-2	2-4-4-2-1-1-2-5-2-2-2-2	1-2-2-2-1-1-4-2-2-5-4-2	2-2-4-2-2-2-2-2-4-1-4-1	2-0-2-1-4-4-4-2-3-3-2-2	1-2-4-2-3-2-4-2-3-3-6-2	2-1-3-0-2-1-6-2-3-3-2-2	3-2-1-2-2-1-4-2-2-1-1-1	1-0-4-2-3-0-5-2-1-3-2-7	1-2-3-3-2-2-2-3-2-1-2-2	0-5-8-4-1-4-0-3-0-2-2-3	1-2-2-1-1-7-2-1-1-1-6-3
912	4	2-3-2-4-3-3-4-3-2-2-2-5	2-3-3-5-1-1-2-3-5-6-2-6	7-5-6-2-4-1-3-5-6-3-3-4	5-6-5-5-2-2-8-4-3-1-3-8	1-5-2-4-5-3-5-5-3-4-1-2	5-5-3-1-6-8-3-3-3-1-3-2	1-2-3-5-5-1-3-5-2-3-5-1	1-2-5-3-2-5-3-2-3-6-4-5	6-4-5-2-2-4-3-6-1-4-2-5	5-6-4-7-2-2-3-3-5-5-6-2	5-1-1-3-1-3-5-5-6-1-3-1	1-2-5-4-6-1-3-5-5-7-1-2
912	5	2-5-2-8-6-5-5-4-2-2-5-4	2-6-6-4-1-1-2-6-4-7-2-4	4-5-4-2-6-4-6-4-7-3-6-4	4-4-4-4-2-2-7-2-6-6-6-0	2-4-2-2-4-6-4-4-6-7-2-2	4-4-3-2-4-2-6-2-5-5-3-6	6-7-5-4-4-5-4-4-5-5-4-5	3-2-4-3-2-4-6-2-2-7-4-4	1-5-4-6-4-1-3-4-1-4-2-4	4-5-5-6-5-2-2-8-4-4-4-2	4-3-8-5-1-4-4-4-4-2-6-5	7-2-4-5-4-1-2-4-4-1-5-5
912	6	8-3-8-7-7-7-6-6-6-6-6-7	4-5-5-7-4-1-7-7-7-4-8-7	8-7-7-7-7-7-7-4-7-7-5-6	7-4-5-7-7-7-5-7-7-5-7-6	7-4-8-7-4-7-7-7-5-6-7-7	6-7-7-6-4-4-5-7-5-6-3-7	5-5-5-5-7-7-3-4-6-5-7-5	5-7-4-7-7-1-5-7-7-4-7-4	4-6-4-7-7-6-3-4-1-7-7-4	4-7-1-5-7-6-7-3-4-7-7-7	4-3-3-0-7-4-4-4-4-1-5-6	1-6-6-7-4-1-7-4-7-1-3-1
912	7	6-8-6-6-6-8-8-8-8-6-6-8	8-5-5-6-7-1-6-6-8-5-6-6	4-6-6-6-6-6-6-6-6-6-6-6	6-6-7-6-6-6-8-6-6-5-6-8	6-4-2-6-4-6-8-6-7-7-6-6	6-6-6-6-7-8-6-6-7-7-3-6	8-5-7-7-8-7-7-8-7-7-6-5	7-6-6-6-6-7-5-6-6-4-6-4	7-7-7-7-6-8-6-6-1-6-6-3	4-7-7-4-6-5-6-3-8-6-6-2	4-7-7-4-6-7-4-4-6-7-7-7	5-8-7-6-6-3-6-4-2-4-7-3
912	8	8-7-6-6-8-7-7-8-7-6-6-7	7-8-8-6-8-8-7-8-8-8-6-7	8-8-8-7-8-8-6-7-8-8-7-8	6-8-8-8-8-6-7-8-7-8-8-7	6-4-8-8-8-8-7-8-8-8-2-6	8-8-8-7-8-4-8-8-8-8-8-7	7-8-8-8-7-8-8-7-8-8-5-8	8-8-8-8-8-8-8-6-7-5-7-4	7-7-8-7-6-8-8-4-8-6-6-8	6-8-8-8-8-2-6-3-7-8-4-8	4-1-5-8-1-7-7-4-1-1-8-8	8-7-4-1-0-8-8-4-8-8-2-8
913	0	0-0-0-0-0-0-0-0-0-0-0-0	0-0-0-0-0-0-0-0-0-0-0-0	0-0-0-0-0-0-0-0-0-0-0-0	0-0-0-0-0-0-0-0-0-0-0-0	0-0-0-0-0-0-0-0-0-0-0-0	0-0-0-0-0-0-0-0-0-0-0-0	0-0-0-0-0-0-0-0-0-0-0-0	0-0-0-0-0-0-0-0-0-0-0-0	0-0-0-0-0-0-0-0-0-0-0-0	0-0-0-0-0-0-0-0-0-0-0-0	0-0-0-0-0-0-0-0-0-0-0-0	0-0-0-0-0-0-0-0-0-0-0-0
913	1	1-1-2-2-1-1-1-2-1-1-1-1	1-2-1-1-2-2-2-2-2-2-2-2	1-2-4-3-2-2-2-2-2-2-3-2	2-1-2-2-1-0-2-2-1-2-1-1	2-1-1-2-4-1-2-1-1-1-3-1	4-2-2-0-0-2-1-1-2-1-4-2	4-2-1-1-2-1-2-2-1-1-4-4	1-1-1-1-1-2-1-1-1-1-2-3	1-0-0-0-2-4-1-3-2-1-1-4	1-1-2-2-1-2-1-2-4-2-0-1	4-7-4-1-3-2-1-1-1-1-2-1	2-2-1-1-1-1-1-1-0-1-4-1
913	2	1-1-1-1-1-1-1-1-1-1-1-1	3-1-1-3-1-1-1-1-1-1-1-1	1-3-1-4-1-1-3-1-1-1-1-1	3-0-1-1-3-3-1-4-3-1-3-1	1-1-1-1-0-3-3-3-1-1-1-3	1-1-3-2-2-1-3-2-1-1-0-4	4-4-1-0-3-2-1-3-1-2-0-3	1-2-4-3-4-1-2-4-2-1-1-0	0-0-3-4-4-3-1-4-1-2-4-1	4-4-1-1-3-4-3-1-3-1-0-2	0-4-0-1-1-1-0-0-4-4-1-2	1-4-1-4-4-1-4-0-0-1-2-4
913	3	1-4-1-1-1-3-1-1-1-1-1-1	2-4-3-2-1-1-2-1-1-1-4-1	1-2-1-1-2-1-4-5-1-2-4-2	2-3-4-1-2-2-1-2-4-5-2-1	3-0-5-3-3-2-4-2-3-3-1-2	1-4-2-2-3-1-4-2-3-3-6-3	6-1-4-0-2-3-4-2-1-1-0-2	1-2-0-2-2-1-5-4-3-5-5-1	0-0-2-2-3-2-0-1-1-2-2-3	1-0-1-4-2-2-2-1-2-4-0-2	0-3-7-5-1-1-0-1-0-2-1-3	1-2-1-4-1-1-2-0-0-5-5-2
913	4	5-3-1-4-4-1-4-1-1-7-1-7	5-3-3-2-1-1-6-6-5-1-5-5	6-5-6-2-4-5-3-6-5-5-3-5	5-5-5-5-2-5-5-2-3-3-2-5	2-7-3-5-5-3-5-5-4-4-1-7	1-1-3-4-5-5-3-2-1-1-1-2	1-2-3-5-5-5-3-3-1-2-5-1	1-3-5-2-2-5-3-2-5-4-4-5	5-7-5-2-2-5-5-5-1-4-2-5	5-5-1-3-5-2-1-1-5-5-4-2	5-2-1-3-7-5-5-5-5-2-2-4	1-2-4-5-5-5-2-5-5-6-1-2
913	5	6-5-5-5-4-6-1-5-5-5-5-5	4-3-3-6-1-1-4-4-4-1-4-4	4-4-4-6-6-4-6-4-6-6-1-4	6-4-4-4-6-6-4-6-6-3-6-4	6-4-7-4-4-6-6-6-4-5-6-6	6-1-6-5-4-4-6-6-3-5-3-7	5-6-3-4-4-5-3-6-1-5-6-6	1-6-4-6-6-4-3-2-6-3-6-4	4-0-4-6-7-4-4-4-1-4-6-4	4-6-1-1-6-1-6-1-4-4-4-6	4-4-4-3-4-4-4-4-4-6-1-5	1-6-5-6-4-4-6-4-4-4-6-2
913	6	5-7-5-5-5-7-7-7-7-5-5-7	7-3-3-5-6-1-4-4-4-1-5-7	4-4-4-5-5-4-5-4-5-5-6-4	5-4-6-5-5-5-7-5-5-4-5-7	5-4-5-4-6-5-5-5-6-6-5-5	5-7-5-7-6-4-5-5-6-6-3-6	7-5-3-0-4-6-6-5-6-3-5-5	6-5-4-5-5-4-3-5-5-3-5-4	4-6-6-5-2-2-6-5-1-4-5-4	5-5-1-6-5-2-5-1-7-1-5-5	5-6-4-6-3-6-4-4-5-5-1-6	3-5-7-6-6-4-5-4-5-4-5-2
913	7	7-6-5-5-7-6-6-7-6-4-5-6	6-7-7-5-7-7-4-7-7-7-5-6	7-7-7-7-7-7-7-6-7-7-6-7	6-7-7-7-7-7-6-7-7-7-7-6	5-4-5-7-7-7-6-7-7-7-1-4	7-7-7-6-7-4-7-7-7-7-7-6	6-7-7-7-7-7-7-7-7-7-7-7	7-7-7-7-7-7-2-2-5-4-3-4	4-6-7-7-5-7-7-4-7-1-5-0	4-0-7-7-7-7-7-6-6-7-4-7	4-1-1-3-4-1-4-4-4-7-7-7	7-6-6-1-4-7-7-7-4-7-5-2
914	0	0-0-0-0-0-0-0-0-0-0-0-0	0-0-0-0-0-0-0-0-0-0-0-0	0-0-0-0-0-0-0-0-0-0-0-0	0-0-0-0-0-0-0-0-0-0-0-0	0-0-0-0-0-0-0-0-0-0-0-0	0-0-0-0-0-0-0-0-0-0-0-0	0-0-0-0-0-0-0-0-0-0-0-0	0-0-0-0-0-0-0-0-0-0-0-0	0-0-0-0-0-0-0-0-0-0-0-0	0-0-0-0-0-0-0-0-0-0-0-0	0-0-0-0-0-0-0-0-0-0-0-0	0-0-0-0-0-0-0-0-0-0-0-0
914	1	1-1-1-1-1-1-1-1-1-1-1-1	1-2-1-2-2-2-2-1-2-1-2-2	1-2-2-1-2-2-1-2-2-2-1-1	2-1-2-1-1-0-1-2-1-2-1-1	2-1-1-5-1-1-1-1-1-2-4-1	1-1-2-1-2-2-2-2-2-1-1-2	1-1-1-1-2-1-2-1-1-1-1-2	1-1-2-1-1-3-1-1-1-2-0-1	1-1-2-1-2-5-1-2-3-2-1-2	2-1-2-2-2-1-2-1-2-2-0-1	1-2-5-1-5-2-1-1-2-2-2-1	2-1-1-1-1-1-1-3-4-1-3-1
914	2	5-2-3-2-1-1-1-2-1-5-1-2	3-1-1-3-1-1-4-2-1-1-3-1	2-3-4-4-3-1-3-1-1-3-1-2	3-3-1-2-3-3-1-4-1-1-3-1	4-1-3-3-4-3-3-3-1-1-1-3	3-4-3-4-1-5-3-4-1-2-1-4	3-5-1-3-3-1-3-3-1-1-3-3	1-4-9-3-3-1-1-4-4-1-3-2	1-0-3-3-5-2-1-3-1-4-3-1	1-3-1-1-3-5-3-1-3-1-3-4	1-5-1-1-1-1-1-1-1-3-1-3	1-3-3-1-1-1-3-1-2-1-4-1
914	3	2-3-2-3-3-1-1-3-2-2-2-1	2-3-3-2-1-1-2-4-1-2-2-4	1-2-2-2-2-1-4-2-2-2-4-5	2-2-1-2-2-2-2-2-4-1-2-1	2-0-2-2-3-4-4-2-3-3-1-2	2-2-4-2-3-2-4-2-3-3-4-2	2-2-1-2-2-3-2-2-3-4-2-2	3-3-4-4-2-1-3-2-2-1-2-1	3-0-2-2-3-1-0-2-1-3-2-4	2-2-1-1-2-2-2-3-4-0-2-2	3-2-4-4-4-3-0-3-0-2-1-2	1-2-2-4-4-1-4-1-7-4-1-1
914	4	4-4-2-2-3-1-4-1-2-2-2-2	2-4-4-2-5-1-2-3-1-2-2-3	6-4-2-2-2-2-5-5-2-6-5-3	2-5-5-5-2-2-5-2-5-5-5-0	2-0-2-5-2-3-5-4-4-1-1-2	2-2-3-2-4-2-3-2-4-4-8-2	5-2-5-5-2-3-4-5-4-3-2-2	3-2-3-3-2-1-4-2-2-5-2-1	4-0-5-3-4-1-4-2-5-2-2-3	2-2-4-1-5-2-2-3-3-0-4-2	8-1-3-3-3-3-0-6-0-2-1-4	4-2-2-3-3-1-3-1-1-3-2-4
914	5	2-2-5-9-4-6-2-6-5-2-2-9	6-4-4-2-4-1-2-4-2-6-6-6	0-6-7-7-2-6-4-4-6-3-4-3	5-5-6-5-2-6-4-6-4-6-4-5	2-7-5-4-5-3-4-5-5-5-1-2	6-6-3-5-5-2-4-2-4-4-4-5	4-2-4-5-6-5-4-4-4-9-0-1	3-2-0-6-2-1-4-2-5-7-5-6	5-9-4-6-2-1-5-6-5-5-2-4	6-4-5-5-4-2-3-3-6-6-8-2	0-2-1-3-1-9-6-8-8-1-1-5	0-3-5-5-5-1-1-9-0-1-2-4
914	6	7-9-8-8-7-7-7-8-7-7-7-9	7-7-6-7-7-8-7-6-7-7-5-7	6-6-7-7-7-7-5-7-7-7-7-6	7-6-7-6-6-5-7-5-6-7-6-7	8-5-6-8-6-6-6-6-6-6-8-6	6-5-7-7-5-7-6-7-7-6-4-6	9-7-6-6-6-6-7-7-6-6-1-6	6-6-7-5-2-7-6-7-5-5-5-6	6-6-7-5-7-6-6-6-8-6-7-9	6-1-9-6-6-6-6-6-5-5-5-7	6-7-7-6-9-6-6-6-9-6-7-7	7-7-6-7-6-6-6-6-6-4-8-9
914	7	8-7-9-9-6-6-6-7-6-6-6-7	6-6-6-8-6-6-8-8-6-6-8-6	7-8-8-9-8-6-8-6-8-6-8-8	8-6-6-8-8-8-6-8-6-6-8-8	8-5-8-8-5-6-8-8-6-6-8-8	7-8-8-6-7-9-8-6-6-7-4-8	2-6-6-5-9-7-6-8-6-6-8-7	6-8-9-8-8-6-9-8-8-5-8-6	9-6-6-8-9-7-6-6-6-7-8-9	9-8-5-6-8-9-8-8-7-5-8-8	8-6-6-6-8-6-6-5-5-8-6-8	6-8-7-8-8-6-8-3-8-7-9-6
914	8	7-6-6-7-6-9-6-6-6-6-7-7	6-6-7-7-6-6-7-7-7-7-7-7	9-7-7-7-7-7-7-6-7-7-7-7	7-8-6-7-7-7-9-7-7-6-7-7	7-5-7-7-8-7-7-7-8-8-7-7	7-7-7-8-8-9-7-7-8-8-4-7	2-6-6-5-9-8-8-7-8-6-7-7	8-7-7-7-7-6-4-7-7-6-7-8	8-8-8-7-7-7-5-8-6-6-7-7	8-7-5-8-7-2-7-7-8-8-7-7	4-8-1-8-8-7-9-5-5-7-7-8	6-7-9-8-7-8-7-6-7-8-7-6
914	9	9-6-7-7-6-8-6-9-7-7-7-8	6-9-9-7-9-6-8-7-7-9-7-8	9-8-7-7-9-7-7-6-7-9-8-9	7-9-6-7-9-9-8-9-6-9-9-8	7-7-9-9-9-9-8-9-9-9-7-9	6-9-9-8-9-8-9-9-9-9-9-8	8-9-9-9-7-9-9-8-9-9-8-6	9-7-7-8-9-9-7-2-2-8-6-6	7-9-9-9-7-7-9-4-6-6-7-7	7-9-6-9-9-7-7-6-8-9-8-9	9-6-4-8-6-5-8-6-6-9-9-9	6-8-5-6-6-9-9-6-9-9-7-6
915	0	0-0-0-0-0-0-0-0-0-0-0-0	0-0-0-0-0-0-0-0-0-0-0-0	0-0-0-0-0-0-0-0-0-0-0-0	0-0-0-0-0-0-0-0-0-0-0-0	0-0-0-0-0-0-0-0-0-0-0-0	0-0-0-0-0-0-0-0-0-0-0-0	0-0-0-0-0-0-0-0-0-0-0-0	0-0-0-0-0-0-0-0-0-0-0-0	0-0-0-0-0-0-0-0-0-0-0-0	0-0-0-0-0-0-0-0-0-0-0-0	0-0-0-0-0-0-0-0-0-0-0-0	0-0-0-0-0-0-0-0-0-0-0-0
915	1	1-1-1-1-1-1-1-1-1-1-1-1	0-2-2-0-0-1-0-1-0-1-0-0	1-0-0-1-0-0-2-2-0-0-2-0	0-0-2-0-0-0-0-0-2-2-0-0	0-0-0-0-0-2-2-0-1-0-0-0	0-0-0-0-0-0-2-0-2-1-1-0	0-1-1-0-0-0-0-4-0-1-0-0	1-0-0-0-0-0-2-0-0-1-0-0	1-0-0-0-0-0-2-2-2-1-0-1	4-0-1-2-0-0-0-3-0-0-0-1	2-1-0-0-1-0-0-1-2-1-1-2	2-1-1-1-5-1-0-0-5-1-4-1
915	2	2-1-2-2-1-1-2-1-2-2-2-3	0-1-1-2-2-2-3-3-1-1-3-3	3-4-0-5-3-3-3-3-0-5-3-3	4-0-1-2-4-3-3-2-1-1-3-0	3-0-3-3-0-1-3-3-1-0-4-4	3-3-3-0-2-3-3-3-1-1-1-4	2-3-1-0-3-0-3-3-2-2-2-3	0-2-2-3-3-4-1-5-2-1-1-0	2-0-3-3-5-3-1-3-1-2-2-2	2-2-0-1-2-2-3-2-3-0-2-2	1-2-2-3-1-3-2-2-1-3-3-1	1-3-2-2-2-2-4-0-2-2-2-2
915	3	3-3-2-3-3-3-3-3-3-3-3-2	0-3-3-2-4-4-2-4-4-3-2-4	2-3-0-2-2-2-4-2-4-2-4-2	2-3-4-2-2-2-4-2-4-3-4-3	2-3-2-2-0-4-4-2-3-3-0-2	2-2-2-0-3-2-2-2-3-3-8-3	5-2-3-3-2-3-9-2-3-5-0-2	3-5-4-4-2-2-7-2-2-3-2-0	3-0-4-2-3-2-9-2-4-3-3-3	4-2-1-3-4-4-2-1-4-5-4-3	4-2-9-2-0-2-2-5-4-2-2-1	0-2-2-4-7-4-2-0-4-5-2-5
915	4	4-4-4-3-4-4-4-4-4-4-4-4	5-5-5-2-3-4-2-3-3-3-2-5	2-2-2-3-2-2-5-5-3-2-5-5	2-5-5-2-2-2-3-2-5-6-3-0	2-6-6-5-4-3-5-4-5-6-2-2	2-2-3-6-4-2-5-2-4-4-7-2	4-2-5-0-2-4-4-5-4-4-6-2	4-2-3-3-2-2-8-2-2-4-0-4	1-0-5-2-4-2-4-5-9-4-5-4	3-2-6-5-3-3-3-4-3-4-3-2	3-3-6-6-5-0-3-7-3-3-3-4	4-2-2-3-3-3-2-0-9-7-7-2
915	5	6-4-2-5-4-4-5-8-5-5-5-6	5-4-4-2-5-4-6-4-6-5-6-4	5-6-7-2-2-6-4-4-6-2-4-4	5-7-4-2-2-6-6-2-4-5-4-5	2-5-9-4-7-3-4-5-4-5-5-2	6-6-3-4-4-7-4-2-4-4-4-2	9-4-4-8-6-0-4-4-4-3-4-2	4-3-7-6-2-7-6-2-6-5-6-9	5-8-4-2-2-3-5-4-6-5-4-3	6-2-4-4-4-3-5-4-6-6-6-2	5-2-7-4-9-9-5-3-7-5-3-5	5-2-5-6-7-5-2-5-1-8-3-2
915	6	6-6-8-8-7-7-6-8-7-6-7-5	5-9-6-5-7-7-5-6-7-7-7-7	7-5-7-7-7-7-5-7-7-7-7-6	5-5-5-6-2-5-7-7-7-7-7-7	7-7-6-4-5-7-7-6-7-6-5-9	7-5-7-7-5-2-7-2-4-6-4-6	9-6-6-5-5-6-7-7-4-8-4-9	4-2-5-5-6-5-5-7-5-6-9-6	6-9-7-6-4-6-5-5-8-5-6-6	5-7-8-7-6-9-6-8-5-5-5-7	6-7-4-4-9-6-6-7-6-5-7-6	5-2-6-5-6-6-6-6-6-5-4-6
915	7	8-7-8-9-8-6-9-7-9-9-8-8	6-6-6-8-6-8-8-7-8-8-8-8	7-8-8-9-8-6-8-6-6-6-8-8	8-5-6-8-8-8-8-8-6-6-8-6	8-9-8-8-5-6-8-8-6-7-8-8	7-8-8-7-7-5-8-8-4-7-4-8	8-6-6-5-9-7-6-8-4-6-8-7	4-8-5-8-8-5-9-8-8-5-8-7	9-6-6-8-8-7-5-8-6-6-8-9	9-8-6-6-8-6-8-4-5-5-8-8	8-6-6-6-8-8-6-4-5-8-6-8	6-8-6-5-5-6-8-5-8-7-4-6
915	8	7-9-7-7-7-9-7-7-7-7-7-9	9-6-7-7-9-7-7-7-7-7-7-7	9-7-7-7-7-7-7-6-7-7-7-7	7-8-8-7-7-7-9-7-7-6-7-9	7-7-7-7-8-7-9-7-8-8-7-7	7-7-7-8-8-9-7-7-8-8-1-7	9-8-6-5-9-8-8-7-8-6-7-7	8-7-6-7-7-8-4-7-7-8-7-8	8-8-8-7-8-7-5-8-6-8-7-7	9-8-8-8-7-3-7-6-8-8-8-7	3-8-7-9-7-7-8-8-5-7-7-8	6-7-8-8-8-6-7-5-7-5-8-6
915	9	9-8-7-7-9-8-7-9-7-7-7-8	6-6-9-7-9-7-8-9-7-9-7-8	9-9-7-7-9-7-7-6-7-9-8-9	7-9-9-7-9-9-8-9-6-9-9-8	7-7-9-9-9-9-8-9-9-9-7-7	8-9-9-8-9-8-9-9-9-9-9-8	8-9-9-5-8-9-9-8-9-9-8-7	9-7-2-8-9-9-7-2-2-8-6-9	7-9-9-9-2-9-9-8-4-7-7-7	7-8-6-9-9-6-7-4-3-9-3-9	3-6-6-8-6-5-8-6-9-8-9-9	9-8-5-6-8-9-9-5-9-9-7-9
916	0	0-0-0-0-0-0-0-0-0-0-0-0	0-0-0-0-0-0-0-0-0-0-0-0	0-0-0-0-0-0-0-0-0-0-0-0	0-0-0-0-0-0-0-0-0-0-0-0	0-0-0-0-0-0-0-0-0-0-0-0	0-0-0-0-0-0-0-0-0-0-0-0	0-0-0-0-0-0-0-0-0-0-0-0	0-0-0-0-0-0-0-0-0-0-0-0	0-0-0-0-0-0-0-0-0-0-0-0	0-0-0-0-0-0-0-0-0-0-0-0	0-0-0-0-0-0-0-0-0-0-0-0	0-0-0-0-0-0-0-0-0-0-0-0
916	1	1-1-1-1-1-1-1-1-1-1-1-1	1-0-0-1-0-1-1-1-0-1-2-1	3-1-2-2-1-2-2-2-0-0-3-0	2-2-2-1-1-1-2-1-0-2-2-4	0-3-4-0-2-0-2-1-2-1-1-1	1-3-0-1-1-1-0-0-0-0-0-2	0-0-0-1-0-0-0-0-0-1-1-0	1-0-0-0-0-2-0-0-0-2-2-0	2-2-2-0-0-0-2-2-0-1-1-0	0-2-1-2-1-0-0-0-1-2-0-0	0-1-1-0-1-1-2-0-0-1-1-1	1-1-1-1-0-1-0-2-1-1-1-1
916	2	2-2-2-5-2-2-2-2-2-2-3-3	3-3-0-3-0-1-3-4-3-2-3-3	1-3-1-4-3-1-1-1-0-3-1-3	3-1-3-3-4-3-1-3-2-1-2-3	2-0-8-3-3-3-3-3-1-2-3-3	2-8-3-2-2-4-3-3-0-2-0-4	3-7-0-1-3-4-2-3-0-2-2-3	2-4-7-3-3-1-0-7-4-1-1-0	1-1-1-3-4-6-1-1-0-2-3-3	3-1-1-1-3-2-3-0-3-1-0-2	3-0-7-0-0-2-1-0-0-3-3-1	0-3-4-1-2-2-3-1-2-2-2-2
916	3	3-4-3-3-4-3-3-3-3-3-2-2	2-4-4-2-0-3-2-4-3-3-2-4	1-2-1-2-2-2-4-3-4-2-4-2	2-1-2-2-2-2-4-2-4-3-4-2	2-1-2-2-2-2-4-2-4-4-2-2	2-4-4-2-3-2-4-2-3-3-6-2	2-2-3-0-2-1-6-2-3-3-2-4	3-2-2-2-2-1-4-0-2-4-1-3	3-1-4-2-3-2-7-4-0-3-2-4	2-3-3-0-2-3-4-7-2-4-4-4	2-3-2-6-4-2-1-3-4-2-4-3	3-2-2-4-2-3-2-1-1-3-4-3
916	4	4-3-2-5-3-4-4-5-4-4-4-3	2-3-3-2-5-3-4-3-5-3-5-3	5-5-5-2-4-5-3-5-5-4-3-4	5-4-5-5-2-2-3-2-3-3-3-1	2-5-1-6-6-3-3-4-3-4-4-5	5-3-3-4-3-2-3-3-3-3-0-2	2-2-3-1-5-2-3-5-0-3-8-3	0-2-2-2-2-5-3-3-2-3-5-4	4-4-3-2-2-4-4-3-7-4-2-4	5-8-4-5-3-4-3-3-5-7-6-3	6-3-5-3-3-4-6-6-6-2-3-4	4-2-2-3-6-2-2-4-6-5-3-2
916	5	5-6-6-6-6-7-8-7-6-6-6-8	6-5-6-2-7-6-6-6-6-6-6-6	5-6-6-7-6-6-4-7-6-6-5-6	6-5-6-7-5-5-6-7-7-7-5-5	7-7-6-7-6-5-6-5-6-5-7-8	6-6-6-5-6-6-6-7-6-5-0-6	6-6-5-5-6-5-6-4-5-7-8-6	5-2-6-5-2-6-5-6-5-6-6-5	5-4-6-5-7-7-5-6-6-5-5-5	5-5-6-6-6-6-6-5-5-4-8-6	8-7-4-5-8-7-4-6-4-5-6-6	6-6-5-8-6-5-6-7-5-6-5-8
916	6	5-5-5-7-5-5-5-5-5-5-5-5	5-5-5-6-5-5-5-7-5-5-7-5	7-7-5-5-7-5-7-5-5-5-3-5	7-7-5-5-7-7-5-5-5-5-7-7	5-5-5-6-5-6-7-7-5-5-5-7	5-6-5-7-5-5-5-6-5-6-3-7	5-5-5-6-5-6-3-7-5-5-7-5	5-6-5-7-6-5-8-5-6-5-7-4	8-5-5-6-5-5-3-5-5-6-7-5	5-7-5-5-5-5-7-5-5-4-7-5	4-5-5-3-5-5-4-4-7-6-5-5	5-5-4-7-7-5-5-4-7-5-7-5
916	7	5-8-5-6-5-5-5-5-5-5-5-6	5-5-5-6-5-5-6-6-5-5-6-5	6-6-6-5-6-7-6-5-5-5-7-5	6-7-7-5-6-6-5-5-5-5-6-6	5-5-5-5-7-7-6-6-7-7-5-6	8-6-7-6-5-5-7-5-7-7-3-6	5-5-5-6-8-7-3-6-7-5-6-6	7-6-2-6-6-5-5-2-8-5-6-4	7-8-7-6-5-5-3-6-5-5-6-4	5-6-7-5-6-5-6-3-8-4-6-2	6-5-2-5-3-5-7-6-6-7-5-7	5-7-5-6-6-7-5-5-6-5-6-2
916	8	8-7-5-6-8-7-5-8-5-5-5-5	5-8-8-6-8-5-7-8-8-8-7-5	8-8-8-5-8-5-5-5-5-8-5-8	7-8-5-8-8-8-5-8-5-8-8-5	5-4-8-8-8-8-7-8-8-8-5-5	7-8-8-6-8-5-8-8-8-8-8-8	7-8-8-6-5-8-8-8-8-8-4-5	8-8-2-7-8-5-6-5-7-5-5-5	6-7-5-8-5-8-8-7-8-5-6-6	7-4-8-8-8-5-6-7-7-8-5-8	5-5-3-3-5-5-5-4-5-7-8-7	5-7-4-5-3-8-8-5-8-8-5-5
917	0	0-0-0-0-0-0-0-0-0-0-0-0	0-0-0-0-0-0-0-0-0-0-0-0	0-0-0-0-0-0-0-0-0-0-0-0	0-0-0-0-0-0-0-0-0-0-0-0	0-0-0-0-0-0-0-0-0-0-0-0	0-0-0-0-0-0-0-0-0-0-0-0	0-0-0-0-0-0-0-0-0-0-0-0	0-0-0-0-0-0-0-0-0-0-0-0	0-0-0-0-0-0-0-0-0-0-0-0	0-0-0-0-0-0-0-0-0-0-0-0	0-0-0-0-0-0-0-0-0-0-0-0	0-0-0-0-0-0-0-0-0-0-0-0
917	1	1-1-1-1-1-1-1-1-1-1-1-1	1-1-0-1-0-1-1-1-2-1-2-2	1-2-2-0-3-1-1-2-0-0-1-1	2-5-2-1-2-2-0-2-0-2-0-2	0-2-1-0-2-0-2-1-0-2-1-1	1-4-0-1-0-2-0-0-0-0-0-2	3-0-0-1-0-0-0-2-0-1-3-0	2-0-0-0-0-2-0-0-0-2-1-0	0-3-1-0-5-3-0-3-0-1-1-0	0-1-6-2-0-2-0-3-2-2-3-1	0-0-1-3-1-2-3-0-3-3-2-1	7-0-1-3-3-2-0-2-1-1-1-1
917	2	2-2-1-2-3-1-1-3-3-3-3-3	3-1-0-3-4-1-3-2-3-3-3-3	2-3-3-3-2-3-3-3-3-3-1-2	3-3-1-3-6-3-3-3-3-1-3-5	3-1-3-3-1-2-3-3-2-1-3-3	5-3-3-5-0-1-3-3-0-2-0-1	3-4-0-3-3-0-2-3-4-4-6-3	4-4-4-3-3-1-4-3-3-1-2-2	0-1-3-4-4-2-0-4-0-1-4-3	3-3-1-1-3-4-3-1-3-1-3-4	3-4-1-4-1-3-2-0-0-1-3-2	0-3-3-1-0-1-3-1-1-1-4-4
917	3	2-3-1-3-2-3-2-2-2-2-2-2	2-4-3-2-2-1-2-3-2-2-2-2	2-2-2-2-1-2-4-2-2-2-4-3	2-2-3-2-2-2-2-2-4-4-4-2	2-1-2-2-1-4-4-2-3-3-2-2	2-2-2-1-4-1-4-2-3-3-0-2	2-2-6-2-2-0-4-2-3-3-1-2	4-4-2-2-2-1-3-2-2-0-0-3	0-1-2-2-1-1-0-2-3-3-3-5	2-3-0-0-2-1-2-4-2-4-2-2	2-2-5-3-7-2-1-3-1-1-2-3	6-2-2-1-1-1-2-1-1-3-2-5
917	4	2-3-2-5-2-3-2-5-2-4-2-5	4-3-3-2-2-5-2-6-5-2-5-5	6-5-6-2-4-2-3-5-5-5-3-4	5-4-5-5-2-2-5-1-3-3-3-5	2-5-2-4-1-3-5-5-5-4-5-2	2-1-3-4-3-2-3-2-3-0-3-2	3-2-3-5-5-5-3-5-2-1-5-2	5-3-5-2-2-5-3-2-5-4-5-5	5-4-5-2-2-4-5-5-5-3-2-3	5-5-4-5-5-2-3-3-5-5-5-2	5-2-3-2-3-5-5-5-5-4-4-5	4-2-4-4-5-5-3-5-5-6-2-2
917	5	5-7-7-7-5-6-7-2-2-5-5-4	2-3-3-6-6-4-7-5-6-2-6-7	5-4-4-2-6-5-6-4-6-6-6-5	6-1-4-4-6-6-4-5-6-6-6-2	6-4-2-4-1-6-6-4-4-5-7-6	6-7-6-2-5-6-6-6-3-5-0-6	7-5-3-4-4-4-3-7-0-5-6-6	4-6-4-6-6-4-7-7-4-4-6-4	4-4-4-6-7-5-4-4-4-6-6-3	4-4-1-4-4-6-6-3-1-4-4-6	4-3-3-3-4-4-4-4-4-4-4-4	4-6-5-1-4-4-6-4-4-4-6-3
917	6	5-7-5-5-2-7-7-7-7-5-5-7	4-3-3-5-5-6-5-5-5-2-5-5	4-5-4-7-5-5-5-7-5-5-6-5	5-4-6-5-2-5-7-5-5-5-5-7	5-4-2-4-6-5-7-5-6-6-5-5	5-2-5-7-6-5-5-5-6-6-0-5	7-5-3-6-6-6-3-5-6-5-5-5	6-5-5-5-5-6-3-5-4-4-5-4	6-6-4-6-5-5-4-5-4-5-5-3	4-5-1-4-5-5-5-7-6-4-4-5	5-6-3-7-1-7-4-4-6-6-6-6	4-7-6-6-6-5-5-4-5-4-5-2
917	7	7-6-5-5-7-6-6-7-6-5-5-6	6-7-7-5-7-7-5-5-7-7-5-5	7-7-7-6-7-7-7-6-5-7-6-7	6-7-7-7-7-5-6-7-6-7-5-6	5-4-7-7-6-6-6-7-7-7-5-5	5-5-7-6-7-7-6-7-7-7-7-6	6-7-7-7-6-7-7-5-7-7-6-7	7-7-2-6-7-6-5-5-2-4-5-4	4-7-7-6-5-7-7-4-7-3-5-0	5-7-7-7-7-5-7-6-6-7-4-7	5-7-3-7-3-4-4-4-4-7-7-7	7-6-6-1-0-7-7-4-5-7-5-2
918	0	0-0-0-0-0-0-0-0-0-0-0-0	0-0-0-0-0-0-0-0-0-0-0-0	0-0-0-0-0-0-0-0-0-0-0-0	0-0-0-0-0-0-0-0-0-0-0-0	0-0-0-0-0-0-0-0-0-0-0-0	0-0-0-0-0-0-0-0-0-0-0-0	0-0-0-0-0-0-0-0-0-0-0-0	0-0-0-0-0-0-0-0-0-0-0-0	0-0-0-0-0-0-0-0-0-0-0-0	0-0-0-0-0-0-0-0-0-0-0-0	0-0-0-0-0-0-0-0-0-0-0-0	0-0-0-0-0-0-0-0-0-0-0-0
918	1	1-1-1-1-1-1-1-0-1-1-1-1	1-1-0-1-0-1-1-0-2-1-0-2	4-1-2-0-0-2-0-2-0-0-0-0	2-3-0-2-1-1-0-4-0-0-1-4	0-1-4-1-2-0-2-2-2-1-0-1	0-2-0-1-1-0-1-1-0-0-0-2	2-0-0-6-2-1-0-0-0-1-3-0	1-0-0-1-1-2-0-0-1-1-2-0	1-2-2-0-0-0-2-2-0-1-1-0	3-1-1-2-0-0-0-0-1-1-0-0	2-0-3-0-0-0-2-2-2-0-0-1	1-0-1-2-1-1-1-2-0-0-1-0
918	2	2-3-2-3-2-2-2-2-2-2-2-2	2-2-0-3-0-2-3-5-1-2-3-3	1-3-1-4-3-1-1-1-3-3-2-3	3-0-3-3-3-3-3-7-2-0-2-1	2-0-2-3-1-2-3-3-1-1-2-7	3-1-3-2-2-4-3-3-0-2-0-4	1-2-4-1-3-1-0-0-2-2-2-2	2-2-7-3-2-1-0-7-3-1-1-0	1-1-1-2-8-0-1-1-0-2-3-3	1-3-0-1-3-3-3-0-3-1-3-2	3-0-1-0-0-2-3-1-1-2-2-1	1-3-2-1-3-2-3-1-0-0-2-2
918	3	3-3-4-4-3-4-3-3-4-3-4-4	4-4-4-2-1-4-2-3-3-4-5-5	3-4-2-3-4-4-4-3-4-5-4-4	2-1-5-2-2-2-5-3-4-5-4-1	2-5-1-4-4-4-4-2-4-4-0-2	2-8-2-3-4-7-4-2-4-3-5-5	5-4-3-1-2-3-5-3-3-5-2-4	4-2-5-2-2-1-6-4-2-4-3-4	4-1-4-2-3-5-1-4-5-3-2-5	1-2-4-4-2-4-4-5-2-4-4-2	2-8-7-4-8-4-2-1-1-2-4-6	4-2-3-1-2-3-2-1-0-4-3-7
918	4	3-3-3-3-3-3-3-3-3-3-3-3	3-3-3-2-1-3-4-3-3-3-5-3	3-5-5-2-3-3-3-5-3-3-3-3	5-5-5-5-2-5-6-4-3-3-3-1	2-1-1-7-5-3-5-5-3-3-4-8	5-1-3-5-3-2-3-3-3-3-3-2	6-2-3-1-5-3-3-5-0-3-6-3	3-2-6-2-2-5-3-3-4-3-5-5	5-6-3-5-2-4-4-5-7-3-3-3	5-6-3-3-5-5-3-3-5-5-6-3	5-4-3-8-4-6-5-5-5-6-3-4	6-3-4-4-5-6-3-6-6-5-4-2
918	5	6-5-3-4-3-3-3-7-5-3-3-3	6-3-3-2-6-6-6-6-6-3-6-6	4-6-4-7-7-4-4-4-7-3-4-7	6-4-3-4-6-6-4-6-3-3-7-1	2-3-1-4-4-5-6-6-5-5-7-6	6-6-6-7-4-6-6-7-3-3-3-6	8-6-3-3-6-5-3-6-5-3-7-6	5-6-3-6-6-4-8-8-5-3-4-4	4-4-6-6-7-3-4-4-3-6-6-3	4-7-4-3-6-7-6-3-6-4-4-7	4-5-3-0-3-4-4-4-4-6-6-5	1-6-6-5-4-3-6-4-3-4-5-3
918	6	5-7-5-8-7-3-6-3-3-3-6-3	5-7-6-2-6-5-5-7-5-3-5-5	7-5-4-2-5-8-7-6-5-5-7-5	5-5-3-4-5-5-4-5-7-3-7-1	2-4-1-5-5-7-7-5-7-6-5-5	5-5-5-4-6-5-5-5-3-6-7-5	7-5-7-8-5-6-7-5-6-6-4-5	6-5-4-5-5-1-7-4-5-3-4-4	1-4-5-5-3-3-1-4-3-5-5-3	7-5-6-7-7-5-5-3-5-4-4-5	4-5-3-8-4-4-4-1-4-5-5-6	4-5-5-5-4-4-5-4-4-7-6-6
918	7	8-8-8-8-6-8-8-8-8-7-5-8	3-6-6-2-6-8-8-6-8-3-8-8	6-5-4-5-5-7-6-6-5-7-6-5	5-4-7-8-5-5-8-2-6-3-5-1	2-4-1-4-1-6-6-5-7-7-5-2	8-3-5-5-7-8-5-5-7-7-6-5	8-5-6-6-8-7-6-5-7-6-5-6	7-5-2-5-5-8-6-2-8-8-4-4	7-7-7-5-5-8-1-8-4-5-5-8	6-5-7-6-6-5-7-3-8-4-7-5	4-7-3-0-3-8-7-1-5-7-7-7	1-5-7-5-7-3-2-4-3-6-6-3
918	8	8-7-8-6-8-7-7-8-7-7-8-8	3-6-8-2-8-7-7-8-8-8-7-8	8-8-8-2-8-8-7-7-7-8-8-8	7-8-8-8-8-8-7-8-6-3-8-1	5-4-8-8-8-6-7-8-8-8-5-4	7-3-8-8-8-8-8-8-8-8-8-8	5-8-8-6-7-8-3-8-8-8-5-8	8-8-2-7-8-7-5-5-7-7-3-6	7-8-7-7-2-8-8-7-4-8-5-7	7-4-8-8-8-5-8-8-7-8-8-8	4-3-3-4-3-7-7-4-8-7-8-8	4-5-8-4-4-8-8-4-8-8-7-8
919	0	0-0-0-0-0-0-0-0-0-0-0-0	0-0-0-0-0-0-0-0-0-0-0-0	0-0-0-0-0-0-0-0-0-0-0-0	0-0-0-0-0-0-0-0-0-0-0-0	0-0-0-0-0-0-0-0-0-0-0-0	0-0-0-0-0-0-0-0-0-0-0-0	0-0-0-0-0-0-0-0-0-0-0-0	0-0-0-0-0-0-0-0-0-0-0-0	0-0-0-0-0-0-0-0-0-0-0-0	0-0-0-0-0-0-0-0-0-0-0-0	0-0-0-0-0-0-0-0-0-0-0-0	0-0-0-0-0-0-0-0-0-0-0-0
919	1	1-1-1-1-1-1-1-1-1-1-1-1	1-0-1-1-0-0-0-0-0-1-2-0	0-2-0-0-3-2-2-0-0-2-1-2	2-0-0-3-3-2-0-1-1-0-1-0	1-0-0-3-3-2-2-2-1-1-0-3	2-0-2-0-0-3-2-3-1-1-0-3	0-1-1-0-2-0-1-3-1-1-0-2	1-3-1-2-1-0-1-8-1-1-0-0	0-0-2-2-8-0-0-2-0-1-1-1	0-2-1-0-2-2-2-1-2-0-0-3	0-1-0-0-0-0-0-0-0-1-2-1	0-2-1-0-0-0-2-0-1-0-1-1
919	2	1-2-2-2-2-2-2-2-2-2-2-2	1-3-2-1-0-3-1-3-3-2-1-3	3-1-2-2-1-1-3-3-3-1-3-1	1-0-2-1-1-1-3-1-3-2-3-0	1-0-0-2-4-3-3-1-2-2-0-1	1-2-3-3-2-1-3-2-2-2-2-2	2-1-2-3-1-2-2-1-2-3-3-1	2-1-1-3-2-3-6-0-2-3-0-0	3-0-1-1-3-0-0-1-3-2-1-2	0-1-2-2-1-1-1-2-3-2-0-1	0-3-2-2-3-0-3-0-0-3-1-3	0-1-1-0-0-1-1-4-0-0-2-1
919	3	3-3-3-3-3-3-3-3-3-2-3-3	1-4-4-1-4-2-1-2-2-3-2-4	2-3-4-3-1-1-2-2-2-4-2-4	4-4-2-1-1-4-3-1-2-3-4-0	4-0-4-1-1-4-2-3-4-4-0-1	1-4-2-2-3-1-4-1-4-3-4-4	4-1-3-2-1-2-8-1-3-2-4-4	4-1-1-2-3-2-2-0-2-3-4-4	3-0-1-1-3-3-2-4-2-3-4-2	0-1-3-4-5-1-2-3-2-2-4-1	0-2-4-3-7-4-2-4-4-1-1-3	3-6-3-4-4-4-2-0-3-4-3-7
919	4	5-4-5-5-3-4-4-5-5-4-5-5	5-3-3-5-5-4-5-4-5-4-5-5	4-5-5-5-4-4-5-4-5-3-4-4	5-5-5-4-4-5-4-4-4-4-3-5	3-8-3-4-6-3-4-4-3-4-5-5	5-5-4-5-5-2-3-5-3-4-3-3	5-3-4-6-5-4-4-5-4-5-3-3	3-4-3-5-4-6-4-4-5-4-5-5	5-0-5-5-3-4-5-3-6-4-3-1	4-5-4-3-5-6-4-5-3-6-3-4	4-2-3-2-5-3-4-3-7-4-3-3	4-3-4-3-3-3-2-2-4-3-1-5
919	5	4-8-6-7-6-6-7-7-6-6-4-4	4-6-6-6-6-7-4-6-6-6-4-6	5-6-6-7-6-7-6-6-6-6-6-6	6-4-6-7-6-4-4-7-6-6-6-4	7-6-6-7-5-5-6-5-6-6-7-4	4-4-6-4-4-6-6-6-5-5-2-5	8-5-5-4-4-5-6-6-5-6-8-5	5-5-6-4-6-6-5-4-4-8-5-4	4-8-8-5-6-5-7-8-7-5-4-5	4-4-7-5-3-1-6-7-4-4-8-1	7-8-5-6-8-8-4-5-4-4-6-5	5-5-4-4-4-4-7-7-5-4-5-8
919	6	5-5-5-8-5-5-5-5-5-5-5-5	5-5-5-7-5-5-5-7-5-5-8-5	6-7-5-8-7-5-7-5-5-5-5-7	7-4-5-5-7-7-5-5-5-5-7-5	8-5-8-7-4-7-7-7-5-5-5-7	5-7-7-6-5-5-7-5-5-6-2-7	4-1-5-4-7-6-3-7-5-5-7-6	4-7-5-7-7-5-8-4-8-5-7-4	8-0-5-7-5-8-5-8-5-6-7-2	8-7-5-2-7-5-7-5-6-4-7-1	7-5-6-5-5-6-0-7-0-7-5-6	6-7-6-7-4-7-5-0-6-6-6-5
919	7	5-5-5-5-5-5-5-5-5-5-5-8	5-5-5-6-5-5-6-6-6-5-6-5	8-6-5-5-6-5-6-5-6-6-8-6	6-7-7-5-6-6-8-5-5-5-6-8	5-5-6-6-7-6-8-6-7-5-5-6	8-6-6-8-7-8-6-5-7-7-2-6	8-1-5-7-6-7-7-6-7-5-6-6	7-6-6-6-6-5-2-4-8-5-6-0	8-7-7-6-7-6-5-7-5-5-6-3	5-6-5-7-7-5-6-5-8-5-6-1	6-7-6-5-5-5-8-3-4-7-5-6	5-8-6-6-6-5-5-5-6-0-6-5
919	8	8-5-6-6-5-7-5-8-5-5-5-7	5-5-8-6-8-5-6-8-6-8-6-7	8-8-8-6-8-5-8-5-5-8-7-8	7-8-5-8-8-8-7-8-5-8-8-7	6-4-8-8-8-8-7-8-8-8-6-6	7-8-8-7-8-7-8-8-8-8-2-7	7-8-8-8-7-8-3-7-8-5-5-5	8-6-8-7-8-8-6-6-7-5-6-4	7-8-5-8-6-8-8-6-8-5-6-8	6-6-8-8-8-6-8-5-7-8-5-8	5-5-2-8-5-5-7-3-0-4-8-8	4-7-8-5-7-8-8-8-8-8-6-5
920	0	0-0-0-0-0-0-0-0-0-0-0-0	0-0-0-0-0-0-0-0-0-0-0-0	0-0-0-0-0-0-0-0-0-0-0-0	0-0-0-0-0-0-0-0-0-0-0-0	0-0-0-0-0-0-0-0-0-0-0-0	0-0-0-0-0-0-0-0-0-0-0-0	0-0-0-0-0-0-0-0-0-0-0-0	0-0-0-0-0-0-0-0-0-0-0-0	0-0-0-0-0-0-0-0-0-0-0-0	0-0-0-0-0-0-0-0-0-0-0-0	0-0-0-0-0-0-0-0-0-0-0-0	0-0-0-0-0-0-0-0-0-0-0-0
920	1	1-1-1-1-0-1-1-1-1-1-0-1	1-0-0-3-1-0-0-2-0-0-0-0	1-2-0-3-2-2-2-0-0-2-0-2	2-0-0-2-2-2-0-1-1-1-1-0	1-0-1-2-2-2-2-2-1-1-7-2	2-0-2-0-0-2-2-1-1-1-1-0	1-1-1-0-2-1-1-2-1-1-0-2	3-1-3-2-3-0-2-3-1-0-1-0	1-0-2-2-3-1-0-2-0-1-3-1	0-1-1-2-2-3-0-3-2-0-0-3	1-1-0-1-1-0-1-1-1-1-1-0	1-1-1-1-0-1-3-0-1-1-1-1
920	2	2-2-2-2-2-2-2-2-2-2-2-3	1-3-3-1-1-2-0-1-0-2-0-1	1-1-0-1-1-1-3-1-0-1-3-1	1-2-3-1-1-1-0-1-3-1-2-0	2-0-0-1-1-1-3-1-3-2-0-1	1-3-1-0-2-1-3-1-3-2-6-2	1-1-2-0-1-1-3-1-2-2-0-1	2-3-0-1-2-1-1-0-2-4-0-0	3-0-1-1-4-3-7-1-3-2-1-1	0-1-2-1-1-1-3-2-1-0-7-1	1-1-0-3-3-0-1-2-3-1-1-2	0-1-1-1-0-1-1-0-1-1-7-1
920	3	3-2-2-3-2-2-3-4-3-3-3-2	3-2-2-1-4-3-4-2-4-2-4-2	4-4-3-1-2-1-2-4-0-1-2-2	4-4-4-3-1-4-3-3-2-1-2-3	1-5-3-3-3-1-2-3-2-3-3-3	3-4-2-3-3-5-2-3-2-2-2-4	2-1-2-6-1-5-2-4-2-3-3-1	1-2-6-4-1-3-1-3-6-3-3-3	2-6-3-1-1-2-3-1-2-3-1-3	3-3-2-5-1-1-2-2-3-3-3-1	3-1-3-2-2-7-3-2-4-3-3-3	3-4-3-3-3-3-1-3-1-1-1-1
920	4	5-4-5-6-5-4-5-6-5-4-5-6	5-5-4-1-5-5-5-5-5-5-3-5	4-4-5-7-5-5-5-5-5-5-5-4	4-5-3-5-5-3-6-5-5-5-5-4	6-3-4-6-3-5-5-4-5-5-6-3	4-3-5-4-4-5-5-5-4-4-2-3	7-5-4-5-4-4-5-5-4-5-4-5	5-4-5-3-4-5-4-6-3-2-3-4	4-4-5-4-5-5-3-5-6-3-4-4	6-3-7-4-1-1-5-4-3-6-5-1	5-7-3-5-5-5-4-5-5-5-4-4	5-3-4-3-3-4-5-5-4-6-6-4
920	5	6-7-7-7-4-6-4-6-4-4-4-5	6-4-4-6-4-4-6-6-6-4-6-6	5-6-6-6-6-4-6-4-4-6-6-6	6-4-7-6-6-6-4-4-4-4-6-3	4-7-4-4-3-6-6-6-4-4-6-6	4-6-6-4-4-7-6-4-4-2-2-6	7-4-4-4-4-7-4-5-4-4-6-4	4-6-4-6-6-4-7-6-3-3-6-4	7-4-7-6-6-4-3-7-4-3-7-6	4-4-4-3-6-1-6-6-7-3-6-5	4-4-6-4-6-6-4-4-4-6-6-6	4-6-5-3-3-6-4-4-6-5-7-4
920	6	5-7-5-5-5-5-4-4-4-4-5-7	5-4-5-5-5-5-5-5-5-4-5-5	7-5-5-5-5-4-5-5-5-5-5-5	5-5-6-5-5-5-7-5-4-4-5-3	4-3-3-4-3-5-7-5-6-4-4-5	5-5-5-5-6-5-5-4-4-6-2-5	7-1-4-3-5-5-4-7-4-4-5-5	6-5-3-5-5-4-5-5-3-3-5-6	5-6-6-5-5-6-3-6-4-4-5-5	4-6-4-3-6-1-5-5-6-4-5-7	4-6-5-7-5-5-6-3-4-5-5-5	3-5-7-3-3-6-4-3-5-4-4-4
920	7	7-5-5-5-7-6-4-7-5-4-5-6	5-7-7-5-7-5-5-5-5-7-5-6	7-6-5-4-7-7-5-5-4-7-6-7	6-7-5-7-7-7-6-7-4-7-7-3	4-5-7-7-7-7-6-7-7-7-1-5	4-7-7-6-7-5-7-7-7-7-7-6	6-7-7-4-5-7-7-6-7-7-5-4	7-7-7-5-7-4-5-6-1-3-5-4	5-7-5-7-1-7-2-5-4-4-5-5	4-7-4-7-7-1-7-5-5-4-2-7	4-4-7-6-4-3-4-5-7-7-7-7	5-6-6-4-5-7-7-3-7-7-5-7
921	0	0-0-0-0-0-0-0-0-0-0-0-0	0-0-0-0-0-0-0-0-0-0-0-0	0-0-0-0-0-0-0-0-0-0-0-0	0-0-0-0-0-0-0-0-0-0-0-0	0-0-0-0-0-0-0-0-0-0-0-0	0-0-0-0-0-0-0-0-0-0-0-0	0-0-0-0-0-0-0-0-0-0-0-0	0-0-0-0-0-0-0-0-0-0-0-0	0-0-0-0-0-0-0-0-0-0-0-0	0-0-0-0-0-0-0-0-0-0-0-0	0-0-0-0-0-0-0-0-0-0-0-0	0-0-0-0-0-0-0-0-0-0-0-0
921	1	1-1-1-1-1-1-1-1-1-1-1-1	1-0-0-1-0-1-1-0-0-1-0-0	7-2-0-0-0-1-0-1-0-0-0-0	0-0-0-0-1-1-0-0-0-0-0-0	0-1-1-0-9-0-0-1-0-1-0-0	2-2-0-0-0-1-1-1-0-0-0-0	4-0-0-1-0-0-0-0-0-1-0-0	1-0-0-2-0-1-0-0-1-1-1-0	1-1-0-0-0-0-1-0-0-1-0-0	1-1-0-3-0-0-0-0-3-0-0-0	0-0-1-0-1-1-3-1-4-0-0-1	1-0-1-1-1-1-1-1-1-0-1-0
921	2	2-2-2-2-3-2-2-3-3-3-2-2	3-3-2-3-4-3-5-3-3-3-3-3	2-1-3-3-3-3-3-3-3-3-4-2	3-2-3-3-3-3-3-3-3-3-2-2	3-3-2-3-2-2-3-2-3-2-5-2	2-1-3-3-3-3-2-3-3-2-2-5	2-2-2-2-2-2-3-3-3-2-4-3	2-2-4-3-2-1-3-4-2-3-4-4	2-3-2-2-4-2-2-3-4-2-2-5	4-2-2-2-3-2-3-2-1-3-3-3	2-5-4-2-3-3-2-2-5-2-3-2	2-3-2-1-3-3-2-4-2-3-2-2
921	3	2-2-2-2-2-2-2-2-2-2-2-2	2-2-2-4-2-2-4-2-2-2-4-2	1-4-2-2-4-2-2-2-2-4-2-4	4-2-2-2-4-4-2-2-2-2-4-2	2-2-4-2-4-3-4-4-2-2-0-4	4-2-2-2-2-4-4-2-2-2-2-4	0-2-2-0-4-3-2-2-2-3-4-2	2-4-9-4-4-1-2-10-3-2-3-2	4-2-4-4-5-0-1-4-2-3-4-1	2-4-2-1-4-4-2-2-4-2-2-4	2-2-2-0-2-2-2-2-2-3-4-3	2-4-3-2-2-2-4-2-3-2-3-3
921	4	2-4-2-2-2-2-2-2-2-2-2-2	3-5-4-3-2-2-3-3-2-3-3-2	5-3-2-2-3-5-3-5-2-5-2-3	3-5-4-2-3-3-2-2-5-5-5-2	2-2-3-4-5-4-3-3-5-5-2-3	5-1-3-3-4-3-3-4-4-4-7-3	1-5-2-7-3-4-6-3-2-4-3-2	2-3-2-3-3-1-7-2-3-5-2-2	2-1-3-3-4-2-2-5-2-4-3-4	2-3-2-5-3-3-3-2-3-2-2-3	4-2-2-4-2-2-5-2-1-3-3-0	2-3-3-6-2-4-3-2-7-2-7-7
921	5	6-5-6-6-2-2-6-6-6-6-6-6	6-4-4-6-2-6-2-5-6-6-6-7	5-6-7-6-5-6-6-6-6-4-5-5	5-6-6-6-5-6-6-5-4-5-4-6	4-6-5-5-4-4-5-4-4-5-5-5	6-4-5-5-9-8-4-4-7-5-4-6	5-2-5-4-6-5-4-6-2-5-5-4	6-5-8-6-5-6-2-6-6-2-6-9	8-7-6-4-6-5-8-4-10-5-2-2	5-8-2-4-6-3-6-5-6-8-8-6	8-2-2-6-8-4-7-8-6-8-4-6	8-2-5-5-8-8-3-8-8-7-8-8
921	6	5-5-7-5-7-7-8-8-7-7-7-5	5-8-7-5-8-8-7-5-5-8-5-7	5-7-6-9-7-8-5-5-7-7-7-6	7-5-7-7-3-5-7-8-7-7-6-5	9-5-9-7-5-6-7-6-6-7-9-5	5-6-7-5-7-7-6-7-6-6-8-7	7-7-6-6-7-6-7-5-6-9-10-6	5-10-8-6-6-5-6-6-5-8-5-5	6-5-10-5-9-7-7-7-8-7-3-7	8-5-7-7-6-7-6-5-5-7-7-9	7-9-8-5-10-8-9-5-8-6-9-7	5-7-6-7-5-5-9-5-5-5-4-10
921	7	6-6-6-9-6-6-6-6-6-6-6-6	6-6-6-8-6-6-10-10-6-6-8-6	9-8-8-6-9-8-8-6-6-8-6-8	8-8-6-6-9-9-6-6-6-6-9-9	9-6-8-6-5-7-8-8-7-6-6-9	6-6-8-7-6-5-8-6-6-4-4-8	6-6-6-8-8-7-6-8-6-6-9-8	6-8-7-8-9-1-4-9-7-6-8-5	10-5-8-8-6-6-6-8-6-6-9-6	6-5-6-6-8-6-8-5-8-6-6-6	6-8-4-6-6-6-5-6-6-9-6-7	5-6-8-8-5-5-6-5-4-5-4-6
921	8	6-6-7-6-6-6-6-6-6-6-6-6	6-6-6-7-6-6-7-9-6-6-7-6	7-7-7-6-7-7-9-6-7-7-9-7	7-7-6-7-7-7-6-6-7-10-8-7	7-5-7-8-6-8-9-7-8-8-6-7	6-9-7-7-8-5-7-6-8-8-9-7	6-6-6-7-9-8-9-7-8-8-7-7	5-7-6-7-7-1-9-6-6-6-7-5	5-5-7-7-6-6-6-7-6-6-7-6	6-5-8-6-7-6-7-5-7-6-5-6	5-7-6-5-6-6-5-5-6-5-6-8	5-6-5-7-5-5-6-5-5-8-9-5
921	9	6-10-6-7-6-10-6-6-6-6-6-5	6-6-6-7-6-6-7-8-6-6-7-6	7-7-7-6-7-9-8-6-10-7-8-7	7-9-9-7-7-7-8-6-8-8-7-7	7-5-7-6-9-8-8-7-9-9-6-7	6-8-7-7-5-5-9-6-9-8-8-7	10-6-8-7-8-9-8-7-9-6-7-7	6-8-3-7-7-1-8-7-9-6-7-5	9-9-9-7-6-6-9-10-6-6-7-10	6-7-9-6-9-6-6-5-10-6-9-6	4-6-6-0-6-6-6-5-6-7-6-9	5-7-6-7-5-6-6-6-4-8-8-6
921	10	10-9-7-7-6-9-6-10-6-6-6-6	6-10-10-7-10-6-7-7-10-10-9-7	10-10-10-6-10-10-9-6-9-10-6-10	9-10-10-10-10-10-9-10-9-10-10-7	6-5-10-10-10-10-9-10-10-10-6-10	6-10-10-7-10-5-10-10-10-10-10-10	9-10-10-6-9-8-10-10-10-10-6-6	10-6-6-9-10-9-10-3-9-10-5-6	9-10-10-10-6-10-10-9-10-10-9-10	9-5-10-10-10-6-10-5-9-10-6-10	6-6-6-5-6-6-6-5-6-5-10-10	5-6-1-6-5-10-10-5-10-10-9-6
922	0	0-0-0-0-0-0-0-0-0-0-0-0	0-0-0-0-0-0-0-0-0-0-0-0	0-0-0-0-0-0-0-0-0-0-0-0	0-0-0-0-0-0-0-0-0-0-0-0	0-0-0-0-0-0-0-0-0-0-0-0	0-0-0-0-0-0-0-0-0-0-0-0	0-0-0-0-0-0-0-0-0-0-0-0	0-0-0-0-0-0-0-0-0-0-0-0	0-0-0-0-0-0-0-0-0-0-0-0	0-0-0-0-0-0-0-0-0-0-0-0	0-0-0-0-0-0-0-0-0-0-0-0	0-0-0-0-0-0-0-0-0-0-0-0
922	1	1-1-1-1-1-1-1-1-1-1-1-1	0-0-0-1-0-1-0-2-0-1-2-0	2-2-0-1-2-1-2-0-0-2-2-1	2-0-0-1-2-2-0-1-1-1-1-1	1-0-1-0-2-1-2-2-1-0-0-2	2-0-2-0-1-2-2-1-1-1-1-2	2-1-1-0-2-0-0-2-1-1-1-2	1-1-1-2-2-1-0-6-1-0-0-0	1-0-2-2-3-1-0-2-0-1-1-1	2-1-0-0-2-1-2-1-2-0-0-1	1-1-0-3-0-1-2-1-1-1-1-0	1-2-1-1-0-1-2-0-1-1-1-1
922	2	2-2-2-2-2-2-2-2-2-2-2-2	0-3-2-1-3-2-0-1-2-2-1-1	3-1-3-1-1-6-1-3-0-1-1-1	1-3-2-1-1-1-4-1-3-2-3-1	3-0-1-2-1-1-1-1-3-2-2-1	1-4-1-0-2-1-3-1-2-2-4-1	1-1-2-2-1-2-6-1-2-2-1-3	2-0-1-1-1-3-4-3-1-2-2-3	2-2-1-1-2-1-2-1-4-2-3-6	1-1-3-5-1-1-1-2-1-3-0-1	3-6-2-2-6-3-1-3-0-1-1-2	0-1-1-2-3-3-1-2-1-3-1-1
922	3	4-3-5-3-4-5-4-4-3-3-3-5	3-2-2-1-5-4-3-3-4-4-4-4	5-4-4-6-3-3-4-4-4-4-5-4	4-3-4-3-1-1-4-3-2-2-2-4	2-6-5-5-4-2-4-4-2-3-4-3	3-4-2-5-4-1-2-1-3-2-2-3	4-3-3-4-4-3-4-3-1-3-4-2	4-1-2-2-2-4-1-2-4-5-4-4	4-4-4-2-1-3-4-4-6-3-2-2	4-1-2-2-4-1-2-2-4-4-4-1	4-1-4-4-4-4-4-4-4-2-2-3	4-1-3-4-4-2-3-4-6-4-3-1
922	4	3-3-3-6-3-3-3-3-3-3-3-3	3-2-2-5-3-3-3-5-3-3-5-3	4-5-3-5-5-3-5-3-3-5-3-5	3-3-4-5-5-5-3-5-5-2-5-3	6-3-3-5-3-5-5-3-4-4-3-5	2-3-5-3-3-1-5-5-2-2-2-5	3-5-2-3-5-3-3-6-2-5-5-5	3-5-5-5-5-3-6-5-3-3-3-3	3-3-3-5-5-3-3-3-2-4-5-2	3-4-3-3-3-2-2-2-6-3-3-5	3-1-3-3-3-3-3-3-3-5-4-4	3-4-3-3-3-2-5-3-1-3-5-5
922	5	4-6-3-4-3-6-3-3-3-3-3-6	5-2-2-4-3-3-3-4-3-3-4-3	3-4-3-4-4-5-4-6-6-4-3-4	5-5-5-4-4-4-3-4-4-5-4-3	4-3-3-4-5-4-4-4-5-5-3-4	6-5-4-3-3-6-4-4-5-2-2-4	3-4-6-3-6-5-6-0-5-4-4-4	5-4-4-4-4-5-6-4-6-3-4-5	5-3-5-4-4-3-3-5-2-4-4-5	3-5-5-2-5-2-2-2-2-3-3-4	3-1-3-4-3-6-3-3-3-5-5-4	3-6-5-5-5-2-4-3-1-3-4-4
922	6	6-5-4-4-6-6-3-6-3-3-3-5	5-6-6-4-6-6-3-4-3-6-4-5	6-6-6-4-6-6-5-5-5-6-6-6	5-6-6-6-6-6-3-6-5-6-6-3	4-3-6-6-5-6-5-6-6-6-4-4	5-6-4-5-6-6-6-6-6-6-2-6	3-6-6-6-5-6-6-4-6-6-6-4	6-4-4-5-6-5-4-1-5-5-3-3	5-6-6-6-4-6-3-5-6-2-4-2	4-4-2-6-6-1-6-2-6-6-3-6	3-2-3-3-2-5-3-3-3-5-6-6	3-5-6-3-3-6-6-3-6-6-5-6
923	0	0-0-0-0-0-0-0-0-0-0-0-0	0-0-0-0-0-0-0-0-0-0-0-0	0-0-0-0-0-0-0-0-0-0-0-0	0-0-0-0-0-0-0-0-0-0-0-0	0-0-0-0-0-0-0-0-0-0-0-0	0-0-0-0-0-0-0-0-0-0-0-0	0-0-0-0-0-0-0-0-0-0-0-0	0-0-0-0-0-0-0-0-0-0-0-0	0-0-0-0-0-0-0-0-0-0-0-0	0-0-0-0-0-0-0-0-0-0-0-0	0-0-0-0-0-0-0-0-0-0-0-0	0-0-0-0-0-0-0-0-0-0-0-0
923	1	1-1-1-1-1-1-1-1-1-1-1-1	2-1-0-1-0-2-0-0-0-1-2-0	0-2-0-2-2-0-2-2-0-2-2-1	2-0-0-3-3-2-0-1-2-0-1-0	2-0-1-2-2-2-2-2-0-1-0-2	2-3-2-0-0-2-2-2-1-1-0-1	3-2-1-0-2-0-1-2-1-1-2-2	1-2-1-2-3-0-1-0-1-1-0-0	0-0-2-3-3-2-0-2-2-1-3-1	3-2-0-2-2-3-2-1-2-0-0-3	1-1-0-0-6-1-0-1-0-1-3-1	0-1-1-1-3-1-1-0-3-1-1-3
923	2	1-2-2-2-2-2-2-2-2-2-2-3	1-3-3-1-0-3-0-3-3-2-1-3	1-1-4-1-1-3-3-4-3-3-3-4	1-0-3-1-1-1-4-3-3-4-3-2	1-0-4-3-1-1-3-1-3-2-3-1	1-1-3-0-3-1-3-1-2-2-5-1	1-1-2-3-1-2-4-1-2-2-4-3	2-1-1-1-2-0-4-2-2-2-1-0	3-0-1-1-2-1-2-1-3-4-1-2	0-1-2-3-3-1-3-3-1-2-3-1	3-1-6-5-2-1-0-3-3-1-1-0	0-4-1-3-2-1-1-0-1-1-4-1
923	3	4-4-3-4-2-2-3-2-3-3-3-2	3-2-2-3-0-4-3-2-4-3-4-4	3-4-5-1-3-3-2-4-2-2-2-3	4-4-4-4-1-1-4-2-2-2-2-3	1-6-1-5-1-2-4-4-2-0-2-3	3-1-2-4-5-1-2-1-2-2-2-1	6-2-2-3-4-0-2-4-3-1-6-2	1-1-1-1-1-4-2-0-3-3-3-3	4-4-2-1-1-3-6-2-6-3-1-2	4-4-2-2-4-1-2-2-4-3-4-1	4-1-3-2-4-4-4-4-4-1-1-3	3-1-3-2-4-4-1-3-6-4-1-1
923	4	5-3-5-6-2-5-4-5-5-4-4-3	4-2-2-5-5-3-6-5-3-5-5-3	6-3-5-5-5-6-5-5-5-5-5-5	5-4-3-5-5-5-2-5-5-5-5-5	5-3-5-5-4-4-5-5-3-4-4-5	5-4-5-6-3-4-5-4-3-4-2-5	5-4-4-4-3-0-2-3-4-6-5-5	2-5-5-5-5-3-2-5-3-6-5-3	3-3-3-5-5-5-3-5-2-2-5-2	5-5-6-5-3-1-2-2-3-4-3-1	3-5-3-2-3-3-3-3-3-5-5-4	3-2-4-5-3-3-5-3-5-3-5-1
923	5	4-6-4-4-5-6-6-4-6-4-4-6	4-2-2-4-4-6-4-4-6-5-4-4	6-4-3-4-4-5-4-6-6-4-4-4	4-5-5-4-4-4-6-4-4-4-4-4	4-3-4-4-5-6-6-4-5-5-4-4	4-6-4-6-3-6-4-4-5-5-2-4	4-1-2-5-5-5-2-6-5-4-4-4	5-4-4-4-4-5-6-4-5-3-4-5	5-5-5-5-4-4-5-4-3-4-4-5	4-4-5-2-5-1-2-2-6-4-5-1	1-4-5-2-6-6-3-4-4-5-5-5	6-6-5-4-5-5-4-3-4-3-4-1
923	6	6-5-6-4-6-6-5-6-5-4-5-5	4-6-6-4-6-6-4-6-5-6-4-5	6-6-6-5-6-5-5-5-5-6-6-6	6-6-6-6-6-6-5-6-5-6-6-5	4-3-6-6-5-5-5-6-6-6-4-4	5-6-4-4-6-6-6-6-6-6-2-6	4-6-6-6-5-6-6-4-6-6-4-5	6-4-6-5-4-5-5-4-5-4-5-3	5-6-6-5-4-6-3-5-3-4-4-1	4-3-6-6-6-1-6-2-6-6-3-6	3-6-2-6-5-5-3-3-3-6-6-6	6-5-5-6-5-6-6-3-3-6-4-1
924	0	0-0-0-0-0-0-0-0-0-0-0-0	0-0-0-0-0-0-0-0-0-0-0-0	0-0-0-0-0-0-0-0-0-0-0-0	0-0-0-0-0-0-0-0-0-0-0-0	0-0-0-0-0-0-0-0-0-0-0-0	0-0-0-0-0-0-0-0-0-0-0-0	0-0-0-0-0-0-0-0-0-0-0-0	0-0-0-0-0-0-0-0-0-0-0-0	0-0-0-0-0-0-0-0-0-0-0-0	0-0-0-0-0-0-0-0-0-0-0-0	0-0-0-0-0-0-0-0-0-0-0-0	0-0-0-0-0-0-0-0-0-0-0-0
924	1	1-1-1-1-1-1-1-1-1-1-1-1	0-2-1-0-0-2-0-2-1-1-0-0	2-0-0-1-0-0-2-2-0-0-2-2	0-0-3-0-0-0-0-1-2-2-2-1	0-1-1-0-0-1-2-0-1-0-0-0	4-2-0-0-0-0-2-0-2-1-4-2	2-2-1-1-2-1-0-0-1-1-2-1	1-1-0-2-1-0-1-0-0-0-0-0	0-0-0-0-0-0-4-2-3-0-0-1	0-1-1-2-1-0-0-0-0-0-0-1	0-0-0-3-1-0-0-4-0-0-0-3	1-1-0-8-1-1-0-0-4-0-4-1
924	2	3-1-3-1-1-1-2-1-2-2-2-1	3-1-1-4-1-1-3-1-4-1-3-3	1-3-0-5-3-3-3-1-0-5-1-3	3-0-2-4-5-3-3-5-3-1-4-2	5-0-2-3-3-3-3-3-2-5-4-3	3-3-3-2-2-4-3-4-1-1-5-4	1-1-1-0-3-2-3-3-1-4-5-3	1-3-4-3-3-0-8-2-2-0-2-0	0-0-3-4-4-3-0-1-1-2-4-2	0-5-0-1-3-2-3-2-3-0-0-4	0-4-3-1-1-2-0-0-0-2-3-2	0-3-2-5-0-2-3-0-3-3-2-4
924	3	4-4-2-3-2-3-3-3-3-3-3-3	2-4-4-2-1-4-2-4-4-3-2-4	4-2-5-2-2-2-4-5-5-4-4-2	2-4-4-2-2-2-2-2-4-5-4-0	2-0-2-2-3-2-4-2-3-1-2-2	2-2-4-6-4-2-4-2-3-3-3-3	6-1-4-3-2-3-6-2-1-5-0-2	1-2-2-2-2-4-6-2-3-3-2-1	3-0-2-2-0-2-3-4-4-2-3-2	0-2-3-4-2-5-2-4-2-4-0-2	5-5-8-6-0-0-0-0-0-2-2-1	0-2-0-4-1-2-2-0-2-2-6-2
924	4	3-3-5-4-4-6-4-4-4-4-4-5	4-3-3-2-5-4-5-3-5-4-4-5	7-5-7-2-4-6-5-6-3-5-3-5	5-4-5-5-2-5-5-2-3-1-3-4	2-5-4-4-5-5-5-5-6-4-2-8	5-5-3-2-6-6-3-2-1-3-1-2	5-1-3-5-5-4-5-5-4-2-1-3	1-2-2-3-2-5-3-2-2-4-5-6	6-8-5-2-2-4-6-5-3-4-2-5	5-6-4-3-5-2-3-3-6-6-5-2	6-2-6-3-8-5-6-6-6-2-4-6	6-2-5-3-5-6-2-6-6-7-1-2
924	5	5-6-4-5-5-5-5-5-5-4-5-4	4-6-6-2-5-5-4-6-4-6-4-4	4-4-4-2-2-4-4-6-3-4-6-6	4-4-4-4-2-4-4-2-6-7-6-4	2-4-4-2-4-6-6-4-6-4-2-2	4-4-6-3-4-4-6-2-6-5-2-5	4-6-5-4-4-5-4-4-5-3-2-6	5-2-2-3-5-4-6-2-2-5-4-4	5-0-6-4-5-4-7-4-8-5-2-4	4-2-5-6-4-3-2-5-4-7-4-2	4-3-4-8-4-4-4-4-4-2-6-4	4-2-4-2-4-2-4-4-4-4-7-2
924	6	6-5-6-6-5-6-6-6-6-6-6-6	6-5-5-6-6-5-7-7-4-7-7-4	6-7-7-7-7-4-7-7-3-7-5-7	7-4-4-6-7-7-5-7-5-5-7-6	7-4-7-7-4-7-7-7-4-4-8-7	7-8-7-8-4-4-7-7-5-5-3-6	7-5-5-4-6-6-3-7-5-8-7-5	5-2-8-7-7-5-3-2-7-4-7-4	4-0-5-7-7-4-4-7-3-5-7-5	7-7-5-5-7-2-0-3-4-4-7-7	4-6-4-3-7-4-4-4-4-7-5-4	4-7-6-7-4-4-7-4-4-6-3-6
924	7	6-8-6-6-6-8-8-6-8-6-6-8	8-5-5-6-7-7-6-6-8-6-6-8	4-6-6-6-6-5-6-8-6-6-6-6	6-6-7-6-6-6-8-6-6-5-6-8	6-4-6-6-7-6-8-6-4-7-4-6	4-7-6-8-7-7-6-6-5-7-3-8	6-5-5-4-7-7-7-8-5-7-6-5	7-6-6-6-6-5-7-6-6-4-6-4	7-7-5-6-6-2-5-6-4-5-6-4	6-6-5-8-6-2-8-8-8-5-6-6	6-7-4-7-6-4-4-7-4-6-7-7	5-6-6-7-6-4-6-4-6-4-6-6
924	8	8-7-8-6-8-7-7-8-7-6-6-7	7-5-8-6-8-8-7-8-8-8-7-7	8-8-8-6-8-8-8-7-8-8-7-8	7-8-8-6-8-8-7-8-7-8-8-7	6-8-8-8-8-8-7-8-8-8-6-8	8-8-8-7-8-4-7-8-8-8-8-7	7-8-8-8-8-8-8-8-8-6-6-8	8-8-6-7-8-6-6-6-6-4-4-4	2-7-2-6-6-8-8-6-8-5-6-8	6-4-8-7-8-2-8-7-7-8-7-8	4-8-3-5-4-7-4-4-4-4-8-8	8-7-7-1-4-8-8-4-8-8-6-2
925	0	0-0-0-0-0-0-0-0-0-0-0-0	0-0-0-0-0-0-0-0-0-0-0-0	0-0-0-0-0-0-0-0-0-0-0-0	0-0-0-0-0-0-0-0-0-0-0-0	0-0-0-0-0-0-0-0-0-0-0-0	0-0-0-0-0-0-0-0-0-0-0-0	0-0-0-0-0-0-0-0-0-0-0-0	0-0-0-0-0-0-0-0-0-0-0-0	0-0-0-0-0-0-0-0-0-0-0-0	0-0-0-0-0-0-0-0-0-0-0-0	0-0-0-0-0-0-0-0-0-0-0-0	0-0-0-0-0-0-0-0-0-0-0-0
925	1	1-0-1-1-1-1-1-1-1-1-1-1	0-0-1-0-0-0-0-2-0-1-0-0	1-0-0-1-0-2-2-4-0-0-2-0	0-0-0-0-0-0-0-0-2-1-2-0	2-0-0-0-0-2-2-0-1-2-2-0	4-0-0-0-1-0-2-2-2-1-4-2	2-1-1-0-0-0-0-0-1-1-0-1	1-1-2-1-1-0-2-1-0-1-0-0	1-0-0-0-0-0-4-0-2-1-1-0	0-0-1-0-0-2-0-1-0-0-0-1	0-0-0-1-1-0-0-0-0-1-0-1	0-1-0-1-0-1-0-0-0-0-1-1
925	2	2-3-2-1-1-2-2-1-2-2-2-2	2-2-1-3-1-2-3-1-3-2-3-3	0-3-4-3-3-3-3-3-0-3-1-3	3-0-2-2-3-3-0-2-3-1-1-0	3-1-3-4-3-1-3-3-3-1-4-7	3-1-2-2-2-3-3-4-1-1-0-3	1-1-2-0-3-0-3-3-2-2-7-3	1-3-4-3-4-1-1-4-2-0-2-0	0-0-3-4-4-2-0-4-1-2-4-2	0-4-0-0-3-4-3-1-3-0-0-2	0-4-0-1-0-0-0-0-0-2-3-2	0-4-2-2-0-0-4-0-0-0-2-2
925	3	3-4-3-3-3-3-3-3-3-3-3-4	2-5-4-2-3-4-2-4-4-2-2-4	4-2-5-2-2-2-4-5-5-2-4-2	2-3-2-2-2-2-5-2-4-5-4-0	2-0-5-3-4-4-4-2-4-3-6-2	2-5-5-2-3-2-4-3-6-3-5-2	7-1-3-5-2-3-4-4-3-3-0-2	3-4-4-2-2-4-5-3-3-3-0-0	0-0-2-2-3-2-0-4-6-3-2-5	4-0-3-4-4-2-4-3-2-4-4-2	0-3-0-4-7-0-0-0-4-2-2-3	0-3-0-3-0-3-2-0-4-4-5-2
925	4	4-3-4-4-3-3-4-5-4-4-6-3	5-3-3-2-6-3-4-5-5-4-5-5	4-5-7-3-4-3-3-5-7-2-3-4	5-4-4-2-2-2-6-2-3-3-3-5	2-5-3-5-5-3-5-5-3-3-2-3	1-6-3-4-4-8-3-2-1-3-1-2	6-1-3-5-5-6-3-3-4-2-5-2	5-3-5-3-2-5-3-2-2-4-6-7	5-8-5-2-2-6-5-8-4-4-2-5	5-5-4-3-5-2-3-3-5-3-5-2	5-2-5-3-6-5-4-5-8-2-4-4	5-2-4-3-5-5-2-6-3-3-3-2
925	5	6-3-5-6-3-3-5-4-5-5-5-6	4-3-3-5-5-3-7-4-4-6-6-4	4-7-4-5-6-6-6-6-3-6-6-5	7-4-6-7-6-6-3-7-6-3-5-4	5-4-3-6-4-5-6-6-6-5-7-6	6-3-6-5-4-4-6-7-5-3-3-6	3-7-5-4-6-4-3-6-5-8-4-2	4-7-4-6-7-4-3-7-7-4-4-4	4-0-6-7-8-4-4-7-3-6-7-3	4-4-4-3-4-7-0-1-6-7-4-7	4-5-4-1-4-4-4-4-4-7-5-4	4-7-4-4-4-4-7-4-0-4-3-5
925	6	5-8-5-8-5-6-5-6-6-5-5-5	7-7-7-5-7-7-4-5-7-5-5-5	0-6-4-5-5-5-7-5-5-5-7-5	5-4-5-5-5-5-4-5-7-7-5-4	6-6-3-5-6-5-7-5-7-5-5-5	5-6-7-5-6-4-5-5-6-3-7-5	4-1-6-8-5-4-7-5-6-5-4-7	4-6-4-7-5-4-2-6-6-6-4-4	4-0-5-5-6-4-4-5-7-5-8-6	4-4-6-8-7-4-7-6-5-7-4-5	4-5-4-6-4-4-4-4-4-5-5-6	4-5-4-7-4-4-5-4-4-4-3-5
925	7	8-6-5-7-6-8-8-8-8-7-7-8	8-6-6-5-7-6-5-5-8-4-6-8	4-5-4-5-5-5-6-7-4-5-6-5	5-4-7-5-5-5-8-5-6-6-6-8	6-4-3-5-7-6-8-5-6-5-5-2	8-6-6-8-7-4-8-5-7-7-3-8	8-5-6-4-5-7-6-6-7-5-2-6	7-6-5-6-5-7-8-5-5-7-6-4	7-7-4-5-5-2-4-5-8-4-5-6	4-5-6-8-6-5-6-6-8-6-7-5	4-7-4-7-3-8-4-4-3-5-7-4	4-8-4-6-7-7-5-4-3-4-3-5
925	8	8-6-8-6-8-7-7-8-7-5-7-7	7-6-8-5-8-8-7-8-8-8-7-7	8-8-8-5-8-8-8-7-8-8-7-8	7-8-8-8-8-8-7-8-7-8-8-7	5-4-8-8-8-8-7-8-8-8-5-8	8-8-8-7-8-4-7-8-8-8-8-7	7-8-8-8-7-8-7-8-8-5-1-8	8-6-8-7-8-7-7-5-5-4-8-4	4-7-8-5-5-8-8-4-7-8-5-8	5-4-8-8-4-8-8-8-7-8-7-8	4-8-4-7-4-7-4-4-4-8-8-8	8-7-4-8-5-8-8-4-8-8-3-5
926	0	0-0-0-0-0-0-0-0-0-0-0-0	0-0-0-0-0-0-0-0-0-0-0-0	0-0-0-0-0-0-0-0-0-0-0-0	0-0-0-0-0-0-0-0-0-0-0-0	0-0-0-0-0-0-0-0-0-0-0-0	0-0-0-0-0-0-0-0-0-0-0-0	0-0-0-0-0-0-0-0-0-0-0-0	0-0-0-0-0-0-0-0-0-0-0-0	0-0-0-0-0-0-0-0-0-0-0-0	0-0-0-0-0-0-0-0-0-0-0-0	0-0-0-0-0-0-0-0-0-0-0-0	0-0-0-0-0-0-0-0-0-0-0-0
926	1	1-1-1-1-1-1-1-1-1-1-1-1	2-2-1-1-2-2-2-2-1-2-2-2	1-2-1-1-2-4-3-1-3-2-2-2	2-1-2-2-1-2-2-1-2-2-2-3	2-3-1-4-2-1-2-1-2-2-2-1	4-2-2-2-2-2-2-2-2-1-4-2	1-1-1-1-2-2-0-2-1-2-1-1	1-0-3-1-1-2-1-0-1-2-3-3	1-1-1-0-2-1-2-2-2-0-1-2	3-1-1-2-0-1-1-1-7-2-3-1	4-1-4-7-1-2-1-1-2-1-2-1	2-1-1-2-3-1-1-2-1-1-4-1
926	2	1-1-2-2-1-1-1-1-1-1-1-1	1-1-1-2-1-1-1-1-1-1-3-1	6-1-1-6-3-1-1-1-1-1-1-3	3-0-1-1-5-3-1-6-1-1-2-1	6-1-4-5-1-2-3-3-1-1-1-3	3-1-3-1-1-7-3-1-1-1-0-4	3-4-1-0-3-1-0-3-1-1-3-3	1-5-2-3-3-1-1-4-2-1-0-0	2-0-3-3-4-8-1-3-1-2-3-1	1-3-1-1-3-2-3-4-3-1-1-4	1-2-1-1-1-1-1-7-1-2-4-1	1-2-2-1-1-1-3-1-2-2-2-1
926	3	1-4-1-1-1-1-1-3-1-1-1-1	1-4-4-2-1-1-1-1-1-1-2-2	4-4-1-1-2-2-4-5-4-1-4-2	2-2-4-1-2-2-1-2-4-4-4-1	2-1-2-1-1-3-4-2-4-1-1-2	2-2-4-0-3-1-4-1-1-3-5-3	2-2-1-0-2-3-4-2-1-1-2-2	3-2-1-5-2-4-4-2-2-1-1-1	3-1-4-2-3-2-8-2-1-3-2-3	1-2-8-4-2-2-2-3-2-1-1-2	1-2-3-1-7-1-2-3-1-4-2-3	3-2-2-4-1-3-2-1-2-2-3-1
926	4	4-3-5-7-3-3-4-4-1-4-5-5	4-3-3-5-1-1-5-4-5-1-5-5	4-5-6-2-4-1-5-3-5-2-3-4	5-6-5-5-2-2-1-2-3-3-3-7	2-4-2-1-5-3-5-5-3-3-1-3	1-2-3-4-7-6-3-1-1-3-1-2	6-2-2-6-5-1-3-5-4-1-6-2	6-2-6-3-2-3-3-2-2-4-6-4	6-4-5-2-2-0-4-2-1-4-2-3	6-2-1-3-6-2-1-2-6-5-6-2	6-2-6-1-1-6-6-6-5-3-2-4	1-2-4-3-6-1-2-6-5-5-1-1
926	5	6-8-4-5-5-6-5-5-1-4-4-4	4-7-5-4-7-5-4-6-4-4-4-4	4-4-4-2-1-4-6-7-4-5-6-5	4-4-6-4-2-2-6-2-6-7-6-4	2-4-5-5-4-5-6-4-6-7-6-2	4-8-6-4-4-2-6-2-6-5-3-5	7-6-5-0-4-1-7-4-5-5-2-6	5-2-4-3-2-1-6-2-2-5-4-4	4-4-4-2-5-6-0-6-1-4-2-3	4-4-5-6-2-2-3-1-4-4-4-2	4-6-8-8-8-4-4-4-4-2-6-3	1-8-4-5-4-5-2-4-4-4-5-1
926	6	7-7-8-8-7-5-6-6-6-6-6-6	6-5-5-7-6-5-8-7-4-6-7-7	2-7-4-2-7-6-7-7-7-7-5-7	7-4-5-7-7-7-8-6-7-5-7-4	7-4-7-7-6-6-7-6-5-5-8-7	7-6-7-6-6-4-5-7-5-6-7-7	4-5-5-4-7-6-7-8-1-5-4-5	4-7-4-7-7-8-5-7-6-4-7-4	4-4-4-7-7-5-7-7-1-6-7-4	4-7-5-5-4-7-7-6-6-7-4-2	4-5-4-1-1-4-4-4-4-7-5-6	1-5-6-7-4-4-7-4-4-1-7-1
926	7	6-6-6-6-6-8-8-8-6-6-6-8	6-5-5-6-6-8-6-6-8-7-6-6	8-6-6-8-6-7-6-6-8-6-7-6	6-7-7-6-6-6-8-6-6-5-6-4	6-4-6-6-7-7-6-7-7-7-1-6	8-7-6-7-6-2-6-6-7-7-3-7	8-5-5-7-8-7-6-6-7-5-6-5	5-6-6-6-6-7-5-6-6-5-6-7	7-7-7-6-6-5-6-6-1-6-6-6	7-6-7-6-7-6-6-6-7-7-6-2	5-7-8-1-3-8-4-6-8-6-5-7	3-8-7-6-6-7-6-7-2-2-6-1
926	8	8-6-6-6-8-8-7-8-6-6-7-7	7-5-8-4-8-8-6-6-8-8-6-6	8-7-8-7-8-8-7-7-7-8-8-8	6-8-8-6-8-8-6-8-7-8-8-4	2-4-8-8-8-8-7-8-8-8-6-6	7-8-8-6-8-4-8-8-8-8-8-8	7-8-8-8-7-8-8-8-8-8-4-8	8-8-8-7-8-7-8-2-2-5-7-5	7-6-8-6-2-8-8-6-8-6-6-3	7-4-8-8-8-2-8-8-8-8-4-8	1-2-7-8-7-7-4-4-4-8-8-8	8-7-7-1-7-8-8-8-8-8-6-1
927	0	0-0-0-0-0-0-0-0-0-0-0-0	0-0-0-0-0-0-0-0-0-0-0-0	0-0-0-0-0-0-0-0-0-0-0-0	0-0-0-0-0-0-0-0-0-0-0-0	0-0-0-0-0-0-0-0-0-0-0-0	0-0-0-0-0-0-0-0-0-0-0-0	0-0-0-0-0-0-0-0-0-0-0-0	0-0-0-0-0-0-0-0-0-0-0-0	0-0-0-0-0-0-0-0-0-0-0-0	0-0-0-0-0-0-0-0-0-0-0-0	0-0-0-0-0-0-0-0-0-0-0-0	0-0-0-0-0-0-0-0-0-0-0-0
927	1	2-2-2-2-1-1-1-2-2-2-2-2	2-2-1-0-2-2-0-2-2-2-0-2	1-1-2-2-2-2-2-2-2-1-3-2	2-1-2-2-1-2-2-1-2-2-1-2	4-0-1-0-1-1-2-1-1-2-3-1	2-0-0-1-2-2-2-2-1-1-4-1	4-1-1-1-2-1-2-2-1-4-5-1	1-1-2-2-1-2-1-1-1-1-1-1	1-0-2-0-2-2-2-2-2-1-1-1	3-1-1-1-1-1-1-2-2-2-0-1	2-8-4-0-1-3-0-2-2-2-1-1	2-1-1-1-2-2-1-2-4-1-1-2
927	2	1-1-1-1-1-1-1-1-1-1-1-1	1-1-1-4-1-1-1-1-1-1-3-1	1-3-1-5-1-3-1-1-1-3-1-1	3-1-1-1-3-3-1-2-3-1-1-1	1-0-3-3-0-3-3-3-1-1-1-3	3-4-3-0-1-3-3-1-2-1-0-3	2-4-1-0-3-2-1-1-1-1-0-3	1-2-1-3-4-1-1-8-8-1-2-1	2-0-3-3-4-3-1-3-1-2-4-2	1-4-1-0-3-4-3-1-3-1-4-4	1-2-1-1-1-5-0-1-4-1-3-1	1-3-2-1-1-1-3-1-2-2-2-4
927	3	1-3-1-1-5-1-1-1-1-1-1-1	1-6-4-2-1-1-1-2-1-1-2-2	2-2-1-2-4-2-4-1-1-2-4-5	2-3-4-4-2-2-4-2-2-5-3-1	2-0-2-2-0-2-4-2-4-3-1-2	2-3-5-1-5-2-4-5-3-3-6-3	7-2-1-0-2-3-4-2-3-1-0-2	1-2-8-2-2-1-4-5-2-5-1-1	5-0-2-2-3-2-5-2-4-3-2-4	1-2-1-4-4-2-2-4-2-1-0-2	0-2-1-3-0-1-0-0-4-1-2-1	1-2-2-1-1-1-2-1-5-5-5-5
927	4	4-4-1-5-3-1-4-7-4-4-4-8	4-3-3-2-4-1-4-5-6-1-6-5	7-5-5-1-3-3-3-5-5-2-3-4	5-6-5-5-2-5-5-4-3-2-3-7	1-4-4-4-7-3-5-4-5-4-1-4	1-4-3-4-5-8-3-3-3-3-1-5	8-2-4-7-5-6-3-5-2-1-4-2	3-2-6-3-2-6-5-2-2-4-4-7	6-5-3-2-2-6-4-8-1-4-2-3	5-2-4-5-3-2-3-3-5-4-6-2	6-2-1-3-1-8-5-7-6-4-5-4	3-2-4-6-6-6-2-4-4-7-3-2
927	5	6-5-5-6-3-1-4-7-4-1-8-4	4-3-3-6-1-1-7-7-6-6-6-4	6-7-4-2-7-6-6-4-7-6-6-6	6-4-4-7-7-7-4-7-6-3-5-4	7-4-7-4-5-5-6-6-4-5-7-7	6-7-6-7-4-4-6-7-4-3-3-7	6-6-2-4-6-4-4-6-1-5-7-7	1-6-7-6-6-4-4-7-2-4-7-4	4-4-4-6-7-1-4-4-1-6-7-3	4-7-1-4-6-5-6-3-6-4-7-2	4-6-3-3-4-2-4-4-1-7-4-5	1-7-5-5-7-4-6-4-3-3-3-3
927	6	5-8-5-8-5-6-6-8-6-7-5-4	7-7-7-5-7-7-5-5-5-5-5-5	5-5-5-5-5-5-7-5-5-5-7-5	5-4-4-5-5-5-7-5-5-7-5-4	5-4-5-7-4-7-7-5-7-5-5-5	5-5-5-4-6-4-5-5-6-6-3-5	4-5-1-4-5-6-7-7-6-6-5-5	3-5-4-5-5-4-7-7-2-6-4-4	4-4-7-5-6-4-4-5-7-5-5-3	4-5-6-7-7-4-5-6-5-7-5-2	4-5-7-6-0-2-6-4-4-5-5-6	7-5-4-4-4-4-7-4-7-4-7-5
927	7	5-6-5-4-7-8-8-8-8-7-7-8	8-6-6-5-8-6-5-5-8-5-6-8	4-5-4-8-5-5-6-7-5-5-6-5	5-4-4-5-5-5-8-5-6-6-6-4	5-4-5-6-4-6-6-5-6-5-5-5	5-5-6-8-7-4-6-5-7-7-3-5	8-4-1-4-6-7-6-6-7-6-5-5	7-5-4-6-5-4-6-5-2-4-5-4	4-7-6-7-5-4-4-4-8-7-5-0	4-5-7-6-6-2-6-6-8-6-7-2	4-7-6-3-0-8-7-4-4-5-7-7	6-5-8-5-5-7-6-4-3-4-6-3
927	8	8-6-5-6-8-7-7-8-7-7-5-7	7-6-8-5-8-8-5-5-8-8-7-7	8-8-8-5-8-8-8-7-8-8-7-8	7-8-8-8-8-8-7-8-7-8-8-4	5-4-8-8-8-6-7-8-8-5-2-5	5-8-8-7-8-4-7-8-8-8-8-7	7-8-8-4-6-8-8-7-8-8-5-8	8-8-8-7-8-8-7-2-2-6-4-6	4-7-8-7-2-8-8-4-7-8-5-1	4-8-6-8-8-2-8-8-7-8-7-8	4-8-6-6-1-4-7-4-8-7-8-8	8-5-7-1-4-8-8-4-8-8-3-8
928	0	0-0-0-0-0-0-0-0-0-0-0-0	0-0-0-0-0-0-0-0-0-0-0-0	0-0-0-0-0-0-0-0-0-0-0-0	0-0-0-0-0-0-0-0-0-0-0-0	0-0-0-0-0-0-0-0-0-0-0-0	0-0-0-0-0-0-0-0-0-0-0-0	0-0-0-0-0-0-0-0-0-0-0-0	0-0-0-0-0-0-0-0-0-0-0-0	0-0-0-0-0-0-0-0-0-0-0-0	0-0-0-0-0-0-0-0-0-0-0-0	0-0-0-0-0-0-0-0-0-0-0-0	0-0-0-0-0-0-0-0-0-0-0-0
928	1	1-1-1-1-1-1-1-1-1-0-1-1	0-2-1-0-1-0-0-2-0-0-0-2	0-0-0-1-0-0-2-0-0-0-2-0	0-0-0-0-0-0-0-0-2-1-2-0	1-0-0-1-0-1-2-0-1-1-0-0	0-0-0-0-0-0-2-0-1-1-1-0	0-1-1-0-0-1-1-2-1-1-0-0	1-1-0-0-1-0-1-2-0-1-0-0	1-1-2-0-0-0-0-0-1-2-0-1	0-0-1-2-0-0-0-1-0-0-0-1	0-1-0-5-0-0-0-0-0-0-0-1	0-0-0-0-0-1-0-0-0-0-0-0
928	2	2-1-0-1-1-1-2-1-2-3-2-2	3-1-1-3-1-3-0-3-3-1-3-3	0-2-0-0-3-0-1-3-0-3-1-3	3-3-3-3-3-3-3-2-3-0-5-0	2-0-2-6-0-3-3-3-1-2-2-0	3-0-3-1-2-4-3-2-1-1-0-3	2-3-1-0-3-2-2-3-2-2-0-3	2-7-5-3-2-0-1-8-2-0-5-0	0-0-3-3-5-3-0-3-4-1-3-2	0-4-1-3-3-2-3-1-3-0-0-5	4-2-2-1-0-3-0-2-0-3-3-1	1-3-3-0-0-2-3-0-2-3-1-2
928	3	3-3-3-3-3-3-3-3-3-2-3-2	2-4-3-2-3-2-2-2-2-3-2-4	0-3-2-2-4-5-2-4-0-4-2-4	2-4-2-2-2-2-2-2-4-4-4-0	4-0-0-5-4-2-2-2-5-3-0-4	4-4-5-3-6-2-4-3-3-3-5-2	4-2-3-4-2-3-5-2-3-5-4-2	3-5-2-2-2-4-5-4-2-4-0-3	4-0-2-2-4-2-0-4-3-3-4-3	0-0-1-4-2-2-2-5-2-4-5-2	0-3-8-4-0-4-4-3-5-2-2-1	0-2-2-0-0-3-2-0-2-5-3-3
928	4	6-4-5-5-5-6-5-5-5-5-5-8	5-3-3-2-4-6-5-4-5-5-5-5	4-5-5-4-3-5-5-3-6-3-5-4	5-5-5-5-2-5-6-4-3-3-3-5	3-8-8-4-5-3-5-5-3-4-4-8	3-6-6-5-5-8-3-6-4-4-3-5	3-2-4-6-5-4-3-5-4-4-5-3	6-4-6-3-4-6-6-6-4-7-8-5	5-6-5-3-2-4-8-6-7-4-3-6	4-5-5-3-5-2-4-3-5-5-5-2	5-4-6-6-6-3-5-3-5-8-4-4	6-2-4-1-6-6-2-5-6-6-6-5
928	5	4-4-4-4-4-4-4-4-4-4-4-4	4-3-3-6-5-4-4-4-4-4-4-4	6-6-4-7-7-4-6-7-4-4-4-7	6-4-4-4-7-6-4-2-3-3-7-4	7-4-6-3-4-5-6-6-3-5-7-6	6-6-7-4-4-4-6-4-1-3-3-6	6-6-4-5-4-5-3-6-3-3-7-6	5-3-2-6-6-4-3-7-6-5-4-4	4-4-4-6-7-5-6-4-4-6-7-3	6-6-4-6-6-8-6-3-6-4-4-7	4-5-4-4-8-4-4-6-7-6-6-5	4-6-5-7-4-4-6-4-4-3-5-4
928	6	4-6-4-4-4-4-4-4-4-4-4-4	5-3-6-5-7-4-5-7-4-4-4-4	5-5-4-4-5-8-7-7-4-4-7-5	5-4-4-4-5-5-4-2-7-7-6-4	2-5-5-2-5-7-7-5-6-6-5-5	5-5-3-4-3-4-5-4-6-6-7-5	5-5-7-4-5-5-7-5-6-6-5-5	4-5-4-5-5-4-4-5-5-4-7-4	4-4-5-5-3-4-5-4-7-5-5-4	5-5-8-7-5-5-5-3-5-4-5-2	4-5-4-4-4-4-4-5-4-5-5-6	4-5-4-5-4-4-5-4-4-4-4-4
928	7	8-8-4-4-6-8-8-8-4-4-4-4	4-6-6-5-6-4-8-6-4-4-4-4	8-8-4-4-5-7-6-6-5-7-6-5	5-5-7-8-5-5-8-2-6-6-6-4	5-4-4-7-7-6-6-5-7-7-5-4	8-6-5-5-4-4-7-6-7-6-6-5	8-5-6-8-5-7-6-8-7-6-5-5	7-7-2-5-5-4-3-5-8-4-6-4	7-7-4-7-5-8-7-8-4-5-5-7	8-7-7-6-6-2-6-3-8-4-7-5	4-7-7-6-6-8-7-5-5-7-7-7	4-7-7-5-7-7-7-4-7-4-6-6
928	8	8-7-8-6-8-7-7-8-7-4-4-4	4-8-8-2-8-8-7-8-8-8-7-4	8-7-8-8-8-8-7-7-7-8-4-8	7-8-8-8-8-8-7-8-6-8-8-4	5-4-4-8-8-6-7-8-8-8-1-4	7-8-8-4-8-4-8-8-8-8-8-8	5-8-8-7-5-8-8-8-8-8-5-5	8-8-2-8-8-4-5-2-7-5-4-4	7-7-5-8-2-8-8-7-4-8-5-3	7-8-8-8-8-5-8-3-7-8-8-8	4-8-6-6-5-7-4-5-4-4-8-7	8-5-7-5-6-8-8-4-8-8-7-8
929	0	0-0-0-0-0-0-0-0-0-0-0-0	0-0-0-0-0-0-0-0-0-0-0-0	0-0-0-0-0-0-0-0-0-0-0-0	0-0-0-0-0-0-0-0-0-0-0-0	0-0-0-0-0-0-0-0-0-0-0-0	0-0-0-0-0-0-0-0-0-0-0-0	0-0-0-0-0-0-0-0-0-0-0-0	0-0-0-0-0-0-0-0-0-0-0-0	0-0-0-0-0-0-0-0-0-0-0-0	0-0-0-0-0-0-0-0-0-0-0-0	0-0-0-0-0-0-0-0-0-0-0-0	0-0-0-0-0-0-0-0-0-0-0-0
929	1	1-1-1-1-1-1-1-1-1-1-1-1	2-2-1-0-2-2-0-2-2-1-0-2	1-2-1-1-2-2-2-2-2-2-3-2	2-0-2-3-1-0-2-2-2-2-2-1	1-1-1-0-1-1-2-1-2-1-2-0	2-2-2-0-2-0-1-0-2-1-1-2	1-2-1-1-2-1-4-2-1-1-1-1	1-1-1-1-1-0-2-2-1-1-0-1	1-0-3-1-1-1-4-2-2-0-1-2	0-1-3-2-1-1-2-1-0-0-0-1	1-0-2-2-8-1-1-1-2-1-2-1	3-1-1-1-1-1-1-2-0-0-1-1
929	2	2-1-2-1-1-1-1-1-1-1-1-1	1-1-1-2-1-1-3-1-1-2-3-1	5-4-3-1-5-1-3-1-1-1-1-1	3-0-1-1-3-3-1-3-1-1-1-1	5-0-3-5-0-2-3-3-1-1-1-3	1-3-3-2-1-4-3-4-1-1-0-4	1-1-1-0-3-2-1-3-1-1-3-3	1-2-4-3-3-0-1-4-2-1-0-0	2-0-1-3-4-1-3-3-1-2-3-1	3-3-1-1-3-2-3-1-3-0-3-4	1-4-1-3-1-2-0-0-1-3-1-1	1-2-2-2-4-1-3-1-2-2-2-4
929	3	1-3-2-3-4-1-3-3-3-1-1-4	1-4-3-2-3-1-2-2-4-3-2-2	1-3-2-2-2-1-4-3-1-4-4-2	2-3-4-1-2-2-3-2-3-3-4-0	2-0-2-4-4-3-4-2-3-3-1-2	2-2-5-0-3-2-4-2-3-3-6-3	2-1-3-3-2-3-4-2-3-1-2-2	3-2-4-2-2-0-6-2-2-3-0-0	7-0-4-2-5-6-3-2-6-3-2-4	2-2-1-4-2-4-2-6-2-0-2-3	2-3-6-2-1-1-0-3-2-2-4-1	1-2-2-4-2-0-2-0-0-6-5-3
929	4	4-3-4-4-3-4-4-4-5-4-5-3	5-3-3-2-5-5-5-5-5-3-5-5	7-5-7-1-4-1-5-5-5-2-3-4	5-4-3-5-2-2-5-4-3-3-3-5	2-5-5-3-6-3-5-5-3-4-1-2	5-5-3-5-5-7-3-2-1-3-3-2	5-1-4-5-5-4-3-5-3-1-5-3	1-2-3-3-3-5-3-2-2-4-4-6	6-5-3-2-2-6-6-6-3-4-2-3	5-8-1-3-3-3-3-3-6-6-6-2	6-2-5-3-6-5-6-6-6-5-3-4	4-3-5-3-6-6-5-4-6-5-3-2
929	5	5-5-5-5-6-5-5-8-4-4-4-4	4-6-5-2-4-5-4-4-4-5-4-4	2-4-4-1-6-7-6-6-4-6-6-4	4-4-6-4-2-2-6-2-5-7-5-4	2-4-4-2-5-6-6-4-6-5-6-2	4-6-3-4-4-4-6-4-5-5-3-5	4-6-5-4-6-5-6-4-3-7-4-6	1-2-3-3-2-4-7-7-2-5-4-4	4-4-7-5-6-3-4-4-7-5-2-5	4-4-1-6-4-7-4-5-4-4-4-2	4-6-4-5-4-4-4-4-4-4-4-3	1-2-4-6-4-4-4-4-4-4-6-8
929	6	7-6-8-8-5-7-7-6-6-6-6-8	4-5-5-7-6-7-7-7-7-6-8-7	5-7-7-8-7-8-5-5-5-7-5-7	7-4-5-7-7-7-5-7-7-5-7-6	7-4-7-7-4-7-7-6-5-6-7-7	5-7-7-6-6-4-7-7-5-5-3-8	7-5-5-4-5-6-5-7-3-5-7-5	3-7-7-7-7-4-8-6-7-4-7-4	4-4-4-7-5-3-4-4-3-5-7-3	7-7-1-5-7-8-7-3-4-4-7-7	4-5-3-5-4-4-4-4-4-7-7-7	1-7-6-5-4-4-7-4-4-4-5-3
929	7	6-8-6-6-5-8-8-8-7-6-6-8	8-5-5-6-7-6-6-6-4-6-6-8	4-6-6-6-6-5-6-6-5-6-7-6	6-7-7-6-6-6-8-6-6-5-6-6	6-4-6-6-7-6-6-6-7-7-6-6	8-6-6-8-7-4-6-6-5-7-3-7	6-5-5-4-7-7-7-6-7-5-6-5	7-6-6-6-6-4-5-6-6-4-6-4	7-7-7-6-7-3-4-4-3-5-6-3	6-6-7-3-6-5-6-1-8-7-6-6	6-7-5-7-7-4-4-7-4-6-7-7	1-6-8-7-6-6-6-4-6-4-6-5
929	8	8-7-6-6-8-7-7-8-7-6-6-6	7-8-8-6-8-8-7-8-8-8-6-7	8-8-8-6-8-8-8-7-8-8-7-8	7-8-8-8-8-8-7-8-8-8-8-6	6-4-8-8-8-8-7-8-8-8-6-6	8-8-8-7-8-4-8-8-8-8-8-6	4-8-8-8-5-8-8-8-8-8-4-8	8-8-6-7-8-6-6-2-2-5-4-4	6-8-8-7-2-8-4-4-8-6-6-8	6-4-8-8-8-6-8-8-3-8-6-8	4-8-3-8-1-4-4-4-4-8-8-8	8-7-7-5-2-8-8-4-4-8-6-5
930	0	0-0-0-0-0-0-0-0-0-0-0-0	0-0-0-0-0-0-0-0-0-0-0-0	0-0-0-0-0-0-0-0-0-0-0-0	0-0-0-0-0-0-0-0-0-0-0-0	0-0-0-0-0-0-0-0-0-0-0-0	0-0-0-0-0-0-0-0-0-0-0-0	0-0-0-0-0-0-0-0-0-0-0-0	0-0-0-0-0-0-0-0-0-0-0-0	0-0-0-0-0-0-0-0-0-0-0-0	0-0-0-0-0-0-0-0-0-0-0-0	0-0-0-0-0-0-0-0-0-0-0-0	0-0-0-0-0-0-0-0-0-0-0-0
930	1	1-1-1-1-0-0-1-0-1-1-1-1	1-0-0-1-0-1-1-0-0-1-0-0	3-2-3-2-1-2-2-1-0-0-2-0	2-3-2-2-2-2-0-1-0-0-2-10	0-4-0-0-3-0-2-2-0-0-1-1	2-3-0-0-3-1-0-2-0-0-0-2	0-0-0-7-2-1-0-0-0-0-2-3	1-0-0-2-0-3-0-3-0-1-4-1	1-5-2-2-3-0-1-2-0-1-1-0	2-1-1-2-0-0-2-0-1-3-4-0	2-0-0-0-1-1-1-10-10-2-0-1	1-2-1-2-1-1-1-1-1-2-1-0
930	2	2-2-2-2-2-2-2-2-3-2-2-3	3-3-3-1-4-3-2-2-2-3-3-3	2-1-2-2-2-1-3-2-3-3-3-3	1-1-1-1-1-1-0-2-3-3-3-1	1-3-8-0-1-3-1-1-3-3-5-1	2-8-0-0-1-3-3-1-3-2-6-1	3-3-0-1-1-11-3-3-4-5-1-0	3-2-2-3-0-2-3-0-2-3-6-0	3-1-1-1-2-2-1-1-6-3-1-2	1-3-0-3-3-2-1-2-1-1-0-0	3-11-11-2-11-1-1-1-1-1-3-2	1-2-6-1-1-2-1-2-1-1-3-10
930	3	3-2-2-3-2-2-2-2-2-2-2-2	2-2-2-5-4-2-4-4-5-2-5-2	1-3-5-4-4-5-4-4-2-2-2-4	4-1-4-4-5-4-0-5-2-2-2-1	5-2-4-4-1-2-4-4-2-3-4-5	5-4-4-3-1-5-4-5-2-2-0-5	2-7-2-1-4-0-2-4-3-2-4-4	2-5-3-4-4-1-2-5-5-2-3-4	10-1-4-4-5-3-1-4-2-2-3-3	1-4-1-2-4-3-7-2-4-1-0-5	2-2-2-2-2-3-1-1-7-4-2-4	2-3-3-1-1-1-4-3-1-3-2-2
930	4	4-4-2-4-4-2-4-4-2-2-2-3	3-6-6-3-3-6-3-5-3-2-3-5	1-3-3-3-3-3-5-6-6-2-5-6	3-3-3-3-3-3-5-3-5-2-5-1	3-1-3-3-1-5-5-3-4-4-3-3	3-3-5-5-4-3-3-3-4-4-7-4	5-6-4-1-3-5-6-3-2-8-3-3	7-3-3-5-3-2-5-3-3-6-9-3	3-1-5-3-2-3-1-3-5-4-5-5	1-3-0-5-3-3-5-8-3-1-8-3	8-3-2-2-1-3-1-1-2-3-5-9	4-3-1-1-1-0-5-6-1-3-6-2
930	5	6-4-3-5-4-5-4-2-2-5-6-6	2-4-4-3-6-8-3-4-3-2-6-4	3-3-6-3-3-6-4-3-4-6-4-8	6-6-6-3-3-3-4-3-6-2-4-1	3-1-3-7-1-4-6-3-6-5-8-3	3-3-4-3-5-3-6-3-5-5-0-3	4-3-6-1-3-4-5-6-5-2-3-5	2-3-3-4-3-5-4-3-3-8-3-7	3-1-4-3-6-7-1-6-4-8-4-4	4-5-0-6-7-3-4-4-2-1-4-3	2-2-5-5-5-5-4-1-2-3-6-5	1-7-3-1-3-5-4-5-9-3-4-4
930	6	7-4-2-6-4-5-7-8-2-7-6-5	8-4-4-3-6-4-7-6-7-2-5-7	10-8-7-3-5-7-5-4-4-5-3-4	8-5-7-5-3-7-4-3-5-2-4-1	6-10-11-5-7-4-7-7-5-10-10-7	7-7-4-10-8-5-5-7-4-4-2-7	8-4-5-10-7-6-7-5-5-6-3-3	4-6-3-5-3-10-5-7-10-8-7-8	7-7-7-7-5-9-8-8-4-6-4-6	7-7-8-5-5-7-5-11-7-8-10-4	6-2-6-7-2-6-7-1-8-7-5-8	4-5-2-6-8-7-5-9-9-8-4-2
930	7	6-8-2-11-7-8-7-8-7-7-6-5	6-8-8-3-7-9-6-7-6-7-6-6	6-6-6-5-3-6-8-6-9-8-8-7	6-5-8-5-3-6-9-3-8-5-7-1	3-11-2-5-6-8-6-6-5-6-5-6	6-6-5-6-6-3-6-3-7-7-4-6	1-3-9-1-6-6-7-5-7-2-3-5	9-3-9-7-3-6-8-6-6-10-6-5	6-6-6-6-7-5-6-6-9-4-8-4	6-6-6-6-5-4-3-9-6-6-6-3	6-3-7-9-6-11-6-1-1-6-5-8	9-5-2-6-6-7-4-8-5-3-7-7
930	8	8-7-8-9-7-7-8-7-8-8-8-9	6-7-7-10-9-5-8-10-9-9-9-10	8-10-6-9-10-9-9-9-7-9-7-9	9-10-7-10-9-9-7-9-9-2-8-1	10-1-2-9-6-9-9-9-8-6-5-9	9-10-9-6-6-9-9-8-7-7-4-10	6-9-7-8-9-8-7-9-7-4-10-9	2-10-10-9-10-6-11-11-11-6-10-6	8-6-9-9-11-10-6-6-5-5-10-8	11-10-6-0-11-10-9-7-9-6-10-8	4-8-2-5-2-6-1-1-6-10-9-7	4-9-1-6-6-7-9-7-8-6-11-2
930	9	8-11-8-11-7-9-8-11-9-10-8-8	10-10-10-8-8-10-8-8-6-7-8-8	6-8-8-8-8-8-10-8-7-8-10-8	8-5-11-8-8-8-10-8-10-5-10-1	8-7-10-8-8-10-10-8-10-9-8-8	8-8-8-6-9-8-8-8-9-9-4-9	8-8-7-11-8-9-10-10-9-10-8-8	7-8-8-10-8-8-8-10-8-9-10-6	7-1-8-8-9-5-6-6-10-9-7-4	8-8-9-10-10-8-8-7-8-6-6-8	11-8-10-7-8-6-6-1-6-6-8-9	7-8-1-6-6-6-8-6-10-6-10-8
930	10	8-11-8-8-7-11-11-11-11-10-8-11	11-9-9-8-8-9-8-8-11-8-8-11	6-8-6-11-8-9-9-10-11-8-9-8	8-10-10-8-8-8-11-8-9-8-9-11	8-11-9-8-6-9-9-8-9-6-6-8	6-8-8-6-10-8-9-8-10-10-4-8	11-8-9-6-8-10-10-9-10-9-8-8	10-8-8-9-8-6-8-8-6-7-8-10	3-6-6-8-8-8-1-6-11-5-8-4	1-8-6-11-9-8-8-9-10-6-6-8	9-10-9-5-2-11-6-1-1-8-10-10	9-11-1-1-8-7-9-6-9-6-9-2
930	11	11-9-8-9-11-10-10-11-10-10-11-10	10-9-11-8-11-11-8-8-11-11-8-10	11-11-11-8-10-11-11-10-11-11-10-11	10-11-11-11-11-11-10-11-10-2-10-10	8-10-11-11-11-10-10-11-10-11-8-11	10-2-11-10-11-11-10-11-11-11-11-11	10-11-11-9-11-11-10-10-11-11-8-8	11-9-8-10-11-11-8-8-8-11-6-11	6-11-11-8-8-11-11-8-10-4-8-8	8-11-9-10-11-8-11-6-10-11-9-11	9-2-2-11-2-10-7-10-11-11-11-11	11-10-10-11-6-11-11-11-11-11-8-11
931	0	0-0-0-0-0-0-0-0-0-0-0-0	0-0-0-0-0-0-0-0-0-0-0-0	0-0-0-0-0-0-0-0-0-0-0-0	0-0-0-0-0-0-0-0-0-0-0-0	0-0-0-0-0-0-0-0-0-0-0-0	0-0-0-0-0-0-0-0-0-0-0-0	0-0-0-0-0-0-0-0-0-0-0-0	0-0-0-0-0-0-0-0-0-0-0-0	0-0-0-0-0-0-0-0-0-0-0-0	0-0-0-0-0-0-0-0-0-0-0-0	0-0-0-0-0-0-0-0-0-0-0-0	0-0-0-0-0-0-0-0-0-0-0-0
931	1	1-1-1-1-1-0-1-1-1-1-1-1	1-0-0-2-0-1-1-2-2-1-2-2	0-2-3-0-2-2-2-3-0-1-2-0	2-2-1-2-2-2-0-3-2-3-3-2	0-1-2-2-0-0-2-2-0-2-4-3	2-2-3-1-0-2-2-0-0-0-0-2	0-1-0-1-0-0-0-2-1-0-0-0	0-2-3-2-0-0-0-3-1-0-1-0	0-1-0-2-1-2-1-2-0-1-3-5	2-2-0-2-2-2-2-1-2-0-0-0	1-0-1-0-2-1-1-1-1-1-2-1	1-2-1-1-0-1-2-1-1-1-2-1
931	2	2-2-2-2-2-2-2-2-2-2-2-2	1-3-3-1-0-2-1-1-3-1-1-1	2-1-1-3-1-3-3-4-0-3-3-3	1-1-2-1-1-1-3-1-1-1-3-1	0-1-1-1-0-3-3-1-3-1-1-1	1-1-1-2-2-1-3-1-2-2-0-1	0-1-0-0-4-0-3-1-4-4-1-0	4-1-0-1-0-0-3-4-1-0-3-3	2-0-0-1-5-1-3-1-0-2-0-1	1-1-0-3-3-1-1-4-1-0-0-0	3-3-4-4-1-2-0-0-0-1-1-2	1-1-1-1-0-1-1-1-1-1-4-4
931	3	4-3-3-2-2-2-3-2-3-3-3-3	3-2-2-3-5-4-3-4-4-3-4-4	8-4-4-2-1-4-2-4-5-5-2-4	4-4-4-1-1-1-5-1-1-1-1-5	1-4-6-1-4-2-4-1-2-3-1-1	3-1-1-5-2-1-2-3-2-0-0-3	5-2-0-3-4-0-2-2-0-9-3-4	3-1-1-1-3-4-2-1-1-3-5-2	5-4-4-1-5-0-4-3-9-3-3-4	4-3-3-4-2-0-1-2-3-4-3-3	2-3-2-2-3-3-4-3-3-3-4-3	3-1-3-5-3-6-3-3-3-3-3-3
931	4	3-5-4-4-4-4-4-4-4-3-3-3	3-2-2-4-0-3-3-5-3-5-5-3	3-5-3-7-5-3-5-5-3-5-4-5	5-3-3-5-5-5-3-5-1-1-4-3	5-3-5-1-3-4-5-5-3-3-1-5	5-1-5-7-4-6-5-5-2-0-0-7	5-5-4-3-5-4-5-5-4-4-5-3	2-8-5-5-5-3-9-8-4-3-8-5	3-3-3-5-9-4-3-5-6-4-4-5	5-1-0-3-5-8-5-2-5-3-5-5	5-4-2-2-3-4-3-4-0-5-3-3	1-5-4-3-3-1-5-3-4-4-4-6
931	5	5-5-4-4-4-5-5-5-5-3-3-3	4-6-6-4-6-3-3-4-3-4-4-6	3-4-4-4-4-4-4-4-3-4-7-4	4-6-4-4-4-4-3-4-6-6-6-3	4-3-4-1-6-4-4-4-6-5-1-4	4-5-4-3-5-3-6-4-5-5-7-5	4-4-6-3-4-5-8-4-5-7-4-4	5-4-4-4-4-3-7-4-4-5-3-5	3-3-4-4-2-1-9-4-7-5-4-1	4-6-6-6-4-6-1-8-4-3-9-4	3-5-2-5-9-3-3-6-4-4-8-5	1-4-3-3-3-1-4-3-1-4-4-8
931	6	7-6-7-6-8-7-7-7-7-7-7-8	7-5-5-4-8-7-6-6-7-7-7-7	6-7-8-9-6-7-6-6-7-7-6-6	7-6-7-8-4-5-7-6-5-6-5-6	4-7-6-6-7-5-7-6-5-6-6-6	6-9-5-6-7-7-5-8-7-5-0-6	7-4-6-3-7-6-6-7-5-6-7-8	7-4-7-4-4-7-6-4-4-7-9-7	7-7-7-4-4-6-7-7-5-6-4-7	7-7-7-8-6-5-8-6-7-7-7-7	7-4-7-9-7-7-7-7-7-6-5-6	7-4-6-7-7-7-5-7-7-6-6-4
931	7	6-6-7-6-6-6-6-6-6-6-6-6	6-5-5-8-6-6-6-8-6-6-6-6	7-8-8-4-7-6-8-5-6-6-5-7	8-6-6-6-8-8-6-8-8-1-8-3	8-6-9-1-6-8-8-8-7-7-9-8	8-9-5-4-6-6-8-6-5-0-5-8	8-7-7-3-6-7-5-9-5-7-8-7	6-7-6-8-7-6-5-9-7-6-6-6	6-6-6-4-4-6-6-6-5-4-8-6	6-8-6-5-8-5-6-5-6-6-6-6	6-7-6-2-6-6-6-6-6-7-5-7	6-7-7-6-6-6-7-6-8-7-8-5
931	8	7-9-6-6-6-9-6-7-6-6-6-6	6-5-6-7-6-6-6-7-6-6-6-6	3-7-7-7-7-8-7-6-9-7-8-7	7-8-8-6-7-7-6-7-7-5-7-3	7-6-3-6-8-7-7-7-8-8-6-7	9-8-9-3-8-6-7-6-8-8-0-7	7-7-5-9-9-5-5-7-8-3-7-7	8-4-4-7-4-3-5-4-7-6-4-6	8-6-6-4-4-7-8-7-5-6-7-6	8-7-8-6-7-4-6-5-6-6-7-6	7-8-7-2-9-6-6-8-6-8-5-8	6-7-5-6-6-8-8-6-7-4-7-5
931	9	9-8-7-7-9-8-6-9-6-6-6-6	6-9-9-7-9-6-8-9-6-9-6-7	9-9-9-7-9-7-8-6-6-9-9-9	7-9-8-9-9-9-6-9-9-9-7-3	7-6-9-9-9-9-8-9-9-9-7-6	8-9-9-9-9-6-9-9-9-9-9-9	7-9-9-8-7-9-9-7-9-7-9-9	9-9-4-8-9-8-4-4-4-6-6-6	6-6-9-8-4-9-5-7-9-6-9-6	8-6-9-9-9-4-9-6-9-9-5-9	5-9-9-6-8-8-6-5-6-8-9-9	6-8-7-0-0-9-9-6-9-9-7-9
932	0	0-0-0-0-0-0-0-0-0-0-0-0	0-0-0-0-0-0-0-0-0-0-0-0	0-0-0-0-0-0-0-0-0-0-0-0	0-0-0-0-0-0-0-0-0-0-0-0	0-0-0-0-0-0-0-0-0-0-0-0	0-0-0-0-0-0-0-0-0-0-0-0	0-0-0-0-0-0-0-0-0-0-0-0	0-0-0-0-0-0-0-0-0-0-0-0	0-0-0-0-0-0-0-0-0-0-0-0	0-0-0-0-0-0-0-0-0-0-0-0	0-0-0-0-0-0-0-0-0-0-0-0	0-0-0-0-0-0-0-0-0-0-0-0
932	1	1-0-1-1-1-0-1-0-1-0-1-1	0-0-0-1-0-0-0-2-0-1-2-0	1-2-0-1-2-0-2-0-0-3-0-2	2-0-0-2-2-2-0-3-1-0-2-0	1-0-0-0-0-1-2-2-1-0-0-2	2-0-0-0-0-3-2-2-0-0-0-2	1-2-3-0-2-0-0-2-1-1-1-2	0-1-3-1-1-0-0-1-1-0-0-0	1-2-0-2-3-2-0-2-0-1-1-2	0-2-0-0-2-2-0-0-2-0-0-1	1-3-0-0-0-1-1-0-0-3-2-0	0-1-1-0-0-1-2-0-1-1-1-3
932	2	3-3-1-2-3-2-2-2-2-2-2-3	0-3-3-1-0-3-0-1-3-2-1-3	2-1-0-1-1-0-3-1-0-1-3-3	1-2-2-1-1-1-0-1-4-3-3-0	1-0-4-6-0-1-3-1-2-2-0-1	1-0-3-0-5-1-3-1-2-2-2-2	5-1-2-2-1-2-3-1-3-4-1-3	0-0-5-3-3-3-4-4-1-0-2-0	5-1-2-1-0-3-3-1-3-2-2-2	0-3-2-0-1-1-5-2-1-3-0-1	2-1-0-2-5-0-1-5-0-0-1-2	0-1-1-2-3-5-1-0-5-3-2-2
932	3	2-2-3-4-2-2-4-2-2-3-4-2	4-2-2-5-3-2-4-5-5-2-4-4	5-4-4-1-3-4-2-4-4-1-2-2	4-4-4-3-1-1-4-1-2-2-2-4	1-5-3-4-4-2-4-3-3-2-3-6	0-0-2-3-3-5-2-2-2-2-2-4	4-1-2-2-4-3-2-4-4-2-4-2	4-1-1-2-2-4-3-1-1-3-3-4	4-3-4-4-1-4-4-4-2-3-1-4	4-4-4-4-4-2-2-0-4-4-4-1	4-1-4-3-4-4-4-4-6-2-4-2	4-1-3-3-4-3-1-3-4-5-2-1
932	4	4-4-6-6-4-3-4-5-4-4-3-6	3-2-2-3-3-5-6-4-5-4-5-5	3-5-3-5-5-3-5-5-5-5-5-5	5-3-3-5-5-5-4-5-5-3-5-3	5-3-2-5-3-4-5-5-3-6-6-5	5-0-5-4-3-4-5-5-4-2-2-3	3-4-2-2-3-3-2-3-4-2-5-5	3-5-2-5-5-3-2-5-4-3-5-3	3-3-3-5-6-3-3-3-2-4-5-3	3-5-3-5-5-3-2-4-3-3-3-4	3-3-3-3-3-3-3-3-5-5-3-6	3-0-3-5-5-3-4-3-3-3-5-5
932	5	4-6-4-6-5-6-6-6-6-5-5-6	6-2-2-3-5-6-3-3-3-4-4-6	3-4-3-4-4-3-4-4-4-4-6-4	4-4-5-4-4-4-6-4-4-2-4-6	4-3-0-4-5-4-6-4-5-5-4-4	6-6-4-6-2-6-4-4-5-5-2-5	2-4-2-5-6-5-5-5-5-5-4-4	5-4-2-4-4-6-2-4-4-5-4-3	5-5-5-4-4-1-2-4-2-5-4-2	4-4-5-4-4-4-2-5-6-0-5-1	4-5-5-6-2-6-3-2-4-5-5-5	2-1-6-5-5-2-2-3-2-3-4-2
932	6	6-5-4-4-6-5-5-6-5-4-4-5	5-6-6-3-6-6-4-6-5-6-5-5	6-6-6-5-6-6-6-5-4-6-5-6	4-6-6-6-6-6-5-6-2-6-6-5	4-3-6-6-5-5-5-6-6-6-4-3	5-6-5-5-6-5-6-6-6-6-6-5	3-6-6-6-5-6-6-6-6-6-4-6	6-6-6-5-4-5-6-1-5-5-5-6	5-6-6-5-4-6-6-3-6-6-4-2	5-3-6-6-1-1-6-5-5-6-3-6	3-1-3-5-4-5-3-3-3-0-6-6	6-6-5-4-4-6-2-6-3-6-2-6
933	0	0-0-0-0-0-0-0-0-0-0-0-0	0-0-0-0-0-0-0-0-0-0-0-0	0-0-0-0-0-0-0-0-0-0-0-0	0-0-0-0-0-0-0-0-0-0-0-0	0-0-0-0-0-0-0-0-0-0-0-0	0-0-0-0-0-0-0-0-0-0-0-0	0-0-0-0-0-0-0-0-0-0-0-0	0-0-0-0-0-0-0-0-0-0-0-0	0-0-0-0-0-0-0-0-0-0-0-0	0-0-0-0-0-0-0-0-0-0-0-0	0-0-0-0-0-0-0-0-0-0-0-0	0-0-0-0-0-0-0-0-0-0-0-0
933	1	1-1-1-1-1-1-1-1-1-1-1-1	1-1-0-1-0-1-1-0-0-1-0-2	3-2-2-0-0-2-2-2-0-0-0-0	2-3-3-0-1-2-2-4-0-0-1-1	0-1-1-0-7-0-2-2-0-1-0-0	0-5-0-1-0-0-2-1-0-0-0-2	0-0-0-3-2-1-0-0-0-1-1-0	1-0-0-0-1-2-0-0-1-1-2-0	1-2-2-0-0-0-2-2-1-1-1-0	3-1-1-2-0-1-0-0-1-2-1-0	0-0-0-0-0-1-2-2-0-0-0-1	1-0-1-1-2-1-1-1-1-0-1-0
933	2	2-1-2-1-2-2-2-2-2-2-2-2	3-2-0-3-0-1-3-3-3-3-3-1	1-3-3-4-3-1-3-1-3-3-1-3	3-3-3-3-5-3-1-7-3-0-2-2	2-0-2-5-1-3-3-3-0-2-0-3	3-8-3-2-2-5-3-3-0-2-0-3	5-3-4-1-3-2-0-3-0-2-2-3	0-5-5-3-5-1-0-5-2-1-1-0	1-1-1-3-4-5-1-1-0-4-4-5	2-4-0-3-3-4-3-0-3-1-3-2	2-4-7-0-0-1-1-1-4-2-3-4	3-3-3-1-2-3-5-1-4-2-2-7
933	3	3-4-2-3-2-3-3-3-3-3-3-4	2-4-4-2-1-4-2-4-4-2-2-4	1-2-2-2-2-2-4-4-2-2-4-2	2-1-4-2-2-2-7-2-4-4-2-2	2-3-2-3-3-2-4-2-4-0-0-2	2-2-2-2-3-2-4-2-3-3-3-2	4-2-3-1-2-3-4-4-4-3-2-2	3-2-2-2-2-1-5-0-3-3-3-0	3-1-1-2-3-0-3-1-2-3-2-3	1-1-3-2-2-2-2-3-2-3-2-2	7-2-3-3-4-2-1-1-4-2-2-3	2-2-2-1-3-2-2-1-6-2-5-6
933	4	4-3-5-7-4-3-5-3-5-5-4-7	5-3-3-5-5-5-5-5-5-5-5-5	3-5-5-2-4-5-3-3-5-5-3-4	5-5-5-5-2-5-5-1-3-6-4-5	2-8-1-6-5-3-5-5-4-8-6-8	5-0-2-2-5-2-3-2-3-3-0-2	3-2-3-5-5-4-3-5-3-4-5-5	3-2-6-3-2-5-3-2-5-7-5-5	5-4-5-2-2-4-5-5-5-2-2-4	5-6-1-3-5-2-3-3-5-5-5-2	5-2-4-8-5-5-5-6-5-2-7-4	0-2-4-4-5-6-2-5-5-6-2-2
933	5	4-5-4-5-5-5-4-5-4-4-4-4	4-6-5-4-4-4-4-4-4-4-4-4	1-4-4-2-6-4-8-6-4-6-8-6	4-4-4-4-2-4-4-2-6-6-6-4	2-4-1-2-4-6-4-4-6-7-6-6	4-1-3-2-4-2-6-2-3-5-3-6	2-2-5-6-4-5-3-4-5-5-5-6	5-2-2-6-2-4-3-2-4-6-4-4	4-4-4-4-3-2-4-4-7-2-2-6	4-4-8-6-4-2-2-5-4-4-4-2	4-6-6-3-4-8-4-7-4-2-4-5	7-2-1-4-4-4-2-4-4-4-3-6
933	6	7-7-7-6-7-7-8-6-7-7-7-6	6-5-5-4-7-7-7-6-8-7-7-7	6-7-7-7-7-7-7-7-7-5-6-6	7-7-7-7-7-7-6-4-5-5-7-4	7-7-8-7-8-5-7-7-5-6-6-7	7-7-7-8-7-7-7-7-7-6-0-8	7-5-6-5-5-6-7-7-6-5-7-7	5-7-4-7-7-8-6-7-6-5-7-4	8-4-8-7-7-7-4-5-5-6-7-5	4-7-6-5-7-7-7-6-5-4-7-7	4-5-6-6-6-5-4-4-7-6-4-6	8-8-6-7-7-4-7-4-4-4-3-8
933	7	6-8-6-6-6-6-6-6-6-6-6-4	6-5-6-4-6-6-6-6-6-6-6-6	1-6-6-6-6-7-6-6-6-6-6-7	6-6-6-6-6-6-6-2-6-5-6-4	6-6-6-6-1-7-6-6-7-5-6-6	6-6-6-6-7-6-6-6-7-7-0-7	6-5-5-5-6-7-6-6-7-3-6-6	7-6-2-6-6-8-3-6-8-4-6-4	7-8-7-6-6-6-7-4-5-6-6-3	7-6-6-6-6-6-6-8-8-4-6-6	3-7-6-0-8-7-4-5-6-7-4-6	6-7-7-6-6-3-6-4-2-4-2-2
933	8	8-7-6-6-8-7-6-8-6-6-6-8	6-5-8-6-8-6-6-8-6-8-6-6	8-8-8-6-8-8-5-6-7-8-5-8	6-8-6-8-8-8-6-8-8-8-8-4	8-4-6-8-8-8-7-8-8-6-6-8	7-8-7-6-8-8-8-8-8-8-8-8	4-8-8-8-5-8-7-8-8-7-4-6	8-6-2-6-8-7-8-2-7-5-6-4	6-8-7-7-6-8-8-7-8-6-6-6	4-8-8-8-8-2-6-7-5-8-8-6	4-2-6-8-7-5-4-4-4-6-8-8	6-6-8-0-6-8-8-4-8-8-2-6
934	0	0-0-0-0-0-0-0-0-0-0-0-0	0-0-0-0-0-0-0-0-0-0-0-0	0-0-0-0-0-0-0-0-0-0-0-0	0-0-0-0-0-0-0-0-0-0-0-0	0-0-0-0-0-0-0-0-0-0-0-0	0-0-0-0-0-0-0-0-0-0-0-0	0-0-0-0-0-0-0-0-0-0-0-0	0-0-0-0-0-0-0-0-0-0-0-0	0-0-0-0-0-0-0-0-0-0-0-0	0-0-0-0-0-0-0-0-0-0-0-0	0-0-0-0-0-0-0-0-0-0-0-0	0-0-0-0-0-0-0-0-0-0-0-0
934	1	1-1-1-1-1-1-1-1-1-1-2-2	2-2-1-0-2-2-1-2-2-2-2-2	1-2-2-2-2-2-2-2-2-2-2-2	2-1-2-2-1-2-2-2-1-2-0-2	2-0-1-3-2-1-2-1-2-2-2-1	4-2-2-1-2-2-1-2-2-1-4-2	4-2-1-1-1-5-4-2-1-1-4-4	1-1-0-0-1-2-2-1-1-1-0-1	1-4-1-0-1-2-1-2-2-1-1-2	1-1-2-2-1-1-2-1-1-2-0-1	1-9-4-2-4-1-1-4-4-4-2-2	2-1-1-3-3-4-4-2-1-1-4-1
934	2	1-1-1-1-1-1-1-1-1-1-1-1	1-1-1-4-1-1-3-1-1-1-1-1	1-1-1-3-5-1-3-1-1-1-1-1	3-3-1-2-3-3-1-8-1-1-2-1	1-0-2-1-3-3-3-3-1-1-1-3	1-3-3-2-1-1-3-1-1-1-0-2	3-1-1-0-3-1-2-3-1-2-3-3	1-2-8-2-3-1-1-9-2-1-1-0	2-0-1-3-4-1-1-3-1-2-2-1	2-3-1-1-3-2-5-1-3-1-0-2	1-2-1-1-1-1-0-0-1-5-3-1	1-2-2-1-1-1-3-1-2-2-2-1
934	3	3-4-1-2-4-1-1-1-1-1-1-1	1-4-4-2-1-1-2-4-1-1-2-4	5-2-1-2-2-1-4-1-1-2-4-2	2-2-3-2-2-2-1-1-5-4-4-1	1-0-5-1-2-2-4-2-3-3-1-2	1-2-5-2-3-1-4-3-3-3-7-3	2-1-1-6-2-1-4-2-3-3-2-2	3-2-0-2-2-1-4-2-2-0-5-1	1-0-3-2-5-2-4-2-1-3-2-3	2-2-3-5-2-4-2-4-2-1-1-2	0-5-9-4-9-1-0-8-1-2-2-1	1-2-2-1-1-1-2-1-1-2-6-3
934	4	1-3-1-1-3-5-5-1-1-1-4-5	5-3-3-2-1-1-5-3-5-5-5-5	8-5-5-2-4-1-5-5-1-2-3-4	5-5-5-5-2-5-5-2-3-6-3-5	1-8-2-5-5-3-5-5-4-4-5-5	5-5-3-5-7-9-3-5-1-3-1-2	6-1-3-5-5-1-5-5-1-1-1-1	1-2-7-3-2-5-3-2-2-4-4-5	6-4-5-2-2-5-3-5-1-5-3-4	5-3-4-3-5-3-3-3-5-6-6-2	5-2-5-3-1-5-8-5-5-1-2-1	4-2-4-1-1-1-1-4-5-1-1-2
934	5	5-5-5-5-5-4-5-7-1-4-4-4	4-6-6-4-4-1-4-6-4-4-4-4	4-4-4-1-6-4-4-4-6-6-4-4	4-4-4-4-2-4-5-2-3-8-7-4	1-4-3-4-4-6-4-4-6-6-4-4	4-4-3-4-4-2-6-4-5-5-3-5	7-7-8-4-4-1-8-4-5-3-7-6	3-2-4-6-2-4-4-2-2-5-4-4	1-0-7-2-3-1-3-7-3-4-2-5	4-2-5-6-5-3-2-5-4-4-4-2	4-7-4-7-4-6-4-4-4-2-5-7	4-2-6-5-5-8-2-4-4-5-5-1
934	6	7-6-7-6-7-7-7-8-7-7-7-6	7-5-5-8-7-7-7-6-7-7-7-7	6-7-8-9-6-8-7-7-7-5-6-6	7-8-7-8-8-8-7-6-5-6-5-6	8-7-3-8-7-5-7-7-5-6-8-8	6-7-7-7-8-7-5-8-3-6-3-7	8-7-6-8-7-6-7-7-6-6-5-8	7-7-4-7-8-9-9-8-6-6-7-9	4-6-5-7-8-7-6-5-8-8-8-7	7-8-6-5-7-9-7-6-7-6-4-7	4-5-7-5-8-5-6-7-7-8-7-8	8-7-5-7-7-1-8-4-7-7-7-7
934	7	6-9-6-9-6-6-6-9-6-6-6-6	6-8-8-6-6-6-6-6-6-6-6-6	4-6-6-6-6-6-8-6-6-6-8-6	6-6-6-6-6-6-6-6-8-6-8-4	6-6-6-6-6-8-8-6-8-6-6-6	6-6-6-6-4-6-8-6-5-7-3-6	5-5-6-6-6-1-6-6-7-6-5-6	6-6-4-8-6-4-6-6-2-7-6-4	1-0-5-6-7-6-6-5-8-3-6-6	6-6-7-6-8-6-6-6-6-8-6-6	5-5-8-5-6-4-4-6-6-6-6-7	6-6-2-6-6-5-6-4-6-6-6-6
934	8	6-9-6-6-6-9-9-6-6-6-6-9	6-7-7-6-6-6-6-6-6-6-6-9	4-6-6-6-9-6-7-6-6-7-7-9	6-6-6-6-6-6-9-2-7-5-7-9	6-4-2-6-4-7-7-8-7-6-6-6	6-6-7-9-8-6-7-6-8-8-3-9	9-5-7-6-4-8-7-7-8-6-2-6	8-6-4-7-6-1-6-6-2-5-6-4	1-8-5-6-8-6-5-5-9-6-6-6	4-6-8-9-7-2-6-6-9-7-8-2	5-8-7-5-6-9-4-3-6-6-8-8	6-9-9-8-8-5-6-4-4-4-6-6
934	9	9-7-6-7-9-8-6-9-6-6-6-8	6-7-9-6-9-6-8-9-6-9-6-8	9-9-9-6-9-9-8-6-6-9-5-9	8-9-9-9-9-9-8-9-8-9-8-8	6-4-9-9-9-9-8-9-9-9-2-9	9-9-9-8-9-4-8-6-9-9-9-8	8-9-9-9-7-9-9-8-9-9-5-6	9-9-9-8-9-6-6-2-2-7-6-6	8-8-9-8-2-9-9-7-8-6-6-6	6-4-9-9-9-6-9-3-8-9-8-9	4-1-3-7-3-8-4-4-4-6-9-9	6-8-8-1-3-9-9-4-9-9-3-9
935	0	0-0-0-0-0-0-0-0-0-0-0-0	0-0-0-0-0-0-0-0-0-0-0-0	0-0-0-0-0-0-0-0-0-0-0-0	0-0-0-0-0-0-0-0-0-0-0-0	0-0-0-0-0-0-0-0-0-0-0-0	0-0-0-0-0-0-0-0-0-0-0-0	0-0-0-0-0-0-0-0-0-0-0-0	0-0-0-0-0-0-0-0-0-0-0-0	0-0-0-0-0-0-0-0-0-0-0-0	0-0-0-0-0-0-0-0-0-0-0-0	0-0-0-0-0-0-0-0-0-0-0-0	0-0-0-0-0-0-0-0-0-0-0-0
935	1	1-1-1-1-1-1-1-0-1-1-2-1	2-1-0-2-0-1-2-0-0-1-0-2	3-2-3-0-0-2-2-1-0-0-0-0	2-2-2-0-0-2-0-5-0-0-2-2	1-1-1-0-3-0-2-2-0-1-0-4	2-2-0-0-0-3-2-2-0-0-0-2	2-0-0-4-2-0-0-0-0-1-2-3	1-1-4-2-1-3-0-0-1-1-3-1	3-4-2-2-0-0-3-4-1-1-0-0	2-2-0-0-2-1-0-0-2-2-2-1	2-0-2-0-0-1-4-4-4-1-0-0	1-2-2-2-4-1-2-1-0-1-1-0
935	2	2-2-2-2-2-2-2-2-2-2-2-2	1-3-2-1-3-1-1-3-2-2-0-3	1-1-1-2-0-3-3-3-0-4-3-3	1-1-1-0-1-1-2-0-0-0-3-1	2-2-1-0-1-2-3-1-0-1-0-1	1-1-0-0-0-1-1-1-2-2-0-1	1-2-2-1-1-2-1-0-2-0-1-1	2-2-5-3-2-1-0-0-1-1-1-1	2-1-1-1-2-2-1-1-4-1-3-2	1-1-0-3-1-1-3-2-1-1-1-0	1-0-1-4-0-0-1-1-1-1-0-4	0-1-1-1-1-1-1-1-0-1-0-0
935	3	6-2-3-2-2-2-3-2-3-3-3-2	4-2-2-4-2-1-1-5-2-2-4-2	1-4-1-5-4-4-4-2-0-5-2-4	4-1-3-4-4-4-5-7-4-0-4-1	4-1-8-7-1-4-4-4-3-0-5-4	4-2-4-3-3-4-4-3-2-3-0-4	5-3-5-1-4-3-5-4-2-3-4-4	2-3-3-4-3-1-8-8-3-2-1-1	1-1-4-5-5-4-1-4-2-3-5-3	3-4-0-2-4-5-4-2-4-4-4-3	1-5-0-2-0-3-1-2-2-3-4-3	1-4-1-1-1-3-4-1-0-3-8-5
935	4	4-4-3-5-4-4-4-4-4-4-3-4	3-5-5-3-2-1-3-4-5-4-3-5	5-4-3-3-3-3-3-2-0-3-5-3	3-4-5-3-3-3-7-3-5-5-3-1	3-1-1-3-4-3-5-3-5-4-0-1	3-1-3-7-5-3-5-4-5-4-4-4	1-3-4-1-3-4-6-3-4-4-3-3	5-3-1-3-3-1-7-3-3-4-1-4	4-1-3-3-4-3-1-5-2-3-4-4	5-3-0-5-3-3-3-7-3-5-7-3	1-4-4-2-5-1-1-1-1-3-3-2	7-3-1-1-1-4-3-1-0-3-6-3
935	5	5-4-5-5-4-3-5-4-5-5-5-7	3-4-4-5-6-6-6-3-4-4-6-6	5-6-6-3-5-3-5-7-6-3-4-5	6-5-6-5-3-3-4-6-4-6-6-6	3-7-1-5-6-3-4-3-4-5-5-8	2-6-3-5-6-3-4-4-4-4-0-6	3-3-2-1-6-5-4-6-4-3-6-3	4-3-6-3-3-6-4-4-5-5-6-7	6-5-4-3-3-5-5-4-7-1-3-5	4-6-5-6-6-3-4-4-6-4-5-3	6-4-6-6-6-6-7-6-8-3-6-5	5-3-5-5-6-6-3-6-6-6-5-3
935	6	6-6-7-7-7-7-6-7-7-7-7-7	7-4-7-5-7-7-7-6-7-7-7-7	6-5-7-8-6-7-7-7-7-7-8-6	7-5-5-7-7-7-7-5-7-7-7-5	7-5-3-7-5-6-7-7-6-8-8-7	6-5-7-5-5-7-7-7-6-6-4-7	8-7-6-8-5-6-4-5-6-8-7-7	6-7-5-7-7-5-8-7-6-5-5-5	5-5-5-7-7-6-6-7-4-7-7-5	6-5-4-5-6-7-7-6-5-6-8-7	8-8-5-5-5-6-5-5-7-6-5-6	6-4-6-6-7-5-3-5-5-5-7-7
935	7	6-6-6-6-6-6-6-6-6-6-6-6	6-4-6-5-6-6-6-6-6-6-6-6	8-6-6-6-6-7-6-6-6-6-7-6	6-7-7-6-6-6-8-3-6-6-6-1	6-5-1-6-1-6-6-6-7-7-6-6	8-1-6-8-5-6-6-6-7-7-4-6	8-6-4-1-7-6-7-6-7-4-6-7	7-6-3-6-6-8-4-6-8-5-6-5	7-7-7-6-6-8-7-6-5-6-6-5	7-7-7-4-7-6-6-4-6-7-6-6	6-7-5-0-8-6-5-6-6-7-7-7	4-7-7-7-6-5-3-5-6-5-6-6
935	8	8-6-6-6-8-7-6-8-6-6-6-6	6-8-8-5-8-7-6-8-6-8-6-6	8-8-8-6-8-8-6-6-7-8-6-8	8-8-8-8-8-8-7-8-8-8-8-5	6-5-3-8-8-8-7-8-8-8-6-5	6-8-7-7-8-6-8-8-8-8-8-8	7-8-8-6-6-8-8-8-8-8-6-7	8-6-8-6-6-6-6-3-7-6-5-7	6-6-8-7-6-8-8-7-8-6-6-6	7-5-8-8-8-3-8-6-8-8-6-8	6-8-8-8-7-7-6-5-6-7-8-8	8-7-7-6-6-8-8-5-6-8-3-6
936	0	0-0-0-0-0-0-0-0-0-0-0-0	0-0-0-0-0-0-0-0-0-0-0-0	0-0-0-0-0-0-0-0-0-0-0-0	0-0-0-0-0-0-0-0-0-0-0-0	0-0-0-0-0-0-0-0-0-0-0-0	0-0-0-0-0-0-0-0-0-0-0-0	0-0-0-0-0-0-0-0-0-0-0-0	0-0-0-0-0-0-0-0-0-0-0-0	0-0-0-0-0-0-0-0-0-0-0-0	0-0-0-0-0-0-0-0-0-0-0-0	0-0-0-0-0-0-0-0-0-0-0-0	0-0-0-0-0-0-0-0-0-0-0-0
936	1	1-1-1-1-1-1-1-1-1-1-1-1	0-2-2-0-0-0-0-1-0-1-0-1	1-0-2-1-0-0-0-0-0-0-2-0	0-0-2-0-1-0-0-1-1-2-2-1	0-0-0-0-0-2-2-0-1-0-2-0	0-0-0-0-0-0-2-0-2-1-1-0	0-1-1-0-0-0-0-2-1-2-0-1	2-0-0-0-1-0-1-0-0-1-0-0	1-1-0-0-0-1-0-1-0-1-1-1	0-1-1-2-1-1-0-1-0-0-0-1	1-0-0-0-1-0-0-0-0-0-0-1	0-0-0-2-0-1-0-0-0-1-1-0
936	2	2-2-2-2-1-1-2-4-2-2-2-2	0-1-1-2-2-2-4-3-0-1-4-3	6-3-3-4-3-4-3-3-0-3-1-3	3-3-3-2-4-3-3-5-3-1-3-2	2-0-2-2-3-3-3-3-2-0-1-3	2-3-3-4-2-3-3-4-1-1-0-3	3-1-1-0-3-0-3-3-2-2-3-3	2-5-2-2-2-3-3-2-2-1-0-0	2-0-3-3-4-2-2-3-1-2-5-2	2-2-1-1-3-2-3-2-3-3-2-2	2-2-0-3-0-2-2-2-0-3-3-0	1-2-2-1-0-2-3-0-2-2-2-2
936	3	3-4-2-3-3-3-3-3-3-2-3-3	2-4-3-2-5-4-2-4-3-3-2-4	5-2-2-2-2-2-4-4-4-2-4-4	2-4-4-2-2-2-4-2-4-3-4-2	2-0-4-2-2-2-4-2-4-3-0-2	2-4-2-0-3-2-4-3-3-3-5-3	2-2-1-4-2-5-7-2-3-3-2-2	3-4-4-2-4-2-4-3-4-3-6-0	1-0-4-2-3-6-4-4-4-3-2-3	4-2-1-7-2-3-4-6-2-2-4-2	4-2-8-4-8-0-2-4-4-2-2-3	4-2-2-3-3-2-2-0-0-4-6-3
936	4	5-3-2-4-3-6-4-4-5-5-3-5	4-3-3-2-2-3-5-3-3-5-5-5	2-5-7-2-4-5-3-6-5-2-3-5	5-3-3-2-2-5-3-2-3-6-3-2	2-6-3-2-3-3-5-5-3-6-5-5	5-5-3-4-3-2-3-2-4-4-3-5	6-5-4-3-5-3-5-5-4-3-2-5	3-3-3-5-3-6-3-5-3-1-5-0	6-0-3-5-6-2-3-3-7-2-2-4	3-2-1-4-8-3-3-3-5-5-5-2	3-2-4-3-3-5-7-3-8-5-5-6	3-2-4-4-3-4-2-7-4-3-2-2
936	5	4-7-5-4-5-6-5-5-5-4-5-4	4-7-6-4-7-5-4-6-6-4-4-6	3-4-4-2-2-4-6-4-4-5-6-4	4-5-6-2-2-4-6-2-6-4-4-0	2-4-2-2-0-5-6-4-6-4-6-4	4-4-6-4-5-2-6-7-6-5-3-4	4-4-5-4-4-3-6-4-5-6-2-4	5-2-5-4-2-5-6-6-2-7-4-8	4-5-4-4-4-5-3-2-5-5-2-4	0-2-5-4-2-8-5-3-2-4-4-2	8-2-4-3-3-4-0-5-3-2-4-5	4-2-4-4-3-5-2-7-0-2-4-5
936	6	7-8-6-8-3-5-6-7-6-6-6-7	6-5-5-6-7-5-8-7-7-7-7-5	2-7-5-7-7-8-7-4-4-7-5-7	7-0-5-6-7-7-5-6-5-4-7-2	7-4-7-2-0-7-7-7-5-4-6-7	6-6-7-6-3-6-7-6-5-3-3-7	4-7-5-4-8-6-5-8-3-5-7-6	3-7-7-7-7-5-5-5-8-6-7-0	4-0-5-7-8-3-3-7-5-3-7-7	8-7-4-3-7-7-7-3-4-4-4-7	7-6-7-3-0-8-4-7-3-6-4-4	1-6-2-7-7-7-6-0-7-6-7-6
936	7	6-8-6-6-7-8-8-6-6-7-6-8	7-5-5-6-5-8-8-6-8-6-6-8	8-6-4-6-6-7-6-8-8-6-6-6	6-7-7-6-6-6-8-6-6-4-6-8	6-4-2-2-7-6-8-6-7-4-6-6	8-8-6-8-3-8-6-6-7-7-3-6	4-6-5-7-8-7-3-8-7-5-6-7	7-6-6-6-6-7-5-7-2-8-6-7	7-0-7-6-6-7-3-6-4-7-6-7	7-6-7-3-6-8-7-3-8-7-4-6	6-6-7-8-3-8-4-7-4-6-7-4	3-6-6-7-6-7-7-5-6-6-6-6
936	8	8-7-6-6-8-8-7-8-7-7-7-7	7-5-8-6-8-8-6-6-7-8-6-7	8-7-8-6-8-8-7-7-7-8-8-8	7-8-8-8-8-8-7-8-7-8-8-7	6-8-8-8-8-8-7-8-8-8-2-6	7-8-8-8-8-8-8-6-8-8-8-8	7-8-8-8-7-8-3-8-8-8-7-7	8-8-6-7-8-7-7-6-6-7-7-5	7-8-8-6-6-8-4-7-8-3-6-4	6-6-8-8-6-5-8-3-7-8-4-8	6-5-3-8-3-7-8-6-4-7-8-8	8-7-4-5-4-8-8-8-8-8-6-8
937	0	0-0-0-0-0-0-0-0-0-0-0-0	0-0-0-0-0-0-0-0-0-0-0-0	0-0-0-0-0-0-0-0-0-0-0-0	0-0-0-0-0-0-0-0-0-0-0-0	0-0-0-0-0-0-0-0-0-0-0-0	0-0-0-0-0-0-0-0-0-0-0-0	0-0-0-0-0-0-0-0-0-0-0-0	0-0-0-0-0-0-0-0-0-0-0-0	0-0-0-0-0-0-0-0-0-0-0-0	0-0-0-0-0-0-0-0-0-0-0-0	0-0-0-0-0-0-0-0-0-0-0-0	0-0-0-0-0-0-0-0-0-0-0-0
937	1	1-1-1-1-1-1-1-1-1-1-1-1	2-0-0-3-0-1-3-2-0-1-0-0	0-2-0-0-2-1-0-0-0-2-1-2	2-0-1-3-3-2-0-1-1-1-1-0	1-0-1-0-0-1-2-2-1-1-8-0	1-0-2-0-0-3-2-2-1-1-0-0	2-1-1-0-2-1-1-2-1-1-0-2	1-1-1-2-1-1-2-8-1-0-0-2	1-0-3-2-4-2-0-2-1-2-1-1	3-2-1-0-2-1-0-0-2-0-0-1	0-1-0-0-0-1-0-0-0-2-1-1	0-2-1-2-4-1-2-0-2-1-1-1
937	2	2-2-2-2-2-2-2-2-2-2-2-2	1-4-2-1-2-2-1-3-2-2-0-1	3-1-2-1-1-2-3-2-0-4-3-1	1-3-2-1-1-1-2-2-3-3-3-0	2-0-2-1-1-3-3-1-2-2-2-3	1-2-3-0-0-1-3-1-2-2-7-2	1-1-2-2-1-2-2-1-2-2-0-1	2-2-1-3-2-2-6-3-2-2-0-1	0-0-1-1-0-1-0-1-2-1-2-2	0-1-2-3-1-1-2-2-3-0-0-1	3-1-0-2-8-1-1-2-3-1-3-3	2-1-1-1-0-1-1-0-1-3-2-2
937	3	3-2-3-2-4-3-3-3-3-3-3-4	3-2-4-1-2-3-1-4-4-2-4-4	4-3-3-1-2-1-4-2-3-3-4-3	1-4-4-1-1-1-3-1-4-2-2-0	1-0-2-4-3-2-4-3-4-1-1-3	1-4-2-0-3-1-4-1-3-3-5-2	2-1-3-2-1-2-3-4-3-3-4-4	3-4-4-2-3-2-7-4-1-3-0-1	4-0-4-1-3-3-3-4-7-7-3-6	4-1-3-4-4-1-4-3-2-3-4-1	4-2-3-4-8-4-0-3-2-1-2-2	3-1-5-3-3-4-1-3-4-2-2-3
937	4	4-3-4-5-3-4-4-4-4-4-4-5	4-2-3-5-5-4-4-3-5-4-5-3	4-5-6-1-4-1-3-5-5-2-3-4	4-3-3-5-4-5-5-5-3-3-3-4	1-7-4-3-6-2-3-4-3-4-5-4	5-5-2-4-3-1-3-1-3-3-3-5	6-4-3-4-5-4-3-3-3-4-8-3	3-3-3-5-3-4-3-6-5-6-4-4	3-0-4-5-1-3-4-3-8-4-1-3	5-6-3-4-3-6-4-3-6-6-3-1	6-1-4-3-3-4-6-4-5-4-3-4	4-5-4-6-5-4-1-4-3-4-1-1
937	5	6-5-6-6-6-6-6-7-7-6-6-7	6-6-5-4-6-7-6-6-6-6-6-6	5-4-5-7-6-6-6-6-6-6-6-6	6-5-6-6-4-4-6-7-6-6-6-6	7-6-6-8-4-5-6-5-6-5-7-5	6-4-6-6-3-6-6-6-6-5-3-5	8-5-5-4-6-6-6-6-5-7-5-6	5-5-6-4-5-6-5-7-4-5-4-5	5-5-6-4-6-6-4-6-7-5-1-3	6-4-6-5-5-4-6-7-4-4-6-1	7-8-4-5-6-4-5-5-4-5-6-5	6-4-5-4-4-5-7-7-5-5-2-7
937	6	5-5-5-8-5-5-5-5-5-5-5-5	5-5-5-7-5-5-5-5-5-5-8-5	6-7-4-5-7-5-7-5-5-5-5-5	7-7-5-7-7-7-5-5-5-5-7-5	6-5-6-7-4-7-7-7-5-5-7-7	5-5-5-5-3-5-7-5-5-3-2-7	4-5-5-4-5-6-5-7-5-5-7-5	5-7-5-7-7-5-8-5-8-4-7-5	5-0-5-7-7-5-4-7-5-5-7-3	5-7-5-5-7-4-7-5-4-4-7-1	4-5-5-3-5-4-4-4-4-5-5-5	5-7-5-4-4-7-6-5-7-6-7-5
937	7	5-5-5-5-5-8-5-5-5-5-5-8	5-5-5-6-5-5-6-6-5-5-6-8	8-6-5-5-6-5-6-5-5-5-8-6	6-7-7-6-6-6-8-5-6-5-6-8	5-4-6-6-7-6-6-6-7-5-5-6	5-7-6-5-7-8-6-5-7-7-2-7	8-5-5-4-8-7-3-6-7-5-6-5	7-6-5-6-6-5-3-5-6-3-6-7	8-7-5-6-6-5-4-6-5-5-6-3	7-6-5-7-6-1-6-5-8-4-6-1	5-7-5-5-5-5-7-4-4-7-5-7	5-6-5-4-7-5-5-5-6-4-6-5
937	8	8-5-6-6-8-7-5-8-5-5-5-7	5-5-8-6-8-5-6-8-8-8-6-7	8-8-8-5-8-5-8-5-5-8-7-8	6-8-5-8-8-8-7-8-5-8-8-7	5-5-8-8-8-8-7-8-8-8-1-6	5-8-8-7-8-5-8-8-8-8-8-7	7-8-8-4-7-8-8-7-8-5-4-5	8-8-8-7-8-7-6-6-6-5-5-5	7-8-8-8-1-8-8-7-4-5-6-8	6-8-8-8-8-1-8-5-7-8-5-8	5-5-8-8-3-5-7-5-5-5-8-8	5-7-4-4-7-8-8-5-8-8-6-1
938	0	0-0-0-0-0-0-0-0-0-0-0-0	0-0-0-0-0-0-0-0-0-0-0-0	0-0-0-0-0-0-0-0-0-0-0-0	0-0-0-0-0-0-0-0-0-0-0-0	0-0-0-0-0-0-0-0-0-0-0-0	0-0-0-0-0-0-0-0-0-0-0-0	0-0-0-0-0-0-0-0-0-0-0-0	0-0-0-0-0-0-0-0-0-0-0-0	0-0-0-0-0-0-0-0-0-0-0-0	0-0-0-0-0-0-0-0-0-0-0-0	0-0-0-0-0-0-0-0-0-0-0-0	0-0-0-0-0-0-0-0-0-0-0-0
938	1	1-1-1-1-1-1-1-1-1-1-1-1	1-0-0-2-0-0-0-2-0-1-0-0	0-2-0-0-2-1-2-0-0-2-1-2	2-0-0-3-3-2-0-3-1-1-1-0	1-0-1-0-2-1-2-2-0-1-0-0	2-0-2-0-0-3-2-1-1-0-0-0	2-2-1-0-2-1-1-2-3-1-0-2	1-1-3-2-2-2-1-7-3-0-0-0	1-0-2-3-3-0-0-2-0-1-3-1	0-3-1-0-2-1-0-1-2-0-0-3	0-1-0-1-2-3-0-0-3-1-2-1	1-2-1-2-3-1-3-0-1-1-1-3
938	2	2-2-2-2-2-2-2-2-2-2-2-2	1-3-3-1-0-3-0-1-3-2-0-3	2-1-0-1-1-3-3-3-0-1-3-3	1-2-3-2-1-1-3-1-1-2-3-0	2-0-0-0-1-1-3-1-3-2-0-2	1-0-4-0-2-1-3-1-2-2-6-2	1-1-2-0-1-2-4-1-0-2-0-1	2-3-3-3-1-3-5-0-1-3-0-0	1-0-1-1-2-1-0-1-3-2-1-2	3-1-2-7-1-1-0-2-1-3-0-1	0-1-7-2-1-1-0-0-3-0-1-2	2-1-1-1-0-1-1-5-6-1-2-1
938	3	3-2-3-3-2-2-3-3-3-3-3-2	3-2-2-1-0-3-3-2-4-2-4-2	6-4-4-4-3-2-2-2-4-1-2-2	4-3-4-5-1-1-2-5-2-2-2-4	2-7-0-3-4-1-2-4-2-4-3-3	1-1-2-3-4-1-2-1-2-2-2-1	1-1-1-7-4-3-4-4-1-1-7-1	2-2-1-2-1-4-2-1-1-5-3-3	5-0-0-1-1-3-3-1-2-3-1-2	2-1-3-0-2-1-0-2-4-4-5-1	5-1-3-2-3-1-6-7-2-1-1-3	3-1-3-1-1-3-1-3-7-3-1-1
938	4	5-4-5-6-5-4-5-5-5-5-5-6	5-5-4-3-5-5-5-5-5-5-5-5	4-5-5-5-5-5-3-5-5-5-5-5	5-5-5-6-5-4-6-6-5-5-4-5	7-5-4-6-5-4-5-4-5-6-5-5	4-5-5-4-3-5-5-4-4-4-2-5	6-5-4-4-5-4-2-5-4-5-4-6	5-4-6-5-4-5-4-6-1-4-5-7	4-5-5-4-6-5-4-7-5-4-4-5	4-4-4-4-5-5-5-4-3-5-3-1	4-7-7-4-7-7-3-4-5-4-5-4	5-7-4-7-4-6-4-3-4-3-4-7
938	5	4-4-4-7-4-4-4-4-4-4-4-4	4-4-4-3-4-4-4-4-4-4-4-4	4-6-6-4-4-4-6-4-4-4-4-6	6-6-4-4-6-6-4-4-4-4-6-4	6-4-4-6-4-5-6-6-4-4-4-4	4-4-6-6-4-4-6-6-4-4-0-6	2-4-4-5-4-4-4-4-4-4-6-5	4-6-4-6-6-4-7-4-5-5-6-4	7-4-6-6-7-4-3-5-4-4-6-4	6-6-4-4-6-4-4-4-3-4-3-1	6-4-4-4-4-4-3-6-6-5-4-4	4-6-4-6-6-4-5-3-5-5-2-4
938	6	4-7-4-4-4-4-4-4-4-4-4-7	4-4-4-3-4-4-5-4-4-4-4-7	3-5-5-4-5-4-5-4-5-4-6-5	5-6-6-4-5-5-4-4-4-4-5-7	5-4-4-4-6-5-5-5-6-4-4-5	7-4-5-5-6-7-5-5-6-6-2-5	7-4-4-6-7-6-6-7-4-4-5-5	6-5-4-5-5-4-2-4-6-4-5-3	6-6-5-5-4-4-3-4-4-6-5-4	5-5-6-5-5-1-4-4-7-4-6-1	5-6-6-7-4-4-6-5-5-6-4-6	4-5-7-5-5-4-4-3-2-5-5-2
938	7	7-6-4-5-7-6-4-7-4-4-4-6	4-4-7-1-7-4-5-7-7-7-6-6	7-7-7-4-7-4-7-4-4-7-6-7	6-7-7-7-7-7-6-7-4-7-7-6	4-3-7-7-7-7-6-7-7-7-4-4	6-4-5-5-7-4-7-7-7-7-2-6	6-7-7-7-7-7-7-6-7-7-3-5	7-7-7-7-7-4-5-1-1-4-3-4	6-6-7-6-5-7-3-4-7-6-5-4	5-3-7-7-1-1-7-4-6-4-6-7	3-4-4-6-4-4-3-3-4-4-7-7	4-4-6-4-5-7-7-3-3-7-3-4
939	0	0-0-0-0-0-0-0-0-0-0-0-0	0-0-0-0-0-0-0-0-0-0-0-0	0-0-0-0-0-0-0-0-0-0-0-0	0-0-0-0-0-0-0-0-0-0-0-0	0-0-0-0-0-0-0-0-0-0-0-0	0-0-0-0-0-0-0-0-0-0-0-0	0-0-0-0-0-0-0-0-0-0-0-0	0-0-0-0-0-0-0-0-0-0-0-0	0-0-0-0-0-0-0-0-0-0-0-0	0-0-0-0-0-0-0-0-0-0-0-0	0-0-0-0-0-0-0-0-0-0-0-0	0-0-0-0-0-0-0-0-0-0-0-0
939	1	1-1-1-1-1-0-1-1-1-0-1-1	2-0-0-2-0-0-0-2-0-0-0-0	1-0-0-5-2-0-2-2-0-2-0-2	2-0-0-2-4-2-0-3-1-0-1-0	1-0-1-2-0-1-2-2-1-0-0-1	1-0-1-0-1-3-2-3-0-1-0-2	2-3-1-0-2-1-1-2-1-1-0-2	1-1-2-2-1-0-1-7-1-0-0-0	1-0-2-2-3-1-0-2-0-1-3-1	2-3-0-0-2-1-2-1-2-0-0-3	0-1-0-0-0-1-1-1-0-2-2-0	0-1-1-0-0-1-2-0-1-1-1-3
939	2	2-2-0-1-1-2-2-2-2-2-2-3	1-3-2-1-2-1-0-1-3-1-1-3	0-2-1-2-1-2-3-1-4-1-3-1	1-2-2-1-1-1-3-1-4-3-3-0	1-0-0-2-2-3-3-1-2-2-1-1	3-2-4-0-2-1-3-2-2-2-5-1	5-1-2-0-1-2-4-1-2-2-3-3	2-0-1-1-1-3-6-3-1-3-0-2	2-2-1-1-0-1-7-3-4-2-2-1	1-1-2-3-1-1-1-6-1-3-7-2	3-2-7-5-7-1-0-2-0-1-1-2	6-1-0-0-0-4-1-0-5-1-1-1
939	3	4-2-4-4-3-2-3-2-3-3-3-4	4-2-2-4-4-4-4-3-4-4-4-4	4-4-4-4-3-4-4-5-2-4-2-3	4-4-4-4-1-4-4-1-2-2-4-3	1-7-0-4-5-2-4-4-2-3-3-7	4-4-2-3-5-7-2-1-2-2-2-1	4-1-2-4-4-3-2-4-3-2-5-2	5-1-4-1-2-4-4-2-3-3-3-4	5-5-4-4-1-3-4-4-2-3-1-3	5-7-0-2-4-1-4-2-4-4-4-1	5-1-3-2-4-4-4-4-5-2-4-5	2-1-4-3-5-4-2-4-4-4-1-1
939	4	3-6-3-3-3-4-4-4-4-4-3-3	3-5-5-3-3-5-3-5-3-3-3-3	3-3-3-3-2-3-3-3-2-3-5-3	3-3-3-4-1-3-3-1-5-6-5-3	1-4-2-6-3-5-5-3-5-3-5-1	6-3-2-3-3-1-5-6-4-4-2-4	3-4-2-3-3-4-2-3-4-4-3-5	4-1-3-5-4-3-3-6-3-4-3-3	4-3-3-3-4-3-3-3-5-3-6-3	3-3-4-5-5-1-3-2-3-3-3-1	3-6-4-2-3-3-3-3-3-3-3-4	2-1-3-6-3-2-1-3-3-3-4-5
939	5	5-7-5-7-5-4-5-6-5-5-5-5	6-4-4-1-6-5-3-6-6-3-6-3	3-6-3-6-6-7-6-3-6-4-4-6	6-3-5-6-6-6-3-6-4-4-4-3	6-4-7-6-3-4-6-6-4-5-6-6	4-7-6-5-3-6-4-6-4-5-2-6	2-6-4-3-7-4-4-4-4-4-3-4	3-6-3-6-4-4-7-6-6-4-3-3	3-3-2-6-6-5-3-4-4-5-6-4	3-3-4-6-4-1-6-2-7-3-3-5	3-1-5-2-2-3-3-3-3-6-6-6	2-5-5-6-3-2-6-3-2-1-1-1
939	6	7-4-5-5-6-7-7-5-7-5-5-5	5-4-4-3-5-7-3-5-5-5-5-7	3-5-3-5-5-6-5-7-5-6-6-5	5-6-6-5-5-5-7-5-4-4-4-3	5-3-0-4-6-5-5-5-6-6-5-5	4-4-7-6-6-5-5-4-4-6-2-5	7-5-2-3-7-4-2-7-6-4-3-4	6-5-1-5-6-6-2-5-5-4-5-3	6-3-7-5-5-6-6-6-4-5-5-5	5-3-4-5-6-7-5-2-5-6-3-5	3-1-3-2-2-7-3-3-3-5-6-5	2-5-5-4-3-2-5-3-1-3-1-1
939	7	7-6-7-5-7-6-5-7-6-6-7-3	5-4-7-3-7-6-3-7-7-7-6-7	7-7-7-5-7-7-6-6-5-7-5-7	6-7-6-7-7-7-6-7-7-7-7-3	5-3-7-7-7-7-6-7-7-7-5-7	6-5-6-5-7-3-7-7-7-7-2-7	5-7-7-7-5-7-7-7-7-7-3-7	7-7-1-6-7-6-5-5-6-5-6-6	3-7-7-6-1-1-7-3-7-5-5-5	5-3-7-7-7-6-7-6-5-7-2-7	3-7-2-3-2-6-3-3-7-7-7-7	7-6-7-7-3-7-7-3-7-7-1-7
940	0	0-0-0-0-0-0-0-0-0-0-0-0	0-0-0-0-0-0-0-0-0-0-0-0	0-0-0-0-0-0-0-0-0-0-0-0	0-0-0-0-0-0-0-0-0-0-0-0	0-0-0-0-0-0-0-0-0-0-0-0	0-0-0-0-0-0-0-0-0-0-0-0	0-0-0-0-0-0-0-0-0-0-0-0	0-0-0-0-0-0-0-0-0-0-0-0	0-0-0-0-0-0-0-0-0-0-0-0	0-0-0-0-0-0-0-0-0-0-0-0	0-0-0-0-0-0-0-0-0-0-0-0	0-0-0-0-0-0-0-0-0-0-0-0
940	1	1-1-1-1-1-1-1-1-1-1-1-1	2-0-0-1-1-0-0-2-2-1-0-2	2-3-0-5-2-5-2-0-0-3-2-1	2-0-0-2-2-2-0-1-1-1-1-0	1-0-1-4-2-2-2-2-1-1-7-4	2-3-2-0-0-3-2-2-1-1-3-2	2-1-1-0-2-1-1-2-1-1-3-2	1-1-1-2-3-1-1-7-1-0-0-0	1-0-2-2-7-0-0-3-4-1-4-1	0-3-1-0-2-1-2-3-2-0-0-1	0-1-0-1-0-3-0-1-1-2-1-1	0-1-1-1-0-1-1-0-1-1-1-3
940	2	2-2-2-2-2-2-2-2-2-2-2-2	1-3-3-1-1-3-0-3-3-2-0-1	2-3-4-2-1-1-3-2-0-1-3-1	1-2-2-1-1-1-0-1-3-2-2-0	2-0-4-1-1-1-3-1-2-2-0-1	1-0-4-2-2-1-3-1-2-2-6-2	6-1-2-0-1-1-4-1-2-4-1-1	2-4-3-4-1-3-6-1-1-2-0-0	4-0-1-1-2-2-7-1-5-2-1-2	0-1-2-1-1-1-1-2-1-3-2-1	3-1-7-2-7-0-0-3-3-1-1-2	0-1-1-3-0-6-1-2-1-1-3-2
940	3	3-2-4-2-2-3-3-3-4-4-3-4	3-2-2-4-4-4-4-2-4-3-4-5	6-4-6-4-3-4-4-4-4-1-2-4	4-5-4-4-1-4-4-1-2-1-1-4	1-7-1-3-5-1-4-4-2-3-4-2	1-1-2-4-5-1-2-1-1-2-1-4	1-1-2-3-4-6-2-4-1-2-1-1	1-1-2-2-1-4-2-1-4-3-4-5	3-7-4-1-1-3-4-1-6-3-2-3	5-1-0-6-4-1-0-1-5-5-4-1	5-1-4-4-3-5-5-2-2-1-1-3	3-1-3-2-5-5-1-5-4-6-2-1
940	4	4-4-3-4-4-4-4-4-3-3-4-3	3-6-4-3-3-6-3-5-3-5-3-3	4-3-3-3-1-3-5-3-6-6-5-3	3-3-3-3-1-3-3-6-5-6-4-3	5-3-2-3-3-7-5-3-5-5-5-1	1-4-2-3-3-1-5-1-5-4-2-4	3-5-5-4-3-4-2-3-4-2-3-6	4-4-1-2-4-3-1-6-3-6-3-3	4-0-5-3-2-4-3-6-5-5-1-4	3-1-4-5-3-5-0-4-3-3-3-1	6-5-6-4-0-7-3-3-3-1-5-4	5-2-3-7-3-2-1-3-3-3-1-0
940	5	5-4-7-7-6-5-5-5-5-5-5-5	5-4-4-6-4-4-6-4-6-6-6-6	5-6-3-7-6-1-4-6-6-6-4-6	6-3-5-5-6-6-4-6-4-5-6-5	6-3-5-6-3-6-6-5-4-5-4-5	6-6-6-5-3-1-6-1-4-4-2-6	6-4-4-5-3-7-5-4-5-4-6-4	4-5-6-6-6-3-2-6-5-3-6-3	7-0-6-6-6-3-0-7-4-4-6-2	3-6-5-4-6-4-6-5-3-3-6-1	3-4-0-4-6-3-3-6-6-6-4-5	3-6-5-6-3-3-6-3-3-3-6-5
940	6	5-7-5-5-5-7-7-7-7-6-6-7	7-4-4-5-6-6-5-5-5-5-5-7	3-5-3-5-5-5-6-5-5-4-6-5	5-3-6-4-5-5-7-5-5-4-5-7	5-3-5-5-3-5-7-5-6-6-3-5	5-5-5-7-6-7-5-1-6-6-2-5	7-4-6-7-3-6-5-6-6-4-5-4	6-5-5-5-5-3-7-5-5-4-5-3	6-6-5-5-5-4-6-5-4-4-5-3	5-5-6-7-5-4-5-2-7-3-5-1	2-6-4-7-5-6-3-5-5-5-6-5	4-5-7-5-5-2-5-3-2-3-5-1
940	7	7-6-5-5-7-6-6-7-6-5-5-6	6-4-7-5-7-7-3-7-6-7-5-6	7-7-7-5-7-7-7-6-7-7-6-7	6-7-7-7-7-7-6-7-6-7-5-6	4-3-7-7-7-7-6-7-7-7-1-5	6-7-7-7-7-3-7-7-7-7-7-6	6-7-7-7-4-7-3-7-7-7-7-7	7-7-7-6-7-3-6-1-5-3-5-5	6-3-7-7-1-7-7-5-7-4-5-2	5-3-7-7-7-1-7-2-6-7-6-7	3-7-2-6-2-4-3-3-6-6-7-7	7-2-6-4-5-7-7-3-7-7-5-1
941	0	0-0-0-0-0-0-0-0-0-0-0-0	0-0-0-0-0-0-0-0-0-0-0-0	0-0-0-0-0-0-0-0-0-0-0-0	0-0-0-0-0-0-0-0-0-0-0-0	0-0-0-0-0-0-0-0-0-0-0-0	0-0-0-0-0-0-0-0-0-0-0-0	0-0-0-0-0-0-0-0-0-0-0-0	0-0-0-0-0-0-0-0-0-0-0-0	0-0-0-0-0-0-0-0-0-0-0-0	0-0-0-0-0-0-0-0-0-0-0-0	0-0-0-0-0-0-0-0-0-0-0-0	0-0-0-0-0-0-0-0-0-0-0-0
941	1	1-1-1-1-1-1-1-1-1-1-1-1	2-0-0-4-1-1-0-2-0-1-0-0	0-0-0-2-2-3-2-2-0-2-1-2	3-0-0-3-3-2-0-1-1-1-1-0	1-0-1-3-3-2-2-2-1-3-7-3	2-0-2-0-0-3-2-3-1-1-0-3	0-1-1-0-2-0-1-2-1-1-0-2	1-1-4-2-2-1-3-4-1-0-0-0	1-0-2-2-4-3-0-3-0-1-2-1	0-2-1-2-2-1-2-1-2-2-0-4	1-1-0-1-2-1-0-1-1-1-1-3	1-2-1-1-0-1-3-0-1-2-1-4
941	2	2-2-2-2-2-2-2-2-2-2-2-2	1-4-2-1-2-3-0-3-3-2-0-3	2-2-0-1-1-1-3-1-3-1-3-1	1-3-3-1-1-1-5-1-3-5-3-0	2-0-1-1-1-1-3-1-2-2-0-1	1-3-1-3-2-1-3-1-2-2-5-2	6-1-2-3-1-2-3-4-2-3-4-1	2-4-7-3-1-1-1-1-2-3-0-0	2-0-1-1-2-1-0-1-3-2-1-2	0-1-2-1-1-1-1-2-3-1-3-1	4-3-7-2-1-1-0-2-4-1-3-1	1-1-0-1-0-6-1-0-1-3-1-1
941	3	3-3-3-3-3-3-3-3-3-3-3-3	1-5-4-1-2-2-0-2-2-4-4-2	2-3-3-1-1-1-4-4-4-4-4-1	1-2-4-6-1-1-5-1-5-5-4-0	3-0-5-4-1-4-4-3-4-1-4-1	1-2-2-2-3-1-4-1-3-3-6-1	2-2-3-2-1-2-4-2-3-2-4-1	3-4-1-2-3-1-4-1-1-3-3-0	2-0-2-1-5-4-0-1-7-3-2-3	0-1-3-4-2-1-4-3-2-0-4-1	3-2-7-4-4-1-4-2-1-1-2-5	3-1-0-1-0-3-1-0-1-2-5-1
941	4	4-4-5-5-4-4-4-5-4-4-4-7	4-2-3-1-5-4-5-5-5-3-5-5	5-5-5-5-4-1-5-3-5-3-3-4	5-5-5-5-1-5-5-1-4-3-3-5	2-4-6-6-5-3-5-5-3-7-5-7	1-4-2-4-4-1-3-1-2-3-3-4	2-1-3-5-5-6-3-2-3-2-2-3	4-3-6-2-4-5-3-1-5-4-4-4	4-5-5-1-1-6-5-4-3-4-1-4	4-4-5-5-3-1-3-3-5-4-5-1	5-4-4-3-7-7-6-6-5-4-3-4	4-3-4-4-5-4-1-4-4-6-4-1
941	5	4-5-7-4-5-6-7-5-4-4-5-5	4-3-3-6-5-4-6-7-6-4-6-7	4-6-4-4-6-6-6-6-6-6-6-6	6-4-4-6-6-6-4-6-6-3-6-4	6-4-4-4-4-5-6-5-4-5-4-6	6-4-6-5-4-6-6-5-3-3-2-6	2-5-5-4-4-4-2-6-5-2-6-5	2-6-4-6-6-4-7-6-4-4-6-5	3-4-4-5-6-4-4-6-4-6-6-4	7-6-4-4-6-6-6-3-4-4-4-1	4-4-4-3-6-5-4-4-4-6-6-6	3-6-4-4-4-6-6-0-6-1-6-6
941	6	5-7-5-5-4-7-7-7-7-6-5-7	5-3-3-5-5-6-5-5-5-3-5-5	7-5-7-7-5-5-5-6-5-5-7-5	5-6-4-5-5-5-7-5-5-5-5-4	5-4-4-4-6-5-7-5-6-6-5-5	7-4-5-6-6-5-5-5-6-6-3-5	2-7-3-4-6-4-2-5-6-2-5-1	6-5-4-5-5-4-3-5-6-3-5-6	6-6-4-5-5-4-4-5-3-5-5-4	6-5-6-1-5-5-5-7-6-6-6-1	6-6-4-7-5-5-4-4-6-6-6-6	4-5-6-4-6-6-5-4-5-4-5-5
941	7	7-6-5-5-7-6-6-7-6-4-5-6	6-7-7-5-7-7-5-5-6-7-5-5	7-7-7-6-7-7-7-6-5-7-6-7	6-7-7-7-7-7-6-7-6-7-5-6	5-6-7-7-6-6-6-7-7-7-1-7	6-5-7-6-7-7-7-7-7-7-3-6	6-7-7-7-4-7-2-6-7-7-7-7	7-6-5-6-7-6-5-5-5-4-5-7	6-7-7-7-1-7-7-4-3-6-5-4	5-7-3-7-7-1-7-6-6-7-7-7	5-7-3-6-4-4-3-4-7-7-7-7	7-6-4-4-6-7-7-7-7-7-5-7
942	0	0-0-0-0-0-0-0-0-0-0-0-0	0-0-0-0-0-0-0-0-0-0-0-0	0-0-0-0-0-0-0-0-0-0-0-0	0-0-0-0-0-0-0-0-0-0-0-0	0-0-0-0-0-0-0-0-0-0-0-0	0-0-0-0-0-0-0-0-0-0-0-0	0-0-0-0-0-0-0-0-0-0-0-0	0-0-0-0-0-0-0-0-0-0-0-0	0-0-0-0-0-0-0-0-0-0-0-0	0-0-0-0-0-0-0-0-0-0-0-0	0-0-0-0-0-0-0-0-0-0-0-0	0-0-0-0-0-0-0-0-0-0-0-0
942	1	1-1-1-1-1-1-1-1-1-1-1-1	1-1-1-2-0-2-2-1-2-2-2-2	1-0-2-2-1-1-2-0-2-2-2-1	2-0-0-2-3-2-2-2-1-0-2-1	2-0-5-2-3-1-2-2-1-0-2-2	2-1-2-0-0-2-2-2-1-1-0-0	2-2-1-0-2-0-1-2-1-1-2-2	1-2-2-2-2-3-1-2-2-0-2-1	0-0-2-2-3-1-0-2-0-1-2-3	0-2-1-0-2-3-2-1-2-0-2-3	3-3-3-3-2-1-2-0-3-2-2-1	3-2-1-2-0-3-2-0-3-1-3-3
942	2	1-3-1-2-2-2-2-2-2-1-1-1	1-4-2-1-1-1-1-2-1-1-1-1	1-1-1-1-1-1-3-3-1-3-3-2	1-0-3-1-1-1-1-1-3-3-3-1	1-0-3-1-3-3-3-1-2-4-1-1	1-4-1-1-2-1-3-1-5-2-2-4	1-1-2-3-1-6-3-1-2-2-1-1	2-1-1-1-1-3-4-1-1-2-1-3	2-1-1-1-2-4-5-1-3-4-1-4	3-1-2-3-1-1-1-4-1-2-1-1	1-2-0-4-1-3-1-0-0-1-1-2	2-1-1-1-1-1-1-0-1-1-1-1
942	3	3-2-1-6-1-4-3-4-3-4-1-1	4-2-2-3-5-3-1-4-4-1-4-4	4-3-4-1-3-2-2-4-4-3-2-3	4-3-2-4-1-1-4-1-2-2-2-3	1-6-2-1-2-2-4-3-4-4-3-0	2-2-1-3-4-1-2-1-3-2-2-1	1-1-3-2-3-4-2-3-2-2-4-1	4-1-4-2-1-4-2-1-1-4-4-4	4-4-4-1-1-2-4-1-2-3-1-1	4-4-0-2-4-1-2-2-4-4-4-1	4-1-1-1-1-4-4-4-4-2-2-3	1-1-3-4-4-1-2-4-4-4-1-1
942	4	5-3-4-5-4-3-4-4-4-3-4-6	3-2-2-5-3-3-4-3-3-1-3-3	3-5-3-6-5-4-5-5-3-5-4-5	5-3-3-5-5-5-3-4-5-2-5-3	4-3-6-5-3-4-5-4-3-3-6-4	5-2-5-3-3-4-5-4-2-2-2-2	5-2-2-3-6-4-2-3-2-2-5-5	3-5-3-5-5-3-2-6-5-3-5-3	3-3-3-5-6-2-3-5-2-2-4-2	3-5-4-2-5-5-2-2-3-3-3-4	3-4-0-2-6-3-3-3-3-4-4-3	2-4-3-3-3-3-4-3-3-3-6-1
942	5	4-6-4-4-5-6-6-6-6-5-5-6	3-2-2-4-3-6-4-3-6-5-3-3	3-4-4-4-4-5-4-4-3-4-5-4	4-5-5-4-4-4-6-4-4-5-4-3	4-3-1-4-5-4-6-5-5-5-3-4	6-6-6-6-3-6-4-4-5-5-2-5	6-1-2-5-6-5-2-0-5-2-4-4	5-4-4-4-4-5-5-5-4-5-4-5	5-3-3-5-4-5-3-4-2-2-4-5	3-4-5-2-4-4-2-2-6-3-3-4	4-5-5-2-6-6-3-3-4-6-5-5	6-6-3-5-3-5-5-3-4-3-4-1
942	6	6-3-4-3-6-6-5-6-5-3-5-4	3-6-6-4-6-6-4-6-5-6-3-3	6-6-6-4-6-5-5-5-5-6-6-6	5-6-6-6-6-6-5-6-5-6-4-3	4-3-6-6-5-6-5-6-6-6-4-6	5-6-5-5-6-5-6-6-6-6-6-6	5-6-6-6-5-6-6-6-6-6-4-6	6-6-4-5-4-5-4-4-4-5-5-3	3-3-6-5-4-6-6-5-6-2-4-4	4-3-6-6-6-4-6-5-5-6-3-6	6-6-6-2-5-5-3-3-6-5-6-6	6-5-6-2-3-6-6-3-6-6-4-1
943	0	0-0-0-0-0-0-0-0-0-0-0-0	0-0-0-0-0-0-0-0-0-0-0-0	0-0-0-0-0-0-0-0-0-0-0-0	0-0-0-0-0-0-0-0-0-0-0-0	0-0-0-0-0-0-0-0-0-0-0-0	0-0-0-0-0-0-0-0-0-0-0-0	0-0-0-0-0-0-0-0-0-0-0-0	0-0-0-0-0-0-0-0-0-0-0-0	0-0-0-0-0-0-0-0-0-0-0-0	0-0-0-0-0-0-0-0-0-0-0-0	0-0-0-0-0-0-0-0-0-0-0-0	0-0-0-0-0-0-0-0-0-0-0-0
943	1	1-1-2-2-1-1-1-1-1-1-2-3	1-2-1-0-2-2-2-2-2-1-0-2	1-2-2-2-2-2-2-2-2-2-2-2	2-1-2-2-1-0-2-3-2-2-1-1	2-1-1-2-1-1-2-1-1-2-4-1	3-2-2-2-2-3-1-2-1-1-1-2	1-1-1-1-2-1-2-2-1-1-1-1	1-1-1-1-1-4-1-2-1-1-3-1	1-0-2-2-1-2-1-0-2-2-1-2	2-1-2-2-1-1-2-1-0-1-0-1	1-1-0-2-3-2-0-1-1-1-2-1	2-2-1-1-1-1-1-0-0-1-1-1
943	2	1-1-1-1-1-1-1-1-1-1-1-1	1-1-1-5-1-1-3-1-1-1-3-1	1-3-1-1-1-1-1-1-1-1-1-1	3-0-1-1-3-3-1-4-1-1-1-1	4-0-1-1-0-3-3-3-1-1-1-1	1-1-3-1-1-4-3-1-1-1-0-1	3-1-1-1-3-2-1-3-1-2-5-3	1-2-5-3-3-1-2-5-5-1-5-1	0-0-3-3-5-1-0-3-1-1-2-1	4-5-1-1-3-5-1-1-3-3-0-5	5-1-0-1-1-1-0-0-5-3-1-1	1-1-3-1-1-1-3-0-0-4-1-5
943	3	1-4-1-3-3-1-3-3-1-1-1-1	2-5-5-2-1-1-2-4-2-1-2-4	1-2-1-1-2-1-4-5-5-2-4-2	2-0-1-1-2-2-5-1-4-5-4-0	1-0-1-3-3-2-4-2-1-1-1-2	1-1-4-1-3-1-2-3-1-3-8-3	4-1-3-0-2-4-4-2-1-7-0-2	1-2-4-2-2-1-4-2-2-3-4-1	0-0-4-2-3-1-0-2-4-3-2-4	1-4-1-3-2-2-5-4-2-2-4-2	5-2-0-3-1-1-0-4-0-2-1-1	3-2-2-4-4-1-2-1-7-5-7-1
943	4	1-3-1-4-3-4-1-1-4-1-5-4	5-3-3-2-1-1-1-5-2-1-5-3	1-2-7-1-5-5-5-3-3-5-3-5	5-5-5-5-2-2-1-2-5-5-3-0	2-0-4-5-5-3-5-4-5-1-6-5	1-4-3-5-4-2-5-1-4-4-3-3	3-1-3-3-5-3-5-5-4-1-3-2	1-2-3-3-2-1-3-2-2-4-3-0	3-0-3-2-4-4-0-5-9-8-3-3	2-4-1-5-2-2-3-5-5-0-3-2	1-7-0-5-5-1-0-3-5-4-1-7	1-5-4-3-3-1-1-1-0-7-3-3
943	5	5-7-5-5-3-4-1-6-5-1-4-4	4-3-3-6-1-1-5-8-2-1-4-4	5-6-8-6-4-7-4-3-6-4-4-4	4-4-6-4-2-6-3-2-4-3-3-5	2-8-5-4-7-3-4-2-4-5-1-4	1-4-3-4-5-1-4-2-1-3-0-4	8-5-1-8-4-5-4-4-1-9-9-2	1-2-8-6-2-7-3-2-2-5-2-0	7-5-7-2-4-4-7-4-4-5-2-5	5-2-1-4-6-2-7-4-6-6-6-2	7-1-0-4-4-9-8-8-6-4-6-5	5-4-5-5-6-5-5-5-1-8-3-2
943	6	7-6-8-8-6-8-7-7-8-8-7-7	7-7-6-5-7-8-7-7-8-6-8-7	6-7-7-9-7-7-7-7-7-7-6-7	7-6-7-7-6-6-7-8-7-8-6-5	9-5-6-4-5-6-7-6-6-8-8-6	8-7-7-6-7-9-6-6-8-6-3-6	5-7-7-5-7-6-7-7-6-8-6-6	7-6-7-5-6-5-8-8-2-6-7-9	6-5-5-5-7-7-5-4-7-5-6-8	5-6-6-6-5-6-6-6-5-7-5-2	6-9-9-6-7-6-5-5-5-9-7-6	8-4-1-5-5-8-5-8-8-6-8-9
943	7	6-6-6-9-6-6-6-6-6-6-6-9	6-6-6-8-6-6-8-6-6-6-6-6	6-8-6-8-8-6-8-6-6-6-6-6	8-4-6-6-8-8-6-8-6-6-8-5	8-6-6-8-5-8-8-8-6-6-6-8	6-6-8-7-6-6-8-8-6-7-3-6	6-8-6-5-6-7-6-8-6-3-8-7	6-8-5-8-8-5-9-9-2-5-8-6	5-5-5-8-8-6-5-8-6-6-8-5	8-8-6-6-8-8-8-6-5-6-8-8	8-4-6-4-6-6-0-5-8-8-6-4	6-8-5-5-8-6-8-5-3-4-3-6
943	8	6-6-6-6-6-6-6-6-6-6-6-9	6-6-6-7-6-6-7-6-6-6-6-9	9-7-6-7-7-6-7-6-6-6-8-7	7-8-6-6-7-7-9-6-7-6-7-5	7-5-5-7-8-7-7-7-8-6-6-7	6-6-7-7-4-6-7-7-6-8-3-9	9-7-6-5-8-8-8-7-8-6-7-6	6-7-5-7-7-5-6-6-2-6-7-0	8-8-5-7-7-6-5-5-6-4-7-6	7-7-6-6-7-7-7-6-9-6-7-7	7-8-9-4-6-6-5-5-7-7-6-8	6-7-9-5-5-6-7-5-6-5-6-6
943	9	9-6-6-7-6-8-6-9-6-6-6-7	6-6-9-7-9-6-7-7-9-9-7-8	9-9-9-6-9-6-9-6-6-9-8-9	8-9-6-9-9-9-8-9-6-9-9-5	6-5-9-9-9-9-8-9-9-9-8-9	6-9-7-7-9-6-9-7-9-9-9-8	8-9-9-9-8-9-9-9-9-9-5-7	9-9-9-8-9-9-7-7-7-5-5-6	8-8-9-8-7-9-9-8-4-6-7-7	7-1-6-9-9-7-9-6-8-9-3-9	1-6-6-9-6-5-0-5-6-6-9-9	6-4-8-6-5-9-9-5-9-9-7-6
944	0	0-0-0-0-0-0-0-0-0-0-0-0	0-0-0-0-0-0-0-0-0-0-0-0	0-0-0-0-0-0-0-0-0-0-0-0	0-0-0-0-0-0-0-0-0-0-0-0	0-0-0-0-0-0-0-0-0-0-0-0	0-0-0-0-0-0-0-0-0-0-0-0	0-0-0-0-0-0-0-0-0-0-0-0	0-0-0-0-0-0-0-0-0-0-0-0	0-0-0-0-0-0-0-0-0-0-0-0	0-0-0-0-0-0-0-0-0-0-0-0	0-0-0-0-0-0-0-0-0-0-0-0	0-0-0-0-0-0-0-0-0-0-0-0
944	1	1-1-1-1-1-1-1-1-1-1-1-1	0-0-0-1-0-0-0-2-0-1-0-0	0-1-0-2-2-2-2-0-0-2-2-1	2-0-0-2-3-2-0-1-1-0-1-0	1-0-1-2-2-1-2-2-1-1-1-2	1-0-2-1-1-2-2-3-1-1-0-1	3-2-1-0-2-0-1-2-1-1-0-2	3-1-3-2-3-0-1-7-1-1-0-0	0-0-2-3-3-0-0-2-2-1-1-1	0-3-0-2-2-3-2-1-2-0-0-3	0-3-0-0-0-2-0-0-3-3-2-1	0-2-1-0-3-1-3-0-1-0-1-3
944	2	2-2-2-2-2-2-2-2-2-1-2-2	1-3-3-1-2-2-1-1-3-1-1-1	3-0-0-1-1-1-3-0-3-1-3-3	1-2-3-1-1-1-5-1-3-2-1-0	2-0-4-2-1-1-3-1-2-2-1-1	1-0-1-2-2-1-3-1-2-2-5-1	3-1-2-3-1-2-3-1-2-2-3-1	2-3-0-1-2-3-5-3-3-5-3-0	3-0-1-1-2-0-3-1-3-2-1-2	0-1-2-3-1-2-3-3-1-2-0-1	3-1-2-3-0-1-0-0-0-1-1-2	0-1-0-3-0-1-1-0-1-2-5-1
944	3	3-3-3-4-2-2-3-2-3-3-3-4	3-2-2-1-4-3-4-2-4-3-4-3	6-4-4-1-3-4-2-4-2-1-2-3	3-3-3-1-1-4-4-1-2-2-2-5	1-3-3-3-5-2-2-3-3-3-3-3	2-3-1-3-5-7-2-1-2-2-2-3	2-3-3-2-3-0-2-2-3-1-5-1	1-1-5-1-1-4-1-2-2-3-5-5	5-4-5-1-1-5-5-4-2-3-1-2	5-5-3-2-5-1-2-2-5-5-5-1	5-1-3-2-3-5-5-5-5-1-3-3	3-1-3-2-5-3-1-5-5-6-1-1
944	4	5-4-5-5-6-5-6-5-6-5-5-5	5-5-5-1-6-6-5-5-5-5-6-5	4-5-5-5-5-7-4-5-6-5-4-5	5-4-5-6-1-5-5-6-5-5-4-3	6-4-5-5-4-4-5-4-5-5-6-6	5-3-5-4-3-5-4-5-5-4-2-4	5-4-4-3-4-4-3-5-5-6-4-5	4-4-3-4-4-6-4-6-4-6-4-4	4-3-7-3-5-6-6-5-6-6-1-5	3-1-4-4-3-5-5-4-3-3-3-1	3-5-5-2-5-7-3-3-3-7-5-4	4-5-4-7-3-6-4-3-4-4-4-4
944	5	4-4-4-7-4-4-4-4-4-4-4-4	4-4-4-6-4-4-6-4-4-4-4-4	4-6-4-4-6-4-6-4-4-4-3-6	4-3-4-4-6-6-4-4-4-4-6-3	6-3-7-6-3-5-6-6-4-4-4-6	4-5-6-5-3-4-6-4-4-4-2-6	6-4-4-3-3-5-3-4-4-4-6-4	4-6-3-6-6-4-2-4-6-2-6-3	3-3-3-6-4-4-3-4-4-4-6-4	3-6-5-4-6-6-6-4-3-3-6-6	3-4-4-2-4-3-3-3-6-4-4-5	5-4-6-6-6-3-6-3-3-3-7-6
944	6	4-4-4-4-4-4-4-4-4-4-4-7	4-4-4-5-4-4-5-5-4-4-4-7	3-5-4-4-5-4-5-4-4-5-6-5	5-6-6-4-5-5-7-4-4-4-5-7	5-3-4-5-6-6-5-5-6-6-4-5	5-5-5-5-6-3-5-5-6-6-2-6	5-4-4-3-6-6-6-5-6-4-5-4	6-5-5-5-5-4-2-4-5-4-5-3	6-6-4-5-4-4-4-5-4-4-5-4	3-5-4-4-5-5-5-4-7-3-5-5	5-4-7-2-5-4-3-5-5-5-4-5	5-7-7-5-5-4-5-3-5-3-5-5
944	7	7-6-5-5-7-6-4-7-4-4-4-6	4-4-7-5-7-4-5-7-4-7-6-6	7-7-7-4-7-4-7-4-4-7-4-7	6-7-7-7-7-7-6-7-7-7-7-6	4-3-5-7-7-7-6-7-7-7-4-7	4-7-7-6-7-3-7-7-7-7-7-7	6-7-7-7-7-7-7-7-7-5-3-4	7-5-7-7-7-4-7-1-5-4-4-3	6-6-7-7-1-7-7-4-4-4-5-2	3-3-4-4-7-5-7-4-6-7-5-7	3-4-2-6-4-4-3-3-4-4-7-7	4-6-6-4-5-7-7-3-7-7-5-5
945	0	0-0-0-0-0-0-0-0-0-0-0-0	0-0-0-0-0-0-0-0-0-0-0-0	0-0-0-0-0-0-0-0-0-0-0-0	0-0-0-0-0-0-0-0-0-0-0-0	0-0-0-0-0-0-0-0-0-0-0-0	0-0-0-0-0-0-0-0-0-0-0-0	0-0-0-0-0-0-0-0-0-0-0-0	0-0-0-0-0-0-0-0-0-0-0-0	0-0-0-0-0-0-0-0-0-0-0-0	0-0-0-0-0-0-0-0-0-0-0-0	0-0-0-0-0-0-0-0-0-0-0-0	0-0-0-0-0-0-0-0-0-0-0-0
945	1	1-1-0-1-1-1-1-1-1-1-0-0	1-2-1-0-0-1-0-1-0-0-0-0	1-0-0-1-2-0-2-0-0-2-2-2	0-2-2-0-2-0-0-0-2-2-2-1	1-0-0-0-0-2-0-0-2-2-1-0	4-0-0-0-0-0-2-0-1-1-1-2	1-2-1-0-0-0-0-0-1-1-0-4	2-1-0-0-1-0-0-0-0-1-0-0	1-0-2-0-0-0-1-0-0-0-0-0	0-1-0-2-2-0-0-1-0-0-0-0	4-0-4-0-1-0-0-1-4-0-0-1	2-1-0-1-0-1-0-0-0-1-0-1
945	2	3-2-3-2-2-1-3-2-3-3-3-2	3-1-1-3-3-3-3-2-3-3-4-3	2-3-3-3-3-3-3-4-3-3-3-3	3-1-1-3-3-3-3-3-1-1-3-4	3-0-3-3-3-1-3-3-1-1-3-3	2-3-3-2-2-4-3-3-1-2-5-3	3-4-1-2-3-0-3-3-2-4-6-3	1-4-4-3-3-0-4-6-3-3-6-1	1-0-3-3-4-2-5-3-1-2-3-2	6-4-1-1-3-7-3-2-3-0-3-4	1-2-0-4-3-2-5-6-1-3-3-2	1-3-3-3-1-3-3-0-6-0-7-2
945	3	2-3-2-3-3-1-2-3-2-2-2-2	2-4-4-2-2-2-2-2-2-2-2-2	2-3-2-2-2-2-4-2-2-5-4-2	2-3-2-2-2-2-2-2-4-3-4-2	2-0-2-2-2-4-4-2-3-3-2-2	2-2-4-2-3-2-4-2-3-3-3-2	2-2-3-2-2-3-2-2-3-3-2-2	3-3-4-2-2-4-6-2-2-3-3-4	3-0-4-2-3-3-5-2-4-3-2-3	0-2-3-4-2-2-2-3-2-3-7-2	2-2-7-3-2-5-0-3-3-2-2-3	3-2-2-3-3-6-2-0-5-5-3-6
945	4	4-3-2-4-3-4-2-2-2-2-2-2	4-3-3-2-5-5-5-6-6-5-5-5	6-5-5-2-4-5-3-6-2-5-3-4	5-5-5-2-2-5-2-5-3-5-5-2	2-5-2-2-6-3-3-4-6-4-2-0	1-5-3-4-6-2-3-2-3-3-1-2	7-2-3-5-5-0-3-5-2-2-5-3	0-2-3-3-2-5-2-2-2-3-5-5	5-0-5-2-2-3-5-3-3-4-2-4	5-2-4-5-3-2-3-3-5-5-5-2	5-7-1-2-7-3-6-5-5-2-3-1	4-3-2-3-3-6-2-5-2-3-2-1
945	5	6-5-6-7-6-6-7-6-7-7-6-6	6-3-3-6-6-6-6-5-6-6-6-6	5-6-6-6-6-4-6-5-6-3-7-5	6-4-4-6-6-6-6-6-6-4-6-5	6-4-3-6-5-6-6-6-4-5-6-6	6-4-6-6-4-7-6-6-3-5-3-6	6-6-5-4-4-7-6-6-5-7-6-6	3-6-4-6-6-5-7-7-7-7-6-4	4-0-4-6-7-5-4-6-3-6-6-2	6-6-5-4-6-5-6-6-4-4-4-6	6-5-4-3-7-3-4-4-4-6-3-5	4-6-5-3-4-4-6-4-3-3-6-3
945	6	5-7-5-5-5-7-5-5-5-5-5-7	5-3-5-5-5-5-5-5-5-5-5-5	4-5-5-5-5-4-5-5-5-5-6-5	5-5-6-5-5-5-7-5-5-4-5-7	5-4-2-5-6-5-7-5-4-6-5-2	5-6-5-7-4-5-5-5-6-6-3-5	7-5-5-6-6-6-5-5-6-5-5-5	6-5-5-5-5-6-3-2-7-6-5-4	4-6-6-5-6-5-3-5-3-5-5-2	5-5-3-5-5-2-5-5-7-4-6-5	5-6-0-3-5-7-4-3-6-5-6-6	4-5-7-6-3-4-5-4-2-0-5-3
945	7	7-6-5-5-7-6-5-7-5-5-5-6	5-7-7-5-7-5-5-7-5-7-5-6	7-7-5-5-7-7-5-5-5-7-5-7	5-7-7-7-7-7-6-7-3-7-7-6	5-4-7-7-7-7-6-7-7-7-2-2	5-7-6-6-7-5-6-7-7-7-7-6	6-7-7-7-5-7-7-6-7-5-5-6	7-7-7-6-7-5-5-5-6-5-5-5	4-7-7-6-5-7-4-5-7-2-5-5	5-7-7-7-7-2-7-3-6-7-3-7	4-7-3-4-4-6-4-4-1-7-7-7	4-6-6-3-3-7-7-4-7-7-2-1
946	0	0-0-0-0-0-0-0-0-0-0-0-0	0-0-0-0-0-0-0-0-0-0-0-0	0-0-0-0-0-0-0-0-0-0-0-0	0-0-0-0-0-0-0-0-0-0-0-0	0-0-0-0-0-0-0-0-0-0-0-0	0-0-0-0-0-0-0-0-0-0-0-0	0-0-0-0-0-0-0-0-0-0-0-0	0-0-0-0-0-0-0-0-0-0-0-0	0-0-0-0-0-0-0-0-0-0-0-0	0-0-0-0-0-0-0-0-0-0-0-0	0-0-0-0-0-0-0-0-0-0-0-0	0-0-0-0-0-0-0-0-0-0-0-0
946	1	1-1-1-1-1-0-1-1-1-0-1-1	1-0-0-1-1-1-0-1-0-0-0-0	0-2-0-4-2-4-2-2-0-3-0-2	2-0-0-3-3-2-0-2-2-0-1-0	1-0-0-0-0-1-2-2-1-0-0-1	2-0-1-0-1-3-2-1-0-0-0-3	2-3-1-0-2-1-0-0-1-1-5-2	0-1-1-2-1-0-0-10-1-0-0-0	1-0-2-2-10-1-0-2-0-1-1-1	2-2-0-0-2-1-2-0-2-0-0-1	3-1-0-0-0-1-0-1-0-1-2-0	0-1-1-0-0-1-2-0-1-1-1-1
946	2	2-2-1-2-2-2-2-2-2-2-2-2	1-3-2-1-2-3-1-3-3-1-0-3	3-1-0-1-1-1-3-1-0-1-3-1	1-3-3-1-1-1-0-1-3-3-3-0	1-0-0-0-0-3-3-1-2-2-0-1	1-0-3-0-2-1-3-1-2-2-2-1	1-1-2-0-1-2-4-1-2-2-1-1	2-0-1-3-1-6-4-0-1-2-2-0	2-0-1-1-0-1-3-1-3-2-1-2	1-1-2-0-1-2-3-4-3-2-3-1	2-1-0-2-4-4-0-2-0-1-1-3	4-1-1-3-2-1-3-0-3-4-2-0
946	3	3-3-1-3-4-3-4-3-3-2-2-3	1-4-4-1-5-4-0-4-4-4-0-4	2-3-0-1-1-1-4-2-4-1-4-4	1-4-4-1-1-1-4-1-2-2-2-0	1-0-0-3-6-2-4-3-4-0-0-1	1-0-2-0-3-1-4-1-3-3-4-1	4-1-3-4-1-3-4-4-3-2-1-3	5-3-1-2-4-0-8-4-1-4-4-4	4-0-4-1-3-4-2-1-2-2-2-4	0-1-3-4-0-3-2-3-2-4-4-1	1-2-0-3-4-2-5-2-4-2-2-2	5-1-1-2-3-4-2-0-2-3-1-3
946	4	5-3-5-5-3-3-3-4-4-4-5-5	5-3-3-5-3-3-5-3-3-5-5-3	6-5-6-1-5-6-3-5-5-5-3-3	5-3-3-5-1-5-3-5-5-5-3-4	1-4-4-5-8-1-5-5-4-5-5-8	5-5-5-4-3-5-5-1-3-3-3-4	3-4-3-3-1-2-3-5-4-2-1-6	3-5-8-5-3-5-2-8-1-3-3-3	3-5-3-5-4-3-3-1-3-4-1-8	2-5-3-5-1-3-5-3-5-5-3-1	2-1-0-2-5-2-5-2-4-5-5-4	2-5-4-4-5-5-4-5-5-2-5-1
946	5	4-5-4-4-5-5-5-5-4-4-4-4	4-6-5-4-3-5-4-4-5-5-4-6	4-4-4-3-6-6-4-4-4-4-4-4	4-6-4-4-4-4-4-4-4-4-6-4	1-4-4-4-4-6-4-4-6-4-4-4	6-4-4-5-3-4-6-5-5-5-3-5	1-4-6-3-3-3-8-4-5-2-1-3	3-4-3-4-3-4-8-0-1-3-3-5	3-4-3-4-5-4-6-6-8-5-1-1	1-4-3-6-7-3-4-5-4-4-3-6	2-2-6-5-10-6-3-3-4-4-4-4	3-4-4-4-3-4-4-6-4-4-4-6
946	6	7-6-7-6-9-7-7-7-7-7-7-7	7-5-9-7-7-7-7-7-7-7-7-7	6-6-7-7-6-7-7-7-7-7-7-6	6-6-7-7-6-7-8-6-5-4-7-6	9-6-9-4-7-5-6-6-7-6-7-6	6-4-4-7-8-7-5-7-5-5-2-7	9-7-6-6-7-8-5-7-3-10-6-7	6-6-3-7-6-8-7-6-8-10-7-6	6-8-7-6-6-6-8-7-7-7-6-7	7-8-6-5-8-10-5-6-7-7-8-10	6-7-6-7-5-7-6-8-8-10-5-7	8-7-6-7-7-4-6-8-6-7-7-6
946	7	6-6-6-6-6-6-6-6-6-6-6-6	6-5-6-9-6-6-6-6-6-6-6-6	6-8-6-6-8-6-8-8-6-8-8-8	8-6-6-6-8-6-6-9-8-4-8-6	9-7-6-4-8-8-8-8-6-8-9-6	8-4-8-6-3-7-8-8-3-5-2-6	6-7-7-8-8-6-5-8-8-8-6-6	6-7-9-6-8-6-6-9-6-9-6-8	6-6-10-8-8-8-6-8-9-6-6-6	6-6-3-10-8-10-9-5-6-8-6-1	7-10-10-6-5-7-6-8-6-6-8-6	6-10-7-6-8-9-9-9-7-6-6-10
946	8	6-6-6-6-6-6-7-6-7-6-7-6	6-5-6-7-6-6-7-9-6-6-7-7	9-9-6-7-7-7-7-7-6-7-7-7	9-7-7-9-9-9-6-7-7-4-9-6	7-7-6-9-7-9-9-9-7-7-4-9	7-4-9-8-6-7-9-7-5-8-2-9	6-8-7-7-7-8-5-7-7-6-9-8	7-9-9-9-9-6-10-7-6-6-9-7	10-6-7-9-9-7-6-7-7-5-9-4	6-9-8-9-9-2-7-5-7-7-9-1	9-7-8-6-6-8-7-7-6-4-7-8	6-8-7-7-7-7-7-7-8-8-8-7
946	9	6-10-6-7-6-10-6-6-6-6-6-6	6-6-6-7-6-6-10-8-6-6-7-10	8-8-6-7-8-8-8-7-6-8-9-8	8-9-9-8-8-8-6-7-7-7-8-6	7-7-6-8-9-8-8-8-9-7-7-8	10-10-8-9-9-7-8-7-9-9-9-8	6-8-9-6-8-9-5-8-9-7-8-8	9-8-8-8-8-6-3-7-6-7-8-9	9-9-8-8-8-7-6-7-7-7-8-4	7-8-9-8-9-7-7-6-10-6-8-1	8-9-9-7-5-9-9-2-6-6-7-9	6-10-7-6-8-7-7-7-8-8-8-7
946	10	10-9-6-7-6-9-6-10-6-6-6-9	6-10-6-8-10-6-9-7-6-10-8-9	10-10-10-7-10-10-10-7-6-10-9-10	9-10-7-10-10-10-9-10-10-10-10-9	7-7-10-10-10-10-9-10-10-10-7-4	7-10-10-6-10-7-10-10-10-10-10-10	9-10-10-7-7-10-10-10-10-6-6-8	10-10-1-9-10-6-8-8-8-6-7-6	9-9-7-10-1-10-10-7-10-7-8-4	8-10-10-7-10-7-10-5-9-10-9-10	8-7-7-6-5-7-9-7-7-6-10-10	6-9-7-6-6-10-10-7-10-10-8-7
947	0	0-0-0-0-0-0-0-0-0-0-0-0	0-0-0-0-0-0-0-0-0-0-0-0	0-0-0-0-0-0-0-0-0-0-0-0	0-0-0-0-0-0-0-0-0-0-0-0	0-0-0-0-0-0-0-0-0-0-0-0	0-0-0-0-0-0-0-0-0-0-0-0	0-0-0-0-0-0-0-0-0-0-0-0	0-0-0-0-0-0-0-0-0-0-0-0	0-0-0-0-0-0-0-0-0-0-0-0	0-0-0-0-0-0-0-0-0-0-0-0	0-0-0-0-0-0-0-0-0-0-0-0	0-0-0-0-0-0-0-0-0-0-0-0
947	1	1-1-1-1-1-0-1-0-1-0-1-1	0-0-0-1-0-0-0-0-0-0-0-0	2-0-0-1-3-2-2-0-0-3-0-1	3-0-0-3-2-2-0-1-1-1-1-1	1-0-1-0-3-1-2-2-1-0-4-1	3-0-2-0-0-3-2-4-1-0-0-3	1-1-1-0-2-1-0-2-1-1-1-2	1-1-1-2-1-2-0-8-1-0-0-0	1-0-2-2-4-1-0-2-0-1-2-3	2-1-0-2-2-1-2-1-2-0-0-4	1-1-0-0-1-0-2-1-1-2-1-0	0-1-1-0-0-1-2-0-1-1-1-1
947	2	2-2-1-2-2-2-2-2-2-2-2-1	0-4-2-1-3-2-0-3-0-3-0-3	1-1-0-1-1-1-3-3-3-1-3-1	1-3-2-1-1-1-0-1-3-2-3-0	2-0-1-0-2-3-3-1-2-2-0-1	1-2-4-0-2-1-3-1-2-2-2-1	1-1-2-2-1-2-2-1-2-2-1-1	2-4-1-3-1-1-7-0-1-2-3-5	3-1-1-1-2-4-2-1-0-2-1-2	1-1-2-3-1-1-3-2-3-0-0-1	2-1-0-2-4-0-1-6-1-1-4-2	0-1-1-3-3-3-1-3-1-3-1-8
947	3	2-3-3-3-3-3-3-3-3-3-3-3	3-2-3-1-2-4-0-2-5-3-4-4	1-3-0-3-1-4-4-4-4-1-4-3	1-2-4-1-1-1-4-1-4-3-2-1	1-0-3-4-1-2-4-3-3-1-1-1	1-2-2-0-3-1-4-0-3-3-3-1	3-1-5-3-4-3-4-4-3-3-1-3	2-4-1-2-3-3-4-1-1-3-2-5	3-0-2-1-6-1-6-1-4-3-2-1	2-1-3-2-2-1-4-4-2-0-8-1	3-1-3-5-4-0-2-0-4-4-2-3	3-1-1-3-2-2-1-2-1-2-6-1
947	4	5-5-4-4-4-4-4-7-4-5-4-5	4-2-3-5-2-3-4-4-5-5-5-5	5-5-6-5-1-6-5-3-5-5-3-4	5-5-5-5-1-5-3-1-3-7-4-5	1-4-5-5-5-2-5-5-4-4-5-5	4-5-2-4-4-1-3-5-2-3-0-6	5-3-3-4-5-7-3-3-3-1-2-3	2-2-7-5-1-5-3-1-1-4-4-4	7-4-4-5-1-5-4-5-3-4-1-4	4-4-7-4-5-1-3-3-5-4-5-1	3-1-5-2-8-8-7-7-5-5-5-4	5-5-5-5-4-4-4-4-4-7-1-1
947	5	4-5-4-5-6-3-5-5-5-4-3-4	4-6-6-4-5-5-4-4-4-4-4-4	4-4-4-4-1-4-4-6-4-6-6-4	4-4-4-4-1-4-6-1-6-6-6-4	6-4-4-4-4-6-4-4-6-6-4-4	4-4-4-6-4-1-6-4-5-5-0-5	4-5-3-4-4-5-5-5-5-2-0-6	5-1-4-4-5-4-5-0-1-3-4-3	7-4-5-4-7-4-4-4-7-4-5-5	4-1-5-6-4-1-4-3-4-4-4-1	6-3-4-3-4-4-0-4-4-4-4-6	4-4-4-4-4-7-4-6-1-8-1-7
947	6	7-6-7-6-7-7-7-7-8-8-6-7	7-5-5-7-7-7-7-6-7-7-7-7	6-7-7-7-7-7-7-7-7-7-5-7	7-4-4-7-7-7-7-7-7-5-7-4	7-4-7-7-4-5-7-5-5-5-7-7	6-7-7-7-3-8-7-7-5-3-3-7	7-7-6-4-8-6-5-7-6-8-7-5	5-7-8-7-7-4-8-7-8-8-7-6	8-4-4-7-7-6-4-7-5-5-7-7	7-7-6-5-7-8-7-5-4-4-7-6	5-2-5-5-4-5-4-2-4-7-6-7	4-7-6-4-4-4-7-4-1-7-8-7
947	7	6-8-6-6-6-8-6-6-6-6-6-6	6-5-6-6-6-6-6-6-6-6-6-6	6-6-6-6-6-6-6-6-6-6-6-6	6-7-4-6-6-6-8-6-6-4-6-8	6-4-4-6-7-6-8-7-7-7-6-6	6-6-6-6-7-8-6-6-7-7-2-8	8-6-2-8-8-7-6-6-7-6-6-6	7-6-4-6-6-4-2-6-1-7-6-7	7-7-4-6-6-4-7-6-5-5-6-6	6-7-3-2-6-1-6-2-7-4-6-1	5-7-4-8-7-6-4-4-7-6-2-6	4-6-7-4-7-5-6-4-6-4-6-5
947	8	8-7-6-6-8-7-6-8-6-6-6-7	6-5-8-6-8-8-6-6-6-8-6-7	8-8-6-6-8-6-6-6-6-8-7-8	6-8-8-8-8-8-7-8-5-8-6-7	6-6-4-8-8-8-7-8-8-8-1-6	6-6-8-7-8-6-7-6-8-8-8-7	7-8-8-7-6-8-8-8-8-6-6-8	8-8-6-6-8-6-6-6-6-4-6-4	6-8-8-8-1-8-8-4-5-6-6-6	6-8-3-8-8-6-6-3-7-8-5-8	5-2-3-6-4-4-2-4-7-8-8-8	8-7-8-4-3-8-8-8-8-8-6-8
948	0	0-0-0-0-0-0-0-0-0-0-0-0	0-0-0-0-0-0-0-0-0-0-0-0	0-0-0-0-0-0-0-0-0-0-0-0	0-0-0-0-0-0-0-0-0-0-0-0	0-0-0-0-0-0-0-0-0-0-0-0	0-0-0-0-0-0-0-0-0-0-0-0	0-0-0-0-0-0-0-0-0-0-0-0	0-0-0-0-0-0-0-0-0-0-0-0	0-0-0-0-0-0-0-0-0-0-0-0	0-0-0-0-0-0-0-0-0-0-0-0	0-0-0-0-0-0-0-0-0-0-0-0	0-0-0-0-0-0-0-0-0-0-0-0
948	1	1-1-1-1-1-1-1-0-1-1-1-1	1-0-0-1-0-1-1-1-2-1-2-2	2-2-2-1-1-2-2-2-0-1-3-2	2-2-2-0-1-2-0-1-0-2-0-3	1-3-1-0-2-0-2-1-0-3-1-1	3-1-0-1-1-1-0-0-0-0-0-2	1-0-0-1-1-1-0-0-0-0-0-0	1-0-0-0-1-2-1-0-0-1-1-0	1-2-2-0-0-1-1-2-0-1-1-0	1-1-1-0-2-1-0-0-1-2-3-0	0-0-1-1-1-1-2-0-0-1-0-1	1-0-1-1-0-1-0-1-1-1-1-1
948	2	2-2-2-2-2-2-2-2-2-2-2-2	3-0-0-3-0-2-1-3-1-2-3-1	1-1-1-5-3-1-3-1-1-3-2-3	3-1-1-3-3-3-0-6-3-1-2-1	2-1-7-3-1-2-3-3-2-0-3-2	2-3-3-2-2-3-3-5-0-0-0-3	3-3-0-0-3-2-2-3-2-2-3-3	0-6-7-3-2-1-7-7-2-2-0-0	0-1-1-3-7-3-0-3-0-2-2-2	3-3-0-1-3-5-3-0-3-1-0-3	3-4-1-0-1-2-1-6-0-2-3-1	0-3-2-1-6-2-3-1-2-2-2-2
948	3	3-3-2-3-3-3-3-3-3-3-3-3	2-4-4-2-0-2-2-2-2-2-2-4	1-4-4-2-2-4-2-4-4-4-5-2	2-4-3-2-2-2-3-2-5-5-4-1	2-1-1-3-4-2-2-2-5-4-2-2	2-2-5-1-3-2-4-3-3-3-3-3	2-2-3-3-2-3-5-2-3-5-2-2	3-0-2-2-2-4-5-0-2-4-0-3	3-1-2-2-3-2-6-4-2-3-2-3	2-3-4-6-2-2-2-3-2-1-7-2	6-3-3-3-6-2-2-3-7-2-2-3	1-2-2-3-0-3-2-4-3-2-5-5
948	4	4-4-6-4-4-5-4-5-5-5-4-4	4-3-3-2-6-4-4-4-5-5-5-5	4-5-6-4-4-5-5-4-5-3-4-4	5-5-5-4-4-5-5-4-3-4-3-6	3-7-4-4-5-3-5-5-3-4-4-4	4-3-3-4-5-7-3-3-5-3-0-5	4-2-4-5-5-4-3-5-4-4-5-5	5-4-5-3-3-5-4-3-5-5-5-5	5-5-5-3-2-4-5-3-7-4-2-5	5-5-4-3-5-2-5-4-5-5-5-5	5-2-5-7-5-5-5-5-5-4-3-4	5-2-4-5-5-5-7-5-5-5-4-4
948	5	4-4-5-4-3-4-4-4-4-4-4-4	4-3-3-7-4-4-6-6-4-4-4-4	1-6-4-6-6-4-6-4-4-6-4-6	6-4-4-6-6-6-4-6-6-3-6-1	6-4-5-5-4-6-6-6-3-5-6-5	5-5-3-2-4-6-6-5-4-3-3-6	6-6-3-4-4-4-3-4-5-3-4-7	4-5-4-6-6-4-3-6-5-4-4-4	4-4-4-6-6-5-4-7-0-5-6-4	4-4-5-3-6-6-4-4-4-5-4-2	4-5-4-3-4-4-4-4-4-4-5-5	4-5-5-4-4-4-6-4-4-4-3-3
948	6	4-7-4-4-4-7-4-5-4-4-4-4	4-3-3-5-4-4-5-5-4-4-5-5	1-5-4-5-5-6-5-4-5-5-6-5	5-6-6-5-5-5-7-2-5-6-5-1	5-4-3-3-6-5-5-5-6-6-5-2	7-5-5-6-4-5-5-5-6-6-0-5	7-5-5-7-7-6-6-7-6-5-7-7	6-5-2-5-5-7-3-5-7-7-5-4	6-7-6-5-5-5-3-6-0-5-5-4	5-5-6-3-5-5-3-4-4-5-5-2	3-5-4-3-7-7-4-5-0-6-6-6	4-6-6-5-5-3-5-4-5-4-5-5
948	7	7-6-5-4-7-6-4-7-4-4-4-5	4-7-7-5-7-6-5-7-4-7-4-7	7-7-7-5-7-7-5-7-4-7-4-7	7-7-7-7-7-7-6-7-7-7-7-1	5-4-7-7-7-7-6-7-7-7-5-4	6-7-7-6-7-4-7-7-7-7-7-7	6-7-7-7-6-7-7-7-7-7-6-5	7-7-2-6-7-6-7-2-6-6-4-7	6-6-7-7-2-7-7-5-4-3-5-1	5-7-7-7-7-5-7-4-7-7-7-7	4-7-4-4-6-6-4-4-4-4-7-7	4-6-6-3-4-7-7-4-7-7-2-7
949	0	0-0-0-0-0-0-0-0-0-0-0-0	0-0-0-0-0-0-0-0-0-0-0-0	0-0-0-0-0-0-0-0-0-0-0-0	0-0-0-0-0-0-0-0-0-0-0-0	0-0-0-0-0-0-0-0-0-0-0-0	0-0-0-0-0-0-0-0-0-0-0-0	0-0-0-0-0-0-0-0-0-0-0-0	0-0-0-0-0-0-0-0-0-0-0-0	0-0-0-0-0-0-0-0-0-0-0-0	0-0-0-0-0-0-0-0-0-0-0-0	0-0-0-0-0-0-0-0-0-0-0-0	0-0-0-0-0-0-0-0-0-0-0-0
949	1	1-1-1-3-1-1-1-2-1-1-2-2	1-2-1-2-3-2-3-2-1-1-2-2	1-2-2-2-2-2-2-2-3-2-2-2	2-1-2-2-1-2-2-2-1-2-2-2	3-2-1-2-4-1-2-1-2-2-3-1	2-2-3-0-2-2-2-2-2-1-5-2	2-1-2-1-1-6-0-2-2-2-4-1	2-1-4-2-2-2-1-2-1-1-3-1	1-3-1-0-2-2-4-2-2-1-1-1	3-1-1-2-2-1-1-1-2-2-4-1	4-8-1-2-1-2-3-1-3-1-2-1	3-1-1-1-5-3-1-2-1-3-1-1
949	2	1-1-1-1-1-1-1-1-1-1-1-1	1-1-1-2-1-1-1-1-1-1-3-1	1-3-1-1-1-1-3-1-1-1-1-3	3-0-1-1-3-3-1-6-3-1-1-1	5-1-2-5-1-3-3-3-1-1-1-3	1-1-1-1-1-1-3-1-1-1-0-3	1-5-1-1-3-1-2-3-1-1-3-3	1-2-5-3-3-1-8-8-5-1-7-1	0-1-3-3-7-1-1-3-1-2-3-2	1-3-1-1-3-8-5-1-3-1-1-5	1-1-0-1-1-1-1-0-1-3-3-1	1-3-2-1-4-1-5-1-3-2-2-1
949	3	3-3-1-1-1-1-1-1-1-1-1-1	1-4-3-2-1-1-1-1-1-1-2-3	1-2-1-1-4-1-2-5-1-4-1-4	2-4-1-4-2-2-1-2-2-4-4-1	4-1-2-2-4-2-2-2-4-1-1-2	2-3-5-1-3-1-2-2-3-3-8-3	5-2-7-5-2-3-5-2-5-1-2-2	3-2-2-2-2-1-6-4-3-3-1-4	5-1-2-2-3-1-5-2-1-3-2-3	1-2-3-4-2-6-3-3-2-4-1-2	3-0-1-3-1-1-1-3-1-2-2-3	1-2-2-4-1-1-2-1-2-1-3-1
949	4	5-4-5-4-5-5-5-4-5-5-5-5	5-3-3-5-5-5-5-4-5-5-5-6	4-5-5-4-3-6-5-4-5-5-5-5	5-4-6-5-4-5-5-4-4-4-3-5	4-8-4-7-5-3-5-4-3-4-5-4	4-5-7-5-6-6-3-7-1-4-1-4	5-3-4-1-5-4-4-5-1-4-1-3	6-4-6-3-4-5-4-5-4-7-6-6	6-5-4-3-5-6-1-3-6-5-2-8	4-6-1-3-5-2-4-1-6-5-1-3	1-1-1-3-5-3-6-4-5-6-2-5	5-1-4-5-6-5-3-6-6-5-1-5
949	5	4-7-4-4-4-4-4-4-4-4-4-4	4-6-6-4-4-4-4-4-4-4-4-4	4-4-4-4-2-4-6-7-4-4-6-4	4-4-5-4-2-4-4-2-6-7-5-4	2-4-4-2-4-5-6-4-6-1-4-2	4-3-3-4-4-4-6-4-1-5-1-5	4-2-4-3-4-5-3-4-5-5-2-2	4-2-2-3-2-4-7-4-2-5-5-4	4-4-6-2-4-2-3-6-1-5-2-3	4-2-5-6-6-2-2-1-4-4-4-2	7-6-8-3-4-1-4-4-4-4-6-4	4-2-4-4-1-4-2-4-4-4-3-4
949	6	4-5-8-7-5-6-4-7-4-4-6-4	4-5-5-4-7-4-7-7-4-4-7-4	4-7-4-7-7-4-7-4-4-4-5-7	7-4-6-6-7-7-4-2-7-5-7-6	7-4-6-6-6-7-7-7-5-1-5-7	4-6-7-4-4-4-5-7-1-3-0-7	7-5-5-7-5-1-3-6-1-4-7-7	4-7-4-7-7-1-3-7-6-6-7-4	4-1-5-6-7-4-7-7-4-7-7-3	1-4-1-5-7-3-8-3-4-4-4-2	0-5-0-3-7-1-4-7-4-4-5-4	4-6-2-7-4-4-6-4-4-4-7-4
949	7	4-5-6-6-5-8-4-6-8-6-6-8	4-5-5-4-6-4-4-6-8-4-6-4	8-6-4-6-6-7-6-5-8-7-6-6	6-7-7-6-6-6-4-6-6-5-6-4	6-4-6-4-7-6-6-6-7-7-1-6	8-6-6-7-7-4-6-6-7-7-3-7	8-2-3-7-8-7-5-6-7-8-6-6	7-6-4-6-6-1-3-6-6-5-6-7	7-7-6-7-6-4-7-7-1-6-6-0	8-7-7-6-6-2-8-8-8-4-7-2	5-7-5-3-8-8-7-7-6-7-1-7	4-7-8-6-7-1-2-4-6-4-6-2
949	8	8-7-6-6-8-8-4-8-7-4-4-7	4-8-8-4-8-8-7-8-8-8-4-4	8-7-8-4-8-8-7-7-7-8-8-8	6-8-8-6-8-8-4-8-7-8-8-7	8-4-6-8-8-8-7-8-8-8-6-8	7-8-8-7-8-4-8-8-8-8-3-7	7-8-8-8-7-8-8-8-8-8-7-6	8-8-8-7-8-7-2-2-2-8-1-4	7-8-8-7-6-8-8-6-8-8-6-4	7-8-8-8-8-2-8-7-7-8-7-8	1-1-8-8-7-7-5-4-1-4-8-7	4-7-7-1-1-8-8-4-8-8-7-1
950	0	0-0-0-0-0-0-0-0-0-0-0-0	0-0-0-0-0-0-0-0-0-0-0-0	0-0-0-0-0-0-0-0-0-0-0-0	0-0-0-0-0-0-0-0-0-0-0-0	0-0-0-0-0-0-0-0-0-0-0-0	0-0-0-0-0-0-0-0-0-0-0-0	0-0-0-0-0-0-0-0-0-0-0-0	0-0-0-0-0-0-0-0-0-0-0-0	0-0-0-0-0-0-0-0-0-0-0-0	0-0-0-0-0-0-0-0-0-0-0-0	0-0-0-0-0-0-0-0-0-0-0-0	0-0-0-0-0-0-0-0-0-0-0-0
950	1	1-1-1-1-1-1-1-1-1-1-1-1	1-0-0-1-0-1-1-2-0-1-0-0	6-1-2-1-1-2-2-0-2-0-2-1	1-2-2-1-2-2-0-1-1-0-2-3	0-3-3-2-2-0-2-2-2-0-0-0	1-1-0-0-2-2-1-0-0-0-0-2	0-0-0-3-2-1-0-0-0-1-0-0	1-0-0-1-1-2-0-0-0-2-2-1	1-2-2-0-0-0-2-2-0-1-0-1	1-1-1-2-0-0-0-0-1-2-0-1	2-1-1-0-0-1-2-2-3-1-0-1	1-0-1-1-1-1-1-1-1-1-1-0
950	2	2-2-3-3-2-2-2-2-2-2-3-3	2-3-0-3-0-1-3-1-3-3-3-3	1-3-3-3-3-1-3-3-1-3-1-3	3-1-3-3-3-3-0-3-2-0-3-1	2-1-2-1-1-3-3-3-1-3-2-3	2-1-3-6-1-3-3-3-0-2-0-1	2-3-0-1-3-1-2-1-0-2-2-3	0-2-2-3-2-1-0-6-3-1-7-0	1-1-1-2-4-3-1-1-0-2-2-2	3-1-1-1-3-8-3-0-3-1-3-2	1-4-7-0-0-2-1-1-0-2-3-1	0-3-1-1-1-2-2-1-2-2-3-2
950	3	3-3-2-2-3-3-3-4-3-3-2-2	2-4-3-2-3-3-2-4-3-2-2-4	4-2-2-2-2-2-2-2-2-2-4-2	2-4-2-2-2-2-3-2-4-3-4-1	2-1-1-3-4-2-2-2-4-2-2-2	4-1-2-2-3-2-4-2-3-3-0-3	4-2-4-1-2-3-3-0-3-3-2-2	4-2-2-2-2-1-6-3-2-3-3-3	0-1-2-2-3-2-8-4-0-3-4-2	2-3-4-4-2-3-2-3-2-3-2-2	4-3-3-3-5-2-4-1-1-2-2-4	7-2-1-1-1-3-2-0-6-4-2-3
950	4	5-4-5-5-4-3-4-5-4-4-4-5	4-3-3-2-5-4-5-5-5-4-5-5	3-4-5-5-4-5-5-5-5-3-5-4	4-4-5-5-4-5-5-4-3-4-3-5	3-6-3-4-6-3-4-4-3-4-4-4	4-4-2-5-4-3-3-2-3-0-0-5	3-4-4-1-4-4-5-5-3-4-4-3	4-4-3-3-2-5-4-5-4-3-5-5	4-5-4-5-5-4-5-3-5-4-3-3	4-6-4-3-3-3-3-4-5-6-6-2	6-4-4-5-5-6-6-4-5-4-3-3	6-2-4-4-6-5-2-6-5-5-5-4
950	5	4-8-6-4-6-6-6-7-6-6-6-4	4-6-5-2-4-6-4-6-4-6-4-6	5-5-6-7-6-6-6-6-6-6-6-6	6-5-6-6-5-4-6-7-6-6-6-4	7-4-6-7-4-5-6-5-6-6-7-8	5-5-6-4-6-7-6-6-6-5-0-5	8-6-5-5-5-5-6-6-5-7-5-5	5-5-5-5-2-6-5-5-5-5-4-4	5-4-5-4-7-7-4-5-6-5-5-5	5-4-5-5-3-5-5-4-4-4-4-6	5-8-5-4-4-7-5-4-6-5-7-5	6-5-7-5-4-4-2-7-5-4-4-5
950	6	7-5-8-6-5-5-5-5-5-5-5-4	5-5-5-7-5-5-7-7-5-5-7-5	7-7-5-5-7-5-7-5-5-5-5-5	7-1-5-5-7-7-5-7-5-5-7-1	2-4-5-7-4-7-7-7-5-5-5-7	5-8-5-2-5-5-7-5-5-5-0-7	7-5-5-1-5-6-5-5-5-6-7-6	5-6-2-7-7-5-8-8-7-3-4-4	4-4-5-7-6-6-4-7-5-6-7-2	4-4-6-5-7-8-5-5-6-4-4-7	4-6-3-7-5-5-4-3-5-6-5-6	5-6-6-7-4-3-6-4-7-6-6-5
950	7	6-8-5-6-5-5-5-5-5-5-5-4	5-5-5-6-5-5-6-6-4-5-6-6	6-6-5-5-6-5-6-5-5-6-7-6	6-7-7-5-6-6-8-6-5-5-6-1	5-4-5-5-7-6-6-6-7-5-5-6	5-8-8-2-7-5-6-5-7-7-0-7	6-5-5-8-8-7-5-6-7-5-6-6	5-7-2-6-6-8-3-6-6-3-2-7	7-8-7-6-5-6-7-6-5-5-6-2	6-6-7-5-6-3-5-5-8-4-5-6	3-7-2-6-8-5-7-1-5-7-5-7	5-8-5-7-4-7-7-5-6-6-6-5
950	8	8-7-6-5-5-5-5-8-5-5-5-5	5-5-8-6-8-5-6-6-8-8-6-6	8-7-8-5-8-5-7-5-5-8-5-8	7-8-5-8-8-8-7-8-5-8-8-5	6-4-8-8-8-8-7-8-8-8-6-8	5-8-7-5-8-6-8-8-8-8-8-8	5-8-8-7-7-8-8-6-8-8-5-5	8-8-2-7-8-7-6-6-6-8-5-4	6-8-8-7-6-8-3-6-8-5-6-1	6-8-8-8-8-6-8-7-7-8-4-8	5-5-0-8-7-5-7-5-5-5-8-8	4-7-6-5-4-8-8-4-8-8-6-8
951	0	0-0-0-0-0-0-0-0-0-0-0-0	0-0-0-0-0-0-0-0-0-0-0-0	0-0-0-0-0-0-0-0-0-0-0-0	0-0-0-0-0-0-0-0-0-0-0-0	0-0-0-0-0-0-0-0-0-0-0-0	0-0-0-0-0-0-0-0-0-0-0-0	0-0-0-0-0-0-0-0-0-0-0-0	0-0-0-0-0-0-0-0-0-0-0-0	0-0-0-0-0-0-0-0-0-0-0-0	0-0-0-0-0-0-0-0-0-0-0-0	0-0-0-0-0-0-0-0-0-0-0-0	0-0-0-0-0-0-0-0-0-0-0-0
951	1	1-1-1-1-1-1-1-1-1-1-0-1	1-0-0-3-0-1-0-0-0-1-0-0	0-3-0-4-2-2-2-0-0-3-1-2	2-0-0-3-2-2-0-1-1-1-1-0	1-0-0-2-2-1-2-2-1-1-0-2	2-3-2-0-0-2-2-3-1-1-0-2	3-1-1-0-2-2-0-2-1-1-0-1	1-1-1-2-2-3-2-6-6-0-0-0	1-0-2-2-4-0-0-3-0-1-1-1	0-2-1-2-2-1-0-1-2-0-0-3	0-1-0-1-2-2-0-1-2-1-1-1	2-2-1-1-3-1-2-2-1-2-1-1
951	2	2-2-2-2-2-2-2-2-2-2-2-3	1-3-2-1-0-2-0-3-3-2-1-2	1-2-2-1-1-1-3-3-0-1-3-1	1-3-3-0-1-1-5-2-3-4-3-0	2-0-0-4-1-1-3-1-2-2-0-1	1-1-3-2-2-1-3-1-2-2-5-1	4-1-4-2-1-1-4-1-2-2-0-1	3-3-3-1-2-1-4-2-2-0-0-3	3-0-1-1-2-2-2-1-4-2-3-6	3-1-2-1-1-1-3-2-1-3-6-1	3-1-0-4-1-1-3-3-1-1-1-4	1-1-1-2-2-1-1-1-1-1-1-1
951	3	2-2-2-2-2-3-3-2-3-3-3-2	3-2-2-1-4-2-3-2-4-2-4-4	2-4-4-6-2-1-2-4-4-1-2-4	4-4-4-5-1-1-4-1-2-2-2-3	1-3-3-3-4-1-4-3-2-5-3-6	1-1-2-3-3-1-2-1-2-2-2-4	1-1-2-2-2-1-2-4-1-5-4-2	2-2-4-1-3-4-3-1-3-3-4-4	4-6-4-1-1-3-4-4-6-3-2-1	4-4-2-4-4-1-2-3-1-2-4-1	4-1-3-1-4-4-2-4-4-5-1-3	4-1-3-3-4-4-1-4-1-5-1-1
951	4	4-3-5-4-2-3-4-5-4-4-4-6	5-2-2-5-5-3-5-3-3-5-3-3	4-5-3-5-5-5-5-3-5-5-3-5	5-3-3-3-5-5-3-5-5-5-5-4	5-3-5-5-3-5-5-5-2-3-5-5	4-5-5-4-3-5-5-5-2-2-2-5	5-5-2-4-5-6-2-5-4-2-3-5	2-5-3-5-4-3-6-4-4-3-3-3	3-0-3-5-5-5-3-3-4-4-5-4	3-3-2-3-5-1-4-2-4-4-3-5	3-1-3-2-6-3-3-3-3-5-4-5	3-5-4-2-3-3-4-3-5-4-6-4
951	5	4-6-4-5-5-6-6-4-6-5-4-6	4-2-2-4-4-5-4-3-6-5-3-6	6-4-4-4-4-4-4-6-4-4-5-4	4-5-3-3-4-4-6-4-4-4-4-6	4-3-4-4-5-4-6-4-5-3-4-4	4-4-4-6-5-4-4-4-5-5-2-4	6-4-2-5-4-5-5-4-5-5-4-4	5-4-4-4-4-3-5-5-5-3-4-3	5-5-3-4-4-4-2-3-6-3-4-5	3-4-2-2-4-4-4-6-5-3-3-4	4-5-3-5-5-3-3-3-5-5-5-5	3-6-5-5-5-5-4-3-4-3-2-1
951	6	6-5-6-5-6-5-5-6-5-5-5-5	5-6-6-4-6-6-4-6-5-6-3-5	6-6-6-3-6-6-6-5-4-6-5-6	5-6-6-6-6-6-5-6-5-6-6-5	4-3-6-6-5-6-5-6-6-6-4-3	5-4-5-5-6-6-5-6-6-6-2-5	5-6-6-6-5-6-2-5-6-6-6-6	6-6-4-5-6-5-4-4-1-4-5-3	3-6-6-6-1-6-3-3-5-4-4-2	4-3-6-6-6-4-6-5-5-6-3-6	0-6-5-5-4-5-3-3-3-6-6-6	6-5-6-2-3-6-6-3-4-6-4-6
952	0	0-0-0-0-0-0-0-0-0-0-0-0	0-0-0-0-0-0-0-0-0-0-0-0	0-0-0-0-0-0-0-0-0-0-0-0	0-0-0-0-0-0-0-0-0-0-0-0	0-0-0-0-0-0-0-0-0-0-0-0	0-0-0-0-0-0-0-0-0-0-0-0	0-0-0-0-0-0-0-0-0-0-0-0	0-0-0-0-0-0-0-0-0-0-0-0	0-0-0-0-0-0-0-0-0-0-0-0	0-0-0-0-0-0-0-0-0-0-0-0	0-0-0-0-0-0-0-0-0-0-0-0	0-0-0-0-0-0-0-0-0-0-0-0
952	1	0-1-0-1-0-1-1-1-1-0-1-1	0-2-2-0-0-0-0-1-0-0-0-0	0-0-0-0-0-0-2-2-0-0-2-1	0-1-1-0-0-0-2-0-1-2-2-0	1-0-1-0-0-2-2-0-1-2-0-0	0-0-0-0-0-0-2-0-1-1-1-2	0-2-2-0-2-0-1-0-1-1-0-1	4-1-0-0-1-0-0-2-0-1-0-0	1-0-0-0-0-0-0-0-0-0-0-1	0-0-1-2-1-0-0-1-0-0-0-0	2-0-8-0-1-0-0-0-0-0-2-1	1-0-0-0-0-1-0-0-0-0-4-4
952	2	2-1-2-3-2-1-2-2-2-2-2-3	3-1-1-2-0-3-3-3-0-2-3-3	2-3-3-6-3-0-3-1-0-3-1-3	3-0-3-3-4-3-1-4-2-1-1-4	4-0-4-3-0-3-3-3-1-1-1-3	1-4-3-2-2-4-3-4-1-1-0-3	3-1-1-0-3-0-3-3-2-2-7-3	1-2-8-3-2-0-8-8-2-0-0-0	0-0-3-3-4-3-0-4-4-2-4-3	3-4-1-1-3-2-3-1-3-0-0-4	1-4-0-3-0-2-0-0-0-3-3-1	0-3-2-0-0-0-3-0-0-2-8-4
952	3	3-4-2-2-3-3-3-3-3-3-2-2	2-4-4-2-3-4-2-4-4-2-2-4	2-2-2-2-2-4-4-5-4-2-4-2	2-4-4-2-2-2-3-2-4-3-3-0	2-0-2-2-4-4-4-2-3-3-2-2	0-2-4-0-3-2-4-3-3-3-4-2	2-2-1-0-2-3-4-2-3-3-2-2	3-4-4-2-2-4-6-2-2-4-0-0	3-0-2-2-3-2-3-4-4-3-2-3	2-0-0-0-2-4-2-4-2-4-8-2	4-3-3-3-8-2-0-7-0-2-2-5	4-2-0-4-0-3-2-0-6-2-2-3
952	4	4-3-4-4-4-3-4-4-4-4-4-8	4-3-3-5-5-3-5-3-5-5-5-6	7-5-7-2-4-3-3-5-6-3-3-4	4-6-3-2-2-5-4-2-3-1-4-6	2-6-2-4-6-3-3-5-4-3-4-2	1-2-3-0-4-2-3-2-1-1-3-2	4-2-3-4-4-4-3-5-4-2-4-3	3-2-6-3-3-3-3-5-2-4-4-7	6-8-4-2-2-4-3-3-3-4-2-6	6-6-4-4-3-3-3-3-5-5-6-2	6-2-7-3-4-6-4-6-6-4-4-4	3-2-2-4-6-6-2-4-6-4-1-2
952	5	6-7-7-7-6-6-6-7-7-6-6-7	6-6-6-4-6-7-4-6-6-7-4-6	5-4-6-7-6-7-4-6-7-6-6-6	6-4-6-6-2-4-6-7-6-7-5-4	7-7-3-7-6-5-6-5-6-6-7-5	5-6-6-6-6-6-6-6-6-5-3-5	8-5-5-5-4-6-6-6-6-7-8-6	5-5-4-5-5-6-7-6-5-5-8-5	5-8-8-5-7-6-8-6-7-6-2-6	7-5-5-8-5-6-7-5-4-6-4-2	4-8-5-5-8-8-4-4-4-5-6-6	6-8-5-8-4-7-7-4-4-4-5-8
952	6	5-5-8-8-5-5-5-5-5-5-5-5	5-5-5-7-5-5-5-7-5-5-7-5	6-7-7-2-7-7-7-5-5-5-7-5	7-4-5-5-7-7-5-2-7-5-7-4	7-4-7-5-4-7-7-7-5-5-5-2	7-5-7-5-5-5-7-7-5-6-0-7	6-6-5-6-7-6-5-7-5-5-7-6	5-7-4-7-7-5-3-5-6-4-7-4	4-0-5-7-6-5-7-7-5-5-7-5	5-7-6-5-7-5-5-5-6-5-7-2	4-5-4-4-7-4-4-4-4-7-5-6	5-7-6-7-4-4-5-4-4-4-7-7
952	7	5-5-5-5-5-8-5-5-5-5-5-8	5-5-5-6-5-5-8-6-5-5-6-8	4-6-6-5-6-6-6-6-5-6-6-6	6-7-7-5-6-6-8-5-6-5-6-8	6-5-6-5-7-6-6-6-7-5-5-2	6-5-6-5-5-5-6-6-7-7-1-7	6-6-5-0-8-7-7-6-7-5-6-6	7-6-4-6-6-5-5-5-6-4-6-4	7-7-5-6-5-5-6-6-5-5-6-5	5-6-7-6-6-5-5-5-7-5-6-2	5-5-4-4-6-5-4-3-4-6-5-7	5-6-8-6-7-5-5-4-6-7-6-6
952	8	8-5-6-6-8-7-5-8-5-5-5-7	5-8-8-6-8-5-7-8-8-8-6-7	8-8-8-5-8-6-8-5-5-8-7-8	7-8-5-8-8-8-7-8-5-8-8-7	5-5-8-8-8-8-7-8-8-8-7-8	5-8-8-6-8-5-8-6-8-8-8-7	6-8-8-8-7-8-8-6-8-8-5-6	8-8-2-6-8-5-8-2-6-5-5-5	7-8-8-7-2-8-8-6-5-5-6-1	6-4-8-5-8-5-8-5-7-8-3-8	4-5-1-8-5-5-4-4-4-5-8-8	5-5-7-5-7-8-8-4-4-8-2-5
953	0	0-0-0-0-0-0-0-0-0-0-0-0	0-0-0-0-0-0-0-0-0-0-0-0	0-0-0-0-0-0-0-0-0-0-0-0	0-0-0-0-0-0-0-0-0-0-0-0	0-0-0-0-0-0-0-0-0-0-0-0	0-0-0-0-0-0-0-0-0-0-0-0	0-0-0-0-0-0-0-0-0-0-0-0	0-0-0-0-0-0-0-0-0-0-0-0	0-0-0-0-0-0-0-0-0-0-0-0	0-0-0-0-0-0-0-0-0-0-0-0	0-0-0-0-0-0-0-0-0-0-0-0	0-0-0-0-0-0-0-0-0-0-0-0
953	1	1-1-2-1-2-1-1-1-1-1-1-1	1-1-0-1-0-1-1-2-2-1-1-2	3-1-2-5-1-2-2-2-2-1-2-1	2-2-2-1-1-2-0-3-0-0-0-2	1-2-3-4-2-0-2-1-0-0-3-1	1-4-1-2-0-2-2-0-0-0-0-2	2-0-0-1-0-4-0-2-0-1-3-2	4-3-3-4-1-2-0-1-3-2-2-0	0-2-2-0-2-3-2-2-2-1-2-2	3-3-1-2-2-1-3-1-1-2-2-0	3-0-3-1-2-1-2-1-3-1-2-2	3-1-1-2-3-1-2-1-1-2-1-1
953	2	1-1-1-1-1-1-1-1-1-1-1-1	3-1-0-3-0-3-1-3-3-1-3-3	1-4-1-1-3-1-1-1-1-3-2-3	3-1-1-3-3-3-4-4-3-0-2-1	2-1-1-3-1-3-3-3-1-2-2-1	3-1-3-1-2-1-3-2-0-2-0-3	3-2-0-1-3-2-2-3-0-2-1-3	0-4-4-3-2-1-7-7-2-1-1-0	1-1-1-4-4-3-1-3-1-2-1-1	1-1-0-1-3-4-0-4-3-1-1-4	1-0-1-4-1-2-1-1-1-2-1-1	1-3-1-1-1-2-3-1-2-1-0-3
953	3	3-3-1-4-3-1-2-3-1-1-1-1	2-5-4-2-3-2-1-2-2-3-2-2	1-2-1-1-4-5-4-5-4-4-4-5	2-1-1-2-2-2-3-1-4-4-4-1	2-1-1-2-3-2-4-2-5-3-1-1	2-3-4-1-5-1-4-3-3-3-6-3	2-2-3-1-2-5-5-2-3-0-1-2	0-1-1-2-2-4-5-4-1-4-1-3	0-1-2-2-5-2-1-2-5-3-1-3	1-1-7-2-2-2-1-3-2-4-1-2	1-0-1-3-1-2-1-3-1-1-1-3	1-2-1-1-1-2-2-1-6-1-7-6
953	4	4-3-1-6-4-4-4-5-4-4-5-7	5-3-3-6-6-5-5-6-5-3-5-5	4-5-5-4-3-5-3-6-5-5-3-4	5-5-5-5-2-2-2-2-3-3-3-6	2-7-7-5-5-3-5-5-4-4-1-7	0-1-3-4-5-5-3-2-3-3-0-5	7-2-4-4-5-1-6-5-0-0-4-4	5-2-5-5-2-3-3-3-4-6-5-5	5-5-5-2-2-4-4-5-3-4-3-5	5-5-1-5-5-2-0-3-5-3-5-2	5-7-1-5-5-5-5-5-5-5-5-4	5-2-4-5-5-5-3-5-5-6-1-2
953	5	4-3-7-7-3-5-7-5-4-4-6-5	4-3-3-4-4-4-4-7-6-5-4-4	5-6-4-7-6-7-6-4-4-6-5-6	6-4-5-6-6-6-6-6-6-3-6-4	6-4-3-6-4-5-6-6-4-5-6-6	6-4-6-5-4-4-6-6-4-5-0-6	6-6-3-4-7-3-3-7-0-6-6-6	4-6-4-6-6-4-3-6-4-4-4-4	4-4-4-6-6-4-4-4-3-3-6-4	4-4-1-4-4-1-5-7-4-4-4-7	4-5-6-3-4-4-4-4-4-4-4-7	4-5-4-4-4-4-5-4-4-4-6-6
953	6	7-7-5-4-6-7-7-7-7-4-5-4	4-3-3-4-4-7-5-4-5-6-5-4	4-5-4-5-5-6-5-4-7-5-6-5	5-6-6-5-5-5-7-5-5-6-5-4	5-4-5-5-6-5-5-5-6-6-5-5	7-3-5-7-6-4-5-5-6-6-3-6	5-5-0-6-7-6-3-0-6-5-5-5	6-5-2-5-5-7-3-5-7-4-5-4	6-4-6-5-5-6-6-5-0-5-5-3	5-6-1-0-6-2-5-3-7-6-4-5	3-5-5-1-1-6-4-4-6-6-6-7	3-7-6-6-6-3-3-4-3-4-5-5
953	7	7-6-5-5-7-6-6-7-6-4-5-4	4-7-7-4-7-6-5-7-7-7-5-4	7-7-7-5-7-7-6-4-6-7-7-7	5-7-6-7-7-7-6-7-7-7-7-4	2-4-7-7-7-7-6-7-7-7-5-4	6-7-5-7-7-4-7-7-7-7-7-7	4-7-7-6-6-7-7-5-7-7-4-7	7-7-2-7-7-6-5-2-6-4-4-6	4-7-7-6-5-7-7-4-7-4-5-0	1-4-7-7-7-2-7-6-7-7-4-5	4-7-0-7-2-4-4-4-4-6-7-6	1-6-7-7-4-7-7-4-7-7-3-7
954	0	0-0-0-0-0-0-0-0-0-0-0-0	0-0-0-0-0-0-0-0-0-0-0-0	0-0-0-0-0-0-0-0-0-0-0-0	0-0-0-0-0-0-0-0-0-0-0-0	0-0-0-0-0-0-0-0-0-0-0-0	0-0-0-0-0-0-0-0-0-0-0-0	0-0-0-0-0-0-0-0-0-0-0-0	0-0-0-0-0-0-0-0-0-0-0-0	0-0-0-0-0-0-0-0-0-0-0-0	0-0-0-0-0-0-0-0-0-0-0-0	0-0-0-0-0-0-0-0-0-0-0-0	0-0-0-0-0-0-0-0-0-0-0-0
954	1	1-1-1-1-1-1-1-1-1-1-1-1	0-2-1-0-2-2-0-2-2-1-0-0	2-0-0-1-2-0-2-3-0-0-2-2	0-0-0-0-0-0-0-2-2-2-2-1	1-0-1-0-0-1-2-0-1-0-0-0	5-2-0-0-0-0-2-0-2-1-0-2	2-2-1-0-0-1-0-0-1-1-0-1	1-1-0-0-1-0-1-0-0-0-0-0	0-0-0-0-3-0-1-2-2-1-0-0	0-0-0-2-0-0-0-1-0-0-0-1	0-1-0-2-2-0-0-0-0-0-0-0	1-1-0-2-1-1-0-0-0-0-1-1
954	2	2-1-3-1-1-1-2-1-2-2-2-1	3-1-1-3-1-1-3-1-1-1-3-3	1-3-5-3-3-4-3-1-3-3-1-3	3-0-2-4-4-4-0-4-3-1-1-5	4-0-5-4-0-3-3-3-2-2-4-3	3-1-3-2-2-4-3-2-1-1-0-3	4-1-1-0-3-2-3-3-1-2-1-3	1-4-5-3-6-0-2-2-2-0-6-0	0-0-3-3-5-4-0-3-1-2-2-2	2-4-0-1-3-2-3-2-3-0-0-2	6-2-0-1-1-5-0-0-1-2-3-2	1-3-2-4-0-2-6-0-0-4-2-2
954	3	3-3-2-3-3-3-3-3-3-2-2-3	2-4-3-2-4-4-2-4-5-4-2-4	1-2-2-2-2-2-4-1-2-2-4-2	2-3-4-2-2-2-4-2-4-3-4-0	2-0-2-2-3-4-4-2-4-3-2-2	2-2-2-3-3-2-4-2-1-3-7-3	4-1-3-0-2-3-4-2-1-3-0-2	5-2-4-4-2-0-7-8-2-3-7-0	4-0-2-2-3-2-4-4-6-3-2-2	0-4-3-1-4-2-2-3-4-4-0-2	4-4-9-3-8-0-5-4-5-2-2-4	0-2-0-4-8-4-2-4-7-7-3-3
954	4	4-3-2-4-5-3-4-4-4-2-4-3	2-5-3-2-3-3-2-3-5-4-5-5	5-2-4-2-2-2-5-5-5-2-5-4	2-5-5-2-2-2-6-2-5-4-5-2	2-0-2-2-2-5-5-4-5-0-2-2	2-2-7-3-5-2-5-4-4-4-8-3	7-5-5-7-2-4-5-5-4-3-5-5	4-5-3-3-2-0-8-3-3-5-0-0	3-0-5-2-4-2-8-5-9-3-2-4	5-2-6-5-3-2-5-3-3-4-5-2	3-5-7-4-5-9-0-8-5-2-2-3	4-5-0-5-3-3-3-3-8-8-1-2
954	5	5-5-6-6-4-5-5-5-5-5-5-6	7-4-4-6-5-6-6-6-6-6-6-6	6-6-6-6-6-6-6-4-6-6-4-6	6-6-6-6-6-6-4-5-4-7-4-6	2-6-9-8-7-4-6-6-4-5-2-6	1-6-3-6-4-5-4-2-4-4-0-6	5-4-4-5-6-7-4-4-4-2-4-4	4-4-2-6-2-6-4-6-6-4-5-9	3-0-4-2-2-2-5-4-4-5-2-2	6-2-8-4-4-2-4-3-6-6-6-2	5-4-5-6-6-9-3-4-4-5-4-2	5-4-5-6-6-5-2-8-6-6-3-6
954	6	6-7-5-9-6-6-6-6-6-5-5-5	5-7-7-5-5-6-5-7-5-5-5-5	5-5-5-5-7-5-7-5-5-7-7-5	5-5-5-5-5-5-4-2-7-5-7-5	2-5-5-4-5-6-7-5-7-6-7-5	7-5-4-5-5-2-7-7-6-6-6-5	5-7-6-5-5-6-4-7-6-3-2-4	6-2-5-5-2-5-4-5-5-4-5-5	6-0-7-5-6-2-5-5-6-6-2-2	5-5-9-5-5-4-7-3-5-5-5-2	5-3-6-5-5-5-6-6-5-2-2-6	5-5-5-5-5-5-2-5-8-5-8-7
954	7	8-6-7-8-6-6-7-7-7-9-7-8	5-6-6-5-5-6-8-8-5-6-8-8	5-5-5-5-8-7-6-8-5-8-6-8	8-5-5-8-8-8-6-8-6-5-8-7	9-5-4-8-5-8-8-8-6-7-8-8	6-6-8-7-5-9-8-8-3-4-3-8	4-6-6-5-8-5-4-6-4-3-8-7	6-8-7-8-8-5-9-9-5-5-8-9	9-0-6-8-8-6-5-8-4-6-8-2	9-8-5-4-8-7-8-3-5-5-8-2	8-7-4-3-9-7-0-7-8-8-4-7	5-7-5-8-5-7-7-5-3-3-3-6
954	8	7-9-7-7-6-9-9-7-9-8-7-9	9-6-6-7-9-6-7-7-9-6-7-9	9-5-5-7-7-7-7-7-7-7-7-7	7-5-6-7-7-7-9-7-7-5-7-9	6-5-5-7-8-7-7-7-8-8-7-7	9-8-7-9-8-9-7-7-8-8-3-7	9-6-6-5-7-5-9-9-8-3-7-7	8-7-7-7-7-5-4-8-5-6-7-8	8-8-6-7-7-8-4-8-4-6-7-4	7-7-5-7-7-5-7-3-9-5-7-7	9-8-1-3-3-8-8-4-7-7-4-8	4-7-7-7-7-5-6-5-3-4-6-6
954	9	9-8-5-6-9-8-8-9-8-7-7-8	8-6-9-7-9-9-7-9-9-9-7-8	9-9-9-7-9-9-9-6-9-9-8-9	8-9-9-9-9-9-8-9-7-9-9-8	7-5-9-9-9-9-8-9-9-9-8-9	9-9-9-8-9-8-9-9-9-9-9-9	8-9-9-9-8-9-8-8-9-9-7-9	9-9-9-8-9-9-7-7-7-5-5-9	7-8-7-9-8-9-9-4-4-4-9-9	5-7-6-9-9-2-9-9-7-9-7-9	8-9-3-4-7-5-8-4-9-9-9-9	9-8-5-9-6-9-9-9-9-9-7-9
955	0	0-0-0-0-0-0-0-0-0-0-0-0	0-0-0-0-0-0-0-0-0-0-0-0	0-0-0-0-0-0-0-0-0-0-0-0	0-0-0-0-0-0-0-0-0-0-0-0	0-0-0-0-0-0-0-0-0-0-0-0	0-0-0-0-0-0-0-0-0-0-0-0	0-0-0-0-0-0-0-0-0-0-0-0	0-0-0-0-0-0-0-0-0-0-0-0	0-0-0-0-0-0-0-0-0-0-0-0	0-0-0-0-0-0-0-0-0-0-0-0	0-0-0-0-0-0-0-0-0-0-0-0	0-0-0-0-0-0-0-0-0-0-0-0
955	1	1-1-1-1-1-1-1-1-1-1-1-2	1-2-1-2-3-2-1-2-1-1-2-2	1-2-3-2-2-2-2-2-2-2-3-1	2-1-2-2-2-2-2-3-1-2-2-3	2-2-2-3-2-1-2-1-2-2-7-1	3-2-2-0-0-2-2-2-1-1-4-0	3-2-1-1-1-1-0-2-2-1-4-4	1-1-1-2-1-3-2-2-1-1-3-1	1-2-0-0-2-1-4-2-2-1-1-4	3-1-2-2-1-2-3-1-2-3-3-1	1-8-4-0-1-2-1-1-3-1-7-1	3-1-1-2-3-4-1-3-1-3-1-3
955	2	1-1-1-1-1-1-1-1-1-1-1-1	1-1-1-1-1-1-3-1-1-1-1-1	1-3-1-1-1-1-3-1-1-1-1-3	3-0-1-3-3-3-1-1-1-1-3-1	1-1-1-5-1-1-3-3-1-1-1-2	1-1-3-3-1-1-3-1-1-1-0-3	1-1-1-0-3-1-0-3-1-2-3-3	1-3-5-3-3-1-1-8-2-1-2-0	0-1-3-3-4-0-0-3-1-2-3-1	1-3-1-1-3-6-1-1-3-1-1-5	1-1-1-1-1-1-1-0-1-2-1-2	1-3-2-1-1-1-3-1-2-1-2-1
955	3	3-1-1-1-1-1-1-1-1-1-1-1	1-4-4-2-1-1-2-1-1-1-2-4	4-2-1-1-1-4-2-4-1-4-1-2	2-4-2-2-2-2-1-1-4-5-4-1	1-1-4-1-4-4-2-2-4-3-1-2	1-3-5-2-3-1-2-2-3-3-3-2	5-1-5-1-2-3-5-2-3-1-2-2	1-2-2-2-2-1-3-2-3-1-1-4	1-0-2-2-3-2-1-4-1-2-2-1	1-2-1-4-1-2-1-1-2-4-1-2	1-1-1-1-1-1-0-0-1-2-2-3	1-2-1-1-1-1-2-1-7-1-1-1
955	4	5-8-5-7-5-5-5-5-5-5-4-6	4-3-3-6-5-5-5-5-5-6-5-5	3-5-5-6-4-7-4-5-5-5-6-5	5-5-6-6-2-5-6-4-3-4-3-6	3-8-3-4-6-3-5-4-4-4-4-4	4-4-3-4-7-6-3-8-6-4-1-3	1-1-4-8-5-1-3-4-4-4-1-1	6-2-6-3-2-5-3-6-5-5-6-6	5-6-5-2-2-6-5-3-3-4-2-6	4-1-1-3-5-2-6-1-5-5-6-2	6-5-1-5-6-6-5-6-8-3-6-4	1-2-6-3-6-1-2-6-6-7-6-1
955	5	4-4-4-4-4-4-4-4-4-4-4-8	4-3-4-4-4-4-4-4-4-4-6-4	4-6-4-7-6-6-6-6-4-4-4-4	6-4-4-4-7-7-4-7-6-3-6-4	7-4-6-6-4-6-6-6-5-5-4-2	6-6-6-5-4-4-6-6-1-3-3-6	8-6-3-6-6-5-3-6-5-4-7-6	1-6-2-6-7-4-3-7-5-4-2-4	4-4-7-6-7-1-4-6-1-4-5-4	4-7-5-4-4-7-6-5-6-4-4-2	2-6-4-4-3-4-4-4-7-7-6-6	1-6-4-6-7-4-5-4-3-4-5-3
955	6	4-7-5-4-6-6-4-4-4-4-4-4	5-7-6-4-4-4-4-7-4-4-5-4	7-5-4-4-5-5-7-5-7-4-7-7	5-4-4-4-5-5-7-5-7-6-7-4	5-4-5-5-4-7-7-5-6-6-1-2	5-6-5-5-4-4-5-5-4-6-7-6	5-5-7-6-5-8-7-5-6-6-5-5	4-7-4-5-5-4-6-5-4-6-4-4	4-4-5-5-6-4-7-5-1-5-7-4	4-1-6-1-7-2-7-1-5-4-4-2	4-5-4-8-4-4-4-4-1-5-5-5	7-5-4-5-4-4-5-4-4-4-7-1
955	7	8-6-8-4-6-8-4-4-4-4-4-8	8-6-6-4-4-4-5-6-4-4-5-8	8-7-4-8-5-7-6-6-8-7-6-6	5-7-7-8-5-5-8-5-6-5-6-8	5-4-6-2-7-6-6-5-7-7-1-2	5-6-5-8-4-4-6-5-7-6-6-8	5-5-6-6-6-7-6-6-7-4-5-5	7-7-2-8-5-4-3-5-8-4-5-4	7-4-5-7-5-0-6-7-1-6-6-0	8-7-7-6-7-5-6-7-8-4-7-7	6-7-7-3-5-1-4-4-5-5-1-8	6-5-8-5-5-7-2-4-6-4-6-3
955	8	8-4-8-4-8-8-4-8-4-4-4-7	7-6-8-4-8-8-5-8-8-8-4-7	8-7-8-7-8-8-7-7-7-8-8-8	7-8-8-8-8-8-7-8-7-8-8-7	5-4-8-8-8-8-7-8-8-8-7-8	7-8-8-5-8-7-8-8-8-8-8-8	5-8-8-8-7-6-8-8-8-8-7-7	8-6-8-7-8-4-5-2-7-8-4-4	7-4-8-7-2-8-8-7-8-8-6-8	7-4-8-8-8-7-8-8-7-8-6-8	6-1-8-6-1-4-4-4-4-7-8-7	8-5-7-1-4-8-8-4-8-8-7-1
956	0	0-0-0-0-0-0-0-0-0-0-0-0	0-0-0-0-0-0-0-0-0-0-0-0	0-0-0-0-0-0-0-0-0-0-0-0	0-0-0-0-0-0-0-0-0-0-0-0	0-0-0-0-0-0-0-0-0-0-0-0	0-0-0-0-0-0-0-0-0-0-0-0	0-0-0-0-0-0-0-0-0-0-0-0	0-0-0-0-0-0-0-0-0-0-0-0	0-0-0-0-0-0-0-0-0-0-0-0	0-0-0-0-0-0-0-0-0-0-0-0	0-0-0-0-0-0-0-0-0-0-0-0	0-0-0-0-0-0-0-0-0-0-0-0
956	1	1-1-1-1-1-1-1-1-1-1-1-1	0-2-1-0-0-1-0-2-2-1-0-2	0-1-0-1-2-0-2-0-0-2-2-2	0-0-0-0-0-0-0-1-2-2-2-1	1-0-0-0-0-1-2-0-1-0-1-0	2-2-0-0-0-0-2-0-2-1-4-0	0-1-2-0-0-1-0-2-1-1-0-1	1-0-0-0-1-0-2-2-0-1-0-0	1-1-0-0-0-0-4-0-1-1-0-0	0-1-2-0-1-0-0-1-0-0-0-1	4-1-0-0-2-0-0-0-0-0-1-1	2-1-0-1-0-1-1-0-0-1-2-1
956	2	2-2-1-1-1-1-2-1-2-2-2-2	3-1-1-3-0-2-3-1-3-1-4-3	1-3-4-4-3-3-1-3-0-3-1-3	3-0-2-4-3-3-3-2-1-1-4-0	3-0-3-3-3-3-3-3-1-0-2-3	1-1-3-2-2-3-3-2-1-1-0-3	2-1-1-0-3-3-3-3-0-2-0-3	0-4-4-3-2-2-1-1-4-1-0-0	0-0-3-3-4-3-0-4-2-2-3-2	0-3-1-1-3-2-3-1-3-3-0-4	3-2-0-0-1-2-0-2-4-3-3-1	1-3-2-1-0-2-3-0-4-3-1-4
956	3	3-4-3-3-3-3-3-3-3-3-4-3	2-4-4-2-1-4-2-4-2-4-2-2	3-2-3-2-2-2-4-4-5-2-4-4	2-4-4-2-2-2-2-2-4-3-4-0	2-0-4-2-3-2-4-2-4-3-2-6	4-3-4-3-3-2-4-4-4-3-7-3	7-2-4-4-2-3-4-2-3-6-4-2	3-2-2-2-2-4-4-4-2-0-0-0	4-0-2-2-3-2-0-4-4-3-2-4	4-2-3-0-2-2-7-3-2-2-0-2	5-3-1-4-7-2-0-3-0-2-2-1	1-2-2-8-0-2-2-0-7-7-6-6
956	4	4-3-4-5-4-4-4-4-4-4-3-5	4-3-3-2-5-3-4-3-4-4-5-4	7-5-6-5-3-5-3-5-6-2-3-3	5-5-5-2-2-5-5-2-3-1-3-4	3-7-3-4-6-2-3-4-4-4-4-5	1-4-3-4-4-6-3-3-1-1-1-4	8-1-3-6-5-4-3-5-4-3-6-3	3-2-6-3-3-5-3-3-2-4-6-4	6-7-6-2-2-3-6-3-3-4-2-6	6-8-1-5-3-2-3-2-6-5-6-2	6-2-5-3-6-6-6-6-6-2-4-4	4-2-2-6-6-6-2-7-5-5-3-2
956	5	6-5-6-4-6-6-7-6-7-6-6-8	6-6-6-7-7-6-6-6-6-6-6-6	7-6-6-6-6-6-6-6-6-6-8-6	6-6-6-6-6-4-6-7-6-6-5-4	8-4-6-4-4-5-6-6-6-6-7-5	6-7-6-4-4-4-6-5-6-5-3-6	3-7-5-4-6-5-7-6-5-7-5-6	5-2-7-5-5-7-3-7-2-5-8-6	5-4-4-5-7-7-6-8-7-5-5-7	5-5-6-6-5-6-6-5-5-6-4-2	7-7-7-3-8-8-4-7-4-6-6-6	6-6-7-4-4-7-6-5-4-5-5-8
956	6	7-5-5-7-5-5-5-5-5-5-5-7	5-5-5-5-5-5-5-5-5-5-7-5	5-5-7-5-7-5-7-5-5-5-6-5	7-5-5-7-7-7-5-7-5-5-7-4	7-5-7-7-4-6-7-7-5-5-7-7	5-5-7-6-4-4-5-6-5-5-0-5	6-5-5-4-5-6-5-7-5-3-7-5	5-7-4-7-7-5-3-7-7-5-7-5	4-4-4-6-8-5-4-7-5-5-7-4	4-4-5-5-7-5-5-3-4-5-4-2	4-5-5-3-4-4-4-4-4-5-5-5	5-5-6-4-4-4-5-0-7-4-5-5
956	7	6-5-5-6-5-5-5-5-5-5-5-8	5-5-5-5-5-5-5-5-5-5-6-5	5-7-6-5-6-7-6-5-5-5-7-5	6-7-7-6-6-6-5-6-5-5-6-4	6-4-6-6-7-7-6-6-7-5-5-6	8-5-6-5-7-4-6-6-7-7-3-7	8-5-3-7-8-7-5-6-5-5-6-5	5-6-5-6-6-5-3-5-8-4-6-4	7-4-5-7-5-5-7-6-5-5-6-5	8-7-7-6-6-5-5-7-8-5-7-7	5-5-5-3-3-5-4-4-5-7-5-7	5-8-5-7-7-5-5-4-6-3-7-5
956	8	8-5-6-6-8-5-5-8-5-5-5-7	5-5-8-5-8-5-7-8-8-8-6-7	8-8-8-5-8-5-7-5-7-8-5-8	6-8-8-8-8-8-5-8-7-8-8-4	5-4-6-8-8-8-7-8-8-8-6-6	7-5-8-7-8-4-8-8-8-8-8-7	7-8-8-8-7-8-8-8-8-8-4-6	8-8-8-7-8-5-6-6-7-5-5-5	7-5-8-7-6-8-8-7-5-5-7-8	7-4-8-8-8-2-8-3-8-8-7-8	3-5-5-3-5-5-4-4-5-5-8-7	5-7-5-3-7-8-8-4-8-8-7-8
957	0	0-0-0-0-0-0-0-0-0-0-0-0	0-0-0-0-0-0-0-0-0-0-0-0	0-0-0-0-0-0-0-0-0-0-0-0	0-0-0-0-0-0-0-0-0-0-0-0	0-0-0-0-0-0-0-0-0-0-0-0	0-0-0-0-0-0-0-0-0-0-0-0	0-0-0-0-0-0-0-0-0-0-0-0	0-0-0-0-0-0-0-0-0-0-0-0	0-0-0-0-0-0-0-0-0-0-0-0	0-0-0-0-0-0-0-0-0-0-0-0	0-0-0-0-0-0-0-0-0-0-0-0	0-0-0-0-0-0-0-0-0-0-0-0
957	1	1-1-1-1-1-1-1-1-1-1-1-1	1-2-1-2-2-2-2-1-2-1-0-2	1-2-2-1-3-2-1-2-2-2-2-1	2-1-2-1-1-0-2-1-1-2-1-1	2-1-1-0-4-1-1-1-2-2-2-1	4-1-2-3-2-2-2-2-2-1-4-2	1-1-1-1-2-1-0-0-1-1-2-2	1-1-2-1-1-3-1-1-1-1-0-1	1-1-2-1-2-2-1-2-3-1-1-0	0-1-4-2-1-1-1-2-2-1-0-1	1-2-2-1-4-2-1-1-1-1-2-1	1-1-1-1-1-1-1-0-4-1-1-1
957	2	2-2-3-2-1-1-1-2-1-4-1-2	3-1-1-3-1-1-3-2-1-1-3-1	2-3-3-3-2-1-3-3-3-3-1-2	3-3-1-2-4-3-3-7-1-1-3-1	3-0-2-3-3-3-3-3-1-1-4-2	2-3-3-2-1-4-3-1-1-2-0-3	3-4-1-0-3-1-3-3-1-1-5-3	1-4-4-3-4-1-1-3-3-1-3-2	1-0-1-4-4-1-1-3-1-4-4-4	1-3-1-1-3-4-3-1-3-1-0-4	1-4-1-4-1-1-1-1-1-3-3-1	1-4-2-1-1-3-3-1-7-1-4-4
957	3	2-4-2-1-2-3-2-1-1-2-2-2	2-4-4-2-1-1-2-2-2-2-2-2	1-4-2-2-1-2-4-2-2-2-4-3	2-3-4-2-2-2-2-2-4-4-4-1	2-0-2-2-2-4-4-2-4-4-2-2	2-2-2-2-3-2-4-2-3-3-6-2	2-2-1-0-2-1-4-2-3-3-0-2	1-2-0-2-2-1-4-2-2-4-2-3	3-0-4-2-3-1-3-2-1-3-2-2	0-2-1-4-2-2-2-4-2-3-0-2	3-2-3-3-8-0-0-6-4-4-2-1	3-2-3-3-3-2-2-0-1-4-2-1
957	4	2-3-2-2-2-4-4-2-4-2-2-5	4-3-3-5-5-1-5-5-3-1-5-5	7-5-2-4-4-3-3-4-5-5-3-4	5-4-5-5-2-2-2-2-3-3-3-8	1-7-2-4-6-3-3-5-3-4-2-4	1-2-3-4-7-2-3-3-1-3-1-2	8-2-4-8-5-0-3-5-3-4-4-1	1-2-6-2-2-1-3-2-2-4-5-4	6-4-3-2-2-1-7-5-1-4-2-2	4-2-1-3-2-2-4-3-5-4-4-2	8-2-1-5-1-4-7-4-5-3-4-4	1-2-4-3-5-1-1-4-1-3-2-2
957	5	6-5-6-2-6-6-7-7-6-6-6-8	6-6-5-4-6-6-6-5-6-6-6-6	5-4-6-8-5-6-5-6-6-6-5-5	6-4-6-5-6-5-6-6-6-6-6-4	6-4-6-6-5-5-5-5-6-6-7-5	7-7-6-6-4-6-6-6-6-5-2-5	8-6-5-5-6-5-6-6-6-6-2-6	5-2-6-5-5-6-6-5-4-7-8-5	5-4-6-5-6-7-4-4-7-5-6-7	4-2-7-6-6-6-6-5-4-4-4-2	7-7-6-6-8-8-4-4-4-8-7-5	7-5-7-5-4-5-7-4-5-3-5-8
957	6	7-6-7-8-5-5-5-7-8-8-5-6	5-5-5-7-5-5-7-7-7-5-8-5	6-7-7-7-7-5-7-5-7-5-7-6	7-4-5-7-7-7-7-7-5-5-7-6	7-4-8-7-4-7-7-7-5-5-6-7	5-6-7-6-4-7-7-7-5-6-3-7	7-5-5-5-5-5-5-7-5-5-7-6	5-7-4-7-7-5-8-7-7-5-7-5	5-4-5-7-7-6-4-7-5-7-7-7	4-4-5-5-7-5-7-5-4-5-4-7	4-5-5-5-5-5-4-4-7-5-5-5	3-7-6-7-7-5-5-4-7-4-7-5
957	7	6-6-6-6-5-6-5-6-5-5-6-8	5-5-5-6-5-5-6-6-6-5-6-6	4-6-6-6-6-7-6-5-6-6-6-6	6-7-7-6-6-6-8-6-5-5-6-4	6-4-2-6-7-6-6-6-7-7-5-6	5-6-6-6-4-6-6-6-7-5-3-7	6-5-1-7-6-7-5-6-7-6-6-6	4-6-4-6-6-5-6-6-6-5-6-7	7-4-7-6-6-5-4-6-5-6-6-5	8-7-7-4-6-6-6-8-8-5-4-6	5-5-6-0-8-5-4-4-6-7-5-7	6-8-5-6-6-5-5-4-6-4-6-6
957	8	8-6-6-6-8-5-5-8-6-6-6-7	6-8-8-6-8-5-6-6-6-8-6-6	8-8-8-5-8-6-7-7-6-8-5-8	6-8-5-8-8-8-7-8-7-8-8-4	5-4-6-8-8-8-7-8-8-8-6-6	5-8-8-6-8-7-8-8-8-8-8-7	5-8-8-4-6-8-8-6-8-8-7-5	8-6-2-7-8-6-6-6-7-5-5-5	7-5-8-7-6-8-8-6-5-5-6-6	7-4-8-8-8-6-6-7-7-8-4-8	4-5-3-8-5-5-4-4-4-5-8-7	6-7-4-5-4-8-8-5-8-8-6-5
958	0	0-0-0-0-0-0-0-0-0-0-0-0	0-0-0-0-0-0-0-0-0-0-0-0	0-0-0-0-0-0-0-0-0-0-0-0	0-0-0-0-0-0-0-0-0-0-0-0	0-0-0-0-0-0-0-0-0-0-0-0	0-0-0-0-0-0-0-0-0-0-0-0	0-0-0-0-0-0-0-0-0-0-0-0	0-0-0-0-0-0-0-0-0-0-0-0	0-0-0-0-0-0-0-0-0-0-0-0	0-0-0-0-0-0-0-0-0-0-0-0	0-0-0-0-0-0-0-0-0-0-0-0	0-0-0-0-0-0-0-0-0-0-0-0
958	1	1-1-1-1-1-1-1-1-1-1-1-1	0-2-2-0-0-0-0-2-0-1-0-0	0-0-0-1-0-0-2-0-0-0-2-0	0-0-2-0-0-0-0-0-2-2-2-0	1-0-1-0-0-2-2-0-1-2-2-0	4-2-0-0-0-0-2-0-2-1-0-0	2-1-1-0-0-0-0-0-1-1-0-1	1-0-0-0-1-0-1-0-0-1-2-0	1-0-0-0-0-2-0-0-0-1-0-0	0-1-3-2-1-0-0-1-0-4-0-1	4-1-0-0-1-0-0-0-0-0-0-1	4-1-0-2-0-0-1-0-0-0-4-1
958	2	2-2-2-2-1-1-2-1-2-2-2-2	2-1-1-2-2-2-3-1-0-1-3-3	0-3-3-4-2-3-2-3-0-3-1-2	3-0-3-2-4-3-1-2-1-1-3-2	2-0-2-2-0-3-3-3-2-1-8-3	2-4-3-0-2-4-3-3-1-1-1-4	2-1-1-0-3-0-3-3-2-2-2-2	1-4-2-2-2-3-1-8-2-0-1-0	2-0-3-3-8-1-0-3-0-2-2-2	2-2-1-1-3-2-3-2-3-0-0-2	0-2-0-1-3-3-0-2-0-3-3-2	1-2-2-1-0-0-2-0-2-2-2-2
958	3	3-3-4-3-3-3-3-3-4-3-4-4	3-4-4-2-2-4-4-3-3-4-4-4	3-2-2-3-2-4-4-3-4-2-4-3	2-3-2-2-2-2-3-3-3-4-4-0	2-3-2-3-4-4-4-2-3-3-5-2	2-8-4-3-7-4-4-2-4-3-6-3	2-8-4-0-2-3-4-3-3-4-2-4	3-4-8-2-2-4-7-4-2-4-3-4	0-0-4-2-4-3-6-2-4-2-4-3	4-2-1-4-2-2-2-4-2-4-4-2	4-8-8-4-8-2-0-6-0-2-8-5	1-2-3-6-0-4-4-0-0-2-6-7
958	4	3-3-3-5-3-3-3-3-3-3-3-3	4-3-3-2-3-3-5-3-3-3-5-3	3-5-6-2-3-3-3-3-3-3-3-5	5-6-4-5-2-5-5-2-3-3-3-0	3-5-3-2-7-3-3-5-3-3-3-8	1-5-3-4-4-3-3-2-3-3-3-2	2-2-3-4-5-0-3-5-2-3-5-3	3-2-3-3-2-5-4-5-2-3-5-7	6-5-5-2-3-4-5-5-3-4-3-3	5-8-1-3-3-2-3-3-6-6-5-2	8-2-7-3-1-3-7-6-5-5-3-4	1-2-4-3-5-3-3-6-5-7-1-3
958	5	6-5-6-4-6-6-6-6-6-6-6-6	6-6-5-6-6-7-6-6-6-6-4-6	5-4-6-8-6-6-5-6-6-6-6-5	6-5-6-5-6-6-6-6-5-3-5-6	6-6-5-7-4-5-5-5-6-5-7-5	5-4-6-7-4-8-5-6-5-5-3-5	8-6-5-5-5-5-6-6-5-7-4-6	5-5-6-5-5-7-6-4-4-5-4-5	5-4-7-4-7-3-7-6-7-5-2-3	4-6-7-6-4-6-5-5-4-4-4-2	4-6-6-6-6-8-4-4-8-8-6-7	6-3-5-8-4-7-6-4-5-5-5-6
958	6	7-6-5-8-7-5-5-5-5-5-5-8	5-5-5-7-5-5-5-7-5-5-7-7	6-7-8-7-7-5-7-6-7-5-5-7	7-7-5-7-7-7-5-7-5-3-7-5	7-5-7-7-4-7-7-5-5-5-7-7	6-7-7-6-3-5-7-5-5-3-3-6	7-5-5-5-4-5-3-7-5-8-7-5	5-7-4-7-7-5-8-7-8-5-7-5	5-4-5-7-8-3-3-7-5-5-7-3	7-7-5-5-7-5-7-7-4-4-4-7	4-5-5-5-5-5-4-4-4-7-5-5	5-7-6-3-4-5-7-4-7-4-7-5
958	7	6-5-5-6-6-8-5-5-5-5-6-6	5-5-6-6-5-5-6-6-6-5-6-6	8-6-6-6-6-5-6-6-6-6-7-6	6-6-7-6-6-6-8-6-6-3-6-8	6-5-6-6-7-6-8-7-7-7-5-6	6-6-6-6-3-5-6-5-7-7-3-7	6-5-5-7-4-7-3-6-7-5-6-5	7-6-3-6-6-5-3-6-2-5-6-4	5-7-5-6-5-3-5-6-5-5-6-3	6-6-5-5-6-2-6-6-8-4-7-2	5-7-5-7-3-5-4-7-4-6-5-7	5-6-8-7-4-5-6-4-6-4-6-3
958	8	8-6-6-6-6-7-5-8-6-5-6-6	5-8-8-6-8-5-7-6-6-8-6-7	8-8-6-6-8-8-6-5-6-8-5-8	6-8-8-8-8-8-7-8-8-3-8-7	5-5-8-8-8-8-7-8-8-8-5-6	5-3-8-7-8-5-8-8-8-8-8-7	5-8-8-8-6-8-3-8-8-8-5-5	8-8-3-7-8-5-6-6-2-5-3-4	6-7-8-7-2-8-4-5-5-5-6-8	5-5-8-5-8-2-6-5-7-8-4-8	4-3-3-8-3-5-4-4-5-5-3-8	5-7-7-5-0-8-8-4-8-8-6-3
959	0	0-0-0-0-0-0-0-0-0-0-0-0	0-0-0-0-0-0-0-0-0-0-0-0	0-0-0-0-0-0-0-0-0-0-0-0	0-0-0-0-0-0-0-0-0-0-0-0	0-0-0-0-0-0-0-0-0-0-0-0	0-0-0-0-0-0-0-0-0-0-0-0	0-0-0-0-0-0-0-0-0-0-0-0	0-0-0-0-0-0-0-0-0-0-0-0	0-0-0-0-0-0-0-0-0-0-0-0	0-0-0-0-0-0-0-0-0-0-0-0	0-0-0-0-0-0-0-0-0-0-0-0	0-0-0-0-0-0-0-0-0-0-0-0
959	1	1-1-1-1-1-1-1-1-1-1-1-1	0-2-1-0-0-0-0-2-1-1-0-1	1-0-0-1-2-0-2-0-0-2-2-2	0-0-0-0-1-0-0-1-1-2-2-0	1-0-0-0-0-1-2-0-1-1-1-1	2-0-0-0-0-0-2-0-1-1-1-0	0-2-2-0-0-0-0-4-1-1-0-1	1-0-0-0-1-0-0-2-0-1-0-0	1-0-1-0-0-0-0-0-1-1-0-0	0-1-2-0-1-0-0-1-0-0-0-1	0-1-0-0-0-0-0-0-0-0-0-1	2-1-0-1-0-1-0-0-0-1-0-1
959	2	2-2-1-1-1-1-2-1-2-2-2-2	3-1-1-3-0-2-3-1-3-3-4-3	0-3-5-5-3-3-3-0-1-3-3-3	4-0-2-4-4-4-3-4-1-1-1-0	4-0-2-4-3-3-3-3-1-4-4-0	1-4-3-2-2-4-3-4-1-1-0-4	3-1-1-0-3-2-3-3-2-2-0-3	2-2-3-3-3-2-4-1-2-1-0-0	0-0-3-3-2-3-0-4-0-2-3-2	3-3-1-3-3-2-3-1-3-3-0-4	0-2-0-0-1-3-0-2-0-3-3-1	1-3-2-2-0-2-4-0-3-3-1-2
959	3	4-3-3-3-3-3-3-3-3-2-4-3	2-5-3-2-5-3-2-4-2-2-2-2	3-2-2-2-2-2-4-2-4-2-4-2	2-4-2-2-2-2-4-2-4-3-4-0	3-0-7-4-3-2-4-2-4-3-1-4	2-5-4-4-3-2-4-3-3-3-7-3	4-1-3-5-2-3-7-2-3-3-5-2	3-3-2-4-2-0-7-3-2-0-5-0	3-0-2-2-1-2-0-4-4-3-2-4	4-4-3-4-2-2-4-3-4-2-0-2	5-4-3-3-8-5-5-5-5-2-2-4	3-2-0-4-5-3-2-4-2-7-3-7
959	4	4-4-4-4-4-3-4-4-4-3-3-4	2-5-5-2-3-3-2-3-2-4-2-5	3-4-2-2-2-2-3-5-5-5-3-4	2-5-5-2-2-2-3-2-3-4-5-0	4-5-0-7-4-5-3-4-5-2-2-3	5-2-3-3-4-2-5-2-4-4-6-2	3-5-4-0-2-3-5-5-4-3-5-2	3-3-3-3-4-2-7-4-2-4-4-5	5-0-4-2-4-5-5-5-3-4-3-3	3-3-4-5-5-2-3-4-3-4-5-2	3-3-0-4-5-2-0-8-0-2-5-3	4-2-5-4-9-2-2-3-2-5-4-5
959	5	5-5-5-6-4-5-6-5-6-5-5-6	5-4-4-6-3-6-6-5-6-6-6-6	5-6-6-6-5-6-5-5-6-4-5-5	5-7-6-5-2-6-6-8-4-5-4-7	6-7-5-8-7-4-5-5-7-6-8-5	5-6-4-6-4-7-4-2-4-4-4-6	6-6-5-7-5-5-4-6-4-3-4-4	3-5-6-6-4-6-6-6-6-7-5-5	5-6-5-6-4-5-5-4-4-5-5-4	6-6-5-4-4-6-6-6-7-7-6-4	6-2-5-6-4-6-5-6-6-5-4-5	8-6-5-7-6-5-6-5-6-3-3-5
959	6	5-7-8-5-7-7-7-5-8-7-5-5	7-7-7-5-7-7-5-7-7-5-5-7	6-6-7-9-7-7-7-7-7-7-5-7	6-6-7-6-7-5-7-8-7-7-7-5	8-5-6-7-5-6-7-6-7-7-8-6	9-5-7-7-4-7-7-7-7-6-4-6	5-6-6-5-6-6-7-7-7-7-6-7	6-6-5-5-6-5-5-8-5-8-9-7	6-6-7-5-7-6-5-6-9-6-6-6	5-6-8-6-7-2-7-5-5-5-5-6	5-9-5-6-7-6-6-5-5-9-7-6	5-5-5-5-5-6-5-6-6-6-3-6
959	7	6-6-6-6-6-6-6-6-6-6-6-6	6-6-6-8-6-6-8-6-6-6-9-6	7-8-6-6-8-6-8-6-6-6-6-6	8-5-6-8-8-8-6-7-6-6-8-5	8-5-8-8-5-8-8-8-6-6-8-8	6-5-8-7-4-9-8-6-6-3-3-8	5-6-6-5-6-7-6-6-6-6-8-6	6-8-6-8-8-5-9-9-9-5-8-6	9-5-6-8-8-7-5-8-4-6-8-5	6-8-6-5-8-2-8-6-5-5-8-8	5-6-6-6-6-5-5-5-5-7-6-7	5-8-7-8-5-6-8-6-8-3-9-3
959	8	6-6-6-6-6-9-6-6-6-6-5-9	6-6-6-7-6-6-7-7-7-6-6-9	9-7-7-6-7-6-7-6-6-6-9-7	7-8-8-7-7-7-6-7-6-6-7-9	6-5-7-7-8-7-7-7-8-6-6-7	6-8-7-9-8-9-7-7-8-8-4-7	9-6-6-5-8-8-3-7-8-6-7-5	8-7-6-7-7-5-3-6-7-6-7-8	8-8-8-7-7-7-5-7-4-6-7-4	6-8-6-8-7-2-7-6-8-6-7-7	6-8-9-9-5-8-5-5-5-7-4-8	5-7-7-7-5-8-7-6-7-7-7-3
959	9	9-8-7-7-6-8-6-9-6-6-6-8	6-9-9-7-9-6-7-6-6-9-7-8	9-9-9-6-9-9-6-6-6-9-8-9	7-9-6-9-9-9-8-9-6-9-9-8	6-5-9-9-9-9-8-9-9-9-7-7	6-9-9-8-9-7-9-9-9-9-9-8	8-9-9-8-8-9-9-8-9-6-8-6	9-9-9-8-9-6-7-7-7-6-6-6	7-9-9-9-7-9-9-7-6-6-7-7	5-9-6-9-9-9-9-4-8-6-4-9	6-6-9-6-6-6-8-9-9-9-9-8	5-8-5-5-4-9-9-6-9-9-7-9
960	0	0-0-0-0-0-0-0-0-0-0-0-0	0-0-0-0-0-0-0-0-0-0-0-0	0-0-0-0-0-0-0-0-0-0-0-0	0-0-0-0-0-0-0-0-0-0-0-0	0-0-0-0-0-0-0-0-0-0-0-0	0-0-0-0-0-0-0-0-0-0-0-0	0-0-0-0-0-0-0-0-0-0-0-0	0-0-0-0-0-0-0-0-0-0-0-0	0-0-0-0-0-0-0-0-0-0-0-0	0-0-0-0-0-0-0-0-0-0-0-0	0-0-0-0-0-0-0-0-0-0-0-0	0-0-0-0-0-0-0-0-0-0-0-0
960	1	1-1-1-2-1-1-1-0-1-1-1-1	1-1-0-1-0-1-1-0-1-1-0-2	3-2-2-2-0-2-2-2-0-0-0-0	2-0-4-0-1-2-0-4-0-0-0-1	0-4-1-1-2-0-2-1-2-1-0-2	3-2-0-1-1-2-2-1-0-0-0-2	1-1-0-3-1-1-0-0-0-1-3-2	1-0-0-0-1-2-0-0-1-1-0-0	1-2-2-0-0-0-1-2-0-1-1-0	2-1-0-0-0-1-0-0-1-2-3-0	0-0-1-0-0-1-2-3-3-1-0-1	1-0-1-1-0-1-1-1-1-0-1-0
960	2	1-2-1-1-2-2-2-2-2-2-2-5	3-2-2-3-0-2-1-3-3-2-3-3	0-1-1-1-3-1-3-1-0-3-2-3	3-0-1-4-4-3-3-2-3-0-2-1	4-1-1-3-1-2-3-3-1-2-4-1	2-1-3-3-2-4-3-2-2-2-0-4	4-4-0-1-3-3-2-3-0-2-1-3	0-4-4-3-2-1-4-9-2-2-0-0	2-1-3-3-4-2-1-3-2-3-2-2	1-3-0-2-3-4-0-1-3-3-1-4	3-4-1-0-9-3-1-1-0-4-3-2	1-3-1-0-2-2-3-1-2-2-2-2
960	3	3-3-1-3-3-3-3-3-3-3-3-4	2-4-3-2-3-4-1-2-2-2-2-2	1-1-2-3-2-3-4-2-4-2-4-2	2-3-1-2-2-2-5-1-4-4-4-1	2-1-6-3-3-2-4-2-4-3-0-1	1-1-5-2-3-2-4-2-3-3-8-3	1-2-3-1-2-6-5-4-3-3-4-2	3-2-2-2-2-1-8-4-2-3-1-3	3-1-2-2-5-4-5-2-4-2-3-3	1-2-3-2-2-2-4-4-2-2-1-3	6-3-9-4-9-2-3-6-1-2-2-3	4-2-1-4-3-2-2-2-8-2-6-2
960	4	4-3-6-5-4-3-4-3-4-4-4-3	4-3-3-7-5-3-4-4-5-4-5-5	6-5-6-2-4-5-3-5-3-5-3-4	5-4-5-5-2-5-7-6-3-3-3-4	2-9-1-4-7-3-3-5-3-4-2-0	2-1-3-4-4-9-3-2-3-3-0-2	2-2-3-4-2-4-3-3-4-3-7-2	4-2-2-2-2-7-2-3-2-4-4-8	4-4-5-2-2-4-4-2-3-4-2-4	5-9-0-3-2-2-5-3-5-6-5-2	9-2-6-3-4-6-4-9-5-2-3-4	3-2-4-4-4-2-2-4-4-8-2-2
960	5	7-5-6-7-6-6-6-7-6-6-7-7	6-6-5-4-6-7-6-6-6-6-7-6	5-4-7-7-7-7-6-6-6-6-6-6	6-4-6-6-2-4-7-6-6-6-6-5	8-6-5-8-4-5-6-5-6-6-8-6	6-5-3-5-4-6-6-5-5-5-3-6	9-6-7-6-6-5-3-6-5-8-5-8	7-2-2-5-5-4-7-7-2-5-4-5	5-4-7-6-6-8-6-6-8-6-2-6	4-5-7-6-5-9-6-6-6-9-4-8	4-8-7-3-7-9-4-4-4-5-6-4	7-7-8-6-7-8-6-7-7-4-7-9
960	6	5-5-5-5-5-5-5-5-5-5-6-5	5-5-5-5-5-5-5-5-5-5-5-5	4-8-8-5-5-5-5-5-5-5-5-5	7-4-5-5-8-8-5-5-5-5-5-7	8-5-5-5-7-5-7-7-5-5-5-5	5-7-8-7-4-5-5-7-5-6-0-7	2-5-5-5-7-6-3-5-6-3-8-7	5-7-5-7-8-5-9-8-5-5-8-4	9-4-5-7-8-5-5-7-5-8-7-5	7-8-6-5-7-8-7-5-7-4-5-6	8-5-5-5-5-4-4-3-8-8-5-4	5-5-5-7-4-5-5-5-5-4-6-5
960	7	5-5-5-5-5-5-5-5-5-5-5-5	5-5-5-4-5-5-4-8-5-5-5-5	5-6-5-5-5-5-8-5-5-5-8-6	6-4-5-5-6-6-5-5-8-5-8-4	6-5-1-5-4-8-8-6-5-6-5-5	5-6-6-6-3-5-6-6-8-7-3-6	2-5-5-9-8-7-8-8-5-7-4-6	5-6-4-6-6-4-8-6-2-5-6-4	4-4-5-6-7-5-4-6-5-6-6-4	6-6-7-8-6-6-6-7-6-4-4-5	4-5-5-9-5-5-4-4-4-6-5-7	5-5-4-6-5-5-6-5-5-4-5-5
960	8	9-9-5-6-5-9-5-5-5-5-5-5	5-7-5-4-5-5-9-7-5-5-9-5	4-6-6-5-5-8-7-5-9-5-7-5	6-4-8-5-6-6-5-5-7-5-7-4	5-5-5-5-4-7-7-6-8-5-5-5	5-5-6-6-4-6-8-6-8-7-3-6	9-5-7-9-7-8-7-7-5-5-6-5	5-6-2-8-6-1-7-6-9-5-6-4	8-9-9-8-6-5-8-8-5-6-6-5	8-6-8-7-8-6-5-5-9-4-8-5	6-5-5-0-5-5-4-3-6-6-5-8	5-5-5-8-7-5-5-4-5-4-9-5
960	9	9-8-8-7-5-8-5-9-5-5-5-5	5-9-9-5-9-5-8-9-9-9-8-9	9-9-9-5-9-5-8-5-8-9-5-9	8-9-9-9-9-9-4-9-8-9-9-4	5-4-9-9-9-9-8-9-9-9-5-5	5-9-9-6-9-4-9-9-9-9-9-9	8-9-9-7-8-9-5-9-9-9-5-5	9-7-2-8-9-9-6-2-8-5-5-5	8-8-8-8-5-9-9-5-5-5-7-9	8-4-9-9-9-5-9-5-8-9-9-9	4-5-3-7-5-5-4-4-5-5-9-9	5-5-5-5-7-9-9-4-9-9-8-5
961	0	0-0-0-0-0-0-0-0-0-0-0-0	0-0-0-0-0-0-0-0-0-0-0-0	0-0-0-0-0-0-0-0-0-0-0-0	0-0-0-0-0-0-0-0-0-0-0-0	0-0-0-0-0-0-0-0-0-0-0-0	0-0-0-0-0-0-0-0-0-0-0-0	0-0-0-0-0-0-0-0-0-0-0-0	0-0-0-0-0-0-0-0-0-0-0-0	0-0-0-0-0-0-0-0-0-0-0-0	0-0-0-0-0-0-0-0-0-0-0-0	0-0-0-0-0-0-0-0-0-0-0-0	0-0-0-0-0-0-0-0-0-0-0-0
961	1	1-1-1-1-1-1-1-1-1-1-1-1	1-2-1-0-4-2-2-1-2-1-2-2	1-2-2-3-2-2-2-2-2-2-2-1	2-1-2-1-1-1-1-2-1-2-2-1	2-2-1-3-1-1-1-1-2-2-3-1	4-1-2-2-2-2-2-2-2-1-4-2	4-1-1-1-2-1-2-2-1-2-1-2	4-1-2-2-1-3-1-1-1-2-0-1	1-0-2-1-2-3-1-2-3-1-1-0	2-1-1-2-1-1-2-1-4-3-0-1	1-2-0-2-1-1-1-1-2-1-2-1	5-1-1-1-3-4-4-3-1-1-1-1
961	2	2-2-3-2-1-1-1-2-1-4-1-2	3-1-1-4-1-1-3-2-1-1-3-1	2-3-3-4-3-3-3-1-3-3-1-2	3-3-1-2-3-3-3-3-1-1-3-1	3-1-3-4-1-3-3-3-1-1-1-7	3-3-3-2-1-4-3-4-1-1-5-3	3-4-1-0-3-1-3-3-1-1-7-3	1-4-8-3-3-1-1-3-3-1-3-1	1-0-1-3-4-2-1-3-1-3-4-3	1-3-1-1-3-4-3-1-3-1-1-4	1-1-6-1-1-1-1-1-1-3-1-2	1-3-3-1-1-1-3-1-1-1-4-4
961	3	2-4-2-3-4-1-2-1-1-2-3-2	2-4-3-2-1-1-2-2-2-2-2-2	0-2-2-1-2-2-4-2-2-2-4-4	2-4-4-2-2-2-2-2-4-3-2-2	2-0-2-2-2-3-4-2-4-3-1-2	2-2-4-2-3-2-4-2-3-3-6-2	2-2-1-0-2-1-4-2-3-1-4-2	1-2-2-2-2-1-4-2-2-4-2-1	1-0-4-2-3-1-0-2-1-3-2-2	4-2-3-4-2-2-4-3-2-1-0-2	1-2-8-6-1-1-0-0-1-2-2-2	1-2-2-3-4-1-2-1-0-5-3-1
961	4	2-3-2-5-3-1-1-5-4-2-2-2	2-3-3-2-1-1-5-4-2-2-5-5	7-5-2-2-4-5-3-5-2-2-3-3	5-4-5-2-2-2-2-2-3-6-3-5	2-7-2-2-7-3-3-2-3-3-1-2	1-2-3-4-3-2-3-2-3-3-1-2	1-2-3-7-5-4-3-5-1-1-3-1	1-2-2-2-2-3-3-2-2-3-4-7	4-5-3-2-2-4-4-5-1-1-2-2	5-6-4-3-3-2-3-1-5-5-4-2	6-2-1-3-1-7-4-6-5-4-3-4	1-2-2-4-3-1-1-4-8-4-2-2
961	5	6-8-6-2-6-6-6-6-6-6-6-8	6-6-5-6-6-6-4-6-6-6-4-6	5-6-6-8-6-6-5-6-6-6-5-5	6-5-6-5-6-6-7-2-6-5-6-4	7-4-5-7-5-5-6-5-6-5-7-5	6-6-6-5-6-6-6-6-6-5-2-5	8-6-5-5-6-5-6-6-5-6-8-6	6-5-6-5-2-7-5-7-2-6-6-4	5-5-6-5-6-5-4-6-7-5-5-6	6-5-5-6-5-6-6-6-6-4-6-2	4-8-7-5-8-8-5-4-4-5-6-5	7-8-5-8-4-7-5-6-5-5-5-8
961	6	7-6-5-8-5-5-5-5-5-5-5-7	5-5-5-7-5-5-7-7-7-5-7-5	5-7-7-7-7-5-7-5-7-5-7-7	7-7-5-5-7-7-7-4-5-5-7-7	7-4-8-7-5-7-7-7-5-5-5-5	5-5-7-6-5-5-7-7-5-3-3-5	7-5-6-4-5-6-5-7-5-5-7-7	5-7-5-7-7-5-6-7-6-5-7-4	8-5-5-7-8-5-4-5-5-5-7-5	5-7-5-5-7-7-7-5-5-4-7-7	7-5-2-3-5-4-6-4-7-8-5-5	8-7-5-7-7-5-7-4-7-7-7-5
961	7	6-5-5-6-5-8-5-5-5-5-6-8	5-5-6-6-6-5-6-6-6-5-6-6	4-6-6-6-6-6-6-6-6-6-6-6	6-6-7-5-6-6-8-2-5-5-6-8	6-4-2-6-7-6-8-6-7-5-5-2	5-5-6-6-7-4-6-6-7-7-3-7	8-5-5-4-8-7-5-6-7-5-6-6	5-6-5-6-6-5-5-6-2-5-6-4	7-7-7-6-5-5-4-6-5-5-6-2	5-6-4-6-6-6-6-8-8-4-6-2	6-7-7-5-5-4-4-4-6-6-5-7	5-6-8-6-6-5-6-6-6-6-6-5
961	8	8-5-5-6-5-7-5-8-5-5-6-7	5-8-8-6-8-5-6-8-6-8-6-7	8-7-6-5-8-5-6-5-6-8-7-8	7-8-5-6-8-8-7-8-5-8-8-7	5-4-8-8-8-8-7-8-8-8-6-8	5-8-8-6-8-4-7-8-8-8-8-7	7-8-8-4-6-6-8-7-8-8-7-6	8-6-2-7-8-6-6-2-7-6-6-4	6-7-8-7-6-8-8-4-8-5-6-6	6-0-8-5-8-5-6-5-7-8-7-8	4-5-3-7-5-7-4-4-5-6-8-8	6-5-7-5-6-8-8-8-8-8-6-5
962	0	0-0-0-0-0-0-0-0-0-0-0-0	0-0-0-0-0-0-0-0-0-0-0-0	0-0-0-0-0-0-0-0-0-0-0-0	0-0-0-0-0-0-0-0-0-0-0-0	0-0-0-0-0-0-0-0-0-0-0-0	0-0-0-0-0-0-0-0-0-0-0-0	0-0-0-0-0-0-0-0-0-0-0-0	0-0-0-0-0-0-0-0-0-0-0-0	0-0-0-0-0-0-0-0-0-0-0-0	0-0-0-0-0-0-0-0-0-0-0-0	0-0-0-0-0-0-0-0-0-0-0-0	0-0-0-0-0-0-0-0-0-0-0-0
962	1	1-1-1-1-1-1-1-1-1-1-1-2	0-2-1-0-0-2-0-1-2-1-0-0	1-0-0-0-0-0-2-0-0-1-2-0	0-0-2-0-1-0-0-1-0-1-2-0	2-0-0-0-1-1-2-0-2-0-0-0	0-0-0-0-0-0-2-0-2-1-0-0	0-1-1-0-0-1-0-0-1-1-0-1	1-1-0-0-1-0-2-0-0-0-0-0	1-0-2-0-1-1-0-0-3-0-1-0	0-0-0-2-0-0-2-1-0-1-0-1	0-0-0-1-2-1-0-0-0-0-2-2	0-0-1-1-0-1-0-0-0-0-0-0
962	2	2-1-2-1-2-2-2-1-2-2-3-3	3-1-1-3-0-1-3-3-3-1-3-3	0-3-3-5-3-2-3-3-3-3-1-3	3-0-3-3-3-3-1-3-2-1-1-3	3-0-3-3-3-1-3-3-1-0-3-3	3-3-3-2-2-3-3-0-1-2-0-3	3-1-1-3-3-3-3-3-0-2-5-3	1-5-2-3-2-0-1-2-2-1-0-0	0-0-1-3-2-3-5-3-1-2-3-5	0-3-2-1-3-2-3-1-3-0-3-3	3-2-0-0-1-2-0-0-0-2-5-1	2-2-2-2-7-2-2-0-7-2-2-2
962	3	3-3-2-3-3-3-3-3-3-3-2-2	2-4-4-2-3-2-2-2-2-3-2-2	0-2-2-2-2-2-2-4-4-4-4-2	2-4-2-2-2-2-3-2-4-4-4-2	2-0-2-2-2-4-2-2-4-4-2-2	2-2-5-2-3-2-4-2-3-3-3-2	2-5-3-4-2-2-2-2-3-3-0-4	4-2-2-2-2-4-5-4-3-3-0-4	5-2-3-2-3-2-3-2-5-3-2-2	0-2-4-4-2-2-2-3-2-3-2-2	2-0-3-3-7-4-0-4-3-2-2-3	6-2-2-3-4-2-2-4-3-6-6-6
962	4	5-4-5-4-3-5-5-7-5-5-7-5	5-3-3-2-6-5-5-4-5-5-5-5	4-5-5-2-4-5-5-4-5-3-5-4	5-5-5-5-3-5-5-4-3-3-3-5	4-8-8-4-5-3-5-5-3-4-5-4	5-5-3-5-7-8-3-4-3-3-3-5	5-4-4-5-5-4-5-5-3-4-8-3	6-2-6-5-4-5-3-3-5-6-5-6	5-6-4-2-2-4-6-5-3-5-4-2	5-3-3-3-5-2-3-4-5-5-6-3	5-5-4-5-6-5-6-5-5-4-3-3	8-3-4-3-5-6-3-6-5-4-4-4
962	5	4-5-4-4-5-4-4-4-4-4-4-4	4-7-3-2-4-4-4-4-4-4-4-4	3-4-4-2-2-4-6-4-4-4-6-6	4-4-4-4-2-4-4-2-3-7-6-4	5-4-2-2-4-5-6-4-3-7-4-2	4-4-3-4-4-4-6-5-3-5-3-4	6-6-6-4-4-4-6-4-5-6-2-5	5-2-2-4-2-4-3-2-4-3-4-4	4-4-6-2-3-4-7-4-6-4-2-2	4-2-5-6-4-2-2-5-4-4-4-2	4-6-4-4-4-4-4-4-4-2-6-6	4-4-4-3-4-4-2-4-4-4-3-4
962	6	4-5-6-8-5-4-4-4-4-4-4-4	6-5-5-6-4-4-4-7-4-4-4-4	4-7-4-8-7-6-7-4-7-7-5-7	7-7-4-7-7-7-4-7-7-5-7-4	7-4-2-7-4-6-7-7-6-5-7-7	7-5-7-4-4-4-7-8-3-6-3-6	5-5-5-4-4-6-5-4-6-6-7-5	4-7-4-6-7-4-5-7-8-4-4-4	4-4-5-7-8-4-4-4-5-5-6-2	4-7-0-5-7-7-5-3-4-4-4-7	4-6-7-4-4-4-4-4-4-6-5-5	3-6-7-3-4-4-6-4-7-3-7-7
962	7	4-8-4-4-5-8-8-4-8-4-4-8	6-5-5-6-4-4-4-6-8-4-6-8	8-8-4-6-6-7-6-4-6-6-7-6	6-7-7-6-6-6-8-6-6-5-6-4	6-4-8-6-7-6-8-7-7-7-6-6	6-8-6-4-4-2-6-7-7-7-3-7	8-2-5-7-7-7-5-6-7-6-6-7	7-6-2-8-6-8-8-7-7-7-6-4	7-4-7-6-7-7-5-7-5-7-6-2	4-6-7-6-7-6-4-3-8-7-4-6	6-7-7-4-3-7-4-6-6-6-7-7	3-7-7-7-6-7-6-4-6-4-6-6
962	8	8-7-4-6-8-8-7-8-7-4-4-7	7-5-8-6-8-8-7-8-8-8-4-7	8-7-8-6-8-7-5-7-7-8-5-8	7-8-8-8-8-8-7-8-6-8-6-4	6-4-8-8-7-8-7-8-8-8-6-8	7-8-7-4-8-4-8-8-8-8-8-8	7-8-8-8-5-8-8-8-8-6-7-7	8-8-6-7-8-7-7-6-6-5-4-4	7-4-8-7-6-8-3-7-8-8-6-5	4-8-8-8-8-7-8-8-7-8-4-8	4-2-8-8-4-7-4-4-4-7-8-8	4-7-7-3-3-8-8-4-8-8-3-8
963	0	0-0-0-0-0-0-0-0-0-0-0-0	0-0-0-0-0-0-0-0-0-0-0-0	0-0-0-0-0-0-0-0-0-0-0-0	0-0-0-0-0-0-0-0-0-0-0-0	0-0-0-0-0-0-0-0-0-0-0-0	0-0-0-0-0-0-0-0-0-0-0-0	0-0-0-0-0-0-0-0-0-0-0-0	0-0-0-0-0-0-0-0-0-0-0-0	0-0-0-0-0-0-0-0-0-0-0-0	0-0-0-0-0-0-0-0-0-0-0-0	0-0-0-0-0-0-0-0-0-0-0-0	0-0-0-0-0-0-0-0-0-0-0-0
963	1	1-1-1-1-1-1-1-1-1-1-1-1	0-0-0-1-1-1-0-0-0-1-0-0	0-3-0-3-2-1-2-0-0-2-0-2	2-0-0-2-2-2-0-1-1-1-1-0	1-0-1-0-0-1-2-2-1-0-0-2	2-0-2-0-1-2-2-3-1-1-1-2	2-1-1-0-2-1-0-2-1-1-2-2	1-1-1-2-1-1-2-3-1-0-0-0	1-0-2-2-8-1-0-2-0-1-5-1	0-2-1-0-2-1-2-1-2-0-0-1	0-1-0-1-0-0-0-0-0-1-1-0	0-1-1-1-0-1-2-0-1-1-1-1
963	2	2-2-1-2-2-2-2-2-2-2-2-2	1-4-2-1-1-2-0-3-2-2-0-2	2-0-0-1-1-4-3-4-3-1-3-1	1-2-2-1-1-1-3-1-1-2-3-0	1-0-1-1-1-3-3-1-2-2-4-1	1-0-4-0-2-1-3-1-2-2-7-2	6-1-2-2-1-2-3-1-4-5-1-1	2-4-1-3-1-1-3-0-1-2-3-0	2-0-1-1-2-1-0-1-3-2-3-2	0-1-5-3-1-1-4-2-1-1-3-1	7-1-0-2-7-1-0-0-0-1-1-2	0-1-1-2-0-2-1-0-1-1-6-2
963	3	3-2-3-3-2-3-3-4-3-3-3-3	3-2-2-1-3-4-1-2-3-3-4-4	2-5-0-1-4-4-2-1-2-4-2-4	4-4-4-4-1-1-4-1-4-6-2-0	1-0-2-5-1-2-4-3-4-3-5-3	1-4-2-0-3-1-4-1-2-3-2-1	3-2-2-3-1-2-7-5-3-2-1-5	2-2-4-2-2-3-3-1-1-3-8-0	2-0-1-1-3-3-0-5-8-2-2-4	8-3-3-4-6-1-2-2-1-4-2-1	2-1-3-3-4-3-0-0-0-3-4-3	3-4-5-2-0-3-1-4-6-4-8-3
963	4	5-2-5-5-4-3-4-3-3-4-5-8	5-2-2-5-5-3-5-3-5-3-5-5	5-5-6-1-3-6-5-6-6-3-5-3	5-5-6-3-1-5-5-4-3-3-2-5	4-4-8-3-6-2-5-5-4-5-4-5	5-5-2-5-3-1-3-1-5-2-0-5	5-2-2-5-5-6-5-3-3-7-8-6	2-2-3-5-4-6-3-5-5-6-5-6	5-5-5-5-1-4-5-3-3-4-1-3	5-4-4-3-5-1-5-3-5-5-5-1	5-1-5-3-3-3-7-5-5-5-5-4	4-3-4-5-5-4-4-6-3-3-5-4
963	5	4-5-4-4-5-5-5-5-4-3-4-4	4-6-6-4-5-4-4-6-4-5-4-4	4-4-4-3-3-4-6-7-4-6-6-5	4-4-4-3-1-4-6-1-6-3-6-4	1-4-4-3-4-5-6-4-5-4-3-4	4-4-2-4-4-1-6-6-5-5-5-5	4-6-6-4-4-4-4-3-5-2-4-3	5-1-1-4-1-4-5-4-4-5-4-4	4-4-4-4-2-4-4-3-6-5-1-3	4-4-5-5-4-1-4-2-4-4-4-1	4-5-4-2-3-3-4-4-4-4-4-4	4-3-4-4-4-4-4-4-3-5-4-7
963	6	7-5-6-6-6-7-6-6-6-6-6-6	4-5-5-7-6-7-7-6-4-5-7-7	6-7-4-7-7-4-7-7-4-7-5-7	7-4-4-6-7-7-5-7-5-3-7-4	7-4-6-3-4-7-7-7-6-6-3-6	7-3-7-6-4-1-7-7-5-2-2-7	7-5-5-4-4-4-5-7-5-2-7-8	5-7-3-7-6-4-5-8-4-4-4-4	4-4-4-7-7-5-4-8-5-5-7-3	4-4-4-5-7-1-7-2-8-4-7-1	4-6-3-3-3-6-4-4-5-7-7-6	4-7-6-4-4-4-6-4-3-6-2-2
963	7	6-8-6-6-6-8-8-6-8-6-6-8	8-5-5-6-7-7-6-6-8-5-6-8	8-6-6-6-6-4-6-6-6-7-8-6	6-4-4-6-6-6-8-6-6-4-6-8	6-4-6-6-4-6-8-6-7-4-6-6	8-6-6-8-7-8-6-6-7-7-2-6	6-1-5-4-8-7-3-8-7-4-6-6	7-6-1-6-6-4-8-6-1-5-4-0	4-7-7-6-6-4-4-6-3-5-6-3	4-4-7-7-6-1-6-8-8-4-6-1	6-7-4-3-2-8-4-4-4-6-6-7	8-6-6-4-4-4-6-4-6-6-2-5
963	8	8-7-6-6-8-7-7-8-7-6-6-7	7-5-8-6-8-8-7-8-8-8-6-7	8-8-8-8-8-8-8-7-8-8-7-8	7-8-8-8-8-8-7-8-7-8-8-7	6-4-4-8-8-8-7-8-8-8-7-4	7-8-8-7-8-7-8-8-8-8-8-7	7-8-8-7-7-8-8-7-8-8-4-6	8-6-8-7-8-3-7-6-6-4-3-4	6-8-8-8-1-8-8-6-3-2-6-3	4-4-8-8-3-1-8-7-7-8-7-8	8-1-3-7-8-7-8-8-8-8-8-8	8-7-7-4-4-8-8-8-8-8-3-8
964	0	0-0-0-0-0-0-0-0-0-0-0-0	0-0-0-0-0-0-0-0-0-0-0-0	0-0-0-0-0-0-0-0-0-0-0-0	0-0-0-0-0-0-0-0-0-0-0-0	0-0-0-0-0-0-0-0-0-0-0-0	0-0-0-0-0-0-0-0-0-0-0-0	0-0-0-0-0-0-0-0-0-0-0-0	0-0-0-0-0-0-0-0-0-0-0-0	0-0-0-0-0-0-0-0-0-0-0-0	0-0-0-0-0-0-0-0-0-0-0-0	0-0-0-0-0-0-0-0-0-0-0-0	0-0-0-0-0-0-0-0-0-0-0-0
964	1	1-1-1-1-1-1-1-1-1-1-1-1	1-0-0-1-1-1-0-1-0-1-2-0	0-2-0-3-2-2-1-2-0-2-0-1	2-0-0-3-2-2-0-1-1-1-1-0	1-0-2-0-2-2-2-2-1-2-0-2	2-3-2-0-0-2-2-3-1-1-3-3	2-1-3-0-2-1-3-0-1-1-0-2	1-1-1-2-2-1-1-6-1-0-0-0	1-0-2-2-3-2-0-2-0-1-2-1	0-2-0-2-2-3-0-3-2-1-2-1	3-1-2-1-2-3-2-0-3-1-1-0	2-2-1-1-0-2-2-0-1-2-1-3
964	2	2-3-2-2-2-2-2-2-2-2-2-3	1-3-3-1-1-3-0-3-3-3-1-1	2-1-3-1-1-1-3-3-3-1-3-3	1-2-2-1-1-1-2-1-3-3-2-0	2-0-1-1-1-1-3-1-2-2-0-1	1-2-1-2-2-1-3-4-2-2-5-2	1-1-2-3-1-2-3-3-2-2-1-1	2-6-1-1-1-3-5-3-2-0-0-3	2-2-1-1-2-1-2-1-3-2-1-2	0-1-2-3-3-1-3-2-1-3-2-1	5-1-1-2-1-1-1-3-3-1-1-2	5-1-1-1-1-1-1-0-1-1-1-1
964	3	3-2-3-5-2-3-3-3-3-3-3-2	3-2-2-3-3-3-4-5-3-2-4-4	2-4-2-4-4-1-2-4-4-1-2-2	4-4-4-4-1-4-6-4-2-4-4-3	2-6-3-5-3-1-2-4-4-3-5-4	1-4-2-4-3-1-2-1-1-2-1-4	1-1-1-2-3-3-2-4-1-2-4-1	1-3-4-2-2-2-1-2-3-5-3-5	4-5-4-4-1-4-6-1-5-3-3-5	3-6-0-4-2-1-2-1-4-2-4-1	1-1-3-4-3-1-5-4-2-1-2-3	2-1-3-1-3-3-1-5-1-2-2-1
964	4	5-5-6-6-5-5-6-5-6-6-5-5	4-2-2-5-5-5-5-4-5-5-5-6	4-5-5-5-5-5-5-3-5-5-5-5	5-3-5-5-5-5-5-5-5-5-5-3	5-3-6-5-5-5-5-5-3-4-5-5	5-3-5-3-3-6-5-5-5-2-2-5	5-5-4-5-5-4-5-6-4-5-5-5	4-5-3-5-5-5-5-5-4-3-5-3	6-3-3-5-5-3-3-5-2-5-5-6	3-5-4-3-5-5-6-4-3-5-3-1	5-1-4-3-4-6-3-3-5-4-1-5	4-5-4-5-3-5-4-4-5-2-5-4
964	5	4-4-4-4-4-4-4-4-4-4-4-6	4-4-2-4-4-4-4-4-4-4-4-4	4-4-4-4-4-4-4-6-4-4-4-4	4-5-5-4-4-4-4-4-4-4-4-3	4-4-4-3-5-4-4-4-5-5-4-4	6-5-4-6-5-6-4-4-5-5-2-5	4-4-4-5-6-5-4-4-5-4-4-4	5-4-4-4-4-4-4-4-6-3-4-5	5-3-6-4-4-3-5-4-3-4-4-5	5-5-5-4-4-4-4-6-6-5-5-1	4-5-4-4-6-6-3-5-4-5-5-5	6-6-4-5-5-5-5-4-4-2-4-1
964	6	6-4-4-4-6-4-4-6-4-4-4-5	4-6-6-4-6-4-4-4-4-6-4-4	6-6-6-4-6-6-5-5-4-6-4-6	4-6-6-6-6-6-4-6-5-6-6-3	4-3-4-6-6-6-5-6-6-6-4-4	5-5-6-5-6-5-6-6-6-6-2-6	5-6-6-6-5-6-6-4-6-6-4-4	6-4-6-6-6-5-4-4-5-5-4-3	4-6-6-6-4-6-3-5-6-4-4-4	5-3-6-6-6-1-6-4-6-6-2-6	3-6-6-3-5-5-3-3-3-5-6-6	6-5-6-5-3-6-6-4-6-6-5-6
965	0	0-0-0-0-0-0-0-0-0-0-0-0	0-0-0-0-0-0-0-0-0-0-0-0	0-0-0-0-0-0-0-0-0-0-0-0	0-0-0-0-0-0-0-0-0-0-0-0	0-0-0-0-0-0-0-0-0-0-0-0	0-0-0-0-0-0-0-0-0-0-0-0	0-0-0-0-0-0-0-0-0-0-0-0	0-0-0-0-0-0-0-0-0-0-0-0	0-0-0-0-0-0-0-0-0-0-0-0	0-0-0-0-0-0-0-0-0-0-0-0	0-0-0-0-0-0-0-0-0-0-0-0	0-0-0-0-0-0-0-0-0-0-0-0
965	1	1-2-1-1-1-1-1-1-1-1-1-1	1-0-0-1-0-1-1-2-1-1-2-0	1-2-2-0-1-2-2-2-0-0-2-1	1-2-3-1-1-2-0-1-1-0-2-4	0-2-4-0-2-0-2-2-2-1-0-0	1-1-0-1-0-1-0-0-0-0-0-2	0-0-0-3-0-0-0-0-1-1-1-0	1-0-0-2-1-2-0-0-0-1-1-0	2-2-0-0-0-0-2-2-0-1-0-0	3-1-2-2-2-0-0-0-2-2-3-1	0-0-1-0-1-2-2-3-0-1-0-1	1-2-1-3-0-1-0-1-1-1-1-1
965	2	3-1-3-1-3-2-2-2-2-2-2-2	3-0-0-3-0-1-3-3-3-1-3-3	1-1-1-4-3-3-3-1-0-3-3-3	3-1-1-3-3-3-3-3-3-1-3-2	4-1-8-0-1-2-3-3-1-0-4-3	3-3-3-2-2-3-3-3-0-0-0-4	4-3-0-1-3-0-3-3-0-2-4-3	0-4-2-3-3-1-2-8-2-1-2-0	2-1-3-4-4-3-1-3-5-2-4-2	1-3-1-1-3-5-3-0-3-1-4-2	0-4-2-0-8-1-1-1-0-3-3-2	0-3-2-1-4-2-3-1-2-2-2-4
965	3	3-3-2-3-4-3-3-3-3-2-2-4	2-4-4-2-3-3-2-2-4-3-2-4	1-1-5-2-2-2-4-5-2-2-4-2	2-2-1-2-2-2-2-2-4-3-2-1	3-1-2-3-3-2-4-2-3-3-2-2	2-2-4-3-4-2-4-2-3-3-0-3	2-2-4-1-2-3-6-2-0-7-4-2	3-2-2-2-2-1-7-0-2-0-2-4	0-1-2-2-0-3-1-2-4-3-2-4	1-2-4-4-2-4-2-3-2-4-1-3	8-5-8-4-2-4-1-1-2-2-2-5	0-2-1-1-2-2-2-1-7-3-2-3
965	4	4-3-4-4-3-4-4-4-4-4-4-3	5-3-3-2-5-5-5-3-5-3-5-5	5-5-6-2-3-2-5-5-5-5-5-4	5-5-3-2-2-5-6-2-3-1-5-1	2-5-1-5-5-3-5-5-3-4-2-4	5-2-3-4-3-8-3-2-3-0-0-5	5-2-4-5-5-0-5-5-0-2-5-4	0-2-2-2-2-5-5-0-5-4-5-7	6-4-5-5-2-4-5-5-3-4-2-3	5-5-3-3-3-4-5-3-5-5-5-2	5-2-3-3-6-5-5-6-5-5-3-4	0-5-5-5-6-5-2-4-5-5-2-2
965	5	5-5-4-5-6-5-5-5-5-5-4-4	4-6-6-2-6-4-4-5-4-6-4-4	4-4-3-2-6-6-6-4-4-4-6-6	4-4-6-5-2-4-7-2-6-6-6-1	2-4-1-4-5-6-4-4-6-5-2-4	4-1-3-4-4-4-6-2-5-5-0-4	4-6-7-4-4-5-4-4-6-3-4-6	5-2-2-6-5-4-6-6-4-5-4-4	4-1-6-4-5-3-4-4-2-5-2-3	4-4-5-6-3-7-2-7-4-4-4-2	4-6-0-5-7-4-4-4-4-4-6-5	0-4-4-4-4-4-2-4-4-4-5-4
965	6	7-6-7-7-7-7-8-7-7-8-6-7	7-5-5-7-7-7-7-7-7-7-7-7	6-7-7-7-7-8-7-6-7-7-5-7	7-5-5-7-7-7-4-7-7-5-7-6	7-5-7-7-4-7-7-7-5-6-7-7	6-6-7-7-6-7-7-7-5-6-0-8	7-5-5-1-7-6-3-7-5-3-7-5	6-7-8-7-7-8-8-7-8-4-7-4	4-1-5-7-7-6-4-4-3-7-7-3	4-7-0-5-7-8-7-8-4-4-7-7	4-5-7-5-4-4-4-4-4-4-5-4	8-6-6-7-7-4-6-4-7-4-7-2
965	7	6-8-6-6-6-6-6-6-6-6-6-6	6-5-5-6-6-6-6-6-6-6-6-6	8-6-6-6-6-7-6-6-6-6-7-6	6-7-7-6-6-6-8-6-6-7-6-6	6-4-6-6-7-7-8-6-7-7-6-6	6-7-6-6-7-6-6-6-7-7-0-7	8-5-5-8-8-7-7-6-7-3-6-6	7-6-2-6-6-8-3-6-8-4-6-4	7-7-7-6-6-8-7-8-3-6-6-3	7-6-7-6-6-6-6-5-4-7-6-6	4-7-6-5-5-7-7-7-6-7-5-7	8-7-7-7-6-7-6-4-6-4-6-2
965	8	8-7-6-6-8-7-6-8-6-6-6-6	6-8-8-6-8-6-6-6-6-8-6-6	8-8-8-6-8-6-7-6-6-8-8-8	7-8-7-8-8-8-7-8-8-8-8-1	6-4-8-8-8-8-7-8-8-8-6-6	7-8-7-6-8-4-8-8-8-8-8-8	7-8-8-8-7-8-3-8-8-8-4-6	8-8-6-7-8-7-6-6-7-8-4-4	6-8-8-8-6-8-8-7-8-6-6-8	6-8-8-8-8-6-6-6-8-8-8-8	3-5-3-5-2-7-7-4-8-4-8-8	8-7-1-8-6-8-8-4-8-8-6-8
966	0	0-0-0-0-0-0-0-0-0-0-0-0	0-0-0-0-0-0-0-0-0-0-0-0	0-0-0-0-0-0-0-0-0-0-0-0	0-0-0-0-0-0-0-0-0-0-0-0	0-0-0-0-0-0-0-0-0-0-0-0	0-0-0-0-0-0-0-0-0-0-0-0	0-0-0-0-0-0-0-0-0-0-0-0	0-0-0-0-0-0-0-0-0-0-0-0	0-0-0-0-0-0-0-0-0-0-0-0	0-0-0-0-0-0-0-0-0-0-0-0	0-0-0-0-0-0-0-0-0-0-0-0	0-0-0-0-0-0-0-0-0-0-0-0
966	1	1-1-1-1-1-1-1-1-1-1-1-1	2-0-0-1-0-0-0-1-0-1-0-0	2-3-0-3-2-0-2-0-0-2-2-2	2-0-0-2-2-2-0-5-1-0-2-3	1-0-2-0-0-1-2-2-1-1-0-2	2-3-2-1-0-2-2-2-1-1-0-2	3-1-1-0-2-0-1-2-1-1-2-2	1-1-1-2-4-3-1-7-1-0-0-0	0-0-2-2-3-1-0-2-0-1-2-1	0-3-0-0-2-3-2-1-2-0-0-3	0-1-0-0-0-0-0-0-0-1-2-0	0-1-1-4-0-2-2-0-6-1-1-3
966	2	2-2-2-2-2-2-2-2-2-2-2-3	1-3-2-1-2-3-0-4-3-2-1-3	1-2-4-2-1-1-3-4-3-3-3-1	1-0-2-1-1-1-4-1-3-2-3-0	1-0-1-4-1-1-3-1-2-3-3-1	1-1-4-0-2-1-3-1-3-2-5-1	5-1-2-0-1-2-3-1-2-2-1-3	2-1-1-1-1-3-6-3-1-4-5-0	2-0-3-1-4-2-0-1-1-2-1-2	3-2-4-4-1-4-1-3-1-3-2-1	3-1-7-2-6-0-0-3-0-1-1-0	0-1-1-3-3-1-1-2-5-2-2-5
966	3	3-3-3-3-3-4-3-3-4-4-3-7	3-2-2-4-2-2-4-3-4-3-4-4	6-4-5-4-3-4-4-3-5-2-2-3	4-4-5-4-1-1-5-1-2-2-2-4	1-7-2-3-5-2-4-4-2-2-4-2	1-1-2-4-3-4-2-5-2-2-1-1	1-1-2-4-4-3-2-4-2-2-4-2	2-1-1-2-1-4-2-4-5-3-4-5	5-5-4-1-5-3-5-1-6-3-1-3	4-1-2-5-1-1-2-2-4-5-4-1	4-4-3-2-3-4-5-2-4-4-4-3	3-1-4-2-4-5-1-5-4-4-1-1
966	4	4-4-3-4-5-3-4-4-3-3-4-3	3-5-5-3-4-3-3-4-3-3-3-3	6-3-2-3-1-6-5-6-5-6-5-5	3-3-3-6-1-3-2-1-5-6-5-3	1-5-1-2-3-4-5-3-4-6-5-1	1-6-2-3-2-3-5-6-5-4-0-4	6-5-4-4-3-4-5-5-4-4-3-4	4-1-1-2-1-3-5-4-3-6-3-3	3-3-3-5-2-3-6-5-5-6-1-4	3-1-2-7-4-2-5-4-3-3-3-1	3-5-3-4-7-7-3-2-3-3-3-4	5-1-3-1-3-4-1-3-3-3-4-1
966	5	6-5-5-7-4-6-7-5-5-5-5-5	3-4-4-6-4-6-3-6-6-3-3-3	1-3-6-6-6-5-6-4-4-5-4-4	6-3-3-5-6-6-4-1-4-4-6-5	6-4-5-6-3-6-6-6-5-5-4-6	5-5-6-5-2-3-6-3-4-4-2-5	2-4-2-0-4-5-4-4-4-2-6-6	4-6-7-6-5-3-4-4-3-4-6-3	3-3-6-6-6-2-3-6-4-4-5-2	3-5-0-4-6-3-4-2-3-3-3-1	3-4-3-2-2-6-3-2-3-5-5-5	4-6-5-5-3-3-5-3-2-3-5-2
966	6	5-7-5-5-6-7-6-5-7-6-5-7	3-4-4-5-5-7-3-5-5-6-7-7	7-7-5-5-5-6-5-4-7-4-5-5	5-6-6-4-5-5-7-5-5-4-5-3	5-5-5-5-6-5-7-5-6-6-5-5	7-4-5-7-6-3-5-4-4-4-2-6	7-1-2-7-7-6-4-5-6-4-5-5	6-5-2-5-5-7-2-6-7-4-5-3	6-3-6-5-5-4-6-5-3-4-5-1	6-5-6-5-5-1-5-7-7-6-5-1	2-4-6-2-2-5-3-2-5-6-6-6	4-5-6-6-6-1-6-3-1-3-5-1
966	7	7-6-5-5-7-7-6-7-6-6-6-6	6-7-7-5-7-7-6-7-6-7-6-6	7-7-7-7-7-7-6-6-6-7-7-7	7-7-7-7-7-7-2-7-7-7-7-3	5-3-7-7-7-7-6-7-7-7-4-7	6-7-7-6-7-7-7-7-7-7-7-7	6-7-7-7-6-7-7-7-7-7-6-7	7-7-7-6-7-6-5-1-6-3-3-3	5-7-6-6-1-7-7-5-7-4-5-1	6-7-7-4-7-6-7-6-6-7-7-7	2-1-7-2-6-6-3-3-7-6-7-7	6-6-7-2-2-7-7-3-7-7-5-7
967	0	0-0-0-0-0-0-0-0-0-0-0-0	0-0-0-0-0-0-0-0-0-0-0-0	0-0-0-0-0-0-0-0-0-0-0-0	0-0-0-0-0-0-0-0-0-0-0-0	0-0-0-0-0-0-0-0-0-0-0-0	0-0-0-0-0-0-0-0-0-0-0-0	0-0-0-0-0-0-0-0-0-0-0-0	0-0-0-0-0-0-0-0-0-0-0-0	0-0-0-0-0-0-0-0-0-0-0-0	0-0-0-0-0-0-0-0-0-0-0-0	0-0-0-0-0-0-0-0-0-0-0-0	0-0-0-0-0-0-0-0-0-0-0-0
967	1	1-1-1-1-1-1-1-0-1-1-0-1	1-2-0-1-0-1-1-0-2-0-0-2	1-2-2-0-0-2-2-2-0-0-0-0	2-0-2-0-1-1-2-4-0-0-0-4	0-1-1-0-2-0-2-1-0-1-0-0	0-0-0-0-0-2-0-0-0-0-0-2	0-2-0-1-0-0-0-0-0-1-0-0	1-0-0-0-1-2-0-0-1-1-3-0	0-2-2-0-0-0-2-2-0-1-0-0	1-0-0-2-0-0-0-0-1-2-1-0	0-0-1-0-2-1-2-1-1-0-0-1	1-0-1-1-1-1-1-1-1-1-1-0
967	2	2-2-2-2-2-2-2-2-2-2-2-2	3-1-0-3-0-3-3-3-1-2-3-1	1-3-1-4-3-1-3-1-0-3-3-3	3-0-1-3-5-3-1-7-3-0-2-1	2-1-1-5-1-2-3-3-2-0-0-2	3-4-3-0-2-4-3-2-2-2-0-4	3-4-4-1-3-2-8-3-2-2-3-3	0-5-3-3-2-1-0-8-2-1-0-0	2-1-1-3-4-0-1-4-5-2-3-2	3-4-0-1-3-2-3-0-3-1-3-4	1-4-0-0-1-2-1-1-0-2-3-0	1-3-2-1-1-2-3-1-2-2-2-2
967	3	3-4-2-3-3-3-3-3-3-3-3-4	2-4-4-2-3-2-2-4-3-3-2-3	1-2-1-3-2-4-4-4-4-2-4-2	2-1-4-2-2-2-3-2-4-5-4-1	2-1-1-4-3-4-4-2-4-3-4-2	4-2-4-3-5-1-4-3-3-3-5-3	2-2-3-1-2-3-4-2-0-5-2-4	3-2-2-4-2-4-7-3-2-3-1-3	3-1-2-2-3-4-1-2-2-3-2-3	2-5-3-4-2-2-2-7-2-4-4-2	4-3-3-3-8-2-1-1-1-2-4-5	7-2-1-1-0-7-2-1-2-2-3-3
967	4	4-3-5-5-5-4-4-4-4-4-5-5	4-3-3-5-5-3-5-3-5-5-5-5	5-5-6-2-4-6-5-5-3-5-3-4	5-5-6-5-2-5-5-1-3-3-3-1	2-8-1-3-5-3-5-5-3-4-4-4	5-5-3-4-5-5-3-2-3-3-3-2	2-2-2-5-5-1-3-5-4-2-5-3	3-2-2-3-2-5-5-3-2-4-4-5	6-5-5-2-2-4-5-2-2-4-2-2	5-8-0-3-5-2-4-3-5-5-7-2	5-2-6-8-5-5-5-5-5-2-3-4	3-2-5-3-5-5-3-5-2-5-2-2
967	5	4-7-4-8-4-5-5-3-5-4-4-4	4-6-5-4-4-5-4-3-4-4-4-4	4-4-4-3-6-6-4-4-3-4-6-4	4-4-4-4-2-6-4-2-6-6-6-1	2-5-3-2-4-6-4-4-6-6-0-2	4-4-3-4-4-4-6-7-5-5-3-5	3-2-7-6-4-5-3-4-5-3-4-7	5-2-2-6-2-4-4-5-5-5-4-4	3-4-5-4-5-6-4-4-7-7-2-3	4-3-5-6-4-2-7-5-4-4-4-2	4-6-5-4-4-4-4-4-4-4-5-5	3-2-4-7-4-4-2-4-4-4-3-3
967	6	7-7-7-7-7-7-8-6-7-7-7-7	7-5-5-4-7-7-7-6-7-7-7-7	6-7-7-8-7-7-7-7-7-7-8-7	7-5-8-7-7-7-6-7-7-5-7-6	7-5-7-7-4-5-7-7-5-8-7-7	6-6-7-8-3-7-7-7-3-6-3-7	7-6-8-5-8-6-7-6-5-7-7-5	5-7-4-7-7-4-8-7-7-4-7-4	8-4-8-7-7-5-4-7-5-6-7-7	8-4-6-5-7-7-8-3-8-4-4-7	4-5-4-5-3-5-5-4-7-6-7-6	3-6-6-6-4-4-7-4-2-4-3-8
967	7	6-6-6-6-6-6-6-6-6-6-6-6	6-5-5-6-6-6-6-6-6-6-6-6	6-6-6-6-6-7-6-6-6-6-7-6	6-7-7-6-6-6-8-6-6-5-6-1	6-4-6-6-7-6-8-6-7-7-6-6	6-1-6-8-7-6-6-6-7-7-0-7	6-3-6-8-8-7-6-6-7-6-6-5	7-6-4-6-6-8-3-6-8-5-6-4	7-4-7-6-6-6-7-6-5-5-6-6	7-7-7-3-6-6-5-3-4-7-4-6	5-7-6-0-3-7-4-4-6-7-6-7	3-6-7-7-6-3-6-4-2-2-2-6
967	8	8-7-6-6-8-7-6-8-6-6-6-6	6-8-8-4-8-6-6-8-6-8-6-6	8-8-6-6-8-8-6-6-7-8-6-8	6-8-8-8-8-8-7-8-8-8-8-1	6-4-1-8-8-8-7-8-8-8-6-6	8-8-8-7-8-4-8-8-8-8-8-8	6-8-8-7-6-8-8-8-8-8-6-8	8-6-2-8-8-7-6-2-7-5-6-4	6-4-7-7-2-8-8-6-8-6-6-6	6-4-8-8-8-6-6-7-6-8-4-8	4-8-8-4-3-7-4-4-8-6-8-8	8-7-7-6-4-8-8-8-8-8-2-6
968	0	0-0-0-0-0-0-0-0-0-0-0-0	0-0-0-0-0-0-0-0-0-0-0-0	0-0-0-0-0-0-0-0-0-0-0-0	0-0-0-0-0-0-0-0-0-0-0-0	0-0-0-0-0-0-0-0-0-0-0-0	0-0-0-0-0-0-0-0-0-0-0-0	0-0-0-0-0-0-0-0-0-0-0-0	0-0-0-0-0-0-0-0-0-0-0-0	0-0-0-0-0-0-0-0-0-0-0-0	0-0-0-0-0-0-0-0-0-0-0-0	0-0-0-0-0-0-0-0-0-0-0-0	0-0-0-0-0-0-0-0-0-0-0-0
968	1	1-1-1-1-1-1-1-1-1-1-1-1	1-0-0-1-1-1-1-1-0-1-0-0	0-2-0-4-2-2-1-2-0-2-0-1	2-0-0-1-4-2-0-6-1-0-1-0	1-0-1-0-0-1-2-2-1-1-0-1	1-0-2-0-1-1-2-1-1-1-0-1	1-1-1-0-2-1-2-2-1-1-1-1	1-1-1-1-1-1-1-1-1-0-0-0	1-0-2-2-7-1-0-2-0-1-1-1	0-1-0-2-2-1-0-1-2-0-0-1	0-1-0-1-0-1-1-1-0-1-1-0	0-1-1-0-0-1-2-0-1-1-1-1
968	2	2-2-3-3-2-2-2-2-2-2-2-3	2-3-2-1-3-3-3-2-2-2-1-3	2-3-3-2-1-4-2-2-3-3-3-2	1-2-3-1-1-1-4-2-3-4-3-0	1-2-3-2-3-3-1-1-3-2-4-3	3-7-3-2-2-2-3-1-2-2-3-4	4-1-2-3-1-2-1-1-2-4-3-3	3-4-7-3-3-3-6-3-1-5-2-1	3-0-1-1-3-2-0-3-4-2-3-2	0-1-3-3-1-3-3-2-1-3-0-1	6-1-7-6-7-3-0-3-0-1-1-3	0-1-2-3-0-3-1-0-0-1-2-7
968	3	4-4-4-3-2-2-4-3-5-2-4-4	4-2-2-5-4-4-4-3-4-2-4-4	3-4-4-3-3-3-3-3-4-2-2-3	4-3-4-3-1-2-5-3-2-2-2-4	3-7-2-3-4-2-4-3-2-3-3-7	2-3-2-4-4-5-2-1-2-2-2-3	2-1-3-2-4-3-4-4-4-3-5-2	5-3-5-2-2-2-5-2-4-3-3-4	4-4-3-2-3-3-4-2-6-3-2-6	5-4-2-2-5-2-4-3-5-4-4-1	4-1-3-2-5-2-4-5-5-2-3-4	5-2-3-2-5-2-2-6-5-5-5-5
968	4	3-3-3-3-4-3-3-3-3-3-3-3	3-2-2-5-3-3-3-5-3-3-3-3	3-5-6-1-6-7-5-6-3-5-4-4	5-5-3-6-5-5-2-1-5-2-4-3	6-3-2-4-3-4-5-5-2-2-6-5	5-2-5-3-3-3-5-5-4-2-2-2	2-1-2-3-5-2-3-5-3-2-6-5	4-2-3-5-6-3-2-6-3-3-3-3	3-3-5-5-4-3-3-7-2-4-4-3	3-6-4-5-3-6-3-2-5-3-3-1	3-4-3-2-3-3-3-3-3-4-5-5	3-5-3-6-3-2-4-3-6-3-4-2
968	5	3-6-3-4-7-5-3-3-3-3-3-3	3-6-5-4-3-3-3-6-3-3-3-4	6-4-4-4-4-4-6-4-4-4-6-4	4-4-3-4-4-4-6-1-6-2-6-3	4-3-6-4-3-6-6-4-6-5-4-4	4-4-4-4-3-3-4-4-5-5-6-5	6-1-2-6-4-7-6-4-5-5-3-4	3-5-3-6-5-3-2-5-3-5-6-3	3-3-4-4-5-1-6-4-7-4-4-3	3-3-5-4-3-6-6-4-4-3-3-1	3-4-3-2-3-3-3-3-3-4-4-4	3-4-3-4-3-3-4-3-3-3-3-3
968	6	7-5-3-3-5-7-7-3-7-6-3-7	7-5-5-4-3-7-3-5-3-2-3-7	7-7-4-4-4-6-5-7-7-6-5-4	4-6-6-4-4-4-5-1-5-2-5-3	4-3-7-3-3-5-5-4-6-6-4-6	7-4-4-4-3-7-5-4-6-5-5-7	7-1-5-5-7-6-5-5-6-5-4-4	6-6-2-5-4-3-2-4-7-3-3-3	6-3-6-6-4-2-5-6-3-4-4-3	7-4-6-2-6-4-5-2-7-3-6-1	2-6-2-2-2-7-3-3-3-4-6-6	5-4-6-4-6-2-4-3-4-3-6-2
968	7	7-5-3-5-7-7-6-7-6-3-3-6	6-5-7-4-7-7-3-7-7-7-3-6	7-6-7-1-7-4-6-6-6-7-7-7	6-7-7-7-7-7-6-7-6-2-7-6	4-3-7-7-3-7-6-7-7-7-4-7	6-2-7-6-7-6-7-7-7-7-7-6	6-7-7-7-6-5-7-7-7-7-6-6	7-5-2-6-7-2-2-1-6-4-3-5	6-3-7-6-1-7-7-4-7-7-5-5	6-3-7-7-7-1-6-3-6-7-3-7	3-1-2-5-2-6-3-3-3-6-7-7	3-4-7-2-0-7-7-3-3-7-1-2
969	0	0-0-0-0-0-0-0-0-0-0-0-0	0-0-0-0-0-0-0-0-0-0-0-0	0-0-0-0-0-0-0-0-0-0-0-0	0-0-0-0-0-0-0-0-0-0-0-0	0-0-0-0-0-0-0-0-0-0-0-0	0-0-0-0-0-0-0-0-0-0-0-0	0-0-0-0-0-0-0-0-0-0-0-0	0-0-0-0-0-0-0-0-0-0-0-0	0-0-0-0-0-0-0-0-0-0-0-0	0-0-0-0-0-0-0-0-0-0-0-0	0-0-0-0-0-0-0-0-0-0-0-0	0-0-0-0-0-0-0-0-0-0-0-0
969	1	1-1-1-1-1-1-1-1-1-1-1-1	2-0-0-1-0-0-0-3-2-1-2-0	0-2-0-0-2-0-0-0-0-2-1-0	2-2-0-0-3-2-0-1-1-0-1-0	2-0-0-2-0-1-2-2-0-0-1-0	2-0-2-1-1-3-2-1-0-1-0-3	2-1-1-0-2-0-1-2-1-1-0-2	1-1-3-2-2-0-1-0-1-0-0-1	1-0-2-3-3-1-0-2-1-1-3-1	2-3-0-2-2-1-0-1-2-0-0-3	1-3-0-1-1-1-0-1-1-2-2-1	2-2-1-0-1-1-2-1-1-1-1-1
969	2	2-2-3-2-2-2-2-2-2-2-2-3	1-3-2-1-0-3-0-2-1-2-1-3	3-1-0-1-1-1-3-1-0-1-3-3	1-1-3-1-1-1-5-1-3-3-3-2	1-0-4-1-2-1-3-1-3-2-1-0	1-2-3-0-2-1-3-1-2-2-6-2	1-1-2-0-1-2-3-1-2-2-1-1	2-1-1-1-1-0-2-1-1-2-0-2	2-0-1-1-0-3-0-1-2-2-1-2	1-1-2-3-1-1-3-3-1-1-0-2	1-2-7-2-4-1-0-2-3-1-1-2	1-1-4-0-3-1-3-1-5-2-5-5
969	3	3-2-2-4-2-2-3-2-3-3-3-2	3-2-2-1-2-2-4-1-4-3-4-2	2-4-4-4-3-4-2-3-0-4-2-4	4-3-4-3-1-4-3-4-2-2-2-7	1-3-0-3-5-2-2-4-2-3-1-4	1-4-2-3-3-1-2-1-2-2-2-1	1-1-2-3-4-3-2-4-2-1-3-1	3-1-5-1-1-4-1-1-4-3-3-5	5-4-4-1-1-3-5-4-2-3-1-2	3-1-3-2-4-1-2-2-4-4-3-1	5-1-2-2-2-4-5-5-5-1-3-3	3-3-3-3-5-1-2-3-4-5-2-1
969	4	4-4-5-5-5-5-5-6-5-5-5-7	5-5-4-3-6-5-3-5-5-5-5-5	4-5-4-6-5-5-5-6-6-5-7-5	5-4-5-6-5-3-5-6-5-6-4-4	6-6-5-6-3-4-5-4-5-4-6-4	5-5-5-4-5-5-5-6-5-4-2-4	7-5-4-4-3-5-5-5-4-6-4-5	4-1-3-5-5-5-5-4-3-6-3-3	4-3-5-3-5-5-6-3-6-4-1-6	3-5-5-3-3-5-5-6-6-3-3-4	7-7-4-6-5-5-3-3-7-7-5-4	5-4-6-5-5-5-6-6-4-4-4-7
969	5	6-4-4-7-4-4-4-4-4-4-4-4	4-4-4-6-4-4-6-4-4-4-6-4	6-6-3-4-6-4-6-4-4-4-2-6	4-3-4-6-6-6-4-4-4-4-6-4	1-3-4-6-3-6-6-6-4-4-4-6	4-4-4-5-4-4-6-4-4-4-2-6	4-4-4-3-6-4-4-6-4-4-6-5	3-6-6-6-4-4-7-7-3-4-6-3	3-0-4-6-4-4-3-3-4-5-6-4	3-7-4-2-6-4-4-4-4-3-3-6	3-4-4-4-4-4-3-3-4-5-4-5	4-6-5-4-4-4-4-3-2-3-5-2
969	6	5-7-4-5-4-4-4-4-4-4-4-4	4-4-4-5-4-4-5-5-4-4-5-4	4-5-4-4-5-6-5-4-4-4-6-5	6-6-6-4-5-5-4-4-4-4-5-4	4-4-4-5-6-5-5-5-6-6-4-5	4-4-4-4-6-4-5-4-6-6-2-6	4-4-4-7-5-4-6-5-4-4-5-5	4-5-5-5-1-7-2-5-7-4-5-3	6-6-6-5-6-4-6-6-4-4-5-4	6-5-4-4-6-1-4-4-4-6-3-5	4-6-4-4-4-4-3-3-4-6-4-6	4-7-4-6-5-4-4-4-5-3-5-4
969	7	7-6-5-5-7-6-4-7-4-4-4-4	4-4-7-5-7-4-6-5-7-7-5-5	7-7-7-4-7-4-6-4-4-7-4-7	7-7-7-7-7-7-4-7-7-7-7-4	4-3-7-7-7-7-6-7-7-7-4-4	4-7-7-6-7-4-7-7-7-7-7-7	4-7-7-6-6-7-7-7-7-7-4-4	7-7-5-7-7-6-5-5-6-7-4-6	5-6-7-7-5-7-7-5-7-4-5-6	5-5-7-7-7-6-7-4-7-7-4-7	4-4-2-7-4-4-3-3-4-4-7-7	7-6-4-4-4-7-7-4-7-7-6-4
970	0	0-0-0-0-0-0-0-0-0-0-0-0	0-0-0-0-0-0-0-0-0-0-0-0	0-0-0-0-0-0-0-0-0-0-0-0	0-0-0-0-0-0-0-0-0-0-0-0	0-0-0-0-0-0-0-0-0-0-0-0	0-0-0-0-0-0-0-0-0-0-0-0	0-0-0-0-0-0-0-0-0-0-0-0	0-0-0-0-0-0-0-0-0-0-0-0	0-0-0-0-0-0-0-0-0-0-0-0	0-0-0-0-0-0-0-0-0-0-0-0	0-0-0-0-0-0-0-0-0-0-0-0	0-0-0-0-0-0-0-0-0-0-0-0
970	1	1-1-1-1-1-1-1-1-1-1-1-1	2-0-0-1-0-0-0-2-0-1-0-2	0-3-0-2-2-2-2-0-0-4-1-2	2-0-1-3-3-2-0-1-1-1-1-0	1-0-1-0-0-2-2-2-1-1-7-0	1-0-2-0-0-2-2-1-1-1-0-0	3-2-1-0-2-3-2-2-3-3-0-2	3-1-3-2-3-0-1-3-3-0-0-2	3-0-0-3-3-0-0-2-0-1-1-1	0-3-0-2-2-3-0-1-2-0-0-3	0-1-0-1-0-1-0-0-0-1-1-1	0-2-1-0-3-1-2-0-0-0-1-3
970	2	2-2-2-2-2-2-2-2-2-2-2-3	1-3-2-1-2-3-1-1-3-2-3-1	1-1-0-1-1-1-3-5-3-1-3-1	1-2-3-1-1-1-3-2-3-4-1-0	2-0-5-1-2-1-3-1-3-2-0-0	1-4-3-0-2-1-3-1-2-2-4-2	6-1-2-0-1-0-3-1-2-2-0-1	2-2-4-1-1-3-4-4-1-2-4-1	0-0-1-1-0-0-0-1-3-2-2-3	0-1-2-1-1-1-1-3-1-2-0-1	0-0-2-2-6-1-0-0-3-1-1-5	4-1-0-3-0-1-3-0-4-4-4-1
970	3	3-3-3-4-2-2-3-4-3-3-3-5	3-2-2-3-4-4-4-4-4-2-4-4	6-4-4-1-3-1-2-4-4-1-2-3	4-5-4-5-1-1-5-1-2-2-2-5	1-6-3-3-4-2-4-3-2-6-4-7	1-5-2-3-4-7-2-1-2-2-1-4	1-3-3-5-4-4-2-4-1-1-3-2	1-1-5-2-1-5-4-1-1-6-7-4	5-0-0-1-1-5-4-6-2-3-1-2	5-1-3-4-4-1-2-2-4-3-5-1	4-1-3-2-5-7-3-7-5-3-4-3	2-1-5-5-5-5-2-6-3-6-2-1
970	4	5-3-5-3-2-4-4-6-3-4-3-3	4-2-2-3-3-5-5-5-3-5-5-3	0-6-3-1-6-1-5-6-3-5-5-6	5-3-3-6-6-5-3-5-5-2-5-3	6-3-3-3-3-4-5-5-3-4-6-6	5-2-5-4-3-3-5-6-1-4-2-6	2-5-4-3-5-3-4-5-4-2-3-5	4-6-2-5-6-3-7-6-6-3-6-3	3-0-5-5-6-3-3-3-2-3-6-2	3-6-4-3-3-5-5-2-5-3-5-1	3-4-0-2-7-3-0-3-3-6-3-4	2-5-3-6-3-3-5-3-2-2-2-5
970	5	4-7-4-7-6-5-5-5-5-6-3-3	4-6-6-3-6-6-4-4-3-4-4-3	0-4-3-5-4-7-6-4-4-4-6-4	4-3-7-3-4-4-6-4-6-6-6-3	4-3-2-6-3-6-6-4-6-5-4-4	4-3-4-4-3-4-4-4-2-5-2-5	4-4-6-3-4-3-6-6-5-5-3-4	2-4-3-6-4-3-1-5-4-5-0-3	3-0-6-4-5-3-3-3-6-4-4-3	3-3-5-1-6-4-6-5-4-6-4-1	3-4-6-7-3-1-0-3-3-3-4-5	6-4-3-3-3-3-4-3-3-3-6-4
970	6	7-7-4-6-6-7-7-7-6-6-6-7	7-5-5-4-6-5-3-5-7-4-5-7	7-4-3-7-4-3-5-4-4-6-5-4	4-3-6-4-4-4-7-4-5-5-5-3	4-3-7-5-3-5-7-4-5-3-4-4	7-3-4-7-6-3-5-4-6-6-2-4	2-4-5-3-3-6-5-5-6-5-3-4	6-4-3-5-4-3-6-4-4-3-4-3	6-6-5-4-4-3-3-3-7-6-4-2	3-4-6-7-5-4-5-5-7-5-4-1	3-6-5-6-2-7-6-3-3-4-6-6	5-4-7-4-5-3-4-3-2-3-5-1
970	7	7-5-7-5-7-6-6-7-6-6-7-6	6-5-7-1-7-7-6-7-6-7-6-6	7-7-7-6-7-7-7-6-7-7-6-7	6-7-7-7-7-7-6-7-6-7-7-3	4-3-7-7-7-7-6-7-7-7-1-7	7-7-7-6-7-3-7-7-7-7-7-7	3-7-7-5-7-7-7-7-7-5-4-7	7-7-7-7-7-7-4-1-1-3-3-5	3-7-7-7-4-7-3-3-6-7-4-2	3-7-5-7-7-4-7-7-6-7-6-7	3-7-5-5-4-3-0-3-7-7-7-7	7-4-6-3-5-7-7-3-7-7-2-1
971	0	0-0-0-0-0-0-0-0-0-0-0-0	0-0-0-0-0-0-0-0-0-0-0-0	0-0-0-0-0-0-0-0-0-0-0-0	0-0-0-0-0-0-0-0-0-0-0-0	0-0-0-0-0-0-0-0-0-0-0-0	0-0-0-0-0-0-0-0-0-0-0-0	0-0-0-0-0-0-0-0-0-0-0-0	0-0-0-0-0-0-0-0-0-0-0-0	0-0-0-0-0-0-0-0-0-0-0-0	0-0-0-0-0-0-0-0-0-0-0-0	0-0-0-0-0-0-0-0-0-0-0-0	0-0-0-0-0-0-0-0-0-0-0-0
971	1	1-1-1-0-1-1-1-1-1-1-1-1	1-2-0-1-0-1-1-0-2-1-0-2	1-2-0-0-0-2-0-1-0-0-0-0	2-0-0-0-1-2-0-4-0-0-0-4	0-1-4-0-2-0-2-1-2-1-0-1	0-4-0-0-2-3-2-1-1-0-0-2	1-0-0-3-2-1-0-0-0-1-0-0	1-0-0-1-1-2-0-0-1-1-0-1	1-2-2-0-2-7-2-2-0-1-0-0	3-1-1-2-0-1-3-0-6-2-3-0	0-0-0-0-3-1-2-3-3-0-1-1	1-0-1-1-4-1-1-2-4-0-1-0
971	2	1-2-1-2-2-2-2-2-2-2-2-2	3-1-2-3-0-3-1-3-3-2-3-3	0-1-3-3-3-1-3-3-0-3-2-3	3-0-1-3-3-3-3-2-3-0-2-1	4-1-1-3-1-2-3-3-1-2-4-1	3-1-3-0-2-4-3-2-2-2-0-1	3-2-0-1-3-1-2-3-2-2-3-3	0-4-2-3-2-1-0-6-2-1-7-0	2-1-1-3-4-1-1-3-3-2-2-2	2-0-0-3-3-3-0-0-3-1-0-4	1-4-1-0-1-2-1-1-1-2-2-1	1-3-1-1-0-3-4-1-2-2-2-4
971	3	4-3-3-3-3-3-3-3-3-3-3-3	2-4-4-2-5-4-2-2-2-2-2-4	4-2-1-2-2-2-4-4-4-2-4-4	2-3-4-2-2-2-6-2-4-4-4-1	2-1-1-2-3-2-4-2-4-3-0-1	2-1-5-4-4-1-4-2-3-3-7-3	2-2-3-1-2-3-4-2-0-6-2-2	3-2-4-2-2-1-6-4-3-3-3-1	4-1-2-2-1-1-4-4-5-3-4-3	2-2-3-2-2-2-4-3-2-4-1-2	7-3-8-5-1-1-3-1-1-2-2-3	1-2-1-4-5-2-2-3-0-4-6-3
971	4	5-3-5-4-3-4-4-4-4-4-3-5	4-3-3-5-3-4-4-4-4-4-5-5	3-5-6-5-4-5-3-3-3-3-3-4	5-4-5-5-2-5-5-1-3-3-3-1	2-5-1-4-6-3-3-5-3-4-2-8	3-1-3-3-6-2-3-2-3-3-3-3	2-2-3-4-5-4-3-5-4-3-4-2	4-2-6-2-2-5-2-3-4-4-4-6	6-6-3-2-2-4-3-5-0-4-3-4	5-6-4-5-6-2-3-3-5-3-6-2	3-2-4-8-1-6-6-6-6-2-3-4	3-2-4-3-1-2-2-6-1-3-3-2
971	5	6-5-6-6-6-6-6-7-6-6-6-6	6-6-5-4-7-6-6-6-6-6-6-6	5-6-7-7-6-7-6-7-6-6-6-6	6-4-6-6-5-5-6-7-6-6-6-5	7-7-3-7-5-5-6-5-5-5-7-5	5-6-6-5-4-6-6-6-6-5-0-5	8-5-5-5-6-5-6-6-5-7-8-8	5-2-6-5-6-6-5-5-2-5-5-5	5-4-5-4-7-5-5-4-6-5-2-3	6-5-6-8-5-6-6-5-5-6-4-2	6-8-5-3-6-5-4-8-6-5-6-5	5-5-5-8-6-7-7-7-5-3-3-8
971	6	5-5-5-7-5-5-5-5-5-5-5-5	5-5-5-7-5-5-5-7-5-5-7-5	7-7-8-8-7-5-7-5-7-5-5-7	7-4-5-5-7-7-5-7-5-5-7-1	7-5-7-7-4-7-7-7-5-5-8-7	5-5-5-6-4-5-7-5-5-5-3-7	7-5-3-5-5-6-5-7-5-3-7-6	5-7-5-7-5-5-8-7-8-4-4-4	4-4-5-7-7-5-1-7-5-6-7-5	5-7-5-5-4-5-5-3-8-5-4-2	5-5-4-8-5-5-4-4-5-5-5-6	1-6-6-5-5-5-5-4-7-6-7-2
971	7	5-8-5-6-5-5-5-5-5-5-5-6	5-5-5-6-5-5-6-6-5-5-6-5	6-6-5-5-6-5-6-5-6-5-7-6	6-7-7-5-6-6-5-6-6-5-6-1	5-5-6-6-7-6-6-6-7-7-5-6	8-5-6-6-7-5-6-5-7-7-3-6	8-5-5-8-8-7-7-6-7-5-6-6	3-6-2-6-2-8-3-6-8-5-2-4	7-4-8-6-5-8-7-6-5-6-6-0	7-6-7-5-8-5-5-3-8-5-6-7	3-7-6-0-3-5-4-4-5-7-5-7	8-7-5-7-6-5-5-5-6-3-6-5
971	8	8-7-6-6-8-5-5-8-5-5-5-5	5-5-8-6-8-5-6-8-8-8-6-8	8-8-8-5-8-5-7-5-7-8-5-8	6-8-5-8-8-8-7-8-8-8-8-4	6-5-8-8-8-8-7-8-8-8-6-6	5-8-8-7-8-7-8-8-8-8-8-8	5-8-8-7-7-8-8-6-8-8-5-5	8-8-2-7-8-7-6-6-7-5-5-5	7-5-8-7-2-8-8-6-5-5-6-0	6-8-8-8-8-5-6-5-7-8-6-8	5-5-8-6-3-5-4-5-5-5-8-7	7-5-5-5-7-8-8-5-8-8-6-5
972	0	0-0-0-0-0-0-0-0-0-0-0-0	0-0-0-0-0-0-0-0-0-0-0-0	0-0-0-0-0-0-0-0-0-0-0-0	0-0-0-0-0-0-0-0-0-0-0-0	0-0-0-0-0-0-0-0-0-0-0-0	0-0-0-0-0-0-0-0-0-0-0-0	0-0-0-0-0-0-0-0-0-0-0-0	0-0-0-0-0-0-0-0-0-0-0-0	0-0-0-0-0-0-0-0-0-0-0-0	0-0-0-0-0-0-0-0-0-0-0-0	0-0-0-0-0-0-0-0-0-0-0-0	0-0-0-0-0-0-0-0-0-0-0-0
972	1	1-1-1-1-1-1-1-2-1-1-2-1	2-1-1-2-2-2-1-2-1-1-0-2	1-2-2-2-2-2-2-2-4-2-1-2	2-3-2-3-1-2-2-1-2-2-2-1	2-2-1-3-2-1-2-1-2-2-7-1	4-2-2-2-2-2-2-2-2-1-4-2	4-1-1-1-1-2-1-2-1-2-4-1	1-1-1-0-1-2-1-2-1-1-0-2	1-3-1-0-2-3-2-2-2-5-1-2	2-1-1-2-0-1-0-1-2-2-2-1	4-3-4-7-4-3-2-1-3-1-7-1	2-1-1-1-3-1-1-2-3-1-4-1
972	2	1-1-1-1-1-1-1-1-1-1-1-1	1-1-1-4-1-1-0-1-1-1-3-1	1-3-1-5-3-5-3-1-1-1-1-1	3-0-1-1-3-3-1-5-3-1-3-1	1-1-3-3-1-3-3-3-1-1-1-3	1-1-3-1-1-4-3-1-1-1-0-3	3-4-1-0-3-1-2-3-1-1-3-3	1-2-5-3-4-1-2-8-3-0-2-1	2-1-3-3-4-1-1-4-1-2-4-1	1-3-5-1-3-2-3-1-3-1-1-4	1-2-0-1-1-1-1-0-1-2-2-3	1-2-2-1-1-1-3-1-2-2-2-4
972	3	1-4-1-1-1-1-1-1-1-1-1-1	1-4-4-2-1-1-1-5-1-1-2-4	1-2-5-1-2-2-4-5-1-2-4-4	2-1-3-1-2-2-1-2-2-5-4-1	4-0-2-5-2-2-4-2-4-3-1-2	2-1-5-1-3-2-4-5-1-3-5-3	2-2-4-3-2-3-4-2-1-5-2-2	6-2-1-2-2-1-5-2-2-1-1-1	1-1-2-2-3-1-3-2-1-3-2-3	1-2-3-7-2-2-2-7-2-1-1-2	5-1-1-3-1-1-1-3-1-2-2-2	1-2-2-2-1-1-2-1-5-1-5-5
972	4	4-3-6-4-4-4-4-1-4-4-4-5	4-3-3-2-1-1-5-3-5-1-5-5	6-5-6-2-4-2-3-4-1-5-3-4	5-4-5-6-2-2-6-4-3-3-3-4	3-8-4-4-5-3-5-4-4-1-1-4	1-5-3-4-3-5-3-2-1-3-1-4	1-2-3-4-5-4-3-3-4-3-8-2	5-2-6-3-2-6-3-2-2-4-4-5	6-5-5-2-2-6-6-2-3-4-2-5	6-8-1-3-2-2-3-1-5-5-6-2	6-2-1-1-1-1-5-6-8-2-2-4	1-2-6-4-1-1-2-7-6-5-1-2
972	5	5-5-4-8-3-3-4-7-5-4-5-4	4-3-3-4-5-1-4-3-4-1-6-4	4-6-7-2-6-6-6-3-6-6-5-5	6-4-4-4-7-7-3-2-6-6-5-4	6-4-6-3-4-5-6-6-5-5-1-7	6-6-6-5-3-4-6-6-1-3-3-6	6-6-3-5-6-5-3-6-1-3-7-6	4-6-2-6-6-1-3-7-5-4-5-4	4-4-6-6-7-1-4-8-1-7-7-4	1-5-2-6-7-7-6-5-6-4-4-2	3-6-4-3-8-5-4-4-5-7-6-7	1-6-4-5-5-2-6-4-3-4-3-3
972	6	4-7-4-8-6-6-6-8-6-4-5-4	4-7-6-5-6-6-4-7-5-5-5-4	4-5-5-1-5-5-7-7-7-5-7-6	5-4-4-4-5-5-7-5-7-5-7-4	5-4-5-6-4-7-7-5-6-6-1-5	5-5-5-5-6-4-5-5-1-6-7-6	5-5-7-6-5-8-7-5-6-6-5-5	4-5-4-5-5-4-7-6-4-6-4-4	4-4-5-5-6-4-4-5-3-5-5-4	4-1-6-5-7-2-5-2-5-4-4-2	4-5-1-3-1-1-4-4-4-5-5-4	7-5-4-5-1-1-5-0-4-4-7-7
972	7	8-6-5-4-6-8-8-8-8-7-8-8	7-6-6-5-7-8-8-6-8-7-5-8	4-8-5-5-5-7-6-6-8-7-6-5	5-7-7-5-5-5-6-2-6-5-6-4	5-4-6-4-5-6-6-5-7-7-1-5	5-4-5-7-7-8-6-6-7-6-3-6	8-2-6-6-6-7-6-5-7-6-5-5	7-6-4-6-5-7-6-5-2-4-5-7	7-4-5-7-5-1-6-7-1-5-5-4	8-7-7-6-2-5-7-3-8-4-7-2	3-7-4-1-6-8-4-4-5-5-1-7	6-8-8-5-7-7-7-4-6-4-6-6
972	8	8-6-8-5-8-8-7-8-7-7-7-7	7-6-8-4-8-8-7-8-8-8-7-7	8-7-8-7-8-5-7-7-7-8-8-8	7-8-8-8-8-8-7-8-7-8-8-4	5-4-8-8-8-8-7-8-8-8-6-4	7-8-8-5-8-7-8-8-8-8-8-8	7-8-8-8-7-8-3-8-8-8-4-5	8-7-8-7-8-4-5-2-2-8-5-4	4-4-8-7-2-8-8-5-8-6-6-8	7-4-8-8-8-2-8-8-7-8-4-8	4-1-8-4-5-7-4-4-4-7-8-8	8-7-7-1-7-8-8-1-8-8-3-1
973	0	0-0-0-0-0-0-0-0-0-0-0-0	0-0-0-0-0-0-0-0-0-0-0-0	0-0-0-0-0-0-0-0-0-0-0-0	0-0-0-0-0-0-0-0-0-0-0-0	0-0-0-0-0-0-0-0-0-0-0-0	0-0-0-0-0-0-0-0-0-0-0-0	0-0-0-0-0-0-0-0-0-0-0-0	0-0-0-0-0-0-0-0-0-0-0-0	0-0-0-0-0-0-0-0-0-0-0-0	0-0-0-0-0-0-0-0-0-0-0-0	0-0-0-0-0-0-0-0-0-0-0-0	0-0-0-0-0-0-0-0-0-0-0-0
973	1	1-1-1-1-1-1-1-1-1-1-1-1	2-0-0-2-0-1-0-2-0-1-2-0	0-2-0-0-3-0-2-0-0-2-1-2	2-0-0-3-3-2-0-5-2-0-1-0	1-0-2-0-2-2-2-2-0-1-7-2	2-3-2-0-0-3-2-3-1-1-0-4	2-1-1-0-2-0-0-2-0-0-3-2	1-1-4-2-4-0-1-1-1-1-0-0	0-0-2-2-4-3-0-2-2-1-1-1	0-2-0-0-2-1-2-1-2-0-0-1	0-4-0-0-0-1-0-0-0-1-1-1	0-2-1-0-0-0-1-0-3-2-1-4
973	2	2-2-2-2-2-2-2-2-2-2-2-2	1-2-2-1-3-3-0-3-3-1-1-3	2-1-0-1-1-1-3-4-3-4-3-1	1-0-3-1-1-1-3-1-3-2-3-0	2-0-1-1-1-1-3-1-2-2-0-1	1-1-3-0-2-1-3-2-2-2-6-2	4-1-2-7-1-2-0-1-2-2-1-1	2-1-1-3-1-0-5-0-2-2-4-0	2-0-1-1-3-1-2-3-3-2-1-2	0-1-2-3-1-1-1-2-3-2-0-1	3-1-2-3-4-0-0-0-0-1-1-2	0-1-1-3-0-6-3-0-1-1-3-3
973	3	3-3-4-3-4-4-3-3-3-3-3-3	1-5-3-1-2-2-0-4-2-3-1-4	2-3-5-1-1-1-4-5-2-5-4-4	1-4-4-1-1-1-2-1-4-4-2-0	1-0-1-3-1-2-4-3-4-0-1-1	1-1-2-0-3-1-4-1-3-3-5-1	2-1-3-3-4-2-4-4-3-2-1-3	3-1-1-2-3-4-1-4-3-3-3-0	3-0-4-4-3-1-4-2-7-3-1-2	0-1-3-4-4-1-4-3-2-3-4-1	2-5-7-5-0-0-0-6-0-2-1-2	5-4-1-2-0-3-2-0-1-4-5-2
973	4	3-3-3-3-3-3-4-3-3-4-3-5	5-3-3-1-3-5-6-3-5-4-5-5	6-5-5-1-3-5-3-5-5-6-3-3	5-6-5-5-1-5-5-6-3-3-3-5	1-6-5-6-5-2-5-5-3-5-4-7	3-5-3-5-4-5-3-0-3-3-2-5	2-1-3-5-5-4-3-3-3-4-7-5	3-1-1-3-1-5-1-3-4-4-2-5	5-5-5-3-1-3-6-5-3-4-1-4	7-1-4-3-3-1-3-3-5-5-3-1	6-1-4-2-2-7-4-0-0-5-4-4	6-4-7-4-4-4-4-6-4-3-1-1
973	5	6-3-5-7-3-5-6-4-5-5-5-7	4-3-3-7-5-4-7-6-6-6-4-6	4-4-4-7-6-4-6-6-6-6-4-6	4-4-4-6-6-6-4-1-6-2-6-4	6-0-4-4-4-5-6-6-3-5-6-6	6-7-6-5-4-6-6-6-3-5-2-4	5-6-5-4-4-5-3-6-5-7-6-4	3-6-7-6-6-4-7-6-6-3-6-4	4-4-4-6-7-5-4-4-2-7-6-6	0-6-3-5-6-6-3-3-4-4-6-6	6-3-6-3-7-5-4-0-0-4-6-4	3-6-5-6-6-5-4-4-6-6-6-6
973	6	5-7-5-5-6-7-7-7-7-6-5-7	4-3-3-5-6-6-5-4-7-5-5-7	4-5-4-5-5-4-5-5-5-5-7-5	5-4-6-5-5-5-7-4-5-5-5-7	5-7-4-4-6-5-7-5-6-6-5-5	5-5-5-7-4-5-5-5-6-6-2-7	7-5-3-4-5-6-3-5-6-6-5-4	6-5-5-5-5-4-6-5-5-4-5-0	4-6-4-5-5-5-4-4-3-3-5-5	0-5-4-5-5-5-3-2-7-4-6-5	5-6-4-6-2-5-4-3-6-4-5-6	3-5-6-6-6-6-5-4-5-5-5-5
973	7	7-6-5-5-7-6-6-7-6-5-7-6	6-3-7-5-7-7-5-7-6-7-4-6	7-7-7-5-7-7-7-6-5-7-6-7	6-7-7-7-7-7-6-7-7-7-7-6	5-6-7-7-6-7-6-7-7-5-1-4	5-5-7-6-7-7-7-7-7-7-2-7	6-7-7-7-7-7-7-7-7-5-7-7	7-7-5-6-7-4-5-5-5-4-4-7	4-7-7-7-5-7-7-4-3-5-7-5	4-4-3-7-7-5-7-3-6-7-6-7	7-7-7-3-5-4-6-5-7-4-7-7	7-6-4-4-5-7-7-7-7-7-5-7
974	0	0-0-0-0-0-0-0-0-0-0-0-0	0-0-0-0-0-0-0-0-0-0-0-0	0-0-0-0-0-0-0-0-0-0-0-0	0-0-0-0-0-0-0-0-0-0-0-0	0-0-0-0-0-0-0-0-0-0-0-0	0-0-0-0-0-0-0-0-0-0-0-0	0-0-0-0-0-0-0-0-0-0-0-0	0-0-0-0-0-0-0-0-0-0-0-0	0-0-0-0-0-0-0-0-0-0-0-0	0-0-0-0-0-0-0-0-0-0-0-0	0-0-0-0-0-0-0-0-0-0-0-0	0-0-0-0-0-0-0-0-0-0-0-0
974	1	1-1-1-1-1-1-1-1-1-1-1-1	0-0-0-2-0-0-3-2-0-1-0-0	0-4-0-4-2-3-2-0-0-2-2-2	3-0-0-3-2-2-0-1-1-0-1-0	1-0-0-0-3-1-2-2-1-3-9-0	1-9-2-0-0-3-2-2-1-1-0-3	3-1-1-0-2-1-1-2-1-1-0-2	1-1-4-2-2-0-3-9-1-0-0-0	1-0-2-2-4-0-0-2-0-1-1-1	0-2-0-2-2-1-0-1-2-0-0-4	4-1-0-0-0-3-0-0-0-1-2-3	0-2-2-0-0-1-4-0-1-0-1-1
974	2	2-2-2-2-2-2-2-2-2-2-2-1	1-3-2-1-0-2-1-3-3-2-0-3	3-2-0-1-1-1-3-1-0-1-3-1	1-2-3-1-1-1-4-1-3-3-3-0	2-0-0-1-1-1-3-1-2-2-0-0	1-0-1-3-2-1-3-1-2-2-6-2	6-1-2-0-1-2-6-1-2-3-6-1	2-4-0-3-1-3-1-2-1-7-0-1	2-0-1-1-2-0-0-1-2-2-1-2	0-1-2-1-1-1-4-2-3-2-0-1	6-3-9-2-9-1-0-0-0-0-3-1	3-1-1-0-0-5-1-0-6-3-2-0
974	3	3-3-3-3-3-3-3-3-3-3-3-3	1-4-2-1-0-2-1-2-2-3-0-2	2-3-3-3-1-1-4-4-4-4-4-1	1-4-4-1-1-1-3-1-4-4-4-0	3-0-0-4-1-2-4-3-4-1-5-1	1-2-4-2-3-1-4-1-3-3-4-1	1-1-3-0-1-2-4-4-3-2-0-4	3-4-1-2-4-2-4-4-2-3-4-5	2-0-4-1-3-4-3-1-4-7-2-5	0-2-2-4-4-1-4-4-2-5-4-1	5-2-3-3-4-1-0-5-0-4-2-7	3-1-1-9-4-3-1-0-3-2-9-1
974	4	5-3-3-5-4-3-4-4-4-4-4-5	5-3-3-5-5-5-6-6-5-5-5-6	6-5-6-1-5-6-5-5-5-5-3-5	5-5-5-6-5-5-5-6-3-5-3-8	1-6-4-6-6-3-5-5-3-0-8-9	5-5-3-5-4-1-3-1-3-3-3-5	7-1-3-7-5-2-3-5-3-2-2-3	4-3-1-2-3-7-3-3-7-4-5-4	6-5-5-5-1-8-4-5-3-4-1-4	1-7-4-5-5-1-2-3-5-6-3-1	1-1-4-3-3-9-8-8-7-3-3-6	4-5-6-4-5-4-1-4-4-2-3-5
974	5	4-6-4-9-5-5-5-3-5-4-4-4	4-6-6-4-4-4-4-7-5-6-4-7	4-4-4-5-4-4-6-8-6-4-6-4	4-4-4-4-4-4-4-4-6-6-6-5	6-0-6-3-4-5-6-4-6-7-3-4	4-4-3-6-3-1-6-6-5-5-3-5	4-5-5-4-4-5-5-4-5-2-0-4	5-1-0-4-5-4-6-5-5-5-4-5	5-4-4-4-3-7-4-4-7-4-1-3	0-4-2-4-4-1-3-7-4-4-3-1	3-6-5-3-6-4-4-3-0-1-4-3	5-4-4-4-4-8-6-4-4-4-3-6
974	6	7-5-6-7-2-5-6-8-7-4-9-7	4-5-5-7-4-4-4-8-7-5-7-7	4-7-4-8-8-4-5-7-5-7-5-8	7-8-7-7-8-8-7-8-5-5-7-4	8-4-9-8-4-5-7-7-5-6-8-8	7-8-7-6-4-8-7-7-5-5-2-8	2-1-5-4-7-6-7-7-5-2-8-7	3-7-1-7-8-4-9-8-8-4-6-0	4-4-4-7-8-3-4-5-3-4-8-4	0-8-4-5-6-7-7-3-7-4-8-1	2-7-2-3-5-6-4-4-8-7-7-8	9-7-4-8-8-5-7-4-2-6-9-7
974	7	6-9-6-9-5-7-7-9-7-7-6-6	4-8-8-6-4-8-4-5-6-4-8-6	4-6-6-5-6-6-8-5-6-6-8-6	6-6-6-6-6-6-8-6-8-4-8-4	6-4-6-8-4-7-8-6-8-5-6-6	6-6-6-6-7-4-8-6-7-7-2-6	6-6-7-4-6-7-8-8-7-7-6-6	5-6-9-8-6-4-8-6-6-7-0-9	4-4-8-6-7-5-4-4-8-3-6-7	0-4-7-1-8-6-8-5-6-4-6-1	8-6-8-3-8-4-4-4-4-6-6-3	5-6-4-6-8-5-6-0-8-4-8-6
974	8	6-9-6-8-5-9-9-6-9-8-8-9	4-7-7-6-8-7-4-6-9-8-7-9	4-6-4-6-6-6-7-5-6-7-7-6	6-6-8-6-6-6-9-6-7-7-7-9	6-0-6-6-4-7-9-8-7-8-6-6	9-6-7-9-8-9-7-6-8-8-3-6	9-1-8-4-8-8-7-7-8-7-6-6	8-6-8-7-6-4-7-6-6-5-6-0	8-4-7-6-6-4-8-4-9-4-6-3	0-6-8-9-7-1-7-3-8-4-6-1	7-8-7-3-5-8-4-4-6-6-8-8	5-6-8-6-6-5-6-4-7-6-7-7
974	9	9-7-9-7-9-8-8-9-8-8-6-8	8-7-9-6-9-9-4-9-9-9-6-8	9-9-9-8-9-9-9-8-9-9-8-9	8-9-9-9-9-9-8-9-8-9-9-8	6-4-6-9-9-7-8-9-9-9-1-9	9-9-9-8-9-8-8-9-9-9-9-8	8-9-9-9-9-9-9-8-9-9-9-9	9-7-9-8-9-9-6-6-6-4-4-9	6-9-9-9-1-9-9-8-8-9-9-2	9-9-7-9-9-9-9-3-8-9-9-9	7-9-3-3-2-4-8-9-9-9-9-9	9-8-4-3-7-9-9-4-9-9-3-9
975	0	0-0-0-0-0-0-0-0-0-0-0-0	0-0-0-0-0-0-0-0-0-0-0-0	0-0-0-0-0-0-0-0-0-0-0-0	0-0-0-0-0-0-0-0-0-0-0-0	0-0-0-0-0-0-0-0-0-0-0-0	0-0-0-0-0-0-0-0-0-0-0-0	0-0-0-0-0-0-0-0-0-0-0-0	0-0-0-0-0-0-0-0-0-0-0-0	0-0-0-0-0-0-0-0-0-0-0-0	0-0-0-0-0-0-0-0-0-0-0-0	0-0-0-0-0-0-0-0-0-0-0-0	0-0-0-0-0-0-0-0-0-0-0-0
975	1	1-1-1-1-1-1-1-1-1-1-1-1	2-0-0-1-0-1-0-2-0-1-0-0	0-2-0-3-2-2-2-0-0-2-0-2	2-0-0-3-2-2-0-1-1-0-1-0	1-0-1-2-0-1-2-2-1-0-0-2	2-4-2-0-0-2-2-1-1-1-1-0	2-1-1-0-2-1-0-2-1-1-2-3	1-1-1-2-2-1-1-7-1-0-0-0	1-0-2-2-7-2-0-2-0-1-1-2	3-2-1-0-2-1-2-1-2-0-0-1	0-1-0-1-2-2-0-1-1-1-1-0	0-1-1-1-0-1-1-0-1-3-1-1
975	2	2-2-3-2-2-2-2-2-2-2-2-2	1-4-2-1-2-2-0-1-3-2-0-1	1-1-4-2-1-1-3-3-0-1-3-1	1-4-2-3-1-1-3-1-1-2-2-0	1-2-2-1-1-3-3-1-2-2-3-1	1-3-4-0-3-1-3-1-2-2-6-2	1-1-3-2-1-2-3-1-2-2-1-1	2-4-1-1-1-1-5-3-1-0-2-2	3-0-1-1-3-1-0-1-3-2-3-3	0-1-2-1-1-1-1-2-1-7-7-1	3-1-0-2-6-1-4-0-0-4-6-2	2-1-1-3-3-1-6-3-2-1-2-3
975	3	3-2-2-3-3-2-3-3-3-3-4-3	4-2-2-1-2-3-3-5-4-3-4-4	1-3-0-1-4-4-4-3-5-1-2-5	4-4-4-5-1-1-4-3-4-4-1-0	1-0-1-4-1-2-4-1-2-3-5-7	2-2-2-2-2-1-4-1-2-3-2-2	2-2-2-0-1-2-2-4-3-2-1-4	3-2-7-1-2-3-6-2-1-4-3-0	2-0-2-1-2-3-0-5-7-6-2-5	1-3-3-4-1-1-5-3-1-0-2-2	2-1-3-5-5-3-0-0-2-2-4-3	2-4-1-2-2-3-1-2-3-1-7-2
975	4	4-4-4-7-4-3-4-4-4-3-3-7	3-2-2-1-6-6-5-4-5-5-6-5	0-6-6-5-3-3-3-5-6-5-3-3	5-6-3-5-6-6-6-5-3-3-2-6	1-6-7-3-5-2-5-4-4-6-6-7	4-5-2-4-4-7-3-1-5-3-2-2	5-1-2-4-5-6-2-3-4-7-0-3	2-2-6-2-4-5-3-5-4-5-4-4	2-7-4-1-1-3-6-3-6-5-2-3	4-4-4-3-1-3-4-3-0-6-2-1	2-1-4-3-3-5-2-6-6-2-3-3	5-3-4-6-4-5-4-2-3-0-1-2
975	5	5-7-7-7-4-5-5-5-5-7-5-5	5-2-2-6-6-4-4-3-6-4-7-4	4-4-4-4-6-4-6-4-3-6-6-3	6-4-4-3-6-6-4-7-6-3-6-4	6-4-6-6-4-5-6-6-4-5-3-6	5-5-6-5-4-4-6-5-4-5-2-6	4-1-3-5-4-5-2-6-4-5-6-7	3-6-4-6-6-4-2-6-1-4-4-4	7-0-5-6-6-4-4-3-3-4-6-3	7-4-3-4-6-1-3-5-7-4-6-1	4-1-6-3-3-4-0-6-6-2-2-5	4-1-5-6-6-6-5-4-5-5-5-2
975	6	5-7-5-5-6-7-7-7-7-6-6-7	7-2-2-5-6-4-4-5-5-4-4-7	7-4-4-4-5-5-5-7-4-5-5-5	5-4-6-3-5-5-7-5-5-4-5-7	5-4-5-5-6-5-5-5-6-4-4-5	7-5-5-7-6-4-5-1-6-6-2-5	7-1-6-6-5-4-3-5-6-6-5-5	6-5-4-5-5-4-7-5-1-4-4-6	6-6-6-5-6-3-4-6-3-3-5-3	6-6-6-5-5-1-5-5-7-4-5-1	2-6-5-3-2-7-6-4-6-7-2-6	4-7-6-5-5-5-2-4-5-0-5-2
975	7	7-6-5-5-7-6-6-7-6-5-5-6	6-7-7-5-7-7-5-7-6-7-5-6	7-7-7-4-7-7-7-6-7-7-6-7	5-7-7-7-7-7-6-5-6-7-7-6	5-4-4-7-6-7-6-7-7-7-5-4	6-7-7-6-7-4-7-7-7-7-7-7	6-7-7-7-6-7-7-6-7-7-7-5	7-7-7-7-7-7-6-1-1-4-5-4	6-7-7-7-1-7-7-5-3-6-5-7	5-7-7-7-7-1-7-4-6-7-2-7	0-7-3-6-2-5-6-3-7-7-7-7	7-6-7-5-6-7-7-7-7-7-5-7
976	0	0-0-0-0-0-0-0-0-0-0-0-0	0-0-0-0-0-0-0-0-0-0-0-0	0-0-0-0-0-0-0-0-0-0-0-0	0-0-0-0-0-0-0-0-0-0-0-0	0-0-0-0-0-0-0-0-0-0-0-0	0-0-0-0-0-0-0-0-0-0-0-0	0-0-0-0-0-0-0-0-0-0-0-0	0-0-0-0-0-0-0-0-0-0-0-0	0-0-0-0-0-0-0-0-0-0-0-0	0-0-0-0-0-0-0-0-0-0-0-0	0-0-0-0-0-0-0-0-0-0-0-0	0-0-0-0-0-0-0-0-0-0-0-0
976	1	1-1-1-1-1-0-1-1-1-1-1-2	2-0-0-2-0-2-1-0-0-1-2-2	0-2-3-0-2-3-2-0-0-1-2-2	2-2-1-3-2-2-0-2-2-3-0-1	3-1-3-2-4-0-2-2-0-2-2-2	2-2-3-1-0-1-2-0-0-0-0-2	2-2-0-1-0-0-0-2-1-0-0-0	0-2-0-2-0-0-0-3-1-0-1-0	0-1-0-2-1-2-1-1-0-1-1-2	2-2-0-0-2-0-2-1-2-0-0-0	1-0-1-0-2-1-1-1-1-1-2-1	1-2-1-1-2-2-2-1-2-1-2-1
976	2	2-2-2-2-2-2-2-2-2-2-2-2	1-3-3-1-0-1-1-3-2-1-1-1	3-1-1-1-1-4-3-5-0-3-3-1	1-1-1-1-1-1-2-1-1-1-3-1	0-2-1-1-1-2-3-1-3-2-1-1	1-1-1-4-2-1-3-0-0-2-9-2	1-1-10-0-0-2-3-1-0-0-2-0	2-1-0-1-0-0-3-1-1-0-3-2	2-2-0-1-2-1-2-2-0-2-1-1	1-1-2-2-3-0-1-4-1-0-0-0	3-2-4-2-1-1-0-2-0-1-1-2	1-1-1-1-1-1-1-0-1-8-1-2
976	3	3-3-3-4-2-3-3-6-3-4-3-5	1-2-2-3-5-4-4-4-4-4-1-4	5-3-4-4-3-6-4-4-4-2-2-3	4-3-4-1-1-4-2-6-6-1-2-8	1-5-7-1-10-2-4-1-2-3-1-1	3-1-1-1-2-1-2-0-4-0-0-3	5-1-2-5-3-0-2-2-0-0-5-0	6-1-5-3-0-4-2-1-9-3-5-2	3-3-8-1-5-5-4-4-6-3-0-6	4-3-0-2-2-0-1-2-4-5-5-3	5-7-2-3-3-3-5-5-5-2-3-4	4-1-3-3-4-4-3-3-3-2-3-3
976	4	5-4-4-3-2-4-3-6-4-3-4-3	5-2-2-6-3-3-3-3-3-4-5-3	3-6-3-6-5-5-3-3-3-5-3-5	5-3-3-6-5-5-5-8-5-1-4-3	4-3-1-7-5-5-5-5-5-4-1-5	5-11-6-2-4-5-5-7-3-0-0-6	3-6-2-3-5-4-4-5-0-4-7-5	2-8-8-5-7-3-11-11-4-3-10-3	3-3-5-6-6-9-3-3-6-4-7-4	4-5-0-9-5-6-9-2-5-6-7-6	8-6-2-6-3-3-3-3-0-7-5-8	3-6-5-4-3-6-4-3-4-4-4-6
976	5	5-5-5-5-5-5-5-5-5-3-3-3	4-6-6-3-5-6-4-4-4-4-4-4	3-4-3-4-4-4-6-6-6-4-6-4	4-3-3-4-4-4-2-4-4-1-4-3	5-3-3-4-4-4-6-4-4-5-1-4	4-4-8-5-8-4-4-4-5-5-10-4	3-4-7-3-4-5-8-4-0-7-3-4	5-4-4-4-5-3-9-6-5-5-3-5	4-5-4-4-7-3-3-6-6-5-4-8	4-4-6-6-4-4-4-2-4-5-3-4	3-3-11-8-3-3-3-3-3-9-4-2	3-4-4-3-9-5-4-8-5-4-4-6
976	6	7-6-6-10-6-6-6-4-7-6-7-11	7-5-5-4-3-5-6-6-7-7-7-8	10-7-8-8-6-7-5-7-7-7-5-7	7-7-9-7-4-7-7-3-5-3-7-3	4-3-3-4-7-4-7-7-3-6-10-1	7-4-4-6-6-7-5-4-5-0-0-4	3-4-5-3-7-6-5-7-0-5-9-4	6-4-9-5-4-9-4-5-5-6-6-8	6-8-7-4-4-6-9-7-3-6-4-5	7-11-5-6-7-4-0-5-7-9-9-4	7-4-6-4-7-7-7-5-11-4-4-6	6-4-7-4-4-4-4-6-9-4-6-4
976	7	6-7-6-6-8-7-6-7-7-7-6-6	6-10-8-4-5-9-6-8-6-6-6-6	6-6-3-4-4-6-8-6-6-6-8-8	6-6-6-6-4-6-6-4-8-9-6-3	4-3-3-4-6-7-8-6-8-4-8-4	6-3-5-6-5-6-8-4-7-7-0-7	3-8-5-3-6-7-5-6-7-5-4-8	7-4-4-5-4-6-7-8-4-7-6-6	8-6-6-4-5-7-3-8-7-6-4-5	6-4-8-8-6-7-4-7-6-6-6-4	6-10-6-5-6-6-6-5-3-4-8-6	7-7-6-7-6-7-8-6-6-7-7-4
976	8	9-8-6-9-7-7-6-10-8-6-8-6	6-7-7-9-5-9-6-7-9-10-9-6	3-10-6-6-9-9-7-6-6-6-7-9	9-6-11-6-9-10-7-4-7-1-8-3	9-3-9-4-6-7-9-9-7-8-7-4	9-9-9-11-5-6-7-9-7-0-0-9	9-7-7-3-9-8-5-7-10-5-10-8	0-9-4-9-9-6-11-9-8-7-8-6	7-6-10-9-10-8-6-7-5-9-9-5	8-8-7-7-7-9-9-8-9-6-7-4	4-7-6-5-11-7-6-4-8-8-7-4	5-9-9-9-8-1-7-7-4-9-4-9
976	9	8-10-6-11-7-9-9-11-9-8-9-6	6-7-7-8-10-7-6-10-8-9-8-6	6-8-8-4-8-8-10-7-10-8-10-8	8-6-10-6-8-8-10-4-10-10-8-3	8-3-3-4-8-10-10-8-9-9-1-4	8-8-8-10-5-6-8-8-7-9-2-8	8-7-10-3-8-11-10-8-9-9-6-8	5-8-6-8-8-6-5-8-3-6-6-6	9-6-8-8-9-7-6-7-10-8-8-5	6-8-11-10-10-9-4-2-8-6-6-4	6-4-11-5-10-6-6-3-3-8-8-9	9-8-8-8-5-6-4-6-6-8-10-8
976	10	11-11-6-10-9-11-11-11-11-10-8-6	6-7-7-8-9-11-6-9-11-8-11-9	6-8-8-8-8-10-9-7-11-10-9-8	8-6-9-9-8-8-11-4-9-9-9-6	8-6-3-1-3-9-9-8-9-10-6-10	11-8-10-9-10-6-9-8-10-9-5-10	8-7-9-3-11-10-9-11-10-7-8-8	10-9-4-8-4-11-5-8-11-7-4-6	10-10-8-8-8-7-10-6-9-7-8-0	11-8-10-9-9-4-4-2-11-6-10-4	7-7-6-5-9-11-6-3-10-10-10-10	11-8-10-8-10-10-4-6-4-9-9-9
976	11	11-10-6-9-11-10-10-11-10-10-11-6	6-7-11-6-11-11-10-11-11-11-10-11	11-11-11-11-11-11-10-9-10-11-5-11	10-11-11-11-11-11-10-11-9-11-11-6	4-6-11-11-11-9-10-11-11-11-4-11	10-11-11-8-11-6-11-11-11-11-11-11	8-11-11-11-10-11-11-11-11-11-6-8	11-9-11-10-11-10-8-4-10-7-7-9	10-10-8-10-4-11-11-8-11-11-8-11	10-6-11-11-11-4-11-11-10-11-9-11	11-7-5-5-4-10-6-6-6-10-11-11	11-8-10-0-10-11-11-6-11-11-10-11
977	0	0-0-0-0-0-0-0-0-0-0-0-0	0-0-0-0-0-0-0-0-0-0-0-0	0-0-0-0-0-0-0-0-0-0-0-0	0-0-0-0-0-0-0-0-0-0-0-0	0-0-0-0-0-0-0-0-0-0-0-0	0-0-0-0-0-0-0-0-0-0-0-0	0-0-0-0-0-0-0-0-0-0-0-0	0-0-0-0-0-0-0-0-0-0-0-0	0-0-0-0-0-0-0-0-0-0-0-0	0-0-0-0-0-0-0-0-0-0-0-0	0-0-0-0-0-0-0-0-0-0-0-0	0-0-0-0-0-0-0-0-0-0-0-0
977	1	1-1-1-3-1-1-1-1-1-2-2-2	3-2-1-0-2-2-3-2-2-2-2-2	1-2-3-2-2-3-2-2-2-1-2-2	2-1-2-3-1-0-2-1-2-2-2-1	2-1-1-2-4-1-2-1-2-2-3-1	4-2-2-2-2-2-2-2-3-1-4-2	1-1-1-1-2-1-2-2-1-1-1-2	1-1-2-1-1-2-2-1-1-1-0-1	1-0-7-0-2-1-4-1-2-1-1-2	3-1-1-2-1-1-2-1-1-1-0-1	4-0-4-3-3-2-1-1-4-1-2-2	2-1-1-1-1-1-1-2-1-1-1-2
977	2	1-1-2-2-1-1-1-1-1-1-1-1	1-1-1-2-1-1-1-1-1-1-3-1	3-3-4-1-3-1-3-1-1-1-1-1	3-0-1-1-3-3-1-2-1-1-3-4	1-0-3-1-1-1-3-3-1-1-1-3	3-4-3-1-1-1-3-1-1-1-0-4	1-4-1-2-3-2-1-3-2-1-3-3	1-2-1-3-3-1-1-4-2-0-0-0	2-0-3-3-4-3-1-4-1-2-2-1	2-4-1-1-3-2-3-1-3-1-0-2	1-2-1-1-1-1-0-0-1-2-3-1	1-2-2-1-1-1-3-1-2-2-2-1
977	3	1-4-1-1-3-3-1-3-1-1-1-4	1-4-4-2-1-1-1-4-1-1-2-4	2-3-1-2-2-4-4-1-1-2-4-2	2-3-3-1-2-2-5-1-4-5-4-1	2-0-5-4-3-3-4-2-3-3-1-2	2-2-4-1-3-2-4-6-1-3-6-3	6-2-5-3-2-3-4-2-1-5-2-2	3-2-4-2-2-1-5-5-2-3-0-0	0-0-4-2-3-3-0-2-1-3-2-4	1-2-3-4-2-2-4-3-2-1-0-2	0-2-1-1-1-1-0-6-4-2-2-1	1-2-2-1-1-1-2-1-6-4-5-4
977	4	5-3-1-5-3-1-5-5-1-4-1-3	4-3-3-2-1-1-4-3-5-1-5-5	6-5-6-2-4-3-3-5-6-2-3-4	5-4-5-5-2-2-1-2-3-3-3-5	1-5-2-6-5-3-5-4-3-3-1-4	1-2-3-4-5-7-3-2-1-3-1-2	5-2-3-5-5-5-3-4-2-1-5-2	5-3-5-3-2-5-3-2-2-5-5-4	5-0-5-2-2-5-5-2-1-4-2-3	5-5-1-3-5-2-3-2-5-5-5-2	5-2-5-1-1-5-4-5-7-1-2-4	5-2-4-1-5-1-1-5-7-3-3-3
977	5	5-7-5-7-5-5-5-4-7-5-5-5	4-3-3-6-1-1-6-6-4-1-6-6	6-6-4-1-6-4-6-4-6-6-3-6	6-4-4-6-6-6-3-6-3-3-6-4	6-4-3-4-4-6-6-6-5-5-6-6	1-7-6-5-4-1-6-6-1-3-3-6	4-5-3-4-6-5-3-6-5-5-6-6	4-6-4-6-6-1-3-6-4-4-6-4	4-0-4-6-6-4-4-6-1-6-6-7	4-6-1-0-6-6-6-1-4-4-4-6	4-2-4-0-1-4-4-4-4-6-3-7	4-6-2-4-4-1-5-4-6-2-3-6
977	6	5-7-5-5-5-7-7-7-6-5-5-7	5-3-3-5-7-1-5-5-5-4-5-5	4-5-4-7-5-3-5-7-5-6-6-5	5-5-6-5-5-5-7-5-5-3-5-4	5-4-3-4-6-5-7-5-6-3-5-5	7-7-5-7-6-4-5-5-6-6-3-7	7-5-5-6-7-6-3-5-6-6-5-5	6-5-5-5-5-6-3-5-2-4-5-4	6-6-4-6-5-4-4-5-1-5-5-3	6-5-6-3-5-5-5-7-7-6-6-5	4-6-4-6-7-4-4-4-6-6-6-6	7-7-6-6-6-6-5-4-5-4-3-5
977	7	7-6-5-5-7-6-6-7-6-5-5-6	6-7-7-5-7-7-5-5-7-7-5-6	7-7-7-6-7-7-7-6-7-7-6-7	6-7-7-7-7-7-6-7-7-7-5-4	5-4-7-7-6-7-6-7-7-7-5-5	6-7-7-6-7-4-7-7-7-7-7-6	6-7-7-7-6-7-6-5-7-7-1-7	7-5-7-6-5-3-5-5-2-4-5-4	5-6-7-6-5-7-7-4-7-5-5-5	5-4-7-7-4-5-7-6-6-7-4-7	4-2-4-6-6-1-4-4-4-7-7-7	7-6-4-1-6-7-7-7-7-7-3-1
978	0	0-0-0-0-0-0-0-0-0-0-0-0	0-0-0-0-0-0-0-0-0-0-0-0	0-0-0-0-0-0-0-0-0-0-0-0	0-0-0-0-0-0-0-0-0-0-0-0	0-0-0-0-0-0-0-0-0-0-0-0	0-0-0-0-0-0-0-0-0-0-0-0	0-0-0-0-0-0-0-0-0-0-0-0	0-0-0-0-0-0-0-0-0-0-0-0	0-0-0-0-0-0-0-0-0-0-0-0	0-0-0-0-0-0-0-0-0-0-0-0	0-0-0-0-0-0-0-0-0-0-0-0	0-0-0-0-0-0-0-0-0-0-0-0
978	1	1-1-2-1-1-1-1-1-1-1-1-2	1-2-0-2-0-1-2-1-2-2-2-2	1-2-2-2-2-2-1-2-2-2-2-2	2-3-2-1-2-2-2-2-0-0-0-5	0-4-2-0-2-0-2-2-0-0-3-2	2-2-0-2-0-2-0-2-0-0-0-2	2-0-0-2-2-0-0-2-0-0-4-0	0-0-2-2-0-2-0-0-0-3-8-1	2-3-2-2-3-0-3-2-1-1-2-0	2-8-1-0-8-0-1-1-2-3-4-0	8-0-1-1-2-2-2-8-5-2-2-1	2-2-2-2-2-8-1-8-2-8-1-1
978	2	2-2-1-2-2-1-2-2-2-1-1-1	1-3-3-1-0-1-1-3-1-1-1-3	1-1-1-1-1-1-3-1-1-3-3-1	1-1-1-1-1-1-1-1-3-4-3-1	0-1-1-0-1-2-3-1-3-2-1-1	1-1-0-1-2-1-3-2-3-0-0-2	1-0-3-1-1-0-3-3-2-6-1-2	0-2-1-1-2-1-2-1-0-2-1-0	1-0-1-1-2-2-1-1-3-5-1-1	1-1-2-1-1-0-2-2-1-1-1-2	1-2-2-4-1-1-1-0-1-1-1-4	1-1-1-1-1-1-0-1-1-1-1-2
978	3	3-2-3-1-2-1-3-1-3-1-1-4	4-2-2-6-3-1-1-2-1-1-4-4	1-5-1-5-4-5-4-4-1-4-2-4	5-4-4-5-5-5-2-5-4-5-2-1	4-1-3-5-1-2-4-4-4-5-1-4	5-1-4-1-3-5-4-4-2-0-0-4	1-6-2-1-4-0-4-4-3-3-3-5	3-3-4-4-3-1-4-6-10-2-1-0	3-1-4-4-6-5-1-4-2-2-5-3	1-4-2-4-4-5-0-0-4-1-1-5	1-6-4-2-5-4-1-1-1-5-3-3	1-4-3-1-1-4-6-1-3-3-4-6
978	4	4-4-3-4-6-4-3-4-4-1-4-3	3-6-4-3-5-4-1-5-1-5-3-3	3-3-1-3-3-3-5-6-1-3-5-3	3-3-3-3-3-3-5-3-3-2-5-1	3-1-1-3-1-5-5-3-3-4-1-3	3-1-5-0-4-3-3-3-6-4-9-4	5-3-10-1-3-4-3-3-0-0-1-3	4-3-3-5-3-3-3-0-3-5-1-6	4-5-3-3-1-6-9-5-5-10-3-5	5-3-2-3-3-3-3-6-5-1-5-3	5-3-5-2-3-5-5-1-1-1-3-2	1-3-1-1-1-3-3-1-3-6-8-4
978	5	5-4-1-4-5-5-5-6-5-5-1-1	3-6-6-3-4-4-1-4-1-4-3-6	1-3-1-3-3-3-6-6-6-3-6-4	3-6-6-3-3-3-5-3-6-6-4-1	3-1-1-3-1-4-6-5-6-3-1-3	3-1-4-1-6-3-6-3-8-5-0-4	4-3-5-1-3-4-6-6-5-4-7-3	0-6-3-4-5-3-9-1-3-5-1-4	5-4-4-3-8-6-4-4-4-6-3-4	4-3-5-4-4-3-0-5-4-1-4-3	4-3-4-2-3-4-4-5-1-3-4-3	1-3-1-1-1-5-3-1-1-6-6-3
978	6	6-5-3-1-4-5-5-7-6-6-6-6	6-5-5-3-4-4-7-5-7-6-7-5	6-7-8-7-6-7-5-4-8-3-5-5	3-8-6-3-3-3-5-3-5-5-4-8	3-8-6-3-6-4-5-7-5-6-7-1	7-7-4-6-6-3-5-3-4-4-0-4	8-3-5-8-7-4-5-5-5-2-5-3	0-5-3-4-5-6-5-3-8-6-1-9	8-8-9-3-3-5-8-7-5-6-3-4	7-3-2-9-5-4-0-4-7-9-8-3	2-3-6-2-10-8-4-6-7-6-3-6	6-3-6-7-9-6-3-6-3-5-5-3
978	7	8-7-8-8-8-8-9-9-8-8-8-10	8-8-8-3-9-8-6-8-8-9-8-8	7-8-7-8-8-8-8-9-8-8-8-7	8-6-8-8-3-6-8-9-8-9-8-9	8-6-6-9-6-7-8-8-8-8-9-10	10-8-8-8-6-8-8-9-8-7-0-7	10-8-7-6-6-7-8-7-7-9-5-10	8-7-8-6-7-8-7-8-6-7-10-8	7-8-7-7-7-9-8-6-9-7-3-9	8-7-9-7-7-8-8-7-6-8-8-3	9-9-10-10-8-10-8-7-10-10-9-8	8-10-6-6-8-9-9-9-7-3-7-7
978	8	8-10-7-9-7-7-7-7-7-7-7-7	7-7-7-9-9-7-9-9-7-7-9-7	9-9-9-7-9-7-9-7-9-7-7-9	7-6-7-7-9-9-7-7-7-7-9-6	7-6-10-9-6-8-9-7-7-7-7-9	7-10-9-8-6-7-9-8-7-7-0-9	9-7-7-6-7-8-7-10-7-8-9-8	7-9-9-9-9-6-10-9-9-8-9-7	6-6-7-8-9-7-7-9-7-9-9-4	7-1-7-7-9-9-7-7-6-7-7-9	1-7-7-2-7-6-7-1-6-9-7-9	7-8-8-6-1-7-8-1-9-9-9-9
978	9	7-7-7-8-7-7-7-7-7-7-7-8	7-7-7-8-8-7-8-8-8-7-8-8	8-8-8-7-8-9-8-7-8-8-9-8	8-9-9-7-8-8-7-7-7-7-8-7	7-6-8-7-9-8-8-9-9-9-7-8	7-7-8-7-9-8-8-7-9-9-4-8	8-7-5-9-10-9-8-8-9-7-8-8	9-8-8-8-8-10-5-8-9-7-8-6	9-9-10-9-8-7-9-8-7-7-8-7	9-8-7-6-8-8-9-10-10-6-9-8	7-7-8-8-10-6-7-9-7-9-7-9	7-8-7-6-9-7-7-7-8-8-8-8
978	10	10-8-8-8-10-7-7-10-7-7-7-7	7-7-10-8-10-7-8-8-7-10-8-8	10-9-10-7-10-7-9-7-9-10-7-10	8-10-7-10-10-10-9-10-7-10-8-7	7-6-8-10-10-10-9-10-10-10-8-8	7-8-10-7-10-7-10-10-10-10-10-10	7-10-10-9-9-10-4-8-10-10-7-7	10-8-8-9-10-9-8-8-3-7-7-7	9-7-10-10-8-10-10-7-7-7-8-8	9-10-10-7-10-7-10-9-9-10-7-10	10-7-7-7-6-7-7-7-7-7-10-10	9-9-7-7-9-10-10-6-10-10-9-10
979	0	0-0-0-0-0-0-0-0-0-0-0-0	0-0-0-0-0-0-0-0-0-0-0-0	0-0-0-0-0-0-0-0-0-0-0-0	0-0-0-0-0-0-0-0-0-0-0-0	0-0-0-0-0-0-0-0-0-0-0-0	0-0-0-0-0-0-0-0-0-0-0-0	0-0-0-0-0-0-0-0-0-0-0-0	0-0-0-0-0-0-0-0-0-0-0-0	0-0-0-0-0-0-0-0-0-0-0-0	0-0-0-0-0-0-0-0-0-0-0-0	0-0-0-0-0-0-0-0-0-0-0-0	0-0-0-0-0-0-0-0-0-0-0-0
979	1	1-1-1-1-1-1-1-1-1-1-1-1	0-0-0-1-0-0-0-0-0-1-0-0	0-3-0-3-2-0-2-0-0-3-1-1	2-0-0-2-2-2-0-4-2-0-1-0	1-0-0-2-0-1-2-2-1-1-0-2	2-3-2-0-0-3-2-2-1-1-0-3	6-1-3-0-2-1-1-2-1-0-3-2	1-3-1-2-3-0-1-7-0-0-0-0	0-0-2-2-3-2-0-3-0-1-1-1	1-3-1-0-2-3-2-1-2-0-0-1	1-1-1-3-7-1-0-1-3-1-1-0	0-2-1-1-3-1-1-0-1-1-1-3
979	2	2-3-2-2-2-2-2-2-2-2-2-3	0-3-3-1-0-3-0-3-3-3-0-2	3-1-2-2-1-4-3-4-0-1-3-1	1-0-4-1-1-1-4-3-3-4-1-0	1-0-0-1-1-1-3-1-2-2-1-1	1-2-3-0-3-1-3-1-2-2-2-4	4-1-2-2-1-2-3-1-2-4-0-3	2-1-1-1-2-3-6-0-2-2-2-0	2-0-1-1-2-1-2-1-4-2-1-1	3-1-2-3-1-1-1-2-1-3-2-1	1-1-0-6-2-1-0-2-0-1-1-2	0-1-1-7-5-5-1-0-1-2-1-1
979	3	3-2-3-3-3-3-3-3-3-3-3-2	3-2-2-3-5-2-5-4-4-3-4-4	6-4-4-1-3-3-2-2-4-5-2-3	4-4-4-1-1-1-4-2-2-2-2-3	1-5-3-3-4-2-4-1-4-3-6-7	2-1-2-3-6-5-2-1-2-1-2-1	7-1-1-2-5-3-4-4-4-2-1-2	5-1-5-1-1-5-1-3-3-3-3-4	5-4-4-1-1-6-4-1-2-3-1-5	4-1-3-2-4-1-2-1-4-4-4-1	4-0-3-1-4-4-4-5-4-1-1-3	5-1-3-2-4-1-1-6-5-4-1-1
979	4	5-4-5-6-4-3-4-6-4-5-3-5	3-2-2-4-5-5-6-3-3-5-5-3	3-5-6-1-5-5-5-5-5-5-2-4	5-3-3-4-5-6-3-6-4-2-4-3	6-3-5-4-3-4-5-5-3-4-6-4	5-5-5-5-3-1-5-4-4-4-0-5	2-1-2-4-5-4-3-5-4-2-6-5	4-4-2-5-5-3-2-6-3-4-6-3	2-3-5-5-6-3-3-5-2-4-4-1	3-6-4-2-3-6-4-5-5-3-3-1	3-4-3-2-3-3-3-3-3-4-4-5	3-5-4-4-6-2-5-3-3-3-4-5
979	5	4-5-4-4-5-5-4-5-4-4-4-4	3-6-5-4-5-4-4-6-4-5-4-4	3-4-4-5-4-4-6-4-6-4-6-4	4-3-3-4-4-4-6-4-6-5-6-3	4-3-6-4-3-6-6-4-5-5-4-4	4-4-4-4-3-3-4-4-5-5-6-5	2-1-6-4-4-6-6-4-5-5-4-4	3-6-3-4-4-3-5-5-4-5-3-3	3-3-4-4-5-3-6-4-4-3-6-3	3-4-4-4-6-6-6-4-4-6-3-1	3-4-3-7-3-3-3-3-3-4-4-4	6-4-4-4-2-2-4-3-3-3-4-4
979	6	4-5-4-4-5-7-6-4-7-6-7-7	6-5-5-4-6-7-4-5-7-6-7-7	3-6-4-7-4-6-5-7-7-6-5-4	4-6-6-4-4-4-5-4-5-6-5-3	4-3-5-3-3-5-5-4-5-6-3-6	7-5-5-4-3-7-5-5-6-5-5-7	7-1-5-4-7-6-5-5-6-5-4-4	6-5-1-5-4-6-2-4-7-3-4-3	6-3-4-6-4-3-5-4-2-4-5-3	7-4-6-5-5-5-5-2-7-5-6-1	5-6-3-2-7-6-3-4-4-6-6-6	5-1-6-4-4-2-6-3-4-3-6-1
979	7	7-5-4-5-7-7-4-7-6-4-6-6	6-5-7-4-7-7-4-7-6-7-6-6	7-7-7-7-7-7-6-6-6-7-7-7	6-7-7-7-7-7-6-7-6-7-7-3	4-3-7-7-7-7-6-7-7-7-1-3	6-7-7-6-7-6-7-7-7-7-2-7	6-7-7-7-6-5-6-7-7-7-6-7	7-5-7-6-7-6-6-1-6-6-7-5	6-5-7-7-1-7-7-4-7-7-5-1	6-3-7-7-7-1-7-7-6-7-2-7	3-7-3-5-1-6-3-3-3-6-7-7	7-2-6-2-1-7-7-3-3-7-6-7
980	0	0-0-0-0-0-0-0-0-0-0-0-0	0-0-0-0-0-0-0-0-0-0-0-0	0-0-0-0-0-0-0-0-0-0-0-0	0-0-0-0-0-0-0-0-0-0-0-0	0-0-0-0-0-0-0-0-0-0-0-0	0-0-0-0-0-0-0-0-0-0-0-0	0-0-0-0-0-0-0-0-0-0-0-0	0-0-0-0-0-0-0-0-0-0-0-0	0-0-0-0-0-0-0-0-0-0-0-0	0-0-0-0-0-0-0-0-0-0-0-0	0-0-0-0-0-0-0-0-0-0-0-0	0-0-0-0-0-0-0-0-0-0-0-0
980	1	1-0-1-1-1-0-1-0-1-1-1-1	0-0-0-3-0-0-0-0-0-0-0-2	2-3-0-3-2-2-2-0-0-3-2-2	2-0-0-2-3-2-0-1-2-3-1-0	1-0-1-2-0-1-2-2-1-0-0-0	1-0-2-0-0-3-2-1-1-0-3-0	3-1-1-0-2-1-2-2-0-1-1-2	0-1-3-2-1-0-0-6-1-0-0-0	1-0-2-3-3-0-0-2-0-1-3-1	0-3-0-2-2-3-0-0-2-0-0-3	0-1-0-0-0-1-0-0-0-0-1-1	0-2-1-0-0-1-3-0-3-0-1-1
980	2	2-2-2-2-2-2-2-2-2-2-2-3	0-4-3-1-0-3-0-3-3-2-0-1	1-1-4-1-1-1-3-3-0-1-3-3	1-2-3-1-1-1-4-1-4-4-3-0	2-0-0-3-1-3-3-1-3-4-0-0	1-4-4-4-2-1-3-1-3-2-4-2	5-1-2-0-1-1-4-1-2-4-4-1	2-3-1-1-2-0-4-5-2-0-0-0	0-0-1-1-2-3-2-1-4-2-1-3	0-1-6-1-1-1-0-4-1-3-0-1	3-1-6-4-0-0-0-3-3-0-1-2	0-1-1-3-3-0-1-0-0-0-4-1
980	3	4-2-6-4-2-3-4-4-3-3-3-2	3-2-2-1-4-2-4-4-4-4-5-4	5-4-5-1-3-1-2-4-4-1-2-2	4-3-4-5-1-1-0-3-2-2-2-4	1-5-3-4-4-2-4-3-2-2-4-3	1-0-2-3-4-1-2-1-2-2-1-3	4-1-2-4-4-1-5-4-3-1-3-1	2-2-1-2-2-4-2-2-1-3-4-5	4-6-4-1-1-2-4-1-6-3-1-4	4-4-2-0-2-1-0-2-4-4-4-1	4-1-3-2-6-4-5-4-4-0-1-4	3-1-3-4-4-4-1-4-6-5-2-1
980	4	3-3-4-6-4-4-4-3-4-4-5-5	4-2-2-4-3-5-3-5-3-5-6-3	4-5-2-4-5-6-5-5-3-5-5-5	5-3-3-3-5-5-2-4-5-2-5-3	6-3-5-5-3-4-5-5-3-2-3-5	5-2-5-4-3-1-5-5-2-2-2-4	3-5-2-3-6-4-2-5-0-2-5-5	0-5-6-5-5-3-2-0-4-3-3-3	3-0-3-5-6-4-3-5-2-2-5-3	3-5-0-0-5-1-0-2-3-3-3-5	3-4-3-2-6-3-3-3-3-5-5-5	0-5-4-3-3-3-5-3-5-4-5-5
980	5	6-6-4-6-4-6-6-6-6-5-4-6	6-2-2-4-5-5-3-4-3-5-6-6	3-4-3-4-4-4-4-4-3-4-6-4	4-3-5-3-4-4-6-4-4-4-4-6	4-3-4-4-5-4-6-4-5-5-3-4	4-5-4-6-3-3-4-4-2-2-2-6	6-4-2-5-5-5-2-6-5-5-4-4	5-5-4-4-4-3-5-2-4-3-4-3	5-5-4-4-4-5-3-4-6-5-4-3	4-4-2-6-4-1-0-6-6-5-3-4	4-5-3-5-0-3-3-2-3-4-4-5	0-4-6-5-5-3-4-3-4-3-4-4
980	6	6-5-4-4-6-5-5-6-5-4-6-5	5-6-6-4-6-6-4-6-5-6-4-5	6-6-6-4-6-6-6-5-6-6-5-6	5-6-6-6-6-6-5-6-6-6-6-5	4-3-6-6-5-6-5-6-6-6-1-6	6-6-6-5-6-6-6-6-6-6-6-5	5-6-6-6-4-6-6-6-6-4-4-5	6-6-4-5-1-4-4-1-4-3-5-6	3-3-6-4-4-6-6-3-5-2-4-2	4-3-2-6-6-1-6-5-5-6-3-6	0-6-2-5-3-5-3-3-3-0-6-6	6-5-5-3-3-6-6-3-3-6-4-1
981	0	0-0-0-0-0-0-0-0-0-0-0-0	0-0-0-0-0-0-0-0-0-0-0-0	0-0-0-0-0-0-0-0-0-0-0-0	0-0-0-0-0-0-0-0-0-0-0-0	0-0-0-0-0-0-0-0-0-0-0-0	0-0-0-0-0-0-0-0-0-0-0-0	0-0-0-0-0-0-0-0-0-0-0-0	0-0-0-0-0-0-0-0-0-0-0-0	0-0-0-0-0-0-0-0-0-0-0-0	0-0-0-0-0-0-0-0-0-0-0-0	0-0-0-0-0-0-0-0-0-0-0-0	0-0-0-0-0-0-0-0-0-0-0-0
981	1	1-1-1-1-1-1-1-1-1-1-1-1	2-2-1-0-2-2-2-2-1-1-2-2	1-2-2-3-2-2-3-2-2-2-3-2	2-1-2-3-1-2-2-3-2-2-2-1	6-2-1-3-2-1-2-1-2-2-4-1	2-2-2-2-2-2-2-2-2-1-7-2	1-1-1-1-2-1-0-2-1-2-0-1	1-1-2-1-1-2-1-2-1-1-0-3	1-0-1-1-2-3-1-0-2-1-1-2	1-1-1-2-1-1-2-1-0-3-3-1	1-1-3-2-1-3-1-3-11-1-2-2	3-1-1-1-3-1-2-2-3-1-1-1
981	2	1-1-2-2-1-1-1-1-1-1-1-1	1-1-1-2-1-1-1-1-1-1-3-1	0-4-1-4-3-1-1-1-1-5-1-3	3-0-1-1-3-3-1-2-1-1-6-1	1-1-3-5-1-3-3-3-1-1-1-3	3-3-3-1-1-1-3-1-1-1-7-4	6-3-1-2-3-2-1-3-1-1-3-3	1-2-1-3-3-1-1-4-2-1-4-0	2-0-3-3-6-1-1-3-1-2-2-1	4-3-1-1-3-2-3-1-3-1-1-4	1-2-1-1-1-1-0-0-1-3-1-1	1-2-3-1-1-1-3-1-2-2-2-1
981	3	1-3-1-3-5-3-1-1-1-1-1-1	1-5-4-2-1-1-1-4-1-1-2-1	4-2-1-1-2-4-4-6-1-2-4-2	2-4-3-1-2-2-1-1-4-6-4-1	2-1-2-1-1-4-4-2-3-1-1-2	2-2-4-0-3-1-4-2-1-3-8-3	2-2-3-5-2-1-6-2-0-9-2-2	3-2-2-2-2-1-3-2-2-8-4-1	5-0-2-2-3-1-5-2-1-3-4-3	2-2-7-4-2-2-2-4-2-1-1-2	8-2-1-3-1-1-0-1-6-2-1-3	1-2-2-4-1-1-2-1-8-2-3-1
981	4	4-3-5-4-3-4-1-1-4-4-1-4	1-3-3-2-1-1-2-3-1-1-5-6	2-2-5-2-5-5-3-2-3-5-3-6	5-5-5-6-2-2-1-1-6-5-3-1	1-1-2-6-2-3-5-4-5-1-1-6	2-4-3-6-4-2-5-2-1-4-1-2	4-6-1-4-2-1-3-5-4-1-2-2	3-2-4-3-2-1-5-2-2-6-5-0	3-0-4-2-4-4-11-2-10-10-3-4	2-3-1-5-5-2-5-6-3-1-1-2	1-2-6-6-6-1-0-6-6-4-5-4	1-5-2-3-1-4-2-1-9-2-5-1
981	5	5-3-4-4-3-3-5-7-6-5-5-7	5-3-3-2-6-1-5-6-7-1-4-4	6-5-6-2-4-6-6-6-6-2-4-5	6-6-6-4-2-2-6-5-4-4-2-6	1-6-3-4-1-3-6-6-4-6-1-4	1-4-4-6-6-4-4-2-1-3-3-6	9-4-3-3-6-5-3-4-4-1-2-7	5-1-1-2-2-8-4-3-2-11-4-1	2-0-6-2-3-4-5-2-4-3-3-6	2-3-3-4-4-3-4-5-0-3-1-2	5-2-5-4-4-5-1-5-4-5-4-3	5-4-3-5-1-4-1-5-4-2-4-1
981	6	6-5-6-4-3-4-6-4-6-6-6-7	6-3-3-2-6-1-6-5-6-6-7-4	5-5-8-7-4-5-5-5-7-2-4-4	5-5-5-4-2-7-5-9-4-8-2-5	1-5-11-4-8-3-5-5-6-6-1-4	1-7-3-5-6-7-4-2-1-3-3-6	8-8-3-11-5-6-3-4-6-1-2-4	6-3-1-7-2-6-4-2-6-4-5-0	8-0-5-7-2-4-8-4-1-7-7-5	11-2-6-5-4-2-5-4-7-7-1-2	9-2-4-4-4-1-6-10-4-6-7-6	5-4-6-6-1-4-6-1-4-4-3-1
981	7	9-7-8-9-8-8-9-9-8-8-8-11	9-8-8-5-9-9-8-8-8-8-9-8	7-8-9-9-8-10-8-8-8-8-9-8	8-7-8-8-7-8-8-10-8-10-7-5	10-8-10-10-9-7-8-7-8-8-10-11	11-6-11-8-10-8-7-8-8-7-9-7	11-9-7-7-8-6-8-8-7-10-11-11	8-11-8-6-7-6-4-8-6-9-11-11	1-10-7-6-10-8-8-8-10-7-7-10	9-1-3-10-8-7-8-8-6-9-11-10	11-11-9-8-11-11-10-11-9-11-10-10	5-4-10-11-8-10-10-10-10-9-3-11
981	8	7-7-7-10-7-7-7-7-7-7-7-7	7-7-7-9-7-7-7-7-7-7-7-7	5-9-6-7-10-9-9-7-7-9-6-7	9-10-7-7-9-7-7-6-7-6-8-5	9-7-7-7-7-8-9-9-7-7-7-9	9-9-9-10-7-9-9-9-7-7-3-10	6-6-7-7-9-8-7-9-8-7-8-9	7-9-7-9-9-5-11-10-8-7-10-7	6-0-9-9-10-7-7-9-7-9-9-5	9-8-7-7-9-10-9-7-9-7-7-7	7-7-7-7-11-5-7-7-10-8-7-9	5-9-6-9-7-7-8-7-4-2-3-7
981	9	7-10-7-8-7-7-7-7-7-7-7-7	7-10-7-8-7-7-7-10-7-7-7-7	8-8-7-7-8-8-10-7-7-8-10-8	8-8-7-7-8-8-7-6-10-7-10-5	8-7-10-9-7-10-10-8-10-7-7-8	8-8-8-8-9-8-8-8-9-9-10-9	6-6-7-5-8-11-10-8-7-9-8-8	7-8-7-8-8-6-10-8-8-7-8-7	0-7-8-8-9-7-10-8-7-8-8-4	8-8-11-7-8-8-8-7-8-7-10-7	10-8-7-7-7-7-7-7-7-8-7-8	5-8-6-8-7-7-8-7-10-7-10-7
981	10	7-9-7-8-7-7-7-7-7-7-8-11	7-9-7-8-7-7-11-9-8-7-7-7	11-10-6-7-8-10-9-9-11-8-9-7	8-10-10-7-8-8-9-7-9-7-9-8	7-5-7-7-10-9-9-8-9-7-7-8	8-7-8-8-7-11-9-8-10-10-9-8	6-6-7-7-9-10-9-9-10-7-8-8	7-8-7-8-8-10-9-8-6-7-8-10	10-10-8-10-8-7-7-10-7-8-8-7	10-10-10-7-4-8-9-7-11-6-9-7	9-7-7-4-7-11-7-6-8-8-7-10	5-8-7-5-10-7-7-7-9-7-9-7
981	11	11-8-8-8-9-7-7-11-7-7-7-10	7-9-11-8-11-7-10-11-11-11-10-10	11-10-11-7-11-7-10-10-10-11-7-11	10-11-7-11-11-11-10-11-10-11-11-10	8-7-11-11-11-11-10-11-11-11-7-7	7-11-11-7-11-10-11-11-11-11-11-11	7-11-11-6-10-9-7-11-11-11-7-8	11-7-7-10-11-10-8-2-2-6-7-7	10-11-11-10-2-11-11-10-7-7-9-4	6-11-11-11-11-8-11-7-10-11-7-11	7-7-7-11-7-7-7-7-7-7-11-11	5-10-10-7-7-11-11-7-11-11-10-7
982	0	0-0-0-0-0-0-0-0-0-0-0-0	0-0-0-0-0-0-0-0-0-0-0-0	0-0-0-0-0-0-0-0-0-0-0-0	0-0-0-0-0-0-0-0-0-0-0-0	0-0-0-0-0-0-0-0-0-0-0-0	0-0-0-0-0-0-0-0-0-0-0-0	0-0-0-0-0-0-0-0-0-0-0-0	0-0-0-0-0-0-0-0-0-0-0-0	0-0-0-0-0-0-0-0-0-0-0-0	0-0-0-0-0-0-0-0-0-0-0-0	0-0-0-0-0-0-0-0-0-0-0-0	0-0-0-0-0-0-0-0-0-0-0-0
982	1	1-1-2-1-1-1-1-1-1-1-1-1	1-1-2-1-3-1-2-1-2-2-2-2	1-2-2-2-2-2-1-1-2-2-0-1	2-3-0-2-1-2-2-2-0-0-2-3	1-4-3-0-2-0-2-1-0-1-0-3	1-2-0-2-0-2-0-0-0-0-0-2	2-0-1-1-1-1-0-0-0-1-1-2	1-3-3-0-1-2-0-0-1-2-3-0	2-2-2-3-3-1-2-2-0-1-1-0	3-4-5-2-0-3-5-1-4-2-3-1	1-2-3-0-3-1-2-4-3-1-0-2	1-2-1-2-3-3-1-3-0-0-1-0
982	2	1-1-1-1-1-1-1-1-1-1-1-1	3-1-1-1-1-1-1-3-3-1-3-1	0-4-1-1-3-1-3-1-1-3-2-3	3-1-5-4-3-3-1-4-2-0-3-1	3-1-1-3-1-3-3-3-0-2-4-1	3-1-3-1-2-1-3-2-2-5-0-1	3-4-0-1-3-1-2-3-0-2-1-3	1-4-4-3-2-1-0-8-4-1-1-0	1-1-3-4-4-2-1-4-2-2-4-1	2-3-0-3-3-4-0-1-3-1-1-4	3-4-1-0-8-2-1-2-1-2-2-1	0-4-1-1-1-2-3-1-2-2-2-4
982	3	1-3-1-3-3-1-3-3-1-1-3-1	2-5-4-2-1-1-1-4-2-4-2-2	4-2-1-1-2-1-4-4-5-4-4-4	2-1-4-2-2-2-4-1-4-5-4-1	2-1-1-2-4-2-4-2-4-2-2-1	2-1-4-1-3-1-4-2-4-3-5-3	2-2-3-5-2-3-4-4-0-5-5-4	3-1-1-2-2-4-5-4-2-3-1-3	1-1-2-2-1-0-1-2-3-3-2-3	1-2-3-7-2-7-8-5-2-2-1-2	2-2-1-6-1-2-3-1-1-2-1-1	7-2-1-1-1-1-2-1-5-5-5-5
982	4	5-3-1-4-3-4-4-4-4-6-4-6	4-3-3-6-7-1-5-3-3-3-5-5	4-2-5-1-4-1-3-5-5-3-3-4	5-5-7-5-2-5-3-2-3-3-3-6	2-7-1-4-4-3-5-4-4-4-2-5	2-1-3-4-5-8-3-3-3-3-0-3	6-2-3-4-5-1-3-5-0-3-6-3	6-2-6-2-2-3-3-3-2-4-4-5	5-5-5-2-2-4-6-5-0-4-2-4	5-8-1-3-5-2-3-0-5-5-6-2	6-2-6-3-6-6-5-6-6-2-5-1	6-4-6-1-5-6-2-6-6-5-3-2
982	5	4-5-5-6-3-4-5-5-4-4-8-5	6-3-3-6-5-3-6-7-6-6-4-4	7-6-4-8-7-6-6-4-7-7-6-7	6-4-6-7-7-6-4-7-5-3-7-4	7-4-8-5-5-5-6-6-5-5-7-7	6-6-7-6-3-4-6-6-4-2-3-6	2-2-3-3-6-5-3-4-0-3-7-6	5-6-2-6-6-1-8-7-5-3-7-4	8-4-4-6-7-5-4-4-3-6-5-3	4-7-1-1-6-8-6-3-4-4-4-6	4-6-4-0-4-4-4-4-4-7-6-5	3-8-4-5-4-4-1-4-3-3-3-3
982	6	5-6-5-5-7-6-8-6-6-4-6-5	5-7-6-5-6-6-5-7-5-5-4-5	5-5-4-5-5-5-7-6-5-5-7-5	5-4-6-5-5-5-7-5-7-8-5-4	5-4-5-5-5-7-7-5-6-5-5-5	5-5-5-5-6-4-5-5-6-6-0-5	4-2-7-6-5-6-7-5-6-6-4-5	4-5-4-5-5-4-7-5-1-6-4-4	4-4-4-5-4-4-4-4-6-5-5-3	4-6-6-3-5-4-5-6-5-4-4-5	4-5-4-3-4-4-4-4-4-5-5-6	4-5-4-6-4-4-6-4-4-7-7-6
982	7	8-8-5-5-6-8-8-8-8-4-5-8	5-6-6-5-6-8-5-6-8-8-8-8	5-5-5-5-5-7-6-6-5-5-6-5	5-4-7-5-5-5-8-5-6-6-5-4	5-4-5-5-7-6-6-5-7-5-5-5	8-6-5-5-7-4-7-5-7-6-3-5	8-2-6-6-6-7-6-8-7-5-5-6	7-7-2-5-5-8-6-5-8-4-5-4	7-7-7-7-5-8-7-8-6-5-5-7	7-5-7-3-7-3-7-3-8-4-7-7	4-7-6-0-3-8-4-4-4-5-7-7	3-5-7-5-5-4-3-4-3-6-6-3
982	8	8-7-8-6-8-7-7-8-7-4-5-8	7-8-8-5-8-8-5-5-8-8-7-8	8-8-8-5-8-8-7-8-7-8-8-8	7-8-8-8-8-8-7-8-7-8-8-4	2-4-8-8-8-6-7-8-8-5-2-5	7-8-8-8-8-4-8-8-8-8-8-8	7-8-8-6-7-6-8-7-8-8-5-8	8-7-2-7-8-7-5-2-7-4-7-7	7-8-7-7-5-7-8-7-8-8-5-7	7-4-8-8-8-5-8-7-7-8-8-8	4-7-6-6-3-7-4-4-4-7-8-7	8-5-1-3-4-8-8-4-8-8-7-8
983	0	0-0-0-0-0-0-0-0-0-0-0-0	0-0-0-0-0-0-0-0-0-0-0-0	0-0-0-0-0-0-0-0-0-0-0-0	0-0-0-0-0-0-0-0-0-0-0-0	0-0-0-0-0-0-0-0-0-0-0-0	0-0-0-0-0-0-0-0-0-0-0-0	0-0-0-0-0-0-0-0-0-0-0-0	0-0-0-0-0-0-0-0-0-0-0-0	0-0-0-0-0-0-0-0-0-0-0-0	0-0-0-0-0-0-0-0-0-0-0-0	0-0-0-0-0-0-0-0-0-0-0-0	0-0-0-0-0-0-0-0-0-0-0-0
983	1	1-1-1-1-1-1-1-1-1-1-1-1	2-1-0-1-0-1-0-2-0-1-2-2	0-2-0-0-2-0-2-0-0-2-1-2	2-0-0-3-3-3-0-3-1-0-1-0	5-0-3-0-3-1-2-2-0-1-0-2	3-4-2-0-0-3-2-4-1-1-0-1	0-1-1-0-2-1-0-2-0-1-0-2	1-5-1-2-5-0-1-8-1-0-0-0	0-0-2-4-4-0-0-2-2-1-1-1	0-3-0-0-2-1-2-1-2-0-0-5	0-1-0-1-0-0-0-0-0-1-1-0	0-2-1-0-0-1-5-0-4-2-1-1
983	2	2-2-2-2-2-2-2-2-2-2-2-2	1-3-2-1-3-3-0-3-3-2-1-3	2-1-0-1-1-1-3-4-3-1-3-1	1-2-3-1-1-1-0-1-1-2-3-2	2-0-2-1-1-1-3-1-2-2-0-1	1-0-4-2-2-1-3-1-2-2-2-2	3-1-2-2-1-2-7-1-2-2-0-1	2-2-1-3-2-0-6-3-2-3-6-4	4-5-1-1-2-1-3-1-1-2-3-2	0-1-2-8-3-1-1-2-3-2-4-1	0-2-0-2-7-0-0-0-4-1-1-3	2-1-1-3-0-3-3-3-0-4-2-2
983	3	3-2-3-3-3-3-3-3-3-3-3-2	1-4-2-1-2-2-0-2-4-3-1-4	4-3-3-2-1-5-4-4-4-5-4-3	1-4-4-1-1-1-5-1-4-5-4-0	1-0-1-4-1-4-4-3-4-0-1-1	1-0-2-0-4-1-4-1-4-3-2-2	2-1-4-2-1-3-4-4-3-2-4-4	3-4-2-2-3-0-7-2-2-3-0-4	4-0-4-1-3-4-2-1-8-6-2-3	4-1-8-4-2-1-4-2-2-3-4-1	1-5-3-2-0-8-0-4-4-3-1-2	3-4-0-4-4-2-2-2-1-8-3-0
983	4	5-3-5-5-3-4-5-5-4-4-5-5	4-3-3-5-5-5-5-5-5-5-5-5	5-5-6-5-4-5-5-3-5-5-3-5	5-5-5-5-5-5-3-4-3-6-3-5	1-7-8-7-6-3-5-5-3-4-5-5	5-5-2-5-5-7-3-1-3-2-3-5	5-1-3-4-5-6-3-3-3-1-3-3	3-3-1-5-1-5-3-5-5-6-5-8	6-7-3-1-1-3-4-1-3-4-1-3	5-5-6-3-5-1-3-2-5-5-5-1	4-6-4-4-4-8-5-4-3-4-1-5	4-5-5-5-5-4-1-4-1-5-5-1
983	5	4-7-4-4-5-5-4-4-5-5-4-4	4-7-6-4-4-4-4-4-4-4-4-4	4-4-4-4-1-7-6-4-4-7-6-4	4-4-4-4-4-4-6-4-6-7-6-4	1-4-4-4-4-5-6-4-5-6-4-4	4-4-2-4-4-1-6-5-5-5-2-4	4-1-6-4-4-5-6-4-5-2-6-3	3-1-1-4-1-4-6-4-4-3-4-4	5-2-4-4-3-3-4-1-5-5-1-3	4-4-5-4-4-1-1-5-4-4-4-1	4-3-5-2-4-3-4-3-5-1-1-6	4-4-4-4-4-5-1-4-1-4-4-6
983	6	7-5-8-7-7-5-6-6-6-8-7-7	6-5-5-6-4-7-4-7-7-4-8-4	4-4-4-4-7-6-7-4-5-5-5-7	7-4-4-7-7-7-5-7-5-4-7-7	7-4-7-7-4-7-7-7-5-5-7-7	6-4-7-6-4-1-5-7-3-6-3-6	5-1-5-4-4-4-5-8-6-5-7-6	2-7-1-7-7-4-8-7-4-4-7-8	4-4-7-6-7-8-4-3-3-3-7-3	8-7-4-3-7-6-7-2-4-4-7-8	6-4-7-2-4-7-4-7-4-6-2-5	4-6-6-4-7-7-6-4-7-6-7-5
983	7	6-5-6-6-7-8-8-6-8-6-6-8	7-5-5-6-4-6-4-6-8-7-6-8	8-4-4-4-6-7-6-8-8-7-7-6	6-7-7-6-6-6-8-6-6-4-6-6	6-4-6-4-7-6-6-6-7-7-6-6	8-7-6-8-7-8-6-6-7-5-2-7	8-1-3-7-8-7-5-6-7-2-6-6	7-6-1-6-6-7-8-6-4-4-6-7	7-7-6-7-6-6-7-7-3-3-6-3	8-6-7-0-6-1-6-7-8-4-7-1	6-7-6-2-6-7-7-7-7-7-7-7	4-6-7-7-6-7-6-4-6-0-6-1
983	8	8-7-6-6-8-8-7-8-7-6-6-7	7-8-8-6-8-8-7-8-8-8-6-7	8-8-8-7-8-8-7-7-7-8-5-8	8-8-8-8-8-8-7-8-7-8-8-7	6-4-4-8-8-8-7-8-8-8-1-8	7-8-7-7-8-7-8-8-8-8-2-8	7-8-8-8-7-8-8-8-8-8-7-6	8-8-8-7-8-7-6-1-7-4-5-6	7-8-8-7-1-6-8-7-3-2-7-1	7-6-8-8-8-1-6-7-7-8-6-8	6-8-5-8-7-4-7-3-8-7-8-8	7-7-4-2-3-8-8-4-8-8-6-8
984	0	0-0-0-0-0-0-0-0-0-0-0-0	0-0-0-0-0-0-0-0-0-0-0-0	0-0-0-0-0-0-0-0-0-0-0-0	0-0-0-0-0-0-0-0-0-0-0-0	0-0-0-0-0-0-0-0-0-0-0-0	0-0-0-0-0-0-0-0-0-0-0-0	0-0-0-0-0-0-0-0-0-0-0-0	0-0-0-0-0-0-0-0-0-0-0-0	0-0-0-0-0-0-0-0-0-0-0-0	0-0-0-0-0-0-0-0-0-0-0-0	0-0-0-0-0-0-0-0-0-0-0-0	0-0-0-0-0-0-0-0-0-0-0-0
984	1	1-1-1-1-1-1-1-1-1-0-1-1	2-0-1-1-0-1-0-2-0-1-0-0	0-2-0-2-2-0-2-0-0-2-1-2	2-0-0-3-2-2-0-4-2-0-1-0	3-0-4-0-2-2-2-2-0-1-0-2	2-2-2-0-1-2-2-3-1-1-0-2	3-1-3-1-2-1-1-2-1-1-2-2	1-1-3-2-3-0-1-0-1-1-0-0	0-0-2-3-3-2-0-3-0-1-1-1	0-2-1-2-2-1-2-3-2-1-0-3	3-1-0-0-0-1-0-0-0-2-2-1	0-2-1-1-0-3-1-0-3-2-1-3
984	2	2-2-2-2-2-2-2-2-2-2-2-2	1-3-2-1-0-3-0-1-3-1-1-1	2-1-0-1-1-1-3-4-0-1-3-1	1-0-2-1-1-1-0-2-1-3-2-0	2-0-0-1-1-1-3-1-3-1-1-1	1-1-4-0-5-1-3-1-2-2-5-4	4-1-2-3-1-2-3-1-2-5-1-1	2-1-1-1-1-3-3-0-2-2-0-0	3-0-1-1-2-1-2-1-5-2-1-7	0-1-0-3-1-2-1-2-1-3-0-1	3-1-2-2-0-7-0-3-3-1-1-3	1-1-1-7-0-2-1-0-1-2-1-1
984	3	3-3-5-3-3-3-3-3-3-3-5-5	4-2-2-3-0-4-5-6-4-3-4-4	4-4-4-5-3-4-2-4-4-3-2-3	4-5-4-1-1-4-4-3-2-2-3-6	1-5-3-3-4-2-4-3-4-7-3-3	2-1-2-3-4-1-2-1-2-2-2-4	1-1-1-4-4-0-2-0-3-3-1-1	2-1-1-1-1-5-2-3-4-3-4-5	5-4-4-1-1-4-4-1-6-3-1-1	5-4-3-2-4-1-4-2-4-4-4-1	5-1-3-3-5-5-4-5-4-1-3-3	5-1-5-2-4-4-1-4-5-5-1-1
984	4	3-2-4-7-2-3-4-4-4-3-4-3	3-2-2-5-6-3-3-5-3-3-3-5	3-3-3-5-6-3-5-3-3-6-2-5	5-5-3-6-5-5-3-6-4-2-5-3	5-3-6-4-3-5-5-5-3-4-5-6	5-5-2-3-3-5-5-5-2-2-2-3	2-1-2-3-3-4-2-5-4-6-5-5	2-5-7-5-5-4-7-6-3-3-3-3	3-3-3-5-4-3-3-6-3-4-4-4	3-5-4-5-5-6-5-4-5-3-3-6	3-4-3-3-3-4-3-3-3-5-4-5	3-5-4-4-3-3-5-3-6-3-1-4
984	5	3-6-3-4-5-5-4-5-5-3-3-3	3-7-5-4-4-5-3-6-3-5-3-4	6-3-4-4-4-3-6-6-6-4-6-6	4-4-4-4-4-4-6-4-6-4-4-3	4-3-6-5-3-6-6-4-6-5-4-4	4-4-6-3-5-4-6-4-5-5-6-5	4-1-6-3-4-7-6-4-5-2-4-4	6-4-3-4-4-3-6-5-3-2-4-3	3-3-4-4-5-3-3-4-2-7-4-4	3-4-7-6-4-1-6-4-4-3-3-4	3-4-7-3-3-3-3-3-3-4-4-5	3-4-3-5-3-3-4-3-3-3-6-5
984	6	3-5-4-4-5-7-7-4-7-6-6-7	6-5-5-4-4-7-3-5-7-6-7-7	5-6-7-7-4-7-5-5-7-4-5-5	4-6-6-4-4-4-5-4-5-6-5-3	4-3-5-6-6-5-5-4-5-6-4-4	4-5-5-3-6-7-5-4-6-5-5-5	7-1-5-2-7-6-5-0-6-4-4-5	5-4-3-7-4-6-5-6-4-3-7-6	4-3-3-6-4-5-3-4-3-5-5-5	3-4-6-5-4-4-5-2-7-3-3-4	3-4-6-2-5-7-3-3-3-7-6-6	5-4-6-5-3-6-6-3-4-3-5-4
984	7	7-5-3-4-7-7-6-7-6-6-6-6	6-5-7-4-7-7-6-7-6-7-6-6	7-7-7-6-7-7-6-6-6-7-2-7	6-7-7-7-7-7-6-7-6-7-7-3	4-3-7-7-7-7-6-7-5-7-4-4	6-7-7-6-7-7-7-7-7-7-2-7	6-7-7-7-6-7-7-7-7-7-4-7	7-7-4-6-7-6-4-4-4-3-6-5	6-7-7-4-4-7-7-4-7-5-4-2	4-3-7-7-7-1-7-7-6-7-3-7	3-7-5-3-1-6-3-3-3-6-7-7	7-6-6-2-3-7-7-3-7-7-2-7
985	0	0-0-0-0-0-0-0-0-0-0-0-0	0-0-0-0-0-0-0-0-0-0-0-0	0-0-0-0-0-0-0-0-0-0-0-0	0-0-0-0-0-0-0-0-0-0-0-0	0-0-0-0-0-0-0-0-0-0-0-0	0-0-0-0-0-0-0-0-0-0-0-0	0-0-0-0-0-0-0-0-0-0-0-0	0-0-0-0-0-0-0-0-0-0-0-0	0-0-0-0-0-0-0-0-0-0-0-0	0-0-0-0-0-0-0-0-0-0-0-0	0-0-0-0-0-0-0-0-0-0-0-0	0-0-0-0-0-0-0-0-0-0-0-0
985	1	1-1-1-2-1-1-1-2-1-1-1-2	1-2-1-0-2-2-2-2-2-1-2-2	1-2-2-2-2-2-2-2-2-2-3-2	2-1-2-2-1-0-2-2-2-2-2-1	2-1-1-3-1-1-2-1-1-3-4-1	2-2-2-3-1-2-1-2-2-1-1-2	1-2-1-1-2-1-2-2-1-1-1-1	1-1-5-2-1-2-1-1-1-1-2-1	1-1-1-2-2-2-1-2-2-4-1-3	4-1-1-3-1-1-7-1-0-2-7-1	1-9-1-2-9-2-1-1-1-1-2-1	2-2-1-1-4-2-1-4-1-2-2-1
985	2	1-1-1-1-1-1-1-1-1-1-1-1	3-1-1-5-1-1-3-1-1-1-1-1	1-3-1-1-3-1-1-1-1-1-1-1	3-0-1-3-3-3-1-1-3-1-4-1	4-1-1-0-1-3-3-3-1-1-1-4	1-1-3-2-2-6-3-1-1-1-0-4	1-4-1-0-3-2-1-3-1-2-4-4	1-4-4-3-3-1-2-4-2-1-4-0	1-0-3-3-5-3-1-3-1-2-3-2	1-1-1-1-3-5-4-1-3-1-0-4	1-1-1-1-1-1-0-0-1-3-4-1	1-3-2-1-0-1-6-1-1-4-1-4
985	3	1-4-1-3-3-1-3-3-1-1-1-1	2-5-3-2-1-1-2-4-1-1-2-4	1-2-1-1-2-1-4-1-4-2-4-2	2-2-3-2-2-2-4-1-4-4-4-0	1-0-5-3-3-4-4-2-3-1-1-2	1-1-4-1-3-1-2-2-3-3-4-3	4-2-3-0-2-3-6-2-1-3-4-2	1-2-0-4-2-1-4-2-2-3-5-1	1-0-4-2-1-2-7-2-4-2-2-4	1-2-3-4-2-2-4-4-2-3-4-2	1-1-4-6-1-1-3-0-0-2-2-1	1-2-2-4-1-1-2-1-5-2-3-1
985	4	1-3-1-4-3-4-1-1-4-1-1-4	2-3-3-2-1-1-1-3-1-1-5-5	1-5-5-2-5-5-3-5-3-5-3-5	5-6-5-6-2-2-1-2-3-7-3-0	2-0-2-5-5-3-5-2-5-1-1-2	5-4-3-2-4-2-5-3-4-4-3-3	3-2-3-0-2-3-4-5-4-3-3-6	1-2-2-3-2-1-3-2-4-5-2-0	1-0-3-2-4-4-5-5-9-8-2-5	1-4-1-5-6-2-3-3-5-5-3-2	1-6-5-4-4-5-3-0-0-4-5-4	1-6-9-3-1-6-2-1-6-2-3-2
985	5	6-5-6-6-3-4-1-1-5-1-5-4	6-3-3-2-1-6-6-6-1-1-6-4	2-6-6-2-4-4-6-4-6-4-4-4	6-5-4-4-6-6-2-1-6-4-5-6	6-1-3-4-6-6-6-6-4-5-6-6	6-6-8-6-4-4-6-6-1-3-1-6	6-5-3-6-6-6-4-4-1-3-6-6	1-2-1-6-5-1-1-6-6-5-6-0	1-8-6-6-2-4-6-4-3-6-6-4	6-6-5-4-4-6-6-5-6-6-3-2	8-6-4-4-5-4-6-1-5-6-4-5	6-4-5-6-6-8-2-5-4-6-3-1
985	6	5-6-5-6-7-6-6-6-6-1-5-5	5-7-7-2-6-5-5-4-7-6-5-7	9-7-5-4-5-7-5-7-5-7-7-4	5-4-4-4-5-5-7-2-7-4-7-1	5-0-5-4-5-7-5-5-7-6-5-5	5-5-2-5-4-2-5-5-6-6-6-5	5-2-6-7-5-6-7-4-6-7-5-7	1-2-2-5-2-1-6-5-5-8-5-1	1-5-5-5-6-2-5-4-3-5-5-6	5-5-8-7-4-5-5-6-5-5-0-2	7-5-7-3-7-9-5-0-0-5-2-7	5-4-4-5-5-4-2-0-4-5-6-2
985	7	8-7-9-7-8-8-8-8-9-9-8-8	8-6-6-8-8-8-8-8-8-8-8-8	7-8-8-8-8-9-8-6-8-8-8-8	8-6-8-8-8-8-8-8-6-4-8-7	8-9-8-8-5-8-8-8-6-6-8-8	7-8-8-9-7-9-8-8-6-7-3-8	8-1-6-6-8-7-6-8-6-6-8-8	6-8-8-8-8-8-9-9-8-5-7-6	9-0-6-8-8-7-9-8-4-7-8-8	9-8-8-6-8-7-8-6-9-8-8-8	6-5-6-4-8-8-7-6-1-8-8-9	9-4-5-8-8-1-6-6-7-6-9-1
985	8	7-7-7-7-7-9-7-7-7-7-7-7	7-6-7-7-7-7-7-7-7-7-7-7	7-7-7-7-7-7-7-7-7-7-7-7	7-8-8-7-7-7-9-7-7-6-7-7	7-0-7-7-8-7-7-7-8-8-7-7	7-7-7-9-8-9-7-7-8-8-1-7	9-9-6-8-7-8-6-7-8-6-7-7	8-7-7-7-7-7-7-7-7-6-7-8	7-8-6-7-7-7-6-7-4-4-7-7	7-8-8-8-7-7-7-7-9-7-7-7	5-8-8-4-7-7-8-8-5-8-7-8	6-4-7-5-5-5-1-5-7-5-7-2
985	9	9-7-7-7-9-8-7-9-7-7-7-8	7-6-9-7-9-9-7-7-7-9-7-7	9-9-7-7-9-9-9-8-7-9-8-9	7-9-7-9-9-9-8-9-8-9-9-8	7-7-9-9-9-9-8-9-9-9-7-7	9-7-9-8-9-8-9-9-9-9-9-8	8-9-9-6-7-9-9-7-9-9-8-7	9-9-9-7-9-7-7-7-7-5-7-9	7-8-9-9-7-9-9-7-4-9-7-7	7-9-9-9-7-9-7-7-7-9-7-9	1-1-7-7-1-7-8-1-1-9-9-9	9-8-4-1-7-9-9-9-9-9-7-1
986	0	0-0-0-0-0-0-0-0-0-0-0-0	0-0-0-0-0-0-0-0-0-0-0-0	0-0-0-0-0-0-0-0-0-0-0-0	0-0-0-0-0-0-0-0-0-0-0-0	0-0-0-0-0-0-0-0-0-0-0-0	0-0-0-0-0-0-0-0-0-0-0-0	0-0-0-0-0-0-0-0-0-0-0-0	0-0-0-0-0-0-0-0-0-0-0-0	0-0-0-0-0-0-0-0-0-0-0-0	0-0-0-0-0-0-0-0-0-0-0-0	0-0-0-0-0-0-0-0-0-0-0-0	0-0-0-0-0-0-0-0-0-0-0-0
986	1	1-1-1-1-1-1-1-1-1-1-1-1	0-0-0-1-0-1-0-2-0-1-0-0	0-0-0-5-2-2-2-0-0-2-0-2	2-0-0-2-2-2-0-1-1-0-1-0	1-0-4-4-2-1-2-2-1-0-0-2	2-0-2-0-1-2-2-1-1-1-0-2	2-1-1-0-2-1-1-2-1-1-2-2	1-4-1-2-2-1-1-8-1-0-0-0	1-0-0-2-8-8-0-2-0-1-1-0	0-2-0-6-2-1-2-1-2-0-0-7	3-1-0-0-0-1-0-0-0-2-2-0	0-1-1-0-0-1-2-0-1-1-1-1
986	2	2-2-2-2-2-2-2-2-2-2-2-1	0-3-2-1-0-2-0-3-2-2-1-3	3-1-1-1-1-1-1-3-2-3-3-3	1-3-2-1-1-1-2-1-4-2-3-0	2-0-3-0-3-1-1-1-2-2-3-1	1-0-4-0-2-1-3-2-2-2-5-2	3-1-2-0-1-2-2-1-2-2-3-1	2-8-5-1-1-3-1-3-1-2-0-3	2-0-2-1-2-6-3-3-3-2-3-2	0-3-2-2-1-4-1-2-1-3-0-1	5-1-0-3-7-3-0-3-0-1-1-0	2-1-1-3-3-1-1-3-1-3-1-5
986	3	4-3-4-3-4-3-4-2-4-3-3-4	4-2-2-1-4-4-4-3-4-4-4-4	3-4-4-3-3-5-4-3-4-2-4-3	4-3-4-3-3-4-3-3-2-3-2-3	3-3-7-3-4-2-4-4-2-3-4-3	3-4-5-4-5-6-2-4-2-3-2-4	2-3-3-6-4-3-4-4-3-3-2-4	2-3-4-4-3-4-4-4-3-3-4-4	4-4-3-4-3-3-4-2-4-3-8-5	6-2-3-3-6-1-2-3-4-4-2-2	4-2-4-3-6-2-3-2-6-4-3-3	6-2-3-6-6-4-2-7-4-4-6-6
986	4	3-5-3-3-3-3-3-2-3-3-3-3	3-5-5-1-3-3-3-3-3-3-3-3	3-3-3-3-1-3-5-7-5-3-5-3	3-3-3-3-1-3-3-1-5-5-4-3	1-3-1-1-3-4-5-3-2-6-3-3	8-3-2-3-2-1-5-7-5-2-2-3	5-6-5-3-3-4-3-3-4-2-0-5	3-1-3-3-1-3-3-3-1-4-3-3	3-3-5-3-3-4-3-5-5-4-1-3	3-4-4-5-5-2-3-3-3-3-5-1	5-5-3-6-3-2-0-4-0-1-3-6	3-8-3-4-3-5-5-3-3-3-3-3
986	5	6-4-5-6-4-4-5-3-3-3-3-3	5-4-4-6-3-3-6-7-3-3-3-3	0-6-3-1-7-7-4-6-4-6-4-6	6-6-6-7-7-7-6-7-4-4-6-8	7-3-8-3-3-7-6-6-5-3-7-7	6-6-6-3-3-3-6-7-4-2-2-7	6-4-4-3-4-5-4-4-4-4-7-6	2-6-2-6-7-3-8-7-7-4-7-3	4-0-4-6-7-3-2-4-4-6-7-3	0-7-3-4-4-6-6-2-6-3-7-1	2-4-0-2-2-1-0-5-7-7-3-3	3-6-1-7-3-4-4-3-1-4-1-2
986	6	5-8-5-8-3-6-3-6-3-3-3-3	5-7-7-5-3-3-5-7-3-3-3-5	0-5-3-5-5-5-7-5-3-5-7-5	5-5-5-5-5-5-5-5-7-7-7-5	5-3-5-7-3-7-7-5-7-4-5-3	5-3-5-7-6-3-7-5-6-6-2-6	5-4-4-3-5-8-7-7-6-7-5-5	2-5-3-7-5-3-3-3-5-6-3-3	3-0-7-5-6-4-3-4-7-5-5-3	3-5-6-1-7-5-7-3-5-3-8-1	7-4-7-4-3-2-6-0-3-5-4-6	3-5-1-7-3-4-5-3-3-3-7-3
986	7	8-8-3-7-3-8-8-8-8-7-7-8	5-6-6-5-7-6-8-5-3-3-3-8	8-5-5-5-5-5-6-7-8-6-6-5	5-5-7-5-5-5-8-5-6-6-6-8	5-3-3-5-3-6-8-7-6-7-5-5	8-3-6-8-7-3-6-4-7-7-2-5	8-4-4-3-7-7-6-6-7-6-5-4	7-5-6-6-5-3-4-5-5-4-5-0	7-7-6-5-5-5-2-6-8-4-5-3	3-5-7-8-6-1-6-2-8-3-7-1	6-7-6-7-2-8-7-5-5-5-7-7	6-5-8-5-7-4-4-3-1-4-6-6
986	8	8-6-8-6-8-7-7-8-7-7-5-7	7-6-8-5-8-8-7-8-3-8-7-7	8-8-8-8-8-8-8-7-8-8-7-8	7-8-8-8-8-8-7-8-7-8-8-7	5-3-8-8-3-8-7-8-8-8-1-8	7-8-8-7-8-8-7-8-8-8-8-7	7-8-8-8-8-8-8-7-8-6-7-8	8-8-8-7-8-8-5-5-5-6-7-3	5-8-8-7-1-8-8-7-7-3-3-8	3-8-6-8-8-1-8-2-7-8-6-8	6-8-6-7-2-7-7-8-8-8-8-8	8-7-7-4-3-8-8-3-8-8-6-8
987	0	0-0-0-0-0-0-0-0-0-0-0-0	0-0-0-0-0-0-0-0-0-0-0-0	0-0-0-0-0-0-0-0-0-0-0-0	0-0-0-0-0-0-0-0-0-0-0-0	0-0-0-0-0-0-0-0-0-0-0-0	0-0-0-0-0-0-0-0-0-0-0-0	0-0-0-0-0-0-0-0-0-0-0-0	0-0-0-0-0-0-0-0-0-0-0-0	0-0-0-0-0-0-0-0-0-0-0-0	0-0-0-0-0-0-0-0-0-0-0-0	0-0-0-0-0-0-0-0-0-0-0-0	0-0-0-0-0-0-0-0-0-0-0-0
987	1	1-1-1-1-1-1-1-1-1-1-1-1	2-0-0-1-1-1-2-2-0-1-2-2	0-2-0-4-2-2-2-2-0-3-0-2	2-0-0-2-3-2-0-3-1-0-1-0	1-0-1-0-2-1-2-2-1-0-0-2	2-3-2-0-0-3-2-3-0-3-3-3	1-3-3-0-2-1-1-2-1-1-1-2	1-1-1-1-1-1-2-6-1-0-0-0	1-0-2-2-3-2-0-2-0-1-1-1	2-1-0-2-2-1-2-1-2-0-0-3	1-1-0-3-0-2-1-1-0-1-2-0	0-1-1-0-0-1-2-0-1-1-1-1
987	2	2-2-1-2-2-2-2-2-2-2-2-2	1-3-3-1-1-3-1-3-3-2-1-3	3-1-1-1-1-4-3-3-0-1-3-1	1-2-3-1-1-1-4-1-4-3-3-1	1-2-1-1-2-3-3-1-3-2-4-1	1-2-3-0-0-1-3-1-2-2-4-2	4-1-2-2-1-2-3-1-2-2-1-3	2-0-1-1-2-3-4-0-2-2-2-1	2-0-1-1-2-1-2-1-3-2-1-1	1-1-2-4-1-1-1-2-1-3-0-1	3-1-6-2-6-1-1-3-0-1-1-2	5-1-1-3-0-1-1-0-1-2-4-4
987	3	3-2-3-6-3-3-3-3-3-4-3-6	3-2-2-3-1-2-4-2-2-4-2-4	2-3-4-1-3-1-2-4-4-1-2-3	4-3-4-4-1-4-4-1-2-2-2-6	1-4-4-3-4-2-4-3-2-3-3-3	2-1-2-3-5-1-2-1-2-1-1-4	2-1-1-3-4-3-2-4-1-0-3-2	2-1-4-2-2-2-3-2-1-5-4-4	4-5-4-1-1-4-3-4-5-3-1-3	4-4-3-2-4-1-0-2-4-2-4-1	4-1-3-3-3-4-4-4-4-1-4-3	2-1-4-2-4-3-3-5-1-4-1-1
987	4	4-4-6-5-2-4-4-5-3-3-6-3	4-2-2-4-5-5-3-5-5-3-6-3	4-5-3-6-5-2-5-3-3-3-5-5	5-3-3-5-5-5-2-5-5-2-5-3	5-3-3-3-3-5-5-5-2-6-2-5	4-4-5-5-3-1-5-5-2-4-2-5	2-4-2-5-6-4-2-6-2-2-5-5	4-5-3-5-5-4-6-5-4-3-5-3	3-3-3-5-5-3-3-5-3-3-5-3	3-5-4-6-5-5-5-2-3-3-3-1	3-4-3-5-3-3-3-3-5-4-3-4	0-5-3-5-3-3-4-3-4-3-5-2
987	5	4-6-4-4-5-6-6-4-6-5-6-6	5-3-2-4-5-6-3-4-4-5-4-5	3-4-4-4-4-2-4-6-6-5-4-4	4-5-5-4-4-4-6-1-4-5-4-3	4-3-3-3-5-4-4-4-5-5-3-4	6-2-4-6-3-6-4-4-5-5-2-5	2-1-2-4-4-5-2-4-5-2-4-4	5-4-3-4-4-4-2-4-4-3-4-3	5-3-5-4-4-1-3-4-3-1-4-1	6-4-5-4-4-4-4-6-6-3-4-1	2-5-4-6-2-6-3-3-4-5-5-5	6-6-3-4-4-5-5-3-1-3-4-2
987	6	6-5-4-3-6-6-5-6-5-3-4-5	5-6-6-4-6-6-4-6-4-6-4-3	6-6-6-4-6-4-5-5-5-6-6-6	6-6-6-6-6-6-5-6-5-6-6-3	1-3-6-6-6-6-5-6-6-6-4-4	5-6-6-5-6-6-6-6-6-6-6-6	5-6-6-6-4-6-6-4-6-6-3-4	6-6-6-4-6-4-4-1-5-3-3-6	3-3-6-5-1-6-3-5-6-6-4-1	5-3-6-4-6-5-4-5-6-6-4-6	3-1-2-6-2-5-3-3-3-5-6-5	5-5-3-4-4-6-6-3-3-6-1-6
988	0	0-0-0-0-0-0-0-0-0-0-0-0	0-0-0-0-0-0-0-0-0-0-0-0	0-0-0-0-0-0-0-0-0-0-0-0	0-0-0-0-0-0-0-0-0-0-0-0	0-0-0-0-0-0-0-0-0-0-0-0	0-0-0-0-0-0-0-0-0-0-0-0	0-0-0-0-0-0-0-0-0-0-0-0	0-0-0-0-0-0-0-0-0-0-0-0	0-0-0-0-0-0-0-0-0-0-0-0	0-0-0-0-0-0-0-0-0-0-0-0	0-0-0-0-0-0-0-0-0-0-0-0	0-0-0-0-0-0-0-0-0-0-0-0
988	1	1-1-1-1-2-1-1-2-1-1-2-1	2-2-1-0-2-2-2-2-2-1-2-2	1-2-1-1-2-3-2-2-2-2-1-2	2-0-2-3-1-2-2-1-2-2-2-1	2-3-1-3-2-1-2-1-2-1-2-1	2-2-2-2-2-2-2-2-2-1-0-2	2-1-1-1-2-3-0-2-2-0-0-3	1-3-4-0-1-2-1-1-1-1-0-1	1-4-1-1-2-0-5-2-2-0-1-0	1-1-1-0-0-1-2-1-2-1-2-0	1-2-2-2-2-1-1-4-4-1-2-1	2-1-1-1-3-1-1-2-4-1-1-1
988	2	1-1-1-1-1-1-1-1-1-1-1-1	1-1-1-3-1-1-1-1-1-1-3-1	0-3-0-1-1-1-3-1-1-1-1-1	3-0-1-3-3-3-1-3-1-1-3-1	1-1-3-1-1-3-3-3-1-1-1-2	1-1-3-1-1-3-3-1-1-1-0-3	3-1-1-0-3-1-1-3-1-2-6-1	1-2-2-3-3-1-1-7-2-1-1-0	2-0-3-3-1-2-1-3-1-2-3-2	1-3-1-1-3-2-3-1-3-1-1-3	6-1-1-1-1-2-0-0-0-3-1-1	1-2-2-4-1-1-3-1-4-1-2-1
988	3	3-3-1-1-5-1-1-1-1-1-1-1	2-4-3-2-1-1-2-1-1-1-2-4	4-2-1-1-4-1-2-4-1-4-1-4	2-4-3-1-2-2-1-2-3-5-4-1	2-1-2-1-4-2-2-2-3-4-4-2	2-2-2-1-3-2-4-2-3-3-5-2	2-1-1-0-2-1-3-2-3-3-2-1	3-2-1-2-2-1-5-1-2-3-4-4	3-0-5-2-3-0-4-2-1-3-2-5	0-2-3-3-2-5-2-3-2-4-1-2	6-5-7-4-4-4-0-6-0-2-2-0	1-2-2-2-1-6-2-4-5-7-5-1
988	4	4-4-4-4-6-5-6-4-5-5-5-4	5-3-3-4-5-5-5-4-5-5-5-5	4-5-6-4-4-5-5-4-5-5-7-4	5-4-5-4-4-4-4-4-3-4-3-4	4-4-6-4-5-3-5-4-3-4-6-4	4-5-5-5-3-3-3-5-6-4-3-5	3-1-4-5-4-4-5-5-4-4-3-5	3-4-1-3-4-6-6-6-4-4-5-5	5-4-4-4-5-4-3-3-1-7-3-5	4-5-4-3-3-5-3-4-5-5-1-3	5-1-5-3-3-3-4-1-1-5-3-4	7-3-4-6-4-5-3-6-5-4-4-4
988	5	7-4-7-6-3-4-4-4-4-4-5-4	4-3-3-6-4-4-6-7-4-4-4-6	6-6-4-6-6-6-6-6-4-6-6-6	4-6-4-6-6-6-4-6-6-3-6-2	6-4-6-6-4-5-6-6-5-5-4-4	6-4-6-4-3-7-6-4-1-3-3-4	6-6-4-4-5-5-3-6-1-7-6-5	4-6-6-6-6-1-3-6-7-5-4-4	4-0-6-6-6-4-4-6-1-4-6-3	7-4-4-3-6-3-4-3-4-4-4-5	4-5-4-4-7-1-0-0-0-6-6-5	1-6-2-4-4-4-6-4-4-6-3-3
988	6	4-7-5-5-4-7-7-7-4-4-4-7	4-4-4-5-6-4-5-5-4-4-4-5	7-5-4-5-5-5-5-5-4-5-6-5	7-6-6-5-5-5-7-5-5-3-5-7	5-4-4-5-6-5-7-5-6-5-4-4	5-5-5-7-6-2-5-3-6-6-3-6	7-5-1-4-6-6-6-5-6-4-5-4	6-5-5-5-5-4-4-5-5-6-4-0	6-6-5-5-5-5-3-5-1-4-5-4	4-5-6-6-5-2-3-3-7-4-7-5	2-6-0-6-3-7-6-3-0-5-5-5	4-7-5-4-6-1-5-4-4-5-3-5
988	7	7-6-5-4-7-6-6-7-6-4-4-6	4-7-7-5-7-4-5-5-4-7-5-6	7-7-7-4-7-7-7-6-7-7-6-7	6-7-7-7-7-7-6-7-5-7-7-6	5-4-7-7-7-7-6-7-7-7-1-7	5-7-7-6-7-7-7-7-7-7-7-6	6-7-7-7-5-7-7-5-7-5-0-5	7-7-5-6-7-7-5-5-5-7-5-4	6-7-7-5-5-7-7-5-7-4-5-7	5-0-7-7-7-7-7-3-6-7-6-7	5-5-3-3-5-6-6-7-1-7-7-7	4-6-6-7-4-7-7-4-7-7-3-7
989	0	0-0-0-0-0-0-0-0-0-0-0-0	0-0-0-0-0-0-0-0-0-0-0-0	0-0-0-0-0-0-0-0-0-0-0-0	0-0-0-0-0-0-0-0-0-0-0-0	0-0-0-0-0-0-0-0-0-0-0-0	0-0-0-0-0-0-0-0-0-0-0-0	0-0-0-0-0-0-0-0-0-0-0-0	0-0-0-0-0-0-0-0-0-0-0-0	0-0-0-0-0-0-0-0-0-0-0-0	0-0-0-0-0-0-0-0-0-0-0-0	0-0-0-0-0-0-0-0-0-0-0-0	0-0-0-0-0-0-0-0-0-0-0-0
989	1	1-1-1-1-1-1-1-1-1-1-1-1	1-1-0-2-0-1-0-0-0-1-2-0	0-1-0-0-2-2-2-0-0-2-0-1	2-0-0-2-3-2-0-1-1-0-1-0	1-0-1-0-2-1-2-2-1-1-0-2	2-3-2-0-0-2-2-3-1-1-0-3	3-1-1-0-2-0-1-2-1-1-2-2	3-1-1-2-6-0-1-6-1-1-0-0	0-0-2-3-3-6-0-3-2-1-1-1	0-2-1-0-2-3-2-3-2-0-0-5	0-1-0-0-0-1-0-0-0-1-1-1	0-1-1-1-0-1-2-0-1-1-1-3
989	2	2-3-2-2-2-2-2-2-2-2-2-2	1-3-2-1-2-3-0-3-3-1-1-3	3-1-3-2-1-1-3-3-3-3-3-3	1-2-2-1-1-1-3-1-3-4-1-2	1-0-4-2-1-1-3-1-3-2-2-1	1-5-4-0-2-1-3-2-2-2-5-2	4-1-2-2-1-2-4-1-2-2-1-1	2-3-1-3-2-3-4-3-2-2-0-3	2-2-1-1-2-2-5-1-4-2-2-5	0-1-2-5-1-1-3-2-1-3-0-1	5-2-2-6-3-0-0-2-3-3-1-2	0-1-1-3-0-2-1-0-1-3-4-1
989	3	2-2-2-4-3-2-4-2-4-3-4-2	4-2-2-3-4-2-4-4-2-3-4-4	6-4-4-1-3-2-2-4-2-2-2-4	4-3-4-4-1-1-2-1-2-2-1-4	1-5-2-5-4-1-4-4-2-2-4-0	3-1-2-3-4-6-2-1-2-2-2-1	6-1-2-4-4-0-2-2-2-2-4-1	4-2-4-2-2-4-3-2-4-5-3-4	4-5-4-1-1-4-4-4-5-3-2-3	4-4-2-2-4-1-2-1-4-2-4-1	4-1-4-3-4-4-4-4-4-4-3-3	4-1-3-2-4-4-1-4-4-4-1-1
989	4	4-2-3-4-2-2-4-5-4-4-4-4	3-2-2-5-5-5-3-5-5-3-3-3	3-3-5-5-5-5-5-3-5-5-5-5	5-3-3-3-5-5-2-5-5-2-5-3	5-3-2-4-3-4-5-5-3-4-3-5	4-6-5-4-3-3-5-5-2-2-2-5	4-1-2-3-3-4-2-6-4-5-5-5	3-5-3-4-4-3-2-5-3-3-5-3	3-3-3-4-5-3-3-5-2-2-5-3	3-3-4-0-3-1-2-1-3-3-3-1	3-5-3-0-3-3-3-3-3-3-4-4	3-4-4-5-3-3-4-3-3-3-2-1
989	5	4-6-3-4-5-6-5-4-6-5-4-6	5-2-2-4-4-5-3-4-6-5-3-4	3-4-4-4-4-5-4-6-6-4-4-4	4-5-5-4-4-4-5-4-4-5-4-3	4-3-2-3-5-4-4-4-5-5-3-4	6-2-4-6-3-6-5-4-5-5-2-4	6-1-2-5-6-5-2-4-5-4-4-4	5-4-3-4-4-5-2-4-6-3-4-3	5-3-5-5-4-3-5-5-3-3-4-2	5-4-5-2-4-1-1-5-6-3-5-1	2-5-4-2-6-6-3-2-4-5-5-5	6-6-5-5-5-5-1-3-1-3-4-1
989	6	6-5-6-4-6-6-5-6-5-4-5-5	5-6-6-4-6-6-3-6-5-6-3-4	3-6-6-3-6-4-5-5-6-6-6-6	6-6-6-6-6-6-5-6-5-6-6-3	4-3-6-6-6-6-5-6-6-6-1-4	5-6-6-5-6-5-6-6-6-6-6-6	5-6-6-6-5-6-6-6-6-6-5-6	6-5-6-5-6-5-5-4-5-3-4-3	5-3-5-5-1-6-6-5-6-2-4-1	4-3-6-6-6-1-6-5-5-6-5-6	3-6-6-2-5-5-3-3-3-5-6-6	6-5-6-6-5-6-6-3-6-6-5-6
990	0	0-0-0-0-0-0-0-0-0-0-0-0	0-0-0-0-0-0-0-0-0-0-0-0	0-0-0-0-0-0-0-0-0-0-0-0	0-0-0-0-0-0-0-0-0-0-0-0	0-0-0-0-0-0-0-0-0-0-0-0	0-0-0-0-0-0-0-0-0-0-0-0	0-0-0-0-0-0-0-0-0-0-0-0	0-0-0-0-0-0-0-0-0-0-0-0	0-0-0-0-0-0-0-0-0-0-0-0	0-0-0-0-0-0-0-0-0-0-0-0	0-0-0-0-0-0-0-0-0-0-0-0	0-0-0-0-0-0-0-0-0-0-0-0
990	1	1-1-1-1-1-1-1-1-1-1-1-1	1-2-1-0-0-1-0-1-1-1-0-0	1-0-0-1-2-0-2-0-0-2-2-2	2-2-2-0-2-0-0-1-2-2-2-1	1-0-0-0-1-2-0-0-2-1-1-0	0-0-0-0-0-0-2-0-2-1-1-2	0-3-1-0-0-1-0-0-1-1-2-2	1-1-0-0-1-0-3-1-0-1-0-0	1-0-0-0-0-0-0-2-3-1-1-11	0-0-0-0-2-1-0-1-0-0-0-0	2-1-1-0-1-0-0-1-2-0-0-1	1-0-0-0-0-1-0-0-0-1-0-3
990	2	2-2-3-2-2-1-2-2-3-2-2-3	3-1-1-3-0-1-5-2-3-3-3-3	2-3-3-3-3-4-3-2-3-4-3-3	4-1-3-3-3-4-3-3-1-1-3-4	4-0-3-3-5-1-3-3-2-0-4-3	4-3-3-2-2-3-3-3-1-2-0-4	4-4-1-4-3-0-3-3-2-5-5-3	1-4-3-3-3-0-1-3-3-3-3-2	0-0-3-3-11-2-0-3-1-4-3-2	6-3-2-1-3-7-3-3-3-3-6-4	1-3-11-2-1-7-1-0-1-3-3-2	3-3-4-2-6-3-3-4-5-5-5-2
990	3	2-3-2-3-2-2-2-3-2-2-2-2	2-4-3-2-2-4-2-4-2-2-2-4	2-2-2-2-2-2-4-4-2-5-4-2	2-4-2-2-2-2-2-2-4-4-4-2	2-0-2-2-2-4-4-2-3-0-2-2	2-2-2-2-3-2-4-2-3-3-4-2	2-2-1-0-2-5-4-2-3-3-2-2	3-2-4-4-2-0-1-2-2-3-2-0	3-0-2-2-3-2-4-2-4-3-2-2	2-3-3-5-2-2-4-5-4-3-4-2	6-2-3-3-4-5-0-5-0-2-2-4	2-2-2-3-2-4-4-0-9-5-2-9
990	4	2-4-2-4-5-4-2-4-2-2-2-2	2-5-5-2-6-3-2-5-5-2-2-3	2-4-2-2-2-2-5-6-2-2-5-5	2-5-7-2-2-2-5-2-3-3-5-2	2-0-2-2-2-3-5-4-3-0-2-2	2-2-3-2-4-2-5-2-4-4-6-2	2-2-4-2-7-4-5-5-4-3-0-2	4-2-5-3-2-0-6-2-2-5-5-5	3-0-5-2-6-5-3-2-5-2-3-4	0-3-4-5-5-4-3-4-3-3-3-2	1-3-1-4-3-3-7-5-5-3-3-3	4-2-2-5-6-5-3-8-4-4-2-4
990	5	2-4-2-6-4-4-2-8-5-2-6-8	6-4-4-6-4-4-2-4-2-6-7-6	3-6-7-6-6-6-4-3-7-7-4-4	6-4-4-7-2-6-6-2-6-7-4-6	2-6-2-6-2-3-6-6-5-7-7-7	2-6-7-5-4-7-6-2-4-4-4-6	4-6-4-4-2-3-4-6-5-2-2-6	4-6-4-6-4-0-4-7-7-4-4-4	4-0-4-6-7-6-3-6-4-10-2-6	6-6-5-6-2-4-6-3-6-6-4-2	2-6-0-3-6-3-0-3-4-6-6-5	6-6-5-5-6-7-6-9-6-2-2-6
990	6	5-6-5-6-7-6-6-7-5-2-5-5	5-7-7-5-4-4-2-7-5-5-5-5	8-5-5-5-5-5-7-7-7-7-7-7	5-6-5-5-5-5-7-2-5-5-4-5	2-5-2-5-5-7-5-5-7-5-5-5	5-5-5-6-4-5-7-5-6-6-4-6	2-2-6-2-4-6-6-5-6-3-2-5	4-5-4-5-2-0-7-5-2-4-7-6	3-5-4-5-4-5-4-5-4-6-2-5	5-5-4-7-7-3-5-4-5-5-2-2	3-5-9-7-7-2-0-7-7-5-5-6	5-5-5-5-5-6-5-4-5-7-9-6
990	7	7-6-6-7-6-6-7-8-5-7-5-8	5-6-6-5-2-7-8-9-8-5-5-5	9-8-8-2-5-8-6-6-6-5-6-6	5-9-8-5-5-8-6-5-5-5-5-10	2-10-2-5-9-6-6-5-6-5-5-5	9-5-5-10-3-5-6-2-4-4-0-6	8-7-6-10-4-7-4-5-4-6-11-10	7-5-10-8-7-9-6-5-7-7-7-11	7-0-7-8-5-2-9-7-4-7-2-9	7-8-7-6-6-2-6-3-8-8-7-2	9-7-6-6-6-11-10-7-10-5-7-7	7-5-7-9-7-5-7-7-6-7-7-2
990	8	9-11-10-10-8-10-10-10-9-9-9-11	9-9-8-9-9-10-9-9-9-9-10-9	8-7-9-9-9-9-7-9-9-9-9-9	9-8-9-9-8-8-9-10-9-5-8-7	9-9-8-5-7-8-9-9-9-8-10-8	9-10-9-9-9-11-9-8-10-8-8-9	8-9-8-7-9-8-9-9-8-10-8-9	9-8-9-7-8-7-8-9-5-8-7-11	8-8-11-7-9-9-7-7-9-8-11-9	8-8-8-8-9-8-8-10-7-9-7-9	8-11-7-8-11-8-7-8-8-9-9-10	10-8-9-7-9-8-9-10-8-8-10-11
990	9	8-8-8-11-8-8-8-8-8-8-8-11	8-8-8-10-8-8-8-10-8-8-8-8	7-10-10-11-10-8-10-8-8-8-8-10	10-7-8-10-10-10-8-10-10-5-10-7	10-8-11-10-7-10-10-8-8-8-5-10	8-10-10-8-8-8-10-10-8-8-3-8	10-8-8-7-8-9-8-10-8-9-10-8	8-9-8-10-10-7-11-11-10-7-10-8	8-0-7-10-8-8-7-10-8-8-10-7	10-10-8-8-10-8-10-3-7-8-10-10	10-8-6-6-8-9-7-7-10-10-8-8	8-10-8-7-10-8-10-8-3-9-6-10
990	10	8-8-8-9-8-11-8-8-8-8-8-11	8-8-8-9-8-8-11-9-8-8-8-8	7-9-9-8-9-8-9-8-8-9-10-9	9-10-10-9-9-9-11-9-9-8-9-7	9-7-7-9-10-9-9-10-10-10-8-9	8-9-9-8-10-7-9-9-8-8-4-10	11-8-8-7-10-10-10-9-8-8-9-8	10-9-7-9-9-7-4-9-9-10-9-0	10-10-8-9-9-8-7-9-8-8-9-5	9-9-10-8-9-8-9-8-11-8-9-9	9-10-8-10-10-8-7-7-7-9-8-8	8-9-7-7-9-8-9-8-8-10-8-9
990	11	11-8-9-9-8-10-8-11-8-8-8-9	8-8-11-9-11-8-10-8-11-11-9-10	11-11-11-9-11-8-11-8-8-11-10-11	10-11-8-11-11-11-10-11-8-11-11-7	8-7-11-11-11-11-10-11-11-11-8-11	11-11-11-10-11-8-11-11-11-11-11-9	10-11-11-11-11-11-11-11-11-11-7-8	11-11-9-10-11-8-9-9-9-8-8-8	8-10-8-11-8-11-11-7-4-4-8-5	7-11-11-11-11-2-11-8-10-11-4-11	9-8-8-11-8-7-8-11-8-8-11-11	8-8-10-8-8-11-11-8-11-11-9-8
991	0	0-0-0-0-0-0-0-0-0-0-0-0	0-0-0-0-0-0-0-0-0-0-0-0	0-0-0-0-0-0-0-0-0-0-0-0	0-0-0-0-0-0-0-0-0-0-0-0	0-0-0-0-0-0-0-0-0-0-0-0	0-0-0-0-0-0-0-0-0-0-0-0	0-0-0-0-0-0-0-0-0-0-0-0	0-0-0-0-0-0-0-0-0-0-0-0	0-0-0-0-0-0-0-0-0-0-0-0	0-0-0-0-0-0-0-0-0-0-0-0	0-0-0-0-0-0-0-0-0-0-0-0	0-0-0-0-0-0-0-0-0-0-0-0
991	1	2-1-1-1-1-0-1-1-1-1-1-2	2-0-0-2-0-2-1-0-2-1-2-0	3-2-3-2-0-2-2-2-0-2-2-2	2-2-2-2-2-2-2-2-0-0-2-4	0-0-5-2-2-0-2-2-0-1-1-1	2-2-0-1-3-2-2-0-0-0-2-2	0-0-0-2-2-0-0-2-0-1-2-2	0-0-0-0-0-3-2-0-0-0-2-0	1-3-2-2-1-0-2-2-8-1-1-1	2-2-1-0-2-2-0-0-2-3-4-0	0-2-1-1-2-1-2-2-2-2-2-1	0-2-2-2-2-1-1-1-1-2-1-1
991	2	2-2-2-2-2-2-2-2-2-2-2-2	1-3-2-1-0-3-1-3-1-2-1-2	2-1-1-2-2-1-3-1-3-1-3-2	1-1-1-1-1-1-1-1-3-2-3-2	1-1-2-1-1-2-3-1-3-1-2-1	1-1-0-1-1-1-3-3-3-3-1-1	3-2-0-1-1-0-0-1-2-0-1-1	2-3-3-2-0-1-3-0-0-2-1-0	2-1-1-1-4-0-1-1-2-1-3-3	1-1-8-3-1-1-0-2-1-1-3-0	3-1-3-2-1-1-1-1-1-1-1-1	3-1-1-1-1-2-1-1-1-2-2-1
991	3	3-2-3-3-2-2-3-3-3-3-3-4	4-2-2-4-3-2-4-2-4-4-4-4	1-5-1-5-4-4-4-4-2-3-2-4	4-4-4-5-5-4-4-5-4-3-2-3	4-1-4-5-1-4-4-4-3-1-3-1	3-5-4-2-1-5-4-4-2-2-0-5	4-5-5-3-4-3-4-4-3-3-3-4	2-5-5-4-3-1-4-8-3-2-3-4	3-1-4-4-5-4-3-4-2-4-4-3	3-4-1-4-4-3-0-2-4-1-2-5	2-3-2-6-4-3-1-3-2-4-4-1	2-4-3-2-2-3-4-1-3-2-3-3
991	4	3-4-4-4-4-4-4-4-4-3-4-3	3-5-5-3-3-5-3-3-5-4-3-3	7-3-1-3-3-3-5-7-5-3-5-3	3-3-3-3-3-3-5-3-5-4-4-1	4-1-3-3-3-3-5-3-5-4-3-1	3-4-5-3-5-3-5-3-5-4-0-4	3-5-6-6-3-6-3-3-6-4-3-3	4-5-3-3-3-5-7-5-3-5-4-3	2-1-3-3-4-5-2-3-4-3-5-4	3-3-0-4-3-3-4-2-3-5-1-3	4-3-5-7-7-3-1-4-2-3-3-3	7-3-1-2-2-3-3-1-4-4-4-3
991	5	5-4-5-5-4-5-5-6-5-5-3-4	5-4-4-3-3-4-6-3-6-5-6-6	8-6-6-3-5-3-4-6-4-3-4-5	6-6-6-3-3-3-4-3-4-4-4-5	3-7-1-3-6-4-4-5-4-4-1-5	4-3-4-5-6-3-4-3-4-4-8-3	8-4-3-8-3-5-4-5-4-3-8-3	5-3-3-4-3-6-4-3-3-7-5-5	6-5-4-3-3-5-8-3-3-5-4-5	6-8-1-6-6-3-0-2-6-4-6-3	8-3-4-4-5-6-6-8-6-3-3-5	4-3-5-5-6-5-3-5-8-7-6-3
991	6	7-6-7-7-7-7-7-7-8-8-7-7	7-4-4-7-7-7-7-7-8-7-7-7	6-7-7-8-7-8-7-7-7-7-6-7	7-5-5-7-7-7-7-7-7-4-7-7	7-8-7-7-5-6-7-7-5-6-7-7	6-6-7-8-5-5-7-7-3-6-0-7	7-7-7-4-8-6-7-7-6-7-7-7	6-7-5-7-7-5-4-7-3-8-7-5	5-5-4-6-7-6-5-7-4-7-7-5	8-7-6-8-7-6-7-7-5-7-7-7	5-7-7-8-5-5-5-5-5-7-5-6	4-7-7-7-5-5-6-5-7-5-7-7
991	7	6-6-6-6-6-6-6-6-6-6-6-6	6-4-6-6-6-6-6-6-6-6-6-6	6-6-6-6-6-7-6-6-6-6-6-6	6-7-7-6-6-6-6-6-6-4-6-6	6-5-6-6-7-6-6-6-7-7-6-6	6-6-6-6-5-3-6-6-7-7-0-7	6-6-6-7-7-7-6-6-7-6-6-6	7-6-3-6-6-7-4-6-3-5-6-5	7-5-7-7-6-6-5-6-0-6-6-4	8-6-7-6-6-3-6-7-8-6-6-6	6-7-6-4-6-7-1-6-6-7-7-7	4-8-6-7-7-7-6-5-6-5-6-6
991	8	8-6-6-6-8-8-6-8-6-6-6-7	6-8-8-6-8-6-6-6-6-8-6-6	8-8-6-6-8-6-6-7-7-8-6-8	6-8-8-8-8-6-7-6-8-8-8-5	6-5-8-8-8-8-7-8-8-8-6-6	6-8-6-6-8-8-8-8-8-8-5-8	5-8-8-5-7-8-8-8-8-6-5-6	8-6-6-7-6-7-7-3-3-6-5-6	7-5-8-7-3-8-5-7-8-6-6-6	6-5-8-6-8-3-6-7-7-8-5-8	5-8-2-6-7-7-5-5-5-7-8-7	8-7-5-0-5-8-8-5-5-8-6-6
992	0	0-0-0-0-0-0-0-0-0-0-0-0	0-0-0-0-0-0-0-0-0-0-0-0	0-0-0-0-0-0-0-0-0-0-0-0	0-0-0-0-0-0-0-0-0-0-0-0	0-0-0-0-0-0-0-0-0-0-0-0	0-0-0-0-0-0-0-0-0-0-0-0	0-0-0-0-0-0-0-0-0-0-0-0	0-0-0-0-0-0-0-0-0-0-0-0	0-0-0-0-0-0-0-0-0-0-0-0	0-0-0-0-0-0-0-0-0-0-0-0	0-0-0-0-0-0-0-0-0-0-0-0	0-0-0-0-0-0-0-0-0-0-0-0
992	1	1-1-1-1-1-1-1-1-1-1-1-1	0-0-0-1-0-1-0-2-0-1-2-0	0-2-3-2-2-2-2-0-0-3-2-1	2-0-0-2-2-2-0-1-1-3-1-0	1-0-1-4-0-1-2-2-1-1-0-2	2-0-2-0-1-3-2-1-1-1-1-3	2-1-1-0-2-1-0-2-3-1-2-2	1-3-1-2-3-0-1-7-1-0-0-0	1-0-0-2-3-5-0-3-0-1-2-1	0-3-1-0-2-1-2-1-2-0-0-5	3-1-0-0-0-1-0-1-0-1-1-0	0-1-1-0-0-1-1-0-1-1-1-3
992	2	2-2-2-2-3-2-2-2-2-2-2-2	2-3-3-1-0-3-0-3-3-2-1-3	3-1-4-1-1-1-3-4-4-1-3-3	1-3-3-1-1-1-2-1-3-2-3-0	1-4-0-2-1-1-3-1-2-2-0-1	3-0-4-0-2-1-3-1-2-2-5-2	6-1-2-0-1-2-3-1-2-4-1-3	2-1-0-3-1-3-5-4-1-2-0-3	3-0-1-1-4-4-0-1-5-2-1-2	0-1-2-5-1-4-1-2-1-3-0-1	3-1-7-3-7-0-0-3-3-1-1-2	0-1-1-3-0-6-1-0-1-3-5-2
992	3	3-2-4-2-2-2-3-3-3-3-3-4	3-2-2-4-4-2-4-2-4-4-4-4	4-4-5-1-3-4-4-4-4-1-2-4	4-4-3-4-1-4-4-3-2-2-2-7	1-7-1-3-5-1-4-4-2-4-4-7	2-1-2-3-4-1-2-1-2-2-2-1	4-3-2-3-4-3-4-4-1-2-4-2	1-1-5-2-1-2-4-2-1-3-3-4	5-3-4-1-1-3-5-4-2-3-1-2	4-1-4-4-1-1-2-1-4-2-4-1	5-1-5-5-5-5-5-5-5-1-4-0	3-1-4-2-5-5-2-5-5-4-1-1
992	4	4-4-3-4-4-4-4-4-3-4-3-3	3-5-4-3-6-5-3-5-3-4-3-3	3-3-3-1-1-3-5-3-5-3-5-5	3-3-5-3-1-3-5-6-4-6-4-3	1-2-3-1-3-5-5-3-5-5-3-1	5-5-2-3-3-1-2-1-5-4-2-2	3-5-4-3-3-4-3-3-4-2-4-5	4-1-1-2-1-3-3-2-1-2-3-3	4-3-3-1-2-3-6-3-5-4-1-4	3-1-4-7-3-2-1-2-3-3-3-1	3-1-3-6-3-3-3-3-0-1-3-1	6-1-3-4-3-1-2-3-3-3-4-1
992	5	6-7-5-7-5-5-5-5-5-5-5-5	5-4-4-6-6-4-6-6-6-5-7-6	5-6-3-7-6-4-4-6-4-6-4-5	6-3-4-6-6-6-4-1-5-4-6-5	5-3-5-6-3-6-6-6-5-4-3-6	4-5-6-7-5-1-6-5-4-2-2-6	5-4-5-5-7-5-3-6-5-5-6-4	3-5-3-6-6-3-7-6-5-3-3-3	3-0-6-6-6-6-3-6-2-5-6-3	3-6-5-2-6-1-6-2-3-5-6-1	3-1-3-3-3-3-3-3-3-6-5-5	3-5-5-6-3-3-6-3-3-5-6-2
992	6	5-6-5-5-5-7-7-5-6-6-5-7	7-4-4-5-6-6-7-5-5-5-5-5	3-5-3-7-5-4-5-5-5-6-6-5	5-4-6-5-5-5-7-5-5-4-5-7	5-3-5-5-6-5-7-5-6-6-5-5	7-5-5-7-6-1-5-5-4-6-2-5	2-4-4-5-7-5-3-7-6-6-5-4	6-5-5-5-5-3-2-5-5-6-5-3	6-6-6-5-5-5-4-5-7-4-5-3	7-5-6-4-5-1-5-2-7-5-5-1	5-6-3-6-6-7-3-5-6-5-6-6	4-5-5-5-6-2-5-3-5-3-5-1
992	7	7-5-5-5-7-6-6-7-5-5-5-6	6-7-7-5-7-7-6-7-6-7-5-6	7-7-7-5-7-7-7-6-7-7-6-7	6-7-7-7-7-7-6-7-4-7-7-6	1-3-7-7-7-7-6-7-7-7-5-5	6-7-7-7-7-7-7-7-7-7-7-7	6-7-7-7-5-7-7-7-7-5-4-7	7-7-7-6-7-3-5-1-5-6-3-4	6-7-7-5-1-7-7-5-7-4-5-3	5-3-7-4-7-1-7-2-6-7-5-7	3-1-2-3-2-6-3-3-3-7-7-7	7-6-6-2-3-7-7-3-7-7-5-7
993	0	0-0-0-0-0-0-0-0-0-0-0-0	0-0-0-0-0-0-0-0-0-0-0-0	0-0-0-0-0-0-0-0-0-0-0-0	0-0-0-0-0-0-0-0-0-0-0-0	0-0-0-0-0-0-0-0-0-0-0-0	0-0-0-0-0-0-0-0-0-0-0-0	0-0-0-0-0-0-0-0-0-0-0-0	0-0-0-0-0-0-0-0-0-0-0-0	0-0-0-0-0-0-0-0-0-0-0-0	0-0-0-0-0-0-0-0-0-0-0-0	0-0-0-0-0-0-0-0-0-0-0-0	0-0-0-0-0-0-0-0-0-0-0-0
993	1	1-1-1-1-1-1-1-1-1-1-1-1	1-0-0-1-0-0-0-2-0-1-2-2	0-3-0-3-2-1-2-2-0-2-2-2	2-0-2-2-2-2-0-1-2-1-1-0	1-0-1-0-0-2-2-2-1-0-0-2	2-0-2-0-0-3-2-1-1-1-3-0	3-3-1-0-2-0-2-2-1-1-3-1	1-3-3-2-3-1-2-3-1-0-0-0	1-0-0-2-3-1-0-2-1-1-1-1	3-3-0-2-2-3-0-1-2-0-0-3	0-1-0-1-0-0-0-0-0-1-1-1	0-2-1-0-0-1-3-0-1-2-1-1
993	2	2-4-1-1-2-2-2-2-2-2-2-1	2-3-2-1-3-2-1-3-3-3-1-3	3-3-0-2-1-1-3-3-0-1-3-3	1-0-3-1-1-1-0-1-3-3-3-0	2-0-2-3-1-1-3-1-3-2-0-1	1-5-3-0-2-1-3-1-2-2-6-2	1-1-2-2-1-2-3-1-2-2-4-3	2-2-3-1-1-3-6-2-2-2-0-0	2-0-3-1-2-2-0-1-3-2-1-3	3-1-2-3-1-1-3-2-1-3-0-1	0-1-3-5-0-3-0-0-3-1-1-2	0-1-1-3-0-0-1-0-0-1-4-1
993	3	3-3-3-4-3-2-3-2-3-3-2-4	3-2-2-1-2-3-3-4-2-2-4-4	4-4-3-1-3-1-2-4-4-1-2-2	3-3-3-4-1-1-4-4-2-2-2-3	1-3-3-2-5-1-2-4-2-0-3-3	1-1-2-3-3-1-2-1-2-2-1-3	4-1-2-3-4-1-2-3-3-2-7-2	3-1-5-2-1-5-1-1-1-3-5-6	5-5-2-1-1-3-7-5-2-3-1-2	5-1-2-2-2-1-2-2-4-2-5-1	5-1-5-2-5-5-6-5-2-1-4-3	3-1-3-2-5-3-1-3-7-6-2-1
993	4	4-5-5-3-5-5-4-6-6-5-5-5	5-5-4-3-6-6-5-5-5-5-3-5	4-4-5-5-7-5-3-5-5-5-4-5	5-4-5-5-1-4-5-6-4-5-4-4	6-3-5-6-3-4-5-4-4-5-5-7	4-5-5-5-3-5-4-4-4-4-2-5	3-5-4-4-3-4-2-5-4-6-2-4	4-4-4-4-4-6-4-5-4-4-6-7	4-4-4-4-6-5-4-4-6-6-4-4	4-4-4-6-4-4-4-4-3-6-7-4	4-7-3-4-7-7-4-4-7-7-5-5	5-4-4-7-4-5-4-3-3-4-2-7
993	5	4-4-4-7-4-4-4-4-4-4-4-4	4-4-4-6-4-4-6-4-4-4-7-4	4-6-4-4-6-4-6-4-4-4-4-6	6-3-4-4-6-6-4-4-6-4-6-3	4-3-4-6-3-5-6-6-5-4-4-6	4-4-6-5-5-4-6-5-4-2-2-5	5-4-4-3-5-5-2-6-4-7-6-5	4-6-3-6-6-3-7-6-6-3-3-3	3-3-6-6-4-4-3-3-4-4-6-4	7-6-2-4-6-5-6-4-1-3-3-6	6-4-3-2-3-4-3-3-3-6-4-4	4-6-5-6-3-4-6-3-6-4-6-4
993	6	4-7-4-4-4-7-4-4-4-4-4-7	4-4-4-5-4-4-5-5-4-4-5-5	7-5-5-4-5-4-5-4-4-4-7-5	5-6-6-4-5-5-7-4-5-4-5-7	4-3-5-5-6-5-7-5-6-6-4-5	4-5-5-7-6-4-5-5-6-6-2-6	5-4-4-6-6-6-2-5-6-4-5-4	6-5-4-5-5-4-2-5-5-4-4-3	6-6-6-5-6-4-4-5-4-4-5-4	5-5-2-4-5-1-5-4-7-4-3-5	5-6-3-4-6-4-3-5-6-5-4-6	4-5-7-5-6-4-5-3-5-3-5-4
993	7	7-6-5-5-4-6-4-7-4-4-4-6	4-4-7-5-7-4-5-7-7-7-5-5	7-7-7-4-7-4-7-4-4-7-6-7	5-7-7-7-7-7-6-7-7-7-7-6	4-3-7-7-7-7-6-7-7-7-5-7	4-7-7-6-7-7-7-7-7-7-7-6	3-7-7-7-4-7-7-7-7-5-3-4	7-5-7-6-7-4-5-5-5-4-3-4	3-6-7-7-1-7-3-3-7-4-5-4	5-3-2-7-7-5-7-6-6-7-6-7	3-4-4-4-4-4-3-3-4-4-7-7	7-6-6-4-6-7-7-3-7-7-5-4
994	0	0-0-0-0-0-0-0-0-0-0-0-0	0-0-0-0-0-0-0-0-0-0-0-0	0-0-0-0-0-0-0-0-0-0-0-0	0-0-0-0-0-0-0-0-0-0-0-0	0-0-0-0-0-0-0-0-0-0-0-0	0-0-0-0-0-0-0-0-0-0-0-0	0-0-0-0-0-0-0-0-0-0-0-0	0-0-0-0-0-0-0-0-0-0-0-0	0-0-0-0-0-0-0-0-0-0-0-0	0-0-0-0-0-0-0-0-0-0-0-0	0-0-0-0-0-0-0-0-0-0-0-0	0-0-0-0-0-0-0-0-0-0-0-0
994	1	1-1-1-1-1-1-1-2-1-1-2-2	2-2-1-1-2-2-1-2-1-1-2-2	1-2-2-2-2-2-2-2-3-1-2-2	2-1-2-2-1-2-2-2-2-2-1-2	2-2-1-2-1-1-2-1-1-2-3-1	2-2-2-2-2-2-1-2-2-1-4-2	1-2-2-1-2-1-0-2-1-2-0-1	2-1-1-1-1-2-1-2-1-1-3-3	1-3-2-1-1-2-2-1-2-2-1-2	3-1-2-2-1-1-6-2-0-3-2-1	4-2-1-1-1-2-2-1-1-1-2-1	2-1-1-1-1-1-1-2-4-1-4-1
994	2	1-1-1-2-1-1-1-1-1-1-1-1	1-1-1-3-3-1-2-1-1-1-1-1	1-2-1-1-5-1-3-1-1-3-1-3	3-3-1-3-3-3-1-1-3-1-2-1	1-1-1-1-3-3-3-3-1-1-1-5	1-1-3-3-1-5-3-1-1-1-0-2	3-1-1-1-3-2-2-3-1-1-3-3	1-5-4-3-3-1-2-8-5-1-7-0	2-1-3-3-8-1-1-3-1-1-2-1	1-5-1-1-3-2-1-1-3-1-1-3	1-1-0-1-1-1-1-0-1-3-1-1	1-3-2-1-1-1-5-1-2-2-2-1
994	3	1-3-1-2-1-1-1-1-1-1-1-1	1-4-3-2-2-1-2-2-1-1-2-1	2-2-1-1-4-1-2-1-1-2-1-2	2-4-3-2-2-2-1-1-2-4-4-1	4-1-2-3-2-4-2-2-4-4-1-2	4-3-5-2-3-2-4-1-4-3-7-3	7-1-1-1-2-3-5-2-1-3-2-2	1-2-1-2-2-1-3-4-2-3-1-1	2-1-2-2-3-1-7-2-1-3-2-3	1-2-1-4-2-2-1-1-2-1-1-2	7-1-8-3-7-1-4-3-0-2-1-2	1-2-2-0-2-1-2-1-7-7-6-1
994	4	5-4-5-8-5-5-5-4-5-5-5-5	5-3-3-2-5-5-5-4-5-5-5-6	7-5-5-7-4-5-5-6-5-5-5-5	5-5-5-5-5-5-5-5-3-4-5-5	3-8-5-6-5-3-5-5-3-4-5-8	4-5-3-5-6-6-3-5-3-3-3-4	8-2-4-6-5-4-3-5-4-8-6-2	6-2-6-2-2-5-5-3-2-7-6-6	6-6-5-5-2-6-6-2-7-5-3-5	5-8-4-3-5-2-4-5-5-6-6-2	6-2-5-5-5-6-6-6-5-8-5-4	7-5-5-5-5-1-2-7-5-5-4-2
994	5	4-8-4-8-4-5-4-4-4-4-4-4	4-7-6-4-4-4-4-7-4-4-4-4	4-4-4-2-2-4-6-4-4-4-6-6	4-4-4-4-4-4-4-4-6-7-4-4	7-4-4-2-4-6-6-4-6-5-4-2	4-6-3-4-4-2-6-4-5-5-3-5	3-6-6-4-4-5-3-4-5-5-2-2	5-2-4-5-2-4-7-5-2-5-2-4	5-4-4-4-5-4-4-2-6-4-2-4	4-2-5-6-4-2-2-4-4-4-4-2	7-6-4-4-4-4-4-4-4-2-4-5	4-2-4-4-4-1-2-4-4-4-3-4
994	6	6-6-8-6-4-6-4-7-6-4-4-7	4-3-5-7-7-4-7-7-7-4-7-4	4-7-4-7-7-4-5-4-4-7-5-5	7-4-5-6-7-7-4-7-7-5-7-4	7-4-4-7-4-7-7-7-5-4-4-7	1-6-7-6-4-4-5-4-5-3-3-6	5-5-5-4-5-6-3-5-5-5-7-6	4-7-4-7-2-4-5-7-6-4-4-4	4-4-5-7-2-4-4-7-4-6-7-4	4-7-6-5-7-2-1-4-6-4-4-2	4-6-4-4-1-4-4-4-4-6-5-6	4-6-6-6-4-4-6-4-4-4-7-1
994	7	6-5-6-6-6-6-4-6-6-4-4-8	4-5-5-6-4-4-6-6-6-4-6-6	4-6-4-6-6-7-6-8-8-6-7-6	6-7-7-6-6-6-4-6-6-5-6-8	6-4-4-6-7-6-6-6-7-7-6-6	8-8-6-8-4-8-6-6-7-5-3-7	8-5-3-7-7-7-5-8-7-5-6-6	4-6-4-6-2-4-5-6-6-4-2-7	7-4-5-7-7-1-7-7-4-5-6-4	7-7-7-4-6-2-8-8-8-4-6-7	5-7-7-1-3-8-4-7-4-7-7-7	4-7-7-6-4-7-7-4-3-3-6-7
994	8	8-5-6-4-8-8-4-8-7-4-4-7	4-8-8-6-8-8-6-8-8-8-6-7	8-7-8-7-8-8-7-7-7-8-8-8	6-8-6-8-8-8-4-8-7-8-8-7	6-4-8-8-8-8-7-8-8-8-6-4	7-8-8-4-8-7-8-8-8-8-3-8	7-8-8-8-7-8-8-8-8-8-4-8	8-8-8-7-8-7-6-2-2-5-4-4	6-4-8-7-2-8-8-7-8-1-6-3	7-4-8-8-8-2-8-7-7-8-4-8	4-1-3-5-3-7-4-4-4-4-8-7	4-7-7-1-4-8-8-4-8-8-7-7
995	0	0-0-0-0-0-0-0-0-0-0-0-0	0-0-0-0-0-0-0-0-0-0-0-0	0-0-0-0-0-0-0-0-0-0-0-0	0-0-0-0-0-0-0-0-0-0-0-0	0-0-0-0-0-0-0-0-0-0-0-0	0-0-0-0-0-0-0-0-0-0-0-0	0-0-0-0-0-0-0-0-0-0-0-0	0-0-0-0-0-0-0-0-0-0-0-0	0-0-0-0-0-0-0-0-0-0-0-0	0-0-0-0-0-0-0-0-0-0-0-0	0-0-0-0-0-0-0-0-0-0-0-0	0-0-0-0-0-0-0-0-0-0-0-0
995	1	1-1-1-1-1-1-1-1-1-1-1-1	0-0-0-1-0-1-0-2-0-1-0-0	0-2-0-4-2-3-2-0-0-3-0-2	2-0-0-2-2-2-0-2-1-0-1-4	1-0-1-2-0-1-2-2-1-0-0-2	1-0-2-0-1-2-2-3-1-1-3-2	2-3-1-0-2-1-1-2-1-1-1-2	1-3-1-1-1-1-2-1-1-0-0-0	1-0-0-3-3-6-0-3-0-1-1-2	6-1-0-0-2-1-2-1-2-0-0-3	0-1-0-0-0-1-0-1-0-1-2-1	0-2-1-0-0-1-2-0-1-1-1-3
995	2	2-2-2-2-2-2-2-2-2-2-3-3	1-3-2-1-2-1-0-1-3-2-1-3	1-1-2-1-1-1-1-4-0-1-3-1	1-2-2-1-1-1-4-1-3-4-3-1	1-0-1-1-3-1-3-1-2-2-4-1	1-0-3-6-2-1-3-1-3-2-2-4	1-1-2-3-1-2-3-1-2-2-0-3	2-0-1-1-1-3-5-3-1-2-2-3	3-0-1-1-2-3-2-1-3-2-1-1	3-1-2-3-1-3-3-2-1-3-0-1	5-1-0-2-6-3-0-5-3-1-1-2	2-1-1-3-2-0-1-0-1-3-4-6
995	3	3-2-1-2-2-2-3-2-3-3-2-2	3-2-2-3-1-3-5-4-4-2-4-4	5-4-5-1-3-1-4-5-4-1-2-3	4-3-3-4-1-1-4-1-2-2-2-5	1-5-3-3-4-2-4-3-3-2-3-6	1-4-2-3-4-4-2-1-2-2-1-2	4-1-2-3-3-3-2-4-3-2-4-2	2-1-4-2-2-2-4-2-4-3-3-4	4-0-4-1-1-4-4-1-2-3-1-4	4-6-3-2-3-2-2-2-4-2-4-1	4-1-6-2-3-4-4-4-4-1-2-6	4-1-4-2-4-4-1-4-4-5-1-1
995	4	4-5-6-6-4-4-4-3-4-4-4-4	3-5-2-5-4-5-3-5-3-5-5-5	1-5-5-1-5-5-5-5-3-5-4-5	5-3-4-5-5-5-6-4-5-5-5-1	5-3-5-3-5-4-5-5-3-4-5-5	5-3-5-4-3-3-5-4-2-2-4-5	3-5-2-3-5-4-5-3-4-2-5-6	4-5-3-5-5-3-3-5-3-3-3-3	3-6-3-5-5-3-3-5-2-3-5-3	3-5-4-5-3-3-2-4-3-5-3-1	3-1-3-2-0-3-3-3-3-1-4-4	3-3-3-4-3-3-5-3-3-3-2-4
995	5	4-6-4-5-4-6-6-6-6-5-4-6	6-4-2-4-4-4-3-4-3-4-4-4	3-4-4-6-4-4-4-4-4-4-6-4	4-3-3-4-4-4-6-4-4-4-4-6	4-3-4-4-4-4-6-4-3-5-4-4	4-6-4-5-3-1-4-4-5-5-2-4	6-4-2-5-4-5-4-4-5-2-4-4	5-4-1-4-4-5-2-4-3-3-4-3	5-5-5-4-4-4-4-4-5-4-4-3	5-4-5-2-3-4-4-6-5-5-3-1	2-5-3-5-2-5-3-2-5-1-2-5	6-6-3-4-5-5-4-3-1-3-4-4
995	6	6-5-4-4-6-5-5-6-5-4-5-5	5-6-6-3-6-6-3-4-5-6-4-4	6-6-6-5-6-4-6-5-6-6-5-6	5-6-6-6-6-4-5-6-6-6-6-5	4-3-6-6-5-6-5-6-6-6-4-3	5-6-6-6-6-6-6-6-6-6-6-6	5-6-6-6-4-6-6-6-6-6-6-4	6-6-6-4-6-5-6-4-1-3-2-6	5-6-6-5-1-6-6-4-6-4-4-4	1-3-6-6-6-1-6-6-6-6-3-6	3-1-3-5-3-5-3-3-3-6-6-6	5-5-3-2-3-6-6-3-6-6-2-2
996	0	0-0-0-0-0-0-0-0-0-0-0-0	0-0-0-0-0-0-0-0-0-0-0-0	0-0-0-0-0-0-0-0-0-0-0-0	0-0-0-0-0-0-0-0-0-0-0-0	0-0-0-0-0-0-0-0-0-0-0-0	0-0-0-0-0-0-0-0-0-0-0-0	0-0-0-0-0-0-0-0-0-0-0-0	0-0-0-0-0-0-0-0-0-0-0-0	0-0-0-0-0-0-0-0-0-0-0-0	0-0-0-0-0-0-0-0-0-0-0-0	0-0-0-0-0-0-0-0-0-0-0-0	0-0-0-0-0-0-0-0-0-0-0-0
996	1	1-1-1-1-1-1-1-1-1-1-1-1	0-0-0-1-1-1-0-2-0-1-0-0	2-2-0-3-2-1-1-2-0-2-1-2	2-0-0-1-2-2-0-1-1-1-1-0	1-0-1-0-2-1-2-2-1-0-0-2	2-3-2-0-1-3-2-1-1-1-1-2	1-1-1-0-2-1-0-2-3-1-2-2	1-1-1-2-1-1-0-1-1-0-0-0	1-0-2-2-3-1-0-2-3-1-1-1	0-1-1-2-2-1-2-1-2-0-0-1	3-1-0-3-2-1-3-1-1-1-1-0	2-1-1-1-0-1-1-0-1-1-1-1
996	2	2-2-1-2-2-2-2-2-2-2-2-3	2-3-3-1-1-2-0-1-3-2-3-3	1-1-1-1-1-1-3-1-3-1-3-1	1-2-3-1-1-1-2-1-3-3-3-2	2-0-3-2-1-1-3-1-2-2-4-1	1-0-3-0-2-1-3-1-2-2-2-2	2-1-2-2-1-2-3-1-2-2-1-1	2-3-1-3-3-3-6-0-1-5-2-3	2-1-1-1-2-1-2-1-3-2-3-3	0-1-2-2-1-1-1-2-1-3-0-1	3-1-7-2-1-3-0-3-3-3-1-4	1-1-1-3-3-2-1-0-1-4-1-1
996	3	3-2-3-4-3-3-3-2-3-3-3-2	3-2-2-4-3-2-3-3-2-3-4-4	6-4-5-1-3-4-2-3-2-2-2-3	3-3-4-1-1-1-4-1-2-2-2-3	2-6-2-3-5-1-2-3-3-2-3-3	1-4-2-3-6-1-2-1-2-2-2-3	4-1-2-2-4-3-2-4-1-1-2-1	3-1-5-2-2-2-3-1-2-3-3-6	2-6-4-2-1-3-5-2-1-3-2-2	2-1-2-2-1-1-2-1-4-2-4-1	2-1-3-1-1-2-6-5-2-2-3-3	3-1-3-2-4-1-1-6-1-2-1-1
996	4	4-4-5-3-5-4-4-6-4-5-5-3	5-5-4-3-5-5-3-4-5-5-5-5	4-3-3-7-4-5-4-5-5-5-4-4	5-4-5-4-1-3-5-3-4-5-5-5	5-3-4-5-3-4-4-4-5-4-6-4	4-5-5-5-3-1-5-5-5-4-2-5	7-5-4-2-5-4-2-5-5-5-2-5	4-4-3-4-4-6-5-5-4-4-3-4	4-3-5-4-5-6-2-5-6-4-4-4	4-4-4-5-5-5-5-4-5-5-3-1	6-6-7-5-5-7-4-4-7-4-6-5	5-4-4-7-4-6-6-7-4-2-4-7
996	5	6-5-4-5-4-4-7-6-7-4-6-5	4-4-4-3-4-4-6-6-4-4-6-4	5-6-7-6-6-4-6-4-4-4-6-5	6-3-4-6-6-6-4-6-6-4-6-5	6-4-6-6-3-6-6-6-4-4-6-6	6-5-6-4-4-7-6-4-4-5-2-4	6-4-4-2-4-4-6-6-4-6-6-5	4-6-3-6-6-4-7-6-6-4-6-3	4-3-4-5-6-5-3-6-4-5-6-4	4-4-4-4-6-4-6-4-4-4-6-1	6-4-6-4-4-4-3-4-4-4-4-6	4-4-4-4-4-4-5-3-6-4-6-4
996	6	5-4-5-5-4-4-4-5-4-4-5-7	4-4-4-3-4-4-5-5-4-4-5-5	3-5-5-5-5-6-5-5-5-5-5-5	5-6-6-5-5-5-6-5-5-4-5-3	5-3-5-5-6-5-7-5-6-6-5-5	5-5-5-7-6-7-5-4-6-6-2-6	5-4-4-6-6-6-5-5-6-5-5-5	6-5-3-5-5-4-2-5-7-4-5-3	6-3-6-6-5-4-6-6-4-4-5-4	7-6-6-2-5-1-5-6-7-4-6-1	5-4-5-4-7-4-3-6-4-6-4-6	4-7-4-6-6-4-4-3-5-2-5-4
996	7	7-5-5-5-7-4-5-7-5-5-5-6	4-4-7-3-7-4-5-7-5-7-5-6	3-7-7-4-7-4-6-4-6-7-4-7	6-7-4-7-7-5-6-7-6-7-7-3	5-3-5-7-6-7-6-7-7-7-5-5	4-7-7-6-7-6-7-7-7-7-7-7	4-7-7-7-6-7-7-7-7-7-5-4	7-7-7-6-7-6-5-5-6-4-5-4	6-3-7-6-1-7-7-6-4-4-5-2	6-7-7-7-7-1-5-6-6-7-4-7	4-4-7-4-6-4-4-4-4-4-7-7	4-6-7-4-4-7-7-4-7-7-6-4
997	0	0-0-0-0-0-0-0-0-0-0-0-0	0-0-0-0-0-0-0-0-0-0-0-0	0-0-0-0-0-0-0-0-0-0-0-0	0-0-0-0-0-0-0-0-0-0-0-0	0-0-0-0-0-0-0-0-0-0-0-0	0-0-0-0-0-0-0-0-0-0-0-0	0-0-0-0-0-0-0-0-0-0-0-0	0-0-0-0-0-0-0-0-0-0-0-0	0-0-0-0-0-0-0-0-0-0-0-0	0-0-0-0-0-0-0-0-0-0-0-0	0-0-0-0-0-0-0-0-0-0-0-0	0-0-0-0-0-0-0-0-0-0-0-0
997	1	1-1-1-3-1-1-1-2-1-2-2-2	3-2-1-0-2-2-1-2-1-1-0-2	1-2-2-2-2-1-2-2-2-2-1-2	2-1-2-3-1-0-2-2-1-2-2-1	2-1-1-0-4-1-2-1-2-2-3-1	2-2-2-2-2-2-2-2-2-1-4-2	1-4-1-1-2-4-1-2-1-2-1-1	1-1-1-1-1-2-1-2-1-1-0-1	1-0-2-1-2-3-2-1-2-2-1-2	1-1-2-2-1-1-2-1-2-3-0-1	1-3-4-2-3-2-1-1-4-1-3-2	2-1-1-1-1-3-1-2-1-1-4-1
997	2	1-1-1-1-1-1-1-1-1-1-1-1	1-1-1-4-1-1-1-1-1-1-3-1	1-4-1-1-3-1-1-1-1-1-1-1	3-0-1-1-3-3-1-3-3-1-3-1	1-0-3-3-1-3-3-3-1-1-1-3	1-4-3-1-1-1-3-1-1-1-0-4	3-1-1-1-3-1-2-3-1-1-0-3	1-3-4-3-3-1-7-4-4-0-0-1	2-0-3-3-4-1-1-4-1-2-4-1	1-3-1-1-3-4-1-1-3-1-1-4	6-2-0-1-1-1-0-0-0-2-4-3	1-4-2-1-1-1-4-1-0-2-2-1
997	3	1-4-1-1-1-1-1-1-1-1-1-1	1-4-4-2-1-1-1-4-4-1-2-4	1-2-1-1-2-1-4-5-1-2-4-2	2-1-1-1-2-2-1-2-5-5-4-1	6-0-2-5-2-2-4-2-5-1-1-2	2-1-4-1-3-1-4-3-1-3-6-3	2-2-4-0-2-3-5-2-1-1-0-2	1-2-0-2-2-1-5-2-2-1-1-4	1-0-2-2-5-1-3-2-4-3-2-6	1-2-1-6-2-2-2-1-2-1-0-2	6-1-1-5-1-1-0-0-0-2-1-2	1-2-2-2-1-1-2-1-0-1-3-1
997	4	1-3-1-4-3-3-5-1-1-1-5-5	4-3-3-2-1-1-4-6-1-1-5-5	6-5-6-2-4-5-3-6-5-5-3-4	5-4-5-5-2-2-5-2-3-1-3-0	1-7-2-6-1-2-5-5-6-1-1-0	1-2-3-0-3-2-3-1-1-3-1-2	5-1-3-0-4-1-3-1-1-3-5-2	1-2-5-3-2-5-3-2-2-4-5-6	5-0-5-2-2-1-1-2-3-4-2-5	5-7-1-3-2-2-1-1-5-5-5-2	1-2-6-1-1-5-6-5-1-2-2-4	1-2-2-0-5-1-2-4-5-6-1-1
997	5	6-3-7-7-5-6-7-5-7-5-5-4	4-3-3-6-6-1-6-5-6-1-6-7	5-6-6-7-6-4-6-3-4-6-6-5	6-4-4-4-6-6-4-6-6-6-6-5	5-4-5-3-5-5-6-6-4-5-6-6	6-7-6-5-5-6-6-6-1-5-3-6	6-6-3-4-7-5-3-6-1-5-6-6	1-6-6-6-6-4-3-6-2-5-6-4	4-0-4-6-7-6-1-6-1-6-6-7	7-6-7-6-6-6-6-1-4-4-4-6	6-2-4-3-1-4-4-6-0-6-6-6	1-6-5-6-4-6-5-4-6-2-6-6
997	6	5-7-5-5-5-7-7-7-7-5-5-7	4-3-3-5-5-1-5-4-7-1-5-5	4-5-7-5-5-4-5-7-5-5-7-5	5-6-6-5-5-5-7-5-5-5-5-7	5-4-5-4-5-5-7-5-6-7-5-5	5-5-5-7-6-5-5-5-6-6-3-5	5-5-4-6-7-6-6-5-6-1-5-5	6-5-5-5-5-6-3-5-2-4-5-4	6-6-3-6-5-5-1-5-1-5-5-3	7-5-6-3-5-5-5-1-6-6-6-5	5-6-4-7-7-1-4-6-6-6-6-6	7-7-6-6-6-6-5-4-5-4-5-5
997	7	7-6-5-5-7-6-6-7-6-5-5-6	6-7-7-5-7-7-4-5-7-7-5-5	7-7-7-5-7-7-7-6-4-7-6-7	6-7-7-7-7-7-6-7-6-7-7-6	5-4-7-7-6-6-6-7-7-7-5-5	6-5-7-6-7-7-7-5-7-7-7-6	6-7-7-7-6-7-3-7-7-7-5-5	7-6-5-5-5-5-2-5-2-5-5-4	4-7-7-6-5-7-7-4-7-3-5-5	6-4-7-7-7-5-7-6-6-7-1-7	4-7-7-6-6-1-4-4-1-7-7-7	7-6-4-1-6-7-7-7-7-7-5-1
998	0	0-0-0-0-0-0-0-0-0-0-0-0	0-0-0-0-0-0-0-0-0-0-0-0	0-0-0-0-0-0-0-0-0-0-0-0	0-0-0-0-0-0-0-0-0-0-0-0	0-0-0-0-0-0-0-0-0-0-0-0	0-0-0-0-0-0-0-0-0-0-0-0	0-0-0-0-0-0-0-0-0-0-0-0	0-0-0-0-0-0-0-0-0-0-0-0	0-0-0-0-0-0-0-0-0-0-0-0	0-0-0-0-0-0-0-0-0-0-0-0	0-0-0-0-0-0-0-0-0-0-0-0	0-0-0-0-0-0-0-0-0-0-0-0
998	1	1-1-0-1-1-0-1-1-1-0-0-1	0-2-1-0-0-0-0-2-0-0-0-0	0-0-0-0-1-0-2-2-0-2-2-0	0-0-2-0-0-0-0-0-2-0-2-0	1-0-0-0-0-2-2-0-1-0-0-0	2-0-0-0-0-0-2-0-1-1-1-2	0-1-2-0-0-1-0-0-1-1-0-1	1-1-0-1-1-0-0-2-0-1-0-0	0-0-0-0-0-0-0-2-2-1-1-0	0-0-1-0-0-0-1-1-0-0-4-0	0-0-0-2-0-0-0-0-0-0-1-3	2-1-0-1-2-0-1-0-0-0-0-1
998	2	2-1-2-2-1-2-2-2-2-2-2-3	2-1-1-5-2-0-0-1-0-2-0-3	0-3-0-5-3-3-3-1-0-4-1-3	3-3-3-4-4-3-0-2-3-4-1-0	4-0-2-4-0-3-3-3-3-4-9-3	4-0-3-0-0-4-3-4-1-0-0-1	3-4-1-0-3-0-3-3-2-5-1-4	1-2-3-3-5-3-3-5-9-1-2-0	2-0-3-3-5-3-0-3-1-2-6-2	0-3-1-3-3-2-0-2-3-0-0-2	3-2-0-1-6-3-0-2-3-2-3-1	1-2-2-4-1-3-3-0-2-2-6-2
998	3	3-3-2-3-5-3-2-3-3-2-3-2	2-5-3-2-4-4-0-4-4-3-2-2	2-2-0-2-2-2-4-4-0-2-4-2	2-2-2-2-2-2-5-2-2-3-3-0	2-0-2-2-2-4-4-2-2-3-0-2	2-0-4-0-3-2-2-2-3-3-4-4	5-4-9-0-2-3-2-2-3-4-1-2	3-3-2-4-3-4-2-0-2-4-5-0	4-0-2-2-6-2-5-2-4-2-2-4	0-2-3-5-2-2-4-3-2-4-5-2	2-2-6-6-2-9-0-4-2-2-2-1	3-2-0-9-3-4-4-4-3-4-2-5
998	4	4-4-5-4-4-4-4-4-4-4-4-4	2-5-5-2-6-3-5-3-5-3-0-5	6-4-0-2-2-2-3-6-6-2-5-3	2-2-5-2-2-2-6-2-5-5-3-0	2-0-2-2-0-3-5-4-5-2-3-2	2-0-3-5-5-2-5-2-4-4-3-3	3-3-5-3-2-3-7-5-4-3-5-2	3-4-2-3-4-3-5-8-2-4-6-0	4-0-2-2-4-5-3-7-3-4-5-3	5-2-9-0-3-3-6-6-3-5-1-2	3-7-3-6-2-0-0-4-5-2-5-4	4-2-2-2-7-3-3-3-3-3-4-2
998	5	5-5-5-5-3-6-5-7-5-5-5-6	6-4-4-2-4-4-6-8-6-6-6-7	6-7-7-2-6-3-6-7-6-2-4-6	6-6-6-2-6-6-7-7-4-7-2-7	2-7-6-2-7-8-6-6-4-5-6-6	6-6-7-4-5-2-4-2-1-3-3-3	3-5-4-6-6-5-8-4-4-2-4-7	3-5-3-6-4-5-4-2-5-7-3-0	3-8-6-6-2-5-6-6-3-6-7-4	6-2-7-3-6-6-7-3-6-6-6-2	8-2-5-0-6-8-6-6-6-6-4-4	5-6-5-6-4-5-6-5-6-6-5-3
998	6	6-6-5-6-7-5-5-6-6-5-5-5	5-8-4-5-4-8-5-7-5-5-5-5	5-5-5-2-5-7-7-4-5-7-7-5	5-5-5-2-5-5-4-5-7-5-7-0	2-0-7-2-5-7-7-5-7-6-5-5	5-5-2-0-5-2-7-2-6-6-4-6	8-7-6-5-5-5-7-7-6-7-7-2	6-5-7-5-6-5-2-8-5-6-5-9	8-5-5-5-3-8-5-5-7-5-2-7	5-2-4-3-5-5-4-7-5-5-9-2	7-9-7-3-5-5-5-5-5-5-5-4	5-5-5-5-7-8-5-3-5-7-2-7
998	7	7-6-9-7-6-5-7-7-9-7-7-7	5-6-6-8-6-8-8-8-8-5-9-8	7-5-8-8-8-6-8-8-8-8-6-8	8-5-5-8-8-8-6-5-8-5-8-5	8-5-8-8-5-6-8-5-6-7-8-8	8-5-8-7-6-9-8-8-4-7-4-8	3-6-5-7-5-5-6-7-6-8-8-5	6-8-6-8-8-5-9-8-5-5-8-9	9-0-9-8-8-5-7-8-6-5-8-6	9-7-5-5-8-5-8-6-5-5-7-2	6-4-6-3-7-5-0-7-5-7-4-7	5-8-7-7-9-7-5-5-5-6-7-6
998	8	7-9-7-7-7-9-9-9-9-7-7-9	9-6-6-7-8-7-7-7-7-5-7-9	9-7-7-7-7-6-7-7-7-7-7-7	7-8-8-7-7-7-9-5-7-5-7-9	7-5-7-7-8-7-9-8-8-8-7-7	9-7-7-8-8-2-7-7-8-8-3-7	3-6-8-8-8-8-6-9-8-7-7-5	8-7-6-7-7-5-4-7-5-8-7-0	8-8-8-7-8-6-8-7-6-8-7-4	8-8-4-8-8-6-7-9-8-5-8-2	6-8-9-8-7-9-8-5-8-7-8-8	5-7-7-8-7-6-5-5-4-7-5-6
998	9	9-8-7-7-9-8-8-9-8-7-7-8	8-6-9-7-9-9-8-9-9-9-7-8	9-9-9-9-9-9-7-8-9-9-8-9	7-9-9-7-9-9-8-9-6-9-9-8	7-0-9-9-9-9-8-9-9-9-2-7	8-9-9-8-9-7-9-9-9-9-9-8	8-9-9-9-8-9-6-8-9-9-8-5	9-9-6-7-9-8-7-2-2-5-7-9	7-9-9-9-5-9-9-5-4-3-7-7	7-9-4-9-9-2-9-8-7-9-6-9	0-6-6-8-5-8-4-9-8-9-9-9	9-7-5-5-7-9-9-9-9-9-5-9
999	0	0-0-0-0-0-0-0-0-0-0-0-0	0-0-0-0-0-0-0-0-0-0-0-0	0-0-0-0-0-0-0-0-0-0-0-0	0-0-0-0-0-0-0-0-0-0-0-0	0-0-0-0-0-0-0-0-0-0-0-0	0-0-0-0-0-0-0-0-0-0-0-0	0-0-0-0-0-0-0-0-0-0-0-0	0-0-0-0-0-0-0-0-0-0-0-0	0-0-0-0-0-0-0-0-0-0-0-0	0-0-0-0-0-0-0-0-0-0-0-0	0-0-0-0-0-0-0-0-0-0-0-0	0-0-0-0-0-0-0-0-0-0-0-0
999	1	1-1-1-1-1-1-1-1-1-1-0-1	1-0-1-0-0-1-0-0-0-1-2-0	0-2-0-4-2-0-2-0-0-2-0-2	2-0-0-2-3-2-0-2-1-0-2-0	1-0-2-0-2-1-2-2-1-1-0-2	2-3-2-0-0-3-2-2-1-1-0-3	0-2-1-0-2-0-0-2-1-1-2-3	0-1-1-2-2-0-3-6-2-0-0-0	0-0-2-3-3-1-0-2-0-1-1-2	0-3-0-0-2-3-0-1-2-0-0-1	2-1-0-0-0-1-0-0-0-1-2-0	0-1-1-2-0-0-2-0-0-0-1-3
999	2	2-2-3-2-2-2-2-2-2-2-2-3	1-3-2-1-1-3-1-2-3-2-1-3	3-1-1-2-1-2-3-0-3-1-3-1	1-0-3-1-1-1-4-1-3-3-3-0	1-0-4-2-1-3-3-1-2-2-4-1	1-1-3-0-2-1-3-1-5-2-5-1	4-1-2-6-1-2-3-1-2-2-1-4	2-3-1-1-1-3-4-4-1-2-0-0	2-0-1-1-2-1-2-1-3-2-1-1	0-1-2-3-1-5-3-3-1-3-6-1	1-1-6-3-5-1-0-0-3-1-1-2	5-1-1-3-3-2-3-0-0-3-1-2
999	3	3-2-2-2-2-2-3-2-3-3-3-2	3-2-2-3-0-2-3-5-2-3-4-5	4-4-5-1-3-0-2-4-4-4-2-4	4-3-2-4-1-1-4-5-2-2-2-3	1-5-4-4-4-2-4-4-2-3-4-6	1-1-2-3-3-5-2-1-2-2-1-4	2-1-2-3-4-0-2-4-1-1-4-2	4-2-4-1-1-4-1-1-4-3-3-4	4-0-4-1-1-3-4-4-5-3-1-1	4-1-3-2-4-1-2-2-4-4-3-1	4-1-3-2-4-6-4-4-4-4-4-3	4-1-4-2-4-4-2-5-4-4-1-1
999	4	4-4-6-4-4-2-4-4-4-4-6-5	4-2-2-4-4-4-6-5-5-5-6-3	3-5-5-6-5-5-5-3-3-5-3-5	5-3-2-5-5-5-2-5-5-2-5-5	5-3-5-3-3-5-5-5-3-3-5-5	4-4-5-4-3-3-5-5-2-4-2-3	4-4-2-5-3-4-3-5-2-4-5-5	4-5-3-5-5-3-6-5-3-3-5-3	3-0-3-5-5-3-3-3-3-3-5-2	3-5-3-2-5-3-5-2-3-3-5-1	3-4-5-2-3-3-3-3-5-5-3-4	3-5-3-5-5-3-5-3-3-3-5-4
999	5	4-6-4-6-4-6-6-6-5-5-5-6	3-2-2-4-5-5-3-4-4-4-4-6	3-4-4-4-4-4-4-4-4-4-6-4	4-5-5-4-4-4-6-4-4-2-4-4	4-3-4-3-5-4-6-4-5-5-4-4	4-5-4-6-5-3-4-4-5-5-2-5	6-4-2-4-4-5-5-4-5-5-4-4	5-4-3-4-4-4-5-4-4-5-4-3	5-5-5-4-4-5-3-3-3-3-4-1	3-4-5-4-4-2-4-6-6-3-4-1	4-5-4-2-2-5-3-3-4-4-5-5	2-4-6-4-4-3-4-3-4-3-4-1
999	6	6-5-4-5-6-5-5-6-5-5-4-5	5-6-6-4-6-6-4-6-4-6-4-5	6-6-6-4-6-6-6-5-6-6-5-6	5-6-6-6-6-6-5-6-5-6-6-5	4-3-6-6-6-5-5-6-6-6-4-6	5-6-6-5-6-6-6-6-6-6-6-5	5-6-6-2-4-6-6-4-6-6-4-6	6-6-6-4-6-4-4-1-4-6-3-3	3-6-6-5-4-6-6-3-6-3-4-6	3-6-6-6-6-6-4-5-5-6-3-6	3-6-2-6-2-3-3-3-6-6-6-6	6-2-5-3-4-6-6-3-3-6-4-6